SubmitTime,StartTime,EndTime,QueuedTime,RunTime,NodesRequested,walltime,bslowdown
353,4503,9669,4150,5166,2,14400,1.80332946187
1033,4514,9777,3481,5263,2,14400,1.6614098423
1129,4561,9587,3432,5026,2,14400,1.68284918424
1144,4619,10254,3475,5635,2,14400,1.61668145519
2572,2756,2766,184,10,1,900,19.4
2589,11674,11993,9085,319,28,9960,29.4796238245
5865,5871,11573,6,5702,2,14400,1.00105226236
5867,5877,11479,10,5602,2,14400,1.00178507676
6554,6560,12022,6,5462,2,14400,1.00109849872
7080,7086,11499,6,4413,2,14400,1.00135961931
7211,7217,12823,6,5606,2,14400,1.00107028184
7226,7232,12639,6,5407,2,14400,1.00110967265
7377,7384,12644,7,5260,2,14400,1.00133079848
7408,7414,13240,6,5826,2,14400,1.00102986612
7426,7433,12794,7,5361,2,14400,1.00130572654
7487,7493,12985,6,5492,2,14400,1.00109249818
7527,7533,12857,6,5324,2,14400,1.0011269722
7548,7554,12894,6,5340,2,14400,1.00112359551
7701,7708,13182,7,5474,2,14400,1.00127877238
7778,7784,13457,6,5673,2,14400,1.00105764146
7780,7790,13731,10,5941,2,14400,1.00168321831
7781,7795,13027,14,5232,2,14400,1.00267584098
7867,7873,13866,6,5993,2,14400,1.00100116803
7908,7915,13815,7,5900,2,14400,1.00118644068
7924,7930,13412,6,5482,2,14400,1.00109449106
8000,8006,13238,6,5232,2,14400,1.00114678899
8041,8047,13158,6,5111,2,14400,1.00117393856
8055,8062,12740,7,4678,2,14400,1.00149636597
8082,8088,14017,6,5929,2,14400,1.00101197504
8107,8113,13089,6,4976,2,14400,1.00120578778
8124,8130,13164,6,5034,2,14400,1.00119189511
8125,8136,13544,11,5408,2,14400,1.00203402367
8141,8147,13378,6,5231,2,14400,1.00114700822
8142,8153,13692,11,5539,2,14400,1.00198591804
8160,8166,13111,6,4945,2,14400,1.00121334681
8175,8181,14242,6,6061,2,14400,1.00098993565
8194,8200,13875,6,5675,2,14400,1.00105726872
8261,8266,13135,5,4869,2,14400,1.00102690491
8276,8282,14218,6,5936,2,14400,1.00101078167
8307,8313,13684,6,5371,2,14400,1.00111711041
8308,8319,13315,11,4996,2,14400,1.00220176141
8324,8330,13989,6,5659,2,14400,1.001060258
8346,8352,13345,6,4993,2,14400,1.00120168236
8422,8429,13667,7,5238,2,14400,1.00133638793
8655,8660,13551,5,4891,2,14400,1.00102228583
8656,8666,13823,10,5157,2,14400,1.00193911189
8657,8671,14730,14,6059,2,14400,1.00231061231
8740,8746,8747,6,1,2,3540,1.0
8823,8829,13090,6,4261,2,14400,1.00140812016
8876,8882,14092,6,5210,2,14400,1.00115163148
8950,8956,14254,6,5298,2,14400,1.00113250283
8994,9000,14511,6,5511,2,14400,1.00108873163
9025,9031,15198,6,6167,2,14400,1.00097292038
9186,9192,15499,6,6307,2,14400,1.00095132393
9265,9271,9439,6,168,1,3600,1.03571428571
9314,9320,15056,6,5736,2,14400,1.0010460251
9364,9370,14622,6,5252,2,14400,1.00114242193
9401,9408,14554,7,5146,2,14400,1.00136027983
9573,9579,14815,6,5236,2,14400,1.00114591291
9589,9595,15046,6,5451,2,14400,1.00110071547
9591,9601,14770,10,5169,2,14400,1.00193461018
9618,9624,9957,6,333,1,3600,1.01801801802
9670,9676,14740,6,5064,2,14400,1.00118483412
9706,9713,15095,7,5382,2,14400,1.00130063174
9777,9783,14383,6,4600,2,14400,1.00130434783
10037,10043,15521,6,5478,2,14400,1.00109529025
10093,10099,15184,6,5085,2,14400,1.001179941
10260,10266,15714,6,5448,2,14400,1.00110132159
10316,10322,11088,6,766,1,3600,1.00783289817
11485,11492,17597,7,6105,2,14400,1.00114660115
11501,11507,16683,6,5176,2,14400,1.00115919629
11575,11581,16270,6,4689,2,14400,1.00127959053
11990,11997,12016,7,19,1,900,1.36842105263
12009,12016,12365,7,349,28,9960,1.02005730659
12024,12030,17579,6,5549,2,14400,1.00108127591
12286,12293,12402,7,109,1,3600,1.06422018349
12363,12369,12380,6,11,1,900,1.54545454545
12380,12386,12705,6,319,28,9960,1.01880877743
12574,12581,12919,7,338,1,3600,1.02071005917
12644,12650,18361,6,5711,2,14400,1.0010506041
12660,12666,17979,6,5313,2,14400,1.00112930548
12701,12707,12718,6,11,1,900,1.54545454545
12718,12724,13034,6,310,28,9960,1.01935483871
12739,12745,18556,6,5811,2,14400,1.00103252452
12794,12800,18744,6,5944,2,14400,1.00100942127
12814,12820,12992,6,172,1,3600,1.03488372093
12826,12832,18214,6,5382,2,14400,1.0011148272
12859,12865,18258,6,5393,2,14400,1.00111255331
12896,12902,18591,6,5689,2,14400,1.0010546669
12984,12990,18668,6,5678,2,14400,1.00105671011
13030,13036,18619,6,5583,2,14400,1.00107469103
13030,13041,13054,11,13,1,900,1.84615384615
13046,13053,13378,7,325,28,9960,1.02153846154
13089,13095,18655,6,5560,2,14400,1.00107913669
13090,13101,19070,11,5969,2,14400,1.00184285475
13118,13124,18734,6,5610,2,14400,1.00106951872
13137,13143,18497,6,5354,2,14400,1.00112065745
13158,13165,18707,7,5542,2,14400,1.00126308192
13159,13170,13524,11,354,1,3600,1.03107344633
13174,13180,18267,6,5087,2,14400,1.0011794771
13190,13196,18371,6,5175,2,14400,1.00115942029
13240,13246,18933,6,5687,2,14400,1.00105503781
13241,13254,19216,13,5962,2,14400,1.00218047635
13318,13324,18872,6,5548,2,14400,1.0010814708
13345,13352,18981,7,5629,2,14400,1.00124356014
13376,13382,13407,6,25,1,900,1.24
13380,13389,19158,9,5769,2,14400,1.0015600624
13395,13401,13982,6,581,1,3600,1.01032702238
13401,13407,13728,6,321,28,9960,1.01869158879
13412,13418,19066,6,5648,2,14400,1.00106232295
13460,13466,18749,6,5283,2,14400,1.00113571834
13543,13549,18994,6,5445,2,14400,1.00110192837
13558,13564,19188,6,5624,2,14400,1.00106685633
13668,13674,19237,6,5563,2,14400,1.00107855474
13686,13693,19128,7,5435,2,14400,1.00128794848
13702,13708,18482,6,4774,2,14400,1.00125680771
13723,13729,13745,6,16,1,900,1.375
13733,13739,19052,6,5313,2,14400,1.00112930548
13742,13748,14056,6,308,28,9960,1.01948051948
13816,13822,18849,6,5027,2,14400,1.0011935548
13832,13838,19172,6,5334,2,14400,1.00112485939
13869,13876,19770,7,5894,2,14400,1.00118764846
13885,13891,19571,6,5680,2,14400,1.00105633803
13896,13902,14716,6,814,1,3600,1.00737100737
13993,13999,19865,6,5866,2,14400,1.0010228435
14015,14021,19258,6,5237,2,14400,1.0011456941
14054,14060,14072,6,12,1,900,1.5
14075,14081,14396,6,315,28,9960,1.01904761905
14092,14098,19842,6,5744,2,14400,1.00104456825
14219,14225,19439,6,5214,2,14400,1.00115074799
14244,14250,19676,6,5426,2,14400,1.00110578695
14260,14265,20182,5,5917,2,14400,1.00084502282
14384,14390,19300,6,4910,2,14400,1.00122199593
14393,14399,14414,6,15,1,900,1.4
14410,14416,14760,6,344,28,9960,1.01744186047
14514,14520,19761,6,5241,2,14400,1.00114481969
14554,14560,21023,6,6463,2,14400,1.00092836144
14625,14631,19519,6,4888,2,14400,1.00122749591
14732,14738,20029,6,5291,2,14400,1.00113400113
14748,14755,20185,7,5430,2,14400,1.00128913444
14758,14765,14796,7,31,1,900,1.22580645161
14776,14781,20643,5,5862,2,14400,1.00085295121
14787,14794,15117,7,323,28,9960,1.02167182663
14816,14822,20221,6,5399,2,14400,1.00111131691
15047,15053,20489,6,5436,2,14400,1.00110375276
15062,15068,20749,6,5681,2,14400,1.00105615209
15098,15104,20968,6,5864,2,14400,1.00102319236
15116,15122,15151,6,29,1,900,1.20689655172
15140,15146,15471,6,325,28,9960,1.01846153846
15186,15192,20801,6,5609,2,14400,1.0010697094
15206,15212,20417,6,5205,2,14400,1.00115273775
15468,15474,15491,6,17,1,900,1.35294117647
15488,15494,15765,6,271,28,9960,1.0221402214
15502,15508,21269,6,5761,2,14400,1.00104148585
15523,15530,20999,7,5469,2,14400,1.00127994149
15718,15724,21200,6,5476,2,14400,1.00109569028
15762,15768,15781,6,13,1,900,1.46153846154
15778,15784,16097,6,313,28,9960,1.01916932907
15936,15942,16056,6,114,1,3600,1.05263157895
16089,16095,16111,6,16,1,900,1.375
16109,16116,16452,7,336,28,9960,1.02083333333
16226,16232,16558,6,326,1,3600,1.01840490798
16275,16281,21113,6,4832,2,14400,1.00124172185
16450,16456,16499,6,43,1,900,1.13953488372
16478,16484,16809,6,325,28,9960,1.01846153846
16552,16558,16687,6,129,1,1800,1.04651162791
16683,16690,22386,7,5696,2,14400,1.00122893258
16806,16812,16830,6,18,1,900,1.33333333333
16823,16829,17172,6,343,28,9960,1.01749271137
16974,16980,17114,6,134,1,1800,1.0447761194
16989,16995,17587,6,592,1,3600,1.01013513514
17168,17175,17191,7,16,1,900,1.4375
17187,17193,17565,6,372,28,9960,1.01612903226
17563,17570,17585,7,15,1,900,1.46666666667
17581,17587,17921,6,334,28,9960,1.01796407186
17584,17593,22608,9,5015,2,14400,1.00179461615
17599,17605,22867,6,5262,2,14400,1.00114025086
17784,17790,18304,6,514,1,1800,1.01167315175
17918,17924,17945,6,21,1,900,1.28571428571
17942,17948,18263,6,315,28,9960,1.01904761905
17980,17986,23890,6,5904,2,14400,1.00101626016
18214,18221,24045,7,5824,2,14400,1.00120192308
18257,18268,18283,11,15,1,900,1.73333333333
18257,18263,23296,6,5033,2,14400,1.00119213193
18273,18279,24232,6,5953,2,14400,1.00100789518
18275,18285,18632,10,347,28,9960,1.0288184438
18364,18370,24091,6,5721,2,14400,1.0010487677
18379,18385,23769,6,5384,2,14400,1.00111441308
18482,18489,23889,7,5400,2,14400,1.0012962963
18498,18504,23894,6,5390,2,14400,1.00111317254
18560,18566,23818,6,5252,2,14400,1.00114242193
18591,18597,24588,6,5991,2,14400,1.00100150225
18622,18628,24498,6,5870,2,14400,1.00102214651
18630,18636,18675,6,39,1,900,1.15384615385
18654,18660,19029,6,369,28,9960,1.0162601626
18659,18666,23938,7,5272,2,14400,1.00132776935
18674,18681,24770,7,6089,2,14400,1.00114961406
18715,18722,24627,7,5905,2,14400,1.00118543607
18736,18742,23796,6,5054,2,14400,1.00118717847
18752,18758,24493,6,5735,2,14400,1.0010462075
18753,18764,23705,11,4941,2,14400,1.00222626999
18849,18855,23389,6,4534,2,14400,1.0013233348
18875,18881,23805,6,4924,2,14400,1.00121852153
18934,18940,24520,6,5580,2,14400,1.00107526882
18979,18985,24291,6,5306,2,14400,1.00113079533
18995,19002,24384,7,5382,2,14400,1.00130063174
19024,19030,19059,6,29,1,900,1.20689655172
19046,19053,19452,7,399,28,9960,1.01754385965
19055,19061,25109,6,6048,2,14400,1.00099206349
19072,19078,24551,6,5473,2,14400,1.00109629088
19073,19084,24935,11,5851,2,14400,1.00188002051
19134,19140,24733,6,5593,2,14400,1.00107276953
19158,19164,24762,6,5598,2,14400,1.00107181136
19173,19179,26020,6,6841,2,14400,1.00087706476
19194,19200,24480,6,5280,2,14400,1.00113636364
19220,19226,24946,6,5720,2,14400,1.00104895105
19240,19247,24737,7,5490,2,14400,1.00127504554
19260,19266,24528,6,5262,2,14400,1.00114025086
19302,19308,25514,6,6206,2,14400,1.00096680632
19443,19450,25199,7,5749,2,14400,1.00121760306
19450,19456,19492,6,36,1,900,1.16666666667
19475,19481,19841,6,360,28,9960,1.01666666667
19522,19528,25533,6,6005,2,14400,1.00099916736
19574,19580,25079,6,5499,2,14400,1.00109110747
19681,19687,25774,6,6087,2,14400,1.00098570724
19766,19772,25181,6,5409,2,14400,1.00110926234
19781,19788,25374,7,5586,2,14400,1.00125313283
19838,19844,19877,6,33,1,900,1.18181818182
19848,19854,25007,6,5153,2,14400,1.00116437027
19859,19865,20229,6,364,28,9960,1.01648351648
19871,19877,24732,6,4855,2,14400,1.00123583934
19929,19935,19994,6,59,1,1800,1.10169491525
20032,20039,25695,7,5656,2,14400,1.00123762376
20183,20190,25693,7,5503,2,14400,1.00127203344
20200,20206,25158,6,4952,2,14400,1.00121163166
20227,20233,20306,6,73,1,900,1.08219178082
20231,20239,26395,8,6156,2,14400,1.00129954516
20259,20266,20623,7,357,28,9960,1.01960784314
20267,20273,20408,6,135,1,1800,1.04444444444
20305,20311,20410,6,99,1,1800,1.06060606061
20421,20427,24841,6,4414,2,14400,1.00135931128
20492,20498,25930,6,5432,2,14400,1.00110456554
20621,20628,20643,7,15,1,900,1.46666666667
20639,20646,21008,7,362,28,9960,1.01933701657
20647,20653,26277,6,5624,2,14400,1.00106685633
20745,20751,20876,6,125,1,1800,1.048
20750,20757,25746,7,4989,2,14400,1.00140308679
20803,20809,26492,6,5683,2,14400,1.0010557804
20970,20976,26190,6,5214,2,14400,1.00115074799
20998,21004,26921,6,5917,2,14400,1.00101402738
21006,21012,21035,6,23,1,900,1.26086956522
21025,21031,26710,6,5679,2,14400,1.00105652404
21028,21037,21387,9,350,28,9960,1.02571428571
21117,21123,26689,6,5566,2,14400,1.00107797341
21202,21208,26331,6,5123,2,14400,1.00117118876
21253,21259,21549,6,290,1,1800,1.02068965517
21270,21276,26509,6,5233,2,14400,1.00114656985
21385,21392,21405,7,13,1,900,1.53846153846
21403,21409,21753,6,344,28,9960,1.01744186047
21548,21554,22125,6,571,1,1800,1.01050788091
21751,21757,21801,6,44,1,900,1.13636363636
21778,21920,22235,142,315,28,9960,1.45079365079
22233,22239,22252,6,13,1,900,1.46153846154
22249,22255,22542,6,287,28,9960,1.02090592334
22389,22395,26978,6,4583,2,14400,1.00130918612
22539,22545,22556,6,11,1,900,1.54545454545
22558,22564,22840,6,276,28,9960,1.02173913043
22610,22616,28058,6,5442,2,14400,1.00110253583
22838,22844,22856,6,12,1,900,1.5
22859,22865,23184,6,319,28,9960,1.01880877743
22870,22876,27826,6,4950,2,14400,1.00121212121
23183,23189,23276,6,87,1,900,1.06896551724
23270,23276,23597,6,321,28,9960,1.01869158879
23298,23305,28852,7,5547,2,14400,1.00126194339
23394,23400,28977,6,5577,2,14400,1.00107584723
23594,23600,23615,6,15,1,900,1.4
23615,23621,23924,6,303,28,9960,1.0198019802
23705,23711,29518,6,5807,2,14400,1.00103323575
23769,23775,29377,6,5602,2,14400,1.00107104605
23797,23803,27834,6,4031,2,14400,1.0014884644
23812,23818,30112,6,6294,2,14400,1.00095328885
23827,23834,29289,7,5455,2,14400,1.0012832264
23888,23895,23945,7,50,1,1800,1.14
23893,23901,28697,8,4796,2,14400,1.00166805671
23895,23906,29019,11,5113,2,14400,1.00215137884
23910,23916,29313,6,5397,2,14400,1.00111172874
23920,23926,23941,6,15,1,900,1.4
23938,23949,29472,11,5523,2,14400,1.00199167119
23938,23944,24244,6,300,28,9960,1.02
24046,24052,29461,6,5409,2,14400,1.00110926234
24091,24098,29392,7,5294,2,14400,1.00132225161
24235,24241,29151,6,4910,2,14400,1.00122199593
24242,24248,24262,6,14,1,900,1.42857142857
24264,24270,24581,6,311,28,9960,1.0192926045
24278,24284,24362,6,78,1,1800,1.07692307692
24293,24300,29854,7,5554,2,14400,1.0012603529
24384,24391,30391,7,6000,2,14400,1.00116666667
24484,24490,30114,6,5624,2,14400,1.00106685633
24504,24510,30908,6,6398,2,14400,1.00093779306
24505,24516,29467,11,4951,2,14400,1.00222177338
24522,24529,29923,7,5394,2,14400,1.00129773823
24538,24544,30368,6,5824,2,14400,1.00103021978
24552,24559,29949,7,5390,2,14400,1.0012987013
24578,24584,24598,6,14,1,900,1.42857142857
24589,24595,29698,6,5103,2,14400,1.00117577895
24595,24601,24906,6,305,28,9960,1.01967213115
24630,24636,30136,6,5500,2,14400,1.00109090909
24741,24748,30383,7,5635,2,14400,1.00124223602
24743,24754,30299,11,5545,2,14400,1.00198376916
24744,24759,30438,15,5679,2,14400,1.00264131009
24765,24771,30437,6,5666,2,14400,1.00105894811
24781,24787,30567,6,5780,2,14400,1.00103806228
24845,24851,30220,6,5369,2,14400,1.00111752654
24904,24910,24921,6,11,1,900,1.54545454545
24922,24928,25190,6,262,28,9960,1.02290076336
24937,24943,29621,6,4678,2,14400,1.0012825994
24952,24959,29940,7,4981,2,14400,1.00140534029
25009,25015,29907,6,4892,2,14400,1.00122649223
25082,25089,30389,7,5300,2,14400,1.00132075472
25111,25117,28985,6,3868,2,14400,1.00155118925
25162,25168,30650,6,5482,2,14400,1.00109449106
25184,25191,31069,7,5878,2,14400,1.00119088125
25189,25197,25208,8,11,1,900,1.72727272727
25200,25206,30993,6,5787,2,14400,1.00103680664
25205,25212,25523,7,311,28,9960,1.02250803859
25272,25278,25564,6,286,1,1800,1.02097902098
25377,25383,30961,6,5578,2,14400,1.00107565436
25517,25523,31047,6,5524,2,14400,1.00108616944
25519,25529,25540,10,11,1,900,1.90909090909
25536,25542,31430,6,5888,2,14400,1.00101902174
25538,25548,25833,10,285,28,9960,1.0350877193
25695,25701,31418,6,5717,2,14400,1.00104950149
25696,25707,31253,11,5546,2,14400,1.00198341147
25746,25752,31004,6,5252,2,14400,1.00114242193
25776,25782,31850,6,6068,2,14400,1.00098879367
25831,25838,25849,7,11,1,900,1.63636363636
25850,25856,26167,6,311,28,9960,1.0192926045
25932,25938,31791,6,5853,2,14400,1.00102511533
26023,26029,30958,6,4929,2,14400,1.00121728545
26163,26169,26181,6,12,1,900,1.5
26184,26190,26528,6,338,28,9960,1.01775147929
26193,26199,31697,6,5498,2,14400,1.00109130593
26280,26286,31921,6,5635,2,14400,1.00106477374
26332,26338,30747,6,4409,2,14400,1.0013608528
26397,26403,32249,6,5846,2,14400,1.0010263428
26492,26498,32675,6,6177,2,14400,1.00097134531
26511,26517,32619,6,6102,2,14400,1.00098328417
26526,26533,26583,7,50,1,900,1.14
26576,26582,26882,6,300,28,9960,1.02
26694,26700,32291,6,5591,2,14400,1.00107315328
26710,26716,31884,6,5168,2,14400,1.00116099071
26878,26884,26896,6,12,1,900,1.5
26896,26902,27228,6,326,28,9960,1.01840490798
26923,26929,32345,6,5416,2,14400,1.00110782866
26982,26988,32210,6,5222,2,14400,1.00114898506
27222,27228,27240,6,12,1,900,1.5
27240,27246,27553,6,307,28,9960,1.01954397394
27550,27556,27566,6,10,1,900,1.6
27570,27576,27873,6,297,28,9960,1.0202020202
27828,27835,33438,7,5603,2,14400,1.00124933072
27844,27850,33349,6,5499,2,14400,1.00109110747
27870,27876,27894,6,18,1,900,1.33333333333
27890,27896,28213,6,317,28,9960,1.01892744479
28061,28067,34545,6,6478,2,14400,1.00092621179
28208,28214,28228,6,14,1,900,1.42857142857
28228,28234,28527,6,293,28,9960,1.0204778157
28525,28532,28547,7,15,1,900,1.46666666667
28545,28551,28636,6,85,28,9960,1.07058823529
28633,28639,28640,6,1,1,900,1.0
28698,28704,34576,6,5872,2,14400,1.00102179837
28854,28860,33581,6,4721,2,14400,1.00127091718
28979,28986,33947,7,4961,2,14400,1.00141100585
28995,29001,34390,6,5389,2,14400,1.00111337911
29022,29028,34618,6,5590,2,14400,1.00107334526
29153,29159,34458,6,5299,2,14400,1.00113228911
29291,29297,34238,6,4941,2,14400,1.00121432908
29315,29321,34831,6,5510,2,14400,1.00108892922
29379,29385,34533,6,5148,2,14400,1.00116550117
29394,29400,35682,6,6282,2,14400,1.00095510984
29465,29471,35301,6,5830,2,14400,1.00102915952
29485,29491,35251,6,5760,2,14400,1.00104166667
29486,29497,34990,11,5493,2,14400,1.0020025487
29520,29526,35559,6,6033,2,14400,1.00099453008
29624,29630,35870,6,6240,2,14400,1.00096153846
29701,29707,35530,6,5823,2,14400,1.0010303967
29853,29859,35643,6,5784,2,14400,1.0010373444
29908,29914,35307,6,5393,2,14400,1.00111255331
29924,29930,35377,6,5447,2,14400,1.00110152377
29942,29948,35416,6,5468,2,14400,1.00109729334
29957,29964,35094,7,5130,2,14400,1.00136452242
30116,30122,35777,6,5655,2,14400,1.00106100796
30117,30128,34656,11,4528,2,14400,1.00242932862
30139,30145,35545,6,5400,2,14400,1.00111111111
30221,30227,36025,6,5798,2,14400,1.0010348396
30301,30307,35417,6,5110,2,14400,1.0011741683
30371,30377,35836,6,5459,2,14400,1.0010991024
30386,30392,35441,6,5049,2,14400,1.00118835413
30402,30408,35991,6,5583,2,14400,1.00107469103
30403,30414,34959,11,4545,2,14400,1.00242024202
30440,30446,36072,6,5626,2,14400,1.00106647707
30441,30452,36195,11,5743,2,14400,1.00191537524
30569,30575,35918,6,5343,2,14400,1.00112296463
30651,30657,36097,6,5440,2,14400,1.00110294118
30749,30755,36164,6,5409,2,14400,1.00110926234
30911,30917,36607,6,5690,2,14400,1.00105448155
30960,30966,36378,6,5412,2,14400,1.00110864745
30961,30972,36458,11,5486,2,14400,1.0020051039
30996,31002,36393,6,5391,2,14400,1.00111296605
31011,31018,37214,7,6196,2,14400,1.00112976114
31049,31055,36059,6,5004,2,14400,1.00119904077
31071,31077,36924,6,5847,2,14400,1.00102616727
31254,31260,37268,6,6008,2,14400,1.00099866844
31420,31426,37079,6,5653,2,14400,1.00106138334
31436,31442,36496,6,5054,2,14400,1.00118717847
31698,31704,38258,6,6554,2,14400,1.00091547147
31793,31799,37443,6,5644,2,14400,1.00106307583
31851,31857,37429,6,5572,2,14400,1.00107681263
31885,31891,37319,6,5428,2,14400,1.00110537951
31922,31928,38200,6,6272,2,14400,1.00095663265
32212,32219,37686,7,5467,2,14400,1.00128040973
32249,32255,37555,6,5300,2,14400,1.00113207547
32289,32295,38198,6,5903,2,14400,1.00101643232
32347,32353,38177,6,5824,2,14400,1.00103021978
32620,32626,38246,6,5620,2,14400,1.00106761566
32675,32682,38775,7,6093,2,14400,1.00114885935
33351,33358,39309,7,5951,2,14400,1.0011762729
33440,33446,39147,6,5701,2,14400,1.00105244694
33581,33587,38959,6,5372,2,14400,1.00111690246
33949,33955,39628,6,5673,2,14400,1.00105764146
34240,34246,40016,6,5770,2,14400,1.00103986135
34391,34397,40738,6,6341,2,14400,1.00094622299
34438,34546,37303,108,2757,64,7200,1.03917301415
34458,34465,40060,7,5595,2,14400,1.00125111707
34534,34540,39868,6,5328,2,14400,1.00112612613
34550,34556,40322,6,5766,2,14400,1.00104058273
34578,34584,39887,6,5303,2,14400,1.00113143504
34621,34627,40870,6,6243,2,14400,1.00096107641
34658,34664,39855,6,5191,2,14400,1.00115584666
34833,34839,40666,6,5827,2,14400,1.00102968938
34962,34967,40234,5,5267,2,14400,1.00094930701
34991,34997,40377,6,5380,2,14400,1.00111524164
35095,35101,40798,6,5697,2,14400,1.00105318589
35254,35260,40822,6,5562,2,14400,1.00107874865
35302,35309,40531,7,5222,2,14400,1.00134048257
35318,35324,40422,6,5098,2,14400,1.00117693213
35379,35385,40776,6,5391,2,14400,1.00111296605
35416,35422,41327,6,5905,2,14400,1.00101608806
35417,35428,41005,11,5577,2,14400,1.00197238659
35442,35448,40795,6,5347,2,14400,1.00112212456
35530,35536,41186,6,5650,2,14400,1.0010619469
35546,35552,40833,6,5281,2,14400,1.00113614846
35561,35567,40749,6,5182,2,14400,1.00115785411
35643,35649,39711,6,4062,2,14400,1.00147710487
35683,35689,41477,6,5788,2,14400,1.00103662751
35781,35788,41952,7,6164,2,14400,1.00113562622
35841,35847,41911,6,6064,2,14400,1.00098944591
35876,35883,41463,7,5580,2,14400,1.00125448029
35923,35929,41384,6,5455,2,14400,1.00109990834
35991,35997,41887,6,5890,2,14400,1.00101867572
36025,36032,41844,7,5812,2,14400,1.00120440468
36059,36065,42269,6,6204,2,14400,1.00096711799
36074,36080,41485,6,5405,2,14400,1.00111008326
36099,36105,41772,6,5667,2,14400,1.00105876125
36166,36172,41451,6,5279,2,14400,1.0011365789
36198,36204,41510,6,5306,2,14400,1.00113079533
36378,36385,41779,7,5394,2,14400,1.00129773823
36394,36400,42012,6,5612,2,14400,1.00106913756
36459,36466,42334,7,5868,2,14400,1.0011929107
36496,36503,42020,7,5517,2,14400,1.00126880551
36613,36618,42492,5,5874,2,14400,1.00085120872
36926,36932,42811,6,5879,2,14400,1.00102058173
37083,37090,42843,7,5753,2,14400,1.00121675647
37217,37223,43182,6,5959,2,14400,1.00100688035
37270,37276,42493,6,5217,2,14400,1.00115008626
37322,37328,42439,6,5111,2,14400,1.00117393856
37433,37439,43086,6,5647,2,14400,1.00106251107
37448,37454,43635,6,6181,2,14400,1.00097071671
37556,37562,43200,6,5638,2,14400,1.00106420717
37686,37692,43510,6,5818,2,14400,1.00103128223
38178,38184,44037,6,5853,2,14400,1.00102511533
38197,38203,43110,6,4907,2,14400,1.00122274302
38198,38209,44162,11,5953,2,14400,1.00184780783
38245,38252,44350,7,6098,2,14400,1.00114791735
38264,38271,44840,7,6569,2,14400,1.0010656112
38776,38782,44434,6,5652,2,14400,1.00106157113
38960,38966,44124,6,5158,2,14400,1.00116324157
39147,39153,44597,6,5444,2,14400,1.00110213079
39309,39315,44839,6,5524,2,14400,1.00108616944
39517,39523,44501,6,4978,64,7200,1.00120530333
39528,44512,44660,4984,148,28,9960,34.6756756757
39632,39638,44757,6,5119,2,14400,1.00117210393
39712,39718,45828,6,6110,2,14400,1.00098199673
39858,39865,45065,7,5200,2,14400,1.00134615385
39874,39880,45663,6,5783,2,14400,1.00103752378
39889,39895,45278,6,5383,2,14400,1.0011146201
40018,40025,45732,7,5707,2,14400,1.00122656387
40061,40067,45273,6,5206,2,14400,1.00115251633
40235,40241,44898,6,4657,2,14400,1.00128838308
40323,40329,45554,6,5225,2,14400,1.00114832536
40378,40384,46256,6,5872,2,14400,1.00102179837
40425,40431,46030,6,5599,2,14400,1.00107161993
40534,40540,46190,6,5650,2,14400,1.0010619469
40668,40674,46021,6,5347,2,14400,1.00112212456
40740,40746,46516,6,5770,2,14400,1.00103986135
40756,40762,46070,6,5308,2,14400,1.00113036925
40771,241654,505541,200883,263887,1,324000,1.76124629103
40779,40785,46220,6,5435,2,14400,1.00110395584
40791,241659,529697,200868,288038,1,288000,1.69736631972
40799,40805,46695,6,5890,2,14400,1.00101867572
40800,40811,46111,11,5300,2,14400,1.0020754717
40814,241665,241668,200851,3,1,360000,20085.4
40823,40829,45675,6,4846,2,14400,1.00123813454
40839,40845,46280,6,5435,2,14400,1.00110395584
40873,40879,46415,6,5536,2,14400,1.00108381503
41006,41012,46771,6,5759,2,14400,1.00104184754
41186,41192,47226,6,6034,2,14400,1.00099436526
41330,41336,47148,6,5812,2,14400,1.00103234687
41388,41394,46684,6,5290,2,14400,1.0011342155
41455,41460,46595,5,5135,2,14400,1.00097370983
41471,41477,47627,6,6150,2,14400,1.00097560976
41487,41493,47393,6,5900,2,14400,1.00101694915
41488,41499,47198,11,5699,2,14400,1.00193016319
41514,41520,46885,6,5365,2,14400,1.00111835974
41775,41781,46233,6,4452,2,14400,1.00134770889
41792,41798,46896,6,5098,2,14400,1.00117693213
41848,41854,47083,6,5229,2,14400,1.00114744693
41888,41894,47654,6,5760,2,14400,1.00104166667
41913,41919,48219,6,6300,2,14400,1.00095238095
41954,41960,47911,6,5951,2,14400,1.00100823391
42013,42019,47743,6,5724,2,14400,1.00104821803
42028,42035,46729,7,4694,2,14400,1.00149126545
42272,42278,48059,6,5781,2,14400,1.00103788272
42336,42342,47420,6,5078,2,14400,1.00118156755
42441,42447,48491,6,6044,2,14400,1.00099272005
42494,42500,48133,6,5633,2,14400,1.00106515178
42495,42506,47780,11,5274,2,14400,1.00208570345
42813,42819,48196,6,5377,2,14400,1.00111586386
42846,42852,48763,6,5911,2,14400,1.00101505667
43087,43093,48919,6,5826,2,14400,1.00102986612
43113,43119,48751,6,5632,2,14400,1.00106534091
43184,43190,48916,6,5726,2,14400,1.0010478519
43204,43210,48629,6,5419,2,14400,1.00110721535
43513,43520,48962,7,5442,2,14400,1.0012862918
43639,43645,49016,6,5371,2,14400,1.00111711041
44039,44046,49997,7,5951,2,14400,1.0011762729
44126,44132,49668,6,5536,2,14400,1.00108381503
44160,44166,49300,6,5134,2,14400,1.00116867939
44350,44356,49490,6,5134,2,14400,1.00116867939
44436,44442,48715,6,4273,2,14400,1.00140416569
44601,44607,49986,6,5379,2,14400,1.00111544897
44657,44663,44674,6,11,1,900,1.54545454545
44670,44676,44823,6,147,28,9960,1.04081632653
44760,44766,50792,6,6026,2,14400,1.00099568536
44821,44827,44838,6,11,1,900,1.54545454545
44839,44845,45024,6,179,28,9960,1.03351955307
44840,44851,50979,11,6128,2,14400,1.00179503916
44842,44856,49530,14,4674,2,14400,1.00299529311
44901,44907,51148,6,6241,2,14400,1.00096138439
45021,45028,45040,7,12,1,900,1.58333333333
45040,45046,45356,6,310,28,9960,1.01935483871
45066,45072,50521,6,5449,2,14400,1.00110111947
45274,45280,50645,6,5365,2,14400,1.00111835974
45289,45295,50537,6,5242,2,14400,1.0011446013
45353,45359,45373,6,14,1,900,1.42857142857
45372,45379,45676,7,297,28,9960,1.02356902357
45555,45561,51102,6,5541,2,14400,1.00108283703
45664,45671,51182,7,5511,2,14400,1.0012701869
45674,45680,45693,6,13,1,900,1.46153846154
45680,45686,51737,6,6051,2,14400,1.00099157164
45693,45699,45988,6,289,28,9960,1.02076124567
45735,45741,51616,6,5875,2,14400,1.0010212766
45831,45837,51903,6,6066,2,14400,1.00098911968
45986,45992,46003,6,11,1,900,1.54545454545
46003,46009,46325,6,316,28,9960,1.01898734177
46024,46030,50739,6,4709,2,14400,1.00127415587
46039,46046,51377,7,5331,2,14400,1.00131307447
46070,46077,51523,7,5446,2,14400,1.00128534704
46113,46119,51992,6,5873,2,14400,1.00102162438
46190,46196,52146,6,5950,2,14400,1.00100840336
46221,46227,51633,6,5406,2,14400,1.00110987791
46236,46243,52121,7,5878,2,14400,1.00119088125
46258,46264,51597,6,5333,2,14400,1.00112507032
46283,46289,51738,6,5449,2,14400,1.00110111947
46321,46327,46338,6,11,1,900,1.54545454545
46339,46345,46615,6,270,28,9960,1.02222222222
46417,46423,51246,6,4823,2,14400,1.00124403898
46517,46523,51732,6,5209,2,14400,1.00115185256
46598,46604,51809,6,5205,2,14400,1.00115273775
46612,46618,46630,6,12,1,900,1.5
46630,46637,46935,7,298,28,9960,1.02348993289
46687,46693,52306,6,5613,2,14400,1.00106894709
46702,46708,51926,6,5218,2,14400,1.00114986585
46730,46736,52487,6,5751,2,14400,1.00104329682
46774,46780,52609,6,5829,2,14400,1.00102933608
46887,46893,52899,6,6006,2,14400,1.000999001
46903,46908,52355,5,5447,2,14400,1.00091793648
46934,46940,46953,6,13,1,900,1.46153846154
46949,46956,47255,7,299,28,9960,1.02341137124
47085,47091,52051,6,4960,2,14400,1.00120967742
47150,47156,52000,6,4844,2,14400,1.00123864575
47199,47206,52313,7,5107,2,14400,1.00137066771
47228,47234,52952,6,5718,2,14400,1.00104931794
47252,47258,47273,6,15,1,900,1.4
47269,47275,47579,6,304,28,9960,1.01973684211
47395,47402,52020,7,4618,2,14400,1.00151580771
47420,47427,53752,7,6325,2,14400,1.00110671937
47577,47583,47596,6,13,1,900,1.46153846154
47594,47600,47917,6,317,28,9960,1.01892744479
47629,47635,52527,6,4892,2,14400,1.00122649223
47657,47663,53297,6,5634,2,14400,1.00106496273
47746,47752,52763,6,5011,2,14400,1.0011973658
47780,47787,52851,7,5064,2,14400,1.00138230648
47912,47918,53126,6,5208,2,14400,1.00115207373
47916,47924,47936,8,12,1,900,1.66666666667
47932,47938,48238,6,300,28,9960,1.02
48059,48065,53416,6,5351,2,14400,1.00112128574
48139,48144,54120,5,5976,2,14400,1.00083668005
48200,48206,52692,6,4486,2,14400,1.00133749443
48222,48228,54015,6,5787,2,14400,1.00103680664
48234,48240,48254,6,14,1,900,1.42857142857
48254,48260,48553,6,293,28,9960,1.0204778157
48491,48497,54324,6,5827,2,14400,1.00102968938
48549,48556,48571,7,15,1,900,1.46666666667
48570,48576,48884,6,308,28,9960,1.01948051948
48633,48639,54239,6,5600,2,14400,1.00107142857
48718,48724,54373,6,5649,2,14400,1.00106213489
48752,48758,54154,6,5396,2,14400,1.00111193477
48767,48773,52884,6,4111,2,14400,1.00145949891
48840,48846,48847,6,1,1,72000,1.0
48869,48875,120904,6,72029,1,72000,1.00008329978
48881,48888,48903,7,15,1,900,1.46666666667
48898,48904,49221,6,317,28,9960,1.01892744479
48916,48922,55211,6,6289,2,14400,1.00095404675
48931,48937,54983,6,6046,2,14400,1.00099239166
48965,48971,53130,6,4159,2,14400,1.00144265448
49017,49023,55397,6,6374,2,14400,1.00094132413
49217,49223,49239,6,16,1,900,1.375
49239,49246,49550,7,304,28,9960,1.02302631579
49301,49307,54673,6,5366,2,14400,1.00111815132
49491,49497,54707,6,5210,2,14400,1.00115163148
49531,49537,54749,6,5212,2,14400,1.00115118956
49546,49552,49567,6,15,1,900,1.4
49567,49573,49878,6,305,28,9960,1.01967213115
49671,49677,54871,6,5194,2,14400,1.00115517905
49875,49882,49895,7,13,1,900,1.53846153846
49895,49902,50206,7,304,28,9960,1.02302631579
49988,49994,55194,6,5200,2,14400,1.00115384615
50003,50009,56631,6,6622,2,14400,1.00090607067
50205,50211,50224,6,13,1,900,1.46153846154
50223,50229,50495,6,266,28,9960,1.02255639098
50493,50500,50513,7,13,1,900,1.53846153846
50514,50520,50836,6,316,28,9960,1.01898734177
50525,50531,56352,6,5821,2,14400,1.00103075073
50540,50546,56191,6,5645,2,14400,1.00106288751
50649,50655,56421,6,5766,2,14400,1.00104058273
50744,50749,56564,5,5815,2,14400,1.00085984523
50793,50799,56748,6,5949,2,14400,1.00100857287
50832,50838,50852,6,14,1,900,1.42857142857
50850,50856,51159,6,303,28,9960,1.0198019802
50985,50991,56944,6,5953,2,14400,1.00100789518
51104,51111,56524,7,5413,2,14400,1.00129318308
51151,51157,57123,6,5966,2,14400,1.00100569896
51157,51163,51175,6,12,1,900,1.5
51174,51180,51470,6,290,28,9960,1.02068965517
51185,51191,56616,6,5425,2,14400,1.00110599078
51249,51255,56555,6,5300,2,14400,1.00113207547
51380,51387,57175,7,5788,2,14400,1.00120939876
51468,51474,51484,6,10,1,900,1.6
51486,52071,52383,585,312,28,9960,2.875
51523,51530,57009,7,5479,2,14400,1.0012776054
51597,51603,56873,6,5270,2,14400,1.00113851992
51619,51625,57393,6,5768,2,14400,1.00104022191
51634,51640,55392,6,3752,2,14400,1.00159914712
51735,51741,56702,6,4961,2,14400,1.00120943358
51751,51757,57484,6,5727,2,14400,1.00104766894
51752,51763,57681,11,5918,2,14400,1.00185873606
51810,51817,57602,7,5785,2,14400,1.00121002593
51905,51912,57329,7,5417,2,14400,1.00129222817
51927,51933,56247,6,4314,2,14400,1.00139082058
51995,52001,58172,6,6171,2,14400,1.00097228974
52010,52016,58310,6,6294,2,14400,1.00095328885
52026,52031,58024,5,5993,2,14400,1.00083430669
52054,52060,57391,6,5331,2,14400,1.0011254924
52124,52130,57571,6,5441,2,14400,1.00110273847
52149,52155,57919,6,5764,2,14400,1.00104094379
52307,52314,57757,7,5443,2,14400,1.00128605548
52323,52329,57583,6,5254,2,14400,1.00114198706
52356,52362,57951,6,5589,2,14400,1.00107353731
52381,52387,52401,6,14,1,900,1.42857142857
52398,52404,52706,6,302,28,9960,1.01986754967
52490,52497,57875,7,5378,2,14400,1.00130159911
52530,52536,57879,6,5343,2,14400,1.00112296463
52610,52616,56859,6,4243,2,14400,1.0014140938
52656,52663,58601,7,5938,2,14400,1.0011788481
52658,52669,58040,11,5371,2,14400,1.00204803575
52659,52674,59061,15,6387,2,14400,1.00234852043
52660,52679,57683,19,5004,2,14400,1.00379696243
52662,52684,58385,22,5701,2,14400,1.00385897211
52663,52690,58855,27,6165,2,14400,1.00437956204
52664,52696,57849,32,5153,2,14400,1.00620997477
52666,52701,58420,35,5719,2,14400,1.00611995104
52667,52706,58105,39,5399,2,14400,1.00722355992
52668,52711,58126,43,5415,2,14400,1.00794090489
52669,52716,58101,47,5385,2,14400,1.008727948
52671,52722,57855,51,5133,2,14400,1.00993571011
52672,52727,59250,55,6523,2,14400,1.0084317032
52673,52732,57933,59,5201,2,14400,1.01134397231
52675,52737,58458,62,5721,2,14400,1.01083726621
52676,52742,58386,66,5644,2,14400,1.01169383416
52677,52747,58689,70,5942,2,14400,1.01178054527
52678,52753,58461,75,5708,2,14400,1.0131394534
52680,52758,58140,78,5382,2,14400,1.01449275362
52681,52763,57586,82,4823,2,14400,1.01700186606
52682,52768,58940,86,6172,2,14400,1.01393389501
52684,52773,57431,89,4658,2,14400,1.01910691284
52685,52778,58225,93,5447,2,14400,1.01707361851
52686,52784,57449,98,4665,2,14400,1.02100750268
52688,52789,57965,101,5176,2,14400,1.01951313756
52689,52794,57775,105,4981,2,14400,1.0210801044
52690,52799,58488,109,5689,2,14400,1.01915978204
52691,52805,58753,114,5948,2,14400,1.01916610625
52693,52810,58983,117,6173,2,14400,1.01895350721
52694,52816,58159,122,5343,2,14400,1.02283361407
52695,52821,58080,126,5259,2,14400,1.02395892755
52697,52826,58288,129,5462,2,14400,1.02361772245
52698,52831,58342,133,5511,2,14400,1.02413355108
52699,52836,58483,137,5647,2,14400,1.02426066938
52700,52841,58241,141,5400,2,14400,1.02611111111
52702,52847,58184,145,5337,2,14400,1.02716882144
52703,52852,57975,149,5123,2,14400,1.02908452079
52704,52857,58434,153,5577,2,14400,1.02743410436
52704,52883,52896,179,13,1,900,14.7692307692
52706,52862,59069,156,6207,2,14400,1.02513291445
52707,52867,57468,160,4601,2,14400,1.0347750489
52723,52872,58165,149,5293,2,14400,1.0281503873
52724,53295,53615,571,320,28,9960,2.784375
52767,52878,59010,111,6132,2,14400,1.01810176125
52853,52889,58078,36,5189,2,14400,1.00693775294
52885,52895,58083,10,5188,2,14400,1.00192752506
52901,52907,58651,6,5744,2,14400,1.00104456825
52953,52960,57791,7,4831,2,14400,1.00144897537
53131,53137,58483,6,5346,2,14400,1.00112233446
53132,53143,58536,11,5393,2,14400,1.00203968107
53299,53305,59337,6,6032,2,14400,1.00099469496
53418,53424,57560,6,4136,2,14400,1.00145067698
53612,53618,53630,6,12,1,900,1.5
53629,53635,53946,6,311,28,9960,1.0192926045
53753,53760,59347,7,5587,2,14400,1.00125290854
53943,53949,53960,6,11,1,900,1.54545454545
53965,53971,54278,6,307,28,9960,1.01954397394
54018,54024,60166,6,6142,2,14400,1.00097688049
54122,54128,59763,6,5635,2,14400,1.00106477374
54156,54162,59619,6,5457,2,14400,1.00109950522
54243,54249,59939,6,5690,2,14400,1.00105448155
54275,54281,54292,6,11,1,900,1.54545454545
54293,54299,54604,6,305,28,9960,1.01967213115
54326,54332,59651,6,5319,2,14400,1.00112803158
54375,54381,60135,6,5754,2,14400,1.00104275287
54601,54607,54617,6,10,1,900,1.6
54619,54625,54918,6,293,28,9960,1.0204778157
54671,54677,60108,6,5431,2,14400,1.00110476892
54708,54714,59701,6,4987,2,14400,1.00120312813
54751,54757,60200,6,5443,2,14400,1.00110233327
54874,54881,60512,7,5631,2,14400,1.00124311845
54916,54922,54932,6,10,1,900,1.6
54935,54941,55236,6,295,28,9960,1.02033898305
54987,54993,60377,6,5384,2,14400,1.00111441308
55196,55202,61174,6,5972,2,14400,1.00100468855
55212,55218,60868,6,5650,2,14400,1.0010619469
55232,55239,55251,7,12,1,900,1.58333333333
55249,55255,55522,6,267,28,9960,1.02247191011
55395,55401,60954,6,5553,2,14400,1.00108049703
55410,55417,61187,7,5770,2,14400,1.00121317158
55519,55525,55537,6,12,1,900,1.5
55537,55543,55816,6,273,28,9960,1.02197802198
55814,55821,55832,7,11,1,900,1.63636363636
55833,55839,56151,6,312,28,9960,1.01923076923
56143,56150,56160,7,10,1,900,1.7
56163,56169,56478,6,309,28,9960,1.01941747573
56194,56200,61161,6,4961,2,14400,1.00120943358
56249,56255,61915,6,5660,2,14400,1.00106007067
56353,56359,61849,6,5490,2,14400,1.00109289617
56424,56430,62347,6,5917,2,14400,1.00101402738
56474,56480,56492,6,12,1,900,1.5
56492,56498,56800,6,302,28,9960,1.01986754967
56525,56531,61771,6,5240,2,14400,1.00114503817
56556,56562,62105,6,5543,2,14400,1.00108244633
56571,56577,61927,6,5350,2,14400,1.00112149533
56617,56624,62775,7,6151,2,14400,1.00113802634
56633,56639,63148,6,6509,2,14400,1.00092180058
56703,56709,62755,6,6046,2,14400,1.00099239166
56749,56755,62718,6,5963,2,14400,1.00100620493
56796,56803,56814,7,11,1,900,1.63636363636
56813,56820,57134,7,314,28,9960,1.02229299363
56862,56868,62737,6,5869,2,14400,1.00102232067
56878,56884,63123,6,6239,2,14400,1.00096169258
56945,56951,63406,6,6455,2,14400,1.00092951201
57010,57016,63459,6,6443,2,14400,1.00093124321
57126,57132,62596,6,5464,2,14400,1.00109809663
57131,57138,57152,7,14,1,900,1.5
57150,57157,57462,7,305,28,9960,1.02295081967
57179,57185,63414,6,6229,2,14400,1.00096323647
57332,57338,63051,6,5713,2,14400,1.0010502363
57393,57400,62525,7,5125,2,14400,1.00136585366
57395,57406,61914,11,4508,2,14400,1.00244010648
57432,57438,63460,6,6022,2,14400,1.00099634673
57451,57457,63577,6,6120,2,14400,1.00098039216
57458,57464,57476,6,12,1,900,1.5
57469,57475,62268,6,4793,2,14400,1.00125182558
57480,57486,57820,6,334,28,9960,1.01796407186
57484,57492,63668,8,6176,2,14400,1.00129533679
57561,57567,63144,6,5577,2,14400,1.00107584723
57577,57582,63360,5,5778,2,14400,1.00086535133
57592,57598,63286,6,5688,2,14400,1.00105485232
57594,57604,62653,10,5049,2,14400,1.00198059022
57609,57615,63833,6,6218,2,14400,1.0009649405
57683,57689,63815,6,6126,2,14400,1.00097943193
57698,57704,63435,6,5731,2,14400,1.00104693771
57759,57765,63649,6,5884,2,14400,1.00101971448
57778,57784,62934,6,5150,2,14400,1.00116504854
57793,57799,62709,6,4910,2,14400,1.00122199593
57818,57824,57835,6,11,1,900,1.54545454545
57835,58732,59041,897,309,28,9960,3.90291262136
57851,57857,63475,6,5618,2,14400,1.00106799573
57867,57873,64094,6,6221,2,14400,1.00096447516
57882,57888,62977,6,5089,2,14400,1.00117901356
57884,57894,64201,10,6307,2,14400,1.00158553988
57920,57927,64415,7,6488,2,14400,1.00107891492
57936,57942,63016,6,5074,2,14400,1.00118249901
57951,57957,63250,6,5293,2,14400,1.00113357264
57967,57973,64121,6,6148,2,14400,1.00097592713
57982,57988,64845,6,6857,2,14400,1.00087501823
58025,58031,62692,6,4661,2,14400,1.00128727741
58044,58050,63547,6,5497,2,14400,1.00109150446
58081,58087,63676,6,5589,2,14400,1.00107353731
58082,58093,63537,11,5444,2,14400,1.00202057311
58098,58104,63815,6,5711,2,14400,1.0010506041
58114,58120,63472,6,5352,2,14400,1.00112107623
58115,58126,63568,11,5442,2,14400,1.00202131569
58130,58137,63600,7,5463,2,14400,1.00128134725
58146,58152,63745,6,5593,2,14400,1.00107276953
58161,58167,63775,6,5608,2,14400,1.00106990014
58177,58183,63744,6,5561,2,14400,1.00107894264
58178,58189,64192,11,6003,2,14400,1.00183241712
58193,58200,63953,7,5753,2,14400,1.00121675647
58227,58233,63911,6,5678,2,14400,1.00105671011
58243,58249,64538,6,6289,2,14400,1.00095404675
58289,58295,63545,6,5250,2,14400,1.00114285714
58311,58317,63677,6,5360,2,14400,1.00111940299
58345,58351,63870,6,5519,2,14400,1.00108715347
58389,58396,64842,7,6446,2,14400,1.00108594477
58391,58402,64170,11,5768,2,14400,1.00190707351
58423,58430,63629,7,5199,2,14400,1.00134641277
58439,58445,65068,6,6623,2,14400,1.00090593387
58474,58480,63810,6,5330,2,14400,1.00112570356
58475,58486,64170,11,5684,2,14400,1.00193525686
58477,58491,64009,14,5518,2,14400,1.00253715114
58478,58496,63656,18,5160,2,14400,1.00348837209
58479,58502,64042,23,5540,2,14400,1.00415162455
58481,58507,64344,26,5837,2,14400,1.00445434298
58482,58513,63985,31,5472,2,14400,1.00566520468
58483,58518,64155,35,5637,2,14400,1.00620897641
58485,58524,64572,39,6048,2,14400,1.0064484127
58486,58529,64467,43,5938,2,14400,1.00724149545
58487,58534,63921,47,5387,2,14400,1.00872470763
58488,58539,62578,51,4039,2,14400,1.01262688784
58490,58544,63818,54,5274,2,14400,1.01023890785
58491,58550,64354,59,5804,2,14400,1.01016540317
58492,58555,63683,63,5128,2,14400,1.01228549142
58494,58560,64132,66,5572,2,14400,1.01184493898
58495,58565,63198,70,4633,2,14400,1.01510900065
58496,58570,63907,74,5337,2,14400,1.01386546749
58497,58575,64638,78,6063,2,14400,1.01286491836
58499,58581,63678,82,5097,2,14400,1.01608789484
58500,58586,64439,86,5853,2,14400,1.01469331967
58501,58591,63646,90,5055,2,14400,1.0178041543
58519,58597,63843,78,5246,2,14400,1.01486847122
58520,58602,64167,82,5565,2,14400,1.01473495058
58521,58608,63639,87,5031,2,14400,1.01729278473
58542,58614,64358,72,5744,2,14400,1.01253481894
58601,58662,63946,61,5284,2,14400,1.01154428463
58654,58700,64067,46,5367,2,14400,1.00857089622
58691,58765,63607,74,4842,2,14400,1.01528294093
58755,58866,64270,111,5404,2,14400,1.02054034049
58858,58951,64468,93,5517,2,14400,1.01685698749
58941,58994,64647,53,5653,2,14400,1.0093755528
58984,59022,64733,38,5711,2,14400,1.00665382595
59013,59052,63423,39,4371,2,14400,1.00892244338
59039,59046,59057,7,11,1,900,1.63636363636
59056,62873,63174,3817,301,28,9960,13.6810631229
59062,59068,64122,6,5054,2,14400,1.00118717847
59078,59084,64433,6,5349,2,14400,1.00112170499
59251,59258,64484,7,5226,2,14400,1.00133945656
59340,59347,64654,7,5307,2,14400,1.00131901262
59356,59362,64801,6,5439,2,14400,1.00110314396
59620,59626,65133,6,5507,2,14400,1.00108952243
59654,59660,64985,6,5325,2,14400,1.00112676056
59703,59709,65188,6,5479,2,14400,1.00109509034
59765,59771,65127,6,5356,2,14400,1.00112023898
59939,59945,65927,6,5982,2,14400,1.00100300903
60111,60118,67070,7,6952,2,14400,1.00100690449
60136,60142,65806,6,5664,2,14400,1.00105932203
60167,60174,65125,7,4951,2,14400,1.00141385579
60201,60208,65534,7,5326,2,14400,1.00131430717
60374,60381,66042,7,5661,2,14400,1.00123653065
60515,60521,66329,6,5808,2,14400,1.00103305785
60871,60877,66345,6,5468,2,14400,1.00109729334
60955,60961,66925,6,5964,2,14400,1.00100603622
61162,61168,66893,6,5725,2,14400,1.00104803493
61177,61183,66288,6,5105,2,14400,1.00117531832
61193,61199,66751,6,5552,2,14400,1.00108069164
61774,61780,67384,6,5604,2,14400,1.00107066381
61850,61857,67378,7,5521,2,14400,1.00126788625
61915,61921,66996,6,5075,2,14400,1.00118226601
61916,61927,67337,11,5410,2,14400,1.00203327172
61932,61938,67667,6,5729,2,14400,1.00104730319
62107,62113,67622,6,5509,2,14400,1.00108912688
62271,62277,68340,6,6063,2,14400,1.0009896091
62350,62357,68286,7,5929,2,14400,1.00118063754
62526,62532,68199,6,5667,2,14400,1.00105876125
62581,62587,68092,6,5505,2,14400,1.00108991826
62599,62606,67636,7,5030,2,14400,1.0013916501
62654,62660,68676,6,6016,2,14400,1.00099734043
62694,62701,69233,7,6532,2,14400,1.00107164727
62710,62716,68072,6,5356,2,14400,1.00112023898
62725,62731,68347,6,5616,2,14400,1.00106837607
62741,62747,68357,6,5610,2,14400,1.00106951872
62756,62762,68584,6,5822,2,14400,1.00103057369
62778,62784,68251,6,5467,2,14400,1.00109749406
62936,62942,69958,6,7016,2,14400,1.00085518814
62979,62985,67793,6,4808,2,14400,1.00124792013
63020,63026,69094,6,6068,2,14400,1.00098879367
63053,63060,68727,7,5667,2,14400,1.00123522146
63126,63133,68558,7,5425,2,14400,1.00129032258
63146,63152,69219,6,6067,2,14400,1.00098895665
63161,63167,68968,6,5801,2,14400,1.00103430443
63172,63178,63189,6,11,1,900,1.54545454545
63189,64086,64394,897,308,28,9960,3.91233766234
63201,63207,68651,6,5444,2,14400,1.00110213079
63253,63259,69290,6,6031,2,14400,1.00099485989
63287,63293,68511,6,5218,2,14400,1.00114986585
63361,63367,69398,6,6031,2,14400,1.00099485989
63407,63413,68730,6,5317,2,14400,1.0011284559
63422,63429,69873,7,6444,2,14400,1.00108628181
63438,63444,69472,6,6028,2,14400,1.00099535501
63439,63450,69040,11,5590,2,14400,1.00196779964
63462,63468,69050,6,5582,2,14400,1.00107488355
63463,63474,69656,11,6182,2,14400,1.00177935943
63479,63485,68874,6,5389,2,14400,1.00111337911
63480,63491,69013,11,5522,2,14400,1.00199203187
63538,63545,69143,7,5598,2,14400,1.00125044659
63554,63560,69310,6,5750,2,14400,1.00104347826
63555,63566,69581,11,6015,2,14400,1.00182876143
63571,63577,69389,6,5812,2,14400,1.00103234687
63586,63592,68966,6,5374,2,14400,1.00111648679
63602,63608,69052,6,5444,2,14400,1.00110213079
63617,63623,69377,6,5754,2,14400,1.00104275287
63633,63639,69310,6,5671,2,14400,1.00105801446
63649,63655,69362,6,5707,2,14400,1.00105134046
63651,63661,69002,10,5341,2,14400,1.00187230856
63652,63666,68923,14,5257,2,14400,1.00266311585
63669,63676,69011,7,5335,2,14400,1.00131208997
63671,63682,69410,11,5728,2,14400,1.00192039106
63687,63693,69611,6,5918,2,14400,1.00101385603
63688,63699,69337,11,5638,2,14400,1.00195104647
63690,63704,68979,14,5275,2,14400,1.00265402844
63691,63710,69102,19,5392,2,14400,1.00352373887
63746,63753,69716,7,5963,2,14400,1.00117390575
63748,63759,69604,11,5845,2,14400,1.00188195038
63775,63781,69926,6,6145,2,14400,1.00097640358
63813,63819,69191,6,5372,2,14400,1.00111690246
63829,63835,69785,6,5950,2,14400,1.00100840336
63831,63841,69492,10,5651,2,14400,1.0017695983
63832,63846,69010,14,5164,2,14400,1.00271107668
63848,63854,69147,6,5293,2,14400,1.00113357264
63849,63860,69511,11,5651,2,14400,1.00194655813
63871,63877,69654,6,5777,2,14400,1.00103860135
63912,63918,69445,6,5527,2,14400,1.00108557988
63913,63924,69002,11,5078,2,14400,1.00216620717
63929,63935,69524,6,5589,2,14400,1.00107353731
63948,63954,69166,6,5212,2,14400,1.00115118956
63963,63969,69382,6,5413,2,14400,1.00110844264
63987,63993,68699,6,4706,2,14400,1.00127496813
64012,64019,69277,7,5258,2,14400,1.00133130468
64043,64049,69594,6,5545,2,14400,1.00108205591
64068,64074,69438,6,5364,2,14400,1.00111856823
64096,64102,70043,6,5941,2,14400,1.00100993099
64124,64130,69105,6,4975,2,14400,1.00120603015
64125,64136,69601,11,5465,2,14400,1.00201280878
64141,64147,69747,6,5600,2,14400,1.00107142857
64157,64163,69807,6,5644,2,14400,1.00106307583
64174,64180,68942,6,4762,2,14400,1.0012599748
64175,64186,69227,11,5041,2,14400,1.00218210672
64176,64191,69905,15,5714,2,14400,1.00262513126
64196,64202,69634,6,5432,2,14400,1.00110456554
64211,64217,70028,6,5811,2,14400,1.00103252452
64273,64279,70300,6,6021,2,14400,1.00099651221
64346,64352,70108,6,5756,2,14400,1.00104239055
64361,64368,70104,7,5736,2,14400,1.00122036262
64363,64374,70041,11,5667,2,14400,1.00194106229
64393,64399,64408,6,9,1,900,1.5
64410,64416,64736,6,320,28,9960,1.01875
64418,64425,69933,7,5508,2,14400,1.00127087872
64434,64440,70405,6,5965,2,14400,1.00100586756
64451,64457,69609,6,5152,2,14400,1.00116459627
64469,64476,70208,7,5732,2,14400,1.00122121424
64471,64482,69638,11,5156,2,14400,1.00213343677
64486,64492,70418,6,5926,2,14400,1.00101248734
64539,64545,69853,6,5308,2,14400,1.00113036925
64573,64579,70131,6,5552,2,14400,1.00108069164
64640,64646,70457,6,5811,2,14400,1.00103252452
64656,64662,70561,6,5899,2,14400,1.00101712155
64657,64668,70149,11,5481,2,14400,1.00200693304
64733,64739,64750,6,11,1,900,1.54545454545
64737,64745,70942,8,6197,2,14400,1.00129094723
64751,64757,65067,6,310,28,9960,1.01935483871
64806,64812,70193,6,5381,2,14400,1.00111503438
64843,64849,70594,6,5745,2,14400,1.00104438642
64859,64865,70983,6,6118,2,14400,1.00098071265
64987,64993,70385,6,5392,2,14400,1.00111275964
65064,65070,65080,6,10,1,900,1.6
65069,65076,70760,7,5684,2,14400,1.00123152709
65083,65089,65361,6,272,28,9960,1.02205882353
65129,65135,70693,6,5558,2,14400,1.00107952501
65130,65141,71026,11,5885,2,14400,1.00186915888
65146,65152,70779,6,5627,2,14400,1.00106628754
65189,65195,70064,6,4869,2,14400,1.00123228589
65279,65285,79385,6,14100,4,136800,1.00042553191
65358,65364,65373,6,9,1,900,1.5
65377,65383,65707,6,324,28,9960,1.01851851852
65535,65541,71109,6,5568,2,14400,1.00107758621
65704,65710,65720,6,10,1,900,1.6
65725,65731,66067,6,336,28,9960,1.01785714286
65809,65815,71097,6,5282,2,14400,1.00113593336
65931,65937,71870,6,5933,2,14400,1.00101129277
65953,78024,86373,12071,8349,64,21600,2.44580189244
65961,78030,79346,12069,1316,64,21600,10.1709726444
65980,84670,93287,18690,8617,64,21600,3.16896831844
66004,86385,94598,20381,8213,64,21600,3.48155363448
66045,66051,72251,6,6200,2,14400,1.00096774194
66066,66072,66082,6,10,1,900,1.6
66085,66091,66425,6,334,28,9960,1.01796407186
66289,66295,71672,6,5377,2,14400,1.00111586386
66314,66320,66343,6,23,1,7200,1.26086956522
66330,66336,72130,6,5794,2,14400,1.00103555402
66346,66352,71927,6,5575,2,14400,1.00107623318
66423,66429,68027,6,1598,1,10800,1.00375469337
66424,66435,66445,11,10,1,900,2.1
66443,66449,66763,6,314,28,9960,1.01910828025
66475,66481,71963,6,5482,1,14400,1.00109449106
66561,66567,72066,6,5499,1,14400,1.00109110747
66618,66624,126481,6,59857,1,79200,1.0001002389
66701,66707,66708,6,1,1,86400,1.0
66752,66759,72538,7,5779,2,14400,1.00121128223
66762,66768,66779,6,11,1,900,1.54545454545
66784,66790,67090,6,300,28,9960,1.02
66894,66900,72504,6,5604,2,14400,1.00107066381
66928,66934,72006,6,5072,2,14400,1.0011829653
66995,67001,72148,6,5147,2,14400,1.00116572761
67072,67078,72542,6,5464,2,14400,1.00109809663
67086,67093,67103,7,10,1,900,1.7
67109,67116,67454,7,338,28,9960,1.02071005917
67341,67347,73935,6,6588,2,14400,1.00091074681
67380,67386,73312,6,5926,2,14400,1.00101248734
67396,67402,72584,6,5182,2,14400,1.00115785411
67453,67459,67469,6,10,1,900,1.6
67467,67473,67564,6,91,28,9960,1.06593406593
67561,67567,67568,6,1,1,900,1.0
67622,67628,74037,6,6409,2,14400,1.00093618349
67638,67644,73153,6,5509,2,14400,1.00108912688
67668,67674,73350,6,5676,2,14400,1.00105708245
67794,67800,73473,6,5673,2,14400,1.00105764146
68074,68080,73719,6,5639,2,14400,1.00106401844
68093,68099,73463,6,5364,2,14400,1.00111856823
68203,68209,73871,6,5662,2,14400,1.00105969622
68252,68258,73989,6,5731,2,14400,1.00104693771
68288,68295,74773,7,6478,2,14400,1.00108058043
68344,68350,74178,6,5828,2,14400,1.0010295127
68346,68356,74570,10,6214,2,14400,1.00160926939
68361,68368,74134,7,5766,2,14400,1.00121401318
68514,68520,74406,6,5886,2,14400,1.00101936799
68560,68566,74647,6,6081,2,14400,1.00098667982
68585,68592,74646,7,6054,2,14400,1.00115626032
68654,68661,73653,7,4992,2,14400,1.00140224359
68679,68685,74287,6,5602,2,14400,1.00107104605
68701,68707,74077,6,5370,2,14400,1.00111731844
68729,68735,74830,6,6095,2,14400,1.00098441345
68744,68750,74683,6,5933,2,14400,1.00101129277
68876,68882,74156,6,5274,2,14400,1.00113765643
68925,68931,74632,6,5701,2,14400,1.00105244694
68944,68950,75295,6,6345,2,14400,1.00094562648
68969,68975,75013,6,6038,2,14400,1.00099370653
68970,68981,74801,11,5820,2,14400,1.00189003436
68986,68992,75148,6,6156,2,14400,1.00097465887
69006,69012,74351,6,5339,2,14400,1.00112380596
69007,69018,74923,11,5905,2,14400,1.00186282811
69023,69030,74987,7,5957,2,14400,1.00117508813
69025,69036,75475,11,6439,2,14400,1.0017083398
69026,69041,74956,15,5915,2,14400,1.00253592561
69042,69048,74281,6,5233,2,14400,1.00114656985
69057,69063,74568,6,5505,2,14400,1.00108991826
69058,69069,74180,11,5111,2,14400,1.0021522207
69095,69102,74818,7,5716,2,14400,1.00122463261
69112,69118,74748,6,5630,2,14400,1.00106571936
69113,69124,75039,11,5915,2,14400,1.00185967878
69144,69150,75216,6,6066,2,14400,1.00098911968
69159,69165,74591,6,5426,2,14400,1.00110578695
69175,69181,75031,6,5850,2,14400,1.00102564103
69193,69200,75027,7,5827,2,14400,1.00120130427
69200,78014,78184,8814,170,28,7980,52.8470588235
69221,69228,74926,7,5698,2,14400,1.00122850123
69237,69243,75122,6,5879,2,14400,1.00102058173
69239,69249,74783,10,5534,2,14400,1.0018070112
69279,69285,74938,6,5653,2,14400,1.00106138334
69294,69300,74742,6,5442,2,14400,1.00110253583
69313,69319,75002,6,5683,2,14400,1.0010557804
69314,69325,74823,11,5498,2,14400,1.00200072754
69339,69345,74545,6,5200,2,14400,1.00115384615
69365,69371,74814,6,5443,2,14400,1.00110233327
69380,69387,75253,7,5866,2,14400,1.00119331742
69397,69403,75107,6,5704,2,14400,1.00105189341
69398,69409,74689,11,5280,2,14400,1.00208333333
69414,69420,75133,6,5713,2,14400,1.0010502363
69415,69426,75434,11,6008,2,14400,1.00183089214
69440,69446,75048,6,5602,2,14400,1.00107104605
69455,69462,75348,7,5886,2,14400,1.00118926266
69474,69480,74725,6,5245,2,14400,1.00114394662
69493,69499,75298,6,5799,2,14400,1.00103466115
69512,69518,75012,6,5494,2,14400,1.00109210047
69527,69533,75891,6,6358,2,14400,1.00094369299
69582,69588,75306,6,5718,2,14400,1.00104931794
69597,69603,74972,6,5369,2,14400,1.00111752654
69614,69620,76282,6,6662,2,14400,1.00090063044
69615,69626,75374,11,5748,2,14400,1.00191370912
69617,69631,75543,14,5912,2,14400,1.00236806495
69618,69636,76328,18,6692,2,14400,1.00268977884
69638,69644,75033,6,5389,2,14400,1.00111337911
69639,69650,74627,11,4977,2,14400,1.00221016677
69658,69665,75304,7,5639,2,14400,1.00124135485
69659,69671,75564,12,5893,2,14400,1.00203631427
69718,69724,74023,6,4299,2,14400,1.00139567341
69749,69755,75088,6,5333,2,14400,1.00112507032
69789,69795,75940,6,6145,2,14400,1.00097640358
69811,69817,75598,6,5781,2,14400,1.00103788272
69856,69863,75239,7,5376,2,14400,1.00130208333
69875,69881,75340,6,5459,2,14400,1.0010991024
69906,69912,76350,6,6438,2,14400,1.00093196645
69928,69934,75499,6,5565,2,14400,1.00107816712
69943,69949,75499,6,5550,2,14400,1.00108108108
69962,69968,75601,6,5633,2,14400,1.00106515178
70029,70035,75728,6,5693,2,14400,1.00105392587
70045,70051,75175,6,5124,2,14400,1.00117096019
70046,70057,74995,11,4938,2,14400,1.00222762252
70065,70072,75345,7,5273,2,14400,1.00132751754
70105,70111,75894,6,5783,2,14400,1.00103752378
70121,70127,75699,6,5572,2,14400,1.00107681263
70136,70142,75565,6,5423,2,14400,1.00110639867
70152,70158,75601,6,5443,2,14400,1.00110233327
70195,70201,75832,6,5631,2,14400,1.0010655301
70211,70217,77764,6,7547,2,14400,1.00079501789
70303,70309,75770,6,5461,2,14400,1.00109869987
70387,70393,76044,6,5651,2,14400,1.00106175898
70409,70415,76235,6,5820,2,14400,1.00103092784
70424,70430,76204,6,5774,2,14400,1.00103914098
70458,70464,76709,6,6245,2,14400,1.00096076861
70563,70569,76327,6,5758,2,14400,1.00104202848
70597,70603,75715,6,5112,2,14400,1.00117370892
70695,70701,76099,6,5398,2,14400,1.00111152279
70763,70769,76011,6,5242,2,14400,1.0011446013
70782,70788,76224,6,5436,2,14400,1.00110375276
70943,70949,76546,6,5597,2,14400,1.00107200286
70984,70990,76440,6,5450,2,14400,1.00110091743
71027,71033,77279,6,6246,2,14400,1.00096061479
71101,71107,76136,6,5029,2,14400,1.00119308014
71117,71123,77550,6,6427,2,14400,1.00093356154
71672,71679,77752,7,6073,2,14400,1.00115264285
71873,71879,78000,6,6121,2,14400,1.00098023199
71930,71936,77129,6,5193,2,14400,1.0011554015
72008,72015,78001,7,5986,2,14400,1.00116939526
72131,72138,77480,7,5342,2,14400,1.00131037065
72150,72156,77837,6,5681,2,14400,1.00105615209
72252,72258,77636,6,5378,2,14400,1.00111565638
72507,72514,78000,7,5486,2,14400,1.00127597521
72539,72545,77755,6,5210,2,14400,1.00115163148
72555,72561,78001,6,5440,2,14400,1.00110294118
72586,72592,78001,6,5409,2,14400,1.00110926234
73154,73160,78001,6,4841,2,14400,1.00123941334
73314,73320,78001,6,4681,2,14400,1.0012817774
73351,73357,78001,6,4644,2,14400,1.00129198966
73370,73376,73377,6,1,2,3540,1.0
73464,73470,78001,6,4531,2,14400,1.00132421099
73480,73486,78001,6,4515,2,14400,1.00132890365
73654,73661,78001,7,4340,2,14400,1.00161290323
73722,73727,78001,5,4274,2,14400,1.0011698643
73874,73880,78001,6,4121,2,14400,1.00145595729
73938,73944,78001,6,4057,2,14400,1.00147892531
73990,73996,78001,6,4005,2,14400,1.00149812734
74024,74030,78001,6,3971,2,14400,1.00151095442
74039,74045,78001,6,3956,2,14400,1.00151668352
74079,74085,78001,6,3916,2,14400,1.00153217569
74138,74144,78001,6,3857,2,14400,1.00155561317
74157,74163,78001,6,3838,2,14400,1.00156331423
74179,74185,78001,6,3816,2,14400,1.00157232704
74194,74201,78001,7,3800,2,14400,1.00184210526
74284,74290,78001,6,3711,2,14400,1.00161681487
74299,74305,78001,6,3696,2,14400,1.00162337662
74354,74360,78001,6,3641,2,14400,1.00164789893
74409,74415,78001,6,3586,2,14400,1.00167317345
74546,74553,78001,7,3448,2,14400,1.00203016241
74569,74575,78001,6,3426,2,14400,1.00175131349
74584,74590,78001,6,3411,2,14400,1.00175901495
74600,74606,78001,6,3395,2,14400,1.00176730486
74627,74633,78001,6,3368,2,14400,1.00178147268
74643,74649,78001,6,3352,2,14400,1.00178997613
74659,74665,78001,6,3336,2,14400,1.00179856115
74660,74671,78001,11,3330,2,14400,1.0033033033
74685,74691,78001,6,3310,2,14400,1.00181268882
74700,74706,78001,6,3295,2,14400,1.00182094082
74728,74734,78001,6,3267,2,14400,1.00183654729
74743,74749,78001,6,3252,2,14400,1.00184501845
74758,74765,78001,7,3236,2,14400,1.0021631644
74774,74780,78001,6,3221,2,14400,1.00186277554
74790,74796,78001,6,3205,2,14400,1.00187207488
74805,74812,78001,7,3189,2,14400,1.00219504547
74822,74828,78001,6,3173,2,14400,1.00189095493
74824,74834,78001,10,3167,2,14400,1.00315756236
74825,74839,78001,14,3162,2,14400,1.00442757748
74841,74847,78001,6,3154,2,14400,1.00190234623
74924,74930,78002,6,3072,2,14400,1.001953125
74939,74946,78001,7,3055,2,14400,1.0022913257
74941,74952,78001,11,3049,2,14400,1.00360774024
74960,74966,78001,6,3035,2,14400,1.00197693575
74975,74981,78001,6,3020,2,14400,1.00198675497
74991,74997,78001,6,3004,2,14400,1.00199733688
75007,75013,78001,6,2988,2,14400,1.00200803213
75009,75019,78001,10,2982,2,14400,1.00335345406
75025,75031,78001,6,2970,2,14400,1.00202020202
75026,75037,78001,11,2964,2,14400,1.00371120108
75043,75049,78001,6,2952,2,14400,1.00203252033
75045,75055,78002,10,2947,2,14400,1.0033932813
75046,75060,78002,14,2942,2,14400,1.00475866757
75047,75065,78002,18,2937,2,14400,1.00612870276
75063,75072,78002,9,2930,2,14400,1.00307167235
75091,75097,78002,6,2905,2,14400,1.00206540448
75109,75115,78002,6,2887,2,14400,1.00207828195
75125,75131,78002,6,2871,2,14400,1.00208986416
75141,75147,78002,6,2855,2,14400,1.00210157618
75156,75163,78002,7,2839,2,14400,1.00246565692
75178,75185,78002,7,2817,2,14400,1.00248491303
75216,75222,78002,6,2780,2,14400,1.00215827338
75241,75247,78002,6,2755,2,14400,1.00217785844
75256,75262,78002,6,2740,2,14400,1.00218978102
75297,75303,78002,6,2699,2,14400,1.00222304557
75313,75320,78002,7,2682,2,14400,1.00260999254
75315,75326,78002,11,2676,2,14400,1.00411061286
75316,75331,78002,15,2671,2,14400,1.0056158742
75341,75347,78002,6,2655,2,14400,1.00225988701
75357,75363,78002,6,2639,2,14400,1.00227358848
75359,75369,78002,10,2633,2,14400,1.00379794911
75377,75384,78003,7,2619,2,14400,1.00267277587
75436,75442,78002,6,2560,2,14400,1.00234375
75475,75481,78002,6,2521,2,14400,1.00238000793
75499,75505,78002,6,2497,2,14400,1.00240288346
75500,75511,78002,11,2491,2,14400,1.00441589723
75544,75550,78002,6,2452,2,14400,1.00244698206
75567,75573,78002,6,2429,2,14400,1.00247015233
75568,75579,78002,11,2423,2,14400,1.00453982666
75600,75606,78002,6,2396,2,14400,1.00250417362
75616,75622,78002,6,2380,2,14400,1.0025210084
75617,75628,78002,11,2374,2,14400,1.00463352991
75700,75706,78002,6,2296,2,14400,1.00261324042
75719,75725,78002,6,2277,2,14400,1.00263504611
75734,75740,78002,6,2262,2,14400,1.00265251989
75772,75778,78002,6,2224,2,14400,1.00269784173
75834,75840,78002,6,2162,2,14400,1.00277520814
75892,75898,78002,6,2104,2,14400,1.00285171103
75908,75914,78002,6,2088,2,14400,1.00287356322
75942,75948,78002,6,2054,2,14400,1.0029211295
76013,76019,78002,6,1983,2,14400,1.00302571861
76047,76053,78002,6,1949,2,14400,1.0030785018
76102,76108,78002,6,1894,2,14400,1.00316789863
76138,76144,78002,6,1858,2,14400,1.00322927879
76206,76211,78002,5,1791,2,14400,1.00279173646
76225,76231,78002,6,1771,2,14400,1.00338791643
76240,76246,78006,6,1760,2,14400,1.00340909091
76283,76289,78006,6,1717,2,14400,1.00349446709
76330,76337,78006,7,1669,2,14400,1.00419412822
76332,76343,78006,11,1663,2,14400,1.00661455201
76351,76357,78006,6,1649,2,14400,1.00363856883
76444,76450,78006,6,1556,2,14400,1.00385604113
76548,76555,78006,7,1451,2,14400,1.00482425913
76711,76717,78006,6,1289,2,14400,1.00465477114
77132,77139,78006,7,867,2,14400,1.00807381776
77281,77287,78006,6,719,2,14400,1.0083449235
77481,77487,78006,6,519,2,14400,1.01156069364
77552,77558,78006,6,448,2,14400,1.01339285714
77639,77645,78006,6,361,2,14400,1.01662049861
77753,77759,78006,6,247,2,14400,1.02429149798
77769,77775,78006,6,231,2,14400,1.02597402597
77770,77781,78006,11,225,2,14400,1.04888888889
77838,77844,78006,6,162,2,14400,1.03703703704
78055,78061,81852,6,3791,2,14400,1.00158269586
78056,78067,81818,11,3751,2,14400,1.00293255132
78057,78072,82309,15,4237,2,14400,1.00354024074
78059,78077,82082,18,4005,2,14400,1.00449438202
78060,78082,81838,22,3756,2,14400,1.00585729499
78062,78088,81485,26,3397,2,14400,1.00765381219
78063,78094,81657,31,3563,2,14400,1.00870053326
78065,78099,81495,34,3396,2,14400,1.01001177856
78067,78104,82143,37,4039,2,14400,1.00916068334
78069,78109,81467,40,3358,2,14400,1.01191185229
78070,78114,82163,44,4049,2,14400,1.01086688071
78072,78120,81777,48,3657,2,14400,1.01312551272
78074,78125,82085,51,3960,2,14400,1.01287878788
78076,78130,81618,54,3488,2,14400,1.01548165138
78078,78135,81777,57,3642,2,14400,1.01565074135
78080,78140,81880,60,3740,2,14400,1.01604278075
78081,78145,81722,64,3577,2,14400,1.01789208834
78083,78151,81740,68,3589,2,14400,1.01894678183
78085,78157,81850,72,3693,2,14400,1.01949634444
78086,78162,81971,76,3809,2,14400,1.0199527435
78088,78167,81845,79,3678,2,14400,1.02147906471
78090,78173,81636,83,3463,2,14400,1.0239676581
78092,78178,82956,86,4778,2,14400,1.01799916283
78093,78183,81733,90,3550,2,14400,1.02535211268
78095,78188,82073,93,3885,2,14400,1.02393822394
78097,78193,82349,96,4156,2,14400,1.02309913378
78099,78198,81986,99,3788,2,14400,1.02613516367
78101,78204,81753,103,3549,2,14400,1.02902225979
78102,78209,82067,107,3858,2,14400,1.0277345775
78104,78214,82070,110,3856,2,14400,1.02852697095
78105,78219,82048,114,3829,2,14400,1.02977278663
78107,78224,82142,117,3918,2,14400,1.02986217458
78108,78230,82561,122,4331,2,14400,1.02816901408
78110,78235,81675,125,3440,2,14400,1.0363372093
78111,78240,81973,129,3733,2,14400,1.03455665684
78113,78245,81786,132,3541,2,14400,1.0372776052
78114,78250,82268,136,4018,2,14400,1.03384768542
78116,78255,82340,139,4085,2,14400,1.03402692778
78117,78261,81985,144,3724,2,14400,1.03866809882
78119,78266,82054,147,3788,2,14400,1.03880675818
78120,78271,81810,151,3539,2,14400,1.04266742018
78122,78276,81919,154,3643,2,14400,1.04227285205
78124,78281,82045,157,3764,2,14400,1.0417109458
78125,78286,81606,161,3320,2,14400,1.0484939759
78127,78292,82006,165,3714,2,14400,1.04442649435
78129,78297,81868,168,3571,2,14400,1.04704564548
78130,78302,81792,172,3490,2,14400,1.04928366762
78132,78307,79359,175,1052,2,14400,1.16634980989
78134,78312,126340,178,48028,2,14400,1.0037061714
78135,78318,126343,183,48025,2,14400,1.00381051536
78137,78323,126344,186,48021,2,14400,1.00387330543
78139,78328,126347,189,48019,2,14400,1.00393594202
78141,78333,126340,192,48007,2,14400,1.00399941675
78142,78338,126338,196,48000,2,14400,1.00408333333
78144,78343,126343,199,48000,2,14400,1.00414583333
78145,78349,126342,204,47993,2,14400,1.00425061988
78147,78354,126340,207,47986,2,14400,1.00431375818
78148,78359,126339,211,47980,2,14400,1.00439766569
78150,78364,126346,214,47982,2,14400,1.00446000584
78151,78369,126344,218,47975,2,14400,1.00454403335
78153,78653,82282,500,3629,2,14400,1.13777900248
78156,78658,82983,502,4325,2,14400,1.11606936416
78158,78663,82215,505,3552,2,14400,1.14217342342
78160,78669,82675,509,4006,2,14400,1.12705941088
78161,78674,82095,513,3421,2,14400,1.14995615317
78163,78679,82273,516,3594,2,14400,1.14357262104
78164,78684,84339,520,5655,2,14400,1.09195402299
78166,78689,82738,523,4049,2,14400,1.12916769573
78167,78695,82619,528,3924,2,14400,1.13455657492
78169,78700,82270,531,3570,2,14400,1.1487394958
78171,78705,82399,534,3694,2,14400,1.14455874391
78172,78710,82744,538,4034,2,14400,1.13336638572
78174,78715,82497,541,3782,2,14400,1.1430460074
78175,78720,82529,545,3809,2,14400,1.1430821738
78177,78915,82247,738,3332,2,14400,1.22148859544
78178,79362,83059,1184,3697,2,14400,1.32025967
78180,79367,83439,1187,4072,2,14400,1.29150294695
78181,81830,81841,3649,11,1,900,332.727272727
78182,79373,82800,1191,3427,2,14400,1.34753428655
78183,79378,84368,1195,4990,2,14400,1.23947895792
78184,79383,83390,1199,4007,2,14400,1.29922635388
78186,79388,83154,1202,3766,2,14400,1.31917153478
78187,79393,83602,1206,4209,2,14400,1.28652886671
78188,79399,83960,1211,4561,2,14400,1.26551194913
78190,79404,82846,1214,3442,2,14400,1.35270191749
78191,79409,83791,1218,4382,2,14400,1.27795527157
78192,78375,78642,183,267,28,7980,1.68539325843
78192,79414,83048,1222,3634,2,14400,1.33626857457
78194,79419,82631,1225,3212,2,14400,1.38138231631
78195,79424,83033,1229,3609,2,14400,1.34053754503
78196,79430,83740,1234,4310,2,14400,1.28631090487
78198,79435,83445,1237,4010,2,14400,1.30847880299
78202,79441,83720,1239,4279,2,14400,1.28955363403
78203,79446,83349,1243,3903,2,14400,1.31847296951
78204,79452,83206,1248,3754,2,14400,1.33244539158
78206,79457,83187,1251,3730,2,14400,1.33538873995
78207,79462,83283,1255,3821,2,14400,1.32844805025
78208,79467,82963,1259,3496,2,14400,1.36012585812
78210,79472,83019,1262,3547,2,14400,1.35579362842
78211,79477,83788,1266,4311,2,14400,1.29366736256
78212,79483,83960,1271,4477,2,14400,1.28389546571
78214,79488,83588,1274,4100,2,14400,1.31073170732
78215,79493,83501,1278,4008,2,14400,1.31886227545
78216,79498,83423,1282,3925,2,14400,1.32662420382
78218,79503,84202,1285,4699,2,14400,1.27346243882
78219,79508,83128,1289,3620,2,14400,1.35607734807
78220,79514,83152,1294,3638,2,14400,1.35568993953
78222,81479,85112,3257,3633,2,14400,1.89650426645
78223,81496,85675,3273,4179,2,14400,1.7832017229
78224,81506,85089,3282,3583,2,14400,1.91599218532
78226,81617,85063,3391,3446,2,14400,1.98403946605
78227,81629,86487,3402,4858,2,14400,1.70028818444
78228,81647,84901,3419,3254,2,14400,2.05070682237
78230,81668,85927,3438,4259,2,14400,1.80723174454
78231,81686,85413,3455,3727,2,14400,1.92701905017
78232,81733,85498,3501,3765,2,14400,1.92988047809
78234,81744,85677,3510,3933,2,14400,1.89244851259
78235,81751,85708,3516,3957,2,14400,1.88855193328
78236,81764,85767,3528,4003,2,14400,1.88133899575
78238,81788,86030,3550,4242,2,14400,1.83686940123
78239,81793,85876,3554,4083,2,14400,1.87043840313
78241,81800,85946,3559,4146,2,14400,1.85841775205
78641,81835,81846,3194,11,1,900,291.363636364
78657,79357,79362,700,5,28,7980,70.5
81670,82320,82488,650,168,28,1980,4.86904761905
82485,82491,82498,6,7,1,900,1.3
82497,82503,82754,6,251,28,1980,1.02390438247
82752,82758,82767,6,9,1,900,1.5
82767,82773,83048,6,275,28,1980,1.02181818182
83047,83053,83060,6,7,1,900,1.3
83060,83066,83384,6,318,28,1980,1.01886792453
83381,83387,83398,6,11,1,900,1.54545454545
83396,83402,83758,6,356,28,1980,1.01685393258
83756,83762,83772,6,10,1,900,1.6
83770,83776,84138,6,362,28,1980,1.01657458564
84136,84142,84152,6,10,1,900,1.6
84150,84296,84390,146,94,28,1980,2.55319148936
84387,84393,84394,6,1,1,900,1.0
88062,314622,578389,226560,263767,18,288000,1.85893989771
91552,91558,91703,6,145,28,9960,1.04137931034
91700,91706,91715,6,9,1,900,1.5
91712,91718,91864,6,146,28,9960,1.04109589041
91861,91867,91876,6,9,1,900,1.5
91879,91885,92095,6,210,28,9960,1.02857142857
92092,92099,92109,7,10,1,900,1.7
92108,92115,92332,7,217,28,9960,1.03225806452
92329,92335,92344,6,9,1,900,1.5
92345,92351,92574,6,223,28,9960,1.0269058296
92571,92578,92589,7,11,1,900,1.63636363636
92587,92593,92812,6,219,28,9960,1.02739726027
92809,92815,92826,6,11,1,900,1.54545454545
92827,92833,93055,6,222,28,9960,1.02702702703
93052,93059,93071,7,12,1,900,1.58333333333
93069,93075,93297,6,222,28,9960,1.02702702703
93290,93296,93306,6,10,1,900,1.6
93308,93314,93586,6,272,28,9960,1.02205882353
93584,93590,93602,6,12,1,900,1.5
93605,93611,93920,6,309,28,9960,1.01941747573
93917,93923,93936,6,13,1,900,1.46153846154
93937,93943,94248,6,305,28,9960,1.01967213115
94244,94250,94261,6,11,1,900,1.54545454545
94260,94267,94491,7,224,28,9960,1.03125
94487,94494,94505,7,11,1,900,1.63636363636
94506,94512,94715,6,203,28,9960,1.02955665025
94712,94718,94725,6,7,1,900,1.3
94727,94733,94996,6,263,28,9960,1.02281368821
94995,95001,95010,6,9,1,900,1.5
95012,95018,95315,6,297,28,9960,1.0202020202
95313,95319,95329,6,10,1,900,1.6
95331,95337,95639,6,302,28,9960,1.01986754967
95637,95643,95653,6,10,1,900,1.6
95654,95660,95944,6,284,28,9960,1.02112676056
95943,95949,95960,6,11,1,900,1.54545454545
95960,95967,96276,7,309,28,9960,1.02265372168
96273,96279,96290,6,11,1,900,1.54545454545
96292,96298,96608,6,310,28,9960,1.01935483871
96606,96612,96624,6,12,1,900,1.5
96625,96631,96937,6,306,28,9960,1.01960784314
96936,96941,96949,5,8,1,900,1.3
96956,96962,97270,6,308,28,9960,1.01948051948
97267,97273,97285,6,12,1,900,1.5
97286,97292,97597,6,305,28,9960,1.01967213115
97593,97600,97609,7,9,1,900,1.6
97610,97616,97926,6,310,28,9960,1.01935483871
97925,97931,97942,6,11,1,900,1.54545454545
97945,97951,98254,6,303,28,9960,1.0198019802
98251,98257,98269,6,12,1,900,1.5
98271,98277,98569,6,292,28,9960,1.02054794521
98567,98573,98586,6,13,1,900,1.46153846154
98583,98589,98893,6,304,28,9960,1.01973684211
98892,98898,98907,6,9,1,900,1.5
98909,98915,99225,6,310,28,9960,1.01935483871
99222,99228,99239,6,11,1,900,1.54545454545
99238,99244,99549,6,305,28,9960,1.01967213115
99545,99552,99563,7,11,1,900,1.63636363636
99561,99567,99836,6,269,28,9960,1.02230483271
99833,99839,99849,6,10,1,900,1.6
99851,99857,100166,6,309,28,9960,1.01941747573
100162,100168,100178,6,10,1,900,1.6
100180,100186,100498,6,312,28,9960,1.01923076923
100494,100501,100511,7,10,1,900,1.7
100512,100518,100831,6,313,28,9960,1.01916932907
100828,100834,100844,6,10,1,900,1.6
100848,100854,101150,6,296,28,9960,1.02027027027
101146,101152,101166,6,14,1,900,1.42857142857
101162,101169,101476,7,307,28,9960,1.02280130293
101473,101479,101488,6,9,1,900,1.5
101491,101497,101814,6,317,28,9960,1.01892744479
101806,101812,101823,6,11,1,900,1.54545454545
101826,101832,102126,6,294,28,9960,1.02040816327
102122,102128,102140,6,12,1,900,1.5
102143,102149,102434,6,285,28,9960,1.02105263158
102432,102438,102449,6,11,1,900,1.54545454545
102450,102456,102729,6,273,28,9960,1.02197802198
102727,102734,102749,7,15,1,900,1.46666666667
102747,102753,103059,6,306,28,9960,1.01960784314
103058,103064,103080,6,16,1,900,1.375
103076,103083,103373,7,290,28,9960,1.02413793103
103370,103376,103388,6,12,1,900,1.5
103387,103394,103705,7,311,28,9960,1.02250803859
103703,103709,103719,6,10,1,900,1.6
103719,103725,104024,6,299,28,9960,1.02006688963
104019,104025,104038,6,13,1,900,1.46153846154
104040,104046,104316,6,270,28,9960,1.02222222222
104313,104319,104331,6,12,1,900,1.5
104332,104339,104591,7,252,28,9960,1.02777777778
104588,104594,104607,6,13,1,900,1.46153846154
104606,104612,104922,6,310,28,9960,1.01935483871
104918,104925,104938,7,13,1,900,1.53846153846
104936,104942,105238,6,296,28,9960,1.02027027027
105234,105240,105251,6,11,1,900,1.54545454545
105252,105258,105576,6,318,28,9960,1.01886792453
105573,105579,105590,6,11,1,900,1.54545454545
105592,105598,105899,6,301,28,9960,1.01993355482
105897,105903,105914,6,11,1,900,1.54545454545
105915,105922,106182,7,260,28,9960,1.02692307692
106180,106186,106198,6,12,1,900,1.5
106200,106206,106505,6,299,28,9960,1.02006688963
106503,106509,106522,6,13,1,900,1.46153846154
106523,106529,106831,6,302,28,9960,1.01986754967
106829,106835,106848,6,13,1,900,1.46153846154
106845,106851,106939,6,88,28,9960,1.06818181818
106936,106942,106943,6,1,1,900,1.0
118358,118364,118509,6,145,28,9960,1.04137931034
118507,118513,118521,6,8,1,900,1.4
118519,118525,118667,6,142,28,9960,1.04225352113
118665,118671,118680,6,9,1,900,1.5
118683,118689,118938,6,249,28,9960,1.02409638554
118935,118941,118953,6,12,1,900,1.5
118952,118959,119239,7,280,28,9960,1.025
119236,119242,119255,6,13,1,900,1.46153846154
119255,119261,119535,6,274,28,9960,1.02189781022
119532,119538,119549,6,11,1,900,1.54545454545
119550,119557,119854,7,297,28,9960,1.02356902357
119850,119856,119872,6,16,1,900,1.375
119868,119874,120178,6,304,28,9960,1.01973684211
120060,120065,122141,5,2076,2,14400,1.00240847784
120176,120182,120195,6,13,1,900,1.46153846154
120207,120213,120524,6,311,28,9960,1.0192926045
120521,120527,120543,6,16,1,900,1.375
120546,120552,120853,6,301,28,9960,1.01993355482
120846,120852,121541,6,689,2,14400,1.00870827286
120852,120859,120874,7,15,1,900,1.46666666667
120882,120888,121194,6,306,28,9960,1.01960784314
121104,121110,121748,6,638,2,14400,1.00940438871
121192,121198,121215,6,17,1,900,1.35294117647
121226,121233,121542,7,309,28,9960,1.02265372168
121541,121547,121561,6,14,1,900,1.42857142857
121571,121577,121880,6,303,28,9960,1.0198019802
121879,121885,121902,6,17,1,900,1.35294117647
121909,121915,122228,6,313,28,9960,1.01916932907
122226,122232,122249,6,17,1,900,1.35294117647
122255,122260,122569,5,309,28,9960,1.01618122977
122481,241670,349706,119189,108036,2,108000,2.10323410715
122568,122574,122589,6,15,1,900,1.4
122601,122607,122907,6,300,28,9960,1.02
122904,122910,122923,6,13,1,900,1.46153846154
122931,122937,123270,6,333,28,9960,1.01801801802
123268,123275,123291,7,16,1,900,1.4375
123305,123312,123655,7,343,28,9960,1.02040816327
123348,123354,124061,6,707,2,14400,1.00848656294
123654,123660,123676,6,16,1,900,1.375
123692,123699,124042,7,343,28,9960,1.02040816327
123737,123743,124440,6,697,2,14400,1.00860832138
124041,124047,124064,6,17,1,900,1.35294117647
124077,124083,124426,6,343,28,9960,1.01749271137
124424,124431,124447,7,16,1,900,1.4375
124463,124469,124802,6,333,28,9960,1.01801801802
124799,124806,124821,7,15,1,900,1.46666666667
124835,124844,125153,9,309,28,9960,1.02912621359
124900,124906,133249,6,8343,64,21600,1.00071916577
124918,126266,134422,1348,8156,64,21600,1.16527709662
124934,126349,134922,1415,8573,64,21600,1.1650530736
124948,137797,146864,12849,9067,64,21600,2.41711701776
125152,125158,125173,6,15,1,900,1.4
125179,125185,125533,6,348,28,9960,1.01724137931
125355,125361,135608,6,10247,2,28800,1.00058553723
125532,125538,125553,6,15,1,900,1.4
125562,125568,125912,6,344,28,9960,1.01744186047
125909,125915,125932,6,17,1,900,1.35294117647
125944,125950,126217,6,267,28,9960,1.02247191011
126440,126446,136708,6,10262,2,28800,1.00058468135
126987,314638,399855,187651,85217,1,259200,3.20203715221
127003,314643,400516,187640,85873,1,259200,3.18508728005
127034,314649,401037,187615,86388,1,259200,3.17177154234
127093,241916,414759,114823,172843,2,172800,1.66431964268
127097,249861,422678,122764,172817,2,172800,1.71036992888
127139,241691,500895,114552,259204,4,259200,1.44193762442
127315,133266,171878,5951,38612,14,43200,1.15412307055
127390,127396,132340,6,4944,2,14400,1.00121359223
127391,127402,132038,11,4636,2,14400,1.00237273512
127393,127407,131556,14,4149,2,14400,1.00337430706
127394,127412,131101,18,3689,2,14400,1.0048793711
127395,127417,131104,22,3687,2,14400,1.00596691077
127396,127428,131334,32,3906,2,43200,1.00819252432
127397,127423,131609,26,4186,2,14400,1.00621118012
127398,127434,130765,36,3331,2,14400,1.0108075653
127399,127439,131309,40,3870,2,14400,1.01033591731
127400,127444,130741,44,3297,2,14400,1.01334546557
127402,127449,131110,47,3661,2,14400,1.0128380224
127403,127455,130725,52,3270,2,14400,1.01590214067
127404,127460,131501,56,4041,2,14400,1.01385795595
127406,127465,131208,59,3743,2,14400,1.01576275715
127407,127470,131078,63,3608,2,14400,1.01746119734
127408,127475,131297,67,3822,2,14400,1.01753008896
127410,127480,132734,70,5254,2,14400,1.01332318234
127411,127486,132393,75,4907,2,14400,1.01528428775
127412,127491,130916,79,3425,2,14400,1.02306569343
127413,127496,133651,83,6155,2,14400,1.01348497157
127415,127501,131614,86,4113,2,14400,1.02090931194
127416,127506,132906,90,5400,2,14400,1.01666666667
127417,127511,131821,94,4310,2,14400,1.02180974478
127419,127517,131805,98,4288,2,14400,1.02285447761
127420,127522,131937,102,4415,2,14400,1.02310305776
127421,127527,131943,106,4416,2,14400,1.02400362319
127422,127532,130803,110,3271,2,14400,1.03362885968
127424,127537,130986,113,3449,2,14400,1.03276311974
127425,127542,131143,117,3601,2,14400,1.03249097473
127426,127548,131909,122,4361,2,14400,1.02797523504
127428,127553,131114,125,3561,2,14400,1.0351024993
127429,127559,127591,130,32,2,14400,5.0625
127430,127564,132672,134,5108,2,14400,1.02623335944
127431,127569,131472,138,3903,2,14400,1.03535741737
127433,127575,133089,142,5514,2,14400,1.02575262967
127434,127580,131233,146,3653,2,14400,1.03996715029
127435,127585,132022,150,4437,2,14400,1.0338066261
127437,127590,131212,153,3622,2,14400,1.04224185533
127438,127595,131159,157,3564,2,14400,1.04405162738
127439,127600,131212,161,3612,2,14400,1.04457364341
127441,127606,132983,165,5377,2,14400,1.03068625628
127442,127611,131552,169,3941,2,14400,1.04288251713
127443,127616,132934,173,5318,2,14400,1.0325310267
127444,127621,131493,177,3872,2,14400,1.04571280992
127446,127627,131338,181,3711,2,14400,1.04877391539
127447,130737,134769,3290,4032,2,14400,1.81597222222
127448,130752,134668,3304,3916,2,14400,1.84371807967
127450,130776,134518,3326,3742,2,14400,1.88882950294
127451,130815,134635,3364,3820,2,14400,1.88062827225
127452,130927,135594,3475,4667,2,14400,1.74458967217
127453,130998,134541,3545,3543,2,14400,2.00056449337
127455,131089,136828,3634,5739,2,14400,1.63321136086
127456,131112,134585,3656,3473,2,14400,2.05269219695
127457,131118,135547,3661,4429,2,14400,1.82659742606
127459,131124,134312,3665,3188,2,14400,2.14962358846
127460,131130,134784,3670,3654,2,14400,2.004378763
127461,131154,134679,3693,3525,2,14400,2.04765957447
127463,131170,135103,3707,3933,2,14400,1.94253750318
127464,131219,135085,3755,3866,2,14400,1.97128815313
127465,131225,136240,3760,5015,2,14400,1.74975074776
127466,131230,135146,3764,3916,2,14400,1.96118488253
127468,131244,136115,3776,4871,2,14400,1.77520016424
127469,131308,135523,3839,4215,2,14400,1.91079478055
127470,131319,135319,3849,4000,2,14400,1.96225
127472,131351,136406,3879,5055,2,14400,1.76735905045
127473,131483,135316,4010,3833,2,14400,2.04617792852
127474,131504,135697,4030,4193,2,14400,1.96112568567
127476,131512,136961,4036,5449,2,14400,1.74068636447
127477,131563,135979,4086,4416,2,14400,1.92527173913
127478,131569,136662,4091,5093,2,14400,1.80325937561
127479,131620,136490,4141,4870,2,14400,1.85030800821
127481,131626,136178,4145,4552,2,14400,1.9105887522
127482,131816,135531,4334,3715,2,14400,2.1666218035
127483,131834,136202,4351,4368,2,14400,1.99610805861
127485,131920,135629,4435,3709,2,14400,2.19574009167
127486,131948,135915,4462,3967,2,14400,2.1247794303
127487,131954,135556,4467,3602,2,14400,2.24014436424
127488,132034,137463,4546,5429,2,14400,1.83735494566
127490,132050,136234,4560,4184,2,14400,2.08986615679
127491,132351,137187,4860,4836,2,14400,2.00496277916
127492,132404,135964,4912,3560,2,14400,2.3797752809
127494,132683,136660,5189,3977,2,14400,2.30475232587
127495,132745,136323,5250,3578,2,14400,2.46730016769
127496,132917,137158,5421,4241,2,14400,2.27823626503
127498,132945,136687,5447,3742,2,14400,2.45563869588
127499,132994,136710,5495,3716,2,14400,2.47874058127
127500,133100,136676,5600,3576,2,14400,2.56599552573
127502,133277,137098,5775,3821,2,14400,2.51138445433
127503,133282,137040,5779,3758,2,14400,2.53778605641
127504,133287,137463,5783,4176,2,14400,2.38481800766
127505,133292,136976,5787,3684,2,14400,2.57084690554
127507,133422,137316,5915,3894,2,14400,2.51900359527
127508,133428,137463,5920,4035,2,14400,2.46716232962
127509,133433,137217,5924,3784,2,14400,2.56553911205
127511,133438,137215,5927,3777,2,14400,2.56923484247
127512,133443,136994,5931,3551,2,14400,2.67023373698
127513,133448,137463,5935,4015,2,14400,2.47820672478
127514,133454,137463,5940,4009,2,14400,2.48166625094
127516,133459,137463,5943,4004,2,14400,2.48426573427
127517,133464,137176,5947,3712,2,14400,2.6021012931
127518,133662,137428,6144,3766,2,14400,2.63143919278
127520,134227,137463,6707,3236,2,14400,3.07262051916
127521,134323,137463,6802,3140,2,14400,3.16624203822
127522,134438,137463,6916,3025,2,14400,3.28628099174
127523,134443,137463,6920,3020,2,14400,3.29139072848
127525,134449,137463,6924,3014,2,14400,3.29727936297
127526,134454,137463,6928,3009,2,14400,3.30242605517
127527,134459,137463,6932,3004,2,14400,3.30758988016
127591,134464,137463,6873,2999,2,14400,3.29176392131
127635,133261,133406,5626,145,28,7980,39.8
127647,134469,137463,6822,2994,2,14400,3.27855711423
128276,131345,134215,3069,2870,2,28800,2.06933797909
128314,133271,183017,4957,49746,14,57600,1.09964620271
128738,133417,159267,4679,25850,10,57600,1.18100580271
128744,241675,320891,112931,79216,1,79200,2.42560846294
128924,136455,172530,7531,36075,2,43200,1.20875952876
129029,136460,148089,7431,11629,2,43200,1.63900593344
129347,136465,138414,7118,1949,1,3600,4.65212929708
130728,134475,137463,3747,2988,2,14400,2.25401606426
130743,134480,137463,3737,2983,2,14400,2.25276567214
130767,134485,137463,3718,2978,2,14400,2.24848891874
130805,134490,137463,3685,2973,2,14400,2.23948873192
130916,134495,137463,3579,2968,2,14400,2.20586253369
130990,134500,137463,3510,2963,2,14400,2.18461019237
131081,134506,137463,3425,2957,2,14400,2.15826851539
131102,134511,137463,3409,2952,2,14400,2.1548102981
131117,134517,137463,3400,2946,2,14400,2.15410726409
131119,134522,137463,3403,2941,2,14400,2.15708942537
131120,134527,137463,3407,2936,2,14400,2.16042234332
131144,134533,137463,3389,2930,2,14400,2.1566552901
131159,134552,137463,3393,2911,2,14400,2.16557883889
131212,134596,137463,3384,2867,2,14400,2.18032786885
131227,134646,137463,3419,2817,2,14400,2.21370252041
131228,134658,137463,3430,2805,2,14400,2.22281639929
131244,134663,137463,3419,2800,2,14400,2.22107142857
131298,134673,137463,3375,2790,2,14400,2.20967741935
131313,134678,137463,3365,2785,2,14400,2.20825852783
131340,134683,137463,3343,2780,2,14400,2.20251798561
131474,134688,137463,3214,2775,2,14400,2.1581981982
131495,134694,137463,3199,2769,2,14400,2.15529071867
131510,134699,137463,3189,2764,2,14400,2.15376266281
131553,134704,137463,3151,2759,2,14400,2.14208046394
131568,134709,137463,3141,2754,2,14400,2.14052287582
131611,134715,137463,3104,2748,2,14400,2.12954876274
131626,134720,137463,3094,2743,2,14400,2.12796208531
131805,134725,137463,2920,2738,2,14400,2.06647187728
131823,134730,137463,2907,2733,2,14400,2.06366630077
131912,134736,137463,2824,2727,2,14400,2.03557022369
131939,134741,137463,2802,2722,2,14400,2.0293901543
131954,134780,137463,2826,2683,2,14400,2.0532985464
132025,134795,137463,2770,2668,2,14400,2.03823088456
132040,134944,137463,2904,2519,2,14400,2.15283842795
132340,134950,137463,2610,2513,2,14400,2.03859928372
132395,134955,137463,2560,2508,2,14400,2.02073365231
132673,134960,137463,2287,2503,2,14400,1.91370355573
132734,134965,137463,2231,2498,2,14400,1.89311449159
132908,134970,137463,2062,2493,2,14400,1.82711592459
132936,134976,137463,2040,2487,2,14400,1.82026537998
132986,134981,137463,1995,2482,2,14400,1.80378726833
133094,134986,137463,1892,2477,2,14400,1.76382721034
133405,136470,136483,3065,13,1,900,236.769230769
133421,134433,134647,1012,214,28,7980,5.72897196262
133653,134992,137463,1339,2471,2,14400,1.54188587616
134313,134997,137463,684,2466,2,14400,1.27737226277
134520,135002,137464,482,2462,2,14400,1.19577579204
134541,135008,137464,467,2456,2,14400,1.1901465798
134587,135013,137464,426,2451,2,14400,1.17380660955
134635,135018,137464,383,2446,2,14400,1.15658217498
134644,136475,136490,1831,15,1,900,123.066666667
134661,134934,135242,273,308,28,7980,1.88636363636
134669,135023,137464,354,2441,2,14400,1.14502253175
134684,134939,137973,255,3034,2,28800,1.0840474621
134684,135028,137464,344,2436,2,14400,1.14121510673
134770,135096,137464,326,2368,2,14400,1.13766891892
134785,135114,137464,329,2350,2,14400,1.14
135088,135157,137464,69,2307,2,14400,1.02990897269
135103,135327,137464,224,2137,2,14400,1.1048198409
135146,135333,137464,187,2131,2,14400,1.087752229
135240,136481,136494,1241,13,1,900,96.4615384615
135261,136154,136428,893,274,28,7980,4.25912408759
135320,135534,137464,214,1930,2,14400,1.11088082902
135321,135542,137464,221,1922,2,14400,1.11498439126
135523,135558,137464,35,1906,2,14400,1.01836306401
135538,135567,137464,29,1897,2,14400,1.01528729573
135553,135605,137464,52,1859,2,14400,1.02797202797
135568,135619,137464,51,1845,2,14400,1.02764227642
135593,135640,137464,47,1824,2,14400,1.02576754386
135632,135709,137464,77,1755,2,14400,1.04387464387
135654,314633,388126,178979,73493,8,356400,3.43532037065
135699,135926,137464,227,1538,2,14400,1.14759427828
135758,135991,141767,233,5776,2,28800,1.04033933518
135762,136491,138170,729,1679,1,5400,1.43418701608
135918,135975,137464,57,1489,2,14400,1.03828072532
135964,136127,137464,163,1337,2,14400,1.12191473448
135982,136189,137464,207,1275,2,14400,1.16235294118
136116,136213,137464,97,1251,2,14400,1.07753796962
136132,136439,141188,307,4749,2,28800,1.06464518846
136180,136245,137464,65,1219,2,14400,1.05332239541
136187,136496,139965,309,3469,1,3600,1.08907466129
136202,136251,137464,49,1213,2,14400,1.04039571311
136236,136334,137464,98,1130,2,14400,1.08672566372
136251,136417,137464,166,1047,2,14400,1.15854823305
136292,137487,141088,1195,3601,64,3540,1.33185226326
136325,136444,137464,119,1020,2,14400,1.11666666667
136407,136449,137464,42,1015,2,14400,1.04137931034
136426,136486,136498,60,12,1,900,6.0
136447,137477,137786,1030,309,28,7980,4.33333333333
136491,136502,137464,11,962,2,14400,1.01143451143
136663,136669,137464,6,795,2,14400,1.00754716981
136664,136675,137464,11,789,2,14400,1.01394169835
136680,136686,137464,6,778,2,14400,1.00771208226
136694,136700,137464,6,764,2,14400,1.00785340314
136713,136719,137464,6,745,2,14400,1.00805369128
136829,136835,137464,6,629,2,14400,1.00953895072
136964,136970,137464,6,494,2,14400,1.01214574899
136979,136985,137464,6,479,2,14400,1.01252609603
136997,137003,137464,6,461,2,14400,1.01301518438
137043,137049,137464,6,415,2,14400,1.01445783133
137098,137104,137464,6,360,2,14400,1.01666666667
137159,137166,137464,7,298,2,14400,1.02348993289
137178,137184,137464,6,280,2,14400,1.02142857143
137193,137199,137464,6,265,2,14400,1.02264150943
137217,137224,137464,7,240,2,14400,1.02916666667
137219,137230,137464,11,234,2,14400,1.04700854701
137316,137322,137464,6,142,2,14400,1.04225352113
137430,137436,137464,6,28,2,14400,1.21428571429
137784,137790,137807,6,17,1,900,1.35294117647
137806,138181,138423,375,242,28,7980,2.54958677686
137943,137949,137986,6,37,2,14400,1.16216216216
137944,137955,137992,11,37,2,14400,1.2972972973
137946,137960,137996,14,36,2,14400,1.38888888889
137947,137965,138001,18,36,2,14400,1.5
137948,137970,138007,22,37,2,14400,1.59459459459
137950,137976,138011,26,35,2,14400,1.74285714286
137951,137982,138018,31,36,2,14400,1.86111111111
137952,137987,138023,35,36,2,14400,1.97222222222
137954,137992,138029,38,37,2,14400,2.02702702703
137955,137997,138034,42,37,2,14400,2.13513513514
137956,138003,138037,47,34,2,14400,2.38235294118
137958,138008,138044,50,36,2,14400,2.38888888889
137959,138013,138049,54,36,2,14400,2.5
137961,138018,138053,57,35,2,14400,2.62857142857
137962,138023,138060,61,37,2,14400,2.64864864865
137963,138028,138065,65,37,2,14400,2.75675675676
137964,138034,138069,70,35,2,14400,3.0
137966,138039,138075,73,36,2,14400,3.02777777778
137967,138044,138080,77,36,2,14400,3.13888888889
137968,138049,138085,81,36,2,14400,3.25
137970,138054,138090,84,36,2,14400,3.33333333333
137971,138059,138096,88,37,2,14400,3.37837837838
137973,138065,138101,92,36,2,14400,3.55555555556
137974,138070,138106,96,36,2,14400,3.66666666667
137975,138075,138111,100,36,2,14400,3.77777777778
137976,138080,138116,104,36,2,14400,3.88888888889
137978,138087,138124,109,37,2,14400,3.94594594595
137979,138092,138129,113,37,2,14400,4.05405405405
137980,138097,138133,117,36,2,14400,4.25
137982,138102,138138,120,36,2,14400,4.33333333333
137983,138107,138143,124,36,2,14400,4.44444444444
137984,138112,138147,128,35,2,14400,4.65714285714
137986,138118,138153,132,35,2,14400,4.77142857143
137987,138123,138158,136,35,2,14400,4.88571428571
137989,138128,138164,139,36,2,14400,4.86111111111
137990,138133,138168,143,35,2,14400,5.08571428571
137991,138138,138174,147,36,2,14400,5.08333333333
137993,138144,138177,151,33,2,14400,5.57575757576
137994,138149,138185,155,36,2,14400,5.30555555556
137995,138154,138190,159,36,2,14400,5.41666666667
138422,138428,138443,6,15,1,900,1.4
138441,138447,138681,6,234,28,7980,1.02564102564
138531,139049,139545,518,496,12,480,2.04435483871
138583,138589,139569,6,980,2,14400,1.00612244898
138584,138595,139570,11,975,2,14400,1.01128205128
138586,138600,139569,14,969,2,14400,1.01444788442
138587,138605,139569,18,964,2,14400,1.01867219917
138588,138610,139569,22,959,2,14400,1.02294056309
138589,138616,139569,27,953,2,14400,1.02833158447
138591,138622,139570,31,948,2,14400,1.03270042194
138592,138627,139570,35,943,2,14400,1.03711558855
138593,138632,139570,39,938,2,14400,1.04157782516
138595,138638,139570,43,932,2,14400,1.04613733906
138596,138643,139570,47,927,2,14400,1.05070118662
138597,138648,139570,51,922,2,14400,1.05531453362
138599,138653,139570,54,917,2,14400,1.05888767721
138600,138658,139570,58,912,2,14400,1.06359649123
138601,138663,139570,62,907,2,14400,1.06835722161
138603,138669,139570,66,901,2,14400,1.07325194229
138604,138674,139570,70,896,2,14400,1.078125
138606,138679,139570,73,891,2,14400,1.08193041526
138607,138684,139570,77,886,2,14400,1.08690744921
138608,138689,139570,81,881,2,14400,1.09194097616
138610,138695,139570,85,875,2,14400,1.09714285714
138611,138700,139575,89,875,2,14400,1.10171428571
138612,138705,139575,93,870,2,14400,1.10689655172
138614,138710,139575,96,865,2,14400,1.11098265896
138615,138715,139575,100,860,2,14400,1.11627906977
138617,138720,139575,103,855,2,14400,1.12046783626
138618,138732,139575,114,843,2,14400,1.13523131673
138619,138737,139575,118,838,2,14400,1.14081145585
138621,138742,139575,121,833,2,14400,1.14525810324
138622,138748,139575,126,827,2,14400,1.15235792019
138623,138753,139575,130,822,2,14400,1.15815085158
138625,138758,139575,133,817,2,14400,1.16279069767
138626,138763,139575,137,812,2,14400,1.16871921182
138627,138768,139575,141,807,2,14400,1.17472118959
138629,138774,139575,145,801,2,14400,1.18102372035
138630,138779,139575,149,796,2,14400,1.18718592965
138632,138784,139575,152,791,2,14400,1.19216182048
138633,138789,139575,156,786,2,14400,1.19847328244
138634,138794,139575,160,781,2,14400,1.20486555698
138636,138799,139575,163,776,2,14400,1.21005154639
138678,139059,139067,381,8,1,900,38.9
138696,139054,139400,358,346,12,300,2.03468208092
138704,138727,139038,23,311,28,7980,1.07395498392
138805,312263,398707,173458,86444,4,86400,3.00659386424
139034,139065,139081,31,16,1,900,2.9375
139054,139581,139875,527,294,28,7980,2.7925170068
139066,139073,142447,7,3374,1,3600,1.0020746888
139234,314654,401092,175420,86438,4,86400,3.02943150003
139616,139622,144061,6,4439,2,14400,1.00135165578
139618,139628,142994,10,3366,2,14400,1.00297088532
139619,139633,144032,14,4399,2,14400,1.00318254149
139620,139638,144276,18,4638,2,14400,1.00388098318
139621,139643,143437,22,3794,2,14400,1.00579862941
139623,139649,144104,26,4455,2,14400,1.00583613917
139624,139654,143485,30,3831,2,14400,1.00783085356
139626,139659,144314,33,4655,2,14400,1.00708915145
139627,139664,143563,37,3899,2,14400,1.00948961272
139628,139670,143867,42,4197,2,14400,1.01000714796
139630,139675,144498,45,4823,2,14400,1.00933029235
139631,139680,144128,49,4448,2,14400,1.01101618705
139632,139685,144307,53,4622,2,14400,1.01146689745
139634,139690,144423,56,4733,2,14400,1.01183181914
139635,139695,143540,60,3845,2,14400,1.0156046814
139636,139701,142966,65,3265,2,14400,1.01990811639
139638,139706,143992,68,4286,2,14400,1.01586560896
139639,139711,143421,72,3710,2,14400,1.01940700809
139640,139716,143955,76,4239,2,14400,1.01792875678
139641,139721,143692,80,3971,2,14400,1.02014605893
139642,139886,139936,244,50,12,600,5.88
139643,139726,143837,83,4111,2,14400,1.02018973486
139644,139733,144272,89,4539,2,14400,1.01960784314
139645,139738,144402,93,4664,2,14400,1.01993996569
139647,139743,143663,96,3920,2,14400,1.02448979592
139648,139748,144158,100,4410,2,14400,1.02267573696
139649,139754,144719,105,4965,2,14400,1.02114803625
139651,139759,144177,108,4418,2,14400,1.02444545043
139652,139764,143795,112,4031,2,14400,1.02778466882
139653,139769,143403,116,3634,2,14400,1.03192074849
139655,139774,144482,119,4708,2,14400,1.02527612574
139656,139779,144300,123,4521,2,14400,1.02720637027
139657,139785,144213,128,4428,2,14400,1.02890695574
139659,139790,143789,131,3999,2,14400,1.03275818955
139660,139795,144475,135,4680,2,14400,1.02884615385
139661,139800,143891,139,4091,2,14400,1.03397702273
139663,139805,144654,142,4849,2,14400,1.02928438853
139664,139811,144023,147,4212,2,14400,1.0349002849
139665,139816,143172,151,3356,2,14400,1.04499404052
139667,139821,144163,154,4342,2,14400,1.03546752649
139668,139826,143907,158,4081,2,14400,1.03871600098
139844,314660,398556,174816,83896,4,86400,3.0837227043
139872,139891,139901,19,10,1,900,2.9
139892,140772,140998,880,226,28,7980,4.89380530973
139933,139939,140543,6,604,12,600,1.00993377483
139989,139995,140761,6,766,12,720,1.00783289817
140420,147649,147681,7229,32,128,420,226.90625
140996,141002,141014,6,12,1,900,1.5
141033,141039,141249,6,210,28,7980,1.02857142857
141248,141254,141265,6,11,1,900,1.54545454545
141280,141286,141500,6,214,28,7980,1.02803738318
141341,141348,142594,7,1246,12,1200,1.00561797753
141463,309537,349370,168074,39833,2,172800,5.21946627168
141498,141505,141520,7,15,1,900,1.46666666667
141527,141533,141753,6,220,28,7980,1.02727272727
141751,141757,141770,6,13,1,900,1.46153846154
141775,141781,142003,6,222,28,7980,1.02702702703
142001,142007,142019,6,12,1,900,1.5
142032,142038,142385,6,347,28,7980,1.01729106628
142383,142389,142402,6,13,1,900,1.46153846154
142417,142423,142754,6,331,28,7980,1.01812688822
142457,314665,366176,172208,51511,2,172800,4.34313059347
142752,142758,142772,6,14,1,900,1.42857142857
142778,142784,144029,6,1245,12,1200,1.00481927711
142783,142790,143097,7,307,28,7980,1.02280130293
142966,142973,147449,7,4476,2,14400,1.00156389634
142997,143003,147254,6,4251,2,14400,1.0014114326
143095,143102,143114,7,12,1,900,1.58333333333
143113,143119,143498,6,379,28,7980,1.01583113456
143137,143144,144655,7,1511,12,1500,1.00463269358
143168,143174,146939,6,3765,2,14400,1.0015936255
143405,143412,147608,7,4196,2,14400,1.00166825548
143423,143429,148111,6,4682,2,14400,1.00128150363
143438,143444,148170,6,4726,2,14400,1.00126957258
143486,143492,147473,6,3981,2,14400,1.00150715901
143497,143503,143516,6,13,1,900,1.46153846154
143528,143534,143926,6,392,28,7980,1.01530612245
143543,143549,148589,6,5040,2,14400,1.00119047619
143564,143570,147014,6,3444,2,14400,1.00174216028
143663,143669,147484,6,3815,2,14400,1.00157273919
143693,143700,148675,7,4975,2,14400,1.00140703518
143790,143796,147899,6,4103,2,14400,1.00146234463
143805,143811,148418,6,4607,2,14400,1.00130236596
143837,143844,147693,7,3849,2,14400,1.0018186542
143867,143873,147669,6,3796,2,14400,1.00158061117
143891,143897,148835,6,4938,2,14400,1.00121506683
143909,143915,148222,6,4307,2,14400,1.00139308103
143924,143931,143945,7,14,1,900,1.5
143945,143951,144322,6,371,28,7980,1.01617250674
143957,143964,147576,7,3612,2,14400,1.0019379845
143993,144000,147993,7,3993,2,14400,1.00175306787
144024,144030,147997,6,3967,2,14400,1.00151247794
144038,144044,148184,6,4140,2,14400,1.00144927536
144062,144068,148599,6,4531,2,14400,1.00132421099
144104,144110,148331,6,4221,2,14400,1.00142146411
144128,144135,148997,7,4862,2,14400,1.00143973673
144159,144165,148457,6,4292,2,14400,1.00139794967
144173,144179,148173,6,3994,2,14400,1.00150225338
144188,144194,148286,6,4092,2,14400,1.00146627566
144215,144221,148239,6,4018,2,14400,1.00149328024
144272,144278,148917,6,4639,2,14400,1.00129338219
144288,144294,148179,6,3885,2,14400,1.00154440154
144303,144309,149291,6,4982,2,14400,1.00120433561
144318,144324,149176,6,4852,2,14400,1.00123660346
144320,144330,148578,10,4248,2,14400,1.00235404896
144320,144339,144351,19,12,1,900,2.58333333333
144345,144351,144711,6,360,28,7980,1.01666666667
144402,144408,148573,6,4165,2,14400,1.00144057623
144424,144430,149547,6,5117,2,14400,1.00117256205
144476,144482,148771,6,4289,2,14400,1.00139892749
144491,144498,148715,7,4217,2,14400,1.00165994783
144507,144513,148657,6,4144,2,14400,1.00144787645
144655,144661,148987,6,4326,2,14400,1.00138696255
144662,144668,144689,6,21,4,600,1.28571428571
144709,144715,144730,6,15,1,900,1.4
144722,144728,148319,6,3591,2,14400,1.00167084378
144732,144738,145074,6,336,28,7980,1.01785714286
144972,144978,144997,6,19,4,600,1.31578947368
145070,145076,145092,6,16,1,900,1.375
145091,145097,145433,6,336,28,7980,1.01785714286
145345,145352,145964,7,612,4,600,1.0114379085
145432,145438,145460,6,22,1,900,1.27272727273
145451,145457,145797,6,340,28,7980,1.01764705882
145793,145800,145814,7,14,1,900,1.5
145816,145822,146148,6,326,28,7980,1.01840490798
146029,146035,146214,6,179,4,600,1.03351955307
146100,146106,147638,6,1532,12,1500,1.00391644909
146146,146153,146167,7,14,1,900,1.5
146164,146170,146515,6,345,28,7980,1.01739130435
146186,146192,146470,6,278,12,1200,1.02158273381
146208,146225,146295,17,70,4,600,1.24285714286
146513,146519,146533,6,14,1,900,1.42857142857
146532,146875,147211,343,336,28,7980,2.02083333333
146939,146946,151452,7,4506,2,14400,1.00155348424
147015,147021,151287,6,4266,2,14400,1.00140646976
147209,147215,147231,6,16,1,900,1.375
147229,147235,147612,6,377,28,7980,1.01591511936
147253,147260,151831,7,4571,2,14400,1.00153139357
147452,147458,150869,6,3411,2,14400,1.00175901495
147476,147482,151817,6,4335,2,14400,1.00138408304
147490,147496,151347,6,3851,2,14400,1.00155803687
147578,147584,152326,6,4742,2,14400,1.00126528891
147609,147615,152654,6,5039,2,14400,1.00119071244
147610,147621,147632,11,11,1,900,2.0
147630,147692,148071,62,379,28,7980,1.1635883905
147669,147675,153284,6,5609,2,14400,1.0010697094
147693,147700,152295,7,4595,2,14400,1.00152339499
147901,147907,152131,6,4224,2,14400,1.00142045455
147995,148001,151552,6,3551,2,14400,1.00168966488
148010,148016,152740,6,4724,2,14400,1.00127011008
148069,148076,148091,7,15,1,900,1.46666666667
148090,148096,148473,6,377,28,7980,1.01591511936
148112,148118,152288,6,4170,2,14400,1.00143884892
148174,148181,152492,7,4311,2,14400,1.00162375319
148176,148187,152724,11,4537,2,14400,1.00242450959
148191,148197,152120,6,3923,2,14400,1.00152944175
148192,148203,153350,11,5147,2,14400,1.00213716728
148222,148228,151834,6,3606,2,14400,1.00166389351
148240,148251,152821,11,4570,2,14400,1.00240700219
148289,148295,152421,6,4126,2,14400,1.00145419292
148320,148326,152747,6,4421,2,14400,1.00135715901
148334,148341,152855,7,4514,2,14400,1.00155073106
148419,148426,153163,7,4737,2,14400,1.00147772852
148459,148465,153164,6,4699,2,14400,1.00127686742
148472,148478,148494,6,16,1,900,1.375
148493,148499,148875,6,376,28,7980,1.01595744681
148573,148579,153307,6,4728,2,14400,1.00126903553
148588,148594,152793,6,4199,2,14400,1.00142891165
148603,148609,152455,6,3846,2,14400,1.0015600624
148604,148615,153783,11,5168,2,14400,1.00212848297
148659,148665,153209,6,4544,2,14400,1.00132042254
148677,148683,152841,6,4158,2,14400,1.00144300144
148716,148722,152736,6,4014,2,14400,1.00149476831
148774,148780,152565,6,3785,2,14400,1.00158520476
148837,148843,153298,6,4455,2,14400,1.00134680135
148871,148877,148890,6,13,1,900,1.46153846154
148886,148892,148981,6,89,28,7980,1.06741573034
148892,148898,150802,6,1904,12,2100,1.0031512605
148918,148925,153518,7,4593,2,14400,1.00152405835
148943,148949,155949,6,7000,2,43200,1.00085714286
148964,148971,148972,7,1,2,50400,1.0
148978,148984,148985,6,1,1,900,1.0
148988,148995,153875,7,4880,2,14400,1.00143442623
149003,149009,153126,6,4117,2,14400,1.00145737187
149108,149114,149115,6,1,2,50400,1.0
149176,149183,153385,7,4202,2,14400,1.00166587339
149292,149298,154395,6,5097,2,14400,1.00117716304
149391,149397,149398,6,1,2,50400,1.0
149549,149555,153616,6,4061,2,14400,1.0014774686
149567,149573,149656,6,83,2,43200,1.07228915663
149674,149680,170726,6,21046,2,43200,1.0002850898
149914,149921,151215,7,1294,12,3000,1.00540958269
150315,150321,163413,6,13092,18,46800,1.00045829514
150347,150353,158030,6,7677,18,50400,1.0007815553
150869,150876,154509,7,3633,2,14400,1.00192678227
151109,151115,189755,6,38640,10,43200,1.0001552795
151289,151295,155819,6,4524,2,14400,1.00132625995
151349,151354,152268,5,914,12,900,1.00547045952
151349,151360,155686,11,4326,2,14400,1.00254276468
151455,151461,155543,6,4082,2,14400,1.00146986771
151554,151560,155324,6,3764,2,14400,1.00159404888
151819,151825,155347,6,3522,2,14400,1.00170357751
151834,151840,156091,6,4251,2,14400,1.0014114326
151835,151846,157028,11,5182,2,14400,1.00212273254
152122,152128,156755,6,4627,2,14400,1.00129673655
152137,152143,156837,6,4694,2,14400,1.00127822752
152291,152297,155949,6,3652,2,14400,1.00164293538
152306,152312,156522,6,4210,2,14400,1.00142517815
152327,152333,156493,6,4160,2,14400,1.00144230769
152375,152382,152986,7,604,12,600,1.01158940397
152423,152430,157020,7,4590,2,14400,1.00152505447
152457,152463,156440,6,3977,2,14400,1.00150867488
152493,152499,156952,6,4453,2,14400,1.00134740624
152565,152572,156715,7,4143,2,14400,1.00168959691
152656,152662,157193,6,4531,2,14400,1.00132421099
152726,152733,157648,7,4915,2,14400,1.0014242116
152742,152748,156838,6,4090,2,14400,1.00146699267
152743,152754,157259,11,4505,2,14400,1.00244173141
152758,152764,157259,6,4495,2,14400,1.00133481646
152794,152800,156925,6,4125,2,14400,1.00145454545
152824,152830,156890,6,4060,2,14400,1.00147783251
152842,152848,157305,6,4457,2,14400,1.00134619699
152856,152863,157569,7,4706,2,14400,1.00148746281
153128,153134,157516,6,4382,2,14400,1.00136923779
153164,153170,157854,6,4684,2,14400,1.00128095645
153166,153176,157811,10,4635,2,14400,1.0021574973
153211,153217,157309,6,4092,2,14400,1.00146627566
153286,153292,157571,6,4279,2,14400,1.00140219677
153301,153307,157776,6,4469,2,14400,1.00134258223
153316,153322,157463,6,4141,2,14400,1.00144892538
153345,153351,153979,6,628,12,600,1.00955414013
153352,153358,157281,6,3923,2,14400,1.00152944175
153385,153391,158195,6,4804,2,14400,1.0012489592
153519,153525,158009,6,4484,2,14400,1.00133809099
153609,153615,154247,6,632,12,600,1.00949367089
153619,153625,158415,6,4790,2,14400,1.0012526096
153786,153792,157569,6,3777,2,14400,1.00158856235
153876,153883,158298,7,4415,2,14400,1.00158550396
154397,154403,158037,6,3634,2,14400,1.0016510732
154509,154515,158216,6,3701,2,14400,1.00162118346
155027,183478,192976,28451,9498,64,21600,3.9954727311
155055,241634,249794,86579,8160,64,21600,11.6101715686
155068,241640,249832,86572,8192,64,21600,11.5678710938
155085,241645,249844,86560,8199,64,21600,11.557385047
155326,155332,159764,6,4432,2,14400,1.00135379061
155350,155356,159282,6,3926,2,14400,1.00152827305
155544,155550,160034,6,4484,2,14400,1.00133809099
155689,155695,159675,6,3980,2,14400,1.00150753769
155822,155828,160156,6,4328,2,14400,1.00138632163
155869,155875,199121,6,43246,18,43200,1.00013874116
155872,155881,199117,9,43236,18,43200,1.00020815987
155946,155953,169807,7,13854,2,43200,1.00050526924
155951,155959,160234,8,4275,2,14400,1.00187134503
156093,156099,160171,6,4072,2,14400,1.00147347741
156440,156446,160061,6,3615,2,14400,1.00165975104
156494,156500,160768,6,4268,2,14400,1.00140581068
156524,156530,160751,6,4221,2,14400,1.00142146411
156633,156640,157396,7,756,6,1860,1.00925925926
156718,156724,160068,6,3344,2,14400,1.00179425837
156757,156763,160925,6,4162,2,14400,1.00144161461
156839,156846,161370,7,4524,2,14400,1.00154730327
156841,156852,161212,11,4360,2,14400,1.00252293578
156892,156898,160904,6,4006,2,14400,1.00149775337
156928,156934,160431,6,3497,2,14400,1.00171575636
156952,156958,161081,6,4123,2,14400,1.00145525103
157022,157028,160973,6,3945,2,14400,1.00152091255
157036,157043,161636,7,4593,2,14400,1.00152405835
157193,157199,160738,6,3539,2,14400,1.00169539418
157261,157267,161577,6,4310,2,14400,1.00139211137
157262,157273,161798,11,4525,2,14400,1.00243093923
157283,157289,161444,6,4155,2,14400,1.00144404332
157307,157313,161409,6,4096,2,14400,1.00146484375
157322,157328,161896,6,4568,2,14400,1.00131348511
157464,157470,161632,6,4162,2,14400,1.00144161461
157518,157525,161723,7,4198,2,14400,1.0016674607
157571,157577,162308,6,4731,2,14400,1.00126823082
157572,157583,161483,11,3900,2,14400,1.00282051282
157587,157593,161859,6,4266,2,14400,1.00140646976
157650,157657,161782,7,4125,2,14400,1.0016969697
157777,157783,162151,6,4368,2,14400,1.00137362637
157814,157820,161972,6,4152,2,14400,1.00144508671
157832,157838,158636,6,798,12,1860,1.00751879699
157856,157862,161721,6,3859,2,14400,1.00155480694
158010,158016,163407,6,5391,2,14400,1.00111296605
158037,158043,162903,6,4860,2,14400,1.0012345679
158194,158200,162361,6,4161,2,14400,1.00144196107
158218,158225,162485,7,4260,2,14400,1.00164319249
158300,158306,162582,6,4276,2,14400,1.00140318054
158417,158424,162613,7,4189,2,14400,1.00167104321
159285,159291,163507,6,4216,2,14400,1.00142314991
159622,159628,159629,6,1,2,3540,1.0
159677,159683,163796,6,4113,2,14400,1.0014587892
159764,159770,164679,6,4909,2,14400,1.00122224486
160036,160042,164482,6,4440,2,14400,1.00135135135
160063,160069,164475,6,4406,2,14400,1.00136177939
160078,160084,164697,6,4613,2,14400,1.00130067201
160156,160162,164036,6,3874,2,14400,1.00154878678
160173,160179,164035,6,3856,2,14400,1.0015560166
160237,160243,164347,6,4104,2,14400,1.0014619883
160433,160439,164201,6,3762,2,14400,1.00159489633
160740,160746,164604,6,3858,2,14400,1.00155520995
160755,160761,164589,6,3828,2,14400,1.00156739812
160770,160776,164788,6,4012,2,14400,1.00149551346
160905,160912,166020,7,5108,2,14400,1.00137039937
160926,160932,165475,6,4543,2,14400,1.00132071319
160974,160980,165488,6,4508,2,14400,1.00133096717
161082,161088,166050,6,4962,2,14400,1.00120918984
161215,161221,165188,6,3967,2,14400,1.00151247794
161371,161378,165510,7,4132,2,14400,1.00169409487
161410,161417,165855,7,4438,2,14400,1.00157728707
161446,161452,165010,6,3558,2,14400,1.00168634064
161485,161491,166069,6,4578,2,14400,1.00131061599
161578,161585,165229,7,3644,2,14400,1.00192096597
161632,161639,166477,7,4838,2,14400,1.00144687888
161647,161653,165908,6,4255,2,14400,1.00141010576
161723,161729,167115,6,5386,2,14400,1.00111399926
161724,161735,165841,11,4106,2,14400,1.00267900633
161784,161790,165407,6,3617,2,14400,1.00165883329
161799,161805,166609,6,4804,2,14400,1.0012489592
161862,161868,166232,6,4364,2,14400,1.00137488543
161898,161904,166590,6,4686,2,14400,1.00128040973
161973,161979,166042,6,4063,2,14400,1.00147674132
162151,162157,166685,6,4528,2,14400,1.00132508834
162310,162316,166490,6,4174,2,14400,1.00143747005
162362,162368,167191,6,4823,2,14400,1.00124403898
162488,162494,167035,6,4541,2,14400,1.00132129487
162584,162590,166659,6,4069,2,14400,1.00147456377
162614,162620,166760,6,4140,2,14400,1.00144927536
162906,162912,167428,6,4516,2,14400,1.00132860939
163407,163413,167456,6,4043,2,14400,1.0014840465
163510,163516,167420,6,3904,2,14400,1.00153688525
163797,163803,168930,6,5127,2,14400,1.00117027501
164036,164042,169245,6,5203,2,14400,1.00115318086
164037,164048,168924,11,4876,2,14400,1.0022559475
164203,164209,168098,6,3889,2,14400,1.00154281306
164347,164353,169272,6,4919,2,14400,1.00121976011
164477,164483,168692,6,4209,2,14400,1.00142551675
164491,164497,168476,6,3979,2,14400,1.00150791656
164591,164597,168438,6,3841,2,14400,1.0015620932
164606,164612,168393,6,3781,2,14400,1.00158688178
164681,164687,169609,6,4922,2,14400,1.00121901666
164699,164705,168918,6,4213,2,14400,1.0014241633
164790,164796,168712,6,3916,2,14400,1.00153217569
165013,165019,170099,6,5080,2,14400,1.00118110236
165188,165194,169367,6,4173,2,14400,1.00143781452
165230,165236,169677,6,4441,2,14400,1.00135104706
165408,165414,169734,6,4320,2,14400,1.00138888889
165477,165484,169829,7,4345,2,14400,1.00161104718
165493,165499,169991,6,4492,2,14400,1.00133570793
165510,165517,169443,7,3926,2,14400,1.00178298523
165842,165849,170883,7,5034,2,14400,1.0013905443
165857,165864,170480,7,4616,2,14400,1.00151646447
165909,165915,170511,6,4596,2,14400,1.00130548303
166021,166027,170232,6,4205,2,14400,1.00142687277
166042,166048,170481,6,4433,2,14400,1.00135348522
166057,166063,170625,6,4562,2,14400,1.00131521263
166072,166078,170065,6,3987,2,14400,1.0015048909
166235,166241,170393,6,4152,2,14400,1.00144508671
166475,166481,168256,6,1775,1,3600,1.00338028169
166480,166487,170771,7,4284,2,14400,1.00163398693
166495,166501,171572,6,5071,2,14400,1.00118319858
166592,166598,170948,6,4350,2,14400,1.00137931034
166610,166616,170621,6,4005,2,14400,1.00149812734
166661,166668,170855,7,4187,2,14400,1.00167184141
166685,166691,170826,6,4135,2,14400,1.00145102781
166761,166767,170772,6,4005,2,14400,1.00149812734
167036,167043,171880,7,4837,2,14400,1.001447178
167118,167124,171225,6,4101,2,14400,1.00146305779
167193,167199,172507,6,5308,2,14400,1.00113036925
167423,167429,171589,6,4160,2,14400,1.00144230769
167437,167443,171547,6,4104,2,14400,1.0014619883
167458,167464,172105,6,4641,2,14400,1.00129282482
168100,168106,172642,6,4536,2,14400,1.00132275132
168395,168401,173130,6,4729,2,14400,1.00126876718
168440,168446,172171,6,3725,2,14400,1.00161073826
168479,168485,172248,6,3763,2,14400,1.0015944725
168692,168698,172734,6,4036,2,14400,1.00148662042
168713,168719,173059,6,4340,2,14400,1.00138248848
168921,168927,173373,6,4446,2,14400,1.00134952767
168936,168941,173451,5,4510,2,14400,1.00110864745
168937,168947,173400,10,4453,2,14400,1.00224567707
169247,169253,174711,6,5458,2,14400,1.00109930377
169274,169280,174009,6,4729,2,14400,1.00126876718
169367,169373,169387,6,14,1,3600,1.42857142857
169370,169379,173821,9,4442,2,14400,1.00202611436
169390,169396,171296,6,1900,1,3600,1.00315789474
169445,169451,173344,6,3893,2,14400,1.00154122784
169611,169617,173410,6,3793,2,14400,1.00158186132
169680,169686,173991,6,4305,2,14400,1.00139372822
169734,169740,174037,6,4297,2,14400,1.00139632302
169830,169836,173792,6,3956,2,14400,1.00151668352
169840,169847,198665,7,28818,2,28800,1.00024290374
169993,169999,174343,6,4344,2,14400,1.00138121547
170065,170071,174557,6,4486,2,14400,1.00133749443
170101,170107,174429,6,4322,2,14400,1.00138824618
170108,170114,184972,6,14858,18,32400,1.00040382286
170234,170240,174380,6,4140,2,14400,1.00144927536
170394,170400,174628,6,4228,2,14400,1.00141911069
170482,170488,174951,6,4463,2,14400,1.00134438718
170483,170494,175077,11,4583,2,14400,1.00240017456
170513,170519,175450,6,4931,2,14400,1.00121679173
170605,170611,170612,6,1,2,3540,1.0
170621,170627,175177,6,4550,2,14400,1.00131868132
170636,170642,175775,6,5133,2,14400,1.00116890707
170748,170754,203186,6,32432,2,32400,1.00018500247
170771,170777,174922,6,4145,2,14400,1.00144752714
170773,170783,175580,10,4797,2,14400,1.00208463623
170827,170833,175472,6,4639,2,14400,1.00129338219
170857,170863,174768,6,3905,2,14400,1.00153649168
170883,170890,175496,7,4606,2,14400,1.00151975684
170949,170956,174700,7,3744,2,14400,1.00186965812
171227,171233,176023,6,4790,2,14400,1.0012526096
171353,171359,173047,6,1688,1,3600,1.00355450237
171549,171555,176430,6,4875,2,14400,1.00123076923
171573,171579,175774,6,4195,2,14400,1.00143027414
171591,171597,175867,6,4270,2,14400,1.00140515222
171880,171887,176309,7,4422,2,14400,1.00158299412
172100,172106,177165,6,5059,2,14400,1.00118600514
172173,172179,176668,6,4489,2,14400,1.00133660058
172248,172254,176303,6,4049,2,14400,1.00148184737
172510,172516,176992,6,4476,2,14400,1.00134048257
172643,172649,177010,6,4361,2,14400,1.00137583123
172736,172742,176640,6,3898,2,14400,1.0015392509
173061,173067,177402,6,4335,2,14400,1.00138408304
173130,173136,177670,6,4534,2,14400,1.0013233348
173343,173350,177147,7,3797,2,14400,1.00184356071
173374,173380,177758,6,4378,2,14400,1.00137048881
173403,173410,178057,7,4647,2,14400,1.00150634818
173418,173424,177731,6,4307,2,14400,1.00139308103
173454,173460,177768,6,4308,2,14400,1.00139275766
173792,173798,177729,6,3931,2,14400,1.00152632918
173822,173828,177743,6,3915,2,14400,1.00153256705
173993,173999,178330,6,4331,2,14400,1.00138536135
174011,174017,178158,6,4141,2,14400,1.00144892538
174039,174045,177682,6,3637,2,14400,1.0016497113
174343,174349,179083,6,4734,2,14400,1.00126742712
174382,174388,178722,6,4334,2,14400,1.0013844024
174430,174436,179111,6,4675,2,14400,1.00128342246
174560,174566,182714,6,8148,2,14400,1.00073637703
174629,174635,179044,6,4409,2,14400,1.0013608528
174701,174707,179100,6,4393,2,14400,1.00136580924
174715,174721,178934,6,4213,2,14400,1.0014241633
174769,174776,179251,7,4475,2,14400,1.00156424581
174923,174929,179184,6,4255,2,14400,1.00141010576
174953,174959,179383,6,4424,2,14400,1.0013562387
175079,175085,178954,6,3869,2,14400,1.00155078832
175179,175185,179409,6,4224,2,14400,1.00142045455
175450,175456,179727,6,4271,2,14400,1.00140482323
175474,175480,179808,6,4328,2,14400,1.00138632163
175498,175504,179830,6,4326,2,14400,1.00138696255
175582,175588,180570,6,4982,2,14400,1.00120433561
175775,175781,180019,6,4238,2,14400,1.00141576215
175776,175787,179959,11,4172,2,14400,1.00263662512
175870,175876,180652,6,4776,2,14400,1.00125628141
176026,176032,180742,6,4710,2,14400,1.00127388535
176304,176310,180051,6,3741,2,14400,1.00160384924
176318,176324,180853,6,4529,2,14400,1.00132479576
176430,176436,180451,6,4015,2,14400,1.00149439601
176640,176647,180621,7,3974,2,14400,1.00176144942
176670,176676,181215,6,4539,2,14400,1.00132187707
176993,176999,181462,6,4463,2,14400,1.00134438718
177011,177017,181193,6,4176,2,14400,1.00143678161
177149,177155,181449,6,4294,2,14400,1.00139729856
177167,177173,181325,6,4152,2,14400,1.00144508671
177402,177408,181592,6,4184,2,14400,1.00143403442
177670,177676,183115,6,5439,2,14400,1.00110314396
177685,177691,182427,6,4736,2,14400,1.00126689189
177730,177736,181254,6,3518,2,14400,1.0017055145
177732,177742,182074,10,4332,2,14400,1.00230840259
177746,177753,181639,7,3886,2,14400,1.00180133814
177761,177767,182034,6,4267,2,14400,1.00140614015
177776,177782,182149,6,4367,2,14400,1.00137394092
178059,178065,181819,6,3754,2,14400,1.00159829515
178159,178165,182566,6,4401,2,14400,1.00136332652
178331,178337,182141,6,3804,2,14400,1.00157728707
178723,178729,182740,6,4011,2,14400,1.00149588631
178937,178943,183322,6,4379,2,14400,1.00137017584
178955,178961,183074,6,4113,2,14400,1.0014587892
179045,179051,183492,6,4441,2,14400,1.00135104706
179084,179090,183150,6,4060,2,14400,1.00147783251
179102,179108,183619,6,4511,2,14400,1.00133008202
179117,179123,183738,6,4615,2,14400,1.00130010834
179186,179192,183502,6,4310,2,14400,1.00139211137
179252,179258,183424,6,4166,2,14400,1.00144023044
179384,179390,183093,6,3703,2,14400,1.00162030786
179411,179417,183360,6,3943,2,14400,1.001521684
179728,179734,184202,6,4468,2,14400,1.00134288272
179809,179815,184266,6,4451,2,14400,1.00134801168
179830,179836,183863,6,4027,2,14400,1.00148994289
179959,179965,184612,6,4647,2,14400,1.00129115558
180019,180025,184020,6,3995,2,14400,1.00150187735
180052,180059,185085,7,5026,2,14400,1.00139275766
180453,180459,184309,6,3850,2,14400,1.00155844156
180571,180577,184343,6,3766,2,14400,1.00159320234
180622,180628,185302,6,4674,2,14400,1.00128369705
180652,180658,184440,6,3782,2,14400,1.00158646219
180742,180748,185629,6,4881,2,14400,1.0012292563
180853,180859,184529,6,3670,2,14400,1.00163487738
181029,181035,181036,6,1,2,3540,1.0
181196,181202,185494,6,4292,2,14400,1.00139794967
181217,181223,185068,6,3845,2,14400,1.00156046814
181256,181262,185364,6,4102,2,14400,1.00146270112
181325,181331,186212,6,4881,2,14400,1.0012292563
181451,181457,185761,6,4304,2,14400,1.00139405204
181466,181472,185094,6,3622,2,14400,1.00165654335
181592,181599,186101,7,4502,2,14400,1.0015548645
181641,181647,186502,6,4855,2,14400,1.00123583934
181822,181828,185887,6,4059,2,14400,1.0014781966
181874,181880,182055,6,175,28,7980,1.03428571429
182034,182040,182207,6,167,1,3600,1.03592814371
182036,182046,186521,10,4475,2,14400,1.00223463687
182050,182056,182062,6,6,1,900,1.2
182060,182067,182236,7,169,28,7980,1.04142011834
182075,182082,186390,7,4308,2,14400,1.00162488394
182141,182148,187699,7,5551,2,14400,1.00126103405
182156,182162,186708,6,4546,2,14400,1.00131984162
182234,182240,182245,6,5,1,900,1.1
182247,182253,182432,6,179,28,7980,1.03351955307
182380,182386,182725,6,339,1,3600,1.01769911504
182427,182434,186721,7,4287,2,14400,1.00163284348
182429,182440,182446,11,6,1,900,1.7
182443,183028,183199,585,171,28,7980,4.42105263158
182566,182572,187017,6,4445,2,14400,1.00134983127
182717,182723,187697,6,4974,2,14400,1.00120627262
182741,182747,187213,6,4466,2,14400,1.0013434841
183073,183079,183899,6,820,1,3600,1.00731707317
183076,183085,187650,9,4565,2,14400,1.00197152245
183094,183100,187183,6,4083,2,14400,1.00146950771
183118,183124,186981,6,3857,2,14400,1.00155561317
183151,183157,187341,6,4184,2,14400,1.00143403442
183197,183203,183208,6,5,1,900,1.1
183211,183217,183467,6,250,28,7980,1.024
183325,183331,188158,6,4827,2,14400,1.00124300808
183361,183367,187878,6,4511,2,14400,1.00133008202
183424,183430,187403,6,3973,2,14400,1.00151019381
183464,183470,183477,6,7,1,900,1.3
183480,189767,190034,6287,267,28,7980,24.5468164794
183493,183500,188146,7,4646,2,14400,1.00150667241
183508,183514,187178,6,3664,2,14400,1.00163755459
183620,183626,187973,6,4347,2,14400,1.00138026225
183740,183746,187808,6,4062,2,14400,1.00147710487
183864,183870,188552,6,4682,2,14400,1.00128150363
184022,184029,188648,7,4619,2,14400,1.00151547954
184203,184209,188447,6,4238,2,14400,1.00141576215
184266,184272,188948,6,4676,2,14400,1.00128314799
184312,184318,188678,6,4360,2,14400,1.00137614679
184345,184351,188303,6,3952,2,14400,1.00151821862
184441,184447,188671,6,4224,2,14400,1.00142045455
184532,184539,188479,7,3940,2,14400,1.00177664975
184616,184622,188870,6,4248,2,14400,1.00141242938
185070,185076,189890,6,4814,2,14400,1.00124636477
185085,185091,189054,6,3963,2,14400,1.00151400454
185098,185104,185267,6,163,1,3600,1.03680981595
185100,185110,189234,10,4124,2,14400,1.00242483026
185304,185310,190184,6,4874,2,14400,1.00123102175
185367,185373,189562,6,4189,2,14400,1.00143232275
185429,185435,185954,6,519,1,3600,1.01156069364
185493,185500,190026,7,4526,2,14400,1.00154661953
185620,185626,185911,6,285,1,3600,1.02105263158
185629,185635,189699,6,4064,2,14400,1.00147637795
185762,185768,189983,6,4215,2,14400,1.00142348754
185888,185894,190511,6,4617,2,14400,1.00129954516
186080,186086,186538,6,452,1,3600,1.01327433628
186104,186110,191416,6,5306,2,14400,1.00113079533
186213,186219,189941,6,3722,2,14400,1.00161203654
186391,186397,190680,6,4283,2,14400,1.00140088723
186404,186410,187246,6,836,1,3600,1.00717703349
186505,186511,191108,6,4597,2,14400,1.00130519904
186522,186530,190797,8,4267,2,14400,1.00187485353
186711,186717,190364,6,3647,2,14400,1.00164518783
186726,186732,190859,6,4127,2,14400,1.00145384056
186893,186899,187954,6,1055,1,3600,1.00568720379
186983,186989,191157,6,4168,2,14400,1.00143953935
187019,187025,191469,6,4444,2,14400,1.00135013501
187178,187185,191571,7,4386,2,14400,1.00159598723
187193,187199,191540,6,4341,2,14400,1.00138217001
187214,187220,191346,6,4126,2,14400,1.00145419292
187341,187347,191406,6,4059,2,14400,1.0014781966
187404,187411,192063,7,4652,2,14400,1.00150472915
187652,187658,191807,6,4149,2,14400,1.0014461316
187700,187706,192553,6,4847,2,14400,1.0012378791
187702,187712,191853,10,4141,2,14400,1.00241487563
187810,187816,192547,6,4731,2,14400,1.00126823082
187879,187885,192305,6,4420,2,14400,1.00135746606
187976,187983,192953,7,4970,2,14400,1.0014084507
188149,188155,192800,6,4645,2,14400,1.00129171152
188164,188169,192576,5,4407,2,14400,1.00113455866
188305,188311,192416,6,4105,2,14400,1.00146163216
188447,188453,192419,6,3966,2,14400,1.0015128593
188480,188486,192317,6,3831,2,14400,1.00156617071
188553,188559,192668,6,4109,2,14400,1.0014602093
188649,188655,193136,6,4481,2,14400,1.00133898683
188673,188679,193500,6,4821,2,14400,1.00124455507
188688,188694,193009,6,4315,2,14400,1.00139049826
188873,188880,192864,7,3984,2,14400,1.00175702811
188949,188955,193933,6,4978,2,14400,1.00120530333
189058,189064,193535,6,4471,2,14400,1.00134198166
189085,189091,189217,6,126,1,3600,1.04761904762
189238,189244,193652,6,4408,2,14400,1.00136116152
189270,189276,189393,6,117,1,1800,1.05128205128
189399,189405,189837,6,432,1,3600,1.01388888889
189565,189571,194086,6,4515,2,14400,1.00132890365
189690,189696,189811,6,115,1,1800,1.05217391304
189702,189708,193831,6,4123,2,14400,1.00145525103
189894,189900,194301,6,4401,2,14400,1.00136332652
189942,189949,194366,7,4417,2,14400,1.00158478605
189984,189991,193977,7,3986,2,14400,1.00175614651
190026,190033,194340,7,4307,2,14400,1.0016252612
190031,190039,190049,8,10,1,900,1.8
190045,190946,191197,901,251,28,7980,4.58964143426
190187,190193,194474,6,4281,2,14400,1.0014015417
190234,190241,190973,7,732,1,3600,1.00956284153
190365,190371,194350,6,3979,2,14400,1.00150791656
190414,190420,190995,6,575,1,1800,1.01043478261
190513,190519,194382,6,3863,2,14400,1.001553197
190682,190688,195378,6,4690,2,14400,1.0012793177
190797,190803,195825,6,5022,2,14400,1.00119474313
190860,241696,245558,50836,3862,2,14400,14.163127913
191112,241702,245613,50590,3911,2,14400,13.9353106622
191157,241707,245589,50550,3882,2,14400,14.0216383308
191189,191196,191207,7,11,1,900,1.63636363636
191203,191210,191453,7,243,28,7980,1.02880658436
191348,241712,245666,50364,3954,2,14400,13.7374810319
191408,241717,246061,50309,4344,2,14400,12.5812615101
191423,241722,245616,50299,3894,2,14400,13.9170518747
191450,191456,191467,6,11,1,900,1.54545454545
191464,191864,192080,400,216,28,7980,2.85185185185
191472,241727,245568,50255,3841,2,14400,14.0838323353
191541,241733,246181,50192,4448,2,14400,12.2841726619
191571,241738,245763,50167,4025,2,14400,13.4638509317
191811,241743,245666,49932,3923,2,14400,13.7280142748
191856,241748,245896,49892,4148,2,14400,13.0279652845
192064,241753,245464,49689,3711,2,14400,14.3896523848
192073,192079,192088,6,9,1,900,1.5
192089,192095,192316,6,221,28,7980,1.02714932127
192308,241759,246777,49451,5018,2,14400,10.8547229972
192313,192319,192331,6,12,1,900,1.5
192322,241764,245531,49442,3767,2,14400,14.1250331829
192327,192333,192581,6,248,28,7980,1.02419354839
192416,241769,246292,49353,4523,2,14400,11.9115631218
192430,241774,245923,49344,4149,2,14400,12.8929862617
192550,241779,246114,49229,4335,2,14400,12.3561707036
192564,241784,246115,49220,4331,2,14400,12.3645809282
192578,192584,192595,6,11,1,900,1.54545454545
192580,241790,245762,49210,3972,2,14400,13.389224572
192592,192598,192855,6,257,28,7980,1.0233463035
192636,192642,192694,6,52,1,1800,1.11538461538
192671,241795,245166,49124,3371,2,14400,15.5725304064
192801,241800,245981,48999,4181,2,14400,12.7194451088
192851,192858,192869,7,11,1,900,1.63636363636
192866,241805,246403,48939,4598,2,14400,11.6435406699
192868,192874,193132,6,258,28,7980,1.02325581395
192953,241810,245976,48857,4166,2,14400,12.727556409
192993,192999,193076,6,77,1,1800,1.07792207792
193010,241815,245615,48805,3800,2,14400,13.8434210526
193130,193136,193149,6,13,1,900,1.46153846154
193138,241821,245873,48683,4052,2,14400,13.0145607108
193148,193154,193414,6,260,28,7980,1.02307692308
193284,193291,193401,7,110,1,1800,1.06363636364
193413,193419,193430,6,11,1,900,1.54545454545
193428,193435,193703,7,268,28,7980,1.02611940299
193505,241826,246050,48321,4224,2,14400,12.4396306818
193538,241831,246372,48293,4541,2,14400,11.6348821845
193653,241836,245929,48183,4093,2,14400,12.7720498412
193701,193707,193717,6,10,1,900,1.6
193716,193723,193967,7,244,28,7980,1.02868852459
193833,241841,246892,48008,5051,2,14400,10.5046525441
193903,193909,194202,6,293,1,1800,1.0204778157
193936,241847,245697,47911,3850,2,14400,13.4444155844
193964,193971,193981,7,10,1,900,1.7
193978,241852,246137,47874,4285,2,14400,12.172462077
193982,193988,194249,6,261,28,7980,1.02298850575
194042,194048,194626,6,578,1,1800,1.01038062284
194087,241857,246034,47770,4177,2,14400,12.4364376347
194244,194250,194261,6,11,1,900,1.54545454545
194259,194265,194537,6,272,28,7980,1.02205882353
194304,241862,245621,47558,3759,2,14400,13.6517690875
194340,241867,245636,47527,3769,2,14400,13.609976121
194355,241872,246215,47517,4343,2,14400,11.9410545706
194370,241878,245964,47508,4086,2,14400,12.6270190896
194384,241883,246383,47499,4500,2,14400,11.5553333333
194475,241888,246021,47413,4133,2,14400,12.4718122429
194529,194536,194546,7,10,1,900,1.7
194545,194551,194800,6,249,28,7980,1.02409638554
194797,194803,194812,6,9,1,900,1.5
194814,194820,195162,6,342,28,7980,1.01754385965
195160,195166,195176,6,10,1,900,1.6
195178,195184,195446,6,262,28,7980,1.02290076336
195383,241893,245320,46510,3427,2,14400,14.5716370003
195444,195449,195461,5,12,1,900,1.41666666667
195462,195468,195712,6,244,28,7980,1.02459016393
195708,195715,195727,7,12,1,900,1.58333333333
195726,195732,195996,6,264,28,7980,1.02272727273
195828,241898,247176,46070,5278,2,14400,9.728685108
195993,195999,196011,6,12,1,900,1.5
196013,196019,196287,6,268,28,7980,1.0223880597
196284,196290,196301,6,11,1,900,1.54545454545
196299,196306,196555,7,249,28,7980,1.0281124498
196420,196426,196476,6,50,1,1800,1.12
196554,196560,196569,6,9,1,900,1.5
196569,196575,196830,6,255,28,7980,1.02352941176
196806,196812,196892,6,80,1,1800,1.075
196828,196834,196845,6,11,1,900,1.54545454545
196846,196852,197170,6,318,28,7980,1.01886792453
196953,319157,471257,122204,152100,8,252000,1.80344510191
197168,197175,197187,7,12,1,900,1.58333333333
197187,197193,197543,6,350,28,7980,1.01714285714
197542,197548,197559,6,11,1,900,1.54545454545
197560,314627,314637,117067,10,28,7980,11707.7
197894,197900,198187,6,287,1,1800,1.02090592334
202181,202187,203249,6,1062,64,1800,1.00564971751
203295,203301,204925,6,1624,64,1800,1.00369458128
203557,203563,203791,6,228,4,600,1.02631578947
203841,203847,204270,6,423,4,600,1.01418439716
205092,205098,205112,6,14,4,60,1.42857142857
205257,243466,319636,38209,76170,1,540000,1.50162793751
205729,249806,272181,44077,22375,64,43200,2.96992178771
207482,241681,243455,34199,1774,1,3600,20.277903044
209035,241686,241687,32651,1,1,600,3265.2
241012,250375,253865,9363,3490,2,28800,3.68280802292
241012,336027,595255,95015,259228,2,259200,1.36653062169
241012,320985,322651,79973,1666,2,259200,49.0030012005
241012,250351,259060,9339,8709,2,28800,2.0723389597
241012,308997,312687,67985,3690,1,90000,19.4241192412
241012,241018,241023,6,5,2,3600,1.1
241012,319152,354550,78140,35398,18,151200,3.20746934855
241012,250095,260158,9083,10063,2,28800,1.90261353473
241012,354566,613804,113554,259238,2,259200,1.43802991845
241012,241911,242212,899,301,1,3015,3.98671096346
241012,349717,608940,108705,259223,2,259200,1.41934936329
241012,320964,361018,79952,40054,10,43200,2.9961052579
241012,314471,316703,73459,2232,1,90000,33.9117383513
241012,314681,322651,73669,7970,2,259200,10.2432873275
241012,319173,364901,78161,45728,10,57600,2.70925909727
241012,319168,374918,78156,55750,14,57600,2.40190134529
241012,320969,378171,79957,57202,10,57600,2.3978007762
241012,320883,358055,79871,37172,14,43200,3.1486871839
241012,320990,580199,79978,259209,2,259200,1.30854638535
241012,314671,340894,73659,26223,18,151200,3.80894634481
241012,312699,314915,71687,2216,1,90000,33.3497292419
241012,316715,388754,75703,72039,1,72000,2.050861339
242967,319162,319971,76195,809,12,1860,95.1841779975
243001,250381,255921,7380,5540,1,30660,2.3321299639
245413,249844,308905,4431,59061,64,54000,1.0750241276
245446,249856,308964,4410,59108,64,54000,1.07460918996
245450,272194,316472,26744,44278,64,54000,1.60400198744
245615,308917,314610,63302,5693,64,54000,12.1192692781
245620,308976,313415,63356,4439,64,54000,15.2725839153
245624,313426,316520,67802,3094,64,54000,22.9140271493
245876,245882,249559,6,3677,2,14400,1.00163176503
245878,245888,250079,10,4191,2,14400,1.00238606538
245879,245893,250362,14,4469,2,14400,1.00313269188
245880,245898,250365,18,4467,2,14400,1.00402955003
245882,245904,250336,22,4432,2,14400,1.00496389892
245883,245910,250220,27,4310,2,14400,1.00626450116
245884,245915,250462,31,4547,2,14400,1.00681768199
245886,245920,250965,34,5045,2,14400,1.00673934589
245887,245925,250166,38,4241,2,14400,1.00896015091
245888,245931,250738,43,4807,2,14400,1.00894528812
245890,245936,250398,46,4462,2,14400,1.01030927835
245891,245941,249629,50,3688,2,14400,1.01355748373
245892,245946,250377,54,4431,2,14400,1.01218686527
245894,245951,250621,57,4670,2,14400,1.01220556745
245895,245957,250263,62,4306,2,14400,1.0143985137
245896,245962,250193,66,4231,2,14400,1.01559914914
245898,245967,250511,69,4544,2,14400,1.01518485915
245899,245972,250604,73,4632,2,14400,1.01575993092
245915,245978,250203,63,4225,2,14400,1.0149112426
245930,245983,249826,53,3843,2,14400,1.01379130887
245931,245988,249913,57,3925,2,14400,1.01452229299
245965,245994,250017,29,4023,2,14400,1.00720855083
245980,246000,250872,20,4872,2,14400,1.00410509031
245995,246006,250451,11,4445,2,14400,1.00247469066
246022,246029,251323,7,5294,2,14400,1.00132225161
246037,246044,251113,7,5069,2,14400,1.00138094299
246052,246058,250674,6,4616,2,14400,1.00129982669
246068,246074,250480,6,4406,2,14400,1.00136177939
246117,246123,250960,6,4837,2,14400,1.00124043829
246118,246129,251477,11,5348,2,14400,1.00205684368
246139,246145,250106,6,3961,2,14400,1.001514769
246185,246191,250456,6,4265,2,14400,1.00140679953
246218,246224,250616,6,4392,2,14400,1.00136612022
246294,246300,250784,6,4484,2,14400,1.00133809099
246375,246381,250693,6,4312,2,14400,1.00139146568
246390,246397,251105,7,4708,2,14400,1.00148683093
246406,246412,250810,6,4398,2,14400,1.00136425648
246780,246786,251585,6,4799,2,14400,1.00125026047
246895,246901,250851,6,3950,2,14400,1.00151898734
247179,247186,251139,7,3953,2,14400,1.00177080698
249562,249568,253753,6,4185,2,14400,1.00143369176
249631,249637,254066,6,4429,2,14400,1.00135470761
249827,249833,254012,6,4179,2,14400,1.00143575018
249915,249921,254176,6,4255,2,14400,1.00141010576
250018,250024,253988,6,3964,2,14400,1.0015136226
250083,250089,254939,6,4850,2,14400,1.0012371134
250107,250113,254567,6,4454,2,14400,1.00134710373
250167,250173,254238,6,4065,2,14400,1.00147601476
250194,250200,254223,6,4023,2,14400,1.00149142431
250209,250215,254255,6,4040,2,14400,1.00148514851
250224,250230,254132,6,3902,2,14400,1.00153767299
250267,250273,255064,6,4791,2,14400,1.00125234815
250339,250345,254384,6,4039,2,14400,1.00148551622
250363,250369,254714,6,4345,2,14400,1.00138089758
250378,250387,254385,9,3998,2,14400,1.00225112556
250380,250393,255453,13,5060,2,14400,1.00256916996
250401,250409,254081,8,3672,2,14400,1.00217864924
250452,250462,254445,10,3983,2,14400,1.00251067035
250467,250473,254433,6,3960,2,14400,1.00151515152
250469,250479,254780,10,4301,2,14400,1.00232504069
250483,250491,255046,8,4555,2,14400,1.00175631175
250513,250522,254572,9,4050,2,14400,1.00222222222
250607,250615,254610,8,3995,2,14400,1.00200250313
250623,250629,254654,6,4025,2,14400,1.00149068323
250624,250635,254488,11,3853,2,14400,1.00285491825
250676,250685,254880,9,4195,2,14400,1.0021454112
250694,250704,255171,10,4467,2,14400,1.00223863891
250739,250749,254910,10,4161,2,14400,1.00240326845
250787,250796,255058,9,4262,2,14400,1.00211168466
250811,250822,254835,11,4013,2,14400,1.00274109145
250853,250862,255942,9,5080,2,14400,1.00177165354
250875,250884,254846,9,3962,2,14400,1.00227158001
250962,250971,255047,9,4076,2,14400,1.00220804711
250977,250983,255189,6,4206,2,14400,1.00142653352
251107,251116,255239,9,4123,2,14400,1.00218287655
251122,251128,255291,6,4163,2,14400,1.00144126832
251140,251150,255592,10,4442,2,14400,1.00225123818
251325,251334,255287,9,3953,2,14400,1.00227675183
251479,251488,255453,9,3965,2,14400,1.00226986129
251586,251596,256085,10,4489,2,14400,1.00222766763
253756,253764,257940,8,4176,2,14400,1.00191570881
253991,253997,258628,6,4631,2,14400,1.0012956165
254015,254021,258172,6,4151,2,14400,1.00144543483
254069,254075,257945,6,3870,2,14400,1.0015503876
254084,254090,258317,6,4227,2,14400,1.00141944642
254135,254141,258400,6,4259,2,14400,1.0014087814
254177,254183,258729,6,4546,2,14400,1.00131984162
254225,254231,258226,6,3995,2,14400,1.00150187735
254240,254246,258347,6,4101,2,14400,1.00146305779
254258,254264,258359,6,4095,2,14400,1.00146520147
254385,254392,258543,7,4151,2,14400,1.00168634064
254400,254406,258643,6,4237,2,14400,1.00141609629
254437,254443,258430,6,3987,2,14400,1.0015048909
254451,254458,258646,7,4188,2,14400,1.00167144222
254491,254497,258966,6,4469,2,14400,1.00134258223
254569,254575,259236,6,4661,2,14400,1.00128727741
254584,254590,258816,6,4226,2,14400,1.0014197823
254611,254617,258274,6,3657,2,14400,1.00164068909
254658,254664,258645,6,3981,2,14400,1.00150715901
254715,254721,259399,6,4678,2,14400,1.0012825994
254781,254787,258976,6,4189,2,14400,1.00143232275
254836,254842,258113,6,3271,2,14400,1.00183430144
254851,254857,259098,6,4241,2,14400,1.00141476067
254881,254887,259134,6,4247,2,14400,1.00141276195
254911,254917,259166,6,4249,2,14400,1.00141209696
254941,254948,258917,7,3969,2,14400,1.00176366843
255049,255055,259905,6,4850,2,14400,1.0012371134
255050,255061,259191,11,4130,2,14400,1.00266343826
255065,255071,259544,6,4473,2,14400,1.00134138162
255067,255077,259179,10,4102,2,14400,1.0024378352
255174,255180,259722,6,4542,2,14400,1.00132100396
255192,255198,259775,6,4577,2,14400,1.00131090234
255240,255246,259800,6,4554,2,14400,1.00131752306
255290,255296,259736,6,4440,2,14400,1.00135135135
255305,255311,259500,6,4189,2,14400,1.00143232275
255457,255463,259174,6,3711,2,14400,1.00161681487
255458,255469,260325,11,4856,2,14400,1.00226523888
255595,255601,259789,6,4188,2,14400,1.00143266476
255946,255952,260177,6,4225,2,14400,1.00142011834
256090,256096,260197,6,4101,2,14400,1.00146305779
256878,258642,258643,1764,1,2,3540,176.5
257678,320974,357011,63296,36037,17,36000,2.75641701584
257684,320979,356998,63295,36019,17,36000,2.75726699797
257694,358128,394146,100434,36018,17,36000,3.78843911378
257944,257950,262058,6,4108,2,14400,1.00146056475
257959,257965,262169,6,4204,2,14400,1.00142721218
258115,258121,262397,6,4276,2,14400,1.00140318054
258172,258178,262670,6,4492,2,14400,1.00133570793
258230,258236,262715,6,4479,2,14400,1.00133958473
258275,258281,262533,6,4252,2,14400,1.00141110066
258320,258326,262832,6,4506,2,14400,1.00133155792
258347,258353,262246,6,3893,2,14400,1.00154122784
258362,258368,262700,6,4332,2,14400,1.00138504155
258401,258407,262352,6,3945,2,14400,1.00152091255
258431,258437,263523,6,5086,2,14400,1.00117970901
258545,258551,262745,6,4194,2,14400,1.00143061516
258630,258636,262690,6,4054,2,14400,1.00148001973
258645,258651,263222,6,4571,2,14400,1.00131262306
258646,258657,263168,11,4511,2,14400,1.00243848371
258662,258668,262634,6,3966,2,14400,1.0015128593
258731,258737,262745,6,4008,2,14400,1.00149700599
258818,258825,263241,7,4416,2,14400,1.00158514493
258918,258924,262861,6,3937,2,14400,1.00152400305
258969,258975,262961,6,3986,2,14400,1.00150526844
258984,258990,263443,6,4453,2,14400,1.00134740624
259099,259105,263278,6,4173,2,14400,1.00143781452
259135,259141,263364,6,4223,2,14400,1.00142079091
259168,259174,264381,6,5207,2,14400,1.00115229499
259183,259189,263092,6,3903,2,14400,1.00153727902
259185,259195,263124,10,3929,2,14400,1.00254517689
259199,259206,263858,7,4652,2,14400,1.00150472915
259239,259245,263780,6,4535,2,14400,1.001323043
259402,259408,264089,6,4681,2,14400,1.0012817774
259502,259508,264003,6,4495,2,14400,1.00133481646
259547,259553,264180,6,4627,2,14400,1.00129673655
259725,259731,263975,6,4244,2,14400,1.0014137606
259740,259746,263988,6,4242,2,14400,1.00141442716
259777,259783,264250,6,4467,2,14400,1.00134318334
259793,259799,264330,6,4531,2,14400,1.00132421099
259808,259814,264097,6,4283,2,14400,1.00140088723
259908,259914,264647,6,4733,2,14400,1.00126769491
260180,260186,264257,6,4071,2,14400,1.00147383935
260198,260204,265117,6,4913,2,14400,1.00122124975
260325,260332,265275,7,4943,2,14400,1.00141614404
262060,262066,266174,6,4108,2,14400,1.00146056475
262172,262178,266186,6,4008,2,14400,1.00149700599
262247,262253,266019,6,3766,2,14400,1.00159320234
262352,262359,266986,7,4627,2,14400,1.0015128593
262398,262404,266962,6,4558,2,14400,1.00131636683
262536,262543,266745,7,4202,2,14400,1.00166587339
262636,262642,267313,6,4671,2,14400,1.00128452152
262672,262678,266541,6,3863,2,14400,1.001553197
262693,262700,266593,7,3893,2,14400,1.00179809915
262708,262714,266844,6,4130,2,14400,1.0014527845
262723,262729,266955,6,4226,2,14400,1.0014197823
262748,262754,267372,6,4618,2,14400,1.00129926375
262749,262760,267592,11,4832,2,14400,1.00227649007
262834,262840,267280,6,4440,2,14400,1.00135135135
262864,262870,267038,6,4168,2,14400,1.00143953935
262964,262970,267532,6,4562,2,14400,1.00131521263
263093,263099,267073,6,3974,2,14400,1.00150981379
263126,263133,267874,7,4741,2,14400,1.00147648175
263168,263175,267290,7,4115,2,14400,1.00170109356
263223,263229,267131,6,3902,2,14400,1.00153767299
263244,263250,267655,6,4405,2,14400,1.00136208854
263280,263286,267474,6,4188,2,14400,1.00143266476
263364,263370,267745,6,4375,2,14400,1.00137142857
263446,263452,267545,6,4093,2,14400,1.00146591742
263525,263531,267749,6,4218,2,14400,1.00142247511
263782,263788,268042,6,4254,2,14400,1.00141043724
263861,263867,267944,6,4077,2,14400,1.00147167035
263976,263982,268112,6,4130,2,14400,1.0014527845
263991,263997,268340,6,4343,2,14400,1.0013815335
264006,264012,268489,6,4477,2,14400,1.00134018316
264091,264097,268483,6,4386,2,14400,1.00136798906
264105,264112,267985,7,3873,2,14400,1.00180738446
264181,264187,268294,6,4107,2,14400,1.00146092038
264253,264259,268705,6,4446,2,14400,1.00134952767
264268,264274,268281,6,4007,2,14400,1.00149737959
264332,264338,268607,6,4269,2,14400,1.00140548138
264383,264389,268689,6,4300,2,14400,1.00139534884
264650,264656,269072,6,4416,2,14400,1.00135869565
265119,265125,269372,6,4247,2,14400,1.00141276195
265276,265283,269535,7,4252,2,14400,1.0016462841
266020,266026,270960,6,4934,2,14400,1.00121605188
266177,266183,271378,6,5195,2,14400,1.00115495669
266192,266198,270761,6,4563,2,14400,1.00131492439
266542,266548,271084,6,4536,2,14400,1.00132275132
266596,266602,270416,6,3814,2,14400,1.00157315155
266746,266753,271188,7,4435,2,14400,1.001578354
266846,266852,271230,6,4378,2,14400,1.00137048881
266957,266963,270970,6,4007,2,14400,1.00149737959
266972,266978,271704,6,4726,2,14400,1.00126957258
266987,266993,271217,6,4224,2,14400,1.00142045455
267041,267047,270996,6,3949,2,14400,1.00151937199
267074,267080,271041,6,3961,2,14400,1.001514769
267134,267140,271644,6,4504,2,14400,1.0013321492
267282,267288,271335,6,4047,2,14400,1.00148257969
267297,267302,271477,5,4175,2,14400,1.00119760479
267315,267321,271801,6,4480,2,14400,1.00133928571
267375,267382,271994,7,4612,2,14400,1.00151777971
267475,267481,271757,6,4276,2,14400,1.00140318054
267535,267541,271920,6,4379,2,14400,1.00137017584
267550,267556,271967,6,4411,2,14400,1.00136023577
267593,267599,272170,6,4571,2,14400,1.00131262306
267656,267662,271979,6,4317,2,14400,1.00138985407
267747,267753,272164,6,4411,2,14400,1.00136023577
267762,267768,272335,6,4567,2,14400,1.00131377272
267876,267882,272127,6,4245,2,14400,1.00141342756
267946,267952,272169,6,4217,2,14400,1.00142281243
267985,267991,272884,6,4893,2,14400,1.00122624157
268045,268052,272274,7,4222,2,14400,1.001657982
268115,268121,272361,6,4240,2,14400,1.00141509434
268284,268290,272928,6,4638,2,14400,1.00129366106
268299,268305,272069,6,3764,2,14400,1.00159404888
268342,268348,272410,6,4062,2,14400,1.00147710487
268484,268490,273014,6,4524,2,14400,1.00132625995
268499,268505,272451,6,3946,2,14400,1.00152052712
268608,268614,272964,6,4350,2,14400,1.00137931034
268690,268696,272814,6,4118,2,14400,1.00145701797
268708,268714,273122,6,4408,2,14400,1.00136116152
269075,269081,273165,6,4084,2,14400,1.00146914789
269374,269380,273598,6,4218,2,14400,1.00142247511
269537,269544,273748,7,4204,2,14400,1.00166508088
270418,270429,274506,11,4077,2,14400,1.0026980623
270764,270770,274964,6,4194,2,14400,1.00143061516
270960,270967,275183,7,4216,2,14400,1.00166034156
270975,270981,275270,6,4289,2,14400,1.00139892749
270999,271005,275758,6,4753,2,14400,1.00126236061
271041,271048,274893,7,3845,2,14400,1.00182054616
271087,271093,275027,6,3934,2,14400,1.00152516523
271189,271195,275057,6,3862,2,14400,1.00155359917
271219,271225,275326,6,4101,2,14400,1.00146305779
271234,271240,275486,6,4246,2,14400,1.00141309468
271337,271343,276097,6,4754,2,14400,1.00126209508
271379,271385,275464,6,4079,2,14400,1.00147094876
271478,271485,275882,7,4397,2,14400,1.00159199454
271647,271653,276244,6,4591,2,14400,1.00130690481
271704,271710,275591,6,3881,2,14400,1.0015459933
271758,271765,275884,7,4119,2,14400,1.00169944161
271804,271810,276151,6,4341,2,14400,1.00138217001
271922,271928,276653,6,4725,2,14400,1.00126984127
271967,271973,275570,6,3597,2,14400,1.00166805671
271982,271988,276479,6,4491,2,14400,1.00133600534
271997,272003,276505,6,4502,2,14400,1.001332741
272073,272079,275853,6,3774,2,14400,1.00158982512
272130,272136,276174,6,4038,2,14400,1.0014858841
272166,272172,277242,6,5070,2,14400,1.00118343195
272181,272188,276418,7,4230,2,14400,1.00165484634
272183,272199,276828,16,4629,2,14400,1.00345647008
272276,272282,276528,6,4246,2,14400,1.00141309468
272337,272343,276255,6,3912,2,14400,1.00153374233
272364,272370,277571,6,5201,2,14400,1.0011536243
272413,272419,276640,6,4221,2,14400,1.00142146411
272452,272458,276420,6,3962,2,14400,1.00151438667
272816,272822,277322,6,4500,2,14400,1.00133333333
272885,272891,277085,6,4194,2,14400,1.00143061516
272930,272936,276552,6,3616,2,14400,1.00165929204
272967,272973,277687,6,4714,2,14400,1.00127280441
273015,273021,277762,6,4741,2,14400,1.00126555579
273124,273130,277325,6,4195,2,14400,1.00143027414
273166,273173,277287,7,4114,2,14400,1.00170150705
273601,273607,277694,6,4087,2,14400,1.00146806949
273750,273756,277328,6,3572,2,14400,1.00167973124
274507,274514,278760,7,4246,2,14400,1.00164861046
274895,274901,279121,6,4220,2,14400,1.00142180095
274968,274974,278995,6,4021,2,14400,1.00149216613
275028,275034,278985,6,3951,2,14400,1.00151860289
275058,275064,279067,6,4003,2,14400,1.00149887584
275185,275191,279455,6,4264,2,14400,1.00140712946
275272,275278,279738,6,4460,2,14400,1.00134529148
275330,275336,279531,6,4195,2,14400,1.00143027414
275466,275472,279422,6,3950,2,14400,1.00151898734
275488,275494,280392,6,4898,2,14400,1.00122498979
275572,275579,280435,7,4856,2,14400,1.00144151565
275593,275600,279193,7,3593,2,14400,1.00194823267
275759,275766,279833,7,4067,2,14400,1.0017211704
275856,275862,280419,6,4557,2,14400,1.00131665569
275883,275890,279712,7,3822,2,14400,1.00183150183
275898,275904,280139,6,4235,2,14400,1.00141676505
276097,276104,280257,7,4153,2,14400,1.00168552853
276152,276158,280701,6,4543,2,14400,1.00132071319
276177,276183,280025,6,3842,2,14400,1.00156168662
276246,276252,280492,6,4240,2,14400,1.00141509434
276262,276267,280512,5,4245,2,14400,1.0011778563
276419,276425,281143,6,4718,2,14400,1.00127172531
276434,276440,280869,6,4429,2,14400,1.00135470761
276480,276486,281237,6,4751,2,14400,1.00126289202
276507,276514,280911,7,4397,2,14400,1.00159199454
276532,276538,280626,6,4088,2,14400,1.00146771037
276553,276559,279730,6,3171,2,14400,1.00189214759
276643,276649,280968,6,4319,2,14400,1.00138921047
276658,276664,280918,6,4254,2,14400,1.00141043724
276731,354577,354579,77846,2,4,180000,7784.8
276831,276837,281173,6,4336,2,14400,1.00138376384
277086,277092,281172,6,4080,2,14400,1.00147058824
277135,354582,354584,77447,2,4,180000,7744.9
277244,277250,281482,6,4232,2,14400,1.00141776938
277289,277295,281419,6,4124,2,14400,1.00145489816
277327,277333,281611,6,4278,2,14400,1.00140252454
277328,277339,281608,11,4269,2,14400,1.00257671586
277343,277350,281678,7,4328,2,14400,1.00161737523
277441,354590,354592,77149,2,4,180000,7715.1
277573,277579,281936,6,4357,2,14400,1.00137709433
277689,277695,281443,6,3748,2,14400,1.00160085379
277704,277710,281880,6,4170,2,14400,1.00143884892
277764,277770,283193,6,5423,2,14400,1.00110639867
278760,278766,283207,6,4441,2,14400,1.00135104706
278987,278993,283771,6,4778,2,14400,1.00125575555
279002,279008,283374,6,4366,2,14400,1.00137425561
279068,279074,283183,6,4109,2,14400,1.0014602093
279123,279129,283398,6,4269,2,14400,1.00140548138
279189,279195,283951,6,4756,2,14400,1.00126156434
279425,279431,283466,6,4035,2,14400,1.00148698885
279455,279461,283436,6,3975,2,14400,1.00150943396
279534,279540,283796,6,4256,2,14400,1.00140977444
279715,279721,283840,6,4119,2,14400,1.00145666424
279733,279739,283604,6,3865,2,14400,1.00155239327
279748,279754,284650,6,4896,2,14400,1.0012254902
279837,279843,284143,6,4300,2,14400,1.00139534884
280026,280032,283864,6,3832,2,14400,1.001565762
280141,280147,285196,6,5049,2,14400,1.00118835413
280259,280265,284083,6,3818,2,14400,1.0015715034
280395,280401,284564,6,4163,2,14400,1.00144126832
280422,280428,284413,6,3985,2,14400,1.00150564617
280437,280443,284448,6,4005,2,14400,1.00149812734
280494,280501,283542,7,3041,2,14400,1.00230187438
280513,280519,284578,6,4059,2,14400,1.0014781966
280627,280633,285037,6,4404,2,14400,1.00136239782
280703,280709,284813,6,4104,2,14400,1.0014619883
280872,280878,285172,6,4294,2,14400,1.00139729856
280915,280921,284785,6,3864,2,14400,1.00155279503
280929,280936,285594,7,4658,2,14400,1.0015027909
280969,280975,285360,6,4385,2,14400,1.00136830103
281145,281151,285159,6,4008,2,14400,1.00149700599
281172,281179,285482,7,4303,2,14400,1.00162677202
281187,281194,285555,7,4361,2,14400,1.00160513644
281239,281245,285538,6,4293,2,14400,1.00139762404
281420,281426,286316,6,4890,2,14400,1.00122699387
281444,281450,287790,6,6340,2,14400,1.00094637224
281483,281489,285238,6,3749,2,14400,1.00160042678
281610,281616,286003,6,4387,2,14400,1.00136767723
281626,281632,285635,6,4003,2,14400,1.00149887584
281680,281686,286629,6,4943,2,14400,1.00121383775
281883,281889,286024,6,4135,2,14400,1.00145102781
281937,281943,285937,6,3994,2,14400,1.00150225338
283183,283189,287649,6,4460,2,14400,1.00134529148
283198,283205,287224,7,4019,2,14400,1.0017417268
283213,283219,287728,6,4509,2,14400,1.00133067199
283376,283383,287745,7,4362,2,14400,1.00160476845
283401,283407,287713,6,4306,2,14400,1.00139340455
283437,283443,287608,6,4165,2,14400,1.00144057623
283467,283473,287567,6,4094,2,14400,1.00146555936
283548,283554,287673,6,4119,2,14400,1.00145666424
283605,283611,288171,6,4560,2,14400,1.00131578947
283771,283777,287692,6,3915,2,14400,1.00153256705
283798,283805,287815,7,4010,2,14400,1.00174563591
283841,283847,288600,6,4753,2,14400,1.00126236061
283865,283871,288020,6,4149,2,14400,1.0014461316
283953,283959,288218,6,4259,2,14400,1.0014087814
284086,284092,288488,6,4396,2,14400,1.00136487716
284146,284152,288185,6,4033,2,14400,1.00148772626
284415,284421,288615,6,4194,2,14400,1.00143061516
284451,284457,289535,6,5078,2,14400,1.00118156755
284566,284572,289139,6,4567,2,14400,1.00131377272
284581,284587,289029,6,4442,2,14400,1.00135074291
284651,284657,289929,6,5272,2,14400,1.00113808801
284788,284794,288901,6,4107,2,14400,1.00146092038
284815,284821,289106,6,4285,2,14400,1.00140023337
285039,285045,289704,6,4659,2,14400,1.00128783001
285160,285166,290225,6,5059,2,14400,1.00118600514
285175,285181,289006,6,3825,2,14400,1.00156862745
285199,285205,289204,6,3999,2,14400,1.00150037509
285241,285248,289729,7,4481,2,14400,1.00156215131
285362,285368,289700,6,4332,2,14400,1.00138504155
285483,285489,289496,6,4007,2,14400,1.00149737959
285540,285547,289484,7,3937,2,14400,1.00177800356
285558,285565,289471,7,3906,2,14400,1.0017921147
285595,285601,290239,6,4638,2,14400,1.00129366106
285637,285643,289919,6,4276,2,14400,1.00140318054
285939,285945,289907,6,3962,2,14400,1.00151438667
286006,286011,290079,5,4068,2,14400,1.00122910521
286027,286033,290305,6,4272,2,14400,1.00140449438
286320,286326,290489,6,4163,2,14400,1.00144126832
286631,286637,290824,6,4187,2,14400,1.00143300693
287226,287232,291720,6,4488,2,14400,1.0013368984
287570,287576,291623,6,4047,2,14400,1.00148257969
287609,287615,291550,6,3935,2,14400,1.00152477764
287648,287654,291384,6,3730,2,14400,1.00160857909
287675,287681,291941,6,4260,2,14400,1.0014084507
287693,287699,292284,6,4585,2,14400,1.00130861505
287715,287721,291758,6,4037,2,14400,1.00148625217
287730,287736,292531,6,4795,2,14400,1.00125130344
287747,287754,291752,7,3998,2,14400,1.00175087544
287793,287799,291702,6,3903,2,14400,1.00153727902
287817,287823,292615,6,4792,2,14400,1.00125208681
288022,288028,292325,6,4297,2,14400,1.00139632302
288173,288179,292541,6,4362,2,14400,1.00137551582
288188,288194,292503,6,4309,2,14400,1.00139243444
288221,288227,292020,6,3793,2,14400,1.00158186132
288490,288496,292610,6,4114,2,14400,1.00145843461
288601,288608,292787,7,4179,2,14400,1.00167504188
288616,288623,292992,7,4369,2,14400,1.0016021973
288904,288910,292946,6,4036,2,14400,1.00148662042
289007,289013,293154,6,4141,2,14400,1.00144892538
289031,289037,293401,6,4364,2,14400,1.00137488543
289110,289116,293169,6,4053,2,14400,1.0014803849
289140,289146,293732,6,4586,2,14400,1.0013083297
289206,289213,293020,7,3807,2,14400,1.00183871815
289473,289479,294554,6,5075,2,14400,1.00118226601
289488,289494,293337,6,3843,2,14400,1.00156128025
289503,289509,294036,6,4527,2,14400,1.00132538105
289536,289584,293730,48,4146,2,14400,1.01157742402
289705,289710,293941,5,4231,2,14400,1.00118175372
289720,289726,294015,6,4289,2,14400,1.00139892749
289735,289741,294314,6,4573,2,14400,1.00131204898
289913,289919,293984,6,4065,2,14400,1.00147601476
289928,289934,293592,6,3658,2,14400,1.00164024057
289943,289949,294102,6,4153,2,14400,1.00144473874
290082,290088,294038,6,3950,2,14400,1.00151898734
290229,290235,294052,6,3817,2,14400,1.00157191512
290244,290250,294712,6,4462,2,14400,1.00134468848
290309,290315,295149,6,4834,2,14400,1.00124120811
290491,290498,294434,7,3936,2,14400,1.00177845528
290820,317384,319047,26564,1663,64,3600,16.9735417919
290825,290831,295285,6,4454,2,14400,1.00134710373
291045,317436,319141,26391,1705,64,3600,16.4785923754
291384,291390,295710,6,4320,2,14400,1.00138888889
291550,291556,295394,6,3838,2,14400,1.00156331423
291622,319058,320843,27436,1785,64,3600,16.3703081232
291626,291632,295945,6,4313,2,14400,1.00139114306
291706,291712,296107,6,4395,2,14400,1.00136518771
291722,291728,295582,6,3854,2,14400,1.00155682408
291755,291761,295831,6,4070,2,14400,1.00147420147
291773,291779,296369,6,4590,2,14400,1.00130718954
291946,291952,296309,6,4357,2,14400,1.00137709433
292022,292029,296186,7,4157,2,14400,1.00168390666
292285,292291,296434,6,4143,2,14400,1.00144822592
292328,292334,296109,6,3775,2,14400,1.00158940397
292506,292512,297864,6,5352,2,14400,1.00112107623
292533,292539,297011,6,4472,2,14400,1.00134168157
292549,292555,296469,6,3914,2,14400,1.00153295861
292613,292621,296631,8,4010,2,14400,1.00199501247
292628,292634,296782,6,4148,2,14400,1.00144648023
292791,292799,297248,8,4449,2,14400,1.00179815689
292949,292957,297060,8,4103,2,14400,1.00194979283
292994,293003,297371,9,4368,2,14400,1.00206043956
293022,293031,297107,9,4076,2,14400,1.00220804711
293155,293165,297526,10,4361,2,14400,1.00229305205
293170,293180,297389,10,4209,2,14400,1.00237586125
293340,293348,297436,8,4088,2,14400,1.00195694716
293404,293412,297892,8,4480,2,14400,1.00178571429
293595,293603,297591,8,3988,2,14400,1.00200601805
293732,293742,297315,10,3573,2,14400,1.00279876854
293747,293753,297724,6,3971,2,14400,1.00151095442
293944,293953,297951,9,3998,2,14400,1.00225112556
293987,293995,297814,8,3819,2,14400,1.00209478921
294018,294026,298305,8,4279,2,14400,1.0018695957
294039,294047,298963,8,4916,2,14400,1.0016273393
294041,294053,298148,12,4095,2,14400,1.00293040293
294056,294063,298566,7,4503,2,14400,1.00155451921
294104,294113,298909,9,4796,2,14400,1.0018765638
294317,294325,298539,8,4214,2,14400,1.00189843379
294435,294445,298741,10,4296,2,14400,1.00232774674
294556,294565,298838,9,4273,2,14400,1.00210624854
294715,294723,298943,8,4220,2,14400,1.0018957346
294808,314676,382330,19868,67654,4,172800,1.29367073639
295151,295160,300743,9,5583,2,14400,1.00161203654
295288,295297,298611,9,3314,2,14400,1.00271575136
295397,295406,299804,9,4398,2,14400,1.00204638472
295583,295593,299939,10,4346,2,14400,1.00230096641
295710,295721,299762,11,4041,2,14400,1.00272209849
295831,295842,300260,11,4418,2,14400,1.0024898144
295946,295956,300506,10,4550,2,14400,1.0021978022
296108,296118,300141,10,4023,2,14400,1.00248570718
296122,296129,300909,7,4780,2,14400,1.00146443515
296189,296198,300164,9,3966,2,14400,1.00226928896
296313,296321,300412,8,4091,2,14400,1.0019555121
296370,296380,300248,10,3868,2,14400,1.00258531541
296437,296445,300525,8,4080,2,14400,1.00196078431
296470,296481,300504,11,4023,2,14400,1.0027342779
296633,296642,300749,9,4107,2,14400,1.00219138057
296785,296794,301210,9,4416,2,14400,1.00203804348
297014,297022,301399,8,4377,2,14400,1.00182773589
297063,297072,301854,9,4782,2,14400,1.00188205772
297108,297119,301284,11,4165,2,14400,1.00264105642
297251,297259,301170,8,3911,2,14400,1.00204551266
297315,297326,301279,11,3953,2,14400,1.00278269669
297373,297383,301860,10,4477,2,14400,1.0022336386
297391,297400,301679,9,4279,2,14400,1.00210329516
297436,297447,301996,11,4549,2,14400,1.00241811387
297527,297537,301776,10,4239,2,14400,1.00235904695
297594,297602,301399,8,3797,2,14400,1.00210692652
297727,297735,302165,8,4430,2,14400,1.00180586907
297815,297825,301974,10,4149,2,14400,1.00241021933
297867,297875,302021,8,4146,2,14400,1.00192957067
297894,297903,301823,9,3920,2,14400,1.00229591837
297952,297962,302222,10,4260,2,14400,1.00234741784
298149,298159,302289,10,4130,2,14400,1.00242130751
298307,298316,302442,9,4126,2,14400,1.00218128938
298468,308992,314460,10524,5468,1,5460,2.92465252377
298541,298550,302447,9,3897,2,14400,1.00230946882
298569,298577,302814,8,4237,2,14400,1.00188812839
298612,298622,302693,10,4071,2,14400,1.00245639892
298742,298753,302656,11,3903,2,14400,1.00281834486
298839,298849,303200,10,4351,2,14400,1.00229832222
298912,298920,303139,8,4219,2,14400,1.00189618393
298944,298955,303133,11,4178,2,14400,1.00263283868
298965,298974,303083,9,4109,2,14400,1.00219031394
299357,299363,299364,6,1,1,900,1.0
299764,299773,304126,9,4353,2,14400,1.00206753963
299807,299815,304146,8,4331,2,14400,1.00184714846
299941,299950,304062,9,4112,2,14400,1.00218871595
300061,300067,301086,6,1019,2,1800,1.00588812561
300145,300153,304551,8,4398,2,14400,1.00181900864
300151,308981,312251,8830,3270,4,7200,3.7003058104
300166,300176,304182,10,4006,2,14400,1.00249625562
300252,300260,304837,8,4577,2,14400,1.00174786978
300267,300273,305174,6,4901,2,14400,1.00122423995
300412,300423,304703,11,4280,2,14400,1.00257009346
300507,300514,304125,7,3611,2,14400,1.00193852119
300509,300520,304549,11,4029,2,14400,1.00273020601
300527,300536,304352,9,3816,2,14400,1.00235849057
300537,308986,309526,8449,540,2,3600,16.6462962963
300745,300754,305541,9,4787,2,14400,1.00188009192
300760,300766,305378,6,4612,2,14400,1.00130095403
300912,300920,305697,8,4777,2,14400,1.00167469123
301172,301181,304935,9,3754,2,14400,1.00239744273
301212,301221,305318,9,4097,2,14400,1.00219672931
301279,301290,305691,11,4401,2,14400,1.00249943195
301294,301301,305644,7,4343,2,14400,1.00161178909
301401,301410,306218,9,4808,2,14400,1.0018718802
301403,301415,305534,12,4119,2,14400,1.00291332848
301683,301690,306339,7,4649,2,14400,1.00150570015
301779,301787,306093,8,4306,2,14400,1.00185787274
301824,301834,306236,10,4402,2,14400,1.00227169468
301855,301865,306113,10,4248,2,14400,1.00235404896
301870,301876,306240,6,4364,2,14400,1.00137488543
301978,301986,306433,8,4447,2,14400,1.00179896559
301996,302007,306255,11,4248,2,14400,1.00258945386
302023,302032,306738,9,4706,2,14400,1.00191245219
302168,302176,306563,8,4387,2,14400,1.00182356964
302223,302233,306379,10,4146,2,14400,1.00241196334
302290,302300,307000,10,4700,2,14400,1.00212765957
302445,302453,306666,8,4213,2,14400,1.00189888441
302460,302466,306789,6,4323,2,14400,1.00138792505
302659,302667,307324,8,4657,2,14400,1.00171784411
302682,319278,331904,16596,12626,1,57600,2.31443054016
302696,302704,306553,8,3849,2,14400,1.00207846194
302807,319647,334316,16840,14669,1,57600,2.14799918195
302815,302825,307825,10,5000,2,14400,1.002
303086,303095,307075,9,3980,2,14400,1.00226130653
303135,303144,307782,9,4638,2,14400,1.00194049159
303150,303156,307786,6,4630,2,14400,1.00129589633
303201,303211,307015,10,3804,2,14400,1.00262881178
304064,304073,307837,9,3764,2,14400,1.00239107333
304128,304137,308135,9,3998,2,14400,1.00225112556
304130,304142,308310,12,4168,2,14400,1.00287907869
304148,304157,307955,9,3798,2,14400,1.00236966825
304184,304194,308719,10,4525,2,14400,1.00220994475
304354,304363,309155,9,4792,2,14400,1.00187813022
304553,304560,308359,7,3799,2,14400,1.00184259016
304554,304566,308865,12,4299,2,14400,1.00279134682
304706,304715,309156,9,4441,2,14400,1.00202657059
304839,304848,309027,9,4179,2,14400,1.00215362527
304936,304946,309073,10,4127,2,14400,1.0024230676
305177,305186,309571,9,4385,2,14400,1.00205245154
305319,305329,309442,10,4113,2,14400,1.00243131534
305379,305390,310012,11,4622,2,14400,1.00237992211
305538,305546,309667,8,4121,2,14400,1.00194127639
305553,305559,309849,6,4290,2,14400,1.0013986014
305664,305670,310290,6,4620,2,14400,1.0012987013
305692,305703,309938,11,4235,2,14400,1.0025974026
305707,305714,310388,7,4674,2,14400,1.00149764656
306098,306104,310640,6,4536,2,14400,1.00132275132
306114,306124,310012,10,3888,2,14400,1.00257201646
306220,306229,310888,9,4659,2,14400,1.00193174501
306238,306248,310583,10,4335,2,14400,1.00230680507
306254,306260,310536,6,4276,2,14400,1.00140318054
306269,306275,310408,6,4133,2,14400,1.00145172998
306341,306350,310873,9,4523,2,14400,1.00198982976
306382,306390,310207,8,3817,2,14400,1.00209588682
306436,306445,310979,9,4534,2,14400,1.00198500221
306556,306564,311131,8,4567,2,14400,1.00175169696
306571,306577,310749,6,4172,2,14400,1.00143815916
306669,306678,311158,9,4480,2,14400,1.00200892857
306739,306750,311333,11,4583,2,14400,1.00240017456
306813,306819,310888,6,4069,2,14400,1.00147456377
307001,307011,311035,10,4024,2,14400,1.00248508946
307017,307026,311340,9,4314,2,14400,1.00208623088
307078,307087,312193,9,5106,2,14400,1.0017626322
307329,307335,312309,6,4974,2,14400,1.00120627262
307788,307794,312459,6,4665,2,14400,1.00128617363
307790,307800,312137,10,4337,2,14400,1.0023057413
307840,307847,312563,7,4716,2,14400,1.00148430874
307842,307853,312089,11,4236,2,14400,1.00259678942
307958,307966,312276,8,4310,2,14400,1.00185614849
308136,308146,312161,10,4015,2,14400,1.00249066002
308311,308321,312594,10,4273,2,14400,1.00234027615
308360,308370,312502,10,4132,2,14400,1.00242013553
308721,308730,313029,9,4299,2,14400,1.00209351012
308868,308876,313191,8,4315,2,14400,1.00185399768
309028,309038,312631,10,3593,2,14400,1.00278318954
309074,309084,313274,10,4190,2,14400,1.00238663484
309157,309166,313206,9,4040,2,14400,1.00222772277
309159,309172,313813,13,4641,2,14400,1.00280112045
309444,309454,313761,10,4307,2,14400,1.00232180172
309572,309582,313650,10,4068,2,14400,1.00245821042
309670,309678,313869,8,4191,2,14400,1.0019088523
309855,309861,313925,6,4064,2,14400,1.00147637795
309941,309950,314620,9,4670,2,14400,1.00192719486
310014,310084,314461,70,4377,2,14400,1.01599268906
310015,310089,314567,74,4478,2,14400,1.01652523448
310210,310218,314479,8,4261,2,14400,1.00187749355
310292,310301,314418,9,4117,2,14400,1.00218605781
310392,310399,314385,7,3986,2,14400,1.00175614651
310410,310419,314398,9,3979,2,14400,1.00226187484
310538,310548,314919,10,4371,2,14400,1.00228780599
310584,310594,315119,10,4525,2,14400,1.00220994475
310642,310651,314874,9,4223,2,14400,1.00213118636
310752,310761,315363,9,4602,2,14400,1.00195567145
310876,310884,314924,8,4040,2,14400,1.00198019802
310892,310899,315020,7,4121,2,14400,1.00169861684
310893,310904,315036,11,4132,2,14400,1.00266214908
310981,310990,314982,9,3992,2,14400,1.00225450902
311038,311047,315277,9,4230,2,14400,1.00212765957
311132,311142,315179,10,4037,2,14400,1.00247708695
311161,311169,315427,8,4258,2,14400,1.00187881635
311335,311345,315752,10,4407,2,14400,1.00226911731
311351,311357,315829,6,4472,2,14400,1.00134168157
311692,383476,383485,71784,9,24,7200,7179.3
312090,312100,316778,10,4678,2,14400,1.00213766567
312139,312148,315833,9,3685,2,14400,1.00244233379
312163,312172,316348,9,4176,2,14400,1.00215517241
312196,312205,316801,9,4596,2,14400,1.00195822454
312279,312288,316476,9,4188,2,14400,1.00214899713
312310,312321,316431,11,4110,2,14400,1.00267639903
312460,312470,316817,10,4347,2,14400,1.00230043708
312503,312513,317040,10,4527,2,14400,1.00220896841
312566,312574,316901,8,4327,2,14400,1.00184885602
312597,312605,316771,8,4166,2,14400,1.00192030725
312633,312643,317199,10,4556,2,14400,1.00219490781
313032,313040,317408,8,4368,2,14400,1.00183150183
313194,313202,318037,8,4835,2,14400,1.00165460186
313213,313219,318402,6,5183,2,14400,1.00115763072
313276,313285,316737,9,3452,2,14400,1.00260718424
313651,313661,318332,10,4671,2,14400,1.00214086919
313761,313772,318141,11,4369,2,14400,1.00251773861
313816,313825,318408,9,4583,2,14400,1.00196377918
313870,313881,317864,11,3983,2,14400,1.00276173738
313928,313936,319587,8,5651,2,14400,1.00141567864
314386,314396,319626,10,5230,2,14400,1.00191204589
314401,314409,318527,8,4118,2,14400,1.00194269063
314419,314429,319165,10,4736,2,14400,1.00211148649
314461,314477,318982,16,4505,2,14400,1.00355160932
314480,314490,318300,10,3810,2,14400,1.00262467192
314569,314578,318667,9,4089,2,14400,1.00220102715
314623,314686,319264,63,4578,2,14400,1.01376146789
314877,314885,319340,8,4455,2,14400,1.00179573513
314920,314926,319861,6,4935,2,14400,1.00121580547
314935,314941,319097,6,4156,2,14400,1.00144369586
314985,314991,319200,6,4209,2,14400,1.00142551675
315023,315030,319287,7,4257,2,14400,1.00164435048
315040,315046,319750,6,4704,2,14400,1.0012755102
315128,315134,319387,6,4253,2,14400,1.00141076887
315181,315187,320153,6,4966,2,14400,1.00120821587
315279,315285,319886,6,4601,2,14400,1.00130406433
315366,315372,319579,6,4207,2,14400,1.00142619444
315430,315436,320131,6,4695,2,14400,1.00127795527
315755,315761,320107,6,4346,2,14400,1.00138057984
315831,315837,320296,6,4459,2,14400,1.00134559318
315846,315852,320642,6,4790,2,14400,1.0012526096
316350,316356,321217,6,4861,2,14400,1.00123431393
316453,319178,320053,2725,875,1,1860,4.11428571429
316472,316478,320885,6,4407,2,14400,1.00136147039
316487,316493,320514,6,4021,2,14400,1.00149216613
316738,316744,321164,6,4420,2,14400,1.00135746606
316774,316780,320877,6,4097,2,14400,1.00146448621
316790,316797,321680,7,4883,2,14400,1.00143354495
316812,316818,321532,6,4714,2,14400,1.00127280441
316828,316834,321087,6,4253,2,14400,1.00141076887
316909,316915,321019,6,4104,2,14400,1.0014619883
317042,317049,321306,7,4257,2,14400,1.00164435048
317204,317209,320715,5,3506,2,14400,1.00142612664
317411,317417,321483,6,4066,2,14400,1.00147565175
317867,317873,322010,6,4137,2,14400,1.00145032632
318040,318046,322270,6,4224,2,14400,1.00142045455
318143,318149,321495,6,3346,2,14400,1.00179318589
318300,318306,322308,6,4002,2,14400,1.00149925037
318334,318340,322964,6,4624,2,14400,1.00129757785
318347,340905,355313,22558,14408,9,14400,2.5656579678
318404,318410,322569,6,4159,2,14400,1.00144265448
318419,318425,322815,6,4390,2,14400,1.0013667426
318528,318534,323029,6,4495,2,14400,1.00133481646
318671,318677,323179,6,4502,2,14400,1.001332741
318984,318990,323142,6,4152,2,14400,1.00144508671
319099,319105,323121,6,4016,2,14400,1.0014940239
319166,319184,324101,18,4917,2,14400,1.00366076876
319203,319210,323513,7,4303,2,14400,1.00162677202
319265,319272,323159,7,3887,2,14400,1.00180087471
319287,319298,323738,11,4440,2,14400,1.00247747748
319343,319351,323933,8,4582,2,14400,1.00174596246
319389,319398,323812,9,4414,2,14400,1.00203896692
319581,319590,324318,9,4728,2,14400,1.0019035533
319598,319604,324020,6,4416,2,14400,1.00135869565
319630,319637,323844,7,4207,2,14400,1.00166389351
319635,320995,321001,1360,6,4,480,136.6
319754,319761,324391,7,4630,2,14400,1.00151187905
319774,321012,321013,1238,1,4,480,123.9
319833,354561,358117,34728,3556,6,43200,10.7660292463
319864,319872,324299,8,4427,2,14400,1.00180709284
319889,319897,323823,8,3926,2,14400,1.0020376974
320096,320854,320874,758,20,64,3600,38.9
320097,320889,320920,792,31,64,3600,26.5483870968
320098,320931,320953,833,22,64,3600,38.8636363636
320108,320118,324751,10,4633,2,14400,1.00215842866
320133,320142,324677,9,4535,2,14400,1.0019845645
320154,320164,324783,10,4619,2,14400,1.00216497077
320158,320907,320921,749,14,1,7200,54.5
320297,320307,324931,10,4624,2,14400,1.00216262976
320516,320525,324315,9,3790,2,14400,1.00237467018
320643,320654,325064,11,4410,2,14400,1.00249433107
320716,320726,325051,10,4325,2,14400,1.00231213873
320880,320894,325046,14,4152,2,14400,1.00337186898
320895,320901,324744,6,3843,2,14400,1.00156128025
321022,321029,325308,7,4279,2,14400,1.00163589624
321089,321095,325277,6,4182,2,14400,1.00143472023
321125,321132,326600,7,5468,1,7200,1.00128017557
321165,321171,325874,6,4703,2,14400,1.00127578142
321219,321225,325527,6,4302,2,14400,1.00139470014
321310,321316,325432,6,4116,2,14400,1.00145772595
321363,323563,323829,2200,266,4,480,9.27067669173
321365,323843,324106,2478,263,4,480,10.4220532319
321447,357022,357752,35575,730,64,3600,49.7328767123
321448,357763,358492,36315,729,64,3600,50.8148148148
321449,358504,359237,37055,733,64,3600,51.5525238745
321487,321493,325893,6,4400,2,14400,1.00136363636
321501,321508,325814,7,4306,2,14400,1.00162563864
321535,321541,326326,6,4785,2,14400,1.0012539185
321680,321686,325582,6,3896,2,14400,1.00154004107
321700,359248,359398,37548,150,64,900,251.32
321701,359410,359558,37709,148,64,900,255.790540541
321701,359570,359718,37869,148,64,900,256.871621622
321702,359729,359881,38027,152,64,900,251.177631579
321703,359893,360039,38190,146,64,900,262.575342466
322012,322018,326640,6,4622,2,14400,1.00129813933
322273,322279,326569,6,4290,2,14400,1.0013986014
322313,322319,326563,6,4244,2,14400,1.0014137606
322498,354596,401819,32098,47223,2,259200,1.6797111577
322572,322578,326960,6,4382,2,14400,1.00136923779
322636,354601,613835,31965,259234,2,259200,1.12330558492
322818,322825,327494,7,4669,2,14400,1.00149925037
322965,322971,327328,6,4357,2,14400,1.00137709433
323032,323038,327659,6,4621,2,14400,1.00129842026
323124,323131,327190,7,4059,2,14400,1.0017245627
323142,323149,327872,7,4723,2,14400,1.00148210883
323160,323167,327484,7,4317,2,14400,1.00162149641
323181,323188,327694,7,4506,2,14400,1.00155348424
323515,323521,328040,6,4519,2,14400,1.00132772737
323739,323746,327955,7,4209,2,14400,1.00166310287
323814,324313,381959,499,57646,1,57600,1.00865628144
323816,323822,328607,6,4785,2,14400,1.0012539185
323831,323837,328553,6,4716,2,14400,1.00127226463
323847,323853,328415,6,4562,2,14400,1.00131521263
323937,323943,327789,6,3846,2,14400,1.0015600624
324022,324029,328054,7,4025,2,14400,1.00173913043
324104,324110,328961,6,4851,2,14400,1.00123685838
324301,324307,328863,6,4556,2,14400,1.00131694469
324317,324323,328750,6,4427,2,14400,1.00135531963
324332,324338,328861,6,4523,2,14400,1.00132655317
324395,324401,328381,6,3980,2,14400,1.00150753769
324680,324686,329085,6,4399,2,14400,1.00136394635
324747,324753,329392,6,4639,2,14400,1.00129338219
324764,324770,328295,6,3525,2,14400,1.00170212766
324786,324792,329177,6,4385,2,14400,1.00136830103
324932,324938,328788,6,3850,2,14400,1.00155844156
325049,325055,329833,6,4778,2,14400,1.00125575555
325064,325070,329080,6,4010,2,14400,1.00149625935
325065,325076,329335,11,4259,2,14400,1.00258276591
325280,325286,329420,6,4134,2,14400,1.00145137881
325311,325317,329265,6,3948,2,14400,1.00151975684
325434,325441,330185,7,4744,2,14400,1.00147554806
325528,325534,331026,6,5492,2,14400,1.00109249818
325583,325589,330092,6,4503,2,14400,1.00133244504
325816,325823,330745,7,4922,2,14400,1.0014221861
325877,325883,330864,6,4981,2,14400,1.00120457739
325895,325901,329908,6,4007,2,14400,1.00149737959
326330,326336,330449,6,4113,2,14400,1.0014587892
326566,326572,330704,6,4132,2,14400,1.00145208132
326581,326587,331411,6,4824,2,14400,1.00124378109
326641,326647,331158,6,4511,2,14400,1.00133008202
326961,326968,331444,7,4476,2,14400,1.00156389634
327037,329278,334782,2241,5504,1,7200,1.40715843023
327189,327195,331244,6,4049,2,14400,1.00148184737
327328,327334,331408,6,4074,2,14400,1.00147275405
327490,327497,331595,7,4098,2,14400,1.00170815032
327506,327512,331501,6,3989,2,14400,1.00150413638
327663,327669,331921,6,4252,2,14400,1.00141110066
327696,327702,332604,6,4902,2,14400,1.00122399021
327792,327798,331875,6,4077,2,14400,1.00147167035
327873,327879,332595,6,4716,2,14400,1.00127226463
327958,327964,331902,6,3938,2,14400,1.00152361605
328043,328049,331938,6,3889,2,14400,1.00154281306
328057,328064,332322,7,4258,2,14400,1.0016439643
328296,328302,332105,6,3803,2,14400,1.00157770181
328384,328390,332370,6,3980,2,14400,1.00150753769
328417,328423,333186,6,4763,2,14400,1.00125971027
328554,328560,332886,6,4326,2,14400,1.00138696255
328608,328614,333312,6,4698,2,14400,1.00127713921
328756,328762,332601,6,3839,2,14400,1.00156290701
328794,328800,332944,6,4144,2,14400,1.00144787645
328865,328871,333341,6,4470,2,14400,1.00134228188
328866,328877,333131,11,4254,2,14400,1.0025858016
328964,328970,333058,6,4088,2,14400,1.00146771037
329087,329093,333434,6,4341,2,14400,1.00138217001
329088,329099,333464,11,4365,2,14400,1.00252004582
329108,340910,348208,11802,7298,9,10800,2.61715538504
329183,329188,333105,5,3917,2,14400,1.00127648711
329266,329272,333383,6,4111,2,14400,1.00145949891
329336,329343,333476,7,4133,2,14400,1.00169368497
329394,329401,333717,7,4316,2,14400,1.0016218721
329422,329429,333468,7,4039,2,14400,1.00173310225
329835,329842,333826,7,3984,2,14400,1.00175702811
329911,329917,334465,6,4548,2,14400,1.00131926121
330095,330101,334858,6,4757,2,14400,1.00126129914
330186,330193,334326,7,4133,2,14400,1.00169368497
330452,330458,334883,6,4425,2,14400,1.0013559322
330696,331171,332132,475,961,1,3600,1.49427679501
330705,330711,334987,6,4276,2,14400,1.00140318054
330748,330754,335096,6,4342,2,14400,1.00138185168
330867,330873,335454,6,4581,2,14400,1.00130975769
331028,331034,335204,6,4170,2,14400,1.00143884892
331159,331165,335630,6,4465,2,14400,1.00134378499
331247,331253,336405,6,5152,2,14400,1.00116459627
331411,331417,335584,6,4167,2,14400,1.00143988481
331412,331423,335295,11,3872,2,14400,1.00284090909
331446,331452,336242,6,4790,2,14400,1.0012526096
331504,331510,336071,6,4561,2,14400,1.00131550099
331599,331605,335804,6,4199,2,14400,1.00142891165
331878,331884,335983,6,4099,2,14400,1.00146377165
331903,331909,335981,6,4072,2,14400,1.00147347741
331923,331929,336014,6,4085,2,14400,1.00146878825
331941,331947,335844,6,3897,2,14400,1.00153964588
332108,332114,336094,6,3980,2,14400,1.00150753769
332323,332330,336320,7,3990,2,14400,1.00175438596
332372,332378,337028,6,4650,2,14400,1.00129032258
332384,332612,332615,228,3,2,3540,23.1
332597,332603,336678,6,4075,2,14400,1.00147239264
332613,332618,336560,5,3942,2,14400,1.00126839168
332614,332624,336816,10,4192,2,14400,1.00238549618
332890,332896,338076,6,5180,2,14400,1.00115830116
332945,332951,336611,6,3660,2,14400,1.00163934426
333060,333066,337407,6,4341,2,14400,1.00138217001
333108,333114,337350,6,4236,2,14400,1.00141643059
333133,333139,337371,6,4232,2,14400,1.00141776938
333188,333194,337407,6,4213,2,14400,1.0014241633
333316,333321,338282,5,4961,2,14400,1.00100786132
333341,333348,337174,7,3826,2,14400,1.00182958704
333385,333391,337174,6,3783,2,14400,1.00158604282
333435,333441,337699,6,4258,2,14400,1.00140911226
333464,333470,337722,6,4252,2,14400,1.00141110066
333480,333486,337804,6,4318,2,14400,1.00138953219
333481,333492,337772,11,4280,2,14400,1.00257009346
333717,333723,337943,6,4220,2,14400,1.00142180095
333830,333836,338183,6,4347,2,14400,1.00138026225
334328,334334,338915,6,4581,2,14400,1.00130975769
334467,334473,338782,6,4309,2,14400,1.00139243444
334860,334866,339311,6,4445,2,14400,1.00134983127
334887,334893,339474,6,4581,2,14400,1.00130975769
334988,334994,339549,6,4555,2,14400,1.00131723381
335097,335104,339316,7,4212,2,14400,1.00166191833
335205,335211,339483,6,4272,2,14400,1.00140449438
335297,335303,339492,6,4189,2,14400,1.00143232275
335458,335464,339381,6,3917,2,14400,1.00153178453
335586,335591,339677,5,4086,2,14400,1.00122369065
335631,335638,339821,7,4183,2,14400,1.00167344011
335805,335811,340442,6,4631,2,14400,1.0012956165
335847,335853,340147,6,4294,2,14400,1.00139729856
335981,335987,339887,6,3900,2,14400,1.00153846154
335996,336002,341041,6,5039,2,14400,1.00119071244
336014,336021,340212,7,4191,2,14400,1.00167024576
336072,336078,340002,6,3924,2,14400,1.00152905199
336097,336103,340251,6,4148,2,14400,1.00144648023
336198,360051,372178,23853,12127,64,54000,2.96693328935
336231,372189,381537,35958,9348,64,54000,4.84659820282
336242,336248,340847,6,4599,2,14400,1.00130463144
336243,381548,390960,45305,9412,64,54000,5.8135359116
336252,390971,401019,54719,10048,64,54000,6.44576035032
336257,394158,401535,57901,7377,64,54000,8.84885454792
336264,401030,408380,64766,7350,64,54000,9.81170068027
336322,336328,340542,6,4214,2,14400,1.00142382534
336408,336414,340970,6,4556,2,14400,1.00131694469
336563,336569,341346,6,4777,2,14400,1.00125601842
336612,336618,340778,6,4160,2,14400,1.00144230769
336683,336689,341068,6,4379,2,14400,1.00137017584
336820,336826,340641,6,3815,2,14400,1.00157273919
337031,337037,342033,6,4996,2,14400,1.00120096077
337177,337184,341822,7,4638,2,14400,1.00150927124
337179,337190,341637,11,4447,2,14400,1.00247357769
337187,349381,407027,12194,57646,1,57600,1.21153245672
337353,337360,343683,7,6323,2,14400,1.00110706943
337372,337378,342314,6,4936,2,14400,1.00121555916
337409,337415,341049,6,3634,2,14400,1.0016510732
337410,337421,342376,11,4955,2,14400,1.00221997982
337702,337708,341756,6,4048,2,14400,1.00148221344
337723,337729,341790,6,4061,2,14400,1.0014774686
337775,337781,341964,6,4183,2,14400,1.00143437724
337806,337812,342097,6,4285,2,14400,1.00140023337
337944,337950,342164,6,4214,2,14400,1.00142382534
338077,338084,342586,7,4502,2,14400,1.0015548645
338179,338186,342043,7,3857,2,14400,1.00181488203
338285,338291,342830,6,4539,2,14400,1.00132187707
338784,338791,343442,7,4651,2,14400,1.00150505268
338918,338924,343869,6,4945,2,14400,1.00121334681
339316,339322,344252,6,4930,2,14400,1.00121703854
339332,339338,343409,6,4071,2,14400,1.00147383935
339384,339390,343941,6,4551,2,14400,1.00131839156
339476,339482,343751,6,4269,2,14400,1.00140548138
339491,339497,344287,6,4790,2,14400,1.0012526096
339509,339515,343530,6,4015,2,14400,1.00149439601
339552,339558,344295,6,4737,2,14400,1.00126662445
339680,339686,344238,6,4552,2,14400,1.00131810193
339824,339830,343980,6,4150,2,14400,1.00144578313
339887,339894,344118,7,4224,2,14400,1.00165719697
340003,340009,343701,6,3692,2,14400,1.00162513543
340149,340155,344679,6,4524,2,14400,1.00132625995
340213,340219,344457,6,4238,2,14400,1.00141576215
340253,340259,344434,6,4175,2,14400,1.00143712575
340444,340450,345131,6,4681,2,14400,1.0012817774
340544,340550,344821,6,4271,2,14400,1.00140482323
340643,340649,344853,6,4204,2,14400,1.00142721218
340781,340788,345068,7,4280,2,14400,1.00163551402
340849,340855,345002,6,4147,2,14400,1.00144682903
340972,340978,345280,6,4302,2,14400,1.00139470014
341042,341049,345396,7,4347,2,14400,1.00161030596
341058,341064,345073,6,4009,2,14400,1.00149663258
341073,341079,344970,6,3891,2,14400,1.00154202005
341349,341355,346144,6,4789,2,14400,1.00125287116
341639,341645,345899,6,4254,2,14400,1.00141043724
341757,341764,346042,7,4278,2,14400,1.00163627863
341791,341797,346503,6,4706,2,14400,1.00127496813
341825,341831,346239,6,4408,2,14400,1.00136116152
341965,341971,345966,6,3995,2,14400,1.00150187735
342035,342041,346202,6,4161,2,14400,1.00144196107
342050,342056,346682,6,4626,2,14400,1.00129701686
342099,342105,346303,6,4198,2,14400,1.00142925202
342166,342171,346140,5,3969,2,14400,1.00125976316
342315,342321,346185,6,3864,2,14400,1.00155279503
342379,342386,346792,7,4406,2,14400,1.00158874262
342586,342592,346496,6,3904,2,14400,1.00153688525
342832,342838,347088,6,4250,2,14400,1.00141176471
343160,343166,343168,6,2,2,3540,1.0
343413,343419,347482,6,4063,2,14400,1.00147674132
343444,343451,347980,7,4529,2,14400,1.00154559505
343533,343539,348241,6,4702,2,14400,1.00127605274
343685,343691,347955,6,4264,2,14400,1.00140712946
343703,343709,347943,6,4234,2,14400,1.00141709967
343755,343761,347979,6,4218,2,14400,1.00142247511
343870,343876,348093,6,4217,2,14400,1.00142281243
343943,343949,347974,6,4025,2,14400,1.00149068323
343983,343990,348290,7,4300,2,14400,1.00162790698
344121,344127,348113,6,3986,2,14400,1.00150526844
344239,344246,348780,7,4534,2,14400,1.0015438906
344254,344261,348919,7,4658,2,14400,1.0015027909
344288,344294,348523,6,4229,2,14400,1.00141877512
344303,344309,348152,6,3843,2,14400,1.00156128025
344436,344443,348952,7,4509,2,14400,1.00155245065
344461,344467,348718,6,4251,2,14400,1.0014114326
344681,344688,349321,7,4633,2,14400,1.00151090006
344825,344831,349625,6,4794,2,14400,1.00125156446
344855,344862,349198,7,4336,2,14400,1.00161439114
344974,344980,348887,6,3907,2,14400,1.00153570514
345004,345010,349031,6,4021,2,14400,1.00149216613
345072,345077,349810,5,4733,2,14400,1.00105641242
345087,345093,349252,6,4159,2,14400,1.00144265448
345133,345139,348999,6,3860,2,14400,1.00155440415
345282,345288,349620,6,4332,2,14400,1.00138504155
345397,345403,349907,6,4504,2,14400,1.0013321492
345900,345906,351585,6,5679,2,14400,1.00105652404
345967,345972,349857,5,3885,2,14400,1.00128700129
346045,346052,350505,7,4453,2,14400,1.00157197395
346140,346146,350461,6,4315,2,14400,1.00139049826
346155,346161,350790,6,4629,2,14400,1.00129617628
346186,346192,350775,6,4583,2,14400,1.00130918612
346205,346211,350613,6,4402,2,14400,1.00136301681
346241,346247,350643,6,4396,2,14400,1.00136487716
346305,346311,350606,6,4295,2,14400,1.00139697322
346497,346503,350389,6,3886,2,14400,1.00154400412
346512,346518,351028,6,4510,2,14400,1.00133037694
346683,346689,351511,6,4822,2,14400,1.00124429697
346795,346804,351195,9,4391,2,14400,1.00204964701
347093,347099,351457,6,4358,2,14400,1.00137677834
347484,347493,351618,9,4125,2,14400,1.00218181818
347945,347955,352369,10,4414,2,14400,1.0022655188
347960,347967,352387,7,4420,2,14400,1.00158371041
347976,347985,352387,9,4402,2,14400,1.00204452522
347991,347997,352108,6,4111,2,14400,1.00145949891
347992,348003,351984,11,3981,2,14400,1.00276312484
348096,348105,352104,9,3999,2,14400,1.00225056264
348115,348124,352746,9,4622,2,14400,1.001947209
348153,348163,352759,10,4596,2,14400,1.00217580505
348244,348252,352891,8,4639,2,14400,1.00172450959
348293,348301,352610,8,4309,2,14400,1.00185657925
348524,348534,352623,10,4089,2,14400,1.00244558572
348721,348730,352772,9,4042,2,14400,1.00222662048
348783,348791,353213,8,4422,2,14400,1.00180913614
348889,348898,353075,9,4177,2,14400,1.00215465645
348923,348931,352854,8,3923,2,14400,1.00203925567
348953,348964,353190,11,4226,2,14400,1.00260293422
349000,349010,353303,10,4293,2,14400,1.0023293734
349032,349042,353560,10,4518,2,14400,1.00221336875
349198,349209,353644,11,4435,2,14400,1.00248027057
349254,349263,353642,9,4379,2,14400,1.00205526376
349323,349332,354077,9,4745,2,14400,1.0018967334
349621,349631,353753,10,4122,2,14400,1.00242600679
349636,349642,354042,6,4400,2,14400,1.00136363636
349813,349821,354678,8,4857,2,14400,1.00164710727
349859,349868,354009,9,4141,2,14400,1.00217338807
349907,349918,354040,11,4122,2,14400,1.00266860747
350391,350400,355695,9,5295,2,14400,1.00169971671
350465,350473,355223,8,4750,2,14400,1.00168421053
350507,350516,354374,9,3858,2,14400,1.00233281493
350608,350617,354073,9,3456,2,14400,1.00260416667
350624,350630,354782,6,4152,2,14400,1.00144508671
350645,350655,354263,10,3608,2,14400,1.00277161863
350775,350786,354983,11,4197,2,14400,1.0026209197
350793,350801,355236,8,4435,2,14400,1.00180383315
351031,351039,355183,8,4144,2,14400,1.00193050193
351198,351206,355194,8,3988,2,14400,1.00200601805
351456,351468,354921,12,3453,2,14400,1.00347523892
351514,351522,355449,8,3927,2,14400,1.00203717851
351586,351596,355360,10,3764,2,14400,1.00265674814
351620,351629,356156,9,4527,2,14400,1.00198807157
351988,351996,356647,8,4651,2,14400,1.0017200602
352107,352115,356641,8,4526,2,14400,1.00176756518
352122,352128,356571,6,4443,2,14400,1.00135043889
352371,352381,356996,10,4615,2,14400,1.00216684724
352389,352398,356832,9,4434,2,14400,1.00202976996
352391,352403,356405,12,4002,2,14400,1.00299850075
352614,352621,356877,7,4256,2,14400,1.00164473684
352630,352636,356999,6,4363,2,14400,1.00137520055
352747,352757,357004,10,4247,2,14400,1.00235460325
352762,352770,357204,8,4434,2,14400,1.00180423996
352777,352783,357926,6,5143,2,14400,1.00116663426
352856,352865,357072,9,4207,2,14400,1.00213929166
352892,352902,357408,10,4506,2,14400,1.0022192632
353080,353087,357022,7,3935,2,14400,1.00177890724
353192,353201,357807,9,4606,2,14400,1.00195397308
353215,353224,356782,9,3558,2,14400,1.00252951096
353306,353314,357510,8,4196,2,14400,1.00190657769
353561,353571,357728,10,4157,2,14400,1.00240558095
353643,353653,357595,10,3942,2,14400,1.00253678336
353658,353665,358037,7,4372,2,14400,1.0016010979
353756,353764,357883,8,4119,2,14400,1.00194221899
354012,354021,358665,9,4644,2,14400,1.0019379845
354043,354052,358110,9,4058,2,14400,1.0022178413
354044,354058,358227,14,4169,2,14400,1.00335811945
354076,354084,358464,8,4380,2,14400,1.00182648402
354092,354098,358324,6,4226,2,14400,1.0014197823
354263,354274,358830,11,4556,2,14400,1.0024143986
354375,354385,358510,10,4125,2,14400,1.00242424242
354681,354687,358674,6,3987,2,14400,1.0015048909
354783,354789,358963,6,4174,2,14400,1.00143747005
354922,354928,359632,6,4704,2,14400,1.0012755102
354985,354992,358757,7,3765,2,14400,1.00185922975
355184,355191,359661,7,4470,2,14400,1.00156599553
355200,355206,359427,6,4221,2,14400,1.00142146411
355228,355234,359557,6,4323,2,14400,1.00138792505
355244,355250,360197,6,4947,2,14400,1.00121285628
355362,355368,359203,6,3835,2,14400,1.00156453716
355450,355456,359862,6,4406,2,14400,1.00136177939
355699,355705,359714,6,4009,2,14400,1.00149663258
356158,356164,360980,6,4816,2,14400,1.00124584718
356406,356413,360732,7,4319,2,14400,1.00162074554
356572,356578,361002,6,4424,2,14400,1.0013562387
356642,356648,361460,6,4812,2,14400,1.00124688279
356657,356663,361382,6,4719,2,14400,1.00127145582
356784,356789,361051,5,4262,2,14400,1.00117315814
356833,356839,361117,6,4278,2,14400,1.00140252454
356880,356886,361881,6,4995,2,14400,1.0012012012
356999,357006,361836,7,4830,2,14400,1.00144927536
357001,357012,362241,11,5229,2,14400,1.00210365271
357016,357027,361707,11,4680,2,14400,1.00235042735
357031,357037,361131,6,4094,2,14400,1.00146555936
357075,357081,361462,6,4381,2,14400,1.00136955033
357207,357213,361403,6,4190,2,14400,1.00143198091
357409,357415,362229,6,4814,2,14400,1.00124636477
357513,357519,361512,6,3993,2,14400,1.0015026296
357598,357604,362312,6,4708,2,14400,1.00127442651
357731,357737,361628,6,3891,2,14400,1.00154202005
357810,357816,361919,6,4103,2,14400,1.00146234463
357886,357892,362215,6,4323,2,14400,1.00138792505
357929,357935,362317,6,4382,2,14400,1.00136923779
358038,358045,362759,7,4714,2,14400,1.00148493848
358111,358117,362500,6,4383,2,14400,1.00136892539
358230,358236,362579,6,4343,2,14400,1.0013815335
358327,358333,363169,6,4836,2,14400,1.00124069479
358334,358340,358471,6,131,1,600,1.04580152672
358468,358474,363749,6,5275,2,14400,1.00113744076
358500,358510,645655,10,287145,1,540000,1.00003482561
358511,358517,362579,6,4062,2,14400,1.00147710487
358553,358685,582104,132,223419,1,540000,1.00059081815
358563,358690,597051,127,238361,1,540000,1.00053280528
358580,358977,591958,397,232981,1,540000,1.00170400161
358598,358982,633916,384,274934,1,540000,1.00139669884
358612,370193,640400,11581,270207,1,540000,1.04285973346
358625,408414,659926,49789,251512,1,540000,1.19795874551
358639,408420,690469,49781,282049,1,540000,1.17649770075
358655,408425,652764,49770,244339,1,540000,1.20369241095
358666,358672,363126,6,4454,2,14400,1.00134710373
358673,408430,678698,49757,270268,1,540000,1.18410244646
358681,358696,362946,15,4250,2,14400,1.00352941176
358760,358766,362755,6,3989,2,14400,1.00150413638
358832,358839,363583,7,4744,2,14400,1.00147554806
358965,358971,362853,6,3882,2,14400,1.00154559505
359205,359211,363856,6,4645,2,14400,1.00129171152
359430,359436,364413,6,4977,2,14400,1.00120554551
359558,359564,364354,6,4790,2,14400,1.0012526096
359634,359640,363916,6,4276,2,14400,1.00140318054
359664,359670,364039,6,4369,2,14400,1.00137331197
359716,359722,363546,6,3824,2,14400,1.00156903766
359865,359871,364493,6,4622,2,14400,1.00129813933
359899,403514,403518,43615,4,4,180000,4361.9
360199,360205,364255,6,4050,2,14400,1.00148148148
360639,403532,403537,42893,5,4,180000,4289.8
360736,360742,365114,6,4372,2,14400,1.00137236962
360736,403548,436712,42812,33164,4,180000,2.29091786274
360982,360988,365293,6,4305,2,14400,1.00139372822
361003,361010,365366,7,4356,2,14400,1.00160697888
361052,361058,365532,6,4474,2,14400,1.00134108181
361119,361124,365229,5,4105,2,14400,1.0012180268
361134,361140,365845,6,4705,2,14400,1.00127523911
361385,361392,365456,7,4064,2,14400,1.00172244094
361404,361410,365789,6,4379,2,14400,1.00137017584
361462,361468,365906,6,4438,2,14400,1.00135196034
361477,361483,366618,6,5135,2,14400,1.0011684518
361513,361519,366199,6,4680,2,14400,1.00128205128
361629,361635,366187,6,4552,2,14400,1.00131810193
361709,361715,366037,6,4322,2,14400,1.00138824618
361840,361846,366338,6,4492,2,14400,1.00133570793
361882,361888,366237,6,4349,2,14400,1.0013796275
361922,361928,366390,6,4462,2,14400,1.00134468848
362218,362224,366455,6,4231,2,14400,1.00141810447
362233,362239,366327,6,4088,2,14400,1.00146771037
362249,362255,366760,6,4505,2,14400,1.0013318535
362316,362322,367229,6,4907,2,14400,1.00122274302
362331,362337,366777,6,4440,2,14400,1.00135135135
362501,362507,366714,6,4207,2,14400,1.00142619444
362583,362590,366980,7,4390,2,14400,1.00159453303
362585,362596,366915,11,4319,2,14400,1.00254688585
362757,362763,366880,6,4117,2,14400,1.00145737187
362772,362778,367299,6,4521,2,14400,1.00132714001
362854,362860,367462,6,4602,2,14400,1.00130378096
362947,362953,367528,6,4575,2,14400,1.00131147541
363126,363132,367294,6,4162,2,14400,1.00144161461
363173,363179,368156,6,4977,2,14400,1.00120554551
363546,363552,368129,6,4577,2,14400,1.00131090234
363586,363592,367776,6,4184,2,14400,1.00143403442
363749,363756,368083,7,4327,2,14400,1.00161774902
363859,363865,368689,6,4824,2,14400,1.00124378109
363917,363923,368306,6,4383,2,14400,1.00136892539
364040,364046,368016,6,3970,2,14400,1.00151133501
364255,364262,368602,7,4340,2,14400,1.00161290323
364357,364363,368597,6,4234,2,14400,1.00141709967
364414,364421,368724,7,4303,2,14400,1.00162677202
364494,364501,368948,7,4447,2,14400,1.0015740949
365117,365123,369596,6,4473,2,14400,1.00134138162
365230,365237,369715,7,4478,2,14400,1.00156319786
365294,365300,369987,6,4687,2,14400,1.00128013655
365369,365376,369791,7,4415,2,14400,1.00158550396
365459,365465,370547,6,5082,2,14400,1.00118063754
365535,365542,369598,7,4056,2,14400,1.00172583826
365791,365797,370100,6,4303,2,14400,1.00139437602
365846,365852,370727,6,4875,2,14400,1.00123076923
365907,365913,370256,6,4343,2,14400,1.0013815335
366038,366044,370179,6,4135,2,14400,1.00145102781
366189,366195,370295,6,4100,2,14400,1.00146341463
366204,366210,370649,6,4439,2,14400,1.00135165578
366238,366244,370638,6,4394,2,14400,1.00136549841
366329,366335,370483,6,4148,2,14400,1.00144648023
366345,366351,370965,6,4614,2,14400,1.00130039012
366391,366397,371374,6,4977,2,14400,1.00120554551
366458,366464,371062,6,4598,2,14400,1.00130491518
366619,366625,370870,6,4245,2,14400,1.00141342756
366717,366723,371271,6,4548,2,14400,1.00131926121
366762,366769,370761,7,3992,2,14400,1.00175350701
366778,366784,371576,6,4792,2,14400,1.00125208681
366882,366888,371108,6,4220,2,14400,1.00142180095
366915,366922,370696,7,3774,2,14400,1.00185479597
366982,366989,371257,7,4268,2,14400,1.00164011246
367230,367236,371609,6,4373,2,14400,1.0013720558
367297,367303,372034,6,4731,2,14400,1.00126823082
367312,367319,371408,7,4089,2,14400,1.00171191
367464,367470,372262,6,4792,2,14400,1.00125208681
367529,367535,372162,6,4627,2,14400,1.00129673655
367777,367784,372502,7,4718,2,14400,1.00148367953
368018,368024,372115,6,4091,2,14400,1.00146663407
368085,368091,372925,6,4834,2,14400,1.00124120811
368130,368136,372870,6,4734,2,14400,1.00126742712
368157,368164,372568,7,4404,2,14400,1.00158946412
368308,368314,372715,6,4401,2,14400,1.00136332652
368601,368607,372882,6,4275,2,14400,1.00140350877
368616,368622,372494,6,3872,2,14400,1.00154958678
368692,368699,375101,7,6402,2,14400,1.00109340831
368726,368732,373222,6,4490,2,14400,1.0013363029
368954,368960,373595,6,4635,2,14400,1.00129449838
369599,369606,373860,7,4254,2,14400,1.00164551011
369601,369612,374261,11,4649,2,14400,1.00236610024
369717,369723,374094,6,4371,2,14400,1.0013726836
369793,369800,374560,7,4760,2,14400,1.00147058824
369989,369995,374315,6,4320,2,14400,1.00138888889
370102,370108,374543,6,4435,2,14400,1.00135287486
370181,370187,374706,6,4519,2,14400,1.00132772737
370258,370264,373758,6,3494,2,14400,1.00171722954
370297,370303,375250,6,4947,2,14400,1.00121285628
370486,370491,374921,5,4430,2,14400,1.00112866817
370550,370556,374961,6,4405,2,14400,1.00136208854
370642,370648,375639,6,4991,2,14400,1.0012021639
370657,370663,374661,6,3998,2,14400,1.00150075038
370697,370703,375014,6,4311,2,14400,1.00139178845
370730,370736,374789,6,4053,2,14400,1.0014803849
370764,370770,375383,6,4613,2,14400,1.00130067201
370870,370876,375751,6,4875,2,14400,1.00123076923
370968,370974,375426,6,4452,2,14400,1.00134770889
371065,371072,375460,7,4388,2,14400,1.0015952598
371111,371117,375597,6,4480,2,14400,1.00133928571
371256,371263,375689,7,4426,2,14400,1.00158156349
371272,371278,375577,6,4299,2,14400,1.00139567341
371326,383555,563576,12229,180021,1,180000,1.06793096361
371375,371381,375376,6,3995,2,14400,1.00150187735
371411,371417,375773,6,4356,2,14400,1.00137741047
371481,388766,389722,17285,956,1,90000,19.0805439331
371500,389043,389048,17543,5,1,90000,1754.8
371523,389059,399413,17536,10354,1,90000,2.69364496813
371578,371585,376030,7,4445,2,14400,1.00157480315
371612,371618,376187,6,4569,2,14400,1.00131319764
372035,372041,376701,6,4660,2,14400,1.00128755365
372116,372122,376406,6,4284,2,14400,1.00140056022
372164,372170,376169,6,3999,2,14400,1.00150037509
372264,372271,376550,7,4279,2,14400,1.00163589624
372495,372501,376882,6,4381,2,14400,1.00136955033
372511,372518,376317,7,3799,2,14400,1.00184259016
372569,372575,376700,6,4125,2,14400,1.00145454545
372717,372723,376766,6,4043,2,14400,1.0014840465
372872,372878,377659,6,4781,2,14400,1.00125496758
372887,372893,377432,6,4539,2,14400,1.00132187707
372927,372933,377507,6,4574,2,14400,1.00131176213
373224,373231,377804,7,4573,2,14400,1.00153072381
373597,373602,377926,5,4324,2,14400,1.00115633673
373761,373767,378158,6,4391,2,14400,1.00136643134
373861,373867,378597,6,4730,2,14400,1.00126849894
374096,374102,378713,6,4611,2,14400,1.00130123617
374263,374269,378949,6,4680,2,14400,1.00128205128
374318,374324,378327,6,4003,2,14400,1.00149887584
374546,374552,378928,6,4376,2,14400,1.00137111517
374561,374568,378522,7,3954,2,14400,1.00177035913
374661,374667,378835,6,4168,2,14400,1.00143953935
374710,374717,379167,7,4450,2,14400,1.00157303371
374790,374796,378671,6,3875,2,14400,1.0015483871
374917,401546,444760,26629,43214,64,43200,1.61621233859
374924,374930,379877,6,4947,2,14400,1.00121285628
374964,374970,379359,6,4389,2,14400,1.001367054
375016,375022,380083,6,5061,2,14400,1.00118553646
375101,375107,379808,6,4701,2,14400,1.00127632419
375252,375259,379742,7,4483,2,14400,1.00156145438
375378,375384,379980,6,4596,2,14400,1.00130548303
375393,375399,379663,6,4264,2,14400,1.00140712946
375430,375436,379728,6,4292,2,14400,1.00139794967
375463,375469,380407,6,4938,2,14400,1.00121506683
375579,375585,380717,6,5132,2,14400,1.00116913484
375601,375607,380599,6,4992,2,14400,1.00120192308
375641,375647,379836,6,4189,2,14400,1.00143232275
375695,375701,380167,6,4466,2,14400,1.0013434841
375754,375760,380183,6,4423,2,14400,1.00135654533
375776,375782,379677,6,3895,2,14400,1.00154043646
376032,376038,380829,6,4791,2,14400,1.00125234815
376170,376176,380362,6,4186,2,14400,1.00143334926
376189,376195,379864,6,3669,2,14400,1.00163532298
376317,376323,380371,6,4048,2,14400,1.00148221344
376409,376415,380502,6,4087,2,14400,1.00146806949
376553,376559,381084,6,4525,2,14400,1.00132596685
376636,376893,377557,257,664,42,10200,1.38704819277
376703,376712,381200,9,4488,2,14400,1.00200534759
376704,377443,381726,739,4283,2,14400,1.17254261032
376769,377519,381615,750,4096,2,14400,1.18310546875
376887,377568,381764,681,4196,2,14400,1.16229742612
377436,377573,381644,137,4071,2,14400,1.03365266519
377509,377579,382199,70,4620,2,14400,1.01515151515
377660,377666,382817,6,5151,2,14400,1.00116482236
377807,377814,382043,7,4229,2,14400,1.00165523764
377928,377934,382620,6,4686,2,14400,1.00128040973
378161,378167,382154,6,3987,2,14400,1.0015048909
378329,378335,383374,6,5039,2,14400,1.00119071244
378438,378727,379163,289,436,42,3600,1.6628440367
378525,378532,382907,7,4375,2,14400,1.0016
378598,378604,383150,6,4546,2,14400,1.00131984162
378673,378680,383499,7,4819,2,14400,1.00145258352
378715,378721,383590,6,4869,2,14400,1.00123228589
378838,378844,383423,6,4579,2,14400,1.00131032977
378930,378936,383179,6,4243,2,14400,1.0014140938
378952,378958,383788,6,4830,2,14400,1.00124223602
379170,379176,383531,6,4355,2,14400,1.00137772675
379361,379368,384134,7,4766,2,14400,1.00146873689
379553,379559,379560,6,1,2,7200,1.0
379563,379570,379571,7,1,2,7200,1.0
379665,379671,384034,6,4363,2,14400,1.00137520055
379680,379686,384033,6,4347,2,14400,1.00138026225
379728,379735,383629,7,3894,2,14400,1.00179763739
379744,379750,383617,6,3867,2,14400,1.00155159038
379757,379763,379764,6,1,2,7200,1.0
379811,379817,383956,6,4139,2,14400,1.00144962551
379831,379837,380740,6,903,2,7200,1.00664451827
379838,379844,384658,6,4814,2,14400,1.00124636477
379841,379850,380720,9,870,2,7200,1.01034482759
379852,379858,380696,6,838,2,7200,1.00715990453
379863,379869,380691,6,822,2,7200,1.00729927007
379865,379875,384725,10,4850,2,14400,1.00206185567
379873,379881,380716,8,835,2,7200,1.00958083832
379880,379887,384857,7,4970,2,14400,1.0014084507
379884,379893,380719,9,826,2,7200,1.01089588378
379894,379900,380717,6,817,2,7200,1.00734394125
379905,379911,380783,6,872,2,7200,1.00688073394
379916,379922,380859,6,937,2,7200,1.00640341515
379926,379933,380789,7,856,2,7200,1.00817757009
379937,379943,380792,6,849,2,7200,1.00706713781
379947,379954,380803,7,849,2,7200,1.00824499411
379958,379964,380812,6,848,2,7200,1.0070754717
379969,379975,379979,6,4,2,7200,1.0
379979,379985,380703,6,718,2,7200,1.00835654596
379983,379991,385270,8,5279,2,14400,1.00151543853
379990,379997,380709,7,712,2,7200,1.00983146067
380000,380006,380777,6,771,2,7200,1.00778210117
380011,380017,381026,6,1009,2,7200,1.00594648167
380021,380028,380827,7,799,2,7200,1.00876095119
380032,380038,380830,6,792,2,7200,1.00757575758
380043,380049,380824,6,775,2,7200,1.00774193548
380053,380059,380881,6,822,2,7200,1.00729927007
380064,380070,380883,6,813,2,7200,1.0073800738
380075,380081,380936,6,855,2,7200,1.00701754386
380085,380095,380908,10,813,2,7200,1.012300123
380086,380194,385189,108,4995,2,14400,1.02162162162
380165,380373,384582,208,4209,2,14400,1.04941791399
380187,380382,384537,195,4155,2,14400,1.04693140794
380366,380513,385335,147,4822,2,14400,1.03048527582
380381,380611,385417,230,4806,2,14400,1.04785684561
380409,380714,385078,305,4364,2,14400,1.06989000917
380461,389038,761073,8577,372035,6,432000,1.02305428253
380507,380727,384861,220,4134,2,14400,1.05321722303
380602,380733,385534,131,4801,2,14400,1.02728598209
380718,380789,386340,71,5551,2,14400,1.0127904882
380791,380797,381625,6,828,2,7200,1.00724637681
380801,380807,381674,6,867,2,7200,1.00692041522
380812,380818,381626,6,808,2,7200,1.00742574257
380822,380829,381727,7,898,2,7200,1.00779510022
380830,380836,385160,6,4324,2,14400,1.00138760407
380833,380842,381685,9,843,2,7200,1.01067615658
380843,380850,381704,7,854,2,7200,1.00819672131
380854,380860,381707,6,847,2,7200,1.00708382527
380865,380870,381743,5,873,2,7200,1.00572737686
380875,380882,381777,7,895,2,7200,1.00782122905
380886,380892,381714,6,822,2,7200,1.00729927007
380896,380902,381593,6,691,2,7200,1.00868306802
380907,380913,381618,6,705,2,7200,1.0085106383
380917,380923,381606,6,683,2,7200,1.00878477306
380928,380934,381693,6,759,2,7200,1.00790513834
380938,380945,381739,7,794,2,7200,1.00881612091
380949,380955,381749,6,794,2,7200,1.00755667506
380960,380966,381840,6,874,2,7200,1.00686498856
380970,380976,381783,6,807,2,7200,1.00743494424
380981,380987,381862,6,875,2,7200,1.00685714286
380991,380997,381831,6,834,2,7200,1.0071942446
381002,381008,381847,6,839,2,7200,1.00715137068
381012,381018,381827,6,809,2,7200,1.00741656366
381023,381037,381904,14,867,2,7200,1.01614763552
381033,381095,381973,62,878,2,7200,1.07061503417
381086,381604,385463,518,3859,2,14400,1.13423166623
381200,381626,385807,426,4181,2,14400,1.10188950012
381616,381632,386404,16,4772,2,14400,1.00335289187
381637,381643,382505,6,862,2,7200,1.00696055684
381646,381655,385434,9,3779,2,14400,1.00238158243
381658,381664,382528,6,864,2,7200,1.00694444444
381669,381675,382547,6,872,2,7200,1.00688073394
381679,381685,382545,6,860,2,7200,1.00697674419
381690,381696,382552,6,856,2,7200,1.00700934579
381700,381706,382544,6,838,2,7200,1.00715990453
381711,381717,382608,6,891,2,7200,1.00673400673
381721,381728,382446,7,718,2,7200,1.00974930362
381728,381734,386007,6,4273,2,14400,1.00140416569
381732,381740,382648,8,908,2,7200,1.00881057269
381743,381749,382540,6,791,2,7200,1.00758533502
381753,381759,382565,6,806,2,7200,1.00744416873
381764,381770,382563,6,793,2,7200,1.00756620429
381764,381775,386108,11,4333,2,14400,1.00253865682
381774,381781,382578,7,797,2,7200,1.00878293601
381785,381791,382594,6,803,2,7200,1.00747198007
381795,381802,382564,7,762,2,7200,1.00918635171
381806,381812,382640,6,828,2,7200,1.00724637681
381817,381839,382673,22,834,2,7200,1.02637889688
381837,381845,382667,8,822,2,7200,1.0097323601
381848,381854,382833,6,979,2,7200,1.00612870276
381859,381865,382676,6,811,2,7200,1.00739827374
381869,381875,382699,6,824,2,7200,1.0072815534
381880,381916,382776,36,860,2,7200,1.04186046512
381921,381970,382823,49,853,2,7200,1.05744431419
381972,381984,382875,12,891,2,7200,1.01346801347
381983,382055,382908,72,853,2,7200,1.08440797186
382044,382166,387292,122,5126,2,14400,1.0238002341
382156,382210,386649,54,4439,2,14400,1.012164902
382201,382574,387346,373,4772,2,14400,1.0781642917
382341,431894,604712,49553,172818,4,172800,1.28673517805
382575,382581,383417,6,836,2,7200,1.00717703349
382585,382592,383464,7,872,2,7200,1.00802752294
382596,382602,383425,6,823,2,7200,1.00729040097
382607,382613,383393,6,780,2,7200,1.00769230769
382617,382623,383393,6,770,2,7200,1.00779220779
382621,382629,386821,8,4192,2,14400,1.00190839695
382628,382635,383447,7,812,2,7200,1.00862068966
382638,382644,383378,6,734,2,7200,1.00817438692
382638,408436,454247,25798,45811,10,57600,1.56313985724
382649,382655,383547,6,892,2,7200,1.0067264574
382659,382665,383605,6,940,2,7200,1.00638297872
382670,382676,383544,6,868,2,7200,1.0069124424
382680,382687,383573,7,886,2,7200,1.0079006772
382691,382697,383519,6,822,2,7200,1.00729927007
382702,382708,383526,6,818,2,7200,1.00733496333
382712,382718,383593,6,875,2,7200,1.00685714286
382723,382729,383548,6,819,2,7200,1.00732600733
382733,382740,383553,7,813,2,7200,1.0086100861
382744,382750,383550,6,800,2,7200,1.0075
382754,382761,383635,7,874,2,7200,1.00800915332
382765,382771,383632,6,861,2,7200,1.00696864111
382776,382787,383647,11,860,2,7200,1.01279069767
382786,382828,383695,42,867,2,7200,1.04844290657
382818,382834,386966,16,4132,2,14400,1.00387221684
382838,382844,383712,6,868,2,7200,1.0069124424
382848,382886,383702,38,816,2,7200,1.04656862745
382889,382918,383747,29,829,2,7200,1.03498190591
382909,382924,386958,15,4034,2,14400,1.00371839365
382920,383161,383901,241,740,2,7200,1.32567567568
383044,408393,458393,25349,50000,14,57600,1.50698
383152,383530,387773,378,4243,2,14400,1.0890879095
383182,383537,388140,355,4603,2,14400,1.07712361503
383376,383561,387977,185,4416,2,14400,1.04189311594
383425,383566,387765,141,4199,2,14400,1.03357942367
383503,383572,387312,69,3740,2,14400,1.01844919786
383533,383584,388220,51,4636,2,14400,1.01100086281
383588,383594,384353,6,759,2,7200,1.00790513834
383591,383604,388100,13,4496,2,14400,1.00289145907
383609,383615,384401,6,786,2,7200,1.00763358779
383619,383628,387679,9,4051,2,14400,1.00222167366
383629,383636,384412,7,776,2,7200,1.00902061856
383634,383642,387491,8,3849,2,14400,1.00207846194
383640,383648,384530,8,882,2,7200,1.00907029478
383651,383657,384444,6,787,2,7200,1.00762388818
383661,383668,384440,7,772,2,7200,1.00906735751
383672,383678,384524,6,846,2,7200,1.00709219858
383682,383689,384517,7,828,2,7200,1.00845410628
383693,383699,384552,6,853,2,7200,1.00703399766
383704,383710,384535,6,825,2,7200,1.00727272727
383714,383720,384537,6,817,2,7200,1.00734394125
383725,383731,384533,6,802,2,7200,1.00748129676
383735,383741,384545,6,804,2,7200,1.00746268657
383746,383752,384605,6,853,2,7200,1.00703399766
383756,383763,384596,7,833,2,7200,1.00840336134
383767,383773,384616,6,843,2,7200,1.00711743772
383778,383784,384639,6,855,2,7200,1.00701754386
383788,383794,384705,6,911,2,7200,1.00658616905
383792,383800,388133,8,4333,2,14400,1.00184629587
383799,383806,384637,7,831,2,7200,1.00842358604
383809,383816,384619,7,803,2,7200,1.00871731009
383820,383826,384552,6,726,2,7200,1.00826446281
383831,383837,384793,6,956,2,7200,1.00627615063
383841,383847,384667,6,820,2,7200,1.00731707317
383852,383858,384699,6,841,2,7200,1.00713436385
383862,383912,384740,50,828,2,7200,1.06038647343
383914,383967,384743,53,776,2,7200,1.06829896907
383959,384548,388685,589,4137,2,14400,1.14237370075
383980,408441,453409,24461,44968,10,57600,1.54396459705
384035,384563,389516,528,4953,2,14400,1.10660205936
384036,384593,389117,557,4524,2,14400,1.12312113174
384138,384631,389185,493,4554,2,14400,1.10825647782
384538,384669,388576,131,3907,2,14400,1.03352956232
384569,408446,440934,23877,32488,10,43200,1.7349482886
384583,384678,389360,95,4682,2,14400,1.02029047416
384659,384711,389218,52,4507,2,14400,1.01153760817
384715,384721,385525,6,804,2,7200,1.00746268657
384725,384736,390107,11,5371,2,14400,1.00204803575
384736,384742,385556,6,814,2,7200,1.00737100737
384747,384753,386226,6,1473,2,7200,1.00407331976
384757,384763,385600,6,837,2,7200,1.00716845878
384768,384774,385614,6,840,2,7200,1.00714285714
384778,384784,385741,6,957,2,7200,1.00626959248
384789,384795,385606,6,811,2,7200,1.00739827374
384799,384805,385621,6,816,2,7200,1.00735294118
384810,384816,385676,6,860,2,7200,1.00697674419
384821,384827,385678,6,851,2,7200,1.00705052879
384831,384837,385699,6,862,2,7200,1.00696055684
384842,384848,385856,6,1008,2,7200,1.00595238095
384852,384858,385766,6,908,2,7200,1.00660792952
384859,384865,389197,6,4332,2,14400,1.00138504155
384863,384871,385764,8,893,2,7200,1.00895856663
384873,384880,385711,7,831,2,7200,1.00842358604
384874,384885,389412,11,4527,2,14400,1.00242986525
384884,384891,385608,7,717,2,7200,1.00976290098
384895,384901,385626,6,725,2,7200,1.00827586207
384905,384911,386177,6,1266,2,7200,1.00473933649
384916,384922,385661,6,739,2,7200,1.00811907984
384926,384933,385713,7,780,2,7200,1.00897435897
384937,384943,385740,6,797,2,7200,1.00752823087
384948,384954,385730,6,776,2,7200,1.00773195876
384958,384964,385762,6,798,2,7200,1.00751879699
384969,384975,385790,6,815,2,7200,1.00736196319
384979,384985,385888,6,903,2,7200,1.00664451827
384990,385090,385964,100,874,2,7200,1.11441647597
385081,385171,389281,90,4110,2,14400,1.02189781022
385162,385201,389298,39,4097,2,14400,1.00951916036
385193,385282,389220,89,3938,2,14400,1.02260030472
385271,385346,389292,75,3946,2,14400,1.01900658895
385338,385429,389793,91,4364,2,14400,1.02085242896
385420,385446,389629,26,4183,2,14400,1.00621563471
385435,385474,389860,39,4386,2,14400,1.00889192886
385466,385546,390030,80,4484,2,14400,1.0178412132
385535,385802,389748,267,3946,2,14400,1.06766345666
385807,385814,386686,7,872,2,7200,1.00802752294
385808,385820,390047,12,4227,2,14400,1.00283889283
385818,385826,386635,8,809,2,7200,1.00988875155
385829,385835,386671,6,836,2,7200,1.00717703349
385839,385845,386683,6,838,2,7200,1.00715990453
385850,385856,386694,6,838,2,7200,1.00715990453
385860,385866,386700,6,834,2,7200,1.0071942446
385871,385877,387574,6,1697,2,7200,1.00353565115
385881,385887,386718,6,831,2,7200,1.00722021661
385892,385898,386736,6,838,2,7200,1.00715990453
385902,385909,386827,7,918,2,7200,1.00762527233
385913,385919,386669,6,750,2,7200,1.008
385924,385930,386691,6,761,2,7200,1.00788436268
385934,385940,386719,6,779,2,7200,1.00770218228
385945,385951,386832,6,881,2,7200,1.00681044268
385955,385961,386760,6,799,2,7200,1.00750938673
385966,385972,386761,6,789,2,7200,1.00760456274
385976,385983,386767,7,784,2,7200,1.00892857143
385987,385993,386875,6,882,2,7200,1.00680272109
385998,386004,386902,6,898,2,7200,1.00668151448
386008,386014,386889,6,875,2,7200,1.00685714286
386009,386020,390505,11,4485,2,14400,1.00245261984
386019,386026,386889,7,863,2,7200,1.00811123986
386029,386035,386920,6,885,2,7200,1.00677966102
386040,386046,386943,6,897,2,7200,1.00668896321
386050,386119,387010,69,891,2,7200,1.07744107744
386123,386188,387068,65,880,2,7200,1.07386363636
386156,386351,390295,195,3944,2,14400,1.04944219067
386271,389734,401598,3463,11864,1,259200,1.29189143628
386341,386415,391133,74,4718,2,14400,1.01568461212
386405,386660,391427,255,4767,2,14400,1.05349276274
386478,386485,391528,7,5043,1,7200,1.00138806266
386650,386833,391661,183,4828,2,14400,1.03790389395
386824,386931,391274,107,4343,2,14400,1.02463734746
386930,386954,387774,24,820,2,7200,1.02926829268
386951,386970,387772,19,802,2,7200,1.02369077307
386960,386977,390905,17,3928,2,14400,1.00432790224
386975,387021,391629,46,4608,2,14400,1.00998263889
386978,408404,413920,21426,5516,6,43200,4.88433647571
387023,387303,388120,280,817,2,7200,1.34271725826
387294,387324,391615,30,4291,2,14400,1.0069913773
387315,387357,391548,42,4191,2,14400,1.01002147459
387348,387502,391978,154,4476,2,14400,1.03440571939
387492,387690,392084,198,4394,2,14400,1.04506144743
387681,387776,391821,95,4045,2,14400,1.02348578492
387766,387784,392135,18,4351,2,14400,1.00413698
387783,387790,392382,7,4592,2,14400,1.00152439024
387787,402860,431875,15073,29015,18,151200,1.51948991901
387789,387796,388588,7,792,2,7200,1.00883838384
387799,387988,388877,189,889,2,7200,1.2125984252
387979,388111,393907,132,5796,2,14400,1.02277432712
388103,388131,392368,28,4237,2,14400,1.00660844937
388131,388144,389166,13,1022,2,7200,1.01272015656
388135,388150,392506,15,4356,2,14400,1.00344352617
388151,388231,393235,80,5004,2,14400,1.01598721023
388221,388587,393721,366,5134,2,14400,1.07128944293
388578,388600,392945,22,4345,2,14400,1.00506329114
388601,388696,389559,95,863,2,7200,1.1100811124
388688,388888,393779,200,4891,2,14400,1.04089143324
388887,389128,389993,241,865,2,7200,1.27861271676
389119,389178,394177,59,4999,2,14400,1.01180236047
389174,389196,390081,22,885,2,7200,1.02485875706
389186,389208,393656,22,4448,2,14400,1.00494604317
389202,389229,394001,27,4772,2,14400,1.00565800503
389220,389235,394091,15,4856,2,14400,1.00308896211
389222,389292,393915,70,4623,2,14400,1.01514168289
389285,389303,393359,18,4056,2,14400,1.00443786982
389301,389309,394061,8,4752,2,14400,1.00168350168
389302,389371,393497,69,4126,2,14400,1.01672321861
389363,389423,394011,60,4588,2,14400,1.01307759372
389415,389528,393851,113,4323,2,14400,1.02613925515
389518,389570,394178,52,4608,2,14400,1.01128472222
389574,389640,390552,66,912,2,7200,1.07236842105
389630,389759,394062,129,4303,2,14400,1.02997908436
389751,389805,393810,54,4005,2,14400,1.01348314607
389797,389872,394613,75,4741,2,14400,1.01581944737
389863,390005,393859,142,3854,2,14400,1.03684483653
390005,390041,390898,36,857,2,7200,1.04200700117
390033,390058,394389,25,4331,2,14400,1.00577233895
390048,390092,394105,44,4013,2,14400,1.01096436581
390090,390118,390995,28,877,2,7200,1.03192702395
390109,390306,394980,197,4674,2,14400,1.04214805306
390302,390516,395087,214,4571,2,14400,1.04681688908
390508,390563,395462,55,4899,2,14400,1.01122678098
390559,390909,391764,350,855,2,7200,1.40935672515
390906,390916,395320,10,4404,2,14400,1.00227066303
390916,391006,391825,90,819,2,7200,1.10989010989
391008,391144,391964,136,820,2,7200,1.16585365854
391133,391286,395799,153,4513,2,14400,1.03390206071
391276,391438,395615,162,4177,2,14400,1.03878381614
391419,393247,396323,1828,3076,2,28800,1.59427828349
391428,391559,395994,131,4435,2,14400,1.02953776776
391552,391626,395943,74,4317,2,14400,1.01714153347
391617,391640,395548,23,3908,2,14400,1.00588536336
391632,391672,396476,40,4804,2,14400,1.00832639467
391663,391776,395802,113,4026,2,14400,1.02806756085
391774,391832,392647,58,815,2,7200,1.07116564417
391822,391838,396213,16,4375,2,14400,1.00365714286
391836,391976,392865,140,889,2,7200,1.15748031496
391958,396334,398475,4376,2141,2,28800,3.04390471742
391979,392095,392985,116,890,2,7200,1.13033707865
391979,391989,396337,10,4348,2,14400,1.002299908
392085,392147,395947,62,3800,2,14400,1.01631578947
392137,392379,396638,242,4259,2,14400,1.05682084996
392369,392393,396685,24,4292,2,14400,1.0055917987
392384,392517,397316,133,4799,2,14400,1.02771410711
392511,392659,397120,148,4461,2,14400,1.03317641784
392663,392880,393756,217,876,2,7200,1.24771689498
392877,392956,393932,79,976,2,7200,1.08094262295
392946,392996,397524,50,4528,2,14400,1.01104240283
393000,393370,394263,370,893,2,7200,1.41433370661
393238,393509,397656,271,4147,2,14400,1.06534844466
393360,393667,398152,307,4485,2,14400,1.06845039019
393500,393732,398279,232,4547,2,14400,1.0510226523
393658,393767,397671,109,3904,2,14400,1.02792008197
393722,393790,398068,68,4278,2,14400,1.01589527817
393780,393822,398177,42,4355,2,14400,1.00964408726
393813,393862,398803,49,4941,2,14400,1.00991702085
393853,393873,398276,20,4403,2,14400,1.00454235748
393868,393918,398942,50,5024,2,14400,1.0099522293
393908,393926,398172,18,4246,2,14400,1.00423928403
393923,393943,398356,20,4413,2,14400,1.00453206436
393938,394012,394944,74,932,2,7200,1.07939914163
394001,394022,398498,21,4476,2,14400,1.00469168901
394017,394072,398430,55,4358,2,14400,1.0126204681
394062,394078,398505,16,4427,2,14400,1.00361418568
394063,394102,398844,39,4742,2,14400,1.0082243779
394095,394116,398699,21,4583,2,14400,1.00458215143
394110,394188,398420,78,4232,2,14400,1.01843100189
394180,394194,398529,14,4335,2,14400,1.0032295271
394181,394275,398237,94,3962,2,14400,1.02372539122
394275,394400,395249,125,849,2,7200,1.14723203769
394390,394624,398764,234,4140,2,14400,1.05652173913
394616,394955,399381,339,4426,2,14400,1.07659286037
394959,394991,395916,32,925,2,7200,1.03459459459
394982,395099,399384,117,4285,2,14400,1.02730455076
395091,395261,399353,170,4092,2,14400,1.04154447703
395265,395331,396170,66,839,2,7200,1.07866507747
395321,395474,399804,153,4330,2,14400,1.03533487298
395463,395559,399793,96,4234,2,14400,1.02267359471
395549,395626,400211,77,4585,2,14400,1.01679389313
395617,395810,399698,193,3888,2,14400,1.0496399177
395800,395816,400613,16,4797,2,14400,1.00333541797
395815,395927,400417,112,4490,2,14400,1.02494432071
395923,395954,396809,31,855,2,7200,1.03625730994
395945,395960,400485,15,4525,2,14400,1.00331491713
395960,396005,400793,45,4788,2,14400,1.00939849624
395996,396182,399936,186,3754,2,14400,1.04954714971
396020,413005,451448,16985,38443,1,90000,1.44182295867
396091,414770,452023,18679,37253,1,90000,1.50140928247
396178,396224,397025,46,801,2,7200,1.05742821473
396215,396349,400552,134,4203,2,14400,1.03188198906
396340,396487,401131,147,4644,2,14400,1.03165374677
396479,396649,400421,170,3772,2,14400,1.04506892895
396640,396696,400363,56,3667,2,14400,1.01527133897
396686,396821,401010,135,4189,2,14400,1.03222726188
396820,397036,397913,216,877,2,7200,1.24629418472
397035,397131,398002,96,871,2,7200,1.11021814007
397123,397328,402203,205,4875,2,14400,1.04205128205
397319,397535,402103,216,4568,2,14400,1.0472854641
397448,409480,424013,12032,14533,2,72000,1.82790889699
397525,397667,402833,142,5166,2,14400,1.02748741773
397660,397682,402558,22,4876,2,14400,1.004511895
397675,397924,402257,249,4333,2,14400,1.05746595892
397922,398014,399007,92,993,2,7200,1.09264853978
398014,398080,399061,66,981,2,7200,1.06727828746
398075,398163,401944,88,3781,2,14400,1.02327426607
398076,398183,399031,107,848,2,7200,1.12617924528
398155,398189,402637,34,4448,2,14400,1.00764388489
398174,398248,402831,74,4583,2,14400,1.01614662885
398192,398288,402593,96,4305,2,14400,1.02229965157
398244,398294,402898,50,4604,2,14400,1.01086012163
398279,398367,402923,88,4556,2,14400,1.01931518876
398294,398432,403335,138,4903,2,14400,1.02814603304
398358,398441,402936,83,4495,2,14400,1.01846496107
398428,398486,402899,58,4413,2,14400,1.01314298663
398444,398509,403521,65,5012,2,14400,1.0129688747
398504,398517,403921,13,5404,2,14400,1.00240562546
398514,398540,399416,26,876,2,7200,1.0296803653
398519,398710,403586,191,4876,2,14400,1.03917145201
398535,398723,403500,188,4777,2,14400,1.03935524388
398596,398718,399304,122,586,2,28800,1.20819112628
398696,408409,437251,9713,28842,9,28800,1.33676582761
398703,398775,403888,72,5113,2,14400,1.0140817524
398722,437279,696481,38557,259202,4,259200,1.14875271024
398767,398814,403084,47,4270,2,14400,1.01100702576
398803,398855,402989,52,4134,2,14400,1.01257861635
398809,440945,527386,42136,86441,4,86400,1.48745387027
398846,398953,403086,107,4133,2,14400,1.02588918461
398878,436728,662616,37850,225888,6,356400,1.16756091514
398892,399315,400033,423,718,2,28800,1.58913649025
398945,399018,403764,73,4746,2,14400,1.01538137379
399015,399042,400025,27,983,2,7200,1.02746693795
399046,399072,399983,26,911,2,7200,1.02854006586
399077,399364,400212,287,848,2,7200,1.33844339623
399363,399393,400196,30,803,2,7200,1.03735990037
399394,399399,400298,5,899,2,7200,1.00556173526
399404,399424,400221,20,797,2,7200,1.02509410289
399425,399431,400249,6,818,2,7200,1.00733496333
399435,399469,400335,34,866,2,7200,1.03926096998
399466,399486,400365,20,879,2,7200,1.02275312856
399487,399709,400586,222,877,2,7200,1.25313568985
399711,399805,400665,94,860,2,7200,1.10930232558
399803,399815,400686,12,871,2,7200,1.01377726751
399814,399947,400833,133,886,2,7200,1.15011286682
399822,440955,700201,41133,259246,2,259200,1.15866397167
399949,399995,400895,46,900,2,7200,1.05111111111
399992,400036,400915,44,879,2,7200,1.05005688282
400034,400044,400871,10,827,2,7200,1.01209189843
400045,400207,401018,162,811,2,7200,1.19975339088
400211,400222,401056,11,834,2,7200,1.01318944844
400222,400228,401012,6,784,2,7200,1.00765306122
400232,400239,401130,7,891,2,7200,1.00785634119
400244,400260,401173,16,913,2,7200,1.01752464403
400265,400310,401176,45,866,2,7200,1.0519630485
400307,400347,401213,40,866,2,7200,1.04618937644
400348,400374,401241,26,867,2,7200,1.02998846597
400379,400385,401313,6,928,2,7200,1.00646551724
400382,441004,700235,40622,259231,2,259200,1.15670193765
400389,400428,401328,39,900,2,7200,1.04333333333
400430,400436,401331,6,895,2,7200,1.00670391061
400441,400496,401388,55,892,2,7200,1.06165919283
400492,400527,401575,35,1048,2,7200,1.03339694656
400523,400563,401410,40,847,2,7200,1.04722550177
400564,400597,401472,33,875,2,7200,1.03771428571
400595,400624,401468,29,844,2,7200,1.03436018957
400626,400677,401524,51,847,2,7200,1.06021251476
400677,400697,401557,20,860,2,7200,1.02325581395
400698,400804,401656,106,852,2,7200,1.12441314554
400800,400844,402482,44,1638,2,7200,1.02686202686
400841,400882,401701,41,819,2,7200,1.05006105006
400882,400907,401716,25,809,2,7200,1.03090234858
400903,400927,401767,24,840,2,7200,1.02857142857
400923,401021,401811,98,790,2,7200,1.12405063291
401026,401036,402030,10,994,2,7200,1.01006036217
401036,401042,401891,6,849,2,7200,1.00706713781
401047,401068,402000,21,932,2,7200,1.02253218884
401067,401103,402845,36,1742,2,7200,1.02066590126
401108,401115,401989,7,874,2,7200,1.00800915332
401119,401141,401995,22,854,2,7200,1.02576112412
401140,401147,402018,7,871,2,7200,1.00803673938
401150,401185,402140,35,955,2,7200,1.03664921466
401181,401191,402217,10,1026,2,7200,1.00974658869
401192,401225,402100,33,875,2,7200,1.03771428571
401222,401252,402120,30,868,2,7200,1.03456221198
401253,401324,402182,71,858,2,7200,1.08275058275
401325,401339,402271,14,932,2,7200,1.01502145923
401336,401345,402194,9,849,2,7200,1.01060070671
401340,442123,701338,40783,259215,2,259200,1.15733271609
401346,401399,402235,53,836,2,7200,1.06339712919
401397,401421,402281,24,860,2,7200,1.02790697674
401403,440950,527363,39547,86413,4,86400,1.45765104787
401418,401479,402317,61,838,2,7200,1.07279236277
401480,401485,402306,5,821,2,7200,1.00609013398
401490,401535,402455,45,920,2,7200,1.04891304348
401531,401568,402507,37,939,2,7200,1.03940362087
401573,401586,402377,13,791,2,7200,1.01643489254
401583,401668,402513,85,845,2,7200,1.10059171598
401666,401727,402587,61,860,2,7200,1.07093023256
401727,401778,402631,51,853,2,7200,1.05978898007
401778,401822,402772,44,950,2,7200,1.04631578947
401820,401905,402820,85,915,2,7200,1.09289617486
401901,401955,402817,54,862,2,7200,1.0626450116
401953,402006,402865,53,859,2,7200,1.06169965076
401983,432405,434223,30422,1818,2,28800,17.7337733773
402004,402029,402907,25,878,2,7200,1.0284738041
402025,402041,402920,16,879,2,7200,1.01820250284
402045,402114,402964,69,850,2,7200,1.08117647059
402117,402131,403018,14,887,2,7200,1.01578354002
402127,402151,403003,24,852,2,7200,1.02816901408
402148,402205,403087,57,882,2,7200,1.06462585034
402210,402216,403229,6,1013,2,7200,1.00592300099
402220,402228,403088,8,860,2,7200,1.00930232558
402231,402246,403085,15,839,2,7200,1.0178784267
402251,402269,403189,18,920,2,7200,1.01956521739
402272,402282,403133,10,851,2,7200,1.01175088132
402283,402292,403097,9,805,2,7200,1.01118012422
402293,402318,403137,25,819,2,7200,1.03052503053
402314,402328,403160,14,832,2,7200,1.01682692308
402324,402466,403308,142,842,2,7200,1.16864608076
402467,402518,403368,51,850,2,7200,1.06
402519,402524,403364,5,840,2,7200,1.00595238095
402529,402572,403499,43,927,2,7200,1.04638619202
402570,402598,403460,28,862,2,7200,1.03248259861
402601,402607,403496,6,889,2,7200,1.00674915636
402612,402642,403479,30,837,2,7200,1.03584229391
402643,402648,403548,5,900,2,7200,1.00555555556
402653,402784,403682,131,898,2,7200,1.14587973274
402786,402828,403709,42,881,2,7200,1.04767309875
402827,402834,403676,7,842,2,7200,1.00831353919
402837,402843,403698,6,855,2,7200,1.00701754386
402848,402854,403719,6,865,2,7200,1.00693641618
402858,402866,403695,8,829,2,7200,1.00965018094
402869,402876,403693,7,817,2,7200,1.00856793146
402879,402909,403739,30,830,2,7200,1.03614457831
402910,402918,403781,8,863,2,7200,1.00926998841
402921,402931,403744,10,813,2,7200,1.012300123
402931,402937,403776,6,839,2,7200,1.00715137068
402942,402948,403759,6,811,2,7200,1.00739827374
402952,402975,403867,23,892,2,7200,1.02578475336
402973,403000,403865,27,865,2,7200,1.03121387283
403004,403014,403898,10,884,2,7200,1.01131221719
403015,403029,403954,14,925,2,7200,1.01513513514
403025,403095,403967,70,872,2,7200,1.08027522936
403097,403103,403988,6,885,2,7200,1.00677966102
403107,403113,403970,6,857,2,7200,1.00700116686
403118,403124,403975,6,851,2,7200,1.00705052879
403128,403134,404039,6,905,2,7200,1.00662983425
403139,403145,404068,6,923,2,7200,1.00650054171
403149,403156,404058,7,902,2,7200,1.00776053215
403160,403166,404171,6,1005,2,7200,1.00597014925
403170,403177,404376,7,1199,2,7200,1.0058381985
403181,403201,404045,20,844,2,7200,1.02369668246
403202,403240,404066,38,826,2,7200,1.04600484262
403243,403319,404270,76,951,2,7200,1.07991587802
403315,403375,404219,60,844,2,7200,1.07109004739
403344,432410,460682,29066,28272,1,90000,2.02808432371
403376,403382,404212,6,830,2,7200,1.00722891566
403386,403471,404299,85,828,2,7200,1.10265700483
403437,434237,475421,30800,41184,2,259200,1.74786324786
403468,403490,404295,22,805,2,7200,1.02732919255
403489,403508,404331,19,823,2,7200,1.02308626974
403510,403520,404299,10,779,2,7200,1.01283697047
403520,403526,404368,6,842,2,7200,1.00712589074
403531,403538,404438,7,900,2,7200,1.00777777778
403541,403559,404401,18,842,2,7200,1.02137767221
403562,403597,404455,35,858,2,7200,1.04079254079
403593,403688,404518,95,830,2,7200,1.11445783133
403685,403694,404567,9,873,2,7200,1.01030927835
403695,403704,404564,9,860,2,7200,1.01046511628
403706,403712,404640,6,928,2,7200,1.00646551724
403716,403723,404612,7,889,2,7200,1.00787401575
403727,403733,404599,6,866,2,7200,1.00692840647
403737,403744,404620,7,876,2,7200,1.00799086758
403748,403754,404716,6,962,2,7200,1.00623700624
403758,403765,404615,7,850,2,7200,1.00823529412
403769,403775,404613,6,838,2,7200,1.00715990453
403779,403786,404609,7,823,2,7200,1.0085054678
403790,403796,404669,6,873,2,7200,1.00687285223
403800,403807,404643,7,836,2,7200,1.00837320574
403811,403877,404701,66,824,2,7200,1.08009708738
403872,403883,404836,11,953,2,7200,1.01154249738
403883,403900,404760,17,860,2,7200,1.01976744186
403901,413931,415947,10030,2016,2,14400,5.9751984127
403904,403910,404709,6,799,2,7200,1.00750938673
403914,403932,404777,18,845,2,7200,1.02130177515
403935,403965,404823,30,858,2,7200,1.03496503497
403966,403978,404798,12,820,2,7200,1.01463414634
403976,403984,404846,8,862,2,7200,1.00928074246
403987,403993,404870,6,877,2,7200,1.00684150513
403997,404004,404828,7,824,2,7200,1.00849514563
404008,404051,404875,43,824,2,7200,1.05218446602
404049,404057,404917,8,860,2,7200,1.00930232558
404059,404070,404938,11,868,2,7200,1.01267281106
404070,404077,404927,7,850,2,7200,1.00823529412
404080,404087,404969,7,882,2,7200,1.00793650794
404091,404182,405018,91,836,2,7200,1.10885167464
404183,404224,405183,41,959,2,7200,1.04275286757
404224,404230,405094,6,864,2,7200,1.00694444444
404235,404281,405228,46,947,2,7200,1.04857444562
404286,404306,405163,20,857,2,7200,1.02333722287
404306,404312,405128,6,816,2,7200,1.00735294118
404317,404323,405292,6,969,2,7200,1.00619195046
404327,404342,405160,15,818,2,7200,1.01833740831
404338,413936,416765,9598,2829,2,14400,4.39271827501
404338,404379,405180,41,801,2,7200,1.05118601748
404379,404388,405175,9,787,2,7200,1.01143583227
404390,404412,405251,22,839,2,7200,1.02622169249
404410,404449,405270,39,821,2,7200,1.04750304507
404452,404466,405295,14,829,2,7200,1.01688781665
404462,404530,405377,68,847,2,7200,1.08028335301
404534,404576,406102,42,1526,2,7200,1.02752293578
404575,404582,405421,7,839,2,7200,1.00834326579
404586,404610,405441,24,831,2,7200,1.02888086643
404607,404620,405479,13,859,2,7200,1.0151338766
404617,404626,405470,9,844,2,7200,1.01066350711
404628,404634,405551,6,917,2,7200,1.00654307525
404638,404644,405494,6,850,2,7200,1.00705882353
404649,404655,405505,6,850,2,7200,1.00705882353
404659,407038,412994,2379,5956,1,7200,1.39942914708
404659,404665,405513,6,848,2,7200,1.0070754717
404670,404676,405480,6,804,2,7200,1.00746268657
404680,404687,405532,7,845,2,7200,1.00828402367
404691,404713,405522,22,809,2,7200,1.02719406675
404712,404720,405531,8,811,2,7200,1.00986436498
404722,404728,405547,6,819,2,7200,1.00732600733
404733,404772,405780,39,1008,2,7200,1.03869047619
404774,404788,405576,14,788,2,7200,1.01776649746
404784,404809,405601,25,792,2,7200,1.03156565657
404805,404834,405720,29,886,2,7200,1.03273137698
404836,404842,405737,6,895,2,7200,1.00670391061
404846,404853,405767,7,914,2,7200,1.00765864333
404857,404863,405765,6,902,2,7200,1.0066518847
404867,404882,405777,15,895,2,7200,1.01675977654
404878,404888,405774,10,886,2,7200,1.01128668172
404888,404928,405916,40,988,2,7200,1.04048582996
404929,404939,405929,10,990,2,7200,1.0101010101
404940,404949,405891,9,942,2,7200,1.00955414013
404950,404980,405967,30,987,2,7200,1.03039513678
404982,405029,405890,47,861,2,7200,1.05458768873
405033,405105,405882,72,777,2,7200,1.09266409266
405104,405139,406003,35,864,2,7200,1.04050925926
405135,405171,406474,36,1303,2,7200,1.0276285495
405166,405177,406078,11,901,2,7200,1.01220865705
405177,405186,406086,9,900,2,7200,1.01
405187,405193,406101,6,908,2,7200,1.00660792952
405198,405204,406102,6,898,2,7200,1.00668151448
405208,405239,406087,31,848,2,7200,1.03655660377
405239,405263,406129,24,866,2,7200,1.02771362587
405260,405281,406232,21,951,2,7200,1.02208201893
405281,405304,406129,23,825,2,7200,1.02787878788
405301,405310,406085,9,775,2,7200,1.01161290323
405312,405388,406225,76,837,2,7200,1.0908004779
405384,405432,406293,48,861,2,7200,1.05574912892
405435,405452,406320,17,868,2,7200,1.01958525346
405456,405481,406367,25,886,2,7200,1.02821670429
405476,405490,406477,14,987,2,7200,1.01418439716
405487,405496,406396,9,900,2,7200,1.01
405498,405506,406359,8,853,2,7200,1.00937866354
405508,405517,406344,9,827,2,7200,1.01088270859
405519,405524,406378,5,854,2,7200,1.00585480094
405529,405535,406344,6,809,2,7200,1.00741656366
405540,405546,406398,6,852,2,7200,1.00704225352
405550,405556,406349,6,793,2,7200,1.00756620429
405561,405567,406354,6,787,2,7200,1.00762388818
405571,405577,406476,6,899,2,7200,1.00667408231
405582,405587,406471,5,884,2,7200,1.0056561086
405592,405612,406479,20,867,2,7200,1.02306805075
405613,405731,406589,118,858,2,7200,1.13752913753
405736,405749,406686,13,937,2,7200,1.01387406617
405746,405776,406690,30,914,2,7200,1.03282275711
405777,405783,406644,6,861,2,7200,1.00696864111
405788,405794,406606,6,812,2,7200,1.00738916256
405798,405804,406647,6,843,2,7200,1.00711743772
405809,405815,406608,6,793,2,7200,1.00756620429
405819,405893,406718,74,825,2,7200,1.0896969697
405891,405901,406759,10,858,2,7200,1.01165501166
405902,405908,406772,6,864,2,7200,1.00694444444
405912,405927,406781,15,854,2,7200,1.01756440281
405923,405941,406826,18,885,2,7200,1.02033898305
405943,405979,406870,36,891,2,7200,1.0404040404
405975,406014,406901,39,887,2,7200,1.04396843292
406016,406089,406932,73,843,2,7200,1.08659549229
406088,406096,406985,8,889,2,7200,1.00899887514
406098,406105,406903,7,798,2,7200,1.00877192982
406109,406115,406957,6,842,2,7200,1.00712589074
406120,406126,407120,6,994,2,7200,1.0060362173
406130,406136,406934,6,798,2,7200,1.00751879699
406140,406147,406957,7,810,2,7200,1.00864197531
406151,406157,407049,6,892,2,7200,1.0067264574
406162,406168,407058,6,890,2,7200,1.00674157303
406172,406236,407135,64,899,2,7200,1.07119021135
406236,406243,407180,7,937,2,7200,1.00747065101
406246,406304,407231,58,927,2,7200,1.06256742179
406270,408835,409466,2565,631,1,600,5.06497622821
406308,406331,407208,23,877,2,7200,1.02622576967
406328,406355,407195,27,840,2,7200,1.03214285714
406340,437264,445898,30924,8634,2,28800,4.58165392634
406359,406365,407255,6,890,2,7200,1.00674157303
406370,406376,407259,6,883,2,7200,1.00679501699
406380,406387,407285,7,898,2,7200,1.00779510022
406391,406397,408211,6,1814,2,7200,1.0033076075
406401,406407,407292,6,885,2,7200,1.00677966102
406412,406418,407256,6,838,2,7200,1.00715990453
406423,406429,407364,6,935,2,7200,1.0064171123
406433,406439,407281,6,842,2,7200,1.00712589074
406444,406482,407476,38,994,2,7200,1.03822937626
406485,406490,407389,5,899,2,7200,1.00556173526
406495,406501,407330,6,829,2,7200,1.00723763571
406506,406512,407364,6,852,2,7200,1.00704225352
406516,406522,407334,6,812,2,7200,1.00738916256
406527,406600,407410,73,810,2,7200,1.09012345679
406598,406618,407515,20,897,2,7200,1.02229654404
406619,406625,407513,6,888,2,7200,1.00675675676
406630,406655,407657,25,1002,2,7200,1.0249500998
406650,406661,407655,11,994,2,7200,1.01106639839
406661,406697,407586,36,889,2,7200,1.04049493813
406702,406708,407561,6,853,2,7200,1.00703399766
406713,406729,407566,16,837,2,7200,1.01911589008
406733,406771,407693,38,922,2,7200,1.04121475054
406774,406784,407663,10,879,2,7200,1.01137656428
406785,406792,407710,7,918,2,7200,1.00762527233
406793,437269,442111,30476,4842,2,28800,7.29409334986
406795,406837,407724,42,887,2,7200,1.04735062007
406837,406881,407744,44,863,2,7200,1.05098493627
406878,406912,407794,34,882,2,7200,1.03854875283
406909,406918,407754,9,836,2,7200,1.01076555024
406920,406943,407883,23,940,2,7200,1.02446808511
406940,406949,407837,9,888,2,7200,1.01013513514
406951,406968,407799,17,831,2,7200,1.02045728039
406972,406978,407816,6,838,2,7200,1.00715990453
406982,406997,407833,15,836,2,7200,1.01794258373
406993,407060,407871,67,811,2,7200,1.08261405672
407064,407070,407880,6,810,2,7200,1.00740740741
407075,407132,408015,57,883,2,7200,1.06455266138
407128,407146,408030,18,884,2,7200,1.02036199095
407149,407192,408086,43,894,2,7200,1.048098434
407190,407206,408119,16,913,2,7200,1.01752464403
407210,407219,408073,9,854,2,7200,1.01053864169
407218,437274,447623,30056,10349,2,28800,3.90424195574
407221,407243,408092,22,849,2,7200,1.02591283863
407242,407266,408085,24,819,2,7200,1.0293040293
407247,442835,446885,35588,4050,2,86400,9.78716049383
407262,407272,408121,10,849,2,7200,1.01177856302
407271,442840,443412,35569,572,2,86400,63.1835664336
407273,407279,408177,6,898,2,7200,1.00668151448
407283,407292,408165,9,873,2,7200,1.01030927835
407294,407300,408157,6,857,2,7200,1.00700116686
407297,442845,446671,35548,3826,2,86400,10.2911657083
407304,407311,408277,7,966,2,7200,1.00724637681
407315,407341,408198,26,857,2,7200,1.03033838973
407324,442851,453147,35527,10296,2,86400,4.45056332556
407346,407352,408273,6,921,2,7200,1.00651465798
407356,407375,408252,19,877,2,7200,1.02166476625
407377,407383,408236,6,853,2,7200,1.00703399766
407388,407401,408236,13,835,2,7200,1.01556886228
407398,407421,408268,23,847,2,7200,1.02715466352
407419,407487,408376,68,889,2,7200,1.0764904387
407491,407525,408346,34,821,2,7200,1.04141291108
407522,407531,408352,9,821,2,7200,1.01096224117
407532,407572,408522,40,950,2,7200,1.04210526316
407574,407580,408472,6,892,2,7200,1.0067264574
407584,407597,408603,13,1006,2,7200,1.01292246521
407595,407666,408558,71,892,2,7200,1.07959641256
407667,407672,408531,5,859,2,7200,1.00582072177
407677,407683,408519,6,836,2,7200,1.00717703349
407688,407704,408528,16,824,2,7200,1.01941747573
407709,407721,408618,12,897,2,7200,1.01337792642
407719,407736,408605,17,869,2,7200,1.01956271577
407740,407755,408625,15,870,2,7200,1.01724137931
407751,407766,408618,15,852,2,7200,1.0176056338
407771,407805,408824,34,1019,2,7200,1.03336604514
407802,407811,408688,9,877,2,7200,1.0102622577
407813,407827,408668,14,841,2,7200,1.01664684899
407823,407844,408725,21,881,2,7200,1.02383654938
407844,407850,408756,6,906,2,7200,1.00662251656
407855,407882,408725,27,843,2,7200,1.03202846975
407886,407891,408778,5,887,2,7200,1.00563697858
407896,407902,408752,6,850,2,7200,1.00705882353
407907,408027,408864,120,837,2,7200,1.14336917563
408030,408041,408843,11,802,2,7200,1.01371571072
408040,408084,408965,44,881,2,7200,1.04994324631
408081,408096,409060,15,964,2,7200,1.01556016598
408092,408102,409123,10,1021,2,7200,1.00979431929
408103,408108,409000,5,892,2,7200,1.00560538117
408113,408130,408986,17,856,2,7200,1.01985981308
408134,408140,408989,6,849,2,7200,1.00706713781
408144,408169,409003,25,834,2,7200,1.02997601918
408165,408176,409087,11,911,2,7200,1.01207464325
408172,408398,465802,226,57404,1,57600,1.00393700787
408176,408188,409051,12,863,2,7200,1.01390498262
408191,408209,409067,18,858,2,7200,1.02097902098
408212,408222,409133,10,911,2,7200,1.01097694841
408222,408247,409093,25,846,2,7200,1.02955082742
408243,408253,409189,10,936,2,7200,1.01068376068
408254,408263,409134,9,871,2,7200,1.01033295063
408264,408279,409155,15,876,2,7200,1.01712328767
408275,408285,409133,10,848,2,7200,1.01179245283
408285,408291,409129,6,838,2,7200,1.00715990453
408296,408357,409173,61,816,2,7200,1.07475490196
408357,408363,409229,6,866,2,7200,1.00692840647
408368,408387,409219,19,832,2,7200,1.02283653846
408389,408483,409297,94,814,2,7200,1.11547911548
408481,408530,409418,49,888,2,7200,1.05518018018
408532,408538,409436,6,898,2,7200,1.00668151448
408543,408549,409440,6,891,2,7200,1.00673400673
408553,408560,409486,7,926,2,7200,1.00755939525
408564,408570,409437,6,867,2,7200,1.00692041522
408574,408614,409509,40,895,2,7200,1.04469273743
408616,408622,409451,6,829,2,7200,1.00723763571
408626,408632,409494,6,862,2,7200,1.00696055684
408637,408643,409513,6,870,2,7200,1.00689655172
408647,408654,409481,7,827,2,7200,1.0084643289
408658,408680,409545,22,865,2,7200,1.02543352601
408679,442856,492152,34177,49296,2,172800,1.69330168776
408679,408699,409577,20,878,2,7200,1.02277904328
408699,408736,409583,37,847,2,7200,1.04368358914
408741,408747,409589,6,842,2,7200,1.00712589074
408751,408763,409623,12,860,2,7200,1.01395348837
408762,408769,409607,7,838,2,7200,1.00835322196
408772,408790,409658,18,868,2,7200,1.02073732719
408793,408854,409783,61,929,2,7200,1.06566200215
408855,408875,409722,20,847,2,7200,1.02361275089
408876,408976,409814,100,838,2,7200,1.11933174224
408978,408998,409758,20,760,2,7200,1.02631578947
408999,409005,409878,6,873,2,7200,1.00687285223
409010,409016,409919,6,903,2,7200,1.00664451827
409020,409027,409902,7,875,2,7200,1.008
409031,409062,409950,31,888,2,7200,1.03490990991
409062,409071,409934,9,863,2,7200,1.01042873696
409072,409078,409923,6,845,2,7200,1.00710059172
409083,409098,409925,15,827,2,7200,1.01813784764
409094,409104,410569,10,1465,2,7200,1.00682593857
409104,409135,409991,31,856,2,7200,1.03621495327
409136,409142,410016,6,874,2,7200,1.00686498856
409147,409153,409989,6,836,2,7200,1.00717703349
409157,409163,410021,6,858,2,7200,1.00699300699
409168,409174,409985,6,811,2,7200,1.00739827374
409178,409184,410006,6,822,2,7200,1.00729927007
409189,409195,410047,6,852,2,7200,1.00704225352
409199,409206,410093,7,887,2,7200,1.00789177001
409210,409230,410075,20,845,2,7200,1.02366863905
409231,409241,410061,10,820,2,7200,1.01219512195
409241,409309,410137,68,828,2,7200,1.08212560386
409313,409429,410748,116,1319,2,7200,1.08794541319
409426,409447,410302,21,855,2,7200,1.02456140351
409447,409453,410314,6,861,2,7200,1.00696864111
409457,409463,410362,6,899,2,7200,1.00667408231
409468,409474,410352,6,878,2,7200,1.00683371298
409478,409492,410454,14,962,2,7200,1.01455301455
409489,409498,410357,9,859,2,7200,1.01047729919
409499,409505,410330,6,825,2,7200,1.00727272727
409510,409521,410368,11,847,2,7200,1.01298701299
409521,409527,410411,6,884,2,7200,1.00678733032
409531,409557,410432,26,875,2,7200,1.02971428571
409562,409588,410418,26,830,2,7200,1.0313253012
409593,409599,410562,6,963,2,7200,1.0062305296
409604,409610,410421,6,811,2,7200,1.00739827374
409614,409621,410421,7,800,2,7200,1.00875
409625,409634,410424,9,790,2,7200,1.01139240506
409635,409669,410515,34,846,2,7200,1.0401891253
409650,431889,442824,22239,10935,18,57600,3.03374485597
409666,409733,410580,67,847,2,7200,1.07910271547
409738,409770,410604,32,834,2,7200,1.03836930456
409770,409794,410645,24,851,2,7200,1.02820211516
409790,409825,410643,35,818,2,7200,1.04278728606
409821,409889,410782,68,893,2,7200,1.07614781635
409893,409913,410763,20,850,2,7200,1.02352941176
409914,409930,410849,16,919,2,7200,1.01741022851
409935,409941,410857,6,916,2,7200,1.00655021834
409946,409952,410845,6,893,2,7200,1.00671892497
409956,409962,410907,6,945,2,7200,1.00634920635
409967,409973,410788,6,815,2,7200,1.00736196319
409977,409997,410781,20,784,2,7200,1.02551020408
409998,410004,410766,6,762,2,7200,1.00787401575
410009,410015,410795,6,780,2,7200,1.00769230769
410019,410025,411023,6,998,2,7200,1.00601202405
410030,410036,410883,6,847,2,7200,1.00708382527
410041,410047,411001,6,954,2,7200,1.00628930818
410051,410058,410871,7,813,2,7200,1.0086100861
410063,410073,411012,10,939,2,7200,1.01064962726
410074,410086,411002,12,916,2,7200,1.01310043668
410084,410105,411040,21,935,2,7200,1.02245989305
410105,410148,411067,43,919,2,7200,1.04678998912
410146,410313,411135,167,822,2,7200,1.20316301703
410210,415963,415983,5753,20,1,600,288.65
410303,415998,416011,5695,13,1,1800,439.076923077
410310,410325,411059,15,734,2,7200,1.0204359673
410320,410341,411069,21,728,2,7200,1.02884615385
410341,410363,411100,22,737,2,7200,1.02985074627
410362,410369,411193,7,824,2,7200,1.00849514563
410372,410378,411275,6,897,2,7200,1.00668896321
410383,410389,411198,6,809,2,7200,1.00741656366
410394,410423,411258,29,835,2,7200,1.03473053892
410425,410431,411349,6,918,2,7200,1.00653594771
410435,410441,411316,6,875,2,7200,1.00685714286
410446,410452,411348,6,896,2,7200,1.00669642857
410456,410463,411483,7,1020,2,7200,1.0068627451
410467,410473,411390,6,917,2,7200,1.00654307525
410477,410484,411315,7,831,2,7200,1.00842358604
410488,410526,411297,38,771,2,7200,1.04928664073
410529,410573,411394,44,821,2,7200,1.05359317905
410570,410581,411423,11,842,2,7200,1.01306413302
410581,410591,411601,10,1010,2,7200,1.0099009901
410591,410615,411451,24,836,2,7200,1.02870813397
410612,410654,411444,42,790,2,7200,1.05316455696
410653,410660,411589,7,929,2,7200,1.00753498385
410664,410760,411656,96,896,2,7200,1.10714285714
410756,410774,411666,18,892,2,7200,1.0201793722
410777,410783,411676,6,893,2,7200,1.00671892497
410787,410793,411874,6,1081,2,7200,1.00555041628
410798,410804,411588,6,784,2,7200,1.00765306122
410808,410814,411532,6,718,2,7200,1.00835654596
410819,410825,411637,6,812,2,7200,1.00738916256
410829,410856,411726,27,870,2,7200,1.03103448276
410860,410867,411698,7,831,2,7200,1.00842358604
410871,410877,411761,6,884,2,7200,1.00678733032
410882,410888,411774,6,886,2,7200,1.00677200903
410892,410898,411844,6,946,2,7200,1.00634249471
410903,410918,411890,15,972,2,7200,1.01543209877
410923,411012,411906,89,894,2,7200,1.09955257271
411016,411022,411908,6,886,2,7200,1.00677200903
411026,411032,411890,6,858,2,7200,1.00699300699
411037,411043,411954,6,911,2,7200,1.00658616905
411047,411053,411794,6,741,2,7200,1.00809716599
411058,411070,411812,12,742,2,7200,1.01617250674
411068,411079,411937,11,858,2,7200,1.01282051282
411079,411085,411995,6,910,2,7200,1.00659340659
411089,411111,411936,22,825,2,7200,1.02666666667
411110,411146,411962,36,816,2,7200,1.04411764706
411151,411204,412084,53,880,2,7200,1.06022727273
411203,411210,412112,7,902,2,7200,1.00776053215
411213,411269,412224,56,955,2,7200,1.05863874346
411265,411287,412214,22,927,2,7200,1.02373247033
411285,411309,412181,24,872,2,7200,1.02752293578
411306,411326,412217,20,891,2,7200,1.02244668911
411327,411333,412144,6,811,2,7200,1.00739827374
411337,411359,412258,22,899,2,7200,1.02447163515
411358,411365,412423,7,1058,2,7200,1.00661625709
411369,411401,412311,32,910,2,7200,1.03516483516
411400,411407,412288,7,881,2,7200,1.00794551646
411410,411435,412261,25,826,2,7200,1.03026634383
411431,411455,412296,24,841,2,7200,1.02853745541
411452,411462,412478,10,1016,2,7200,1.00984251969
411463,411494,412389,31,895,2,7200,1.03463687151
411493,411543,412378,50,835,2,7200,1.05988023952
411545,411599,412427,54,828,2,7200,1.0652173913
411596,411605,412600,9,995,2,7200,1.00904522613
411607,411613,412456,6,843,2,7200,1.00711743772
411617,411648,412495,31,847,2,7200,1.03659976387
411649,411667,412647,18,980,2,7200,1.01836734694
411670,411677,412511,7,834,2,7200,1.00839328537
411680,411687,412556,7,869,2,7200,1.0080552359
411691,411710,412599,19,889,2,7200,1.02137232846
411712,411737,412600,25,863,2,7200,1.02896871379
411732,411772,412760,40,988,2,7200,1.04048582996
411774,411786,412630,12,844,2,7200,1.01421800948
411784,411805,412965,21,1160,2,7200,1.01810344828
411805,411823,412664,18,841,2,7200,1.02140309156
411826,411855,412788,29,933,2,7200,1.03108252947
411855,415604,415997,3749,393,1,7200,10.5394402036
411857,411885,412781,28,896,2,7200,1.03125
411888,411901,412800,13,899,2,7200,1.01446051168
411890,415958,416706,4068,748,1,7200,6.4385026738
411898,411907,412783,9,876,2,7200,1.0102739726
411909,411917,412764,8,847,2,7200,1.00944510035
411919,411925,412735,6,810,2,7200,1.00740740741
411930,411947,412786,17,839,2,7200,1.02026221692
411950,411957,412825,7,868,2,7200,1.00806451613
411961,411967,412782,6,815,2,7200,1.00736196319
411972,411978,412827,6,849,2,7200,1.00706713781
411982,412006,412837,24,831,2,7200,1.02888086643
412003,412095,412954,92,859,2,7200,1.10710128056
412095,412124,412963,29,839,2,7200,1.03456495828
412126,412155,413095,29,940,2,7200,1.03085106383
412157,412193,413076,36,883,2,7200,1.04077010193
412198,412226,413096,28,870,2,7200,1.03218390805
412229,412235,413116,6,881,2,7200,1.00681044268
412240,412246,413122,6,876,2,7200,1.00684931507
412250,412269,413115,19,846,2,7200,1.02245862884
412271,412277,413159,6,882,2,7200,1.00680272109
412281,412300,413185,19,885,2,7200,1.02146892655
412302,412308,413160,6,852,2,7200,1.00704225352
412313,412322,413267,9,945,2,7200,1.00952380952
412323,412389,413308,66,919,2,7200,1.0718171926
412385,412400,413275,15,875,2,7200,1.01714285714
412395,412434,413335,39,901,2,7200,1.04328523862
412437,412443,413266,6,823,2,7200,1.00729040097
412447,412467,413309,20,842,2,7200,1.02375296912
412468,412489,413289,21,800,2,7200,1.02625
412489,412506,413334,17,828,2,7200,1.02053140097
412509,412522,413334,13,812,2,7200,1.01600985222
412520,412567,413409,47,842,2,7200,1.05581947743
412571,412610,413417,39,807,2,7200,1.04832713755
412613,412619,413430,6,811,2,7200,1.00739827374
412623,412629,413878,6,1249,2,7200,1.00480384307
412634,412641,413467,7,826,2,7200,1.00847457627
412644,412658,413472,14,814,2,7200,1.0171990172
412655,412675,413555,20,880,2,7200,1.02272727273
412676,412746,413632,70,886,2,7200,1.07900677201
412747,412771,413659,24,888,2,7200,1.02702702703
412768,412777,413740,9,963,2,7200,1.00934579439
412779,412792,413631,13,839,2,7200,1.01549463647
412789,412798,413658,9,860,2,7200,1.01046511628
412800,412806,413626,6,820,2,7200,1.00731707317
412810,412816,413717,6,901,2,7200,1.00665926748
412821,412827,413718,6,891,2,7200,1.00673400673
412831,412837,413704,6,867,2,7200,1.00692041522
412842,412848,413696,6,848,2,7200,1.0070754717
412853,412859,413683,6,824,2,7200,1.0072815534
412863,412869,413699,6,830,2,7200,1.00722891566
412874,412966,413801,92,835,2,7200,1.11017964072
412966,412975,413964,9,989,2,7200,1.00910010111
412976,412982,413816,6,834,2,7200,1.0071942446
412987,413088,413899,101,811,2,7200,1.12453760789
413089,413106,413941,17,835,2,7200,1.02035928144
413111,413117,413956,6,839,2,7200,1.00715137068
413121,413127,413947,6,820,2,7200,1.00731707317
413132,413138,413974,6,836,2,7200,1.00717703349
413142,413149,414049,7,900,2,7200,1.00777777778
413153,413170,414043,17,873,2,7200,1.01947308133
413174,413180,414082,6,902,2,7200,1.0066518847
413184,413196,414091,12,895,2,7200,1.01340782123
413195,413277,414118,82,841,2,7200,1.09750297265
413277,413283,414146,6,863,2,7200,1.00695249131
413287,413293,414134,6,841,2,7200,1.00713436385
413298,413304,414259,6,955,2,7200,1.00628272251
413308,413320,414204,12,884,2,7200,1.01357466063
413319,413326,414237,7,911,2,7200,1.00768386389
413329,413345,414249,16,904,2,7200,1.01769911504
413340,413351,414273,11,922,2,7200,1.01193058568
413351,413357,414157,6,800,2,7200,1.0075
413361,413421,414242,60,821,2,7200,1.0730816078
413423,413429,414244,6,815,2,7200,1.00736196319
413433,413441,414249,8,808,2,7200,1.0099009901
413444,413479,414300,35,821,2,7200,1.04263093788
413475,413485,414280,10,795,2,7200,1.01257861635
413485,413566,414393,81,827,2,7200,1.09794437727
413567,413637,414459,70,822,2,7200,1.08515815085
413639,413645,414457,6,812,2,7200,1.00738916256
413650,413656,414488,6,832,2,7200,1.00721153846
413660,413669,414648,9,979,2,7200,1.00919305414
413671,413677,414576,6,899,2,7200,1.00667408231
413681,413694,414566,13,872,2,7200,1.01490825688
413692,413707,414568,15,861,2,7200,1.01742160279
413703,413713,414556,10,843,2,7200,1.0118623962
413713,413719,414590,6,871,2,7200,1.00688863375
413724,413730,414702,6,972,2,7200,1.00617283951
413734,413740,414616,6,876,2,7200,1.00684931507
413745,413751,414627,6,876,2,7200,1.00684931507
413755,413812,414732,57,920,2,7200,1.06195652174
413817,413827,414656,10,829,2,7200,1.01206272618
413828,413889,414854,61,965,2,7200,1.06321243523
413889,413910,414705,21,795,2,7200,1.02641509434
413910,413941,414792,31,851,2,7200,1.03642773208
413941,413952,414773,11,821,2,7200,1.01339829476
413951,413958,414736,7,778,2,7200,1.00899742931
413962,413968,414759,6,791,2,7200,1.00758533502
413973,413979,414967,6,988,2,7200,1.00607287449
413983,413989,414821,6,832,2,7200,1.00721153846
413994,414054,414875,60,821,2,7200,1.0730816078
414055,414061,414926,6,865,2,7200,1.00693641618
414066,414094,414994,28,900,2,7200,1.03111111111
414097,414103,414978,6,875,2,7200,1.00685714286
414108,414129,414992,21,863,2,7200,1.02433371958
414128,414146,415033,18,887,2,7200,1.02029312289
414143,432658,439587,18515,6929,1,86400,3.67210275653
414149,414157,415103,8,946,2,7200,1.00845665962
414160,414168,414997,8,829,2,7200,1.00965018094
414170,414216,415091,46,875,2,7200,1.05257142857
414211,414248,415135,37,887,2,7200,1.04171364149
414252,414259,415111,7,852,2,7200,1.00821596244
414263,414269,415124,6,855,2,7200,1.00701754386
414274,414280,415085,6,805,2,7200,1.00745341615
414284,414290,415110,6,820,2,7200,1.00731707317
414295,414301,415093,6,792,2,7200,1.00757575758
414305,414311,415148,6,837,2,7200,1.00716845878
414316,414322,415130,6,808,2,7200,1.00742574257
414326,414332,415115,6,783,2,7200,1.00766283525
414337,414403,415315,66,912,2,7200,1.07236842105
414399,414468,415304,69,836,2,7200,1.08253588517
414470,414477,415243,7,766,2,7200,1.0091383812
414481,414499,415394,18,895,2,7200,1.02011173184
414502,414568,415442,66,874,2,7200,1.07551487414
414574,414579,415439,5,860,2,7200,1.00581395349
414584,414590,415455,6,865,2,7200,1.00693641618
414595,414601,415490,6,889,2,7200,1.00674915636
414605,414612,415566,7,954,2,7200,1.00733752621
414616,414628,415476,12,848,2,7200,1.0141509434
414626,414639,415471,13,832,2,7200,1.015625
414637,414659,415525,22,866,2,7200,1.02540415704
414658,414667,415529,9,862,2,7200,1.01044083527
414668,414713,415559,45,846,2,7200,1.05319148936
414709,414719,415548,10,829,2,7200,1.01206272618
414720,414744,415550,24,806,2,7200,1.02977667494
414741,414750,415583,9,833,2,7200,1.01080432173
414751,414775,415588,24,813,2,7200,1.0295202952
414772,414787,415616,15,829,2,7200,1.01809408926
414783,414803,415619,20,816,2,7200,1.02450980392
414803,414833,415625,30,792,2,7200,1.03787878788
414834,414866,415659,32,793,2,7200,1.04035308953
414865,414886,415662,21,776,2,7200,1.02706185567
414886,414937,415685,51,748,2,7200,1.06818181818
414937,414978,415746,41,768,2,7200,1.05338541667
414979,414989,415899,10,910,2,7200,1.01098901099
414989,415003,415911,14,908,2,7200,1.0154185022
415000,415009,415925,9,916,2,7200,1.00982532751
415010,415016,415905,6,889,2,7200,1.00674915636
415021,415044,415928,23,884,2,7200,1.02601809955
415042,415096,415955,54,859,2,7200,1.06286379511
415093,415102,415952,9,850,2,7200,1.01058823529
415104,415110,416068,6,958,2,7200,1.00626304802
415114,415120,415910,6,790,2,7200,1.00759493671
415125,415131,415965,6,834,2,7200,1.0071942446
415135,415141,416448,6,1307,2,7200,1.00459066565
415146,415152,415939,6,787,2,7200,1.00762388818
415156,415162,416063,6,901,2,7200,1.00665926748
415167,415173,416088,6,915,2,7200,1.00655737705
415177,415183,416134,6,951,2,7200,1.00630914826
415188,415194,416124,6,930,2,7200,1.0064516129
415199,415255,416169,56,914,2,7200,1.06126914661
415260,415315,416179,55,864,2,7200,1.06365740741
415311,415326,416208,15,882,2,7200,1.01700680272
415322,415405,416252,83,847,2,7200,1.09799291617
415404,415451,416240,47,789,2,7200,1.05956907478
415455,415461,416236,6,775,2,7200,1.00774193548
415466,415472,416292,6,820,2,7200,1.00731707317
415476,415482,416283,6,801,2,7200,1.0074906367
415487,415493,416396,6,903,2,7200,1.00664451827
415497,415503,416454,6,951,2,7200,1.00630914826
415508,415536,416560,28,1024,2,7200,1.02734375
415539,415545,416445,6,900,2,7200,1.00666666667
415550,415559,416449,9,890,2,7200,1.01011235955
415560,415567,416474,7,907,2,7200,1.00771775083
415571,415577,416536,6,959,2,7200,1.00625651721
415582,415588,416427,6,839,2,7200,1.00715137068
415592,415598,416391,6,793,2,7200,1.00756620429
415603,415610,416427,7,817,2,7200,1.00856793146
415613,415627,416393,14,766,2,7200,1.0182767624
415624,415633,416398,9,765,2,7200,1.01176470588
415634,415640,416553,6,913,2,7200,1.00657174151
415645,415670,416567,25,897,2,7200,1.02787068004
415666,415676,416573,10,897,2,7200,1.01114827202
415676,415696,416713,20,1017,2,7200,1.01966568338
415697,415758,416669,61,911,2,7200,1.06695938529
415759,415910,416831,151,921,2,7200,1.16395222584
415912,415918,416817,6,899,2,7200,1.00667408231
415923,415929,416822,6,893,2,7200,1.00671892497
415933,415939,416740,6,801,2,7200,1.0074906367
415944,415949,416779,5,830,2,7200,1.00602409639
415954,415970,416700,16,730,2,7200,1.02191780822
415975,415981,416766,6,785,2,7200,1.0076433121
415986,415992,416969,6,977,2,7200,1.00614124872
415996,416004,416995,8,991,2,7200,1.00807265388
416007,416013,416911,6,898,2,7200,1.00668151448
416017,416023,416894,6,871,2,7200,1.00688863375
416028,416075,417055,47,980,2,7200,1.04795918367
416079,416085,417022,6,937,2,7200,1.00640341515
416090,416099,417032,9,933,2,7200,1.00964630225
416100,416135,417014,35,879,2,7200,1.03981797497
416132,416145,416925,13,780,2,7200,1.01666666667
416142,416180,416967,38,787,2,7200,1.04828462516
416184,416190,417033,6,843,2,7200,1.00711743772
416194,416220,416943,26,723,2,7200,1.03596127248
416774,416780,420861,6,4081,2,14400,1.00147022789
416775,416786,420820,11,4034,2,14400,1.00272682201
416776,416791,420904,15,4113,2,14400,1.00364697301
416778,416796,420949,18,4153,2,14400,1.00433421623
416779,416801,421344,22,4543,2,14400,1.00484261501
416780,416807,421294,27,4487,2,14400,1.00601738355
416782,416813,420869,31,4056,2,14400,1.00764299803
416783,416818,420817,35,3999,2,14400,1.00875218805
416784,416823,421721,39,4898,2,14400,1.00796243365
416786,416829,421406,43,4577,2,14400,1.00939480009
416787,416834,420844,47,4010,2,14400,1.01172069825
416788,416839,420918,51,4079,2,14400,1.01250306448
416789,416844,421329,55,4485,2,14400,1.01226309922
416791,416849,421027,58,4178,2,14400,1.01388224031
416792,416855,421548,63,4693,2,14400,1.01342424888
416793,416860,421071,67,4211,2,14400,1.01591071005
416795,416865,421419,70,4554,2,14400,1.01537110233
416796,416870,421033,74,4163,2,14400,1.01777564257
416797,416875,421702,78,4827,2,14400,1.01615910503
416798,416880,421904,82,5024,2,14400,1.01632165605
416800,416886,421147,86,4261,2,14400,1.02018305562
416801,416891,420868,90,3977,2,14400,1.02263012321
416802,416896,421087,94,4191,2,14400,1.02242901455
416804,416901,420947,97,4046,2,14400,1.0239742956
416805,416906,420751,101,3845,2,14400,1.02626788036
416806,416911,421056,105,4145,2,14400,1.02533172497
416807,416917,420881,110,3964,2,14400,1.02774974773
416809,416923,420858,114,3935,2,14400,1.0289707751
416810,416928,421502,118,4574,2,14400,1.02579798863
416811,416934,420776,123,3842,2,14400,1.03201457574
416813,416939,421355,126,4416,2,14400,1.0285326087
416814,416944,420741,130,3797,2,14400,1.03423755597
416815,416949,421279,134,4330,2,14400,1.03094688222
416816,416955,421416,139,4461,2,14400,1.03115893297
416818,416960,421125,142,4165,2,14400,1.03409363745
416819,416978,421052,159,4074,2,14400,1.03902798233
416820,416984,420941,164,3957,2,14400,1.04144553955
416822,417006,420536,184,3530,2,14400,1.05212464589
416823,417025,421341,202,4316,2,14400,1.046802595
416824,417033,420917,209,3884,2,14400,1.05381050463
417586,417592,418814,6,1222,6,1500,1.00490998363
417594,418827,419971,1233,1144,6,1500,2.0777972028
418831,419982,421461,1151,1479,6,1500,1.77822853279
419981,420547,420548,566,1,2,7200,56.7
420543,420559,420560,16,1,2,7200,1.7
420558,420762,422040,204,1278,6,1500,1.15962441315
420758,420787,420788,29,1,2,7200,3.0
420784,420831,422338,47,1507,6,1500,1.03118779031
420829,420855,420858,26,3,2,7200,2.9
420858,420872,422282,14,1410,6,1500,1.00992907801
420868,420893,422124,25,1231,6,1500,1.02030869212
420889,420928,422180,39,1252,6,1500,1.03115015974
420931,420961,422166,30,1205,6,1500,1.02489626556
420962,421063,422313,101,1250,6,1500,1.0808
421064,421098,422639,34,1541,6,1500,1.02206359507
421065,421070,421071,5,1,2,7200,1.0
421095,421136,421137,41,1,2,7200,4.2
421095,421290,422797,195,1507,6,1500,1.12939615129
421290,421305,421306,15,1,2,7200,1.6
421290,421352,422516,62,1164,6,1500,1.05326460481
421351,421358,421359,7,1,2,7200,1.0
421362,421367,421368,5,1,2,7200,1.0
421362,421418,422954,56,1536,6,1500,1.03645833333
421423,421429,421430,6,1,2,7200,1.0
421423,421473,422715,50,1242,6,1500,1.04025764895
421474,421481,421482,7,1,2,7200,1.0
421485,421513,422654,28,1141,6,1500,1.0245398773
421485,421491,421492,6,1,2,7200,1.0
421516,421560,421561,44,1,2,7200,4.5
421557,421572,421573,15,1,2,7200,1.6
421557,421732,423213,175,1481,6,1500,1.11816340311
421730,421915,421916,185,1,2,7200,18.6
421914,421927,421928,13,1,2,7200,1.4
421924,421939,421940,15,1,2,7200,1.6
421935,421951,421952,16,1,2,7200,1.7
421935,422051,423566,116,1515,6,1500,1.07656765677
422047,422057,422058,10,1,2,7200,1.1
422058,422069,422070,11,1,2,7200,1.2
422058,422135,423490,77,1355,6,1500,1.05682656827
422140,422146,422147,6,1,2,7200,1.0
422150,422158,422159,8,1,2,7200,1.0
422150,422177,423601,27,1424,6,1500,1.01896067416
422181,422187,422188,6,1,2,7200,1.0
422181,422193,423483,12,1290,6,1500,1.00930232558
422191,422199,422200,8,1,2,7200,1.0
422202,422211,422212,9,1,2,7200,1.0
422202,422294,423828,92,1534,6,1500,1.05997392438
422294,422300,422305,6,5,2,7200,1.1
422304,422316,422317,12,1,2,7200,1.3
422305,422324,423838,19,1514,6,1500,1.01254953765
422325,422349,423868,24,1519,6,1500,1.01579986833
422325,422331,422332,6,1,2,7200,1.0
422346,422355,422356,9,1,2,7200,1.0
422356,422367,422368,11,1,2,7200,1.2
422356,422527,423703,171,1176,6,1500,1.14540816327
422530,422536,422537,6,1,2,7200,1.0
422540,422651,424169,111,1518,6,1500,1.07312252964
422540,422548,422549,8,1,2,7200,1.0
422653,422659,422660,6,1,2,7200,1.0
422663,422669,424200,6,1531,6,1500,1.00391900718
422663,422675,422676,12,1,2,7200,1.3
422674,422687,422688,13,1,2,7200,1.4
422674,422726,423943,52,1217,6,1500,1.04272801972
422725,422808,424201,83,1393,6,1500,1.05958363245
422725,422732,422733,7,1,2,7200,1.0
422807,422814,422815,7,1,2,7200,1.0
422817,422965,424357,148,1392,6,1500,1.10632183908
422817,422823,422824,6,1,2,7200,1.0
422961,423224,424369,263,1145,6,1500,1.22969432314
423225,423231,423232,6,1,2,7200,1.0
423226,423494,425005,268,1511,6,1500,1.17736598279
423490,423500,423501,10,1,2,7200,1.1
423500,423506,423507,6,1,2,7200,1.0
423502,423512,425014,10,1502,6,1500,1.00665778961
423511,423518,423519,7,1,2,7200,1.0
423521,423528,423529,7,1,2,7200,1.0
423532,423538,423539,6,1,2,7200,1.0
423533,423577,424963,44,1386,6,1500,1.03174603175
423573,423583,423584,10,1,2,7200,1.1
423583,423590,423591,7,1,2,7200,1.0
423594,423600,423601,6,1,2,7200,1.0
423605,423611,423612,6,1,2,7200,1.0
423615,423621,424921,6,1300,6,1500,1.00461538462
423615,423626,423627,11,1,2,7200,1.2
423626,423632,423633,6,1,2,7200,1.0
423626,423714,425124,88,1410,6,1500,1.06241134752
423717,423724,423725,7,1,2,7200,1.0
423728,423734,423735,6,1,2,7200,1.0
423739,423744,423745,5,1,2,7200,1.0
423739,423839,425361,100,1522,6,1500,1.06570302234
423841,423847,423848,6,1,2,7200,1.0
423851,423857,425304,6,1447,6,1500,1.00414651002
423851,423862,423863,11,1,2,7200,1.2
423862,423879,425004,17,1125,6,1500,1.01511111111
423862,423868,423869,6,1,2,7200,1.0
423882,423889,423890,7,1,2,7200,1.0
423893,423954,425463,61,1509,6,1500,1.04042412194
423893,423899,423900,6,1,2,7200,1.0
423954,424024,425531,70,1507,6,1500,1.04644990046
423954,423960,423961,6,1,2,7200,1.0
424026,424180,424181,154,1,2,7200,15.5
424179,424186,424187,7,1,2,7200,1.0
424189,424195,424196,6,1,2,7200,1.0
424189,424207,425648,18,1441,6,1500,1.01249132547
424210,424216,424217,6,1,2,7200,1.0
424220,424231,424232,11,1,2,7200,1.2
424221,424226,425761,5,1535,6,1500,1.00325732899
424231,424249,425688,18,1439,6,1500,1.01250868659
424231,424237,424238,6,1,2,7200,1.0
424252,424368,424369,116,1,2,7200,11.7
424364,424380,425763,16,1383,6,1500,1.01156905278
424364,424374,424375,10,1,2,7200,1.1
424385,424391,424392,6,1,2,7200,1.0
424395,424418,425584,23,1166,6,1500,1.01972555746
424395,424406,424407,11,1,2,7200,1.2
424416,424932,426284,516,1352,6,1500,1.38165680473
424416,424975,424976,559,1,2,7200,56.0
424975,424982,424983,7,1,2,7200,1.0
424977,424994,426330,17,1336,6,1500,1.0127245509
424996,425015,425016,19,1,2,7200,2.0
425017,425023,425024,6,1,2,7200,1.0
425019,425029,426552,10,1523,6,1500,1.00656598818
425027,425035,425036,8,1,2,7200,1.0
425038,425044,425045,6,1,2,7200,1.0
425040,425050,426187,10,1137,6,1500,1.00879507476
425048,425056,425057,8,1,2,7200,1.0
425059,425065,425066,6,1,2,7200,1.0
425060,425077,426608,17,1531,6,1500,1.01110385369
425079,425135,425136,56,1,2,7200,5.7
425131,425141,425142,10,1,2,7200,1.1
425142,425159,426493,17,1334,6,1500,1.01274362819
425162,425315,425316,153,1,2,7200,15.4
425314,425321,425322,7,1,2,7200,1.0
425325,425331,425332,6,1,2,7200,1.0
425326,425343,426648,17,1305,6,1500,1.01302681992
425346,425372,425373,26,1,2,7200,2.7
425368,425384,426888,16,1504,6,1500,1.01063829787
425387,425475,425476,88,1,2,7200,8.9
425479,425485,425486,6,1,2,7200,1.0
425489,425495,425496,6,1,2,7200,1.0
425500,425506,425507,6,1,2,7200,1.0
425510,425516,425517,6,1,2,7200,1.0
425520,425526,425527,6,1,2,7200,1.0
425521,425538,426858,17,1320,6,1500,1.01287878788
425541,425547,427061,6,1514,6,1500,1.00396301189
425541,425595,425596,54,1,2,7200,5.5
425592,425601,425602,9,1,2,7200,1.0
425593,425613,427101,20,1488,6,1500,1.01344086022
425613,425660,425661,47,1,2,7200,4.8
425664,425670,425671,6,1,2,7200,1.0
425664,425682,427129,18,1447,6,1500,1.01243953006
425685,425773,425774,88,1,2,7200,8.9
425685,425699,426902,14,1203,6,1500,1.01163757273
425777,425788,425789,11,1,2,7200,1.2
425777,425783,427049,6,1266,6,1500,1.00473933649
425788,425806,427337,18,1531,6,1500,1.01175702155
425788,425794,425795,6,1,2,7200,1.0
425808,426295,426296,487,1,2,7200,48.8
425808,426198,427706,390,1508,6,1500,1.25862068966
426297,426315,427700,18,1385,6,1500,1.01299638989
426297,426303,426304,6,1,2,7200,1.0
426318,426504,426505,186,1,2,7200,18.7
426318,426341,427823,23,1482,6,1500,1.01551956815
426502,426522,428053,20,1531,6,1500,1.01306335728
426502,426510,426511,8,1,2,7200,1.0
426522,426563,426564,41,1,2,7200,4.2
426563,426581,427961,18,1380,6,1500,1.01304347826
426563,426569,426570,6,1,2,7200,1.0
426584,426619,428138,35,1519,6,1500,1.02304147465
426584,426659,426660,75,1,2,7200,7.6
426656,426665,426666,9,1,2,7200,1.0
426656,426677,428179,21,1502,6,1500,1.01398135819
426676,426899,426900,223,1,2,7200,22.4
426676,426870,428211,194,1341,6,1500,1.14466815809
426900,426906,426907,6,1,2,7200,1.0
426901,426914,428045,13,1131,6,1500,1.01149425287
426911,426920,426921,9,1,2,7200,1.0
426921,426940,428397,19,1457,6,1500,1.01304049417
426922,426928,426929,6,1,2,7200,1.0
426942,427073,427074,131,1,2,7200,13.2
426942,427060,428461,118,1401,6,1500,1.08422555318
427075,427093,428541,18,1448,6,1500,1.01243093923
427096,427112,428650,16,1538,6,1500,1.01040312094
427096,427140,427141,44,1,2,7200,4.5
427137,427146,427147,9,1,2,7200,1.0
427137,427158,428508,21,1350,6,1500,1.01555555556
427157,427711,427712,554,1,2,7200,55.5
427158,427348,428867,190,1519,6,1500,1.12508229098
427708,427717,427718,9,1,2,7200,1.0
427718,427724,427725,6,1,2,7200,1.0
427729,427735,427736,6,1,2,7200,1.0
427739,427745,427746,6,1,2,7200,1.0
427750,427755,429192,5,1437,6,1500,1.00347947112
427750,427760,427761,10,1,2,7200,1.1
427760,427779,428969,19,1190,6,1500,1.01596638655
427760,427767,427768,7,1,2,7200,1.0
427781,427835,427836,54,1,2,7200,5.5
427832,427853,429139,21,1286,6,1500,1.01632970451
427832,427841,427842,9,1,2,7200,1.0
427853,428056,428057,203,1,2,7200,20.4
427853,427972,429305,119,1333,6,1500,1.08927231808
428057,428066,428067,9,1,2,7200,1.0
428067,428073,428074,6,1,2,7200,1.0
428078,428088,428089,10,1,2,7200,1.1
428078,428083,429212,5,1129,6,1500,1.00442869796
428088,428094,428095,6,1,2,7200,1.0
428099,428104,428105,5,1,2,7200,1.0
428099,428116,429604,17,1488,6,1500,1.01142473118
428119,428149,429411,30,1262,6,1500,1.02377179081
428119,428191,428192,72,1,2,7200,7.3
428191,428197,428198,6,1,2,7200,1.0
428201,428208,428209,7,1,2,7200,1.0
428202,428220,429349,18,1129,6,1500,1.01594331267
428222,428228,429528,6,1300,6,1500,1.00461538462
428222,428408,428409,186,1,2,7200,18.7
428406,428414,428415,8,1,2,7200,1.0
428416,428422,428423,6,1,2,7200,1.0
428427,428433,428434,6,1,2,7200,1.0
428437,428443,428444,6,1,2,7200,1.0
428437,428455,429683,18,1228,6,1500,1.01465798046
428458,428472,428473,14,1,2,7200,1.5
428469,428478,428479,9,1,2,7200,1.0
428469,428490,429845,21,1355,6,1500,1.01549815498
428489,428552,428553,63,1,2,7200,6.4
428489,428519,429671,30,1152,6,1500,1.02604166667
428551,428558,428559,7,1,2,7200,1.0
428561,428579,429790,18,1211,6,1500,1.01486374897
428582,428661,428662,79,1,2,7200,8.0
428664,428681,429898,17,1217,6,1500,1.01396877568
428664,428669,428670,5,1,2,7200,1.0
428684,428878,428879,194,1,2,7200,19.5
428878,428884,428885,6,1,2,7200,1.0
428889,428906,430442,17,1536,6,1500,1.01106770833
428889,428894,428895,5,1,2,7200,1.0
428909,429150,429151,241,1,2,7200,24.2
428909,428981,430420,72,1439,6,1500,1.05003474635
429154,429160,429161,6,1,2,7200,1.0
429164,429171,429172,7,1,2,7200,1.0
429175,429193,430408,18,1215,6,1500,1.01481481481
429175,429181,429182,6,1,2,7200,1.0
429196,429223,429224,27,1,2,7200,2.8
429196,429203,430569,7,1366,6,1500,1.00512445095
429226,429233,429234,7,1,2,7200,1.0
429237,429243,429244,6,1,2,7200,1.0
429237,429255,430457,18,1202,6,1500,1.0149750416
429258,429317,430464,59,1147,6,1500,1.05143853531
429258,429360,429361,102,1,2,7200,10.3
429360,429366,429367,6,1,2,7200,1.0
429370,429376,429377,6,1,2,7200,1.0
429371,429388,430892,17,1504,6,1500,1.01130319149
429391,429539,429540,148,1,2,7200,14.9
429391,429422,430908,31,1486,6,1500,1.02086137281
429535,429551,430821,16,1270,6,1500,1.0125984252
429554,429615,429616,61,1,2,7200,6.2
429557,429628,429629,71,1,2,3540,7.2
429616,429622,429623,6,1,2,7200,1.0
429626,429634,429635,8,1,2,7200,1.0
429637,429655,431116,18,1461,6,1500,1.01232032854
429637,429643,429644,6,1,2,7200,1.0
429658,429682,429683,24,1,2,7200,2.5
429678,429688,429689,10,1,2,7200,1.1
429679,429694,431073,15,1379,6,1500,1.01087744743
429689,429700,431203,11,1503,6,1500,1.00731869594
429699,429801,429802,102,1,2,7200,10.3
429801,429807,429808,6,1,2,7200,1.0
429812,429818,429819,6,1,2,7200,1.0
429822,429828,429829,6,1,2,7200,1.0
429823,429840,431383,17,1543,6,1500,1.01101749838
429843,429856,429857,13,1,2,7200,1.4
429854,429862,429863,8,1,2,7200,1.0
429854,429874,431416,20,1542,6,1500,1.01297016861
429874,430419,430420,545,1,2,7200,54.6
429875,429910,431263,35,1353,6,1500,1.0258684405
430416,430431,431646,15,1215,6,1500,1.01234567901
430427,430437,431956,10,1519,6,1500,1.00658327847
430435,430453,430454,18,1,2,7200,1.9
430455,430461,430462,6,1,2,7200,1.0
430458,430469,431607,11,1138,6,1500,1.00966608084
430466,430475,430476,9,1,2,7200,1.0
430476,430482,430483,6,1,2,7200,1.0
430479,430488,431715,9,1227,6,1500,1.00733496333
430487,430494,430495,7,1,2,7200,1.0
430489,430506,431868,17,1362,6,1500,1.01248164464
430508,430581,430582,73,1,2,7200,7.4
430579,430587,430588,8,1,2,7200,1.0
430590,430596,430597,6,1,2,7200,1.0
430592,430608,431740,16,1132,6,1500,1.01413427562
430610,430832,430834,222,2,2,7200,22.4
430835,430841,430842,6,1,2,7200,1.0
430837,430853,432393,16,1540,6,1500,1.01038961039
430848,430903,432309,55,1406,6,1500,1.03911806543
430900,430919,432458,19,1539,6,1500,1.01234567901
430917,431084,431085,167,1,2,7200,16.8
431080,431090,431091,10,1,2,7200,1.1
431090,431096,431097,6,1,2,7200,1.0
431094,431108,432645,14,1537,6,1500,1.00910865322
431105,431127,432568,22,1441,6,1500,1.01526717557
431126,431215,432733,89,1518,6,1500,1.05862977602
431213,431274,431275,61,1,2,7200,6.2
431274,431281,431282,7,1,2,7200,1.0
431285,431291,431292,6,1,2,7200,1.0
431296,431302,431303,6,1,2,7200,1.0
431306,431312,431313,6,1,2,7200,1.0
431317,431323,431324,6,1,2,7200,1.0
431327,431333,431334,6,1,2,7200,1.0
431338,431344,431345,6,1,2,7200,1.0
431348,431354,431355,6,1,2,7200,1.0
431359,431365,431366,6,1,2,7200,1.0
431370,431376,431377,6,1,2,7200,1.0
431380,431386,431387,6,1,2,7200,1.0
431391,431397,431398,6,1,2,7200,1.0
431401,431408,431409,7,1,2,7200,1.0
431412,431418,431419,6,1,2,7200,1.0
431422,431429,431430,7,1,2,7200,1.0
431433,431439,431440,6,1,2,7200,1.0
431444,431450,431451,6,1,2,7200,1.0
431454,431460,431461,6,1,2,7200,1.0
431465,431471,431472,6,1,2,7200,1.0
431476,431482,431483,6,1,2,7200,1.0
431486,431492,431493,6,1,2,7200,1.0
431497,431503,431504,6,1,2,7200,1.0
431507,431514,431515,7,1,2,7200,1.0
431518,431524,431525,6,1,2,7200,1.0
431528,431535,431536,7,1,2,7200,1.0
431539,431545,431546,6,1,2,7200,1.0
431550,431556,431557,6,1,2,7200,1.0
431560,431566,431567,6,1,2,7200,1.0
431571,431577,431578,6,1,2,7200,1.0
431581,431587,431588,6,1,2,7200,1.0
431592,431598,431599,6,1,2,7200,1.0
431602,431608,431609,6,1,2,7200,1.0
431613,431618,431619,5,1,2,7200,1.0
431623,431630,431631,7,1,2,7200,1.0
431634,431640,431641,6,1,2,7200,1.0
431644,431651,431652,7,1,2,7200,1.0
431655,431661,431662,6,1,2,7200,1.0
431666,431672,431673,6,1,2,7200,1.0
431676,431682,431683,6,1,2,7200,1.0
431687,431693,431695,6,2,2,7200,1.0
431697,431703,431704,6,1,2,7200,1.0
431708,431714,431715,6,1,2,7200,1.0
431718,431724,431728,6,4,2,7200,1.0
431729,431735,431736,6,1,2,7200,1.0
431739,431746,431747,7,1,2,7200,1.0
431750,431756,431757,6,1,2,7200,1.0
431760,431767,431768,7,1,2,7200,1.0
431771,431777,431778,6,1,2,7200,1.0
431782,431788,431789,6,1,2,7200,1.0
431792,431798,431799,6,1,2,7200,1.0
431803,431809,431810,6,1,2,7200,1.0
431813,431819,431820,6,1,2,7200,1.0
431824,431830,431831,6,1,2,7200,1.0
431834,431840,431841,6,1,2,7200,1.0
431845,431851,431852,6,1,2,7200,1.0
431855,431861,431862,6,1,2,7200,1.0
431866,431872,431873,6,1,2,7200,1.0
431876,431883,431884,7,1,2,7200,1.0
431887,431900,431901,13,1,2,7200,1.4
431897,431906,431907,9,1,2,7200,1.0
431908,431914,431915,6,1,2,7200,1.0
431919,431925,431926,6,1,2,7200,1.0
431929,431935,431936,6,1,2,7200,1.0
431940,431946,431947,6,1,2,7200,1.0
431950,431956,431958,6,2,2,7200,1.0
431961,431967,431968,6,1,2,7200,1.0
431971,431977,431978,6,1,2,7200,1.0
431982,431988,431990,6,2,2,7200,1.0
431992,431998,432001,6,3,2,7200,1.0
432003,432009,432010,6,1,2,7200,1.0
432013,432020,432021,7,1,2,7200,1.0
432024,432030,432031,6,1,2,7200,1.0
432034,432041,432042,7,1,2,7200,1.0
432045,432051,432052,6,1,2,7200,1.0
432055,432062,432063,7,1,2,7200,1.0
432066,432072,432073,6,1,2,7200,1.0
432077,432083,432084,6,1,2,7200,1.0
432087,432093,432094,6,1,2,7200,1.0
432098,432104,432105,6,1,2,7200,1.0
432108,432114,432115,6,1,2,7200,1.0
432119,432125,432126,6,1,2,7200,1.0
432129,432135,432136,6,1,2,7200,1.0
432140,432146,432147,6,1,2,7200,1.0
432150,432157,432158,7,1,2,7200,1.0
432161,432167,432168,6,1,2,7200,1.0
432172,432178,432179,6,1,2,7200,1.0
432182,432188,432189,6,1,2,7200,1.0
432193,432199,432200,6,1,2,7200,1.0
432203,432209,432210,6,1,2,7200,1.0
432214,432220,432224,6,4,2,7200,1.0
432224,432230,432232,6,2,2,7200,1.0
432235,432241,432242,6,1,2,7200,1.0
432245,432251,432252,6,1,2,7200,1.0
432256,432262,432263,6,1,2,7200,1.0
432266,432273,432274,7,1,2,7200,1.0
432277,432283,432284,6,1,2,7200,1.0
432288,432294,432295,6,1,2,7200,1.0
432298,432304,432305,6,1,2,7200,1.0
432309,432315,432316,6,1,2,7200,1.0
432319,432325,432326,6,1,2,7200,1.0
432330,432336,432337,6,1,2,7200,1.0
432340,432346,432347,6,1,2,7200,1.0
432351,432357,432358,6,1,2,7200,1.0
432361,432367,432368,6,1,2,7200,1.0
432372,432378,432379,6,1,2,7200,1.0
432382,432388,432389,6,1,2,7200,1.0
432393,432399,432400,6,1,2,7200,1.0
432403,432416,432417,13,1,2,7200,1.4
432414,432422,432423,8,1,2,7200,1.0
432424,432430,432431,6,1,2,7200,1.0
432435,432441,432442,6,1,2,7200,1.0
432445,432452,432453,7,1,2,7200,1.0
432456,432462,432463,6,1,2,7200,1.0
432467,432473,432474,6,1,2,7200,1.0
432477,432483,432484,6,1,2,7200,1.0
432488,432494,432496,6,2,2,7200,1.0
432498,432504,432507,6,3,2,7200,1.0
432509,432515,432516,6,1,2,7200,1.0
432519,432525,432526,6,1,2,7200,1.0
432530,432536,432537,6,1,2,7200,1.0
432540,432546,432547,6,1,2,7200,1.0
432551,432557,432558,6,1,2,7200,1.0
432561,432567,432568,6,1,2,7200,1.0
432572,432578,432579,6,1,2,7200,1.0
432582,432588,432589,6,1,2,7200,1.0
432593,432599,432600,6,1,2,7200,1.0
432603,432610,432611,7,1,2,7200,1.0
432614,432620,432621,6,1,2,7200,1.0
432624,432631,432632,7,1,2,7200,1.0
432635,432641,432642,6,1,2,7200,1.0
432645,432652,432653,7,1,2,7200,1.0
432656,432664,432665,8,1,2,7200,1.0
432666,432673,432674,7,1,2,7200,1.0
432677,432683,432684,6,1,2,7200,1.0
432688,432694,432695,6,1,2,7200,1.0
432698,432704,432705,6,1,2,7200,1.0
432709,432715,432716,6,1,2,7200,1.0
432719,432725,432727,6,2,2,7200,1.0
432730,432736,432737,6,1,2,7200,1.0
432740,432746,432747,6,1,2,7200,1.0
432751,432757,432758,6,1,2,7200,1.0
432761,432768,432769,7,1,2,7200,1.0
432772,432778,432779,6,1,2,7200,1.0
432782,432789,432790,7,1,2,7200,1.0
432793,432799,432800,6,1,2,7200,1.0
432803,432810,432811,7,1,2,7200,1.0
432814,432820,432821,6,1,2,7200,1.0
432824,432831,432832,7,1,2,7200,1.0
432835,432841,432842,6,1,2,7200,1.0
432846,432852,432853,6,1,2,7200,1.0
432856,432862,432863,6,1,2,7200,1.0
432867,432873,432874,6,1,2,7200,1.0
432877,432883,432884,6,1,2,7200,1.0
432888,432894,432895,6,1,2,7200,1.0
432898,432904,432905,6,1,2,7200,1.0
432909,432915,432916,6,1,2,7200,1.0
432919,432925,432926,6,1,2,7200,1.0
432930,432936,432937,6,1,2,7200,1.0
432940,432946,432947,6,1,2,7200,1.0
432951,432957,432958,6,1,2,7200,1.0
432961,432968,432969,7,1,2,7200,1.0
432972,432978,432979,6,1,2,7200,1.0
432982,432988,432989,6,1,2,7200,1.0
432993,432999,433000,6,1,2,7200,1.0
433003,433010,433013,7,3,2,7200,1.0
433014,433020,433021,6,1,2,7200,1.0
433024,433031,433032,7,1,2,7200,1.0
433035,433041,433042,6,1,2,7200,1.0
433046,433052,433053,6,1,2,7200,1.0
433056,433062,433063,6,1,2,7200,1.0
433067,433073,433074,6,1,2,7200,1.0
433077,433083,433084,6,1,2,7200,1.0
433088,433094,433095,6,1,2,7200,1.0
433098,433104,433105,6,1,2,7200,1.0
433109,433115,433116,6,1,2,7200,1.0
433119,433125,433126,6,1,2,7200,1.0
433130,433136,433137,6,1,2,7200,1.0
433140,433146,433147,6,1,2,7200,1.0
433151,433157,433158,6,1,2,7200,1.0
433161,433167,433168,6,1,2,7200,1.0
433172,433178,433179,6,1,2,7200,1.0
433182,433188,433189,6,1,2,7200,1.0
433200,433207,433208,7,1,2,7200,1.0
433211,433217,433218,6,1,2,7200,1.0
433221,433227,433228,6,1,2,7200,1.0
433232,433238,433239,6,1,2,7200,1.0
433242,433248,433249,6,1,2,7200,1.0
433253,433259,433262,6,3,2,7200,1.0
433254,433265,433266,11,1,2,7200,1.2
433265,433271,433274,6,3,2,7200,1.0
433275,433282,433283,7,1,2,7200,1.0
433286,433292,433293,6,1,2,7200,1.0
433296,433303,433304,7,1,2,7200,1.0
433307,433313,433314,6,1,2,7200,1.0
433317,433324,433325,7,1,2,7200,1.0
433328,433334,433335,6,1,2,7200,1.0
433339,433345,433346,6,1,2,7200,1.0
433349,433355,433356,6,1,2,7200,1.0
433360,433366,433367,6,1,2,7200,1.0
433370,433376,433377,6,1,2,7200,1.0
433381,433387,433388,6,1,2,7200,1.0
433391,433397,433398,6,1,2,7200,1.0
433402,433408,433409,6,1,2,7200,1.0
433412,433418,433419,6,1,2,7200,1.0
433423,433429,433430,6,1,2,7200,1.0
433433,433439,433440,6,1,2,7200,1.0
433444,433450,433451,6,1,2,7200,1.0
433454,433460,433461,6,1,2,7200,1.0
433465,433471,433472,6,1,2,7200,1.0
433475,433481,433482,6,1,2,7200,1.0
433486,433492,433493,6,1,2,7200,1.0
433496,433503,433507,7,4,2,7200,1.1
433507,433513,433514,6,1,2,7200,1.0
433518,433524,433526,6,2,2,7200,1.0
433528,433534,433535,6,1,2,7200,1.0
433539,433545,433546,6,1,2,7200,1.0
433549,433555,433556,6,1,2,7200,1.0
433560,433566,433567,6,1,2,7200,1.0
433570,433576,433577,6,1,2,7200,1.0
433581,433587,433588,6,1,2,7200,1.0
433591,433597,433598,6,1,2,7200,1.0
433602,433608,433609,6,1,2,7200,1.0
433612,433618,433619,6,1,2,7200,1.0
433623,433629,433630,6,1,2,7200,1.0
433633,433640,433641,7,1,2,7200,1.0
433644,433650,433651,6,1,2,7200,1.0
433654,433661,433662,7,1,2,7200,1.0
433665,433671,433672,6,1,2,7200,1.0
433675,433682,433683,7,1,2,7200,1.0
433686,433692,433693,6,1,2,7200,1.0
433697,433703,433704,6,1,2,7200,1.0
433707,433713,433714,6,1,2,7200,1.0
433718,433724,433725,6,1,2,7200,1.0
433728,433734,433735,6,1,2,7200,1.0
433739,433745,433747,6,2,2,7200,1.0
433749,433755,433756,6,1,2,7200,1.0
433760,433766,433767,6,1,2,7200,1.0
433770,433776,433777,6,1,2,7200,1.0
433781,433787,433788,6,1,2,7200,1.0
433783,433793,433794,10,1,2,7200,1.1
433794,433800,433801,6,1,2,7200,1.0
433804,433811,433812,7,1,2,7200,1.0
433815,433821,433822,6,1,2,7200,1.0
433825,433832,433833,7,1,2,7200,1.0
433836,433842,433843,6,1,2,7200,1.0
433847,433853,433854,6,1,2,7200,1.0
433857,433863,433864,6,1,2,7200,1.0
433868,433874,433875,6,1,2,7200,1.0
433878,433884,433885,6,1,2,7200,1.0
433889,433895,433896,6,1,2,7200,1.0
433899,433905,433906,6,1,2,7200,1.0
433910,433916,433917,6,1,2,7200,1.0
433920,433926,433927,6,1,2,7200,1.0
433931,433937,433938,6,1,2,7200,1.0
433941,433947,433948,6,1,2,7200,1.0
433952,433958,433959,6,1,2,7200,1.0
433962,433968,433969,6,1,2,7200,1.0
433973,433979,433980,6,1,2,7200,1.0
433983,433989,433990,6,1,2,7200,1.0
433994,434000,434001,6,1,2,7200,1.0
434004,434010,434011,6,1,2,7200,1.0
434015,434021,434022,6,1,2,7200,1.0
434025,434031,434032,6,1,2,7200,1.0
434036,434042,434043,6,1,2,7200,1.0
434046,434052,434053,6,1,2,7200,1.0
434057,434063,434064,6,1,2,7200,1.0
434067,434073,434074,6,1,2,7200,1.0
434077,434084,434085,7,1,2,7200,1.0
434088,434094,434095,6,1,2,7200,1.0
434099,434105,434106,6,1,2,7200,1.0
434109,434115,434116,6,1,2,7200,1.0
434120,434126,434127,6,1,2,7200,1.0
434130,434136,434137,6,1,2,7200,1.0
434141,434147,434148,6,1,2,7200,1.0
434151,434157,434158,6,1,2,7200,1.0
434162,434168,434169,6,1,2,7200,1.0
434172,434178,434179,6,1,2,7200,1.0
434183,434189,434190,6,1,2,7200,1.0
434193,434199,434200,6,1,2,7200,1.0
434204,434210,434211,6,1,2,7200,1.0
434214,434220,434221,6,1,2,7200,1.0
434225,434231,434232,6,1,2,7200,1.0
434235,434243,434244,8,1,2,7200,1.0
434246,434252,434253,6,1,2,7200,1.0
434256,434262,434263,6,1,2,7200,1.0
434267,434273,434274,6,1,2,7200,1.0
434277,434283,434284,6,1,2,7200,1.0
434288,434294,434295,6,1,2,7200,1.0
434298,434304,434305,6,1,2,7200,1.0
434309,434315,434316,6,1,2,7200,1.0
434319,434325,434326,6,1,2,7200,1.0
434330,434336,434337,6,1,2,7200,1.0
434340,434346,434347,6,1,2,7200,1.0
434351,434357,434358,6,1,2,7200,1.0
434361,434367,434368,6,1,2,7200,1.0
434372,434378,434379,6,1,2,7200,1.0
434382,434388,434389,6,1,2,7200,1.0
434393,434399,434400,6,1,2,7200,1.0
434403,434409,434410,6,1,2,7200,1.0
434414,434420,434421,6,1,2,7200,1.0
434424,434430,434431,6,1,2,7200,1.0
434435,434441,434442,6,1,2,7200,1.0
434445,434451,434452,6,1,2,7200,1.0
434456,434462,434463,6,1,2,7200,1.0
434466,434472,434473,6,1,2,7200,1.0
434477,434483,434484,6,1,2,7200,1.0
434487,434493,434494,6,1,2,7200,1.0
434498,434504,434505,6,1,2,7200,1.0
434508,434514,434515,6,1,2,7200,1.0
434519,434525,434526,6,1,2,7200,1.0
434529,434535,434536,6,1,2,7200,1.0
434540,434546,434547,6,1,2,7200,1.0
434550,434556,434557,6,1,2,7200,1.0
434561,434567,434568,6,1,2,7200,1.0
434571,434577,434578,6,1,2,7200,1.0
434582,434588,434589,6,1,2,7200,1.0
434592,434598,434599,6,1,2,7200,1.0
434603,434609,434610,6,1,2,7200,1.0
434613,434619,434620,6,1,2,7200,1.0
434624,434630,434631,6,1,2,7200,1.0
434634,434640,434641,6,1,2,7200,1.0
434645,434651,434652,6,1,2,7200,1.0
434655,434661,434662,6,1,2,7200,1.0
434666,434672,434673,6,1,2,7200,1.0
434676,434682,434683,6,1,2,7200,1.0
434687,434693,434694,6,1,2,7200,1.0
434697,434703,434704,6,1,2,7200,1.0
434708,434714,434715,6,1,2,7200,1.0
434718,434724,434725,6,1,2,7200,1.0
434729,434735,434736,6,1,2,7200,1.0
434739,434745,434746,6,1,2,7200,1.0
434750,434756,434757,6,1,2,7200,1.0
434760,434766,434767,6,1,2,7200,1.0
434771,434777,434778,6,1,2,7200,1.0
434781,434787,434788,6,1,2,7200,1.0
434792,434798,434799,6,1,2,7200,1.0
434802,434808,434809,6,1,2,7200,1.0
434813,434819,434820,6,1,2,7200,1.0
434823,434829,434830,6,1,2,7200,1.0
434834,434840,434841,6,1,2,7200,1.0
434844,434850,434851,6,1,2,7200,1.0
434855,434861,434862,6,1,2,7200,1.0
434865,434871,434872,6,1,2,7200,1.0
434876,434882,434883,6,1,2,7200,1.0
434886,434892,434893,6,1,2,7200,1.0
434897,434903,434904,6,1,2,7200,1.0
434907,434913,434914,6,1,2,7200,1.0
434918,434924,434925,6,1,2,7200,1.0
434928,434934,434935,6,1,2,7200,1.0
434939,434945,434946,6,1,2,7200,1.0
434949,434955,434956,6,1,2,7200,1.0
434960,434966,434967,6,1,2,7200,1.0
434970,434976,434977,6,1,2,7200,1.0
434981,434987,434988,6,1,2,7200,1.0
434991,434997,434998,6,1,2,7200,1.0
435002,435008,435009,6,1,2,7200,1.0
435012,435018,435019,6,1,2,7200,1.0
435023,435029,435030,6,1,2,7200,1.0
435033,435039,435040,6,1,2,7200,1.0
435044,435050,435051,6,1,2,7200,1.0
435065,435071,435072,6,1,2,7200,1.0
435075,435081,435082,6,1,2,7200,1.0
435086,435092,435093,6,1,2,7200,1.0
435096,435102,435103,6,1,2,7200,1.0
435107,435113,435114,6,1,2,7200,1.0
435117,435123,435124,6,1,2,7200,1.0
435128,435134,435135,6,1,2,7200,1.0
435138,435144,435145,6,1,2,7200,1.0
435149,435155,435156,6,1,2,7200,1.0
435159,435165,435166,6,1,2,7200,1.0
435170,435176,435177,6,1,2,7200,1.0
435180,435186,435187,6,1,2,7200,1.0
435191,435197,435198,6,1,2,7200,1.0
435201,435207,435208,6,1,2,7200,1.0
435212,435218,435219,6,1,2,7200,1.0
435222,435228,435229,6,1,2,7200,1.0
435233,435239,435240,6,1,2,7200,1.0
435243,435249,435250,6,1,2,7200,1.0
435254,435260,435261,6,1,2,7200,1.0
435264,435270,435271,6,1,2,7200,1.0
435275,435281,435282,6,1,2,7200,1.0
435285,435291,435292,6,1,2,7200,1.0
435296,435302,435303,6,1,2,7200,1.0
435306,435312,435313,6,1,2,7200,1.0
435317,435323,435324,6,1,2,7200,1.0
435327,435333,435334,6,1,2,7200,1.0
435338,435344,435345,6,1,2,7200,1.0
435348,435354,435355,6,1,2,7200,1.0
435359,435365,435366,6,1,2,7200,1.0
435369,435375,435376,6,1,2,7200,1.0
435380,435386,435387,6,1,2,7200,1.0
435390,435396,435397,6,1,2,7200,1.0
435400,435407,435408,7,1,2,7200,1.0
435411,435417,435418,6,1,2,7200,1.0
435422,435428,435429,6,1,2,7200,1.0
435432,435438,435439,6,1,2,7200,1.0
435442,435449,435450,7,1,2,7200,1.0
435453,435459,435460,6,1,2,7200,1.0
435464,435470,435471,6,1,2,7200,1.0
435474,435480,435481,6,1,2,7200,1.0
435484,435491,435492,7,1,2,7200,1.0
435495,435501,435502,6,1,2,7200,1.0
435505,435512,435513,7,1,2,7200,1.0
435516,435522,435523,6,1,2,7200,1.0
435526,435533,435534,7,1,2,7200,1.0
435537,435543,435544,6,1,2,7200,1.0
435547,435554,435555,7,1,2,7200,1.0
435558,435564,435565,6,1,2,7200,1.0
435568,435575,435576,7,1,2,7200,1.0
435579,435585,435586,6,1,2,7200,1.0
435589,435596,435597,7,1,2,7200,1.0
435600,435606,435607,6,1,2,7200,1.0
435610,435617,435618,7,1,2,7200,1.0
435621,435627,435628,6,1,2,7200,1.0
435631,435638,435639,7,1,2,7200,1.0
435642,435648,435649,6,1,2,7200,1.0
435652,435659,435660,7,1,2,7200,1.0
435663,435669,435670,6,1,2,7200,1.0
435673,435680,435681,7,1,2,7200,1.0
435684,435690,435691,6,1,2,7200,1.0
435694,435701,435702,7,1,2,7200,1.0
435705,435711,435712,6,1,2,7200,1.0
435715,435722,435723,7,1,2,7200,1.0
435726,435732,435733,6,1,2,7200,1.0
435736,435743,435744,7,1,2,7200,1.0
435748,435754,435755,6,1,2,7200,1.0
435758,435764,435765,6,1,2,7200,1.0
435769,435775,435776,6,1,2,7200,1.0
435779,435785,435786,6,1,2,7200,1.0
435782,442861,442865,7079,4,4,180000,708.3
435790,435796,435797,6,1,2,7200,1.0
435800,435806,435807,6,1,2,7200,1.0
435811,435817,435818,6,1,2,7200,1.0
435821,435827,435828,6,1,2,7200,1.0
435832,435838,435839,6,1,2,7200,1.0
435842,435848,435849,6,1,2,7200,1.0
435853,435859,435860,6,1,2,7200,1.0
435863,435869,435870,6,1,2,7200,1.0
435874,435880,435881,6,1,2,7200,1.0
435884,435890,435891,6,1,2,7200,1.0
435895,435901,435902,6,1,2,7200,1.0
435905,435911,435912,6,1,2,7200,1.0
435916,435922,435923,6,1,2,7200,1.0
435926,435933,435934,7,1,2,7200,1.0
435937,435943,435944,6,1,2,7200,1.0
435947,435954,435955,7,1,2,7200,1.0
435958,435964,435965,6,1,2,7200,1.0
435968,435975,435976,7,1,2,7200,1.0
435979,435985,435986,6,1,2,7200,1.0
435989,435996,435997,7,1,2,7200,1.0
436000,436006,436007,6,1,2,7200,1.0
436010,436016,436017,6,1,2,7200,1.0
436031,436037,436038,6,1,2,7200,1.0
436042,436048,436049,6,1,2,7200,1.0
436052,436058,436059,6,1,2,7200,1.0
436063,436069,436070,6,1,2,7200,1.0
436073,436079,436080,6,1,2,7200,1.0
436084,436090,436091,6,1,2,7200,1.0
436094,436100,436101,6,1,2,7200,1.0
436105,436111,436112,6,1,2,7200,1.0
436115,436121,436122,6,1,2,7200,1.0
436126,436132,436133,6,1,2,7200,1.0
436136,436142,436143,6,1,2,7200,1.0
436147,436153,436154,6,1,2,7200,1.0
436157,436164,436165,7,1,2,7200,1.0
436168,436174,436175,6,1,2,7200,1.0
436178,436185,436186,7,1,2,7200,1.0
436189,436195,436196,6,1,2,7200,1.0
436199,436206,436207,7,1,2,7200,1.0
436210,436216,436217,6,1,2,7200,1.0
436220,436227,436228,7,1,2,7200,1.0
436231,436237,436238,6,1,2,7200,1.0
436241,436247,436248,6,1,2,7200,1.0
436252,436258,436259,6,1,2,7200,1.0
436262,436268,436269,6,1,2,7200,1.0
436273,436279,436280,6,1,2,7200,1.0
436283,436289,436290,6,1,2,7200,1.0
436294,436300,436301,6,1,2,7200,1.0
436299,442866,622895,6567,180029,4,180000,1.03647745641
436304,436311,436312,7,1,2,7200,1.0
436315,436321,436322,6,1,2,7200,1.0
436325,436332,436333,7,1,2,7200,1.0
436336,436342,436343,6,1,2,7200,1.0
436346,436353,436354,7,1,2,7200,1.0
436357,436363,436364,6,1,2,7200,1.0
436367,436374,436375,7,1,2,7200,1.0
436379,436385,436386,6,1,2,7200,1.0
436389,436395,436396,6,1,2,7200,1.0
436400,436406,436407,6,1,2,7200,1.0
436410,436417,436418,7,1,2,7200,1.0
436421,436427,436428,6,1,2,7200,1.0
436432,436438,436439,6,1,2,7200,1.0
436442,436448,436449,6,1,2,7200,1.0
436453,436459,436460,6,1,2,7200,1.0
436463,436469,436470,6,1,2,7200,1.0
436474,436480,436481,6,1,2,7200,1.0
436484,436490,436491,6,1,2,7200,1.0
436505,436511,436512,6,1,2,7200,1.0
436516,436522,436523,6,1,2,7200,1.0
436526,436532,436533,6,1,2,7200,1.0
436537,436543,436544,6,1,2,7200,1.0
436547,436553,436554,6,1,2,7200,1.0
436558,436564,436565,6,1,2,7200,1.0
436568,436574,436575,6,1,2,7200,1.0
436579,436585,436586,6,1,2,7200,1.0
436589,436595,436596,6,1,2,7200,1.0
436599,436606,436607,7,1,2,7200,1.0
436610,436616,436617,6,1,2,7200,1.0
436620,436627,436628,7,1,2,7200,1.0
436631,436637,436638,6,1,2,7200,1.0
436643,436648,436649,5,1,2,7200,1.0
436664,436670,436671,6,1,2,7200,1.0
436674,436681,436682,7,1,2,7200,1.0
436685,436691,436692,6,1,2,7200,1.0
436695,436701,436702,6,1,2,7200,1.0
436706,436712,436713,6,1,2,7200,1.0
436716,436722,436723,6,1,2,7200,1.0
436727,436734,436735,7,1,2,7200,1.0
436737,436743,436744,6,1,2,7200,1.0
436748,436754,436755,6,1,2,7200,1.0
436758,436765,436766,7,1,2,7200,1.0
436769,436775,436776,6,1,2,7200,1.0
436779,436785,436786,6,1,2,7200,1.0
436790,436796,436797,6,1,2,7200,1.0
436800,436806,436807,6,1,2,7200,1.0
436811,436817,436818,6,1,2,7200,1.0
436821,436827,436828,6,1,2,7200,1.0
436832,436838,436839,6,1,2,7200,1.0
436842,436849,436850,7,1,2,7200,1.0
436853,436859,436860,6,1,2,7200,1.0
436863,436870,436871,7,1,2,7200,1.0
436874,436880,436881,6,1,2,7200,1.0
436884,436891,436892,7,1,2,7200,1.0
436886,442876,442879,5990,3,4,180000,599.3
436895,436901,436902,6,1,2,7200,1.0
436905,436911,436912,6,1,2,7200,1.0
436916,436922,436923,6,1,2,7200,1.0
436926,436932,436933,6,1,2,7200,1.0
436937,436943,436944,6,1,2,7200,1.0
436947,436954,436955,7,1,2,7200,1.0
436958,436964,436965,6,1,2,7200,1.0
436968,436974,436975,6,1,2,7200,1.0
436979,436985,436986,6,1,2,7200,1.0
436989,436996,436997,7,1,2,7200,1.0
437000,437006,437007,6,1,2,7200,1.0
437010,437017,437018,7,1,2,7200,1.0
437021,437027,437028,6,1,2,7200,1.0
437031,437038,437039,7,1,2,7200,1.0
437042,437048,437049,6,1,2,7200,1.0
437052,437059,437060,7,1,2,7200,1.0
437063,437069,437070,6,1,2,7200,1.0
437073,437079,437080,6,1,2,7200,1.0
437084,437090,437091,6,1,2,7200,1.0
437094,437100,437101,6,1,2,7200,1.0
437105,437111,437112,6,1,2,7200,1.0
437115,437121,437122,6,1,2,7200,1.0
437126,437132,437133,6,1,2,7200,1.0
437136,437142,437143,6,1,2,7200,1.0
437147,437153,437154,6,1,2,7200,1.0
437157,437163,437164,6,1,2,7200,1.0
437168,437174,437175,6,1,2,7200,1.0
437178,437184,437185,6,1,2,7200,1.0
437189,437195,437196,6,1,2,7200,1.0
437199,437205,437206,6,1,2,7200,1.0
437210,437216,437217,6,1,2,7200,1.0
437220,437226,437227,6,1,2,7200,1.0
437231,437237,437238,6,1,2,7200,1.0
437241,437247,437248,6,1,2,7200,1.0
437252,437258,437259,6,1,2,7200,1.0
437262,437286,437287,24,1,2,7200,2.5
437283,437292,437293,9,1,2,7200,1.0
437293,437300,437301,7,1,2,7200,1.0
437304,437310,437311,6,1,2,7200,1.0
437314,437321,437322,7,1,2,7200,1.0
437325,437331,437332,6,1,2,7200,1.0
437335,437342,437343,7,1,2,7200,1.0
437346,437352,437353,6,1,2,7200,1.0
437356,437362,437363,6,1,2,7200,1.0
437367,437373,437374,6,1,2,7200,1.0
437377,437384,437385,7,1,2,7200,1.0
437388,437394,437395,6,1,2,7200,1.0
437399,437405,437406,6,1,2,7200,1.0
437409,437415,437416,6,1,2,7200,1.0
437420,437426,437427,6,1,2,7200,1.0
437430,437436,437437,6,1,2,7200,1.0
437441,437447,437448,6,1,2,7200,1.0
437451,437457,437458,6,1,2,7200,1.0
437462,437468,437469,6,1,2,7200,1.0
437472,437478,437479,6,1,2,7200,1.0
437483,437489,437490,6,1,2,7200,1.0
437493,437499,437500,6,1,2,7200,1.0
437504,437510,437511,6,1,2,7200,1.0
437514,437520,437521,6,1,2,7200,1.0
437525,437531,437532,6,1,2,7200,1.0
437535,437541,437542,6,1,2,7200,1.0
437546,437552,437553,6,1,2,7200,1.0
437556,437562,437563,6,1,2,7200,1.0
437567,437573,437574,6,1,2,7200,1.0
437577,437583,437584,6,1,2,7200,1.0
437588,437594,437595,6,1,2,7200,1.0
437598,437604,437605,6,1,2,7200,1.0
437609,437615,437616,6,1,2,7200,1.0
437619,437625,437626,6,1,2,7200,1.0
437630,437636,437637,6,1,2,7200,1.0
437640,437646,437647,6,1,2,7200,1.0
437651,437657,437658,6,1,2,7200,1.0
437661,437667,437668,6,1,2,7200,1.0
437672,437678,437679,6,1,2,7200,1.0
437682,437688,437689,6,1,2,7200,1.0
437693,437699,437700,6,1,2,7200,1.0
437703,437709,437710,6,1,2,7200,1.0
437714,437720,437721,6,1,2,7200,1.0
437724,437730,437731,6,1,2,7200,1.0
437735,437741,437742,6,1,2,7200,1.0
437745,437751,437752,6,1,2,7200,1.0
437755,437762,437763,7,1,2,7200,1.0
437766,437772,437773,6,1,2,7200,1.0
437776,437783,437784,7,1,2,7200,1.0
437787,437793,437794,6,1,2,7200,1.0
437797,437804,437805,7,1,2,7200,1.0
437808,437814,437815,6,1,2,7200,1.0
437819,437825,437826,6,1,2,7200,1.0
437829,437835,437836,6,1,2,7200,1.0
437839,437846,437847,7,1,2,7200,1.0
437851,437857,437858,6,1,2,7200,1.0
437862,437868,437869,6,1,2,7200,1.0
437872,437878,437879,6,1,2,7200,1.0
437883,437889,437890,6,1,2,7200,1.0
437893,437899,437900,6,1,2,7200,1.0
437904,437910,437911,6,1,2,7200,1.0
437914,437920,437921,6,1,2,7200,1.0
437925,437931,437932,6,1,2,7200,1.0
437935,437941,437942,6,1,2,7200,1.0
437946,437952,437953,6,1,2,7200,1.0
437956,437962,437963,6,1,2,7200,1.0
437967,437973,437974,6,1,2,7200,1.0
437977,437983,437984,6,1,2,7200,1.0
437988,437994,437995,6,1,2,7200,1.0
437998,438004,438005,6,1,2,7200,1.0
438009,438015,438016,6,1,2,7200,1.0
438019,438025,438026,6,1,2,7200,1.0
438030,438036,438037,6,1,2,7200,1.0
438040,438046,438047,6,1,2,7200,1.0
438051,438057,438058,6,1,2,7200,1.0
438061,438067,438068,6,1,2,7200,1.0
438072,438078,438079,6,1,2,7200,1.0
438082,438088,438089,6,1,2,7200,1.0
438093,438099,438100,6,1,2,7200,1.0
438103,438109,438110,6,1,2,7200,1.0
438114,438120,438121,6,1,2,7200,1.0
438124,438130,438131,6,1,2,7200,1.0
438135,438141,438142,6,1,2,7200,1.0
438145,438151,438152,6,1,2,7200,1.0
438156,438162,438163,6,1,2,7200,1.0
438166,438172,438173,6,1,2,7200,1.0
438177,438183,438184,6,1,2,7200,1.0
438187,438193,438194,6,1,2,7200,1.0
438198,438204,438205,6,1,2,7200,1.0
438208,438214,438215,6,1,2,7200,1.0
438219,438225,438226,6,1,2,7200,1.0
438229,438235,438236,6,1,2,7200,1.0
438240,438246,438247,6,1,2,7200,1.0
438250,438256,438257,6,1,2,7200,1.0
438261,438267,438268,6,1,2,7200,1.0
438271,438277,438278,6,1,2,7200,1.0
438282,438288,438289,6,1,2,7200,1.0
438292,438298,438299,6,1,2,7200,1.0
438303,438309,438310,6,1,2,7200,1.0
438313,438319,438320,6,1,2,7200,1.0
438324,438330,438331,6,1,2,7200,1.0
438334,438340,438341,6,1,2,7200,1.0
438345,438351,438352,6,1,2,7200,1.0
438355,438361,438362,6,1,2,7200,1.0
438366,438372,438373,6,1,2,7200,1.0
438376,438382,438383,6,1,2,7200,1.0
438387,438393,438394,6,1,2,7200,1.0
438397,438403,438404,6,1,2,7200,1.0
438408,438414,438415,6,1,2,7200,1.0
438418,438424,438425,6,1,2,7200,1.0
438429,438435,438436,6,1,2,7200,1.0
438439,438445,438446,6,1,2,7200,1.0
438450,438456,438457,6,1,2,7200,1.0
438460,438466,438467,6,1,2,7200,1.0
438471,438477,438478,6,1,2,7200,1.0
438481,438487,438488,6,1,2,7200,1.0
438492,438498,438499,6,1,2,7200,1.0
438502,438508,438509,6,1,2,7200,1.0
438513,438519,438520,6,1,2,7200,1.0
438523,438529,438530,6,1,2,7200,1.0
438534,438540,438541,6,1,2,7200,1.0
438544,438550,438551,6,1,2,7200,1.0
438555,438561,438562,6,1,2,7200,1.0
438565,438571,438572,6,1,2,7200,1.0
438576,438582,438583,6,1,2,7200,1.0
438586,438592,438593,6,1,2,7200,1.0
438597,438603,438604,6,1,2,7200,1.0
438607,438613,438614,6,1,2,7200,1.0
438618,438624,438625,6,1,2,7200,1.0
438628,438634,438635,6,1,2,7200,1.0
438639,438645,438646,6,1,2,7200,1.0
438649,438655,438656,6,1,2,7200,1.0
438660,438666,438667,6,1,2,7200,1.0
438670,438676,438677,6,1,2,7200,1.0
438681,438687,438688,6,1,2,7200,1.0
438691,438697,438698,6,1,2,7200,1.0
438702,438708,438709,6,1,2,7200,1.0
438712,438718,438719,6,1,2,7200,1.0
438723,438729,438730,6,1,2,7200,1.0
438733,438739,438740,6,1,2,7200,1.0
438744,438750,438751,6,1,2,7200,1.0
438754,438760,438761,6,1,2,7200,1.0
438765,438771,438772,6,1,2,7200,1.0
438775,438781,438782,6,1,2,7200,1.0
438786,438792,438793,6,1,2,7200,1.0
438796,438802,438803,6,1,2,7200,1.0
438807,438813,438814,6,1,2,7200,1.0
438817,438823,438824,6,1,2,7200,1.0
438828,438834,438835,6,1,2,7200,1.0
438838,438844,438845,6,1,2,7200,1.0
438849,438855,438856,6,1,2,7200,1.0
438859,438865,438866,6,1,2,7200,1.0
438870,438876,438877,6,1,2,7200,1.0
438880,438886,438887,6,1,2,7200,1.0
438891,438897,438898,6,1,2,7200,1.0
438901,438907,438908,6,1,2,7200,1.0
438912,438918,438919,6,1,2,7200,1.0
438922,438928,438929,6,1,2,7200,1.0
438932,438939,438940,7,1,2,7200,1.0
438943,438949,438950,6,1,2,7200,1.0
438953,438960,438961,7,1,2,7200,1.0
439075,442890,466730,3815,23840,2,36000,1.16002516779
441241,441247,441416,6,169,1,3600,1.03550295858
441601,441607,441938,6,331,1,3600,1.01812688822
442289,442295,443107,6,812,1,3600,1.00738916256
444131,444772,444854,641,82,14,9960,8.81707317073
444325,444331,444442,6,111,1,3600,1.05405405405
444605,444611,444915,6,304,1,3600,1.01973684211
444830,444836,445006,6,170,1,3600,1.03529411765
444853,444859,444876,6,17,1,900,1.35294117647
444870,444876,444973,6,97,14,9960,1.0618556701
444971,444977,444984,6,7,1,900,1.3
444981,444987,445093,6,106,14,9960,1.05660377358
445091,445097,445103,6,6,1,900,1.2
445100,445107,445249,7,142,14,9960,1.04929577465
445172,445178,445518,6,340,1,3600,1.01764705882
445246,445253,445260,7,7,1,900,1.4
445253,445259,445422,6,163,14,9960,1.03680981595
445365,445371,445970,6,599,1,3600,1.01001669449
445420,445426,445432,6,6,1,900,1.2
445427,445433,445603,6,170,14,9960,1.03529411765
445601,445607,445618,6,11,1,900,1.54545454545
445611,445617,445786,6,169,14,9960,1.03550295858
445784,445790,445796,6,6,1,900,1.2
445792,445797,445993,5,196,14,9960,1.02551020408
445876,445882,446714,6,832,1,3600,1.00721153846
445991,445997,446004,6,7,1,900,1.3
446003,446009,446177,6,168,14,9960,1.03571428571
446175,446181,446190,6,9,1,900,1.5
446184,446190,446343,6,153,14,9960,1.03921568627
446341,446348,446354,7,6,1,900,1.3
446348,446354,446509,6,155,14,9960,1.03870967742
446507,446513,446521,6,8,1,900,1.4
446515,446520,446674,5,154,14,9960,1.03246753247
446672,446678,446684,6,6,1,900,1.2
446679,446685,446828,6,143,14,9960,1.04195804196
446826,446832,446838,6,6,1,900,1.2
446837,446843,447009,6,166,14,9960,1.03614457831
447007,447013,447029,6,16,1,900,1.375
447013,447019,447112,6,93,14,9960,1.06451612903
447110,447116,447121,6,5,1,900,1.1
447118,447124,447282,6,158,14,9960,1.03797468354
447280,447286,447293,6,7,1,900,1.3
447287,447293,447459,6,166,14,9960,1.03614457831
447455,447462,447475,7,13,1,900,1.53846153846
447475,447481,447632,6,151,14,9960,1.03973509934
447630,447636,447642,6,6,1,900,1.2
447639,447645,447820,6,175,14,9960,1.03428571429
447818,447824,447830,6,6,1,900,1.2
447827,447833,447998,6,165,14,9960,1.03636363636
447946,447952,448060,6,108,1,3600,1.05555555556
447995,448001,448007,6,6,1,900,1.2
448004,448009,448208,5,199,14,9960,1.02512562814
448205,448212,448219,7,7,1,900,1.4
448220,448226,448386,6,160,14,9960,1.0375
448235,448241,448543,6,302,1,3600,1.01986754967
448384,448390,448396,6,6,1,900,1.2
448391,448397,448559,6,162,14,9960,1.03703703704
448530,448536,448650,6,114,1,1800,1.05263157895
448557,448564,448575,7,11,1,900,1.63636363636
448568,448574,448782,6,208,14,9960,1.02884615385
448780,448786,448795,6,9,1,900,1.5
448791,448797,448970,6,173,14,9960,1.03468208092
448952,448958,449084,6,126,1,1800,1.04761904762
448967,448974,449024,7,50,1,900,1.14
448991,448998,449163,7,165,14,9960,1.04242424242
449003,449009,449623,6,614,1,3600,1.00977198697
449161,449167,449174,6,7,1,900,1.3
449171,449177,449373,6,196,14,9960,1.0306122449
449371,449378,449386,7,8,1,900,1.5
449379,449385,449563,6,178,14,9960,1.03370786517
449561,449567,449574,6,7,1,900,1.3
449569,449574,449738,5,164,14,9960,1.03048780488
449736,449742,449749,6,7,1,900,1.3
449746,449752,450339,6,587,1,1800,1.01022146508
449747,449758,449920,11,162,14,9960,1.06790123457
449918,449925,449933,7,8,1,900,1.5
449925,449931,450144,6,213,14,9960,1.02816901408
450142,450148,450158,6,10,1,900,1.6
450149,450155,450317,6,162,14,9960,1.03703703704
450314,450320,450333,6,13,1,900,1.46153846154
450324,450331,450531,7,200,14,9960,1.035
450529,450535,450544,6,9,1,900,1.5
450541,450547,450720,6,173,14,9960,1.03468208092
450720,450726,450739,6,13,1,900,1.46153846154
450731,450737,450942,6,205,14,9960,1.02926829268
450940,450946,450954,6,8,1,900,1.4
450948,450954,451222,6,268,14,9960,1.0223880597
451219,451225,451231,6,6,1,900,1.2
451229,451235,451395,6,160,14,9960,1.0375
451394,451400,451406,6,6,1,900,1.2
451403,451409,451568,6,159,14,9960,1.03773584906
451566,451572,451579,6,7,1,900,1.3
451575,451581,451847,6,266,14,9960,1.02255639098
451845,451851,451899,6,48,1,900,1.125
451902,451908,452162,6,254,14,9960,1.02362204724
452041,452047,452102,6,55,1,1800,1.10909090909
452160,452166,452172,6,6,1,900,1.2
452171,452177,452432,6,255,14,9960,1.02352941176
452213,452219,452328,6,109,1,1800,1.05504587156
452405,452412,452494,7,82,1,1800,1.08536585366
452431,452438,452455,7,17,1,900,1.41176470588
452449,452455,452626,6,171,14,9960,1.0350877193
452624,452630,452637,6,7,1,900,1.3
452633,452640,452803,7,163,14,9960,1.04294478528
452650,452657,452759,7,102,1,1800,1.06862745098
452803,452809,452814,6,5,1,900,1.1
452812,452819,453081,7,262,14,9960,1.02671755725
453080,453086,453092,6,6,1,900,1.2
453089,453096,453354,7,258,14,9960,1.02713178295
453314,453320,453616,6,296,1,1800,1.02027027027
453353,453359,453374,6,15,1,900,1.4
453362,453368,453640,6,272,14,9960,1.02205882353
453423,453429,453973,6,544,1,1800,1.01102941176
453639,453645,453652,6,7,1,900,1.3
453653,453659,453901,6,242,14,9960,1.02479338843
453899,453905,453920,6,15,1,900,1.4
453906,453912,454183,6,271,14,9960,1.0221402214
454180,454187,454194,7,7,1,900,1.4
454192,454198,454492,6,294,14,9960,1.02040816327
454489,454495,454502,6,7,1,900,1.3
454496,454502,454791,6,289,14,9960,1.02076124567
454790,454796,454802,6,6,1,900,1.2
454798,454804,455105,6,301,14,9960,1.01993355482
455103,455109,455118,6,9,1,900,1.5
455109,455115,455223,6,108,14,9960,1.05555555556
455221,455227,455228,6,1,1,900,1.0
455704,455710,455759,6,49,1,1800,1.12244897959
456084,456090,456164,6,74,1,1800,1.08108108108
456714,456720,459677,6,2957,6,3000,1.00202908353
456724,456731,459010,7,2279,6,3000,1.0030715226
456735,456741,459092,6,2351,6,3000,1.00255210549
456746,456752,458006,6,1254,6,3000,1.004784689
456756,456762,458109,6,1347,6,3000,1.00445434298
456767,456773,457985,6,1212,6,3000,1.00495049505
456778,456784,457971,6,1187,6,3000,1.0050547599
456788,456794,457937,6,1143,6,3000,1.00524934383
456799,456805,458510,6,1705,6,3000,1.00351906158
456809,456816,459654,7,2838,6,3000,1.00246652572
456820,456826,458312,6,1486,6,3000,1.00403768506
456831,456837,458040,6,1203,6,3000,1.00498753117
456841,456847,458001,6,1154,6,3000,1.00519930676
456852,456858,458050,6,1192,6,3000,1.00503355705
456863,456869,459072,6,2203,6,3000,1.00272355878
456873,456879,458045,6,1166,6,3000,1.0051457976
456884,456890,458024,6,1134,6,3000,1.00529100529
456894,456901,458111,7,1210,6,3000,1.00578512397
456905,456911,458088,6,1177,6,3000,1.00509770603
456916,456924,458382,8,1458,6,3000,1.00548696845
456926,456933,458251,7,1318,6,3000,1.00531107739
456937,456943,458348,6,1405,6,3000,1.00427046263
456948,456954,458100,6,1146,6,3000,1.00523560209
456959,456965,458115,6,1150,6,3000,1.0052173913
456969,456975,458370,6,1395,6,3000,1.00430107527
456980,456986,458367,6,1381,6,3000,1.00434467777
456990,456997,458719,7,1722,6,3000,1.00406504065
457001,457007,458539,6,1532,6,3000,1.00391644909
457012,457018,458416,6,1398,6,3000,1.00429184549
457022,457029,458433,7,1404,6,3000,1.00498575499
457033,457948,459345,915,1397,6,3000,1.65497494631
457113,457119,457420,6,301,1,1800,1.01993355482
457951,457982,459620,31,1638,6,3000,1.01892551893
457982,457997,460029,15,2032,6,3000,1.00738188976
457993,458013,459372,20,1359,6,3000,1.01471670346
460477,460483,460544,6,61,2,1800,1.09836065574
460478,460509,460592,31,83,2,1800,1.3734939759
460478,460499,460581,21,82,2,1800,1.25609756098
460478,460504,460576,26,72,2,1800,1.36111111111
460478,460488,460560,10,72,2,1800,1.13888888889
460478,460494,460555,16,61,2,1800,1.26229508197
460479,460525,460621,46,96,2,1800,1.47916666667
460479,460520,460623,41,103,2,1800,1.39805825243
460479,460535,460639,56,104,2,1800,1.53846153846
460479,460515,460611,36,96,2,1800,1.375
460479,460530,460624,51,94,2,1800,1.54255319149
460480,460546,460638,66,92,2,1800,1.71739130435
460480,460561,460643,81,82,2,1800,1.98780487805
460480,460540,460644,60,104,2,1800,1.57692307692
460480,460551,460647,71,96,2,1800,1.73958333333
460480,460556,460648,76,92,2,1800,1.82608695652
460481,460572,460654,91,82,2,1800,2.10975609756
460481,460566,460650,85,84,2,1800,2.0119047619
460481,460577,460650,96,73,2,1800,2.31506849315
460481,460582,460655,101,73,2,1800,2.38356164384
460713,460719,460740,6,21,2,1800,1.28571428571
460713,460724,460755,11,31,2,1800,1.35483870968
460714,460740,460771,26,31,2,1800,1.83870967742
460714,460735,460770,21,35,2,1800,1.6
460714,460729,460760,15,31,2,1800,1.48387096774
460715,460756,460797,41,41,2,1800,2.0
460715,460761,460802,46,41,2,1800,2.12195121951
460715,460750,460792,35,42,2,1800,1.83333333333
460715,460745,460781,30,36,2,1800,1.83333333333
460715,460766,460834,51,68,2,1800,1.75
460716,460782,460836,66,54,2,1800,2.22222222222
460716,460771,460841,55,70,2,1800,1.78571428571
460716,460776,460828,60,52,2,1800,2.15384615385
460716,460792,460845,76,53,2,1800,2.43396226415
460716,460787,460839,71,52,2,1800,2.36538461538
460717,460813,460856,96,43,2,1800,3.23255813953
460717,460807,460851,90,44,2,1800,3.04545454545
460717,460802,460847,85,45,2,1800,2.88888888889
460717,460797,460850,80,53,2,1800,2.50943396226
460718,460818,460856,100,38,2,1800,3.63157894737
461831,461837,461912,6,75,6,3000,1.08
461841,461848,461912,7,64,6,3000,1.109375
461852,461858,461912,6,54,6,3000,1.11111111111
461863,461869,461912,6,43,6,3000,1.13953488372
461873,461879,461912,6,33,6,3000,1.18181818182
461884,461890,461912,6,22,6,3000,1.27272727273
461894,461901,461912,7,11,6,3000,1.63636363636
461956,461962,465336,6,3374,6,7500,1.00177830468
461967,461973,464769,6,2796,6,7500,1.00214592275
461977,461984,465483,7,3499,6,7500,1.00200057159
461988,461994,465117,6,3123,6,7500,1.00192122959
461999,462005,465331,6,3326,6,7500,1.00180396873
462009,462015,464907,6,2892,6,7500,1.0020746888
462020,462026,464845,6,2819,6,7500,1.00212841433
462030,462037,465294,7,3257,6,7500,1.00214921707
462041,462047,465700,6,3653,6,7500,1.00164248563
462052,462058,465991,6,3933,6,7500,1.00152555301
462062,462068,465494,6,3426,6,7500,1.00175131349
462073,462079,465629,6,3550,6,7500,1.00169014085
462083,462090,464909,7,2819,6,7500,1.00248315005
462094,462100,465027,6,2927,6,7500,1.00204988042
462105,462111,465034,6,2923,6,7500,1.0020526856
462115,462121,464897,6,2776,6,7500,1.00216138329
462122,462128,462363,6,235,2,3600,1.02553191489
462126,462134,464953,8,2819,6,7500,1.00283788578
462136,462143,466074,7,3931,6,7500,1.00178071737
462147,462153,465544,6,3391,6,7500,1.00176938956
462158,462164,465420,6,3256,6,7500,1.00184275184
462163,462170,462434,7,264,8,3000,1.02651515152
462168,462176,465108,8,2932,6,7500,1.00272851296
462173,462182,462415,9,233,8,3000,1.03862660944
462179,462188,465819,9,3631,6,7500,1.00247865602
462184,462194,462437,10,243,8,3000,1.04115226337
462189,462201,466096,12,3895,6,7500,1.00308087291
462201,462207,465072,6,2865,6,7500,1.00209424084
462205,462213,462464,8,251,8,3000,1.03187250996
462212,462219,465092,7,2873,6,7500,1.00243647755
462216,462225,462478,9,253,8,3000,1.03557312253
462222,462231,465568,9,3337,6,7500,1.00269703326
462226,462374,462750,148,376,8,3000,1.39361702128
462370,462427,462675,57,248,8,3000,1.22983870968
462425,462445,465250,20,2805,6,7500,1.00713012478
462441,462451,462688,10,237,8,3000,1.04219409283
462447,462476,466049,29,3573,6,7500,1.00811642877
462473,462490,462747,17,257,8,3000,1.06614785992
462489,462686,466073,197,3387,6,7500,1.05816356658
462684,462692,465612,8,2920,6,7500,1.00273972603
462688,462704,462943,16,239,8,3000,1.06694560669
462705,462758,466507,53,3749,6,7500,1.01413710323
462757,462764,466410,7,3646,6,7500,1.00191991223
462760,462954,463198,194,244,8,3000,1.79508196721
462954,463210,463467,256,257,8,3000,1.99610894942
463209,463478,463728,269,250,8,3000,2.076
463475,463739,463991,264,252,8,3000,2.04761904762
463738,464002,467359,264,3357,6,7500,1.07864164433
464004,464010,466916,6,2906,6,7500,1.00206469374
464006,464857,465074,851,217,8,3000,4.92165898618
464853,464908,465160,55,252,8,3000,1.21825396825
464853,464918,467741,65,2823,6,7500,1.02302515055
464915,464964,471745,49,6781,6,7500,1.00722607285
464915,464924,465211,9,287,8,3000,1.03135888502
464966,465045,465296,79,251,8,3000,1.31474103586
464966,465084,468375,118,3291,6,7500,1.03585536311
465021,465090,479359,69,14269,2,72000,1.00483565772
465089,465096,465344,7,248,8,3000,1.02822580645
465089,465104,467979,15,2875,6,7500,1.0052173913
465100,465119,465396,19,277,8,3000,1.06859205776
465100,465128,468149,28,3021,6,7500,1.00926845415
465131,465172,465427,41,255,8,3000,1.16078431373
465131,465222,468035,91,2813,6,7500,1.03234980448
465223,465261,465509,38,248,8,3000,1.15322580645
465223,465305,468328,82,3023,6,7500,1.02712537215
465305,465311,465550,6,239,8,3000,1.02510460251
465305,465342,469518,37,4176,6,7500,1.00886015326
465347,465360,470985,13,5625,6,7500,1.00231111111
465347,465355,465604,8,249,8,3000,1.03212851406
465357,465407,468620,50,3213,6,7500,1.01556178027
465409,465431,465711,22,280,8,3000,1.07857142857
465409,465438,468487,29,3049,6,7500,1.00951131519
465440,465494,465767,54,273,8,3000,1.1978021978
465440,465505,468346,65,2841,6,7500,1.02287926786
465502,465555,468830,53,3275,6,7500,1.01618320611
465502,465520,465774,18,254,8,3000,1.07086614173
465553,465579,468603,26,3024,6,7500,1.0085978836
465553,465562,465815,9,253,8,3000,1.03557312253
465584,465615,465857,31,242,8,3000,1.12809917355
465584,465623,468449,39,2826,6,7500,1.01380042463
465625,465723,468764,98,3041,6,7500,1.03222624137
465625,465712,465949,87,237,8,3000,1.36708860759
465726,465732,523359,6,57627,1,57600,1.00010411786
465728,465738,468560,10,2822,6,7500,1.00354358611
465728,465778,466027,50,249,8,3000,1.20080321285
465779,465826,468620,47,2794,6,7500,1.01682176092
465780,465786,466057,6,271,8,3000,1.0221402214
465806,465813,469650,7,3837,1,57600,1.00182434193
465831,465837,470633,6,4796,6,7500,1.00125104254
465841,465960,469017,119,3057,6,7500,1.03892705267
465842,465869,466316,27,447,8,3000,1.06040268456
465952,465965,466792,13,827,2,28800,1.01571946796
465964,466038,469687,74,3649,6,7500,1.02027952864
465964,466003,466305,39,302,8,3000,1.12913907285
466036,466061,466301,25,240,8,3000,1.10416666667
466036,466069,468842,33,2773,6,7500,1.01190046881
466067,466090,469573,23,3483,6,7500,1.00660350273
466067,466084,466394,17,310,8,3000,1.05483870968
466088,466312,466566,224,254,8,3000,1.88188976378
466088,466108,469461,20,3353,6,7500,1.00596480763
466313,466318,466578,5,260,8,3000,1.01923076923
466313,466328,469134,15,2806,6,7500,1.00534568781
466323,466405,466648,82,243,8,3000,1.33744855967
466405,466422,466671,17,249,8,3000,1.06827309237
466405,466518,469876,113,3358,6,7500,1.03365098273
466518,466577,466859,59,282,8,3000,1.20921985816
466518,466589,470043,71,3454,6,7500,1.02055587724
466590,466659,466907,69,248,8,3000,1.27822580645
466590,466682,469574,92,2892,6,7500,1.03181189488
466682,466804,470256,122,3452,6,7500,1.03534183082
466805,466870,470264,65,3394,6,7500,1.01915144372
466867,466918,469981,51,3063,6,7500,1.0166503428
466918,466927,469990,9,3063,6,7500,1.00293829579
466929,467640,471143,711,3503,6,7500,1.20296888381
466930,467371,467629,441,258,8,3000,2.70930232558
467636,467752,468044,116,292,8,3000,1.39726027397
467749,467990,468250,241,260,8,3000,1.92692307692
467836,468577,516400,741,47823,1,90000,1.01549463647
467863,468858,511350,995,42492,1,90000,1.02341617246
467880,468864,544314,984,75450,1,90000,1.0130417495
467927,468060,471048,133,2988,2,28800,1.04451137885
467991,468046,470922,55,2876,6,7500,1.01912378303
468042,468055,471365,13,3310,6,7500,1.00392749245
468053,468160,471042,107,2882,6,7500,1.03712699514
468155,468262,471660,107,3398,6,7500,1.03148911124
468258,468340,471089,82,2749,6,7500,1.02982902874
468340,468357,471466,17,3109,6,7500,1.00546799614
468361,468387,471803,26,3416,6,7500,1.00761124122
468392,468460,468699,68,239,8,3000,1.28451882845
468392,468498,471512,106,3014,6,7500,1.03516921035
468495,468572,468815,77,243,8,3000,1.31687242798
468495,468614,472342,119,3728,6,7500,1.03192060086
468618,468632,471568,14,2936,6,7500,1.00476839237
468628,468638,471443,10,2805,6,7500,1.00356506239
468639,468711,471509,72,2798,6,7500,1.02573266619
468709,468775,469084,66,309,8,3000,1.21359223301
468771,468826,469076,55,250,8,3000,1.22
468823,469029,472461,206,3432,6,7500,1.06002331002
468823,468853,469133,30,280,8,3000,1.10714285714
469028,469095,472192,67,3097,6,7500,1.0216338392
469028,469088,469366,60,278,8,3000,1.21582733813
469100,469144,474218,44,5074,6,7500,1.00867165944
469141,469150,472520,9,3370,6,7500,1.00267062315
469151,469377,469663,226,286,8,4500,1.79020979021
469151,469382,472238,231,2856,6,7500,1.08088235294
469256,471059,472434,1803,1375,2,28800,2.31127272727
469387,469472,473695,85,4223,6,7500,1.02012787118
469469,469529,473600,60,4071,6,7500,1.01473839352
469469,469584,469658,115,74,5,3600,2.55405405405
469581,469590,472398,9,2808,6,7500,1.00320512821
469592,469675,469749,83,74,5,3600,2.12162162162
469592,469669,473608,77,3939,6,7500,1.01954810866
469674,469760,469800,86,40,5,3600,3.15
469674,469698,473037,24,3339,6,7500,1.00718778077
469756,469887,469926,131,39,5,3600,4.35897435897
469756,469811,472620,55,2809,6,7500,1.01957992168
469889,469937,472847,48,2910,6,7500,1.01649484536
469941,469993,472988,52,2995,6,7500,1.01736227045
469992,470002,472827,10,2825,6,7500,1.00353982301
470003,470055,473529,52,3474,6,7500,1.01496833621
470054,470267,473247,213,2980,6,7500,1.07147651007
470269,470275,473687,6,3412,6,7500,1.00175849941
470271,470645,470714,374,69,5,3600,6.42028985507
470647,470730,474118,83,3388,6,7500,1.02449822904
470663,470725,474439,62,3714,1,3600,1.01669359181
470729,470933,474394,204,3461,6,7500,1.05894250217
470934,470996,474330,62,3334,6,7500,1.01859628074
470995,471053,474413,58,3360,6,7500,1.01726190476
471057,471101,473895,44,2794,6,7500,1.0157480315
471098,471154,474302,56,3148,6,7500,1.01778907243
471150,471269,474713,119,3444,6,7500,1.03455284553
471267,471376,471424,109,48,5,3600,3.27083333333
471375,471435,475770,60,4335,6,7500,1.01384083045
471433,471455,471519,22,64,5,3600,1.34375
471454,471461,471530,7,69,5,3600,1.10144927536
471457,471477,474412,20,2935,6,7500,1.00681431005
471475,471521,471584,46,63,5,3600,1.73015873016
471519,471527,474746,8,3219,6,7500,1.00248524386
471526,471533,471580,7,47,5,3600,1.14893617021
471529,471542,474902,13,3360,6,7500,1.00386904762
471540,471579,476025,39,4446,6,7500,1.00877192982
471578,471591,471667,13,76,5,3600,1.17105263158
471588,471597,471647,9,50,5,3600,1.18
471599,471658,471731,59,73,5,3600,1.80821917808
471661,471671,471716,10,45,5,3600,1.22222222222
471671,471678,471723,7,45,5,3600,1.15555555556
471682,471727,471770,45,43,5,3600,2.04651162791
471723,471734,471781,11,47,5,3600,1.23404255319
471734,471742,471812,8,70,5,3600,1.11428571429
471745,471756,475531,11,3775,6,7500,1.00291390728
471745,471781,471856,36,75,5,3600,1.48
471786,471791,474565,5,2774,6,7500,1.00180245133
471786,471814,471856,28,42,5,3600,1.66666666667
471817,471822,475198,5,3376,6,7500,1.00148104265
471817,471867,471910,50,43,5,3600,2.16279069767
471868,471921,474712,53,2791,6,7500,1.01898960946
471868,472202,472253,334,51,5,3600,7.54901960784
472136,472208,472485,72,277,1,600,1.25992779783
472206,472265,472341,59,76,5,3600,1.77631578947
472206,472249,475085,43,2836,6,7500,1.01516220028
472267,472358,472402,91,44,5,3600,3.06818181818
472267,472352,475295,85,2943,6,7500,1.0288820931
472359,472409,472453,50,44,5,3600,2.13636363636
472411,472417,475164,6,2747,6,7500,1.00218420095
472421,472464,472508,43,44,5,3600,1.97727272727
472421,472446,475808,25,3362,6,7500,1.00743604997
472463,472473,475344,10,2871,6,7500,1.00348310693
472463,472519,472566,56,47,5,3600,2.1914893617
472483,472497,473538,14,1041,1,900,1.01344860711
472524,472531,472605,7,74,5,3600,1.09459459459
472535,472577,472621,42,44,5,3600,1.95454545455
472576,472616,472664,40,48,5,3600,1.83333333333
472597,472636,472688,39,52,1,7200,1.75
472617,472631,472686,14,55,5,3600,1.25454545455
472628,472642,472704,14,62,5,3600,1.22580645161
472639,472675,472749,36,74,5,3600,1.48648648649
472680,472697,472749,17,52,5,3600,1.32692307692
472701,472716,472790,15,74,5,3600,1.2027027027
472711,472760,472835,49,75,5,3600,1.65333333333
472763,472769,472820,6,51,5,3600,1.11764705882
472773,472801,472848,28,47,5,3600,1.59574468085
472776,472848,473044,72,196,1,600,1.36734693878
472804,472831,472906,27,75,5,3600,1.36
472835,472842,472888,7,46,5,3600,1.15217391304
472846,472854,472924,8,70,5,3600,1.11428571429
472857,472863,472924,6,61,5,3600,1.09836065574
472867,472873,472920,6,47,5,3600,1.12765957447
472878,472899,472943,21,44,5,3600,1.47727272727
472882,472942,472989,60,47,1,7200,2.27659574468
472899,472917,472970,18,53,5,3600,1.33962264151
472920,472931,472976,11,45,5,3600,1.24444444444
472930,472937,472984,7,47,5,3600,1.14893617021
472941,472948,472993,7,45,5,3600,1.15555555556
472952,472958,473002,6,44,5,3600,1.13636363636
472962,472981,473030,19,49,5,3600,1.38775510204
472983,472989,473041,6,52,5,3600,1.11538461538
472994,472999,473048,5,49,5,3600,1.10204081633
473004,473010,473058,6,48,5,3600,1.125
473015,473021,473072,6,51,5,3600,1.11764705882
473026,473032,473088,6,56,5,3600,1.10714285714
473036,473042,473115,6,73,5,3600,1.08219178082
473047,473053,473100,6,47,5,3600,1.12765957447
473057,473064,473114,7,50,5,3600,1.14
473068,473074,473120,6,46,5,3600,1.13043478261
473079,473085,473132,6,47,5,3600,1.12765957447
473089,473095,473142,6,47,5,3600,1.12765957447
473093,473112,473113,19,1,1,600,2.0
473100,473106,473145,6,39,5,3600,1.15384615385
473110,473118,473166,8,48,5,3600,1.16666666667
473121,473127,473200,6,73,5,3600,1.08219178082
473132,473138,473217,6,79,5,3600,1.07594936709
473142,473149,473194,7,45,5,3600,1.15555555556
473153,473159,473234,6,75,5,3600,1.08
473164,473170,473211,6,41,5,3600,1.14634146341
473174,473180,473250,6,70,5,3600,1.08571428571
473183,473208,473390,25,182,1,7200,1.13736263736
473185,473191,473242,6,51,5,3600,1.11764705882
473196,473202,473246,6,44,5,3600,1.13636363636
473206,473214,473262,8,48,5,3600,1.16666666667
473217,473223,473263,6,40,5,3600,1.15
473227,473234,473278,7,44,5,3600,1.15909090909
473238,473244,473290,6,46,5,3600,1.13043478261
473249,473255,473296,6,41,5,3600,1.14634146341
473257,473264,476753,7,3489,1,7200,1.00200630553
473259,473270,473332,11,62,5,3600,1.17741935484
473270,473276,473318,6,42,5,3600,1.14285714286
473280,473287,473334,7,47,5,3600,1.14893617021
473291,473297,473345,6,48,5,3600,1.125
473302,473307,473355,5,48,5,3600,1.10416666667
473312,473318,473392,6,74,5,3600,1.08108108108
473323,473329,473373,6,44,5,3600,1.13636363636
473334,473340,473381,6,41,5,3600,1.14634146341
473344,473350,473398,6,48,5,3600,1.125
473355,473361,473409,6,48,5,3600,1.125
473365,473372,473415,7,43,5,3600,1.16279069767
473376,473382,473427,6,45,5,3600,1.13333333333
473387,473392,473438,5,46,5,3600,1.10869565217
473397,473403,473443,6,40,5,3600,1.15
473408,473414,473460,6,46,5,3600,1.13043478261
473419,473425,473468,6,43,5,3600,1.13953488372
473429,473437,473504,8,67,5,3600,1.11940298507
473440,473446,473520,6,74,5,3600,1.08108108108
473451,473457,473503,6,46,5,3600,1.13043478261
473461,473467,473541,6,74,5,3600,1.08108108108
473472,473478,473523,6,45,5,3600,1.13333333333
473482,473489,473535,7,46,5,3600,1.15217391304
473493,473499,473541,6,42,5,3600,1.14285714286
473504,473511,473557,7,46,5,3600,1.15217391304
473514,473520,473560,6,40,5,3600,1.15
473525,473530,473571,5,41,5,3600,1.12195121951
473536,473542,473592,6,50,5,3600,1.12
473546,473552,473593,6,41,5,3600,1.14634146341
473557,473563,473613,6,50,5,3600,1.12
473567,473573,473620,6,47,5,3600,1.12765957447
473571,473579,473582,8,3,1,600,1.1
473578,473585,473656,7,71,5,3600,1.0985915493
473589,473595,473640,6,45,5,3600,1.13333333333
473599,473605,473653,6,48,5,3600,1.125
473608,473615,475024,7,1409,1,3600,1.00496806246
473610,473621,473668,11,47,5,3600,1.23404255319
473620,473627,473673,7,46,5,3600,1.15217391304
473631,473637,473696,6,59,5,3600,1.10169491525
473642,473648,473693,6,45,5,3600,1.13333333333
473652,473658,473707,6,49,5,3600,1.12244897959
473663,473669,473717,6,48,5,3600,1.125
473673,473679,473722,6,43,5,3600,1.13953488372
473684,473690,473737,6,47,5,3600,1.12765957447
473695,473701,473746,6,45,5,3600,1.13333333333
473705,473712,473750,7,38,5,3600,1.18421052632
473716,473722,473769,6,47,5,3600,1.12765957447
473727,473732,473790,5,58,5,3600,1.08620689655
473737,473743,473816,6,73,5,3600,1.08219178082
473748,473754,473799,6,45,5,3600,1.13333333333
473759,473765,473805,6,40,5,3600,1.15
473769,473775,473846,6,71,5,3600,1.08450704225
473780,473789,473838,9,49,5,3600,1.18367346939
473790,473797,473843,7,46,5,3600,1.15217391304
473801,473807,473881,6,74,5,3600,1.08108108108
473812,473818,473866,6,48,5,3600,1.125
473822,473828,473869,6,41,5,3600,1.14634146341
473833,473839,473887,6,48,5,3600,1.125
473843,473849,473894,6,45,5,3600,1.13333333333
473854,473860,473906,6,46,5,3600,1.13043478261
473862,473869,473871,7,2,1,60,1.0
473865,473875,473947,10,72,5,3600,1.13888888889
473875,473881,473923,6,42,5,3600,1.14285714286
473886,473892,473959,6,67,5,3600,1.08955223881
473896,473903,473946,7,43,5,3600,1.16279069767
473907,473913,473957,6,44,5,3600,1.13636363636
473918,473924,473969,6,45,5,3600,1.13333333333
473928,473935,473979,7,44,5,3600,1.15909090909
473939,473945,474020,6,75,5,3600,1.08
473949,473956,474008,7,52,5,3600,1.13461538462
473960,473966,474005,6,39,5,3600,1.15384615385
473971,473977,474017,6,40,5,3600,1.15
473981,473987,474037,6,50,5,3600,1.12
473992,473998,474045,6,47,5,3600,1.12765957447
474002,474008,474053,6,45,5,3600,1.13333333333
474013,474019,474068,6,49,5,3600,1.12244897959
474024,474029,474105,5,76,5,3600,1.06578947368
474034,474040,474087,6,47,5,3600,1.12765957447
474045,474051,474095,6,44,5,3600,1.13636363636
474055,474061,474100,6,39,5,3600,1.15384615385
474066,474072,474132,6,60,5,3600,1.1
474077,474083,474133,6,50,5,3600,1.12
474087,474093,474140,6,47,5,3600,1.12765957447
474098,474104,474152,6,48,5,3600,1.125
474109,474115,474163,6,48,5,3600,1.125
474119,474125,474186,6,61,5,3600,1.09836065574
474130,474136,474183,6,47,5,3600,1.12765957447
474140,474146,474192,6,46,5,3600,1.13043478261
474151,474157,474202,6,45,5,3600,1.13333333333
474162,474168,474243,6,75,5,3600,1.08
474162,474173,481416,11,7243,1,7200,1.00151870772
474172,474179,474226,7,47,5,3600,1.14893617021
474183,474189,474228,6,39,5,3600,1.15384615385
474193,474199,474242,6,43,5,3600,1.13953488372
474204,474210,474252,6,42,5,3600,1.14285714286
474214,474221,474267,7,46,5,3600,1.15217391304
474225,474231,474309,6,78,5,3600,1.07692307692
474236,474242,474316,6,74,5,3600,1.08108108108
474247,474253,474302,6,49,5,3600,1.12244897959
474257,474263,474310,6,47,5,3600,1.12765957447
474268,474274,474319,6,45,5,3600,1.13333333333
474279,474285,474340,6,55,5,3600,1.10909090909
474289,474295,474342,6,47,5,3600,1.12765957447
474300,474307,474349,7,42,5,3600,1.16666666667
474311,474317,474391,6,74,5,3600,1.08108108108
474321,474327,474372,6,45,5,3600,1.13333333333
474332,474338,474380,6,42,5,3600,1.14285714286
474332,474343,474383,11,40,1,600,1.275
474343,474349,474420,6,71,5,3600,1.08450704225
474353,474359,474405,6,46,5,3600,1.13043478261
474364,474370,474415,6,45,5,3600,1.13333333333
474374,474381,474452,7,71,5,3600,1.0985915493
474385,474391,474466,6,75,5,3600,1.08
474396,474402,474452,6,50,5,3600,1.12
474406,474412,474486,6,74,5,3600,1.08108108108
474417,474423,474469,6,46,5,3600,1.13043478261
474427,474433,474479,6,46,5,3600,1.13043478261
474438,474444,474485,6,41,5,3600,1.14634146341
474449,474455,474498,6,43,5,3600,1.13953488372
474459,474465,474540,6,75,5,3600,1.08
474470,474476,474519,6,43,5,3600,1.13953488372
474480,474486,474529,6,43,5,3600,1.13953488372
474491,474497,474566,6,69,5,3600,1.08695652174
474501,474508,474550,7,42,5,3600,1.16666666667
474512,474518,474580,6,62,5,3600,1.09677419355
474523,474529,474573,6,44,5,3600,1.13636363636
474533,474539,474585,6,46,5,3600,1.13043478261
474544,474550,474599,6,49,5,3600,1.12244897959
474554,474560,474606,6,46,5,3600,1.13043478261
474565,474571,474644,6,73,5,3600,1.08219178082
474576,474582,474624,6,42,5,3600,1.14285714286
474586,474592,474636,6,44,5,3600,1.13636363636
474597,474603,474649,6,46,5,3600,1.13043478261
474607,474614,474652,7,38,5,3600,1.18421052632
474618,474624,474673,6,49,5,3600,1.12244897959
474628,474635,474679,7,44,5,3600,1.15909090909
474639,474645,474693,6,48,5,3600,1.125
474650,474656,474732,6,76,5,3600,1.07894736842
474661,474667,474721,6,54,5,3600,1.11111111111
474671,474677,474719,6,42,5,3600,1.14285714286
474682,474688,474736,6,48,5,3600,1.125
474692,474699,474744,7,45,5,3600,1.15555555556
474703,474709,474757,6,48,5,3600,1.125
474714,474720,474759,6,39,5,3600,1.15384615385
474724,474730,474774,6,44,5,3600,1.13636363636
474735,474741,474780,6,39,5,3600,1.15384615385
474745,474752,474796,7,44,5,3600,1.15909090909
474756,474762,474807,6,45,5,3600,1.13333333333
474767,474773,474820,6,47,5,3600,1.12765957447
474777,474784,474828,7,44,5,3600,1.15909090909
474788,474794,474838,6,44,5,3600,1.13636363636
474799,474805,474875,6,70,5,3600,1.08571428571
474800,474810,474843,10,33,1,600,1.30303030303
474809,474816,474863,7,47,5,3600,1.14893617021
474820,474826,474868,6,42,5,3600,1.14285714286
474831,474837,474889,6,52,5,3600,1.11538461538
474841,474847,474887,6,40,5,3600,1.15
474852,474858,474904,6,46,5,3600,1.13043478261
474862,474868,474913,6,45,5,3600,1.13333333333
474873,474879,474926,6,47,5,3600,1.12765957447
474883,474890,474936,7,46,5,3600,1.15217391304
474894,474900,474941,6,41,5,3600,1.14634146341
474905,474911,474959,6,48,5,3600,1.125
474915,474921,474993,6,72,5,3600,1.08333333333
474926,474932,474981,6,49,5,3600,1.12244897959
474936,474943,474988,7,45,5,3600,1.15555555556
474947,474953,474999,6,46,5,3600,1.13043478261
474958,474964,475003,6,39,5,3600,1.15384615385
474968,474974,475045,6,71,5,3600,1.08450704225
474979,474985,475030,6,45,5,3600,1.13333333333
474990,474996,475040,6,44,5,3600,1.13636363636
475000,475006,475045,6,39,5,3600,1.15384615385
475011,475017,475084,6,67,5,3600,1.08955223881
475021,475027,475073,6,46,5,3600,1.13043478261
475032,475038,475110,6,72,5,3600,1.08333333333
475042,475049,475087,7,38,5,3600,1.18421052632
475053,475059,475099,6,40,5,3600,1.15
475064,475070,475137,6,67,5,3600,1.08955223881
475074,475080,475120,6,40,5,3600,1.15
475085,475091,475152,6,61,5,3600,1.09836065574
475096,475103,475174,7,71,5,3600,1.0985915493
475106,475112,475161,6,49,5,3600,1.12244897959
475117,475123,475167,6,44,5,3600,1.13636363636
475127,475133,475175,6,42,5,3600,1.14285714286
475138,475144,475184,6,40,5,3600,1.15
475150,475156,475202,6,46,5,3600,1.13043478261
475160,475166,475209,6,43,5,3600,1.13953488372
475171,475177,475224,6,47,5,3600,1.12765957447
475181,475187,475236,6,49,5,3600,1.12244897959
475192,475198,475250,6,52,5,3600,1.11538461538
475203,475209,475248,6,39,5,3600,1.15384615385
475213,475219,475263,6,44,5,3600,1.13636363636
475224,475230,475302,6,72,5,3600,1.08333333333
475234,475241,475311,7,70,5,3600,1.1
475245,475251,475295,6,44,5,3600,1.13636363636
475256,475262,475333,6,71,5,3600,1.08450704225
475267,475273,475316,6,43,5,3600,1.13953488372
475277,475283,475328,6,45,5,3600,1.13333333333
475288,475294,475340,6,46,5,3600,1.13043478261
475298,475304,475357,6,53,5,3600,1.11320754717
475309,475315,475359,6,44,5,3600,1.13636363636
475310,475321,478386,11,3065,2,7200,1.00358890701
475319,475327,475374,8,47,5,3600,1.17021276596
475330,475336,475374,6,38,5,3600,1.15789473684
475341,475347,475416,6,69,5,3600,1.08695652174
475351,475357,475411,6,54,5,3600,1.11111111111
475362,475368,475408,6,40,5,3600,1.15
475372,475378,475420,6,42,5,3600,1.14285714286
475383,475389,475445,6,56,5,3600,1.10714285714
475393,475400,475467,7,67,5,3600,1.10447761194
475404,475410,475457,6,47,5,3600,1.12765957447
475415,475421,475467,6,46,5,3600,1.13043478261
475425,475431,475485,6,54,5,3600,1.11111111111
475436,475442,475483,6,41,5,3600,1.14634146341
475446,475453,475491,7,38,5,3600,1.18421052632
475450,475459,734684,9,259225,2,259200,1.00003471887
475457,475465,475538,8,73,5,3600,1.1095890411
475468,475474,475519,6,45,5,3600,1.13333333333
475478,475485,475558,7,73,5,3600,1.09589041096
475489,475495,475542,6,47,5,3600,1.12765957447
475500,475506,475559,6,53,5,3600,1.11320754717
475510,475516,475587,6,71,5,3600,1.08450704225
475521,475527,475575,6,48,5,3600,1.125
475531,475537,475583,6,46,5,3600,1.13043478261
475542,475548,475619,6,71,5,3600,1.08450704225
475552,475559,475601,7,42,5,3600,1.16666666667
475563,475569,475641,6,72,5,3600,1.08333333333
475574,475580,475622,6,42,5,3600,1.14285714286
475584,475590,475636,6,46,5,3600,1.13043478261
475595,475601,475643,6,42,5,3600,1.14285714286
475605,475612,475654,7,42,5,3600,1.16666666667
475616,475622,475667,6,45,5,3600,1.13333333333
475626,475637,488404,11,12767,2,72000,1.0008615963
475627,475632,475680,5,48,5,3600,1.10416666667
475637,475643,475713,6,70,5,3600,1.08571428571
475648,475654,475698,6,44,5,3600,1.13636363636
475659,475665,475706,6,41,5,3600,1.14634146341
475670,475676,475747,6,71,5,3600,1.08450704225
475680,475686,475729,6,43,5,3600,1.13953488372
475691,475697,475740,6,43,5,3600,1.13953488372
475701,475707,475751,6,44,5,3600,1.13636363636
475712,475718,475764,6,46,5,3600,1.13043478261
475723,475729,475773,6,44,5,3600,1.13636363636
475733,475739,475785,6,46,5,3600,1.13043478261
475744,475750,475792,6,42,5,3600,1.14285714286
475754,475761,475830,7,69,5,3600,1.10144927536
475765,475771,475810,6,39,5,3600,1.15384615385
475776,475781,475824,5,43,5,3600,1.11627906977
475786,475792,475843,6,51,5,3600,1.11764705882
475894,475900,512046,6,36146,9,64800,1.00016599347
476739,476745,476832,6,87,1,600,1.06896551724
476921,476927,476928,6,1,1,600,1.0
477292,477298,477299,6,1,1,600,1.0
477975,477982,478055,7,73,1,600,1.09589041096
478682,478688,478690,6,2,1,600,1.0
479318,479324,479325,6,1,1,600,1.0
479418,479424,479426,6,2,1,600,1.0
479975,479982,479983,7,1,1,600,1.0
480113,480119,480145,6,26,1,600,1.23076923077
480471,480478,492754,7,12276,2,72000,1.00057021831
481418,481424,481429,6,5,6,356400,1.1
481683,481689,482786,6,1097,1,7200,1.00546946217
481840,481846,495091,6,13245,1,21600,1.00045300113
482083,482090,637142,7,155052,6,356400,1.00004514614
482156,482162,728740,6,246578,4,604800,1.00002433307
482804,482810,483304,6,494,1,7200,1.01214574899
483996,484002,485107,6,1105,1,7200,1.00542986425
484137,484143,488759,6,4616,2,7200,1.00129982669
485005,485011,486551,6,1540,1,7200,1.0038961039
485106,485112,489730,6,4618,1,7200,1.00129926375
485386,485402,485406,16,4,16,7200,2.0
485386,485397,485401,11,4,16,7200,1.5
485386,485392,485396,6,4,16,7200,1.0
485387,485413,485418,26,5,16,7200,3.1
485387,485408,485410,21,2,16,7200,2.3
485387,485418,485428,31,10,16,7200,4.1
485387,485430,485433,43,3,16,7200,4.6
485387,485424,485427,37,3,16,7200,4.0
485388,485435,485438,47,3,16,7200,5.0
485655,485661,485676,6,15,16,7200,1.4
485657,485667,485672,10,5,16,7200,1.5
485659,485672,485681,13,9,16,7200,2.2
485660,485677,485682,17,5,16,7200,2.2
485661,485682,485687,21,5,16,7200,2.6
485663,485689,485692,26,3,16,7200,2.9
485664,485694,485697,30,3,16,7200,3.3
485665,485699,485704,34,5,16,7200,3.9
485666,485706,485709,40,3,16,7200,4.3
485692,485711,492936,19,7225,1,7200,1.00262975779
485745,485751,485839,6,88,74,3000,1.06818181818
485779,485785,486952,6,1167,16,7200,1.00514138817
485781,485850,488809,69,2959,16,7200,1.02331868875
485783,485855,487564,72,1709,16,7200,1.04212990053
485785,485860,487557,75,1697,16,7200,1.04419563936
485787,485866,487588,79,1722,16,7200,1.04587688734
485788,485871,487716,83,1845,16,7200,1.04498644986
485790,509996,511154,24206,1158,16,7200,21.9032815199
485791,510001,514466,24210,4465,16,7200,6.42217245241
485793,511165,518392,25372,7227,16,7200,4.51072367511
485898,485905,593918,7,108013,2,108000,1.00006480701
485922,485928,486005,6,77,74,3000,1.07792207792
486040,486046,489056,6,3010,74,3000,1.00199335548
486199,487599,489382,1400,1783,74,3000,1.78519349411
486725,489419,597456,2694,108037,2,108000,1.02493590159
486787,489414,490011,2627,597,32,7200,5.40033500838
486787,491257,492650,4470,1393,32,7200,4.20890165111
486787,490023,491236,3236,1213,32,7200,3.66776586974
486787,493561,494507,6774,946,32,7200,8.16067653277
486787,492662,493545,5875,883,32,7200,7.65345413364
486788,497777,499010,10989,1233,32,7200,9.91240875912
486788,496554,497766,9766,1212,32,7200,9.05775577558
486788,494518,495594,7730,1076,32,7200,8.18401486989
486788,495606,496543,8818,937,32,7200,10.4108858058
486994,490174,491177,3180,1003,64,3600,4.1704885344
486994,491188,494807,4194,3619,64,3600,2.15888366952
486994,489408,490163,2414,755,64,3600,4.19735099338
486995,494818,496109,7823,1291,64,3600,7.05964368706
486995,496125,497690,9130,1565,64,3600,6.8338658147
486995,497701,500506,10706,2805,64,3600,4.81675579323
486995,500517,504165,13522,3648,64,3600,4.70668859649
486996,504177,507805,17181,3628,64,3600,5.73566703418
486996,507817,511449,20821,3632,64,3600,6.73265418502
487230,487236,488064,6,828,2,7200,1.00724637681
487597,489071,489382,1474,311,74,3000,5.73954983923
487613,488075,488915,462,840,2,7200,1.55
487732,489424,549484,1692,60060,2,108000,1.02817182817
488665,489429,567848,764,78419,2,108000,1.00974253689
489059,489065,489913,6,848,2,7200,1.0070754717
489059,489076,489900,17,824,2,7200,1.02063106796
489060,489086,489935,26,849,2,7200,1.03062426384
489060,489081,489901,21,820,2,7200,1.0256097561
489060,489091,489935,31,844,2,7200,1.03672985782
489061,489107,489957,46,850,2,7200,1.05411764706
489061,489097,489936,36,839,2,7200,1.04290822408
489061,489102,489940,41,838,2,7200,1.04892601432
489062,489118,489967,56,849,2,7200,1.06595995289
489062,489123,489958,61,835,2,7200,1.07305389222
489062,489112,489953,50,841,2,7200,1.0594530321
489063,489138,489881,75,743,2,7200,1.10094212651
489063,489128,489132,65,4,2,7200,6.9
489063,489133,489840,70,707,2,7200,1.09900990099
489064,489143,489890,79,747,2,7200,1.10575635877
489064,489392,490239,328,847,2,7200,1.38724911452
489064,489387,490133,323,746,2,7200,1.43297587131
489065,489150,489940,85,790,2,7200,1.10759493671
489065,489397,490174,332,777,2,7200,1.42728442728
489065,489403,490223,338,820,2,7200,1.41219512195
489066,489434,490263,368,829,2,7200,1.44390832328
489382,489440,490256,58,816,2,7200,1.07107843137
489383,489450,490351,67,901,2,7200,1.0743618202
489383,489445,490278,62,833,2,7200,1.07442977191
489383,489455,490386,72,931,2,7200,1.07733619764
489384,489460,490262,76,802,2,7200,1.09476309227
489384,489466,490413,82,947,2,7200,1.08658922914
489385,489471,490305,86,834,2,7200,1.103117506
489385,489481,490476,96,995,2,7200,1.09648241206
489385,489476,490313,91,837,2,7200,1.10872162485
489386,489491,490345,105,854,2,7200,1.12295081967
489386,489497,490322,111,825,2,7200,1.13454545455
489386,489486,490314,100,828,2,7200,1.12077294686
489387,489507,490195,120,688,2,7200,1.17441860465
489387,489502,490164,115,662,2,7200,1.17371601208
489388,489512,490183,124,671,2,7200,1.18479880775
489389,489528,490324,139,796,2,7200,1.17462311558
489389,489523,490317,134,794,2,7200,1.16876574307
489389,489517,490203,128,686,2,7200,1.18658892128
489390,489533,490456,143,923,2,7200,1.15492957746
489390,489544,490432,154,888,2,7200,1.17342342342
489390,489539,490383,149,844,2,7200,1.17654028436
489391,489851,490671,460,820,2,7200,1.56097560976
489391,489892,490713,501,821,2,7200,1.61023142509
489391,489549,490365,158,816,2,7200,1.19362745098
489392,489901,490801,509,900,2,7200,1.56555555556
489392,489912,490714,520,802,2,7200,1.64837905237
489393,489946,490800,553,854,2,7200,1.64754098361
489393,489917,490795,524,878,2,7200,1.59681093394
489393,489924,490788,531,864,2,7200,1.61458333333
489394,489951,490797,557,846,2,7200,1.65839243499
489394,489962,491021,568,1059,2,7200,1.53635505194
489394,489957,490818,563,861,2,7200,1.65389082462
489395,489979,490757,584,778,2,7200,1.75064267352
489395,489974,490747,579,773,2,7200,1.7490297542
489395,489968,490874,573,906,2,7200,1.63245033113
489396,489984,490763,588,779,2,7200,1.75481386393
489396,489990,490788,594,798,2,7200,1.74436090226
489396,490144,490962,748,818,2,7200,1.91442542787
489397,490179,490978,782,799,2,7200,1.97872340426
489397,490185,490981,788,796,2,7200,1.98994974874
489398,494340,495112,4942,772,2,7200,7.40155440415
489398,494386,495204,4988,818,2,7200,7.097799511
489398,494627,495497,5229,870,2,7200,7.01034482759
489399,494723,495521,5324,798,2,7200,7.67167919799
489399,494698,495526,5299,828,2,7200,7.39975845411
489399,494704,495537,5305,833,2,7200,7.36854741897
489400,494734,495586,5334,852,2,7200,7.26056338028
489400,494729,495731,5329,1002,2,7200,6.31836327345
489400,494740,495612,5340,872,2,7200,7.12385321101
489401,494746,495626,5345,880,2,7200,7.07386363636
489401,494757,495596,5356,839,2,7200,7.38379022646
489402,494763,495603,5361,840,2,7200,7.38214285714
489402,494776,495602,5374,826,2,7200,7.50605326877
489402,494769,495673,5367,904,2,7200,6.93694690265
489403,490196,490956,793,760,2,7200,2.04342105263
489403,490207,491002,804,795,2,7200,2.01132075472
489403,490190,490962,787,772,2,7200,2.01943005181
489404,490234,491018,830,784,2,7200,2.05867346939
489404,490250,491041,846,791,2,7200,2.06953223767
489404,490214,490943,810,729,2,7200,2.11111111111
489405,490268,491179,863,911,2,7200,1.94731064764
489405,490274,491105,869,831,2,7200,2.04572803851
489406,490279,491204,873,925,2,7200,1.94378378378
489406,490290,491214,884,924,2,7200,1.95670995671
489406,490316,491194,910,878,2,7200,2.03644646925
489407,490324,491149,917,825,2,7200,2.11151515152
489407,490330,491144,923,814,2,7200,2.13390663391
489407,490335,491133,928,798,2,7200,2.16290726817
489408,490347,491191,939,844,2,7200,2.11255924171
489408,490342,491264,934,922,2,7200,2.01301518438
489409,490376,491214,967,838,2,7200,2.15393794749
489409,490357,491233,948,876,2,7200,2.08219178082
489409,490363,491254,954,891,2,7200,2.07070707071
489410,490424,491158,1014,734,2,7200,2.38147138965
489410,490400,491757,990,1357,2,7200,1.729550479
489410,490394,491212,984,818,2,7200,2.20293398533
489411,490443,491226,1032,783,2,7200,2.31800766284
489411,490467,491206,1056,739,2,7200,2.42895805142
489412,490487,491244,1075,757,2,7200,2.42007926024
489412,490724,491513,1312,789,2,7200,2.6628643853
489412,490682,491469,1270,787,2,7200,2.61372299873
489413,490758,491626,1345,868,2,7200,2.54953917051
489413,490730,491514,1317,784,2,7200,2.67984693878
489414,490798,491670,1384,872,2,7200,2.5871559633
489414,490768,491601,1354,833,2,7200,2.62545018007
489414,490774,491604,1360,830,2,7200,2.63855421687
489415,490810,491758,1395,948,2,7200,2.47151898734
489415,490804,491625,1389,821,2,7200,2.69183922046
489416,490821,491655,1405,834,2,7200,2.68465227818
489416,490826,491655,1410,829,2,7200,2.70084439083
489416,490815,491614,1399,799,2,7200,2.75093867334
489417,490885,491797,1468,912,2,7200,2.60964912281
489417,490832,491664,1415,832,2,7200,2.70072115385
489418,490967,491805,1549,838,2,7200,2.84844868735
489418,490973,491912,1555,939,2,7200,2.6560170394
489418,490954,491799,1536,845,2,7200,2.81775147929
489419,490978,491693,1559,715,2,7200,3.18041958042
489419,490990,491746,1571,756,2,7200,3.07804232804
489420,490996,491761,1576,765,2,7200,3.06013071895
489420,491014,491827,1594,813,2,7200,2.9606396064
489420,491029,491898,1609,869,2,7200,2.85155350978
489421,491035,491826,1614,791,2,7200,3.0404551201
489421,491053,491851,1632,798,2,7200,3.04511278195
489422,491144,491957,1722,813,2,7200,3.11808118081
489422,491156,491993,1734,837,2,7200,3.07168458781
489422,491162,492001,1740,839,2,7200,3.07389749702
489423,491194,492134,1771,940,2,7200,2.88404255319
489423,491169,492005,1746,836,2,7200,3.08851674641
489424,491216,492063,1792,847,2,7200,3.11570247934
489424,491208,492005,1784,797,2,7200,3.23839397742
489424,491202,492015,1778,813,2,7200,3.18696186962
489425,491228,492077,1803,849,2,7200,3.12367491166
489425,491222,492078,1797,856,2,7200,3.09929906542
489426,491234,492060,1808,826,2,7200,3.18886198547
489426,491239,492066,1813,827,2,7200,3.19226118501
489427,491245,492063,1818,818,2,7200,3.22249388753
489427,491262,491979,1835,717,2,7200,3.55927475593
489427,491250,492067,1823,817,2,7200,3.23133414933
489428,491276,492021,1848,745,2,7200,3.48053691275
489428,491268,492016,1840,748,2,7200,3.45989304813
489429,491530,492309,2101,779,2,7200,3.69704749679
489429,491525,492296,2096,771,2,7200,3.71854734112
489429,491480,492238,2051,758,2,7200,3.70580474934
489430,491619,492394,2189,775,2,7200,3.82451612903
489430,491613,492389,2183,776,2,7200,3.8131443299
489431,491636,492466,2205,830,2,7200,3.65662650602
489431,491626,492492,2195,866,2,7200,3.53464203233
489432,491666,492530,2234,864,2,7200,3.58564814815
489432,491671,492480,2239,809,2,7200,3.76761433869
489432,491642,492458,2210,816,2,7200,3.70833333333
489433,491684,492518,2251,834,2,7200,3.69904076739
489433,491678,492707,2245,1029,2,7200,3.18172983479
489434,491705,492535,2271,830,2,7200,3.73614457831
489434,491768,492583,2334,815,2,7200,3.86380368098
489434,491757,492592,2323,835,2,7200,3.78203592814
489435,491774,492599,2339,825,2,7200,3.83515151515
489435,491779,492642,2344,863,2,7200,3.71610660487
489436,491815,492547,2379,732,2,7200,4.25
489436,491809,492614,2373,805,2,7200,3.94782608696
489437,491838,492653,2401,815,2,7200,3.94601226994
489437,491821,492628,2384,807,2,7200,3.9541511772
489438,491862,492771,2424,909,2,7200,3.66666666667
489438,491843,492639,2405,796,2,7200,4.02135678392
489438,491909,492690,2471,781,2,7200,4.16389244558
489439,491968,492893,2529,925,2,7200,3.73405405405
489439,491923,492695,2484,772,2,7200,4.21761658031
489440,492004,492958,2564,954,2,7200,3.68763102725
489440,491990,492893,2550,903,2,7200,3.82392026578
489441,492013,492967,2572,954,2,7200,3.69601677149
489441,492019,492889,2578,870,2,7200,3.9632183908
489442,492036,492950,2594,914,2,7200,3.83807439825
489442,492031,492885,2589,854,2,7200,4.03161592506
489442,492024,493008,2582,984,2,7200,3.62398373984
489443,492071,492883,2628,812,2,7200,4.23645320197
489443,492042,492838,2599,796,2,7200,4.26507537688
489444,492082,492865,2638,783,2,7200,4.36909323116
489444,492077,492906,2633,829,2,7200,4.17611580217
489445,492088,492962,2643,874,2,7200,4.02402745995
489445,492094,492971,2649,877,2,7200,4.02052451539
489446,492099,493011,2653,912,2,7200,3.90899122807
489446,492164,493092,2718,928,2,7200,3.92887931034
489446,492104,493024,2658,920,2,7200,3.88913043478
489447,492250,493210,2803,960,2,7200,3.91979166667
489447,492307,493170,2860,863,2,7200,4.31402085747
489448,492320,493182,2872,862,2,7200,4.33178654292
489448,492401,493356,2953,955,2,7200,4.09214659686
489449,492407,493172,2958,765,2,7200,4.86666666667
489449,492470,493287,3021,817,2,7200,4.6976744186
489450,492492,493367,3042,875,2,7200,4.47657142857
489450,492477,493287,3027,810,2,7200,4.73703703704
489451,492530,493404,3079,874,2,7200,4.52288329519
489451,492503,493380,3052,877,2,7200,4.48004561003
489452,492547,493430,3095,883,2,7200,4.50509626274
489452,492541,493411,3089,870,2,7200,4.55057471264
489453,492558,493424,3105,866,2,7200,4.58545034642
489453,492594,493440,3141,846,2,7200,4.71276595745
489454,492604,493586,3150,982,2,7200,4.20773930754
489454,492610,493450,3156,840,2,7200,4.75714285714
489455,492625,493583,3170,958,2,7200,4.30897703549
489455,492639,493445,3184,806,2,7200,4.95037220844
489456,492656,493545,3200,889,2,7200,4.59955005624
489456,492650,493444,3194,794,2,7200,5.02267002519
489457,492701,493630,3244,929,2,7200,4.49192680301
489457,492668,493543,3211,875,2,7200,4.66971428571
489458,492718,493628,3260,910,2,7200,4.58241758242
489458,492782,493643,3324,861,2,7200,4.8606271777
489458,492707,493537,3249,830,2,7200,4.91445783133
489459,492876,493756,3417,880,2,7200,4.88295454545
489459,492849,493716,3390,867,2,7200,4.91003460208
489460,492900,493692,3440,792,2,7200,5.34343434343
489460,492894,493674,3434,780,2,7200,5.40256410256
489461,492905,493698,3444,793,2,7200,5.34300126103
489461,492912,493723,3451,811,2,7200,5.2552404439
489462,492924,493784,3462,860,2,7200,5.02558139535
489462,492917,493777,3455,860,2,7200,5.01744186047
489463,492961,493846,3498,885,2,7200,4.95254237288
489463,492969,493837,3506,868,2,7200,5.03917050691
489464,492975,493834,3511,859,2,7200,5.08731082654
489464,492981,493881,3517,900,2,7200,4.90777777778
489465,492987,493860,3522,873,2,7200,5.03436426117
489465,493020,493998,3555,978,2,7200,4.63496932515
489466,493036,493823,3570,787,2,7200,5.53621346887
489466,493026,493867,3560,841,2,7200,5.23305588585
489467,493181,493943,3714,762,2,7200,5.87401574803
489467,493103,493922,3636,819,2,7200,5.43956043956
489468,493187,494117,3719,930,2,7200,4.99892473118
489468,493193,494113,3725,920,2,7200,5.04891304348
489469,493298,494166,3829,868,2,7200,5.41129032258
489469,493222,494146,3753,924,2,7200,5.06168831169
489470,493368,494254,3898,886,2,7200,5.39954853273
489470,493303,494175,3833,872,2,7200,5.39564220183
489471,493391,494291,3920,900,2,7200,5.35555555556
489471,493378,494349,3907,971,2,7200,5.0236869207
489472,493422,494290,3950,868,2,7200,5.55069124424
489472,493415,494335,3943,920,2,7200,5.28586956522
489473,493441,494285,3968,844,2,7200,5.70142180095
489473,493435,494329,3962,894,2,7200,5.43176733781
489474,493451,494280,3977,829,2,7200,5.79734620024
489474,493457,494290,3983,833,2,7200,5.78151260504
489475,493462,494292,3987,830,2,7200,5.80361445783
489475,493469,494290,3994,821,2,7200,5.86479902558
489476,493548,494375,4072,827,2,7200,5.9238210399
489477,493566,494401,4089,835,2,7200,5.89700598802
489477,493555,494376,4078,821,2,7200,5.96711327649
489478,493594,494434,4116,840,2,7200,5.9
489478,493600,494388,4122,788,2,7200,6.23096446701
489479,493640,494501,4161,861,2,7200,5.83275261324
489479,493646,494537,4167,891,2,7200,5.67676767677
489480,493655,494552,4175,897,2,7200,5.65440356745
489480,493685,494758,4205,1073,2,7200,4.91891891892
489481,493703,494586,4222,883,2,7200,5.78142695357
489481,493709,494765,4228,1056,2,7200,5.00378787879
489482,493734,494724,4252,990,2,7200,5.29494949495
489482,493728,494616,4246,888,2,7200,5.78153153153
489483,493767,494645,4284,878,2,7200,5.87927107062
489483,493788,494716,4305,928,2,7200,5.63900862069
489484,493835,494690,4351,855,2,7200,6.08888888889
489484,493795,494664,4311,869,2,7200,5.96087456847
489485,493851,494687,4366,836,2,7200,6.22248803828
489485,493845,494680,4360,835,2,7200,6.22155688623
489486,493871,494718,4385,847,2,7200,6.17709563164
489486,493858,494786,4372,928,2,7200,5.71120689655
489487,493878,494715,4391,837,2,7200,6.24611708483
489487,493892,494712,4405,820,2,7200,6.37195121951
489488,493955,494745,4467,790,2,7200,6.65443037975
489488,493933,494750,4445,817,2,7200,6.44063647491
489489,494009,494799,4520,790,2,7200,6.72151898734
489490,494124,494976,4634,852,2,7200,6.43896713615
489490,494130,495050,4640,920,2,7200,6.04347826087
489491,494157,495010,4666,853,2,7200,6.47010550996
489491,494177,495051,4686,874,2,7200,6.36155606407
489492,494186,495047,4694,861,2,7200,6.45180023229
489492,494265,495125,4773,860,2,7200,6.55
489493,494297,495277,4804,980,2,7200,5.90204081633
489493,494291,495151,4798,860,2,7200,6.57906976744
489494,494303,495285,4809,982,2,7200,5.89714867617
489495,494309,495160,4814,851,2,7200,6.65687426557
489495,494314,495332,4819,1018,2,7200,5.73379174853
489496,494319,495196,4823,877,2,7200,6.49942987457
489497,494347,495202,4850,855,2,7200,6.67251461988
489497,494324,495147,4827,823,2,7200,6.86512758202
489498,494360,495180,4862,820,2,7200,6.92926829268
489498,494392,495224,4894,832,2,7200,6.88221153846
489499,494400,495342,4901,942,2,7200,6.20276008493
489499,494413,495257,4914,844,2,7200,6.82227488152
489500,494445,495251,4945,806,2,7200,7.13523573201
489500,494512,495304,5012,792,2,7200,7.32828282828
489501,494549,495334,5048,785,2,7200,7.43057324841
489502,494563,495424,5061,861,2,7200,6.87804878049
489502,494597,495436,5095,839,2,7200,7.07270560191
489503,494656,495493,5153,837,2,7200,7.15651135006
489504,494675,495628,5171,953,2,7200,6.42602308499
489504,494691,495561,5187,870,2,7200,6.96206896552
489505,495058,495903,5553,845,2,7200,7.57159763314
489505,495021,495889,5516,868,2,7200,7.35483870968
489506,495069,495956,5563,887,2,7200,7.27170236753
489506,495064,495942,5558,878,2,7200,7.33029612756
489507,494797,495740,5290,943,2,7200,6.60975609756
489508,494823,495681,5315,858,2,7200,7.19463869464
489508,494810,495660,5302,850,2,7200,7.23764705882
489509,494987,495806,5478,819,2,7200,7.68864468864
489509,495136,495984,5627,848,2,7200,7.63561320755
489510,495164,495979,5654,815,2,7200,7.93742331288
489510,495158,496003,5648,845,2,7200,7.68402366864
489511,495172,495992,5661,820,2,7200,7.90365853659
489512,495192,496013,5680,821,2,7200,7.91839220463
489512,495207,496003,5695,796,2,7200,8.15452261307
489513,495213,495991,5700,778,2,7200,8.3264781491
489513,495219,496081,5706,862,2,7200,7.61948955916
489514,495235,496109,5721,874,2,7200,7.54576659039
489514,495262,496108,5748,846,2,7200,7.79432624113
489515,495289,496220,5774,931,2,7200,7.20193340494
489515,495269,496100,5754,831,2,7200,7.92418772563
489516,495296,496177,5780,881,2,7200,7.56072644722
489517,495343,496307,5826,964,2,7200,7.04356846473
489517,495315,496237,5798,922,2,7200,7.2885032538
489518,495355,496229,5837,874,2,7200,7.67848970252
489518,495349,496219,5831,870,2,7200,7.70229885057
489519,495448,496325,5929,877,2,7200,7.76054732041
489519,495435,496296,5916,861,2,7200,7.87108013937
489520,495504,496331,5984,827,2,7200,8.23579201935
489521,495573,496403,6052,830,2,7200,8.29156626506
489521,495510,496446,5989,936,2,7200,7.3985042735
489522,495598,496412,6076,814,2,7200,8.46437346437
489523,495538,496366,6015,828,2,7200,8.26449275362
489523,495532,496337,6009,805,2,7200,8.46459627329
489524,495548,496440,6024,892,2,7200,7.7533632287
489525,495618,496411,6093,793,2,7200,8.68348045397
489525,495612,496550,6087,938,2,7200,7.48933901919
489526,495629,496499,6103,870,2,7200,8.01494252874
489526,495623,496503,6097,880,2,7200,7.92840909091
489527,495637,496470,6110,833,2,7200,8.33493397359
489528,495643,496469,6115,826,2,7200,8.40314769976
489529,495671,496507,6142,836,2,7200,8.34688995215
489530,495693,496543,6163,850,2,7200,8.25058823529
489530,495684,496519,6154,835,2,7200,8.37005988024
489531,495743,496683,6212,940,2,7200,7.6085106383
489532,495751,496668,6219,917,2,7200,7.78189749182
489532,495817,496833,6285,1016,2,7200,7.18602362205
489533,495914,496766,6381,852,2,7200,8.48943661972
489533,495900,496776,6367,876,2,7200,8.26826484018
489669,495953,497179,6284,1226,2,7200,6.12561174551
489781,489787,489790,6,3,1,600,1.0
489942,495990,496817,6048,827,2,7200,8.31318016929
489942,495123,498165,5181,3042,2,3000,2.70315581854
489942,495968,496829,6026,861,2,7200,7.99883855981
489943,496025,496979,6082,954,2,7200,7.37526205451
489943,496019,499050,6076,3031,2,3000,3.00461893764
489944,496008,499024,6064,3016,2,3000,3.01061007958
489944,495996,499029,6052,3033,2,3000,2.99538410814
489944,496092,496919,6148,827,2,7200,8.43409915357
489944,496002,496833,6058,831,2,7200,8.29001203369
489945,496014,496932,6069,918,2,7200,7.61111111111
489945,496111,499151,6166,3040,2,3000,3.02828947368
489945,496119,496952,6174,833,2,7200,8.41176470588
489946,496188,497001,6242,813,2,7200,8.67773677737
489946,496230,499275,6284,3045,2,3000,3.06371100164
489946,496130,499163,6184,3033,2,3000,3.03890537422
489947,496248,497079,6301,831,2,7200,8.58243080626
489947,496236,497158,6289,922,2,7200,7.82104121475
489947,496242,499279,6295,3037,2,3000,3.07276918011
489948,496415,497239,6467,824,2,7200,8.84830097087
489948,496452,499475,6504,3023,2,3000,3.15150512736
489948,496307,499323,6359,3016,2,3000,3.10842175066
489948,496458,497453,6510,995,2,7200,7.54271356784
489949,496480,499521,6531,3041,2,3000,3.14764879974
489949,496318,497136,6369,818,2,7200,8.78606356968
489950,496343,497368,6393,1025,2,7200,7.23707317073
489950,496378,497227,6428,849,2,7200,8.57126030624
489950,496349,499353,6399,3004,2,3000,3.13015978695
489950,496337,499381,6387,3044,2,3000,3.0982260184
489951,496428,499471,6477,3043,2,3000,3.12849162011
489951,496423,497315,6472,892,2,7200,8.25560538117
489952,496486,497362,6534,876,2,7200,8.45890410959
489952,496516,497371,6564,855,2,7200,8.67719298246
489952,496510,499536,6558,3026,2,3000,3.16721744878
489953,496522,499558,6569,3036,2,3000,3.16370223979
489963,496679,497607,6716,928,2,7200,8.23706896552
489964,496559,499597,6595,3038,2,3000,3.17083607637
489964,496531,497453,6567,922,2,7200,8.12255965293
489964,496694,499719,6730,3025,2,3000,3.22479338843
489965,496777,499794,6812,3017,2,3000,3.25787205834
489965,496565,497432,6600,867,2,7200,8.6124567474
489965,496787,497626,6822,839,2,7200,9.13110846246
489966,496841,497669,6875,828,2,7200,9.30314009662
489966,496847,499854,6881,3007,2,3000,3.28832723645
489966,496828,499872,6862,3044,2,3000,3.25427069645
489967,497012,497838,7045,826,2,7200,9.52905569007
489967,496852,497827,6885,975,2,7200,8.06153846154
489967,497090,500132,7123,3042,2,3000,3.34155161078
489968,496963,499990,6995,3027,2,3000,3.31086884704
489968,496931,499968,6963,3037,2,3000,3.29272308199
489968,496943,497749,6975,806,2,7200,9.65384615385
489969,497169,497980,7200,811,2,7200,9.87792848335
489969,497147,500167,7178,3020,2,3000,3.37682119205
489969,496990,497803,7021,813,2,7200,9.63591635916
489970,497190,498113,7220,923,2,7200,8.82231852654
489970,497238,500268,7268,3030,2,3000,3.39867986799
489971,497373,498199,7402,826,2,7200,9.9612590799
489971,497251,498026,7280,775,2,7200,10.3935483871
489971,497327,500357,7356,3030,2,3000,3.42772277228
489972,497444,500454,7472,3010,2,3000,3.48239202658
489972,497379,500411,7407,3032,2,3000,3.44294195251
489972,497385,498255,7413,870,2,7200,9.52068965517
489973,497464,498278,7491,814,2,7200,10.2027027027
489973,498124,498973,8151,849,2,7200,10.6007067138
489973,498038,501057,8065,3019,2,3000,3.67141437562
489974,497469,500514,7495,3045,2,3000,3.46141215107
489974,498266,499071,8292,805,2,7200,11.300621118
490804,497618,498426,6814,808,2,7200,9.43316831683
490805,497637,498454,6832,817,2,7200,9.36230110159
490806,497680,498596,6874,916,2,7200,8.50436681223
490863,491116,522704,253,31588,2,108000,1.00800937065
491203,509185,509985,17982,800,32,356400,23.4775
491216,497814,498653,6598,839,2,7200,8.86412395709
491216,497760,498639,6544,879,2,7200,8.44482366325
491217,497839,498836,6622,997,2,7200,7.64192577733
491218,497849,498678,6631,829,2,7200,8.99879372738
491219,497991,501008,6772,3017,2,3000,3.24461385482
491219,498176,501180,6957,3004,2,3000,3.31591211718
491219,498290,499095,7071,805,2,7200,9.78385093168
491219,498210,499047,6991,837,2,7200,9.35244922342
491220,498465,501487,7245,3022,2,3000,3.39741892786
491220,498437,499341,7217,904,2,7200,8.98340707965
491221,498607,501641,7386,3034,2,3000,3.43441001978
491221,498689,499507,7468,818,2,7200,10.1295843521
491221,498650,499463,7429,813,2,7200,10.1377613776
491221,498664,501680,7443,3016,2,3000,3.46783819629
491222,498847,501867,7625,3020,2,3000,3.52483443709
491222,499174,499970,7952,796,2,7200,10.9899497487
491223,499035,499811,7812,776,2,7200,11.0670103093
491223,498984,499778,7761,794,2,7200,10.774559194
491223,499286,502290,8063,3004,2,3000,3.68408788282
491223,499041,502044,7818,3003,2,3000,3.6033966034
491224,499058,499840,7834,782,2,7200,11.0179028133
491485,511461,515093,19976,3632,64,3600,6.5
491514,515104,518736,23590,3632,64,3600,7.49504405286
491569,492146,600174,577,108028,2,108000,1.00534120784
491604,509190,548838,17586,39648,2,172800,1.44355326877
491608,509195,682011,17587,172816,2,172800,1.10176719748
491667,518527,553388,26860,34861,10,43200,1.77048851152
491676,518754,561723,27078,42969,10,57600,1.63017524262
491686,518759,565505,27073,46746,10,57600,1.57915115732
491695,516503,569770,24808,53267,14,57600,1.46572925076
491785,514477,521688,22692,7211,16,7200,4.14685896547
491959,499021,501916,7062,2895,32,7200,3.43937823834
492019,499064,499985,7045,921,2,7200,8.64929424539
492020,499082,499970,7062,888,2,7200,8.9527027027
492023,499106,502129,7083,3023,2,3000,3.34303671849
492024,499162,502165,7138,3003,2,3000,3.37695637696
492024,499292,502294,7268,3002,2,3000,3.42105263158
492025,499334,502338,7309,3004,2,3000,3.43308921438
492026,499979,502983,7953,3004,2,3000,3.64747003995
492026,499352,502392,7326,3040,2,3000,3.40986842105
492069,499364,502368,7295,3004,2,3000,3.42842876165
492070,499392,502396,7322,3004,2,3000,3.43741677763
492071,499474,502490,7403,3016,2,3000,3.45457559682
492071,499985,503004,7914,3019,2,3000,3.62139781385
492072,499990,503036,7918,3046,2,3000,3.59947472095
492072,499482,500375,7410,893,2,7200,9.29787234043
492073,499488,502490,7415,3002,2,3000,3.47001998668
492073,499532,502536,7459,3004,2,3000,3.48302263648
492073,499518,500492,7445,974,2,7200,8.64373716632
492074,499569,502573,7495,3004,2,3000,3.49500665779
492074,499730,502734,7656,3004,2,3000,3.54860186418
492074,499609,500459,7535,850,2,7200,9.86470588235
492074,499547,500440,7473,893,2,7200,9.36842105263
492075,499805,502809,7730,3004,2,3000,3.57323568575
492075,499789,500622,7714,833,2,7200,10.2605042017
492075,499822,500663,7747,841,2,7200,10.2116527943
492076,499866,500691,7790,825,2,7200,10.4424242424
492076,499851,502878,7775,3027,2,3000,3.56854971919
492076,499883,502887,7807,3004,2,3000,3.59886817577
492077,500143,500944,8066,801,2,7200,11.0699126092
492077,499996,500869,7919,873,2,7200,10.0710194731
492077,500002,503005,7925,3003,2,3000,3.63902763903
492078,500279,501042,8201,763,2,7200,11.74836173
492078,500451,503496,8373,3045,2,3000,3.74975369458
492078,500178,503182,8100,3004,2,3000,3.69640479361
492079,500386,501287,8307,901,2,7200,10.2197558269
492079,500633,501538,8554,905,2,7200,10.4519337017
492079,500368,503372,8289,3004,2,3000,3.75932090546
492080,500422,503426,8342,3004,2,3000,3.77696404794
492080,500465,501342,8385,877,2,7200,10.5610034208
492080,500503,501396,8423,893,2,7200,10.4322508399
492080,500471,503512,8391,3041,2,3000,3.75928970733
492081,501354,502263,9273,909,2,7200,11.201320132
492081,500525,503529,8444,3004,2,3000,3.81091877497
492082,500702,503724,8620,3022,2,3000,3.8524156188
492082,500880,501716,8798,836,2,7200,11.523923445
492082,500675,501613,8593,938,2,7200,10.1609808102
492083,500913,503959,8830,3046,2,3000,3.89888378201
492083,500918,503956,8835,3038,2,3000,3.90816326531
492083,500955,501774,8872,819,2,7200,11.8327228327
492084,501053,501957,8969,904,2,7200,10.921460177
492084,501019,504023,8935,3004,2,3000,3.97436750999
492085,501068,501873,8983,805,2,7200,12.1590062112
492085,501691,504695,9606,3004,2,3000,4.19773635153
492085,501407,502187,9322,780,2,7200,12.9512820513
492085,501298,504326,9213,3028,2,3000,4.04260237781
492086,501549,504554,9463,3005,2,3000,4.14908485857
492086,501498,502384,9412,886,2,7200,11.6230248307
492087,501652,504656,9565,3004,2,3000,4.18408788282
492087,501624,502469,9537,845,2,7200,12.2863905325
492087,501727,502738,9640,1011,2,7200,10.5351137488
492087,502198,505217,10111,3019,2,3000,4.3491222259
492088,501785,502705,9697,920,2,7200,11.5402173913
492088,501878,504882,9790,3004,2,3000,4.25898801598
492089,502274,505316,10185,3042,2,3000,4.34812623274
492089,501927,509174,9838,7247,32,7200,2.35752725266
492089,502301,503177,10212,876,2,7200,12.6575342466
492090,502307,505309,10217,3002,2,3000,4.40339773484
492778,516411,516492,23633,81,14,7980,292.765432099
492890,501884,504906,8994,3022,2,3000,3.97617471873
492899,502055,502885,9156,830,2,7200,12.0313253012
492899,501968,502849,9069,881,2,7200,11.293984109
492900,502140,502920,9240,780,2,7200,12.8461538462
492901,502177,502956,9276,779,2,7200,12.9075738126
492901,502350,505353,9449,3003,2,3000,4.14652014652
493529,502379,503272,8850,893,2,7200,10.9104143337
493771,494829,514227,1058,19398,1,43200,1.05454170533
496452,500924,608487,4472,107563,1,172800,1.04157563474
496828,503973,608342,7145,104369,1,172800,1.06845902519
501384,501390,502016,6,626,1,1200,1.00958466454
502025,502031,503254,6,1223,1,1200,1.00490596893
502375,502395,503342,20,947,2,7200,1.02111932418
502395,502403,505407,8,3004,2,3000,1.00266311585
502405,502411,505456,6,3045,2,3000,1.00197044335
502416,502501,503318,85,817,2,7200,1.10403916769
502416,502481,505510,65,3029,2,3000,1.02145922747
502498,502547,505551,49,3004,2,3000,1.01631158455
502498,502507,503273,9,766,2,7200,1.01174934726
502549,502584,503493,35,909,2,7200,1.03850385039
502549,502716,505758,167,3042,2,3000,1.05489809336
502713,502745,503736,32,991,2,7200,1.03229061554
502713,502751,505759,38,3008,2,3000,1.01263297872
502754,502820,503691,66,871,2,7200,1.0757749713
502754,502861,505893,107,3032,2,3000,1.03529023747
502857,502889,503813,32,924,2,7200,1.03463203463
502888,502896,503778,8,882,2,7200,1.00907029478
502888,502902,505947,14,3045,2,3000,1.00459770115
502898,502932,503801,34,869,2,7200,1.03912543153
502898,502967,505990,69,3023,2,3000,1.02282500827
502970,502994,503878,24,884,2,7200,1.02714932127
502970,503015,506019,45,3004,2,3000,1.01498002663
503011,503021,503945,10,924,2,7200,1.01082251082
503022,503047,506051,25,3004,2,3000,1.00832223702
503022,503188,504012,166,824,2,7200,1.20145631068
503185,503283,506328,98,3045,2,3000,1.03218390805
503185,503194,503995,9,801,2,7200,1.01123595506
503288,503329,506360,41,3031,2,3000,1.01352688882
503288,503294,504126,6,832,2,7200,1.00721153846
503329,503353,504961,24,1608,2,7200,1.01492537313
503329,503383,506387,54,3004,2,3000,1.01797603196
503380,503438,504404,58,966,2,7200,1.06004140787
503381,503504,506533,123,3029,2,3000,1.04060746121
503503,503510,504361,7,851,2,7200,1.00822561692
503514,503523,504376,9,853,2,7200,1.01055099648
503514,503540,506544,26,3004,2,3000,1.0086551265
503545,503703,504626,158,923,2,7200,1.17118093174
503545,503735,506739,190,3004,2,3000,1.06324900133
503740,503748,504632,8,884,2,7200,1.00904977376
503740,503789,506814,49,3025,2,3000,1.01619834711
503791,503812,504651,21,839,2,7200,1.02502979738
503791,503825,506841,34,3016,2,3000,1.01127320955
503822,503890,504731,68,841,2,7200,1.08085612366
503822,503955,506966,133,3011,2,3000,1.04417137164
503955,503967,506989,12,3022,2,3000,1.00397088021
503955,503979,504774,24,795,2,7200,1.03018867925
503976,504023,507060,47,3037,2,3000,1.01547579849
503976,504007,504852,31,845,2,7200,1.03668639053
504028,504138,507170,110,3032,2,3000,1.03627968338
504028,504034,504864,6,830,2,7200,1.00722891566
504140,504337,507367,197,3030,2,3000,1.06501650165
504140,504372,505176,232,804,2,7200,1.28855721393
504375,504415,507431,40,3016,2,3000,1.01326259947
504375,504388,505168,13,780,2,7200,1.01666666667
504416,504565,505463,149,898,2,7200,1.16592427617
504417,504637,507669,220,3032,2,3000,1.07255936675
504641,504647,505548,6,901,2,7200,1.00665926748
504652,504662,507664,10,3002,2,3000,1.00333111259
504652,504668,505626,16,958,2,7200,1.01670146138
504672,504706,505622,34,916,2,7200,1.03711790393
504673,504742,507758,69,3016,2,3000,1.02287798408
504744,504864,507907,120,3043,2,3000,1.03943476832
504744,504785,505676,41,891,2,7200,1.04601571268
504867,504893,507897,26,3004,2,3000,1.0086551265
504867,504875,505708,8,833,2,7200,1.00960384154
504898,504917,505810,19,893,2,7200,1.02127659574
504919,504973,505849,54,876,2,7200,1.06164383562
504919,505179,508195,260,3016,2,3000,1.08620689655
505175,505187,506055,12,868,2,7200,1.01382488479
505175,505229,508232,54,3003,2,3000,1.01798201798
505226,505320,508324,94,3004,2,3000,1.03129161119
505226,505327,506235,101,908,2,7200,1.11123348018
505329,505364,506325,35,961,2,7200,1.03642039542
505360,505468,508471,108,3003,2,3000,1.03596403596
505360,505418,506320,58,902,2,7200,1.06430155211
505472,505521,508564,49,3043,2,3000,1.0161025304
505472,505478,506387,6,909,2,7200,1.00660066007
505523,505553,506506,30,953,2,7200,1.0314795383
505524,505559,508584,35,3025,2,3000,1.01157024793
505554,505565,506446,11,881,2,7200,1.01248581158
505565,505640,506475,75,835,2,7200,1.08982035928
505565,505634,508655,69,3021,2,3000,1.02284011917
505637,505687,506528,50,841,2,7200,1.0594530321
505637,505720,508748,83,3028,2,3000,1.02741083223
505719,505769,506588,50,819,2,7200,1.06105006105
505719,505775,508819,56,3044,2,3000,1.01839684625
505770,505821,506645,51,824,2,7200,1.06189320388
505822,505860,506672,38,812,2,7200,1.04679802956
505863,505904,506751,41,847,2,7200,1.04840613932
505904,505958,507072,54,1114,2,7200,1.04847396768
505956,506001,506924,45,923,2,7200,1.04875406284
505997,506031,506914,34,883,2,7200,1.03850509626
506028,506062,506938,34,876,2,7200,1.03881278539
506059,506068,506918,9,850,2,7200,1.01058823529
506070,506246,507079,176,833,2,7200,1.21128451381
506243,506332,507202,89,870,2,7200,1.10229885057
506336,506342,507219,6,877,2,7200,1.00684150513
506346,506352,507227,6,875,2,7200,1.00685714286
506357,506371,507239,14,868,2,7200,1.01612903226
506368,506398,507301,30,903,2,7200,1.03322259136
506399,506458,507485,59,1027,2,7200,1.05744888023
506460,506486,507335,26,849,2,7200,1.03062426384
506491,506517,507338,26,821,2,7200,1.03166869671
506522,506539,507402,17,863,2,7200,1.01969872538
506543,506549,507395,6,846,2,7200,1.00709219858
506553,506560,507387,7,827,2,7200,1.0084643289
506564,506599,507444,35,845,2,7200,1.04142011834
506595,506656,507588,61,932,2,7200,1.06545064378
506656,506684,507616,28,932,2,7200,1.03004291845
506687,506750,507558,63,808,2,7200,1.07797029703
506749,506762,507694,13,932,2,7200,1.01394849785
506760,506825,507718,65,893,2,7200,1.07278835386
506821,506852,507781,31,929,2,7200,1.03336921421
506852,506925,507799,73,874,2,7200,1.08352402746
506924,506931,507802,7,871,2,7200,1.00803673938
506934,506941,507773,7,832,2,7200,1.00841346154
506945,506951,507842,6,891,2,7200,1.00673400673
506956,506977,508104,21,1127,2,7200,1.01863354037
506976,507000,507845,24,845,2,7200,1.02840236686
506997,507071,507952,74,881,2,7200,1.0839954597
507069,507083,508004,14,921,2,7200,1.01520086862
507079,507091,508131,12,1040,2,7200,1.01153846154
507090,507181,508025,91,844,2,7200,1.10781990521
507182,507213,508029,31,816,2,7200,1.03799019608
507213,507230,508077,17,847,2,7200,1.02007083825
507234,507240,508124,6,884,2,7200,1.00678733032
507244,507250,508105,6,855,2,7200,1.00701754386
507255,507312,508130,57,818,2,7200,1.06968215159
507317,507347,508188,30,841,2,7200,1.03567181926
507348,507353,508431,5,1078,2,7200,1.00463821892
507358,507398,508290,40,892,2,7200,1.04484304933
507399,507407,508495,8,1088,2,7200,1.00735294118
507410,507416,508294,6,878,2,7200,1.00683371298
507420,507443,508360,23,917,2,7200,1.02508178844
507441,507455,508313,14,858,2,7200,1.01631701632
507452,507497,508347,45,850,2,7200,1.05294117647
507493,507569,508480,76,911,2,7200,1.0834248079
507565,507599,508433,34,834,2,7200,1.04076738609
507596,507627,508506,31,879,2,7200,1.03526734926
507627,507675,508530,48,855,2,7200,1.05614035088
507678,507684,508556,6,872,2,7200,1.00688073394
507689,507705,508544,16,839,2,7200,1.01907032181
507710,507729,508584,19,855,2,7200,1.02222222222
507730,507769,508729,39,960,2,7200,1.040625
507772,507784,508640,12,856,2,7200,1.01401869159
507782,507792,508624,10,832,2,7200,1.01201923077
507793,507811,508654,18,843,2,7200,1.02135231317
507813,507823,508702,10,879,2,7200,1.01137656428
507824,507853,508684,29,831,2,7200,1.0348977136
507855,507861,508673,6,812,2,7200,1.00738916256
507866,507908,508728,42,820,2,7200,1.0512195122
507907,507918,508737,11,819,2,7200,1.01343101343
507917,507963,508848,46,885,2,7200,1.05197740113
507958,508016,509227,58,1211,2,7200,1.04789430223
508020,508037,508916,17,879,2,7200,1.01934015927
508041,508047,508967,6,920,2,7200,1.00652173913
508051,508088,508942,37,854,2,7200,1.04332552693
508093,508115,508951,22,836,2,7200,1.02631578947
508113,508121,508945,8,824,2,7200,1.00970873786
508124,508135,508968,11,833,2,7200,1.01320528211
508135,508141,508996,6,855,2,7200,1.00701754386
508145,508151,508995,6,844,2,7200,1.00710900474
508156,508199,509070,43,871,2,7200,1.04936854191
508197,508206,509046,9,840,2,7200,1.01071428571
508207,508243,509067,36,824,2,7200,1.04368932039
508238,508301,509257,63,956,2,7200,1.06589958159
508300,508307,509148,7,841,2,7200,1.00832342449
508310,508324,509327,14,1003,2,7200,1.01395812562
508321,508335,509165,14,830,2,7200,1.01686746988
508331,508358,509170,27,812,2,7200,1.03325123153
508362,508371,509191,9,820,2,7200,1.01097560976
508373,508442,509287,69,845,2,7200,1.08165680473
508445,508451,509268,6,817,2,7200,1.00734394125
508455,508482,509398,27,916,2,7200,1.02947598253
508486,508492,509355,6,863,2,7200,1.00695249131
508497,508506,509430,9,924,2,7200,1.00974025974
508507,508518,509390,11,872,2,7200,1.0126146789
508518,508541,509400,23,859,2,7200,1.02677532014
508539,508555,509424,16,869,2,7200,1.01841196778
508560,508567,509389,7,822,2,7200,1.00851581509
508570,508579,509429,9,850,2,7200,1.01058823529
508581,508595,509460,14,865,2,7200,1.0161849711
508591,508601,509424,10,823,2,7200,1.01215066829
508602,508635,509439,33,804,2,7200,1.04104477612
508633,508651,509498,18,847,2,7200,1.0212514758
508653,508665,509490,12,825,2,7200,1.01454545455
508664,508671,509575,7,904,2,7200,1.00774336283
508675,508684,509558,9,874,2,7200,1.01029748284
508685,508696,509570,11,874,2,7200,1.01258581236
508696,508713,509572,17,859,2,7200,1.01979045402
508716,508739,509559,23,820,2,7200,1.02804878049
508737,508745,509580,8,835,2,7200,1.00958083832
508748,508754,509557,6,803,2,7200,1.00747198007
508758,508764,509525,6,761,2,7200,1.00788436268
508769,508830,509667,61,837,2,7200,1.07287933094
508830,508859,509866,29,1007,2,7200,1.02879841112
508861,508928,509943,67,1015,2,7200,1.06600985222
508933,508953,509820,20,867,2,7200,1.02306805075
508954,508960,509829,6,869,2,7200,1.00690448792
508964,508971,509923,7,952,2,7200,1.00735294118
508975,508981,509799,6,818,2,7200,1.00733496333
508986,508992,509826,6,834,2,7200,1.0071942446
508996,509006,509887,10,881,2,7200,1.0113507378
509007,509013,509887,6,874,2,7200,1.00686498856
509017,509058,509885,41,827,2,7200,1.04957678356
509058,509078,509902,20,824,2,7200,1.02427184466
509079,509085,509893,6,808,2,7200,1.00742574257
509090,509159,509968,69,809,2,7200,1.08529048208
509161,509177,510029,16,852,2,7200,1.01877934272
509182,509202,510019,20,817,2,7200,1.02447980416
509203,509209,510054,6,845,2,7200,1.00710059172
509214,509238,510049,24,811,2,7200,1.02959309494
509234,509269,510085,35,816,2,7200,1.04289215686
509265,509279,510095,14,816,2,7200,1.01715686275
509276,509298,510965,22,1667,2,7200,1.01319736053
509297,509338,510904,41,1566,2,7200,1.02618135377
509338,509367,510338,29,971,2,7200,1.0298661174
509369,509400,510303,31,903,2,7200,1.03433001107
509400,509406,510255,6,849,2,7200,1.00706713781
509410,509416,510317,6,901,2,7200,1.00665926748
509421,509427,510252,6,825,2,7200,1.00727272727
509431,509437,510241,6,804,2,7200,1.00746268657
509432,509443,510295,11,852,2,7200,1.01291079812
509442,509449,510252,7,803,2,7200,1.00871731009
509453,509459,510454,6,995,2,7200,1.00603015075
509463,509470,510291,7,821,2,7200,1.00852618758
509474,509480,510278,6,798,2,7200,1.00751879699
509485,509501,510315,16,814,2,7200,1.01965601966
509505,509512,510309,7,797,2,7200,1.00878293601
509516,509536,510393,20,857,2,7200,1.02333722287
509537,509568,510401,31,833,2,7200,1.03721488595
509568,509574,510388,6,814,2,7200,1.00737100737
509578,509584,510405,6,821,2,7200,1.00730816078
509578,509589,510861,11,1272,2,7200,1.00864779874
509589,509595,510404,6,809,2,7200,1.00741656366
509600,509606,510490,6,884,2,7200,1.00678733032
509610,509617,510521,7,904,2,7200,1.00774336283
509621,509679,510622,58,943,2,7200,1.06150583245
509683,509810,510759,127,949,2,7200,1.13382507903
509815,509831,510774,16,943,2,7200,1.01696712619
509836,509842,510654,6,812,2,7200,1.00738916256
509847,509853,510626,6,773,2,7200,1.00776196636
509857,509878,510649,21,771,2,7200,1.02723735409
509878,509896,510666,18,770,2,7200,1.02337662338
509899,509905,510730,6,825,2,7200,1.00727272727
509909,509916,510725,7,809,2,7200,1.0086526576
509920,509926,510807,6,881,2,7200,1.00681044268
509931,509937,510729,6,792,2,7200,1.00757575758
509941,509947,511072,6,1125,2,7200,1.00533333333
509952,509958,510845,6,887,2,7200,1.0067643743
509962,509980,510864,18,884,2,7200,1.02036199095
509983,510030,511079,47,1049,2,7200,1.04480457579
510034,510040,510850,6,810,2,7200,1.00740740741
510045,510060,510767,15,707,2,7200,1.02121640736
510055,510066,510808,11,742,2,7200,1.01482479784
510066,510096,510830,30,734,2,7200,1.0408719346
510097,510107,510934,10,827,2,7200,1.01209189843
510108,510252,511119,144,867,2,7200,1.1660899654
510251,510263,511209,12,946,2,7200,1.01268498943
510261,510269,511053,8,784,2,7200,1.01020408163
510272,510278,511183,6,905,2,7200,1.00662983425
510282,510289,511138,7,849,2,7200,1.00824499411
510293,510303,511194,10,891,2,7200,1.01122334456
510303,510309,511187,6,878,2,7200,1.00683371298
510314,510320,511155,6,835,2,7200,1.00718562874
510325,510331,511114,6,783,2,7200,1.00766283525
510335,510341,511221,6,880,2,7200,1.00681818182
510346,510352,511163,6,811,2,7200,1.00739827374
510356,510362,511233,6,871,2,7200,1.00688863375
510367,510399,511269,32,870,2,7200,1.0367816092
510398,510405,511219,7,814,2,7200,1.0085995086
510408,510414,511195,6,781,2,7200,1.00768245839
510419,510425,511323,6,898,2,7200,1.00668151448
510429,510436,511319,7,883,2,7200,1.00792751982
510440,510465,511357,25,892,2,7200,1.02802690583
510461,510501,511391,40,890,2,7200,1.04494382022
510502,510533,511315,31,782,2,7200,1.03964194373
510533,510633,511469,100,836,2,7200,1.11961722488
510635,510641,511493,6,852,2,7200,1.00704225352
510646,510660,511392,14,732,2,7200,1.01912568306
510656,510666,511536,10,870,2,7200,1.01149425287
510667,510677,512242,10,1565,2,7200,1.00638977636
510677,510736,511560,59,824,2,7200,1.07160194175
510739,510745,511526,6,781,2,7200,1.00768245839
510741,510751,517184,10,6433,2,12000,1.00155448469
510750,510771,511761,21,990,2,7200,1.02121212121
510770,510778,511660,8,882,2,7200,1.00907029478
510781,510787,511661,6,874,2,7200,1.00686498856
510782,510818,517242,36,6424,2,12000,1.00560398506
510822,510828,511819,6,991,2,7200,1.00605449041
510824,510841,517760,17,6919,2,12000,1.00245700246
510843,510856,511723,13,867,2,7200,1.01499423299
510853,510862,511676,9,814,2,7200,1.01105651106
510864,510873,511586,9,713,2,7200,1.0126227209
510874,510881,511617,7,736,2,7200,1.00951086957
510885,510916,511826,31,910,2,7200,1.03406593407
510885,510946,517408,61,6462,2,12000,1.00943980192
510947,510976,517213,29,6237,2,12000,1.00464967132
510947,511064,511902,117,838,2,7200,1.13961813842
511069,511083,517534,14,6451,2,12000,1.00217020617
511069,511090,511866,21,776,2,7200,1.02706185567
511090,511125,517396,35,6271,2,12000,1.00558124701
511090,511131,512008,41,877,2,7200,1.04675028506
511131,511171,512066,40,895,2,7200,1.04469273743
511131,511149,517804,18,6655,2,12000,1.00270473328
511173,511179,517664,6,6485,2,12000,1.00092521203
511173,511194,512094,21,900,2,7200,1.02333333333
511193,511200,512066,7,866,2,7200,1.00808314088
511193,511207,517624,14,6417,2,12000,1.00218170485
511204,511221,517296,17,6075,2,12000,1.00279835391
511204,511213,512171,9,958,2,7200,1.00939457203
511225,511237,517349,12,6112,2,12000,1.00196335079
511225,511231,512112,6,881,2,7200,1.00681044268
511235,511244,512137,9,893,2,7200,1.01007838746
511236,511280,517709,44,6429,2,12000,1.00684398818
511276,511326,512129,50,803,2,7200,1.06226650062
511277,511332,517738,55,6406,2,12000,1.00858570091
511328,511338,512216,10,878,2,7200,1.01138952164
511338,511402,518102,64,6700,2,12000,1.00955223881
511338,511369,512256,31,887,2,7200,1.03494926719
511400,511408,512271,8,863,2,7200,1.00926998841
511400,511480,518149,80,6669,2,12000,1.01199580147
511482,511537,517999,55,6462,2,12000,1.00851129681
511482,511504,512386,22,882,2,7200,1.02494331066
511533,511547,512467,14,920,2,7200,1.0152173913
511534,511572,518065,38,6493,2,12000,1.00585245649
511574,511598,512763,24,1165,2,7200,1.02060085837
511595,511671,512482,76,811,2,7200,1.09371146732
511595,511628,517866,33,6238,2,12000,1.0052901571
511667,511687,518101,20,6414,2,12000,1.00311817898
511667,511677,512513,10,836,2,7200,1.01196172249
511688,511773,518274,85,6501,2,12000,1.01307491155
511688,511734,512571,46,837,2,7200,1.05495818399
511770,511830,512675,60,845,2,7200,1.07100591716
511770,511837,518341,67,6504,2,12000,1.01030135301
511841,511877,512720,36,843,2,7200,1.04270462633
511872,511914,512773,42,859,2,7200,1.04889406286
511873,512019,518359,146,6340,2,12000,1.02302839117
512016,512082,518581,66,6499,2,12000,1.01015540852
512016,512077,512909,61,832,2,7200,1.07331730769
512077,512105,518382,28,6277,2,12000,1.00446072965
512108,512123,512950,15,827,2,7200,1.01813784764
512119,512140,518783,21,6643,2,12000,1.00316122234
512139,512148,512950,9,802,2,7200,1.01122194514
512149,512182,513053,33,871,2,7200,1.03788748565
512180,512267,518756,87,6489,2,12000,1.01340730467
512180,512227,513171,47,944,2,7200,1.04978813559
512272,512283,513168,11,885,2,7200,1.01242937853
512273,512398,518871,125,6473,2,12000,1.01931098409
512395,512494,518735,99,6241,2,12000,1.01586284249
512395,512478,513348,83,870,2,7200,1.09540229885
512497,512524,513353,27,829,2,7200,1.03256936068
512498,512583,519270,85,6687,2,12000,1.01271123075
512579,512686,513547,107,861,2,7200,1.12427409988
512580,512731,519151,151,6420,2,12000,1.02352024922
512733,512784,520141,51,7357,2,12000,1.00693217344
512733,512774,513599,41,825,2,7200,1.0496969697
512784,512920,513813,136,893,2,7200,1.1522956327
512784,512962,519458,178,6496,2,12000,1.02740147783
512958,512968,514010,10,1042,2,7200,1.00959692898
512958,513065,519519,107,6454,2,12000,1.01657886582
513061,513179,519338,118,6159,2,12000,1.01915895438
513183,513189,514010,6,821,2,7200,1.00730816078
513193,513359,514010,166,651,2,7200,1.25499231951
513357,513559,514010,202,451,2,7200,1.44789356984
513357,513365,520080,8,6715,2,12000,1.00119136262
513561,513824,514010,263,186,2,7200,2.41397849462
513561,513611,520085,50,6474,2,12000,1.00772320049
513827,514021,521009,194,6988,2,12000,1.0277618775
514010,514026,520434,16,6408,2,12000,1.0024968789
514021,514032,520710,11,6678,2,12000,1.00164719976
514032,514038,520244,6,6206,2,12000,1.00096680632
514042,514048,520319,6,6271,2,12000,1.0009567852
514053,517196,523908,3143,6712,2,12000,1.46826579261
514110,517224,518732,3114,1508,2,14400,3.0649867374
516490,517815,517823,1325,8,1,900,133.3
516502,518403,518515,1901,112,14,7980,17.9732142857
517222,517253,518600,31,1347,2,14400,1.02301410542
517253,517307,518869,54,1562,2,14400,1.03457106274
517304,517360,518883,56,1523,2,14400,1.03676953381
517356,517407,518882,51,1475,2,14400,1.03457627119
517407,517419,518952,12,1533,2,14400,1.00782778865
517417,517545,519094,128,1549,2,14400,1.08263395739
517541,517635,524218,94,6583,2,12000,1.01427920401
517632,517675,519317,43,1642,2,14400,1.02618757613
517673,517720,519198,47,1478,2,14400,1.03179972936
517715,517749,523957,34,6208,2,12000,1.00547680412
517745,517771,519348,26,1577,2,14400,1.01648700063
517767,517834,524301,67,6467,2,12000,1.01036029071
517837,517877,519453,40,1576,2,14400,1.02538071066
517878,518010,519501,132,1491,2,14400,1.08853118712
518011,518077,519646,66,1569,2,14400,1.04206500956
518073,518112,518116,39,4,2,14400,4.3
518114,518119,519342,5,1223,2,14400,1.00408830744
518114,518127,524639,13,6512,2,12000,1.0019963145
518124,518286,524712,162,6426,2,12000,1.02521008403
518124,518160,519356,36,1196,2,14400,1.03010033445
518288,518352,519579,64,1227,2,14400,1.0521597392
518349,518394,524506,45,6112,2,12000,1.00736256545
518349,518371,520304,22,1933,2,14400,1.01138127263
518391,518532,525302,141,6770,2,12000,1.02082717873
518391,518408,519984,17,1576,2,14400,1.01078680203
518513,518537,518545,24,8,1,900,3.2
518522,518749,518927,227,178,14,7980,2.27528089888
518534,518593,524884,59,6291,2,12000,1.00937847719
518534,518556,519911,22,1355,2,14400,1.01623616236
518595,518612,519981,17,1369,2,14400,1.01241782323
518616,518743,525458,127,6715,2,12000,1.01891288161
518616,518765,520246,149,1481,2,14400,1.1006076975
518769,518775,520279,6,1504,2,14400,1.0039893617
518770,518780,525019,10,6239,2,12000,1.00160282096
518780,518791,525665,11,6874,2,12000,1.00160023276
518780,518786,520270,6,1484,2,14400,1.00404312668
518791,518797,520294,6,1497,2,14400,1.00400801603
518791,518802,525189,11,6387,2,12000,1.00172224832
518801,518808,520285,7,1477,2,14400,1.00473933649
518801,518813,525278,12,6465,2,12000,1.00185614849
518812,518819,520319,7,1500,2,14400,1.00466666667
518812,518824,525566,12,6742,2,12000,1.00177988727
518822,518830,520311,8,1481,2,14400,1.00540175557
518823,518835,525553,12,6718,2,12000,1.00178624591
518833,518846,525548,13,6702,2,12000,1.00193971949
518833,518841,520309,8,1468,2,14400,1.00544959128
518844,518852,520391,8,1539,2,14400,1.00519818064
518854,518860,525579,6,6719,2,12000,1.00089299003
518854,518865,520385,11,1520,2,14400,1.00723684211
518865,518881,520452,16,1571,2,14400,1.0101845958
518865,518887,525221,22,6334,2,12000,1.0034733186
518885,518893,520437,8,1544,2,14400,1.00518134715
518886,518899,525345,13,6446,2,12000,1.00201675458
518896,518963,520420,67,1457,2,14400,1.04598490048
518896,519105,525426,209,6321,2,12000,1.03306438855
518925,519569,519577,644,8,1,900,65.2
518931,518938,519111,7,173,14,7980,1.04046242775
519101,519162,525879,61,6717,2,12000,1.00908143516
519101,519209,520685,108,1476,2,14400,1.07317073171
519109,519575,519580,466,5,1,900,47.1
519116,519122,519280,6,158,14,7980,1.03797468354
519213,519281,520448,68,1167,2,14400,1.05826906598
519214,519328,525803,114,6475,2,12000,1.01760617761
519277,519580,519585,303,5,1,900,30.8
519283,519291,519383,8,92,14,7980,1.08695652174
519326,519355,526507,29,7152,2,12000,1.00405480984
519326,519349,520713,23,1364,2,14400,1.01686217009
519357,519363,520626,6,1263,2,14400,1.00475059382
519368,519464,526096,96,6632,2,12000,1.01447527141
519368,519374,520672,6,1298,2,14400,1.00462249615
519381,519585,519589,204,4,1,900,20.8
519388,519394,519553,6,159,14,7980,1.03773584906
519460,519512,520948,52,1436,2,14400,1.03621169916
519460,519470,526163,10,6693,2,12000,1.00149409831
519512,519531,525749,19,6218,2,12000,1.0030556449
519512,519564,520922,52,1358,2,14400,1.0382916053
519549,519590,519594,41,4,1,900,4.5
519561,519922,520080,361,158,14,7980,3.28481012658
519563,519657,520980,94,1323,2,14400,1.07105064248
519563,519596,526044,33,6448,2,12000,1.005117866
519655,519992,521399,337,1407,2,14400,1.2395167022
519656,519998,526253,342,6255,2,12000,1.05467625899
520003,520102,526568,99,6466,2,12000,1.01531085679
520003,520096,521599,93,1503,2,14400,1.0618762475
520078,520306,520311,228,5,1,900,23.3
520084,520091,520248,7,157,14,7980,1.04458598726
520106,520152,521629,46,1477,2,14400,1.03114421124
520157,520256,521134,99,878,2,14400,1.11275626424
520157,520267,526659,110,6392,2,12000,1.01720901126
520246,520312,520315,66,3,1,900,6.9
520253,520262,520425,9,163,14,7980,1.05521472393
520270,520290,526488,20,6198,2,12000,1.00322684737
520270,520281,521853,11,1572,2,14400,1.00699745547
520290,520297,522469,7,2172,2,14400,1.0032228361
520301,520324,526559,23,6235,2,12000,1.00368885325
520301,520318,521785,17,1467,2,14400,1.01158827539
520322,520330,527025,8,6695,2,12000,1.00119492158
520322,520335,521874,13,1539,2,14400,1.00844704353
520333,520346,526597,13,6251,2,12000,1.00207966725
520333,520341,521887,8,1546,2,14400,1.00517464424
520343,520396,521910,53,1514,2,14400,1.03500660502
520343,520402,526690,59,6288,2,12000,1.00938295165
520405,520445,526890,40,6445,2,12000,1.00620636152
520405,520431,521959,26,1528,2,14400,1.01701570681
520422,520980,520985,558,5,1,900,56.3
520430,520437,520585,7,148,14,7980,1.0472972973
520446,520452,522033,6,1581,2,14400,1.00379506641
520456,520463,526931,7,6468,2,12000,1.00108225108
520457,520468,521982,11,1514,2,14400,1.0072655218
520467,520683,527289,216,6606,2,12000,1.03269754768
520467,520637,522105,170,1468,2,14400,1.11580381471
520581,520986,520990,405,4,1,900,40.9
520590,520596,520792,6,196,14,7980,1.0306122449
520682,520696,521952,14,1256,2,14400,1.01114649682
520682,520721,527130,39,6409,2,12000,1.0060851927
520723,520933,527120,210,6187,2,12000,1.03394213674
520723,520729,521984,6,1255,2,14400,1.00478087649
520790,520991,520996,201,5,1,900,20.6
520797,520803,520964,6,161,14,7980,1.03726708075
520938,520959,522290,21,1331,2,14400,1.01577761082
520938,520975,527177,37,6202,2,12000,1.00596581748
520962,520996,521000,34,4,1,900,3.8
520971,521699,521868,728,169,14,7980,5.30769230769
520979,521002,522350,23,1348,2,14400,1.01706231454
520979,521020,527265,41,6245,2,12000,1.0065652522
521021,521410,528155,389,6745,2,12000,1.05767234989
521021,521145,522720,124,1575,2,14400,1.07873015873
521409,521647,528301,238,6654,2,12000,1.03576795912
521409,521610,522964,201,1354,2,14400,1.14844903988
521644,521709,528345,65,6636,2,12000,1.00979505726
521644,521704,523730,60,2026,2,14400,1.02961500494
521706,521720,528121,14,6401,2,12000,1.00218715826
521706,521715,523057,9,1342,2,14400,1.00670640835
521716,521726,523374,10,1648,2,14400,1.00606796117
521727,521738,528380,11,6642,2,12000,1.00165612767
521727,521733,523198,6,1465,2,14400,1.00409556314
521738,521864,528313,126,6449,2,12000,1.01953791285
521738,521797,523334,59,1537,2,14400,1.03838646714
521861,521886,527889,25,6003,2,12000,1.00416458437
521866,522062,522070,196,8,1,900,20.4
521873,521879,522041,6,162,14,7980,1.03703703704
521882,521921,528401,39,6480,2,12000,1.00601851852
521882,521898,523467,16,1569,2,14400,1.01019757808
521923,521970,528203,47,6233,2,12000,1.00754051019
521923,521963,523620,40,1657,2,14400,1.02414001207
521974,521993,523483,19,1490,2,14400,1.01275167785
521975,521999,528229,24,6230,2,12000,1.00385232745
521995,522044,523588,49,1544,2,14400,1.0317357513
522038,522068,522073,30,5,1,900,3.5
522047,522052,523625,5,1573,2,14400,1.00317863954
522047,522057,528614,10,6557,2,12000,1.00152508769
522048,525082,525253,3034,171,14,7980,18.7426900585
522057,522116,528983,59,6867,2,12000,1.00859181593
522057,522074,523715,17,1641,2,14400,1.01035953687
522119,522361,528858,242,6497,2,12000,1.0372479606
522119,522301,523862,182,1561,2,14400,1.11659192825
522365,522480,524180,115,1700,2,14400,1.06764705882
522477,522715,524173,238,1458,2,14400,1.16323731139
522478,522731,529930,253,7199,2,12000,1.03514376997
522733,522976,524448,243,1472,2,14400,1.16508152174
522734,523069,529237,335,6168,2,12000,1.05431258106
523071,523346,529614,275,6268,2,12000,1.04387364391
523071,523209,524539,138,1330,2,14400,1.1037593985
523347,523478,529753,131,6275,2,12000,1.02087649402
523347,523386,524773,39,1387,2,14400,1.02811824081
523480,523494,524867,14,1373,2,14400,1.01019664967
523480,523599,530147,119,6548,2,12000,1.01817348809
523603,523631,524996,28,1365,2,14400,1.02051282051
523603,523726,530366,123,6640,2,12000,1.01852409639
523726,523741,525070,15,1329,2,14400,1.01128668172
523726,523873,530870,147,6997,2,12000,1.02100900386
523870,523919,525372,49,1453,2,14400,1.03372333104
523870,523968,530240,98,6272,2,12000,1.015625
523973,524184,525564,211,1380,2,14400,1.15289855072
524187,524193,525697,6,1504,2,14400,1.0039893617
524188,524229,530634,41,6405,2,12000,1.00640124902
524229,524313,525754,84,1441,2,14400,1.05829285219
524311,524517,530746,206,6229,2,12000,1.03307111896
524311,524459,525965,148,1506,2,14400,1.09827357238
524516,524650,526177,134,1527,2,14400,1.08775376555
524516,524550,531226,34,6676,2,12000,1.00509286998
524649,524723,526251,74,1528,2,14400,1.04842931937
524649,524784,531460,135,6676,2,12000,1.02022168963
524782,524895,531136,113,6241,2,12000,1.01810607274
524782,524878,526438,96,1560,2,14400,1.06153846154
524895,525007,526611,112,1604,2,14400,1.06982543641
524895,525200,531716,305,6516,2,12000,1.04680785758
525202,525264,531772,62,6508,2,12000,1.00952673632
525202,525232,526852,30,1620,2,14400,1.01851851852
525250,525269,525287,19,18,1,900,2.05555555556
525260,525578,525748,318,170,14,7980,2.87058823529
525264,525290,531726,26,6436,2,12000,1.00403977626
525264,525275,526799,11,1524,2,14400,1.00721784777
525295,525313,527101,18,1788,2,14400,1.01006711409
525295,525356,531803,61,6447,2,12000,1.00946176516
525357,525384,526970,27,1586,2,14400,1.01702395965
525357,525437,531709,80,6272,2,12000,1.01275510204
525439,525559,531626,120,6067,2,12000,1.01977913301
525439,525469,526961,30,1492,2,14400,1.02010723861
525562,525568,527049,6,1481,2,14400,1.00405131668
525572,525591,527137,19,1546,2,14400,1.01228978008
525593,525676,526975,83,1299,2,14400,1.06389530408
525675,525708,527031,33,1323,2,14400,1.02494331066
525706,525765,527096,59,1331,2,14400,1.04432757325
525746,525752,525763,6,11,1,900,1.54545454545
525753,525759,525940,6,181,14,7980,1.03314917127
525768,525774,527200,6,1426,2,14400,1.00420757363
525779,525814,527316,35,1502,2,14400,1.02330226365
525810,525890,527291,80,1401,2,14400,1.05710206995
525892,525977,527326,85,1349,2,14400,1.06300963677
525938,525944,525950,6,6,1,900,1.2
525946,525951,526115,5,164,14,7980,1.03048780488
525974,526055,527572,81,1517,2,14400,1.05339485827
526056,526108,527628,52,1520,2,14400,1.03421052632
526108,526174,527687,66,1513,2,14400,1.04362194316
526112,526118,526127,6,9,1,900,1.5
526120,526126,526282,6,156,14,7980,1.03846153846
526179,526188,527708,9,1520,2,14400,1.00592105263
526191,526262,527783,71,1521,2,14400,1.04667981591
526263,526269,527803,6,1534,2,14400,1.00391134289
526274,526449,527968,175,1519,2,14400,1.11520737327
526280,526286,526292,6,6,1,900,1.2
526287,526293,526498,6,205,14,7980,1.02926829268
526448,526499,528067,51,1568,2,14400,1.0325255102
526496,526505,526545,9,40,1,900,1.225
526499,526518,528173,19,1655,2,14400,1.01148036254
526503,526511,526704,8,193,14,7980,1.0414507772
526525,526571,528101,46,1530,2,14400,1.03006535948
526567,526579,528193,12,1614,2,14400,1.00743494424
526579,526608,527429,29,821,2,14400,1.0353227771
526611,526622,528188,11,1566,2,14400,1.00702426564
526622,526670,528243,48,1573,2,14400,1.03051493961
526673,526701,528130,28,1429,2,14400,1.01959412176
526685,526720,526723,35,3,2,3540,3.8
526702,526708,526726,6,18,1,900,1.33333333333
526704,526715,528045,11,1330,2,14400,1.00827067669
526715,526726,528054,11,1328,2,14400,1.00828313253
526723,527375,527539,652,164,14,7980,4.9756097561
526726,526732,528231,6,1499,2,14400,1.00400266845
526737,526743,528119,6,1376,2,14400,1.00436046512
526747,526810,528119,63,1309,2,14400,1.04812834225
526809,526864,528228,55,1364,2,14400,1.04032258065
526860,526901,527707,41,806,2,14400,1.05086848635
526902,526942,528505,40,1563,2,14400,1.02559181062
526943,526972,528516,29,1544,2,14400,1.01878238342
526974,526981,528500,7,1519,2,14400,1.00460829493
526984,526991,528500,7,1509,2,14400,1.00463883366
526995,527036,529171,41,2135,2,14400,1.01920374707
527037,527043,528578,6,1535,2,14400,1.00390879479
527047,527060,528654,13,1594,2,14400,1.00815558344
527058,527107,528730,49,1623,2,14400,1.03019100431
527109,527115,528661,6,1546,2,14400,1.00388098318
527120,527141,527978,21,837,2,14400,1.02508960573
527141,527148,528683,7,1535,2,14400,1.00456026059
527151,527211,528711,60,1500,2,14400,1.04
527213,527276,528080,63,804,2,14400,1.07835820896
527274,527300,528582,26,1282,2,14400,1.02028081123
527295,527306,528599,11,1293,2,14400,1.00850734725
527306,527327,529013,21,1686,2,14400,1.01245551601
527327,527338,528746,11,1408,2,14400,1.0078125
527337,527397,528856,60,1459,2,14400,1.04112405757
527399,527405,528902,6,1497,2,14400,1.00400801603
527410,527442,528818,32,1376,2,14400,1.02325581395
527441,527551,529020,110,1469,2,14400,1.07488087134
527537,527543,527549,6,6,1,900,1.2
527546,527814,527995,268,181,14,7980,2.48066298343
527554,527583,529043,29,1460,2,14400,1.0198630137
527585,527639,529145,54,1506,2,14400,1.03585657371
527637,527698,529216,61,1518,2,14400,1.04018445323
527698,527719,529289,21,1570,2,14400,1.01337579618
527719,527725,529470,6,1745,2,14400,1.00343839542
527727,527906,528082,179,176,1,3600,2.01704545455
527730,527794,529322,64,1528,2,14400,1.04188481675
527791,527901,529506,110,1605,2,14400,1.06853582555
527904,527979,529643,75,1664,2,14400,1.04507211538
527976,527990,529540,14,1550,2,14400,1.00903225806
527987,528056,529790,69,1734,2,14400,1.03979238754
527993,528092,528097,99,5,1,900,10.4
527999,528006,528179,7,173,14,7980,1.04046242775
528059,528065,529618,6,1553,2,14400,1.00386349002
528069,528078,529874,9,1796,2,14400,1.00501113586
528080,528098,529621,18,1523,2,14400,1.01181877873
528101,528112,529483,11,1371,2,14400,1.00802334063
528111,528130,529462,19,1332,2,14400,1.01426426426
528132,528138,529507,6,1369,2,14400,1.00438276114
528143,528149,529647,6,1498,2,14400,1.00400534045
528153,528160,529655,7,1495,2,14400,1.00468227425
528164,528170,529603,6,1433,2,14400,1.00418702024
528175,528189,529607,14,1418,2,14400,1.00987306065
528177,528183,528188,6,5,1,900,1.1
528185,528201,529791,16,1590,2,14400,1.01006289308
528186,528195,528378,9,183,14,7980,1.04918032787
528206,528212,529805,6,1593,2,14400,1.00376647834
528216,528223,530065,7,1842,2,14400,1.00380021716
528227,528239,529818,12,1579,2,14400,1.00759974668
528238,528245,529878,7,1633,2,14400,1.0042865891
528248,528254,529752,6,1498,2,14400,1.00400534045
528259,528265,529838,6,1573,2,14400,1.00381436745
528268,528274,528614,6,340,1,3600,1.01764705882
528269,528312,529794,43,1482,2,14400,1.0290148448
528311,528324,529621,13,1297,2,14400,1.0100231303
528321,528357,529661,36,1304,2,14400,1.02760736196
528352,528395,529730,43,1335,2,14400,1.03220973783
528376,528530,528536,154,6,1,900,16.0
528383,528388,528643,5,255,14,7980,1.01960784314
528394,528412,529760,18,1348,2,14400,1.01335311573
528414,528511,530278,97,1767,2,14400,1.05489530277
528507,528517,530246,10,1729,2,14400,1.00578368999
528518,528524,530154,6,1630,2,14400,1.0036809816
528528,528547,530144,19,1597,2,14400,1.01189730745
528550,528589,530121,39,1532,2,14400,1.02545691906
528591,528597,530164,6,1567,2,14400,1.00382897256
528602,528610,530094,8,1484,2,14400,1.00539083558
528612,528626,530145,14,1519,2,14400,1.00921658986
528624,528654,530097,30,1443,2,14400,1.02079002079
528641,528659,528663,18,4,1,900,2.2
528651,528665,528838,14,173,14,7980,1.08092485549
528655,528672,530041,17,1369,2,14400,1.01241782323
528676,528694,530055,18,1361,2,14400,1.01322556943
528696,528722,530033,26,1311,2,14400,1.01983218917
528727,528741,530524,14,1783,2,14400,1.00785193494
528738,528757,530363,19,1606,2,14400,1.01183063512
528759,528829,530390,70,1561,2,14400,1.04484304933
528831,528849,530425,18,1576,2,14400,1.0114213198
528834,528854,528860,20,6,1,900,2.6
528845,528913,529174,68,261,14,7980,1.26053639847
528852,528860,530558,8,1698,2,14400,1.00471142521
528862,528869,530418,7,1549,2,14400,1.00451904454
528873,528995,530463,122,1468,2,14400,1.08310626703
528972,529031,529874,59,843,1,3600,1.0699881376
528996,529024,530565,28,1541,2,14400,1.01817001947
529027,529037,530460,10,1423,2,14400,1.00702740689
529037,529054,530647,17,1593,2,14400,1.01067168864
529058,529156,530489,98,1333,2,14400,1.07351837959
529161,529182,530580,21,1398,2,14400,1.01502145923
529173,529523,529544,350,21,1,900,17.6666666667
529182,529188,529451,6,263,14,7980,1.02281368821
529182,529227,530805,45,1578,2,14400,1.02851711027
529223,529248,530834,25,1586,2,14400,1.0157629256
529244,529300,531007,56,1707,2,14400,1.03280609256
529305,529333,530921,28,1588,2,14400,1.01763224181
529336,529473,530953,137,1480,2,14400,1.09256756757
529448,529529,529546,81,17,1,900,5.76470588235
529455,529462,529733,7,271,14,7980,1.0258302583
529470,529481,530949,11,1468,2,14400,1.00749318801
529480,529494,531048,14,1554,2,14400,1.00900900901
529491,529517,531023,26,1506,2,14400,1.01726427623
529522,529552,530937,30,1385,2,14400,1.02166064982
529555,529561,530875,6,1314,2,14400,1.00456621005
529566,529614,530960,48,1346,2,14400,1.03566121842
529617,529623,530999,6,1376,2,14400,1.00436046512
529628,529634,531335,6,1701,2,14400,1.00352733686
529638,529645,531244,7,1599,2,14400,1.00437773609
529649,529655,531325,6,1670,2,14400,1.00359281437
529660,529666,531246,6,1580,2,14400,1.00379746835
529670,529676,531191,6,1515,2,14400,1.00396039604
529681,529687,531482,6,1795,2,14400,1.00334261838
529691,529698,531273,7,1575,2,14400,1.00444444444
529702,529708,531160,6,1452,2,14400,1.0041322314
529712,529742,531464,30,1722,2,14400,1.01742160279
529731,529769,529775,38,6,1,900,4.4
529738,529748,529997,10,249,14,7980,1.04016064257
529743,529764,531253,21,1489,2,14400,1.01410342512
529764,529776,531335,12,1559,2,14400,1.00769724182
529775,529782,531236,7,1454,2,14400,1.00481430536
529786,529801,531251,15,1450,2,14400,1.01034482759
529806,529812,531367,6,1555,2,14400,1.0038585209
529817,529823,531255,6,1432,2,14400,1.00418994413
529828,529834,531340,6,1506,2,14400,1.00398406375
529838,529844,531582,6,1738,2,14400,1.00345224396
529849,529855,531368,6,1513,2,14400,1.0039656312
529859,529884,531665,25,1781,2,14400,1.01403705783
529880,529890,531543,10,1653,2,14400,1.00604960678
529892,529898,531483,6,1585,2,14400,1.00378548896
529902,529941,531479,39,1538,2,14400,1.02535760728
529943,530008,531541,65,1533,2,14400,1.04240052185
529995,530013,530020,18,7,1,900,2.5
530005,530044,531744,39,1700,2,14400,1.02294117647
530008,530052,530293,44,241,14,7980,1.18257261411
530046,530066,531869,20,1803,2,14400,1.01109262341
530067,530076,531626,9,1550,2,14400,1.00580645161
530078,530106,531563,28,1457,2,14400,1.01921757035
530110,530116,531656,6,1540,2,14400,1.0038961039
530121,530132,531542,11,1410,2,14400,1.00780141844
530131,530156,531550,25,1394,2,14400,1.01793400287
530154,530162,531516,8,1354,2,14400,1.0059084195
530169,530175,531695,6,1520,2,14400,1.00394736842
530180,530186,531830,6,1644,2,14400,1.00364963504
530190,530196,531683,6,1487,2,14400,1.00403496974
530201,530252,531588,51,1336,2,14400,1.03817365269
530252,530258,531707,6,1449,2,14400,1.00414078675
530263,530289,531763,26,1474,2,14400,1.01763907734
530292,530310,530323,18,13,1,900,2.38461538462
530294,530305,531847,11,1542,2,14400,1.00713359274
530305,530375,531976,70,1601,2,14400,1.04372267333
530308,530381,530640,73,259,14,7980,1.28185328185
530377,530401,531934,24,1533,2,14400,1.0156555773
530397,530429,531997,32,1568,2,14400,1.02040816327
530428,530436,532030,8,1594,2,14400,1.00501882058
530439,530471,532109,32,1638,2,14400,1.01953601954
530471,530477,532066,6,1589,2,14400,1.00377595972
530481,530500,532047,19,1547,2,14400,1.01228183581
530502,530536,532136,34,1600,2,14400,1.02125
530533,530570,532081,37,1511,2,14400,1.02448709464
530574,530580,532059,6,1479,2,14400,1.00405679513
530585,530591,532101,6,1510,2,14400,1.00397350993
530595,530645,532019,50,1374,2,14400,1.03639010189
530638,530651,530656,13,5,1,900,1.8
530647,530659,532104,12,1445,2,14400,1.00830449827
530649,530667,530932,18,265,14,7980,1.0679245283
530657,530758,532231,101,1473,2,14400,1.06856754922
530760,530817,532224,57,1407,2,14400,1.04051172708
530822,530845,532278,23,1433,2,14400,1.01605024424
530842,530881,532313,39,1432,2,14400,1.02723463687
530884,530890,532299,6,1409,2,14400,1.00425833925
530894,530932,532397,38,1465,2,14400,1.02593856655
530931,530948,530954,17,6,1,900,2.3
530935,530943,532417,8,1474,2,14400,1.00542740841
530943,530969,531191,26,222,14,7980,1.11711711712
530946,530954,532468,8,1514,2,14400,1.00528401585
530957,530963,532525,6,1562,2,14400,1.00384122919
530967,530975,532478,8,1503,2,14400,1.00532268796
530978,531010,532659,32,1649,2,14400,1.01940570042
531010,531018,532581,8,1563,2,14400,1.00511836212
531021,531034,532623,13,1589,2,14400,1.00818124607
531031,531059,532674,28,1615,2,14400,1.0173374613
531062,531147,532775,85,1628,2,14400,1.05221130221
531109,531266,531385,157,119,1,3600,2.31932773109
531144,531171,532662,27,1491,2,14400,1.01810865191
531175,531207,532779,32,1572,2,14400,1.0203562341
531188,531261,531269,73,8,1,900,8.1
531196,531202,531454,6,252,14,7980,1.02380952381
531206,531237,532716,31,1479,2,14400,1.02096010818
531237,531247,532840,10,1593,2,14400,1.0062774639
531248,531255,532795,7,1540,2,14400,1.00454545455
531249,531277,531460,28,183,1,3600,1.15300546448
531259,531272,532641,13,1369,2,14400,1.00949598247
531270,531284,532786,14,1502,2,14400,1.00932090546
531281,531290,532662,9,1372,2,14400,1.00655976676
531291,531297,532653,6,1356,2,14400,1.00442477876
531302,531336,532824,34,1488,2,14400,1.02284946237
531333,531346,532835,13,1489,2,14400,1.00873069174
531343,531352,532796,9,1444,2,14400,1.00623268698
531354,531360,532796,6,1436,2,14400,1.00417827298
531364,531378,532830,14,1452,2,14400,1.00964187328
531375,531384,532929,9,1545,2,14400,1.00582524272
531386,531465,532961,79,1496,2,14400,1.05280748663
531448,531454,531488,6,34,1,900,1.17647058824
531472,531479,533112,7,1633,2,14400,1.0042865891
531485,531491,533256,6,1765,2,14400,1.00339943343
531490,531497,531739,7,242,14,7980,1.02892561983
531495,531503,533043,8,1540,2,14400,1.00519480519
531506,531512,534488,6,2976,2,14400,1.00201612903
531516,531522,533090,6,1568,2,14400,1.00382653061
531527,531533,533044,6,1511,2,14400,1.00397088021
531537,531552,533110,15,1558,2,14400,1.00962772786
531548,531558,532967,10,1409,2,14400,1.00709723208
531559,531564,533004,5,1440,2,14400,1.00347222222
531569,531575,533152,6,1577,2,14400,1.00380469245
531578,531730,532046,152,316,1,3600,1.48101265823
531580,531586,533034,6,1448,2,14400,1.00414364641
531590,531597,533223,7,1626,2,14400,1.00430504305
531601,531607,532968,6,1361,2,14400,1.00440852314
531612,531637,533008,25,1371,2,14400,1.01823486506
531632,531643,533107,11,1464,2,14400,1.0075136612
531643,531667,533267,24,1600,2,14400,1.015
531652,531735,532071,83,336,1,3600,1.24702380952
531664,531677,533127,13,1450,2,14400,1.00896551724
531674,531695,533215,21,1520,2,14400,1.01381578947
531695,531707,533128,12,1421,2,14400,1.00844475721
531706,531718,533177,12,1459,2,14400,1.00822481151
531716,531724,533302,8,1578,2,14400,1.00506970849
531727,531741,533310,14,1569,2,14400,1.00892288082
531737,531755,531761,18,6,1,900,2.4
531738,531750,533400,12,1650,2,14400,1.00727272727
531745,531774,532049,29,275,14,7980,1.10545454545
531748,531761,533558,13,1797,2,14400,1.00723427935
531759,531783,533345,24,1562,2,14400,1.01536491677
531780,531814,533363,34,1549,2,14400,1.02194964493
531811,531841,533449,30,1608,2,14400,1.01865671642
531842,531858,533402,16,1544,2,14400,1.0103626943
531863,531881,533277,18,1396,2,14400,1.01289398281
531884,531945,533342,61,1397,2,14400,1.04366499642
531945,531987,533399,42,1412,2,14400,1.02974504249
531986,532009,533414,23,1405,2,14400,1.01637010676
532007,532031,533395,24,1364,2,14400,1.01759530792
532028,532041,533516,13,1475,2,14400,1.00881355932
532039,532062,533427,23,1365,2,14400,1.01684981685
532048,532056,532062,8,6,1,900,1.4
532059,532082,532348,23,266,14,7980,1.08646616541
532060,532068,533591,8,1523,2,14400,1.00525279054
532070,532076,533672,6,1596,2,14400,1.0037593985
532081,532088,533850,7,1762,2,14400,1.00397275823
532092,532098,533681,6,1583,2,14400,1.00379027164
532103,532113,533537,10,1424,2,14400,1.00702247191
532113,532119,533556,6,1437,2,14400,1.00417536534
532124,532130,533626,6,1496,2,14400,1.00401069519
532134,532147,534024,13,1877,2,14400,1.00692594566
532145,532236,533817,91,1581,2,14400,1.05755850727
532237,532243,533827,6,1584,2,14400,1.00378787879
532248,532289,533910,41,1621,2,14400,1.02529302899
532289,532310,533905,21,1595,2,14400,1.0131661442
532310,532324,533994,14,1670,2,14400,1.00838323353
532321,532408,533959,87,1551,2,14400,1.05609284333
532346,532428,532434,82,6,1,900,8.8
532358,532978,533220,620,242,14,7980,3.56198347107
532401,532434,533299,33,865,1,3600,1.03815028902
532413,532479,533903,66,1424,2,14400,1.04634831461
532475,532489,534018,14,1529,2,14400,1.00915631131
532485,532536,533976,51,1440,2,14400,1.03541666667
532488,532495,533150,7,655,1,3600,1.0106870229
532537,532592,534015,55,1423,2,14400,1.03865073788
532588,532665,534087,77,1422,2,14400,1.05414908579
532671,532677,534056,6,1379,2,14400,1.00435097897
532681,532687,534135,6,1448,2,14400,1.00414364641
532692,532698,534239,6,1541,2,14400,1.0038935756
532702,532727,534337,25,1610,2,14400,1.01552795031
532723,532786,534217,63,1431,2,14400,1.04402515723
532785,532792,534229,7,1437,2,14400,1.00487125957
532795,532806,534233,11,1427,2,14400,1.00770847933
532806,532812,534306,6,1494,2,14400,1.00401606426
532817,532823,534278,6,1455,2,14400,1.00412371134
532827,532835,534447,8,1612,2,14400,1.00496277916
532838,532844,534459,6,1615,2,14400,1.00371517028
532848,532855,534624,7,1769,2,14400,1.00395703787
532859,532940,534502,81,1562,2,14400,1.05185659411
532941,532984,534546,43,1562,2,14400,1.02752880922
532982,533016,534502,34,1486,2,14400,1.02288021534
533013,533022,534577,9,1555,2,14400,1.00578778135
533024,533045,534490,21,1445,2,14400,1.01453287197
533045,533054,534621,9,1567,2,14400,1.00574345884
533056,533062,534484,6,1422,2,14400,1.00421940928
533066,533101,534636,35,1535,2,14400,1.02280130293
533097,533119,534519,22,1400,2,14400,1.01571428571
533118,533125,534528,7,1403,2,14400,1.00498930862
533129,533135,534484,6,1349,2,14400,1.00444773907
533139,533145,534698,6,1553,2,14400,1.00386349002
533150,533160,534673,10,1513,2,14400,1.00660938533
533161,533167,534657,6,1490,2,14400,1.00402684564
533172,533189,534645,17,1456,2,14400,1.01167582418
533193,533226,534668,33,1442,2,14400,1.02288488211
533218,533237,533242,19,5,1,900,2.4
533224,533232,534671,8,1439,2,14400,1.00555941626
533230,533265,533518,35,253,14,7980,1.13833992095
533234,533243,534695,9,1452,2,14400,1.00619834711
533245,533251,534839,6,1588,2,14400,1.00377833753
533255,533270,534845,15,1575,2,14400,1.00952380952
533266,533276,534915,10,1639,2,14400,1.00610128127
533277,533282,534913,5,1631,2,14400,1.00306560392
533287,533293,534899,6,1606,2,14400,1.00373599004
533298,533304,534839,6,1535,2,14400,1.00390879479
533309,533316,534925,7,1609,2,14400,1.00435052828
533320,533326,534988,6,1662,2,14400,1.0036101083
533331,533337,534880,6,1543,2,14400,1.00388852884
533341,533347,534790,6,1443,2,14400,1.00415800416
533352,533358,534742,6,1384,2,14400,1.00433526012
533362,533368,534753,6,1385,2,14400,1.00433212996
533373,533379,534799,6,1420,2,14400,1.00422535211
533383,533390,534719,7,1329,2,14400,1.00526711813
533394,533400,535077,6,1677,2,14400,1.00357781753
533405,533410,534995,5,1585,2,14400,1.00315457413
533415,533421,534917,6,1496,2,14400,1.00401069519
533426,533432,534979,6,1547,2,14400,1.00387847447
533436,533443,534951,7,1508,2,14400,1.00464190981
533447,533453,534921,6,1468,2,14400,1.00408719346
533458,533464,534860,6,1396,2,14400,1.00429799427
533468,533474,535675,6,2201,2,14400,1.00272603362
533479,533528,535027,49,1499,2,14400,1.03268845897
533518,533534,533539,16,5,1,900,2.1
533529,533548,533800,19,252,14,7980,1.0753968254
533530,533554,534906,24,1352,2,14400,1.01775147929
533551,533567,534913,16,1346,2,14400,1.01188707281
533572,533578,534840,6,1262,2,14400,1.00475435816
533582,533602,535037,20,1435,2,14400,1.01393728223
533603,533637,535150,34,1513,2,14400,1.02247191011
533634,533683,535248,49,1565,2,14400,1.03130990415
533685,533692,535165,7,1473,2,14400,1.00475220638
533696,533811,535250,115,1439,2,14400,1.07991660876
533799,533816,533834,17,18,1,900,1.94444444444
533809,533920,534186,111,266,14,7980,1.41729323308
533809,533828,535328,19,1500,2,14400,1.01266666667
533830,533838,535404,8,1566,2,14400,1.00510855683
533840,533914,535243,74,1329,2,14400,1.05568096313
533912,533925,535268,13,1343,2,14400,1.0096798213
533923,533931,535286,8,1355,2,14400,1.00590405904
533933,533970,535265,37,1295,2,14400,1.02857142857
533975,533987,535291,12,1304,2,14400,1.00920245399
533985,534005,535581,20,1576,2,14400,1.01269035533
534006,534026,535607,20,1581,2,14400,1.01265022138
534027,534033,535505,6,1472,2,14400,1.00407608696
534037,534044,535567,7,1523,2,14400,1.00459619173
534048,534067,535646,19,1579,2,14400,1.01203293224
534069,534098,535515,29,1417,2,14400,1.02046577276
534100,534146,535471,46,1325,2,14400,1.03471698113
534151,534198,535565,47,1367,2,14400,1.03438185808
534184,534203,534209,19,6,1,900,2.5
534193,534240,534499,47,259,14,7980,1.18146718147
534203,534228,535595,25,1367,2,14400,1.01828822238
534224,534246,536401,22,2155,2,14400,1.01020881671
534244,534252,535597,8,1345,2,14400,1.00594795539
534255,534289,535623,34,1334,2,14400,1.02548725637
534286,534317,535853,31,1536,2,14400,1.02018229167
534317,534348,535843,31,1495,2,14400,1.02073578595
534348,534459,535860,111,1401,2,14400,1.07922912206
534461,534470,535917,9,1447,2,14400,1.00621976503
534472,534495,535969,23,1474,2,14400,1.01560379919
534492,534501,536011,9,1510,2,14400,1.0059602649
534497,534521,534526,24,5,1,900,2.9
534503,534509,536054,6,1545,2,14400,1.00388349515
534508,534526,534642,18,116,1,3600,1.15517241379
534508,534515,534817,7,302,14,7980,1.02317880795
534514,534532,535950,18,1418,2,14400,1.01269393512
534535,534541,535897,6,1356,2,14400,1.00442477876
534546,534552,535948,6,1396,2,14400,1.00429799427
534556,534562,535916,6,1354,2,14400,1.00443131462
534567,534573,535847,6,1274,2,14400,1.00470957614
534577,534589,536084,12,1495,2,14400,1.00802675585
534588,534633,536077,45,1444,2,14400,1.0311634349
534629,534639,536130,10,1491,2,14400,1.00670690812
534640,534652,536308,12,1656,2,14400,1.00724637681
534651,534658,536269,7,1611,2,14400,1.00434512725
534661,534667,536032,6,1365,2,14400,1.0043956044
534672,534678,536193,6,1515,2,14400,1.00396039604
534682,534688,536178,6,1490,2,14400,1.00402684564
534693,534699,536038,6,1339,2,14400,1.00448095594
534703,534709,536149,6,1440,2,14400,1.00416666667
534714,534720,536129,6,1409,2,14400,1.00425833925
534725,534731,536021,6,1290,2,14400,1.00465116279
534735,534742,536375,7,1633,2,14400,1.0042865891
534746,534753,536352,7,1599,2,14400,1.00437773609
534757,534764,536371,7,1607,2,14400,1.00435594275
534767,534802,536439,35,1637,2,14400,1.02138057422
534798,534810,536428,12,1618,2,14400,1.00741656366
534809,534829,536430,20,1601,2,14400,1.01249219238
534813,534839,535152,26,313,1,3600,1.08306709265
534816,534834,534841,18,7,1,900,2.5
534830,534850,536453,20,1603,2,14400,1.01247660636
534832,534856,535124,24,268,14,7980,1.08955223881
534851,534862,536295,11,1433,2,14400,1.00767620377
534861,534872,536298,11,1426,2,14400,1.00771388499
534872,534892,536352,20,1460,2,14400,1.01369863014
534893,534911,536366,18,1455,2,14400,1.01237113402
534913,534920,536430,7,1510,2,14400,1.00463576159
534924,534930,536276,6,1346,2,14400,1.0044576523
534935,534941,536417,6,1476,2,14400,1.00406504065
534937,534947,535067,10,120,1,1800,1.08333333333
534945,534953,536367,8,1414,2,14400,1.00565770863
534956,534961,536594,5,1633,2,14400,1.00306184936
534966,534972,536435,6,1463,2,14400,1.004101162
534977,534983,536371,6,1388,2,14400,1.00432276657
534987,534994,536413,7,1419,2,14400,1.00493305144
534998,535004,536408,6,1404,2,14400,1.00427350427
535009,535015,536585,6,1570,2,14400,1.00382165605
535019,535025,536979,6,1954,2,14400,1.00307062436
535030,535038,536929,8,1891,2,14400,1.00423056584
535040,535049,536662,9,1613,2,14400,1.00557966522
535051,535088,536708,37,1620,2,14400,1.02283950617
535093,535136,536832,43,1696,2,14400,1.02535377358
535122,535141,535146,19,5,1,900,2.4
535133,535161,535409,28,248,14,7980,1.11290322581
535134,535166,536929,32,1763,2,14400,1.01815087918
535165,535176,536905,11,1729,2,14400,1.00636205899
535176,535254,536778,78,1524,2,14400,1.05118110236
535258,535264,536807,6,1543,2,14400,1.00388852884
535269,535275,536876,6,1601,2,14400,1.00374765771
535279,535285,536751,6,1466,2,14400,1.00409276944
535290,535296,536711,6,1415,2,14400,1.00424028269
535300,535306,536774,6,1468,2,14400,1.00408719346
535311,535317,536774,6,1457,2,14400,1.00411805079
535322,535339,536827,17,1488,2,14400,1.01142473118
535342,535415,536904,73,1489,2,14400,1.04902619208
535359,535431,535543,72,112,1,1800,1.64285714286
535407,535426,535431,19,5,1,900,2.4
535414,535421,536858,7,1437,2,14400,1.00487125957
535417,535576,535839,159,263,14,7980,1.60456273764
535425,535483,536889,58,1406,2,14400,1.04125177809
535487,535516,537005,29,1489,2,14400,1.0194761585
535518,535526,536935,8,1409,2,14400,1.00567778566
535528,535582,537050,54,1468,2,14400,1.03678474114
535581,535592,537314,11,1722,2,14400,1.00638792102
535591,535606,537226,15,1620,2,14400,1.00925925926
535602,535612,537215,10,1603,2,14400,1.00623830318
535605,535861,536456,256,595,1,3600,1.43025210084
535613,535618,537234,5,1616,2,14400,1.00309405941
535623,535635,537282,12,1647,2,14400,1.0072859745
535634,535657,537289,23,1632,2,14400,1.01409313725
535655,535687,537396,32,1709,2,14400,1.01872440023
535686,535851,537355,165,1504,2,14400,1.10970744681
535837,535856,535861,19,5,1,900,2.4
535849,535874,536132,25,258,14,7980,1.09689922481
535850,535868,537377,18,1509,2,14400,1.01192842942
535871,535880,537307,9,1427,2,14400,1.00630693763
535881,535908,537298,27,1390,2,14400,1.01942446043
535912,535928,537244,16,1316,2,14400,1.01215805471
535933,535939,537336,6,1397,2,14400,1.00429491768
535944,535959,537377,15,1418,2,14400,1.01057827927
535954,535965,537401,11,1436,2,14400,1.00766016713
535965,535980,537422,15,1442,2,14400,1.01040221914
535976,536022,537561,46,1539,2,14400,1.02988953866
536027,536033,537466,6,1433,2,14400,1.00418702024
536038,536044,537662,6,1618,2,14400,1.00370828183
536048,536054,537468,6,1414,2,14400,1.00424328147
536059,536065,537657,6,1592,2,14400,1.00376884422
536069,536088,537745,19,1657,2,14400,1.01146650573
536090,536096,537734,6,1638,2,14400,1.00366300366
536101,536143,537738,42,1595,2,14400,1.0263322884
536131,536137,536143,6,6,1,900,1.2
536139,536165,536422,26,257,14,7980,1.10116731518
536142,536149,537793,7,1644,2,14400,1.00425790754
536153,536159,537778,6,1619,2,14400,1.00370599135
536163,536189,537811,26,1622,2,14400,1.01602959309
536194,536205,537787,11,1582,2,14400,1.00695322377
536205,536280,537736,75,1456,2,14400,1.05151098901
536206,536212,536721,6,509,1,1800,1.01178781925
536277,536287,537781,10,1494,2,14400,1.00669344043
536288,536306,537672,18,1366,2,14400,1.01317715959
536309,536315,537745,6,1430,2,14400,1.0041958042
536319,536325,537771,6,1446,2,14400,1.00414937759
536330,536363,537800,33,1437,2,14400,1.02296450939
536361,536369,537763,8,1394,2,14400,1.00573888092
536371,536377,537842,6,1465,2,14400,1.00409556314
536382,536388,537862,6,1474,2,14400,1.00407055631
536393,536399,537869,6,1470,2,14400,1.00408163265
536403,536409,537868,6,1459,2,14400,1.00411240576
536414,536420,537838,6,1418,2,14400,1.00423131171
536421,536427,536445,6,18,1,900,1.33333333333
536424,536433,537824,9,1391,2,14400,1.00647016535
536428,536439,536533,11,94,14,7980,1.1170212766
536435,536445,537812,10,1367,2,14400,1.00731528895
536446,536452,538133,6,1681,2,14400,1.00356930399
536456,536466,538088,10,1622,2,14400,1.00616522811
536468,536474,538090,6,1616,2,14400,1.00371287129
536478,536485,538215,7,1730,2,14400,1.00404624277
536489,536495,538117,6,1622,2,14400,1.00369913687
536500,536506,538112,6,1606,2,14400,1.00373599004
536510,536516,538105,6,1589,2,14400,1.00377595972
536521,536527,537932,6,1405,2,14400,1.00427046263
536531,536545,538051,14,1506,2,14400,1.00929614874
536531,536550,536551,19,1,1,900,2.0
536542,536557,537990,15,1433,2,14400,1.01046755059
536553,536563,537973,10,1410,2,14400,1.00709219858
536563,536569,537940,6,1371,2,14400,1.00437636761
536574,536580,538034,6,1454,2,14400,1.00412654746
536584,536591,538035,7,1444,2,14400,1.00484764543
536595,536601,538050,6,1449,2,14400,1.00414078675
536606,536612,538089,6,1477,2,14400,1.00406228842
536616,536622,538094,6,1472,2,14400,1.00407608696
536627,536674,538051,47,1377,2,14400,1.03413217139
536678,536719,538108,41,1389,2,14400,1.02951763859
536720,536725,538174,5,1449,2,14400,1.00345065562
536730,536737,538211,7,1474,2,14400,1.00474898236
536741,536763,538408,22,1645,2,14400,1.01337386018
536762,536784,538560,22,1776,2,14400,1.01238738739
536783,536790,538560,7,1770,2,14400,1.00395480226
536793,536799,538565,6,1766,2,14400,1.00339750849
536804,536818,538401,14,1583,2,14400,1.00884396715
536814,536839,538560,25,1721,2,14400,1.01452643812
536835,536845,538559,10,1714,2,14400,1.00583430572
536846,536869,538560,23,1691,2,14400,1.01360141928
536867,536888,538560,21,1672,2,14400,1.01255980861
536888,536900,538280,12,1380,2,14400,1.00869565217
536898,536915,538241,17,1326,2,14400,1.01282051282
536919,536925,538381,6,1456,2,14400,1.00412087912
536929,536941,538395,12,1454,2,14400,1.00825309491
536940,536947,538361,7,1414,2,14400,1.00495049505
536951,536957,538659,6,1702,2,14400,1.00352526439
536961,536990,538560,29,1570,2,14400,1.01847133758
536992,537016,538560,24,1544,2,14400,1.01554404145
537013,537061,538560,48,1499,2,14400,1.03202134757
537064,537226,538668,162,1442,2,14400,1.11234396671
537228,537237,538634,9,1397,2,14400,1.00644237652
537239,537246,538598,7,1352,2,14400,1.00517751479
537250,537255,538818,5,1563,2,14400,1.00319897633
537260,537293,538964,33,1671,2,14400,1.0197486535
537291,537300,538935,9,1635,2,14400,1.00550458716
537302,537309,538914,7,1605,2,14400,1.00436137072
537313,537319,538922,6,1603,2,14400,1.00374298191
537324,537330,538984,6,1654,2,14400,1.00362756953
537334,537347,538998,13,1651,2,14400,1.00787401575
537345,537366,538864,21,1498,2,14400,1.01401869159
537366,537388,538844,22,1456,2,14400,1.01510989011
537387,537394,538989,7,1595,2,14400,1.00438871473
537397,537407,538820,10,1413,2,14400,1.00707714084
537408,537414,538841,6,1427,2,14400,1.00420462509
537419,537434,538844,15,1410,2,14400,1.01063829787
537439,537477,538948,38,1471,2,14400,1.02583276683
537481,537487,538972,6,1485,2,14400,1.00404040404
537491,537573,538964,82,1391,2,14400,1.0589503954
537574,537668,539638,94,1970,2,14400,1.04771573604
537667,537674,539086,7,1412,2,14400,1.00495750708
537677,537683,539098,6,1415,2,14400,1.00424028269
537688,537745,539147,57,1402,2,14400,1.04065620542
537750,537755,539138,5,1383,2,14400,1.00361532899
537760,537767,540675,7,2908,2,14400,1.00240715268
537771,537777,539415,6,1638,2,14400,1.00366300366
537782,537788,539404,6,1616,2,14400,1.00371287129
537792,537798,539383,6,1585,2,14400,1.00378548896
537803,537809,539401,6,1592,2,14400,1.00376884422
537813,537820,539343,7,1523,2,14400,1.00459619173
537824,537830,539382,6,1552,2,14400,1.00386597938
537834,537841,539316,7,1475,2,14400,1.00474576271
537845,537851,539301,6,1450,2,14400,1.00413793103
537856,537862,539288,6,1426,2,14400,1.00420757363
537866,537872,539396,6,1524,2,14400,1.00393700787
537877,537883,539444,6,1561,2,14400,1.00384368994
537887,537894,539273,7,1379,2,14400,1.00507614213
537898,537904,539387,6,1483,2,14400,1.004045853
537909,537915,539414,6,1499,2,14400,1.00400266845
537919,537925,539378,6,1453,2,14400,1.00412938747
537930,537936,539409,6,1473,2,14400,1.00407331976
537940,537947,539506,7,1559,2,14400,1.00449005773
537951,537957,539410,6,1453,2,14400,1.00412938747
537962,537968,539358,6,1390,2,14400,1.00431654676
537972,537984,539421,12,1437,2,14400,1.00835073069
537983,538001,539633,18,1632,2,14400,1.01102941176
538004,538045,539824,41,1779,2,14400,1.02304665542
538045,538051,539622,6,1571,2,14400,1.00381922342
538056,538061,539635,5,1574,2,14400,1.00317662008
538066,538072,539333,6,1261,2,14400,1.00475812847
538077,538083,539323,6,1240,2,14400,1.00483870968
538087,538100,539217,13,1117,2,14400,1.01163831692
538098,538106,539334,8,1228,2,14400,1.00651465798
538109,538115,539511,6,1396,2,14400,1.00429799427
538119,538125,539465,6,1340,2,14400,1.00447761194
538130,538136,539588,6,1452,2,14400,1.0041322314
538141,538147,539496,6,1349,2,14400,1.00444773907
538151,538157,539763,6,1606,2,14400,1.00373599004
538162,538168,539773,6,1605,2,14400,1.00373831776
538172,538179,539774,7,1595,2,14400,1.00438871473
538183,538189,539911,6,1722,2,14400,1.00348432056
538194,538222,539678,28,1456,2,14400,1.01923076923
538225,538231,539344,6,1113,2,14400,1.00539083558
538236,538253,539426,17,1173,2,14400,1.01449275362
538256,538291,539599,35,1308,2,14400,1.02675840979
538287,538372,539754,85,1382,2,14400,1.06150506512
538331,538412,538596,81,184,1,1800,1.4402173913
538370,538392,539760,22,1368,2,14400,1.01608187135
538390,538406,539726,16,1320,2,14400,1.01212121212
538411,538419,539709,8,1290,2,14400,1.00620155039
538422,538571,540241,149,1670,2,14400,1.08922155689
538570,538577,540070,7,1493,2,14400,1.00468854655
538581,538587,540415,6,1828,2,14400,1.00328227571
538591,538598,540212,7,1614,2,14400,1.00433705081
538602,538608,539961,6,1353,2,14400,1.0044345898
538613,538619,539903,6,1284,2,14400,1.0046728972
538623,538629,539829,6,1200,2,14400,1.005
538634,538640,539990,6,1350,2,14400,1.00444444444
538644,538651,540014,7,1363,2,14400,1.00513573001
538655,538661,540007,6,1346,2,14400,1.0044576523
538666,538672,539985,6,1313,2,14400,1.00456968774
538676,538682,540021,6,1339,2,14400,1.00448095594
538687,538693,540335,6,1642,2,14400,1.00365408039
538697,538703,540363,6,1660,2,14400,1.00361445783
538699,538864,538984,165,120,1,1800,2.375
538708,538714,540320,6,1606,2,14400,1.00373599004
538719,538829,540415,110,1586,2,14400,1.06935687264
538831,538838,540364,7,1526,2,14400,1.00458715596
538842,538853,540157,11,1304,2,14400,1.00843558282
538853,538859,540030,6,1171,2,14400,1.00512382579
538863,538876,540329,13,1453,2,14400,1.00894700619
538874,538925,540270,51,1345,2,14400,1.03791821561
538905,538983,539075,78,92,1,1800,1.84782608696
538925,538933,540320,8,1387,2,14400,1.00576784427
538936,538946,540307,10,1361,2,14400,1.00734753857
538946,538959,540231,13,1272,2,14400,1.01022012579
538957,538975,540461,18,1486,2,14400,1.01211305518
538978,538989,540606,11,1617,2,14400,1.00680272109
538989,538995,540652,6,1657,2,14400,1.00362100181
539000,539006,540540,6,1534,2,14400,1.00391134289
539010,539016,540542,6,1526,2,14400,1.00393184797
539021,539027,540511,6,1484,2,14400,1.00404312668
539031,539085,540293,54,1208,2,14400,1.04470198675
539083,539097,540505,14,1408,2,14400,1.00994318182
539101,539109,540548,8,1439,2,14400,1.00555941626
539112,539149,540495,37,1346,2,14400,1.02748885587
539153,539159,540462,6,1303,2,14400,1.00460475825
539164,539228,540543,64,1315,2,14400,1.04866920152
539225,539284,540945,59,1661,2,14400,1.03552077062
539287,539299,540887,12,1588,2,14400,1.00755667506
539298,539313,540894,15,1581,2,14400,1.00948766603
539309,539328,540888,19,1560,2,14400,1.01217948718
539324,539344,539460,20,116,1,1800,1.1724137931
539330,539336,540854,6,1518,2,14400,1.00395256917
539341,539350,540962,9,1612,2,14400,1.00558312655
539351,539357,540748,6,1391,2,14400,1.00431344357
539362,539368,540895,6,1527,2,14400,1.00392927308
539372,539378,540959,6,1581,2,14400,1.00379506641
539383,539389,540894,6,1505,2,14400,1.00398671096
539394,539399,541132,5,1733,2,14400,1.00288517023
539404,539410,540855,6,1445,2,14400,1.00415224913
539415,539421,540904,6,1483,2,14400,1.004045853
539426,539432,540863,6,1431,2,14400,1.00419287212
539436,539442,540815,6,1373,2,14400,1.00436999272
539447,539453,541887,6,2434,2,14400,1.00246507806
539457,539463,540708,6,1245,2,14400,1.00481927711
539468,539474,540873,6,1399,2,14400,1.0042887777
539479,539485,540771,6,1286,2,14400,1.00466562986
539489,539495,540794,6,1299,2,14400,1.00461893764
539500,539506,540849,6,1343,2,14400,1.00446760983
539511,539517,540824,6,1307,2,14400,1.00459066565
539521,539527,541349,6,1822,2,14400,1.00329308452
539532,539538,541114,6,1576,2,14400,1.0038071066
539542,539548,541098,6,1550,2,14400,1.00387096774
539553,539559,541112,6,1553,2,14400,1.00386349002
539564,539570,541097,6,1527,2,14400,1.00392927308
539574,539580,541129,6,1549,2,14400,1.00387346675
539585,539600,541143,15,1543,2,14400,1.0097213221
539605,539611,541245,6,1634,2,14400,1.00367197062
539616,539633,541166,17,1533,2,14400,1.01108936725
539637,539644,541187,7,1543,2,14400,1.00453661698
539647,539654,541128,7,1474,2,14400,1.00474898236
539658,539664,541191,6,1527,2,14400,1.00392927308
539669,539689,541259,20,1570,2,14400,1.0127388535
539689,539721,541183,32,1462,2,14400,1.0218878249
539720,539738,541174,18,1436,2,14400,1.01253481894
539741,539765,541046,24,1281,2,14400,1.018735363
539762,539771,541131,9,1360,2,14400,1.00661764706
539773,539779,541073,6,1294,2,14400,1.00463678516
539783,539789,541077,6,1288,2,14400,1.00465838509
539794,539800,541057,6,1257,2,14400,1.00477326969
539805,539836,541290,31,1454,2,14400,1.02132049519
539836,539842,541123,6,1281,2,14400,1.00468384075
539846,539915,541470,69,1555,2,14400,1.04437299035
539918,539924,541531,6,1607,2,14400,1.00373366521
539929,539972,541526,43,1554,2,14400,1.02767052767
539970,539996,542113,26,2117,2,14400,1.01228153047
539989,540045,540322,56,277,1,1800,1.20216606498
540001,540007,541671,6,1664,2,14400,1.00360576923
540012,540017,541597,5,1580,2,14400,1.00316455696
540022,540029,541504,7,1475,2,14400,1.00474576271
540033,540039,541631,6,1592,2,14400,1.00376884422
540044,540081,541674,37,1593,2,14400,1.02322661645
540085,540168,541941,83,1773,2,14400,1.04681331077
540160,540339,540906,179,567,1,1800,1.31569664903
540167,540223,541692,56,1469,2,14400,1.03812117086
540219,540243,541706,24,1463,2,14400,1.01640464798
540239,540252,541715,13,1463,2,14400,1.00888585099
540250,540281,541707,31,1426,2,14400,1.02173913043
540281,540305,541599,24,1294,2,14400,1.01854714065
540302,540318,541605,16,1287,2,14400,1.01243201243
540323,540332,541707,9,1375,2,14400,1.00654545455
540334,540345,541624,11,1279,2,14400,1.00860046912
540345,540351,541898,6,1547,2,14400,1.00387847447
540355,540362,541685,7,1323,2,14400,1.00529100529
540366,540375,541776,9,1401,2,14400,1.00642398287
540376,540383,541732,7,1349,2,14400,1.00518902891
540387,540426,541914,39,1488,2,14400,1.02620967742
540428,540434,542098,6,1664,2,14400,1.00360576923
540439,540473,542016,34,1543,2,14400,1.02203499676
540470,540479,541940,9,1461,2,14400,1.00616016427
540481,540506,542056,25,1550,2,14400,1.01612903226
540512,540518,542045,6,1527,2,14400,1.00392927308
540522,540528,542074,6,1546,2,14400,1.00388098318
540533,540551,542171,18,1620,2,14400,1.01111111111
540554,540559,542108,5,1549,2,14400,1.00322788896
540555,540565,542117,10,1552,2,14400,1.00644329897
540565,540571,542037,6,1466,2,14400,1.00409276944
540576,540617,542086,41,1469,2,14400,1.02791014295
540617,540663,542196,46,1533,2,14400,1.03000652316
540658,540686,542158,28,1472,2,14400,1.01902173913
540689,540720,542266,31,1546,2,14400,1.02005174644
540720,540760,542043,40,1283,2,14400,1.03117692907
540762,540783,542108,21,1325,2,14400,1.0158490566
540782,540805,542158,23,1353,2,14400,1.0169992609
540803,540826,542114,23,1288,2,14400,1.01785714286
540824,540835,542134,11,1299,2,14400,1.00846805235
540835,540861,542233,26,1372,2,14400,1.01895043732
540866,540872,542437,6,1565,2,14400,1.00383386581
540876,540882,542390,6,1508,2,14400,1.00397877984
540887,540893,542496,6,1603,2,14400,1.00374298191
540897,540904,542426,7,1522,2,14400,1.00459921156
540908,540914,542437,6,1523,2,14400,1.00393959291
540919,540925,542461,6,1536,2,14400,1.00390625
540930,540936,542403,6,1467,2,14400,1.00408997955
540940,540946,542580,6,1634,2,14400,1.00367197062
540951,540957,542489,6,1532,2,14400,1.00391644909
540961,540967,542495,6,1528,2,14400,1.00392670157
540972,540978,542448,6,1470,2,14400,1.00408163265
540983,540989,542500,6,1511,2,14400,1.00397088021
540993,540999,542454,6,1455,2,14400,1.00412371134
541004,541010,542662,6,1652,2,14400,1.00363196126
541014,541057,542417,43,1360,2,14400,1.03161764706
541056,541068,542394,12,1326,2,14400,1.00904977376
541066,541084,542363,18,1279,2,14400,1.01407349492
541087,541093,542400,6,1307,2,14400,1.00459066565
541098,541108,542523,10,1415,2,14400,1.00706713781
541108,541114,542571,6,1457,2,14400,1.00411805079
541119,541125,542412,6,1287,2,14400,1.00466200466
541129,541135,542569,6,1434,2,14400,1.00418410042
541140,541146,542777,6,1631,2,14400,1.00367872471
541151,541157,542711,6,1554,2,14400,1.00386100386
541161,541167,543030,6,1863,2,14400,1.00322061192
541172,541177,542726,5,1549,2,14400,1.00322788896
541182,541188,542851,6,1663,2,14400,1.00360793746
541193,541199,542836,6,1637,2,14400,1.0036652413
541203,541210,542855,7,1645,2,14400,1.00425531915
541214,541220,542783,6,1563,2,14400,1.00383877159
541225,541231,542739,6,1508,2,14400,1.00397877984
541235,541241,542786,6,1545,2,14400,1.00388349515
541246,541252,542898,6,1646,2,14400,1.00364520049
541256,541263,542687,7,1424,2,14400,1.00491573034
541267,541273,542851,6,1578,2,14400,1.00380228137
541278,541301,542701,23,1400,2,14400,1.01642857143
541298,541361,543125,63,1764,2,14400,1.03571428571
541360,541481,542903,121,1422,2,14400,1.08509142053
541483,541515,542865,32,1350,2,14400,1.0237037037
541514,541537,542817,23,1280,2,14400,1.01796875
541535,541543,542880,8,1337,2,14400,1.00598354525
541546,541609,542813,63,1204,2,14400,1.0523255814
541607,541615,543223,8,1608,2,14400,1.00497512438
541618,541624,543148,6,1524,2,14400,1.00393700787
541628,541634,543114,6,1480,2,14400,1.00405405405
541639,541645,543227,6,1582,2,14400,1.00379266751
541650,541683,543483,33,1800,2,14400,1.01833333333
541681,541689,543333,8,1644,2,14400,1.00486618005
541691,541697,543306,6,1609,2,14400,1.00372902424
541702,541708,543318,6,1610,2,14400,1.00372670807
541712,541718,543235,6,1517,2,14400,1.00395517469
541723,541729,543219,6,1490,2,14400,1.00402684564
541734,541740,543299,6,1559,2,14400,1.00384862091
541744,541751,543202,7,1451,2,14400,1.00482425913
541755,541761,543216,6,1455,2,14400,1.00412371134
541766,541787,543214,21,1427,2,14400,1.01471618781
541786,541898,543410,112,1512,2,14400,1.07407407407
541899,541909,543255,10,1346,2,14400,1.00742942051
541910,541926,543237,16,1311,2,14400,1.0122044241
541931,541951,543281,20,1330,2,14400,1.01503759398
541952,541957,543259,5,1302,2,14400,1.00384024578
541962,542028,543330,66,1302,2,14400,1.05069124424
542024,542049,543413,25,1364,2,14400,1.01832844575
542045,542055,543560,10,1505,2,14400,1.00664451827
542055,542061,543749,6,1688,2,14400,1.00355450237
542066,542072,545088,6,3016,2,14400,1.00198938992
542077,542085,543629,8,1544,2,14400,1.00518134715
542087,542098,543752,11,1654,2,14400,1.00665054414
542098,542109,543641,11,1532,2,14400,1.00718015666
542108,542119,543652,11,1533,2,14400,1.00717547293
542119,542125,543552,6,1427,2,14400,1.00420462509
542129,542136,543801,7,1665,2,14400,1.0042042042
542140,542146,543609,6,1463,2,14400,1.004101162
542151,542157,543543,6,1386,2,14400,1.00432900433
542161,542167,543592,6,1425,2,14400,1.00421052632
542172,542178,543549,6,1371,2,14400,1.00437636761
542182,542189,543648,7,1459,2,14400,1.00479780672
542193,542199,543615,6,1416,2,14400,1.00423728814
542204,542210,543556,6,1346,2,14400,1.0044576523
542214,542244,543748,30,1504,2,14400,1.01994680851
542245,542277,543621,32,1344,2,14400,1.02380952381
542276,542375,543725,99,1350,2,14400,1.07333333333
542379,542401,543651,22,1250,2,14400,1.0176
542400,542407,543657,7,1250,2,14400,1.0056
542410,542417,543986,7,1569,2,14400,1.00446144041
542421,542427,543978,6,1551,2,14400,1.00386847195
542432,542437,544029,5,1592,2,14400,1.00314070352
542442,542448,544026,6,1578,2,14400,1.00380228137
542453,542458,543987,5,1529,2,14400,1.00327011118
542463,542470,543967,7,1497,2,14400,1.0046760187
542474,542480,543921,6,1441,2,14400,1.00416377516
542485,542491,543907,6,1416,2,14400,1.00423728814
542495,542501,543687,6,1186,2,14400,1.00505902192
542506,542512,543873,6,1361,2,14400,1.00440852314
542517,542523,543757,6,1234,2,14400,1.00486223663
542527,542533,543730,6,1197,2,14400,1.00501253133
542538,542544,543985,6,1441,2,14400,1.00416377516
542549,542555,544171,6,1616,2,14400,1.00371287129
542559,542565,544105,6,1540,2,14400,1.0038961039
542570,542580,544035,10,1455,2,14400,1.00687285223
542580,542586,544012,6,1426,2,14400,1.00420757363
542591,542597,544022,6,1425,2,14400,1.00421052632
542601,542673,544128,72,1455,2,14400,1.04948453608
542673,542698,544170,25,1472,2,14400,1.01698369565
542679,542867,542917,188,50,1,1800,4.76
542694,542712,543926,18,1214,2,14400,1.01482701812
542715,542723,543996,8,1273,2,14400,1.00628436764
542726,542737,543986,11,1249,2,14400,1.00880704564
542736,542751,543985,15,1234,2,14400,1.01215559157
542747,542788,544510,41,1722,2,14400,1.02380952381
542788,542794,544340,6,1546,2,14400,1.00388098318
542799,542805,544343,6,1538,2,14400,1.00390117035
542809,542824,544501,15,1677,2,14400,1.00894454383
542820,542830,544358,10,1528,2,14400,1.00654450262
542831,542848,544265,17,1417,2,14400,1.01199717713
542851,542862,544299,11,1437,2,14400,1.00765483646
542862,542873,544299,11,1426,2,14400,1.00771388499
542873,542879,544145,6,1266,2,14400,1.00473933649
542883,542891,544135,8,1244,2,14400,1.00643086817
542894,542909,544187,15,1278,2,14400,1.0117370892
542904,542915,544304,11,1389,2,14400,1.00791936645
542915,542923,544446,8,1523,2,14400,1.00525279054
542927,543041,544625,114,1584,2,14400,1.07196969697
543039,543125,544661,86,1536,2,14400,1.05598958333
543122,543136,544726,14,1590,2,14400,1.00880503145
543132,543159,544595,27,1436,2,14400,1.01880222841
543163,543213,544655,50,1442,2,14400,1.0346740638
543215,543225,544959,10,1734,2,14400,1.00576701269
543225,543231,544646,6,1415,2,14400,1.00424028269
543236,543242,544489,6,1247,2,14400,1.00481154771
543246,543252,544453,6,1201,2,14400,1.0049958368
543249,543258,543343,9,85,1,1800,1.10588235294
543257,543264,544398,7,1134,2,14400,1.00617283951
543268,543274,544510,6,1236,2,14400,1.00485436893
543278,543284,544823,6,1539,2,14400,1.00389863548
543289,543295,544863,6,1568,2,14400,1.00382653061
543299,543306,544848,7,1542,2,14400,1.00453955901
543310,543316,544822,6,1506,2,14400,1.00398406375
543321,543327,544758,6,1431,2,14400,1.00419287212
543332,543338,544764,6,1426,2,14400,1.00420757363
543342,543348,544822,6,1474,2,14400,1.00407055631
543353,543359,544758,6,1399,2,14400,1.0042887777
543363,543370,544617,7,1247,2,14400,1.00561347233
543374,543421,544679,47,1258,2,14400,1.0373608903
543426,543432,544584,6,1152,2,14400,1.00520833333
543436,543494,544607,58,1113,2,14400,1.0521114106
544340,544346,544638,6,292,1,1800,1.02054794521
544957,544963,544966,6,3,1,57600,1.0
545216,545223,546056,7,833,2,417600,1.00840336134
545302,545308,602944,6,57636,2,57600,1.0001041016
551854,551861,558585,7,6724,2,12000,1.001041047
551865,551871,558317,6,6446,2,12000,1.0009308098
551865,551876,558637,11,6761,2,12000,1.00162697826
551876,551882,558307,6,6425,2,12000,1.00093385214
551876,551887,558543,11,6656,2,12000,1.00165264423
551887,551898,558587,11,6689,2,12000,1.00164449096
551887,551893,558641,6,6748,2,12000,1.00088915234
551898,551909,558802,11,6893,2,12000,1.00159582185
551898,551904,558627,6,6723,2,12000,1.00089245872
551909,551920,558615,11,6695,2,12000,1.00164301718
551909,551915,558626,6,6711,2,12000,1.00089405454
551920,551931,558919,11,6988,2,12000,1.00157412707
551920,551926,558619,6,6693,2,12000,1.00089645899
551931,551937,558766,6,6829,2,12000,1.00087860595
551931,551942,558679,11,6737,2,12000,1.00163277423
551942,551948,558349,6,6401,2,12000,1.00093735354
551942,551953,558598,11,6645,2,12000,1.00165537998
551953,551964,558621,11,6657,2,12000,1.00165239597
551953,551958,558659,5,6701,2,12000,1.00074615729
551964,551969,558724,5,6755,2,12000,1.00074019245
551964,551975,558389,11,6414,2,12000,1.00171499844
551975,551986,558945,11,6959,2,12000,1.00158068688
551975,551981,558684,6,6703,2,12000,1.00089512159
551986,551991,558778,5,6787,2,12000,1.00073670252
551986,551997,558686,11,6689,2,12000,1.00164449096
551997,552008,558726,11,6718,2,12000,1.00163739208
551997,552003,559031,6,7028,2,12000,1.00085372795
552008,552019,558668,11,6649,2,12000,1.00165438412
552008,552014,558800,6,6786,2,12000,1.0008841733
552019,552024,558680,5,6656,2,12000,1.00075120192
552019,552030,558703,11,6673,2,12000,1.00164843399
552030,552035,558979,5,6944,2,12000,1.00072004608
552030,552041,558462,11,6421,2,12000,1.0017131288
552041,552052,558814,11,6762,2,12000,1.00162673765
552041,552047,558483,6,6436,2,12000,1.00093225606
552052,552058,558718,6,6660,2,12000,1.0009009009
552052,552063,558816,11,6753,2,12000,1.00162890567
552063,552074,559360,11,7286,2,12000,1.00150974472
552063,552069,558525,6,6456,2,12000,1.00092936803
552074,552085,558756,11,6671,2,12000,1.0016489282
552074,552079,558794,5,6715,2,12000,1.00074460164
552085,552091,558760,6,6669,2,12000,1.00089968511
552095,552101,558870,6,6769,2,12000,1.00088639385
552106,552112,558789,6,6677,2,12000,1.00089860716
552116,552123,558823,7,6700,2,12000,1.00104477612
552127,552133,558701,6,6568,2,12000,1.0009135201
552138,552144,561896,6,9752,2,12000,1.00061525841
552148,552154,558884,6,6730,2,12000,1.00089153046
552159,552165,558823,6,6658,2,12000,1.00090117152
552169,552176,559322,7,7146,2,12000,1.00097956899
552180,552186,558973,6,6787,2,12000,1.00088404302
552191,552197,558688,6,6491,2,12000,1.0009243568
552201,552207,559106,6,6899,2,12000,1.00086969126
552212,552218,558942,6,6724,2,12000,1.000892326
552222,552229,559331,7,7102,2,12000,1.00098563785
552233,552239,558903,6,6664,2,12000,1.00090036014
552244,552250,558898,6,6648,2,12000,1.00090252708
552254,552261,559030,7,6769,2,12000,1.00103412616
552265,552271,559021,6,6750,2,12000,1.00088888889
552276,552282,559081,6,6799,2,12000,1.00088248272
552286,552292,559794,6,7502,2,12000,1.00079978672
552297,552303,559029,6,6726,2,12000,1.00089206066
552307,552313,558945,6,6632,2,12000,1.00090470446
552318,552324,558997,6,6673,2,12000,1.00089914581
552329,552335,559024,6,6689,2,12000,1.00089699507
552339,552345,559050,6,6705,2,12000,1.00089485459
552350,552356,559222,6,6866,2,12000,1.00087387125
552360,552367,559033,7,6666,2,12000,1.00105010501
552371,552377,558999,6,6622,2,12000,1.00090607067
552382,552388,559119,6,6731,2,12000,1.00089139801
552392,552399,559059,7,6660,2,12000,1.00105105105
552403,552409,559068,6,6659,2,12000,1.00090103619
552414,552420,559108,6,6688,2,12000,1.00089712919
552424,552430,559150,6,6720,2,12000,1.00089285714
552435,552441,559203,6,6762,2,12000,1.00088731145
552446,552452,559108,6,6656,2,12000,1.00090144231
552456,552462,559279,6,6817,2,12000,1.00088015256
552467,552473,559157,6,6684,2,12000,1.00089766607
552477,552484,559156,7,6672,2,12000,1.00104916067
552488,552494,559060,6,6566,2,12000,1.00091379836
552499,552505,559182,6,6677,2,12000,1.00089860716
552509,552516,558974,7,6458,2,12000,1.00108392691
552520,553399,560035,879,6636,2,12000,1.13245931284
553400,553406,560055,6,6649,2,12000,1.00090239134
553411,553417,559854,6,6437,2,12000,1.00093211123
553421,553427,560078,6,6651,2,12000,1.00090211998
553432,553438,560101,6,6663,2,12000,1.00090049527
553443,558318,564768,4875,6450,2,12000,1.75581395349
556838,558324,565223,1486,6899,1,43200,1.21539353529
557049,558609,572215,1560,13606,1,26400,1.11465529913
557143,558615,593954,1472,35339,1,64800,1.04165369705
557395,558638,645084,1243,86446,2,86400,1.01437891863
557396,866159,952579,308763,86420,2,86400,4.57281879195
557396,645091,731511,87695,86420,2,86400,2.01475352928
557397,968521,1054931,411124,86410,2,86400,5.75782895498
557398,1064819,1151223,507421,86404,2,86400,6.8726563585
557398,1151229,1237660,593831,86431,2,86400,7.87057884324
557399,1237694,1324099,680295,86405,2,86400,8.87332908975
557400,1410548,1496966,853148,86418,2,86400,10.8723414104
557400,1324117,1410542,766717,86425,2,86400,9.87147237489
557401,1496977,1583412,939576,86435,2,86400,11.8703187366
557402,1583420,1669823,1026018,86403,2,86400,12.874796014
557402,1669829,1670237,1112427,408,2,86400,2727.53676471
557403,1670243,1670256,1112840,13,2,86400,85604.0769231
557404,1670263,1670264,1112859,1,2,86400,111286.0
557405,1670270,1670271,1112865,1,2,86400,111286.6
557405,1670277,1670278,1112872,1,2,86400,111287.3
557406,1670283,1670284,1112877,1,2,86400,111287.8
557407,1670290,1670292,1112883,2,2,86400,111288.5
557407,1670299,1670300,1112892,1,2,86400,111289.3
557990,558649,570010,659,11361,2,36000,1.05800545727
558323,558330,565061,7,6731,2,12000,1.00103996434
558334,558360,565007,26,6647,2,12000,1.00391153904
558365,558400,564855,35,6455,2,12000,1.00542215337
558396,558473,565222,77,6749,2,12000,1.01140909764
558469,558494,565151,25,6657,2,12000,1.0037554454
558490,558536,565188,46,6652,2,12000,1.00691521347
558541,558554,565196,13,6642,2,12000,1.00195724179
558552,558596,565457,44,6861,2,12000,1.00641305932
558593,558602,565437,9,6835,2,12000,1.00131675201
558604,558627,565280,23,6653,2,12000,1.00345708703
558625,558633,565131,8,6498,2,12000,1.00123114805
558636,558644,565386,8,6742,2,12000,1.00118659152
558646,558656,565383,10,6727,2,12000,1.00148654675
558657,558663,565343,6,6680,2,12000,1.00089820359
558668,558674,565396,6,6722,2,12000,1.00089259149
558678,558685,565366,7,6681,2,12000,1.00104774734
558689,558695,565139,6,6444,2,12000,1.0009310987
558700,558706,565486,6,6780,2,12000,1.00088495575
558711,558717,565352,6,6635,2,12000,1.0009042954
558721,558727,565596,6,6869,2,12000,1.00087348959
558732,558738,565382,6,6644,2,12000,1.00090307044
558743,558749,565624,6,6875,2,12000,1.00087272727
558753,558759,565249,6,6490,2,12000,1.00092449923
558764,558770,565492,6,6722,2,12000,1.00089259149
558775,558781,565454,6,6673,2,12000,1.00089914581
558785,558791,565233,6,6442,2,12000,1.00093138777
558796,558802,565455,6,6653,2,12000,1.00090184879
558807,558812,565444,5,6632,2,12000,1.00075392039
558817,558823,565557,6,6734,2,12000,1.00089100089
562592,562598,563587,6,989,2,36000,1.00606673407
562593,562604,563764,11,1160,2,36000,1.00948275862
562595,562609,563609,14,1000,2,36000,1.014
562596,562614,563596,18,982,2,36000,1.0183299389
562597,562620,563764,23,1144,2,36000,1.0201048951
562599,562625,563726,26,1101,2,36000,1.02361489555
562600,562631,563764,31,1133,2,36000,1.02736098853
562601,562636,563533,35,897,2,36000,1.03901895206
562602,562641,563573,39,932,2,36000,1.04184549356
562604,562647,563764,43,1117,2,36000,1.03849597135
562605,562652,563626,47,974,2,36000,1.04825462012
562606,562657,563765,51,1108,2,36000,1.04602888087
562608,562662,563650,54,988,2,36000,1.05465587045
562609,562667,563765,58,1098,2,36000,1.05282331512
562610,562672,563665,62,993,2,36000,1.06243705942
562612,562678,563611,66,933,2,36000,1.07073954984
562613,562683,563609,70,926,2,36000,1.07559395248
562614,562688,563643,74,955,2,36000,1.07748691099
562615,562693,563653,78,960,2,36000,1.08125
562617,562698,563678,81,980,2,36000,1.08265306122
562618,562704,563652,86,948,2,36000,1.09071729958
562619,562709,563667,90,958,2,36000,1.09394572025
562621,562714,563721,93,1007,2,36000,1.09235352532
562622,562719,563688,97,969,2,36000,1.10010319917
562623,562724,563635,101,911,2,36000,1.11086717892
562625,562729,563682,104,953,2,36000,1.10912906611
562626,562735,563765,109,1030,2,36000,1.10582524272
562627,562740,563681,113,941,2,36000,1.12008501594
562628,562745,563701,117,956,2,36000,1.12238493724
562630,562750,563700,120,950,2,36000,1.12631578947
562631,562756,563685,125,929,2,36000,1.1345532831
562632,562761,563765,129,1004,2,36000,1.12848605578
562634,562766,563765,132,999,2,36000,1.13213213213
562635,562771,563765,136,994,2,36000,1.13682092555
562636,562776,563671,140,895,2,36000,1.15642458101
562638,562781,563760,143,979,2,36000,1.14606741573
562639,562787,563765,148,978,2,36000,1.15132924335
562640,562792,563765,152,973,2,36000,1.15621788284
562641,562797,563737,156,940,2,36000,1.16595744681
562643,562802,563728,159,926,2,36000,1.1717062635
563795,563801,566429,6,2628,2,36000,1.00228310502
563796,563807,566429,11,2622,2,36000,1.00419527079
563797,563812,566429,15,2617,2,36000,1.00573175392
563799,563817,566429,18,2612,2,36000,1.00689127106
563800,563822,566429,22,2607,2,36000,1.00843881857
563801,563828,566429,27,2601,2,36000,1.01038062284
563803,563834,566429,31,2595,2,36000,1.0119460501
563804,563839,566429,35,2590,2,36000,1.01351351351
563805,563844,566429,39,2585,2,36000,1.01508704062
563806,563850,566429,44,2579,2,36000,1.01706087631
563808,563855,566429,47,2574,2,36000,1.01825951826
563809,563860,566429,51,2569,2,36000,1.01985208252
563810,563865,566429,55,2564,2,36000,1.02145085803
563812,563870,566429,58,2559,2,36000,1.02266510356
563813,563875,566429,62,2554,2,36000,1.02427564605
563814,563881,566429,67,2548,2,36000,1.02629513344
563816,563886,566429,70,2543,2,36000,1.02752654345
563817,563891,566429,74,2538,2,36000,1.02915681639
563818,563896,566429,78,2533,2,36000,1.03079352546
563820,563901,566429,81,2528,2,36000,1.03204113924
563821,563907,566429,86,2522,2,36000,1.0340999207
563822,563912,566429,90,2517,2,36000,1.0357568534
563824,563917,566429,93,2512,2,36000,1.03702229299
563825,563922,566429,97,2507,2,36000,1.03869166334
563826,563927,566429,101,2502,2,36000,1.04036770584
563828,563932,566429,104,2497,2,36000,1.04164997998
563829,563939,566429,110,2490,2,36000,1.04417670683
563830,563944,566429,114,2485,2,36000,1.04587525151
563831,563949,566429,118,2480,2,36000,1.04758064516
563833,563954,566429,121,2475,2,36000,1.04888888889
563834,563960,566429,126,2469,2,36000,1.0510328068
563835,563965,566429,130,2464,2,36000,1.05275974026
563837,563970,566431,133,2461,2,36000,1.05404307192
563838,563975,566430,137,2455,2,36000,1.05580448065
563839,563980,566430,141,2450,2,36000,1.05755102041
563840,563986,566429,146,2443,2,36000,1.05976258698
563842,563991,566429,149,2438,2,36000,1.06111566858
563843,563996,566430,153,2434,2,36000,1.06285949055
563844,564001,566431,157,2430,2,36000,1.0646090535
563846,564006,566430,160,2424,2,36000,1.06600660066
566439,566445,568072,6,1627,2,36000,1.0036877689
566440,566451,568005,11,1554,2,36000,1.00707850708
566442,566456,568324,14,1868,2,36000,1.00749464668
566443,566461,568259,18,1798,2,36000,1.01001112347
566444,566467,568110,23,1643,2,36000,1.01399878271
566445,566472,568139,27,1667,2,36000,1.01619676065
566447,566478,568082,31,1604,2,36000,1.01932668329
566448,566483,568073,35,1590,2,36000,1.02201257862
566449,566488,568094,39,1606,2,36000,1.02428393524
566451,566493,568346,42,1853,2,36000,1.02266594711
566452,566498,568263,46,1765,2,36000,1.02606232295
566453,566503,568190,50,1687,2,36000,1.02963841138
566455,566509,568085,54,1576,2,36000,1.03426395939
566456,566514,568171,58,1657,2,36000,1.0350030175
566457,566519,568066,62,1547,2,36000,1.04007756949
566459,566524,568136,65,1612,2,36000,1.04032258065
566460,566529,568408,69,1879,2,36000,1.03672166046
566461,566535,568193,74,1658,2,36000,1.04463208685
566463,566540,568340,77,1800,2,36000,1.04277777778
566464,566545,568756,81,2211,2,36000,1.03663500678
566465,566550,568013,85,1463,2,36000,1.05809979494
566467,566555,568134,88,1579,2,36000,1.05573147562
566468,566560,568232,92,1672,2,36000,1.05502392344
566469,566566,568109,97,1543,2,36000,1.06286454958
566471,566571,568145,100,1574,2,36000,1.06353240152
566472,566576,568364,104,1788,2,36000,1.0581655481
566473,566587,568179,114,1592,2,36000,1.0716080402
566475,566592,568123,117,1531,2,36000,1.0764206401
566476,566597,568271,121,1674,2,36000,1.07228195938
566477,566603,568566,126,1963,2,36000,1.06418746816
566479,566608,568205,129,1597,2,36000,1.08077645585
566480,566613,568375,133,1762,2,36000,1.07548240636
566481,566618,568641,137,2023,2,36000,1.06772120613
566483,566624,568225,141,1601,2,36000,1.08806995628
566484,566629,568341,145,1712,2,36000,1.08469626168
566485,566634,568286,149,1652,2,36000,1.0901937046
566486,566639,568355,153,1716,2,36000,1.08916083916
566488,566644,568253,156,1609,2,36000,1.09695463021
566489,566650,568287,161,1637,2,36000,1.09835064142
566490,566655,568457,165,1802,2,36000,1.09156492786
566497,566582,566671,85,89,14,7980,1.95505617978
566670,566676,566682,6,6,1,900,1.2
566678,566684,566768,6,84,14,7980,1.07142857143
566766,566773,566779,7,6,1,900,1.3
566775,566781,566999,6,218,14,7980,1.02752293578
566867,567859,635118,992,67259,32,356400,1.01474895553
566991,566997,567011,6,14,1,900,1.42857142857
567002,568097,568314,1095,217,14,7980,6.04608294931
568312,568318,568325,6,7,1,900,1.3
568320,568326,568470,6,144,14,7980,1.04166666667
568468,568474,568482,6,8,1,900,1.4
568477,568483,568712,6,229,14,7980,1.02620087336
568617,568623,570227,6,1604,2,36000,1.00374064838
568618,568629,570332,11,1703,2,36000,1.00645918967
568619,568634,570396,15,1762,2,36000,1.00851305335
568621,568639,570724,18,2085,2,36000,1.00863309353
568622,568644,569737,22,1093,2,36000,1.02012808783
568623,568649,570485,26,1836,2,36000,1.01416122004
568625,568656,570354,31,1698,2,36000,1.01825677267
568626,568661,570130,35,1469,2,36000,1.02382573179
568627,568666,570095,39,1429,2,36000,1.02729181246
568628,568672,570277,44,1605,2,36000,1.02741433022
568630,568677,570209,47,1532,2,36000,1.03067885117
568631,568682,570421,51,1739,2,36000,1.02932719954
568632,568687,570342,55,1655,2,36000,1.0332326284
568634,568692,570370,58,1678,2,36000,1.03456495828
568635,568697,570369,62,1672,2,36000,1.03708133971
568636,568703,570314,67,1611,2,36000,1.04158907511
568638,568708,570430,70,1722,2,36000,1.0406504065
568639,568713,570494,74,1781,2,36000,1.04154969118
568640,568718,570292,78,1574,2,36000,1.04955527319
568642,568723,570525,81,1802,2,36000,1.04495005549
568643,568729,570591,86,1862,2,36000,1.04618689581
568644,568734,570865,90,2131,2,36000,1.0422336931
568645,568739,570841,94,2102,2,36000,1.04471931494
568647,568744,570731,97,1987,2,36000,1.04881731253
568648,568749,570674,101,1925,2,36000,1.05246753247
568649,568754,570427,105,1673,2,36000,1.06276150628
568651,568760,570535,109,1775,2,36000,1.0614084507
568652,568771,570566,119,1795,2,36000,1.06629526462
568653,568776,570276,123,1500,2,36000,1.082
568654,568781,570355,127,1574,2,36000,1.08068614994
568656,568787,570508,131,1721,2,36000,1.07611853574
568657,568792,570629,135,1837,2,36000,1.07348938487
568658,568797,570368,139,1571,2,36000,1.088478676
568660,568802,570904,142,2102,2,36000,1.0675547098
568661,568807,570325,146,1518,2,36000,1.09617918314
568662,568813,570455,151,1642,2,36000,1.09196102314
568663,568818,570435,155,1617,2,36000,1.09585652443
568665,568823,570397,158,1574,2,36000,1.10038119441
568680,568828,570485,148,1657,2,36000,1.08931804466
568710,568840,568846,130,6,1,900,13.6
568718,568766,568986,48,220,14,7980,1.21818181818
568758,568833,570729,75,1896,2,36000,1.03955696203
568984,568990,568997,6,7,1,900,1.3
568992,568998,569261,6,263,14,7980,1.02281368821
569258,569265,569274,7,9,1,900,1.6
569268,569274,569522,6,248,14,7980,1.02419354839
569437,569443,569446,6,3,1,7200,1.0
569441,569449,569452,8,3,1,7200,1.1
569519,569526,569538,7,12,1,900,1.58333333333
569530,569536,569771,6,235,14,7980,1.02553191489
569627,569633,569634,6,1,1,7200,1.0
569630,569639,569640,9,1,1,7200,1.0
569739,569746,571619,7,1873,2,36000,1.00373731981
569764,569771,569779,7,8,1,900,1.5
569774,569781,570016,7,235,14,7980,1.02978723404
570014,570020,570042,6,22,1,900,1.27272727273
570023,570029,570282,6,253,14,7980,1.02371541502
570095,570101,571840,6,1739,2,36000,1.00345025877
570131,570138,572027,7,1889,2,36000,1.00370566437
570210,570216,571913,6,1697,2,36000,1.00353565115
570228,570234,571812,6,1578,2,36000,1.00380228137
570263,570269,570311,6,42,1,7200,1.14285714286
570266,570275,570316,9,41,1,7200,1.21951219512
570276,570282,572283,6,2001,2,36000,1.00299850075
570282,570288,570314,6,26,1,900,1.23076923077
570290,570296,572116,6,1820,2,36000,1.0032967033
570292,570302,570535,10,233,14,7980,1.04291845494
570305,570311,572253,6,1942,2,36000,1.00308959835
570321,570326,572165,5,1839,2,36000,1.00271886895
570337,570343,572136,6,1793,2,36000,1.0033463469
570338,570349,572162,11,1813,2,36000,1.00606729178
570352,570359,572404,7,2045,2,36000,1.00342298289
570367,570374,572389,7,2015,2,36000,1.00347394541
570369,570379,572417,10,2038,2,36000,1.00490677134
570370,570385,572094,15,1709,2,36000,1.00877706261
570385,570391,572092,6,1701,2,36000,1.00352733686
570386,570397,572085,11,1688,2,36000,1.00651658768
570401,570407,572339,6,1932,2,36000,1.00310559006
570402,570413,572042,11,1629,2,36000,1.00675260896
570415,570421,570423,6,2,1,7200,1.0
570418,570427,570428,9,1,1,7200,1.0
570423,570433,572168,10,1735,2,36000,1.00576368876
570438,570444,571586,6,1142,2,36000,1.00525394046
570440,570450,572225,10,1775,2,36000,1.00563380282
570441,570455,572313,14,1858,2,36000,1.00753498385
570456,570462,572081,6,1619,2,36000,1.00370599135
570486,570492,572090,6,1598,2,36000,1.00375469337
570487,570498,572365,11,1867,2,36000,1.00589180503
570501,570508,572774,7,2266,2,36000,1.00308914387
570516,570522,572295,6,1773,2,36000,1.00338409475
570531,570536,572184,5,1648,2,36000,1.00303398058
570533,570543,570562,10,19,1,900,1.52631578947
570541,570549,570787,8,238,14,7980,1.03361344538
570546,570555,572247,9,1692,2,36000,1.00531914894
570568,570574,572408,6,1834,2,36000,1.00327153762
570592,570598,572271,6,1673,2,36000,1.00358637179
570631,570637,572353,6,1716,2,36000,1.0034965035
570676,570682,572728,6,2046,2,36000,1.00293255132
570724,570730,572685,6,1955,2,36000,1.00306905371
570739,570745,572669,6,1924,2,36000,1.00311850312
570740,570751,572467,11,1716,2,36000,1.00641025641
570785,570791,570801,6,10,1,900,1.6
570793,570800,571029,7,229,14,7980,1.03056768559
570842,570849,572805,7,1956,2,36000,1.00357873211
570866,570872,572852,6,1980,2,36000,1.00303030303
570905,570911,572352,6,1441,2,36000,1.00416377516
571026,571032,571040,6,8,1,900,1.4
571037,571043,571265,6,222,14,7980,1.02702702703
571049,571055,571094,6,39,1,7200,1.15384615385
571052,571061,571085,9,24,1,7200,1.375
571261,571267,571274,6,7,1,900,1.3
571270,571276,571487,6,211,14,7980,1.02843601896
571485,571491,571497,6,6,1,900,1.2
571494,571500,571721,6,221,14,7980,1.02714932127
571587,571593,573343,6,1750,2,36000,1.00342857143
571621,571627,573358,6,1731,2,36000,1.00346620451
571716,571722,571755,6,33,1,900,1.18181818182
571732,571738,571965,6,227,14,7980,1.02643171806
571814,571820,573594,6,1774,2,36000,1.00338218715
571841,571847,573495,6,1648,2,36000,1.0036407767
571916,571922,573784,6,1862,2,36000,1.00322234157
571963,571969,571975,6,6,1,900,1.2
571971,571977,572193,6,216,14,7980,1.02777777778
572030,572036,574010,6,1974,2,36000,1.00303951368
572045,572051,573884,6,1833,2,36000,1.00327332242
572083,572090,573756,7,1666,2,36000,1.00420168067
572099,572105,573992,6,1887,2,36000,1.00317965024
572100,572111,573884,11,1773,2,36000,1.00620417372
572101,572116,573923,15,1807,2,36000,1.00830105147
572102,572121,573931,19,1810,2,36000,1.01049723757
572117,572127,573925,10,1798,2,36000,1.00556173526
572135,572141,573851,6,1710,2,36000,1.00350877193
572161,572168,574321,7,2153,2,36000,1.00325127729
572176,572182,573896,6,1714,2,36000,1.00350058343
572177,572188,574030,11,1842,2,36000,1.00597176982
572191,572197,572203,6,6,1,900,1.2
572192,572203,573915,11,1712,2,36000,1.00642523364
572199,572209,572434,10,225,14,7980,1.04444444444
572225,572231,574200,6,1969,2,36000,1.0030472321
572249,572255,573970,6,1715,2,36000,1.00349854227
572263,572270,573989,7,1719,2,36000,1.00407213496
572278,572284,574239,6,1955,2,36000,1.00306905371
572293,572299,574237,6,1938,2,36000,1.00309597523
572307,572313,573998,6,1685,2,36000,1.00356083086
572322,572328,574197,6,1869,2,36000,1.00321027287
572339,572346,574087,7,1741,2,36000,1.00402067777
572355,572361,574367,6,2006,2,36000,1.00299102692
572356,572367,574112,11,1745,2,36000,1.00630372493
572371,572377,574313,6,1936,2,36000,1.00309917355
572389,572395,574324,6,1929,2,36000,1.00311041991
572406,572413,573856,7,1443,2,36000,1.00485100485
572421,572427,573811,6,1384,2,36000,1.00433526012
572422,572433,573984,11,1551,2,36000,1.00709219858
572432,572439,572445,7,6,1,900,1.3
572441,572447,572706,6,259,14,7980,1.02316602317
572467,572473,574262,6,1789,2,36000,1.00335382895
572673,572679,574594,6,1915,2,36000,1.00313315927
572688,572694,574526,6,1832,2,36000,1.00327510917
572704,572710,572717,6,7,1,900,1.3
572713,572719,572952,6,233,14,7980,1.02575107296
572730,572736,574356,6,1620,2,36000,1.0037037037
572774,572781,574578,7,1797,2,36000,1.00389538119
572807,572813,574686,6,1873,2,36000,1.00320341698
572852,572858,574398,6,1540,2,36000,1.0038961039
572949,572955,572963,6,8,1,900,1.4
572959,572965,573179,6,214,14,7980,1.02803738318
573177,573183,573190,6,7,1,900,1.3
573186,573192,573420,6,228,14,7980,1.02631578947
573346,573352,575207,6,1855,2,36000,1.00323450135
573361,573367,575284,6,1917,2,36000,1.00312989045
573417,573423,573468,6,45,1,900,1.13333333333
573430,573436,573679,6,243,14,7980,1.02469135802
573497,573503,575154,6,1651,2,36000,1.00363416111
573594,573600,575517,6,1917,2,36000,1.00312989045
573673,573679,573684,6,5,1,900,1.1
573682,573691,573934,9,243,14,7980,1.03703703704
573756,573762,575609,6,1847,2,36000,1.0032485111
573786,573792,575655,6,1863,2,36000,1.00322061192
573813,573819,575644,6,1825,2,36000,1.00328767123
573854,573861,575789,7,1928,2,36000,1.00363070539
573869,573875,575679,6,1804,2,36000,1.00332594235
573884,573890,575628,6,1738,2,36000,1.00345224396
573885,573896,575642,11,1746,2,36000,1.00630011455
573900,573906,575666,6,1760,2,36000,1.00340909091
573915,573921,575733,6,1812,2,36000,1.00331125828
573930,573935,575957,5,2022,2,36000,1.00247279921
573931,573941,575649,10,1708,2,36000,1.00585480094
573932,573946,575858,14,1912,2,36000,1.00732217573
573932,573952,573956,20,4,1,900,2.4
573940,573958,574202,18,244,14,7980,1.0737704918
573971,573977,575656,6,1679,2,36000,1.00357355569
573986,573992,575817,6,1825,2,36000,1.00328767123
574001,574007,575818,6,1811,2,36000,1.00331308669
574002,574013,575776,11,1763,2,36000,1.00623936472
574003,574018,576057,15,2039,2,36000,1.00735654733
574018,574024,575569,6,1545,2,36000,1.00388349515
574032,574039,575705,7,1666,2,36000,1.00420168067
574086,574092,575989,6,1897,2,36000,1.00316288877
574113,574119,575660,6,1541,2,36000,1.0038935756
574197,574203,576165,6,1962,2,36000,1.00305810398
574200,574209,574215,9,6,1,900,1.5
574209,574215,574433,6,218,14,7980,1.02752293578
574212,574221,576133,9,1912,2,36000,1.00470711297
574239,574245,576010,6,1765,2,36000,1.00339943343
574253,574259,576072,6,1813,2,36000,1.00330943188
574268,574274,575476,6,1202,2,36000,1.00499168053
574313,574319,576049,6,1730,2,36000,1.00346820809
574328,574333,576170,5,1837,2,36000,1.00272182907
574329,574339,576057,10,1718,2,36000,1.00582072177
574356,574363,576471,7,2108,2,36000,1.00332068311
574371,574377,576123,6,1746,2,36000,1.00343642612
574398,574404,576387,6,1983,2,36000,1.00302571861
574431,574437,574443,6,6,1,900,1.2
574440,574446,574670,6,224,14,7980,1.02678571429
574527,574533,576438,6,1905,2,36000,1.0031496063
574578,574584,576478,6,1894,2,36000,1.00316789863
574596,574602,576561,6,1959,2,36000,1.00306278714
574667,574674,574684,7,10,1,900,1.7
574677,574683,574934,6,251,14,7980,1.02390438247
574686,574693,576416,7,1723,2,36000,1.00406268137
574931,574938,574950,7,12,1,900,1.58333333333
574943,574949,575168,6,219,14,7980,1.02739726027
575155,575161,577085,6,1924,2,36000,1.00311850312
575166,575172,575178,6,6,1,900,1.2
575175,575181,575420,6,239,14,7980,1.02510460251
575209,575215,577061,6,1846,2,36000,1.00325027086
575284,575290,577061,6,1771,2,36000,1.00338791643
575418,575425,575432,7,7,1,900,1.4
575427,575433,575693,6,260,14,7980,1.02307692308
575476,575482,576523,6,1041,2,36000,1.00576368876
575518,575524,577240,6,1716,2,36000,1.0034965035
575572,575578,577511,6,1933,2,36000,1.00310398345
575610,575617,577357,7,1740,2,36000,1.00402298851
575628,575634,577449,6,1815,2,36000,1.00330578512
575643,575649,577237,6,1588,2,36000,1.00377833753
575658,575664,577542,6,1878,2,36000,1.00319488818
575660,575670,577587,10,1917,2,36000,1.00521648409
575661,575675,577519,14,1844,2,36000,1.00759219089
575662,575680,577574,18,1894,2,36000,1.00950369588
575677,575687,577530,10,1843,2,36000,1.00542593597
575679,575692,577525,13,1833,2,36000,1.00709219858
575691,575698,575706,7,8,1,900,1.5
575693,575704,577538,11,1834,2,36000,1.00599781897
575701,575710,575931,9,221,14,7980,1.0407239819
575708,575715,577366,7,1651,2,36000,1.00423985463
575735,575741,577654,6,1913,2,36000,1.00313643492
575777,575783,577689,6,1906,2,36000,1.00314795383
575793,575799,577574,6,1775,2,36000,1.00338028169
575817,575823,577354,6,1531,2,36000,1.00391900718
575831,575838,577574,7,1736,2,36000,1.00403225806
575858,575864,577561,6,1697,2,36000,1.00353565115
575929,575935,575952,6,17,1,900,1.35294117647
575939,575945,576163,6,218,14,7980,1.02752293578
575959,575965,577499,6,1534,2,36000,1.00391134289
575989,575995,577802,6,1807,2,36000,1.00332042059
576013,576019,577857,6,1838,2,36000,1.00326441785
576052,576058,577882,6,1824,2,36000,1.00328947368
576066,576072,578013,6,1941,2,36000,1.00309119011
576068,576078,578077,10,1999,2,36000,1.00500250125
576082,576088,578029,6,1941,2,36000,1.00309119011
576124,576130,577766,6,1636,2,36000,1.00366748166
576139,576144,577941,5,1797,2,36000,1.00278241514
576161,576167,576174,6,7,1,900,1.3
576165,576173,577873,8,1700,2,36000,1.00470588235
576170,576179,576396,9,217,14,7980,1.04147465438
576180,576186,577916,6,1730,2,36000,1.00346820809
576388,576394,578055,6,1661,2,36000,1.00361228176
576394,576400,576419,6,19,1,900,1.31578947368
576404,576410,576665,6,255,14,7980,1.02352941176
576418,576424,578300,6,1876,2,36000,1.00319829424
576440,576446,578222,6,1776,2,36000,1.00337837838
576474,576480,578224,6,1744,2,36000,1.00344036697
576488,576495,578293,7,1798,2,36000,1.00389321468
576524,576530,578399,6,1869,2,36000,1.00321027287
576563,576569,578422,6,1853,2,36000,1.00323799244
576659,576665,576671,6,6,1,900,1.2
576667,576676,576921,9,245,14,7980,1.03673469388
576919,576925,576930,6,5,1,900,1.1
576928,576934,577194,6,260,14,7980,1.02307692308
577064,577070,578970,6,1900,2,36000,1.00315789474
577065,577076,579112,11,2036,2,36000,1.00540275049
577086,577092,578990,6,1898,2,36000,1.00316122234
577191,577198,577221,7,23,1,900,1.30434782609
577203,577210,577424,7,214,14,7980,1.03271028037
577240,577246,579058,6,1812,2,36000,1.00331125828
577241,577252,579185,11,1933,2,36000,1.00569063632
577356,577362,579373,6,2011,2,36000,1.00298359025
577370,577377,579125,7,1748,2,36000,1.00400457666
577372,577383,579111,11,1728,2,36000,1.00636574074
577422,577428,577435,6,7,1,900,1.3
577431,577437,577659,6,222,14,7980,1.02702702703
577450,577456,579260,6,1804,2,36000,1.00332594235
577500,577507,579386,7,1879,2,36000,1.00372538584
577515,577522,579385,7,1863,2,36000,1.00375738057
577531,577536,579231,5,1695,2,36000,1.00294985251
577532,577542,579466,10,1924,2,36000,1.0051975052
577533,577547,579523,14,1976,2,36000,1.00708502024
577548,577554,579329,6,1775,2,36000,1.00338028169
577549,577560,579373,11,1813,2,36000,1.00606729178
577564,577570,579407,6,1837,2,36000,1.00326619488
577579,577584,579414,5,1830,2,36000,1.00273224044
577580,577591,579486,11,1895,2,36000,1.00580474934
577581,577596,578938,15,1342,2,36000,1.01117734724
577596,577602,579609,6,2007,2,36000,1.00298953662
577656,577662,579337,6,1675,2,36000,1.00358208955
577657,577668,577672,11,4,1,900,1.5
577666,577674,577886,8,212,14,7980,1.03773584906
577688,577695,579540,7,1845,2,36000,1.00379403794
577767,577773,579602,6,1829,2,36000,1.00328048114
577803,577809,579532,6,1723,2,36000,1.00348229832
577861,577867,579921,6,2054,2,36000,1.0029211295
577876,577882,579734,6,1852,2,36000,1.00323974082
577884,577890,577914,6,24,1,900,1.25
577890,577896,579733,6,1837,2,36000,1.00326619488
577892,577902,578155,10,253,14,7980,1.0395256917
577918,577924,579674,6,1750,2,36000,1.00342857143
577942,577948,579614,6,1666,2,36000,1.00360144058
578013,578020,579730,7,1710,2,36000,1.00409356725
578031,578037,579721,6,1684,2,36000,1.00356294537
578055,578061,579764,6,1703,2,36000,1.00352319436
578080,578086,579896,6,1810,2,36000,1.00331491713
578152,578158,578186,6,28,1,900,1.21428571429
578166,578172,578397,6,225,14,7980,1.02666666667
578225,578231,579997,6,1766,2,36000,1.00339750849
578226,578237,580156,11,1919,2,36000,1.00573215216
578292,578298,579980,6,1682,2,36000,1.00356718193
578308,578314,580293,6,1979,2,36000,1.00303183426
578395,578402,578408,7,6,1,900,1.3
578401,578408,580141,7,1733,2,36000,1.00403923832
578404,578414,578638,10,224,14,7980,1.04464285714
578422,578428,579832,6,1404,2,36000,1.00427350427
578634,578640,578660,6,20,1,900,1.3
578647,578653,578871,6,218,14,7980,1.02752293578
578835,578841,580686,6,1845,2,36000,1.00325203252
578836,578847,580642,11,1795,2,36000,1.0061281337
578838,578852,580601,14,1749,2,36000,1.00800457404
578839,578857,580640,18,1783,2,36000,1.01009534492
578840,578862,580548,22,1686,2,36000,1.01304863582
578842,578868,580728,26,1860,2,36000,1.01397849462
578843,578874,580771,31,1897,2,36000,1.01634159199
578844,578879,580836,35,1957,2,36000,1.01788451712
578845,578884,580885,39,2001,2,36000,1.01949025487
578847,578889,580964,42,2075,2,36000,1.02024096386
578848,578895,580614,47,1719,2,36000,1.0273414776
578849,578900,580656,51,1756,2,36000,1.02904328018
578851,578905,580809,54,1904,2,36000,1.02836134454
578852,578910,580813,58,1903,2,36000,1.03047819233
578853,578915,580729,62,1814,2,36000,1.0341786108
578855,578921,580939,66,2018,2,36000,1.03270564916
578856,578926,580634,70,1708,2,36000,1.04098360656
578857,578931,580809,74,1878,2,36000,1.03940362087
578858,578936,580184,78,1248,2,36000,1.0625
578860,578941,580634,81,1693,2,36000,1.04784406379
578861,578946,580356,85,1410,2,36000,1.06028368794
578862,578952,580741,90,1789,2,36000,1.05030743432
578864,578957,580843,93,1886,2,36000,1.0493107105
578865,578962,580981,97,2019,2,36000,1.04804358593
578866,578967,581077,101,2110,2,36000,1.04786729858
578867,578972,580690,105,1718,2,36000,1.06111757858
578869,578983,580709,114,1726,2,36000,1.06604866744
578869,579071,579080,202,9,1,900,21.1
578870,578988,580442,118,1454,2,36000,1.08115543329
578871,578999,580942,128,1943,2,36000,1.06587750901
578873,579004,580840,131,1836,2,36000,1.07135076253
578874,579009,580245,135,1236,2,36000,1.10922330097
578875,579014,580139,139,1125,2,36000,1.12355555556
578877,579019,580817,142,1798,2,36000,1.07897664071
578878,579025,580723,147,1698,2,36000,1.08657243816
578878,578978,579230,100,252,14,7980,1.39682539683
578879,579030,580805,151,1775,2,36000,1.08507042254
578880,579035,580834,155,1799,2,36000,1.08615897721
578882,579040,580399,158,1359,2,36000,1.11626195732
578883,579045,580815,162,1770,2,36000,1.09152542373
578884,579050,580785,166,1735,2,36000,1.09567723343
578886,579056,580978,170,1922,2,36000,1.08844953174
578938,579061,581120,123,2059,2,36000,1.05973773677
578971,579066,581019,95,1953,2,36000,1.04864311316
578992,579077,580836,85,1759,2,36000,1.04832291074
579058,579082,580956,24,1874,2,36000,1.01280683031
579112,579118,580990,6,1872,2,36000,1.00320512821
579113,579124,580901,11,1777,2,36000,1.00619020822
579128,579134,580337,6,1203,2,36000,1.00498753117
579186,579192,580944,6,1752,2,36000,1.00342465753
579228,579234,579241,6,7,1,900,1.3
579233,579240,581020,7,1780,2,36000,1.00393258427
579237,579246,579490,9,244,14,7980,1.0368852459
579260,579267,581117,7,1850,2,36000,1.00378378378
579326,579333,581264,7,1931,2,36000,1.00362506473
579342,579348,581279,6,1931,2,36000,1.00310719834
579375,579381,581084,6,1703,2,36000,1.00352319436
579377,579387,580587,10,1200,2,36000,1.00833333333
579391,579397,581266,6,1869,2,36000,1.00321027287
579393,579403,580750,10,1347,2,36000,1.00742390497
579408,579414,580824,6,1410,2,36000,1.00425531915
579422,579428,581230,6,1802,2,36000,1.00332963374
579468,579475,581252,7,1777,2,36000,1.00393922341
579483,579489,579495,6,6,1,900,1.2
579485,579495,581291,10,1796,2,36000,1.00556792873
579492,579501,579721,9,220,14,7980,1.04090909091
579524,579531,581190,7,1659,2,36000,1.00421940928
579539,579545,581422,6,1877,2,36000,1.0031965903
579554,579560,581517,6,1957,2,36000,1.00306591722
579605,579611,581500,6,1889,2,36000,1.00317628375
579620,579625,581557,5,1932,2,36000,1.00258799172
579621,579631,581294,10,1663,2,36000,1.0060132291
579690,579696,581463,6,1767,2,36000,1.00339558574
579716,579722,579738,6,16,1,900,1.375
579730,579736,581578,6,1842,2,36000,1.00325732899
579731,579742,579945,11,203,14,7980,1.05418719212
579746,579752,581611,6,1859,2,36000,1.00322754169
579747,579758,581628,11,1870,2,36000,1.00588235294
579748,579763,581627,15,1864,2,36000,1.0080472103
579766,579772,581584,6,1812,2,36000,1.00331125828
579833,579838,581693,5,1855,2,36000,1.00269541779
579896,579902,581717,6,1815,2,36000,1.00330578512
579923,579929,581672,6,1743,2,36000,1.00344234079
579943,579950,579954,7,4,1,900,1.1
579951,579957,580045,6,88,14,7980,1.06818181818
579980,579986,581900,6,1914,2,36000,1.00313479624
579998,580004,581778,6,1774,2,36000,1.00338218715
580043,580049,580050,6,1,1,900,1.0
580140,580146,581978,6,1832,2,36000,1.00327510917
580142,580152,582057,10,1905,2,36000,1.00524934383
580158,580164,581941,6,1777,2,36000,1.00337647721
580186,580193,582033,7,1840,2,36000,1.00380434783
580247,580254,582102,7,1848,2,36000,1.00378787879
580293,580299,582172,6,1873,2,36000,1.00320341698
580338,580344,581963,6,1619,2,36000,1.00370599135
580357,580363,582098,6,1735,2,36000,1.00345821326
580401,580407,582264,6,1857,2,36000,1.00323101777
580445,580451,582451,6,2000,2,36000,1.003
580549,580555,582406,6,1851,2,36000,1.00324149109
580588,580594,582326,6,1732,2,36000,1.00346420323
580602,580609,582332,7,1723,2,36000,1.00406268137
580617,580627,582322,10,1695,2,36000,1.00589970501
580635,580641,582630,6,1989,2,36000,1.00301659125
580636,580647,581906,11,1259,2,36000,1.00873709293
580651,580657,582415,6,1758,2,36000,1.00341296928
580653,580663,581877,10,1214,2,36000,1.00823723229
580667,580673,582447,6,1774,2,36000,1.00338218715
580688,580694,582560,6,1866,2,36000,1.00321543408
580703,580709,582589,6,1880,2,36000,1.00319148936
580717,580724,582424,7,1700,2,36000,1.00411764706
580733,580739,582541,6,1802,2,36000,1.00332963374
580734,580745,582421,11,1676,2,36000,1.00656324582
580735,580750,582457,15,1707,2,36000,1.00878734622
580750,580756,582111,6,1355,2,36000,1.00442804428
580751,580762,582731,11,1969,2,36000,1.00558659218
580766,580772,581656,6,884,1,72000,1.00678733032
580772,580778,582800,6,2022,2,36000,1.00296735905
580787,580793,582738,6,1945,2,36000,1.0030848329
580808,580814,582625,6,1811,2,36000,1.00331308669
580810,580820,582654,10,1834,2,36000,1.0054525627
580825,580831,582611,6,1780,2,36000,1.00337078652
580826,580837,582830,11,1993,2,36000,1.00551931761
580828,580842,582650,14,1808,2,36000,1.00774336283
580829,580847,582731,18,1884,2,36000,1.00955414013
580830,580853,582591,23,1738,2,36000,1.01323360184
580846,580859,582765,13,1906,2,36000,1.00682056663
580847,580864,582894,17,2030,2,36000,1.00837438424
580848,580870,582708,22,1838,2,36000,1.0119695321
580850,580875,582616,25,1741,2,36000,1.01435956347
580851,580880,582132,29,1252,2,36000,1.0231629393
580887,580893,582815,6,1922,2,36000,1.00312174818
580902,580909,582256,7,1347,2,36000,1.00519673348
580941,580948,582776,7,1828,2,36000,1.00382932166
580956,580963,582716,7,1753,2,36000,1.00399315459
580958,580968,582846,10,1878,2,36000,1.00532481363
580959,580974,582731,15,1757,2,36000,1.00853727945
580974,580980,582912,6,1932,2,36000,1.00310559006
580989,580995,582748,6,1753,2,36000,1.00342270394
580990,581001,582495,11,1494,2,36000,1.00736278447
581005,581011,582703,6,1692,2,36000,1.00354609929
581020,581026,582747,6,1721,2,36000,1.00348634515
581021,581032,582820,11,1788,2,36000,1.00615212528
581078,581084,582914,6,1830,2,36000,1.00327868852
581093,581099,582825,6,1726,2,36000,1.00347624565
581120,581126,583282,6,2156,2,36000,1.00278293135
581121,581132,582861,11,1729,2,36000,1.00636205899
581191,581197,582888,6,1691,2,36000,1.00354819633
581231,581237,582957,6,1720,2,36000,1.00348837209
581255,581261,583064,6,1803,2,36000,1.00332778702
581270,581276,583136,6,1860,2,36000,1.00322580645
581271,581282,583215,11,1933,2,36000,1.00569063632
581286,581292,583272,6,1980,2,36000,1.00303030303
581301,581307,583211,6,1904,2,36000,1.0031512605
581302,581313,583136,11,1823,2,36000,1.00603400987
581423,581429,583219,6,1790,2,36000,1.00335195531
581470,581476,583195,6,1719,2,36000,1.0034904014
581503,581510,582978,7,1468,2,36000,1.00476839237
581519,581526,583418,7,1892,2,36000,1.00369978858
581558,581565,583410,7,1845,2,36000,1.00379403794
581579,581585,583367,6,1782,2,36000,1.00336700337
581594,581600,583406,6,1806,2,36000,1.00332225914
581613,581619,583589,6,1970,2,36000,1.00304568528
581628,581635,584227,7,2592,2,36000,1.00270061728
581630,581640,583505,10,1865,2,36000,1.00536193029
581671,581678,582999,7,1321,2,36000,1.0052990159
581695,581701,583720,6,2019,2,36000,1.0029717682
581719,581725,583561,6,1836,2,36000,1.00326797386
581779,581785,583719,6,1934,2,36000,1.00310237849
581879,581885,583635,6,1750,2,36000,1.00342857143
581903,581909,583721,6,1812,2,36000,1.00331125828
581918,581924,583759,6,1835,2,36000,1.00326975477
581941,581948,583828,7,1880,2,36000,1.00372340426
581965,581971,583713,6,1742,2,36000,1.00344431688
581980,581986,583968,6,1982,2,36000,1.00302724521
582034,582041,583949,7,1908,2,36000,1.0036687631
582058,582064,584062,6,1998,2,36000,1.003003003
582100,582106,583942,6,1836,2,36000,1.00326797386
582102,582112,583579,10,1467,2,36000,1.00681663258
582116,582122,584024,6,1902,2,36000,1.00315457413
582134,582140,583901,6,1761,2,36000,1.00340715503
582173,582179,583776,6,1597,2,36000,1.00375704446
582257,582263,584109,6,1846,2,36000,1.00325027086
582272,582278,584250,6,1972,2,36000,1.00304259635
582323,582329,584336,6,2007,2,36000,1.00298953662
582338,582344,584493,6,2149,2,36000,1.00279199628
582339,582350,583595,11,1245,2,36000,1.00883534137
582408,582414,584298,6,1884,2,36000,1.00318471338
582423,582429,584366,6,1937,2,36000,1.00309757357
582424,582435,584158,11,1723,2,36000,1.00638421358
582439,582445,584183,6,1738,2,36000,1.00345224396
582454,582460,583805,6,1345,2,36000,1.00446096654
582455,582466,584249,11,1783,2,36000,1.00616937745
582470,582476,584374,6,1898,2,36000,1.00316122234
582497,582503,584353,6,1850,2,36000,1.00324324324
582542,582548,584558,6,2010,2,36000,1.00298507463
582563,582570,584087,7,1517,2,36000,1.00461437047
582590,582596,583940,6,1344,2,36000,1.00446428571
582605,582611,584435,6,1824,2,36000,1.00328947368
582620,582626,584435,6,1809,2,36000,1.00331674959
582621,582632,584530,11,1898,2,36000,1.00579557429
582636,582642,584417,6,1775,2,36000,1.00338028169
582638,582648,584442,10,1794,2,36000,1.00557413601
582652,582659,584449,7,1790,2,36000,1.00391061453
582667,582673,584644,6,1971,2,36000,1.00304414003
582706,582712,584520,6,1808,2,36000,1.00331858407
582721,582727,584824,6,2097,2,36000,1.00286123033
582722,582733,584624,11,1891,2,36000,1.00581702803
582738,582743,584518,5,1775,2,36000,1.00281690141
582739,582749,584631,10,1882,2,36000,1.00531349628
582740,582754,584505,14,1751,2,36000,1.00799543118
582741,582760,584530,19,1770,2,36000,1.01073446328
582756,582766,584683,10,1917,2,36000,1.00521648409
582758,582771,584602,13,1831,2,36000,1.00709994539
582772,582779,584577,7,1798,2,36000,1.00389321468
582787,582793,584552,6,1759,2,36000,1.00341102899
582802,582808,584386,6,1578,2,36000,1.00380228137
582817,582823,584625,6,1802,2,36000,1.00332963374
582832,582838,584479,6,1641,2,36000,1.00365630713
582833,582844,584167,11,1323,2,36000,1.00831443689
582834,582849,583878,15,1029,2,36000,1.01457725948
582849,582855,584726,6,1871,2,36000,1.00320684126
582864,582870,584623,6,1753,2,36000,1.00342270394
582888,582894,584709,6,1815,2,36000,1.00330578512
582903,582909,584775,6,1866,2,36000,1.00321543408
582918,582924,584860,6,1936,2,36000,1.00309917355
582919,582930,584694,11,1764,2,36000,1.00623582766
582962,582967,584723,5,1756,2,36000,1.00284738041
582981,582987,584652,6,1665,2,36000,1.0036036036
582999,583005,584932,6,1927,2,36000,1.00311364816
583067,583072,584555,5,1483,2,36000,1.00337154417
583141,583146,584746,5,1600,2,36000,1.003125
583142,583153,584975,11,1822,2,36000,1.00603732162
583196,583202,585157,6,1955,2,36000,1.00306905371
583212,583218,585029,6,1811,2,36000,1.00331308669
583227,583233,585001,6,1768,2,36000,1.00339366516
583228,583239,584985,11,1746,2,36000,1.00630011455
583273,583280,585128,7,1848,2,36000,1.00378787879
583288,583294,585159,6,1865,2,36000,1.00321715818
583367,583373,585368,6,1995,2,36000,1.0030075188
583406,583412,585337,6,1925,2,36000,1.00311688312
583421,583427,585252,6,1825,2,36000,1.00328767123
583422,583433,585268,11,1835,2,36000,1.00599455041
583507,583513,585177,6,1664,2,36000,1.00360576923
583564,583570,585440,6,1870,2,36000,1.00320855615
583579,583585,585223,6,1638,2,36000,1.00366300366
583594,583600,585375,6,1775,2,36000,1.00338028169
583608,583615,585238,7,1623,2,36000,1.00431300062
583636,583642,585584,6,1942,2,36000,1.00308959835
583714,583720,585443,6,1723,2,36000,1.00348229832
583729,583735,585460,6,1725,2,36000,1.00347826087
583730,583741,585654,11,1913,2,36000,1.00575013068
583732,583746,585497,14,1751,2,36000,1.00799543118
583759,583765,585661,6,1896,2,36000,1.00316455696
583777,583783,585823,6,2040,2,36000,1.00294117647
583806,583813,585501,7,1688,2,36000,1.00414691943
583830,583836,585488,6,1652,2,36000,1.00363196126
583878,583885,585601,7,1716,2,36000,1.00407925408
583902,583908,585801,6,1893,2,36000,1.00316957211
583941,583947,585869,6,1922,2,36000,1.00312174818
583956,583962,585009,6,1047,2,36000,1.00573065903
583957,583968,585731,11,1763,2,36000,1.00623936472
583972,583978,585814,6,1836,2,36000,1.00326797386
584026,584032,585882,6,1850,2,36000,1.00324324324
584065,584071,585963,6,1892,2,36000,1.00317124736
584089,584095,585817,6,1722,2,36000,1.00348432056
584110,584116,585885,6,1769,2,36000,1.00339174675
584158,584164,585576,6,1412,2,36000,1.00424929178
584172,584178,585749,6,1571,2,36000,1.00381922342
584187,584193,586077,6,1884,2,36000,1.00318471338
584229,584235,585855,6,1620,2,36000,1.0037037037
584250,584256,585965,6,1709,2,36000,1.00351082504
584251,584262,586151,11,1889,2,36000,1.00582318687
584300,584306,586112,6,1806,2,36000,1.00332225914
584340,584346,586106,6,1760,2,36000,1.00340909091
584357,584363,586214,6,1851,2,36000,1.00324149109
584374,584380,586182,6,1802,2,36000,1.00332963374
584375,584386,586167,11,1781,2,36000,1.00617630545
584391,584397,586181,6,1784,2,36000,1.0033632287
584407,584414,587016,7,2602,2,3600,1.00269023828
584418,584424,586419,6,1995,2,36000,1.0030075188
584439,584445,586287,6,1842,2,36000,1.00325732899
584441,584451,586224,10,1773,2,36000,1.00564015792
584455,584461,586346,6,1885,2,36000,1.00318302387
584457,584467,586275,10,1808,2,36000,1.00553097345
584482,584488,586215,6,1727,2,36000,1.00347423277
584497,584503,586288,6,1785,2,36000,1.00336134454
584512,584519,586586,7,2067,2,36000,1.00338655056
584528,584534,586453,6,1919,2,36000,1.00312662845
584529,584540,586532,11,1992,2,36000,1.00552208835
584546,584553,586333,7,1780,2,36000,1.00393258427
584548,584558,586471,10,1913,2,36000,1.00522739153
584563,584569,586739,6,2170,2,36000,1.00276497696
584564,584575,586358,11,1783,2,36000,1.00616937745
584566,584580,586701,14,2121,2,36000,1.00660066007
584582,584588,586366,6,1778,2,36000,1.00337457818
584604,584610,585805,6,1195,2,36000,1.0050209205
584626,584632,586618,6,1986,2,36000,1.00302114804
584627,584638,586143,11,1505,2,36000,1.0073089701
584628,584643,586335,15,1692,2,36000,1.00886524823
584643,584649,586693,6,2044,2,36000,1.00293542074
584660,584666,586570,6,1904,2,36000,1.0031512605
584661,584672,586516,11,1844,2,36000,1.00596529284
584688,584694,586475,6,1781,2,36000,1.00336889388
584702,584709,586611,7,1902,2,36000,1.00368033649
584717,584723,586590,6,1867,2,36000,1.00321371184
584732,584738,586502,6,1764,2,36000,1.00340136054
584733,584744,586531,11,1787,2,36000,1.00615556799
584748,584754,585953,6,1199,2,36000,1.00500417014
584778,584784,586655,6,1871,2,36000,1.00320684126
584826,584832,586692,6,1860,2,36000,1.00322580645
584863,584869,586819,6,1950,2,36000,1.00307692308
584932,584938,587020,6,2082,2,36000,1.00288184438
584977,584984,586982,7,1998,2,36000,1.0035035035
584992,584999,586682,7,1683,2,36000,1.00415923945
585007,585013,586770,6,1757,2,36000,1.00341491178
585022,585029,586843,7,1814,2,36000,1.00385887541
585037,585044,586990,7,1946,2,36000,1.0035971223
585130,585136,586980,6,1844,2,36000,1.0032537961
585158,585164,587100,6,1936,2,36000,1.00309917355
585173,585179,586979,6,1800,2,36000,1.00333333333
585187,585194,587098,7,1904,2,36000,1.00367647059
585223,585230,587215,7,1985,2,36000,1.00352644836
585238,585244,587003,6,1759,2,36000,1.00341102899
585253,585259,587059,6,1800,2,36000,1.00333333333
585268,585274,587225,6,1951,2,36000,1.00307534598
585338,585344,587156,6,1812,2,36000,1.00331125828
585368,585374,587243,6,1869,2,36000,1.00321027287
585382,585389,587260,7,1871,2,36000,1.0037413148
585443,585449,587351,6,1902,2,36000,1.00315457413
585444,585455,587255,11,1800,2,36000,1.00611111111
585460,585466,587419,6,1953,2,36000,1.00307219662
585490,585496,587357,6,1861,2,36000,1.00322407308
585504,585510,587282,6,1772,2,36000,1.00338600451
585506,585516,587471,10,1955,2,36000,1.00511508951
585576,585581,587592,5,2011,2,36000,1.00248632521
585591,585597,587416,6,1819,2,36000,1.00329851567
585607,585612,587573,5,1961,2,36000,1.00254971953
585656,585662,587463,6,1801,2,36000,1.00333148251
585671,585677,587524,6,1847,2,36000,1.0032485111
585734,585740,587618,6,1878,2,36000,1.00319488818
585751,585758,587489,7,1731,2,36000,1.00404390526
585803,585809,587516,6,1707,2,36000,1.00351493849
585818,585824,587709,6,1885,2,36000,1.00318302387
585819,585830,587812,11,1982,2,36000,1.00554994955
585820,585835,587549,15,1714,2,36000,1.00875145858
585835,585841,587807,6,1966,2,36000,1.00305188199
585862,585867,587953,5,2086,2,36000,1.00239693193
585879,585885,587775,6,1890,2,36000,1.00317460317
585896,585902,587768,6,1866,2,36000,1.00321543408
585898,585908,587654,10,1746,2,36000,1.00572737686
585955,585961,587784,6,1823,2,36000,1.00329127811
585970,585976,587817,6,1841,2,36000,1.00325909832
585971,585982,587904,11,1922,2,36000,1.00572320499
586077,586083,587792,6,1709,2,36000,1.00351082504
586107,586113,587948,6,1835,2,36000,1.00326975477
586122,586128,587967,6,1839,2,36000,1.00326264274
586145,586151,587925,6,1774,2,36000,1.00338218715
586160,586166,587999,6,1833,2,36000,1.00327332242
586176,586183,587948,7,1765,2,36000,1.00396600567
586195,586201,588264,6,2063,2,36000,1.00290838585
586196,586207,588130,11,1923,2,36000,1.00572022881
586217,586223,588008,6,1785,2,36000,1.00336134454
586218,586229,588029,11,1800,2,36000,1.00611111111
586237,586243,588376,6,2133,2,36000,1.00281293952
586277,586283,588072,6,1789,2,36000,1.00335382895
586293,586299,588136,6,1837,2,36000,1.00326619488
586294,586305,588173,11,1868,2,36000,1.00588865096
586335,586341,587858,6,1517,2,36000,1.00395517469
586350,586356,588333,6,1977,2,36000,1.00303490137
586351,586362,588200,11,1838,2,36000,1.00598476605
586366,586373,588043,7,1670,2,36000,1.00419161677
586368,586379,588243,11,1864,2,36000,1.00590128755
586421,586428,588093,7,1665,2,36000,1.0042042042
586456,586462,588366,6,1904,2,36000,1.0031512605
586483,586489,588556,6,2067,2,36000,1.00290275762
586484,586495,588463,11,1968,2,36000,1.00558943089
586505,586511,588409,6,1898,2,36000,1.00316122234
586520,586526,588225,6,1699,2,36000,1.00353148911
586536,586542,588326,6,1784,2,36000,1.0033632287
586537,586548,588368,11,1820,2,36000,1.00604395604
586570,586577,587984,7,1407,2,36000,1.00497512438
586588,586594,588445,6,1851,2,36000,1.00324149109
586603,586609,588492,6,1883,2,36000,1.00318640467
586619,586625,588450,6,1825,2,36000,1.00328767123
586620,586631,588461,11,1830,2,36000,1.00601092896
586656,586662,588590,6,1928,2,36000,1.0031120332
586683,586689,588566,6,1877,2,36000,1.0031965903
586698,586704,588387,6,1683,2,36000,1.00356506239
586699,586710,588706,11,1996,2,36000,1.00551102204
586714,586720,588608,6,1888,2,36000,1.0031779661
586741,586747,588616,6,1869,2,36000,1.00321027287
586771,586777,588225,6,1448,2,36000,1.00414364641
586821,586827,588673,6,1846,2,36000,1.00325027086
586845,586851,588080,6,1229,2,36000,1.0048820179
586977,586983,588814,6,1831,2,36000,1.00327689787
586994,587000,588919,6,1919,2,36000,1.00312662845
586995,587006,588253,11,1247,2,36000,1.00882117081
586997,587011,589017,14,2006,2,36000,1.00697906281
587012,587017,588770,5,1753,2,36000,1.00285225328
587027,587033,588846,6,1813,2,36000,1.00330943188
587060,587066,588855,6,1789,2,36000,1.00335382895
587100,587106,588959,6,1853,2,36000,1.00323799244
587114,587121,589057,7,1936,2,36000,1.00361570248
587159,587166,589206,7,2040,2,36000,1.00343137255
587217,587223,589081,6,1858,2,36000,1.00322927879
587233,587239,588985,6,1746,2,36000,1.00343642612
587249,587254,589145,5,1891,2,36000,1.00264410365
587264,587270,589043,6,1773,2,36000,1.00338409475
587265,587276,588970,11,1694,2,36000,1.00649350649
587283,587289,589014,6,1725,2,36000,1.00347826087
587354,587360,589157,6,1797,2,36000,1.00333889816
587369,587375,589119,6,1744,2,36000,1.00344036697
587417,587423,589272,6,1849,2,36000,1.0032449973
587431,587438,589632,7,2194,2,36000,1.0031905196
587464,587471,589298,7,1827,2,36000,1.00383141762
587479,587485,589463,6,1978,2,36000,1.00303336704
587494,587500,589353,6,1853,2,36000,1.00323799244
587520,587526,589466,6,1940,2,36000,1.00309278351
587535,587541,589439,6,1898,2,36000,1.00316122234
587550,587556,589317,6,1761,2,36000,1.00340715503
587575,587581,589322,6,1741,2,36000,1.00344629523
587595,587601,589440,6,1839,2,36000,1.00326264274
587619,587626,589515,7,1889,2,36000,1.00370566437
587655,587662,589489,7,1827,2,36000,1.00383141762
587709,587716,589668,7,1952,2,36000,1.00358606557
587772,587779,589615,7,1836,2,36000,1.00381263617
587790,587796,589769,6,1973,2,36000,1.00304105423
587792,587802,589839,10,2037,2,36000,1.00490918017
587812,587818,589775,6,1957,2,36000,1.00306591722
587813,587824,589675,11,1851,2,36000,1.00594273366
587814,587829,589639,15,1810,2,36000,1.00828729282
587832,587838,589613,6,1775,2,36000,1.00338028169
587862,587868,589668,6,1800,2,36000,1.00333333333
587906,587912,589615,6,1703,2,36000,1.00352319436
587928,587934,589904,6,1970,2,36000,1.00304568528
587950,587956,589692,6,1736,2,36000,1.0034562212
587951,587962,589809,11,1847,2,36000,1.00595560368
587966,587973,589769,7,1796,2,36000,1.00389755011
587968,587979,589894,11,1915,2,36000,1.00574412533
587986,587992,589808,6,1816,2,36000,1.00330396476
588000,588007,589129,7,1122,2,36000,1.00623885918
588015,588021,589891,6,1870,2,36000,1.00320855615
588031,588037,589789,6,1752,2,36000,1.00342465753
588048,588054,589794,6,1740,2,36000,1.00344827586
588072,588079,589948,7,1869,2,36000,1.00374531835
588089,588095,590072,6,1977,2,36000,1.00303490137
588105,588111,589986,6,1875,2,36000,1.0032
588133,588139,589858,6,1719,2,36000,1.0034904014
588148,588155,590002,7,1847,2,36000,1.00378992962
588176,588182,589688,6,1506,2,36000,1.00398406375
588202,588209,589891,7,1682,2,36000,1.00416171225
588230,588236,590266,6,2030,2,36000,1.00295566502
588231,588242,589901,11,1659,2,36000,1.0066305003
588246,588252,590362,6,2110,2,36000,1.0028436019
588261,588267,590091,6,1824,2,36000,1.00328947368
588276,588282,590255,6,1973,2,36000,1.00304105423
588327,588333,590092,6,1759,2,36000,1.00341102899
588342,588348,589871,6,1523,2,36000,1.00393959291
588367,588373,590243,6,1870,2,36000,1.00320855615
588383,588389,590105,6,1716,2,36000,1.0034965035
588384,588395,590258,11,1863,2,36000,1.00590445518
588399,588406,590235,7,1829,2,36000,1.00382722799
588414,588420,590310,6,1890,2,36000,1.00317460317
588445,588451,590159,6,1708,2,36000,1.00351288056
588460,588466,590414,6,1948,2,36000,1.00308008214
588475,588481,590513,6,2032,2,36000,1.00295275591
588476,588487,590366,11,1879,2,36000,1.00585417775
588494,588500,590452,6,1952,2,36000,1.00307377049
588558,588564,590580,6,2016,2,36000,1.00297619048
588572,588579,590402,7,1823,2,36000,1.00383982447
588593,588599,590545,6,1946,2,36000,1.00308324769
588608,588615,590519,7,1904,2,36000,1.00367647059
588623,588629,590612,6,1983,2,36000,1.00302571861
588676,588682,590544,6,1862,2,36000,1.00322234157
588708,588714,590355,6,1641,2,36000,1.00365630713
588770,588776,590653,6,1877,2,36000,1.0031965903
588815,588821,590571,6,1750,2,36000,1.00342857143
588849,588855,590304,6,1449,2,36000,1.00414078675
588863,588870,590774,7,1904,2,36000,1.00367647059
588921,588927,590679,6,1752,2,36000,1.00342465753
588961,588967,590750,6,1783,2,36000,1.00336511497
588976,588982,590760,6,1778,2,36000,1.00337457818
588993,588999,590620,6,1621,2,36000,1.00370141888
589021,589027,590674,6,1647,2,36000,1.00364298725
589022,589033,591013,11,1980,2,36000,1.00555555556
589044,589050,590854,6,1804,2,36000,1.00332594235
589058,589065,590794,7,1729,2,36000,1.004048583
589083,589089,591047,6,1958,2,36000,1.00306435138
589122,589128,591116,6,1988,2,36000,1.00301810865
589137,589143,590823,6,1680,2,36000,1.00357142857
589154,589161,591025,7,1864,2,36000,1.00375536481
589170,589176,590869,6,1693,2,36000,1.00354400473
589207,589213,591293,6,2080,2,36000,1.00288461538
589275,589281,591047,6,1766,2,36000,1.00339750849
589300,589306,591271,6,1965,2,36000,1.00305343511
589318,589324,591217,6,1893,2,36000,1.00316957211
589334,589340,591067,6,1727,2,36000,1.00347423277
589355,589361,591217,6,1856,2,36000,1.00323275862
589439,589446,591470,7,2024,2,36000,1.00345849802
589441,589452,591362,11,1910,2,36000,1.0057591623
589465,589471,591481,6,2010,2,36000,1.00298507463
589480,589486,591461,6,1975,2,36000,1.00303797468
589498,589504,590521,6,1017,2,36000,1.00589970501
589516,589522,591318,6,1796,2,36000,1.00334075724
589613,589619,591534,6,1915,2,36000,1.00313315927
589628,589634,591399,6,1765,2,36000,1.00339943343
589629,589640,591554,11,1914,2,36000,1.00574712644
589645,589650,591682,5,2032,2,36000,1.00246062992
589646,589656,591652,10,1996,2,36000,1.00501002004
589670,589677,591502,7,1825,2,36000,1.00383561644
589672,589683,591456,11,1773,2,36000,1.00620417372
589687,589693,591484,6,1791,2,36000,1.00335008375
589701,589708,591433,7,1725,2,36000,1.00405797101
589703,589714,591501,11,1787,2,36000,1.00615556799
589770,589776,591743,6,1967,2,36000,1.00305033045
589771,589782,591543,11,1761,2,36000,1.00624645088
589786,589792,591799,6,2007,2,36000,1.00298953662
589801,589807,591620,6,1813,2,36000,1.00330943188
589802,589813,591828,11,2015,2,36000,1.00545905707
589818,589824,591651,6,1827,2,36000,1.00328407225
589819,589830,591611,11,1781,2,36000,1.00617630545
589841,589847,591523,6,1676,2,36000,1.00357995227
589859,589865,591743,6,1878,2,36000,1.00319488818
589873,589879,591537,6,1658,2,36000,1.00361881785
589891,589897,591840,6,1943,2,36000,1.00308800823
589893,589903,591843,10,1940,2,36000,1.00515463918
589908,589914,591895,6,1981,2,36000,1.00302877335
589909,589920,592465,11,2545,2,36000,1.00432220039
589911,589925,591561,14,1636,2,36000,1.00855745721
589951,589957,591655,6,1698,2,36000,1.0035335689
589987,589993,592261,6,2268,2,36000,1.00264550265
590002,590008,591867,6,1859,2,36000,1.00322754169
590076,590082,591545,6,1463,2,36000,1.004101162
590095,590101,591802,6,1701,2,36000,1.00352733686
590096,590107,591949,11,1842,2,36000,1.00597176982
590111,590117,591893,6,1776,2,36000,1.00337837838
590159,590165,591978,6,1813,2,36000,1.00330943188
590237,590243,591950,6,1707,2,36000,1.00351493849
590252,590258,591959,6,1701,2,36000,1.00352733686
590267,590273,592107,6,1834,2,36000,1.00327153762
590268,590279,592380,11,2101,2,36000,1.00523560209
590270,590284,592184,14,1900,2,36000,1.00736842105
590306,590312,592068,6,1756,2,36000,1.00341685649
590321,590327,592266,6,1939,2,36000,1.00309437855
590357,590364,592219,7,1855,2,36000,1.00377358491
590373,590379,592079,6,1700,2,36000,1.00352941176
590374,590385,592217,11,1832,2,36000,1.00600436681
590404,590411,592322,7,1911,2,36000,1.00366300366
590419,590425,592116,6,1691,2,36000,1.00354819633
590452,590458,592324,6,1866,2,36000,1.00321543408
590518,590524,592294,6,1770,2,36000,1.00338983051
590534,590540,592284,6,1744,2,36000,1.00344036697
590535,590546,592138,11,1592,2,36000,1.00690954774
590554,590560,592511,6,1951,2,36000,1.00307534598
590555,590566,592648,11,2082,2,36000,1.00528338136
590573,590579,592300,6,1721,2,36000,1.00348634515
590589,590595,592546,6,1951,2,36000,1.00307534598
590616,590622,591812,6,1190,2,36000,1.00504201681
590631,590637,592639,6,2002,2,36000,1.002997003
590672,590678,592645,6,1967,2,36000,1.00305033045
590688,590694,592429,6,1735,2,36000,1.00345821326
590689,590700,592570,11,1870,2,36000,1.00588235294
590750,590757,592584,7,1827,2,36000,1.00383141762
590766,590772,592385,6,1613,2,36000,1.00371977681
590781,590787,592773,6,1986,2,36000,1.00302114804
590797,590803,592688,6,1885,2,36000,1.00318302387
590825,590831,592670,6,1839,2,36000,1.00326264274
590856,590862,592694,6,1832,2,36000,1.00327510917
590872,590878,592762,6,1884,2,36000,1.00318471338
591015,591021,592751,6,1730,2,36000,1.00346820809
591029,591035,592951,6,1916,2,36000,1.00313152401
591048,591054,593126,6,2072,2,36000,1.0028957529
591049,591060,592805,11,1745,2,36000,1.00630372493
591067,591073,593254,6,2181,2,36000,1.00275103164
591121,591127,593045,6,1918,2,36000,1.0031282586
591218,591224,592955,6,1731,2,36000,1.00346620451
591219,591230,593068,11,1838,2,36000,1.00598476605
591274,591280,593369,6,2089,2,36000,1.00287218765
591295,591301,593305,6,2004,2,36000,1.00299401198
591319,591326,593185,7,1859,2,36000,1.0037654653
591365,591371,593323,6,1952,2,36000,1.00307377049
591401,591407,593228,6,1821,2,36000,1.00329489292
591425,591431,591434,6,3,2,3540,1.0
591437,591443,592957,6,1514,2,36000,1.00396301189
591457,591463,593262,6,1799,2,36000,1.00333518621
591474,591481,593355,7,1874,2,36000,1.00373532551
591476,591487,593350,11,1863,2,36000,1.00590445518
591493,591499,593454,6,1955,2,36000,1.00306905371
591494,591505,593304,11,1799,2,36000,1.00611450806
591510,591517,593473,7,1956,2,36000,1.00357873211
591512,591522,593466,10,1944,2,36000,1.00514403292
591526,591533,592953,7,1420,2,36000,1.00492957746
591541,591548,593461,7,1913,2,36000,1.00365917407
591543,591554,593366,11,1812,2,36000,1.00607064018
591558,591564,593391,6,1827,2,36000,1.00328407225
591559,591570,593305,11,1735,2,36000,1.00634005764
591561,591575,593474,14,1899,2,36000,1.00737230121
591575,591581,593459,6,1878,2,36000,1.00319488818
591611,591618,593376,7,1758,2,36000,1.0039817975
591626,591632,593402,6,1770,2,36000,1.00338983051
591657,591662,593522,5,1860,2,36000,1.00268817204
591658,591669,593429,11,1760,2,36000,1.00625
591660,591674,593764,14,2090,2,36000,1.00669856459
591684,591690,593433,6,1743,2,36000,1.00344234079
591744,591750,593657,6,1907,2,36000,1.00314630309
591746,591756,593598,10,1842,2,36000,1.00542888165
591800,591807,593517,7,1710,2,36000,1.00409356725
591816,591822,593849,6,2027,2,36000,1.00296003947
591817,591828,593629,11,1801,2,36000,1.00610771793
591832,591838,593775,6,1937,2,36000,1.00309757357
591847,591853,593712,6,1859,2,36000,1.00322754169
591848,591859,593785,11,1926,2,36000,1.0057113188
591869,591875,593710,6,1835,2,36000,1.00326975477
591896,591902,593983,6,2081,2,36000,1.00288322922
591897,591908,593809,11,1901,2,36000,1.0057864282
591951,591958,593641,7,1683,2,36000,1.00415923945
591953,591964,593753,11,1789,2,36000,1.00614868642
591968,591974,593774,6,1800,2,36000,1.00333333333
591982,591989,593657,7,1668,2,36000,1.00419664269
592070,592076,593819,6,1743,2,36000,1.00344234079
592085,592090,593757,5,1667,2,36000,1.00299940012
592108,592114,594087,6,1973,2,36000,1.00304105423
592123,592130,594004,7,1874,2,36000,1.00373532551
592139,592145,593897,6,1752,2,36000,1.00342465753
592184,592191,594222,7,2031,2,36000,1.00344657804
592219,592225,594171,6,1946,2,36000,1.00308324769
592234,592240,594096,6,1856,2,36000,1.00323275862
592264,592270,594071,6,1801,2,36000,1.00333148251
592279,592285,594169,6,1884,2,36000,1.00318471338
592295,592301,594320,6,2019,2,36000,1.0029717682
592296,592307,594247,11,1940,2,36000,1.00567010309
592313,592319,593986,6,1667,2,36000,1.00359928014
592336,592343,594227,7,1884,2,36000,1.00371549894
592338,592349,594507,11,2158,2,36000,1.00509731233
592380,592386,594320,6,1934,2,36000,1.00310237849
592395,592401,594169,6,1768,2,36000,1.00339366516
592431,592437,594173,6,1736,2,36000,1.0034562212
592467,592473,594161,6,1688,2,36000,1.00355450237
592473,592479,592481,6,2,1,72000,1.0
592512,592518,593817,6,1299,2,36000,1.00461893764
592548,592554,594425,6,1871,2,36000,1.00320684126
592572,592578,594498,6,1920,2,36000,1.003125
592587,592593,594368,6,1775,2,36000,1.00338028169
592641,592647,594620,6,1973,2,36000,1.00304105423
592656,592662,594375,6,1713,2,36000,1.00350262697
592657,592668,594552,11,1884,2,36000,1.00583864119
592672,592678,594578,6,1900,2,36000,1.00315789474
592690,592696,594658,6,1962,2,36000,1.00305810398
592705,592711,594146,6,1435,2,36000,1.00418118467
592753,592759,594653,6,1894,2,36000,1.00316789863
592769,592775,594507,6,1732,2,36000,1.00346420323
592784,592790,594464,6,1674,2,36000,1.00358422939
592805,592812,594710,7,1898,2,36000,1.00368809273
592954,592960,594807,6,1847,2,36000,1.0032485111
592955,592966,594674,11,1708,2,36000,1.00644028103
592970,592976,595385,6,2409,2,36000,1.00249066002
592971,592982,594713,11,1731,2,36000,1.00635470826
593048,593054,594931,6,1877,2,36000,1.0031965903
593071,593077,594962,6,1885,2,36000,1.00318302387
593129,593135,594950,6,1815,2,36000,1.00330578512
593189,593195,595134,6,1939,2,36000,1.00309437855
593228,593234,594991,6,1757,2,36000,1.00341491178
593255,593262,595144,7,1882,2,36000,1.0037194474
593257,593268,626988,11,33720,1,64800,1.0003262159
593270,593277,595074,7,1797,2,36000,1.00389538119
593306,593312,595042,6,1730,2,36000,1.00346820809
593307,593318,595174,11,1856,2,36000,1.00592672414
593308,593323,595015,15,1692,2,36000,1.00886524823
593323,593329,595241,6,1912,2,36000,1.00313807531
593350,593356,595346,6,1990,2,36000,1.00301507538
593365,593371,595448,6,2077,2,36000,1.0028887819
593380,593386,595225,6,1839,2,36000,1.00326264274
593382,593392,595210,10,1818,2,36000,1.00550055006
593383,593397,594921,14,1524,2,36000,1.00918635171
593398,593403,595148,5,1745,2,36000,1.00286532951
593412,593419,595244,7,1825,2,36000,1.00383561644
593430,593437,595273,7,1836,2,36000,1.00381263617
593445,593451,595268,6,1817,2,36000,1.0033021464
593460,593466,595374,6,1908,2,36000,1.00314465409
593461,593472,595364,11,1892,2,36000,1.00581395349
593477,593483,595388,6,1905,2,36000,1.0031496063
593478,593489,595283,11,1794,2,36000,1.00613154961
593480,593494,595222,14,1728,2,36000,1.00810185185
593481,593499,595406,18,1907,2,36000,1.00943890928
593520,593526,595124,6,1598,2,36000,1.00375469337
593535,593541,595580,6,2039,2,36000,1.00294261893
593598,593604,595350,6,1746,2,36000,1.00343642612
593630,593637,595583,7,1946,2,36000,1.0035971223
593645,593651,595412,6,1761,2,36000,1.00340715503
593660,593666,595497,6,1831,2,36000,1.00327689787
593661,593672,595728,11,2056,2,36000,1.00535019455
593713,593719,595593,6,1874,2,36000,1.00320170758
593714,593725,595458,11,1733,2,36000,1.0063473745
593753,593759,595796,6,2037,2,36000,1.0029455081
593768,593775,595519,7,1744,2,36000,1.00401376147
593770,593781,595793,11,2012,2,36000,1.00546719682
593785,593791,595478,6,1687,2,36000,1.00355660937
593786,593797,595724,11,1927,2,36000,1.00570835496
593788,593802,595598,14,1796,2,36000,1.00779510022
593812,593818,595534,6,1716,2,36000,1.0034965035
593827,593833,595927,6,2094,2,36000,1.00286532951
593828,593839,595721,11,1882,2,36000,1.00584484591
593853,593859,595646,6,1787,2,36000,1.00335758254
593889,593895,601104,6,7209,2,7200,1.00083229297
593900,593906,595651,6,1745,2,36000,1.00343839542
593984,593990,595710,6,1720,2,36000,1.00348837209
594000,594006,595984,6,1978,2,36000,1.00303336704
594015,594021,595800,6,1779,2,36000,1.00337268128
594072,594078,595784,6,1706,2,36000,1.00351699883
594073,594084,599788,11,5704,1,72000,1.00192847125
594090,594096,595820,6,1724,2,36000,1.00348027842
594105,594111,595994,6,1883,2,36000,1.00318640467
594147,594153,595840,6,1687,2,36000,1.00355660937
594162,594168,595867,6,1699,2,36000,1.00353148911
594170,594176,605321,6,11145,1,43200,1.00053835801
594177,594184,595998,7,1814,2,36000,1.00385887541
594179,594190,596154,11,1964,2,36000,1.00560081466
594180,594195,596130,15,1935,2,36000,1.00775193798
594181,594201,595919,20,1718,2,36000,1.01164144354
594224,594230,596022,6,1792,2,36000,1.00334821429
594238,594245,596185,7,1940,2,36000,1.00360824742
594253,594260,596239,7,1979,2,36000,1.00353713997
594320,594326,596258,6,1932,2,36000,1.00310559006
594322,594332,596305,10,1973,2,36000,1.00506842372
594371,594377,596125,6,1748,2,36000,1.00343249428
594386,594392,596323,6,1931,2,36000,1.00310719834
594427,594433,596271,6,1838,2,36000,1.00326441785
594468,594474,596464,6,1990,2,36000,1.00301507538
594501,594507,596294,6,1787,2,36000,1.00335758254
594518,594524,596612,6,2088,2,36000,1.00287356322
594519,594530,596269,11,1739,2,36000,1.00632547441
594552,594558,596386,6,1828,2,36000,1.00328227571
594579,594585,596566,6,1981,2,36000,1.00302877335
594621,594627,596575,6,1948,2,36000,1.00308008214
594654,594660,596576,6,1916,2,36000,1.00313152401
594669,594676,596586,7,1910,2,36000,1.00366492147
594684,594691,596487,7,1796,2,36000,1.00389755011
594711,594718,596588,7,1870,2,36000,1.00374331551
594726,594732,596576,6,1844,2,36000,1.0032537961
594809,594815,596563,6,1748,2,36000,1.00343249428
594922,594928,596732,6,1804,2,36000,1.00332594235
594937,594942,596701,5,1759,2,36000,1.00284252416
594952,594958,596744,6,1786,2,36000,1.00335946249
594966,594973,597307,7,2334,2,36000,1.0029991431
594994,595000,596928,6,1928,2,36000,1.0031120332
595018,595024,596872,6,1848,2,36000,1.00324675325
595045,595051,596794,6,1743,2,36000,1.00344234079
595076,595082,596763,6,1681,2,36000,1.00356930399
595125,595132,596992,7,1860,2,36000,1.00376344086
595140,595146,597075,6,1929,2,36000,1.00311041991
595156,595162,596950,6,1788,2,36000,1.0033557047
595157,595168,597079,11,1911,2,36000,1.00575614861
595175,595181,597218,6,2037,2,36000,1.0029455081
595211,595217,596971,6,1754,2,36000,1.00342075257
595226,595232,596966,6,1734,2,36000,1.00346020761
595227,595238,596973,11,1735,2,36000,1.00634005764
595242,595248,597058,6,1810,2,36000,1.00331491713
595252,595259,597359,7,2100,2,3600,1.00333333333
595258,595265,596987,7,1722,2,36000,1.00406504065
595275,595281,597058,6,1777,2,36000,1.00337647721
595276,595287,597027,11,1740,2,36000,1.00632183908
595291,595297,596734,6,1437,2,36000,1.00417536534
595349,595355,597185,6,1830,2,36000,1.00327868852
595364,595370,597104,6,1734,2,36000,1.00346020761
595365,595376,597208,11,1832,2,36000,1.00600436681
595380,595386,597272,6,1886,2,36000,1.00318133616
595398,595404,597239,6,1835,2,36000,1.00326975477
595399,595410,597204,11,1794,2,36000,1.00613154961
595414,595420,597223,6,1803,2,36000,1.00332778702
595415,595426,597204,11,1778,2,36000,1.00618672666
595448,595455,597170,7,1715,2,36000,1.00408163265
595463,595469,597402,6,1933,2,36000,1.00310398345
595482,595488,597258,6,1770,2,36000,1.00338983051
595500,595506,597414,6,1908,2,36000,1.00314465409
595521,595527,597210,6,1683,2,36000,1.00356506239
595537,595543,596736,6,1193,2,36000,1.0050293378
595586,595592,596640,6,1048,2,36000,1.00572519084
595587,595598,597659,11,2061,2,36000,1.00533721494
595606,595612,597389,6,1777,2,36000,1.00337647721
595607,595618,597496,11,1878,2,36000,1.00585729499
595648,595654,597492,6,1838,2,36000,1.00326441785
595663,595670,597448,7,1778,2,36000,1.00393700787
595696,595702,595787,6,85,1,7200,1.07058823529
595712,595719,597318,7,1599,2,36000,1.00437773609
595728,595734,597624,6,1890,2,36000,1.00317460317
595729,595740,597556,11,1816,2,36000,1.00605726872
595730,595745,597669,15,1924,2,36000,1.0077962578
595785,595791,597483,6,1692,2,36000,1.00354609929
595795,595804,596332,9,528,4,7200,1.01704545455
595800,595810,597677,10,1867,2,36000,1.0053561864
595802,595815,597864,13,2049,2,36000,1.00634455832
595803,595820,597519,17,1699,2,36000,1.01000588582
595821,595827,597738,6,1911,2,36000,1.00313971743
595842,595848,597705,6,1857,2,36000,1.00323101777
595869,595875,597662,6,1787,2,36000,1.00335758254
595920,595927,597058,7,1131,2,36000,1.00618921309
595935,595941,597589,6,1648,2,36000,1.0036407767
595987,595993,597552,6,1559,2,36000,1.00384862091
596002,596008,597973,6,1965,2,36000,1.00305343511
596003,596014,597823,11,1809,2,36000,1.00608070757
596024,596030,597864,6,1834,2,36000,1.00327153762
596129,596135,597898,6,1763,2,36000,1.00340328985
596144,596150,597880,6,1730,2,36000,1.00346820809
596159,596165,597858,6,1693,2,36000,1.00354400473
596187,596193,597963,6,1770,2,36000,1.00338983051
596242,596248,597851,6,1603,2,36000,1.00374298191
596261,596267,598028,6,1761,2,36000,1.00340715503
596276,596282,598153,6,1871,2,36000,1.00320684126
596277,596288,597832,11,1544,2,36000,1.00712435233
596295,596301,598238,6,1937,2,36000,1.00309757357
596310,596316,598280,6,1964,2,36000,1.00305498982
596325,596331,598060,6,1729,2,36000,1.003470214
596388,596395,598128,7,1733,2,36000,1.00403923832
596467,596473,598345,6,1872,2,36000,1.00320512821
596488,596494,598199,6,1705,2,36000,1.00351906158
596564,596570,598054,6,1484,2,36000,1.00404312668
596583,596589,598326,6,1737,2,36000,1.00345423143
596584,596595,597714,11,1119,2,36000,1.00983020554
596586,596600,598541,14,1941,2,36000,1.00721277692
596587,596605,598498,18,1893,2,36000,1.00950871632
596602,596612,598382,10,1770,2,36000,1.00564971751
596604,596617,598520,13,1903,2,36000,1.00683131897
596618,596625,598552,7,1927,2,36000,1.00363258952
596640,596646,598100,6,1454,2,36000,1.00412654746
596705,596711,598419,6,1708,2,36000,1.00351288056
596736,596742,598514,6,1772,2,36000,1.00338600451
596738,596748,598440,10,1692,2,36000,1.00591016548
596739,596753,598653,14,1900,2,36000,1.00736842105
596754,596760,598785,6,2025,2,36000,1.00296296296
596769,596775,598629,6,1854,2,36000,1.00323624595
596796,596802,598335,6,1533,2,36000,1.00391389432
596873,596880,598549,7,1669,2,36000,1.00419412822
596928,596934,598662,6,1728,2,36000,1.00347222222
596951,596958,598320,7,1362,2,36000,1.00513950073
596967,596973,598979,6,2006,2,36000,1.00299102692
596981,596988,598926,7,1938,2,36000,1.0036119711
596983,596994,598902,11,1908,2,36000,1.00576519916
596998,597004,598950,6,1946,2,36000,1.00308324769
596999,597010,598733,11,1723,2,36000,1.00638421358
597028,597034,598955,6,1921,2,36000,1.00312337324
597066,597072,598814,6,1742,2,36000,1.00344431688
597067,597078,598939,11,1861,2,36000,1.00591080064
597069,597083,599275,14,2192,2,36000,1.00638686131
597084,597089,599071,5,1982,2,36000,1.00252270434
597085,597096,599071,11,1975,2,36000,1.00556962025
597106,597112,598934,6,1822,2,36000,1.00329308452
597174,597179,598788,5,1609,2,36000,1.0031075202
597191,597196,598984,5,1788,2,36000,1.00279642058
597209,597215,599130,6,1915,2,36000,1.00313315927
597210,597221,599094,11,1873,2,36000,1.00587293113
597211,597226,598996,15,1770,2,36000,1.00847457627
597228,597234,598689,6,1455,2,36000,1.00412371134
597229,597240,598901,11,1661,2,36000,1.00662251656
597230,597245,599984,15,2739,2,36000,1.00547645126
597246,597253,599098,7,1845,2,36000,1.00379403794
597261,597268,599093,7,1825,2,36000,1.00383561644
597276,597282,598993,6,1711,2,36000,1.00350672122
597310,597316,599152,6,1836,2,36000,1.00326797386
597325,597331,599022,6,1691,2,36000,1.00354819633
597392,597398,599061,6,1663,2,36000,1.00360793746
597407,597413,599275,6,1862,2,36000,1.00322234157
597421,597428,599090,7,1662,2,36000,1.00421179302
597448,597454,599358,6,1904,2,36000,1.0031512605
597484,597491,599183,7,1692,2,36000,1.00413711584
597500,597506,599303,6,1797,2,36000,1.00333889816
597501,597512,598905,11,1393,2,36000,1.00789662599
597522,597528,599275,6,1747,2,36000,1.00343445907
597555,597561,599364,6,1803,2,36000,1.00332778702
597570,597576,599449,6,1873,2,36000,1.00320341698
597591,597597,599447,6,1850,2,36000,1.00324324324
597627,597633,599327,6,1694,2,36000,1.00354191263
597660,597666,599472,6,1806,2,36000,1.00332225914
597675,597681,599595,6,1914,2,36000,1.00313479624
597676,597687,599517,11,1830,2,36000,1.00601092896
597691,597697,599455,6,1758,2,36000,1.00341296928
597706,597712,599537,6,1825,2,36000,1.00328767123
597720,597726,599714,6,1988,2,36000,1.00301810865
597738,597744,599510,6,1766,2,36000,1.00339750849
597812,597818,611829,6,14011,1,72000,1.00042823496
597825,597831,599563,6,1732,2,36000,1.00346420323
597841,597847,599561,6,1714,2,36000,1.00350058343
597856,597862,599568,6,1706,2,36000,1.00351699883
597872,597878,599680,6,1802,2,36000,1.00332963374
597873,597884,599776,11,1892,2,36000,1.00581395349
597874,597889,599785,15,1896,2,36000,1.00791139241
597889,597895,599734,6,1839,2,36000,1.00326264274
597904,597909,599715,5,1806,2,36000,1.00276854928
597964,597970,599831,6,1861,2,36000,1.00322407308
597979,597984,600021,5,2037,2,36000,1.00245459008
598032,598039,600258,7,2219,2,36000,1.00315457413
598058,598064,599959,6,1895,2,36000,1.00316622691
598074,598080,599877,6,1797,2,36000,1.00333889816
598102,598109,599364,7,1255,2,36000,1.00557768924
598131,598137,599719,6,1582,2,36000,1.00379266751
598157,598163,599959,6,1796,2,36000,1.00334075724
598203,598209,600162,6,1953,2,36000,1.00307219662
598241,598247,600259,6,2012,2,36000,1.00298210736
598283,598289,600337,6,2048,2,36000,1.0029296875
598320,598326,600127,6,1801,2,36000,1.00333148251
598335,598341,600079,6,1738,2,36000,1.00345224396
598336,598347,600266,11,1919,2,36000,1.00573215216
598351,598357,600364,6,2007,2,36000,1.00298953662
598384,598390,600001,6,1611,2,36000,1.00372439479
598422,598428,600371,6,1943,2,36000,1.00308800823
598440,598446,600206,6,1760,2,36000,1.00340909091
598501,598507,600166,6,1659,2,36000,1.00361663653
598515,598521,600503,6,1982,2,36000,1.00302724521
598530,598536,600345,6,1809,2,36000,1.00331674959
598545,598551,600363,6,1812,2,36000,1.00331125828
598560,598566,600201,6,1635,2,36000,1.00366972477
598561,598572,600232,11,1660,2,36000,1.00662650602
598632,598637,600404,5,1767,2,36000,1.00282965478
598652,598659,600331,7,1672,2,36000,1.00418660287
598668,598673,600485,5,1812,2,36000,1.0027593819
598688,598694,600695,6,2001,2,36000,1.00299850075
598734,598740,600613,6,1873,2,36000,1.00320341698
598787,598793,600500,6,1707,2,36000,1.00351493849
598791,598799,599608,8,809,1,72000,1.00988875155
598794,598805,599556,11,751,1,72000,1.01464713715
598797,598810,603538,13,4728,1,72000,1.00274957699
598801,598821,603443,20,4622,1,72000,1.00432713111
598802,598816,600581,14,1765,2,36000,1.00793201133
598808,598827,599368,19,541,1,72000,1.03512014787
598812,598950,599814,138,864,1,72000,1.15972222222
598817,598833,600520,16,1687,2,36000,1.00948429164
598905,598911,600597,6,1686,2,36000,1.00355871886
598907,598918,600230,11,1312,2,36000,1.00838414634
598908,598923,600743,15,1820,2,36000,1.00824175824
598931,598937,600535,6,1598,2,36000,1.00375469337
598947,598956,600190,9,1234,2,36000,1.00729335494
598948,598961,600876,13,1915,2,36000,1.00678851175
598964,598970,600771,6,1801,2,36000,1.00333148251
598965,598976,600813,11,1837,2,36000,1.00598802395
598980,598986,601115,6,2129,2,36000,1.00281822452
598995,599001,600237,6,1236,2,36000,1.00485436893
598996,599007,600030,11,1023,2,36000,1.01075268817
598997,599012,600735,15,1723,2,36000,1.00870574579
599024,599031,600809,7,1778,2,36000,1.00393700787
599061,599067,600871,6,1804,2,36000,1.00332594235
599077,599083,600641,6,1558,2,36000,1.00385109114
599078,599089,600919,11,1830,2,36000,1.00601092896
599095,599101,600981,6,1880,2,36000,1.00319148936
599096,599107,600824,11,1717,2,36000,1.00640652301
599098,599112,600968,14,1856,2,36000,1.00754310345
599114,599120,600953,6,1833,2,36000,1.00327332242
599132,599139,600819,7,1680,2,36000,1.00416666667
599153,599160,601030,7,1870,2,36000,1.00374331551
599183,599190,600990,7,1800,2,36000,1.00388888889
599277,599284,601019,7,1735,2,36000,1.00403458213
599279,599290,600965,11,1675,2,36000,1.00656716418
599280,599295,600971,15,1676,2,36000,1.00894988067
599306,599312,601044,6,1732,2,36000,1.00346420323
599330,599337,600813,7,1476,2,36000,1.00474254743
599358,599364,601195,6,1831,2,36000,1.00327689787
599373,599379,601299,6,1920,2,36000,1.003125
599374,599385,600777,11,1392,2,36000,1.00790229885
599448,599454,601205,6,1751,2,36000,1.00342661336
599464,599470,601192,6,1722,2,36000,1.00348432056
599466,599476,601207,10,1731,2,36000,1.00577700751
599481,599487,601282,6,1795,2,36000,1.00334261838
599511,599517,601379,6,1862,2,36000,1.00322234157
599526,599532,601608,6,2076,2,36000,1.00289017341
599541,599547,601479,6,1932,2,36000,1.00310559006
599558,599564,601388,6,1824,2,36000,1.00328947368
599573,599579,601474,6,1895,2,36000,1.00316622691
599574,599585,601446,11,1861,2,36000,1.00591080064
599595,599601,601452,6,1851,2,36000,1.00324149109
599682,599688,601779,6,2091,2,36000,1.00286944046
599716,599722,601719,6,1997,2,36000,1.00300450676
599717,599728,601348,11,1620,2,36000,1.00679012346
599732,599738,600711,6,973,2,36000,1.00616649538
599747,599753,601591,6,1838,2,36000,1.00326441785
599779,599785,601694,6,1909,2,36000,1.00314300681
599794,599800,601560,6,1760,2,36000,1.00340909091
599831,599837,601530,6,1693,2,36000,1.00354400473
599879,599885,601982,6,2097,2,36000,1.00286123033
599961,599967,601173,6,1206,2,36000,1.00497512438
599962,599973,601730,11,1757,2,36000,1.0062606716
599986,599992,601869,6,1877,2,36000,1.0031965903
600004,600010,601847,6,1837,2,36000,1.00326619488
600024,600030,601544,6,1514,2,36000,1.00396301189
600039,600045,601866,6,1821,2,36000,1.00329489292
600081,600087,602046,6,1959,2,36000,1.00306278714
600130,600136,601921,6,1785,2,36000,1.00336134454
600164,600170,601928,6,1758,2,36000,1.00341296928
600179,600185,602072,6,1887,2,36000,1.00317965024
600194,600200,601938,6,1738,2,36000,1.00345224396
600210,600216,602055,6,1839,2,36000,1.00326264274
600211,600222,601934,11,1712,2,36000,1.00642523364
600235,600241,601395,6,1154,2,36000,1.00519930676
600236,600247,601969,11,1722,2,36000,1.00638792102
600252,600258,602246,6,1988,2,36000,1.00301810865
600257,600264,601099,7,835,1,72000,1.00838323353
600262,600270,604122,8,3852,1,72000,1.0020768432
600267,600276,602184,9,1908,2,36000,1.00471698113
600269,600281,602067,12,1786,2,36000,1.00671892497
600270,600286,602062,16,1776,2,36000,1.00900900901
600334,600340,602160,6,1820,2,36000,1.0032967033
600354,600360,602170,6,1810,2,36000,1.00331491713
600355,600366,602167,11,1801,2,36000,1.00610771793
600372,600378,602203,6,1825,2,36000,1.00328767123
600373,600384,602106,11,1722,2,36000,1.00638792102
600374,600389,601338,15,949,2,36000,1.0158061117
600403,600409,602272,6,1863,2,36000,1.00322061192
600487,600493,602420,6,1927,2,36000,1.00311364816
600503,600509,602337,6,1828,2,36000,1.00328227571
600504,600515,602237,11,1722,2,36000,1.00638792102
600522,600529,602423,7,1894,2,36000,1.00369588173
600537,600543,601738,6,1195,2,36000,1.0050209205
600582,600588,602430,6,1842,2,36000,1.00325732899
600600,600606,602439,6,1833,2,36000,1.00327332242
600615,600622,602349,7,1727,2,36000,1.00405327157
600642,600648,602336,6,1688,2,36000,1.00355450237
600696,600702,602268,6,1566,2,36000,1.00383141762
600711,600717,602534,6,1817,2,36000,1.0033021464
600738,600745,602703,7,1958,2,36000,1.00357507661
600754,600760,602049,6,1289,2,36000,1.00465477114
600773,600779,602614,6,1835,2,36000,1.00326975477
600788,600794,602612,6,1818,2,36000,1.00330033003
600809,600815,602658,6,1843,2,36000,1.00325556158
600826,600832,602634,6,1802,2,36000,1.00332963374
600827,600838,602262,11,1424,2,36000,1.0077247191
600828,600843,602737,15,1894,2,36000,1.00791974657
600830,600848,602677,18,1829,2,36000,1.00984144341
600875,600881,602953,6,2072,2,36000,1.0028957529
600889,600896,602716,7,1820,2,36000,1.00384615385
600919,600926,602127,7,1201,2,36000,1.00582847627
600956,600962,602703,6,1741,2,36000,1.00344629523
600972,600978,602660,6,1682,2,36000,1.00356718193
600973,600984,602428,11,1444,2,36000,1.00761772853
600974,600989,602825,15,1836,2,36000,1.00816993464
600989,600995,602586,6,1591,2,36000,1.00377121307
601004,601010,603164,6,2154,2,36000,1.00278551532
601019,601025,602876,6,1851,2,36000,1.00324149109
601034,601040,602693,6,1653,2,36000,1.00362976407
601049,601054,602956,5,1902,2,36000,1.00262881178
601116,601122,602897,6,1775,2,36000,1.00338028169
601175,601181,602834,6,1653,2,36000,1.00362976407
601201,601207,602939,6,1732,2,36000,1.00346420323
601203,601213,603005,10,1792,2,36000,1.00558035714
601224,601230,603221,6,1991,2,36000,1.00301356102
601225,601236,602871,11,1635,2,36000,1.00672782875
601282,601288,602590,6,1302,2,36000,1.00460829493
601301,601307,603133,6,1826,2,36000,1.00328587076
601345,601351,603164,6,1813,2,36000,1.00330943188
601360,601367,603180,7,1813,2,36000,1.00386100386
601382,601388,603026,6,1638,2,36000,1.00366300366
601398,601404,603099,6,1695,2,36000,1.00353982301
601399,601410,603122,11,1712,2,36000,1.00642523364
601448,601454,603303,6,1849,2,36000,1.0032449973
601463,601469,603349,6,1880,2,36000,1.00319148936
601478,601484,603304,6,1820,2,36000,1.0032967033
601492,601499,603354,7,1855,2,36000,1.00377358491
601532,601538,603350,6,1812,2,36000,1.00331125828
601546,601552,603254,6,1702,2,36000,1.00352526439
601562,601568,602980,6,1412,2,36000,1.00424929178
601593,601599,603467,6,1868,2,36000,1.00321199143
601608,601614,603356,6,1742,2,36000,1.00344431688
601700,601706,603522,6,1816,2,36000,1.00330396476
601722,601728,603725,6,1997,2,36000,1.00300450676
601739,601745,603805,6,2060,2,36000,1.00291262136
601740,601751,603412,11,1661,2,36000,1.00662251656
601788,601794,603562,6,1768,2,36000,1.00339366516
601849,601855,603583,6,1728,2,36000,1.00347222222
601877,601883,603752,6,1869,2,36000,1.00321027287
601878,601889,603789,11,1900,2,36000,1.00578947368
601927,601934,603848,7,1914,2,36000,1.00365726228
601946,601952,603478,6,1526,2,36000,1.00393184797
601947,601958,603436,11,1478,2,36000,1.00744248985
601949,601963,603747,14,1784,2,36000,1.00784753363
601973,601979,603769,6,1790,2,36000,1.00335195531
601988,601994,603643,6,1649,2,36000,1.00363856883
602053,602058,603480,5,1422,2,36000,1.0035161744
602054,602064,603859,10,1795,2,36000,1.00557103064
602069,602076,604030,7,1954,2,36000,1.00358239509
602071,602081,603789,10,1708,2,36000,1.00585480094
602072,602087,604167,15,2080,2,36000,1.00721153846
602089,602095,603889,6,1794,2,36000,1.00334448161
602113,602119,603927,6,1808,2,36000,1.00331858407
602131,602137,604226,6,2089,2,36000,1.00287218765
602162,602169,604014,7,1845,2,36000,1.00379403794
602197,602203,604018,6,1815,2,36000,1.00330578512
602199,602209,604020,10,1811,2,36000,1.00552181115
602200,602214,604060,14,1846,2,36000,1.00758396533
602218,602224,604059,6,1835,2,36000,1.00326975477
602239,602245,604038,6,1793,2,36000,1.0033463469
602255,602261,604064,6,1803,2,36000,1.00332778702
602270,602276,604075,6,1799,2,36000,1.00333518621
602271,602282,604193,11,1911,2,36000,1.00575614861
602287,602294,604201,7,1907,2,36000,1.00367068694
602350,602356,604015,6,1659,2,36000,1.00361663653
602351,602362,604149,11,1787,2,36000,1.00615556799
602353,602367,604190,14,1823,2,36000,1.00767964893
602367,602373,602375,6,2,2,3540,1.0
602421,602427,604467,6,2040,2,36000,1.00294117647
602436,602442,604194,6,1752,2,36000,1.00342465753
602437,602448,604319,11,1871,2,36000,1.00587920898
602439,602453,604269,14,1816,2,36000,1.0077092511
602454,602459,604441,5,1982,2,36000,1.00252270434
602536,602542,604531,6,1989,2,36000,1.00301659125
602603,602610,604231,7,1621,2,36000,1.00431832202
602605,602616,604563,11,1947,2,36000,1.00564971751
602623,602629,604470,6,1841,2,36000,1.00325909832
602624,602635,604335,11,1700,2,36000,1.00647058824
602640,602645,604518,5,1873,2,36000,1.00266951415
602670,602676,604634,6,1958,2,36000,1.00306435138
602671,602682,604393,11,1711,2,36000,1.0064289889
602690,602696,604541,6,1845,2,36000,1.00325203252
602714,602721,604494,7,1773,2,36000,1.00394811055
602716,602727,604478,11,1751,2,36000,1.0062821245
602717,602732,604629,15,1897,2,36000,1.00790722193
602733,602739,604318,6,1579,2,36000,1.00379987334
602748,602754,604428,6,1674,2,36000,1.00358422939
602825,602832,604657,7,1825,2,36000,1.00383561644
602846,602852,604477,6,1625,2,36000,1.00369230769
602880,602886,604078,6,1192,2,36000,1.00503355705
602882,602892,604546,10,1654,2,36000,1.00604594921
602899,602905,604520,6,1615,2,36000,1.00371517028
602941,602947,604949,6,2002,2,36000,1.002997003
602957,602963,604805,6,1842,2,36000,1.00325732899
602958,602969,604713,11,1744,2,36000,1.00630733945
602982,602988,604880,6,1892,2,36000,1.00317124736
603010,603016,604767,6,1751,2,36000,1.00342661336
603030,603036,604678,6,1642,2,36000,1.00365408039
603110,603116,604998,6,1882,2,36000,1.00318809777
603126,603132,605031,6,1899,2,36000,1.00315955766
603145,603151,604482,6,1331,2,36000,1.00450788881
603170,603176,605234,6,2058,2,36000,1.0029154519
603171,603182,604997,11,1815,2,36000,1.00606060606
603189,603196,605109,7,1913,2,36000,1.00365917407
603222,603228,605024,6,1796,2,36000,1.00334075724
603259,603265,604769,6,1504,2,36000,1.0039893617
603307,603313,605102,6,1789,2,36000,1.00335382895
603309,603319,605329,10,2010,2,36000,1.00497512438
603353,603359,605166,6,1807,2,36000,1.00332042059
603355,603365,605351,10,1986,2,36000,1.00503524673
603356,603370,605401,14,2031,2,36000,1.00689315608
603372,603378,605259,6,1881,2,36000,1.00318979266
603417,603423,605244,6,1821,2,36000,1.00329489292
603443,603449,604866,6,1417,2,36000,1.00423429781
603471,603477,604625,6,1148,2,36000,1.00522648084
603489,603495,605062,6,1567,2,36000,1.00382897256
603490,603501,605309,11,1808,2,36000,1.0060840708
603524,603530,605282,6,1752,2,36000,1.00342465753
603565,603571,605451,6,1880,2,36000,1.00319148936
603583,603589,605476,6,1887,2,36000,1.00317965024
603648,603654,605467,6,1813,2,36000,1.00330943188
603733,603739,605597,6,1858,2,36000,1.00322927879
603748,603754,605538,6,1784,2,36000,1.0033632287
603763,603769,605559,6,1790,2,36000,1.00335195531
603778,603785,605373,7,1588,2,36000,1.00440806045
603796,603802,605763,6,1961,2,36000,1.00305966344
603797,603808,605784,11,1976,2,36000,1.00556680162
603814,603821,605639,7,1818,2,36000,1.00385038504
603849,603855,605717,6,1862,2,36000,1.00322234157
603868,603874,605492,6,1618,2,36000,1.00370828183
603895,603901,605698,6,1797,2,36000,1.00333889816
603930,603937,605590,7,1653,2,36000,1.00423472474
604025,604031,605766,6,1735,2,36000,1.00345821326
604027,604037,606040,10,2003,2,36000,1.00499251123
604028,604042,605733,14,1691,2,36000,1.00827912478
604029,604047,605777,18,1730,2,36000,1.01040462428
604047,604053,605908,6,1855,2,36000,1.00323450135
604048,604059,606039,11,1980,2,36000,1.00555555556
604063,604069,605964,6,1895,2,36000,1.00316622691
604064,604075,605609,11,1534,2,36000,1.00717079531
604080,604086,605805,6,1719,2,36000,1.0034904014
604081,604092,605925,11,1833,2,36000,1.00600109111
604083,604097,605781,14,1684,2,36000,1.00831353919
604152,604159,606236,7,2077,2,36000,1.00337024555
604167,604174,605742,7,1568,2,36000,1.00446428571
604191,604198,606110,7,1912,2,36000,1.00366108787
604207,604212,605943,5,1731,2,36000,1.00288850376
604208,604218,605922,10,1704,2,36000,1.0058685446
604209,604223,606009,14,1786,2,36000,1.0078387458
604236,604242,605656,6,1414,2,36000,1.00424328147
604237,604248,605748,11,1500,2,36000,1.00733333333
604282,604288,606220,6,1932,2,36000,1.00310559006
604322,604328,605864,6,1536,2,36000,1.00390625
604323,604334,606005,11,1671,2,36000,1.0065828845
604339,604345,606171,6,1826,2,36000,1.00328587076
604393,604400,606127,7,1727,2,36000,1.00405327157
604432,604438,606362,6,1924,2,36000,1.00311850312
604447,604453,606398,6,1945,2,36000,1.0030848329
604471,604477,606321,6,1844,2,36000,1.0032537961
604472,604483,606234,11,1751,2,36000,1.0062821245
604488,604494,605758,6,1264,2,36000,1.00474683544
604489,604500,606150,11,1650,2,36000,1.00666666667
604490,604505,606521,15,2016,2,36000,1.00744047619
604517,604523,605990,6,1467,2,36000,1.00408997955
604541,604547,606123,6,1576,2,36000,1.0038071066
604542,604553,606411,11,1858,2,36000,1.00592034446
604543,604558,605930,15,1372,2,36000,1.01093294461
604559,604565,606330,6,1765,2,36000,1.00339943343
604560,604571,606325,11,1754,2,36000,1.0062713797
604576,604583,606370,7,1787,2,36000,1.00391717963
604629,604635,606242,6,1607,2,36000,1.00373366521
604645,604651,606340,6,1689,2,36000,1.00355239787
604646,604657,606424,11,1767,2,36000,1.00622524052
604661,604667,606458,6,1791,2,36000,1.00335008375
604679,604686,606635,7,1949,2,36000,1.00359158543
604716,604722,606335,6,1613,2,36000,1.00371977681
604776,604782,606623,6,1841,2,36000,1.00325909832
604777,604788,606560,11,1772,2,36000,1.00620767494
