SubmitTime,StartTime,EndTime,QueuedTime,RunTime,NodesRequested,walltime,bslowdown
547,2673,6162,2126,3489,2,36000,1.60934365148
563,2695,6186,2132,3491,2,36000,1.61071326268
594,2701,6225,2107,3524,2,36000,1.59790011351
676,2826,6342,2150,3516,2,36000,1.61149032992
690,2842,6534,2152,3692,2,36000,1.58288190683
706,2849,6494,2143,3645,2,36000,1.58792866941
815,2869,6295,2054,3426,2,36000,1.59953298307
996,3023,6543,2027,3520,2,36000,1.57585227273
1078,3343,7007,2265,3664,2,36000,1.6181768559
1150,3348,6743,2198,3395,2,36000,1.64742268041
1226,3354,7212,2128,3858,2,36000,1.55158113012
1242,3411,6784,2169,3373,2,36000,1.64304773199
1257,3596,7094,2339,3498,2,36000,1.66866781018
1290,3852,7656,2562,3804,2,36000,1.67350157729
1331,4106,7766,2775,3660,2,36000,1.75819672131
1405,4211,7812,2806,3601,2,36000,1.77922799222
1438,4217,7854,2779,3637,2,36000,1.76409128403
1463,4273,7690,2810,3417,2,36000,1.82235879426
1479,4332,7939,2853,3607,2,36000,1.7909620183
1560,4414,8203,2854,3789,2,36000,1.75323304302
1576,4501,7914,2925,3413,2,36000,1.85701728684
2080,4516,9239,2436,4723,2,36000,1.51577387254
2096,4654,8214,2558,3560,2,36000,1.71853932584
2143,4676,8220,2533,3544,2,36000,1.71472911964
2246,4711,8480,2465,3769,2,36000,1.65401963386
2402,4828,8376,2426,3548,2,36000,1.68376550169
2433,4855,8371,2422,3516,2,36000,1.68885096701
2476,4889,8609,2413,3720,2,36000,1.64865591398
2477,4894,8354,2417,3460,2,36000,1.69855491329
2506,4924,8450,2418,3526,2,36000,1.68576290414
2576,4937,8504,2361,3567,2,36000,1.66190075694
2591,4967,8466,2376,3499,2,36000,1.67905115747
2607,5101,8513,2494,3412,2,36000,1.73094958968
2664,5158,8470,2494,3312,2,36000,1.75301932367
2688,5556,9039,2868,3483,2,36000,1.82342807924
2703,5620,9221,2917,3601,2,36000,1.81005276312
2815,5653,9302,2838,3649,2,36000,1.77774732804
2833,5723,9229,2890,3506,2,36000,1.82430119795
2849,5777,9227,2928,3450,2,36000,1.84869565217
2864,5783,9474,2919,3691,2,36000,1.79084259008
3014,5883,9409,2869,3526,2,36000,1.81366988088
3333,5933,9412,2600,3479,2,36000,1.74734119
3334,5998,9508,2664,3510,2,36000,1.75897435897
3335,6034,9377,2699,3343,2,36000,1.80735865989
3401,6072,9456,2671,3384,2,36000,1.78930260047
3586,6081,9501,2495,3420,2,36000,1.72953216374
3841,6087,9715,2246,3628,2,36000,1.6190738699
4092,6166,9761,2074,3595,2,36000,1.5769123783
4201,6174,9612,1973,3438,2,36000,1.57388016289
4217,6197,9791,1980,3594,2,36000,1.55091819699
4264,6236,9653,1972,3417,2,36000,1.57711442786
4406,6289,9855,1883,3566,2,36000,1.52804262479
4492,6306,9570,1814,3264,2,36000,1.55575980392
4507,6354,9741,1847,3387,2,36000,1.54532034249
4632,6615,20235,1983,13620,2,14400,1.14559471366
4645,6505,10074,1860,3569,2,36000,1.52115438498
4667,6545,9990,1878,3445,2,36000,1.54513788099
4702,6555,9891,1853,3336,2,36000,1.55545563549
4820,6754,10483,1934,3729,2,36000,1.51863770448
4848,6795,10556,1947,3761,2,36000,1.51768146769
4881,7018,10474,2137,3456,2,36000,1.61834490741
4882,7105,10835,2223,3730,2,36000,1.59597855228
4917,7223,11025,2306,3802,2,36000,1.60652288269
4933,7667,11436,2734,3769,2,36000,1.72539135049
4962,7701,11269,2739,3568,2,36000,1.76765695067
5096,7777,11363,2681,3586,2,36000,1.74762967094
5150,7824,11152,2674,3328,2,36000,1.80348557692
5614,7865,11543,2251,3678,2,36000,1.61201740076
5647,7873,11233,2226,3360,2,36000,1.6625
5714,7924,11454,2210,3530,2,36000,1.62606232295
5768,7951,11507,2183,3556,2,36000,1.6138920135
5769,8214,11836,2445,3622,2,36000,1.67504141358
5876,8225,11799,2349,3574,2,36000,1.65724678232
5923,8231,11491,2308,3260,2,36000,1.70797546012
5983,8365,11722,2382,3357,2,36000,1.70956210903
6025,8383,11711,2358,3328,2,36000,1.70853365385
6065,8389,11561,2324,3172,2,36000,1.73266078184
6081,8462,11834,2381,3372,2,36000,1.70610913405
6083,8477,12138,2394,3661,2,36000,1.65391969407
6158,8483,12048,2325,3565,2,36000,1.65217391304
6174,8492,12041,2318,3549,2,36000,1.65314173006
6190,8515,12233,2325,3718,2,36000,1.62533620226
6230,8524,12238,2294,3714,2,36000,1.61766289715
6278,8621,12170,2343,3549,2,36000,1.66018596788
6298,8701,12219,2403,3518,2,36000,1.683058556
6345,8706,12356,2361,3650,2,36000,1.64684931507
6496,9050,12305,2554,3255,2,36000,1.7846390169
6538,9232,12782,2694,3550,2,36000,1.75887323944
6553,9238,12775,2685,3537,2,36000,1.75911789652
6750,9249,12875,2499,3626,2,36000,1.68918918919
6784,9255,12844,2471,3589,2,36000,1.68849261633
7007,9314,12874,2307,3560,2,36000,1.64803370787
7096,9389,13630,2293,4241,2,36000,1.54067436925
7213,9426,12724,2213,3298,2,36000,1.67101273499
7659,9467,13042,1808,3575,2,36000,1.50573426573
7691,9485,12935,1794,3450,2,36000,1.52
7769,9512,13225,1743,3713,2,36000,1.46943172637
7816,9520,13619,1704,4099,2,36000,1.41571114906
7857,9581,13486,1724,3905,2,36000,1.44148527529
7919,9624,13228,1705,3604,2,36000,1.4730854606
7943,9665,13164,1722,3499,2,36000,1.4921406116
8207,9726,13358,1519,3632,2,36000,1.41822687225
8223,9753,13460,1530,3707,2,36000,1.41273266793
8224,9773,13295,1549,3522,2,36000,1.43980692788
8355,9803,13498,1448,3695,2,36000,1.39188092016
8374,9866,13362,1492,3496,2,36000,1.42677345538
8389,9903,13320,1514,3417,2,36000,1.44307872403
8452,10002,13600,1550,3598,2,36000,1.43079488605
8468,10086,13485,1618,3399,2,36000,1.47602235952
8483,10485,14119,2002,3634,2,36000,1.55090809026
8485,10499,14335,2014,3836,2,36000,1.52502606882
8507,10567,13847,2060,3280,2,36000,1.62804878049
8522,10846,14327,2324,3481,2,36000,1.66762424591
8612,11036,14852,2424,3816,2,36000,1.63522012579
9042,11163,14453,2121,3290,2,36000,1.64468085106
9225,11244,14902,2019,3658,2,36000,1.55194095134
9243,11281,14594,2038,3313,2,36000,1.61515242982
9245,11374,14910,2129,3536,2,36000,1.60209276018
9246,11447,15091,2201,3644,2,36000,1.60400658617
9304,11465,14955,2161,3490,2,36000,1.61919770774
9381,11502,15257,2121,3755,2,36000,1.56484687084
9410,11518,15728,2108,4210,2,36000,1.50071258907
9426,11554,15332,2128,3778,2,36000,1.56326098465
9458,11573,15337,2115,3764,2,36000,1.56190223167
9480,11722,15206,2242,3484,2,36000,1.64351320321
9504,11734,15242,2230,3508,2,36000,1.63568985177
9520,11810,15368,2290,3558,2,36000,1.64362001124
9575,11845,15430,2270,3585,2,36000,1.63319386332
9614,11851,15172,2237,3321,2,36000,1.67359229148
9657,12052,15463,2395,3411,2,36000,1.70214013486
9719,12059,15449,2340,3390,2,36000,1.69026548673
9744,12150,15660,2406,3510,2,36000,1.68547008547
9765,12182,15696,2417,3514,2,36000,1.68782014798
9793,12230,15937,2437,3707,2,36000,1.65740490963
9860,12244,15578,2384,3334,2,36000,1.7150569886
9895,12250,15849,2355,3599,2,36000,1.65434843012
9994,12255,15644,2261,3389,2,36000,1.66715845382
10077,12316,16136,2239,3820,2,36000,1.58612565445
10477,12367,15865,1890,3498,2,36000,1.54030874786
10492,12735,16310,2243,3575,2,36000,1.62741258741
10558,12787,16366,2229,3579,2,36000,1.62279966471
10730,30791,32945,20061,2154,128,3600,10.3133704735
10838,12793,16344,1955,3551,2,36000,1.55054914109
11028,12855,16183,1827,3328,2,36000,1.54897836538
11155,12885,16418,1730,3533,2,36000,1.48966883668
11235,12891,16239,1656,3348,2,36000,1.49462365591
11269,12946,16479,1677,3533,2,36000,1.47466742145
11366,13053,16482,1687,3429,2,36000,1.49198016915
11437,13176,16488,1739,3312,2,36000,1.52506038647
11456,13236,17127,1780,3891,2,36000,1.45746594706
11494,13242,16863,1748,3621,2,36000,1.4827395747
11509,13306,16972,1797,3666,2,36000,1.49018003273
11544,13331,17038,1787,3707,2,36000,1.48206096574
11562,13369,16996,1807,3627,2,36000,1.4982078853
11713,13375,16714,1662,3339,2,36000,1.49775381851
11729,13472,16840,1743,3368,2,36000,1.51751781473
11800,13496,16860,1696,3364,2,36000,1.50416171225
11836,13502,16987,1666,3485,2,36000,1.47804878049
11837,13509,17303,1672,3794,2,36000,1.44069583553
12044,13612,17129,1568,3517,2,36000,1.44583451806
12059,13630,17394,1571,3764,2,36000,1.41737513284
12140,13641,17176,1501,3535,2,36000,1.42461103253
12174,13804,17249,1630,3445,2,36000,1.47314949202
12221,13858,17503,1637,3645,2,36000,1.44910836763
12238,14111,17504,1873,3393,2,36000,1.55201886236
12239,14130,17657,1891,3527,2,36000,1.5361497023
12306,14338,18024,2032,3686,2,36000,1.55127509495
12358,14346,17937,1988,3591,2,36000,1.55360623782
12724,14465,18061,1741,3596,2,36000,1.48414905451
12778,14605,17497,1827,2892,2,36000,1.63174273859
12794,14863,18379,2069,3516,2,36000,1.58845278726
12849,14914,18487,2065,3573,2,36000,1.57794570389
12875,14921,18730,2046,3809,2,36000,1.53714885797
12876,14967,18375,2091,3408,2,36000,1.61355633803
12936,15102,19016,2166,3914,2,36000,1.55339805825
13045,15184,18689,2139,3505,2,36000,1.61027104137
13166,15217,18612,2051,3395,2,36000,1.60412371134
13230,15254,18730,2024,3476,2,36000,1.58227848101
13231,15269,19081,2038,3812,2,36000,1.53462749213
13297,15343,18605,2046,3262,2,36000,1.62722256284
13322,15349,19068,2027,3719,2,36000,1.54503898898
13360,15380,19129,2020,3749,2,36000,1.53881034943
13375,15441,19229,2066,3788,2,36000,1.54540654699
13464,15461,18939,1997,3478,2,36000,1.57418056354
13486,15475,18897,1989,3422,2,36000,1.5812390415
13488,15589,18986,2101,3397,2,36000,1.61848690021
13504,15655,19136,2151,3481,2,36000,1.61792588337
13601,15672,19189,2071,3517,2,36000,1.58885413705
13624,15707,19230,2083,3523,2,36000,1.59125745104
13640,15739,19667,2099,3928,2,36000,1.53436863544
13847,15860,19396,2013,3536,2,36000,1.56928733032
14121,15875,19580,1754,3705,2,36000,1.47341430499
14329,15880,19541,1551,3661,2,36000,1.42365473914
14344,15886,19266,1542,3380,2,36000,1.45621301775
14457,15891,19525,1434,3634,2,36000,1.39460649422
14598,15897,19340,1299,3443,2,36000,1.37728724949
14856,15948,19318,1092,3370,2,36000,1.32403560831
14905,16104,19761,1199,3657,2,36000,1.3278643697
14921,16109,19788,1188,3679,2,36000,1.32291383528
14960,16148,19684,1188,3536,2,36000,1.33597285068
15096,16194,19491,1098,3297,2,36000,1.3330300273
15175,16250,19560,1075,3310,2,36000,1.3247734139
15209,16321,19722,1112,3401,2,36000,1.32696265804
15247,16356,19641,1109,3285,2,36000,1.33759512938
15263,16378,19828,1115,3450,2,36000,1.3231884058
15333,16430,19810,1097,3380,2,36000,1.32455621302
15348,16491,20627,1143,4136,2,36000,1.27635396518
15371,16497,20005,1126,3508,2,36000,1.32098061574
15433,16503,20063,1070,3560,2,36000,1.30056179775
15452,16726,20296,1274,3570,2,36000,1.3568627451
15467,16851,20280,1384,3429,2,36000,1.40361621464
15582,16871,20259,1289,3388,2,36000,1.38046044864
15644,16877,20463,1233,3586,2,36000,1.34383714445
15664,16984,20577,1320,3593,2,36000,1.36738101865
15697,16998,20337,1301,3339,2,36000,1.38963761605
15730,17007,20702,1277,3695,2,36000,1.34560216509
15849,17050,20417,1201,3367,2,36000,1.3566973567
15871,17138,20432,1267,3294,2,36000,1.3846387371
15940,17144,20892,1204,3748,2,36000,1.3212379936
16137,17187,20482,1050,3295,2,36000,1.3186646434
16188,17315,20991,1127,3676,2,36000,1.30658324266
16237,17405,20783,1168,3378,2,36000,1.34576672587
16312,17514,21088,1202,3574,2,36000,1.33631785115
16347,17669,20988,1322,3319,2,36000,1.3983127448
16369,17948,21508,1579,3560,2,36000,1.44353932584
16420,18035,21718,1615,3683,2,36000,1.43850122183
16480,18073,21550,1593,3477,2,36000,1.45815358067
16496,18386,21698,1890,3312,2,36000,1.57065217391
16497,18392,22142,1895,3750,2,36000,1.50533333333
16617,16623,16748,6,125,1,1800,1.048
16718,18623,22022,1905,3399,2,36000,1.56045895852
16843,18741,22032,1898,3291,2,36000,1.57672439988
16862,18950,22538,2088,3588,2,36000,1.58193979933
16878,18998,22498,2120,3500,2,36000,1.60571428571
16974,19027,22547,2053,3520,2,36000,1.58323863636
16990,19080,22526,2090,3446,2,36000,1.60650029019
17005,19092,22672,2087,3580,2,36000,1.58296089385
17039,19147,22878,2108,3731,2,36000,1.56499597963
17077,17083,17192,6,109,1,1800,1.05504587156
17128,19200,22994,2072,3794,2,36000,1.54612546125
17143,19240,22910,2097,3670,2,36000,1.57138964578
17178,19246,22697,2068,3451,2,36000,1.59924659519
17251,19407,23308,2156,3901,2,36000,1.55267880031
17306,19572,23084,2266,3512,2,36000,1.64521640091
17395,19653,23359,2258,3706,2,36000,1.60928224501
17499,19738,23161,2239,3423,2,36000,1.65410458662
17515,19822,24964,2307,5142,2,36000,1.44865810968
17516,19839,23406,2323,3567,2,36000,1.65124754696
17660,20016,23124,2356,3108,2,36000,1.75804375804
17876,17882,18477,6,595,1,1800,1.01008403361
17941,20032,23649,2091,3617,2,36000,1.57810340061
18027,20074,23814,2047,3740,2,36000,1.54732620321
18062,20250,24018,2188,3768,2,36000,1.58067940552
18379,20271,23877,1892,3606,2,36000,1.52468108708
18394,20291,23688,1897,3397,2,36000,1.55843391228
18491,20307,23777,1816,3470,2,36000,1.52334293948
18610,20349,23891,1739,3542,2,36000,1.49096555618
18627,20429,23721,1802,3292,2,36000,1.54738760632
18692,20444,23992,1752,3548,2,36000,1.49379932356
18733,20474,24187,1741,3713,2,36000,1.46889307837
18735,20493,24151,1758,3658,2,36000,1.4805904866
18902,20589,24157,1687,3568,2,36000,1.47281390135
18945,20638,24608,1693,3970,2,36000,1.42644836272
18991,20713,24529,1722,3816,2,36000,1.45125786164
19020,20794,24478,1774,3684,2,36000,1.48154180239
19072,20903,24329,1831,3426,2,36000,1.53444249854
19089,20999,24711,1910,3712,2,36000,1.51454741379
19135,21005,24738,1870,3733,2,36000,1.50093758371
19150,21100,24419,1950,3319,2,36000,1.58752636336
19192,21519,25109,2327,3590,2,36000,1.64818941504
19237,21561,25075,2324,3514,2,36000,1.66135458167
19238,21709,25460,2471,3751,2,36000,1.65875766462
19270,21729,25432,2459,3703,2,36000,1.66405617067
19320,22000,25426,2680,3426,2,36000,1.78225335668
19344,22033,25291,2689,3258,2,36000,1.82535297729
19396,22044,25818,2648,3774,2,36000,1.70164281929
19493,22153,26120,2660,3967,2,36000,1.67053188808
19530,22510,25915,2980,3405,2,36000,1.8751835536
19545,22537,26169,2992,3632,2,36000,1.82378854626
19564,22549,26034,2985,3485,2,36000,1.85652797704
19583,22558,26250,2975,3692,2,36000,1.80579631636
19644,22683,26227,3039,3544,2,36000,1.85750564334
19669,22708,26221,3039,3513,2,36000,1.86507258753
19684,22889,26806,3205,3917,2,36000,1.81822823589
19725,22922,26439,3197,3517,2,36000,1.90901336366
19762,23006,26436,3244,3430,2,36000,1.94577259475
19791,23095,26818,3304,3723,2,36000,1.8874563524
19813,23135,26738,3322,3603,2,36000,1.92200943658
19832,23172,26662,3340,3490,2,36000,1.95702005731
20009,23319,27264,3310,3945,2,36000,1.83903675539
20066,23370,27055,3304,3685,2,36000,1.89660786974
20262,23417,26724,3155,3307,2,36000,1.95403689144
20281,23661,27407,3380,3746,2,36000,1.90229578217
20289,20297,20352,8,55,1,1800,1.14545454545
20299,23699,27537,3400,3838,2,36000,1.88587806149
20340,23732,27100,3392,3368,2,36000,2.00712589074
20355,20362,20484,7,122,1,1800,1.05737704918
20418,23790,27355,3372,3565,2,36000,1.94586255259
20434,23825,27305,3391,3480,2,36000,1.97442528736
20466,23888,27399,3422,3511,2,36000,1.97465109655
20485,23902,27701,3417,3799,2,36000,1.89944722295
20579,24003,27408,3424,3405,2,36000,2.00558002937
20629,24029,27492,3400,3463,2,36000,1.9818076812
20679,20685,20777,6,92,1,1800,1.0652173913
20704,24162,27420,3458,3258,2,36000,2.06138735421
20785,24168,27254,3383,3086,2,36000,2.09624108879
20830,20836,20961,6,125,1,1800,1.048
20892,24198,27874,3306,3676,2,36000,1.89934711643
20990,24341,27609,3351,3268,2,36000,2.02539779682
21007,24430,28274,3423,3844,2,36000,1.89047866805
21090,24489,28220,3399,3731,2,36000,1.91101581345
21508,24540,28114,3032,3574,2,36000,1.84834918858
21553,24619,28032,3066,3413,2,36000,1.89832991503
21629,21635,21933,6,298,1,1800,1.02013422819
21673,21679,22262,6,583,1,1800,1.0102915952
21700,24722,28012,3022,3290,2,36000,1.91854103343
21719,24750,28005,3031,3255,2,36000,1.9311827957
22023,24976,28688,2953,3712,2,36000,1.79552801724
22038,25086,28687,3048,3601,2,36000,1.84643154679
22146,25120,28414,2974,3294,2,36000,1.90285367335
22501,25302,28783,2801,3481,2,36000,1.8046538351
22527,25437,28936,2910,3499,2,36000,1.83166619034
22542,25443,29054,2901,3611,2,36000,1.80337856549
22557,25472,28713,2915,3241,2,36000,1.89941376118
22676,25488,29221,2812,3733,2,36000,1.75328154299
22700,25829,29734,3129,3905,2,36000,1.80128040973
22881,25927,29683,3046,3756,2,36000,1.81096911608
22913,26046,29700,3133,3654,2,36000,1.85741652983
22997,26131,29722,3134,3591,2,36000,1.87273739905
23085,26180,29561,3095,3381,2,36000,1.91540964212
23125,26233,30044,3108,3811,2,36000,1.81553398058
23164,26239,29816,3075,3577,2,36000,1.85965893207
23310,26260,29525,2950,3265,2,36000,1.90352220521
23359,26447,29835,3088,3388,2,36000,1.91145218418
23407,26453,29857,3046,3404,2,36000,1.89482961222
23653,26613,30228,2960,3615,2,36000,1.81881051176
23688,26673,30219,2985,3546,2,36000,1.84179357022
23734,26735,30251,3001,3516,2,36000,1.85352673493
23785,26750,30194,2965,3444,2,36000,1.86091753775
23818,26817,30300,2999,3483,2,36000,1.86103933391
23878,26829,30249,2951,3420,2,36000,1.86286549708
23894,27067,30612,3173,3545,2,36000,1.89506346968
23998,27112,30677,3114,3565,2,36000,1.87349228612
24022,27265,30695,3243,3430,2,36000,1.94548104956
24154,27275,30712,3121,3437,2,36000,1.90805935409
24169,27316,30785,3147,3469,2,36000,1.90717786106
24188,27367,31146,3179,3779,2,36000,1.84122783805
24322,24328,24393,6,65,1,1800,1.09230769231
24334,27410,31111,3076,3701,2,36000,1.83112672251
24424,27418,30907,2994,3489,2,36000,1.8581255374
24483,27424,30934,2941,3510,2,36000,1.83789173789
24531,27431,31530,2900,4099,2,36000,1.70748963162
24610,27503,31235,2893,3732,2,36000,1.77518756699
24715,27549,31248,2834,3699,2,36000,1.76615301433
24744,27620,31450,2876,3830,2,36000,1.75091383812
24770,24777,24863,7,86,1,1800,1.08139534884
24964,27712,31368,2748,3656,2,36000,1.75164113786
25075,27885,31307,2810,3422,2,36000,1.821157218
25111,28016,31563,2905,3547,2,36000,1.8190019735
25291,28023,31427,2732,3404,2,36000,1.80258519389
25426,28043,31581,2617,3538,2,36000,1.73968343697
25441,28125,31446,2684,3321,2,36000,1.80819030413
25462,28231,31842,2769,3611,2,36000,1.76682359457
25818,28285,32130,2467,3845,2,36000,1.64161248375
25880,25886,26159,6,273,1,1800,1.02197802198
25918,28425,31638,2507,3213,2,36000,1.78026766262
26036,28698,32316,2662,3618,2,36000,1.73576561636
26121,28704,32303,2583,3599,2,36000,1.71769936093
26170,28724,32323,2554,3599,2,36000,1.7096415671
26225,28794,32167,2569,3373,2,36000,1.76163652535
26240,28947,32639,2707,3692,2,36000,1.73320693391
26255,29066,32211,2811,3145,2,36000,1.89379968203
26438,29233,32774,2795,3541,2,36000,1.78932504942
26453,29536,32859,3083,3323,2,36000,1.92777610593
26663,29573,33055,2910,3482,2,36000,1.83572659391
26727,29694,33511,2967,3817,2,36000,1.77731202515
26742,29712,33047,2970,3335,2,36000,1.89055472264
26809,29733,33264,2924,3531,2,36000,1.82809402436
26824,29745,33585,2921,3840,2,36000,1.76067708333
27058,29828,33149,2770,3321,2,36000,1.83408611864
27103,29846,33459,2743,3613,2,36000,1.75920287849
27254,29868,33705,2614,3837,2,36000,1.68126140214
27269,30056,33506,2787,3450,2,36000,1.80782608696
27305,30206,34000,2901,3794,2,36000,1.76462836057
27357,30230,33904,2873,3674,2,36000,1.78198149156
27403,30239,33825,2836,3586,2,36000,1.79085331846
27418,30260,33799,2842,3539,2,36000,1.80305170952
27419,30266,33780,2847,3514,2,36000,1.81018782015
27434,30311,33675,2877,3364,2,36000,1.85523186683
27495,30623,34167,3128,3544,2,36000,1.88261851016
27540,30689,34239,3149,3550,2,36000,1.88704225352
27614,30706,34105,3092,3399,2,36000,1.90967931745
27701,30723,34394,3022,3671,2,36000,1.8232089349
27878,30796,34311,2918,3515,2,36000,1.83015647226
28009,30801,34626,2792,3825,2,36000,1.72993464052
28025,30807,34518,2782,3711,2,36000,1.74966316357
28041,30813,34200,2772,3387,2,36000,1.81842338353
28116,30918,34544,2802,3626,2,36000,1.77275234418
28221,30945,34777,2724,3832,2,36000,1.7108559499
28279,31123,34516,2844,3393,2,36000,1.83819628647
28417,31157,34602,2740,3445,2,36000,1.79535558781
28689,31247,35010,2558,3763,2,36000,1.67977677385
28690,31260,34405,2570,3145,2,36000,1.81717011129
28715,31319,34800,2604,3481,2,36000,1.74806090204
28784,31379,35151,2595,3772,2,36000,1.68796394486
28939,31438,35232,2499,3794,2,36000,1.65867158672
29057,31458,34846,2401,3388,2,36000,1.70867768595
29224,31464,34814,2240,3350,2,36000,1.66865671642
29508,32956,32976,3448,20,128,3600,173.4
29527,31541,35081,2014,3540,2,36000,1.56892655367
29563,31575,35150,2012,3575,2,36000,1.5627972028
29685,31592,34804,1907,3212,2,36000,1.59371108344
29703,31650,35322,1947,3672,2,36000,1.53022875817
29725,31854,35452,2129,3598,2,36000,1.5917176209
29740,32141,35477,2401,3336,2,36000,1.71972422062
29819,32178,35819,2359,3641,2,36000,1.64789892887
29837,32223,35584,2386,3361,2,36000,1.70990776555
29858,32314,36007,2456,3693,2,36000,1.6650419713
30047,32327,36049,2280,3722,2,36000,1.61257388501
30195,32334,36119,2139,3785,2,36000,1.56512549538
30220,32632,36048,2412,3416,2,36000,1.70608899297
30235,32651,36119,2416,3468,2,36000,1.69665513264
30250,32786,36119,2536,3333,2,36000,1.76087608761
30265,32870,36119,2605,3249,2,36000,1.80178516467
30302,32992,36119,2690,3127,2,36000,1.86024944036
30614,32997,36119,2383,3122,2,36000,1.76329276105
30681,33003,36119,2322,3116,2,36000,1.74518613607
30696,33008,36119,2312,3111,2,36000,1.74316939891
30714,33013,36119,2299,3106,2,36000,1.7401802962
30787,33018,36119,2231,3101,2,36000,1.71944534021
30909,33023,36119,2114,3096,2,36000,1.68281653747
30936,33029,36119,2093,3090,2,36000,1.67734627832
31006,32987,168674,1981,135687,25,360000,1.01459977743
31112,33034,36119,1922,3085,2,36000,1.62301458671
31148,33039,36119,1891,3080,2,36000,1.61396103896
31237,33044,36119,1807,3075,2,36000,1.58764227642
31251,33049,36119,1798,3070,2,36000,1.58566775244
31309,33055,36119,1746,3064,2,36000,1.56984334204
31370,33060,36119,1690,3059,2,36000,1.55246812684
31428,33065,36119,1637,3054,2,36000,1.53601833661
31449,33070,36119,1621,3049,2,36000,1.53164972122
31464,33075,36119,1611,3044,2,36000,1.52923784494
31531,33081,36119,1550,3038,2,36000,1.51020408163
31565,33086,36119,1521,3033,2,36000,1.50148367953
31583,33091,36119,1508,3028,2,36000,1.49801849406
31641,33096,36120,1455,3024,2,36000,1.48115079365
31844,33102,36119,1258,3017,2,36000,1.4169705005
32132,33107,36120,975,3013,2,36000,1.32359774311
32168,33112,36119,944,3007,2,36000,1.31393415364
32219,33117,36119,898,3002,2,36000,1.29913391073
32299,33122,36119,823,2997,2,36000,1.27460794127
32319,33127,36119,808,2992,2,36000,1.27005347594
32334,33133,36119,799,2986,2,36000,1.26758204956
32642,33138,36120,496,2982,2,36000,1.16633132126
32778,33143,36120,365,2977,2,36000,1.12260665099
32865,33148,36119,283,2971,2,36000,1.09525412319
33061,33154,36119,93,2965,2,36000,1.03136593592
33062,33159,36119,97,2960,2,36000,1.03277027027
33157,33165,36120,8,2955,2,36000,1.0027072758
33285,33291,36120,6,2829,2,36000,1.00212089077
33462,33468,36120,6,2652,2,36000,1.00226244344
33509,33516,36120,7,2604,2,36000,1.00268817204
33525,33531,36120,6,2589,2,36000,1.0023174971
33596,33602,36120,6,2518,2,36000,1.00238284353
33696,33702,36120,6,2418,2,36000,1.00248138958
33755,33761,36120,6,2359,2,36000,1.00254345061
33793,33799,36120,6,2321,2,36000,1.00258509263
33809,33815,36120,6,2305,2,36000,1.00260303688
33829,33835,36120,6,2285,2,36000,1.00262582057
33905,33911,36120,6,2209,2,36000,1.00271616116
34000,34006,36120,6,2114,2,36000,1.00283822138
34109,34115,36120,6,2005,2,36000,1.0029925187
34170,34176,36120,6,1944,2,36000,1.00308641975
34206,34212,36120,6,1908,2,36000,1.00314465409
34240,34247,36120,7,1873,2,36000,1.00373731981
34314,34321,36120,7,1799,2,36000,1.00389105058
34395,34401,36120,6,1719,2,36000,1.0034904014
34410,34416,36120,6,1704,2,36000,1.00352112676
34517,34523,36120,6,1597,2,36000,1.00375704446
34532,34538,36120,6,1582,2,36000,1.00379266751
34547,34553,36120,6,1567,2,36000,1.00382897256
34605,34611,36120,6,1509,2,36000,1.00397614314
34626,34633,36120,7,1487,2,36000,1.00470746469
34779,34785,36120,6,1335,2,36000,1.00449438202
34800,34807,36120,7,1313,2,36000,1.00533130236
34816,34822,36120,6,1298,2,36000,1.00462249615
34817,34828,36120,11,1292,2,36000,1.00851393189
34847,34854,36120,7,1266,2,36000,1.00552922591
35012,35019,36120,7,1101,2,36000,1.00635785649
35083,35089,36120,6,1031,2,36000,1.00581959263
35149,35156,36120,7,964,2,36000,1.00726141079
35164,35170,36120,6,950,2,36000,1.00631578947
35234,35240,36120,6,880,2,36000,1.00681818182
35325,35331,36120,6,789,2,36000,1.00760456274
35450,35457,36120,7,663,2,36000,1.01055806938
35478,35485,36120,7,635,2,36000,1.01102362205
35586,35592,36120,6,528,2,36000,1.01136363636
35820,35826,36120,6,294,2,36000,1.02040816327
36009,36015,36120,6,105,2,36000,1.05714285714
36049,36055,36120,6,65,2,36000,1.09230769231
36050,36061,36120,11,59,2,36000,1.18644067797
36200,36207,39694,7,3487,2,36000,1.00200745627
36202,36212,39738,10,3526,2,36000,1.00283607487
36203,36218,39830,15,3612,2,36000,1.00415282392
36204,36223,39536,19,3313,2,36000,1.0057349834
36206,36228,39865,22,3637,2,36000,1.00604894144
36207,36233,39668,26,3435,2,36000,1.00756914119
36208,36238,40286,30,4048,2,36000,1.00741106719
36210,36244,39753,34,3509,2,36000,1.00968937019
36211,36249,39722,38,3473,2,36000,1.01094154909
36212,36254,39450,42,3196,2,36000,1.01314142678
36214,36260,39764,46,3504,2,36000,1.01312785388
36215,36265,39967,50,3702,2,36000,1.01350621286
36216,36270,39843,54,3573,2,36000,1.01511335013
36218,36275,39707,57,3432,2,36000,1.01660839161
36219,36281,39735,62,3454,2,36000,1.01795020266
36220,36286,39786,66,3500,2,36000,1.01885714286
36222,36291,39849,69,3558,2,36000,1.01939291737
36223,36296,39827,73,3531,2,36000,1.02067403002
36225,36301,40404,76,4103,2,36000,1.01852303193
36226,36306,40276,80,3970,2,36000,1.0201511335
36227,36312,39843,85,3531,2,36000,1.02407250071
36228,36317,39842,89,3525,2,36000,1.02524822695
36230,36322,39749,92,3427,2,36000,1.02684563758
36231,36327,39827,96,3500,2,36000,1.02742857143
36233,36332,39442,99,3110,2,36000,1.03183279743
36234,36337,39880,103,3543,2,36000,1.02907140841
36235,36343,39669,108,3326,2,36000,1.03247143716
36236,36348,39814,112,3466,2,36000,1.03231390652
36238,36353,40068,115,3715,2,36000,1.03095558546
36239,36358,39550,119,3192,2,36000,1.03728070175
36241,36363,40006,122,3643,2,36000,1.03348888279
36242,36368,39986,126,3618,2,36000,1.03482587065
36243,36374,40178,131,3804,2,36000,1.03443743428
36245,36379,39808,134,3429,2,36000,1.03907844853
36246,36384,39627,138,3243,2,36000,1.04255319149
36247,36389,40098,142,3709,2,36000,1.03828525209
36248,36394,40015,146,3621,2,36000,1.04032035349
36250,36399,40076,149,3677,2,36000,1.04052216481
36251,36405,40004,154,3599,2,36000,1.0427896638
36252,36410,39852,158,3442,2,36000,1.04590354445
36254,36415,40312,161,3897,2,36000,1.04131383115
36255,36421,40023,166,3602,2,36000,1.04608550805
36256,36426,39964,170,3538,2,36000,1.04804974562
36258,36431,39936,173,3505,2,36000,1.04935805991
36259,36436,39708,177,3272,2,36000,1.05409535452
36260,36442,40082,182,3640,2,36000,1.05
36262,36447,39680,185,3233,2,36000,1.05722239406
36263,36452,40034,189,3582,2,36000,1.0527638191
36264,36457,40153,193,3696,2,36000,1.05221861472
36266,36462,40275,196,3813,2,36000,1.05140309468
36267,36467,39851,200,3384,2,36000,1.05910165485
36268,36473,40238,205,3765,2,36000,1.05444887118
36270,36478,39950,208,3472,2,36000,1.0599078341
36271,36483,40126,212,3643,2,36000,1.05819379632
36272,36488,40101,216,3613,2,36000,1.05978411293
36274,36493,40641,219,4148,2,36000,1.05279652845
36275,36498,39918,223,3420,2,36000,1.06520467836
36276,36507,40015,231,3508,2,36000,1.06584948689
36278,36512,40037,234,3525,2,36000,1.06638297872
36279,36517,39922,238,3405,2,36000,1.06989720999
36280,36522,39917,242,3395,2,36000,1.07128129602
36282,36528,40084,246,3556,2,36000,1.06917885264
36283,36533,40252,250,3719,2,36000,1.06722237161
36284,36538,40719,254,4181,2,36000,1.0607510165
36286,36543,39920,257,3377,2,36000,1.07610305004
36287,36548,40386,261,3838,2,36000,1.06800416884
36289,36553,40451,264,3898,2,36000,1.06772703951
36290,36559,39862,269,3303,2,36000,1.08144111414
36291,36564,40370,273,3806,2,36000,1.07172884919
36293,36569,40213,276,3644,2,36000,1.07574094402
36294,36574,40092,280,3518,2,36000,1.07959067652
36295,36579,40115,284,3536,2,36000,1.08031674208
36297,36584,40254,287,3670,2,36000,1.07820163488
36298,36590,40087,292,3497,2,36000,1.08350014298
36299,36595,40190,296,3595,2,36000,1.08233657858
36301,36600,41687,299,5087,2,36000,1.05877727541
36302,36605,40252,303,3647,2,36000,1.08308198519
36303,36610,40000,307,3390,2,36000,1.09056047198
36305,36615,40237,310,3622,2,36000,1.08558807289
36306,36620,39955,314,3335,2,36000,1.09415292354
37423,37429,37434,6,5,1,10800,1.1
37546,37552,41234,6,3682,1,10800,1.00162954916
37643,37649,37674,6,25,2,10800,1.24
38092,38098,42066,6,3968,2,10800,1.00151209677
39444,39451,43139,7,3688,2,36000,1.00189804772
39459,39466,43074,7,3608,2,36000,1.00194013304
39536,39543,42972,7,3429,2,36000,1.00204141149
39552,39558,43028,6,3470,2,36000,1.00172910663
39629,39635,43129,6,3494,2,36000,1.00171722954
39671,39677,42918,6,3241,2,36000,1.00185128047
39672,39683,43394,11,3711,2,36000,1.0029641606
39687,39693,43156,6,3463,2,36000,1.00173260179
39702,39708,43248,6,3540,2,36000,1.00169491525
39717,39723,43438,6,3715,2,36000,1.00161507402
39718,39729,43173,11,3444,2,36000,1.00319396051
39733,39739,43027,6,3288,2,36000,1.00182481752
39749,39756,43162,7,3406,2,36000,1.00205519671
39750,39761,43126,11,3365,2,36000,1.00326894502
39778,39784,43502,6,3718,2,36000,1.00161377084
39780,39790,43552,10,3762,2,36000,1.00265816055
39781,39795,43281,14,3486,2,36000,1.00401606426
39796,39802,43321,6,3519,2,36000,1.00170502984
39811,39817,43431,6,3614,2,36000,1.00166021029
39826,39832,43206,6,3374,2,36000,1.00177830468
39841,39848,43710,7,3862,2,36000,1.00181253237
39843,39853,43385,10,3532,2,36000,1.00283125708
39844,39859,43129,15,3270,2,36000,1.00458715596
39861,39867,43170,6,3303,2,36000,1.00181653043
39863,39873,42967,10,3094,2,36000,1.00323206206
39864,39878,43306,14,3428,2,36000,1.004084014
39865,39883,43355,18,3472,2,36000,1.0051843318
39866,39889,43615,23,3726,2,36000,1.00617283951
39868,39895,43252,27,3357,2,36000,1.00804289544
39883,39900,43186,17,3286,2,36000,1.00517346318
39884,39905,43458,21,3553,2,36000,1.00591049817
39886,39910,43758,24,3848,2,36000,1.00623700624
39919,39925,43424,6,3499,2,36000,1.00171477565
39921,39931,43322,10,3391,2,36000,1.0029489826
39936,39942,43703,6,3761,2,36000,1.00159532039
39937,39948,43766,11,3818,2,36000,1.00288108958
39938,39953,43435,15,3482,2,36000,1.00430786904
39954,39960,43259,6,3299,2,36000,1.00181873295
39969,39975,43777,6,3802,2,36000,1.00157811678
39970,39981,43431,11,3450,2,36000,1.0031884058
39971,39986,43666,15,3680,2,36000,1.00407608696
39986,39993,43602,7,3609,2,36000,1.00193959546
40001,40007,43651,6,3644,2,36000,1.00164654226
40017,40023,43544,6,3521,2,36000,1.00170406135
40018,40029,43418,11,3389,2,36000,1.00324579522
40020,40034,43414,14,3380,2,36000,1.00414201183
40021,40039,43619,18,3580,2,36000,1.00502793296
40036,40046,43714,10,3668,2,36000,1.00272628135
40038,40051,43468,13,3417,2,36000,1.00380450688
40053,40059,43763,6,3704,2,36000,1.00161987041
40071,40077,44074,6,3997,2,36000,1.00150112584
40086,40092,43562,6,3470,2,36000,1.00172910663
40087,40098,43753,11,3655,2,36000,1.00300957592
40089,40103,43603,14,3500,2,36000,1.004
40105,40111,43693,6,3582,2,36000,1.00167504188
40106,40117,43617,11,3500,2,36000,1.00314285714
40107,40122,43635,15,3513,2,36000,1.00426985482
40108,40127,43852,19,3725,2,36000,1.00510067114
40123,40133,43877,10,3744,2,36000,1.00267094017
40139,40145,43541,6,3396,2,36000,1.00176678445
40153,40160,43833,7,3673,2,36000,1.00190579907
40181,40187,43336,6,3149,2,36000,1.00190536678
40195,40201,43880,6,3679,2,36000,1.00163087796
40213,40220,44268,7,4048,2,36000,1.00172924901
40238,40244,44225,6,3981,2,36000,1.00150715901
40239,40250,43802,11,3552,2,36000,1.00309684685
40255,40261,43691,6,3430,2,36000,1.00174927114
40256,40267,43685,11,3418,2,36000,1.00321825629
40257,40272,43517,15,3245,2,36000,1.00462249615
40276,40282,44221,6,3939,2,36000,1.00152322925
40291,40297,44279,6,3982,2,36000,1.00150678051
40292,40303,43802,11,3499,2,36000,1.00314375536
40313,40319,44194,6,3875,2,36000,1.0015483871
40371,40377,43858,6,3481,2,36000,1.00172364263
40389,40395,43904,6,3509,2,36000,1.00170988886
40407,40413,44148,6,3735,2,36000,1.0016064257
40452,40458,44122,6,3664,2,36000,1.00163755459
40641,40647,44279,6,3632,2,36000,1.00165198238
40720,40726,44291,6,3565,2,36000,1.00168302945
41589,41595,81186,6,39591,1,86400,1.00015154959
41594,42077,78052,483,35975,1,86400,1.01342599027
41689,41695,45227,6,3532,2,36000,1.00169875425
41875,42082,45290,207,3208,1,7200,1.06452618454
42321,43187,87406,866,44219,1,86400,1.01958434157
42329,42933,44600,604,1667,2,7200,1.36232753449
42335,43217,84390,882,41173,1,86400,1.02142180555
42339,43222,85531,883,42309,1,86400,1.02087026401
42343,43261,88618,918,45357,1,86400,1.02023943382
42346,43270,93014,924,49744,1,86400,1.01857510454
42350,43320,81800,970,38480,1,86400,1.02520790021
42353,43325,103556,972,60231,1,86400,1.0161378692
42357,43343,115340,986,71997,1,86400,1.01369501507
42361,43348,87609,987,44261,1,86400,1.02229954136
42365,43371,74917,1006,31546,1,86400,1.0318899385
42369,43376,93818,1007,50442,1,86400,1.01996352246
42373,43400,72951,1027,29551,1,86400,1.03475347704
42377,43406,84339,1029,40933,1,86400,1.02513864119
42380,43427,81856,1047,38429,1,86400,1.02724504931
42384,43432,95466,1048,52034,1,86400,1.02014067725
42388,43456,81189,1068,37733,1,86400,1.02830413696
42388,43182,139223,794,96041,18,108000,1.00826730251
42391,43461,98085,1070,54624,1,86400,1.01958845929
42395,43467,96366,1072,52899,1,86400,1.02026503337
42399,43472,88166,1073,44694,1,86400,1.02400769678
42403,43477,86842,1074,43365,1,86400,1.02476651678
42770,42985,44578,215,1593,1,10800,1.13496547395
42896,42979,45270,83,2291,2,10800,1.03622872108
42921,42927,46627,6,3700,2,36000,1.00162162162
42967,42973,46952,6,3979,2,36000,1.00150791656
42982,42991,46675,9,3684,2,36000,1.00244299674
43029,43035,46654,6,3619,2,36000,1.00165791655
43031,43041,46626,10,3585,2,36000,1.00278940028
43075,43081,46700,6,3619,2,36000,1.00165791655
43130,43136,46534,6,3398,2,36000,1.00176574456
43131,43143,46767,12,3624,2,36000,1.00331125828
43132,43148,46669,16,3521,2,36000,1.00454416359
43148,43154,46808,6,3654,2,36000,1.00164203612
43163,43170,46875,7,3705,2,36000,1.00188933873
43165,43176,46805,11,3629,2,36000,1.00303113805
43182,43193,46883,11,3690,2,36000,1.00298102981
43183,43198,46832,15,3634,2,36000,1.00412768299
43198,43204,46968,6,3764,2,36000,1.00159404888
43217,43228,46694,11,3466,2,36000,1.00317368725
43249,43255,46862,6,3607,2,36000,1.00166343222
43267,43276,46991,9,3715,2,36000,1.00242261104
43269,43281,46968,12,3687,2,36000,1.0032546786
43277,43637,43643,360,6,1,7200,36.6
43286,43292,46769,6,3477,2,36000,1.00172562554
43308,43314,46956,6,3642,2,36000,1.00164744646
43313,43632,43639,319,7,2,7200,32.6
43323,43332,47195,9,3863,2,36000,1.0023297955
43325,43337,46940,12,3603,2,36000,1.00333055787
43340,43354,46517,14,3163,2,36000,1.00442617768
43359,43365,46989,6,3624,2,36000,1.00165562914
43387,43394,47037,7,3643,2,36000,1.00192149327
43403,43412,47016,9,3604,2,36000,1.00249722531
43425,43438,46897,13,3459,2,36000,1.00375831165
43427,43443,46920,16,3477,2,36000,1.0046016681
43428,43448,47119,20,3671,2,36000,1.00544810678
43457,43483,46697,26,3214,2,36000,1.00808960797
43458,43488,47168,30,3680,2,36000,1.00815217391
43460,43493,46685,33,3192,2,36000,1.01033834586
43461,43499,47194,38,3695,2,36000,1.01028416779
43478,43513,46805,35,3292,2,36000,1.01063183475
43479,43528,46982,49,3454,2,36000,1.01418645049
43505,43552,46702,47,3150,2,36000,1.01492063492
43520,43558,46799,38,3241,2,36000,1.0117247763
43542,43564,47423,22,3859,2,36000,1.0057009588
43560,43573,47356,13,3783,2,36000,1.00343642612
43561,43613,47056,52,3443,2,36000,1.01510310775
43578,43619,47062,41,3443,2,36000,1.01190821958
43603,43626,47017,23,3391,2,36000,1.00678265998
43628,43646,47074,18,3428,2,36000,1.00525087515
43630,43652,47742,22,4090,2,36000,1.00537897311
43631,43658,47172,27,3514,2,36000,1.00768355151
43632,43664,47226,32,3562,2,36000,1.00898371701
43648,43677,47575,29,3898,2,36000,1.00743971267
43665,43696,47231,31,3535,2,36000,1.00876944837
43681,43702,47226,21,3524,2,36000,1.00595913734
43707,43713,46900,6,3187,2,36000,1.00188264826
43709,43719,47061,10,3342,2,36000,1.00299222023
43710,43725,47161,15,3436,2,36000,1.00436554133
43712,43730,47076,18,3346,2,36000,1.00537955768
43727,43764,47497,37,3733,2,36000,1.00991159925
43729,43770,47139,41,3369,2,36000,1.01216978332
43754,43776,47533,22,3757,2,36000,1.00585573596
43776,43782,47542,6,3760,2,36000,1.00159574468
43777,43788,46819,11,3031,2,36000,1.00362916529
43779,43813,47314,34,3501,2,36000,1.009711511
43794,43818,47504,24,3686,2,36000,1.00651112317
43810,43844,47359,34,3515,2,36000,1.00967283073
43811,43864,47819,53,3955,2,36000,1.01340075853
43819,45301,45310,1482,9,1,7200,149.1
43836,43870,47434,34,3564,2,36000,1.00953984287
43855,43888,47606,33,3718,2,36000,1.00887573964
43870,43894,47402,24,3508,2,36000,1.00684150513
43889,43915,47493,26,3578,2,36000,1.0072666294
43890,44085,47691,195,3606,2,36000,1.0540765391
43906,44133,47537,227,3404,2,36000,1.06668625147
44017,45345,45346,1328,1,2,10800,132.9
44078,44160,47526,82,3366,2,36000,1.02436125966
44129,44205,47926,76,3721,2,36000,1.02042461704
44149,44232,47724,83,3492,2,36000,1.02376861397
44197,44238,48054,41,3816,2,36000,1.0107442348
44225,44279,47651,54,3372,2,36000,1.01601423488
44227,44290,47935,63,3645,2,36000,1.01728395062
44270,44295,47977,25,3682,2,36000,1.00678978816
44288,44302,47919,14,3617,2,36000,1.003870611
44289,44611,48095,322,3484,2,36000,1.09242250287
44305,45238,45322,933,84,2,36000,12.1071428571
45231,45285,45365,54,80,2,36000,1.675
45327,45333,45334,6,1,2,36000,1.0
45366,45373,45374,7,1,2,36000,1.0
45907,45913,49413,6,3500,1,10800,1.00171428571
46521,46527,50172,6,3645,2,36000,1.00164609053
46536,46543,50196,7,3653,2,36000,1.00191623323
46628,46634,50200,6,3566,2,36000,1.00168255749
46630,46640,49923,10,3283,2,36000,1.00304599452
46634,46708,50528,74,3820,2,10800,1.01937172775
46658,46664,50276,6,3612,2,36000,1.00166112957
46673,46679,50256,6,3577,2,36000,1.00167738328
46688,46695,50278,7,3583,2,36000,1.00195367011
46690,46701,50114,11,3413,2,36000,1.00322297099
46706,46714,50195,8,3481,2,36000,1.00229819018
46707,46719,50396,12,3677,2,36000,1.00326353005
46709,46725,50083,16,3358,2,36000,1.00476474092
46710,46730,51020,20,4290,2,36000,1.00466200466
46772,46778,50614,6,3836,2,36000,1.0015641293
46773,46784,50228,11,3444,2,36000,1.00319396051
46803,46809,50421,6,3612,2,36000,1.00166112957
46820,46827,50737,7,3910,2,36000,1.00179028133
46822,46833,49978,11,3145,2,36000,1.00349761526
46823,46838,50448,15,3610,2,36000,1.00415512465
46825,46844,50631,19,3787,2,36000,1.00501716398
46841,46850,50496,9,3646,2,36000,1.00246845858
46864,46870,50524,6,3654,2,36000,1.00164203612
46881,46887,50556,6,3669,2,36000,1.00163532298
46896,46902,50333,6,3431,2,36000,1.00174876129
46912,46918,50433,6,3515,2,36000,1.00170697013
46913,46924,50339,11,3415,2,36000,1.00322108346
46928,46934,50621,6,3687,2,36000,1.0016273393
46943,46949,50704,6,3755,2,36000,1.00159786951
46958,46964,50514,6,3550,2,36000,1.00169014085
46959,46970,50273,11,3303,2,36000,1.00333030578
46974,46981,50407,7,3426,2,36000,1.00204319907
46976,46986,50407,10,3421,2,36000,1.00292312189
46991,46997,50379,6,3382,2,36000,1.00177409817
46992,47003,50392,11,3389,2,36000,1.00324579522
46994,47008,50545,14,3537,2,36000,1.00395815663
47020,47026,50793,6,3767,2,36000,1.0015927794
47022,47032,50508,10,3476,2,36000,1.00287686997
47040,47046,50420,6,3374,2,36000,1.00177830468
47059,47065,50739,6,3674,2,36000,1.00163309744
47074,47080,50615,6,3535,2,36000,1.00169731259
47075,47086,50323,11,3237,2,36000,1.00339820822
47077,47091,50577,14,3486,2,36000,1.00401606426
47092,47098,50731,6,3633,2,36000,1.00165152766
47122,47128,50601,6,3473,2,36000,1.00172761301
47142,47148,50736,6,3588,2,36000,1.0016722408
47165,47171,50757,6,3586,2,36000,1.00167317345
47181,47188,50864,7,3676,2,36000,1.00190424374
47183,47193,50907,10,3714,2,36000,1.00269251481
47200,47206,50820,6,3614,2,36000,1.00166021029
47201,47212,50900,11,3688,2,36000,1.00298264642
47227,47233,50849,6,3616,2,36000,1.00165929204
47229,47239,50930,10,3691,2,36000,1.00270929287
47245,47251,50940,6,3689,2,36000,1.00162645703
47318,47325,50926,7,3601,2,36000,1.00194390447
47359,47365,51005,6,3640,2,36000,1.00164835165
47373,47380,50744,7,3364,2,36000,1.00208085612
47404,47410,51138,6,3728,2,36000,1.00160944206
47425,47431,51012,6,3581,2,36000,1.00167550963
47440,47446,50716,6,3270,2,36000,1.00183486239
47496,47502,51006,6,3504,2,36000,1.00171232877
47511,47517,51356,6,3839,2,36000,1.00156290701
47512,47523,51124,11,3601,2,36000,1.00305470703
47529,47535,51077,6,3542,2,36000,1.00169395822
47544,47550,51244,6,3694,2,36000,1.00162425555
47545,47557,50905,12,3348,2,36000,1.00358422939
47547,47562,50914,15,3352,2,36000,1.00447494033
47577,47584,51114,7,3530,2,36000,1.00198300283
47610,47616,51445,6,3829,2,36000,1.00156698877
47658,47664,51349,6,3685,2,36000,1.00162822252
47696,47702,51225,6,3523,2,36000,1.00170309395
47728,47734,51345,6,3611,2,36000,1.00166158959
47743,47750,51170,7,3420,2,36000,1.00204678363
47822,47828,51461,6,3633,2,36000,1.00165152766
47920,47926,51467,6,3541,2,36000,1.0016944366
47935,47941,51177,6,3236,2,36000,1.00185414091
47936,47947,51677,11,3730,2,36000,1.00294906166
47980,47986,51366,6,3380,2,36000,1.00177514793
48057,48063,51773,6,3710,2,36000,1.00161725067
48099,48105,51845,6,3740,2,36000,1.00160427807
48989,48995,52237,6,3242,1,7200,1.00185070944
49093,49099,51964,6,2865,2,10800,1.00209424084
49580,49586,52910,6,3324,1,7200,1.00180505415
49927,49935,53525,8,3590,2,36000,1.00222841226
49979,49989,53756,10,3767,2,36000,1.00265463233
50085,50094,53401,9,3307,2,36000,1.00272149985
50116,50125,53542,9,3417,2,36000,1.00263388938
50174,50184,53641,10,3457,2,36000,1.00289268152
50199,50206,53695,7,3489,2,36000,1.00200630553
50201,50212,54181,11,3969,2,36000,1.00277147896
50216,50223,53839,7,3616,2,36000,1.00193584071
50231,50239,53569,8,3330,2,36000,1.0024024024
50259,50267,53834,8,3567,2,36000,1.00224278105
50274,50284,53781,10,3497,2,36000,1.00285959394
50289,50295,54036,6,3741,2,36000,1.00160384924
50290,50301,53964,11,3663,2,36000,1.003003003
50325,50334,54019,9,3685,2,36000,1.00244233379
50340,50346,53792,6,3446,2,36000,1.00174114916
50342,50352,54407,10,4055,2,36000,1.00246609125
50381,50390,54013,9,3623,2,36000,1.00248412917
50397,50403,53972,6,3569,2,36000,1.00168114318
50398,50409,53760,11,3351,2,36000,1.00328260221
50414,50420,53805,6,3385,2,36000,1.00177252585
50416,50426,53769,10,3343,2,36000,1.00299132516
50431,50437,54130,6,3693,2,36000,1.00162469537
50432,50443,54337,11,3894,2,36000,1.00282485876
50448,50454,54000,6,3546,2,36000,1.00169204738
50449,50460,53911,11,3451,2,36000,1.00318748189
50498,50507,53717,9,3210,2,36000,1.00280373832
50513,50519,54134,6,3615,2,36000,1.00165975104
50528,50534,54154,6,3620,2,36000,1.00165745856
50530,50540,54332,10,3792,2,36000,1.0026371308
50548,50554,54075,6,3521,2,36000,1.00170406135
50563,50569,54297,6,3728,2,36000,1.00160944206
50578,50584,54084,6,3500,2,36000,1.00171428571
50602,50609,54293,7,3684,2,36000,1.00190010858
50618,50624,54455,6,3831,2,36000,1.00156617071
50619,50630,54257,11,3627,2,36000,1.00303280948
50634,50640,54209,6,3569,2,36000,1.00168114318
50635,50646,54176,11,3530,2,36000,1.00311614731
50706,50712,54203,6,3491,2,36000,1.00171870524
50721,50727,54412,6,3685,2,36000,1.00162822252
50736,50742,53808,6,3066,2,36000,1.00195694716
50738,50748,54514,10,3766,2,36000,1.00265533723
50754,50760,54165,6,3405,2,36000,1.00176211454
50755,50766,54393,11,3627,2,36000,1.00303280948
50756,50771,54499,15,3728,2,36000,1.00402360515
50772,50778,54184,6,3406,2,36000,1.00176159718
50793,50799,54418,6,3619,2,36000,1.00165791655
50824,50830,54298,6,3468,2,36000,1.00173010381
50851,50857,54506,6,3649,2,36000,1.00164428611
50867,50873,54546,6,3673,2,36000,1.00163354206
50901,50907,54467,6,3560,2,36000,1.00168539326
50916,50922,54282,6,3360,2,36000,1.00178571429
50918,50928,54430,10,3502,2,36000,1.00285551114
50919,50933,54322,14,3389,2,36000,1.0041310121
50934,50940,54540,6,3600,2,36000,1.00166666667
50936,50946,54506,10,3560,2,36000,1.00280898876
50950,50957,54674,7,3717,2,36000,1.00188323917
51006,51012,54480,6,3468,2,36000,1.00173010381
51007,51018,54280,11,3262,2,36000,1.00337216432
51023,51029,54681,6,3652,2,36000,1.00164293538
51024,51035,54536,11,3501,2,36000,1.00314195944
51079,51086,54926,7,3840,2,36000,1.00182291667
51117,51123,54480,6,3357,2,36000,1.0017873101
51132,51138,54465,6,3327,2,36000,1.00180342651
51147,51153,54541,6,3388,2,36000,1.00177095632
51171,51177,54607,6,3430,2,36000,1.00174927114
51186,51192,54463,6,3271,2,36000,1.00183430144
51226,51232,54863,6,3631,2,36000,1.00165243735
51247,51253,54684,6,3431,2,36000,1.00174876129
51349,51355,55210,6,3855,2,36000,1.00155642023
51350,51361,54958,11,3597,2,36000,1.00305810398
51365,51372,54942,7,3570,2,36000,1.00196078431
51380,51386,55983,6,4597,2,36000,1.00130519904
51447,51453,54923,6,3470,2,36000,1.00172910663
51462,51468,54980,6,3512,2,36000,1.00170842825
51477,51483,54932,6,3449,2,36000,1.00173963468
51679,51685,55029,6,3344,2,36000,1.00179425837
51773,51779,55128,6,3349,2,36000,1.00179157958
51846,51852,55358,6,3506,2,36000,1.00171135197
53286,53292,56882,6,3590,2,7200,1.00167130919
53405,53411,56810,6,3399,2,36000,1.00176522507
53415,53421,57806,6,4385,1,7200,1.00136830103
53458,53583,58058,125,4475,2,7200,1.02793296089
53531,53536,57124,5,3588,2,36000,1.001393534
53546,53552,57503,6,3951,2,36000,1.00151860289
53571,53577,57350,6,3773,2,36000,1.00159024649
53643,53652,56876,9,3224,2,36000,1.00279156328
53698,53706,57404,8,3698,2,36000,1.00216333153
53720,53728,57243,8,3515,2,36000,1.00227596017
53757,53767,57209,10,3442,2,36000,1.00290528762
53773,53779,57621,6,3842,2,36000,1.00156168662
53774,53785,57236,11,3451,2,36000,1.00318748189
53789,53795,57699,6,3904,2,36000,1.00153688525
53805,53811,57112,6,3301,2,36000,1.00181763102
53806,53817,57477,11,3660,2,36000,1.00300546448
53823,53829,57099,6,3270,2,36000,1.00183486239
53838,53846,56990,8,3144,2,36000,1.00254452926
53853,53859,57474,6,3615,2,36000,1.00165975104
53913,53922,57494,9,3572,2,36000,1.00251959686
53966,53975,57499,9,3524,2,36000,1.002553916
53981,53988,57551,7,3563,2,36000,1.00196463654
54002,54011,57421,9,3410,2,36000,1.00263929619
54017,54024,57679,7,3655,2,36000,1.00191518468
54031,54038,57338,7,3300,2,36000,1.00212121212
54046,54052,57935,6,3883,2,36000,1.00154519701
54077,54087,57554,10,3467,2,36000,1.00288433804
54093,54100,57756,7,3656,2,36000,1.00191466083
54131,54142,57889,11,3747,2,36000,1.00293568188
54146,54152,57833,6,3681,2,36000,1.00162999185
54161,54167,57517,6,3350,2,36000,1.00179104478
54176,54182,57857,6,3675,2,36000,1.00163265306
54177,54188,57882,11,3694,2,36000,1.00297780184
54192,54199,57958,7,3759,2,36000,1.00186219739
54194,54205,57655,11,3450,2,36000,1.0031884058
54209,54215,58089,6,3874,2,36000,1.00154878678
54210,54221,57705,11,3484,2,36000,1.00315729047
54261,54269,57632,8,3363,2,36000,1.00237882843
54280,54291,57827,11,3536,2,36000,1.00311085973
54296,54302,57876,6,3574,2,36000,1.00167879127
54298,54308,57699,10,3391,2,36000,1.0029489826
54313,54320,58021,7,3701,2,36000,1.00189138071
54315,54325,57559,10,3234,2,36000,1.00309214595
54330,54336,57656,6,3320,2,36000,1.00180722892
54345,54351,57814,6,3463,2,36000,1.00173260179
54346,54357,57750,11,3393,2,36000,1.00324196876
54398,54404,58031,6,3627,2,36000,1.00165425972
54413,54419,57727,6,3308,2,36000,1.00181378476
54415,54425,57693,10,3268,2,36000,1.00305997552
54430,54436,57915,6,3479,2,36000,1.00172463352
54446,54452,58148,6,3696,2,36000,1.00162337662
54463,54469,58069,6,3600,2,36000,1.00166666667
54465,54475,58246,10,3771,2,36000,1.00265181649
54483,54489,58038,6,3549,2,36000,1.00169061708
54484,54495,57987,11,3492,2,36000,1.00315005727
54485,54500,58147,15,3647,2,36000,1.00411296956
54486,54506,58072,20,3566,2,36000,1.00560852496
54502,54512,58002,10,3490,2,36000,1.00286532951
54519,54525,57949,6,3424,2,36000,1.00175233645
54520,54531,58479,11,3948,2,36000,1.00278622087
54522,54536,57999,14,3463,2,36000,1.00404273751
54537,54547,57968,10,3421,2,36000,1.00292312189
54554,54560,57693,6,3133,2,36000,1.00191509735
54555,54566,58112,11,3546,2,36000,1.00310208686
54556,54571,58211,15,3640,2,36000,1.00412087912
54582,54692,54693,110,1,1,60,11.1
54610,54619,58123,9,3504,2,36000,1.00256849315
54675,54685,58367,10,3682,2,36000,1.00271591526
54691,54698,58441,7,3743,2,36000,1.00187015763
54692,54703,58543,11,3840,2,36000,1.00286458333
54783,54789,54790,6,1,1,60,1.0
54864,54875,58205,11,3330,2,36000,1.0033033033
54925,54934,58818,9,3884,2,36000,1.00231719876
54927,54944,54948,17,4,1,60,2.1
54941,54950,58234,9,3284,2,36000,1.00274056029
54943,54955,58736,12,3781,2,36000,1.00317376355
54944,54961,58405,17,3444,2,36000,1.00493612079
54963,54969,58495,6,3526,2,36000,1.00170164492
54983,54992,58608,9,3616,2,36000,1.00248893805
55030,55041,58700,11,3659,2,36000,1.00300628587
55132,55140,59095,8,3955,2,36000,1.00202275601
55215,55221,58977,6,3756,2,36000,1.00159744409
55227,56893,56895,1666,2,1,60,166.8
55227,56898,56903,1671,5,1,60,167.6
55227,56936,57219,1709,283,1,3600,7.03886925795
55227,56914,56987,1687,73,1,960,24.1095890411
55227,56907,56925,1680,18,1,240,94.3333333333
55360,55369,58691,9,3322,2,36000,1.00270921132
55983,55994,59612,11,3618,2,36000,1.00304035379
56811,56821,60189,10,3368,2,36000,1.00296912114
56878,56887,60606,9,3719,2,36000,1.00242000538
56991,56998,60744,7,3746,2,36000,1.0018686599
57101,57107,60672,6,3565,2,36000,1.00168302945
57116,57122,60848,6,3726,2,36000,1.00161030596
57131,57137,60666,6,3529,2,36000,1.00170019836
57211,57217,60841,6,3624,2,36000,1.00165562914
57238,57245,60953,7,3708,2,36000,1.00188781014
57253,57260,60711,7,3451,2,36000,1.00202839757
57342,57348,60867,6,3519,2,36000,1.00170502984
57357,57363,60836,6,3473,2,36000,1.00172761301
57406,57413,61107,7,3694,2,36000,1.00189496481
57422,57428,60797,6,3369,2,36000,1.0017809439
57476,57482,61081,6,3599,2,36000,1.00166712976
57492,57498,61033,6,3535,2,36000,1.00169731259
57493,57504,60905,11,3401,2,36000,1.00323434284
57509,57514,60977,5,3463,2,36000,1.00144383483
57510,57520,60870,10,3350,2,36000,1.00298507463
57525,57532,60960,7,3428,2,36000,1.002042007
57548,57554,60955,6,3401,2,36000,1.001764187
57564,57569,60960,5,3391,2,36000,1.0014744913
57565,57576,61014,11,3438,2,36000,1.00319953461
57627,57633,61121,6,3488,2,36000,1.00172018349
57642,57648,61111,6,3463,2,36000,1.00173260179
57658,57664,61121,6,3457,2,36000,1.00173560891
57659,57670,61322,11,3652,2,36000,1.00301204819
57681,57688,61339,7,3651,2,36000,1.00191728294
57697,57703,61294,6,3591,2,36000,1.00167084378
57698,57709,61229,11,3520,2,36000,1.003125
57714,57720,61409,6,3689,2,36000,1.00162645703
57715,57726,61394,11,3668,2,36000,1.00299890949
57716,57731,61209,15,3478,2,36000,1.00431282346
57732,57738,61116,6,3378,2,36000,1.00177619893
57752,57758,61351,6,3593,2,36000,1.00166991372
57769,57775,61145,6,3370,2,36000,1.00178041543
57818,57824,61436,6,3612,2,36000,1.00166112957
57838,57844,61483,6,3639,2,36000,1.00164880462
57839,57850,61542,11,3692,2,36000,1.00297941495
57858,57864,61228,6,3364,2,36000,1.00178359096
57878,57884,61457,6,3573,2,36000,1.00167926113
57895,57900,61418,5,3518,2,36000,1.00142126208
57896,57906,61507,10,3601,2,36000,1.00277700639
57917,57924,61612,7,3688,2,36000,1.00189804772
57937,57944,61351,7,3407,2,36000,1.00205459348
57953,57959,61518,6,3559,2,36000,1.00168586682
57969,57975,61479,6,3504,2,36000,1.00171232877
57970,57981,61877,11,3896,2,36000,1.00282340862
57989,57995,61437,6,3442,2,36000,1.00174317257
58007,58013,61596,6,3583,2,36000,1.00167457438
58008,58019,61645,11,3626,2,36000,1.00303364589
58025,58031,61441,6,3410,2,36000,1.00175953079
58043,58049,61392,6,3343,2,36000,1.00179479509
58044,58055,61773,11,3718,2,36000,1.00295857988
58075,58081,61253,6,3172,2,36000,1.00189155107
58077,58087,61425,10,3338,2,36000,1.00299580587
58093,58099,61468,6,3369,2,36000,1.0017809439
58109,58115,61608,6,3493,2,36000,1.00171772116
58124,58130,61389,6,3259,2,36000,1.00184105554
58154,58160,61517,6,3357,2,36000,1.0017873101
58155,58166,61546,11,3380,2,36000,1.00325443787
58207,58213,61907,6,3694,2,36000,1.00162425555
58222,58228,62188,6,3960,2,36000,1.00151515152
58237,58243,61441,6,3198,2,36000,1.00187617261
58252,58258,61981,6,3723,2,36000,1.00161160355
58369,58375,62039,6,3664,2,36000,1.00163755459
58405,58411,61785,6,3374,2,36000,1.00177830468
58442,58448,61938,6,3490,2,36000,1.00171919771
58481,58487,62400,6,3913,2,36000,1.00153335037
58496,58502,61650,6,3148,2,36000,1.00190597205
58545,58551,62470,6,3919,2,36000,1.00153100281
58609,58615,62028,6,3413,2,36000,1.00175798418
58694,58700,62657,6,3957,2,36000,1.00151630023
58709,58715,62287,6,3572,2,36000,1.00167973124
58739,58745,62377,6,3632,2,36000,1.00165198238
58821,58828,62164,7,3336,2,36000,1.00209832134
58979,58986,62688,7,3702,2,36000,1.0018908698
59098,59105,62724,7,3619,2,36000,1.00193423598
59612,59618,63352,6,3734,2,36000,1.00160685592
60190,60196,63640,6,3444,2,36000,1.00174216028
60608,60614,63663,6,3049,2,36000,1.00196785831
60669,60675,63990,6,3315,2,36000,1.00180995475
60684,60690,63970,6,3280,2,36000,1.00182926829
60711,60717,64463,6,3746,2,36000,1.00160170849
60744,60750,64359,6,3609,2,36000,1.00166251039
60799,60805,64150,6,3345,2,36000,1.00179372197
60838,60845,64299,7,3454,2,36000,1.00202663578
60854,60860,64449,6,3589,2,36000,1.00167177487
60855,60866,64180,11,3314,2,36000,1.00331925166
60870,60876,64517,6,3641,2,36000,1.00164789893
60871,60882,64507,11,3625,2,36000,1.00303448276
60908,60914,64785,6,3871,2,36000,1.00154998708
60953,60960,64708,7,3748,2,36000,1.00186766275
60969,60975,64658,6,3683,2,36000,1.00162910671
60970,60981,64564,11,3583,2,36000,1.00307005303
60971,60986,64499,15,3513,2,36000,1.00426985482
60986,60992,64421,6,3429,2,36000,1.00174978128
61017,61023,64371,6,3348,2,36000,1.0017921147
61035,61041,64653,6,3612,2,36000,1.00166112957
61080,61086,64744,6,3658,2,36000,1.00164024057
61108,61114,64690,6,3576,2,36000,1.00167785235
61123,61129,64583,6,3454,2,36000,1.00173711639
61125,61135,64840,10,3705,2,36000,1.00269905533
61126,61140,64863,14,3723,2,36000,1.00376040827
61127,61145,64748,18,3603,2,36000,1.0049958368
61145,61152,65054,7,3902,2,36000,1.00179395182
61213,61218,64933,5,3715,2,36000,1.00134589502
61231,61237,64461,6,3224,2,36000,1.00186104218
61232,61243,64571,11,3328,2,36000,1.00330528846
61254,61260,65008,6,3748,2,36000,1.00160085379
61296,61302,64990,6,3688,2,36000,1.00162689805
61323,61330,64942,7,3612,2,36000,1.0019379845
61342,61348,64797,6,3449,2,36000,1.00173963468
61357,61363,64871,6,3508,2,36000,1.00171037628
61358,61369,65142,11,3773,2,36000,1.0029154519
61392,61398,65198,6,3800,2,36000,1.00157894737
61393,61404,65007,11,3603,2,36000,1.00305301138
61409,61415,65031,6,3616,2,36000,1.00165929204
61410,61421,65206,11,3785,2,36000,1.00290620872
61425,61431,65159,6,3728,2,36000,1.00160944206
61427,61437,64741,10,3304,2,36000,1.00302663438
61442,61448,65195,6,3747,2,36000,1.00160128102
61444,61454,64943,10,3489,2,36000,1.00286615076
61445,61459,65181,14,3722,2,36000,1.00376141859
61446,61465,64964,19,3499,2,36000,1.00543012289
61461,61471,64984,10,3513,2,36000,1.00284656988
61476,61482,64783,6,3301,2,36000,1.00181763102
61491,61498,65047,7,3549,2,36000,1.00197238659
61493,61504,65214,11,3710,2,36000,1.00296495957
61508,61514,65204,6,3690,2,36000,1.00162601626
61523,61529,66296,6,4767,2,36000,1.00125865324
61524,61535,65360,11,3825,2,36000,1.00287581699
61546,61552,65215,6,3663,2,36000,1.00163800164
61547,61558,65387,11,3829,2,36000,1.00287281274
61599,61605,65113,6,3508,2,36000,1.00171037628
61614,61620,65419,6,3799,2,36000,1.00157936299
61616,61626,64951,10,3325,2,36000,1.0030075188
61646,61652,65037,6,3385,2,36000,1.00177252585
61661,61667,65405,6,3738,2,36000,1.00160513644
61774,61780,65171,6,3391,2,36000,1.00176938956
61789,61795,65407,6,3612,2,36000,1.00166112957
61877,61883,65242,6,3359,2,36000,1.00178624591
61908,61914,65559,6,3645,2,36000,1.00164609053
61941,61947,65460,6,3513,2,36000,1.00170794193
61983,61989,65670,6,3681,2,36000,1.00162999185
62029,62035,65397,6,3362,2,36000,1.00178465199
62043,62049,65393,6,3344,2,36000,1.00179425837
62165,62171,65649,6,3478,2,36000,1.00172512938
62189,62195,65858,6,3663,2,36000,1.00163800164
62289,62295,65929,6,3634,2,36000,1.0016510732
62379,62385,65965,6,3580,2,36000,1.00167597765
62401,62407,65865,6,3458,2,36000,1.001735107
62473,62480,66062,7,3582,2,36000,1.00195421552
62660,62666,65801,6,3135,2,36000,1.0019138756
62691,62697,66521,6,3824,2,36000,1.00156903766
62726,62732,66221,6,3489,2,36000,1.00171969046
63354,63360,67114,6,3754,2,36000,1.00159829515
63642,63648,66855,6,3207,2,36000,1.00187090739
63665,63671,67358,6,3687,2,36000,1.0016273393
63971,63977,67425,6,3448,2,36000,1.00174013921
63992,63998,67735,6,3737,2,36000,1.00160556596
64150,64156,68180,6,4024,2,36000,1.00149105368
64180,64187,67936,7,3749,2,36000,1.00186716458
64299,64305,67626,6,3321,2,36000,1.00180668473
64363,64369,67831,6,3462,2,36000,1.00173310225
64377,64384,67977,7,3593,2,36000,1.00194823267
64423,64429,67832,6,3403,2,36000,1.00176315016
64450,64457,67914,7,3457,2,36000,1.00202487706
64466,64472,68135,6,3663,2,36000,1.00163800164
64467,64478,67960,11,3482,2,36000,1.00315910396
64500,64506,68047,6,3541,2,36000,1.0016944366
64515,64521,68367,6,3846,2,36000,1.0015600624
64530,64536,68105,6,3569,2,36000,1.00168114318
64563,64569,67901,6,3332,2,36000,1.00180072029
64578,64584,68511,6,3927,2,36000,1.00152788388
64593,64599,68025,6,3426,2,36000,1.00175131349
64654,64660,68104,6,3444,2,36000,1.00174216028
64668,64675,68269,7,3594,2,36000,1.0019476906
64693,64699,68215,6,3516,2,36000,1.00170648464
64711,64717,67819,6,3102,2,36000,1.00193423598
64741,64747,68365,6,3618,2,36000,1.00165837479
64756,64762,68433,6,3671,2,36000,1.00163443203
64758,64768,68311,10,3543,2,36000,1.00282246684
64785,64791,68121,6,3330,2,36000,1.0018018018
64786,64797,68374,11,3577,2,36000,1.00307520268
64801,64807,68476,6,3669,2,36000,1.00163532298
64841,64847,68129,6,3282,2,36000,1.00182815356
64865,64871,68347,6,3476,2,36000,1.00172612198
64880,64886,68333,6,3447,2,36000,1.00174064404
64937,64943,68562,6,3619,2,36000,1.00165791655
64952,64958,68542,6,3584,2,36000,1.00167410714
64954,64964,69301,10,4337,2,36000,1.0023057413
64955,64969,68669,14,3700,2,36000,1.00378378378
64970,64976,68312,6,3336,2,36000,1.00179856115
64985,64991,68493,6,3502,2,36000,1.00171330668
65000,65006,68603,6,3597,2,36000,1.00166805671
65020,65026,68654,6,3628,2,36000,1.00165380375
65021,65032,68543,11,3511,2,36000,1.00313301054
65036,65042,68667,6,3625,2,36000,1.00165517241
65052,65058,68598,6,3540,2,36000,1.00169491525
65054,65064,68530,10,3466,2,36000,1.00288517023
65069,65075,68663,6,3588,2,36000,1.0016722408
65114,65120,68381,6,3261,2,36000,1.0018399264
65145,65151,68789,6,3638,2,36000,1.00164925783
65160,65166,68554,6,3388,2,36000,1.00177095632
65174,65181,68733,7,3552,2,36000,1.00197072072
65189,65195,68876,6,3681,2,36000,1.00162999185
65205,65211,69380,6,4169,2,36000,1.00143919405
65206,65217,68773,11,3556,2,36000,1.00309336333
65208,65222,69056,14,3834,2,36000,1.00365153886
65209,65227,68681,18,3454,2,36000,1.00521134916
65224,65234,69084,10,3850,2,36000,1.0025974026
65226,65239,68799,13,3560,2,36000,1.00365168539
65244,65250,68739,6,3489,2,36000,1.00171969046
65360,65366,69135,6,3769,2,36000,1.0015919342
65387,65393,69028,6,3635,2,36000,1.00165061898
65402,65408,68932,6,3524,2,36000,1.00170261067
65404,65414,69202,10,3788,2,36000,1.00263991552
65419,65425,68801,6,3376,2,36000,1.00177725118
65420,65431,68978,11,3547,2,36000,1.00310121229
65421,65436,69219,15,3783,2,36000,1.00396510706
65461,65467,68847,6,3380,2,36000,1.00177514793
65559,65566,69161,7,3595,2,36000,1.00194714882
65650,65657,69083,7,3426,2,36000,1.00204319907
65671,65678,69218,7,3540,2,36000,1.00197740113
65802,65809,69112,7,3303,2,36000,1.0021192855
65860,65866,69397,6,3531,2,36000,1.00169923534
65861,65872,69408,11,3536,2,36000,1.00311085973
65932,65938,69487,6,3549,2,36000,1.00169061708
65965,65971,69397,6,3426,2,36000,1.00175131349
66066,66072,69357,6,3285,2,36000,1.00182648402
66227,66233,69984,6,3751,2,36000,1.00159957345
66297,66303,69930,6,3627,2,36000,1.00165425972
66452,66464,66470,12,6,1,60,1.8
66452,66458,66460,6,2,1,60,1.0
66453,66481,66767,28,286,1,3600,1.0979020979
66453,66475,66519,22,44,1,960,1.5
66453,66469,66490,16,21,1,240,1.7619047619
66524,66530,70215,6,3685,2,36000,1.00162822252
66856,66862,70310,6,3448,2,36000,1.00174013921
66879,66884,67539,5,655,1,1350,1.00763358779
66879,66890,67459,11,569,1,5400,1.01933216169
66879,66895,67727,16,832,1,21600,1.01923076923
66879,66900,68140,21,1240,1,86400,1.01693548387
67117,67123,70554,6,3431,2,36000,1.00174876129
67361,67367,71126,6,3759,2,36000,1.00159616919
67428,67434,70663,6,3229,2,36000,1.00185816042
67629,67636,71092,7,3456,2,36000,1.00202546296
67657,67664,67667,7,3,1,60,1.0
67739,67745,71124,6,3379,2,36000,1.00177567328
67821,67827,71023,6,3196,2,36000,1.00187734668
67836,67842,71655,6,3813,2,36000,1.00157356412
67838,67848,71652,10,3804,2,36000,1.00262881178
67902,67908,71443,6,3535,2,36000,1.00169731259
67917,67923,71328,6,3405,2,36000,1.00176211454
67938,67944,71645,6,3701,2,36000,1.00162118346
67962,67968,71167,6,3199,2,36000,1.00187558612
67980,67986,71340,6,3354,2,36000,1.00178890877
68028,68034,71635,6,3601,2,36000,1.00166620383
68049,68055,71609,6,3554,2,36000,1.0016882386
68108,68114,71865,6,3751,2,36000,1.00159957345
68109,68120,71657,11,3537,2,36000,1.00310998021
68124,68130,71983,6,3853,2,36000,1.00155722813
68139,68145,71602,6,3457,2,36000,1.00173560891
68141,68151,71544,10,3393,2,36000,1.00294724433
68180,68187,71932,7,3745,2,36000,1.00186915888
68217,68223,72120,6,3897,2,36000,1.00153964588
68271,68277,71741,6,3464,2,36000,1.00173210162
68314,68320,71783,6,3463,2,36000,1.00173260179
68315,68326,71742,11,3416,2,36000,1.00322014052
68333,68340,71600,7,3260,2,36000,1.00214723926
68348,68355,71886,7,3531,2,36000,1.00198244123
68367,68373,72055,6,3682,2,36000,1.00162954916
68382,68388,72022,6,3634,2,36000,1.0016510732
68383,68394,71937,11,3543,2,36000,1.00310471352
68385,68404,71929,19,3525,2,36000,1.00539007092
68436,68443,72170,7,3727,2,36000,1.00187818621
68476,68482,72025,6,3543,2,36000,1.0016934801
68494,68500,72004,6,3504,2,36000,1.00171232877
68512,68518,71952,6,3434,2,36000,1.00174723355
68533,68539,71992,6,3453,2,36000,1.00173761946
68548,68554,72273,6,3719,2,36000,1.00161333692
68549,68560,72493,11,3933,2,36000,1.00279684719
68565,68571,71923,6,3352,2,36000,1.00178997613
68566,68577,72060,11,3483,2,36000,1.00315819696
68600,68606,71993,6,3387,2,36000,1.00177147919
68615,68621,72271,6,3650,2,36000,1.00164383562
68654,68661,72399,7,3738,2,36000,1.00187265918
68670,68676,72473,6,3797,2,36000,1.00158019489
68671,68682,72151,11,3469,2,36000,1.00317094263
68672,68687,72545,15,3858,2,36000,1.00388802488
68687,68693,72337,6,3644,2,36000,1.00164654226
68733,68740,72426,7,3686,2,36000,1.00189907759
68748,68754,72455,6,3701,2,36000,1.00162118346
68775,68782,72333,7,3551,2,36000,1.0019712757
68791,68797,72268,6,3471,2,36000,1.00172860847
68806,68812,72467,6,3655,2,36000,1.00164158687
68807,68818,72614,11,3796,2,36000,1.00289778714
68850,68856,72433,6,3577,2,36000,1.00167738328
68877,68883,72381,6,3498,2,36000,1.00171526587
68886,68897,68898,11,1,1,60,1.2
68886,68902,68907,16,5,1,60,2.1
68886,68908,68926,22,18,1,60,2.22222222222
68886,68892,68893,6,1,1,60,1.0
68887,68920,69054,33,134,1,300,1.24626865672
68887,68914,68953,27,39,1,60,1.69230769231
68887,68937,69476,50,539,1,1200,1.09276437848
68935,68943,72569,8,3626,2,36000,1.00220628792
68980,68986,73093,6,4107,2,36000,1.00146092038
69029,69035,72647,6,3612,2,36000,1.00166112957
69059,69065,72451,6,3386,2,36000,1.00177200236
69083,69089,72684,6,3595,2,36000,1.0016689847
69098,69104,73022,6,3918,2,36000,1.00153139357
69113,69119,72625,6,3506,2,36000,1.00171135197
69137,69143,72691,6,3548,2,36000,1.00169109357
69164,69171,72462,7,3291,2,36000,1.00212701307
69204,69210,72668,6,3458,2,36000,1.001735107
69219,69225,72731,6,3506,2,36000,1.00171135197
69221,69231,73275,10,4044,2,36000,1.00247279921
69302,69309,72849,7,3540,2,36000,1.00197740113
69357,69363,72750,6,3387,2,36000,1.00177147919
69381,69388,73016,7,3628,2,36000,1.00192943771
69400,69406,73171,6,3765,2,36000,1.0015936255
69401,69412,72774,11,3362,2,36000,1.00327186199
69416,69423,72818,7,3395,2,36000,1.00206185567
69489,69496,72944,7,3448,2,36000,1.00203016241
69933,69939,73765,6,3826,2,36000,1.00156821746
69984,69991,73543,7,3552,2,36000,1.00197072072
70215,70221,73806,6,3585,2,36000,1.00167364017
70312,70318,74456,6,4138,2,36000,1.00144997583
70556,70562,74146,6,3584,2,36000,1.00167410714
70668,70674,74475,6,3801,2,36000,1.00157853197
71026,71032,74830,6,3798,2,36000,1.00157977883
71096,71102,74601,6,3499,2,36000,1.00171477565
71127,71133,74885,6,3752,2,36000,1.00159914712
71128,71139,74868,11,3729,2,36000,1.00294985251
71168,71174,74870,6,3696,2,36000,1.00162337662
71332,71338,74645,6,3307,2,36000,1.00181433323
71347,71353,74793,6,3440,2,36000,1.00174418605
71447,71453,75207,6,3754,2,36000,1.00159829515
71546,71552,75052,6,3500,2,36000,1.00171428571
71602,71608,75060,6,3452,2,36000,1.00173812283
71617,71623,75092,6,3469,2,36000,1.00172960507
71618,71629,75082,11,3453,2,36000,1.00318563568
71638,71645,75446,7,3801,2,36000,1.00184162063
71655,71661,75450,6,3789,2,36000,1.00158353127
71656,71667,75095,11,3428,2,36000,1.00320886814
71657,71672,75161,15,3489,2,36000,1.00429922614
71673,71679,75285,6,3606,2,36000,1.00166389351
71748,71753,75407,5,3654,2,36000,1.00136836344
71749,71759,74943,10,3184,2,36000,1.00314070352
71786,71792,75270,6,3478,2,36000,1.00172512938
71872,71878,75647,6,3769,2,36000,1.0015919342
71887,71894,75296,7,3402,2,36000,1.00205761317
71924,71930,75648,6,3718,2,36000,1.00161377084
71940,71946,75637,6,3691,2,36000,1.00162557572
71941,71952,75648,11,3696,2,36000,1.00297619048
71942,71957,75269,15,3312,2,36000,1.00452898551
71957,71963,75517,6,3554,2,36000,1.0016882386
71983,71989,75450,6,3461,2,36000,1.001733603
72005,72012,75807,7,3795,2,36000,1.00184453228
72007,72018,75757,11,3739,2,36000,1.00294196309
72008,72023,75473,15,3450,2,36000,1.00434782609
72024,72030,75491,6,3461,2,36000,1.001733603
72039,72045,75585,6,3540,2,36000,1.00169491525
72058,72064,75415,6,3351,2,36000,1.0017905103
72073,72079,75609,6,3530,2,36000,1.00169971671
72125,72131,75551,6,3420,2,36000,1.00175438596
72154,72160,75844,6,3684,2,36000,1.0016286645
72172,72179,75515,7,3336,2,36000,1.00209832134
72270,72276,75929,6,3653,2,36000,1.00164248563
72285,72292,75701,7,3409,2,36000,1.00205338809
72287,72297,75856,10,3559,2,36000,1.00280977803
72339,72345,75974,6,3629,2,36000,1.00165334803
72340,72351,75854,11,3503,2,36000,1.00314016557
72383,72389,75786,6,3397,2,36000,1.00176626435
72402,72408,76084,6,3676,2,36000,1.00163220892
72427,72433,75879,6,3446,2,36000,1.00174114916
72442,72448,76070,6,3622,2,36000,1.00165654335
72458,72464,75953,6,3489,2,36000,1.00171969046
72459,72470,75954,11,3484,2,36000,1.00315729047
72477,72483,76263,6,3780,2,36000,1.00158730159
72478,72489,76297,11,3808,2,36000,1.00288865546
72479,72494,76189,15,3695,2,36000,1.00405953992
72495,72501,76017,6,3516,2,36000,1.00170648464
72547,72553,76140,6,3587,2,36000,1.001672707
72572,72578,76077,6,3499,2,36000,1.00171477565
72615,72621,76247,6,3626,2,36000,1.00165471594
72631,72636,76397,5,3761,2,36000,1.00132943366
72650,72656,76126,6,3470,2,36000,1.00172910663
72671,72677,76333,6,3656,2,36000,1.00164113786
72687,72693,76510,6,3817,2,36000,1.00157191512
72702,72708,76138,6,3430,2,36000,1.00174927114
72732,72739,76222,7,3483,2,36000,1.0020097617
72751,72757,76299,6,3542,2,36000,1.00169395822
72775,72781,76310,6,3529,2,36000,1.00170019836
72822,72828,76369,6,3541,2,36000,1.0016944366
72850,72857,76408,7,3551,2,36000,1.0019712757
72945,72951,76285,6,3334,2,36000,1.00179964007
73018,73024,76480,6,3456,2,36000,1.00173611111
73033,73039,76884,6,3845,2,36000,1.00156046814
73084,73108,73110,24,2,2,3540,2.6
73096,73102,76624,6,3522,2,36000,1.00170357751
73174,73180,76596,6,3416,2,36000,1.00175644028
73278,73285,76794,7,3509,2,36000,1.00199487033
73543,73549,77117,6,3568,2,36000,1.00168161435
73767,73773,77624,6,3851,2,36000,1.00155803687
73807,73814,77461,7,3647,2,36000,1.0019193858
74148,74154,77844,6,3690,2,36000,1.00162601626
74460,74466,78086,6,3620,2,36000,1.00165745856
74475,74481,77831,6,3350,2,36000,1.00179104478
74606,74612,78103,6,3491,2,36000,1.00171870524
74654,74660,78080,6,3420,2,36000,1.00175438596
74798,74804,78339,6,3535,2,36000,1.00169731259
74833,74839,78536,6,3697,2,36000,1.00162293752
74873,74879,78170,6,3291,2,36000,1.00182315406
74874,74885,78192,11,3307,2,36000,1.00332627759
74889,74896,78734,7,3838,2,36000,1.0018238666
74951,74957,78423,6,3466,2,36000,1.00173110214
75060,75066,79005,6,3939,2,36000,1.00152322925
75076,75083,78808,7,3725,2,36000,1.00187919463
75098,75104,78718,6,3614,2,36000,1.00166021029
75099,75110,78593,11,3483,2,36000,1.00315819696
75101,75115,78474,14,3359,2,36000,1.00416790712
75156,142719,143123,67563,404,128,3600,168.235148515
75170,75176,79145,6,3969,2,36000,1.0015117158
75216,75222,78714,6,3492,2,36000,1.00171821306
75281,75287,78764,6,3477,2,36000,1.00172562554
75282,75293,79041,11,3748,2,36000,1.00293489861
75301,75308,78866,7,3558,2,36000,1.00196739741
75303,75314,78647,11,3333,2,36000,1.00330033003
75418,75424,78687,6,3263,2,36000,1.00183879865
75419,75430,79003,11,3573,2,36000,1.0030786454
75450,75456,79077,6,3621,2,36000,1.00165700083
75452,75462,79057,10,3595,2,36000,1.00278164117
75453,75468,79084,15,3616,2,36000,1.00414823009
75479,75484,78867,5,3383,2,36000,1.00147797813
75496,75502,78833,6,3331,2,36000,1.00180126088
75515,143134,143287,67619,153,128,3600,442.954248366
75521,75527,79479,6,3952,2,36000,1.00151821862
75522,75533,79320,11,3787,2,36000,1.00290467388
75560,75566,79188,6,3622,2,36000,1.00165654335
75587,75593,79051,6,3458,2,36000,1.001735107
75612,75618,79168,6,3550,2,36000,1.00169014085
75647,75653,78745,6,3092,2,36000,1.00194049159
75664,75670,79345,6,3675,2,36000,1.00163265306
75665,75676,79217,11,3541,2,36000,1.0031064671
75666,75682,79121,16,3439,2,36000,1.00465251527
75702,75708,79241,6,3533,2,36000,1.00169827342
75759,75765,79281,6,3516,2,36000,1.00170648464
75787,75793,79278,6,3485,2,36000,1.00172166428
75809,75815,79239,6,3424,2,36000,1.00175233645
75846,75852,79701,6,3849,2,36000,1.00155884645
75863,75869,79277,6,3408,2,36000,1.00176056338
75864,75875,79356,11,3481,2,36000,1.00316001149
75880,75886,79577,6,3691,2,36000,1.00162557572
75932,75938,79624,6,3686,2,36000,1.00162778079
75955,75961,79325,6,3364,2,36000,1.00178359096
75957,75968,79314,11,3346,2,36000,1.00328750747
75978,75984,79617,6,3633,2,36000,1.00165152766
76018,76024,79491,6,3467,2,36000,1.00173060283
76071,76077,79578,6,3501,2,36000,1.00171379606
76087,76093,79837,6,3744,2,36000,1.0016025641
76088,76099,79643,11,3544,2,36000,1.00310383747
76126,76132,79725,6,3593,2,36000,1.00166991372
76142,76148,79834,6,3686,2,36000,1.00162778079
76143,76154,79597,11,3443,2,36000,1.00319488818
76191,76197,79813,6,3616,2,36000,1.00165929204
76223,76229,79638,6,3409,2,36000,1.00176004693
76249,76255,79708,6,3453,2,36000,1.00173761946
76264,76270,79628,6,3358,2,36000,1.00178677784
76286,76292,79678,6,3386,2,36000,1.00177200236
76302,76308,79936,6,3628,2,36000,1.00165380375
76304,76314,79786,10,3472,2,36000,1.00288018433
76319,76325,79656,6,3331,2,36000,1.00180126088
76334,76341,79761,7,3420,2,36000,1.00204678363
76373,76379,80328,6,3949,2,36000,1.00151937199
76398,76405,79989,7,3584,2,36000,1.001953125
76414,76420,79914,6,3494,2,36000,1.00171722954
76483,76490,80028,7,3538,2,36000,1.00197851894
76512,76519,79912,7,3393,2,36000,1.00206307103
76599,76605,80196,6,3591,2,36000,1.00167084378
76626,76632,79976,6,3344,2,36000,1.00179425837
76795,76801,80485,6,3684,2,36000,1.0016286645
76885,76892,80476,7,3584,2,36000,1.001953125
77118,77124,80707,6,3583,2,36000,1.00167457438
77465,77472,80936,7,3464,2,36000,1.00202078522
77626,77632,81164,6,3532,2,36000,1.00169875425
77834,77840,81910,6,4070,2,36000,1.00147420147
77849,77855,81274,6,3419,2,36000,1.00175489909
78083,78089,81507,6,3418,2,36000,1.00175541252
78098,78104,81651,6,3547,2,36000,1.00169157034
78114,78120,81530,6,3410,2,36000,1.00175953079
78170,78177,81624,7,3447,2,36000,1.00203075138
78195,78202,81718,7,3516,2,36000,1.00199089875
78340,78347,81928,7,3581,2,36000,1.00195476124
78425,78432,81748,7,3316,2,36000,1.00211097708
78475,78481,81916,6,3435,2,36000,1.00174672489
78539,78545,82368,6,3823,2,36000,1.00156944808
78594,78600,82054,6,3454,2,36000,1.00173711639
78650,78656,82285,6,3629,2,36000,1.00165334803
78688,78694,82080,6,3386,2,36000,1.00177200236
78718,78724,82071,6,3347,2,36000,1.00179265013
78720,78732,82428,12,3696,2,36000,1.00324675325
78736,78742,82262,6,3520,2,36000,1.00170454545
78751,78757,82255,6,3498,2,36000,1.00171526587
78767,78773,82760,6,3987,2,36000,1.0015048909
78810,78816,82045,6,3229,2,36000,1.00185816042
78835,78841,82443,6,3602,2,36000,1.00166574125
78869,78875,82366,6,3491,2,36000,1.00171870524
78870,78882,82320,12,3438,2,36000,1.0034904014
79005,79011,82260,6,3249,2,36000,1.00184672207
79006,79017,82542,11,3525,2,36000,1.00312056738
79045,79051,82534,6,3483,2,36000,1.00172265289
79060,79066,82753,6,3687,2,36000,1.0016273393
79061,79073,82721,12,3648,2,36000,1.00328947368
79080,79086,82611,6,3525,2,36000,1.00170212766
79095,79101,82639,6,3538,2,36000,1.00169587337
79123,79129,82958,6,3829,2,36000,1.00156698877
79148,79155,82780,7,3625,2,36000,1.00193103448
79170,79176,82620,6,3444,2,36000,1.00174216028
79191,79197,83075,6,3878,2,36000,1.00154718927
79219,79226,82759,7,3533,2,36000,1.00198131899
79242,79248,82686,6,3438,2,36000,1.0017452007
79243,79256,82979,13,3723,2,36000,1.00349180768
79279,79289,82942,10,3653,2,36000,1.00273747605
79280,79295,82683,15,3388,2,36000,1.00442739079
79296,79302,82646,6,3344,2,36000,1.00179425837
79314,79320,83140,6,3820,2,36000,1.00157068063
79330,79336,82881,6,3545,2,36000,1.00169252468
79331,79342,83079,11,3737,2,36000,1.0029435376
79346,79356,82724,10,3368,2,36000,1.00296912114
79362,79368,82610,6,3242,2,36000,1.00185070944
79480,79486,83108,6,3622,2,36000,1.00165654335
79495,79501,83004,6,3503,2,36000,1.00171281758
79578,79584,83146,6,3562,2,36000,1.00168444694
79579,79591,83404,12,3813,2,36000,1.00314712825
79601,79607,83011,6,3404,2,36000,1.0017626322
79620,79626,83523,6,3897,2,36000,1.00153964588
79635,79642,83125,7,3483,2,36000,1.0020097617
79637,79648,83845,11,4197,2,36000,1.0026209197
79652,79658,83244,6,3586,2,36000,1.00167317345
79654,79664,83181,10,3517,2,36000,1.00284333239
79669,79675,83351,6,3676,2,36000,1.00163220892
79684,79690,83258,6,3568,2,36000,1.00168161435
79702,79708,83276,6,3568,2,36000,1.00168161435
79717,79723,83535,6,3812,2,36000,1.00157397692
79732,79738,83131,6,3393,2,36000,1.0017683466
79763,79769,83156,6,3387,2,36000,1.00177147919
79787,79797,83393,10,3596,2,36000,1.00278086763
79815,79821,83306,6,3485,2,36000,1.00172166428
79836,79842,83205,6,3363,2,36000,1.00178412132
79851,79857,83573,6,3716,2,36000,1.0016146394
79916,79922,83349,6,3427,2,36000,1.00175080245
79917,79929,83457,12,3528,2,36000,1.00340136054
79938,79944,83453,6,3509,2,36000,1.00170988886
79978,79984,83460,6,3476,2,36000,1.00172612198
79995,80001,83532,6,3531,2,36000,1.00169923534
80028,80034,83580,6,3546,2,36000,1.00169204738
80198,80204,83809,6,3605,2,36000,1.00166435506
80330,80336,84164,6,3828,2,36000,1.00156739812
80479,80485,83952,6,3467,2,36000,1.00173060283
80494,80500,84117,6,3617,2,36000,1.00165883329
80710,80716,84512,6,3796,2,36000,1.00158061117
80937,80943,84172,6,3229,2,36000,1.00185816042
81168,81174,84855,6,3681,2,36000,1.00162999185
81274,81280,85943,6,4663,2,36000,1.00128672528
81509,81515,84890,6,3375,2,36000,1.00177777778
81533,81539,85227,6,3688,2,36000,1.00162689805
81626,81632,85334,6,3702,2,36000,1.00162074554
81656,81662,85116,6,3454,2,36000,1.00173711639
81722,81728,85080,6,3352,2,36000,1.00178997613
81752,81759,85335,7,3576,2,36000,1.00195749441
81912,81919,85553,7,3634,2,36000,1.00192625206
81928,81934,85459,6,3525,2,36000,1.00170212766
81929,81940,85446,11,3506,2,36000,1.00313747861
82045,82051,85566,6,3515,2,36000,1.00170697013
82060,82066,85400,6,3334,2,36000,1.00179964007
82075,82081,85559,6,3478,2,36000,1.00172512938
82090,82096,85865,6,3769,2,36000,1.0015919342
82258,82264,85760,6,3496,2,36000,1.00171624714
82273,82279,85859,6,3580,2,36000,1.00167597765
82274,82285,86017,11,3732,2,36000,1.00294748124
82289,82295,85909,6,3614,2,36000,1.00166021029
82323,82329,86278,6,3949,2,36000,1.00151937199
82369,82375,85758,6,3383,2,36000,1.00177357375
82370,82382,86048,12,3666,2,36000,1.00327332242
82431,82437,86033,6,3596,2,36000,1.00166852058
82446,82452,86281,6,3829,2,36000,1.00156698877
82537,82543,85954,6,3411,2,36000,1.00175901495
82552,82558,86176,6,3618,2,36000,1.00165837479
82610,82617,86038,7,3421,2,36000,1.00204618533
82626,82631,85975,5,3344,2,36000,1.00149521531
82627,82638,86315,11,3677,2,36000,1.00299156921
82642,82648,86046,6,3398,2,36000,1.00176574456
82657,82663,85900,6,3237,2,36000,1.00185356812
82684,82691,86169,7,3478,2,36000,1.00201265095
82700,82706,86336,6,3630,2,36000,1.00165289256
82724,82730,86438,6,3708,2,36000,1.00161812298
82725,82736,86241,11,3505,2,36000,1.00313837375
82756,82762,86393,6,3631,2,36000,1.00165243735
82771,82777,86051,6,3274,2,36000,1.00183262065
82773,82783,86419,10,3636,2,36000,1.00275027503
82788,82794,86296,6,3502,2,36000,1.00171330668
82885,82891,86293,6,3402,2,36000,1.00176366843
82943,82949,86660,6,3711,2,36000,1.00161681487
82961,82967,86710,6,3743,2,36000,1.00160299225
82980,82986,86572,6,3586,2,36000,1.00167317345
83004,83010,86653,6,3643,2,36000,1.00164699424
83019,83025,86676,6,3651,2,36000,1.00164338537
83077,83083,86575,6,3492,2,36000,1.00171821306
83093,83100,86510,7,3410,2,36000,1.00205278592
83108,83115,86457,7,3342,2,36000,1.00209455416
83128,83135,86807,7,3672,2,36000,1.00190631808
83144,83150,86596,6,3446,2,36000,1.00174114916
83145,83156,86504,11,3348,2,36000,1.00328554361
83161,83167,86671,6,3504,2,36000,1.00171232877
83163,83174,87509,11,4335,2,36000,1.00253748558
83186,83192,87068,6,3876,2,36000,1.00154798762
83207,83213,86659,6,3446,2,36000,1.00174114916
83247,83253,86898,6,3645,2,36000,1.00164609053
83262,83268,86531,6,3263,2,36000,1.00183879865
83277,83283,86741,6,3458,2,36000,1.001735107
83307,83313,86832,6,3519,2,36000,1.00170502984
83350,83356,86952,6,3596,2,36000,1.00166852058
83365,83371,87055,6,3684,2,36000,1.0016286645
83395,83401,86757,6,3356,2,36000,1.00178784267
83406,86193,87158,2787,965,2,432000,3.88808290155
83410,83416,87388,6,3972,2,36000,1.00151057402
83455,83462,87062,7,3600,2,36000,1.00194444444
83471,83477,86741,6,3264,2,36000,1.00183823529
83472,83484,86873,12,3389,2,36000,1.00354086751
83524,83530,87237,6,3707,2,36000,1.00161855948
83539,83545,87025,6,3480,2,36000,1.00172413793
83541,83552,86809,11,3257,2,36000,1.00337734111
83574,83580,87049,6,3469,2,36000,1.00172960507
83589,83595,87028,6,3433,2,36000,1.0017477425
83809,83815,87268,6,3453,2,36000,1.00173761946
83846,83852,87274,6,3422,2,36000,1.00175336061
83953,83959,87324,6,3365,2,36000,1.00178306092
84119,84125,87532,6,3407,2,36000,1.00176108013
84167,84173,87584,6,3411,2,36000,1.00175901495
84182,84188,87676,6,3488,2,36000,1.00172018349
84516,84522,87967,6,3445,2,36000,1.00174165457
84858,84864,88251,6,3387,2,36000,1.00177147919
84893,84899,88226,6,3327,2,36000,1.00180342651
85081,85088,88651,7,3563,2,36000,1.00196463654
85117,85123,88439,6,3316,2,36000,1.00180940893
85228,85235,88954,7,3719,2,36000,1.0018822264
85335,85341,89141,6,3800,2,36000,1.00157894737
85336,85348,89085,12,3737,2,36000,1.00321113192
85401,85407,88745,6,3338,2,36000,1.00179748352
85449,85456,88730,7,3274,2,36000,1.00213805742
85465,85470,89133,5,3663,2,36000,1.00136500137
85557,85564,89241,7,3677,2,36000,1.00190372586
85573,85579,89322,6,3743,2,36000,1.00160299225
85574,85585,88992,11,3407,2,36000,1.0032286469
85761,85771,89517,10,3746,2,36000,1.00266951415
85762,85776,89444,14,3668,2,36000,1.00381679389
85863,85869,89330,6,3461,2,36000,1.001733603
85878,85884,89502,6,3618,2,36000,1.00165837479
85902,85908,89244,6,3336,2,36000,1.00179856115
85917,85923,89569,6,3646,2,36000,1.00164563906
85944,85950,89534,6,3584,2,36000,1.00167410714
85959,85965,89510,6,3545,2,36000,1.00169252468
85977,85984,89617,7,3633,2,36000,1.00192678227
86020,86026,89230,6,3204,2,36000,1.00187265918
86035,86041,89489,6,3448,2,36000,1.00174013921
86051,86057,89698,6,3641,2,36000,1.00164789893
86052,86064,89495,12,3431,2,36000,1.00349752259
86054,86069,89700,15,3631,2,36000,1.00413109336
86055,86074,89682,19,3608,2,36000,1.00526607539
86172,86178,89643,6,3465,2,36000,1.00173160173
86187,86198,89540,11,3342,2,36000,1.00329144225
86241,86248,89700,7,3452,2,36000,1.00202780997
86281,86287,89861,6,3574,2,36000,1.00167879127
86282,86294,89831,12,3537,2,36000,1.00339270568
86298,86304,89802,6,3498,2,36000,1.00171526587
86299,86310,89869,11,3559,2,36000,1.00309075583
86317,86324,89587,7,3263,2,36000,1.00214526509
86339,86345,89846,6,3501,2,36000,1.00171379606
86396,86403,90018,7,3615,2,36000,1.00193637621
86421,86427,90070,6,3643,2,36000,1.00164699424
86439,86445,89932,6,3487,2,36000,1.0017206768
86462,86468,90340,6,3872,2,36000,1.00154958678
86505,86511,89998,6,3487,2,36000,1.0017206768
86520,86526,89941,6,3415,2,36000,1.00175695461
86535,86542,90406,7,3864,2,36000,1.0018115942
86574,86580,90357,6,3777,2,36000,1.00158856235
86589,86595,90197,6,3602,2,36000,1.00166574125
86604,86610,90146,6,3536,2,36000,1.00169683258
86656,86662,90295,6,3633,2,36000,1.00165152766
86671,86678,90136,7,3458,2,36000,1.0020242915
86673,86684,90527,11,3843,2,36000,1.00286234712
86674,86690,90285,16,3595,2,36000,1.00445062587
86689,86697,89739,8,3042,2,36000,1.00262984878
86713,86719,89989,6,3270,2,36000,1.00183486239
86744,86750,89973,6,3223,2,36000,1.00186161961
86745,86757,90125,12,3368,2,36000,1.00356294537
86760,86766,90436,6,3670,2,36000,1.00163487738
86809,86815,90213,6,3398,2,36000,1.00176574456
86824,86830,90448,6,3618,2,36000,1.00165837479
86839,86845,90324,6,3479,2,36000,1.00172463352
86875,86882,90322,7,3440,2,36000,1.00203488372
86900,86906,90415,6,3509,2,36000,1.00170988886
86954,86960,90641,6,3681,2,36000,1.00162999185
87028,87034,90797,6,3763,2,36000,1.0015944725
87029,87042,90735,13,3693,2,36000,1.0035201733
87050,87056,90493,6,3437,2,36000,1.00174570847
87066,87072,90580,6,3508,2,36000,1.00171037628
87067,87079,90559,12,3480,2,36000,1.00344827586
87082,87088,90904,6,3816,2,36000,1.00157232704
87238,87244,90593,6,3349,2,36000,1.00179157958
87271,87277,91093,6,3816,2,36000,1.00157232704
87286,87292,90671,6,3379,2,36000,1.00177567328
87326,87332,90835,6,3503,2,36000,1.00171281758
87390,87396,91112,6,3716,2,36000,1.0016146394
87512,87518,91107,6,3589,2,36000,1.00167177487
87533,87539,91443,6,3904,2,36000,1.00153688525
87585,87591,91054,6,3463,2,36000,1.00173260179
87673,87679,91362,6,3683,2,36000,1.00162910671
87971,87977,91790,6,3813,2,36000,1.00157356412
88228,88235,91920,7,3685,2,36000,1.00189959294
88253,88259,91941,6,3682,2,36000,1.00162954916
88439,88446,92777,7,4331,2,36000,1.00161625491
88649,88656,92384,7,3728,2,36000,1.0018776824
88732,88738,92483,6,3745,2,36000,1.00160213618
88747,88753,92430,6,3677,2,36000,1.00163176503
88954,88960,92709,6,3749,2,36000,1.00160042678
88984,89244,89333,260,89,14,7980,3.92134831461
88994,89000,92535,6,3535,2,36000,1.00169731259
89089,89095,92897,6,3802,2,36000,1.00157811678
89135,89141,93040,6,3899,2,36000,1.00153885612
89149,89156,92934,7,3778,2,36000,1.00185283219
89232,89238,92641,6,3403,2,36000,1.00176315016
89247,89253,92819,6,3566,2,36000,1.00168255749
89248,89259,92661,11,3402,2,36000,1.00323339212
89325,89331,92820,6,3489,2,36000,1.00171969046
89331,89337,89342,6,5,1,900,1.1
89339,89345,89442,6,97,14,7980,1.0618556701
89340,89351,92698,11,3347,2,36000,1.00328652525
89440,89446,89452,6,6,1,900,1.2
89445,89452,92847,7,3395,2,36000,1.00206185567
89449,89458,89549,9,91,14,7980,1.0989010989
89491,89497,92949,6,3452,2,36000,1.00173812283
89507,89513,92842,6,3329,2,36000,1.00180234305
89508,89519,93111,11,3592,2,36000,1.0030623608
89524,89530,92871,6,3341,2,36000,1.0017958695
89525,89537,93202,12,3665,2,36000,1.00327421555
89540,89546,93067,6,3521,2,36000,1.00170406135
89541,89552,93144,11,3592,2,36000,1.0030623608
89547,89559,89565,12,6,1,900,1.8
89557,89566,89671,9,105,14,7980,1.08571428571
89570,89576,93089,6,3513,2,36000,1.00170794193
89588,89594,93023,6,3429,2,36000,1.00174978128
89619,89625,93003,6,3378,2,36000,1.00177619893
89646,89653,93102,7,3449,2,36000,1.00202957379
89669,89676,89682,7,6,1,900,1.3
89677,89683,89787,6,104,14,7980,1.05769230769
89683,89690,93318,7,3628,2,36000,1.00192943771
89702,89708,93504,6,3796,2,36000,1.00158061117
89703,89715,93131,12,3416,2,36000,1.00351288056
89704,89720,93141,16,3421,2,36000,1.00467699503
89741,89747,92990,6,3243,2,36000,1.00185013876
89785,89792,89798,7,6,1,900,1.3
89793,89799,89957,6,158,14,7980,1.03797468354
89803,89809,93514,6,3705,2,36000,1.0016194332
89833,89839,93638,6,3799,2,36000,1.00157936299
89848,89855,93771,7,3916,2,36000,1.0017875383
89864,89870,93505,6,3635,2,36000,1.00165061898
89879,89885,93424,6,3539,2,36000,1.00169539418
89933,89940,93609,7,3669,2,36000,1.00190787681
89948,89955,93464,7,3509,2,36000,1.00199487033
89955,89961,89966,6,5,1,900,1.1
89962,89968,90060,6,92,14,7980,1.0652173913
89976,89982,93435,6,3453,2,36000,1.00173761946
89991,89997,93742,6,3745,2,36000,1.00160213618
90006,90012,93593,6,3581,2,36000,1.00167550963
90021,90027,93877,6,3850,2,36000,1.00155844156
90058,90064,90065,6,1,1,900,1.0
90070,90076,93667,6,3591,2,36000,1.00167084378
90128,90134,93554,6,3420,2,36000,1.00175438596
90143,90149,93698,6,3549,2,36000,1.00169061708
90157,90164,93856,7,3692,2,36000,1.00189599133
90200,90206,93830,6,3624,2,36000,1.00165562914
90215,90221,93866,6,3645,2,36000,1.00164609053
90285,90291,93577,6,3286,2,36000,1.00182592818
90300,90306,94002,6,3696,2,36000,1.00162337662
90324,90330,94165,6,3835,2,36000,1.00156453716
90326,90336,93666,10,3330,2,36000,1.003003003
90341,90347,94028,6,3681,2,36000,1.00162999185
90359,90365,93817,6,3452,2,36000,1.00173812283
90408,90414,94098,6,3684,2,36000,1.0016286645
90423,90429,94096,6,3667,2,36000,1.00163621489
90438,90444,93834,6,3390,2,36000,1.0017699115
90453,90459,94323,6,3864,2,36000,1.00155279503
90495,90501,94034,6,3533,2,36000,1.00169827342
90529,90535,94312,6,3777,2,36000,1.00158856235
90559,90565,94119,6,3554,2,36000,1.0016882386
90583,90589,94587,6,3998,2,36000,1.00150075038
90598,90604,93909,6,3305,2,36000,1.00181543116
90644,90650,94033,6,3383,2,36000,1.00177357375
90674,90680,94451,6,3771,2,36000,1.0015910899
90738,90744,94233,6,3489,2,36000,1.00171969046
90799,90805,94594,6,3789,2,36000,1.00158353127
90835,90841,94639,6,3798,2,36000,1.00157977883
90905,90911,94402,6,3491,2,36000,1.00171870524
91059,91065,94623,6,3558,2,36000,1.00168634064
91095,91101,94887,6,3786,2,36000,1.00158478605
91110,91117,94900,7,3783,2,36000,1.00185038329
91126,91132,94599,6,3467,2,36000,1.00173060283
91362,91368,95231,6,3863,2,36000,1.001553197
91445,91451,95135,6,3684,2,36000,1.0016286645
91794,91800,95494,6,3694,2,36000,1.00162425555
91922,91928,95597,6,3669,2,36000,1.00163532298
91943,91949,95457,6,3508,2,36000,1.00171037628
92385,92391,96122,6,3731,2,36000,1.00160814795
92433,92439,96049,6,3610,2,36000,1.00166204986
92483,92489,95792,6,3303,2,36000,1.00181653043
92539,92546,95948,7,3402,2,36000,1.00205761317
92643,92649,96336,6,3687,2,36000,1.0016273393
92664,92671,96860,7,4189,2,36000,1.00167104321
92699,92705,96272,6,3567,2,36000,1.00168208579
92714,92720,96269,6,3549,2,36000,1.00169061708
92779,92786,96438,7,3652,2,36000,1.00191675794
92821,92828,96630,7,3802,2,36000,1.00184113624
92823,92835,96283,12,3448,2,36000,1.00348027842
92844,92850,96520,6,3670,2,36000,1.00163487738
92863,92869,96196,6,3327,2,36000,1.00180342651
92879,92886,96541,7,3655,2,36000,1.00191518468
92901,92908,96260,7,3352,2,36000,1.00208830549
92935,92941,96622,6,3681,2,36000,1.00162999185
92950,92956,97068,6,4112,2,36000,1.00145914397
92997,93002,96515,5,3513,2,36000,1.00142328494
93012,93018,96107,6,3089,2,36000,1.00194237617
93027,93033,96760,6,3727,2,36000,1.00160987389
93042,93048,96543,6,3495,2,36000,1.0017167382
93068,93074,96814,6,3740,2,36000,1.00160427807
93091,93097,96846,6,3749,2,36000,1.00160042678
93106,93112,96525,6,3413,2,36000,1.00175798418
93122,93128,96475,6,3347,2,36000,1.00179265013
93137,93143,96578,6,3435,2,36000,1.00174672489
93152,93158,96849,6,3691,2,36000,1.00162557572
93153,93164,96490,11,3326,2,36000,1.00330727601
93202,93208,96812,6,3604,2,36000,1.00166481687
93321,93327,96739,6,3412,2,36000,1.00175849941
93424,93430,97031,6,3601,2,36000,1.00166620383
93439,93446,96989,7,3543,2,36000,1.00197572679
93467,93473,96935,6,3462,2,36000,1.00173310225
93507,93513,97037,6,3524,2,36000,1.00170261067
93508,93520,97112,12,3592,2,36000,1.00334075724
93523,93529,97117,6,3588,2,36000,1.0016722408
93557,93563,97343,6,3780,2,36000,1.00158730159
93578,93584,96994,6,3410,2,36000,1.00175953079
93596,93602,96926,6,3324,2,36000,1.00180505415
93612,93618,97182,6,3564,2,36000,1.00168350168
93639,93645,97460,6,3815,2,36000,1.00157273919
93667,93673,97511,6,3838,2,36000,1.00156331423
93682,93688,97350,6,3662,2,36000,1.00163844894
93700,93706,97038,6,3332,2,36000,1.00180072029
93743,93749,97269,6,3520,2,36000,1.00170454545
93773,93779,97405,6,3626,2,36000,1.00165471594
93818,93825,97218,7,3393,2,36000,1.00206307103
93834,93840,97134,6,3294,2,36000,1.00182149362
93835,93846,97344,11,3498,2,36000,1.00314465409
93856,93863,97558,7,3695,2,36000,1.00189445196
93872,93878,97578,6,3700,2,36000,1.00162162162
93886,93893,97459,7,3566,2,36000,1.00196298374
93911,93917,97549,6,3632,2,36000,1.00165198238
94006,94012,97323,6,3311,2,36000,1.00181214135
94030,94036,97647,6,3611,2,36000,1.00166158959
94045,94051,97607,6,3556,2,36000,1.00168728909
94046,94057,97565,11,3508,2,36000,1.00313568985
94098,94105,97584,7,3479,2,36000,1.00201207243
94100,94111,97670,11,3559,2,36000,1.00309075583
94121,94127,98035,6,3908,2,36000,1.00153531218
94167,94173,97452,6,3279,2,36000,1.00182982617
94236,94243,97687,7,3444,2,36000,1.00203252033
94314,94320,97638,6,3318,2,36000,1.00180831826
94328,94334,97862,6,3528,2,36000,1.00170068027
94405,94411,97856,6,3445,2,36000,1.00174165457
94453,94459,97852,6,3393,2,36000,1.0017683466
94588,94594,97916,6,3322,2,36000,1.00180614088
94603,94609,97877,6,3268,2,36000,1.00183598531
94604,94616,98249,12,3633,2,36000,1.00330305533
94626,94632,98291,6,3659,2,36000,1.00163979229
94641,94647,98016,6,3369,2,36000,1.0017809439
94888,94894,98302,6,3408,2,36000,1.00176056338
94903,94909,98515,6,3606,2,36000,1.00166389351
95137,95143,98736,6,3593,2,36000,1.00166991372
95232,95238,98784,6,3546,2,36000,1.00169204738
95460,95466,99081,6,3615,2,36000,1.00165975104
95497,95503,99131,6,3628,2,36000,1.00165380375
95599,95605,99198,6,3593,2,36000,1.00166991372
95794,95800,99141,6,3341,2,36000,1.0017958695
95951,95957,99774,6,3817,2,36000,1.00157191512
96051,96057,99326,6,3269,2,36000,1.00183542368
96111,96117,99752,6,3635,2,36000,1.00165061898
96127,96133,99647,6,3514,2,36000,1.00170745589
96197,96203,99782,6,3579,2,36000,1.00167644593
96262,96268,99812,6,3544,2,36000,1.00169300226
96278,96283,99766,5,3483,2,36000,1.00143554407
96279,96290,99999,11,3709,2,36000,1.00296575896
96294,96301,100302,7,4001,2,36000,1.00174956261
96338,96344,100292,6,3948,2,36000,1.00151975684
96441,96447,100098,6,3651,2,36000,1.00164338537
96479,96485,100221,6,3736,2,36000,1.00160599572
96495,96501,100072,6,3571,2,36000,1.00168020162
96517,96523,99913,6,3390,2,36000,1.0017699115
96535,96541,100193,6,3652,2,36000,1.00164293538
96536,96547,100084,11,3537,2,36000,1.00310998021
96553,96559,100198,6,3639,2,36000,1.00164880462
96554,96566,100228,12,3662,2,36000,1.00327689787
96579,96585,100466,6,3881,2,36000,1.0015459933
96623,96629,100398,6,3769,2,36000,1.0015919342
96638,96644,100107,6,3463,2,36000,1.00173260179
96743,96749,100233,6,3484,2,36000,1.00172215844
96764,96770,100581,6,3811,2,36000,1.00157438992
96814,96820,100276,6,3456,2,36000,1.00173611111
96829,96835,100409,6,3574,2,36000,1.00167879127
96847,96853,100377,6,3524,2,36000,1.00170261067
96862,96868,100169,6,3301,2,36000,1.00181763102
96863,96874,100372,11,3498,2,36000,1.00314465409
96928,96934,100798,6,3864,2,36000,1.00155279503
96943,96949,100516,6,3567,2,36000,1.00168208579
96992,96999,100602,7,3603,2,36000,1.00194282542
97009,97015,100663,6,3648,2,36000,1.00164473684
97034,97040,100791,6,3751,2,36000,1.00159957345
97052,97058,100837,6,3779,2,36000,1.00158772162
97053,97064,100675,11,3611,2,36000,1.00304624758
97071,97077,100677,6,3600,2,36000,1.00166666667
97117,97123,100379,6,3256,2,36000,1.00184275184
97119,97130,100623,11,3493,2,36000,1.00314915545
97137,97143,100743,6,3600,2,36000,1.00166666667
97183,97189,100558,6,3369,2,36000,1.0017809439
97220,97227,100828,7,3601,2,36000,1.00194390447
97273,97279,100781,6,3502,2,36000,1.00171330668
97325,97331,100591,6,3260,2,36000,1.0018404908
97349,97355,100933,6,3578,2,36000,1.00167691448
97351,97362,100988,11,3626,2,36000,1.00303364589
97368,97375,100827,7,3452,2,36000,1.00202780997
97411,97417,101097,6,3680,2,36000,1.00163043478
97454,97460,101248,6,3788,2,36000,1.00158394931
97470,97476,100622,6,3146,2,36000,1.00190718373
97472,97482,100792,10,3310,2,36000,1.00302114804
97516,97522,101253,6,3731,2,36000,1.00160814795
97553,97559,101257,6,3698,2,36000,1.00162249865
97573,97579,101123,6,3544,2,36000,1.00169300226
97574,97585,101371,11,3786,2,36000,1.0029054411
97591,97597,101379,6,3782,2,36000,1.00158646219
97592,97603,101321,11,3718,2,36000,1.00295857988
97608,97615,100997,7,3382,2,36000,1.00206978119
97641,97647,101098,6,3451,2,36000,1.00173862649
97659,97665,101144,6,3479,2,36000,1.00172463352
97677,97683,101125,6,3442,2,36000,1.00174317257
97693,97699,101028,6,3329,2,36000,1.00180234305
97854,97860,101334,6,3474,2,36000,1.00172711572
97871,97877,101706,6,3829,2,36000,1.00156698877
97872,97883,101693,11,3810,2,36000,1.00288713911
97888,97894,101661,6,3767,2,36000,1.0015927794
97920,97927,101477,7,3550,2,36000,1.00197183099
98017,98024,101670,7,3646,2,36000,1.00191991223
98038,98044,101494,6,3450,2,36000,1.00173913043
98250,98256,102044,6,3788,2,36000,1.00158394931
98291,98297,101729,6,3432,2,36000,1.00174825175
98308,98314,102222,6,3908,2,36000,1.00153531218
98516,98523,102255,7,3732,2,36000,1.00187566988
98738,98744,102565,6,3821,2,36000,1.00157026956
98789,98795,102212,6,3417,2,36000,1.00175592625
99086,99092,102777,6,3685,2,36000,1.00162822252
99135,99141,102754,6,3613,2,36000,1.0016606698
99152,99158,102939,6,3781,2,36000,1.00158688178
99201,99207,102704,6,3497,2,36000,1.00171575636
99328,99334,103158,6,3824,2,36000,1.00156903766
99649,99655,103494,6,3839,2,36000,1.00156290701
99754,99760,103199,6,3439,2,36000,1.00174469322
99771,99777,103110,6,3333,2,36000,1.00180018002
99789,99794,103260,5,3466,2,36000,1.00144258511
99790,99800,103317,10,3517,2,36000,1.00284333239
99816,99822,103342,6,3520,2,36000,1.00170454545
99916,99922,103531,6,3609,2,36000,1.00166251039
100000,100006,103312,6,3306,2,36000,1.00181488203
100074,100080,103615,6,3535,2,36000,1.00169731259
100091,100097,103999,6,3902,2,36000,1.00153767299
100108,100114,103559,6,3445,2,36000,1.00174165457
100109,100120,103692,11,3572,2,36000,1.00307950728
100174,100180,103776,6,3596,2,36000,1.00166852058
100196,100202,103550,6,3348,2,36000,1.0017921147
100214,100220,103555,6,3335,2,36000,1.00179910045
100232,100238,103907,6,3669,2,36000,1.00163532298
100233,100244,104025,11,3781,2,36000,1.00290928326
100250,100256,103601,6,3345,2,36000,1.00179372197
100279,100285,103815,6,3530,2,36000,1.00169971671
100297,100307,103844,10,3537,2,36000,1.00282725474
100312,100318,104270,6,3952,2,36000,1.00151821862
100378,100384,103608,6,3224,2,36000,1.00186104218
100380,100390,104319,10,3929,2,36000,1.00254517689
100398,100404,103857,6,3453,2,36000,1.00173761946
100399,100411,104083,12,3672,2,36000,1.00326797386
100417,100423,104189,6,3766,2,36000,1.00159320234
100470,100476,104183,6,3707,2,36000,1.00161855948
100519,100525,104175,6,3650,2,36000,1.00164383562
100558,100565,103989,7,3424,2,36000,1.00204439252
100582,100588,103904,6,3316,2,36000,1.00180940893
100598,100604,103989,6,3385,2,36000,1.00177252585
100614,100620,104218,6,3598,2,36000,1.00166759311
100634,100641,104394,7,3753,2,36000,1.00186517453
100636,100647,104011,11,3364,2,36000,1.00326991677
100669,100675,104265,6,3590,2,36000,1.00167130919
100687,100693,104242,6,3549,2,36000,1.00169061708
100688,100699,104328,11,3629,2,36000,1.00303113805
100749,100755,104120,6,3365,2,36000,1.00178306092
100785,100791,104594,6,3803,2,36000,1.00157770181
100802,100808,104360,6,3552,2,36000,1.00168918919
100803,100815,104355,12,3540,2,36000,1.00338983051
100805,100820,104446,15,3626,2,36000,1.00413678985
100827,100833,104321,6,3488,2,36000,1.00172018349
100828,100840,104237,12,3397,2,36000,1.0035325287
100845,100851,104283,6,3432,2,36000,1.00174825175
100938,100944,104364,6,3420,2,36000,1.00175438596
100990,100996,104451,6,3455,2,36000,1.0017366136
101007,101014,104933,7,3919,2,36000,1.00178616994
101035,101040,104788,5,3748,2,36000,1.00133404482
101102,101108,104591,6,3483,2,36000,1.00172265289
101103,101114,104635,11,3521,2,36000,1.00312411247
101127,101133,104724,6,3591,2,36000,1.00167084378
101129,101139,104633,10,3494,2,36000,1.00286204923
101147,101153,104451,6,3298,2,36000,1.00181928441
101253,101260,104583,7,3323,2,36000,1.00210653024
101255,101266,105016,11,3750,2,36000,1.00293333333
101272,101278,104681,6,3403,2,36000,1.00176315016
101327,101334,104675,7,3341,2,36000,1.00209518108
101344,101350,104912,6,3562,2,36000,1.00168444694
101375,101381,104769,6,3388,2,36000,1.00177095632
101392,101398,104951,6,3553,2,36000,1.00168871376
101480,101486,104902,6,3416,2,36000,1.00175644028
101497,101504,104897,7,3393,2,36000,1.00206307103
101663,101669,105160,6,3491,2,36000,1.00171870524
101679,101685,105129,6,3444,2,36000,1.00174216028
101696,101702,105265,6,3563,2,36000,1.00168397418
101714,101720,105039,6,3319,2,36000,1.00180777343
101731,101738,105501,7,3763,2,36000,1.00186021791
102045,102051,105469,6,3418,2,36000,1.00175541252
102214,102220,105774,6,3554,2,36000,1.0016882386
102231,102237,105919,6,3682,2,36000,1.00162954916
102261,102267,106004,6,3737,2,36000,1.00160556596
102567,102573,106033,6,3460,2,36000,1.00173410405
102707,102713,106447,6,3734,2,36000,1.00160685592
102755,102761,106496,6,3735,2,36000,1.0016064257
102780,102786,106551,6,3765,2,36000,1.0015936255
102945,102951,106458,6,3507,2,36000,1.00171086399
103078,103084,103216,6,132,1,1800,1.04545454545
103115,103121,106717,6,3596,2,36000,1.00166852058
103163,103169,107051,6,3882,2,36000,1.00154559505
103203,103210,106593,7,3383,2,36000,1.00206916938
103268,103274,106845,6,3571,2,36000,1.00168020162
103318,103324,106773,6,3449,2,36000,1.00173963468
103320,103330,106823,10,3493,2,36000,1.00286286859
103344,103351,106879,7,3528,2,36000,1.00198412698
103496,103502,106986,6,3484,2,36000,1.00172215844
103536,103542,107169,6,3627,2,36000,1.00165425972
103555,103561,107339,6,3778,2,36000,1.00158814187
103556,103567,106851,11,3284,2,36000,1.00334957369
103574,103580,106982,6,3402,2,36000,1.00176366843
103582,103588,103726,6,138,1,1800,1.04347826087
103607,103613,107107,6,3494,2,36000,1.00171722954
103624,103629,107194,5,3565,2,36000,1.00140252454
103625,103636,107181,11,3545,2,36000,1.00310296192
103697,103702,107151,5,3449,2,36000,1.00144969556
103779,103785,107212,6,3427,2,36000,1.00175080245
103817,103823,107561,6,3738,2,36000,1.00160513644
103847,103853,107339,6,3486,2,36000,1.0017211704
103864,103870,107270,6,3400,2,36000,1.00176470588
103907,103914,107710,7,3796,2,36000,1.00184404636
103909,103920,107359,11,3439,2,36000,1.00319860425
103996,104003,107455,7,3452,2,36000,1.00202780997
103998,104009,107813,11,3804,2,36000,1.00289169295
104015,104021,107420,6,3399,2,36000,1.00176522507
104017,104027,107206,10,3179,2,36000,1.00314564328
104034,104040,107519,6,3479,2,36000,1.00172463352
104087,104093,108035,6,3942,2,36000,1.00152207002
104121,104127,107480,6,3353,2,36000,1.00178944229
104180,104186,107802,6,3616,2,36000,1.00165929204
104197,104203,107821,6,3618,2,36000,1.00165837479
104198,104209,107529,11,3320,2,36000,1.00331325301
104222,104228,107542,6,3314,2,36000,1.00181050091
104239,104245,107815,6,3570,2,36000,1.00168067227
104255,104261,107853,6,3592,2,36000,1.00167037862
104274,104281,107956,7,3675,2,36000,1.0019047619
104276,104287,107975,11,3688,2,36000,1.00298264642
104293,104299,107833,6,3534,2,36000,1.00169779287
104323,104329,107655,6,3326,2,36000,1.00180396873
104324,104335,107757,11,3422,2,36000,1.00321449445
104342,104348,107907,6,3559,2,36000,1.00168586682
104360,104366,107836,6,3470,2,36000,1.00172910663
104362,104372,107538,10,3166,2,36000,1.0031585597
104378,104384,108403,6,4019,2,36000,1.00149290868
104398,104404,108232,6,3828,2,36000,1.00156739812
104450,104456,108336,6,3880,2,36000,1.00154639175
104466,104472,108041,6,3569,2,36000,1.00168114318
104468,104478,108090,10,3612,2,36000,1.00276854928
104590,104596,108196,6,3600,2,36000,1.00166666667
104607,104613,107923,6,3310,2,36000,1.00181268882
104608,104619,108094,11,3475,2,36000,1.00316546763
104640,104646,108154,6,3508,2,36000,1.00171037628
104642,104652,108299,10,3647,2,36000,1.00274197971
104680,104686,108284,6,3598,2,36000,1.00166759311
104695,104701,108595,6,3894,2,36000,1.00154083205
104703,104709,105300,6,591,1,1800,1.01015228426
104727,104734,108290,7,3556,2,36000,1.00196850394
104772,104778,107980,6,3202,2,36000,1.00187382886
104789,104795,108419,6,3624,2,36000,1.00165562914
104898,104904,108358,6,3454,2,36000,1.00173711639
104918,104924,108360,6,3436,2,36000,1.00174621653
104920,104930,108441,10,3511,2,36000,1.0028481914
104937,104943,108746,6,3803,2,36000,1.00157770181
104953,104959,108505,6,3546,2,36000,1.00169204738
105019,105025,108887,6,3862,2,36000,1.00155359917
105043,105050,108708,7,3658,2,36000,1.001913614
105130,105136,108849,6,3713,2,36000,1.00161594398
105161,105167,108936,6,3769,2,36000,1.0015919342
105267,105273,108929,6,3656,2,36000,1.00164113786
105473,105479,108869,6,3390,2,36000,1.0017699115
105505,105511,109020,6,3509,2,36000,1.00170988886
105775,105781,109370,6,3589,2,36000,1.00167177487
105919,105925,109401,6,3476,2,36000,1.00172612198
106009,106015,109753,6,3738,2,36000,1.00160513644
106037,106043,109371,6,3328,2,36000,1.00180288462
106449,106455,110044,6,3589,2,36000,1.00167177487
106466,106472,110092,6,3620,2,36000,1.00165745856
106497,106503,109882,6,3379,2,36000,1.00177567328
106556,106562,109948,6,3386,2,36000,1.00177200236
106594,106601,110199,7,3598,2,36000,1.00194552529
106718,106725,110260,7,3535,2,36000,1.00198019802
106778,106784,110508,6,3724,2,36000,1.00161117078
106803,106809,106937,6,128,1,1800,1.046875
106825,106831,110659,6,3828,2,36000,1.00156739812
106847,106854,110039,7,3185,2,36000,1.0021978022
106865,106871,110442,6,3571,2,36000,1.00168020162
106882,106888,110320,6,3432,2,36000,1.00174825175
106985,106991,110498,6,3507,2,36000,1.00171086399
107001,107007,110455,6,3448,2,36000,1.00174013921
107053,107059,110523,6,3464,2,36000,1.00173210162
107090,107096,107152,6,56,1,1800,1.10714285714
107112,107119,112161,7,5042,2,36000,1.00138833796
107151,107162,111033,11,3871,2,36000,1.00284164299
107171,107178,110788,7,3610,2,36000,1.00193905817
107189,107196,110728,7,3532,2,36000,1.00198187995
107208,107214,110566,6,3352,2,36000,1.00178997613
107210,107220,110900,10,3680,2,36000,1.0027173913
107226,107232,110929,6,3697,2,36000,1.00162293752
107273,107279,110809,6,3530,2,36000,1.00169971671
107294,107300,107435,6,135,1,1800,1.04444444444
107342,107348,111004,6,3656,2,36000,1.00164113786
107344,107354,110741,10,3387,2,36000,1.00295246531
107360,107366,110816,6,3450,2,36000,1.00173913043
107423,107429,111083,6,3654,2,36000,1.00164203612
107458,107464,111191,6,3727,2,36000,1.00160987389
107483,107489,110947,6,3458,2,36000,1.001735107
107500,107506,107612,6,106,1,1800,1.05660377358
107524,107530,111685,6,4155,2,36000,1.00144404332
107540,107546,111262,6,3716,2,36000,1.0016146394
107542,107553,111107,11,3554,2,36000,1.00309510411
107560,107566,111285,6,3719,2,36000,1.00161333692
107576,107582,111273,6,3691,2,36000,1.00162557572
107659,107665,111345,6,3680,2,36000,1.00163043478
107714,107720,110967,6,3247,2,36000,1.00184785956
107764,107770,111441,6,3671,2,36000,1.00163443203
107804,107810,111372,6,3562,2,36000,1.00168444694
107822,107828,111373,6,3545,2,36000,1.00169252468
107824,107834,111684,10,3850,2,36000,1.0025974026
107825,107840,111445,15,3605,2,36000,1.00416088766
107842,107848,111449,6,3601,2,36000,1.00166620383
107843,107855,111592,12,3737,2,36000,1.00321113192
107861,107867,111637,6,3770,2,36000,1.00159151194
107908,107915,111274,7,3359,2,36000,1.00208395356
107926,107932,111496,6,3564,2,36000,1.00168350168
107961,107967,111545,6,3578,2,36000,1.00167691448
107977,107983,111385,6,3402,2,36000,1.00176366843
107994,108000,111419,6,3419,2,36000,1.00175489909
108037,108043,111885,6,3842,2,36000,1.00156168662
108052,108058,111588,6,3530,2,36000,1.00169971671
108095,108101,111627,6,3526,2,36000,1.00170164492
108096,108107,111695,11,3588,2,36000,1.0030657748
108159,108165,111690,6,3525,2,36000,1.00170212766
108185,108191,108783,6,592,1,1800,1.01013513514
108202,108208,111721,6,3513,2,36000,1.00170794193
108234,108240,111770,6,3530,2,36000,1.00169971671
108286,108292,111781,6,3489,2,36000,1.00171969046
108302,108308,111927,6,3619,2,36000,1.00165791655
108303,108314,112138,11,3824,2,36000,1.00287656904
108337,108343,111846,6,3503,2,36000,1.00171281758
108361,108367,111584,6,3217,2,36000,1.0018650917
108362,108375,111858,13,3483,2,36000,1.00373241459
108407,108413,111641,6,3228,2,36000,1.00185873606
108423,108429,111872,6,3443,2,36000,1.00174266628
108444,108450,111836,6,3386,2,36000,1.00177200236
108511,108517,111992,6,3475,2,36000,1.00172661871
108546,108552,108873,6,321,1,1800,1.01869158879
108599,108605,112313,6,3708,2,36000,1.00161812298
108710,108716,112361,6,3645,2,36000,1.00164609053
108748,108754,112601,6,3847,2,36000,1.00155965688
108853,108859,112262,6,3403,2,36000,1.00176315016
108874,108883,112278,9,3395,2,36000,1.00265095729
108891,108897,112574,6,3677,2,36000,1.00163176503
108932,108939,112591,7,3652,2,36000,1.00191675794
108948,108954,112942,6,3988,2,36000,1.00150451354
109023,109029,112531,6,3502,2,36000,1.00171330668
109133,109140,123574,7,14434,1,14400,1.00048496605
109260,110275,342530,1015,232255,1,360000,1.00437019655
109374,109380,113295,6,3915,2,36000,1.00153256705
109375,109387,113145,12,3758,2,36000,1.00319318787
109404,109410,112969,6,3559,2,36000,1.00168586682
109755,109762,113560,7,3798,2,36000,1.0018430753
109886,109892,113912,6,4020,2,36000,1.00149253731
109949,109956,113635,7,3679,2,36000,1.00190269095
110041,110047,113859,6,3812,2,36000,1.00157397692
110057,110063,113961,6,3898,2,36000,1.0015392509
110093,110099,113676,6,3577,2,36000,1.00167738328
110202,110208,113840,6,3632,2,36000,1.00165198238
110264,110270,113749,6,3479,2,36000,1.00172463352
110322,110328,114009,6,3681,2,36000,1.00162999185
110446,110453,114099,7,3646,2,36000,1.00191991223
110463,110469,114664,6,4195,2,36000,1.00143027414
110500,110506,114242,6,3736,2,36000,1.00160599572
110517,110523,114066,6,3543,2,36000,1.0016934801
110533,110539,114279,6,3740,2,36000,1.00160427807
110572,110578,113987,6,3409,2,36000,1.00176004693
110665,110670,114186,5,3516,2,36000,1.00142207053
110730,110736,114572,6,3836,2,36000,1.0015641293
110746,110752,114280,6,3528,2,36000,1.00170068027
110789,110795,114467,6,3672,2,36000,1.00163398693
110816,110822,114725,6,3903,2,36000,1.00153727902
110817,110828,114110,11,3282,2,36000,1.00335161487
110824,110835,110890,11,55,1,1800,1.2
110904,110910,114285,6,3375,2,36000,1.00177777778
110933,110939,114267,6,3328,2,36000,1.00180288462
110949,110955,114181,6,3226,2,36000,1.00185988841
110970,110976,114637,6,3661,2,36000,1.00163889648
111006,111012,114783,6,3771,2,36000,1.0015910899
111039,111045,114878,6,3833,2,36000,1.00156535351
111085,111091,114614,6,3523,2,36000,1.00170309395
111108,111115,114817,7,3702,2,36000,1.0018908698
111196,111202,114376,6,3174,2,36000,1.00189035917
111248,111254,111348,6,94,1,1800,1.06382978723
111267,111273,114978,6,3705,2,36000,1.0016194332
111285,111291,114949,6,3658,2,36000,1.00164024057
111286,111297,114499,11,3202,2,36000,1.0034353529
111288,111303,115229,15,3926,2,36000,1.00382068263
111349,143298,146912,31949,3614,128,3600,9.84034311013
111350,111358,114931,8,3573,2,36000,1.00223901483
111357,146923,150558,35566,3635,128,3600,10.7843191197
111377,111384,115244,7,3860,2,36000,1.0018134715
111378,111391,114663,13,3272,2,36000,1.00397310513
111396,111403,115101,7,3698,2,36000,1.00189291509
111420,111427,114956,7,3529,2,36000,1.00198356475
111444,111450,114963,6,3513,2,36000,1.00170794193
111460,111467,114823,7,3356,2,36000,1.00208581645
111461,111473,114907,12,3434,2,36000,1.00349446709
111494,111501,114962,7,3461,2,36000,1.00202253684
111548,111554,115091,6,3537,2,36000,1.00169635284
111587,111593,114877,6,3284,2,36000,1.00182704019
111603,111610,115057,7,3447,2,36000,1.00203075138
111604,111616,115170,12,3554,2,36000,1.00337647721
111630,111636,114969,6,3333,2,36000,1.00180018002
111649,111655,115031,6,3376,2,36000,1.00177725118
111650,111662,115064,12,3402,2,36000,1.00352733686
111687,111693,115423,6,3730,2,36000,1.00160857909
111688,111701,115403,13,3702,2,36000,1.00351161534
111709,111715,115428,6,3713,2,36000,1.00161594398
111711,111722,115341,11,3619,2,36000,1.00303951368
111728,111736,115564,8,3828,2,36000,1.00208986416
111774,111781,115246,7,3465,2,36000,1.00202020202
111790,111796,115215,6,3419,2,36000,1.00175489909
111841,111847,115376,6,3529,2,36000,1.00170019836
111857,111865,115405,8,3540,2,36000,1.00225988701
111873,111879,115672,6,3793,2,36000,1.00158186132
111874,111886,115504,12,3618,2,36000,1.00331674959
111891,111899,115364,8,3465,2,36000,1.00230880231
111929,111935,115456,6,3521,2,36000,1.00170406135
111995,112002,116425,7,4423,2,36000,1.00158263622
112139,112145,115451,6,3306,2,36000,1.00181488203
112163,112170,115406,7,3236,2,36000,1.0021631644
112267,112273,115879,6,3606,2,36000,1.00166389351
112285,112293,115809,8,3516,2,36000,1.00227531286
112317,112324,116046,7,3722,2,36000,1.0018807093
112364,112370,115914,6,3544,2,36000,1.00169300226
112472,112478,112781,6,303,1,1800,1.0198019802
112533,112539,116320,6,3781,2,36000,1.00158688178
112576,112583,115984,7,3401,2,36000,1.00205821817
112593,112599,115973,6,3374,2,36000,1.00177830468
112609,112615,116268,6,3653,2,36000,1.00164248563
112945,112952,116318,7,3366,2,36000,1.00207961973
112972,112979,116390,7,3411,2,36000,1.00205218411
113147,113153,116571,6,3418,2,36000,1.00175541252
113298,113305,116911,7,3606,2,36000,1.0019412091
113561,113568,116746,7,3178,2,36000,1.00220264317
113638,113645,117401,7,3756,2,36000,1.00186368477
113679,113686,117139,7,3453,2,36000,1.0020272227
113751,113757,117334,6,3577,2,36000,1.00167738328
113845,113851,117308,6,3457,2,36000,1.00173560891
113861,113867,117491,6,3624,2,36000,1.00165562914
113915,113921,117337,6,3416,2,36000,1.00175644028
113962,113968,117661,6,3693,2,36000,1.00162469537
113992,113998,117613,6,3615,2,36000,1.00165975104
114011,114017,117635,6,3618,2,36000,1.00165837479
114068,114074,117841,6,3767,2,36000,1.0015927794
114100,114106,117769,6,3663,2,36000,1.00163800164
114117,114123,117487,6,3364,2,36000,1.00178359096
114182,114188,117728,6,3540,2,36000,1.00169491525
114199,114205,117930,6,3725,2,36000,1.00161073826
114244,114250,117893,6,3643,2,36000,1.00164699424
114273,114279,117917,6,3638,2,36000,1.00164925783
114290,114296,117941,6,3645,2,36000,1.00164609053
114292,114302,117961,10,3659,2,36000,1.00273298715
114293,114308,117754,15,3446,2,36000,1.0043528729
114379,114385,117857,6,3472,2,36000,1.0017281106
114471,114477,118102,6,3625,2,36000,1.00165517241
114503,114509,118152,6,3643,2,36000,1.00164699424
114574,114580,117982,6,3402,2,36000,1.00176366843
114617,114623,118303,6,3680,2,36000,1.00163043478
114640,114646,119286,6,4640,2,36000,1.00129310345
114668,114674,118343,6,3669,2,36000,1.00163532298
114669,114680,118313,11,3633,2,36000,1.00302780072
114730,114736,118300,6,3564,2,36000,1.00168350168
114786,114793,118373,7,3580,2,36000,1.00195530726
114824,114830,118271,6,3441,2,36000,1.00174367916
114826,114836,118374,10,3538,2,36000,1.00282645562
114883,114889,118422,6,3533,2,36000,1.00169827342
114884,114895,118496,11,3601,2,36000,1.00305470703
114910,114917,118423,7,3506,2,36000,1.0019965773
114935,114941,118462,6,3521,2,36000,1.00170406135
114952,114958,118152,6,3194,2,36000,1.00187852223
114973,114979,118440,6,3461,2,36000,1.001733603
114974,114985,118446,11,3461,2,36000,1.00317827218
114976,114991,118533,15,3542,2,36000,1.00423489554
114977,114996,118704,19,3708,2,36000,1.00512405609
114995,115002,118862,7,3860,2,36000,1.0018134715
115035,115041,118184,6,3143,2,36000,1.00190900414
115058,115064,118662,6,3598,2,36000,1.00166759311
115074,115081,118509,7,3428,2,36000,1.002042007
115096,115103,118764,7,3661,2,36000,1.00191204589
115112,115118,118913,6,3795,2,36000,1.00158102767
115172,115178,118560,6,3382,2,36000,1.00177409817
115220,115226,118748,6,3522,2,36000,1.00170357751
115239,115245,118728,6,3483,2,36000,1.00172265289
115256,115262,118654,6,3392,2,36000,1.00176886792
115257,115268,118789,11,3521,2,36000,1.00312411247
115347,115353,119398,6,4045,2,36000,1.00148331273
115369,115375,118736,6,3361,2,36000,1.00178518298
115387,115393,118576,6,3183,2,36000,1.00188501414
115408,115414,119073,6,3659,2,36000,1.00163979229
115409,115421,118878,12,3457,2,36000,1.00347121782
115410,115426,118746,16,3320,2,36000,1.00481927711
115432,115438,118999,6,3561,2,36000,1.00168491997
115433,115444,118915,11,3471,2,36000,1.00316911553
115458,115464,118973,6,3509,2,36000,1.00170988886
115459,115470,118901,11,3431,2,36000,1.00320606237
115510,115516,119546,6,4030,2,36000,1.00148883375
115566,115572,118877,6,3305,2,36000,1.00181543116
115678,115684,119217,6,3533,2,36000,1.00169827342
115814,115820,119468,6,3648,2,36000,1.00164473684
115882,115889,119364,7,3475,2,36000,1.00201438849
115918,115924,119659,6,3735,2,36000,1.0016064257
115975,115981,119489,6,3508,2,36000,1.00171037628
115992,115998,119755,6,3757,2,36000,1.0015970189
116051,116057,119617,6,3560,2,36000,1.00168539326
116269,116275,119807,6,3532,2,36000,1.00169875425
116321,116327,119958,6,3631,2,36000,1.00165243735
116322,116333,119587,11,3254,2,36000,1.00338045482
116395,116401,119765,6,3364,2,36000,1.00178359096
116424,116430,120322,6,3892,2,36000,1.00154162384
116573,116579,120025,6,3446,2,36000,1.00174114916
116747,116757,120294,10,3537,2,36000,1.00282725474
116913,117150,120839,237,3689,2,36000,1.06424505286
117071,119486,122041,2415,2555,2,72000,1.94520547945
117142,117348,120793,206,3445,2,36000,1.05979680697
117309,117646,120796,337,3150,2,36000,1.10698412698
117338,117739,121365,401,3626,2,36000,1.11059018202
117339,117868,121460,529,3592,2,36000,1.14727171492
117406,117905,121693,499,3788,2,36000,1.13173178458
117490,118163,121715,673,3552,2,36000,1.18947072072
117506,118196,121844,690,3648,2,36000,1.18914473684
117616,118315,121575,699,3260,2,36000,1.21441717791
117638,118384,121854,746,3470,2,36000,1.21498559078
117663,118473,122231,810,3758,2,36000,1.21554018095
117730,118588,122017,858,3429,2,36000,1.25021872266
117758,118665,122274,907,3609,2,36000,1.25131615406
117774,118715,122192,941,3477,2,36000,1.27063560541
117846,118739,122513,893,3774,2,36000,1.23661897191
117861,118747,122339,886,3592,2,36000,1.24665924276
117895,118758,122175,863,3417,2,36000,1.25256072578
117922,118764,122315,842,3551,2,36000,1.23711630527
117940,118801,122207,861,3406,2,36000,1.25278919554
117956,118890,122710,934,3820,2,36000,1.2445026178
117973,118895,122291,922,3396,2,36000,1.2714958775
117990,118912,122516,922,3604,2,36000,1.25582685905
118106,118927,122572,821,3645,2,36000,1.22524005487
118156,118984,122383,828,3399,2,36000,1.24360105914
118158,119010,122580,852,3570,2,36000,1.23865546218
118174,124236,729061,6062,604825,4,604800,1.01002273385
118187,119085,122443,898,3358,2,36000,1.26742108398
118274,119228,122595,954,3367,2,36000,1.28333828334
118306,119297,123141,991,3844,2,36000,1.25780437045
118308,119376,122886,1068,3510,2,36000,1.30427350427
118324,119491,123133,1167,3642,2,36000,1.32042833608
118346,119501,123084,1155,3583,2,36000,1.32235556796
118375,119558,123185,1183,3627,2,36000,1.32616487455
118377,119599,123265,1222,3666,2,36000,1.33333333333
118426,119629,122902,1203,3273,2,36000,1.36755270394
118427,119670,123069,1243,3399,2,36000,1.36569579288
118446,119766,123458,1320,3692,2,36000,1.35752979415
118448,119777,123558,1329,3781,2,36000,1.35149431367
118465,119818,123370,1353,3552,2,36000,1.38091216216
118502,119970,123682,1468,3712,2,36000,1.39547413793
118518,120036,123746,1518,3710,2,36000,1.40916442049
118535,120305,123663,1770,3358,2,36000,1.52709946397
118565,120334,123999,1769,3665,2,36000,1.4826739427
118582,120564,123948,1982,3384,2,36000,1.58569739953
118657,120805,124382,2148,3577,2,36000,1.60050321498
118673,120811,124311,2138,3500,2,36000,1.61085714286
118708,120850,124575,2142,3725,2,36000,1.57503355705
118733,121376,125258,2643,3882,2,36000,1.68083462133
118752,121472,124857,2720,3385,2,36000,1.8035450517
118754,121586,125108,2832,3522,2,36000,1.80408858603
118755,121704,125286,2949,3582,2,36000,1.82328308208
118772,121726,125784,2954,4058,2,36000,1.72794480039
118792,121855,125342,3063,3487,2,36000,1.87840550617
118866,121865,125589,2999,3724,2,36000,1.80531686359
118882,122029,125475,3147,3446,2,36000,1.9132327336
118882,119480,120552,598,1072,1,259200,1.5578358209
118884,122187,125609,3303,3422,2,36000,1.96522501461
118904,122203,125917,3299,3714,2,36000,1.88826063543
118922,122218,125845,3296,3627,2,36000,1.90874000551
118923,122241,126095,3318,3854,2,36000,1.86092371562
118976,122285,126161,3309,3876,2,36000,1.85371517028
119001,122302,125662,3301,3360,2,36000,1.98244047619
119077,122326,126050,3249,3724,2,36000,1.87244897959
119218,122350,125689,3132,3339,2,36000,1.93800539084
119291,122394,125921,3103,3527,2,36000,1.87978451942
119365,122455,126087,3090,3632,2,36000,1.85077092511
119402,122525,126221,3123,3696,2,36000,1.84496753247
119470,122531,126078,3061,3547,2,36000,1.86298280237
119494,122583,126143,3089,3560,2,36000,1.86769662921
119547,122591,126179,3044,3588,2,36000,1.84838350056
119591,122610,126420,3019,3810,2,36000,1.79238845144
119620,122722,126108,3102,3386,2,36000,1.9161252215
119661,122897,126426,3236,3529,2,36000,1.91697364693
119757,122913,126630,3156,3717,2,36000,1.84907183212
119773,123081,126865,3308,3784,2,36000,1.87420718816
119811,123144,126306,3333,3162,2,36000,2.05407969639
119960,123152,126658,3192,3506,2,36000,1.91043924701
120022,123196,126961,3174,3765,2,36000,1.84302788845
120299,123277,127083,2978,3806,2,36000,1.78244876511
120323,123381,127274,3058,3893,2,36000,1.78551245826
120373,120380,120593,7,213,2,10800,1.03286384977
120802,123469,127092,2667,3623,2,36000,1.73613027877
120803,123569,127244,2766,3675,2,36000,1.75265306122
120844,123674,127043,2830,3369,2,36000,1.84001187296
121040,121046,121690,6,644,2,21600,1.00931677019
121368,123758,127079,2390,3321,2,36000,1.71966275218
121464,123965,127466,2501,3501,2,36000,1.71436732362
121577,124010,127425,2433,3415,2,36000,1.71244509517
121695,124322,127842,2627,3520,2,36000,1.74630681818
121722,124394,127981,2672,3587,2,36000,1.74491218288
121847,124587,128246,2740,3659,2,36000,1.74883848046
121863,124868,128533,3005,3665,2,36000,1.81991814461
121962,122053,127917,91,5864,2,86400,1.01551841746
122021,125119,128549,3098,3430,2,36000,1.90320699708
122135,122141,122143,6,2,1,3600,1.0
122177,125274,128877,3097,3603,2,36000,1.85956147655
122193,125297,128709,3104,3412,2,36000,1.90973036342
122209,125353,128723,3144,3370,2,36000,1.93293768546
122221,122227,122230,6,3,1,3600,1.0
122232,125487,128805,3255,3318,2,36000,1.98101265823
122277,125600,129050,3323,3450,2,36000,1.9631884058
122295,125621,129209,3326,3588,2,36000,1.92697881828
122320,125674,129546,3354,3872,2,36000,1.86621900826
122324,122332,122768,8,436,4,3600,1.01834862385
122344,125700,129238,3356,3538,2,36000,1.94855850763
122364,122370,122375,6,5,1,3600,1.1
122386,125795,129411,3409,3616,2,36000,1.94275442478
122439,122445,122448,6,3,1,3600,1.0
122450,125856,129725,3406,3869,2,36000,1.88033083484
122484,122490,129381,6,6891,2,14400,1.00087070091
122520,125928,129393,3408,3465,2,36000,1.98354978355
122522,125939,129386,3417,3447,2,36000,1.99129677981
122577,126061,129730,3484,3669,2,36000,1.94957754156
122597,126089,129910,3492,3821,2,36000,1.91389688563
122598,126098,129632,3500,3534,2,36000,1.99037917374
122599,122604,122610,5,6,1,900,1.1
122662,122668,122672,6,4,1,900,1.0
122713,126106,129578,3393,3472,2,36000,1.97724654378
122874,152388,382114,29514,229726,1,360000,1.12847479171
122889,126120,129747,3231,3627,2,36000,1.89081885856
122899,122905,123389,6,484,4,3600,1.01239669421
122905,126154,129310,3249,3156,2,36000,2.02946768061
122941,169028,328898,46087,159870,1,360000,1.28827797586
123074,126172,129563,3098,3391,2,36000,1.91359480979
123092,126190,129606,3098,3416,2,36000,1.90690866511
123137,126236,129620,3099,3384,2,36000,1.91578014184
123144,169306,386621,46162,217315,1,360000,1.21241975934
123155,126317,129878,3162,3561,2,36000,1.88795282224
123187,126431,130280,3244,3849,2,36000,1.84281631593
123204,172265,463736,49061,291471,1,360000,1.16832206292
123261,123267,123899,6,632,70,1200,1.00949367089
123267,126438,130128,3171,3690,2,36000,1.8593495935
123372,126641,130129,3269,3488,2,36000,1.93721330275
123464,126669,130343,3205,3674,2,36000,1.87234621666
123561,126876,130240,3315,3364,2,36000,1.98543400713
123668,126972,130895,3304,3923,2,36000,1.8422125924
123685,127054,130732,3369,3678,2,36000,1.91598694943
123693,123699,123804,6,105,14,20940,1.05714285714
123718,123960,124220,242,260,4,356400,1.93076923077
123750,127091,130761,3341,3670,2,36000,1.91035422343
123801,123812,123829,11,17,1,900,1.64705882353
123810,123818,123895,8,77,14,20940,1.1038961039
123893,123899,123915,6,16,1,900,1.375
123905,123911,124001,6,90,14,20940,1.06666666667
123954,127097,130931,3143,3834,2,36000,1.8197704747
123998,124004,124026,6,22,1,900,1.27272727273
124001,127103,130496,3102,3393,2,36000,1.9142351901
124009,124016,124108,7,92,14,20940,1.07608695652
124106,124112,124132,6,20,1,900,1.3
124108,127740,283284,3632,155544,4,360000,1.02335030602
124119,124125,124218,6,93,14,20940,1.06451612903
124214,124220,124242,6,22,1,900,1.27272727273
124224,124230,124320,6,90,14,20940,1.06666666667
124316,127256,131164,2940,3908,2,36000,1.75230296827
124318,124328,124344,10,16,1,900,1.625
124330,124336,124501,6,165,14,20940,1.03636363636
124367,124373,124815,6,442,70,1200,1.01357466063
124383,127286,130743,2903,3457,2,36000,1.83974544403
124494,124500,124525,6,25,1,900,1.24
124506,124512,124676,6,164,14,20940,1.03658536585
124569,124575,127840,6,3265,2,3600,1.00183767228
124578,127482,131133,2904,3651,2,36000,1.79539852095
124644,127477,127729,2833,252,4,356400,12.2420634921
124673,124679,124704,6,25,1,900,1.24
124689,124695,124853,6,158,14,20940,1.03797468354
124851,124857,124883,6,26,1,900,1.23076923077
124858,127853,131484,2995,3631,2,36000,1.82484164142
124878,124884,125055,6,171,14,20940,1.0350877193
125054,125061,125085,7,24,1,900,1.29166666667
125088,125095,125255,7,160,14,20940,1.04375
125110,127992,131349,2882,3357,2,36000,1.85850461722
125112,126417,127456,1305,1039,2,43200,2.25601539942
125252,125258,125281,6,23,1,900,1.26086956522
125262,125268,125458,6,190,14,20940,1.03157894737
125266,128257,131977,2991,3720,2,36000,1.80403225806
125291,128544,132085,3253,3541,2,36000,1.91866704321
125336,184320,215294,58984,30974,3,43200,2.90430683799
125346,128560,132264,3214,3704,2,36000,1.86771058315
125408,125414,125999,6,585,35,1200,1.01025641026
125456,125462,125477,6,15,1,900,1.4
125465,125472,125647,7,175,14,20940,1.04
125477,128720,132195,3243,3475,2,36000,1.93323741007
125592,128735,132577,3143,3842,2,36000,1.81806350859
125613,128816,132349,3203,3533,2,36000,1.90659496179
125645,125651,125671,6,20,1,900,1.3
125653,125659,125930,6,271,14,20940,1.0221402214
125669,128888,132690,3219,3802,2,36000,1.84665965281
125694,129067,132347,3373,3280,2,36000,2.02835365854
125788,129220,132690,3432,3470,2,36000,1.98904899135
125849,129249,132903,3400,3654,2,36000,1.93048713738
125923,129322,132894,3399,3572,2,36000,1.95156774916
125925,129397,132973,3472,3576,2,36000,1.97091722595
125926,125934,125963,8,29,1,900,1.27586206897
125938,125946,126217,8,271,14,20940,1.0295202952
126054,129404,132468,3350,3064,2,36000,2.09334203655
126080,129422,133196,3342,3774,2,36000,1.88553259141
126099,129557,132979,3458,3422,2,36000,2.01052016365
126100,129575,133259,3475,3684,2,36000,1.94326818675
126116,129589,133184,3473,3595,2,36000,1.96606397775
126149,129617,133320,3468,3703,2,36000,1.93653794221
126166,129631,133256,3465,3625,2,36000,1.95586206897
126184,129643,133275,3459,3632,2,36000,1.95236784141
126214,126220,126245,6,25,1,900,1.24
126224,129736,136608,3512,6872,2,36000,1.51105937136
126224,126229,126505,5,276,14,20940,1.01811594203
126308,129742,133889,3434,4147,2,36000,1.82806848324
126424,129758,133577,3334,3819,2,36000,1.87300340403
126442,129890,133562,3448,3672,2,36000,1.93899782135
126502,126508,126531,6,23,1,900,1.26086956522
126514,126520,126830,6,310,14,20940,1.01935483871
126632,129921,133187,3289,3266,2,36000,2.00704225352
126662,130139,134053,3477,3914,2,36000,1.88834951456
126824,126830,126856,6,26,1,900,1.23076923077
126835,126841,127136,6,295,14,20940,1.02033898305
126870,130145,133909,3275,3764,2,36000,1.87008501594
126962,130251,133896,3289,3645,2,36000,1.90233196159
127044,130291,133953,3247,3662,2,36000,1.88667394866
127083,130355,133791,3272,3436,2,36000,1.95227008149
127085,130507,134090,3422,3583,2,36000,1.9550655875
127105,130744,134264,3639,3520,2,36000,2.03380681818
127133,127139,127160,6,21,1,900,1.28571428571
127144,127150,127432,6,282,14,20940,1.02127659574
127245,130754,133924,3509,3170,2,36000,2.10694006309
127279,130772,134218,3493,3446,2,36000,2.01363900174
127426,130906,134695,3480,3789,2,36000,1.91844813935
127430,127436,127456,6,20,1,900,1.3
127440,127447,127716,7,269,14,20940,1.02602230483
127713,127720,127735,7,15,1,900,1.46666666667
127723,127729,128007,6,278,14,20940,1.02158273381
128004,128010,128032,6,22,1,900,1.27272727273
128015,128021,128227,6,206,14,20940,1.02912621359
128223,128229,128252,6,23,1,900,1.26086956522
128234,128240,128405,6,165,14,20940,1.03636363636
128403,128409,128430,6,21,1,900,1.28571428571
128413,128419,128594,6,175,14,20940,1.03428571429
128592,128598,128619,6,21,1,900,1.28571428571
128603,128609,128771,6,162,14,20940,1.03703703704
128747,130386,135574,1639,5188,2,72000,1.31592135698
128769,128775,128797,6,22,1,900,1.27272727273
128780,128786,129048,6,262,14,20940,1.02290076336
129046,129052,129074,6,22,1,900,1.27272727273
129056,129061,129327,5,266,14,20940,1.01879699248
129325,129331,129356,6,25,1,900,1.24
129337,129343,129594,6,251,14,20940,1.02390438247
129591,129597,129627,6,30,1,900,1.2
129602,129608,129868,6,260,14,20940,1.02307692308
129865,129871,129906,6,35,1,900,1.17142857143
129876,129882,130114,6,232,14,20940,1.02586206897
129903,172270,172833,42367,563,1,72000,76.2522202487
129904,172844,173468,42940,624,1,72000,69.8141025641
129986,135585,141715,5599,6130,2,43200,1.91337683524
130110,130116,130140,6,24,1,900,1.25
130121,130127,130392,6,265,14,20940,1.02264150943
130379,154230,186225,23851,31995,14,43200,1.74546022816
130388,130394,130412,6,18,1,900,1.33333333333
130397,154225,154515,23828,290,14,20940,83.1655172414
131191,131197,134664,6,3467,2,36000,1.00173060283
131351,131357,135066,6,3709,2,36000,1.00161768671
131489,131495,134654,6,3159,2,36000,1.00189933523
131655,184315,184804,52660,489,4,356400,108.689161554
131980,131986,135726,6,3740,2,36000,1.00160427807
132086,132092,135947,6,3855,2,36000,1.00155642023
132199,132205,136057,6,3852,2,36000,1.0015576324
132269,132275,135705,6,3430,2,36000,1.00174927114
132351,132357,136024,6,3667,2,36000,1.00163621489
132353,132363,135938,10,3575,2,36000,1.0027972028
132469,132475,136236,6,3761,2,36000,1.00159532039
132581,132587,136333,6,3746,2,36000,1.00160170849
132696,132701,136089,5,3388,2,36000,1.00147579693
132697,132707,136145,10,3438,2,36000,1.00290866783
132704,141510,194148,8806,52638,1,86400,1.16729359018
132805,132811,133810,6,999,1,900,1.00600600601
132848,150570,154203,17722,3633,128,3600,5.87806220754
132896,132902,136461,6,3559,2,36000,1.00168586682
132912,132918,136400,6,3482,2,36000,1.00172314762
132979,132985,136609,6,3624,2,36000,1.00165562914
132995,133001,136434,6,3433,2,36000,1.0017477425
133138,146288,203084,13150,56796,1,86400,1.23153038946
133191,133197,136844,6,3647,2,36000,1.00164518783
133192,133203,137045,11,3842,2,36000,1.00286309214
133210,133216,136980,6,3764,2,36000,1.00159404888
133259,133265,136686,6,3421,2,36000,1.00175387314
133277,133283,136690,6,3407,2,36000,1.00176108013
133279,133289,137102,10,3813,2,36000,1.00262260687
133326,133334,136953,8,3619,2,36000,1.0022105554
133563,133569,137132,6,3563,2,36000,1.00168397418
133579,133586,137351,7,3765,2,36000,1.00185922975
133793,133799,137152,6,3353,2,36000,1.00178944229
133896,133902,137572,6,3670,2,36000,1.00163487738
133913,133919,137237,6,3318,2,36000,1.00180831826
133915,133925,137362,10,3437,2,36000,1.00290951411
133931,133937,137495,6,3558,2,36000,1.00168634064
133956,133962,137362,6,3400,2,36000,1.00176470588
134055,134061,137941,6,3880,2,36000,1.00154639175
134093,134099,137549,6,3450,2,36000,1.00173913043
134221,134227,137727,6,3500,2,36000,1.00171428571
134267,134273,137756,6,3483,2,36000,1.00172265289
134660,134666,138076,6,3410,2,36000,1.00175953079
134676,134682,137878,6,3196,2,36000,1.00187734668
134696,134702,138105,6,3403,2,36000,1.00176315016
135070,135076,138694,6,3618,2,36000,1.00165837479
135452,135458,135796,6,338,4,600,1.01775147929
135707,135713,139012,6,3299,2,36000,1.00181873295
135727,135733,139169,6,3436,2,36000,1.00174621653
135820,135826,136220,6,394,4,600,1.0152284264
135941,135947,139414,6,3467,2,36000,1.00173060283
135957,135963,139439,6,3476,2,36000,1.00172612198
136027,136033,139671,6,3638,2,36000,1.00164925783
136058,136064,139581,6,3517,2,36000,1.00170599943
136091,136097,139714,6,3617,2,36000,1.00165883329
136147,136154,139814,7,3660,2,36000,1.00191256831
136238,136244,139736,6,3492,2,36000,1.00171821306
136335,136341,139999,6,3658,2,36000,1.00164024057
136402,136407,140029,5,3622,2,36000,1.00138045279
136437,136443,139932,6,3489,2,36000,1.00171969046
136463,136469,139976,6,3507,2,36000,1.00171086399
136611,136617,140130,6,3513,2,36000,1.00170794193
136612,136623,140252,11,3629,2,36000,1.00303113805
136692,136699,140293,7,3594,2,36000,1.0019476906
136694,136705,140505,11,3800,2,36000,1.00289473684
136847,136853,140785,6,3932,2,36000,1.001525941
136954,136960,140499,6,3539,2,36000,1.00169539418
136981,136987,137877,6,890,1,900,1.00674157303
136983,136993,140382,10,3389,2,36000,1.00295072293
137049,137055,140628,6,3573,2,36000,1.00167926113
137106,137112,140825,6,3713,2,36000,1.00161594398
137134,137141,140574,7,3433,2,36000,1.00203903292
137156,137162,140504,6,3342,2,36000,1.00179533214
137240,137247,141458,7,4211,2,36000,1.00166231299
137354,137360,141003,6,3643,2,36000,1.00164699424
137370,137376,141232,6,3856,2,36000,1.0015560166
137371,137382,140984,11,3602,2,36000,1.00305385897
137425,137432,137779,7,347,4,600,1.02017291066
137496,137502,140798,6,3296,2,36000,1.00182038835
137553,137559,141101,6,3542,2,36000,1.00169395822
137574,137580,141238,6,3658,2,36000,1.00164024057
137685,141727,147047,4042,5320,2,72000,1.75977443609
137717,137723,138086,6,363,4,600,1.01652892562
137730,137736,141184,6,3448,2,36000,1.00174013921
137760,137766,141314,6,3548,2,36000,1.00169109357
137884,137890,141678,6,3788,2,36000,1.00158394931
137945,137952,141651,7,3699,2,36000,1.00189240335
138083,138089,141973,6,3884,2,36000,1.00154479918
138108,138114,142111,6,3997,2,36000,1.00150112584
138176,138183,139210,7,1027,1,900,1.00681596884
138624,138630,142708,6,4078,2,7200,1.00147130947
138699,138705,142256,6,3551,2,36000,1.00168966488
139016,139022,142703,6,3681,2,36000,1.00162999185
139154,139161,141569,7,2408,64,10800,1.00290697674
139171,139177,142733,6,3556,2,36000,1.00168728909
139172,139183,139185,11,2,4,600,1.3
139417,139423,142803,6,3380,2,36000,1.00177514793
139440,139447,143159,7,3712,2,36000,1.00188577586
139527,139533,140004,6,471,4,600,1.0127388535
139583,139589,143103,6,3514,2,36000,1.00170745589
139677,139683,143069,6,3386,2,36000,1.00177200236
139716,139722,143339,6,3617,2,36000,1.00165883329
139740,139746,143376,6,3630,2,36000,1.00165289256
139816,139822,143361,6,3539,2,36000,1.00169539418
139936,139942,143383,6,3441,2,36000,1.00174367916
139982,139988,143748,6,3760,2,36000,1.00159574468
140002,140008,143641,6,3633,2,36000,1.00165152766
140032,140038,143542,6,3504,2,36000,1.00171232877
140042,140048,140432,6,384,4,600,1.015625
140131,140137,143499,6,3362,2,36000,1.00178465199
140255,140261,144050,6,3789,2,36000,1.00158353127
140296,140302,144087,6,3785,2,36000,1.00158520476
140383,140389,143907,6,3518,2,36000,1.0017055145
140504,140510,144258,6,3748,2,36000,1.00160085379
140506,140516,144196,10,3680,2,36000,1.0027173913
140522,140528,144014,6,3486,2,36000,1.0017211704
140577,140583,144109,6,3526,2,36000,1.00170164492
140632,140638,144152,6,3514,2,36000,1.00170745589
140790,140796,144731,6,3935,2,36000,1.00152477764
140807,140813,144284,6,3471,2,36000,1.00172860847
140828,140834,144278,6,3444,2,36000,1.00174216028
140986,140992,144884,6,3892,2,36000,1.00154162384
141008,141014,144439,6,3425,2,36000,1.00175182482
141104,141110,144246,6,3136,2,36000,1.00191326531
141124,149188,161459,8064,12271,2,108000,1.65715915573
141185,141191,144705,6,3514,2,36000,1.00170745589
141237,141243,144509,6,3266,2,36000,1.00183710961
141254,141260,145099,6,3839,2,36000,1.00156290701
141318,141324,144840,6,3516,2,36000,1.00170648464
141462,141469,144809,7,3340,2,36000,1.00209580838
141478,152374,152376,10896,2,1,36000,1089.8
141653,141660,145144,7,3484,2,36000,1.00200918485
141683,141689,145082,6,3393,2,36000,1.0017683466
141978,141985,145777,7,3792,2,36000,1.00184599156
142113,142119,145567,6,3448,2,36000,1.00174013921
142257,142264,145787,7,3523,2,36000,1.00198694295
142301,154526,183364,12225,28838,10,28800,1.423919828
142511,147061,149177,4550,2116,2,10800,3.15028355388
142650,154219,198295,11569,44076,32,72000,1.26247844632
142706,142712,146354,6,3642,2,36000,1.00164744646
142734,142740,146488,6,3748,2,36000,1.00160085379
142810,142816,146362,6,3546,2,36000,1.00169204738
143073,143079,146888,6,3809,2,36000,1.00157521659
143105,143111,146783,6,3672,2,36000,1.00163398693
143162,143168,146871,6,3703,2,36000,1.00162030786
143344,143350,146567,6,3217,2,36000,1.0018650917
143366,143372,147094,6,3722,2,36000,1.00161203654
143375,158073,194117,14698,36044,70,36000,1.40777938076
143385,143391,146694,6,3303,2,36000,1.00181653043
143386,143397,147071,11,3674,2,36000,1.00299401198
143502,143508,147194,6,3686,2,36000,1.00162778079
143544,143550,147048,6,3498,2,36000,1.00171526587
143643,143649,147072,6,3423,2,36000,1.00175284838
143749,143755,147334,6,3579,2,36000,1.00167644593
143912,143918,147842,6,3924,2,36000,1.00152905199
144017,144023,147446,6,3423,2,36000,1.00175284838
144054,144060,147613,6,3553,2,36000,1.00168871376
144090,144096,147667,6,3571,2,36000,1.00168020162
144112,144118,147667,6,3549,2,36000,1.00169061708
144156,144162,147542,6,3380,2,36000,1.00177514793
144198,144204,148011,6,3807,2,36000,1.00157604413
144250,144256,147709,6,3453,2,36000,1.00173761946
144266,144272,147679,6,3407,2,36000,1.00176108013
144284,144290,147876,6,3586,2,36000,1.00167317345
144286,144296,147569,10,3273,2,36000,1.00305530095
144357,144363,144366,6,3,2,36000,1.0
144444,144450,144488,6,38,2,36000,1.15789473684
144447,144456,148040,9,3584,2,36000,1.00251116071
144514,144520,147833,6,3313,2,36000,1.00181104739
144544,144550,147646,6,3096,2,36000,1.0019379845
144708,144714,148242,6,3528,2,36000,1.00170068027
144733,144739,148295,6,3556,2,36000,1.00168728909
144813,144819,148315,6,3496,2,36000,1.00171624714
144845,144851,148275,6,3424,2,36000,1.00175233645
144885,144892,148637,7,3745,2,36000,1.00186915888
144887,154235,172254,9348,18019,2,18000,1.51878572618
145084,145090,148651,6,3561,2,36000,1.00168491997
145096,183380,723409,38284,540029,1,540000,1.07089248911
145100,145106,148416,6,3310,2,36000,1.00181268882
145147,145153,148711,6,3558,2,36000,1.00168634064
145570,145576,149121,6,3545,2,36000,1.00169252468
145779,145786,149242,7,3456,2,36000,1.00202546296
145797,145803,149534,6,3731,2,36000,1.00160814795
146354,146360,150042,6,3682,2,36000,1.00162954916
146369,146375,149674,6,3299,2,36000,1.00181873295
146489,146495,150039,6,3544,2,36000,1.00169300226
146567,146573,150271,6,3698,2,36000,1.00162249865
146694,146700,150302,6,3602,2,36000,1.00166574125
146784,146791,150110,7,3319,2,36000,1.002109069
146872,146879,150364,7,3485,2,36000,1.00200860832
146891,146897,150591,6,3694,2,36000,1.00162425555
146955,154240,154244,7285,4,2,7200,728.9
147049,147055,150689,6,3634,2,36000,1.0016510732
147074,147080,150396,6,3316,2,36000,1.00180940893
147075,147086,150809,11,3723,2,36000,1.0029546065
147094,147100,150411,6,3311,2,36000,1.00181214135
147194,147200,150421,6,3221,2,36000,1.00186277554
147337,147343,150808,6,3465,2,36000,1.00173160173
147448,147454,151143,6,3689,2,36000,1.00162645703
147544,147551,151120,7,3569,2,36000,1.00196133371
147573,147579,151181,6,3602,2,36000,1.00166574125
147615,147621,151216,6,3595,2,36000,1.0016689847
147669,147675,151054,6,3379,2,36000,1.00177567328
147670,147681,151346,11,3665,2,36000,1.00300136426
147685,147691,151242,6,3551,2,36000,1.00168966488
147710,147716,151299,6,3583,2,36000,1.00167457438
147834,147840,151357,6,3517,2,36000,1.00170599943
147849,147855,151236,6,3381,2,36000,1.00177462289
147877,147883,151348,6,3465,2,36000,1.00173160173
148014,148020,151954,6,3934,2,36000,1.00152516523
148041,148047,151820,6,3773,2,36000,1.00159024649
148242,148249,151971,7,3722,2,36000,1.0018807093
148277,148283,151737,6,3454,2,36000,1.00173711639
148295,148301,151831,6,3530,2,36000,1.00169971671
148318,148324,151849,6,3525,2,36000,1.00170212766
148419,148425,151757,6,3332,2,36000,1.00180072029
148498,148504,151768,6,3264,2,36000,1.00183823529
148639,148645,152124,6,3479,2,36000,1.00172463352
148655,148661,152295,6,3634,2,36000,1.0016510732
148713,148719,151984,6,3265,2,36000,1.00183767228
148855,154246,154262,5391,16,2,3600,337.9375
149124,149130,152408,6,3278,2,36000,1.00183038438
149246,149252,152845,6,3593,2,36000,1.00166991372
149535,149541,153102,6,3561,2,36000,1.00168491997
149672,154214,154227,4542,13,64,86400,350.384615385
149675,149681,153685,6,4004,2,36000,1.0014985015
150043,150049,153959,6,3910,2,36000,1.00153452685
150044,150055,153430,11,3375,2,36000,1.00325925926
150101,161470,164305,11369,2835,2,72000,5.0102292769
150114,150120,153543,6,3423,2,36000,1.00175284838
150273,150279,153818,6,3539,2,36000,1.00169539418
150305,150311,153909,6,3598,2,36000,1.00166759311
150367,150373,153977,6,3604,2,36000,1.00166481687
150398,150405,153875,7,3470,2,36000,1.00201729107
150414,150420,153741,6,3321,2,36000,1.00180668473
150429,150436,153780,7,3344,2,36000,1.00209330144
150464,164316,169012,13852,4696,2,72000,3.94974446337
150591,150598,154133,7,3535,2,36000,1.00198019802
150690,150696,154061,6,3365,2,36000,1.00178306092
150812,150818,154447,6,3629,2,36000,1.00165334803
150813,150824,154411,11,3587,2,36000,1.0030666295
151055,151061,154383,6,3322,2,36000,1.00180614088
151121,151127,154485,6,3358,2,36000,1.00178677784
151143,151149,154405,6,3256,2,36000,1.00184275184
151184,151190,154760,6,3570,2,36000,1.00168067227
151220,151226,154813,6,3587,2,36000,1.001672707
151238,151245,154794,7,3549,2,36000,1.00197238659
151254,151260,154910,6,3650,2,36000,1.00164383562
151302,151308,154714,6,3406,2,36000,1.00176159718
151350,151356,155175,6,3819,2,36000,1.00157109191
151352,151362,154881,10,3519,2,36000,1.0028417164
151368,151374,154960,6,3586,2,36000,1.00167317345
151740,151746,155445,6,3699,2,36000,1.00162206002
151759,151765,155540,6,3775,2,36000,1.00158940397
151822,151828,155088,6,3260,2,36000,1.0018404908
151838,151844,155440,6,3596,2,36000,1.00166852058
151854,151860,155224,6,3364,2,36000,1.00178359096
151955,151961,155491,6,3530,2,36000,1.00169971671
151974,151980,155713,6,3733,2,36000,1.00160728636
151990,151996,155681,6,3685,2,36000,1.00162822252
152126,152133,155828,7,3695,2,36000,1.00189445196
152296,152302,156023,6,3721,2,36000,1.00161246977
152409,152415,156027,6,3612,2,36000,1.00166112957
152846,152852,156173,6,3321,2,36000,1.00180668473
153100,153107,156772,7,3665,2,36000,1.00190995907
153431,153438,156950,7,3512,2,36000,1.00199316629
153544,153550,157316,6,3766,2,36000,1.00159320234
153686,153692,157433,6,3741,2,36000,1.00160384924
153743,153749,157169,6,3420,2,36000,1.00175438596
153783,153789,157260,6,3471,2,36000,1.00172860847
153818,153825,157546,7,3721,2,36000,1.00188121473
153878,153884,157437,6,3553,2,36000,1.00168871376
153910,153916,157391,6,3475,2,36000,1.00172661871
153963,153969,157767,6,3798,2,36000,1.00157977883
153979,153985,157453,6,3468,2,36000,1.00173010381
154063,154070,157535,7,3465,2,36000,1.00202020202
154136,154142,157672,6,3530,2,36000,1.00169971671
154384,154390,157894,6,3504,2,36000,1.00171232877
154406,154412,157947,6,3535,2,36000,1.00169731259
154415,154421,158062,6,3641,64,3600,1.00164789893
154417,194129,197757,39712,3628,64,3600,11.9459757442
154421,197768,197863,43347,95,64,3600,457.284210526
154422,154427,157869,5,3442,2,36000,1.00145264381
154425,197874,198011,43449,137,64,3600,318.145985401
154426,198022,198156,43596,134,64,3600,326.343283582
154427,198167,198296,43740,129,64,3600,340.069767442
154450,154456,158040,6,3584,2,36000,1.00167410714
154488,154494,158060,6,3566,2,36000,1.00168255749
154512,154519,154527,7,8,1,900,1.5
154524,168694,168957,14170,263,14,20940,54.8783269962
154716,154722,158245,6,3523,2,36000,1.00170309395
154763,154769,158415,6,3646,2,36000,1.00164563906
154798,154804,158378,6,3574,2,36000,1.00167879127
154817,154823,158163,6,3340,2,36000,1.00179640719
154882,154888,158220,6,3332,2,36000,1.00180072029
154914,154920,158413,6,3493,2,36000,1.00171772116
154961,154967,158361,6,3394,2,36000,1.00176782557
155090,155097,158708,7,3611,2,36000,1.00193852119
155178,155184,158459,6,3275,2,36000,1.00183206107
155225,155231,158606,6,3375,2,36000,1.00177777778
155441,155447,158793,6,3346,2,36000,1.00179318589
155456,155462,159236,6,3774,2,36000,1.00158982512
155493,155499,158719,6,3220,2,36000,1.00186335404
155543,155549,159530,6,3981,2,36000,1.00150715901
155682,155688,159526,6,3838,2,36000,1.00156331423
155713,155719,159453,6,3734,2,36000,1.00160685592
155830,155836,159158,6,3322,2,36000,1.00180614088
156026,156032,159616,6,3584,2,36000,1.00167410714
156042,156048,159769,6,3721,2,36000,1.00161246977
156174,156180,159719,6,3539,2,36000,1.00169539418
156774,156780,161058,6,4278,2,36000,1.00140252454
156953,156959,160240,6,3281,2,36000,1.00182871076
157170,157176,160776,6,3600,2,36000,1.00166666667
157264,157270,160818,6,3548,2,36000,1.00169109357
157317,157324,160862,7,3538,2,36000,1.00197851894
157392,157398,160813,6,3415,2,36000,1.00175695461
157433,157439,160835,6,3396,2,36000,1.00176678445
157449,157455,161079,6,3624,2,36000,1.00165562914
157464,157470,160943,6,3473,2,36000,1.00172761301
157536,157543,161101,7,3558,2,36000,1.00196739741
157552,157558,161141,6,3583,2,36000,1.00167457438
157673,157680,161155,7,3475,2,36000,1.00201438849
157770,157776,161518,6,3742,2,36000,1.00160342063
157869,157876,161851,7,3975,2,36000,1.00176100629
157894,157901,161687,7,3786,2,36000,1.00184891706
157948,157954,161265,6,3311,2,36000,1.00181214135
158042,158048,161575,6,3527,2,36000,1.00170116246
158061,158067,161508,6,3441,2,36000,1.00174367916
158164,158170,161669,6,3499,2,36000,1.00171477565
158223,158229,161944,6,3715,2,36000,1.00161507402
158248,158255,161993,7,3738,2,36000,1.00187265918
158362,158368,161896,6,3528,2,36000,1.00170068027
158380,158386,161979,6,3593,2,36000,1.00166991372
158416,158422,161843,6,3421,2,36000,1.00175387314
158417,158428,161723,11,3295,2,36000,1.0033383915
158461,158467,162171,6,3704,2,36000,1.00161987041
158607,158613,162116,6,3503,2,36000,1.00171281758
158709,158715,162407,6,3692,2,36000,1.00162513543
158724,158730,162295,6,3565,2,36000,1.00168302945
158795,158801,162468,6,3667,2,36000,1.00163621489
159161,159168,162561,7,3393,2,36000,1.00206307103
159237,159243,162759,6,3516,2,36000,1.00170648464
159456,159462,163049,6,3587,2,36000,1.001672707
159527,159533,163205,6,3672,2,36000,1.00163398693
159543,159549,162966,6,3417,2,36000,1.00175592625
159618,159624,162835,6,3211,2,36000,1.00186857677
159720,159727,163424,7,3697,2,36000,1.0018934271
159771,159777,163263,6,3486,2,36000,1.0017211704
160243,160250,163777,7,3527,2,36000,1.00198468954
160779,160785,164101,6,3316,2,36000,1.00180940893
160814,160820,164120,6,3300,2,36000,1.00181818182
160829,160835,164342,6,3507,2,36000,1.00171086399
160845,160851,164509,6,3658,2,36000,1.00164024057
160863,160869,164595,6,3726,2,36000,1.00161030596
160946,160952,164536,6,3584,2,36000,1.00167410714
161060,161066,164417,6,3351,2,36000,1.0017905103
161082,161088,164488,6,3400,2,36000,1.00176470588
161104,161110,164810,6,3700,2,36000,1.00162162162
161142,161148,164901,6,3753,2,36000,1.00159872102
161157,161163,164740,6,3577,2,36000,1.00167738328
161265,161271,164620,6,3349,2,36000,1.00179157958
161511,161518,165277,7,3759,2,36000,1.00186219739
161527,161533,165212,6,3679,2,36000,1.00163087796
161576,161582,165474,6,3892,2,36000,1.00154162384
161671,161677,164938,6,3261,2,36000,1.0018399264
161690,161696,165319,6,3623,2,36000,1.00165608612
161725,161731,165250,6,3519,2,36000,1.00170502984
161845,161851,165489,6,3638,2,36000,1.00164925783
161860,161866,165523,6,3657,2,36000,1.00164068909
161898,161904,165174,6,3270,2,36000,1.00183486239
161945,161951,165839,6,3888,2,36000,1.00154320988
161982,161988,166162,6,4174,2,36000,1.00143747005
161997,162003,165449,6,3446,2,36000,1.00174114916
162118,162124,165574,6,3450,2,36000,1.00173913043
162175,162181,165663,6,3482,2,36000,1.00172314762
162296,162303,165544,7,3241,2,36000,1.00215982721
162408,162414,166004,6,3590,2,36000,1.00167130919
162471,162477,166081,6,3604,2,36000,1.00166481687
162564,162570,166388,6,3818,2,36000,1.0015715034
162759,162765,166488,6,3723,2,36000,1.00161160355
162836,162842,166528,6,3686,2,36000,1.00162778079
162893,168699,170263,5806,1564,4,3600,4.71227621483
162968,162974,166490,6,3516,2,36000,1.00170648464
163051,163057,166479,6,3422,2,36000,1.00175336061
163207,163213,166747,6,3534,2,36000,1.00169779287
163265,163271,166656,6,3385,2,36000,1.00177252585
163425,163431,166747,6,3316,2,36000,1.00180940893
163778,163784,166747,6,2963,2,36000,1.00202497469
164101,164107,166747,6,2640,2,36000,1.00227272727
164122,164128,166747,6,2619,2,36000,1.00229095074
164343,164349,166747,6,2398,2,36000,1.00250208507
164420,164426,166747,6,2321,2,36000,1.00258509263
164490,164496,166748,6,2252,2,36000,1.0026642984
164511,164517,166748,6,2231,2,36000,1.00268937696
164539,164545,166748,6,2203,2,36000,1.00272355878
164597,164603,166748,6,2145,2,36000,1.0027972028
164621,164628,166748,7,2120,2,36000,1.00330188679
164741,164747,166748,6,2001,2,36000,1.00299850075
164812,164818,166748,6,1930,2,36000,1.00310880829
164904,164910,166748,6,1838,2,36000,1.00326441785
164938,164944,166748,6,1804,2,36000,1.00332594235
165132,168704,172317,3572,3613,4,10800,1.98865208968
165177,165183,166748,6,1565,2,36000,1.00383386581
165214,165220,166748,6,1528,2,36000,1.00392670157
165234,168969,173292,3735,4323,4,10800,1.8639833449
165253,165259,166748,6,1489,2,36000,1.00402955003
165278,165284,166748,6,1464,2,36000,1.00409836066
165321,165327,166748,6,1421,2,36000,1.00422237861
165449,165455,166748,6,1293,2,36000,1.00464037123
165477,165483,166748,6,1265,2,36000,1.004743083
165492,165498,166748,6,1250,2,36000,1.0048
165525,165531,166748,6,1217,2,36000,1.00493015612
165546,165553,166748,7,1195,2,36000,1.00585774059
165574,165580,166748,6,1168,2,36000,1.0051369863
165666,165672,166748,6,1076,2,36000,1.00557620818
165841,165847,166748,6,901,2,36000,1.00665926748
166005,166011,166748,6,737,2,36000,1.00814111262
166082,166088,166748,6,660,2,36000,1.00909090909
166162,166168,166748,6,580,2,36000,1.01034482759
166391,166398,166748,7,350,2,36000,1.02
166480,166486,166748,6,262,2,36000,1.02290076336
166495,166501,166748,6,247,2,36000,1.02429149798
166497,166507,166748,10,241,2,36000,1.04149377593
166530,166536,166748,6,212,2,36000,1.02830188679
166656,166662,166748,6,86,2,36000,1.06976744186
166798,166804,170240,6,3436,2,36000,1.00174621653
166800,166810,170244,10,3434,2,36000,1.00291205591
166801,166815,170599,14,3784,2,36000,1.00369978858
166803,166820,170448,17,3628,2,36000,1.00468577729
166804,166825,170318,21,3493,2,36000,1.00601202405
166806,166831,170386,25,3555,2,36000,1.0070323488
166807,166836,170253,29,3417,2,36000,1.00848697688
166808,166841,170175,33,3334,2,36000,1.0098980204
166810,166846,169985,36,3139,2,36000,1.01146862058
166811,166852,170704,41,3852,2,36000,1.01064382139
166813,166857,170223,44,3366,2,36000,1.01307189542
166814,166862,170370,48,3508,2,36000,1.01368301026
166816,166867,170949,51,4082,2,36000,1.01249387555
166817,166872,170053,55,3181,2,36000,1.01729016033
166819,166878,170678,59,3800,2,36000,1.01552631579
166820,166883,170689,63,3806,2,36000,1.01655281135
166821,166888,170447,67,3559,2,36000,1.01882551278
166823,166893,170186,70,3293,2,36000,1.02125721227
166824,166898,170577,74,3679,2,36000,1.02011416146
166826,166904,170226,78,3322,2,36000,1.02347983143
166827,166909,170212,82,3303,2,36000,1.02482591583
166829,166914,170330,85,3416,2,36000,1.02488290398
166830,166919,170705,89,3786,2,36000,1.0235076598
166831,166925,170469,94,3544,2,36000,1.02652370203
166833,166930,170366,97,3436,2,36000,1.02823050058
166834,166935,170659,101,3724,2,36000,1.02712137487
166836,166940,170490,104,3550,2,36000,1.02929577465
166837,166945,170603,108,3658,2,36000,1.02952433024
166838,166950,170604,112,3654,2,36000,1.030651341
166840,166956,170800,116,3844,2,36000,1.03017689906
166842,166961,170102,119,3141,2,36000,1.03788602356
166843,166966,170566,123,3600,2,36000,1.03416666667
166844,166971,171346,127,4375,2,36000,1.02902857143
166846,166976,170498,130,3522,2,36000,1.03691084611
166847,166981,170494,134,3513,2,36000,1.03814403644
166849,166987,170362,138,3375,2,36000,1.04088888889
166850,166992,170298,142,3306,2,36000,1.04295220811
166851,166997,170691,146,3694,2,36000,1.03952355171
166853,167002,170163,149,3161,2,36000,1.04713698197
166854,167007,170398,153,3391,2,36000,1.0451194338
168955,168962,168968,7,6,1,900,1.3
168967,169023,169288,56,265,14,20940,1.21132075472
169288,169300,169306,12,6,1,900,1.8
169296,170276,170550,980,274,14,20940,4.57664233577
169301,203512,333298,34211,129786,18,172800,1.26359545714
169989,169997,173465,8,3468,2,36000,1.00230680507
170055,170065,173727,10,3662,2,36000,1.00273074823
170103,170113,173819,10,3706,2,36000,1.00269832704
170165,170174,173619,9,3445,2,36000,1.00261248186
170181,170187,174018,6,3831,2,36000,1.00156617071
170197,170203,173458,6,3255,2,36000,1.00184331797
170213,170223,173544,10,3321,2,36000,1.00301114122
170228,170234,173887,6,3653,2,36000,1.00164248563
170229,170240,173412,11,3172,2,36000,1.00346784363
170247,170253,176146,6,5893,2,36000,1.00101815714
170248,170259,173945,11,3686,2,36000,1.00298426479
170264,170270,174065,6,3795,2,36000,1.00158102767
170299,170309,173665,10,3356,2,36000,1.00297973778
170322,170330,173654,8,3324,2,36000,1.00240673887
170337,170343,173666,6,3323,2,36000,1.00180559735
170363,170374,173953,11,3579,2,36000,1.00307348421
170379,170385,173852,6,3467,2,36000,1.00173060283
170381,170391,173768,10,3377,2,36000,1.00296120817
170397,170403,173813,6,3410,2,36000,1.00175953079
170413,170419,174585,6,4166,2,36000,1.00144023044
170451,170458,173941,7,3483,2,36000,1.0020097617
170453,170464,173918,11,3454,2,36000,1.00318471338
170471,170480,174241,9,3761,2,36000,1.00239298059
170493,170502,174205,9,3703,2,36000,1.00243046179
170511,170517,174284,6,3767,2,36000,1.0015927794
170512,170523,173979,11,3456,2,36000,1.00318287037
170548,170554,170565,6,11,1,900,1.54545454545
170559,170565,170829,6,264,14,20940,1.02272727273
170568,170577,174085,9,3508,2,36000,1.00256556442
170584,170590,174188,6,3598,2,36000,1.00166759311
170599,170610,174101,11,3491,2,36000,1.00315095961
170615,170621,174476,6,3855,2,36000,1.00155642023
170616,170627,174506,11,3879,2,36000,1.00283578242
170659,170670,174106,11,3436,2,36000,1.00320139697
170680,170689,174131,9,3442,2,36000,1.00261475886
170697,170703,173980,6,3277,2,36000,1.00183094294
170698,170709,174230,11,3521,2,36000,1.00312411247
170714,170720,174274,6,3554,2,36000,1.0016882386
170715,170726,174065,11,3339,2,36000,1.00329439952
170802,170811,174280,9,3469,2,36000,1.00259440761
170827,170833,170843,6,10,1,900,1.6
170836,170842,171107,6,265,14,20940,1.02264150943
170950,170961,174270,11,3309,2,36000,1.00332426715
171105,171111,171117,6,6,1,900,1.2
171113,171120,171333,7,213,14,20940,1.03286384977
171325,171331,171340,6,9,1,900,1.5
171334,171344,171603,10,259,14,20940,1.03861003861
171348,171357,174602,9,3245,2,36000,1.00277349769
171601,171607,171614,6,7,1,900,1.3
171609,171616,171882,7,266,14,20940,1.02631578947
171880,171886,171893,6,7,1,900,1.3
171890,171896,172164,6,268,14,20940,1.0223880597
172161,172167,172174,6,7,1,900,1.3
172169,172175,172463,6,288,14,20940,1.02083333333
172460,172466,172474,6,8,1,900,1.4
172469,172475,172765,6,290,14,20940,1.02068965517
172763,172769,172777,6,8,1,900,1.4
172771,172777,173051,6,274,14,20940,1.02189781022
173049,173056,173062,7,6,1,900,1.3
173058,173064,173324,6,260,14,20940,1.02307692308
173322,173328,173335,6,7,1,900,1.3
173330,186236,186522,12906,286,14,20940,46.1258741259
173412,173423,176600,11,3177,2,36000,1.0034623859
173458,173469,176945,11,3476,2,36000,1.00316455696
173473,173479,177022,6,3543,2,36000,1.0016934801
173546,173555,177146,9,3591,2,36000,1.00250626566
173622,173631,177398,9,3767,2,36000,1.0023891691
173655,173665,177544,10,3879,2,36000,1.00257798402
173670,173676,177362,6,3686,2,36000,1.00162778079
173671,173682,177337,11,3655,2,36000,1.00300957592
173729,173739,177393,10,3654,2,36000,1.00273672687
173771,173779,177611,8,3832,2,36000,1.00208768267
173814,173824,177541,10,3717,2,36000,1.00269034167
173829,173835,177653,6,3818,2,36000,1.0015715034
173853,173863,177372,10,3509,2,36000,1.00284981476
173889,173898,177159,9,3261,2,36000,1.0027598896
173919,173930,177386,11,3456,2,36000,1.00318287037
173944,173952,177913,8,3961,2,36000,1.002019692
173959,173965,177129,6,3164,2,36000,1.00189633375
173960,173971,177578,11,3607,2,36000,1.00304962573
173981,173990,177403,9,3413,2,36000,1.00263697627
173983,173996,177510,13,3514,2,36000,1.00369948776
174019,174030,177539,11,3509,2,36000,1.00313479624
174068,174076,177397,8,3321,2,36000,1.00240891298
174069,174081,177675,12,3594,2,36000,1.00333889816
174087,174096,177838,9,3742,2,36000,1.00240513095
174102,174112,177651,10,3539,2,36000,1.00282565697
174117,174123,177470,6,3347,2,36000,1.00179265013
174132,174142,177719,10,3577,2,36000,1.0027956388
174189,174199,177596,10,3397,2,36000,1.00294377392
174207,174216,178003,9,3787,2,36000,1.00237655136
174231,174241,177804,10,3563,2,36000,1.00280662363
174246,174252,178093,6,3841,2,36000,1.0015620932
174273,174281,178486,8,4205,2,36000,1.00190249703
174288,174295,177944,7,3649,2,36000,1.00191833379
174290,174301,177574,11,3273,2,36000,1.00336083104
174291,174306,178077,15,3771,2,36000,1.00397772474
174477,174487,178002,10,3515,2,36000,1.00284495021
174507,174518,178121,11,3603,2,36000,1.00305301138
174586,174596,178162,10,3566,2,36000,1.00280426248
174605,174613,178089,8,3476,2,36000,1.00230149597
175813,201957,203589,26144,1632,128,3600,17.0196078431
176148,176157,179622,9,3465,2,36000,1.0025974026
176600,176611,180158,11,3547,2,36000,1.00310121229
176945,176957,180463,12,3506,2,36000,1.00342270394
177025,177033,180350,8,3317,2,36000,1.00241181791
177071,203600,203721,26529,121,128,3600,220.247933884
177131,177140,180411,9,3271,2,36000,1.00275145216
177146,177157,180585,11,3428,2,36000,1.00320886814
177161,177171,180540,10,3369,2,36000,1.00296823983
177340,177348,180957,8,3609,2,36000,1.00221668052
177364,177373,181022,9,3649,2,36000,1.00246642916
177379,177385,180995,6,3610,2,36000,1.00166204986
177394,177400,181010,6,3610,2,36000,1.00166204986
177395,177406,180923,11,3517,2,36000,1.00312766562
177411,177417,180771,6,3354,2,36000,1.00178890877
177412,177423,181307,11,3884,2,36000,1.00283213182
177413,177428,180870,15,3442,2,36000,1.00435793144
177471,177481,181251,10,3770,2,36000,1.00265251989
177510,177521,181285,11,3764,2,36000,1.00292242295
177538,177550,181411,12,3861,2,36000,1.00310800311
177553,177559,181264,6,3705,2,36000,1.0016194332
177554,177565,181338,11,3773,2,36000,1.0029154519
177575,177585,181429,10,3844,2,36000,1.00260145682
177590,177596,181088,6,3492,2,36000,1.00171821306
177604,177611,181082,7,3471,2,36000,1.00201670988
177619,177625,180927,6,3302,2,36000,1.00181708056
177652,177662,180866,10,3204,2,36000,1.00312109863
177654,177668,181229,14,3561,2,36000,1.00393147992
177678,177687,181000,9,3313,2,36000,1.00271657108
177720,177730,181175,10,3445,2,36000,1.00290275762
177805,177815,181594,10,3779,2,36000,1.0026462027
177838,177849,181954,11,4105,2,36000,1.00267965895
177914,177925,181494,11,3569,2,36000,1.00308209583
177944,177955,181563,11,3608,2,36000,1.00304878049
178006,178015,181343,9,3328,2,36000,1.00270432692
178007,178020,181525,13,3505,2,36000,1.00370898716
178080,178088,181648,8,3560,2,36000,1.00224719101
178095,178101,181463,6,3362,2,36000,1.00178465199
178096,178107,181536,11,3429,2,36000,1.00320793234
178123,178132,181779,9,3647,2,36000,1.00246778174
178164,178174,181679,10,3505,2,36000,1.00285306705
178487,178497,182089,10,3592,2,36000,1.00278396437
179624,179633,183204,9,3571,2,36000,1.00252030244
180161,180170,183675,9,3505,2,36000,1.00256776034
180353,180362,183723,9,3361,2,36000,1.00267777447
180414,180422,183781,8,3359,2,36000,1.00238166121
180465,180474,184138,9,3664,2,36000,1.00245633188
180541,180551,184512,10,3961,2,36000,1.002524615
180586,180596,184259,10,3663,2,36000,1.00273000273
180771,180782,184618,11,3836,2,36000,1.00286757039
180869,180877,184202,8,3325,2,36000,1.00240601504
180884,180890,184618,6,3728,2,36000,1.00160944206
180886,198307,201946,17421,3639,64,3600,5.78730420445
180926,180934,184436,8,3502,2,36000,1.00228440891
180941,180947,184450,6,3503,2,36000,1.00171281758
180959,180968,184915,9,3947,2,36000,1.00228021282
180967,203732,207347,22765,3615,64,3600,7.29737206086
180983,203737,207379,22754,3642,64,3600,7.24766611752
180996,181006,184244,10,3238,2,36000,1.00308832613
181010,181017,184688,7,3671,2,36000,1.00190683737
181012,181023,184200,11,3177,2,36000,1.0034623859
181027,181033,184506,6,3473,2,36000,1.00172761301
181084,181093,184416,9,3323,2,36000,1.00270839603
181099,181105,184794,6,3689,2,36000,1.00162645703
181177,181186,184732,9,3546,2,36000,1.00253807107
181232,181240,184746,8,3506,2,36000,1.00228180262
181253,181262,184667,9,3405,2,36000,1.00264317181
181267,181275,187529,8,6254,2,36000,1.00127918132
181286,181296,185094,10,3798,2,36000,1.00263296472
181306,181312,182208,6,896,1,1800,1.00669642857
181310,181318,184886,8,3568,2,36000,1.00224215247
181340,181349,184752,9,3403,2,36000,1.00264472524
181355,181361,185047,6,3686,2,36000,1.00162778079
181413,181422,185174,9,3752,2,36000,1.00239872068
181431,181440,184746,9,3306,2,36000,1.00272232305
181464,181474,185056,10,3582,2,36000,1.00279173646
181495,181506,184902,11,3396,2,36000,1.00323910483
181525,181536,185048,11,3512,2,36000,1.00313211845
181540,181547,184819,7,3272,2,36000,1.0021393643
181564,181574,185244,10,3670,2,36000,1.00272479564
181595,181605,185282,10,3677,2,36000,1.00271960838
181649,181659,185001,10,3342,2,36000,1.00299222023
181682,181691,185384,9,3693,2,36000,1.00243704305
181780,181790,185392,10,3602,2,36000,1.00277623542
181957,181965,185657,8,3692,2,36000,1.00216684724
182091,182100,185544,9,3444,2,36000,1.00261324042
183205,183215,186776,10,3561,2,36000,1.00280819994
183677,183683,187430,6,3747,2,36000,1.00160128102
183726,183732,187308,6,3576,2,36000,1.00167785235
183784,183790,187302,6,3512,2,36000,1.00170842825
184141,184147,187776,6,3629,2,36000,1.00165334803
184203,184209,188204,6,3995,2,36000,1.00150187735
184204,184215,187625,11,3410,2,36000,1.00322580645
184245,184251,187939,6,3688,2,36000,1.00162689805
184260,184266,187960,6,3694,2,36000,1.00162425555
184417,184423,187745,6,3322,2,36000,1.00180614088
184439,184445,187971,6,3526,2,36000,1.00170164492
184454,184460,188177,6,3717,2,36000,1.001614205
184507,184514,187794,7,3280,2,36000,1.00213414634
184522,184529,188331,7,3802,2,36000,1.00184113624
184618,184624,187945,6,3321,2,36000,1.00180668473
184619,184630,187936,11,3306,2,36000,1.00332728373
184669,184676,187977,7,3301,2,36000,1.00212056952
184691,184697,188133,6,3436,2,36000,1.00174621653
184735,184741,188451,6,3710,2,36000,1.00161725067
184750,184756,188182,6,3426,2,36000,1.00175131349
184751,184762,188416,11,3654,2,36000,1.00301039956
184767,184773,188258,6,3485,2,36000,1.00172166428
184797,184803,188254,6,3451,2,36000,1.00173862649
184822,184828,188167,6,3339,2,36000,1.00179694519
184887,184893,188622,6,3729,2,36000,1.00160901046
184905,184911,188411,6,3500,2,36000,1.00171428571
184920,184926,188529,6,3603,2,36000,1.00166527893
185003,185010,188443,7,3433,2,36000,1.00203903292
185050,185056,188725,6,3669,2,36000,1.00163532298
185052,185062,188322,10,3260,2,36000,1.00306748466
185067,185073,188633,6,3560,2,36000,1.00168539326
185095,185101,188598,6,3497,2,36000,1.00171575636
185175,185181,188940,6,3759,2,36000,1.00159616919
185244,185250,188748,6,3498,2,36000,1.00171526587
185285,185291,188732,6,3441,2,36000,1.00174367916
185384,185390,189050,6,3660,2,36000,1.00163934426
185399,185406,189107,7,3701,2,36000,1.00189138071
185547,185553,189493,6,3940,2,36000,1.00152284264
185658,185664,189247,6,3583,2,36000,1.00167457438
186520,186526,186535,6,9,1,900,1.5
186536,186542,186828,6,286,14,20940,1.02097902098
186777,186783,190332,6,3549,2,36000,1.00169061708
186826,186832,186839,6,7,1,900,1.3
186836,186842,187112,6,270,14,20940,1.02222222222
187111,187117,187124,6,7,1,900,1.3
187123,187129,187408,6,279,14,20940,1.02150537634
187304,187311,191302,7,3991,2,36000,1.00175394638
187319,187325,191094,6,3769,2,36000,1.0015919342
187406,187412,187422,6,10,1,900,1.6
187415,187421,187706,6,285,14,20940,1.02105263158
187432,187438,191715,6,4277,2,36000,1.00140285247
187529,187536,191287,7,3751,2,36000,1.00186616902
187627,187633,191283,6,3650,2,36000,1.00164383562
187703,187711,187717,8,6,1,900,1.4
187718,187724,187995,6,271,14,20940,1.0221402214
187746,187752,191270,6,3518,2,36000,1.0017055145
187776,187782,191034,6,3252,2,36000,1.00184501845
187794,187800,191225,6,3425,2,36000,1.00175182482
187938,187944,191517,6,3573,2,36000,1.00167926113
187953,187959,191322,6,3363,2,36000,1.00178412132
187954,187965,191819,11,3854,2,36000,1.00285417748
187969,187976,191638,7,3662,2,36000,1.00191152376
187984,187991,191376,7,3385,2,36000,1.00206794682
187986,187997,191569,11,3572,2,36000,1.00307950728
187993,188003,188009,10,6,1,900,1.6
188002,188009,188291,7,282,14,20940,1.02482269504
188135,188141,191592,6,3451,2,36000,1.00173862649
188170,188176,191943,6,3767,2,36000,1.0015927794
188185,188191,191668,6,3477,2,36000,1.00172562554
188186,188197,191684,11,3487,2,36000,1.00315457413
188204,188211,191806,7,3595,2,36000,1.00194714882
188257,188263,191803,6,3540,2,36000,1.00169491525
188272,188278,191900,6,3622,2,36000,1.00165654335
188289,188295,188302,6,7,1,900,1.3
188303,188309,188576,6,267,14,20940,1.02247191011
188318,188324,191789,6,3465,2,36000,1.00173160173
188333,188339,191754,6,3415,2,36000,1.00175695461
188412,188418,191902,6,3484,2,36000,1.00172215844
188426,188432,192162,6,3730,2,36000,1.00160857909
188444,188450,192074,6,3624,2,36000,1.00165562914
188459,188465,191799,6,3334,2,36000,1.00179964007
188532,188538,192125,6,3587,2,36000,1.001672707
188574,188580,188588,6,8,1,900,1.4
188590,188596,188875,6,279,14,20940,1.02150537634
188600,188606,192304,6,3698,2,36000,1.00162249865
188624,188630,192034,6,3404,2,36000,1.0017626322
188638,188644,192662,6,4018,2,36000,1.00149328024
188727,188733,192274,6,3541,2,36000,1.0016944366
188742,188748,192367,6,3619,2,36000,1.00165791655
188757,188763,192201,6,3438,2,36000,1.0017452007
188875,188881,188889,6,8,1,900,1.4
188886,188892,189166,6,274,14,20940,1.02189781022
188941,188947,191839,6,2892,2,36000,1.0020746888
189050,189056,192305,6,3249,2,36000,1.00184672207
189109,189116,192659,7,3543,2,36000,1.00197572679
189164,189170,189177,6,7,1,900,1.3
189176,189182,189447,6,265,14,20940,1.02264150943
189250,189257,192543,7,3286,2,36000,1.00213024954
189382,189388,189506,6,118,1,1800,1.05084745763
189445,189451,189460,6,9,1,900,1.5
189453,189460,189762,7,302,14,20940,1.02317880795
189496,189502,193107,6,3605,2,36000,1.00166435506
189760,189766,189781,6,15,1,900,1.4
189776,189782,190075,6,293,14,20940,1.0204778157
189820,189827,189937,7,110,1,1800,1.06363636364
190072,190079,190089,7,10,1,900,1.7
190088,190094,190363,6,269,14,20940,1.02230483271
190334,190340,193707,6,3367,2,36000,1.00178200178
190359,190365,190372,6,7,1,900,1.3
190369,190375,190651,6,276,14,20940,1.02173913043
190627,190633,191203,6,570,1,1800,1.01052631579
190649,190655,190677,6,22,1,900,1.27272727273
190675,190681,190957,6,276,14,20940,1.02173913043
190955,190961,190971,6,10,1,900,1.6
190963,190970,191132,7,162,14,20940,1.04320987654
191036,191042,194592,6,3550,2,36000,1.00169014085
191097,191103,194615,6,3512,2,36000,1.00170842825
191130,191136,191144,6,8,1,900,1.4
191140,191146,191417,6,271,14,20940,1.0221402214
191225,191232,194501,7,3269,2,36000,1.00214132762
191271,191277,194823,6,3546,2,36000,1.00169204738
191287,191293,195030,6,3737,2,36000,1.00160556596
191288,191299,194987,11,3688,2,36000,1.00298264642
191303,191309,194917,6,3608,2,36000,1.00166297118
191324,191330,194696,6,3366,2,36000,1.00178253119
191377,191383,194501,6,3118,2,36000,1.00192431046
191416,191422,191436,6,14,1,900,1.42857142857
191433,191439,191619,6,180,14,20940,1.03333333333
191518,191524,195031,6,3507,2,36000,1.00171086399
191571,191578,195094,7,3516,2,36000,1.00199089875
191593,191600,195160,7,3560,2,36000,1.00196629213
191617,191623,191637,6,14,1,900,1.42857142857
191625,191632,191794,7,162,14,20940,1.04320987654
191640,191646,195070,6,3424,2,36000,1.00175233645
191670,191676,195463,6,3787,2,36000,1.00158436757
191685,191692,195323,7,3631,2,36000,1.00192784357
191718,191724,195116,6,3392,2,36000,1.00176886792
191755,191761,195082,6,3321,2,36000,1.00180668473
191790,191797,195173,7,3376,2,36000,1.00207345972
191792,191803,191816,11,13,1,900,1.84615384615
191803,191809,192020,6,211,14,20940,1.02843601896
191807,191815,195056,8,3241,2,36000,1.00246837396
191808,191820,195683,12,3863,2,36000,1.00310639399
191809,191825,195832,16,4007,2,36000,1.00399301223
191826,191831,195537,5,3706,2,36000,1.00134916352
191841,191847,195662,6,3815,2,36000,1.00157273919
191903,191909,195186,6,3277,2,36000,1.00183094294
191904,191915,195541,11,3626,2,36000,1.00303364589
191948,191954,195497,6,3543,2,36000,1.0016934801
192018,192024,192042,6,18,1,900,1.33333333333
192038,192044,192313,6,269,14,20940,1.02230483271
192039,192049,195501,10,3452,2,36000,1.00289687138
192079,192085,195585,6,3500,2,36000,1.00171428571
192128,192134,195762,6,3628,2,36000,1.00165380375
192168,192174,196025,6,3851,2,36000,1.00155803687
192204,192210,195660,6,3450,2,36000,1.00173913043
192279,192285,195634,6,3349,2,36000,1.00179157958
192306,192312,195764,6,3452,2,36000,1.00173812283
192307,192323,195944,16,3621,2,36000,1.00441866888
192311,192318,192330,7,12,1,900,1.58333333333
192324,192331,192597,7,266,14,20940,1.02631578947
192370,192377,195955,7,3578,2,36000,1.00195640022
192544,192550,196201,6,3651,2,36000,1.00164338537
192595,192601,192611,6,10,1,900,1.6
192614,192621,192885,7,264,14,20940,1.02651515152
192664,192670,196547,6,3877,2,36000,1.00154758834
192666,192676,195922,10,3246,2,36000,1.00308071473
192882,192889,192902,7,13,1,900,1.53846153846
192904,192910,193190,6,280,14,20940,1.02142857143
192960,193207,193258,247,51,1,1800,5.8431372549
193108,193114,196673,6,3559,2,36000,1.00168586682
193188,193202,193208,14,6,1,900,2.0
193198,193358,193637,160,279,14,20940,1.57347670251
193246,193252,193348,6,96,1,1800,1.0625
193583,193654,193726,71,72,1,1800,1.98611111111
193635,193649,193656,14,7,1,900,2.1
193649,194134,194403,485,269,14,20940,2.8029739777
193686,193692,193802,6,110,1,1800,1.05454545455
193710,193716,197456,6,3740,2,36000,1.00160427807
194402,194408,194417,6,9,1,900,1.5
194414,194420,194689,6,269,14,20940,1.02230483271
194491,194497,194998,6,501,1,1800,1.0119760479
194502,194508,197732,6,3224,2,36000,1.00186104218
194503,194514,198089,11,3575,2,36000,1.00307692308
194595,194601,198293,6,3692,2,36000,1.00162513543
194616,194623,197714,7,3091,2,36000,1.00226463928
194629,194636,194919,7,283,1,1800,1.02473498233
194687,194693,194702,6,9,1,900,1.5
194697,194704,194979,7,275,14,20940,1.02545454545
194698,194709,198210,11,3501,2,36000,1.00314195944
194823,194829,198164,6,3335,2,36000,1.00179910045
194918,194924,198647,6,3723,2,36000,1.00161160355
194978,194985,194994,7,9,1,900,1.6
194988,194994,198863,6,3869,2,36000,1.00155078832
194994,195000,195267,6,267,14,20940,1.02247191011
195031,195037,198721,6,3684,2,36000,1.0016286645
195032,195043,199497,11,4454,2,36000,1.00246969017
195060,195066,198614,6,3548,2,36000,1.00169109357
195078,195084,198461,6,3377,2,36000,1.0017767249
195093,195099,198591,6,3492,2,36000,1.00171821306
195109,195115,198505,6,3390,2,36000,1.0017699115
195127,195133,198681,6,3548,2,36000,1.00169109357
195167,195173,198737,6,3564,2,36000,1.00168350168
195182,195188,198952,6,3764,2,36000,1.00159404888
195198,195204,198861,6,3657,2,36000,1.00164068909
195265,195271,195283,6,12,1,900,1.5
195278,195284,195582,6,298,14,20940,1.02013422819
195325,195331,198755,6,3424,2,36000,1.00175233645
195466,195473,199297,7,3824,2,36000,1.00183054393
195501,195507,198759,6,3252,2,36000,1.00184501845
195502,195513,199007,11,3494,2,36000,1.00314825415
195542,195548,198949,6,3401,2,36000,1.001764187
195543,195554,199292,11,3738,2,36000,1.00294275013
195578,195584,195606,6,22,1,900,1.27272727273
195590,195596,195896,6,300,14,20940,1.02
195595,195602,198834,7,3232,2,36000,1.00216584158
195638,195644,199438,6,3794,2,36000,1.00158144439
195664,195671,198989,7,3318,2,36000,1.00210970464
195666,195677,198967,11,3290,2,36000,1.00334346505
195686,195692,199136,6,3444,2,36000,1.00174216028
195763,195769,199652,6,3883,2,36000,1.00154519701
195778,195784,199338,6,3554,2,36000,1.0016882386
195835,195841,199423,6,3582,2,36000,1.00167504188
195894,195900,195907,6,7,1,900,1.3
195905,195912,196187,7,275,14,20940,1.02545454545
195925,195931,199121,6,3190,2,36000,1.00188087774
195946,195952,200103,6,4151,2,36000,1.00144543483
195961,195966,199541,5,3575,2,36000,1.0013986014
196027,196033,199499,6,3466,2,36000,1.00173110214
196184,196191,196196,7,5,1,900,1.2
196196,196202,196471,6,269,14,20940,1.02230483271
196201,196208,199587,7,3379,2,36000,1.00207161882
196471,196477,196484,6,7,1,900,1.3
196481,196487,196751,6,264,14,20940,1.02272727273
196548,196554,199939,6,3385,2,36000,1.00177252585
196673,196679,200285,6,3606,2,36000,1.00166389351
196749,196755,196762,6,7,1,900,1.3
196760,196766,197069,6,303,14,20940,1.0198019802
196938,196944,196994,6,50,1,1800,1.12
197064,197070,197078,6,8,1,900,1.4
197077,197083,197355,6,272,14,20940,1.02205882353
197341,197347,197420,6,73,1,1800,1.08219178082
197352,197358,197366,6,8,1,900,1.4
197363,197369,197632,6,263,14,20940,1.02281368821
197457,197463,200979,6,3516,2,36000,1.00170648464
197630,197637,197646,7,9,1,900,1.6
197642,197648,197917,6,269,14,20940,1.02230483271
197717,197723,201354,6,3631,2,36000,1.00165243735
197732,197738,201341,6,3603,2,36000,1.00166527893
197914,197920,197929,6,9,1,900,1.5
197926,197932,198202,6,270,14,20940,1.02222222222
198071,198077,201519,6,3442,2,36000,1.00174317257
198164,198173,201509,9,3336,2,36000,1.00269784173
198202,198208,198215,6,7,1,900,1.3
198212,198218,198487,6,269,14,20940,1.02230483271
198213,198224,201835,11,3611,2,36000,1.00304624758
198295,198301,201698,6,3397,2,36000,1.00176626435
198407,198413,198681,6,268,1,1800,1.0223880597
198462,198468,201923,6,3455,2,36000,1.0017366136
198485,198491,198499,6,8,1,900,1.4
198495,207363,207643,8868,280,14,20940,32.6714285714
198507,198513,202100,6,3587,2,36000,1.001672707
198591,198597,202198,6,3601,2,36000,1.00166620383
198616,198622,202420,6,3798,2,36000,1.00157977883
198649,198655,202744,6,4089,2,36000,1.00146735143
198682,198688,201924,6,3236,2,36000,1.00185414091
198722,198728,202348,6,3620,2,36000,1.00165745856
198740,198746,202392,6,3646,2,36000,1.00164563906
198758,198764,202757,6,3993,2,36000,1.0015026296
198773,198779,202319,6,3540,2,36000,1.00169491525
198837,198843,202215,6,3372,2,36000,1.00177935943
198861,198868,202466,7,3598,2,36000,1.00194552529
198876,198882,202314,6,3432,2,36000,1.00174825175
198953,198959,202660,6,3701,2,36000,1.00162118346
198954,198965,203296,11,4331,2,36000,1.00253982914
198969,198975,203242,6,4267,2,36000,1.00140614015
198990,198996,202341,6,3345,2,36000,1.00179372197
199008,199014,202603,6,3589,2,36000,1.00167177487
199121,199128,202254,7,3126,2,36000,1.00223928343
199136,199142,202586,6,3444,2,36000,1.00174216028
199294,199301,202878,7,3577,2,36000,1.00195694716
199309,199315,202705,6,3390,2,36000,1.0017699115
199339,199346,202924,7,3578,2,36000,1.00195640022
199424,199430,203129,6,3699,2,36000,1.00162206002
199439,199445,203131,6,3686,2,36000,1.00162778079
199498,199504,203408,6,3904,2,36000,1.00153688525
199513,199519,203248,6,3729,2,36000,1.00160901046
199543,199549,203380,6,3831,2,36000,1.00156617071
199589,199595,202973,6,3378,2,36000,1.00177619893
199653,199659,202946,6,3287,2,36000,1.00182537268
199941,199947,203495,6,3548,2,36000,1.00169109357
200105,200111,203495,6,3384,2,36000,1.00177304965
200287,200293,203495,6,3202,2,36000,1.00187382886
200806,207358,286087,6552,78729,32,86400,1.08322219258
200982,200988,203495,6,2507,2,36000,1.00239329876
201343,201349,203495,6,2146,2,36000,1.00279589935
201357,201364,203495,7,2131,2,36000,1.0032848428
201512,201518,203495,6,1977,2,36000,1.00303490137
201527,201533,203496,6,1963,2,36000,1.0030565461
201701,201707,203496,6,1789,2,36000,1.00335382895
201835,201841,203496,6,1655,2,36000,1.00362537764
201924,201930,203496,6,1566,2,36000,1.00383141762
201925,201936,203496,11,1560,2,36000,1.00705128205
202104,202110,203496,6,1386,2,36000,1.00432900433
202202,202208,203496,6,1288,2,36000,1.00465838509
202217,202223,203496,6,1273,2,36000,1.00471327573
202256,202262,203496,6,1234,2,36000,1.00486223663
202316,202323,203496,7,1173,2,36000,1.00596760443
202334,202340,203496,6,1156,2,36000,1.00519031142
202349,202356,203496,7,1140,2,36000,1.00614035088
202351,202362,203496,11,1134,2,36000,1.00970017637
202392,202399,203496,7,1097,2,36000,1.0063810392
202423,202429,203496,6,1067,2,36000,1.00562324274
202466,202472,203496,6,1024,2,36000,1.005859375
202588,202594,203496,6,902,2,36000,1.0066518847
202606,202612,203496,6,884,2,36000,1.00678733032
202660,202667,203496,7,829,2,36000,1.00844390832
202706,202712,203496,6,784,2,36000,1.00765306122
202745,202751,203496,6,745,2,36000,1.00805369128
202760,202766,203496,6,730,2,36000,1.00821917808
202880,202886,203496,6,610,2,36000,1.00983606557
202926,202932,203496,6,564,2,36000,1.01063829787
202947,202954,203496,7,542,2,36000,1.01291512915
202975,202981,203496,6,515,2,36000,1.01165048544
203130,203136,203496,6,360,2,36000,1.01666666667
203145,203151,203496,6,345,2,36000,1.01739130435
203243,203249,203496,6,247,2,36000,1.02429149798
203257,203264,203496,7,232,2,36000,1.03017241379
203297,203303,203496,6,193,2,36000,1.0310880829
203382,203388,203496,6,108,2,36000,1.05555555556
203409,203415,203496,6,81,2,36000,1.07407407407
203610,203626,203630,16,4,4,3600,2.0
203610,203616,204121,6,505,32,14400,1.01188118812
203611,203621,204839,10,1218,8,18000,1.00821018062
203682,203688,204439,6,751,4,3600,1.00798934754
203746,203751,203813,5,62,2,1800,1.08064516129
203746,203756,203838,10,82,2,1800,1.12195121951
203746,203763,203844,17,81,2,1800,1.20987654321
203746,203768,203849,22,81,2,1800,1.27160493827
203747,203794,203886,47,92,2,1800,1.51086956522
203747,203789,203880,42,91,2,1800,1.46153846154
203747,203784,203865,37,81,2,1800,1.45679012346
203747,203779,203870,32,91,2,1800,1.35164835165
203747,203773,203854,26,81,2,1800,1.32098765432
203748,203810,203891,62,81,2,1800,1.76543209877
203748,203799,203894,51,95,2,1800,1.53684210526
203748,203804,203896,56,92,2,1800,1.60869565217
203748,203815,203907,67,92,2,1800,1.72826086957
203749,203841,203912,92,71,2,1800,2.29577464789
203749,203836,203907,87,71,2,1800,2.22535211268
203749,203820,203902,71,82,2,1800,1.86585365854
203749,203825,203897,76,72,2,1800,2.05555555556
203749,203830,203902,81,72,2,1800,2.125
203750,203851,203913,101,62,2,1800,2.62903225806
203750,203846,203920,96,74,2,1800,2.2972972973
203940,203945,203966,5,21,2,1800,1.2380952381
203940,203951,203973,11,22,2,1800,1.5
203940,203956,203977,16,21,2,1800,1.7619047619
203941,203977,203998,36,21,2,1800,2.71428571429
203941,203962,203983,21,21,2,1800,2.0
203941,203967,203988,26,21,2,1800,2.2380952381
203941,203972,203993,31,21,2,1800,2.47619047619
203942,203983,204004,41,21,2,1800,2.95238095238
203942,203988,204019,46,31,2,1800,2.48387096774
203942,203993,204024,51,31,2,1800,2.64516129032
203942,203998,204029,56,31,2,1800,2.8064516129
203942,204003,204034,61,31,2,1800,2.96774193548
203943,204009,204040,66,31,2,1800,3.12903225806
203943,204014,204045,71,31,2,1800,3.29032258065
203943,204019,204060,76,41,2,1800,2.85365853659
203943,204024,204065,81,41,2,1800,2.9756097561
203944,204045,204076,101,31,2,1800,4.25806451613
203944,204040,204071,96,31,2,1800,4.09677419355
203944,204035,204066,91,31,2,1800,3.93548387097
203944,204029,204060,85,31,2,1800,3.74193548387
205084,205090,205343,6,253,2,3600,1.02371541502
205085,205106,205342,21,236,8,151500,1.08898305085
205085,205101,205336,16,235,8,151500,1.06808510638
205085,205096,205318,11,222,8,151500,1.04954954955
205131,205137,205185,6,48,5,3600,1.125
205142,205148,205193,6,45,5,3600,1.13333333333
205153,205159,205201,6,42,5,3600,1.14285714286
205163,205169,205211,6,42,5,3600,1.14285714286
205174,205180,205227,6,47,5,3600,1.12765957447
205184,205191,205235,7,44,5,3600,1.15909090909
205195,205201,205247,6,46,5,3600,1.13043478261
205206,205212,205254,6,42,5,3600,1.14285714286
205216,205222,205273,6,51,5,3600,1.11764705882
205227,205234,205275,7,41,5,3600,1.17073170732
205238,205244,205287,6,43,5,3600,1.13953488372
205248,205255,205299,7,44,5,3600,1.15909090909
205259,205265,205310,6,45,5,3600,1.13333333333
205270,205276,205318,6,42,5,3600,1.14285714286
205280,205286,205328,6,42,5,3600,1.14285714286
205291,205297,205343,6,46,5,3600,1.13043478261
205302,205308,205351,6,43,5,3600,1.13953488372
205312,205318,205361,6,43,5,3600,1.13953488372
205323,205329,205371,6,42,5,3600,1.14285714286
205335,205341,205402,6,61,5,3600,1.09836065574
205345,205351,205396,6,45,5,3600,1.13333333333
205356,205362,205405,6,43,5,3600,1.13953488372
205366,205372,205419,6,47,5,3600,1.12765957447
205377,205383,205452,6,69,5,3600,1.08695652174
205388,205394,205464,6,70,5,3600,1.08571428571
205398,205404,205450,6,46,5,3600,1.13043478261
205409,205415,205451,6,36,5,3600,1.16666666667
205419,205425,205480,6,55,5,3600,1.10909090909
205430,205436,205480,6,44,5,3600,1.13636363636
205440,205447,205516,7,69,5,3600,1.10144927536
205451,205457,205525,6,68,5,3600,1.08823529412
205462,205468,205538,6,70,5,3600,1.08571428571
205472,205478,205519,6,41,5,3600,1.14634146341
205483,205489,205558,6,69,5,3600,1.08695652174
205493,205500,205544,7,44,5,3600,1.15909090909
205504,205510,205548,6,38,5,3600,1.15789473684
205515,205521,205561,6,40,5,3600,1.15
205525,205531,205573,6,42,5,3600,1.14285714286
205536,205542,205583,6,41,5,3600,1.14634146341
205546,205553,205627,7,74,5,3600,1.09459459459
205557,205563,205600,6,37,5,3600,1.16216216216
205568,205574,205612,6,38,5,3600,1.15789473684
205578,205584,205633,6,49,5,3600,1.12244897959
205589,205595,205634,6,39,5,3600,1.15384615385
205599,205606,205647,7,41,5,3600,1.17073170732
205610,205616,205659,6,43,5,3600,1.13953488372
205620,205627,205668,7,41,5,3600,1.17073170732
205631,205637,205680,6,43,5,3600,1.13953488372
205642,205648,205691,6,43,5,3600,1.13953488372
205652,205658,205691,6,33,5,3600,1.18181818182
205663,205669,205691,6,22,5,3600,1.27272727273
205673,205679,205691,6,12,5,3600,1.5
205684,205690,205691,6,1,5,3600,1.0
205771,205787,276993,16,71206,8,151500,1.00022470017
205771,205776,276893,5,71117,8,151500,1.00007030668
205771,205781,278503,10,72722,8,151500,1.00013750997
205785,205793,208153,8,2360,5,3600,1.00338983051
205795,205801,208140,6,2339,5,3600,1.0025651988
205806,205812,208247,6,2435,5,3600,1.00246406571
205816,205822,208226,6,2404,5,3600,1.00249584027
205827,205833,208119,6,2286,5,3600,1.00262467192
205838,205844,208303,6,2459,5,3600,1.00244001627
205848,205855,208682,7,2827,5,3600,1.0024761231
205859,205865,208301,6,2436,5,3600,1.00246305419
205869,205876,208239,7,2363,5,3600,1.00296233601
205880,205886,208338,6,2452,5,3600,1.00244698206
205891,205897,208719,6,2822,5,3600,1.00212615167
205901,205907,208298,6,2391,5,3600,1.00250941029
205912,207368,209716,1456,2348,5,3600,1.62010221465
207132,207374,293796,242,86422,8,86400,1.00280021291
207158,452159,538596,245001,86437,8,86400,3.83444589701
207161,568790,655207,361629,86417,8,86400,5.18469745536
207166,696376,714821,489210,18445,8,86400,27.5226348604
207369,207380,209758,11,2378,5,3600,1.00462573591
207379,207391,209733,12,2342,5,3600,1.00512382579
207390,207397,209857,7,2460,5,3600,1.00284552846
207401,207407,209658,6,2251,5,3600,1.00266548201
207411,207417,209712,6,2295,5,3600,1.00261437908
207422,207428,209695,6,2267,5,3600,1.00264666961
207432,207439,209801,7,2362,5,3600,1.00296359018
207443,207449,209809,6,2360,5,3600,1.00254237288
207453,207460,209683,7,2223,5,3600,1.00314889789
207464,207470,209873,6,2403,5,3600,1.0024968789
207475,207481,209898,6,2417,5,3600,1.00248241622
207485,207491,209805,6,2314,5,3600,1.00259291271
207496,207502,209813,6,2311,5,3600,1.00259627867
207506,208130,210529,624,2399,5,3600,1.26010837849
207641,207647,207653,6,6,1,900,1.2
207652,210666,210948,3014,282,14,20940,11.6879432624
208129,208152,210528,23,2376,5,3600,1.00968013468
208149,208165,210639,16,2474,5,3600,1.0064672595
208170,208236,210691,66,2455,5,3600,1.02688391039
208232,208250,210598,18,2348,5,3600,1.00766609881
208252,208262,210644,10,2382,5,3600,1.00419815281
208263,208309,210739,46,2430,5,3600,1.01893004115
208315,208321,210637,6,2316,5,3600,1.00259067358
208325,208331,210724,6,2393,5,3600,1.002507313
208336,208349,210931,13,2582,5,3600,1.0050348567
208346,208694,211053,348,2359,5,3600,1.14752013565
208405,209825,210650,1420,825,70,36000,2.72121212121
208509,210682,215166,2173,4484,2,7200,1.48461195361
208693,208730,211128,37,2398,5,3600,1.0154295246
208734,210539,213024,1805,2485,5,3600,1.72635814889
209016,210676,214684,1660,4008,4,7200,1.41417165669
209074,210671,213141,1597,2470,1,36000,1.64655870445
209357,209868,213729,511,3861,4,7200,1.13234913235
210540,210546,213534,6,2988,5,3600,1.00200803213
210551,210609,213011,58,2402,5,3600,1.02414654455
210612,210648,213087,36,2439,5,3600,1.0147601476
210643,210654,213119,11,2465,5,3600,1.00446247465
210654,210660,213315,6,2655,5,3600,1.00225988701
210665,210688,213026,23,2338,5,3600,1.00983746792
210685,210694,213097,9,2403,5,3600,1.00374531835
210696,210702,213096,6,2394,5,3600,1.00250626566
210707,210713,213039,6,2326,5,3600,1.00257953568
210717,210723,213177,6,2454,5,3600,1.00244498778
210728,210734,213033,6,2299,5,3600,1.00260983036
210738,210745,213123,7,2378,5,3600,1.00294365013
210749,210755,213064,6,2309,5,3600,1.0025985275
210760,210766,213160,6,2394,5,3600,1.00250626566
210770,210776,213350,6,2574,5,3600,1.00233100233
210781,210787,213091,6,2304,5,3600,1.00260416667
210791,210798,213175,7,2377,5,3600,1.00294488851
210802,210808,213308,6,2500,5,3600,1.0024
210813,210819,213203,6,2384,5,3600,1.00251677852
210823,210829,213221,6,2392,5,3600,1.0025083612
210834,210942,213234,108,2292,5,3600,1.04712041885
210946,210959,213290,13,2331,5,3600,1.00557700558
210946,210952,210959,6,7,1,900,1.3
210957,211064,213485,107,2421,5,3600,1.04419661297
211059,211139,213467,80,2328,5,3600,1.03436426117
211141,213022,215371,1881,2349,5,3600,1.80076628352
211691,213188,216825,1497,3637,64,3600,1.41160296948
211697,218509,222136,6812,3627,64,3600,2.87813620072
211703,265399,269033,53696,3634,64,3600,15.7760044029
213020,213035,215326,15,2291,5,3600,1.00654735923
213040,213098,215447,58,2349,5,3600,1.02469135802
213102,213130,215360,28,2230,5,3600,1.01255605381
213133,213214,216847,81,3633,5,3600,1.02229562345
213216,213232,216126,16,2894,5,3600,1.00552868003
213237,213246,215602,9,2356,5,3600,1.00382003396
213247,213319,215792,72,2473,5,3600,1.02911443591
213320,213325,215686,5,2361,5,3600,1.00211774672
213330,213362,215664,32,2302,5,3600,1.01390095569
213361,213479,215874,118,2395,5,3600,1.04926931106
213484,213496,216155,12,2659,5,3600,1.0045129748
213495,213546,215902,51,2356,5,3600,1.02164685908
213546,215337,217801,1791,2464,5,3600,1.72686688312
213610,216836,216853,3226,17,64,86400,190.764705882
214031,215676,216067,1645,391,4,356400,5.20716112532
214156,216078,216491,1922,413,4,356400,5.65375302663
214952,217260,218498,2308,1238,70,1200,2.86429725363
215119,215125,219147,6,4022,4,7200,1.00149179513
215339,215372,217944,33,2572,5,3600,1.01283048212
215370,215383,217777,13,2394,5,3600,1.00543024227
215381,215458,218118,77,2660,5,3600,1.02894736842
215463,215613,218037,150,2424,5,3600,1.06188118812
215616,215698,218153,82,2455,5,3600,1.033401222
215688,216507,233379,819,16872,1,360000,1.04854196302
215689,224027,243387,8338,19360,1,360000,1.43068181818
215689,224016,249909,8327,25893,1,360000,1.32159270845
215689,219236,234102,3547,14866,1,360000,1.23859814341
215689,219230,238228,3541,18998,1,360000,1.18638804085
215689,224011,245041,8322,21030,1,360000,1.39572039943
215689,224022,286300,8333,62278,1,360000,1.13380326921
215698,215804,218153,106,2349,5,3600,1.04512558536
215800,215885,218237,85,2352,5,3600,1.03613945578
215882,215914,218300,32,2386,5,3600,1.01341156748
215913,216138,218536,225,2398,5,3600,1.09382819016
216138,216166,218627,28,2461,5,3600,1.01137748883
216169,216501,218928,332,2427,5,3600,1.13679439637
216374,216847,217229,473,382,1,72000,2.23821989529
216375,216852,217249,477,397,1,72000,2.20151133501
216505,216841,219175,336,2334,5,3600,1.14395886889
216662,218514,218775,1852,261,4,356400,8.09578544061
216842,216858,219188,16,2330,5,3600,1.00686695279
216862,216869,219206,7,2337,5,3600,1.00299529311
216873,217788,220223,915,2435,5,3600,1.37577002053
217054,218638,218898,1584,260,4,356400,7.09230769231
217790,217812,220248,22,2436,5,3600,1.00903119869
217811,217956,220285,145,2329,5,3600,1.06225848003
217954,218048,220355,94,2307,5,3600,1.040745557
218046,218130,220546,84,2416,5,3600,1.03476821192
218128,218164,220559,36,2395,5,3600,1.01503131524
218159,218170,220581,11,2411,5,3600,1.00456242223
218170,218248,220528,78,2280,5,3600,1.03421052632
218252,218311,220572,59,2261,5,3600,1.02609464839
218274,219225,219234,951,9,2,3600,96.0
218313,218547,220889,234,2342,5,3600,1.0999146029
218548,218787,221246,239,2459,5,3600,1.09719398129
218783,218939,221709,156,2770,5,3600,1.05631768953
218843,218909,219213,66,304,4,356400,1.21710526316
218936,219158,221597,222,2439,5,3600,1.09102091021
219160,219186,221606,26,2420,5,3600,1.01074380165
219181,219199,222610,18,3411,5,3600,1.00527704485
219202,219218,221984,16,2766,5,3600,1.00578452639
219223,220234,222581,1011,2347,5,3600,1.43076267576
219296,286234,286352,66938,118,128,3600,568.271186441
219621,286363,372816,66742,86453,64,86400,1.77200328502
219874,226350,287776,6476,61426,1,360000,1.10542766907
220178,222147,265388,1969,43241,70,43200,1.04553548715
220232,220260,222708,28,2448,5,3600,1.0114379085
220263,220296,222678,33,2382,5,3600,1.01385390428
220294,220366,222769,72,2403,5,3600,1.02996254682
220365,220539,223102,174,2563,5,3600,1.06788919235
220539,220558,223072,19,2514,5,3600,1.00755767701
220560,220571,223343,11,2772,5,3600,1.00396825397
220571,220583,222904,12,2321,5,3600,1.00517018526
220581,220592,223039,11,2447,5,3600,1.00449530037
220592,220900,223222,308,2322,5,3600,1.13264427218
220898,221608,223999,710,2391,5,3600,1.29694688415
221569,228591,233333,7022,4742,2,72000,2.4808097849
221611,221617,224029,6,2412,5,3600,1.00248756219
221622,221721,224042,99,2321,5,3600,1.04265402844
221724,221995,224850,271,2855,5,3600,1.09492119089
222000,222592,225017,592,2425,5,3600,1.24412371134
222591,222621,224981,30,2360,5,3600,1.01271186441
222622,222688,225166,66,2478,5,3600,1.02663438257
222684,222719,225071,35,2352,5,3600,1.01488095238
222715,222781,225164,66,2383,5,3600,1.02769618128
222786,222915,225314,129,2399,5,3600,1.05377240517
222919,223051,225440,132,2389,5,3600,1.05525324404
223051,226344,228580,3293,2236,2,7200,2.47271914132
223053,223083,225489,30,2406,5,3600,1.01246882793
223084,223114,225435,30,2321,5,3600,1.01292546316
223115,223233,225769,118,2536,5,3600,1.04652996845
223237,223354,226016,117,2662,5,3600,1.04395191585
223350,224040,226492,690,2452,5,3600,1.28140293638
223422,276905,283948,53483,7043,2,72000,8.59378105921
224043,224053,226328,10,2275,5,3600,1.0043956044
224054,224862,227232,808,2370,5,3600,1.34092827004
224626,277669,286579,53043,8910,2,108000,6.9531986532
224859,224992,227460,133,2468,5,3600,1.0538897893
224992,225028,227324,36,2296,5,3600,1.01567944251
225033,225082,227485,49,2403,5,3600,1.02039117769
225084,225175,227543,91,2368,5,3600,1.03842905405
225176,225182,227659,6,2477,5,3600,1.00242228502
225187,225325,227653,138,2328,5,3600,1.05927835052
225330,225446,227842,116,2396,5,3600,1.04841402337
225443,225452,228257,9,2805,5,3600,1.00320855615
225453,225500,228030,47,2530,5,3600,1.0185770751
225505,225780,228150,275,2370,5,3600,1.11603375527
225780,226027,228316,247,2289,5,3600,1.10790738314
226025,226339,228761,314,2422,5,3600,1.12964492155
226342,226503,228914,161,2411,5,3600,1.06677727084
226348,233344,260511,6996,27167,2,43200,1.25751831266
226443,286098,286223,59655,125,128,3600,478.24
226505,227244,229646,739,2402,5,3600,1.3076602831
227249,227335,229686,86,2351,5,3600,1.03658017865
227331,227471,229807,140,2336,5,3600,1.05993150685
227475,227496,229874,21,2378,5,3600,1.00883095038
227495,227554,229902,59,2348,5,3600,1.02512776831
227557,227664,230019,107,2355,5,3600,1.04543524416
227669,227676,230064,7,2388,5,3600,1.00293132328
227680,227853,230165,173,2312,5,3600,1.07482698962
227854,228042,230441,188,2399,5,3600,1.07836598583
228039,228167,230653,128,2486,5,3600,1.05148833467
228099,233391,240151,5292,6760,1,180000,1.78284023669
228172,228268,230567,96,2299,5,3600,1.04175728578
228265,228328,230735,63,2407,5,3600,1.02617366016
228298,252696,252737,24398,41,2,7200,596.073170732
228327,228925,231248,598,2323,5,3600,1.25742574257
228592,252748,252800,24156,52,2,7200,465.538461538
228648,252493,255646,23845,3153,4,10800,8.56263875674
228648,252649,255885,24001,3236,4,10800,8.41687268232
228649,253465,256582,24816,3117,4,10800,8.9615014437
228650,253802,257066,25152,3264,4,10800,8.70588235294
228651,256714,259867,28063,3153,4,10800,9.90041230574
228652,259878,262954,31226,3076,4,10800,11.1514954486
228652,257077,260206,28425,3129,4,10800,10.0843720038
228653,253488,256703,24835,3215,4,10800,8.72472783826
228887,240162,243864,11275,3702,1,180000,4.04565099946
228922,252053,254418,23131,2365,1,180000,10.7805496829
228930,228936,231314,6,2378,5,3600,1.00252312868
228941,229657,231923,716,2266,5,3600,1.31597528685
228967,267049,514145,38082,247096,4,324000,1.15411823745
229002,252811,252880,23809,69,2,7200,346.057971014
229306,286368,331827,57062,45459,14,57600,2.25524098638
229341,253199,253233,23858,34,2,7200,702.705882353
229655,229697,232068,42,2371,5,3600,1.01771404471
229676,253245,253278,23569,33,2,7200,715.212121212
229696,229818,232199,122,2381,5,3600,1.05123897522
229819,229885,232690,66,2805,5,3600,1.02352941176
229881,229913,232275,32,2362,5,3600,1.01354784081
229912,230030,232425,118,2395,5,3600,1.04926931106
230024,253274,253319,23250,45,2,7200,517.666666667
230035,230075,232437,40,2362,5,3600,1.01693480102
230076,230176,232560,100,2384,5,3600,1.04194630872
230179,230452,232852,273,2400,5,3600,1.11375
230200,254429,261359,24229,6930,1,180000,4.49624819625
230225,267054,277658,36829,10604,1,180000,4.47312334968
230257,252891,253263,22634,372,2,3600,61.8440860215
230333,253289,253315,22956,26,2,7200,883.923076923
230455,230579,232997,124,2418,5,3600,1.05128205128
230578,230665,233227,87,2562,5,3600,1.03395784543
230641,253326,253382,22685,56,2,7200,406.089285714
230670,230746,233092,76,2346,5,3600,1.03239556692
230742,231259,233622,517,2363,5,3600,1.21878967414
230935,253332,253424,22397,92,2,10800,244.445652174
231250,253383,253443,22133,60,2,10800,369.883333333
231262,231325,233719,63,2394,5,3600,1.02631578947
231324,231935,234275,611,2340,5,3600,1.26111111111
231546,253393,253463,21847,70,2,10800,313.1
231799,260222,263433,28423,3211,4,10800,9.85175957646
231824,262677,265731,30853,3054,4,10800,11.1024885396
231830,263182,266353,31352,3171,4,10800,10.8871018606
231834,263415,266550,31581,3135,4,10800,11.0736842105
231854,253435,253503,21581,68,2,10800,318.367647059
231937,232079,234531,142,2452,5,3600,1.05791190865
232080,232210,234524,130,2314,5,3600,1.05617977528
232169,253454,253476,21285,22,2,7200,968.5
232213,232286,234728,73,2442,5,3600,1.02989352989
232285,232436,234837,151,2401,5,3600,1.06289046231
232438,232448,234843,10,2395,5,3600,1.00417536534
232449,232571,235482,122,2911,5,3600,1.04190999656
232572,232701,235079,129,2378,5,3600,1.05424726661
232705,232863,235360,158,2497,5,3600,1.06327593112
232858,233008,235413,150,2405,5,3600,1.06237006237
233012,233103,235661,91,2558,5,3600,1.03557466771
233104,233238,235630,134,2392,5,3600,1.05602006689
233237,233634,235990,397,2356,5,3600,1.16850594228
233635,233730,236146,95,2416,5,3600,1.03932119205
233727,234286,236683,559,2397,5,3600,1.23320817689
234289,234536,236846,247,2310,5,3600,1.10692640693
234534,234542,236874,8,2332,5,3600,1.00343053173
234544,234739,237088,195,2349,5,3600,1.08301404853
234739,234848,237224,109,2376,5,3600,1.04587542088
234851,234857,237218,6,2361,5,3600,1.00254129606
234862,235091,237651,229,2560,5,3600,1.089453125
235090,235372,237809,282,2437,5,3600,1.11571604432
235296,253470,253791,18174,321,2,300,57.6168224299
235376,235424,237826,48,2402,5,3600,1.01998334721
235427,235493,237952,66,2459,5,3600,1.02684017893
235489,235642,237952,153,2310,5,3600,1.06623376623
235642,235672,238779,30,3107,5,3600,1.00965561635
235673,236001,238342,328,2341,5,3600,1.14011106365
236000,236157,238394,157,2237,5,3600,1.07018328118
236154,236694,239183,540,2489,5,3600,1.21695460024
236377,283562,283564,47185,2,2,259200,4718.7
236402,283567,283568,47165,1,2,259200,4716.6
236445,283572,283574,47127,2,2,259200,4712.9
236465,283578,283579,47113,1,2,259200,4711.4
236497,283584,283585,47087,1,2,259200,4708.8
236516,283589,283590,47073,1,2,259200,4707.4
236535,283595,283596,47060,1,2,259200,4706.1
236558,283600,283601,47042,1,2,259200,4704.3
236695,236857,239199,162,2342,5,3600,1.06917164816
236858,236885,239264,27,2379,5,3600,1.01134930643
236889,237100,239455,211,2355,5,3600,1.08959660297
237043,283295,301363,46252,18068,2,43200,3.55988487934
237097,283300,286455,46203,3155,2,108000,15.6443740095
237104,237229,240048,125,2819,5,3600,1.04434196524
237227,237235,239554,8,2319,5,3600,1.00344976283
237237,237662,239986,425,2324,5,3600,1.18287435456
237667,237820,240492,153,2672,5,3600,1.05726047904
237820,237838,240212,18,2374,5,3600,1.00758213985
237841,237963,240329,122,2366,5,3600,1.05156382079
237964,237970,240375,6,2405,5,3600,1.00249480249
237975,238353,240707,378,2354,5,3600,1.16057774002
238203,276950,276952,38747,2,1,180000,3874.9
238203,276976,276978,38773,2,1,180000,3877.5
238203,276937,276939,38734,2,1,180000,3873.6
238203,276925,276926,38722,1,1,180000,3872.3
238203,276963,276965,38760,2,1,180000,3876.2
238203,276910,276914,38707,4,1,180000,3871.1
238204,277041,277043,38837,2,1,180000,3883.9
238204,277054,277056,38850,2,1,180000,3885.2
238204,277028,277030,38824,2,1,180000,3882.6
238204,277015,277017,38811,2,1,180000,3881.3
238204,277002,277004,38798,2,1,180000,3880.0
238204,276989,276991,38785,2,1,180000,3878.7
238205,277067,277069,38862,2,1,180000,3886.4
238205,277080,277082,38875,2,1,180000,3887.7
238353,238405,240821,52,2416,5,3600,1.02152317881
238404,238790,241262,386,2472,5,3600,1.15614886731
238792,239194,241627,402,2433,5,3600,1.16522811344
239191,239210,241482,19,2272,5,3600,1.00836267606
239211,239276,241603,65,2327,5,3600,1.02793296089
239273,239467,241806,194,2339,5,3600,1.08294142796
239467,239565,241917,98,2352,5,3600,1.04166666667
239570,239997,242388,427,2391,5,3600,1.17858636554
239999,240059,242747,60,2688,5,3600,1.02232142857
240061,240223,242599,162,2376,5,3600,1.06818181818
240225,240340,242944,115,2604,5,3600,1.04416282642
240337,240386,242716,49,2330,5,3600,1.02103004292
240389,240504,242811,115,2307,5,3600,1.04984828782
240501,240719,242993,218,2274,5,3600,1.09586631486
240716,240832,243427,116,2595,5,3600,1.04470134875
240829,241274,243642,445,2368,5,3600,1.1879222973
241278,241494,243908,216,2414,5,3600,1.08947804474
241493,241614,243991,121,2377,5,3600,1.05090450147
241616,241638,243896,22,2258,5,3600,1.00974313552
241637,241817,244214,180,2397,5,3600,1.07509386733
241821,241928,244860,107,2932,5,3600,1.03649386085
241933,242399,244727,466,2328,5,3600,1.20017182131
242403,242610,245092,207,2482,5,3600,1.08340048348
242608,242727,245123,119,2396,5,3600,1.04966611018
242731,242759,245330,28,2571,5,3600,1.01089070401
242762,242823,245166,61,2343,5,3600,1.02603499787
242824,242955,245256,131,2301,5,3600,1.0569317688
242957,242999,245369,42,2370,5,3600,1.01772151899
242998,243005,245289,7,2284,5,3600,1.0030647986
243009,243439,245840,430,2401,5,3600,1.17909204498
243438,243653,246007,215,2354,5,3600,1.09133389975
243653,243908,246267,255,2359,5,3600,1.10809665112
243908,243919,246255,11,2336,5,3600,1.00470890411
243919,244002,246741,83,2739,5,3600,1.0303030303
244001,244226,246575,225,2349,5,3600,1.09578544061
244226,244738,247157,512,2419,5,3600,1.2116577098
244737,244871,247266,134,2395,5,3600,1.05594989562
244870,245052,247344,182,2292,5,3600,1.07940663176
245054,245103,247521,49,2418,5,3600,1.02026468156
245106,245134,247503,28,2369,5,3600,1.01181933305
245137,245177,247593,40,2416,5,3600,1.01655629139
245178,245267,247893,89,2626,5,3600,1.03389185072
245270,245300,247666,30,2366,5,3600,1.01267962806
245301,245341,247574,40,2233,5,3600,1.01791312136
245343,245380,247739,37,2359,5,3600,1.01568461212
245384,245851,248195,467,2344,5,3600,1.19923208191
245854,246018,248259,164,2241,5,3600,1.07318161535
246017,246266,248657,249,2391,5,3600,1.10414052698
246263,246279,248636,16,2357,5,3600,1.0067882902
246284,246587,248982,303,2395,5,3600,1.12651356994
246591,246752,249091,161,2339,5,3600,1.06883283454
246755,247170,249538,415,2368,5,3600,1.17525337838
247174,247277,249820,103,2543,5,3600,1.04050334251
247277,247355,249652,78,2297,5,3600,1.03395733566
247359,247514,250330,155,2816,5,3600,1.05504261364
247512,247532,249961,20,2429,5,3600,1.00823384109
247533,247585,249946,52,2361,5,3600,1.02202456586
247585,247605,249956,20,2351,5,3600,1.00850701829
247605,247677,249991,72,2314,5,3600,1.03111495246
247677,247750,250222,73,2472,5,3600,1.02953074434
247749,247905,250439,156,2534,5,3600,1.06156274665
247902,248206,250513,304,2307,5,3600,1.13177286519
248209,248271,251495,62,3224,5,3600,1.01923076923
248271,248647,250999,376,2352,5,3600,1.15986394558
248649,248668,250980,19,2312,5,3600,1.00821799308
248670,248993,251559,323,2566,5,3600,1.12587685113
248997,249102,251652,105,2550,5,3600,1.04117647059
249099,249549,251862,450,2313,5,3600,1.19455252918
249549,249663,252036,114,2373,5,3600,1.04804045512
249662,249831,252251,169,2420,5,3600,1.06983471074
249835,249957,252685,122,2728,5,3600,1.04472140762
249958,249967,252399,9,2432,5,3600,1.00370065789
249969,249975,252416,6,2441,5,3600,1.00245800901
249980,250003,252482,23,2479,5,3600,1.00927793465
250001,250233,252638,232,2405,5,3600,1.09646569647
250236,250342,252710,106,2368,5,3600,1.04476351351
250338,250450,252909,112,2459,5,3600,1.04554697031
250451,250524,253188,73,2664,5,3600,1.0274024024
250523,250991,253453,468,2462,5,3600,1.19008935825
250993,251011,253372,18,2361,5,3600,1.00762388818
251013,251507,254314,494,2807,5,3600,1.17598859993
251504,251570,253890,66,2320,5,3600,1.02844827586
251565,251664,254048,99,2384,5,3600,1.04152684564
251668,251873,254182,205,2309,5,3600,1.08878302295
251872,252048,254402,176,2354,5,3600,1.07476635514
252046,252262,254566,216,2304,5,3600,1.09375
252261,252410,254794,149,2384,5,3600,1.0625
254326,254337,255772,11,1435,8,3000,1.00766550523
254326,254332,255833,6,1501,8,3000,1.00399733511
254327,254348,255863,21,1515,8,3000,1.01386138614
254327,254343,255869,16,1526,8,3000,1.01048492792
254327,254353,255908,26,1555,8,3000,1.01672025723
254327,254414,255859,87,1445,8,3000,1.06020761246
254328,255844,257311,1516,1467,8,3000,2.03340149966
254328,255871,257300,1543,1429,8,3000,2.07977606718
254328,254805,256243,477,1438,8,3000,1.33171070932
254328,255783,257224,1455,1441,8,3000,2.00971547536
254328,255657,257163,1329,1506,8,3000,1.88247011952
254329,256255,257737,1926,1482,8,3000,2.2995951417
254329,255920,257360,1591,1440,8,3000,2.10486111111
254329,255883,257333,1554,1450,8,3000,2.07172413793
254329,255877,257325,1548,1448,8,3000,2.06906077348
254330,257311,258741,2981,1430,8,3000,3.08461538462
254330,257235,258759,2905,1524,8,3000,2.906167979
254330,257175,259036,2845,1861,8,3000,2.52874798495
254330,256593,258035,2263,1442,8,3000,2.5693481276
254331,257371,258808,3040,1437,8,3000,3.1155184412
254331,257322,258754,2991,1432,8,3000,3.08868715084
254331,257336,258774,3005,1438,8,3000,3.08970792768
254331,257344,258968,3013,1624,8,3000,2.8552955665
254332,257748,259201,3416,1453,8,3000,3.35099793531
254332,258752,261726,4420,2974,8,3000,2.4862138534
254332,258765,260215,4433,1450,8,3000,4.05724137931
254332,258046,259765,3714,1719,8,3000,3.16055846422
254333,258785,260224,4452,1439,8,3000,4.09381514941
254333,258980,260442,4647,1462,8,3000,4.17852257182
254333,258820,260253,4487,1433,8,3000,4.13119330077
254333,258771,260205,4438,1434,8,3000,4.09483960948
254334,260216,261650,5882,1434,8,3000,5.10181311018
254334,259047,260521,4713,1474,8,3000,4.197421981
254334,259213,260660,4879,1447,8,3000,4.37180373186
254334,260228,261751,5894,1523,8,3000,4.86999343401
254334,259776,261217,5442,1441,8,3000,4.77654406662
254335,260453,261910,6118,1457,8,3000,5.19903912148
254335,260264,261825,5929,1561,8,3000,4.79820627803
254335,260235,261691,5900,1456,8,3000,5.0521978022
254335,260532,261968,6197,1436,8,3000,5.31545961003
254336,261702,263174,7366,1472,8,3000,6.00407608696
254336,260671,262356,6335,1685,8,3000,4.75964391691
254336,261228,262666,6892,1438,8,3000,5.79276773296
254336,261737,263171,7401,1434,8,3000,6.16108786611
254336,261661,263107,7325,1446,8,3000,6.06569847856
254337,261836,263532,7499,1696,8,3000,5.42158018868
254337,261921,264581,7584,2660,8,3000,3.85112781955
254337,261979,263404,7642,1425,8,3000,6.36280701754
254337,261762,263229,7425,1467,8,3000,6.06134969325
254338,262367,275949,8029,13582,8,28500,1.59115005154
266195,283606,326810,17411,43204,2,43200,1.40299509305
275771,275777,275881,6,104,1,1800,1.05769230769
276217,276223,276323,6,100,1,1800,1.06
277156,277162,277661,6,499,1,1800,1.0120240481
279325,279331,279376,6,45,1,1800,1.13333333333
279432,279438,279552,6,114,1,1800,1.05263157895
279693,279700,279784,7,84,1,1800,1.08333333333
279877,279883,279980,6,97,1,1800,1.0618556701
280639,280645,280927,6,282,1,1800,1.02127659574
280660,280666,281259,6,593,1,1800,1.01011804384
281871,281878,282548,7,670,64,3600,1.01044776119
281878,282560,283025,682,465,64,3600,2.46666666667
281884,283036,283434,1152,398,64,3600,3.89447236181
283327,283334,283384,7,50,1,1800,1.14
283735,283741,283818,6,77,1,1800,1.07792207792
284908,284914,285186,6,272,1,1800,1.02205882353
289538,289544,289585,6,41,2,36000,1.14634146341
289540,289550,289588,10,38,2,36000,1.26315789474
289541,289555,289594,14,39,2,36000,1.35897435897
289542,289560,289599,18,39,2,36000,1.46153846154
289543,289565,289603,22,38,2,36000,1.57894736842
289545,289571,289609,26,38,2,36000,1.68421052632
289546,289577,289614,31,37,2,36000,1.83783783784
289547,289582,289621,35,39,2,36000,1.89743589744
289549,289587,289626,38,39,2,36000,1.97435897436
289550,289592,289630,42,38,2,36000,2.10526315789
289551,289598,289635,47,37,2,36000,2.27027027027
289553,289603,289640,50,37,2,36000,2.35135135135
289554,289608,289646,54,38,2,36000,2.42105263158
289555,289613,289651,58,38,2,36000,2.52631578947
289557,289618,289655,61,37,2,36000,2.64864864865
289558,289624,289662,66,38,2,36000,2.73684210526
289559,289629,289667,70,38,2,36000,2.84210526316
289561,289634,289672,73,38,2,36000,2.92105263158
289562,289639,289677,77,38,2,36000,3.02631578947
289563,289644,289681,81,37,2,36000,3.18918918919
289565,289650,289687,85,37,2,36000,3.2972972973
289566,289655,289693,89,38,2,36000,3.34210526316
289567,289660,289696,93,36,2,36000,3.58333333333
289569,289665,289703,96,38,2,36000,3.52631578947
289570,289670,289708,100,38,2,36000,3.63157894737
289571,289676,289712,105,36,2,36000,3.91666666667
289573,289683,289720,110,37,2,36000,3.97297297297
289574,289688,289725,114,37,2,36000,4.08108108108
289575,289693,289729,118,36,2,36000,4.27777777778
289576,289699,289736,123,37,2,36000,4.32432432432
289578,289704,289741,126,37,2,36000,4.40540540541
289579,289709,289745,130,36,2,36000,4.61111111111
289580,289714,289750,134,36,2,36000,4.72222222222
289582,289719,289755,137,36,2,36000,4.80555555556
289583,289725,289762,142,37,2,36000,4.83783783784
289584,289730,289767,146,37,2,36000,4.94594594595
289586,289735,289772,149,37,2,36000,5.02702702703
289587,289740,289778,153,38,2,36000,5.02631578947
289588,289745,289782,157,37,2,36000,5.24324324324
289590,289750,289787,160,37,2,36000,5.32432432432
289888,289894,295983,6,6089,2,108000,1.00098538348
290208,290214,290412,6,198,6,180000,1.0303030303
290627,293895,297538,3268,3643,64,3600,1.89706286028
290636,297549,300118,6913,2569,64,3600,3.69093032308
290641,300129,302373,9488,2244,64,3600,5.22816399287
290749,290755,290994,6,239,8,3000,1.02510460251
290760,290766,290972,6,206,8,3000,1.02912621359
290770,290777,291012,7,235,8,3000,1.02978723404
290781,290787,290984,6,197,8,3000,1.03045685279
290792,290798,291034,6,236,8,3000,1.02542372881
290802,290809,291044,7,235,8,3000,1.02978723404
290813,290819,291052,6,233,8,3000,1.02575107296
290824,290830,291110,6,280,8,3000,1.02142857143
290834,290840,291076,6,236,8,3000,1.02542372881
290845,290851,291046,6,195,8,3000,1.03076923077
290856,290862,291131,6,269,8,3000,1.02230483271
290866,290872,291110,6,238,8,3000,1.02521008403
290877,290883,291129,6,246,8,3000,1.0243902439
290887,290893,291092,6,199,8,3000,1.03015075377
290898,290904,291141,6,237,8,3000,1.0253164557
290908,290915,291169,7,254,8,3000,1.02755905512
290919,290925,291161,6,236,8,3000,1.02542372881
290930,290983,291222,53,239,8,3000,1.22175732218
290983,290996,291225,13,229,8,3000,1.05676855895
290994,291005,291241,11,236,8,3000,1.04661016949
291004,291024,291260,20,236,8,3000,1.08474576271
291025,291045,291269,20,224,8,3000,1.08928571429
291046,291055,291303,9,248,8,3000,1.03629032258
291057,291063,291288,6,225,8,3000,1.02666666667
291067,291073,291393,6,320,8,3000,1.01875
291078,291087,291319,9,232,8,3000,1.03879310345
291088,291103,291368,15,265,8,3000,1.05660377358
291099,291121,291349,22,228,8,3000,1.09649122807
291121,291127,291352,6,225,8,3000,1.02666666667
291230,291236,292741,6,1505,8,3000,1.00398671096
291236,291242,291279,6,37,2,36000,1.16216216216
291237,291248,291285,11,37,2,36000,1.2972972973
291238,291253,291290,15,37,2,36000,1.40540540541
291240,291258,291294,18,36,2,36000,1.5
291241,291263,291299,22,36,2,36000,1.61111111111
291242,291269,291306,27,37,2,36000,1.72972972973
291244,291275,291312,31,37,2,36000,1.83783783784
291245,291280,291318,35,38,2,36000,1.92105263158
291246,291286,291323,40,37,2,36000,2.08108108108
291248,291291,291329,43,38,2,36000,2.13157894737
291249,291296,291334,47,38,2,36000,2.23684210526
291250,291301,291338,51,37,2,36000,2.37837837838
291251,291306,291344,55,38,2,36000,2.44736842105
291253,291311,291348,58,37,2,36000,2.56756756757
291254,291317,291354,63,37,2,36000,2.7027027027
291255,291322,291359,67,37,2,36000,2.81081081081
291257,291327,291364,70,37,2,36000,2.89189189189
291258,291332,291369,74,37,2,36000,3.0
291277,302389,773921,11112,471532,10,604800,1.02356573891
291332,291339,292797,7,1458,8,3000,1.00480109739
291343,291349,292792,6,1443,8,3000,1.00415800416
291353,291359,292815,6,1456,8,3000,1.00412087912
291364,291370,292802,6,1432,8,3000,1.00418994413
291375,291381,293047,6,1666,8,3000,1.00360144058
291385,291392,293883,7,2491,8,3000,1.00281011642
291396,291402,292822,6,1420,8,3000,1.00422535211
291407,291413,292859,6,1446,8,3000,1.00414937759
291417,291423,292858,6,1435,8,3000,1.00418118467
291428,291434,292869,6,1435,8,3000,1.00418118467
291438,291445,292886,7,1441,8,3000,1.00485773768
291450,291456,292917,6,1461,8,3000,1.00410677618
291461,291467,293397,6,1930,8,3000,1.00310880829
291471,291477,293944,6,2467,8,3000,1.00243210377
291480,291486,295070,6,3584,2,36000,1.00167410714
291481,291492,294490,11,2998,2,36000,1.00366911274
291483,291497,294905,14,3408,2,36000,1.00410798122
291484,291502,295313,18,3811,2,36000,1.00472316977
291485,291507,294886,22,3379,2,36000,1.00651080201
291487,291513,295240,26,3727,2,36000,1.0069761202
291488,291519,295292,31,3773,2,36000,1.00821627352
291489,291524,295113,35,3589,2,36000,1.00975202006
291491,291529,295341,38,3812,2,36000,1.00996852046
291492,291534,295043,42,3509,2,36000,1.011969222
291493,292834,296438,1341,3604,2,36000,1.37208657048
291494,292839,296476,1345,3637,2,36000,1.3698102832
291496,292873,296271,1377,3398,2,36000,1.40523837552
291497,292878,296975,1381,4097,2,36000,1.3370759092
291498,292883,296097,1385,3214,2,36000,1.43092719353
291500,292889,296341,1389,3452,2,36000,1.40237543453
291501,292894,296281,1393,3387,2,36000,1.41127841748
291503,292899,296426,1396,3527,2,36000,1.39580379926
291504,292904,296191,1400,3287,2,36000,1.42592029206
291505,292909,296383,1404,3474,2,36000,1.40414507772
291506,292915,296499,1409,3584,2,36000,1.39313616071
291508,292920,296652,1412,3732,2,36000,1.3783494105
291509,292925,296814,1416,3889,2,36000,1.36410388275
291511,292931,296519,1420,3588,2,36000,1.39576365663
291512,292936,296482,1424,3546,2,36000,1.40157924422
291513,292941,297073,1428,4132,2,36000,1.34559535334
291515,292946,296135,1431,3189,2,36000,1.44873000941
291516,292952,296321,1436,3369,2,36000,1.42623924013
291517,292958,297970,1441,5012,2,36000,1.28750997606
291518,292963,296165,1445,3202,2,36000,1.45128044972
291520,292968,296484,1448,3516,2,36000,1.41183162685
291521,292974,296298,1453,3324,2,36000,1.43712394705
291522,293408,297089,1886,3681,2,36000,1.51236077153
291524,293413,297173,1889,3760,2,36000,1.50239361702
291525,293419,296712,1894,3293,2,36000,1.57515942909
291526,293424,296497,1898,3073,2,36000,1.6176374878
291528,293807,296801,2279,2994,2,36000,1.76118904476
291529,293812,297131,2283,3319,2,36000,1.68785778849
291530,293817,297539,2287,3722,2,36000,1.6144545943
291532,293955,297474,2423,3519,2,36000,1.68854788292
293449,293455,293458,6,3,2,3600,1.0
293952,296108,297561,2156,1453,8,3000,2.48382656573
294491,294497,330517,6,36020,2,36000,1.00016657413
294548,296831,297037,2283,206,2,28800,12.0825242718
294888,294894,298261,6,3367,2,36000,1.00178200178
294905,294912,298137,7,3225,2,36000,1.00217054264
295042,297048,297558,2006,510,2,43200,4.93333333333
295044,295050,299015,6,3965,2,36000,1.00151324086
295072,295079,298324,7,3245,2,36000,1.00215716487
295114,295121,299009,7,3888,2,36000,1.00180041152
295132,295138,381554,6,86416,1,86400,1.00006943159
295242,295248,298728,6,3480,2,36000,1.00172413793
295295,295301,299395,6,4094,2,36000,1.00146555936
295313,295319,298464,6,3145,2,36000,1.00190779014
295343,296813,296818,1470,5,2,3600,147.5
295343,295348,298673,5,3325,2,36000,1.0015037594
295597,297143,297165,1546,22,2,3600,71.2727272727
296099,296146,299606,47,3460,2,36000,1.01358381503
296135,296176,299308,41,3132,2,36000,1.01309067688
296166,296203,300381,37,4178,2,36000,1.00885591192
296195,296282,300092,87,3810,2,36000,1.02283464567
296272,296292,299828,20,3536,2,36000,1.0056561086
296287,296309,299772,22,3463,2,36000,1.00635287323
296303,296332,300102,29,3770,2,36000,1.00769230769
296324,296352,299651,28,3299,2,36000,1.00848742043
296342,296394,300096,52,3702,2,36000,1.01404646137
296386,296437,299958,51,3521,2,36000,1.01448452144
296428,296449,299922,21,3473,2,36000,1.00604664555
296445,296488,300137,43,3649,2,36000,1.01178405042
296478,296494,299741,16,3247,2,36000,1.0049276255
296494,296500,301120,6,4620,2,36000,1.0012987013
296495,296509,332548,14,36039,2,36000,1.00038846805
296497,296515,300062,18,3547,2,36000,1.00507471102
296512,296531,299977,19,3446,2,36000,1.005513639
296527,296663,300044,136,3381,2,36000,1.04022478557
296653,296723,332727,70,36004,2,36000,1.00194422842
296689,297560,298612,871,1052,1,180000,1.82794676806
296689,297554,299164,865,1610,1,180000,1.53726708075
296689,297181,299260,492,2079,1,180000,1.23665223665
296689,297176,299351,487,2175,1,180000,1.22390804598
296690,297571,299542,881,1971,1,180000,1.4469812278
296690,298623,300080,1933,1457,1,180000,2.32669869595
296690,297593,300537,903,2944,1,180000,1.30672554348
296690,297588,298374,898,786,1,180000,2.14249363868
296690,299175,299986,2485,811,1,180000,4.06411837238
296690,298385,299394,1695,1009,1,180000,2.67988107037
296690,297566,300036,876,2470,1,180000,1.35465587045
296691,299362,302165,2671,2803,1,180000,1.952907599
296691,299272,299766,2581,494,1,180000,6.22469635628
296691,299405,299912,2714,507,1,180000,6.35305719921
296714,296825,300432,111,3607,2,36000,1.03077349598
296805,296986,300393,181,3407,2,36000,1.05312591723
296819,297084,300436,265,3352,2,36000,1.07905727924
296952,302384,482393,5432,180009,5,180000,1.03017626896
296976,297100,301158,124,4058,2,36000,1.03055692459
296979,299553,300178,2574,625,1,180000,5.1184
297075,297187,301523,112,4336,2,36000,1.0258302583
297090,297486,300957,396,3471,2,36000,1.11408815903
297132,297598,300790,466,3192,2,36000,1.14598997494
297174,297604,301500,430,3896,2,36000,1.11036960986
297475,297609,300378,134,2769,2,36000,1.04839292163
297541,297614,300967,73,3353,2,36000,1.02177154787
297619,302394,303833,4775,1439,8,3000,4.31827658096
297742,300048,302553,2306,2505,2,72000,1.92055888224
297972,297981,301449,9,3468,2,36000,1.00259515571
298122,300548,305241,2426,4693,2,108000,1.51694012359
298137,298148,301902,11,3754,2,36000,1.00293020778
298263,298273,302027,10,3754,2,36000,1.00266382525
298326,298336,301987,10,3651,2,36000,1.00273897562
298464,298475,302126,11,3651,2,36000,1.00301287319
298604,302410,304693,3806,2283,4,72000,2.66710468682
298650,302415,303637,3765,1222,4,72000,4.08101472995
298675,298685,301788,10,3103,2,36000,1.00322268772
298728,298739,302032,11,3293,2,36000,1.00334041907
298988,301375,301741,2387,366,2,3600,7.5218579235
299011,299020,302426,9,3406,2,36000,1.00264239577
299026,299032,302693,6,3661,2,36000,1.00163889648
299309,299319,302794,10,3475,2,36000,1.00287769784
299397,299411,303081,14,3670,2,36000,1.0038147139
299609,299617,303195,8,3578,2,36000,1.00223588597
299652,299662,302990,10,3328,2,36000,1.00300480769
299742,299752,302943,10,3191,2,36000,1.00313381385
299775,299784,302902,9,3118,2,36000,1.00288646568
299829,299839,303825,10,3986,2,36000,1.00250878073
299925,299931,304336,6,4405,2,36000,1.00136208854
299958,299964,303437,6,3473,2,36000,1.00172761301
299979,299985,303622,6,3637,2,36000,1.0016497113
300045,300054,303979,9,3925,2,36000,1.00229299363
300063,300069,303428,6,3359,2,36000,1.00178624591
300092,300099,303596,7,3497,2,36000,1.00200171576
300107,300113,336159,6,36046,2,36000,1.00016645398
300109,300119,303725,10,3606,2,36000,1.00277315585
300139,300145,303240,6,3095,2,36000,1.00193861066
300379,300385,303682,6,3297,2,36000,1.00181983621
300394,300400,304411,6,4011,2,36000,1.00149588631
300395,300406,303876,11,3470,2,36000,1.00317002882
300434,300440,303939,6,3499,2,36000,1.00171477565
300449,300455,303754,6,3299,2,36000,1.00181873295
300746,302437,326878,1691,24441,1,360000,1.06918702181
300746,302458,386623,1712,84165,1,360000,1.02034099685
300746,302453,322545,1707,20092,1,360000,1.08495918774
300746,302176,383611,1430,81435,1,360000,1.01756001719
300746,302448,317146,1702,14698,1,360000,1.11579806776
300746,302442,305810,1696,3368,1,360000,1.50356294537
300747,302474,318175,1727,15701,1,360000,1.10999299408
300747,302484,318248,1737,15764,1,360000,1.1101877696
300747,302468,320060,1721,17592,1,360000,1.09782855844
300747,302489,332330,1742,29841,1,360000,1.05837605978
300747,302463,334806,1716,32343,1,360000,1.05305630275
300747,302479,304872,1732,2393,1,360000,1.72377768491
300792,300798,304704,6,3906,2,36000,1.00153609831
300960,300966,304119,6,3153,2,36000,1.00190294957
300975,300981,304983,6,4002,2,36000,1.00149925037
301122,301128,337132,6,36004,2,36000,1.00016664815
301158,301164,304293,6,3129,2,36000,1.00191754554
301267,301752,304542,485,2790,2,21600,1.17383512545
301449,301456,304995,7,3539,2,36000,1.00197795988
301500,301506,305105,6,3599,2,36000,1.00166712976
301524,301530,305601,6,4071,2,36000,1.00147383935
301723,302432,311349,709,8917,2,108000,1.07951104632
301762,302420,304024,658,1604,3,3600,1.4102244389
301783,302425,302434,642,9,3,3600,65.1
301785,301792,304946,7,3154,2,36000,1.00221940393
301902,301909,305078,7,3169,2,36000,1.00220889871
301990,301996,306541,6,4545,2,36000,1.00132013201
302028,302035,305525,7,3490,2,36000,1.00200573066
302043,302049,305511,6,3462,2,36000,1.00173310225
302127,302133,305842,6,3709,2,36000,1.00161768671
302220,302399,302507,179,108,6,356400,2.65740740741
302232,302405,302470,173,65,6,356400,3.66153846154
302398,302495,304002,97,1507,8,3000,1.06436629064
302432,302500,305884,68,3384,2,36000,1.02009456265
302501,302518,303971,17,1453,8,3000,1.01169993118
302522,303448,304882,926,1434,8,3000,1.64574616457
302694,302701,305891,7,3190,2,36000,1.00219435737
302793,302800,305755,7,2955,2,36000,1.00236886633
302904,302911,306618,7,3707,2,36000,1.0018883194
302923,305902,308291,2979,2389,3,3600,2.24696525743
302931,302937,303009,6,72,2,3600,1.08333333333
302946,302952,306799,6,3847,2,36000,1.00155965688
302991,302998,308052,7,5054,2,36000,1.00138504155
303069,303845,304519,776,674,6,356400,2.15133531157
303081,303088,306679,7,3591,2,36000,1.00194931774
303195,303201,306490,6,3289,2,36000,1.00182426269
303216,303648,304774,432,1126,4,72000,1.3836589698
303240,303246,306589,6,3343,2,36000,1.00179479509
303251,303982,305048,731,1066,4,72000,1.68574108818
303430,303436,306869,6,3433,2,36000,1.0017477425
303444,303633,306822,189,3189,2,36000,1.05926622766
303598,303653,307167,55,3514,2,36000,1.015651679
303622,303693,307062,71,3369,2,36000,1.02107450282
303682,303736,307568,54,3832,2,36000,1.01409185804
303727,303765,308334,38,4569,2,36000,1.00831691836
303756,303836,306964,80,3128,2,36000,1.02557544757
303825,303887,308073,62,4186,2,36000,1.01481127568
303851,303987,304883,136,896,4,72000,1.15178571429
303857,304553,305585,696,1032,4,72000,1.67441860465
303877,303950,307020,73,3070,2,36000,1.02377850163
303940,303992,307335,52,3343,2,36000,1.01555489082
303983,303999,307793,16,3794,2,36000,1.00421718503
304003,304013,305450,10,1437,8,3000,1.00695894224
304013,304530,305995,517,1465,8,3000,1.35290102389
304121,304305,340309,184,36004,2,36000,1.00511054327
304298,304347,307567,49,3220,2,36000,1.0152173913
304336,304423,308202,87,3779,2,36000,1.02302196348
304412,304715,340724,303,36009,2,36000,1.00841456303
304676,304785,305556,109,771,6,356400,1.14137483787
304705,304898,308120,193,3222,2,36000,1.05990068281
304796,304893,307041,97,2148,4,72000,1.04515828678
304889,305568,306427,679,859,4,72000,1.7904540163
304895,304904,306339,9,1435,8,3000,1.006271777
304902,305579,307498,677,1919,4,72000,1.35278791037
304906,305252,307003,346,1751,8,3000,1.19760137065
304951,304957,308500,6,3543,2,36000,1.0016934801
304986,304992,309049,6,4057,2,36000,1.00147892531
304993,305597,307405,604,1808,4,72000,1.33407079646
305001,305007,341015,6,36008,2,36000,1.00016662964
305001,307053,308025,2052,972,4,72000,3.11111111111
305079,305085,308683,6,3598,2,36000,1.00166759311
305106,305112,308262,6,3150,2,36000,1.0019047619
305255,305467,306910,212,1443,8,3000,1.14691614692
305470,305574,307027,104,1453,8,3000,1.07157604955
305512,305523,309243,11,3720,2,36000,1.00295698925
305527,305536,341553,9,36017,2,36000,1.000249882
305573,306006,307440,433,1434,8,3000,1.3019525802
305602,305609,308811,7,3202,2,36000,1.00218613367
305756,305762,309192,6,3430,2,36000,1.00174927114
305843,305850,341863,7,36013,2,36000,1.00019437425
305885,305891,309536,6,3645,2,36000,1.00164609053
305901,305908,309520,7,3612,2,36000,1.0019379845
305953,307014,308063,1061,1049,6,356400,2.01143946616
306003,306350,307879,347,1529,8,3000,1.22694571615
306082,307038,307608,956,570,6,356400,2.67719298246
306350,306921,308347,571,1426,8,3000,1.40042075736
306494,306501,312522,7,6021,2,36000,1.00116259758
306544,306552,310403,8,3851,2,36000,1.0020773825
306590,306601,309779,11,3178,2,36000,1.00346129641
306621,306629,309834,8,3205,2,36000,1.00249609984
306681,306690,310094,9,3404,2,36000,1.0026439483
306801,306810,309997,9,3187,2,36000,1.00282397239
306825,306834,310540,9,3706,2,36000,1.00242849433
306870,306880,310444,10,3564,2,36000,1.00280583614
306923,307019,308459,96,1440,8,3000,1.06666666667
306966,307031,310481,65,3450,2,36000,1.01884057971
307020,307058,310576,38,3518,2,36000,1.01080159181
307056,307804,309294,748,1490,8,3000,1.50201342282
307062,307073,310768,11,3695,2,36000,1.00297699594
307167,307178,343202,11,36024,2,36000,1.00030535199
307335,307578,311276,243,3698,2,36000,1.06571119524
307338,308303,308550,965,247,32,3600,4.90688259109
307344,308561,308854,1217,293,32,3600,5.15358361775
307478,308037,308803,559,766,4,72000,1.72976501305
307505,308470,309754,965,1284,4,72000,1.7515576324
307567,307890,311605,323,3715,2,36000,1.0869448183
307582,307895,312427,313,4532,2,36000,1.06906443071
307796,308063,311818,267,3755,2,36000,1.07110519308
308055,308084,311017,29,2933,2,36000,1.00988748721
308076,308132,311935,56,3803,2,36000,1.01472521693
308122,308214,311654,92,3440,2,36000,1.02674418605
308204,308273,311916,69,3643,2,36000,1.01894043371
308265,308346,312082,81,3736,2,36000,1.02168094218
308338,308475,344489,137,36014,2,36000,1.00380407619
308481,308487,309922,6,1435,8,3000,1.00418118467
308492,308866,310412,374,1546,8,3000,1.24191461837
308502,308508,311876,6,3368,2,36000,1.00178147268
308530,308871,309483,341,612,6,356400,1.55718954248
308625,308824,309259,199,435,2,43200,1.45747126437
308685,308692,311872,7,3180,2,36000,1.00220125786
308812,308818,344846,6,36028,2,36000,1.00016653714
308864,308877,310318,13,1441,8,3000,1.00902151284
308875,308883,310319,8,1436,8,3000,1.00557103064
308885,309271,310702,386,1431,8,3000,1.26974143955
309052,309058,313102,6,4044,2,36000,1.00148367953
309193,309199,312613,6,3414,2,36000,1.00175746924
309245,309251,314035,6,4784,2,36000,1.0012541806
309274,309306,310764,32,1458,8,3000,1.0219478738
309305,309531,310994,226,1463,8,3000,1.15447710185
309515,309817,312540,302,2723,2,72000,1.11090708777
309521,309548,313068,27,3520,2,36000,1.00767045455
309539,309790,345836,251,36046,2,36000,1.00696332464
309546,309765,309801,219,36,4,360000,7.08333333333
309551,309812,348746,261,38934,2,43200,1.00670365233
309780,309845,313569,65,3724,2,36000,1.01745435016
309837,309933,313447,96,3514,2,36000,1.02731929425
309938,310329,311757,391,1428,8,3000,1.27380952381
309999,310005,313209,6,3204,2,36000,1.00187265918
310096,310102,314156,6,4054,2,36000,1.00148001973
310262,310268,312374,6,2106,2,72000,1.00284900285
310327,310335,311781,8,1446,8,3000,1.00553250346
310338,310423,311851,85,1428,8,3000,1.05952380952
310405,310412,314715,7,4303,2,36000,1.00162677202
310420,310718,312185,298,1467,8,3000,1.20313565099
310444,310450,346454,6,36004,2,36000,1.00016664815
310483,310489,313891,6,3402,2,36000,1.00176366843
310540,310546,314112,6,3566,2,36000,1.00168255749
310542,310723,311156,181,433,1,72000,1.41801385681
310542,310785,311189,243,404,1,72000,1.60148514851
310576,310582,313944,6,3362,2,36000,1.00178465199
310717,310780,312217,63,1437,8,3000,1.04384133612
310768,310774,314898,6,4124,2,36000,1.00145489816
310779,311005,312445,226,1440,8,3000,1.15694444444
310786,313236,314211,2450,975,3,3600,3.51282051282
311004,311768,313286,764,1518,8,3000,1.50329380764
311017,311024,314038,7,3014,2,36000,1.00232249502
311210,312451,313239,1241,788,6,356400,2.57487309645
311277,311287,315019,10,3732,2,36000,1.0026795284
311609,311615,314916,6,3301,2,36000,1.00181763102
311654,311660,315261,6,3601,2,36000,1.00166620383
311757,313298,315100,1541,1802,2,72000,1.8551609323
311770,311792,313219,22,1427,8,3000,1.01541695865
311791,311863,313297,72,1434,8,3000,1.05020920502
311820,311826,315491,6,3665,2,36000,1.00163710778
311863,311887,313331,24,1444,8,3000,1.01662049861
311874,311880,315405,6,3525,2,36000,1.00170212766
311877,313250,313902,1373,652,6,356400,3.10582822086
311883,312196,313644,313,1448,8,3000,1.21616022099
311888,311927,347937,39,36010,2,36000,1.00108303249
311918,311946,347980,28,36034,2,36000,1.0007770439
311936,312093,316247,157,4154,2,36000,1.03779489649
311983,313308,664531,1325,351223,2,360000,1.00377253198
312084,312228,315292,144,3064,2,36000,1.04699738903
312231,312457,313887,226,1430,8,3000,1.15804195804
312350,313303,316205,953,2902,2,72000,1.32839421089
312429,312435,315941,6,3506,2,36000,1.00171135197
312456,312552,314019,96,1467,8,3000,1.0654396728
312525,312531,315855,6,3324,2,36000,1.00180505415
312548,313231,314672,683,1441,8,3000,1.47397640527
312615,312624,315950,9,3326,2,36000,1.0027059531
313070,313080,316730,10,3650,2,36000,1.00273972603
313103,313113,316972,10,3859,2,36000,1.00259134491
313209,313314,316815,105,3501,2,36000,1.02999143102
313313,313320,314759,7,1439,8,3000,1.00486448923
313323,313342,314790,19,1448,8,3000,1.01312154696
313344,313655,315114,311,1459,8,3000,1.21315969842
313449,313913,316860,464,2947,2,108000,1.15744825246
313450,313580,316913,130,3333,2,36000,1.03900390039
313571,313660,317116,89,3456,2,36000,1.02575231481
313663,313898,315336,235,1438,8,3000,1.16342141864
313899,313904,317330,5,3426,2,36000,1.0014594279
313910,314031,315460,121,1429,8,3000,1.08467459762
313947,314036,317801,89,3765,2,36000,1.02363877822
314036,314683,316841,647,2158,8,4500,1.29981464319
314037,314043,317447,6,3404,2,36000,1.0017626322
314048,314688,315374,640,686,6,356400,1.93294460641
314052,314059,317544,7,3485,2,36000,1.00200860832
314113,314119,317656,6,3537,2,36000,1.00169635284
314160,314166,317916,6,3750,2,36000,1.0016
314528,314770,315500,242,730,6,356400,1.33150684932
314717,314726,318082,9,3356,2,36000,1.002681764
314901,314907,318224,6,3317,2,36000,1.00180886343
314918,314924,318187,6,3263,2,36000,1.00183879865
314931,314937,354758,6,39821,1,172800,1.00015067427
314956,315111,318986,155,3875,2,108000,1.04
314986,315033,356129,47,41096,1,172800,1.00114366362
315021,315027,318462,6,3435,2,36000,1.00174672489
315264,315270,318635,6,3365,2,36000,1.00178306092
315288,315294,318797,6,3503,2,36000,1.00171281758
315406,315412,320259,6,4847,2,36000,1.0012378791
315493,315500,319341,7,3841,2,36000,1.00182244207
315672,315679,315716,7,37,6,356400,1.18918918919
315749,315755,316275,6,520,6,356400,1.01153846154
315772,315778,316534,6,756,6,356400,1.00793650794
315858,315865,319541,7,3676,2,36000,1.00190424374
315943,315953,319604,10,3651,2,36000,1.00273897562
315957,315964,319554,7,3590,2,36000,1.00194986072
316106,316113,321174,7,5061,2,108000,1.00138312586
316250,316256,319680,6,3424,2,36000,1.00175233645
316386,316395,380168,9,63773,4,360000,1.00014112555
316447,316453,316456,6,3,1,180000,1.0
316506,316512,317206,6,694,1,180000,1.00864553314
316619,316625,319533,6,2908,1,180000,1.00206327373
316622,316852,316941,230,89,16,3600,3.58426966292
316645,316651,316653,6,2,2,3600,1.0
316734,316740,320412,6,3672,2,36000,1.00163398693
316745,316751,316754,6,3,2,3600,1.0
316796,316802,317928,6,1126,1,180000,1.0053285968
316820,316826,320267,6,3441,2,36000,1.00174367916
316895,316901,319343,6,2442,2,108000,1.00245700246
316910,316956,316975,46,19,16,300,3.42105263158
316914,316920,320420,6,3500,2,36000,1.00171428571
316944,316950,316951,6,1,2,3600,1.0
316975,316981,320639,6,3658,2,36000,1.00164024057
317042,317048,317051,6,3,1,180000,1.0
317095,317101,317170,6,69,16,300,1.08695652174
317117,317123,320839,6,3716,2,36000,1.0016146394
317174,317180,318083,6,903,1,180000,1.00664451827
317333,317339,320901,6,3562,2,36000,1.00168444694
317373,317379,317666,6,287,1,72000,1.02090592334
317447,317453,320986,6,3533,2,36000,1.00169827342
317482,321753,322131,4271,378,32,3600,12.2989417989
317544,317550,321038,6,3488,2,36000,1.00172018349
317658,317664,321016,6,3352,2,36000,1.00178997613
317803,317809,321519,6,3710,2,36000,1.00161725067
317917,317923,321386,6,3463,2,36000,1.00173260179
318084,318090,321456,6,3366,2,36000,1.00178253119
318189,318195,321720,6,3525,2,36000,1.00170212766
318194,318201,332429,7,14228,2,108000,1.00049198763
318225,318231,321745,6,3514,2,36000,1.00170745589
318463,318469,321862,6,3393,2,36000,1.0017683466
318637,318643,322088,6,3445,2,36000,1.00174165457
318800,318806,322347,6,3541,2,36000,1.0016944366
318811,318817,318818,6,1,2,3600,1.0
318823,318829,318978,6,149,16,300,1.04026845638
319225,319231,331374,6,12143,2,108000,1.00049411183
319342,319348,322880,6,3532,2,36000,1.00169875425
319544,319550,322916,6,3366,2,36000,1.00178253119
319559,319565,322901,6,3336,2,36000,1.00179856115
319604,319610,323439,6,3829,2,36000,1.00156698877
319682,319688,323208,6,3520,2,36000,1.00170454545
319758,319764,319848,6,84,2,3600,1.07142857143
320130,320136,321600,6,1464,8,3000,1.00409836066
320141,320147,321605,6,1458,8,3000,1.00411522634
320152,320158,321742,6,1584,8,3000,1.00378787879
320162,320168,321579,6,1411,8,3000,1.00425230333
320173,320179,321622,6,1443,8,3000,1.00415800416
320184,320190,321761,6,1571,8,3000,1.00381922342
320194,320423,321878,229,1455,8,3000,1.15738831615
320260,320266,323378,6,3112,2,36000,1.00192802057
320275,320432,323898,157,3466,2,36000,1.04529717253
320414,320650,324198,236,3548,2,36000,1.06651634724
320429,320850,324370,421,3520,2,36000,1.11960227273
320448,322158,322173,1710,15,2,3600,115.0
320555,321616,321688,1061,72,16,300,15.7361111111
320744,322147,323299,1403,1152,3,3600,2.21788194444
320765,322152,322979,1387,827,3,3600,2.67714631197
320848,321467,322952,619,1485,8,3000,1.41683501684
321297,322163,332289,866,10126,2,108000,1.08552241754
321471,321590,323648,119,2058,8,3000,1.05782312925
321594,321633,323430,39,1797,8,3000,1.02170283806
321608,322168,353107,560,30939,2,108000,1.01810013252
321629,321772,323209,143,1437,8,3000,1.09951287404
321748,321777,325128,29,3351,2,36000,1.00865413309
321782,321889,323704,107,1815,8,3000,1.05895316804
321864,321873,325365,9,3492,2,36000,1.00257731959
321885,322142,323563,257,1421,8,3000,1.18085855032
321891,322173,424431,282,102258,2,108000,1.00275773045
322091,322097,325453,6,3356,2,36000,1.00178784267
322140,322179,323617,39,1438,8,3000,1.02712100139
322181,322556,324008,375,1452,8,3000,1.25826446281
322350,322356,325621,6,3265,2,36000,1.00183767228
322560,322964,324384,404,1420,8,3000,1.28450704225
322704,324026,340769,1322,16743,2,72000,1.07895837066
322765,324031,324767,1266,736,1,180000,2.72010869565
322865,324037,329269,1172,5232,1,180000,1.22400611621
322882,322969,326388,87,3419,2,36000,1.02544603685
322903,322974,326594,71,3620,2,36000,1.01961325967
322918,322979,326422,61,3443,2,36000,1.01771710717
322979,323220,324634,241,1414,8,3000,1.17043847242
323169,323175,325296,6,2121,1,28800,1.00282885431
323210,323225,326659,15,3434,2,36000,1.00436808387
323224,323442,324898,218,1456,8,3000,1.14972527473
323378,323384,326825,6,3441,2,36000,1.00174367916
323439,323659,325134,220,1475,8,3000,1.14915254237
323441,323448,326695,7,3247,2,36000,1.00215583616
323469,324042,325193,573,1151,1,180000,1.49782797567
323559,323628,324014,69,386,16,28800,1.17875647668
323567,324047,325137,480,1090,1,180000,1.44036697248
323664,323721,325210,57,1489,8,3000,1.03828072532
323675,323716,328025,41,4309,1,57600,1.00951496867
323725,324019,325437,294,1418,8,3000,1.20733427362
323898,323904,327562,6,3658,2,36000,1.00164024057
324022,324053,325534,31,1481,8,3000,1.02093180284
324053,324395,325812,342,1417,8,3000,1.2413549753
324199,324205,327534,6,3329,2,36000,1.00180234305
324373,324379,328124,6,3745,2,36000,1.00160213618
324400,324645,326327,245,1682,8,3000,1.14565992866
324542,327009,328077,2467,1068,3,3600,3.30992509363
324646,324909,326347,263,1438,8,3000,1.18289290682
324912,325146,326571,234,1425,8,3000,1.16421052632
325129,325135,328771,6,3636,2,36000,1.00165016502
325147,325153,326565,6,1412,8,3000,1.00424929178
325158,325222,326993,64,1771,8,3000,1.03613777527
325219,325449,326912,230,1463,8,3000,1.15721120984
325255,327014,331395,1759,4381,3,14400,1.40150650536
325367,325379,329095,12,3716,2,36000,1.00322927879
325454,325545,326992,91,1447,8,3000,1.06288873531
325456,325462,328912,6,3450,2,36000,1.00173913043
325547,325823,327251,276,1428,8,3000,1.19327731092
325623,325629,329171,6,3542,2,36000,1.00169395822
325636,326821,327535,1185,714,6,356400,2.65966386555
325823,326339,327802,516,1463,8,3000,1.35269993165
326343,326358,327789,15,1431,8,3000,1.01048218029
326354,326576,328053,222,1477,8,3000,1.15030467163
326390,326581,329624,191,3043,2,36000,1.06276700624
326423,326586,329795,163,3209,2,36000,1.05079464007
326589,326924,328373,335,1449,8,3000,1.23119392685
326597,326603,330825,6,4222,2,36000,1.00142112743
326660,326666,329937,6,3271,2,36000,1.00183430144
326696,326702,329927,6,3225,2,36000,1.00186046512
326826,326832,330434,6,3602,2,36000,1.00166574125
326926,327004,328412,78,1408,8,3000,1.05539772727
327008,327020,328450,12,1430,8,3000,1.00839160839
327019,327263,328782,244,1519,8,3000,1.16063199473
327264,327546,328981,282,1435,8,3000,1.19651567944
327536,327573,331246,37,3673,2,36000,1.01007350939
327563,327801,331354,238,3553,2,36000,1.06698564593
327805,327813,329250,8,1437,8,3000,1.00556715379
327816,328036,329573,220,1537,8,3000,1.14313597918
328041,328064,329512,23,1448,8,3000,1.0158839779
328062,328461,330507,399,2046,8,3000,1.19501466276
328126,328135,331538,9,3403,2,36000,1.00264472524
328172,328179,385804,7,57625,1,57600,1.00012147505
328183,328189,333294,6,5105,1,28800,1.00117531832
328192,328423,328927,231,504,16,28800,1.45833333333
328460,328793,330218,333,1425,8,3000,1.23368421053
328773,328782,332216,9,3434,2,36000,1.00262085032
328797,328938,330576,141,1638,8,3000,1.08608058608
328914,328923,332327,9,3404,2,36000,1.0026439483
328941,328947,330370,6,1423,8,3000,1.00421644413
328951,328993,330428,42,1435,8,3000,1.02926829268
328993,329261,330690,268,1429,8,3000,1.18754373688
329097,329104,332602,7,3498,2,36000,1.00200114351
329172,329179,332829,7,3650,2,36000,1.00191780822
329258,329523,330948,265,1425,8,3000,1.18596491228
329524,329584,331006,60,1422,8,3000,1.04219409283
329586,330229,332825,643,2596,8,3000,1.24768875193
329627,329633,333187,6,3554,2,36000,1.0016882386
329795,329802,333300,7,3498,2,36000,1.00200114351
329930,329936,333599,6,3663,2,36000,1.00163800164
329946,330234,333870,288,3636,2,36000,1.07920792079
330239,330381,332412,142,2031,8,3000,1.06991629739
330382,330439,331852,57,1413,8,3000,1.04033970276
330437,330445,334108,8,3663,2,36000,1.00218400218
330444,330518,331962,74,1444,8,3000,1.0512465374
330516,330587,332010,71,1423,8,3000,1.0498945889
330588,330701,332142,113,1441,8,3000,1.07841776544
330700,330959,332599,259,1640,8,3000,1.15792682927
330826,330832,334639,6,3807,2,36000,1.00157604413
330956,331017,333204,61,2187,8,4500,1.02789208962
331132,331365,332786,233,1421,8,3000,1.16396903589
331248,331386,334816,138,3430,2,36000,1.04023323615
331358,331406,334592,48,3186,2,36000,1.01506591337
331409,331838,333274,429,1436,8,3000,1.29874651811
331539,331545,334804,6,3259,2,36000,1.00184105554
331837,331844,333293,7,1449,8,3000,1.00483091787
331848,331863,333552,15,1689,8,3000,1.00888099467
331859,331973,333484,114,1511,8,3000,1.07544672402
331971,332022,333437,51,1415,8,3000,1.03604240283
332023,332153,333590,130,1437,8,3000,1.09046624913
332156,332423,333890,267,1467,8,3000,1.18200408998
332219,332227,337119,8,4892,2,36000,1.00163532298
332330,332428,335878,98,3450,2,36000,1.0284057971
332432,332610,334032,178,1422,8,3000,1.12517580872
332604,332615,335977,11,3362,2,36000,1.00327186199
332616,332738,334201,122,1463,8,3000,1.08339029392
332739,332797,334222,58,1425,8,3000,1.04070175439
332800,332836,334349,36,1513,8,3000,1.02379378718
332830,332842,336279,12,3437,2,36000,1.00349141693
332842,333215,334662,373,1447,8,3000,1.25777470629
332873,333310,348223,437,14913,2,360000,1.02930329243
333187,333198,336537,11,3339,2,36000,1.00329439952
333220,333285,334803,65,1518,8,3000,1.04281949934
333281,333304,335022,23,1718,8,3000,1.01338766007
333302,333315,336824,13,3509,2,36000,1.00370475919
333312,333321,334773,9,1452,8,3000,1.00619834711
333323,333329,334744,6,1415,8,3000,1.00424028269
333333,333448,335635,115,2187,8,3000,1.05258344765
333446,333495,336280,49,2785,8,3000,1.01759425494
333498,333563,334984,65,1421,8,3000,1.0457424349
333559,333601,335070,42,1469,8,3000,1.02859087815
333599,333607,336954,8,3347,2,36000,1.00239020018
333611,333902,335352,291,1450,8,3000,1.20068965517
333871,333877,337416,6,3539,2,36000,1.00169539418
333907,334043,335501,136,1458,8,3000,1.09327846365
334040,334213,335652,173,1439,8,3000,1.12022237665
334112,334218,337692,106,3474,2,36000,1.03051237766
334214,334233,335649,19,1416,8,3000,1.0134180791
334235,334360,335768,125,1408,8,3000,1.08877840909
334331,334337,355965,6,21628,2,21600,1.00027741816
334358,334673,336095,315,1422,8,3000,1.22151898734
334440,334820,363637,380,28817,2,28800,1.01318666065
334594,334651,338069,57,3418,2,36000,1.01667641896
334637,334827,351887,190,17060,2,28800,1.01113716295
334642,334678,338340,36,3662,2,36000,1.00983069361
334674,334755,336178,81,1423,8,3000,1.05692199578
334756,334784,336270,28,1486,8,3000,1.01884253028
334787,334814,336239,27,1425,8,3000,1.01894736842
334804,335011,338253,207,3242,2,36000,1.06384947563
334819,335039,338490,220,3451,2,36000,1.06374963779
334827,334995,338295,168,3300,2,43200,1.05090909091
334832,335000,360800,168,25800,2,43200,1.00651162791
334837,335005,344125,168,9120,2,43200,1.01842105263
334844,335034,339557,190,4523,2,43200,1.04200751713
335043,335081,336550,38,1469,8,3000,1.02586793737
335084,335364,336910,280,1546,8,3000,1.18111254851
335360,335512,336932,152,1420,8,3000,1.10704225352
335409,336566,344436,1157,7870,4,21600,1.14701397713
335513,335646,337075,133,1429,8,3000,1.09307207838
335647,335660,337111,13,1451,8,3000,1.00895933839
335657,335666,337453,9,1787,8,3000,1.00503637381
335668,335779,337243,111,1464,8,3000,1.07581967213
335780,336106,337515,326,1409,8,3000,1.23136976579
335879,335885,339189,6,3304,2,36000,1.00181598063
335978,335985,339407,7,3422,2,36000,1.00204558738
336107,336190,337629,83,1439,8,3000,1.05767894371
336189,336251,337654,62,1403,8,3000,1.04419101924
336251,336281,337697,30,1416,8,3000,1.02118644068
336279,336287,339443,8,3156,2,36000,1.00253485425
336282,336293,337992,11,1699,8,3000,1.0064743967
336293,336548,337984,255,1436,8,3000,1.17757660167
336538,336561,340018,23,3457,2,36000,1.00665316749
336559,336921,338428,362,1507,8,3000,1.2402123424
336827,336835,340129,8,3294,2,36000,1.00242865817
336926,336943,338366,17,1423,8,3000,1.01194659171
336947,337086,338501,139,1415,8,3000,1.09823321555
336957,336963,340423,6,3460,2,36000,1.00173410405
337091,337122,338595,31,1473,8,3000,1.0210454854
337119,337128,340540,9,3412,2,36000,1.00263774912
337132,337254,338681,122,1427,8,3000,1.08549404345
337255,337464,338902,209,1438,8,3000,1.14534075104
337417,337423,340799,6,3376,2,36000,1.00177725118
337469,337526,338966,57,1440,8,3000,1.03958333333
337531,337640,339057,109,1417,8,3000,1.07692307692
337644,337665,339106,21,1441,8,3000,1.01457321305
337664,337708,339126,44,1418,8,3000,1.03102961918
337694,337700,341206,6,3506,2,36000,1.00171135197
337706,337995,339465,289,1470,8,3000,1.19659863946
337992,338003,339526,11,1523,8,3000,1.007222587
338002,338377,339808,375,1431,8,3000,1.26205450734
338070,338076,342172,6,4096,2,36000,1.00146484375
338253,338260,341880,7,3620,2,36000,1.00193370166
338341,338347,342014,6,3667,2,36000,1.00163621489
338381,338439,339928,58,1489,8,3000,1.03895231699
338443,338512,340678,69,2166,8,4500,1.03185595568
338491,338497,342092,6,3595,2,36000,1.0016689847
338785,338791,346398,6,7607,6,356400,1.00078874721
339190,339196,342804,6,3608,2,36000,1.00166297118
339411,339417,343312,6,3895,2,36000,1.00154043646
339444,339450,343104,6,3654,2,36000,1.00164203612
340020,340026,343455,6,3429,2,36000,1.00174978128
340132,340139,343676,7,3537,2,36000,1.00197907831
340425,340431,344124,6,3693,2,36000,1.00162469537
340542,340548,344678,6,4130,2,36000,1.0014527845
340551,340558,346399,7,5841,1,360000,1.00119842493
340802,340808,344291,6,3483,2,36000,1.00172265289
341044,341050,341477,6,427,6,356400,1.01405152225
341209,341215,344961,6,3746,2,36000,1.00160170849
341239,341245,341248,6,3,1,180000,1.0
341273,341279,342532,6,1253,1,180000,1.00478850758
341679,341685,347239,6,5554,1,180000,1.00108030248
341882,341888,345616,6,3728,2,36000,1.00160944206
342017,342023,345590,6,3567,2,36000,1.00168208579
342093,342099,345498,6,3399,2,36000,1.00176522507
342174,342180,345942,6,3762,2,36000,1.00159489633
342808,342814,346615,6,3801,2,36000,1.00157853197
343109,343115,347060,6,3945,2,36000,1.00152091255
343314,343320,346829,6,3509,2,36000,1.00170988886
343455,343462,346920,7,3458,2,36000,1.0020242915
343679,343685,347177,6,3492,2,36000,1.00171821306
344127,344134,347750,7,3616,2,36000,1.00193584071
344293,344299,347876,6,3577,2,36000,1.00167738328
344681,344687,348501,6,3814,2,36000,1.00157315155
344964,344970,348390,6,3420,2,36000,1.00175438596
345088,345095,345206,7,111,14,4980,1.06306306306
345204,345210,345215,6,5,1,900,1.1
345211,345217,345303,6,86,14,4980,1.06976744186
345301,345307,345312,6,5,1,900,1.1
345309,345315,345423,6,108,14,4980,1.05555555556
345421,345427,345435,6,8,1,900,1.4
345431,345437,345529,6,92,14,4980,1.0652173913
345501,345507,348880,6,3373,2,36000,1.0017788319
345527,345534,345543,7,9,1,900,1.6
345536,345542,345636,6,94,14,4980,1.06382978723
345592,345598,349244,6,3646,2,36000,1.00164563906
345619,345625,348852,6,3227,2,36000,1.00185931205
345634,345640,345649,6,9,1,900,1.5
345643,345649,345824,6,175,14,4980,1.03428571429
345822,345828,345833,6,5,1,900,1.1
345829,345834,345929,5,95,14,4980,1.05263157895
345944,345950,349295,6,3345,2,36000,1.00179372197
346222,346228,346620,6,392,12,356400,1.01530612245
346470,346476,346577,6,101,14,4980,1.05940594059
346575,346582,346586,7,4,1,900,1.1
346584,346590,346686,6,96,14,4980,1.0625
346616,346623,350132,7,3509,2,36000,1.00199487033
346639,346645,388877,6,42232,6,356400,1.00014207236
346684,346690,346694,6,4,1,900,1.0
346692,346698,346982,6,284,6,356400,1.02112676056
346693,346704,346780,11,76,14,4980,1.14473684211
346778,346784,346789,6,5,1,900,1.1
346785,346791,346956,6,165,14,4980,1.03636363636
346830,346836,350031,6,3195,2,36000,1.00187793427
346923,346929,350641,6,3712,2,36000,1.00161637931
346950,346956,346963,6,7,1,900,1.3
346958,346964,347127,6,163,14,4980,1.03680981595
347062,347068,350526,6,3458,2,36000,1.001735107
347125,347131,347137,6,6,1,900,1.2
347133,347139,347297,6,158,14,4980,1.03797468354
347180,347186,350835,6,3649,2,36000,1.00164428611
347294,347300,347307,6,7,1,900,1.3
347300,347307,347410,7,103,14,4980,1.06796116505
347408,347414,347415,6,1,1,900,1.0
347759,347765,351522,6,3757,2,36000,1.0015970189
347879,347885,351626,6,3741,2,36000,1.00160384924
348391,348397,351788,6,3391,2,36000,1.00176938956
348503,348509,352090,6,3581,2,36000,1.00167550963
348582,348588,348793,6,205,16,300,1.02926829268
348592,348598,388735,6,40137,6,356400,1.000149488
348665,348671,348749,6,78,14,15960,1.07692307692
348748,348754,348764,6,10,1,900,1.6
348754,348760,348850,6,90,14,15960,1.06666666667
348847,348853,348872,6,19,1,900,1.31578947368
348854,348860,352210,6,3350,2,36000,1.00179104478
348855,348866,348946,11,80,14,15960,1.1375
348881,348887,352222,6,3335,2,36000,1.00179910045
348945,348952,348964,7,12,1,900,1.58333333333
348959,348965,349055,6,90,14,15960,1.06666666667
349053,349059,349065,6,6,1,900,1.2
349061,349067,349230,6,163,14,15960,1.03680981595
349228,349234,349240,6,6,1,900,1.2
349236,349241,349386,5,145,14,15960,1.03448275862
349246,349252,352853,6,3601,2,36000,1.00166620383
349298,349305,352906,7,3601,2,36000,1.00194390447
349384,349390,349396,6,6,1,900,1.2
349392,349398,349589,6,191,14,15960,1.03141361257
349506,349513,349842,7,329,16,300,1.02127659574
349587,349593,349599,6,6,1,900,1.2
349595,349601,349757,6,156,14,15960,1.03846153846
349755,349761,349769,6,8,1,900,1.4
349764,349770,349933,6,163,14,15960,1.03680981595
349899,349906,349908,7,2,2,3600,1.0
349931,349937,349944,6,7,1,900,1.3
349939,349945,350099,6,154,14,15960,1.03896103896
349953,349959,349960,6,1,2,3600,1.0
350034,350041,353785,7,3744,2,36000,1.00186965812
350094,350100,350107,6,7,1,900,1.3
350105,350110,350280,5,170,14,15960,1.02941176471
350133,350139,353690,6,3551,2,36000,1.00168966488
350266,350272,350273,6,1,2,3600,1.0
350278,350284,350292,6,8,1,900,1.4
350286,350292,350458,6,166,14,15960,1.03614457831
350407,350413,350414,6,1,2,3600,1.0
350457,350463,350471,6,8,1,900,1.4
350466,350472,350638,6,166,14,15960,1.03614457831
350528,350534,354175,6,3641,2,36000,1.00164789893
350636,350642,350648,6,6,1,900,1.2
350642,350648,354181,6,3533,2,36000,1.00169827342
350645,350654,350820,9,166,14,15960,1.05421686747
350732,350738,351404,6,666,2,3600,1.00900900901
350818,350824,350830,6,6,1,900,1.2
350827,350833,351009,6,176,14,15960,1.03409090909
350835,350841,354219,6,3378,2,36000,1.00177619893
351007,351014,351020,7,6,1,900,1.3
351016,351022,351263,6,241,14,15960,1.02489626556
351260,351267,351275,7,8,1,900,1.5
351271,351277,351529,6,252,14,15960,1.02380952381
351525,351531,354993,6,3462,2,36000,1.00173310225
351526,351537,351558,11,21,1,900,1.52380952381
351535,351543,351794,8,251,14,15960,1.03187250996
351627,351634,355155,7,3521,2,36000,1.00198807157
351791,351797,351820,6,23,1,900,1.26086956522
351792,351802,355277,10,3475,2,36000,1.00287769784
351801,351808,352077,7,269,14,15960,1.02602230483
352074,352080,352088,6,8,1,900,1.4
352083,352089,352342,6,253,14,15960,1.02371541502
352090,352096,355525,6,3429,2,36000,1.00174978128
352093,352102,375492,9,23390,2,43200,1.00038477982
352210,352216,356054,6,3838,2,36000,1.00156331423
352225,352231,355631,6,3400,2,36000,1.00176470588
352340,352346,352354,6,8,1,900,1.4
352348,352354,352617,6,263,14,15960,1.02281368821
352615,352621,352628,6,7,1,900,1.3
352624,352630,352788,6,158,14,15960,1.03797468354
352786,352792,352800,6,8,1,900,1.4
352794,352800,352993,6,193,14,15960,1.0310880829
352854,352860,356531,6,3671,2,36000,1.00163443203
352908,352915,356699,7,3784,2,36000,1.00184989429
352991,352997,353004,6,7,1,900,1.3
352999,353005,353255,6,250,14,15960,1.024
353253,353259,353267,6,8,1,900,1.4
353261,353267,353517,6,250,14,15960,1.024
353515,353521,353529,6,8,1,900,1.4
353523,353530,353783,7,253,14,15960,1.02766798419
353691,353697,357406,6,3709,2,36000,1.00161768671
353781,353787,353794,6,7,1,900,1.3
353787,353793,357135,6,3342,2,36000,1.00179533214
353791,353799,354049,8,250,14,15960,1.032
354043,354048,354057,5,9,1,900,1.4
354053,354059,354314,6,255,14,15960,1.02352941176
354178,354184,357780,6,3596,2,36000,1.00166852058
354193,354199,357817,6,3618,2,36000,1.00165837479
354219,354226,357719,7,3493,2,36000,1.00200400802
354313,354319,354326,6,7,1,900,1.3
354321,354327,354575,6,248,14,15960,1.02419354839
354573,354579,354586,6,7,1,900,1.3
354581,354587,354833,6,246,14,15960,1.0243902439
354831,354837,354842,6,5,1,900,1.1
354839,354845,355092,6,247,14,15960,1.02429149798
354994,355000,358358,6,3358,2,36000,1.00178677784
355090,355096,355101,6,5,1,900,1.1
355100,355106,355364,6,258,14,15960,1.02325581395
355157,355163,358743,6,3580,2,36000,1.00167597765
355280,355286,358908,6,3622,2,36000,1.00165654335
355362,355368,355373,6,5,1,900,1.1
355371,355377,355645,6,268,14,15960,1.0223880597
355526,355533,359093,7,3560,2,36000,1.00196629213
355632,355638,359101,6,3463,2,36000,1.00173260179
355642,355648,355654,6,6,1,900,1.2
355650,355656,355910,6,254,14,15960,1.02362204724
355908,355914,355920,6,6,1,900,1.2
355916,355922,356197,6,275,14,15960,1.02181818182
356056,356063,359748,7,3685,2,36000,1.00189959294
356195,356200,356208,5,8,1,900,1.3
356203,356210,356461,7,251,14,15960,1.02788844622
356455,356461,356469,6,8,1,900,1.4
356464,356471,356744,7,273,14,15960,1.02564102564
356534,356540,360104,6,3564,2,36000,1.00168350168
356700,356707,360267,7,3560,2,36000,1.00196629213
356742,356748,356765,6,17,1,900,1.35294117647
356752,356758,357024,6,266,14,15960,1.02255639098
357023,357029,357035,6,6,1,900,1.2
357032,357038,357313,6,275,14,15960,1.02181818182
357137,357143,360828,6,3685,2,36000,1.00162822252
357310,357316,357324,6,8,1,900,1.4
357321,357327,357578,6,251,14,15960,1.02390438247
357409,357415,360708,6,3293,2,36000,1.00182204677
357576,357582,357602,6,20,1,900,1.3
357587,357593,357843,6,250,14,15960,1.024
357719,357725,361449,6,3724,2,36000,1.00161117078
357782,357788,361261,6,3473,2,36000,1.00172761301
357818,357824,363047,6,5223,2,36000,1.00114876508
357841,357847,357854,6,7,1,900,1.3
357850,357856,358127,6,271,14,15960,1.0221402214
358125,358131,358138,6,7,1,900,1.3
358133,358139,358380,6,241,14,15960,1.02489626556
358359,358366,361796,7,3430,2,36000,1.00204081633
358378,358384,358391,6,7,1,900,1.3
358386,358392,358637,6,245,14,15960,1.02448979592
358635,358641,358649,6,8,1,900,1.4
358643,358649,358943,6,294,14,15960,1.02040816327
358745,358751,362102,6,3351,2,36000,1.0017905103
358910,358916,362693,6,3777,2,36000,1.00158856235
358940,358946,358954,6,8,1,900,1.4
358948,358953,359203,5,250,14,15960,1.02
359094,359100,362332,6,3232,2,36000,1.00185643564
359109,359115,362615,6,3500,2,36000,1.00171428571
359201,359207,359214,6,7,1,900,1.3
359210,359216,359454,6,238,14,15960,1.02521008403
359452,359459,359465,7,6,1,900,1.3
359461,359466,359745,5,279,14,15960,1.01792114695
359741,359747,359753,6,6,1,900,1.2
359749,359755,360014,6,259,14,15960,1.02316602317
359750,359761,363442,11,3681,2,36000,1.00298831839
360013,360019,360029,6,10,1,900,1.6
360022,360028,360271,6,243,14,15960,1.02469135802
360105,360111,363559,6,3448,2,36000,1.00174013921
360268,360274,360291,6,17,1,900,1.35294117647
360272,360280,364069,8,3789,2,36000,1.00211137503
360278,360286,360569,8,283,14,15960,1.02826855124
360566,360572,360585,6,13,1,900,1.46153846154
360577,360583,360845,6,262,14,15960,1.02290076336
360709,360715,364313,6,3598,2,36000,1.00166759311
360830,360836,364283,6,3447,2,36000,1.00174064404
360843,360849,360855,6,6,1,900,1.2
360853,360859,361119,6,260,14,15960,1.02307692308
361117,361123,361131,6,8,1,900,1.4
361126,361132,361389,6,257,14,15960,1.0233463035
361264,361270,364745,6,3475,2,36000,1.00172661871
361387,361393,361399,6,6,1,900,1.2
361396,361402,361675,6,273,14,15960,1.02197802198
361451,361458,364540,7,3082,2,36000,1.00227125243
361673,361679,361688,6,9,1,900,1.5
361681,361687,361990,6,303,14,15960,1.0198019802
361798,361804,365361,6,3557,2,36000,1.00168681473
361988,361995,362004,7,9,1,900,1.6
361999,362005,362253,6,248,14,15960,1.02419354839
362103,362109,365766,6,3657,2,36000,1.00164068909
362174,362180,362295,6,115,1,1800,1.05217391304
362251,362257,362264,6,7,1,900,1.3
362259,362265,362521,6,256,14,15960,1.0234375
362335,362341,366050,6,3709,2,36000,1.00161768671
362519,362525,362534,6,9,1,900,1.5
362527,362533,362792,6,259,14,15960,1.02316602317
362593,362599,362714,6,115,1,1800,1.05217391304
362618,362624,365521,6,2897,2,36000,1.00207110804
362696,362702,366037,6,3335,2,36000,1.00179910045
362790,362796,362805,6,9,1,900,1.5
362798,362804,363062,6,258,14,15960,1.02325581395
363049,363055,366353,6,3298,2,36000,1.00181928441
363060,363066,363072,6,6,1,900,1.2
363068,363074,363330,6,256,14,15960,1.0234375
363328,363334,363341,6,7,1,900,1.3
363336,363342,363599,6,257,14,15960,1.0233463035
363378,363384,363915,6,531,1,1800,1.01129943503
363443,363449,367058,6,3609,2,36000,1.00166251039
363560,363567,367112,7,3545,2,36000,1.00197461213
363597,363603,363613,6,10,1,900,1.6
363606,363613,363868,7,255,14,15960,1.02745098039
363865,363872,363883,7,11,1,900,1.63636363636
363874,363880,364146,6,266,14,15960,1.02255639098
364073,364079,367790,6,3711,2,36000,1.00161681487
364144,364150,364158,6,8,1,900,1.4
364152,364158,364424,6,266,14,15960,1.02255639098
364284,364290,367570,6,3280,2,36000,1.00182926829
364313,364320,367929,7,3609,2,36000,1.00193959546
364422,364428,364436,6,8,1,900,1.4
364430,364436,364816,6,380,14,15960,1.01578947368
364542,364548,368272,6,3724,2,36000,1.00161117078
364746,364752,368590,6,3838,2,36000,1.00156331423
364813,364819,364841,6,22,1,900,1.27272727273
364824,364830,365105,6,275,14,15960,1.02181818182
365103,365109,365133,6,24,1,900,1.25
365114,365120,365412,6,292,14,15960,1.02054794521
365364,365370,369030,6,3660,2,36000,1.00163934426
365411,365417,365439,6,22,1,900,1.27272727273
365421,365427,365699,6,272,14,15960,1.02205882353
365524,365531,368967,7,3436,2,36000,1.00203725262
365694,365700,365717,6,17,1,900,1.35294117647
365703,365709,365977,6,268,14,15960,1.0223880597
365771,365777,369086,6,3309,2,36000,1.00181323663
365903,365910,365961,7,51,1,1800,1.13725490196
365976,365983,365993,7,10,1,900,1.7
365989,365995,366290,6,295,14,15960,1.02033898305
366039,366045,369624,6,3579,2,36000,1.00167644593
366055,366061,369733,6,3672,2,36000,1.00163398693
366069,366075,366214,6,139,1,1800,1.04316546763
366286,366292,366306,6,14,1,900,1.42857142857
366298,366305,366570,7,265,14,15960,1.02641509434
366304,366311,366391,7,80,1,1800,1.0875
366356,366362,369911,6,3549,2,36000,1.00169061708
366554,366560,366674,6,114,1,1800,1.05263157895
366568,366574,366583,6,9,1,900,1.5
366576,366582,366883,6,301,14,15960,1.01993355482
366881,366887,366905,6,18,1,900,1.33333333333
366890,366896,367161,6,265,14,15960,1.02264150943
367064,367070,370460,6,3390,2,36000,1.0017699115
367116,367122,370507,6,3385,2,36000,1.00177252585
367159,367165,367181,6,16,1,900,1.375
367169,367175,367458,6,283,14,15960,1.02120141343
367237,367243,367539,6,296,1,1800,1.02027027027
367414,367421,367927,7,506,1,1800,1.01383399209
367456,367462,367480,6,18,1,900,1.33333333333
367464,367471,367720,7,249,14,15960,1.0281124498
367574,367580,370993,6,3413,2,36000,1.00175798418
367718,367724,367741,6,17,1,900,1.35294117647
367727,367733,368000,6,267,14,15960,1.02247191011
367790,367796,371384,6,3588,2,36000,1.0016722408
367932,367938,371526,6,3588,2,36000,1.0016722408
368000,368006,368015,6,9,1,900,1.5
368008,368014,368298,6,284,14,15960,1.02112676056
368276,368282,371768,6,3486,2,36000,1.0017211704
368296,368302,368309,6,7,1,900,1.3
368304,368310,368582,6,272,14,15960,1.02205882353
368578,368584,368609,6,25,1,900,1.24
368588,368594,368866,6,272,14,15960,1.02205882353
368594,368600,372088,6,3488,2,36000,1.00172018349
368864,368870,368900,6,30,1,900,1.2
368879,368885,369158,6,273,14,15960,1.02197802198
368967,368973,372840,6,3867,2,36000,1.00155159038
369032,369038,372289,6,3251,2,36000,1.00184558597
369090,369097,372952,7,3855,2,36000,1.00181582361
369155,369161,369183,6,22,1,900,1.27272727273
369167,369173,369279,6,106,14,15960,1.05660377358
369277,369283,369284,6,1,1,900,1.0
369377,369384,372923,7,3539,2,36000,1.00197795988
369379,369390,372722,11,3332,2,36000,1.00330132053
369380,369395,373221,15,3826,2,36000,1.00392054365
369381,369400,372907,19,3507,2,36000,1.00541773596
369383,369405,373288,22,3883,2,36000,1.00566572238
369384,369410,373028,26,3618,2,36000,1.00718629077
369385,369416,373039,31,3623,2,36000,1.00855644494
369387,369421,372955,34,3534,2,36000,1.00962082626
369388,369426,373232,38,3806,2,36000,1.00998423542
369389,369431,372884,42,3453,2,36000,1.01216333623
369391,369437,373044,46,3607,2,36000,1.01275298032
369392,369442,372924,50,3482,2,36000,1.01435956347
369393,369447,373072,54,3625,2,36000,1.01489655172
369394,369452,372712,58,3260,2,36000,1.01779141104
369396,369457,372817,61,3360,2,36000,1.0181547619
369397,369462,373178,65,3716,2,36000,1.0174919268
369398,369468,372947,70,3479,2,36000,1.02012072435
369400,369473,372805,73,3332,2,36000,1.02190876351
369401,369478,373086,77,3608,2,36000,1.02134146341
369402,369483,373181,81,3698,2,36000,1.02190373175
369403,369488,372935,85,3447,2,36000,1.02465912388
369405,369493,372513,88,3020,2,36000,1.02913907285
369406,369499,372973,93,3474,2,36000,1.02677029361
369407,369504,372994,97,3490,2,36000,1.02779369628
369409,369509,373009,100,3500,2,36000,1.02857142857
369410,369514,373073,104,3559,2,36000,1.02922169149
369411,369520,372901,109,3381,2,36000,1.03223898255
369412,369525,372787,113,3262,2,36000,1.03464132434
369414,369530,373021,116,3491,2,36000,1.03322830135
369415,369535,372868,120,3333,2,36000,1.03600360036
369416,369540,372915,124,3375,2,36000,1.03674074074
369418,369546,372639,128,3093,2,36000,1.0413837698
369419,369551,373027,132,3476,2,36000,1.03797468354
369420,369556,373003,136,3447,2,36000,1.0394545982
369422,369561,373429,139,3868,2,36000,1.03593588418
369423,369566,372984,143,3418,2,36000,1.04183733177
369424,369571,373039,147,3468,2,36000,1.04238754325
369425,369577,373003,152,3426,2,36000,1.04436660829
369427,369582,373363,155,3781,2,36000,1.04099444591
369428,369587,373249,159,3662,2,36000,1.04341889678
369429,369592,373429,163,3837,2,36000,1.04248110503
369431,369597,373263,166,3666,2,36000,1.04528096017
369432,369602,372880,170,3278,2,36000,1.05186089079
369433,369608,373008,175,3400,2,36000,1.05147058824
369435,369613,372929,178,3316,2,36000,1.05367913148
369436,369618,372814,182,3196,2,36000,1.05694618273
369437,369623,373203,186,3580,2,36000,1.05195530726
369438,369628,374408,190,4780,2,36000,1.03974895397
369440,369633,373052,193,3419,2,36000,1.05644925417
369441,369639,373063,198,3424,2,36000,1.0578271028
369442,369644,373450,202,3806,2,36000,1.05307409354
369444,369649,373295,205,3646,2,36000,1.0562260011
369445,369654,372990,209,3336,2,36000,1.0626498801
369446,369659,373115,213,3456,2,36000,1.06163194444
369448,369664,372933,216,3269,2,36000,1.06607525237
369449,369670,373158,221,3488,2,36000,1.06336009174
369450,369675,373435,225,3760,2,36000,1.05984042553
369451,369680,372963,229,3283,2,36000,1.06975327444
369453,369685,373100,232,3415,2,36000,1.06793557833
369454,369690,373175,236,3485,2,36000,1.06771879484
369455,369695,372977,240,3282,2,36000,1.0731261426
369457,369701,372666,244,2965,2,36000,1.08229342327
369458,369706,373164,248,3458,2,36000,1.07171775593
369459,369711,373141,252,3430,2,36000,1.07346938776
369460,369716,373693,256,3977,2,36000,1.06437012824
369462,369721,373078,259,3357,2,36000,1.07715221924
369463,369726,373107,263,3381,2,36000,1.07778763679
369464,369732,373166,268,3434,2,36000,1.07804309843
369466,369737,373409,271,3672,2,36000,1.07380174292
369467,369742,373245,275,3503,2,36000,1.07850413931
369621,369748,373225,127,3477,2,36000,1.03652574058
369737,369753,373450,16,3697,2,36000,1.00432783338
369912,369922,374304,10,4382,2,36000,1.00228206298
370460,370472,374111,12,3639,2,36000,1.00329760923
370509,370519,374173,10,3654,2,36000,1.00273672687
370571,372733,372780,2162,47,1,1800,47.0
370995,371004,374282,9,3278,2,36000,1.00274557657
371387,371395,374793,8,3398,2,36000,1.00235432607
371529,371537,374881,8,3344,2,36000,1.0023923445
371770,371779,375284,9,3505,2,36000,1.00256776034
372090,372099,375324,9,3225,2,36000,1.00279069767
372292,372300,375931,8,3631,2,36000,1.00220324979
372515,372524,376179,9,3655,2,36000,1.0024623803
372641,372650,376448,9,3798,2,36000,1.00236966825
372668,372678,376273,10,3595,2,36000,1.00278164117
372714,372723,376097,9,3374,2,36000,1.00266745702
372728,372790,376599,62,3809,2,36000,1.01627723812
372788,372798,376509,10,3711,2,36000,1.00269469146
372806,372817,376288,11,3471,2,36000,1.00316911553
372821,372827,376620,6,3793,2,36000,1.00158186132
372823,372833,376825,10,3992,2,36000,1.00250501002
372840,372847,376195,7,3348,2,36000,1.00209080048
372871,372877,376731,6,3854,2,36000,1.00155682408
372886,372892,376412,6,3520,2,36000,1.00170454545
372887,372898,376095,11,3197,2,36000,1.00344072568
372902,372908,376813,6,3905,2,36000,1.00153649168
372917,372923,376379,6,3456,2,36000,1.00173611111
372919,372929,376200,10,3271,2,36000,1.00305716906
372935,372941,376252,6,3311,2,36000,1.00181214135
372936,372947,376343,11,3396,2,36000,1.00323910483
372938,372952,376254,14,3302,2,36000,1.00423985463
372939,372957,376470,18,3513,2,36000,1.00512382579
372940,372963,376483,23,3520,2,36000,1.00653409091
372956,372969,376547,13,3578,2,36000,1.0036333147
372957,372974,376681,17,3707,2,36000,1.00458591853
372959,372980,376460,21,3480,2,36000,1.00603448276
372974,372986,376364,12,3378,2,36000,1.00355239787
372975,372991,376530,16,3539,2,36000,1.00452105114
372990,372997,376520,7,3523,2,36000,1.00198694295
372992,373002,376319,10,3317,2,36000,1.00301477238
372993,373008,376332,15,3324,2,36000,1.00451263538
373009,373015,376596,6,3581,2,36000,1.00167550963
373010,373021,376260,11,3239,2,36000,1.00339610991
373012,373026,376390,14,3364,2,36000,1.00416171225
373013,373031,376370,18,3339,2,36000,1.00539083558
373014,373037,376635,23,3598,2,36000,1.00639244024
373030,373043,376300,13,3257,2,36000,1.00399140313
373031,373048,376383,17,3335,2,36000,1.00509745127
373033,373053,376983,20,3930,2,36000,1.00508905852
373048,373060,376730,12,3670,2,36000,1.00326975477
373049,373065,376926,16,3861,2,36000,1.00414400414
373051,373071,376649,20,3578,2,36000,1.00558971492
373066,373077,376551,11,3474,2,36000,1.00316637881
373067,373082,376193,15,3111,2,36000,1.00482160077
373082,373088,376462,6,3374,2,36000,1.00177830468
373083,373094,376873,11,3779,2,36000,1.00291082297
373085,373099,376078,14,2979,2,36000,1.00469956361
373100,373105,376702,5,3597,2,36000,1.00139004726
373116,373123,376427,7,3304,2,36000,1.00211864407
373118,373128,376782,10,3654,2,36000,1.00273672687
373119,373134,376593,15,3459,2,36000,1.00433651344
373143,373149,376786,6,3637,2,36000,1.0016497113
373164,373170,376549,6,3379,2,36000,1.00177567328
373165,373176,376679,11,3503,2,36000,1.00314016557
373181,373187,376536,6,3349,2,36000,1.00179157958
373182,373193,376554,11,3361,2,36000,1.00327283547
373184,373198,376791,14,3593,2,36000,1.00389646535
373185,373203,376257,18,3054,2,36000,1.00589390963
373206,373212,377184,6,3972,2,36000,1.00151057402
373221,373227,373306,6,79,1,1800,1.07594936709
373224,373233,376733,9,3500,2,36000,1.00257142857
373239,373245,376840,6,3595,2,36000,1.0016689847
373241,373251,376780,10,3529,2,36000,1.00283366393
373256,373262,376731,6,3469,2,36000,1.00172960507
373257,373268,376997,11,3729,2,36000,1.00294985251
373272,373278,376629,6,3351,2,36000,1.0017905103
373290,373296,376801,6,3505,2,36000,1.00171184023
373304,373311,376942,7,3631,2,36000,1.00192784357
373366,373372,377082,6,3710,2,36000,1.00161725067
373412,373418,376722,6,3304,2,36000,1.00181598063
373430,373437,376832,7,3395,2,36000,1.00206185567
373432,373442,377052,10,3610,2,36000,1.0027700831
373446,373453,377003,7,3550,2,36000,1.00197183099
373461,373468,376680,7,3212,2,36000,1.00217932752
373463,373474,377104,11,3630,2,36000,1.00303030303
373696,373703,376715,7,3012,2,36000,1.00232403718
374112,374118,377640,6,3522,2,36000,1.00170357751
374176,374182,377754,6,3572,2,36000,1.00167973124
374282,374288,377809,6,3521,2,36000,1.00170406135
374309,374315,377626,6,3311,2,36000,1.00181214135
374381,374387,374697,6,310,1,1800,1.01935483871
374409,374415,377789,6,3374,2,36000,1.00177830468
374793,374800,378784,7,3984,2,36000,1.00175702811
374881,374887,378609,6,3722,2,36000,1.00161203654
375286,375292,378473,6,3181,2,36000,1.00188619931
375325,375331,378791,6,3460,2,36000,1.00173410405
375931,375937,379384,6,3447,2,36000,1.00174064404
376079,376085,379307,6,3222,2,36000,1.00186219739
376097,376103,379719,6,3616,2,36000,1.00165929204
376112,376118,379491,6,3373,2,36000,1.0017788319
376181,376188,379819,7,3631,2,36000,1.00192784357
376197,376203,379697,6,3494,2,36000,1.00171722954
376198,376209,379823,11,3614,2,36000,1.00304371887
376213,376219,379611,6,3392,2,36000,1.00176886792
376253,376259,379895,6,3636,2,36000,1.00165016502
376268,376274,379798,6,3524,2,36000,1.00170261067
376269,376280,379965,11,3685,2,36000,1.00298507463
376271,376285,380118,14,3833,2,36000,1.00365249152
376288,376294,380105,6,3811,2,36000,1.00157438992
376290,376300,379922,10,3622,2,36000,1.00276090558
376305,376311,379770,6,3459,2,36000,1.00173460538
376320,376326,379733,6,3407,2,36000,1.00176108013
376335,376341,379592,6,3251,2,36000,1.00184558597
376350,376356,379746,6,3390,2,36000,1.0017699115
376366,376372,380333,6,3961,2,36000,1.001514769
376382,376389,379957,7,3568,2,36000,1.00196188341
376384,376395,379681,11,3286,2,36000,1.003347535
376399,376405,379808,6,3403,2,36000,1.00176315016
376400,376411,379842,11,3431,2,36000,1.00320606237
376415,376421,380408,6,3987,2,36000,1.0015048909
376430,376436,380059,6,3623,2,36000,1.00165608612
376451,376457,380053,6,3596,2,36000,1.00166852058
376466,376472,379907,6,3435,2,36000,1.00174672489
376468,376478,379894,10,3416,2,36000,1.00292740047
376482,376489,379774,7,3285,2,36000,1.00213089802
376497,376503,380197,6,3694,2,36000,1.00162425555
376512,376518,379468,6,2950,2,36000,1.00203389831
376527,376533,379715,6,3182,2,36000,1.00188560654
376542,376548,380035,6,3487,2,36000,1.0017206768
376543,376554,379835,11,3281,2,36000,1.00335263639
376559,376565,380202,6,3637,2,36000,1.0016497113
376560,376571,380324,11,3753,2,36000,1.00293098854
376561,376576,380011,15,3435,2,36000,1.00436681223
376563,376581,380012,18,3431,2,36000,1.00524628388
376596,376602,380266,6,3664,2,36000,1.00163755459
376597,376608,380023,11,3415,2,36000,1.00322108346
376612,376618,379986,6,3368,2,36000,1.00178147268
376627,376633,380219,6,3586,2,36000,1.00167317345
376642,376649,380407,7,3758,2,36000,1.00186269292
376644,376655,380117,11,3462,2,36000,1.00317735413
376658,376665,380376,7,3711,2,36000,1.00188628402
376680,376686,380250,6,3564,2,36000,1.00168350168
376695,376701,380513,6,3812,2,36000,1.00157397692
376696,376707,380125,11,3418,2,36000,1.00321825629
376711,376717,380250,6,3533,2,36000,1.00169827342
376726,376732,380459,6,3727,2,36000,1.00160987389
376727,376738,380520,11,3782,2,36000,1.00290851401
376743,376749,380388,6,3639,2,36000,1.00164880462
376744,376755,380213,11,3458,2,36000,1.0031810295
376746,376760,380787,14,4027,2,36000,1.0034765334
376747,376765,380393,18,3628,2,36000,1.00496141125
376783,376790,380423,7,3633,2,36000,1.00192678227
376785,376795,380439,10,3644,2,36000,1.0027442371
376800,376806,380424,6,3618,2,36000,1.00165837479
376801,376812,380111,11,3299,2,36000,1.00333434374
376817,376823,379975,6,3152,2,36000,1.0019035533
376818,376829,380510,11,3681,2,36000,1.00298831839
376834,376841,380273,7,3432,2,36000,1.00203962704
376836,376847,380421,11,3574,2,36000,1.003077784
376851,376857,380137,6,3280,2,36000,1.00182926829
376875,376881,380096,6,3215,2,36000,1.00186625194
376928,376934,380518,6,3584,2,36000,1.00167410714
376943,376949,380202,6,3253,2,36000,1.00184445128
376986,376992,380305,6,3313,2,36000,1.00181104739
377002,377008,380627,6,3619,2,36000,1.00165791655
377017,377023,380524,6,3501,2,36000,1.00171379606
377053,377059,380498,6,3439,2,36000,1.00174469322
377084,377090,380252,6,3162,2,36000,1.00189753321
377105,377111,380760,6,3649,2,36000,1.00164428611
377185,377191,380984,6,3793,2,36000,1.00158186132
377629,377635,380898,6,3263,2,36000,1.00183879865
377644,377650,381017,6,3367,2,36000,1.00178200178
377757,377764,381355,7,3591,2,36000,1.00194931774
377792,377798,381488,6,3690,2,36000,1.00162601626
377810,377816,381433,6,3617,2,36000,1.00165883329
377964,377970,377976,6,6,8,3000,1.2
377975,377981,377987,6,6,8,3000,1.2
377985,377992,377996,7,4,8,3000,1.1
377996,378002,378006,6,4,8,3000,1.0
378007,378013,378018,6,5,8,3000,1.1
378018,378024,378028,6,4,8,3000,1.0
378070,378076,379574,6,1498,8,3000,1.00400534045
378081,378087,379509,6,1422,8,3000,1.00421940928
378091,378098,379631,7,1533,8,3000,1.00456621005
378098,378104,388736,6,10632,6,356400,1.00056433409
378102,378110,379543,8,1433,8,3000,1.00558269365
378108,379479,388736,1371,9257,6,356400,1.14810413741
378113,378119,379574,6,1455,8,3000,1.00412371134
378124,378130,379576,6,1446,8,3000,1.00414937759
378135,378141,379568,6,1427,8,3000,1.00420462509
378145,378802,380229,657,1427,8,3000,1.46040644709
378476,378482,381756,6,3274,2,36000,1.00183262065
378612,378621,382122,9,3501,2,36000,1.00257069409
378787,379502,383023,715,3521,2,36000,1.20306731042
378802,379520,383394,718,3874,2,36000,1.18533815178
379308,379525,383073,217,3548,2,36000,1.06116121759
379387,379530,383426,143,3896,2,36000,1.03670431211
379468,379536,383113,68,3577,2,36000,1.01901034386
379492,379554,382994,62,3440,2,36000,1.01802325581
379559,379579,381023,20,1444,8,3000,1.01385041551
379580,379587,381040,7,1453,8,3000,1.00481761872
379591,379597,381164,6,1567,8,3000,1.00382897256
379595,379603,382895,8,3292,2,36000,1.00243013366
379602,379609,381034,7,1425,8,3000,1.0049122807
379612,379642,381085,30,1443,8,3000,1.02079002079
379613,379618,383077,5,3459,2,36000,1.00144550448
379644,379730,381269,86,1539,8,3000,1.05588044185
379682,379688,383448,6,3760,2,36000,1.00159574468
379700,379706,383186,6,3480,2,36000,1.00172413793
379718,379724,383139,6,3415,2,36000,1.00175695461
379726,379808,381234,82,1426,8,3000,1.05750350631
379733,379745,383046,12,3301,2,36000,1.00363526204
379748,379819,383589,71,3770,2,36000,1.01883289125
379749,379830,383494,81,3664,2,36000,1.0221069869
379773,379836,383070,63,3234,2,36000,1.01948051948
379788,379846,383268,58,3422,2,36000,1.01694915254
379802,379853,383186,51,3333,2,36000,1.01530153015
379818,379906,383131,88,3225,2,36000,1.02728682171
379833,379911,383339,78,3428,2,36000,1.0227537923
379834,379918,383599,84,3681,2,36000,1.0228198859
379849,379933,383369,84,3436,2,36000,1.02444703143
379850,379969,383899,119,3930,2,36000,1.03027989822
379896,379976,383460,80,3484,2,36000,1.02296211251
379897,379987,383690,90,3703,2,36000,1.02430461788
379912,379997,383208,85,3211,2,36000,1.0264715042
379927,380022,383704,95,3682,2,36000,1.025801195
379960,380028,383907,68,3879,2,36000,1.01753029131
379975,380034,383643,59,3609,2,36000,1.01634801884
379990,380046,383438,56,3392,2,36000,1.01650943396
379991,380064,383504,73,3440,2,36000,1.02122093023
380012,380070,383227,58,3157,2,36000,1.01837187203
380013,380111,383383,98,3272,2,36000,1.02995110024
380028,380117,383756,89,3639,2,36000,1.02445726848
380043,380123,383651,80,3528,2,36000,1.02267573696
380058,380129,384054,71,3925,2,36000,1.01808917197
380073,380134,383634,61,3500,2,36000,1.01742857143
380097,380140,383649,43,3509,2,36000,1.01225420348
380113,380148,383607,35,3459,2,36000,1.01011853137
380114,380179,383846,65,3667,2,36000,1.0177256613
380129,380184,383827,55,3643,2,36000,1.01509744716
380131,380209,383452,78,3243,2,36000,1.02405180389
380132,380215,383817,83,3602,2,36000,1.02304275403
380147,380220,383415,73,3195,2,36000,1.02284820031
380198,380226,383428,28,3202,2,36000,1.00874453467
380213,380232,383743,19,3511,2,36000,1.00541156366
380215,380240,383687,25,3447,2,36000,1.00725268349
380216,380245,383626,29,3381,2,36000,1.00857734398
380231,380251,383818,20,3567,2,36000,1.00560695262
380248,380263,381711,15,1448,8,3000,1.01035911602
380252,380277,383767,25,3490,2,36000,1.00716332378
380254,380344,383878,90,3534,2,36000,1.02546689304
380255,380387,383614,132,3227,2,36000,1.0409048652
380270,380406,383536,136,3130,2,36000,1.04345047923
380278,380335,599408,57,219073,6,360000,1.00026018724
380285,380411,383886,126,3475,2,36000,1.03625899281
380306,380418,384149,112,3731,2,36000,1.03001876173
380327,380424,383725,97,3301,2,36000,1.02938503484
380342,380432,383842,90,3410,2,36000,1.02639296188
380378,380438,384190,60,3752,2,36000,1.01599147122
380392,380443,384066,51,3623,2,36000,1.01407673199
380408,380450,383664,42,3214,2,36000,1.01306782825
380409,380470,384188,61,3718,2,36000,1.01640667025
380424,380509,384144,85,3635,2,36000,1.02338376891
380426,380527,383855,101,3328,2,36000,1.03034855769
380427,380533,384094,106,3561,2,36000,1.0297669194
380428,380538,384053,110,3515,2,36000,1.03129445235
380443,380544,384055,101,3511,2,36000,1.02876673312
380461,380638,384181,177,3543,2,36000,1.049957663
380496,380521,386758,25,6237,2,36000,1.00400833734
380500,380771,384323,271,3552,2,36000,1.07629504505
380516,380798,384795,282,3997,2,36000,1.07055291469
380517,380910,384279,393,3369,2,36000,1.11665182547
380533,380995,384254,462,3259,2,36000,1.14176127647
380534,381028,384626,494,3598,2,36000,1.13729849917
380535,381035,384099,500,3064,2,36000,1.16318537859
380629,381040,384517,411,3477,2,36000,1.11820534944
380762,381045,384357,283,3312,2,36000,1.0854468599
381046,381053,382475,7,1422,8,3000,1.00492264416
381057,381063,382552,6,1489,8,3000,1.00402955003
381068,381097,382525,29,1428,8,3000,1.02030812325
381099,381175,382659,76,1484,8,3000,1.05121293801
381171,381246,382685,75,1439,8,3000,1.05211952745
381195,385335,391632,4140,6297,4,10800,1.6574559314
381243,381280,382699,37,1419,8,3000,1.02607470049
381284,381499,382960,215,1461,8,3000,1.14715947981
381500,381722,383168,222,1446,8,3000,1.15352697095
381725,382486,383908,761,1422,8,3000,1.53516174402
382482,382536,384043,54,1507,8,3000,1.03583278036
382534,382564,383982,30,1418,8,3000,1.02115655853
382565,382670,384134,105,1464,8,3000,1.07172131148
382594,382601,394553,7,11952,2,36000,1.00058567604
382668,382697,384143,29,1446,8,3000,1.02005532503
382699,382710,384278,11,1568,8,3000,1.00701530612
382710,382971,384426,261,1455,8,3000,1.1793814433
382976,383005,384423,29,1418,8,3000,1.02045133992
383007,383124,384755,117,1631,8,3000,1.07173513182
383056,383197,430844,141,47647,14,57600,1.00295926291
383120,383219,384643,99,1424,8,3000,1.06952247191
383133,384461,398974,1328,14513,1,14400,1.09150416868
383223,383380,384815,157,1435,8,3000,1.10940766551
383231,383443,384372,212,929,2,43200,1.22820236814
383377,383437,384848,60,1411,8,3000,1.04252303331
383387,384160,393209,773,9049,2,36000,1.08542380374
383438,383471,384945,33,1474,8,3000,1.0223880597
383470,383601,385029,131,1428,8,3000,1.09173669468
383594,384199,389487,605,5288,1,180000,1.11440998487
383603,383660,411995,57,28335,14,43200,1.00201164637
383603,383701,385146,98,1445,8,3000,1.0678200692
383706,383778,385262,72,1484,8,3000,1.04851752022
383758,383764,383767,6,3,2,86400,1.0
383777,383838,385263,61,1425,8,3000,1.04280701754
383839,383889,385324,50,1435,8,3000,1.03484320557
383846,384204,385181,358,977,1,180000,1.36642784033
383889,383897,397553,8,13656,2,57600,1.00058582308
383890,383919,385338,29,1419,8,3000,1.02043692741
383922,383993,385418,71,1425,8,3000,1.0498245614
383993,384055,385754,62,1699,8,3000,1.03649205415
384055,384065,385504,10,1439,8,3000,1.00694927033
384066,384111,385537,45,1426,8,3000,1.03155680224
384107,384145,385571,38,1426,8,3000,1.02664796634
384144,384831,388564,687,3733,1,3600,1.18403428878
384148,384154,385575,6,1421,8,3000,1.00422237861
384159,384289,385831,130,1542,8,3000,1.08430609598
384167,384192,387698,25,3506,2,36000,1.0071306332
384169,384266,387692,97,3426,2,36000,1.02831290134
384170,384294,387813,124,3519,2,36000,1.03523728332
384191,384300,387636,109,3336,2,36000,1.03267386091
384193,384334,387512,141,3178,2,36000,1.04436752675
384194,384368,387512,174,3144,2,36000,1.05534351145
384194,385273,388921,1079,3648,8,3600,1.29577850877
384259,384383,387880,124,3497,2,36000,1.03545896483
384284,384439,388121,155,3682,2,36000,1.04209668658
384324,384444,387757,120,3313,2,36000,1.03622094778
384360,384449,388002,89,3553,2,36000,1.02504925415
384426,384433,398636,7,14203,2,57600,1.00049285362
384445,384456,385871,11,1415,8,3000,1.00777385159
384456,384654,386083,198,1429,8,3000,1.13855843247
384473,384836,385486,363,650,1,36000,1.55846153846
384520,384527,388058,7,3531,2,36000,1.00198244123
384628,384637,388540,9,3903,2,36000,1.00230591852
384650,384766,386202,116,1436,8,3000,1.08077994429
384763,384826,386240,63,1414,8,3000,1.04455445545
384799,384805,388170,6,3365,2,36000,1.00178306092
384824,384859,386318,35,1459,8,3000,1.02398903358
384855,384957,386371,102,1414,8,3000,1.07213578501
384958,385040,386741,82,1701,8,3000,1.0482069371
384994,385279,399085,285,13806,2,36000,1.02064319861
385040,385158,387295,118,2137,8,4500,1.05521759476
385207,385289,385759,82,470,1,72000,1.17446808511
385207,385284,385627,77,343,1,72000,1.22448979592
385299,385305,406222,6,20917,2,57600,1.00028684802
385361,385367,406637,6,21270,2,57600,1.00028208745
385457,385463,389037,6,3574,2,36000,1.00167879127
385458,385469,389601,11,4132,2,36000,1.00266214908
385459,385474,389183,15,3709,2,36000,1.00404421677
385461,385479,388988,18,3509,2,36000,1.00512966657
385462,385484,389265,22,3781,2,36000,1.00581856652
385463,385489,388962,26,3473,2,36000,1.00748632306
385465,385496,388764,31,3268,2,36000,1.00948592411
385466,385501,388937,35,3436,2,36000,1.0101862631
385467,385506,389462,39,3956,2,36000,1.00985844287
385469,385511,389192,42,3681,2,36000,1.01140994295
385470,385517,389251,47,3734,2,36000,1.01258703803
385471,385522,388829,51,3307,2,36000,1.01542183248
385472,385527,388938,55,3411,2,36000,1.01612430372
385474,385533,389148,59,3615,2,36000,1.0163208852
385475,385538,388726,63,3188,2,36000,1.01976160602
385476,385548,389060,72,3512,2,36000,1.02050113895
385478,385553,388918,75,3365,2,36000,1.02228826152
385479,385558,389092,79,3534,2,36000,1.02235427278
385480,385563,389183,83,3620,2,36000,1.0229281768
385482,385582,388849,100,3267,2,36000,1.03060912152
385534,385588,385595,54,7,4,10800,6.1
385687,385693,393915,6,8222,4,10800,1.00072974945
385732,385738,385774,6,36,4,7200,1.16666666667
385824,385830,391298,6,5468,2,57600,1.00109729334
385857,388747,446375,2890,57628,70,57600,1.05014923301
385923,390198,390227,4275,29,4,10800,148.413793103
385966,390203,397812,4237,7609,4,10800,1.55684058352
386537,386632,388675,95,2043,1,36000,1.04650024474
387524,387530,390781,6,3251,2,36000,1.00184558597
387525,387536,391016,11,3480,2,36000,1.00316091954
387588,387647,388034,59,387,2,14400,1.15245478036
387641,387652,391409,11,3757,2,36000,1.00292786798
387675,388045,407191,370,19146,2,57600,1.01932518542
387695,387701,391352,6,3651,2,36000,1.00164338537
387712,387718,391264,6,3546,2,36000,1.00169204738
387759,387765,391153,6,3388,2,36000,1.00177095632
387817,387824,391194,7,3370,2,36000,1.00207715134
387884,387890,391429,6,3539,2,36000,1.00169539418
388001,388007,388959,6,952,1,180000,1.00630252101
388006,388013,391311,7,3298,2,36000,1.00212249848
388019,388937,390202,918,1265,3,14400,1.7256916996
388063,388069,391559,6,3490,2,36000,1.00171919771
388128,388133,391516,5,3383,2,36000,1.00147797813
388172,388178,391579,6,3401,2,36000,1.001764187
388542,388548,392023,6,3475,2,36000,1.00172661871
388681,388752,472323,71,83571,6,356400,1.00084957701
388683,388841,473391,158,84550,6,356400,1.00186871674
388696,388889,393416,193,4527,6,356400,1.04263309035
388698,388932,390186,234,1254,6,356400,1.18660287081
388729,388735,392452,6,3717,2,36000,1.001614205
388765,388772,392161,7,3389,2,36000,1.00206550605
388829,388835,392233,6,3398,2,36000,1.00176574456
388850,388856,392395,6,3539,2,36000,1.00169539418
388920,388926,392585,6,3659,2,36000,1.00163979229
388938,388944,392109,6,3165,2,36000,1.0018957346
388939,388950,392495,11,3545,2,36000,1.00310296192
388963,388970,392504,7,3534,2,36000,1.00198075835
388991,388997,392154,6,3157,2,36000,1.00190053849
389039,389045,392463,6,3418,2,36000,1.00175541252
389063,389069,392722,6,3653,2,36000,1.00164248563
389093,389099,392689,6,3590,2,36000,1.00167130919
389151,389161,392635,10,3474,2,36000,1.00287852619
389187,389193,392495,6,3302,2,36000,1.00181708056
389189,389200,392900,11,3700,2,36000,1.00297297297
389204,389210,392708,6,3498,2,36000,1.00171526587
389253,389260,392743,7,3483,2,36000,1.0020097617
389269,389275,392715,6,3440,2,36000,1.00174418605
389466,389472,392948,6,3476,2,36000,1.00172612198
389601,389607,393238,6,3631,2,36000,1.00165243735
389642,389648,389650,6,2,1,3600,1.0
390064,390071,390073,7,2,2,3600,1.0
390148,390155,390158,7,3,2,3600,1.0
390463,390469,392958,6,2489,6,356400,1.00241060667
390785,390791,394432,6,3641,2,36000,1.00164789893
390921,397379,405213,6458,7834,4,10800,1.82435537401
390966,390972,393825,6,2853,5,3600,1.00210304942
390976,390983,393512,7,2529,5,3600,1.00276789245
390987,390993,393825,6,2832,5,3600,1.00211864407
390998,391004,393450,6,2446,5,3600,1.00245298446
391008,391014,393496,6,2482,5,3600,1.00241740532
391019,391027,393539,8,2512,5,3600,1.00318471338
391029,391205,393825,176,2620,5,3600,1.06717557252
391203,391322,393825,119,2503,5,3600,1.04754294846
391326,391420,393826,94,2406,5,3600,1.03906899418
391418,391570,393826,152,2256,5,3600,1.06737588652
391572,391643,393826,71,2183,5,3600,1.03252404947
391643,392120,393826,477,1706,5,3600,1.2796014068
392123,392173,393826,50,1653,5,3600,1.03024803388
392174,392463,393826,289,1363,5,3600,1.21203228173
392460,392506,393826,46,1320,5,3600,1.03484848485
392501,392596,393826,95,1230,5,3600,1.07723577236
392502,392647,396137,145,3490,2,36000,1.04154727794
392517,392719,396374,202,3655,2,36000,1.05526675787
392519,392701,395144,182,2443,1,36000,1.07449856734
392587,392726,395969,139,3243,2,36000,1.04286154795
392636,392733,396263,97,3530,2,36000,1.02747875354
392644,392706,394789,62,2083,1,36000,1.02976476236
392690,392754,395905,64,3151,2,36000,1.02031101238
392708,392917,396605,209,3688,2,36000,1.056670282
392723,392960,396292,237,3332,2,36000,1.07112845138
392724,392969,396355,245,3386,2,36000,1.07235676314
392748,392974,396421,226,3447,2,36000,1.06556425878
392795,392912,394508,117,1596,1,36000,1.07330827068
392902,392979,396416,77,3437,2,36000,1.02240325866
392950,393220,397191,270,3971,2,36000,1.06799294888
393216,393461,393826,245,365,5,3600,1.67123287671
393241,393466,397125,225,3659,2,36000,1.06149221099
393447,395540,396695,2093,1155,6,356400,2.81212121212
393482,395545,472322,2063,76777,6,356400,1.02687002618
393554,393560,393567,6,7,8,3000,1.3
393565,393578,393585,13,7,8,3000,2.0
393575,393596,393603,21,7,8,3000,2.8
393596,393614,393620,18,6,8,3000,2.4
393617,393631,393637,14,6,8,3000,2.0
393627,393648,393654,21,6,8,3000,2.7
393750,393757,395240,7,1483,8,3000,1.00472016183
393761,393837,395321,76,1484,8,3000,1.05121293801
393833,393843,395340,10,1497,8,3000,1.00668002672
393844,393850,395363,6,1513,8,3000,1.0039656312
393855,393861,395423,6,1562,8,3000,1.00384122919
393865,393872,395650,7,1778,8,3000,1.00393700787
393876,393882,395381,6,1499,8,3000,1.00400266845
393886,393893,395367,7,1474,8,3000,1.00474898236
393897,393903,396323,6,2420,8,3000,1.00247933884
393908,393914,395387,6,1473,8,3000,1.00407331976
393918,394333,395928,415,1595,8,3000,1.26018808777
394144,395555,399195,1411,3640,2,14400,1.38763736264
394331,395332,395435,1001,103,14,5940,10.7184466019
394336,395251,396725,915,1474,8,3000,1.62075983718
394435,395351,399248,916,3897,2,36000,1.23505260457
395356,395374,396849,18,1475,8,3000,1.01220338983
395377,395383,397095,6,1712,8,3000,1.0035046729
395387,395393,396876,6,1483,8,3000,1.004045853
395398,395404,397150,6,1746,8,3000,1.00343642612
395408,395434,396910,26,1476,8,3000,1.01761517615
395433,395440,395447,7,7,1,900,1.4
395439,395550,397024,111,1474,8,3000,1.07530529172
395440,395446,395529,6,83,14,5940,1.07228915663
395527,395533,395539,6,6,1,900,1.2
395536,396366,396444,830,78,14,5940,11.641025641
395552,395661,397136,109,1475,8,3000,1.07389830508
395590,396371,397520,781,1149,1,36000,1.67972149695
395664,396334,397831,670,1497,8,3000,1.44756179025
395667,396339,399767,672,3428,2,36000,1.19603267211
395668,396344,399817,676,3473,2,36000,1.19464439965
395669,396349,399905,680,3556,2,36000,1.19122609674
395692,396385,400192,693,3807,2,36000,1.18203309693
395693,396434,399998,741,3564,2,36000,1.20791245791
395695,396455,400134,760,3679,2,36000,1.20657787442
395696,396460,399943,764,3483,2,36000,1.21935113408
395816,396428,400277,612,3849,1,36000,1.15900233827
395906,396465,399946,559,3481,2,36000,1.16058603849
395970,396471,399743,501,3272,2,36000,1.15311735941
396138,396476,400114,338,3638,2,36000,1.09290819131
396265,396481,400088,216,3607,2,36000,1.05988355974
396293,396486,399981,193,3495,2,36000,1.05522174535
396356,396736,400429,380,3693,2,36000,1.10289737341
396378,396741,400270,363,3529,2,36000,1.10286200057
396420,396746,400301,326,3555,2,36000,1.09170182841
396435,396751,400401,316,3650,2,36000,1.08657534247
396441,396448,396467,7,19,1,900,1.36842105263
396452,397205,397363,753,158,14,5940,5.76582278481
396546,405146,536511,8600,131365,18,172800,1.06546644845
396606,396860,400260,254,3400,2,36000,1.07470588235
396636,401219,401311,4583,92,32,3600,50.8152173913
396858,396888,398362,30,1474,8,3000,1.02035278155
396889,396921,398402,32,1481,8,3000,1.02160702228
396920,397035,398517,115,1482,8,3000,1.07759784076
397033,397107,398597,74,1490,8,3000,1.04966442953
397105,397147,398669,42,1522,8,3000,1.02759526938
397130,397136,400537,6,3401,2,36000,1.001764187
397146,397161,398654,15,1493,8,3000,1.01004688547
397157,397374,398934,217,1560,8,3000,1.1391025641
397193,397199,400545,6,3346,2,36000,1.00179318589
397249,401322,401350,4073,28,32,3600,146.464285714
397279,399508,400941,2229,1433,6,356400,2.55547801814
397361,397367,397375,6,8,1,900,1.4
397370,398945,399100,1575,155,14,5940,11.1612903226
397372,397842,399320,470,1478,8,3000,1.31799729364
397535,398895,400655,1360,1760,2,14400,1.77272727273
397841,398373,399892,532,1519,8,3000,1.35023041475
398241,398248,398363,7,115,1,1200,1.06086956522
398372,398414,399890,42,1476,8,3000,1.02845528455
398413,398528,400033,115,1505,8,3000,1.07641196013
398526,398609,400112,83,1503,8,3000,1.05522288756
398608,398665,400140,57,1475,8,3000,1.0386440678
398669,398680,400167,11,1487,8,3000,1.00739744452
398680,399111,400641,431,1530,8,3000,1.28169934641
398889,401361,405419,2472,4058,18,32400,1.60916707738
399098,399104,399112,6,8,1,900,1.4
399107,399331,399497,224,166,14,5940,2.34939759036
399108,399336,400823,228,1487,8,3000,1.15332885003
399242,399248,400406,6,1158,1,180000,1.00518134715
399250,399256,402917,6,3661,2,36000,1.00163889648
399333,399513,401044,180,1531,8,3000,1.11757021555
399364,399996,400122,632,126,1,1200,6.01587301587
399447,405229,406946,5782,1717,1,180000,4.36750145603
399495,399956,399963,461,7,1,900,46.8
399506,401366,401521,1860,155,14,5940,13.0
399517,399902,401384,385,1482,8,3000,1.25978407557
399585,400667,414205,1082,13538,2,57600,1.0799231792
399706,399984,401191,278,1207,1,1200,1.23032311516
399708,399972,401208,264,1236,1,1200,1.21359223301
399711,399967,401190,256,1223,1,1200,1.20932134096
399715,399961,401168,246,1207,1,1200,1.20381110191
399717,399754,400989,37,1235,2,1200,1.02995951417
399744,399778,403274,34,3496,2,36000,1.00972540046
399768,399828,403216,60,3388,2,36000,1.01770956316
399819,399908,403429,89,3521,2,36000,1.02527690997
399906,400045,401542,139,1497,8,3000,1.09285237141
399907,399914,403245,7,3331,2,36000,1.00210147103
399944,399950,402994,6,3044,2,36000,1.00197109067
399958,399977,403581,19,3604,2,36000,1.00527192009
399983,399990,403455,7,3465,2,36000,1.00202020202
400000,400050,403889,50,3839,2,36000,1.01302422506
400049,400124,401611,75,1487,8,3000,1.05043712172
400088,400129,403582,41,3453,2,36000,1.01187373299
400115,400152,403627,37,3475,2,36000,1.01064748201
400136,400157,403422,21,3265,2,36000,1.00643185299
400162,400178,401670,16,1492,8,3000,1.01072386059
400183,400834,402309,651,1475,8,3000,1.4413559322
400194,400200,403852,6,3652,2,36000,1.00164293538
400260,400266,403574,6,3308,2,36000,1.00181378476
400275,400281,403638,6,3357,2,36000,1.0017873101
400303,400309,404031,6,3722,2,36000,1.00161203654
400403,400409,403800,6,3391,2,36000,1.00176938956
400430,400436,404158,6,3722,2,36000,1.00161203654
400539,400545,404047,6,3502,2,36000,1.00171330668
400554,400560,403955,6,3395,2,36000,1.00176730486
400628,405437,406616,4809,1179,1,180000,5.07888040712
400838,400953,402431,115,1478,8,3000,1.07780784844
400950,401395,402908,445,1513,8,3000,1.29411764706
401391,401558,403042,167,1484,8,3000,1.11253369272
401520,401533,401540,13,7,1,900,2.0
401532,401552,401709,20,157,14,5940,1.12738853503
401556,401622,403105,66,1483,8,3000,1.04450438301
401618,401681,403159,63,1478,8,3000,1.04262516915
401680,402320,403862,640,1542,8,3000,1.41504539559
401708,401720,401729,12,9,1,900,2.1
401741,401747,401912,6,165,14,5940,1.03636363636
401909,401924,401937,15,13,1,900,2.15384615385
401936,401948,402101,12,153,14,5940,1.07843137255
402099,402112,402125,13,13,1,900,2.0
402107,402136,402302,29,166,14,5940,1.17469879518
402300,402313,402328,13,15,1,900,1.86666666667
402310,402339,402497,29,158,14,5940,1.1835443038
402325,402442,404076,117,1634,8,3000,1.07160342717
402438,402919,404451,481,1532,8,3000,1.31396866841
402495,402509,402516,14,7,1,900,2.1
402505,402527,402699,22,172,14,5940,1.12790697674
402698,402711,402718,13,7,1,900,2.0
402706,402729,402884,23,155,14,5940,1.14838709677
402882,402895,402901,13,6,1,900,1.9
402890,402913,403073,23,160,14,5940,1.14375
402916,403054,404709,138,1655,8,3000,1.0833836858
402920,402928,406367,8,3439,2,36000,1.00232625763
402968,403090,403091,122,1,1,1200,12.3
402995,403059,406379,64,3320,2,36000,1.01927710843
403059,403116,404601,57,1485,8,3000,1.03838383838
403072,403085,403091,13,6,1,900,1.9
403081,403102,403261,21,159,14,5940,1.1320754717
403120,403170,404668,50,1498,8,3000,1.03337783712
403128,404087,409371,959,5284,2,72000,1.18149129447
403172,403873,405347,701,1474,8,3000,1.47557666214
403218,403256,406688,38,3432,2,36000,1.01107226107
403245,403283,406838,38,3555,2,36000,1.01068917018
403248,403277,403370,29,93,1,1200,1.31182795699
403259,403272,403279,13,7,1,900,2.0
403269,403382,403622,113,240,14,5940,1.47083333333
403275,403289,406800,14,3511,2,36000,1.00398746796
403423,403440,407004,17,3564,2,36000,1.00476992144
403438,403466,407135,28,3669,2,36000,1.00763150722
403456,403585,407259,129,3674,2,36000,1.03511159499
403577,403592,407056,15,3464,2,36000,1.00433025404
403592,403598,407126,6,3528,2,36000,1.00170068027
403593,403640,407157,47,3517,2,36000,1.01336366221
403620,403907,403913,287,6,1,900,29.3
403629,403634,403896,5,262,14,5940,1.01908396947
403632,403811,407541,179,3730,2,36000,1.04798927614
403641,403917,405135,276,1218,1,1800,1.22660098522
403648,403863,407353,215,3490,2,36000,1.06160458453
403798,403878,407323,80,3445,2,36000,1.02322206096
403852,403883,407137,31,3254,2,36000,1.00952673632
403882,404462,406050,580,1588,8,3000,1.36523929471
403892,403924,407369,32,3445,2,36000,1.00928882438
403894,403912,403918,18,6,1,900,2.4
403902,405431,405697,1529,266,14,5940,6.74812030075
403955,403966,407439,11,3473,2,36000,1.00316729053
404033,404043,407918,10,3875,2,36000,1.00258064516
404048,404058,407781,10,3723,2,36000,1.00268600591
404161,404167,407755,6,3588,2,36000,1.0016722408
404449,405447,406568,998,1121,1,36000,1.8902765388
404465,404617,406178,152,1561,8,3000,1.09737347854
404543,405970,409905,1427,3935,1,36000,1.3626429479
404550,404612,418005,62,13393,2,57600,1.00462928395
404577,405224,407342,647,2118,3,3600,1.30547686497
404619,404679,406183,60,1504,8,3000,1.03989361702
404681,404721,406947,40,2226,8,4500,1.01796945193
404924,405442,423202,518,17760,2,144000,1.02916666667
404960,405358,408711,398,3353,2,36000,1.11869967194
404962,405363,409498,401,4135,2,36000,1.09697702539
404963,405368,408584,405,3216,2,36000,1.12593283582
404964,405374,408732,410,3358,2,36000,1.122096486
404965,405986,409286,1021,3300,2,36000,1.30939393939
404967,405991,409707,1024,3716,2,36000,1.27556512379
404968,405996,409460,1028,3464,2,36000,1.29676674365
404969,406001,409582,1032,3581,2,36000,1.28818765708
404971,406062,409349,1091,3287,2,36000,1.33191359903
404972,406067,409594,1095,3527,2,36000,1.31046214914
404973,406072,409844,1099,3772,2,36000,1.2913573701
404974,406078,409411,1104,3333,2,36000,1.33123312331
404976,406193,409458,1217,3265,2,36000,1.37274119449
404977,406198,409698,1221,3500,2,36000,1.34885714286
404978,406204,409490,1226,3286,2,36000,1.37309799148
404980,406209,409478,1229,3269,2,36000,1.37595594983
404981,406215,409618,1234,3403,2,36000,1.36262121657
404982,406220,409764,1238,3544,2,36000,1.3493227991
404983,406225,410018,1242,3793,2,36000,1.32744529396
404985,406231,409639,1246,3408,2,36000,1.36561032864
405341,417123,676366,11782,259243,2,259200,1.04544770736
405342,406006,406018,664,12,1,5,56.3333333333
405383,406013,407243,630,1230,1,1800,1.51219512195
405641,418279,677505,12638,259226,2,259200,1.04875282572
405649,405965,417422,316,11457,2,144000,1.02758139129
405693,405975,405982,282,7,1,900,28.9
405703,405708,405954,5,246,14,5940,1.02032520325
405845,431107,690335,25262,259228,2,259200,1.09745089265
405898,406627,413065,729,6438,4,10800,1.11323392358
405898,407353,413600,1455,6247,4,10800,1.23291179766
405898,408103,414223,2205,6120,4,10800,1.36029411765
405899,410603,416867,4704,6264,4,10800,1.75095785441
405899,418016,424065,12117,6049,4,10800,3.00314101504
405899,410598,416828,4699,6230,4,10800,1.75425361156
405900,431080,437094,25180,6014,4,10800,5.18689723977
405900,424076,430425,18176,6349,4,10800,3.86281304142
405900,430437,436804,24537,6367,4,10800,4.85377728915
405901,434113,440357,28212,6244,4,10800,5.51825752723
405901,434118,440592,28217,6474,4,10800,5.35851096694
405952,405981,405985,29,4,1,900,3.3
405960,412907,413162,6947,255,14,5940,28.2431372549
406061,446387,446432,40326,45,32,3600,897.133333333
406180,414235,414962,8055,727,2,108000,12.0797799175
406231,435634,694837,29403,259203,2,259200,1.11343618708
406273,409596,413695,3323,4099,2,57600,1.81068553306
406280,406287,406397,7,110,1,300,1.06363636364
406367,406378,410386,11,4008,2,36000,1.00274451098
406382,406390,409657,8,3267,2,36000,1.00244872972
406387,436815,696053,30428,259238,2,259200,1.11737476759
406546,437105,696344,30559,259239,2,259200,1.11787964002
406690,406699,410642,9,3943,2,36000,1.002282526
406720,413711,435622,6991,21911,2,57600,1.31906348409
406746,437110,696331,30364,259221,2,259200,1.11713557158
406802,406811,410537,9,3726,2,36000,1.00241545894
406838,406849,410593,11,3744,2,36000,1.00293803419
407002,413743,418267,6741,4524,2,57600,2.4900530504
407004,407011,410231,7,3220,2,36000,1.00217391304
407006,444123,703352,37117,259229,2,259200,1.14318228285
407058,407065,410361,7,3296,2,36000,1.00212378641
407094,407134,413731,40,6597,2,14400,1.00606336213
407128,407139,410564,11,3425,2,36000,1.00321167883
407143,407149,410745,6,3596,2,36000,1.00166852058
407144,407155,410475,11,3320,2,36000,1.00331325301
407159,407166,410614,7,3448,2,36000,1.00203016241
407263,407269,410471,6,3202,2,36000,1.00187382886
407289,414217,459189,6928,44972,2,57600,1.15405140977
407326,407332,410638,6,3306,2,36000,1.00181488203
407356,407362,411213,6,3851,2,36000,1.00155803687
407371,407377,410732,6,3355,2,36000,1.00178837556
407440,407446,411073,6,3627,2,36000,1.00165425972
407516,407549,407563,33,14,2,1200,3.35714285714
407543,407554,410907,11,3353,2,36000,1.0032806442
407579,410608,414222,3029,3614,1,180000,1.8381294964
407701,413612,414809,5911,1197,1,180000,5.93817878028
407755,407761,411109,6,3348,2,36000,1.0017921147
407782,407789,411382,7,3593,2,36000,1.00194823267
407919,407925,411499,6,3574,2,36000,1.00167879127
408585,408592,412099,7,3507,2,36000,1.00199600798
408712,408718,412019,6,3301,2,36000,1.00181763102
408733,408739,412358,6,3619,2,36000,1.00165791655
409293,409299,412756,6,3457,2,36000,1.00173560891
409351,409358,412735,7,3377,2,36000,1.00207284572
409414,409420,413119,6,3699,2,36000,1.00162206002
409461,409467,412749,6,3282,2,36000,1.00182815356
409462,409473,412969,11,3496,2,36000,1.00314645309
409481,409487,413123,6,3636,2,36000,1.00165016502
409496,409502,413338,6,3836,2,36000,1.0015641293
409500,414973,417111,5473,2138,2,108000,3.55986903648
409512,409518,412852,6,3334,2,36000,1.00179964007
409584,409590,413160,6,3570,2,36000,1.00168067227
409599,409605,413017,6,3412,2,36000,1.00175849941
409620,409626,413347,6,3721,2,36000,1.00161246977
409643,409649,413178,6,3529,2,36000,1.00170019836
409659,409665,413072,6,3407,2,36000,1.00176108013
409698,409704,413241,6,3537,2,36000,1.00169635284
409713,409719,412897,6,3178,2,36000,1.00188797986
409767,409775,413187,8,3412,2,36000,1.00234466589
409846,409855,413133,9,3278,2,36000,1.00274557657
410019,410030,413831,11,3801,2,36000,1.00289397527
410233,410242,413805,9,3563,2,36000,1.00252596127
410364,410372,413715,8,3343,2,36000,1.00239306013
410390,410397,413909,7,3512,2,36000,1.00199316629
410472,410482,413822,10,3340,2,36000,1.00299401198
410488,410494,414111,6,3617,2,36000,1.00165883329
410540,410548,413992,8,3444,2,36000,1.00232288037
410564,410575,414088,11,3513,2,36000,1.00313122687
410592,446392,446449,35800,57,32,3600,629.070175439
410597,410615,414158,18,3543,2,36000,1.0050804403
410617,410625,414062,8,3437,2,36000,1.00232761129
410641,410649,414461,8,3812,2,36000,1.00209863589
410656,410662,414327,6,3665,2,36000,1.00163710778
410733,410743,414218,10,3475,2,36000,1.00287769784
410748,410757,414303,9,3546,2,36000,1.00253807107
410908,410919,414351,11,3432,2,36000,1.00320512821
411074,411085,414359,11,3274,2,36000,1.00335980452
411111,411120,414645,9,3525,2,36000,1.00255319149
411215,411224,414748,9,3524,2,36000,1.002553916
411385,411393,415172,8,3779,2,36000,1.00211696216
411500,411510,415127,10,3617,2,36000,1.00276472215
412022,412030,415520,8,3490,2,36000,1.00229226361
412101,412111,415377,10,3266,2,36000,1.00306184936
412360,412369,415877,9,3508,2,36000,1.00256556442
412739,412746,416418,7,3672,2,36000,1.00190631808
412754,412760,416429,6,3669,2,36000,1.00163532298
412769,412775,416161,6,3386,2,36000,1.00177200236
412778,446403,474042,33625,27639,6,356400,2.21657802381
412854,412863,416540,9,3677,2,36000,1.00244764754
412900,412913,416965,13,4052,2,36000,1.0032082922
412972,412981,416309,9,3328,2,36000,1.00270432692
413021,413028,416573,7,3545,2,36000,1.00197461213
413075,413083,416573,8,3490,2,36000,1.00229226361
413122,413130,416521,8,3391,2,36000,1.00235918608
413137,413143,416796,6,3653,2,36000,1.00164248563
413138,413149,416730,11,3581,2,36000,1.00307176766
413159,413166,413178,7,12,1,900,1.58333333333
413162,413172,416359,10,3187,2,36000,1.0031377471
413173,413179,413438,6,259,14,5940,1.02316602317
413180,413189,416713,9,3524,2,36000,1.002553916
413195,413201,416518,6,3317,2,36000,1.00180886343
413242,413252,416882,10,3630,2,36000,1.00275482094
413341,413349,416836,8,3487,2,36000,1.00229423573
413356,413362,417161,6,3799,2,36000,1.00157936299
413435,413441,413461,6,20,1,900,1.3
413450,413456,413702,6,246,14,5940,1.0243902439
413698,413705,413723,7,18,1,900,1.38888888889
413710,413717,413989,7,272,14,5940,1.02573529412
413722,413727,416810,5,3083,2,36000,1.00162179695
413804,413816,417255,12,3439,2,36000,1.00348938645
413827,413833,417382,6,3549,2,36000,1.00169061708
413842,413848,417525,6,3677,2,36000,1.00163176503
413912,413921,417710,9,3789,2,36000,1.00237529691
413987,413993,414000,6,7,1,900,1.3
413993,414003,417622,10,3619,2,36000,1.00276319425
413999,414009,414239,10,230,14,5940,1.04347826087
414063,414073,417694,10,3621,2,36000,1.00276166805
414090,414099,417409,9,3310,2,36000,1.00271903323
414111,414122,417650,11,3528,2,36000,1.00311791383
414160,414169,417611,9,3442,2,36000,1.00261475886
414220,414229,417493,9,3264,2,36000,1.00275735294
414237,414244,414250,7,6,1,900,1.3
414250,414256,414420,6,164,14,5940,1.03658536585
414305,414314,417859,9,3545,2,36000,1.00253878702
414328,414339,417951,11,3612,2,36000,1.00304540421
414353,414362,418021,9,3659,2,36000,1.00245968844
414368,414374,418025,6,3651,2,36000,1.00164338537
414417,414424,414432,7,8,1,900,1.5
414426,414432,414524,6,92,14,5940,1.0652173913
414464,414473,417927,9,3454,2,36000,1.00260567458
414521,414527,414528,6,1,1,900,1.0
414646,414656,417860,10,3204,2,36000,1.00312109863
414750,414759,418571,9,3812,2,36000,1.00236096537
414919,446397,853218,31478,406821,16,432000,1.07737555338
414946,446443,878489,31497,432046,16,432000,1.07290195951
415127,415133,418469,6,3336,2,36000,1.00179856115
415175,415182,418582,7,3400,2,36000,1.00205882353
415274,416878,848915,1604,432037,32,432000,1.00371264498
415379,415385,418902,6,3517,2,36000,1.00170599943
415521,415527,419145,6,3618,2,36000,1.00165837479
415880,415886,419444,6,3558,2,36000,1.00168634064
416163,416170,419652,7,3482,2,36000,1.00201033889
416311,416318,419991,7,3673,2,36000,1.00190579907
416359,416366,419840,7,3474,2,36000,1.00201496834
416420,416426,420118,6,3692,2,36000,1.00162513543
416435,416441,420186,6,3745,2,36000,1.00160213618
416519,416526,420034,7,3508,2,36000,1.001995439
416534,416541,419772,7,3231,2,36000,1.00216651192
416549,416555,420135,6,3580,2,36000,1.00167597765
416573,416580,420357,7,3777,2,36000,1.00185332274
416575,416586,420199,11,3613,2,36000,1.00304456131
416714,416720,420350,6,3630,2,36000,1.00165289256
416732,416738,420537,6,3799,2,36000,1.00157936299
416798,416804,419883,6,3079,2,36000,1.00194868464
416813,416819,420406,6,3587,2,36000,1.001672707
416837,416843,420693,6,3850,2,36000,1.00155844156
416883,416889,420153,6,3264,2,36000,1.00183823529
416967,416974,420532,7,3558,2,36000,1.00196739741
417164,417170,420590,6,3420,2,36000,1.00175438596
417257,417263,420918,6,3655,2,36000,1.00164158687
417384,417390,420695,6,3305,2,36000,1.00181543116
417411,417417,421128,6,3711,2,36000,1.00161681487
417495,417502,420783,7,3281,2,36000,1.00213349589
417526,417532,420899,6,3367,2,36000,1.00178200178
417613,417620,421108,7,3488,2,36000,1.00200688073
417628,417634,421064,6,3430,2,36000,1.00174927114
417652,417658,420945,6,3287,2,36000,1.00182537268
417698,417704,421047,6,3343,2,36000,1.00179479509
417712,417719,421144,7,3425,2,36000,1.00204379562
417862,417868,421016,6,3148,2,36000,1.00190597205
417863,417874,421364,11,3490,2,36000,1.00315186246
417929,417935,421541,6,3606,2,36000,1.00166389351
417953,417959,421522,6,3563,2,36000,1.00168397418
418024,418030,421514,6,3484,2,36000,1.00172215844
418039,418045,421518,6,3473,2,36000,1.00172761301
418472,418478,421951,6,3473,2,36000,1.00172761301
418573,418579,422507,6,3928,2,36000,1.00152749491
418588,418594,422420,6,3826,2,36000,1.00156821746
418904,418910,422500,6,3590,2,36000,1.00167130919
419146,419152,422738,6,3586,2,36000,1.00167317345
419447,419453,423300,6,3847,2,36000,1.00155965688
419655,419661,423310,6,3649,2,36000,1.00164428611
419772,419779,423333,7,3554,2,36000,1.00196961171
419842,419848,423216,6,3368,2,36000,1.00178147268
419884,419890,423253,6,3363,2,36000,1.00178412132
419994,420000,423469,6,3469,2,36000,1.00172960507
420036,420042,423476,6,3434,2,36000,1.00174723355
420120,420127,423630,7,3503,2,36000,1.00199828718
420136,420142,423931,6,3789,2,36000,1.00158353127
420154,420160,423657,6,3497,2,36000,1.00171575636
420187,420193,423677,6,3484,2,36000,1.00172215844
420202,420208,423736,6,3528,2,36000,1.00170068027
420353,420359,423917,6,3558,2,36000,1.00168634064
420367,420374,423941,7,3567,2,36000,1.00196243342
420408,420414,424265,6,3851,2,36000,1.00155803687
420534,420541,423548,7,3007,2,36000,1.00232790156
420549,420555,424214,6,3659,2,36000,1.00163979229
420591,420598,423927,7,3329,2,36000,1.00210273355
420694,420700,424630,6,3930,2,36000,1.00152671756
420709,420715,424263,6,3548,2,36000,1.00169109357
420785,420791,424218,6,3427,2,36000,1.00175080245
420903,420909,424839,6,3930,2,36000,1.00152671756
420920,420927,423838,7,2911,2,36000,1.00240467193
420947,420954,424453,7,3499,2,36000,1.00200057159
421017,421023,424207,6,3184,2,36000,1.00188442211
421050,421056,424450,6,3394,2,36000,1.00176782557
421066,421072,424642,6,3570,2,36000,1.00168067227
421111,421117,424277,6,3160,2,36000,1.00189873418
421131,421137,424815,6,3678,2,36000,1.00163132137
421146,421152,424415,6,3263,2,36000,1.00183879865
421367,421373,425151,6,3778,2,36000,1.00158814187
421517,421523,425134,6,3611,2,36000,1.00166158959
421533,421539,425231,6,3692,2,36000,1.00162513543
421535,421545,424904,10,3359,2,36000,1.00297707651
421550,421556,424896,6,3340,2,36000,1.00179640719
421737,422518,424011,781,1493,8,3000,1.52310783657
421951,421958,425830,7,3872,2,36000,1.00180785124
422524,423264,424886,740,1622,8,3000,1.45622688039
423269,423480,424965,211,1485,8,3000,1.14208754209
423481,423487,426805,6,3318,2,36000,1.00180831826
423484,424022,425554,538,1532,8,3000,1.35117493473
423549,423559,426938,10,3379,2,36000,1.00295945546
423631,423641,427295,10,3654,2,36000,1.00273672687
423658,423668,426886,10,3218,2,36000,1.0031075202
423679,423689,427159,10,3470,2,36000,1.00288184438
423739,423748,427478,9,3730,2,36000,1.00241286863
423839,423849,427296,10,3447,2,36000,1.0029010734
423921,423929,427361,8,3432,2,36000,1.00233100233
423936,423942,427379,6,3437,2,36000,1.00174570847
423938,423948,427635,10,3687,2,36000,1.00271223217
423952,423959,427366,7,3407,2,36000,1.00205459348
424025,424897,426398,872,1501,8,3000,1.58094603598
424210,424218,428049,8,3831,2,36000,1.00208822762
424225,424231,427841,6,3610,2,36000,1.00166204986
424226,424237,427565,11,3328,2,36000,1.00330528846
424265,424275,427779,10,3504,2,36000,1.00285388128
424266,424281,427950,15,3669,2,36000,1.00408830744
424281,424288,428024,7,3736,2,36000,1.00187366167
424407,424442,427777,35,3335,1,36000,1.01049475262
424418,424426,427772,8,3346,2,36000,1.00239091452
424451,424461,427520,10,3059,2,36000,1.00326904217
424466,424472,428224,6,3752,2,36000,1.00159914712
424623,427789,434949,3166,7160,1,36000,1.44217877095
424634,424642,428049,8,3407,2,36000,1.00234810684
424649,424655,428395,6,3740,2,36000,1.00160427807
424819,424827,428807,8,3980,2,36000,1.00201005025
424839,424850,428301,11,3451,2,36000,1.00318748189
424895,424976,426470,81,1494,8,3000,1.05421686747
424897,424907,428259,10,3352,2,36000,1.00298329356
424912,424918,428328,6,3410,2,36000,1.00175953079
424977,425565,427110,588,1545,8,3000,1.38058252427
425137,425146,428700,9,3554,2,36000,1.00253235791
425151,425162,428558,11,3396,2,36000,1.00323910483
425234,425242,428443,8,3201,2,36000,1.00249921899
425561,426409,428019,848,1610,8,3000,1.52670807453
425834,425842,429563,8,3721,2,36000,1.00214995969
426409,426481,428060,72,1579,8,3000,1.04559848005
426481,427121,428604,640,1483,8,3000,1.43155765341
426805,426816,430495,11,3679,2,36000,1.00298994292
426889,426898,430502,9,3604,2,36000,1.00249722531
426938,426950,430343,12,3393,2,36000,1.00353669319
427125,428030,429569,905,1539,8,3000,1.58804418454
427164,427170,430507,6,3337,2,36000,1.00179802218
427301,427306,430369,5,3063,2,36000,1.00163238655
427302,427312,430754,10,3442,2,36000,1.00290528762
427367,427372,430540,5,3168,2,36000,1.00157828283
427368,427378,430902,10,3524,2,36000,1.00283768445
427384,427390,431026,6,3636,2,36000,1.00165016502
427483,427489,430763,6,3274,2,36000,1.00183262065
427523,427532,430933,9,3401,2,36000,1.00264628051
427568,427576,430945,8,3369,2,36000,1.00237459187
427638,427647,430867,9,3220,2,36000,1.00279503106
427773,427783,431332,10,3549,2,36000,1.00281769513
427788,427795,431510,7,3715,2,36000,1.00188425303
427842,427852,431415,10,3563,2,36000,1.00280662363
427952,427961,431486,9,3525,2,36000,1.00255319149
428024,428036,431393,12,3357,2,36000,1.0035746202
428035,428072,429593,37,1521,8,3000,1.02432610125
428052,428060,431621,8,3561,2,36000,1.00224655996
428053,428065,431580,12,3515,2,36000,1.00341394026
428076,428616,430109,540,1493,8,3000,1.36168787676
428226,428235,431489,9,3254,2,36000,1.00276582667
428260,428270,431579,10,3309,2,36000,1.00302206105
428303,428312,431546,9,3234,2,36000,1.00278293135
428331,428339,431805,8,3466,2,36000,1.00230813618
428398,428406,432106,8,3700,2,36000,1.00216216216
428444,428454,432055,10,3601,2,36000,1.00277700639
428559,428569,432128,10,3559,2,36000,1.00280977803
428620,429581,431075,961,1494,8,3000,1.64323962517
428703,428711,432284,8,3573,2,36000,1.00223901483
428811,428819,432442,8,3623,2,36000,1.00220811482
429278,430856,430946,1578,90,14,12960,18.5333333333
429564,429575,433155,11,3580,2,36000,1.0030726257
429580,429604,431123,24,1519,8,3000,1.01579986833
429601,430121,431641,520,1520,8,3000,1.34210526316
430122,431075,432563,953,1488,8,3000,1.64045698925
430345,430355,433585,10,3230,2,36000,1.00309597523
430369,430380,433947,11,3567,2,36000,1.00308382394
430502,430508,433970,6,3462,2,36000,1.00173310225
430503,430514,433892,11,3378,2,36000,1.00325636471
430519,430525,433660,6,3135,2,36000,1.0019138756
430541,430551,434207,10,3656,2,36000,1.00273522976
430759,430766,434334,7,3568,2,36000,1.00196188341
430774,430780,434136,6,3356,2,36000,1.00178784267
430868,430879,434644,11,3765,2,36000,1.00292164675
430904,430913,434203,9,3290,2,36000,1.00273556231
430935,430944,434383,9,3439,2,36000,1.00261703984
430944,431085,431093,141,8,1,900,14.9
430949,430956,434226,7,3270,2,36000,1.00214067278
430954,430962,431064,8,102,14,12960,1.07843137255
431028,431037,435066,9,4029,2,36000,1.00223380491
431062,431091,431096,29,5,1,900,3.4
431072,431097,432587,25,1490,8,3000,1.01677852349
431072,446448,446546,15376,98,14,12960,157.897959184
431093,431134,432794,41,1660,8,3000,1.02469879518
431134,431652,433180,518,1528,8,3000,1.3390052356
431334,431344,434765,10,3421,2,36000,1.00292312189
431394,431404,435086,10,3682,2,36000,1.00271591526
431418,431426,434981,8,3555,2,36000,1.00225035162
431487,431497,435224,10,3727,2,36000,1.00268312316
431502,431508,434958,6,3450,2,36000,1.00173913043
431517,431523,434841,6,3318,2,36000,1.00180831826
431547,431557,434964,10,3407,2,36000,1.00293513355
431581,431590,435095,9,3505,2,36000,1.00256776034
431582,431596,434986,14,3390,2,36000,1.00412979351
431621,431632,435033,11,3401,2,36000,1.00323434284
431656,432574,434101,918,1527,8,3000,1.60117878193
431805,431816,435215,11,3399,2,36000,1.00323624595
432056,432067,435651,11,3584,2,36000,1.00306919643
432108,432117,435593,9,3476,2,36000,1.00258918297
432129,432139,435861,10,3722,2,36000,1.00268672757
432290,432295,435926,5,3631,2,36000,1.00137703112
432444,432454,435745,10,3291,2,36000,1.00303859009
432574,432599,434095,25,1496,8,3000,1.01671122995
432595,432805,434301,210,1496,8,3000,1.14037433155
432810,433192,434675,382,1483,8,3000,1.25758597438
433156,433166,436611,10,3445,2,36000,1.00290275762
433188,434107,435602,919,1495,8,3000,1.61471571906
433587,433597,437175,10,3578,2,36000,1.00279485746
433662,433671,437319,9,3648,2,36000,1.00246710526
433894,433903,437773,9,3870,2,36000,1.0023255814
433948,433958,437180,10,3222,2,36000,1.00310366232
433973,433981,437388,8,3407,2,36000,1.00234810684
434108,434312,435812,204,1500,8,3000,1.136
434139,434147,437546,8,3399,2,36000,1.00235363342
434205,434215,438003,10,3788,2,36000,1.00263991552
434220,434226,437936,6,3710,2,36000,1.00161725067
434235,434241,437829,6,3588,2,36000,1.0016722408
434313,434687,436237,374,1550,8,3000,1.24129032258
434335,434345,437598,10,3253,2,36000,1.00307408546
434386,434395,437781,9,3386,2,36000,1.00265800354
434645,434656,438510,11,3854,2,36000,1.00285417748
434691,434960,436458,269,1498,8,3000,1.17957276368
434768,434777,438032,9,3255,2,36000,1.00276497696
434842,434852,438273,10,3421,2,36000,1.00292312189
434957,435614,437107,657,1493,8,3000,1.44005358339
434961,434970,438610,9,3640,2,36000,1.00247252747
434976,434982,438392,6,3410,2,36000,1.00175953079
434991,434997,438442,6,3445,2,36000,1.00174165457
434992,435003,438704,11,3701,2,36000,1.00297216968
435036,435044,438548,8,3504,2,36000,1.00228310502
435067,435078,438262,11,3184,2,36000,1.00345477387
435088,435097,438202,9,3105,2,36000,1.00289855072
435097,446460,447385,11363,925,6,43200,13.2843243243
435105,435111,438637,6,3526,2,36000,1.00170164492
435215,435226,439016,11,3790,2,36000,1.00290237467
435231,435237,439756,6,4519,2,36000,1.00132772737
435595,435604,439350,9,3746,2,36000,1.00240256273
435612,435824,437345,212,1521,8,3000,1.13938198554
435656,435662,439116,6,3454,2,36000,1.00173711639
435747,435756,439515,9,3759,2,36000,1.00239425379
435827,436248,437741,421,1493,8,3000,1.2819825854
435865,435873,439347,8,3474,2,36000,1.00230282096
435927,435937,439428,10,3491,2,36000,1.00286450874
436246,436470,437960,224,1490,8,3000,1.15033557047
436471,437118,438604,647,1486,8,3000,1.43539703903
436613,436622,440450,9,3828,2,36000,1.00235109718
437114,437356,438861,242,1505,8,3000,1.16079734219
437173,437180,440825,7,3645,2,36000,1.00192043896
437188,437195,440779,7,3584,2,36000,1.001953125
437321,437328,441013,7,3685,2,36000,1.00189959294
437359,437753,439241,394,1488,8,3000,1.26478494624
437391,437397,440994,6,3597,2,36000,1.00166805671
437550,437557,440908,7,3351,2,36000,1.00208892868
437599,437605,440868,6,3263,2,36000,1.00183879865
437758,437971,439484,213,1513,8,3000,1.14077990747
437774,437780,440935,6,3155,2,36000,1.00190174326
437789,437795,440995,6,3200,2,36000,1.001875
437831,437837,441364,6,3527,2,36000,1.00170116246
437939,437946,441589,7,3643,2,36000,1.00192149327
437972,438615,440155,643,1540,8,3000,1.41753246753
438006,438012,441708,6,3696,2,36000,1.00162337662
438033,438039,441371,6,3332,2,36000,1.00180072029
438202,438208,441879,6,3671,2,36000,1.00163443203
438263,438269,441907,6,3638,2,36000,1.00164925783
438278,438284,441857,6,3573,2,36000,1.00167926113
438393,438399,442205,6,3806,2,36000,1.00157645822
438444,438450,441887,6,3437,2,36000,1.00174570847
438510,438516,441727,6,3211,2,36000,1.00186857677
438549,438555,442183,6,3628,2,36000,1.00165380375
438613,438621,442008,8,3387,2,36000,1.00236197225
438626,438872,440367,246,1495,8,3000,1.16454849498
438641,438647,442106,6,3459,2,36000,1.00173460538
438706,438712,441779,6,3067,2,36000,1.0019563091
438871,439252,440750,381,1498,8,3000,1.25433911883
439021,439027,442634,6,3607,2,36000,1.00166343222
439120,439126,442982,6,3856,2,36000,1.0015560166
439249,439495,440998,246,1503,8,3000,1.16367265469
439350,439356,442623,6,3267,2,36000,1.00183654729
439352,439362,442847,10,3485,2,36000,1.00286944046
439432,439438,443354,6,3916,2,36000,1.00153217569
439495,440167,441650,672,1483,8,3000,1.45313553608
439517,439523,443021,6,3498,2,36000,1.00171526587
439758,439764,443176,6,3412,2,36000,1.00175849941
440168,440379,441871,211,1492,8,3000,1.14142091153
440383,440603,442110,220,1507,8,3000,1.14598540146
440451,440458,444278,7,3820,2,36000,1.00183246073
440608,440761,442249,153,1488,8,3000,1.10282258065
440762,441014,442572,252,1558,8,3000,1.16174582798
440780,440786,444417,6,3631,2,36000,1.00165243735
440828,440834,444567,6,3733,2,36000,1.00160728636
440870,440876,444439,6,3563,2,36000,1.00168397418
440909,440915,444452,6,3537,2,36000,1.00169635284
440936,440942,444573,6,3631,2,36000,1.00165243735
440996,441002,444662,6,3660,2,36000,1.00163934426
440997,441008,444478,11,3470,2,36000,1.00317002882
441015,441022,444429,7,3407,2,36000,1.00205459348
441027,441661,443239,634,1578,8,3000,1.40177439797
441365,441371,445114,6,3743,2,36000,1.00160299225
441379,441386,444701,7,3315,2,36000,1.00211161388
441591,441597,444921,6,3324,2,36000,1.00180505415
441660,441882,443368,222,1486,8,3000,1.14939434724
441711,441717,445132,6,3415,2,36000,1.00175695461
441729,441735,444966,6,3231,2,36000,1.00185701021
441780,441786,445202,6,3416,2,36000,1.00175644028
441858,441864,445381,6,3517,2,36000,1.00170599943
441879,441888,445362,9,3474,2,36000,1.00259067358
441885,442121,443611,236,1490,8,3000,1.15838926174
441894,441900,445128,6,3228,2,36000,1.00185873606
441909,441915,445173,6,3258,2,36000,1.00184162063
442008,442014,445672,6,3658,2,36000,1.00164024057
442108,442114,445541,6,3427,2,36000,1.00175080245
442120,442261,443751,141,1490,8,3000,1.09463087248
442186,442192,445801,6,3609,2,36000,1.00166251039
442207,442213,445715,6,3502,2,36000,1.00171330668
442263,442584,444112,321,1528,8,3000,1.21007853403
442580,443251,444764,671,1513,8,3000,1.44348975545
442623,442629,445813,6,3184,2,36000,1.00188442211
442638,442644,446214,6,3570,2,36000,1.00168067227
442849,442855,446203,6,3348,2,36000,1.0017921147
442985,442991,446602,6,3611,2,36000,1.00166158959
443024,443030,446596,6,3566,2,36000,1.00168255749
443177,443183,446752,6,3569,2,36000,1.00168114318
443253,443623,445111,370,1488,8,3000,1.24865591398
443355,443361,447177,6,3816,2,36000,1.00157232704
443621,443762,445265,141,1503,8,3000,1.09381237525
443765,445122,446621,1357,1499,8,3000,1.90527018012
444280,444286,447916,6,3630,2,36000,1.00165289256
444419,444426,447971,7,3545,2,36000,1.00197461213
444434,444440,448058,6,3618,2,36000,1.00165837479
444449,444455,447976,6,3521,2,36000,1.00170406135
444464,444470,447800,6,3330,2,36000,1.0018018018
444479,444485,447923,6,3438,2,36000,1.0017452007
444569,444575,447867,6,3292,2,36000,1.00182260024
444584,444590,448241,6,3651,2,36000,1.00164338537
444663,444669,448434,6,3765,2,36000,1.0015936255
444708,444713,448217,5,3504,2,36000,1.00142694064
444922,444928,448496,6,3568,2,36000,1.00168161435
444967,444973,448385,6,3412,2,36000,1.00175849941
445116,445127,448427,11,3300,2,36000,1.00333333333
445131,445137,448755,6,3618,2,36000,1.00165837479
445142,445281,446764,139,1483,8,3000,1.09372892785
445146,445152,448636,6,3484,2,36000,1.00172215844
445176,445182,448620,6,3438,2,36000,1.0017452007
445203,445209,448773,6,3564,2,36000,1.00168350168
445285,446408,447947,1123,1539,8,3000,1.72969460689
445363,445369,448949,6,3580,2,36000,1.00167597765
445384,445390,448923,6,3533,2,36000,1.00169827342
445545,445551,449083,6,3532,2,36000,1.00169875425
445674,445680,449393,6,3713,2,36000,1.00161594398
445716,445722,449284,6,3562,2,36000,1.00168444694
445804,445812,449399,8,3587,2,36000,1.002230276
445818,445824,449586,6,3762,2,36000,1.00159489633
446205,446211,449659,6,3448,2,36000,1.00174013921
446220,446225,449886,5,3661,2,36000,1.00136574706
446408,446465,447970,57,1505,8,3000,1.03787375415
446469,446475,448694,6,2219,8,4500,1.00270392068
446470,446481,449022,11,2541,5,3600,1.00432900433
446481,446487,448925,6,2438,5,3600,1.00246103363
446492,446558,449126,66,2568,5,3600,1.02570093458
446546,446552,446557,6,5,1,900,1.1
446553,446632,449194,79,2562,5,3600,1.03083528493
446558,447391,447538,833,147,14,12960,6.66666666667
446599,446607,449999,8,3392,2,36000,1.00235849057
446615,446621,450385,6,3764,2,36000,1.00159404888
446636,446775,449548,139,2773,5,3600,1.05012621709
446754,446760,450294,6,3534,2,36000,1.00169779287
446779,446785,449249,6,2464,5,3600,1.00243506494
446790,447396,450057,606,2661,5,3600,1.22773393461
447179,447554,450937,375,3383,2,36000,1.11084835944
447535,447549,447564,14,15,1,900,1.93333333333
447545,447958,448122,413,164,14,12960,3.51829268293
447555,447878,450368,323,2490,5,3600,1.1297188755
447804,447927,451290,123,3363,2,36000,1.03657448707
447869,447934,451464,65,3530,2,36000,1.01841359773
447919,447963,451533,44,3570,2,36000,1.01232492997
447935,447968,451373,33,3405,2,36000,1.00969162996
447964,447981,450792,17,2811,5,3600,1.00604766987
447975,447986,451427,11,3441,2,36000,1.00319674513
447985,447992,450613,7,2621,5,3600,1.00267073636
447989,447998,451585,9,3587,2,36000,1.0025090605
447996,448133,450608,137,2475,5,3600,1.05535353535
448059,448070,451467,11,3397,2,36000,1.00323815131
448121,448138,448144,17,6,1,900,2.3
448128,448706,448861,578,155,14,12960,4.72903225806
448129,448872,451529,743,2657,5,3600,1.27963869025
448219,448228,451866,9,3638,2,36000,1.00247388675
448243,448252,451597,9,3345,2,36000,1.00269058296
448388,448396,451887,8,3491,2,36000,1.00229160699
448430,448438,452008,8,3570,2,36000,1.00224089636
448444,448451,451778,7,3327,2,36000,1.0021039976
448499,448508,451955,9,3447,2,36000,1.00261096606
448622,448631,452481,9,3850,2,36000,1.00233766234
448637,448647,452062,10,3415,2,36000,1.00292825769
448757,448763,452285,6,3522,2,36000,1.00170357751
448775,448781,452139,6,3358,2,36000,1.00178677784
448858,448865,448873,7,8,1,900,1.5
448868,448938,449100,70,162,14,12960,1.43209876543
448875,449034,451627,159,2593,5,3600,1.0613189356
448926,448932,452297,6,3365,2,36000,1.00178306092
448950,448956,452314,6,3358,2,36000,1.00178677784
449038,449137,451777,99,2640,5,3600,1.0375
449086,449092,452491,6,3399,2,36000,1.00176522507
449093,449284,449290,191,6,1,900,19.7
449102,449111,449268,9,157,14,12960,1.05732484076
449141,449205,451747,64,2542,5,3600,1.02517702596
449200,449294,449405,94,111,1,1800,1.84684684685
449203,449260,451765,57,2505,5,3600,1.02275449102
449265,449279,451853,14,2574,5,3600,1.00543900544
449266,449289,449293,23,4,1,900,2.7
449274,450619,450772,1345,153,14,12960,9.7908496732
449276,449300,451709,24,2409,5,3600,1.0099626401
449286,449404,452884,118,3480,2,36000,1.03390804598
449395,449411,452682,16,3271,2,36000,1.0048914705
449396,449559,453531,163,3972,2,36000,1.04103726083
449562,449597,452109,35,2512,5,3600,1.01393312102
449586,449670,453276,84,3606,2,36000,1.02329450915
449662,449897,453078,235,3181,2,36000,1.07387613958
449714,449720,449823,6,103,1,1800,1.05825242718
449888,450010,453118,122,3108,2,36000,1.03925353925
449999,450069,453548,70,3479,2,36000,1.02012072435
450073,450379,452989,306,2610,5,3600,1.11724137931
450296,450302,453858,6,3556,2,36000,1.00168728909
450379,450625,453058,246,2433,5,3600,1.10110974106
450386,450392,453957,6,3565,2,36000,1.00168302945
450624,450783,453441,159,2658,5,3600,1.05981941309
450666,450793,451306,127,513,1,1800,1.24756335283
450770,450788,450793,18,5,1,900,2.3
450778,451540,451727,762,187,14,12960,5.07486631016
450788,450800,453264,12,2464,5,3600,1.00487012987
450799,451312,453798,513,2486,5,3600,1.20635559131
450938,450944,454439,6,3495,2,36000,1.0017167382
451291,451385,455179,94,3794,2,36000,1.02477596205
451375,451438,455190,63,3752,2,36000,1.01679104478
451429,451475,455266,46,3791,2,36000,1.01213400158
451465,451481,455011,16,3530,2,36000,1.0045325779
451480,451546,455383,66,3837,2,36000,1.01720093823
451532,451596,454983,64,3387,2,36000,1.01889577797
451586,451608,455337,22,3729,2,36000,1.00589970501
451601,451638,455643,37,4005,2,36000,1.00923845194
451636,451720,454258,84,2538,5,3600,1.03309692671
451718,451738,454280,20,2542,5,3600,1.00786782061
451725,451743,451749,18,6,1,900,2.4
451734,451791,451965,57,174,14,12960,1.3275862069
451739,451758,454594,19,2836,5,3600,1.00669957687
451760,451776,454557,16,2781,5,3600,1.00575332614
451778,451785,455362,7,3577,2,36000,1.00195694716
451781,451864,454406,83,2542,5,3600,1.03265145555
451863,451898,454542,35,2644,5,3600,1.01323751891
451866,451872,455732,6,3860,2,36000,1.00155440415
451890,451966,455245,76,3279,2,36000,1.02317779811
451956,452019,455993,63,3974,2,36000,1.01585304479
451961,452164,452169,203,5,1,900,20.8
451970,451976,452143,6,167,14,12960,1.03592814371
452011,452073,455573,62,3500,2,36000,1.01771428571
452062,452120,455810,58,3690,2,36000,1.01571815718
452119,452154,454663,35,2509,5,3600,1.01394978079
452141,452147,455623,6,3476,2,36000,1.00172612198
452141,452181,452192,40,11,1,900,4.63636363636
452150,452308,454930,158,2622,5,3600,1.06025934401
452152,453809,453992,1657,183,14,12960,10.0546448087
452286,452293,455786,7,3493,2,36000,1.00200400802
452302,452326,455921,24,3595,2,36000,1.0066759388
452318,452493,456083,175,3590,2,36000,1.04874651811
452368,452374,452495,6,121,1,1800,1.04958677686
452482,452503,456048,21,3545,2,36000,1.00592383639
452498,452693,456032,195,3339,2,36000,1.05840071878
452684,452896,456525,212,3629,2,36000,1.05841829705
452840,452846,452957,6,111,1,1800,1.05405405405
452886,453000,456213,114,3213,2,36000,1.03548085901
452957,453005,453057,48,52,1,1800,1.92307692308
452998,453069,455516,71,2447,5,3600,1.02901512056
453070,453130,455690,60,2560,5,3600,1.0234375
453081,453275,456878,194,3603,2,36000,1.05384401887
453121,453287,456685,166,3398,2,36000,1.04885226604
453280,453542,456996,262,3454,2,36000,1.07585408222
453381,454014,454094,633,80,1,1800,8.9125
453532,453560,456899,28,3339,2,36000,1.00838574423
453552,453814,457025,262,3211,2,36000,1.08159451884
453801,454020,454600,219,580,1,1800,1.3775862069
453815,454004,456575,189,2571,5,3600,1.07351225204
453860,453869,457787,9,3918,2,36000,1.00229709035
453957,453969,457636,12,3667,2,36000,1.00327242978
453991,454009,454015,18,6,1,900,2.4
453999,454417,456930,418,2513,5,3600,1.1663350577
453999,454292,454465,293,173,14,12960,2.6936416185
454418,454450,457005,32,2555,5,3600,1.01252446184
454439,454481,457795,42,3314,2,36000,1.01267350634
454463,454476,454481,13,5,1,900,1.8
454472,454674,454835,202,161,14,12960,2.25465838509
454480,454553,457085,73,2532,5,3600,1.02883096367
454552,454569,457099,17,2530,5,3600,1.00671936759
454572,454605,457153,33,2548,5,3600,1.01295133438
454603,454611,457323,8,2712,5,3600,1.00294985251
454614,454846,457372,232,2526,5,3600,1.09184481394
454833,454851,454856,18,5,1,900,2.3
454841,456586,456814,1745,228,14,12960,8.65350877193
454849,454941,457547,92,2606,5,3600,1.03530314658
454941,455278,457798,337,2520,5,3600,1.13373015873
454985,454994,458500,9,3506,2,36000,1.00256702795
455012,455023,458397,11,3374,2,36000,1.00326022525
455052,455058,455342,6,284,1,1800,1.02112676056
455181,455190,458532,9,3342,2,36000,1.0026929982
455196,455348,458655,152,3307,2,36000,1.04596310856
455247,455374,458659,127,3285,2,36000,1.03866057839
455268,455395,459008,127,3613,2,36000,1.03515084417
455340,455527,459162,187,3635,2,36000,1.05144429161
455364,455532,458850,168,3318,2,36000,1.05063291139
455385,455537,458815,152,3278,2,36000,1.04636973764
455534,455654,458330,120,2676,5,3600,1.04484304933
455575,455701,459319,126,3618,2,36000,1.03482587065
455623,455706,459134,83,3428,2,36000,1.02421236873
455645,455711,459323,66,3612,2,36000,1.01827242525
455707,456825,459308,1118,2483,5,3600,1.4502617801
455736,455744,459299,8,3555,2,36000,1.00225035162
455790,455798,459319,8,3521,2,36000,1.00227208179
455811,455822,459143,11,3321,2,36000,1.00331225534
455922,455932,459371,10,3439,2,36000,1.00290782204
455995,456004,459195,9,3191,2,36000,1.00282043247
456034,456043,459640,9,3597,2,36000,1.00250208507
456049,456059,459281,10,3222,2,36000,1.00310366232
456086,456094,459630,8,3536,2,36000,1.00226244344
456216,456224,459682,8,3458,2,36000,1.002313476
456528,456536,459805,8,3269,2,36000,1.00244723157
456614,456835,456882,221,47,1,1800,5.70212765957
456686,456696,460151,10,3455,2,36000,1.00289435601
456812,456830,456836,18,6,1,900,2.4
456820,456941,457118,121,177,14,12960,1.68361581921
456830,457007,459429,177,2422,5,3600,1.07308009909
457004,457016,459846,12,2830,5,3600,1.00424028269
457015,457096,459591,81,2495,5,3600,1.03246492986
457097,457111,459642,14,2531,5,3600,1.00553141051
457108,457129,459708,21,2579,5,3600,1.00814269097
457116,457134,457140,18,6,1,900,2.4
457125,457383,457613,258,230,14,12960,2.12173913043
457129,457164,459712,35,2548,5,3600,1.01373626374
457160,457334,459856,174,2522,5,3600,1.06899286281
457258,457634,457716,376,82,1,1800,5.58536585366
457333,457559,460152,226,2593,5,3600,1.08715773236
457558,457624,460159,66,2535,5,3600,1.02603550296
457611,457629,457636,18,7,1,900,2.5
457619,458341,458584,722,243,14,12960,3.97119341564
457621,457647,460239,26,2592,5,3600,1.0100308642
457652,457809,460306,157,2497,5,3600,1.06287545054
457805,458408,460883,603,2475,5,3600,1.24363636364
458407,458543,461046,136,2503,5,3600,1.05433479824
458541,458595,461048,54,2453,5,3600,1.02201386058
458582,458600,458608,18,8,1,900,2.6
458590,459319,459575,729,256,14,12960,3.84765625
458592,459336,461846,744,2510,5,3600,1.29641434263
458660,458670,462192,10,3522,2,36000,1.00283929585
458661,458826,462081,165,3255,2,36000,1.05069124424
458815,458862,462553,47,3691,2,36000,1.01273367651
458852,459020,462390,168,3370,2,36000,1.04985163205
459011,459146,463178,135,4032,2,36000,1.03348214286
459135,459154,462547,19,3393,2,36000,1.00559976422
459149,459596,459885,447,289,1,1800,2.54671280277
459150,459173,462864,23,3691,2,36000,1.00623137361
459165,459200,462583,35,3383,2,36000,1.01034584688
459195,459206,464171,11,4965,2,36000,1.00221550856
459283,459293,463059,10,3766,2,36000,1.00265533723
459300,459310,463037,10,3727,2,36000,1.00268312316
459322,459330,462785,8,3455,2,36000,1.0023154848
459323,459382,462801,59,3419,2,36000,1.01725650775
459338,459441,462680,103,3239,2,36000,1.03179993825
459374,459446,463028,72,3582,2,36000,1.02010050251
459449,459586,462132,137,2546,5,3600,1.05380989788
459573,459591,459599,18,8,1,900,2.6
459581,459720,459982,139,262,14,12960,1.53053435115
459582,459641,462213,59,2572,5,3600,1.02293934681
459632,459651,462881,19,3230,2,36000,1.00588235294
459647,459657,463035,10,3378,2,36000,1.00296033156
459654,459693,462214,39,2521,5,3600,1.01547005157
459683,459725,463223,42,3498,2,36000,1.01200686106
459726,459732,462314,6,2582,5,3600,1.00232378002
459737,459857,462437,120,2580,5,3600,1.04651162791
459806,459816,463532,10,3716,2,36000,1.00269106566
459860,459867,462340,7,2473,5,3600,1.00283057016
459870,459993,462692,123,2699,5,3600,1.04557243423
459980,459986,459994,6,8,1,900,1.4
459988,460174,460434,186,260,14,12960,1.71538461538
459993,460168,462877,175,2709,5,3600,1.0645994832
460154,460162,463557,8,3395,2,36000,1.00235640648
460167,460250,463023,83,2773,5,3600,1.02993148215
460249,460316,463051,67,2735,5,3600,1.02449725777
460321,460708,463250,387,2542,5,3600,1.15224232887
460432,460713,460733,281,20,1,900,15.05
460439,460445,460697,6,252,14,12960,1.02380952381
460694,460718,460735,24,17,1,900,2.41176470588
460704,461063,461224,359,161,14,12960,3.2298136646
460709,460894,463558,185,2664,5,3600,1.06944444444
460894,461057,463760,163,2703,5,3600,1.06030336663
461057,461422,464042,365,2620,5,3600,1.1393129771
461221,461427,461442,206,15,1,900,14.7333333333
461229,461235,461411,6,176,14,12960,1.03409090909
461410,461432,461449,22,17,1,900,2.29411764706
461421,462144,462394,723,250,14,12960,3.892
461425,461857,464336,432,2479,5,3600,1.17426381605
461855,462224,464717,369,2493,5,3600,1.14801444043
462084,462090,465784,6,3694,2,36000,1.00162425555
462193,462203,465780,10,3577,2,36000,1.0027956388
462223,462230,464944,7,2714,5,3600,1.00257921887
462234,462325,464893,91,2568,5,3600,1.03543613707
462326,462351,464774,25,2423,5,3600,1.01031778787
462347,462405,465040,58,2635,5,3600,1.0220113852
462390,462396,465835,6,3439,2,36000,1.00174469322
462392,462410,462418,18,8,1,900,2.6
462401,462703,462948,302,245,14,12960,2.23265306122
462408,462449,464955,41,2506,5,3600,1.01636073424
462449,462875,465578,426,2703,5,3600,1.15760266371
462549,462558,466120,9,3562,2,36000,1.00252667041
462564,462570,465870,6,3300,2,36000,1.00181818182
462585,462594,466082,9,3488,2,36000,1.00258027523
462682,462692,466195,10,3503,2,36000,1.00285469597
462787,462796,466188,9,3392,2,36000,1.00265330189
462802,462888,466221,86,3333,2,36000,1.02580258026
462865,462893,466349,28,3456,2,36000,1.00810185185
462883,462899,466252,16,3353,2,36000,1.00477184611
462899,462959,465471,60,2512,5,3600,1.02388535032
462946,462964,462971,18,7,1,900,2.5
462958,463262,463547,304,285,14,12960,2.06666666667
462961,463036,465614,75,2578,5,3600,1.02909231963
463031,463042,466514,11,3472,2,36000,1.00316820276
463043,463049,465522,6,2473,5,3600,1.00242620299
463046,463062,466398,16,3336,2,36000,1.00479616307
463047,463067,466680,20,3613,2,36000,1.00553556601
463062,463073,466471,11,3398,2,36000,1.00323719835
463074,463558,466231,484,2673,5,3600,1.18106995885
463180,463186,467045,6,3859,2,36000,1.00155480694
463225,463232,467136,7,3904,2,36000,1.00179303279
463535,463543,466964,8,3421,2,36000,1.00233849752
463545,463551,463559,6,8,1,900,1.4
463554,464054,464307,500,253,14,12960,2.97628458498
463554,463574,466171,20,2597,5,3600,1.00770119369
463559,463568,467030,9,3462,2,36000,1.00259965338
463575,463772,466237,197,2465,5,3600,1.0799188641
463680,464328,468083,648,3755,2,7200,1.17256990679
463769,464323,466888,554,2565,5,3600,1.21598440546
464171,464177,467628,6,3451,2,36000,1.00173862649
464231,464318,511804,87,47486,2,57600,1.00183211894
464305,464334,464353,29,19,1,900,2.52631578947
464314,465051,465296,737,245,14,12960,4.00816326531
464321,464347,466894,26,2547,5,3600,1.01020808795
464352,464728,467429,376,2701,5,3600,1.13920770085
464675,465307,471538,632,6231,2,57600,1.10142834216
464730,464786,467387,56,2601,5,3600,1.0215301807
464791,464904,467562,113,2658,5,3600,1.0425131678
464904,464955,467627,51,2672,5,3600,1.01908682635
464956,465312,468142,356,2830,5,3600,1.125795053
465294,465317,465329,23,12,1,900,2.91666666667
465303,465589,465857,286,268,14,12960,2.0671641791
465314,465533,468029,219,2496,5,3600,1.08774038462
465528,465594,468405,66,2811,5,3600,1.0234791889
465590,465625,468300,35,2675,5,3600,1.01308411215
465621,466131,468584,510,2453,5,3600,1.20790868325
465781,465788,469430,7,3642,2,36000,1.00192202087
465796,465802,469055,6,3253,2,36000,1.00184445128
465836,465842,469480,6,3638,2,36000,1.00164925783
465843,465868,493928,25,28060,14,43200,1.00089094797
465852,466094,466108,242,14,1,900,18.2857142857
465863,466900,467131,1037,231,14,12960,5.48917748918
465873,465880,469675,7,3795,2,36000,1.00184453228
466086,466182,469800,96,3618,2,36000,1.02653399668
466124,466199,469861,75,3662,2,36000,1.02048061169
466132,466232,478733,100,12501,2,57600,1.00799936005
466190,466206,469353,16,3147,2,36000,1.00508420718
466204,466248,468955,44,2707,5,3600,1.01625415589
466205,466263,469621,58,3358,2,36000,1.01727218582
466224,466360,469904,136,3544,2,36000,1.03837471783
466256,466409,469940,153,3531,2,36000,1.04333050127
466350,466482,469966,132,3484,2,36000,1.03788748565
466379,466906,469550,527,2644,2,57600,1.19931921331
466400,466525,469941,125,3416,2,36000,1.03659250585
466439,468154,518918,1715,50764,14,57600,1.03378378378
466475,466691,470250,216,3559,2,36000,1.06069120539
466515,466911,470525,396,3614,2,36000,1.10957387936
466683,466975,470119,292,3144,2,36000,1.09287531807
466730,467142,488278,412,21136,2,57600,1.01949280848
466964,467041,470817,77,3776,2,36000,1.02039194915
467032,467056,470783,24,3727,2,36000,1.00643949557
467047,467153,471021,106,3868,2,36000,1.02740434333
467126,467148,467165,22,17,1,900,2.29411764706
467137,473579,473834,6442,255,14,12960,26.262745098
467140,467159,470899,19,3740,2,36000,1.0050802139
467164,467398,469911,234,2513,5,3600,1.09311579785
467400,467440,469920,40,2480,5,3600,1.01612903226
467441,467573,470059,132,2486,5,3600,1.05309734513
467574,467642,470075,68,2433,5,3600,1.02794903411
467630,467636,471151,6,3515,2,36000,1.00170697013
467646,468041,470523,395,2482,5,3600,1.15914585012
468045,468313,471120,268,2807,5,3600,1.09547559672
468098,474580,474590,6482,10,2,43200,649.2
468311,468416,471013,105,2597,5,3600,1.04043126685
468414,468595,471064,181,2469,5,3600,1.073309032
468487,473845,496090,5358,22245,6,43200,1.24086311531
468598,468966,471604,368,2638,5,3600,1.13949962092
468966,469364,471963,398,2599,5,3600,1.15313582147
469025,471036,475295,2011,4259,2,7200,1.47217656727
469057,469063,472754,6,3691,2,36000,1.00162557572
469357,469442,472949,85,3507,2,36000,1.02423723981
469435,469491,473168,56,3677,2,36000,1.01522980691
469484,469633,473019,149,3386,2,36000,1.04400472534
469503,469562,469563,59,1,1,1800,6.0
469576,474650,478550,5074,3900,4,7200,2.30102564103
469625,469686,473187,61,3501,2,36000,1.01742359326
469677,469811,473459,134,3648,2,36000,1.03673245614
469755,469761,471114,6,1353,1,1800,1.0044345898
469806,469872,473338,66,3466,2,36000,1.01904212349
469828,469835,469938,7,103,1,300,1.06796116505
469832,469915,471134,83,1219,1,1800,1.06808859721
469838,485369,489371,15531,4002,4,7200,4.8808095952
469838,471098,472591,1260,1493,1,2400,1.8439383791
469862,469920,473471,58,3551,2,36000,1.0163334272
469906,469926,473418,20,3492,2,36000,1.00572737686
469914,485634,489738,15720,4104,4,7200,4.83040935673
469927,469933,472435,6,2502,5,3600,1.00239808153
469933,471126,473561,1193,2435,1,2400,1.48993839836
469937,470070,472522,133,2452,5,3600,1.05424143556
469943,469949,473662,6,3713,2,36000,1.00161594398
469945,469955,473311,10,3356,2,36000,1.00297973778
469970,469977,473120,7,3143,2,36000,1.00222717149
469973,471132,473994,1159,2862,2,3600,1.40496156534
470004,485639,489484,15635,3845,4,7200,5.06631989597
470071,470086,472671,15,2585,5,3600,1.00580270793
470082,472392,483880,2310,11488,1,36000,1.20107938719
470092,470534,472983,442,2449,5,3600,1.18048182932
470121,470127,473562,6,3435,2,36000,1.00174672489
470180,474876,478214,4696,3338,4,3600,2.40683043739
470192,485645,493617,15453,7972,4,10800,2.93840943302
470206,474596,486103,4390,11507,1,36000,1.38150690884
470230,491782,499549,21552,7767,4,10800,3.77481653148
470253,470259,473677,6,3418,2,36000,1.00175541252
470271,499657,507571,29386,7914,4,21600,4.71316654031
470293,491788,499024,21495,7236,4,10800,3.97056384743
470385,470391,473656,6,3265,2,57600,1.00183767228
470408,470912,471087,504,175,1,300,3.88
470410,471615,471971,1205,356,1,1800,4.38483146067
470415,471990,472656,1575,666,1,1800,3.36486486486
470418,472333,473525,1915,1192,1,2400,2.60654362416
470422,472338,474606,1916,2268,1,2400,1.84479717813
470424,471145,473881,721,2736,2,3600,1.26352339181
470428,475306,478083,4878,2777,4,3600,2.75657184012
470502,471029,471134,527,105,1,300,6.01904761905
470505,472344,474169,1839,1825,1,1800,2.00767123288
470508,472349,474167,1841,1818,1,1800,2.01265126513
470510,472355,474210,1845,1855,1,2400,1.99460916442
470513,472360,474793,1847,2433,1,2400,1.75914508837
470516,471550,474578,1034,3028,2,3600,1.34147952444
470519,478225,481557,7706,3332,4,3600,3.31272509004
470528,470539,473966,11,3427,2,36000,1.00320980449
470533,474585,475617,4052,1032,2,108000,4.92635658915
470543,471024,473531,481,2507,5,3600,1.1918627842
470662,472366,472543,1704,177,1,300,10.6271186441
470665,472371,472760,1706,389,1,1800,5.38560411311
470668,472377,473048,1709,671,1,1800,3.54694485842
470670,472382,473567,1712,1185,1,2400,2.4447257384
470673,472387,474685,1714,2298,1,2400,1.74586597041
470757,474697,477479,3940,2782,2,3600,2.4162473041
470762,478561,481693,7799,3132,4,3600,3.49010217114
470786,470792,474730,6,3938,2,36000,1.00152361605
470820,470826,474465,6,3639,2,36000,1.00164880462
470900,470906,474338,6,3432,2,36000,1.00174825175
471023,471076,473671,53,2595,5,3600,1.0204238921
471025,471137,474733,112,3596,2,36000,1.03114571746
471154,471163,474238,9,3075,2,36000,1.00292682927
471780,471786,475287,6,3501,2,36000,1.00171379606
471781,471792,475236,11,3444,2,36000,1.00319396051
471782,471974,475767,192,3793,2,36000,1.05061956235
471784,471979,475018,195,3039,2,36000,1.06416584403
471785,471984,475566,199,3582,2,36000,1.05555555556
471786,472447,476273,661,3826,2,36000,1.17276529012
471788,472452,476388,664,3936,2,36000,1.16869918699
471789,472533,476403,744,3870,2,36000,1.19224806202
471790,472538,475715,748,3177,2,36000,1.23544224111
471792,472544,476229,752,3685,2,36000,1.20407055631
471793,472682,476366,889,3684,2,36000,1.24131378936
471794,472687,476215,893,3528,2,36000,1.25311791383
471796,472765,476198,969,3433,2,36000,1.28226041363
471797,472961,476268,1164,3307,2,36000,1.35198064711
471798,472994,476425,1196,3431,2,36000,1.34858641795
471799,472999,476679,1200,3680,2,36000,1.32608695652
471801,473004,476332,1203,3328,2,36000,1.36147836538
471802,473030,476312,1228,3282,2,36000,1.37416209628
471803,473132,476859,1329,3727,2,36000,1.35658706735
471805,473179,476419,1374,3240,2,36000,1.42407407407
472315,474591,476444,2276,1853,2,108000,2.22827846735
472765,473198,476518,433,3320,2,36000,1.13042168675
472801,473850,473963,1049,113,6,356400,10.2831858407
472805,474575,569838,1770,95263,6,356400,1.01858014129
472956,473322,477040,366,3718,2,36000,1.09844002152
472985,474601,476159,1616,1558,2,108000,2.03722721438
473022,473349,477119,327,3770,2,36000,1.08673740053
473126,473429,477038,303,3609,2,36000,1.08395677473
473170,473470,477001,300,3531,2,36000,1.0849617672
473190,473483,476879,293,3396,2,36000,1.08627797409
473315,473542,476828,227,3286,2,36000,1.06908094948
473341,473547,477243,206,3696,2,36000,1.05573593074
473423,473573,477244,150,3671,2,36000,1.04086080087
473460,473674,477124,214,3450,2,36000,1.06202898551
473476,473682,477175,206,3493,2,36000,1.05897509304
473564,473687,476953,123,3266,2,36000,1.03766074709
473667,473692,477213,25,3521,2,36000,1.00710025561
473683,473698,476984,15,3286,2,36000,1.00456482045
473831,473856,473872,25,16,1,900,2.5625
473841,474054,474297,213,243,14,12960,1.87654320988
473972,473979,477700,7,3721,2,36000,1.00188121473
474241,474249,477821,8,3572,2,36000,1.00223964166
474257,474606,476540,349,1934,2,108000,1.18045501551
474293,474612,474639,319,27,1,900,12.8148148148
474303,474309,474564,6,255,14,12960,1.02352941176
474339,474349,477987,10,3638,2,36000,1.00274876306
474468,474476,477894,8,3418,2,36000,1.00234055003
474561,474618,474641,57,23,1,900,3.47826086957
474571,478094,478342,3523,248,14,12960,15.2056451613
474734,474744,478187,10,3443,2,36000,1.0029044438
474735,474749,478128,14,3379,2,36000,1.00414323764
474859,478374,521573,3515,43199,2,43200,1.08136762425
475025,475030,478430,5,3400,2,36000,1.00147058824
475238,475248,478695,10,3447,2,36000,1.0029010734
475290,475298,478713,8,3415,2,36000,1.00234260615
475571,475577,478758,6,3181,2,36000,1.00188619931
475718,475726,478670,8,2944,2,36000,1.0027173913
475770,475778,479158,8,3380,2,36000,1.00236686391
476196,478353,615143,2157,136790,6,356400,1.01576869654
476202,476210,479839,8,3629,2,36000,1.00220446404
476205,478358,478661,2153,303,6,356400,8.10561056106
476210,499911,640389,23701,140478,6,356400,1.16871680975
476217,476227,479844,10,3617,2,36000,1.00276472215
476218,499916,640618,23698,140702,6,356400,1.16842688803
476233,476240,479734,7,3494,2,36000,1.00200343446
476271,476280,479710,9,3430,2,36000,1.00262390671
476287,476293,479766,6,3473,2,36000,1.00172761301
476316,476324,479708,8,3384,2,36000,1.00236406619
476336,476343,479746,7,3403,2,36000,1.00205700852
476370,476377,480031,7,3654,2,36000,1.00191570881
476389,476399,479599,10,3200,2,36000,1.003125
476405,476414,479721,9,3307,2,36000,1.00272149985
476425,476431,479791,6,3360,2,36000,1.00178571429
476426,476437,479689,11,3252,2,36000,1.00338253383
476520,476529,480115,9,3586,2,36000,1.00250976018
476683,476691,480078,8,3387,2,36000,1.00236197225
476831,476839,480107,8,3268,2,36000,1.00244798042
476862,476870,480243,8,3373,2,36000,1.00237177587
476881,476890,480624,9,3734,2,36000,1.00241028388
476956,476965,480570,9,3605,2,36000,1.00249653259
476987,476996,480347,9,3351,2,36000,1.00268576544
477004,477012,480493,8,3481,2,36000,1.00229819018
477042,477049,480475,7,3426,2,36000,1.00204319907
477043,477056,480411,13,3355,2,36000,1.00387481371
477121,477131,480799,10,3668,2,36000,1.00272628135
477136,477143,480413,7,3270,2,36000,1.00214067278
477177,477186,480637,9,3451,2,36000,1.00260793973
477215,477225,480819,10,3594,2,36000,1.00278241514
477248,477254,480824,6,3570,2,36000,1.00168067227
477249,477260,480686,11,3426,2,36000,1.00321074139
477705,477711,481154,6,3443,2,36000,1.00174266628
477822,477832,481450,10,3618,2,36000,1.00276395799
477896,477906,481887,10,3981,2,36000,1.00251193168
477996,478002,481589,6,3587,2,36000,1.001672707
478133,478139,481652,6,3513,2,36000,1.00170794193
478192,478198,481809,6,3611,2,36000,1.00166158959
478340,478347,478363,7,16,1,900,1.4375
478355,485359,485623,7004,264,14,12960,27.5303030303
478437,478443,481972,6,3529,2,36000,1.00170019836
478677,478683,482291,6,3608,2,36000,1.00166297118
478700,478706,482355,6,3649,2,36000,1.00164428611
478716,478724,482262,8,3538,2,36000,1.0022611645
478760,478766,482111,6,3345,2,36000,1.00179372197
479164,479170,482877,6,3707,2,36000,1.00161855948
479594,481437,483770,1843,2333,1,3000,1.78996999571
479600,479607,483346,7,3739,2,36000,1.00187215833
479691,479697,483296,6,3599,2,36000,1.00166712976
479710,479716,483149,6,3433,2,36000,1.0017477425
479711,479722,483209,11,3487,2,36000,1.00315457413
479729,479735,483358,6,3623,2,36000,1.00165608612
479746,479752,483479,6,3727,2,36000,1.00160987389
479747,479758,483310,11,3552,2,36000,1.00309684685
479770,479777,483044,7,3267,2,36000,1.00214263851
479793,479799,483079,6,3280,2,36000,1.00182926829
479844,479850,483473,6,3623,2,36000,1.00165608612
479859,479866,483586,7,3720,2,36000,1.00188172043
479963,481442,483962,1479,2520,1,3000,1.5869047619
480035,480041,483313,6,3272,2,36000,1.00183374083
480081,480087,483719,6,3632,2,36000,1.00165198238
480111,480117,483546,6,3429,2,36000,1.00174978128
480126,480133,483884,7,3751,2,36000,1.00186616902
480145,481447,483882,1302,2435,1,2400,1.53470225873
480147,481453,483616,1306,2163,1,2400,1.60379103098
480253,480259,483495,6,3236,2,36000,1.00185414091
480318,507583,645569,27265,137986,6,356400,1.19759250939
480356,480362,483933,6,3571,2,36000,1.00168020162
480417,480424,483977,7,3553,2,36000,1.00197016606
480419,480430,484112,11,3682,2,36000,1.00298750679
480481,480487,483875,6,3388,2,36000,1.00177095632
480498,480504,484061,6,3557,2,36000,1.00168681473
480576,480581,484379,5,3798,2,36000,1.00131648236
480626,480632,483916,6,3284,2,36000,1.00182704019
480643,480649,483949,6,3300,2,36000,1.00181818182
480691,480697,484157,6,3460,2,36000,1.00173410405
480802,480809,484323,7,3514,2,36000,1.00199203187
480821,480828,484304,7,3476,2,36000,1.00201380898
480837,480843,484353,6,3510,2,36000,1.00170940171
481163,481169,484704,6,3535,2,36000,1.00169731259
481431,485234,485292,3803,58,32,300,66.5689655172
481434,481459,486470,25,5011,1,86400,1.00498902415
481463,481469,485005,6,3536,2,36000,1.00169683258
481491,481497,482730,6,1233,1,86400,1.00486618005
481492,496096,812631,14604,316535,4,324000,1.04613707805
481494,485304,485348,3810,44,32,300,87.5909090909
481542,481548,487803,6,6255,1,86400,1.00095923261
481576,482123,494390,547,12267,1,86400,1.04459117959
481596,481602,485217,6,3615,2,36000,1.00165975104
481633,482129,491726,496,9597,1,86400,1.05168281755
481659,481666,485135,7,3469,2,36000,1.00201787259
481674,482741,495453,1067,12712,1,86400,1.08393643801
481707,483892,494478,2185,10586,1,86400,1.20640468543
481742,487814,505071,6072,17257,1,86400,1.35185721736
481770,489388,494830,7618,5442,1,86400,2.39985299522
481803,491737,506238,9934,14501,1,86400,1.68505620302
481816,481822,485619,6,3797,2,36000,1.00158019489
481834,494401,496022,12567,1621,1,86400,8.75262183837
481869,494489,506493,12620,12004,1,86400,2.05131622792
481896,481902,485454,6,3552,2,36000,1.00168918919
481933,495464,496276,13531,812,1,86400,17.6637931034
481969,496033,503129,14064,7096,1,86400,2.98196166855
481983,481989,485428,6,3439,2,36000,1.00174469322
482010,496287,501147,14277,4860,1,86400,3.93765432099
482039,496913,505833,14874,8920,1,86400,2.66748878924
482076,501159,512993,19083,11834,1,86400,2.61255703904
482120,482134,485640,14,3506,2,36000,1.00399315459
482124,501713,505444,19589,3731,1,86400,6.25033503082
482129,489382,491320,7253,1938,2,108000,4.74251805986
482154,503141,515045,20987,11904,1,86400,2.76302083333
482182,505082,521412,22900,16330,1,86400,2.40232700551
482225,505456,505831,23231,375,1,86400,62.9493333333
482254,505842,517080,23588,11238,1,86400,3.0989499911
482270,482276,485859,6,3583,2,36000,1.00167457438
482293,482302,485732,9,3430,2,36000,1.00262390671
482360,482366,485933,6,3567,2,36000,1.00168208579
482884,482891,486337,7,3446,2,36000,1.00203134068
483050,483055,486470,5,3415,2,36000,1.00146412884
483081,483091,486421,10,3330,2,36000,1.003003003
483154,483161,486528,7,3367,2,36000,1.00207900208
483215,483220,486869,5,3649,2,36000,1.00137023842
483301,483307,486735,6,3428,2,36000,1.00175029172
483318,483324,487022,6,3698,2,36000,1.00162249865
483319,483330,487133,11,3803,2,36000,1.00289245333
483348,483358,486759,10,3401,2,36000,1.00294031167
483363,483369,486862,6,3493,2,36000,1.00171772116
483477,483484,486757,7,3273,2,36000,1.00213871066
483494,483500,486954,6,3454,2,36000,1.00173711639
483510,483516,486947,6,3431,2,36000,1.00174876129
483549,483557,486870,8,3313,2,36000,1.00241472985
483589,483597,487313,8,3716,2,36000,1.00215285253
483722,483731,487373,9,3642,2,36000,1.00247116969
483879,483886,487317,7,3431,2,36000,1.00204022151
483895,483901,487129,6,3228,2,36000,1.00185873606
483911,485364,1090184,1453,604820,14,604800,1.00240236765
483918,483928,487086,10,3158,2,36000,1.00316656111
483933,483944,487142,11,3198,2,36000,1.00343964978
483954,483960,487132,6,3172,2,36000,1.00189155107
483982,483988,487607,6,3619,2,36000,1.00165791655
484064,484072,487566,8,3494,2,36000,1.00228963938
484113,484123,487630,10,3507,2,36000,1.00285143998
484160,484168,487805,8,3637,2,36000,1.00219961507
484307,484315,487938,8,3623,2,36000,1.00220811482
484327,484334,487994,7,3660,2,36000,1.00191256831
484355,484364,487863,9,3499,2,36000,1.00257216348
484380,484391,487804,11,3413,2,36000,1.00322297099
484706,484715,488025,9,3310,2,36000,1.00271903323
485007,485016,488318,9,3302,2,36000,1.00272562084
485139,485146,488730,7,3584,2,36000,1.001953125
485218,485228,488792,10,3564,2,36000,1.00280583614
485433,485439,489087,6,3648,2,36000,1.00164473684
485456,485466,488952,10,3486,2,36000,1.00286861733
485610,499560,499635,13950,75,32,3600,187.0
485619,485650,485660,31,10,1,900,4.1
485628,485655,489373,27,3718,2,36000,1.0072619688
485634,491520,491766,5886,246,14,12960,24.9268292683
485645,485661,489179,16,3518,2,36000,1.00454803866
485736,485744,488978,8,3234,2,36000,1.00247371676
485758,491846,495337,6088,3491,2,108000,2.74391291893
485863,485870,489404,7,3534,2,36000,1.00198075835
485938,485944,489530,6,3586,2,36000,1.00167317345
486094,505848,561749,19754,55901,1,86400,1.35337471602
486346,486352,489870,6,3518,2,36000,1.0017055145
486424,486433,490470,9,4037,2,36000,1.00222937825
486448,506249,506312,19801,63,1,172800,315.301587302
486475,486481,489906,6,3425,2,36000,1.00175182482
486532,486539,490048,7,3509,2,36000,1.00199487033
486535,495348,498246,8813,2898,2,108000,4.04106280193
486569,506323,506338,19754,15,1,172800,1317.93333333
486737,486746,490394,9,3648,2,36000,1.00246710526
486759,486772,490316,13,3544,2,36000,1.00366817156
486760,486766,489370,6,2604,1,3000,1.00230414747
486761,486777,490406,16,3629,2,36000,1.00440892808
486821,506349,525839,19528,19490,1,86400,2.0019497178
486871,486877,490496,6,3619,2,36000,1.00165791655
486872,486883,490245,11,3362,2,36000,1.00327186199
486888,486894,490369,6,3475,2,36000,1.00172661871
486952,486958,490485,6,3527,2,36000,1.00170116246
486968,486974,490170,6,3196,2,36000,1.00187734668
487026,487034,490455,8,3421,2,36000,1.00233849752
487087,487098,490214,11,3116,2,36000,1.00353016688
487091,506504,506560,19413,56,1,172800,347.660714286
487129,487140,490441,11,3301,2,36000,1.00333232354
487148,487155,490585,7,3430,2,36000,1.00204081633
487150,487161,490563,11,3402,2,36000,1.00323339212
487151,487166,490463,15,3297,2,36000,1.00454959054
487318,487324,490694,6,3370,2,36000,1.00178041543
487320,487330,491133,10,3803,2,36000,1.00262950302
487381,487387,491803,6,4416,2,36000,1.00135869565
487494,506636,507288,19142,652,1,180000,30.3588957055
487539,506571,506625,19032,54,1,172800,353.444444444
487573,487579,490933,6,3354,2,36000,1.00178890877
487599,507299,508461,19700,1162,1,180000,17.9535283993
487611,487618,491169,7,3551,2,36000,1.0019712757
487634,487641,491422,7,3781,2,36000,1.00185136207
487812,487821,491559,9,3738,2,36000,1.00240770465
487814,487826,491341,12,3515,2,36000,1.00341394026
487868,487874,491479,6,3605,2,36000,1.00166435506
487874,487880,488521,6,641,1,600,1.00936037441
487887,487893,491509,6,3616,1,3600,1.00165929204
487946,487953,491462,7,3509,2,36000,1.00199487033
487998,488005,491740,7,3735,2,36000,1.00187416332
488020,488290,491828,270,3538,1,3600,1.07631430187
488023,488296,491830,273,3534,1,3600,1.07724957555
488026,488036,491458,10,3422,2,36000,1.00292226768
488144,498258,500863,10114,2605,2,108000,4.88253358925
488163,491793,491835,3630,42,2,6000,87.4285714286
488228,491777,491836,3549,59,4,7200,61.1525423729
488324,488330,491716,6,3386,2,36000,1.00177200236
488737,488743,492823,6,4080,2,36000,1.00147058824
488796,488803,492136,7,3333,2,36000,1.00210021002
488956,488963,492579,7,3616,2,36000,1.00193584071
488982,488989,492750,7,3761,2,36000,1.00186120713
489089,489098,492776,9,3678,2,36000,1.00244698206
489181,489190,492465,9,3275,2,36000,1.0027480916
489310,494840,494873,5530,33,16,300,168.575757576
489381,489394,492707,13,3313,2,36000,1.00392393601
489407,489415,492780,8,3365,2,36000,1.00237741456
489530,489541,493202,11,3661,2,36000,1.00300464354
489809,499035,509819,9226,10784,2,28800,1.85552670623
489880,489886,493783,6,3897,2,36000,1.00153964588
489909,489917,493546,8,3629,2,36000,1.00220446404
490004,517361,524738,27357,7377,2,28800,4.70841805612
490052,490059,493301,7,3242,2,36000,1.00215916101
490173,490182,493519,9,3337,2,36000,1.00269703326
490217,490225,493883,8,3658,2,36000,1.00218698742
490226,517367,546218,27141,28851,2,28800,1.94072995737
490248,490257,494381,9,4124,2,36000,1.00218234724
490319,490328,493958,9,3630,2,36000,1.00247933884
490371,490380,494208,9,3828,2,36000,1.00235109718
490396,490405,493636,9,3231,2,36000,1.00278551532
490412,490419,493751,7,3332,2,36000,1.00210084034
490444,490452,493936,8,3484,2,36000,1.00229621125
490460,490467,494039,7,3572,2,36000,1.00195968645
490477,490483,494192,6,3709,2,36000,1.00161768671
490478,490489,493975,11,3486,2,36000,1.00315547906
490495,490501,494045,6,3544,2,36000,1.00169300226
490497,490507,493840,10,3333,2,36000,1.00300030003
490565,490575,494063,10,3488,2,36000,1.00286697248
490588,490596,494166,8,3570,2,36000,1.00224089636
490695,490706,494336,11,3630,2,36000,1.00303030303
490936,490945,494703,9,3758,2,36000,1.0023948909
491137,491144,494831,7,3687,2,36000,1.00189856252
491172,491181,494276,9,3095,2,36000,1.00290791599
491344,491352,495041,8,3689,2,36000,1.00216860938
491426,491434,494922,8,3488,2,36000,1.00229357798
491462,491469,495223,7,3754,2,36000,1.00186467768
491464,491475,495679,11,4204,2,36000,1.00261655566
491484,491490,494776,6,3286,2,36000,1.00182592818
491562,491570,495359,8,3789,2,36000,1.00211137503
491717,491727,495143,10,3416,2,36000,1.00292740047
491742,491752,495052,10,3300,2,36000,1.00303030303
491763,491839,491854,76,15,1,900,6.06666666667
491778,499646,499895,7868,249,14,12960,32.5983935743
491807,491815,495198,8,3383,2,36000,1.002364765
492138,492147,495735,9,3588,2,36000,1.0025083612
492573,492579,495927,6,3348,2,36000,1.0017921147
492588,492594,496027,6,3433,2,36000,1.0017477425
492710,492718,496267,8,3549,2,36000,1.0022541561
492751,492761,496138,10,3377,2,36000,1.00296120817
492778,492788,496207,10,3419,2,36000,1.00292483182
492794,492800,496428,6,3628,2,36000,1.00165380375
492828,492834,496322,6,3488,2,36000,1.00172018349
493207,493213,496944,6,3731,2,36000,1.00160814795
493305,493312,497208,7,3896,2,36000,1.00179671458
493522,493530,496967,8,3437,2,36000,1.00232761129
493548,493557,496897,9,3340,2,36000,1.00269461078
493641,493647,497052,6,3405,2,36000,1.00176211454
493756,493762,497417,6,3655,2,36000,1.00164158687
493788,493794,497200,6,3406,2,36000,1.00176159718
493844,493852,497204,8,3352,2,36000,1.00238663484
493884,493894,497750,10,3856,2,36000,1.002593361
493940,493948,497527,8,3579,2,36000,1.00223526125
493958,493970,497364,12,3394,2,36000,1.00353565115
493978,493986,497606,8,3620,2,36000,1.00220994475
494038,494050,497323,12,3273,2,36000,1.00366636114
494055,494061,497912,6,3851,2,36000,1.00155803687
494072,494078,497228,6,3150,2,36000,1.0019047619
494168,494177,497751,9,3574,2,36000,1.00251818691
494193,494203,497593,10,3390,2,36000,1.00294985251
494210,494220,497320,10,3100,2,36000,1.00322580645
494248,499651,527353,5403,27702,14,43200,1.19504006931
494279,494287,497574,8,3287,2,36000,1.00243383024
494337,494347,497723,10,3376,2,36000,1.00296208531
494386,494392,497827,6,3435,2,36000,1.00174672489
494505,517372,519758,22867,2386,2,108000,10.5838222967
494705,494715,498381,10,3666,2,36000,1.00272776869
494780,494788,498055,8,3267,2,36000,1.00244872972
494833,494846,498300,13,3454,2,36000,1.00376375217
494925,494932,498587,7,3655,2,36000,1.00191518468
495044,495050,498260,6,3210,2,36000,1.00186915888
495060,495066,498864,6,3798,2,36000,1.00157977883
495147,495153,498479,6,3326,2,36000,1.00180396873
495201,495207,498944,6,3737,2,36000,1.00160556596
495227,495233,498424,6,3191,2,36000,1.00188028831
495363,495369,498951,6,3582,2,36000,1.00167504188
495684,495690,499092,6,3402,2,36000,1.00176366843
495708,517377,520139,21669,2762,2,108000,8.84540188269
495739,495745,499061,6,3316,2,36000,1.00180940893
495933,495938,499778,5,3840,2,36000,1.00130208333
496033,496039,499315,6,3276,2,36000,1.00183150183
496141,496148,499894,7,3746,2,36000,1.0018686599
496211,496217,500048,6,3831,2,36000,1.00156617071
496269,496275,499710,6,3435,2,36000,1.00174672489
496327,496333,499766,6,3433,2,36000,1.0017477425
496431,496437,500052,6,3615,2,36000,1.00165975104
496901,496907,500347,6,3440,2,36000,1.00174418605
496949,496956,500478,7,3522,2,36000,1.0019875071
496975,496981,500274,6,3293,2,36000,1.00182204677
497054,497063,500865,9,3802,2,36000,1.00236717517
497201,497211,500404,10,3193,2,36000,1.00313185092
497217,497223,500528,6,3305,2,36000,1.00181543116
497218,497229,500682,11,3453,2,36000,1.00318563568
497234,497239,500725,5,3486,2,36000,1.00143430866
497323,497332,500729,9,3397,2,36000,1.00264939653
497324,497338,500942,14,3604,2,36000,1.0038845727
497368,497376,500923,8,3547,2,36000,1.00225542712
497419,497428,500846,9,3418,2,36000,1.00263311878
497533,497539,501076,6,3537,2,36000,1.00169635284
497577,497585,500835,8,3250,2,36000,1.00246153846
497596,497604,500912,8,3308,2,36000,1.00241837969
497612,497619,501544,7,3925,2,36000,1.00178343949
497727,497734,501412,7,3678,2,36000,1.00190320827
497755,497761,501555,6,3794,2,36000,1.00158144439
497756,497767,501395,11,3628,2,36000,1.00303197354
497829,497838,501212,9,3374,2,36000,1.00266745702
497916,497923,501571,7,3648,2,36000,1.00191885965
498056,498066,501662,10,3596,2,36000,1.00278086763
498261,498271,501887,10,3616,2,36000,1.00276548673
498302,498311,501702,9,3391,2,36000,1.00265408434
498383,498393,501930,10,3537,2,36000,1.00282725474
498429,498435,502272,6,3837,2,36000,1.00156372166
498483,498491,501830,8,3339,2,36000,1.00239592692
498589,498599,502153,10,3554,2,36000,1.00281373101
498869,498876,502321,7,3445,2,36000,1.00203193033
498946,498955,502459,9,3504,2,36000,1.00256849315
498963,498969,502608,6,3639,2,36000,1.00164880462
499063,499073,502839,10,3766,2,36000,1.00265533723
499096,499104,502426,8,3322,2,36000,1.00240818784
499318,499326,502709,8,3383,2,36000,1.002364765
499717,499723,503567,6,3844,2,36000,1.00156087409
499769,499777,503176,8,3399,2,36000,1.00235363342
499785,499791,503542,6,3751,2,36000,1.00159957345
499894,499921,499965,27,44,1,900,1.61363636364
499895,499905,503568,10,3663,2,36000,1.00273000273
499913,517091,517344,17178,253,14,12960,68.8972332016
500055,500060,503837,5,3777,2,36000,1.00132380196
500056,500066,503377,10,3311,2,36000,1.00302023558
500277,500286,503943,9,3657,2,36000,1.00246103363
500350,500358,503894,8,3536,2,36000,1.00226244344
500391,519188,778408,18797,259220,2,259200,1.07251369493
500407,500416,504087,9,3671,2,36000,1.00245164805
500412,519193,778430,18781,259237,2,259200,1.07244722011
500433,519198,778426,18765,259228,2,259200,1.07238801364
500457,519204,778414,18747,259210,2,259200,1.07232359863
500479,500489,504017,10,3528,2,36000,1.00283446712
500481,519209,778440,18728,259231,2,259200,1.07224444607
500498,519214,778440,18716,259226,2,259200,1.07219954788
500517,519219,778430,18702,259211,2,259200,1.07214971587
500532,500539,503726,7,3187,2,36000,1.00219642297
500538,519769,779009,19231,259240,2,259200,1.07418222497
500685,500693,504361,8,3668,2,36000,1.00218102508
500731,500737,504296,6,3559,2,36000,1.00168586682
500732,500743,504275,11,3532,2,36000,1.00311438279
500837,500847,504346,10,3499,2,36000,1.00285795942
500852,500858,504426,6,3568,2,36000,1.00168161435
500868,500877,504772,9,3895,2,36000,1.00231065469
500915,500924,504482,9,3558,2,36000,1.00252951096
500931,500937,504833,6,3896,2,36000,1.00154004107
500947,500953,504679,6,3726,2,36000,1.00161030596
501079,501087,504601,8,3514,2,36000,1.00227660785
501213,501223,504686,10,3463,2,36000,1.00288766965
501398,501406,504944,8,3538,2,36000,1.0022611645
501416,501424,504863,8,3439,2,36000,1.00232625763
501536,517356,1120670,15820,603314,6,604800,1.02622183473
501546,501555,505250,9,3695,2,36000,1.00243572395
501562,501569,505003,7,3434,2,36000,1.00203843914
501578,501584,504928,6,3344,2,36000,1.00179425837
501663,501674,505186,11,3512,2,36000,1.00313211845
501704,501718,505338,14,3620,2,36000,1.00386740331
501832,501841,505643,9,3802,2,36000,1.00236717517
501888,501898,505506,10,3608,2,36000,1.00277161863
501932,501941,505644,9,3703,2,36000,1.00243046179
502157,502165,505720,8,3555,2,36000,1.00225035162
502274,502283,506109,9,3826,2,36000,1.00235232619
502325,502333,505728,8,3395,2,36000,1.00235640648
502431,502438,506084,7,3646,2,36000,1.00191991223
502464,502470,505996,6,3526,2,36000,1.00170164492
502609,502619,506950,10,4331,2,36000,1.00230893558
502711,502720,506070,9,3350,2,36000,1.00268656716
502840,502850,506352,10,3502,2,36000,1.00285551114
503179,503187,507173,8,3986,2,36000,1.00200702459
503378,503388,506973,10,3585,2,36000,1.00278940028
503544,503553,507164,9,3611,2,36000,1.00249238438
503572,503578,507041,6,3463,2,36000,1.00173260179
503573,503584,506828,11,3244,2,36000,1.00339087546
503729,503738,507208,9,3470,2,36000,1.00259365994
503841,503848,507529,7,3681,2,36000,1.00190165716
503897,503906,507578,9,3672,2,36000,1.00245098039
503948,503954,507406,6,3452,2,36000,1.00173812283
504019,504028,507541,9,3513,2,36000,1.00256191289
504091,504099,507649,8,3550,2,36000,1.00225352113
504275,504286,507458,11,3172,2,36000,1.00346784363
504297,504307,508093,10,3786,2,36000,1.00264131009
504348,504357,507921,9,3564,2,36000,1.00252525253
504364,504373,507602,9,3229,2,36000,1.00278724063
504427,504437,507946,10,3509,2,36000,1.00284981476
504484,504494,509032,10,4538,2,36000,1.00220361393
504606,504611,508175,5,3564,2,36000,1.00140291807
504683,504690,508162,7,3472,2,36000,1.00201612903
504698,504704,507943,6,3239,2,36000,1.00185242359
504776,504784,508231,8,3447,2,36000,1.00232085872
504835,504844,508292,9,3448,2,36000,1.00261020882
504866,504875,508571,9,3696,2,36000,1.00243506494
504930,504939,508321,9,3382,2,36000,1.00266114725
504946,504955,508648,9,3693,2,36000,1.00243704305
505004,505014,508542,10,3528,2,36000,1.00283446712
505190,505198,508801,8,3603,2,36000,1.00222037191
505254,505262,508930,8,3668,2,36000,1.00218102508
505341,505349,508738,8,3389,2,36000,1.00236057834
505508,505518,509218,10,3700,2,36000,1.0027027027
505648,505654,509054,6,3400,2,36000,1.00176470588
505649,505660,509068,11,3408,2,36000,1.00322769953
505724,505731,509344,7,3613,2,36000,1.0019374481
505740,505746,509556,6,3810,2,36000,1.00157480315
506000,506008,509472,8,3464,2,36000,1.00230946882
506075,506081,509264,6,3183,2,36000,1.00188501414
506091,506097,509820,6,3723,2,36000,1.00161160355
506110,506120,509872,10,3752,2,36000,1.0026652452
506355,506363,509711,8,3348,2,36000,1.00238948626
506834,506840,510426,6,3586,2,36000,1.00167317345
506953,506961,510484,8,3523,2,36000,1.00227079194
506976,506984,510627,8,3643,2,36000,1.00219599231
507044,507053,510686,9,3633,2,36000,1.00247729149
507167,507175,510893,8,3718,2,36000,1.00215169446
507184,507190,510722,6,3532,2,36000,1.00169875425
507209,507219,511278,10,4059,2,36000,1.002463661
507409,507417,510937,8,3520,2,36000,1.00227272727
507462,507469,511159,7,3690,2,36000,1.00189701897
507533,507541,511060,8,3519,2,36000,1.00227337312
507548,507555,511061,7,3506,2,36000,1.0019965773
507580,507589,510827,9,3238,2,36000,1.00277949351
507607,507613,510782,6,3169,2,36000,1.00189334175
507652,507660,511049,8,3389,2,36000,1.00236057834
507696,528017,537998,20321,9981,4,18000,3.03596833985
507926,507932,511711,6,3779,2,36000,1.00158772162
507945,507954,511303,9,3349,2,36000,1.00268736936
507961,507967,511420,6,3453,2,36000,1.00173761946
508097,508105,512002,8,3897,2,36000,1.00205286118
508165,508173,511659,8,3486,2,36000,1.00229489386
508181,508187,511671,6,3484,2,36000,1.00172215844
508234,508243,511805,9,3562,2,36000,1.00252667041
508296,508303,511699,7,3396,2,36000,1.00206124853
508322,508332,511953,10,3621,2,36000,1.00276166805
508543,508553,511755,10,3202,2,36000,1.00312304809
508575,508583,511921,8,3338,2,36000,1.0023966447
508650,508659,512365,9,3706,2,36000,1.00242849433
508740,508749,512683,9,3934,2,36000,1.00228774784
508805,508812,512563,7,3751,2,36000,1.00186616902
508934,508941,512607,7,3666,2,36000,1.00190943808
508935,509835,512987,900,3152,4,10800,1.28553299492
508935,512998,516297,4063,3299,4,10800,2.23158532889
508936,524749,527813,15813,3064,4,10800,6.16090078329
508936,525850,529025,16914,3175,4,10800,6.32724409449
508937,528266,531497,19329,3231,4,10800,6.98235840297
508937,528271,531312,19334,3041,4,10800,7.35777704702
508937,528277,531404,19340,3127,4,10800,7.18484170131
508938,529036,532129,20098,3093,4,10800,7.49789848044
508938,531323,534513,22385,3190,4,10800,8.01724137931
508939,531415,534566,22476,3151,4,10800,8.13297365916
508939,532140,535405,23201,3265,4,10800,8.10597243492
508939,531509,534603,22570,3094,4,10800,8.29476405947
509035,509043,512186,8,3143,2,36000,1.00254533885
509057,509066,512553,9,3487,2,36000,1.0025810152
509073,509079,512609,6,3530,2,36000,1.00169971671
509222,509230,512397,8,3167,2,36000,1.00252604989
509265,509275,512884,10,3609,2,36000,1.00277085065
509347,509356,513005,9,3649,2,36000,1.00246642916
509475,509483,512896,8,3413,2,36000,1.0023439789
509559,509567,513089,8,3522,2,36000,1.00227143668
509712,509723,513233,11,3510,2,36000,1.00313390313
509824,509841,513535,17,3694,2,36000,1.00460205739
509878,509883,513306,5,3423,2,36000,1.00146070698
510429,510438,513879,9,3441,2,36000,1.00261551874
510489,510495,513993,6,3498,2,36000,1.00171526587
510626,510639,514397,13,3758,2,36000,1.00345928685
510689,510697,514143,8,3446,2,36000,1.00232153221
510724,510734,514379,10,3645,2,36000,1.00274348422
510787,510793,514194,6,3401,2,36000,1.001764187
510830,510838,514161,8,3323,2,36000,1.00240746314
510895,510904,514509,9,3605,2,36000,1.00249653259
510940,510949,514354,9,3405,2,36000,1.00264317181
511051,511060,514506,9,3446,2,36000,1.00261172374
511070,511076,514691,6,3615,2,36000,1.00165975104
511071,511082,514686,11,3604,2,36000,1.00305216426
511161,511170,514483,9,3313,2,36000,1.00271657108
511281,511290,514970,9,3680,2,36000,1.00244565217
511306,511314,514878,8,3564,2,36000,1.00224466891
511423,511431,514744,8,3313,2,36000,1.00241472985
511663,511670,515082,7,3412,2,36000,1.00205158265
511680,511686,515327,6,3641,2,36000,1.00164789893
511703,511711,515272,8,3561,2,36000,1.00224655996
511719,511725,515253,6,3528,2,36000,1.00170068027
511756,511766,515081,10,3315,2,36000,1.00301659125
511807,511817,515177,10,3360,2,36000,1.00297619048
511924,511932,515487,8,3555,2,36000,1.00225035162
511956,511964,515461,8,3497,2,36000,1.00228767515
512004,512013,515394,9,3381,2,36000,1.00266193434
512190,512197,515484,7,3287,2,36000,1.00212960146
512367,512376,516002,9,3626,2,36000,1.00248207391
512398,512408,515886,10,3478,2,36000,1.00287521564
512555,512565,516388,10,3823,2,36000,1.0026157468
512571,512577,516347,6,3770,2,36000,1.00159151194
512613,512619,516037,6,3418,2,36000,1.00175541252
512614,512625,516258,11,3633,2,36000,1.00302780072
512686,512695,516395,9,3700,2,36000,1.00243243243
512888,512896,516379,8,3483,2,36000,1.00229687051
512903,512909,516602,6,3693,2,36000,1.00162469537
513008,513016,516358,8,3342,2,36000,1.00239377618
513092,513100,516650,8,3550,2,36000,1.00225352113
513237,513244,516579,7,3335,2,36000,1.00209895052
513307,513317,517157,10,3840,2,36000,1.00260416667
513539,513547,516877,8,3330,2,36000,1.0024024024
513884,513890,517491,6,3601,2,36000,1.00166620383
513994,514004,517629,10,3625,2,36000,1.00275862069
514148,514154,517672,6,3518,2,36000,1.0017055145
514165,514172,517856,7,3684,2,36000,1.00190010858
514199,514205,517728,6,3523,2,36000,1.00170309395
514357,514366,517906,9,3540,2,36000,1.00254237288
514383,514391,517758,8,3367,2,36000,1.00237600238
514399,514409,517973,10,3564,2,36000,1.00280583614
514488,514494,518053,6,3559,2,36000,1.00168586682
514517,514523,517960,6,3437,2,36000,1.00174570847
514518,514529,517866,11,3337,2,36000,1.00329637399
514689,514697,518260,8,3563,2,36000,1.00224529891
514705,514711,518205,6,3494,2,36000,1.00171722954
514749,514756,518166,7,3410,2,36000,1.00205278592
514882,514890,518587,8,3697,2,36000,1.00216391669
514973,514982,518531,9,3549,2,36000,1.00253592561
515087,515094,518747,7,3653,2,36000,1.00191623323
515089,515100,518511,11,3411,2,36000,1.00322486074
515179,515188,518875,9,3687,2,36000,1.00244100895
515254,515264,518593,10,3329,2,36000,1.00300390508
515274,515285,519357,11,4072,2,36000,1.00270137525
515332,515339,518926,7,3587,2,36000,1.0019514915
515398,515406,518947,8,3541,2,36000,1.0022592488
515466,515473,519005,7,3532,2,36000,1.00198187995
515486,515495,519120,9,3625,2,36000,1.00248275862
515501,515507,519210,6,3703,2,36000,1.00162030786
515889,515898,519296,9,3398,2,36000,1.00264861683
516006,516013,519644,7,3631,2,36000,1.00192784357
516040,516049,519484,9,3435,2,36000,1.00262008734
516261,516269,519733,8,3464,2,36000,1.00230946882
516348,516358,519904,10,3546,2,36000,1.00282007896
516365,516371,519589,6,3218,2,36000,1.00186451212
516381,516390,519816,9,3426,2,36000,1.00262697023
516399,516405,519904,6,3499,2,36000,1.00171477565
516401,516412,520787,11,4375,2,36000,1.00251428571
516583,516590,520124,7,3534,2,36000,1.00198075835
516606,516614,520181,8,3567,2,36000,1.00224278105
516654,516661,520073,7,3412,2,36000,1.00205158265
516880,516888,520386,8,3498,2,36000,1.00228702115
517159,517169,520541,10,3372,2,36000,1.00296559905
517344,520150,520165,2806,15,1,900,188.066666667
517363,518929,519177,1566,248,14,12960,7.31451612903
517495,517503,520916,8,3413,2,36000,1.0023439789
517633,517641,520977,8,3336,2,36000,1.00239808153
517676,517683,520903,7,3220,2,36000,1.00217391304
517730,517739,521319,9,3580,2,36000,1.00251396648
517761,517770,521312,9,3542,2,36000,1.00254093732
517857,517867,521392,10,3525,2,36000,1.00283687943
517872,517878,521801,6,3923,2,36000,1.00152944175
517907,517917,521581,10,3664,2,36000,1.00272925764
517963,517971,521762,8,3791,2,36000,1.00211026114
517980,517986,521427,6,3441,2,36000,1.00174367916
518058,518064,521561,6,3497,2,36000,1.00171575636
518169,518177,521548,8,3371,2,36000,1.00237318303
518206,518216,521696,10,3480,2,36000,1.00287356322
518261,518271,521452,10,3181,2,36000,1.00314366551
518513,518522,522312,9,3790,2,36000,1.00237467018
518536,518542,521889,6,3347,2,36000,1.00179265013
518589,518598,521909,9,3311,2,36000,1.00271821202
518604,518610,522266,6,3656,2,36000,1.00164113786
518750,518759,522365,9,3606,2,36000,1.00249584027
518877,518887,522353,10,3466,2,36000,1.00288517023
518930,518938,522318,8,3380,2,36000,1.00236686391
518948,518958,522304,10,3346,2,36000,1.00298864316
519009,519016,522668,7,3652,2,36000,1.00191675794
519125,519131,522629,6,3498,2,36000,1.00171526587
519176,520155,520175,979,20,1,900,49.95
519194,527365,527624,8171,259,14,12960,32.5482625483
519211,519225,522871,14,3646,2,36000,1.00383982447
519298,519307,522848,9,3541,2,36000,1.0025416549
519361,519369,522578,8,3209,2,36000,1.00249298847
519486,519495,523169,9,3674,2,36000,1.00244964616
519593,519600,522981,7,3381,2,36000,1.00207039337
519646,519655,523413,9,3758,2,36000,1.0023948909
519735,519744,523226,9,3482,2,36000,1.00258472142
519819,519827,523499,8,3672,2,36000,1.00217864924
519909,519915,523419,6,3504,2,36000,1.00171232877
519911,519921,523622,10,3701,2,36000,1.00270197244
520077,520084,523741,7,3657,2,36000,1.00191413727
520127,520135,523437,8,3302,2,36000,1.00242277408
520182,520193,523734,11,3541,2,36000,1.0031064671
520387,520397,523887,10,3490,2,36000,1.00286532951
520546,520553,524141,7,3588,2,36000,1.0019509476
520793,520799,524155,6,3356,2,36000,1.00178784267
520908,520914,524294,6,3380,2,36000,1.00177514793
520924,520930,524269,6,3339,2,36000,1.00179694519
520981,520988,524400,7,3412,2,36000,1.00205158265
521172,527940,527975,6768,35,16,300,194.371428571
521314,521323,524865,9,3542,2,36000,1.00254093732
521329,521335,524775,6,3440,2,36000,1.00174418605
521394,521403,524970,9,3567,2,36000,1.00252312868
521430,521439,524943,9,3504,2,36000,1.00256849315
521456,521464,524867,8,3403,2,36000,1.00235086688
521525,536523,536706,14998,183,32,300,82.956284153
521549,521555,525155,6,3600,2,36000,1.00166666667
521564,521571,525217,7,3646,2,36000,1.00191991223
521586,521592,524993,6,3401,2,36000,1.001764187
521700,521706,525090,6,3384,2,36000,1.00177304965
521765,521771,525520,6,3749,2,36000,1.00160042678
521802,521808,525194,6,3386,2,36000,1.00177200236
521893,521899,525418,6,3519,2,36000,1.00170502984
521911,521917,525237,6,3320,2,36000,1.00180722892
522269,522275,525779,6,3504,2,36000,1.00171232877
522307,522313,525819,6,3506,2,36000,1.00171135197
522323,522329,526075,6,3746,2,36000,1.00160170849
522325,522335,525596,10,3261,2,36000,1.003066544
522355,522361,525774,6,3413,2,36000,1.00175798418
522371,522377,525778,6,3401,2,36000,1.001764187
522582,522588,526538,6,3950,2,36000,1.00151898734
522631,522637,525983,6,3346,2,36000,1.00179318589
522672,522678,526030,6,3352,2,36000,1.00178997613
522852,522858,526409,6,3551,2,36000,1.00168966488
522874,522880,526446,6,3566,2,36000,1.00168255749
522982,522988,526767,6,3779,2,36000,1.00158772162
523172,523177,526671,5,3494,2,36000,1.00143102461
523229,523235,526927,6,3692,2,36000,1.00162513543
523415,523421,526900,6,3479,2,36000,1.00172463352
523432,523438,527124,6,3686,2,36000,1.00162778079
523447,523453,527214,6,3761,2,36000,1.00159532039
523504,523510,526936,6,3426,2,36000,1.00175131349
523624,523630,527193,6,3563,2,36000,1.00168397418
523737,523743,527305,6,3562,2,36000,1.00168444694
523753,523759,527453,6,3694,2,36000,1.00162425555
523888,523895,527567,7,3672,2,36000,1.00190631808
524146,524152,527733,6,3581,2,36000,1.00167550963
524161,524168,527938,7,3770,2,36000,1.00185676393
524273,524279,527933,6,3654,2,36000,1.00164203612
524295,524302,527770,7,3468,2,36000,1.00201845444
524403,524409,527783,6,3374,2,36000,1.00177830468
524777,524783,528150,6,3367,2,36000,1.00178200178
524867,524873,528484,6,3611,2,36000,1.00166158959
524869,524879,528335,10,3456,2,36000,1.00289351852
524946,524952,528372,6,3420,2,36000,1.00175438596
524972,524978,528230,6,3252,2,36000,1.00184501845
524998,525004,528324,6,3320,2,36000,1.00180722892
525092,525098,528538,6,3440,2,36000,1.00174418605
525157,525163,528375,6,3212,2,36000,1.00186799502
525195,525205,528811,10,3606,2,36000,1.00277315585
525220,525228,528717,8,3489,2,36000,1.00229292061
525239,525248,529045,9,3797,2,36000,1.00237029234
525422,525429,528834,7,3405,2,36000,1.00205580029
525523,525531,528922,8,3391,2,36000,1.00235918608
525597,525607,529061,10,3454,2,36000,1.00289519398
525780,525786,529318,6,3532,2,36000,1.00169875425
525781,525792,529258,11,3466,2,36000,1.00317368725
525783,525797,529392,14,3595,2,36000,1.00389429764
525820,525831,529150,11,3319,2,36000,1.00331425128
525987,525995,529439,8,3444,2,36000,1.00232288037
526034,526041,529673,7,3632,2,36000,1.00192731278
526077,526087,529688,10,3601,2,36000,1.00277700639
526413,526420,529947,7,3527,2,36000,1.00198468954
526447,526457,530194,10,3737,2,36000,1.00267594327
526542,526550,530126,8,3576,2,36000,1.00223713647
526674,526682,529962,8,3280,2,36000,1.00243902439
526770,526778,530261,8,3483,2,36000,1.00229687051
526902,526911,530447,9,3536,2,36000,1.00254524887
526931,526938,530555,7,3617,2,36000,1.0019353055
526947,526953,530422,6,3469,2,36000,1.00172960507
527127,527135,530786,8,3651,2,36000,1.0021911805
527197,527204,530862,7,3658,2,36000,1.001913614
527217,527225,531041,8,3816,2,36000,1.00209643606
527308,527317,530519,9,3202,2,36000,1.00281074329
527458,527464,531117,6,3653,2,36000,1.00164248563
527569,527579,531116,10,3537,2,36000,1.00282725474
527620,527635,527662,15,27,1,900,1.55555555556
527636,527673,527929,37,256,14,12960,1.14453125
527736,527744,531314,8,3570,2,36000,1.00224089636
527774,527781,531331,7,3550,2,36000,1.00197183099
527791,527797,531166,6,3369,2,36000,1.0017809439
527813,527824,528006,11,182,1,3600,1.06043956044
527926,527932,527958,6,26,1,900,1.23076923077
527938,527986,528255,48,269,14,12960,1.17843866171
527939,527946,531471,7,3525,2,36000,1.0019858156
527940,527952,531287,12,3335,2,36000,1.0035982009
528152,528161,531669,9,3508,2,36000,1.00256556442
528196,528287,528678,91,391,1,3600,1.23273657289
528233,528241,532061,8,3820,2,36000,1.00209424084
528254,528282,528300,28,18,1,900,2.55555555556
528269,536717,536984,8448,267,14,12960,32.6404494382
528326,528336,532013,10,3677,2,36000,1.00271960838
528342,528349,532027,7,3678,2,36000,1.00190320827
528375,528383,531947,8,3564,2,36000,1.00224466891
528376,528389,531565,13,3176,2,36000,1.00409319899
528485,528495,532041,10,3546,2,36000,1.00282007896
528543,528549,532426,6,3877,2,36000,1.00154758834
528721,528728,532184,7,3456,2,36000,1.00202546296
528816,528822,532503,6,3681,2,36000,1.00162999185
528835,528845,532291,10,3446,2,36000,1.00290191526
528925,528933,532549,8,3616,2,36000,1.00221238938
529042,529048,529938,6,890,1,3600,1.00674157303
529050,529057,532529,7,3472,2,36000,1.00201612903
529065,529072,532588,7,3516,2,36000,1.00199089875
529152,529161,532699,9,3538,2,36000,1.00254381006
529260,529269,533219,9,3950,2,36000,1.00227848101
529323,529329,532786,6,3457,2,36000,1.00173560891
529395,529403,532767,8,3364,2,36000,1.00237812128
529442,529450,533378,8,3928,2,36000,1.00203665988
529674,529684,533068,10,3384,2,36000,1.00295508274
529691,529700,533004,9,3304,2,36000,1.00272397094
529952,529959,533500,7,3541,2,36000,1.0019768427
529968,529975,533458,7,3483,2,36000,1.0020097617
530129,530138,533510,9,3372,2,36000,1.00266903915
530198,530206,533574,8,3368,2,36000,1.00237529691
530266,530272,534267,6,3995,2,36000,1.00150187735
530424,530433,534121,9,3688,2,36000,1.00244034707
530450,530458,534089,8,3631,2,36000,1.00220324979
530522,530530,533986,8,3456,2,36000,1.00231481481
530556,530567,534156,11,3589,2,36000,1.00306492059
530788,530797,534412,9,3615,2,36000,1.00248962656
530865,530873,534358,8,3485,2,36000,1.00229555237
531043,531052,534438,9,3386,2,36000,1.00265800354
531120,531127,534513,7,3386,2,36000,1.00206733609
531121,531133,534711,12,3578,2,36000,1.00335382895
531169,531177,534739,8,3562,2,36000,1.00224592925
531265,531271,531393,6,122,1,3600,1.04918032787
531292,531299,534868,7,3569,2,36000,1.00196133371
531320,531329,534974,9,3645,2,36000,1.0024691358
531337,531344,534645,7,3301,2,36000,1.00212056952
531365,531371,531560,6,189,1,3600,1.03174603175
531473,531482,535048,9,3566,2,36000,1.00252383623
531568,531576,535175,8,3599,2,36000,1.00222283968
531597,531603,531955,6,352,1,3600,1.01704545455
531671,531681,535254,10,3573,2,36000,1.00279876854
531760,531766,532198,6,432,1,3600,1.01388888889
531951,531958,535583,7,3625,2,36000,1.00193103448
532016,532024,535647,8,3623,2,36000,1.00220811482
532032,532038,535559,6,3521,2,36000,1.00170406135
532049,532055,535798,6,3743,2,36000,1.00160299225
532064,532072,535276,8,3204,2,36000,1.0024968789
532187,532195,535601,8,3406,2,36000,1.00234879624
532295,532302,536047,7,3745,2,36000,1.00186915888
532431,532438,535826,7,3388,2,36000,1.0020661157
532440,532446,533173,6,727,1,3600,1.00825309491
532505,532514,535933,9,3419,2,36000,1.00263234864
532531,532540,535802,9,3262,2,36000,1.00275904353
532550,532560,535822,10,3262,2,36000,1.00306560392
532564,532570,533526,6,956,1,3600,1.00627615063
532593,532600,535964,7,3364,2,36000,1.00208085612
532702,532710,536405,8,3695,2,36000,1.00216508796
532770,532779,536131,9,3352,2,36000,1.0026849642
532789,532798,536879,9,4081,2,36000,1.00220534183
533007,533015,536555,8,3540,2,36000,1.00225988701
533069,533079,536502,10,3423,2,36000,1.00292141396
533223,533230,536881,7,3651,2,36000,1.00191728294
533381,533390,536997,9,3607,2,36000,1.00249514832
533461,533469,537063,8,3594,2,36000,1.00222593211
533505,533511,537343,6,3832,2,36000,1.001565762
533520,533526,537009,6,3483,2,36000,1.00172265289
533578,533585,537110,7,3525,2,36000,1.0019858156
533990,533997,537828,7,3831,2,36000,1.00182719916
534093,534100,537460,7,3360,2,36000,1.00208333333
534125,534132,537902,7,3770,2,36000,1.00185676393
534157,534167,537746,10,3579,2,36000,1.00279407656
534269,534279,537807,10,3528,2,36000,1.00283446712
534358,534369,537820,11,3451,2,36000,1.00318748189
534415,534423,537836,8,3413,2,36000,1.0023439789
534440,534450,537897,10,3447,2,36000,1.0029010734
534517,534525,537906,8,3381,2,36000,1.00236616386
534650,534656,538322,6,3666,2,36000,1.00163666121
534717,534723,538658,6,3935,2,36000,1.00152477764
534742,534751,538136,9,3385,2,36000,1.00265878877
534846,534853,534990,7,137,1,3600,1.05109489051
534872,534880,538736,8,3856,2,36000,1.0020746888
534980,534986,538498,6,3512,2,36000,1.00170842825
535052,535060,538428,8,3368,2,36000,1.00237529691
535072,535078,535223,6,145,1,1800,1.04137931034
535174,535186,538399,12,3213,2,36000,1.00373482726
535194,535200,535569,6,369,1,3600,1.0162601626
535258,535265,538608,7,3343,2,36000,1.00209392761
535281,535287,538732,6,3445,2,36000,1.00174165457
535562,535570,539075,8,3505,2,36000,1.00228245364
535587,535594,538956,7,3362,2,36000,1.00208209399
535594,535600,535724,6,124,1,1800,1.04838709677
535603,535612,539031,9,3419,2,36000,1.00263234864
535652,535658,539023,6,3365,2,36000,1.00178306092
535801,535809,539648,8,3839,2,36000,1.00208387601
535818,535824,539544,6,3720,2,36000,1.00161290323
535835,535841,539109,6,3268,2,36000,1.00183598531
535836,535847,539317,11,3470,2,36000,1.00317002882
535935,535944,539416,9,3472,2,36000,1.0025921659
535967,535976,539364,9,3388,2,36000,1.00265643447
536035,536041,536699,6,658,1,3600,1.00911854103
536049,536058,539389,9,3331,2,36000,1.00270189132
536134,536142,539638,8,3496,2,36000,1.00228832952
536408,536416,539761,8,3345,2,36000,1.0023916293
536471,536477,537094,6,617,1,1800,1.00972447326
536505,536513,540021,8,3508,2,36000,1.00228050171
536559,536565,540003,6,3438,2,36000,1.0017452007
536883,536889,540243,6,3354,2,36000,1.00178890877
536884,536895,540373,11,3478,2,36000,1.00316273721
536981,536987,537020,6,33,1,900,1.18181818182
536996,537002,537263,6,261,14,12960,1.02298850575
537004,537010,540504,6,3494,2,36000,1.00171722954
537019,537026,540249,7,3223,2,36000,1.00217188954
537064,537070,540770,6,3700,2,36000,1.00162162162
537113,537119,541085,6,3966,2,36000,1.0015128593
537261,537267,537284,6,17,1,900,1.35294117647
537275,538175,538467,900,292,14,12960,4.08219178082
537346,537353,540909,7,3556,2,36000,1.00196850394
537465,537471,540987,6,3516,2,36000,1.00170648464
537748,537754,541331,6,3577,2,36000,1.00167738328
537811,537817,541476,6,3659,2,36000,1.00163979229
537828,537834,541243,6,3409,2,36000,1.00176004693
537845,537851,541251,6,3400,2,36000,1.00176470588
537846,537857,541341,11,3484,2,36000,1.00315729047
537902,537908,541307,6,3399,2,36000,1.00176522507
537903,537914,541465,11,3551,2,36000,1.00309771895
537921,537927,541470,6,3543,2,36000,1.0016934801
538139,538145,541658,6,3513,2,36000,1.00170794193
538327,538333,541982,6,3649,2,36000,1.00164428611
538403,538409,541982,6,3573,2,36000,1.00167926113
538432,538438,541746,6,3308,2,36000,1.00181378476
538464,538470,538503,6,33,1,900,1.18181818182
538481,538488,538731,7,243,14,12960,1.02880658436
538501,538507,542025,6,3518,2,36000,1.0017055145
538613,538619,541851,6,3232,2,36000,1.00185643564
538660,538666,542030,6,3364,2,36000,1.00178359096
538731,538737,538762,6,25,1,900,1.24
538735,538743,542244,8,3501,2,36000,1.00228506141
538745,538751,538998,6,247,14,12960,1.02429149798
538751,538757,542357,6,3600,2,36000,1.00166666667
538887,538893,539036,6,143,1,1800,1.04195804196
538958,538965,542599,7,3634,2,36000,1.00192625206
538993,538999,539033,6,34,1,900,1.17647058824
539004,539010,539297,6,287,14,12960,1.02090592334
539008,539016,539093,8,77,1,1800,1.1038961039
539029,539035,542416,6,3381,2,36000,1.00177462289
539045,539051,542469,6,3418,2,36000,1.00175541252
539077,539083,542256,6,3173,2,36000,1.00189095493
539114,539119,542533,5,3414,2,36000,1.0014645577
539294,539300,539330,6,30,1,900,1.2
539306,539313,539586,7,273,14,12960,1.02564102564
539322,539328,543179,6,3851,2,36000,1.00155803687
539365,539371,543192,6,3821,2,36000,1.00157026956
539389,539396,542958,7,3562,2,36000,1.0019651881
539421,539427,543069,6,3642,2,36000,1.00164744646
539435,539442,539580,7,138,1,1800,1.05072463768
539444,539450,539538,6,88,1,1800,1.06818181818
539547,539553,542884,6,3331,2,36000,1.00180126088
539583,539590,539614,7,24,1,900,1.29166666667
539590,539597,539694,7,97,14,12960,1.07216494845
539642,539648,543198,6,3550,2,36000,1.00169014085
539657,539663,543156,6,3493,2,36000,1.00171772116
539691,539698,539699,7,1,1,900,1.0
539764,539770,543285,6,3515,2,36000,1.00170697013
540007,540013,543584,6,3571,2,36000,1.00168020162
540023,540029,543612,6,3583,2,36000,1.00167457438
540247,540253,543665,6,3412,2,36000,1.00175849941
540262,540268,543911,6,3643,2,36000,1.00164699424
540376,540382,543790,6,3408,2,36000,1.00176056338
540390,540396,540880,6,484,1,1800,1.01239669421
540508,540514,543915,6,3401,2,36000,1.001764187
540525,540531,540846,6,315,1,1800,1.01904761905
540772,540779,544231,7,3452,2,36000,1.00202780997
540912,540918,544463,6,3545,2,36000,1.00169252468
540990,540997,544318,7,3321,2,36000,1.00210779886
541089,541095,544529,6,3434,2,36000,1.00174723355
541245,541251,544593,6,3342,2,36000,1.00179533214
541260,541266,544727,6,3461,2,36000,1.001733603
541311,541317,544633,6,3316,2,36000,1.00180940893
541334,541340,544912,6,3572,2,36000,1.00167973124
541349,541356,545173,7,3817,2,36000,1.00183390097
541467,541473,544989,6,3516,2,36000,1.00170648464
541484,541490,545108,6,3618,2,36000,1.00165837479
541485,541496,544804,11,3308,2,36000,1.00332527207
541660,541666,545362,6,3696,2,36000,1.00162337662
541748,541755,545222,7,3467,2,36000,1.00201903663
541853,541859,545663,6,3804,2,36000,1.00157728707
541985,541991,545403,6,3412,2,36000,1.00175849941
541986,541997,545561,11,3564,2,36000,1.00308641975
542025,542032,545567,7,3535,2,36000,1.00198019802
542040,542046,545564,6,3518,2,36000,1.0017055145
542246,542252,545675,6,3423,2,36000,1.00175284838
542261,542267,545806,6,3539,2,36000,1.00169539418
542360,542366,546126,6,3760,2,36000,1.00159574468
542420,542426,545690,6,3264,2,36000,1.00183823529
542474,542480,545941,6,3461,2,36000,1.001733603
542537,542543,546190,6,3647,2,36000,1.00164518783
542600,542607,546377,7,3770,2,36000,1.00185676393
542763,542769,542824,6,55,1,1800,1.10909090909
542887,542893,546461,6,3568,2,36000,1.00168161435
542961,542968,546585,7,3617,2,36000,1.0019353055
543074,543080,546757,6,3677,2,36000,1.00163176503
543160,543167,546640,7,3473,2,36000,1.00201554852
543182,543189,546679,7,3490,2,36000,1.00200573066
543197,543203,543284,6,81,1,1800,1.07407407407
543199,543209,546531,10,3322,2,36000,1.0030102348
543201,543214,547024,13,3810,2,36000,1.00341207349
543288,543294,546948,6,3654,2,36000,1.00164203612
543588,543594,546998,6,3404,2,36000,1.0017626322
543616,543623,546996,7,3373,2,36000,1.00207530388
543666,543672,547082,6,3410,2,36000,1.00175953079
543793,543799,547392,6,3593,2,36000,1.00166991372
543913,543919,547178,6,3259,2,36000,1.00184105554
543928,543934,547692,6,3758,2,36000,1.00159659393
544234,544240,547560,6,3320,2,36000,1.00180722892
544266,544273,544583,7,310,1,1800,1.02258064516
544320,544326,547972,6,3646,2,36000,1.00164563906
544468,544474,548061,6,3587,2,36000,1.001672707
544530,544537,548267,7,3730,2,36000,1.0018766756
544595,544601,547838,6,3237,2,36000,1.00185356812
544636,544642,547924,6,3282,2,36000,1.00182815356
544729,544735,548030,6,3295,2,36000,1.00182094082
544806,544813,548380,7,3567,2,36000,1.00196243342
544914,544920,548756,6,3836,2,36000,1.0015641293
544991,544997,548550,6,3553,2,36000,1.00168871376
545110,545117,548995,7,3878,2,36000,1.00180505415
545176,545182,548768,6,3586,2,36000,1.00167317345
545226,545233,548595,7,3362,2,36000,1.00208209399
545365,545371,548868,6,3497,2,36000,1.00171575636
545405,545411,548983,6,3572,2,36000,1.00167973124
545566,545572,549106,6,3534,2,36000,1.00169779287
545567,545578,549260,11,3682,2,36000,1.00298750679
545583,545589,549074,6,3485,2,36000,1.00172166428
545664,545670,549231,6,3561,2,36000,1.00168491997
545681,545687,549348,6,3661,2,36000,1.00163889648
545697,545704,549213,7,3509,2,36000,1.00199487033
545809,545815,549525,6,3710,2,36000,1.00161725067
545944,545950,549542,6,3592,2,36000,1.00167037862
546130,546136,549656,6,3520,2,36000,1.00170454545
546192,546198,549584,6,3386,2,36000,1.00177200236
546381,546387,550111,6,3724,2,36000,1.00161117078
546462,546468,549896,6,3428,2,36000,1.00175029172
546533,546539,549740,6,3201,2,36000,1.00187441425
546587,546593,550200,6,3607,2,36000,1.00166343222
546643,546649,550167,6,3518,2,36000,1.0017055145
546681,546687,550065,6,3378,2,36000,1.00177619893
546758,546764,550179,6,3415,2,36000,1.00175695461
546950,546956,550655,6,3699,2,36000,1.00162206002
547002,547008,550339,6,3331,2,36000,1.00180126088
547003,547014,550447,11,3433,2,36000,1.00320419458
547025,547031,550589,6,3558,2,36000,1.00168634064
547085,547091,550360,6,3269,2,36000,1.00183542368
547181,547188,550618,7,3430,2,36000,1.00204081633
547393,547399,551055,6,3656,2,36000,1.00164113786
547564,547570,551076,6,3506,2,36000,1.00171135197
547692,547698,551185,6,3487,2,36000,1.0017206768
547839,547845,551386,6,3541,2,36000,1.0016944366
547926,547932,551277,6,3345,2,36000,1.00179372197
547975,547981,551367,6,3386,2,36000,1.00177200236
548031,548037,551593,6,3556,2,36000,1.00168728909
548065,548071,551504,6,3433,2,36000,1.0017477425
548269,548275,551818,6,3543,2,36000,1.0016934801
548383,548389,551486,6,3097,2,36000,1.00193735873
548551,548557,552305,6,3748,2,36000,1.00160085379
548598,548604,551872,6,3268,2,36000,1.00183598531
548761,548767,552394,6,3627,2,36000,1.00165425972
548776,548783,552296,7,3513,2,36000,1.00199259892
548869,548875,552539,6,3664,2,36000,1.00163755459
548980,548986,552619,6,3633,2,36000,1.00165152766
548999,549005,552585,6,3580,2,36000,1.00167597765
549077,549083,552574,6,3491,2,36000,1.00171870524
549109,549115,552766,6,3651,2,36000,1.00164338537
549218,549224,552710,6,3486,2,36000,1.0017211704
549234,549240,552559,6,3319,2,36000,1.00180777343
549262,549268,552486,6,3218,2,36000,1.00186451212
549350,549356,552892,6,3536,2,36000,1.00169683258
549526,549533,552868,7,3335,2,36000,1.00209895052
549546,549552,552908,6,3356,2,36000,1.00178784267
549588,549594,553323,6,3729,2,36000,1.00160901046
549659,549666,553465,7,3799,2,36000,1.00184259016
549743,549750,553165,7,3415,2,36000,1.00204978038
549897,549903,553374,6,3471,2,36000,1.00172860847
550067,550074,553825,7,3751,2,36000,1.00186616902
550115,550121,553400,6,3279,2,36000,1.00182982617
550168,550175,553879,7,3704,2,36000,1.00188984881
550185,550191,553602,6,3411,2,36000,1.00175901495
550203,550210,554039,7,3829,2,36000,1.00182815356
550343,550350,553726,7,3376,2,36000,1.00207345972
550363,550369,553608,6,3239,2,36000,1.00185242359
550449,550455,553964,6,3509,2,36000,1.00170988886
550591,550597,554038,6,3441,2,36000,1.00174367916
550620,550626,553972,6,3346,2,36000,1.00179318589
550658,550664,554365,6,3701,2,36000,1.00162118346
550984,550990,608520,6,57530,1,172800,1.00010429341
551020,551026,607693,6,56667,1,172800,1.00010588173
551058,551064,554591,6,3527,2,36000,1.00170116246
551069,551076,574173,7,23097,1,172800,1.00030306966
551081,551087,554699,6,3612,2,36000,1.00166112957
551112,551118,574801,6,23683,1,172800,1.00025334628
551188,551194,554904,6,3710,2,36000,1.00161725067
551279,551285,555009,6,3724,2,36000,1.00161117078
551372,551378,554850,6,3472,2,36000,1.0017281106
551387,551393,555040,6,3647,2,36000,1.00164518783
551489,551495,554967,6,3472,2,36000,1.0017281106
551507,551513,555115,6,3602,2,36000,1.00166574125
551595,551601,555028,6,3427,2,36000,1.00175080245
551822,551828,555593,6,3765,2,36000,1.0015936255
551876,551882,555315,6,3433,2,36000,1.0017477425
552297,552303,555851,6,3548,2,36000,1.00169109357
552312,552318,556268,6,3950,2,36000,1.00151898734
552400,552406,556031,6,3625,2,36000,1.00165517241
552491,552497,555990,6,3493,2,36000,1.00171772116
552542,552548,556021,6,3473,2,36000,1.00172761301
552561,552567,556408,6,3841,2,36000,1.0015620932
552578,552585,555896,7,3311,2,36000,1.0021141649
552595,552601,556174,6,3573,2,36000,1.00167926113
552622,552628,556127,6,3499,2,36000,1.00171477565
552712,552718,556091,6,3373,2,36000,1.0017788319
552768,552775,556329,7,3554,2,36000,1.00196961171
552871,552877,555998,6,3121,2,36000,1.00192246075
552900,552906,556545,6,3639,2,36000,1.00164880462
552916,552923,556494,7,3571,2,36000,1.00196023523
553169,553176,556665,7,3489,2,36000,1.00200630553
553327,553333,557033,6,3700,2,36000,1.00162162162
553378,553384,556770,6,3386,2,36000,1.00177200236
553403,553409,556854,6,3445,2,36000,1.00174165457
553467,553474,557102,7,3628,2,36000,1.00192943771
553607,553613,556741,6,3128,2,36000,1.00191815857
553623,553629,557004,6,3375,2,36000,1.00177777778
553731,553737,557174,6,3437,2,36000,1.00174570847
553827,553833,557510,6,3677,2,36000,1.00163176503
553881,553887,557304,6,3417,2,36000,1.00175592625
553966,553972,557274,6,3302,2,36000,1.00181708056
553982,553988,557475,6,3487,2,36000,1.0017206768
554044,554050,557505,6,3455,2,36000,1.0017366136
554045,554056,557617,11,3561,2,36000,1.00308901994
554368,554374,558727,6,4353,2,36000,1.00137835975
554595,554601,557953,6,3352,2,36000,1.00178997613
554700,554707,558531,7,3824,2,36000,1.00183054393
554852,554858,558214,6,3356,2,36000,1.00178784267
554907,554913,558304,6,3391,2,36000,1.00176938956
554971,554978,558447,7,3469,2,36000,1.00201787259
555013,555019,558464,6,3445,2,36000,1.00174165457
555032,555038,558368,6,3330,2,36000,1.0018018018
555049,555055,558640,6,3585,2,36000,1.00167364017
555122,555128,558527,6,3399,2,36000,1.00176522507
555319,555325,558678,6,3353,2,36000,1.00178944229
555597,555603,559267,6,3664,2,36000,1.00163755459
555853,555859,559250,6,3391,2,36000,1.00176938956
555901,555907,559828,6,3921,2,36000,1.00153022188
555997,556003,559331,6,3328,2,36000,1.00180288462
556013,556019,559179,6,3160,2,36000,1.00189873418
556028,556035,559382,7,3347,2,36000,1.00209142516
556044,556050,559707,6,3657,2,36000,1.00164068909
556099,556104,559615,5,3511,2,36000,1.0014240957
556128,556134,559624,6,3490,2,36000,1.00171919771
556177,556183,559826,6,3643,2,36000,1.00164699424
556271,556277,559794,6,3517,2,36000,1.00170599943
556331,556337,560155,6,3818,2,36000,1.0015715034
556410,556416,560019,6,3603,2,36000,1.00166527893
556496,556502,560069,6,3567,2,36000,1.00168208579
556547,556553,560218,6,3665,2,36000,1.00163710778
556670,556676,560752,6,4076,2,36000,1.0014720314
556745,556751,560370,6,3619,2,36000,1.00165791655
556776,556781,560259,5,3478,2,36000,1.00143760782
556856,556862,560430,6,3568,2,36000,1.00168161435
557008,557014,560537,6,3523,2,36000,1.00170309395
557037,557043,560562,6,3519,2,36000,1.00170502984
557107,557113,560551,6,3438,2,36000,1.0017452007
557176,557182,560864,6,3682,2,36000,1.00162954916
557277,557283,560863,6,3580,2,36000,1.00167597765
557310,557315,560697,5,3382,2,36000,1.00147841514
557475,557481,560805,6,3324,2,36000,1.00180505415
557507,557513,561303,6,3790,2,36000,1.00158311346
557522,557529,560899,7,3370,2,36000,1.00207715134
557582,557588,557609,6,21,4,10800,1.28571428571
557620,557626,561361,6,3735,2,36000,1.0016064257
557856,557862,564025,6,6163,4,10800,1.00097355184
557857,562016,568196,4159,6180,4,10800,1.67297734628
557857,561961,568463,4104,6502,4,10800,1.63119040295
557857,562011,567991,4154,5980,4,10800,1.69464882943
557858,562675,568659,4817,5984,4,10800,1.80497994652
557858,562472,569026,4614,6554,4,10800,1.70399755874
557859,568850,575215,10991,6365,4,10800,2.72678711705
557859,563045,569179,5186,6134,4,10800,1.84545158135
557859,568856,574809,10997,5953,4,10800,2.8473038804
557860,569190,575347,11330,6157,4,10800,2.84018190677
557860,569037,575347,11177,6310,4,10800,2.77131537242
557861,575358,581836,17497,6478,4,10800,3.70098795925
557956,557963,561769,7,3806,2,36000,1.00183920126
558216,558222,561843,6,3621,2,36000,1.00165700083
558305,558311,561994,6,3683,2,36000,1.00162910671
558371,558377,561992,6,3615,2,36000,1.00165975104
558451,558457,562109,6,3652,2,36000,1.00164293538
558468,558474,561898,6,3424,2,36000,1.00175233645
558530,558536,562340,6,3804,2,36000,1.00157728707
558546,558552,561989,6,3437,2,36000,1.00174570847
558643,558649,562039,6,3390,2,36000,1.0017699115
558682,558688,562488,6,3800,2,36000,1.00157894737
558729,558735,562456,6,3721,2,36000,1.00161246977
559182,559188,563100,6,3912,2,36000,1.00153374233
559253,559260,562660,7,3400,2,36000,1.00205882353
559269,559276,563036,7,3760,2,36000,1.00186170213
559332,559338,563034,6,3696,2,36000,1.00162337662
559384,559390,563028,6,3638,2,36000,1.00164925783
559620,559627,562928,7,3301,2,36000,1.00212056952
559636,559642,563236,6,3594,2,36000,1.00166944908
559710,559716,563289,6,3573,2,36000,1.00167926113
559798,559804,563400,6,3596,2,36000,1.00166852058
559829,559835,563464,6,3629,2,36000,1.00165334803
559831,559841,563475,10,3634,2,36000,1.00275178866
560021,560027,563503,6,3476,2,36000,1.00172612198
560072,560078,563704,6,3626,2,36000,1.00165471594
560155,560162,563718,7,3556,2,36000,1.00196850394
560220,560226,563748,6,3522,2,36000,1.00170357751
560262,560268,563844,6,3576,2,36000,1.00167785235
560372,560379,563866,7,3487,2,36000,1.00200745627
560432,560438,564271,6,3833,2,36000,1.00156535351
560542,560548,564102,6,3554,2,36000,1.0016882386
560558,560564,563992,6,3428,2,36000,1.00175029172
560573,560579,563993,6,3414,2,36000,1.00175746924
560700,560705,564124,5,3419,2,36000,1.00146241591
560754,560760,564255,6,3495,2,36000,1.0017167382
560809,560815,564130,6,3315,2,36000,1.00180995475
560870,560875,564391,5,3516,2,36000,1.00142207053
560871,560881,564637,10,3756,2,36000,1.00266240682
560904,560910,564447,6,3537,2,36000,1.00169635284
561308,561314,564749,6,3435,2,36000,1.00174672489
561364,561370,564605,6,3235,2,36000,1.00185471406
561771,561777,565458,6,3681,2,36000,1.00162999185
561847,561853,565476,6,3623,2,36000,1.00165608612
561901,561907,565476,6,3569,2,36000,1.00168114318
561955,568474,568547,6519,73,32,1200,90.301369863
561993,561999,565392,6,3393,2,36000,1.0017683466
561994,562005,565666,11,3661,2,36000,1.00300464354
562007,568558,568769,6551,211,32,300,32.0473933649
562012,562022,565727,10,3705,2,36000,1.00269905533
562042,562048,565602,6,3554,2,36000,1.0016882386
562112,562118,565769,6,3651,2,36000,1.00164338537
562341,562348,565754,7,3406,2,36000,1.00205519671
562460,562466,565913,6,3447,2,36000,1.00174064404
562491,562497,566059,6,3562,2,36000,1.00168444694
562663,562669,566477,6,3808,2,36000,1.00157563025
562929,562935,566395,6,3460,2,36000,1.00173410405
563033,563039,566289,6,3250,2,36000,1.00184615385
563048,563055,566413,7,3358,2,36000,1.00208457415
563050,563061,566580,11,3519,2,36000,1.00312588804
563104,563111,566596,7,3485,2,36000,1.00200860832
563239,563245,566814,6,3569,2,36000,1.00168114318
563292,563298,566731,6,3433,2,36000,1.0017477425
563404,563410,566942,6,3532,2,36000,1.00169875425
563467,563473,566915,6,3442,2,36000,1.00174317257
563483,563489,566737,6,3248,2,36000,1.00184729064
563504,563511,567402,7,3891,2,36000,1.00179902339
563705,563711,567266,6,3555,2,36000,1.00168776371
563730,563736,567657,6,3921,2,36000,1.00153022188
563753,563759,567264,6,3505,2,36000,1.00171184023
563847,563853,567229,6,3376,2,36000,1.00177725118
563866,564141,605207,275,41066,1,86400,1.00669653728
563869,563875,568031,6,4156,2,36000,1.00144369586
563870,568785,699529,4915,130744,18,172800,1.03759254727
563905,564147,604132,242,39985,1,86400,1.0060522696
563913,564269,607671,356,43402,1,86400,1.00820238699
563996,564002,567354,6,3352,2,36000,1.00178997613
563997,564008,567426,11,3418,2,36000,1.00321825629
564103,564109,567807,6,3698,2,36000,1.00162249865
564126,564132,567399,6,3267,2,36000,1.00183654729
564141,564153,568110,12,3957,2,36000,1.00303260045
564257,564263,567508,6,3245,2,36000,1.00184899846
564273,564279,567823,6,3544,2,36000,1.00169300226
564394,564400,567811,6,3411,2,36000,1.00175901495
564450,564456,568240,6,3784,2,36000,1.00158562368
564608,564616,568142,8,3526,2,36000,1.0022688599
564640,564649,568292,9,3643,2,36000,1.00247049135
564753,564761,568089,8,3328,2,36000,1.00240384615
565393,565403,568895,10,3492,2,36000,1.00286368843
565460,565469,569063,9,3594,2,36000,1.00250417362
565480,565486,569160,6,3674,2,36000,1.00163309744
565482,565493,569085,11,3592,2,36000,1.0030623608
565606,565614,568980,8,3366,2,36000,1.00237670826
565670,565677,569129,7,3452,2,36000,1.00202780997
565729,565738,569479,9,3741,2,36000,1.00240577386
565759,565765,569435,6,3670,2,36000,1.00163487738
565774,565780,569338,6,3558,2,36000,1.00168634064
565800,568676,568679,2876,3,1,86400,287.9
565808,568682,568684,2874,2,1,86400,287.6
565812,568690,568691,2878,1,1,86400,287.9
565816,568696,568697,2880,1,1,86400,288.1
565819,568703,568704,2884,1,1,86400,288.5
565822,568709,568710,2887,1,1,86400,288.8
565826,568716,568717,2890,1,1,86400,289.1
565841,568722,568723,2881,1,1,86400,288.2
565846,568728,568729,2882,1,1,86400,288.3
565849,568735,568736,2886,1,1,86400,288.7
565852,568741,568742,2889,1,1,86400,289.0
565855,568747,568748,2892,1,1,86400,289.3
565859,568754,568755,2895,1,1,86400,289.6
565862,568760,568761,2898,1,1,86400,289.9
565865,568766,568767,2901,1,1,86400,290.2
565869,568773,568774,2904,1,1,86400,290.5
565873,568779,568780,2906,1,1,86400,290.7
565890,568795,568797,2905,2,1,86400,290.7
565893,568801,568806,2908,5,1,86400,291.3
565897,568806,568811,2909,5,1,86400,291.4
565900,568811,568815,2911,4,1,86400,291.5
565902,568817,568824,2915,7,1,86400,292.2
565906,568822,568828,2916,6,1,86400,292.2
565909,568827,568830,2918,3,1,86400,292.1
565912,568833,568837,2921,4,1,86400,292.5
565915,568840,568841,2925,1,1,86400,292.6
565916,565924,570054,8,4130,2,36000,1.001937046
565919,568845,568846,2926,1,1,86400,292.7
566063,566071,569860,8,3789,2,36000,1.00211137503
566239,568671,573579,2432,4908,1,28800,1.49551752241
566293,566300,569616,7,3316,2,36000,1.00211097708
566398,566406,569829,8,3423,2,36000,1.00233713117
566418,566424,569979,6,3555,2,36000,1.00168776371
566480,566489,570159,9,3670,2,36000,1.00245231608
566524,575363,584966,8839,9603,4,14400,1.92044152869
566587,566593,570316,6,3723,2,36000,1.00161160355
566603,566609,569994,6,3385,2,36000,1.00177252585
566734,566743,570025,9,3282,2,36000,1.00274223035
566750,566756,570417,6,3661,2,36000,1.00163889648
566816,566825,570554,9,3729,2,36000,1.00241351569
566918,566926,570204,8,3278,2,36000,1.00244051251
566943,566954,570392,11,3438,2,36000,1.00319953461
567232,567241,570981,9,3740,2,36000,1.00240641711
567273,567280,570780,7,3500,2,36000,1.002
567275,567286,570884,11,3598,2,36000,1.00305725403
567358,567365,570835,7,3470,2,36000,1.00201729107
567403,567410,570863,7,3453,2,36000,1.0020272227
567405,567416,570988,11,3572,2,36000,1.00307950728
567428,567437,570892,9,3455,2,36000,1.00260492041
567515,567521,570791,6,3270,2,36000,1.00183486239
567660,567669,571048,9,3379,2,36000,1.00266350991
567808,567819,571301,11,3482,2,36000,1.00315910396
567824,567830,571029,6,3199,2,36000,1.00187558612
567825,567836,571227,11,3391,2,36000,1.00324388086
568032,568042,571381,10,3339,2,36000,1.00299490866
568070,568076,568110,6,34,16,300,1.17647058824
568092,568101,571604,9,3503,2,36000,1.00256922638
568110,568121,571725,11,3604,2,36000,1.00305216426
568147,568153,571357,6,3204,2,36000,1.00187265918
568244,568252,571738,8,3486,2,36000,1.00229489386
568294,568303,571658,9,3355,2,36000,1.00268256334
568898,568906,572398,8,3492,2,36000,1.00229095074
568982,568991,574201,9,5210,2,36000,1.00172744722
569066,569075,572439,9,3364,2,36000,1.00267538644
569090,569096,572777,6,3681,2,36000,1.00162999185
569132,569141,572783,9,3642,2,36000,1.00247116969
569163,569171,572607,8,3436,2,36000,1.00232828871
569342,569349,572994,7,3645,2,36000,1.00192043896
569439,569447,573063,8,3616,2,36000,1.00221238938
569483,569490,573127,7,3637,2,36000,1.00192466318
569619,569628,573413,9,3785,2,36000,1.00237780713
569652,575226,575355,5574,129,16,300,44.2093023256
569833,569841,573566,8,3725,2,36000,1.00214765101
569862,569871,573406,9,3535,2,36000,1.00254596888
569980,569990,573507,10,3517,2,36000,1.00284333239
569996,570005,573377,9,3372,2,36000,1.00266903915
570028,570036,573247,8,3211,2,36000,1.00249143569
570057,570066,573537,9,3471,2,36000,1.00259291271
570163,570170,573832,7,3662,2,36000,1.00191152376
570207,570215,573438,8,3223,2,36000,1.00248215948
570319,570327,573832,8,3505,2,36000,1.00228245364
570396,570404,574060,8,3656,2,36000,1.00218818381
570418,570428,574052,10,3624,2,36000,1.0027593819
570557,570565,573768,8,3203,2,36000,1.00249765845
570782,570791,574339,9,3548,2,36000,1.00253664036
570798,570804,574147,6,3343,2,36000,1.00179479509
570836,570846,574567,10,3721,2,36000,1.00268744961
570866,570874,574148,8,3274,2,36000,1.0024434942
570885,570895,574407,10,3512,2,36000,1.00284738041
570900,570906,574355,6,3449,2,36000,1.00173963468
570982,570992,574412,10,3420,2,36000,1.00292397661
570998,571004,574625,6,3621,2,36000,1.00165700083
571033,571041,574445,8,3404,2,36000,1.00235017626
571049,571059,574368,10,3309,2,36000,1.00302206105
571231,571239,574819,8,3580,2,36000,1.00223463687
571304,571312,574662,8,3350,2,36000,1.0023880597
571361,571368,574924,7,3556,2,36000,1.00196850394
571383,571392,574838,9,3446,2,36000,1.00261172374
571607,571615,575371,8,3756,2,36000,1.00212992545
571661,571669,575089,8,3420,2,36000,1.00233918129
571727,571737,575424,10,3687,2,36000,1.00271223217
571742,571749,575300,7,3551,2,36000,1.0019712757
572402,572409,575994,7,3585,2,36000,1.0019525802
572440,572450,575644,10,3194,2,36000,1.00313087038
572610,572618,576128,8,3510,2,36000,1.00227920228
572782,572789,576236,7,3447,2,36000,1.00203075138
572797,572804,576293,7,3489,2,36000,1.00200630553
572999,573005,576505,6,3500,2,36000,1.00171428571
573065,573075,576466,10,3391,2,36000,1.0029489826
573131,573138,576363,7,3225,2,36000,1.00217054264
573248,573258,576879,10,3621,2,36000,1.00276166805
573380,573388,576940,8,3552,2,36000,1.00225225225
573411,573416,577161,5,3745,2,36000,1.00133511348
573426,573433,576800,7,3367,2,36000,1.00207900208
573443,573449,576866,6,3417,2,36000,1.00175592625
573510,573518,577511,8,3993,2,36000,1.00200350614
573539,573548,576920,9,3372,2,36000,1.00266903915
573569,573577,577188,8,3611,2,36000,1.00221545278
573771,573779,577314,8,3535,2,36000,1.00226308345
573836,573844,577171,8,3327,2,36000,1.00240456868
573838,573849,577743,11,3894,2,36000,1.00282485876
574057,574063,577595,6,3532,2,36000,1.00169875425
574073,574079,577722,6,3643,2,36000,1.00164699424
574153,574158,577381,5,3223,2,36000,1.00155134967
574154,574165,577411,11,3246,2,36000,1.0033887862
574208,574214,577874,6,3660,2,36000,1.00163934426
574342,574351,577861,9,3510,2,36000,1.00256410256
574362,574368,578074,6,3706,2,36000,1.00161899622
574378,574384,577910,6,3526,2,36000,1.00170164492
574413,574418,577773,5,3355,2,36000,1.00149031297
574414,574424,577626,10,3202,2,36000,1.00312304809
574450,574457,577961,7,3504,2,36000,1.00199771689
574569,574578,578244,9,3666,2,36000,1.00245499182
574630,574636,579521,6,4885,2,36000,1.00122824974
574665,574673,578168,8,3495,2,36000,1.00228898426
574696,574821,624015,125,49194,1,86400,1.00254096028
574824,574830,578196,6,3366,2,36000,1.00178253119
574840,574850,578504,10,3654,2,36000,1.00273672687
574925,574935,577994,10,3059,2,36000,1.00326904217
575093,575101,578617,8,3516,2,36000,1.00227531286
575304,575311,578875,7,3564,2,36000,1.0019640853
575372,575379,578903,7,3524,2,36000,1.00198637911
575425,575431,578892,6,3461,2,36000,1.001733603
575543,575549,575551,6,2,1,86400,1.0
575647,575653,579152,6,3499,2,36000,1.00171477565
575996,576002,579494,6,3492,2,36000,1.00171821306
576131,576137,579802,6,3665,2,36000,1.00163710778
576239,576245,580052,6,3807,2,36000,1.00157604413
576295,576301,579975,6,3674,2,36000,1.00163309744
576364,576370,580032,6,3662,2,36000,1.00163844894
576468,576474,580167,6,3693,2,36000,1.00162469537
576507,576513,580281,6,3768,2,36000,1.00159235669
576801,576808,580227,7,3419,2,36000,1.00204738228
576870,576876,580368,6,3492,2,36000,1.00171821306
576886,576892,580345,6,3453,2,36000,1.00173761946
576924,576930,580715,6,3785,2,36000,1.00158520476
576943,576949,580651,6,3702,2,36000,1.00162074554
577163,577169,580754,6,3585,2,36000,1.00167364017
577179,577186,580604,7,3418,2,36000,1.00204798128
577195,577201,580766,6,3565,2,36000,1.00168302945
577316,577322,580746,6,3424,2,36000,1.00175233645
577385,577391,580935,6,3544,2,36000,1.00169300226
577415,577421,581200,6,3779,2,36000,1.00158772162
577513,577519,581203,6,3684,2,36000,1.0016286645
577599,577605,581038,6,3433,2,36000,1.0017477425
577628,577634,580931,6,3297,2,36000,1.00181983621
577725,577731,581368,6,3637,2,36000,1.0016497113
577745,577751,581157,6,3406,2,36000,1.00176159718
577777,577783,581392,6,3609,2,36000,1.00166251039
577864,577870,581409,6,3539,2,36000,1.00169539418
577880,577886,581294,6,3408,2,36000,1.00176056338
577912,577918,581344,6,3426,2,36000,1.00175131349
577964,577970,581412,6,3442,2,36000,1.00174317257
577998,578004,581158,6,3154,2,36000,1.00190234623
578077,578083,581352,6,3269,2,36000,1.00183542368
578171,578178,581582,7,3404,2,36000,1.00205640423
578197,578203,581640,6,3437,2,36000,1.00174570847
578246,578252,581827,6,3575,2,36000,1.00167832168
578506,578512,581931,6,3419,2,36000,1.00175489909
578618,578625,582334,7,3709,2,36000,1.00188730116
578880,578886,582325,6,3439,2,36000,1.00174469322
578896,578902,582354,6,3452,2,36000,1.00173812283
578905,578911,578912,6,1,1,7200,1.0
578912,578918,582276,6,3358,2,36000,1.00178677784
579157,579163,582647,6,3484,2,36000,1.00172215844
579498,579504,583151,6,3647,2,36000,1.00164518783
579525,579531,583068,6,3537,2,36000,1.00169635284
579803,579809,583611,6,3802,2,36000,1.00157811678
579978,579984,583395,6,3411,2,36000,1.00175901495
580034,580041,583536,7,3495,2,36000,1.00200286123
580055,580061,583356,6,3295,2,36000,1.00182094082
580172,580178,585188,6,5010,2,36000,1.00119760479
580229,580235,583949,6,3714,2,36000,1.00161550889
580285,580292,583719,7,3427,2,36000,1.00204260286
580348,580354,583731,6,3377,2,36000,1.0017767249
580372,580378,583736,6,3358,2,36000,1.00178677784
580608,580614,584384,6,3770,2,36000,1.00159151194
580654,580660,584269,6,3609,2,36000,1.00166251039
580721,580726,584046,5,3320,2,36000,1.0015060241
580747,580754,584256,7,3502,2,36000,1.0019988578
580765,580771,584191,6,3420,2,36000,1.00175438596
580782,580788,584140,6,3352,2,36000,1.00178997613
580935,580941,584268,6,3327,2,36000,1.00180342651
580937,580948,584309,11,3361,2,36000,1.00327283547
581042,581048,584550,6,3502,2,36000,1.00171330668
581161,581167,584411,6,3244,2,36000,1.00184956843
581162,581173,584520,11,3347,2,36000,1.00328652525
581207,581213,584732,6,3519,2,36000,1.00170502984
581208,581219,584758,11,3539,2,36000,1.00310822266
581296,581302,584716,6,3414,2,36000,1.00175746924
581347,581353,584622,6,3269,2,36000,1.00183542368
581363,581369,584990,6,3621,2,36000,1.00165700083
581379,581385,585165,6,3780,2,36000,1.00158730159
581396,581402,585018,6,3616,2,36000,1.00165929204
581415,581421,585123,6,3702,2,36000,1.00162074554
581417,581427,584686,10,3259,2,36000,1.0030684259
581586,581592,585013,6,3421,2,36000,1.00175387314
581642,581648,585027,6,3379,2,36000,1.00177567328
581829,581836,585318,7,3482,2,36000,1.00201033889
581939,581945,585135,6,3190,2,36000,1.00188087774
582278,582285,585974,7,3689,2,36000,1.00189753321
582332,582338,585837,6,3499,2,36000,1.00171477565
582348,582354,585697,6,3343,2,36000,1.00179479509
582365,582371,585955,6,3584,2,36000,1.00167410714
582651,582657,586322,6,3665,2,36000,1.00163710778
583070,583076,586416,6,3340,2,36000,1.00179640719
583153,583159,586947,6,3788,2,36000,1.00158394931
583360,583367,586950,7,3583,2,36000,1.00195367011
583398,583404,587119,6,3715,2,36000,1.00161507402
583542,583548,587025,6,3477,2,36000,1.00172562554
583616,583622,587020,6,3398,2,36000,1.00176574456
583722,583728,587017,6,3289,2,36000,1.00182426269
583739,583745,587136,6,3391,2,36000,1.00176938956
583740,583751,587447,11,3696,2,36000,1.00297619048
583953,583961,587217,8,3256,2,36000,1.00245700246
584048,584054,587443,6,3389,2,36000,1.00177043376
584144,584151,587554,7,3403,2,36000,1.00205700852
584192,584198,587676,6,3478,2,36000,1.00172512938
584260,584265,587704,5,3439,2,36000,1.00145391102
584278,584284,587743,6,3459,2,36000,1.00173460538
584279,584290,587864,11,3574,2,36000,1.003077784
584313,584319,587836,6,3517,2,36000,1.00170599943
584385,584391,587876,6,3485,2,36000,1.00172166428
584415,584421,588040,6,3619,2,36000,1.00165791655
584522,584528,587946,6,3418,2,36000,1.00175541252
584551,584557,587846,6,3289,2,36000,1.00182426269
584626,584632,588130,6,3498,2,36000,1.00171526587
584690,584696,589214,6,4518,2,36000,1.00132802125
584720,584726,588462,6,3736,2,36000,1.00160599572
584736,584742,588239,6,3497,2,36000,1.00171575636
584764,584770,587770,6,3000,2,36000,1.002
584994,585000,588697,6,3697,2,36000,1.00162293752
585015,585021,588504,6,3483,2,36000,1.00172265289
585032,585038,588483,6,3445,2,36000,1.00174165457
585034,585044,588714,10,3670,2,36000,1.00272479564
585125,585131,588672,6,3541,2,36000,1.0016944366
585142,585148,588820,6,3672,2,36000,1.00163398693
585168,585174,588848,6,3674,2,36000,1.00163309744
585191,585197,588575,6,3378,2,36000,1.00177619893
585320,585326,588826,6,3500,2,36000,1.00171428571
585699,585705,589190,6,3485,2,36000,1.00172166428
585841,585847,589505,6,3658,2,36000,1.00164024057
585958,585964,589290,6,3326,2,36000,1.00180396873
585979,585985,589496,6,3511,2,36000,1.00170891484
586324,586331,589945,7,3614,2,36000,1.00193691201
586418,586424,589982,6,3558,2,36000,1.00168634064
586947,586953,590578,6,3625,2,36000,1.00165517241
586963,586969,590689,6,3720,2,36000,1.00161290323
587021,587027,590543,6,3516,2,36000,1.00170648464
587022,587033,590771,11,3738,2,36000,1.00294275013
587038,587044,590493,6,3449,2,36000,1.00173963468
587121,587128,590432,7,3304,2,36000,1.00211864407
587137,587143,590661,6,3518,2,36000,1.0017055145
587220,587226,590578,6,3352,2,36000,1.00178997613
587445,587451,590997,6,3546,2,36000,1.00169204738
587462,587468,591197,6,3729,2,36000,1.00160901046
587556,587562,591074,6,3512,2,36000,1.00170842825
587679,587685,591118,6,3433,2,36000,1.0017477425
587705,587712,591454,7,3742,2,36000,1.0018706574
587744,587750,591375,6,3625,2,36000,1.00165517241
587775,587781,591074,6,3293,2,36000,1.00182204677
587840,587846,591291,6,3445,2,36000,1.00174165457
587856,587863,591069,7,3206,2,36000,1.00218340611
587875,587881,591594,6,3713,2,36000,1.00161594398
587890,587897,591591,7,3694,2,36000,1.00189496481
587950,587956,591569,6,3613,2,36000,1.0016606698
588042,588048,591357,6,3309,2,36000,1.00181323663
588134,588140,591617,6,3477,2,36000,1.00172562554
588242,588248,592066,6,3818,2,36000,1.0015715034
588463,588469,591825,6,3356,2,36000,1.00178784267
588485,588491,591895,6,3404,2,36000,1.0017626322
588507,588514,592108,7,3594,2,36000,1.0019476906
588580,588586,591948,6,3362,2,36000,1.00178465199
588673,588679,592285,6,3606,2,36000,1.00166389351
588698,588704,592437,6,3733,2,36000,1.00160728636
588717,588723,592092,6,3369,2,36000,1.0017809439
588822,588828,592507,6,3679,2,36000,1.00163087796
588837,588843,591970,6,3127,2,36000,1.00191877199
588855,588861,592526,6,3665,2,36000,1.00163710778
589192,589198,592827,6,3629,2,36000,1.00165334803
589214,589220,592339,6,3119,2,36000,1.00192369349
589293,589299,592781,6,3482,2,36000,1.00172314762
589499,589505,592988,6,3483,2,36000,1.00172265289
589515,589521,593117,6,3596,2,36000,1.00166852058
589947,589952,593683,5,3731,2,36000,1.00134012329
589985,589991,593681,6,3690,2,36000,1.00162601626
590434,590440,593793,6,3353,2,36000,1.00178944229
590497,590503,594074,6,3571,2,36000,1.00168020162
590545,590551,593897,6,3346,2,36000,1.00179318589
590582,590589,594092,7,3503,2,36000,1.00199828718
590584,590595,594134,11,3539,2,36000,1.00310822266
590663,590670,594170,7,3500,2,36000,1.002
590694,590700,594230,6,3530,2,36000,1.00169971671
590772,590778,593920,6,3142,2,36000,1.00190961171
590998,591005,594313,7,3308,2,36000,1.00211608222
591075,591081,594864,6,3783,2,36000,1.00158604282
591076,591087,594820,11,3733,2,36000,1.00294669167
591078,591092,594657,14,3565,2,36000,1.00392706872
591124,591130,594602,6,3472,2,36000,1.0017281106
591201,591207,594823,6,3616,2,36000,1.00165929204
591295,591301,594917,6,3616,2,36000,1.00165929204
591362,591367,594730,5,3363,2,36000,1.00148676777
591377,591384,594727,7,3343,2,36000,1.00209392761
591458,591464,594846,6,3382,2,36000,1.00177409817
591571,591577,595015,6,3438,2,36000,1.0017452007
591598,591604,595430,6,3826,2,36000,1.00156821746
591600,591610,595722,10,4112,2,36000,1.00243190661
591620,591626,595201,6,3575,2,36000,1.00167832168
591828,591835,595425,7,3590,2,36000,1.00194986072
591898,591905,595374,7,3469,2,36000,1.00201787259
591950,591956,597821,6,5865,2,36000,1.0010230179
591974,591980,595165,6,3185,2,36000,1.00188383046
592067,592073,595652,6,3579,2,36000,1.00167644593
592093,592099,595519,6,3420,2,36000,1.00175438596
592110,592116,595658,6,3542,2,36000,1.00169395822
592288,592294,595650,6,3356,2,36000,1.00178784267
592342,592349,595880,7,3531,2,36000,1.00198244123
592439,592445,596010,6,3565,2,36000,1.00168302945
592481,597803,607745,5322,9942,4,14400,1.53530476765
592512,592518,596160,6,3642,2,36000,1.00164744646
592528,592534,596164,6,3630,2,36000,1.00165289256
592782,592788,596392,6,3604,2,36000,1.00166481687
592832,592838,596422,6,3584,2,36000,1.00167410714
592992,592998,596699,6,3701,2,36000,1.00162118346
593122,593128,596818,6,3690,2,36000,1.00162601626
593684,593690,597367,6,3677,2,36000,1.00163176503
593685,593696,597308,11,3612,2,36000,1.00304540421
593796,593802,597275,6,3473,2,36000,1.00172761301
593900,593907,597321,7,3414,2,36000,1.00205038079
593924,593931,597461,7,3530,2,36000,1.00198300283
594077,594083,597504,6,3421,2,36000,1.00175387314
594094,594101,597832,7,3731,2,36000,1.00187617261
594135,594141,597617,6,3476,2,36000,1.00172612198
594172,594178,597792,6,3614,2,36000,1.00166021029
594234,594240,597797,6,3557,2,36000,1.00168681473
594314,594320,597747,6,3427,2,36000,1.00175080245
594604,594610,597975,6,3365,2,36000,1.00178306092
594658,594664,598243,6,3579,2,36000,1.00167644593
594729,594735,598257,6,3522,2,36000,1.00170357751
594745,594751,598178,6,3427,2,36000,1.00175080245
594823,594829,598483,6,3654,2,36000,1.00164203612
594824,594835,598035,11,3200,2,36000,1.0034375
594848,594854,598589,6,3735,2,36000,1.0016064257
594869,594875,598435,6,3560,2,36000,1.00168539326
594919,594925,598446,6,3521,2,36000,1.00170406135
595018,595024,598735,6,3711,2,36000,1.00161681487
595166,595172,598807,6,3635,2,36000,1.00165061898
595198,595204,599038,6,3834,2,36000,1.00156494523
595377,595383,598937,6,3554,2,36000,1.0016882386
595430,595436,599129,6,3693,2,36000,1.00162469537
595432,595442,599035,10,3593,2,36000,1.00278318954
595521,595527,599267,6,3740,2,36000,1.00160427807
595656,595662,599030,6,3368,2,36000,1.00178147268
595657,595668,599456,11,3788,2,36000,1.00290390707
595673,595680,599059,7,3379,2,36000,1.00207161882
595724,595730,599278,6,3548,2,36000,1.00169109357
595882,595888,599548,6,3660,2,36000,1.00163934426
596014,596021,599823,7,3802,2,36000,1.00184113624
596162,596169,599264,7,3095,2,36000,1.00226171244
596177,596184,599829,7,3645,2,36000,1.00192043896
596393,596399,599911,6,3512,2,36000,1.00170842825
596427,596433,600027,6,3594,2,36000,1.00166944908
596702,596708,600199,6,3491,2,36000,1.00171870524
596822,596828,600307,6,3479,2,36000,1.00172463352
597277,597283,600632,6,3349,2,36000,1.00179157958
597311,597317,600924,6,3607,2,36000,1.00166343222
597327,597333,600992,6,3659,2,36000,1.00163979229
597368,597375,601485,7,4110,2,36000,1.00170316302
597462,597468,600997,6,3529,2,36000,1.00170019836
597510,597516,600824,6,3308,2,36000,1.00181378476
597618,597624,601158,6,3534,2,36000,1.00169779287
597748,597754,601403,6,3649,2,36000,1.00164428611
597799,597809,601002,10,3193,2,36000,1.00313185092
597800,597814,601452,14,3638,2,36000,1.00384826828
597827,597833,601331,6,3498,2,36000,1.00171526587
597843,597849,601972,6,4123,2,36000,1.00145525103
597976,597982,601380,6,3398,2,36000,1.00176574456
598040,598046,601334,6,3288,2,36000,1.00182481752
598179,598186,601615,7,3429,2,36000,1.00204141149
598248,598253,602023,5,3770,2,36000,1.00132625995
598265,598271,601696,6,3425,2,36000,1.00175182482
598439,598445,602256,6,3811,2,36000,1.00157438992
598455,598462,602048,7,3586,2,36000,1.00195203569
598485,598491,602065,6,3574,2,36000,1.00167879127
598595,598601,601866,6,3265,2,36000,1.00183767228
598735,598742,602197,7,3455,2,36000,1.0020260492
598812,598818,602123,6,3305,2,36000,1.00181543116
598941,598947,602287,6,3340,2,36000,1.00179640719
599035,599041,602342,6,3301,2,36000,1.00181763102
599036,599047,602781,11,3734,2,36000,1.00294590252
599054,599060,602502,6,3442,2,36000,1.00174317257
599070,599076,602683,6,3607,2,36000,1.00166343222
599133,599139,602586,6,3447,2,36000,1.00174064404
599270,599276,602720,6,3444,2,36000,1.00174216028
599271,599282,602853,11,3571,2,36000,1.00308036964
599287,599294,602656,7,3362,2,36000,1.00208209399
599457,599463,603064,6,3601,2,36000,1.00166620383
599551,599557,603026,6,3469,2,36000,1.00172960507
599829,599835,603334,6,3499,2,36000,1.00171477565
599831,599841,603269,10,3428,2,36000,1.00291715286
599916,599922,603429,6,3507,2,36000,1.00171086399
600032,600038,603791,6,3753,2,36000,1.00159872102
600202,600208,603623,6,3415,2,36000,1.00175695461
600309,600315,603909,6,3594,2,36000,1.00166944908
600636,600642,604408,6,3766,2,36000,1.00159320234
600826,600832,604671,6,3839,2,36000,1.00156290701
600927,600934,604620,7,3686,2,36000,1.00189907759
600996,601001,604687,5,3686,2,36000,1.00135648399
601013,601019,604381,6,3362,2,36000,1.00178465199
601014,601025,604457,11,3432,2,36000,1.00320512821
601161,601167,604452,6,3285,2,36000,1.00182648402
601333,601340,604502,7,3162,2,36000,1.00221378874
601349,601355,604935,6,3580,2,36000,1.00167597765
601383,601389,604943,6,3554,2,36000,1.0016882386
601407,601413,604939,6,3526,2,36000,1.00170164492
601454,601460,605070,6,3610,2,36000,1.00166204986
601488,601494,604744,6,3250,2,36000,1.00184615385
601619,601625,604960,6,3335,2,36000,1.00179910045
601698,601704,604814,6,3110,2,36000,1.00192926045
601872,601879,605340,7,3461,2,36000,1.00202253684
601974,601981,605614,7,3633,2,36000,1.00192678227
602027,602033,605787,6,3754,2,36000,1.00159829515
602051,602057,605454,6,3397,2,36000,1.00176626435
602067,602073,605646,6,3573,2,36000,1.00167926113
602127,602133,605890,6,3757,2,36000,1.0015970189
602202,602208,605965,6,3757,2,36000,1.0015970189
602258,602264,605691,6,3427,2,36000,1.00175080245
602292,602298,605756,6,3458,2,36000,1.001735107
602347,602353,605670,6,3317,2,36000,1.00180886343
602504,602511,606151,7,3640,2,36000,1.00192307692
602586,602592,606172,6,3580,2,36000,1.00167597765
602660,602666,606289,6,3623,2,36000,1.00165608612
602687,602693,606246,6,3553,2,36000,1.00168871376
602724,602730,606140,6,3410,2,36000,1.00175953079
602782,602788,606060,6,3272,2,36000,1.00183374083
602855,602861,606198,6,3337,2,36000,1.00179802218
603027,603033,606218,6,3185,2,36000,1.00188383046
603068,603074,606564,6,3490,2,36000,1.00171919771
603273,603279,606752,6,3473,2,36000,1.00172761301
603338,603344,606794,6,3450,2,36000,1.00173913043
603433,603439,607298,6,3859,2,36000,1.00155480694
603625,603631,607231,6,3600,2,36000,1.00166666667
603794,603800,607486,6,3686,2,36000,1.00162778079
603912,603918,607362,6,3444,2,36000,1.00174216028
604384,604390,607863,6,3473,2,36000,1.00172761301
604410,604416,607665,6,3249,2,36000,1.00184672207
604455,604462,608107,7,3645,2,36000,1.00192043896
604471,604477,608109,6,3632,2,36000,1.00165198238
604504,604511,608102,7,3591,2,36000,1.00194931774
604622,604628,608365,6,3737,2,36000,1.00160556596
604673,604679,608241,6,3562,2,36000,1.00168444694
604690,604696,608292,6,3596,2,36000,1.00166852058
604745,604751,608361,6,3610,2,36000,1.00166204986
