SubmitTime,StartTime,EndTime,QueuedTime,RunTime,NodesRequested,walltime,bslowdown
4,10,1327,6,1317,2,7200,1.00455580866
21,27,1292,6,1265,2,7200,1.004743083
50,56,1597,6,1541,2,7200,1.0038935756
183,189,1339,6,1150,2,7200,1.0052173913
202,208,1956,6,1748,2,7200,1.00343249428
231,237,7475,6,7238,2,7200,1.00082895828
251,257,7485,6,7228,2,7200,1.00083010515
263,269,7505,6,7236,2,7200,1.0008291874
278,284,7516,6,7232,2,7200,1.00082964602
302,308,1421,6,1113,2,7200,1.00539083558
311,317,1581,6,1264,2,7200,1.00474683544
328,417,1590,89,1173,2,7200,1.07587382779
413,432,7661,19,7229,2,7200,1.00262830267
460,501,7712,41,7211,2,7200,1.00568575787
502,562,7766,60,7204,2,7200,1.00832870627
562,590,7799,28,7209,2,7200,1.00388403385
588,596,2222,8,1626,2,7200,1.0049200492
2324,2330,3623,6,1293,2,7200,1.00464037123
2332,2338,4178,6,1840,2,7200,1.00326086957
2350,2356,3733,6,1377,2,7200,1.00435729847
2367,2373,3939,6,1566,2,7200,1.00383141762
2388,2394,3986,6,1592,2,7200,1.00376884422
2395,2401,3645,6,1244,2,7200,1.00482315113
2420,2426,4362,6,1936,2,7200,1.00309917355
2426,2432,4247,6,1815,2,7200,1.00330578512
2441,2448,3980,7,1532,2,7200,1.0045691906
2457,2463,4016,6,1553,2,7200,1.00386349002
2471,2477,3953,6,1476,2,7200,1.00406504065
2473,2483,3896,10,1413,2,7200,1.00707714084
2489,2495,4283,6,1788,2,7200,1.0033557047
2504,2510,3960,6,1450,2,7200,1.00413793103
2508,2516,4112,8,1596,2,7200,1.00501253133
2520,2526,3931,6,1405,2,7200,1.00427046263
2535,2541,4278,6,1737,2,7200,1.00345423143
2542,2548,3892,6,1344,2,7200,1.00446428571
2558,2564,4130,6,1566,2,7200,1.00383141762
2575,2581,3982,6,1401,2,7200,1.00428265525
2590,2596,4286,6,1690,2,7200,1.00355029586
2604,2610,3998,6,1388,2,7200,1.00432276657
2610,2617,4344,7,1727,2,7200,1.00405327157
2620,2626,4061,6,1435,2,7200,1.00418118467
2635,2641,4236,6,1595,2,7200,1.00376175549
2649,2656,4466,7,1810,2,7200,1.00386740331
2665,2671,4253,6,1582,2,7200,1.00379266751
2682,2688,4244,6,1556,2,7200,1.00385604113
2697,2703,4093,6,1390,2,7200,1.00431654676
2706,2712,4213,6,1501,2,7200,1.00399733511
2720,2726,4390,6,1664,2,7200,1.00360576923
2729,2735,4239,6,1504,2,7200,1.0039893617
2742,2748,4341,6,1593,2,7200,1.00376647834
2748,2754,4284,6,1530,2,7200,1.00392156863
2764,2770,4468,6,1698,2,7200,1.0035335689
2784,2790,4305,6,1515,2,7200,1.00396039604
2800,2806,4360,6,1554,2,7200,1.00386100386
2805,2812,4227,7,1415,2,7200,1.00494699647
2809,2818,4689,9,1871,2,7200,1.00481026189
2821,2827,4153,6,1326,2,7200,1.00452488688
2837,2843,4301,6,1458,2,7200,1.00411522634
2840,2849,4374,9,1525,2,7200,1.00590163934
2853,2859,4248,6,1389,2,7200,1.00431965443
2867,2874,4627,7,1753,2,7200,1.00399315459
2875,2881,4394,6,1513,2,7200,1.0039656312
2885,2891,4399,6,1508,2,7200,1.00397877984
2887,2897,4421,10,1524,2,7200,1.00656167979
2900,2906,4585,6,1679,2,7200,1.00357355569
2908,2914,4456,6,1542,2,7200,1.00389105058
2922,2928,4340,6,1412,2,7200,1.00424929178
2928,2934,4499,6,1565,2,7200,1.00383386581
2942,2948,4419,6,1471,2,7200,1.00407885792
2953,2960,4493,7,1533,2,7200,1.00456621005
2967,2973,4336,6,1363,2,7200,1.00440205429
2979,2985,4385,6,1400,2,7200,1.00428571429
2993,2999,4477,6,1478,2,7200,1.00405953992
3015,3021,4866,6,1845,2,7200,1.00325203252
3046,3052,4831,6,1779,2,7200,1.00337268128
3059,3065,5067,6,2002,2,7200,1.002997003
3063,3071,5040,8,1969,2,7200,1.00406297613
3075,3081,4894,6,1813,2,7200,1.00330943188
3089,3095,4727,6,1632,2,7200,1.00367647059
3102,3108,4944,6,1836,2,7200,1.00326797386
3117,3123,5204,6,2081,2,7200,1.00288322922
3131,3138,4870,7,1732,2,7200,1.00404157044
3144,3150,4665,6,1515,2,7200,1.00396039604
3158,3164,4572,6,1408,2,7200,1.00426136364
3171,3177,4980,6,1803,2,7200,1.00332778702
3186,3192,4501,6,1309,2,7200,1.00458365164
3203,3209,4600,6,1391,2,7200,1.00431344357
3219,3225,4752,6,1527,2,7200,1.00392927308
3235,3256,4635,21,1379,2,7200,1.0152284264
3261,3287,4499,26,1212,2,7200,1.02145214521
3287,3360,5547,73,2187,2,7200,1.03337905807
3358,3382,5212,24,1830,2,7200,1.0131147541
6149,6155,8287,6,2132,2,7200,1.00281425891
6155,6161,7950,6,1789,2,7200,1.00335382895
6157,6167,7952,10,1785,2,7200,1.0056022409
6177,6183,7642,6,1459,2,7200,1.00411240576
6179,6189,7858,10,1669,2,7200,1.00599161174
6191,6197,7924,6,1727,2,7200,1.00347423277
6196,6203,7902,7,1699,2,7200,1.00412007063
6209,6215,7836,6,1621,2,7200,1.00370141888
6213,6221,8006,8,1785,2,7200,1.00448179272
6217,6227,7992,10,1765,2,7200,1.00566572238
6231,6237,7822,6,1585,2,7200,1.00378548896
6244,6251,7823,7,1572,2,7200,1.00445292621
6247,6257,7951,10,1694,2,7200,1.00590318772
6259,6265,7945,6,1680,2,7200,1.00357142857
6274,6280,8229,6,1949,2,7200,1.0030785018
6281,6287,7998,6,1711,2,7200,1.00350672122
6298,6305,7922,7,1617,2,7200,1.00432900433
6314,6320,8287,6,1967,2,7200,1.00305033045
6321,6327,7697,6,1370,2,7200,1.00437956204
6334,6340,8215,6,1875,2,7200,1.0032
6350,6356,8027,6,1671,2,7200,1.00359066427
6356,6362,7944,6,1582,2,7200,1.00379266751
6372,6378,8123,6,1745,2,7200,1.00343839542
6386,6392,7962,6,1570,2,7200,1.00382165605
6397,6403,8006,6,1603,2,7200,1.00374298191
6405,6411,8096,6,1685,2,7200,1.00356083086
6420,6426,8171,6,1745,2,7200,1.00343839542
6435,6441,8151,6,1710,2,7200,1.00350877193
6453,6459,8302,6,1843,2,7200,1.00325556158
6465,6471,7796,6,1325,2,7200,1.00452830189
6472,6478,8262,6,1784,2,7200,1.0033632287
6486,6492,7867,6,1375,2,7200,1.00436363636
6494,6500,8297,6,1797,2,7200,1.00333889816
6509,6515,8167,6,1652,2,7200,1.00363196126
6512,6521,8057,9,1536,2,7200,1.005859375
6524,6530,8192,6,1662,2,7200,1.0036101083
6539,6545,8205,6,1660,2,7200,1.00361445783
6559,6565,8130,6,1565,2,7200,1.00383386581
6577,6583,8194,6,1611,2,7200,1.00372439479
6591,6598,7969,7,1371,2,7200,1.00510576222
6599,6605,8190,6,1585,2,7200,1.00378548896
6614,6620,8523,6,1903,2,7200,1.00315291645
6633,6639,8450,6,1811,2,7200,1.00331308669
6651,6657,8237,6,1580,2,7200,1.00379746835
6657,6663,8453,6,1790,2,7200,1.00335195531
6673,6679,8881,6,2202,2,7200,1.00272479564
6687,6693,8518,6,1825,2,7200,1.00328767123
6691,6699,8657,8,1958,2,7200,1.00408580184
6704,6710,8612,6,1902,2,7200,1.00315457413
6719,6725,8269,6,1544,2,7200,1.00388601036
6734,6740,8741,6,2001,2,7200,1.00299850075
6748,6754,8535,6,1781,2,7200,1.00336889388
6753,6760,8516,7,1756,2,7200,1.00398633257
6768,6774,8577,6,1803,2,7200,1.00332778702
6785,6791,8531,6,1740,2,7200,1.00344827586
6802,6808,8723,6,1915,2,7200,1.00313315927
6808,6814,8120,6,1306,2,7200,1.0045941807
6811,6820,8227,9,1407,2,7200,1.00639658849
6819,6826,8543,7,1717,2,7200,1.00407687828
6833,6840,8666,7,1826,2,7200,1.00383351588
6849,6855,8657,6,1802,2,7200,1.00332963374
6857,6863,8776,6,1913,2,7200,1.00313643492
6872,6878,8818,6,1940,2,7200,1.00309278351
6886,6892,8611,6,1719,2,7200,1.0034904014
6893,6900,8764,7,1864,2,7200,1.00375536481
6907,6913,8695,6,1782,2,7200,1.00336700337
6920,6926,8768,6,1842,2,7200,1.00325732899
6940,6946,9253,6,2307,2,7200,1.00260078023
6956,6963,8495,7,1532,2,7200,1.0045691906
6976,6982,8840,6,1858,2,7200,1.00322927879
6998,7004,8893,6,1889,2,7200,1.00317628375
7005,7011,8333,6,1322,2,7200,1.00453857791
7021,7028,9008,7,1980,2,7200,1.00353535354
7035,7041,8832,6,1791,2,7200,1.00335008375
7050,7056,8876,6,1820,2,7200,1.0032967033
7069,7075,9159,6,2084,2,7200,1.00287907869
7084,7090,9087,6,1997,2,7200,1.00300450676
7099,7105,8947,6,1842,2,7200,1.00325732899
7117,7152,8470,35,1318,2,7200,1.02655538695
7154,7160,8881,6,1721,2,7200,1.00348634515
7168,7174,8983,6,1809,2,7200,1.00331674959
7179,7185,9146,6,1961,2,7200,1.00305966344
7191,7197,8973,6,1776,2,7200,1.00337837838
7199,7205,8961,6,1756,2,7200,1.00341685649
7222,7228,9245,6,2017,2,7200,1.00297471492
7230,7236,9071,6,1835,2,7200,1.00326975477
7244,7250,9214,6,1964,2,7200,1.00305498982
7261,7267,9170,6,1903,2,7200,1.00315291645
7289,7295,9053,6,1758,2,7200,1.00341296928
7304,7310,9096,6,1786,2,7200,1.00335946249
7318,7324,9234,6,1910,2,7200,1.00314136126
7337,7344,9250,7,1906,2,7200,1.0036726128
7354,7361,9163,7,1802,2,7200,1.0038845727
7370,7376,9111,6,1735,2,7200,1.00345821326
7386,7486,9304,100,1818,2,7200,1.05500550055
7487,7496,9275,9,1779,2,7200,1.00505902192
7508,7516,9573,8,2057,2,7200,1.00388915897
7523,7529,9302,6,1773,2,7200,1.00338409475
7537,7654,9470,117,1816,2,7200,1.06442731278
7650,7672,9473,22,1801,2,7200,1.01221543587
7675,7709,9495,34,1786,2,7200,1.01903695409
7712,7723,9521,11,1798,2,7200,1.00611790879
7729,7777,9731,48,1954,2,7200,1.02456499488
7782,7808,9859,26,2051,2,7200,1.01267674305
7808,7814,9801,6,1987,2,7200,1.00301962758
7820,7834,9567,14,1733,2,7200,1.00807847663
7842,7848,9706,6,1858,2,7200,1.00322927879
7861,7867,9550,6,1683,2,7200,1.00356506239
7875,7881,9660,6,1779,2,7200,1.00337268128
7890,7896,9621,6,1725,2,7200,1.00347826087
7895,7913,9806,18,1893,2,7200,1.00950871632
7911,7933,9738,22,1805,2,7200,1.01218836565
7938,7944,9676,6,1732,2,7200,1.00346420323
7958,7964,9840,6,1876,2,7200,1.00319829424
7976,7982,9841,6,1859,2,7200,1.00322754169
7991,7997,9664,6,1667,2,7200,1.00359928014
8009,8015,10446,6,2431,2,7200,1.00246812012
8025,8031,9873,6,1842,2,7200,1.00325732899
8038,8044,9992,6,1948,2,7200,1.00308008214
8053,8059,9796,6,1737,2,7200,1.00345423143
8066,8073,10062,7,1989,2,7200,1.00351935646
8081,8087,9816,6,1729,2,7200,1.003470214
8100,8107,9489,7,1382,2,7200,1.00506512301
8117,8123,9824,6,1701,2,7200,1.00352733686
8137,8143,10083,6,1940,2,7200,1.00309278351
8157,8163,9995,6,1832,2,7200,1.00327510917
8180,8186,10078,6,1892,2,7200,1.00317124736
8198,8204,10077,6,1873,2,7200,1.00320341698
8220,8226,10065,6,1839,2,7200,1.00326264274
8236,8243,9606,7,1363,2,7200,1.00513573001
8276,8283,10127,7,1844,2,7200,1.00379609544
8291,8297,9807,6,1510,2,7200,1.00397350993
8306,8312,9686,6,1374,2,7200,1.00436681223
8319,8325,9642,6,1317,2,7200,1.00455580866
8333,8339,10183,6,1844,2,7200,1.0032537961
8347,8353,9926,6,1573,2,7200,1.00381436745
8369,8375,10218,6,1843,2,7200,1.00325556158
8385,8391,10529,6,2138,2,7200,1.00280636109
8391,8398,10016,7,1618,2,7200,1.0043263288
8406,8412,10345,6,1933,2,7200,1.00310398345
8413,8419,10030,6,1611,2,7200,1.00372439479
8428,8434,10233,6,1799,2,7200,1.00333518621
8445,8452,10129,7,1677,2,7200,1.00417412045
8457,8463,10223,6,1760,2,7200,1.00340909091
8460,8469,10070,9,1601,2,7200,1.00562148657
8473,8479,10258,6,1779,2,7200,1.00337268128
8487,8494,10243,7,1749,2,7200,1.00400228702
8494,8500,8686,6,186,1,3600,1.03225806452
8503,8510,10209,7,1699,2,7200,1.00412007063
8522,8527,10394,5,1867,2,7200,1.0026780932
8533,8539,10259,6,1720,2,7200,1.00348837209
8549,8555,10234,6,1679,2,7200,1.00357355569
8562,8569,10017,7,1448,2,7200,1.00483425414
8570,8576,10211,6,1635,2,7200,1.00366972477
8582,8588,10205,6,1617,2,7200,1.00371057514
8597,8603,10082,6,1479,2,7200,1.00405679513
8614,8621,10286,7,1665,2,7200,1.0042042042
8619,8627,10160,8,1533,2,7200,1.00521852577
8632,8639,10215,7,1576,2,7200,1.00444162437
8647,8653,10046,6,1393,2,7200,1.00430725054
8662,8668,10620,6,1952,2,7200,1.00307377049
8677,8683,10459,6,1776,2,7200,1.00337837838
8689,8696,10344,7,1648,2,7200,1.00424757282
8704,8710,10462,6,1752,2,7200,1.00342465753
8719,8725,10309,6,1584,2,7200,1.00378787879
8738,8744,10282,6,1538,2,7200,1.00390117035
8761,8767,10825,6,2058,2,7200,1.0029154519
8780,8786,10422,6,1636,2,7200,1.00366748166
8797,8803,10224,6,1421,2,7200,1.00422237861
8815,8821,10417,6,1596,2,7200,1.0037593985
8838,8844,10332,6,1488,2,7200,1.00403225806
8851,8857,10448,6,1591,2,7200,1.00377121307
8872,8878,10272,6,1394,2,7200,1.00430416069
8879,8885,10215,6,1330,2,7200,1.0045112782
8883,8891,9262,8,371,1,3600,1.02156334232
8890,8897,10675,7,1778,2,7200,1.00393700787
8907,8914,10804,7,1890,2,7200,1.0037037037
8923,8929,10646,6,1717,2,7200,1.00349446709
8941,8947,10462,6,1515,2,7200,1.00396039604
8954,8960,10640,6,1680,2,7200,1.00357142857
8974,8980,10360,6,1380,2,7200,1.00434782609
8989,8995,10793,6,1798,2,7200,1.00333704116
9016,9022,11206,6,2184,2,7200,1.00274725275
9041,9047,10480,6,1433,2,7200,1.00418702024
9059,9065,11343,6,2278,2,7200,1.00263388938
9078,9084,10723,6,1639,2,7200,1.00366076876
9094,9100,10975,6,1875,2,7200,1.0032
9115,9121,10967,6,1846,2,7200,1.00325027086
9135,9141,10974,6,1833,2,7200,1.00327332242
9144,9157,10729,13,1572,2,7200,1.0082697201
9158,9171,11076,13,1905,2,7200,1.00682414698
9177,9183,10683,6,1500,2,7200,1.004
9194,9200,10849,6,1649,2,7200,1.00363856883
9210,9225,10854,15,1629,2,7200,1.00920810313
9230,9245,11352,15,2107,2,7200,1.00711912672
9249,9257,11151,8,1894,2,7200,1.00422386484
9266,9272,11274,6,2002,2,7200,1.002997003
9284,9290,10632,6,1342,2,7200,1.0044709389
9310,9316,10827,6,1511,2,7200,1.00397088021
9337,9343,10711,6,1368,2,7200,1.00438596491
9350,9356,11218,6,1862,2,7200,1.00322234157
9367,9481,11001,114,1520,2,7200,1.075
9500,9506,10991,6,1485,2,7200,1.00404040404
9514,9520,11119,6,1599,2,7200,1.00375234522
9530,9536,11566,6,2030,2,7200,1.00295566502
9556,9562,11071,6,1509,2,7200,1.00397614314
9574,9581,10939,7,1358,2,7200,1.00515463918
9591,9597,11372,6,1775,2,7200,1.00338028169
9618,9624,10937,6,1313,2,7200,1.00456968774
9634,9640,11387,6,1747,2,7200,1.00343445907
9639,9646,10499,7,853,1,3600,1.0082063306
9651,9658,11744,7,2086,2,7200,1.0033557047
9667,9673,11504,6,1831,2,7200,1.00327689787
9674,9680,11453,6,1773,2,7200,1.00338409475
9690,9696,11636,6,1940,2,7200,1.00309278351
9706,9712,11136,6,1424,2,7200,1.00421348315
9723,9729,11411,6,1682,2,7200,1.00356718193
9737,9742,11479,5,1737,2,7200,1.00287852619
9760,9766,16973,6,7207,2,7200,1.00083252394
9774,9780,17009,6,7229,2,7200,1.00082999032
9791,9807,17022,16,7215,2,7200,1.00221760222
9816,9822,10924,6,1102,2,7200,1.0054446461
9825,9832,11114,7,1282,2,7200,1.00546021841
9828,9838,11191,10,1353,2,7200,1.007390983
9837,9844,11200,7,1356,2,7200,1.00516224189
9845,9851,17091,6,7240,2,7200,1.00082872928
9867,9873,17107,6,7234,2,7200,1.00082941664
9880,9886,17093,6,7207,2,7200,1.00083252394
9899,9906,10915,7,1009,2,7200,1.00693756194
9932,9937,11240,5,1303,2,7200,1.00383729854
9941,9947,11357,6,1410,2,7200,1.00425531915
9959,10003,11522,44,1519,2,7200,1.02896642528
10001,10009,17246,8,7237,2,7200,1.00110543043
10023,10030,11125,7,1095,2,7200,1.00639269406
10041,10047,17251,6,7204,2,7200,1.00083287063
10069,10075,11658,6,1583,2,7200,1.00379027164
10086,10093,11889,7,1796,2,7200,1.00389755011
10106,10112,11424,6,1312,2,7200,1.00457317073
10136,10142,17367,6,7225,2,7200,1.00083044983
10152,10158,17392,6,7234,2,7200,1.00082941664
10172,10178,17405,6,7227,2,7200,1.00083022001
10188,10194,17434,6,7240,2,7200,1.00082872928
10198,10204,11192,6,988,2,7200,1.00607287449
10215,10221,11632,6,1411,2,7200,1.00425230333
10230,10237,11582,7,1345,2,7200,1.00520446097
10248,10254,17476,6,7222,2,7200,1.00083079479
10268,10274,11620,6,1346,2,7200,1.0044576523
10284,10290,17495,6,7205,2,7200,1.00083275503
10299,10306,17509,7,7203,2,7200,1.0009718173
10314,10320,11534,6,1214,2,7200,1.00494233937
10339,10345,11575,6,1230,2,7200,1.00487804878
10353,10360,11425,7,1065,2,7200,1.00657276995
10356,10366,17591,10,7225,2,7200,1.00138408304
10368,10375,17621,7,7246,2,7200,1.00096605023
10390,10396,17601,6,7205,2,7200,1.00083275503
10410,10416,11492,6,1076,2,7200,1.00557620818
10427,10433,11816,6,1383,2,7200,1.00433839479
10452,10459,12347,7,1888,2,7200,1.00370762712
10471,10477,12060,6,1583,2,7200,1.00379027164
10486,10492,11942,6,1450,2,7200,1.00413793103
10501,10507,12180,6,1673,2,7200,1.00358637179
10516,10522,12242,6,1720,2,7200,1.00348837209
10537,10543,12184,6,1641,2,7200,1.00365630713
10553,10559,12182,6,1623,2,7200,1.00369685767
10572,10579,12262,7,1683,2,7200,1.00415923945
10588,10594,12317,6,1723,2,7200,1.00348229832
10595,10601,12185,6,1584,2,7200,1.00378787879
10602,10608,12303,6,1695,2,7200,1.00353982301
10615,10621,12187,6,1566,2,7200,1.00383141762
10639,10645,12474,6,1829,2,7200,1.00328048114
10655,10661,12402,6,1741,2,7200,1.00344629523
10669,10675,12101,6,1426,2,7200,1.00420757363
10673,10681,12043,8,1362,2,7200,1.00587371512
10682,10688,12240,6,1552,2,7200,1.00386597938
10698,10704,12381,6,1677,2,7200,1.00357781753
10718,10725,12443,7,1718,2,7200,1.00407450524
10736,10742,12141,6,1399,2,7200,1.0042887777
10750,10756,12341,6,1585,2,7200,1.00378548896
10772,10778,12520,6,1742,2,7200,1.00344431688
10788,10794,12202,6,1408,2,7200,1.00426136364
10813,10819,12244,6,1425,2,7200,1.00421052632
10831,10836,12629,5,1793,2,7200,1.00278862242
10859,10865,12629,6,1764,2,7200,1.00340136054
10876,10882,12342,6,1460,2,7200,1.00410958904
10891,10897,12811,6,1914,2,7200,1.00313479624
10893,10903,12674,10,1771,2,7200,1.00564652739
10905,10911,12267,6,1356,2,7200,1.00442477876
10919,10925,12530,6,1605,2,7200,1.00373831776
10934,10940,12524,6,1584,2,7200,1.00378787879
10951,10957,12800,6,1843,2,7200,1.00325556158
11739,11746,11876,7,130,1,3600,1.05384615385
11982,11988,12179,6,191,1,3600,1.03141361257
12072,12079,12467,7,388,1,3600,1.01804123711
12371,12378,12763,7,385,1,3600,1.01818181818
12924,12930,13603,6,673,1,3600,1.00891530461
13073,13079,13208,6,129,1,1800,1.04651162791
13133,13140,14035,7,895,1,3600,1.00782122905
13546,13552,13676,6,124,1,1800,1.04838709677
13911,13918,15604,7,1686,2,7200,1.00415183867
13929,13935,15596,6,1661,2,7200,1.00361228176
13948,13954,15695,6,1741,2,7200,1.00344629523
13949,13960,15610,11,1650,2,7200,1.00666666667
13964,13970,15849,6,1879,2,7200,1.00319318787
13983,13989,15648,6,1659,2,7200,1.00361663653
13990,13996,16328,6,2332,2,7200,1.0025728988
13996,14003,15713,7,1710,2,7200,1.00409356725
14016,14022,15428,6,1406,2,7200,1.00426742532
14031,14038,15579,7,1541,2,7200,1.00454250487
14036,14045,16158,9,2113,2,7200,1.0042593469
14045,14051,15758,6,1707,2,7200,1.00351493849
14064,14070,15939,6,1869,2,7200,1.00321027287
14081,14087,15836,6,1749,2,7200,1.00343053173
14150,14157,16061,7,1904,2,7200,1.00367647059
14167,14174,15897,7,1723,2,7200,1.00406268137
14184,14191,15888,7,1697,2,7200,1.00412492634
14202,14209,15986,7,1777,2,7200,1.00393922341
14220,14227,16026,7,1799,2,7200,1.00389105058
14239,14245,16007,6,1762,2,7200,1.00340522134
14256,14263,16233,7,1970,2,7200,1.00355329949
14276,14282,16245,6,1963,2,7200,1.0030565461
14294,14300,16200,6,1900,2,7200,1.00315789474
14313,14320,15985,7,1665,2,7200,1.0042042042
14327,14333,15544,6,1211,2,7200,1.00495458299
14328,14339,16343,11,2004,2,7200,1.00548902196
14341,14347,16191,6,1844,2,7200,1.0032537961
14359,14365,15973,6,1608,2,7200,1.00373134328
14385,14391,14977,6,586,1,1800,1.01023890785
14423,14429,16411,6,1982,2,7200,1.00302724521
14445,14451,16314,6,1863,2,7200,1.00322061192
14462,14468,16373,6,1905,2,7200,1.0031496063
14476,14482,16286,6,1804,2,7200,1.00332594235
14487,14493,16194,6,1701,2,7200,1.00352733686
14505,14512,16280,7,1768,2,7200,1.00395927602
14531,14537,16790,6,2253,2,7200,1.00266311585
14550,14556,16450,6,1894,2,7200,1.00316789863
14569,14575,16253,6,1678,2,7200,1.00357568534
14581,14587,16427,6,1840,2,7200,1.00326086957
14588,14594,16430,6,1836,2,7200,1.00326797386
14606,14612,16314,6,1702,2,7200,1.00352526439
14626,14632,16393,6,1761,2,7200,1.00340715503
14646,14652,16404,6,1752,2,7200,1.00342465753
14663,14669,16408,6,1739,2,7200,1.00345025877
14761,14768,16656,7,1888,2,7200,1.00370762712
14779,14785,16326,6,1541,2,7200,1.0038935756
14785,14791,16645,6,1854,2,7200,1.00323624595
14788,14797,16858,9,2061,2,7200,1.00436681223
14800,14807,16440,7,1633,2,7200,1.0042865891
14822,14828,16703,6,1875,2,7200,1.0032
14840,14846,16689,6,1843,2,7200,1.00325556158
14862,14868,16582,6,1714,2,7200,1.00350058343
14876,14883,16617,7,1734,2,7200,1.00403690888
14889,14895,16626,6,1731,2,7200,1.00346620451
14893,14901,16859,8,1958,2,7200,1.00408580184
14912,14918,17028,6,2110,2,7200,1.0028436019
14928,14935,17061,7,2126,2,7200,1.0032925682
14946,14952,16952,6,2000,2,7200,1.003
15102,15108,16404,6,1296,2,7200,1.00462962963
15121,15127,16750,6,1623,2,7200,1.00369685767
15140,15146,16534,6,1388,2,7200,1.00432276657
15158,15164,16869,6,1705,2,7200,1.00351906158
15167,15173,16807,6,1634,2,7200,1.00367197062
15171,15179,16557,8,1378,2,7200,1.00580551524
15184,15190,16946,6,1756,2,7200,1.00341685649
15207,15213,16877,6,1664,2,7200,1.00360576923
15228,15234,16867,6,1633,2,7200,1.00367421923
15253,15259,16934,6,1675,2,7200,1.00358208955
15270,15276,16834,6,1558,2,7200,1.00385109114
15299,15305,17097,6,1792,2,7200,1.00334821429
15310,15316,17170,6,1854,2,7200,1.00323624595
15325,15332,16969,7,1637,2,7200,1.00427611484
15367,15373,15509,6,136,1,3600,1.04411764706
15705,15711,16104,6,393,1,3600,1.01526717557
16000,16006,17683,6,1677,2,7200,1.00357781753
16021,16027,17262,6,1235,2,7200,1.0048582996
16040,16047,17366,7,1319,2,7200,1.0053070508
16059,16065,17339,6,1274,2,7200,1.00470957614
16080,16086,17525,6,1439,2,7200,1.0041695622
16105,16114,17651,9,1537,2,7200,1.00585556278
16126,16132,17602,6,1470,2,7200,1.00408163265
16148,16154,17747,6,1593,2,7200,1.00376647834
16166,16172,17745,6,1573,2,7200,1.00381436745
16188,16194,17964,6,1770,2,7200,1.00338983051
16210,16216,17370,6,1154,2,7200,1.00519930676
16232,16238,17735,6,1497,2,7200,1.00400801603
16268,16274,17700,6,1426,2,7200,1.00420757363
16298,16304,17382,6,1078,2,7200,1.00556586271
16576,16582,17240,6,658,1,3600,1.00911854103
16780,16786,16845,6,59,1,1800,1.10169491525
16849,16855,16985,6,130,1,1800,1.04615384615
17188,17195,17299,7,104,1,1800,1.06730769231
17348,17354,17495,6,141,1,1800,1.04255319149
17453,17459,24689,6,7230,2,7200,1.00082987552
17467,17473,19279,6,1806,2,7200,1.00332225914
17490,17496,19240,6,1744,2,7200,1.00344036697
17534,17540,18943,6,1403,2,7200,1.00427655025
17557,17563,18624,6,1061,2,7200,1.00565504241
17559,17569,19053,10,1484,2,7200,1.00673854447
17572,17578,18860,6,1282,2,7200,1.00468018721
17594,17600,18852,6,1252,2,7200,1.00479233227
17617,17624,18891,7,1267,2,7200,1.00552486188
17637,17643,19259,6,1616,2,7200,1.00371287129
17658,17665,19141,7,1476,2,7200,1.00474254743
17675,17681,19116,6,1435,2,7200,1.00418118467
17693,17700,19138,7,1438,2,7200,1.00486787204
17715,17721,19089,6,1368,2,7200,1.00438596491
17807,17813,19128,6,1315,2,7200,1.00456273764
18200,18206,18520,6,314,1,1800,1.01910828025
18236,18242,18825,6,583,1,1800,1.0102915952
20060,20066,21960,6,1894,2,7200,1.00316789863
20078,20084,21877,6,1793,2,7200,1.0033463469
20081,20090,21751,9,1661,2,7200,1.00541842264
20093,20099,21749,6,1650,2,7200,1.00363636364
20113,20119,21930,6,1811,2,7200,1.00331308669
20118,20125,21993,7,1868,2,7200,1.00374732334
20139,20146,21847,7,1701,2,7200,1.00411522634
20158,20164,21837,6,1673,2,7200,1.00358637179
20178,20184,22091,6,1907,2,7200,1.00314630309
20192,20199,21787,7,1588,2,7200,1.00440806045
20195,20205,21826,10,1621,2,7200,1.00616903146
20208,20214,21900,6,1686,2,7200,1.00355871886
20238,20244,21941,6,1697,2,7200,1.00353565115
20257,20263,22230,6,1967,2,7200,1.00305033045
20277,20283,21884,6,1601,2,7200,1.00374765771
20297,20303,22096,6,1793,2,7200,1.0033463469
20317,20323,22073,6,1750,2,7200,1.00342857143
20337,20343,21983,6,1640,2,7200,1.00365853659
20357,20367,22072,10,1705,2,7200,1.00586510264
20368,20375,22032,7,1657,2,7200,1.00422450211
20388,20394,22105,6,1711,2,7200,1.00350672122
20407,20413,22316,6,1903,2,7200,1.00315291645
20430,20436,21989,6,1553,2,7200,1.00386349002
20434,20442,22263,8,1821,2,7200,1.00439319055
20456,20462,22452,6,1990,2,7200,1.00301507538
20475,20482,22185,7,1703,2,7200,1.00411039342
20484,20490,22277,6,1787,2,7200,1.00335758254
20503,20509,22268,6,1759,2,7200,1.00341102899
20509,20515,22336,6,1821,2,7200,1.00329489292
20512,20521,22012,9,1491,2,7200,1.0060362173
20525,20531,22202,6,1671,2,7200,1.00359066427
20542,20548,22258,6,1710,2,7200,1.00350877193
20564,20570,22388,6,1818,2,7200,1.00330033003
20581,20588,22297,7,1709,2,7200,1.00409596255
20604,20610,22445,6,1835,2,7200,1.00326975477
20624,20630,22462,6,1832,2,7200,1.00327510917
20643,20650,22461,7,1811,2,7200,1.00386526781
20658,20664,22424,6,1760,2,7200,1.00340909091
20681,20688,22375,7,1687,2,7200,1.00414937759
20701,20707,22412,6,1705,2,7200,1.00351906158
20721,20727,22528,6,1801,2,7200,1.00333148251
20744,20750,22483,6,1733,2,7200,1.00346220427
20766,20772,22614,6,1842,2,7200,1.00325732899
20789,20795,22612,6,1817,2,7200,1.0033021464
20814,20820,22838,6,2018,2,7200,1.00297324083
20834,20840,22675,6,1835,2,7200,1.00326975477
20854,20860,20921,6,61,1,1800,1.09836065574
20857,20866,22613,9,1747,2,7200,1.00515168861
20877,20884,22752,7,1868,2,7200,1.00374732334
20883,20890,22364,7,1474,2,7200,1.00474898236
20907,20913,22648,6,1735,2,7200,1.00345821326
20929,20935,22817,6,1882,2,7200,1.00318809777
20949,20955,22371,6,1416,2,7200,1.00423728814
20971,20978,22755,7,1777,2,7200,1.00393922341
20993,20999,22410,6,1411,2,7200,1.00425230333
21013,21019,22518,6,1499,2,7200,1.00400266845
21031,21037,22462,6,1425,2,7200,1.00421052632
21056,21062,22917,6,1855,2,7200,1.00323450135
21076,21082,22824,6,1742,2,7200,1.00344431688
21092,21098,22789,6,1691,2,7200,1.00354819633
21116,21122,23047,6,1925,2,7200,1.00311688312
21135,21141,23137,6,1996,2,7200,1.00300601202
21160,21166,22703,6,1537,2,7200,1.00390370852
21177,21183,22706,6,1523,2,7200,1.00393959291
21199,21205,22511,6,1306,2,7200,1.0045941807
21219,21226,23024,7,1798,2,7200,1.00389321468
21237,21243,22949,6,1706,2,7200,1.00351699883
21255,21261,22898,6,1637,2,7200,1.0036652413
21260,21267,22520,7,1253,2,7200,1.00558659218
21263,21273,23141,10,1868,2,7200,1.00535331906
21278,21284,22741,6,1457,2,7200,1.00411805079
21296,21302,23257,6,1955,2,7200,1.00306905371
21298,21308,21408,10,100,1,1800,1.1
21303,21314,23162,11,1848,2,7200,1.00595238095
21318,21324,23085,6,1761,2,7200,1.00340715503
21344,21350,23147,6,1797,2,7200,1.00333889816
21367,21374,22630,7,1256,2,7200,1.00557324841
21386,21392,23272,6,1880,2,7200,1.00319148936
21403,21410,22711,7,1301,2,7200,1.00538047656
21422,21428,23208,6,1780,2,7200,1.00337078652
21425,21434,23154,9,1720,2,7200,1.00523255814
21438,21445,23267,7,1822,2,7200,1.00384193194
21457,21463,22669,6,1206,2,7200,1.00497512438
21475,21481,23203,6,1722,2,7200,1.00348432056
21503,21509,23163,6,1654,2,7200,1.00362756953
21523,21529,23286,6,1757,2,7200,1.00341491178
21544,21550,23287,6,1737,2,7200,1.00345423143
21572,21579,23471,7,1892,2,7200,1.00369978858
21607,21613,23502,6,1889,2,7200,1.00317628375
21628,21635,23616,7,1981,2,7200,1.0035335689
21653,21659,23534,6,1875,2,7200,1.0032
21675,21681,23576,6,1895,2,7200,1.00316622691
21692,21698,23535,6,1837,2,7200,1.00326619488
21721,21727,23528,6,1801,2,7200,1.00333148251
21740,21746,23652,6,1906,2,7200,1.00314795383
21760,21766,23563,6,1797,2,7200,1.00333889816
21783,21789,23643,6,1854,2,7200,1.00323624595
21800,21806,23615,6,1809,2,7200,1.00331674959
21808,21814,23478,6,1664,2,7200,1.00360576923
21834,21840,23624,6,1784,2,7200,1.0033632287
21857,21863,23642,6,1779,2,7200,1.00337268128
21892,21898,23795,6,1897,2,7200,1.00316288877
21915,21922,23863,7,1941,2,7200,1.00360638846
21939,21945,23909,6,1964,2,7200,1.00305498982
21968,21974,23837,6,1863,2,7200,1.00322061192
22001,22007,24114,6,2107,2,7200,1.00284765069
22022,22028,23904,6,1876,2,7200,1.00319829424
22042,22049,24101,7,2052,2,7200,1.00341130604
22066,22072,23871,6,1799,2,7200,1.00333518621
22086,22092,24035,6,1943,2,7200,1.00308800823
22106,22112,23921,6,1809,2,7200,1.00331674959
22125,22131,23987,6,1856,2,7200,1.00323275862
22149,22155,24105,6,1950,2,7200,1.00307692308
22168,22174,24106,6,1932,2,7200,1.00310559006
22199,22205,24246,6,2041,2,7200,1.00293973542
22218,22224,24092,6,1868,2,7200,1.00321199143
22236,22242,24147,6,1905,2,7200,1.0031496063
22258,22264,24053,6,1789,2,7200,1.00335382895
22287,22294,24144,7,1850,2,7200,1.00378378378
22306,22313,24139,7,1826,2,7200,1.00383351588
22329,22335,24314,6,1979,2,7200,1.00303183426
22352,22358,24103,6,1745,2,7200,1.00343839542
22383,22389,24182,6,1793,2,7200,1.0033463469
22409,22415,24434,6,2019,2,7200,1.0029717682
22433,22439,24209,6,1770,2,7200,1.00338983051
22459,22465,22778,6,313,1,1800,1.01916932907
22462,22471,24298,9,1827,2,7200,1.00492610837
22485,22491,24264,6,1773,2,7200,1.00338409475
22503,22510,24226,7,1716,2,7200,1.00407925408
22528,22534,24334,6,1800,2,7200,1.00333333333
22561,22567,24036,6,1469,2,7200,1.00408441116
22580,22586,23999,6,1413,2,7200,1.0042462845
22598,22604,24260,6,1656,2,7200,1.00362318841
22625,22631,24403,6,1772,2,7200,1.00338600451
22645,22652,23918,7,1266,2,7200,1.00552922591
22666,22672,24396,6,1724,2,7200,1.00348027842
22685,22692,24423,7,1731,2,7200,1.00404390526
22694,22701,24453,7,1752,2,7200,1.00399543379
22720,22726,24288,6,1562,2,7200,1.00384122919
22748,22754,24287,6,1533,2,7200,1.00391389432
22771,22777,24658,6,1881,2,7200,1.00318979266
22799,22805,24366,6,1561,2,7200,1.00384368994
22812,22818,24549,6,1731,2,7200,1.00346620451
22832,22839,24608,7,1769,2,7200,1.00395703787
22853,22860,24394,7,1534,2,7200,1.00456323338
22874,22880,24418,6,1538,2,7200,1.00390117035
22898,22904,24510,6,1606,2,7200,1.00373599004
22926,22932,24342,6,1410,2,7200,1.00425531915
22946,22953,24537,7,1584,2,7200,1.00441919192
22969,22975,24787,6,1812,2,7200,1.00331125828
22990,22996,24801,6,1805,2,7200,1.00332409972
23017,23023,24418,6,1395,2,7200,1.00430107527
23040,23046,25062,6,2016,2,7200,1.00297619048
23062,23069,24778,7,1709,2,7200,1.00409596255
23092,23098,24633,6,1535,2,7200,1.00390879479
23098,23104,24834,6,1730,2,7200,1.00346820809
23107,23113,25065,6,1952,2,7200,1.00307377049
23129,23135,24900,6,1765,2,7200,1.00339943343
23172,23178,24769,6,1591,2,7200,1.00377121307
23194,23200,24939,6,1739,2,7200,1.00345025877
23219,23226,24804,7,1578,2,7200,1.00443599493
23250,23256,24939,6,1683,2,7200,1.00356506239
23262,23268,24753,6,1485,2,7200,1.00404040404
23283,23289,25079,6,1790,2,7200,1.00335195531
23303,23309,25072,6,1763,2,7200,1.00340328985
23317,23323,25081,6,1758,2,7200,1.00341296928
23338,23344,25155,6,1811,2,7200,1.00331308669
23377,23383,25172,6,1789,2,7200,1.00335382895
23396,23402,24947,6,1545,2,7200,1.00388349515
23413,23419,25035,6,1616,2,7200,1.00371287129
23440,23446,24945,6,1499,2,7200,1.00400266845
23460,23466,24902,6,1436,2,7200,1.00417827298
23489,23495,24805,6,1310,2,7200,1.00458015267
23512,23519,25200,7,1681,2,7200,1.00416418798
23542,23548,24907,6,1359,2,7200,1.00441501104
23549,23555,25090,6,1535,2,7200,1.00390879479
23572,23578,25071,6,1493,2,7200,1.00401875419
23602,23608,24893,6,1285,2,7200,1.0046692607
23632,23638,25099,6,1461,2,7200,1.00410677618
23643,23650,24981,7,1331,2,7200,1.00525920361
23659,23665,25466,6,1801,2,7200,1.00333148251
23691,23697,25118,6,1421,2,7200,1.00422237861
23722,23729,25605,7,1876,2,7200,1.00373134328
23744,23750,25254,6,1504,2,7200,1.0039893617
23764,23770,25584,6,1814,2,7200,1.0033076075
23790,23796,25632,6,1836,2,7200,1.00326797386
23813,23819,25426,6,1607,2,7200,1.00373366521
23849,23855,25324,6,1469,2,7200,1.00408441116
23877,23883,25654,6,1771,2,7200,1.00338791643
23901,23907,25355,6,1448,2,7200,1.00414364641
23932,23938,25381,6,1443,2,7200,1.00415800416
23962,23968,25647,6,1679,2,7200,1.00357355569
23986,23992,25603,6,1611,2,7200,1.00372439479
24010,24016,25618,6,1602,2,7200,1.00374531835
24031,24037,25686,6,1649,2,7200,1.00363856883
24042,24048,25814,6,1766,2,7200,1.00339750849
24065,24071,25685,6,1614,2,7200,1.00371747212
24078,24084,25644,6,1560,2,7200,1.00384615385
24080,24090,25653,10,1563,2,7200,1.00639795266
24094,24100,25682,6,1582,2,7200,1.00379266751
24123,24129,25822,6,1693,2,7200,1.00354400473
24157,24163,25784,6,1621,2,7200,1.00370141888
24178,24185,25842,7,1657,2,7200,1.00422450211
24218,24224,25946,6,1722,2,7200,1.00348432056
24255,24261,25835,6,1574,2,7200,1.00381194409
24277,24283,25975,6,1692,2,7200,1.00354609929
24308,24314,26118,6,1804,2,7200,1.00332594235
24351,24357,26108,6,1751,2,7200,1.00342661336
24377,24383,26418,6,2035,2,7200,1.00294840295
24414,24420,26165,6,1745,2,7200,1.00343839542
24445,24451,26226,6,1775,2,7200,1.00338028169
24465,24471,26145,6,1674,2,7200,1.00358422939
24484,24490,25868,6,1378,2,7200,1.00435413643
24504,24511,25917,7,1406,2,7200,1.00497866287
24527,24533,26298,6,1765,2,7200,1.00339943343
24575,24581,25990,6,1409,2,7200,1.00425833925
24596,24602,26110,6,1508,2,7200,1.00397877984
24618,24624,25835,6,1211,2,7200,1.00495458299
24644,24650,25806,6,1156,2,7200,1.00519031142
24661,24667,26206,6,1539,2,7200,1.00389863548
24685,24691,26074,6,1383,2,7200,1.00433839479
24710,24716,26319,6,1603,2,7200,1.00374298191
24733,24739,26096,6,1357,2,7200,1.00442151805
24764,24771,26465,7,1694,2,7200,1.0041322314
24797,24803,26098,6,1295,2,7200,1.00463320463
24844,24851,26016,7,1165,2,7200,1.00600858369
24869,24876,26262,7,1386,2,7200,1.00505050505
24916,24922,26474,6,1552,2,7200,1.00386597938
24955,24961,26290,6,1329,2,7200,1.00451467269
24978,24984,26329,6,1345,2,7200,1.00446096654
25002,25008,26424,6,1416,2,7200,1.00423728814
25025,25031,26252,6,1221,2,7200,1.00491400491
25047,25053,26698,6,1645,2,7200,1.00364741641
25106,25112,26539,6,1427,2,7200,1.00420462509
25131,25137,26545,6,1408,2,7200,1.00426136364
25149,25155,26409,6,1254,2,7200,1.004784689
25164,25170,26752,6,1582,2,7200,1.00379266751
25187,25193,26419,6,1226,2,7200,1.00489396411
25212,25219,26787,7,1568,2,7200,1.00446428571
25237,25243,26940,6,1697,2,7200,1.00353565115
25263,25269,26686,6,1417,2,7200,1.00423429781
25294,25300,26827,6,1527,2,7200,1.00392927308
25305,25311,26789,6,1478,2,7200,1.00405953992
25335,25341,26804,6,1463,2,7200,1.004101162
25366,25372,26661,6,1289,2,7200,1.00465477114
25393,25399,26815,6,1416,2,7200,1.00423728814
25419,25425,26752,6,1327,2,7200,1.00452147702
25454,25460,26882,6,1422,2,7200,1.00421940928
25480,25486,27166,6,1680,2,7200,1.00357142857
25518,25524,26887,6,1363,2,7200,1.00440205429
25543,25549,26907,6,1358,2,7200,1.00441826215
25568,25574,27167,6,1593,2,7200,1.00376647834
25610,25617,27192,7,1575,2,7200,1.00444444444
25631,25637,26841,6,1204,2,7200,1.0049833887
25664,25670,27142,6,1472,2,7200,1.00407608696
25701,25707,26706,6,999,2,7200,1.00600600601
25728,25734,27287,6,1553,2,7200,1.00386349002
25756,25763,27028,7,1265,2,7200,1.00553359684
25778,25784,27424,6,1640,2,7200,1.00365853659
25825,25831,26975,6,1144,2,7200,1.00524475524
25854,25860,27083,6,1223,2,7200,1.00490596893
25878,25884,33118,6,7234,2,7200,1.00082941664
25911,25917,26972,6,1055,2,7200,1.00568720379
25936,25942,27331,6,1389,2,7200,1.00431965443
25961,25967,27734,6,1767,2,7200,1.00339558574
25988,25994,27421,6,1427,2,7200,1.00420462509
26012,26018,27381,6,1363,2,7200,1.00440205429
26046,26052,27330,6,1278,2,7200,1.00469483568
26085,26091,33297,6,7206,2,7200,1.00083263947
26121,26128,27303,7,1175,2,7200,1.00595744681
26176,26182,27642,6,1460,2,7200,1.00410958904
26271,26277,28051,6,1774,2,7200,1.00338218715
26371,26377,27908,6,1531,2,7200,1.00391900718
26461,26468,27939,7,1471,2,7200,1.00475866757
26518,26524,27895,6,1371,2,7200,1.00437636761
26611,26616,33852,5,7236,2,7200,1.0006909895
26710,26716,28006,6,1290,2,7200,1.00465116279
26806,26812,28015,6,1203,2,7200,1.00498753117
26917,26923,28171,6,1248,2,7200,1.00480769231
27043,27049,28651,6,1602,2,7200,1.00374531835
27128,27134,28444,6,1310,2,7200,1.00458015267
27220,27227,28507,7,1280,2,7200,1.00546875
27318,27324,34529,6,7205,2,7200,1.00083275503
27419,27425,28775,6,1350,2,7200,1.00444444444
27524,27530,28902,6,1372,2,7200,1.00437317784
27636,27642,29238,6,1596,2,7200,1.0037593985
27719,27726,29024,7,1298,2,7200,1.00539291217
27811,27817,29327,6,1510,2,7200,1.00397350993
27916,27922,29503,6,1581,2,7200,1.00379506641
28032,28039,35272,7,7233,2,7200,1.00096778653
28114,28120,29191,6,1071,2,7200,1.0056022409
28209,28215,29458,6,1243,2,7200,1.00482703138
28272,28278,29557,6,1279,2,7200,1.00469116497
28347,28353,29565,6,1212,2,7200,1.00495049505
28417,28423,29997,6,1574,2,7200,1.00381194409
28468,28474,29919,6,1445,2,7200,1.00415224913
30223,30229,31763,6,1534,2,7200,1.00391134289
30300,30306,31861,6,1555,2,7200,1.0038585209
30348,30354,31928,6,1574,2,7200,1.00381194409
30401,30407,31904,6,1497,2,7200,1.00400801603
30478,30484,32447,6,1963,2,7200,1.0030565461
30550,30557,32295,7,1738,2,7200,1.00402761795
30634,30640,32349,6,1709,2,7200,1.00351082504
30720,30726,32218,6,1492,2,7200,1.00402144772
30789,30795,32525,6,1730,2,7200,1.00346820809
30873,30879,32567,6,1688,2,7200,1.00355450237
30963,30969,32925,6,1956,2,7200,1.00306748466
31041,31047,32487,6,1440,2,7200,1.00416666667
31096,31102,32835,6,1733,2,7200,1.00346220427
31174,31180,33071,6,1891,2,7200,1.00317292438
31278,232237,837077,200959,604840,10,604800,1.33225150453
31429,31435,33227,6,1792,2,7200,1.00334821429
31548,31554,33506,6,1952,2,7200,1.00307377049
31676,31682,33418,6,1736,2,7200,1.0034562212
31739,31745,33505,6,1760,2,7200,1.00340909091
31807,31813,33241,6,1428,2,7200,1.00420168067
31856,31862,33435,6,1573,2,7200,1.00381436745
31954,31960,33354,6,1394,2,7200,1.00430416069
32019,32025,34037,6,2012,2,7200,1.00298210736
32131,32137,33473,6,1336,2,7200,1.00449101796
32196,32202,33954,6,1752,2,7200,1.00342465753
32293,32299,34136,6,1837,2,7200,1.00326619488
32403,32409,34003,6,1594,2,7200,1.00376411543
32515,32521,33900,6,1379,2,7200,1.00435097897
32609,32615,33856,6,1241,2,7200,1.00483481064
32767,32774,34599,7,1825,2,7200,1.00383561644
32921,32927,34765,6,1838,2,7200,1.00326441785
33044,33050,198670,6,165620,64,165600,1.00003622751
33046,33056,34821,10,1765,2,7200,1.00566572238
33146,33152,35486,6,2334,2,7200,1.00257069409
33199,33205,35330,6,2125,2,7200,1.00282352941
33294,33300,35208,6,1908,2,7200,1.00314465409
33387,33393,35141,6,1748,2,7200,1.00343249428
33486,33492,35613,6,2121,2,7200,1.00282885431
33600,33606,35495,6,1889,2,7200,1.00317628375
33693,33699,35529,6,1830,2,7200,1.00327868852
33770,33776,35655,6,1879,2,7200,1.00319318787
33858,33863,35721,5,1858,2,7200,1.00269106566
33979,33985,35877,6,1892,2,7200,1.00317124736
34085,34092,35908,7,1816,2,7200,1.00385462555
34320,34326,35885,6,1559,2,7200,1.00384862091
34386,34392,36042,6,1650,2,7200,1.00363636364
34446,34452,36001,6,1549,2,7200,1.00387346675
34519,34525,36036,6,1511,2,7200,1.00397088021
34636,34642,35998,6,1356,2,7200,1.00442477876
34717,34723,36050,6,1327,2,7200,1.00452147702
34828,34834,34835,6,1,1,900,1.0
34846,34853,36261,7,1408,2,7200,1.00497159091
34941,34947,36376,6,1429,2,7200,1.00419874038
35012,35018,36406,6,1388,2,7200,1.00432276657
35141,35148,36600,7,1452,2,7200,1.00482093664
35222,35228,35229,6,1,1,900,1.0
35235,35242,43156,7,7914,14,21600,1.00088450847
35257,35263,36770,6,1507,2,7200,1.00398142004
35294,35541,57148,247,21607,14,21600,1.01143148054
35347,35353,37039,6,1686,2,7200,1.00355871886
35442,35448,36867,6,1419,2,7200,1.00422832981
35546,35552,37024,6,1472,2,7200,1.00407608696
38809,38815,40137,6,1322,2,7200,1.00453857791
38901,38907,40269,6,1362,2,7200,1.00440528634
38996,39002,40658,6,1656,2,7200,1.00362318841
39066,39073,40701,7,1628,2,7200,1.0042997543
39138,39144,40650,6,1506,2,7200,1.00398406375
39255,39261,40588,6,1327,2,7200,1.00452147702
39365,39371,40860,6,1489,2,7200,1.00402955003
39443,39449,40683,6,1234,2,7200,1.00486223663
39516,39522,41250,6,1728,2,7200,1.00347222222
39588,39594,41055,6,1461,2,7200,1.00410677618
39699,39705,41585,6,1880,2,7200,1.00319148936
39789,39795,41158,6,1363,2,7200,1.00440205429
39880,39886,41401,6,1515,2,7200,1.00396039604
39975,39981,41639,6,1658,2,7200,1.00361881785
42190,42196,62565,6,20369,18,28800,1.00029456527
42850,42856,44216,6,1360,2,7200,1.00441176471
42957,42963,44475,6,1512,2,7200,1.00396825397
43064,43070,44415,6,1345,2,7200,1.00446096654
43129,43135,44307,6,1172,2,7200,1.00511945392
43205,43211,45356,6,2145,2,7200,1.0027972028
46100,232253,234821,186153,2568,1,180000,73.4894859813
50944,50950,50991,6,41,10,72000,1.14634146341
51001,51007,104923,6,53916,10,72000,1.00011128422
59239,59245,188874,6,129629,16,129600,1.00004628594
59691,59697,59704,6,7,10,133200,1.3
59931,59938,59942,7,4,8,133200,1.1
60103,60109,60130,6,21,9,133200,1.28571428571
60613,60619,81893,6,21274,2,133200,1.00028203441
60842,60849,81987,7,21138,2,133200,1.00033115716
61311,61317,100545,6,39228,1,133200,1.00015295197
61371,61377,110136,6,48759,1,133200,1.00012305421
61410,61416,127393,6,65977,1,133200,1.00009094078
61463,61469,61472,6,3,2,133200,1.0
61482,61488,90682,6,29194,1,133200,1.00020552168
64318,64324,64329,6,5,3,90000,1.1
69932,69938,69940,6,2,2,3540,1.0
70092,70099,160109,7,90010,3,90000,1.00007776914
72917,72923,74765,6,1842,2,7200,1.00325732899
72929,72935,74687,6,1752,2,7200,1.00342465753
72941,72947,74885,6,1938,2,7200,1.00309597523
72953,72959,74830,6,1871,2,7200,1.00320684126
72964,72970,74836,6,1866,2,7200,1.00321543408
72976,72982,74633,6,1651,2,7200,1.00363416111
72987,72993,74870,6,1877,2,7200,1.0031965903
72999,73005,74588,6,1583,2,7200,1.00379027164
73011,73017,74981,6,1964,2,7200,1.00305498982
73022,73028,74813,6,1785,2,7200,1.00336134454
73033,73040,74937,7,1897,2,7200,1.0036900369
73046,73052,74928,6,1876,2,7200,1.00319829424
73057,73063,74916,6,1853,2,7200,1.00323799244
73068,73074,74966,6,1892,2,7200,1.00317124736
73080,73086,74944,6,1858,2,7200,1.00322927879
73091,73097,75058,6,1961,2,7200,1.00305966344
73103,73109,74574,6,1465,2,7200,1.00409556314
73114,73121,75215,7,2094,2,7200,1.00334288443
73126,73132,74995,6,1863,2,7200,1.00322061192
73138,73144,74965,6,1821,2,7200,1.00329489292
73149,73156,74968,7,1812,2,7200,1.00386313466
73161,73167,75037,6,1870,2,7200,1.00320855615
73173,73179,74968,6,1789,2,7200,1.00335382895
73185,73191,75067,6,1876,2,7200,1.00319829424
73197,73203,75179,6,1976,2,7200,1.00303643725
73208,73214,75071,6,1857,2,7200,1.00323101777
73220,73226,75163,6,1937,2,7200,1.00309757357
73231,73237,75023,6,1786,2,7200,1.00335946249
73243,73249,75090,6,1841,2,7200,1.00325909832
73255,73261,75423,6,2162,2,7200,1.00277520814
73267,73273,75035,6,1762,2,7200,1.00340522134
73278,73284,75186,6,1902,2,7200,1.00315457413
73290,73296,75058,6,1762,2,7200,1.00340522134
73302,73308,75196,6,1888,2,7200,1.0031779661
73313,73319,75407,6,2088,2,7200,1.00287356322
73325,73331,75058,6,1727,2,7200,1.00347423277
73336,73342,75078,6,1736,2,7200,1.0034562212
73348,73354,75163,6,1809,2,7200,1.00331674959
73360,73366,75087,6,1721,2,7200,1.00348634515
73371,73378,74951,7,1573,2,7200,1.00445009536
73383,73389,75282,6,1893,2,7200,1.00316957211
73394,73401,75092,7,1691,2,7200,1.00413956239
73397,73407,74644,10,1237,2,7200,1.00808407437
73408,73414,75229,6,1815,2,7200,1.00330578512
73410,73420,75034,10,1614,2,7200,1.00619578686
73422,73428,74844,6,1416,2,7200,1.00423728814
73433,73440,74746,7,1306,2,7200,1.00535987749
73446,73452,74860,6,1408,2,7200,1.00426136364
73458,73464,74822,6,1358,2,7200,1.00441826215
73469,73476,75210,7,1734,2,7200,1.00403690888
73481,73487,75157,6,1670,2,7200,1.00359281437
73493,73499,74822,6,1323,2,7200,1.00453514739
73505,73511,75035,6,1524,2,7200,1.00393700787
73516,73523,75271,7,1748,2,7200,1.00400457666
73528,73534,75149,6,1615,2,7200,1.00371517028
73540,73546,74789,6,1243,2,7200,1.00482703138
73552,73558,75298,6,1740,2,7200,1.00344827586
73563,73569,74926,6,1357,2,7200,1.00442151805
73565,73575,74939,10,1364,2,7200,1.0073313783
73576,73582,75240,6,1658,2,7200,1.00361881785
73588,73594,74955,6,1361,2,7200,1.00440852314
73600,73606,75098,6,1492,2,7200,1.00402144772
73611,73618,74872,7,1254,2,7200,1.00558213716
73623,73630,74962,7,1332,2,7200,1.00525525526
74054,74585,76042,531,1457,2,7200,1.36444749485
74590,74599,76346,9,1747,2,7200,1.00515168861
74602,74644,76502,42,1858,2,7200,1.02260495156
74645,74656,76508,11,1852,2,7200,1.00593952484
74657,74698,76388,41,1690,2,7200,1.02426035503
74699,74757,76052,58,1295,2,7200,1.04478764479
74762,74776,76392,14,1616,2,7200,1.00866336634
74774,74800,76256,26,1456,2,7200,1.01785714286
74796,74824,76777,28,1953,2,7200,1.01433691756
74828,74834,76689,6,1855,2,7200,1.00323450135
74839,74845,76694,6,1849,2,7200,1.0032449973
74851,74857,76837,6,1980,2,7200,1.00303030303
74862,74869,76075,7,1206,2,7200,1.00580431177
74874,74880,76362,6,1482,2,7200,1.004048583
74886,74892,76892,6,2000,2,7200,1.003
74889,74898,76770,9,1872,2,7200,1.00480769231
74900,74906,77012,6,2106,2,7200,1.00284900285
74912,74918,76711,6,1793,2,7200,1.0033463469
74924,74930,76764,6,1834,2,7200,1.00327153762
74935,74941,76810,6,1869,2,7200,1.00321027287
74950,74956,76730,6,1774,2,7200,1.00338218715
74955,74962,76681,7,1719,2,7200,1.00407213496
74958,74968,76878,10,1910,2,7200,1.00523560209
74974,74980,77355,6,2375,2,7200,1.00252631579
74986,74992,76893,6,1901,2,7200,1.00315623356
75002,75008,76995,6,1987,2,7200,1.00301962758
75005,75014,77167,9,2153,2,7200,1.00418021366
75021,75027,76759,6,1732,2,7200,1.00346420323
75033,75039,77242,6,2203,2,7200,1.00272355878
75044,75050,77196,6,2146,2,7200,1.00279589935
75045,75056,76808,11,1752,2,7200,1.00627853881
75057,75063,76999,6,1936,2,7200,1.00309917355
75069,75075,76783,6,1708,2,7200,1.00351288056
75081,75087,76930,6,1843,2,7200,1.00325556158
75082,75093,76907,11,1814,2,7200,1.00606394708
75094,75099,76936,5,1837,2,7200,1.00272182907
75105,75111,76986,6,1875,2,7200,1.0032
75117,75123,76876,6,1753,2,7200,1.00342270394
75129,75135,76848,6,1713,2,7200,1.00350262697
75141,75147,76835,6,1688,2,7200,1.00355450237
75152,75158,76952,6,1794,2,7200,1.00334448161
75154,75164,76895,10,1731,2,7200,1.00577700751
75165,75171,76937,6,1766,2,7200,1.00339750849
75167,75177,77127,10,1950,2,7200,1.00512820513
75178,75184,76910,6,1726,2,7200,1.00347624565
75189,75195,76992,6,1797,2,7200,1.00333889816
75201,75207,76898,6,1691,2,7200,1.00354819633
75202,75213,77017,11,1804,2,7200,1.00609756098
75213,75220,76906,7,1686,2,7200,1.00415183867
75225,75231,77088,6,1857,2,7200,1.00323101777
75226,75237,77075,11,1838,2,7200,1.00598476605
75238,75244,77131,6,1887,2,7200,1.00317965024
75250,75256,77187,6,1931,2,7200,1.00310719834
75262,75268,76935,6,1667,2,7200,1.00359928014
75274,75280,77052,6,1772,2,7200,1.00338600451
75286,75292,76988,6,1696,2,7200,1.00353773585
75298,75304,77027,6,1723,2,7200,1.00348229832
75310,75316,76793,6,1477,2,7200,1.00406228842
75321,75327,77236,6,1909,2,7200,1.00314300681
75323,75333,76743,10,1410,2,7200,1.00709219858
75335,75341,76835,6,1494,2,7200,1.00401606426
75347,75353,76797,6,1444,2,7200,1.00415512465
75359,75418,76740,59,1322,2,7200,1.04462934947
75422,75434,76920,12,1486,2,7200,1.00807537012
75434,76054,77470,620,1416,2,7200,1.43785310734
76061,76067,77692,6,1625,2,7200,1.00369230769
76062,76086,77770,24,1684,2,7200,1.01425178147
76084,76267,77999,183,1732,2,7200,1.10565819861
76270,76358,77889,88,1531,2,7200,1.05747877204
76356,76374,77941,18,1567,2,7200,1.01148691768
76380,76399,77797,19,1398,2,7200,1.01359084406
76403,76409,77911,6,1502,2,7200,1.00399467377
76415,76513,78364,98,1851,2,7200,1.0529443544
76519,76525,78510,6,1985,2,7200,1.00302267003
76531,76692,78175,161,1483,2,7200,1.10856372218
76672,88666,88746,11994,80,64,60,150.925
76697,76703,78534,6,1831,2,7200,1.00327689787
76709,76715,78185,6,1470,2,7200,1.00408163265
76720,76727,78485,7,1758,2,7200,1.0039817975
76732,76741,78207,9,1466,2,7200,1.00613915416
76744,76751,78149,7,1398,2,7200,1.00500715308
76757,76764,78330,7,1566,2,7200,1.00446998723
76769,76775,78262,6,1487,2,7200,1.00403496974
76781,76787,78435,6,1648,2,7200,1.0036407767
76793,76799,79008,6,2209,2,7200,1.00271616116
76794,76805,78342,11,1537,2,7200,1.00715679896
76806,76812,78290,6,1478,2,7200,1.00405953992
76817,76823,78339,6,1516,2,7200,1.00395778364
76829,76835,78426,6,1591,2,7200,1.00377121307
76840,76847,78577,7,1730,2,7200,1.00404624277
76852,76858,78464,6,1606,2,7200,1.00373599004
76855,76864,78478,9,1614,2,7200,1.00557620818
76868,76874,78534,6,1660,2,7200,1.00361445783
76879,76885,78593,6,1708,2,7200,1.00351288056
76891,76897,78462,6,1565,2,7200,1.00383386581
76902,76908,78430,6,1522,2,7200,1.00394218134
76914,76921,78536,7,1615,2,7200,1.00433436533
76926,76932,78770,6,1838,2,7200,1.00326441785
76938,76944,78761,6,1817,2,7200,1.0033021464
76949,76955,78676,6,1721,2,7200,1.00348634515
76950,76961,78945,11,1984,2,7200,1.00554435484
76962,76968,78852,6,1884,2,7200,1.00318471338
76974,76980,78259,6,1279,2,7200,1.00469116497
76975,76986,78992,11,2006,2,7200,1.00548354935
76987,76994,78366,7,1372,2,7200,1.00510204082
76999,77005,78477,6,1472,2,7200,1.00407608696
77011,77017,78388,6,1371,2,7200,1.00437636761
77023,77029,78516,6,1487,2,7200,1.00403496974
77035,77041,78872,6,1831,2,7200,1.00327689787
77048,77054,78515,6,1461,2,7200,1.00410677618
77060,77066,78979,6,1913,2,7200,1.00313643492
77072,77078,78497,6,1419,2,7200,1.00422832981
77084,77090,78905,6,1815,2,7200,1.00330578512
77096,77102,79262,6,2160,2,7200,1.00277777778
77107,77114,78879,7,1765,2,7200,1.00396600567
77119,77125,78941,6,1816,2,7200,1.00330396476
77131,77137,78587,6,1450,2,7200,1.00413793103
77143,77149,78912,6,1763,2,7200,1.00340328985
77155,77161,78801,6,1640,2,7200,1.00365853659
77167,77173,78866,6,1693,2,7200,1.00354400473
77179,77185,78658,6,1473,2,7200,1.00407331976
77190,77196,78942,6,1746,2,7200,1.00343642612
77202,77208,78640,6,1432,2,7200,1.00418994413
77214,77220,79236,6,2016,2,7200,1.00297619048
77226,77232,78918,6,1686,2,7200,1.00355871886
77237,77243,78616,6,1373,2,7200,1.00436999272
77249,77255,79099,6,1844,2,7200,1.0032537961
77261,77267,78893,6,1626,2,7200,1.0036900369
77273,77367,79216,94,1849,2,7200,1.05083829097
77367,77482,79019,115,1537,2,7200,1.07482108003
77482,77703,79355,221,1652,2,7200,1.13377723971
77700,77781,79132,81,1351,2,7200,1.05995558845
77784,77809,79240,25,1431,2,7200,1.01747030049
77806,77900,79241,94,1341,2,7200,1.07009694258
77900,77922,79623,22,1701,2,7200,1.01293356849
77922,77952,79343,30,1391,2,7200,1.02156721783
77954,78010,79830,56,1820,2,7200,1.03076923077
78007,78160,79801,153,1641,2,7200,1.09323583181
78164,78186,79539,22,1353,2,7200,1.0162601626
78186,78196,79989,10,1793,2,7200,1.00557724484
78198,78218,79854,20,1636,2,7200,1.01222493888
78220,78271,79712,51,1441,2,7200,1.03539208883
78272,78278,79617,6,1339,2,7200,1.00448095594
78274,78302,80103,28,1801,2,7200,1.01554691838
78306,78341,79863,35,1522,2,7200,1.02299605782
78338,78350,80003,12,1653,2,7200,1.00725952813
78350,78356,80153,6,1797,2,7200,1.00333889816
78361,78375,80086,14,1711,2,7200,1.0081823495
78373,78381,79891,8,1510,2,7200,1.00529801325
78385,78399,79899,14,1500,2,7200,1.00933333333
78397,78438,79912,41,1474,2,7200,1.02781546811
78439,78445,80128,6,1683,2,7200,1.00356506239
78441,78451,79923,10,1472,2,7200,1.00679347826
78453,78473,79964,20,1491,2,7200,1.01341381623
78475,78481,79929,6,1448,2,7200,1.00414364641
78476,78489,79814,13,1325,2,7200,1.00981132075
78488,78495,80146,7,1651,2,7200,1.00423985463
78500,78506,80342,6,1836,2,7200,1.00326797386
78511,78517,80178,6,1661,2,7200,1.00361228176
78523,78529,80023,6,1494,2,7200,1.00401606426
78535,78541,79848,6,1307,2,7200,1.00459066565
78547,78553,80436,6,1883,2,7200,1.00318640467
78558,78565,80061,7,1496,2,7200,1.00467914439
78571,78577,80221,6,1644,2,7200,1.00364963504
78582,78588,79907,6,1319,2,7200,1.00454890068
78594,78601,79787,7,1186,2,7200,1.00590219224
78606,78613,80420,7,1807,2,7200,1.00387382402
78618,78624,80272,6,1648,2,7200,1.0036407767
78630,78636,80023,6,1387,2,7200,1.0043258832
78642,78651,79992,9,1341,2,7200,1.0067114094
78654,78669,80079,15,1410,2,7200,1.01063829787
78666,78687,80407,21,1720,2,7200,1.01220930233
78688,78772,80051,84,1279,2,7200,1.06567630962
78771,78782,80360,11,1578,2,7200,1.00697084918
78783,78812,80299,29,1487,2,7200,1.01950235373
78814,78855,80296,41,1441,2,7200,1.02845246357
78847,78861,80471,14,1610,2,7200,1.00869565217
78859,78867,80282,8,1415,2,7200,1.00565371025
78872,78877,80009,5,1132,2,7200,1.00441696113
78873,78883,80096,10,1213,2,7200,1.00824402308
78889,78895,79911,6,1016,2,7200,1.00590551181
78900,78907,80040,7,1133,2,7200,1.00617828773
78912,78919,86151,7,7232,2,7200,1.00096792035
78924,78930,86158,6,7228,2,7200,1.00083010515
78936,78942,86188,6,7246,2,7200,1.00082804306
78938,78948,86183,10,7235,2,7200,1.00138217001
78949,78955,86184,6,7229,2,7200,1.00082999032
78960,78967,80372,7,1405,2,7200,1.00498220641
78973,78979,86186,6,7207,2,7200,1.00083252394
78984,78990,86236,6,7246,2,7200,1.00082804306
78996,79004,86226,8,7222,2,7200,1.00110772639
79008,79019,86242,11,7223,2,7200,1.00152291292
79020,79030,86258,10,7228,2,7200,1.00138350858
79031,79110,86315,79,7205,2,7200,1.01096460791
79504,79510,81351,6,1841,2,7200,1.00325909832
79517,79523,81179,6,1656,2,7200,1.00362318841
79529,79535,80901,6,1366,2,7200,1.00439238653
79541,79547,81118,6,1571,2,7200,1.00381922342
79553,79559,81401,6,1842,2,7200,1.00325732899
79558,79565,80904,7,1339,2,7200,1.00522778193
79570,79576,81192,6,1616,2,7200,1.00371287129
79582,79588,81311,6,1723,2,7200,1.00348229832
79594,79600,80977,6,1377,2,7200,1.00435729847
79605,79628,81067,23,1439,2,7200,1.01598332175
79627,79634,81309,7,1675,2,7200,1.00417910448
79639,79723,81197,84,1474,2,7200,1.05698778833
79723,79798,81321,75,1523,2,7200,1.04924491136
79796,79813,81284,17,1471,2,7200,1.01155676411
79813,79825,81695,12,1870,2,7200,1.0064171123
79825,79841,81287,16,1446,2,7200,1.01106500692
79838,79859,81327,21,1468,2,7200,1.01430517711
79861,79867,81413,6,1546,2,7200,1.00388098318
81750,81756,110603,6,28847,6,28800,1.0002079939
81968,81974,108078,6,26104,2,108000,1.00022984983
82099,82105,99294,6,17189,2,108000,1.00034906045
83258,83264,83443,6,179,16,64800,1.03351955307
85518,85524,85639,6,115,30,64800,1.05217391304
85838,85845,85848,7,3,30,64800,1.0
86095,86101,86108,6,7,30,64800,1.3
86689,86695,86703,6,8,15,64800,1.4
86888,86894,87067,6,173,16,64800,1.03468208092
87628,87634,87804,6,170,16,64800,1.03529411765
89917,89924,89937,7,13,16,64800,1.53846153846
91170,91176,91178,6,2,2,3540,1.0
92158,92164,92357,6,193,1,3600,1.0310880829
92544,92550,92918,6,368,1,3600,1.01630434783
92611,92618,92756,7,138,16,64800,1.05072463768
93061,93067,93205,6,138,16,64800,1.04347826087
93288,93294,94137,6,843,1,3600,1.00711743772
93727,93733,94309,6,576,16,64800,1.01041666667
94680,94686,94836,6,150,16,64800,1.04
95415,95421,95546,6,125,1,3600,1.048
95439,95445,95452,6,7,16,64800,1.3
95667,95674,95813,7,139,16,64800,1.05035971223
95708,95714,95895,6,181,1,3600,1.03314917127
95735,95741,96119,6,378,1,3600,1.01587301587
96043,96049,96082,6,33,16,57600,1.18181818182
96081,96087,96468,6,381,1,3600,1.0157480315
96251,96257,96986,6,729,16,57600,1.00823045267
96657,96663,97313,6,650,1,3600,1.00923076923
96875,96881,97659,6,778,1,3600,1.00771208226
97155,97161,97253,6,92,16,64800,1.0652173913
97402,97409,97577,7,168,16,64800,1.04166666667
98440,98447,98538,7,91,16,64800,1.07692307692
98976,98983,99114,7,131,1,3600,1.0534351145
99205,99211,99406,6,195,16,57600,1.03076923077
99321,99327,99698,6,371,1,3600,1.01617250674
99457,99463,99601,6,138,1,1800,1.04347826087
99592,99598,99788,6,190,16,57600,1.03157894737
99943,99949,100093,6,144,1,1800,1.04166666667
100198,100204,100877,6,673,1,3600,1.00891530461
100804,100810,101406,6,596,1,1800,1.01006711409
103156,103162,103292,6,130,1,1800,1.04615384615
103239,103245,103294,6,49,1,1800,1.12244897959
103643,103649,103747,6,98,1,1800,1.0612244898
103660,103666,103796,6,130,1,1800,1.04615384615
104529,104535,105132,6,597,1,1800,1.01005025126
104638,104645,104955,7,310,1,1800,1.02258064516
105373,105379,105776,6,397,3,7200,1.01511335013
105521,105528,106769,7,1241,3,7200,1.00564061241
105737,105743,105746,6,3,3,7200,1.0
105746,105752,105755,6,3,3,7200,1.0
105788,105795,106464,7,669,3,7200,1.01046337818
107073,107079,107139,6,60,1,1800,1.1
107498,107504,107588,6,84,1,1800,1.07142857143
108647,108653,108967,6,314,1,1800,1.01910828025
110019,110025,110059,6,34,64,300,1.17647058824
113398,113405,127525,7,14120,2,28800,1.00049575071
113748,113754,115289,6,1535,2,7200,1.00390879479
113760,113766,115561,6,1795,2,7200,1.00334261838
113772,113778,115614,6,1836,2,7200,1.00326797386
113786,113792,115358,6,1566,2,7200,1.00383141762
113788,113798,115479,10,1681,2,7200,1.00594883998
113804,113810,115786,6,1976,2,7200,1.00303643725
113816,113822,115701,6,1879,2,7200,1.00319318787
113828,113834,115703,6,1869,2,7200,1.00321027287
113841,113847,115576,6,1729,2,7200,1.003470214
113844,113853,115727,9,1874,2,7200,1.00480256137
113856,113862,115800,6,1938,2,7200,1.00309597523
113868,113874,115676,6,1802,2,7200,1.00332963374
113879,113885,115855,6,1970,2,7200,1.00304568528
113881,113891,115877,10,1986,2,7200,1.00503524673
113895,113901,115779,6,1878,2,7200,1.00319488818
113906,113913,115373,7,1460,2,7200,1.00479452055
113918,113924,115852,6,1928,2,7200,1.0031120332
113930,113936,115554,6,1618,2,7200,1.00370828183
113941,113947,115794,6,1847,2,7200,1.0032485111
113953,113959,115487,6,1528,2,7200,1.00392670157
113964,113970,115357,6,1387,2,7200,1.0043258832
113965,113976,115867,11,1891,2,7200,1.00581702803
113977,113983,115394,6,1411,2,7200,1.00425230333
113988,113994,115639,6,1645,2,7200,1.00364741641
114000,114006,115707,6,1701,2,7200,1.00352733686
114012,114018,115471,6,1453,2,7200,1.00412938747
114024,114030,115880,6,1850,2,7200,1.00324324324
114035,114041,115403,6,1362,2,7200,1.00440528634
114039,114047,115963,8,1916,2,7200,1.00417536534
114050,114056,115913,6,1857,2,7200,1.00323101777
114062,114068,115900,6,1832,2,7200,1.00327510917
114074,114080,116048,6,1968,2,7200,1.00304878049
114086,114092,116070,6,1978,2,7200,1.00303336704
114098,114104,116202,6,2098,2,7200,1.00285986654
114109,114115,115879,6,1764,2,7200,1.00340136054
114121,114127,115977,6,1850,2,7200,1.00324324324
114132,114138,115957,6,1819,2,7200,1.00329851567
114144,114150,115987,6,1837,2,7200,1.00326619488
114156,114162,116092,6,1930,2,7200,1.00310880829
114168,114174,115981,6,1807,2,7200,1.00332042059
114180,114186,115951,6,1765,2,7200,1.00339943343
114192,114198,116062,6,1864,2,7200,1.00321888412
114195,114204,115804,9,1600,2,7200,1.005625
114206,114212,115757,6,1545,2,7200,1.00388349515
114218,114224,115923,6,1699,2,7200,1.00353148911
114229,114235,116191,6,1956,2,7200,1.00306748466
114231,114241,115886,10,1645,2,7200,1.00607902736
114242,114249,115775,7,1526,2,7200,1.00458715596
114254,114260,115968,6,1708,2,7200,1.00351288056
114266,114272,115885,6,1613,2,7200,1.00371977681
114277,114283,115952,6,1669,2,7200,1.00359496705
114289,114295,116223,6,1928,2,7200,1.0031120332
114300,114306,115911,6,1605,2,7200,1.00373831776
114312,114318,116126,6,1808,2,7200,1.00331858407
114323,114329,115886,6,1557,2,7200,1.00385356455
114325,114335,115902,10,1567,2,7200,1.00638162093
114339,114345,115784,6,1439,2,7200,1.0041695622
114342,114351,116081,9,1730,2,7200,1.00520231214
114353,114359,116202,6,1843,2,7200,1.00325556158
114355,114365,115912,10,1547,2,7200,1.00646412411
114366,114372,116449,6,2077,2,7200,1.0028887819
114368,114378,116021,10,1643,2,7200,1.00608642727
114379,114385,115908,6,1523,2,7200,1.00393959291
114391,114397,116144,6,1747,2,7200,1.00343445907
114403,114409,116012,6,1603,2,7200,1.00374298191
114415,114421,116153,6,1732,2,7200,1.00346420323
114426,114432,116153,6,1721,2,7200,1.00348634515
114428,114438,116346,10,1908,2,7200,1.00524109015
114439,114445,116066,6,1621,2,7200,1.00370141888
114451,114457,116304,6,1847,2,7200,1.0032485111
114455,114463,116139,8,1676,2,7200,1.00477326969
114466,114473,116209,7,1736,2,7200,1.00403225806
114478,114484,116083,6,1599,2,7200,1.00375234522
114479,114490,116296,11,1806,2,7200,1.00609080842
114491,114497,116153,6,1656,2,7200,1.00362318841
114503,114509,116298,6,1789,2,7200,1.00335382895
114514,114520,116137,6,1617,2,7200,1.00371057514
114526,114532,115873,6,1341,2,7200,1.00447427293
114537,114544,115978,7,1434,2,7200,1.00488145049
114549,114555,116030,6,1475,2,7200,1.00406779661
114561,114567,116244,6,1677,2,7200,1.00357781753
114572,114578,116447,6,1869,2,7200,1.00321027287
114584,114590,116841,6,2251,2,7200,1.00266548201
114596,114602,116055,6,1453,2,7200,1.00412938747
114609,114615,115693,6,1078,2,7200,1.00556586271
114620,114627,116096,7,1469,2,7200,1.00476514636
114632,114638,115706,6,1068,2,7200,1.00561797753
114644,114650,115830,6,1180,2,7200,1.00508474576
114656,114662,121908,6,7246,2,7200,1.00082804306
114668,114674,121895,6,7221,2,7200,1.00083090985
114680,114686,121899,6,7213,2,7200,1.00083183142
114691,114698,116128,7,1430,2,7200,1.0048951049
114703,115300,116747,597,1447,2,7200,1.41257774706
115303,115368,116585,65,1217,2,7200,1.05341002465
115366,115374,116416,8,1042,2,7200,1.00767754319
115378,115384,116918,6,1534,2,7200,1.00391134289
115389,115406,122632,17,7226,2,7200,1.00235261555
115411,115417,122637,6,7220,2,7200,1.00083102493
115423,115483,122712,60,7229,2,7200,1.00829990317
115486,115492,122723,6,7231,2,7200,1.00082976075
115498,115504,116961,6,1457,2,7200,1.00411805079
115510,115565,117097,55,1532,2,7200,1.03590078329
115563,115572,116977,9,1405,2,7200,1.00640569395
115575,115587,122791,12,7204,2,7200,1.00166574125
115586,115625,122852,39,7227,2,7200,1.00539643005
115629,115650,122880,21,7230,2,7200,1.00290456432
115651,115688,122920,37,7232,2,7200,1.00511615044
115694,115704,116732,10,1028,2,7200,1.00972762646
115706,115712,117175,6,1463,2,7200,1.004101162
115707,115718,116989,11,1271,2,7200,1.00865460268
115719,115725,122946,6,7221,2,7200,1.00083090985
115730,115737,116597,7,860,2,7200,1.00813953488
115742,115748,122982,6,7234,2,7200,1.00082941664
115753,115768,122992,15,7224,2,7200,1.00207641196
115766,115786,116911,20,1125,2,7200,1.01777777778
115787,115793,116997,6,1204,2,7200,1.0049833887
115799,115805,123045,6,7240,2,7200,1.00082872928
115801,115811,123051,10,7240,2,7200,1.00138121547
115812,115818,123031,6,7213,2,7200,1.00083183142
115824,115830,123056,6,7226,2,7200,1.0008303349
115836,115842,123080,6,7238,2,7200,1.00082895828
116102,232259,616708,116157,384449,4,432000,1.30213890529
116352,116358,117656,6,1298,2,7200,1.00462249615
116364,116370,117839,6,1469,2,7200,1.00408441116
116376,116382,118052,6,1670,2,7200,1.00359281437
116387,116394,117953,7,1559,2,7200,1.00449005773
116399,116405,117911,6,1506,2,7200,1.00398406375
116411,116417,117856,6,1439,2,7200,1.0041695622
116422,116428,117906,6,1478,2,7200,1.00405953992
116434,116440,117759,6,1319,2,7200,1.00454890068
116445,116451,118039,6,1588,2,7200,1.00377833753
116457,116463,118003,6,1540,2,7200,1.0038961039
116469,116475,117953,6,1478,2,7200,1.00405953992
116480,116487,117575,7,1088,2,7200,1.00643382353
116492,116498,117879,6,1381,2,7200,1.00434467777
116504,116510,117706,6,1196,2,7200,1.00501672241
116517,116523,117484,6,961,2,7200,1.00624349636
116529,116536,123762,7,7226,2,7200,1.00096872405
116541,116547,123788,6,7241,2,7200,1.00082861483
116552,116559,123787,7,7228,2,7200,1.000968456
116564,116570,123788,6,7218,2,7200,1.0008312552
116729,116735,124454,6,7719,2,28800,1.00077730276
117379,232280,241899,114901,9619,1,180000,12.9452126001
117563,117569,151490,6,33921,2,43200,1.00017688158
118011,118017,149328,6,31311,2,43200,1.00019162595
118382,118388,121951,6,3563,2,28800,1.00168397418
118714,232269,335875,113555,103606,4,432000,2.09602725711
119669,119675,126236,6,6561,2,14400,1.00091449474
119707,119713,121508,6,1795,2,7200,1.00334261838
119719,119725,121439,6,1714,2,7200,1.00350058343
119731,119737,121446,6,1709,2,7200,1.00351082504
119742,119748,121606,6,1858,2,7200,1.00322927879
119754,119760,121629,6,1869,2,7200,1.00321027287
119765,119772,121603,7,1831,2,7200,1.00382304752
119777,119783,121601,6,1818,2,7200,1.00330033003
119789,119795,121629,6,1834,2,7200,1.00327153762
119801,119807,121644,6,1837,2,7200,1.00326619488
119812,119818,121356,6,1538,2,7200,1.00390117035
119824,119830,121730,6,1900,2,7200,1.00315789474
119836,119842,121827,6,1985,2,7200,1.00302267003
119848,119854,121660,6,1806,2,7200,1.00332225914
119852,119860,121685,8,1825,2,7200,1.00438356164
119865,119871,121884,6,2013,2,7200,1.00298062593
119876,119883,121539,7,1656,2,7200,1.00422705314
119889,119895,121462,6,1567,2,7200,1.00382897256
119901,119907,121573,6,1666,2,7200,1.00360144058
119912,119919,121542,7,1623,2,7200,1.00431300062
119925,119931,121851,6,1920,2,7200,1.003125
119937,119943,121876,6,1933,2,7200,1.00310398345
119938,119949,122007,11,2058,2,7200,1.00534499514
119951,119957,121797,6,1840,2,7200,1.00326086957
119963,119970,121774,7,1804,2,7200,1.00388026608
119975,119981,121731,6,1750,2,7200,1.00342857143
119986,119993,122036,7,2043,2,7200,1.00342633382
119998,120004,122024,6,2020,2,7200,1.00297029703
119999,120010,121815,11,1805,2,7200,1.00609418283
120011,120018,121416,7,1398,2,7200,1.00500715308
120016,120024,135728,8,15704,2,43200,1.00050942435
120023,120030,121729,7,1699,2,7200,1.00412007063
120035,120041,121834,6,1793,2,7200,1.0033463469
120047,120053,121819,6,1766,2,7200,1.00339750849
120059,120065,121935,6,1870,2,7200,1.00320855615
120061,120071,121882,10,1811,2,7200,1.00552181115
120073,120079,122008,6,1929,2,7200,1.00311041991
120084,120090,121887,6,1797,2,7200,1.00333889816
120096,120102,121644,6,1542,2,7200,1.00389105058
120108,120114,121877,6,1763,2,7200,1.00340328985
120119,120126,121748,7,1622,2,7200,1.00431565968
120132,120138,121989,6,1851,2,7200,1.00324149109
120144,120150,121674,6,1524,2,7200,1.00393700787
120155,120161,121908,6,1747,2,7200,1.00343445907
120157,120167,122349,10,2182,2,7200,1.00458295142
120169,120175,121813,6,1638,2,7200,1.00366300366
120181,120187,121981,6,1794,2,7200,1.00334448161
120193,120199,121485,6,1286,2,7200,1.00466562986
120204,120210,121548,6,1338,2,7200,1.00448430493
120206,120216,121441,10,1225,2,7200,1.00816326531
120217,120223,121688,6,1465,2,7200,1.00409556314
120219,120229,121771,10,1542,2,7200,1.00648508431
120231,120237,121731,6,1494,2,7200,1.00401606426
120243,120249,121722,6,1473,2,7200,1.00407331976
120255,120261,121837,6,1576,2,7200,1.0038071066
120266,120273,121520,7,1247,2,7200,1.00561347233
120278,120284,122038,6,1754,2,7200,1.00342075257
120280,120290,121651,10,1361,2,7200,1.00734753857
120291,120297,122047,6,1750,2,7200,1.00342857143
120303,120309,121865,6,1556,2,7200,1.00385604113
120314,120320,121840,6,1520,2,7200,1.00394736842
120316,120326,121626,10,1300,2,7200,1.00769230769
120327,120333,121771,6,1438,2,7200,1.00417246175
120329,120339,121543,10,1204,2,7200,1.00830564784
120340,120346,121709,6,1363,2,7200,1.00440205429
120342,120473,121841,131,1368,2,7200,1.09576023392
120477,121367,122918,890,1551,2,7200,1.57382333978
121246,121457,146213,211,24756,2,43200,1.0085231863
121370,121427,122882,57,1455,2,7200,1.03917525773
121423,121451,122801,28,1350,2,7200,1.02074074074
121456,121463,123081,7,1618,2,7200,1.0043263288
121468,121474,123349,6,1875,2,7200,1.0032
121480,121496,122753,16,1257,2,7200,1.01272871917
121493,121520,122970,27,1450,2,7200,1.01862068966
121525,121531,123397,6,1866,2,7200,1.00321543408
121537,121550,123146,13,1596,2,7200,1.00814536341
121546,232274,352127,110728,119853,4,172800,1.92386506804
121549,121556,123216,7,1660,2,7200,1.00421686747
121560,121567,123180,7,1613,2,7200,1.00433973962
121573,121579,123559,6,1980,2,7200,1.00303030303
121585,121591,123343,6,1752,2,7200,1.00342465753
121597,121612,123559,15,1947,2,7200,1.00770416025
121608,121618,123483,10,1865,2,7200,1.00536193029
121620,121627,123518,7,1891,2,7200,1.00370174511
121632,121638,123473,6,1835,2,7200,1.00326975477
121644,121650,123552,6,1902,2,7200,1.00315457413
121646,121656,123509,10,1853,2,7200,1.00539665407
121657,121663,123648,6,1985,2,7200,1.00302267003
121659,121669,123557,10,1888,2,7200,1.00529661017
121671,121677,123520,6,1843,2,7200,1.00325556158
121683,121689,123434,6,1745,2,7200,1.00343839542
121694,121700,123715,6,2015,2,7200,1.00297766749
121696,121706,123359,10,1653,2,7200,1.00604960678
121708,121714,123649,6,1935,2,7200,1.00310077519
121709,121720,123445,11,1725,2,7200,1.00637681159
121721,121734,123641,13,1907,2,7200,1.00681699004
121738,121744,123542,6,1798,2,7200,1.00333704116
121740,121750,123882,10,2132,2,7200,1.00469043152
121755,121760,123568,5,1808,2,7200,1.00276548673
121758,121766,123508,8,1742,2,7200,1.0045924225
121771,121777,123576,6,1799,2,7200,1.00333518621
121783,121789,123773,6,1984,2,7200,1.00302419355
121795,121801,123683,6,1882,2,7200,1.00318809777
121807,121813,123592,6,1779,2,7200,1.00337268128
121819,121825,123542,6,1717,2,7200,1.00349446709
121831,121837,123490,6,1653,2,7200,1.00362976407
121843,121848,123724,5,1876,2,7200,1.0026652452
121844,121854,123701,10,1847,2,7200,1.00541418517
121857,121862,123777,5,1915,2,7200,1.00261096606
121858,121868,123910,10,2042,2,7200,1.00489715965
121870,121876,123675,6,1799,2,7200,1.00333518621
121883,121889,123693,6,1804,2,7200,1.00332594235
121895,121901,123680,6,1779,2,7200,1.00337268128
121907,121913,123801,6,1888,2,7200,1.0031779661
121919,121925,123787,6,1862,2,7200,1.00322234157
121931,121937,123858,6,1921,2,7200,1.00312337324
121943,121949,123756,6,1807,2,7200,1.00332042059
121955,121961,123845,6,1884,2,7200,1.00318471338
121967,121973,123861,6,1888,2,7200,1.0031779661
121979,121985,123682,6,1697,2,7200,1.00353565115
121993,121999,124049,6,2050,2,7200,1.00292682927
121995,122005,123732,10,1727,2,7200,1.00579038796
122007,122013,123920,6,1907,2,7200,1.00314630309
122019,122025,123952,6,1927,2,7200,1.00311364816
122030,122037,123650,7,1613,2,7200,1.00433973962
122042,122048,123857,6,1809,2,7200,1.00331674959
122044,122054,123427,10,1373,2,7200,1.00728332119
122056,122062,123455,6,1393,2,7200,1.00430725054
122069,122075,123394,6,1319,2,7200,1.00454890068
122081,122087,123790,6,1703,2,7200,1.00352319436
122093,122099,123668,6,1569,2,7200,1.00382409178
122094,122105,123845,11,1740,2,7200,1.00632183908
122106,122112,123442,6,1330,2,7200,1.0045112782
122118,122124,123641,6,1517,2,7200,1.00395517469
122130,122136,123539,6,1403,2,7200,1.00427655025
122142,122360,124111,218,1751,2,7200,1.12450028555
122362,122643,124203,281,1560,2,7200,1.18012820513
122642,122649,124442,7,1793,2,7200,1.00390407139
122655,122724,124240,69,1516,2,7200,1.04551451187
122720,122734,124631,14,1897,2,7200,1.0073800738
122732,122765,124410,33,1645,2,7200,1.02006079027
122765,122803,124595,38,1792,2,7200,1.02120535714
122808,122815,124576,7,1761,2,7200,1.0039750142
122820,122864,124403,44,1539,2,7200,1.0285899935
122863,122892,124839,29,1947,2,7200,1.01489470981
122895,122902,124401,7,1499,2,7200,1.00466977985
122907,122929,124666,22,1737,2,7200,1.01266551526
122930,122935,124392,5,1457,2,7200,1.00343170899
122931,122957,124815,26,1858,2,7200,1.01399354144
122953,122981,124481,28,1500,2,7200,1.01866666667
122985,122994,124869,9,1875,2,7200,1.0048
122999,123005,125094,6,2089,2,7200,1.00287218765
123011,123043,125332,32,2289,2,7200,1.01397990389
123044,123057,124515,13,1458,2,7200,1.00891632373
123056,123063,124621,7,1558,2,7200,1.00449293967
123068,123074,124475,6,1401,2,7200,1.00428265525
123080,123091,124585,11,1494,2,7200,1.00736278447
123092,123098,124453,6,1355,2,7200,1.00442804428
123094,123157,124893,63,1736,2,7200,1.03629032258
123157,123191,124562,34,1371,2,7200,1.02479941648
123190,123227,125122,37,1895,2,7200,1.01952506596
123223,123354,124855,131,1501,2,7200,1.0872751499
123361,123367,124881,6,1514,2,7200,1.00396301189
123372,123379,124687,7,1308,2,7200,1.00535168196
123385,123405,124892,20,1487,2,7200,1.01344989913
123407,123413,125437,6,2024,2,7200,1.00296442688
123409,123438,125434,29,1996,2,7200,1.01452905812
123435,123445,125290,10,1845,2,7200,1.0054200542
123446,123453,125324,7,1871,2,7200,1.0037413148
123458,123464,125382,6,1918,2,7200,1.0031282586
123469,123476,125151,7,1675,2,7200,1.00417910448
123481,123487,125484,6,1997,2,7200,1.00300450676
123493,123499,125096,6,1597,2,7200,1.00375704446
123505,123511,125116,6,1605,2,7200,1.00373831776
123517,123523,125577,6,2054,2,7200,1.0029211295
123529,123535,125408,6,1873,2,7200,1.00320341698
123541,123547,125355,6,1808,2,7200,1.00331858407
123553,123559,125372,6,1813,2,7200,1.00330943188
123555,123565,125237,10,1672,2,7200,1.00598086124
123567,123574,125465,7,1891,2,7200,1.00370174511
123579,123586,125056,7,1470,2,7200,1.00476190476
123591,123598,125392,7,1794,2,7200,1.00390189521
123604,123610,125451,6,1841,2,7200,1.00325909832
123616,123622,125034,6,1412,2,7200,1.00424929178
123628,123634,125278,6,1644,2,7200,1.00364963504
123640,123646,125757,6,2111,2,7200,1.00284225486
123651,123657,125465,6,1808,2,7200,1.00331858407
123663,123669,125476,6,1807,2,7200,1.00332042059
123675,123681,125548,6,1867,2,7200,1.00321371184
123686,123692,125252,6,1560,2,7200,1.00384615385
123688,123698,125590,10,1892,2,7200,1.00528541226
123699,123705,125589,6,1884,2,7200,1.00318471338
123701,123711,125496,10,1785,2,7200,1.0056022409
123713,123719,125345,6,1626,2,7200,1.0036900369
123724,123730,125601,6,1871,2,7200,1.00320684126
123726,123736,125145,10,1409,2,7200,1.00709723208
123738,123744,125930,6,2186,2,7200,1.00274473925
123740,123750,125275,10,1525,2,7200,1.00655737705
123751,123758,125246,7,1488,2,7200,1.00470430108
123764,123770,125212,6,1442,2,7200,1.00416088766
123767,123776,125345,9,1569,2,7200,1.00573613767
123778,123784,125667,6,1883,2,7200,1.00318640467
123790,123796,125260,6,1464,2,7200,1.00409836066
123802,123808,125183,6,1375,2,7200,1.00436363636
123814,123820,125657,6,1837,2,7200,1.00326619488
123826,123832,125575,6,1743,2,7200,1.00344234079
123828,123838,125704,10,1866,2,7200,1.00535905681
123840,123846,125272,6,1426,2,7200,1.00420757363
123842,123852,125764,10,1912,2,7200,1.00523012552
123854,123860,125874,6,2014,2,7200,1.00297914598
123866,123872,125495,6,1623,2,7200,1.00369685767
123877,123884,125242,7,1358,2,7200,1.00515463918
123889,123896,125767,7,1871,2,7200,1.0037413148
123901,123907,125743,6,1836,2,7200,1.00326797386
123912,123918,125675,6,1757,2,7200,1.00341491178
123914,123924,126071,10,2147,2,7200,1.00465766185
123926,123932,125805,6,1873,2,7200,1.00320341698
123938,123944,125761,6,1817,2,7200,1.0033021464
123949,123956,125755,7,1799,2,7200,1.00389105058
123961,123970,125724,9,1754,2,7200,1.00513112885
123973,123979,125492,6,1513,2,7200,1.0039656312
123985,123991,125719,6,1728,2,7200,1.00347222222
123997,124060,125900,63,1840,2,7200,1.03423913043
124061,124122,125518,61,1396,2,7200,1.04369627507
124125,124214,125990,89,1776,2,7200,1.05011261261
124220,124252,125719,32,1467,2,7200,1.02181322427
124253,124403,126055,150,1652,2,7200,1.09079903148
124409,124415,126066,6,1651,2,7200,1.00363416111
124411,124421,126039,10,1618,2,7200,1.00618046972
124413,124470,124475,57,5,1,3600,6.2
124423,124429,126248,6,1819,2,7200,1.00329851567
124425,124453,125758,28,1305,2,7200,1.0214559387
124457,124464,126277,7,1813,2,7200,1.00386100386
124470,124486,126275,16,1789,2,7200,1.00894354388
124482,124492,126333,10,1841,2,7200,1.00543183053
124494,124500,126219,6,1719,2,7200,1.0034904014
124506,124527,125956,21,1429,2,7200,1.01469559132
124528,124573,125907,45,1334,2,7200,1.03373313343
124571,124587,126290,16,1703,2,7200,1.00939518497
124583,124596,126069,13,1473,2,7200,1.00882552614
124594,124606,125894,12,1288,2,7200,1.00931677019
124606,124632,126140,26,1508,2,7200,1.01724137931
124629,124642,126402,13,1760,2,7200,1.00738636364
124641,124678,126397,37,1719,2,7200,1.02152414194
124674,124698,126330,24,1632,2,7200,1.01470588235
124697,124825,126373,128,1548,2,7200,1.0826873385
124823,124850,126559,27,1709,2,7200,1.0157987127
124855,124866,126483,11,1617,2,7200,1.00680272109
124868,124881,126666,13,1785,2,7200,1.00728291317
124880,124892,126750,12,1858,2,7200,1.00645855759
124893,124903,126876,10,1973,2,7200,1.00506842372
124906,124912,126824,6,1912,2,7200,1.00313807531
124908,125045,126772,137,1727,2,7200,1.079328315
124921,125111,126126,190,1015,1,3600,1.18719211823
125043,125067,126759,24,1692,2,7200,1.01418439716
125065,125105,126813,40,1708,2,7200,1.02341920375
125108,125127,126524,19,1397,2,7200,1.01360057266
125132,125138,126436,6,1298,2,7200,1.00462249615
125144,125156,126843,12,1687,2,7200,1.00711321873
125155,125162,126324,7,1162,2,7200,1.00602409639
125166,125195,126899,29,1704,2,7200,1.01701877934
125199,125224,126636,25,1412,2,7200,1.01770538244
125221,125249,126948,28,1699,2,7200,1.01648028252
125253,125259,126836,6,1577,2,7200,1.00380469245
125265,125271,127020,6,1749,2,7200,1.00343053173
125278,125283,126687,5,1404,2,7200,1.00356125356
125279,125289,126523,10,1234,2,7200,1.00810372771
125290,125296,126878,6,1582,2,7200,1.00379266751
125292,125302,126954,10,1652,2,7200,1.00605326877
125304,125310,126906,6,1596,2,7200,1.0037593985
125315,125322,126851,7,1529,2,7200,1.00457815566
125327,125335,126881,8,1546,2,7200,1.00517464424
125339,125344,126611,5,1267,2,7200,1.00394632991
125340,125356,126558,16,1202,2,7200,1.01331114809
125362,125368,126938,6,1570,2,7200,1.00382165605
125373,125379,126884,6,1505,2,7200,1.00398671096
125385,125391,127034,6,1643,2,7200,1.00365185636
125397,125403,126986,6,1583,2,7200,1.00379027164
125409,125415,126921,6,1506,2,7200,1.00398406375
125421,125427,126967,6,1540,2,7200,1.0038961039
125433,125439,126923,6,1484,2,7200,1.00404312668
125446,125452,126530,6,1078,2,7200,1.00556586271
125458,125463,127084,5,1621,2,7200,1.00308451573
125863,125869,128099,6,2230,3,7200,1.00269058296
125890,125896,127714,6,1818,2,7200,1.00330033003
125901,125908,127201,7,1293,2,7200,1.00541376643
125913,125919,127193,6,1274,2,7200,1.00470957614
125925,125931,127165,6,1234,2,7200,1.00486223663
125936,125942,127494,6,1552,2,7200,1.00386597938
125948,125955,127636,7,1681,2,7200,1.00416418798
125960,125966,127484,6,1518,2,7200,1.00395256917
125972,125978,127911,6,1933,2,7200,1.00310398345
125974,125984,127558,10,1574,2,7200,1.00635324015
125981,125990,127376,9,1386,2,7200,1.00649350649
125993,126000,127420,7,1420,2,7200,1.00492957746
126005,126011,127674,6,1663,2,7200,1.00360793746
126007,126017,127543,10,1526,2,7200,1.00655307995
126020,126026,127455,6,1429,2,7200,1.00419874038
126024,126032,127634,8,1602,2,7200,1.0049937578
126036,126042,127553,6,1511,2,7200,1.00397088021
126037,126053,126891,16,838,1,3600,1.01909307876
126038,126048,127346,10,1298,2,7200,1.00770416025
127702,127708,179614,6,51906,4,72000,1.00011559357
128547,128553,128558,6,5,1,3600,1.1
128602,128609,129629,7,1020,1,3600,1.0068627451
128999,129005,130035,6,1030,1,3600,1.00582524272
129041,129047,131497,6,2450,1,3600,1.00244897959
129907,129913,130021,6,108,4,3600,1.05555555556
130196,130202,135546,6,5344,8,14400,1.00112275449
130433,130439,131260,6,821,2,36000,1.00730816078
130434,130445,131260,11,815,2,36000,1.01349693252
130435,130450,131260,15,810,2,36000,1.01851851852
130437,130471,133457,34,2986,2,28800,1.01138647019
130437,130455,131260,18,805,2,36000,1.02236024845
130438,130460,131260,22,800,2,36000,1.0275
130439,130465,131260,26,795,2,36000,1.03270440252
130441,130477,131260,36,783,2,36000,1.04597701149
130442,130482,131260,40,778,2,36000,1.05141388175
130443,130487,131260,44,773,2,36000,1.05692108668
130445,130492,131260,47,768,2,36000,1.06119791667
130446,130497,131260,51,763,2,36000,1.06684141547
130447,130503,131260,56,757,2,36000,1.07397622193
130449,130508,131260,59,752,2,36000,1.07845744681
130450,130513,131260,63,747,2,36000,1.0843373494
130451,130518,131260,67,742,2,36000,1.09029649596
130452,130523,131260,71,737,2,36000,1.09633649932
130454,130528,131260,74,732,2,36000,1.10109289617
130455,130534,131260,79,726,2,36000,1.108815427
130456,130539,131260,83,721,2,36000,1.11511789182
130458,130544,131260,86,716,2,36000,1.12011173184
130459,130549,131260,90,711,2,36000,1.12658227848
130460,130554,131260,94,706,2,36000,1.13314447592
130462,130559,131260,97,701,2,36000,1.13837375178
130463,130565,131260,102,695,2,36000,1.14676258993
130465,130570,131260,105,690,2,36000,1.15217391304
130466,130575,131260,109,685,2,36000,1.15912408759
130467,130580,131260,113,680,2,36000,1.16617647059
130469,130585,131260,116,675,2,36000,1.17185185185
130470,130590,131260,120,670,2,36000,1.17910447761
130471,130596,131260,125,664,2,36000,1.18825301205
130473,130602,131260,129,658,2,36000,1.19604863222
130474,130607,131260,133,653,2,36000,1.20367534456
130475,130612,131260,137,648,2,36000,1.21141975309
130476,130618,131260,142,642,2,36000,1.22118380062
130478,130623,131260,145,637,2,36000,1.22762951334
130479,130628,131262,149,634,2,36000,1.23501577287
130481,130633,131260,152,627,2,36000,1.24242424242
130482,130638,131260,156,622,2,36000,1.25080385852
130483,130643,131260,160,617,2,36000,1.25931928687
130485,130649,131260,164,611,2,36000,1.26841243863
130486,130654,131260,168,606,2,36000,1.27722772277
130487,130659,131260,172,601,2,36000,1.28618968386
130489,130664,131260,175,596,2,36000,1.29362416107
130490,130669,131260,179,591,2,36000,1.30287648054
130491,130674,131260,183,586,2,36000,1.31228668942
130493,130680,131260,187,580,2,36000,1.3224137931
130494,130685,131260,191,575,2,36000,1.33217391304
130495,130690,131260,195,570,2,36000,1.34210526316
130497,130695,131260,198,565,2,36000,1.35044247788
130498,130700,131260,202,560,2,36000,1.36071428571
130499,130705,131260,206,555,2,36000,1.37117117117
130501,130711,131260,210,549,2,36000,1.3825136612
130502,130716,131260,214,544,2,36000,1.39338235294
130503,130721,131260,218,539,2,36000,1.40445269017
130505,130726,131260,221,534,2,36000,1.4138576779
130506,130731,131260,225,529,2,36000,1.42533081285
130507,130736,131260,229,524,2,36000,1.43702290076
130509,130742,131260,233,518,2,36000,1.44980694981
130510,130747,131260,237,513,2,36000,1.46198830409
130511,130752,131260,241,508,2,36000,1.47440944882
130513,130757,131260,244,503,2,36000,1.48508946322
130514,130762,131260,248,498,2,36000,1.49799196787
130515,130767,131260,252,493,2,36000,1.51115618661
130516,130773,131260,257,487,2,36000,1.52772073922
130518,130778,131260,260,482,2,36000,1.53941908714
130519,130783,131260,264,477,2,36000,1.5534591195
131482,131489,133925,7,2436,2,28800,1.00287356322
132315,132321,137612,6,5291,8,14400,1.00113400113
132335,132341,135096,6,2755,2,36000,1.00217785844
132336,132347,135945,11,3598,2,36000,1.00305725403
132338,132352,135473,14,3121,2,36000,1.00448574175
132339,132357,135561,18,3204,2,36000,1.00561797753
132340,132362,135954,22,3592,2,36000,1.0061247216
132341,132368,135462,27,3094,2,36000,1.00872656755
132343,132374,135403,31,3029,2,36000,1.01023440079
132344,132379,135758,35,3379,2,36000,1.01035809411
132345,132384,135623,39,3239,2,36000,1.01204075332
132347,132389,135154,42,2765,2,36000,1.01518987342
132348,132394,135705,46,3311,2,36000,1.01389308366
132349,132399,136144,50,3745,2,36000,1.01335113485
132351,132405,135419,54,3014,2,36000,1.01791639018
132352,132410,136006,58,3596,2,36000,1.01612903226
132353,132415,136049,62,3634,2,36000,1.01706108971
132355,132420,135591,65,3171,2,36000,1.02049826553
132356,132425,135724,69,3299,2,36000,1.02091542892
132357,132430,135601,73,3171,2,36000,1.02302112898
132359,132436,136103,77,3667,2,36000,1.02099809108
132360,132441,135385,81,2944,2,36000,1.02751358696
132361,132446,135617,85,3171,2,36000,1.02680542416
132363,132451,135742,88,3291,2,36000,1.02673959283
132364,132456,135449,92,2993,2,36000,1.03073838958
132365,132461,135717,96,3256,2,36000,1.02948402948
132367,132467,135324,100,2857,2,36000,1.03500175009
132368,132472,136061,104,3589,2,36000,1.02897743104
132369,132478,136064,109,3586,2,36000,1.03039598438
132371,132483,135913,112,3430,2,36000,1.03265306122
132372,132488,136142,116,3654,2,36000,1.03174603175
132373,132493,135714,120,3221,2,36000,1.03725551071
132375,132499,135581,124,3082,2,36000,1.04023361454
132376,132504,135876,128,3372,2,36000,1.03795966785
132377,132509,135848,132,3339,2,36000,1.03953279425
132379,132514,136215,135,3701,2,36000,1.03647662794
132380,132519,135518,139,2999,2,36000,1.04634878293
132381,132524,136285,143,3761,2,36000,1.03802180271
132383,132530,135643,147,3113,2,36000,1.04722132991
132384,132535,136111,151,3576,2,36000,1.04222595078
132385,132541,135725,156,3184,2,36000,1.04899497487
132386,132546,135494,160,2948,2,36000,1.05427408412
132388,132552,135976,164,3424,2,36000,1.04789719626
132389,132557,135956,168,3399,2,36000,1.04942630185
132390,132563,135649,173,3086,2,36000,1.05605962411
132392,132568,135839,176,3271,2,36000,1.05380617548
132393,132573,136487,180,3914,2,36000,1.0459887583
132394,132578,135943,184,3365,2,36000,1.05468053492
132396,132583,135829,187,3246,2,36000,1.05760936537
132397,132588,135839,191,3251,2,36000,1.05875115349
132398,132594,135899,196,3305,2,36000,1.05930408472
132400,132599,136010,199,3411,2,36000,1.05834066256
132401,132604,135868,203,3264,2,36000,1.06219362745
132402,132609,136208,207,3599,2,36000,1.05751597666
132404,132614,135637,210,3023,2,36000,1.06946741647
132405,132619,135787,214,3168,2,36000,1.06755050505
132406,132625,135943,219,3318,2,36000,1.06600361664
132408,132630,136113,222,3483,2,36000,1.06373815676
132409,132635,135632,226,2997,2,36000,1.07540874208
132410,132640,135876,230,3236,2,36000,1.07107540173
132412,132645,136228,233,3583,2,36000,1.06502930505
132413,132650,136015,237,3365,2,36000,1.07043090639
132415,132656,135905,241,3249,2,36000,1.07417666974
132416,132661,135807,245,3146,2,36000,1.07787666879
132417,132666,135640,249,2974,2,36000,1.08372562206
132419,132671,136155,252,3484,2,36000,1.07233065442
132420,132676,136137,256,3461,2,36000,1.07396706154
132421,132681,136546,260,3865,2,36000,1.06727037516
132423,132687,135876,264,3189,2,36000,1.08278457197
132424,132692,136235,268,3543,2,36000,1.07564211121
132426,132697,136111,271,3414,2,36000,1.07937902753
132427,132702,135819,275,3117,2,36000,1.0882258582
132428,132707,135870,279,3163,2,36000,1.08820739804
132430,132712,135936,282,3224,2,36000,1.08746898263
132431,132718,135594,287,2876,2,36000,1.09979137691
132432,132723,135965,291,3242,2,36000,1.08975940777
132434,132728,136182,294,3454,2,36000,1.08511870295
132435,132733,135724,298,2991,2,36000,1.09963223002
132436,132738,135664,302,2926,2,36000,1.1032125769
132438,132743,136052,305,3309,2,36000,1.09217286189
132439,132749,136228,310,3479,2,36000,1.08910606496
132440,132754,136097,314,3343,2,36000,1.09392760993
132442,132759,136053,317,3294,2,36000,1.09623557984
132443,132764,135971,321,3207,2,36000,1.10009354537
132444,132769,136217,325,3448,2,36000,1.0942575406
132446,133468,136742,1022,3274,2,36000,1.31215638363
132447,133937,137412,1490,3475,2,36000,1.42877697842
132448,135107,138149,2659,3042,2,36000,1.87409598948
132450,135165,138658,2715,3493,2,36000,1.77726882336
132451,135335,138841,2884,3506,2,36000,1.82258984598
132452,135396,138922,2944,3526,2,36000,1.83494044243
132454,135415,138972,2961,3557,2,36000,1.83244307
132455,135430,138763,2975,3333,2,36000,1.89258925893
132457,135460,138913,3003,3453,2,36000,1.8696785404
132458,135473,138678,3015,3205,2,36000,1.94071762871
132459,135484,139139,3025,3655,2,36000,1.82763337893
132461,135505,138824,3044,3319,2,36000,1.91714371799
132462,135529,138992,3067,3463,2,36000,1.88564828184
132463,135557,138820,3094,3263,2,36000,1.94820717131
132465,135562,139367,3097,3805,2,36000,1.81392904074
132466,135568,139127,3102,3559,2,36000,1.87159314414
132467,135573,139116,3106,3543,2,36000,1.87665819927
132469,135579,138596,3110,3017,2,36000,2.03082532317
132470,135593,138681,3123,3088,2,36000,2.01133419689
132472,135602,138818,3130,3216,2,36000,1.97325870647
132473,135608,138745,3135,3137,2,36000,1.9993624482
132474,135614,138994,3140,3380,2,36000,1.92899408284
132476,135628,138788,3152,3160,2,36000,1.99746835443
132477,135634,138638,3157,3004,2,36000,2.05093209055
132478,135644,139038,3166,3394,2,36000,1.93282262817
132480,135650,138844,3170,3194,2,36000,1.99248591108
132481,135656,139308,3175,3652,2,36000,1.86938663746
132482,135661,138935,3179,3274,2,36000,1.97098350641
132484,135667,138286,3183,2619,2,36000,2.21534936999
132485,135676,140567,3191,4891,2,36000,1.65242281742
132486,135716,139062,3230,3346,2,36000,1.96533173939
132488,135725,139200,3237,3475,2,36000,1.93151079137
132489,135731,139292,3242,3561,2,36000,1.91041842179
132491,135737,139065,3246,3328,2,36000,1.97536057692
132492,135742,139025,3250,3283,2,36000,1.98994821809
132493,135748,139188,3255,3440,2,36000,1.94622093023
132494,135754,139098,3260,3344,2,36000,1.97488038278
132496,135759,139127,3263,3368,2,36000,1.96882422803
132497,135770,138847,3273,3077,2,36000,2.06369840754
132499,135798,139038,3299,3240,2,36000,2.01820987654
132500,135818,139374,3318,3556,2,36000,1.93307086614
132502,135831,139633,3329,3802,2,36000,1.87559179379
132503,135840,138922,3337,3082,2,36000,2.08273848151
132504,135850,139376,3346,3526,2,36000,1.9489506523
132506,135855,138982,3349,3127,2,36000,2.07099456348
132507,135861,139460,3354,3599,2,36000,1.93192553487
132508,135879,139100,3371,3221,2,36000,2.04656938839
132510,135885,139272,3375,3387,2,36000,1.99645704163
132511,135891,138875,3380,2984,2,36000,2.1327077748
132512,135896,139372,3384,3476,2,36000,1.97353279632
132514,135902,139002,3388,3100,2,36000,2.09290322581
132515,135911,139124,3396,3213,2,36000,2.05695611578
132516,135966,137725,3450,1759,2,28800,2.9613416714
132516,135917,139114,3401,3197,2,36000,2.06380982171
132518,135924,139301,3406,3377,2,36000,2.0085875037
132520,135947,139380,3427,3433,2,36000,1.9982522575
132521,135954,139228,3433,3274,2,36000,2.04856444716
132522,135960,139162,3438,3202,2,36000,2.07370393504
133305,136122,142514,2817,6392,14,21600,1.44070713392
135823,135982,173245,159,37263,2,43200,1.00426696723
136178,136184,139660,6,3476,2,36000,1.00172612198
136179,136190,139647,11,3457,2,36000,1.00318194967
136181,136195,139460,14,3265,2,36000,1.00428790199
136198,136204,139120,6,2916,2,36000,1.00205761317
136214,136220,139408,6,3188,2,36000,1.00188205772
136231,136237,139970,6,3733,2,36000,1.00160728636
136232,136243,139914,11,3671,2,36000,1.00299645873
136234,136248,139425,14,3177,2,36000,1.00440667296
136235,136253,139059,18,2806,2,36000,1.00641482537
136251,136260,139766,9,3506,2,36000,1.00256702795
136288,136294,139538,6,3244,2,36000,1.00184956843
136490,136496,139935,6,3439,2,36000,1.00174469322
136548,136554,139852,6,3298,2,36000,1.00181928441
136745,136751,140544,6,3793,2,36000,1.00158186132
136779,136785,136835,6,50,1,1800,1.12
137206,137212,142624,6,5412,2,28800,1.00110864745
137414,137420,140469,6,3049,2,36000,1.00196785831
137495,137501,137513,6,12,1,3600,1.5
138152,138158,140567,6,2409,2,36000,1.00249066002
138269,138275,143842,6,5567,8,14400,1.00107777977
138288,138294,140567,6,2273,2,36000,1.00263968324
138598,138604,140567,6,1963,2,36000,1.0030565461
138641,138647,140567,6,1920,2,36000,1.003125
138659,138665,140567,6,1902,2,36000,1.00315457413
138681,138687,140567,6,1880,2,36000,1.00319148936
138682,138693,140567,11,1874,2,36000,1.00586979723
138747,138754,140568,7,1814,2,36000,1.00385887541
138766,138772,140568,6,1796,2,36000,1.00334075724
138790,138796,140568,6,1772,2,36000,1.00338600451
138820,138826,140568,6,1742,2,36000,1.00344431688
138821,138832,140568,11,1736,2,36000,1.00633640553
138836,138842,140568,6,1726,2,36000,1.00347624565
138852,138858,140568,6,1710,2,36000,1.00350877193
138853,138864,140568,11,1704,2,36000,1.00645539906
138854,138869,140568,15,1699,2,36000,1.00882872278
138875,138882,140568,7,1686,2,36000,1.00415183867
138915,138921,140568,6,1647,2,36000,1.00364298725
138930,138936,140568,6,1632,2,36000,1.00367647059
138931,138942,140568,11,1626,2,36000,1.00676506765
138946,138952,140568,6,1616,2,36000,1.00371287129
138973,138979,140568,6,1589,2,36000,1.00377595972
138988,138994,140568,6,1574,2,36000,1.00381194409
139004,139010,140568,6,1558,2,36000,1.00385109114
139005,139016,140568,11,1552,2,36000,1.00708762887
139006,139021,140568,15,1547,2,36000,1.00969618617
139027,139033,140568,6,1535,2,36000,1.00390879479
139042,139049,140568,7,1519,2,36000,1.00460829493
139044,139054,140568,10,1514,2,36000,1.00660501982
139061,139068,140568,7,1500,2,36000,1.00466666667
139076,139082,140568,6,1486,2,36000,1.00403768506
139078,139088,140568,10,1480,2,36000,1.00675675676
139099,139105,140568,6,1463,2,36000,1.004101162
139114,139120,140568,6,1448,2,36000,1.00414364641
139116,139126,140568,10,1442,2,36000,1.00693481276
139132,139138,140568,6,1430,2,36000,1.0041958042
139133,139144,140568,11,1424,2,36000,1.0077247191
139134,139149,140568,15,1419,2,36000,1.01057082452
139136,139154,140568,18,1414,2,36000,1.01272984441
139137,139160,140568,23,1408,2,36000,1.01633522727
139152,139166,140568,14,1402,2,36000,1.00998573466
139167,139173,140568,6,1395,2,36000,1.00430107527
139191,139197,140568,6,1371,2,36000,1.00437636761
139206,139212,140568,6,1356,2,36000,1.00442477876
139230,139236,140568,6,1332,2,36000,1.0045045045
139272,139278,140568,6,1290,2,36000,1.00465116279
139290,139296,140568,6,1272,2,36000,1.00471698113
139301,139307,143546,6,4239,2,28800,1.00141542817
139305,139313,140568,8,1255,2,36000,1.00637450199
139320,139326,140568,6,1242,2,36000,1.00483091787
139368,139374,140568,6,1194,2,36000,1.00502512563
139384,139390,140568,6,1178,2,36000,1.00509337861
139385,139396,140568,11,1172,2,36000,1.00938566553
139386,139401,140568,15,1167,2,36000,1.01285347044
139388,139406,140568,18,1162,2,36000,1.01549053356
139409,139415,140568,6,1153,2,36000,1.00520381613
139427,139433,140568,6,1135,2,36000,1.00528634361
139461,139467,140568,6,1101,2,36000,1.00544959128
139462,139473,140568,11,1095,2,36000,1.0100456621
139541,139547,140568,6,1021,2,36000,1.00587659158
139569,140585,140627,1016,42,70,1200,25.1904761905
139634,139640,140568,6,928,2,36000,1.00646551724
139649,139655,140568,6,913,2,36000,1.00657174151
139664,139670,140568,6,898,2,36000,1.00668151448
139767,139773,140568,6,795,2,36000,1.00754716981
139854,139860,140568,6,708,2,36000,1.00847457627
139918,139924,140568,6,644,2,36000,1.00931677019
139939,139945,140568,6,623,2,36000,1.00963081862
139972,139978,140568,6,590,2,36000,1.01016949153
140012,140018,143147,6,3129,2,28800,1.00191754554
140059,232286,233755,92227,1469,1,360000,63.7821647379
140060,232292,232296,92232,4,1,360000,9223.6
140060,232297,232301,92237,4,1,360000,9224.1
140060,232305,232311,92245,6,1,360000,9225.1
140060,232311,232315,92251,4,1,360000,9225.5
140060,232317,232321,92257,4,1,360000,9226.1
140060,232323,232326,92263,3,1,360000,9226.6
140060,232328,232331,92268,3,1,360000,9227.1
140061,232369,232372,92308,3,1,360000,9231.1
140061,232363,232365,92302,2,1,360000,9230.4
140061,232357,232360,92296,3,1,360000,9229.9
140061,232352,232356,92291,4,1,360000,9229.5
140061,232340,232344,92279,4,1,360000,9228.3
140061,232334,232337,92273,3,1,360000,9227.6
140061,232346,232349,92285,3,1,360000,9228.8
140062,232386,232387,92324,1,1,360000,9232.5
140062,232391,232392,92329,1,1,360000,9233.0
140062,232397,232400,92335,3,1,360000,9233.8
140062,232402,232406,92340,4,1,360000,9234.4
140062,232408,232411,92346,3,1,360000,9234.9
140062,232374,233066,92312,692,1,360000,134.398843931
140062,232380,232381,92318,1,1,360000,9231.9
140063,232420,232422,92357,2,1,360000,9235.9
140063,232414,232416,92351,2,1,360000,9235.3
140063,232453,232454,92390,1,1,360000,9239.1
140063,232425,232427,92362,2,1,360000,9236.4
140063,232431,232433,92368,2,1,360000,9237.0
140063,232448,232449,92385,1,1,360000,9238.6
140063,232436,232437,92373,1,1,360000,9237.4
140063,232442,232444,92379,2,1,360000,9238.1
140471,140477,140568,6,91,2,36000,1.06593406593
140546,140552,140568,6,16,2,36000,1.375
140665,140671,144422,6,3751,2,36000,1.00159957345
140666,140677,144087,11,3410,2,36000,1.00322580645
140668,140682,143687,14,3005,2,36000,1.00465890183
140669,140687,144074,18,3387,2,36000,1.00531443756
140670,140692,143917,22,3225,2,36000,1.00682170543
140672,140699,144054,27,3355,2,36000,1.00804769001
140673,140704,143644,31,2940,2,36000,1.01054421769
140674,140709,144065,35,3356,2,36000,1.01042908224
140676,140714,144319,38,3605,2,36000,1.0105409154
140677,140719,144221,42,3502,2,36000,1.01199314677
140678,140725,143961,47,3236,2,36000,1.01452410383
140680,140730,143817,50,3087,2,36000,1.01619695497
140681,140735,144082,54,3347,2,36000,1.01613385121
140682,140740,143999,58,3259,2,36000,1.01779687021
140684,140745,143982,61,3237,2,36000,1.01884460921
140685,140750,143950,65,3200,2,36000,1.0203125
140686,140756,144236,70,3480,2,36000,1.02011494253
140688,140761,143947,73,3186,2,36000,1.02291274325
140689,140766,143546,77,2780,2,36000,1.02769784173
140690,140771,143990,81,3219,2,36000,1.02516309413
140692,140776,144073,84,3297,2,36000,1.02547770701
140693,140781,144240,88,3459,2,36000,1.02544087887
140694,140788,144145,94,3357,2,36000,1.02800119154
140696,140793,144177,97,3384,2,36000,1.0286643026
140697,140798,143870,101,3072,2,36000,1.03287760417
140699,140804,144349,105,3545,2,36000,1.02961918195
140700,140809,144176,109,3367,2,36000,1.03237303237
140701,140814,143957,113,3143,2,36000,1.03595291123
140702,140819,144265,117,3446,2,36000,1.03395240859
140704,140824,144259,120,3435,2,36000,1.03493449782
140705,140830,144239,125,3409,2,36000,1.03666764447
140706,140835,143756,129,2921,2,36000,1.04416295789
140708,140840,144205,132,3365,2,36000,1.03922734027
140709,140845,143994,136,3149,2,36000,1.04318831375
140710,140850,143873,140,3023,2,36000,1.04631161098
140712,140855,143955,143,3100,2,36000,1.04612903226
140713,140861,144558,148,3697,2,36000,1.04003245875
140714,140866,144241,152,3375,2,36000,1.04503703704
140716,140871,144263,155,3392,2,36000,1.04569575472
140717,140876,144432,159,3556,2,36000,1.04471316085
140718,140881,144625,163,3744,2,36000,1.04353632479
140720,140886,144062,166,3176,2,36000,1.05226700252
140721,140892,144389,171,3497,2,36000,1.04889905633
140722,140897,144331,175,3434,2,36000,1.05096097845
140724,140902,144342,178,3440,2,36000,1.05174418605
140725,140907,144094,182,3187,2,36000,1.05710699718
140726,140912,143934,186,3022,2,36000,1.06154864328
140728,140917,144744,189,3827,2,36000,1.04938594199
140729,140923,143974,194,3051,2,36000,1.0635857096
140730,140928,144221,198,3293,2,36000,1.06012754327
140732,140933,143879,201,2946,2,36000,1.06822810591
140733,140938,144500,205,3562,2,36000,1.05755193711
140734,140943,145248,209,4305,2,36000,1.04854819977
140736,140948,144283,212,3335,2,36000,1.06356821589
140737,140954,144226,217,3272,2,36000,1.0663202934
140738,140959,144249,221,3290,2,36000,1.06717325228
140740,140964,144652,224,3688,2,36000,1.06073752711
140741,140969,144233,228,3264,2,36000,1.06985294118
140742,140974,144157,232,3183,2,36000,1.07288721332
140744,140979,143798,235,2819,2,36000,1.08336289464
140745,140985,144402,240,3417,2,36000,1.07023705004
140746,140990,144556,244,3566,2,36000,1.06842400449
140748,140995,144441,247,3446,2,36000,1.07167730702
140749,141000,144236,251,3236,2,36000,1.07756489493
140750,141005,144101,255,3096,2,36000,1.08236434109
140752,141010,144547,258,3537,2,36000,1.07294317218
140753,141016,144191,263,3175,2,36000,1.08283464567
140754,141021,144603,267,3582,2,36000,1.07453936348
140756,141026,144191,270,3165,2,36000,1.08530805687
140757,141031,144613,274,3582,2,36000,1.07649357901
141558,141564,146395,6,4831,2,28800,1.00124197889
142227,142233,147648,6,5415,2,28800,1.00110803324
142625,142631,142801,6,170,1,36000,1.03529411765
142629,142637,142803,8,166,1,36000,1.04819277108
142646,142652,142804,6,152,1,36000,1.03947368421
142650,142658,142805,8,147,1,36000,1.05442176871
142667,142673,142806,6,133,1,36000,1.04511278195
142671,142679,142769,8,90,1,36000,1.08888888889
142683,142689,142811,6,122,1,36000,1.04918032787
142687,142695,142812,8,117,1,36000,1.06837606838
142947,142953,148077,6,5124,2,28800,1.00117096019
143063,143069,143071,6,2,1,36000,1.0
143067,143075,143076,8,1,1,36000,1.0
143070,143081,143083,11,2,1,36000,1.3
143073,143086,143088,13,2,1,36000,1.5
143078,143092,143094,14,2,1,36000,1.6
143081,143097,143099,16,2,1,36000,1.8
143092,143103,143105,11,2,1,36000,1.3
143095,143108,143110,13,2,1,36000,1.5
143337,143343,144151,6,808,1,36000,1.00742574257
143340,143349,144851,9,1502,1,36000,1.00599201065
143352,143358,144001,6,643,1,36000,1.00933125972
143355,143364,145323,9,1959,1,36000,1.0045941807
143358,143369,143371,11,2,1,36000,1.3
143361,143380,143383,19,3,1,36000,2.2
143363,143375,148855,12,5480,2,28800,1.00218978102
143438,143444,144952,6,1508,1,36000,1.00397877984
143442,143450,145031,8,1581,1,36000,1.00506008855
143548,143554,146922,6,3368,2,36000,1.00178147268
143643,143650,160944,7,17294,1,36000,1.00040476466
143647,143656,147000,9,3344,2,36000,1.00269138756
143689,143696,146934,7,3238,2,36000,1.00216182829
143759,143765,147268,6,3503,2,36000,1.00171281758
143801,143807,146653,6,2846,2,36000,1.00210822207
143818,143824,147705,6,3881,2,36000,1.0015459933
143822,143830,150738,8,6908,2,28800,1.00115807759
143873,143879,148215,6,4336,2,36000,1.00138376384
143887,143893,147363,6,3470,2,36000,1.00172910663
143888,143899,146644,11,2745,2,36000,1.00400728597
143919,143925,147460,6,3535,2,36000,1.00169731259
143937,143943,147417,6,3474,2,36000,1.00172711572
143952,143958,147476,6,3518,2,36000,1.0017055145
143953,143964,147414,11,3450,2,36000,1.0031884058
143968,143974,147131,6,3157,2,36000,1.00190053849
143970,143980,147383,10,3403,2,36000,1.0029385836
143971,143985,146841,14,2856,2,36000,1.00490196078
143986,143992,147038,6,3046,2,36000,1.00196979645
143987,143998,147430,11,3432,2,36000,1.00320512821
144004,144010,147299,6,3289,2,36000,1.00182426269
144006,144016,147220,10,3204,2,36000,1.00312109863
144007,144021,147597,14,3576,2,36000,1.00391498881
144055,144062,147436,7,3374,2,36000,1.0020746888
144071,144077,147467,6,3390,2,36000,1.0017699115
144072,144083,147227,11,3144,2,36000,1.00349872774
144089,144095,147496,6,3401,2,36000,1.001764187
144090,144101,147694,11,3593,2,36000,1.00306150849
144092,144106,147419,14,3313,2,36000,1.00422577724
144093,144111,147605,18,3494,2,36000,1.00515168861
144108,144117,147950,9,3833,2,36000,1.00234803026
144109,144122,147624,13,3502,2,36000,1.00371216448
144148,144154,147454,6,3300,2,36000,1.00181818182
144163,144169,147856,6,3687,2,36000,1.0016273393
144179,144185,147234,6,3049,2,36000,1.00196785831
144180,144191,147137,11,2946,2,36000,1.00373387644
144195,144201,147430,6,3229,2,36000,1.00185816042
144196,144207,147581,11,3374,2,36000,1.00326022525
144211,144217,147656,6,3439,2,36000,1.00174469322
144227,144233,147023,6,2790,2,36000,1.00215053763
144228,144239,147587,11,3348,2,36000,1.00328554361
144229,144244,147602,15,3358,2,36000,1.00446694461
144246,144252,147982,6,3730,2,36000,1.00160857909
144247,144258,147636,11,3378,2,36000,1.00325636471
144249,144263,147882,14,3619,2,36000,1.00386847195
144250,144268,147264,18,2996,2,36000,1.00600801068
144251,144273,147243,22,2970,2,36000,1.00740740741
144253,144280,147666,27,3386,2,36000,1.00797401063
144269,144286,147162,17,2876,2,36000,1.00591098748
144270,144291,147407,21,3116,2,36000,1.0067394095
144271,144296,148016,25,3720,2,36000,1.00672043011
144273,144301,147714,28,3413,2,36000,1.00820392616
144288,144307,147412,19,3105,2,36000,1.00611916264
144321,144327,147896,6,3569,2,36000,1.00168114318
144336,144342,147703,6,3361,2,36000,1.00178518298
144351,144357,147883,6,3526,2,36000,1.00170164492
144352,144363,147486,11,3123,2,36000,1.00352225424
144391,144398,147461,7,3063,2,36000,1.00228534117
144406,144412,147215,6,2803,2,36000,1.00214056368
144424,144430,147817,6,3387,2,36000,1.00177147919
144439,144446,147812,7,3366,2,36000,1.00207961973
144454,144460,147535,6,3075,2,36000,1.00195121951
144502,144508,147939,6,3431,2,36000,1.00174876129
144548,144554,147695,6,3141,2,36000,1.00191021968
144563,144569,147681,6,3112,2,36000,1.00192802057
144564,144575,147665,11,3090,2,36000,1.00355987055
144603,144610,147794,7,3184,2,36000,1.00219849246
144618,144624,148260,6,3636,2,36000,1.00165016502
144633,144639,148027,6,3388,2,36000,1.00177095632
144654,144660,147586,6,2926,2,36000,1.002050581
144744,144750,148284,6,3534,2,36000,1.00169779287
144890,144896,144956,6,60,1,36000,1.1
144893,144902,145057,9,155,1,36000,1.05806451613
145019,166399,166437,21380,38,14,1980,563.631578947
145052,145058,149394,6,4336,2,28800,1.00138376384
145249,145256,148317,7,3061,2,36000,1.00228683437
145311,145335,181355,24,36020,4,36000,1.0006662965
145456,147018,147092,1562,74,1,3600,22.1081081081
145467,147013,148836,1546,1823,1,1800,1.84805266045
145485,146406,152560,921,6154,2,28800,1.14965875853
145812,146658,150144,846,3486,2,28800,1.24268502582
146143,146665,152936,522,6271,2,28800,1.08324031255
146321,146936,190147,615,43211,2,43200,1.0142324871
146619,146854,151922,235,5068,2,28800,1.04636937648
146646,146652,149932,6,3280,2,36000,1.00182926829
146661,146671,149896,10,3225,2,36000,1.00310077519
146842,146848,150144,6,3296,2,36000,1.00182038835
146924,146930,150405,6,3475,2,36000,1.00172661871
146939,146944,149991,5,3047,2,36000,1.00164095832
147001,147007,150426,6,3419,2,36000,1.00175489909
147025,147031,150672,6,3641,2,36000,1.00164789893
147040,147046,150613,6,3567,2,36000,1.00168208579
147134,147140,150574,6,3434,2,36000,1.00174723355
147148,147154,150218,6,3064,2,36000,1.00195822454
147163,147169,150378,6,3209,2,36000,1.00186974135
147218,147224,150608,6,3384,2,36000,1.00177304965
147233,147239,150169,6,2930,2,36000,1.00204778157
147234,147245,150610,11,3365,2,36000,1.00326894502
147249,147256,150115,7,2859,2,36000,1.00244840853
147251,147262,150394,11,3132,2,36000,1.00351213282
147266,147272,151343,6,4071,2,36000,1.00147383935
147281,147287,150151,6,2864,2,36000,1.00209497207
147301,147308,150516,7,3208,2,36000,1.00218204489
147365,147371,150909,6,3538,2,36000,1.00169587337
147383,147389,150838,6,3449,2,36000,1.00173963468
147412,147418,150811,6,3393,2,36000,1.0017683466
147413,147424,150983,11,3559,2,36000,1.00309075583
147429,147436,150373,7,2937,2,36000,1.00238338441
147431,147441,150503,10,3062,2,36000,1.00326583932
147432,147447,150726,15,3279,2,36000,1.00457456542
147447,147453,150646,6,3193,2,36000,1.00187911055
147448,147459,150652,11,3193,2,36000,1.00344503602
147450,147464,150991,14,3527,2,36000,1.00396937908
147466,147472,151015,6,3543,2,36000,1.0016934801
147467,147478,151027,11,3549,2,36000,1.00309946464
147468,147483,150703,15,3220,2,36000,1.00465838509
147484,147490,150580,6,3090,2,36000,1.00194174757
147486,147496,150635,10,3139,2,36000,1.00318572794
147501,147506,150760,5,3254,2,36000,1.00153657037
147502,147513,150883,11,3370,2,36000,1.00326409496
147535,147542,150966,7,3424,2,36000,1.00204439252
147584,147590,151259,6,3669,2,36000,1.00163532298
147599,147605,150780,6,3175,2,36000,1.00188976378
147600,147611,150484,11,2873,2,36000,1.00382875044
147602,147616,150983,14,3367,2,36000,1.00415800416
147617,147623,150921,6,3298,2,36000,1.00181928441
147618,147629,151019,11,3390,2,36000,1.00324483776
147633,147639,150987,6,3348,2,36000,1.0017921147
147648,147654,150626,6,2972,2,36000,1.00201884253
147663,147669,151225,6,3556,2,36000,1.00168728909
147678,147684,151194,6,3510,2,36000,1.00170940171
147679,147690,150924,11,3234,2,36000,1.00340136054
147695,147701,150503,6,2802,2,36000,1.00214132762
147696,147707,151534,11,3827,2,36000,1.00287431408
147712,147719,150923,7,3204,2,36000,1.00218476904
147714,147725,151172,11,3447,2,36000,1.00319118074
147715,147730,151071,15,3341,2,36000,1.00448967375
147730,147740,150657,10,2917,2,36000,1.00342817964
147797,147803,151214,6,3411,2,36000,1.00175901495
147812,147818,151426,6,3608,2,36000,1.00166297118
147827,147833,151072,6,3239,2,36000,1.00185242359
147857,147863,151272,6,3409,2,36000,1.00176004693
147884,147891,150427,7,2536,2,36000,1.00276025237
147886,147897,150959,11,3062,2,36000,1.00359242325
147901,147907,151389,6,3482,2,36000,1.00172314762
147940,147946,151226,6,3280,2,36000,1.00182926829
147955,147961,151624,6,3663,2,36000,1.00163800164
147985,147991,151173,6,3182,2,36000,1.00188560654
148020,148026,151083,6,3057,2,36000,1.00196270854
148034,148041,151124,7,3083,2,36000,1.00227051573
148217,148223,151495,6,3272,2,36000,1.00183374083
148262,148268,151498,6,3230,2,36000,1.00185758514
148286,148292,151530,6,3238,2,36000,1.00185299568
148319,148325,151377,6,3052,2,36000,1.00196592398
149898,149904,153112,6,3208,2,36000,1.00187032419
149934,149940,153321,6,3381,2,36000,1.00177462289
149992,149998,153124,6,3126,2,36000,1.0019193858
150115,150121,153297,6,3176,2,36000,1.00188916877
150145,150152,153397,7,3245,2,36000,1.00215716487
150160,150166,153256,6,3090,2,36000,1.00194174757
150163,150172,150174,9,2,1,60,1.1
150175,150181,153086,6,2905,2,36000,1.00206540448
150220,150227,153443,7,3216,2,36000,1.00217661692
150222,150233,150234,11,1,1,60,1.2
150272,150278,150279,6,1,1,60,1.0
150331,150337,150338,6,1,1,60,1.0
150359,150366,150367,7,1,1,60,1.0
150374,150380,153555,6,3175,2,36000,1.00188976378
150390,150396,153572,6,3176,2,36000,1.00188916877
150405,150411,153587,6,3176,2,36000,1.00188916877
150420,150426,153786,6,3360,2,36000,1.00178571429
150435,150441,153636,6,3195,2,36000,1.00187793427
150436,150447,153411,11,2964,2,36000,1.00371120108
150484,150491,153774,7,3283,2,36000,1.00213219616
150506,150512,153599,6,3087,2,36000,1.0019436346
150507,150518,153974,11,3456,2,36000,1.00318287037
150522,150528,154008,6,3480,2,36000,1.00172413793
150577,150583,153838,6,3255,2,36000,1.00184331797
150591,150598,153884,7,3286,2,36000,1.00213024954
150609,150616,153440,7,2824,2,36000,1.00247875354
150625,150631,153291,6,2660,2,36000,1.0022556391
150626,150637,153812,11,3175,2,36000,1.00346456693
150641,150647,153921,6,3274,2,36000,1.00183262065
150643,150653,153532,10,2879,2,36000,1.00347342827
150658,150663,154093,5,3430,2,36000,1.00145772595
150659,150669,154271,10,3602,2,36000,1.00277623542
150660,150674,153643,14,2969,2,36000,1.00471539239
150675,150681,153811,6,3130,2,36000,1.00191693291
150705,150711,153547,6,2836,2,36000,1.00211565585
150729,150735,154058,6,3323,2,36000,1.00180559735
150762,150768,153846,6,3078,2,36000,1.00194931774
150783,150790,154071,7,3281,2,36000,1.00213349589
150814,150820,153799,6,2979,2,36000,1.00201409869
150841,150847,154235,6,3388,2,36000,1.00177095632
150883,150889,154217,6,3328,2,36000,1.00180288462
150910,150916,154306,6,3390,2,36000,1.0017699115
150926,150932,154397,6,3465,2,36000,1.00173160173
150927,150938,153904,11,2966,2,36000,1.00370869858
150929,150943,154333,14,3390,2,36000,1.00412979351
150962,150968,154503,6,3535,2,36000,1.00169731259
150977,150983,154512,6,3529,2,36000,1.00170019836
150993,150999,154140,6,3141,2,36000,1.00191021968
150994,151005,154054,11,3049,2,36000,1.00360774024
150996,151010,154246,14,3236,2,36000,1.0043263288
150997,151015,154529,18,3514,2,36000,1.00512236767
151015,151021,154520,6,3499,2,36000,1.00171477565
151030,151036,154516,6,3480,2,36000,1.00172413793
151032,151042,154690,10,3648,2,36000,1.00274122807
151074,151080,154339,6,3259,2,36000,1.00184105554
151075,151086,153925,11,2839,2,36000,1.00387460373
151090,151096,154704,6,3608,2,36000,1.00166297118
151126,151132,154047,6,2915,2,36000,1.00205831904
151175,151181,154419,6,3238,2,36000,1.00185299568
151176,151187,154069,11,2882,2,36000,1.00381679389
151194,151200,154274,6,3074,2,36000,1.00195185426
151215,151222,154860,7,3638,2,36000,1.00192413414
151231,151237,154881,6,3644,2,36000,1.00164654226
151232,151243,154400,11,3157,2,36000,1.00348432056
151262,151268,154356,6,3088,2,36000,1.00194300518
151277,151283,154655,6,3372,2,36000,1.00177935943
151346,151352,155294,6,3942,2,36000,1.00152207002
151377,151384,154727,7,3343,2,36000,1.00209392761
151392,151398,154742,6,3344,2,36000,1.00179425837
151428,151434,154904,6,3470,2,36000,1.00172910663
151499,151505,154527,6,3022,2,36000,1.00198544011
151500,151511,154609,11,3098,2,36000,1.00355067786
151532,151538,155193,6,3655,2,36000,1.00164158687
151546,151553,155035,7,3482,2,36000,1.00201033889
151625,151631,154948,6,3317,2,36000,1.00180886343
151655,151661,151663,6,2,1,60,1.0
151751,151757,151758,6,1,1,60,1.0
151792,151798,151809,6,11,1,60,1.54545454545
151898,151904,151914,6,10,1,60,1.6
151939,151945,151989,6,44,1,3600,1.13636363636
152087,152093,152157,6,64,1,3600,1.09375
152249,152255,152290,6,35,1,3600,1.17142857143
152479,152486,152618,7,132,1,3600,1.05303030303
153086,153092,156639,6,3547,2,36000,1.00169157034
153113,153119,156642,6,3523,2,36000,1.00170309395
153128,153134,156312,6,3178,2,36000,1.00188797986
153258,153264,156456,6,3192,2,36000,1.00187969925
153291,153297,156511,6,3214,2,36000,1.00186683261
153306,153312,156088,6,2776,2,36000,1.00216138329
153324,153330,156445,6,3115,2,36000,1.00192616372
153399,153405,156738,6,3333,2,36000,1.00180018002
153414,153420,157031,6,3611,2,36000,1.00166158959
153441,153447,156790,6,3343,2,36000,1.00179479509
153456,153462,156876,6,3414,2,36000,1.00175746924
153534,153540,156544,6,3004,2,36000,1.00199733688
153550,153556,158221,6,4665,2,36000,1.00128617363
153565,153571,157143,6,3572,2,36000,1.00167973124
153580,153586,157002,6,3416,2,36000,1.00175644028
153595,153602,156534,7,2932,2,36000,1.00238744884
153610,153616,156960,6,3344,2,36000,1.00179425837
153637,153643,156974,6,3331,2,36000,1.00180126088
153652,153658,157136,6,3478,2,36000,1.00172512938
153776,153782,157233,6,3451,2,36000,1.00173862649
153792,153797,156673,5,2876,2,36000,1.00173852573
153807,153813,157272,6,3459,2,36000,1.00173460538
153822,153828,157425,6,3597,2,36000,1.00166805671
153823,153834,157051,11,3217,2,36000,1.00341933478
153841,153847,157473,6,3626,2,36000,1.00165471594
153856,153862,157282,6,3420,2,36000,1.00175438596
153886,153892,156734,6,2842,2,36000,1.0021111893
153907,153913,157509,6,3596,2,36000,1.00166852058
153922,153928,157636,6,3708,2,36000,1.00161812298
153937,153943,157415,6,3472,2,36000,1.0017281106
153976,153982,156676,6,2694,2,36000,1.00222717149
154009,154015,157625,6,3610,2,36000,1.00166204986
154049,154055,156800,6,2745,2,36000,1.00218579235
154060,154066,154067,6,1,1,18000,1.0
154064,154072,157116,8,3044,2,36000,1.00262812089
154065,154077,157223,12,3146,2,36000,1.00381436745
154080,154086,157032,6,2946,2,36000,1.00203665988
154081,154092,157149,11,3057,2,36000,1.00359829899
154096,154102,157719,6,3617,2,36000,1.00165883329
154141,154148,156859,7,2711,2,36000,1.00258207304
154167,154173,158761,6,4588,1,18000,1.00130775937
154217,154223,158004,6,3781,2,36000,1.00158688178
154235,154241,157536,6,3295,2,36000,1.00182094082
154250,154256,157334,6,3078,2,36000,1.00194931774
154274,154280,157530,6,3250,2,36000,1.00184615385
154289,154295,157551,6,3256,2,36000,1.00184275184
154307,154313,157887,6,3574,2,36000,1.00167879127
154334,154340,157785,6,3445,2,36000,1.00174165457
154349,154355,157244,6,2889,2,36000,1.0020768432
154364,154370,157764,6,3394,2,36000,1.00176782557
154400,154406,158117,6,3711,2,36000,1.00161681487
154415,154421,157990,6,3569,2,36000,1.00168114318
154430,154436,157825,6,3389,2,36000,1.00177043376
154505,154511,157171,6,2660,2,36000,1.0022556391
154521,154527,157625,6,3098,2,36000,1.00193673338
154522,154533,157508,11,2975,2,36000,1.00369747899
154524,154538,157678,14,3140,2,36000,1.00445859873
154539,154544,157677,5,3133,2,36000,1.00159591446
154540,154550,157738,10,3188,2,36000,1.00313676286
154609,154615,157716,6,3101,2,36000,1.00193485972
154657,154664,157955,7,3291,2,36000,1.00212701307
154690,154697,158010,7,3313,2,36000,1.00211288862
154706,154712,157895,6,3183,2,36000,1.00188501414
154730,154736,157763,6,3027,2,36000,1.00198216056
154745,154751,158010,6,3259,2,36000,1.00184105554
154863,154869,158518,6,3649,2,36000,1.00164428611
154884,154890,158205,6,3315,2,36000,1.00180995475
154905,154911,158277,6,3366,2,36000,1.00178253119
154950,154956,158107,6,3151,2,36000,1.00190415741
155038,155044,158642,6,3598,2,36000,1.00166759311
155195,155201,158724,6,3523,2,36000,1.00170309395
155294,155300,158681,6,3381,2,36000,1.00177462289
155986,155992,155994,6,2,2,3540,1.0
156093,156099,159159,6,3060,2,36000,1.00196078431
156313,156319,159242,6,2923,2,36000,1.0020526856
156445,156452,159159,7,2707,2,36000,1.00258588844
156460,156466,159418,6,2952,2,36000,1.00203252033
156512,156518,159540,6,3022,2,36000,1.00198544011
156535,156541,159813,6,3272,2,36000,1.00183374083
156550,156556,159558,6,3002,2,36000,1.00199866755
156641,156647,159965,6,3318,2,36000,1.00180831826
156655,156661,159753,6,3092,2,36000,1.00194049159
156676,156683,160046,7,3363,2,36000,1.00208147487
156678,156689,159877,11,3188,2,36000,1.00345043915
156732,156738,160106,6,3368,2,36000,1.00178147268
156747,156753,160088,6,3335,2,36000,1.00179910045
156792,156798,160069,6,3271,2,36000,1.00183430144
156807,156813,159832,6,3019,2,36000,1.00198741305
156861,156867,160323,6,3456,2,36000,1.00173611111
156879,156885,160147,6,3262,2,36000,1.00183936235
156963,156969,159968,6,2999,2,36000,1.00200066689
156976,157050,162593,74,5543,8,14400,1.01335017139
156978,156984,160269,6,3285,2,36000,1.00182648402
157005,157011,159961,6,2950,2,36000,1.00203389831
157032,157039,159858,7,2819,2,36000,1.00248315005
157034,157044,160300,10,3256,2,36000,1.00307125307
157052,157058,160053,6,2995,2,36000,1.0020033389
157118,157124,160212,6,3088,2,36000,1.00194300518
157139,157145,161193,6,4048,2,36000,1.00148221344
157154,157160,160675,6,3515,2,36000,1.00170697013
157155,157166,160896,11,3730,2,36000,1.00294906166
157173,157179,160794,6,3615,2,36000,1.00165975104
157224,157231,160205,7,2974,2,36000,1.00235373235
157239,157245,160756,6,3511,2,36000,1.00170891484
157254,157260,160462,6,3202,2,36000,1.00187382886
157272,157278,160885,6,3607,2,36000,1.00166343222
157287,157293,160342,6,3049,2,36000,1.00196785831
157333,232458,232585,75125,127,2,360000,592.535433071
157335,157341,160681,6,3340,2,36000,1.00179640719
157384,232554,428494,75170,195940,1,432000,1.38363784832
157417,157423,160326,6,2903,2,36000,1.00206682742
157419,232564,427619,75145,195055,1,432000,1.38525031401
157423,232570,440519,75147,207949,1,432000,1.36137225954
157427,232575,434721,75148,202146,1,432000,1.37175111058
157430,232581,438326,75151,205745,1,432000,1.36526282534
157432,157438,160225,6,2787,2,36000,1.00215285253
157433,232586,436457,75153,203871,1,432000,1.36863016319
157435,232592,441628,75157,209036,1,432000,1.35954094032
157437,232597,426860,75160,194263,1,432000,1.38689817412
157439,232602,429431,75163,196829,1,432000,1.38186954158
157474,157480,160555,6,3075,2,36000,1.00195121951
157499,232613,437132,75114,204519,1,432000,1.36727150045
157501,232619,459692,75118,227073,1,432000,1.33080991575
157504,232624,446927,75120,214303,1,432000,1.35053172377
157507,232630,430589,75123,197959,1,432000,1.37948767169
157510,232635,437505,75125,204870,1,432000,1.36669595353
157511,157516,160772,5,3256,2,36000,1.00153562654
157512,157522,161100,10,3578,2,36000,1.00279485746
157513,232641,442857,75128,210216,1,432000,1.35738478517
157515,232646,442899,75131,210253,1,432000,1.35733616167
157518,232652,449292,75134,216640,1,432000,1.34681499261
157520,232657,438582,75137,205925,1,432000,1.36487556149
157523,232663,435152,75140,202489,1,432000,1.37108188593
157526,232668,426356,75142,193688,1,432000,1.38795382264
157528,232674,451910,75146,219236,1,432000,1.34276304986
157531,232679,440415,75148,207736,1,432000,1.36174760273
157533,157539,160578,6,3039,2,36000,1.00197433366
157534,232685,430935,75151,198250,1,432000,1.37907187894
157538,232695,437233,75157,204538,1,432000,1.36744761365
157548,157554,160839,6,3285,2,36000,1.00182648402
157563,157569,160695,6,3126,2,36000,1.0019193858
157627,157633,160629,6,2996,2,36000,1.00200267023
157628,157639,160705,11,3066,2,36000,1.00358773646
157643,157649,160758,6,3109,2,36000,1.00192988099
157679,157686,160750,7,3064,2,36000,1.0022845953
157681,157691,161405,10,3714,2,36000,1.00269251481
157717,157723,160753,6,3030,2,36000,1.00198019802
157732,157738,160984,6,3246,2,36000,1.00184842884
157747,157753,160494,6,2741,2,36000,1.00218898212
157765,157771,161289,6,3518,2,36000,1.0017055145
157766,157777,161361,11,3584,2,36000,1.00306919643
157787,157793,160912,6,3119,2,36000,1.00192369349
157826,157832,160688,6,2856,2,36000,1.00210084034
157889,157895,161540,6,3645,2,36000,1.00164609053
157904,157910,161072,6,3162,2,36000,1.00189753321
157955,157962,160828,7,2866,2,36000,1.00244242847
157992,157998,161777,6,3779,2,36000,1.00158772162
158007,158013,161370,6,3357,2,36000,1.0017873101
158022,158028,161261,6,3233,2,36000,1.00185586143
158023,158034,161118,11,3084,2,36000,1.00356679637
158108,158115,161238,7,3123,2,36000,1.00224143452
158124,158130,162085,6,3955,2,36000,1.001517067
158206,158212,161367,6,3155,2,36000,1.00190174326
158224,158230,161093,6,2863,2,36000,1.00209570381
158278,158284,161305,6,3021,2,36000,1.00198609732
158351,159977,197675,1626,37698,6,39600,1.04313226166
158520,158526,161954,6,3428,2,36000,1.00175029172
158646,158652,161752,6,3100,2,36000,1.00193548387
158682,158688,162125,6,3437,2,36000,1.00174570847
158727,158733,161895,6,3162,2,36000,1.00189753321
159161,159168,162299,7,3131,2,36000,1.00223570744
159163,159173,162590,10,3417,2,36000,1.00292654375
159244,159250,162454,6,3204,2,36000,1.00187265918
159419,159425,162644,6,3219,2,36000,1.0018639329
159433,159439,188056,6,28617,1,28800,1.00020966558
159543,159549,162370,6,2821,2,36000,1.00212690535
159561,159567,162339,6,2772,2,36000,1.00216450216
159754,159760,163024,6,3264,2,36000,1.00183823529
159814,159820,163018,6,3198,2,36000,1.00187617261
159835,159841,163245,6,3404,2,36000,1.0017626322
159859,159865,162883,6,3018,2,36000,1.00198807157
159880,159886,163514,6,3628,2,36000,1.00165380375
159964,159971,163041,7,3070,2,36000,1.00228013029
159979,159986,163455,7,3469,2,36000,1.00201787259
159981,159991,162967,10,2976,2,36000,1.00336021505
160047,160054,163366,7,3312,2,36000,1.00211352657
160062,160068,163218,6,3150,2,36000,1.0019047619
160077,160083,163104,6,3021,2,36000,1.00198609732
160092,160098,162814,6,2716,2,36000,1.00220913108
160110,160116,163415,6,3299,2,36000,1.00181873295
160149,160155,162991,6,2836,2,36000,1.00211565585
160206,160212,163923,6,3711,2,36000,1.00161681487
160221,160227,163355,6,3128,2,36000,1.00191815857
160236,160242,163270,6,3028,2,36000,1.00198150594
160272,160278,163618,6,3340,2,36000,1.00179640719
160302,160308,163492,6,3184,2,36000,1.00188442211
160326,160332,163961,6,3629,2,36000,1.00165334803
160327,160338,163622,11,3284,2,36000,1.00334957369
160345,160351,163746,6,3395,2,36000,1.00176730486
160463,160469,163352,6,2883,2,36000,1.00208116545
160496,160502,163847,6,3345,2,36000,1.00179372197
160556,160562,163411,6,2849,2,36000,1.00210600211
160580,160586,164040,6,3454,2,36000,1.00173711639
160631,160637,164509,6,3872,2,36000,1.00154958678
160676,160682,163903,6,3221,2,36000,1.00186277554
160691,160698,163980,7,3282,2,36000,1.00213284583
160693,160703,164243,10,3540,2,36000,1.00282485876
160708,160714,164427,6,3713,2,36000,1.00161594398
160709,160720,163963,11,3243,2,36000,1.00339192106
160751,160757,163907,6,3150,2,36000,1.0019047619
160766,160773,163820,7,3047,2,36000,1.00229734165
160768,160779,164096,11,3317,2,36000,1.00331624962
160769,160784,163829,15,3045,2,36000,1.00492610837
160784,160790,163996,6,3206,2,36000,1.00187149095
160799,160805,163714,6,2909,2,36000,1.00206256446
160829,160835,164141,6,3306,2,36000,1.00181488203
160843,160849,163843,6,2994,2,36000,1.00200400802
160886,160892,164316,6,3424,2,36000,1.00175233645
160901,160907,164160,6,3253,2,36000,1.00184445128
160915,160922,164412,7,3490,2,36000,1.00200573066
160985,160991,164071,6,3080,2,36000,1.00194805195
161076,161082,163870,6,2788,2,36000,1.00215208034
161095,161101,164185,6,3084,2,36000,1.00194552529
161110,161116,164305,6,3189,2,36000,1.00188146754
161125,161131,164678,6,3547,2,36000,1.00169157034
161195,161202,164224,7,3022,2,36000,1.00231634679
161238,161244,164444,6,3200,2,36000,1.001875
161262,161269,164005,7,2736,2,36000,1.00255847953
161290,161296,164429,6,3133,2,36000,1.00191509735
161308,161314,164603,6,3289,2,36000,1.00182426269
161359,161365,164265,6,2900,2,36000,1.00206896552
161374,161381,164566,7,3185,2,36000,1.0021978022
161376,161387,164417,11,3030,2,36000,1.00363036304
161406,161412,164324,6,2912,2,36000,1.00206043956
161542,161548,164628,6,3080,2,36000,1.00194805195
161753,161759,164845,6,3086,2,36000,1.00194426442
161780,161786,165006,6,3220,2,36000,1.00186335404
161898,161905,164459,7,2554,2,36000,1.00274079875
161956,161962,165367,6,3405,2,36000,1.00176211454
162088,162095,165221,7,3126,2,36000,1.00223928343
162128,162134,165380,6,3246,2,36000,1.00184842884
162300,162306,165537,6,3231,2,36000,1.00185701021
162342,162348,165725,6,3377,2,36000,1.0017767249
162372,162378,165653,6,3275,2,36000,1.00183206107
162456,162462,165679,6,3217,2,36000,1.0018650917
162592,162598,165899,6,3301,2,36000,1.00181763102
162647,162653,165960,6,3307,2,36000,1.00181433323
162816,162822,165627,6,2805,2,36000,1.00213903743
162885,162892,165543,7,2651,2,36000,1.00264051301
162967,162973,166057,6,3084,2,36000,1.00194552529
162994,163000,166387,6,3387,2,36000,1.00177147919
163018,163024,165916,6,2892,2,36000,1.0020746888
163033,163039,166468,6,3429,2,36000,1.00174978128
163048,163054,166575,6,3521,2,36000,1.00170406135
163105,163111,166225,6,3114,2,36000,1.00192678227
163159,163368,168548,209,5180,8,9000,1.04034749035
163193,165910,171030,2717,5120,8,9000,1.5306640625
163220,163226,166743,6,3517,2,36000,1.00170599943
163247,163253,166032,6,2779,2,36000,1.00215905002
163271,163277,166757,6,3480,2,36000,1.00172413793
163356,163362,166180,6,2818,2,36000,1.00212916962
163357,163373,166339,16,2966,2,36000,1.00539447067
163372,163380,166290,8,2910,2,36000,1.00274914089
163414,163420,166865,6,3445,2,36000,1.00174165457
163429,163435,167193,6,3758,2,36000,1.00159659393
163456,163462,166593,6,3131,2,36000,1.00191632066
163489,163495,166583,6,3088,2,36000,1.00194300518
163516,163522,166557,6,3035,2,36000,1.00197693575
163619,163625,166603,6,2978,2,36000,1.00201477502
163633,163640,166810,7,3170,2,36000,1.00220820189
163666,163727,163748,61,21,1,36000,3.90476190476
163666,163672,163701,6,29,1,36000,1.20689655172
163666,163748,163753,82,5,1,36000,8.7
163666,163732,163752,66,20,1,36000,4.3
163666,163712,163737,46,25,1,36000,2.84
163715,163721,167174,6,3453,2,36000,1.00173761946
163748,163754,167103,6,3349,2,36000,1.00179157958
163821,163827,167387,6,3560,2,36000,1.00168539326
163836,163842,167199,6,3357,2,36000,1.0017873101
163851,163857,167409,6,3552,2,36000,1.00168918919
163852,163863,167267,11,3404,2,36000,1.00323149236
163873,163879,166547,6,2668,2,36000,1.00224887556
163903,163910,167290,7,3380,2,36000,1.00207100592
163918,163924,166926,6,3002,2,36000,1.00199866755
163933,163939,166834,6,2895,2,36000,1.00207253886
163963,163970,166914,7,2944,2,36000,1.00237771739
163965,163975,167079,10,3104,2,36000,1.00322164948
163982,163989,166878,7,2889,2,36000,1.00242298373
163997,164004,167321,7,3317,2,36000,1.00211034067
164012,164018,167554,6,3536,2,36000,1.00169683258
164042,164048,167624,6,3576,2,36000,1.00167785235
164072,164079,167215,7,3136,2,36000,1.00223214286
164099,164106,167467,7,3361,2,36000,1.00208271348
164142,164148,167664,6,3516,2,36000,1.00170648464
164163,164169,167138,6,2969,2,36000,1.00202088245
164187,164193,167232,6,3039,2,36000,1.00197433366
164191,167398,167718,3207,320,64,300,11.021875
164226,164232,167513,6,3281,2,36000,1.00182871076
164243,164250,167093,7,2843,2,36000,1.00246218783
164267,164274,167606,7,3332,2,36000,1.00210084034
164307,164313,167134,6,2821,2,36000,1.00212690535
164322,164327,167723,5,3396,2,36000,1.00147232038
164336,164342,167770,6,3428,2,36000,1.00175029172
164415,164421,167551,6,3130,2,36000,1.00191693291
164430,164436,167469,6,3033,2,36000,1.00197823937
164431,164442,167950,11,3508,2,36000,1.00313568985
164433,164447,167302,14,2855,2,36000,1.00490367776
164448,164454,167304,6,2850,2,36000,1.00210526316
164463,164469,167613,6,3144,2,36000,1.00190839695
164511,164517,167592,6,3075,2,36000,1.00195121951
164568,164574,168227,6,3653,2,36000,1.00164248563
164604,164610,167390,6,2780,2,36000,1.00215827338
164631,164637,167905,6,3268,2,36000,1.00183598531
164680,164686,168254,6,3568,2,36000,1.00168161435
164846,164852,167708,6,2856,2,36000,1.00210084034
165010,165016,167770,6,2754,2,36000,1.00217864924
165222,165228,168917,6,3689,2,36000,1.00162645703
165370,165376,168470,6,3094,2,36000,1.00193923723
165384,165390,168153,6,2763,2,36000,1.00217155266
165539,165545,168663,6,3118,2,36000,1.00192431046
165554,165560,169152,6,3592,2,36000,1.00167037862
165629,232496,235901,66867,3405,2,36000,20.6378854626
165653,232502,235744,66849,3242,2,36000,21.6196792104
165680,232507,235495,66827,2988,2,36000,23.3651271754
165728,232512,235846,66784,3334,2,36000,21.0311937612
165900,232517,235758,66617,3241,2,36000,21.5544585005
165919,232522,236217,66603,3695,2,36000,19.0251691475
165961,232527,235777,66566,3250,2,36000,21.4818461538
166033,232533,236004,66500,3471,2,36000,20.1587438778
166057,232538,235585,66481,3047,2,36000,22.8185100098
166181,232543,236032,66362,3489,2,36000,20.0203496704
166227,232548,235740,66321,3192,2,36000,21.7772556391
166290,232559,235293,66269,2734,2,36000,25.2388441843
166341,232608,235753,66267,3145,2,36000,22.0705882353
166390,232690,236030,66300,3340,2,36000,20.8502994012
166471,232701,235916,66230,3215,2,36000,21.600311042
166546,232706,236162,66160,3456,2,36000,20.1435185185
166561,232711,235698,66150,2987,2,36000,23.145965852
166575,232716,235881,66141,3165,2,36000,21.8976303318
166590,232721,236281,66131,3560,2,36000,19.5761235955
166605,232726,235932,66121,3206,2,36000,21.6241422333
166607,232732,235770,66125,3038,2,36000,22.7659644503
166745,232737,235780,65992,3043,2,36000,22.6864935919
166760,232742,235656,65982,2914,2,36000,23.6431022649
166789,232991,233549,66202,558,1,36000,119.641577061
166812,232747,236371,65935,3624,2,36000,19.1939845475
166836,232752,235908,65916,3156,2,36000,21.8859315589
166866,232757,236450,65891,3693,2,36000,18.8421337666
166880,232763,235710,65883,2947,2,36000,23.3559552087
166916,232768,236313,65852,3545,2,36000,19.576022567
166931,232773,236302,65842,3529,2,36000,19.6574100312
167082,232778,236302,65696,3524,2,36000,19.6424517594
167097,232783,236152,65686,3369,2,36000,20.4971801722
167112,232788,235784,65676,2996,2,36000,22.9212283044
167136,232794,235956,65658,3162,2,36000,21.7647058824
167151,232799,236534,65648,3735,2,36000,18.5764390897
167175,232804,236035,65629,3231,2,36000,21.3122872176
167196,232809,235755,65613,2946,2,36000,23.2718940937
167210,232814,236256,65604,3442,2,36000,20.059848925
167225,232820,236501,65595,3681,2,36000,18.8198859006
167240,232825,236063,65585,3238,2,36000,21.2547869055
167267,232830,236030,65563,3200,2,36000,21.4884375
167291,232835,235684,65544,2849,2,36000,24.005967006
167306,232840,236027,65534,3187,2,36000,21.5629118293
167308,232845,236000,65537,3155,2,36000,21.7724247227
167323,232851,235946,65528,3095,2,36000,22.1722132472
167389,232856,236522,65467,3666,2,36000,18.8578832515
167405,232861,236577,65456,3716,2,36000,18.6146393972
167420,232866,235903,65446,3037,2,36000,22.5495554824
167466,232996,233828,65530,832,1,36000,79.7620192308
167468,232871,236052,65403,3181,2,36000,21.5605155611
167483,232876,235888,65393,3012,2,36000,22.7108233732
167516,232882,235999,65366,3117,2,36000,21.9708052615
167552,232887,236279,65335,3392,2,36000,20.2614976415
167567,232892,236503,65325,3611,2,36000,19.0905566325
167594,232897,236661,65303,3764,2,36000,18.3493623804
167609,232902,236027,65293,3125,2,36000,21.89376
167624,232907,235998,65283,3091,2,36000,22.1203494015
167625,232913,236195,65288,3282,2,36000,20.8927483242
167664,232918,236587,65254,3669,2,36000,18.7852275824
167710,232923,236048,65213,3125,2,36000,21.86816
167725,232928,236040,65203,3112,2,36000,21.9521208226
167773,232934,235832,65161,2898,2,36000,23.4848171153
167774,232939,236276,65165,3337,2,36000,20.5280191789
167907,232944,236107,65037,3163,2,36000,21.5618084097
167952,232949,235998,64997,3049,2,36000,22.3174811414
168154,232954,235774,64800,2820,2,36000,23.9787234043
168229,232959,236165,64730,3206,2,36000,21.190268247
168256,232965,236397,64709,3432,2,36000,19.8546037296
168470,232970,236088,64500,3118,2,36000,21.6863373958
168666,232975,235767,64309,2792,2,36000,24.0333094556
168918,232980,236380,64062,3400,2,36000,19.8417647059
169153,232985,235845,63832,2860,2,36000,23.3188811189
175278,175284,175596,6,312,64,300,1.01923076923
177699,177705,177706,6,1,2,3540,1.0
178412,178418,178588,6,170,1,3600,1.03529411765
178755,178761,179102,6,341,1,3600,1.01759530792
179405,179411,180233,6,822,1,3600,1.00729927007
181464,181470,181579,6,109,1,3600,1.05504587156
181744,181751,182066,7,315,1,3600,1.02222222222
182015,182021,182176,6,155,1,3600,1.03870967742
182353,182360,182704,7,344,1,3600,1.02034883721
182497,182503,183159,6,656,1,3600,1.00914634146
183031,183037,183864,6,827,1,3600,1.00725513906
185088,185094,185203,6,109,1,3600,1.05504587156
185375,185382,185695,7,313,1,3600,1.02236421725
185737,185743,185860,6,117,1,1800,1.05128205128
186124,186130,186713,6,583,1,3600,1.0102915952
186153,186159,186272,6,113,1,1800,1.05309734513
186933,186939,187514,6,575,1,1800,1.01043478261
189047,189053,189102,6,49,1,1800,1.12244897959
189321,189327,189446,6,119,1,1800,1.05042016807
189394,189401,189483,7,82,1,1800,1.08536585366
189754,189760,189852,6,92,1,1800,1.0652173913
190347,190354,190642,7,288,1,1800,1.02430555556
190515,190521,191081,6,560,1,1800,1.01071428571
192868,192874,192921,6,47,1,1800,1.12765957447
193246,193252,193324,6,72,1,1800,1.08333333333
194252,194259,194534,7,275,1,1800,1.02545454545
197210,233001,245428,35791,12427,2,36000,3.88009978273
200103,233407,234800,33304,1393,1,14400,24.9081119885
201329,233007,237348,31678,4341,2,28800,8.29739691315
204870,235114,248638,30244,13524,2,43200,3.2363206152
205084,233020,233027,27936,7,14,1980,2794.3
205122,235667,278912,30545,43245,2,43200,1.70632443057
206677,233122,314199,26445,81077,4,172800,1.32617141729
207859,233078,233404,25219,326,1,3600,78.3588957055
208586,233012,235103,24426,2091,2,28800,12.681492109
208773,233127,251158,24354,18031,4,18000,2.3506738395
209543,233038,267184,23495,34146,6,43200,1.68807473789
209701,233025,405875,23324,172850,18,172800,1.13493780735
210371,235119,343134,24748,108015,1,108000,1.22911632644
210371,235757,343786,25386,108029,1,108000,1.23499245573
210371,235762,343791,25391,108029,1,108000,1.2350387396
211458,235768,410739,24310,174971,1,252000,1.13893730961
211556,235774,426157,24218,190383,1,252000,1.1272067359
211567,235780,419248,24213,183468,1,252000,1.13197396821
211828,235785,435145,23957,199360,1,252000,1.12016954254
211848,235791,411872,23943,176081,1,252000,1.13597719231
211851,235797,428868,23946,193071,1,252000,1.12402691238
211854,235802,411721,23948,175919,1,252000,1.13613083294
211857,235807,413555,23950,177748,1,252000,1.13474131917
211860,235812,424003,23952,188191,1,252000,1.12727494939
211864,235817,421505,23953,185688,1,252000,1.1289959502
211866,235857,423077,23991,187220,1,252000,1.12814336075
211869,235862,425871,23993,190009,1,252000,1.12627296602
211871,235867,419943,23996,184076,1,252000,1.13035919946
211874,235892,412634,24018,176742,1,252000,1.13589299657
211877,235897,420986,24020,185089,1,252000,1.12977540535
211914,235912,417374,23998,181462,1,252000,1.13224807398
211917,235918,438456,24001,202538,1,252000,1.11850121952
211920,235924,431814,24004,195890,1,252000,1.12253815917
211922,235930,413124,24008,177194,1,252000,1.13548991501
211925,235936,415530,24011,179594,1,252000,1.13369600321
211928,235941,430648,24013,194707,1,252000,1.12332889932
211930,235948,424265,24018,188317,1,252000,1.12754026455
211932,235953,433968,24021,198015,1,252000,1.12130899174
211935,236016,423315,24081,187299,1,252000,1.12856982685
211937,236022,415869,24085,179847,1,252000,1.13391938703
211940,236041,410890,24101,174849,1,252000,1.13783893531
211943,236046,433853,24103,197807,1,252000,1.12185109728
211946,236052,427564,24106,191512,1,252000,1.12587200802
211948,236058,414560,24110,178502,1,252000,1.13506851464
211952,312289,498097,100337,185808,1,252000,1.54000365969
215751,235721,267348,19970,31627,3,82800,1.63142251873
215768,235751,267079,19983,31328,3,82800,1.63786389173
231360,240852,244306,9492,3454,2,28800,3.74811812391
231360,239909,244587,8549,4678,2,28800,2.8274903805
231360,236313,240880,4953,4567,2,28800,2.08451937815
231360,236324,240841,4964,4517,2,28800,2.09895948638
231360,237360,240875,6000,3515,2,28800,2.70697012802
231360,240886,244295,9526,3409,2,28800,3.79436784981
231360,238091,242221,6731,4130,2,28800,2.62978208232
231360,236292,239898,4932,3606,2,28800,2.36772046589
231360,240245,244209,8885,3964,2,28800,3.24142280525
231360,240892,243444,9532,2552,2,28800,4.73510971787
231360,236228,240056,4868,3828,2,28800,2.27168234065
231360,236173,236191,4813,18,2,43200,268.388888889
231360,240407,244245,9047,3838,2,28800,3.35721730068
231360,236382,240226,5022,3844,2,28800,2.3064516129
231360,233043,233110,1683,67,9,28800,26.1194029851
231360,240067,243990,8707,3923,2,28800,3.21947489166
231360,236202,244204,4842,8002,2,43200,1.60509872532
231360,236461,240385,5101,3924,2,28800,2.2999490316
231460,242232,245294,10772,3062,2,28800,4.51796211626
231517,231524,231529,7,5,2,3600,1.2
231523,231530,231533,7,3,2,3600,1.0
231547,243460,258014,11913,14554,2,43200,1.81853785901
231637,244215,258266,12578,14051,2,43200,1.89516760373
231732,244221,246601,12489,2380,2,28800,6.2474789916
231819,244256,246243,12437,1987,2,28800,7.25918470055
231913,244306,246093,12393,1787,2,28800,7.93508673755
231962,233560,238080,1598,4520,2,14400,1.35353982301
232005,244317,245811,12312,1494,2,28800,9.24096385542
232109,244598,250153,12489,5555,2,28800,3.24824482448
232192,245305,246943,13113,1638,2,28800,9.00549450549
232287,245439,255620,13152,10181,2,43200,2.29181809253
232378,245822,255220,13444,9398,2,43200,2.4305171313
233161,246105,274813,12944,28708,2,43200,1.4508847708
233390,235596,249602,2206,14006,9,28800,1.15750392689
236906,236912,240589,6,3677,2,36000,1.00163176503
236907,236918,240021,11,3103,2,36000,1.00354495649
236908,236923,239745,15,2822,2,36000,1.00531537916
236910,236928,240376,18,3448,2,36000,1.00522041763
236911,236933,239680,22,2747,2,36000,1.0080087368
236912,236939,239820,27,2881,2,36000,1.00937174592
236914,236945,239624,31,2679,2,36000,1.0115714819
236915,236950,239754,35,2804,2,36000,1.01248216833
236916,236955,239983,39,3028,2,36000,1.01287978864
236917,236960,240081,43,3121,2,36000,1.01377763537
236919,236965,240378,46,3413,2,36000,1.0134778787
236920,236971,239750,51,2779,2,36000,1.01835192515
236921,236976,240170,55,3194,2,36000,1.0172197871
236923,236981,239816,58,2835,2,36000,1.02045855379
236924,236986,240378,62,3392,2,36000,1.01827830189
236925,236991,240225,66,3234,2,36000,1.02040816327
236927,236996,240543,69,3547,2,36000,1.01945305892
236928,237002,239957,74,2955,2,36000,1.02504230118
236929,237007,240461,78,3454,2,36000,1.02258251303
236930,237012,240141,82,3129,2,36000,1.02620645574
236932,237017,240009,85,2992,2,36000,1.02840909091
236933,237022,240223,89,3201,2,36000,1.02780381131
236934,237027,240222,93,3195,2,36000,1.02910798122
236936,237033,240373,97,3340,2,36000,1.02904191617
236937,237038,240450,101,3412,2,36000,1.0296014068
236938,237043,239931,105,2888,2,36000,1.03635734072
236940,237048,240212,108,3164,2,36000,1.03413400759
236941,237054,240250,113,3196,2,36000,1.03535669587
236942,237059,240336,117,3277,2,36000,1.03570338724
236943,237064,240911,121,3847,2,36000,1.03145308032
236945,237070,239488,125,2418,2,36000,1.05169561621
236946,237075,240546,129,3471,2,36000,1.03716508211
236947,237080,240396,133,3316,2,36000,1.04010856454
236949,237085,240365,136,3280,2,36000,1.04146341463
236950,237090,239933,140,2843,2,36000,1.0492437566
236951,237095,240114,144,3019,2,36000,1.04769791322
236952,237101,240534,149,3433,2,36000,1.04340227207
236954,237106,240610,152,3504,2,36000,1.04337899543
236955,237116,240315,161,3199,2,36000,1.05032822757
236956,237121,240901,165,3780,2,36000,1.04365079365
236958,239499,242928,2541,3429,2,36000,1.74103237095
236959,239636,243244,2677,3608,2,36000,1.74196230599
236960,239691,242593,2731,2902,2,36000,1.94107512061
236962,239756,242837,2794,3081,2,36000,1.90684842584
236963,239762,243447,2799,3685,2,36000,1.75956580733
236964,239768,243139,2804,3371,2,36000,1.83180065263
236965,239827,242956,2862,3129,2,36000,1.91466922339
236967,239833,243204,2866,3371,2,36000,1.85019282112
236968,239942,242754,2974,2812,2,36000,2.05761024182
236969,239948,243702,2979,3754,2,36000,1.79355354289
236971,239969,242894,2998,2925,2,36000,2.02495726496
236972,239995,243523,3023,3528,2,36000,1.85685941043
236973,240020,242950,3047,2930,2,36000,2.03993174061
236975,240032,243236,3057,3204,2,36000,1.95411985019
236976,240093,243311,3117,3218,2,36000,1.96861404599
236977,240126,243443,3149,3317,2,36000,1.94935182394
236978,240153,243835,3175,3682,2,36000,1.86230309614
236980,240181,243257,3201,3076,2,36000,2.04063719116
236981,240224,243251,3243,3027,2,36000,2.07135777998
236982,240234,243519,3252,3285,2,36000,1.9899543379
236984,240239,243463,3255,3224,2,36000,2.00961538462
236985,240250,243426,3265,3176,2,36000,2.02802267003
236986,240261,243323,3275,3062,2,36000,2.06956237753
236988,240327,243607,3339,3280,2,36000,2.01798780488
236989,240348,243362,3359,3014,2,36000,2.11446582614
236990,240376,243496,3386,3120,2,36000,2.08525641026
236992,240384,243563,3392,3179,2,36000,2.06700220195
236993,240390,243460,3397,3070,2,36000,2.10651465798
236994,240395,243793,3401,3398,2,36000,2.00088287228
236996,240400,243373,3404,2973,2,36000,2.14497140935
240405,240413,243792,8,3379,2,36000,1.00236756437
240453,240462,243898,9,3436,2,36000,1.0026193248
240469,240475,243785,6,3310,2,36000,1.00181268882
240535,240545,243668,10,3123,2,36000,1.00320204931
240550,240556,243549,6,2993,2,36000,1.00200467758
240551,240562,243686,11,3124,2,36000,1.00352112676
240591,240600,243737,9,3137,2,36000,1.0028689831
240611,240621,243721,10,3100,2,36000,1.00322580645
240905,240913,244736,8,3823,2,36000,1.00209259744
240920,240926,243939,6,3013,2,36000,1.00199137073
241193,249613,249707,8420,94,14,1980,90.5744680851
242372,242378,242380,6,2,2,3540,1.0
242595,242604,245877,9,3273,2,36000,1.00274977085
242755,242765,245700,10,2935,2,36000,1.00340715503
242839,242848,245457,9,2609,2,36000,1.00344959755
242896,242906,246242,10,3336,2,36000,1.00299760192
242929,242939,246421,10,3482,2,36000,1.00287191269
242953,242961,246080,8,3119,2,36000,1.00256492466
242968,242974,246034,6,3060,2,36000,1.00196078431
243140,243150,246388,10,3238,2,36000,1.00308832613
243206,243215,245812,9,2597,2,36000,1.00346553716
243239,243248,246790,9,3542,2,36000,1.00254093732
243254,243260,246346,6,3086,2,36000,1.00194426442
243255,243266,246337,11,3071,2,36000,1.00358189515
243270,243276,246718,6,3442,2,36000,1.00174317257
243312,243323,246309,11,2986,2,36000,1.003683858
243327,243335,246402,8,3067,2,36000,1.00260841213
243363,243373,246557,10,3184,2,36000,1.00314070352
243378,243384,246650,6,3266,2,36000,1.00183710961
243429,243437,247248,8,3811,2,36000,1.00209918657
243444,243454,246660,10,3206,2,36000,1.00311915159
243459,243466,246681,7,3215,2,36000,1.00217729393
243474,243480,246199,6,2719,2,36000,1.00220669364
243475,243486,246689,11,3203,2,36000,1.00343428036
243499,243508,247877,9,4369,2,36000,1.00205996796
243520,243530,246960,10,3430,2,36000,1.0029154519
243534,243541,246929,7,3388,2,36000,1.0020661157
243549,243560,246854,11,3294,2,36000,1.00333940498
243564,243574,246629,10,3055,2,36000,1.00327332242
243609,243618,247532,9,3914,2,36000,1.00229943792
243669,243679,247117,10,3438,2,36000,1.00290866783
243687,243697,247286,10,3589,2,36000,1.00278629145
243705,243713,246913,8,3200,2,36000,1.0025
243723,243732,246796,9,3064,2,36000,1.00293733681
243738,243748,246909,10,3161,2,36000,1.00316355584
243786,243796,246845,10,3049,2,36000,1.00327976386
243801,243807,246763,6,2956,2,36000,1.00202976996
243802,243813,246828,11,3015,2,36000,1.00364842454
243835,243846,247192,11,3346,2,36000,1.00328750747
243844,249719,380442,5875,130723,6,356400,1.04494235903
243901,243910,246880,9,2970,2,36000,1.00303030303
243941,243951,247382,10,3431,2,36000,1.00291460216
244738,244748,247811,10,3063,2,36000,1.0032647731
245460,245468,248645,8,3177,2,36000,1.00251809884
245701,245712,249121,11,3409,2,36000,1.00322675271
245816,245828,249037,12,3209,2,36000,1.0037394827
245879,245888,249331,9,3443,2,36000,1.00261399942
246035,246045,249074,10,3029,2,36000,1.00330141961
246080,246091,249589,11,3498,2,36000,1.00314465409
246200,246210,249320,10,3110,2,36000,1.00321543408
246243,246253,249349,10,3096,2,36000,1.00322997416
246312,246318,249350,6,3032,2,36000,1.00197889182
246339,246345,249460,6,3115,2,36000,1.00192616372
246354,246360,249817,6,3457,2,36000,1.00173560891
246390,246396,249301,6,2905,2,36000,1.00206540448
246404,246411,249089,7,2678,2,36000,1.00261389096
246422,246429,249948,7,3519,2,36000,1.00198920148
246558,246564,249677,6,3113,2,36000,1.00192740122
246631,246637,249757,6,3120,2,36000,1.00192307692
246652,246658,249605,6,2947,2,36000,1.00203596878
246666,246672,250175,6,3503,2,36000,1.00171281758
246684,246690,249379,6,2689,2,36000,1.00223131276
246699,246705,249916,6,3211,2,36000,1.00186857677
246720,246726,250487,6,3761,2,36000,1.00159532039
246765,246771,249428,6,2657,2,36000,1.00225818592
246792,246798,249906,6,3108,2,36000,1.00193050193
246807,246813,249773,6,2960,2,36000,1.00202702703
246831,246837,250325,6,3488,2,36000,1.00172018349
246846,246852,250725,6,3873,2,36000,1.00154918668
246861,246867,250068,6,3201,2,36000,1.00187441425
246881,246888,250806,7,3918,2,36000,1.00178662583
246911,246917,250234,6,3317,2,36000,1.00180886343
246926,246932,249799,6,2867,2,36000,1.00209277991
246941,246947,250004,6,3057,2,36000,1.00196270854
246962,246968,249934,6,2966,2,36000,1.0020229265
247119,247125,250380,6,3255,2,36000,1.00184331797
247194,247200,250960,6,3760,2,36000,1.00159574468
247251,247257,250301,6,3044,2,36000,1.00197109067
247284,247290,250541,6,3251,2,36000,1.00184558597
247383,247390,250096,7,2706,2,36000,1.00258684405
247535,247541,250884,6,3343,2,36000,1.00179479509
247812,247819,251246,7,3427,2,36000,1.00204260286
247879,247885,251288,6,3403,2,36000,1.00176315016
248647,248653,252135,6,3482,2,36000,1.00172314762
249039,249045,251929,6,2884,2,36000,1.00208044383
249075,249081,252016,6,2935,2,36000,1.00204429302
249092,249099,252665,7,3566,2,36000,1.00196298374
249122,249128,252423,6,3295,2,36000,1.00182094082
249303,249310,252769,7,3459,2,36000,1.00202370627
249321,249327,252902,6,3575,2,36000,1.00167832168
249336,249342,252920,6,3578,2,36000,1.00167691448
249351,249358,252633,7,3275,2,36000,1.00213740458
249353,249363,252880,10,3517,2,36000,1.00284333239
249380,249386,252350,6,2964,2,36000,1.0020242915
249431,249437,252377,6,2940,2,36000,1.00204081633
249461,249467,252724,6,3257,2,36000,1.00184218606
249591,249597,252270,6,2673,2,36000,1.00224466891
249608,249619,252680,11,3061,2,36000,1.00359359686
249678,249684,253040,6,3356,2,36000,1.00178784267
249707,249713,249717,6,4,1,900,1.0
249716,249771,249848,55,77,14,1980,1.71428571429
249759,249765,252921,6,3156,2,36000,1.00190114068
249774,249785,252950,11,3165,2,36000,1.00347551343
249801,249811,252869,10,3058,2,36000,1.00327011118
249819,249828,252857,9,3029,2,36000,1.00297127765
249821,249859,305826,38,55967,2,86400,1.00067897154
249846,249864,249872,18,8,1,900,2.6
249856,251169,251389,1313,220,14,1980,6.96818181818
249907,249913,253244,6,3331,2,36000,1.00180126088
249922,249927,252909,5,2982,2,36000,1.00167672703
249936,249942,253437,6,3495,2,36000,1.0017167382
249951,249957,253085,6,3128,2,36000,1.00191815857
250005,250012,253724,7,3712,2,36000,1.00188577586
250069,250075,253004,6,2929,2,36000,1.00204848071
250099,250105,252698,6,2593,2,36000,1.0023139221
250177,250183,253185,6,3002,2,36000,1.00199866755
250234,250240,253382,6,3142,2,36000,1.00190961171
250304,250310,253087,6,2777,2,36000,1.00216060497
250328,250334,253782,6,3448,2,36000,1.00174013921
250382,250388,253173,6,2785,2,36000,1.00215439856
250491,250497,253311,6,2814,2,36000,1.00213219616
250542,250548,253832,6,3284,2,36000,1.00182704019
250726,250732,253890,6,3158,2,36000,1.00189993667
250808,250814,253467,6,2653,2,36000,1.00226159065
250886,250892,254166,6,3274,2,36000,1.00183262065
250961,250968,254374,7,3406,2,36000,1.00205519671
251248,251254,254898,6,3644,2,36000,1.00164654226
251290,251297,254995,7,3698,2,36000,1.00189291509
251387,251393,251402,6,9,1,900,1.5
251396,251403,251538,7,135,14,1980,1.05185185185
251537,251543,251551,6,8,1,900,1.4
251543,251549,251641,6,92,14,1980,1.0652173913
251931,251937,254915,6,2978,2,36000,1.00201477502
252018,252025,255095,7,3070,2,36000,1.00228013029
252136,252142,255562,6,3420,2,36000,1.00175438596
252272,252278,255579,6,3301,2,36000,1.00181763102
252353,252359,256084,6,3725,2,36000,1.00161073826
252380,252386,255209,6,2823,2,36000,1.00212539851
252425,252431,255547,6,3116,2,36000,1.00192554557
252634,252640,255787,6,3147,2,36000,1.00190657769
252667,252673,255739,6,3066,2,36000,1.00195694716
252682,252688,255683,6,2995,2,36000,1.0020033389
252700,252706,255815,6,3109,2,36000,1.00192988099
252727,252733,255871,6,3138,2,36000,1.00191204589
252772,252778,255832,6,3054,2,36000,1.00196463654
252859,252866,256529,7,3663,2,36000,1.00191100191
252874,252880,255795,6,2915,2,36000,1.00205831904
252889,252895,255754,6,2859,2,36000,1.00209863589
252904,252910,256094,6,3184,2,36000,1.00188442211
252919,252925,256191,6,3266,2,36000,1.00183710961
252934,252940,256226,6,3286,2,36000,1.00182592818
252935,252946,256604,11,3658,2,36000,1.00300710771
252953,252959,256301,6,3342,2,36000,1.00179533214
253007,253013,256222,6,3209,2,36000,1.00186974135
253043,253050,256387,7,3337,2,36000,1.00209769254
253086,253092,256219,6,3127,2,36000,1.00191877199
253100,253107,256303,7,3196,2,36000,1.0021902378
253176,253182,256362,6,3180,2,36000,1.00188679245
253190,253196,256773,6,3577,2,36000,1.00167738328
253245,253251,256533,6,3282,2,36000,1.00182815356
253314,253320,256839,6,3519,2,36000,1.00170502984
253383,253389,256515,6,3126,2,36000,1.0019193858
253437,253443,256827,6,3384,2,36000,1.00177304965
253467,253474,256259,7,2785,2,36000,1.00251346499
253727,253734,257035,7,3301,2,36000,1.00212056952
253785,253791,257450,6,3659,2,36000,1.00163979229
253833,253839,257185,6,3346,2,36000,1.00179318589
253891,253897,257306,6,3409,2,36000,1.00176004693
254147,255562,255632,1415,70,14,1980,21.2142857143
254168,254174,257604,6,3430,2,36000,1.00174927114
254376,254382,257596,6,3214,2,36000,1.00186683261
254900,254906,257737,6,2831,2,36000,1.00211939244
254918,254924,258360,6,3436,2,36000,1.00174621653
254996,255002,258314,6,3312,2,36000,1.0018115942
255098,255104,258524,6,3420,2,36000,1.00175438596
255210,255216,258625,6,3409,2,36000,1.00176004693
255550,255556,258973,6,3417,2,36000,1.00175592625
255565,255571,258922,6,3351,2,36000,1.0017905103
255580,255586,258988,6,3402,2,36000,1.00176366843
255630,255636,255640,6,4,1,900,1.0
255638,255643,255779,5,136,14,1980,1.03676470588
255685,255691,258783,6,3092,2,36000,1.00194049159
255740,255746,258821,6,3075,2,36000,1.00195121951
255757,255764,258966,7,3202,2,36000,1.00218613367
255778,255784,255789,6,5,1,900,1.1
255785,255790,255880,5,90,14,1980,1.05555555556
255787,255796,259185,9,3389,2,36000,1.00265565063
255802,255808,258743,6,2935,2,36000,1.00204429302
255817,255823,259012,6,3189,2,36000,1.00188146754
255835,255841,258967,6,3126,2,36000,1.0019193858
255874,255880,259005,6,3125,2,36000,1.00192
255878,255886,255887,8,1,1,900,1.0
256085,256091,259435,6,3344,2,36000,1.00179425837
256100,256105,259220,5,3115,2,36000,1.00160513644
256193,256199,258836,6,2637,2,36000,1.00227531286
256220,256226,259122,6,2896,2,36000,1.0020718232
256235,256241,259961,6,3720,2,36000,1.00161290323
256236,256247,259130,11,2883,2,36000,1.00381547
256260,256266,259468,6,3202,2,36000,1.00187382886
256302,256308,259877,6,3569,2,36000,1.00168114318
256317,256323,259690,6,3367,2,36000,1.00178200178
256365,256371,259470,6,3099,2,36000,1.00193610842
256389,256395,260343,6,3948,2,36000,1.00151975684
256515,256521,259504,6,2983,2,36000,1.00201139792
256530,256536,259421,6,2885,2,36000,1.0020797227
256545,256551,259515,6,2964,2,36000,1.0020242915
256605,256611,259654,6,3043,2,36000,1.00197173842
256774,256780,259635,6,2855,2,36000,1.00210157618
256828,256834,259970,6,3136,2,36000,1.00191326531
256842,256849,260340,7,3491,2,36000,1.00200515612
257038,257044,260131,6,3087,2,36000,1.0019436346
257186,257192,259997,6,2805,2,36000,1.00213903743
257306,257312,260542,6,3230,2,36000,1.00185758514
257451,257457,260379,6,2922,2,36000,1.00205338809
257599,257605,260734,6,3129,2,36000,1.00191754554
257613,257619,260523,6,2904,2,36000,1.0020661157
257740,257745,261299,5,3554,2,36000,1.0014068655
258147,258153,438177,6,180024,5,180000,1.00003332889
258316,258322,261333,6,3011,2,36000,1.00199269346
258361,258367,261740,6,3373,2,36000,1.0017788319
258527,258533,261884,6,3351,2,36000,1.0017905103
258626,258632,261828,6,3196,2,36000,1.00187734668
258746,258752,262090,6,3338,2,36000,1.00179748352
258786,258792,262084,6,3292,2,36000,1.00182260024
258825,258831,262175,6,3344,2,36000,1.00179425837
258839,258846,262134,7,3288,2,36000,1.00212895377
258924,258930,262620,6,3690,2,36000,1.00162601626
258968,258974,261610,6,2636,2,36000,1.00227617602
258969,258980,262638,11,3658,2,36000,1.00300710771
258984,258990,262537,6,3547,2,36000,1.00169157034
258999,259005,262415,6,3410,2,36000,1.00175953079
259014,259020,262613,6,3593,2,36000,1.00166991372
259015,259026,262525,11,3499,2,36000,1.00314375536
259124,259130,262545,6,3415,2,36000,1.00175695461
259138,259144,262417,6,3273,2,36000,1.00183318057
259186,259193,262356,7,3163,2,36000,1.00221308884
259222,259229,262251,7,3022,2,36000,1.00231634679
259422,259428,262735,6,3307,2,36000,1.00181433323
259437,259443,262349,6,2906,2,36000,1.00206469374
259470,259476,262618,6,3142,2,36000,1.00190961171
259485,259491,262764,6,3273,2,36000,1.00183318057
259506,259512,262894,6,3382,2,36000,1.00177409817
259521,259527,262827,6,3300,2,36000,1.00181818182
259638,259645,263204,7,3559,2,36000,1.00196684462
259656,259662,262575,6,2913,2,36000,1.00205973223
259692,259698,262900,6,3202,2,36000,1.00187382886
259880,259886,263433,6,3547,2,36000,1.00169157034
259964,259970,263295,6,3325,2,36000,1.00180451128
259979,259985,263263,6,3278,2,36000,1.00183038438
260000,260006,262710,6,2704,2,36000,1.00221893491
260133,260139,263376,6,3237,2,36000,1.00185356812
260340,260347,263156,7,2809,2,36000,1.00249199003
260355,260362,263608,7,3246,2,36000,1.00215650031
260379,260385,263368,6,2983,2,36000,1.00201139792
260524,260530,263683,6,3153,2,36000,1.00190294957
260545,260551,263720,6,3169,2,36000,1.00189334175
260590,260596,260597,6,1,1,900,1.0
260631,284933,292157,24302,7224,14,7200,4.36406423034
260735,260741,263950,6,3209,2,36000,1.00186974135
260758,287723,293670,26965,5947,14,7200,5.53421893392
261301,261307,264343,6,3036,2,36000,1.00197628458
261334,261340,264794,6,3454,2,36000,1.00173711639
261611,261617,264680,6,3063,2,36000,1.00195886386
261741,261747,264814,6,3067,2,36000,1.0019563091
261831,261837,265139,6,3302,2,36000,1.00181708056
261885,261891,264929,6,3038,2,36000,1.00197498354
262087,262093,265832,6,3739,2,36000,1.00160470714
262102,262108,265368,6,3260,2,36000,1.0018404908
262135,262141,265659,6,3518,2,36000,1.0017055145
262177,262183,265279,6,3096,2,36000,1.0019379845
262252,262259,265017,7,2758,2,36000,1.00253807107
262352,262358,265269,6,2911,2,36000,1.00206114737
262367,262373,265681,6,3308,2,36000,1.00181378476
262418,262424,265698,6,3274,2,36000,1.00183262065
262419,262430,265508,11,3078,2,36000,1.00357374919
262528,262534,265421,6,2887,2,36000,1.00207828195
262543,262548,265493,5,2945,2,36000,1.00169779287
262557,262563,265425,6,2862,2,36000,1.00209643606
262578,262584,266028,6,3444,2,36000,1.00174216028
262614,262620,266045,6,3425,2,36000,1.00175182482
262629,262635,265559,6,2924,2,36000,1.00205198358
262630,262641,265989,11,3348,2,36000,1.00328554361
262645,262651,265493,6,2842,2,36000,1.0021111893
262711,262717,265883,6,3166,2,36000,1.00189513582
262735,262742,265475,7,2733,2,36000,1.00256128796
262765,262772,266270,7,3498,2,36000,1.00200114351
262829,262835,265912,6,3077,2,36000,1.00194995125
262895,262901,266397,6,3496,2,36000,1.00171624714
262910,262916,266564,6,3648,2,36000,1.00164473684
263157,263163,266490,6,3327,2,36000,1.00180342651
263205,263211,266279,6,3068,2,36000,1.00195567145
263265,263271,265931,6,2660,2,36000,1.0022556391
263295,263301,266406,6,3105,2,36000,1.00193236715
263370,263377,266371,7,2994,2,36000,1.00233800935
263385,263391,266601,6,3210,2,36000,1.00186915888
263433,263439,266556,6,3117,2,36000,1.00192492782
263611,263617,266545,6,2928,2,36000,1.00204918033
263686,263692,267940,6,4248,2,36000,1.00141242938
263722,263728,267236,6,3508,2,36000,1.00171037628
263906,263912,263913,6,1,2,3540,1.0
263951,263957,267324,6,3367,2,36000,1.00178200178
264346,264352,267440,6,3088,2,36000,1.00194300518
264681,264687,267892,6,3205,2,36000,1.00187207488
264795,264801,268473,6,3672,2,36000,1.00163398693
264816,264822,268001,6,3179,2,36000,1.00188738597
264931,264937,268028,6,3091,2,36000,1.00194111938
265018,265024,267829,6,2805,2,36000,1.00213903743
265141,265147,268492,6,3345,2,36000,1.00179372197
265271,265277,268533,6,3256,2,36000,1.00184275184
265286,265292,268782,6,3490,2,36000,1.00171919771
265370,265376,268751,6,3375,2,36000,1.00177777778
265421,265427,268158,6,2731,2,36000,1.00219699744
265436,265442,268809,6,3367,2,36000,1.00178200178
265478,265484,268455,6,2971,2,36000,1.00201952205
265499,265505,268358,6,2853,2,36000,1.00210304942
265501,265511,268495,10,2984,2,36000,1.00335120643
265516,265522,268458,6,2936,2,36000,1.00204359673
265555,265561,268750,6,3189,2,36000,1.00188146754
265660,265666,268893,6,3227,2,36000,1.00185931205
265684,265690,269123,6,3433,2,36000,1.0017477425
265699,265705,269254,6,3549,2,36000,1.00169061708
265835,265841,269153,6,3312,2,36000,1.0018115942
265886,265892,268944,6,3052,2,36000,1.00196592398
265913,265919,268877,6,2958,2,36000,1.00202839757
265934,265940,269311,6,3371,2,36000,1.00177988727
265991,265997,268622,6,2625,2,36000,1.00228571429
266030,266036,269051,6,3015,2,36000,1.00199004975
266048,266054,269555,6,3501,2,36000,1.00171379606
266270,266277,269678,7,3401,2,36000,1.00205821817
266285,266292,269654,7,3362,2,36000,1.00208209399
266373,266379,270101,6,3722,2,36000,1.00161203654
266400,266406,269944,6,3538,2,36000,1.00169587337
266414,266421,269486,7,3065,2,36000,1.00228384992
266490,266496,269873,6,3377,2,36000,1.0017767249
266547,266553,269611,6,3058,2,36000,1.00196206671
266562,266568,270089,6,3521,2,36000,1.00170406135
266577,266583,270249,6,3666,2,36000,1.00163666121
266604,266610,269617,6,3007,2,36000,1.0019953442
267237,267243,270144,6,2901,2,36000,1.00206825233
267327,267333,270653,6,3320,2,36000,1.00180722892
267442,267448,270574,6,3126,2,36000,1.0019193858
267830,267836,271549,6,3713,2,36000,1.00161594398
267893,267899,270808,6,2909,2,36000,1.00206256446
267941,267947,271163,6,3216,2,36000,1.00186567164
268001,268008,271025,7,3017,2,36000,1.00232018561
268031,268038,270964,7,2926,2,36000,1.0023923445
268161,268167,271542,6,3375,2,36000,1.00177777778
268360,268366,271099,6,2733,2,36000,1.00219538968
268456,268462,271758,6,3296,2,36000,1.00182038835
268471,268477,271878,6,3401,2,36000,1.001764187
268486,268492,271689,6,3197,2,36000,1.00187675946
268501,268507,272073,6,3566,2,36000,1.00168255749
268502,268513,271536,11,3023,2,36000,1.00363876943
268535,268542,271802,7,3260,2,36000,1.00214723926
268623,268629,272317,6,3688,2,36000,1.00162689805
268753,268759,272056,6,3297,2,36000,1.00181983621
268754,268765,271939,11,3174,2,36000,1.00346565848
268784,268790,271998,6,3208,2,36000,1.00187032419
268811,268817,272734,6,3917,2,36000,1.00153178453
268878,268883,272120,5,3237,2,36000,1.0015446401
268896,268902,271994,6,3092,2,36000,1.00194049159
268947,268953,272887,6,3934,2,36000,1.00152516523
269053,269059,272762,6,3703,2,36000,1.00162030786
269125,269131,272518,6,3387,2,36000,1.00177147919
269155,269161,272698,6,3537,2,36000,1.00169635284
269258,269264,272420,6,3156,2,36000,1.00190114068
269312,269318,272551,6,3233,2,36000,1.00185586143
269487,269493,272581,6,3088,2,36000,1.00194300518
269556,269562,272942,6,3380,2,36000,1.00177514793
269613,269619,272682,6,3063,2,36000,1.00195886386
269628,269634,272612,6,2978,2,36000,1.00201477502
269655,269661,272618,6,2957,2,36000,1.00202908353
269681,269687,272978,6,3291,2,36000,1.00182315406
269871,269877,273558,6,3681,2,36000,1.00162999185
269946,269953,273071,7,3118,2,36000,1.00224502886
270091,270097,273796,6,3699,2,36000,1.00162206002
270106,270112,273278,6,3166,2,36000,1.00189513582
270145,270151,272959,6,2808,2,36000,1.00213675214
270250,270257,273372,7,3115,2,36000,1.00224719101
270577,270583,273934,6,3351,2,36000,1.0017905103
270656,270662,273823,6,3161,2,36000,1.0018981335
270809,270815,274386,6,3571,2,36000,1.00168020162
270966,270972,273968,6,2996,2,36000,1.00200267023
271026,271033,274073,7,3040,2,36000,1.00230263158
271102,271108,274444,6,3336,2,36000,1.00179856115
271165,271171,274332,6,3161,2,36000,1.0018981335
271539,271545,275260,6,3715,2,36000,1.00161507402
271554,271560,274398,6,2838,2,36000,1.0021141649
271555,271566,275079,11,3513,2,36000,1.00313122687
271691,271697,274722,6,3025,2,36000,1.00198347107
271760,271766,275241,6,3475,2,36000,1.00172661871
271802,271808,275066,6,3258,2,36000,1.00184162063
271881,271887,275704,6,3817,2,36000,1.00157191512
271941,271947,275672,6,3725,2,36000,1.00161073826
271995,272001,274620,6,2619,2,36000,1.00229095074
272010,272016,275183,6,3167,2,36000,1.00189453742
272058,272064,275044,6,2980,2,36000,1.00201342282
272076,272082,275403,6,3321,2,36000,1.00180668473
272121,272127,275789,6,3662,2,36000,1.00163844894
272317,272323,275633,6,3310,2,36000,1.00181268882
272423,272429,275806,6,3377,2,36000,1.0017767249
272519,272525,275506,6,2981,2,36000,1.0020127474
272552,272558,276089,6,3531,2,36000,1.00169923534
272582,272588,276062,6,3474,2,36000,1.00172711572
272612,272618,275573,6,2955,2,36000,1.00203045685
272627,272633,275980,6,3347,2,36000,1.00179265013
272684,272690,276195,6,3505,2,36000,1.00171184023
272699,272705,276243,6,3538,2,36000,1.00169587337
272735,272741,276327,6,3586,2,36000,1.00167317345
272765,272771,276167,6,3396,2,36000,1.00176678445
272889,272895,276004,6,3109,2,36000,1.00192988099
272943,272949,276148,6,3199,2,36000,1.00187558612
272961,272967,276517,6,3550,2,36000,1.00169014085
272979,272985,276174,6,3189,2,36000,1.00188146754
273072,273078,275901,6,2823,2,36000,1.00212539851
273280,273286,276182,6,2896,2,36000,1.0020718232
273373,273380,276573,7,3193,2,36000,1.00219229565
273561,273567,277698,6,4131,2,36000,1.00145243282
273799,273805,277086,6,3281,2,36000,1.00182871076
273826,273832,276707,6,2875,2,36000,1.00208695652
273938,273944,276583,6,2639,2,36000,1.00227358848
273971,273977,277570,6,3593,2,36000,1.00166991372
274076,274082,277655,6,3573,2,36000,1.00167926113
274332,274338,277086,6,2748,2,36000,1.00218340611
274333,274344,449761,11,175417,1,360000,1.00006270772
274386,274393,277948,7,3555,2,36000,1.00196905767
274401,274407,277276,6,2869,2,36000,1.00209132102
274446,274452,277464,6,3012,2,36000,1.00199203187
274621,274627,278016,6,3389,2,36000,1.00177043376
274724,274730,278337,6,3607,2,36000,1.00166343222
275047,275053,278387,6,3334,2,36000,1.00179964007
275068,275074,278666,6,3592,2,36000,1.00167037862
275082,275089,278625,7,3536,2,36000,1.00197963801
275185,275191,278792,6,3601,2,36000,1.00166620383
275243,275249,277996,6,2747,2,36000,1.00218420095
275261,275267,278523,6,3256,2,36000,1.00184275184
275406,275412,278518,6,3106,2,36000,1.00193174501
275508,275514,278489,6,2975,2,36000,1.00201680672
275575,275580,278667,5,3087,2,36000,1.0016196955
275635,275641,278467,6,2826,2,36000,1.00212314225
275674,275680,279125,6,3445,2,36000,1.00174165457
275704,275710,279159,6,3449,2,36000,1.00173963468
275792,275798,278960,6,3162,2,36000,1.00189753321
275807,275813,278503,6,2690,2,36000,1.00223048327
275903,275909,278834,6,2925,2,36000,1.00205128205
275982,275988,279447,6,3459,2,36000,1.00173460538
276006,276012,279158,6,3146,2,36000,1.00190718373
276063,276069,279194,6,3125,2,36000,1.00192
276090,276096,279430,6,3334,2,36000,1.00179964007
276150,276156,279152,6,2996,2,36000,1.00200267023
276168,276174,279032,6,2858,2,36000,1.00209937019
276183,276189,279250,6,3061,2,36000,1.00196014374
276185,276195,279216,10,3021,2,36000,1.0033101622
276199,276205,279308,6,3103,2,36000,1.00193361263
276244,276251,279688,7,3437,2,36000,1.00203665988
276329,276335,279085,6,2750,2,36000,1.00218181818
276519,276525,279451,6,2926,2,36000,1.002050581
276570,276576,279892,6,3316,2,36000,1.00180940893
276585,276591,279723,6,3132,2,36000,1.00191570881
276709,276715,280285,6,3570,2,36000,1.00168067227
277087,277093,280445,6,3352,2,36000,1.00178997613
277088,277099,280240,11,3141,2,36000,1.0035020694
277272,277278,280632,6,3354,2,36000,1.00178890877
277465,277471,281098,6,3627,2,36000,1.00165425972
277570,277576,280684,6,3108,2,36000,1.00193050193
277658,277664,281107,6,3443,2,36000,1.00174266628
277700,277706,281234,6,3528,2,36000,1.00170068027
277950,277955,281193,5,3238,2,36000,1.00154416306
277998,278004,281431,6,3427,2,36000,1.00175080245
278016,278022,281097,6,3075,2,36000,1.00195121951
278339,278345,281714,6,3369,2,36000,1.0017809439
278390,278396,281574,6,3178,2,36000,1.00188797986
278469,278475,281853,6,3378,2,36000,1.00177619893
278490,278496,281251,6,2755,2,36000,1.00217785844
278505,278511,282052,6,3541,2,36000,1.0016944366
278520,278526,281561,6,3035,2,36000,1.00197693575
278535,278541,281878,6,3337,2,36000,1.00179802218
278628,278634,281541,6,2907,2,36000,1.00206398349
278668,278674,282253,6,3579,2,36000,1.00167644593
278669,278680,281877,11,3197,2,36000,1.00344072568
278793,278799,281392,6,2593,2,36000,1.0023139221
278835,278841,282238,6,3397,2,36000,1.00176626435
278961,278967,282055,6,3088,2,36000,1.00194300518
279033,279039,282913,6,3874,2,36000,1.00154878678
279088,279094,282273,6,3179,2,36000,1.00188738597
279127,279133,282345,6,3212,2,36000,1.00186799502
279154,279160,282321,6,3161,2,36000,1.0018981335
279169,279175,281856,6,2681,2,36000,1.00223797091
279170,279181,282373,11,3192,2,36000,1.00344611529
279194,279200,282350,6,3150,2,36000,1.0019047619
279218,279224,282406,6,3182,2,36000,1.00188560654
279251,279257,282566,6,3309,2,36000,1.00181323663
279312,279318,282766,6,3448,2,36000,1.00174013921
279432,279439,282714,7,3275,2,36000,1.00213740458
279447,279454,282554,7,3100,2,36000,1.00225806452
279462,279468,282573,6,3105,2,36000,1.00193236715
279689,279695,282831,6,3136,2,36000,1.00191326531
279725,279731,283260,6,3529,2,36000,1.00170019836
279894,279900,283449,6,3549,2,36000,1.00169061708
280241,280247,283795,6,3548,2,36000,1.00169109357
280286,280292,283372,6,3080,2,36000,1.00194805195
280446,280452,283470,6,3018,2,36000,1.00198807157
280633,280639,283900,6,3261,2,36000,1.0018399264
280687,280693,283428,6,2735,2,36000,1.00219378428
281100,281106,284057,6,2951,2,36000,1.00203320908
281102,281112,284117,10,3005,2,36000,1.00332778702
281117,281123,284240,6,3117,2,36000,1.00192492782
281195,281201,284298,6,3097,2,36000,1.00193735873
281234,281240,284044,6,2804,2,36000,1.00213980029
281252,281258,284902,6,3644,2,36000,1.00164654226
281394,281400,284841,6,3441,2,36000,1.00174367916
281433,281439,284663,6,3224,2,36000,1.00186104218
281545,281551,284996,6,3445,2,36000,1.00174165457
281563,281569,284934,6,3365,2,36000,1.00178306092
281577,281584,284827,7,3243,2,36000,1.00215849522
281717,281723,285201,6,3478,2,36000,1.00172512938
281855,281861,284702,6,2841,2,36000,1.00211193242
281870,281876,285055,6,3179,2,36000,1.00188738597
281885,281891,284792,6,2901,2,36000,1.00206825233
281886,281897,285209,11,3312,2,36000,1.00332125604
282052,282058,285024,6,2966,2,36000,1.0020229265
282067,282073,285405,6,3332,2,36000,1.00180072029
282239,282245,285879,6,3634,2,36000,1.0016510732
282254,282260,285563,6,3303,2,36000,1.00181653043
282274,282281,285358,7,3077,2,36000,1.00227494313
282323,282329,285748,6,3419,2,36000,1.00175489909
282346,282353,285301,7,2948,2,36000,1.00237449118
282361,282367,285600,6,3233,2,36000,1.00185586143
282376,282382,285820,6,3438,2,36000,1.0017452007
282409,282415,285356,6,2941,2,36000,1.00204012241
282557,282563,286010,6,3447,2,36000,1.00174064404
282572,282578,286207,6,3629,2,36000,1.00165334803
282587,282593,285819,6,3226,2,36000,1.00185988841
282717,282723,286323,6,3600,2,36000,1.00166666667
282766,282772,285730,6,2958,2,36000,1.00202839757
282832,282838,285715,6,2877,2,36000,1.00208550574
282914,282920,285995,6,3075,2,36000,1.00195121951
283260,283266,286409,6,3143,2,36000,1.00190900414
283375,283381,286286,6,2905,2,36000,1.00206540448
283429,283435,286268,6,2833,2,36000,1.00211789622
283450,283456,286868,6,3412,2,36000,1.00175849941
283471,283477,286654,6,3177,2,36000,1.00188857413
283797,283803,286977,6,3174,2,36000,1.00189035917
283848,284855,284922,1007,67,14,1980,16.0298507463
283902,283908,287315,6,3407,2,36000,1.00176108013
284047,284053,287165,6,3112,2,36000,1.00192802057
284062,284068,287424,6,3356,2,36000,1.00178784267
284119,284125,287146,6,3021,2,36000,1.00198609732
284243,284249,287505,6,3256,2,36000,1.00184275184
284300,284306,287658,6,3352,2,36000,1.00178997613
284621,284627,295473,6,10846,1,10800,1.00055319934
284665,284671,287633,6,2962,2,36000,1.00202565834
284705,284711,287908,6,3197,2,36000,1.00187675946
284792,284798,288158,6,3360,2,36000,1.00178571429
284828,284834,287908,6,3074,2,36000,1.00195185426
284843,284849,287911,6,3062,2,36000,1.00195950359
284903,284909,288153,6,3244,2,36000,1.00184956843
284920,284926,284931,6,5,1,900,1.1
284929,286992,287127,2063,135,14,1980,16.2814814815
284939,284945,288159,6,3214,2,36000,1.00186683261
284996,285002,288379,6,3377,2,36000,1.0017767249
285026,285032,287851,6,2819,2,36000,1.00212841433
285056,285062,288061,6,2999,2,36000,1.00200066689
285203,285210,287974,7,2764,2,36000,1.00253256151
285218,285224,289033,6,3809,2,36000,1.00157521659
285303,285309,288871,6,3562,2,36000,1.00168444694
285357,285363,288782,6,3419,2,36000,1.00175489909
285371,285378,288339,7,2961,2,36000,1.00236406619
285407,285414,288871,7,3457,2,36000,1.00202487706
285564,285571,288736,7,3165,2,36000,1.00221169036
285600,285607,288580,7,2973,2,36000,1.00235452405
285718,285724,289093,6,3369,2,36000,1.0017809439
285733,285739,289295,6,3556,2,36000,1.00168728909
285751,285757,289090,6,3333,2,36000,1.00180018002
285820,285826,288703,6,2877,2,36000,1.00208550574
285835,285841,288748,6,2907,2,36000,1.00206398349
285837,293681,298995,7844,5314,32,61200,2.47610086564
285880,285886,289078,6,3192,2,36000,1.00187969925
285998,286004,289232,6,3228,2,36000,1.00185873606
286012,286019,288957,7,2938,2,36000,1.00238257318
286208,286215,289412,7,3197,2,36000,1.00218955271
286269,286275,289531,6,3256,2,36000,1.00184275184
286287,286293,289695,6,3402,2,36000,1.00176366843
286326,286332,289666,6,3334,2,36000,1.00179964007
286410,286416,289393,6,2977,2,36000,1.0020154518
286657,286663,289947,6,3284,2,36000,1.00182704019
286871,286877,290106,6,3229,2,36000,1.00185816042
286980,286986,290148,6,3162,2,36000,1.00189753321
287126,287138,287143,12,5,1,900,1.7
287137,287155,287290,18,135,14,1980,1.13333333333
287149,287160,290221,11,3061,2,36000,1.00359359686
287167,287173,290882,6,3709,2,36000,1.00161768671
287288,287301,287307,13,6,1,900,1.9
287296,287318,287459,22,141,14,1980,1.15602836879
287318,287324,290652,6,3328,2,36000,1.00180288462
287426,287432,291108,6,3676,2,36000,1.00163220892
287457,287470,287475,13,5,1,900,1.8
287466,287487,287633,21,146,14,1980,1.14383561644
287508,287514,290498,6,2984,2,36000,1.00201072386
287631,287706,287712,75,6,1,900,8.1
287634,287640,290518,6,2878,2,36000,1.0020847811
287639,287646,287694,7,48,14,1980,1.14583333333
287661,287667,291068,6,3401,2,36000,1.001764187
287692,287711,287712,19,1,1,900,2.0
287854,287860,291191,6,3331,2,36000,1.00180126088
287911,287917,291358,6,3441,2,36000,1.00174367916
287913,287923,290907,10,2984,2,36000,1.00335120643
287914,287928,291193,14,3265,2,36000,1.00428790199
287975,287981,291303,6,3322,2,36000,1.00180614088
288062,288068,291148,6,3080,2,36000,1.00194805195
288156,288162,291465,6,3303,2,36000,1.00181653043
288171,288177,291100,6,2923,2,36000,1.0020526856
288172,288183,291435,11,3252,2,36000,1.00338253383
288341,288347,291850,6,3503,2,36000,1.00171281758
288380,288386,292031,6,3645,2,36000,1.00164609053
288582,288588,291950,6,3362,2,36000,1.00178465199
288706,288713,292073,7,3360,2,36000,1.00208333333
288739,288746,292225,7,3479,2,36000,1.00201207243
288754,288760,291918,6,3158,2,36000,1.00189993667
288784,288790,291946,6,3156,2,36000,1.00190114068
288872,288882,292446,10,3564,2,36000,1.00280583614
288873,288887,291966,14,3079,2,36000,1.00454693082
288961,288969,292229,8,3260,2,36000,1.00245398773
289036,289045,292659,9,3614,2,36000,1.00249031544
289078,289089,292331,11,3242,2,36000,1.0033929673
289093,289104,292420,11,3316,2,36000,1.0033172497
289095,289109,292499,14,3390,2,36000,1.00412979351
289234,289243,292703,9,3460,2,36000,1.00260115607
289297,289307,292362,10,3055,2,36000,1.00327332242
289394,289404,292846,10,3442,2,36000,1.00290528762
289415,289424,292744,9,3320,2,36000,1.00271084337
289506,293686,723098,4180,429412,6,604800,1.00973424124
289532,289542,292777,10,3235,2,36000,1.00309119011
289669,289677,292713,8,3036,2,36000,1.00263504611
289696,289706,292763,10,3057,2,36000,1.0032711809
289950,289958,293252,8,3294,2,36000,1.00242865817
290110,290118,293157,8,3039,2,36000,1.00263244488
290149,290159,293289,10,3130,2,36000,1.00319488818
290224,290232,293360,8,3128,2,36000,1.00255754476
290498,290509,293343,11,2834,2,36000,1.00388143966
290519,290529,293339,10,2810,2,36000,1.00355871886
290655,290663,294051,8,3388,2,36000,1.00236127509
290885,290893,295063,8,4170,2,36000,1.00191846523
290909,290918,294625,9,3707,2,36000,1.00242783922
291069,291080,293915,11,2835,2,36000,1.00388007055
291102,291112,294445,10,3333,2,36000,1.00300030003
291117,291123,294110,6,2987,2,36000,1.00200870439
291150,291160,294435,10,3275,2,36000,1.00305343511
291193,291202,294643,9,3441,2,36000,1.00261551874
291208,291214,294174,6,2960,2,36000,1.00202702703
291304,291314,294445,10,3131,2,36000,1.00319386777
291361,291369,294685,8,3316,2,36000,1.00241254524
291414,292168,292269,754,101,14,1980,8.46534653465
291437,291447,294395,10,2948,2,36000,1.00339213026
291467,291476,294215,9,2739,2,36000,1.00328587076
291850,291861,295199,11,3338,2,36000,1.00329538646
291920,291929,295126,9,3197,2,36000,1.00281513919
291947,291957,295060,10,3103,2,36000,1.00322268772
291961,291968,295661,7,3693,2,36000,1.00189547793
291976,291982,294982,6,3000,2,36000,1.002
292033,292043,295510,10,3467,2,36000,1.00288433804
292075,292084,295410,9,3326,2,36000,1.0027059531
292226,292236,295318,10,3082,2,36000,1.00324464633
292238,295483,295752,3245,269,1,36000,13.063197026
292238,295763,296025,3525,262,1,36000,14.4541984733
292241,292247,295291,6,3044,2,36000,1.00197109067
292261,292267,292273,6,6,1,900,1.2
292271,292280,292354,9,74,14,1980,1.12162162162
292335,292342,295423,7,3081,2,36000,1.00227198961
292349,292355,292360,6,5,1,900,1.1
292356,292365,292518,9,153,14,1980,1.05882352941
292365,292373,296022,8,3649,2,36000,1.00219238147
292422,292431,295412,9,2981,2,36000,1.0030191211
292449,292457,295957,8,3500,2,36000,1.00228571429
292500,292510,295961,10,3451,2,36000,1.00289771081
292516,292522,292528,6,6,1,900,1.2
292527,292534,292682,7,148,14,1980,1.0472972973
292619,299027,324351,6408,25324,1,72000,1.2530405939
292661,292670,296574,9,3904,2,36000,1.00230532787
292680,292686,292694,6,8,1,900,1.4
292690,292696,292867,6,171,14,1980,1.0350877193
292706,292715,296149,9,3434,2,36000,1.00262085032
292721,292727,296076,6,3349,2,36000,1.00179157958
292744,292755,295441,11,2686,2,36000,1.00409530901
292765,292774,296074,9,3300,2,36000,1.00272727273
292780,292788,295696,8,2908,2,36000,1.00275103164
292847,292857,296181,10,3324,2,36000,1.00300842359
292865,292871,292879,6,8,1,900,1.4
292876,292882,292936,6,54,14,1980,1.11111111111
292936,292942,292943,6,1,1,900,1.0
293077,299037,310482,5960,11445,1,72000,1.52075141983
293080,299043,313236,5963,14193,1,72000,1.4201366871
293160,293169,296439,9,3270,2,36000,1.00275229358
293254,293263,296488,9,3225,2,36000,1.00279069767
293290,293300,296510,10,3210,2,36000,1.0031152648
293341,293351,296400,10,3049,2,36000,1.00327976386
293356,293362,296764,6,3402,2,36000,1.00176366843
293371,293377,296729,6,3352,2,36000,1.00178997613
293917,293927,297665,10,3738,2,36000,1.00267522739
294053,294063,297374,10,3311,2,36000,1.00302023558
294114,294122,297026,8,2904,2,36000,1.00275482094
294172,294185,297079,13,2894,2,36000,1.00449205252
294217,294226,297441,9,3215,2,36000,1.00279937792
294398,294406,298177,8,3771,2,36000,1.0021214532
294437,294446,297711,9,3265,2,36000,1.00275650842
294451,299006,349277,4555,50271,14,57600,1.09060889976
294454,294460,297203,6,2743,2,36000,1.00218738607
294456,294466,297589,10,3123,2,36000,1.00320204931
294628,294637,297571,9,2934,2,36000,1.00306748466
294646,294654,297774,8,3120,2,36000,1.00256410256
294688,294696,297930,8,3234,2,36000,1.00247371676
294984,294993,297769,9,2776,2,36000,1.00324207493
295061,295072,298068,11,2996,2,36000,1.00367156208
295076,295082,298243,6,3161,2,36000,1.0018981335
295127,295137,297889,10,2752,2,36000,1.00363372093
295199,295210,298172,11,2962,2,36000,1.00371370695
295263,299011,415006,3748,115995,4,432000,1.03231173757
295293,295302,298325,9,3023,2,36000,1.00297717499
295320,295330,299215,10,3885,2,36000,1.00257400257
295411,295421,298193,10,2772,2,36000,1.00360750361
295426,295432,298674,6,3242,2,36000,1.00185070944
295427,295438,298497,11,3059,2,36000,1.00359594639
295442,295452,299072,10,3620,2,36000,1.00276243094
295512,295521,298502,9,2981,2,36000,1.0030191211
295662,295672,298652,10,2980,2,36000,1.0033557047
295699,295707,298740,8,3033,2,36000,1.00263765249
295711,299022,308233,3311,9211,2,28800,1.35946151341
295959,295968,299132,9,3164,2,36000,1.00284450063
295973,295980,299359,7,3379,2,36000,1.00207161882
296025,296033,299274,8,3241,2,36000,1.00246837396
296041,312270,312276,16229,6,1,360000,1623.5
296041,312265,312271,16224,6,1,360000,1623.0
296041,312283,349677,16242,37394,1,360000,1.43434775632
296076,296082,299013,6,2931,2,36000,1.00204708291
296078,296088,299166,10,3078,2,36000,1.0032488629
296082,299032,307275,2950,8243,2,28800,1.35787941284
296151,296157,299414,6,3257,2,36000,1.00184218606
296184,296190,299367,6,3177,2,36000,1.00188857413
296402,296408,299128,6,2720,2,36000,1.00220588235
296441,296447,299898,6,3451,2,36000,1.00173862649
296490,296496,299502,6,3006,2,36000,1.00199600798
296511,296517,299393,6,2876,2,36000,1.00208623088
296574,296581,299755,7,3174,2,36000,1.00220541903
296732,296738,300182,6,3444,2,36000,1.00174216028
296765,296771,300082,6,3311,2,36000,1.00181214135
297028,297034,300151,6,3117,2,36000,1.00192492782
297082,297088,300339,6,3251,2,36000,1.00184558597
297206,297212,300521,6,3309,2,36000,1.00181323663
297333,302346,345554,5013,43208,2,43200,1.11602018145
297375,297381,300975,6,3594,2,36000,1.00166944908
297444,297451,300681,7,3230,2,36000,1.00216718266
297462,299048,307682,1586,8634,2,43200,1.18369237897
297574,297580,300551,6,2971,2,36000,1.00201952205
297592,297598,300977,6,3379,2,36000,1.00177567328
297668,297674,301065,6,3391,2,36000,1.00176938956
297713,297720,301240,7,3520,2,36000,1.00198863636
297739,299053,312254,1314,13201,2,43200,1.09953791379
297771,297777,300898,6,3121,2,36000,1.00192246075
297785,297792,301058,7,3266,2,36000,1.00214329455
297892,297898,300677,6,2779,2,36000,1.00215905002
297931,297937,300551,6,2614,2,36000,1.00229533282
297943,299016,303140,1073,4124,3,154800,1.2601842871
297999,306743,336236,8744,29493,1,32400,1.29647713017
298070,298076,301170,6,3094,2,36000,1.00193923723
298173,298179,301385,6,3206,2,36000,1.00187149095
298188,298194,301235,6,3041,2,36000,1.00197303519
298203,298209,301379,6,3170,2,36000,1.00189274448
298245,298252,301329,7,3077,2,36000,1.00227494313
298327,298333,301461,6,3128,2,36000,1.00191815857
298361,303151,304689,4790,1538,2,28800,4.1144343303
298500,298506,301617,6,3111,2,36000,1.00192864031
298515,298521,301501,6,2980,2,36000,1.00201342282
298654,298660,302245,6,3585,2,36000,1.00167364017
298675,298681,301574,6,2893,2,36000,1.00207397166
298741,298747,301619,6,2872,2,36000,1.00208913649
299016,299059,302282,43,3223,2,36000,1.0133416072
299073,299080,302287,7,3207,2,36000,1.00218272529
299131,299137,302671,6,3534,2,36000,1.00169779287
299146,299152,302660,6,3508,2,36000,1.00171037628
299167,299173,302382,6,3209,2,36000,1.00186974135
299218,299224,302328,6,3104,2,36000,1.00193298969
299261,304700,308783,5439,4083,2,28800,2.33210874357
299276,299282,302527,6,3245,2,36000,1.00184899846
299360,299366,302335,6,2969,2,36000,1.00202088245
299375,299381,302733,6,3352,2,36000,1.00178997613
299393,299399,302961,6,3562,2,36000,1.00168444694
299418,299424,303080,6,3656,2,36000,1.00164113786
299486,306738,311022,7252,4284,2,28800,2.69281045752
299503,299509,302186,6,2677,2,36000,1.0022413149
299757,299763,302777,6,3014,2,36000,1.00199071002
299899,299905,302964,6,3059,2,36000,1.0019614253
300083,300089,303424,6,3335,2,36000,1.00179910045
300108,405886,405928,105778,42,70,1200,2519.52380952
300153,300159,303624,6,3465,2,36000,1.00173160173
300183,300189,303238,6,3049,2,36000,1.00196785831
300340,300346,303350,6,3004,2,36000,1.00199733688
300522,300528,303595,6,3067,2,36000,1.0019563091
300552,300559,303073,7,2514,2,36000,1.00278440732
300554,300565,304067,11,3502,2,36000,1.00314106225
300589,308882,316127,8293,7245,14,7200,2.14465148378
300678,300684,304094,6,3410,2,36000,1.00175953079
300693,300699,303801,6,3102,2,36000,1.00193423598
300901,300908,303837,7,2929,2,36000,1.00238989416
300977,300983,304188,6,3205,2,36000,1.00187207488
300992,300998,304202,6,3204,2,36000,1.00187265918
301061,301067,304389,6,3322,2,36000,1.00180614088
301076,301082,304728,6,3646,2,36000,1.00164563906
301173,301179,304457,6,3278,2,36000,1.00183038438
301236,301242,304371,6,3129,2,36000,1.00191754554
301251,301257,304479,6,3222,2,36000,1.00186219739
301332,301338,304221,6,2883,2,36000,1.00208116545
301380,301387,305078,7,3691,2,36000,1.00189650501
301395,301401,304643,6,3242,2,36000,1.00185070944
301461,301467,304528,6,3061,2,36000,1.00196014374
301504,301510,304087,6,2577,2,36000,1.00232828871
301576,301582,304689,6,3107,2,36000,1.00193112327
301619,301625,305061,6,3436,2,36000,1.00174621653
301633,301639,305085,6,3446,2,36000,1.00174114916
302183,302189,305564,6,3375,2,36000,1.00177777778
302247,302253,305385,6,3132,2,36000,1.00191570881
302283,302289,306077,6,3788,2,36000,1.00158394931
302298,302304,305659,6,3355,2,36000,1.00178837556
302331,302339,305292,8,2953,2,36000,1.00270910938
302345,302352,305659,7,3307,2,36000,1.0021167221
302385,302393,305572,8,3179,2,36000,1.00251651463
302530,302538,305860,8,3322,2,36000,1.00240818784
302663,302672,306115,9,3443,2,36000,1.00261399942
302678,302684,305669,6,2985,2,36000,1.00201005025
302735,302744,306047,9,3303,2,36000,1.00272479564
302777,302788,305635,11,2847,2,36000,1.00386371619
302965,302972,306328,7,3356,2,36000,1.00208581645
302981,302987,306294,6,3307,2,36000,1.00181433323
303077,303084,306555,7,3471,2,36000,1.00201670988
303093,303100,306384,7,3284,2,36000,1.00213154689
303240,303249,306836,9,3587,2,36000,1.0025090605
303354,303362,306307,8,2945,2,36000,1.00271646859
303427,303435,307003,8,3568,2,36000,1.00224215247
303598,303606,306806,8,3200,2,36000,1.0025
303627,303636,306858,9,3222,2,36000,1.00279329609
303804,303812,306729,8,2917,2,36000,1.00274254371
303842,303848,307364,6,3516,2,36000,1.00170648464
304367,304373,307577,6,3204,2,36000,1.00187265918
304368,304379,307112,11,2733,2,36000,1.00402488108
304369,304384,307975,15,3591,2,36000,1.00417710944
304371,304389,307497,18,3108,2,36000,1.00579150579
304372,304394,307790,22,3396,2,36000,1.00647820966
304373,304399,307824,26,3425,2,36000,1.00759124088
304388,304406,307534,18,3128,2,36000,1.0057544757
304403,304412,307092,9,2680,2,36000,1.00335820896
304457,304468,307414,11,2946,2,36000,1.00373387644
304481,304491,308735,10,4244,2,36000,1.00235626767
304530,304539,307483,9,2944,2,36000,1.00305706522
304645,304655,307405,10,2750,2,36000,1.00363636364
304691,304705,308027,14,3322,2,36000,1.00421432872
304730,304739,307769,9,3030,2,36000,1.00297029703
305063,305072,308163,9,3091,2,36000,1.00291167907
305081,305089,309124,8,4035,2,36000,1.0019826518
305095,305101,308204,6,3103,2,36000,1.00193361263
305293,305304,308442,11,3138,2,36000,1.00350541746
305387,305396,308516,9,3120,2,36000,1.00288461538
305486,308795,325407,3309,16612,1,72000,1.1991933542
305511,308800,308801,3289,1,1,72000,329.0
305539,308812,308813,3273,1,1,72000,327.4
305565,305576,308899,11,3323,2,36000,1.00331026181
305580,305586,309047,6,3461,2,36000,1.001733603
305637,305646,308552,9,2906,2,36000,1.00309704061
305662,305670,308933,8,3263,2,36000,1.00245173154
305663,305675,309368,12,3693,2,36000,1.00324939074
305678,305684,309156,6,3472,2,36000,1.0017281106
305863,305871,309169,8,3298,2,36000,1.00242571255
305927,305933,306024,6,91,1,3600,1.06593406593
306047,306058,309022,11,2964,2,36000,1.00371120108
306077,306088,309380,11,3292,2,36000,1.00334143378
306116,306126,309189,10,3063,2,36000,1.0032647731
306296,306305,309693,9,3388,2,36000,1.00265643447
306311,306318,309496,7,3178,2,36000,1.00220264317
306329,306339,309009,10,2670,2,36000,1.00374531835
306387,306396,309444,9,3048,2,36000,1.00295275591
306556,306566,309645,10,3079,2,36000,1.00324780773
306731,306750,310113,19,3363,2,36000,1.00564971751
306806,306817,310525,11,3708,2,36000,1.00296655879
306837,306847,309917,10,3070,2,36000,1.00325732899
306861,306870,310314,9,3444,2,36000,1.00261324042
306985,307287,309809,302,2522,2,28800,1.11974623315
307006,307014,309667,8,2653,2,36000,1.0030154542
307094,307103,310403,9,3300,2,36000,1.00272727273
307115,307123,310352,8,3229,2,36000,1.00247754723
307365,307375,310397,10,3022,2,36000,1.00330906684
307410,307416,311139,6,3723,2,36000,1.00161160355
307424,307431,310580,7,3149,2,36000,1.00222292791
307458,307693,311208,235,3515,2,28800,1.06685633001
307485,307494,310632,9,3138,2,36000,1.00286806883
307500,307508,310695,8,3187,2,36000,1.00251019768
307536,307546,310960,10,3414,2,36000,1.00292911541
307578,307588,310458,10,2870,2,36000,1.00348432056
307772,307780,311112,8,3332,2,36000,1.00240096038
307793,307801,310725,8,2924,2,36000,1.00273597811
307826,307835,311062,9,3227,2,36000,1.00278896808
307935,308244,311300,309,3056,2,28800,1.10111256545
307977,307987,311314,10,3327,2,36000,1.00300571085
308028,308038,311490,10,3452,2,36000,1.00289687138
308164,308174,311422,10,3248,2,36000,1.00307881773
308206,308215,311573,9,3358,2,36000,1.00268016677
308445,308453,311283,8,2830,2,36000,1.00282685512
308517,308527,312259,10,3732,2,36000,1.0026795284
308554,308563,311886,9,3323,2,36000,1.00270839603
308738,308747,312022,9,3275,2,36000,1.0027480916
308901,308907,311961,6,3054,2,36000,1.00196463654
308934,308940,312205,6,3265,2,36000,1.00183767228
309010,309016,312344,6,3328,2,36000,1.00180288462
309025,309031,312170,6,3139,2,36000,1.00191143676
309049,309055,311983,6,2928,2,36000,1.00204918033
309127,309133,312882,6,3749,2,36000,1.00160042678
309157,309163,312561,6,3398,2,36000,1.00176574456
309172,309178,312070,6,2892,2,36000,1.0020746888
309190,309196,312559,6,3363,2,36000,1.00178412132
309372,309378,312439,6,3061,2,36000,1.00196014374
309386,309393,312291,7,2898,2,36000,1.00241545894
309447,309453,312559,6,3106,2,36000,1.00193174501
309498,309504,312883,6,3379,2,36000,1.00177567328
309647,309653,313224,6,3571,2,36000,1.00168020162
309668,309674,312841,6,3167,2,36000,1.00189453742
309695,309701,312988,6,3287,2,36000,1.00182537268
309919,309925,312763,6,2838,2,36000,1.0021141649
310116,310122,313969,6,3847,2,36000,1.00155965688
310316,310322,313425,6,3103,2,36000,1.00193361263
310355,310361,313154,6,2793,2,36000,1.00214822771
310400,310406,313585,6,3179,2,36000,1.00188738597
310415,310421,314020,6,3599,2,36000,1.00166712976
310461,310467,313447,6,2980,2,36000,1.00201342282
310528,310534,313975,6,3441,2,36000,1.00174367916
310582,310588,313433,6,2845,2,36000,1.00210896309
310635,310641,313563,6,2922,2,36000,1.00205338809
310696,310702,313706,6,3004,2,36000,1.00199733688
310726,310732,314397,6,3665,2,36000,1.00163710778
310964,310970,314062,6,3092,2,36000,1.00194049159
311064,311070,314244,6,3174,2,36000,1.00189035917
311115,311121,313958,6,2837,2,36000,1.00211491012
311139,311145,314543,6,3398,2,36000,1.00176574456
311257,311263,313970,6,2707,2,28800,1.0022164758
311285,311291,314420,6,3129,2,36000,1.00191754554
311295,314210,322736,2915,8526,3,25200,1.34189537884
311315,311321,314377,6,3056,2,36000,1.00196335079
311316,315648,326184,4332,10536,3,25200,1.41116173121
311424,311430,314802,6,3372,2,36000,1.00177935943
311494,311500,314502,6,3002,2,36000,1.00199866755
311576,311582,315155,6,3573,2,36000,1.00167926113
311888,311893,314980,5,3087,2,36000,1.0016196955
311963,311969,315072,6,3103,2,36000,1.00193361263
311985,311991,315106,6,3115,2,36000,1.00192616372
312024,312030,315434,6,3404,2,36000,1.0017626322
312073,312079,315303,6,3224,2,36000,1.00186104218
312173,312179,314984,6,2805,2,36000,1.00213903743
312206,312213,315407,7,3194,2,36000,1.00219160927
312253,316139,316141,3886,2,8,9000,388.8
312261,312277,315634,16,3357,2,36000,1.00476616026
312295,312301,315246,6,2945,2,36000,1.00203735144
312346,312352,315434,6,3082,2,36000,1.0019467878
312440,312446,315596,6,3150,2,36000,1.0019047619
312562,312568,316200,6,3632,2,36000,1.00165198238
312563,312574,315851,11,3277,2,36000,1.00335672872
312564,312580,316410,16,3830,2,36000,1.00417754569
312764,312770,315863,6,3093,2,36000,1.00193986421
312843,312849,315934,6,3085,2,36000,1.00194489465
312885,312892,316351,7,3459,2,36000,1.00202370627
312887,312898,316309,11,3411,2,36000,1.00322486074
312990,312996,316117,6,3121,2,36000,1.00192246075
313157,313163,316143,6,2980,2,36000,1.00201342282
313227,313233,315975,6,2742,2,36000,1.00218818381
313357,313985,319614,628,5629,2,28800,1.11156510926
313427,313433,316548,6,3115,2,36000,1.00192616372
313442,313448,316516,6,3068,2,36000,1.00195567145
313457,313463,316709,6,3246,2,36000,1.00184842884
313566,313572,316794,6,3222,2,36000,1.00186219739
313587,313593,317195,6,3602,2,36000,1.00166574125
313708,313714,317150,6,3436,2,36000,1.00174621653
313958,313964,317256,6,3292,2,36000,1.00182260024
313973,313979,317284,6,3305,2,36000,1.00181543116
313988,313994,317776,6,3782,2,36000,1.00158646219
314021,314027,317164,6,3137,2,36000,1.0019126554
314063,314070,317196,7,3126,2,36000,1.00223928343
314187,314257,319009,70,4752,2,28800,1.01473063973
314245,314251,317186,6,2935,2,36000,1.00204429302
314380,314386,317995,6,3609,2,36000,1.00166251039
314398,314404,317207,6,2803,2,36000,1.00214056368
314422,314429,317689,7,3260,2,36000,1.00214723926
314504,314510,317944,6,3434,2,36000,1.00174723355
314543,314550,317281,7,2731,2,36000,1.00256316368
314803,314809,318088,6,3279,2,36000,1.00182982617
314872,315947,320095,1075,4148,2,28800,1.25916104147
314982,314988,317900,6,2912,2,36000,1.00206043956
314997,315003,317889,6,2886,2,36000,1.00207900208
315072,315078,318450,6,3372,2,36000,1.00177935943
315108,315115,318641,7,3526,2,36000,1.00198525241
315157,315163,318361,6,3198,2,36000,1.00187617261
315247,315253,318516,6,3263,2,36000,1.00183879865
315304,315311,318525,7,3214,2,36000,1.00217797138
315407,315414,318128,7,2714,2,36000,1.00257921887
315434,315441,318482,7,3041,2,36000,1.00230187438
315436,315447,318634,11,3187,2,36000,1.00345152181
315593,316144,320270,551,4126,2,28800,1.13354338342
315597,315603,318735,6,3132,2,36000,1.00191570881
315636,315642,318184,6,2542,2,36000,1.00236034618
315844,316150,319762,306,3612,1,3600,1.08471760797
315853,315860,319306,7,3446,2,36000,1.00203134068
315868,315874,321240,6,5366,2,36000,1.00111815132
315935,315941,318951,6,3010,2,36000,1.00199335548
315977,315985,319251,8,3266,2,36000,1.00244947949
316119,316125,318837,6,2712,2,36000,1.00221238938
316146,316156,319282,10,3126,2,36000,1.00319897633
316200,316207,319557,7,3350,2,36000,1.00208955224
316245,319571,319787,3326,216,8,9000,16.3981481481
316296,317222,321887,926,4665,2,28800,1.19849946409
316309,316315,319490,6,3175,2,36000,1.00188976378
316352,316358,319931,6,3573,2,36000,1.00167926113
316390,317789,317793,1399,4,2,360000,140.3
316413,316420,320037,7,3617,2,36000,1.0019353055
316518,316524,319899,6,3375,2,36000,1.00177777778
316548,316554,319432,6,2878,2,36000,1.0020847811
316711,316718,319606,7,2888,2,36000,1.00242382271
316796,316802,319861,6,3059,2,36000,1.0019614253
317153,317159,320391,6,3232,2,36000,1.00185643564
317168,317174,320553,6,3379,2,36000,1.00177567328
317189,317195,320503,6,3308,2,36000,1.00181378476
317204,317210,320065,6,2855,2,36000,1.00210157618
317205,317216,320570,11,3354,2,36000,1.00327966607
317220,317228,320566,8,3338,2,36000,1.0023966447
317259,317265,320558,6,3293,2,36000,1.00182204677
317283,317290,320332,7,3042,2,36000,1.00230111769
317299,317305,320859,6,3554,2,36000,1.0016882386
317391,317804,320906,413,3102,2,28800,1.13313990974
317692,317698,320911,6,3213,2,36000,1.00186741363
317777,317783,320526,6,2743,2,36000,1.00218738607
317892,317898,320674,6,2776,2,36000,1.00216138329
317898,319625,322921,1727,3296,2,28800,1.5239684466
317907,317913,321361,6,3448,2,36000,1.00174013921
317943,317949,320921,6,2972,2,36000,1.00201884253
317998,318004,321353,6,3349,2,36000,1.00179157958
318088,318094,321427,6,3333,2,36000,1.00180018002
318130,318136,321282,6,3146,2,36000,1.00190718373
318184,318191,321133,7,2942,2,36000,1.00237933379
318363,318369,321735,6,3366,2,36000,1.00178253119
318451,318457,321522,6,3065,2,36000,1.00195758564
318484,318490,321247,6,2757,2,36000,1.00217627856
318517,318523,321809,6,3286,2,36000,1.00182592818
318532,318538,322053,6,3515,2,36000,1.00170697013
318635,318641,321343,6,2702,2,36000,1.00222057735
318650,318656,321806,6,3150,2,36000,1.0019047619
318675,319799,324694,1124,4895,2,28800,1.22962206333
318738,318743,321463,5,2720,2,36000,1.00183823529
318841,318847,321763,6,2916,2,36000,1.00205761317
318948,319804,325313,856,5509,2,28800,1.15538210201
318952,318959,321895,7,2936,2,36000,1.00238419619
319254,319260,322582,6,3322,2,36000,1.00180614088
319284,319290,322149,6,2859,2,36000,1.00209863589
319308,319314,322788,6,3474,2,36000,1.00172711572
319432,319438,322620,6,3182,2,36000,1.00188560654
319492,319498,322347,6,2849,2,36000,1.00210600211
319558,319565,323068,7,3503,2,36000,1.00199828718
319560,319809,325160,249,5351,2,28800,1.04653335825
319607,319613,322403,6,2790,2,36000,1.00215053763
319751,319815,325483,64,5668,2,28800,1.01129146083
319863,319869,323678,6,3809,2,36000,1.00157521659
319902,319908,323268,6,3360,2,36000,1.00178571429
319932,319938,323009,6,3071,2,36000,1.00195376099
320038,320044,323100,6,3056,2,36000,1.00196335079
320065,320071,322932,6,2861,2,36000,1.00209716882
320334,320340,323442,6,3102,2,36000,1.00193423598
320394,320400,323146,6,2746,2,36000,1.00218499636
320489,320496,324102,7,3606,1,3600,1.0019412091
320506,320512,323272,6,2760,2,36000,1.00217391304
320527,320533,323840,6,3307,2,36000,1.00181433323
320554,320560,323758,6,3198,2,36000,1.00187617261
320569,320576,323818,7,3242,2,36000,1.00215916101
320571,320582,323812,11,3230,2,36000,1.00340557276
320585,320592,323925,7,3333,2,36000,1.00210021002
320604,320917,364146,313,43229,1,43200,1.00724050984
320676,320682,323925,6,3243,2,36000,1.00185013876
320860,320866,323918,6,3052,2,36000,1.00196592398
320914,320923,324162,9,3239,2,36000,1.00277863538
320929,320935,324376,6,3441,2,36000,1.00174367916
321134,321140,324519,6,3379,2,36000,1.00177567328
321243,321249,325555,6,4306,2,36000,1.00139340455
321258,321264,323823,6,2559,2,36000,1.00234466589
321285,321291,324493,6,3202,2,36000,1.00187382886
321345,321351,324876,6,3525,2,36000,1.00170212766
321360,321366,324575,6,3209,2,36000,1.00186974135
321375,321381,324618,6,3237,2,36000,1.00185356812
321429,321435,324761,6,3326,2,36000,1.00180396873
321465,321471,324590,6,3119,2,36000,1.00192369349
321523,321529,324335,6,2806,2,36000,1.00213827512
321738,321744,325265,6,3521,2,36000,1.00170406135
321765,321771,324707,6,2936,2,36000,1.00204359673
321807,321813,324757,6,2944,2,36000,1.00203804348
321822,321828,325313,6,3485,2,36000,1.00172166428
321897,321903,324885,6,2982,2,36000,1.00201207243
322055,322061,325020,6,2959,2,36000,1.00202771206
322151,322157,325435,6,3278,2,36000,1.00183038438
322276,322747,382629,471,59882,1,79200,1.00786546876
322348,322354,325202,6,2848,2,36000,1.00210674157
322405,322411,325849,6,3438,2,36000,1.0017452007
322498,322752,325873,254,3121,1,14400,1.08138417174
322562,336044,940895,13482,604851,4,604800,1.02228978707
322583,322589,325571,6,2982,2,36000,1.00201207243
322622,322628,326152,6,3524,2,36000,1.00170261067
322788,322794,326001,6,3207,2,36000,1.00187090739
322933,322939,326154,6,3215,2,36000,1.00186625194
323011,323018,326730,7,3712,2,36000,1.00188577586
323069,323075,326384,6,3309,2,36000,1.00181323663
323102,323108,326089,6,2981,2,36000,1.0020127474
323147,323153,326465,6,3312,2,36000,1.0018115942
323268,323274,326742,6,3468,2,36000,1.00173010381
323283,323289,326752,6,3463,2,36000,1.00173260179
323443,323449,326894,6,3445,2,36000,1.00174165457
323679,323685,326649,6,2964,2,36000,1.0020242915
323760,323766,327392,6,3626,2,36000,1.00165471594
323812,323818,326910,6,3092,2,36000,1.00194049159
323827,323833,327113,6,3280,2,36000,1.00182926829
323828,323839,327024,11,3185,2,36000,1.00345368917
323843,323850,327044,7,3194,2,36000,1.00219160927
323919,323925,327592,6,3667,2,36000,1.00163621489
323934,323941,326957,7,3016,2,36000,1.00232095491
323936,323947,327101,11,3154,2,36000,1.00348763475
324001,324113,329209,112,5096,1,79200,1.02197802198
324165,324172,327913,7,3741,2,36000,1.00187115744
324225,324362,332456,137,8094,1,79200,1.01692611811
324337,324344,327936,7,3592,2,36000,1.00194877506
324377,324383,327669,6,3286,2,36000,1.00182592818
324494,324501,327499,7,2998,2,36000,1.00233488993
324521,324528,327339,7,2811,2,36000,1.002490217
324576,324582,327878,6,3296,2,36000,1.00182038835
324594,324600,327964,6,3364,2,36000,1.00178359096
324620,324627,327996,7,3369,2,36000,1.00207776788
324708,324714,327675,6,2961,2,36000,1.00202634245
324759,324765,327703,6,2938,2,36000,1.00204220558
324774,324780,328158,6,3378,2,36000,1.00177619893
324877,324883,327888,6,3005,2,36000,1.00199667221
324891,324897,327981,6,3084,2,36000,1.00194552529
325021,325028,328494,7,3466,2,36000,1.00201961916
325206,325212,328351,6,3139,2,36000,1.00191143676
325266,325272,328126,6,2854,2,36000,1.00210231254
325314,325320,328644,6,3324,2,36000,1.00180505415
325438,325444,328588,6,3144,2,36000,1.00190839695
325555,325561,328773,6,3212,2,36000,1.00186799502
325573,325580,328997,7,3417,2,36000,1.00204858063
325851,325857,328705,6,2848,2,36000,1.00210674157
326002,326008,329304,6,3296,2,36000,1.00182038835
326093,326099,329827,6,3728,2,36000,1.00160944206
326153,326159,329186,6,3027,2,36000,1.00198216056
326168,326174,329577,6,3403,2,36000,1.00176315016
326385,326392,329811,7,3419,2,36000,1.00204738228
326467,326473,329522,6,3049,2,36000,1.00196785831
326651,326657,330584,6,3927,2,36000,1.00152788388
326732,326739,329935,7,3196,2,36000,1.0021902378
326747,326753,330095,6,3342,2,36000,1.00179533214
326762,326768,329670,6,2902,2,36000,1.00206753963
326895,326901,330612,6,3711,2,36000,1.00161681487
326913,326919,330391,6,3472,2,36000,1.0017281106
326958,326964,329945,6,2981,2,36000,1.0020127474
327024,327031,330422,7,3391,2,36000,1.00206428782
327043,328366,331919,1323,3553,8,9000,1.37236138475
327046,327052,329846,6,2794,2,36000,1.00214745884
327103,327109,330706,6,3597,2,36000,1.00166805671
327118,327124,330553,6,3429,2,36000,1.00174978128
327339,327345,330823,6,3478,2,36000,1.00172512938
327393,327399,330666,6,3267,2,36000,1.00183654729
327503,327509,331155,6,3646,2,36000,1.00164563906
327593,327599,330818,6,3219,2,36000,1.0018639329
327672,327678,330793,6,3115,2,36000,1.00192616372
327686,327692,331122,6,3430,2,36000,1.00174927114
327704,327710,330615,6,2905,2,36000,1.00206540448
327880,327886,331200,6,3314,2,36000,1.00181050091
327895,327901,331273,6,3372,2,36000,1.00177935943
327916,327922,331281,6,3359,2,36000,1.00178624591
327937,327943,331179,6,3236,2,36000,1.00185414091
327967,327973,331199,6,3226,2,36000,1.00185988841
327982,327988,331141,6,3153,2,36000,1.00190294957
327997,328003,330968,6,2965,2,36000,1.00202360877
328129,328136,331155,7,3019,2,36000,1.00231864856
328159,328166,331405,7,3239,2,36000,1.00216116085
328354,328360,331069,6,2709,2,36000,1.00221483942
328495,328502,331586,7,3084,2,36000,1.00226977951
328589,328595,331580,6,2985,2,36000,1.00201005025
328647,328653,332555,6,3902,2,36000,1.00153767299
328707,328713,331637,6,2924,2,36000,1.00205198358
328776,328783,331567,7,2784,2,36000,1.00251436782
328791,328797,328798,6,1,2,3540,1.0
329000,329006,332413,6,3407,2,36000,1.00176108013
329187,329193,332387,6,3194,2,36000,1.00187852223
329305,329311,332448,6,3137,2,36000,1.0019126554
329525,329531,333219,6,3688,2,36000,1.00162689805
329579,329585,333164,6,3579,2,36000,1.00167644593
329673,329679,333042,6,3363,2,36000,1.00178412132
329812,329818,333077,6,3259,2,36000,1.00184105554
329830,329836,333035,6,3199,2,36000,1.00187558612
329848,329854,332783,6,2929,2,36000,1.00204848071
329936,329942,332829,6,2887,2,36000,1.00207828195
329951,329957,333546,6,3589,2,36000,1.00167177487
330096,330102,333060,6,2958,2,36000,1.00202839757
330393,330399,333796,6,3397,2,36000,1.00176626435
330426,330432,333888,6,3456,2,36000,1.00173611111
330556,330562,333542,6,2980,2,36000,1.00201342282
330586,330592,333709,6,3117,2,36000,1.00192492782
330613,330619,333594,6,2975,2,36000,1.00201680672
330628,330634,333885,6,3251,2,36000,1.00184558597
330667,330674,334273,7,3599,2,36000,1.00194498472
330707,330713,333771,6,3058,2,36000,1.00196206671
330795,330801,333653,6,2852,2,36000,1.00210378682
330822,330828,333854,6,3026,2,36000,1.0019828156
330837,330843,334433,6,3590,2,36000,1.00167130919
330970,330976,333854,6,2878,2,36000,1.0020847811
331070,331076,334003,6,2927,2,36000,1.00204988042
331124,331130,334730,6,3600,2,36000,1.00166666667
331142,331148,334189,6,3041,2,36000,1.00197303519
331157,331163,334450,6,3287,2,36000,1.00182537268
331158,331169,334293,11,3124,2,36000,1.00352112676
331179,331185,333811,6,2626,2,36000,1.00228484387
331200,331206,334086,6,2880,2,36000,1.00208333333
331202,331212,334203,10,2991,2,36000,1.00334336342
331274,331280,334468,6,3188,2,36000,1.00188205772
331289,331295,334428,6,3133,2,36000,1.00191509735
331407,331413,334557,6,3144,2,36000,1.00190839695
331570,331576,335075,6,3499,2,36000,1.00171477565
331585,331591,334508,6,2917,2,36000,1.00205690778
331600,331606,334406,6,2800,2,36000,1.00214285714
331639,331645,334956,6,3311,2,36000,1.00181214135
332274,332280,336033,6,3753,8,7200,1.00159872102
332274,333562,337363,1288,3801,8,7200,1.33885819521
332274,334307,337966,2033,3659,8,7200,1.5556162886
332275,336049,339721,3774,3672,8,7200,2.02777777778
332276,339732,343379,7456,3647,8,7200,3.04442007129
332276,337374,341090,5098,3716,8,7200,2.37190527449
332276,337977,341667,5701,3690,8,7200,2.54498644986
332277,341101,341104,8824,3,8,7200,882.7
332277,341115,341117,8838,2,8,7200,884.0
332278,341154,341157,8876,3,8,7200,887.9
332278,341141,341143,8863,2,8,7200,886.5
332278,341128,341130,8850,2,8,7200,885.2
332279,341196,341199,8917,3,8,7200,892.0
332279,341168,341171,8889,3,8,7200,889.2
332279,341182,341185,8903,3,8,7200,890.6
332280,341210,344698,8930,3488,8,7200,3.56020642202
332280,343390,347110,11110,3720,8,7200,3.98655913978
332280,341678,345552,9398,3874,8,7200,3.42591636551
332281,344710,348509,12429,3799,8,7200,4.27165043432
332388,332394,335142,6,2748,2,36000,1.00218340611
332415,332421,335295,6,2874,2,36000,1.00208768267
332448,332455,335410,7,2955,2,36000,1.00236886633
332558,332564,335955,6,3391,2,36000,1.00176938956
332765,405940,406274,73175,334,64,300,220.086826347
332785,332791,336335,6,3544,2,36000,1.00169300226
332831,332838,336655,7,3817,2,36000,1.00183390097
333038,333044,335860,6,2816,2,36000,1.00213068182
333053,333059,336011,6,2952,2,36000,1.00203252033
333068,333075,336478,7,3403,2,36000,1.00205700852
333083,333090,336299,7,3209,2,36000,1.00218136491
333166,333172,336745,6,3573,2,36000,1.00167926113
333221,333227,336367,6,3140,2,36000,1.00191082803
333544,333550,336486,6,2936,2,36000,1.00204359673
333545,333556,336711,11,3155,2,36000,1.00348652932
333597,333603,337140,6,3537,2,36000,1.00169635284
333654,333660,336767,6,3107,2,36000,1.00193112327
333712,333718,336931,6,3213,2,36000,1.00186741363
333772,333778,336782,6,3004,2,36000,1.00199733688
333796,333803,336815,7,3012,2,36000,1.00232403718
333811,333817,337156,6,3339,2,36000,1.00179694519
333857,333863,336963,6,3100,2,36000,1.00193548387
333858,333869,336745,11,2876,2,36000,1.00382475661
333888,333895,337112,7,3217,2,36000,1.00217594032
333890,333901,336941,11,3040,2,36000,1.00361842105
334005,334012,337286,7,3274,2,36000,1.00213805742
334087,334093,336887,6,2794,2,36000,1.00214745884
334190,334196,337214,6,3018,2,36000,1.00198807157
334205,334211,337041,6,2830,2,36000,1.00212014134
334274,334280,337294,6,3014,2,36000,1.00199071002
334295,334301,337718,6,3417,2,36000,1.00175592625
334407,334413,338091,6,3678,2,36000,1.00163132137
334431,334437,337485,6,3048,2,36000,1.00196850394
334446,334452,337138,6,2686,2,36000,1.00223380491
334461,334467,337163,6,2696,2,36000,1.00222551929
334475,334482,337657,7,3175,2,36000,1.00220472441
334509,334515,337764,6,3249,2,36000,1.00184672207
334560,334567,338014,7,3447,2,36000,1.00203075138
334730,334736,337674,6,2938,2,36000,1.00204220558
334957,334963,338157,6,3194,2,36000,1.00187852223
335078,335084,338470,6,3386,2,36000,1.00177200236
335144,335150,338149,6,2999,2,36000,1.00200066689
335298,335304,338338,6,3034,2,36000,1.00197758734
335413,335419,338733,6,3314,2,36000,1.00181050091
335861,335867,339308,6,3441,2,36000,1.00174367916
335957,335964,339327,7,3363,2,36000,1.00208147487
336012,336018,338925,6,2907,2,36000,1.00206398349
336079,336085,368518,6,32433,1,32400,1.00018499676
336301,336307,340017,6,3710,2,36000,1.00161725067
336338,336344,339362,6,3018,2,36000,1.00198807157
336361,336796,342931,435,6135,1,32400,1.07090464548
336368,336374,339800,6,3426,2,36000,1.00175131349
336480,336486,339858,6,3372,2,36000,1.00177935943
336495,336501,339946,6,3445,2,36000,1.00174165457
336658,336664,339938,6,3274,2,36000,1.00183262065
336713,336719,339598,6,2879,2,36000,1.00208405696
336746,336753,339831,7,3078,2,36000,1.00227420403
336748,336759,340186,11,3427,2,36000,1.00320980449
336769,336775,340348,6,3573,2,36000,1.00167926113
336784,336790,339784,6,2994,2,36000,1.00200400802
336817,336823,339897,6,3074,2,36000,1.00195185426
336889,336896,340138,7,3242,2,36000,1.00215916101
336932,336938,340245,6,3307,2,36000,1.00181433323
336947,336952,340654,5,3702,2,36000,1.00135062129
336965,336971,340013,6,3042,2,36000,1.00197238659
337043,337049,340496,6,3447,2,36000,1.00174064404
337116,337122,340262,6,3140,2,36000,1.00191082803
337140,337146,339498,6,2352,2,36000,1.00255102041
337141,337152,340616,11,3464,2,36000,1.00317551963
337160,337166,340006,6,2840,2,36000,1.00211267606
337175,337181,340394,6,3213,2,36000,1.00186741363
337217,337223,340085,6,2862,2,36000,1.00209643606
337286,337293,340106,7,2813,2,36000,1.0024884465
337301,337307,340665,6,3358,2,36000,1.00178677784
337486,337492,341051,6,3559,2,36000,1.00168586682
337658,337664,340540,6,2876,2,36000,1.00208623088
337676,337682,340746,6,3064,2,36000,1.00195822454
337721,337727,341121,6,3394,2,36000,1.00176782557
337766,337773,340938,7,3165,2,36000,1.00221169036
338017,338023,341352,6,3329,2,36000,1.00180234305
338092,338098,341346,6,3248,2,36000,1.00184729064
338149,338156,341389,7,3233,2,36000,1.00216517167
338164,338170,341494,6,3324,2,36000,1.00180505415
338340,338346,341306,6,2960,2,36000,1.00202702703
338432,349288,352933,10856,3645,32,3600,3.97832647462
338473,338479,341707,6,3228,2,36000,1.00185873606
338735,338741,342302,6,3561,2,36000,1.00168491997
338926,338932,342486,6,3554,2,36000,1.0016882386
339310,339316,342892,6,3576,2,36000,1.00167785235
339328,339334,342390,6,3056,2,36000,1.00196335079
339364,339370,342644,6,3274,2,36000,1.00183262065
339500,339506,342526,6,3020,2,36000,1.00198675497
339594,339600,342221,6,2621,2,36000,1.00228920259
339784,339790,343059,6,3269,2,36000,1.00183542368
339802,339808,342943,6,3135,2,36000,1.0019138756
339832,339838,342741,6,2903,2,36000,1.00206682742
339859,339865,343556,6,3691,2,36000,1.00162557572
339898,339905,342919,7,3014,2,36000,1.00232249502
339941,339947,343158,6,3211,2,36000,1.00186857677
339956,339962,342785,6,2823,2,36000,1.00212539851
340007,340013,343106,6,3093,2,36000,1.00193986421
340022,340028,343468,6,3440,2,36000,1.00174418605
340023,340034,343780,11,3746,2,36000,1.00293646556
340087,340093,342750,6,2657,2,36000,1.00225818592
340108,340114,343711,6,3597,2,36000,1.00166805671
340141,340147,342707,6,2560,2,36000,1.00234375
340190,340196,343310,6,3114,2,36000,1.00192678227
340247,340253,343476,6,3223,2,36000,1.00186161961
340262,340268,343527,6,3259,2,36000,1.00184105554
340349,340356,343279,7,2923,2,36000,1.00239479986
340398,340404,343503,6,3099,2,36000,1.00193610842
340498,340504,344360,6,3856,2,36000,1.0015560166
340543,340549,343801,6,3252,2,36000,1.00184501845
340618,340625,344118,7,3493,2,36000,1.00200400802
340655,340661,343556,6,2895,2,36000,1.00207253886
340670,340676,343848,6,3172,2,36000,1.00189155107
340748,340754,344188,6,3434,2,36000,1.00174723355
340941,340947,344106,6,3159,2,36000,1.00189933523
341053,341060,344316,7,3256,2,36000,1.00214987715
341124,341134,344278,10,3144,2,36000,1.00318066158
341309,341315,344471,6,3156,2,36000,1.00190114068
341348,341354,344651,6,3297,2,36000,1.00181983621
341363,341369,344671,6,3302,2,36000,1.00181708056
341390,341396,344513,6,3117,2,36000,1.00192492782
341496,341502,345789,6,4287,2,36000,1.00139958013
341710,341716,344578,6,2862,2,36000,1.00209643606
342223,342229,345269,6,3040,2,36000,1.00197368421
342305,342311,345301,6,2990,2,36000,1.00200668896
342392,342398,345606,6,3208,2,36000,1.00187032419
342489,342495,345593,6,3098,2,36000,1.00193673338
342528,342534,345514,6,2980,2,36000,1.00201342282
342646,342652,345461,6,2809,2,36000,1.00213599146
342710,342716,345892,6,3176,2,36000,1.00188916877
342743,342750,346408,7,3658,2,36000,1.001913614
342758,342764,346492,6,3728,2,36000,1.00160944206
342788,342794,345993,6,3199,2,36000,1.00187558612
342894,342900,346153,6,3253,2,36000,1.00184445128
342921,342927,346039,6,3112,2,36000,1.00192802057
342945,342951,346368,6,3417,2,36000,1.00175592625
343063,343069,346296,6,3227,2,36000,1.00185931205
343108,343114,346229,6,3115,2,36000,1.00192616372
343160,343166,346387,6,3221,2,36000,1.00186277554
343280,343287,346508,7,3221,2,36000,1.00217323812
343314,343320,346491,6,3171,2,36000,1.00189214759
343471,343477,346524,6,3047,2,36000,1.00196914998
343485,343492,345872,7,2380,2,36000,1.00294117647
343503,343509,346706,6,3197,2,36000,1.00187675946
343527,343534,347040,7,3506,2,36000,1.0019965773
343558,343564,346493,6,2929,2,36000,1.00204848071
343559,343570,346904,11,3334,2,36000,1.00329934013
343713,343719,346990,6,3271,2,36000,1.00183430144
343783,343789,346770,6,2981,2,36000,1.0020127474
343804,343810,346833,6,3023,2,36000,1.00198478333
343849,343855,347179,6,3324,2,36000,1.00180505415
344109,344115,347263,6,3148,2,36000,1.00190597205
344124,344130,347197,6,3067,2,36000,1.0019563091
344190,344196,347052,6,2856,2,36000,1.00210084034
344281,344287,347767,6,3480,2,36000,1.00172413793
344317,344323,347831,6,3508,2,36000,1.00171037628
344362,344368,347229,6,2861,2,36000,1.00209716882
344471,344477,347924,6,3447,2,36000,1.00174064404
344513,344519,347377,6,2858,2,36000,1.00209937019
344579,344585,348337,6,3752,2,36000,1.00159914712
344652,344658,347957,6,3299,2,36000,1.00181873295
344673,344679,347702,6,3023,2,36000,1.00198478333
345272,345279,348831,7,3552,2,36000,1.00197072072
345303,345309,348564,6,3255,2,36000,1.00184331797
345462,345469,348704,7,3235,2,36000,1.00216383308
345517,345523,348955,6,3432,2,36000,1.00174825175
345595,345602,348766,7,3164,2,36000,1.00221238938
345610,345616,348951,6,3335,2,36000,1.00179910045
345791,345798,348777,7,2979,2,36000,1.00234978181
345873,345879,348825,6,2946,2,36000,1.00203665988
345894,345900,348691,6,2791,2,36000,1.00214976711
345997,346003,349173,6,3170,2,36000,1.00189274448
346042,346048,349628,6,3580,2,36000,1.00167597765
346157,346163,349323,6,3160,2,36000,1.00189873418
346232,346238,349601,6,3363,2,36000,1.00178412132
346298,346304,349418,6,3114,2,36000,1.00192678227
346371,346377,349379,6,3002,2,36000,1.00199866755
346389,346395,349473,6,3078,2,36000,1.00194931774
346410,346416,349716,6,3300,2,36000,1.00181818182
346491,346498,349435,7,2937,2,36000,1.00238338441
346493,346504,349970,11,3466,2,36000,1.00317368725
346508,346514,349808,6,3294,2,36000,1.00182149362
346510,346520,349667,10,3147,2,36000,1.00317762949
346528,346534,349731,6,3197,2,36000,1.00187675946
346709,346715,350167,6,3452,2,36000,1.00173812283
346773,346779,349493,6,2714,2,36000,1.00221075903
346836,346842,349696,6,2854,2,36000,1.00210231254
346906,346912,350458,6,3546,2,36000,1.00169204738
346990,346997,350354,7,3357,2,36000,1.00208519511
347042,347048,350218,6,3170,2,36000,1.00189274448
347057,347063,350702,6,3639,2,36000,1.00164880462
347181,347187,350206,6,3019,2,36000,1.00198741305
347199,347205,350705,6,3500,2,36000,1.00171428571
347229,347235,350025,6,2790,2,36000,1.00215053763
347265,347272,349888,7,2616,2,36000,1.00267584098
347380,347386,350996,6,3610,2,36000,1.00166204986
347703,347710,351063,7,3353,2,36000,1.00208768267
347770,347776,351026,6,3250,2,36000,1.00184615385
347833,347839,350670,6,2831,2,36000,1.00211939244
347927,347933,350787,6,2854,2,36000,1.00210231254
347960,347966,351005,6,3039,2,36000,1.00197433366
348338,348344,351970,6,3626,2,36000,1.00165471594
348347,352946,353040,4599,94,14,9960,49.9255319149
348565,348571,351745,6,3174,2,36000,1.00189035917
348691,348698,351972,7,3274,2,36000,1.00213805742
348707,348713,351894,6,3181,2,36000,1.00188619931
348767,348773,352083,6,3310,2,36000,1.00181268882
348782,348788,352107,6,3319,2,36000,1.00180777343
348827,348833,352419,6,3586,2,36000,1.00167317345
348842,348848,351732,6,2884,2,36000,1.00208044383
348951,348957,351856,6,2899,2,36000,1.0020696792
348966,348972,351786,6,2814,2,36000,1.00213219616
349174,349181,353018,7,3837,2,36000,1.00182434193
349326,349332,352142,6,2810,2,36000,1.00213523132
349380,349386,352396,6,3010,2,36000,1.00199335548
349420,349426,352714,6,3288,2,36000,1.00182481752
349438,349444,352674,6,3230,2,36000,1.00185758514
349474,349480,352893,6,3413,2,36000,1.00175798418
349495,349501,352621,6,3120,2,36000,1.00192307692
349604,349610,352720,6,3110,2,36000,1.00192926045
349628,349634,353372,6,3738,2,36000,1.00160513644
349667,349673,352894,6,3221,2,36000,1.00186277554
349697,349703,352874,6,3171,2,36000,1.00189214759
349718,349725,352866,7,3141,2,36000,1.00222858962
349733,349739,352705,6,2966,2,36000,1.0020229265
349783,349789,457840,6,108051,1,108000,1.00005552933
349784,352885,460903,3101,108018,1,108000,1.02870817827
349784,368562,476601,18778,108039,1,108000,1.17380760651
349809,349815,353030,6,3215,2,36000,1.00186625194
349890,349896,353090,6,3194,2,36000,1.00187852223
349972,349978,353584,6,3606,2,36000,1.00166389351
350026,350032,352932,6,2900,2,36000,1.00206896552
350097,351909,614881,1812,262972,3,360000,1.00689046743
350168,350174,353274,6,3100,2,36000,1.00193548387
350168,352139,353201,1971,1062,3,7200,2.85593220339
350207,350213,353677,6,3464,2,36000,1.00173210162
350222,350228,353223,6,2995,2,36000,1.0020033389
350260,350473,350475,213,2,2,3540,21.5
350355,350361,353849,6,3488,2,36000,1.00172018349
350461,350467,353860,6,3393,2,36000,1.0017683466
350673,350679,355032,6,4353,2,36000,1.00137835975
350703,350709,353010,6,2301,2,36000,1.00260756193
350718,350724,353612,6,2888,2,36000,1.00207756233
350790,350796,353724,6,2928,2,36000,1.00204918033
350999,351005,354104,6,3099,2,36000,1.00193610842
351014,351020,353990,6,2970,2,36000,1.00202020202
351029,351035,354688,6,3653,2,36000,1.00164248563
351065,351071,354208,6,3137,2,36000,1.0019126554
351734,351740,356338,6,4598,2,36000,1.00130491518
351749,351755,355199,6,3444,2,36000,1.00174216028
351788,351794,354605,6,2811,2,36000,1.00213447172
351857,351864,354861,7,2997,2,36000,1.002335669
351897,351903,355221,6,3318,2,36000,1.00180831826
351973,351979,354892,6,2913,2,36000,1.00205973223
351974,351985,355086,11,3101,2,36000,1.00354724282
352086,352092,355698,6,3606,2,36000,1.00166389351
352110,352116,354900,6,2784,2,36000,1.00215517241
352143,352149,355189,6,3040,2,36000,1.00197368421
352397,352403,355254,6,2851,2,36000,1.00210452473
352421,352427,355113,6,2686,2,36000,1.00223380491
352624,352630,355407,6,2777,2,36000,1.00216060497
352675,352681,355356,6,2675,2,36000,1.00224299065
352708,352714,355918,6,3204,2,36000,1.00187265918
352723,352729,356348,6,3619,2,36000,1.00165791655
352724,352735,356117,11,3382,2,36000,1.00325251331
352870,352876,356208,6,3332,2,36000,1.00180072029
352884,352891,356532,7,3641,2,36000,1.00192254875
352900,352905,355773,5,2868,2,36000,1.00174337517
352901,352911,356152,10,3241,2,36000,1.00308546745
352934,352940,356538,6,3598,2,36000,1.00166759311
353013,353019,355845,6,2826,2,36000,1.00212314225
353028,353034,356194,6,3160,2,36000,1.00189873418
353040,353046,353051,6,5,1,900,1.1
353042,353052,356399,10,3347,2,36000,1.00298775022
353049,353058,353129,9,71,14,9960,1.12676056338
353091,353097,356043,6,2946,2,36000,1.00203665988
353127,353133,353138,6,5,1,900,1.1
353134,353140,353266,6,126,14,9960,1.04761904762
353227,353233,356529,6,3296,2,36000,1.00182038835
353264,353270,353274,6,4,1,900,1.0
353270,353277,353358,7,81,14,9960,1.08641975309
353275,353283,356555,8,3272,2,36000,1.00244498778
353356,353362,353365,6,3,1,900,1.0
353362,353369,353501,7,132,14,9960,1.05303030303
353372,353378,356535,6,3157,2,36000,1.00190053849
353499,353506,353510,7,4,1,900,1.1
353505,353513,353653,8,140,14,9960,1.05714285714
353586,353593,357314,7,3721,2,36000,1.00188121473
353614,353620,357276,6,3656,2,36000,1.00164113786
353651,353658,353662,7,4,1,900,1.1
353658,353664,353889,6,225,14,9960,1.02666666667
353680,353686,356683,6,2997,2,36000,1.002002002
353725,353731,356543,6,2812,2,36000,1.00213371266
353852,353858,356883,6,3025,2,36000,1.00198347107
353867,353873,357254,6,3381,2,36000,1.00177462289
353883,354907,354912,1024,5,1,900,102.9
353888,353900,354127,12,227,14,9960,1.05286343612
353991,353997,356500,6,2503,2,36000,1.00239712345
354106,354112,358351,6,4239,2,36000,1.00141542817
354124,354923,354927,799,4,1,900,80.3
354132,354138,354311,6,173,14,9960,1.03468208092
354209,354215,357727,6,3512,2,36000,1.00170842825
354309,354938,354941,629,3,1,900,63.2
354315,354322,354544,7,222,14,9960,1.03153153153
354542,354952,354956,410,4,1,900,41.4
354547,354555,354780,8,225,14,9960,1.03555555556
354608,354614,358217,6,3603,2,36000,1.00166527893
354690,354696,358182,6,3486,2,36000,1.0017211704
354778,354967,354970,189,3,1,900,19.2
354785,354791,355009,6,218,14,9960,1.02752293578
354862,354868,358091,6,3223,2,36000,1.00186161961
354895,354901,358279,6,3378,2,36000,1.00177619893
354910,354916,358262,6,3346,2,36000,1.00179318589
355006,355012,355016,6,4,1,900,1.0
355013,355020,355240,7,220,14,9960,1.03181818182
355034,355040,357788,6,2748,2,36000,1.00218340611
355088,355094,357707,6,2613,2,36000,1.00229621125
355109,355115,358558,6,3443,2,36000,1.00174266628
355190,355197,358297,7,3100,2,36000,1.00225806452
355205,355212,358301,7,3089,2,36000,1.00226610554
355223,355229,358423,6,3194,2,36000,1.00187852223
355237,355251,355255,14,4,1,900,1.8
355246,355268,355486,22,218,14,9960,1.10091743119
355256,355262,358151,6,2889,2,36000,1.0020768432
355353,355359,358964,6,3605,2,36000,1.00166435506
355410,355416,358712,6,3296,2,36000,1.00182038835
355484,355490,355494,6,4,1,900,1.0
355491,355497,355717,6,220,14,9960,1.02727272727
355700,355706,358796,6,3090,2,36000,1.00194174757
355715,355857,355861,142,4,1,900,14.6
355720,355728,355876,8,148,14,9960,1.05405405405
355776,355782,358898,6,3116,2,36000,1.00192554557
355845,355851,359098,6,3247,2,36000,1.00184785956
355874,355881,355884,7,3,1,900,1.0
355880,355887,356050,7,163,14,9960,1.04294478528
355921,355927,358847,6,2920,2,36000,1.00205479452
356045,356051,358814,6,2763,2,36000,1.00217155266
356048,356057,356061,9,4,1,900,1.3
356054,356063,356296,9,233,14,9960,1.03862660944
356120,356126,359407,6,3281,2,36000,1.00182871076
356153,356159,359356,6,3197,2,36000,1.00187675946
356195,356201,359939,6,3738,2,36000,1.00160513644
356210,356216,359395,6,3179,2,36000,1.00188738597
356293,356360,356364,67,4,1,900,7.1
356301,356307,356524,6,217,14,9960,1.02764976959
356340,356346,359413,6,3067,2,36000,1.0019563091
356355,356366,359691,11,3325,2,36000,1.00330827068
356400,356406,360018,6,3612,2,36000,1.00166112957
356503,356509,360052,6,3543,2,36000,1.0016934801
356521,356547,356551,26,4,1,900,3.0
356529,356535,356667,6,132,14,9960,1.04545454545
356530,356541,359617,11,3076,2,36000,1.00357607282
356546,356553,359531,7,2978,2,36000,1.00235057085
356547,356559,360223,12,3664,2,36000,1.00327510917
356549,356566,359891,17,3325,2,36000,1.00511278195
356550,356571,359685,21,3114,2,36000,1.00674373796
356565,356578,359728,13,3150,2,36000,1.00412698413
356665,356698,356703,33,5,1,900,3.8
356671,356679,356901,8,222,14,9960,1.03603603604
356686,356692,360296,6,3604,2,36000,1.00166481687
356886,356892,360503,6,3611,2,36000,1.00166158959
356893,357291,357295,398,4,1,900,40.2
356899,356912,357040,13,128,14,9960,1.1015625
357038,357296,357300,258,4,1,900,26.2
357043,357051,357176,8,125,14,9960,1.064
357175,357306,357309,131,3,1,900,13.4
357180,357187,357316,7,129,14,9960,1.05426356589
357255,357261,360821,6,3560,2,36000,1.00168539326
357279,357285,361096,6,3811,2,36000,1.00157438992
357314,357320,357323,6,3,1,900,1.0
357315,357326,360688,11,3362,2,36000,1.00327186199
357323,357332,357458,9,126,14,9960,1.07142857143
357456,357462,357466,6,4,1,900,1.0
357462,357469,357546,7,77,14,9960,1.09090909091
357544,357550,357553,6,3,1,900,1.0
357549,357557,357644,8,87,14,9960,1.09195402299
357642,357648,357651,6,3,1,900,1.0
357647,357655,357799,8,144,14,9960,1.05555555556
357709,357715,361300,6,3585,2,36000,1.00167364017
357730,357736,361250,6,3514,2,36000,1.00170745589
357791,357798,360895,7,3097,2,36000,1.00226025186
357792,357804,357808,12,4,1,900,1.6
357800,357810,357941,10,131,14,9960,1.07633587786
357939,357945,357950,6,5,1,900,1.1
357945,357952,358120,7,168,14,9960,1.04166666667
358094,358100,361443,6,3343,2,36000,1.00179479509
358118,358312,358316,194,4,1,900,19.8
358124,358132,358307,8,175,14,9960,1.04571428571
358154,358160,361283,6,3123,2,36000,1.00192122959
358185,358191,361241,6,3050,2,36000,1.00196721311
358218,358224,361551,6,3327,2,36000,1.00180342651
358263,358269,361332,6,3063,2,36000,1.00195886386
358281,358288,361414,7,3126,2,36000,1.00223928343
358299,358306,361666,7,3360,2,36000,1.00208333333
358305,358317,358321,12,4,1,900,1.6
358313,358323,358406,10,83,14,9960,1.12048192771
358314,358328,361692,14,3364,2,36000,1.00416171225
358354,358360,361624,6,3264,2,36000,1.00183823529
358404,358726,358730,322,4,1,900,32.6
358410,358417,358496,7,79,14,9960,1.08860759494
358423,358429,361489,6,3060,2,36000,1.00196078431
358494,358741,358746,247,5,1,900,25.2
358500,358507,358591,7,84,14,9960,1.08333333333
358559,358566,361808,7,3242,2,36000,1.00215916101
358590,358757,358760,167,3,1,900,17.0
358596,358602,358736,6,134,14,9960,1.0447761194
358714,358720,362107,6,3387,2,36000,1.00177147919
358734,358771,358774,37,3,1,900,4.0
358740,358747,358830,7,83,14,9960,1.0843373494
358799,358805,361756,6,2951,2,36000,1.00203320908
358817,358823,361916,6,3093,2,36000,1.00193986421
358828,358834,358839,6,5,1,900,1.1
358835,358841,358903,6,62,14,9960,1.09677419355
358850,358856,361584,6,2728,2,36000,1.00219941349
358901,358907,361899,6,2992,2,36000,1.00200534759
358901,358977,358981,76,4,1,900,8.0
358908,358914,359051,6,137,14,9960,1.04379562044
358965,358971,361637,6,2666,2,36000,1.00225056264
359049,359055,359059,6,4,1,900,1.0
359055,359062,359202,7,140,14,9960,1.05
359101,359107,362208,6,3101,2,36000,1.00193485972
359200,359410,359415,210,5,1,900,21.5
359206,359213,359347,7,134,14,9960,1.05223880597
359345,359416,359420,71,4,1,900,7.5
359351,359359,359487,8,128,14,9960,1.0625
359358,359365,362927,7,3562,2,36000,1.0019651881
359397,359404,363439,7,4035,2,36000,1.00173482032
359413,359422,362057,9,2635,2,36000,1.00341555977
359415,359427,362740,12,3313,2,36000,1.00362209478
359485,359492,359496,7,4,1,900,1.1
359493,359499,359587,6,88,14,9960,1.06818181818
359533,359539,363083,6,3544,2,36000,1.00169300226
359585,359591,359595,6,4,1,900,1.0
359591,359599,359691,8,92,14,9960,1.08695652174
359618,359624,363014,6,3390,2,36000,1.0017699115
359687,359693,363156,6,3463,2,36000,1.00173260179
359689,359702,359705,13,3,1,900,1.6
359697,359708,359845,11,137,14,9960,1.0802919708
359702,359713,363080,11,3367,2,36000,1.00326700327
359729,359735,362552,6,2817,2,36000,1.00212992545
359843,359849,359854,6,5,1,900,1.1
359846,359865,367169,19,7304,2,7200,1.00260131435
359848,359856,359986,8,130,14,9960,1.06153846154
359893,359899,362437,6,2538,2,36000,1.00236406619
359941,359947,362717,6,2770,2,36000,1.00216606498
359984,360032,360036,48,4,1,900,5.2
359991,359997,360136,6,139,14,9960,1.04316546763
360020,360026,362945,6,2919,2,36000,1.00205549846
360053,360059,363336,6,3277,2,36000,1.00183094294
360133,360139,360143,6,4,1,900,1.0
360139,360147,360305,8,158,14,9960,1.05063291139
360225,360232,363093,7,2861,2,36000,1.00244669696
360298,360304,363539,6,3235,2,36000,1.00185471406
360303,360516,360520,213,4,1,900,21.7
360309,360316,360470,7,154,14,9960,1.04545454545
360468,360522,360525,54,3,1,900,5.7
360474,360481,360620,7,139,14,9960,1.05035971223
360504,360510,363537,6,3027,2,36000,1.00198216056
360618,360624,360628,6,4,1,900,1.0
360624,360632,360779,8,147,14,9960,1.05442176871
360692,360698,363950,6,3252,2,36000,1.00184501845
360777,360783,360787,6,4,1,900,1.0
360783,360791,360962,8,171,14,9960,1.04678362573
360818,360825,363911,7,3086,2,36000,1.00226830849
360897,360903,363683,6,2780,2,36000,1.00215827338
360959,361075,361079,116,4,1,900,12.0
360965,360973,361064,8,91,14,9960,1.08791208791
361062,361080,361081,18,1,1,900,1.9
361097,361103,364305,6,3202,2,36000,1.00187382886
361242,361248,364454,6,3206,2,36000,1.00187149095
361257,361263,364795,6,3532,2,36000,1.00169875425
361284,361290,364660,6,3370,2,36000,1.00178041543
361302,361308,364424,6,3116,2,36000,1.00192554557
361335,361341,364177,6,2836,2,36000,1.00211565585
361414,361420,364391,6,2971,2,36000,1.00201952205
361444,361451,364849,7,3398,2,36000,1.00206003531
361490,361496,364278,6,2782,2,36000,1.00215672178
361553,361559,365013,6,3454,2,36000,1.00173711639
361586,361592,365081,6,3489,2,36000,1.00171969046
361626,361632,364883,6,3251,2,36000,1.00184558597
361641,361647,364715,6,3068,2,36000,1.00195567145
361668,361674,364375,6,2701,2,36000,1.00222139948
361695,361701,364668,6,2967,2,36000,1.00202224469
361758,361764,364887,6,3123,2,36000,1.00192122959
361810,361816,365182,6,3366,2,36000,1.00178253119
361900,361906,365515,6,3609,2,36000,1.00166251039
361918,361925,365056,7,3131,2,36000,1.00223570744
362058,362064,365022,6,2958,2,36000,1.00202839757
362109,362115,365324,6,3209,2,36000,1.00186974135
362209,362215,365558,6,3343,2,36000,1.00179479509
362439,362445,365534,6,3089,2,36000,1.00194237617
362554,362560,366617,6,4057,2,36000,1.00147892531
362721,362727,365936,6,3209,2,36000,1.00186974135
362742,362748,366205,6,3457,2,36000,1.00173560891
362929,362935,366043,6,3108,2,36000,1.00193050193
362947,362953,366185,6,3232,2,36000,1.00185643564
363017,363023,366279,6,3256,2,36000,1.00184275184
363083,363089,366461,6,3372,2,36000,1.00177935943
363084,363095,366162,11,3067,2,36000,1.00358656668
363099,363106,365816,7,2710,2,36000,1.00258302583
363154,364899,368551,1745,3652,32,3600,1.4778203724
363157,363163,366956,6,3793,2,36000,1.00158186132
363339,363345,366472,6,3127,2,36000,1.00191877199
363442,363450,366899,8,3449,2,36000,1.0023195129
363540,363546,366583,6,3037,2,36000,1.00197563385
363541,363552,366333,11,2781,2,36000,1.00395541172
363683,363690,366745,7,3055,2,36000,1.0022913257
363913,363919,367109,6,3190,2,36000,1.00188087774
363952,363958,367647,6,3689,2,36000,1.00162645703
364179,364185,367309,6,3124,2,36000,1.0019206146
364279,364285,366972,6,2687,2,36000,1.00223297358
364306,364312,367538,6,3226,2,36000,1.00185988841
364377,364383,367701,6,3318,2,36000,1.00180831826
364392,364398,368032,6,3634,2,36000,1.0016510732
364425,364431,367224,6,2793,2,36000,1.00214822771
364455,364461,367716,6,3255,2,36000,1.00184331797
364661,364667,368089,6,3422,2,36000,1.00175336061
364676,364682,367993,6,3311,2,36000,1.00181214135
364715,364722,367897,7,3175,2,36000,1.00220472441
364797,364803,367843,6,3040,2,36000,1.00197368421
364852,364858,368036,6,3178,2,36000,1.00188797986
364885,364891,368373,6,3482,2,36000,1.00172314762
364900,364906,367972,6,3066,2,36000,1.00195694716
365014,365020,367903,6,2883,2,36000,1.00208116545
365029,365035,368480,6,3445,2,36000,1.00174165457
365060,365066,368313,6,3247,2,36000,1.00184785956
365081,365087,367990,6,2903,2,36000,1.00206682742
365184,365190,368218,6,3028,2,36000,1.00198150594
365326,365332,368706,6,3374,2,36000,1.00177830468
365517,365523,368196,6,2673,2,36000,1.00224466891
365535,365541,368415,6,2874,2,36000,1.00208768267
365559,365565,368755,6,3190,2,36000,1.00188087774
365819,365825,369075,6,3250,2,36000,1.00184615385
365939,365946,368959,7,3013,2,36000,1.00232326585
366045,366051,369209,6,3158,2,36000,1.00189993667
366163,366169,369336,6,3167,2,36000,1.00189453742
366187,366193,369135,6,2942,2,36000,1.00203942896
366208,366214,370028,6,3814,2,36000,1.00157315155
366281,366287,370019,6,3732,2,36000,1.00160771704
366335,366341,369522,6,3181,2,36000,1.00188619931
366462,366468,369914,6,3446,2,36000,1.00174114916
366477,366483,370037,6,3554,2,36000,1.0016882386
366586,366592,369909,6,3317,2,36000,1.00180886343
366619,366625,370353,6,3728,2,36000,1.00160944206
366746,366753,370078,7,3325,2,36000,1.00210526316
366902,366908,369970,6,3062,2,36000,1.00195950359
366956,366962,370088,6,3126,2,36000,1.0019193858
366974,366980,370178,6,3198,2,36000,1.00187617261
367110,367116,370053,6,2937,2,36000,1.00204290092
367228,367234,370825,6,3591,2,36000,1.00167084378
367309,367316,370660,7,3344,2,36000,1.00209330144
367540,367546,370736,6,3190,2,36000,1.00188087774
367649,367655,370390,6,2735,2,36000,1.00219378428
367703,367709,370606,6,2897,2,36000,1.00207110804
367718,367724,370814,6,3090,2,36000,1.00194174757
367845,367851,370707,6,2856,2,36000,1.00210084034
367899,367905,370926,6,3021,2,36000,1.00198609732
367914,367920,371099,6,3179,2,36000,1.00188738597
367974,367981,371018,7,3037,2,36000,1.00230490616
367993,367999,370719,6,2720,2,36000,1.00220588235
368007,368014,371070,7,3056,2,36000,1.00229057592
368034,368041,370883,7,2842,2,36000,1.00246305419
368049,368056,370989,7,2933,2,36000,1.00238663484
368092,368098,371492,6,3394,2,36000,1.00176782557
368198,368204,371434,6,3230,2,36000,1.00185758514
368219,368225,371651,6,3426,2,36000,1.00175131349
368316,368322,371266,6,2944,2,36000,1.00203804348
368374,368380,371496,6,3116,2,36000,1.00192554557
368416,368423,371530,7,3107,2,36000,1.00225297715
368481,368487,371613,6,3126,2,36000,1.0019193858
368531,368537,368744,6,207,1,32400,1.02898550725
368636,368643,384056,7,15413,1,32400,1.00045416207
368706,368712,372339,6,3627,2,36000,1.00165425972
368758,368764,372164,6,3400,2,36000,1.00176470588
368962,368968,371671,6,2703,2,36000,1.00221975583
369079,369085,372395,6,3310,2,36000,1.00181268882
369136,369142,372633,6,3491,2,36000,1.00171870524
369209,369216,372282,7,3066,2,36000,1.00228310502
369337,369343,373219,6,3876,2,36000,1.00154798762
369526,369531,372735,5,3204,2,36000,1.00156054931
369910,369920,372633,10,2713,2,36000,1.00368595651
369925,369931,373547,6,3616,2,36000,1.00165929204
369971,369977,373386,6,3409,2,36000,1.00176004693
370020,370026,372999,6,2973,2,36000,1.00201816347
370036,370042,373164,6,3122,2,36000,1.00192184497
370051,370057,373395,6,3338,2,36000,1.00179748352
370066,370072,373336,6,3264,2,36000,1.00183823529
370081,370087,373638,6,3551,2,36000,1.00168966488
370097,370103,373400,6,3297,2,36000,1.00181983621
370179,370185,373295,6,3110,2,36000,1.00192926045
370355,370361,373672,6,3311,2,36000,1.00181214135
370379,406285,467521,35906,61236,32,61200,1.58635443203
370392,370398,373704,6,3306,2,36000,1.00181488203
370473,370479,370523,6,44,1,3600,1.13636363636
370607,370613,373681,6,3068,2,36000,1.00195567145
370661,370667,374423,6,3756,2,36000,1.00159744409
370709,370715,374130,6,3415,2,36000,1.00175695461
370724,370730,374327,6,3597,2,36000,1.00166805671
370739,370745,374023,6,3278,2,36000,1.00183038438
370815,370821,374068,6,3247,2,36000,1.00184785956
370830,370836,373671,6,2835,2,36000,1.00211640212
370884,370890,374337,6,3447,2,36000,1.00174064404
370930,370936,373790,6,2854,2,36000,1.00210231254
370990,370996,374165,6,3169,2,36000,1.00189334175
371020,371027,374084,7,3057,2,36000,1.00228982663
371072,371078,374024,6,2946,2,36000,1.00203665988
371102,371108,374126,6,3018,2,36000,1.00198807157
371268,371274,374537,6,3263,2,36000,1.00183879865
371434,371441,374948,7,3507,2,36000,1.00199600798
371495,371501,374378,6,2877,2,36000,1.00208550574
371510,371516,374794,6,3278,2,36000,1.00183038438
371531,371537,374863,6,3326,2,36000,1.00180396873
371616,371623,375022,7,3399,2,36000,1.00205942924
371653,371659,374868,6,3209,2,36000,1.00186974135
371674,371680,374642,6,2962,2,36000,1.00202565834
372166,372173,375188,7,3015,2,36000,1.00232172471
372263,372269,377821,6,5552,2,7200,1.00108069164
372285,372291,375792,6,3501,2,36000,1.00171379606
372342,372348,375944,6,3596,2,36000,1.00166852058
372397,372403,375594,6,3191,2,36000,1.00188028831
372441,372447,376061,6,3614,1,3600,1.00166021029
372635,372641,375695,6,3054,2,36000,1.00196463654
372637,372647,376084,10,3437,2,36000,1.00290951411
372736,372743,376069,7,3326,2,36000,1.00210463019
372974,372980,374101,6,1121,2,28800,1.00535236396
373000,373006,376367,6,3361,2,36000,1.00178518298
373166,373173,376735,7,3562,2,36000,1.0019651881
373221,373227,376140,6,2913,2,36000,1.00205973223
373296,373306,376530,10,3224,2,36000,1.00310173697
373338,373347,376422,9,3075,2,36000,1.00292682927
373387,373397,376341,10,2944,2,36000,1.00339673913
373402,373408,376929,6,3521,2,36000,1.00170406135
373403,373414,376567,11,3153,2,36000,1.00348874088
373548,373558,376936,10,3378,2,36000,1.00296033156
373639,373649,377206,10,3557,2,36000,1.00281135789
373672,373682,377128,10,3446,2,36000,1.00290191526
373674,373688,376770,14,3082,2,36000,1.00454250487
373689,373694,376651,5,2957,2,36000,1.00169090294
373707,373715,378733,8,5018,2,36000,1.00159426066
373791,373801,377084,10,3283,2,36000,1.00304599452
374025,374034,377382,9,3348,2,36000,1.00268817204
374026,374040,376910,14,2870,2,36000,1.00487804878
374071,374079,377184,8,3105,2,36000,1.00257648953
374086,374096,377508,10,3412,2,36000,1.00293083236
374129,374137,377326,8,3189,2,36000,1.00250862339
374143,374149,377886,6,3737,2,36000,1.00160556596
374143,380918,483462,6775,102544,4,126000,1.06606919956
374168,374176,377363,8,3187,2,36000,1.00251019768
374203,405945,513310,31742,107365,4,126000,1.29564569459
374247,406295,511367,32048,105072,4,126000,1.30500989797
374330,374338,377876,8,3538,2,36000,1.0022611645
374344,374351,377684,7,3333,2,36000,1.00210021002
374381,374389,378252,8,3863,2,36000,1.00207092933
374426,374434,377829,8,3395,2,36000,1.00235640648
374538,374548,378017,10,3469,2,36000,1.00288267512
374572,406301,406305,31729,4,4,144000,3173.3
374644,374654,378000,10,3346,2,36000,1.00298864316
374795,374805,377547,10,2742,2,36000,1.00364697301
374802,374811,387047,9,12236,2,28800,1.00073553449
374865,374874,378580,9,3706,2,36000,1.00242849433
374880,374886,377995,6,3109,2,36000,1.00192988099
374949,374960,377822,11,2862,2,36000,1.00384346611
374974,374980,375243,6,263,2,7200,1.02281368821
374984,374990,375351,6,361,2,7200,1.01662049861
374995,375001,375234,6,233,2,7200,1.02575107296
375005,375012,375237,7,225,2,7200,1.03111111111
375016,375022,375264,6,242,2,7200,1.02479338843
375022,375033,378192,11,3159,2,36000,1.00348211459
375037,375043,375354,6,311,2,7200,1.0192926045
375048,375054,375320,6,266,2,7200,1.02255639098
375058,375064,375266,6,202,2,7200,1.0297029703
375069,375075,375311,6,236,2,7200,1.02542372881
375080,375086,375325,6,239,2,7200,1.02510460251
375090,375096,375474,6,378,2,7200,1.01587301587
375101,375107,375311,6,204,2,7200,1.02941176471
375112,375118,375335,6,217,2,7200,1.02764976959
375122,375128,375465,6,337,2,7200,1.0178041543
375133,375139,375367,6,228,2,7200,1.02631578947
375143,375150,375349,7,199,2,7200,1.0351758794
375154,375160,375423,6,263,2,7200,1.02281368821
375165,375171,375453,6,282,2,7200,1.02127659574
375175,375182,375478,7,296,2,7200,1.02364864865
375186,375192,375517,6,325,2,7200,1.01846153846
375188,375199,378716,11,3517,2,36000,1.00312766562
375197,375205,375425,8,220,2,7200,1.03636363636
375207,375213,375440,6,227,2,7200,1.02643171806
375218,375245,375527,27,282,2,7200,1.09574468085
375249,375255,375775,6,520,2,7200,1.01153846154
375260,375266,375533,6,267,2,7200,1.02247191011
375270,375276,375515,6,239,2,7200,1.02510460251
375281,375287,375537,6,250,2,7200,1.024
375292,375322,375525,30,203,2,7200,1.14778325123
375323,375329,375566,6,237,2,7200,1.0253164557
375333,375340,375652,7,312,2,7200,1.02243589744
375344,375350,375588,6,238,2,7200,1.02521008403
375355,375361,375600,6,239,2,7200,1.02510460251
375365,375372,375755,7,383,2,7200,1.0182767624
375376,375382,375635,6,253,2,7200,1.02371541502
375387,375393,375678,6,285,2,7200,1.02105263158
375397,375404,375672,7,268,2,7200,1.02611940299
375408,375434,375992,26,558,2,7200,1.04659498208
375439,375445,375749,6,304,2,7200,1.01973684211
375450,375456,375682,6,226,2,7200,1.02654867257
375461,375467,375785,6,318,2,7200,1.01886792453
375471,375477,375713,6,236,2,7200,1.02542372881
375482,375488,375661,6,173,2,7200,1.03468208092
375493,375499,375781,6,282,2,7200,1.02127659574
375503,375526,375755,23,229,2,7200,1.10043668122
375524,375532,375778,8,246,2,7200,1.0325203252
375535,375541,375850,6,309,2,7200,1.01941747573
375546,375552,375757,6,205,2,7200,1.02926829268
375556,375562,375888,6,326,2,7200,1.01840490798
375567,375573,375805,6,232,2,7200,1.02586206897
375578,375584,376095,6,511,2,7200,1.01174168297
375588,375599,375856,11,257,2,7200,1.04280155642
375595,375605,378918,10,3313,2,36000,1.00301841232
375609,375615,375838,6,223,2,7200,1.0269058296
375620,375646,375921,26,275,2,7200,1.09454545455
375651,375663,375959,12,296,2,7200,1.04054054054
375662,375672,376020,10,348,2,7200,1.02873563218
375672,375683,376033,11,350,2,7200,1.03142857143
375683,375689,375906,6,217,2,7200,1.02764976959
375694,375700,375900,6,200,2,7200,1.03
375695,375706,378838,11,3132,2,36000,1.00351213282
375704,375724,375967,20,243,2,7200,1.08230452675
375725,375760,376071,35,311,2,7200,1.11254019293
375756,375766,375951,10,185,2,7200,1.05405405405
375767,375773,376120,6,347,2,7200,1.01729106628
375778,375784,375969,6,185,2,7200,1.03243243243
375788,375794,376068,6,274,2,7200,1.02189781022
375794,375803,378984,9,3181,2,36000,1.00282929896
375872,375878,387013,6,11135,2,28800,1.00053884149
375946,375955,379459,9,3504,2,36000,1.00256849315
376073,376081,379064,8,2983,2,36000,1.0026818639
376088,376095,379374,7,3279,2,36000,1.00213479719
376143,376151,379485,8,3334,2,36000,1.0023995201
376279,376285,377565,6,1280,2,7200,1.0046875
376290,376296,377756,6,1460,2,7200,1.00410958904
376300,376306,377447,6,1141,2,7200,1.00525854514
376311,376317,377475,6,1158,2,7200,1.00518134715
376321,376328,377517,7,1189,2,7200,1.00588730025
376332,376338,377641,6,1303,2,7200,1.00460475825
376343,376349,377520,6,1171,2,7200,1.00512382579
376344,376355,379808,11,3453,2,36000,1.00318563568
376353,376361,377476,8,1115,2,7200,1.00717488789
376364,376370,377516,6,1146,2,7200,1.00523560209
376368,376378,379291,10,2913,2,36000,1.00343288706
376375,376384,377656,9,1272,2,7200,1.0070754717
376385,376391,377725,6,1334,2,7200,1.00449775112
376396,376402,377579,6,1177,2,7200,1.00509770603
376407,376414,377597,7,1183,2,7200,1.00591715976
376418,376424,378261,6,1837,2,7200,1.00326619488
376423,376433,379824,10,3391,2,36000,1.0029489826
376429,376439,377586,10,1147,2,7200,1.00871839582
376439,376445,377578,6,1133,2,7200,1.0052956752
376450,376456,377653,6,1197,2,7200,1.00501253133
376461,376467,377696,6,1229,2,7200,1.0048820179
376471,376478,377677,7,1199,2,7200,1.0058381985
376482,376488,377747,6,1259,2,7200,1.00476568705
376493,376499,377626,6,1127,2,7200,1.00532386868
376503,376509,377609,6,1100,2,7200,1.00545454545
376514,376541,377668,27,1127,2,7200,1.02395740905
376532,376578,379447,46,2869,2,36000,1.01603346114
376568,376663,380059,95,3396,2,36000,1.02797408716
376652,376746,379892,94,3146,2,36000,1.0298792117
376737,376781,380122,44,3341,2,36000,1.01316970967
376773,376922,380072,149,3150,2,36000,1.0473015873
376912,376940,380036,28,3096,2,36000,1.00904392765
376930,376947,379932,17,2985,2,36000,1.00569514238
376945,377095,378265,150,1170,2,7200,1.12820512821
376945,377139,380101,194,2962,2,36000,1.06549628629
377084,377195,380913,111,3718,2,36000,1.02985476062
377130,377218,380616,88,3398,2,36000,1.02589758682
377184,377338,380389,154,3051,2,36000,1.05047525402
377208,377374,380628,166,3254,2,36000,1.05101413645
377225,405950,407356,28725,1406,2,28800,21.4302987198
377329,377394,380178,65,2784,2,36000,1.02334770115
377365,377520,380717,155,3197,2,36000,1.04848295277
377383,377558,380783,175,3225,2,36000,1.05426356589
377511,377679,380786,168,3107,2,36000,1.05407145156
377550,377695,381078,145,3383,2,36000,1.04286136565
377686,377833,381172,147,3339,2,36000,1.04402515723
377826,377840,380666,14,2826,2,36000,1.00495399858
377840,377887,380767,47,2880,2,36000,1.01631944444
377877,377897,380720,20,2823,2,36000,1.00708466171
377892,378007,381027,115,3020,2,36000,1.0380794702
377998,378013,381081,15,3068,2,36000,1.00488917862
378013,378028,380836,15,2808,2,36000,1.00534188034
378028,378204,381083,176,2879,2,36000,1.06113233762
378194,378264,382012,70,3748,2,36000,1.01867662753
378255,378276,382017,21,3741,2,36000,1.00561347233
378275,378282,379589,7,1307,2,7200,1.00535577659
378285,378292,379607,7,1315,2,7200,1.00532319392
378296,378302,379595,6,1293,2,7200,1.00464037123
378307,378313,379707,6,1394,2,7200,1.00430416069
378320,378326,379493,6,1167,2,7200,1.00514138817
378331,378337,379730,6,1393,2,7200,1.00430725054
378341,378347,379817,6,1470,2,7200,1.00408163265
378352,378358,379612,6,1254,2,7200,1.004784689
378372,378379,379688,7,1309,2,7200,1.00534759358
378383,378389,379654,6,1265,2,7200,1.004743083
378394,378400,379643,6,1243,2,7200,1.00482703138
378404,378410,379561,6,1151,2,7200,1.00521285838
378415,378421,379777,6,1356,2,7200,1.00442477876
378426,378432,379709,6,1277,2,7200,1.00469851214
378582,378591,382119,9,3528,2,36000,1.00255102041
378697,378704,379009,7,305,1,7200,1.02295081967
378717,378727,382428,10,3701,2,36000,1.00270197244
378735,378745,382370,10,3625,2,36000,1.00275862069
378839,378849,382261,10,3412,2,36000,1.00293083236
378858,414572,417647,35714,3075,2,28800,12.6143089431
378920,378929,382016,9,3087,2,36000,1.0029154519
378987,378996,382340,9,3344,2,36000,1.00269138756
379066,379075,382765,9,3690,2,36000,1.00243902439
379107,415884,420729,36777,4845,2,28800,8.5907120743
379293,379302,382326,9,3024,2,36000,1.00297619048
379374,379385,382793,11,3408,2,36000,1.00322769953
379439,379445,379739,6,294,1,7200,1.02040816327
379449,380899,380901,1450,2,1,36000,145.2
379450,379459,383780,9,4321,2,36000,1.00208285119
379465,379470,382772,5,3302,2,36000,1.0015142338
379486,379496,382505,10,3009,2,36000,1.00332336324
379515,379522,380715,7,1193,2,7200,1.00586756077
379526,379532,380796,6,1264,2,7200,1.00474683544
379537,379543,380858,6,1315,2,7200,1.00456273764
379548,379554,380941,6,1387,2,7200,1.0043258832
379558,379564,380818,6,1254,2,7200,1.004784689
379569,379575,380820,6,1245,2,7200,1.00481927711
379580,379586,380914,6,1328,2,7200,1.00451807229
379590,379596,380885,6,1289,2,7200,1.00465477114
379601,379607,380928,6,1321,2,7200,1.00454201363
379612,379618,380895,6,1277,2,7200,1.00469851214
379622,379628,380939,6,1311,2,7200,1.00457665904
379633,379639,381158,6,1519,2,7200,1.00394996708
379644,379650,380906,6,1256,2,7200,1.00477707006
379654,379660,380955,6,1295,2,7200,1.00463320463
379665,379671,380947,6,1276,2,7200,1.00470219436
379676,379682,380887,6,1205,2,7200,1.00497925311
379686,379699,381105,13,1406,2,7200,1.00924608819
379697,379718,381070,21,1352,2,7200,1.01553254438
379718,379725,380903,7,1178,2,7200,1.00594227504
379729,379741,381064,12,1323,2,7200,1.00907029478
379739,379750,381029,11,1279,2,7200,1.00860046912
379750,379789,381129,39,1340,2,7200,1.02910447761
379792,379819,381117,27,1298,2,7200,1.02080123267
379810,379836,382514,26,2678,2,36000,1.00970873786
379825,379903,383192,78,3289,2,36000,1.02371541502
379894,379943,382680,49,2737,2,36000,1.0179028133
379907,416966,433317,37059,16351,2,43200,3.26646688276
379934,380047,383507,113,3460,2,36000,1.03265895954
379971,379977,383587,6,3610,1,3600,1.00166204986
379977,406290,432608,26313,26318,14,57600,1.99981001596
380039,380070,383594,31,3524,2,36000,1.00879682179
380060,380083,383555,23,3472,2,36000,1.00662442396
380075,380112,383172,37,3060,2,36000,1.01209150327
380103,380133,383310,30,3177,2,36000,1.00944287063
380110,416971,430366,36861,13395,2,43200,3.75184770437
380119,422516,438741,42397,16225,2,43200,3.61306625578
380124,380189,383469,65,3280,2,36000,1.01981707317
380181,380400,383647,219,3247,2,36000,1.06744687404
380252,380258,387476,6,7218,1,7200,1.0008312552
380256,380454,383057,198,2603,1,7200,1.0760660776
380390,380627,383912,237,3285,2,36000,1.07214611872
380616,380640,383616,24,2976,2,36000,1.00806451613
380631,380678,383656,47,2978,2,36000,1.0157824043
380641,416976,420797,36335,3821,2,28800,10.5092907616
380658,380912,391304,254,10392,1,36000,1.02444187837
380667,380728,383660,61,2932,2,36000,1.02080491132
380707,406317,479284,25610,72967,4,172800,1.35098058026
380719,380734,383769,15,3035,2,36000,1.00494233937
380734,380779,383745,45,2966,2,36000,1.01517194875
380753,381044,381046,291,2,1,36000,29.3
380770,380794,384327,24,3533,2,36000,1.00679309369
380785,380800,384132,15,3332,2,36000,1.00450180072
380797,380806,381946,9,1140,2,7200,1.00789473684
380800,380848,384208,48,3360,2,36000,1.01428571429
380840,380925,383928,85,3003,2,36000,1.02830502831
380915,381038,384275,123,3237,2,36000,1.03799814643
381030,381089,384359,59,3270,2,36000,1.01804281346
381082,381095,384729,13,3634,2,36000,1.00357732526
381083,381100,384214,17,3114,2,36000,1.00545921644
381098,381128,384261,30,3133,2,36000,1.00957548675
381125,381134,382385,9,1251,2,7200,1.0071942446
381136,381142,382421,6,1279,2,7200,1.00469116497
381146,381153,382444,7,1291,2,7200,1.00542215337
381157,381163,382852,6,1689,2,7200,1.00355239787
381168,381174,382793,6,1619,2,7200,1.00370599135
381174,381183,384322,9,3139,2,36000,1.00286715514
381178,381189,382493,11,1304,2,7200,1.00843558282
381199,381206,382435,7,1229,2,7200,1.00569568755
381210,381216,382654,6,1438,2,7200,1.00417246175
381221,381227,382481,6,1254,2,7200,1.004784689
381231,381238,382697,7,1459,2,7200,1.00479780672
381242,381248,382537,6,1289,2,7200,1.00465477114
381253,381259,382701,6,1442,2,7200,1.00416088766
381263,381270,382672,7,1402,2,7200,1.00499286733
381274,381280,382573,6,1293,2,7200,1.00464037123
381285,381291,382763,6,1472,2,7200,1.00407608696
381296,381302,382812,6,1510,2,7200,1.00397350993
381298,381308,388609,10,7301,1,7200,1.00136967539
381306,381314,382581,8,1267,2,7200,1.00631412786
381317,381323,382595,6,1272,2,7200,1.00471698113
381328,381334,382640,6,1306,2,7200,1.0045941807
381329,422521,430936,41192,8415,2,43200,5.89506833036
381338,381345,382562,7,1217,2,7200,1.00575184881
381349,381958,383233,609,1275,2,7200,1.47764705882
381582,422526,436099,40944,13573,2,43200,4.01657702792
381727,415022,415023,33295,1,1,36000,3329.6
381955,382024,383204,69,1180,2,7200,1.05847457627
382015,382030,384990,15,2960,2,36000,1.00506756757
382027,382037,383226,10,1189,2,7200,1.00841042893
382030,382130,385469,100,3339,2,36000,1.02994908655
382031,382272,385532,241,3260,2,36000,1.07392638037
382122,382337,385472,215,3135,2,36000,1.06858054226
382264,382351,385772,87,3421,2,36000,1.02543116048
382327,382382,385741,55,3359,2,36000,1.01637392081
382342,382439,385974,97,3535,2,36000,1.02743988685
382372,382516,385797,144,3281,2,36000,1.04388905821
382430,382525,385765,95,3240,2,36000,1.02932098765
382505,382691,385942,186,3251,2,36000,1.05721316518
382520,382776,386398,256,3622,2,36000,1.07067918277
382552,422547,429210,39995,6663,2,43200,7.00255140327
382680,382783,386026,103,3243,2,36000,1.03176071539
382768,382804,386163,36,3359,2,36000,1.01071747544
382784,383183,386654,399,3471,2,36000,1.11495246327
382799,383203,386332,404,3129,2,36000,1.12911473314
382805,382811,386372,6,3561,8,7200,1.00168491997
382813,382819,386685,6,3866,8,7200,1.00155199172
382818,422697,438981,39879,16284,2,43200,3.44896831245
382822,382828,386641,6,3813,8,7200,1.00157356412
382827,382834,386535,7,3701,8,7200,1.00189138071
382837,382864,386331,27,3467,8,7200,1.00778771272
382947,386343,390162,3396,3819,8,7200,1.88923802042
382953,386384,390462,3431,4078,8,7200,1.84134379598
382957,386546,390164,3589,3618,8,7200,1.99198452184
383158,383164,383166,6,2,1,7200,1.0
383174,383215,386512,41,3297,2,36000,1.01243554747
383195,383238,385715,43,2477,2,36000,1.01735970933
383238,383244,384464,6,1220,2,7200,1.00491803279
383249,383255,384474,6,1219,2,7200,1.00492206727
383260,383321,384562,61,1241,2,7200,1.04915390814
383310,383480,386996,170,3516,2,36000,1.04835039818
383312,383611,383669,299,58,1,7200,6.15517241379
383330,383597,383599,267,2,1,7200,26.9
383471,383518,386772,47,3254,2,36000,1.01444376152
383491,383680,401726,189,18046,1,18000,1.01047323507
383511,383566,386966,55,3400,2,36000,1.01617647059
383557,383605,386736,48,3131,2,36000,1.01533056531
383596,383627,386753,31,3126,2,36000,1.00991682662
383609,422703,440429,39094,17726,2,43200,3.20546090489
383617,383658,386468,41,2810,2,36000,1.01459074733
383650,383667,387018,17,3351,2,36000,1.0050731125
383665,383673,386850,8,3177,2,36000,1.00251809884
383667,383757,387053,90,3296,2,36000,1.02730582524
383689,424014,424024,40325,10,2,259200,4033.5
383722,384481,384482,759,1,1,7200,76.0
383748,383781,387506,33,3725,2,36000,1.0088590604
383774,383791,387055,17,3264,2,36000,1.00520833333
383789,383924,387180,135,3256,2,36000,1.04146191646
383818,422756,432406,38938,9650,2,43200,5.03502590674
383830,384066,386956,236,2890,1,3600,1.08166089965
383916,383940,386933,24,2993,2,36000,1.00801871032
383931,384144,387090,213,2946,2,36000,1.07230142566
384131,384475,393782,344,9307,1,18000,1.03696142688
384134,384219,387535,85,3316,2,36000,1.02563329312
384154,415046,425029,30892,9983,1,36000,4.09446058299
384210,384225,387322,15,3097,2,36000,1.00484339684
384223,384272,385631,49,1359,2,7200,1.03605592347
384225,384287,387286,62,2999,2,36000,1.02067355785
384265,384333,387264,68,2931,2,36000,1.02320027294
384281,384339,387396,58,3057,2,36000,1.0189728492
384324,384371,387622,47,3251,2,36000,1.01445709013
384339,384573,387545,234,2972,2,36000,1.07873485868
384363,384740,387926,377,3186,2,36000,1.1183301946
384393,384487,391733,94,7246,1,7200,1.01297267458
384472,416982,419947,32510,2965,2,28800,11.9645868465
384683,384690,384691,7,1,1,7200,1.0
384730,385001,387569,271,2568,2,36000,1.10552959502
384992,385480,387985,488,2505,2,36000,1.19481037924
385163,385169,385170,6,1,1,7200,1.0
385377,385383,385384,6,1,1,7200,1.0
385406,385412,391138,6,5726,1,7200,1.0010478519
385470,385486,389230,16,3744,2,36000,1.00427350427
385485,385544,388845,59,3301,2,36000,1.01787337171
385506,423326,426573,37820,3247,2,28800,12.6476747767
385534,385642,388607,108,2965,2,36000,1.03642495784
385639,385648,387034,9,1386,2,7200,1.00649350649
385649,385727,387186,78,1459,2,7200,1.05346127485
385719,385752,388887,33,3135,2,36000,1.01052631579
385743,385776,389261,33,3485,2,36000,1.00946915352
385767,385784,388983,17,3199,2,36000,1.00531416068
385782,385808,388986,26,3178,2,36000,1.00818124607
385797,385953,389603,156,3650,2,36000,1.04273972603
385943,385985,389133,42,3148,2,36000,1.01334180432
385976,386038,389180,62,3142,2,36000,1.01973265436
386028,386174,389075,146,2901,2,36000,1.05032747329
386164,386348,388996,184,2648,2,36000,1.06948640483
386224,386652,389623,428,2971,1,14400,1.14405923931
386321,437143,487466,50822,50323,6,356400,2.00991594301
386335,386409,389219,74,2810,2,36000,1.02633451957
386399,386479,389850,80,3371,2,36000,1.02373183032
386445,386658,386688,213,30,1,1800,8.1
386471,386523,389386,52,2863,2,36000,1.01816276633
386513,386665,389733,152,3068,2,36000,1.04954367666
386656,386747,389857,91,3110,2,36000,1.02926045016
386738,386764,389960,26,3196,2,36000,1.00813516896
386756,386784,389830,28,3046,2,36000,1.00919238345
386770,386776,386869,6,93,14,1980,1.06451612903
386774,386861,390502,87,3641,2,36000,1.02389453447
386853,386944,389829,91,2885,2,36000,1.03154246101
386867,386873,386880,6,7,1,900,1.3
386878,386884,386968,6,84,14,1980,1.07142857143
386935,386978,390058,43,3080,2,36000,1.01396103896
386966,386972,386977,6,5,1,900,1.1
386968,387008,390172,40,3164,2,36000,1.01264222503
386972,387880,388012,908,132,14,1980,7.87878787879
386999,387029,390753,30,3724,2,36000,1.00805585392
387020,387064,389586,44,2522,2,36000,1.01744647105
387057,387071,389927,14,2856,2,36000,1.00490196078
387059,387101,390165,42,3064,2,36000,1.0137075718
387093,387191,390405,98,3214,2,36000,1.03049159925
387181,387198,389873,17,2675,2,36000,1.00635514019
387199,387205,388607,6,1402,2,7200,1.00427960057
387210,387275,388420,65,1145,2,7200,1.05676855895
387266,387297,390467,31,3170,2,36000,1.00977917981
387287,387333,390324,46,2991,2,36000,1.01537947175
387323,387407,390379,84,2972,2,36000,1.02826379542
387399,387517,390976,118,3459,2,36000,1.03411390575
387509,387546,390617,37,3071,2,36000,1.01204819277
387538,387557,391226,19,3669,2,36000,1.00517852276
387553,387581,390817,28,3236,2,36000,1.0086526576
387571,387633,390745,62,3112,2,36000,1.01992287918
387623,387937,391861,314,3924,2,36000,1.08002038736
387768,424035,426821,36267,2786,2,28800,14.0175879397
387927,387996,391648,69,3652,2,36000,1.01889375685
387948,387954,395181,6,7227,1,7200,1.00083022001
387988,388431,391704,443,3273,2,36000,1.13534983196
388011,388017,388021,6,4,1,900,1.0
388020,388027,388164,7,137,14,1980,1.05109489051
388162,388168,388173,6,5,1,900,1.1
388167,388175,388309,8,134,14,1980,1.05970149254
388306,388312,388318,6,6,1,900,1.2
388314,388320,388383,6,63,14,1980,1.09523809524
388356,388362,389620,6,1258,1,10800,1.00476947536
388381,388387,388393,6,6,1,900,1.2
388386,389295,389437,909,142,14,1980,7.4014084507
388399,425040,429034,36641,3994,2,28800,10.1740110165
388432,388439,389802,7,1363,2,7200,1.00513573001
388443,388449,389728,6,1279,2,7200,1.00469116497
388454,388621,389861,167,1240,2,7200,1.13467741935
388611,388627,391702,16,3075,2,36000,1.00520325203
388629,388635,390001,6,1366,2,7200,1.00439238653
388640,388856,390027,216,1171,2,7200,1.18445772844
388768,389454,389462,686,8,1,1800,69.4
388848,388898,392115,50,3217,2,36000,1.01554243084
388890,388994,392380,104,3386,2,36000,1.03071470762
388985,389000,392090,15,3090,2,36000,1.00485436893
389000,389007,390295,7,1288,2,7200,1.00543478261
389000,389085,392039,85,2954,2,36000,1.02877454299
389001,389144,392936,143,3792,2,36000,1.03771097046
389079,389194,392349,115,3155,2,36000,1.03645007924
389135,389231,393120,96,3889,2,36000,1.024685009
389184,389241,392586,57,3345,2,36000,1.01704035874
389220,389273,392599,53,3326,2,36000,1.01593505713
389235,389397,392474,162,3077,2,36000,1.05264868378
389262,389597,392891,335,3294,2,36000,1.10170006072
389388,389614,392837,226,3223,2,36000,1.07012100527
389434,389448,389452,14,4,1,900,1.8
389444,389473,389611,29,138,14,1980,1.21014492754
389588,389744,392790,156,3046,2,36000,1.05121470781
389606,389840,392955,234,3115,2,36000,1.07512038523
389609,389631,389634,22,3,1,900,2.5
389616,389622,389793,6,171,14,1980,1.0350877193
389663,389670,390903,7,1233,1,3300,1.00567721006
389734,389851,392944,117,3093,2,36000,1.03782735209
389791,389797,389802,6,5,1,900,1.1
389796,389809,390049,13,240,14,1980,1.05416666667
389796,389803,392618,7,2815,2,7200,1.00248667851
389832,389862,393385,30,3523,2,36000,1.00851546977
389833,389868,393558,35,3690,2,36000,1.00948509485
389839,389846,391678,7,1832,2,9000,1.0038209607
389844,389874,391641,30,1767,2,9000,1.01697792869
389846,390012,391984,166,1972,2,9000,1.08417849899
389851,389884,392788,33,2904,2,36000,1.01136363636
389866,389938,393267,72,3329,2,36000,1.02162811655
389881,389971,393423,90,3452,2,36000,1.02607184241
389929,390038,393851,109,3813,2,36000,1.0285864149
389963,390070,393464,107,3394,2,36000,1.03152622275
390046,390173,390178,127,5,1,900,13.2
390054,390060,390284,6,224,14,1980,1.02678571429
390060,390179,393521,119,3342,2,36000,1.03560742071
390166,390185,393808,19,3623,2,36000,1.0052442727
390181,390307,393400,126,3093,2,36000,1.0407371484
390278,390284,390289,6,5,1,900,1.1
390285,390291,390472,6,181,14,1980,1.03314917127
390303,390313,391662,10,1349,2,7200,1.00741289844
390314,390320,391501,6,1181,2,7200,1.0050804403
390325,390331,391481,6,1150,2,7200,1.0052173913
390327,390337,393403,10,3066,2,36000,1.0032615786
390335,390343,391673,8,1330,2,7200,1.00601503759
390346,390352,391562,6,1210,2,7200,1.00495867769
390357,390363,391745,6,1382,2,7200,1.00434153401
390368,390375,391584,7,1209,2,7200,1.00578990902
390379,390390,392168,11,1778,2,7200,1.00618672666
390381,390396,393537,15,3141,2,36000,1.00477554919
390400,390416,391776,16,1360,2,7200,1.01176470588
390408,390481,393789,73,3308,2,36000,1.02206771463
390469,390513,393921,44,3408,2,36000,1.01291079812
390470,390475,390480,5,5,1,900,1.0
390480,390488,390725,8,237,14,1980,1.03375527426
390503,390628,394157,125,3529,2,36000,1.03542079909
390618,390757,394355,139,3598,2,36000,1.03863257365
390693,390700,390704,7,4,1,3600,1.1
390720,390726,390732,6,6,1,900,1.2
390727,390736,390963,9,227,14,1980,1.03964757709
390748,390764,393906,16,3142,2,36000,1.0050922979
390763,390829,394323,66,3494,2,36000,1.0188895249
390821,390987,393644,166,2657,2,36000,1.06247647723
390881,390887,390892,6,5,1,3600,1.1
390960,390967,390971,7,4,1,900,1.1
390971,390977,391195,6,218,14,1980,1.02752293578
390980,391237,394281,257,3044,2,36000,1.08442838371
391189,391196,391201,7,5,1,900,1.2
391201,391207,391346,6,139,14,1980,1.04316546763
391229,391315,394768,86,3453,2,36000,1.02490587895
391315,391321,392572,6,1251,2,7200,1.00479616307
391326,391332,392600,6,1268,2,7200,1.0047318612
391337,391343,393074,6,1731,2,7200,1.00346620451
391343,391349,391354,6,5,1,900,1.1
391348,391356,392568,8,1212,2,7200,1.00660066007
391351,425882,431566,34531,5684,2,28800,7.07512315271
391353,391362,391423,9,61,14,1980,1.14754098361
391358,391368,392817,10,1449,2,7200,1.00690131125
391370,391434,392663,64,1229,2,7200,1.05207485761
391409,394793,425646,3384,30853,1,36000,1.10968139241
391432,391446,392689,14,1243,2,7200,1.01126307321
391443,391452,392821,9,1369,2,7200,1.00657414171
391454,391460,392693,6,1233,2,7200,1.00486618005
391465,391471,392830,6,1359,2,7200,1.00441501104
391475,391481,392794,6,1313,2,7200,1.00456968774
391486,391492,392867,6,1375,2,7200,1.00436363636
391497,391503,392752,6,1249,2,7200,1.00480384307
391507,391513,392742,6,1229,2,7200,1.0048820179
391518,391574,392766,56,1192,2,7200,1.04697986577
391570,391595,392818,25,1223,2,7200,1.0204415372
391601,391652,392941,51,1289,2,7200,1.03956555469
391651,391659,394473,8,2814,2,36000,1.00284292822
391663,391674,392884,11,1210,2,7200,1.00909090909
391674,391684,392929,10,1245,2,7200,1.00803212851
391685,391690,393136,5,1446,2,7200,1.00345781466
391695,391713,392970,18,1257,2,7200,1.01431980907
391703,391719,395217,16,3498,2,36000,1.00457404231
391716,391756,392990,40,1234,2,7200,1.03241491086
391718,391787,394885,69,3098,2,36000,1.02227243383
391779,426367,444405,34588,18038,2,18000,2.9175074842
391789,391872,393102,83,1230,2,7200,1.0674796748
391861,426584,432307,34723,5723,2,28800,7.06727240958
391864,392050,395377,186,3327,2,36000,1.05590622182
392040,392102,394836,62,2734,2,36000,1.02267739576
392091,392126,395500,35,3374,2,36000,1.01037344398
392116,392360,395107,244,2747,2,36000,1.08882417182
392350,392391,395413,41,3022,2,36000,1.01356717406
392383,392485,395289,102,2804,2,36000,1.03637660485
392477,392598,395677,121,3079,2,36000,1.03929847353
392477,426832,431923,34355,5091,2,28800,7.74818306816
392587,392610,395915,23,3305,2,36000,1.0069591528
392602,392799,396392,197,3593,2,36000,1.05482883384
392790,392805,396515,15,3710,2,36000,1.00404312668
392791,392849,395922,58,3073,2,36000,1.01887406443
392840,392903,396186,63,3283,2,36000,1.01918976546
392894,392947,396458,53,3511,2,36000,1.01509541441
392937,392955,396890,18,3935,2,36000,1.00457433291
392952,392966,395951,14,2985,2,36000,1.00469011725
392965,392972,394648,7,1676,2,7200,1.00417661098
392967,392981,396590,14,3609,2,36000,1.00387919091
392986,392993,394681,7,1688,2,7200,1.00414691943
392997,393003,394364,6,1361,2,7200,1.00440852314
393008,393014,394812,6,1798,2,7200,1.00333704116
393019,393025,394399,6,1374,2,7200,1.00436681223
393029,393035,394234,6,1199,2,7200,1.00500417014
393040,393046,394603,6,1557,2,7200,1.00385356455
393051,393057,394525,6,1468,2,7200,1.00408719346
393061,393067,394443,6,1376,2,7200,1.00436046512
393072,393078,394412,6,1334,2,7200,1.00449775112
393083,393089,394371,6,1282,2,7200,1.00468018721
393093,393100,394809,7,1709,2,7200,1.00409596255
393105,393111,394394,6,1283,2,7200,1.00467653936
393115,393122,394540,7,1418,2,7200,1.00493653032
393121,393128,395989,7,2861,2,36000,1.00244669696
393126,393134,394456,8,1322,2,7200,1.00605143722
393137,393143,394378,6,1235,2,7200,1.0048582996
393147,393154,394464,7,1310,2,7200,1.00534351145
393158,393164,394689,6,1525,2,7200,1.00393442623
393169,393175,394381,6,1206,2,7200,1.00497512438
393180,393186,394547,6,1361,2,7200,1.00440852314
393190,393196,394437,6,1241,2,7200,1.00483481064
393201,393207,394638,6,1431,2,7200,1.00419287212
393212,393218,394848,6,1630,2,7200,1.0036809816
393219,429046,434684,35827,5638,2,28800,7.35455835403
393223,393229,394457,6,1228,2,7200,1.00488599349
393233,393239,394607,6,1368,2,7200,1.00438596491
393244,393279,394714,35,1435,2,7200,1.0243902439
393270,393396,396142,126,2746,2,36000,1.04588492353
393389,393411,396830,22,3419,2,36000,1.00643463001
393404,393417,396720,13,3303,2,36000,1.00393581592
393405,393434,396725,29,3291,2,36000,1.00881191127
393426,393475,396865,49,3390,2,36000,1.01445427729
393465,393532,396480,67,2948,2,36000,1.02272727273
393523,393548,396591,25,3043,2,36000,1.00821557673
393538,393569,397294,31,3725,2,36000,1.00832214765
393559,393655,396955,96,3300,2,36000,1.02909090909
393645,393800,396874,155,3074,2,36000,1.05042290176
393790,393819,397960,29,4141,2,36000,1.00700313934
393809,393862,396693,53,2831,2,36000,1.01872129989
393854,393918,396748,64,2830,2,36000,1.02261484099
393908,393933,397010,25,3077,2,36000,1.00812479688
393923,394168,397705,245,3537,2,36000,1.06926774102
394157,394293,397713,136,3420,2,36000,1.03976608187
394285,394335,397817,50,3482,2,36000,1.01435956347
394324,394366,397332,42,2966,2,36000,1.0141604855
394355,394484,397501,129,3017,2,36000,1.04275770633
394470,394476,394490,6,14,1,10800,1.42857142857
394476,394618,397774,142,3156,2,36000,1.04499366286
394535,430377,434822,35842,4445,2,28800,9.06344206974
394619,394626,399689,7,5063,1,10800,1.0013825795
394621,394632,395960,11,1328,2,7200,1.00828313253
394632,394638,396149,6,1511,2,7200,1.00397088021
394643,394649,396085,6,1436,2,7200,1.00417827298
394653,394659,396085,6,1426,2,7200,1.00420757363
394664,394670,395976,6,1306,2,7200,1.0045941807
394675,394681,396145,6,1464,2,7200,1.00409836066
394686,394692,396058,6,1366,2,7200,1.00439238653
394696,394702,396322,6,1620,2,7200,1.0037037037
394707,394713,396451,6,1738,2,7200,1.00345224396
394718,394724,396663,6,1939,2,7200,1.00309437855
394728,394735,396190,7,1455,2,7200,1.00481099656
394739,394745,396015,6,1270,2,7200,1.00472440945
394750,394756,396125,6,1369,2,7200,1.00438276114
394760,394767,396176,7,1409,2,7200,1.00496806246
394767,430947,435574,36180,4627,2,28800,8.81932137454
394771,394777,396195,6,1418,2,7200,1.00423131171
394771,394782,398171,11,3389,2,36000,1.00324579522
394782,394788,396452,6,1664,2,7200,1.00360576923
394793,394800,396264,7,1464,2,7200,1.00478142077
394803,394809,396192,6,1383,2,7200,1.00433839479
394814,394820,396065,6,1245,2,7200,1.00481927711
394825,394831,396138,6,1307,2,7200,1.00459066565
394835,394841,396218,6,1377,2,7200,1.00435729847
394838,394847,397915,9,3068,2,36000,1.00293350717
394846,394853,396354,7,1501,2,7200,1.00466355763
394857,394863,396369,6,1506,2,7200,1.00398406375
394868,394874,396302,6,1428,2,7200,1.00420168067
394878,394884,396230,6,1346,2,7200,1.0044576523
394886,394897,397877,11,2980,2,36000,1.00369127517
394899,395118,396316,219,1198,2,7200,1.18280467446
395021,395192,398013,171,2821,1,3600,1.06061680255
395108,395229,398555,121,3326,2,36000,1.03638003608
395220,395300,398286,80,2986,2,36000,1.02679169457
395290,395388,398693,98,3305,2,36000,1.02965204236
395375,403791,414601,8416,10810,1,10800,1.77853839038
395378,395424,398404,46,2980,2,36000,1.01543624161
395414,395512,398721,98,3209,2,36000,1.03053910876
395502,395688,399191,186,3503,2,36000,1.05309734513
395585,395971,395972,386,1,1,7200,38.7
395604,432318,437434,36714,5116,2,28800,8.17630961689
395678,395926,399342,248,3416,2,36000,1.07259953162
395915,395933,399455,18,3522,2,36000,1.00511073254
395930,395962,399476,32,3514,2,36000,1.00910643142
395952,396001,399264,49,3263,2,36000,1.01501685565
395991,396157,399719,166,3562,2,36000,1.046603032
396045,396051,397741,6,1690,1,7200,1.00355029586
396145,396151,397375,6,1224,1,7200,1.00490196078
396145,396197,399511,52,3314,2,36000,1.01569100785
396153,406306,416955,10153,10649,9,14400,1.95342285661
396188,396328,399527,140,3199,2,36000,1.04376367615
396307,432417,432418,36110,1,2,28800,3611.1
396393,396403,400400,10,3997,2,36000,1.00250187641
396460,396469,400018,9,3549,2,36000,1.00253592561
396481,396491,399609,10,3118,2,36000,1.00320718409
396518,396526,400076,8,3550,2,36000,1.00225352113
396594,396602,399669,8,3067,2,36000,1.00260841213
396595,396607,399948,12,3341,2,36000,1.003591739
396696,396704,400225,8,3521,2,36000,1.00227208179
396723,396731,399691,8,2960,2,36000,1.0027027027
396738,396744,400387,6,3643,2,36000,1.00164699424
396753,396759,399702,6,2943,2,36000,1.00203873598
396832,396841,400653,9,3812,2,36000,1.00236096537
396868,396876,400555,8,3679,2,36000,1.00217450394
396883,396889,400333,6,3444,2,36000,1.00174216028
396898,396904,400458,6,3554,2,36000,1.0016882386
396956,396966,399907,10,2941,2,36000,1.00340020401
397013,397021,400174,8,3153,2,36000,1.0025372661
397296,397305,400665,9,3360,2,36000,1.00267857143
397335,397343,400531,8,3188,2,36000,1.00250941029
397504,397512,401378,8,3866,2,36000,1.0020693223
397709,397716,401031,7,3315,2,36000,1.00211161388
397714,437516,442289,39802,4773,2,43200,9.33899015294
397724,397730,401143,6,3413,2,36000,1.00175798418
397775,397785,401378,10,3593,2,36000,1.00278318954
397821,397829,400847,8,3018,2,36000,1.00265076209
397879,397888,400700,9,2812,2,36000,1.00320056899
397918,397926,401367,8,3441,2,36000,1.00232490555
397960,397971,401162,11,3191,2,36000,1.00344719524
398173,398182,401699,9,3517,2,36000,1.00255899915
398288,398297,401620,9,3323,2,36000,1.00270839603
398346,438188,447172,39842,8984,2,43200,5.43477292965
398398,398404,398834,6,430,1,3300,1.01395348837
398406,398416,401379,10,2963,2,36000,1.00337495781
398503,398510,399432,7,922,1,7200,1.00759219089
398557,398566,401833,9,3267,2,36000,1.00275482094
398694,398704,401676,10,2972,2,36000,1.00336473755
398724,398732,402035,8,3303,2,36000,1.00242204057
398866,406311,421715,7445,15404,1,18000,1.48331602181
399194,399202,402343,8,3141,2,36000,1.00254695957
399266,399275,402577,9,3302,2,36000,1.00272562084
399346,399353,403043,7,3690,2,36000,1.00189701897
399458,399466,402766,8,3300,2,36000,1.00242424242
399479,399487,402926,8,3439,2,36000,1.00232625763
399512,399522,402969,10,3447,2,36000,1.0029010734
399530,399539,402457,9,2918,2,36000,1.00308430432
399609,399620,402427,11,2807,2,36000,1.00391877449
399665,411732,518758,12067,107026,4,126000,1.11274830415
399670,399680,403089,10,3409,2,36000,1.00293341156
399672,413135,523055,13463,109920,4,126000,1.12247998544
399678,415017,519127,15339,104110,4,126000,1.14733455
399694,399702,402779,8,3077,2,36000,1.002599935
399709,399716,403258,7,3542,2,36000,1.00197628458
399724,399730,402788,6,3058,2,36000,1.00196206671
399909,399918,403354,9,3436,2,36000,1.0026193248
399951,399959,402745,8,2786,2,36000,1.00287150036
400021,400030,403235,9,3205,2,36000,1.00280811232
400079,400087,403389,8,3302,2,36000,1.00242277408
400176,400185,403654,9,3469,2,36000,1.00259440761
400227,400236,403536,9,3300,2,36000,1.00272727273
400334,400344,403677,10,3333,2,36000,1.00300030003
400388,400398,403413,10,3015,2,36000,1.00331674959
400404,400411,403931,7,3520,2,36000,1.00198863636
400461,400469,403792,8,3323,2,36000,1.00240746314
400534,400542,403779,8,3237,2,36000,1.00247142416
400559,400566,404030,7,3464,2,36000,1.00202078522
400656,400664,404133,8,3469,2,36000,1.0023061401
400671,400678,403771,7,3093,2,36000,1.00226317491
400702,400711,403561,9,2850,2,36000,1.00315789474
400848,400859,404182,11,3323,2,36000,1.00331026181
401034,401042,404308,8,3266,2,36000,1.00244947949
401146,401154,404159,8,3005,2,36000,1.00266222962
401165,401173,404056,8,2883,2,36000,1.00277488727
401368,401378,404460,10,3082,2,36000,1.00324464633
401384,401390,404487,6,3097,2,36000,1.00193735873
401386,401396,404714,10,3318,2,36000,1.00301386377
401387,401401,404527,14,3126,2,36000,1.00447856686
401623,401632,404573,9,2941,2,36000,1.00306018361
401675,432429,434590,30754,2161,2,28800,15.2313743637
401678,401688,404470,10,2782,2,36000,1.0035945363
401701,401707,401709,6,2,1,600,1.0
401702,401713,405687,11,3974,2,36000,1.00276799195
401836,401845,405108,9,3263,2,36000,1.00275819798
402038,402046,405196,8,3150,2,36000,1.00253968254
402129,402136,402140,7,4,2,600,1.1
402275,402281,402284,6,3,2,600,1.0
402344,402355,405521,11,3166,2,36000,1.00347441567
402429,402438,405840,9,3402,2,36000,1.00264550265
402460,402469,405416,9,2947,2,36000,1.00305395317
402557,402564,402568,7,4,2,600,1.1
402579,402588,405764,9,3176,2,36000,1.00283375315
402746,402756,405936,10,3180,2,36000,1.00314465409
402768,402777,405984,9,3207,2,36000,1.00280636109
402783,402791,405950,8,3159,2,36000,1.00253244698
402798,402804,405676,6,2872,2,36000,1.00208913649
402930,402937,406121,7,3184,2,36000,1.00219849246
402972,402980,405965,8,2985,2,36000,1.002680067
403046,403054,406780,8,3726,2,36000,1.00214707461
403091,403101,406215,10,3114,2,36000,1.00321130379
403238,403246,406376,8,3130,2,36000,1.00255591054
403247,432619,434970,29372,2351,2,28800,13.4934070608
403259,403269,406170,10,2901,2,36000,1.00344708721
403294,403300,403305,6,5,4,600,1.1
403356,403365,406610,9,3245,2,36000,1.00277349769
403390,403400,406635,10,3235,2,36000,1.00309119011
403414,403424,406430,10,3006,2,36000,1.00332667997
403538,403548,406720,10,3172,2,36000,1.00315258512
403548,407368,407660,3820,292,1,7200,14.0821917808
403563,403572,406721,9,3149,2,36000,1.00285805017
403657,403665,406788,8,3123,2,36000,1.00256163945
403678,403689,406869,11,3180,2,36000,1.0034591195
403744,432624,434937,28880,2313,2,28800,13.485948984
403772,403782,407152,10,3370,2,36000,1.00296735905
403787,403797,407330,10,3533,2,36000,1.0028304557
403798,422746,422747,18948,1,1,36000,1894.9
403802,403808,407059,6,3251,2,36000,1.00184558597
403932,403943,407528,11,3585,2,36000,1.00306834031
404021,404027,404031,6,4,2,600,1.0
404032,404041,407437,9,3396,2,36000,1.00265017668
404060,404068,407599,8,3531,2,36000,1.00226564713
404135,404145,407684,10,3539,2,36000,1.00282565697
404150,432629,437418,28479,4789,2,28800,6.94675297557
404160,404170,407988,10,3818,2,36000,1.00261917234
404184,404194,407282,10,3088,2,36000,1.00323834197
404230,404236,404238,6,2,4,600,1.0
404269,404275,404278,6,3,4,600,1.0
404311,404319,407374,8,3055,2,36000,1.00261865794
404460,404471,408022,11,3551,2,36000,1.00309771895
404475,404481,408141,6,3660,2,36000,1.00163934426
404491,404498,408197,7,3699,2,36000,1.00189240335
404520,432635,437454,28115,4819,2,28800,6.83419796638
404530,404539,408041,9,3502,2,36000,1.00256996002
404576,404584,407461,8,2877,2,36000,1.00278067431
404715,404725,407768,10,3043,2,36000,1.00328623069
404742,434732,509548,29990,74816,16,356640,1.40085008554
405076,432640,443957,27564,11317,2,28800,3.43562781656
405110,405119,408145,9,3026,2,36000,1.0029742234
405152,405158,405198,6,40,4,240,1.15
405198,405207,408793,9,3586,2,36000,1.00250976018
405280,432645,435053,27365,2408,2,28800,12.3642026578
405419,405428,408530,9,3102,2,36000,1.00290135397
405470,405476,405490,6,14,4,240,1.42857142857
405522,405533,408468,11,2935,2,36000,1.00374787053
405548,405555,405567,7,12,4,240,1.58333333333
405580,438337,617397,32757,179060,4,356640,1.18293867977
405677,405687,409295,10,3608,2,36000,1.00277161863
405693,405698,408728,5,3030,2,36000,1.00165016502
405742,432650,439159,26908,6509,2,28800,5.13396835151
405765,405775,408981,10,3206,2,36000,1.00311915159
405841,405851,408765,10,2914,2,36000,1.00343170899
405935,433407,435980,27472,2573,2,28800,11.6770307035
405938,405957,408956,19,2999,2,36000,1.00633544515
405953,405963,409057,10,3094,2,36000,1.00323206206
405968,405976,409319,8,3343,2,36000,1.00239306013
405987,405995,409200,8,3205,2,36000,1.00249609984
406124,406132,409507,8,3375,2,36000,1.00237037037
406172,406181,409450,9,3269,2,36000,1.00275313552
406218,406226,409628,8,3402,2,36000,1.00235155791
406379,406388,409457,9,3069,2,36000,1.00293255132
406431,406441,409997,10,3556,2,36000,1.00281214848
406613,406622,409710,9,3088,2,36000,1.00291450777
406638,406646,409869,8,3223,2,36000,1.00248215948
406723,406731,410050,8,3319,2,36000,1.00241036457
406724,406737,409881,13,3144,2,36000,1.00413486005
406782,406792,410211,10,3419,2,36000,1.00292483182
406797,406803,409732,6,2929,2,36000,1.00204848071
406871,406880,409649,9,2769,2,36000,1.00325027086
407061,407070,410507,9,3437,2,36000,1.0026185627
407155,407163,410453,8,3290,2,36000,1.00243161094
407283,407293,410462,10,3169,2,36000,1.00315556958
407332,407341,410428,9,3087,2,36000,1.0029154519
407375,407386,410537,11,3151,2,36000,1.00349095525
407439,407449,410888,10,3439,2,36000,1.00290782204
407463,407472,410882,9,3410,2,36000,1.00263929619
407530,407539,410240,9,2701,2,36000,1.00333209922
407603,407611,410571,8,2960,2,36000,1.0027027027
407685,407695,410450,10,2755,2,36000,1.00362976407
407771,407780,410792,9,3012,2,36000,1.00298804781
407990,408000,411583,10,3583,2,36000,1.0027909573
408023,408034,411039,11,3005,2,36000,1.00366056572
408044,408052,410987,8,2935,2,36000,1.00272572402
408142,408152,411401,10,3249,2,36000,1.00307787011
408156,408163,411467,7,3304,2,36000,1.00211864407
408199,408208,411799,9,3591,2,36000,1.00250626566
408469,408479,411601,10,3122,2,36000,1.00320307495
408533,408541,411677,8,3136,2,36000,1.00255102041
408731,408740,411486,9,2746,2,36000,1.00327749454
408767,408776,411677,9,2901,2,36000,1.00310237849
408795,408804,411559,9,2755,2,36000,1.00326678766
408959,408967,411906,8,2939,2,36000,1.00272201429
408983,408992,412174,9,3182,2,36000,1.00282840981
409059,409068,412449,9,3381,2,36000,1.00266193434
409202,409212,412001,10,2789,2,36000,1.00358551452
409299,409307,412065,8,2758,2,36000,1.00290065265
409323,409331,412316,8,2985,2,36000,1.002680067
409451,409461,412858,10,3397,2,36000,1.00294377392
409466,409472,412743,6,3271,2,36000,1.00183430144
409508,409518,412602,10,3084,2,36000,1.00324254215
409630,409639,412502,9,2863,2,36000,1.00314355571
409651,409660,412847,9,3187,2,36000,1.00282397239
409711,409721,412989,10,3268,2,36000,1.00305997552
409732,409743,413032,11,3289,2,36000,1.00334448161
409872,409880,413342,8,3462,2,36000,1.002310803
409886,409892,412892,6,3000,2,36000,1.002
409999,410009,413621,10,3612,2,36000,1.00276854928
410051,410061,413545,10,3484,2,36000,1.00287026406
410211,410222,413888,11,3666,2,36000,1.00300054555
410241,410251,413702,10,3451,2,36000,1.00289771081
410430,410439,413554,9,3115,2,36000,1.00288924559
410451,410461,414145,10,3684,2,36000,1.00271444083
410466,410472,413764,6,3292,2,36000,1.00182260024
410468,410478,413723,10,3245,2,36000,1.0030816641
410510,410518,414237,8,3719,2,36000,1.00215111589
410541,410549,413520,8,2971,2,36000,1.00269269606
410574,410582,413988,8,3406,2,36000,1.00234879624
410662,410668,412740,6,2072,1,7200,1.0028957529
410793,410803,414082,10,3279,2,36000,1.00304971028
410884,410893,413896,9,3003,2,36000,1.002997003
410899,410905,414305,6,3400,2,36000,1.00176470588
410990,410998,414453,8,3455,2,36000,1.0023154848
411041,411050,414338,9,3288,2,36000,1.00273722628
411403,411412,414773,9,3361,2,36000,1.00267777447
411469,411478,414117,9,2639,2,36000,1.00341038272
411487,411498,415188,11,3690,2,36000,1.00298102981
411560,411571,414462,11,2891,2,36000,1.0038049118
411584,411595,414985,11,3390,2,36000,1.00324483776
411602,411612,414836,10,3224,2,36000,1.00310173697
411679,411688,415164,9,3476,2,36000,1.00258918297
411680,411693,414990,13,3297,2,36000,1.00394297847
411802,411811,414937,9,3126,2,36000,1.00287907869
411909,411918,414987,9,3069,2,36000,1.00293255132
412003,412012,415362,9,3350,2,36000,1.00268656716
412066,412077,415305,11,3228,2,36000,1.00340768278
412176,412185,415005,9,2820,2,36000,1.00319148936
412319,412327,415502,8,3175,2,36000,1.00251968504
412452,412460,415439,8,2979,2,36000,1.00268546492
412504,412513,415570,9,3057,2,36000,1.00294406281
412604,412613,415777,9,3164,2,36000,1.00284450063
412743,412754,415751,11,2997,2,36000,1.003670337
412849,412858,415867,9,3009,2,36000,1.00299102692
412864,412870,416213,6,3343,2,36000,1.00179479509
412894,412903,416376,9,3473,2,36000,1.00259141952
412991,413001,416524,10,3523,2,36000,1.00283848992
413034,413043,416536,9,3493,2,36000,1.00257658173
413346,413354,416287,8,2933,2,36000,1.00272758268
413521,413531,417073,10,3542,2,36000,1.00282326369
413546,413556,416878,10,3322,2,36000,1.0030102348
413561,413567,416738,6,3171,2,36000,1.00189214759
413624,413633,416740,9,3107,2,36000,1.00289668491
413703,413713,417118,10,3405,2,36000,1.00293685756
413724,413734,416801,10,3067,2,36000,1.00326051516
413767,413775,417530,8,3755,2,36000,1.00213049268
413891,413899,417308,8,3409,2,36000,1.00234672925
413906,413912,417001,6,3089,2,36000,1.00194237617
413991,414000,417168,9,3168,2,36000,1.00284090909
414085,414093,417455,8,3362,2,36000,1.00237953599
414119,414128,417134,9,3006,2,36000,1.00299401198
414149,414157,417632,8,3475,2,36000,1.00230215827
414240,414248,417794,8,3546,2,36000,1.00225606317
414307,414316,417298,9,2982,2,36000,1.00301810865
414340,414350,417451,10,3101,2,36000,1.0032247662
414455,414464,417568,9,3104,2,36000,1.00289948454
414470,414476,417871,6,3395,2,36000,1.00176730486
414775,414785,417951,10,3166,2,36000,1.0031585597
414839,414847,417807,8,2960,2,36000,1.0027027027
414939,414948,418261,9,3313,2,36000,1.00271657108
414988,414995,418411,7,3416,2,36000,1.00204918033
414989,415001,418381,12,3380,2,36000,1.00355029586
415004,415011,418703,7,3692,2,36000,1.00189599133
415019,415028,418568,9,3540,2,36000,1.00254237288
415168,415176,418217,8,3041,2,36000,1.00263071358
415189,415199,418078,10,2879,2,36000,1.00347342827
415307,415316,418901,9,3585,2,36000,1.00251046025
415365,415373,418814,8,3441,2,36000,1.00232490555
415388,417658,418618,2270,960,2,3600,3.36458333333
415388,417451,418404,2063,953,2,3600,3.1647429171
415389,418416,419372,3027,956,2,3600,4.16631799163
415389,418629,419604,3240,975,2,3600,4.32307692308
415390,419383,420422,3993,1039,2,3600,4.84311838306
415390,419955,420913,4565,958,2,3600,5.76513569937
415390,419616,420588,4226,972,2,3600,5.34773662551
415391,420434,421407,5043,973,2,3600,6.1829393628
415391,420599,421564,5208,965,2,3600,6.39689119171
415391,419961,420924,4570,963,2,3600,5.7455867082
415392,420740,421702,5348,962,2,3600,6.55925155925
415392,420808,421778,5416,970,2,3600,6.58350515464
415392,420924,421897,5532,973,2,3600,6.68550873587
415393,420935,421978,5542,1043,2,3600,6.31351869607
415393,421575,422536,6182,961,2,3600,7.43288241415
415393,421418,422382,6025,964,2,3600,7.25
415394,421727,422686,6333,959,2,3600,7.60375391032
415394,421714,422689,6320,975,2,3600,7.48205128205
415394,421791,422745,6397,954,2,3600,7.70545073375
415441,415451,418073,10,2622,2,36000,1.00381388253
415505,415513,419136,8,3623,2,36000,1.00220811482
415572,415582,418999,10,3417,2,36000,1.00292654375
415636,415642,415671,6,29,1,7200,1.20689655172
415656,426872,431187,11216,4315,1,36000,3.59930475087
415683,427575,430834,11892,3259,1,36000,4.64897207732
415711,428879,428893,13168,14,1,36000,941.571428571
415727,428904,438876,13177,9972,1,36000,2.32139991978
415753,415762,419109,9,3347,2,36000,1.0026889752
415781,415789,418992,8,3203,2,36000,1.00249765845
415869,415878,419688,9,3810,2,36000,1.00236220472
416054,416987,416988,933,1,1,18000,93.4
416215,416224,419732,9,3508,2,36000,1.00256556442
416290,416299,419840,9,3541,2,36000,1.0025416549
416378,416387,420143,9,3756,2,36000,1.00239616613
416527,416535,419770,8,3235,2,36000,1.00247295209
416542,416548,419807,6,3259,2,36000,1.00184105554
416741,416749,419806,8,3057,2,36000,1.00261694472
416743,416755,419834,12,3079,2,36000,1.00389736928
416803,416813,420161,10,3348,2,36000,1.00298685783
416879,416889,420053,10,3164,2,36000,1.00316055626
417003,417012,420928,9,3916,2,36000,1.00229826353
417076,417084,420151,8,3067,2,36000,1.00260841213
417118,417129,421015,11,3886,2,36000,1.00283067422
417136,417145,420405,9,3260,2,36000,1.0027607362
417170,417180,420127,10,2947,2,36000,1.0033932813
417300,417309,420689,9,3380,2,36000,1.00266272189
417315,417321,420162,6,2841,2,36000,1.00211193242
417373,417379,417440,6,61,1,7200,1.09836065574
417454,417462,420786,8,3324,2,36000,1.00240673887
417469,417476,420519,7,3043,2,36000,1.00230036149
417518,419259,419261,1741,2,1,7200,174.3
417533,417542,420761,9,3219,2,36000,1.00279589935
417569,417579,420803,10,3224,2,36000,1.00310173697
417633,417643,421111,10,3468,2,36000,1.00288350634
417797,417806,422297,9,4491,2,36000,1.00200400802
417812,417817,421104,5,3287,2,36000,1.0015211439
417872,417882,420993,10,3111,2,36000,1.00321440051
417954,417962,421182,8,3220,2,36000,1.00248447205
418076,418084,420647,8,2563,2,36000,1.00312134218
418091,418097,421340,6,3243,2,36000,1.00185013876
418219,418228,421625,9,3397,2,36000,1.00264939653
418264,418272,421659,8,3387,2,36000,1.00236197225
418382,418392,421774,10,3382,2,36000,1.00295683028
418413,418422,421383,9,2961,2,36000,1.00303951368
418568,418579,421503,11,2924,2,36000,1.0037619699
418705,418714,421655,9,2941,2,36000,1.00306018361
418817,418825,421688,8,2863,2,36000,1.00279427174
418902,418912,422249,10,3337,2,36000,1.00299670363
418994,419003,422097,9,3094,2,36000,1.00290885585
419009,419015,422214,6,3199,2,36000,1.00187558612
419112,419120,422084,8,2964,2,36000,1.00269905533
419140,419148,422355,8,3207,2,36000,1.00249454319
419487,422722,422736,3235,14,1,43200,232.071428571
419689,419700,422282,11,2582,2,36000,1.00426026336
419732,419743,423390,11,3647,2,36000,1.00301617768
419772,419781,422969,9,3188,2,36000,1.00282308657
419810,419818,422824,8,3006,2,36000,1.00266134398
419811,419823,423082,12,3259,2,36000,1.00368211108
419837,419845,423507,8,3662,2,36000,1.00218459858
419852,419858,422493,6,2635,2,36000,1.00227703985
420056,420064,423193,8,3129,2,36000,1.00255672739
420130,420138,423546,8,3408,2,36000,1.00234741784
420145,420154,423441,9,3287,2,36000,1.00273805902
420161,420167,423351,6,3184,2,36000,1.00188442211
420176,420182,423603,6,3421,2,36000,1.00175387314
420178,420188,423441,10,3253,2,36000,1.00307408546
420408,420416,423791,8,3375,2,36000,1.00237037037
420520,420531,423704,11,3173,2,36000,1.00346675071
420650,420658,423396,8,2738,2,36000,1.00292184076
420693,420701,423821,8,3120,2,36000,1.00256410256
420762,420772,424232,10,3460,2,36000,1.00289017341
420789,420797,423896,8,3099,2,36000,1.0025814779
420804,420814,424005,10,3191,2,36000,1.00313381385
420929,420941,423777,12,2836,2,36000,1.00423131171
420996,421005,424185,9,3180,2,36000,1.00283018868
421017,421026,424742,9,3716,2,36000,1.0024219591
421105,421115,424342,10,3227,2,36000,1.00309885342
421120,421126,424481,6,3355,2,36000,1.00178837556
421183,421194,424367,11,3173,2,36000,1.00346675071
421341,421351,424469,10,3118,2,36000,1.00320718409
421383,421389,422711,6,1322,1,7200,1.00453857791
421387,421395,424663,8,3268,2,36000,1.00244798042
421445,421521,421580,76,59,1,7200,2.28813559322
421505,421515,424528,10,3013,2,36000,1.00331895121
421626,421636,424610,10,2974,2,36000,1.00336247478
421657,421667,424420,10,2753,2,36000,1.00363240102
421671,421678,424771,7,3093,2,36000,1.00226317491
421690,421699,425444,9,3745,2,36000,1.00240320427
421735,421909,421969,174,60,1,7200,3.9
421775,421785,424779,10,2994,2,36000,1.00334001336
422085,422095,425480,10,3385,2,36000,1.00295420975
422100,422108,424772,8,2664,2,36000,1.003003003
422215,422225,425456,10,3231,2,36000,1.00309501702
422251,422260,425474,9,3214,2,36000,1.00280024891
422285,422293,425487,8,3194,2,36000,1.00250469631
422300,422309,425809,9,3500,2,36000,1.00257142857
422357,422366,425324,9,2958,2,36000,1.00304259635
422497,422505,425860,8,3355,2,36000,1.00238450075
422510,467532,471168,45022,3636,64,3600,13.3822882288
422826,422836,425758,10,2922,2,36000,1.00342231348
422972,422981,426360,9,3379,2,36000,1.00266350991
423084,423093,426574,9,3481,2,36000,1.00258546395
423196,423204,426474,8,3270,2,36000,1.00244648318
423353,423362,426669,9,3307,2,36000,1.00272149985
423392,423401,426358,9,2957,2,36000,1.0030436253
423407,423413,426519,6,3106,2,36000,1.00193174501
423444,423513,427336,69,3823,2,36000,1.01804865289
423445,423518,426288,73,2770,2,36000,1.02635379061
423509,423524,426388,15,2864,2,36000,1.00523743017
423548,423558,426780,10,3222,2,36000,1.00310366232
423606,423614,427069,8,3455,2,36000,1.0023154848
423705,423715,426680,10,2965,2,36000,1.00337268128
423743,423749,423786,6,37,1,7200,1.16216216216
423778,423788,426461,10,2673,2,36000,1.00374111485
423793,423803,426541,10,2738,2,36000,1.00365230095
423823,423833,426939,10,3106,2,36000,1.00321957502
423899,423907,426698,8,2791,2,36000,1.00286635614
424009,424020,427201,11,3181,2,36000,1.00345803207
424143,427630,439134,3487,11504,1,18000,1.30311196106
424185,424196,427604,11,3408,2,36000,1.00322769953
424234,424243,427557,9,3314,2,36000,1.00271575136
424343,424353,427316,10,2963,2,36000,1.00337495781
424367,424378,427521,11,3143,2,36000,1.00349984092
424421,424431,427564,10,3133,2,36000,1.00319182892
424470,424480,428022,10,3542,2,36000,1.00282326369
424485,424492,427437,7,2945,2,36000,1.00237691002
424531,424539,427625,8,3086,2,36000,1.00259235256
424613,424621,428465,8,3844,2,36000,1.00208116545
424665,424674,428271,9,3597,2,36000,1.00250208507
424743,424753,427826,10,3073,2,36000,1.00325414904
424774,424783,428003,9,3220,2,36000,1.00279503106
424775,424788,428166,13,3378,2,36000,1.00384843102
424790,424796,427771,6,2975,2,36000,1.00201680672
425326,425335,428700,9,3365,2,36000,1.00267459138
425447,425455,429093,8,3638,2,36000,1.00219901045
425462,425468,428909,6,3441,2,36000,1.00174367916
425477,425485,428747,8,3262,2,36000,1.00245248314
425493,425499,428754,6,3255,2,36000,1.00184331797
425494,425505,429029,11,3524,2,36000,1.00312145289
425760,425769,428646,9,2877,2,36000,1.0031282586
425812,425820,428821,8,3001,2,36000,1.00266577807
425863,425871,429343,8,3472,2,36000,1.00230414747
426290,426299,429787,9,3488,2,36000,1.00258027523
426360,426373,429596,13,3223,2,36000,1.00403350915
426375,426381,429464,6,3083,2,36000,1.00194615634
426390,426399,429765,9,3366,2,36000,1.00267379679
426462,426472,430612,10,4140,2,36000,1.00241545894
426477,426485,429505,8,3020,2,36000,1.00264900662
426520,426530,430129,10,3599,2,36000,1.0027785496
426530,429323,458658,2793,29335,1,36000,1.0952104994
426544,426552,429256,8,2704,2,36000,1.00295857988
426577,426590,429396,13,2806,2,36000,1.00463292944
426671,426680,429425,9,2745,2,36000,1.00327868852
426686,426692,429787,6,3095,2,36000,1.00193861066
426701,426709,429506,8,2797,2,36000,1.00286020737
426780,426791,429608,11,2817,2,36000,1.00390486333
426941,426950,429814,9,2864,2,36000,1.0031424581
427071,427080,430536,9,3456,2,36000,1.00260416667
427204,427213,430229,9,3016,2,36000,1.00298408488
427319,427327,430352,8,3025,2,36000,1.0026446281
427337,427347,430344,10,2997,2,36000,1.00333667
427440,427448,430867,8,3419,2,36000,1.00233986546
427521,427532,430704,11,3172,2,36000,1.00346784363
427558,427568,431291,10,3723,2,36000,1.00268600591
427573,427581,430716,8,3135,2,36000,1.00255183413
427606,427616,430712,10,3096,2,36000,1.00322997416
427627,427636,431103,9,3467,2,36000,1.00259590424
427685,428506,428507,821,1,1,900,82.2
427774,427782,430687,8,2905,2,36000,1.00275387263
427829,427837,431188,8,3351,2,36000,1.00238734706
428005,428014,431904,9,3890,2,36000,1.00231362468
428023,428033,431382,10,3349,2,36000,1.00298596596
428169,428178,431152,9,2974,2,36000,1.0030262273
428195,428519,429874,324,1355,1,7200,1.23911439114
428247,429222,429311,975,89,1,7200,11.9550561798
428272,428282,431286,10,3004,2,36000,1.00332889481
428445,429227,430977,782,1750,1,7200,1.44685714286
428467,428476,431669,9,3193,2,36000,1.00281866583
428648,428657,432063,9,3406,2,36000,1.00264239577
428703,428711,431924,8,3213,2,36000,1.00248988484
428748,428758,432027,10,3269,2,36000,1.00305903946
428763,428769,431572,6,2803,2,36000,1.00214056368
428824,428832,431899,8,3067,2,36000,1.00260841213
428911,428920,432268,9,3348,2,36000,1.00268817204
429029,429040,432208,11,3168,2,36000,1.00347222222
429096,429104,432738,8,3634,2,36000,1.00220143093
429257,429267,432374,10,3107,2,36000,1.00321853878
429345,429354,432627,9,3273,2,36000,1.00274977085
429400,429407,432333,7,2926,2,36000,1.0023923445
429427,429436,432840,9,3404,2,36000,1.0026439483
429466,429475,432727,9,3252,2,36000,1.00276752768
429509,429517,432160,8,2643,2,36000,1.00302686341
429510,429522,432538,12,3016,2,36000,1.00397877984
429598,429607,432760,9,3153,2,36000,1.00285442436
429613,429619,432544,6,2925,2,36000,1.00205128205
429768,429776,433601,8,3825,2,36000,1.00209150327
429790,429821,432921,31,3100,2,36000,1.01
429791,429826,433124,35,3298,2,36000,1.01061249242
429815,429833,432347,18,2514,2,36000,1.00715990453
430127,430140,433507,13,3367,2,36000,1.00386100386
430230,430240,433244,10,3004,2,36000,1.00332889481
430345,430355,433730,10,3375,2,36000,1.00296296296
430360,430366,433176,6,2810,2,36000,1.00213523132
430538,430547,433805,9,3258,2,36000,1.00276243094
430614,430624,433730,10,3106,2,36000,1.00321957502
430690,430698,433772,8,3074,2,36000,1.00260247235
430705,430715,433701,10,2986,2,36000,1.00334896182
430720,430726,433933,6,3207,2,36000,1.00187090739
430721,430732,434088,11,3356,2,36000,1.00327771156
430870,430878,434081,8,3203,2,36000,1.00249765845
431106,431114,434562,8,3448,2,36000,1.00232018561
431155,431163,434295,8,3132,2,36000,1.00255427842
431191,431200,435017,9,3817,2,36000,1.00235787267
431288,431297,434770,9,3473,2,36000,1.00259141952
431303,431309,435229,6,3920,2,36000,1.00153061224
431383,431393,434771,10,3378,2,36000,1.00296033156
431574,431584,434690,10,3106,2,36000,1.00321957502
431671,431680,435518,9,3838,2,36000,1.00234497134
431691,431702,431709,11,7,1,7200,1.8
431691,431697,431813,6,116,1,7200,1.05172413793
431901,431910,435387,9,3477,2,36000,1.00258843831
431916,431922,434883,6,2961,2,36000,1.00202634245
431931,431937,435735,6,3798,2,36000,1.00157977883
432028,432038,435773,10,3735,2,36000,1.00267737617
432064,432074,435367,10,3293,2,36000,1.00303674461
432162,432171,435473,9,3302,2,36000,1.00272562084
432210,432219,435530,9,3311,2,36000,1.00271821202
432271,432280,435430,9,3150,2,36000,1.00285714286
432334,432344,435763,10,3419,2,36000,1.00292483182
432349,432358,435444,9,3086,2,36000,1.00291639663
432376,432385,435427,9,3042,2,36000,1.00295857988
432539,432549,436116,10,3567,2,36000,1.00280347631
432554,432561,435638,7,3077,2,36000,1.00227494313
432630,432656,436217,26,3561,2,36000,1.00730131985
432730,432738,436089,8,3351,2,36000,1.00238734706
432745,432751,436026,6,3275,2,36000,1.00183206107
432763,432771,435921,8,3150,2,36000,1.00253968254
432809,433328,433396,519,68,14,960,8.63235294118
432842,432851,435949,9,3098,2,36000,1.00290510006
432924,432933,436685,9,3752,2,36000,1.00239872068
433127,433135,435885,8,2750,2,36000,1.00290909091
433178,433187,436028,9,2841,2,36000,1.00316789863
433245,433256,436561,11,3305,2,36000,1.00332829047
433510,433518,436797,8,3279,2,36000,1.00243976822
433604,433613,436864,9,3251,2,36000,1.00276837896
433703,433712,437381,9,3669,2,36000,1.00245298446
433731,433741,436709,10,2968,2,36000,1.00336927224
433732,433746,437441,14,3695,2,36000,1.00378890392
433775,433784,436799,9,3015,2,36000,1.00298507463
433808,433816,437338,8,3522,2,36000,1.00227143668
433936,433945,437081,9,3136,2,36000,1.00286989796
434081,434092,437201,11,3109,2,36000,1.00353811515
434096,434103,437531,7,3428,2,36000,1.002042007
434297,434307,437306,10,2999,2,36000,1.00333444481
434563,434573,437568,10,2995,2,36000,1.00333889816
434691,434701,438040,10,3339,2,36000,1.00299490866
434773,434782,438054,9,3272,2,36000,1.00275061125
434775,434787,437930,12,3143,2,36000,1.00381800827
434884,434894,437562,10,2668,2,36000,1.00374812594
435020,435028,438606,8,3578,2,36000,1.00223588597
435230,435240,438603,10,3363,2,36000,1.00297353553
435370,435379,438511,9,3132,2,36000,1.00287356322
435388,435399,438680,11,3281,2,36000,1.00335263639
435421,435427,435620,6,193,14,960,1.0310880829
435428,435438,438388,10,2950,2,36000,1.00338983051
435443,435449,438285,6,2836,2,36000,1.00211565585
435458,435464,438541,6,3077,2,36000,1.00194995125
435476,435484,438620,8,3136,2,36000,1.00255102041
435516,435585,435635,69,50,1,7200,2.38
435521,435529,438626,8,3097,2,36000,1.00258314498
435536,435542,438699,6,3157,2,36000,1.00190053849
435629,435635,435718,6,83,14,960,1.07228915663
435640,435649,438536,9,2887,2,36000,1.00311742293
435716,435723,435729,7,6,1,900,1.3
435737,435746,439102,9,3356,2,36000,1.002681764
435764,435775,439232,11,3457,2,36000,1.00318194967
435779,435786,438507,7,2721,2,36000,1.00257258361
435888,435896,439159,8,3263,2,36000,1.00245173154
435922,435932,439497,10,3565,2,36000,1.00280504909
435952,435960,438547,8,2587,2,36000,1.003092385
436028,436038,439630,10,3592,2,36000,1.00278396437
436043,436049,439065,6,3016,2,36000,1.00198938992
436091,436100,439294,9,3194,2,36000,1.00281778334
436119,436128,439653,9,3525,2,36000,1.00255319149
436219,436228,440513,9,4285,2,36000,1.00210035006
436564,436572,439340,8,2768,2,36000,1.00289017341
436629,436635,436636,6,1,2,3540,1.0
436688,436696,440259,8,3563,2,36000,1.00224529891
436710,436720,440076,10,3356,2,36000,1.00297973778
436736,436743,436886,7,143,14,9960,1.04895104895
436801,436810,439556,9,2746,2,36000,1.00327749454
436802,436815,439899,13,3084,2,36000,1.0042153048
436866,436875,440008,9,3133,2,36000,1.00287264603
436884,436891,436899,7,8,1,900,1.5
436896,436902,436981,6,79,14,9960,1.07594936709
436979,436986,436991,7,5,1,900,1.2
436992,436999,437218,7,219,14,9960,1.03196347032
437083,437093,440641,10,3548,2,36000,1.00281848929
437202,437212,440718,10,3506,2,36000,1.00285225328
437216,437222,437233,6,11,1,900,1.54545454545
437228,437234,437463,6,229,14,9960,1.02620087336
437309,437317,440399,8,3082,2,36000,1.00259571707
437340,437349,440588,9,3239,2,36000,1.00277863538
437382,437392,441334,10,3942,2,36000,1.00253678336
437443,437452,440674,9,3222,2,36000,1.00279329609
437461,437467,437475,6,8,1,900,1.4
437472,437478,437700,6,222,14,9960,1.02702702703
437534,437542,441073,8,3531,2,36000,1.00226564713
437562,437573,440942,11,3369,2,36000,1.00326506382
437577,437583,440772,6,3189,2,36000,1.00188146754
437698,437704,437712,6,8,1,900,1.4
437707,437713,437945,6,232,14,9960,1.02586206897
437934,437942,441074,8,3132,2,36000,1.00255427842
437943,437949,437955,6,6,1,900,1.2
437953,437959,438192,6,233,14,9960,1.02575107296
438043,438051,441530,8,3479,2,36000,1.00229951135
438058,438065,441567,7,3502,2,36000,1.0019988578
438190,438196,438206,6,10,1,900,1.6
438200,438206,438353,6,147,14,9960,1.04081632653
438286,438296,441448,10,3152,2,36000,1.00317258883
438351,438357,438364,6,7,1,900,1.3
438361,438368,438511,7,143,14,9960,1.04895104895
438389,438399,441769,10,3370,2,36000,1.00296735905
438509,438516,438520,7,4,1,900,1.1
438510,438522,441806,12,3284,2,36000,1.00365408039
438520,438528,438670,8,142,14,9960,1.05633802817
438525,438534,441606,9,3072,2,36000,1.0029296875
438540,438547,441319,7,2772,2,36000,1.00252525253
438542,438553,441577,11,3024,2,36000,1.00363756614
438557,438563,441451,6,2888,2,36000,1.00207756233
438606,438614,442134,8,3520,2,36000,1.00227272727
438621,438627,441711,6,3084,2,36000,1.00194552529
438622,438633,441902,11,3269,2,36000,1.00336494341
438637,438643,442079,6,3436,2,36000,1.00174621653
438668,438674,438681,6,7,1,900,1.3
438678,438684,438833,6,149,14,9960,1.04026845638
438683,438692,442314,9,3622,2,36000,1.00248481502
438701,438710,441878,9,3168,2,36000,1.00284090909
438831,438837,438844,6,7,1,900,1.3
438841,438847,438984,6,137,14,9960,1.04379562044
438983,438989,438995,6,6,1,900,1.2
438993,439000,439145,7,145,14,9960,1.04827586207
439067,439073,442173,6,3100,2,36000,1.00193548387
439104,439110,442305,6,3195,2,36000,1.00187793427
439143,439149,439159,6,10,1,900,1.6
439153,439160,439303,7,143,14,9960,1.04895104895
439162,439168,442195,6,3027,2,36000,1.00198216056
439235,439241,442608,6,3367,2,36000,1.00178200178
439295,439301,442762,6,3461,2,36000,1.001733603
439301,439307,439312,6,5,1,900,1.1
439314,439320,439464,6,144,14,9960,1.04166666667
439340,439347,442073,7,2726,2,36000,1.002567865
439459,439465,439472,6,7,1,900,1.3
439469,439475,439618,6,143,14,9960,1.04195804196
439501,439507,442902,6,3395,2,36000,1.00176730486
439559,439565,442605,6,3040,2,36000,1.00197368421
439616,439622,439628,6,6,1,900,1.2
439626,439632,439776,6,144,14,9960,1.04166666667
439628,439643,442478,15,2835,14,7200,1.00529100529
439631,439638,442361,7,2723,2,36000,1.00257069409
439656,439662,442202,6,2540,2,36000,1.00236220472
439776,439782,439787,6,5,1,900,1.1
439786,439792,439937,6,145,14,9960,1.04137931034
439901,439907,443499,6,3592,2,36000,1.00167037862
439936,439942,439947,6,5,1,900,1.1
439946,439952,440095,6,143,14,9960,1.04195804196
440010,440016,443436,6,3420,2,36000,1.00175438596
440077,440082,443746,5,3664,2,36000,1.00136462882
440095,440101,440105,6,4,1,900,1.0
440104,440110,440251,6,141,14,9960,1.04255319149
440249,440255,440261,6,6,1,900,1.2
440260,440266,440412,6,146,14,9960,1.04109589041
440262,440272,443236,10,2964,2,36000,1.00337381916
440402,440408,443312,6,2904,2,36000,1.0020661157
440410,440416,440425,6,9,1,900,1.5
440420,440426,440566,6,140,14,9960,1.04285714286
440515,440521,444109,6,3588,2,36000,1.0016722408
440564,440570,440577,6,7,1,900,1.3
440577,440583,440730,6,147,14,9960,1.04081632653
440590,440597,443469,7,2872,2,36000,1.00243732591
440642,440648,444117,6,3469,2,36000,1.00172960507
440675,440681,443596,6,2915,2,36000,1.00205831904
440721,440727,443230,6,2503,2,36000,1.00239712345
440728,440734,440741,6,7,1,900,1.3
440738,440745,440889,7,144,14,9960,1.04861111111
440775,440782,443527,7,2745,2,36000,1.00255009107
440887,440893,440900,6,7,1,900,1.3
440897,440903,441050,6,147,14,9960,1.04081632653
440943,440949,444164,6,3215,2,36000,1.00186625194
441048,441054,441067,6,13,1,900,1.46153846154
441061,441067,441210,6,143,14,9960,1.04195804196
441077,441083,444024,6,2941,2,36000,1.00204012241
441078,441089,443720,11,2631,2,36000,1.0041809198
441208,441214,441219,6,5,1,900,1.1
441220,441226,441394,6,168,14,9960,1.03571428571
441322,441328,444928,6,3600,2,36000,1.00166666667
441337,441343,444651,6,3308,2,36000,1.00181378476
441392,441398,441404,6,6,1,900,1.2
441403,441409,441551,6,142,14,9960,1.04225352113
441449,441455,444095,6,2640,2,36000,1.00227272727
441464,441470,444621,6,3151,2,36000,1.00190415741
441531,441536,444847,5,3311,2,36000,1.00151011779
441549,441555,441560,6,5,1,900,1.1
441559,441565,441704,6,139,14,9960,1.04316546763
441570,441576,445101,6,3525,2,36000,1.00170212766
441585,441591,444456,6,2865,2,36000,1.00209424084
441609,441615,445445,6,3830,2,36000,1.00156657963
441702,441708,441714,6,6,1,900,1.2
441711,441718,441862,7,144,14,9960,1.04861111111
441712,441723,444962,11,3239,2,36000,1.00339610991
441770,441777,445036,7,3259,2,36000,1.00214789813
441810,441816,444741,6,2925,2,36000,1.00205128205
441860,441866,441872,6,6,1,900,1.2
441872,441878,442085,6,207,14,9960,1.02898550725
441879,441886,444728,7,2842,2,36000,1.00246305419
441904,441910,445449,6,3539,2,36000,1.00169539418
442074,442080,445073,6,2993,2,36000,1.00200467758
442083,442089,442097,6,8,1,900,1.4
442089,442095,445538,6,3443,2,36000,1.00174266628
442097,442103,442250,6,147,14,9960,1.04081632653
442137,442143,445043,6,2900,2,36000,1.00206896552
442177,442183,445846,6,3663,2,36000,1.00163800164
442198,442204,444811,6,2607,2,36000,1.00230149597
442213,442219,445265,6,3046,2,36000,1.00196979645
442248,442254,442263,6,9,1,900,1.5
442259,442265,442409,6,144,14,9960,1.04166666667
442308,442314,445467,6,3153,2,36000,1.00190294957
442323,442329,445665,6,3336,2,36000,1.00179856115
442364,442370,445683,6,3313,2,36000,1.00181104739
442407,442414,442421,7,7,1,900,1.4
442417,442423,442568,6,145,14,9960,1.04137931034
442566,442573,442579,7,6,1,900,1.3
442577,442583,442716,6,133,14,9960,1.04511278195
442607,442613,445909,6,3296,2,36000,1.00182038835
442622,442628,446078,6,3450,2,36000,1.00173913043
442714,442720,442727,6,7,1,900,1.3
442724,442731,442964,7,233,14,9960,1.03004291845
442764,442770,446007,6,3237,2,36000,1.00185356812
442904,442910,446241,6,3331,2,36000,1.00180126088
442957,442963,442971,6,8,1,900,1.4
442967,442974,443197,7,223,14,9960,1.03139013453
443195,443201,443208,6,7,1,900,1.3
443207,443213,443423,6,210,14,9960,1.02857142857
443232,443238,446135,6,2897,2,36000,1.00207110804
443247,443253,446403,6,3150,2,36000,1.0019047619
443314,443320,446135,6,2815,2,36000,1.00213143872
443421,443427,443435,6,8,1,900,1.4
443432,443438,443658,6,220,14,9960,1.02727272727
443438,443444,447125,6,3681,2,36000,1.00162999185
443472,443478,446794,6,3316,2,36000,1.00180940893
443502,443508,446186,6,2678,2,36000,1.00224047797
443529,443535,446947,6,3412,2,36000,1.00175849941
443599,443605,446681,6,3076,2,36000,1.00195058518
443656,443662,443670,6,8,1,900,1.4
443668,443675,443907,7,232,14,9960,1.03017241379
443723,443729,446797,6,3068,2,36000,1.00195567145
443747,443754,446826,7,3072,2,36000,1.00227864583
443902,443908,443916,6,8,1,900,1.4
443914,443920,444087,6,167,14,9960,1.03592814371
444026,444032,447459,6,3427,2,36000,1.00175080245
444087,444093,444100,6,7,1,900,1.3
444095,444102,447611,7,3509,2,36000,1.00199487033
444097,444108,444250,11,142,14,9960,1.07746478873
444111,444117,447728,6,3611,2,36000,1.00166158959
444126,444132,446905,6,2773,2,36000,1.0021637216
444165,444171,447645,6,3474,2,36000,1.00172711572
444248,444255,444262,7,7,1,900,1.4
444260,444266,444493,6,227,14,9960,1.02643171806
444459,444465,448379,6,3914,2,36000,1.00153295861
444491,444497,444505,6,8,1,900,1.4
444501,444508,444732,7,224,14,9960,1.03125
444623,444629,448020,6,3391,2,36000,1.00176938956
444653,444659,447795,6,3136,2,36000,1.00191326531
444729,444735,447742,6,3007,2,36000,1.0019953442
444730,444740,444748,10,8,1,900,1.8
444743,444749,444964,6,215,14,9960,1.02790697674
444744,444755,448110,11,3355,2,36000,1.00327868852
444814,444820,448243,6,3423,2,36000,1.00175284838
444847,444853,447734,6,2881,2,36000,1.0020826102
444929,444935,448233,6,3298,2,36000,1.00181928441
444962,444968,444976,6,8,1,900,1.4
444966,444974,448232,8,3258,2,36000,1.00245549417
444973,444980,445155,7,175,14,9960,1.04
445040,445046,448556,6,3510,2,36000,1.00170940171
445055,445061,448116,6,3055,2,36000,1.00196399345
445076,445082,448396,6,3314,2,36000,1.00181050091
445103,445109,448275,6,3166,2,36000,1.00189513582
445153,445160,445169,7,9,1,900,1.6
445166,445173,445390,7,217,14,9960,1.03225806452
445268,445274,448496,6,3222,2,36000,1.00186219739
445387,445394,445405,7,11,1,900,1.63636363636
445401,445408,445639,7,231,14,9960,1.0303030303
445447,445454,448630,7,3176,2,36000,1.00220403023
445462,445468,448632,6,3164,2,36000,1.00189633375
445477,445483,448753,6,3270,2,36000,1.00183486239
445541,445547,449521,6,3974,2,36000,1.00150981379
445633,445639,445647,6,8,1,900,1.4
445643,445649,445884,6,235,14,9960,1.02553191489
445668,445675,448880,7,3205,2,36000,1.00218408736
445683,445690,449212,7,3522,2,36000,1.0019875071
445847,445853,449441,6,3588,2,36000,1.0016722408
445877,445883,445890,6,7,1,900,1.3
445888,445894,446108,6,214,14,9960,1.02803738318
445911,445917,449644,6,3727,2,36000,1.00160987389
446008,446014,448905,6,2891,2,36000,1.00207540643
446080,446087,449291,7,3204,2,36000,1.00218476904
446106,446112,446120,6,8,1,900,1.4
446119,446125,446275,6,150,14,9960,1.04
446139,446145,449195,6,3050,2,36000,1.00196721311
446140,446151,449665,11,3514,2,36000,1.0031303358
446189,446195,449453,6,3258,2,36000,1.00184162063
446243,446249,449137,6,2888,2,36000,1.00207756233
446273,446279,446288,6,9,1,900,1.5
446281,446287,446379,6,92,14,9960,1.0652173913
446404,446410,449129,6,2719,2,36000,1.00220669364
446475,446481,448635,6,2154,14,7200,1.00278551532
446683,446689,449517,6,2828,2,36000,1.00212164074
446795,446801,450128,6,3327,2,36000,1.00180342651
446810,446816,450068,6,3252,2,36000,1.00184501845
446828,446834,449461,6,2627,2,36000,1.00228397411
446907,446913,450335,6,3422,2,36000,1.00175336061
446949,446955,450208,6,3253,2,36000,1.00184445128
447128,447134,450260,6,3126,2,36000,1.0019193858
447459,447465,450345,6,2880,2,36000,1.00208333333
447614,447620,450595,6,2975,2,36000,1.00201680672
447647,447653,450666,6,3013,2,36000,1.00199137073
447729,447735,450836,6,3101,2,36000,1.00193485972
447744,447751,450794,7,3043,2,36000,1.00230036149
447746,447757,450952,11,3195,2,36000,1.0034428795
447797,447803,450998,6,3195,2,36000,1.00187793427
448021,448027,451349,6,3322,2,36000,1.00180614088
448112,448118,451017,6,2899,2,36000,1.0020696792
448127,448133,451383,6,3250,2,36000,1.00184615385
448234,448240,451444,6,3204,2,36000,1.00187265918
448235,448246,451415,11,3169,2,36000,1.00347112654
448250,448257,451429,7,3172,2,36000,1.00220680958
448278,448284,451378,6,3094,2,36000,1.00193923723
448381,448387,451953,6,3566,2,36000,1.00168255749
448399,448405,451541,6,3136,2,36000,1.00191326531
448499,448505,451967,6,3462,2,36000,1.00173310225
448560,448566,452306,6,3740,2,36000,1.00160427807
448633,448639,452057,6,3418,2,36000,1.00175541252
448634,448645,451975,11,3330,2,36000,1.0033033033
448756,448762,451671,6,2909,2,36000,1.00206256446
448880,448886,452249,6,3363,2,36000,1.00178412132
448908,448914,452730,6,3816,2,36000,1.00157232704
449132,449138,452420,6,3282,2,36000,1.00182815356
449147,449153,452494,6,3341,2,36000,1.0017958695
449196,449202,452872,6,3670,2,36000,1.00163487738
449214,449220,452890,6,3670,2,36000,1.00163487738
449293,449299,452400,6,3101,2,36000,1.00193485972
449442,449448,452911,6,3463,2,36000,1.00173260179
449457,449463,452645,6,3182,2,36000,1.00188560654
449472,449478,453146,6,3668,2,36000,1.00163576881
449520,449526,452500,6,2974,2,36000,1.00201748487
449535,449541,453054,6,3513,2,36000,1.00170794193
449647,449653,453297,6,3644,2,36000,1.00164654226
449668,449674,452890,6,3216,2,36000,1.00186567164
450070,450076,453281,6,3205,2,36000,1.00187207488
450130,450137,453324,7,3187,2,36000,1.00219642297
450209,450215,453658,6,3443,2,36000,1.00174266628
450264,450270,453174,6,2904,2,36000,1.0020661157
450336,450343,453429,7,3086,2,36000,1.00226830849
450351,450358,453243,7,2885,2,36000,1.00242634315
450598,450604,453609,6,3005,2,36000,1.00199667221
450668,450674,453674,6,3000,2,36000,1.002
450795,450801,453674,6,2873,2,36000,1.00208840933
450837,450843,453674,6,2831,2,36000,1.00211939244
450955,450961,453674,6,2713,2,36000,1.0022115739
451001,451007,453674,6,2667,2,36000,1.00224971879
451019,451025,453674,6,2649,2,36000,1.00226500566
451351,451357,453674,6,2317,2,36000,1.00258955546
451381,451387,453674,6,2287,2,36000,1.00262352427
451396,451402,453674,6,2272,2,36000,1.00264084507
451417,451423,453674,6,2251,2,36000,1.00266548201
451432,451438,453674,6,2236,2,36000,1.00268336315
451448,451454,453674,6,2220,2,36000,1.0027027027
451542,451548,453674,6,2126,2,36000,1.00282220132
451673,451679,453674,6,1995,2,36000,1.0030075188
451954,451960,453674,6,1714,2,36000,1.00350058343
451969,451975,453674,6,1699,2,36000,1.00353148911
451984,451990,453674,6,1684,2,36000,1.00356294537
452001,452007,454273,6,2266,14,7200,1.0026478376
452060,452066,453675,6,1609,2,36000,1.00372902424
452251,452257,453675,6,1418,2,36000,1.00423131171
452309,452315,453675,6,1360,2,36000,1.00441176471
452402,452409,453675,7,1266,2,36000,1.00552922591
452423,452430,453675,7,1245,2,36000,1.00562248996
452496,452503,453675,7,1172,2,36000,1.00597269625
452511,452518,453675,7,1157,2,36000,1.00605012965
452648,452654,453675,6,1021,2,36000,1.00587659158
452733,452739,453675,6,936,2,36000,1.00641025641
452873,452879,453675,6,796,2,36000,1.00753768844
452891,452897,453675,6,778,2,36000,1.00771208226
452892,452903,453675,11,772,2,36000,1.01424870466
452913,452920,453675,7,755,2,36000,1.00927152318
453056,453062,453675,6,613,2,36000,1.00978792822
453147,453153,453675,6,522,2,36000,1.01149425287
453174,453180,453675,6,495,2,36000,1.01212121212
453244,453250,453675,6,425,2,36000,1.01411764706
453283,453289,453675,6,386,2,36000,1.01554404145
453298,453305,453675,7,370,2,36000,1.01891891892
453326,453332,453675,6,343,2,36000,1.01749271137
453432,453438,453675,6,237,2,36000,1.0253164557
453611,453617,453675,6,58,2,36000,1.10344827586
453659,453665,453675,6,10,2,36000,1.6
453724,453730,457380,6,3650,2,36000,1.00164383562
453725,453736,456808,11,3072,2,36000,1.00358072917
453726,453741,457074,15,3333,2,36000,1.00450045005
453728,453746,457322,18,3576,2,36000,1.00503355705
453729,453751,456961,22,3210,2,36000,1.00685358255
453731,453757,457510,26,3753,2,36000,1.0069277911
453732,453762,457141,30,3379,2,36000,1.00887836638
453733,453767,456872,34,3105,2,36000,1.01095008052
453735,453773,457337,38,3564,2,36000,1.01066217733
453736,453778,457319,42,3541,2,36000,1.0118610562
453737,453783,457246,46,3463,2,36000,1.01328328039
453739,453788,457315,49,3527,2,36000,1.01389282676
453740,453793,456974,53,3181,2,36000,1.01666142722
453742,453798,457448,56,3650,2,36000,1.01534246575
453743,453804,457173,61,3369,2,36000,1.01810626299
453744,453809,457358,65,3549,2,36000,1.01831501832
453746,453814,457928,68,4114,2,36000,1.01652892562
453747,453819,457328,72,3509,2,36000,1.02051866629
453749,453824,457165,75,3341,2,36000,1.02244836875
453750,453829,457541,79,3712,2,36000,1.02128232759
453751,453835,457342,84,3507,2,36000,1.02395209581
453753,453840,457417,87,3577,2,36000,1.02432205759
453754,453846,457243,92,3397,2,36000,1.02708272005
453755,453852,457440,97,3588,2,36000,1.02703455964
453757,453857,457279,100,3422,2,36000,1.0292226768
453758,453863,456625,105,2762,2,36000,1.03801593049
453760,453868,457394,108,3526,2,36000,1.03062960862
453761,453873,457192,112,3319,2,36000,1.03374510395
453762,453878,457381,116,3503,2,36000,1.03311447331
453764,453884,457251,120,3367,2,36000,1.03564003564
453765,453889,457602,124,3713,2,36000,1.0333961756
453766,453894,457500,128,3606,2,36000,1.0354963949
453768,453899,457189,131,3290,2,36000,1.03981762918
453769,453904,457306,135,3402,2,36000,1.03968253968
453770,453909,457624,139,3715,2,36000,1.03741588156
453772,453915,457755,143,3840,2,36000,1.03723958333
453773,453920,457399,147,3479,2,36000,1.04225352113
453774,453925,457433,151,3508,2,36000,1.04304446978
453776,453930,457446,154,3516,2,36000,1.04379977247
453777,453935,457401,158,3466,2,36000,1.04558568956
456628,456639,460181,11,3542,2,36000,1.00310559006
456808,456815,460274,7,3459,2,36000,1.00202370627
456904,456910,460410,6,3500,2,36000,1.00171428571
456905,456916,460508,11,3592,2,36000,1.0030623608
456907,456921,460426,14,3505,2,36000,1.00399429387
456908,456926,460411,18,3485,2,36000,1.00516499283
456909,456931,460594,22,3663,2,36000,1.00600600601
456911,456938,460264,27,3326,2,36000,1.00811785929
456912,456943,460482,31,3539,2,36000,1.00875953659
456913,456948,460083,35,3135,2,36000,1.01116427432
456915,456954,460520,39,3566,2,36000,1.01093662367
456916,456959,460461,43,3502,2,36000,1.01227869789
456917,456964,460419,47,3455,2,36000,1.01360347323
456919,456972,460138,53,3166,2,36000,1.01674036639
456920,456985,460247,65,3262,2,36000,1.01992642551
456921,457085,460243,164,3158,2,36000,1.05193160228
456923,457152,460394,229,3242,2,36000,1.07063541024
456924,457176,460465,252,3289,2,36000,1.07661903314
456925,457184,460993,259,3809,2,36000,1.06799684957
456927,457200,460714,273,3514,2,36000,1.07768924303
456928,457206,460703,278,3497,2,36000,1.07949671147
456929,457254,460640,325,3386,2,36000,1.09598346131
456931,457260,460730,329,3470,2,36000,1.09481268012
456963,457266,460428,303,3162,2,36000,1.09582542694
456978,457290,460785,312,3495,2,36000,1.08927038627
457074,457317,461040,243,3723,2,36000,1.06526994359
457143,457326,460829,183,3503,2,36000,1.05224093634
457167,457332,460449,165,3117,2,36000,1.05293551492
457182,457338,460610,156,3272,2,36000,1.04767726161
457197,457344,460759,147,3415,2,36000,1.04304538799
457198,457350,460349,152,2999,2,36000,1.05068356119
457247,457356,460812,109,3456,2,36000,1.03153935185
457248,457369,460738,121,3369,2,36000,1.03591570199
457263,457392,460909,129,3517,2,36000,1.03667898777
457281,457397,461195,116,3798,2,36000,1.03054239073
457308,457405,460767,97,3362,2,36000,1.02885187388
457323,457411,460933,88,3522,2,36000,1.02498580352
457324,457417,460972,93,3555,2,36000,1.02616033755
457326,457428,460619,102,3191,2,36000,1.03196490128
457341,457444,461458,103,4014,2,36000,1.02566018934
457342,457452,461011,110,3559,2,36000,1.0309075583
457357,457458,460816,101,3358,2,36000,1.03007742704
457372,457464,460707,92,3243,2,36000,1.02836879433
457387,457512,461001,125,3489,2,36000,1.03582688449
457388,457521,460997,133,3476,2,36000,1.03826237054
457404,457552,461244,148,3692,2,36000,1.04008667389
457405,457613,461108,208,3495,2,36000,1.05951359084
457407,457635,460946,228,3311,2,36000,1.06886137119
457421,457767,461067,346,3300,2,36000,1.10484848485
457436,457939,461370,503,3431,2,36000,1.14660448849
457452,459704,463075,2252,3371,2,36000,1.66805102344
457453,460094,463489,2641,3395,2,36000,1.77790868925
457454,460149,463562,2695,3413,2,36000,1.78962789335
457503,460192,463781,2689,3589,2,36000,1.74923376985
457517,460255,463822,2738,3567,2,36000,1.76759181385
457541,460261,463811,2720,3550,2,36000,1.7661971831
457605,460276,463760,2671,3484,2,36000,1.76664753157
457625,460285,463541,2660,3256,2,36000,1.81695331695
457758,460362,463723,2604,3361,2,36000,1.77476941386
460278,460405,461372,127,967,2,28800,1.13133402275
460412,460421,463458,9,3037,2,36000,1.00296345077
460413,460427,464121,14,3694,2,36000,1.00378992962
460429,460435,463939,6,3504,2,36000,1.00171232877
460430,460441,463624,11,3183,2,36000,1.00345585925
460432,460446,463791,14,3345,2,36000,1.00418535127
460450,460461,463877,11,3416,2,36000,1.00322014052
460465,460472,463874,7,3402,2,36000,1.00205761317
460479,460485,463922,6,3437,2,36000,1.00174570847
460494,460500,463754,6,3254,2,36000,1.00184388445
460509,460519,463922,10,3403,2,36000,1.0029385836
460523,460531,464008,8,3477,2,36000,1.00230083405
460596,460605,464064,9,3459,2,36000,1.00260190807
460611,460621,463864,10,3243,2,36000,1.0030835646
460625,460631,463931,6,3300,2,36000,1.00181818182
460643,460651,464009,8,3358,2,36000,1.00238237046
460703,460714,464245,11,3531,2,36000,1.0031152648
460719,460725,464259,6,3534,2,36000,1.00169779287
460720,460731,464214,11,3483,2,36000,1.00315819696
460735,460741,464024,6,3283,2,36000,1.00182759671
460750,460756,463888,6,3132,2,36000,1.00191570881
460764,460770,464104,6,3334,2,36000,1.00179964007
460779,460785,464344,6,3559,2,36000,1.00168586682
460794,460800,464231,6,3431,2,36000,1.00174876129
460812,460823,464304,11,3481,2,36000,1.00316001149
460827,460834,463955,7,3121,2,36000,1.00224287087
460842,460848,463968,6,3120,2,36000,1.00192307692
460868,461010,468038,142,7028,2,28800,1.02020489471
460912,460920,464709,8,3789,2,36000,1.00211137503
460935,460944,464360,9,3416,2,36000,1.00263466042
460950,460958,464435,8,3477,2,36000,1.00230083405
460974,460983,463968,9,2985,2,36000,1.00301507538
460995,461004,464376,9,3372,2,36000,1.00266903915
461010,461016,464233,6,3217,2,36000,1.0018650917
461012,461022,464399,10,3377,2,36000,1.00296120817
461026,461051,464413,25,3362,2,36000,1.00743604997
461041,461079,464855,38,3776,2,36000,1.01006355932
461069,461119,464228,50,3109,2,36000,1.01608234159
461111,461206,464504,95,3298,2,36000,1.02880533657
461196,461255,464474,59,3219,2,36000,1.0183286735
461245,461381,464648,136,3267,2,36000,1.04162840526
461373,461387,464692,14,3305,2,36000,1.00423600605
461461,461470,465027,9,3557,2,36000,1.0025302221
462097,462103,462162,6,59,1,10,1.10169491525
462198,462204,462925,6,721,1,600,1.00832177531
463075,463086,466578,11,3492,2,36000,1.00315005727
463159,463833,465259,674,1426,2,14400,1.47265077139
463380,464371,465861,991,1490,2,14400,1.66510067114
463461,463470,466766,9,3296,2,36000,1.00273058252
463491,463500,466723,9,3223,2,36000,1.00279242941
463542,463552,466867,10,3315,2,36000,1.00301659125
463563,463573,467025,10,3452,2,36000,1.00289687138
463626,463635,467093,9,3458,2,36000,1.0026026605
463655,464703,465753,1048,1050,2,14400,1.9980952381
463725,463734,467272,9,3538,2,36000,1.00254381006
463755,463765,467040,10,3275,2,36000,1.00305343511
463770,463776,466782,6,3006,2,36000,1.00199600798
463785,463793,467031,8,3238,2,36000,1.0024706609
463799,463806,467176,7,3370,2,36000,1.00207715134
463814,463822,466816,8,2994,2,36000,1.00267201069
463829,463875,467311,46,3436,2,36000,1.01338766007
463865,463885,467147,20,3262,2,36000,1.00613120785
463880,463891,467319,11,3428,2,36000,1.00320886814
463882,463899,467452,17,3553,2,36000,1.004784689
463897,463933,467270,36,3337,2,36000,1.01078813305
463924,463938,467589,14,3651,2,36000,1.00383456587
463925,463944,466945,19,3001,2,36000,1.00633122293
463940,463950,467050,10,3100,2,36000,1.00322580645
463942,463966,467102,24,3136,2,36000,1.00765306122
463957,463980,467560,23,3580,2,36000,1.00642458101
463972,463986,467555,14,3569,2,36000,1.00392266741
463973,464019,467101,46,3082,2,36000,1.01492537313
464009,464025,467719,16,3694,2,36000,1.00433134813
464011,464035,467024,24,2989,2,36000,1.00802944128
464026,464075,467105,49,3030,2,36000,1.01617161716
464065,464115,467408,50,3293,2,36000,1.01518372305
464104,464132,467048,28,2916,2,36000,1.00960219479
464122,464225,467959,103,3734,2,36000,1.02758435994
464216,464240,467747,24,3507,2,36000,1.00684345595
464231,464246,467486,15,3240,2,36000,1.00462962963
464246,464252,467739,6,3487,2,36000,1.0017206768
464248,464258,467136,10,2878,2,36000,1.00347463516
464249,464270,467886,21,3616,2,36000,1.00580752212
464264,464315,467596,51,3281,2,36000,1.01554404145
464306,464355,467744,49,3389,2,36000,1.01445854234
464340,472269,474445,7929,2176,14,7200,4.64384191176
464345,464387,467617,42,3230,2,36000,1.01300309598
464360,464410,467533,50,3123,2,36000,1.01601024656
464378,464424,467920,46,3496,2,36000,1.01315789474
464402,464446,467585,44,3139,2,36000,1.01401720293
464417,464485,468052,68,3567,2,36000,1.01906363891
464438,464515,467880,77,3365,2,36000,1.02288261516
464474,464659,467890,185,3231,2,36000,1.05725781492
464507,464720,468418,213,3698,2,36000,1.057598702
464649,464866,467812,217,2946,2,36000,1.07365919891
464694,465038,468367,344,3329,2,36000,1.10333433464
464712,465271,468307,559,3036,2,36000,1.18412384717
464748,466777,474071,2029,7294,2,28800,1.27817384151
464858,465764,469203,906,3439,2,36000,1.26344867694
465027,465873,468836,846,2963,2,36000,1.28552143098
465343,471185,503404,5842,32219,14,57600,1.18132158043
465461,467287,468465,1826,1178,2,43200,2.55008488964
465509,471180,471316,5671,136,14,14940,42.6985294118
465575,515715,620436,50140,104721,4,360000,1.478796039
466370,466376,466544,6,168,1,36000,1.03571428571
466576,466582,468671,6,2089,1,36000,1.00287218765
466579,466589,470000,10,3411,2,36000,1.00293169159
466724,466734,470243,10,3509,2,36000,1.00284981476
466769,466794,470110,25,3316,2,36000,1.00753920386
466784,466827,470235,43,3408,2,36000,1.01261737089
466817,466879,470116,62,3237,2,36000,1.01915353723
466868,466956,470304,88,3348,2,36000,1.02628434886
466947,467035,470439,88,3404,2,36000,1.0258519389
467025,467041,470604,16,3563,2,36000,1.00449059781
467027,467047,470402,20,3355,2,36000,1.00596125186
467035,468682,468697,1647,15,1,600,110.8
467042,467053,469930,11,2877,2,36000,1.00382342718
467044,467059,470350,15,3291,2,36000,1.00455788514
467059,467065,470324,6,3259,2,36000,1.00184105554
467060,467105,470383,45,3278,2,36000,1.01372788286
467096,467112,470835,16,3723,2,36000,1.00429760945
467112,467118,470389,6,3271,2,36000,1.00183430144
467113,467124,470399,11,3275,2,36000,1.00335877863
467114,467147,469916,33,2769,2,36000,1.0119176598
467119,471196,489657,4077,18461,18,28800,1.22084394128
467138,467158,470585,20,3427,2,36000,1.00583600817
467153,467188,470648,35,3460,2,36000,1.01011560694
467177,467281,470888,104,3607,2,36000,1.02883282506
467271,467323,470645,52,3322,2,36000,1.01565322095
467286,467330,470600,44,3270,2,36000,1.01345565749
467313,467419,471137,106,3718,2,36000,1.02850995159
467327,467463,470988,136,3525,2,36000,1.03858156028
467408,467498,470691,90,3193,2,36000,1.02818665832
467454,467544,470595,90,3051,2,36000,1.02949852507
467487,467567,470839,80,3272,2,36000,1.02444987775
467535,467573,470813,38,3240,2,36000,1.01172839506
467556,467596,471050,40,3454,2,36000,1.01158077591
467570,467602,470944,32,3342,2,36000,1.00957510473
467585,467608,471363,23,3755,2,36000,1.00612516644
467600,467628,471047,28,3419,2,36000,1.0081895291
467601,467730,471160,129,3430,2,36000,1.03760932945
467619,467750,470729,131,2979,2,36000,1.04397448808
467719,467756,471189,37,3433,2,36000,1.01077774541
467740,467762,470777,22,3015,2,36000,1.00729684909
467755,467823,471037,68,3214,2,36000,1.02115743622
467756,467891,471201,135,3310,2,36000,1.04078549849
467813,467897,471286,84,3389,2,36000,1.02478607259
467883,467903,470658,20,2755,2,36000,1.00725952813
467898,467931,471241,33,3310,2,36000,1.00996978852
467899,467971,471422,72,3451,2,36000,1.02086351782
467923,468050,471422,127,3372,2,36000,1.03766310795
467962,468063,471379,101,3316,2,36000,1.03045838359
468053,468319,471778,266,3459,2,36000,1.07690083839
468309,468378,471612,69,3234,2,36000,1.02133580705
468321,469215,470565,894,1350,2,21600,1.66222222222
468369,468429,471713,60,3284,2,36000,1.01827040195
468420,468476,472016,56,3540,2,36000,1.01581920904
468731,470577,472157,1846,1580,2,21600,2.16835443038
468837,468848,472000,11,3152,2,36000,1.00348984772
468845,471190,522380,2345,51190,14,57600,1.04580972846
468927,468934,468976,7,42,1,36000,1.16666666667
469205,469927,473157,722,3230,2,36000,1.22352941176
469229,469235,469438,6,203,1,36000,1.02955665025
469278,469450,472113,172,2663,1,10800,1.06458880961
469454,470011,470162,557,151,1,36000,4.68874172185
469919,469942,473432,23,3490,2,36000,1.00659025788
469934,470121,473765,187,3644,2,36000,1.05131723381
470000,470127,473316,127,3189,2,36000,1.03982439636
470111,470173,473597,62,3424,2,36000,1.01810747664
470126,470246,473821,120,3575,2,36000,1.03356643357
470238,470254,473425,16,3171,2,36000,1.0050457269
470253,470315,473819,62,3504,2,36000,1.01769406393
470304,470335,473772,31,3437,2,36000,1.00901949374
470325,470362,473509,37,3147,2,36000,1.01175722911
470352,470394,473526,42,3132,2,36000,1.01340996169
470386,470400,473746,14,3346,2,36000,1.00418410042
470401,470410,474041,9,3631,2,36000,1.00247865602
470402,470416,473734,14,3318,2,36000,1.00421940928
470415,471206,471677,791,471,2,14400,2.67940552017
470417,470450,473820,33,3370,2,36000,1.00979228487
470442,470596,474093,154,3497,2,36000,1.04403774664
470588,470606,473625,18,3019,2,36000,1.00596223915
470603,470612,474121,9,3509,2,36000,1.00256483329
470605,470618,474069,13,3451,2,36000,1.00376702405
470619,470656,474084,37,3428,2,36000,1.01079346558
470647,470662,473832,15,3170,2,36000,1.0047318612
470661,470669,473942,8,3273,2,36000,1.00244424076
470663,470703,473946,40,3243,2,36000,1.0123342584
470693,470741,474165,48,3424,2,36000,1.01401869159
470733,470788,474075,55,3287,2,36000,1.0167325829
470778,470824,474106,46,3282,2,36000,1.014015844
470814,470846,474327,32,3481,2,36000,1.0091927607
470838,470852,474250,14,3398,2,36000,1.00412007063
470853,470899,474077,46,3178,2,36000,1.01447451227
470889,470955,474383,66,3428,2,36000,1.01925320887
470909,471328,474584,419,3256,2,14400,1.12868550369
470946,470999,474342,53,3343,2,36000,1.01585402333
470988,471048,474243,60,3195,2,36000,1.01877934272
471040,471058,474300,18,3242,2,36000,1.00555212832
471055,471064,474704,9,3640,2,36000,1.00247252747
471056,471148,474280,92,3132,2,36000,1.02937420179
471138,471171,474266,33,3095,2,36000,1.01066235864
471162,471201,474987,39,3786,2,36000,1.01030110935
471192,471212,474484,20,3272,2,36000,1.00611246944
471207,471218,474681,11,3463,2,36000,1.00317643662
471244,471252,474370,8,3118,2,36000,1.00256574727
471286,471297,474517,11,3220,2,36000,1.00341614907
471314,471333,471341,19,8,1,900,2.7
471330,471433,471602,103,169,14,14940,1.60946745562
471365,471375,474871,10,3496,2,36000,1.0028604119
471380,471390,475032,10,3642,2,36000,1.0027457441
471422,471438,474871,16,3433,2,36000,1.00466064666
471423,471613,475344,190,3731,2,36000,1.05092468507
471600,471618,471624,18,6,1,900,2.4
471611,471689,471925,78,236,14,14940,1.33050847458
471614,471624,474991,10,3367,2,36000,1.00297000297
471714,471725,475145,11,3420,2,36000,1.00321637427
471781,471790,474976,9,3186,2,36000,1.00282485876
471848,471937,482355,89,10418,2,28800,1.00854290651
471923,471942,471949,19,7,1,900,2.6
471933,472027,472257,94,230,14,14940,1.40869565217
472003,472032,475309,29,3277,2,36000,1.00884955752
472018,472168,475568,150,3400,2,36000,1.04411764706
472255,472261,472272,6,11,1,900,1.54545454545
472267,474456,474680,2189,224,14,14940,10.7723214286
472726,472732,472739,6,7,1,10800,1.3
472789,472795,483626,6,10831,1,10800,1.00055396547
473160,473169,476871,9,3702,2,36000,1.00243111831
473317,473327,476761,10,3434,2,36000,1.00291205591
473428,473437,476803,9,3366,2,36000,1.00267379679
473443,473449,477000,6,3551,2,36000,1.00168966488
473509,473520,476985,11,3465,2,36000,1.00317460317
473521,522392,522789,48871,397,70,1200,124.100755668
473527,473537,476896,10,3359,2,36000,1.00297707651
473600,473636,476900,36,3264,2,36000,1.01102941176
473627,473745,477036,118,3291,2,36000,1.03585536311
473735,473757,477078,22,3321,2,36000,1.00662451069
473750,473777,477059,27,3282,2,36000,1.00822669104
473768,473784,477103,16,3319,2,36000,1.00482072914
473783,473830,476939,47,3109,2,36000,1.01511740109
473822,473836,477384,14,3548,2,36000,1.00394588501
473823,473841,476896,18,3055,2,36000,1.00589198036
473825,473848,477154,23,3306,2,36000,1.00695704779
473840,473953,477069,113,3116,2,36000,1.03626444159
473942,473959,477416,17,3457,2,36000,1.00491755858
473957,474052,477492,95,3440,2,36000,1.02761627907
474041,474082,477501,41,3419,2,36000,1.01199181047
474072,474088,477245,16,3157,2,36000,1.00506810263
474087,474094,477485,7,3391,2,36000,1.00206428782
474088,474100,477595,12,3495,2,36000,1.00343347639
474090,474106,477863,16,3757,2,36000,1.00425871706
474091,474117,477569,26,3452,2,36000,1.00753186559
474106,474133,477915,27,3782,2,36000,1.00713907985
474124,474177,477604,53,3427,2,36000,1.01546542165
474166,474255,477436,89,3181,2,36000,1.02797862307
474245,474261,477793,16,3532,2,36000,1.00453001133
474260,474277,477590,17,3313,2,36000,1.00513130094
474274,474291,477670,17,3379,2,36000,1.00503107428
474289,474311,477537,22,3226,2,36000,1.00681959082
474304,474338,477555,34,3217,2,36000,1.01056885297
474328,474353,477788,25,3435,2,36000,1.00727802038
474343,474381,477469,38,3088,2,36000,1.01230569948
474370,474394,477729,24,3335,2,36000,1.0071964018
474384,474461,477866,77,3405,2,36000,1.02261380323
474484,474491,477676,7,3185,2,36000,1.0021978022
474517,474524,477609,7,3085,2,36000,1.00226904376
474678,474684,474691,6,7,1,900,1.3
474684,474691,478194,7,3503,2,36000,1.00199828718
474696,474702,475032,6,330,14,14940,1.01818181818
474705,474711,478096,6,3385,2,36000,1.00177252585
474875,474881,478036,6,3155,2,36000,1.00190174326
474876,474887,477897,11,3010,2,36000,1.00365448505
474978,474985,478406,7,3421,2,36000,1.00204618533
474994,474999,478382,5,3383,2,36000,1.00147797813
474995,475005,478271,10,3266,2,36000,1.00306184936
475029,475047,475058,18,11,1,900,2.63636363636
475034,475041,478455,7,3414,2,36000,1.00205038079
475050,475069,475268,19,199,14,14940,1.09547738693
475147,475153,478796,6,3643,2,36000,1.00164699424
475266,475272,475280,6,8,1,900,1.4
475286,475293,475437,7,144,14,14940,1.04861111111
475310,475316,478948,6,3632,2,36000,1.00165198238
475346,475352,478588,6,3236,2,36000,1.00185414091
475435,475441,475449,6,8,1,900,1.4
475456,475462,475602,6,140,14,14940,1.04285714286
475544,475551,475564,7,13,1,3600,1.53846153846
475570,475576,479119,6,3543,2,36000,1.0016934801
475600,475606,475615,6,9,1,900,1.5
475623,475629,475773,6,144,14,14940,1.04166666667
475651,475658,476060,7,402,2,36000,1.01741293532
475771,475784,475791,13,7,1,900,2.0
475791,475802,475962,11,160,14,14940,1.06875
475960,475973,475981,13,8,1,900,2.1
475980,475992,476137,12,145,14,14940,1.08275862069
476135,476141,476149,6,8,1,900,1.4
476153,476159,476322,6,163,14,14940,1.03680981595
476235,476241,479853,6,3612,1,3600,1.00166112957
476320,476326,476334,6,8,1,900,1.4
476340,476346,476493,6,147,14,14940,1.04081632653
476491,476497,476506,6,9,1,900,1.5
476514,476520,476664,6,144,14,14940,1.04166666667
476662,476668,476678,6,10,1,900,1.6
476684,476691,476849,7,158,14,14940,1.04430379747
476764,476770,479835,6,3065,2,36000,1.00195758564
476807,476813,480019,6,3206,2,36000,1.00187149095
476847,476860,476871,13,11,1,900,2.18181818182
476871,476886,477052,15,166,14,14940,1.09036144578
476874,476880,480055,6,3175,2,36000,1.00188976378
476899,476905,480481,6,3576,2,36000,1.00167785235
476900,476911,479912,11,3001,2,36000,1.00366544485
476915,476921,480227,6,3306,2,36000,1.00181488203
476940,476946,480241,6,3295,2,36000,1.00182094082
476988,476995,480071,7,3076,2,36000,1.0022756827
477004,477010,480375,6,3365,2,36000,1.00178306092
477037,477043,480772,6,3729,2,36000,1.00160901046
477050,477063,477071,13,8,1,900,2.1
477061,477069,480456,8,3387,2,36000,1.00236197225
477069,477257,477401,188,144,14,14940,2.30555555556
477076,477082,480261,6,3179,2,36000,1.00188738597
477091,477097,480324,6,3227,2,36000,1.00185931205
477106,477112,480351,6,3239,2,36000,1.00185242359
477157,477164,480617,7,3453,2,36000,1.0020272227
477245,477251,480502,6,3251,2,36000,1.00184558597
477310,518769,920076,41459,401307,4,604800,1.10330993479
477385,477391,480574,6,3183,2,36000,1.00188501414
477394,477519,477527,125,8,1,900,13.3
477403,477412,477570,9,158,14,14940,1.05696202532
477418,477424,480536,6,3112,2,36000,1.00192802057
477439,477445,480613,6,3168,2,36000,1.00189393939
477469,477476,481092,7,3616,2,36000,1.00193584071
477487,477493,480990,6,3497,2,36000,1.00171575636
477502,477508,482599,6,5091,2,36000,1.00117855038
477504,477514,480814,10,3300,2,36000,1.00303030303
477540,477546,481013,6,3467,2,36000,1.00173060283
477558,477564,481039,6,3475,2,36000,1.00172661871
477560,477581,513608,21,36027,2,36000,1.00058289616
477568,477575,477583,7,8,1,900,1.5
477572,477586,480901,14,3315,2,36000,1.00422322775
477584,479848,480023,2264,175,14,14940,13.9371428571
477590,477596,481100,6,3504,2,36000,1.00171232877
477606,477612,480862,6,3250,2,36000,1.00184615385
477607,477618,481082,11,3464,2,36000,1.00317551963
477622,477628,481354,6,3726,2,36000,1.00161030596
477671,477677,481226,6,3549,2,36000,1.00169061708
477685,477691,480778,6,3087,2,36000,1.0019436346
477731,477737,481310,6,3573,2,36000,1.00167926113
477788,477794,480980,6,3186,2,36000,1.00188323917
477803,477809,481100,6,3291,2,36000,1.00182315406
477867,477873,481524,6,3651,2,36000,1.00164338537
477868,477879,481112,11,3233,2,36000,1.00340241262
477898,477905,481353,7,3448,2,36000,1.00203016241
477916,477922,481374,6,3452,2,36000,1.00173812283
478037,478043,481450,6,3407,2,36000,1.00176108013
478098,478104,481505,6,3401,2,36000,1.001764187
478195,478201,481319,6,3118,2,36000,1.00192431046
478273,478279,481903,6,3624,2,36000,1.00165562914
478382,478388,481912,6,3524,2,36000,1.00170261067
478409,478415,481626,6,3211,2,36000,1.00186857677
478457,478464,481686,7,3222,2,36000,1.00217256363
478591,478597,482350,6,3753,2,36000,1.00159872102
478796,478802,482430,6,3628,2,36000,1.00165380375
478948,478954,482334,6,3380,2,36000,1.00177514793
479120,479126,482650,6,3524,2,36000,1.00170261067
479836,479842,483370,6,3528,2,36000,1.00170068027
479915,479921,483372,6,3451,2,36000,1.00173862649
479987,480038,568880,51,88842,4,172800,1.00057405281
480021,480032,480040,11,8,1,900,1.9
480021,480027,483994,6,3967,2,36000,1.00151247794
480035,480789,480952,754,163,14,14940,5.62576687117
480057,480063,483730,6,3667,2,36000,1.00163621489
480072,480078,483400,6,3322,2,36000,1.00180614088
480229,480235,483454,6,3219,2,36000,1.0018639329
480238,481260,494062,1022,12802,2,86400,1.07983127636
480244,480250,483724,6,3474,2,36000,1.00172711572
480262,480268,483525,6,3257,2,36000,1.00184218606
480326,480332,484811,6,4479,2,36000,1.00133958473
480339,480963,492959,624,11996,4,172800,1.05201733911
480353,480359,483608,6,3249,2,36000,1.00184672207
480377,480383,483422,6,3039,2,36000,1.00197433366
480459,480465,483722,6,3257,2,36000,1.00184218606
480480,480486,483703,6,3217,2,36000,1.0018650917
480504,480510,483877,6,3367,2,36000,1.00178200178
480537,480543,483780,6,3237,2,36000,1.00185356812
480576,480583,483843,7,3260,2,36000,1.00214723926
480613,480619,484032,6,3413,2,36000,1.00175798418
480628,480634,484105,6,3471,2,36000,1.00172860847
480773,480779,484086,6,3307,2,36000,1.00181433323
480788,480795,483925,7,3130,2,36000,1.00223642173
480815,480821,484397,6,3576,2,36000,1.00167785235
480864,480873,484226,9,3353,2,36000,1.00268416344
480903,480912,484350,9,3438,2,36000,1.00261780105
480950,480956,480962,6,6,1,900,1.2
480959,481093,481244,134,151,14,14940,1.88741721854
480982,480991,484195,9,3204,2,36000,1.00280898876
480996,481002,484564,6,3562,2,36000,1.00168444694
481014,481024,484145,10,3121,2,36000,1.00320410125
481041,481050,484224,9,3174,2,36000,1.00283553875
481084,481103,484467,19,3364,2,36000,1.00564803805
481099,481111,484402,12,3291,2,36000,1.00364630811
481114,481120,484463,6,3343,2,36000,1.00179479509
481115,481126,484262,11,3136,2,36000,1.00350765306
481117,481238,484722,121,3484,2,36000,1.03473019518
481229,481255,484830,26,3575,2,36000,1.00727272727
481242,481265,481270,23,5,1,900,2.8
481255,481638,481783,383,145,14,14940,3.64137931034
481313,481322,484874,9,3552,2,36000,1.00253378378
481328,481334,484993,6,3659,2,36000,1.00163979229
481355,481365,484853,10,3488,2,36000,1.00286697248
481356,481386,484563,30,3177,2,36000,1.00944287063
481358,481923,616200,565,134277,4,172800,1.00420771986
481362,483388,618692,2026,135304,4,172800,1.01497368888
481377,481461,484794,84,3333,2,36000,1.02520252025
481453,481516,485037,63,3521,2,36000,1.01789264414
481489,481805,482641,316,836,1,18000,1.37799043062
481507,481535,484826,28,3291,2,36000,1.00850805226
481525,481697,485144,172,3447,2,36000,1.04989846243
481628,481794,485353,166,3559,2,36000,1.04664231526
481688,481799,485022,111,3223,2,36000,1.03443996277
481781,481787,481793,6,6,1,900,1.2
481792,489668,489822,7876,154,14,14940,52.1428571429
481904,481910,485650,6,3740,2,36000,1.00160427807
481918,481929,485075,11,3146,2,36000,1.0034965035
482050,483474,483731,1424,257,2,21600,6.54085603113
482335,482345,485685,10,3340,2,36000,1.00299401198
482353,482361,485488,8,3127,2,36000,1.00255836265
482432,482441,485996,9,3555,2,36000,1.00253164557
482483,487236,554716,4753,67480,1,151200,1.07043568465
482601,482610,485724,9,3114,2,36000,1.00289017341
482653,483382,486726,729,3344,2,36000,1.21800239234
482801,483744,494564,943,10820,2,72000,1.08715341959
483144,483150,485755,6,2605,8,3600,1.00230326296
483146,484273,487225,1127,2952,2,72000,1.38177506775
483372,483411,486629,39,3218,2,36000,1.01211932878
483387,483433,486737,46,3304,2,36000,1.01392251816
483402,483465,486984,63,3519,2,36000,1.0179028133
483423,483479,486495,56,3016,2,36000,1.01856763926
483435,484414,488753,979,4339,2,36000,1.22562802489
483457,483536,486888,79,3352,2,36000,1.02356801909
483527,483619,487117,92,3498,2,36000,1.02630074328
483610,483714,486664,104,2950,2,36000,1.03525423729
483685,486007,486701,2322,694,2,36000,4.34582132565
483704,483732,487111,28,3379,2,36000,1.00828647529
483725,483738,487110,13,3372,2,36000,1.00385527877
483726,483749,487367,23,3618,2,36000,1.00635710337
483741,483755,487014,14,3259,2,36000,1.00429579626
483781,483791,487094,10,3303,2,36000,1.00302755071
483844,483855,487248,11,3393,2,36000,1.00324196876
483877,483888,487184,11,3296,2,36000,1.00333737864
483929,483937,486974,8,3037,2,36000,1.00263417847
483995,484006,487508,11,3502,2,36000,1.00314106225
484034,484044,487261,10,3217,2,36000,1.00310848617
484086,484361,484363,275,2,1,3600,27.7
484089,484097,487522,8,3425,2,36000,1.00233576642
484094,484366,487383,272,3017,1,3600,1.09015578389
484099,484374,484375,275,1,1,3600,27.6
484104,484386,485488,282,1102,1,3600,1.25589836661
484107,484116,487535,9,3419,2,36000,1.00263234864
484146,484156,487425,10,3269,2,36000,1.00305903946
484197,484206,487730,9,3524,2,36000,1.002553916
484227,484235,487665,8,3430,2,36000,1.00233236152
484229,484241,487359,12,3118,2,36000,1.00384862091
484234,488764,491793,4530,3029,1,18000,2.49554308353
484266,484408,488155,142,3747,2,36000,1.03789698425
484350,484474,487905,124,3431,2,36000,1.03614106674
484396,484480,487764,84,3284,2,36000,1.02557856273
484411,484574,488197,163,3623,2,36000,1.0449903395
484457,484843,484866,386,23,2,600,17.7826086957
484465,484580,488275,115,3695,2,36000,1.03112313938
484480,484733,488126,253,3393,2,36000,1.07456528146
484566,484805,487907,239,3102,2,36000,1.07704706641
484568,484822,488323,254,3501,2,36000,1.0725506998
484725,484837,488161,112,3324,2,36000,1.03369434416
484755,488769,488771,4014,2,1,18000,401.6
484794,484864,488388,70,3524,2,36000,1.01986379115
484812,484885,488305,73,3420,2,36000,1.02134502924
484827,485004,488434,177,3430,2,36000,1.05160349854
484842,485048,488195,206,3147,2,36000,1.06545916746
484857,485086,488450,229,3364,2,36000,1.06807372176
484875,485155,488574,280,3419,2,36000,1.08189529102
484932,484938,487261,6,2323,1,3600,1.00258286698
484936,484944,487258,8,2314,1,3600,1.00345721694
484998,485499,488681,501,3182,2,36000,1.15744814582
485025,485696,488931,671,3235,2,36000,1.20741885626
485040,485736,489194,696,3458,2,36000,1.2012724118
485076,486640,490048,1564,3408,2,36000,1.45892018779
485147,486676,490230,1529,3554,2,36000,1.43021947102
485293,487478,499478,2185,12000,2,72000,1.18208333333
485357,486737,490092,1380,3355,2,36000,1.41132637854
485491,486748,490341,1257,3593,2,36000,1.34984692458
485614,487483,490185,1869,2702,2,72000,1.69170984456
485652,486900,490213,1248,3313,2,36000,1.37669785693
485688,486986,490510,1298,3524,2,36000,1.36833144154
485727,486995,490135,1268,3140,2,36000,1.40382165605
485954,487241,487785,1287,544,1,3600,3.36580882353
485996,487025,490515,1029,3490,2,36000,1.29484240688
486274,486712,491579,438,4867,18,32400,1.08999383604
486497,487105,490662,608,3557,2,36000,1.17093055946
486630,487121,490450,491,3329,2,36000,1.14749173926
486666,487127,490502,461,3375,2,36000,1.13659259259
486727,487133,490090,406,2957,2,36000,1.1373013189
486742,487195,490626,453,3431,2,36000,1.1320314777
486890,487259,490605,369,3346,2,36000,1.11028093246
486978,487275,490562,297,3287,2,36000,1.09035594767
486992,487370,490885,378,3515,2,36000,1.10753911807
487016,487379,490952,363,3573,2,36000,1.10159529807
487095,487436,490622,341,3186,2,36000,1.10703075957
487104,487269,490890,165,3621,1,3600,1.04556752278
487113,487488,490966,375,3478,2,36000,1.10782058654
487114,487519,490916,405,3397,2,36000,1.11922284369
487129,487533,490816,404,3283,2,36000,1.1230581785
487182,487280,490918,98,3638,1,3600,1.02693787795
487187,487546,490889,359,3343,2,36000,1.10738857314
487251,487677,490955,426,3278,2,36000,1.12995729103
487265,487741,491124,476,3383,2,36000,1.14070351759
487295,487394,491019,99,3625,1,3600,1.02731034483
487362,487775,491007,413,3232,2,36000,1.12778465347
487377,487796,491033,419,3237,2,36000,1.12944084028
487425,487916,491331,491,3415,2,36000,1.14377745242
487510,487922,491410,412,3488,2,36000,1.11811926606
487525,488137,491468,612,3331,2,36000,1.18372861003
487540,488166,491802,626,3636,2,36000,1.17216721672
487666,488172,491536,506,3364,2,36000,1.15041617122
487732,488206,491491,474,3285,2,36000,1.14429223744
487766,488212,491775,446,3563,2,36000,1.12517541398
487809,491600,495218,3791,3618,2,3600,2.04781647319
487849,489854,490361,2005,507,2,36000,4.95463510848
487906,488286,491650,380,3364,2,36000,1.112960761
487920,488316,491883,396,3567,2,36000,1.1110176619
488127,488334,492068,207,3734,2,36000,1.05543652919
488157,488399,491928,242,3529,2,36000,1.06857466704
488171,488446,491860,275,3414,2,36000,1.0805506737
488199,488461,491727,262,3266,2,36000,1.08022045315
488200,488586,492056,386,3470,2,36000,1.11123919308
488276,488692,491871,416,3179,2,36000,1.13085876062
488306,488942,492449,636,3507,2,36000,1.18135158255
488324,489205,492408,881,3203,2,36000,1.27505463628
488391,489833,492983,1442,3150,2,36000,1.45777777778
488437,489838,493158,1401,3320,2,36000,1.42198795181
488452,489844,493523,1392,3679,2,36000,1.37836368578
488508,489673,507709,1165,18036,4,18000,1.06459303615
488577,489849,493116,1272,3267,2,36000,1.38934802571
488684,489859,493288,1175,3429,2,36000,1.34266550015
488748,491595,492430,2847,835,1,151200,4.40958083832
488933,489864,493077,931,3213,2,36000,1.28976034858
489196,490059,493680,863,3621,2,36000,1.2383319525
489520,490373,495173,853,4800,2,28800,1.17770833333
489819,491030,491045,1211,15,1,900,81.7333333333
489834,491590,491739,1756,149,14,14940,12.7852348993
490050,490101,493326,51,3225,2,36000,1.01581395349
490093,490107,493608,14,3501,2,36000,1.00399885747
490094,490146,493519,52,3373,2,36000,1.01541654314
490106,490965,493325,859,2360,2,28800,1.36398305085
490136,490196,493565,60,3369,2,36000,1.017809439
490214,490224,493255,10,3031,2,36000,1.00329924117
490232,490241,493375,9,3134,2,36000,1.00287172942
490341,490352,493852,11,3500,2,36000,1.00314285714
490451,490461,493529,10,3068,2,36000,1.00325945241
490504,490513,494114,9,3601,2,36000,1.00249930575
490520,490526,493869,6,3343,2,36000,1.00179479509
490521,490532,494176,11,3644,2,36000,1.00301866081
490564,490573,494185,9,3612,2,36000,1.00249169435
490608,490617,494477,9,3860,2,36000,1.00233160622
490624,490633,493958,9,3325,2,36000,1.00270676692
490639,490645,494232,6,3587,2,36000,1.001672707
490661,491056,494930,395,3874,2,28800,1.10196179659
490664,490674,493927,10,3253,2,36000,1.00307408546
490819,490827,494350,8,3523,2,36000,1.00227079194
490885,490896,494614,11,3718,2,36000,1.00295857988
490898,491606,493445,708,1839,1,3600,1.38499184339
490900,490906,494549,6,3643,2,36000,1.00164699424
490919,490925,494448,6,3523,2,36000,1.00170309395
490953,490959,494239,6,3280,2,36000,1.00182926829
490969,490975,494535,6,3560,2,36000,1.00168539326
490970,490981,494271,11,3290,2,36000,1.00334346505
491010,491019,494971,9,3952,2,36000,1.00227732794
491034,491044,494454,10,3410,2,36000,1.00293255132
491126,491135,494229,9,3094,2,36000,1.00290885585
491332,491342,495129,10,3787,2,36000,1.00264061262
491410,491421,494607,11,3186,2,36000,1.00345260515
491471,491479,494601,8,3122,2,36000,1.00256245996
491492,491502,495236,10,3734,2,36000,1.0026780932
491537,491547,495075,10,3528,2,36000,1.00283446712
491652,491661,494715,9,3054,2,36000,1.00294695481
491728,491738,495106,10,3368,2,36000,1.00296912114
491737,491750,491755,13,5,1,900,1.8
491748,491766,491911,18,145,14,14940,1.12413793103
491776,491786,495135,10,3349,2,36000,1.00298596596
491803,491813,495091,10,3278,2,36000,1.00305064063
491863,491872,495344,9,3472,2,36000,1.0025921659
491878,491884,495687,6,3803,2,36000,1.00157770181
491893,491899,494983,6,3084,2,36000,1.00194552529
491908,491922,491928,14,6,1,900,2.0
491918,491938,492099,20,161,14,14940,1.12422360248
491929,491944,495060,15,3116,2,36000,1.00481386393
492059,492067,495853,8,3786,2,36000,1.00211304807
492074,492081,495492,7,3411,2,36000,1.00205218411
492097,492110,492116,13,6,1,900,1.9
492108,492127,492269,19,142,14,14940,1.1338028169
492122,492280,492530,158,250,2,28800,1.632
492192,497578,512236,5386,14658,2,43200,1.36744439896
492267,492285,492291,18,6,1,900,2.4
492277,492460,492685,183,225,14,14940,1.81333333333
492377,497583,509013,5206,11430,2,43200,1.45546806649
492410,492419,495575,9,3156,2,36000,1.00285171103
492450,492465,495994,15,3529,2,36000,1.00425049589
492527,497573,550597,5046,53024,4,172800,1.09516445383
492683,492697,492704,14,7,1,900,2.1
492697,492716,492935,19,219,14,14940,1.08675799087
492920,492957,495377,37,2420,1,18000,1.0152892562
492923,492962,494331,39,1369,1,18000,1.02848794741
492933,492946,492953,13,7,1,900,2.0
492943,492970,493187,27,217,14,14940,1.12442396313
492944,494941,502390,1997,7449,9,115200,1.26808967647
492984,493266,496887,282,3621,2,36000,1.07787903894
493043,493049,497174,6,4125,1,18000,1.00145454545
493080,493337,496657,257,3320,2,36000,1.07740963855
493120,493387,496932,267,3545,2,36000,1.07531734838
493159,493530,497149,371,3619,2,36000,1.10251450677
493185,493191,493198,6,7,1,900,1.3
493196,493202,493354,6,152,14,14940,1.03947368421
493259,493540,496841,281,3301,2,36000,1.08512571948
493290,493619,497144,329,3525,2,36000,1.09333333333
493329,493692,497068,363,3376,2,36000,1.10752369668
493352,493358,493381,6,23,1,900,1.26086956522
493362,493368,493553,6,185,14,14940,1.03243243243
493376,493864,497069,488,3205,2,36000,1.15226209048
493451,493458,493468,7,10,1,18000,1.7
493523,493880,497156,357,3276,2,36000,1.10897435897
493538,493938,497185,400,3247,2,36000,1.12319063751
493540,493972,497427,432,3455,2,36000,1.12503617945
493543,493549,497557,6,4008,18,32400,1.00149700599
493553,493564,493585,11,21,1,900,1.52380952381
493567,493576,493717,9,141,14,14940,1.06382978723
493567,494125,497564,558,3439,2,36000,1.1622564699
493609,494187,497365,578,3178,2,36000,1.18187539333
493683,494199,497564,516,3365,2,36000,1.15334323923
493715,493721,493740,6,19,1,900,1.31578947368
493730,493736,493948,6,212,14,14940,1.02830188679
493853,494240,497699,387,3459,2,36000,1.11188204683
493871,494246,497818,375,3572,2,36000,1.10498320269
493930,494252,497512,322,3260,2,36000,1.09877300613
493945,493951,493964,6,13,1,900,1.46153846154
493960,493966,494189,6,223,14,14940,1.0269058296
493961,494362,497713,401,3351,2,36000,1.11966577141
494115,494459,497908,344,3449,2,36000,1.0997390548
494178,494465,497618,287,3153,2,36000,1.09102442119
494187,494193,494201,6,8,1,900,1.4
494193,494489,497939,296,3450,2,36000,1.08579710145
494197,494205,494414,8,209,14,14940,1.03827751196
494232,494546,497580,314,3034,2,36000,1.10349373764
494233,494612,497876,379,3264,2,36000,1.11611519608
494248,494618,498042,370,3424,2,36000,1.10806074766
494272,494625,497900,353,3275,2,36000,1.10778625954
494351,494726,498063,375,3337,2,36000,1.11237638598
494411,494418,494430,7,12,1,900,1.58333333333
494425,494431,494646,6,215,14,14940,1.02790697674
494451,494995,498295,544,3300,2,36000,1.16484848485
494466,495076,498443,610,3367,2,36000,1.18117018117
494481,495088,498316,607,3228,2,36000,1.18804213135
494535,495102,498653,567,3551,2,36000,1.15967333146
494550,495118,498348,568,3230,2,36000,1.17585139319
494602,495140,498545,538,3405,2,36000,1.15800293686
494617,495146,498568,529,3422,2,36000,1.15458796026
494618,495247,498286,629,3039,2,36000,1.20697597894
494644,494651,494659,7,8,1,900,1.5
494655,494661,494834,6,173,14,14940,1.03468208092
494715,495355,498506,640,3151,2,36000,1.20311012377
494832,494839,494850,7,11,1,900,1.63636363636
494844,494850,495066,6,216,14,14940,1.02777777778
494972,495503,498848,531,3345,2,36000,1.15874439462
494987,495586,499099,599,3513,2,36000,1.17050953601
495063,495699,499388,636,3689,2,36000,1.17240444565
495064,495070,495080,6,10,1,900,1.6
495074,495082,495295,8,213,14,14940,1.03755868545
495079,495864,499560,785,3696,2,36000,1.21239177489
495094,496005,499752,911,3747,2,36000,1.2431278356
495110,496668,500366,1558,3698,2,36000,1.42130881558
495131,496853,501005,1722,4152,2,36000,1.41473988439
495146,496899,500314,1753,3415,2,36000,1.51332357247
495239,496947,500614,1708,3667,2,36000,1.46577583856
495294,495300,495310,6,10,1,900,1.6
495308,495314,495526,6,212,14,14940,1.02830188679
495345,497079,500486,1734,3407,2,36000,1.50895215732
495493,497085,499987,1592,2902,2,36000,1.54858718125
495525,495532,495541,7,9,1,900,1.6
495538,495544,495678,6,134,14,14940,1.0447761194
495578,497155,500774,1577,3619,2,36000,1.43575573363
495676,495682,495692,6,10,1,900,1.6
495687,495693,495905,6,212,14,14940,1.02830188679
495688,497161,500369,1473,3208,2,36000,1.45916458853
495854,497167,500822,1313,3655,2,36000,1.35923392613
495903,495909,495920,6,11,1,900,1.54545454545
495913,495920,496071,7,151,14,14940,1.04635761589
495995,497196,500591,1201,3395,2,36000,1.35375552283
496065,496071,496078,6,7,1,900,1.3
496077,496083,496300,6,217,14,14940,1.02764976959
496299,496305,496313,6,8,1,900,1.4
496312,496318,496457,6,139,14,14940,1.04316546763
496455,496461,496467,6,6,1,900,1.2
496466,496472,496635,6,163,14,14940,1.03680981595
496633,496639,496645,6,6,1,900,1.2
496643,496649,496788,6,139,14,14940,1.04316546763
496659,497376,500553,717,3177,2,36000,1.22568460812
496786,496792,496798,6,6,1,900,1.2
496797,496804,496938,7,134,14,14940,1.05223880597
496843,497438,501075,595,3637,2,36000,1.16359637064
496888,497523,500823,635,3300,2,36000,1.19242424242
496935,497596,501194,661,3598,2,36000,1.18371317399
496936,496941,496950,5,9,1,900,1.4
496946,496953,497092,7,139,14,14940,1.05035971223
497068,497601,501090,533,3489,2,36000,1.15276583548
497083,497607,500618,524,3011,2,36000,1.17402856194
497090,497096,497102,6,6,1,900,1.2
497101,497107,497244,6,137,14,14940,1.04379562044
497146,497630,501035,484,3405,2,36000,1.14214390602
497161,497711,501108,550,3397,2,36000,1.1619075655
497163,497725,501037,562,3312,2,36000,1.16968599034
497187,497829,500872,642,3043,2,36000,1.21097601052
497242,497248,497255,6,7,1,900,1.3
497252,497258,497401,6,143,14,14940,1.04195804196
497365,497888,501325,523,3437,2,36000,1.15216758801
497399,497405,497413,6,8,1,900,1.4
497413,497419,497563,6,144,14,14940,1.04166666667
497429,497911,501218,482,3307,2,36000,1.14575143635
497513,497923,501313,410,3390,2,36000,1.1209439528
497561,497567,497574,6,7,1,900,1.3
497565,497950,501390,385,3440,2,36000,1.11191860465
497566,498053,501953,487,3900,2,36000,1.12487179487
497571,497590,497750,19,160,14,14940,1.11875
497581,498079,501481,498,3402,2,36000,1.14638447972
497620,498297,501765,677,3468,2,36000,1.19521337947
497702,498306,502127,604,3821,2,36000,1.15807380267
497716,498327,502012,611,3685,2,36000,1.165807327
497748,497754,497759,6,5,1,900,1.1
497760,497766,497901,6,135,14,14940,1.04444444444
497819,498359,501859,540,3500,2,36000,1.15428571429
497877,498454,502109,577,3655,2,36000,1.15786593707
497899,497905,497912,6,7,1,900,1.3
497900,498517,501899,617,3382,2,36000,1.18243642815
497909,497917,498058,8,141,14,14940,1.05673758865
497915,498556,501667,641,3111,2,36000,1.20604307297
497939,498579,501888,640,3309,2,36000,1.19341190692
498046,498664,502091,618,3427,2,36000,1.18033265247
498055,498062,498068,7,6,1,900,1.3
498064,498864,502207,800,3343,2,36000,1.23930601256
498067,498073,498214,6,141,14,14940,1.04255319149
498212,498219,498224,7,5,1,900,1.2
498226,498233,498382,7,149,14,14940,1.04697986577
498288,499111,502602,823,3491,2,36000,1.23574906903
498303,499402,502919,1099,3517,2,36000,1.31248222917
498318,499489,502917,1171,3428,2,36000,1.34159859977
498351,499571,503236,1220,3665,2,36000,1.33287858117
498380,498386,498392,6,6,1,900,1.2
498390,498396,498543,6,147,14,14940,1.04081632653
498445,499763,502939,1318,3176,2,36000,1.41498740554
498508,499998,503318,1490,3320,2,36000,1.44879518072
498541,498547,498553,6,6,1,900,1.2
498547,500326,503481,1779,3155,2,36000,1.56386687797
498553,498562,498702,9,140,14,14940,1.06428571429
498575,500377,503979,1802,3602,2,36000,1.50027762354
498654,500383,504068,1729,3685,2,36000,1.46919945726
498701,498707,498713,6,6,1,900,1.2
498710,498717,498854,7,137,14,14940,1.05109489051
498775,522800,581359,24025,58559,18,259200,1.41026998412
498797,522805,614029,24008,91224,18,259200,1.2631763571
498850,500497,503921,1647,3424,2,36000,1.48101635514
498852,498858,498862,6,4,1,900,1.0
498863,498870,498940,7,70,14,14940,1.1
498935,498941,498946,6,5,1,900,1.1
498945,498951,499089,6,138,14,14940,1.04347826087
499087,499093,499100,6,7,1,900,1.3
499099,499105,499246,6,141,14,14940,1.04255319149
499101,500565,503903,1464,3338,2,36000,1.43858597963
499109,499117,500518,8,1401,1,18000,1.005710207
499238,499244,499251,6,7,1,900,1.3
499250,499256,499392,6,136,14,14940,1.04411764706
499390,499396,499403,6,7,1,900,1.3
499390,500602,504201,1212,3599,2,36000,1.33676021117
499403,499409,499549,6,140,14,14940,1.04285714286
499448,522810,522932,23362,122,18,32400,192.491803279
499484,499495,502288,11,2793,1,18000,1.00393841747
499547,499553,499561,6,8,1,900,1.4
499557,499563,499728,6,165,14,14940,1.03636363636
499563,500625,504081,1062,3456,2,36000,1.30729166667
499726,499732,499739,6,7,1,900,1.3
499737,499743,499878,6,135,14,14940,1.04444444444
499753,500631,504492,878,3861,2,36000,1.2274022274
499767,522816,545328,23049,22512,18,32400,2.02385394456
499875,499881,499889,6,8,1,900,1.4
499886,499892,500032,6,140,14,14940,1.04285714286
499989,500786,504406,797,3620,2,36000,1.22016574586
500030,500036,500041,6,5,1,900,1.1
500043,500050,500197,7,147,14,14940,1.04761904762
500195,500201,500207,6,6,1,900,1.2
500209,500215,500280,6,65,14,14940,1.09230769231
500278,500284,500294,6,10,1,900,1.6
500290,500296,500425,6,129,14,14940,1.04651162791
500317,500833,504310,516,3477,2,36000,1.14840379638
500368,500839,503925,471,3086,2,36000,1.15262475697
500370,500883,504251,513,3368,2,36000,1.15231591449
500423,500429,500436,6,7,1,900,1.3
500434,500441,500574,7,133,14,14940,1.05263157895
500488,501016,504536,528,3520,2,36000,1.15
500554,501051,504287,497,3236,2,36000,1.15358467244
500572,500578,500582,6,4,1,900,1.0
500583,500589,500740,6,151,14,14940,1.03973509934
500593,501062,504407,469,3345,2,36000,1.14020926756
500617,501086,504626,469,3540,2,36000,1.13248587571
500632,501101,504619,469,3518,2,36000,1.13331438317
500736,500742,500749,6,7,1,900,1.3
500751,500757,500889,6,132,14,14940,1.04545454545
500777,501120,504236,343,3116,2,36000,1.11007702182
500826,501205,504806,379,3601,2,36000,1.10524854207
500827,501232,504777,405,3545,2,36000,1.11424541608
500872,501324,504519,452,3195,2,36000,1.14147104851
500887,500893,500900,6,7,1,900,1.3
500900,500906,501046,6,140,14,14940,1.04285714286
500960,522943,530341,21983,7398,18,32400,3.97147877805
500963,523444,532358,22481,8914,18,32400,3.52198788423
501008,501336,504736,328,3400,2,36000,1.09647058824
501035,501401,504519,366,3118,2,36000,1.11738293778
501040,501046,501054,6,8,1,900,1.4
501050,501493,504698,443,3205,2,36000,1.13822152886
501051,501057,501222,6,165,14,14940,1.03636363636
501077,501681,505073,604,3392,2,36000,1.17806603774
501092,501776,505247,684,3471,2,36000,1.1970613656
501110,501870,505601,760,3731,2,36000,1.20369874028
501195,501899,505336,704,3437,2,36000,1.20482979342
501219,501226,501233,7,7,1,900,1.4
501222,501910,505641,688,3731,2,36000,1.18440096489
501233,501238,501374,5,136,14,14940,1.03676470588
501315,501964,505579,649,3615,2,36000,1.17952973721
501330,502023,505401,693,3378,2,36000,1.20515097691
501372,501378,501383,6,5,1,900,1.1
501384,501390,501525,6,135,14,14940,1.04444444444
501390,502102,506113,712,4011,2,36000,1.17751184243
501462,501468,505117,6,3649,1,18000,1.00164428611
501484,502120,505440,636,3320,2,36000,1.19156626506
501498,501504,513303,6,11799,8,14400,1.00050851767
501523,501530,501538,7,8,1,900,1.5
501535,501541,501671,6,130,14,14940,1.04615384615
501606,501612,501613,6,1,2,3540,1.0
501668,502139,505393,471,3254,2,36000,1.14474492932
501669,501675,501682,6,7,1,900,1.3
501678,501687,501737,9,50,14,14940,1.18
501768,502218,505878,450,3660,2,36000,1.12295081967
501785,501792,523433,7,21641,8,21600,1.0003234601
501797,501803,510805,6,9002,8,9000,1.00066651855
501801,501809,510825,8,9016,8,9000,1.00088731145
501805,502401,511447,596,9046,8,9000,1.06588547424
501861,502406,505849,545,3443,2,36000,1.15829218705
501888,502411,505792,523,3381,2,36000,1.15468796214
501903,502613,505894,710,3281,2,36000,1.2163974398
501954,502929,506075,975,3146,2,36000,1.30991735537
502015,502935,506191,920,3256,2,36000,1.28255528256
502093,502950,505867,857,2917,2,36000,1.29379499486
502111,503247,506553,1136,3306,2,36000,1.34361766485
502129,503329,506673,1200,3344,2,36000,1.35885167464
502207,503492,507067,1285,3575,2,36000,1.35944055944
502602,503914,507584,1312,3670,2,36000,1.35749318801
502920,503932,507596,1012,3664,2,36000,1.27620087336
502921,503938,507428,1017,3490,2,36000,1.29140401146
502939,503990,507697,1051,3707,2,36000,1.28351766927
503238,504079,507671,841,3592,2,36000,1.23413140312
503320,504092,507475,772,3383,2,36000,1.22819982264
503442,503448,504689,6,1241,1,18000,1.00483481064
503483,504212,507971,729,3759,2,36000,1.19393455706
503905,504247,507838,342,3591,2,36000,1.09523809524
503923,504263,507611,340,3348,2,36000,1.10155316607
503938,504299,507828,361,3529,2,36000,1.10229526778
503980,504321,507454,341,3133,2,36000,1.1088413661
504069,504417,507954,348,3537,2,36000,1.0983884648
504084,504423,507446,339,3023,2,36000,1.11214025802
504199,504504,507741,305,3237,2,36000,1.09422304603
504238,504544,507939,306,3395,2,36000,1.09013254786
504253,504549,507908,296,3359,2,36000,1.08812146472
504289,504556,508150,267,3594,2,36000,1.07429048414
504313,504631,508337,318,3706,2,36000,1.08580679978
504408,504637,508565,229,3928,2,36000,1.058299389
504409,504709,508051,300,3342,2,36000,1.08976660682
504495,504747,508019,252,3272,2,36000,1.07701711491
504522,504788,508491,266,3703,2,36000,1.07183364839
504523,504817,508049,294,3232,2,36000,1.09096534653
504538,505084,508716,546,3632,2,36000,1.15033039648
504620,505258,508279,638,3021,2,36000,1.21118834823
504635,505347,508567,712,3220,2,36000,1.22111801242
504701,505405,508932,704,3527,2,36000,1.19960306209
504738,505413,508628,675,3215,2,36000,1.2099533437
504778,505452,509049,674,3597,2,36000,1.18737837086
504808,505591,508973,783,3382,2,36000,1.23151981076
505075,505612,509004,537,3392,2,36000,1.15831367925
505250,505652,509184,402,3532,2,36000,1.11381653454
505338,505803,508951,465,3148,2,36000,1.14771283355
505395,505860,509236,465,3376,2,36000,1.13773696682
505410,505878,509296,468,3418,2,36000,1.13692217671
505444,505889,509303,445,3414,2,36000,1.13034563562
505579,505585,523631,6,18046,1,18000,1.00033248365
505583,505905,509301,322,3396,2,36000,1.09481743227
505604,506086,509421,482,3335,2,36000,1.14452773613
505643,506124,509351,481,3227,2,36000,1.14905484971
505683,505689,505690,6,1,1,18000,1.0
505794,506202,509499,408,3297,2,36000,1.1237488626
505852,506564,510021,712,3457,2,36000,1.20595892392
505870,506684,510236,814,3552,2,36000,1.22916666667
505885,507078,510269,1193,3191,2,36000,1.37386399248
505887,505895,523900,8,18005,1,18000,1.00044432102
505900,507439,510733,1539,3294,2,36000,1.46721311475
505905,505911,509955,6,4044,1,18000,1.00148367953
506075,507457,510857,1382,3400,2,36000,1.40647058824
506115,507465,510465,1350,3000,2,36000,1.45
506191,507486,510969,1295,3483,2,36000,1.37180591444
506555,507595,511188,1040,3593,2,36000,1.28945171166
506673,507607,510809,934,3202,2,36000,1.29169269207
507068,507623,510874,555,3251,2,36000,1.17071670255
507431,507684,510823,253,3139,2,36000,1.08059891685
507449,507708,511115,259,3407,2,36000,1.07601995891
507463,507752,510933,289,3181,2,36000,1.09085193335
507478,507839,511597,361,3758,2,36000,1.09606173497
507584,507849,511561,265,3712,2,36000,1.07139008621
507599,507920,511233,321,3313,2,36000,1.09689103532
507614,507950,511435,336,3485,2,36000,1.09641319943
507675,507966,511437,291,3471,2,36000,1.0838375108
507699,507982,511362,283,3380,2,36000,1.08372781065
507744,508030,511268,286,3238,2,36000,1.08832612724
507831,508060,511716,229,3656,2,36000,1.06263676149
507846,508066,511255,220,3189,2,36000,1.06898714331
507910,508161,511340,251,3179,2,36000,1.07895564643
507940,508290,511964,350,3674,2,36000,1.09526401742
507955,508349,511944,394,3595,2,36000,1.10959666203
507970,508502,512002,532,3500,2,36000,1.152
508022,508576,511756,554,3180,2,36000,1.17421383648
508052,508582,511746,530,3164,2,36000,1.16750948167
508053,508639,511429,586,2790,2,36000,1.21003584229
508153,508727,511733,574,3006,2,36000,1.19095143047
508280,508944,512341,664,3397,2,36000,1.19546658817
508338,508962,512088,624,3126,2,36000,1.19961612284
508492,508984,512224,492,3240,2,36000,1.15185185185
508568,509016,512443,448,3427,2,36000,1.13072658302
508570,509024,512393,454,3369,2,36000,1.13475808845
508630,509061,512590,431,3529,2,36000,1.12213091527
508717,509196,512755,479,3559,2,36000,1.13458836752
508934,509248,512735,314,3487,2,36000,1.09004875251
508952,509307,512845,355,3538,2,36000,1.10033917467
508973,509313,512469,340,3156,2,36000,1.10773130545
509008,509319,512697,311,3378,2,36000,1.09206631143
509050,509362,512859,312,3497,2,36000,1.08921933086
509185,509432,512435,247,3003,2,36000,1.08225108225
509240,509510,513081,270,3571,2,36000,1.07560907309
509298,509560,513066,262,3506,2,36000,1.07472903594
509313,509566,513177,253,3611,2,36000,1.07006369427
509314,509966,513349,652,3383,2,36000,1.19272834762
509353,510032,513778,679,3746,2,36000,1.18126001068
509423,510247,513931,824,3684,2,36000,1.223669924
509501,510280,513593,779,3313,2,36000,1.23513431935
510024,510476,513972,452,3496,2,36000,1.12929061785
510238,510744,514363,506,3619,2,36000,1.13981762918
510271,510821,514433,550,3612,2,36000,1.15227021041
510332,522513,525855,12181,3342,1,18000,4.64482345901
510338,522936,525426,12598,2490,1,18000,6.059437751
510467,510834,514340,367,3506,2,36000,1.10467769538
510733,510868,514018,135,3150,2,36000,1.04285714286
510812,510885,514242,73,3357,2,36000,1.0217456062
510827,510945,513976,118,3031,2,36000,1.03893104586
510860,510980,514239,120,3259,2,36000,1.03682111077
510875,511126,514549,251,3423,2,36000,1.07332749051
510935,511199,515020,264,3821,2,36000,1.06909186077
510971,511244,514894,273,3650,2,36000,1.07479452055
510981,523007,529556,12026,6549,1,18000,2.83631088716
511020,511267,514585,247,3318,2,36000,1.0744424352
511021,511279,514920,258,3641,2,36000,1.07085965394
511023,511351,515076,328,3725,2,36000,1.08805369128
511024,511373,514938,349,3565,2,36000,1.09789621318
511025,511379,514615,354,3236,2,36000,1.10939431397
511027,511384,514909,357,3525,2,36000,1.10127659574
511028,511440,514815,412,3375,2,36000,1.12207407407
511029,511446,514432,417,2986,2,36000,1.13965170797
511030,511452,514905,422,3453,2,36000,1.12221256878
511032,511572,514884,540,3312,2,36000,1.16304347826
511033,511608,515536,575,3928,2,36000,1.14638492872
511034,511728,515554,694,3826,2,36000,1.18139048615
511036,511745,515030,709,3285,2,36000,1.21582952816
511037,511757,515227,720,3470,2,36000,1.20749279539
511038,511767,514960,729,3193,2,36000,1.22831193235
511039,511956,515438,917,3482,2,36000,1.26335439403
511041,511976,515103,935,3127,2,36000,1.29900863447
511042,512014,515258,972,3244,2,36000,1.29963008631
511043,512099,515321,1056,3222,2,36000,1.32774674115
511045,512235,515506,1190,3271,2,36000,1.36380311831
511117,512247,515329,1130,3082,2,36000,1.36664503569
511190,512352,515712,1162,3360,2,36000,1.34583333333
511235,512405,515878,1170,3473,2,36000,1.33688453786
511257,512447,516009,1190,3562,2,36000,1.33408197642
511274,512455,515848,1181,3393,2,36000,1.34806955497
511340,512481,515821,1141,3340,2,36000,1.34161676647
511364,512601,516243,1237,3642,2,36000,1.33964854476
511431,512708,516268,1277,3560,2,36000,1.35870786517
511446,512746,516204,1300,3458,2,36000,1.37593984962
511447,512767,516146,1320,3379,2,36000,1.39064812075
511562,512857,516178,1295,3321,2,36000,1.38994278832
511599,512870,516889,1271,4019,2,36000,1.31624782284
511719,513077,516587,1358,3510,2,36000,1.38689458689
511734,513092,516516,1358,3424,2,36000,1.39661214953
511749,513189,516419,1440,3230,2,36000,1.44582043344
511764,513321,516716,1557,3395,2,36000,1.45861561119
511945,513326,516734,1381,3408,2,36000,1.40522300469
511967,513360,516760,1393,3400,2,36000,1.40970588235
512004,513604,517163,1600,3559,2,36000,1.44956448441
512091,513789,517639,1698,3850,2,36000,1.44103896104
512224,513942,516857,1718,2915,2,36000,1.58936535163
512342,513983,517395,1641,3412,2,36000,1.48094958968
512396,513989,517368,1593,3379,2,36000,1.47144125481
512438,514029,517818,1591,3789,2,36000,1.41989970969
512453,514250,517266,1797,3016,2,36000,1.59582228117
512471,514256,517173,1785,2917,2,36000,1.61193006514
512592,514351,517878,1759,3527,2,36000,1.49872412815
512699,514374,517880,1675,3506,2,36000,1.47775242442
512738,514443,517937,1705,3494,2,36000,1.48797939325
512756,514449,517754,1693,3305,2,36000,1.51225416036
512847,514561,518319,1714,3758,2,36000,1.45609366684
512862,514596,518075,1734,3479,2,36000,1.49841908594
513022,513028,515891,6,2863,14,7200,1.00209570381
513068,514622,518049,1554,3427,2,36000,1.45345783484
513083,514627,517931,1544,3304,2,36000,1.46731234867
513180,514633,518106,1453,3473,2,36000,1.41837028506
513350,514826,518275,1476,3449,2,36000,1.42795013047
513595,514895,518457,1300,3562,2,36000,1.36496350365
513779,514905,519252,1126,4347,2,36000,1.25902921555
513933,514916,518223,983,3307,2,36000,1.29724826126
513973,514922,518426,949,3504,2,36000,1.27083333333
513988,514931,518397,943,3466,2,36000,1.27207155222
514021,514949,518376,928,3427,2,36000,1.27079077911
514241,514971,518362,730,3391,2,36000,1.21527572987
514256,515031,517987,775,2956,2,36000,1.26217861976
514340,515041,518442,701,3401,2,36000,1.20611584828
514364,515087,518382,723,3295,2,36000,1.21942336874
514434,515114,518222,680,3108,2,36000,1.21879021879
514436,515239,518791,803,3552,2,36000,1.22606981982
514551,515269,518376,718,3107,2,36000,1.23109108465
514587,515333,518867,746,3534,2,36000,1.21109224675
514618,515340,519178,722,3838,2,36000,1.18811881188
514818,515449,518551,631,3102,2,36000,1.20341715023
514884,515517,518900,633,3383,2,36000,1.18711203074
514899,515547,518936,648,3389,2,36000,1.19120684568
514914,515565,519139,651,3574,2,36000,1.18214885283
514915,515723,519322,808,3599,2,36000,1.22450680745
514930,515832,519392,902,3560,2,36000,1.25337078652
514945,515859,518988,914,3129,2,36000,1.29210610419
514960,515889,518860,929,2971,2,36000,1.31268933019
515020,516020,519440,1000,3420,2,36000,1.29239766082
515035,516158,519698,1123,3540,2,36000,1.31723163842
515078,516189,519321,1111,3132,2,36000,1.35472541507
515105,516216,519589,1111,3373,2,36000,1.32938037355
515229,516255,519272,1026,3017,2,36000,1.34007292012
515259,516280,519963,1021,3683,2,36000,1.27721965789
515322,516430,519844,1108,3414,2,36000,1.32454598711
515337,516527,519963,1190,3436,2,36000,1.34633294529
515439,516598,519689,1159,3091,2,36000,1.37495956001
515506,516727,520097,1221,3370,2,36000,1.36231454006
515536,516746,519627,1210,2881,2,36000,1.41999305797
515557,516772,520215,1215,3443,2,36000,1.35288992158
515715,516868,520282,1153,3414,2,36000,1.33772700644
515824,516900,520142,1076,3242,2,36000,1.33189389266
515851,517174,520425,1323,3251,2,36000,1.40695170717
515881,517184,520152,1303,2968,2,36000,1.43901617251
516011,517277,520642,1266,3365,2,36000,1.37622585438
516150,517379,520826,1229,3447,2,36000,1.35654192051
516180,517406,520750,1226,3344,2,36000,1.36662679426
516207,517650,520836,1443,3186,2,36000,1.45291902072
516244,517765,521312,1521,3547,2,36000,1.42881308148
516271,517830,521004,1559,3174,2,36000,1.49117832388
516419,517889,521060,1470,3171,2,36000,1.46357615894
516519,517895,520701,1376,2806,2,36000,1.49037776194
516588,517942,521358,1354,3416,2,36000,1.39637002342
516718,517949,521058,1231,3109,2,36000,1.39594724992
516736,517998,521686,1262,3688,2,36000,1.34219088937
516763,518060,521391,1297,3331,2,36000,1.38937256079
516860,518086,521564,1226,3478,2,36000,1.35250143761
516890,518117,521391,1227,3274,2,36000,1.37477092242
517165,518233,521673,1068,3440,2,36000,1.31046511628
517180,518239,521856,1059,3617,2,36000,1.2927840752
517267,518287,521816,1020,3529,2,36000,1.2890337206
517369,518330,521565,961,3235,2,36000,1.2970633694
517396,518373,521950,977,3577,2,36000,1.2731339111
517641,518387,521645,746,3258,2,36000,1.22897483118
517756,518393,522259,637,3866,2,36000,1.16476978789
517819,518398,521874,579,3476,2,36000,1.166570771
517879,518408,521836,529,3428,2,36000,1.15431738623
517894,518437,521568,543,3131,2,36000,1.17342702012
517933,518453,521994,520,3541,2,36000,1.14685117199
517948,518468,521904,520,3436,2,36000,1.15133876601
517987,518563,522136,576,3573,2,36000,1.16120906801
518051,518802,521915,751,3113,2,36000,1.24124638612
518078,518871,522228,793,3357,2,36000,1.23622281799
518108,518878,522267,770,3389,2,36000,1.22720566539
518225,518911,522302,686,3391,2,36000,1.20230020643
518226,518947,521974,721,3027,2,36000,1.23818962669
518277,518999,522185,722,3186,2,36000,1.22661644696
518319,519138,522623,819,3485,2,36000,1.2350071736
518365,519143,522599,778,3456,2,36000,1.22511574074
518380,519150,522790,770,3640,2,36000,1.21153846154
518381,519190,522996,809,3806,2,36000,1.21255911718
518396,519263,522990,867,3727,2,36000,1.23262677757
518411,519284,522393,873,3109,2,36000,1.28079768414
518429,519332,522954,903,3622,2,36000,1.24930977361
518444,519338,522819,894,3481,2,36000,1.25682275208
518459,519403,523289,944,3886,2,36000,1.24292331446
518553,519451,522501,898,3050,2,36000,1.29442622951
518792,519600,523488,808,3888,2,36000,1.20781893004
518861,519638,522925,777,3287,2,36000,1.23638576209
518876,519700,523376,824,3676,2,36000,1.22415669206
518903,519710,523239,807,3529,2,36000,1.22867667895
518936,519855,523370,919,3515,2,36000,1.26145092461
518990,519974,523367,984,3393,2,36000,1.29000884173
519142,519979,523506,837,3527,2,36000,1.23731216331
519181,520109,523304,928,3195,2,36000,1.29045383412
519254,520153,523572,899,3419,2,36000,1.26294238081
519275,520163,523316,888,3153,2,36000,1.28163653663
519324,520227,523906,903,3679,2,36000,1.24544713237
519325,520293,523626,968,3333,2,36000,1.2904290429
519395,520436,523904,1041,3468,2,36000,1.30017301038
519442,520653,524335,1211,3682,2,36000,1.3288973384
519590,520713,523600,1123,2887,2,36000,1.38898510565
519629,520761,523746,1132,2985,2,36000,1.37922948074
519690,520837,524006,1147,3169,2,36000,1.36194383086
519704,520847,524066,1143,3219,2,36000,1.35507921715
519847,521016,524334,1169,3318,2,36000,1.35232067511
519965,521069,524813,1104,3744,2,36000,1.29487179487
519966,521075,524620,1109,3545,2,36000,1.31283497884
520099,521323,524816,1224,3493,2,36000,1.35041511595
520144,521370,524903,1226,3533,2,36000,1.34701386923
520159,521402,525139,1243,3737,2,36000,1.33261974846
520217,521407,524757,1190,3350,2,36000,1.3552238806
520284,521575,524698,1291,3123,2,36000,1.41338456612
520428,521581,525208,1153,3627,2,36000,1.31789357596
520643,521586,525376,943,3790,2,36000,1.24881266491
520703,521657,525002,954,3345,2,36000,1.28520179372
520751,521684,525288,933,3604,2,36000,1.25887902331
520827,521697,525199,870,3502,2,36000,1.24842946887
520841,521827,525124,986,3297,2,36000,1.29905975129
521005,521847,525274,842,3427,2,36000,1.24569594397
521060,521867,525168,807,3301,2,36000,1.24447137231
521074,521885,525148,811,3263,2,36000,1.2485442844
521313,521915,525501,602,3586,2,36000,1.16787506972
521361,521926,525221,565,3295,2,36000,1.17147192716
521392,521961,525439,569,3478,2,36000,1.16359976998
521393,521985,525396,592,3411,2,36000,1.17355614189
521565,522005,525464,440,3459,2,36000,1.12720439433
521567,522147,525081,580,2934,2,36000,1.19768234492
521582,522196,525812,614,3616,2,36000,1.16980088496
521648,522239,526087,591,3848,2,36000,1.15358627859
521672,522270,525729,598,3459,2,36000,1.17288233594
521687,522278,526249,591,3971,2,36000,1.14882901032
521817,522313,525740,496,3427,2,36000,1.14473300263
521838,522404,526004,566,3600,2,36000,1.15722222222
521859,522822,526375,963,3553,2,36000,1.27103855896
521877,522830,526233,953,3403,2,36000,1.28004701734
521904,522965,526539,1061,3574,2,36000,1.2968662563
521919,523001,526143,1082,3142,2,36000,1.34436664545
521952,523066,526144,1114,3078,2,36000,1.36192332684
521977,523071,526942,1094,3871,2,36000,1.28261431155
521995,523250,526699,1255,3449,2,36000,1.36387358655
522137,523301,526851,1164,3550,2,36000,1.32788732394
522188,523315,526362,1127,3047,2,36000,1.36987200525
522230,523327,526878,1097,3551,2,36000,1.3089270628
522260,523378,526901,1118,3523,2,36000,1.31734317343
522275,523384,526934,1109,3550,2,36000,1.3123943662
522302,523390,527183,1088,3793,2,36000,1.28684418666
522394,523499,527396,1105,3897,2,36000,1.28355144983
522502,523517,526684,1015,3167,2,36000,1.32049257973
522602,523583,526640,981,3057,2,36000,1.32090284593
522626,523611,527230,985,3619,2,36000,1.27217463388
522793,523637,527014,844,3377,2,36000,1.2499259698
522820,523643,527106,823,3463,2,36000,1.23765521224
522926,523757,526940,831,3183,2,36000,1.26107445806
522956,523917,527344,961,3427,2,36000,1.28042019259
522992,523922,527301,930,3379,2,36000,1.2752293578
523007,524018,527228,1011,3210,2,36000,1.31495327103
523242,524078,527461,836,3383,2,36000,1.24711794265
523291,524345,528059,1054,3714,2,36000,1.28379106085
523306,524351,528081,1045,3730,2,36000,1.28016085791
523320,524631,527898,1311,3267,2,36000,1.4012855831
523369,524710,527735,1341,3025,2,36000,1.44330578512
523384,524768,527790,1384,3022,2,36000,1.45797485109
523385,524824,528088,1439,3264,2,36000,1.44087009804
523491,524830,527930,1339,3100,2,36000,1.43193548387
523509,524914,528575,1405,3661,2,36000,1.38377492488
523572,525013,527997,1441,2984,2,36000,1.48290884718
523602,525093,528804,1491,3711,2,36000,1.40177849636
523626,525135,528648,1509,3513,2,36000,1.42954739539
523747,525150,528753,1403,3603,2,36000,1.38939772412
523908,525159,528339,1251,3180,2,36000,1.39339622642
523909,525179,528567,1270,3388,2,36000,1.37485242031
524009,525210,528505,1201,3295,2,36000,1.36449165402
524058,525866,526032,1808,166,1,3600,11.8915662651
524069,525219,528825,1150,3606,2,36000,1.31891292291
524334,525232,528647,898,3415,2,36000,1.26295754026
524349,525285,528614,936,3329,2,36000,1.28116551517
524621,525300,528609,679,3309,2,36000,1.205197945
524700,525387,528876,687,3489,2,36000,1.19690455718
524760,525407,528689,647,3282,2,36000,1.19713589275
524814,525438,528566,624,3128,2,36000,1.19948849105
524829,525451,529059,622,3608,2,36000,1.17239467849
524905,525476,528929,571,3453,2,36000,1.16536345207
525004,525512,528890,508,3378,2,36000,1.1503848431
525083,525741,528962,658,3221,2,36000,1.20428438373
525125,525751,529504,626,3753,2,36000,1.16679989342
525140,525823,529410,683,3587,2,36000,1.19040981321
525155,526015,529255,860,3240,2,36000,1.26543209877
525170,526099,529045,929,2946,2,36000,1.31534283775
525200,526154,529500,954,3346,2,36000,1.28511655708
525215,526160,529304,945,3144,2,36000,1.30057251908
525230,526245,529862,1015,3617,2,36000,1.28061929776
525275,526260,529861,985,3601,2,36000,1.27353512913
525290,526373,529977,1083,3604,2,36000,1.30049944506
525377,526386,529583,1009,3197,2,36000,1.31560838286
525398,526550,530132,1152,3582,2,36000,1.3216080402
525441,526652,530332,1211,3680,2,36000,1.32907608696
525468,526695,530230,1227,3535,2,36000,1.34710042433
525504,526711,529860,1207,3149,2,36000,1.38329628453
525731,526863,530254,1132,3391,2,36000,1.33382483043
525746,526889,530571,1143,3682,2,36000,1.31042911461
525812,526912,530298,1100,3386,2,36000,1.32486709982
526006,526945,530916,939,3971,2,36000,1.23646436666
526090,526952,529813,862,2861,2,36000,1.30129325411
526145,526958,530148,813,3190,2,36000,1.25485893417
526146,527025,530199,879,3174,2,36000,1.27693761815
526210,526216,526547,6,331,1,3600,1.01812688822
526234,527117,529941,883,2824,2,36000,1.31267705382
526252,527195,530705,943,3510,2,36000,1.26866096866
526364,527239,530769,875,3530,2,36000,1.24787535411
526379,527245,530663,866,3418,2,36000,1.25336454067
526542,527312,530374,770,3062,2,36000,1.25146962769
526642,527355,530976,713,3621,2,36000,1.19690693179
526684,527407,530755,723,3348,2,36000,1.21594982079
526702,527472,530698,770,3226,2,36000,1.23868567886
526854,527746,531434,892,3688,2,36000,1.24186550976
526871,526877,527680,6,803,1,3600,1.00747198007
526881,527802,530983,921,3181,2,36000,1.28953159384
526902,527909,531372,1007,3463,2,36000,1.29078833381
526935,527941,531523,1006,3582,2,36000,1.28084868788
526950,528009,531505,1059,3496,2,36000,1.30291762014
526951,528070,531620,1119,3550,2,36000,1.31521126761
527015,528092,531708,1077,3616,2,36000,1.29784292035
527109,528099,531126,990,3027,2,36000,1.32705649158
527184,528350,531661,1166,3311,2,36000,1.35215946844
527229,528516,532130,1287,3614,2,36000,1.35611510791
527244,528577,531800,1333,3223,2,36000,1.41358982315
527301,528583,532056,1282,3473,2,36000,1.36913331414
527347,528589,532075,1242,3486,2,36000,1.35628227194
527398,528620,532159,1222,3539,2,36000,1.34529528115
527462,528626,532092,1164,3466,2,36000,1.3358338142
527643,527690,527854,47,164,1,3600,1.28658536585
527738,528658,531902,920,3244,2,36000,1.28360049322
527792,528664,532028,872,3364,2,36000,1.25921521998
527898,528700,532005,802,3305,2,36000,1.24266263238
527932,528764,532348,832,3584,2,36000,1.23214285714
527998,528815,532246,817,3431,2,36000,1.23812299621
528021,528027,528361,6,334,1,3600,1.01796407186
528062,528837,532006,775,3169,2,36000,1.24455664247
528083,528887,532110,804,3223,2,36000,1.24945702761
528098,528901,532387,803,3486,2,36000,1.23034997131
528339,528941,532090,602,3149,2,36000,1.19117180057
528505,528973,532493,468,3520,2,36000,1.13295454545
528569,529056,532500,487,3444,2,36000,1.14140534262
528570,529070,532175,500,3105,2,36000,1.16103059581
528585,529266,532770,681,3504,2,36000,1.19434931507
528609,529315,532930,706,3615,2,36000,1.19529737206
528624,529421,532692,797,3271,2,36000,1.2436563742
528648,529511,532366,863,2855,2,36000,1.30227670753
528650,529517,532932,867,3415,2,36000,1.25387994143
528673,528679,529370,6,691,1,3600,1.00868306802
528692,529568,532844,876,3276,2,36000,1.2673992674
528755,529594,532925,839,3331,2,36000,1.25187631342
528806,529824,532892,1018,3068,2,36000,1.33181225554
528827,529872,533277,1045,3405,2,36000,1.30690161527
528879,529877,533226,998,3349,2,36000,1.29799940281
528881,529380,529487,499,107,1,3600,5.66355140187
528893,529883,533324,990,3441,2,36000,1.2877070619
528933,529952,533618,1019,3666,2,36000,1.27795962902
528963,529988,533451,1025,3463,2,36000,1.29598613919
529047,530143,533479,1096,3336,2,36000,1.32853717026
529062,530159,533683,1097,3524,2,36000,1.31129398411
529255,530211,533843,956,3632,2,36000,1.26321585903
529307,530241,533794,934,3553,2,36000,1.26287644244
529412,530265,533834,853,3569,2,36000,1.23900252171
529504,530309,534108,805,3799,2,36000,1.21189786786
529505,530343,533922,838,3579,2,36000,1.23414361554
529584,530352,533580,768,3228,2,36000,1.23791821561
529655,532395,532713,2740,318,1,3600,9.61635220126
529814,530357,533706,543,3349,2,36000,1.16213795163
529862,530362,534349,500,3987,2,36000,1.12540757462
529864,530368,533844,504,3476,2,36000,1.14499424626
529865,530373,533384,508,3011,2,36000,1.16871471272
529943,530378,533968,435,3590,2,36000,1.12116991643
529980,530383,533613,403,3230,2,36000,1.12476780186
530134,530388,533841,254,3453,2,36000,1.07355922386
530149,530393,533734,244,3341,2,36000,1.07303202634
530200,530400,533926,200,3526,2,36000,1.05672149745
530233,530583,534013,350,3430,2,36000,1.10204081633
530254,530674,534246,420,3572,2,36000,1.11758118701
530300,530709,534110,409,3401,2,36000,1.12025874743
530333,530716,534061,383,3345,2,36000,1.11449925262
530376,530767,534173,391,3406,2,36000,1.11479741632
530541,532400,532509,1859,109,1,3600,18.0550458716
530573,530780,533820,207,3040,2,36000,1.06809210526
530664,530927,534340,263,3413,2,36000,1.07705830648
530700,530987,534259,287,3272,2,36000,1.08771393643
530715,530994,534429,279,3435,2,36000,1.08122270742
530757,531138,534822,381,3684,2,36000,1.10342019544
530772,531384,534906,612,3522,2,36000,1.1737649063
530910,545339,552573,14429,7234,14,7200,2.99460879182
530917,531445,535431,528,3986,2,36000,1.13246362268
530978,531517,534584,539,3067,2,36000,1.1757417672
530993,531534,535211,541,3677,2,36000,1.14713081316
531129,531631,535039,502,3408,2,36000,1.14730046948
531308,532406,532524,1098,118,1,1800,10.3050847458
531374,531673,535232,299,3559,2,36000,1.08401236302
531435,531719,535337,284,3618,2,36000,1.07849640685
531508,531811,535315,303,3504,2,36000,1.08647260274
531526,531913,535500,387,3587,2,36000,1.10788960134
531620,532017,535494,397,3477,2,36000,1.11417888985
531663,532022,536321,359,4299,2,36000,1.08350779251
531711,532039,535460,328,3421,2,36000,1.09587839813
531802,532067,535677,265,3610,2,36000,1.07340720222
531905,532086,535296,181,3210,2,36000,1.05638629283
532009,532101,535560,92,3459,2,36000,1.02659728245
532010,532107,535584,97,3477,2,36000,1.02789761288
532028,532121,535905,93,3784,2,36000,1.02457716702
532058,532141,535599,83,3458,2,36000,1.02400231348
532076,532170,535717,94,3547,2,36000,1.02650126868
532091,532186,535830,95,3644,2,36000,1.02607025247
532106,532258,535345,152,3087,2,36000,1.04923874312
532121,532359,535761,238,3402,2,36000,1.06995884774
532136,532369,536065,233,3696,2,36000,1.06304112554
532160,532374,535726,214,3352,2,36000,1.0638424821
532178,532380,536126,202,3746,2,36000,1.0539241858
532248,532385,535540,137,3155,2,36000,1.04342313788
532350,532390,535756,40,3366,2,36000,1.0118835413
532368,532412,535988,44,3576,2,36000,1.01230425056
532389,532417,536123,28,3706,2,36000,1.0075553157
532496,532502,535942,6,3440,2,36000,1.00174418605
532510,532519,535686,9,3167,2,36000,1.00284180613
532676,532683,532996,7,313,1,3600,1.02236421725
532695,532701,536102,6,3401,2,36000,1.001764187
532771,532777,535960,6,3183,2,36000,1.00188501414
532818,532824,532934,6,110,1,1800,1.05454545455
532847,532853,536265,6,3412,2,36000,1.00175849941
532895,532901,536633,6,3732,2,36000,1.00160771704
532928,532934,536292,6,3358,2,36000,1.00178677784
532943,532949,536377,6,3428,2,36000,1.00175029172
532945,532955,536388,10,3433,2,36000,1.00291290417
533141,533147,533739,6,592,1,3600,1.01013513514
533229,533235,536029,6,2794,2,36000,1.00214745884
533278,533284,536867,6,3583,2,36000,1.00167457438
533326,533332,536825,6,3493,2,36000,1.00171772116
533386,533393,536795,7,3402,2,36000,1.00205761317
533425,533432,534019,7,587,1,3600,1.01192504259
533453,533463,537132,10,3669,2,36000,1.00272553829
533480,533487,537137,7,3650,2,36000,1.00191780822
533549,533555,534039,6,484,1,1800,1.01239669421
533580,533587,537313,7,3726,2,36000,1.00187869028
533614,533620,537312,6,3692,2,36000,1.00162513543
533628,533635,537028,7,3393,2,36000,1.00206307103
533686,533692,537195,6,3503,2,36000,1.00171281758
533707,533713,537679,6,3966,2,36000,1.0015128593
533737,533743,537084,6,3341,2,36000,1.0017958695
533794,533801,537421,7,3620,2,36000,1.00193370166
533822,533828,537282,6,3454,2,36000,1.00173711639
533837,533843,537327,6,3484,2,36000,1.00172215844
533852,533858,537226,6,3368,2,36000,1.00178147268
533853,533864,537485,11,3621,2,36000,1.00303783485
533855,533869,537288,14,3419,2,36000,1.00409476455
533923,533929,537469,6,3540,2,36000,1.00169491525
533938,533944,537503,6,3559,2,36000,1.00168586682
533971,533977,537088,6,3111,2,36000,1.00192864031
534013,534020,537517,7,3497,2,36000,1.00200171576
534062,534068,537608,6,3540,2,36000,1.00169491525
534110,534116,537568,6,3452,2,36000,1.00173812283
534111,534122,537936,11,3814,2,36000,1.00288411117
534175,534181,537828,6,3647,2,36000,1.00164518783
534248,534254,537807,6,3553,2,36000,1.00168871376
534263,534269,537491,6,3222,2,36000,1.00186219739
534342,534348,538014,6,3666,2,36000,1.00163666121
534357,534363,537553,6,3190,2,36000,1.00188087774
534430,534436,537334,6,2898,2,36000,1.00207039337
534585,534591,537911,6,3320,2,36000,1.00180722892
534825,534831,538328,6,3497,2,36000,1.00171575636
534907,534913,538647,6,3734,2,36000,1.00160685592
534940,534946,535062,6,116,1,1800,1.05172413793
535040,535046,538223,6,3177,2,36000,1.00188857413
535212,535219,538663,7,3444,2,36000,1.00203252033
535233,535240,538807,7,3567,2,36000,1.00196243342
535297,535303,538820,6,3517,2,36000,1.00170599943
535318,535324,538957,6,3633,2,36000,1.00165152766
535339,535345,538760,6,3415,2,36000,1.00175695461
535354,535360,538999,6,3639,2,36000,1.00164880462
535368,535375,535464,7,89,1,1800,1.07865168539
535433,535439,538570,6,3131,2,36000,1.00191632066
535463,535469,538582,6,3113,2,36000,1.00192740122
535496,535502,539117,6,3615,2,36000,1.00165975104
535511,535517,538820,6,3303,2,36000,1.00181653043
535541,535547,539112,6,3565,2,36000,1.00168302945
535562,535568,538926,6,3358,2,36000,1.00178677784
535573,535580,535624,7,44,1,1800,1.15909090909
535586,535592,539472,6,3880,2,36000,1.00154639175
535601,535607,539084,6,3477,2,36000,1.00172562554
535680,535686,539249,6,3563,2,36000,1.00168397418
535695,535701,539492,6,3791,2,36000,1.00158269586
535719,535725,538956,6,3231,2,36000,1.00185701021
535734,535740,539213,6,3473,2,36000,1.00172761301
535758,535764,538978,6,3214,2,36000,1.00186683261
535773,535779,538962,6,3183,2,36000,1.00188501414
535833,535840,539297,7,3457,2,36000,1.00202487706
535906,535912,539596,6,3684,2,36000,1.0016286645
535917,535923,535991,6,68,1,1800,1.08823529412
535945,535951,539336,6,3385,2,36000,1.00177252585
535963,535969,539622,6,3653,2,36000,1.00164248563
535990,535996,539547,6,3551,2,36000,1.00168966488
536032,536039,539409,7,3370,2,36000,1.00207715134
536066,536072,539547,6,3475,2,36000,1.00172661871
536105,536111,539753,6,3642,2,36000,1.00164744646
536126,536137,536693,11,556,1,1800,1.01978417266
536126,536132,539982,6,3850,2,36000,1.00155844156
536127,536143,539482,16,3339,2,36000,1.00479185385
536267,536273,539692,6,3419,2,36000,1.00175489909
536294,536300,540376,6,4076,2,36000,1.0014720314
536324,536330,539648,6,3318,2,36000,1.00180831826
536378,536385,539893,7,3508,2,36000,1.001995439
536393,536399,539734,6,3335,2,36000,1.00179910045
536636,536642,540032,6,3390,2,36000,1.0017699115
536799,536805,540023,6,3218,2,36000,1.00186451212
536826,536832,540169,6,3337,2,36000,1.00179802218
536868,536874,540045,6,3171,2,36000,1.00189214759
536887,536893,537174,6,281,1,1800,1.02135231317
537028,537034,540343,6,3309,2,36000,1.00181323663
537085,537091,540806,6,3715,2,36000,1.00161507402
537100,537106,540416,6,3310,2,36000,1.00181268882
537133,537139,540656,6,3517,2,36000,1.00170599943
537148,537154,540580,6,3426,2,36000,1.00175131349
537196,537202,540518,6,3316,2,36000,1.00180940893
537226,537233,540628,7,3395,2,36000,1.00206185567
537284,537290,540892,6,3602,2,36000,1.00166574125
537299,537305,541029,6,3724,2,36000,1.00161117078
537314,537320,543360,6,6040,2,36000,1.00099337748
537315,537326,540893,11,3567,2,36000,1.00308382394
537330,537336,541443,6,4107,2,36000,1.00146092038
537345,537351,540959,6,3608,2,36000,1.00166297118
537424,537430,540874,6,3444,2,36000,1.00174216028
537472,537478,541052,6,3574,2,36000,1.00167879127
537487,537493,540759,6,3266,2,36000,1.00183710961
537502,537508,541020,6,3512,2,36000,1.00170842825
537517,537523,540977,6,3454,2,36000,1.00173711639
537518,537529,540580,11,3051,2,36000,1.00360537529
537555,537561,540943,6,3382,2,36000,1.00177409817
537570,537576,541235,6,3659,2,36000,1.00163979229
537612,537618,541434,6,3816,2,36000,1.00157232704
537681,537687,541132,6,3445,2,36000,1.00174165457
537808,537814,541277,6,3463,2,36000,1.00173260179
537829,537835,541533,6,3698,2,36000,1.00162249865
537914,537920,541050,6,3130,2,36000,1.00191693291
537938,537944,541199,6,3255,2,36000,1.00184331797
538016,538023,541500,7,3477,2,36000,1.0020132298
538225,538231,541441,6,3210,2,36000,1.00186915888
538331,538337,541776,6,3439,2,36000,1.00174469322
538450,538456,538501,6,45,1,1800,1.13333333333
538573,538579,542293,6,3714,2,36000,1.00161550889
538588,538593,542239,5,3646,2,36000,1.00137136588
538649,538656,542205,7,3549,2,36000,1.00197238659
538664,538670,542317,6,3647,2,36000,1.00164518783
538762,538768,542140,6,3372,2,36000,1.00177935943
538810,538816,542432,6,3616,2,36000,1.00165929204
538825,538831,542062,6,3231,2,36000,1.00185701021
538826,538837,542149,11,3312,2,36000,1.00332125604
538834,538843,538912,9,69,1,1800,1.13043478261
538929,538936,542653,7,3717,2,36000,1.00188323917
538960,538966,542492,6,3526,2,36000,1.00170164492
538961,538972,542352,11,3380,2,36000,1.00325443787
538976,538982,542457,6,3475,2,36000,1.00172661871
538991,538997,542421,6,3424,2,36000,1.00175233645
539006,539012,542411,6,3399,2,36000,1.00176522507
539085,539091,542550,6,3459,2,36000,1.00173460538
539113,539119,542540,6,3421,2,36000,1.00175387314
539127,539134,542790,7,3656,2,36000,1.00191466083
539215,539221,543022,6,3801,2,36000,1.00157853197
539251,539258,542509,7,3251,2,36000,1.00215318364
539300,539306,542087,6,2781,2,36000,1.0021574973
539336,539342,542704,6,3362,2,36000,1.00178465199
539411,539418,543057,7,3639,2,36000,1.00192360539
539475,539482,542908,7,3426,2,36000,1.00204319907
539490,539497,542732,7,3235,2,36000,1.00216383308
539505,539512,542522,7,3010,2,36000,1.0023255814
539549,539555,542930,6,3375,2,36000,1.00177777778
539550,539561,542833,11,3272,2,36000,1.00336185819
539599,539605,542854,6,3249,2,36000,1.00184672207
539623,539629,543301,6,3672,2,36000,1.00163398693
539650,539656,543001,6,3345,2,36000,1.00179372197
539693,539699,543337,6,3638,2,36000,1.00164925783
539736,539742,543257,6,3515,2,36000,1.00170697013
539754,539760,543176,6,3416,2,36000,1.00175644028
539895,539902,543128,7,3226,2,36000,1.00216986981
539912,539918,540186,6,268,1,1800,1.0223880597
539984,539990,543465,6,3475,2,36000,1.00172661871
540026,540032,543800,6,3768,2,36000,1.00159235669
540046,540052,543596,6,3544,2,36000,1.00169300226
540047,540058,543108,11,3050,2,36000,1.00360655738
540171,540177,543658,6,3481,2,36000,1.00172364263
540344,540350,543668,6,3318,2,36000,1.00180831826
540377,540383,543788,6,3405,2,36000,1.00176211454
540417,540424,545855,7,5431,2,36000,1.00128889707
540520,540527,544153,7,3626,2,36000,1.00193050193
540581,540588,544167,7,3579,2,36000,1.00195585359
540583,540593,543948,10,3355,2,36000,1.00298062593
540631,540637,543935,6,3298,2,36000,1.00181928441
540659,540665,544040,6,3375,2,36000,1.00177777778
540761,540767,544188,6,3421,2,36000,1.00175387314
540810,540816,544515,6,3699,2,36000,1.00162206002
540876,540882,544127,6,3245,2,36000,1.00184899846
540895,540901,544476,6,3575,2,36000,1.00167832168
540896,540907,544489,11,3582,2,36000,1.00307091011
540944,540950,544291,6,3341,2,36000,1.0017958695
540962,540969,544579,7,3610,2,36000,1.00193905817
540980,540987,544620,7,3633,2,36000,1.00192678227
541023,541029,544641,6,3612,2,36000,1.00166112957
541037,541044,544618,7,3574,2,36000,1.00195858982
541053,541059,544439,6,3380,2,36000,1.00177514793
541054,541065,544350,11,3285,2,36000,1.00334855403
541132,541139,544615,7,3476,2,36000,1.00201380898
541202,541208,545030,6,3822,2,36000,1.00156985871
541235,541241,544588,6,3347,2,36000,1.00179265013
541280,541287,544565,7,3278,2,36000,1.00213544844
541434,541440,544872,6,3432,2,36000,1.00174825175
541450,541456,544827,6,3371,2,36000,1.00177988727
541452,541462,545034,10,3572,2,36000,1.00279955207
541503,541509,545166,6,3657,2,36000,1.00164068909
541533,541539,545308,6,3769,2,36000,1.0015919342
541778,541784,544854,6,3070,2,36000,1.00195439739
542065,542072,545344,7,3272,2,36000,1.0021393643
542090,542096,545580,6,3484,2,36000,1.00172215844
542141,542147,545504,6,3357,2,36000,1.0017873101
542156,542162,545545,6,3383,2,36000,1.00177357375
542207,542213,545408,6,3195,2,36000,1.00187793427
542240,542246,545716,6,3470,2,36000,1.00172910663
542295,542301,545819,6,3518,2,36000,1.0017055145
542319,542325,545853,6,3528,2,36000,1.00170068027
542355,542361,546027,6,3666,2,36000,1.00163666121
542412,542418,545511,6,3093,2,36000,1.00193986421
542427,542433,546316,6,3883,2,36000,1.00154519701
542442,542448,546209,6,3761,2,36000,1.00159532039
542460,542466,545546,6,3080,2,36000,1.00194805195
542493,542499,546024,6,3525,2,36000,1.00170212766
542511,542517,546153,6,3636,2,36000,1.00165016502
542526,542532,546027,6,3495,2,36000,1.0017167382
542541,542548,545721,7,3173,2,36000,1.00220611409
542556,542562,546146,6,3584,2,36000,1.00167410714
542656,542662,546041,6,3379,2,36000,1.00177567328
542705,542711,546276,6,3565,2,36000,1.00168302945
542735,542741,546310,6,3569,2,36000,1.00168114318
542792,542798,546323,6,3525,2,36000,1.00170212766
542834,542841,545871,7,3030,2,36000,1.00231023102
542855,542862,546129,7,3267,2,36000,1.00214263851
542910,542916,546317,6,3401,2,36000,1.001764187
542931,542937,546130,6,3193,2,36000,1.00187911055
543004,543010,546856,6,3846,2,36000,1.0015600624
543025,543031,546147,6,3116,2,36000,1.00192554557
543058,543065,546923,7,3858,2,36000,1.00181441161
543110,543116,546460,6,3344,2,36000,1.00179425837
543131,543137,546506,6,3369,2,36000,1.0017809439
543173,543179,546910,6,3731,2,36000,1.00160814795
543259,543265,546783,6,3518,2,36000,1.0017055145
543304,543310,546805,6,3495,2,36000,1.0017167382
543337,543343,546848,6,3505,2,36000,1.00171184023
543362,543368,547043,6,3675,2,36000,1.00163265306
543468,543475,546694,7,3219,2,36000,1.00217458838
543598,543605,547127,7,3522,2,36000,1.0019875071
543659,543665,547365,6,3700,2,36000,1.00162162162
543674,543680,547210,6,3530,2,36000,1.00169971671
543789,543795,547131,6,3336,2,36000,1.00179856115
543804,543810,547396,6,3586,2,36000,1.00167317345
543937,543943,547606,6,3663,2,36000,1.00163800164
543952,543958,547427,6,3469,2,36000,1.00172960507
544043,544049,547379,6,3330,2,36000,1.0018018018
544128,544134,546981,6,2847,2,36000,1.00210748156
544155,544161,547533,6,3372,2,36000,1.00177935943
544170,544176,547838,6,3662,2,36000,1.00163844894
544191,544197,548078,6,3881,2,36000,1.0015459933
544295,544301,547519,6,3218,2,36000,1.00186451212
544352,544358,548196,6,3838,2,36000,1.00156331423
544440,544446,547705,6,3259,2,36000,1.00184105554
544479,544486,548081,7,3595,2,36000,1.00194714882
544494,544500,548207,6,3707,2,36000,1.00161855948
544515,544522,548020,7,3498,2,36000,1.00200114351
544567,544573,547783,6,3210,2,36000,1.00186915888
544582,544588,548222,6,3634,2,36000,1.0016510732
544597,544603,547970,6,3367,2,36000,1.00178200178
544618,544625,548247,7,3622,2,36000,1.0019326339
544620,544631,548081,11,3450,2,36000,1.0031884058
544635,544642,548258,7,3616,2,36000,1.00193584071
544650,544656,548340,6,3684,2,36000,1.0016286645
544830,544836,547950,6,3114,2,36000,1.00192678227
544857,544863,548040,6,3177,2,36000,1.00188857413
544875,544881,548681,6,3800,2,36000,1.00157894737
545033,545040,548413,7,3373,2,36000,1.00207530388
545035,545046,548570,11,3524,2,36000,1.00312145289
545168,545174,548506,6,3332,2,36000,1.00180072029
545311,545317,548532,6,3215,2,36000,1.00186625194
545347,545353,548661,6,3308,2,36000,1.00181378476
545411,545417,549298,6,3881,2,36000,1.0015459933
545505,545511,548773,6,3262,2,36000,1.00183936235
545520,545526,548940,6,3414,2,36000,1.00175746924
545547,545553,549281,6,3728,2,36000,1.00160944206
545549,545559,549236,10,3677,2,36000,1.00271960838
545582,545588,549197,6,3609,2,36000,1.00166251039
545719,545725,548973,6,3248,2,36000,1.00184729064
545734,545740,548992,6,3252,2,36000,1.00184501845
545821,545827,549162,6,3335,2,36000,1.00179910045
545855,545861,549018,6,3157,2,36000,1.00190053849
545856,545867,549900,11,4033,2,36000,1.00272749814
545874,545880,549376,6,3496,2,36000,1.00171624714
546026,546032,549163,6,3131,2,36000,1.00191632066
546041,546047,549499,6,3452,2,36000,1.00173812283
546042,546053,549339,11,3286,2,36000,1.003347535
546044,546058,549639,14,3581,2,36000,1.00390952248
546132,546138,549635,6,3497,2,36000,1.00171575636
546133,546144,549124,11,2980,2,36000,1.00369127517
546149,546155,549308,6,3153,2,36000,1.00190294957
546150,546161,549665,11,3504,2,36000,1.00313926941
546165,546171,549830,6,3659,2,36000,1.00163979229
546210,546216,549885,6,3669,2,36000,1.00163532298
546280,546286,549647,6,3361,2,36000,1.00178518298
546313,546319,549742,6,3423,2,36000,1.00175284838
546328,546334,549762,6,3428,2,36000,1.00175029172
546330,546340,549670,10,3330,2,36000,1.003003003
546331,546345,550159,14,3814,2,36000,1.00367068694
546461,546468,549876,7,3408,2,36000,1.00205399061
546507,546513,549847,6,3334,2,36000,1.00179964007
546695,546701,550357,6,3656,2,36000,1.00164113786
546785,546791,550532,6,3741,2,36000,1.00160384924
546806,546812,550294,6,3482,2,36000,1.00172314762
546848,546855,550227,7,3372,2,36000,1.00207591934
546863,546869,550406,6,3537,2,36000,1.00169635284
546912,546918,550259,6,3341,2,36000,1.0017958695
546927,546933,550883,6,3950,2,36000,1.00151898734
546984,546990,550334,6,3344,2,36000,1.00179425837
547045,547051,550683,6,3632,2,36000,1.00165198238
547129,547136,550363,7,3227,2,36000,1.0021691974
547144,547150,551024,6,3874,2,36000,1.00154878678
547211,547217,550888,6,3671,2,36000,1.00163443203
547368,547374,550891,6,3517,2,36000,1.00170599943
547383,547389,550811,6,3422,2,36000,1.00175336061
547398,547404,550877,6,3473,2,36000,1.00172761301
547429,547435,550761,6,3326,2,36000,1.00180396873
547519,547526,550943,7,3417,2,36000,1.00204858063
547534,547541,551199,7,3658,2,36000,1.001913614
547607,547613,551313,6,3700,2,36000,1.00162162162
547707,547713,551442,6,3729,2,36000,1.00160901046
547785,547792,551244,7,3452,2,36000,1.00202780997
547840,547846,551431,6,3585,2,36000,1.00167364017
547952,547958,551455,6,3497,2,36000,1.00171575636
547973,547979,551482,6,3503,2,36000,1.00171281758
548021,548027,551342,6,3315,2,36000,1.00180995475
548042,548048,551479,6,3431,2,36000,1.00174876129
548082,548088,551718,6,3630,2,36000,1.00165289256
548083,548094,551589,11,3495,2,36000,1.00314735336
548085,548100,551439,15,3339,2,36000,1.00449236298
548197,548203,551410,6,3207,2,36000,1.00187090739
548212,548218,551547,6,3329,2,36000,1.00180234305
548227,548233,551558,6,3325,2,36000,1.00180451128
548248,548255,551763,7,3508,2,36000,1.001995439
548263,548269,551838,6,3569,2,36000,1.00168114318
548342,548348,551865,6,3517,2,36000,1.00170599943
548414,548421,552094,7,3673,2,36000,1.00190579907
548508,548514,552210,6,3696,2,36000,1.00162337662
548536,548542,551962,6,3420,2,36000,1.00175438596
548572,548578,552248,6,3670,2,36000,1.00163487738
548664,548670,552384,6,3714,2,36000,1.00161550889
548682,548689,552272,7,3583,2,36000,1.00195367011
548774,548780,552801,6,4021,2,36000,1.00149216613
548928,550957,551112,2029,155,16,356400,14.0903225806
548943,548949,552322,6,3373,2,36000,1.0017788319
548976,548982,552124,6,3142,2,36000,1.00190961171
548994,549000,552625,6,3625,2,36000,1.00165517241
549018,549024,552688,6,3664,2,36000,1.00163755459
549125,549131,552681,6,3550,2,36000,1.00169014085
549164,549170,552571,6,3401,2,36000,1.001764187
549165,549176,552612,11,3436,2,36000,1.00320139697
549199,549205,552637,6,3432,2,36000,1.00174825175
549238,549244,552656,6,3412,2,36000,1.00175849941
549283,549290,552458,7,3168,2,36000,1.00220959596
549298,549304,553179,6,3875,2,36000,1.0015483871
549313,549319,553191,6,3872,2,36000,1.00154958678
549340,549347,552526,7,3179,2,36000,1.0022019503
549377,549383,552910,6,3527,2,36000,1.00170116246
549501,549507,553269,6,3762,2,36000,1.00159489633
549638,549644,553369,6,3725,2,36000,1.00161073826
549639,549650,552881,11,3231,2,36000,1.00340451872
549654,549660,553154,6,3494,2,36000,1.00171722954
549669,549675,553338,6,3663,2,36000,1.00163800164
549684,549690,553676,6,3986,2,36000,1.00150526844
549745,549751,553073,6,3322,2,36000,1.00180614088
549763,549769,552993,6,3224,2,36000,1.00186104218
549832,549839,553573,7,3734,2,36000,1.00187466524
549850,549856,553525,6,3669,2,36000,1.00163532298
549877,549883,553329,6,3446,2,36000,1.00174114916
549892,549901,553332,9,3431,2,36000,1.00262314194
549907,549913,553841,6,3928,2,36000,1.00152749491
550161,550167,553320,6,3153,2,36000,1.00190294957
550228,550233,553763,5,3530,2,36000,1.00141643059
550261,550267,554044,6,3777,2,36000,1.00158856235
550297,550303,553729,6,3426,2,36000,1.00175131349
550337,550343,553737,6,3394,2,36000,1.00176782557
550358,550364,553666,6,3302,2,36000,1.00181708056
550373,550379,553623,6,3244,2,36000,1.00184956843
550406,550412,553705,6,3293,2,36000,1.00182204677
550534,550539,554243,5,3704,2,36000,1.00134989201
550685,550691,557023,6,6332,2,36000,1.00094756791
550764,550770,554264,6,3494,2,36000,1.00171722954
550812,550818,554345,6,3527,2,36000,1.00170116246
550878,550884,554211,6,3327,2,36000,1.00180342651
550894,550900,554526,6,3626,2,36000,1.00165471594
550895,550906,554472,11,3566,2,36000,1.00308468873
550897,550911,554375,14,3464,2,36000,1.00404157044
550945,550951,554591,6,3640,2,36000,1.00164835165
551027,551035,554412,8,3377,2,36000,1.00236896654
551202,551208,554648,6,3440,2,36000,1.00174418605
551248,551254,554748,6,3494,2,36000,1.00171722954
551314,551320,554877,6,3557,2,36000,1.00168681473
551344,551350,554645,6,3295,2,36000,1.00182094082
551411,551416,554464,5,3048,2,36000,1.00164041995
551432,551438,554963,6,3525,2,36000,1.00170212766
551447,551453,555034,6,3581,2,36000,1.00167550963
551449,551459,554801,10,3342,2,36000,1.00299222023
551463,551470,554964,7,3494,2,36000,1.00200343446
551482,551488,554566,6,3078,2,36000,1.00194931774
551497,551503,555141,6,3638,2,36000,1.00164925783
551549,551555,555251,6,3696,2,36000,1.00162337662
551564,551570,555125,6,3555,2,36000,1.00168776371
551591,551597,555154,6,3557,2,36000,1.00168681473
551718,551724,555108,6,3384,2,36000,1.00177304965
551766,551773,555260,7,3487,2,36000,1.00200745627
551839,551845,555415,6,3570,2,36000,1.00168067227
551866,551872,555241,6,3369,2,36000,1.0017809439
551963,551969,555446,6,3477,2,36000,1.00172562554
552096,552102,555466,6,3364,2,36000,1.00178359096
552127,552133,555859,6,3726,2,36000,1.00161030596
552211,552217,555914,6,3697,2,36000,1.00162293752
552251,552257,555494,6,3237,2,36000,1.00185356812
552275,552281,555767,6,3486,2,36000,1.0017211704
552323,552329,555668,6,3339,2,36000,1.00179694519
552387,552393,556524,6,4131,2,36000,1.00145243282
552459,552465,555971,6,3506,2,36000,1.00171135197
552526,552532,555999,6,3467,2,36000,1.00173060283
552572,552578,556070,6,3492,2,36000,1.00171821306
552614,552620,556137,6,3517,2,36000,1.00170599943
552629,552635,556078,6,3443,2,36000,1.00174266628
552644,552650,555922,6,3272,2,36000,1.00183374083
552659,552665,555888,6,3223,2,36000,1.00186161961
552683,552689,556404,6,3715,2,36000,1.00161507402
552698,552704,556115,6,3411,2,36000,1.00175901495
552802,552808,555885,6,3077,2,36000,1.00194995125
552884,552890,556231,6,3341,2,36000,1.0017958695
552911,552918,556595,7,3677,2,36000,1.00190372586
552993,552999,556708,6,3709,2,36000,1.00161768671
553075,553081,556819,6,3738,2,36000,1.00160513644
553157,553163,556847,6,3684,2,36000,1.0016286645
553181,553187,556455,6,3268,2,36000,1.00183598531
553196,553201,556637,5,3436,2,36000,1.00145518044
553271,553277,556658,6,3381,2,36000,1.00177462289
553323,553334,556650,11,3316,2,36000,1.0033172497
553338,553344,556778,6,3434,2,36000,1.00174723355
553339,553350,556876,11,3526,2,36000,1.00311968236
553341,553355,556620,14,3265,2,36000,1.00428790199
553371,553377,556914,6,3537,2,36000,1.00169635284
553402,554277,565918,875,11641,8,18000,1.0751653638
553525,553531,556956,6,3425,2,36000,1.00175182482
553573,553580,557067,7,3487,2,36000,1.00200745627
553584,554659,578480,1075,23821,8,28800,1.04512824818
553625,553631,556753,6,3122,2,36000,1.00192184497
553667,553673,557090,6,3417,2,36000,1.00175592625
553682,553688,557065,6,3377,2,36000,1.0017767249
553706,553712,557184,6,3472,2,36000,1.0017281106
553730,553736,557190,6,3454,2,36000,1.00173711639
553745,553751,557035,6,3284,2,36000,1.00182704019
553766,553772,557451,6,3679,2,36000,1.00163087796
553798,554977,586318,1179,31341,8,43200,1.03761845506
553845,553851,557320,6,3469,2,36000,1.00172960507
554045,554051,557167,6,3116,2,36000,1.00192554557
554214,554220,557783,6,3563,2,36000,1.00168397418
554244,554250,557615,6,3365,2,36000,1.00178306092
554265,554271,557778,6,3507,2,36000,1.00171086399
554338,555137,570598,799,15461,8,28800,1.05167841666
554347,554353,557713,6,3360,2,36000,1.00178571429
554377,554383,557896,6,3513,2,36000,1.00170794193
554414,554420,557904,6,3484,2,36000,1.00172215844
554465,554471,558015,6,3544,2,36000,1.00169300226
554480,554486,558167,6,3681,2,36000,1.00162999185
554528,554534,558170,6,3636,2,36000,1.00165016502
554558,555426,567948,868,12522,8,18000,1.06931800032
554567,554573,557831,6,3258,2,36000,1.00184162063
554594,554601,558304,7,3703,2,36000,1.00189035917
554646,554652,557828,6,3176,2,36000,1.00188916877
554661,554667,558196,6,3529,2,36000,1.00170019836
554713,565929,567031,11216,1102,1,151200,11.1778584392
554750,554756,558150,6,3394,2,36000,1.00176782557
554801,554807,558183,6,3376,2,36000,1.00177725118
554877,554883,558360,6,3477,2,36000,1.00172562554
554965,554971,558525,6,3554,2,36000,1.0016882386
554966,554982,558180,16,3198,2,36000,1.00500312695
555036,555042,558785,6,3743,2,36000,1.00160299225
555109,555115,558533,6,3418,2,36000,1.00175541252
555127,555252,558936,125,3684,2,36000,1.03393051031
555142,555271,558816,129,3545,2,36000,1.03638928068
555157,555458,558982,301,3524,2,36000,1.08541430193
555242,555778,559153,536,3375,2,36000,1.15881481481
555247,570609,589178,15362,18569,9,115200,1.82729279983
555257,555870,559295,613,3425,2,36000,1.17897810219
555272,555982,559426,710,3444,2,36000,1.20615563298
555393,556090,569023,697,12933,18,32400,1.05389314158
555418,556010,559166,592,3156,2,36000,1.1875792142
555449,556536,559815,1087,3279,2,36000,1.33150350717
555467,556632,560236,1165,3604,2,36000,1.32325194229
555497,556661,560100,1164,3439,2,36000,1.33847048561
555612,558948,573914,3336,14966,18,32400,1.2229052519
555670,556669,560268,999,3599,2,36000,1.27757710475
555770,556765,559955,995,3190,2,36000,1.31191222571
555862,556789,560276,927,3487,2,36000,1.26584456553
555886,556888,560590,1002,3702,2,36000,1.27066450567
555890,568891,573647,13001,4756,18,68400,3.73359966358
555901,556925,560205,1024,3280,2,36000,1.31219512195
555916,556968,560780,1052,3812,2,36000,1.2759706191
555931,557078,560347,1147,3269,2,36000,1.35087182625
555973,557178,560716,1205,3538,2,36000,1.34058790277
556000,557195,560836,1195,3641,2,36000,1.32820653667
556073,557201,560639,1128,3438,2,36000,1.32809773124
556088,557332,560415,1244,3083,2,36000,1.40350308141
556115,557462,561042,1347,3580,2,36000,1.37625698324
556140,557626,561035,1486,3409,2,36000,1.43590495747
556234,557725,561179,1491,3454,2,36000,1.43167342212
556243,556648,563870,405,7222,14,7200,1.05607864857
556396,569034,573062,12638,4028,18,68400,4.13753723932
556407,557790,561098,1383,3308,2,36000,1.41807738815
556455,557796,561259,1341,3463,2,36000,1.38723650014
556525,557839,561401,1314,3562,2,36000,1.36889387984
556598,557845,560879,1247,3034,2,36000,1.41100856955
556622,557907,561352,1285,3445,2,36000,1.37300435414
556640,557915,561227,1275,3312,2,36000,1.38496376812
556655,558026,561689,1371,3663,2,36000,1.37428337428
556670,558161,561608,1491,3447,2,36000,1.43255004352
556709,558178,561704,1469,3526,2,36000,1.41661939875
556755,558184,561521,1429,3337,2,36000,1.42822894816
556779,558191,561671,1412,3480,2,36000,1.40574712644
556821,558197,561590,1376,3393,2,36000,1.40554081933
556849,558207,561596,1358,3389,2,36000,1.4007081735
556879,558315,561819,1436,3504,2,36000,1.4098173516
556916,558371,561638,1455,3267,2,36000,1.44536271809
556958,558544,561939,1586,3395,2,36000,1.46715758468
557024,558796,562341,1772,3545,2,36000,1.49985895628
557039,558828,562036,1789,3208,2,36000,1.55766832918
557067,558993,562285,1926,3292,2,36000,1.58505467801
557068,559164,562872,2096,3708,2,36000,1.56526429342
557092,559177,562275,2085,3098,2,36000,1.67301484829
557169,559306,562885,2137,3579,2,36000,1.59709416038
557187,559437,563256,2250,3819,2,36000,1.58915946583
557202,559826,563561,2624,3735,2,36000,1.70254350736
557323,559966,563641,2643,3675,2,36000,1.71918367347
557454,560112,563456,2658,3344,2,36000,1.79485645933
557618,560216,563469,2598,3253,2,36000,1.7986474024
557715,560248,563570,2533,3322,2,36000,1.76249247441
557782,560280,563840,2498,3560,2,36000,1.70168539326
557796,560287,563607,2491,3320,2,36000,1.75030120482
557830,560358,563710,2528,3352,2,36000,1.75417661098
557845,560427,564047,2582,3620,2,36000,1.71325966851
557897,560601,564258,2704,3657,2,36000,1.73940388296
557912,560650,564192,2738,3542,2,36000,1.7730095991
558018,560727,564189,2709,3462,2,36000,1.78249566724
558151,560791,564178,2640,3387,2,36000,1.77945084145
558169,560847,564460,2678,3613,2,36000,1.74121228896
558185,560891,564545,2706,3654,2,36000,1.74055829228
558186,561047,564700,2861,3653,2,36000,1.78319189707
558188,561053,564465,2865,3412,2,36000,1.83968347011
558203,561109,565023,2906,3914,2,36000,1.7424629535
558307,561190,564589,2883,3399,2,36000,1.84819064431
558362,561238,564542,2876,3304,2,36000,1.87046004843
558526,561271,564652,2745,3381,2,36000,1.81188997338
558541,561364,565013,2823,3649,2,36000,1.77363661277
558786,561412,564873,2626,3461,2,36000,1.75874024848
558820,561532,564316,2712,2784,2,36000,1.97413793103
558939,561601,564611,2662,3010,2,36000,1.88438538206
558985,561607,565255,2622,3648,2,36000,1.71875
559154,561620,565110,2466,3490,2,36000,1.70659025788
559169,561649,565092,2480,3443,2,36000,1.72030206216
559296,561682,564631,2386,2949,2,36000,1.80908782638
559427,561701,565151,2274,3450,2,36000,1.65913043478
559816,561715,564972,1899,3257,2,36000,1.58305188824
559955,561830,565375,1875,3545,2,36000,1.52891396333
560104,561950,565448,1846,3498,2,36000,1.5277301315
560206,562048,565659,1842,3611,2,36000,1.51010800332
560240,562287,566205,2047,3918,2,36000,1.522460439
560270,562296,566239,2026,3943,2,36000,1.51382196297
560285,562352,565891,2067,3539,2,36000,1.58406329472
560348,562883,566225,2535,3342,2,36000,1.75852782765
560418,562896,566327,2478,3431,2,36000,1.72223841446
560592,563267,566937,2675,3670,2,36000,1.72888283379
560641,563468,567197,2827,3729,2,36000,1.7581120944
560717,563480,567016,2763,3536,2,36000,1.78139140271
560780,563572,566971,2792,3399,2,36000,1.82141806414
560838,563581,567298,2743,3717,2,36000,1.73796072101
560880,563619,566480,2739,2861,2,36000,1.95735756728
561038,563653,566823,2615,3170,2,36000,1.82492113565
561052,563721,567067,2669,3346,2,36000,1.79766885834
561099,563851,567073,2752,3222,2,36000,1.85412787089
561181,564058,567647,2877,3589,2,36000,1.80161604904
561230,564190,567552,2960,3362,2,36000,1.88042831648
561261,564200,567516,2939,3316,2,36000,1.88630880579
561353,564206,567868,2853,3662,2,36000,1.7790824686
561404,564269,567658,2865,3389,2,36000,1.84538211862
561522,564327,567816,2805,3489,2,36000,1.80395528805
561593,564471,567915,2878,3444,2,36000,1.8356562137
561608,564477,568012,2869,3535,2,36000,1.81159830269
561610,564553,568033,2943,3480,2,36000,1.84568965517
561640,564559,568896,2919,4337,2,36000,1.67304588425
561673,564601,567944,2928,3343,2,36000,1.87586000598
561691,564622,567991,2931,3369,2,36000,1.86999109528
561706,564642,568022,2936,3380,2,36000,1.86863905325
561821,564664,567932,2843,3268,2,36000,1.86995104039
561940,564711,568238,2771,3527,2,36000,1.78565352991
562037,564885,568527,2848,3642,2,36000,1.78198791873
562277,564984,568205,2707,3221,2,36000,1.84042222912
562292,565024,568569,2732,3545,2,36000,1.7706629055
562344,565034,568356,2690,3322,2,36000,1.80975316075
562875,565103,568600,2228,3497,2,36000,1.63711752931
562890,565121,568507,2231,3386,2,36000,1.65888954519
563259,565162,568376,1903,3214,2,36000,1.5920970753
563460,565266,568489,1806,3223,2,36000,1.56034750233
563475,565386,568808,1911,3422,2,36000,1.55844535359
563565,565459,569075,1894,3616,2,36000,1.52378318584
563580,565670,568695,2090,3025,2,36000,1.69090909091
563610,565902,569282,2292,3380,2,36000,1.67810650888
563643,566217,569503,2574,3286,2,36000,1.78332318929
563713,566236,569331,2523,3095,2,36000,1.81518578352
563837,566251,569526,2414,3275,2,36000,1.73709923664
564050,566338,569962,2288,3624,2,36000,1.63134657837
564180,566492,569916,2312,3424,2,36000,1.67523364486
564195,566834,570225,2639,3391,2,36000,1.7782365084
564196,566948,570584,2752,3636,2,36000,1.75687568757
564260,566983,570226,2723,3243,2,36000,1.83965464076
564318,567028,570712,2710,3684,2,36000,1.73561346363
564463,567042,570366,2579,3324,2,36000,1.77587244284
564478,567079,570620,2601,3541,2,36000,1.73453826603
564545,567085,570799,2540,3714,2,36000,1.68389876144
564547,567208,570615,2661,3407,2,36000,1.78103903728
564592,567309,570842,2717,3533,2,36000,1.76903481461
564613,567527,570528,2914,3001,2,36000,1.97100966345
564619,564628,570937,9,6309,14,7200,1.00142653352
564631,567564,571001,2933,3437,2,36000,1.8533604888
564655,567658,571438,3003,3780,2,36000,1.79444444444
564701,567669,571408,2968,3739,2,36000,1.79379513239
564874,567827,571842,2953,4015,2,36000,1.73549190535
564974,567879,571384,2905,3505,2,36000,1.82881597718
565013,567926,571559,2913,3633,2,36000,1.80181668043
565028,567943,571440,2915,3497,2,36000,1.83357163283
565095,567955,571267,2860,3312,2,36000,1.86352657005
565113,568003,571363,2890,3360,2,36000,1.86011904762
565152,568023,571400,2871,3377,2,36000,1.85016286645
565256,568034,571482,2778,3448,2,36000,1.80568445476
565377,568044,571579,2667,3535,2,36000,1.75445544554
565450,568217,571869,2767,3652,2,36000,1.75766703176
565662,568250,571785,2588,3535,2,36000,1.73210749646
565892,568367,571748,2475,3381,2,36000,1.73203194321
565972,573077,619184,7105,46107,18,172800,1.15409807621
566207,568387,571818,2180,3431,2,36000,1.63538327018
566226,568500,572205,2274,3705,2,36000,1.61376518219
566241,568518,571723,2277,3205,2,36000,1.7104524181
566329,568538,571957,2209,3419,2,36000,1.64609534952
566481,568581,572464,2100,3883,2,36000,1.54081895442
566824,568611,572307,1787,3696,2,36000,1.483495671
566939,568707,572088,1768,3381,2,36000,1.52292221236
566975,568820,571893,1845,3073,2,36000,1.60039049788
567017,568907,572355,1890,3448,2,36000,1.54814385151
567069,569086,572605,2017,3519,2,36000,1.57317419722
567083,569293,572638,2210,3345,2,36000,1.66068759342
567199,569342,572586,2143,3244,2,36000,1.66060419236
567299,569515,573102,2216,3587,2,36000,1.61778645107
567517,569538,572779,2021,3241,2,36000,1.62357297131
567553,569927,573494,2374,3567,2,36000,1.66554527614
567652,569973,573401,2321,3428,2,36000,1.67707117853
567667,570236,573756,2569,3520,2,36000,1.72982954545
567818,570242,574051,2424,3809,2,36000,1.63638750328
567870,570378,573863,2508,3485,2,36000,1.71965566714
567918,570539,573853,2621,3314,2,36000,1.79088714544
567933,570595,573879,2662,3284,2,36000,1.81059683313
567948,570626,574250,2678,3624,2,36000,1.73896247241
567993,570632,574081,2639,3449,2,36000,1.76514931864
568014,570723,574387,2709,3664,2,36000,1.7393558952
568029,570810,574156,2781,3346,2,36000,1.83114166169
568044,570853,574522,2809,3669,2,36000,1.76560370673
568208,570949,574639,2741,3690,2,36000,1.74281842818
568241,570954,574508,2713,3554,2,36000,1.76336522228
568359,571012,574825,2653,3813,2,36000,1.69577760294
568377,571279,574561,2902,3282,2,36000,1.88421694089
568491,571375,574737,2884,3362,2,36000,1.85782272457
568509,571395,574939,2886,3544,2,36000,1.81433408578
568530,571412,574814,2882,3402,2,36000,1.84714873604
568570,571419,575200,2849,3781,2,36000,1.75350436392
568603,571450,574801,2847,3351,2,36000,1.84959713518
568697,571456,574704,2759,3248,2,36000,1.84944581281
568812,571494,574599,2682,3105,2,36000,1.86376811594
568896,571570,574864,2674,3294,2,36000,1.81177899211
569075,571590,574737,2515,3147,2,36000,1.79917381633
569184,573082,574951,3898,1869,4,18000,3.08560727662
569193,573087,575001,3894,1914,4,18000,3.03448275862
569271,573658,577476,4387,3818,4,28800,2.14903090623
569284,571734,575201,2450,3467,2,36000,1.70666282088
569314,573663,577256,4349,3593,4,28800,2.21040912886
569333,571759,575134,2426,3375,2,36000,1.71881481481
569439,573668,577788,4229,4120,4,43200,2.02645631068
569506,571796,575394,2290,3598,2,36000,1.63646470261
569527,571829,575161,2302,3332,2,36000,1.69087635054
569918,571854,575462,1936,3608,2,36000,1.53658536585
569963,571880,575541,1917,3661,2,36000,1.5236274242
570227,571904,575532,1677,3628,2,36000,1.46223814774
570228,571969,575490,1741,3521,2,36000,1.49446180062
570368,572099,575592,1731,3493,2,36000,1.49556255368
570528,572216,575514,1688,3298,2,36000,1.5118253487
570586,572318,576360,1732,4042,2,36000,1.42850074221
570616,572366,576105,1750,3739,2,36000,1.46803958278
570631,572475,575737,1844,3262,2,36000,1.56529736358
570712,572598,576190,1886,3592,2,36000,1.52505567929
570800,572617,576023,1817,3406,2,36000,1.53347034645
570843,572650,576285,1807,3635,2,36000,1.49711141678
573505,573511,577156,6,3645,2,36000,1.00164609053
573757,573763,576817,6,3054,2,36000,1.00196463654
573853,573859,577129,6,3270,2,36000,1.00183486239
573868,573874,577328,6,3454,2,36000,1.00173711639
573884,573889,577492,5,3603,2,36000,1.00138773245
574053,574059,577251,6,3192,2,36000,1.00187969925
574083,574089,577795,6,3706,2,36000,1.00161899622
574160,574166,577679,6,3513,2,36000,1.00170794193
574162,574172,577378,10,3206,2,36000,1.00311915159
574163,574177,577742,14,3565,2,36000,1.00392706872
574164,574182,577805,18,3623,2,36000,1.00496825835
574165,574187,577692,22,3505,2,36000,1.0062767475
574167,574194,577347,27,3153,2,36000,1.00856327307
574168,574199,577835,31,3636,2,36000,1.00852585259
574169,574204,577342,35,3138,2,36000,1.01115360102
574171,574210,578063,39,3853,2,36000,1.01012198287
574172,574215,577892,43,3677,2,36000,1.01169431602
574173,574220,577781,47,3561,2,36000,1.01319853974
574174,574225,577644,51,3419,2,36000,1.01491664229
574176,574230,577936,54,3706,2,36000,1.014570966
574177,574235,577196,58,2961,2,36000,1.01958797703
574178,574241,577766,63,3525,2,36000,1.01787234043
574180,574246,577834,66,3588,2,36000,1.01839464883
574253,574259,577564,6,3305,2,36000,1.00181543116
574389,574396,578076,7,3680,2,36000,1.00190217391
574510,574516,577967,6,3451,2,36000,1.00173862649
574525,574532,577753,7,3221,2,36000,1.00217323812
574565,574571,577912,6,3341,2,36000,1.0017958695
574601,574607,578150,6,3543,2,36000,1.0016934801
574640,574646,577941,6,3295,2,36000,1.00182094082
574706,574712,578177,6,3465,2,36000,1.00173160173
574740,574746,578336,6,3590,2,36000,1.00167130919
574741,574752,578385,11,3633,2,36000,1.00302780072
574802,574808,578302,6,3494,2,36000,1.00171722954
574817,574823,578679,6,3856,2,36000,1.0015560166
574832,574838,578330,6,3492,2,36000,1.00171821306
574865,574871,578794,6,3923,2,36000,1.00152944175
574941,574947,578395,6,3448,2,36000,1.00174013921
575135,575141,578755,6,3614,2,36000,1.00166021029
575162,575168,578492,6,3324,2,36000,1.00180505415
575202,575208,578853,6,3645,2,36000,1.00164609053
575203,575214,578871,11,3657,2,36000,1.00300793
575397,575403,579102,6,3699,2,36000,1.00162206002
575464,575469,578923,5,3454,2,36000,1.00144759699
575491,575497,578804,6,3307,2,36000,1.00181433323
575515,575521,579248,6,3727,2,36000,1.00160987389
575533,575539,579238,6,3699,2,36000,1.00162206002
575548,575554,579091,6,3537,2,36000,1.00169635284
575593,575599,579068,6,3469,2,36000,1.00172960507
575738,575744,579328,6,3584,2,36000,1.00167410714
576026,576032,579359,6,3327,2,36000,1.00180342651
576108,576114,579525,6,3411,2,36000,1.00175901495
576192,576199,579399,7,3200,2,36000,1.0021875
576287,576293,579560,6,3267,2,36000,1.00183654729
576362,576368,579980,6,3612,2,36000,1.00166112957
576818,576824,580439,6,3615,2,36000,1.00165975104
577130,577136,580383,6,3247,2,36000,1.00184785956
577157,577163,580749,6,3586,2,36000,1.00167317345
577196,577203,580462,7,3259,2,36000,1.00214789813
577254,577260,580704,6,3444,2,36000,1.00174216028
577329,577336,581315,7,3979,2,36000,1.00175923599
577332,577806,583308,474,5502,16,356400,1.08615049073
577344,577350,580905,6,3555,2,36000,1.00168776371
577359,577365,580669,6,3304,2,36000,1.00181598063
577380,577386,580934,6,3548,2,36000,1.00169109357
577492,577498,581131,6,3633,2,36000,1.00165152766
577565,577571,580974,6,3403,2,36000,1.00176315016
577647,577654,581284,7,3630,2,36000,1.00192837466
577681,577687,581371,6,3684,2,36000,1.0016286645
577696,577702,581138,6,3436,2,36000,1.00174621653
577744,577750,581306,6,3556,2,36000,1.00168728909
577759,577765,580809,6,3044,2,36000,1.00197109067
577774,577780,581394,6,3614,2,36000,1.00166021029
577789,577795,581516,6,3721,2,36000,1.00161246977
577804,577812,581268,8,3456,2,36000,1.00231481481
577819,577825,581385,6,3560,2,36000,1.00168539326
577834,577841,581253,7,3412,2,36000,1.00205158265
577849,577855,581103,6,3248,2,36000,1.00184729064
577894,577901,581559,7,3658,2,36000,1.001913614
577915,577922,581329,7,3407,2,36000,1.00205459348
577936,577943,581846,7,3903,2,36000,1.00179349219
577951,577957,582293,6,4336,2,36000,1.00138376384
577969,577975,581648,6,3673,2,36000,1.00163354206
578064,578070,580983,6,2913,2,36000,1.00205973223
578079,578085,581469,6,3384,2,36000,1.00177304965
578151,578158,581528,7,3370,2,36000,1.00207715134
578179,578185,581963,6,3778,2,36000,1.00158814187
578305,578311,581903,6,3592,2,36000,1.00167037862
578332,578338,581968,6,3630,2,36000,1.00165289256
578347,578353,581753,6,3400,2,36000,1.00176470588
578386,578392,581991,6,3599,2,36000,1.00166712976
578401,578407,581821,6,3414,2,36000,1.00175746924
578495,578501,582157,6,3656,2,36000,1.00164113786
578679,578685,582206,6,3521,2,36000,1.00170406135
578758,578764,582208,6,3444,2,36000,1.00174216028
578794,578800,582389,6,3589,2,36000,1.00167177487
578809,578815,582265,6,3450,2,36000,1.00173913043
578855,578861,582384,6,3523,2,36000,1.00170309395
578873,578879,582790,6,3911,2,36000,1.00153413449
578924,578930,582487,6,3557,2,36000,1.00168681473
579069,579075,582479,6,3404,2,36000,1.0017626322
579093,579099,582674,6,3575,2,36000,1.00167832168
579108,579114,582604,6,3490,2,36000,1.00171919771
579241,579247,582660,6,3413,2,36000,1.00175798418
579256,579262,582883,6,3621,2,36000,1.00165700083
579331,579338,582773,7,3435,2,36000,1.00203784571
579362,579368,582691,6,3323,2,36000,1.00180559735
579401,579407,582756,6,3349,2,36000,1.00179157958
579528,579534,582858,6,3324,2,36000,1.00180505415
579561,579567,583018,6,3451,2,36000,1.00173862649
579982,579988,583398,6,3410,2,36000,1.00175953079
580384,580390,583941,6,3551,2,36000,1.00168966488
580441,580447,584074,6,3627,2,36000,1.00165425972
580465,580471,583994,6,3523,2,36000,1.00170309395
580671,580677,584222,6,3545,2,36000,1.00169252468
580704,580710,584341,6,3631,2,36000,1.00165243735
580749,580755,584192,6,3437,2,36000,1.00174570847
580810,580816,583926,6,3110,2,36000,1.00192926045
580908,580914,584375,6,3461,2,36000,1.001733603
580935,580941,584524,6,3583,2,36000,1.00167457438
580977,580983,584224,6,3241,2,36000,1.00185128047
580992,580998,584842,6,3844,2,36000,1.00156087409
581104,581110,584867,6,3757,2,36000,1.0015970189
581134,581140,584405,6,3265,2,36000,1.00183767228
581143,582271,594834,1128,12563,9,18000,1.08978747115
581149,581155,584557,6,3402,2,36000,1.00176366843
581255,581261,584708,6,3447,2,36000,1.00174064404
581270,581276,584903,6,3627,2,36000,1.00165425972
581285,581291,584829,6,3538,2,36000,1.00169587337
581309,581315,584893,6,3578,2,36000,1.00167691448
581324,581330,584534,6,3204,2,36000,1.00187265918
581339,581345,585097,6,3752,2,36000,1.00159914712
581372,581378,584919,6,3541,2,36000,1.0016944366
581388,581394,584837,6,3443,2,36000,1.00174266628
581403,581409,585050,6,3641,2,36000,1.00164789893
581472,581478,584845,6,3367,2,36000,1.00178200178
581517,581524,584834,7,3310,2,36000,1.00211480363
581532,581538,585020,6,3482,2,36000,1.00172314762
581560,581566,585072,6,3506,2,36000,1.00171135197
581650,581656,584971,6,3315,2,36000,1.00180995475
581756,581762,585354,6,3592,2,36000,1.00167037862
581823,581829,585361,6,3532,2,36000,1.00169875425
581847,581853,585311,6,3458,2,36000,1.001735107
581905,581911,585573,6,3662,2,36000,1.00163844894
581966,581972,585589,6,3617,2,36000,1.00165883329
581982,581989,585582,7,3593,2,36000,1.00194823267
581997,582003,585348,6,3345,2,36000,1.00179372197
582158,582164,585661,6,3497,2,36000,1.00171575636
582207,582213,585772,6,3559,2,36000,1.00168586682
582222,582228,585966,6,3738,2,36000,1.00160513644
582267,582277,585651,10,3374,2,36000,1.00296384114
582295,582301,585547,6,3246,2,36000,1.00184842884
582386,582392,585763,6,3371,2,36000,1.00177988727
582401,582407,585572,6,3165,2,36000,1.0018957346
582479,582486,585931,7,3445,2,36000,1.00203193033
582494,582500,585878,6,3378,2,36000,1.00177619893
582606,582612,586210,6,3598,2,36000,1.00166759311
582660,582666,586000,6,3334,2,36000,1.00179964007
582675,582681,586138,6,3457,2,36000,1.00173560891
582693,582699,586467,6,3768,2,36000,1.00159235669
582757,582763,586178,6,3415,2,36000,1.00175695461
582775,583320,589994,545,6674,12,43200,1.08166017381
582775,582781,586118,6,3337,2,36000,1.00179802218
582793,582799,586312,6,3513,2,36000,1.00170794193
582859,582865,586538,6,3673,2,36000,1.00163354206
582884,582890,586367,6,3477,2,36000,1.00172562554
583020,583026,586382,6,3356,2,36000,1.00178784267
583399,583405,587014,6,3609,2,36000,1.00166251039
583929,583935,587495,6,3560,2,36000,1.00168539326
583944,583950,587378,6,3428,2,36000,1.00175029172
583996,584002,587443,6,3441,2,36000,1.00174367916
584074,584080,587684,6,3604,2,36000,1.00166481687
584193,584199,587585,6,3386,2,36000,1.00177200236
584223,584229,587821,6,3592,2,36000,1.00167037862
584238,584244,587847,6,3603,2,36000,1.00166527893
584343,584350,588259,7,3909,2,36000,1.00179073932
584377,584383,588207,6,3824,2,36000,1.00156903766
584407,584413,587729,6,3316,2,36000,1.00180940893
584525,584531,588574,6,4043,2,36000,1.0014840465
584540,584546,588250,6,3704,2,36000,1.00161987041
584558,584564,588239,6,3675,2,36000,1.00163265306
584710,584716,588394,6,3678,2,36000,1.00163132137
584832,584839,588220,7,3381,2,36000,1.00207039337
584848,584855,588357,7,3502,2,36000,1.0019988578
584850,584860,588570,10,3710,2,36000,1.00269541779
584851,584866,588428,15,3562,2,36000,1.00421111735
584852,584871,588508,19,3637,2,36000,1.00522408578
584867,584877,588444,10,3567,2,36000,1.00280347631
584895,584901,588558,6,3657,2,36000,1.00164068909
584910,584916,588444,6,3528,2,36000,1.00170068027
584925,584931,588541,6,3610,2,36000,1.00166204986
584973,584979,588610,6,3631,2,36000,1.00165243735
585022,585028,588356,6,3328,2,36000,1.00180288462
585052,585059,588364,7,3305,2,36000,1.00211800303
585073,585080,588262,7,3182,2,36000,1.00219987429
585101,585107,588732,6,3625,2,36000,1.00165517241
585313,585319,589016,6,3697,2,36000,1.00162293752
585349,585356,588854,7,3498,2,36000,1.00200114351
585364,585371,588600,7,3229,2,36000,1.00216785382
585366,585377,588605,11,3228,2,36000,1.00340768278
585548,585554,589066,6,3512,2,36000,1.00170842825
585575,585581,589091,6,3510,2,36000,1.00170940171
585577,585587,589186,10,3599,2,36000,1.0027785496
585592,585598,589145,6,3547,2,36000,1.00169157034
585593,585604,589241,11,3637,2,36000,1.00302447072
585654,585660,589132,6,3472,2,36000,1.0017281106
585669,585675,589538,6,3863,2,36000,1.001553197
585766,585772,589290,6,3518,2,36000,1.0017055145
585781,585787,589452,6,3665,2,36000,1.00163710778
585881,585887,589585,6,3698,2,36000,1.00162249865
585932,585938,589400,6,3462,2,36000,1.00173310225
585969,585975,589622,6,3647,2,36000,1.00164518783
586003,586009,590267,6,4258,2,36000,1.00140911226
586121,586127,589700,6,3573,2,36000,1.00167926113
586139,586145,589890,6,3745,2,36000,1.00160213618
586181,586187,589483,6,3296,2,36000,1.00182038835
586211,586217,589789,6,3572,2,36000,1.00167973124
586314,586320,590039,6,3719,2,36000,1.00161333692
586368,586374,589515,6,3141,2,36000,1.00191021968
586383,586389,590238,6,3849,2,36000,1.00155884645
586468,586474,589841,6,3367,2,36000,1.00178200178
586540,586546,589845,6,3299,2,36000,1.00181873295
587016,587022,590438,6,3416,2,36000,1.00175644028
587381,587387,591166,6,3779,2,36000,1.00158772162
587445,587451,590872,6,3421,2,36000,1.00175387314
587497,587503,591331,6,3828,2,36000,1.00156739812
587518,589189,593878,1671,4689,12,43200,1.35636596289
587588,587595,591863,7,4268,2,36000,1.00164011246
587685,587691,591025,6,3334,2,36000,1.00179964007
587730,587737,591361,7,3624,2,36000,1.00193156733
587824,587830,591547,6,3717,2,36000,1.001614205
587848,587854,591189,6,3335,2,36000,1.00179910045
588208,588214,591701,6,3487,2,36000,1.0017206768
588216,588222,588223,6,1,2,3540,1.0
588223,588229,591832,6,3603,2,36000,1.00166527893
588241,588248,591713,7,3465,2,36000,1.00202020202
588257,588263,591827,6,3564,2,36000,1.00168350168
588272,588278,591667,6,3389,2,36000,1.00177043376
588273,588284,591659,11,3375,2,36000,1.00325925926
588359,588365,591945,6,3580,2,36000,1.00167597765
588360,588371,591860,11,3489,2,36000,1.00315276584
588375,588381,591598,6,3217,2,36000,1.0018650917
588396,588402,591885,6,3483,2,36000,1.00172265289
588430,588436,591813,6,3377,2,36000,1.0017767249
588445,588452,591203,7,2751,2,36000,1.00254452926
588447,588458,591948,11,3490,2,36000,1.00315186246
588511,588517,592134,6,3617,2,36000,1.00165883329
588541,588547,591400,6,2853,2,36000,1.00210304942
588559,588565,592082,6,3517,2,36000,1.00170599943
588574,588580,592085,6,3505,2,36000,1.00171184023
588576,588586,591968,10,3382,2,36000,1.00295683028
588600,588607,592037,7,3430,2,36000,1.00204081633
588616,588622,592064,6,3442,2,36000,1.00174317257
588617,588628,592188,11,3560,2,36000,1.00308988764
588733,588739,592419,6,3680,2,36000,1.00163043478
588854,588860,592704,6,3844,2,36000,1.00156087409
589018,589024,592417,6,3393,2,36000,1.0017683466
589066,589072,592641,6,3569,2,36000,1.00168114318
589093,589100,592489,7,3389,2,36000,1.00206550605
589133,589139,592652,6,3513,2,36000,1.00170794193
589148,589154,592773,6,3619,2,36000,1.00165791655
589187,589195,592233,8,3038,2,36000,1.00263331139
589242,589248,592703,6,3455,2,36000,1.0017366136
589244,589254,589256,10,2,4,18000,1.2
589291,589297,592614,6,3317,2,36000,1.00180886343
589403,589409,592925,6,3516,2,36000,1.00170648464
589454,589461,592845,7,3384,2,36000,1.00206855792
589485,589491,592810,6,3319,2,36000,1.00180777343
589518,589524,592829,6,3305,2,36000,1.00181543116
589539,589545,593354,6,3809,2,36000,1.00157521659
589588,589594,593047,6,3453,2,36000,1.00173761946
589624,589630,593325,6,3695,2,36000,1.00162381597
589652,589658,589713,6,55,4,18000,1.10909090909
589697,589703,593180,6,3477,2,36000,1.00172562554
589791,589797,593483,6,3686,2,36000,1.00162778079
589805,589812,589881,7,69,4,18000,1.10144927536
589842,589849,593127,7,3278,2,36000,1.00213544844
589857,589863,593293,6,3430,2,36000,1.00174927114
589890,589897,593305,7,3408,2,36000,1.00205399061
590042,590048,593677,6,3629,2,36000,1.00165334803
590053,590059,590315,6,256,4,18000,1.0234375
590054,590075,590320,21,245,4,18000,1.08571428571
590054,590070,590319,16,249,4,18000,1.06425702811
590054,590064,590317,10,253,4,18000,1.0395256917
590055,590265,590266,210,1,4,18000,21.1
590055,590251,590253,196,2,4,18000,19.8
590055,590281,590282,226,1,4,18000,22.7
590056,590293,590294,237,1,4,18000,23.8
590056,590305,590306,249,1,4,18000,25.0
590057,590318,590319,261,1,4,18000,26.2
590057,590332,590333,275,1,4,18000,27.6
590057,590326,590327,269,1,4,18000,27.0
590058,590348,590349,290,1,4,18000,29.1
590058,590343,590344,285,1,4,18000,28.6
590058,590337,590339,279,2,4,18000,28.1
590059,590354,590355,295,1,4,18000,29.6
590059,590364,590375,305,11,4,18000,28.7272727273
590059,590359,590379,300,20,4,18000,16.0
590060,590371,590372,311,1,4,18000,31.2
590239,590245,593960,6,3715,2,36000,1.00161507402
590269,590275,593972,6,3697,2,36000,1.00162293752
590440,590446,593659,6,3213,2,36000,1.00186741363
590875,590881,594143,6,3262,2,36000,1.00183936235
591026,591032,594605,6,3573,2,36000,1.00167926113
591168,591174,594505,6,3331,2,36000,1.00180126088
591192,591198,595090,6,3892,2,36000,1.00154162384
591196,591204,591732,8,528,4,18000,1.01515151515
591197,591214,591736,17,522,4,18000,1.03256704981
591197,591219,591738,22,519,4,18000,1.04238921002
591197,591209,591734,12,525,4,18000,1.02285714286
591198,591743,592784,545,1041,4,18000,1.52353506244
591198,591343,592421,145,1078,4,18000,1.13450834879
591198,591678,592730,480,1052,4,18000,1.45627376426
591199,591759,593130,560,1371,4,18000,1.40846097739
591199,591754,593124,555,1370,4,18000,1.40510948905
591199,591749,592777,550,1028,4,18000,1.53501945525
591200,592438,593766,1238,1328,4,18000,1.93222891566
591200,591843,593202,643,1359,4,18000,1.47314201619
591201,592663,593726,1462,1063,4,18000,2.37535277516
591201,592741,593791,1540,1050,4,18000,2.46666666667
591201,592788,593837,1587,1049,4,18000,2.51286939943
591202,592795,593832,1593,1037,4,18000,2.53616200579
591202,593146,593676,1944,530,4,18000,4.6679245283
591202,593135,593662,1933,527,4,18000,4.6679316888
591203,593673,594201,2470,528,4,18000,5.67803030303
591203,593214,593741,2011,527,4,18000,4.81593927894
591207,591225,594651,18,3426,2,36000,1.00525394046
591331,591337,594850,6,3513,2,36000,1.00170794193
591362,591368,594976,6,3608,2,36000,1.00166297118
591401,591407,594807,6,3400,2,36000,1.00176470588
591550,591556,595249,6,3693,2,36000,1.00162469537
591598,591605,595029,7,3424,2,36000,1.00204439252
591660,591666,594900,6,3234,2,36000,1.00185528757
591675,591684,595324,9,3640,2,36000,1.00247252747
591702,591708,594698,6,2990,2,36000,1.00200668896
591717,591723,594947,6,3224,2,36000,1.00186104218
591814,591820,595237,6,3417,2,36000,1.00175592625
591829,591835,595061,6,3226,2,36000,1.00185988841
591844,591850,595294,6,3444,2,36000,1.00174216028
591863,591869,595258,6,3389,2,36000,1.00177043376
591864,591875,595516,11,3641,2,36000,1.00302114804
591889,591895,595793,6,3898,2,36000,1.0015392509
591947,591953,595399,6,3446,2,36000,1.00174114916
591962,591968,595912,6,3944,2,36000,1.00152129817
591977,591983,595746,6,3763,2,36000,1.0015944725
592037,592044,595700,7,3656,2,36000,1.00191466083
592065,592071,595572,6,3501,2,36000,1.00171379606
592083,592089,595318,6,3229,2,36000,1.00185816042
592099,592105,595382,6,3277,2,36000,1.00183094294
592135,592141,595619,6,3478,2,36000,1.00172512938
592190,592196,595682,6,3486,2,36000,1.0017211704
592235,592242,595718,7,3476,2,36000,1.00201380898
592420,592427,595896,7,3469,2,36000,1.00201787259
592422,592432,595722,10,3290,2,36000,1.00303951368
592492,592498,595759,6,3261,2,36000,1.0018399264
592616,592622,596158,6,3536,2,36000,1.00169683258
592643,592649,596018,6,3369,2,36000,1.0017809439
592658,592669,596269,11,3600,2,36000,1.00305555556
592705,592711,596353,6,3642,2,36000,1.00164744646
592706,592717,596149,11,3432,2,36000,1.00320512821
592776,592782,596177,6,3395,2,36000,1.00176730486
592812,592819,596281,7,3462,2,36000,1.00202195263
592831,592837,596144,6,3307,2,36000,1.00181433323
592846,592852,596419,6,3567,2,36000,1.00168208579
592927,592934,596462,7,3528,2,36000,1.00198412698
593048,593054,596524,6,3470,2,36000,1.00172910663
593130,593141,596377,11,3236,2,36000,1.00339925834
593181,593187,596705,6,3518,2,36000,1.0017055145
593293,593300,596502,7,3202,2,36000,1.00218613367
593308,593315,596134,7,2819,2,36000,1.00248315005
593327,593333,596937,6,3604,2,36000,1.00166481687
593357,593363,596618,6,3255,2,36000,1.00184331797
593484,593490,597268,6,3778,2,36000,1.00158814187
593660,593666,597080,6,3414,2,36000,1.00175746924
593678,593684,597418,6,3734,2,36000,1.00160685592
593962,593969,597642,7,3673,2,36000,1.00190579907
593978,593984,597483,6,3499,2,36000,1.00171477565
594144,594151,597734,7,3583,2,36000,1.00195367011
594312,594318,603345,6,9027,8,36000,1.00066467265
594312,594323,603066,11,8743,8,36000,1.00125814938
594312,594328,602384,16,8056,8,36000,1.00198609732
594313,594339,610248,26,15909,8,36000,1.00163429505
594313,594845,611540,532,16695,8,36000,1.03186582809
594313,594334,602748,21,8414,8,36000,1.00249584027
594314,596033,612004,1719,15971,8,36000,1.10763258406
594314,596392,612808,2078,16416,8,36000,1.12658382066
594314,597091,614930,2777,17839,8,36000,1.15567016088
594315,598525,614607,4210,16082,8,36000,1.26178336028
594315,597653,613693,3338,16040,8,36000,1.20810473815
594315,602395,614881,8080,12486,8,36000,1.64712477975
594316,603077,614932,8761,11855,8,36000,1.73901307465
594316,602760,614540,8444,11780,8,36000,1.71680814941
594317,611711,614584,17394,2873,8,36000,7.05429864253
594317,603356,614567,9039,11211,8,36000,1.80626170725
594317,611706,614783,17389,3077,8,36000,6.65128371791
594318,614045,614611,19727,566,8,36000,35.8533568905
594318,613059,614323,18741,1264,8,36000,15.8267405063
594318,613064,614694,18746,1630,8,36000,12.5006134969
594508,594514,599698,6,5184,2,36000,1.00115740741
594607,594613,598198,6,3585,2,36000,1.00167364017
594652,594658,598523,6,3865,2,36000,1.00155239327
594701,594707,598302,6,3595,2,36000,1.0016689847
594809,594815,598403,6,3588,2,36000,1.0016722408
594851,594857,598312,6,3455,2,36000,1.0017366136
594904,594910,598406,6,3496,2,36000,1.00171624714
594950,594956,598440,6,3484,2,36000,1.00172215844
594978,594984,598513,6,3529,2,36000,1.00170019836
595029,595035,598275,6,3240,2,36000,1.00185185185
595063,595069,598498,6,3429,2,36000,1.00174978128
595093,595099,598390,6,3291,2,36000,1.00182315406
595241,595247,598605,6,3358,2,36000,1.00178677784
595257,595263,598521,6,3258,2,36000,1.00184162063
595272,595278,598860,6,3582,2,36000,1.00167504188
595297,595303,598906,6,3603,2,36000,1.00166527893
595322,595328,598653,6,3325,2,36000,1.00180451128
595341,595347,598917,6,3570,2,36000,1.00168067227
595385,595391,599130,6,3739,2,36000,1.00160470714
595401,595407,599131,6,3724,2,36000,1.00161117078
595519,595525,598981,6,3456,2,36000,1.00173611111
595576,595582,599228,6,3646,2,36000,1.00164563906
595623,595629,599078,6,3449,2,36000,1.00173963468
595684,595690,599132,6,3442,2,36000,1.00174317257
595702,595708,599062,6,3354,2,36000,1.00178890877
595721,595727,599440,6,3713,2,36000,1.00161594398
595736,595742,598756,6,3014,2,36000,1.00199071002
595752,595758,599400,6,3642,2,36000,1.00164744646
595767,595774,599184,7,3410,2,36000,1.00205278592
595795,595801,599259,6,3458,2,36000,1.001735107
595899,595906,599085,7,3179,2,36000,1.0022019503
595917,595923,599605,6,3682,2,36000,1.00162954916
596021,596027,599705,6,3678,2,36000,1.00163132137
596137,596143,599454,6,3311,2,36000,1.00181214135
596153,596159,599344,6,3185,2,36000,1.00188383046
596154,596165,599911,11,3746,2,36000,1.00293646556
596169,596176,599737,7,3561,2,36000,1.00196573996
596185,596191,600045,6,3854,2,36000,1.00155682408
596270,596276,599818,6,3542,2,36000,1.00169395822
596285,596291,599600,6,3309,2,36000,1.00181323663
596356,596362,599470,6,3108,2,36000,1.00193050193
596380,596386,599989,6,3603,2,36000,1.00166527893
596423,596513,599879,90,3366,2,36000,1.02673796791
596463,596535,599853,72,3318,2,36000,1.02169981917
596502,596630,600240,128,3610,2,36000,1.03545706371
596524,596716,600129,192,3413,2,36000,1.0562554937
596620,598286,601697,1666,3411,2,36000,1.48841981824
596708,598313,601892,1605,3579,2,36000,1.44844928751
596939,598402,602320,1463,3918,2,36000,1.37340479837
597081,598414,602025,1333,3611,2,36000,1.36914981999
597272,598420,602072,1148,3652,2,36000,1.3143483023
597420,598452,602150,1032,3698,2,36000,1.27906976744
597484,598510,602169,1026,3659,2,36000,1.2804044821
597645,598533,601768,888,3235,2,36000,1.27449768161
597736,598664,602134,928,3470,2,36000,1.2674351585
598201,598768,602471,567,3703,2,36000,1.15311909263
598277,598871,602503,594,3632,2,36000,1.16354625551
598306,598917,602093,611,3176,2,36000,1.19238035264
598321,598928,602261,607,3333,2,36000,1.18211821182
598392,598992,602323,600,3331,2,36000,1.18012608826
598408,599073,602715,665,3642,2,36000,1.18259198243
598410,599089,602781,679,3692,2,36000,1.18391115926
598443,599096,602348,653,3252,2,36000,1.200799508
598502,599141,602617,639,3476,2,36000,1.18383199079
598521,599147,602647,626,3500,2,36000,1.17885714286
598539,599152,602730,613,3578,2,36000,1.17132476244
598540,599196,602901,656,3705,2,36000,1.17705802969
598609,599239,602584,630,3345,2,36000,1.18834080717
598656,599271,602813,615,3542,2,36000,1.17363071711
598757,599355,602737,598,3382,2,36000,1.17681845062
598863,599412,603085,549,3673,2,36000,1.14946909883
598909,599451,602782,542,3331,2,36000,1.16271389973
598924,599466,602882,542,3416,2,36000,1.15866510539
598984,599481,603299,497,3818,2,36000,1.13017286537
599063,599611,603683,548,4072,2,36000,1.13457760314
599081,599617,603038,536,3421,2,36000,1.15667933353
599096,599709,603288,613,3579,2,36000,1.17127689299
599133,599716,603181,583,3465,2,36000,1.16825396825
599134,599749,603361,615,3612,2,36000,1.17026578073
599135,599829,602909,694,3080,2,36000,1.22532467532
599185,599865,603652,680,3787,2,36000,1.1795616583
599231,599891,603335,660,3444,2,36000,1.19163763066
599261,599922,603507,661,3585,2,36000,1.18437935844
599344,600000,603240,656,3240,2,36000,1.2024691358
599403,600057,603564,654,3507,2,36000,1.18648417451
599443,600141,603760,698,3619,2,36000,1.19287095883
599458,600252,603938,794,3686,2,36000,1.21540965817
599473,601708,605269,2235,3561,2,36000,1.62763268745
599604,601779,605502,2175,3723,2,36000,1.58420628525
599619,601903,605366,2284,3463,2,36000,1.6595437482
599699,602036,605420,2337,3384,2,36000,1.69060283688
599714,602084,605371,2370,3287,2,36000,1.7210222087
599735,602104,605525,2369,3421,2,36000,1.69248757673
599820,602145,605966,2325,3821,2,36000,1.60847945564
599857,602161,605308,2304,3147,2,36000,1.73212583413
599882,602180,605868,2298,3688,2,36000,1.62310195228
599912,602272,605973,2360,3701,2,36000,1.63766549581
600004,602331,605916,2327,3585,2,36000,1.64909344491
600047,602337,605683,2290,3346,2,36000,1.68439928273
600133,602359,605852,2226,3493,2,36000,1.6372745491
600243,602483,605764,2240,3281,2,36000,1.68271868333
