SubmitTime,StartTime,EndTime,QueuedTime,RunTime,NodesRequested,walltime,bslowdown
65,75,3686,10,3611,2,7200,1.00276931598
80,86,3721,6,3635,2,7200,1.00165061898
150,159,3804,9,3645,2,7200,1.0024691358
165,171,3989,6,3818,2,7200,1.0015715034
241,251,3803,10,3552,2,7200,1.00281531532
271,282,3693,11,3411,2,7200,1.00322486074
691,703,4175,12,3472,2,7200,1.0034562212
706,718,4387,12,3669,2,7200,1.00327064595
767,778,4347,11,3569,2,7200,1.00308209583
782,788,4317,6,3529,2,7200,1.00170019836
901,912,4672,11,3760,2,7200,1.00292553191
974,986,4531,12,3545,2,7200,1.00338504937
989,1000,4448,11,3448,2,7200,1.00319025522
1074,1084,4610,10,3526,2,7200,1.00283607487
1089,1100,4764,11,3664,2,7200,1.00300218341
1329,1341,4941,12,3600,2,7200,1.00333333333
1477,1487,5221,10,3734,2,7200,1.0026780932
1520,1532,5125,12,3593,2,7200,1.00333982744
1562,1571,5107,9,3536,2,7200,1.00254524887
1577,1583,5220,6,3637,2,7200,1.0016497113
1592,1599,5121,7,3522,2,7200,1.0019875071
1626,1637,5418,11,3781,2,7200,1.00290928326
1659,1669,5303,10,3634,2,7200,1.00275178866
1693,1703,5382,10,3679,2,7200,1.00271812993
2083,2095,5915,12,3820,2,7200,1.00314136126
2116,2126,5675,10,3549,2,7200,1.00281769513
2192,2205,5782,13,3577,2,7200,1.00363433044
2293,2304,6050,11,3746,2,7200,1.00293646556
2357,2367,6013,10,3646,2,7200,1.00274273176
2378,2390,5936,12,3546,2,7200,1.00338409475
2399,2410,6015,11,3605,2,7200,1.00305131761
2451,2462,6282,11,3820,2,7200,1.00287958115
2466,2473,6243,7,3770,2,7200,1.00185676393
2485,2496,6222,11,3726,2,7200,1.00295222759
2527,2537,6228,10,3691,2,7200,1.00270929287
2597,2609,5984,12,3375,2,7200,1.00355555556
2598,2615,6336,17,3721,2,7200,1.00456866434
3096,3108,6697,12,3589,2,7200,1.00334354974
3199,3210,6938,11,3728,2,7200,1.00295064378
3241,3251,6653,10,3402,2,7200,1.00293944738
3686,3699,7297,13,3598,2,7200,1.0036131184
3701,3708,7362,7,3654,2,7200,1.00191570881
3722,3734,7238,12,3504,2,7200,1.00342465753
3805,3816,7437,11,3621,2,7200,1.00303783485
3806,3821,7303,15,3482,2,7200,1.00430786904
3991,4001,7517,10,3516,2,7200,1.00284414107
4176,4186,8060,10,3874,2,7200,1.00258131131
4319,4330,8005,11,3675,2,7200,1.00299319728
4346,4359,7947,13,3588,2,7200,1.00362318841
4388,4399,7820,11,3421,2,7200,1.00321543408
4449,4461,8206,12,3745,2,7200,1.00320427236
4534,4772,8519,238,3747,2,7200,1.06351748065
4613,4789,8286,176,3497,2,7200,1.0503288533
4673,4794,8540,121,3746,2,7200,1.0323011212
4764,4800,8333,36,3533,2,7200,1.01018964053
4943,4949,8412,6,3463,2,7200,1.00173260179
5110,5116,8943,6,3827,2,7200,1.00156780768
5125,5132,8703,7,3571,2,7200,1.00196023523
5127,5140,8689,13,3549,2,7200,1.00366300366
5221,5228,8764,7,3536,2,7200,1.00197963801
5223,5234,8703,11,3469,2,7200,1.00317094263
5305,5311,9074,6,3763,2,7200,1.0015944725
5384,5390,9101,6,3711,2,7200,1.00161681487
5417,5425,9035,8,3610,2,7200,1.00221606648
5676,5682,9371,6,3689,2,7200,1.00162645703
5783,5789,9419,6,3630,2,7200,1.00165289256
5917,5923,9531,6,3608,2,7200,1.00166297118
5938,5944,9460,6,3516,2,7200,1.00170648464
5987,5993,9787,6,3794,2,7200,1.00158144439
6015,6021,9483,6,3462,2,7200,1.00173310225
6016,6028,9778,12,3750,2,7200,1.0032
6050,6056,9641,6,3585,2,7200,1.00167364017
6223,6229,9758,6,3529,2,7200,1.00170019836
6239,6245,9912,6,3667,2,7200,1.00163621489
6254,6260,10020,6,3760,2,7200,1.00159574468
6281,6287,9987,6,3700,2,7200,1.00162162162
6339,6345,9852,6,3507,2,7200,1.00171086399
6653,6659,10337,6,3678,2,7200,1.00163132137
6696,6702,10307,6,3605,2,7200,1.00166435506
6760,6767,6808,7,41,2,2340,1.17073170732
6939,6945,10332,6,3387,2,7200,1.00177147919
7083,7089,7413,6,324,2,2340,1.01851851852
7241,7247,10696,6,3449,2,7200,1.00173963468
7299,7305,10896,6,3591,2,7200,1.00167084378
7314,7320,10839,6,3519,2,7200,1.00170502984
7365,7371,11056,6,3685,2,7200,1.00162822252
7413,7426,7431,13,5,1,900,1.8
7438,7450,11026,12,3576,2,7200,1.0033557047
7438,7444,7768,6,324,2,2340,1.01851851852
7517,7523,11095,6,3572,2,7200,1.00167973124
7766,7779,7785,13,6,1,900,1.9
7802,7809,8196,7,387,2,2340,1.0180878553
7824,7830,11694,6,3864,2,7200,1.00155279503
7950,7956,11725,6,3769,2,7200,1.0015919342
8007,8014,11709,7,3695,2,7200,1.00189445196
8059,8065,11764,6,3699,2,7200,1.00162206002
8196,8202,8209,6,7,1,900,1.3
8209,8216,11616,7,3400,2,7200,1.00205882353
8233,8240,8638,7,398,2,2340,1.0175879397
8289,8296,11823,7,3527,2,7200,1.00198468954
8309,8315,8317,6,2,2,3540,1.0
8335,8341,11939,6,3598,2,7200,1.00166759311
8415,8421,12151,6,3730,2,7200,1.00160857909
8522,8528,12130,6,3602,2,7200,1.00166574125
8540,8546,12169,6,3623,2,7200,1.00165608612
8637,8643,8651,6,8,1,900,1.4
8676,8682,9061,6,379,2,2340,1.01583113456
8693,8699,12120,6,3421,2,7200,1.00175387314
8709,8714,12160,5,3446,2,7200,1.00145095763
8710,8721,12509,11,3788,2,7200,1.00290390707
8765,8771,12425,6,3654,2,7200,1.00164203612
8947,8953,12382,6,3429,2,7200,1.00174978128
9035,9041,12613,6,3572,2,7200,1.00167973124
9060,9066,9073,6,7,1,900,1.3
9075,9082,12662,7,3580,2,7200,1.00195530726
9099,9105,9491,6,386,2,2340,1.01554404145
9100,9111,12521,11,3410,2,7200,1.00322580645
9358,9364,9536,6,172,1,3600,1.03488372093
9374,9380,12892,6,3512,2,7200,1.00170842825
9420,9426,12904,6,3478,2,7200,1.00172512938
9463,9469,13057,6,3588,2,7200,1.0016722408
9481,9487,12931,6,3444,2,7200,1.00174216028
9489,9496,9501,7,5,1,900,1.2
9534,9541,13157,7,3616,2,7200,1.00193584071
9536,9548,9924,12,376,2,2340,1.03191489362
9641,9652,47194,11,37542,4,72000,1.00029300517
9641,10441,82456,800,72015,2,72000,1.01110879678
9641,9658,45871,17,36213,2,72000,1.00046944467
9641,9647,55884,6,46237,8,72000,1.0001297662
9642,11957,12894,2315,937,1,72000,3.47065101387
9642,11630,52414,1988,40784,2,72000,1.04874460573
9642,9664,81714,22,72050,8,72000,1.00030534351
9642,9775,81789,133,72014,4,72000,1.00184686311
9643,11836,83851,2193,72015,2,72000,1.03045198917
9643,12132,25387,2489,13255,1,72000,1.18777819691
9643,9670,81689,27,72019,8,72000,1.00037490107
9643,10378,82412,735,72034,4,72000,1.01020351501
9643,10383,82407,740,72024,4,72000,1.01027435299
9644,9675,81715,31,72040,8,72000,1.00043031649
9645,9680,13306,35,3626,2,7200,1.00965250965
9711,11952,12314,2241,362,1,3600,7.19060773481
9761,9767,13206,6,3439,2,7200,1.00174469322
9776,9782,13284,6,3502,2,7200,1.00171330668
9792,9798,13439,6,3641,2,7200,1.00164789893
9852,9858,13434,6,3576,2,7200,1.00167785235
9913,9919,13503,6,3584,2,7200,1.00167410714
9923,9935,9940,12,5,1,900,1.7
9962,9968,10356,6,388,2,2340,1.01546391753
9991,9997,13622,6,3625,2,7200,1.00165517241
10022,10028,13570,6,3542,2,7200,1.00169395822
10308,10315,14016,7,3701,2,7200,1.00189138071
10333,10339,13943,6,3604,2,7200,1.00166481687
10348,10354,13716,6,3362,2,7200,1.00178465199
10355,10369,10374,14,5,1,900,1.9
10381,10389,10418,8,29,2,2340,1.27586206897
10697,10704,14477,7,3773,2,7200,1.00185528757
10840,10846,14401,6,3555,2,7200,1.00168776371
10897,10903,14733,6,3830,2,7200,1.00156657963
11027,11034,14689,7,3655,2,7200,1.00191518468
11055,11061,14819,6,3758,2,7200,1.00159659393
11094,11100,14726,6,3626,2,7200,1.00165471594
11615,11623,15289,8,3666,2,7200,1.00218221495
11694,11701,15279,7,3578,2,7200,1.00195640022
11709,11715,15283,6,3568,2,7200,1.00168161435
11728,11734,15567,6,3833,2,7200,1.00156535351
11767,11773,15386,6,3613,2,7200,1.0016606698
11822,11828,15549,6,3721,2,7200,1.00161246977
11937,11944,15632,7,3688,2,7200,1.00189804772
12117,12123,15831,6,3708,2,7200,1.00161812298
12132,12139,15723,7,3584,2,7200,1.001953125
12147,12153,15914,6,3761,2,7200,1.00159532039
12163,12169,15774,6,3605,2,7200,1.00166435506
12178,12184,15770,6,3586,2,7200,1.00167317345
12382,12388,16039,6,3651,2,7200,1.00164338537
12428,12434,16318,6,3884,2,7200,1.00154479918
12510,12516,16208,6,3692,2,7200,1.00162513543
12525,12531,16098,6,3567,2,7200,1.00168208579
12607,12613,16315,6,3702,2,7200,1.00162074554
12662,12668,16349,6,3681,2,7200,1.00162999185
12668,12675,13571,7,896,1,3600,1.0078125
12870,12876,13048,6,172,1,3600,1.03488372093
12893,12899,16483,6,3584,2,7200,1.00167410714
12908,12914,16529,6,3615,2,7200,1.00165975104
12927,12933,16555,6,3622,2,7200,1.00165654335
13058,13064,16549,6,3485,2,7200,1.00172166428
13158,13164,16973,6,3809,2,7200,1.00157521659
13207,13213,16896,6,3683,2,7200,1.00162910671
13220,13226,13606,6,380,1,3600,1.01578947368
13285,13291,16986,6,3695,2,7200,1.00162381597
13307,13313,16727,6,3414,2,7200,1.00175746924
13434,13441,17072,7,3631,2,7200,1.00192784357
13450,13456,17104,6,3648,2,7200,1.00164473684
13504,13510,16925,6,3415,2,7200,1.00175695461
13571,13581,17198,10,3617,2,7200,1.00276472215
13623,13630,17341,7,3711,2,7200,1.00188628402
13717,13723,17344,6,3621,2,7200,1.00165700083
13942,13948,17429,6,3481,2,7200,1.00172364263
13965,15419,16212,1454,793,1,3600,2.83354350567
14015,14021,17766,6,3745,2,7200,1.00160213618
14402,14410,18186,8,3776,2,7200,1.00211864407
14479,14485,18045,6,3560,2,7200,1.00168539326
14688,14694,18066,6,3372,2,7200,1.00177935943
14727,14733,18376,6,3643,2,7200,1.00164699424
14742,14748,18369,6,3621,2,7200,1.00165700083
14821,14827,18253,6,3426,2,7200,1.00175131349
14872,15425,15538,553,113,1,3600,5.89380530973
15280,15286,18981,6,3695,2,7200,1.00162381597
15281,15292,18695,11,3403,2,7200,1.00323244196
15296,15304,18901,8,3597,2,7200,1.00222407562
15385,15391,18648,6,3257,2,7200,1.00184218606
15549,15555,19070,6,3515,2,7200,1.00170697013
15567,15574,19007,7,3433,2,7200,1.00203903292
15634,15640,19270,6,3630,2,7200,1.00165289256
15718,15725,16053,7,328,1,3600,1.02134146341
15719,15731,19284,12,3553,2,7200,1.00337742753
15771,15777,19497,6,3720,2,7200,1.00161290323
15786,15792,19558,6,3766,2,7200,1.00159320234
15832,15838,19308,6,3470,2,7200,1.00172910663
15917,15923,19574,6,3651,2,7200,1.00164338537
16042,16048,19601,6,3553,2,7200,1.00168871376
16100,16106,19645,6,3539,2,7200,1.00169539418
16206,16213,19793,7,3580,2,7200,1.00195530726
16312,16319,19863,7,3544,2,7200,1.0019751693
16314,16325,19901,11,3576,2,7200,1.00307606264
16350,16356,20030,6,3674,2,7200,1.00163309744
16484,16491,19992,7,3501,2,7200,1.00199942873
16495,16501,17112,6,611,1,3600,1.00981996727
16529,16536,20260,7,3724,2,7200,1.00187969925
16548,16554,20216,6,3662,2,7200,1.00163844894
16563,16569,20121,6,3552,2,7200,1.00168918919
16574,16580,16698,6,118,1,1800,1.05084745763
16727,16733,20377,6,3644,2,7200,1.00164654226
16897,16903,20585,6,3682,2,7200,1.00162954916
16925,16931,20442,6,3511,2,7200,1.00170891484
16966,16986,17101,20,115,1,1800,1.17391304348
16973,16980,20447,7,3467,2,7200,1.00201903663
16989,16996,20720,7,3724,2,7200,1.00187969925
17071,17078,20934,7,3856,2,7200,1.0018153527
17105,17111,20705,6,3594,2,7200,1.00166944908
17199,17205,20860,6,3655,2,7200,1.00164158687
17342,17348,20930,6,3582,2,7200,1.00167504188
17344,17355,20856,11,3501,2,7200,1.00314195944
17351,19003,19119,1652,116,1,3600,15.2413793103
17423,17429,20931,6,3502,2,7200,1.00171330668
17769,17775,21437,6,3662,2,7200,1.00163844894
17769,19022,19591,1253,569,1,1800,3.20210896309
18044,18051,21764,7,3713,2,7200,1.00188526798
18066,18072,21743,6,3671,2,7200,1.00163443203
18187,18193,21600,6,3407,2,7200,1.00176108013
18254,18260,21696,6,3436,2,7200,1.00174621653
18370,18376,21896,6,3520,2,7200,1.00170454545
18385,18391,22058,6,3667,2,7200,1.00163621489
18513,19659,21984,1146,2325,16,540000,1.49290322581
18651,18658,22251,7,3593,2,7200,1.00194823267
18697,18704,22286,7,3582,2,7200,1.00195421552
18901,18908,22586,7,3678,2,7200,1.00190320827
18980,18987,22486,7,3499,2,7200,1.00200057159
19007,19015,22786,8,3771,2,7200,1.0021214532
19068,19075,22803,7,3728,2,7200,1.0018776824
19266,19272,22696,6,3424,2,7200,1.00175233645
19284,19291,22906,7,3615,2,7200,1.00193637621
19300,19307,19630,7,323,1,3600,1.02167182663
19308,19315,23164,7,3849,2,7200,1.0018186542
19497,19504,23074,7,3570,2,7200,1.00196078431
19558,19565,23136,7,3571,2,7200,1.00196023523
19576,19583,23117,7,3534,2,7200,1.00198075835
19600,19608,22933,8,3325,2,7200,1.00240601504
19646,19652,23259,6,3607,2,7200,1.00166343222
19792,19799,23378,7,3579,2,7200,1.00195585359
19862,19869,23562,7,3693,2,7200,1.00189547793
19902,19908,23545,6,3637,2,7200,1.0016497113
19993,19999,23579,6,3580,2,7200,1.00167597765
20033,20039,23805,6,3766,2,7200,1.00159320234
20043,20049,20667,6,618,1,3600,1.00970873786
20121,20127,23517,6,3390,2,7200,1.0017699115
20218,20224,23779,6,3555,2,7200,1.00168776371
20245,20251,20363,6,112,1,1800,1.05357142857
20261,20267,23922,6,3655,2,7200,1.00164158687
20379,20387,23900,8,3513,2,7200,1.00227725591
20443,20449,24034,6,3585,2,7200,1.00167364017
20458,20465,24070,7,3605,2,7200,1.00194174757
20586,20592,23940,6,3348,2,7200,1.0017921147
20683,20689,20800,6,111,1,1800,1.05405405405
20704,20710,24288,6,3578,2,7200,1.00167691448
20719,20726,24338,7,3612,2,7200,1.0019379845
20856,20863,24589,7,3726,2,7200,1.00187869028
20871,20878,24460,7,3582,2,7200,1.00195421552
20929,20937,24735,8,3798,2,7200,1.00210637177
20931,20942,24542,11,3600,2,7200,1.00305555556
20946,20952,24492,6,3540,2,7200,1.00169491525
21408,23530,23578,2122,48,1,1800,45.2083333333
21439,21446,25006,7,3560,2,7200,1.00196629213
21502,23559,24132,2057,573,1,1800,4.58987783595
21601,21607,25371,6,3764,2,7200,1.00159404888
21698,21704,25247,6,3543,2,7200,1.0016934801
21741,21747,25224,6,3477,2,7200,1.00172562554
21765,21772,25328,7,3556,2,7200,1.00196850394
21896,21903,25443,7,3540,2,7200,1.00197740113
21930,22897,562912,967,540015,16,540000,1.001790691
22019,23990,98365,1971,74375,16,540000,1.02650084034
22060,22068,25568,8,3500,2,7200,1.00228571429
22254,22261,25902,7,3641,2,7200,1.00192254875
22288,22294,25921,6,3627,2,7200,1.00165425972
22485,22492,26024,7,3532,2,7200,1.00198187995
22586,22593,26187,7,3594,2,7200,1.0019476906
22699,22706,26384,7,3678,2,7200,1.00190320827
22787,22793,26469,6,3676,2,7200,1.00163220892
22802,22809,26373,7,3564,2,7200,1.0019640853
22906,22913,26751,7,3838,2,7200,1.0018238666
22933,22940,26641,7,3701,2,7200,1.00189138071
23075,23082,26857,7,3775,2,7200,1.00185430464
23118,23124,26734,6,3610,2,7200,1.00166204986
23139,23146,26560,7,3414,2,7200,1.00205038079
23167,23174,26688,7,3514,2,7200,1.00199203187
23261,23267,27109,6,3842,2,7200,1.00156168662
23380,23386,26959,6,3573,2,7200,1.00167926113
23516,23522,27239,6,3717,2,7200,1.001614205
23546,23553,27091,7,3538,2,7200,1.00197851894
23562,23569,27236,7,3667,2,7200,1.00190891737
23580,23586,27450,6,3864,2,7200,1.00155279503
23781,23788,27317,7,3529,2,7200,1.00198356475
23805,23811,27409,6,3598,2,7200,1.00166759311
23902,23910,27661,8,3751,2,7200,1.0021327646
23908,23996,24075,88,79,1,1800,2.11392405063
23921,23927,27648,6,3721,2,7200,1.00161246977
23939,23945,27588,6,3643,2,7200,1.00164699424
24036,24043,27901,7,3858,2,7200,1.00181441161
24073,24079,27482,6,3403,2,7200,1.00176315016
24288,24294,28088,6,3794,2,7200,1.00158144439
24340,24346,28001,6,3655,2,7200,1.00164158687
24462,24468,28106,6,3638,2,7200,1.00164925783
24492,24499,27894,7,3395,2,7200,1.00206185567
24544,24551,28077,7,3526,2,7200,1.00198525241
24593,24599,28019,6,3420,2,7200,1.00175438596
24736,24742,28280,6,3538,2,7200,1.00169587337
25007,25013,28696,6,3683,2,7200,1.00162910671
25082,25089,25376,7,287,1,1800,1.0243902439
25225,25232,28897,7,3665,2,7200,1.00190995907
25250,25256,28780,6,3524,2,7200,1.00170261067
25329,25335,28758,6,3423,2,7200,1.00175284838
25371,25379,29175,8,3796,2,7200,1.00210748156
25444,25450,29207,6,3757,2,7200,1.0015970189
25569,25575,29134,6,3559,2,7200,1.00168586682
25901,25907,29398,6,3491,2,7200,1.00171870524
25922,25928,29637,6,3709,2,7200,1.00161768671
26023,26029,29685,6,3656,2,7200,1.00164113786
26056,26063,26114,7,51,1,1800,1.13725490196
26190,26196,29662,6,3466,2,7200,1.00173110214
26375,26381,30116,6,3735,2,7200,1.0016064257
26390,26396,30213,6,3817,2,7200,1.00157191512
26444,26450,26520,6,70,1,1800,1.08571428571
26469,26475,30118,6,3643,2,7200,1.00164699424
26560,26566,30379,6,3813,2,7200,1.00157356412
26642,26648,30392,6,3744,2,7200,1.0016025641
26690,26696,30481,6,3785,2,7200,1.00158520476
26736,26743,30365,7,3622,2,7200,1.0019326339
26751,26757,30308,6,3551,2,7200,1.00168966488
26857,26863,30566,6,3703,2,7200,1.00162030786
26960,26966,30774,6,3808,2,7200,1.00157563025
27091,27097,30503,6,3406,2,7200,1.00176159718
27110,27116,30711,6,3595,2,7200,1.0016689847
27237,27244,30790,7,3546,2,7200,1.00197405527
27239,27251,30830,12,3579,2,7200,1.00335289187
27318,27324,30937,6,3613,2,7200,1.0016606698
27410,27417,30948,7,3531,2,7200,1.00198244123
27449,27455,31054,6,3599,2,7200,1.00166712976
27483,27489,30973,6,3484,2,7200,1.00172215844
27518,27524,27810,6,286,1,1800,1.02097902098
27589,27596,31151,7,3555,2,7200,1.00196905767
27651,27657,31273,6,3616,2,7200,1.00165929204
27666,27672,31279,6,3607,2,7200,1.00166343222
27896,27902,31640,6,3738,2,7200,1.00160513644
27911,27918,31610,7,3692,2,7200,1.00189599133
28002,28009,31609,7,3600,2,7200,1.00194444444
28021,28027,31774,6,3747,2,7200,1.00160128102
28078,28084,31776,6,3692,2,7200,1.00162513543
28093,28100,31736,7,3636,2,7200,1.00192519252
28109,28115,31582,6,3467,2,7200,1.00173060283
28279,28285,31905,6,3620,2,7200,1.00165745856
28697,28704,32415,7,3711,2,7200,1.00188628402
28760,28766,32197,6,3431,2,7200,1.00174876129
28781,28788,32338,7,3550,2,7200,1.00197183099
28900,28906,32596,6,3690,2,7200,1.00162601626
29136,29143,32914,7,3771,2,7200,1.00185627155
29175,29181,32771,6,3590,2,7200,1.00167130919
29205,29212,33020,7,3808,2,7200,1.00183823529
29400,29407,33192,7,3785,2,7200,1.00184940555
29639,29645,33364,6,3719,2,7200,1.00161333692
29663,29670,33416,7,3746,2,7200,1.0018686599
29685,29691,33380,6,3689,2,7200,1.00162645703
30117,30123,33866,6,3743,2,7200,1.00160299225
30118,30130,33734,12,3604,2,7200,1.00332963374
30213,30219,33766,6,3547,2,7200,1.00169157034
30248,31790,95613,1542,63823,12,172800,1.02416056907
30311,30318,33800,7,3482,2,7200,1.00201033889
30365,30373,34066,8,3693,2,7200,1.00216626049
30381,30387,34041,6,3654,2,7200,1.00164203612
30396,30402,34016,6,3614,2,7200,1.00166021029
30478,30484,34002,6,3518,2,7200,1.0017055145
30502,30508,34233,6,3725,2,7200,1.00161073826
30566,30573,34314,7,3741,2,7200,1.00187115744
30712,30718,34278,6,3560,2,7200,1.00168539326
30776,30782,34371,6,3589,2,7200,1.00167177487
30791,30797,34272,6,3475,2,7200,1.00172661871
30827,30833,34538,6,3705,2,7200,1.0016194332
30940,30946,34753,6,3807,2,7200,1.00157604413
30955,30961,34502,6,3541,2,7200,1.0016944366
30973,30980,34621,7,3641,2,7200,1.00192254875
31052,31058,34716,6,3658,2,7200,1.00164024057
31153,31159,34814,6,3655,2,7200,1.00164158687
31272,31278,34826,6,3548,2,7200,1.00169109357
31287,31294,34901,7,3607,2,7200,1.00194067092
31583,31589,35137,6,3548,2,7200,1.00169109357
31611,31617,35025,6,3408,2,7200,1.00176056338
31612,31624,35205,12,3581,2,7200,1.00335101927
31642,31649,35306,7,3657,2,7200,1.00191413727
31737,31743,35319,6,3576,2,7200,1.00167785235
31776,31784,35365,8,3581,2,7200,1.00223401285
31778,31796,35272,18,3476,2,7200,1.00517836594
31906,31912,35772,6,3860,2,7200,1.00155440415
32198,32204,35751,6,3547,2,7200,1.00169157034
32338,32344,35960,6,3616,2,7200,1.00165929204
32417,32424,35805,7,3381,2,7200,1.00207039337
32597,32603,36218,6,3615,2,7200,1.00165975104
32773,32779,36293,6,3514,2,7200,1.00170745589
32916,32922,36599,6,3677,2,7200,1.00163176503
33022,33029,36711,7,3682,2,7200,1.00190114068
33195,33202,36800,7,3598,2,7200,1.00194552529
33364,33370,36958,6,3588,2,7200,1.0016722408
33383,33389,36990,6,3601,2,7200,1.00166620383
33419,33425,36853,6,3428,2,7200,1.00175029172
33734,33740,37300,6,3560,2,7200,1.00168539326
33768,33775,37348,7,3573,2,7200,1.00195913798
33801,33807,37284,6,3477,2,7200,1.00172562554
33868,33874,37530,6,3656,2,7200,1.00164113786
34002,34008,37514,6,3506,2,7200,1.00171135197
34017,34023,37512,6,3489,2,7200,1.00171969046
34041,34048,37864,7,3816,2,7200,1.00183438155
34069,34075,37514,6,3439,2,7200,1.00174469322
34233,34239,37809,6,3570,2,7200,1.00168067227
34272,34279,37949,7,3670,2,7200,1.00190735695
34287,34294,37933,7,3639,2,7200,1.00192360539
34315,34321,38123,6,3802,2,7200,1.00157811678
34372,34379,37995,7,3616,2,7200,1.00193584071
34503,34510,38184,7,3674,2,7200,1.00190528035
34540,34546,38082,6,3536,2,7200,1.00169683258
34622,34628,38320,6,3692,2,7200,1.00162513543
34716,34722,38376,6,3654,2,7200,1.00164203612
34752,34758,38203,6,3445,2,7200,1.00174165457
34816,34822,38291,6,3469,2,7200,1.00172960507
34831,34837,38669,6,3832,2,7200,1.001565762
34901,34907,38638,6,3731,2,7200,1.00160814795
35026,35032,38878,6,3846,2,7200,1.0015600624
35140,35146,38540,6,3394,2,7200,1.00176782557
35207,35213,38748,6,3535,2,7200,1.00169731259
35274,35280,38816,6,3536,2,7200,1.00169683258
35307,35313,38904,6,3591,2,7200,1.00167084378
35322,35329,38808,7,3479,2,7200,1.00201207243
35365,35371,38953,6,3582,2,7200,1.00167504188
35754,35760,39410,6,3650,2,7200,1.00164383562
35772,35778,39353,6,3575,2,7200,1.00167832168
35805,35811,39314,6,3503,2,7200,1.00171281758
35960,35967,39704,7,3737,2,7200,1.00187316029
36220,36226,39958,6,3732,2,7200,1.00160771704
36296,36303,40065,7,3762,2,7200,1.00186071239
36600,36606,40273,6,3667,2,7200,1.00163621489
36712,36718,40334,6,3616,2,7200,1.00165929204
36800,36806,40382,6,3576,2,7200,1.00167785235
36854,36861,40413,7,3552,2,7200,1.00197072072
36961,36967,40763,6,3796,2,7200,1.00158061117
36992,36998,40648,6,3650,2,7200,1.00164383562
37280,37286,41061,6,3775,2,7200,1.00158940397
37301,37308,40752,7,3444,2,7200,1.00203252033
37350,37356,40785,6,3429,2,7200,1.00174978128
37515,37521,41110,6,3589,2,7200,1.00167177487
37516,37528,41167,12,3639,2,7200,1.00329760923
37517,37533,41108,16,3575,2,7200,1.00447552448
37533,37539,41080,6,3541,2,7200,1.0016944366
37810,37817,41545,7,3728,2,7200,1.0018776824
37865,37871,41585,6,3714,2,7200,1.00161550889
37935,37942,41348,7,3406,2,7200,1.00205519671
37951,37957,41776,6,3819,2,7200,1.00157109191
37996,38002,41577,6,3575,2,7200,1.00167832168
38082,38088,41689,6,3601,2,7200,1.00166620383
38124,38130,41937,6,3807,2,7200,1.00157604413
38185,38191,41647,6,3456,2,7200,1.00173611111
38204,38210,41734,6,3524,2,7200,1.00170261067
38292,38298,42007,6,3709,2,7200,1.00161768671
38322,38329,41853,7,3524,2,7200,1.00198637911
38377,38383,41865,6,3482,2,7200,1.00172314762
38541,38547,42245,6,3698,2,7200,1.00162249865
38638,38644,42210,6,3566,2,7200,1.00168255749
38669,38675,42303,6,3628,2,7200,1.00165380375
38751,38757,42360,6,3603,2,7200,1.00166527893
38808,38814,42531,6,3717,2,7200,1.001614205
38823,38831,42499,8,3668,2,7200,1.00218102508
38878,38884,42437,6,3553,2,7200,1.00168871376
38906,38912,42359,6,3447,2,7200,1.00174064404
38954,38960,42519,6,3559,2,7200,1.00168586682
39316,39323,42827,7,3504,2,7200,1.00199771689
39356,39362,43067,6,3705,2,7200,1.0016194332
39410,39416,42855,6,3439,2,7200,1.00174469322
39704,39710,43433,6,3723,2,7200,1.00161160355
39958,39965,43234,7,3269,2,7200,1.00214132762
40065,40072,43652,7,3580,2,7200,1.00195530726
40275,40281,43884,6,3603,2,7200,1.00166527893
40336,40342,44107,6,3765,2,7200,1.0015936255
40384,40390,44079,6,3689,2,7200,1.00162645703
40415,40421,43922,6,3501,2,7200,1.00171379606
40648,40655,44325,7,3670,2,7200,1.00190735695
40751,40758,44609,7,3851,2,7200,1.00181770969
40767,40773,44482,6,3709,2,7200,1.00161768671
40788,40794,44325,6,3531,2,7200,1.00169923534
41061,41067,44645,6,3578,2,7200,1.00167691448
41082,41088,44429,6,3341,2,7200,1.0017958695
41107,41113,44675,6,3562,2,7200,1.00168444694
41122,41128,44568,6,3440,2,7200,1.00174418605
41171,41177,44579,6,3402,2,7200,1.00176366843
41350,41356,44954,6,3598,2,7200,1.00166759311
41547,41553,45158,6,3605,2,7200,1.00166435506
41580,41586,45240,6,3654,2,7200,1.00164203612
41595,41601,45237,6,3636,2,7200,1.00165016502
41650,41657,45355,7,3698,2,7200,1.00189291509
41690,41696,45125,6,3429,2,7200,1.00174978128
41735,41741,45324,6,3583,2,7200,1.00167457438
41778,41784,45393,6,3609,2,7200,1.00166251039
41854,41860,45578,6,3718,2,7200,1.00161377084
41869,41875,45464,6,3589,2,7200,1.00167177487
41939,41945,45782,6,3837,2,7200,1.00156372166
42009,42015,45505,6,3490,2,7200,1.00171919771
42212,42218,46035,6,3817,2,7200,1.00157191512
42245,42251,45815,6,3564,2,7200,1.00168350168
42303,42310,45881,7,3571,2,7200,1.00196023523
42358,42364,46056,6,3692,2,7200,1.00162513543
42360,42371,45966,11,3595,2,7200,1.00305980529
42439,42445,46118,6,3673,2,7200,1.00163354206
42500,42506,46248,6,3742,2,7200,1.00160342063
42521,42527,46158,6,3631,2,7200,1.00165243735
42536,42542,46080,6,3538,2,7200,1.00169587337
42827,42833,46513,6,3680,2,7200,1.00163043478
42858,42865,46368,7,3503,2,7200,1.00199828718
43068,43075,46870,7,3795,2,7200,1.00184453228
43233,43239,47134,6,3895,2,7200,1.00154043646
43434,43440,46918,6,3478,2,7200,1.00172512938
43652,43658,47210,6,3552,2,7200,1.00168918919
43886,43892,47760,6,3868,2,7200,1.00155118925
43922,43928,47539,6,3611,2,7200,1.00166158959
44081,44087,47805,6,3718,2,7200,1.00161377084
44108,44114,47737,6,3623,2,7200,1.00165608612
44328,44334,47987,6,3653,2,7200,1.00164248563
44329,44342,47941,13,3599,2,7200,1.00361211448
44430,44436,48135,6,3699,2,7200,1.00162206002
44482,44488,48031,6,3543,2,7200,1.0016934801
44570,44577,48183,7,3606,2,7200,1.0019412091
44586,44592,48065,6,3473,2,7200,1.00172761301
44610,44616,48214,6,3598,2,7200,1.00166759311
44644,44650,48241,6,3591,2,7200,1.00167084378
44671,44677,48226,6,3549,2,7200,1.00169061708
44956,44963,48730,7,3767,2,7200,1.00185824263
45127,45133,48808,6,3675,2,7200,1.00163265306
45160,45166,48711,6,3545,2,7200,1.00169252468
45239,45246,48748,7,3502,2,7200,1.0019988578
45255,45261,48746,6,3485,2,7200,1.00172166428
45324,45330,48999,6,3669,2,7200,1.00163532298
45355,45361,48959,6,3598,2,7200,1.00166759311
45394,45400,48953,6,3553,2,7200,1.00168871376
45465,45471,49101,6,3630,2,7200,1.00165289256
45504,45510,49200,6,3690,2,7200,1.00162601626
45580,45587,49303,7,3716,2,7200,1.00188374596
45784,45791,49330,7,3539,2,7200,1.00197795988
45815,45821,49522,6,3701,2,7200,1.00162118346
45882,45888,49694,6,3806,2,7200,1.00157645822
45968,45974,49596,6,3622,2,7200,1.00165654335
46035,46041,49713,6,3672,2,7200,1.00163398693
46059,46065,49856,6,3791,2,7200,1.00158269586
46083,46089,49749,6,3660,2,7200,1.00163934426
46120,46126,49825,6,3699,2,7200,1.00162206002
46159,46165,49480,6,3315,2,7200,1.00180995475
46250,46257,50019,7,3762,2,7200,1.00186071239
46369,46375,49921,6,3546,2,7200,1.00169204738
46515,46522,50107,7,3585,2,7200,1.0019525802
46872,46878,50298,6,3420,2,7200,1.00175438596
46920,46926,50364,6,3438,2,7200,1.0017452007
47134,47140,50522,6,3382,2,7200,1.00177409817
47210,47216,51048,6,3832,2,7200,1.001565762
47540,47546,50958,6,3412,2,7200,1.00175849941
47634,81726,85343,34092,3617,64,3600,10.4254907382
47648,157427,161043,109779,3616,128,3600,31.3592367257
47737,47745,51445,8,3700,2,7200,1.00216216216
47762,47768,51609,6,3841,2,7200,1.0015620932
47807,47814,51541,7,3727,2,7200,1.00187818621
47941,47948,51722,7,3774,2,7200,1.00185479597
47990,47996,51561,6,3565,2,7200,1.00168302945
48032,48039,51669,7,3630,2,7200,1.00192837466
48066,48072,51703,6,3631,2,7200,1.00165243735
48136,48142,51842,6,3700,2,7200,1.00162162162
48184,48190,51930,6,3740,2,7200,1.00160427807
48215,48221,51519,6,3298,2,7200,1.00181928441
48230,48237,51958,7,3721,2,7200,1.00188121473
48245,48252,51714,7,3462,2,7200,1.00202195263
48713,48721,52448,8,3727,2,7200,1.00214649852
48732,48738,52406,6,3668,2,7200,1.00163576881
48747,48753,52283,6,3530,2,7200,1.00169971671
48762,48768,52225,6,3457,2,7200,1.00173560891
48811,48817,52362,6,3545,2,7200,1.00169252468
48954,48962,52510,8,3548,2,7200,1.00225479143
48970,48977,52592,7,3615,2,7200,1.00193637621
49000,49007,52692,7,3685,2,7200,1.00189959294
49104,49111,52946,7,3835,2,7200,1.00182529335
49201,49207,53088,6,3881,2,7200,1.0015459933
49304,49311,52839,7,3528,2,7200,1.00198412698
49331,49338,52992,7,3654,2,7200,1.00191570881
49480,49488,53047,8,3559,2,7200,1.00224782242
49523,49530,52966,7,3436,2,7200,1.00203725262
49597,49604,53270,7,3666,2,7200,1.00190943808
49697,49703,53255,6,3552,2,7200,1.00168918919
49715,49723,53376,8,3653,2,7200,1.00218998084
49749,49755,53214,6,3459,2,7200,1.00173460538
49825,49832,53387,7,3555,2,7200,1.00196905767
49855,49861,53308,6,3447,2,7200,1.00174064404
49922,49928,53617,6,3689,2,7200,1.00162645703
50022,50028,53669,6,3641,2,7200,1.00164789893
50110,50117,53510,7,3393,2,7200,1.00206307103
50299,50306,53856,7,3550,2,7200,1.00197183099
50366,50373,53937,7,3564,2,7200,1.0019640853
50524,50530,54088,6,3558,2,7200,1.00168634064
50960,50966,54743,6,3777,2,7200,1.00158856235
51050,51058,54564,8,3506,2,7200,1.00228180262
51447,51453,54954,6,3501,2,7200,1.00171379606
51520,51526,55000,6,3474,2,7200,1.00172711572
51541,51548,55263,7,3715,2,7200,1.00188425303
51562,51569,55153,7,3584,2,7200,1.001953125
51611,51618,55226,7,3608,2,7200,1.00194013304
51672,51679,54969,7,3290,2,7200,1.00212765957
51706,51713,55323,7,3610,2,7200,1.00193905817
51721,51728,55532,7,3804,2,7200,1.00184016824
51723,51735,55350,12,3615,2,7200,1.00331950207
51844,51850,55479,6,3629,2,7200,1.00165334803
51932,51938,55520,6,3582,2,7200,1.00167504188
51957,51963,55320,6,3357,2,7200,1.0017873101
52227,52235,56061,8,3826,2,7200,1.00209095661
52285,52292,56026,7,3734,2,7200,1.00187466524
52361,52368,56069,7,3701,2,7200,1.00189138071
52407,52413,56092,6,3679,2,7200,1.00163087796
52450,52457,56148,7,3691,2,7200,1.00189650501
52511,52517,56051,6,3534,2,7200,1.00169779287
52593,52600,56021,7,3421,2,7200,1.00204618533
52693,52699,56426,6,3727,2,7200,1.00160987389
52839,52846,56277,7,3431,2,7200,1.00204022151
52946,52953,56419,7,3466,2,7200,1.00201961916
52967,52973,56559,6,3586,2,7200,1.00167317345
52995,53002,56592,7,3590,2,7200,1.00194986072
53046,53054,56710,8,3656,2,7200,1.00218818381
53089,53095,56732,6,3637,2,7200,1.0016497113
53217,53223,57025,6,3802,2,7200,1.00157811678
53257,53264,56866,7,3602,2,7200,1.0019433648
53272,53278,56979,6,3701,2,7200,1.00162118346
53312,53319,56985,7,3666,2,7200,1.00190943808
53375,53383,56864,8,3481,2,7200,1.00229819018
53391,53397,57071,6,3674,2,7200,1.00163309744
53509,53516,57244,7,3728,2,7200,1.0018776824
53619,53626,57054,7,3428,2,7200,1.002042007
53670,53677,57203,7,3526,2,7200,1.00198525241
53857,53864,57579,7,3715,2,7200,1.00188425303
53936,53942,57691,6,3749,2,7200,1.00160042678
54091,54097,57685,6,3588,2,7200,1.0016722408
54564,54570,58114,6,3544,2,7200,1.00169300226
54746,54753,58449,7,3696,2,7200,1.00189393939
54953,54960,58462,7,3502,2,7200,1.0019988578
54971,54978,58677,7,3699,2,7200,1.00189240335
55002,55008,58701,6,3693,2,7200,1.00162469537
55154,55161,58848,7,3687,2,7200,1.00189856252
55228,55235,58868,7,3633,2,7200,1.00192678227
55264,55270,58672,6,3402,2,7200,1.00176366843
55322,55329,58985,7,3656,2,7200,1.00191466083
55338,55345,58955,7,3610,2,7200,1.00193905817
55353,55360,58986,7,3626,2,7200,1.00193050193
55410,55416,61462,6,6046,2,360000,1.00099239166
55481,55487,59052,6,3565,2,7200,1.00168302945
55521,55527,59251,6,3724,2,7200,1.00161117078
55536,55542,59191,6,3649,2,7200,1.00164428611
56025,56031,59766,6,3735,2,7200,1.0016064257
56040,56047,59694,7,3647,2,7200,1.0019193858
56055,56062,59592,7,3530,2,7200,1.00198300283
56070,56077,59928,7,3851,2,7200,1.00181770969
56072,56084,59500,12,3416,2,7200,1.00351288056
56093,56100,59633,7,3533,2,7200,1.00198131899
56151,56158,59628,7,3470,2,7200,1.00201729107
56275,56282,60025,7,3743,2,7200,1.00187015763
56421,56427,59834,6,3407,2,7200,1.00176108013
56436,56442,59977,6,3535,2,7200,1.00169731259
56555,56562,60110,7,3548,2,7200,1.0019729425
56594,56602,60343,8,3741,2,7200,1.00213846565
56710,56716,60284,6,3568,2,7200,1.00168161435
56731,56738,60257,7,3519,2,7200,1.00198920148
56865,56871,60448,6,3577,2,7200,1.00167738328
56866,56878,60447,12,3569,2,7200,1.00336228635
56961,57086,57612,125,526,2,2340,1.23764258555
56982,56988,60556,6,3568,2,7200,1.00168161435
56983,56995,60452,12,3457,2,7200,1.00347121782
57027,57033,60823,6,3790,2,7200,1.00158311346
57054,57061,60484,7,3423,2,7200,1.00204498978
57072,57079,60566,7,3487,2,7200,1.00200745627
57203,57209,60975,6,3766,2,7200,1.00159320234
57245,57251,60790,6,3539,2,7200,1.00169539418
57579,57585,61267,6,3682,2,7200,1.00162954916
57685,57692,61398,7,3706,2,7200,1.00188882893
57700,57707,61557,7,3850,2,7200,1.00181818182
58115,58122,61982,7,3860,2,7200,1.0018134715
58164,58170,58703,6,533,2,2340,1.01125703565
58449,58456,62181,7,3725,2,7200,1.00187919463
58464,58471,62000,7,3529,2,7200,1.00198356475
58674,58680,62280,6,3600,2,7200,1.00166666667
58689,58695,62215,6,3520,2,7200,1.00170454545
58704,58711,62229,7,3518,2,7200,1.00198976691
58850,58857,62463,7,3606,2,7200,1.0019412091
58868,58875,62394,7,3519,2,7200,1.00198920148
58957,58964,62629,7,3665,2,7200,1.00190995907
58984,58991,62444,7,3453,2,7200,1.0020272227
58985,58998,62598,13,3600,2,7200,1.00361111111
59052,59060,62405,8,3345,2,7200,1.0023916293
59192,59198,62869,6,3671,2,7200,1.00163443203
59253,59259,62927,6,3668,2,7200,1.00163576881
59501,59507,63099,6,3592,2,7200,1.00167037862
59593,59600,63159,7,3559,2,7200,1.00196684462
59629,59636,63184,7,3548,2,7200,1.0019729425
59644,59651,63320,7,3669,2,7200,1.00190787681
59696,59703,63437,7,3734,2,7200,1.00187466524
59766,59772,63390,6,3618,2,7200,1.00165837479
59833,59839,63526,6,3687,2,7200,1.0016273393
59930,59937,63504,7,3567,2,7200,1.00196243342
59979,59986,63430,7,3444,2,7200,1.00203252033
60025,60032,63651,7,3619,2,7200,1.00193423598
60113,60119,63731,6,3612,2,7200,1.00166112957
60256,60263,64061,7,3798,2,7200,1.0018430753
60283,60290,63825,7,3535,2,7200,1.00198019802
60344,60351,63873,7,3522,2,7200,1.0019875071
60447,60453,64151,6,3698,2,7200,1.00162249865
60448,60459,64374,11,3915,2,7200,1.00280970626
60464,60471,64084,7,3613,2,7200,1.0019374481
60485,60491,64238,6,3747,2,7200,1.00160128102
60558,60564,64282,6,3718,2,7200,1.00161377084
60573,60581,64092,8,3511,2,7200,1.00227855312
60789,60797,64494,8,3697,2,7200,1.00216391669
60823,60830,64673,7,3843,2,7200,1.00182149362
60978,60984,64702,6,3718,2,7200,1.00161377084
61267,61275,65066,8,3791,2,7200,1.00211026114
61401,61407,65003,6,3596,2,7200,1.00166852058
61559,61565,65070,6,3505,2,7200,1.00171184023
61981,61987,65614,6,3627,2,7200,1.00165425972
62003,62009,65500,6,3491,2,7200,1.00171870524
62182,62188,65731,6,3543,2,7200,1.0016934801
62218,62224,65987,6,3763,2,7200,1.0015944725
62233,62239,65752,6,3513,2,7200,1.00170794193
62279,62285,66083,6,3798,2,7200,1.00157977883
62394,62401,65994,7,3593,2,7200,1.00194823267
62409,62415,66002,6,3587,2,7200,1.001672707
62446,62452,65958,6,3506,2,7200,1.00171135197
62464,62470,66157,6,3687,2,7200,1.0016273393
62595,62603,66188,8,3585,2,7200,1.00223152022
62629,62636,66067,7,3431,2,7200,1.00204022151
62869,62876,66730,7,3854,2,7200,1.00181629476
62927,62933,66803,6,3870,2,7200,1.0015503876
63101,63107,66891,6,3784,2,7200,1.00158562368
63162,63169,66755,7,3586,2,7200,1.00195203569
63186,63194,66665,8,3471,2,7200,1.00230481129
63317,63324,66883,7,3559,2,7200,1.00196684462
63393,63400,67207,7,3807,2,7200,1.00183871815
63433,63439,66982,6,3543,2,7200,1.0016934801
63448,63454,67172,6,3718,2,7200,1.00161377084
63505,63513,67160,8,3647,2,7200,1.00219358377
63527,63533,67015,6,3482,2,7200,1.00172314762
63652,63658,67178,6,3520,2,7200,1.00170454545
63734,63741,67253,7,3512,2,7200,1.00199316629
63825,63831,67439,6,3608,2,7200,1.00166297118
63874,63881,67499,7,3618,2,7200,1.00193477059
64063,64069,67769,6,3700,2,7200,1.00162162162
64084,64090,67676,6,3586,2,7200,1.00167317345
64099,64107,67781,8,3674,2,7200,1.00217746326
64151,64157,67808,6,3651,2,7200,1.00164338537
64240,64246,67892,6,3646,2,7200,1.00164563906
64282,64288,68063,6,3775,2,7200,1.00158940397
64374,64381,67947,7,3566,2,7200,1.00196298374
64495,64502,68139,7,3637,2,7200,1.00192466318
64674,64680,68205,6,3525,2,7200,1.00170212766
64705,64711,68427,6,3716,2,7200,1.0016146394
65004,65011,68688,7,3677,2,7200,1.00190372586
65065,65072,68649,7,3577,2,7200,1.00195694716
65080,65086,68633,6,3547,2,7200,1.00169157034
65502,65509,69036,7,3527,2,7200,1.00198468954
65615,65621,69255,6,3634,2,7200,1.0016510732
65633,65639,65640,6,1,1,1800,1.0
65733,65741,69517,8,3776,2,7200,1.00211864407
65755,65761,69313,6,3552,2,7200,1.00168918919
65787,65793,65794,6,1,1,1800,1.0
65932,65938,67753,6,1815,1,1800,1.00330578512
65959,65966,69488,7,3522,2,7200,1.0019875071
65987,65993,69584,6,3591,2,7200,1.00167084378
66002,66008,69559,6,3551,2,7200,1.00168966488
66003,66016,69672,13,3656,2,7200,1.00355579869
66070,66078,69793,8,3715,2,7200,1.00215343203
66086,66093,69671,7,3578,2,7200,1.00195640022
66156,66162,69895,6,3733,2,7200,1.00160728636
66190,66196,69906,6,3710,2,7200,1.00161725067
66665,66672,70386,7,3714,2,7200,1.00188476037
66731,66739,70418,8,3679,2,7200,1.00217450394
66759,66766,70204,7,3438,2,7200,1.00203606748
66804,66811,70224,7,3413,2,7200,1.00205098154
66883,66889,70549,6,3660,2,7200,1.00163934426
66898,66905,70296,7,3391,2,7200,1.00206428782
66983,66991,70634,8,3643,2,7200,1.00219599231
67017,67023,70594,6,3571,2,7200,1.00168020162
67161,67168,70800,7,3632,2,7200,1.00192731278
67176,67183,71011,7,3828,2,7200,1.00182863114
67191,67197,70774,6,3577,2,7200,1.00167738328
67207,67213,70845,6,3632,2,7200,1.00165198238
67256,67262,70813,6,3551,2,7200,1.00168966488
67441,67447,71038,6,3591,2,7200,1.00167084378
67499,67505,71240,6,3735,2,7200,1.0016064257
67678,67685,71259,7,3574,2,7200,1.00195858982
67772,67779,71179,7,3400,2,7200,1.00205882353
67787,67793,71347,6,3554,2,7200,1.0016882386
67808,67815,71431,7,3616,2,7200,1.00193584071
67894,67901,71418,7,3517,2,7200,1.00199033267
67949,67956,71326,7,3370,2,7200,1.00207715134
68065,68071,71605,6,3534,2,7200,1.00169779287
68133,68140,68239,7,99,2,1800,1.07070707071
68140,68147,71955,7,3808,2,7200,1.00183823529
68207,68213,71913,6,3700,2,7200,1.00162162162
68269,68275,68821,6,546,1,3600,1.01098901099
68291,68649,69345,358,696,2,3600,1.51436781609
68361,68702,69690,341,988,2,3600,1.3451417004
68430,68436,72022,6,3586,2,7200,1.00167317345
68634,68642,72379,8,3737,2,7200,1.00214075462
68650,68657,72112,7,3455,2,7200,1.0020260492
68689,68695,72213,6,3518,2,7200,1.0017055145
69037,69044,72542,7,3498,2,7200,1.00200114351
69257,69263,73118,6,3855,2,7200,1.00155642023
69315,69321,72981,6,3660,2,7200,1.00163934426
69333,69340,71244,7,1904,2,2340,1.00367647059
69488,69494,73172,6,3678,2,7200,1.00163132137
69518,69526,73134,8,3608,2,7200,1.0022172949
69561,69567,73208,6,3641,2,7200,1.00164789893
69569,69701,71344,132,1643,3,28740,1.08034083993
69582,69590,73191,8,3601,2,7200,1.00222160511
69671,69678,73402,7,3724,2,7200,1.00187969925
69686,69694,73343,8,3649,2,7200,1.00219238147
69796,69802,73549,6,3747,2,7200,1.00160128102
69896,69903,73515,7,3612,2,7200,1.0019379845
69912,69918,73675,6,3757,2,7200,1.0015970189
70204,70210,73671,6,3461,2,7200,1.001733603
70225,70232,73854,7,3622,2,7200,1.0019326339
70298,70305,74176,7,3871,2,7200,1.00180831826
70389,70396,74187,7,3791,2,7200,1.0018464785
70420,70426,74209,6,3783,2,7200,1.00158604282
70551,70557,73962,6,3405,2,7200,1.00176211454
70597,70604,74156,7,3552,2,7200,1.00197072072
70636,70643,74235,7,3592,2,7200,1.00194877506
70776,70782,74480,6,3698,2,7200,1.00162249865
70800,70807,74391,7,3584,2,7200,1.001953125
70816,70822,74348,6,3526,2,7200,1.00170164492
70846,70853,74376,7,3523,2,7200,1.00198694295
71011,71017,74602,6,3585,2,7200,1.00167364017
71038,71045,74608,7,3563,2,7200,1.00196463654
71182,71189,74627,7,3438,2,7200,1.00203606748
71242,71249,74875,7,3626,2,7200,1.00193050193
71251,71258,72234,7,976,2,2340,1.00717213115
71261,71268,75049,7,3781,2,7200,1.00185136207
71327,71334,74898,7,3564,2,7200,1.0019640853
71349,71356,74939,7,3583,2,7200,1.00195367011
71419,71425,74969,6,3544,2,7200,1.00169300226
71434,71441,74947,7,3506,2,7200,1.0019965773
71605,71612,75096,7,3484,2,7200,1.00200918485
71914,71920,75477,6,3557,2,7200,1.00168681473
71957,71964,75385,7,3421,2,7200,1.00204618533
72024,72031,75899,7,3868,2,7200,1.00180972079
72115,72121,75602,6,3481,2,7200,1.00172364263
72215,72221,75895,6,3674,2,7200,1.00163309744
72232,72239,72244,7,5,1,900,1.2
72245,72252,73400,7,1148,2,2340,1.00609756098
72380,72386,76108,6,3722,2,7200,1.00161203654
72540,72548,76167,8,3619,2,7200,1.0022105554
72983,72989,76724,6,3735,2,7200,1.0016064257
73029,73197,73200,168,3,2,3540,17.1
73119,73125,76662,6,3537,2,7200,1.00169635284
73134,73142,76737,8,3595,2,7200,1.00222531293
73174,73180,76649,6,3469,2,7200,1.00172960507
73192,73204,76827,12,3623,2,7200,1.00331217223
73207,73213,76612,6,3399,2,7200,1.00176522507
73341,73348,76997,7,3649,2,7200,1.00191833379
73372,73378,74088,6,710,4,3600,1.00845070423
73402,73409,77047,7,3638,2,7200,1.00192413414
73407,73416,74575,9,1159,2,2340,1.00776531493
73517,73523,77035,6,3512,2,7200,1.00170842825
73551,73557,77118,6,3561,2,7200,1.00168491997
73673,73679,77300,6,3621,2,7200,1.00165700083
73688,73694,77258,6,3564,2,7200,1.00168350168
73856,73863,77558,7,3695,2,7200,1.00189445196
73966,73972,77676,6,3704,2,7200,1.00161987041
74158,74164,77764,6,3600,2,7200,1.00166666667
74176,74183,77767,7,3584,2,7200,1.001953125
74192,74198,77728,6,3530,2,7200,1.00169971671
74210,74216,77635,6,3419,2,7200,1.00175489909
74234,74242,77727,8,3485,2,7200,1.00229555237
74350,74357,77849,7,3492,2,7200,1.0020045819
74378,74385,77934,7,3549,2,7200,1.00197238659
74393,74400,78220,7,3820,2,7200,1.00183246073
74481,74488,78162,7,3674,2,7200,1.00190528035
74585,74592,75356,7,764,2,2340,1.00916230366
74603,74609,78049,6,3440,2,7200,1.00174418605
74618,74626,78309,8,3683,2,7200,1.00217214228
74634,74640,78154,6,3514,2,7200,1.00170745589
74877,74884,78472,7,3588,2,7200,1.0019509476
74899,74906,78698,7,3792,2,7200,1.00184599156
74941,74948,78500,7,3552,2,7200,1.00197072072
74956,74962,78767,6,3805,2,7200,1.00157687254
74972,74979,78891,7,3912,2,7200,1.00178936605
75051,75058,78780,7,3722,2,7200,1.0018807093
75096,75104,78671,8,3567,2,7200,1.00224278105
75355,75361,75367,6,6,1,900,1.2
75370,75376,76599,6,1223,2,2340,1.00490596893
75386,75392,79204,6,3812,2,7200,1.00157397692
75480,75487,79202,7,3715,2,7200,1.00188425303
75594,75600,75660,6,60,4,7200,1.1
75596,75671,75727,75,56,32,7200,2.33928571429
75605,75613,79006,8,3393,2,7200,1.00235779546
75811,75817,76661,6,844,8,18000,1.00710900474
75811,75822,76741,11,919,4,18000,1.0119695321
75992,75999,76754,7,755,3,3540,1.00927152318
76052,76063,77534,11,1471,1,18000,1.00747790619
76052,76058,77137,6,1079,2,18000,1.00556070436
76053,76086,77018,33,932,3,18000,1.03540772532
76054,76081,76956,27,875,5,18000,1.03085714286
76054,76075,76943,21,868,6,18000,1.02419354839
76055,76070,76929,15,859,7,18000,1.01746216531
76609,76615,77760,6,1145,2,2340,1.00524017467
77017,77023,78415,6,1392,5,14400,1.00431034483
77017,77028,78773,11,1745,5,14400,1.00630372493
77028,77034,78635,6,1601,5,14400,1.00374765771
77028,77040,78697,12,1657,5,14400,1.00724200362
77039,77047,78519,8,1472,5,14400,1.00543478261
77039,77052,78871,13,1819,5,14400,1.00714678395
77050,77059,78781,9,1722,5,14400,1.00522648084
77061,77067,78614,6,1547,5,14400,1.00387847447
77071,77079,78688,8,1609,5,14400,1.00497203232
77082,77088,78690,6,1602,5,14400,1.00374531835
77093,77148,78977,55,1829,5,14400,1.03007107709
77144,77573,79097,429,1524,5,14400,1.28149606299
77573,78531,80102,958,1571,5,14400,1.60980267346
77657,85392,119460,7735,34068,4,72000,1.22704590818
77657,85287,103083,7630,17796,2,72000,1.42874803327
77658,85360,150671,7702,65311,8,72000,1.11792806725
77658,85365,157393,7707,72028,8,72000,1.10700005553
77658,85397,149805,7739,64408,4,72000,1.12015588126
77658,85413,103155,7755,17742,2,72000,1.43709841055
77659,85418,153012,7759,67594,2,72000,1.11478829482
77659,85370,157385,7711,72015,8,72000,1.10707491495
77659,85402,157409,7743,72007,4,72000,1.10753121224
77659,85423,157450,7764,72027,2,72000,1.10779291099
77660,85407,157416,7747,72009,4,72000,1.10758377425
77660,85376,157415,7716,72039,8,72000,1.10710864948
77720,78060,79339,340,1279,1,18000,1.26583268178
77721,78173,79339,452,1166,2,18000,1.38765008576
77721,78321,79339,600,1018,4,18000,1.58939096267
77722,78484,79340,762,856,8,18000,1.89018691589
77771,77777,78535,6,758,2,2340,1.00791556728
77877,77884,81428,7,3544,2,3540,1.0019751693
78532,78627,80458,95,1831,5,14400,1.05188421628
78533,78540,78545,7,5,1,900,1.2
78551,78558,80195,7,1637,2,2340,1.00427611484
78625,78648,80336,23,1688,5,14400,1.01362559242
78646,78684,80409,38,1725,5,14400,1.02202898551
78687,78700,80202,13,1502,5,14400,1.0086551265
78697,78707,80203,10,1496,5,14400,1.00668449198
78698,78713,80142,15,1429,5,14400,1.01049685094
78719,78785,80451,66,1666,5,14400,1.03961584634
78780,78792,80345,12,1553,5,14400,1.00772698004
78791,78800,80615,9,1815,5,14400,1.00495867769
78802,78883,80405,81,1522,5,14400,1.05321944809
78884,78990,80494,106,1504,5,14400,1.0704787234
78986,79018,80577,32,1559,5,14400,1.02052597819
79017,79110,80612,93,1502,5,14400,1.06191744341
79110,79468,81012,358,1544,5,14400,1.23186528497
79340,79346,79451,6,105,1,18000,1.05714285714
79341,79363,79451,22,88,2,18000,1.25
79341,79358,79451,17,93,4,18000,1.18279569892
79342,79352,79451,10,99,8,18000,1.10101010101
79456,79463,80991,7,1528,1,18000,1.00458115183
79457,79986,80846,529,860,2,18000,1.61511627907
79458,79479,80624,21,1145,4,18000,1.01834061135
79458,79474,79974,16,500,8,18000,1.032
79987,79994,81593,7,1599,5,14400,1.00437773609
79998,80113,81554,115,1441,5,14400,1.07980569049
80110,80154,81777,44,1623,5,14400,1.02711028959
80152,80214,81951,62,1737,5,14400,1.03569372481
80202,80595,82264,393,1669,2,2340,1.23547034152
80213,80221,81844,8,1623,5,14400,1.00492914356
80224,80348,81882,124,1534,5,14400,1.08083441982
80347,80358,82275,11,1917,5,14400,1.0057381325
80358,80418,82004,60,1586,5,14400,1.03783102144
80419,80425,81917,6,1492,5,14400,1.00402144772
80430,80463,82108,33,1645,5,14400,1.02006079027
80461,80470,82124,9,1654,5,14400,1.00544135429
80472,80507,82345,35,1838,5,14400,1.01904243743
80503,80590,82170,87,1580,5,14400,1.05506329114
80595,80625,82302,30,1677,5,14400,1.01788908766
80616,80632,82297,16,1665,5,14400,1.00960960961
80626,81025,82756,399,1731,5,14400,1.23050259965
80640,80646,81181,6,535,4,18000,1.01121495327
80879,82293,86242,1414,3949,2,360000,1.358065333
81014,81223,82863,209,1640,5,14400,1.12743902439
81113,81125,81211,12,86,1,18000,1.13953488372
81114,81120,81211,6,91,2,18000,1.06593406593
81219,81802,83431,583,1629,5,14400,1.35788827502
81234,81240,81241,6,1,1,18000,1.0
81235,81894,99935,659,18041,2,18000,1.03652790865
81236,81605,99643,369,18038,8,18000,1.02045681339
81236,81929,99931,693,18002,4,18000,1.0384957227
81238,81900,99930,662,18030,2,18000,1.03671658347
81238,81862,99895,624,18033,1,18000,1.03460322742
81239,81856,99897,617,18041,4,18000,1.03419987806
81240,81789,99797,549,18008,8,18000,1.03048645047
81933,81963,83735,30,1772,5,14400,1.01693002257
81964,82017,83768,53,1751,5,14400,1.03026841805
82015,82121,83687,106,1566,5,14400,1.06768837803
82118,82136,83736,18,1600,5,14400,1.01125
82139,82182,83691,43,1509,5,14400,1.02849569251
82180,82288,84026,108,1738,5,14400,1.06214039125
82271,82469,83615,198,1146,2,2340,1.17277486911
82293,82309,83910,16,1601,5,14400,1.0099937539
82303,82317,83974,14,1657,5,14400,1.00844900422
82314,82356,84062,42,1706,5,14400,1.02461899179
82355,82418,83889,63,1471,5,14400,1.04282800816
82417,82425,84176,8,1751,5,14400,1.00456881782
82427,82768,84355,341,1587,5,14400,1.21487082546
82764,82874,84524,110,1650,5,14400,1.06666666667
82877,83442,85123,565,1681,5,14400,1.33610945866
83438,83700,85243,262,1543,5,14400,1.16979909268
83613,83627,83631,14,4,1,900,1.8
83625,85141,86748,1516,1607,2,2340,1.94337274424
83704,83710,85244,6,1534,5,14400,1.00391134289
83714,83748,85434,34,1686,5,14400,1.02016607355
83745,83754,85429,9,1675,5,14400,1.00537313433
83756,83780,85363,24,1583,5,14400,1.01516108654
83777,83902,85281,125,1379,5,14400,1.09064539521
83900,83922,85248,22,1326,5,14400,1.01659125189
83920,83986,85523,66,1537,5,14400,1.04294079375
83982,84038,85356,56,1318,5,14400,1.04248861912
84044,84073,85498,29,1425,5,14400,1.02035087719
84075,84188,85843,113,1655,5,14400,1.06827794562
84187,84368,86242,181,1874,5,14400,1.09658484525
84371,84535,86349,164,1814,5,14400,1.09040793826
84535,85136,86546,601,1410,5,14400,1.42624113475
84767,85381,85727,614,346,1,1140,2.77456647399
84768,85386,85727,618,341,1,1140,2.81231671554
85138,85255,86777,117,1522,5,14400,1.07687253614
85251,85261,86850,10,1589,5,14400,1.00629326621
85262,85268,86976,6,1708,5,14400,1.00351288056
85272,85294,86824,22,1530,5,14400,1.01437908497
85293,85354,87054,61,1700,5,14400,1.03588235294
85355,85430,87245,75,1815,5,14400,1.04132231405
85427,85436,87202,9,1766,5,14400,1.00509626274
85437,85444,86694,7,1250,5,14400,1.0056
85448,85454,87022,6,1568,5,14400,1.00382653061
85459,85465,86995,6,1530,5,14400,1.00392156863
85469,85510,87113,41,1603,5,14400,1.02557704304
85511,85535,86945,24,1410,5,14400,1.0170212766
85532,85855,87602,323,1747,5,14400,1.18488838008
85726,85739,85740,13,1,1,900,1.4
85858,86248,87817,390,1569,5,14400,1.24856596558
86246,86254,87715,8,1461,5,14400,1.00547570157
86257,86361,88184,104,1823,5,14400,1.05704882063
86359,86557,88036,198,1479,5,14400,1.13387423935
86553,86707,88326,154,1619,5,14400,1.09512044472
86707,86789,88279,82,1490,5,14400,1.05503355705
86754,86762,88393,8,1631,2,2340,1.00490496628
86789,86836,88738,47,1902,5,14400,1.0247108307
86840,86863,88293,23,1430,5,14400,1.01608391608
86861,86957,88674,96,1717,5,14400,1.0559114735
86953,86989,88589,36,1600,5,14400,1.0225
86984,87007,88410,23,1403,5,14400,1.01639344262
87005,87034,88716,29,1682,5,14400,1.01724137931
87036,87067,88600,31,1533,5,14400,1.02022178735
87067,87124,88625,57,1501,5,14400,1.03797468354
87127,87257,87758,130,501,8,6000,1.25948103792
87260,87727,88231,467,504,8,6000,1.92658730159
87730,87770,88279,40,509,8,6000,1.07858546169
87771,87828,88343,57,515,8,6000,1.11067961165
87833,88197,88700,364,503,8,6000,1.72365805169
88200,88243,88748,43,505,8,6000,1.08514851485
88241,88291,88791,50,500,8,6000,1.1
88293,88299,88817,6,518,8,6000,1.01158301158
88304,88338,88838,34,500,8,6000,1.068
88335,88356,88859,21,503,8,6000,1.04174950298
88355,88600,89107,245,507,8,6000,1.483234714
88401,88408,89439,7,1031,2,2340,1.00678952473
88538,98376,244570,9838,146194,2,360000,1.0672941434
88600,88612,89122,12,510,8,6000,1.02352941176
88611,88686,89191,75,505,8,6000,1.14851485149
88683,88713,89218,30,505,8,6000,1.05940594059
88714,88729,89237,15,508,8,6000,1.02952755906
88724,88760,89271,36,511,8,6000,1.07045009785
88756,88803,89315,47,512,8,6000,1.091796875
88807,88828,89340,21,512,8,6000,1.041015625
88828,88849,89357,21,508,8,6000,1.04133858268
88849,88870,89379,21,509,8,6000,1.04125736739
88861,109754,162144,20893,52390,8,259200,1.39879748044
88870,89120,89621,250,501,8,6000,1.49900199601
89115,89134,89640,19,506,8,6000,1.03754940711
89136,89202,89714,66,512,8,6000,1.12890625
89198,89231,89740,33,509,8,6000,1.06483300589
89229,89249,89758,20,509,8,6000,1.03929273084
89250,89283,89796,33,513,8,6000,1.06432748538
89281,89327,89839,46,512,8,6000,1.08984375
89332,89353,89862,21,509,8,6000,1.04125736739
89353,89369,89873,16,504,8,6000,1.03174603175
89374,89392,89897,18,505,8,6000,1.03564356436
89395,89633,90143,238,510,8,6000,1.46666666667
89437,89444,89451,7,7,1,900,1.4
89452,89460,89925,8,465,2,2340,1.01720430108
89629,89652,90163,23,511,8,6000,1.04500978474
89650,89725,90237,75,512,8,6000,1.146484375
89722,89753,90262,31,509,8,6000,1.06090373281
89753,89769,90284,16,515,8,6000,1.03106796117
89774,89807,90320,33,513,8,6000,1.06432748538
89805,89851,90358,46,507,8,6000,1.09072978304
89846,89873,90381,27,508,8,6000,1.0531496063
89877,89886,90397,9,511,8,6000,1.01761252446
89888,89909,90426,21,517,8,6000,1.04061895551
89909,90154,90669,245,515,8,6000,1.47572815534
89923,89929,89930,6,1,1,900,1.0
90154,90175,90688,21,513,8,6000,1.04093567251
90174,90248,90771,74,523,8,6000,1.14149139579
90246,90274,90797,28,523,8,6000,1.05353728489
90277,90296,90813,19,517,8,6000,1.03675048356
90298,90332,90852,34,520,8,6000,1.06538461538
90329,90371,90889,42,518,8,6000,1.08108108108
90370,90394,90913,24,519,8,6000,1.04624277457
90391,90409,90929,18,520,8,6000,1.03461538462
90412,90439,90959,27,520,8,6000,1.05192307692
90443,90681,91194,238,513,8,6000,1.46393762183
90678,90700,91223,22,523,8,6000,1.04206500956
90699,90783,91298,84,515,8,6000,1.16310679612
90781,90808,91322,27,514,8,6000,1.05252918288
90812,90826,91343,14,517,8,6000,1.02707930368
90823,90864,91383,41,519,8,6000,1.07899807322
90864,90902,91425,38,523,8,6000,1.07265774379
90905,90925,91444,20,519,8,6000,1.03853564547
90926,90941,91457,15,516,8,6000,1.02906976744
90937,90970,91489,33,519,8,6000,1.06358381503
90968,91017,91544,49,527,8,6000,1.09297912713
91020,91205,91726,185,521,8,6000,1.35508637236
91204,91234,91761,30,527,8,6000,1.0569259962
91235,91310,91842,75,532,8,6000,1.14097744361
91306,91335,91858,29,523,8,6000,1.05544933078
91337,91355,91884,18,529,8,6000,1.03402646503
91358,91395,91916,37,521,8,6000,1.07101727447
91400,91437,91963,37,526,8,6000,1.07034220532
91441,91455,91977,14,522,8,6000,1.02681992337
91451,91468,91988,17,520,8,6000,1.03269230769
91472,91501,92018,29,517,8,6000,1.05609284333
91503,91557,92087,54,530,8,6000,1.10188679245
91555,91739,92262,184,523,8,6000,1.35181644359
91739,91772,92298,33,526,8,6000,1.06273764259
91770,91855,92379,85,524,8,6000,1.16221374046
91852,91869,92395,17,526,8,6000,1.03231939163
91873,91896,92427,23,531,8,6000,1.04331450094
91894,91928,92450,34,522,8,6000,1.06513409962
91925,91974,92504,49,530,8,6000,1.09245283019
91976,91988,92517,12,529,8,6000,1.02268431002
91987,92001,92525,14,524,8,6000,1.02671755725
91997,92029,92558,32,529,8,6000,1.06049149338
92028,92099,92627,71,528,8,6000,1.13446969697
92100,92274,92790,174,516,8,6000,1.33720930233
92274,92311,92836,37,525,8,6000,1.07047619048
92315,92391,92918,76,527,8,6000,1.14421252372
92387,92408,92936,21,528,8,6000,1.03977272727
92408,92439,92974,31,535,8,6000,1.05794392523
92439,92462,92999,23,537,8,6000,1.04283054004
92460,92516,93045,56,529,8,6000,1.10586011342
92521,92529,93064,8,535,8,6000,1.01495327103
92532,92538,93073,6,535,8,6000,1.01121495327
92542,92570,93098,28,528,8,6000,1.05303030303
92573,92639,93166,66,527,8,6000,1.12523719165
92635,92802,93335,167,533,8,6000,1.31332082552
92799,92848,93376,49,528,8,6000,1.0928030303
92850,92931,93464,81,533,8,6000,1.15196998124
92932,92949,93483,17,534,8,6000,1.03183520599
92953,92987,93516,34,529,8,6000,1.06427221172
92984,93010,93542,26,532,8,6000,1.04887218045
93008,93056,93060,48,4,5,14400,5.2
93059,93073,93076,14,3,5,14400,1.7
93070,93080,93084,10,4,5,14400,1.4
93081,93087,93090,6,3,5,14400,1.0
93092,93098,93102,6,4,5,14400,1.0
93103,93109,93112,6,3,5,14400,1.0
93113,93119,93123,6,4,5,14400,1.0
93124,93130,93134,6,4,5,14400,1.0
93135,93141,93144,6,3,5,14400,1.0
93145,93151,93154,6,3,5,14400,1.0
93156,93163,93166,7,3,5,14400,1.0
93167,93178,93183,11,5,5,14400,1.6
93167,93173,93176,6,3,5,14400,1.0
93178,93185,93188,7,3,5,14400,1.0
93188,93194,93198,6,4,5,14400,1.0
93199,93210,93215,11,5,5,14400,1.6
93199,93205,93208,6,3,5,14400,1.0
93210,93218,93221,8,3,5,14400,1.1
93222,93228,93231,6,3,5,14400,1.0
93223,93234,93237,11,3,5,14400,1.4
93233,93240,93244,7,4,5,14400,1.1
93244,93250,93253,6,3,5,14400,1.0
93254,93261,93264,7,3,5,14400,1.0
93255,93266,93269,11,3,5,14400,1.4
93266,93272,93275,6,3,5,14400,1.0
93276,93282,93285,6,3,5,14400,1.0
93277,93288,93291,11,3,5,14400,1.4
93287,93294,93298,7,4,5,14400,1.1
93298,93304,93308,6,4,5,14400,1.0
93310,93317,93321,7,4,5,14400,1.1
93311,93322,93325,11,3,5,14400,1.4
93322,93328,93331,6,3,5,14400,1.0
93332,93338,93341,6,3,5,14400,1.0
93333,93343,93346,10,3,5,14400,1.3
93343,93350,93354,7,4,5,14400,1.1
93344,93357,93360,13,3,5,14400,1.6
93354,93363,93371,9,8,5,14400,1.7
93357,93369,93373,12,4,5,14400,1.6
93367,93375,93380,8,5,5,14400,1.3
93368,93381,93384,13,3,5,14400,1.6
93378,93388,93391,10,3,5,14400,1.3
93379,93393,93397,14,4,5,14400,1.8
93390,93405,93408,15,3,5,14400,1.8
93390,93400,93403,10,3,5,14400,1.3
93401,93412,93415,11,3,5,14400,1.4
93402,93417,93420,15,3,5,14400,1.8
93412,93424,93427,12,3,5,14400,1.5
93413,93429,93432,16,3,5,14400,1.9
93423,93436,93439,13,3,5,14400,1.6
93434,93448,93451,14,3,5,14400,1.7
93434,93442,93445,8,3,5,14400,1.1
93445,93454,93457,9,3,5,14400,1.2
93445,93460,93463,15,3,5,14400,1.8
93456,93467,93470,11,3,5,14400,1.4
93457,93472,93475,15,3,5,14400,1.8
93467,93479,93482,12,3,5,14400,1.5
93468,93484,93487,16,3,5,14400,1.9
93478,93491,93494,13,3,5,14400,1.6
93489,93497,93501,8,4,5,14400,1.2
93489,93503,93506,14,3,5,14400,1.7
93500,93515,93518,15,3,5,14400,1.8
93500,93510,93513,10,3,5,14400,1.3
93511,93521,93524,10,3,5,14400,1.3
93512,93527,93530,15,3,5,14400,1.8
93522,93534,93538,12,4,5,14400,1.6
93523,93539,93542,16,3,5,14400,1.9
93533,93546,93550,13,4,5,14400,1.7
93544,93557,93561,13,4,5,14400,1.7
93544,93552,93555,8,3,5,14400,1.1
93555,93570,93574,15,4,5,14400,1.9
93555,93565,93568,10,3,5,14400,1.3
93566,93576,93580,10,4,5,14400,1.4
93567,93582,93585,15,3,5,14400,1.8
93577,93589,93592,12,3,5,14400,1.5
93578,93594,93597,16,3,5,14400,1.9
93588,93600,93603,12,3,5,14400,1.5
93599,93607,93610,8,3,5,14400,1.1
93599,93613,93617,14,4,5,14400,1.8
93610,93620,93623,10,3,5,14400,1.3
93611,93625,93629,14,4,5,14400,1.8
93621,93632,93635,11,3,5,14400,1.4
93622,93637,93640,15,3,5,14400,1.8
93632,93644,93647,12,3,5,14400,1.5
93633,93649,93652,16,3,5,14400,1.9
93644,93656,93660,12,4,5,14400,1.6
93654,93662,93665,8,3,5,14400,1.1
93655,93668,93671,13,3,5,14400,1.6
93665,93674,93677,9,3,5,14400,1.2
93666,93680,93684,14,4,5,14400,1.8
93676,93686,93689,10,3,5,14400,1.3
93677,93692,93695,15,3,5,14400,1.8
93687,93699,93703,12,4,5,14400,1.6
93688,93705,93708,17,3,5,14400,2.0
93699,93712,93715,13,3,5,14400,1.6
93709,93718,93721,9,3,5,14400,1.2
93710,93724,93727,14,3,5,14400,1.7
93720,93730,93734,10,4,5,14400,1.4
93721,93736,93740,15,4,5,14400,1.9
93731,93742,93745,11,3,5,14400,1.4
93732,93748,93751,16,3,5,14400,1.9
93746,93755,93772,9,17,8,6000,1.52941176471
93747,93760,93782,13,22,8,6000,1.59090909091
93758,93772,93793,14,21,8,6000,1.66666666667
93758,93766,93785,8,19,8,6000,1.42105263158
93769,93783,93811,14,28,8,6000,1.5
93769,93778,93800,9,22,8,6000,1.40909090909
93780,93796,93820,16,24,8,6000,1.66666666667
93780,93791,93808,11,17,8,6000,1.64705882353
93791,93808,93830,17,22,8,6000,1.77272727273
93791,93803,93820,12,17,8,6000,1.70588235294
93802,93815,93841,13,26,8,6000,1.5
93813,93827,93849,14,22,8,6000,1.63636363636
93813,93821,93841,8,20,8,6000,1.4
93824,93834,93853,10,19,8,6000,1.52631578947
93824,93839,93860,15,21,8,6000,1.71428571429
93835,93846,93871,11,25,8,6000,1.44
93836,93851,93872,15,21,8,6000,1.71428571429
93846,93858,93882,12,24,8,6000,1.5
93847,93863,93883,16,20,8,6000,1.8
93857,93869,93894,12,25,8,6000,1.48
93868,93877,93896,9,19,8,6000,1.47368421053
93868,93882,93906,14,24,8,6000,1.58333333333
93879,93889,93914,10,25,8,6000,1.4
93879,93894,93915,15,21,8,6000,1.71428571429
93890,93900,93923,10,23,8,6000,1.4347826087
93891,93906,93930,15,24,8,6000,1.625
93901,93912,93935,11,23,8,6000,1.47826086957
93902,93918,93941,16,23,8,6000,1.69565217391
93912,93925,93939,13,14,8,6000,1.92857142857
93923,93932,93958,9,26,8,6000,1.34615384615
93923,93937,93961,14,24,8,6000,1.58333333333
93934,93944,93971,10,27,8,6000,1.37037037037
93935,93949,93976,14,27,8,6000,1.51851851852
93945,93956,93979,11,23,8,6000,1.47826086957
93946,93961,93984,15,23,8,6000,1.65217391304
93956,93967,93991,11,24,8,6000,1.45833333333
93957,93973,93999,16,26,8,6000,1.61538461538
93967,93980,94002,13,22,8,6000,1.59090909091
93978,93987,94010,9,23,8,6000,1.39130434783
93978,93992,94018,14,26,8,6000,1.53846153846
93989,93999,94023,10,24,8,6000,1.41666666667
93990,94004,94031,14,27,8,6000,1.51851851852
94000,94011,94037,11,26,8,6000,1.42307692308
94001,94016,94043,15,27,8,6000,1.55555555556
94012,94023,94049,11,26,8,6000,1.42307692308
94012,94028,94061,16,33,8,6000,1.48484848485
94023,94034,94058,11,24,8,6000,1.45833333333
94033,94041,94067,8,26,8,6000,1.30769230769
94034,94046,94072,12,26,8,6000,1.46153846154
94044,94053,94082,9,29,8,6000,1.31034482759
94045,94059,94082,14,23,8,6000,1.60869565217
94056,94071,94099,15,28,8,6000,1.53571428571
94056,94066,94101,10,35,8,6000,1.28571428571
94067,94083,94107,16,24,8,6000,1.66666666667
94067,94078,94104,11,26,8,6000,1.42307692308
94078,94095,94127,17,32,8,6000,1.53125
94078,94090,94114,12,24,8,6000,1.5
94089,94102,94129,13,27,8,6000,1.48148148148
94100,94114,94146,14,32,8,6000,1.4375
94100,94108,94130,8,22,8,6000,1.36363636364
94111,94126,94153,15,27,8,6000,1.55555555556
94111,94121,94150,10,29,8,6000,1.34482758621
94122,94138,94164,16,26,8,6000,1.61538461538
94122,94133,94158,11,25,8,6000,1.44
94133,94145,94174,12,29,8,6000,1.41379310345
94134,94150,94179,16,29,8,6000,1.55172413793
94144,94156,94185,12,29,8,6000,1.41379310345
94155,94168,94196,13,28,8,6000,1.46428571429
94155,94162,94192,7,30,8,6000,1.23333333333
94166,94180,94206,14,26,8,6000,1.53846153846
94166,94174,94202,8,28,8,6000,1.28571428571
94177,94187,94219,10,32,8,6000,1.3125
94178,94192,94221,14,29,8,6000,1.48275862069
94188,94199,94228,11,29,8,6000,1.37931034483
94189,94204,94233,15,29,8,6000,1.51724137931
94199,94211,94240,12,29,8,6000,1.41379310345
94200,94216,94247,16,31,8,6000,1.51612903226
94210,94223,94256,13,33,8,6000,1.39393939394
94221,94229,94262,8,33,8,6000,1.24242424242
94221,94235,94266,14,31,8,6000,1.45161290323
94232,94242,94270,10,28,8,6000,1.35714285714
94232,94248,94281,16,33,8,6000,1.48484848485
94243,94255,94288,12,33,8,6000,1.36363636364
94244,94260,94284,16,24,8,6000,1.66666666667
94254,94267,94297,13,30,8,6000,1.43333333333
94265,94273,94303,8,30,8,6000,1.26666666667
94265,94279,94311,14,32,8,6000,1.4375
94276,94286,94316,10,30,8,6000,1.33333333333
94277,94291,94323,14,32,8,6000,1.4375
94287,94298,94333,11,35,8,6000,1.31428571429
94288,94303,94340,15,37,8,6000,1.40540540541
94298,94310,94342,12,32,8,6000,1.375
94299,94315,94346,16,31,8,6000,1.51612903226
94310,94321,94353,11,32,8,6000,1.34375
94320,94329,94363,9,34,8,6000,1.26470588235
94321,94334,94368,13,34,8,6000,1.38235294118
94331,94341,94377,10,36,8,6000,1.27777777778
94342,94348,94384,6,36,8,6000,1.16666666667
94343,94353,94387,10,34,8,6000,1.29411764706
94353,94361,94399,8,38,8,6000,1.21052631579
94368,94375,94378,7,3,5,14400,1.0
94368,94380,94384,12,4,5,14400,1.6
94379,94387,94390,8,3,5,14400,1.1
94380,94392,94395,12,3,5,14400,1.5
94390,94399,94402,9,3,5,14400,1.2
94391,94404,94407,13,3,5,14400,1.6
94401,94411,94414,10,3,5,14400,1.3
94402,94416,94419,14,3,5,14400,1.7
94412,94423,94426,11,3,5,14400,1.4
94413,94428,94432,15,4,5,14400,1.9
94424,94435,94439,11,4,5,14400,1.5
94424,94440,94443,16,3,5,14400,1.9
94435,94446,94450,11,4,5,14400,1.5
94445,94453,94456,8,3,5,14400,1.1
94446,94459,94462,13,3,5,14400,1.6
94456,94466,94469,10,3,5,14400,1.3
94457,94471,94474,14,3,5,14400,1.7
94467,94478,94482,11,4,5,14400,1.5
94468,94483,94486,15,3,5,14400,1.8
94479,94490,94493,11,3,5,14400,1.4
94479,94495,94498,16,3,5,14400,1.9
94490,94501,94504,11,3,5,14400,1.4
94500,94508,94511,8,3,5,14400,1.1
94501,94514,94517,13,3,5,14400,1.6
94511,94521,94524,10,3,5,14400,1.3
94512,94526,94530,14,4,5,14400,1.8
94522,94532,94535,10,3,5,14400,1.3
94523,94538,94541,15,3,5,14400,1.8
94534,94550,94553,16,3,5,14400,1.9
94534,94545,94548,11,3,5,14400,1.4
94545,94556,94560,11,4,5,14400,1.5
94555,94564,94567,9,3,5,14400,1.2
94556,94569,94572,13,3,5,14400,1.6
94566,94575,94578,9,3,5,14400,1.2
94567,94581,94584,14,3,5,14400,1.7
94577,94588,94592,11,4,5,14400,1.5
94578,94593,94596,15,3,5,14400,1.8
94588,94600,94603,12,3,5,14400,1.5
94589,94605,94609,16,4,5,14400,2.0
94600,94612,94615,12,3,5,14400,1.5
94610,94618,94621,8,3,5,14400,1.1
94611,94624,94627,13,3,5,14400,1.6
94621,94630,94634,9,4,5,14400,1.3
94622,94636,94639,14,3,5,14400,1.7
94632,94643,94647,11,4,5,14400,1.5
94633,94648,94657,15,9,5,14400,2.4
94643,94655,94658,12,3,5,14400,1.5
94644,94660,94664,16,4,5,14400,2.0
94654,94667,94669,13,2,5,14400,1.5
94665,94673,94676,8,3,5,14400,1.1
94666,94679,94682,13,3,5,14400,1.6
94676,94686,94689,10,3,5,14400,1.3
94677,94691,94695,14,4,5,14400,1.8
94687,94698,94702,11,4,5,14400,1.5
94688,94703,94706,15,3,5,14400,1.8
94698,94710,94713,12,3,5,14400,1.5
94699,94715,94718,16,3,5,14400,1.9
94709,94721,94724,12,3,5,14400,1.5
94717,94739,94741,22,2,2,3540,2.4
94720,94729,94732,9,3,5,14400,1.2
94721,94734,94737,13,3,5,14400,1.6
94731,94746,94749,15,3,5,14400,1.8
94732,94751,94754,19,3,5,14400,2.2
94742,94757,94761,15,4,5,14400,1.9
94753,94770,94774,17,4,5,14400,2.1
94753,94764,94768,11,4,5,14400,1.5
94764,94777,94780,13,3,5,14400,1.6
94775,94789,94792,14,3,5,14400,1.7
94775,94784,94786,9,2,5,14400,1.1
94786,94796,94799,10,3,5,14400,1.3
94786,94801,94804,15,3,5,14400,1.8
94797,94808,94810,11,2,5,14400,1.3
94797,94813,94816,16,3,5,14400,1.9
94808,94825,94828,17,3,5,14400,2.0
94808,94820,94823,12,3,5,14400,1.5
94819,94831,94835,12,4,5,14400,1.6
94830,94838,94841,8,3,5,14400,1.1
94830,94844,94847,14,3,5,14400,1.7
94841,94850,94853,9,3,5,14400,1.2
94841,94856,94865,15,9,5,14400,2.4
94852,94868,94871,16,3,5,14400,1.9
94852,94863,94867,11,4,5,14400,1.5
94863,94880,94884,17,4,5,14400,2.1
94863,94875,94879,12,4,5,14400,1.6
94874,94887,94890,13,3,5,14400,1.6
94885,94894,94898,9,4,5,14400,1.3
94886,94899,94902,13,3,5,14400,1.6
94896,94905,94910,9,5,5,14400,1.4
94897,94911,94914,14,3,5,14400,1.7
94907,94918,94920,11,2,5,14400,1.3
94908,94923,94926,15,3,5,14400,1.8
94919,94930,94936,11,6,5,14400,1.7
94919,94935,94938,16,3,5,14400,1.9
94930,94942,94945,12,3,5,14400,1.5
94930,94947,94951,17,4,5,14400,2.1
94941,94954,94958,13,4,5,14400,1.7
94952,94960,94963,8,3,5,14400,1.1
94952,94966,94970,14,4,5,14400,1.8
94963,94972,94975,9,3,5,14400,1.2
94963,94978,94982,15,4,5,14400,1.9
94974,94985,94991,11,6,5,14400,1.7
94989,95001,95017,12,16,8,6000,1.75
94989,94995,95014,6,19,8,6000,1.31578947368
95000,95007,95025,7,18,8,6000,1.38888888889
95000,95013,95033,13,20,8,6000,1.65
95011,95019,95041,8,22,8,6000,1.36363636364
95012,95024,95045,12,21,8,6000,1.57142857143
95022,95032,95049,10,17,8,6000,1.58823529412
95023,95037,95057,14,20,8,6000,1.7
95033,95044,95060,11,16,8,6000,1.6875
95034,95049,95072,15,23,8,6000,1.65217391304
95044,95056,95080,12,24,8,6000,1.5
95045,95061,95081,16,20,8,6000,1.8
95056,95068,95090,12,22,8,6000,1.54545454545
95066,95075,95094,9,19,8,6000,1.47368421053
95067,95080,95101,13,21,8,6000,1.61904761905
95077,95086,95112,9,26,8,6000,1.34615384615
95078,95092,95113,14,21,8,6000,1.66666666667
95088,95098,95123,10,25,8,6000,1.4
95089,95104,95124,15,20,8,6000,1.75
95100,95116,95135,16,19,8,6000,1.84210526316
95100,95111,95136,11,25,8,6000,1.44
95111,95122,95146,11,24,8,6000,1.45833333333
95121,95130,95154,9,24,8,6000,1.375
95122,95135,95155,13,20,8,6000,1.65
95132,95142,95165,10,23,8,6000,1.4347826087
95133,95147,95173,14,26,8,6000,1.53846153846
95143,95153,95176,10,23,8,6000,1.4347826087
95144,95159,95182,15,23,8,6000,1.65217391304
95155,95166,95185,11,19,8,6000,1.57894736842
95155,95171,95192,16,21,8,6000,1.7619047619
95166,95178,95202,12,24,8,6000,1.5
95177,95184,95207,7,23,8,6000,1.30434782609
95177,95190,95212,13,22,8,6000,1.59090909091
95188,95197,95220,9,23,8,6000,1.39130434783
95189,95202,95225,13,23,8,6000,1.5652173913
95199,95209,95231,10,22,8,6000,1.45454545455
95200,95214,95239,14,25,8,6000,1.56
95210,95221,95243,11,22,8,6000,1.5
95211,95226,95249,15,23,8,6000,1.65217391304
95222,95233,95259,11,26,8,6000,1.42307692308
95222,95238,95267,16,29,8,6000,1.55172413793
95233,95245,95275,12,30,8,6000,1.4
95234,95250,95281,16,31,8,6000,1.51612903226
95244,95257,95283,13,26,8,6000,1.5
95255,95263,95289,8,26,8,6000,1.30769230769
95255,95268,95295,13,27,8,6000,1.48148148148
95266,95281,95307,15,26,8,6000,1.57692307692
95266,95276,95301,10,25,8,6000,1.4
95277,95288,95313,11,25,8,6000,1.44
95278,95293,95321,15,28,8,6000,1.53571428571
95288,95300,95323,12,23,8,6000,1.52173913043
95289,95305,95336,16,31,8,6000,1.51612903226
95299,95312,95339,13,27,8,6000,1.48148148148
95310,95318,95344,8,26,8,6000,1.30769230769
95310,95323,95348,13,25,8,6000,1.52
95321,95330,95355,9,25,8,6000,1.36
95322,95335,95367,13,32,8,6000,1.40625
95332,95342,95369,10,27,8,6000,1.37037037037
95333,95347,95369,14,22,8,6000,1.63636363636
95343,95354,95382,11,28,8,6000,1.39285714286
95344,95359,95388,15,29,8,6000,1.51724137931
95354,95366,95393,12,27,8,6000,1.44444444444
95355,95372,95397,17,25,8,6000,1.68
95366,95378,95405,12,27,8,6000,1.44444444444
95376,95384,95414,8,30,8,6000,1.26666666667
95377,95390,95418,13,28,8,6000,1.46428571429
95387,95397,95425,10,28,8,6000,1.35714285714
95388,95402,95431,14,29,8,6000,1.48275862069
95398,95409,95437,11,28,8,6000,1.39285714286
95399,95414,95442,15,28,8,6000,1.53571428571
95410,95425,95457,15,32,8,6000,1.46875
95410,95420,95448,10,28,8,6000,1.35714285714
95421,95433,95462,12,29,8,6000,1.41379310345
95422,95438,95466,16,28,8,6000,1.57142857143
95432,95445,95473,13,28,8,6000,1.46428571429
95443,95452,95481,9,29,8,6000,1.31034482759
95443,95457,95490,14,33,8,6000,1.42424242424
95454,95464,95496,10,32,8,6000,1.3125
95454,95469,95502,15,33,8,6000,1.45454545455
95465,95476,95506,11,30,8,6000,1.36666666667
95465,95481,95508,16,27,8,6000,1.59259259259
95476,95488,95518,12,30,8,6000,1.4
95477,95493,95525,16,32,8,6000,1.5
95487,95500,95522,13,22,8,6000,1.59090909091
95498,95512,95541,14,29,8,6000,1.48275862069
95498,95506,95536,8,30,8,6000,1.26666666667
95509,95519,95550,10,31,8,6000,1.32258064516
95509,95524,95555,15,31,8,6000,1.48387096774
95520,95531,95563,11,32,8,6000,1.34375
95521,95536,95571,15,35,8,6000,1.42857142857
95531,95543,95581,12,38,8,6000,1.31578947368
95532,95548,95582,16,34,8,6000,1.47058823529
95543,95555,95587,12,32,8,6000,1.375
95544,95560,95593,16,33,8,6000,1.48484848485
95554,95567,95602,13,35,8,6000,1.37142857143
95565,95579,95614,14,35,8,6000,1.4
95565,95573,95603,8,30,8,6000,1.26666666667
95576,95586,95621,10,35,8,6000,1.28571428571
95587,95593,95626,6,33,8,6000,1.18181818182
95587,95598,95634,11,36,8,6000,1.30555555556
95595,95606,95610,11,4,5,14400,1.5
95596,95611,95614,15,3,5,14400,1.8
95606,95617,95620,11,3,5,14400,1.4
95607,95623,95626,16,3,5,14400,1.9
95618,95630,95634,12,4,5,14400,1.6
95628,95637,95640,9,3,5,14400,1.2
95629,95642,95645,13,3,5,14400,1.6
95639,95649,95652,10,3,5,14400,1.3
95640,95654,95658,14,4,5,14400,1.8
95651,95660,95664,9,4,5,14400,1.3
95651,95666,95669,15,3,5,14400,1.8
95662,95673,95680,11,7,5,14400,1.8
95662,95678,95681,16,3,5,14400,1.9
95673,95685,95688,12,3,5,14400,1.5
95683,95691,95694,8,3,5,14400,1.1
95684,95696,95700,12,4,5,14400,1.6
95694,95704,95708,10,4,5,14400,1.4
95695,95709,95713,14,4,5,14400,1.8
95705,95715,95719,10,4,5,14400,1.4
95706,95722,95726,16,4,5,14400,2.0
95717,95728,95734,11,6,5,14400,1.7
95717,95733,95736,16,3,5,14400,1.9
95722,95738,95909,16,171,1,3600,1.09356725146
95728,95745,95749,17,4,5,14400,2.1
95738,95751,95755,13,4,5,14400,1.7
95749,95757,95760,8,3,5,14400,1.1
95749,95763,95766,14,3,5,14400,1.7
95760,95769,95772,9,3,5,14400,1.2
95760,95775,95778,15,3,5,14400,1.8
95771,95782,95785,11,3,5,14400,1.4
95772,95787,95790,15,3,5,14400,1.8
95782,95794,95798,12,4,5,14400,1.6
95783,95799,95802,16,3,5,14400,1.9
95793,95806,95809,13,3,5,14400,1.6
95804,95813,95816,9,3,5,14400,1.2
95804,95818,95821,14,3,5,14400,1.7
95815,95824,95828,9,4,5,14400,1.3
95815,95830,95833,15,3,5,14400,1.8
95826,95836,95839,10,3,5,14400,1.3
95826,95842,95845,16,3,5,14400,1.9
95837,95848,95852,11,4,5,14400,1.5
95838,95854,95857,16,3,5,14400,1.9
95848,95861,95864,13,3,5,14400,1.6
95859,95867,95870,8,3,5,14400,1.1
95860,95873,95878,13,5,5,14400,1.8
95871,95885,95888,14,3,5,14400,1.7
95871,95880,95883,9,3,5,14400,1.2
95882,95897,95900,15,3,5,14400,1.8
95882,95891,95894,9,3,5,14400,1.2
95893,95904,95908,11,4,5,14400,1.5
95894,95909,95916,15,7,5,14400,2.2
95904,95915,95918,11,3,5,14400,1.4
95905,95921,95925,16,4,5,14400,2.0
95915,95927,95931,12,4,5,14400,1.6
95926,95933,95937,7,4,5,14400,1.1
95926,95939,95943,13,4,5,14400,1.7
95937,95946,95950,9,4,5,14400,1.3
95937,95951,95954,14,3,5,14400,1.7
95948,95957,95961,9,4,5,14400,1.3
95948,95963,95967,15,4,5,14400,1.9
95959,95970,95974,11,4,5,14400,1.5
95960,95975,95979,15,4,5,14400,1.9
95970,95982,95985,12,3,5,14400,1.5
95971,95987,95990,16,3,5,14400,1.9
95981,95994,95997,13,3,5,14400,1.6
95992,96001,96005,9,4,5,14400,1.3
95992,96006,96009,14,3,5,14400,1.7
96003,96013,96015,10,2,5,14400,1.2
96003,96018,96021,15,3,5,14400,1.8
96014,96025,96029,11,4,5,14400,1.5
96014,96030,96033,16,3,5,14400,1.9
96025,96036,96041,11,5,5,14400,1.6
96026,96042,96046,16,4,5,14400,2.0
96036,96048,96051,12,3,5,14400,1.5
96047,96061,96065,14,4,5,14400,1.8
96047,96055,96058,8,3,5,14400,1.1
96058,96068,96071,10,3,5,14400,1.3
96058,96073,96076,15,3,5,14400,1.8
96069,96080,96083,11,3,5,14400,1.4
96069,96085,96088,16,3,5,14400,1.9
96080,96092,96095,12,3,5,14400,1.5
96081,96097,96100,16,3,5,14400,1.9
96088,96109,96457,21,348,1,3600,1.06034482759
96091,96104,96107,13,3,5,14400,1.6
96102,96115,96118,13,3,5,14400,1.6
96102,96121,96124,19,3,5,14400,2.2
96113,96128,96130,15,2,5,14400,1.7
96124,96134,96137,10,3,5,14400,1.3
96124,96140,96144,16,4,5,14400,2.0
96135,96152,96156,17,4,5,14400,2.1
96135,96147,96150,12,3,5,14400,1.5
96146,96158,96162,12,4,5,14400,1.6
96157,96165,96168,8,3,5,14400,1.1
96157,96171,96174,14,3,5,14400,1.7
96168,96177,96181,9,4,5,14400,1.3
96168,96183,96187,15,4,5,14400,1.9
96179,96190,96194,11,4,5,14400,1.5
96179,96195,96198,16,3,5,14400,1.9
96190,96201,96205,11,4,5,14400,1.5
96190,96207,96210,17,3,5,14400,2.0
96201,96213,96216,12,3,5,14400,1.5
96212,96220,96228,8,8,5,14400,1.6
96226,96232,96254,6,22,8,6000,1.27272727273
96227,96238,96254,11,16,8,6000,1.6875
96237,96245,96262,8,17,8,6000,1.47058823529
96238,96250,96271,12,21,8,6000,1.57142857143
96248,96256,96279,8,23,8,6000,1.34782608696
96249,96262,96282,13,20,8,6000,1.65
96259,96269,96286,10,17,8,6000,1.58823529412
96260,96274,96293,14,19,8,6000,1.73684210526
96270,96281,96297,11,16,8,6000,1.6875
96271,96286,96308,15,22,8,6000,1.68181818182
96282,96293,96314,11,21,8,6000,1.52380952381
96282,96298,96318,16,20,8,6000,1.8
96293,96305,96327,12,22,8,6000,1.54545454545
96303,96312,96331,9,19,8,6000,1.47368421053
96304,96317,96339,13,22,8,6000,1.59090909091
96314,96324,96349,10,25,8,6000,1.4
96315,96329,96350,14,21,8,6000,1.66666666667
96325,96336,96360,11,24,8,6000,1.45833333333
96327,96341,96361,14,20,8,6000,1.7
96337,96348,96373,11,25,8,6000,1.44
96338,96353,96372,15,19,8,6000,1.78947368421
96348,96360,96383,12,23,8,6000,1.52173913043
96349,96365,96390,16,25,8,6000,1.64
96359,96371,96392,12,21,8,6000,1.57142857143
96370,96378,96402,8,24,8,6000,1.33333333333
96371,96384,96408,13,24,8,6000,1.54166666667
96381,96391,96413,10,22,8,6000,1.45454545455
96382,96396,96419,14,23,8,6000,1.60869565217
96392,96402,96417,10,15,8,6000,1.66666666667
96393,96408,96429,15,21,8,6000,1.71428571429
96403,96415,96439,12,24,8,6000,1.5
96404,96420,96443,16,23,8,6000,1.69565217391
96415,96427,96449,12,22,8,6000,1.54545454545
96425,96433,96457,8,24,8,6000,1.33333333333
96426,96439,96462,13,23,8,6000,1.5652173913
96436,96445,96468,9,23,8,6000,1.39130434783
96437,96451,96475,14,24,8,6000,1.58333333333
96448,96458,96480,10,22,8,6000,1.45454545455
96448,96463,96486,15,23,8,6000,1.65217391304
96459,96470,96496,11,26,8,6000,1.42307692308
96459,96475,96501,16,26,8,6000,1.61538461538
96470,96482,96512,12,30,8,6000,1.4
96480,96488,96515,8,27,8,6000,1.2962962963
96481,96494,96521,13,27,8,6000,1.48148148148
96491,96500,96526,9,26,8,6000,1.34615384615
96492,96506,96537,14,31,8,6000,1.45161290323
96503,96512,96536,9,24,8,6000,1.375
96503,96517,96543,14,26,8,6000,1.53846153846
96514,96524,96550,10,26,8,6000,1.38461538462
96514,96530,96558,16,28,8,6000,1.57142857143
96525,96537,96561,12,24,8,6000,1.5
96525,96542,96573,17,31,8,6000,1.54838709677
96536,96549,96577,13,28,8,6000,1.46428571429
96547,96556,96582,9,26,8,6000,1.34615384615
96547,96561,96585,14,24,8,6000,1.58333333333
96558,96567,96592,9,25,8,6000,1.36
96558,96572,96605,14,33,8,6000,1.42424242424
96569,96580,96607,11,27,8,6000,1.40740740741
96570,96585,96609,15,24,8,6000,1.625
96581,96592,96620,11,28,8,6000,1.39285714286
96581,96597,96626,16,29,8,6000,1.55172413793
96592,96604,96631,12,27,8,6000,1.44444444444
96602,96610,96637,8,27,8,6000,1.2962962963
96603,96616,96643,13,27,8,6000,1.48148148148
96613,96623,96656,10,33,8,6000,1.30303030303
96614,96628,96657,14,29,8,6000,1.48275862069
96625,96634,96665,9,31,8,6000,1.29032258065
96625,96640,96670,15,30,8,6000,1.5
96636,96646,96675,10,29,8,6000,1.34482758621
96636,96652,96680,16,28,8,6000,1.57142857143
96647,96659,96685,12,26,8,6000,1.46153846154
96647,96664,96697,17,33,8,6000,1.51515151515
96658,96670,96701,12,31,8,6000,1.38709677419
96669,96678,96707,9,29,8,6000,1.31034482759
96669,96683,96715,14,32,8,6000,1.4375
96680,96695,96727,15,32,8,6000,1.46875
96680,96689,96720,9,31,8,6000,1.29032258065
96691,96707,96738,16,31,8,6000,1.51612903226
96691,96702,96733,11,31,8,6000,1.35483870968
96702,96719,96746,17,27,8,6000,1.62962962963
96702,96713,96744,11,31,8,6000,1.35483870968
96713,96725,96759,12,34,8,6000,1.35294117647
96724,96738,96760,14,22,8,6000,1.63636363636
96724,96733,96766,9,33,8,6000,1.27272727273
96735,96744,96775,9,31,8,6000,1.29032258065
96735,96750,96780,15,30,8,6000,1.5
96746,96756,96791,10,35,8,6000,1.28571428571
96746,96761,96792,15,31,8,6000,1.48387096774
96757,96767,96804,10,37,8,6000,1.27027027027
96768,96774,96808,6,34,8,6000,1.17647058824
96768,96780,96818,12,38,8,6000,1.31578947368
96779,96793,96829,14,36,8,6000,1.38888888889
96779,96787,96823,8,36,8,6000,1.22222222222
96790,96799,96831,9,32,8,6000,1.28125
96801,96807,96842,6,35,8,6000,1.17142857143
96801,96812,96843,11,31,8,6000,1.35483870968
96812,96818,96853,6,35,8,6000,1.17142857143
96812,96824,96860,12,36,8,6000,1.33333333333
96823,96841,97696,18,855,1,3600,1.02105263158
96823,96831,96865,8,34,8,6000,1.23529411765
96823,96836,96869,13,33,8,6000,1.39393939394
96838,96848,96851,10,3,5,14400,1.3
96839,96853,96858,14,5,5,14400,1.9
96849,96860,96863,11,3,5,14400,1.4
96850,96865,96868,15,3,5,14400,1.8
96860,96872,96875,12,3,5,14400,1.5
96861,96877,96880,16,3,5,14400,1.9
96871,96884,96887,13,3,5,14400,1.6
96883,96890,96899,7,9,5,14400,1.6
96883,96896,96900,13,4,5,14400,1.7
96894,96908,96912,14,4,5,14400,1.8
96894,96903,96906,9,3,5,14400,1.2
96905,96915,96918,10,3,5,14400,1.3
96905,96920,96923,15,3,5,14400,1.8
96916,96927,96930,11,3,5,14400,1.4
96916,96932,96935,16,3,5,14400,1.9
96927,96939,96943,12,4,5,14400,1.6
96928,96944,96947,16,3,5,14400,1.9
96938,96951,96955,13,4,5,14400,1.7
96949,96957,96962,8,5,5,14400,1.3
96949,96962,96967,13,5,5,14400,1.8
96960,96970,96973,10,3,5,14400,1.3
96961,96975,96978,14,3,5,14400,1.7
96971,96982,96985,11,3,5,14400,1.4
96972,96987,96990,15,3,5,14400,1.8
96982,96993,96997,11,4,5,14400,1.5
96983,96999,97003,16,4,5,14400,2.0
96993,97005,97009,12,4,5,14400,1.6
97004,97011,97016,7,5,5,14400,1.2
97004,97017,97020,13,3,5,14400,1.6
97015,97024,97028,9,4,5,14400,1.3
97016,97029,97033,13,4,5,14400,1.7
97026,97036,97040,10,4,5,14400,1.4
97027,97041,97045,14,4,5,14400,1.8
97037,97048,97051,11,3,5,14400,1.4
97038,97053,97056,15,3,5,14400,1.8
97048,97060,97064,12,4,5,14400,1.6
97049,97065,97068,16,3,5,14400,1.9
97059,97071,97076,12,5,5,14400,1.7
97070,97078,97082,8,4,5,14400,1.2
97071,97084,97088,13,4,5,14400,1.7
97081,97091,97095,10,4,5,14400,1.4
97082,97096,97099,14,3,5,14400,1.7
97092,97103,97106,11,3,5,14400,1.4
97093,97108,97112,15,4,5,14400,1.9
97103,97115,97118,12,3,5,14400,1.5
97104,97120,97124,16,4,5,14400,2.0
97115,97126,97137,11,11,5,14400,2.0
97125,97133,97136,8,3,5,14400,1.1
97126,97138,97142,12,4,5,14400,1.6
97136,97145,97149,9,4,5,14400,1.3
97137,97151,97154,14,3,5,14400,1.7
97147,97158,97161,11,3,5,14400,1.4
97148,97163,97166,15,3,5,14400,1.8
97158,97170,97175,12,5,5,14400,1.7
97159,97175,97179,16,4,5,14400,2.0
97170,97181,97185,11,4,5,14400,1.5
97180,97189,97192,9,3,5,14400,1.2
97181,97194,97197,13,3,5,14400,1.6
97191,97201,97205,10,4,5,14400,1.4
97192,97206,97209,14,3,5,14400,1.7
97202,97213,97216,11,3,5,14400,1.4
97203,97218,97221,15,3,5,14400,1.8
97214,97224,97228,10,4,5,14400,1.4
97214,97230,97233,16,3,5,14400,1.9
97225,97242,97245,17,3,5,14400,2.0
97225,97237,97240,12,3,5,14400,1.5
97236,97249,97253,13,4,5,14400,1.7
97247,97261,97265,14,4,5,14400,1.8
97247,97255,97259,8,4,5,14400,1.2
97258,97273,97276,15,3,5,14400,1.8
97258,97268,97272,10,4,5,14400,1.4
97269,97285,97288,16,3,5,14400,1.9
97269,97280,97283,11,3,5,14400,1.4
97280,97297,97304,17,7,5,14400,2.4
97280,97291,97295,11,4,5,14400,1.5
97291,97304,97307,13,3,5,14400,1.6
97302,97310,97314,8,4,5,14400,1.2
97303,97316,97320,13,4,5,14400,1.7
97313,97323,97328,10,5,5,14400,1.5
97314,97328,97331,14,3,5,14400,1.7
97324,97334,97338,10,4,5,14400,1.4
97325,97340,97343,15,3,5,14400,1.8
97335,97347,97350,12,3,5,14400,1.5
97336,97352,97355,16,3,5,14400,1.9
97346,97359,97362,13,3,5,14400,1.6
97357,97365,97369,8,4,5,14400,1.2
97358,97371,97374,13,3,5,14400,1.6
97368,97377,97382,9,5,5,14400,1.4
97369,97383,97386,14,3,5,14400,1.7
97379,97390,97393,11,3,5,14400,1.4
97380,97395,97398,15,3,5,14400,1.8
97390,97402,97409,12,7,5,14400,1.9
97391,97407,97410,16,3,5,14400,1.9
97402,97413,97418,11,5,5,14400,1.6
97412,97420,97424,8,4,5,14400,1.2
97413,97426,97429,13,3,5,14400,1.6
97423,97432,97437,9,5,5,14400,1.4
97424,97438,97441,14,3,5,14400,1.7
97434,97445,97448,11,3,5,14400,1.4
97435,97450,97453,15,3,5,14400,1.8
98346,176712,186804,78366,10092,16,540000,8.76516052319
98991,98997,99116,6,119,1,3600,1.05042016807
99260,99267,99431,7,164,1,3600,1.04268292683
99294,99301,99652,7,351,1,3600,1.01994301994
99605,99611,100066,6,455,1,3600,1.01318681319
100152,100158,100917,6,759,1,3600,1.00790513834
100425,100431,101422,6,991,1,3600,1.00605449041
102676,102682,102829,6,147,1,3600,1.04081632653
103012,103018,103396,6,378,1,3600,1.01587301587
103111,103117,103235,6,118,1,1800,1.05084745763
103541,103547,103663,6,116,1,1800,1.05172413793
103888,103895,104512,7,617,1,3600,1.0113452188
104333,104339,104912,6,573,1,1800,1.01047120419
106681,106687,106803,6,116,1,1800,1.05172413793
106702,106708,106752,6,44,1,1800,1.13636363636
107075,107081,107158,6,77,1,1800,1.07792207792
107130,107136,107248,6,112,1,1800,1.05357142857
107954,107961,108539,7,578,1,1800,1.01211072664
108150,108156,108446,6,290,1,1800,1.02068965517
110504,110510,110560,6,50,1,1800,1.12
110625,110741,117393,116,6652,2,198000,1.0174383644
110898,110904,110976,6,72,1,1800,1.08333333333
111060,111066,169908,6,58842,1,259200,1.00010196798
111075,111081,242324,6,131243,1,259200,1.00004571672
111092,111098,375101,6,264003,1,360000,1.00002272701
111601,112231,166185,630,53954,1,259200,1.01167661341
111620,112328,233646,708,121318,1,259200,1.00583590234
111632,112334,358380,702,246046,1,432000,1.00285312503
111665,111671,111764,6,93,2,1800,1.06451612903
111984,111991,113315,7,1324,2,3600,1.00528700906
112022,112028,112313,6,285,1,1800,1.02105263158
112121,112127,112139,6,12,2,3600,1.5
112128,112135,112478,7,343,1,3600,1.02040816327
112199,112205,113616,6,1411,4,3600,1.00425230333
112300,112306,112684,6,378,2,3600,1.01587301587
115488,115494,147964,6,32470,4,32400,1.00018478596
115803,115809,116759,6,950,1,1800,1.00631578947
116120,116126,118313,6,2187,5,14400,1.00274348422
116130,116136,118740,6,2604,5,14400,1.00230414747
116131,116142,118643,11,2501,5,14400,1.0043982407
116141,116149,118636,8,2487,5,14400,1.00321672698
116142,116154,118419,12,2265,5,14400,1.00529801325
116152,116161,119113,9,2952,5,14400,1.00304878049
116153,116167,118666,14,2499,5,14400,1.0056022409
116164,116179,118618,15,2439,5,14400,1.0061500615
116164,116173,118632,9,2459,5,14400,1.0036600244
116175,116191,118923,16,2732,5,14400,1.00585651537
116175,116185,118451,10,2266,5,14400,1.00441306267
116186,116197,118531,11,2334,5,14400,1.00471293916
116186,116204,118553,18,2349,5,14400,1.00766283525
116197,116210,119004,13,2794,5,14400,1.00465282749
116208,116217,118889,9,2672,5,14400,1.00336826347
116208,116223,118808,15,2585,5,14400,1.00580270793
116219,116229,118602,10,2373,5,14400,1.00421407501
116230,116236,118737,6,2501,5,14400,1.00239904038
116240,116246,118483,6,2237,5,14400,1.00268216361
116251,116258,118931,7,2673,5,14400,1.0026187804
116261,116268,118588,7,2320,5,14400,1.00301724138
116272,116279,118984,7,2705,5,14400,1.00258780037
116283,116290,118687,7,2397,5,14400,1.00292031706
116293,116300,118590,7,2290,5,14400,1.00305676856
116304,116310,118754,6,2444,5,14400,1.00245499182
116315,116321,118537,6,2216,5,14400,1.00270758123
116317,116338,116719,21,381,2,18000,1.05511811024
116317,116343,116718,26,375,1,18000,1.06933333333
116318,116332,116718,14,386,4,18000,1.03626943005
116319,116327,116719,8,392,8,18000,1.02040816327
116346,116352,118659,6,2307,5,14400,1.00260078023
116356,116364,118850,8,2486,5,14400,1.00321802092
116367,116373,118627,6,2254,5,14400,1.00266193434
116378,116384,118833,6,2449,5,14400,1.00244997958
116388,116731,119436,343,2705,5,14400,1.12680221811
116735,116742,119291,7,2549,5,14400,1.00274617497
116746,116752,119271,6,2519,5,14400,1.00238189758
116757,118326,121315,1569,2989,5,14400,1.52492472399
117255,118604,119322,1349,718,2,18000,2.87883008357
117255,117261,117375,6,114,1,18000,1.05263157895
117256,118599,119351,1343,752,4,18000,2.78590425532
117257,118549,119323,1292,774,8,18000,2.66925064599
117284,118431,119410,1147,979,4,2340,2.17160367722
117391,118555,119313,1164,758,1,18000,2.53562005277
118251,118258,226304,7,108046,2,108000,1.00006478722
118414,176736,189648,58322,12912,8,43200,5.51688351921
118420,176742,189233,58322,12491,8,43200,5.66912176767
118457,176747,190083,58290,13336,8,43200,5.37087582484
118519,176753,190553,58234,13800,8,43200,5.21985507246
118600,176847,189786,58247,12939,8,43200,5.50166164309
118602,118611,121099,9,2488,5,14400,1.00361736334
118613,118619,120951,6,2332,5,14400,1.0025728988
118623,118630,121183,7,2553,5,14400,1.00274187231
118634,118641,121127,7,2486,5,14400,1.0028157683
118645,118651,121279,6,2628,5,14400,1.00228310502
118655,176853,189573,58198,12720,8,43200,5.57531446541
118655,118662,121256,7,2594,5,14400,1.00269853508
118666,118672,121203,6,2531,5,14400,1.0023706045
118677,118683,121329,6,2646,5,14400,1.0022675737
118687,118694,121363,7,2669,5,14400,1.00262270513
118698,118704,121163,6,2459,5,14400,1.00244001627
118700,177006,189582,58306,12576,8,43200,5.6362913486
118709,118716,121233,7,2517,5,14400,1.0027810886
118719,118727,121345,8,2618,5,14400,1.00305576776
118730,118736,121404,6,2668,5,14400,1.00224887556
118741,118750,121281,9,2531,5,14400,1.00355590676
118751,118759,121388,8,2629,5,14400,1.00304298212
118762,118768,121223,6,2455,5,14400,1.00244399185
118773,118821,121435,48,2614,5,14400,1.01836266259
118827,118846,121286,19,2440,5,14400,1.00778688525
118848,118862,121504,14,2642,5,14400,1.0052990159
118858,118901,121464,43,2563,5,14400,1.0167772142
118900,118937,121299,37,2362,5,14400,1.01566469094
118941,118947,121661,6,2714,5,14400,1.00221075903
118951,118997,121377,46,2380,5,14400,1.01932773109
118993,119016,121484,23,2468,5,14400,1.00931928687
119013,119125,121638,112,2513,5,14400,1.04456824513
119126,119283,121717,157,2434,5,14400,1.06450287592
119279,119302,121599,23,2297,5,14400,1.01001306051
119300,119333,121945,33,2612,5,14400,1.01263399694
119331,119340,121930,9,2590,5,14400,1.00347490347
119342,119364,121643,22,2279,5,14400,1.00965335674
119363,119423,121588,60,2165,5,14400,1.02771362587
119409,121297,121301,1888,4,1,900,189.2
119418,121311,122232,1893,921,4,2340,3.05537459283
119425,119448,121563,23,2115,5,14400,1.01087470449
119445,119472,121945,27,2473,5,14400,1.01091791347
119476,120963,123117,1487,2154,5,14400,1.69034354689
119524,123492,138558,3968,15066,4,21600,1.2633744856
120966,121112,123580,146,2468,5,14400,1.05915721232
121109,121139,123797,30,2658,5,14400,1.01128668172
121140,121175,123944,35,2769,5,14400,1.01263994222
121171,121195,123799,24,2604,5,14400,1.00921658986
121191,121216,123541,25,2325,5,14400,1.01075268817
121212,121236,123579,24,2343,5,14400,1.01024327785
121233,121246,123656,13,2410,5,14400,1.00539419087
121244,121269,123771,25,2502,5,14400,1.00999200639
121265,121291,123825,26,2534,5,14400,1.01026045777
121296,121303,123911,7,2608,5,14400,1.00268404908
121306,121318,124178,12,2860,5,14400,1.0041958042
121317,121328,123903,11,2575,5,14400,1.00427184466
121328,121342,123481,14,2139,5,14400,1.00654511454
121338,121357,123797,19,2440,5,14400,1.00778688525
121359,121376,123701,17,2325,5,14400,1.00731182796
121380,121390,123851,10,2461,5,14400,1.00406338887
121391,121400,123808,9,2408,5,14400,1.00373754153
121401,121417,123966,16,2549,5,14400,1.00627697136
121412,121448,123989,36,2541,5,14400,1.01416765053
121443,121477,123771,34,2294,5,14400,1.01482127289
121474,121496,124296,22,2800,5,14400,1.00785714286
121495,121515,123871,20,2356,5,14400,1.00848896435
121516,121575,124215,59,2640,5,14400,1.02234848485
121528,124118,175994,2590,51876,2,108000,1.0499267484
121577,121600,124106,23,2506,5,14400,1.00917797287
121598,121612,124563,14,2951,5,14400,1.00474415452
121609,121650,123917,41,2267,5,14400,1.01808557565
121650,121656,124267,6,2611,5,14400,1.00229797013
121661,121674,124071,13,2397,5,14400,1.00542344597
121671,121730,124093,59,2363,5,14400,1.02496826069
121733,121942,124699,209,2757,5,14400,1.07580703663
121854,131312,184911,9458,53599,2,108000,1.17645851602
121937,121957,124318,20,2361,5,14400,1.00847098687
121958,121965,124450,7,2485,5,14400,1.00281690141
121980,122244,124402,264,2158,5,14400,1.12233549583
122231,123498,123501,1267,3,1,900,127.0
122244,123554,124477,1310,923,4,2340,2.41928494041
122247,123130,125733,883,2603,5,14400,1.33922397234
122976,122982,123754,6,772,1,18000,1.00777202073
122977,123766,124504,789,738,2,18000,2.06910569106
122978,123668,124421,690,753,4,18000,1.91633466135
122978,123808,124582,830,774,8,18000,2.07235142119
123056,176731,176835,53675,104,16,72000,517.105769231
123698,124309,125955,611,1646,64,3600,1.37120291616
123716,125966,128841,2250,2875,64,5400,1.78260869565
123807,123864,126426,57,2562,5,14400,1.02224824356
123868,123883,126333,15,2450,5,14400,1.00612244898
123879,123922,126197,43,2275,5,14400,1.0189010989
123891,123898,123899,7,1,4,3600,1.0
123920,123957,126903,37,2946,5,14400,1.01255940258
123961,123979,126396,18,2417,5,14400,1.00744724866
123982,124084,126503,102,2419,5,14400,1.04216618437
124085,124105,126399,20,2294,5,14400,1.00871839582
124105,124190,126482,85,2292,5,14400,1.03708551483
124187,124227,126852,40,2625,5,14400,1.01523809524
124229,124278,126561,49,2283,5,14400,1.0214629873
124280,124330,126654,50,2324,5,14400,1.02151462995
124331,124433,127237,102,2804,5,14400,1.03637660485
124382,125977,126141,1595,164,4,18000,10.7256097561
124384,124390,124391,6,1,1,900,1.0
124434,124462,127137,28,2675,5,14400,1.01046728972
124465,124575,127181,110,2606,5,14400,1.04221028396
124475,124482,124486,7,4,1,900,1.1
124484,124490,126575,6,2085,4,2340,1.00287769784
124578,124594,126887,16,2293,5,14400,1.0069777584
124598,124605,127036,7,2431,5,14400,1.00287947347
124609,124710,126952,101,2242,5,14400,1.04504906334
124711,125972,128664,1261,2692,5,14400,1.46842496285
125418,128854,145850,3436,16996,8,21600,1.20216521534
125453,125746,125924,293,178,1,3600,2.64606741573
125652,157462,265501,31810,108039,2,108000,1.29443071483
125663,138245,469830,12582,331585,4,432000,1.03794502164
125974,126152,128459,178,2307,5,14400,1.07715648028
126141,128859,144910,2718,16051,8,21600,1.16933524391
126157,126209,128863,52,2654,5,14400,1.01959306707
126209,126346,128694,137,2348,5,14400,1.05834752981
126342,126407,128651,65,2244,5,14400,1.02896613191
126403,126414,128835,11,2421,5,14400,1.00454357703
126414,126439,128696,25,2257,5,14400,1.01107665042
126435,126494,128772,59,2278,5,14400,1.0258999122
126496,126516,129012,20,2496,5,14400,1.00801282051
126517,126573,128839,56,2266,5,14400,1.02471315093
126579,126587,128984,8,2397,5,14400,1.00333750521
126589,126667,129282,78,2615,5,14400,1.02982791587
126671,126864,129368,193,2504,5,14400,1.07707667732
126865,126899,129326,34,2427,5,14400,1.01400906469
126896,126915,129805,19,2890,5,14400,1.00657439446
126917,126965,129452,48,2487,5,14400,1.01930036188
126969,127049,129284,80,2235,5,14400,1.03579418345
127051,127150,129729,99,2579,5,14400,1.03838697169
127153,127192,129657,39,2465,5,14400,1.01582150101
127194,127249,129698,55,2449,5,14400,1.02245814618
127246,128471,130898,1225,2427,5,14400,1.50473836012
127303,160004,238872,32701,78868,2,108000,1.41462950753
127339,189584,621619,62245,432035,2,432000,1.14407397549
127621,128864,129796,1243,932,4,2940,2.33369098712
128461,181827,210383,53366,28556,16,72000,2.86881916235
128469,128663,131230,194,2567,5,14400,1.0755746007
128663,128676,131134,13,2458,5,14400,1.00528885273
128673,128707,131249,34,2542,5,14400,1.01337529504
128704,128714,131333,10,2619,5,14400,1.00381825124
128715,128784,131300,69,2516,5,14400,1.02742448331
128787,128847,131455,60,2608,5,14400,1.02300613497
128848,161055,171813,32207,10758,128,25140,3.99377207659
128848,128870,131484,22,2614,5,14400,1.00841622035
128869,128876,131321,7,2445,5,14400,1.00286298569
128879,128885,131280,6,2395,5,14400,1.00250521921
128890,128896,131148,6,2252,5,14400,1.0026642984
128901,128908,131534,7,2626,5,14400,1.00266565118
128911,128917,131314,6,2397,5,14400,1.00250312891
128922,128928,131580,6,2652,5,14400,1.00226244344
128932,128940,131422,8,2482,5,14400,1.00322320709
128937,178369,286414,49432,108045,2,108000,1.45751307326
128943,128950,131222,7,2272,5,14400,1.00308098592
128954,128961,131622,7,2661,5,14400,1.00263059
128965,128971,131290,6,2319,5,14400,1.00258732212
128975,128997,131311,22,2314,5,14400,1.00950734659
128976,171824,181815,42848,9991,64,17940,5.28865979381
128996,129025,131350,29,2325,5,14400,1.01247311828
129027,129294,131569,267,2275,5,14400,1.11736263736
129046,171830,176662,42784,4832,64,14340,9.85430463576
129295,129302,131580,7,2278,5,14400,1.00307287094
129305,129339,131993,34,2654,5,14400,1.01281085154
129336,129380,131898,44,2518,5,14400,1.01747418586
129378,129465,131824,87,2359,5,14400,1.03688003391
129470,129670,131806,200,2136,5,14400,1.0936329588
129492,146441,146937,16949,496,64,10740,35.1713709677
129519,176674,176676,47155,2,64,10740,4715.7
129673,144869,146430,15196,1561,64,2400,10.734785394
129674,129711,131737,37,2026,5,14400,1.01826258638
129707,129742,132171,35,2429,5,14400,1.0144092219
129738,129818,131951,80,2133,5,14400,1.03750586029
129794,129808,129810,14,2,1,900,1.6
129806,131324,132234,1518,910,4,2940,2.66813186813
129821,130910,133321,1089,2411,5,14400,1.45167980091
130915,131146,133827,231,2681,5,14400,1.0861618799
131149,131159,133733,10,2574,5,14400,1.00388500389
131160,131233,133774,73,2541,5,14400,1.02872884691
131233,131242,133582,9,2340,5,14400,1.00384615385
131244,131262,133677,18,2415,5,14400,1.00745341615
131265,131293,133672,28,2379,5,14400,1.01176965111
131297,131304,133768,7,2464,5,14400,1.00284090909
131308,131318,133722,10,2404,5,14400,1.00415973378
131319,131332,133930,13,2598,5,14400,1.00500384911
131330,131339,134059,9,2720,5,14400,1.00330882353
131340,131346,133939,6,2593,5,14400,1.0023139221
131351,131363,133529,12,2166,5,14400,1.0055401662
131362,131435,133825,73,2390,5,14400,1.03054393305
131435,131467,133786,32,2319,5,14400,1.01379905132
131466,131496,133856,30,2360,5,14400,1.01271186441
131497,131547,133944,50,2397,5,14400,1.02085940759
131548,131581,134078,33,2497,5,14400,1.01321585903
131579,131592,134140,13,2548,5,14400,1.00510204082
131590,131598,133883,8,2285,5,14400,1.00350109409
131601,131635,134365,34,2730,5,14400,1.01245421245
131632,131749,134033,117,2284,5,14400,1.05122591944
131744,131819,134383,75,2564,5,14400,1.02925117005
131816,131837,134332,21,2495,5,14400,1.00841683367
131837,131911,134623,74,2712,5,14400,1.02728613569
131909,131963,134232,54,2269,5,14400,1.02379903041
131961,132006,134611,45,2605,5,14400,1.01727447217
132002,132183,134495,181,2312,5,14400,1.07828719723
132153,162157,162210,30004,53,8,129600,567.113207547
132153,161061,172506,28908,11445,8,129600,3.52581913499
132154,162273,174625,30119,12352,8,129600,3.43839054404
132154,162222,162261,30068,39,8,129600,771.974358974
132186,132245,134532,59,2287,5,14400,1.02579798863
132232,133595,133599,1363,4,1,900,136.7
132244,133844,135214,1600,1370,4,2940,2.16788321168
132249,133334,135919,1085,2585,5,14400,1.41972920696
133197,133272,133282,75,10,1,3600,8.5
133197,133203,133260,6,57,2,3600,1.10526315789
133332,133684,135951,352,2267,5,14400,1.15527128363
133417,133547,134413,130,866,1,1800,1.15011547344
133417,133541,133738,124,197,4,1800,1.62944162437
133417,133423,133797,6,374,2,1800,1.01604278075
133418,133690,133803,272,113,8,1800,3.40707964602
133691,133735,136193,44,2458,5,14400,1.0179007323
133735,133746,135931,11,2185,5,14400,1.00503432494
133746,133753,136332,7,2579,5,14400,1.00271423032
133757,133780,136310,23,2530,5,14400,1.00909090909
133778,133787,136255,9,2468,5,14400,1.00364667747
133789,133798,136085,9,2287,5,14400,1.0039352864
133799,133815,136774,16,2959,5,14400,1.00540723217
133810,133821,136283,11,2462,5,14400,1.00446791227
133821,133838,136280,17,2442,5,14400,1.00696150696
133842,133868,136317,26,2449,5,14400,1.0106165782
133873,133895,136138,22,2243,5,14400,1.00980829247
133894,133942,136683,48,2741,5,14400,1.01751185699
133945,133952,136250,7,2298,5,14400,1.00304612707
133956,133962,136302,6,2340,5,14400,1.00256410256
133967,134045,136795,78,2750,5,14400,1.02836363636
134043,138573,140475,4530,1902,2,7200,3.38170347003
134049,134072,136716,23,2644,5,14400,1.008698941
134070,134090,136638,20,2548,5,14400,1.00784929356
134091,134151,136508,60,2357,5,14400,1.02545608825
134155,134245,136655,90,2410,5,14400,1.03734439834
134247,134344,136605,97,2261,5,14400,1.04290137107
134340,134378,137069,38,2691,5,14400,1.01412114456
134382,134395,136708,13,2313,5,14400,1.0056204064
134393,134508,137188,115,2680,5,14400,1.04291044776
134505,134545,136913,40,2368,5,14400,1.01689189189
134548,134623,136916,75,2293,5,14400,1.03270824248
134620,134636,137034,16,2398,5,14400,1.00667222686
134625,176706,176720,42081,14,36,86400,3006.78571429
134641,134853,137105,212,2252,5,14400,1.09413854352
134857,135226,137520,369,2294,5,14400,1.16085440279
135017,189601,621624,54584,432023,2,432000,1.12634512514
135199,187717,792542,52518,604825,3,604800,1.08683172819
135212,136733,136738,1521,5,1,900,152.6
135225,135932,138420,707,2488,5,14400,1.28416398714
135225,136728,137183,1503,455,4,2940,4.3032967033
135296,187722,792549,52426,604827,3,604800,1.08667933145
135589,178996,194617,43407,15621,8,21600,3.7787593624
135640,181832,197966,46192,16134,8,21600,3.86302218917
135929,135944,138212,15,2268,5,14400,1.00661375661
135940,135963,138399,23,2436,5,14400,1.00944170772
135961,136098,138788,137,2690,5,14400,1.05092936803
136074,181837,191085,45763,9248,8,21600,5.94842128028
136094,136151,138704,57,2553,5,14400,1.0223266745
136153,181842,191092,45689,9250,8,21600,5.93935135135
136155,136206,138749,51,2543,5,14400,1.02005505309
136207,136262,139327,55,3065,5,14400,1.01794453507
136258,136269,138790,11,2521,5,14400,1.00436334788
136269,136292,138553,23,2261,5,14400,1.01017249005
136289,136299,138840,10,2541,5,14400,1.00393545848
136300,136315,138759,15,2444,5,14400,1.00613747954
136311,136322,138812,11,2490,5,14400,1.00441767068
136322,136328,138983,6,2655,5,14400,1.00225988701
136332,136344,138908,12,2564,5,14400,1.00468018721
136343,136521,139108,178,2587,5,14400,1.06880556629
136517,136617,139265,100,2648,5,14400,1.03776435045
136531,189612,200306,53081,10694,2,259200,5.96362446232
136619,136651,139153,32,2502,5,14400,1.01278976819
136652,136668,139247,16,2579,5,14400,1.00620395502
136673,136696,139349,23,2653,5,14400,1.00866943083
136694,136721,139374,27,2653,5,14400,1.01017715793
136725,136786,139284,61,2498,5,14400,1.02441953563
136788,136808,139457,20,2649,5,14400,1.00755001888
136809,136925,139310,116,2385,5,14400,1.04863731656
136921,136932,139538,11,2606,5,14400,1.0042210284
136932,137047,139522,115,2475,5,14400,1.04646464646
137046,137082,139779,36,2697,5,14400,1.01334816463
137077,137118,139754,41,2636,5,14400,1.0155538695
137113,189659,535310,52546,345651,2,345600,1.15202039051
137119,137196,139549,77,2353,5,14400,1.0327241819
137183,138578,138579,1395,1,1,900,139.6
137201,137207,139879,6,2672,5,14400,1.00224550898
137212,137531,139941,319,2410,5,14400,1.13236514523
137358,181848,191021,44490,9173,8,21600,5.85010356481
137466,181853,190748,44387,8895,8,21600,5.99010680157
137529,138225,140658,696,2433,5,14400,1.28606658446
137725,138583,140272,858,1689,1,3600,1.5079928952
138225,138410,140893,185,2483,5,14400,1.07450664519
138390,181858,193209,43468,11351,8,21600,4.82944233988
138409,138433,140830,24,2397,5,14400,1.01001251564
138430,138566,140873,136,2307,5,14400,1.05895101864
138563,138717,141412,154,2695,5,14400,1.05714285714
138718,138762,141342,44,2580,5,14400,1.01705426357
138760,138771,141092,11,2321,5,14400,1.00473933649
138771,138801,140971,30,2170,5,14400,1.01382488479
138802,138810,140926,8,2116,5,14400,1.00378071834
138813,138825,141323,12,2498,5,14400,1.00480384307
138823,138852,140984,29,2132,5,14400,1.01360225141
138855,138920,141359,65,2439,5,14400,1.0266502665
138917,138996,141649,79,2653,5,14400,1.02977761025
138999,139120,141942,121,2822,5,14400,1.04287739192
139122,139166,141764,44,2598,5,14400,1.0169361047
139122,167813,178437,28691,10624,4,172800,3.70058358434
139163,139259,141567,96,2308,5,14400,1.04159445407
139255,139277,141631,22,2354,5,14400,1.00934579439
139276,139296,141738,20,2442,5,14400,1.00819000819
139297,139323,141782,26,2459,5,14400,1.01057340382
139318,139340,141813,22,2473,5,14400,1.00889607764
139339,139362,141998,23,2636,5,14400,1.00872534143
139360,139386,142227,26,2841,5,14400,1.00915170715
139391,139469,142085,78,2616,5,14400,1.02981651376
139473,139533,141676,60,2143,5,14400,1.02799813346
139535,139550,141958,15,2408,5,14400,1.00622923588
139545,139562,141919,17,2357,5,14400,1.00721255834
139566,139766,142294,200,2528,5,14400,1.07911392405
139638,189595,199515,49957,9920,4,172800,6.03598790323
139771,139791,142202,20,2411,5,14400,1.00829531315
139792,139892,142455,100,2563,5,14400,1.03901677721
139894,139954,142484,60,2530,5,14400,1.02371541502
139956,140670,142972,714,2302,5,14400,1.31016507385
140048,148692,580725,8644,432033,4,432000,1.02000773089
140511,140944,142632,433,1688,1,36000,1.25651658768
140672,140842,143621,170,2779,5,14400,1.06117308384
140845,140886,143262,41,2376,5,14400,1.01725589226
140850,140857,142732,7,1875,2,7200,1.00373333333
140887,140906,143541,19,2635,5,14400,1.00721062619
140908,140938,143464,30,2526,5,14400,1.01187648456
140939,140984,143973,45,2989,5,14400,1.01505520241
140980,140997,143353,17,2356,5,14400,1.00721561969
141002,141104,143723,102,2619,5,14400,1.03894616266
141104,141336,143760,232,2424,5,14400,1.09570957096
141208,142645,143154,1437,509,1,1140,3.8231827112
141209,142744,143163,1535,419,1,1140,4.66348448687
141332,141355,143665,23,2310,5,14400,1.00995670996
141352,141371,144092,19,2721,5,14400,1.00698272694
141373,141424,143713,51,2289,5,14400,1.02228047182
141425,141580,144071,155,2491,5,14400,1.06222400642
141580,141644,143964,64,2320,5,14400,1.0275862069
141641,141661,144243,20,2582,5,14400,1.00774593338
141662,141689,144384,27,2695,5,14400,1.01001855288
141694,141750,144167,56,2417,5,14400,1.02316921804
141745,141777,144072,32,2295,5,14400,1.01394335512
141776,141795,144707,19,2912,5,14400,1.00652472527
141797,141826,144309,29,2483,5,14400,1.01167942006
141828,141932,144393,104,2461,5,14400,1.04225924421
141870,142749,142750,879,1,1,10800,88.0
141874,153025,252829,11151,99804,2,561600,1.11172898882
141931,141954,144188,23,2234,5,14400,1.0102954342
141952,141969,144207,17,2238,5,14400,1.00759606792
141973,142011,144792,38,2781,5,14400,1.01366414959
142014,142098,144552,84,2454,5,14400,1.03422982885
142097,142215,144550,118,2335,5,14400,1.05053533191
142209,189606,290311,47397,100705,4,259200,1.47065190408
142210,142238,144940,28,2702,5,14400,1.0103626943
142241,142307,144950,66,2643,5,14400,1.02497162316
142303,142468,144947,165,2479,5,14400,1.06655909641
142387,187733,202731,45346,14998,2,108000,4.02346979597
142467,142497,144857,30,2360,5,14400,1.01271186441
142498,143366,145673,868,2307,5,14400,1.3762462072
143162,143168,143173,6,5,1,900,1.1
143366,143677,145909,311,2232,5,14400,1.13933691756
143683,143726,146494,43,2768,5,14400,1.01553468208
143724,143772,146091,48,2319,5,14400,1.02069857697
143754,187728,187735,43974,7,3,14400,4398.1
143775,143977,146545,202,2568,5,14400,1.07866043614
143826,149817,165276,5991,15459,4,21600,1.38754123811
143972,157433,172507,13461,15074,4,21600,1.89299456017
143980,143986,146490,6,2504,5,14400,1.00239616613
143990,144086,146372,96,2286,5,14400,1.04199475066
144083,144105,146602,22,2497,5,14400,1.00881057269
144104,144179,146549,75,2370,5,14400,1.03164556962
144175,144220,146541,45,2321,5,14400,1.01938819474
144217,144321,146869,104,2548,5,14400,1.04081632653
144319,144397,146639,78,2242,5,14400,1.03479036574
144401,144563,147013,162,2450,5,14400,1.06612244898
144565,144572,147233,7,2661,5,14400,1.00263059
144576,144953,147486,377,2533,5,14400,1.14883537308
144950,144965,145000,15,35,1,600,1.42857142857
144950,144960,144994,10,34,1,600,1.29411764706
144961,144977,145012,16,35,1,600,1.45714285714
144961,144972,145009,11,37,1,600,1.2972972973
144972,144989,145022,17,33,1,600,1.51515151515
144972,144983,145013,11,30,1,600,1.36666666667
144984,144996,147364,12,2368,5,14400,1.00506756757
144993,145002,145030,9,28,1,600,1.32142857143
145004,145010,145042,6,32,1,600,1.1875
145015,145021,145053,6,32,1,600,1.1875
145025,145032,145065,7,33,1,600,1.21212121212
145026,145037,147990,11,2953,5,14400,1.0037250254
145036,145044,145066,8,22,1,600,1.36363636364
145036,145685,148166,649,2481,5,14400,1.26158806933
145689,145695,145730,6,35,1,600,1.17142857143
145689,145922,148343,233,2421,5,14400,1.09624122264
145924,145930,145967,6,37,1,600,1.16216216216
145924,146104,148837,180,2733,5,14400,1.06586169045
146108,146114,146151,6,37,1,600,1.16216216216
146108,146385,148863,277,2478,5,14400,1.11178369653
146383,146392,146425,9,33,1,600,1.27272727273
146384,146501,149033,117,2532,5,14400,1.04620853081
146496,146509,146545,13,36,1,600,1.36111111111
146496,146514,149030,18,2516,5,14400,1.00715421304
146517,146553,149193,36,2640,5,14400,1.01363636364
146517,146523,146559,6,36,1,600,1.16666666667
146548,146565,149124,17,2559,5,14400,1.00664322001
146548,146560,146593,12,33,1,600,1.36363636364
146559,146577,149234,18,2657,5,14400,1.00677455777
146559,146572,146603,13,31,1,600,1.41935483871
146580,146614,149105,34,2491,5,14400,1.01364913689
146580,146586,146621,6,35,1,600,1.17142857143
146611,146651,149041,40,2390,5,14400,1.01673640167
146611,146621,146652,10,31,1,600,1.32258064516
146652,146658,146688,6,30,1,600,1.2
146652,146882,149486,230,2604,5,14400,1.08832565284
146887,147025,149699,138,2674,5,14400,1.05160807779
146887,146893,146926,6,33,1,600,1.18181818182
147030,147245,149643,215,2398,5,14400,1.08965804837
147030,147036,147065,6,29,1,600,1.20689655172
147082,186397,199402,39315,13005,8,43200,4.02306805075
147096,187401,209001,40305,21600,8,43200,2.86597222222
147245,147377,149892,132,2515,5,14400,1.05248508946
147245,147251,147288,6,37,1,600,1.16216216216
147378,147498,149754,120,2256,5,14400,1.05319148936
147378,147384,147419,6,35,1,600,1.17142857143
147500,148003,150587,503,2584,5,14400,1.19465944272
147500,147507,147542,7,35,1,600,1.2
147858,147864,149733,6,1869,2,7200,1.00321027287
147969,147975,151682,6,3707,4,3600,1.00161855948
148000,148178,150584,178,2406,5,14400,1.07398171239
148000,148015,148050,15,35,1,600,1.42857142857
148035,148041,148042,6,1,1,1800,1.0
148174,148184,148213,10,29,1,600,1.34482758621
148185,148192,148222,7,30,1,600,1.23333333333
148195,148202,148236,7,34,1,600,1.20588235294
148206,148213,148244,7,31,1,600,1.22580645161
148217,148356,150947,139,2591,5,14400,1.05364724045
148217,148223,148255,6,32,1,600,1.1875
148236,156260,163278,8024,7018,1,172800,2.14334568253
148250,148256,150062,6,1806,1,1800,1.00332225914
148352,148849,151536,497,2687,5,14400,1.18496464459
148852,148876,151280,24,2404,5,14400,1.00998336106
148873,149042,151609,169,2567,5,14400,1.06583560577
149012,163290,163320,14278,30,1,259200,476.933333333
149037,149049,151404,12,2355,5,14400,1.0050955414
149047,149056,151422,9,2366,5,14400,1.00380388842
149058,149118,151578,60,2460,5,14400,1.0243902439
149120,149137,151352,17,2215,5,14400,1.00767494357
149141,149205,151591,64,2386,5,14400,1.02682313495
149202,149247,151859,45,2612,5,14400,1.01722817764
149243,149498,151994,255,2496,5,14400,1.10216346154
149453,189590,217837,40137,28247,2,108000,2.42092965625
149499,149655,152038,156,2383,5,14400,1.06546370122
149652,149711,151916,59,2205,5,14400,1.02675736961
149714,149767,151803,53,2036,5,14400,1.02603143418
149765,149905,152439,140,2534,5,14400,1.05524861878
149790,149797,152174,7,2377,2,7200,1.00294488851
149908,150596,152773,688,2177,5,14400,1.31603123565
150592,150603,152989,11,2386,5,14400,1.00461022632
150602,150960,153617,358,2657,5,14400,1.1347384268
150960,151292,153958,332,2666,5,14400,1.12453113278
151297,151365,154045,68,2680,5,14400,1.02537313433
151369,151415,153686,46,2271,5,14400,1.0202553941
151420,151434,153879,14,2445,5,14400,1.00572597137
151431,151549,154021,118,2472,5,14400,1.04773462783
151554,151591,154155,37,2564,5,14400,1.01443057722
151595,151603,154067,8,2464,5,14400,1.00324675325
151606,151621,154268,15,2647,5,14400,1.0056667926
151616,151815,154611,199,2796,5,14400,1.07117310443
151810,151872,154703,62,2831,5,14400,1.02190038856
151869,151878,151908,9,30,1,1800,1.3
151872,151928,154034,56,2106,5,14400,1.02659069326
151923,152011,154396,88,2385,5,14400,1.03689727463
151998,152004,153839,6,1835,1,1800,1.00326975477
152016,152050,154393,34,2343,5,14400,1.01451131029
152047,152451,154927,404,2476,5,14400,1.16316639742
152455,152785,155080,330,2295,5,14400,1.14379084967
152781,153002,155565,221,2563,5,14400,1.08622707764
152956,189670,189678,36714,8,4,36000,3672.2
153007,153630,156196,623,2566,5,14400,1.24279033515
153328,176689,176695,23361,6,64,17940,2336.7
153629,153697,156210,68,2513,5,14400,1.02705929168
153701,153891,156785,190,2894,5,14400,1.06565307533
153895,153971,156476,76,2505,5,14400,1.03033932136
153900,163345,177753,9445,14408,1,14400,1.65553858967
153967,154034,156673,67,2639,5,14400,1.0253884047
154038,154045,156712,7,2667,5,14400,1.00262467192
154049,154058,156782,9,2724,5,14400,1.00330396476
154060,154079,156383,19,2304,5,14400,1.00824652778
154081,154168,156759,87,2591,5,14400,1.0335777692
154173,154281,156717,108,2436,5,14400,1.04433497537
154285,154404,156673,119,2269,5,14400,1.05244601146
154398,154411,157045,13,2634,5,14400,1.00493545938
154409,154623,156995,214,2372,5,14400,1.09021922428
154623,154715,157019,92,2304,5,14400,1.03993055556
154710,155094,155886,384,792,8,6000,1.48484848485
155088,155899,156694,811,795,8,6000,2.02012578616
155568,156209,157001,641,792,8,6000,1.80934343434
155595,163331,163333,7736,2,1,3540,773.8
155894,156223,157021,329,798,8,6000,1.41228070175
156211,156488,157293,277,805,8,6000,1.34409937888
156385,156684,157487,299,803,8,6000,1.37235367372
156681,156707,157511,26,804,8,6000,1.03233830846
156702,156725,157524,23,799,8,6000,1.02878598248
156723,156771,157574,48,803,8,6000,1.0597758406
156723,156795,157600,72,805,8,6000,1.08944099379
156785,157007,157811,222,804,8,6000,1.27611940299
156795,157014,157816,219,802,8,6000,1.27306733167
157010,157031,157828,21,797,8,6000,1.02634880803
157021,157037,157839,16,802,8,6000,1.01995012469
157031,157305,158108,274,803,8,6000,1.34122042341
157297,157421,158230,124,809,8,6000,1.15327564895
157419,157499,158310,80,811,8,6000,1.09864364982
157501,157523,158330,22,807,8,6000,1.02726146221
157522,157537,158338,15,801,8,6000,1.01872659176
157533,157586,158391,53,805,8,6000,1.06583850932
157584,157611,158418,27,807,8,6000,1.03345724907
157615,157823,158639,208,816,8,6000,1.25490196078
157819,157829,158640,10,811,8,6000,1.01233045623
157830,157840,158637,10,797,8,6000,1.01254705144
157841,157851,158656,10,805,8,6000,1.01242236025
157851,158121,158920,270,799,8,6000,1.337922403
158117,158243,159049,126,806,8,6000,1.15632754342
158240,158322,159133,82,811,8,6000,1.10110974106
158321,158343,159140,22,797,8,6000,1.02760351317
158342,158349,159153,7,804,8,6000,1.00870646766
158353,158403,159216,50,813,8,6000,1.06150061501
158392,189665,190844,31273,1179,2,72000,27.5250212044
158404,158431,159251,27,820,8,6000,1.03292682927
158435,158649,159472,214,823,8,6000,1.26002430134
158640,158657,159461,17,804,8,6000,1.02114427861
158650,158662,159471,12,809,8,6000,1.01483312732
158661,158668,159481,7,813,8,6000,1.0086100861
158672,158932,159747,260,815,8,6000,1.31901840491
158927,159060,159866,133,806,8,6000,1.16501240695
159063,159145,159954,82,809,8,6000,1.10135970334
159145,159151,159972,6,821,8,6000,1.00730816078
159156,159165,159974,9,809,8,6000,1.01112484549
159166,159228,160037,62,809,8,6000,1.07663782447
159228,159263,160073,35,810,8,6000,1.04320987654
159259,159474,160289,215,815,8,6000,1.26380368098
159316,176717,176723,17401,6,2,3540,1740.7
159476,159483,159515,7,32,1,600,1.21875
159477,159490,159522,13,32,1,600,1.40625
159487,159497,159528,10,31,1,600,1.32258064516
159488,159502,159533,14,31,1,600,1.45161290323
159498,159508,159539,10,31,1,600,1.32258064516
159499,159514,159555,15,41,1,600,1.36585365854
159510,159526,159567,16,41,1,600,1.39024390244
159510,159521,159562,11,41,1,600,1.26829268293
159521,159533,159573,12,40,1,600,1.3
159531,159539,159590,8,51,1,600,1.1568627451
159532,159545,159595,13,50,1,600,1.26
159568,159575,160382,7,807,8,6000,1.00867410161
159569,159580,160397,11,817,8,6000,1.01346389229
159580,159588,160397,8,809,8,6000,1.00988875155
159590,159759,160574,169,815,8,6000,1.20736196319
159764,159878,160684,114,806,8,6000,1.14143920596
159876,159967,160777,91,810,8,6000,1.11234567901
159964,159974,160004,10,30,1,600,1.33333333333
159975,159987,160017,12,30,1,600,1.4
159975,159981,160012,6,31,1,600,1.1935483871
159986,159994,160034,8,40,1,600,1.2
159987,159999,160030,12,31,1,600,1.38709677419
159997,160011,160052,14,41,1,600,1.34146341463
159998,160017,160057,19,40,1,600,1.475
160008,160023,160064,15,41,1,600,1.36585365854
160019,160031,160071,12,40,1,600,1.3
160019,160036,160097,17,61,1,600,1.27868852459
160089,160096,160912,7,816,8,6000,1.00857843137
160090,160101,160921,11,820,8,6000,1.01341463415
160101,160107,160920,6,813,8,6000,1.0073800738
160101,160301,161118,200,817,8,6000,1.24479804162
160295,160394,161203,99,809,8,6000,1.12237330037
160387,160409,161220,22,811,8,6000,1.0271270037
160398,160414,161228,16,814,8,6000,1.01965601966
160408,160590,161406,182,816,8,6000,1.22303921569
160577,160583,161979,6,1396,5,14400,1.00429799427
160582,160696,161506,114,810,8,6000,1.14074074074
160685,160789,161596,104,807,8,6000,1.12887236679
160781,160925,162662,144,1737,5,14400,1.0829015544
160914,160930,162543,16,1613,5,14400,1.00991940484
160925,160937,162624,12,1687,5,14400,1.00711321873
160925,160942,162417,17,1475,5,14400,1.01152542373
160936,160949,162793,13,1844,5,14400,1.00704989154
160947,161131,162875,184,1744,5,14400,1.10550458716
161121,161232,162769,111,1537,5,14400,1.07221860768
161205,161216,162037,11,821,8,6000,1.01339829476
161223,161237,162830,14,1593,5,14400,1.00878844947
161234,161249,163077,15,1828,5,14400,1.00820568928
161234,161244,162823,10,1579,5,14400,1.00633312223
161245,161419,162947,174,1528,5,14400,1.11387434555
161408,161608,163157,200,1549,5,14400,1.12911555842
161511,161517,162331,6,814,8,6000,1.00737100737
161511,161613,163429,102,1816,5,14400,1.05616740088
161613,161991,163674,378,1683,5,14400,1.22459893048
161990,162050,162868,60,818,8,6000,1.07334963325
161991,162343,164078,352,1735,5,14400,1.20288184438
162337,162429,163251,92,822,8,6000,1.11192214112
162338,162555,164071,217,1516,5,14400,1.14313984169
162552,162782,163617,230,835,8,6000,1.2754491018
162665,162671,164161,6,1490,5,14400,1.00402684564
162665,162805,163636,140,831,8,6000,1.16847172082
162798,162835,164261,37,1426,5,14400,1.02594670407
162839,162846,164523,7,1677,5,14400,1.00417412045
162850,162882,163700,32,818,8,6000,1.0391198044
162850,162889,164414,39,1525,5,14400,1.02557377049
162891,162959,164792,68,1833,5,14400,1.03709765412
162963,163089,164607,126,1518,5,14400,1.08300395257
163086,163170,164693,84,1523,5,14400,1.05515430072
163168,163263,164849,95,1586,5,14400,1.05989911728
163260,163630,165127,370,1497,5,14400,1.24716098864
163433,163687,165226,254,1539,5,14400,1.16504223522
163434,163441,164266,7,825,8,6000,1.00848484848
163464,168169,202138,4705,33969,1,172800,1.13850864023
163600,169275,202960,5675,33685,1,259200,1.16847261392
163638,163648,164461,10,813,8,6000,1.012300123
163638,163711,165273,73,1562,5,14400,1.04673495519
163710,164091,164914,381,823,8,6000,1.46294046173
163710,163718,165157,8,1439,5,14400,1.00555941626
163940,191115,216496,27175,25381,2,259200,2.07068279422
164087,164174,164997,87,823,8,6000,1.10571081409
164087,164274,165902,187,1628,5,14400,1.11486486486
164271,164280,165110,9,830,8,6000,1.01084337349
164271,164427,166189,156,1762,5,14400,1.08853575482
164271,164473,165288,202,815,8,6000,1.24785276074
164426,191120,231013,26694,39893,2,259200,1.66913994936
164465,164536,166186,71,1650,5,14400,1.04303030303
164537,164620,166196,83,1576,5,14400,1.05266497462
164595,191125,354422,26530,163297,2,259200,1.16246471154
164619,164705,166641,86,1936,5,14400,1.0444214876
164701,164929,165758,228,829,8,6000,1.27503015682
164701,164805,166406,104,1601,5,14400,1.06495940037
164916,165009,165832,93,823,8,6000,1.11300121507
164916,164922,166422,6,1500,5,14400,1.004
164998,165122,165939,124,817,8,6000,1.1517747858
164998,165139,166757,141,1618,5,14400,1.08714462299
165141,165169,166829,28,1660,5,14400,1.01686746988
165141,165288,166125,147,837,8,6000,1.17562724014
165274,165280,167104,6,1824,5,14400,1.00328947368
165274,165299,166125,25,826,8,6000,1.03026634383
165296,165771,166597,475,826,8,6000,1.57506053269
165320,189797,215227,24477,25430,8,72000,1.96252457727
165320,191038,208199,25718,17161,4,72000,2.49863061593
165320,191240,203212,25920,11972,2,72000,3.1650517875
165320,193220,229171,27900,35951,2,72000,1.77605629885
165321,190094,262139,24773,72045,8,72000,1.34385453536
165321,169921,171328,4600,1407,1,72000,4.26936744847
165321,191102,263129,25781,72027,4,72000,1.35793521874
165321,193226,216380,27905,23154,2,72000,2.20519132763
165321,191097,229604,25776,38507,4,72000,1.66938478718
165322,190564,262590,25242,72026,8,72000,1.3504567795
165322,193231,229198,27909,35967,2,72000,1.77596129786
165322,191109,229630,25787,38521,4,72000,1.66942706576
165322,171340,178051,6018,6711,1,72000,1.89673670094
165323,190759,262771,25436,72012,8,72000,1.35321890796
165396,176007,178358,10611,2351,2,7200,5.51339855381
165636,190765,449990,25129,259225,4,259200,1.09693895265
165701,191032,450247,25331,259215,4,259200,1.09772196825
165774,165844,167415,70,1571,5,14400,1.04455760662
165846,165913,167599,67,1686,5,14400,1.03973902728
165918,165951,167609,33,1658,5,14400,1.01990349819
165949,166137,166958,188,821,8,6000,1.22898903776
165949,165958,167697,9,1739,5,14400,1.00517538815
166133,166144,166964,11,820,8,6000,1.01341463415
166133,166198,167816,65,1618,5,14400,1.04017305315
166194,166205,167029,11,824,8,6000,1.01334951456
166195,166212,167850,17,1638,5,14400,1.01037851038
166215,166609,167439,394,830,8,6000,1.47469879518
166216,166419,168152,203,1733,5,14400,1.11713791114
166603,166770,167592,167,822,8,6000,1.20316301703
166603,166616,168400,13,1784,5,14400,1.00728699552
166767,166841,168407,74,1566,5,14400,1.0472541507
166767,166971,167793,204,822,8,6000,1.24817518248
166971,167041,168630,70,1589,5,14400,1.04405286344
166972,166978,167800,6,822,8,6000,1.00729927007
167043,167427,168251,384,824,8,6000,1.46601941748
167043,167049,168550,6,1501,5,14400,1.00399733511
167431,167605,169349,174,1744,5,14400,1.0997706422
167432,167451,168271,19,820,8,6000,1.02317073171
167605,167611,168435,6,824,8,6000,1.0072815534
167605,167620,169210,15,1590,5,14400,1.00943396226
167616,167806,168627,190,821,8,6000,1.23142509135
167616,167710,169372,94,1662,5,14400,1.05655836342
167810,167819,169509,9,1690,5,14400,1.00532544379
167821,168283,169111,462,828,8,6000,1.55797101449
167821,167829,169259,8,1430,5,14400,1.00559440559
167899,167905,168452,6,547,2,1800,1.01096892139
167899,167911,169152,12,1241,1,1800,1.00966962127
167900,168163,168464,263,301,4,1800,1.87375415282
167900,168263,168420,363,157,8,1800,3.31210191083
168272,168561,169393,289,832,8,6000,1.34735576923
168317,168540,168619,223,79,32,1800,3.82278481013
168317,168432,168527,115,95,16,1800,2.21052631579
168555,168636,170343,81,1707,5,14400,1.0474516696
168620,168631,169452,11,821,8,6000,1.01339829476
168627,168643,170258,16,1615,5,14400,1.00990712074
168638,168655,170336,17,1681,5,14400,1.01011302796
168638,168650,170269,12,1619,5,14400,1.00741198271
168649,168667,170184,18,1517,5,14400,1.01186552406
168652,168662,169495,10,833,8,6000,1.01200480192
168660,169165,170675,505,1510,5,14400,1.33443708609
169113,169124,169954,11,830,8,6000,1.01325301205
169165,169361,170195,196,834,8,6000,1.23501199041
169262,169268,170931,6,1663,5,14400,1.00360793746
169354,169384,170996,30,1612,5,14400,1.01861042184
169379,169404,170235,25,831,8,6000,1.03008423586
169395,169463,171054,68,1591,5,14400,1.04274041483
169457,169507,170886,50,1379,5,14400,1.03625815809
169498,169513,170868,15,1355,5,14400,1.0110701107
169509,169524,171075,15,1551,5,14400,1.00967117988
169513,169966,170793,453,827,8,6000,1.54776299879
169958,170197,171510,239,1313,5,14400,1.1820258949
170186,170207,171032,21,825,8,6000,1.02545454545
170197,170248,171081,51,833,8,6000,1.0612244898
170245,170271,171695,26,1424,5,14400,1.01825842697
170266,170281,171944,15,1663,5,14400,1.00901984366
170276,170349,172215,73,1866,5,14400,1.03912111468
170338,170355,172137,17,1782,5,14400,1.00953984287
170349,170687,172112,338,1425,5,14400,1.23719298246
170675,170805,172343,130,1538,5,14400,1.08452535761
170798,170810,172396,12,1586,5,14400,1.00756620429
170809,170881,172582,72,1701,5,14400,1.04232804233
170881,170899,172454,18,1555,5,14400,1.0115755627
170902,170944,172631,42,1687,5,14400,1.02489626556
170943,171008,172815,65,1807,5,14400,1.03597122302
171005,171045,172825,40,1780,5,14400,1.02247191011
171036,171067,172322,31,1255,5,14400,1.02470119522
171057,171088,172626,31,1538,5,14400,1.02015604681
171078,171094,172617,16,1523,5,14400,1.01050558109
171088,171100,172668,12,1568,5,14400,1.00765306122
171099,171522,172928,423,1406,5,14400,1.30085348506
171527,171708,173461,181,1753,5,14400,1.10325156874
171711,171957,173503,246,1546,5,14400,1.15912031048
171719,172518,186386,799,13868,8,129600,1.05761465244
171781,174637,187390,2856,12753,8,129600,1.22394730652
171957,172124,173583,167,1459,5,14400,1.11446196025
172120,172149,173980,29,1831,5,14400,1.01583833971
172151,172226,173714,75,1488,5,14400,1.05040322581
172223,172335,173949,112,1614,5,14400,1.06939281289
172336,172354,173854,18,1500,5,14400,1.012
172356,172408,174327,52,1919,5,14400,1.02709744659
172408,172467,173899,59,1432,5,14400,1.04120111732
172470,172525,174255,55,1730,5,14400,1.03179190751
172521,172594,174189,73,1595,5,14400,1.04576802508
172593,172629,174033,36,1404,5,14400,1.02564102564
172634,172640,174312,6,1672,5,14400,1.00358851675
172645,172651,174160,6,1509,5,14400,1.00397614314
172655,172681,174192,26,1511,5,14400,1.01720714758
172684,172838,173337,154,499,8,6000,1.30861723447
172838,173350,173851,512,501,8,6000,2.02195608782
173348,173473,173981,125,508,8,6000,1.24606299213
173470,173516,174024,46,508,8,6000,1.0905511811
173512,173726,174236,214,510,8,6000,1.41960784314
173716,173863,174366,147,503,8,6000,1.29224652087
173859,173869,174368,10,499,8,6000,1.02004008016
173870,173962,174478,92,516,8,6000,1.17829457364
173962,173993,174491,31,498,8,6000,1.06224899598
173983,174036,174541,53,505,8,6000,1.10495049505
174034,174046,174556,12,510,8,6000,1.02352941176
174035,174171,174689,136,518,8,6000,1.26254826255
174168,174204,174710,36,506,8,6000,1.07114624506
174199,174249,174757,50,508,8,6000,1.09842519685
174240,174268,174780,28,512,8,6000,1.0546875
174271,174340,174848,69,508,8,6000,1.13582677165
174343,174378,174888,35,510,8,6000,1.06862745098
174375,174386,174895,11,509,8,6000,1.02161100196
174385,174490,174996,105,506,8,6000,1.20750988142
174488,174504,175017,16,513,8,6000,1.03118908382
174509,174554,175059,45,505,8,6000,1.08910891089
174550,174568,175074,18,506,8,6000,1.03557312253
174571,174701,175216,130,515,8,6000,1.25242718447
174704,174722,175228,18,506,8,6000,1.03557312253
174724,174769,175284,45,515,8,6000,1.08737864078
174766,174793,175315,27,522,8,6000,1.05172413793
174797,174861,175370,64,509,8,6000,1.1257367387
174858,174901,175413,43,512,8,6000,1.083984375
174899,174908,175408,9,500,8,6000,1.018
174910,175009,175518,99,509,8,6000,1.19449901768
175013,175030,175540,17,510,8,6000,1.03333333333
175033,175071,175588,38,517,8,6000,1.07350096712
175075,175086,175596,11,510,8,6000,1.02156862745
175085,175229,175747,144,518,8,6000,1.27799227799
175228,175240,175746,12,506,8,6000,1.02371541502
175239,175296,175808,57,512,8,6000,1.111328125
175301,175327,175847,26,520,8,6000,1.05
175333,175382,175891,49,509,8,6000,1.09626719057
175384,175419,175928,35,509,8,6000,1.06876227898
175415,175427,175941,12,514,8,6000,1.0233463035
175426,175529,176042,103,513,8,6000,1.2007797271
175528,175552,176067,24,515,8,6000,1.04660194175
175549,175600,176116,51,516,8,6000,1.0988372093
175601,175609,176122,8,513,8,6000,1.01559454191
175611,175759,176272,148,513,8,6000,1.28849902534
175754,175766,176282,12,516,8,6000,1.02325581395
175765,175821,176336,56,515,8,6000,1.10873786408
175816,175860,176373,44,513,8,6000,1.08576998051
175858,175903,176429,45,526,8,6000,1.0855513308
175899,175940,176459,41,519,8,6000,1.07899807322
175940,175954,176466,14,512,8,6000,1.02734375
175951,176055,176586,104,531,8,6000,1.19585687382
176053,176079,176597,26,518,8,6000,1.05019305019
176074,176129,176643,55,514,8,6000,1.10700389105
176126,176135,176654,9,519,8,6000,1.01734104046
176136,176284,176806,148,522,8,6000,1.28352490421
176279,176295,176825,16,530,8,6000,1.03018867925
176290,176349,176869,59,520,8,6000,1.11346153846
176352,176386,176905,34,519,8,6000,1.0655105973
176383,176442,176962,59,520,8,6000,1.11346153846
176444,176472,176994,28,522,8,6000,1.05363984674
176475,176481,177005,6,524,8,6000,1.01145038168
176486,176598,177118,112,520,8,6000,1.21538461538
176599,176609,177125,10,516,8,6000,1.01937984496
176609,176656,177181,47,525,8,6000,1.08952380952
176661,176667,177191,6,524,8,6000,1.01145038168
176671,176819,177339,148,520,8,6000,1.28461538462
176815,176837,177362,22,525,8,6000,1.0419047619
176836,176882,177406,46,524,8,6000,1.08778625954
176877,176974,177493,97,519,8,6000,1.18689788054
176970,177012,177528,42,516,8,6000,1.08139534884
177001,177019,177545,18,526,8,6000,1.03422053232
177011,177130,177653,119,523,8,6000,1.2275334608
177124,177136,177656,12,520,8,6000,1.02307692308
177134,177192,177712,58,520,8,6000,1.11153846154
177186,177203,177725,17,522,8,6000,1.03256704981
177196,177352,177881,156,529,8,6000,1.29489603025
177350,177375,177903,25,528,8,6000,1.04734848485
177371,177418,177945,47,527,8,6000,1.08918406072
177412,177506,178031,94,525,8,6000,1.17904761905
177494,177541,178062,47,521,8,6000,1.09021113244
177535,177558,178085,23,527,8,6000,1.04364326376
177546,177667,178196,121,529,8,6000,1.22873345936
177658,177674,178200,16,526,8,6000,1.03041825095
177669,177725,178252,56,527,8,6000,1.10626185958
177720,177737,178265,17,528,8,6000,1.0321969697
177731,177893,178429,162,536,8,6000,1.30223880597
177884,177914,178443,30,529,8,6000,1.05671077505
177905,177958,178491,53,533,8,6000,1.09943714822
177946,178044,178583,98,539,8,6000,1.18181818182
178039,178075,178618,36,543,8,6000,1.06629834254
178070,178098,178629,28,531,8,6000,1.0527306968
178090,178209,178736,119,527,8,6000,1.22580645161
178203,178216,178752,13,536,8,6000,1.02425373134
178214,178264,178793,50,529,8,6000,1.09451795841
178255,178277,178804,22,527,8,6000,1.04174573055
178267,178441,178981,174,540,8,6000,1.32222222222
178430,178455,178990,25,535,8,6000,1.04672897196
178451,178503,179030,52,527,8,6000,1.09867172676
178492,178595,179126,103,531,8,6000,1.19397363465
178592,178630,178633,38,3,5,14400,4.1
178623,178635,178640,12,5,5,14400,1.7
178634,178641,178645,7,4,5,14400,1.1
178634,178647,178651,13,4,5,14400,1.7
178645,178654,178658,9,4,5,14400,1.3
178646,178661,178665,15,4,5,14400,1.9
178656,178668,178672,12,4,5,14400,1.6
178657,178675,178678,18,3,5,14400,2.1
178667,178682,178686,15,4,5,14400,1.9
178678,178689,178692,11,3,5,14400,1.4
178679,178695,178699,16,4,5,14400,2.0
178689,178702,178706,13,4,5,14400,1.7
178700,178709,178713,9,4,5,14400,1.3
178700,178717,178721,17,4,5,14400,2.1
178711,178724,178727,13,3,5,14400,1.6
178722,178731,178734,9,3,5,14400,1.2
178722,178737,178741,15,4,5,14400,1.9
178733,178752,178755,19,3,5,14400,2.2
178733,178745,178748,12,3,5,14400,1.5
178744,178757,178761,13,4,5,14400,1.7
178755,178763,178767,8,4,5,14400,1.2
178756,178769,178773,13,4,5,14400,1.7
178766,178776,178780,10,4,5,14400,1.4
178767,178781,178785,14,4,5,14400,1.8
178777,178787,178791,10,4,5,14400,1.4
178778,178793,178797,15,4,5,14400,1.9
178788,178800,178804,12,4,5,14400,1.6
178789,178805,178809,16,4,5,14400,2.0
178800,178812,178816,12,4,5,14400,1.6
178810,178819,178823,9,4,5,14400,1.3
178811,178824,178828,13,4,5,14400,1.7
178821,178831,178835,10,4,5,14400,1.4
178822,178836,178840,14,4,5,14400,1.8
178832,178843,178846,11,3,5,14400,1.4
178833,178848,178852,15,4,5,14400,1.9
178844,178855,178859,11,4,5,14400,1.5
178844,178860,178864,16,4,5,14400,2.0
178855,178867,178871,12,4,5,14400,1.6
178865,178874,178877,9,3,5,14400,1.2
178866,178879,178883,13,4,5,14400,1.7
178876,178886,178890,10,4,5,14400,1.4
178877,178891,178895,14,4,5,14400,1.8
178887,178898,178902,11,4,5,14400,1.5
178888,178903,178907,15,4,5,14400,1.9
178899,178909,178913,10,4,5,14400,1.4
178899,178915,178919,16,4,5,14400,2.0
178910,178922,178925,12,3,5,14400,1.5
178920,178929,178932,9,3,5,14400,1.2
178921,178934,178938,13,4,5,14400,1.7
178931,178941,178950,10,9,5,14400,1.9
178932,178947,178951,15,4,5,14400,1.9
178942,178954,178958,12,4,5,14400,1.6
178943,178959,178963,16,4,5,14400,2.0
178953,178965,178969,12,4,5,14400,1.6
178964,178972,178976,8,4,5,14400,1.2
178965,178978,178982,13,4,5,14400,1.7
178975,178985,178989,10,4,5,14400,1.4
178976,178990,178993,14,3,5,14400,1.7
178987,179007,179011,20,4,5,14400,2.4
178987,179002,179006,15,4,5,14400,1.9
178998,179014,179018,16,4,5,14400,2.0
179008,179021,179024,13,3,5,14400,1.6
179019,179028,179032,9,4,5,14400,1.3
179019,179033,179037,14,4,5,14400,1.8
179030,179040,179043,10,3,5,14400,1.3
179030,179045,179049,15,4,5,14400,1.9
179041,179052,179056,11,4,5,14400,1.5
179042,179057,179061,15,4,5,14400,1.9
179052,179064,179068,12,4,5,14400,1.6
179053,179069,179073,16,4,5,14400,2.0
179063,179076,179079,13,3,5,14400,1.6
179074,179082,179086,8,4,5,14400,1.2
179074,179088,179092,14,4,5,14400,1.8
179085,179095,179099,10,4,5,14400,1.4
179085,179100,179104,15,4,5,14400,1.9
179096,179107,179110,11,3,5,14400,1.4
179097,179112,179116,15,4,5,14400,1.9
179107,179119,179123,12,4,5,14400,1.6
179108,179124,179128,16,4,5,14400,2.0
179118,179131,179135,13,4,5,14400,1.7
179129,179137,179141,8,4,5,14400,1.2
179129,179142,179146,13,4,5,14400,1.7
179140,179149,179152,9,3,5,14400,1.2
179140,179154,179158,14,4,5,14400,1.8
179151,179161,179165,10,4,5,14400,1.4
179151,179166,179170,15,4,5,14400,1.9
179162,179173,179176,11,3,5,14400,1.4
179163,179178,179182,15,4,5,14400,1.9
179173,179185,179188,12,3,5,14400,1.5
179174,179190,179194,16,4,5,14400,2.0
179184,179197,179201,13,4,5,14400,1.7
179195,179209,179213,14,4,5,14400,1.8
179195,179204,179207,9,3,5,14400,1.2
179206,179216,179221,10,5,5,14400,1.5
179207,179221,179225,14,4,5,14400,1.8
179219,179228,179232,9,4,5,14400,1.3
179219,179233,179237,14,4,5,14400,1.8
179230,179240,179244,10,4,5,14400,1.4
179230,179245,179249,15,4,5,14400,1.9
179241,179252,179256,11,4,5,14400,1.5
179256,179263,179281,7,18,8,6000,1.38888888889
179267,179273,179289,6,16,8,6000,1.375
179267,179278,179296,11,18,8,6000,1.61111111111
179278,179285,179305,7,20,8,6000,1.35
179278,179290,179312,12,22,8,6000,1.54545454545
179289,179298,179318,9,20,8,6000,1.45
179289,179303,179321,14,18,8,6000,1.77777777778
179300,179310,179329,10,19,8,6000,1.52631578947
179300,179315,179332,15,17,8,6000,1.88235294118
179311,179322,179343,11,21,8,6000,1.52380952381
179312,179327,179348,15,21,8,6000,1.71428571429
179322,179334,179354,12,20,8,6000,1.6
179323,179339,179362,16,23,8,6000,1.69565217391
179333,179346,179365,13,19,8,6000,1.68421052632
179344,179352,179373,8,21,8,6000,1.38095238095
179344,179357,179383,13,26,8,6000,1.5
179355,179365,179390,10,25,8,6000,1.4
179355,179370,179394,15,24,8,6000,1.625
179366,179377,179396,11,19,8,6000,1.57894736842
179367,179382,179407,15,25,8,6000,1.6
179377,179388,179407,11,19,8,6000,1.57894736842
179378,179394,179418,16,24,8,6000,1.66666666667
179388,179401,179425,13,24,8,6000,1.54166666667
179399,179413,179435,14,22,8,6000,1.63636363636
179399,179408,179429,9,21,8,6000,1.42857142857
179410,179420,179444,10,24,8,6000,1.41666666667
179410,179425,179448,15,23,8,6000,1.65217391304
179421,179431,179454,10,23,8,6000,1.4347826087
179422,179437,179451,15,14,8,6000,2.07142857143
179432,179443,179465,11,22,8,6000,1.5
179433,179449,179477,16,28,8,6000,1.57142857143
179443,179456,179478,13,22,8,6000,1.59090909091
179454,179463,179485,9,22,8,6000,1.40909090909
179454,179468,179491,14,23,8,6000,1.60869565217
179465,179480,179503,15,23,8,6000,1.65217391304
179465,179475,179498,10,23,8,6000,1.4347826087
179476,179492,179514,16,22,8,6000,1.72727272727
179476,179486,179511,10,25,8,6000,1.4
179487,179499,179523,12,24,8,6000,1.5
179488,179504,179531,16,27,8,6000,1.59259259259
179498,179511,179534,13,23,8,6000,1.5652173913
179509,179518,179544,9,26,8,6000,1.34615384615
179509,179523,179549,14,26,8,6000,1.53846153846
179520,179530,179557,10,27,8,6000,1.37037037037
179520,179535,179561,15,26,8,6000,1.57692307692
179531,179542,179569,11,27,8,6000,1.40740740741
179532,179547,179571,15,24,8,6000,1.625
179542,179554,179579,12,25,8,6000,1.48
179543,179559,179584,16,25,8,6000,1.64
179553,179566,179594,13,28,8,6000,1.46428571429
179564,179572,179596,8,24,8,6000,1.33333333333
179564,179577,179609,13,32,8,6000,1.40625
179575,179585,179613,10,28,8,6000,1.35714285714
179575,179590,179616,15,26,8,6000,1.57692307692
179586,179597,179630,11,33,8,6000,1.33333333333
179587,179602,179627,15,25,8,6000,1.6
179597,179609,179641,12,32,8,6000,1.375
179598,179614,179642,16,28,8,6000,1.57142857143
179608,179620,179643,12,23,8,6000,1.52173913043
179619,179633,179661,14,28,8,6000,1.5
179619,179628,179656,9,28,8,6000,1.32142857143
179630,179640,179667,10,27,8,6000,1.37037037037
179630,179645,179671,15,26,8,6000,1.57692307692
179641,179652,179678,11,26,8,6000,1.42307692308
179642,179657,179687,15,30,8,6000,1.5
179652,179664,179692,12,28,8,6000,1.42857142857
179653,179669,179702,16,33,8,6000,1.48484848485
179663,179676,179710,13,34,8,6000,1.38235294118
179674,179682,179710,8,28,8,6000,1.28571428571
179674,179688,179716,14,28,8,6000,1.5
179685,179695,179721,10,26,8,6000,1.38461538462
179687,179700,179731,13,31,8,6000,1.41935483871
179697,179707,179737,10,30,8,6000,1.33333333333
179698,179712,179742,14,30,8,6000,1.46666666667
179708,179718,179747,10,29,8,6000,1.34482758621
179709,179724,179755,15,31,8,6000,1.48387096774
179720,179736,179768,16,32,8,6000,1.5
179720,179731,179763,11,32,8,6000,1.34375
179731,179743,179774,12,31,8,6000,1.38709677419
179742,179750,179779,8,29,8,6000,1.27586206897
179742,179755,179782,13,27,8,6000,1.48148148148
179753,179767,179801,14,34,8,6000,1.41176470588
179753,179762,179792,9,30,8,6000,1.3
179764,179774,179796,10,22,8,6000,1.45454545455
179764,179779,179808,15,29,8,6000,1.51724137931
179775,179786,179814,11,28,8,6000,1.39285714286
179775,179791,179822,16,31,8,6000,1.51612903226
179786,179798,179828,12,30,8,6000,1.4
179787,179803,179836,16,33,8,6000,1.48484848485
179797,179810,179844,13,34,8,6000,1.38235294118
179808,179822,179857,14,35,8,6000,1.4
179808,179817,179855,9,38,8,6000,1.23684210526
179819,179829,179859,10,30,8,6000,1.33333333333
179819,179834,179866,15,32,8,6000,1.46875
179830,179846,179876,16,30,8,6000,1.53333333333
179830,179841,179876,11,35,8,6000,1.31428571429
179841,179853,179888,12,35,8,6000,1.34285714286
179842,179858,179895,16,37,8,6000,1.43243243243
179852,179865,179898,13,33,8,6000,1.39393939394
179863,179872,179906,9,34,8,6000,1.26470588235
179878,179884,179888,6,4,5,14400,1.0
179879,179890,179894,11,4,5,14400,1.5
179889,179896,179902,7,6,5,14400,1.3
179890,179901,179905,11,4,5,14400,1.5
179900,179908,179912,8,4,5,14400,1.2
179901,179913,179917,12,4,5,14400,1.6
179911,179922,179926,11,4,5,14400,1.5
179912,179927,179932,15,5,5,14400,2.0
179923,179934,179938,11,4,5,14400,1.5
179923,179939,179943,16,4,5,14400,2.0
179934,179946,179950,12,4,5,14400,1.6
179944,179953,179957,9,4,5,14400,1.3
179945,179958,179962,13,4,5,14400,1.7
179956,179965,179969,9,4,5,14400,1.3
179956,179970,179974,14,4,5,14400,1.8
179967,179977,179981,10,4,5,14400,1.4
179967,179982,179986,15,4,5,14400,1.9
179978,179994,179998,16,4,5,14400,2.0
179978,179989,179993,11,4,5,14400,1.5
179989,180001,180010,12,9,5,14400,2.1
179990,180006,180010,16,4,5,14400,2.0
180000,180013,180017,13,4,5,14400,1.7
180011,180025,180029,14,4,5,14400,1.8
180011,180020,180024,9,4,5,14400,1.3
180022,180032,180036,10,4,5,14400,1.4
180022,180037,180041,15,4,5,14400,1.9
180033,180045,180049,12,4,5,14400,1.6
180033,180050,180054,17,4,5,14400,2.1
180045,180057,180060,12,3,5,14400,1.5
180055,180064,180067,9,3,5,14400,1.2
180056,180069,180073,13,4,5,14400,1.7
180067,180076,180079,9,3,5,14400,1.2
180067,180081,180085,14,4,5,14400,1.8
180078,180094,180097,16,3,5,14400,1.9
180078,180088,180092,10,4,5,14400,1.4
180089,180100,180104,11,4,5,14400,1.5
180090,180106,180110,16,4,5,14400,2.0
180100,180113,180117,13,4,5,14400,1.7
180111,180119,180122,8,3,5,14400,1.1
180111,180125,180129,14,4,5,14400,1.8
180122,180132,180136,10,4,5,14400,1.4
180122,180137,180141,15,4,5,14400,1.9
180133,180143,180147,10,4,5,14400,1.4
180134,180149,180153,15,4,5,14400,1.9
180144,180156,180160,12,4,5,14400,1.6
180145,180161,180165,16,4,5,14400,2.0
180155,180168,180172,13,4,5,14400,1.7
180166,180175,180179,9,4,5,14400,1.3
180166,180180,180184,14,4,5,14400,1.8
180177,180187,180190,10,3,5,14400,1.3
180177,180192,180196,15,4,5,14400,1.9
180188,180199,180203,11,4,5,14400,1.5
180189,180204,180208,15,4,5,14400,1.9
180199,180211,180215,12,4,5,14400,1.6
180200,180216,180220,16,4,5,14400,2.0
180210,180222,180226,12,4,5,14400,1.6
180222,180229,180237,7,8,5,14400,1.5
180223,180234,180238,11,4,5,14400,1.5
180233,180241,180245,8,4,5,14400,1.2
180234,180246,180250,12,4,5,14400,1.6
180244,180253,180256,9,3,5,14400,1.2
180245,180258,180262,13,4,5,14400,1.7
180255,180265,180269,10,4,5,14400,1.4
180256,180270,180274,14,4,5,14400,1.8
180267,180277,180281,10,4,5,14400,1.4
180268,180282,180286,14,4,5,14400,1.8
180278,180289,180293,11,4,5,14400,1.5
180279,180294,180298,15,4,5,14400,1.9
180289,180301,180305,12,4,5,14400,1.6
180290,180306,180310,16,4,5,14400,2.0
180300,180313,180317,13,4,5,14400,1.7
180311,180320,180324,9,4,5,14400,1.3
180312,180325,180329,13,4,5,14400,1.7
180322,180332,180335,10,3,5,14400,1.3
180323,180337,180341,14,4,5,14400,1.8
180333,180344,180348,11,4,5,14400,1.5
180334,180349,180353,15,4,5,14400,1.9
180344,180356,180360,12,4,5,14400,1.6
180345,180361,180365,16,4,5,14400,2.0
180355,180368,180372,13,4,5,14400,1.7
180366,180380,180383,14,3,5,14400,1.7
180366,180374,180378,8,4,5,14400,1.2
180377,180392,180397,15,5,5,14400,2.0
180377,180387,180391,10,4,5,14400,1.4
180388,180398,180402,10,4,5,14400,1.4
180389,180404,180407,15,3,5,14400,1.8
180400,180411,180415,11,4,5,14400,1.5
180400,180416,180420,16,4,5,14400,2.0
180411,180423,180427,12,4,5,14400,1.6
180421,180430,180434,9,4,5,14400,1.3
180422,180435,180439,13,4,5,14400,1.7
180432,180442,180446,10,4,5,14400,1.4
180433,180447,180451,14,4,5,14400,1.8
180443,180453,180457,10,4,5,14400,1.4
180444,180459,180463,15,4,5,14400,1.9
180454,180465,180469,11,4,5,14400,1.5
180455,180471,180475,16,4,5,14400,2.0
180466,180478,180481,12,3,5,14400,1.5
180476,180485,180489,9,4,5,14400,1.3
180477,180490,180494,13,4,5,14400,1.7
180492,180499,180516,7,17,8,6000,1.41176470588
180493,180505,180522,12,17,8,6000,1.70588235294
180504,180512,180530,8,18,8,6000,1.44444444444
180504,180517,180538,13,21,8,6000,1.61904761905
180515,180529,180550,14,21,8,6000,1.66666666667
180515,180524,180546,9,22,8,6000,1.40909090909
180526,180536,180553,10,17,8,6000,1.58823529412
180526,180541,180561,15,20,8,6000,1.75
180537,180553,180575,16,22,8,6000,1.72727272727
180537,180547,180564,10,17,8,6000,1.58823529412
180548,180560,180585,12,25,8,6000,1.48
180548,180565,180585,17,20,8,6000,1.85
180559,180572,180594,13,22,8,6000,1.59090909091
180570,180584,180605,14,21,8,6000,1.66666666667
180570,180578,180598,8,20,8,6000,1.4
180581,180591,180617,10,26,8,6000,1.38461538462
180581,180596,180617,15,21,8,6000,1.71428571429
180592,180603,180627,11,24,8,6000,1.45833333333
180592,180608,180628,16,20,8,6000,1.8
180603,180615,180639,12,24,8,6000,1.5
180604,180620,180639,16,19,8,6000,1.84210526316
180614,180627,180650,13,23,8,6000,1.5652173913
180625,180639,180659,14,20,8,6000,1.7
180625,180634,180659,9,25,8,6000,1.36
180636,180646,180668,10,22,8,6000,1.45454545455
180636,180651,180675,15,24,8,6000,1.625
180647,180663,180686,16,23,8,6000,1.69565217391
180647,180658,180680,11,22,8,6000,1.5
180658,180669,180684,11,15,8,6000,1.73333333333
180659,180675,180697,16,22,8,6000,1.72727272727
180669,180682,180705,13,23,8,6000,1.5652173913
180680,180689,180711,9,22,8,6000,1.40909090909
180680,180694,180716,14,22,8,6000,1.63636363636
180691,180701,180725,10,24,8,6000,1.41666666667
180691,180706,180730,15,24,8,6000,1.625
180702,180718,180743,16,25,8,6000,1.64
180702,180712,180735,10,23,8,6000,1.4347826087
180713,180730,180753,17,23,8,6000,1.73913043478
180713,180724,180747,11,23,8,6000,1.47826086957
180724,180737,180763,13,26,8,6000,1.5
180735,180744,180768,9,24,8,6000,1.375
180735,180749,180776,14,27,8,6000,1.51851851852
180746,180756,180781,10,25,8,6000,1.4
180747,180761,180788,14,27,8,6000,1.51851851852
180757,180767,180794,10,27,8,6000,1.37037037037
180758,180773,180800,15,27,8,6000,1.55555555556
180768,180779,180803,11,24,8,6000,1.45833333333
180769,180785,180809,16,24,8,6000,1.66666666667
180780,180797,180825,17,28,8,6000,1.60714285714
180780,180792,180817,12,25,8,6000,1.48
180791,180803,180827,12,24,8,6000,1.5
180801,180810,180841,9,31,8,6000,1.29032258065
180802,180815,180844,13,29,8,6000,1.44827586207
180812,180822,180848,10,26,8,6000,1.38461538462
180813,180827,180852,14,25,8,6000,1.56
180824,180834,180858,10,24,8,6000,1.41666666667
180824,180839,180871,15,32,8,6000,1.46875
180835,180851,180874,16,23,8,6000,1.69565217391
180835,180845,180874,10,29,8,6000,1.34482758621
180846,180857,180885,11,28,8,6000,1.39285714286
180846,180863,180891,17,28,8,6000,1.60714285714
180857,180870,180897,13,27,8,6000,1.48148148148
180868,180882,180914,14,32,8,6000,1.4375
180868,180877,180903,9,26,8,6000,1.34615384615
180879,180889,180922,10,33,8,6000,1.30303030303
180880,180894,180923,14,29,8,6000,1.48275862069
180890,180900,180928,10,28,8,6000,1.35714285714
180891,180906,180935,15,29,8,6000,1.51724137931
180902,180918,180947,16,29,8,6000,1.55172413793
180902,180913,180941,11,28,8,6000,1.39285714286
180913,180925,180951,12,26,8,6000,1.46153846154
180923,180932,180965,9,33,8,6000,1.27272727273
180924,180938,180968,14,30,8,6000,1.46666666667
180934,180945,180973,11,28,8,6000,1.39285714286
180935,180950,180979,15,29,8,6000,1.51724137931
180946,180962,180993,16,31,8,6000,1.51612903226
180946,180957,180987,11,30,8,6000,1.36666666667
180957,180969,181000,12,31,8,6000,1.38709677419
180967,180976,181011,9,35,8,6000,1.25714285714
180968,180982,181014,14,32,8,6000,1.4375
180978,180989,181016,11,27,8,6000,1.40740740741
180979,180994,181025,15,31,8,6000,1.48387096774
180989,181001,181033,12,32,8,6000,1.375
180990,181006,181035,16,29,8,6000,1.55172413793
181001,181013,181044,12,31,8,6000,1.38709677419
181011,181019,181049,8,30,8,6000,1.26666666667
181012,181025,181058,13,33,8,6000,1.39393939394
181022,181032,181063,10,31,8,6000,1.32258064516
181023,181037,181069,14,32,8,6000,1.4375
181033,181044,181077,11,33,8,6000,1.33333333333
181034,181049,181087,15,38,8,6000,1.39473684211
181044,181055,181088,11,33,8,6000,1.33333333333
181045,181061,181091,16,30,8,6000,1.53333333333
181056,181067,181104,11,37,8,6000,1.2972972973
181056,181073,181106,17,33,8,6000,1.51515151515
181067,181080,181111,13,31,8,6000,1.41935483871
181077,181087,181123,10,36,8,6000,1.27777777778
181078,181092,181128,14,36,8,6000,1.38888888889
181088,181098,181135,10,37,8,6000,1.27027027027
181089,181104,181138,15,34,8,6000,1.44117647059
181104,181110,181114,6,4,5,14400,1.0
181104,181116,181119,12,3,5,14400,1.5
181115,181128,181132,13,4,5,14400,1.7
181115,181122,181127,7,5,5,14400,1.2
181126,181134,181138,8,4,5,14400,1.2
181127,181140,181144,13,4,5,14400,1.7
181137,181146,181150,9,4,5,14400,1.3
181138,181152,181156,14,4,5,14400,1.8
181148,181159,181163,11,4,5,14400,1.5
181149,181164,181168,15,4,5,14400,1.9
181159,181171,181175,12,4,5,14400,1.6
181160,181176,181180,16,4,5,14400,2.0
181170,181183,181187,13,4,5,14400,1.7
181181,181190,181193,9,3,5,14400,1.2
181182,181195,181199,13,4,5,14400,1.7
181192,181201,181205,9,4,5,14400,1.3
181193,181207,181210,14,3,5,14400,1.7
181203,181214,181217,11,3,5,14400,1.4
181204,181219,181223,15,4,5,14400,1.9
181214,181226,181230,12,4,5,14400,1.6
181215,181231,181235,16,4,5,14400,2.0
181225,181237,181241,12,4,5,14400,1.6
181236,181250,181254,14,4,5,14400,1.8
181236,181244,181248,8,4,5,14400,1.2
181247,181256,181260,9,4,5,14400,1.3
181248,181262,181266,14,4,5,14400,1.8
181258,181269,181273,11,4,5,14400,1.5
181259,181274,181278,15,4,5,14400,1.9
181269,181281,181285,12,4,5,14400,1.6
181270,181286,181290,16,4,5,14400,2.0
181280,181293,181297,13,4,5,14400,1.7
181291,181300,181304,9,4,5,14400,1.3
181291,181305,181309,14,4,5,14400,1.8
181302,181312,181316,10,4,5,14400,1.4
181303,181317,181321,14,4,5,14400,1.8
181313,181324,181328,11,4,5,14400,1.5
181314,181329,181333,15,4,5,14400,1.9
181324,181336,181339,12,3,5,14400,1.5
181325,181341,181345,16,4,5,14400,2.0
181335,181348,181352,13,4,5,14400,1.7
181346,181355,181358,9,3,5,14400,1.2
181346,181360,181363,14,3,5,14400,1.7
181357,181367,181371,10,4,5,14400,1.4
181358,181372,181376,14,4,5,14400,1.8
181368,181379,181383,11,4,5,14400,1.5
181369,181384,181388,15,4,5,14400,1.9
181379,181391,181394,12,3,5,14400,1.5
181380,181396,181400,16,4,5,14400,2.0
181390,181403,181407,13,4,5,14400,1.7
181401,181410,181413,9,3,5,14400,1.2
181402,181415,181419,13,4,5,14400,1.7
181412,181422,181426,10,4,5,14400,1.4
181413,181427,181431,14,4,5,14400,1.8
181423,181434,181438,11,4,5,14400,1.5
181424,181439,181443,15,4,5,14400,1.9
181434,181446,181450,12,4,5,14400,1.6
181435,181451,181455,16,4,5,14400,2.0
181445,181458,181462,13,4,5,14400,1.7
181456,181464,181468,8,4,5,14400,1.2
181456,181470,181474,14,4,5,14400,1.8
181467,181477,181481,10,4,5,14400,1.4
181468,181482,181486,14,4,5,14400,1.8
181478,181489,181493,11,4,5,14400,1.5
181479,181494,181498,15,4,5,14400,1.9
181489,181501,181510,12,9,5,14400,2.1
181490,181506,181510,16,4,5,14400,2.0
181500,181512,181516,12,4,5,14400,1.6
181511,181519,181522,8,3,5,14400,1.1
181511,181524,181529,13,5,5,14400,1.8
181522,181532,181536,10,4,5,14400,1.4
181522,181537,181541,15,4,5,14400,1.9
181533,181544,181548,11,4,5,14400,1.5
181534,181549,181553,15,4,5,14400,1.9
181544,181556,181560,12,4,5,14400,1.6
181545,181561,181565,16,4,5,14400,2.0
181555,181568,181572,13,4,5,14400,1.7
181566,181574,181578,8,4,5,14400,1.2
181566,181580,181583,14,3,5,14400,1.7
181577,181592,181596,15,4,5,14400,1.9
181577,181587,181591,10,4,5,14400,1.4
181588,181599,181603,11,4,5,14400,1.5
181588,181604,181608,16,4,5,14400,2.0
181599,181611,181615,12,4,5,14400,1.6
181600,181616,181620,16,4,5,14400,2.0
181610,181623,181627,13,4,5,14400,1.7
181621,181630,181634,9,4,5,14400,1.3
181621,181635,181639,14,4,5,14400,1.8
181632,181642,181650,10,8,5,14400,1.8
181632,181647,181651,15,4,5,14400,1.9
181643,181653,181657,10,4,5,14400,1.4
181644,181659,181662,15,3,5,14400,1.8
181654,181666,181670,12,4,5,14400,1.6
181655,181671,181675,16,4,5,14400,2.0
181665,181678,181682,13,4,5,14400,1.7
181676,181690,181694,14,4,5,14400,1.8
181676,181685,181689,9,4,5,14400,1.3
181687,181697,181700,10,3,5,14400,1.3
181688,181702,181706,14,4,5,14400,1.8
181699,181709,181712,10,3,5,14400,1.3
181700,181714,181718,14,4,5,14400,1.8
181715,181723,181741,8,18,8,6000,1.44444444444
181715,181728,181745,13,17,8,6000,1.76470588235
181726,181735,181753,9,18,8,6000,1.5
181726,181740,181761,14,21,8,6000,1.66666666667
181737,181748,181770,11,22,8,6000,1.5
181737,181753,181773,16,20,8,6000,1.8
181748,181760,181777,12,17,8,6000,1.70588235294
181749,181765,181784,16,19,8,6000,1.84210526316
181759,181772,181788,13,16,8,6000,1.8125
181770,181784,181805,14,21,8,6000,1.66666666667
181770,181779,181800,9,21,8,6000,1.42857142857
181781,181791,181810,10,19,8,6000,1.52631578947
181782,181796,181818,14,22,8,6000,1.63636363636
181792,181802,181822,10,20,8,6000,1.5
181793,181808,181829,15,21,8,6000,1.71428571429
181803,181815,181840,12,25,8,6000,1.48
181804,181820,181841,16,21,8,6000,1.7619047619
181815,181864,181888,49,24,8,6000,3.04166666667
181825,181871,181891,46,20,8,6000,3.3
181866,181877,181902,11,25,8,6000,1.44
181867,181883,181906,16,23,8,6000,1.69565217391
181878,181890,181914,12,24,8,6000,1.5
181878,181895,181919,17,24,8,6000,1.70833333333
181889,181902,181922,13,20,8,6000,1.65
181899,181909,181931,10,22,8,6000,1.45454545455
181900,181914,181939,14,25,8,6000,1.56
181910,181921,181943,11,22,8,6000,1.5
181911,181926,181948,15,22,8,6000,1.68181818182
181922,181938,181960,16,22,8,6000,1.72727272727
181922,181933,181947,11,14,8,6000,1.78571428571
181933,181945,181968,12,23,8,6000,1.52173913043
181943,181952,181974,9,22,8,6000,1.40909090909
181944,181957,181980,13,23,8,6000,1.5652173913
181954,181964,181987,10,23,8,6000,1.4347826087
181955,181969,181992,14,23,8,6000,1.60869565217
181966,181976,181998,10,22,8,6000,1.45454545455
181966,181981,182007,15,26,8,6000,1.57692307692
181977,181988,182010,11,22,8,6000,1.5
181977,181993,182017,16,24,8,6000,1.66666666667
181988,182000,182026,12,26,8,6000,1.46153846154
181998,182007,182031,9,24,8,6000,1.375
181999,182012,182039,13,27,8,6000,1.48148148148
182009,182019,182047,10,28,8,6000,1.35714285714
182010,182024,182053,14,29,8,6000,1.48275862069
182020,182031,182059,11,28,8,6000,1.39285714286
182021,182036,182063,15,27,8,6000,1.55555555556
182032,182042,182066,10,24,8,6000,1.41666666667
182032,182048,182073,16,25,8,6000,1.64
182043,182060,182089,17,29,8,6000,1.58620689655
182043,182055,182080,12,25,8,6000,1.48
182054,182066,182090,12,24,8,6000,1.5
182065,182074,182105,9,31,8,6000,1.29032258065
182065,182079,182109,14,30,8,6000,1.46666666667
182076,182086,182112,10,26,8,6000,1.38461538462
182076,182091,182115,15,24,8,6000,1.625
182087,182098,182124,11,26,8,6000,1.42307692308
182087,182103,182134,16,31,8,6000,1.51612903226
182098,182115,182136,17,21,8,6000,1.80952380952
182098,182109,182140,11,31,8,6000,1.35483870968
182109,182121,182150,12,29,8,6000,1.41379310345
182114,184924,185090,2810,166,1,3600,17.9277108434
182120,182128,182156,8,28,8,6000,1.28571428571
182120,182133,182161,13,28,8,6000,1.46428571429
182131,182140,182165,9,25,8,6000,1.36
182131,182145,182171,14,26,8,6000,1.53846153846
182142,182157,182187,15,30,8,6000,1.5
182142,182152,182180,10,28,8,6000,1.35714285714
182153,182169,182198,16,29,8,6000,1.55172413793
182153,182163,182192,10,29,8,6000,1.34482758621
182164,182176,182204,12,28,8,6000,1.42857142857
182165,182181,182208,16,27,8,6000,1.59259259259
182175,182187,182215,12,28,8,6000,1.42857142857
182187,182200,182229,13,29,8,6000,1.44827586207
182187,182194,182227,7,33,8,6000,1.21212121212
182198,182212,182240,14,28,8,6000,1.5
182198,182207,182236,9,29,8,6000,1.31034482759
182209,182224,182258,15,34,8,6000,1.44117647059
182209,182219,182249,10,30,8,6000,1.33333333333
182220,182231,182263,11,32,8,6000,1.34375
182221,182236,182267,15,31,8,6000,1.48387096774
182231,182243,182272,12,29,8,6000,1.41379310345
182232,182248,182275,16,27,8,6000,1.59259259259
182242,182255,182287,13,32,8,6000,1.40625
182253,182262,182294,9,32,8,6000,1.28125
182253,182267,182290,14,23,8,6000,1.60869565217
182264,182274,182304,10,30,8,6000,1.33333333333
182264,182279,182308,15,29,8,6000,1.51724137931
182275,182291,182324,16,33,8,6000,1.48484848485
182275,182286,182317,11,31,8,6000,1.35483870968
182286,182298,182330,12,32,8,6000,1.375
182287,182303,182337,16,34,8,6000,1.47058823529
182297,182310,182347,13,37,8,6000,1.35135135135
182308,182322,182354,14,32,8,6000,1.4375
182308,182317,182349,9,32,8,6000,1.28125
182319,182329,182362,10,33,8,6000,1.30303030303
182320,182334,182368,14,34,8,6000,1.41176470588
182330,182341,182371,11,30,8,6000,1.36666666667
182331,182346,182380,15,34,8,6000,1.44117647059
182341,182353,182387,12,34,8,6000,1.35294117647
182342,182359,182392,17,33,8,6000,1.51515151515
182352,182366,182399,14,33,8,6000,1.42424242424
182367,182379,182383,12,4,5,14400,1.6
182367,182373,182377,6,4,5,14400,1.0
182378,182391,182395,13,4,5,14400,1.7
182378,182386,182390,8,4,5,14400,1.2
182389,182398,182402,9,4,5,14400,1.3
182390,182403,182406,13,3,5,14400,1.6
182400,182410,182414,10,4,5,14400,1.4
182401,182415,182419,14,4,5,14400,1.8
182411,182422,182426,11,4,5,14400,1.5
182412,182427,182431,15,4,5,14400,1.9
182422,182434,182438,12,4,5,14400,1.6
182423,182439,182443,16,4,5,14400,2.0
182433,182446,182449,13,3,5,14400,1.6
182444,182453,182456,9,3,5,14400,1.2
182445,182458,182462,13,4,5,14400,1.7
182455,182465,182469,10,4,5,14400,1.4
182456,182470,182474,14,4,5,14400,1.8
182466,182477,182481,11,4,5,14400,1.5
182467,182482,182486,15,4,5,14400,1.9
182477,182489,182492,12,3,5,14400,1.5
182478,182494,182498,16,4,5,14400,2.0
182488,182500,182504,12,4,5,14400,1.6
182499,182507,182511,8,4,5,14400,1.2
182500,182513,182517,13,4,5,14400,1.7
182511,182520,182524,9,4,5,14400,1.3
182511,182525,182529,14,4,5,14400,1.8
182522,182533,182537,11,4,5,14400,1.5
182522,182538,182542,16,4,5,14400,2.0
182533,182544,182548,11,4,5,14400,1.5
182543,182551,182555,8,4,5,14400,1.2
182544,182557,182561,13,4,5,14400,1.7
182555,182569,182573,14,4,5,14400,1.8
182555,182564,182568,9,4,5,14400,1.3
182566,182576,182579,10,3,5,14400,1.3
182566,182581,182585,15,4,5,14400,1.9
182577,182588,182592,11,4,5,14400,1.5
182577,182593,182603,16,10,5,14400,2.6
182588,182600,182603,12,3,5,14400,1.5
182589,182605,182609,16,4,5,14400,2.0
182599,182612,182615,13,3,5,14400,1.6
182610,182624,182628,14,4,5,14400,1.8
182610,182619,182623,9,4,5,14400,1.3
182621,182631,182634,10,3,5,14400,1.3
182621,182636,182640,15,4,5,14400,1.9
182632,182644,182647,12,3,5,14400,1.5
182632,182649,182653,17,4,5,14400,2.1
182643,182656,182660,13,4,5,14400,1.7
182654,182668,182672,14,4,5,14400,1.8
182654,182663,182667,9,4,5,14400,1.3
182665,182675,182679,10,4,5,14400,1.4
182665,182680,182684,15,4,5,14400,1.9
182676,182686,182691,10,5,5,14400,1.5
182676,182692,182698,16,6,5,14400,2.2
182687,182699,182703,12,4,5,14400,1.6
182687,182704,182708,17,4,5,14400,2.1
182698,182711,182715,13,4,5,14400,1.7
182709,182717,182721,8,4,5,14400,1.2
182709,182723,182727,14,4,5,14400,1.8
182720,182729,182733,9,4,5,14400,1.3
182720,182735,182739,15,4,5,14400,1.9
182731,182747,182751,16,4,5,14400,2.0
182731,182742,182746,11,4,5,14400,1.5
182742,182754,182758,12,4,5,14400,1.6
182752,182761,182765,9,4,5,14400,1.3
182753,182766,182770,13,4,5,14400,1.7
182764,182778,182782,14,4,5,14400,1.8
182764,182773,182777,9,4,5,14400,1.3
182775,182790,182793,15,3,5,14400,1.8
182775,182784,182788,9,4,5,14400,1.3
182786,182802,182806,16,4,5,14400,2.0
182786,182797,182801,11,4,5,14400,1.5
182797,182809,182813,12,4,5,14400,1.6
182807,182816,182819,9,3,5,14400,1.2
182808,182821,182825,13,4,5,14400,1.7
182818,182828,182832,10,4,5,14400,1.4
182819,182833,182837,14,4,5,14400,1.8
182829,182839,182843,10,4,5,14400,1.4
182830,182845,182849,15,4,5,14400,1.9
182841,182857,182861,16,4,5,14400,2.0
182841,182852,182855,11,3,5,14400,1.4
182852,182864,182867,12,3,5,14400,1.5
182862,182871,182875,9,4,5,14400,1.3
182863,182876,182879,13,3,5,14400,1.6
182873,182883,182887,10,4,5,14400,1.4
182874,182888,182892,14,4,5,14400,1.8
182884,182896,182900,12,4,5,14400,1.6
182885,182901,182905,16,4,5,14400,2.0
182896,182908,182911,12,3,5,14400,1.5
182906,182914,182918,8,4,5,14400,1.2
182907,182920,182923,13,3,5,14400,1.6
182917,182927,182935,10,8,5,14400,1.8
182918,182932,182936,14,4,5,14400,1.8
182928,182939,182943,11,4,5,14400,1.5
182929,182944,182948,15,4,5,14400,1.9
182939,182951,182955,12,4,5,14400,1.6
182940,182956,182960,16,4,5,14400,2.0
182951,182963,182965,12,2,5,14400,1.4
182961,182970,182973,9,3,5,14400,1.2
182962,182975,182979,13,4,5,14400,1.7
182972,182982,182986,10,4,5,14400,1.4
182980,182989,183007,9,18,8,6000,1.5
182981,182994,183010,13,16,8,6000,1.8125
182992,183001,183019,9,18,8,6000,1.5
182992,183006,183026,14,20,8,6000,1.7
183003,183013,183036,10,23,8,6000,1.4347826087
183003,183018,183039,15,21,8,6000,1.71428571429
183014,183025,183042,11,17,8,6000,1.64705882353
183014,183030,183049,16,19,8,6000,1.84210526316
183025,183037,183053,12,16,8,6000,1.75
183035,183044,183065,9,21,8,6000,1.42857142857
183036,183049,183070,13,21,8,6000,1.61904761905
183046,183056,183076,10,20,8,6000,1.5
183047,183061,183084,14,23,8,6000,1.60869565217
183058,183068,183088,10,20,8,6000,1.5
183058,183073,183094,15,21,8,6000,1.71428571429
183069,183085,183106,16,21,8,6000,1.7619047619
183069,183080,183105,11,25,8,6000,1.44
183080,183097,183117,17,20,8,6000,1.85
183080,183092,183116,12,24,8,6000,1.5
183091,183104,183128,13,24,8,6000,1.54166666667
183102,183111,183130,9,19,8,6000,1.47368421053
183102,183116,183140,14,24,8,6000,1.58333333333
183113,183123,183147,10,24,8,6000,1.41666666667
183113,183128,183148,15,20,8,6000,1.75
183124,183135,183156,11,21,8,6000,1.52380952381
183124,183140,183165,16,25,8,6000,1.64
183135,183148,183170,13,22,8,6000,1.59090909091
183135,183153,183176,18,23,8,6000,1.78260869565
183146,183160,183174,14,14,8,6000,2.0
183157,183167,183188,10,21,8,6000,1.47619047619
183157,183172,183196,15,24,8,6000,1.625
183168,183184,183206,16,22,8,6000,1.72727272727
183168,183179,183201,11,22,8,6000,1.5
183179,183190,183214,11,24,8,6000,1.45833333333
183179,183196,183219,17,23,8,6000,1.73913043478
183190,183202,183225,12,23,8,6000,1.52173913043
183201,183208,183233,7,25,8,6000,1.28
183201,183214,183236,13,22,8,6000,1.59090909091
183212,183221,183244,9,23,8,6000,1.39130434783
183212,183226,183253,14,27,8,6000,1.51851851852
183223,183238,183264,15,26,8,6000,1.57692307692
183223,183233,183256,10,23,8,6000,1.4347826087
183234,183250,183277,16,27,8,6000,1.59259259259
183234,183245,183270,11,25,8,6000,1.44
183245,183257,183283,12,26,8,6000,1.46153846154
183246,183262,183289,16,27,8,6000,1.59259259259
183256,183269,183295,13,26,8,6000,1.5
183267,183275,183305,8,30,8,6000,1.26666666667
183267,183280,183305,13,25,8,6000,1.52
183278,183288,183316,10,28,8,6000,1.35714285714
183278,183293,183317,15,24,8,6000,1.625
183289,183300,183332,11,32,8,6000,1.34375
183290,183305,183333,15,28,8,6000,1.53571428571
183300,183312,183338,12,26,8,6000,1.46153846154
183301,183317,183341,16,24,8,6000,1.66666666667
183311,183324,183350,13,26,8,6000,1.5
183322,183331,183363,9,32,8,6000,1.28125
183323,183336,183363,13,27,8,6000,1.48148148148
183333,183343,183365,10,22,8,6000,1.45454545455
183334,183348,183378,14,30,8,6000,1.46666666667
183345,183355,183383,10,28,8,6000,1.35714285714
183345,183360,183387,15,27,8,6000,1.55555555556
183356,183372,183397,16,25,8,6000,1.64
183356,183367,183392,11,25,8,6000,1.44
183367,183384,183416,17,32,8,6000,1.53125
183367,183379,183408,12,29,8,6000,1.41379310345
183378,183390,183418,12,28,8,6000,1.42857142857
183389,183397,183426,8,29,8,6000,1.27586206897
183390,183402,183429,12,27,8,6000,1.44444444444
183400,183409,183436,9,27,8,6000,1.33333333333
183401,183414,183441,13,27,8,6000,1.48148148148
183411,183421,183452,10,31,8,6000,1.32258064516
183412,183426,183456,14,30,8,6000,1.46666666667
183422,183433,183462,11,29,8,6000,1.37931034483
183423,183438,183467,15,29,8,6000,1.51724137931
183433,183445,183479,12,34,8,6000,1.35294117647
183434,183450,183480,16,30,8,6000,1.53333333333
183445,183457,183488,12,31,8,6000,1.38709677419
183455,183463,183499,8,36,8,6000,1.22222222222
183456,183468,183498,12,30,8,6000,1.4
183466,183476,183504,10,28,8,6000,1.35714285714
183467,183481,183513,14,32,8,6000,1.4375
183477,183488,183523,11,35,8,6000,1.31428571429
183478,183493,183516,15,23,8,6000,1.65217391304
183488,183499,183530,11,31,8,6000,1.35483870968
183489,183505,183535,16,30,8,6000,1.53333333333
183500,183511,183543,11,32,8,6000,1.34375
183500,183516,183546,16,30,8,6000,1.53333333333
183511,183522,183556,11,34,8,6000,1.32352941176
183521,183529,183562,8,33,8,6000,1.24242424242
183522,183534,183573,12,39,8,6000,1.30769230769
183532,183541,183573,9,32,8,6000,1.28125
183533,183546,183576,13,30,8,6000,1.43333333333
183544,183553,183589,9,36,8,6000,1.25
183544,183558,183592,14,34,8,6000,1.41176470588
183555,183565,183594,10,29,8,6000,1.34482758621
183556,183570,183605,14,35,8,6000,1.4
183566,183577,183611,11,34,8,6000,1.32352941176
183567,183582,183615,15,33,8,6000,1.45454545455
183578,183589,183623,11,34,8,6000,1.32352941176
185269,185277,185627,8,350,1,3600,1.02285714286
185700,185706,185868,6,162,1,3600,1.03703703704
185987,185993,186774,6,781,1,3600,1.00768245839
186040,186047,186400,7,353,1,3600,1.01983002833
186760,186766,187597,6,831,1,3600,1.00722021661
187388,189244,191507,1856,2263,16,540000,1.82015024304
188096,188103,188217,7,114,1,3600,1.06140350877
188380,188387,188703,7,316,1,3600,1.02215189873
188805,188811,188924,6,113,1,3600,1.05309734513
189085,189091,189405,6,314,1,3600,1.01910828025
189125,189132,189743,7,611,1,3600,1.01145662848
189379,189415,189529,36,114,1,1800,1.31578947368
189839,189845,189962,6,117,1,1800,1.05128205128
189886,189892,190504,6,612,1,3600,1.00980392157
190642,190649,191230,7,581,1,1800,1.01204819277
191496,192419,194899,923,2480,16,540000,1.37217741935
193063,193236,193355,173,119,1,1800,2.45378151261
193107,193241,193290,134,49,1,1800,3.73469387755
193612,193618,193697,6,79,1,1800,1.07594936709
193678,193684,193796,6,112,1,1800,1.05357142857
194455,194461,195685,6,1224,2,18000,1.00490196078
194500,194628,195194,128,566,1,1800,1.22614840989
194679,194685,194976,6,291,1,1800,1.0206185567
196995,197001,197050,6,49,1,1800,1.12244897959
197389,197395,197468,6,73,1,1800,1.08219178082
198501,198507,198790,6,283,1,1800,1.02120141343
201618,201625,234143,7,32518,4,32400,1.00021526539
201849,201856,201865,7,9,2,18000,1.6
202049,202055,220072,6,18017,2,18000,1.00033301882
202352,202359,204552,7,2193,5,14400,1.00319197446
202364,202375,204934,11,2559,5,14400,1.00429855412
202364,202370,204994,6,2624,5,14400,1.00228658537
202375,202381,204828,6,2447,5,14400,1.00245198202
202375,202386,204658,11,2272,5,14400,1.0048415493
202386,202392,205366,6,2974,5,14400,1.00201748487
202386,202398,204832,12,2434,5,14400,1.00493015612
202397,202404,204853,7,2449,5,14400,1.00285830951
202397,202410,204880,13,2470,5,14400,1.00526315789
202408,202416,204699,8,2283,5,14400,1.00350416119
202409,202421,205093,12,2672,5,14400,1.00449101796
202420,202434,204764,14,2330,5,14400,1.00600858369
202420,202428,204729,8,2301,5,14400,1.00347674924
202431,202440,205222,9,2782,5,14400,1.00323508267
202431,202446,205079,15,2633,5,14400,1.00569692366
202442,202452,204981,10,2529,5,14400,1.00395413207
202442,202457,204825,15,2368,5,14400,1.00633445946
202453,202464,204962,11,2498,5,14400,1.00440352282
202464,202471,204707,7,2236,5,14400,1.00313059034
202475,202481,205123,6,2642,5,14400,1.00227100681
202486,202492,204796,6,2304,5,14400,1.00260416667
202497,202503,205183,6,2680,5,14400,1.00223880597
202507,202513,204894,6,2381,5,14400,1.0025199496
202518,202524,204804,6,2280,5,14400,1.00263157895
202529,202743,205164,214,2421,5,14400,1.08839322594
202592,203224,203233,632,9,2,72000,64.1
202743,204710,206970,1967,2260,5,14400,1.8703539823
203280,203286,244414,6,41128,2,72000,1.00014588601
203580,252841,252858,49261,17,2,72000,2898.70588235
203673,204670,217965,997,13295,8,43200,1.07499059797
203683,204845,218061,1162,13216,8,43200,1.08792372881
203691,204864,217242,1173,12378,8,43200,1.09476490548
203699,205006,218682,1307,13676,8,43200,1.09556887979
203707,205379,223665,1672,18286,8,43200,1.09143607131
203719,208210,227800,4491,19590,8,43200,1.22924961715
203732,209013,234325,5281,25312,8,43200,1.20863621997
203914,203921,207627,7,3706,1,3600,1.00188882893
203982,227817,247318,23835,19501,2,72000,2.22224501308
204413,252868,252881,48455,13,2,198000,3728.30769231
204712,204742,207036,30,2294,5,14400,1.01307759372
204743,204750,207249,7,2499,5,14400,1.00280112045
204754,204776,207090,22,2314,5,14400,1.00950734659
204775,204808,207244,33,2436,5,14400,1.01354679803
204806,204815,207495,9,2680,5,14400,1.00335820896
204817,204838,207391,21,2553,5,14400,1.00822561692
204838,204892,207426,54,2534,5,14400,1.02131018153
204890,204905,207904,15,2999,5,14400,1.00500166722
204911,204975,207499,64,2524,5,14400,1.02535657686
204972,204993,207288,21,2295,5,14400,1.0091503268
204993,205092,207667,99,2575,5,14400,1.03844660194
205034,211295,226528,6261,15233,4,21600,1.41101555833
205060,211300,226664,6240,15364,4,21600,1.40614423327
205095,205106,207539,11,2433,5,14400,1.00452116728
205106,205135,207745,29,2610,5,14400,1.01111111111
205138,205195,207788,57,2593,5,14400,1.02198225993
205200,205235,207790,35,2555,5,14400,1.01369863014
205231,205384,208007,153,2623,5,14400,1.05833015631
205386,206982,209666,1596,2684,5,14400,1.59463487332
206974,207437,209809,463,2372,2,7200,1.19519392917
206978,207048,209555,70,2507,5,14400,1.02792181891
207050,207102,209598,52,2496,5,14400,1.02083333333
207101,207256,209843,155,2587,5,14400,1.05991495941
207112,263353,680768,56241,417415,4,432000,1.1347364134
207215,252891,282175,45676,29284,2,108000,2.55975959568
207255,207262,209905,7,2643,5,14400,1.00264850549
207266,207300,209831,34,2531,5,14400,1.01343342552
207297,207404,210084,107,2680,5,14400,1.03992537313
207399,207507,209986,108,2479,5,14400,1.04356595401
207502,207514,210140,12,2626,5,14400,1.00456968774
207512,207552,210054,40,2502,5,14400,1.01598721023
207543,207679,210311,136,2632,5,14400,1.05167173252
207677,207758,210381,81,2623,5,14400,1.03088067099
207748,207800,210144,52,2344,5,14400,1.02218430034
207790,207807,210513,17,2706,5,14400,1.00628233555
207800,207917,210288,117,2371,5,14400,1.0493462674
207851,208024,208043,173,19,3,1200,10.1052631579
207913,208019,210474,106,2455,5,14400,1.04317718941
208016,209567,212090,1551,2523,5,14400,1.61474435196
208254,211306,211326,3052,20,3,1200,153.6
209386,214411,214420,5025,9,1,25200,503.4
209565,209609,212044,44,2435,5,14400,1.0180698152
209606,209679,211989,73,2310,5,14400,1.0316017316
209668,209843,212478,175,2635,5,14400,1.06641366224
209771,219229,219237,9458,8,4,36000,946.6
209831,209856,212421,25,2565,5,14400,1.00974658869
209852,209917,212218,65,2301,5,14400,1.02824858757
209914,209999,212182,85,2183,5,14400,1.03893724233
209924,209930,212259,6,2329,2,7200,1.00257621297
209996,210067,212168,71,2101,5,14400,1.0337934317
210058,210097,212616,39,2519,5,14400,1.01548233426
210089,210153,212282,64,2129,5,14400,1.03006106153
210143,210160,212607,17,2447,5,14400,1.00694728239
210154,210300,212932,146,2632,5,14400,1.05547112462
210290,210324,213055,34,2731,5,14400,1.01244965214
210321,210393,212973,72,2580,5,14400,1.02790697674
210382,210486,212775,104,2289,5,14400,1.04543468764
210408,219218,228116,8810,8898,12,28800,1.99011013711
210475,210526,212886,51,2360,5,14400,1.02161016949
210516,211945,214363,1429,2418,5,14400,1.59098428453
210788,219234,223251,8446,4017,4,36000,3.10256410256
211519,211526,211535,7,9,3,3600,1.6
211629,211635,211647,6,12,1,600,1.5
211938,262601,263753,50663,1152,16,72000,44.9782986111
211942,212001,214477,59,2476,5,14400,1.02382875606
212004,212055,214516,51,2461,5,14400,1.02072328322
212055,212103,214693,48,2590,5,14400,1.01853281853
212059,214380,214388,2321,8,3,3600,232.9
212107,212180,215006,73,2826,5,14400,1.02583156405
212178,212195,214777,17,2582,5,14400,1.00658404338
212199,212229,214379,30,2150,5,14400,1.01395348837
212230,212271,214687,41,2416,5,14400,1.01697019868
212272,212294,214638,22,2344,5,14400,1.00938566553
212287,218072,229831,5785,11759,8,21600,1.49196360235
212293,212434,214902,141,2468,5,14400,1.05713128039
212437,212490,214875,53,2385,5,14400,1.02222222222
212488,212619,215172,131,2553,5,14400,1.05131218175
212511,214406,215268,1895,862,1,3540,3.19837587007
212606,217976,219207,5370,1231,32,3540,5.36230706742
212621,212627,215143,6,2516,5,14400,1.00238473768
212632,212787,215077,155,2290,5,14400,1.06768558952
212751,214375,221592,1624,7217,2,7200,1.2250242483
212785,212898,215664,113,2766,5,14400,1.04085321764
212898,212944,215306,46,2362,5,14400,1.01947502117
212949,212985,215630,36,2645,5,14400,1.01361058601
212990,213067,215578,77,2511,5,14400,1.03066507368
213061,248913,259694,35852,10781,128,10740,4.32548001113
213072,214391,217358,1319,2967,5,14400,1.44455679137
213818,214400,215239,582,839,1,1200,1.6936829559
213918,263358,269818,49440,6460,2,198000,8.65325077399
214388,214490,216755,102,2265,5,14400,1.04503311258
214490,214528,217123,38,2595,5,14400,1.01464354528
214532,214651,217022,119,2371,5,14400,1.05018979334
214654,214699,216973,45,2274,5,14400,1.01978891821
214696,214705,217402,9,2697,5,14400,1.00333704116
214706,214789,217113,83,2324,5,14400,1.03571428571
214788,214888,217328,100,2440,5,14400,1.04098360656
214885,215018,215813,133,795,8,6000,1.16729559748
215008,215089,215883,81,794,8,6000,1.10201511335
215079,215184,215977,105,793,8,6000,1.13240857503
215173,215239,216043,66,804,8,6000,1.08208955224
215244,215319,216122,75,803,8,6000,1.09339975093
215267,219239,223815,3972,4576,2,43200,1.86800699301
215316,215643,216441,327,798,8,6000,1.40977443609
215469,217254,217261,1785,7,3,3600,179.2
215644,215676,216470,32,794,8,6000,1.040302267
215675,215826,216620,151,794,8,6000,1.19017632242
215829,215895,216686,66,791,8,6000,1.08343868521
215890,215990,216792,100,802,8,6000,1.1246882793
215993,216055,216849,62,794,8,6000,1.07808564232
216055,216135,216939,80,804,8,6000,1.09950248756
216137,216453,217259,316,806,8,6000,1.39205955335
216278,217259,218476,981,1217,3,1200,1.80608052588
216453,216483,217284,30,801,8,6000,1.03745318352
216484,216632,217435,148,803,8,6000,1.18430884184
216627,216699,217506,72,807,8,6000,1.08921933086
216699,216769,217577,70,808,8,6000,1.08663366337
216771,216804,217608,33,804,8,6000,1.04104477612
216802,216861,217664,59,803,8,6000,1.07347447073
216864,216952,217754,88,802,8,6000,1.10972568579
216957,217035,217838,78,803,8,6000,1.09713574097
217039,217126,217930,87,804,8,6000,1.10820895522
217131,217272,218080,141,808,8,6000,1.1745049505
217274,217297,218101,23,804,8,6000,1.02860696517
217295,217341,218148,46,807,8,6000,1.05700123916
217336,217415,218223,79,808,8,6000,1.09777227723
217418,217447,218251,29,804,8,6000,1.03606965174
217449,217520,218334,71,814,8,6000,1.08722358722
217521,217620,218414,99,794,8,6000,1.12468513854
217624,218114,218921,490,807,8,6000,1.60718711276
217658,217664,218711,6,1047,1,3600,1.00573065903
217659,217670,218669,11,999,2,3600,1.01101101101
217659,217766,218753,107,987,4,3600,1.10840932118
217660,218092,219132,432,1040,8,3600,1.41538461538
217661,217942,219114,281,1172,16,3600,1.23976109215
218093,218159,218963,66,804,8,6000,1.08208955224
218114,218234,219047,120,813,8,6000,1.14760147601
218155,218264,219073,109,809,8,6000,1.1347342398
218237,218347,219152,110,805,8,6000,1.13664596273
218268,218426,219226,158,800,8,6000,1.1975
218350,218681,219486,331,805,8,6000,1.41118012422
218432,218693,219504,261,811,8,6000,1.32182490752
218697,218934,219742,237,808,8,6000,1.29331683168
218932,218975,219783,43,808,8,6000,1.05321782178
218973,219059,219872,86,813,8,6000,1.10578105781
219055,219085,219885,30,800,8,6000,1.0375
219086,219127,219937,41,810,8,6000,1.05061728395
219117,219132,219940,15,808,8,6000,1.01856435644
219128,219144,219957,16,813,8,6000,1.0196801968
219149,219164,219977,15,813,8,6000,1.0184501845
219160,219224,220040,64,816,8,6000,1.07843137255
219221,219247,220057,26,810,8,6000,1.03209876543
219242,219253,220068,11,815,8,6000,1.01349693252
219253,219499,220311,246,812,8,6000,1.30295566502
219498,219516,220337,18,821,8,6000,1.02192448234
219518,219753,220566,235,813,8,6000,1.28905289053
219753,219794,220616,41,822,8,6000,1.0498783455
219794,219884,220697,90,813,8,6000,1.11070110701
219886,219897,220713,11,816,8,6000,1.01348039216
219897,219949,220764,52,815,8,6000,1.06380368098
219948,219957,220783,9,826,8,6000,1.01089588378
219959,219970,220797,11,827,8,6000,1.01330108827
219970,219989,220813,19,824,8,6000,1.02305825243
219991,220053,220872,62,819,8,6000,1.0757020757
220053,220069,220891,16,822,8,6000,1.01946472019
220074,220082,220901,8,819,8,6000,1.00976800977
220085,220323,221144,238,821,8,6000,1.28989037759
220320,220349,221173,29,824,8,6000,1.03519417476
220352,220578,221387,226,809,8,6000,1.27935723115
220582,220628,221444,46,816,8,6000,1.05637254902
220625,220710,221529,85,819,8,6000,1.10378510379
220707,220725,221544,18,819,8,6000,1.02197802198
220728,220775,221599,47,824,8,6000,1.05703883495
220779,220795,221610,16,815,8,6000,1.01963190184
220790,220808,221632,18,824,8,6000,1.02184466019
220811,220826,221656,15,830,8,6000,1.01807228916
220812,221603,222817,791,1214,32,3540,1.65156507414
220822,220904,221726,82,822,8,6000,1.099756691
220904,221157,221979,253,822,8,6000,1.30778588808
221038,222834,223283,1796,449,4,36000,5.0
221042,263776,265599,42734,1823,2,43200,24.4415798135
221153,221400,222226,247,826,8,6000,1.299031477
221333,263348,460618,42015,197270,8,259200,1.21298220713
221388,221457,222276,69,819,8,6000,1.08424908425
221452,221541,222360,89,819,8,6000,1.10866910867
221514,222839,222857,1325,18,2,1800,74.6111111111
221537,221557,222375,20,818,8,6000,1.02444987775
221547,221610,222435,63,825,8,6000,1.07636363636
221609,221623,222448,14,825,8,6000,1.01696969697
221620,221643,222467,23,824,8,6000,1.02791262136
221640,221667,222481,27,814,8,6000,1.03316953317
221661,221738,222560,77,822,8,6000,1.09367396594
221733,221991,222828,258,837,8,6000,1.3082437276
221882,222844,222885,962,41,2,1800,24.4634146341
221981,222238,223058,257,820,8,6000,1.31341463415
222232,222289,223105,57,816,8,6000,1.06985294118
222284,222373,223193,89,820,8,6000,1.10853658537
222369,222386,223209,17,823,8,6000,1.02065613609
222380,222448,223275,68,827,8,6000,1.08222490931
222444,222460,223288,16,828,8,6000,1.0193236715
222455,222480,223312,25,832,8,6000,1.03004807692
222476,222493,223331,17,838,8,6000,1.02028639618
222487,222573,223414,86,841,8,6000,1.10225921522
222569,222829,223661,260,832,8,6000,1.3125
222824,222851,223681,27,830,8,6000,1.03253012048
222855,222863,223693,8,830,8,6000,1.00963855422
222866,222872,223705,6,833,8,6000,1.00720288115
222877,223070,223895,193,825,8,6000,1.23393939394
223073,223120,223939,47,819,8,6000,1.05738705739
223117,223206,224042,89,836,8,6000,1.10645933014
223205,223222,224053,17,831,8,6000,1.02045728039
223227,223263,225422,36,2159,5,14400,1.01667438629
223270,223288,225905,18,2617,5,14400,1.0068781047
223295,223301,225855,6,2554,5,14400,1.00234925607
223308,223315,225720,7,2405,5,14400,1.00291060291
223318,223324,225603,6,2279,5,14400,1.00263273366
223329,223336,226382,7,3046,5,14400,1.00229809586
223340,223347,225712,7,2365,5,14400,1.00295983087
223350,223356,225740,6,2384,5,14400,1.00251677852
223362,223427,225690,65,2263,5,14400,1.02872293416
223425,223433,225698,8,2265,5,14400,1.00353200883
223437,223674,226293,237,2619,5,14400,1.09049255441
223506,223715,226061,209,2346,4,36000,1.08908780904
223506,223710,228521,204,4811,4,36000,1.04240282686
223506,223691,223694,185,3,4,36000,18.8
223507,226582,241045,3075,14463,4,36000,1.21261149139
223507,226577,229080,3070,2503,4,36000,2.2265281662
223507,226598,230518,3091,3920,4,36000,1.78852040816
223507,223720,226036,213,2316,4,36000,1.09196891192
223507,226593,228823,3086,2230,4,36000,2.38385650224
223507,226587,232900,3080,6313,4,36000,1.48788214795
223508,226608,227224,3100,616,4,36000,6.03246753247
223508,226603,229823,3095,3220,4,36000,1.96118012422
223508,226675,232083,3167,5408,4,36000,1.58561390533
223508,263369,270195,39861,6826,4,36000,6.83958394374
223508,263363,271944,39855,8581,4,36000,5.64456357068
223509,263374,270456,39865,7082,4,36000,6.62905958769
223509,263379,270684,39870,7305,4,36000,6.45790554415
223509,263395,271298,39886,7903,4,36000,6.04694419841
223509,263384,267110,39875,3726,4,36000,11.7018250134
223509,263390,265627,39881,2237,4,36000,18.8278945016
223510,263405,267129,39895,3724,4,36000,11.712943072
223510,263400,269301,39890,5901,4,36000,7.75987120827
223620,223679,223726,59,47,2,1800,2.25531914894
223672,223685,225967,13,2282,5,14400,1.00569675723
223683,223697,226016,14,2319,5,14400,1.00603708495
223693,223703,226516,10,2813,5,14400,1.00355492357
223704,223727,226361,23,2634,5,14400,1.00873196659
223725,223739,226311,14,2572,5,14400,1.00544323484
223736,223908,226198,172,2290,5,14400,1.07510917031
223910,223916,226322,6,2406,5,14400,1.00249376559
223920,223951,226209,31,2258,5,14400,1.01372896368
223951,224053,226697,102,2644,5,14400,1.03857791225
224054,224060,226347,6,2287,5,14400,1.00262352427
224064,224071,226721,7,2650,5,14400,1.00264150943
224075,225434,227784,1359,2350,5,14400,1.57829787234
224807,226304,226560,1497,256,32,3540,6.84765625
225382,263411,285515,38029,22104,4,36000,2.72045783569
225431,225615,227840,184,2225,5,14400,1.08269662921
225615,225703,228118,88,2415,5,14400,1.0364389234
225639,263781,265112,38142,1331,3,172800,29.656649136
225708,225715,227937,7,2222,5,14400,1.00315031503
225718,225724,227998,6,2274,5,14400,1.00263852243
225729,225735,228239,6,2504,5,14400,1.00239616613
225740,225753,228006,13,2253,5,14400,1.00577008433
225751,225917,228342,166,2425,5,14400,1.06845360825
225914,226220,228853,306,2633,5,14400,1.11621724269
226221,226310,228823,89,2513,5,14400,1.03541583764
226313,226322,228761,9,2439,5,14400,1.0036900369
226324,226335,229208,11,2873,5,14400,1.00382875044
226334,226359,228835,25,2476,5,14400,1.01009693053
226355,226373,228618,18,2245,5,14400,1.00801781737
226377,226393,228929,16,2536,5,14400,1.00630914826
226398,226528,228925,130,2397,5,14400,1.05423445974
226531,226540,228985,9,2445,5,14400,1.0036809816
226542,226572,229020,30,2448,5,14400,1.01225490196
226573,226710,229256,137,2546,5,14400,1.05380989788
226706,226733,229112,27,2379,5,14400,1.01134930643
226737,227797,230338,1060,2541,5,14400,1.41715859898
227801,227812,230401,11,2589,5,14400,1.00424874469
227811,227824,230348,13,2524,5,14400,1.00515055468
227822,227852,230501,30,2649,5,14400,1.01132502831
227853,227949,230589,96,2640,5,14400,1.03636363636
227945,228011,230456,66,2445,5,14400,1.02699386503
227980,230803,248729,2823,17926,8,21600,1.15748075421
228007,228018,230421,11,2403,5,14400,1.00457761132
228017,228130,230390,113,2260,5,14400,1.05
228077,230808,248897,2731,18089,8,21600,1.15097573111
228130,228136,230700,6,2564,5,14400,1.0023400936
228141,228147,230550,6,2403,5,14400,1.0024968789
228151,228251,230885,100,2634,5,14400,1.03796507213
228255,228354,230808,99,2454,5,14400,1.04034229829
228357,228533,230808,176,2275,5,14400,1.07736263736
228531,228631,231284,100,2653,5,14400,1.03769317753
228633,228774,231106,141,2332,5,14400,1.06046312178
228650,228840,229163,190,323,1,7200,1.58823529412
228777,228835,231183,58,2348,5,14400,1.02470187394
228838,228846,231198,8,2352,5,14400,1.00340136054
228849,228866,231139,17,2273,5,14400,1.00747910251
228870,228937,231213,67,2276,5,14400,1.02943760984
228942,228948,231562,6,2614,5,14400,1.00229533282
228952,228998,231523,46,2525,5,14400,1.01821782178
228994,229032,231367,38,2335,5,14400,1.01627408994
229035,229091,231219,56,2128,5,14400,1.02631578947
229097,229124,231141,27,2017,5,14400,1.01338621715
229128,229220,231666,92,2446,5,14400,1.03761242845
229197,230530,230786,1333,256,32,3540,6.20703125
229220,229269,231394,49,2125,5,14400,1.02305882353
229272,230350,232767,1078,2417,5,14400,1.44600744725
229291,267012,329626,37721,62614,2,72000,1.60243715463
229291,265611,311663,36320,46052,2,72000,1.78867367324
229345,229351,229688,6,337,1,7200,1.0178041543
229535,265638,293949,36103,28311,4,72000,2.27522870969
229535,266991,293949,37456,26958,4,72000,2.38942058016
230187,230193,230390,6,197,1,7200,1.03045685279
230353,230401,233037,48,2636,5,14400,1.01820940819
230405,230433,233022,28,2589,5,14400,1.01081498648
230436,230469,233061,33,2592,5,14400,1.01273148148
230467,230513,232812,46,2299,5,14400,1.02000869943
230508,230520,232913,12,2393,5,14400,1.00501462599
230519,230543,232935,24,2392,5,14400,1.01003344482
230540,230562,233066,22,2504,5,14400,1.00878594249
230561,230602,233043,41,2441,5,14400,1.01679639492
230604,230713,233361,109,2648,5,14400,1.04116314199
230717,230798,233501,81,2703,5,14400,1.02996670366
230800,230815,233418,15,2603,5,14400,1.00576258164
230811,230822,232965,11,2143,5,14400,1.00513299113
230822,230828,233204,6,2376,5,14400,1.00252525253
230832,230840,233114,8,2274,5,14400,1.0035180299
230843,230898,233280,55,2382,5,14400,1.02308984047
230895,231119,233470,224,2351,5,14400,1.09527860485
231037,231044,231761,7,717,1,1800,1.00976290098
231122,231152,233698,30,2546,5,14400,1.01178318932
231153,231159,233761,6,2602,5,14400,1.00230591852
231164,231196,233468,32,2272,5,14400,1.01408450704
231195,231211,233991,16,2780,5,14400,1.00575539568
231216,231226,233552,10,2326,5,14400,1.00429922614
231227,231233,233766,6,2533,5,14400,1.00236873273
231237,231296,233798,59,2502,5,14400,1.02358113509
231299,231379,234054,80,2675,5,14400,1.02990654206
231381,231407,233694,26,2287,5,14400,1.01136860516
231402,231535,234146,133,2611,5,14400,1.0509383378
231535,231574,233885,39,2311,5,14400,1.01687581134
231576,231678,233968,102,2290,5,14400,1.04454148472
231679,232096,234653,417,2557,5,14400,1.16308173641
231802,263797,319959,31995,56162,2,108000,1.56969125031
232057,234158,236910,2101,2752,8,18000,1.76344476744
232098,232780,235040,682,2260,5,14400,1.3017699115
232289,232911,232915,622,4,4,615,62.6
232461,233625,234651,1164,1026,32,3540,2.13450292398
232635,263802,371851,31167,108049,2,108000,1.28845246138
232641,234336,237383,1695,3047,8,18000,1.55628487036
232683,234663,238261,1980,3598,8,18000,1.5503057254
232740,234668,234736,1928,68,8,18000,29.3529411765
232783,232824,235266,41,2442,5,14400,1.01678951679
232826,232928,233726,102,798,8,6000,1.12781954887
232929,232947,233749,18,802,8,6000,1.02244389027
232949,233034,233842,85,808,8,6000,1.1051980198
233010,234673,237872,1663,3199,8,21600,1.51984995311
233032,233054,233851,22,797,8,6000,1.02760351317
233053,233073,233869,20,796,8,6000,1.02512562814
233073,233127,233922,54,795,8,6000,1.0679245283
233125,233216,234012,91,796,8,6000,1.11432160804
233217,233633,234437,416,804,8,6000,1.51741293532
233638,233705,234518,67,813,8,6000,1.08241082411
233710,233738,234532,28,794,8,6000,1.03526448363
233741,233760,234554,19,794,8,6000,1.02392947103
233762,233774,234580,12,806,8,6000,1.01488833747
233772,233780,234587,8,807,8,6000,1.00991325898
233783,233854,234652,71,798,8,6000,1.08897243108
233855,233864,234665,9,801,8,6000,1.01123595506
233865,233882,234688,17,806,8,6000,1.02109181141
233887,233898,234704,11,806,8,6000,1.01364764268
233897,233935,234740,38,805,8,6000,1.04720496894
233938,234003,234800,65,797,8,6000,1.08155583438
234000,234025,234840,25,815,8,6000,1.03067484663
234021,234066,234861,45,795,8,6000,1.05660377358
234062,234455,235263,393,808,8,6000,1.48638613861
234453,234530,235339,77,809,8,6000,1.09517923362
234535,234545,235346,10,801,8,6000,1.01248439451
234546,234565,235370,19,805,8,6000,1.02360248447
234568,234593,235403,25,810,8,6000,1.03086419753
234589,234600,235407,11,807,8,6000,1.0136307311
234600,234678,235488,78,810,8,6000,1.0962962963
234682,234689,235481,7,792,8,6000,1.00883838384
234692,234699,235509,7,810,8,6000,1.00864197531
234703,234709,235529,6,820,8,6000,1.00731707317
234714,234720,235532,6,812,8,6000,1.00738916256
234725,234748,235563,23,815,8,6000,1.0282208589
234746,234754,235556,8,802,8,6000,1.00997506234
234756,234813,235621,57,808,8,6000,1.07054455446
234818,234852,235657,34,805,8,6000,1.04223602484
234850,234872,235681,22,809,8,6000,1.02719406675
234871,235053,235851,182,798,8,6000,1.22807017544
235055,235276,236084,221,808,8,6000,1.27351485149
235280,235286,236095,6,809,8,6000,1.00741656366
235291,235351,236147,60,796,8,6000,1.07537688442
235353,235359,236173,6,814,8,6000,1.00737100737
235363,235381,236189,18,808,8,6000,1.02227722772
235384,235415,236228,31,813,8,6000,1.0381303813
235415,235424,236223,9,799,8,6000,1.0112640801
235426,235493,236304,67,811,8,6000,1.08261405672
235498,235505,236322,7,817,8,6000,1.00856793146
235508,235521,236340,13,819,8,6000,1.01587301587
235519,235540,236353,21,813,8,6000,1.0258302583
235540,235547,236364,7,817,8,6000,1.00856793146
235550,235569,236375,19,806,8,6000,1.02357320099
235571,235577,236396,6,819,8,6000,1.00732600733
235582,235633,236452,51,819,8,6000,1.06227106227
235633,235669,236474,36,805,8,6000,1.04472049689
235664,235693,236506,29,813,8,6000,1.0356703567
235695,235863,236682,168,819,8,6000,1.20512820513
235859,236097,236909,238,812,8,6000,1.29310344828
235914,263808,310431,27894,46623,2,108000,1.59828839843
236094,236107,236921,13,814,8,6000,1.01597051597
236105,236159,236966,54,807,8,6000,1.06691449814
236156,236186,237006,30,820,8,6000,1.03658536585
236187,236202,237020,15,818,8,6000,1.01833740831
236198,236235,237052,37,817,8,6000,1.0452876377
236239,236246,237059,7,813,8,6000,1.0086100861
236250,236317,237141,67,824,8,6000,1.08131067961
236322,236334,237150,12,816,8,6000,1.01470588235
236332,236352,237175,20,823,8,6000,1.02430133657
236353,236365,237176,12,811,8,6000,1.01479654747
236364,236375,237189,11,814,8,6000,1.01351351351
236375,236388,237206,13,818,8,6000,1.01589242054
236385,236408,237217,23,809,8,6000,1.02843016069
236406,236463,237279,57,816,8,6000,1.06985294118
236468,236487,237318,19,831,8,6000,1.02286401925
236489,236518,237341,29,823,8,6000,1.03523693803
236509,263813,274981,27304,11168,2,108000,3.44484240688
236520,236694,237513,174,819,8,6000,1.21245421245
236694,236921,237745,227,824,8,6000,1.27548543689
236918,236928,237747,10,819,8,6000,1.01221001221
236929,236935,237751,6,816,8,6000,1.00735294118
236940,236979,237810,39,831,8,6000,1.04693140794
236981,237018,237839,37,821,8,6000,1.04506699147
237023,237032,237850,9,818,8,6000,1.01100244499
237034,237065,237887,31,822,8,6000,1.03771289538
237065,237071,237896,6,825,8,6000,1.00727272727
237076,237154,237987,78,833,8,6000,1.09363745498
237158,237164,237976,6,812,8,6000,1.00738916256
237169,237187,238005,18,818,8,6000,1.02200488998
237190,237197,238022,7,825,8,6000,1.00848484848
237200,237206,238026,6,820,8,6000,1.00731707317
237211,237218,238042,7,824,8,6000,1.00849514563
237222,237229,238068,7,839,8,6000,1.00834326579
237232,237292,238117,60,825,8,6000,1.07272727273
237294,237331,238170,37,839,8,6000,1.04410011919
237336,237353,238177,17,824,8,6000,1.02063106796
237357,237395,238229,38,834,8,6000,1.04556354916
237398,237526,238341,128,815,8,6000,1.15705521472
237531,237757,238592,226,835,8,6000,1.27065868263
237756,237764,238595,8,831,8,6000,1.00962695548
237766,237773,238608,7,835,8,6000,1.00838323353
237777,237823,238647,46,824,8,6000,1.05582524272
237818,237851,238683,33,832,8,6000,1.03966346154
237849,237862,238694,13,832,8,6000,1.015625
237859,237885,240045,26,2160,5,14400,1.01203703704
237890,237898,240493,8,2595,5,14400,1.00308285164
237901,237910,240436,9,2526,5,14400,1.00356294537
237911,237918,240379,7,2461,5,14400,1.00284437221
237922,237929,240218,7,2289,5,14400,1.00305810398
237933,237987,240965,54,2978,5,14400,1.01813297515
237984,237998,240427,14,2429,5,14400,1.00576368876
237995,238005,240490,10,2485,5,14400,1.00402414487
238005,238018,240453,13,2435,5,14400,1.00533880903
238016,238034,240328,18,2294,5,14400,1.00784655623
238037,238043,240740,6,2697,5,14400,1.0022246941
238048,238054,240344,6,2290,5,14400,1.00262008734
238058,238065,240402,7,2337,5,14400,1.00299529311
238069,238075,240916,6,2841,5,14400,1.00211193242
238080,238086,240736,6,2650,5,14400,1.00226415094
238090,238096,240630,6,2534,5,14400,1.00236779795
238101,238128,240479,27,2351,5,14400,1.01148447469
238132,238182,240633,50,2451,5,14400,1.0203998368
238183,238190,240480,7,2290,5,14400,1.00305676856
238194,238201,240892,7,2691,5,14400,1.00260126347
238205,238212,240511,7,2299,5,14400,1.00304480209
238216,238242,240950,26,2708,5,14400,1.00960118168
238247,238272,240606,25,2334,5,14400,1.01071122536
238278,238285,240580,7,2295,5,14400,1.00305010893
238288,238353,240779,65,2426,5,14400,1.02679307502
238350,238604,240838,254,2234,5,14400,1.11369740376
238606,238612,240911,6,2299,5,14400,1.00260983036
238616,238622,241119,6,2497,5,14400,1.00240288346
238627,238633,240952,6,2319,5,14400,1.00258732212
238638,238644,241034,6,2390,5,14400,1.00251046025
238648,238658,241324,10,2666,5,14400,1.00375093773
238659,238665,241177,6,2512,5,14400,1.00238853503
238670,238695,241217,25,2522,5,14400,1.00991276764
238701,238707,241706,6,2999,5,14400,1.00200066689
238711,238718,241218,7,2500,5,14400,1.0028
238722,240058,242354,1336,2296,5,14400,1.5818815331
239198,263416,349842,24218,86426,8,86400,1.28021660149
239224,263421,310124,24197,46703,8,86400,1.51810376207
239251,263765,263786,24514,21,8,86400,1168.33333333
239276,263770,267480,24494,3710,8,86400,7.60215633423
240059,240230,242789,171,2559,5,14400,1.06682297773
240124,240131,241137,7,1006,1,2700,1.0069582505
240232,240341,242798,109,2457,5,14400,1.04436304436
240345,240357,242822,12,2465,5,14400,1.00486815416
240356,240392,243034,36,2642,5,14400,1.01362604088
240397,240415,243032,18,2617,5,14400,1.0068781047
240419,240440,243044,21,2604,5,14400,1.00806451613
240440,240448,243136,8,2688,5,14400,1.00297619048
240451,240465,242962,14,2497,5,14400,1.00560672807
240461,240492,242998,31,2506,5,14400,1.01237031125
240492,240498,243056,6,2558,5,14400,1.00234558249
240503,240510,243171,7,2661,5,14400,1.00263059
240514,240520,243028,6,2508,5,14400,1.0023923445
240524,240532,243103,8,2571,5,14400,1.00311162972
240536,240592,242956,56,2364,5,14400,1.02368866328
240587,240619,243227,32,2608,5,14400,1.01226993865
240618,240641,243075,23,2434,5,14400,1.0094494659
240639,240648,243327,9,2679,5,14400,1.00335946249
240650,240749,243357,99,2608,5,14400,1.0379601227
240752,240758,243088,6,2330,5,14400,1.0025751073
240763,240792,243491,29,2699,5,14400,1.01074472027
240794,240850,243207,56,2357,5,14400,1.0237590157
240846,240905,243334,59,2429,5,14400,1.02428983121
240908,240922,243418,14,2496,5,14400,1.00560897436
240919,240930,243322,11,2392,5,14400,1.00459866221
240929,240963,243240,34,2277,5,14400,1.01493192798
240950,265118,265120,24168,2,2,43200,2417.0
240961,240970,243565,9,2595,5,14400,1.00346820809
240971,240978,243593,7,2615,5,14400,1.00267686424
240982,241047,243355,65,2308,5,14400,1.02816291161
241044,241058,243198,14,2140,5,14400,1.00654205607
241054,241131,243221,77,2090,5,14400,1.03684210526
241126,241148,243646,22,2498,5,14400,1.00880704564
241147,241190,243320,43,2130,5,14400,1.02018779343
241189,241230,243678,41,2448,5,14400,1.01674836601
241230,241237,243982,7,2745,5,14400,1.00255009107
241241,241336,244118,95,2782,5,14400,1.0341480949
241333,241719,244296,386,2577,5,14400,1.14978657354
241722,242366,244701,644,2335,5,14400,1.27580299786
242365,242801,245155,436,2354,5,14400,1.18521665251
242804,242810,245238,6,2428,5,14400,1.00247116969
242815,242835,245392,20,2557,5,14400,1.00782166601
242836,242969,245401,133,2432,5,14400,1.0546875
242969,242975,245587,6,2612,5,14400,1.00229709035
242979,243011,245902,32,2891,5,14400,1.01106883431
243011,243041,245644,30,2603,5,14400,1.01152516327
243042,243049,245212,7,2163,5,14400,1.00323624595
243052,243059,245533,7,2474,5,14400,1.00282942603
243063,243071,245390,8,2319,5,14400,1.00344976283
243074,243081,245581,7,2500,5,14400,1.0028
243085,243091,245473,6,2382,5,14400,1.00251889169
243095,243102,245644,7,2542,5,14400,1.00275373721
243106,243115,245644,9,2529,5,14400,1.00355871886
243117,243148,245442,31,2294,5,14400,1.01351351351
243148,243182,245934,34,2752,5,14400,1.01235465116
243179,243210,245584,31,2374,5,14400,1.01305812974
243210,243220,245859,10,2639,5,14400,1.00378931413
243221,243232,245761,11,2529,5,14400,1.00434954527
243231,243239,246183,8,2944,5,14400,1.0027173913
243242,243252,245572,10,2320,5,14400,1.00431034483
243253,243332,245947,79,2615,5,14400,1.03021032505
243335,243342,245756,7,2414,5,14400,1.00289975145
243346,243353,245685,7,2332,5,14400,1.00300171527
243357,243364,246067,7,2703,5,14400,1.00258971513
243367,243373,245721,6,2348,5,14400,1.00255536627
243378,243385,245899,7,2514,5,14400,1.00278440732
243393,243504,244310,111,806,8,6000,1.13771712159
243508,243577,244368,69,791,8,6000,1.08723135272
243580,243659,244455,79,796,8,6000,1.09924623116
243662,243995,244790,333,795,8,6000,1.41886792453
243999,244130,244931,131,801,8,6000,1.16354556804
244132,244322,245124,190,802,8,6000,1.23690773067
244326,244381,245175,55,794,8,6000,1.06926952141
244377,244426,245226,49,800,8,6000,1.06125
244429,244467,245257,38,790,8,6000,1.04810126582
244470,244802,245605,332,803,8,6000,1.41344956413
244799,244943,245743,144,800,8,6000,1.18
244942,245137,245938,195,801,8,6000,1.24344569288
245140,245167,245974,27,807,8,6000,1.03345724907
245171,245187,245990,16,803,8,6000,1.0199252802
245192,245225,246028,33,803,8,6000,1.04109589041
245223,245238,246046,15,808,8,6000,1.01856435644
245234,245269,246096,35,827,8,6000,1.0423216445
245265,245403,246212,138,809,8,6000,1.17058096415
245408,245414,246232,6,818,8,6000,1.00733496333
245419,245454,246263,35,809,8,6000,1.04326328801
245450,245544,246351,94,807,8,6000,1.11648079306
245542,245583,246402,41,819,8,6000,1.05006105006
245583,245596,246405,13,809,8,6000,1.01606922126
245594,245603,246419,9,816,8,6000,1.01102941176
245605,245618,246420,13,802,8,6000,1.01620947631
245615,245655,246465,40,810,8,6000,1.04938271605
245657,245698,246510,41,812,8,6000,1.05049261084
245698,245734,246552,36,818,8,6000,1.04400977995
245729,245756,246556,27,800,8,6000,1.03375
245760,245773,246598,13,825,8,6000,1.01575757576
245768,245779,245781,11,2,2,3540,1.3
245771,245871,246678,100,807,8,6000,1.1239157373
245873,245914,246739,41,825,8,6000,1.0496969697
245915,245950,246764,35,814,8,6000,1.042997543
245946,245960,246768,14,808,8,6000,1.01732673267
245956,245987,246793,31,806,8,6000,1.03846153846
245988,246002,246807,14,805,8,6000,1.01739130435
245999,246041,246856,42,815,8,6000,1.05153374233
246040,246059,246856,19,797,8,6000,1.02383939774
246061,246079,246887,18,808,8,6000,1.02227722772
246082,246109,246915,27,806,8,6000,1.03349875931
246113,246224,247026,111,802,8,6000,1.13840399002
246226,246244,247052,18,808,8,6000,1.02227722772
246247,246275,247083,28,808,8,6000,1.03465346535
246278,246363,247174,85,811,8,6000,1.10480887793
246360,246415,247216,55,801,8,6000,1.06866416979
246412,246422,247238,10,816,8,6000,1.01225490196
246423,246432,247244,9,812,8,6000,1.01108374384
246433,246441,247248,8,807,8,6000,1.00991325898
246444,246476,247291,32,815,8,6000,1.03926380368
246475,246521,247338,46,817,8,6000,1.05630354957
246526,246564,247368,38,804,8,6000,1.04726368159
246568,246574,247400,6,826,8,6000,1.00726392252
246578,246610,247426,32,816,8,6000,1.03921568627
246609,246691,247501,82,810,8,6000,1.1012345679
246691,246752,247560,61,808,8,6000,1.0754950495
246753,246777,247588,24,811,8,6000,1.02959309494
246774,246784,247604,10,820,8,6000,1.01219512195
246785,246805,247620,20,815,8,6000,1.0245398773
246805,246819,247631,14,812,8,6000,1.01724137931
246816,246868,247684,52,816,8,6000,1.0637254902
246868,246875,247693,7,818,8,6000,1.00855745721
246878,246900,247713,22,813,8,6000,1.0270602706
246899,246927,247752,28,825,8,6000,1.03393939394
246930,247039,247858,109,819,8,6000,1.13308913309
247043,247065,247884,22,819,8,6000,1.02686202686
247064,247096,247918,32,822,8,6000,1.03892944039
247095,247185,248006,90,821,8,6000,1.10962241169
247188,247229,248054,41,825,8,6000,1.0496969697
247229,247251,248064,22,813,8,6000,1.0270602706
247250,247258,248072,8,814,8,6000,1.00982800983
247260,247266,248084,6,818,8,6000,1.00733496333
247271,247303,248129,32,826,8,6000,1.0387409201
247302,247351,248173,49,822,8,6000,1.0596107056
247354,247413,248229,59,816,8,6000,1.07230392157
247415,247572,248395,157,823,8,6000,1.1907654921
247569,247632,248456,63,824,8,6000,1.07645631068
247630,247643,248463,13,820,8,6000,1.01585365854
247641,247705,248522,64,817,8,6000,1.07833537332
247703,247726,248544,23,818,8,6000,1.02811735941
247723,247765,248590,42,825,8,6000,1.05090909091
247745,265131,297791,17386,32660,4,360000,1.53233312921
247765,248076,248894,311,818,8,6000,1.38019559902
247910,265512,625541,17602,360029,2,360000,1.04889050604
248081,248142,248972,61,830,8,6000,1.0734939759
248132,248185,249012,53,827,8,6000,1.06408706167
248174,248241,249060,67,819,8,6000,1.08180708181
248235,248408,249226,173,818,8,6000,1.21149144254
248398,248469,249294,71,825,8,6000,1.08606060606
248460,248476,249298,16,822,8,6000,1.01946472019
248471,248535,249357,64,822,8,6000,1.07785888078
248532,248556,249384,24,828,8,6000,1.02898550725
248553,248602,249431,49,829,8,6000,1.05910735826
248594,248907,249748,313,841,8,6000,1.37217598098
248900,248984,249813,84,829,8,6000,1.10132689988
248972,249023,249859,51,836,8,6000,1.06100478469
249013,249073,249900,60,827,8,6000,1.07255139057
249065,249239,250070,174,831,8,6000,1.20938628159
249228,249307,250128,79,821,8,6000,1.09622411693
249300,249313,250135,13,822,8,6000,1.01581508516
249311,249368,250195,57,827,8,6000,1.06892382104
249362,249396,250226,34,830,8,6000,1.04096385542
249393,249444,250271,51,827,8,6000,1.06166868198
249432,249759,252036,327,2277,5,14400,1.14361001318
249748,249825,252360,77,2535,5,14400,1.03037475345
249759,249830,252532,71,2702,5,14400,1.02627683198
249821,249871,252275,50,2404,5,14400,1.02079866889
249831,250130,252429,299,2299,5,14400,1.13005654632
249872,250136,253059,264,2923,5,14400,1.09031816627
249898,249904,250118,6,214,2,18000,1.02803738318
249898,249914,250118,16,204,1,18000,1.07843137255
249900,249920,250118,20,198,8,18000,1.10101010101
249903,249926,250118,23,192,1,18000,1.11979166667
249905,250081,250118,176,37,8,18000,5.75675675676
250128,250143,252621,15,2478,5,14400,1.00605326877
250138,250150,252610,12,2460,5,14400,1.00487804878
250139,250155,252378,16,2223,5,14400,1.00719748088
250150,250161,252430,11,2269,5,14400,1.00484795064
250160,250167,252934,7,2767,5,14400,1.00252981568
250161,250398,252897,237,2499,5,14400,1.09483793517
250170,250176,250386,6,210,1,18000,1.02857142857
250171,250243,250386,72,143,2,18000,1.5034965035
250172,250238,250386,66,148,4,18000,1.44594594595
250172,250206,250386,34,180,8,18000,1.18888888889
250178,250249,250386,71,137,2,18000,1.51824817518
250178,250292,250386,114,94,1,18000,2.21276595745
250179,250287,250386,108,99,4,18000,2.09090909091
250396,250405,252719,9,2314,5,14400,1.00388936906
250396,250410,253107,14,2697,5,14400,1.00519095291
250404,250421,250766,17,345,1,18000,1.04927536232
250406,250416,250766,10,350,8,18000,1.02857142857
250773,250779,253431,6,2652,5,14400,1.00226244344
250774,250785,253306,11,2521,5,14400,1.00436334788
250784,252544,254963,1760,2419,5,14400,1.72757337743
250845,252054,252995,1209,941,1,18000,2.28480340064
250846,252048,252888,1202,840,2,18000,2.43095238095
250847,252394,253211,1547,817,4,18000,2.8935128519
250847,252389,253220,1542,831,8,18000,2.85559566787
250848,252295,253749,1447,1454,1,18000,1.99518569464
250849,252446,253806,1597,1360,4,18000,2.17426470588
250849,252287,254070,1438,1783,2,18000,1.80650588895
250850,252441,253514,1591,1073,8,18000,2.48275862069
252538,252622,254921,84,2299,5,14400,1.03653762505
252620,252633,254888,13,2255,5,14400,1.00576496674
252630,252731,255484,101,2753,5,14400,1.03668725027
252723,252909,255243,186,2334,5,14400,1.07969151671
252896,252945,255509,49,2564,5,14400,1.01911076443
252907,253072,255599,165,2527,5,14400,1.06529481599
252948,253119,255409,171,2290,5,14400,1.07467248908
253071,253318,255812,247,2494,5,14400,1.09903769046
253122,253442,255837,320,2395,5,14400,1.13361169102
253199,253205,254074,6,869,1,18000,1.00690448792
253200,253236,254074,36,838,4,18000,1.04295942721
253200,253242,254074,42,832,2,18000,1.05048076923
253201,253231,254075,30,844,8,18000,1.0355450237
253439,253526,255801,87,2275,5,14400,1.03824175824
253521,253819,256363,298,2544,5,14400,1.11713836478
253522,254083,256316,561,2233,5,14400,1.25123152709
253720,263427,264133,9707,706,1,1800,14.7492917847
253723,263342,266980,9619,3638,64,3600,3.64403518417
253726,259709,263331,5983,3622,128,3600,2.65184980674
253818,254090,256577,272,2487,5,14400,1.10936871733
253827,266997,267344,13170,347,4,2340,38.9538904899
254083,254095,256754,12,2659,5,14400,1.0045129748
254094,254102,256642,8,2540,5,14400,1.0031496063
254095,255526,257857,1431,2331,5,14400,1.6138996139
254379,254981,255514,602,533,1,18000,2.12945590994
254380,254939,255514,559,575,2,18000,1.97217391304
254381,254975,255514,594,539,4,18000,2.10204081633
254381,254933,255514,552,581,8,18000,1.95008605852
254383,255506,255514,1123,8,1,18000,113.1
254384,255500,255514,1116,14,4,18000,80.7142857143
254384,255254,255514,870,260,2,18000,4.34615384615
254989,255260,255321,271,61,2,1800,5.44262295082
254990,255407,255468,417,61,2,1800,7.83606557377
254990,255421,255482,431,61,2,1800,8.06557377049
254990,255334,255395,344,61,2,1800,6.6393442623
254991,255494,255555,503,61,2,1800,9.24590163934
254991,255431,255492,440,61,2,1800,8.2131147541
254991,255426,255487,435,61,2,1800,8.13114754098
254991,255481,255542,490,61,2,1800,9.03278688525
254992,255531,255593,539,62,2,1800,9.6935483871
254992,255511,255575,519,64,2,1800,9.109375
254992,255519,255580,527,61,2,1800,9.6393442623
254992,255536,255597,544,61,2,1800,9.91803278689
254993,255557,255625,564,68,2,1800,9.29411764706
254993,255552,255613,559,61,2,1800,10.1639344262
254993,255547,255608,554,61,2,1800,10.0819672131
254993,255542,255603,549,61,2,1800,10.0
254994,255570,255631,576,61,2,1800,10.4426229508
254994,255563,255624,569,61,2,1800,10.3278688525
254994,255580,255641,586,61,2,1800,10.606557377
254994,255575,255636,581,61,2,1800,10.5245901639
255574,255587,258467,13,2880,5,14400,1.00451388889
255585,255593,258111,8,2518,5,14400,1.0031771247
255585,255612,257975,27,2363,5,14400,1.0114261532
255596,255619,258309,23,2690,5,14400,1.00855018587
255617,255626,258101,9,2475,5,14400,1.00363636364
255617,255642,258173,25,2531,5,14400,1.00987751877
255628,255654,258220,26,2566,5,14400,1.01013250195
255639,256969,259598,1330,2629,5,14400,1.50589577786
255750,255828,256070,78,242,1,18000,1.32231404959
255751,255823,256070,72,247,2,18000,1.29149797571
255751,255854,256070,103,216,4,18000,1.47685185185
255752,255848,256070,96,222,8,18000,1.43243243243
255768,256087,259060,319,2973,1,18000,1.10729902455
255769,256379,258250,610,1871,2,18000,1.32602886157
255770,256082,257156,312,1074,8,18000,1.2905027933
255770,256374,257688,604,1314,4,18000,1.4596651446
255969,256153,257754,184,1601,1,18000,1.11492816989
255970,256549,257347,579,798,2,18000,1.72556390977
255971,256544,256957,573,413,4,18000,2.38740920097
255971,256327,256532,356,205,8,18000,2.73658536585
256546,257036,259543,490,2507,5,14400,1.19545273235
256568,256580,258549,12,1969,1,18000,1.0060944642
256569,256575,257658,6,1083,2,18000,1.0055401662
256570,256653,257024,83,371,8,18000,1.22371967655
256570,256765,257409,195,644,4,18000,1.30279503106
256767,256873,256893,106,20,2,1800,6.3
256767,256840,256860,73,20,2,1800,4.65
256767,256807,256827,40,20,2,1800,3.0
256767,256773,256794,6,21,2,1800,1.28571428571
256768,256938,256958,170,20,2,1800,9.5
256768,256976,256997,208,21,2,1800,10.9047619048
256768,256905,256926,137,21,2,1800,7.52380952381
256769,257008,257029,239,21,2,1800,12.380952381
256769,257074,257095,305,21,2,1800,15.5238095238
256769,257048,257069,279,21,2,1800,14.2857142857
256769,257042,257062,273,20,2,1800,14.65
256770,257082,257102,312,20,2,1800,16.6
256770,257108,257128,338,20,2,1800,17.9
256770,257115,257136,345,21,2,1800,17.4285714286
256770,257141,257161,371,20,2,1800,19.55
256771,257148,257170,377,22,2,1800,18.1363636364
256771,257179,257200,408,21,2,1800,20.4285714286
256771,257174,257195,403,21,2,1800,20.1904761905
256771,257169,257190,398,21,2,1800,19.9523809524
256772,257184,257205,412,21,2,1800,20.619047619
257178,257191,259871,13,2680,5,14400,1.00485074627
257189,257212,259690,23,2478,5,14400,1.00928167877
257200,257359,259773,159,2414,5,14400,1.06586578293
257210,257670,260246,460,2576,5,14400,1.17857142857
257415,257701,260430,286,2729,5,14400,1.10480029315
257670,257870,260290,200,2420,5,14400,1.0826446281
257762,257987,260485,225,2498,5,14400,1.09007205765
257875,258112,260402,237,2290,5,14400,1.10349344978
257987,258122,260708,135,2586,5,14400,1.05220417633
258110,258185,260611,75,2426,5,14400,1.03091508656
258121,258232,260839,111,2607,5,14400,1.04257767549
258182,258322,261038,140,2716,5,14400,1.05154639175
258234,258480,260872,246,2392,5,14400,1.10284280936
258326,259073,261656,747,2583,5,14400,1.28919860627
258479,259555,261920,1076,2365,5,14400,1.45496828753
259548,259611,261977,63,2366,5,14400,1.02662721893
259600,259702,262176,102,2474,5,14400,1.0412287793
259692,259785,261993,93,2208,5,14400,1.04211956522
259774,259882,262220,108,2338,5,14400,1.04619332763
259876,260258,262884,382,2626,5,14400,1.14546839299
260253,260301,262793,48,2492,5,14400,1.01926163724
260294,260415,262807,121,2392,5,14400,1.05058528428
260334,267018,267019,6684,1,2,72000,668.5
260353,267023,267024,6670,1,2,72000,667.1
260407,260443,262633,36,2190,5,14400,1.01643835616
260438,260497,262559,59,2062,5,14400,1.02861299709
260489,260623,263117,134,2494,5,14400,1.05372894948
260519,267028,267029,6509,1,2,72000,651.0
260541,267033,267034,6492,1,2,72000,649.3
260612,260720,262864,108,2144,5,14400,1.05037313433
260714,260851,263230,137,2379,5,14400,1.05758722152
260847,260884,263583,37,2699,5,14400,1.01370878103
260879,261050,263700,171,2650,5,14400,1.06452830189
261042,261669,264315,627,2646,5,14400,1.23696145125
261664,261931,264240,267,2309,5,14400,1.1156344738
261929,261989,264381,60,2392,5,14400,1.02508361204
261980,262006,264485,26,2479,5,14400,1.01048810004
262001,262187,264724,186,2537,5,14400,1.0733149389
262185,262232,264664,47,2432,5,14400,1.01932565789
262226,262571,265180,345,2609,5,14400,1.13223457263
262563,262646,265443,83,2797,5,14400,1.02967465141
262635,262804,265633,169,2829,5,14400,1.05973842347
262798,262818,264902,20,2084,5,14400,1.00959692898
262809,262876,265254,67,2378,5,14400,1.02817493692
262870,262895,265226,25,2331,5,14400,1.01072501073
262891,263129,265564,238,2435,5,14400,1.0977412731
263126,263243,265522,117,2279,5,14400,1.05133830627
263238,263595,266198,357,2603,5,14400,1.13714944295
263586,263712,266244,126,2532,5,14400,1.04976303318
263708,264252,266711,544,2459,5,14400,1.22122814152
264248,264327,267224,79,2897,5,14400,1.02726958923
264320,264394,266841,74,2447,5,14400,1.03024111157
264382,264498,267160,116,2662,5,14400,1.04357625845
264495,264675,267312,180,2637,5,14400,1.06825938567
264668,264736,267527,68,2791,5,14400,1.02436402723
264730,264914,267256,184,2342,5,14400,1.07856532878
264904,265192,267760,288,2568,5,14400,1.11214953271
265189,265238,267661,49,2423,5,14400,1.02022286422
265231,265266,267559,35,2293,5,14400,1.01526384649
265262,265455,268119,193,2664,5,14400,1.07244744745
265445,265534,267870,89,2336,5,14400,1.03809931507
265527,265577,267920,50,2343,5,14400,1.02134016219
265572,266209,267000,637,791,8,6000,1.80530973451
265634,266722,267514,1088,792,8,6000,2.37373737374
266214,266852,267649,638,797,8,6000,1.80050188206
266724,267002,267807,278,805,8,6000,1.34534161491
266857,267007,267810,150,803,8,6000,1.18679950187
267010,267040,267837,30,797,8,6000,1.03764115433
267041,267047,267849,6,802,8,6000,1.00748129676
267052,267058,267855,6,797,8,6000,1.00752823087
267062,267069,267866,7,797,8,6000,1.00878293601
267073,267079,267879,6,800,8,6000,1.0075
267084,267121,267919,37,798,8,6000,1.04636591479
267125,267172,267975,47,803,8,6000,1.05853051059
267177,267235,268052,58,817,8,6000,1.07099143207
267238,267324,268123,86,799,8,6000,1.10763454318
267320,267491,268317,171,826,8,6000,1.20702179177
267342,267355,267365,13,10,1,900,2.3
267364,267376,267705,12,329,4,2340,1.03647416413
267472,267721,267723,249,2,2,3540,25.1
267494,267526,268335,32,809,8,6000,1.03955500618
267525,267539,268347,14,808,8,6000,1.01732673267
267536,267661,268462,125,801,8,6000,1.15605493134
267658,267672,268480,14,808,8,6000,1.01732673267
267669,267818,268622,149,804,8,6000,1.18532338308
267704,267716,267723,12,7,1,900,1.9
267739,267745,268093,6,348,4,2340,1.01724137931
267822,267829,268625,7,796,8,6000,1.00879396985
267833,267849,268661,16,812,8,6000,1.0197044335
267854,267860,268666,6,806,8,6000,1.00744416873
267865,267871,268671,6,800,8,6000,1.0075
267877,267883,268689,6,806,8,6000,1.00744416873
267888,267894,268701,6,807,8,6000,1.00743494424
267898,267905,268721,7,816,8,6000,1.00857843137
267909,267930,268734,21,804,8,6000,1.02611940299
267930,267936,268731,6,795,8,6000,1.00754716981
267941,267987,268798,46,811,8,6000,1.05672009864
267992,268065,268872,73,807,8,6000,1.09045848823
268064,268130,268937,66,807,8,6000,1.08178438662
268092,268104,268110,12,6,1,900,1.8
268127,268640,268991,513,351,4,2340,2.46153846154
268136,268142,268942,6,800,8,6000,1.0075
268146,268328,269136,182,808,8,6000,1.22524752475
268330,268347,269155,17,808,8,6000,1.02103960396
268351,268358,269168,7,810,8,6000,1.00864197531
268362,268474,269276,112,802,8,6000,1.13965087282
268474,268492,269294,18,802,8,6000,1.02244389027
268495,268633,269443,138,810,8,6000,1.17037037037
268500,268645,268819,145,174,1,3600,1.83333333333
268638,268672,269486,34,814,8,6000,1.04176904177
268669,268679,269492,10,813,8,6000,1.012300123
268680,268686,269502,6,816,8,6000,1.00735294118
268691,268700,269519,9,819,8,6000,1.01098901099
268702,268713,269532,11,819,8,6000,1.01343101343
268713,268732,269548,19,816,8,6000,1.02328431373
268733,268743,269554,10,811,8,6000,1.01233045623
268744,268750,269557,6,807,8,6000,1.00743494424
268755,268810,269622,55,812,8,6000,1.06773399015
268806,268884,269699,78,815,8,6000,1.09570552147
268889,268949,269764,60,815,8,6000,1.0736196319
268951,268957,269765,6,808,8,6000,1.00742574257
268961,269002,269826,41,824,8,6000,1.04975728155
268990,269509,269516,519,7,1,900,52.6
269003,269515,269860,512,345,1,3600,2.48405797101
269003,269148,269965,145,817,8,6000,1.17747858017
269026,269313,269668,287,355,4,2340,1.80845070423
269146,269167,269978,21,811,8,6000,1.02589395808
269167,269179,269989,12,810,8,6000,1.01481481481
269177,269287,270099,110,812,8,6000,1.1354679803
269290,269306,270120,16,814,8,6000,1.01965601966
269310,269454,270271,144,817,8,6000,1.17625458996
269453,269504,270319,51,815,8,6000,1.06257668712
269505,269521,270352,16,831,8,6000,1.01925391095
269526,269531,270350,5,819,8,6000,1.00610500611
269536,269543,270361,7,818,8,6000,1.00855745721
269547,269553,270366,6,813,8,6000,1.0073800738
269558,269564,270385,6,821,8,6000,1.00730816078
269568,269574,270388,6,814,8,6000,1.00737100737
269579,269585,270406,6,821,8,6000,1.00730816078
269590,269634,270460,44,826,8,6000,1.05326876513
269631,269711,270537,80,826,8,6000,1.09685230024
269666,269679,269686,13,7,1,900,2.0
269699,269705,269769,6,64,4,2340,1.09375
269713,269776,270598,63,822,8,6000,1.07664233577
269767,269828,269829,61,1,1,900,6.2
269774,269783,270605,9,822,8,6000,1.01094890511
269785,269837,270655,52,818,8,6000,1.06356968215
269836,269870,270697,34,827,8,6000,1.04111245466
269867,269976,270806,109,830,8,6000,1.1313253012
269980,269989,270812,9,823,8,6000,1.01093560146
269991,270001,270825,10,824,8,6000,1.01213592233
270001,270111,270934,110,823,8,6000,1.13365735115
270114,270132,270957,18,825,8,6000,1.02181818182
270135,270283,271109,148,826,8,6000,1.17917675545
270219,270225,271091,6,866,1,3600,1.00692840647
270288,270331,271157,43,826,8,6000,1.05205811138
270329,270362,271192,33,830,8,6000,1.03975903614
270360,270368,271200,8,832,8,6000,1.00961538462
270371,270377,271198,6,821,8,6000,1.00730816078
270383,270389,271219,6,830,8,6000,1.00722891566
270394,270400,271221,6,821,8,6000,1.00730816078
270405,270411,271250,6,839,8,6000,1.00715137068
270415,270421,271242,6,821,8,6000,1.00730816078
270426,270472,271303,46,831,8,6000,1.05535499398
270468,270548,271377,80,829,8,6000,1.09650180941
270550,270609,271434,59,825,8,6000,1.07151515152
270611,270617,271450,6,833,8,6000,1.00720288115
270622,270667,271518,45,851,8,6000,1.05287896592
270663,270696,271523,33,827,8,6000,1.03990326481
270694,270709,271536,15,827,8,6000,1.01813784764
270705,270817,271647,112,830,8,6000,1.13493975904
270818,270824,271662,6,838,8,6000,1.00715990453
270828,270836,271653,8,817,8,6000,1.00979192166
270839,270945,271778,106,833,8,6000,1.12725090036
270941,270969,271792,28,823,8,6000,1.0340218712
270972,271121,271955,149,834,8,6000,1.17865707434
271126,271169,272006,43,837,8,6000,1.0513739546
271584,271590,271600,6,10,3,172800,1.6
272063,272069,272234,6,165,1,3600,1.03636363636
272258,272264,272753,6,489,3,172800,1.01226993865
272351,272358,272472,7,114,1,3600,1.06140350877
272410,272416,272777,6,361,1,3600,1.01662049861
272659,272665,272983,6,318,1,3600,1.01886792453
273144,273150,273995,6,845,1,3600,1.00710059172
273494,273500,274100,6,600,1,3600,1.01
275224,275230,275342,6,112,1,3600,1.05357142857
275494,275500,275819,6,319,1,3600,1.01880877743
275719,275725,275850,6,125,1,1800,1.048
276160,276166,276282,6,116,1,1800,1.05172413793
276311,276317,276930,6,613,1,3600,1.00978792822
276965,276971,277479,6,508,1,1800,1.01181102362
277430,277436,332021,6,54585,1,259200,1.00010992031
277431,277442,332722,11,55280,1,259200,1.00019898698
277431,277448,332507,17,55059,1,259200,1.00030875969
277589,277595,404600,6,127005,1,360000,1.00004724223
277590,277601,404795,11,127194,1,360000,1.00008648207
277590,277607,404950,17,127343,1,360000,1.00013349772
277655,277661,382176,6,104515,1,432000,1.00005740803
277655,277673,380463,18,102790,1,432000,1.00017511431
277655,277666,380013,11,102347,1,432000,1.0001074775
279260,279266,279319,6,53,1,1800,1.11320754717
279516,279522,279639,6,117,1,1800,1.05128205128
279643,279649,279730,6,81,1,1800,1.07407407407
279973,279979,280094,6,115,1,1800,1.05217391304
280692,280699,280991,7,292,1,1800,1.02397260274
280800,280806,281385,6,579,1,1800,1.0103626943
283297,283303,283351,6,48,1,1800,1.125
283691,283697,283769,6,72,1,1800,1.08333333333
284811,284817,285094,6,277,1,1800,1.02166064982
285567,285573,285779,6,206,2,3600,1.02912621359
287017,287023,287230,6,207,4,2340,1.02898550725
287228,287234,287239,6,5,1,900,1.1
287237,287243,287451,6,208,4,2340,1.02884615385
287449,287455,287460,6,5,1,900,1.1
287461,287467,287674,6,207,4,2340,1.02898550725
287673,287679,287684,6,5,1,900,1.1
287684,287691,287892,7,201,4,2340,1.03482587065
287891,287897,287904,6,7,1,900,1.3
287904,287910,288115,6,205,4,2340,1.02926829268
288113,288119,288124,6,5,1,900,1.1
288121,288127,288189,6,62,4,2340,1.09677419355
288187,288193,288194,6,1,1,900,1.0
288409,288416,371965,7,83549,3,172800,1.00008378317
288554,288565,288791,11,226,8,165000,1.04867256637
288554,288570,288807,16,237,8,165000,1.06751054852
288554,288560,288808,6,248,8,165000,1.02419354839
288565,288576,288613,11,37,5,3600,1.2972972973
288566,288581,288619,15,38,5,3600,1.39473684211
288578,288593,288633,15,40,5,3600,1.375
288579,288599,288641,20,42,5,3600,1.47619047619
288631,288642,288679,11,37,5,3600,1.2972972973
288631,288637,288671,6,34,5,3600,1.17647058824
288642,288648,288686,6,38,5,3600,1.15789473684
288642,288654,288695,12,41,5,3600,1.29268292683
288653,288671,288708,18,37,5,3600,1.48648648649
288653,288665,288705,12,40,5,3600,1.3
288664,288677,288718,13,41,5,3600,1.31707317073
288675,288683,288722,8,39,5,3600,1.20512820513
288675,288688,288725,13,37,5,3600,1.35135135135
288686,288695,288733,9,38,5,3600,1.23684210526
288686,288701,288740,15,39,5,3600,1.38461538462
288697,288718,288756,21,38,5,3600,1.55263157895
288697,288712,288752,15,40,5,3600,1.375
288708,288724,288760,16,36,5,3600,1.44444444444
288719,288730,288769,11,39,5,3600,1.28205128205
288730,288737,288777,7,40,5,3600,1.175
288731,288743,288778,12,35,5,3600,1.34285714286
288742,288749,288793,7,44,5,3600,1.15909090909
288742,288755,288795,13,40,5,3600,1.325
288753,288767,288805,14,38,5,3600,1.36842105263
288753,288772,288808,19,36,5,3600,1.52777777778
288764,288778,288814,14,36,5,3600,1.38888888889
288774,288784,288821,10,37,5,3600,1.27027027027
288775,288789,288825,14,36,5,3600,1.38888888889
288786,288802,288845,16,43,5,3600,1.37209302326
288786,288796,288833,10,37,5,3600,1.27027027027
288797,288814,288852,17,38,5,3600,1.44736842105
288797,288808,288848,11,40,5,3600,1.275
288808,288822,288858,14,36,5,3600,1.38888888889
288819,288833,288875,14,42,5,3600,1.33333333333
288819,288828,288864,9,36,5,3600,1.25
288830,288840,288880,10,40,5,3600,1.25
288830,288846,288884,16,38,5,3600,1.42105263158
288841,288852,288892,11,40,5,3600,1.275
288842,288857,288897,15,40,5,3600,1.375
288852,288864,288902,12,38,5,3600,1.31578947368
288863,288870,288908,7,38,5,3600,1.18421052632
288864,288875,288910,11,35,5,3600,1.31428571429
288874,288881,288918,7,37,5,3600,1.18918918919
288875,288886,288921,11,35,5,3600,1.31428571429
288886,288892,288932,6,40,5,3600,1.15
288886,288903,289139,17,236,4,2340,1.07203389831
288886,288898,288934,12,36,5,3600,1.33333333333
288897,288910,288947,13,37,5,3600,1.35135135135
288897,288915,288954,18,39,5,3600,1.46153846154
288908,288922,288962,14,40,5,3600,1.35
288918,288928,288967,10,39,5,3600,1.25641025641
288919,288933,288970,14,37,5,3600,1.37837837838
288929,288940,288979,11,39,5,3600,1.28205128205
288930,288946,288984,16,38,5,3600,1.42105263158
288941,288952,288991,11,39,5,3600,1.28205128205
288941,288958,288998,17,40,5,3600,1.425
288952,288964,289001,12,37,5,3600,1.32432432432
288963,288970,289008,7,38,5,3600,1.18421052632
288963,288976,289013,13,37,5,3600,1.35135135135
288974,288988,289023,14,35,5,3600,1.4
288974,288982,289021,8,39,5,3600,1.20512820513
288985,289000,289036,15,36,5,3600,1.41666666667
288985,288994,289033,9,39,5,3600,1.23076923077
288996,289006,289043,10,37,5,3600,1.27027027027
288997,289012,289049,15,37,5,3600,1.40540540541
289008,289018,289058,10,40,5,3600,1.25
289009,289024,289061,15,37,5,3600,1.40540540541
289019,289030,289068,11,38,5,3600,1.28947368421
289020,289036,289074,16,38,5,3600,1.42105263158
289030,289043,289080,13,37,5,3600,1.35135135135
289041,289054,289090,13,36,5,3600,1.36111111111
289041,289049,289088,8,39,5,3600,1.20512820513
289052,289061,289100,9,39,5,3600,1.23076923077
289053,289066,289105,13,39,5,3600,1.33333333333
289063,289072,289108,9,36,5,3600,1.25
289064,289078,289114,14,36,5,3600,1.38888888889
289074,289084,289119,10,35,5,3600,1.28571428571
289075,289090,289126,15,36,5,3600,1.41666666667
289085,289096,289133,11,37,5,3600,1.2972972973
289086,289102,289141,16,39,5,3600,1.41025641026
289097,289114,289150,17,36,5,3600,1.47222222222
289097,289108,289148,11,40,5,3600,1.275
289108,289121,289157,13,36,5,3600,1.36111111111
289118,289127,289166,9,39,5,3600,1.23076923077
289119,289133,289170,14,37,5,3600,1.37837837838
289129,289139,289178,10,39,5,3600,1.25641025641
289130,289145,289187,15,42,5,3600,1.35714285714
289139,289162,289165,23,3,1,900,2.6
289140,289151,289190,11,39,5,3600,1.28205128205
289141,289157,289194,16,37,5,3600,1.43243243243
289149,289179,289407,30,228,4,2340,1.13157894737
289152,289174,289211,22,37,5,3600,1.59459459459
289152,289169,289208,17,39,5,3600,1.4358974359
289173,289185,289223,12,38,5,3600,1.31578947368
289173,289191,289229,18,38,5,3600,1.47368421053
289184,289197,289234,13,37,5,3600,1.35135135135
289195,289203,289244,8,41,5,3600,1.19512195122
289195,289209,289245,14,36,5,3600,1.38888888889
289206,289215,289255,9,40,5,3600,1.225
289206,289221,289256,15,35,5,3600,1.42857142857
289217,289227,289264,10,37,5,3600,1.27027027027
289218,289232,289271,14,39,5,3600,1.35897435897
289228,289239,289279,11,40,5,3600,1.275
289229,289245,289281,16,36,5,3600,1.44444444444
289239,289251,289290,12,39,5,3600,1.30769230769
289250,289263,289301,13,38,5,3600,1.34210526316
289250,289257,289295,7,38,5,3600,1.18421052632
289261,289269,289307,8,38,5,3600,1.21052631579
289262,289275,289311,13,36,5,3600,1.36111111111
289272,289281,289322,9,41,5,3600,1.21951219512
289273,289287,289324,14,37,5,3600,1.37837837838
289283,289294,289332,11,38,5,3600,1.28947368421
289284,289299,289339,15,40,5,3600,1.375
289294,289305,289344,11,39,5,3600,1.28205128205
289295,289311,289348,16,37,5,3600,1.43243243243
289306,289317,289355,11,38,5,3600,1.28947368421
289306,289323,289362,17,39,5,3600,1.4358974359
289317,289329,289368,12,39,5,3600,1.30769230769
289327,289335,289371,8,36,5,3600,1.22222222222
289328,289341,289380,13,39,5,3600,1.33333333333
289338,289347,289386,9,39,5,3600,1.23076923077
289339,289353,289390,14,37,5,3600,1.37837837838
289349,289359,289395,10,36,5,3600,1.27777777778
289350,289365,289404,15,39,5,3600,1.38461538462
289361,289371,289415,10,44,5,3600,1.22727272727
289361,289377,289417,16,40,5,3600,1.4
289372,289383,289423,11,40,5,3600,1.275
289372,289389,289428,17,39,5,3600,1.4358974359
289383,289395,289433,12,38,5,3600,1.31578947368
289393,289403,289442,10,39,5,3600,1.25641025641
289394,289408,289450,14,42,5,3600,1.33333333333
289405,289414,289452,9,38,5,3600,1.23684210526
289405,289420,289459,15,39,5,3600,1.38461538462
289405,289425,289430,20,5,1,900,2.5
289416,289442,289720,26,278,4,2340,1.09352517986
289416,289431,289470,15,39,5,3600,1.38461538462
289416,289437,289476,21,39,5,3600,1.53846153846
289427,289450,289489,23,39,5,3600,1.58974358974
289430,289460,319514,30,30054,4,32400,1.00099820323
289438,289455,289495,17,40,5,3600,1.425
289450,289466,289508,16,42,5,3600,1.38095238095
289460,289472,289512,12,40,5,3600,1.3
289471,289483,289521,12,38,5,3600,1.31578947368
289471,289478,289516,7,38,5,3600,1.18421052632
289482,289490,289527,8,37,5,3600,1.21621621622
289483,289496,289535,13,39,5,3600,1.33333333333
289493,289502,289539,9,37,5,3600,1.24324324324
289494,289508,289547,14,39,5,3600,1.35897435897
289504,289514,289552,10,38,5,3600,1.26315789474
289505,289520,289558,15,38,5,3600,1.39473684211
289515,289526,289567,11,41,5,3600,1.26829268293
289516,289532,289568,16,36,5,3600,1.44444444444
289527,289538,289580,11,42,5,3600,1.2619047619
289527,289544,289583,17,39,5,3600,1.4358974359
289538,289550,289590,12,40,5,3600,1.3
289548,289556,289596,8,40,5,3600,1.2
289549,289562,289601,13,39,5,3600,1.33333333333
289560,289568,289607,8,39,5,3600,1.20512820513
289560,289574,289614,14,40,5,3600,1.35
289571,289581,289621,10,40,5,3600,1.25
289571,289586,289623,15,37,5,3600,1.40540540541
289582,289592,289632,10,40,5,3600,1.25
289583,289598,289634,15,36,5,3600,1.41666666667
289593,289604,289643,11,39,5,3600,1.28205128205
289594,289610,289647,16,37,5,3600,1.43243243243
289605,289622,289657,17,35,5,3600,1.48571428571
289605,289616,289656,11,40,5,3600,1.275
289616,289628,289668,12,40,5,3600,1.3
289626,289634,289673,8,39,5,3600,1.20512820513
289627,289639,289678,12,39,5,3600,1.30769230769
289638,289646,289682,8,36,5,3600,1.22222222222
289638,289656,289790,18,134,2,28800,1.13432835821
289638,289651,289689,13,38,5,3600,1.34210526316
289649,289663,289698,14,35,5,3600,1.4
289649,289668,289708,19,40,5,3600,1.475
289660,289674,289711,14,37,5,3600,1.37837837838
289670,289680,289719,10,39,5,3600,1.25641025641
289671,289686,289725,15,39,5,3600,1.38461538462
289681,289692,289729,11,37,5,3600,1.2972972973
289682,289698,289737,16,39,5,3600,1.41025641026
289693,289704,289743,11,39,5,3600,1.28205128205
289700,289722,289968,22,246,2,28800,1.08943089431
289703,289711,289750,8,39,5,3600,1.20512820513
289704,289716,289754,12,38,5,3600,1.31578947368
289714,289728,289767,14,39,5,3600,1.35897435897
289715,289734,289770,19,36,5,3600,1.52777777778
289719,289739,289746,20,7,1,900,2.7
289726,289745,289784,19,39,5,3600,1.48717948718
289732,289756,290053,24,297,4,2340,1.08080808081
289736,289751,289791,15,40,5,3600,1.375
289747,289763,289802,16,39,5,3600,1.41025641026
289747,289768,289808,21,40,5,3600,1.525
289754,289773,290015,19,242,2,28800,1.07851239669
289758,289779,289817,21,38,5,3600,1.55263157895
289769,289785,289822,16,37,5,3600,1.43243243243
289779,289791,289831,12,40,5,3600,1.3
289790,289797,289837,7,40,5,3600,1.175
289791,289803,289840,12,37,5,3600,1.32432432432
289801,289809,289848,8,39,5,3600,1.20512820513
289802,289815,289853,13,38,5,3600,1.34210526316
289812,289821,289861,9,40,5,3600,1.225
289813,289827,289862,14,35,5,3600,1.4
289823,289833,289871,10,38,5,3600,1.26315789474
289824,289839,289878,15,39,5,3600,1.38461538462
289834,289845,289884,11,39,5,3600,1.28205128205
289835,289850,289889,15,39,5,3600,1.38461538462
289846,289857,289897,11,40,5,3600,1.275
289846,289863,289902,17,39,5,3600,1.4358974359
289857,289869,289909,12,40,5,3600,1.3
289867,289876,289916,9,40,5,3600,1.225
289868,289881,289920,13,39,5,3600,1.33333333333
289878,289889,289925,11,36,5,3600,1.30555555556
289879,289895,289932,16,37,5,3600,1.43243243243
289889,289901,289940,12,39,5,3600,1.30769230769
289900,289907,289944,7,37,5,3600,1.18918918919
289900,289912,289950,12,38,5,3600,1.31578947368
289911,289924,289962,13,38,5,3600,1.34210526316
289911,289918,289956,7,38,5,3600,1.18421052632
289922,289930,289969,8,39,5,3600,1.20512820513
289923,289936,289975,13,39,5,3600,1.33333333333
289933,289942,289982,9,40,5,3600,1.225
289934,289948,289983,14,35,5,3600,1.4
289944,289954,289992,10,38,5,3600,1.26315789474
289945,289960,289998,15,38,5,3600,1.39473684211
289956,289966,290004,10,38,5,3600,1.26315789474
289957,289972,290009,15,37,5,3600,1.40540540541
289967,289978,290014,11,36,5,3600,1.30555555556
289968,289984,290014,16,30,5,3600,1.53333333333
289978,289991,290014,13,23,5,3600,1.5652173913
289989,290003,290014,14,11,5,3600,2.27272727273
289989,289997,290014,8,17,5,3600,1.47058823529
290053,290059,290067,6,8,1,900,1.4
290060,290066,292821,6,2755,5,3600,1.00217785844
290071,290077,292834,6,2757,5,3600,1.00217627856
290071,290082,292951,11,2869,5,3600,1.00383408853
290074,290099,290372,25,273,4,2340,1.09157509158
290082,290088,292829,6,2741,5,3600,1.00218898212
290082,290093,292977,11,2884,5,3600,1.00381414702
290093,290105,292913,12,2808,5,3600,1.00427350427
290093,290110,292917,17,2807,5,3600,1.00605628785
290102,290121,297247,19,7126,2,43200,1.00266629245
290104,290127,296891,23,6764,2,43200,1.00340035482
290104,290116,292911,12,2795,5,3600,1.00429338104
290115,290138,292810,23,2672,5,3600,1.00860778443
290115,290133,292878,18,2745,5,3600,1.00655737705
290136,290144,292936,8,2792,5,3600,1.00286532951
290136,290149,292926,13,2777,5,3600,1.00468131077
290140,290172,290359,32,187,2,3600,1.17112299465
290140,290167,290333,27,166,2,3600,1.16265060241
290141,290177,290284,36,107,2,3600,1.33644859813
290141,290183,290280,42,97,2,3600,1.43298969072
290142,290193,290331,51,138,2,3600,1.36956521739
290142,290188,290285,46,97,2,3600,1.47422680412
290143,290198,290295,55,97,2,3600,1.56701030928
290147,290156,293172,9,3016,5,3600,1.00298408488
290147,290162,292914,15,2752,5,3600,1.0054505814
290158,290205,293030,47,2825,5,3600,1.01663716814
290159,290210,292914,51,2704,5,3600,1.01886094675
290210,290217,292995,7,2778,5,3600,1.00251979842
290221,290227,292917,6,2690,5,3600,1.00223048327
290231,290237,293146,6,2909,5,3600,1.00206256446
290242,290248,293014,6,2766,5,3600,1.0021691974
290252,290259,292968,7,2709,5,3600,1.00258397933
290263,290269,293090,6,2821,5,3600,1.00212690535
290274,290280,293142,6,2862,5,3600,1.00209643606
290285,290291,293027,6,2736,5,3600,1.00219298246
290295,290301,293102,6,2801,5,3600,1.00214209211
290306,290312,293039,6,2727,5,3600,1.00220022002
290317,290323,293058,6,2735,5,3600,1.00219378428
290327,290333,293067,6,2734,5,3600,1.00219458669
290338,290344,293128,6,2784,5,3600,1.00215517241
290349,290355,293157,6,2802,5,3600,1.00214132762
290359,290365,293201,6,2836,5,3600,1.00211565585
290365,290371,290372,6,1,1,900,1.0
290370,290377,293170,7,2793,5,3600,1.00250626566
290370,290384,290389,14,5,1,900,1.9
290381,292929,293016,2548,87,4,2340,30.2873563218
290381,290390,293233,9,2843,5,3600,1.00316567007
290391,290398,293192,7,2794,5,3600,1.00250536865
290402,292822,295639,2420,2817,5,3600,1.85906993255
290455,292945,318070,2490,25125,2,72000,1.09910447761
290513,292950,341880,2437,48930,2,72000,1.04980584508
290519,292963,323588,2444,30625,2,72000,1.07980408163
290528,292968,365000,2440,72032,2,72000,1.03387383385
290531,292989,343005,2458,50016,2,72000,1.04914427383
290694,292995,293160,2301,165,2,3600,14.9454545455
290695,293031,293202,2336,171,2,3600,14.6608187135
290695,293037,293211,2342,174,2,3600,14.4597701149
290696,295047,295143,4351,96,2,3600,46.3229166667
290696,293216,293312,2520,96,2,3600,27.25
290696,293171,293292,2475,121,2,3600,21.4545454545
290697,294862,295034,4165,172,2,3600,25.2151162791
290756,294867,295032,4111,165,2,3600,25.9151515152
290756,294872,295047,4116,175,2,3600,24.52
290757,295059,295155,4302,96,2,3600,45.8125
290757,294878,295030,4121,152,2,3600,28.1118421053
290758,295155,295252,4397,97,2,3600,46.3298969072
290758,295168,295267,4410,99,2,3600,45.5454545455
290759,295264,295363,4505,99,2,3600,46.5050505051
292277,292935,308396,658,15461,4,21600,1.04255869607
292306,292940,307936,634,14996,4,21600,1.04227794078
292820,292833,295607,13,2774,5,3600,1.00468637347
292830,292840,295567,10,2727,5,3600,1.00366703337
292841,292847,295585,6,2738,5,3600,1.00219138057
292852,292890,295691,38,2801,5,3600,1.01356658336
292893,292922,295642,29,2720,5,3600,1.01066176471
292924,292958,295654,34,2696,5,3600,1.01261127596
292955,292975,295834,20,2859,5,3600,1.00699545296
292976,292982,295774,6,2792,5,3600,1.00214899713
292987,293001,295759,14,2758,5,3600,1.00507614213
292997,293008,295947,11,2939,5,3600,1.00374276965
293008,293015,295819,7,2804,5,3600,1.00249643367
293014,293190,293191,176,1,1,900,17.7
293019,293025,295834,6,2809,5,3600,1.00213599146
293029,293044,295818,15,2774,5,3600,1.005407354
293040,293050,295852,10,2802,5,3600,1.00356887937
293051,293057,295870,6,2813,5,3600,1.00213295414
293062,293068,295885,6,2817,5,3600,1.00212992545
293072,293078,295885,6,2807,5,3600,1.00213751336
293083,293089,295860,6,2771,5,3600,1.00216528329
293094,293102,295815,8,2713,5,3600,1.0029487652
293104,293114,295862,10,2748,5,3600,1.00363901019
293115,293140,295912,25,2772,5,3600,1.00901875902
293146,293153,296023,7,2870,5,3600,1.00243902439
293153,295279,366674,2126,71395,2,108000,1.02977799566
293157,293163,295863,6,2700,5,3600,1.00222222222
293167,293178,295988,11,2810,5,3600,1.00391459075
293178,293185,295890,7,2705,5,3600,1.00258780037
293189,293202,295970,13,2768,5,3600,1.00469653179
293199,293208,295977,9,2769,5,3600,1.00325027086
293210,293222,295967,12,2745,5,3600,1.0043715847
293221,293244,295956,23,2712,5,3600,1.00848082596
293242,293323,296214,81,2891,5,3600,1.02801798686
293324,295597,298518,2273,2921,5,3600,1.77815816501
294089,295578,554799,1489,259221,8,259200,1.00574413338
294631,295375,296422,744,1047,2,3600,1.7106017192
294997,295873,374872,876,78999,2,108000,1.01108874796
294999,295849,296067,850,218,4,2340,4.89908256881
295597,295618,298437,21,2819,5,3600,1.00744945016
295618,295650,298495,32,2845,5,3600,1.01124780316
295649,295657,298496,8,2839,5,3600,1.00281789362
295660,295666,298429,6,2763,5,3600,1.00217155266
295670,295703,298436,33,2733,5,3600,1.01207464325
295701,295770,298546,69,2776,5,3600,1.02485590778
295773,295786,298702,13,2916,5,3600,1.00445816187
295784,295826,298665,42,2839,5,3600,1.01479394153
295825,295833,298644,8,2811,5,3600,1.00284596229
295836,295842,298653,6,2811,5,3600,1.00213447172
295847,295856,298507,9,2651,5,3600,1.0033949453
295857,295864,298607,7,2743,5,3600,1.00255195042
295868,295879,298543,11,2664,5,3600,1.00412912913
295879,295891,298643,12,2752,5,3600,1.00436046512
295889,295898,298700,9,2802,5,3600,1.00321199143
295900,295906,298642,6,2736,5,3600,1.00219298246
295911,295917,298616,6,2699,5,3600,1.00222304557
295921,295928,298626,7,2698,5,3600,1.00259451446
295932,295938,298722,6,2784,5,3600,1.00215517241
295943,295949,298825,6,2876,5,3600,1.00208623088
295953,295959,298696,6,2737,5,3600,1.00219218122
295964,295970,298790,6,2820,5,3600,1.00212765957
295966,295978,295979,12,1,2,7200,1.3
295975,295985,298743,10,2758,5,3600,1.00362581581
295985,295991,298859,6,2868,5,3600,1.00209205021
295996,296002,298672,6,2670,5,3600,1.00224719101
296000,299769,300252,3769,483,2,7200,8.8033126294
296007,296013,298864,6,2851,5,3600,1.00210452473
296017,296034,298855,17,2821,5,3600,1.00602623183
296038,296078,298834,40,2756,5,3600,1.0145137881
296065,296434,296439,369,5,1,900,37.4
296075,296902,297119,827,217,4,2340,4.81105990783
296079,296225,298953,146,2728,5,3600,1.05351906158
296125,299775,300245,3650,470,2,7200,8.76595744681
296222,298555,301412,2333,2857,5,3600,1.81659082954
296326,298716,299741,2390,1025,64,5400,3.33170731707
296748,299780,300021,3032,241,2,3600,13.5809128631
296828,299785,300048,2957,263,2,3600,12.2433460076
296957,299492,363248,2535,63756,16,540000,1.03976096367
297118,297131,297135,13,4,1,900,1.7
297132,297147,297376,15,229,4,2340,1.06550218341
297374,297381,297388,7,7,1,900,1.4
297392,298846,299074,1454,228,4,2340,7.37719298246
298388,299753,875802,1365,576049,12,576000,1.00236959009
298488,298851,298978,363,127,4,1800,3.85826771654
298558,298565,301415,7,2850,5,3600,1.00245614035
298568,298629,301504,61,2875,5,3600,1.0212173913
298601,299806,299969,1205,163,2,3600,8.39263803681
298630,298654,301444,24,2790,5,3600,1.00860215054
298651,298661,301368,10,2707,5,3600,1.00369412634
298662,298670,301495,8,2825,5,3600,1.00283185841
298673,298679,301467,6,2788,5,3600,1.00215208034
298683,298690,301552,7,2862,5,3600,1.00244584207
298694,298709,301420,15,2711,5,3600,1.00553301365
298705,298721,301656,16,2935,5,3600,1.00545144804
298725,298735,301545,10,2810,5,3600,1.00355871886
298736,298802,301623,66,2821,5,3600,1.02339595888
298798,298838,301673,40,2835,5,3600,1.01410934744
298839,298866,301684,27,2818,5,3600,1.00958126331
298860,298876,301638,16,2762,5,3600,1.00579290369
298870,298965,301672,95,2707,5,3600,1.03509420022
298963,299759,302525,796,2766,5,3600,1.287780188
298983,298989,299005,6,16,2,615,1.375
298992,299790,303287,798,3497,2,72000,1.22819559623
299026,299032,299481,6,449,8,600,1.01336302895
299030,299796,300997,766,1201,2,72000,1.63780183181
299035,299042,299057,7,15,4,615,1.46666666667
299072,299078,299085,6,7,1,900,1.3
299090,299764,299988,674,224,4,2340,4.00892857143
299441,299801,301189,360,1388,2,72000,1.25936599424
299758,299812,302643,54,2831,5,3600,1.01907453197
299809,299824,302635,15,2811,5,3600,1.0053361793
299820,299830,302645,10,2815,5,3600,1.00355239787
299830,299836,302680,6,2844,5,3600,1.00210970464
299841,299847,302657,6,2810,5,3600,1.00213523132
299852,299999,302790,147,2791,5,3600,1.05266929416
299986,299993,300001,7,8,1,900,1.5
299995,300032,302907,37,2875,5,3600,1.01286956522
299997,300259,300340,262,81,4,2340,4.23456790123
300036,300356,303057,320,2701,5,3600,1.11847463902
300051,302648,302660,2597,12,12,615,217.416666667
300051,301197,301215,1146,18,4,615,64.6666666667
300051,300060,300079,9,19,2,615,1.47368421053
300051,300091,300098,40,7,1,615,4.7
300052,303071,303091,3019,20,48,615,151.95
300052,365145,365160,65093,15,56,615,4340.53333333
300052,302672,302690,2620,18,20,615,146.555555556
300138,301430,303732,1292,2302,1,18000,1.56125108601
300138,301424,302660,1286,1236,2,18000,2.04045307443
300139,301438,301885,1299,447,8,18000,3.90604026846
300139,301444,302180,1305,736,4,18000,2.77309782609
300340,300348,300349,8,1,1,900,1.0
300790,303109,303277,2319,168,2,3600,14.8035714286
300791,303114,303216,2323,102,2,3600,23.7745098039
300791,303119,303218,2328,99,2,3600,24.5151515152
300792,303125,303227,2333,102,2,3600,23.8725490196
300792,303130,303234,2338,104,2,3600,23.4807692308
300792,303135,303236,2343,101,2,3600,24.198019802
300793,303140,303343,2347,203,2,3600,12.5615763547
300935,303151,303255,2216,104,2,3600,22.3076923077
300935,303146,303350,2211,204,2,3600,11.8382352941
300936,303161,303262,2225,101,2,3600,23.0297029703
300936,303167,303271,2231,104,2,3600,22.4519230769
300936,303156,303255,2220,99,2,3600,23.4242424242
300937,303172,303272,2235,100,2,3600,23.35
300937,303177,303382,2240,205,2,3600,11.9268292683
300979,306096,882106,5117,576010,10,576000,1.00888352633
301026,303188,303368,2162,180,2,3600,13.0111111111
301026,303182,303357,2156,175,2,3600,13.32
301027,303198,303295,2171,97,2,3600,23.381443299
301027,303203,303300,2176,97,2,3600,23.4329896907
301027,303193,303289,2166,96,2,3600,23.5625
301028,303214,303311,2186,97,2,3600,23.5360824742
301028,303209,303350,2181,141,2,3600,16.4680851064
301347,307948,386196,6601,78248,4,360000,1.08435998364
301444,301453,304305,9,2852,5,3600,1.00315568022
301455,301463,304273,8,2810,5,3600,1.00284697509
301465,301481,304303,16,2822,5,3600,1.00566973777
301486,301507,304260,21,2753,5,3600,1.00762804214
301507,301518,304224,11,2706,5,3600,1.00406504065
301518,301558,304303,40,2745,5,3600,1.014571949
301559,301568,304274,9,2706,5,3600,1.00332594235
301570,301637,304408,67,2771,5,3600,1.02417899675
301641,301652,304496,11,2844,5,3600,1.00386779184
301652,301669,304472,17,2803,5,3600,1.00606493043
301673,301685,304569,12,2884,5,3600,1.00416088766
301684,301692,304494,8,2802,5,3600,1.0028551035
301695,301702,304374,7,2672,5,3600,1.00261976048
301705,301898,304759,193,2861,5,3600,1.06745893044
301899,302194,305011,295,2817,5,3600,1.10472133475
302196,302920,305661,724,2741,5,3600,1.26413717621
302920,303104,305903,184,2799,5,3600,1.06573776349
303104,303236,306026,132,2790,5,3600,1.04731182796
303224,303231,303239,7,8,1,615,1.5
303224,309843,309864,6619,21,20,615,316.19047619
303224,303292,303308,68,16,4,615,5.25
303224,308981,308999,5757,18,12,615,320.833333333
303224,303244,303253,20,9,2,615,2.9
303225,364260,364282,61035,22,48,615,2775.31818182
303225,365110,365131,61885,21,56,615,2947.9047619
303237,303254,306022,17,2768,5,3600,1.0061416185
303258,303268,305966,10,2698,5,3600,1.00370644922
303269,303284,306163,15,2879,5,3600,1.00521014241
303289,303308,305985,19,2677,5,3600,1.0070974972
303310,303323,305989,13,2666,5,3600,1.00487621905
303321,303357,306086,36,2729,5,3600,1.01319164529
303362,303370,306084,8,2714,5,3600,1.0029476787
303373,303395,306084,22,2689,5,3600,1.0081814801
303394,304509,307334,1115,2825,5,3600,1.39469026549
303633,306220,306415,2587,195,2,3600,14.2666666667
303633,306051,306207,2418,156,2,3600,16.5
303634,306651,306804,3017,153,2,3600,20.7189542484
303634,306428,306638,2794,210,2,3600,14.3047619048
303635,307041,307145,3406,104,2,3600,33.75
303635,306929,307028,3294,99,2,3600,34.2727272727
303635,306817,306916,3182,99,2,3600,33.1414141414
303944,304484,304813,540,329,16,18000,2.64133738602
303945,304317,304626,372,309,32,18000,2.20388349515
303965,308441,308833,4476,392,2,3600,12.4183673469
304115,308446,308884,4331,438,2,3600,10.8881278539
304358,308623,309717,4265,1094,2,3600,4.89853747715
304359,308629,310636,4270,2007,2,3600,3.12755356253
304360,308766,310779,4406,2013,2,3600,3.18877297566
304360,308747,309794,4387,1047,2,3600,5.19006685769
304446,308776,309757,4330,981,2,3600,5.41386340469
304447,308781,310529,4334,1748,2,3600,3.47940503432
304448,308796,310543,4348,1747,2,3600,3.48883800801
304448,308786,309724,4338,938,2,3600,5.62473347548
304506,304518,307436,12,2918,5,3600,1.00411240576
304517,304583,307308,66,2725,5,3600,1.02422018349
304578,304639,307581,61,2942,5,3600,1.02073419443
304588,308801,309888,4213,1087,2,3600,4.8758049678
304589,308811,309780,4222,969,2,3600,5.35706914345
304589,308806,310882,4217,2076,2,3600,3.03131021195
304590,308817,310801,4227,1984,2,3600,3.13054435484
304639,304645,304809,6,164,8,18000,1.03658536585
304640,304657,305090,17,433,8,18000,1.03926096998
304640,304652,304843,12,191,8,18000,1.06282722513
304641,304771,307602,130,2831,8,18000,1.04592016955
304772,304824,307605,52,2781,5,3600,1.01869830996
304824,304832,307566,8,2734,5,3600,1.00292611558
304835,304844,307595,9,2751,5,3600,1.00327153762
304845,304853,307635,8,2782,5,3600,1.00287562904
304856,304864,307717,8,2853,5,3600,1.0028040659
304867,304875,307649,8,2774,5,3600,1.00288392213
304877,304884,307680,7,2796,5,3600,1.00250357654
304888,305026,307767,138,2741,5,3600,1.05034658884
305021,305105,307904,84,2799,5,3600,1.03001071811
305103,305674,308445,571,2771,5,3600,1.20606279322
305196,308409,308427,3213,18,4,615,179.5
305196,308943,308966,3747,23,12,615,163.913043478
305196,308742,308753,3546,11,2,615,323.363636364
305196,305715,305738,519,23,1,615,23.5652173913
305197,365066,365097,59869,31,56,615,1932.25806452
305197,364220,364247,59023,27,48,615,2187.03703704
305197,309808,309829,4611,21,20,615,220.571428571
305206,305680,305702,474,22,1,615,22.5454545455
305206,306014,306031,808,17,2,615,48.5294117647
305206,306009,306033,803,24,4,615,34.4583333333
305207,309769,309794,4562,25,20,615,183.48
305207,308907,308930,3700,23,12,615,161.869565217
305207,365013,365053,59806,40,56,615,1496.15
305207,364162,364208,58955,46,48,615,1282.63043478
305675,305916,308611,241,2695,5,3600,1.08942486085
305921,305980,308761,59,2781,5,3600,1.02121539015
305982,305999,308782,17,2783,5,3600,1.00610851599
306003,306037,308855,34,2818,5,3600,1.01206529454
306034,306046,308893,12,2847,5,3600,1.00421496312
306045,306060,308727,15,2667,5,3600,1.00562429696
306056,306104,308782,48,2678,5,3600,1.01792382375
306107,306177,308914,70,2737,5,3600,1.02557544757
306179,307322,310124,1143,2802,5,3600,1.40792291221
307135,307158,370277,23,63119,2,108000,1.00036439107
307322,307349,310128,27,2779,5,3600,1.00971572508
307353,307449,310244,96,2795,5,3600,1.0343470483
307446,307580,310360,134,2780,5,3600,1.04820143885
307579,307594,310406,15,2812,5,3600,1.00533428165
307590,307608,310479,18,2871,5,3600,1.00626959248
307611,307618,310531,7,2913,5,3600,1.00240302094
307622,307630,310439,8,2809,5,3600,1.00284798861
307633,307641,310438,8,2797,5,3600,1.00286020737
307643,307652,310521,9,2869,5,3600,1.00313698153
307654,307662,310475,8,2813,5,3600,1.00284393886
307665,307695,310501,30,2806,5,3600,1.01069137562
307696,307732,310581,36,2849,5,3600,1.01263601264
307727,307782,310494,55,2712,5,3600,1.02028023599
307779,307917,310676,138,2759,5,3600,1.05001812251
307922,308522,311494,600,2972,5,3600,1.20188425303
308224,310543,310784,2319,241,32,18000,10.622406639
308225,310795,311097,2570,302,32,18000,9.50993377483
308225,310512,311515,2287,1003,32,18000,3.28015952144
309261,309270,309816,9,546,2,3600,1.01648351648
309542,309550,367165,8,57615,2,108000,1.00013885273
309996,310010,311843,14,1833,2,3600,1.00763775232
309996,310004,310952,8,948,2,3600,1.00843881857
309997,310019,310971,22,952,2,3600,1.0231092437
309998,310024,311814,26,1790,2,3600,1.01452513966
310348,310355,418410,7,108055,2,108000,1.00006478182
310543,310552,313357,9,2805,5,3600,1.00320855615
310584,310593,313422,9,2829,5,3600,1.00318133616
310686,310695,313411,9,2716,5,3600,1.00331369661
310789,310801,313564,12,2763,5,3600,1.00434310532
310799,310808,313526,9,2718,5,3600,1.00331125828
310810,310820,313754,10,2934,5,3600,1.00340831629
310821,310829,313599,8,2770,5,3600,1.00288808664
310831,310838,313657,7,2819,5,3600,1.00248315005
310842,310851,313734,9,2883,5,3600,1.00312174818
310853,310862,313627,9,2765,5,3600,1.00325497288
310863,310967,313704,104,2737,5,3600,1.03799780782
310966,311113,313837,147,2724,5,3600,1.05396475771
311109,311122,313991,13,2869,5,3600,1.00453119554
311119,311131,313951,12,2820,5,3600,1.00425531915
311130,311139,314095,9,2956,5,3600,1.00304465494
311141,311148,313934,7,2786,5,3600,1.00251256281
311141,311828,313992,687,2164,2,3600,1.3174676525
311141,311677,312831,536,1154,2,3600,1.46447140381
311143,311857,312854,714,997,2,3600,1.71614844534
311144,312844,314908,1700,2064,2,3600,1.82364341085
311153,311161,313950,8,2789,5,3600,1.00286841162
311164,311506,314333,342,2827,5,3600,1.12097629996
311210,312868,313894,1658,1026,2,3600,2.61598440546
311211,313909,315763,2698,1854,2,3600,2.45523193096
311213,314920,316780,3707,1860,2,3600,2.99301075269
311213,314014,314982,2801,968,2,3600,3.89359504132
311257,314995,316128,3738,1133,2,3600,4.29920564872
311258,316141,318263,4883,2122,2,3600,3.30113100848
311260,316182,317275,4922,1093,2,3600,5.50320219579
311260,317289,319373,6029,2084,2,3600,3.89299424184
311394,318277,318910,6883,633,2,3600,11.8736176935
311511,311530,314458,19,2928,5,3600,1.00648907104
311531,311539,314314,8,2775,5,3600,1.00288288288
311542,311551,314213,9,2662,5,3600,1.0033809166
311553,311561,314430,8,2869,5,3600,1.00278842802
311563,311573,314423,10,2850,5,3600,1.00350877193
311574,311583,314391,9,2808,5,3600,1.00320512821
311585,311593,314468,8,2875,5,3600,1.0027826087
311595,312298,315054,703,2756,5,3600,1.25507982583
312122,312303,420347,181,108044,2,108000,1.00167524342
312300,313372,316101,1072,2729,5,3600,1.39281788201
312445,318286,319299,5841,1013,2,3600,6.76604146101
312446,318924,320913,6478,1989,2,3600,4.25691302162
312448,319387,321335,6939,1948,2,3600,4.56211498973
312448,319314,320326,6866,1012,2,3600,7.78458498024
313316,316311,318140,2995,1829,4,36000,2.63750683434
313360,316445,319235,3085,2790,4,36000,2.10573476703
313371,313425,316287,54,2862,5,3600,1.01886792453
313423,313438,316322,15,2884,5,3600,1.00520110957
313433,313541,316295,108,2754,5,3600,1.03921568627
313546,313579,316347,33,2768,5,3600,1.01192196532
313577,313613,316431,36,2818,5,3600,1.01277501774
313608,313641,316442,33,2801,5,3600,1.0117815066
313639,313669,316497,30,2828,5,3600,1.01060820368
313670,313717,316420,47,2703,5,3600,1.01738808731
313678,313723,323488,45,9765,2,72000,1.00460829493
313722,313748,316591,26,2843,5,3600,1.00914526908
313753,313768,316516,15,2748,5,3600,1.00545851528
313764,313851,316576,87,2725,5,3600,1.0319266055
313856,313948,316645,92,2697,5,3600,1.03411197627
313948,313964,316683,16,2719,5,3600,1.00588451637
313969,313976,316770,7,2794,5,3600,1.00250536865
313980,314005,316856,25,2851,5,3600,1.00876885303
314001,314108,316821,107,2713,5,3600,1.03943973461
314113,314227,317000,114,2773,5,3600,1.04111071042
314226,314329,317012,103,2683,5,3600,1.03838986209
314329,314348,317211,19,2863,5,3600,1.00663639539
314350,314405,317173,55,2768,5,3600,1.0198699422
314401,314438,317214,37,2776,5,3600,1.01332853026
314442,314450,317207,8,2757,5,3600,1.00290170475
314453,314471,317199,18,2728,5,3600,1.00659824047
314465,326575,328601,12110,2026,16,72000,6.97729516288
314474,314483,317307,9,2824,5,3600,1.00318696884
314485,315069,317907,584,2838,5,3600,1.20577871741
315067,316116,318945,1049,2829,5,3600,1.37080240368
315467,315776,316167,309,391,2,14400,1.79028132992
316058,321349,321351,5291,2,2,540,529.3
316119,316302,319161,183,2859,5,3600,1.06400839454
316303,316336,319026,33,2690,5,3600,1.01226765799
316323,316793,318265,470,1472,2,14400,1.31929347826
316334,316361,319147,27,2786,5,3600,1.00969131371
316366,316435,319266,69,2831,5,3600,1.02437301307
316438,316457,319232,19,2775,5,3600,1.00684684685
316458,316512,319258,54,2746,5,3600,1.01966496723
316510,316530,319420,20,2890,5,3600,1.00692041522
316531,316589,319386,58,2797,5,3600,1.0207365034
316584,319524,337554,2940,18030,2,18000,1.16306156406
316592,316604,319302,12,2698,5,3600,1.00444773907
316603,316660,319406,57,2746,5,3600,1.0207574654
316665,316697,319491,32,2794,5,3600,1.01145311382
316696,316785,319678,89,2893,5,3600,1.03076391289
316788,316835,319677,47,2842,5,3600,1.01653764954
316840,316870,319726,30,2856,5,3600,1.01050420168
316871,317012,319856,141,2844,5,3600,1.04957805907
317014,317025,319780,11,2755,5,3600,1.00399274047
317025,317188,320042,163,2854,5,3600,1.05711282411
317189,317214,320057,25,2843,5,3600,1.00879352796
317210,317221,319996,11,2775,5,3600,1.00396396396
317220,317231,320103,11,2872,5,3600,1.00383008357
317231,317240,320008,9,2768,5,3600,1.00325144509
317242,317321,320115,79,2794,5,3600,1.02827487473
317324,317921,320655,597,2734,5,3600,1.21836137527
317793,321358,321359,3565,1,2,540,356.6
317832,326247,326248,8415,1,8,259200,841.6
317886,318084,330179,198,12095,2,72000,1.01637040099
317926,318157,320864,231,2707,5,3600,1.08533431843
318161,318959,321743,798,2784,5,3600,1.28663793103
318957,319041,321914,84,2873,5,3600,1.0292377306
319041,319162,321857,121,2695,5,3600,1.04489795918
319164,319174,321907,10,2733,5,3600,1.0036589828
319174,319247,322068,73,2821,5,3600,1.02587734846
319246,319255,322017,9,2762,5,3600,1.00325850833
319257,319271,321991,14,2720,5,3600,1.00514705882
319267,319279,322000,12,2721,5,3600,1.00441014333
319278,319323,322090,45,2767,5,3600,1.01626310083
319319,319529,320563,210,1034,2,3600,1.20309477756
319319,319400,322129,81,2729,5,3600,1.02968120191
319320,319974,321924,654,1950,2,3600,1.33538461538
319321,320340,321343,1019,1003,2,3600,2.01595214357
319321,320576,322537,1255,1961,2,3600,1.63997960224
319401,319420,322144,19,2724,5,3600,1.00697503671
319422,319435,322307,13,2872,5,3600,1.0045264624
319433,319505,322323,72,2818,5,3600,1.02555003549
319505,319691,322502,186,2811,5,3600,1.06616862327
319689,319698,322502,9,2804,5,3600,1.00320970043
319699,319741,322528,42,2787,5,3600,1.01506996771
319741,319794,322518,53,2724,5,3600,1.01945668135
319792,319871,322719,79,2848,5,3600,1.02773876404
319874,320010,322751,136,2741,5,3600,1.04961692813
320007,320021,322812,14,2791,5,3600,1.00501612325
320018,320056,322862,38,2806,5,3600,1.01354240912
320059,320072,322846,13,2774,5,3600,1.00468637347
320070,320117,322874,47,2757,5,3600,1.01704751542
320121,320130,322905,9,2775,5,3600,1.00324324324
320132,320669,323449,537,2780,5,3600,1.19316546763
320381,320927,321298,546,371,2,3600,2.47169811321
320673,320878,323688,205,2810,5,3600,1.07295373665
320878,321758,324580,880,2822,5,3600,1.3118355776
321215,321312,347068,97,25756,2,108000,1.00376611275
321397,321406,322369,9,963,2,3600,1.00934579439
321398,321412,323150,14,1738,2,3600,1.0080552359
321399,321940,322906,541,966,2,3600,1.56004140787
321399,322383,324222,984,1839,2,3600,1.53507340946
321755,321872,324658,117,2786,5,3600,1.04199569275
321868,321921,324632,53,2711,5,3600,1.01954998156
321919,321930,324669,11,2739,5,3600,1.00401606426
321930,322005,324693,75,2688,5,3600,1.02790178571
322002,322017,324793,15,2776,5,3600,1.00540345821
322013,322032,324866,19,2834,5,3600,1.00670430487
322033,322082,324953,49,2871,5,3600,1.01706722396
322085,322103,324853,18,2750,5,3600,1.00654545455
322106,322143,324869,37,2726,5,3600,1.01357300073
322147,322160,324895,13,2735,5,3600,1.00475319927
322158,322322,325257,164,2935,5,3600,1.05587734242
322321,322337,325043,16,2706,5,3600,1.0059127864
322342,322517,325250,175,2733,5,3600,1.06403219905
322516,322525,325300,9,2775,5,3600,1.00324324324
322527,322537,325198,10,2661,5,3600,1.00375798572
322537,322547,325258,10,2711,5,3600,1.00368867577
322548,322734,325479,186,2745,5,3600,1.06775956284
322585,322592,322965,7,373,2,14400,1.01876675603
322618,323163,324268,545,1105,2,3600,1.49321266968
322619,323316,325434,697,2118,2,3600,1.32908404155
322621,324280,326415,1659,2135,2,3600,1.77704918033
322621,323503,324584,882,1081,2,3600,1.81591119334
322732,322764,325668,32,2904,5,3600,1.01101928375
322763,322825,325757,62,2932,5,3600,1.02114597544
322813,322980,323301,167,321,2,14400,1.52024922118
322825,322860,325647,35,2787,5,3600,1.01255830642
322856,322875,325651,19,2776,5,3600,1.0068443804
322877,322887,325686,10,2799,5,3600,1.00357270454
322888,322919,325725,31,2806,5,3600,1.01104775481
322919,323462,326231,543,2769,5,3600,1.19609967497
323460,323703,326514,243,2811,5,3600,1.08644610459
323665,324237,333355,572,9118,2,43200,1.06273305549
323705,324595,327420,890,2825,5,3600,1.31504424779
324592,324604,327373,12,2769,5,3600,1.00433369447
324603,324646,327466,43,2820,5,3600,1.01524822695
324644,324672,327419,28,2747,5,3600,1.01019293775
324675,324684,327357,9,2673,5,3600,1.00336700337
324686,324708,327449,22,2741,5,3600,1.00802626779
324707,324808,327491,101,2683,5,3600,1.03764442788
324809,324867,327580,58,2713,5,3600,1.02137854773
324871,324883,327645,12,2762,5,3600,1.00434467777
324882,324892,327819,10,2927,5,3600,1.00341646737
324892,324909,327610,17,2701,5,3600,1.0062939652
324913,324967,327727,54,2760,5,3600,1.01956521739
324965,325057,327807,92,2750,5,3600,1.03345454545
325057,325213,327985,156,2772,5,3600,1.05627705628
325210,325265,328059,55,2794,5,3600,1.01968503937
325262,325274,328014,12,2740,5,3600,1.00437956204
325273,325281,328086,8,2805,5,3600,1.00285204991
326420,326427,326467,7,40,8,86400,1.175
326443,326479,326513,36,34,8,86400,2.05882352941
326459,326527,326561,68,34,8,86400,3.0
327474,327484,413908,10,86424,8,86400,1.0001157086
327487,327495,413941,8,86446,8,86400,1.00009254332
327509,327517,413945,8,86428,8,86400,1.0000925626
328233,328241,329271,8,1030,2,3600,1.00776699029
328234,328246,330074,12,1828,2,3600,1.00656455142
328236,328260,330183,24,1923,2,3600,1.01248049922
328236,328254,329256,18,1002,2,3600,1.01796407186
328985,328992,329702,7,710,8,1500,1.00985915493
328985,329002,329725,17,723,8,1500,1.0235131397
328985,328997,329706,12,709,8,1500,1.01692524683
328986,329031,329740,45,709,8,1500,1.0634696756
328986,329020,329731,34,711,8,1500,1.04781997187
328986,329010,329725,24,715,8,1500,1.03356643357
328986,329015,329725,29,710,8,1500,1.04084507042
328986,329025,329748,39,723,8,1500,1.05394190871
328987,329036,329747,49,711,8,1500,1.06891701828
328987,329041,329761,54,720,8,1500,1.075
328988,329047,329759,59,712,8,1500,1.08286516854
328988,329057,329763,69,706,8,1500,1.09773371105
328988,329052,329768,64,716,8,1500,1.08938547486
328988,329284,329996,296,712,8,1500,1.41573033708
328989,329724,330444,735,720,8,1500,2.02083333333
328989,329734,330447,745,713,8,1500,2.04488078541
328989,329748,330458,759,710,8,1500,2.06901408451
328989,329743,330465,754,722,8,1500,2.04432132964
328990,329769,330474,779,705,8,1500,2.10496453901
328990,329753,330469,763,716,8,1500,2.0656424581
328990,329763,330477,773,714,8,1500,2.08263305322
328991,329774,330487,783,713,8,1500,2.09817671809
328991,329793,330504,802,711,8,1500,2.12798874824
328991,329788,330495,797,707,8,1500,2.12729844413
328991,329779,330489,788,710,8,1500,2.10985915493
328992,330011,330726,1019,715,8,1500,2.42517482517
328992,329803,330517,811,714,8,1500,2.13585434174
328992,329798,330509,806,711,8,1500,2.13361462729
328993,330474,331184,1481,710,8,1500,3.08591549296
328993,330456,331168,1463,712,8,1500,3.0547752809
328993,330198,330914,1205,716,8,1500,2.68296089385
328993,330464,331191,1471,727,8,1500,3.02338376891
328994,330488,331198,1494,710,8,1500,3.10422535211
328994,330497,331207,1503,710,8,1500,3.11690140845
328994,330502,331212,1508,710,8,1500,3.12394366197
328994,330483,331203,1489,720,8,1500,3.06805555556
328995,330511,331223,1516,712,8,1500,3.12921348315
328995,330516,331227,1521,711,8,1500,3.13924050633
328995,330521,331236,1526,715,8,1500,3.13426573427
328996,330531,331246,1535,715,8,1500,3.14685314685
328996,330536,331247,1540,711,8,1500,3.16596343179
328996,330541,331260,1545,719,8,1500,3.1488178025
328996,330741,331466,1745,725,8,1500,3.40689655172
328997,330929,331642,1932,713,8,1500,3.70967741935
328997,331182,331893,2185,711,8,1500,4.07313642757
328997,331197,331908,2200,711,8,1500,4.09423347398
328998,331216,331942,2218,726,8,1500,4.05509641873
328998,331207,331913,2209,706,8,1500,4.12889518414
328998,331225,331932,2227,707,8,1500,4.14992927864
328999,331244,331957,2245,713,8,1500,4.14866760168
328999,331230,331946,2231,716,8,1500,4.11592178771
328999,331239,331946,2240,707,8,1500,4.16831683168
328999,331253,331974,2254,721,8,1500,4.12621359223
329000,331258,331969,2258,711,8,1500,4.17580872011
329000,331266,331972,2266,706,8,1500,4.20963172805
329000,331272,331985,2272,713,8,1500,4.18653576438
329000,331280,331994,2280,714,8,1500,4.19327731092
329001,331481,332194,2480,713,8,1500,4.47826086957
329001,331655,332368,2654,713,8,1500,4.72230014025
329001,331906,332623,2905,717,8,1500,5.05160390516
329002,331921,332633,2919,712,8,1500,5.09971910112
329002,331931,332645,2929,714,8,1500,5.10224089636
329002,331946,332656,2944,710,8,1500,5.14647887324
329002,331955,332668,2953,713,8,1500,5.14165497896
329003,331963,332680,2960,717,8,1500,5.12831241283
329003,331969,332680,2966,711,8,1500,5.17158931083
329003,331978,332719,2975,741,8,1500,5.01484480432
329004,331987,332697,2983,710,8,1500,5.2014084507
329004,332001,332712,2997,711,8,1500,5.21518987342
329004,331992,332714,2988,722,8,1500,5.13850415512
329005,332207,332924,3202,717,8,1500,5.46582984658
329005,332637,333350,3632,713,8,1500,6.09396914446
329005,332006,332718,3001,712,8,1500,5.21488764045
329005,332014,332724,3009,710,8,1500,5.23802816901
329006,332647,333357,3641,710,8,1500,6.12816901408
329006,332662,333371,3656,709,8,1500,6.15655853315
329006,332669,333380,3663,711,8,1500,6.15189873418
329007,332693,333410,3686,717,8,1500,6.14086471409
329007,332711,333424,3704,713,8,1500,6.19495091164
329007,332698,333405,3691,707,8,1500,6.22065063649
329007,332682,333391,3675,709,8,1500,6.18335684062
329008,332741,333450,3733,709,8,1500,6.26516220028
329008,332735,333448,3727,713,8,1500,6.22720897616
329008,332726,333437,3718,711,8,1500,6.22925457103
329009,332746,333459,3737,713,8,1500,6.2412342216
329009,332755,333462,3746,707,8,1500,6.29844413013
329009,332937,333655,3928,718,8,1500,6.47075208914
329009,333364,334074,4355,710,8,1500,7.1338028169
329010,333373,334090,4363,717,8,1500,7.08507670851
329010,333387,334093,4377,706,8,1500,7.19971671388
329010,333394,334105,4384,711,8,1500,7.16596343179
329011,333405,334121,4394,716,8,1500,7.13687150838
329011,333420,334135,4409,715,8,1500,7.16643356643
329011,333429,334150,4418,721,8,1500,7.12760055479
329011,333439,334163,4428,724,8,1500,7.11602209945
329012,333462,334175,4450,713,8,1500,7.2412342216
329012,333476,334190,4464,714,8,1500,7.25210084034
329012,333469,334184,4457,715,8,1500,7.23356643357
329012,333450,334171,4438,721,8,1500,7.15533980583
329013,333482,334196,4469,714,8,1500,7.25910364146
329013,334088,334792,5075,704,8,1500,8.20880681818
329013,333668,334385,4655,717,8,1500,7.49232914923
329014,334121,334833,5107,712,8,1500,8.17275280899
329014,334103,334814,5089,711,8,1500,8.15752461322
329014,334112,334824,5098,712,8,1500,8.16011235955
329015,334176,334884,5161,708,8,1500,8.2895480226
329015,334148,334862,5133,714,8,1500,8.18907563025
329015,334165,334878,5150,713,8,1500,8.22300140252
329015,334135,334855,5120,720,8,1500,8.11111111111
329016,334185,334906,5169,721,8,1500,8.16920943135
329016,334195,334907,5179,712,8,1500,8.27387640449
329016,334204,334915,5188,711,8,1500,8.29676511955
329017,334807,335521,5790,714,8,1500,9.10924369748
329017,334212,334923,5195,711,8,1500,8.30661040788
329017,334400,335109,5383,709,8,1500,8.59238363893
329017,334218,334931,5201,713,8,1500,8.29453015428
329018,334829,335539,5811,710,8,1500,9.18450704225
329018,334838,335553,5820,715,8,1500,9.13986013986
329018,334846,335564,5828,718,8,1500,9.11699164345
329019,334868,335587,5849,719,8,1500,9.13490959666
329019,334876,335590,5857,714,8,1500,9.20308123249
329019,334892,335607,5873,715,8,1500,9.21398601399
329019,334901,335615,5882,714,8,1500,9.2380952381
329020,334919,335633,5899,714,8,1500,9.2619047619
329020,334927,335643,5907,716,8,1500,9.25
329020,334937,335644,5917,707,8,1500,9.36916548798
329021,335535,336248,6514,713,8,1500,10.1360448808
329021,334942,335651,5921,709,8,1500,9.35119887165
329021,334950,335660,5929,710,8,1500,9.35070422535
329021,335123,335837,6102,714,8,1500,9.54621848739
329022,335552,336262,6530,710,8,1500,10.1971830986
329022,335566,336287,6544,721,8,1500,10.0762829404
329022,335578,336288,6556,710,8,1500,10.2338028169
329023,335601,336314,6578,713,8,1500,10.2258064516
329023,335610,336330,6587,720,8,1500,10.1486111111
329023,335620,336332,6597,712,8,1500,10.2654494382
329023,335629,336343,6606,714,8,1500,10.2521008403
329024,335662,336381,6638,719,8,1500,10.2322670376
329024,335669,336379,6645,710,8,1500,10.3591549296
329024,335646,336368,6622,722,8,1500,10.1717451524
329024,335657,336367,6633,710,8,1500,10.3422535211
329025,335677,336393,6652,716,8,1500,10.2905027933
329025,335851,336577,6826,726,8,1500,10.4022038567
329025,336262,336972,7237,710,8,1500,11.1929577465
329026,336276,336988,7250,712,8,1500,11.1825842697
329026,336300,337018,7274,718,8,1500,11.1309192201
329026,336309,337019,7283,710,8,1500,11.2577464789
329026,336327,337037,7301,710,8,1500,11.2830985915
329027,336345,337059,7318,714,8,1500,11.2492997199
329027,336362,337077,7335,715,8,1500,11.2587412587
329027,336352,337068,7325,716,8,1500,11.2304469274
329028,336402,337122,7374,720,8,1500,11.2416666667
329028,336389,337108,7361,719,8,1500,11.2378303199
329028,336397,337110,7369,713,8,1500,11.3352033661
329028,336381,337109,7353,728,8,1500,11.1002747253
329029,336591,337301,7562,710,8,1500,11.6507042254
329029,336985,337698,7956,713,8,1500,12.1584852735
329029,336410,337118,7381,708,8,1500,11.4251412429
329030,337000,337711,7970,711,8,1500,12.2095639944
329030,337033,337739,8003,706,8,1500,12.335694051
329030,337051,337765,8021,714,8,1500,12.2338935574
329030,337041,337758,8011,717,8,1500,12.1729428173
329031,337072,337782,8041,710,8,1500,12.3253521127
329031,337081,337796,8050,715,8,1500,12.2587412587
329031,337090,337802,8059,712,8,1500,12.3188202247
329032,337121,337839,8089,718,8,1500,12.2660167131
329032,337128,337843,8096,715,8,1500,12.3230769231
329032,337134,337851,8102,717,8,1500,12.29986053
329033,337713,338423,8680,710,8,1500,13.2253521127
329033,337142,337858,8109,716,8,1500,12.3254189944
329033,337148,337865,8115,717,8,1500,12.3179916318
329033,337315,338027,8282,712,8,1500,12.6320224719
329034,337725,338434,8691,709,8,1500,13.2581100141
329034,337751,338460,8717,709,8,1500,13.2947813822
329034,337770,338493,8736,723,8,1500,13.0829875519
329035,337797,338505,8762,708,8,1500,13.3757062147
329035,337780,338508,8745,728,8,1500,13.0123626374
329036,337853,338564,8817,711,8,1500,13.4008438819
329036,337819,338533,8783,714,8,1500,13.3011204482
329036,337811,338537,8775,726,8,1500,13.0867768595
329037,337884,338601,8847,717,8,1500,13.3389121339
329037,337869,338584,8832,715,8,1500,13.3524475524
329037,337861,338577,8824,716,8,1500,13.3240223464
329037,337876,338586,8839,710,8,1500,13.4492957746
329038,338447,339166,9409,719,8,1500,14.0862308762
329038,338437,339147,9399,710,8,1500,14.238028169
329038,338474,339191,9436,717,8,1500,14.160390516
329038,338041,338748,9003,707,8,1500,13.7340876945
329039,338527,339250,9488,723,8,1500,14.1230982019
329039,338507,339216,9468,709,8,1500,14.3540197461
329039,338518,339237,9479,719,8,1500,14.1835883171
329040,338547,339260,9507,713,8,1500,14.3338008415
329040,338556,339270,9516,714,8,1500,14.3277310924
329040,338578,339292,9538,714,8,1500,14.3585434174
329040,338591,339307,9551,716,8,1500,14.3393854749
329041,338599,339313,9558,714,8,1500,14.3865546218
329041,338607,339322,9566,715,8,1500,14.379020979
329041,338615,339330,9574,715,8,1500,14.3902097902
329042,338762,339476,9720,714,8,1500,14.6134453782
329042,339206,339914,10164,708,8,1500,15.3559322034
329042,339179,339892,10137,713,8,1500,15.2173913043
329042,339161,339891,10119,730,8,1500,14.8616438356
329043,339395,340102,10352,707,8,1500,15.6421499293
329043,339390,340099,10347,709,8,1500,15.5937940762
329043,339231,339951,10188,720,8,1500,15.15
329044,339414,340129,10370,715,8,1500,15.5034965035
329044,339491,340209,10447,718,8,1500,15.5501392758
329044,339409,340119,10365,710,8,1500,15.5985915493
329044,339403,340113,10359,710,8,1500,15.5901408451
329045,339906,340617,10861,711,8,1500,16.2756680731
329045,339928,340641,10883,713,8,1500,16.2636746143
329045,339911,340632,10866,721,8,1500,16.0707350902
329046,343042,343755,13996,713,8,1500,20.6297335203
329046,342877,343592,13831,715,8,1500,20.3440559441
329046,343012,343734,13966,722,8,1500,20.3434903047
329046,343028,343746,13982,718,8,1500,20.4735376045
329047,343066,343784,14019,718,8,1500,20.5250696379
329047,343798,344512,14751,714,8,1500,21.6596638655
329047,343806,344518,14759,712,8,1500,21.7289325843
329047,343844,344558,14797,714,8,1500,21.7240896359
329048,344090,344804,15042,714,8,1500,22.0672268908
329048,344256,344966,15208,710,8,1500,22.4197183099
329048,344980,345688,15932,708,8,1500,23.5028248588
329049,345015,345733,15966,718,8,1500,23.2367688022
329049,345025,345735,15976,710,8,1500,23.5014084507
329049,345051,345763,16002,712,8,1500,23.4747191011
329049,345218,345930,16169,712,8,1500,23.7092696629
329050,345229,345938,16179,709,8,1500,23.8194640339
329051,345953,346666,16902,713,8,1500,24.7054698457
329051,345945,346672,16894,727,8,1500,24.2379642366
329051,345968,346678,16917,710,8,1500,24.8267605634
329052,345977,346689,16925,712,8,1500,24.7710674157
329052,345986,346699,16934,713,8,1500,24.7503506311
329052,346027,346739,16975,712,8,1500,24.8412921348
329053,346707,347420,17654,713,8,1500,25.7601683029
329053,346699,347412,17646,713,8,1500,25.7489481066
329053,346267,346986,17214,719,8,1500,24.9415855355
329054,347000,347706,17946,706,8,1500,26.4192634561
329054,346753,347465,17699,712,8,1500,25.8581460674
329054,346716,347427,17662,711,8,1500,25.841068917
329055,347242,347952,18187,710,8,1500,26.6154929577
329055,347218,347930,18163,712,8,1500,26.5098314607
329055,347204,347913,18149,709,8,1500,26.5980253879
329055,347151,347868,18096,717,8,1500,26.2384937238
329056,347425,348138,18369,713,8,1500,26.762973352
329056,347414,348132,18358,718,8,1500,26.5682451253
329056,347406,348130,18350,724,8,1500,26.3453038674
329057,347720,348432,18663,712,8,1500,27.2120786517
329057,347432,348141,18375,709,8,1500,26.9167842031
329057,347479,348188,18422,709,8,1500,26.9830747532
329057,347441,348159,18384,718,8,1500,26.6044568245
329058,339966,340679,10908,713,8,1500,16.2987377279
329058,347927,348640,18869,713,8,1500,27.4642356241
329058,347881,348599,18823,718,8,1500,27.2158774373
329059,340114,340828,11055,714,8,1500,16.4831932773
329059,340123,340835,11064,712,8,1500,16.5393258427
329059,340130,340851,11071,721,8,1500,16.3550624133
329059,340139,340849,11080,710,8,1500,16.6056338028
329060,340630,341343,11570,713,8,1500,17.2272089762
329060,340222,340933,11162,711,8,1500,16.6990154712
329060,340148,340871,11088,723,8,1500,16.3360995851
329061,340841,341554,11780,713,8,1500,17.5217391304
329061,340694,341406,11633,712,8,1500,17.3384831461
329061,340655,341371,11594,716,8,1500,17.1927374302
329061,340646,341357,11585,711,8,1500,17.29395218
329062,340871,341584,11809,713,8,1500,17.5624123422
329062,340861,341578,11799,717,8,1500,17.4560669456
329062,340849,341560,11787,711,8,1500,17.5780590717
329063,341371,342090,12308,719,8,1500,18.1182197497
329063,341357,342068,12294,711,8,1500,18.2911392405
329063,340946,341658,11883,712,8,1500,17.6896067416
329063,340886,341602,11823,716,8,1500,17.5125698324
329064,341419,342135,12355,716,8,1500,18.2555865922
329064,341386,342098,12322,712,8,1500,18.3061797753
329064,341566,342275,12502,709,8,1500,18.6332863188
329065,341592,342304,12527,712,8,1500,18.5941011236
329065,341600,342326,12535,726,8,1500,18.2658402204
329065,341574,342283,12509,709,8,1500,18.6431593794
329065,341614,342328,12549,714,8,1500,18.5756302521
329066,341672,342385,12606,713,8,1500,18.6802244039
329066,341894,342614,12828,720,8,1500,18.8166666667
329066,342082,342787,13016,705,8,1500,19.4624113475
329066,342104,342815,13038,711,8,1500,19.3375527426
329067,342290,342999,13223,709,8,1500,19.6502115656
329067,342148,342864,13081,716,8,1500,19.2695530726
329067,342113,342821,13046,708,8,1500,19.4265536723
329068,342349,343055,13281,706,8,1500,19.8116147309
329068,342340,343052,13272,712,8,1500,19.6404494382
329068,342318,343030,13250,712,8,1500,19.6095505618
329068,342299,343010,13231,711,8,1500,19.6090014065
329069,342801,343510,13732,709,8,1500,20.3681241185
329069,342397,343107,13328,710,8,1500,19.7718309859
329069,342627,343346,13558,719,8,1500,19.8567454798
329070,343074,343790,14004,716,8,1500,20.5586592179
329070,342829,343541,13759,712,8,1500,20.3244382022
329070,342837,343550,13767,713,8,1500,20.3085553997
329070,343121,343831,14051,710,8,1500,20.7901408451
329071,343525,344242,14454,717,8,1500,21.1589958159
329071,343556,344266,14485,710,8,1500,21.4014084507
329071,343361,344076,14290,715,8,1500,20.986013986
329072,343747,344472,14675,725,8,1500,21.2413793103
329072,343759,344471,14687,712,8,1500,21.6278089888
329072,343606,344315,14534,709,8,1500,21.4992947814
329072,343564,344282,14492,718,8,1500,21.1838440111
329073,344280,345001,15207,721,8,1500,22.0915395284
329073,344296,345005,15223,709,8,1500,22.4710860367
329073,344329,345038,15256,709,8,1500,22.5176304654
329073,343770,344482,14697,712,8,1500,21.6418539326
329074,344501,345218,15427,717,8,1500,22.5160390516
329074,344485,345204,15411,719,8,1500,22.4339360223
329074,344493,345216,15419,723,8,1500,22.326417704
329075,344525,345234,15450,709,8,1500,22.7912552891
329075,344534,345249,15459,715,8,1500,22.620979021
329075,344571,345285,15496,714,8,1500,22.7030812325
329076,344819,345533,15743,714,8,1500,23.0490196078
329076,345237,345955,16161,718,8,1500,23.508356546
329077,345547,346253,16470,706,8,1500,24.328611898
329077,345299,346013,16222,714,8,1500,23.7198879552
329077,345264,345973,16187,709,8,1500,23.8307475317
329077,345247,345960,16170,713,8,1500,23.6788218794
329078,345754,346467,16676,713,8,1500,24.3884992987
329078,345746,346471,16668,725,8,1500,23.9903448276
329078,345703,346415,16625,712,8,1500,24.3497191011
329079,345775,346491,16696,716,8,1500,24.3184357542
329079,346429,347137,17350,708,8,1500,25.5056497175
329079,346489,347205,17410,716,8,1500,25.3156424581
329079,346480,347191,17401,711,8,1500,25.4739803094
329080,346690,347399,17610,709,8,1500,25.8377997179
329080,346681,347393,17601,712,8,1500,25.720505618
329080,346505,347228,17425,723,8,1500,25.1009681881
329412,329717,329718,305,1,8,259200,30.6
332129,332521,332522,392,1,2,3540,39.3
332330,332383,591623,53,259240,8,259200,1.00020444376
337617,337625,373255,8,35630,2,198000,1.00022452989
339021,339033,339035,12,2,1,18000,1.4
339022,339028,339030,6,2,2,18000,1.0
339023,339047,339049,24,2,4,18000,2.6
339101,339107,357153,6,18046,1,18000,1.00033248365
339102,339290,354900,188,15610,2,18000,1.01204356182
339103,339275,350862,172,11587,8,18000,1.01484422197
339103,339281,352997,178,13716,4,18000,1.01297754447
339104,339262,350290,158,11028,16,18000,1.01432716721
339264,339304,339307,40,3,8,36000,4.3
339279,339320,339323,41,3,8,36000,4.4
339280,339332,339335,52,3,8,36000,5.5
339280,339341,339344,61,3,8,36000,6.4
339281,339347,339349,66,2,8,36000,6.8
339282,339365,339367,83,2,8,36000,8.5
339282,339359,339361,77,2,8,36000,7.9
339283,339370,339372,87,2,8,36000,8.9
339284,339378,339381,94,3,8,36000,9.7
339285,339384,339386,99,2,8,36000,10.1
339286,339352,339354,66,2,8,36000,6.8
339286,339325,339327,39,2,8,36000,4.1
342992,343020,343021,28,1,2,540,2.9
343504,347081,347087,3577,6,2,900,358.3
344939,347966,349262,3027,1296,16,72000,3.33564814815
345738,348653,387675,2915,39022,16,72000,1.07470145046
347883,350176,350180,2293,4,16,72000,229.7
348388,348395,361874,7,13479,4,36000,1.00051932636
349201,350194,353781,993,3587,16,108000,1.27683300808
354297,354305,354307,8,2,2,3540,1.0
354923,354931,355097,8,166,1,3600,1.04819277108
355281,355289,355632,8,343,1,3600,1.02332361516
355999,356007,356846,8,839,1,3600,1.00953516091
358146,358153,358266,7,113,1,3600,1.06194690265
358447,358454,358775,7,321,1,3600,1.02180685358
358468,358476,358643,8,167,1,3600,1.04790419162
358822,358830,359184,8,354,1,3600,1.02259887006
359267,359275,359880,8,605,1,3600,1.0132231405
359541,359549,360392,8,843,1,3600,1.00948991696
361550,361558,361672,8,114,1,3600,1.0701754386
361847,361854,362175,7,321,1,3600,1.02180685358
362097,362105,362224,8,119,1,1800,1.06722689076
362526,362534,362643,8,109,1,1800,1.07339449541
362659,362666,363286,7,620,1,3600,1.01129032258
363329,363337,363906,8,569,1,1800,1.01405975395
365724,365731,365775,7,44,1,1800,1.15909090909
365875,365882,365996,7,114,1,1800,1.06140350877
366100,366107,366183,7,76,1,1800,1.09210526316
366321,366329,366442,8,113,1,1800,1.07079646018
367132,367140,367702,8,562,1,1800,1.01423487544
367149,367157,367475,8,318,1,1800,1.0251572327
367377,367385,489809,8,122424,16,540000,1.00006534666
369212,369223,391383,11,22160,8,36000,1.00049638989
369212,369218,391251,6,22033,8,36000,1.00027231879
369213,369231,391423,18,22192,8,36000,1.0008111031
369214,369237,391107,23,21870,8,36000,1.00105166895
369214,369242,391011,28,21769,8,36000,1.00128623272
369215,369247,391507,32,22260,8,36000,1.00143755615
369216,369252,391440,36,22188,8,36000,1.00162249865
369217,369258,391210,41,21952,8,36000,1.00186771137
369217,369263,390993,46,21730,8,36000,1.00211688909
369218,369268,391344,50,22076,8,36000,1.00226490306
369219,391023,412729,21804,21706,8,36000,2.00451488068
369219,391008,412893,21789,21885,8,36000,1.99561343386
369688,369696,369742,8,46,1,1800,1.17391304348
370081,370090,370160,9,70,1,1800,1.12857142857
371209,371216,371495,7,279,1,1800,1.02508960573
375698,375705,378275,7,2570,3,172800,1.00272373541
376013,376021,408384,8,32363,6,32400,1.00024719587
376816,376823,380051,7,3228,2,108000,1.0021685254
378382,378388,378398,6,10,1,615,1.6
378390,378396,378419,6,23,2,615,1.26086956522
378394,378402,378417,8,15,4,615,1.53333333333
379020,379026,379474,6,448,2,3600,1.01339285714
379305,379311,379485,6,174,2,3600,1.03448275862
379673,379679,379698,6,19,12,615,1.31578947368
379679,379685,379707,6,22,20,615,1.27272727273
379681,379691,380374,10,683,2,3600,1.01464128843
379781,379787,380811,6,1024,2,3600,1.005859375
379933,380385,380408,452,23,48,615,20.652173913
380058,380424,380630,366,206,2,3600,2.77669902913
380058,380419,380606,361,187,2,3600,2.93048128342
380059,380429,380658,370,229,2,3600,2.61572052402
380059,380435,380690,376,255,2,3600,2.47450980392
380060,380445,380688,385,243,2,3600,2.58436213992
380060,380440,380693,380,253,2,3600,2.50197628458
380061,380450,380685,389,235,2,3600,2.65531914894
380410,380456,380535,46,79,2,3600,1.58227848101
380411,380461,380541,50,80,2,3600,1.625
380411,380466,380545,55,79,2,3600,1.69620253165
380412,380471,380553,59,82,2,3600,1.71951219512
380412,380477,380557,65,80,2,3600,1.8125
380412,380482,380565,70,83,2,3600,1.84337349398
380413,380487,380567,74,80,2,3600,1.925
380529,380535,380566,6,31,20,615,1.1935483871
380533,380542,380761,9,219,2,3600,1.04109589041
380825,380832,380863,7,31,48,615,1.22580645161
380921,380927,381364,6,437,2,3600,1.01372997712
381052,381059,381515,7,456,2,3600,1.01535087719
381546,381552,381772,6,220,2,3600,1.02727272727
381802,381808,383295,6,1487,2,3600,1.00403496974
381802,381813,384508,11,2695,2,3600,1.00408163265
381803,381819,383331,16,1512,2,3600,1.01058201058
381803,381824,384526,21,2702,2,3600,1.00777202073
381839,381845,382366,6,521,2,3600,1.01151631478
381839,381850,382798,11,948,2,3600,1.01160337553
381840,381856,382380,16,524,2,3600,1.03053435115
381841,381861,382802,20,941,2,3600,1.02125398512
381934,381940,382652,6,712,1,1800,1.00842696629
382149,382155,382719,6,564,2,3600,1.01063829787
382728,388588,388616,5860,28,56,615,210.285714286
382756,382763,382772,7,9,2,615,1.6
382786,382793,382814,7,21,20,615,1.33333333333
382944,382955,384886,11,1931,2,3600,1.0056965303
382944,382950,383937,6,987,2,3600,1.00607902736
382945,382968,384800,23,1832,2,3600,1.01255458515
382945,382962,383922,17,960,2,3600,1.01770833333
382972,388629,388669,5657,40,56,615,142.425
382986,382992,383408,6,416,2,3600,1.01442307692
382995,388680,389707,5685,1027,64,3600,6.53554040896
382998,498479,502108,115481,3629,128,3600,32.8217139708
383112,383118,383660,6,542,2,3600,1.0110701107
383112,383123,384107,11,984,2,3600,1.01117886179
383114,383129,383679,15,550,2,3600,1.02727272727
383115,383135,384124,20,989,2,3600,1.02022244692
383713,383720,411100,7,27380,2,72000,1.00025566107
384928,386234,386240,1306,6,4,432000,131.2
385012,386204,386228,1192,24,2,72000,50.6666666667
385898,389729,397112,3831,7383,8,86400,1.51889475823
387211,387217,387447,6,230,1,1800,1.02608695652
387214,387229,387556,15,327,1,1800,1.04587155963
387216,387224,387717,8,493,2,1800,1.01622718053
387221,387236,387587,15,351,4,1800,1.04273504274
387230,387247,387680,17,433,8,1800,1.03926096998
387233,387692,388152,459,460,16,3600,1.99782608696
387236,387242,387871,6,629,32,3600,1.00953895072
387639,387645,387646,6,1,4,360000,1.0
387654,387660,747679,6,360019,4,360000,1.00001666579
388065,389719,389732,1654,13,16,36000,128.230769231
388088,389724,414384,1636,24660,16,36000,1.06634225466
388493,392907,476443,4414,83536,2,86400,1.05283949435
388552,388559,389168,7,609,2,3600,1.01149425287
388666,389734,390900,1068,1166,2,3600,1.91595197256
388667,389740,391941,1073,2201,2,3600,1.48750567924
388669,389745,390931,1076,1186,2,3600,1.90725126476
388670,389750,391953,1080,2203,2,3600,1.49024058103
389704,389755,390190,51,435,2,3600,1.11724137931
389841,389847,390878,6,1031,2,3600,1.00581959263
389842,389853,392019,11,2166,2,3600,1.00507848569
389843,389859,390845,16,986,2,3600,1.01622718053
389843,389864,391935,21,2071,2,3600,1.01014002897
391607,391614,393760,7,2146,2,72000,1.00326188257
391850,391856,414250,6,22394,8,25200,1.00026792891
391851,391867,413918,16,22051,8,25200,1.00072559068
391851,391862,413883,11,22021,8,25200,1.00049952318
391852,391873,414066,21,22193,8,25200,1.00094624431
391853,391883,414117,30,22234,8,25200,1.00134928488
391853,391878,413633,25,21755,8,25200,1.00114916111
391854,391888,414361,34,22473,8,25200,1.00151292662
391855,461236,461523,69381,287,8,25200,242.745644599
391855,391894,414104,39,22210,8,25200,1.00175596578
391856,461241,461523,69385,282,8,25200,247.046099291
392392,392397,393079,5,682,2,3600,1.0073313783
393083,393090,409742,7,16652,2,108000,1.00042036993
393404,393410,407975,6,14565,2,108000,1.00041194645
393642,393649,393656,7,7,2,3600,1.4
393667,393673,393707,6,34,2,3600,1.17647058824
393714,393720,394854,6,1134,2,3600,1.00529100529
393715,393725,395797,10,2072,2,3600,1.00482625483
393716,393732,394787,16,1055,2,3600,1.01516587678
393716,393738,395819,22,2081,2,3600,1.01057184046
393736,393744,394210,8,466,2,3600,1.01716738197
393890,502658,761868,108768,259210,8,259200,1.41961344084
393897,393904,400247,7,6343,16,36000,1.00110357875
394535,394866,417441,331,22575,16,36000,1.01466223699
394994,397125,402719,2131,5594,8,21600,1.38094386843
395145,395831,503877,686,108046,2,108000,1.00634914759
395879,404807,470928,8928,66121,2,108000,1.13502518111
396323,433036,436898,36713,3862,3,172800,10.5062143967
396412,396419,396421,7,2,2,900,1.0
396604,396610,396972,6,362,2,900,1.01657458564
397087,397095,397559,8,464,2,900,1.01724137931
397376,422167,477834,24791,55667,2,108000,1.44534463865
397632,404052,419820,6420,15768,8,21600,1.40715372907
397651,419836,482928,22185,63092,2,86400,1.35162936664
397885,411270,418746,13385,7476,8,21600,2.79039593365
397918,411275,429781,13357,18506,8,21600,1.72176591376
399267,424903,425953,25636,1050,2,21600,25.4152380952
399283,424897,489695,25614,64798,2,108000,1.39528997809
399464,399471,399672,7,201,2,900,1.03482587065
399709,400259,404035,550,3776,16,36000,1.14565677966
400365,424629,427177,24264,2548,4,36000,10.5227629513
400686,400693,400770,7,77,2,900,1.09090909091
400815,400821,401178,6,357,2,900,1.01680672269
401051,404047,412009,2996,7962,16,36000,1.37628736498
401909,401916,402185,7,269,2,7200,1.02602230483
402241,402248,402681,7,433,2,7200,1.01616628176
402442,402694,402990,252,296,2,7200,1.85135135135
402588,402594,403675,6,1081,1,22800,1.00555041628
402797,403687,403689,890,2,1,73200,89.2
402804,403701,404850,897,1149,1,22800,1.78067885117
404035,412020,414883,7985,2863,8,7200,3.78903248341
404130,424717,427045,20587,2328,4,36000,9.84321305842
404494,411106,411258,6612,152,16,36000,44.5
405082,405088,405541,6,453,1,3600,1.01324503311
406587,406593,406834,6,241,1,3600,1.02489626556
406997,424855,424859,17858,4,4,36000,1786.2
406997,424850,424852,17853,2,4,36000,1785.5
406997,424844,460876,17847,36032,4,36000,1.49530972469
406997,424839,460860,17842,36021,4,36000,1.49532217318
406998,424860,460897,17862,36037,4,36000,1.49565724117
406998,424871,460907,17873,36036,4,36000,1.49597624598
406998,424876,460898,17878,36022,4,36000,1.49630781189
406998,424866,460882,17868,36016,4,36000,1.49611283874
406999,424882,460896,17883,36014,4,36000,1.49655689454
407058,407065,407543,7,478,1,1200,1.01464435146
407257,502664,502668,95407,4,16,356400,9541.1
407596,412026,498467,4430,86441,8,86400,1.05124882868
407650,502669,502671,95019,2,16,356400,9502.1
408637,408643,409156,6,513,4,3600,1.01169590643
408643,408650,408922,7,272,1,3600,1.02573529412
409261,409268,409889,7,621,8,3600,1.01127214171
409972,409979,411076,7,1097,8,3600,1.0063810392
411208,413919,415874,2711,1955,8,3600,2.38670076726
412269,419102,422149,6833,3047,64,3600,3.24253363965
412288,422161,423833,9873,1672,64,3600,6.90490430622
412296,423844,424822,11548,978,64,3600,12.8077709611
414798,414805,415610,7,805,8,6000,1.00869565217
414809,414815,415612,6,797,8,6000,1.00752823087
414810,414820,415620,10,800,8,6000,1.0125
414820,414826,415633,6,807,8,6000,1.00743494424
414821,414832,415630,11,798,8,6000,1.01378446115
414831,414839,415639,8,800,8,6000,1.01
414832,414844,415642,12,798,8,6000,1.01503759398
414842,414850,415657,8,807,8,6000,1.00991325898
414843,414856,415652,13,796,8,6000,1.01633165829
414853,414862,415668,9,806,8,6000,1.0111662531
414854,414867,415668,13,801,8,6000,1.01622971286
414865,414874,415677,9,803,8,6000,1.01120797011
414875,414881,415687,6,806,8,6000,1.00744416873
414886,414892,415692,6,800,8,6000,1.0075
414897,414904,415722,7,818,8,6000,1.00855745721
414907,415623,416429,716,806,8,6000,1.88833746898
415618,415629,418037,11,2408,5,14400,1.00456810631
415629,415637,418035,8,2398,5,14400,1.00333611343
415639,415645,417861,6,2216,5,14400,1.00270758123
415641,415652,416455,11,803,8,6000,1.01369863014
415650,415659,418121,9,2462,5,14400,1.00365556458
415661,415667,418203,6,2536,5,14400,1.0023659306
415671,415679,418147,8,2468,5,14400,1.00324149109
415672,415691,418258,19,2567,5,14400,1.00740163615
415674,415686,416500,12,814,8,6000,1.01474201474
415684,415703,417974,19,2271,5,14400,1.00836635843
415684,415698,416509,14,811,8,6000,1.01726263872
415695,415715,417993,20,2278,5,14400,1.00877963126
415695,415710,416517,15,807,8,6000,1.01858736059
415716,415728,418286,12,2558,5,14400,1.00469116497
415716,415722,416534,6,812,8,6000,1.00738916256
415727,415740,417953,13,2213,5,14400,1.00587437867
415727,415734,416543,7,809,8,6000,1.0086526576
415737,415746,416558,9,812,8,6000,1.01108374384
415737,415885,418491,148,2606,5,14400,1.05679201842
415891,416441,417252,550,811,8,6000,1.67817509248
415891,416513,418836,622,2323,5,14400,1.2677572105
416512,416527,418766,15,2239,5,14400,1.00669941938
416512,416520,417323,8,803,8,6000,1.0099626401
416523,416539,418921,16,2382,5,14400,1.0067170445
416523,416534,417341,11,807,8,6000,1.0136307311
416544,416551,417360,7,809,8,6000,1.0086526576
416544,416556,418825,12,2269,5,14400,1.00528867342
416554,416563,417367,9,804,8,6000,1.01119402985
416555,416570,419176,15,2606,5,14400,1.00575594781
416565,417352,420211,787,2859,5,14400,1.2752710738
416565,417264,418052,699,788,8,6000,1.88705583756
417350,417359,418164,9,805,8,6000,1.01118012422
417355,417372,419711,17,2339,5,14400,1.00726806327
417371,417378,418182,7,804,8,6000,1.00870646766
417376,417385,419840,9,2455,5,14400,1.00366598778
417381,417452,418261,71,809,8,6000,1.08776266996
417447,417965,420328,518,2363,5,14400,1.219212865
417962,417973,418786,11,813,8,6000,1.0135301353
417973,417979,418787,6,808,8,6000,1.00742574257
417978,417986,420331,8,2345,5,14400,1.00341151386
417984,418047,418859,63,812,8,6000,1.0775862069
418045,418054,418868,9,814,8,6000,1.01105651106
418049,418160,420935,111,2775,5,14400,1.04
418158,418167,418989,9,822,8,6000,1.01094890511
418162,418216,420611,54,2395,5,14400,1.02254697286
418213,418270,420636,57,2366,5,14400,1.02409129332
418270,418277,419091,7,814,8,6000,1.0085995086
418275,418297,420616,22,2319,5,14400,1.00948684778
418296,418778,421535,482,2757,5,14400,1.17482771128
418624,418632,418633,8,1,2,3540,1.0
418775,418799,421388,24,2589,5,14400,1.00926998841
418796,418838,421173,42,2335,5,14400,1.01798715203
418837,418849,421251,12,2402,5,14400,1.0049958368
418848,418871,421311,23,2440,5,14400,1.00942622951
418868,418933,421232,65,2299,5,14400,1.02827316224
418930,419108,421836,178,2728,5,14400,1.06524926686
419103,419114,421453,11,2339,5,14400,1.00470286447
419114,419188,421725,74,2537,5,14400,1.02916830903
419186,419722,422255,536,2533,5,14400,1.21160679037
419726,419831,422274,105,2443,5,14400,1.04297994269
419828,419852,422122,24,2270,5,14400,1.01057268722
419849,420342,421150,493,808,8,6000,1.61014851485
419849,420223,422373,374,2150,5,14400,1.17395348837
420340,420623,421445,283,822,8,6000,1.34428223844
420340,420630,423243,290,2613,5,14400,1.11098354382
420625,420648,423027,23,2379,5,14400,1.0096679277
420625,421163,421972,538,809,8,6000,1.66501854141
421165,421244,422070,79,826,8,6000,1.09564164649
421166,421171,423435,5,2264,5,14400,1.00220848057
421247,421263,423568,16,2305,5,14400,1.00694143167
421247,421400,422230,153,830,8,6000,1.1843373494
421401,421458,422278,57,820,8,6000,1.06951219512
421401,421466,423821,65,2355,5,14400,1.02760084926
421462,421548,424260,86,2712,5,14400,1.03171091445
421544,421738,422556,194,818,8,6000,1.23716381418
421544,421848,424614,304,2766,5,14400,1.10990600145
421850,421984,422794,134,810,8,6000,1.16543209877
421850,422083,424555,233,2472,5,14400,1.09425566343
422084,422135,422952,51,817,8,6000,1.06242350061
422084,422243,424704,159,2461,5,14400,1.06460788297
422248,422267,423082,19,815,8,6000,1.02331288344
422248,422287,424907,39,2620,5,14400,1.01488549618
422260,424887,427741,2627,2854,8,21600,1.92046250876
422289,422295,423110,6,815,8,6000,1.00736196319
422289,422385,424983,96,2598,5,14400,1.03695150115
422381,422806,425229,425,2423,5,14400,1.17540239373
422381,422568,423388,187,820,8,6000,1.22804878049
422809,423040,425534,231,2494,5,14400,1.0926222935
422809,422965,423777,156,812,8,6000,1.1921182266
423044,423095,423918,51,823,8,6000,1.06196840826
423044,423123,425458,79,2335,5,14400,1.03383297645
423126,423400,424214,274,814,8,6000,1.33660933661
423126,423132,425625,6,2493,5,14400,1.00240673887
423386,424892,424899,1506,7,8,7200,151.3
423401,423407,425995,6,2588,5,14400,1.00231839258
423401,423581,424393,180,812,8,6000,1.22167487685
423576,423790,424604,214,814,8,6000,1.2628992629
423789,423833,426460,44,2627,5,14400,1.01674914351
423830,423930,426223,100,2293,5,14400,1.04361098997
423932,423938,426746,6,2808,5,14400,1.00213675214
423943,424226,426661,283,2435,5,14400,1.11622176591
424228,424405,425216,177,811,8,6000,1.21824907522
424228,424236,426738,8,2502,5,14400,1.00319744205
424402,424412,427143,10,2731,5,14400,1.00366166239
424402,424617,425441,215,824,8,6000,1.2609223301
424616,424834,425666,218,832,8,6000,1.26201923077
424616,424623,427332,7,2709,5,14400,1.00258397933
424831,424909,425728,78,819,8,6000,1.09523809524
424831,424916,427392,85,2476,5,14400,1.03432956381
424913,424995,427265,82,2270,5,14400,1.03612334802
424913,424923,425750,10,827,8,6000,1.01209189843
424995,425242,427801,247,2559,5,14400,1.09652207894
424995,425228,426045,233,817,8,6000,1.28518971848
425240,425454,426274,214,820,8,6000,1.26097560976
425240,425470,428392,230,2922,5,14400,1.07871321013
425465,425637,426457,172,820,8,6000,1.20975609756
425638,425679,427901,41,2222,5,14400,1.01845184518
425679,425686,428254,7,2568,5,14400,1.0027258567
425689,425763,428769,74,3006,5,14400,1.0246174318
425690,425740,426565,50,825,8,6000,1.06060606061
425761,426058,426877,297,819,8,6000,1.36263736264
425761,425769,428399,8,2630,5,14400,1.0030418251
426057,426287,427113,230,826,8,6000,1.2784503632
426057,426064,428468,7,2404,5,14400,1.00291181364
426292,426469,427293,177,824,8,6000,1.21480582524
426292,426298,428806,6,2508,5,14400,1.0023923445
426465,426576,427402,111,826,8,6000,1.13438256659
426465,426475,428765,10,2290,5,14400,1.00436681223
426578,426759,427582,181,823,8,6000,1.21992709599
426578,426672,428936,94,2264,5,14400,1.04151943463
426762,427056,429341,294,2285,5,14400,1.12866520788
426762,426889,427705,127,816,8,6000,1.1556372549
427057,427155,429721,98,2566,5,14400,1.03819173811
427057,427124,427942,67,818,8,6000,1.08190709046
427160,427305,428135,145,830,8,6000,1.17469879518
427160,427189,430114,29,2925,5,14400,1.00991452991
427303,427311,429586,8,2275,5,14400,1.00351648352
427303,427404,428232,101,828,8,6000,1.12198067633
427405,427414,428237,9,823,8,6000,1.01093560146
427405,427595,430581,190,2986,5,14400,1.06363027461
427599,427717,428542,118,825,8,6000,1.14303030303
427599,427606,430410,7,2804,5,14400,1.00249643367
427722,427752,428581,30,829,8,6000,1.03618817853
427722,427813,430209,91,2396,5,14400,1.03797996661
427814,427913,430406,99,2493,5,14400,1.03971119134
427814,427954,428776,140,822,8,6000,1.1703163017
427957,428146,428973,189,827,8,6000,1.22853688029
427957,428244,430952,287,2708,5,14400,1.10598227474
428243,428257,430660,14,2403,5,14400,1.00582605077
428243,428252,429069,9,817,8,6000,1.01101591187
428253,428412,429248,159,836,8,6000,1.19019138756
428253,428267,430576,14,2309,5,14400,1.00606323084
428417,428479,430977,62,2498,5,14400,1.02481985588
428417,428554,429376,137,822,8,6000,1.16666666667
428550,428778,431093,228,2315,5,14400,1.09848812095
428550,428594,429415,44,821,8,6000,1.05359317905
428774,428791,429620,17,829,8,6000,1.0205066345
428774,428785,431063,11,2278,5,14400,1.00482879719
428795,428985,429799,190,814,8,6000,1.23341523342
428795,428818,431059,23,2241,5,14400,1.01026327532
428989,428996,431243,7,2247,5,14400,1.0031152648
428989,429081,429905,92,824,8,6000,1.11165048544
429081,429353,432002,272,2649,5,14400,1.1026802567
429081,429261,430085,180,824,8,6000,1.21844660194
429357,429428,431903,71,2475,5,14400,1.02868686869
429357,429388,430216,31,828,8,6000,1.03743961353
429406,429433,429434,27,1,2,540,2.8
429428,429632,430462,204,830,8,6000,1.24578313253
429428,429446,431736,18,2290,5,14400,1.00786026201
429633,429640,432128,7,2488,5,14400,1.00281350482
429633,429793,430625,160,832,8,6000,1.19230769231
429796,429802,432738,6,2936,5,14400,1.00204359673
429796,429812,430644,16,832,8,6000,1.01923076923
429817,430098,432715,281,2617,5,14400,1.10737485671
429817,429918,430751,101,833,8,6000,1.1212484994
430102,430221,433024,119,2803,5,14400,1.04245451302
430103,430127,430955,24,828,8,6000,1.02898550725
430225,430419,432973,194,2554,5,14400,1.07595927956
430225,430231,431058,6,827,8,6000,1.00725513906
430419,430425,432919,6,2494,5,14400,1.00240577386
430430,430474,431300,44,826,8,6000,1.05326876513
430430,430589,433049,159,2460,5,14400,1.06463414634
430593,430599,433091,6,2492,5,14400,1.00240770465
430593,430637,431471,44,834,8,6000,1.05275779376
430634,430673,432826,39,2153,5,14400,1.01811425917
430634,430656,431491,22,835,8,6000,1.02634730539
430675,430964,433971,289,3007,5,14400,1.09610907882
430675,430763,431592,88,829,8,6000,1.10615199035
430961,430970,431813,9,843,8,6000,1.01067615658
430961,430989,433138,28,2149,5,14400,1.01302931596
430992,431071,431905,79,834,8,6000,1.09472422062
430992,431076,433824,84,2748,5,14400,1.03056768559
431074,431255,432096,181,841,8,6000,1.21521997622
431074,431083,433673,9,2590,5,14400,1.00347490347
431258,431313,434070,55,2757,5,14400,1.01994922017
431309,431320,433778,11,2458,5,14400,1.00447518308
431320,431484,433888,164,2404,5,14400,1.06821963394
431483,431503,433736,20,2233,5,14400,1.00895656068
431504,431511,434323,7,2812,5,14400,1.00248933144
431515,431605,434081,90,2476,5,14400,1.03634894992
431607,431749,434106,142,2357,5,14400,1.06024607552
431750,431825,433997,75,2172,5,14400,1.03453038674
431822,431831,434056,9,2225,5,14400,1.00404494382
431832,431916,434252,84,2336,5,14400,1.03595890411
431914,431923,434181,9,2258,5,14400,1.00398582817
431925,431931,434097,6,2166,5,14400,1.0027700831
431935,432014,434549,79,2535,5,14400,1.03116370809
432019,432108,434725,89,2617,5,14400,1.03400840657
432111,432139,434583,28,2444,5,14400,1.01145662848
432142,432728,435101,586,2373,5,14400,1.24694479562
432733,432751,435113,18,2362,5,14400,1.00762066046
432754,432837,434878,83,2041,5,14400,1.04066634003
432836,432931,435410,95,2479,5,14400,1.03832190399
432928,432985,435220,57,2235,5,14400,1.0255033557
432989,433042,435248,53,2206,5,14400,1.02402538531
433041,433061,435719,20,2658,5,14400,1.00752445448
433062,433102,435812,40,2710,5,14400,1.0147601476
433103,433149,435420,46,2271,5,14400,1.0202553941
433154,433684,436485,530,2801,5,14400,1.18921813638
433684,433748,435973,64,2225,5,14400,1.02876404494
433746,433791,436332,45,2541,5,14400,1.01770956316
433787,433837,436177,50,2340,5,14400,1.02136752137
433838,433901,436655,63,2754,5,14400,1.02287581699
433900,433984,436736,84,2752,5,14400,1.03052325581
433982,434010,436543,28,2533,5,14400,1.01105408606
434013,434068,436344,55,2276,5,14400,1.02416520211
434064,434083,436546,19,2463,5,14400,1.00771416971
434085,434093,436322,8,2229,5,14400,1.00358905339
434096,434109,436700,13,2591,5,14400,1.00501736781
434106,434119,436670,13,2551,5,14400,1.00509604077
434117,434194,437032,77,2838,5,14400,1.02713178295
434199,434265,436634,66,2369,5,14400,1.02785985648
434260,434336,436567,76,2231,5,14400,1.03406544151
434332,434561,436905,229,2344,5,14400,1.09769624573
434567,434595,436969,28,2374,5,14400,1.01179443976
434598,434737,436952,139,2215,5,14400,1.06275395034
434741,434890,437484,149,2594,5,14400,1.05744024672
434894,435112,437475,218,2363,5,14400,1.09225560728
434963,436908,467668,1945,30760,2,43200,1.06323146944
435109,435125,437515,16,2390,5,14400,1.00669456067
435130,435231,437448,101,2217,5,14400,1.04555705909
435232,435259,437839,27,2580,5,14400,1.01046511628
435263,435423,438375,160,2952,5,14400,1.05420054201
435426,435432,437798,6,2366,5,14400,1.00253592561
435437,435732,438270,295,2538,5,14400,1.11623325453
435733,435824,438425,91,2601,5,14400,1.03498654364
435825,435985,438163,160,2178,5,14400,1.07346189164
435989,436189,438489,200,2300,5,14400,1.08695652174
436193,436334,438612,141,2278,5,14400,1.06189640035
436336,436344,438679,8,2335,5,14400,1.0034261242
436347,436357,439073,10,2716,5,14400,1.00368188513
436357,436497,438878,140,2381,5,14400,1.05879882402
436500,436556,439165,56,2609,5,14400,1.02146416251
436552,436562,438722,10,2160,5,14400,1.00462962963
436562,436579,439045,17,2466,5,14400,1.00689375507
436583,436646,439234,63,2588,5,14400,1.0243431221
436645,436667,439192,22,2525,5,14400,1.00871287129
436666,436683,439300,17,2617,5,14400,1.00649598777
436686,436712,439561,26,2849,5,14400,1.00912600913
436707,436747,439279,40,2532,5,14400,1.01579778831
436748,436917,439531,169,2614,5,14400,1.06465187452
436922,436964,439228,42,2264,5,14400,1.01855123675
436963,436981,439534,18,2553,5,14400,1.00705052879
436984,437044,439289,60,2245,5,14400,1.02672605791
437046,437460,439910,414,2450,5,14400,1.16897959184
437464,437487,439853,23,2366,5,14400,1.00972104818
437485,437497,439954,12,2457,5,14400,1.00488400488
437495,437527,440171,32,2644,5,14400,1.01210287443
437526,437810,440465,284,2655,5,14400,1.10696798493
437812,437850,439986,38,2136,5,14400,1.01779026217
437853,438174,440453,321,2279,5,14400,1.14085125055
438179,438282,440480,103,2198,5,14400,1.04686078253
438282,438387,440723,105,2336,5,14400,1.04494863014
438384,438437,440896,53,2459,5,14400,1.02155347702
438435,438501,441113,66,2612,5,14400,1.02526799387
438497,438625,441249,128,2624,5,14400,1.0487804878
438630,438691,441119,61,2428,5,14400,1.02512355848
438691,438734,441065,43,2331,5,14400,1.01844701845
438733,438891,441150,158,2259,5,14400,1.06994245241
438896,439057,441754,161,2697,5,14400,1.05969595847
439059,439086,441350,27,2264,5,14400,1.01192579505
439090,439178,441466,88,2288,5,14400,1.03846153846
439182,439205,442016,23,2811,5,14400,1.00818214159
439203,439239,441789,36,2550,5,14400,1.01411764706
439245,439251,441917,6,2666,5,14400,1.00225056264
439262,439302,440101,40,799,8,6000,1.05006257822
439303,439313,440114,10,801,8,6000,1.01248439451
439314,439547,440338,233,791,8,6000,1.29456384324
439548,439865,440675,317,810,8,6000,1.39135802469
439865,439921,440719,56,798,8,6000,1.0701754386
439926,439997,440804,71,807,8,6000,1.08798017348
439998,440112,440908,114,796,8,6000,1.1432160804
440111,440127,440932,16,805,8,6000,1.0198757764
440122,440183,440981,61,798,8,6000,1.07644110276
440183,440350,441150,167,800,8,6000,1.20875
440347,440478,441272,131,794,8,6000,1.16498740554
440480,440687,441488,207,801,8,6000,1.25842696629
440684,440731,441531,47,800,8,6000,1.05875
440735,440741,441550,6,809,8,6000,1.00741656366
440746,440817,441624,71,807,8,6000,1.08798017348
440817,440909,441710,92,801,8,6000,1.11485642946
440910,440919,441735,9,816,8,6000,1.01102941176
440920,440944,441746,24,802,8,6000,1.02992518703
440941,440992,441793,51,801,8,6000,1.06367041199
440992,441125,441935,133,810,8,6000,1.16419753086
441125,441131,441948,6,817,8,6000,1.00734394125
441136,441162,441966,26,804,8,6000,1.03233830846
441167,441262,442065,95,803,8,6000,1.11830635118
441259,441284,442086,25,802,8,6000,1.03117206983
441280,441479,442295,199,816,8,6000,1.24387254902
441333,441802,441971,469,169,1,3600,3.77514792899
441484,441500,442312,16,812,8,6000,1.0197044335
441505,441544,442346,39,802,8,6000,1.04862842893
441546,441563,442371,17,808,8,6000,1.02103960396
441567,441636,442439,69,803,8,6000,1.08592777086
441639,441721,442522,82,801,8,6000,1.10237203496
441720,441747,442555,27,808,8,6000,1.03341584158
441752,441758,442565,6,807,8,6000,1.00743494424
441762,441768,442581,6,813,8,6000,1.0073800738
441773,441809,442612,36,803,8,6000,1.04483188045
441814,441930,442734,116,804,8,6000,1.14427860697
441926,441947,442757,21,810,8,6000,1.02592592593
441947,441961,442770,14,809,8,6000,1.0173053152
441958,441977,442787,19,810,8,6000,1.02345679012
441979,442028,442839,49,811,8,6000,1.06041923551
442030,442076,442893,46,817,8,6000,1.05630354957
442082,442098,442912,16,814,8,6000,1.01965601966
442102,442308,443117,206,809,8,6000,1.25463535229
442149,444101,444467,1952,366,1,3600,6.33333333333
442306,442324,443135,18,811,8,6000,1.02219482121
442327,442357,443166,30,809,8,6000,1.03708281829
442358,442383,443201,25,818,8,6000,1.03056234719
442379,442450,443264,71,814,8,6000,1.08722358722
442451,442535,443351,84,816,8,6000,1.10294117647
442533,442567,443377,34,810,8,6000,1.04197530864
442564,442577,443387,13,810,8,6000,1.01604938272
442574,442593,443414,19,821,8,6000,1.02314250914
442595,442624,443431,29,807,8,6000,1.03593556382
442626,442747,443560,121,813,8,6000,1.14883148831
442749,442769,443581,20,812,8,6000,1.02463054187
442769,442781,443601,12,820,8,6000,1.01463414634
442780,442799,443617,19,818,8,6000,1.02322738386
442801,442852,443665,51,813,8,6000,1.06273062731
442852,442906,443723,54,817,8,6000,1.06609547124
442904,442924,443749,20,825,8,6000,1.02424242424
442925,443128,443949,203,821,8,6000,1.24725943971
443129,443148,443966,19,818,8,6000,1.02322738386
443150,443177,443995,27,818,8,6000,1.03300733496
443181,443213,444035,32,822,8,6000,1.03892944039
443212,443276,444094,64,818,8,6000,1.0782396088
443273,443363,444190,90,827,8,6000,1.10882708585
443365,443389,444207,24,818,8,6000,1.0293398533
443386,443399,444217,13,818,8,6000,1.01589242054
443397,443426,444259,29,833,8,6000,1.03481392557
443428,443443,444263,15,820,8,6000,1.01829268293
443449,443572,444393,123,821,8,6000,1.14981729598
443571,443593,444408,22,815,8,6000,1.02699386503
443592,443613,444432,21,819,8,6000,1.02564102564
443614,443630,444453,16,823,8,6000,1.01944106926
443635,443678,444496,43,818,8,6000,1.05256723716
443676,443735,444560,59,825,8,6000,1.07151515152
443738,443762,444583,24,821,8,6000,1.02923264312
443758,443961,444776,203,815,8,6000,1.2490797546
443963,443978,444805,15,827,8,6000,1.01813784764
443983,444007,444830,24,823,8,6000,1.02916160389
444004,444047,444867,43,820,8,6000,1.05243902439
444046,444107,444942,61,835,8,6000,1.07305389222
444107,444202,445029,95,827,8,6000,1.11487303507
444199,444220,445036,21,816,8,6000,1.02573529412
444220,444228,445055,8,827,8,6000,1.00967351874
444231,444272,445100,41,828,8,6000,1.04951690821
444273,444279,445102,6,823,8,6000,1.00729040097
444284,444405,445234,121,829,8,6000,1.14595898673
444406,444419,445243,13,824,8,6000,1.01577669903
444417,444445,445265,28,820,8,6000,1.03414634146
444448,444466,445291,18,825,8,6000,1.02181818182
444469,444508,445336,39,828,8,6000,1.04710144928
444510,444572,445406,62,834,8,6000,1.07434052758
444571,444595,445422,24,827,8,6000,1.02902055623
444592,444787,445610,195,823,8,6000,1.23693803159
444786,444817,445645,31,828,8,6000,1.03743961353
444817,444843,445665,26,822,8,6000,1.03163017032
444825,444831,445684,6,853,1,3600,1.00703399766
444848,444879,445712,31,833,8,6000,1.03721488595
444879,444953,445776,74,823,8,6000,1.08991494532
444902,444908,445080,6,172,1,3600,1.03488372093
444951,445042,445875,91,833,8,6000,1.10924369748
445043,445049,445882,6,833,8,6000,1.00720288115
445053,445068,445893,15,825,8,6000,1.01818181818
445064,445111,445942,47,831,8,6000,1.05655836342
445115,445122,445955,7,833,8,6000,1.00840336134
445126,445246,446077,120,831,8,6000,1.14440433213
445249,445255,446091,6,836,8,6000,1.00717703349
445258,445264,445614,6,350,1,3600,1.01714285714
445260,445277,446110,17,833,8,6000,1.02040816327
445280,445303,446137,23,834,8,6000,1.02757793765
445301,445349,446184,48,835,8,6000,1.05748502994
445352,445417,446258,65,841,8,6000,1.07728894174
445414,445435,446265,21,830,8,6000,1.02530120482
445435,445622,446453,187,831,8,6000,1.22503008424
445618,445657,446484,39,827,8,6000,1.04715840387
445660,445677,446515,17,838,8,6000,1.02028639618
445680,445724,446551,44,827,8,6000,1.05320435308
445722,445788,446626,66,838,8,6000,1.07875894988
445783,445887,446728,104,841,8,6000,1.12366230678
445885,445894,446740,9,846,8,6000,1.01063829787
445896,445906,446746,10,840,8,6000,1.0119047619
445907,445954,446787,47,833,8,6000,1.05642256903
445958,445966,446807,8,841,8,6000,1.00951248514
445962,445974,446826,12,852,1,3600,1.01408450704
445969,446089,446923,120,834,8,6000,1.14388489209
446091,446103,446954,12,851,8,6000,1.01410105758
446102,446122,446959,20,837,8,6000,1.0238948626
446123,446148,446991,25,843,8,6000,1.02965599051
446154,446196,447037,42,841,8,6000,1.04994054697
446195,446271,447107,76,836,8,6000,1.09090909091
446266,446278,447114,12,836,8,6000,1.01435406699
446277,446466,447306,189,840,8,6000,1.225
446471,446496,447333,25,837,8,6000,1.02986857826
446492,446528,447362,36,834,8,6000,1.04316546763
446523,446563,447409,40,846,8,6000,1.04728132388
446564,446638,447481,74,843,8,6000,1.08778173191
446636,446739,447575,103,836,8,6000,1.12320574163
446738,446753,447595,15,842,8,6000,1.01781472684
446749,446760,447615,11,855,8,6000,1.01286549708
446760,446800,447643,40,843,8,6000,1.04744958482
446801,446818,447660,17,842,8,6000,1.02019002375
446822,446935,447784,113,849,8,6000,1.13309776207
446934,446967,447830,33,863,8,6000,1.0382387022
446965,446974,447823,9,849,8,6000,1.01060070671
446976,447004,447851,28,847,8,6000,1.03305785124
446987,446993,447106,6,113,1,3600,1.05309734513
447007,447048,447897,41,849,8,6000,1.04829210836
447048,447120,447967,72,847,8,6000,1.08500590319
447120,447126,447964,6,838,8,6000,1.00715990453
447130,447317,448169,187,852,8,6000,1.21948356808
447287,447293,447609,6,316,1,3600,1.01898734177
447314,447345,448192,31,847,8,6000,1.03659976387
447345,447374,448215,29,841,8,6000,1.03448275862
447376,447421,448289,45,868,8,6000,1.05184331797
447417,447492,448345,75,853,8,6000,1.08792497069
447489,447587,448437,98,850,8,6000,1.11529411765
447592,447606,448453,14,847,8,6000,1.01652892562
447602,447628,448481,26,853,8,6000,1.03048065651
447623,447656,448523,33,867,8,6000,1.03806228374
447654,447673,448529,19,856,8,6000,1.02219626168
447675,447795,448649,120,854,8,6000,1.14051522248
447797,447835,448682,38,847,8,6000,1.04486422668
447839,447845,448713,6,868,8,6000,1.0069124424
447849,447864,448714,15,850,8,6000,1.01764705882
447860,447909,448765,49,856,8,6000,1.05724299065
447911,447977,448825,66,848,8,6000,1.07783018868
447973,447984,448837,11,853,8,6000,1.01289566237
447983,448181,449034,198,853,8,6000,1.23212192263
448016,448022,448631,6,609,1,3600,1.00985221675
448024,448030,448142,6,112,1,3600,1.05357142857
448178,448204,449058,26,854,8,6000,1.03044496487
448209,448228,449077,19,849,8,6000,1.02237926973
448230,448300,449156,70,856,8,6000,1.08177570093
448301,448357,449213,56,856,8,6000,1.06542056075
448318,448324,448670,6,346,1,3600,1.01734104046
448353,448448,449304,95,856,8,6000,1.11098130841
448445,448464,449330,19,866,8,6000,1.02193995381
448466,448493,449355,27,862,8,6000,1.0313225058
448497,448535,449386,38,851,8,6000,1.044653349
448538,448544,449400,6,856,8,6000,1.00700934579
448548,448661,449522,113,861,8,6000,1.131242741
448566,448641,448762,75,121,1,1800,1.61983471074
448661,448693,449556,32,863,8,6000,1.03707995365
448692,448725,449592,33,867,8,6000,1.03806228374
448723,448733,449599,10,866,8,6000,1.01154734411
448734,448778,449650,44,872,8,6000,1.0504587156
448775,448837,449694,62,857,8,6000,1.0723453909
448818,450218,464986,1400,14768,3,86400,1.09479956663
448836,448849,449720,13,871,8,6000,1.01492537313
448847,449045,449914,198,869,8,6000,1.22784810127
449041,449071,449930,30,859,8,6000,1.03492433062
449070,449077,449181,7,104,1,1800,1.06730769231
449072,449089,449964,17,875,8,6000,1.01942857143
449093,449168,450027,75,859,8,6000,1.08731082654
449147,449154,449764,7,610,1,3600,1.01147540984
449165,449225,450101,60,876,8,6000,1.06849315068
449226,449317,450189,91,872,8,6000,1.10435779817
449318,449342,450206,24,864,8,6000,1.02777777778
449339,449368,450217,29,849,8,6000,1.03415783274
449370,449399,450266,29,867,8,6000,1.03344867359
449401,449412,450281,11,869,8,6000,1.01265822785
449412,449535,450388,123,853,8,6000,1.14419695193
449534,449569,450439,35,870,8,6000,1.04022988506
449565,449604,450474,39,870,8,6000,1.04482758621
449606,449612,450474,6,862,8,6000,1.00696055684
449617,449662,450539,45,877,8,6000,1.05131128848
449658,449706,450585,48,879,8,6000,1.05460750853
449710,449733,450596,23,863,8,6000,1.02665121669
449730,449927,450799,197,872,8,6000,1.22591743119
449847,449854,450423,7,569,1,1800,1.01230228471
449924,449943,450816,19,873,8,6000,1.02176403207
449945,449976,452395,31,2419,5,14400,1.0128152129
449976,450002,452437,26,2435,5,14400,1.01067761807
450007,450039,452358,32,2319,5,14400,1.01379905132
450038,450045,452582,7,2537,5,14400,1.00275916437
450049,450113,452723,64,2610,5,14400,1.0245210728
450110,450201,452516,91,2315,5,14400,1.03930885529
450203,450210,452730,7,2520,5,14400,1.00277777778
450213,450226,452734,13,2508,5,14400,1.00518341308
450224,450233,452706,9,2473,5,14400,1.00363930449
450235,450241,453016,6,2775,5,14400,1.00216216216
450245,450278,452449,33,2171,5,14400,1.01520036849
450276,450284,452846,8,2562,5,14400,1.0031225605
450287,450294,452730,7,2436,5,14400,1.00287356322
450298,450304,452504,6,2200,5,14400,1.00272727273
450308,450401,452847,93,2446,5,14400,1.0380212592
450400,450452,452744,52,2292,5,14400,1.02268760908
450425,450433,508449,8,58016,1,259200,1.000137893
450431,450614,711261,183,260647,1,360000,1.00070209901
450434,453029,584204,2595,131175,1,259200,1.01978273299
450452,450459,452960,7,2501,5,14400,1.00279888045
450462,450486,453205,24,2719,5,14400,1.00882677455
450483,450492,452890,9,2398,5,14400,1.00375312761
450494,450500,452877,6,2377,5,14400,1.00252419016
450505,450551,452936,46,2385,5,14400,1.01928721174
450556,450563,452812,7,2249,5,14400,1.00311249444
450567,450596,453407,29,2811,5,14400,1.0103166133
450598,450609,453093,11,2484,5,14400,1.00442834138
450608,450621,453010,13,2389,5,14400,1.00544160737
450619,450810,453078,191,2268,5,14400,1.08421516755
450813,450828,453352,15,2524,5,14400,1.0059429477
450824,450835,453345,11,2510,5,14400,1.00438247012
450834,452371,454702,1537,2331,5,14400,1.65937365937
450908,469842,528530,18934,58688,1,259200,1.32262131952
450909,473306,532405,22397,59099,1,259200,1.37897426352
450909,476358,535693,25449,59335,1,259200,1.42890368248
450933,492474,623654,41541,131180,1,360000,1.31667174874
450934,497035,628160,46101,131125,1,360000,1.35158055291
450934,502126,634952,51192,132826,1,360000,1.38540647162
450958,503890,770622,52932,266732,1,432000,1.19844638064
450959,510366,775892,59407,265526,1,432000,1.22373326906
450959,512867,780289,61908,267422,1,432000,1.23149927829
451056,452749,453265,1693,516,3,7200,4.28100775194
451076,457819,458981,6743,1162,3,7200,6.80292598967
451080,458000,458898,6920,898,3,7200,8.70601336303
452244,452754,452870,510,116,1,1800,5.39655172414
452306,452880,452929,574,49,1,1800,12.7142857143
452373,452407,455021,34,2614,5,14400,1.013006886
452404,452450,454894,46,2444,5,14400,1.01882160393
452445,452462,454621,17,2159,5,14400,1.00787401575
452466,452515,455279,49,2764,5,14400,1.01772793054
452517,452528,454979,11,2451,5,14400,1.0044879641
452528,452594,455203,66,2609,5,14400,1.02529704868
452600,452717,455289,117,2572,5,14400,1.04548989114
452722,452735,455180,13,2445,5,14400,1.00531697342
452733,452742,454892,9,2150,5,14400,1.00418604651
452744,452761,454919,17,2158,5,14400,1.0078776645
452764,452772,455347,8,2575,5,14400,1.00310679612
452775,452825,455356,50,2531,5,14400,1.01975503753
452826,452859,455109,33,2250,5,14400,1.01466666667
452857,452865,455155,8,2290,5,14400,1.00349344978
452868,452888,455309,20,2421,5,14400,1.00826104915
452889,452902,455819,13,2917,5,14400,1.00445663353
452900,452948,455659,48,2711,5,14400,1.01770564367
452951,452971,455636,20,2665,5,14400,1.00750469043
452972,453021,455498,49,2477,5,14400,1.01978199435
453024,453036,455610,12,2574,5,14400,1.00466200466
453034,453090,455604,56,2514,5,14400,1.02227525855
453086,453106,455508,20,2402,5,14400,1.00832639467
453106,453217,455765,111,2548,5,14400,1.04356357928
453197,457824,457938,4627,114,1,1800,41.5877192982
453219,453278,455550,59,2272,5,14400,1.02596830986
453241,457829,457908,4588,79,1,1800,59.0759493671
453263,467680,468804,14417,1124,2,198000,13.8265124555
453281,453356,455990,75,2634,5,14400,1.0284738041
453352,453365,455940,13,2575,5,14400,1.00504854369
453363,453420,455842,57,2422,5,14400,1.0235342692
453425,454633,457034,1208,2401,5,14400,1.50312369846
454637,454714,457357,77,2643,5,14400,1.02913356035
454719,454903,457401,184,2498,5,14400,1.07365892714
454903,454911,457510,8,2599,5,14400,1.00307810696
454914,454931,457567,17,2636,5,14400,1.0064491654
454935,454991,457585,56,2594,5,14400,1.02158828065
454986,455032,457452,46,2420,5,14400,1.01900826446
455038,455122,457347,84,2225,5,14400,1.03775280899
455119,455168,457704,49,2536,5,14400,1.01932176656
455171,455193,457797,22,2604,5,14400,1.00844854071
455192,455214,457630,22,2416,5,14400,1.00910596026
455213,455290,458020,77,2730,5,14400,1.02820512821
455295,455301,458363,6,3062,5,14400,1.00195950359
455306,455320,457792,14,2472,5,14400,1.00566343042
455316,455359,457725,43,2366,5,14400,1.01817413356
455358,455368,457901,10,2533,5,14400,1.00394788788
455368,455510,457927,142,2417,5,14400,1.05875051717
455512,455521,457800,9,2279,5,14400,1.00394910048
455522,455563,457825,41,2262,5,14400,1.01812555261
455564,455616,457987,52,2371,5,14400,1.0219316744
455615,455622,458623,7,3001,5,14400,1.00233255581
455626,455648,457935,22,2287,5,14400,1.00961958898
455646,455671,458573,25,2902,5,14400,1.00861474845
455667,455777,458417,110,2640,5,14400,1.04166666667
455780,455831,458196,51,2365,5,14400,1.02156448203
455831,455854,458518,23,2664,5,14400,1.00863363363
455852,455953,458624,101,2671,5,14400,1.03781355298
455954,456003,458404,49,2401,5,14400,1.02040816327
456006,457046,459603,1040,2557,5,14400,1.40672663277
457046,457359,459927,313,2568,5,14400,1.1218847352
457362,457369,459736,7,2367,5,14400,1.00295732995
457373,457414,459728,41,2314,5,14400,1.01771823682
457414,457465,459783,51,2318,5,14400,1.02200172563
457465,457523,459857,58,2334,5,14400,1.02485004284
457527,457579,460102,52,2523,5,14400,1.02061038446
457578,457598,460011,20,2413,5,14400,1.00828843763
457599,457642,459839,43,2197,5,14400,1.01957214383
457640,457716,460289,76,2573,5,14400,1.02953750486
457712,457737,460721,25,2984,5,14400,1.00837801609
457733,457804,460495,71,2691,5,14400,1.02638424378
457805,457812,460604,7,2792,5,14400,1.00250716332
457816,457838,460591,22,2753,5,14400,1.00799128224
457837,457912,460308,75,2396,5,14400,1.03130217028
457909,457940,460584,31,2644,5,14400,1.01172465961
457940,457948,460506,8,2558,5,14400,1.00312744332
457950,458032,460121,82,2089,5,14400,1.03925323121
458032,458208,461024,176,2816,5,14400,1.0625
458206,458375,460501,169,2126,5,14400,1.07949200376
458379,458416,460930,37,2514,5,14400,1.01471758154
458421,458429,460890,8,2461,5,14400,1.00325071109
458431,458530,461094,99,2564,5,14400,1.03861154446
458534,458586,461002,52,2416,5,14400,1.02152317881
458585,458635,461013,50,2378,5,14400,1.02102607233
458636,458644,461034,8,2390,5,14400,1.00334728033
458638,460521,461088,1883,567,1,1800,4.32098765432
458647,458911,461095,264,2184,5,14400,1.12087912088
458909,460527,460807,1618,280,1,1800,6.77857142857
458913,458994,461095,81,2101,5,14400,1.03855306997
458995,459615,461095,620,1480,5,14400,1.41891891892
459616,459740,461095,124,1355,5,14400,1.09151291513
459739,459747,461095,8,1348,5,14400,1.0059347181
459750,459795,461096,45,1301,5,14400,1.03458877786
459791,459852,461096,61,1244,5,14400,1.04903536977
459853,459870,461096,17,1226,5,14400,1.01386623165
459873,459940,461096,67,1156,5,14400,1.05795847751
459935,460024,461096,89,1072,5,14400,1.08302238806
460027,460114,461096,87,982,5,14400,1.08859470468
460109,460133,461096,24,963,5,14400,1.02492211838
460130,460301,461096,171,795,5,14400,1.21509433962
460304,460320,461096,16,776,5,14400,1.0206185567
460325,460507,461096,182,589,5,14400,1.30899830221
460508,460515,461096,7,581,5,14400,1.01204819277
460519,460596,461096,77,500,5,14400,1.154
460601,460607,461096,6,489,5,14400,1.01226993865
460612,460619,461096,7,477,5,14400,1.01467505241
460622,460631,461096,9,465,5,14400,1.01935483871
460633,460639,461096,6,457,5,14400,1.01312910284
460644,460733,461096,89,363,5,14400,1.24517906336
460736,460871,461096,135,225,5,14400,1.6
460869,460889,461096,20,207,5,14400,1.09661835749
460890,460902,461096,12,194,5,14400,1.0618556701
460900,460909,461096,9,187,5,14400,1.04812834225
460911,460918,461096,7,178,5,14400,1.0393258427
460922,460929,461096,7,167,5,14400,1.04191616766
460933,460939,461096,6,157,5,14400,1.03821656051
460943,460949,461097,6,148,5,14400,1.04054054054
460955,461014,461097,59,83,5,14400,1.71084337349
461315,461321,462118,6,797,8,6000,1.00752823087
461315,461326,462131,11,805,8,6000,1.01366459627
461326,461332,462126,6,794,8,6000,1.00755667506
461326,461338,462140,12,802,8,6000,1.01496259352
461337,461345,462143,8,798,8,6000,1.01002506266
461337,461350,462153,13,803,8,6000,1.01618929016
461348,461362,462160,14,798,8,6000,1.01754385965
461348,461356,462164,8,808,8,6000,1.0099009901
461359,461369,462178,10,809,8,6000,1.01236093943
461370,461377,462178,7,801,8,6000,1.00873907615
461380,461387,462184,7,797,8,6000,1.00878293601
461391,461398,462193,7,795,8,6000,1.00880503145
461402,461408,462211,6,803,8,6000,1.00747198007
461413,461419,462222,6,803,8,6000,1.00747198007
461423,461431,462233,8,802,8,6000,1.00997506234
461434,461441,462243,7,802,8,6000,1.00872817955
461445,461452,462268,7,816,8,6000,1.00857843137
461456,461462,462267,6,805,8,6000,1.00745341615
461467,461536,462339,69,803,8,6000,1.08592777086
461538,461545,462350,7,805,8,6000,1.00869565217
461549,462010,462817,461,807,8,6000,1.57125154895
462008,462017,462822,9,805,8,6000,1.01118012422
462019,462131,462937,112,806,8,6000,1.13895781638
462131,462138,462941,7,803,8,6000,1.00871731009
462142,462148,462970,6,822,8,6000,1.00729927007
462152,462160,462967,8,807,8,6000,1.00991325898
462163,462169,462981,6,812,8,6000,1.00738916256
462174,462180,462988,6,808,8,6000,1.00742574257
462184,462192,462996,8,804,8,6000,1.00995024876
462195,462202,463008,7,806,8,6000,1.00868486352
462206,462213,463020,7,807,8,6000,1.00867410161
462216,462223,463030,7,807,8,6000,1.00867410161
462227,462233,463053,6,820,8,6000,1.00731707317
462238,462245,463058,7,813,8,6000,1.0086100861
462248,462254,463063,6,809,8,6000,1.00741656366
462259,462265,463078,6,813,8,6000,1.0073800738
462270,462276,463085,6,809,8,6000,1.00741656366
462280,462287,463091,7,804,8,6000,1.00870646766
462291,462298,463103,7,805,8,6000,1.00869565217
462301,462308,463128,7,820,8,6000,1.00853658537
462312,462351,463154,39,803,8,6000,1.04856787049
462353,462362,463189,9,827,8,6000,1.01088270859
462364,462829,463637,465,808,8,6000,1.5754950495
462369,462998,463000,629,2,1,72000,63.1
462373,463003,463004,630,1,1,72000,63.1
462376,463016,463017,640,1,1,36000,64.1
462638,462993,493921,355,30928,6,32400,1.01147827212
462833,462840,463655,7,815,8,6000,1.00858895706
462843,462950,463765,107,815,8,6000,1.13128834356
462946,462956,463765,10,809,8,6000,1.01236093943
462956,462979,463797,23,818,8,6000,1.02811735941
462977,462986,463805,9,819,8,6000,1.01098901099
462988,463010,463826,22,816,8,6000,1.02696078431
463009,463023,463837,14,814,8,6000,1.0171990172
463019,463030,463839,11,809,8,6000,1.01359703337
463030,463036,463854,6,818,8,6000,1.00733496333
463041,463047,463856,6,809,8,6000,1.00741656366
463043,463053,463103,10,50,1,1800,1.2
463051,463070,463885,19,815,8,6000,1.02331288344
463062,463077,463889,15,812,8,6000,1.0184729064
463073,463084,463897,11,813,8,6000,1.0135301353
463083,463091,463911,8,820,8,6000,1.00975609756
463094,463101,463918,7,817,8,6000,1.00856793146
463105,463113,463937,8,824,8,6000,1.00970873786
463115,463122,463945,7,823,8,6000,1.0085054678
463126,463139,463955,13,816,8,6000,1.01593137255
463137,463167,463983,30,816,8,6000,1.03676470588
463168,463201,464013,33,812,8,6000,1.04064039409
463199,463649,464462,450,813,8,6000,1.55350553506
463441,463782,463861,341,79,1,1800,5.3164556962
463647,463667,464481,20,814,8,6000,1.02457002457
463668,463776,464600,108,824,8,6000,1.13106796117
463781,463788,464613,7,825,8,6000,1.00848484848
463793,463810,464628,17,818,8,6000,1.02078239609
463813,463821,464637,8,816,8,6000,1.00980392157
463824,463838,464659,14,821,8,6000,1.01705237515
463835,463849,464676,14,827,8,6000,1.0169286578
463845,463856,464692,11,836,8,6000,1.01315789474
463856,463867,464683,11,816,8,6000,1.01348039216
463867,463873,464700,6,827,8,6000,1.00725513906
463877,463897,464719,20,822,8,6000,1.02433090024
463898,463906,464724,8,818,8,6000,1.0097799511
463909,463915,464734,6,819,8,6000,1.00732600733
463920,463927,464749,7,822,8,6000,1.00851581509
463930,463936,464747,6,811,8,6000,1.00739827374
463941,463948,464769,7,821,8,6000,1.00852618758
463952,463958,464779,6,821,8,6000,1.00730816078
463963,463969,464797,6,828,8,6000,1.00724637681
463973,463996,464821,23,825,8,6000,1.02787878788
463994,464026,464852,32,826,8,6000,1.0387409201
463995,464648,464661,653,13,8,21600,51.2307692308
464025,464474,465304,449,830,8,6000,1.54096385542
464114,532025,828671,67911,296646,4,604800,1.22892943104
464132,563212,1059829,99080,496617,4,604800,1.19950988387
464228,464694,497022,466,32328,1,36000,1.01441474882
464278,464718,501269,440,36551,1,72000,1.01203797434
464339,464723,484176,384,19453,1,72000,1.01973988588
464478,464494,465324,16,830,8,6000,1.01927710843
464499,464613,465432,114,819,8,6000,1.13919413919
464546,464679,465633,133,954,3,7200,1.1394129979
464599,464684,465740,85,1056,2,3600,1.08049242424
464599,464689,466749,90,2060,2,3600,1.04368932039
464600,464707,465703,107,996,2,3600,1.10742971888
464601,464712,466722,111,2010,2,3600,1.0552238806
464611,464626,465457,15,831,8,6000,1.01805054152
464622,464640,465478,18,838,8,6000,1.0214797136
464643,464672,465510,29,838,8,6000,1.03460620525
464674,464702,465537,28,835,8,6000,1.03353293413
464705,464730,465556,25,826,8,6000,1.03026634383
464726,464737,465571,11,834,8,6000,1.01318944844
464737,464743,465575,6,832,8,6000,1.00721153846
464748,464755,465589,7,834,8,6000,1.00839328537
464758,464765,465619,7,854,8,6000,1.00819672131
464769,464775,465626,6,851,8,6000,1.00705052879
464780,464786,465632,6,846,8,6000,1.00709219858
464784,464996,481614,212,16618,2,57600,1.01275725117
464790,464797,465634,7,837,8,6000,1.00836320191
464801,464807,465635,6,828,8,6000,1.00724637681
464876,465001,465272,125,271,1,1800,1.46125461255
465088,465444,472671,356,7227,8,7200,1.04925972049
465204,465470,481337,266,15867,8,21600,1.01676435369
465701,465707,474632,6,8925,8,21600,1.00067226891
465786,465793,487426,7,21633,8,21600,1.00032357972
465892,465898,477321,6,11423,8,21600,1.00052525606
466523,466530,466684,7,154,8,7200,1.04545454545
466555,481869,491655,15314,9786,8,21600,2.56488861639
466589,509541,515737,42952,6196,8,21600,7.93221433183
466628,510355,522394,43727,12039,8,21600,4.63211230169
466689,510360,514420,43671,4060,8,21600,11.7564039409
467108,502674,757377,35566,254703,16,604800,1.13963714601
467966,467972,470375,6,2403,5,14400,1.0024968789
467977,467984,470274,7,2290,5,14400,1.00305676856
467977,467989,470190,12,2201,5,14400,1.00545206724
467988,467995,470480,7,2485,5,14400,1.00281690141
467988,468000,470543,12,2543,5,14400,1.00471883602
467999,468007,470233,8,2226,5,14400,1.00359389039
467999,468013,470569,14,2556,5,14400,1.00547730829
468010,468019,470374,9,2355,5,14400,1.00382165605
468012,468025,470299,13,2274,5,14400,1.00571679859
468023,468037,470204,14,2167,5,14400,1.00646054453
468023,468031,470564,8,2533,5,14400,1.0031583103
468034,468048,470380,14,2332,5,14400,1.00600343053
468034,468043,470620,9,2577,5,14400,1.00349243306
468045,468055,470268,10,2213,5,14400,1.00451875282
468045,468060,470428,15,2368,5,14400,1.00633445946
468056,468073,470664,17,2591,5,14400,1.00656117329
468056,468067,470303,11,2236,5,14400,1.00491949911
468077,468083,470614,6,2531,5,14400,1.0023706045
468088,468095,470374,7,2279,5,14400,1.0030715226
468098,468105,470440,7,2335,5,14400,1.00299785867
468109,468116,470450,7,2334,5,14400,1.0029991431
468120,468126,470338,6,2212,5,14400,1.0027124774
468130,468137,470836,7,2699,5,14400,1.00259355317
468141,468148,470498,7,2350,5,14400,1.0029787234
468152,468158,470391,6,2233,5,14400,1.0026869682
468162,468814,470965,652,2151,5,14400,1.30311483031
468284,502680,509530,34396,6850,8,86400,6.02131386861
468322,512127,517967,43805,5840,8,86400,8.50085616438
468448,512132,520306,43684,8174,8,86400,6.34426229508
468815,470202,472965,1387,2763,5,14400,1.50199058994
468849,507883,512438,39034,4555,16,36000,9.56948408342
469115,507889,530234,38774,22345,16,36000,2.73524278362
470202,470216,472731,14,2515,5,14400,1.0055666004
470212,470245,472435,33,2190,5,14400,1.01506849315
470243,470281,472723,38,2442,5,14400,1.01556101556
470285,470292,472728,7,2436,5,14400,1.00287356322
470295,470311,472565,16,2254,5,14400,1.00709849157
470306,470318,473181,12,2863,5,14400,1.00419140761
470317,470350,472684,33,2334,5,14400,1.01413881748
470348,470386,472929,38,2543,5,14400,1.01494298073
470389,470395,472879,6,2484,5,14400,1.00241545894
470399,470407,472785,8,2378,5,14400,1.00336417157
470410,470418,472620,8,2202,5,14400,1.00363306085
470421,470427,472535,6,2108,5,14400,1.00284629981
470431,470440,473046,9,2606,5,14400,1.00345356869
470442,470453,472720,11,2267,5,14400,1.00485222761
470453,470463,472702,10,2239,5,14400,1.00446627959
470463,470493,472753,30,2260,5,14400,1.01327433628
470494,470510,472873,16,2363,5,14400,1.00677105375
470515,470556,473272,41,2716,5,14400,1.01509572901
470529,481934,481950,11405,16,3,86400,713.8125
470556,470575,473325,19,2750,5,14400,1.00690909091
470577,470585,472955,8,2370,5,14400,1.00337552743
470588,470625,473079,37,2454,5,14400,1.01507742461
470629,470635,473211,6,2576,5,14400,1.00232919255
470640,470677,473230,37,2553,5,14400,1.01449275362
470681,470849,473298,168,2449,5,14400,1.06859942834
470828,512471,532744,41643,20273,8,21600,3.05411137967
470845,470940,473459,95,2519,5,14400,1.03771337832
470855,512477,522702,41622,10225,8,21600,5.07061124694
470868,515750,532014,44882,16264,8,21600,3.75959173635
470923,517978,517985,47055,7,8,21600,4706.2
470937,470977,473289,40,2312,5,14400,1.01730103806
470978,472447,474898,1469,2451,5,14400,1.59934720522
471496,508081,508085,36585,4,16,36000,3658.9
471707,472739,482225,1032,9486,4,36000,1.10879190386
472303,508087,512116,35784,4029,16,36000,9.88160833954
472446,472548,475103,102,2555,5,14400,1.03992172211
472548,472578,475178,30,2600,5,14400,1.01153846154
472580,472633,474951,53,2318,5,14400,1.0228645384
472631,472683,475326,52,2643,5,14400,1.01967461218
472682,472696,475034,14,2338,5,14400,1.00598802395
472693,472715,475054,22,2339,5,14400,1.00940572894
472714,472731,475494,17,2763,5,14400,1.00615273254
472735,472747,475346,12,2599,5,14400,1.00461716045
472745,472753,475131,8,2378,5,14400,1.00336417157
472756,472765,475060,9,2295,5,14400,1.00392156863
472767,472798,475254,31,2456,5,14400,1.01262214984
472798,472885,475584,87,2699,5,14400,1.0322341608
472890,472896,475078,6,2182,5,14400,1.00274977085
472901,472942,475468,41,2526,5,14400,1.01623119557
472942,472967,475886,25,2919,5,14400,1.00856457691
472963,472978,475512,15,2534,5,14400,1.00591949487
472974,473059,475446,85,2387,5,14400,1.03560955174
473034,517996,523224,44962,5228,8,21600,9.60022953328
473056,473092,475539,36,2447,5,14400,1.01471189211
473097,473193,475472,96,2279,5,14400,1.04212373848
473189,473224,475541,35,2317,5,14400,1.01510574018
473220,473242,475486,22,2244,5,14400,1.00980392157
473239,474649,490652,1410,16003,2,57600,1.08810847966
473241,473284,475696,43,2412,5,14400,1.01782752902
473282,473301,476345,19,3044,5,14400,1.00624178712
473303,473313,475617,10,2304,5,14400,1.00434027778
473314,473336,476129,22,2793,5,14400,1.00787683494
473335,473472,475978,137,2506,5,14400,1.05466879489
473468,474643,476940,1175,2297,5,14400,1.51153678711
473636,508623,510340,34987,1717,18,21600,21.3768200349
473691,475989,490957,2298,14968,2,57600,1.15352752539
474001,474654,475281,653,627,1,2700,2.04146730463
474641,474911,477404,270,2493,5,14400,1.1083032491
474877,476455,477167,1578,712,2,7200,3.21629213483
474906,474962,477717,56,2755,5,14400,1.02032667877
474958,475046,477402,88,2356,5,14400,1.03735144312
475050,475068,477378,18,2310,5,14400,1.00779220779
475059,475075,476904,16,1829,4,1800,1.0087479497
475071,475091,477563,20,2472,5,14400,1.00809061489
475092,475116,477399,24,2283,5,14400,1.01051248357
475113,475143,477346,30,2203,5,14400,1.01361779392
475121,476952,477675,1831,723,2,7200,3.53250345781
475144,475190,477464,46,2274,5,14400,1.02022867194
475185,475266,477392,81,2126,5,14400,1.03809971778
475267,475294,477921,27,2627,5,14400,1.01027788352
475298,475338,477685,40,2347,5,14400,1.01704303366
475340,475359,477563,19,2204,5,14400,1.00862068966
475361,475459,477825,98,2366,5,14400,1.04142011834
475463,475481,478391,18,2910,5,14400,1.00618556701
475484,475491,477872,7,2381,5,14400,1.0029399412
475495,475502,478196,7,2694,5,14400,1.00259836674
475505,475511,478206,6,2695,5,14400,1.00222634508
475516,475525,477763,9,2238,5,14400,1.00402144772
475528,475551,477971,23,2420,5,14400,1.00950413223
475552,475597,476394,45,797,8,6000,1.05646173149
475593,475709,476504,116,795,8,6000,1.14591194969
475613,476957,477474,1344,517,2,7200,3.5996131528
475706,475898,476691,192,793,8,6000,1.2421185372
475900,476140,476954,240,814,8,6000,1.29484029484
476145,476407,477195,262,788,8,6000,1.33248730964
476411,476516,477322,105,806,8,6000,1.13027295285
476510,484701,985469,8191,500768,3,604800,1.01635687584
476513,476704,477496,191,792,8,6000,1.24116161616
476707,476916,477710,209,794,8,6000,1.26322418136
476849,476962,477616,113,654,1,2700,1.17278287462
476859,477179,477633,320,454,2,7200,1.70484581498
476912,476969,477766,57,797,8,6000,1.07151819322
476973,477207,478001,234,794,8,6000,1.29471032746
477041,477422,479086,381,1664,4,1800,1.22896634615
477205,477485,477667,280,182,2,7200,2.53846153846
477209,477333,478135,124,802,8,6000,1.15461346633
477332,477340,478138,8,798,8,6000,1.01002506266
477342,477391,478199,49,808,8,6000,1.06064356436
477394,477404,478207,10,803,8,6000,1.01245330012
477405,477415,478222,10,807,8,6000,1.01239157373
477415,477477,478275,62,798,8,6000,1.07769423559
477442,520317,524467,42875,4150,8,21600,11.3313253012
477477,477509,478310,32,801,8,6000,1.03995006242
477508,477576,478374,68,798,8,6000,1.08521303258
477580,477688,478492,108,804,8,6000,1.13432835821
477595,477601,478266,6,665,1,2700,1.00902255639
477636,477645,477651,9,6,2,600,1.5
477636,523493,545124,45857,21631,8,21600,3.11996671444
477693,477723,478533,30,810,8,6000,1.03703703704
477724,477730,478537,6,807,8,6000,1.00743494424
477734,477777,478583,43,806,8,6000,1.05334987593
477775,477837,478638,62,801,8,6000,1.07740324594
477812,523499,532796,45687,9297,8,21600,5.91416585995
477837,477885,478687,48,802,8,6000,1.05985037406
477889,477983,478790,94,807,8,6000,1.11648079306
477898,478150,478177,252,27,12,615,10.3333333333
477981,478014,478814,33,800,8,6000,1.04125
478012,478155,478960,143,805,8,6000,1.17763975155
478142,489820,490344,11678,524,16,3600,23.286259542
478155,478189,478995,34,806,8,6000,1.04218362283
478186,478208,479014,22,806,8,6000,1.02729528536
478207,478216,479028,9,812,8,6000,1.01108374384
478218,478225,479032,7,807,8,6000,1.00867410161
478229,478235,479031,6,796,8,6000,1.00753768844
478239,478278,479091,39,813,8,6000,1.0479704797
478281,478287,479096,6,809,8,6000,1.00741656366
478291,478323,479131,32,808,8,6000,1.0396039604
478297,492841,495863,14544,3022,32,3000,5.81270681668
478322,478386,479191,64,805,8,6000,1.07950310559
478384,478504,479305,120,801,8,6000,1.14981273408
478419,478425,478752,6,327,1,1800,1.01834862385
478468,478481,478786,13,305,2,2400,1.04262295082
478507,478545,479357,38,812,8,6000,1.04679802956
478548,478555,479369,7,814,8,6000,1.0085995086
478558,478596,479411,38,815,8,6000,1.04662576687
478600,478651,479462,51,811,8,6000,1.06288532676
478651,478699,479508,48,809,8,6000,1.05933250927
478703,478802,479611,99,809,8,6000,1.12237330037
478805,478827,479638,22,811,8,6000,1.0271270037
478826,478973,479784,147,811,8,6000,1.18125770654
478969,479008,479826,39,818,8,6000,1.04767726161
479010,479027,479842,17,815,8,6000,1.02085889571
479013,479046,479975,33,929,4,1800,1.03552206674
479031,479040,479855,9,815,8,6000,1.01104294479
479042,479053,479864,11,811,8,6000,1.01356350185
479052,479059,479864,7,805,8,6000,1.00869565217
479063,479103,479916,40,813,8,6000,1.049200492
479104,479111,479933,7,822,8,6000,1.00851581509
479115,479143,479955,28,812,8,6000,1.03448275862
479146,479204,480020,58,816,8,6000,1.07107843137
479208,479318,480129,110,811,8,6000,1.1356350185
479320,479369,480179,49,810,8,6000,1.06049382716
479372,479381,480197,9,816,8,6000,1.01102941176
479382,479423,480236,41,813,8,6000,1.05043050431
479424,479475,480288,51,813,8,6000,1.06273062731
479475,479520,480341,45,821,8,6000,1.05481120585
479516,479623,480441,107,818,8,6000,1.13080684597
479619,479650,480460,31,810,8,6000,1.03827160494
479650,479797,480620,147,823,8,6000,1.17861482382
479793,479839,480654,46,815,8,6000,1.05644171779
479834,479854,480672,20,818,8,6000,1.02444987775
479855,479867,480678,12,811,8,6000,1.01479654747
479866,479876,480694,10,818,8,6000,1.01222493888
479876,479883,480709,7,826,8,6000,1.00847457627
479887,479929,480748,42,819,8,6000,1.05128205128
479928,479944,480761,16,817,8,6000,1.01958384333
479949,479967,480792,18,825,8,6000,1.02181818182
479970,479988,480807,18,819,8,6000,1.02197802198
479991,480033,480848,42,815,8,6000,1.05153374233
480010,481635,482288,1625,653,2,7200,3.48851454824
480034,480140,480958,106,818,8,6000,1.12958435208
480136,480191,481009,55,818,8,6000,1.06723716381
480188,480208,481017,20,809,8,6000,1.02472187886
480209,480249,481077,40,828,8,6000,1.04830917874
480250,480300,481121,50,821,8,6000,1.06090133983
480275,481698,482273,1423,575,2,7200,3.4747826087
480301,480353,481167,52,814,8,6000,1.06388206388
480353,480454,481273,101,819,8,6000,1.12332112332
480455,480473,481295,18,822,8,6000,1.02189781022
480476,480632,481453,156,821,8,6000,1.19001218027
480521,481709,481711,1188,2,2,540,119.0
480630,480667,481491,37,824,8,6000,1.04490291262
480671,480684,481510,13,826,8,6000,1.01573849879
480681,480691,481520,10,829,8,6000,1.01206272618
480692,480706,481536,14,830,8,6000,1.01686746988
480703,481355,484657,652,3302,2,57600,1.19745608722
480703,480722,481541,19,819,8,6000,1.0231990232
480724,480759,481589,35,830,8,6000,1.0421686747
480755,480773,481602,18,829,8,6000,1.02171290712
480776,480805,481633,29,828,8,6000,1.03502415459
480807,480818,481645,11,827,8,6000,1.01330108827
480818,480860,481688,42,828,8,6000,1.05072463768
480859,480971,481802,112,831,8,6000,1.13477737665
480971,481021,481857,50,836,8,6000,1.05980861244
481023,481030,481851,7,821,8,6000,1.00852618758
481033,481089,481916,56,827,8,6000,1.0677146312
481085,481134,481960,49,826,8,6000,1.0593220339
481136,481180,482012,44,832,8,6000,1.05288461538
481178,481286,482120,108,834,8,6000,1.12949640288
481290,481308,482141,18,833,8,6000,1.02160864346
481303,481350,483734,47,2384,5,14400,1.0197147651
481355,481466,483782,111,2316,5,14400,1.04792746114
481425,481503,481507,78,4,8,72000,8.2
481425,481519,481525,94,6,8,72000,10.0
481425,481543,481549,118,6,8,72000,12.4
481425,481564,481565,139,1,8,72000,14.0
481426,481578,481580,152,2,8,72000,15.4
481426,481590,481597,164,7,8,72000,17.1
481426,481609,481615,183,6,8,72000,18.9
481426,481629,481636,203,7,8,72000,21.0
481426,481652,481658,226,6,8,72000,23.2
481427,481671,481680,244,9,8,72000,25.3
481467,481473,483679,6,2206,5,14400,1.00271985494
481478,481526,484056,48,2530,5,14400,1.01897233202
481529,481536,484116,7,2580,5,14400,1.00271317829
481540,481550,483990,10,2440,5,14400,1.00409836066
481551,481556,484148,5,2592,5,14400,1.00192901235
481561,481571,483831,10,2260,5,14400,1.00442477876
481572,481584,483850,12,2266,5,14400,1.0052956752
481583,481601,484157,18,2556,5,14400,1.00704225352
481604,481615,483778,11,2163,5,14400,1.00508552936
481614,481623,484166,9,2543,5,14400,1.00353912702
481625,481646,483986,21,2340,5,14400,1.00897435897
481646,481657,483922,11,2265,5,14400,1.00485651214
481657,481664,484039,7,2375,5,14400,1.00294736842
481667,481693,483954,26,2261,5,14400,1.01149933658
481688,481704,484267,16,2563,5,14400,1.00624268435
481709,481717,484296,8,2579,5,14400,1.00310197751
481721,481813,484148,92,2335,5,14400,1.03940042827
481813,481821,484198,8,2377,5,14400,1.00336558687
481824,481863,484214,39,2351,5,14400,1.01658868567
481865,481929,484171,64,2242,5,14400,1.02854594112
481927,481960,484683,33,2723,5,14400,1.01211898641
481958,481973,484342,15,2369,5,14400,1.00633178556
481969,481979,484329,10,2350,5,14400,1.00425531915
481979,482024,484306,45,2282,5,14400,1.01971954426
482021,482132,484915,111,2783,5,14400,1.03988501617
482133,482139,484682,6,2543,5,14400,1.00235941801
482144,482154,484494,10,2340,5,14400,1.00427350427
482154,482236,484638,82,2402,5,14400,1.03413821815
482166,482299,483604,133,1305,2,7200,1.10191570881
482237,482286,484722,49,2436,5,14400,1.02011494253
482288,483691,485945,1403,2254,5,14400,1.62244897959
482614,483617,485458,1003,1841,2,7200,1.54481260185
482810,532418,556125,49608,23707,2,86400,3.09254650525
482857,563270,623608,80413,60338,2,86400,2.33270907223
483686,483747,486523,61,2776,5,14400,1.0219740634
483750,483791,486161,41,2370,5,14400,1.01729957806
483765,483861,505679,96,21818,8,25200,1.00440003667
483765,483934,505782,169,21848,8,25200,1.00773526181
483934,483941,486449,7,2508,5,14400,1.00279106858
483945,483966,486508,21,2542,5,14400,1.00826121164
483965,483998,486514,33,2516,5,14400,1.01311605723
483996,484005,486285,9,2280,5,14400,1.00394736842
484007,484051,486204,44,2153,5,14400,1.02043660009
484048,484068,486655,20,2587,5,14400,1.0077309625
484069,484128,486476,59,2348,5,14400,1.02512776831
484131,484160,486436,29,2276,5,14400,1.01274165202
484162,484168,486514,6,2346,5,14400,1.00255754476
484173,484179,486582,6,2403,5,14400,1.0024968789
484183,484191,486922,8,2731,5,14400,1.00292932992
484194,484201,486988,7,2787,5,14400,1.00251166128
484205,484212,486683,7,2471,5,14400,1.00283286119
484216,484227,486642,11,2415,5,14400,1.00455486542
484226,484280,486809,54,2529,5,14400,1.02135231317
484278,484308,486825,30,2517,5,14400,1.01191895113
484309,484318,486723,9,2405,5,14400,1.00374220374
484319,484341,486834,22,2493,5,14400,1.00882470919
484340,484355,486635,15,2280,5,14400,1.00657894737
484351,484507,486976,156,2469,5,14400,1.06318347509
484504,484651,487192,147,2541,5,14400,1.05785123967
484648,484694,487303,46,2609,5,14400,1.01763127635
484699,484708,486993,9,2285,5,14400,1.00393873085
484710,484733,487501,23,2768,5,14400,1.00830924855
484731,484928,487339,197,2411,5,14400,1.08170883451
484904,563217,563220,78313,3,8,72000,7831.6
484904,563228,631721,78324,68493,8,72000,2.14353291577
484904,563223,599653,78319,36430,8,72000,3.14984902553
484905,563244,635248,78339,72004,8,72000,2.08798122327
484905,563239,563242,78334,3,8,72000,7833.7
484905,563233,563237,78328,4,8,72000,7833.2
484905,563249,635271,78344,72022,8,72000,2.08777873428
484906,563254,635292,78348,72038,8,72000,2.08759265943
484906,563260,599640,78354,36380,8,72000,3.15376580539
484906,563265,635296,78359,72031,8,72000,2.08785106413
484925,485958,488481,1033,2523,5,14400,1.40943321443
484990,485471,485820,481,349,2,14400,2.3782234957
485680,502686,517097,17006,14411,32,14400,2.18007077927
485725,486532,487824,807,1292,4,1800,1.6246130031
485956,486173,488920,217,2747,5,14400,1.07899526756
486071,487443,487799,1372,356,2,14400,4.85393258427
486171,486216,488846,45,2630,5,14400,1.01711026616
486212,486297,488655,85,2358,5,14400,1.03604749788
486294,486448,488661,154,2213,5,14400,1.06958879349
486448,486462,488965,14,2503,5,14400,1.00559328805
486458,486488,489356,30,2868,5,14400,1.01046025105
486490,486520,488726,30,2206,5,14400,1.01359927471
486521,486527,489055,6,2528,5,14400,1.00237341772
486531,486539,489524,8,2985,5,14400,1.002680067
486542,486594,489198,52,2604,5,14400,1.01996927803
486593,486646,489100,53,2454,5,14400,1.02159739201
486645,486654,489172,9,2518,5,14400,1.00357426529
486656,486667,488953,11,2286,5,14400,1.00481189851
486666,486696,488933,30,2237,5,14400,1.01341081806
486693,487448,487843,755,395,1,14400,2.91139240506
486697,486736,489016,39,2280,5,14400,1.01710526316
486739,486821,489286,82,2465,5,14400,1.03326572008
486821,486837,489734,16,2897,5,14400,1.00552295478
486842,486849,489130,7,2281,5,14400,1.00306882946
486852,486934,489931,82,2997,5,14400,1.02736069403
486934,486989,489505,55,2516,5,14400,1.02186009539
486986,487001,489402,15,2401,5,14400,1.00624739692
486996,487008,489537,12,2529,5,14400,1.00474495848
487007,487205,489921,198,2716,5,14400,1.07290132548
487155,489184,489442,2029,258,2,14400,8.86434108527
487202,487316,489655,114,2339,5,14400,1.04873877726
487314,487351,489670,37,2319,5,14400,1.01595515308
487355,487438,489985,83,2547,5,14400,1.03258735768
487437,487514,489798,77,2284,5,14400,1.03371278459
487509,487811,490050,302,2239,5,14400,1.13488164359
487649,557038,575240,69389,18202,3,86400,4.81216349852
487719,489298,489525,1579,227,2,14400,7.95594713656
487816,487837,490107,21,2270,5,14400,1.00925110132
487837,488495,490742,658,2247,5,14400,1.29283489097
488018,488024,489483,6,1459,1,14400,1.00411240576
488207,490361,491490,2154,1129,8,1800,2.90788308237
488498,488667,491255,169,2588,5,14400,1.06530139104
488635,563275,606952,74640,43677,2,86400,2.70890857889
488662,488674,491186,12,2512,5,14400,1.00477707006
488673,488739,491017,66,2278,5,14400,1.02897278314
488735,488859,491304,124,2445,5,14400,1.05071574642
488857,488932,491844,75,2912,5,14400,1.02575549451
488929,488945,491529,16,2584,5,14400,1.00619195046
488940,488965,491767,25,2802,5,14400,1.00892219843
488961,488978,491549,17,2571,5,14400,1.00661221315
488982,489029,491505,47,2476,5,14400,1.0189822294
489033,489068,491525,35,2457,5,14400,1.01424501425
489065,489142,489941,77,799,8,6000,1.09637046308
489087,489303,489818,216,515,1,1800,1.41941747573
489147,489210,490009,63,799,8,6000,1.0788485607
489209,489368,490165,159,797,8,6000,1.19949811794
489260,523504,528519,34244,5015,8,21600,7.82831505484
489364,489455,490249,91,794,8,6000,1.11460957179
489456,489536,490329,80,793,8,6000,1.10088272383
489538,489549,490355,11,806,8,6000,1.01364764268
489549,489685,490482,136,797,8,6000,1.17063989962
489682,489747,490544,65,797,8,6000,1.08155583438
489746,489810,490608,64,798,8,6000,1.08020050125
489808,489943,490737,135,794,8,6000,1.17002518892
489865,489872,490695,7,823,1,1800,1.0085054678
489941,489953,490752,12,799,8,6000,1.01501877347
489951,490021,490824,70,803,8,6000,1.08717310087
490023,490063,490869,40,806,8,6000,1.04962779156
490064,490121,490919,57,798,8,6000,1.07142857143
490116,490178,490985,62,807,8,6000,1.07682775713
490178,490261,491061,83,800,8,6000,1.10375
490244,512449,512460,22205,11,16,540000,2019.63636364
490260,490341,491151,81,810,8,6000,1.1
490342,490355,491168,13,813,8,6000,1.0159901599
490352,490368,491172,16,804,8,6000,1.01990049751
490363,490495,491308,132,813,8,6000,1.16236162362
490496,490556,491360,60,804,8,6000,1.07462686567
490558,490620,491425,62,805,8,6000,1.07701863354
490620,490749,491552,129,803,8,6000,1.16064757161
490645,518002,519362,27357,1360,2,21600,21.1154411765
490753,490764,491565,11,801,8,6000,1.01373283396
490764,490837,491641,73,804,8,6000,1.0907960199
490835,490880,491692,45,812,8,6000,1.05541871921
490877,490931,491736,54,805,8,6000,1.06708074534
490928,490997,491817,69,820,8,6000,1.08414634146
491000,491029,491825,29,796,8,6000,1.0364321608
491031,491073,491881,42,808,8,6000,1.05198019802
491072,491164,491972,92,808,8,6000,1.11386138614
491165,491181,491995,16,814,8,6000,1.01965601966
491186,491192,492000,6,808,8,6000,1.00742574257
491196,491203,492007,7,804,8,6000,1.00870646766
491207,491317,492128,110,811,8,6000,1.1356350185
491320,491326,492143,6,817,8,6000,1.00734394125
491330,491372,492179,42,807,8,6000,1.05204460967
491372,491438,492242,66,804,8,6000,1.08208955224
491384,519375,520195,27991,820,2,21600,35.1353658537
491433,491502,492346,69,844,8,6000,1.0817535545
491505,491517,492330,12,813,8,6000,1.0147601476
491516,491541,492355,25,814,8,6000,1.03071253071
491537,491564,492378,27,814,8,6000,1.03316953317
491568,491575,492394,7,819,8,6000,1.00854700855
491579,491586,492394,7,808,8,6000,1.00866336634
491589,491654,492462,65,808,8,6000,1.08044554455
491651,491668,492486,17,818,8,6000,1.02078239609
491672,491704,492522,32,818,8,6000,1.0391198044
491703,491749,492565,46,816,8,6000,1.05637254902
491744,491829,492672,85,843,8,6000,1.10083036773
491826,491837,492655,11,818,8,6000,1.01344743276
491837,491857,492666,20,809,8,6000,1.02472187886
491857,491892,492714,35,822,8,6000,1.04257907543
491889,491983,492798,94,815,8,6000,1.11533742331
491981,492008,492829,27,821,8,6000,1.03288672351
492012,492019,492829,7,810,8,6000,1.00864197531
492023,492029,492839,6,810,8,6000,1.00740740741
492034,492141,492959,107,818,8,6000,1.13080684597
492136,492155,492970,19,815,8,6000,1.02331288344
492157,492192,493010,35,818,8,6000,1.04278728606
492188,492254,493083,66,829,8,6000,1.07961399276
492250,492342,493167,92,825,8,6000,1.11151515152
492342,492358,493178,16,820,8,6000,1.01951219512
492363,492369,493183,6,814,8,6000,1.00737100737
492373,492390,493204,17,814,8,6000,1.02088452088
492394,492406,493223,12,817,8,6000,1.0146878825
492405,492412,493239,7,827,8,6000,1.0084643289
492416,492535,493353,119,818,8,6000,1.14547677262
492498,492578,492993,80,415,16,3600,1.19277108434
492520,492527,492865,7,338,2,2400,1.02071005917
492539,492583,493411,44,828,8,6000,1.05314009662
492580,492679,493506,99,827,8,6000,1.11970979444
492682,492846,493668,164,822,8,6000,1.199513382
492693,513420,513421,20727,1,1,18000,2072.8
492740,513433,513434,20693,1,1,18000,2069.4
492846,492852,493667,6,815,8,6000,1.00736196319
492857,493021,493847,164,826,8,6000,1.1985472155
492990,513446,513848,20456,402,1,18000,51.8855721393
493020,493096,493915,76,819,8,6000,1.0927960928
493092,493251,494081,159,830,8,6000,1.19156626506
493142,513860,513914,20718,54,1,18000,384.666666667
493156,502413,507867,9257,5454,64,5400,2.69728639531
493246,493371,494187,125,816,8,6000,1.15318627451
493266,493273,493300,7,27,64,3300,1.25925925926
493300,502120,502402,8820,282,128,3300,32.2765957447
493358,493365,494414,7,1049,64,3300,1.00667302193
493360,493423,494238,63,815,8,6000,1.0773006135
493411,493518,494347,107,829,8,6000,1.12907117008
493513,493679,494504,166,825,8,6000,1.20121212121
493677,493859,494685,182,826,8,6000,1.22033898305
493677,493686,494514,9,828,8,6000,1.01086956522
493851,493927,494760,76,833,8,6000,1.0912364946
493923,494092,494915,169,823,8,6000,1.20534629405
494086,494199,495025,113,826,8,6000,1.13680387409
494189,494251,495071,62,820,8,6000,1.0756097561
494240,494359,495182,119,823,8,6000,1.14459295261
494352,494516,495346,164,830,8,6000,1.19759036145
494456,494462,494876,6,414,16,3600,1.01449275362
494506,494526,495352,20,826,8,6000,1.02421307506
494516,494698,495515,182,817,8,6000,1.22276621787
494610,494616,494638,6,22,64,3300,1.27272727273
494690,494773,495601,83,828,8,6000,1.10024154589
494729,494736,495788,7,1052,64,3300,1.0066539924
494762,494926,495763,164,837,8,6000,1.19593787336
494925,495038,495865,113,827,8,6000,1.13663845224
495027,495084,495913,57,829,8,6000,1.0687575392
495079,495194,496024,115,830,8,6000,1.13855421687
495191,495358,496185,167,827,8,6000,1.20193470375
495355,495365,496191,10,826,8,6000,1.01210653753
495355,495527,496354,172,827,8,6000,1.20798065296
495519,495614,496448,95,834,8,6000,1.1139088729
495544,520208,521701,24664,1493,2,21600,17.5197588747
495611,495775,496604,164,829,8,6000,1.19782870929
495764,495877,496715,113,838,8,6000,1.13484486874
495867,495925,496757,58,832,8,6000,1.06971153846
495895,523509,524713,27614,1204,2,21600,23.9352159468
495920,496036,497683,116,1647,5,14400,1.07043108682
496033,496042,497573,9,1531,5,14400,1.00587851078
496033,496196,497611,163,1415,5,14400,1.11519434629
496166,507878,508065,11712,187,32,2700,63.6310160428
496187,496204,497899,17,1695,5,14400,1.01002949853
496198,496210,497792,12,1582,5,14400,1.00758533502
496209,496366,497779,157,1413,5,14400,1.11111111111
496218,502419,502647,6201,228,64,3300,28.1973684211
496362,496465,498039,103,1574,5,14400,1.06543837357
496362,496460,498092,98,1632,5,14400,1.06004901961
496465,496617,498050,152,1433,5,14400,1.10607117934
496608,496622,498334,14,1712,5,14400,1.00817757009
496618,496726,498115,108,1389,5,14400,1.0777537797
496721,496770,498488,49,1718,5,14400,1.02852153667
496731,496775,498278,44,1503,5,14400,1.02927478377
496772,497585,499025,813,1440,5,14400,1.56458333333
497578,497623,499167,45,1544,5,14400,1.02914507772
497619,497696,499151,77,1455,5,14400,1.0529209622
497691,497791,499501,100,1710,5,14400,1.05847953216
497783,497803,499645,20,1842,5,14400,1.0108577633
497794,497912,499535,118,1623,5,14400,1.07270486753
497906,498051,499618,145,1567,5,14400,1.09253350351
498049,498061,499497,12,1436,5,14400,1.00835654596
498060,498104,499630,44,1526,5,14400,1.02883355177
498101,498127,499907,26,1780,5,14400,1.01460674157
498122,498291,499898,169,1607,5,14400,1.10516490355
498286,498347,499853,61,1506,5,14400,1.04050464807
498337,498500,499913,163,1413,5,14400,1.11535739561
498490,499037,500878,547,1841,5,14400,1.29712112982
499031,499163,500723,132,1560,5,14400,1.08461538462
499154,499180,500591,26,1411,5,14400,1.01842664777
499175,499510,501072,335,1562,5,14400,1.21446862996
499501,499517,501087,16,1570,5,14400,1.0101910828
499512,499548,500914,36,1366,5,14400,1.02635431918
499543,499630,501508,87,1878,5,14400,1.04632587859
499625,499641,501175,16,1534,5,14400,1.01043024772
499636,499656,501279,20,1623,5,14400,1.0123228589
499646,499866,501572,220,1706,5,14400,1.12895662368
499861,499911,501504,50,1593,5,14400,1.03138731952
499902,499919,501323,17,1404,5,14400,1.01210826211
499913,499926,501299,13,1373,5,14400,1.00946831755
499923,500602,502380,679,1778,5,14400,1.38188976378
500596,500735,502382,139,1647,5,14400,1.08439587128
500729,500889,502335,160,1446,5,14400,1.11065006916
500883,500925,502357,42,1432,5,14400,1.02932960894
500924,501084,502783,160,1699,5,14400,1.09417304297
501077,501099,503054,22,1955,5,14400,1.01125319693
501088,501187,503065,99,1878,5,14400,1.05271565495
501180,501291,502915,111,1624,5,14400,1.06834975369
501282,501312,502885,30,1573,5,14400,1.01907183725
501303,501336,503151,33,1815,5,14400,1.01818181818
501324,501516,503305,192,1789,5,14400,1.10732252655
501508,501524,503012,16,1488,5,14400,1.01075268817
501519,501583,503118,64,1535,5,14400,1.04169381107
501581,502347,503805,766,1458,5,14400,1.52537722908
502345,502369,504030,24,1661,5,14400,1.01444912703
502366,502392,503925,26,1533,5,14400,1.01696020874
502387,502398,503987,11,1589,5,14400,1.00692259283
502397,502795,504319,398,1524,5,14400,1.26115485564
502785,502896,504715,111,1819,5,14400,1.06102253986
502887,502926,504450,39,1524,5,14400,1.02559055118
502918,503025,504640,107,1615,5,14400,1.06625386997
503021,503067,504868,46,1801,5,14400,1.02554136591
503062,503077,504769,15,1692,5,14400,1.00886524823
503073,503131,504655,58,1524,5,14400,1.03805774278
503124,503163,504579,39,1416,5,14400,1.02754237288
503155,503318,504940,163,1622,5,14400,1.10049321825
503309,503817,505595,508,1778,5,14400,1.28571428571
503808,503937,505449,129,1512,5,14400,1.08531746032
503931,504000,505707,69,1707,5,14400,1.04042179262
503993,504042,505953,49,1911,5,14400,1.02564102564
504034,504332,506043,298,1711,5,14400,1.17416715371
504330,504461,505990,131,1529,5,14400,1.08567691302
504453,504591,506155,138,1564,5,14400,1.08823529412
504586,504651,506171,65,1520,5,14400,1.04276315789
504648,504668,506071,20,1403,5,14400,1.0142551675
504658,504729,506152,71,1423,5,14400,1.0498945889
504720,504782,506423,62,1641,5,14400,1.03778184034
504771,504880,506811,109,1931,5,14400,1.05644743656
504874,504951,506407,77,1456,5,14400,1.05288461538
504946,505461,507409,515,1948,5,14400,1.26437371663
505456,505608,507315,152,1707,5,14400,1.08904510838
505599,505690,507183,91,1493,5,14400,1.06095110516
505681,505720,507370,39,1650,5,14400,1.02363636364
505691,505794,507721,103,1927,5,14400,1.05345096004
505722,505799,507331,77,1532,5,14400,1.05026109661
505794,505965,507413,171,1448,5,14400,1.11809392265
505958,506002,507608,44,1606,5,14400,1.02739726027
505999,506056,507459,57,1403,5,14400,1.04062722737
506051,506082,507513,31,1431,5,14400,1.02166317261
506071,506165,507542,94,1377,5,14400,1.06826434277
506153,506172,507544,19,1372,5,14400,1.0138483965
506164,506183,507819,19,1636,5,14400,1.01161369193
506175,506418,508061,243,1643,5,14400,1.14790018259
506409,506436,507959,27,1523,5,14400,1.01772816809
506430,506824,508409,394,1585,5,14400,1.24858044164
506733,513926,514022,7193,96,1,198000,75.9270833333
506818,507196,509132,378,1936,5,14400,1.19524793388
507185,507327,508958,142,1631,5,14400,1.08706315144
507318,507343,509297,25,1954,5,14400,1.01279426817
507340,507383,509124,43,1741,5,14400,1.02469844917
507371,507421,509126,50,1705,5,14400,1.0293255132
507412,507427,509071,15,1644,5,14400,1.00912408759
507428,507526,508026,98,500,8,6000,1.196
507469,507554,508056,85,502,8,6000,1.16932270916
507530,507620,508117,90,497,8,6000,1.18108651911
507551,507733,508244,182,511,8,6000,1.35616438356
507623,507972,508476,349,504,8,6000,1.69246031746
507827,508038,508545,211,507,8,6000,1.41617357002
508031,508068,508571,37,503,8,6000,1.07355864811
508062,508075,508582,13,507,8,6000,1.02564102564
508073,508096,508610,23,514,8,6000,1.04474708171
508094,508104,508612,10,508,8,6000,1.01968503937
508105,508128,508628,23,500,8,6000,1.046
508125,508256,508756,131,500,8,6000,1.262
508258,508487,508997,229,510,8,6000,1.44901960784
508493,508556,509066,63,510,8,6000,1.12352941176
508555,508582,509086,27,504,8,6000,1.05357142857
508586,508593,509096,7,503,8,6000,1.01391650099
508596,508639,509148,43,509,8,6000,1.08447937132
508617,508768,509275,151,507,8,6000,1.29783037475
508638,508971,509477,333,506,8,6000,1.6581027668
508771,509010,509520,239,510,8,6000,1.46862745098
509006,509079,509586,73,507,8,6000,1.14398422091
509067,509099,509610,32,511,8,6000,1.0626223092
509078,509109,509623,31,514,8,6000,1.06031128405
509099,509137,509652,38,515,8,6000,1.07378640777
509109,509144,509655,35,511,8,6000,1.06849315068
509140,509160,509672,20,512,8,6000,1.0390625
509141,509288,509797,147,509,8,6000,1.28880157171
509162,509308,509812,146,504,8,6000,1.28968253968
509284,509489,509993,205,504,8,6000,1.40674603175
509478,509532,510041,54,509,8,6000,1.10609037328
509530,509598,510108,68,510,8,6000,1.13333333333
509591,509621,510148,30,527,8,6000,1.0569259962
509612,509635,510143,23,508,8,6000,1.04527559055
509633,509664,510179,31,515,8,6000,1.06019417476
509654,509671,510186,17,515,8,6000,1.03300970874
509665,509684,510202,19,518,8,6000,1.03667953668
509675,509809,510319,134,510,8,6000,1.26274509804
509798,509825,510338,27,513,8,6000,1.05263157895
509819,510005,510515,186,510,8,6000,1.36470588235
510002,510053,510575,51,522,8,6000,1.09770114943
510044,510120,510634,76,514,8,6000,1.14785992218
510115,510155,510681,40,526,8,6000,1.07604562738
510146,510162,510677,16,515,8,6000,1.03106796117
510157,510192,510705,35,513,8,6000,1.06822612086
510188,510199,510713,11,514,8,6000,1.02140077821
510188,510215,510730,27,515,8,6000,1.05242718447
510210,510332,510856,122,524,8,6000,1.23282442748
510322,510349,510872,27,523,8,6000,1.05162523901
510343,510528,511044,185,516,8,6000,1.35852713178
510517,510587,511101,70,514,8,6000,1.13618677043
510578,510646,511157,68,511,8,6000,1.13307240705
510640,510689,511205,49,516,8,6000,1.09496124031
510681,510696,511211,15,515,8,6000,1.02912621359
510691,510716,511234,25,518,8,6000,1.04826254826
510712,510725,511241,13,516,8,6000,1.02519379845
510723,510742,511261,19,519,8,6000,1.0366088632
510734,510868,511383,134,515,8,6000,1.26019417476
510856,510884,511400,28,516,8,6000,1.05426356589
510877,511056,511574,179,518,8,6000,1.34555984556
511051,511112,511634,61,522,8,6000,1.11685823755
511102,511170,511688,68,518,8,6000,1.13127413127
511164,511218,511737,54,519,8,6000,1.10404624277
511215,511225,511752,10,527,8,6000,1.01897533207
511216,511246,511772,30,526,8,6000,1.05703422053
511236,511253,511774,17,521,8,6000,1.03262955854
511247,511274,511797,27,523,8,6000,1.05162523901
511268,511395,511922,127,527,8,6000,1.24098671727
511391,511413,511939,22,526,8,6000,1.04182509506
511402,511586,512108,184,522,8,6000,1.35249042146
511575,511647,512180,72,533,8,6000,1.13508442777
511637,511700,512224,63,524,8,6000,1.12022900763
511698,511749,512276,51,527,8,6000,1.09677419355
511740,511765,512286,25,521,8,6000,1.04798464491
511760,511784,512315,24,531,8,6000,1.04519774011
511782,511810,512327,28,517,8,6000,1.05415860735
511782,511791,512316,9,525,8,6000,1.01714285714
511803,511934,512460,131,526,8,6000,1.24904942966
511926,511951,512483,25,532,8,6000,1.0469924812
511947,512120,512646,173,526,8,6000,1.3288973384
512110,512193,512719,83,526,8,6000,1.15779467681
512182,512237,512764,55,527,8,6000,1.10436432638
512233,512289,512815,56,526,8,6000,1.10646387833
512285,512299,512827,14,528,8,6000,1.02651515152
512295,512328,512855,33,527,8,6000,1.06261859583
512316,512335,512864,19,529,8,6000,1.0359168242
512327,512341,512878,14,537,8,6000,1.0260707635
512338,512482,512996,144,514,8,6000,1.28015564202
512460,512494,513024,34,530,8,6000,1.0641509434
512491,512658,513191,167,533,8,6000,1.31332082552
512655,512731,513274,76,543,8,6000,1.13996316759
512726,512776,513312,50,536,8,6000,1.09328358209
512768,512827,513352,59,525,8,6000,1.11238095238
512819,512839,513365,20,526,8,6000,1.03802281369
512830,512873,513407,43,534,8,6000,1.08052434457
512861,512880,513408,19,528,8,6000,1.03598484848
512871,512890,513429,19,539,8,6000,1.03525046382
512882,513009,513538,127,529,8,6000,1.24007561437
513005,513037,513566,32,529,8,6000,1.06049149338
513026,513204,513736,178,532,8,6000,1.33458646617
513199,513286,513819,87,533,8,6000,1.16322701689
513942,562924,563201,48982,277,128,3300,177.83032491
513964,523236,523482,9272,246,64,3300,38.6910569106
513987,517108,517294,3121,186,32,3000,17.7795698925
513988,517305,517490,3317,185,32,3000,18.9297297297
514017,517501,517662,3484,161,16,2400,22.6397515528
514073,514800,515101,727,301,4,1800,3.41528239203
514106,514433,514789,327,356,8,2400,1.91853932584
514141,514147,514421,6,274,2,2400,1.02189781022
514156,514438,514662,282,224,1,1800,2.25892857143
514202,514443,514822,241,379,1,2400,1.63588390501
514276,514834,515297,558,463,1,2700,2.20518358531
515874,515880,515881,6,1,2,540,1.0
527083,527090,527091,7,1,2,3540,1.0
527712,527718,527886,6,168,1,3600,1.03571428571
528066,528073,528414,7,341,1,3600,1.02052785924
528773,528780,529631,7,851,1,3600,1.00822561692
530904,530910,531020,6,110,1,3600,1.05454545455
531195,531201,531513,6,312,1,3600,1.01923076923
531247,531253,531422,6,169,1,3600,1.03550295858
531595,531602,531948,7,346,1,3600,1.02023121387
531998,532005,532596,7,591,1,3600,1.01184433164
532301,532308,533086,7,778,1,3600,1.00899742931
534118,534124,537659,6,3535,4,14400,1.00169731259
534351,534357,534468,6,111,1,3600,1.05405405405
534646,534652,534966,6,314,1,3600,1.01910828025
534979,534986,535107,7,121,1,1800,1.05785123967
535410,535416,535511,6,95,1,1800,1.06315789474
535448,535455,536047,7,592,1,3600,1.01182432432
536189,536195,536763,6,568,1,1800,1.01056338028
537659,537669,547152,10,9483,4,14400,1.00105451861
538542,538549,538595,7,46,1,1800,1.15217391304
538649,538655,538767,6,112,1,1800,1.05357142857
538919,538925,539004,6,79,1,1800,1.07594936709
539092,539098,539209,6,111,1,1800,1.05405405405
539912,539918,540482,6,564,1,1800,1.01063829787
539982,539989,540279,7,290,1,1800,1.02413793103
542405,542413,542457,8,44,1,1800,1.18181818182
542797,542804,542872,7,68,1,1800,1.10294117647
543900,543906,544181,6,275,1,1800,1.02181818182
544213,544224,566890,11,22666,8,25200,1.00048530839
544213,544219,566121,6,21902,8,25200,1.00027394758
544214,544231,566157,17,21926,8,25200,1.00077533522
544215,544236,566277,21,22041,8,25200,1.00095276984
544215,544242,565972,27,21730,8,25200,1.00124252186
544216,544247,566002,31,21755,8,25200,1.00142495978
544217,544258,566337,41,22079,8,25200,1.00185696816
544217,544252,566052,35,21800,8,25200,1.00160550459
544218,544263,565886,45,21623,8,25200,1.00208111733
544219,544268,566286,49,22018,8,25200,1.0022254519
544219,566133,585534,21914,19401,8,25200,2.1295294057
544220,566902,585533,22682,18631,8,25200,2.21743331007
544244,566289,585534,22045,19245,8,25200,2.14549233567
544244,566169,585534,21925,19365,8,25200,2.1321972631
544245,565984,585535,21739,19551,8,25200,2.11191243415
544246,566013,585534,21767,19521,8,25200,2.11505558117
544246,566064,585534,21818,19470,8,25200,2.12059578839
544247,566349,585535,22102,19186,8,25200,2.151985823
544248,565901,585534,21653,19633,8,25200,2.1028879947
544248,566297,585534,22049,19237,8,25200,2.14617663877
547198,570378,570385,23180,7,4,36000,2318.7
547199,570411,570413,23212,2,4,36000,2321.4
547199,570397,570399,23198,2,4,36000,2320.0
547200,570424,570426,23224,2,4,36000,2322.6
547201,570437,570439,23236,2,4,36000,2323.8
547374,563281,563289,15907,8,16,540000,1591.5
552323,552334,552624,11,290,16,600,1.03793103448
552690,552698,552742,8,44,16,600,1.18181818182
553032,553039,553088,7,49,16,600,1.14285714286
553335,553341,553373,6,32,16,600,1.1875
553398,563291,578643,9893,15352,8,21600,1.64441115164
553708,553714,553794,6,80,16,600,1.075
553741,563304,568922,9563,5618,8,21600,2.70220719117
553742,563316,570361,9574,7045,8,21600,2.35897799858
553742,563311,567582,9569,4271,8,21600,3.24045890892
554131,554138,554188,7,50,16,600,1.14
554687,554693,554743,6,50,16,600,1.12
554823,554830,554896,7,66,16,600,1.10606060606
555115,555122,555130,7,8,16,600,1.5
555216,555223,555313,7,90,16,600,1.07777777778
555409,555416,555478,7,62,16,600,1.11290322581
555768,555776,555847,8,71,16,600,1.11267605634
555847,555853,555899,6,46,16,600,1.13043478261
555988,555995,556048,7,53,16,600,1.1320754717
556277,570372,578262,14095,7890,2,50400,2.78643852978
556372,556379,556522,7,143,16,600,1.04895104895
556521,556527,556590,6,63,16,600,1.09523809524
556648,556655,556972,7,317,16,3600,1.02208201893
556894,563286,581659,6392,18373,16,86400,1.34790181244
557005,563299,581521,6294,18222,16,36000,1.3454066513
563425,568933,663061,5508,94128,16,540000,1.05851606323
566883,567594,567595,711,1,2,540,71.2
570540,570559,570561,19,2,4,36000,2.1
570540,570546,570548,6,2,4,36000,1.0
570541,570573,570575,32,2,4,36000,3.4
570542,570586,570588,44,2,4,36000,4.6
570543,570599,570601,56,2,4,36000,5.8
570654,570660,570662,6,2,4,36000,1.0
570655,570687,570689,32,2,4,36000,3.4
570655,570674,570676,19,2,4,36000,2.1
570656,570700,570702,44,2,4,36000,4.6
570657,570713,570715,56,2,4,36000,5.8
570729,572715,574158,1986,1443,4,36000,2.3762993763
570729,570735,572702,6,1967,4,36000,1.00305033045
570730,574169,575672,3439,1503,4,36000,3.2880904857
570731,577206,578688,6475,1482,4,36000,5.36909581646
570731,575678,577200,4947,1522,4,36000,4.25032851511
574557,574563,597649,6,23086,1,86400,1.00025989777
578499,578505,578516,6,11,3,86400,1.54545454545
579318,579324,665732,6,86408,3,86400,1.00006943801
579864,579870,582375,6,2505,2,7200,1.00239520958
581165,581173,581175,8,2,1,7200,1.0
581170,581179,581182,9,3,2,7200,1.2
581300,581306,581309,6,3,2,7200,1.0
581302,581313,581315,11,2,1,7200,1.3
581357,581363,581974,6,611,1,7200,1.00981996727
581359,581369,582666,10,1297,2,7200,1.00771010023
581522,581532,657611,10,76079,16,324000,1.00013144232
581659,582402,657615,743,75213,16,288000,1.00987861141
582143,582572,582766,429,194,4,36000,3.21134020619
582203,582386,582391,183,5,16,36000,18.8
582386,582392,582393,6,1,1,18000,1.0
582406,582412,582413,6,1,1,18000,1.0
582425,582431,582595,6,164,1,18000,1.03658536585
582585,582591,582593,6,2,1,18000,1.0
583904,583910,591245,6,7335,2,7200,1.00081799591
585087,585545,585702,458,157,8,21600,3.91719745223
585631,585637,585638,6,1,1,7200,1.0
585633,585643,585644,10,1,2,7200,1.1
585674,585680,589324,6,3644,1,7200,1.00164654226
585686,585692,589983,6,4291,2,7200,1.00139827546
585695,585706,607819,11,22113,8,28800,1.00049744494
585695,585701,608436,6,22735,8,28800,1.00026391027
585696,585713,607717,17,22004,8,28800,1.0007725868
585697,585718,608142,21,22424,8,28800,1.00093649661
585698,585729,607448,31,21719,8,28800,1.0014273217
585698,585723,607467,25,21744,8,28800,1.00114974246
585699,585734,607537,35,21803,8,28800,1.00160528368
585700,586454,608341,754,21887,8,28800,1.03444967332
585700,586447,608423,747,21976,8,28800,1.03399162723
585701,585740,607485,39,21745,8,28800,1.00179351575
585702,607830,629722,22128,21892,8,28800,2.01078019368
585702,608447,630791,22745,22344,8,28800,2.01794665235
585711,607729,630027,22018,22298,8,28800,1.98744281998
585712,608154,630071,22442,21917,8,28800,2.0239540083
585713,607479,629935,21766,22456,8,28800,1.96927324546
585713,607461,629844,21748,22383,8,28800,1.9716302551
585714,607548,629208,21834,21660,8,28800,2.008033241
585715,607497,629287,21782,21790,8,28800,1.99963285911
585715,608352,630547,22637,22195,8,28800,2.01991439513
585716,608435,630019,22719,21584,8,28800,2.05258524833
585717,629735,650872,44018,21137,8,28800,3.0825093438
585717,630803,650872,45086,20069,8,28800,3.24654940455
585718,630039,650872,44321,20833,8,28800,3.12744203907
585719,630082,650872,44363,20790,8,28800,3.13386243386
585722,629856,650872,44134,21016,8,28800,3.10001903312
585722,629946,650872,44224,20926,8,28800,3.11335181114
585723,629221,650872,43498,21651,8,28800,3.00905269964
585724,629299,650872,43575,21573,8,28800,3.01988596857
585724,630558,650873,44834,20315,8,28800,3.20694068422
585725,630030,650874,44305,20844,8,28800,3.12555171752
591627,591634,591636,7,2,2,3540,1.0
592299,592305,595570,6,3265,16,36000,1.00183767228
593001,593008,594920,7,1912,4,36000,1.00366108787
594200,595582,597125,1382,1543,16,36000,1.89565780946
596154,596161,855379,7,259218,8,259200,1.0000270043
