SubmitTime,StartTime,EndTime,QueuedTime,RunTime,NodesRequested,walltime,bslowdown
164,774,3964,610,3190,2,7200,1.19122257053
179,823,4143,644,3320,2,7200,1.19397590361
414,828,4526,414,3698,2,7200,1.11195240671
438,896,4297,458,3401,2,7200,1.13466627463
604,906,4355,302,3449,2,7200,1.08756161206
674,915,4551,241,3636,2,7200,1.06628162816
722,1032,4498,310,3466,2,7200,1.08944027698
746,1070,3991,324,2921,2,7200,1.11092091749
761,1107,4459,346,3352,2,7200,1.10322195704
807,1139,4565,332,3426,2,7200,1.09690601284
808,1164,4462,356,3298,2,7200,1.10794420861
884,1287,4544,403,3257,2,7200,1.12373349708
899,1364,4509,465,3145,2,7200,1.14785373609
901,1693,5050,792,3357,2,7200,1.23592493298
1019,1747,5022,728,3275,2,7200,1.22229007634
1056,1865,5117,809,3252,2,7200,1.2487699877
1095,1963,5315,868,3352,2,7200,1.25894988067
1125,2221,5441,1096,3220,2,7200,1.34037267081
1153,2243,5752,1090,3509,2,7200,1.31062980906
1274,2328,5784,1054,3456,2,7200,1.30497685185
1353,2337,5654,984,3317,2,7200,1.29665360265
1680,2391,6003,711,3612,2,7200,1.19684385382
1734,2407,5762,673,3355,2,7200,1.20059612519
1852,2481,5676,629,3195,2,7200,1.19687010955
1950,2486,6168,536,3682,2,7200,1.14557305812
2209,2495,5859,286,3364,2,7200,1.08501783591
2230,2500,5897,270,3397,2,7200,1.07948189579
2315,2509,5675,194,3166,2,7200,1.06127605812
2330,2514,5924,184,3410,2,7200,1.05395894428
2378,2572,6201,194,3629,2,7200,1.05345825296
2393,2592,6037,199,3445,2,7200,1.05776487663
2467,2604,6121,137,3517,2,7200,1.03895365368
2468,2613,6707,145,4094,2,7200,1.03541768442
2483,2618,5925,135,3307,2,7200,1.04082249773
2484,2625,6399,141,3774,2,7200,1.0373608903
2486,2631,5839,145,3208,2,7200,1.04519950125
2501,2666,5948,165,3282,2,7200,1.05027422303
2559,2675,6181,116,3506,2,7200,1.03308613805
2581,2683,6180,102,3497,2,7200,1.02916785816
2596,2688,5956,92,3268,2,7200,1.02815177479
2598,2723,6342,125,3619,2,7200,1.03453992816
2599,2737,6175,138,3438,2,7200,1.04013961606
2614,2746,6334,132,3588,2,7200,1.03678929766
2615,2755,5844,140,3089,2,7200,1.04532211072
2655,2760,5909,105,3149,2,7200,1.0333439187
2671,2777,6204,106,3427,2,7200,1.0309308433
2672,2786,5923,114,3137,2,7200,1.03634045266
2673,2791,6178,118,3387,2,7200,1.03483909064
2710,2800,5973,90,3173,2,7200,1.02836432398
2725,2805,6094,80,3289,2,7200,1.02432350258
2740,2810,6052,70,3242,2,7200,1.02159161012
2741,2819,6275,78,3456,2,7200,1.02256944444
2756,2828,6294,72,3466,2,7200,1.02077322562
2771,2833,6527,62,3694,2,7200,1.01678397401
2773,2838,6480,65,3642,2,7200,1.01784733663
2774,2846,6415,72,3569,2,7200,1.02017371813
2789,2864,6164,75,3300,2,7200,1.02272727273
2791,2877,6090,86,3213,2,7200,1.02676626206
2792,2886,6592,94,3706,2,7200,1.02536427415
2808,2906,6289,98,3383,2,7200,1.02896837127
2809,2921,6286,112,3365,2,7200,1.03328380386
2824,2930,6215,106,3285,2,7200,1.03226788432
2826,2935,6302,109,3367,2,7200,1.03237303237
2841,2940,6366,99,3426,2,7200,1.0288966725
2858,2949,6377,91,3428,2,7200,1.02654609102
2873,2954,6382,81,3428,2,7200,1.02362893816
2874,2959,6171,85,3212,2,7200,1.02646326276
2893,2982,6236,89,3254,2,7200,1.02735095267
2908,2996,6251,88,3255,2,7200,1.02703533026
2909,3009,6439,100,3430,2,7200,1.02915451895
2925,3018,6353,93,3335,2,7200,1.02788605697
2927,3049,6553,122,3504,2,7200,1.0348173516
2928,3059,6442,131,3383,2,7200,1.0387230269
2943,3067,6355,124,3288,2,7200,1.03771289538
2944,3074,6465,130,3391,2,7200,1.03833677381
2969,3080,6437,111,3357,2,7200,1.03306523682
2984,3085,6532,101,3447,2,7200,1.02930084131
3001,3090,6256,89,3166,2,7200,1.0281111813
3003,3095,6310,92,3215,2,7200,1.02861586314
3038,3101,6641,63,3540,2,7200,1.01779661017
3053,3106,6534,53,3428,2,7200,1.01546091015
3054,3111,6281,57,3170,2,7200,1.01798107256
3069,3119,6281,50,3162,2,7200,1.01581277672
3100,3124,6298,24,3174,2,7200,1.00756143667
3118,3133,6445,15,3312,2,7200,1.00452898551
3133,3141,6378,8,3237,2,7200,1.00247142416
3151,3159,6560,8,3401,2,7200,1.00235224934
3166,3173,6546,7,3373,2,7200,1.00207530388
3181,3189,6599,8,3410,2,7200,1.00234604106
3183,3198,6676,15,3478,2,7200,1.00431282346
3290,3297,6669,7,3372,2,7200,1.00207591934
3421,3429,6857,8,3428,2,7200,1.00233372229
3491,3500,6731,9,3231,2,7200,1.00278551532
3750,3757,6889,7,3132,2,7200,1.00223499361
3786,3793,6859,7,3066,2,7200,1.00228310502
3965,3972,7414,7,3442,2,7200,1.00203370134
3994,4001,7482,7,3481,2,7200,1.0020109164
3995,4010,7389,15,3379,2,7200,1.00443918319
4100,4108,7403,8,3295,2,7200,1.00242792109
4147,4154,7453,7,3299,2,7200,1.00212185511
4165,4172,7803,7,3631,2,7200,1.00192784357
4180,4187,7466,7,3279,2,7200,1.00213479719
4268,4277,7740,9,3463,2,7200,1.00259890269
4298,4305,7623,7,3318,2,7200,1.00210970464
4356,4364,8041,8,3677,2,7200,1.0021756867
4459,4467,7896,8,3429,2,7200,1.0023330417
4474,4483,7940,9,3457,2,7200,1.00260341336
4498,4505,7841,7,3336,2,7200,1.00209832134
4513,4522,7624,9,3102,2,7200,1.00290135397
4528,4536,7741,8,3205,2,7200,1.00249609984
4546,4555,7949,9,3394,2,7200,1.00265173836
4561,4568,8221,7,3653,2,7200,1.00191623323
4576,4584,7835,8,3251,2,7200,1.0024607813
5022,5031,8228,9,3197,2,7200,1.00281513919
5053,5060,8401,7,3341,2,7200,1.00209518108
5120,5129,8697,9,3568,2,7200,1.00252242152
5316,5324,8672,8,3348,2,7200,1.00238948626
5443,5451,8769,8,3318,2,7200,1.00241109102
5655,5664,9016,9,3352,2,7200,1.0026849642
5677,5685,9302,8,3617,2,7200,1.00221177772
5678,5693,8966,15,3273,2,7200,1.00458295142
5754,5762,9146,8,3384,2,7200,1.00236406619
5769,5776,9641,7,3865,2,7200,1.00181112549
5784,5793,9280,9,3487,2,7200,1.0025810152
5841,5849,9119,8,3270,2,7200,1.00244648318
5856,5866,9252,10,3386,2,7200,1.00295333727
5871,5879,9271,8,3392,2,7200,1.00235849057
5899,5906,9050,7,3144,2,7200,1.0022264631
5914,5923,9028,9,3105,2,7200,1.00289855072
5929,5940,9126,11,3186,2,7200,1.00345260515
5931,5945,9251,14,3306,2,7200,1.00423472474
5932,5952,9213,20,3261,2,7200,1.00613308801
5950,5961,9343,11,3382,2,7200,1.00325251331
5965,5973,9494,8,3521,2,7200,1.00227208179
5980,5990,9245,10,3255,2,7200,1.00307219662
6005,6013,9235,8,3222,2,7200,1.00248292986
6038,6047,9513,9,3466,2,7200,1.0025966532
6053,6060,9278,7,3218,2,7200,1.00217526414
6092,6101,9549,9,3448,2,7200,1.00261020882
6107,6117,9603,10,3486,2,7200,1.00286861733
6122,6129,9449,7,3320,2,7200,1.00210843373
6165,6172,9590,7,3418,2,7200,1.00204798128
6181,6191,9485,10,3294,2,7200,1.00303582271
6182,6196,9392,14,3196,2,7200,1.00438047559
6183,6204,9472,21,3268,2,7200,1.00642594859
6185,6209,9452,24,3243,2,7200,1.00740055504
6186,6214,9653,28,3439,2,7200,1.00814190172
6187,6219,9459,32,3240,2,7200,1.00987654321
6203,6227,9454,24,3227,2,7200,1.00743724822
6218,6232,9574,14,3342,2,7200,1.00418910832
6219,6237,9628,18,3391,2,7200,1.00530816868
6237,6245,9413,8,3168,2,7200,1.00252525253
6252,6260,9608,8,3348,2,7200,1.00238948626
6268,6275,9580,7,3305,2,7200,1.00211800303
6283,6292,9595,9,3303,2,7200,1.00272479564
6284,6301,9589,17,3288,2,7200,1.0051703163
6286,6306,9607,20,3301,2,7200,1.00605877007
6301,6315,10161,14,3846,2,7200,1.00364014561
6303,6320,9633,17,3313,2,7200,1.00513130094
6304,6325,9966,21,3641,2,7200,1.00576764625
6305,6331,9820,26,3489,2,7200,1.00745199197
6321,6339,9807,18,3468,2,7200,1.00519031142
6322,6345,9736,23,3391,2,7200,1.00678265998
6337,6354,9794,17,3440,2,7200,1.00494186047
6352,6362,9674,10,3312,2,7200,1.00301932367
6368,6375,9747,7,3372,2,7200,1.00207591934
6369,6384,9764,15,3380,2,7200,1.00443786982
6371,6389,9789,18,3400,2,7200,1.00529411765
6386,6398,9947,12,3549,2,7200,1.00338123415
6387,6403,9798,16,3395,2,7200,1.00471281296
6389,6408,9813,19,3405,2,7200,1.00558002937
6404,6417,10034,13,3617,2,7200,1.00359413879
6419,6428,10021,9,3593,2,7200,1.00250487058
6440,6450,9855,10,3405,2,7200,1.00293685756
6442,6458,9802,16,3344,2,7200,1.004784689
6457,6466,9985,9,3519,2,7200,1.00255754476
6458,6471,9868,13,3397,2,7200,1.00382690609
6474,6484,9647,10,3163,2,7200,1.00316155549
6489,6498,10181,9,3683,2,7200,1.00244366006
6530,6539,10064,9,3525,2,7200,1.00255319149
6549,6557,9592,8,3035,2,7200,1.00263591433
6551,6565,10139,14,3574,2,7200,1.00391717963
6552,6570,10154,18,3584,2,7200,1.00502232143
6568,6579,9749,11,3170,2,7200,1.00347003155
6569,6584,9942,15,3358,2,7200,1.00446694461
6593,6603,9928,10,3325,2,7200,1.0030075188
6609,6618,9806,9,3188,2,7200,1.00282308657
6644,6651,9810,7,3159,2,7200,1.0022158911
6671,6678,9941,7,3263,2,7200,1.00214526509
6687,6696,9855,9,3159,2,7200,1.00284900285
6709,6717,10080,8,3363,2,7200,1.00237882843
6734,6743,10420,9,3677,2,7200,1.00244764754
6859,6866,10042,7,3176,2,7200,1.00220403023
6860,6875,10451,15,3576,2,7200,1.00419463087
6890,6898,10606,8,3708,2,7200,1.0021574973
7391,7400,11003,9,3603,2,7200,1.0024979184
7406,7413,10996,7,3583,2,7200,1.00195367011
7421,7431,10776,10,3345,2,7200,1.00298953662
7454,7461,10683,7,3222,2,7200,1.00217256363
7469,7479,10868,10,3389,2,7200,1.00295072293
7484,7494,10984,10,3490,2,7200,1.00286532951
7625,7632,10876,7,3244,2,7200,1.00215782984
7626,7641,11045,15,3404,2,7200,1.00440658049
7742,7751,11312,9,3561,2,7200,1.00252737995
7744,7760,11358,16,3598,2,7200,1.00444691495
7807,7816,11365,9,3549,2,7200,1.00253592561
7835,7842,11362,7,3520,2,7200,1.00198863636
7850,7857,11224,7,3367,2,7200,1.00207900208
7899,7906,11585,7,3679,2,7200,1.00190269095
7942,7949,11113,7,3164,2,7200,1.00221238938
7957,7967,11559,10,3592,2,7200,1.00278396437
7966,9657,15594,1691,5937,1,46800,1.28482398518
8042,8049,11525,7,3476,2,7200,1.00201380898
8224,8231,11580,7,3349,2,7200,1.00209017617
8240,8247,11814,7,3567,2,7200,1.00196243342
8262,27165,35424,18903,8259,18,36000,3.28877588086
8381,27170,63185,18789,36015,18,36000,1.52169929196
8402,8411,12025,9,3614,2,7200,1.00249031544
8674,8681,12310,7,3629,2,7200,1.00192890603
8698,8705,12382,7,3677,2,7200,1.00190372586
8712,8719,8720,7,1,2,3540,1.0
8771,8778,12221,7,3443,2,7200,1.00203311066
8968,8975,12442,7,3467,2,7200,1.00201903663
9017,9024,12792,7,3768,2,7200,1.00185774947
9032,9039,12581,7,3542,2,7200,1.00197628458
9050,9057,12546,7,3489,2,7200,1.00200630553
9120,9127,12402,7,3275,2,7200,1.00213740458
9135,9144,12530,9,3386,2,7200,1.00265800354
9150,9157,12775,7,3618,2,7200,1.00193477059
9215,9224,12456,9,3232,2,7200,1.00278465347
9236,9246,12497,10,3251,2,7200,1.00307597662
9252,9263,12475,11,3212,2,7200,1.00342465753
9253,9268,12529,15,3261,2,7200,1.00459981601
9255,9273,12992,18,3719,2,7200,1.00484001076
9276,9284,12717,8,3433,2,7200,1.00233032333
9291,9299,12459,8,3160,2,7200,1.00253164557
9293,9308,12748,15,3440,2,7200,1.00436046512
9304,9362,9530,58,168,1,3600,1.34523809524
9308,9316,12716,8,3400,2,7200,1.00235294118
9345,9353,12748,8,3395,2,7200,1.00235640648
9394,9401,12673,7,3272,2,7200,1.0021393643
9415,9422,12697,7,3275,2,7200,1.00213740458
9452,9459,12699,7,3240,2,7200,1.00216049383
9453,9468,12869,15,3401,2,7200,1.00441046751
9453,9945,18502,492,8557,1,108000,1.05749678626
9469,9476,12666,7,3190,2,7200,1.00219435737
9470,9483,12876,13,3393,2,7200,1.00383141762
9485,9492,13048,7,3556,2,7200,1.00196850394
9486,9501,12839,15,3338,2,7200,1.00449370881
9501,9510,12927,9,3417,2,7200,1.00263388938
9517,9950,18632,433,8682,1,108000,1.04987330108
9517,9524,12949,7,3425,2,7200,1.00204379562
9550,9557,13070,7,3513,2,7200,1.00199259892
9574,9582,13054,8,3472,2,7200,1.00230414747
9590,9599,13221,9,3622,2,7200,1.00248481502
9591,9608,13126,17,3518,2,7200,1.00483229107
9593,9613,12806,20,3193,2,7200,1.00626370185
9608,9622,12990,14,3368,2,7200,1.0041567696
9610,9627,13053,17,3426,2,7200,1.00496205487
9611,9632,12856,21,3224,2,7200,1.00651364764
9612,9638,12941,26,3303,2,7200,1.00787163185
9614,9643,12789,29,3146,2,7200,1.00921805467
9629,9652,13105,23,3453,2,7200,1.0066608746
9644,9666,12975,22,3309,2,7200,1.0066485343
9646,9671,13011,25,3340,2,7200,1.00748502994
9661,9678,13445,17,3767,2,7200,1.00451287497
9662,9683,13040,21,3357,2,7200,1.00625558534
9677,9693,13027,16,3334,2,7200,1.00479904019
9707,9754,10092,47,338,1,3600,1.13905325444
9738,9745,13046,7,3301,2,7200,1.00212056952
9753,9762,13070,9,3308,2,7200,1.00272067715
9755,9770,13055,15,3285,2,7200,1.00456621005
9770,9779,13267,9,3488,2,7200,1.00258027523
9791,9798,13334,7,3536,2,7200,1.00197963801
9807,9815,13413,8,3598,2,7200,1.00222345748
9808,9822,13437,14,3615,2,7200,1.00387275242
9809,9828,13158,19,3330,2,7200,1.00570570571
9811,9833,12950,22,3117,2,7200,1.00705806866
9812,9838,13117,26,3279,2,7200,1.00792924672
9827,9846,13612,19,3766,2,7200,1.00504514073
9829,9852,13392,23,3540,2,7200,1.00649717514
9830,9857,13080,27,3223,2,7200,1.00837728824
9858,9866,13418,8,3552,2,7200,1.00225225225
9859,9874,13293,15,3419,2,7200,1.00438724773
9874,9883,13288,9,3405,2,7200,1.00264317181
9929,9936,13371,7,3435,2,7200,1.00203784571
9945,9959,13087,14,3128,2,7200,1.00447570332
9946,9964,13386,18,3422,2,7200,1.00526008182
9961,9973,13581,12,3608,2,7200,1.00332594235
9976,9986,13072,10,3086,2,7200,1.0032404407
9991,10002,13525,11,3523,2,7200,1.00312233892
10022,10031,13697,9,3666,2,7200,1.00245499182
10037,10044,13699,7,3655,2,7200,1.00191518468
10052,10061,13594,9,3533,2,7200,1.00254741013
10067,10076,13346,9,3270,2,7200,1.00275229358
10082,10089,13147,7,3058,2,7200,1.00228907783
10140,10149,13713,9,3564,2,7200,1.00252525253
10155,10163,13472,8,3309,2,7200,1.00241764884
10170,10180,13675,10,3495,2,7200,1.00286123033
10185,10194,13695,9,3501,2,7200,1.00257069409
10420,10428,13949,8,3521,2,7200,1.00227208179
10437,10470,11304,33,834,1,3600,1.03956834532
10454,10461,13905,7,3444,2,7200,1.00203252033
10607,10615,14310,8,3695,2,7200,1.00216508796
10683,10692,14277,9,3585,2,7200,1.00251046025
10778,10785,14251,7,3466,2,7200,1.00201961916
10869,10878,14185,9,3307,2,7200,1.00272149985
10884,10895,14174,11,3279,2,7200,1.00335468131
10987,10994,14543,7,3549,2,7200,1.00197238659
11002,11014,14602,12,3588,2,7200,1.00334448161
11003,11019,14502,16,3483,2,7200,1.00459374103
11047,11056,14297,9,3241,2,7200,1.0027769207
11114,11124,14197,10,3073,2,7200,1.00325414904
11225,11233,14625,8,3392,2,7200,1.00235849057
11313,11320,14872,7,3552,2,7200,1.00197072072
11357,11364,14799,7,3435,2,7200,1.00203784571
11372,11379,14924,7,3545,2,7200,1.00197461213
11374,11389,14662,15,3273,2,7200,1.00458295142
11525,11535,14968,10,3433,2,7200,1.00291290417
11557,11566,15006,9,3440,2,7200,1.00261627907
11582,11589,14989,7,3400,2,7200,1.00205882353
11597,11604,15181,7,3577,2,7200,1.00195694716
11817,11826,15387,9,3561,2,7200,1.00252737995
12026,12035,15773,9,3738,2,7200,1.00240770465
12223,12230,15431,7,3201,2,7200,1.00218681662
12312,12320,15784,8,3464,2,7200,1.00230946882
12382,12389,15467,7,3078,2,7200,1.00227420403
12403,12413,15818,10,3405,2,7200,1.00293685756
12443,12450,15857,7,3407,2,7200,1.00205459348
12458,12465,15939,7,3474,2,7200,1.00201496834
12459,12474,16055,15,3581,2,7200,1.00418877409
12478,12485,15861,7,3376,2,7200,1.00207345972
12500,12509,16136,9,3627,2,7200,1.00248138958
12530,12539,15996,9,3457,2,7200,1.00260341336
12531,12548,16332,17,3784,2,7200,1.00449260042
12541,12564,12680,23,116,1,3600,1.19827586207
12546,12555,15995,9,3440,2,7200,1.00261627907
12583,12590,15796,7,3206,2,7200,1.00218340611
12667,12677,15983,10,3306,2,7200,1.00302480339
12683,12693,16001,10,3308,2,7200,1.00302297461
12698,12705,16349,7,3644,2,7200,1.00192096597
12713,12720,15979,7,3259,2,7200,1.00214789813
12728,12735,16070,7,3335,2,7200,1.00209895052
12729,12742,16331,13,3589,2,7200,1.00362217888
12747,12755,16087,8,3332,2,7200,1.00240096038
12749,12764,16240,15,3476,2,7200,1.00431530495
12776,12783,15813,7,3030,2,7200,1.00231023102
12791,12800,16230,9,3430,2,7200,1.00262390671
12792,12809,16475,17,3666,2,7200,1.00463720676
12808,12816,16317,8,3501,2,7200,1.00228506141
12838,12845,13004,7,159,1,3600,1.04402515723
12841,12854,16167,13,3313,2,7200,1.00392393601
12849,12890,13210,41,320,1,3600,1.128125
12857,12867,16754,10,3887,2,7200,1.00257267816
12873,12881,16489,8,3608,2,7200,1.0022172949
12888,12899,16368,11,3469,2,7200,1.00317094263
12927,12941,16295,14,3354,2,7200,1.00417412045
12942,12955,16184,13,3229,2,7200,1.00402601425
12957,12966,16272,9,3306,2,7200,1.00272232305
12959,12972,16082,13,3110,2,7200,1.00418006431
12977,12989,16313,12,3324,2,7200,1.0036101083
12992,13005,16468,13,3463,2,7200,1.00375397055
12993,13014,16281,21,3267,2,7200,1.00642791552
13012,13023,16784,11,3761,2,7200,1.00292475405
13030,13039,16617,9,3578,2,7200,1.00251537172
13045,13054,16413,9,3359,2,7200,1.00267936886
13061,13070,16271,9,3201,2,7200,1.00281162137
13062,13076,16722,14,3646,2,7200,1.00383982447
13063,13085,16116,22,3031,2,7200,1.00725833058
13065,13090,16713,25,3623,2,7200,1.00690035882
13066,13096,16282,30,3186,2,7200,1.00941619586
13082,13105,16515,23,3410,2,7200,1.00674486804
13083,13110,16606,27,3496,2,7200,1.00772311213
13084,13115,16366,31,3251,2,7200,1.00953552753
13086,13121,16329,35,3208,2,7200,1.01091022444
13102,13129,16131,27,3002,2,7200,1.008994004
13120,13135,16806,15,3671,2,7200,1.00408608009
13121,13140,16454,19,3314,2,7200,1.00573325287
13136,13149,16691,13,3542,2,7200,1.0036702428
13151,13160,16321,9,3161,2,7200,1.00284720025
13166,13175,16675,9,3500,2,7200,1.00257142857
13189,13220,13574,31,354,1,3600,1.08757062147
13222,13231,16572,9,3341,2,7200,1.00269380425
13269,13278,16564,9,3286,2,7200,1.00273889227
13290,13298,16811,8,3513,2,7200,1.00227725591
13305,13314,16801,9,3487,2,7200,1.0025810152
13333,13340,16882,7,3542,2,7200,1.00197628458
13348,13357,16573,9,3216,2,7200,1.00279850746
13372,13381,16834,9,3453,2,7200,1.00260642919
13388,13397,16914,9,3517,2,7200,1.00255899915
13403,13410,16609,7,3199,2,7200,1.00218818381
13418,13426,16947,8,3521,2,7200,1.00227208179
13419,13435,17233,16,3798,2,7200,1.00421274355
13438,13446,17076,8,3630,2,7200,1.00220385675
13453,13461,16845,8,3384,2,7200,1.00236406619
13474,13483,16963,9,3480,2,7200,1.0025862069
13526,13535,17077,9,3542,2,7200,1.00254093732
13581,13588,17030,7,3442,2,7200,1.00203370134
13596,13605,17395,9,3790,2,7200,1.00237467018
13611,13618,16926,7,3308,2,7200,1.00211608222
13675,13682,17129,7,3447,2,7200,1.00203075138
13689,13696,14318,7,622,1,3600,1.01125401929
13696,13704,16938,8,3234,2,7200,1.00247371676
13711,13720,17155,9,3435,2,7200,1.00262008734
13712,13729,16866,17,3137,2,7200,1.00541919031
13727,13737,17360,10,3623,2,7200,1.00276014353
13907,13915,16963,8,3048,2,7200,1.00262467192
13933,14193,15025,260,832,1,3600,1.3125
13950,13959,17342,9,3383,2,7200,1.00266036063
14175,14184,17580,9,3396,2,7200,1.00265017668
14190,14202,17527,12,3325,2,7200,1.00360902256
14205,14213,17356,8,3143,2,7200,1.00254533885
14251,14265,17541,14,3276,2,7200,1.00427350427
14279,14291,17751,12,3460,2,7200,1.00346820809
14297,14311,17702,14,3391,2,7200,1.00412857564
14314,14326,17815,12,3489,2,7200,1.00343938091
14503,14512,18039,9,3527,2,7200,1.00255174369
14543,14550,18049,7,3499,2,7200,1.00200057159
14603,14612,18100,9,3488,2,7200,1.00258027523
14627,14635,17972,8,3337,2,7200,1.0023973629
14664,14673,18051,9,3378,2,7200,1.0026642984
14801,14809,18002,8,3193,2,7200,1.00250548074
14874,14881,17939,7,3058,2,7200,1.00228907783
14926,14933,18068,7,3135,2,7200,1.00223285486
14968,14975,18339,7,3364,2,7200,1.00208085612
14989,14996,18130,7,3134,2,7200,1.00223356733
15007,15016,18655,9,3639,2,7200,1.00247320692
15183,15192,18458,9,3266,2,7200,1.00275566442
15388,15395,19077,7,3682,2,7200,1.00190114068
15434,15441,18693,7,3252,2,7200,1.00215252153
15468,15475,19033,7,3558,2,7200,1.00196739741
15775,15782,18842,7,3060,2,7200,1.0022875817
15790,15800,19109,10,3309,2,7200,1.00302206105
15805,15815,19018,10,3203,2,7200,1.00312207306
15821,15830,19258,9,3428,2,7200,1.00262543757
15822,15835,19028,13,3193,2,7200,1.0040714062
15858,15867,19281,9,3414,2,7200,1.00263620387
15873,15882,19194,9,3312,2,7200,1.0027173913
15940,15949,19369,9,3420,2,7200,1.00263157895
15980,15987,19280,7,3293,2,7200,1.00212572123
15995,16004,19872,9,3868,2,7200,1.00232678387
15996,16013,19286,17,3273,2,7200,1.00519401161
16011,16022,19444,11,3422,2,7200,1.00321449445
16013,16027,19626,14,3599,2,7200,1.00388996944
16058,16067,19600,9,3533,2,7200,1.00254741013
16073,16081,19538,8,3457,2,7200,1.00231414521
16088,16097,19500,9,3403,2,7200,1.00264472524
16090,16102,19153,12,3051,2,7200,1.00393313668
16117,16126,19807,9,3681,2,7200,1.00244498778
16132,16139,19674,7,3535,2,7200,1.00198019802
16147,16156,19516,9,3360,2,7200,1.00267857143
16165,16173,19424,8,3251,2,7200,1.0024607813
16184,16191,19521,7,3330,2,7200,1.0021021021
16210,16217,16325,7,108,1,3600,1.06481481481
16233,16240,19517,7,3277,2,7200,1.00213610009
16248,16257,19462,9,3205,2,7200,1.00280811232
16272,16281,19305,9,3024,2,7200,1.00297619048
16274,16290,19482,16,3192,2,7200,1.00501253133
16290,16299,19691,9,3392,2,7200,1.00265330189
16291,16306,19374,15,3068,2,7200,1.00488917862
16307,16315,19755,8,3440,2,7200,1.0023255814
16322,16332,20017,10,3685,2,7200,1.00271370421
16323,16337,19681,14,3344,2,7200,1.00418660287
16325,16346,19732,21,3386,2,7200,1.00620200827
16340,16355,19468,15,3113,2,7200,1.00481850305
16341,16360,19787,19,3427,2,7200,1.00554420776
16343,16365,19877,22,3512,2,7200,1.0062642369
16358,16375,19606,17,3231,2,7200,1.00526152894
16373,16384,20038,11,3654,2,7200,1.00301039956
16374,16389,19477,15,3088,2,7200,1.00485751295
16414,16423,19513,9,3090,2,7200,1.00291262136
16453,16462,19839,9,3377,2,7200,1.00266508736
16469,16476,19820,7,3344,2,7200,1.00209330144
16484,16491,19790,7,3299,2,7200,1.00212185511
16492,16501,16824,9,323,1,3600,1.02786377709
16499,16510,19962,11,3452,2,7200,1.00318655852
16510,16519,16629,9,110,1,1800,1.08181818182
16517,16526,19870,9,3344,2,7200,1.00269138756
16566,16575,19635,9,3060,2,7200,1.00294117647
16581,16589,20302,8,3713,2,7200,1.00215459197
16582,16594,20246,12,3652,2,7200,1.00328587076
16610,16618,20408,8,3790,2,7200,1.00211081794
16611,16627,19916,16,3289,2,7200,1.00486470052
16626,16636,19934,10,3298,2,7200,1.00303214069
16675,16682,20141,7,3459,2,7200,1.00202370627
16693,16701,20183,8,3482,2,7200,1.00229753016
16715,16724,20194,9,3470,2,7200,1.00259365994
16733,16743,20084,10,3341,2,7200,1.00299311583
16755,16762,20481,7,3719,2,7200,1.0018822264
16786,16794,20039,8,3245,2,7200,1.00246533128
16804,16813,20079,9,3266,2,7200,1.00275566442
16819,16828,20136,9,3308,2,7200,1.00272067715
16821,16833,20340,12,3507,2,7200,1.00342172797
16836,16846,20471,10,3625,2,7200,1.00275862069
16851,16859,20001,8,3142,2,7200,1.00254614895
16866,16873,20181,7,3308,2,7200,1.00211608222
16884,16893,20210,9,3317,2,7200,1.00271329515
16914,16924,20237,10,3313,2,7200,1.00301841232
16929,16937,20334,8,3397,2,7200,1.00235501913
16936,16946,17069,10,123,1,1800,1.08130081301
16945,16955,20273,10,3318,2,7200,1.00301386377
16960,16968,20378,8,3410,2,7200,1.00234604106
16976,16985,20475,9,3490,2,7200,1.00257879656
16977,16994,20442,17,3448,2,7200,1.00493039443
17033,17040,20368,7,3328,2,7200,1.00210336538
17079,17087,20337,8,3250,2,7200,1.00246153846
17080,17094,20288,14,3194,2,7200,1.00438321853
17130,17139,20379,9,3240,2,7200,1.00277777778
17157,17164,20644,7,3480,2,7200,1.00201149425
17234,17241,20482,7,3241,2,7200,1.00215982721
17260,17269,17865,9,596,1,3600,1.01510067114
17343,17352,20659,9,3307,2,7200,1.00272149985
17358,17365,20748,7,3383,2,7200,1.00206916938
17373,17381,20734,8,3353,2,7200,1.00238592305
17397,17406,20856,9,3450,2,7200,1.00260869565
17528,17535,20968,7,3433,2,7200,1.00203903292
17543,17550,20715,7,3165,2,7200,1.00221169036
17583,17590,20833,7,3243,2,7200,1.00215849522
17704,17712,21351,8,3639,2,7200,1.00219840616
17738,17747,18245,9,498,1,1800,1.01807228916
17752,17760,21149,8,3389,2,7200,1.00236057834
17816,17825,20872,9,3047,2,7200,1.00295372498
17941,17949,21079,8,3130,2,7200,1.00255591054
17974,17981,21759,7,3778,2,7200,1.00185283219
18005,18014,21448,9,3434,2,7200,1.00262085032
18041,18050,21454,9,3404,2,7200,1.0026439483
18057,18066,21528,9,3462,2,7200,1.00259965338
18058,18071,21262,13,3191,2,7200,1.00407395801
18073,18081,21496,8,3415,2,7200,1.00234260615
18100,18107,21475,7,3368,2,7200,1.0020783848
18131,18138,21746,7,3608,2,7200,1.00194013304
18341,18348,21623,7,3275,2,7200,1.00213740458
18459,18467,22207,8,3740,2,7200,1.00213903743
18655,18663,22216,8,3553,2,7200,1.00225161835
18692,18699,22107,7,3408,2,7200,1.00205399061
18844,18851,22553,7,3702,2,7200,1.0018908698
19020,19029,22546,9,3517,2,7200,1.00255899915
19035,19046,22653,11,3607,2,7200,1.00304962573
19037,19051,22377,14,3326,2,7200,1.00420926037
19079,19086,22477,7,3391,2,7200,1.00206428782
19110,19119,22502,9,3383,2,7200,1.00266036063
19156,19165,22825,9,3660,2,7200,1.00245901639
19196,19205,22731,9,3526,2,7200,1.00255246739
19259,19268,22690,9,3422,2,7200,1.00263004091
19281,19288,22749,7,3461,2,7200,1.00202253684
19282,19297,22609,15,3312,2,7200,1.00452898551
19298,19306,22485,8,3179,2,7200,1.00251651463
19313,19321,22945,8,3624,2,7200,1.00220750552
19372,19379,22596,7,3217,2,7200,1.00217594032
19387,19397,22554,10,3157,2,7200,1.00316756414
19424,19433,22661,9,3228,2,7200,1.00278810409
19445,19454,22959,9,3505,2,7200,1.00256776034
19464,19473,23189,9,3716,2,7200,1.0024219591
19479,19486,22690,7,3204,2,7200,1.00218476904
19480,19495,22666,15,3171,2,7200,1.00473036897
19495,19504,22938,9,3434,2,7200,1.00262085032
19510,19520,23021,10,3501,2,7200,1.00285632676
19526,19537,23306,11,3769,2,7200,1.00291854603
19527,19542,22985,15,3443,2,7200,1.0043566657
19529,19547,23014,18,3467,2,7200,1.00519180848
19530,19556,22908,26,3352,2,7200,1.00775656325
19545,19561,22894,16,3333,2,7200,1.00480048005
19600,19607,23113,7,3506,2,7200,1.0019965773
19615,19624,22950,9,3326,2,7200,1.0027059531
19630,19638,23212,8,3574,2,7200,1.00223838836
19645,19652,23131,7,3479,2,7200,1.00201207243
19675,19684,22964,9,3280,2,7200,1.00274390244
19691,19699,23184,8,3485,2,7200,1.00229555237
19692,19704,23392,12,3688,2,7200,1.0032537961
19734,19742,23102,8,3360,2,7200,1.00238095238
19756,19763,23120,7,3357,2,7200,1.00208519511
19789,19796,23300,7,3504,2,7200,1.00199771689
19791,19806,23346,15,3540,2,7200,1.00423728814
19809,19818,23180,9,3362,2,7200,1.00267697799
19824,19831,23444,7,3613,2,7200,1.0019374481
19842,19849,23296,7,3447,2,7200,1.00203075138
19873,19881,23254,8,3373,2,7200,1.00237177587
19874,19889,23207,15,3318,2,7200,1.00452079566
19886,19904,19952,18,48,1,1800,1.375
19889,19899,23304,10,3405,2,7200,1.00293685756
19917,19926,23184,9,3258,2,7200,1.00276243094
19935,19944,23261,9,3317,2,7200,1.00271329515
19965,19974,23423,9,3449,2,7200,1.00260945202
20002,20009,23466,7,3457,2,7200,1.00202487706
20020,20027,23416,7,3389,2,7200,1.00206550605
20041,20050,23345,9,3295,2,7200,1.00273141123
20042,20059,23483,17,3424,2,7200,1.00496495327
20079,20089,23384,10,3295,2,7200,1.00303490137
20095,20102,23474,7,3372,2,7200,1.00207591934
20138,20145,23245,7,3100,2,7200,1.00225806452
20153,20161,23405,8,3244,2,7200,1.00246609125
20184,20191,23555,7,3364,2,7200,1.00208085612
20185,20200,23744,15,3544,2,7200,1.00423250564
20199,20214,20325,15,111,1,1800,1.13513513514
20200,20209,23734,9,3525,2,7200,1.00255319149
20215,20224,23647,9,3423,2,7200,1.00262927257
20239,20249,23588,10,3339,2,7200,1.00299490866
20244,20258,20337,14,79,1,1800,1.17721518987
20255,20266,23520,11,3254,2,7200,1.00338045482
20276,20285,23949,9,3664,2,7200,1.00245633188
20291,20298,23661,7,3363,2,7200,1.00208147487
20306,20315,23755,9,3440,2,7200,1.00261627907
20336,20343,23739,7,3396,2,7200,1.00206124853
20337,20350,23543,13,3193,2,7200,1.0040714062
20353,20362,23895,9,3533,2,7200,1.00254741013
20371,20378,23772,7,3394,2,7200,1.00206246317
20386,20396,24009,10,3613,2,7200,1.00276778301
20388,20401,24047,13,3646,2,7200,1.00356555129
20411,20420,24051,9,3631,2,7200,1.00247865602
20444,20452,23872,8,3420,2,7200,1.00233918129
20473,20482,23845,9,3363,2,7200,1.00267618198
20488,20499,23856,11,3357,2,7200,1.00327673518
20490,20505,24015,15,3510,2,7200,1.00427350427
20491,20513,23815,22,3302,2,7200,1.00666262871
20644,20653,23869,9,3216,2,7200,1.00279850746
20646,20662,20775,16,113,1,1800,1.14159292035
20661,20669,24254,8,3585,2,7200,1.00223152022
20715,20724,23769,9,3045,2,7200,1.00295566502
20736,20743,24216,7,3473,2,7200,1.00201554852
20752,20759,24110,7,3351,2,7200,1.00208892868
20835,20845,24333,10,3488,2,7200,1.00286697248
20857,20864,24350,7,3486,2,7200,1.00200803213
20872,20879,24241,7,3362,2,7200,1.00208209399
20969,20978,24375,9,3397,2,7200,1.00264939653
21079,21086,24204,7,3118,2,7200,1.00224502886
21152,21161,24339,9,3178,2,7200,1.00283196979
21218,21227,21515,9,288,1,1800,1.03125
21265,21272,24739,7,3467,2,7200,1.00201903663
21353,21362,24692,9,3330,2,7200,1.0027027027
21450,21458,24640,8,3182,2,7200,1.00251414205
21455,21467,22038,12,571,1,1800,1.02101576182
21465,21476,24663,11,3187,2,7200,1.00345152181
21480,21488,25030,8,3542,2,7200,1.00225861095
21499,21509,25100,10,3591,2,7200,1.00278473963
21530,21537,24707,7,3170,2,7200,1.00220820189
21624,21631,25314,7,3683,2,7200,1.00190062449
21749,21757,24864,8,3107,2,7200,1.00257483103
21764,21771,25025,7,3254,2,7200,1.00215119852
22107,22116,25319,9,3203,2,7200,1.00280986575
22208,22215,25659,7,3444,2,7200,1.00203252033
22223,22233,25800,10,3567,2,7200,1.00280347631
22378,22387,25674,9,3287,2,7200,1.00273805902
22479,22486,25779,7,3293,2,7200,1.00212572123
22494,22504,25993,10,3489,2,7200,1.00286615076
22509,22518,25692,9,3174,2,7200,1.00283553875
22549,22558,25742,9,3184,2,7200,1.00282663317
22564,22571,25942,7,3371,2,7200,1.00207653515
22565,22578,25855,13,3277,2,7200,1.00396704303
22596,22604,26071,8,3467,2,7200,1.00230747044
22611,22618,25777,7,3159,2,7200,1.0022158911
22654,22661,26343,7,3682,2,7200,1.00190114068
22669,22677,25965,8,3288,2,7200,1.00243309002
22671,22686,25915,15,3229,2,7200,1.00464540105
22689,22696,26198,7,3502,2,7200,1.0019988578
22704,22712,25887,8,3175,2,7200,1.00251968504
22732,22740,25988,8,3248,2,7200,1.00246305419
22750,22757,26066,7,3309,2,7200,1.00211544273
22824,22832,26248,8,3416,2,7200,1.00234192037
22897,22908,26105,11,3197,2,7200,1.00344072568
22912,22921,26387,9,3466,2,7200,1.0025966532
22939,22946,26262,7,3316,2,7200,1.00211097708
22955,22963,26152,8,3189,2,7200,1.00250862339
22956,22972,26272,16,3300,2,7200,1.00484848485
22971,22981,26283,10,3302,2,7200,1.0030284676
22973,22988,26469,15,3481,2,7200,1.00430910658
22988,22995,26271,7,3276,2,7200,1.00213675214
23015,23022,26186,7,3164,2,7200,1.00221238938
23030,23037,26193,7,3156,2,7200,1.00221799747
23104,23111,26720,7,3609,2,7200,1.00193959546
23119,23127,26882,8,3755,2,7200,1.00213049268
23134,23141,26574,7,3433,2,7200,1.00203903292
23135,23150,26804,15,3654,2,7200,1.00410509031
23181,23188,26576,7,3388,2,7200,1.0020661157
23196,23204,26362,8,3158,2,7200,1.00253324889
23198,23211,26934,13,3723,2,7200,1.00349180768
23199,23216,26610,17,3394,2,7200,1.00500883913
23215,23225,26575,10,3350,2,7200,1.00298507463
23217,23231,26461,14,3230,2,7200,1.00433436533
23246,23254,26747,8,3493,2,7200,1.00229029488
23262,23270,26904,8,3634,2,7200,1.00220143093
23263,23275,26372,12,3097,2,7200,1.00387471747
23297,23305,26765,8,3460,2,7200,1.00231213873
23313,23322,27032,9,3710,2,7200,1.00242587601
23314,23327,26813,13,3486,2,7200,1.00372920252
23315,23333,27067,18,3734,2,7200,1.00482056776
23347,23355,26659,8,3304,2,7200,1.00242130751
23348,23364,26933,16,3569,2,7200,1.00448304847
23388,23397,26611,9,3214,2,7200,1.00280024891
23403,23411,26578,8,3167,2,7200,1.00252604989
23418,23426,27081,8,3655,2,7200,1.00218878249
23420,23435,26791,15,3356,2,7200,1.00446960667
23435,23444,27153,9,3709,2,7200,1.00242653006
23450,23459,26754,9,3295,2,7200,1.00273141123
23468,23477,26982,9,3505,2,7200,1.00256776034
23483,23493,26754,10,3261,2,7200,1.003066544
23485,23498,26770,13,3272,2,7200,1.00397310513
23522,23530,27061,8,3531,2,7200,1.00226564713
23543,23550,26733,7,3183,2,7200,1.00219918316
23558,23567,27063,9,3496,2,7200,1.00257437071
23588,23597,26700,9,3103,2,7200,1.00290041895
23649,23656,26805,7,3149,2,7200,1.00222292791
23664,23671,27152,7,3481,2,7200,1.0020109164
23734,23741,27205,7,3464,2,7200,1.00202078522
23749,23757,27109,8,3352,2,7200,1.00238663484
23751,23783,27070,32,3287,2,7200,1.00973532096
23766,23792,27180,26,3388,2,7200,1.00767414404
23781,23859,27198,78,3339,2,7200,1.02336028751
23782,23883,27357,101,3474,2,7200,1.02907311457
23816,23891,26880,75,2989,2,7200,1.02509200401
23846,23909,27500,63,3591,2,7200,1.01754385965
23861,23963,27384,102,3421,2,7200,1.02981584332
23876,24062,27408,186,3346,2,7200,1.0555887627
23878,24071,27654,193,3583,2,7200,1.05386547586
23896,24269,27639,373,3370,2,7200,1.11068249258
23933,23942,23992,9,50,1,1800,1.18
23950,24347,27699,397,3352,2,7200,1.11843675418
24011,24654,27921,643,3267,2,7200,1.19681665136
24026,25113,28685,1087,3572,2,7200,1.30431131019
24047,25790,29398,1743,3608,2,7200,1.48309312639
24063,25928,29381,1865,3453,2,7200,1.54011004923
24111,26001,29460,1890,3459,2,7200,1.54640069384
24206,26080,29582,1874,3502,2,7200,1.53512278698
24222,26211,29618,1989,3407,2,7200,1.58379806281
24243,26284,29846,2041,3562,2,7200,1.57299270073
24258,26385,29980,2127,3595,2,7200,1.5916550765
24322,24330,24406,8,76,1,1800,1.10526315789
24335,26400,29748,2065,3348,2,7200,1.61678614098
24350,26474,29620,2124,3146,2,7200,1.67514303878
24352,26482,29951,2130,3469,2,7200,1.6140098011
24378,26589,30157,2211,3568,2,7200,1.61967488789
24641,26597,29876,1956,3279,2,7200,1.59652333028
24663,26623,29919,1960,3296,2,7200,1.59466019417
24693,26671,30314,1978,3643,2,7200,1.54295909964
24708,26713,29889,2005,3176,2,7200,1.63129722922
24741,26732,30456,1991,3724,2,7200,1.53464017186
24864,26746,30112,1882,3366,2,7200,1.55912061794
25028,26760,30078,1732,3318,2,7200,1.52200120555
25029,26767,30110,1738,3343,2,7200,1.51989231229
25102,26783,30374,1681,3591,2,7200,1.46811473127
25314,26818,30512,1504,3694,2,7200,1.40714672442
25329,26826,30282,1497,3456,2,7200,1.43315972222
25416,25424,25716,8,292,1,1800,1.02739726027
25660,26893,30592,1233,3699,2,7200,1.33333333333
25675,26916,30452,1241,3536,2,7200,1.35096153846
25693,26994,30181,1301,3187,2,7200,1.4082208974
25742,27079,30229,1337,3150,2,7200,1.42444444444
25778,27086,31555,1308,4469,2,7200,1.29268292683
25780,27121,30515,1341,3394,2,7200,1.39510901591
25801,27186,30482,1385,3296,2,7200,1.42020631068
25856,27191,30522,1335,3331,2,7200,1.40078054638
25889,27196,30587,1307,3391,2,7200,1.38543202595
25914,27201,30562,1287,3361,2,7200,1.38292174948
25944,27207,30687,1263,3480,2,7200,1.36293103448
25965,27212,30821,1247,3609,2,7200,1.3455250762
25989,27217,30465,1228,3248,2,7200,1.37807881773
26004,27222,30907,1218,3685,2,7200,1.33052917232
26068,27227,30566,1159,3339,2,7200,1.34710991315
26083,27233,30663,1150,3430,2,7200,1.33527696793
26107,27238,30506,1131,3268,2,7200,1.34608323133
26153,27243,30569,1090,3326,2,7200,1.32772098617
26187,27248,30757,1061,3509,2,7200,1.30236534625
26203,27254,30546,1051,3292,2,7200,1.31925880923
26204,27259,30557,1055,3298,2,7200,1.31989084294
26249,27264,30702,1015,3438,2,7200,1.29522978476
26265,27269,30673,1004,3404,2,7200,1.29494712103
26280,27275,30634,995,3359,2,7200,1.29621911283
26281,27280,30415,999,3135,2,7200,1.31866028708
26296,27285,30387,989,3102,2,7200,1.31882656351
26344,27290,30709,946,3419,2,7200,1.27668909038
26362,27295,30766,933,3471,2,7200,1.26879861711
26377,27301,30552,924,3251,2,7200,1.28422023993
26393,27306,30668,913,3362,2,7200,1.27156454491
26463,27311,30693,848,3382,2,7200,1.25073920757
26478,27316,30626,838,3310,2,7200,1.25317220544
26576,27322,30838,746,3516,2,7200,1.21217292378
26577,27327,30567,750,3240,2,7200,1.23148148148
26578,27332,30823,754,3491,2,7200,1.21598395875
26594,27337,30774,743,3437,2,7200,1.21617689846
26613,27343,30868,730,3525,2,7200,1.20709219858
26614,27348,30887,734,3539,2,7200,1.20740322125
26660,27353,30928,693,3575,2,7200,1.19384615385
26700,27358,30706,658,3348,2,7200,1.19653524492
26722,27363,30825,641,3462,2,7200,1.1851530907
26738,27369,30827,631,3458,2,7200,1.18247541932
26756,27374,30987,618,3613,2,7200,1.17104898976
26758,27379,30678,621,3299,2,7200,1.18823886026
26759,27384,30988,625,3604,2,7200,1.17341842397
26778,27390,30509,612,3119,2,7200,1.19621673613
26779,27397,30781,618,3384,2,7200,1.18262411348
26794,27403,30704,609,3301,2,7200,1.18448954862
26809,27408,30855,599,3447,2,7200,1.17377429649
26811,27413,30764,602,3351,2,7200,1.17964786631
26826,27418,30511,592,3093,2,7200,1.19139993534
26881,27424,30519,543,3095,2,7200,1.17544426494
26882,27431,31033,549,3602,2,7200,1.15241532482
26904,27512,31066,608,3554,2,7200,1.17107484524
26934,27651,31186,717,3535,2,7200,1.20282885431
26935,27666,31241,731,3575,2,7200,1.20447552448
26981,27711,31108,730,3397,2,7200,1.21489549603
27033,27934,31376,901,3442,2,7200,1.26176641488
27064,28697,31856,1633,3159,2,7200,1.51693573916
27065,29394,32880,2329,3486,2,7200,1.66810097533
27081,29410,32920,2329,3510,2,7200,1.66353276353
27082,29472,33049,2390,3577,2,7200,1.66815767403
27083,29594,33048,2511,3454,2,7200,1.72698320787
27108,29631,32968,2523,3337,2,7200,1.75606832484
27150,29638,33016,2488,3378,2,7200,1.73653049142
27165,29760,33061,2595,3301,2,7200,1.78612541654
27180,29858,33207,2678,3349,2,7200,1.79964168408
27198,29888,33223,2690,3335,2,7200,1.80659670165
27214,29901,33741,2687,3840,2,7200,1.69973958333
27357,29931,33356,2574,3425,2,7200,1.75153284672
27385,29963,33428,2578,3465,2,7200,1.74401154401
27410,29992,33559,2582,3567,2,7200,1.7238575834
27445,30386,37960,2941,7574,2,72000,1.38830208608
27503,30090,33616,2587,3526,2,7200,1.73369256948
27641,30122,33503,2481,3381,2,7200,1.7338065661
27656,30129,33781,2473,3652,2,7200,1.67716319825
27699,30169,33509,2470,3340,2,7200,1.73952095808
27922,30194,33536,2272,3342,2,7200,1.67983243567
28686,30242,33789,1556,3547,2,7200,1.43868057513
29384,30295,33730,911,3435,2,7200,1.26521106259
29400,30326,33732,926,3406,2,7200,1.271873165
29461,30400,33908,939,3508,2,7200,1.26767388826
29582,30427,33849,845,3422,2,7200,1.24693161894
29619,30464,33681,845,3217,2,7200,1.26266708113
29634,30472,33912,838,3440,2,7200,1.24360465116
29749,30479,33731,730,3252,2,7200,1.22447724477
29841,30494,33687,653,3193,2,7200,1.20450986533
29876,30519,33745,643,3226,2,7200,1.19931804092
29891,30527,33957,636,3430,2,7200,1.18542274052
29922,30532,34040,610,3508,2,7200,1.17388825542
29952,30537,33844,585,3307,2,7200,1.17689749017
29980,30546,33910,566,3364,2,7200,1.16825208086
30078,30551,33881,473,3330,2,7200,1.14204204204
30111,30556,34025,445,3469,2,7200,1.12827904295
30126,30563,34002,437,3439,2,7200,1.1270718232
30160,30572,34360,412,3788,2,7200,1.10876451954
30181,30577,33969,396,3392,2,7200,1.11674528302
30230,30585,33661,355,3076,2,7200,1.11540962289
30282,30590,34145,308,3555,2,7200,1.08663853727
30313,30595,33779,282,3184,2,7200,1.0885678392
30374,30600,33758,226,3158,2,7200,1.07156428119
30389,30607,33828,218,3221,2,7200,1.06768084446
30417,30613,33906,196,3293,2,7200,1.05952019435
30455,30638,34151,183,3513,2,7200,1.05209222886
30473,30647,34412,174,3765,2,7200,1.04621513944
30475,30676,34037,201,3361,2,7200,1.05980362987
30490,30683,34058,193,3375,2,7200,1.05718518519
30505,30691,34546,186,3855,2,7200,1.04824902724
30521,30696,34105,175,3409,2,7200,1.05133470226
30523,30703,34170,180,3467,2,7200,1.0519180848
30524,30712,33957,188,3245,2,7200,1.05793528505
30525,30720,33937,195,3217,2,7200,1.06061548026
30527,30725,34282,198,3557,2,7200,1.05566488614
30528,30730,33955,202,3225,2,7200,1.06263565891
30546,30738,33942,192,3204,2,7200,1.05992509363
30561,30771,34342,210,3571,2,7200,1.05880705685
30563,30779,34199,216,3420,2,7200,1.06315789474
30580,30784,34200,204,3416,2,7200,1.05971896956
30581,30792,34343,211,3551,2,7200,1.05941988172
30583,30800,34341,217,3541,2,7200,1.06128212369
30585,30834,34332,249,3498,2,7200,1.07118353345
30605,30843,34590,238,3747,2,7200,1.06351748065
30606,30849,34346,243,3497,2,7200,1.06948813269
30628,30854,34454,226,3600,2,7200,1.06277777778
30643,30862,34809,219,3947,2,7200,1.05548517862
30661,30869,34202,208,3333,2,7200,1.06240624062
30676,30882,34231,206,3349,2,7200,1.06151089878
30678,30900,34343,222,3443,2,7200,1.06447865234
30693,30920,34393,227,3473,2,7200,1.06536135906
30695,30941,34108,246,3167,2,7200,1.0776760341
30696,31000,34173,304,3173,2,7200,1.09580838323
30712,31008,34615,296,3607,2,7200,1.08206265595
30713,31047,34994,334,3947,2,7200,1.08462123131
30715,31080,34369,365,3289,2,7200,1.11097598054
30716,31122,34567,406,3445,2,7200,1.11785195936
30759,31199,34657,440,3458,2,7200,1.12724117987
30775,31254,34838,479,3584,2,7200,1.13364955357
30776,31390,35059,614,3669,2,7200,1.16734805124
30778,31568,35025,790,3457,2,7200,1.22852183975
30793,31869,35555,1076,3686,2,7200,1.2919153554
30824,32893,36566,2069,3673,2,7200,1.56329975497
30825,32932,35977,2107,3045,2,7200,1.69195402299
30841,32981,36357,2140,3376,2,7200,1.63388625592
30842,33029,36246,2187,3217,2,7200,1.67982592477
30843,33061,36373,2218,3312,2,7200,1.66968599034
30859,33069,36623,2210,3554,2,7200,1.62183455262
30874,33076,36104,2202,3028,2,7200,1.72721268164
30889,33221,36660,2332,3439,2,7200,1.67810410003
30907,33237,36555,2330,3318,2,7200,1.70223025919
30923,33371,36596,2448,3225,2,7200,1.75906976744
30987,33442,36872,2455,3430,2,7200,1.71574344023
31002,33517,36770,2515,3253,2,7200,1.77313249308
31035,33524,36947,2489,3423,2,7200,1.72713993573
31069,33548,37058,2479,3510,2,7200,1.70626780627
31109,33571,36787,2462,3216,2,7200,1.76554726368
31186,33629,36915,2443,3286,2,7200,1.74345709069
31241,33674,36984,2433,3310,2,7200,1.73504531722
31379,33694,36924,2315,3230,2,7200,1.71671826625
31556,33702,37200,2146,3498,2,7200,1.61349342481
31858,33746,37298,1888,3552,2,7200,1.53153153153
32881,33751,37010,870,3259,2,7200,1.26695305308
32921,33757,37131,836,3374,2,7200,1.24777711915
32970,33765,37369,795,3604,2,7200,1.22058823529
33016,33770,37094,754,3324,2,7200,1.22683513839
33050,33784,37409,734,3625,2,7200,1.20248275862
33052,33792,37307,740,3515,2,7200,1.21052631579
33070,33800,37051,730,3251,2,7200,1.22454629345
33209,33808,37349,599,3541,2,7200,1.16916125388
33225,33842,37249,617,3407,2,7200,1.18109773995
33361,33858,37398,497,3540,2,7200,1.14039548023
33429,33866,37042,437,3176,2,7200,1.13759445844
33506,33894,37486,388,3592,2,7200,1.10801781737
33521,33920,37128,399,3208,2,7200,1.1243765586
33536,33928,37370,392,3442,2,7200,1.11388727484
33561,33933,37495,372,3562,2,7200,1.10443571028
33616,33938,37422,322,3484,2,7200,1.09242250287
33662,33951,37424,289,3473,2,7200,1.08321336021
33683,33959,37406,276,3447,2,7200,1.08006962576
33698,33969,37554,271,3585,2,7200,1.07559274756
33732,33977,37518,245,3541,2,7200,1.06918949449
33733,33982,37424,249,3442,2,7200,1.07234166182
33735,33990,37588,255,3598,2,7200,1.07087270706
33742,33776,33780,34,4,1,108000,3.8
33750,34017,37297,267,3280,2,7200,1.08140243902
33751,34039,37481,288,3442,2,7200,1.08367228356
33767,34050,37389,283,3339,2,7200,1.08475591494
33782,34058,37348,276,3290,2,7200,1.08389057751
33783,34071,37257,288,3186,2,7200,1.09039548023
33799,34124,37558,325,3434,2,7200,1.09464181712
33830,34130,38194,300,4064,2,7200,1.07381889764
33845,34159,37625,314,3466,2,7200,1.09059434507
33860,34167,37498,307,3331,2,7200,1.09216451516
33882,34212,37260,330,3048,2,7200,1.10826771654
33907,34220,37349,313,3129,2,7200,1.10003195909
33922,34226,37608,304,3382,2,7200,1.08988764045
33924,34245,37567,321,3322,2,7200,1.09662853703
33925,34295,37562,370,3267,2,7200,1.11325374962
33940,34345,37647,405,3302,2,7200,1.12265293761
33956,34354,37557,398,3203,2,7200,1.12425850765
33957,34366,37596,409,3230,2,7200,1.126625387
33959,34372,37423,413,3051,2,7200,1.13536545395
33974,34379,37866,405,3487,2,7200,1.11614568397
33975,34392,37685,417,3293,2,7200,1.12663225023
33998,34005,34065,7,60,1,108000,1.11666666667
34006,34407,37917,401,3510,2,7200,1.11424501425
34027,34426,37548,399,3122,2,7200,1.12780269058
34044,34467,38281,423,3814,2,7200,1.11090718406
34045,34559,37957,514,3398,2,7200,1.15126545026
34060,34581,37708,521,3127,2,7200,1.16661336744
34071,34187,34233,116,46,4,36000,3.52173913043
34106,34603,38213,497,3610,2,7200,1.13767313019
34108,34116,34123,8,7,1,108000,1.5
34121,34630,38282,509,3652,2,7200,1.13937568456
34146,34670,37834,524,3164,2,7200,1.16561314791
34161,34823,38047,662,3224,2,7200,1.20533498759
34173,34180,34287,7,107,1,108000,1.06542056075
34176,34851,38112,675,3261,2,7200,1.20699172033
34177,35007,38637,830,3630,2,7200,1.22865013774
34199,35038,38227,839,3189,2,7200,1.26309187833
34215,35073,38556,858,3483,2,7200,1.24633936262
34216,35437,38806,1221,3369,2,7200,1.3624220837
34232,35443,38890,1211,3447,2,7200,1.3513199884
34244,34253,34271,9,18,4,36000,1.5
34274,34361,61270,87,26909,4,36000,1.00323311903
34284,35448,38862,1164,3414,2,7200,1.34094903339
34331,35453,38705,1122,3252,2,7200,1.34501845018
34347,35458,38668,1111,3210,2,7200,1.346105919
34348,35463,38888,1115,3425,2,7200,1.32554744526
34350,35469,38743,1119,3274,2,7200,1.34178375076
34351,35474,38766,1123,3292,2,7200,1.34113001215
34352,35479,38776,1127,3297,2,7200,1.34182590234
34369,35568,39218,1199,3650,2,7200,1.32849315068
34370,35990,39287,1620,3297,2,7200,1.49135577798
34372,34384,34446,12,62,1,108000,1.1935483871
34394,36117,39487,1723,3370,2,7200,1.51127596439
34414,36258,39652,1844,3394,2,7200,1.54331172658
34455,36370,39661,1915,3291,2,7200,1.58189000304
34551,36385,39745,1834,3360,2,7200,1.54583333333
34569,36569,39937,2000,3368,2,7200,1.59382422803
34591,36579,40574,1988,3995,2,7200,1.49762202753
34619,36609,40087,1990,3478,2,7200,1.57216791259
34658,36636,40081,1978,3445,2,7200,1.57416545718
34812,36672,40205,1860,3533,2,7200,1.52646476083
34839,36784,40319,1945,3535,2,7200,1.55021216407
34996,36800,39913,1804,3113,2,7200,1.57950530035
35024,36885,40608,1861,3723,2,7200,1.4998656997
35061,36927,40447,1866,3520,2,7200,1.53011363636
35133,35185,61106,52,25921,4,36000,1.00200609544
36291,36298,108311,7,72013,1,72000,1.00009720467
37057,37067,40262,10,3195,2,7200,1.00312989045
37072,37080,40472,8,3392,2,7200,1.00235849057
37094,37101,40524,7,3423,2,7200,1.00204498978
37132,37140,40449,8,3309,2,7200,1.00241764884
37133,37148,40585,15,3437,2,7200,1.00436427117
37203,37210,40476,7,3266,2,7200,1.00214329455
37252,37259,40560,7,3301,2,7200,1.00212056952
37268,37276,40633,8,3357,2,7200,1.00238308013
37270,37283,40683,13,3400,2,7200,1.00382352941
37298,37306,40592,8,3286,2,7200,1.00243457091
37299,37314,40599,15,3285,2,7200,1.00456621005
37315,37324,40512,9,3188,2,7200,1.00282308657
37348,37357,40995,9,3638,2,7200,1.00247388675
37350,37365,40982,15,3617,2,7200,1.00414708322
37365,37373,40626,8,3253,2,7200,1.00245926837
37381,37388,40781,7,3393,2,7200,1.00206307103
37382,37396,41011,14,3615,2,7200,1.00387275242
37397,37406,40627,9,3221,2,7200,1.0027941633
37413,37422,40782,9,3360,2,7200,1.00267857143
37414,37427,40687,13,3260,2,7200,1.00398773006
37416,37435,41096,19,3661,2,7200,1.00518983884
37431,37443,41305,12,3862,2,7200,1.00310719834
37433,37448,40989,15,3541,2,7200,1.0042360915
37434,37453,41037,19,3584,2,7200,1.00530133929
37435,37459,40849,24,3390,2,7200,1.00707964602
37481,37489,41093,8,3604,2,7200,1.00221975583
37497,37504,40923,7,3419,2,7200,1.00204738228
37498,37512,40992,14,3480,2,7200,1.00402298851
37500,37517,40638,17,3121,2,7200,1.00544697212
37521,37529,40846,8,3317,2,7200,1.00241181791
37548,37556,40970,8,3414,2,7200,1.00234329233
37565,37573,40828,8,3255,2,7200,1.0024577573
37566,37578,40916,12,3338,2,7200,1.00359496705
37568,37586,41005,18,3419,2,7200,1.00526469728
37569,37591,40816,22,3225,2,7200,1.00682170543
37585,37599,40980,14,3381,2,7200,1.00414078675
37600,37608,40724,8,3116,2,7200,1.00256739409
37602,37615,40699,13,3084,2,7200,1.0042153048
37617,37625,41456,8,3831,2,7200,1.00208822762
37632,37640,41081,8,3441,2,7200,1.00232490555
37647,37655,41119,8,3464,2,7200,1.00230946882
37687,37694,40665,7,2971,2,7200,1.00235610905
37709,37716,41204,7,3488,2,7200,1.00200688073
37837,37844,41262,7,3418,2,7200,1.00204798128
37868,37875,41425,7,3550,2,7200,1.00197183099
37919,37927,41405,8,3478,2,7200,1.00230017251
37960,37968,41217,8,3249,2,7200,1.00246229609
38049,38057,41439,8,3382,2,7200,1.00236546422
38112,38120,41501,8,3381,2,7200,1.00236616386
38193,38202,41480,9,3278,2,7200,1.00274557657
38215,38222,41437,7,3215,2,7200,1.00217729393
38230,38237,41648,7,3411,2,7200,1.00205218411
38283,38290,41635,7,3345,2,7200,1.00209267564
38284,38298,41561,14,3263,2,7200,1.00429053019
38557,38565,41969,8,3404,2,7200,1.00235017626
38640,38648,42235,8,3587,2,7200,1.002230276
38667,38674,42099,7,3425,2,7200,1.00204379562
38707,38714,42182,7,3468,2,7200,1.00201845444
38743,38750,42041,7,3291,2,7200,1.00212701307
38768,38775,42520,7,3745,2,7200,1.00186915888
38783,38792,42329,9,3537,2,7200,1.00254452926
38807,38815,42281,8,3466,2,7200,1.00230813618
38863,38871,42908,8,4037,2,7200,1.00198166956
38888,38895,42094,7,3199,2,7200,1.00218818381
38903,38910,42571,7,3661,2,7200,1.00191204589
39218,39226,42595,8,3369,2,7200,1.00237459187
39289,39296,42637,7,3341,2,7200,1.00209518108
39489,39498,43246,9,3748,2,7200,1.00240128068
39659,39666,43070,7,3404,2,7200,1.00205640423
39677,39684,43041,7,3357,2,7200,1.00208519511
39749,39756,43404,7,3648,2,7200,1.00191885965
39912,39921,43182,9,3261,2,7200,1.0027598896
39937,39944,43557,7,3613,2,7200,1.0019374481
40083,40090,43247,7,3157,2,7200,1.0022172949
40098,40106,43514,8,3408,2,7200,1.00234741784
40206,40213,43596,7,3383,2,7200,1.00206916938
40265,40272,43567,7,3295,2,7200,1.00212443096
40320,40328,43861,8,3533,2,7200,1.00226436456
40449,40457,43939,8,3482,2,7200,1.00229753016
40450,40467,44045,17,3578,2,7200,1.00475125769
40475,40483,43851,8,3368,2,7200,1.00237529691
40490,40498,44123,8,3625,2,7200,1.00220689655
40514,40522,43720,8,3198,2,7200,1.00250156348
40530,40539,43972,9,3433,2,7200,1.00262161375
40561,40569,43954,8,3385,2,7200,1.0023633678
40576,40583,43956,7,3373,2,7200,1.00207530388
40591,40601,43871,10,3270,2,7200,1.00305810398
40593,40607,43763,14,3156,2,7200,1.00443599493
40608,40618,44131,10,3513,2,7200,1.00284656988
40610,40624,43813,14,3189,2,7200,1.00439009094
40625,40635,43958,10,3323,2,7200,1.00300932892
40641,40649,44128,8,3479,2,7200,1.00229951135
40642,40657,44155,15,3498,2,7200,1.00428816467
40643,40662,44091,19,3429,2,7200,1.00554097404
40668,40675,44241,7,3566,2,7200,1.00196298374
40686,40695,44014,9,3319,2,7200,1.00271166014
40703,40710,44549,7,3839,2,7200,1.00182339151
40704,40718,44207,14,3489,2,7200,1.00401261106
40725,40732,44242,7,3510,2,7200,1.00199430199
40780,40787,44068,7,3281,2,7200,1.00213349589
40795,40802,44172,7,3370,2,7200,1.00207715134
40816,40824,43796,8,2972,2,7200,1.00269179004
40831,40840,44168,9,3328,2,7200,1.00270432692
40847,40854,44680,7,3826,2,7200,1.00182958704
40862,40871,44136,9,3265,2,7200,1.00275650842
40918,40926,44195,8,3269,2,7200,1.00244723157
40935,40944,44366,9,3422,2,7200,1.00263004091
40974,40983,44253,9,3270,2,7200,1.00275229358
40996,41004,44340,8,3336,2,7200,1.00239808153
40997,41009,44640,12,3631,2,7200,1.00330487469
40998,41017,44176,19,3159,2,7200,1.00601456157
41000,41023,44486,23,3463,2,7200,1.0066416402
41001,41028,44439,27,3411,2,7200,1.00791556728
41017,41036,44584,19,3548,2,7200,1.00535512965
41018,41041,44127,23,3086,2,7200,1.00745301361
41039,41050,44293,11,3243,2,7200,1.00339192106
41082,41090,44466,8,3376,2,7200,1.00236966825
41097,41106,44340,9,3234,2,7200,1.00278293135
41099,41114,44451,15,3337,2,7200,1.00449505544
41123,41131,44674,8,3543,2,7200,1.00225797347
41203,41211,44605,8,3394,2,7200,1.00235710077
41219,41227,44588,8,3361,2,7200,1.00238024398
41262,41269,44539,7,3270,2,7200,1.00214067278
41305,41314,44778,9,3464,2,7200,1.00259815242
41407,41415,44989,8,3574,2,7200,1.00223838836
41425,41433,44739,8,3306,2,7200,1.00241984271
41441,41448,44691,7,3243,2,7200,1.00215849522
41442,41457,45155,15,3698,2,7200,1.00405624662
41457,41464,45014,7,3550,2,7200,1.00197183099
41482,41490,44821,8,3331,2,7200,1.00240168118
41503,41511,44953,8,3442,2,7200,1.0023242301
41561,41569,44681,8,3112,2,7200,1.00257069409
41635,41644,44767,9,3123,2,7200,1.00288184438
41650,41658,45097,8,3439,2,7200,1.00232625763
41969,41977,45373,8,3396,2,7200,1.0023557126
42041,42051,46070,10,4019,2,7200,1.00248818114
42095,42102,45690,7,3588,2,7200,1.0019509476
42110,42117,45620,7,3503,2,7200,1.00199828718
42183,42191,45763,8,3572,2,7200,1.00223964166
42232,42240,45480,8,3240,2,7200,1.0024691358
42282,42289,45342,7,3053,2,7200,1.00229282673
42331,42338,45566,7,3228,2,7200,1.0021685254
42520,42528,45663,8,3135,2,7200,1.00255183413
42571,42579,45755,8,3176,2,7200,1.00251889169
42596,42603,46382,7,3779,2,7200,1.00185234189
42639,42646,46050,7,3404,2,7200,1.00205640423
42909,42917,46272,8,3355,2,7200,1.00238450075
43040,43048,46242,8,3194,2,7200,1.00250469631
43070,43077,46374,7,3297,2,7200,1.00212314225
43186,43193,46608,7,3415,2,7200,1.00204978038
43249,43256,46474,7,3218,2,7200,1.00217526414
43250,43264,46793,14,3529,2,7200,1.0039671295
43406,43413,46629,7,3216,2,7200,1.00217661692
43516,43524,46953,8,3429,2,7200,1.0023330417
43560,43567,47217,7,3650,2,7200,1.00191780822
43575,43583,46826,8,3243,2,7200,1.00246685168
43597,43605,46828,8,3223,2,7200,1.00248215948
43720,43727,47135,7,3408,2,7200,1.00205399061
43760,43768,47433,8,3665,2,7200,1.00218281037
43796,43804,47265,8,3461,2,7200,1.00231147067
43815,43823,47259,8,3436,2,7200,1.00232828871
43853,43861,47341,8,3480,2,7200,1.00229885057
43869,43878,47471,9,3593,2,7200,1.00250487058
43884,43891,47721,7,3830,2,7200,1.00182767624
43939,43946,47195,7,3249,2,7200,1.00215450908
43954,43962,47524,8,3562,2,7200,1.00224592925
43969,43976,47338,7,3362,2,7200,1.00208209399
43970,43984,47506,14,3522,2,7200,1.0039750142
43985,43994,47478,9,3484,2,7200,1.00258323766
44014,44021,47218,7,3197,2,7200,1.00218955271
44045,44052,47700,7,3648,2,7200,1.00191885965
44069,44077,47511,8,3434,2,7200,1.00232964473
44091,44098,47387,7,3289,2,7200,1.00212830648
44124,44132,47632,8,3500,2,7200,1.00228571429
44140,44148,47847,8,3699,2,7200,1.00216274669
44141,44156,47296,15,3140,2,7200,1.00477707006
44142,44161,47247,19,3086,2,7200,1.00615683733
44144,44167,47689,23,3522,2,7200,1.00653038047
44159,44175,47850,16,3675,2,7200,1.0043537415
44174,44183,47661,9,3478,2,7200,1.00258769408
44176,44188,47617,12,3429,2,7200,1.00349956255
44191,44201,47664,10,3463,2,7200,1.00288766965
44206,44214,47603,8,3389,2,7200,1.00236057834
44221,44228,47519,7,3291,2,7200,1.00212701307
44243,44250,47744,7,3494,2,7200,1.00200343446
44244,44259,47445,15,3186,2,7200,1.00470809793
44259,44267,47629,8,3362,2,7200,1.00237953599
44296,44303,47685,7,3382,2,7200,1.00206978119
44342,44349,47912,7,3563,2,7200,1.00196463654
44343,44357,47706,14,3349,2,7200,1.00418035234
44367,44376,47722,9,3346,2,7200,1.00268977884
44439,44447,47705,8,3258,2,7200,1.00245549417
44455,44462,48131,7,3669,2,7200,1.00190787681
44471,44479,47679,8,3200,2,7200,1.0025
44486,44494,47818,8,3324,2,7200,1.00240673887
44542,44551,48112,9,3561,2,7200,1.00252737995
44558,44566,47863,8,3297,2,7200,1.00242644829
44585,44593,48027,8,3434,2,7200,1.00232964473
44603,44610,47763,7,3153,2,7200,1.00222010783
44619,44626,48157,7,3531,2,7200,1.00198244123
44641,44649,47970,8,3321,2,7200,1.00240891298
44676,44684,48016,8,3332,2,7200,1.00240096038
44692,44699,47776,7,3077,2,7200,1.00227494313
44693,44706,48033,13,3327,2,7200,1.00390742411
44694,44711,48629,17,3918,2,7200,1.00433894844
44740,44747,48231,7,3484,2,7200,1.00200918485
44765,44774,48209,9,3435,2,7200,1.00262008734
44780,44789,48100,9,3311,2,7200,1.00271821202
44820,44827,48354,7,3527,2,7200,1.00198468954
44955,44963,48289,8,3326,2,7200,1.00240529164
44989,44997,48269,8,3272,2,7200,1.00244498778
45016,45026,48312,10,3286,2,7200,1.00304321363
45099,45108,48476,9,3368,2,7200,1.00267220903
45157,45164,48421,7,3257,2,7200,1.00214921707
45343,45351,48848,8,3497,2,7200,1.00228767515
45373,45381,48761,8,3380,2,7200,1.00236686391
45483,45491,48976,8,3485,2,7200,1.00229555237
45566,45574,48899,8,3325,2,7200,1.00240601504
45621,45629,48851,8,3222,2,7200,1.00248292986
45664,45671,48997,7,3326,2,7200,1.00210463019
45694,45701,49144,7,3443,2,7200,1.00203311066
45756,45763,49160,7,3397,2,7200,1.00206064174
45775,45783,49337,8,3554,2,7200,1.00225098481
46050,46058,49691,8,3633,2,7200,1.00220203688
46072,46079,49631,7,3552,2,7200,1.00197072072
46244,46253,49541,9,3288,2,7200,1.00273722628
46272,46281,49486,9,3205,2,7200,1.00280811232
46377,46386,49825,9,3439,2,7200,1.00261703984
46393,46400,50250,7,3850,2,7200,1.00181818182
46475,46483,50002,8,3519,2,7200,1.00227337312
46609,46615,49871,6,3256,2,7200,1.00184275184
46627,46634,50090,7,3456,2,7200,1.00202546296
46794,46803,50383,9,3580,2,7200,1.00251396648
46828,46836,50106,8,3270,2,7200,1.00244648318
46830,46845,50053,15,3208,2,7200,1.00467581047
46956,46964,50945,8,3981,2,7200,1.00200954534
47136,47143,50975,7,3832,2,7200,1.00182672234
47197,47204,50293,7,3089,2,7200,1.00226610554
47219,47226,50561,7,3335,2,7200,1.00209895052
47220,47235,50642,15,3407,2,7200,1.00440270032
47248,47257,50717,9,3460,2,7200,1.00260115607
47263,47271,50913,8,3642,2,7200,1.00219659528
47265,47280,50747,15,3467,2,7200,1.00432650707
47295,47304,50667,9,3363,2,7200,1.00267618198
47338,47345,50848,7,3503,2,7200,1.00199828718
47353,47361,50446,8,3085,2,7200,1.00259319287
47390,47397,51029,7,3632,2,7200,1.00192731278
47433,47440,50817,7,3377,2,7200,1.00207284572
47448,47457,50509,9,3052,2,7200,1.00294888598
47469,47479,50743,10,3264,2,7200,1.00306372549
47485,47493,50762,8,3269,2,7200,1.00244723157
47506,47515,50711,9,3196,2,7200,1.00281602003
47521,47529,50734,8,3205,2,7200,1.00249609984
47523,47534,50898,11,3364,2,7200,1.00326991677
47538,47545,50838,7,3293,2,7200,1.00212572123
47605,47613,51171,8,3558,2,7200,1.00224845419
47620,47629,50982,9,3353,2,7200,1.00268416344
47636,47647,50999,11,3352,2,7200,1.00328162291
47637,47652,50845,15,3193,2,7200,1.00469777639
47664,47673,50808,9,3135,2,7200,1.0028708134
47665,47682,51000,17,3318,2,7200,1.00512356841
47681,47690,51316,9,3626,2,7200,1.00248207391
47702,47711,51121,9,3410,2,7200,1.00263929619
47703,47720,51385,17,3665,2,7200,1.00463847203
47705,47725,51286,20,3561,2,7200,1.00561639989
47726,47736,51162,10,3426,2,7200,1.00291885581
47728,47741,51231,13,3490,2,7200,1.00372492837
47729,47750,50992,21,3242,2,7200,1.00647748304
47731,47756,51093,25,3337,2,7200,1.00749175907
47746,47764,51001,18,3237,2,7200,1.00556070436
47764,47771,51134,7,3363,2,7200,1.00208147487
47779,47787,51164,8,3377,2,7200,1.00236896654
47820,47827,50865,7,3038,2,7200,1.00230414747
47849,47857,51220,8,3363,2,7200,1.00237882843
47864,47872,51253,8,3381,2,7200,1.00236616386
47865,47882,51266,17,3384,2,7200,1.00502364066
47914,47922,51144,8,3222,2,7200,1.00248292986
47969,47978,51469,9,3491,2,7200,1.00257805786
48019,48026,51428,7,3402,2,7200,1.00205761317
48034,48041,51416,7,3375,2,7200,1.00207407407
48035,48050,51430,15,3380,2,7200,1.00443786982
48100,48108,51520,8,3412,2,7200,1.00234466589
48116,48124,51348,8,3224,2,7200,1.00248138958
48132,48140,51932,8,3792,2,7200,1.00210970464
48159,48166,51506,7,3340,2,7200,1.00209580838
48210,48218,51841,8,3623,2,7200,1.00220811482
48231,48238,51529,7,3291,2,7200,1.00212701307
48271,48278,51432,7,3154,2,7200,1.00221940393
48289,48297,51641,8,3344,2,7200,1.0023923445
48314,48321,51868,7,3547,2,7200,1.00197349873
48354,48361,51587,7,3226,2,7200,1.00216986981
48422,48429,51805,7,3376,2,7200,1.00207345972
48478,48485,52103,7,3618,2,7200,1.00193477059
48631,48638,52000,7,3362,2,7200,1.00208209399
48760,48768,52294,8,3526,2,7200,1.0022688599
48852,48860,51852,8,2992,2,7200,1.00267379679
48853,48867,52523,14,3656,2,7200,1.00382932166
48899,48907,52176,8,3269,2,7200,1.00244723157
48933,48941,51569,8,2628,2,72000,1.00304414003
48977,48986,52225,9,3239,2,7200,1.00277863538
48999,49006,52517,7,3511,2,7200,1.00199373398
49146,49154,52502,8,3348,2,7200,1.00238948626
49161,49168,52659,7,3491,2,7200,1.00200515612
49335,49343,52852,8,3509,2,7200,1.00227985181
49486,49493,52929,7,3436,2,7200,1.00203725262
49543,49550,53278,7,3728,2,7200,1.0018776824
49631,49638,53119,7,3481,2,7200,1.0020109164
49690,49697,53087,7,3390,2,7200,1.00206489676
49824,49832,53074,8,3242,2,7200,1.00246761258
49873,49881,53373,8,3492,2,7200,1.00229095074
50002,50010,53541,8,3531,2,7200,1.00226564713
50055,50064,53439,9,3375,2,7200,1.00266666667
50089,50098,53577,9,3479,2,7200,1.00258695027
50107,50114,53510,7,3396,2,7200,1.00206124853
50250,50258,53827,8,3569,2,7200,1.00224152424
50294,50303,53531,9,3228,2,7200,1.00278810409
50385,50392,54057,7,3665,2,7200,1.00190995907
50447,50454,53758,7,3304,2,7200,1.00211864407
50512,50519,53907,7,3388,2,7200,1.0020661157
50561,50568,54160,7,3592,2,7200,1.00194877506
50644,50652,53876,8,3224,2,7200,1.00248138958
50666,50673,53933,7,3260,2,7200,1.00214723926
50712,50719,53986,7,3267,2,7200,1.00214263851
50728,50736,54175,8,3439,2,7200,1.00232625763
50743,50753,54143,10,3390,2,7200,1.00294985251
50745,50761,53996,16,3235,2,7200,1.00494590417
50760,50769,54013,9,3244,2,7200,1.00277435265
50776,50783,54421,7,3638,2,7200,1.00192413414
50811,50818,54249,7,3431,2,7200,1.00204022151
50827,50834,53951,7,3117,2,7200,1.00224574912
50842,50849,54400,7,3551,2,7200,1.0019712757
50857,50865,54290,8,3425,2,7200,1.00233576642
50859,50871,54212,12,3341,2,7200,1.003591739
50874,50883,54289,9,3406,2,7200,1.00264239577
50898,50907,54232,9,3325,2,7200,1.00270676692
50914,50922,54487,8,3565,2,7200,1.00224403927
50948,50957,54442,9,3485,2,7200,1.00258249641
50976,50983,57351,7,6368,2,7200,1.00109924623
50992,50999,54257,7,3258,2,7200,1.0021485574
50993,51007,54441,14,3434,2,7200,1.00407687828
51010,51018,54502,8,3484,2,7200,1.00229621125
51011,51023,54561,12,3538,2,7200,1.00339174675
51013,51031,54398,18,3367,2,7200,1.00534600535
51031,51039,54558,8,3519,2,7200,1.00227337312
51094,51101,54664,7,3563,2,7200,1.00196463654
51122,51129,54508,7,3379,2,7200,1.00207161882
51137,51144,54660,7,3516,2,7200,1.00199089875
51153,51161,54463,8,3302,2,7200,1.00242277408
51170,51177,54544,7,3367,2,7200,1.00207900208
51171,51186,54726,15,3540,2,7200,1.00423728814
51173,51191,54358,18,3167,2,7200,1.00568361225
51223,51230,54377,7,3147,2,7200,1.00222434064
51238,51246,54406,8,3160,2,7200,1.00253164557
51254,51263,54913,9,3650,2,7200,1.00246575342
51270,51277,54687,7,3410,2,7200,1.00205278592
51288,51296,54933,8,3637,2,7200,1.00219961507
51319,51327,54825,8,3498,2,7200,1.00228702115
51347,51356,54742,9,3386,2,7200,1.00265800354
51386,51394,54638,8,3244,2,7200,1.00246609125
51427,51434,54837,7,3403,2,7200,1.00205700852
51444,51452,54691,8,3239,2,7200,1.00246989812
51446,51459,54653,13,3194,2,7200,1.0040701315
51447,51464,55080,17,3616,2,7200,1.00470132743
51469,51478,54861,9,3383,2,7200,1.00266036063
51508,51515,54930,7,3415,2,7200,1.00204978038
51524,51531,55030,7,3499,2,7200,1.00200057159
51540,51547,54918,7,3371,2,7200,1.00207653515
51589,51596,55020,7,3424,2,7200,1.00204439252
51642,51651,55111,9,3460,2,7200,1.00260115607
51807,51816,55175,9,3359,2,7200,1.00267936886
51840,51849,55240,9,3391,2,7200,1.00265408434
51856,51864,55116,8,3252,2,7200,1.0024600246
51872,51879,55358,7,3479,2,7200,1.00201207243
51934,51944,55602,10,3658,2,7200,1.00273373428
52000,52008,55693,8,3685,2,7200,1.00217096336
52104,52111,55534,7,3423,2,7200,1.00204498978
52178,52187,55872,9,3685,2,7200,1.00244233379
52228,52235,55548,7,3313,2,7200,1.00211288862
52295,52304,55800,9,3496,2,7200,1.00257437071
52503,52510,56326,7,3816,2,7200,1.00183438155
52518,52525,55921,7,3396,2,7200,1.00206124853
52525,52534,72098,9,19564,1,43200,1.00046002862
52533,52542,56002,9,3460,2,7200,1.00260115607
52664,52672,55848,8,3176,2,7200,1.00251889169
52853,52860,56120,7,3260,2,7200,1.00214723926
52932,52940,56519,8,3579,2,7200,1.00223526125
53075,53083,56456,8,3373,2,7200,1.00237177587
53090,53099,56659,9,3560,2,7200,1.00252808989
53119,53127,56320,8,3193,2,7200,1.00250548074
53280,53288,56877,8,3589,2,7200,1.00222903316
53375,53384,56768,9,3384,2,7200,1.00265957447
53439,53446,56904,7,3458,2,7200,1.0020242915
53510,53518,56737,8,3219,2,7200,1.00248524386
53532,53539,57132,7,3593,2,7200,1.00194823267
53547,53555,57321,8,3766,2,7200,1.00212426978
53578,53585,57003,7,3418,2,7200,1.00204798128
53720,53729,53744,9,15,1,43200,1.6
53760,53768,57227,8,3459,2,7200,1.00231280717
53791,53798,54059,7,261,1,43200,1.02681992337
53831,53840,57372,9,3532,2,7200,1.00254813137
53877,53885,57131,8,3246,2,7200,1.00246457178
53908,53917,57509,9,3592,2,7200,1.00250556793
53935,53944,57221,9,3277,2,7200,1.0027464144
53957,53965,57455,8,3490,2,7200,1.00229226361
53986,53994,57289,8,3295,2,7200,1.00242792109
54002,54010,57444,8,3434,2,7200,1.00232964473
54018,54026,57523,8,3497,2,7200,1.00228767515
54058,54066,57292,8,3226,2,7200,1.00247985121
54146,54153,57395,7,3242,2,7200,1.00215916101
54161,54168,57526,7,3358,2,7200,1.00208457415
54177,54186,57220,9,3034,2,7200,1.00296638102
54216,54225,57307,9,3082,2,7200,1.0029201817
54235,54244,57770,9,3526,2,7200,1.00255246739
54256,54264,57553,8,3289,2,7200,1.00243235026
54275,54282,57720,7,3438,2,7200,1.00203606748
54291,54300,57903,9,3603,2,7200,1.0024979184
54292,54308,57475,16,3167,2,7200,1.00505209978
54360,54369,57912,9,3543,2,7200,1.00254022015
54379,54386,58110,7,3724,2,7200,1.00187969925
54397,54406,57723,9,3317,2,7200,1.00271329515
54413,54423,57696,10,3273,2,7200,1.00305530095
54415,54428,57774,13,3346,2,7200,1.0038852361
54430,54440,57966,10,3526,2,7200,1.00283607487
54445,54452,57921,7,3469,2,7200,1.00201787259
54447,54460,57756,13,3296,2,7200,1.00394417476
54466,54473,58022,7,3549,2,7200,1.00197238659
54491,54500,57825,9,3325,2,7200,1.00270676692
54506,54513,57909,7,3396,2,7200,1.00206124853
54521,54528,57799,7,3271,2,7200,1.00214001834
54546,54556,57767,10,3211,2,7200,1.00311429461
54562,54570,58248,8,3678,2,7200,1.00217509516
54563,54579,57826,16,3247,2,7200,1.0049276255
54641,54649,57979,8,3330,2,7200,1.0024024024
54656,54664,57936,8,3272,2,7200,1.00244498778
54672,54682,58236,10,3554,2,7200,1.00281373101
54674,54687,58170,13,3483,2,7200,1.00373241459
54689,54696,57882,7,3186,2,7200,1.00219711237
54708,54716,57886,8,3170,2,7200,1.00252365931
54727,54734,58053,7,3319,2,7200,1.002109069
54742,54751,58188,9,3437,2,7200,1.0026185627
54826,54833,58199,7,3366,2,7200,1.00207961973
54844,54854,58036,10,3182,2,7200,1.00314267756
54862,54872,58744,10,3872,2,7200,1.00258264463
54915,54925,58140,10,3215,2,7200,1.00311041991
54931,54940,58231,9,3291,2,7200,1.00273473108
54932,54949,58344,17,3395,2,7200,1.00500736377
54948,54956,58397,8,3441,2,7200,1.00232490555
55023,55032,58352,9,3320,2,7200,1.00271084337
55038,55046,58154,8,3108,2,7200,1.00257400257
55084,55091,58597,7,3506,2,7200,1.0019965773
55112,55120,58696,8,3576,2,7200,1.00223713647
55127,55136,58464,9,3328,2,7200,1.00270432692
55178,55185,58725,7,3540,2,7200,1.00197740113
55241,55248,58466,7,3218,2,7200,1.00217526414
55342,55349,55367,7,18,1,43200,1.38888888889
55360,55369,58824,9,3455,2,7200,1.00260492041
55503,55511,55531,8,20,1,43200,1.4
55536,55543,58865,7,3322,2,7200,1.00210716436
55551,55558,59183,7,3625,2,7200,1.00193103448
55603,55610,58833,7,3223,2,7200,1.00217188954
55694,55704,59120,10,3416,2,7200,1.00292740047
55802,55810,59218,8,3408,2,7200,1.00234741784
55849,55857,59329,8,3472,2,7200,1.00230414747
55872,55879,59429,7,3550,2,7200,1.00197183099
55921,55929,59226,8,3297,2,7200,1.00242644829
56004,56013,59462,9,3449,2,7200,1.00260945202
56122,56131,59513,9,3382,2,7200,1.00266114725
56322,56331,59644,9,3313,2,7200,1.00271657108
56337,56345,59658,8,3313,2,7200,1.00241472985
56455,56465,59846,10,3381,2,7200,1.00295770482
56520,56529,60023,9,3494,2,7200,1.0025758443
56653,56660,56681,7,21,1,43200,1.33333333333
56661,56669,60102,8,3433,2,7200,1.00233032333
56738,56745,59976,7,3231,2,7200,1.00216651192
56769,56776,60002,7,3226,2,7200,1.00216986981
56879,56886,60137,7,3251,2,7200,1.00215318364
56904,56911,60478,7,3567,2,7200,1.00196243342
57005,57012,60243,7,3231,2,7200,1.00216651192
57134,57141,60403,7,3262,2,7200,1.00214592275
57135,57150,60259,15,3109,2,7200,1.00482470248
57221,57230,60685,9,3455,2,7200,1.00260492041
57223,57238,60767,15,3529,2,7200,1.00425049589
57238,57247,60680,9,3433,2,7200,1.00262161375
57291,57299,60572,8,3273,2,7200,1.00244424076
57292,57307,60847,15,3540,2,7200,1.00423728814
57308,57316,60536,8,3220,2,7200,1.00248447205
57323,57330,60584,7,3254,2,7200,1.00215119852
57351,57358,60547,7,3189,2,7200,1.00219504547
57373,57381,60331,8,2950,2,7200,1.00271186441
57395,57402,60482,7,3080,2,7200,1.00227272727
57418,57427,100662,9,43235,1,43200,1.00020816468
57445,57453,60729,8,3276,2,7200,1.00244200244
57460,57467,60745,7,3278,2,7200,1.00213544844
57475,57483,60750,8,3267,2,7200,1.00244872972
57509,57517,61177,8,3660,2,7200,1.00218579235
57525,57532,60875,7,3343,2,7200,1.00209392761
57526,57540,60812,14,3272,2,7200,1.00427872861
57555,57736,61189,181,3453,2,7200,1.05241818708
57697,57780,61064,83,3284,2,7200,1.02527405603
57718,57788,61229,70,3441,2,7200,1.02034292357
57733,57917,61129,184,3212,2,7200,1.05728518057
57758,57925,61487,167,3562,2,7200,1.04688377316
57775,57935,61393,160,3458,2,7200,1.04626951995
57776,57949,61324,173,3375,2,7200,1.05125925926
57777,57992,61472,215,3480,2,7200,1.0617816092
57799,58123,61832,324,3709,2,7200,1.08735508223
57827,58154,61636,327,3482,2,7200,1.09391154509
57828,58364,61752,536,3388,2,7200,1.15820543093
57884,58511,61891,627,3380,2,7200,1.18550295858
57901,58708,61974,807,3266,2,7200,1.24709124311
57920,58836,62189,916,3353,2,7200,1.27318818968
57922,58877,62028,955,3151,2,7200,1.30307838781
57923,59196,62812,1273,3616,2,7200,1.35204646018
57939,59239,62600,1300,3361,2,7200,1.38678964594
57940,59474,62681,1534,3207,2,7200,1.47832865606
57968,59525,63163,1557,3638,2,7200,1.42798240792
57984,59656,63348,1672,3692,2,7200,1.45287107259
58022,59671,62954,1649,3283,2,7200,1.50228449589
58041,59859,63686,1818,3827,2,7200,1.47504572772
58057,59958,63447,1901,3489,2,7200,1.54485525939
58110,59964,63574,1854,3610,2,7200,1.5135734072
58141,59969,63003,1828,3034,2,7200,1.60250494397
58156,59974,63231,1818,3257,2,7200,1.55818237642
58171,59979,63276,1808,3297,2,7200,1.54837731271
58190,59984,63590,1794,3606,2,7200,1.49750415973
58205,59990,63261,1785,3271,2,7200,1.54570467747
58233,59995,63285,1762,3290,2,7200,1.53556231003
58248,60000,63272,1752,3272,2,7200,1.53545232274
58249,60005,63294,1756,3289,2,7200,1.53390088173
58345,60011,63517,1666,3506,2,7200,1.47518539646
58360,60016,63343,1656,3327,2,7200,1.49774571686
58397,60021,63517,1624,3496,2,7200,1.46453089245
58465,60026,63387,1561,3361,2,7200,1.46444510562
58466,60032,63452,1566,3420,2,7200,1.45789473684
58598,60037,63441,1439,3404,2,7200,1.42273795535
58697,60042,63594,1345,3552,2,7200,1.37865990991
58728,60047,63314,1319,3267,2,7200,1.40373431283
58746,60053,63848,1307,3795,2,7200,1.34440052701
58826,60058,63236,1232,3178,2,7200,1.38766519824
58841,60063,63589,1222,3526,2,7200,1.3465683494
58866,60068,63680,1202,3612,2,7200,1.33277962348
59124,60074,63535,950,3461,2,7200,1.27448714244
59183,60079,63529,896,3450,2,7200,1.25971014493
59220,60084,63580,864,3496,2,7200,1.2471395881
59235,60089,63691,854,3602,2,7200,1.23709050527
59328,60094,63551,766,3457,2,7200,1.22157940411
59430,60100,63481,670,3381,2,7200,1.19816622301
59460,60105,63555,645,3450,2,7200,1.18695652174
59513,60110,63651,597,3541,2,7200,1.16859644168
59645,60115,63845,470,3730,2,7200,1.12600536193
59660,60121,63603,461,3482,2,7200,1.13239517519
59845,60126,63629,281,3503,2,7200,1.08021695689
59974,60134,63439,160,3305,2,7200,1.04841149773
60002,60139,63690,137,3551,2,7200,1.0385806815
60023,60144,63611,121,3467,2,7200,1.03490049034
60102,60149,63502,47,3353,2,7200,1.01401729794
60136,60156,64005,20,3849,2,7200,1.00519615485
60245,60252,63354,7,3102,2,7200,1.00225660864
60261,60267,63653,6,3386,2,7200,1.00177200236
60336,60343,63628,7,3285,2,7200,1.00213089802
60404,60412,63833,8,3421,2,7200,1.00233849752
60483,60490,63937,7,3447,2,7200,1.00203075138
60485,60498,63858,13,3360,2,7200,1.00386904762
60537,60544,63806,7,3262,2,7200,1.00214592275
60552,60559,63918,7,3359,2,7200,1.00208395356
60570,60578,63499,8,2921,2,7200,1.00273878809
60586,60593,64258,7,3665,2,7200,1.00190995907
60631,60638,118267,7,57629,18,57600,1.00012146662
60679,60688,64259,9,3571,2,7200,1.00252030244
60695,60704,63949,9,3245,2,7200,1.00277349769
60730,60737,63869,7,3132,2,7200,1.00223499361
60748,60756,63902,8,3146,2,7200,1.00254291163
60764,60771,64160,7,3389,2,7200,1.00206550605
60779,60786,63960,7,3174,2,7200,1.00220541903
60812,60821,64077,9,3256,2,7200,1.00276412776
60851,60858,64120,7,3262,2,7200,1.00214592275
60875,60882,64393,7,3511,2,7200,1.00199373398
61075,61082,64420,7,3338,2,7200,1.00209706411
61131,61138,64507,7,3369,2,7200,1.00207776788
61180,61188,64715,8,3527,2,7200,1.00226821661
61195,61203,64827,8,3624,2,7200,1.00220750552
61230,61237,64612,7,3375,2,7200,1.00207407407
61283,63198,117244,1915,54046,18,54000,1.03543277948
61324,61331,65202,7,3871,2,7200,1.00180831826
61396,61404,64975,8,3571,2,7200,1.00224026883
61472,61481,64779,9,3298,2,7200,1.00272892662
61488,61496,64899,8,3403,2,7200,1.00235086688
61637,61644,64875,7,3231,2,7200,1.00216651192
61754,61761,65351,7,3590,2,7200,1.00194986072
61833,61840,65337,7,3497,2,7200,1.00200171576
61892,61900,65251,8,3351,2,7200,1.00238734706
61975,61982,65511,7,3529,2,7200,1.00198356475
62027,62035,65683,8,3648,2,7200,1.00219298246
62191,62200,65825,9,3625,2,7200,1.00248275862
62605,62613,66060,8,3447,2,7200,1.00232085872
62691,62698,66146,7,3448,2,7200,1.00203016241
62814,62822,66144,8,3322,2,7200,1.00240818784
62955,62962,65905,7,2943,2,7200,1.00237852531
63004,63012,66514,8,3502,2,7200,1.00228440891
63163,63172,66532,9,3360,2,7200,1.00267857143
63231,63238,66759,7,3521,2,7200,1.00198807157
63246,63253,66728,7,3475,2,7200,1.00201438849
63261,63268,66887,7,3619,2,7200,1.00193423598
63277,63285,66715,8,3430,2,7200,1.00233236152
63278,63293,66717,15,3424,2,7200,1.00438084112
63293,63301,66584,8,3283,2,7200,1.00243679561
63295,63309,66588,14,3279,2,7200,1.00426959439
63316,63324,66757,8,3433,2,7200,1.00233032333
63344,63352,66869,8,3517,2,7200,1.00227466591
63359,63367,66728,8,3361,2,7200,1.00238024398
63361,63375,66730,14,3355,2,7200,1.0041728763
63385,63393,66870,8,3477,2,7200,1.00230083405
63438,63446,66874,8,3428,2,7200,1.00233372229
63439,63454,66814,15,3360,2,7200,1.00446428571
63454,63462,69120,8,5658,2,7200,1.00141392718
63456,63470,66893,14,3423,2,7200,1.00408997955
63483,63490,67318,7,3828,2,7200,1.00182863114
63502,63510,66718,8,3208,2,7200,1.00249376559
63503,63518,66958,15,3440,2,7200,1.00436046512
63518,63527,66991,9,3464,2,7200,1.00259815242
63520,63535,66728,15,3193,2,7200,1.00469777639
63535,63543,66782,8,3239,2,7200,1.00246989812
63537,63551,66961,14,3410,2,7200,1.00410557185
63552,63559,67052,7,3493,2,7200,1.00200400802
63567,63574,66758,7,3184,2,7200,1.00219849246
63583,63590,66828,7,3238,2,7200,1.00216182829
63584,63599,67014,15,3415,2,7200,1.00439238653
63600,63610,66707,10,3097,2,7200,1.00322893122
63601,63615,67160,14,3545,2,7200,1.00394922426
63603,63623,67285,20,3662,2,7200,1.00546149645
63604,63628,66863,24,3235,2,7200,1.00741885626
63620,63637,66991,17,3354,2,7200,1.00506857484
63635,63647,67330,12,3683,2,7200,1.00325821341
63636,63652,67059,16,3407,2,7200,1.00469621368
63652,63659,67455,7,3796,2,7200,1.00184404636
63653,63666,66865,13,3199,2,7200,1.00406376993
63681,63689,67050,8,3361,2,7200,1.00238024398
63698,63706,67331,8,3625,2,7200,1.00220689655
63699,63714,67172,15,3458,2,7200,1.0043377675
63700,63719,67233,19,3514,2,7200,1.00540694365
63810,63817,67262,7,3445,2,7200,1.00203193033
63832,63840,67127,8,3287,2,7200,1.00243383024
63848,63856,67292,8,3436,2,7200,1.00232828871
63849,63863,67103,14,3240,2,7200,1.00432098765
63866,63875,67177,9,3302,2,7200,1.00272562084
63882,63890,67488,8,3598,2,7200,1.00222345748
63903,63910,67380,7,3470,2,7200,1.00201729107
63920,64433,67850,513,3417,2,7200,1.15013169447
63940,64625,68067,685,3442,2,7200,1.19901220221
63956,64840,68313,884,3473,2,7200,1.25453498416
63971,64889,68341,918,3452,2,7200,1.26593279258
64008,64913,68073,905,3160,2,7200,1.28639240506
64076,65264,68916,1188,3652,2,7200,1.32530120482
64120,65350,68652,1230,3302,2,7200,1.37250151423
64160,65364,68888,1204,3524,2,7200,1.34165720772
64258,65696,69247,1438,3551,2,7200,1.40495635032
64273,65838,69136,1565,3298,2,7200,1.47453001819
64393,65918,69347,1525,3429,2,7200,1.44473607466
64420,66158,69410,1738,3252,2,7200,1.5344403444
64507,66166,69372,1659,3206,2,7200,1.51746724891
64613,66527,70165,1914,3638,2,7200,1.52611324904
64717,66546,69929,1829,3383,2,7200,1.54064439846
64778,66720,69905,1942,3185,2,7200,1.60973312402
64827,66770,70494,1943,3724,2,7200,1.52175080559
64876,66841,70462,1965,3621,2,7200,1.54266777133
64901,66876,70483,1975,3607,2,7200,1.54754643748
64977,66883,70188,1906,3305,2,7200,1.57670196672
65205,66889,70064,1684,3175,2,7200,1.53039370079
65252,67020,70177,1768,3157,2,7200,1.56002534051
65340,67025,70413,1685,3388,2,7200,1.49734356553
65357,67031,70434,1674,3403,2,7200,1.49191889509
65510,67036,70409,1526,3373,2,7200,1.45241624666
65684,67041,70593,1357,3552,2,7200,1.38203828829
65825,67046,70711,1221,3665,2,7200,1.33315143247
65906,67052,70507,1146,3455,2,7200,1.33169319826
66061,67057,70321,996,3264,2,7200,1.30514705882
66144,67062,70610,918,3548,2,7200,1.2587373168
66145,67067,70394,922,3327,2,7200,1.27712654043
66516,67073,70645,557,3572,2,7200,1.15593505039
66536,67078,70485,542,3407,2,7200,1.15908423833
66585,67083,70627,498,3544,2,7200,1.14051918736
66600,67088,70374,488,3286,2,7200,1.14850882532
66707,67094,70350,387,3256,2,7200,1.11885749386
66723,67099,70515,376,3416,2,7200,1.11007025761
66725,67104,70217,379,3113,2,7200,1.12174751044
66726,67109,70259,383,3150,2,7200,1.12158730159
66742,67115,70359,373,3244,2,7200,1.11498150432
66743,67120,70571,377,3451,2,7200,1.10924369748
66744,67125,70591,381,3466,2,7200,1.10992498557
66746,67130,70346,384,3216,2,7200,1.11940298507
66761,67136,70670,375,3534,2,7200,1.10611205433
66762,67141,70444,379,3303,2,7200,1.11474417196
66764,67146,70603,382,3457,2,7200,1.1105004339
66779,67151,70439,372,3288,2,7200,1.11313868613
66812,67157,70662,345,3505,2,7200,1.09843081312
66831,67162,70466,331,3304,2,7200,1.10018159806
66865,67167,70746,302,3579,2,7200,1.08438111204
66866,67172,70587,306,3415,2,7200,1.08960468521
66882,67178,70445,296,3267,2,7200,1.09060299969
66883,67183,70565,300,3382,2,7200,1.08870490834
66885,67188,70568,303,3380,2,7200,1.08964497041
66900,67193,70684,293,3491,2,7200,1.08393010599
66901,67199,70842,298,3643,2,7200,1.0818007137
66959,67204,70996,245,3792,2,7200,1.06460970464
66974,67209,70699,235,3490,2,7200,1.06733524355
66993,67215,70463,222,3248,2,7200,1.06834975369
66994,67220,70582,226,3362,2,7200,1.06722189173
67012,67225,70767,213,3542,2,7200,1.06013551666
67053,67232,70551,179,3319,2,7200,1.0539319072
67054,67238,70652,184,3414,2,7200,1.05389572349
67070,67243,70713,173,3470,2,7200,1.04985590778
67103,67248,70295,145,3047,2,7200,1.04758779127
67128,67253,70517,125,3264,2,7200,1.03829656863
67162,67259,71017,97,3758,2,7200,1.02581160192
67178,67264,70801,86,3537,2,7200,1.02431439073
67179,67269,70750,90,3481,2,7200,1.02585463947
67235,67276,70851,41,3575,2,7200,1.01146853147
67262,67282,71042,20,3760,2,7200,1.00531914894
67287,67294,70797,7,3503,2,7200,1.00199828718
67302,67309,70577,7,3268,2,7200,1.00214198286
67320,67326,70745,6,3419,2,7200,1.00175489909
67336,67343,70747,7,3404,2,7200,1.00205640423
67337,67349,71074,12,3725,2,7200,1.00322147651
67380,67387,70724,7,3337,2,7200,1.00209769254
67456,67464,71208,8,3744,2,7200,1.00213675214
67490,67497,70927,7,3430,2,7200,1.00204081633
67852,67859,71320,7,3461,2,7200,1.00202253684
68069,68076,71579,7,3503,2,7200,1.00199828718
68084,68091,71384,7,3293,2,7200,1.00212572123
68315,68322,71955,7,3633,2,7200,1.00192678227
68343,68349,71990,6,3641,2,7200,1.00164789893
68654,68660,72119,6,3459,2,7200,1.00173460538
68891,68899,72327,8,3428,2,7200,1.00233372229
68919,68926,72456,7,3530,2,7200,1.00198300283
69120,69127,72706,7,3579,2,7200,1.00195585359
69135,69141,72568,6,3427,2,7200,1.00175080245
69248,69256,72320,8,3064,2,7200,1.00261096606
69350,69357,72989,7,3632,2,7200,1.00192731278
69374,69382,73005,8,3623,2,7200,1.00220811482
69411,69418,72823,7,3405,2,7200,1.00205580029
69904,69910,73208,6,3298,2,7200,1.00181928441
69928,69935,73300,7,3365,2,7200,1.00208023774
70062,70069,73472,7,3403,2,7200,1.00205700852
70167,70174,73395,7,3221,2,7200,1.00217323812
70182,70189,73470,7,3281,2,7200,1.00213349589
70197,70204,73439,7,3235,2,7200,1.00216383308
70219,70226,73511,7,3285,2,7200,1.00213089802
70263,70270,73758,7,3488,2,7200,1.00200688073
70297,70304,73642,7,3338,2,7200,1.00209706411
70322,70329,73690,7,3361,2,7200,1.00208271348
70346,70354,74133,8,3779,2,7200,1.00211696216
70348,70363,73735,15,3372,2,7200,1.00444839858
70363,70370,73806,7,3436,2,7200,1.00203725262
70378,70385,73706,7,3321,2,7200,1.00210779886
70396,70404,73877,8,3473,2,7200,1.00230348402
70412,70420,73850,8,3430,2,7200,1.00233236152
70413,70428,73712,15,3284,2,7200,1.00456760049
70435,70442,73747,7,3305,2,7200,1.00211800303
70451,70459,76015,8,5556,2,7200,1.00143988481
70452,70466,74008,14,3542,2,7200,1.00395256917
70454,70471,73593,17,3122,2,7200,1.00544522742
70470,70478,74009,8,3531,2,7200,1.00226564713
70471,70484,73651,13,3167,2,7200,1.00410483107
70472,70492,73774,20,3282,2,7200,1.00609384522
70488,70500,73749,12,3249,2,7200,1.00369344414
70489,70505,73733,16,3228,2,7200,1.00495662949
70505,70513,73951,8,3438,2,7200,1.00232693426
70506,70520,74113,14,3593,2,7200,1.00389646535
70522,70530,73896,8,3366,2,7200,1.00237670826
70523,70536,74079,13,3543,2,7200,1.00366920689
70554,70562,74049,8,3487,2,7200,1.00229423573
70570,70577,73894,7,3317,2,7200,1.00211034067
70571,70584,74215,13,3631,2,7200,1.00358028091
70572,70589,74006,17,3417,2,7200,1.00497512438
70590,70597,74168,7,3571,2,7200,1.00196023523
70592,70605,73624,13,3019,2,7200,1.00430606161
70593,70610,74032,17,3422,2,7200,1.00496785506
70594,70616,74253,22,3637,2,7200,1.00604894144
70614,70624,73965,10,3341,2,7200,1.00299311583
70615,70629,74100,14,3471,2,7200,1.00403341976
70616,70635,73946,19,3311,2,7200,1.0057384476
70632,70643,74064,11,3421,2,7200,1.00321543408
70648,70655,73805,7,3150,2,7200,1.00222222222
70664,70671,74142,7,3471,2,7200,1.00201670988
70665,70679,74154,14,3475,2,7200,1.00402877698
70680,70689,73877,9,3188,2,7200,1.00282308657
70696,70703,73988,7,3285,2,7200,1.00213089802
70717,70728,74228,11,3500,2,7200,1.00314285714
70719,70733,74051,14,3318,2,7200,1.00421940928
70720,70741,74053,21,3312,2,7200,1.00634057971
70740,70748,74238,8,3490,2,7200,1.00229226361
70756,70763,74097,7,3334,2,7200,1.00209958008
70757,70770,73826,13,3056,2,7200,1.0042539267
70758,70775,74371,17,3596,2,7200,1.00472747497
70759,70780,74043,21,3263,2,7200,1.00643579528
70775,70789,74211,14,3422,2,7200,1.00409117475
70800,70808,74426,8,3618,2,7200,1.00221116639
70816,70823,74317,7,3494,2,7200,1.00200343446
70843,70852,74612,9,3760,2,7200,1.00239361702
70859,70868,74095,9,3227,2,7200,1.00278896808
70926,70934,74354,8,3420,2,7200,1.00233918129
70997,71005,74331,8,3326,2,7200,1.00240529164
71018,71025,74507,7,3482,2,7200,1.00201033889
71042,72333,75853,1291,3520,2,7200,1.36676136364
71076,72719,76167,1643,3448,2,7200,1.47650812065
71210,72836,76258,1626,3422,2,7200,1.47516072472
71321,73002,76419,1681,3417,2,7200,1.49195200468
71385,73018,76624,1633,3606,2,7200,1.45285635053
71458,72106,72126,648,20,1,108000,33.4
71579,73220,76891,1641,3671,2,7200,1.44701716154
71956,73313,76641,1357,3328,2,7200,1.40775240385
71991,73407,76706,1416,3299,2,7200,1.42922097605
72105,72114,72212,9,98,1,3600,1.09183673469
72113,72121,72171,8,50,1,3600,1.16
72119,73452,76986,1333,3534,2,7200,1.37719298246
72320,73482,76690,1162,3208,2,7200,1.36221945137
72335,73490,77043,1155,3553,2,7200,1.32507739938
72457,73524,76915,1067,3391,2,7200,1.31465644353
72569,73745,77058,1176,3313,2,7200,1.35496528826
72703,73817,76967,1114,3150,2,7200,1.35365079365
72817,72825,72826,8,1,2,3540,1.0
72822,73838,77275,1016,3437,2,7200,1.29560663369
72991,73889,77591,898,3702,2,7200,1.24257158293
73006,73906,77091,900,3185,2,7200,1.28257456829
73187,74127,125976,940,51849,4,108000,1.01812956855
73209,74132,86902,923,12770,4,108000,1.07227877839
73209,73958,77209,749,3251,2,7200,1.23039064903
73300,73965,77163,665,3198,2,7200,1.20794246404
73395,73977,76979,582,3002,2,7200,1.19387075283
73441,74000,77357,559,3357,2,7200,1.16651772416
73473,74057,77911,584,3854,2,7200,1.15153087701
73475,74064,77004,589,2940,2,7200,1.20034013605
73511,74069,77565,558,3496,2,7200,1.15961098398
73594,74077,77352,483,3275,2,7200,1.14748091603
73625,74082,77664,457,3582,2,7200,1.12758235623
73644,74107,77380,463,3273,2,7200,1.14146043385
73659,74114,77399,455,3285,2,7200,1.13850837139
73692,74119,77341,427,3222,2,7200,1.13252638113
73707,74137,77297,430,3160,2,7200,1.13607594937
73722,74143,77467,421,3324,2,7200,1.12665463297
73738,74148,77695,410,3547,2,7200,1.11559063998
73739,74153,77475,414,3322,2,7200,1.12462372065
73754,74158,77431,404,3273,2,7200,1.12343415826
73755,74164,77462,409,3298,2,7200,1.12401455428
73771,74169,77543,398,3374,2,7200,1.1179608773
73786,74174,77483,388,3309,2,7200,1.11725596857
73805,74179,77554,374,3375,2,7200,1.11081481481
73820,74185,77332,365,3147,2,7200,1.11598347633
73835,74190,77826,355,3636,2,7200,1.09763476348
73853,74195,77515,342,3320,2,7200,1.10301204819
73878,74200,77394,322,3194,2,7200,1.1008140263
73879,74206,77993,327,3787,2,7200,1.08634803274
73894,74211,77766,317,3555,2,7200,1.08917018284
73909,74216,77917,307,3701,2,7200,1.0829505539
73946,74221,77369,275,3148,2,7200,1.0873570521
73961,74227,77585,266,3358,2,7200,1.07921381775
73976,74232,77500,256,3268,2,7200,1.07833537332
73991,74237,77720,246,3483,2,7200,1.0706287683
74007,74242,77562,235,3320,2,7200,1.07078313253
74008,74248,77555,240,3307,2,7200,1.0725733293
74009,74253,77698,244,3445,2,7200,1.07082728592
74034,74258,77404,224,3146,2,7200,1.07120152575
74050,74263,78055,213,3792,2,7200,1.05617088608
74051,74268,77714,217,3446,2,7200,1.06297156123
74053,74274,77700,221,3426,2,7200,1.06450671337
74068,74279,77887,211,3608,2,7200,1.05848115299
74069,74284,77557,215,3273,2,7200,1.06568897036
74085,74289,77649,204,3360,2,7200,1.06071428571
74100,74295,77489,195,3194,2,7200,1.06105197245
74102,74300,77749,198,3449,2,7200,1.05740794433
74103,74305,77800,202,3495,2,7200,1.05779685265
74118,74310,77641,192,3331,2,7200,1.05764034824
74133,74317,77546,184,3229,2,7200,1.05698358625
74148,74323,77851,175,3528,2,7200,1.0496031746
74164,74328,77747,164,3419,2,7200,1.04796724188
74166,74333,77657,167,3324,2,7200,1.05024067389
74222,74338,77452,116,3114,2,7200,1.03725112396
74223,74344,77712,121,3368,2,7200,1.0359263658
74240,74349,77814,109,3465,2,7200,1.03145743146
74241,74354,77571,113,3217,2,7200,1.03512589369
74258,74359,77874,101,3515,2,7200,1.02873399716
74318,74366,77911,48,3545,2,7200,1.01354019746
74333,74371,77660,38,3289,2,7200,1.01155366373
74355,74377,77783,22,3406,2,7200,1.00645918967
74370,74384,77951,14,3567,2,7200,1.00392486683
74428,74435,78353,7,3918,2,7200,1.00178662583
74507,74514,77811,7,3297,2,7200,1.00212314225
74611,74618,78271,7,3653,2,7200,1.00191623323
75228,75234,143451,6,68217,6,144000,1.00008795462
75854,75861,79028,7,3167,2,7200,1.00221029365
76017,76024,79490,7,3466,2,7200,1.00201961916
76169,76176,79726,7,3550,2,7200,1.00197183099
76211,76218,81547,7,5329,18,36000,1.00131356727
76259,76266,79605,7,3339,2,7200,1.00209643606
76419,76427,80065,8,3638,2,7200,1.00219901045
76624,76631,80096,7,3465,2,7200,1.00202020202
76639,76647,79974,8,3327,2,7200,1.00240456868
76688,76694,79958,6,3264,2,7200,1.00183823529
76707,76714,80139,7,3425,2,7200,1.00204379562
76892,76898,80250,6,3352,2,7200,1.00178997613
76917,76923,80061,6,3138,2,7200,1.00191204589
76969,76975,80256,6,3281,2,7200,1.00182871076
76984,76991,80414,7,3423,2,7200,1.00204498978
76999,77006,80169,7,3163,2,7200,1.00221308884
77015,77022,80529,7,3507,2,7200,1.00199600798
77044,77050,80296,6,3246,2,7200,1.00184842884
77059,77065,80290,6,3225,2,7200,1.00186046512
77091,77099,80441,8,3342,2,7200,1.00239377618
77165,77171,80693,6,3522,2,7200,1.00170357751
77211,77217,80422,6,3205,2,7200,1.00187207488
77272,77278,80568,6,3290,2,7200,1.00182370821
77297,77304,80444,7,3140,2,7200,1.00222929936
77333,77340,80503,7,3163,2,7200,1.00221308884
77348,77356,80695,8,3339,2,7200,1.00239592692
77364,77371,80624,7,3253,2,7200,1.00215185982
77365,77377,80800,12,3423,2,7200,1.00350569676
77381,77387,80591,6,3204,2,7200,1.00187265918
77382,77395,80592,13,3197,2,7200,1.00406631217
77397,77405,80908,8,3503,2,7200,1.00228375678
77413,77420,80878,7,3458,2,7200,1.0020242915
77414,77427,80850,13,3423,2,7200,1.00379783815
77433,77440,80775,7,3335,2,7200,1.00209895052
77454,77461,80929,7,3468,2,7200,1.00201845444
77469,77476,80841,7,3365,2,7200,1.00208023774
77471,77483,81064,12,3581,2,7200,1.00335101927
77486,77493,80889,7,3396,2,7200,1.00206124853
77487,77500,80784,13,3284,2,7200,1.00395858709
77503,77510,80988,7,3478,2,7200,1.00201265095
77504,77518,80772,14,3254,2,7200,1.00430239705
77519,77527,80745,8,3218,2,7200,1.00248601616
77544,77552,80680,8,3128,2,7200,1.00255754476
77560,77569,80987,9,3418,2,7200,1.00263311878
77561,77574,81047,13,3473,2,7200,1.00374316153
77563,77582,81326,19,3744,2,7200,1.00507478632
77564,77587,81139,23,3552,2,7200,1.00647522523
77580,77595,80716,15,3121,2,7200,1.00480615187
77582,77600,80943,18,3343,2,7200,1.00538438528
77583,77605,81038,22,3433,2,7200,1.00640838916
77598,77613,80863,15,3250,2,7200,1.00461538462
77600,77618,80619,18,3001,2,7200,1.00599800067
77642,77651,81141,9,3490,2,7200,1.00257879656
77658,77665,81284,7,3619,2,7200,1.00193423598
77659,77674,81174,15,3500,2,7200,1.00428571429
77675,77684,80901,9,3217,2,7200,1.00279763755
77676,77689,81111,13,3422,2,7200,1.00379894798
77692,77700,81071,8,3371,2,7200,1.00237318303
77707,77715,81336,8,3621,2,7200,1.00220933444
77709,77720,81138,11,3418,2,7200,1.00321825629
77725,77732,81228,7,3496,2,7200,1.00200228833
77726,77740,81106,14,3366,2,7200,1.00415923945
77727,77745,81136,18,3391,2,7200,1.00530816868
77749,77757,81026,8,3269,2,7200,1.00244723157
77750,77764,81539,14,3775,2,7200,1.00370860927
77766,77774,81059,8,3285,2,7200,1.00243531202
77784,77792,81193,8,3401,2,7200,1.00235224934
77799,77806,81431,7,3625,2,7200,1.00193103448
77814,77822,81156,8,3334,2,7200,1.0023995201
77816,77830,81161,14,3331,2,7200,1.00420294206
77831,77839,81277,8,3438,2,7200,1.00232693426
77852,77859,81164,7,3305,2,7200,1.00211800303
77877,77884,81430,7,3546,2,7200,1.00197405527
77892,77900,81113,8,3213,2,7200,1.00248988484
77914,77922,81341,8,3419,2,7200,1.00233986546
77915,77931,80914,16,2983,2,7200,1.00536372779
77930,77940,82138,10,4198,2,7200,1.00238208671
77951,77959,81690,8,3731,2,7200,1.00214419727
77994,78001,81338,7,3337,2,7200,1.00209769254
78055,78062,81721,7,3659,2,7200,1.00191309101
78272,78281,81671,9,3390,2,7200,1.00265486726
78355,78362,81635,7,3273,2,7200,1.00213871066
79029,79036,82562,7,3526,2,7200,1.00198525241
79490,79498,83259,8,3761,2,7200,1.00212709386
79605,79612,82766,7,3154,2,7200,1.00221940393
79727,79734,83272,7,3538,2,7200,1.00197851894
79958,79966,83159,8,3193,2,7200,1.00250548074
79973,79981,83001,8,3020,2,7200,1.00264900662
80062,80071,83242,9,3171,2,7200,1.00283822138
80078,80086,83886,8,3800,2,7200,1.00210526316
80096,80104,83462,8,3358,2,7200,1.00238237046
80139,80148,83759,9,3611,2,7200,1.00249238438
80169,80178,83741,9,3563,2,7200,1.00252596127
80251,80259,83905,8,3646,2,7200,1.00219418541
80271,80278,83798,7,3520,2,7200,1.00198863636
80292,80300,83725,8,3425,2,7200,1.00233576642
80308,80315,83845,7,3530,2,7200,1.00198300283
80414,80422,83766,8,3344,2,7200,1.0023923445
80430,80438,84042,8,3604,2,7200,1.00221975583
80445,80452,83965,7,3513,2,7200,1.00199259892
80446,80460,83940,14,3480,2,7200,1.00402298851
80504,80512,83783,8,3271,2,7200,1.00244573525
80530,80537,84059,7,3522,2,7200,1.0019875071
80572,80580,83920,8,3340,2,7200,1.00239520958
80594,80601,83968,7,3367,2,7200,1.00207900208
80595,80609,84148,14,3539,2,7200,1.00395591975
80622,80629,84021,7,3392,2,7200,1.00206367925
80623,80637,83939,14,3302,2,7200,1.00423985463
80683,80692,84012,9,3320,2,7200,1.00271084337
80699,80707,84190,8,3483,2,7200,1.00229687051
80701,80714,84072,13,3358,2,7200,1.003871352
80716,80723,83894,7,3171,2,7200,1.00220750552
80748,80755,84355,7,3600,2,7200,1.00194444444
80772,80780,84413,8,3633,2,7200,1.00220203688
80788,80795,84156,7,3361,2,7200,1.00208271348
80790,80803,84304,13,3501,2,7200,1.00371322479
80805,80813,84083,8,3270,2,7200,1.00244648318
80841,80848,84044,7,3196,2,7200,1.0021902378
80856,80865,84171,9,3306,2,7200,1.00272232305
80872,80879,84310,7,3431,2,7200,1.00204022151
80887,80894,84236,7,3342,2,7200,1.00209455416
80903,80910,84243,7,3333,2,7200,1.00210021002
80904,80917,84245,13,3328,2,7200,1.00390625
80919,80929,84433,10,3504,2,7200,1.00285388128
80921,80936,84099,15,3163,2,7200,1.00474233323
80936,80944,84594,8,3650,2,7200,1.00219178082
80951,80959,84222,8,3263,2,7200,1.00245173154
80988,80996,84232,8,3236,2,7200,1.00247218789
80990,81001,84694,11,3693,2,7200,1.00297860818
81027,81034,84269,7,3235,2,7200,1.00216383308
81042,81049,84615,7,3566,2,7200,1.00196298374
81057,81065,84615,8,3550,2,7200,1.00225352113
81073,81080,84630,7,3550,2,7200,1.00197183099
81074,81089,84413,15,3324,2,7200,1.00451263538
81075,81094,84570,19,3476,2,7200,1.00546605293
81106,81114,84250,8,3136,2,7200,1.00255102041
81122,81130,84605,8,3475,2,7200,1.00230215827
81123,81135,84437,12,3302,2,7200,1.00363416111
81139,81147,84246,8,3099,2,7200,1.0025814779
81140,81157,84643,17,3486,2,7200,1.00487664945
81142,81162,84438,20,3276,2,7200,1.00610500611
81143,81167,84367,24,3200,2,7200,1.0075
81158,81176,84631,18,3455,2,7200,1.00520984081
81174,81184,84425,10,3241,2,7200,1.00308546745
81175,81189,84814,14,3625,2,7200,1.00386206897
81177,81195,84541,18,3346,2,7200,1.00537955768
81195,81203,85041,8,3838,2,7200,1.00208441897
81229,81236,84694,7,3458,2,7200,1.0020242915
81277,81285,84639,8,3354,2,7200,1.00238521169
81293,81301,84921,8,3620,2,7200,1.00220994475
81327,81334,84837,7,3503,2,7200,1.00199828718
81349,81357,84949,8,3592,2,7200,1.00222717149
81350,81365,84854,15,3489,2,7200,1.00429922614
81351,81371,84772,20,3401,2,7200,1.00588062335
81432,81440,84744,8,3304,2,7200,1.00242130751
81433,81445,84815,12,3370,2,7200,1.00356083086
81543,81551,84937,8,3386,2,7200,1.00236266982
81636,81644,84821,8,3177,2,7200,1.00251809884
81675,81683,85021,8,3338,2,7200,1.0023966447
81691,81699,85008,8,3309,2,7200,1.00241764884
81722,81729,85141,7,3412,2,7200,1.00205158265
82142,82149,85869,7,3720,2,7200,1.00188172043
82566,82573,86164,7,3591,2,7200,1.00194931774
82768,82775,86158,7,3383,2,7200,1.00206916938
83005,83013,86154,8,3141,2,7200,1.00254695957
83159,83166,86404,7,3238,2,7200,1.00216182829
83244,83251,86486,7,3235,2,7200,1.00216383308
83259,83267,86343,8,3076,2,7200,1.00260078023
83275,83283,86819,8,3536,2,7200,1.00226244344
83464,83472,86733,8,3261,2,7200,1.0024532352
83728,83736,87178,8,3442,2,7200,1.0023242301
83743,83750,87067,7,3317,2,7200,1.00211034067
83761,83769,87176,8,3407,2,7200,1.00234810684
83776,83784,87183,8,3399,2,7200,1.00235363342
83792,83800,87430,8,3630,2,7200,1.00220385675
83807,83815,87414,8,3599,2,7200,1.00222283968
83847,83855,87383,8,3528,2,7200,1.0022675737
83883,83892,87170,9,3278,2,7200,1.00274557657
83890,83900,83901,10,1,2,3540,1.1
83899,83908,87167,9,3259,2,7200,1.00276158331
83914,83922,87127,8,3205,2,7200,1.00249609984
83929,83937,87657,8,3720,2,7200,1.00215053763
83945,83952,87611,7,3659,2,7200,1.00191309101
83946,83960,87882,14,3922,2,7200,1.00356960734
83968,83975,87744,7,3769,2,7200,1.00185725657
83970,83983,87604,13,3621,2,7200,1.00359016846
84013,84021,87492,8,3471,2,7200,1.00230481129
84028,84038,87552,10,3514,2,7200,1.00284575982
84044,84051,87746,7,3695,2,7200,1.00189445196
84045,84059,87383,14,3324,2,7200,1.00421179302
84061,84068,87545,7,3477,2,7200,1.0020132298
84076,84083,87461,7,3378,2,7200,1.00207223209
84091,84098,87566,7,3468,2,7200,1.00201845444
84108,84117,87440,9,3323,2,7200,1.00270839603
84151,84159,87780,8,3621,2,7200,1.00220933444
84167,84246,87859,79,3613,2,7200,1.02186548575
84183,84554,88042,371,3488,2,7200,1.1063646789
84198,84706,88089,508,3383,2,7200,1.15016257759
84223,84756,88478,533,3722,2,7200,1.14320257926
84239,84828,88452,589,3624,2,7200,1.16252759382
84240,84835,88326,595,3491,2,7200,1.17043826984
84256,85020,88495,764,3475,2,7200,1.21985611511
84258,85033,88251,775,3218,2,7200,1.24083281541
84259,85055,88357,796,3302,2,7200,1.24106602059
84261,85153,88707,892,3554,2,7200,1.25098480585
84276,85881,89407,1605,3526,2,7200,1.45519001702
84304,86166,89800,1862,3634,2,7200,1.51238304898
84319,86173,89253,1854,3080,2,7200,1.60194805195
84356,86180,89589,1824,3409,2,7200,1.53505426811
84371,86355,89828,1984,3473,2,7200,1.57126403686
84414,86416,89987,2002,3571,2,7200,1.56062727527
84416,86498,89791,2082,3293,2,7200,1.63225022776
84431,86745,90093,2314,3348,2,7200,1.69115890084
84447,86831,89857,2384,3026,2,7200,1.787838731
84448,86914,90117,2466,3203,2,7200,1.76990321574
84450,86919,90705,2469,3786,2,7200,1.65213946117
84542,86925,90553,2383,3628,2,7200,1.65683572216
84570,86930,90189,2360,3259,2,7200,1.72414851181
84595,86935,90564,2340,3629,2,7200,1.64480573161
84611,86940,90269,2329,3329,2,7200,1.69960949234
84627,86946,90616,2319,3670,2,7200,1.63188010899
84628,86951,90385,2323,3434,2,7200,1.67647058824
84645,86956,90379,2311,3423,2,7200,1.67513876716
84646,86961,90664,2315,3703,2,7200,1.62516878207
84647,86966,90487,2319,3521,2,7200,1.65861971031
84649,86972,90508,2323,3536,2,7200,1.65695701357
84695,86977,90558,2282,3581,2,7200,1.6372521642
84697,86982,90382,2285,3400,2,7200,1.67205882353
84742,86987,90377,2245,3390,2,7200,1.66224188791
84776,86993,90688,2217,3695,2,7200,1.6
84814,86998,90256,2184,3258,2,7200,1.67034990792
84815,87003,90107,2188,3104,2,7200,1.70489690722
84831,87008,90299,2177,3291,2,7200,1.66150106351
84847,87014,90547,2167,3533,2,7200,1.61335975092
84864,87019,90457,2155,3438,2,7200,1.62681791739
84922,87024,90316,2102,3292,2,7200,1.63851761847
84938,87029,90620,2091,3591,2,7200,1.58228905597
84953,87035,90121,2082,3086,2,7200,1.67465975373
85008,87040,90218,2032,3178,2,7200,1.63939584644
85023,87045,90612,2022,3567,2,7200,1.56686291001
85042,87050,90589,2008,3539,2,7200,1.56739191862
85143,87055,90586,1912,3531,2,7200,1.54148966298
85871,87061,90444,1190,3383,2,7200,1.35175879397
86155,87066,90744,911,3678,2,7200,1.24768896139
86171,87071,90606,900,3535,2,7200,1.25459688826
86172,87076,90742,904,3666,2,7200,1.24659028914
86342,87082,90720,740,3638,2,7200,1.20340846619
86406,87087,90470,681,3383,2,7200,1.20130062075
86485,87092,90584,607,3492,2,7200,1.17382588774
86727,87097,90392,370,3295,2,7200,1.11229135053
86817,87103,90334,286,3231,2,7200,1.08851748685
87067,87110,90541,43,3431,2,7200,1.01253278927
87129,87136,90660,7,3524,2,7200,1.00198637911
87168,87175,90571,7,3396,2,7200,1.00206124853
87170,87182,90518,12,3336,2,7200,1.0035971223
87186,87193,91254,7,4061,2,7200,1.00172371337
87187,87200,90658,13,3458,2,7200,1.0037593985
87188,87205,90475,17,3270,2,7200,1.00519877676
87385,87392,90904,7,3512,2,7200,1.00199316629
87386,87399,90685,13,3286,2,7200,1.00395617772
87414,87421,90990,7,3569,2,7200,1.00196133371
87432,87439,90780,7,3341,2,7200,1.00209518108
87447,87454,91221,7,3767,2,7200,1.00185824263
87462,87470,91133,8,3663,2,7200,1.00218400218
87493,87499,90958,6,3459,2,7200,1.00173460538
87545,87552,91155,7,3603,2,7200,1.00194282542
87560,87568,90941,8,3373,2,7200,1.00237177587
87576,87583,90795,7,3212,2,7200,1.00217932752
87603,87611,90973,8,3362,2,7200,1.00237953599
87619,87626,91031,7,3405,2,7200,1.00205580029
87659,87667,90894,8,3227,2,7200,1.00247908274
87746,87754,91316,8,3562,2,7200,1.00224592925
87747,87762,90981,15,3219,2,7200,1.00465983225
87784,87791,91187,7,3396,2,7200,1.00206124853
87860,87867,91574,7,3707,2,7200,1.0018883194
87882,87890,91486,8,3596,2,7200,1.0022246941
88043,88050,91385,7,3335,2,7200,1.00209895052
88090,88097,91576,7,3479,2,7200,1.00201207243
88251,88258,91705,7,3447,2,7200,1.00203075138
88327,88335,91926,8,3591,2,7200,1.0022277917
88358,88365,91700,7,3335,2,7200,1.00209895052
88453,88460,92112,7,3652,2,7200,1.00191675794
88480,88487,91958,7,3471,2,7200,1.00201670988
88495,88502,91692,7,3190,2,7200,1.00219435737
88709,88716,91938,7,3222,2,7200,1.00217256363
89252,89259,92560,7,3301,2,7200,1.00212056952
89407,89416,92971,9,3555,2,7200,1.00253164557
89593,89601,93186,8,3585,2,7200,1.00223152022
89793,89800,93079,7,3279,2,7200,1.00213479719
89808,89817,93126,9,3309,2,7200,1.00271985494
89830,89838,93241,8,3403,2,7200,1.00235086688
89858,89866,93207,8,3341,2,7200,1.00239449267
89988,89995,93494,7,3499,2,7200,1.00200057159
90096,90103,93338,7,3235,2,7200,1.00216383308
90111,90119,93583,8,3464,2,7200,1.00230946882
90126,90134,93368,8,3234,2,7200,1.00247371676
90128,90141,93646,13,3505,2,7200,1.00370898716
90189,90196,93469,7,3273,2,7200,1.00213871066
90219,90226,93635,7,3409,2,7200,1.00205338809
90259,90266,93588,7,3322,2,7200,1.00210716436
90274,90282,93575,8,3293,2,7200,1.00242939569
90299,90306,93727,7,3421,2,7200,1.00204618533
90317,90325,93483,8,3158,2,7200,1.00253324889
90335,90343,93565,8,3222,2,7200,1.00248292986
90339,90351,90441,12,90,1,3600,1.13333333333
90375,90382,93787,7,3405,2,7200,1.00205580029
90391,90398,93969,7,3571,2,7200,1.00196023523
90392,90407,94081,15,3674,2,7200,1.0040827436
90394,90412,93839,18,3427,2,7200,1.00525240735
90409,90420,93736,11,3316,2,7200,1.0033172497
90445,90454,94032,9,3578,2,7200,1.00251537172
90461,90469,93657,8,3188,2,7200,1.00250941029
90476,90484,94094,8,3610,2,7200,1.00221606648
90478,90490,94053,12,3563,2,7200,1.00336794836
90493,90501,93935,8,3434,2,7200,1.00232964473
90511,90520,93971,9,3451,2,7200,1.00260793973
90527,90534,93846,7,3312,2,7200,1.00211352657
90542,90550,93962,8,3412,2,7200,1.00234466589
90558,90566,93547,8,2981,2,7200,1.0026836632
90559,90574,93783,15,3209,2,7200,1.00467435338
90561,90579,94112,18,3533,2,7200,1.00509482027
90576,90587,93863,11,3276,2,7200,1.00335775336
90578,90593,94011,15,3418,2,7200,1.0043885313
90594,90601,93734,7,3133,2,7200,1.00223428024
90595,90610,94059,15,3449,2,7200,1.00434908669
90596,90616,94252,20,3636,2,7200,1.00550055006
90612,90624,94173,12,3549,2,7200,1.00338123415
90613,90629,94014,16,3385,2,7200,1.0047267356
90629,90637,94031,8,3394,2,7200,1.00235710077
90630,90644,93853,14,3209,2,7200,1.00436272982
90661,90668,94017,7,3349,2,7200,1.00209017617
90662,90676,94188,14,3512,2,7200,1.00398633257
90677,90687,93918,10,3231,2,7200,1.00309501702
90693,90701,94177,8,3476,2,7200,1.00230149597
90694,90709,94213,15,3504,2,7200,1.00428082192
90709,90718,93945,9,3227,2,7200,1.00278896808
90725,90732,93956,7,3224,2,7200,1.00217121588
90743,90750,94130,7,3380,2,7200,1.00207100592
90744,90758,94111,14,3353,2,7200,1.00417536534
90781,90789,94032,8,3243,2,7200,1.00246685168
90797,90805,94446,8,3641,2,7200,1.00219719857
90894,91704,94911,810,3207,2,7200,1.25257249766
90909,91713,94917,804,3204,2,7200,1.25093632959
90943,91951,95136,1008,3185,2,7200,1.31648351648
90958,91971,95427,1013,3456,2,7200,1.29311342593
90973,92572,96274,1599,3702,2,7200,1.4319286872
90989,92984,96467,1995,3483,2,7200,1.57278208441
90991,93093,96347,2102,3254,2,7200,1.64597418562
91030,93140,96671,2110,3531,2,7200,1.59756442934
91134,93198,96612,2064,3414,2,7200,1.60456942004
91156,93219,96608,2063,3389,2,7200,1.60873413986
91186,93254,96884,2068,3630,2,7200,1.5696969697
91224,93350,96598,2126,3248,2,7200,1.65455665025
91255,93506,96815,2251,3309,2,7200,1.68026594137
91317,93559,96899,2242,3340,2,7200,1.67125748503
91388,93595,96884,2207,3289,2,7200,1.67102462755
91483,93746,96913,2263,3167,2,7200,1.71455636249
91571,93753,97393,2182,3640,2,7200,1.59945054945
91573,93795,97324,2222,3529,2,7200,1.62964012468
91694,93858,97106,2164,3248,2,7200,1.66625615764
91710,93865,97102,2155,3237,2,7200,1.66573988261
91711,93876,97205,2165,3329,2,7200,1.65034544908
91926,93930,97402,2004,3472,2,7200,1.57718894009
91942,93957,97332,2015,3375,2,7200,1.59703703704
91958,93968,97276,2010,3308,2,7200,1.60761789601
92113,93975,97198,1862,3223,2,7200,1.57772261868
92560,93982,97470,1422,3488,2,7200,1.40768348624
92972,93988,97602,1016,3614,2,7200,1.281128943
93080,93993,97582,913,3589,2,7200,1.25438840903
93128,93998,97338,870,3340,2,7200,1.26047904192
93187,94003,97950,816,3947,2,7200,1.20673929567
93209,94009,97438,800,3429,2,7200,1.23330417031
93243,94014,97698,771,3684,2,7200,1.20928338762
93338,94019,97204,681,3185,2,7200,1.21381475667
93369,94024,97406,655,3382,2,7200,1.19367238321
93470,94029,97711,559,3682,2,7200,1.15181966323
93485,94035,97640,550,3605,2,7200,1.15256588072
93500,94040,97291,540,3251,2,7200,1.16610273762
93546,94045,97549,499,3504,2,7200,1.1424086758
93567,94050,97605,483,3555,2,7200,1.1358649789
93583,94056,97545,473,3489,2,7200,1.13556893093
93584,94061,97704,477,3643,2,7200,1.13093604172
93599,94066,97326,467,3260,2,7200,1.14325153374
93636,94071,97498,435,3427,2,7200,1.12693317771
93652,94077,97153,425,3076,2,7200,1.13816644993
93668,94082,97496,414,3414,2,7200,1.12126537786
93727,94087,97780,360,3693,2,7200,1.09748172218
93742,94092,97585,350,3493,2,7200,1.1002004008
93744,94098,97376,354,3278,2,7200,1.10799267846
93783,94103,97583,320,3480,2,7200,1.09195402299
93785,94108,97491,323,3383,2,7200,1.09547738693
93840,94113,97617,273,3504,2,7200,1.0779109589
93855,94118,97706,263,3588,2,7200,1.07329988852
93856,94124,97525,268,3401,2,7200,1.07880035284
93871,94129,97571,258,3442,2,7200,1.07495642069
93917,94134,97573,217,3439,2,7200,1.0630997383
93935,94139,97449,204,3310,2,7200,1.06163141994
93951,94145,97703,194,3558,2,7200,1.05452501405
93966,94150,97396,184,3246,2,7200,1.05668515096
93968,94155,97782,187,3627,2,7200,1.05155776124
93983,94163,97473,180,3310,2,7200,1.05438066465
93984,94168,97498,184,3330,2,7200,1.05525525526
94009,94174,97474,165,3300,2,7200,1.05
94025,94179,97509,154,3330,2,7200,1.04624624625
94026,94184,97327,158,3143,2,7200,1.05027044225
94042,94189,97707,147,3518,2,7200,1.04178510517
94043,94194,97625,151,3431,2,7200,1.04401049257
94044,94200,97806,156,3606,2,7200,1.04326123128
94060,94205,97628,145,3423,2,7200,1.04236050248
94061,94210,97675,149,3465,2,7200,1.043001443
94080,94215,97676,135,3461,2,7200,1.03900606761
94095,94221,97996,126,3775,2,7200,1.03337748344
94111,94226,97856,115,3630,2,7200,1.03168044077
94136,94231,97289,95,3058,2,7200,1.03106605625
94138,94236,97564,98,3328,2,7200,1.02944711538
94176,94243,97513,67,3270,2,7200,1.02048929664
94178,94248,98067,70,3819,2,7200,1.0183294056
94193,94253,97761,60,3508,2,7200,1.01710376283
94215,94258,97377,43,3119,2,7200,1.01378647002
94252,94266,97633,14,3367,2,7200,1.00415800416
94446,94453,98140,7,3687,2,7200,1.00189856252
94705,94711,106951,6,12240,3,14400,1.00049019608
94911,94918,98229,7,3311,2,7200,1.0021141649
94926,94933,98227,7,3294,2,7200,1.0021250759
95125,95132,95133,7,1,2,3540,1.0
95136,95143,98408,7,3265,2,7200,1.002143951
95430,95436,98825,6,3389,2,7200,1.00177043376
95698,95705,95875,7,170,1,3600,1.04117647059
96044,96052,96390,8,338,1,3600,1.02366863905
96275,96282,99522,7,3240,2,7200,1.00216049383
96350,96357,100108,7,3751,2,7200,1.00186616902
96469,96475,99821,6,3346,2,7200,1.00179318589
96600,96606,100033,6,3427,2,7200,1.00175080245
96616,96623,100027,7,3404,2,7200,1.00205640423
96617,96630,100008,13,3378,2,7200,1.00384843102
96674,96681,100131,7,3450,2,7200,1.00202898551
96741,96748,97471,7,723,1,3600,1.00968188105
96818,96825,100314,7,3489,2,7200,1.00200630553
96885,96891,100237,6,3346,2,7200,1.00179318589
96887,96899,100446,12,3547,2,7200,1.00338314068
96902,96908,100223,6,3315,2,7200,1.00180995475
96917,96924,100271,7,3347,2,7200,1.00209142516
97102,97109,100306,7,3197,2,7200,1.00218955271
97117,97124,100365,7,3241,2,7200,1.00215982721
97151,97157,100388,6,3231,2,7200,1.00185701021
97200,97207,100488,7,3281,2,7200,1.00213349589
97216,97223,100488,7,3265,2,7200,1.002143951
97217,97230,101082,13,3852,2,7200,1.0033748702
97278,97285,100576,7,3291,2,7200,1.00212701307
97295,97303,100421,8,3118,2,7200,1.00256574727
97296,97308,100469,12,3161,2,7200,1.003796267
97325,97332,100470,7,3138,2,7200,1.0022307202
97326,97339,100678,13,3339,2,7200,1.00389338125
97328,97344,100590,16,3246,2,7200,1.00492914356
97344,97351,100506,7,3155,2,7200,1.00221870048
97346,97359,100993,13,3634,2,7200,1.00357732526
97377,97384,100772,7,3388,2,7200,1.0020661157
97378,97391,100759,13,3368,2,7200,1.00385985748
97394,97401,100745,7,3344,2,7200,1.00209330144
97409,97417,101114,8,3697,2,7200,1.00216391669
97411,97425,100949,14,3524,2,7200,1.00397275823
97412,97430,100914,18,3484,2,7200,1.00516647532
97437,97444,100869,7,3425,2,7200,1.00204379562
97452,97459,100957,7,3498,2,7200,1.00200114351
97471,97478,100757,7,3279,2,7200,1.00213479719
97472,97486,101060,14,3574,2,7200,1.00391717963
97488,97497,101045,9,3548,2,7200,1.00253664036
97503,97511,100915,8,3404,2,7200,1.00235017626
97504,97519,100913,15,3394,2,7200,1.00441956394
97506,97524,100797,18,3273,2,7200,1.0054995417
97507,97529,100904,22,3375,2,7200,1.00651851852
97522,97537,100954,15,3417,2,7200,1.00438981563
97524,97542,101045,18,3503,2,7200,1.00513845275
97539,97549,100907,10,3358,2,7200,1.00297796307
97554,97562,101147,8,3585,2,7200,1.00223152022
97556,97570,101039,14,3469,2,7200,1.00403574517
97571,97579,101164,8,3585,2,7200,1.00223152022
97573,97584,100850,11,3266,2,7200,1.00336803429
97574,97593,101192,19,3599,2,7200,1.00527924423
97590,97601,101011,11,3410,2,7200,1.00322580645
97591,97606,101091,15,3485,2,7200,1.00430416069
97592,97612,100972,20,3360,2,7200,1.00595238095
97608,97619,101254,11,3635,2,7200,1.0030261348
97610,97625,100885,15,3260,2,7200,1.00460122699
97625,97633,101293,8,3660,2,7200,1.00218579235
97626,97640,100857,14,3217,2,7200,1.00435188063
97642,97652,100763,10,3111,2,7200,1.00321440051
97643,97657,101278,14,3621,2,7200,1.00386633527
97645,97662,100951,17,3289,2,7200,1.0051687443
97675,97682,100868,7,3186,2,7200,1.00219711237
97677,97689,101180,12,3491,2,7200,1.00343741048
97705,97715,101151,10,3436,2,7200,1.00291036088
97707,97720,101153,13,3433,2,7200,1.00378677542
97708,97728,101579,20,3851,2,7200,1.00519345625
97710,97733,101172,23,3439,2,7200,1.00668799069
97711,97739,101173,28,3434,2,7200,1.00815375655
97728,97746,101294,18,3548,2,7200,1.00507328072
97758,97766,101142,8,3376,2,7200,1.00236966825
97781,97788,100879,7,3091,2,7200,1.00226463928
97798,97805,101272,7,3467,2,7200,1.00201903663
97813,97822,101385,9,3563,2,7200,1.00252596127
97856,97865,101207,9,3342,2,7200,1.0026929982
97948,97955,101334,7,3379,2,7200,1.00207161882
97997,100236,103553,2239,3317,2,7200,1.67500753693
98067,100249,103322,2182,3073,2,7200,1.71005532053
98141,100284,103535,2143,3251,2,7200,1.65918179022
98226,100320,103547,2094,3227,2,7200,1.64889990703
98241,100333,103858,2092,3525,2,7200,1.5934751773
98409,100380,103951,1971,3571,2,7200,1.55194623355
98675,98683,98795,8,112,1,3600,1.07142857143
98825,100401,103832,1576,3431,2,7200,1.45934129991
98966,98973,99290,7,317,1,3600,1.02208201893
99268,99275,99427,7,152,1,3600,1.04605263158
99524,100460,104016,936,3556,2,7200,1.26321709786
99599,99607,99959,8,352,1,3600,1.02272727273
99756,99764,100368,8,604,1,3600,1.01324503311
99823,100484,103564,661,3080,2,7200,1.21461038961
100010,100589,104316,579,3727,2,7200,1.15535283069
100025,100776,104374,751,3598,2,7200,1.20872707059
100040,100784,103888,744,3104,2,7200,1.23969072165
100110,100870,104570,760,3700,2,7200,1.20540540541
100132,100880,104283,748,3403,2,7200,1.21980605348
100223,100887,104397,664,3510,2,7200,1.18917378917
100239,100894,104306,655,3412,2,7200,1.19196951934
100272,100901,104165,629,3264,2,7200,1.19270833333
100306,100919,104509,613,3590,2,7200,1.17075208914
100317,100328,101155,11,827,1,3600,1.01330108827
100321,100926,104163,605,3237,2,7200,1.18690145196
100367,100963,104412,596,3449,2,7200,1.17280371122
100388,100984,104288,596,3304,2,7200,1.1803874092
100422,101005,104455,583,3450,2,7200,1.16898550725
100450,101023,104519,573,3496,2,7200,1.16390160183
100471,101072,104341,601,3269,2,7200,1.18384827164
100473,101078,104215,605,3137,2,7200,1.19285941983
100488,101083,104433,595,3350,2,7200,1.1776119403
100490,101088,104561,598,3473,2,7200,1.17218543046
100505,101093,104401,588,3308,2,7200,1.17775090689
100578,101099,104221,521,3122,2,7200,1.166880205
100593,101104,104486,511,3382,2,7200,1.1510940272
100679,101109,104493,430,3384,2,7200,1.12706855792
100747,101114,104308,367,3194,2,7200,1.11490294302
100762,101120,104551,358,3431,2,7200,1.10434275721
100764,101125,104870,361,3745,2,7200,1.09639519359
100765,101130,104791,365,3661,2,7200,1.09969953565
100780,101135,104689,355,3554,2,7200,1.09988745076
100798,101141,104806,343,3665,2,7200,1.09358799454
100851,101146,104565,295,3419,2,7200,1.08628253875
100867,101151,104606,284,3455,2,7200,1.08219971056
100868,101156,104518,288,3362,2,7200,1.08566329566
100884,101162,104660,278,3498,2,7200,1.07947398513
100885,101167,104745,282,3578,2,7200,1.07881498044
100900,101172,104348,272,3176,2,7200,1.08564231738
100916,101177,104651,261,3474,2,7200,1.07512953368
100918,101182,104792,264,3610,2,7200,1.07313019391
100919,101188,104849,269,3661,2,7200,1.07347719202
100920,101193,104490,273,3297,2,7200,1.08280254777
100922,101198,104398,276,3200,2,7200,1.08625
100947,101203,104794,256,3591,2,7200,1.07128933445
100949,101209,104871,260,3662,2,7200,1.07099945385
100964,101214,104698,250,3484,2,7200,1.07175660161
100966,101219,104488,253,3269,2,7200,1.07739369838
100981,101224,104527,243,3303,2,7200,1.07356948229
100997,101230,104850,233,3620,2,7200,1.06436464088
101013,101235,104683,222,3448,2,7200,1.06438515081
101038,101240,104794,202,3554,2,7200,1.05683736635
101055,101245,104776,190,3531,2,7200,1.05380911923
101056,101250,104565,194,3315,2,7200,1.05852187029
101075,101259,104566,184,3307,2,7200,1.05563955246
101091,101264,104691,173,3427,2,7200,1.05048147067
101092,101270,104407,178,3137,2,7200,1.0567421103
101115,101275,104369,160,3094,2,7200,1.05171299289
101143,101280,105038,137,3758,2,7200,1.03645556147
101159,101285,104689,126,3404,2,7200,1.03701527615
101160,101290,105008,130,3718,2,7200,1.03496503497
101161,101296,104788,135,3492,2,7200,1.03865979381
101177,101301,104541,124,3240,2,7200,1.03827160494
101178,101306,104690,128,3384,2,7200,1.0378250591
101180,101311,104632,131,3321,2,7200,1.03944595002
101195,101317,104832,122,3515,2,7200,1.0347083926
101197,101322,104764,125,3442,2,7200,1.03631609529
101212,101327,104678,115,3351,2,7200,1.034318114
101255,101334,104529,79,3195,2,7200,1.02472613459
101274,101340,104384,66,3044,2,7200,1.02168199737
101290,101345,104735,55,3390,2,7200,1.01622418879
101305,101350,104690,45,3340,2,7200,1.01347305389
101307,101356,104822,49,3466,2,7200,1.0141373341
101335,101363,104481,28,3118,2,7200,1.00898011546
101384,101391,104562,7,3171,2,7200,1.00220750552
101579,101585,105440,6,3855,2,7200,1.00155642023
102372,102380,102485,8,105,1,3600,1.07619047619
102653,102659,102973,6,314,1,3600,1.01910828025
102924,102930,103045,6,115,1,1800,1.05217391304
103322,103329,106656,7,3327,2,7200,1.0021039976
103332,103339,103443,7,104,1,1800,1.06730769231
103416,103422,104026,6,604,1,3600,1.00993377483
103537,103543,107035,6,3492,2,7200,1.00171821306
103553,103559,107273,6,3714,2,7200,1.00161550889
103554,103566,106796,12,3230,2,7200,1.00371517028
103570,103578,107172,8,3594,2,7200,1.00222593211
103831,103837,107233,6,3396,2,7200,1.00176678445
103858,103864,107270,6,3406,2,7200,1.00176159718
103886,103892,107335,6,3443,2,7200,1.00174266628
103952,103959,107002,7,3043,2,7200,1.00230036149
104016,104022,107403,6,3381,2,7200,1.00177462289
104122,104129,104694,7,565,1,1800,1.01238938053
104163,104169,107385,6,3216,2,7200,1.00186567164
104164,104176,107434,12,3258,2,7200,1.00368324125
104216,104223,107516,7,3293,2,7200,1.00212572123
104231,104238,107508,7,3270,2,7200,1.00214067278
104284,104291,107566,7,3275,2,7200,1.00213740458
104299,104305,107443,6,3138,2,7200,1.00191204589
104315,104321,107932,6,3611,2,7200,1.00166158959
104316,104328,107566,12,3238,2,7200,1.00370599135
104317,104334,107915,17,3581,2,7200,1.0047472773
104342,104349,107649,7,3300,2,7200,1.00212121212
104357,104365,107854,8,3489,2,7200,1.00229292061
104373,104380,107942,7,3562,2,7200,1.0019651881
104375,104388,107758,13,3370,2,7200,1.00385756677
104390,104396,107999,6,3603,2,7200,1.00166527893
104406,104413,107786,7,3373,2,7200,1.00207530388
104408,104420,107919,12,3499,2,7200,1.0034295513
104409,104426,107926,17,3500,2,7200,1.00485714286
104424,104433,107850,9,3417,2,7200,1.00263388938
104426,104438,108106,12,3668,2,7200,1.00327153762
104441,104448,107832,7,3384,2,7200,1.00206855792
104456,104463,108204,7,3741,2,7200,1.00187115744
104482,104489,107919,7,3430,2,7200,1.00204081633
104484,104496,108215,12,3719,2,7200,1.00322667384
104499,104507,107646,8,3139,2,7200,1.00254858235
104501,104516,107541,15,3025,2,7200,1.00495867769
104502,104521,107647,19,3126,2,7200,1.00607805502
104518,104528,108132,10,3604,2,7200,1.00277469478
104520,104533,108127,13,3594,2,7200,1.00361713968
104521,104538,107779,17,3241,2,7200,1.00524529466
104537,104547,107893,10,3346,2,7200,1.00298864316
104538,104552,107834,14,3282,2,7200,1.00426569165
104554,104561,107907,7,3346,2,7200,1.00209205021
104555,104569,107813,14,3244,2,7200,1.00431565968
104572,104579,108003,7,3424,2,7200,1.00204439252
104573,104587,107995,14,3408,2,7200,1.00410798122
104575,104592,107589,17,2997,2,7200,1.00567233901
104576,104597,108289,21,3692,2,7200,1.005687974
104577,104603,107914,26,3311,2,7200,1.0078526125
104578,104608,108096,30,3488,2,7200,1.00860091743
104606,104615,108056,9,3441,2,7200,1.00261551874
104634,104641,107877,7,3236,2,7200,1.0021631644
104652,104661,107833,9,3172,2,7200,1.00283732661
104668,104676,108411,8,3735,2,7200,1.00214190094
104690,104699,108037,9,3338,2,7200,1.00269622528
104691,104704,108294,13,3590,2,7200,1.00362116992
104692,104713,108282,21,3569,2,7200,1.00588400112
104694,104718,108410,24,3692,2,7200,1.00650054171
104695,104723,108295,28,3572,2,7200,1.0078387458
104697,104728,108286,31,3558,2,7200,1.00871275998
104719,104736,108145,17,3409,2,7200,1.00498679965
104721,104741,108105,20,3364,2,7200,1.00594530321
104736,104749,108246,13,3497,2,7200,1.00371747212
104751,104760,108347,9,3587,2,7200,1.0025090605
104767,104774,108254,7,3480,2,7200,1.00201149425
104784,104792,108052,8,3260,2,7200,1.00245398773
104801,104809,108233,8,3424,2,7200,1.0023364486
104802,104817,108119,15,3302,2,7200,1.00454270139
104804,104822,108338,18,3516,2,7200,1.00511945392
104805,104827,108202,22,3375,2,7200,1.00651851852
104806,104833,108254,27,3421,2,7200,1.00789242911
104822,104841,108170,19,3329,2,7200,1.00570741965
104824,104846,108252,22,3406,2,7200,1.00645918967
104849,104856,108476,7,3620,2,7200,1.00193370166
104850,104864,108249,14,3385,2,7200,1.00413589365
104852,104869,108437,17,3568,2,7200,1.00476457399
104872,104880,108355,8,3475,2,7200,1.00230215827
104873,104888,108363,15,3475,2,7200,1.00431654676
105009,105017,108597,8,3580,2,7200,1.00223463687
105040,105048,108570,8,3522,2,7200,1.00227143668
105442,107021,110551,1579,3530,2,7200,1.44730878187
106428,106435,106482,7,47,1,1800,1.14893617021
106568,106576,106690,8,114,1,1800,1.0701754386
106659,107349,110899,690,3550,2,7200,1.19436619718
106794,106802,106883,8,81,1,1800,1.0987654321
106798,107399,110710,601,3311,2,7200,1.18151615826
107002,107416,111208,414,3792,2,7200,1.10917721519
107003,107013,107132,10,119,1,1800,1.08403361345
107036,107446,111005,410,3559,2,7200,1.11520089913
107096,142696,144989,35600,2293,3,86400,16.5255124291
107096,108330,142689,1234,34359,3,86400,1.03591489857
107097,145003,231440,37906,86437,3,86400,1.43853905156
107098,321554,407972,214456,86418,3,86400,3.481612627
107098,231451,317885,124353,86434,3,86400,2.4387046764
107172,107456,110719,284,3263,2,7200,1.08703646951
107234,107528,111149,294,3621,2,7200,1.0811930406
107269,107579,110676,310,3097,2,7200,1.10009686794
107284,107662,111170,378,3508,2,7200,1.10775370582
107337,107792,111049,455,3257,2,7200,1.13969910961
107386,107847,111497,461,3650,2,7200,1.12630136986
107402,107863,111246,461,3383,2,7200,1.13626958321
107434,107889,111408,455,3519,2,7200,1.12929809605
107449,107928,111302,479,3374,2,7200,1.14196799052
107510,107935,111409,425,3474,2,7200,1.12233736327
107525,108049,111241,524,3192,2,7200,1.164160401
107544,108065,111392,521,3327,2,7200,1.15659753532
107562,108072,111488,510,3416,2,7200,1.14929742389
107577,108117,111417,540,3300,2,7200,1.16363636364
107593,108124,111808,531,3684,2,7200,1.14413680782
107646,108131,111076,485,2945,2,7200,1.16468590832
107648,108139,111886,491,3747,2,7200,1.13103816386
107663,108158,111479,495,3321,2,7200,1.14905149051
107749,107758,108046,9,288,1,1800,1.03125
107758,108182,111391,424,3209,2,7200,1.13212838891
107780,108214,111605,434,3391,2,7200,1.12798584488
107795,108221,111758,426,3537,2,7200,1.12044105174
107806,107813,108382,7,569,1,1800,1.01230228471
107814,108245,111652,431,3407,2,7200,1.12650425594
107833,108258,111676,425,3418,2,7200,1.1243417203
107835,108265,111275,430,3010,2,7200,1.14285714286
107836,108270,111664,434,3394,2,7200,1.12787271656
107852,108277,111840,425,3563,2,7200,1.11928150435
107853,108325,130445,472,22120,9,36000,1.02133815552
107868,108282,111864,414,3582,2,7200,1.11557788945
107883,108295,111633,412,3338,2,7200,1.12342720192
107899,108302,111338,403,3036,2,7200,1.13274044796
107915,108309,111936,394,3627,2,7200,1.10862972153
107917,108314,111876,397,3562,2,7200,1.11145423919
107918,108335,111946,417,3611,2,7200,1.11548047632
107935,108340,111644,405,3304,2,7200,1.12257869249
107937,108345,111812,408,3467,2,7200,1.11768099221
107938,108351,111593,413,3242,2,7200,1.12739049969
107939,108356,111550,417,3194,2,7200,1.13055729493
107955,108366,111634,411,3268,2,7200,1.12576499388
107996,108371,111678,375,3307,2,7200,1.11339582703
107998,108377,111641,379,3264,2,7200,1.11611519608
108014,108382,111567,368,3185,2,7200,1.11554160126
108040,108387,111720,347,3333,2,7200,1.10411041104
108055,108392,111975,337,3583,2,7200,1.09405526095
108071,108398,111844,327,3446,2,7200,1.09489262914
108096,108403,111713,307,3310,2,7200,1.09274924471
108113,108408,111787,295,3379,2,7200,1.08730393608
108114,108413,112260,299,3847,2,7200,1.07772290096
108130,108418,111773,288,3355,2,7200,1.08584202683
108132,108424,111606,292,3182,2,7200,1.09176618479
108133,108429,111618,296,3189,2,7200,1.09281906554
108149,108434,111863,285,3429,2,7200,1.08311461067
108171,108439,111639,268,3200,2,7200,1.08375
108201,108445,111844,244,3399,2,7200,1.07178581936
108202,108454,111670,252,3216,2,7200,1.07835820896
108218,108460,111794,242,3334,2,7200,1.0725854829
108234,108465,112307,231,3842,2,7200,1.06012493493
108250,108470,111841,220,3371,2,7200,1.06526253337
108251,108475,112102,224,3627,2,7200,1.0617590295
108252,108480,111640,228,3160,2,7200,1.07215189873
108254,108486,111944,232,3458,2,7200,1.06709080393
108270,108491,111727,221,3236,2,7200,1.06829419036
108286,108496,111782,210,3286,2,7200,1.06390748631
108288,108501,111678,213,3177,2,7200,1.06704438149
108289,108507,112256,218,3749,2,7200,1.05814883969
108305,108512,111594,207,3082,2,7200,1.0671641791
108307,108517,112021,210,3504,2,7200,1.05993150685
108332,108525,111966,193,3441,2,7200,1.05608834641
108349,108530,111877,181,3347,2,7200,1.05407827906
108365,108535,112301,170,3766,2,7200,1.04514073287
108367,108540,112119,173,3579,2,7200,1.04833752445
108408,108546,112212,138,3666,2,7200,1.03764320786
108424,108551,111781,127,3230,2,7200,1.03931888545
108440,108556,111753,116,3197,2,7200,1.03628401627
108478,108561,111791,83,3230,2,7200,1.02569659443
108572,108579,112052,7,3473,2,7200,1.00201554852
108594,108601,112180,7,3579,2,7200,1.00195585359
109726,109732,113977,6,4245,2,72000,1.00141342756
110340,110346,110397,6,51,1,1800,1.11764705882
110552,110559,114138,7,3579,2,7200,1.00195585359
110676,110682,114137,6,3455,2,7200,1.0017366136
110710,110716,113993,6,3277,2,7200,1.00183094294
110726,110733,114053,7,3320,2,7200,1.00210843373
110733,110739,110819,6,80,1,1800,1.075
110900,110906,114215,6,3309,2,7200,1.00181323663
111009,111015,114622,6,3607,2,7200,1.00166343222
111050,111057,114631,7,3574,2,7200,1.00195858982
111078,111084,114776,6,3692,2,7200,1.00162513543
111151,111158,114627,7,3469,2,7200,1.00201787259
111173,111180,114412,7,3232,2,7200,1.00216584158
111212,111219,114448,7,3229,2,7200,1.00216785382
111244,111251,114410,7,3159,2,7200,1.0022158911
111261,111267,114692,6,3425,2,7200,1.00175182482
111276,111283,114488,7,3205,2,7200,1.00218408736
111304,111311,114493,7,3182,2,7200,1.00219987429
111340,111347,114593,7,3246,2,7200,1.00215650031
111394,111401,114936,7,3535,2,7200,1.00198019802
111396,111409,114895,13,3486,2,7200,1.00372920252
111411,111419,115044,8,3625,2,7200,1.00220689655
111413,111426,115011,13,3585,2,7200,1.00362622036
111428,111436,115087,8,3651,2,7200,1.0021911805
111481,111488,114738,7,3250,2,7200,1.00215384615
111498,111505,115368,7,3863,2,7200,1.00181206316
111499,111512,114696,13,3184,2,7200,1.00408291457
111549,111556,114814,7,3258,2,7200,1.0021485574
111567,111575,115076,8,3501,2,7200,1.00228506141
111592,111599,114849,7,3250,2,7200,1.00215384615
111610,111616,115186,6,3570,2,7200,1.00168067227
111611,111624,114934,13,3310,2,7200,1.00392749245
111612,111630,114771,18,3141,2,7200,1.00573065903
111628,111637,114885,9,3248,2,7200,1.00277093596
111647,111655,115236,8,3581,2,7200,1.00223401285
111649,111662,115412,13,3750,2,7200,1.00346666667
111650,111668,115100,18,3432,2,7200,1.00524475524
111651,111673,114899,22,3226,2,7200,1.00681959082
111653,111678,114858,25,3180,2,7200,1.00786163522
111654,111683,115120,29,3437,2,7200,1.00843759092
111670,111692,115134,22,3442,2,7200,1.00639163277
111672,111698,114881,26,3183,2,7200,1.0081683946
111673,111703,114996,30,3293,2,7200,1.00911023383
111690,111710,115052,20,3342,2,7200,1.00598444045
111691,111716,115068,25,3352,2,7200,1.00745823389
111692,111721,115137,29,3416,2,7200,1.00848946136
111714,111729,115149,15,3420,2,7200,1.00438596491
111731,111740,115072,9,3332,2,7200,1.00270108043
111733,111745,115347,12,3602,2,7200,1.00333148251
111755,111763,115010,8,3247,2,7200,1.00246381275
111772,111779,114971,7,3192,2,7200,1.00219298246
111788,111797,115145,9,3348,2,7200,1.00268817204
111790,111802,115165,12,3363,2,7200,1.00356824264
111791,111810,115121,19,3311,2,7200,1.0057384476
111792,111815,115187,23,3372,2,7200,1.00682087782
111809,111823,115313,14,3490,2,7200,1.00401146132
111810,111828,115250,18,3422,2,7200,1.00526008182
111812,111833,115382,21,3549,2,7200,1.00591715976
111828,111841,115094,13,3253,2,7200,1.0039963111
111836,111849,112137,13,288,1,1800,1.04513888889
111844,111857,115117,13,3260,2,7200,1.00398773006
111845,111862,115168,17,3306,2,7200,1.00514216576
111847,111867,114986,20,3119,2,7200,1.00641231164
111848,111872,115166,24,3294,2,7200,1.0072859745
111864,111881,115135,17,3254,2,7200,1.00522433927
111865,111886,115348,21,3462,2,7200,1.00606585789
111881,111894,115471,13,3577,2,7200,1.00363433044
111883,111899,115549,16,3650,2,7200,1.00438356164
111898,111907,115471,9,3564,2,7200,1.00252525253
111936,111944,115617,8,3673,2,7200,1.00217805608
111951,111961,115366,10,3405,2,7200,1.00293685756
111953,111966,115397,13,3431,2,7200,1.0037889828
111969,111976,115469,7,3493,2,7200,1.00200400802
111985,111992,115226,7,3234,2,7200,1.00216450216
112022,112030,115683,8,3653,2,7200,1.00218998084
112053,112061,115478,8,3417,2,7200,1.002341235
112105,112112,115768,7,3656,2,7200,1.00191466083
112120,112128,115629,8,3501,2,7200,1.00228506141
112180,112187,115730,7,3543,2,7200,1.00197572679
112212,112220,115420,8,3200,2,7200,1.0025
112253,112260,115276,7,3016,2,7200,1.00232095491
112269,112276,115709,7,3433,2,7200,1.00203903292
112301,112309,115300,8,2991,2,7200,1.00267469074
112317,112325,115803,8,3478,2,7200,1.00230017251
113992,113999,117396,7,3397,2,7200,1.00206064174
114054,114061,117437,7,3376,2,7200,1.00207345972
114138,114146,117874,8,3728,2,7200,1.00214592275
114139,114154,117400,15,3246,2,7200,1.00462107209
114214,114221,117406,7,3185,2,7200,1.0021978022
114410,114418,117884,8,3466,2,7200,1.00230813618
114412,114426,117957,14,3531,2,7200,1.00396488247
114446,114453,117724,7,3271,2,7200,1.00214001834
114489,114506,118003,17,3497,2,7200,1.00486130969
114504,114606,118253,102,3647,2,7200,1.02796819304
114539,114548,157419,9,42871,1,43200,1.00020993212
114594,114751,118375,157,3624,2,7200,1.04332229581
114622,114828,118374,206,3546,2,7200,1.05809362662
114638,114909,118288,271,3379,2,7200,1.08020124297
114639,114948,118360,309,3412,2,7200,1.09056271981
114692,114984,118280,292,3296,2,7200,1.08859223301
114707,114999,118390,292,3391,2,7200,1.08611029195
114732,115022,118344,290,3322,2,7200,1.08729680915
114772,115056,118447,284,3391,2,7200,1.08375110587
114787,115065,118674,278,3609,2,7200,1.0770296481
114818,115081,118376,263,3295,2,7200,1.07981790592
114852,115100,118729,248,3629,2,7200,1.06833838523
114867,115107,118254,240,3147,2,7200,1.07626310772
114883,115133,118456,250,3323,2,7200,1.07523322299
114899,115148,118423,249,3275,2,7200,1.07603053435
114900,115155,118535,255,3380,2,7200,1.07544378698
114901,115164,118489,263,3325,2,7200,1.07909774436
114937,115169,118326,232,3157,2,7200,1.07348748812
114939,115179,118501,240,3322,2,7200,1.07224563516
114970,115184,118538,214,3354,2,7200,1.06380441264
114989,115191,118779,202,3588,2,7200,1.05629877369
115005,115199,118705,194,3506,2,7200,1.05533371363
115021,115204,118685,183,3481,2,7200,1.05257110026
115022,115238,118453,216,3215,2,7200,1.06718506998
115044,115248,118310,204,3062,2,7200,1.06662312214
115060,115263,118873,203,3610,2,7200,1.05623268698
115076,115288,118703,212,3415,2,7200,1.06207906296
115077,115312,119052,235,3740,2,7200,1.0628342246
115078,115325,118690,247,3365,2,7200,1.07340267459
115095,115359,118554,264,3195,2,7200,1.08262910798
115096,115367,118842,271,3475,2,7200,1.07798561151
115113,115378,118644,265,3266,2,7200,1.08113900796
115129,115385,118867,256,3482,2,7200,1.07352096496
115131,115395,118867,264,3472,2,7200,1.07603686636
115132,115409,118790,277,3381,2,7200,1.08192842354
115150,115425,118721,275,3296,2,7200,1.08343446602
115151,115432,119000,281,3568,2,7200,1.07875560538
115152,115482,118660,330,3178,2,7200,1.10383889239
115154,115489,118777,335,3288,2,7200,1.10188564477
115155,115496,118624,341,3128,2,7200,1.10901534527
115176,115561,118962,385,3401,2,7200,1.11320199941
115177,115629,118926,452,3297,2,7200,1.13709432818
115178,115643,119025,465,3382,2,7200,1.13749260792
115194,115695,119082,501,3387,2,7200,1.14791851196
115196,115723,118990,527,3267,2,7200,1.1613100704
115227,115743,119302,516,3559,2,7200,1.14498454622
115243,115780,118865,537,3085,2,7200,1.17406807131
115259,115817,119306,558,3489,2,7200,1.15993121238
115278,117408,121192,2130,3784,2,7200,1.56289640592
115301,117415,120677,2114,3262,2,7200,1.64806866953
115316,117424,120592,2108,3168,2,7200,1.6654040404
115348,117449,120879,2101,3430,2,7200,1.61253644315
115349,117736,121280,2387,3544,2,7200,1.67353273138
115369,117887,121290,2518,3403,2,7200,1.73993535116
115370,117897,121396,2527,3499,2,7200,1.72220634467
115386,118015,121406,2629,3391,2,7200,1.7752875258
115402,118265,121867,2863,3602,2,7200,1.79483620211
115418,118282,121380,2864,3098,2,7200,1.92446739832
115419,118287,121582,2868,3295,2,7200,1.87040971168
115470,118292,121694,2822,3402,2,7200,1.82951205173
115486,118297,121889,2811,3592,2,7200,1.78257238307
115488,118303,121590,2815,3287,2,7200,1.85640401582
115489,118308,121660,2819,3352,2,7200,1.84099045346
115548,118313,121775,2765,3462,2,7200,1.79867128827
115616,118318,121470,2702,3152,2,7200,1.85723350254
115632,118324,121455,2692,3131,2,7200,1.85978920473
115684,118329,122025,2645,3696,2,7200,1.71563852814
115709,118334,121638,2625,3304,2,7200,1.79449152542
115731,118339,121615,2608,3276,2,7200,1.79609279609
115769,118345,121902,2576,3557,2,7200,1.7242057914
115806,118350,121673,2544,3323,2,7200,1.76557327716
117400,118356,121676,956,3320,2,7200,1.28795180723
117401,118361,121734,960,3373,2,7200,1.28461310406
117418,118366,121592,948,3226,2,7200,1.29386236826
117439,118371,121865,932,3494,2,7200,1.26674298798
117726,118377,121355,651,2978,2,7200,1.21860308932
117806,117969,122374,163,4405,2,10800,1.03700340522
117877,118382,121941,505,3559,2,7200,1.14189379039
117892,118387,121778,495,3391,2,7200,1.14597463875
117957,118392,121940,435,3548,2,7200,1.1226042841
118006,118398,121851,392,3453,2,7200,1.11352447147
118074,118273,118275,199,2,2,10800,20.1
118253,118403,121639,150,3236,2,7200,1.04635352287
118254,118408,121642,154,3234,2,7200,1.04761904762
118283,118416,121713,133,3297,2,7200,1.04033970276
118299,118421,121631,122,3210,2,7200,1.03800623053
118315,118426,121560,111,3134,2,7200,1.03541799617
118331,118432,121991,101,3559,2,7200,1.02837875808
118347,118437,121920,90,3483,2,7200,1.02583979328
118364,118442,121860,78,3418,2,7200,1.02282036279
118385,118447,121862,62,3415,2,7200,1.01815519766
118386,118453,121985,67,3532,2,7200,1.01896942242
118387,118458,121965,71,3507,2,7200,1.02024522384
118403,118463,122338,60,3875,2,7200,1.01548387097
118426,118471,121712,45,3241,2,7200,1.01388460352
118449,118476,121916,27,3440,2,7200,1.00784883721
118466,118482,122278,16,3796,2,7200,1.00421496312
118468,118488,122011,20,3523,2,7200,1.00567697985
118491,118498,121569,7,3071,2,7200,1.00227938782
118506,118513,122010,7,3497,2,7200,1.00200171576
118537,118544,121725,7,3181,2,7200,1.00220056586
118552,118560,121730,8,3170,2,7200,1.00252365931
118568,118575,121980,7,3405,2,7200,1.00205580029
118624,118631,121866,7,3235,2,7200,1.00216383308
118646,118653,121910,7,3257,2,7200,1.00214921707
118662,118669,122230,7,3561,2,7200,1.00196573996
118677,118684,121867,7,3183,2,7200,1.00219918316
118693,118700,122357,7,3657,2,7200,1.00191413727
118694,118707,122567,13,3860,2,7200,1.00336787565
118710,118718,122183,8,3465,2,7200,1.00230880231
118712,118724,122447,12,3723,2,7200,1.00322320709
118727,118735,121826,8,3091,2,7200,1.00258815917
118743,118750,122234,7,3484,2,7200,1.00200918485
118778,118786,122184,8,3398,2,7200,1.00235432607
118780,118794,122178,14,3384,2,7200,1.00413711584
118804,118811,122106,7,3295,2,7200,1.00212443096
118844,118851,122260,7,3409,2,7200,1.00205338809
118866,118873,122148,7,3275,2,7200,1.00213740458
118883,118891,122405,8,3514,2,7200,1.00227660785
118884,118899,122495,15,3596,2,7200,1.00417130145
118885,118904,122259,19,3355,2,7200,1.00566318927
118927,118934,122514,7,3580,2,7200,1.00195530726
118961,118969,122192,8,3223,2,7200,1.00248215948
118989,118996,122288,7,3292,2,7200,1.00212636695
119005,119013,122421,8,3408,2,7200,1.00234741784
119027,119035,122608,8,3573,2,7200,1.00223901483
119056,119065,122524,9,3459,2,7200,1.00260190807
119082,119090,122564,8,3474,2,7200,1.00230282096
119303,119311,122741,8,3430,2,7200,1.00233236152
119319,119326,123012,7,3686,2,7200,1.00189907759
119486,119494,160854,8,41360,2,72000,1.0001934236
120116,120124,120135,8,11,2,72000,1.72727272727
120206,120214,142254,8,22040,2,72000,1.00036297641
120378,120386,127623,8,7237,8,7200,1.00110543043
120592,120600,124039,8,3439,2,7200,1.00232625763
120680,120687,123945,7,3258,2,7200,1.0021485574
120879,120887,125031,8,4144,2,7200,1.00193050193
121195,121202,124464,7,3262,2,7200,1.00214592275
121281,121289,124750,8,3461,2,7200,1.00231147067
121297,121305,124573,8,3268,2,7200,1.00244798042
121356,121363,124583,7,3220,2,7200,1.00217391304
121382,121390,124589,8,3199,2,7200,1.00250078149
121399,121406,124689,7,3283,2,7200,1.00213219616
121414,121423,124580,9,3157,2,7200,1.00285080773
121454,121461,124607,7,3146,2,7200,1.00222504768
121472,121479,125156,7,3677,2,7200,1.00190372586
121559,121566,124857,7,3291,2,7200,1.00212701307
121575,121583,125159,8,3576,2,7200,1.00223713647
121592,121600,124912,8,3312,2,7200,1.00241545894
121593,121608,125038,15,3430,2,7200,1.00437317784
121595,121613,125060,18,3447,2,7200,1.00522193211
121613,121622,124850,9,3228,2,7200,1.00278810409
121632,121639,125382,7,3743,2,7200,1.00187015763
121648,121656,125018,8,3362,2,7200,1.00237953599
121649,121662,125196,13,3534,2,7200,1.00367855122
121651,121670,125040,19,3370,2,7200,1.0056379822
121667,121678,125515,11,3837,2,7200,1.00286682304
121683,121694,125091,11,3397,2,7200,1.00323815131
121684,121699,125313,15,3614,2,7200,1.00415052573
121702,121709,125089,7,3380,2,7200,1.00207100592
121718,121728,124955,10,3227,2,7200,1.00309885342
121720,121733,125523,13,3790,2,7200,1.00343007916
121737,121747,125020,10,3273,2,7200,1.00305530095
121738,121753,125352,15,3599,2,7200,1.0041678244
121740,121760,125136,20,3376,2,7200,1.00592417062
121775,121783,125303,8,3520,2,7200,1.00227272727
121776,121791,124941,15,3150,2,7200,1.00476190476
121829,121837,125253,8,3416,2,7200,1.00234192037
121848,121855,125276,7,3421,2,7200,1.00204618533
121864,121872,125274,8,3402,2,7200,1.00235155791
121866,121880,125281,14,3401,2,7200,1.00411643634
121867,121886,125255,19,3369,2,7200,1.00563965568
121868,121891,125315,23,3424,2,7200,1.00671728972
121884,121898,125072,14,3174,2,7200,1.00441083806
121885,121903,125196,18,3293,2,7200,1.0054661403
121901,121911,125258,10,3347,2,7200,1.00298775022
121903,121917,125480,14,3563,2,7200,1.00392927308
121919,121928,125360,9,3432,2,7200,1.00262237762
121920,121933,125323,13,3390,2,7200,1.00383480826
121937,121944,125436,7,3492,2,7200,1.0020045819
121953,121960,125206,7,3246,2,7200,1.00215650031
121954,121968,125362,14,3394,2,7200,1.00412492634
121970,121978,125413,8,3435,2,7200,1.00232896652
121987,121996,125434,9,3438,2,7200,1.00261780105
121988,122001,125489,13,3488,2,7200,1.00372706422
122004,122011,125485,7,3474,2,7200,1.00201496834
122020,122028,125392,8,3364,2,7200,1.00237812128
122021,122033,125260,12,3227,2,7200,1.00371862411
122037,122044,125325,7,3281,2,7200,1.00213349589
122108,122115,125726,7,3611,2,7200,1.00193852119
122149,122157,125387,8,3230,2,7200,1.00247678019
122180,122188,125888,8,3700,2,7200,1.00216216216
122196,122205,125540,9,3335,2,7200,1.00269865067
122198,122213,125738,15,3525,2,7200,1.00425531915
122199,124476,127941,2277,3465,2,7200,1.65714285714
122232,124585,127818,2353,3233,2,7200,1.72780699041
122247,124592,127904,2345,3312,2,7200,1.70803140097
122267,124601,128082,2334,3481,2,7200,1.67049698363
122268,124619,128239,2351,3620,2,7200,1.64944751381
122283,124762,128339,2479,3577,2,7200,1.69303885938
122301,124862,128328,2561,3466,2,7200,1.73889209463
122338,124869,128046,2531,3177,2,7200,1.79666351904
122360,124924,128144,2564,3220,2,7200,1.79627329193
122406,124953,128313,2547,3360,2,7200,1.75803571429
122422,124967,128391,2545,3424,2,7200,1.74328271028
122448,125030,128791,2582,3761,2,7200,1.68651954267
122494,125037,128282,2543,3245,2,7200,1.78366718028
122516,125045,128732,2529,3687,2,7200,1.68592351505
122532,125053,128731,2521,3678,2,7200,1.68542686243
122567,125059,128524,2492,3465,2,7200,1.71919191919
122568,125072,128574,2504,3502,2,7200,1.71501998858
122609,125085,128732,2476,3647,2,7200,1.67891417604
122743,125101,128773,2358,3672,2,7200,1.64215686275
122935,125266,132424,2331,7158,6,144000,1.3256496228
123013,125109,128826,2096,3717,2,7200,1.56389561474
123945,125169,129104,1224,3935,2,7200,1.31105463787
124040,125209,128303,1169,3094,2,7200,1.3778280543
124465,125218,128709,753,3491,2,7200,1.21569750788
124573,125271,128645,698,3374,2,7200,1.20687611144
124589,125276,128806,687,3530,2,7200,1.19461756374
124591,125281,128497,690,3216,2,7200,1.21455223881
124592,125287,128515,695,3228,2,7200,1.21530359356
124608,125292,128748,684,3456,2,7200,1.19791666667
124694,125297,128737,603,3440,2,7200,1.17529069767
124747,125302,128873,555,3571,2,7200,1.15541865024
124849,125308,128730,459,3422,2,7200,1.1341320865
124865,125313,128675,448,3362,2,7200,1.13325401547
124914,125318,128666,404,3348,2,7200,1.12066905615
124939,125323,128583,384,3260,2,7200,1.11779141104
124958,125329,128815,371,3486,2,7200,1.10642570281
125016,125334,128556,318,3222,2,7200,1.09869646182
125033,125339,128430,306,3091,2,7200,1.09899708832
125034,125344,128672,310,3328,2,7200,1.09314903846
125050,125350,128940,300,3590,2,7200,1.08356545961
125051,125355,128600,304,3245,2,7200,1.0936825886
125067,125360,128829,293,3469,2,7200,1.08446238109
125082,125365,128809,283,3444,2,7200,1.08217189315
125098,125370,128687,272,3317,2,7200,1.08200180886
125099,125376,128609,277,3233,2,7200,1.08567893597
125137,125381,128976,244,3595,2,7200,1.06787204451
125155,125386,128385,231,2999,2,7200,1.07702567523
125157,125391,128842,234,3451,2,7200,1.06780643292
125198,125397,129075,199,3678,2,7200,1.05410549212
125200,125402,128906,202,3504,2,7200,1.05764840183
125215,125407,128919,192,3512,2,7200,1.05466970387
125254,125412,128309,158,2897,2,7200,1.05453917846
125270,125420,129071,150,3651,2,7200,1.04108463435
125272,125426,128925,154,3499,2,7200,1.04401257502
125273,125431,129010,158,3579,2,7200,1.04414640961
125274,125436,128815,162,3379,2,7200,1.04794317846
125291,125441,128868,150,3427,2,7200,1.04377006128
125293,125447,128922,154,3475,2,7200,1.04431654676
125310,125452,128729,142,3277,2,7200,1.04333231614
125327,125457,128904,130,3447,2,7200,1.03771395416
125328,125462,128755,134,3293,2,7200,1.04069237777
125330,125467,128952,137,3485,2,7200,1.03931133429
125331,125473,128896,142,3423,2,7200,1.04148407829
125354,125478,128804,124,3326,2,7200,1.03728202044
125370,125483,128810,113,3327,2,7200,1.03396453261
125371,125488,129140,117,3652,2,7200,1.03203723987
125388,125494,128671,106,3177,2,7200,1.03336480957
125389,125499,128710,110,3211,2,7200,1.03425724073
125406,125504,128922,98,3418,2,7200,1.02867173786
125421,125512,129184,91,3672,2,7200,1.02478213508
125438,125517,128995,79,3478,2,7200,1.02271420357
125439,125522,129274,83,3752,2,7200,1.02212153518
125481,125527,129009,46,3482,2,7200,1.01321079839
125498,125533,128905,35,3372,2,7200,1.01037959668
125499,125538,128960,39,3422,2,7200,1.01139684395
125515,125545,128967,30,3422,2,7200,1.00876680304
125531,125550,129350,19,3800,2,7200,1.005
125547,125558,129259,11,3701,2,7200,1.00297216968
125726,125733,129271,7,3538,2,7200,1.00197851894
125742,125749,128980,7,3231,2,7200,1.00216651192
125888,125894,129438,6,3544,2,7200,1.00169300226
125917,125923,128013,6,2090,4,108000,1.0028708134
126454,126460,129214,6,2754,2,14400,1.00217864924
126730,126737,126900,7,163,1,3600,1.04294478528
127075,127083,127175,8,92,1,3600,1.08695652174
127238,127245,127330,7,85,1,3600,1.08235294118
127313,127320,130060,7,2740,2,10800,1.00255474453
127458,127464,127647,6,183,1,3600,1.03278688525
127593,127601,127611,8,10,1,3600,1.8
127654,127660,127668,6,8,1,3600,1.4
127757,127764,127769,7,5,1,3600,1.2
127820,127827,131489,7,3662,2,7200,1.00191152376
127847,127854,130415,7,2561,2,10800,1.0027333073
127905,127913,131215,8,3302,2,7200,1.00242277408
127942,127948,131500,6,3552,2,7200,1.00168918919
128046,128052,131604,6,3552,2,7200,1.00168918919
128062,128070,128071,8,1,1,3600,1.0
128081,128089,128095,8,6,2,14400,1.4
128083,128096,131427,13,3331,2,7200,1.00390273191
128145,128151,131474,6,3323,2,7200,1.00180559735
128220,128228,128341,8,113,1,3600,1.07079646018
128240,128247,131793,7,3546,2,7200,1.00197405527
128283,128290,131485,7,3195,2,7200,1.00219092332
128305,128313,131621,8,3308,2,7200,1.00241837969
128321,128329,131740,8,3411,2,7200,1.00234535327
128323,128336,131915,13,3579,2,7200,1.00363229953
128339,128346,131735,7,3389,2,7200,1.00206550605
128354,128362,131702,8,3340,2,7200,1.00239520958
128386,128393,131684,7,3291,2,7200,1.00212701307
128401,128408,131916,7,3508,2,7200,1.001995439
128434,128441,131586,7,3145,2,7200,1.00222575517
128497,128504,132098,7,3594,2,7200,1.0019476906
128516,128523,132116,7,3593,2,7200,1.00194823267
128536,128543,131862,7,3319,2,7200,1.002109069
128559,128566,132226,7,3660,2,7200,1.00191256831
128579,128586,132029,7,3443,2,7200,1.00203311066
128591,128707,158401,116,29694,18,57600,1.0039065131
128599,128606,131956,7,3350,2,7200,1.00208955224
128616,128624,132312,8,3688,2,7200,1.0021691974
128617,128629,132062,12,3433,2,7200,1.003495485
128645,128652,132082,7,3430,2,7200,1.00204081633
128667,128675,132017,8,3342,2,7200,1.00239377618
128670,128683,128692,13,9,1,3600,2.2
128684,128694,132074,10,3380,2,7200,1.00295857988
128686,128699,132349,13,3650,2,7200,1.00356164384
128687,128712,132219,25,3507,2,7200,1.00712859994
128704,128719,132114,15,3395,2,7200,1.00441826215
128719,128726,132311,7,3585,2,7200,1.0019525802
128721,128733,132042,12,3309,2,7200,1.00362647325
128738,128747,132262,9,3515,2,7200,1.00256045519
128739,128753,132200,14,3447,2,7200,1.00406150276
128741,128760,132526,19,3766,2,7200,1.00504514073
128742,128765,132113,23,3348,2,7200,1.006869773
128744,128771,132209,27,3438,2,7200,1.00785340314
128745,128776,132221,31,3445,2,7200,1.00899854862
128762,128784,132300,22,3516,2,7200,1.00625711035
128763,128789,132372,26,3583,2,7200,1.00725648898
128780,128797,132292,17,3495,2,7200,1.00486409156
128795,128805,131927,10,3122,2,7200,1.00320307495
128813,128821,132162,8,3341,2,7200,1.00239449267
128815,128829,132116,14,3287,2,7200,1.00425920292
128816,128834,132291,18,3457,2,7200,1.00520682673
128817,128839,132045,22,3206,2,7200,1.0068621335
128835,128847,132283,12,3436,2,7200,1.00349243306
128836,128852,131984,16,3132,2,7200,1.00510855683
128838,128857,132301,19,3444,2,7200,1.00551684088
128839,128863,132230,24,3367,2,7200,1.00712800713
128856,128870,132159,14,3289,2,7200,1.00425661295
128871,128878,132397,7,3519,2,7200,1.00198920148
128889,128901,132194,12,3293,2,7200,1.00364409353
128906,128914,132426,8,3512,2,7200,1.00227790433
128908,128919,132427,11,3508,2,7200,1.00313568985
128909,128927,132189,18,3262,2,7200,1.00551808706
128911,128933,132264,22,3331,2,7200,1.00660462324
128927,128941,132142,14,3201,2,7200,1.00437363324
128928,128947,132444,19,3497,2,7200,1.00543322848
128930,128952,132528,22,3576,2,7200,1.00615212528
128931,128957,132354,26,3397,2,7200,1.00765381219
128947,128965,132399,18,3434,2,7200,1.00524170064
128963,128973,132569,10,3596,2,7200,1.00278086763
128965,128979,132388,14,3409,2,7200,1.00410677618
128981,128990,132574,9,3584,2,7200,1.00251116071
128983,128995,132307,12,3312,2,7200,1.00362318841
128984,129004,132769,20,3765,2,7200,1.00531208499
129000,129011,132424,11,3413,2,7200,1.00322297099
129016,129025,132080,9,3055,2,7200,1.00294599018
129017,129227,132469,210,3242,2,10800,1.06477483035
129018,129030,132395,12,3365,2,7200,1.00356612184
129072,129079,132310,7,3231,2,7200,1.00216651192
129089,129096,133055,7,3959,2,7200,1.00176812326
129105,129113,132855,8,3742,2,7200,1.00213789417
129143,129151,132565,8,3414,2,7200,1.00234329233
129187,129194,132411,7,3217,2,7200,1.00217594032
129260,129267,132652,7,3385,2,7200,1.00206794682
129276,129283,132919,7,3636,2,7200,1.00192519252
129277,131598,134993,2321,3395,2,7200,1.68365243004
129352,131939,135461,2587,3522,2,7200,1.73452583759
129374,132304,137478,2930,5174,18,18000,1.56629300348
129438,131968,135268,2530,3300,2,7200,1.76666666667
130914,130922,130933,8,11,1,3600,1.72727272727
130934,130941,130947,7,6,1,3600,1.3
130957,130964,130968,7,4,1,3600,1.1
130977,130985,130990,8,5,1,3600,1.3
131217,131996,135346,779,3350,2,7200,1.23253731343
131430,132029,135373,599,3344,2,7200,1.17912679426
131475,132056,135599,581,3543,2,7200,1.16398532317
131491,132064,135368,573,3304,2,7200,1.17342615012
131493,132086,135445,593,3359,2,7200,1.17654063709
131508,132094,135419,586,3325,2,7200,1.1762406015
131585,132099,135416,514,3317,2,7200,1.15495930057
131604,132125,135692,521,3567,2,7200,1.14606111578
131623,132134,135435,511,3301,2,7200,1.15480157528
131685,132139,135482,454,3343,2,7200,1.13580616213
131704,132154,135412,450,3258,2,7200,1.13812154696
131735,132171,135601,436,3430,2,7200,1.12711370262
131750,132178,135687,428,3509,2,7200,1.12197207182
131793,132201,135379,408,3178,2,7200,1.12838263059
131864,132209,135579,345,3370,2,7200,1.10237388724
131916,132232,135500,316,3268,2,7200,1.09669522644
131918,132239,135601,321,3362,2,7200,1.09547888162
131933,132245,135592,312,3347,2,7200,1.09321780699
131957,132252,135762,295,3510,2,7200,1.08404558405
131978,131985,131986,7,1,2,3600,1.0
131985,132276,135651,291,3375,2,7200,1.08622222222
132019,132309,135656,290,3347,2,7200,1.0866447565
132036,132314,135566,278,3252,2,7200,1.08548585486
132041,132049,135699,8,3650,2,3600,1.00219178082
132052,132320,135576,268,3256,2,7200,1.08230958231
132053,132325,135497,272,3172,2,7200,1.08575031526
132069,132330,135740,261,3410,2,7200,1.07653958944
132071,132335,135999,264,3664,2,7200,1.07205240175
132089,132341,135668,252,3327,2,7200,1.07574391344
132090,132346,135687,256,3341,2,7200,1.07662376534
132111,132351,135702,240,3351,2,7200,1.07162041182
132128,132356,135802,228,3446,2,7200,1.06616366802
132129,132362,135716,233,3354,2,7200,1.0694692904
132131,132367,135666,236,3299,2,7200,1.07153682934
132132,132372,135770,240,3398,2,7200,1.07062978222
132148,132377,135402,229,3025,2,7200,1.07570247934
132164,132383,135571,219,3188,2,7200,1.06869510665
132166,132388,135727,222,3339,2,7200,1.06648697215
132190,132393,135713,203,3320,2,7200,1.06114457831
132215,132398,135695,183,3297,2,7200,1.05550500455
132217,132403,135941,186,3538,2,7200,1.05257207462
132218,132409,135639,191,3230,2,7200,1.05913312693
132219,132414,135937,195,3523,2,7200,1.05535055351
132221,132419,135872,198,3453,2,7200,1.05734144222
132237,132424,135750,187,3326,2,7200,1.05622369212
132239,132430,135730,191,3300,2,7200,1.05787878788
132261,132435,135958,174,3523,2,7200,1.04938972467
132280,132440,135916,160,3476,2,7200,1.04602991945
132281,132445,135850,164,3405,2,7200,1.04816446402
132300,132469,135606,169,3137,2,7200,1.05387312719
132301,132475,135759,174,3284,2,7200,1.05298416565
132303,132480,135667,177,3187,2,7200,1.05553812363
132304,132485,135994,181,3509,2,7200,1.05158164719
132306,132490,136160,184,3670,2,7200,1.05013623978
132325,132496,136154,171,3658,2,7200,1.04674685621
132326,132501,136272,175,3771,2,7200,1.04640678865
132327,132506,136071,179,3565,2,7200,1.05021037868
132342,132464,133156,122,692,6,324000,1.17630057803
132355,132511,135550,156,3039,2,7200,1.05133267522
132356,132517,136073,161,3556,2,7200,1.04527559055
132375,132522,135633,147,3111,2,7200,1.04725168756
132382,132454,378126,72,245672,6,324000,1.00029307369
132391,132527,135730,136,3203,2,7200,1.04246019357
132403,132459,378136,56,245677,6,324000,1.00022794157
132409,132532,136092,123,3560,2,7200,1.0345505618
132411,132538,136501,127,3963,2,7200,1.03204642947
132416,132543,136033,127,3490,2,7200,1.03638968481
132417,132548,135764,131,3216,2,7200,1.04073383085
132434,132553,135865,119,3312,2,7200,1.03592995169
132436,132559,136822,123,4263,2,7200,1.02885292048
132437,132564,136007,127,3443,2,7200,1.03688643625
132453,132571,136301,118,3730,2,7200,1.03163538874
132525,132577,136021,52,3444,2,7200,1.01509872242
132527,132582,135946,55,3364,2,7200,1.01634958383
132567,132589,135809,22,3220,2,7200,1.00683229814
132568,132595,136198,27,3603,2,7200,1.0074937552
132585,132601,136203,16,3602,2,7200,1.00444197668
132652,132658,136218,6,3560,2,7200,1.00168539326
132771,132778,136227,7,3449,2,7200,1.00202957379
132856,132863,136125,7,3262,2,7200,1.00214592275
132919,132926,136318,7,3392,2,7200,1.00206367925
133056,133062,136332,6,3270,2,7200,1.00183486239
134992,134998,137055,6,2057,2,7200,1.00291686923
135270,135276,137055,6,1779,2,7200,1.00337268128
135347,135353,137055,6,1702,2,7200,1.00352526439
135369,135376,137055,7,1679,2,7200,1.0041691483
135385,135393,137056,8,1663,2,7200,1.00481058328
135386,135398,137056,12,1658,2,7200,1.00723763571
135403,135409,137056,6,1647,2,7200,1.00364298725
135419,135426,137056,7,1630,2,7200,1.00429447853
135420,135433,137056,13,1623,2,7200,1.00800985829
135421,135438,137056,17,1618,2,7200,1.01050679852
135437,135445,137056,8,1611,2,7200,1.00496585971
135453,135460,137056,7,1596,2,7200,1.00438596491
135469,135476,137056,7,1580,2,7200,1.00443037975
135484,135491,137056,7,1565,2,7200,1.00447284345
135500,135508,137056,8,1548,2,7200,1.00516795866
135502,135515,137056,13,1541,2,7200,1.00843608047
135552,135559,137056,7,1497,2,7200,1.0046760187
135567,135573,137056,6,1483,2,7200,1.004045853
135583,135590,137056,7,1466,2,7200,1.00477489768
135584,135597,137056,13,1459,2,7200,1.00891021247
135586,135602,137056,16,1454,2,7200,1.01100412655
135602,135610,137056,8,1446,2,7200,1.00553250346
135604,135618,137056,14,1438,2,7200,1.00973574409
135605,135623,137056,18,1433,2,7200,1.01256106071
135606,135628,137056,22,1428,2,7200,1.01540616246
135622,135635,137056,13,1421,2,7200,1.00914848698
135638,135645,137056,7,1411,2,7200,1.00496102055
135655,135662,137056,7,1394,2,7200,1.0050215208
135656,135670,137056,14,1386,2,7200,1.0101010101
135658,135676,137056,18,1380,2,7200,1.01304347826
135674,135684,137056,10,1372,2,7200,1.00728862974
135675,135689,137056,14,1367,2,7200,1.01024140454
135676,135694,137056,18,1362,2,7200,1.01321585903
135695,135704,203531,9,67827,1,72000,1.00013269052
135696,135709,137056,13,1347,2,7200,1.00965107647
135697,135717,137056,20,1339,2,7200,1.01493651979
135698,135722,137056,24,1334,2,7200,1.0179910045
135700,135727,137056,27,1329,2,7200,1.02031602709
135716,135735,137056,19,1321,2,7200,1.01438304315
135717,135740,137056,23,1316,2,7200,1.01747720365
135719,135745,137056,26,1311,2,7200,1.01983218917
135735,135753,137056,18,1303,2,7200,1.01381427475
135736,135758,137056,22,1298,2,7200,1.01694915254
135738,135763,137056,25,1293,2,7200,1.01933488012
135755,135771,137056,16,1285,2,7200,1.01245136187
135756,135776,137056,20,1280,2,7200,1.015625
135773,135784,137056,11,1272,2,7200,1.00864779874
135774,135789,137056,15,1267,2,7200,1.01183898974
135775,135794,137056,19,1262,2,7200,1.01505546751
135777,135802,137056,25,1254,2,7200,1.01993620415
135803,135810,137057,7,1247,2,7200,1.00561347233
135819,135826,137056,7,1230,2,7200,1.00569105691
135850,135857,137056,7,1199,2,7200,1.0058381985
135866,135873,137056,7,1183,2,7200,1.00591715976
135882,135890,137056,8,1166,2,7200,1.00686106346
135917,135924,137056,7,1132,2,7200,1.00618374558
135940,135948,137056,8,1108,2,7200,1.00722021661
135941,135956,137056,15,1100,2,7200,1.01363636364
135957,135965,137056,8,1091,2,7200,1.00733272227
135973,135980,137056,7,1076,2,7200,1.00650557621
135995,136003,137056,8,1053,2,7200,1.00759734093
136011,136018,137056,7,1038,2,7200,1.00674373796
136013,136026,137057,13,1031,2,7200,1.01260911736
136028,136037,137057,9,1020,2,7200,1.00882352941
136044,136052,137057,8,1005,2,7200,1.007960199
136073,136082,137057,9,975,2,7200,1.00923076923
136075,136090,137057,15,967,2,7200,1.01551189245
136095,136103,137057,8,954,2,7200,1.00838574423
136126,136133,137057,7,924,2,7200,1.00757575758
136157,136164,137062,7,898,2,7200,1.00779510022
136174,136182,137057,8,875,2,7200,1.00914285714
136200,136207,137057,7,850,2,7200,1.00823529412
136201,136214,137057,13,843,2,7200,1.01542111507
136229,136237,137057,8,820,2,7200,1.00975609756
136230,136245,137057,15,812,2,7200,1.0184729064
136275,136283,137057,8,774,2,7200,1.01033591731
136303,136310,137057,7,747,2,7200,1.0093708166
136318,136326,137057,8,731,2,7200,1.01094391245
136334,136341,137057,7,716,2,7200,1.00977653631
136503,136511,137057,8,546,2,7200,1.01465201465
136552,137075,151489,523,14414,2,14400,1.03628416817
136901,137080,142685,179,5605,2,14400,1.03193577163
137484,137492,138041,8,549,2,7200,1.014571949
137486,137498,138041,12,543,2,7200,1.02209944751
137487,137504,138041,17,537,2,7200,1.03165735568
137488,137509,137597,21,88,2,7200,1.23863636364
137490,137514,138041,24,527,2,7200,1.04554079696
137491,137519,138041,28,522,2,7200,1.05363984674
137493,137525,138042,32,517,2,7200,1.06189555126
137494,137532,138042,38,510,2,7200,1.07450980392
137496,137537,138042,41,505,2,7200,1.08118811881
137497,137542,138042,45,500,2,7200,1.09
137499,137547,138042,48,495,2,7200,1.09696969697
137500,137553,137610,53,57,2,7200,1.9298245614
137501,137558,137658,57,100,2,7200,1.57
137503,137563,138042,60,479,2,7200,1.12526096033
137504,137568,138042,64,474,2,7200,1.13502109705
137506,137574,138042,68,468,2,7200,1.1452991453
137507,137579,138042,72,463,2,7200,1.1555075594
137508,137584,138042,76,458,2,7200,1.16593886463
137510,137589,138042,79,453,2,7200,1.17439293598
137512,137594,138043,82,449,2,7200,1.18262806236
137513,137600,138043,87,443,2,7200,1.19638826185
137515,137605,137691,90,86,2,7200,2.04651162791
137516,137610,137683,94,73,2,7200,2.28767123288
137518,137615,138043,97,428,2,7200,1.22663551402
137519,137621,138043,102,422,2,7200,1.24170616114
137521,137626,137667,105,41,2,7200,3.56097560976
137522,137631,138043,109,412,2,7200,1.2645631068
137524,137636,138043,112,407,2,7200,1.27518427518
137525,137642,138043,117,401,2,7200,1.29177057357
137527,137649,138043,122,394,2,7200,1.30964467005
137528,137654,138043,126,389,2,7200,1.32390745501
137530,137659,138043,129,384,2,7200,1.3359375
137531,137664,138043,133,379,2,7200,1.35092348285
137533,137670,138043,137,373,2,7200,1.3672922252
137534,137675,138043,141,368,2,7200,1.38315217391
137535,137680,138043,145,363,2,7200,1.39944903581
137537,137685,138043,148,358,2,7200,1.41340782123
137538,137691,138043,153,352,2,7200,1.43465909091
137540,137696,138043,156,347,2,7200,1.44956772334
137541,137701,138043,160,342,2,7200,1.46783625731
137543,137706,138043,163,337,2,7200,1.48367952522
137544,137712,138043,168,331,2,7200,1.50755287009
137546,137717,138043,171,326,2,7200,1.5245398773
137549,137722,138043,173,321,2,7200,1.53894080997
137551,137727,138043,176,316,2,7200,1.55696202532
137553,137733,138043,180,310,2,7200,1.58064516129
137555,137738,137756,183,18,2,7200,11.1666666667
137556,137743,138043,187,300,2,7200,1.62333333333
137557,137748,138043,191,295,2,7200,1.64745762712
137559,137754,138043,195,289,2,7200,1.67474048443
137560,137759,138043,199,284,2,7200,1.70070422535
137562,137764,138043,202,279,2,7200,1.72401433692
137565,137769,137904,204,135,2,7200,2.51111111111
137567,137775,137798,208,23,2,7200,10.0434782609
137569,137780,138043,211,263,2,7200,1.80228136882
137572,137785,138043,213,258,2,7200,1.82558139535
137574,137790,138043,216,253,2,7200,1.85375494071
137577,137796,137819,219,23,2,7200,10.5217391304
137580,137801,138043,221,242,2,7200,1.9132231405
137582,137806,138043,224,237,2,7200,1.94514767932
137585,137811,138043,226,232,2,7200,1.97413793103
137586,137817,138043,231,226,2,7200,2.02212389381
137588,137822,138043,234,221,2,7200,2.05882352941
137590,137827,138043,237,216,2,7200,2.09722222222
137591,137832,138043,241,211,2,7200,2.14218009479
137593,137837,138043,244,206,2,7200,2.18446601942
137596,137843,138043,247,200,2,7200,2.235
137597,137848,138043,251,195,2,7200,2.28717948718
137599,137853,138043,254,190,2,7200,2.33684210526
137600,137858,138043,258,185,2,7200,2.39459459459
137602,137864,138043,262,179,2,7200,2.46368715084
137603,137869,138043,266,174,2,7200,2.52873563218
137605,137874,138043,269,169,2,7200,2.59171597633
137607,137880,137963,273,83,2,7200,4.28915662651
137608,137885,138043,277,158,2,7200,2.75316455696
137610,137890,138043,280,153,2,7200,2.83006535948
137611,137895,138043,284,148,2,7200,2.91891891892
137613,137901,138043,288,142,2,7200,3.02816901408
137615,137906,138043,291,137,2,7200,3.12408759124
137616,137911,138043,295,132,2,7200,3.23484848485
137625,137916,138043,291,127,2,7200,3.29133858268
137627,137922,137993,295,71,2,7200,5.15492957746
137661,137929,138013,268,84,2,7200,4.19047619048
137676,137935,138043,259,108,2,7200,3.39814814815
137691,137940,138043,249,103,2,7200,3.41747572816
137692,137945,138043,253,98,2,7200,3.58163265306
137757,137950,138043,193,93,2,7200,3.0752688172
137801,137956,138023,155,67,2,7200,3.31343283582
137819,137961,138043,142,82,2,7200,2.73170731707
137904,137966,138039,62,73,2,7200,1.84931506849
137963,137973,138043,10,70,2,7200,1.14285714286
138169,138176,141797,7,3621,2,7200,1.00193316763
138170,138183,141596,13,3413,2,7200,1.00380896572
138172,138188,141836,16,3648,2,7200,1.00438596491
138173,138193,142380,20,4187,2,7200,1.00477668975
138174,138198,141759,24,3561,2,7200,1.00673967987
138176,138204,141466,28,3262,2,7200,1.00858369099
138177,138211,141640,34,3429,2,7200,1.00991542724
138178,138216,141645,38,3429,2,7200,1.01108194809
138180,138221,141866,41,3645,2,7200,1.01124828532
138182,138227,141965,45,3738,2,7200,1.01203852327
138183,138232,141979,49,3747,2,7200,1.01307712837
138184,138237,141676,53,3439,2,7200,1.01541145682
138186,138242,141320,56,3078,2,7200,1.01819363223
138187,138248,141795,61,3547,2,7200,1.0171976318
138188,138253,141522,65,3269,2,7200,1.0198837565
138190,138258,141950,68,3692,2,7200,1.01841820152
138192,138263,142013,71,3750,2,7200,1.01893333333
138193,138269,141594,76,3325,2,7200,1.02285714286
138194,138274,141772,80,3498,2,7200,1.02287021155
138196,138279,141467,83,3188,2,7200,1.02603513174
138197,138284,141997,87,3713,2,7200,1.02343118772
138199,138290,141761,91,3471,2,7200,1.02621722846
138200,138295,141723,95,3428,2,7200,1.02771295216
138202,138300,141854,98,3554,2,7200,1.02757456387
138203,138305,141632,102,3327,2,7200,1.03065825068
138204,138311,141313,107,3002,2,7200,1.03564290473
138206,138317,141461,111,3144,2,7200,1.03530534351
138207,138323,139566,116,1243,2,7200,1.0933226066
138209,138328,138839,119,511,2,7200,1.23287671233
138210,138333,141899,123,3566,2,7200,1.03449242849
138212,138338,141757,126,3419,2,7200,1.03685288096
138213,138344,141677,131,3333,2,7200,1.03930393039
138215,138349,141798,134,3449,2,7200,1.03885184111
138216,138354,142054,138,3700,2,7200,1.0372972973
138217,138359,142095,142,3736,2,7200,1.03800856531
138219,138365,141935,146,3570,2,7200,1.04089635854
138220,138370,142105,150,3735,2,7200,1.04016064257
138222,138375,141918,153,3543,2,7200,1.04318374259
138223,138380,142213,157,3833,2,7200,1.04096008349
138225,138386,141862,161,3476,2,7200,1.04631760644
138226,138391,138891,165,500,2,7200,1.33
138228,138396,141591,168,3195,2,7200,1.05258215962
138229,138401,141782,172,3381,2,7200,1.05087252292
138231,138407,141788,176,3381,2,7200,1.05205560485
138232,138412,141827,180,3415,2,7200,1.05270863836
138234,138417,142147,183,3730,2,7200,1.0490616622
138235,138422,141785,187,3363,2,7200,1.05560511448
138237,138427,141994,190,3567,2,7200,1.0532660499
138238,138433,141911,195,3478,2,7200,1.056066705
138239,138438,141984,199,3546,2,7200,1.05611957135
138241,138443,142316,202,3873,2,7200,1.05215595146
138242,138448,138981,206,533,2,7200,1.38649155722
138244,138454,142020,210,3566,2,7200,1.05888951206
138245,138459,141858,214,3399,2,7200,1.06295969403
138247,138464,141934,217,3470,2,7200,1.06253602305
138249,138469,142098,220,3629,2,7200,1.06062276109
138251,138475,141815,224,3340,2,7200,1.06706586826
138252,138480,141970,228,3490,2,7200,1.06532951289
138254,138485,141975,231,3490,2,7200,1.06618911175
138255,138490,142212,235,3722,2,7200,1.0631380978
138257,138496,141778,239,3282,2,7200,1.07282145034
138258,138501,138575,243,74,2,7200,4.28378378378
138259,138506,142222,247,3716,2,7200,1.06646932185
138261,138511,139041,250,530,2,7200,1.47169811321
138262,138517,141980,255,3463,2,7200,1.07363557609
138264,138522,142357,258,3835,2,7200,1.06727509778
138265,138527,141985,262,3458,2,7200,1.07576633892
138267,138532,141781,265,3249,2,7200,1.08156355802
138268,138538,138636,270,98,2,7200,3.75510204082
138270,138543,141887,273,3344,2,7200,1.08163875598
138271,138548,141968,277,3420,2,7200,1.08099415205
138273,138553,142180,280,3627,2,7200,1.07719878688
138274,138558,142132,284,3574,2,7200,1.07946278679
138276,138564,142351,288,3787,2,7200,1.07604964352
138277,138569,139457,292,888,2,7200,1.32882882883
138279,138574,144688,295,6114,2,7200,1.04824991822
138280,138579,142069,299,3490,2,7200,1.08567335244
138282,138585,139107,303,522,2,7200,1.58045977011
138283,138590,142050,307,3460,2,7200,1.0887283237
138285,138595,142039,310,3444,2,7200,1.0900116144
138576,138603,139127,27,524,2,7200,1.05152671756
138636,138642,142055,6,3413,2,7200,1.00175798418
138843,138849,138961,6,112,2,7200,1.05357142857
138893,138900,141983,7,3083,2,7200,1.00227051573
138961,138968,142819,7,3851,2,7200,1.00181770969
138982,138989,142517,7,3528,2,7200,1.00198412698
139041,139047,141798,6,2751,2,7200,1.00218102508
139108,139115,139633,7,518,2,7200,1.01351351351
139129,139135,141620,6,2485,2,7200,1.00241448692
139457,139464,143133,7,3669,2,7200,1.00190787681
139568,139575,140293,7,718,2,7200,1.00974930362
139635,139641,141557,6,1916,2,7200,1.00313152401
140293,140300,144045,7,3745,2,7200,1.00186915888
141315,141322,145133,7,3811,2,7200,1.00183678824
141330,141336,144389,6,3053,2,7200,1.00196528005
141463,141469,144663,6,3194,2,7200,1.00187852223
141478,141485,144940,7,3455,2,7200,1.0020260492
141479,141491,143514,12,2023,2,7200,1.00593178448
141524,141530,144550,6,3020,2,7200,1.00198675497
141557,141565,145117,8,3552,2,7200,1.00225225225
141594,141601,143024,7,1423,2,7200,1.00491918482
141615,141621,144956,6,3335,2,7200,1.00179910045
141617,141629,145310,12,3681,2,7200,1.0032599837
141634,141641,142038,7,397,2,7200,1.01763224181
141635,141648,145257,13,3609,2,7200,1.00360210585
141650,141658,145035,8,3377,2,7200,1.00236896654
141652,141665,144919,13,3254,2,7200,1.00399508297
141677,141684,144421,7,2737,2,7200,1.00255754476
141692,141699,141759,7,60,2,7200,1.11666666667
141724,141732,142256,8,524,2,7200,1.01526717557
141782,141789,142486,7,697,2,7200,1.01004304161
141784,141796,145618,12,3822,2,7200,1.00313971743
141785,141801,145461,16,3660,2,7200,1.0043715847
141787,141807,145558,20,3751,2,7200,1.00533191149
141789,141812,145173,23,3361,2,7200,1.00684320143
141790,141820,145105,30,3285,2,7200,1.00913242009
141792,141825,145370,33,3545,2,7200,1.00930888575
141793,141830,142394,37,564,2,7200,1.06560283688
141812,141836,145235,24,3399,2,7200,1.00706090026
141814,141842,145959,28,4117,2,7200,1.00680106874
141815,141847,142338,32,491,2,7200,1.06517311609
141816,141852,145417,36,3565,2,7200,1.01009817672
141818,141858,145519,40,3661,2,7200,1.01092597651
141819,141863,145240,44,3377,2,7200,1.01302931596
141834,141868,145032,34,3164,2,7200,1.01074589128
141836,141873,145154,37,3281,2,7200,1.01127704968
141851,141880,145076,29,3196,2,7200,1.0090738423
141866,141885,144446,19,2561,2,7200,1.00741897696
141867,141891,144921,24,3030,2,7200,1.00792079208
141869,141896,145685,27,3789,2,7200,1.00712589074
141870,141901,145568,31,3667,2,7200,1.00845377693
141889,141914,145333,25,3419,2,7200,1.00731207956
141900,141908,208794,8,66886,6,356400,1.00011960649
141905,141921,145273,16,3352,2,7200,1.00477326969
141920,141929,144707,9,2778,2,7200,1.00323974082
141921,141934,145060,13,3126,2,7200,1.00415866923
141937,141944,145274,7,3330,2,7200,1.0021021021
141938,141952,141976,14,24,2,7200,1.58333333333
141953,141960,145205,7,3245,2,7200,1.00215716487
141970,141977,142552,7,575,2,7200,1.01217391304
141971,141985,145246,14,3261,2,7200,1.00429316161
141973,141990,145346,17,3356,2,7200,1.00506555423
141989,141998,145428,9,3430,2,7200,1.00262390671
141990,142003,145742,13,3739,2,7200,1.00347686547
141992,142011,145170,19,3159,2,7200,1.00601456157
141993,142016,145201,23,3185,2,7200,1.00722135008
141994,142021,145463,27,3442,2,7200,1.00784427658
141996,142027,145535,31,3508,2,7200,1.00883694413
141997,142032,144301,35,2269,2,7200,1.01542529749
142014,142040,145457,26,3417,2,7200,1.00760901375
142016,142045,144953,29,2908,2,7200,1.00997248968
142017,142050,145539,33,3489,2,7200,1.00945829751
142033,142058,145589,25,3531,2,7200,1.00708014727
142048,142063,145220,15,3157,2,7200,1.00475134621
142049,142068,145656,19,3588,2,7200,1.00529542921
142067,142076,145394,9,3318,2,7200,1.0027124774
142068,142081,145472,13,3391,2,7200,1.00383367738
142070,142089,145550,19,3461,2,7200,1.00548974285
142085,142096,146032,11,3936,2,7200,1.00279471545
142101,142109,145550,8,3441,2,7200,1.00232490555
142103,142116,145341,13,3225,2,7200,1.00403100775
142118,142127,145725,9,3598,2,7200,1.00250138966
142133,142140,142775,7,635,2,7200,1.01102362205
142148,142157,145427,9,3270,2,7200,1.00275229358
142182,142189,145716,7,3527,2,7200,1.00198468954
142213,142220,145839,7,3619,2,7200,1.00193423598
142215,142228,145900,13,3672,2,7200,1.00354030501
142230,142238,145747,8,3509,2,7200,1.00227985181
142258,142265,145471,7,3206,2,7200,1.00218340611
142316,142324,145513,8,3189,2,7200,1.00250862339
142341,142348,146016,7,3668,2,7200,1.00190839695
142355,142364,145890,9,3526,2,7200,1.00255246739
142371,142378,146387,7,4009,2,7200,1.00174607134
142386,142395,145815,9,3420,2,7200,1.00263157895
142402,142410,142503,8,93,2,7200,1.08602150538
142487,142496,145945,9,3449,2,7200,1.00260945202
142506,142513,146497,7,3984,2,7200,1.00175702811
142521,142529,146274,8,3745,2,7200,1.00213618158
142552,142560,146248,8,3688,2,7200,1.0021691974
142625,142632,164152,7,21520,2,72000,1.00032527881
142775,142783,146064,8,3281,2,7200,1.00243828101
142821,142828,146561,7,3733,2,7200,1.00187516743
143026,143033,146060,7,3027,2,7200,1.00231252065
143133,143141,146466,8,3325,2,7200,1.00240601504
143390,143397,144109,7,712,6,324000,1.00983146067
143515,143523,143745,8,222,2,7200,1.03603603604
143628,143636,143637,8,1,2,3600,1.0
143714,143722,143936,8,214,2,3600,1.03738317757
143748,143756,144236,8,480,2,7200,1.01666666667
144047,144055,147536,8,3481,2,7200,1.00229819018
144055,144063,167927,8,23864,4,108000,1.00033523299
144058,144123,170307,65,26184,4,108000,1.00248243202
144158,144254,144525,96,271,6,324000,1.35424354244
144203,144465,148260,262,3795,4,108000,1.06903820817
144238,144246,148023,8,3777,2,7200,1.00211808313
144277,144538,144548,261,10,4,108000,27.1
144302,144309,147460,7,3151,2,7200,1.00222151698
144334,144341,147979,7,3638,2,3600,1.00192413414
144391,144399,144930,8,531,2,7200,1.01506591337
144421,144428,148078,7,3650,2,7200,1.00191780822
144449,144457,147497,8,3040,2,7200,1.00263157895
144518,144543,144545,25,2,1,36000,2.7
144550,144560,148420,10,3860,2,7200,1.00259067358
144595,144722,145527,127,805,6,324000,1.15776397516
144664,144672,148622,8,3950,2,7200,1.00202531646
144690,144697,148167,7,3470,2,7200,1.00201729107
144692,144705,144967,13,262,1,36000,1.04961832061
144708,144715,147619,7,2904,2,7200,1.00241046832
144779,144972,145931,193,959,1,36000,1.20125130344
144840,144957,157677,117,12720,4,108000,1.00919811321
144918,144926,148213,8,3287,2,7200,1.00243383024
144933,144940,148259,7,3319,2,7200,1.002109069
144935,144948,147815,13,2867,2,7200,1.00453435647
144951,144964,145548,13,584,2,7200,1.02226027397
144967,144980,145482,13,502,2,7200,1.02589641434
144968,144985,148544,17,3559,2,7200,1.00477662265
145034,145042,148588,8,3546,2,7200,1.00225606317
145036,145049,148828,13,3779,2,7200,1.00344006351
145063,145070,148697,7,3627,2,7200,1.00192996967
145078,145086,148865,8,3779,2,7200,1.00211696216
145107,145115,148283,8,3168,2,7200,1.00252525253
145123,145132,148564,9,3432,2,7200,1.00262237762
145139,145147,145321,8,174,2,7200,1.04597701149
145155,145162,148337,7,3175,2,7200,1.00220472441
145163,145220,208746,57,63526,6,356400,1.00089727041
145173,145181,148666,8,3485,2,7200,1.00229555237
145174,145191,148397,17,3206,2,7200,1.0053025577
145203,145211,148935,8,3724,2,7200,1.00214822771
145220,145228,148963,8,3735,2,7200,1.00214190094
145221,145236,148859,15,3623,2,7200,1.00414021529
145237,145244,148743,7,3499,2,7200,1.00200057159
145253,145263,148333,10,3070,2,7200,1.00325732899
145254,145268,145805,14,537,2,7200,1.0260707635
145271,145279,148715,8,3436,2,7200,1.00232828871
145288,145297,148700,9,3403,2,7200,1.00264472524
145290,145302,148634,12,3332,2,7200,1.00360144058
145304,145312,164138,8,18826,4,108000,1.00042494423
145307,145755,145823,448,68,64,3000,7.58823529412
145312,145319,148763,7,3444,2,7200,1.00203252033
145329,145340,148970,11,3630,2,7200,1.00303030303
145344,145352,148398,8,3046,2,7200,1.00262639527
145346,145362,149128,16,3766,2,7200,1.00424853956
145362,145369,149074,7,3705,2,7200,1.00188933873
145380,145389,149316,9,3927,2,7200,1.00229182582
145396,145403,149096,7,3693,2,7200,1.00189547793
145417,145426,148929,9,3503,2,7200,1.00256922638
145433,145444,149059,11,3615,2,7200,1.0030428769
145435,145449,148240,14,2791,2,7200,1.00501612325
145459,145466,149004,7,3538,2,7200,1.00197851894
145477,145486,149121,9,3635,2,7200,1.00247592847
145478,145493,148846,15,3353,2,7200,1.00447360573
145480,145498,148902,18,3404,2,7200,1.00528789659
145481,145504,148158,23,2654,2,7200,1.00866616428
145496,145513,148970,17,3457,2,7200,1.00491755858
145511,145522,148886,11,3364,2,7200,1.00326991677
145527,145536,148936,9,3400,2,7200,1.00264705882
145542,145553,149279,11,3726,2,7200,1.00295222759
145543,145560,149109,17,3549,2,7200,1.00479008171
145560,145571,148887,11,3316,2,7200,1.0033172497
145561,145631,148818,70,3187,2,7200,1.02196422968
145562,145763,149131,201,3368,2,7200,1.05967933492
145564,145836,149238,272,3402,2,7200,1.07995296884
145579,145842,149367,263,3525,2,7200,1.07460992908
145594,145847,149375,253,3528,2,7200,1.07171201814
145618,145852,149286,234,3434,2,7200,1.06814210833
145655,145857,149294,202,3437,2,7200,1.05877218505
145685,145863,149667,178,3804,2,7200,1.04679284963
145718,145868,149415,150,3547,2,7200,1.04228925853
145733,145873,149638,140,3765,2,7200,1.03718459495
145748,145878,149240,130,3362,2,7200,1.03866745985
145750,145884,149272,134,3388,2,7200,1.03955135773
145805,145889,149534,84,3645,2,7200,1.02304526749
145821,145894,149667,73,3773,2,7200,1.01934799894
145839,145913,149533,74,3620,2,7200,1.02044198895
145847,145902,146081,55,179,6,324000,1.30726256983
145850,145907,284918,57,139011,6,324000,1.00041003949
145893,145918,149372,25,3454,2,7200,1.00723798494
145908,145926,146037,18,111,2,7200,1.16216216216
145946,145954,149603,8,3649,2,7200,1.00219238147
145963,145973,148790,10,2817,2,7200,1.00354987575
146016,146023,149404,7,3381,2,7200,1.00207039337
146034,146041,148665,7,2624,2,7200,1.00266768293
146049,146058,149833,9,3775,2,7200,1.00238410596
146065,146073,149120,8,3047,2,7200,1.00262553331
146066,146081,149688,15,3607,2,7200,1.00415858054
146123,146131,146257,8,126,2,3600,1.06349206349
146162,146170,147442,8,1272,6,324000,1.00628930818
146247,146255,149635,8,3380,2,7200,1.00236686391
146274,146281,149644,7,3363,2,7200,1.00208147487
146389,146396,149844,7,3448,2,7200,1.00203016241
146468,146476,146992,8,516,2,7200,1.01550387597
146497,146504,149710,7,3206,2,7200,1.00218340611
146560,146568,147074,8,506,2,7200,1.01581027668
146723,146731,146859,8,128,2,3600,1.0625
146985,146993,147018,8,25,2,3600,1.32
146994,147001,150530,7,3529,2,7200,1.00198356475
147076,147084,150693,8,3609,2,7200,1.00221668052
147197,147205,219251,8,72046,1,72000,1.00011104017
147460,147467,151259,7,3792,2,7200,1.00184599156
147487,147495,148027,8,532,6,324000,1.01503759398
147497,147506,151299,9,3793,2,7200,1.00237279199
147536,147545,151370,9,3825,2,7200,1.00235294118
147621,147628,150785,7,3157,2,7200,1.0022172949
147642,147650,147696,8,46,1,108000,1.17391304348
147734,147743,329288,9,181545,18,288000,1.00004957449
147768,147777,151487,9,3710,2,3600,1.00242587601
147815,147823,151756,8,3933,2,7200,1.00203407068
147834,147843,147908,9,65,1,108000,1.13846153846
147966,147974,148776,8,802,1,108000,1.00997506234
148024,148032,151591,8,3559,2,7200,1.00224782242
148079,148087,151237,8,3150,2,7200,1.00253968254
148158,148167,151612,9,3445,2,7200,1.00261248186
148174,148183,151787,9,3604,2,7200,1.00249722531
148189,148298,285328,109,137030,6,324000,1.00079544625
148214,148221,151712,7,3491,2,7200,1.00200515612
148241,148248,151573,7,3325,2,7200,1.00210526316
148262,148270,151764,8,3494,2,7200,1.00228963938
148283,148290,151796,7,3506,2,7200,1.0019965773
148332,148339,151976,7,3637,2,7200,1.00192466318
148347,148355,151853,8,3498,2,7200,1.00228702115
148399,148406,151986,7,3580,2,7200,1.00195530726
148400,148413,151624,13,3211,2,7200,1.004048583
148421,148429,152251,8,3822,2,7200,1.00209314495
148546,148554,151962,8,3408,2,7200,1.00234741784
148564,148572,152312,8,3740,2,7200,1.00213903743
148589,148597,151907,8,3310,2,7200,1.00241691843
148622,148629,152125,7,3496,2,7200,1.00200228833
148637,148644,152288,7,3644,2,7200,1.00192096597
148668,148676,152154,8,3478,2,7200,1.00230017251
148669,148684,152340,15,3656,2,7200,1.00410284464
148697,148704,152192,7,3488,2,7200,1.00200688073
148712,148720,152240,8,3520,2,7200,1.00227272727
148728,148735,149232,7,497,2,7200,1.01408450704
148744,148752,151877,8,3125,2,7200,1.00256
148762,148770,149280,8,510,2,7200,1.01568627451
148791,148799,149312,8,513,2,7200,1.01559454191
148820,148828,148981,8,153,2,7200,1.0522875817
148835,148843,152071,8,3228,2,7200,1.00247831475
148851,148859,151856,8,2997,2,7200,1.002669336
148867,148874,152602,7,3728,2,7200,1.0018776824
148868,148880,152308,12,3428,2,7200,1.00350058343
148888,148895,152560,7,3665,2,7200,1.00190995907
148889,148909,152282,20,3373,2,7200,1.00592943967
148895,148903,151374,8,2471,1,108000,1.00323755565
148904,148917,152408,13,3491,2,7200,1.00372386136
148929,148937,149496,8,559,2,7200,1.01431127013
148945,148952,152417,7,3465,2,7200,1.00202020202
148946,148960,152128,14,3168,2,7200,1.00441919192
148966,148974,152637,8,3663,2,7200,1.00218400218
148982,148990,149497,8,507,2,7200,1.0157790927
148984,148998,152464,14,3466,2,7200,1.00403923832
148985,149003,152440,18,3437,2,7200,1.0052371254
149006,149014,152015,8,3001,2,7200,1.00266577807
149014,149133,161865,119,12732,2,72000,1.00934652843
149068,149075,152996,7,3921,2,7200,1.00178525886
149084,149091,152915,7,3824,2,7200,1.00183054393
149099,149107,152606,8,3499,2,7200,1.00228636753
149115,149122,152563,7,3441,2,7200,1.00203429236
149133,149141,152557,8,3416,2,7200,1.00234192037
149134,149150,149659,16,509,2,7200,1.03143418468
149135,149155,152114,20,2959,2,7200,1.00675904022
149137,149160,152671,23,3511,2,7200,1.00655084022
149233,149241,152687,8,3446,2,7200,1.00232153221
149249,149256,153027,7,3771,2,7200,1.00185627155
149251,149264,152592,13,3328,2,7200,1.00390625
149272,149280,152825,8,3545,2,7200,1.00225669958
149287,149296,149502,9,206,2,7200,1.04368932039
149289,149301,149853,12,552,2,7200,1.02173913043
149290,149312,152566,22,3254,2,7200,1.00676090965
149307,149319,153053,12,3734,2,7200,1.00321371184
149322,149331,149507,9,176,2,7200,1.05113636364
149324,149337,152602,13,3265,2,7200,1.00398162328
149370,149377,150493,7,1116,2,7200,1.00627240143
149386,149393,153021,7,3628,2,7200,1.00192943771
149387,149401,152828,14,3427,2,7200,1.00408520572
149407,149416,152928,9,3512,2,7200,1.00256264237
149423,149431,152868,8,3437,2,7200,1.00232761129
149496,149505,152700,9,3195,2,7200,1.00281690141
149498,149512,152500,14,2988,2,7200,1.0046854083
149515,149523,152892,8,3369,2,7200,1.00237459187
149516,149528,152945,12,3417,2,7200,1.0035118525
149535,149543,153652,8,4109,2,7200,1.00194694573
149537,149553,152953,16,3400,2,7200,1.00470588235
149591,149858,151873,267,2015,2,14400,1.13250620347
149604,149611,149692,7,81,2,7200,1.08641975309
149635,149643,152853,8,3210,2,7200,1.00249221184
149650,149660,153201,10,3541,2,7200,1.002824061
149652,149705,152900,53,3195,2,7200,1.01658841941
149668,149863,153337,195,3474,2,7200,1.05613126079
149670,149868,153428,198,3560,2,7200,1.05561797753
149671,149873,153417,202,3544,2,7200,1.05699774266
149690,149879,153419,189,3540,2,7200,1.05338983051
149705,149884,153605,179,3721,2,7200,1.04810534802
149719,149889,152974,170,3085,2,7200,1.05510534846
149835,149894,153059,59,3165,2,7200,1.01864139021
149850,149902,153313,52,3411,2,7200,1.01524479625
149865,149907,153146,42,3239,2,7200,1.01296696511
150495,150503,151013,8,510,2,7200,1.01568627451
150531,150540,154286,9,3746,2,7200,1.00240256273
150695,150703,153990,8,3287,2,7200,1.00243383024
150787,150794,154029,7,3235,2,7200,1.00216383308
151014,151021,153488,7,2467,2,7200,1.0028374544
151238,151245,155082,7,3837,2,7200,1.00182434193
151259,151266,154727,7,3461,2,7200,1.00202253684
151298,151306,155397,8,4091,2,7200,1.0019555121
151369,151377,154736,8,3359,2,7200,1.00238166121
151573,151581,155474,8,3893,2,7200,1.00205497046
151591,151599,155097,8,3498,2,7200,1.00228702115
151613,151620,155174,7,3554,2,7200,1.00196961171
151628,151635,155176,7,3541,2,7200,1.0019768427
151715,151723,152241,8,518,2,7200,1.01544401544
151758,151766,155244,8,3478,2,7200,1.00230017251
151774,151781,151882,7,101,2,7200,1.06930693069
151792,151800,155471,8,3671,2,7200,1.00217924271
151808,151816,155317,8,3501,2,7200,1.00228506141
151853,151860,155446,7,3586,2,7200,1.00195203569
151868,151876,155554,8,3678,2,7200,1.00217509516
151884,151893,155195,9,3302,2,7200,1.00272562084
151885,151898,155409,13,3511,2,7200,1.00370264882
151907,151914,155236,7,3322,2,7200,1.00210716436
151961,151970,155400,9,3430,2,7200,1.00262390671
151977,151985,155294,8,3309,2,7200,1.00241764884
151993,152002,155359,9,3357,2,7200,1.00268096515
152015,152022,155669,7,3647,2,7200,1.0019193858
152073,152081,153692,8,1611,2,7200,1.00496585971
152116,152123,155512,7,3389,2,7200,1.00206550605
152131,152141,155259,10,3118,2,7200,1.00320718409
152133,152146,155794,13,3648,2,7200,1.00356359649
152155,152162,155615,7,3453,2,7200,1.0020272227
152192,152200,155584,8,3384,2,7200,1.00236406619
152240,152248,155834,8,3586,2,7200,1.00223089794
152242,152256,155854,14,3598,2,7200,1.00389105058
152257,152267,155516,10,3249,2,7200,1.00307787011
152282,152289,155634,7,3345,2,7200,1.00209267564
152297,152304,155753,7,3449,2,7200,1.00202957379
152312,152320,155672,8,3352,2,7200,1.00238663484
152313,152328,155845,15,3517,2,7200,1.00426499858
152341,152349,155520,8,3171,2,7200,1.00252286345
152407,152415,155753,8,3338,2,7200,1.0023966447
152424,152431,156072,7,3641,2,7200,1.00192254875
152442,152450,156049,8,3599,2,7200,1.00222283968
152465,152473,155501,8,3028,2,7200,1.00264200793
152501,152509,156113,8,3604,2,7200,1.00221975583
152559,152567,156305,8,3738,2,7200,1.00214018192
152575,152583,156177,8,3594,2,7200,1.00222593211
152576,152588,152725,12,137,2,7200,1.08759124088
152578,152595,156363,17,3768,2,7200,1.00451167728
152593,152603,155844,10,3241,2,7200,1.00308546745
152609,152617,156259,8,3642,2,7200,1.00219659528
152610,152622,155956,12,3334,2,7200,1.00359928014
152612,152630,155262,18,2632,2,7200,1.00683890578
152637,152645,156354,8,3709,2,7200,1.00215691561
152671,152678,155756,7,3078,2,7200,1.00227420403
152686,152695,155821,9,3126,2,7200,1.00287907869
152701,152709,153259,8,550,2,7200,1.01454545455
152726,152734,155816,8,3082,2,7200,1.00259571707
152826,152834,156190,8,3356,2,7200,1.00238379023
152842,152849,156374,7,3525,2,7200,1.0019858156
152857,152865,156313,8,3448,2,7200,1.00232018561
152872,152880,153535,8,655,2,7200,1.01221374046
152894,152901,156308,7,3407,2,7200,1.00205459348
152911,152919,156438,8,3519,2,7200,1.00227337312
152927,152934,156527,7,3593,2,7200,1.00194823267
152943,152950,154190,7,1240,2,7200,1.00564516129
152960,152970,153034,10,64,2,7200,1.15625
152961,152976,153037,15,61,2,7200,1.24590163934
152978,152986,156458,8,3472,2,7200,1.00230414747
152997,153004,156580,7,3576,2,7200,1.00195749441
153022,153029,156626,7,3597,2,7200,1.00194606617
153040,153048,153597,8,549,2,7200,1.014571949
153042,153057,156532,15,3475,2,7200,1.00431654676
153043,153062,156816,19,3754,2,7200,1.00506126798
153058,153071,153723,13,652,2,7200,1.01993865031
153074,153081,156616,7,3535,2,7200,1.00198019802
153153,153161,156960,8,3799,2,7200,1.00210581732
153202,153210,156412,8,3202,2,7200,1.00249843848
153260,153268,156695,8,3427,2,7200,1.00233440327
153315,153322,156976,7,3654,2,7200,1.00191570881
153339,153347,155610,8,2263,2,7200,1.00353513036
153418,153427,156888,9,3461,2,7200,1.00260040451
153420,153433,157210,13,3777,2,7200,1.00344188509
153435,153444,153952,9,508,2,7200,1.01771653543
153489,153498,157075,9,3577,2,7200,1.00251607492
153535,153542,157197,7,3655,2,7200,1.00191518468
153599,153606,157214,7,3608,2,7200,1.00194013304
153614,153621,157151,7,3530,2,7200,1.00198300283
153653,153662,157091,9,3429,2,7200,1.00262467192
153692,153700,156935,8,3235,2,7200,1.00247295209
153725,153732,157228,7,3496,2,7200,1.00200228833
153953,153961,157241,8,3280,2,7200,1.00243902439
153992,154001,157361,9,3360,2,7200,1.00267857143
154031,154041,157189,10,3148,2,7200,1.00317662008
154190,154197,157823,7,3626,2,7200,1.00193050193
154287,155189,158751,902,3562,2,7200,1.2532285233
154731,155194,158661,463,3467,2,7200,1.13354485146
154746,155199,158607,453,3408,2,7200,1.13292253521
155084,155204,158457,120,3253,2,7200,1.03688902551
155098,155210,158726,112,3516,2,7200,1.03185437998
155175,155215,158701,40,3486,2,7200,1.01147446931
155176,155220,158795,44,3575,2,7200,1.01230769231
155195,155228,158856,33,3628,2,7200,1.00909592062
155238,155245,158628,7,3383,2,7200,1.00206916938
155253,155262,158874,9,3612,2,7200,1.00249169435
155269,155278,159030,9,3752,2,7200,1.00239872068
155270,155283,159133,13,3850,2,7200,1.00337662338
155295,155302,158660,7,3358,2,7200,1.00208457415
155319,155327,159036,8,3709,2,7200,1.00215691561
155361,155369,158534,8,3165,2,7200,1.00252764613
155399,155406,158968,7,3562,2,7200,1.0019651881
155417,155425,159103,8,3678,2,7200,1.00217509516
155418,155433,158626,15,3193,2,7200,1.00469777639
155446,155453,158816,7,3363,2,7200,1.00208147487
155473,155481,158955,8,3474,2,7200,1.00230282096
155474,155489,155585,15,96,2,7200,1.15625
155503,155510,159001,7,3491,2,7200,1.00200515612
155518,155527,158985,9,3458,2,7200,1.0026026605
155520,155532,158850,12,3318,2,7200,1.00361663653
155538,155546,155610,8,64,2,7200,1.125
155556,155563,159546,7,3983,2,7200,1.00175746924
155586,155594,156125,8,531,2,7200,1.01506591337
155587,155602,158979,15,3377,2,7200,1.00444181226
155612,155625,159373,13,3748,2,7200,1.00346851654
155613,155620,155632,7,12,2,3600,1.58333333333
155614,155633,155655,19,22,2,7200,1.86363636364
155629,155641,159291,12,3650,2,7200,1.00328767123
155644,155653,158857,9,3204,2,7200,1.00280898876
155659,155667,159216,8,3549,2,7200,1.0022541561
155675,155685,159453,10,3768,2,7200,1.00265392781
155676,155690,158529,14,2839,2,7200,1.00493131384
155755,155762,159212,7,3450,2,7200,1.00202898551
155756,155770,159144,14,3374,2,7200,1.00414937759
155758,155775,159411,17,3636,2,7200,1.00467546755
155793,155801,159148,8,3347,2,7200,1.00239020018
155818,155825,156752,7,927,2,7200,1.00755124056
155833,155841,159355,8,3514,2,7200,1.00227660785
155835,155849,157333,14,1484,2,7200,1.00943396226
155850,155859,159691,9,3832,2,7200,1.00234864301
155851,155864,159294,13,3430,2,7200,1.00379008746
155867,155875,158787,8,2912,2,7200,1.00274725275
155958,155965,159321,7,3356,2,7200,1.00208581645
156050,156058,159497,8,3439,2,7200,1.00232625763
156073,156081,159654,8,3573,2,7200,1.00223901483
156112,156121,158858,9,2737,2,7200,1.00328827183
156128,156136,159524,8,3388,2,7200,1.00236127509
156177,156184,160055,7,3871,2,7200,1.00180831826
156193,156200,159341,7,3141,2,7200,1.00222858962
156260,156268,160135,8,3867,2,7200,1.00206878717
156307,156315,159686,8,3371,2,7200,1.00237318303
156308,156323,159946,15,3623,2,7200,1.00414021529
156325,156334,156813,9,479,2,7200,1.01878914405
156355,156362,159638,7,3276,2,7200,1.00213675214
156371,156379,159824,8,3445,2,7200,1.0023222061
156386,156394,159927,8,3533,2,7200,1.00226436456
156413,156421,159976,8,3555,2,7200,1.00225035162
156438,156446,160037,8,3591,2,7200,1.0022277917
156459,156466,160076,7,3610,2,7200,1.00193905817
156526,156534,159556,8,3022,2,7200,1.00264725347
156542,156550,160065,8,3515,2,7200,1.00227596017
156581,156588,160118,7,3530,2,7200,1.00198300283
156618,156625,158100,7,1475,2,7200,1.00474576271
156634,156641,160035,7,3394,2,7200,1.00206246317
156695,156702,159515,7,2813,2,7200,1.0024884465
156752,156761,160309,9,3548,2,7200,1.00253664036
156813,156821,160319,8,3498,2,7200,1.00228702115
156828,156836,160211,8,3375,2,7200,1.00237037037
156880,157749,158305,869,556,12,2400,2.56294964029
156889,156896,160638,7,3742,2,7200,1.0018706574
156935,156942,160449,7,3507,2,7200,1.00199600798
156958,156965,160698,7,3733,2,7200,1.00187516743
156980,156988,159961,8,2973,2,7200,1.00269088463
157077,157085,160886,8,3801,2,7200,1.00210470929
157094,157102,160724,8,3622,2,7200,1.00220872446
157152,157159,160799,7,3640,2,7200,1.00192307692
157189,157197,160542,8,3345,2,7200,1.0023916293
157204,157212,160868,8,3656,2,7200,1.00218818381
157220,157227,160842,7,3615,2,7200,1.00193637621
157221,157234,160543,13,3309,2,7200,1.00392867936
157238,157245,160457,7,3212,2,7200,1.00217932752
157254,157262,160698,8,3436,2,7200,1.00232828871
157336,157344,161128,8,3784,2,7200,1.0021141649
157361,157368,160933,7,3565,2,7200,1.00196353436
157513,158319,160100,806,1781,9,36000,1.45255474453
157656,157663,157735,7,72,1,108000,1.09722222222
157826,157833,161178,7,3345,2,7200,1.00209267564
158104,158111,158650,7,539,2,7200,1.01298701299
158456,158464,162139,8,3675,2,7200,1.00217687075
158530,158538,162390,8,3852,2,7200,1.0020768432
158545,158553,162168,8,3615,2,7200,1.00221300138
158609,158617,162266,8,3649,2,7200,1.00219238147
158627,158635,162435,8,3800,2,7200,1.00210526316
158629,158649,161966,20,3317,2,7200,1.00602954477
158631,158643,159438,12,795,6,324000,1.01509433962
158650,158658,161828,8,3170,2,7200,1.00252365931
158666,158676,162172,10,3496,2,7200,1.0028604119
158667,158682,162078,15,3396,2,7200,1.00441696113
158701,158709,162207,8,3498,2,7200,1.00228702115
158726,158734,162275,8,3541,2,7200,1.0022592488
158745,158753,162309,8,3556,2,7200,1.00224971879
158789,158796,162151,7,3355,2,7200,1.00208643815
158804,158813,162409,9,3596,2,7200,1.00250278087
158820,158828,162749,8,3921,2,7200,1.00204029584
158851,158859,162323,8,3464,2,7200,1.00230946882
158868,158877,162320,9,3443,2,7200,1.00261399942
158869,158882,159468,13,586,2,7200,1.02218430034
158871,158890,162670,19,3780,2,7200,1.00502645503
158886,158898,162205,12,3307,2,7200,1.00362866647
158957,158964,162569,7,3605,2,7200,1.00194174757
158973,158981,162492,8,3511,2,7200,1.00227855312
158989,158997,162118,8,3121,2,7200,1.002563281
158990,159005,162423,15,3418,2,7200,1.0043885313
159012,159019,162182,7,3163,2,7200,1.00221308884
159013,159027,159102,14,75,1,108000,1.18666666667
159034,159041,159545,7,504,2,7200,1.01388888889
159049,159057,162753,8,3696,2,7200,1.00216450216
159104,159111,162483,7,3372,2,7200,1.00207591934
159136,159143,162762,7,3619,2,7200,1.00193423598
159152,159159,162512,7,3353,2,7200,1.00208768267
159153,159167,162729,14,3562,2,7200,1.00393037619
159212,159220,161579,8,2359,2,7200,1.00339126749
159229,159236,163113,7,3877,2,7200,1.00180551973
159279,159287,159396,8,109,1,108000,1.07339449541
159281,159296,159298,15,2,2,3540,1.7
159291,159304,162852,13,3548,2,7200,1.00366403608
159306,159315,161548,9,2233,2,7200,1.00403045231
159322,159330,163081,8,3751,2,7200,1.0021327646
159341,159348,162926,7,3578,2,7200,1.00195640022
159357,159365,159530,8,165,2,7200,1.04848484848
159376,159383,162679,7,3296,2,7200,1.00212378641
159412,159420,162837,8,3417,2,7200,1.002341235
159455,159462,162919,7,3457,2,7200,1.00202487706
159471,159478,163093,7,3615,2,7200,1.00193637621
159498,159505,162875,7,3370,2,7200,1.00207715134
159517,159524,162864,7,3340,2,7200,1.00209580838
159530,159539,162941,9,3402,2,7200,1.00264550265
159532,159544,163295,12,3751,2,7200,1.00319914689
159533,159552,163081,19,3529,2,7200,1.00538396146
159534,159557,162807,23,3250,2,7200,1.00707692308
159536,159563,163025,27,3462,2,7200,1.00779896014
159537,159568,163266,31,3698,2,7200,1.00838290968
159538,159573,163013,35,3440,2,7200,1.0101744186
159540,159578,163051,38,3473,2,7200,1.01094154909
159541,159583,162933,42,3350,2,7200,1.01253731343
159543,159589,163179,46,3590,2,7200,1.01281337047
159544,159594,163065,50,3471,2,7200,1.01440507058
159545,159602,162848,57,3246,2,7200,1.01756007394
159547,159607,162891,60,3284,2,7200,1.01827040195
159548,159613,160397,65,784,2,7200,1.08290816327
159549,159618,163156,69,3538,2,7200,1.01950254381
159551,159623,163249,72,3626,2,7200,1.01985659129
159552,159628,163546,76,3918,2,7200,1.01939765186
159553,159633,162912,80,3279,2,7200,1.02439768222
159555,159639,163224,84,3585,2,7200,1.02343096234
159556,159644,163181,88,3537,2,7200,1.02487984167
159557,159649,163202,92,3553,2,7200,1.02589361103
159559,159654,163078,95,3424,2,7200,1.0277453271
159575,159660,163253,85,3593,2,7200,1.02365711105
159576,159668,163286,92,3618,2,7200,1.02542841349
159578,159674,163484,96,3810,2,7200,1.02519685039
159641,159699,163039,58,3340,2,7200,1.01736526946
159656,159708,163110,52,3402,2,7200,1.0152851264
159687,159837,163612,150,3775,2,7200,1.03973509934
159702,159940,163265,238,3325,2,7200,1.07157894737
159825,159960,163623,135,3663,2,7200,1.03685503686
159928,159974,162960,46,2986,2,7200,1.01540522438
159947,159988,163442,41,3454,2,7200,1.01187029531
159962,160049,163714,87,3665,2,7200,1.02373806276
159977,160054,163340,77,3286,2,7200,1.02343274498
160037,160068,161459,31,1391,2,7200,1.02228612509
160039,160078,163612,39,3534,2,7200,1.01103565365
160054,160089,163077,35,2988,2,7200,1.01171352075
160069,160103,160199,34,96,2,7200,1.35416666667
160085,160109,163549,24,3440,2,7200,1.00697674419
160119,160127,163544,8,3417,2,7200,1.002341235
160138,160146,163799,8,3653,2,7200,1.00218998084
160201,160208,163779,7,3571,2,7200,1.00196023523
160217,160227,163870,10,3643,2,7200,1.00274499039
160311,160319,163713,8,3394,2,7200,1.00235710077
160326,160333,163784,7,3451,2,7200,1.00202839757
160398,160406,163770,8,3364,2,7200,1.00237812128
160448,160455,164043,7,3588,2,7200,1.0019509476
160463,160471,163761,8,3290,2,7200,1.00243161094
160542,160549,161057,7,508,2,7200,1.01377952756
160544,160556,164404,12,3848,2,7200,1.00311850312
160640,160647,163972,7,3325,2,7200,1.00210526316
160698,160705,164106,7,3401,2,7200,1.00205821817
160699,160714,164245,15,3531,2,7200,1.00424808836
160727,160736,164339,9,3603,2,7200,1.0024979184
160801,160808,164096,7,3288,2,7200,1.00212895377
160844,160853,164303,9,3450,2,7200,1.00260869565
160869,160877,164551,8,3674,2,7200,1.00217746326
160887,160894,164457,7,3563,2,7200,1.00196463654
160936,160943,164570,7,3627,2,7200,1.00192996967
161058,161065,163117,7,2052,2,7200,1.00341130604
161128,161135,164432,7,3297,2,7200,1.00212314225
161180,161187,164868,7,3681,2,7200,1.00190165716
161461,161469,164864,8,3395,2,7200,1.00235640648
161549,161557,164554,8,2997,2,7200,1.002669336
161580,161587,162218,7,631,2,7200,1.01109350238
161829,161837,164693,8,2856,2,7200,1.00280112045
161968,161975,165535,7,3560,2,7200,1.00196629213
162081,162088,165556,7,3468,2,7200,1.00201845444
162118,162126,165268,8,3142,2,7200,1.00254614895
162139,162147,165666,8,3519,2,7200,1.00227337312
162154,162161,164659,7,2498,2,7200,1.00280224179
162169,162176,162744,7,568,2,7200,1.01232394366
162184,162192,165359,8,3167,2,7200,1.00252604989
162186,162200,165837,14,3637,2,7200,1.00384932637
162208,162216,165705,8,3489,2,7200,1.00229292061
162209,162224,165709,15,3485,2,7200,1.00430416069
162225,162232,165567,7,3335,2,7200,1.00209895052
162265,162272,165949,7,3677,2,7200,1.00190372586
162280,162288,164613,8,2325,2,7200,1.00344086022
162310,162318,164947,8,2629,2,7200,1.00304298212
162326,162337,165730,11,3393,2,7200,1.00324196876
162327,162342,166010,15,3668,2,7200,1.00408942203
162392,162399,165759,7,3360,2,7200,1.00208333333
162416,162425,165975,9,3550,2,7200,1.00253521127
162431,162438,165878,7,3440,2,7200,1.00203488372
162447,162454,166078,7,3624,2,7200,1.00193156733
162483,162490,165661,7,3171,2,7200,1.00220750552
162499,162507,165908,8,3401,2,7200,1.00235224934
162514,162521,166193,7,3672,2,7200,1.00190631808
162572,162580,166266,8,3686,2,7200,1.00217037439
162670,162679,163216,9,537,2,7200,1.01675977654
162686,162695,165682,9,2987,2,7200,1.00301305658
162729,162736,166464,7,3728,2,7200,1.0018776824
162747,162754,166173,7,3419,2,7200,1.00204738228
162763,162770,165895,7,3125,2,7200,1.00224
162764,162777,166009,13,3232,2,7200,1.00402227723
162765,162783,166387,18,3604,2,7200,1.00499445061
162808,162817,166450,9,3633,2,7200,1.00247729149
162840,162847,166347,7,3500,2,7200,1.002
162856,162925,166710,69,3785,2,7200,1.01822985469
162857,162948,163568,91,620,2,7200,1.14677419355
162872,162953,166357,81,3404,2,7200,1.02379553467
162887,162958,167215,71,4257,2,7200,1.01667841203
162902,162963,165807,61,2844,2,7200,1.02144866385
162918,162969,166006,51,3037,2,7200,1.01679288772
162934,162975,166455,41,3480,2,7200,1.0117816092
162935,162980,166566,45,3586,2,7200,1.01254880089
162937,162986,163129,49,143,2,7200,1.34265734266
162952,162994,166587,42,3593,2,7200,1.01168939605
162968,163000,166398,32,3398,2,7200,1.0094173043
163014,163021,166592,7,3571,2,7200,1.00196023523
163029,163036,166465,7,3429,2,7200,1.00204141149
163044,163053,166698,9,3645,2,7200,1.0024691358
163060,163069,166954,9,3885,2,7200,1.00231660232
163075,163083,166377,8,3294,2,7200,1.00242865817
163077,163091,166752,14,3661,2,7200,1.00382409178
163093,163101,166604,8,3503,2,7200,1.00228375678
163094,163106,164897,12,1791,2,7200,1.0067001675
163095,163114,166768,19,3654,2,7200,1.00519978106
163097,163119,166533,22,3414,2,7200,1.0064440539
163112,163128,166282,16,3154,2,7200,1.00507292327
163114,163134,167070,20,3936,2,7200,1.00508130081
163129,163142,166619,13,3477,2,7200,1.00373885534
163130,163147,166775,17,3628,2,7200,1.00468577729
163155,163163,163663,8,500,2,7200,1.016
163180,163187,166512,7,3325,2,7200,1.00210526316
163195,163202,166689,7,3487,2,7200,1.00200745627
163210,163217,166574,7,3357,2,7200,1.00208519511
163226,163233,163753,7,520,2,7200,1.01346153846
163227,163241,166651,14,3410,2,7200,1.00410557185
163248,163255,163310,7,55,2,7200,1.12727272727
163263,163270,166233,7,2963,2,7200,1.00236247047
163279,163286,166852,7,3566,2,7200,1.00196298374
163280,163294,166701,14,3407,2,7200,1.00410918697
163296,163305,163346,9,41,2,7200,1.21951219512
163297,163310,163896,13,586,2,7200,1.02218430034
163312,163320,167124,8,3804,2,7200,1.00210304942
163343,163350,163449,7,99,2,7200,1.07070707071
163358,163365,167077,7,3712,2,7200,1.00188577586
163444,163451,166262,7,2811,2,7200,1.002490217
163460,163467,166659,7,3192,2,7200,1.00219298246
163486,163493,166944,7,3451,2,7200,1.00202839757
163544,163552,164134,8,582,2,7200,1.01374570447
163560,163568,166585,8,3017,2,7200,1.0026516407
163561,163576,166764,15,3188,2,7200,1.00470514429
163576,163584,166905,8,3321,2,7200,1.00240891298
163614,163621,167084,7,3463,2,7200,1.00202136876
163615,163629,167367,14,3738,2,7200,1.00374531835
163631,163641,167093,10,3452,2,7200,1.00289687138
163665,163672,167205,7,3533,2,7200,1.00198131899
163714,163723,167227,9,3504,2,7200,1.00256849315
163716,163731,166979,15,3248,2,7200,1.0046182266
163753,163761,167170,8,3409,2,7200,1.00234672925
163768,163777,166966,9,3189,2,7200,1.00282220132
163783,163792,167159,9,3367,2,7200,1.00267300267
163785,163800,167456,15,3656,2,7200,1.00410284464
163786,163806,167194,20,3388,2,7200,1.00590318772
163802,163815,167592,13,3777,2,7200,1.00344188509
163872,163880,167655,8,3775,2,7200,1.0021192053
163899,163906,167255,7,3349,2,7200,1.00209017617
163973,163981,167431,8,3450,2,7200,1.00231884058
164045,164052,167595,7,3543,2,7200,1.00197572679
164097,164104,167406,7,3302,2,7200,1.00211992732
164113,164122,167651,9,3529,2,7200,1.00255029753
164137,164145,167422,8,3277,2,7200,1.00244125725
164247,164255,167903,8,3648,2,7200,1.00219298246
164304,164313,167681,9,3368,2,7200,1.00267220903
164341,164348,167710,7,3362,2,7200,1.00208209399
164406,164415,167814,9,3399,2,7200,1.0026478376
164434,164441,168029,7,3588,2,7200,1.0019509476
164458,164467,168114,9,3647,2,7200,1.00246778174
164550,164558,168072,8,3514,2,7200,1.00227660785
164566,164574,167891,8,3317,2,7200,1.00241181791
164582,164589,167899,7,3310,2,7200,1.00211480363
164612,164619,168177,7,3558,2,7200,1.00196739741
164655,164662,168318,7,3656,2,7200,1.00191466083
164695,164702,167788,7,3086,2,7200,1.00226830849
164865,164874,168232,9,3358,2,7200,1.00268016677
164880,164889,168413,9,3524,2,7200,1.002553916
164899,164906,168320,7,3414,2,7200,1.00205038079
164948,164955,168452,7,3497,2,7200,1.00200171576
165084,165093,166653,9,1560,1,43200,1.00576923077
165268,165276,168585,8,3309,2,7200,1.00241764884
165359,165367,165889,8,522,2,7200,1.0153256705
165533,165541,169170,8,3629,2,7200,1.00220446404
165557,165565,166295,8,730,2,7200,1.01095890411
165573,165581,166083,8,502,2,7200,1.01593625498
165664,165671,165736,7,65,2,7200,1.10769230769
165679,165686,169419,7,3733,2,7200,1.00187516743
165694,165702,169251,8,3549,2,7200,1.0022541561
165711,165721,169024,10,3303,2,7200,1.00302755071
165712,165727,168982,15,3255,2,7200,1.00460829493
165731,165738,169506,7,3768,2,7200,1.00185774947
165746,165755,166537,9,782,2,7200,1.01150895141
165761,165771,169779,10,4008,2,7200,1.00249500998
165807,165814,169263,7,3449,2,7200,1.00202957379
165838,165845,169377,7,3532,2,7200,1.00198187995
165880,165887,169361,7,3474,2,7200,1.00201496834
165897,165905,168968,8,3063,2,7200,1.00261181848
165899,165913,169355,14,3442,2,7200,1.00406740267
165914,165925,165954,11,29,2,7200,1.37931034483
165951,165958,169422,7,3464,2,7200,1.00202078522
165967,165974,169608,7,3634,2,7200,1.00192625206
165982,165993,169255,11,3262,2,7200,1.00337216432
166007,166016,169496,9,3480,2,7200,1.0025862069
166023,166032,169549,9,3517,2,7200,1.00255899915
166024,166041,169598,17,3557,2,7200,1.00477930841
166080,166087,170004,7,3917,2,7200,1.00178708195
166095,166102,169859,7,3757,2,7200,1.00186318871
166174,166182,169490,8,3308,2,7200,1.00241837969
166195,166204,169565,9,3361,2,7200,1.00267777447
166232,166239,169499,7,3260,2,7200,1.00214723926
166262,166272,169652,10,3380,2,7200,1.00295857988
166278,166285,166314,7,29,2,7200,1.24137931034
166293,166300,169863,7,3563,2,7200,1.00196463654
166309,166318,169986,9,3668,2,7200,1.00245365322
166310,166327,169756,17,3429,2,7200,1.00495771362
166346,166356,170077,10,3721,2,7200,1.00268744961
166362,166370,168687,8,2317,2,7200,1.00345274061
166378,166385,169914,7,3529,2,7200,1.00198356475
166393,166402,169146,9,2744,2,7200,1.00327988338
166409,166418,170060,9,3642,2,7200,1.00247116969
166452,166459,170014,7,3555,2,7200,1.00196905767
166467,166475,169509,8,3034,2,7200,1.00263678312
166469,166484,167513,15,1029,2,7200,1.01457725948
166470,166489,169543,19,3054,2,7200,1.00622134905
166514,166522,170220,8,3698,2,7200,1.00216333153
166538,166547,170357,9,3810,2,7200,1.00236220472
166540,166556,170109,16,3553,2,7200,1.0045032367
166576,166585,167121,9,536,2,7200,1.01679104478
166578,166594,170247,16,3653,2,7200,1.00437996168
166595,166604,170074,9,3470,2,7200,1.00259365994
166597,166609,169960,12,3351,2,7200,1.00358102059
166598,166616,169971,18,3355,2,7200,1.00536512668
166614,166663,169919,49,3256,2,7200,1.01504914005
166630,166674,167251,44,577,2,7200,1.07625649913
166652,166718,170179,66,3461,2,7200,1.01906963305
166668,166723,170261,55,3538,2,7200,1.01554550594
166697,166729,169597,32,2868,2,7200,1.01115760112
166699,166734,170145,35,3411,2,7200,1.01026092055
166715,166743,170393,28,3650,2,7200,1.00767123288
166716,166748,170218,32,3470,2,7200,1.00922190202
166754,166761,169748,7,2987,2,7200,1.00234348845
166770,166777,170297,7,3520,2,7200,1.00198863636
166771,166785,170067,14,3282,2,7200,1.00426569165
166786,166795,170293,9,3498,2,7200,1.0025728988
166853,166863,170323,10,3460,2,7200,1.00289017341
166905,166913,170385,8,3472,2,7200,1.00230414747
166945,166952,170510,7,3558,2,7200,1.00196739741
166962,166970,170382,8,3412,2,7200,1.00234466589
166978,166985,170437,7,3452,2,7200,1.00202780997
166993,167000,170646,7,3646,2,7200,1.00191991223
167072,167079,170916,7,3837,2,7200,1.00182434193
167088,167095,170400,7,3305,2,7200,1.00211800303
167089,167104,170511,15,3407,2,7200,1.00440270032
167105,167115,170687,10,3572,2,7200,1.00279955207
167123,167131,169044,8,1913,2,7200,1.00418191323
167125,167136,170677,11,3541,2,7200,1.0031064671
167159,167166,170492,7,3326,2,7200,1.00210463019
167174,167181,172358,7,5177,2,7200,1.00135213444
167195,167202,170355,7,3153,2,7200,1.00222010783
167211,167219,170832,8,3613,2,7200,1.0022142264
167226,167235,170436,9,3201,2,7200,1.00281162137
167242,167249,170815,7,3566,2,7200,1.00196298374
167257,167266,167327,9,61,2,7200,1.14754098361
167259,167274,170018,15,2744,2,7200,1.0054664723
167330,167337,167364,7,27,2,7200,1.25925925926
167367,167374,170774,7,3400,2,7200,1.00205882353
167368,167384,171710,16,4326,2,7200,1.00369856681
167408,167417,170795,9,3378,2,7200,1.0026642984
167423,167430,171130,7,3700,2,7200,1.00189189189
167438,167446,170793,8,3347,2,7200,1.00239020018
167457,167465,171321,8,3856,2,7200,1.0020746888
167515,167523,171174,8,3651,2,7200,1.0021911805
167592,167600,171146,8,3546,2,7200,1.00225606317
167608,167615,171092,7,3477,2,7200,1.0020132298
167651,167659,167726,8,67,2,7200,1.11940298507
167666,167674,171491,8,3817,2,7200,1.00209588682
167682,167690,171237,8,3547,2,7200,1.00225542712
167709,167717,171651,8,3934,2,7200,1.00203355363
167728,167735,171573,7,3838,2,7200,1.0018238666
167791,167800,171330,9,3530,2,7200,1.00254957507
167817,167824,171384,7,3560,2,7200,1.00196629213
167894,167903,171469,9,3566,2,7200,1.00252383623
167911,167921,171280,10,3359,2,7200,1.00297707651
167913,167926,171455,13,3529,2,7200,1.00368376311
168029,168037,171515,8,3478,2,7200,1.00230017251
168073,168080,171539,7,3459,2,7200,1.00202370627
168116,168123,171707,7,3584,2,7200,1.001953125
168177,168186,171417,9,3231,2,7200,1.00278551532
168232,168239,172004,7,3765,2,7200,1.00185922975
168318,168327,171712,9,3385,2,7200,1.00265878877
168334,168341,172098,7,3757,2,7200,1.00186318871
168414,168423,172075,9,3652,2,7200,1.00246440307
168451,168460,172013,9,3553,2,7200,1.00253307064
168587,168595,172285,8,3690,2,7200,1.00216802168
168687,168694,172111,7,3417,2,7200,1.00204858063
168765,168775,206776,10,38001,1,43200,1.00026315097
168968,168976,172465,8,3489,2,7200,1.00229292061
168983,168992,172804,9,3812,2,7200,1.00236096537
169026,169033,173161,7,4128,2,7200,1.00169573643
169044,169051,172148,7,3097,2,7200,1.00226025186
169150,169157,172983,7,3826,2,7200,1.00182958704
169172,169181,169275,9,94,2,7200,1.09574468085
169252,169261,172862,9,3601,2,7200,1.00249930575
169268,169276,172805,8,3529,2,7200,1.00226693114
169270,169284,172812,14,3528,2,7200,1.00396825397
169286,169294,172327,8,3033,2,7200,1.00263765249
169357,169366,173181,9,3815,2,7200,1.00235910878
169373,169380,172862,7,3482,2,7200,1.00201033889
169390,169397,172417,7,3020,2,7200,1.00231788079
169418,169426,172972,8,3546,2,7200,1.00225606317
169433,169440,172756,7,3316,2,7200,1.00211097708
169492,169499,173074,7,3575,2,7200,1.00195804196
169509,169517,169592,8,75,2,7200,1.10666666667
169510,169525,173265,15,3740,2,7200,1.00401069519
169511,169531,172099,20,2568,2,7200,1.00778816199
169513,169536,170100,23,564,2,7200,1.04078014184
169548,169557,169693,9,136,2,7200,1.06617647059
169549,169565,172757,16,3192,2,7200,1.00501253133
169564,169575,173309,11,3734,2,7200,1.00294590252
169595,169602,172992,7,3390,2,7200,1.00206489676
169611,169618,173124,7,3506,2,7200,1.0019965773
169612,169627,172940,15,3313,2,7200,1.00452761847
169614,169632,173139,18,3507,2,7200,1.00513259196
169654,169661,173064,7,3403,2,7200,1.00205700852
169694,169703,173287,9,3584,2,7200,1.00251116071
169751,169760,173811,9,4051,2,7200,1.00222167366
169767,169774,170390,7,616,2,7200,1.01136363636
169782,169789,173175,7,3386,2,7200,1.00206733609
169860,169867,171074,7,1207,2,7200,1.0057995029
169875,169883,173632,8,3749,2,7200,1.00213390237
169915,169924,173381,9,3457,2,7200,1.00260341336
169931,169940,172795,9,2855,2,7200,1.00315236427
169961,169968,173471,7,3503,2,7200,1.00199828718
169976,169985,173498,9,3513,2,7200,1.00256191289
169992,170000,173598,8,3598,2,7200,1.00222345748
170007,170015,172087,8,2072,2,7200,1.00386100386
170023,170031,173437,8,3406,2,7200,1.00234879624
170024,170038,173251,14,3213,2,7200,1.00435729847
170061,170070,170581,9,511,2,7200,1.01761252446
170077,170087,173106,10,3019,2,7200,1.00331235508
170078,170092,173371,14,3279,2,7200,1.00426959439
170080,170106,173631,26,3525,2,7200,1.00737588652
170088,170101,197105,13,27004,1,108000,1.00048141016
170102,170113,171041,11,928,2,7200,1.01185344828
170118,170127,173853,9,3726,2,7200,1.00241545894
170127,170134,170135,7,1,2,3540,1.0
170145,170152,170336,7,184,2,7200,1.03804347826
170179,170186,173785,7,3599,2,7200,1.00194498472
170219,170226,170439,7,213,2,7200,1.03286384977
170234,170241,173832,7,3591,2,7200,1.00194931774
170249,170256,173477,7,3221,2,7200,1.00217323812
170265,170274,173489,9,3215,2,7200,1.00279937792
170296,170303,174257,7,3954,2,7200,1.00177035913
170311,170320,173686,9,3366,2,7200,1.00267379679
170326,170334,173999,8,3665,2,7200,1.00218281037
170342,170354,174109,12,3755,2,7200,1.00319573901
170357,170367,173755,10,3388,2,7200,1.00295159386
170359,170376,173960,17,3584,2,7200,1.00474330357
170384,170392,170939,8,547,2,7200,1.01462522852
170385,170401,173668,16,3267,2,7200,1.00489745944
170402,170414,173601,12,3187,2,7200,1.00376529652
170404,170419,173697,15,3278,2,7200,1.00457596095
170405,170424,174021,19,3597,2,7200,1.00528217959
170437,170445,174412,8,3967,2,7200,1.00201663726
170439,170455,174213,16,3758,2,7200,1.00425758382
170454,170463,173936,9,3473,2,7200,1.00259141952
170494,170503,173853,9,3350,2,7200,1.00268656716
170513,170522,173189,9,2667,2,7200,1.00337457818
170514,170531,173819,17,3288,2,7200,1.0051703163
170583,170592,173935,9,3343,2,7200,1.00269219264
170648,170655,174209,7,3554,2,7200,1.00196961171
170680,170688,171255,8,567,2,7200,1.01410934744
170700,170707,174331,7,3624,2,7200,1.00193156733
170774,170781,171883,7,1102,2,7200,1.00635208711
170793,170800,174617,7,3817,2,7200,1.00183390097
170809,170817,174428,8,3611,2,7200,1.00221545278
170825,170834,174768,9,3934,2,7200,1.00228774784
170840,170850,174052,10,3202,2,7200,1.00312304809
170919,170926,174559,7,3633,2,7200,1.00192678227
170941,170950,174764,9,3814,2,7200,1.00235972732
171042,171051,174524,9,3473,2,7200,1.00259141952
171077,171086,174538,9,3452,2,7200,1.00260718424
171092,171101,174211,9,3110,2,7200,1.00289389068
171132,171139,174554,7,3415,2,7200,1.00204978038
171147,171156,171217,9,61,2,7200,1.14754098361
171174,171181,174767,7,3586,2,7200,1.00195203569
171220,171227,174523,7,3296,2,7200,1.00212378641
171238,171248,174819,10,3571,2,7200,1.00280033604
171257,171264,174354,7,3090,2,7200,1.00226537217
171281,171288,174952,7,3664,2,7200,1.00191048035
171321,171328,174015,7,2687,2,7200,1.00260513584
171336,171347,174744,11,3397,2,7200,1.00323815131
171385,171393,175018,8,3625,2,7200,1.00220689655
171420,171427,174913,7,3486,2,7200,1.00200803213
171443,171450,171819,7,369,2,72000,1.0189701897
171456,171465,174681,9,3216,2,7200,1.00279850746
171471,171478,174937,7,3459,2,7200,1.00202370627
171493,171500,175030,7,3530,2,7200,1.00198300283
171518,171527,171659,9,132,2,7200,1.06818181818
171539,171547,174873,8,3326,2,7200,1.00240529164
171573,171580,174879,7,3299,2,7200,1.00212185511
171652,171660,171729,8,69,2,7200,1.11594202899
171667,171677,174980,10,3303,2,7200,1.00302755071
171707,171715,175412,8,3697,2,7200,1.00216391669
171724,171732,175593,8,3861,2,7200,1.00207200207
171726,171739,175345,13,3606,2,7200,1.00360510261
171742,171751,175437,9,3686,2,7200,1.00244167119
171883,171892,175574,9,3682,2,7200,1.00244432374
171911,171918,171947,7,29,2,72000,1.24137931034
171977,171986,175172,9,3186,9,36000,1.00282485876
172005,172012,172061,7,49,2,7200,1.14285714286
172020,172028,175333,8,3305,2,7200,1.00242057489
172063,172072,175426,9,3354,2,7200,1.00268336315
172078,172087,172153,9,66,2,7200,1.13636363636
172094,172101,175678,7,3577,2,7200,1.00195694716
172109,172116,175632,7,3516,2,7200,1.00199089875
172111,172128,175863,17,3735,2,7200,1.00455153949
172114,172123,172139,9,16,2,72000,1.5625
172126,172138,172699,12,561,2,7200,1.02139037433
172150,172159,175356,9,3197,2,7200,1.00281513919
172165,172172,172268,7,96,2,7200,1.07291666667
172272,172280,175681,8,3401,2,7200,1.00235224934
172288,172295,176103,7,3808,2,7200,1.00183823529
172329,172338,172601,9,263,2,7200,1.03422053232
172360,172367,175789,7,3422,2,7200,1.00204558738
172418,172425,175919,7,3494,2,7200,1.00200343446
172467,172475,175987,8,3512,2,7200,1.00227790433
172601,172611,176105,10,3494,2,7200,1.00286204923
172701,172708,176343,7,3635,2,7200,1.00192572215
172756,172763,176122,7,3359,2,7200,1.00208395356
172757,172771,175748,14,2977,2,7200,1.00470272086
172797,172806,175898,9,3092,2,7200,1.00291073739
172813,172820,173479,7,659,2,7200,1.01062215478
172815,172828,173909,13,1081,2,7200,1.01202590194
172816,172834,175980,18,3146,2,7200,1.00572155118
172865,172875,176671,10,3796,2,7200,1.00263435195
172867,172884,176528,17,3644,2,7200,1.00466520307
172941,172949,173089,8,140,2,7200,1.05714285714
172972,172979,173500,7,521,2,7200,1.01343570058
172988,172996,175953,8,2957,2,7200,1.00270544471
173003,173010,176667,7,3657,2,7200,1.00191413727
173064,173073,176068,9,2995,2,7200,1.00300500835
173079,173088,173627,9,539,2,7200,1.01669758813
173094,173102,176666,8,3564,2,7200,1.00224466891
173109,173116,176654,7,3538,2,7200,1.00197851894
173125,173135,176816,10,3681,2,7200,1.00271665308
173142,173151,176498,9,3347,2,7200,1.0026889752
173164,173172,176365,8,3193,2,7200,1.00250548074
173183,173193,176646,10,3453,2,7200,1.00289603244
173185,173201,176710,16,3509,2,7200,1.00455970362
173201,173209,176396,8,3187,2,7200,1.00251019768
173253,173261,176843,8,3582,2,7200,1.00223338917
173268,173276,176647,8,3371,2,7200,1.00237318303
173290,173299,176311,9,3012,2,7200,1.00298804781
173312,173321,176509,9,3188,2,7200,1.00282308657
173373,173380,177173,7,3793,2,7200,1.00184550488
173389,173398,176772,9,3374,2,7200,1.00266745702
173438,173445,175770,7,2325,2,7200,1.00301075269
173473,173481,177042,8,3561,2,7200,1.00224655996
173489,173496,176585,7,3089,2,7200,1.00226610554
173491,173505,177063,14,3558,2,7200,1.00393479483
173492,173510,177133,18,3623,2,7200,1.00496825835
173507,173519,176988,12,3469,2,7200,1.00345921015
173509,173524,174070,15,546,2,7200,1.02747252747
173601,173609,177087,8,3478,2,7200,1.00230017251
173603,173618,176633,15,3015,2,7200,1.00497512438
173628,173637,177077,9,3440,2,7200,1.00261627907
173643,173650,177358,7,3708,2,7200,1.00188781014
173645,173658,177030,13,3372,2,7200,1.00385527877
173669,173676,176905,7,3229,2,7200,1.00216785382
173687,173697,177143,10,3446,2,7200,1.00290191526
173703,173711,177101,8,3390,2,7200,1.00235988201
173758,173766,176979,8,3213,2,7200,1.00248988484
173785,173792,177457,7,3665,2,7200,1.00190995907
173810,173817,177317,7,3500,2,7200,1.002
173825,173837,177630,12,3793,2,7200,1.00316372265
173840,173850,177449,10,3599,2,7200,1.0027785496
173857,173866,177229,9,3363,2,7200,1.00267618198
173858,173872,177409,14,3537,2,7200,1.00395815663
173910,173917,177383,7,3466,2,7200,1.00201961916
173934,173944,177218,10,3274,2,7200,1.00305436775
173949,173957,177450,8,3493,2,7200,1.00229029488
173965,173973,177293,8,3320,2,7200,1.00240963855
174001,174008,174034,7,26,2,7200,1.26923076923
174017,174026,177433,9,3407,2,7200,1.00264162019
174032,174039,177180,7,3141,2,7200,1.00222858962
174047,174055,175946,8,1891,2,7200,1.00423056584
174063,174070,177415,7,3345,2,7200,1.00209267564
174078,174087,177939,9,3852,2,7200,1.0023364486
174109,174116,177542,7,3426,2,7200,1.00204319907
174210,174219,178012,9,3793,2,7200,1.00237279199
174211,174228,177419,17,3191,2,7200,1.00532748355
174227,174237,177550,10,3313,2,7200,1.00301841232
174259,174267,176201,8,1934,2,7200,1.00413650465
174333,174340,177835,7,3495,2,7200,1.00200286123
174354,174567,175123,213,556,2,7200,1.38309352518
174412,174572,178157,160,3585,2,7200,1.04463040446
174427,174577,177803,150,3226,2,7200,1.04649721017
174526,174582,177941,56,3359,2,7200,1.01667162846
174527,174588,178051,61,3463,2,7200,1.01761478487
174543,174593,174732,50,139,2,7200,1.35971223022
174559,174598,177909,39,3311,2,7200,1.01177891876
174561,174605,178425,44,3820,2,7200,1.01151832461
174619,174626,178149,7,3523,2,7200,1.00198694295
174681,174688,177888,7,3200,2,7200,1.0021875
174733,174740,177164,7,2424,2,7200,1.00288778878
174748,174757,178140,9,3383,2,7200,1.00266036063
174764,174771,178280,7,3509,2,7200,1.00199487033
174779,174786,178531,7,3745,2,7200,1.00186915888
174780,174795,178296,15,3501,2,7200,1.00428449015
174817,174826,178523,9,3697,2,7200,1.00243440628
174875,174885,177758,10,2873,2,7200,1.00348068221
174877,174890,178355,13,3465,2,7200,1.00375180375
174914,174921,178378,7,3457,2,7200,1.00202487706
174939,174946,178707,7,3761,2,7200,1.00186120713
174954,174961,178616,7,3655,2,7200,1.00191518468
174981,174991,178213,10,3222,2,7200,1.00310366232
175018,175025,178463,7,3438,2,7200,1.00203606748
175033,175040,178692,7,3652,2,7200,1.00191675794
175125,175132,177985,7,2853,2,7200,1.00245355766
175335,175344,178654,9,3310,2,7200,1.00271903323
175351,175359,178662,8,3303,2,7200,1.00242204057
175366,175375,178670,9,3295,2,7200,1.00273141123
175413,175422,178659,9,3237,2,7200,1.00278035218
175428,175437,175940,9,503,2,7200,1.01789264414
175444,175454,178898,10,3444,2,7200,1.00290360046
175574,175583,178940,9,3357,2,7200,1.00268096515
175596,175603,179228,7,3625,2,7200,1.00193103448
175632,175640,178185,8,2545,2,7200,1.00314341847
175681,175690,175711,9,21,2,7200,1.42857142857
175682,175699,176220,17,521,2,7200,1.03262955854
175713,175722,178918,9,3196,2,7200,1.00281602003
175750,175757,179310,7,3553,2,7200,1.00197016606
175771,175779,179058,8,3279,2,7200,1.00243976822
175790,175799,179150,9,3351,2,7200,1.00268576544
175864,175873,179474,9,3601,2,7200,1.00249930575
175898,175906,176161,8,255,2,7200,1.03137254902
175921,175929,179679,8,3750,2,7200,1.00213333333
175943,175951,179519,8,3568,2,7200,1.00224215247
175965,175972,179112,7,3140,2,7200,1.00222929936
175966,175981,179355,15,3374,2,7200,1.00444576171
175981,175991,177893,10,1902,2,7200,1.00525762355
175997,176004,179620,7,3616,2,7200,1.00193584071
176070,176077,179858,7,3781,2,7200,1.00185136207
176103,176111,179854,8,3743,2,7200,1.002137323
176119,176127,179809,8,3682,2,7200,1.00217273221
176134,176143,179733,9,3590,2,7200,1.00250696379
176162,176171,179178,9,3007,2,7200,1.0029930163
176201,176209,180002,8,3793,2,7200,1.00210914843
176220,176229,180109,9,3880,2,7200,1.00231958763
176311,176318,179294,7,2976,2,7200,1.00235215054
176345,176352,179903,7,3551,2,7200,1.0019712757
176367,176374,179984,7,3610,2,7200,1.00193905817
176394,176402,179859,8,3457,2,7200,1.00231414521
176499,176506,180443,7,3937,2,7200,1.00177800356
176515,176524,179726,9,3202,2,7200,1.00281074329
176530,176539,179938,9,3399,2,7200,1.0026478376
176585,176595,179635,10,3040,2,7200,1.00328947368
176635,176643,180322,8,3679,2,7200,1.00217450394
176651,176659,180135,8,3476,2,7200,1.00230149597
176652,176668,180171,16,3503,2,7200,1.00456751356
176668,176677,180015,9,3338,2,7200,1.00269622528
176669,176685,177217,16,532,2,7200,1.03007518797
176671,176690,177355,19,665,2,7200,1.02857142857
176686,176697,180075,11,3378,2,7200,1.00325636471
176711,176718,180456,7,3738,2,7200,1.00187265918
176772,176779,180533,7,3754,2,7200,1.00186467768
176818,176825,176977,7,152,2,7200,1.04605263158
176845,176854,179480,9,2626,2,7200,1.0034272658
176906,176914,180464,8,3550,2,7200,1.00225352113
176977,176984,180329,7,3345,2,7200,1.00209267564
176992,177001,180251,9,3250,2,7200,1.00276923077
176994,177008,180453,14,3445,2,7200,1.00406386067
177037,177047,180633,10,3586,2,7200,1.00278862242
177054,177063,180880,9,3817,2,7200,1.00235787267
177070,177081,180293,11,3212,2,7200,1.00342465753
177086,177094,180767,8,3673,2,7200,1.00217805608
177087,177103,180435,16,3332,2,7200,1.00480192077
177102,177112,180339,10,3227,2,7200,1.00309885342
177133,177141,180735,8,3594,2,7200,1.00222593211
177148,177156,180601,8,3445,2,7200,1.0023222061
177166,177176,180587,10,3411,2,7200,1.00293169159
177182,177192,180858,10,3666,2,7200,1.00272776869
177183,177197,180680,14,3483,2,7200,1.0040195234
177217,177225,180825,8,3600,2,7200,1.00222222222
177219,177231,180517,12,3286,2,7200,1.00365185636
177235,177244,180592,9,3348,2,7200,1.00268817204
177295,177304,177860,9,556,2,7200,1.01618705036
177317,177326,177851,9,525,2,7200,1.01714285714
177358,177366,180723,8,3357,2,7200,1.00238308013
177359,177375,180590,16,3215,2,7200,1.00497667185
177384,177393,181151,9,3758,2,7200,1.0023948909
177411,177418,180638,7,3220,2,7200,1.00217391304
177434,177441,177968,7,527,2,7200,1.01328273245
177436,177450,181032,14,3582,2,7200,1.00390843104
177437,177455,181222,18,3767,2,7200,1.0047783382
177453,177463,177672,10,209,2,7200,1.04784688995
177455,177468,180948,13,3480,2,7200,1.00373563218
177471,177480,180979,9,3499,2,7200,1.00257216348
177543,177553,180873,10,3320,2,7200,1.00301204819
177558,177565,181235,7,3670,2,7200,1.00190735695
177632,177640,181212,8,3572,2,7200,1.00223964166
177672,177682,181156,10,3474,2,7200,1.00287852619
177758,177767,180878,9,3111,2,7200,1.00289296046
177803,177813,181543,10,3730,2,7200,1.00268096515
177837,177846,180935,9,3089,2,7200,1.00291356426
177853,177860,181537,7,3677,2,7200,1.00190372586
177868,177877,180866,9,2989,2,7200,1.00301104048
177890,177897,181205,7,3308,2,7200,1.00211608222
177905,177912,181460,7,3548,2,7200,1.0019729425
177921,177930,181594,9,3664,2,7200,1.00245633188
177939,177948,181164,9,3216,2,7200,1.00279850746
177954,177962,181545,8,3583,2,7200,1.00223276584
177970,177979,181258,9,3279,2,7200,1.00274473925
177985,177995,181284,10,3289,2,7200,1.00304043782
178013,178020,181888,7,3868,2,7200,1.00180972079
178053,178061,181205,8,3144,2,7200,1.00254452926
178141,178149,181688,8,3539,2,7200,1.00226052557
178157,178167,179711,10,1544,2,7200,1.00647668394
178159,178172,181708,13,3536,2,7200,1.00367647059
178187,178194,181667,7,3473,2,7200,1.00201554852
178214,178223,181997,9,3774,2,7200,1.00238473768
178283,178291,181934,8,3643,2,7200,1.00219599231
178298,178305,181561,7,3256,2,7200,1.00214987715
178356,178365,181732,9,3367,2,7200,1.00267300267
178378,178387,181707,9,3320,2,7200,1.00271084337
178426,178433,181972,7,3539,2,7200,1.00197795988
178463,178473,182188,10,3715,2,7200,1.00269179004
178525,178534,181789,9,3255,2,7200,1.00276497696
178541,178631,182076,90,3445,2,7200,1.02612481858
178617,178636,178877,19,241,2,7200,1.07883817427
178655,178663,182332,8,3669,2,7200,1.00218043064
178671,178679,182025,8,3346,2,7200,1.00239091452
178673,178687,182012,14,3325,2,7200,1.00421052632
178674,178693,182413,19,3720,2,7200,1.00510752688
178694,178703,182398,9,3695,2,7200,1.00243572395
178709,178717,181944,8,3227,2,7200,1.00247908274
178878,178885,179402,7,517,2,7200,1.01353965184
178900,178907,182702,7,3795,2,7200,1.00184453228
178918,178926,182292,8,3366,2,7200,1.00237670826
178943,178950,179574,7,624,2,7200,1.01121794872
179059,179068,179583,9,515,2,7200,1.01747572816
179114,179124,182959,10,3835,2,7200,1.00260756193
179151,179158,182741,7,3583,2,7200,1.00195367011
179179,179187,182736,8,3549,2,7200,1.0022541561
179229,179238,182822,9,3584,2,7200,1.00251116071
179297,179306,182793,9,3487,2,7200,1.0025810152
179312,179319,182834,7,3515,2,7200,1.00199146515
179357,179367,182711,10,3344,2,7200,1.00299043062
179403,179411,182783,8,3372,2,7200,1.00237247924
179477,179487,182962,10,3475,2,7200,1.00287769784
179492,179501,183130,9,3629,2,7200,1.00248002204
179520,179529,182446,9,2917,2,7200,1.00308536167
179557,179567,181546,10,1979,24,3600,1.0050530571
179576,179585,183159,9,3574,2,7200,1.00251818691
179592,179601,183166,9,3565,2,7200,1.00252454418
179623,179630,182862,7,3232,2,7200,1.00216584158
179638,179648,183401,10,3753,2,7200,1.00266453504
179681,179688,183275,7,3587,2,7200,1.0019514915
179712,179721,179767,9,46,2,7200,1.19565217391
179729,179736,182973,7,3237,2,7200,1.00216249614
179744,179751,183205,7,3454,2,7200,1.00202663578
179769,179776,183169,7,3393,2,7200,1.00206307103
179812,179819,182493,7,2674,2,7200,1.00261780105
179854,179862,183755,8,3893,2,7200,1.00205497046
179870,179877,183000,7,3123,2,7200,1.00224143452
179871,179884,183639,13,3755,2,7200,1.0034620506
179905,179914,183183,9,3269,2,7200,1.00275313552
179939,179948,183240,9,3292,2,7200,1.00273390036
179986,179993,183080,7,3087,2,7200,1.0022675737
180004,180014,183481,10,3467,2,7200,1.00288433804
180020,180029,182733,9,2704,2,7200,1.00332840237
180076,180083,183731,7,3648,2,7200,1.00191885965
180112,180120,183439,8,3319,2,7200,1.00241036457
180136,180144,183675,8,3531,2,7200,1.00226564713
180170,180179,180910,9,731,2,7200,1.0123119015
180253,180262,183594,9,3332,2,7200,1.00270108043
180292,180300,184519,8,4219,2,7200,1.00189618393
180324,180333,183865,9,3532,2,7200,1.00254813137
180339,180347,183819,8,3472,2,7200,1.00230414747
180340,180353,183535,13,3182,2,7200,1.00408548083
180435,180444,180970,9,526,2,7200,1.01711026616
180451,180460,183698,9,3238,2,7200,1.00277949351
180467,180476,184101,9,3625,2,7200,1.00248275862
180468,180481,183755,13,3274,2,7200,1.00397067807
180469,180490,184116,21,3626,2,7200,1.00579150579
180520,180528,181042,8,514,2,7200,1.01556420233
180535,180543,183480,8,2937,2,7200,1.00272386789
180589,180598,183986,9,3388,2,7200,1.00265643447
180604,180611,183532,7,2921,2,7200,1.00239643958
180606,180620,184064,14,3444,2,7200,1.00406504065
180607,180625,184300,18,3675,2,7200,1.00489795918
180636,180643,181634,7,991,2,7200,1.00706357215
180651,180659,184459,8,3800,2,7200,1.00210526316
180682,180691,184192,9,3501,2,7200,1.00257069409
180725,180734,184520,9,3786,2,7200,1.00237717908
180740,180748,184315,8,3567,2,7200,1.00224278105
180771,180778,183810,7,3032,2,7200,1.00230870712
180826,180834,184065,8,3231,2,7200,1.00247601362
180857,180864,184210,7,3346,2,7200,1.00209205021
180873,180881,184463,8,3582,2,7200,1.00223338917
180874,180886,184516,12,3630,2,7200,1.00330578512
180891,180898,184240,7,3342,2,7200,1.00209455416
180892,180905,184401,13,3496,2,7200,1.00371853547
180911,180919,184387,8,3468,2,7200,1.00230680507
180936,180943,184258,7,3315,2,7200,1.00211161388
180952,180961,184652,9,3691,2,7200,1.00243836359
180973,180980,184302,7,3322,2,7200,1.00210716436
180989,180996,184466,7,3470,2,7200,1.00201729107
181029,181038,184680,9,3642,2,7200,1.00247116969
181044,181053,181551,9,498,2,7200,1.01807228916
181152,181159,184889,7,3730,2,7200,1.0018766756
181168,181176,184559,8,3383,2,7200,1.002364765
181169,181184,184859,15,3675,2,7200,1.00408163265
181208,181216,184763,8,3547,2,7200,1.00225542712
181210,181223,184740,13,3517,2,7200,1.0036963321
181211,181229,184171,18,2942,2,7200,1.00611828688
181229,181237,184801,8,3564,2,7200,1.00224466891
181244,181251,185025,7,3774,2,7200,1.00185479597
181260,181268,181595,8,327,2,7200,1.0244648318
181284,181293,184561,9,3268,2,7200,1.00275397797
181463,181472,185171,9,3699,2,7200,1.00243309002
181537,181546,183031,9,1485,2,7200,1.00606060606
181553,181562,182067,9,505,2,7200,1.01782178218
181555,181567,185218,12,3651,2,7200,1.00328677075
181556,181576,184769,20,3193,2,7200,1.00626370185
181571,181584,185230,13,3646,2,7200,1.00356555129
181584,181593,181595,9,2,2,3540,1.1
181599,181607,182197,8,590,2,7200,1.01355932203
181601,181616,184467,15,2851,2,7200,1.00526131182
181635,181644,185375,9,3731,2,7200,1.00241222192
181668,181676,184878,8,3202,2,7200,1.00249843848
181690,181697,185277,7,3580,2,7200,1.00195530726
181709,181718,185279,9,3561,2,7200,1.00252737995
181710,181727,181986,17,259,2,7200,1.06563706564
181733,181742,184904,9,3162,2,7200,1.00284629981
181788,181795,185224,7,3429,2,7200,1.00204141149
181888,181897,185039,9,3142,2,7200,1.00286441757
181933,181941,185567,8,3626,2,7200,1.00220628792
181949,181958,183999,9,2041,2,7200,1.00440960314
181973,181982,182797,9,815,2,7200,1.01104294479
181989,181998,185625,9,3627,2,7200,1.00248138958
182005,182014,185584,9,3570,2,7200,1.0025210084
182021,182031,185445,10,3414,2,7200,1.00292911541
182036,182043,185848,7,3805,2,7200,1.00183968463
182069,182076,185217,7,3141,2,7200,1.00222858962
182085,182092,185572,7,3480,2,7200,1.00201149425
182104,182111,182281,7,170,1,3600,1.04117647059
182189,182196,185725,7,3529,2,7200,1.00198356475
182205,182213,185597,8,3384,2,7200,1.00236406619
182294,182301,182499,7,198,2,7200,1.03535353535
182333,182343,183536,10,1193,2,7200,1.00838222967
182400,182408,186278,8,3870,2,7200,1.00206718346
182415,182423,185807,8,3384,2,7200,1.00236406619
182446,182456,185964,10,3508,2,7200,1.00285062714
182453,182464,182818,11,354,1,3600,1.03107344633
182496,182504,186064,8,3560,2,7200,1.00224719101
182511,182520,186058,9,3538,2,7200,1.00254381006
182703,182710,185855,7,3145,2,7200,1.00222575517
182719,182727,186019,8,3292,2,7200,1.00243013366
182734,182743,185985,9,3242,2,7200,1.00277606416
182752,182759,185888,7,3129,2,7200,1.00223713647
182753,182807,186173,54,3366,2,7200,1.01604278075
182784,182813,183323,29,510,2,7200,1.0568627451
182799,182822,186211,23,3389,2,7200,1.00678666273
182801,182827,186364,26,3537,2,7200,1.00735086231
182823,182835,186117,12,3282,2,7200,1.00365630713
182838,182845,186197,7,3352,2,7200,1.00208830549
182871,182879,186417,8,3538,2,7200,1.0022611645
182960,182967,186723,7,3756,2,7200,1.00186368477
182976,182983,186312,7,3329,2,7200,1.00210273355
182977,182991,186523,14,3532,2,7200,1.00396375991
183002,183011,186199,9,3188,2,7200,1.00282308657
183032,183041,186145,9,3104,2,7200,1.00289948454
183082,183091,186570,9,3479,2,7200,1.00258695027
183132,183141,186474,9,3333,2,7200,1.00270027003
183157,183166,187148,9,3982,2,7200,1.00226017077
183173,183183,186257,10,3074,2,7200,1.00325309044
183175,183188,186361,13,3173,2,7200,1.00409706902
183175,183194,184034,19,840,1,3600,1.02261904762
183190,183201,186629,11,3428,2,7200,1.00320886814
183206,183213,186365,7,3152,2,7200,1.00222081218
183243,183250,187062,7,3812,2,7200,1.0018363064
183274,183283,186622,9,3339,2,7200,1.00269541779
183322,183332,183818,10,486,2,7200,1.02057613169
183403,183412,186072,9,2660,2,7200,1.00338345865
183439,183446,184001,7,555,2,7200,1.01261261261
183482,183491,187147,9,3656,2,7200,1.00246170678
183484,183500,186873,16,3373,2,7200,1.00474355173
183533,183540,186247,7,2707,2,7200,1.00258588844
183548,183558,187046,10,3488,2,7200,1.00286697248
183550,183563,187047,13,3484,2,7200,1.00373134328
183595,183604,186709,9,3105,2,7200,1.00289855072
183638,183646,187178,8,3532,2,7200,1.00226500566
183676,183683,186750,7,3067,2,7200,1.00228236061
183700,183709,184232,9,523,2,7200,1.017208413
183732,183739,184806,7,1067,2,7200,1.00656044986
183757,183765,187257,8,3492,2,7200,1.00229095074
183758,183773,187345,15,3572,2,7200,1.00419932811
183811,183818,184340,7,522,2,7200,1.01340996169
183827,183834,186934,7,3100,2,7200,1.00225806452
183828,183843,187051,15,3208,2,7200,1.00467581047
183869,183877,187078,8,3201,2,7200,1.00249921899
183988,183997,184521,9,524,2,7200,1.01717557252
184008,184017,187688,9,3671,2,7200,1.00245164805
184009,184023,187563,14,3540,2,7200,1.00395480226
184065,184072,187706,7,3634,2,7200,1.00192625206
184066,184082,187814,16,3732,2,7200,1.00428724544
184103,184112,187717,9,3605,2,7200,1.00249653259
184119,184126,187626,7,3500,2,7200,1.002
184170,184179,187612,9,3433,2,7200,1.00262161375
184196,184203,187736,7,3533,2,7200,1.00198131899
184211,184220,187707,9,3487,2,7200,1.0025810152
184233,184240,187502,7,3262,2,7200,1.00214592275
184248,184255,185189,7,934,2,7200,1.00749464668
184263,184272,187499,9,3227,2,7200,1.00278896808
184300,184310,187197,10,2887,2,7200,1.00346380326
184302,184319,187788,17,3469,2,7200,1.00490054771
184317,184328,187006,11,2678,2,7200,1.00410754294
184343,184352,187920,9,3568,2,7200,1.00252242152
184386,184395,187523,9,3128,2,7200,1.00287723785
184404,184411,187805,7,3394,2,7200,1.00206246317
184462,184469,187736,7,3267,2,7200,1.00214263851
184478,184485,187830,7,3345,2,7200,1.00209267564
184479,184492,187860,13,3368,2,7200,1.00385985748
184480,184497,187165,17,2668,2,7200,1.00637181409
184518,184526,185320,8,794,2,7200,1.01007556675
184520,184535,187869,15,3334,2,7200,1.00449910018
184521,184540,187886,19,3346,2,7200,1.005678422
184537,184549,186039,12,1490,2,7200,1.00805369128
184561,184569,188184,8,3615,2,7200,1.00221300138
184563,184578,187802,15,3224,2,7200,1.00465260546
184653,184662,187944,9,3282,2,7200,1.00274223035
184681,184688,187945,7,3257,2,7200,1.00214921707
184742,184749,187841,7,3092,2,7200,1.00226390686
184763,184770,188041,7,3271,2,7200,1.00214001834
184778,184786,188504,8,3718,2,7200,1.00215169446
184803,184812,188615,9,3803,2,7200,1.00236655272
184818,184826,188226,8,3400,2,7200,1.00235294118
184861,184868,185376,7,508,2,7200,1.01377952756
184877,184885,188263,8,3378,2,7200,1.00236826525
184892,184899,188480,7,3581,2,7200,1.00195476124
184907,184916,188300,9,3384,2,7200,1.00265957447
185027,185036,185088,9,52,2,7200,1.17307692308
185042,185051,188303,9,3252,2,7200,1.00276752768
185091,185099,188278,8,3179,2,7200,1.00251651463
185171,185178,189130,7,3952,2,7200,1.00177125506
185190,185199,188735,9,3536,2,7200,1.00254524887
185217,185225,188990,8,3765,2,7200,1.002124834
185233,185240,188276,7,3036,2,7200,1.00230566535
185235,185249,189381,14,4132,2,7200,1.00338818974
185236,185254,185287,18,33,2,7200,1.54545454545
185254,185263,185376,9,113,1,3600,1.0796460177
185276,185283,188625,7,3342,2,7200,1.00209455416
185295,185302,185877,7,575,2,7200,1.01217391304
185296,185309,188830,13,3521,2,7200,1.00369213292
185328,185337,188599,9,3262,2,7200,1.00275904353
185376,185384,188999,8,3615,2,7200,1.00221300138
185391,185398,188539,7,3141,2,7200,1.00222858962
185447,185456,188854,9,3398,2,7200,1.00264861683
185556,185564,185885,8,321,1,3600,1.02492211838
185569,185577,189242,8,3665,2,7200,1.00218281037
185585,185592,186098,7,506,2,7200,1.01383399209
185586,185601,187661,15,2060,2,7200,1.0072815534
185602,185610,188628,8,3018,2,7200,1.00265076209
185627,185636,188903,9,3267,2,7200,1.00275482094
185661,185668,185835,7,167,1,3600,1.04191616766
185727,185736,189004,9,3268,2,7200,1.00275397797
185809,185816,189166,7,3350,2,7200,1.00208955224
185849,185856,187144,7,1288,2,7200,1.00543478261
185864,185872,189508,8,3636,2,7200,1.00220022002
185879,185887,189128,8,3241,2,7200,1.00246837396
185895,185905,189540,10,3635,2,7200,1.00275103164
185966,185976,188861,10,2885,2,7200,1.00346620451
185988,185995,190066,7,4071,2,7200,1.00171947924
186005,186012,186346,7,334,1,3600,1.02095808383
186022,186029,189678,7,3649,2,7200,1.00191833379
186041,186048,189571,7,3523,2,7200,1.00198694295
186060,186067,189694,7,3627,2,7200,1.00192996967
186076,186083,189510,7,3427,2,7200,1.00204260286
186077,186093,189415,16,3322,2,7200,1.00481637568
186098,186106,189505,8,3399,2,7200,1.00235363342
186117,186126,189670,9,3544,2,7200,1.00253950339
186147,186155,189732,8,3577,2,7200,1.00223651104
186172,186181,189952,9,3771,2,7200,1.00238663484
186197,186206,189547,9,3341,2,7200,1.00269380425
186198,186214,189672,16,3458,2,7200,1.004626952
186214,186223,189801,9,3578,2,7200,1.00251537172
186248,186255,189740,7,3485,2,7200,1.00200860832
186264,186273,189172,9,2899,2,7200,1.0031045188
186279,186287,190080,8,3793,2,7200,1.00210914843
186313,186320,188347,7,2027,2,7200,1.00345337938
186362,186370,189925,8,3555,2,7200,1.00225035162
186373,186381,186988,8,607,1,3600,1.01317957166
186378,186390,189789,12,3399,2,7200,1.00353045013
186379,186395,189530,16,3135,2,7200,1.00510366826
186419,186428,189293,9,2865,2,7200,1.00314136126
186474,186481,186589,7,108,2,7200,1.06481481481
186523,186532,189984,9,3452,2,7200,1.00260718424
186572,186581,190208,9,3627,2,7200,1.00248138958
186591,186598,189949,7,3351,2,7200,1.00208892868
186625,186634,190206,9,3572,2,7200,1.00251959686
186642,186650,190005,8,3355,2,7200,1.00238450075
186703,186710,187516,7,806,1,3600,1.00868486352
186711,186720,190330,9,3610,2,7200,1.00249307479
186726,186733,190241,7,3508,2,7200,1.001995439
186753,186761,190240,8,3479,2,7200,1.00229951135
186874,186883,187193,9,310,2,7200,1.02903225806
186935,187020,190460,85,3440,2,7200,1.02470930233
187008,187064,190647,56,3583,2,7200,1.01562936087
187045,187069,190418,24,3349,2,7200,1.0071663183
187047,187075,190787,28,3712,2,7200,1.00754310345
187062,187084,190699,22,3615,2,7200,1.0060857538
187063,187089,190157,26,3068,2,7200,1.00847457627
187080,187098,190048,18,2950,2,7200,1.00610169492
187144,187153,190601,9,3448,2,7200,1.00261020882
187161,187170,190489,9,3319,2,7200,1.00271166014
187162,187179,190467,17,3288,2,7200,1.0051703163
187178,187186,191022,8,3836,2,7200,1.00208550574
187180,187191,190796,11,3605,2,7200,1.00305131761
187195,187203,190511,8,3308,2,7200,1.00241837969
187211,187218,187734,7,516,2,7200,1.01356589147
187260,187268,188331,8,1063,2,7200,1.00752587018
187345,187354,191066,9,3712,2,7200,1.00242456897
187501,187510,190969,9,3459,2,7200,1.00260190807
187502,187519,188054,17,535,2,7200,1.03177570093
187524,187533,191012,9,3479,2,7200,1.00258695027
187565,187572,190355,7,2783,2,7200,1.00251527129
187611,187618,191185,7,3567,2,7200,1.00196243342
187626,187633,190841,7,3208,2,7200,1.00218204489
187663,187671,191163,8,3492,2,7200,1.00229095074
187688,187697,190887,9,3190,2,7200,1.00282131661
187707,187717,190973,10,3256,2,7200,1.00307125307
187709,187722,187801,13,79,2,7200,1.16455696203
187726,187734,187867,8,133,2,7200,1.06015037594
187742,187752,190745,10,2993,2,7200,1.0033411293
187744,187757,190786,13,3029,2,7200,1.00429184549
187745,187764,191132,19,3368,2,7200,1.00564133017
187789,187798,188429,9,631,2,7200,1.01426307448
187805,187812,191105,7,3293,2,7200,1.00212572123
187806,187819,190670,13,2851,2,7200,1.00455980358
187808,187825,191169,17,3344,2,7200,1.00508373206
187823,187834,191483,11,3649,2,7200,1.00301452453
187840,187850,191367,10,3517,2,7200,1.00284333239
187842,187855,191326,13,3471,2,7200,1.00374531835
187861,187869,191626,8,3757,2,7200,1.00212935853
187877,187887,191472,10,3585,2,7200,1.00278940028
187879,187892,188512,13,620,2,7200,1.02096774194
187896,187903,191229,7,3326,2,7200,1.00210463019
187922,187929,188561,7,632,2,7200,1.01107594937
187945,187952,191674,7,3722,2,7200,1.0018807093
187946,187960,191267,14,3307,2,7200,1.00423344421
188043,188051,191410,8,3359,2,7200,1.00238166121
188063,188073,190436,10,2363,2,7200,1.00423190859
188186,188195,191755,9,3560,2,7200,1.00252808989
188228,188237,191786,9,3549,2,7200,1.00253592561
188266,188273,191917,7,3644,2,7200,1.00192096597
188282,188290,191830,8,3540,2,7200,1.00225988701
188283,188298,188736,15,438,2,7200,1.03424657534
188302,188309,191690,7,3381,2,7200,1.00207039337
188317,188324,189842,7,1518,2,7200,1.0046113307
188332,188339,188567,7,228,2,7200,1.03070175439
188348,188356,191862,8,3506,2,7200,1.00228180262
188431,188439,191861,8,3422,2,7200,1.00233781414
188480,188489,191731,9,3242,2,7200,1.00277606416
188505,188513,191982,8,3469,2,7200,1.0023061401
188521,188529,192367,8,3838,2,7200,1.00208441897
188539,188548,192120,9,3572,2,7200,1.00251959686
188564,188571,190446,7,1875,2,7200,1.00373333333
188579,188587,192166,8,3579,2,7200,1.00223526125
188601,188608,192129,7,3521,2,7200,1.00198807157
188616,188623,192277,7,3654,2,7200,1.00191570881
188632,188642,192129,10,3487,2,7200,1.00286779467
188633,188647,192274,14,3627,2,7200,1.00385993934
188737,188746,192456,9,3710,2,7200,1.00242587601
188738,188754,189248,16,494,2,7200,1.03238866397
188754,188761,188869,7,108,1,3600,1.06481481481
188831,188841,192516,10,3675,2,7200,1.00272108844
188856,188863,192466,7,3603,2,7200,1.00194282542
188871,188883,191974,12,3091,2,7200,1.00388223876
188906,188915,189429,9,514,2,7200,1.01750972763
188989,188997,189545,8,548,2,7200,1.01459854015
189005,189014,192594,9,3580,2,7200,1.00251396648
189006,189019,192565,13,3546,2,7200,1.00366610265
189040,189049,189358,9,309,1,3600,1.02912621359
189132,189139,192522,7,3383,2,7200,1.00206916938
189133,189147,192412,14,3265,2,7200,1.00428790199
189168,189175,192342,7,3167,2,7200,1.00221029365
189184,189191,192733,7,3542,2,7200,1.00197628458
189243,189250,191206,7,1956,2,7200,1.00357873211
189258,189266,192365,8,3099,2,7200,1.0025814779
189295,189303,193019,8,3716,2,7200,1.00215285253
189332,189339,189454,7,115,1,1800,1.06086956522
189382,189393,193098,11,3705,2,7200,1.00296896086
189418,189425,189566,7,141,2,7200,1.04964539007
189433,189440,193123,7,3683,2,7200,1.00190062449
189507,189515,193048,8,3533,2,7200,1.00226436456
189523,189530,192586,7,3056,2,7200,1.00229057592
189524,189537,190072,13,535,2,7200,1.02429906542
189550,189558,193109,8,3551,2,7200,1.00225288651
189552,189567,193235,15,3668,2,7200,1.00408942203
189553,189573,190098,20,525,2,7200,1.0380952381
189555,189578,190103,23,525,2,7200,1.04380952381
189570,189585,192992,15,3407,2,7200,1.00440270032
189586,189595,192831,9,3236,2,7200,1.00278121137
189674,189681,193170,7,3489,2,7200,1.00200630553
189675,189689,193268,14,3579,2,7200,1.00391170718
189691,189703,193687,12,3984,2,7200,1.00301204819
189707,189714,192958,7,3244,2,7200,1.00215782984
189732,189739,190325,7,586,2,7200,1.01194539249
189747,189756,190043,9,287,2,7200,1.03135888502
189752,189763,189873,11,110,1,1800,1.1
189788,189796,193293,8,3497,2,7200,1.00228767515
189800,189807,190418,7,611,1,3600,1.01145662848
189803,189815,193239,12,3424,2,7200,1.0035046729
189844,189853,193143,9,3290,2,7200,1.00273556231
189926,189934,193470,8,3536,2,7200,1.00226244344
189951,189958,193173,7,3215,2,7200,1.00217729393
189952,189967,193489,15,3522,2,7200,1.00425894378
189986,189993,192875,7,2882,2,7200,1.00242886884
190005,190017,193591,12,3574,2,7200,1.00335758254
190044,190052,192917,8,2865,2,7200,1.00279232112
190060,190068,193413,8,3345,2,7200,1.0023916293
190076,190085,193810,9,3725,2,7200,1.00241610738
190077,190094,190612,17,518,2,7200,1.03281853282
190093,190103,193188,10,3085,2,7200,1.00324149109
190109,190117,193889,8,3772,2,7200,1.00212089077
190110,190126,193279,16,3153,2,7200,1.00507453219
190156,190163,193922,7,3759,2,7200,1.00186219739
190206,190214,193624,8,3410,2,7200,1.00234604106
190208,190223,193742,15,3519,2,7200,1.0042625746
190239,190246,193800,7,3554,2,7200,1.00196961171
190240,190255,193526,15,3271,2,7200,1.00458575359
190326,190335,193690,9,3355,2,7200,1.00268256334
190341,190348,194067,7,3719,2,7200,1.0018822264
190357,190364,193442,7,3078,2,7200,1.00227420403
190419,190428,193841,9,3413,2,7200,1.00263697627
190438,190447,193887,9,3440,2,7200,1.00261627907
190454,190463,194021,9,3558,2,7200,1.00252951096
190470,190477,194003,7,3526,2,7200,1.00198525241
190471,190485,193637,14,3152,2,7200,1.00444162437
190489,190499,193811,10,3312,2,7200,1.00301932367
190512,190519,194226,7,3707,2,7200,1.0018883194
190540,190547,191097,7,550,1,1800,1.01272727273
190601,190611,191797,10,1186,2,7200,1.0084317032
190617,190626,194263,9,3637,2,7200,1.00247456695
190648,190657,194017,9,3360,2,7200,1.00267857143
190670,190678,194252,8,3574,2,7200,1.00223838836
190701,190710,193812,9,3102,2,7200,1.00290135397
190745,190752,191259,7,507,2,7200,1.01380670611
190786,190793,191411,7,618,2,7200,1.01132686084
190788,190802,194194,14,3392,2,7200,1.00412735849
190804,190814,194650,10,3836,2,7200,1.00260688217
190844,190853,194326,9,3473,2,7200,1.00259141952
190893,190901,194424,8,3523,2,7200,1.00227079194
190971,190978,194356,7,3378,2,7200,1.00207223209
190986,191036,194563,50,3527,2,7200,1.01417635384
191014,191042,194566,28,3524,2,7200,1.00794551646
191029,191050,193939,21,2889,2,7200,1.00726895119
191066,191075,191199,9,124,2,7200,1.07258064516
191106,191113,194667,7,3554,2,7200,1.00196961171
191133,191141,194427,8,3286,2,7200,1.00243457091
191164,191171,194438,7,3267,2,7200,1.00214263851
191179,191189,194859,10,3670,2,7200,1.00272479564
191195,191202,194830,7,3628,2,7200,1.00192943771
191211,191219,194639,8,3420,2,7200,1.00233918129
191212,191228,194852,16,3624,2,7200,1.00441501104
191230,191238,194657,8,3419,2,7200,1.00233986546
191261,191268,194809,7,3541,2,7200,1.0019768427
191277,191286,192210,9,924,2,7200,1.00974025974
191326,191335,192663,9,1328,2,7200,1.00677710843
191369,191378,194548,9,3170,2,7200,1.00283911672
191410,191417,194883,7,3466,2,7200,1.00201961916
191426,191433,194462,7,3029,2,7200,1.00231099373
191469,191478,195145,9,3667,2,7200,1.00245432233
191485,191494,195002,9,3508,2,7200,1.00256556442
191626,191633,194771,7,3138,2,7200,1.0022307202
191675,191682,195100,7,3418,2,7200,1.00204798128
191693,191700,195162,7,3462,2,7200,1.00202195263
191733,191741,195501,8,3760,2,7200,1.00212765957
191756,191765,195329,9,3564,2,7200,1.00252525253
191787,191796,193266,9,1470,2,7200,1.00612244898
191804,191815,195342,11,3527,2,7200,1.00311879785
191832,191841,192367,9,526,2,7200,1.01711026616
191863,191871,195543,8,3672,2,7200,1.00217864924
191864,191880,195363,16,3483,2,7200,1.00459374103
191916,191923,195685,7,3762,2,7200,1.00186071239
191975,191982,195185,7,3203,2,7200,1.00218545114
191990,191998,195743,8,3745,2,7200,1.00213618158
192123,192132,192750,9,618,2,7200,1.0145631068
192140,192149,195501,9,3352,2,7200,1.0026849642
192141,192156,195659,15,3503,2,7200,1.00428204396
192170,192179,192685,9,506,2,7200,1.01778656126
192214,192222,194051,8,1829,2,7200,1.00437397485
192276,192286,196192,10,3906,2,7200,1.00256016385
192278,192291,192342,13,51,2,7200,1.25490196078
192343,192350,195625,7,3275,2,7200,1.00213740458
192345,192359,196063,14,3704,2,7200,1.00377969762
192368,192378,195805,10,3427,2,7200,1.00291800409
192370,192384,195783,14,3399,2,7200,1.00411885849
192371,192393,193092,22,699,2,7200,1.03147353362
192412,192419,195995,7,3576,2,7200,1.00195749441
192458,192467,196151,9,3684,2,7200,1.00244299674
192473,192482,196165,9,3683,2,7200,1.00244366006
192516,192525,195814,9,3289,2,7200,1.00273639404
192532,192540,196296,8,3756,2,7200,1.00212992545
192566,192575,196328,9,3753,2,7200,1.00239808153
192588,192595,195552,7,2957,2,7200,1.00236726412
192604,192612,196030,8,3418,2,7200,1.00234055003
192665,192673,195561,8,2888,2,7200,1.0027700831
192687,192696,196122,9,3426,2,7200,1.00262697023
192734,192741,196313,7,3572,2,7200,1.00195968645
192749,192758,195994,9,3236,2,7200,1.00278121137
192788,192795,192844,7,49,1,1800,1.14285714286
192831,192840,196138,9,3298,2,7200,1.00272892662
192877,192885,196625,8,3740,2,7200,1.00213903743
192916,192923,196832,7,3909,2,7200,1.00179073932
192960,192967,194960,7,1993,2,7200,1.00351229303
192969,192980,193088,11,108,1,1800,1.10185185185
192994,193003,196389,9,3386,2,7200,1.00265800354
193019,193026,196585,7,3559,2,7200,1.00196684462
193050,193059,196282,9,3223,2,7200,1.00279242941
193094,193101,196766,7,3665,2,7200,1.00190995907
193109,193117,196660,8,3543,2,7200,1.00225797347
193111,193126,196820,15,3694,2,7200,1.00406063887
193126,193134,196639,8,3505,2,7200,1.00228245364
193145,193152,196018,7,2866,2,7200,1.00244242847
193159,193166,193246,7,80,1,1800,1.0875
193173,193180,194344,7,1164,2,7200,1.0060137457
193174,193189,196385,15,3196,2,7200,1.00469336671
193190,193197,196454,7,3257,2,7200,1.00214921707
193236,193243,196356,7,3113,2,7200,1.00224863476
193252,193259,196682,7,3423,2,7200,1.00204498978
193268,193275,196906,7,3631,2,7200,1.00192784357
193269,193284,193876,15,592,2,7200,1.02533783784
193285,193295,196474,10,3179,2,7200,1.00314564328
193302,193311,196468,9,3157,2,7200,1.00285080773
193408,193415,193521,7,106,1,1800,1.06603773585
193415,193423,196945,8,3522,2,7200,1.00227143668
193443,193450,197137,7,3687,2,7200,1.00189856252
193472,193481,197200,9,3719,2,7200,1.00242000538
193491,193499,197080,8,3581,2,7200,1.00223401285
193529,193538,197195,9,3657,2,7200,1.00246103363
193599,193610,196209,11,2599,2,7200,1.00423239708
193625,193632,196545,7,2913,2,7200,1.00240302094
193640,193650,197195,10,3545,2,7200,1.00282087447
193691,193700,197254,9,3554,2,7200,1.00253235791
193692,193708,193828,16,120,2,7200,1.13333333333
193748,193759,197394,11,3635,2,7200,1.0030261348
193800,193807,197505,7,3698,2,7200,1.00189291509
193816,193824,197733,8,3909,2,7200,1.00204655922
193817,193833,197511,16,3678,2,7200,1.00435019032
193818,193838,197105,20,3267,2,7200,1.0061218243
193834,193847,196019,13,2172,2,7200,1.00598526703
193850,193859,197087,9,3228,2,7200,1.00278810409
193878,193886,196729,8,2843,2,7200,1.00281392895
193893,193905,194467,12,562,2,7200,1.02135231317
193895,193910,197274,15,3364,2,7200,1.00445897741
193922,193930,197170,8,3240,2,7200,1.0024691358
193941,193948,197474,7,3526,2,7200,1.00198525241
194003,194010,196308,7,2298,2,7200,1.00304612707
194018,194025,196749,7,2724,2,7200,1.00256975037
194034,194042,197522,8,3480,2,7200,1.00229885057
194052,194061,197263,9,3202,2,7200,1.00281074329
194068,194077,196253,9,2176,2,7200,1.00413602941
194074,194086,194375,12,289,1,1800,1.04152249135
194196,194206,197344,10,3138,2,7200,1.00318674315
194206,194215,194774,9,559,1,1800,1.01610017889
194227,194236,197041,9,2805,2,7200,1.00320855615
194252,194259,194751,7,492,2,7200,1.01422764228
194267,194275,197863,8,3588,2,7200,1.0022296544
194326,194333,197463,7,3130,2,7200,1.00223642173
194345,194352,195529,7,1177,2,7200,1.0059473237
194361,194368,197981,7,3613,2,7200,1.0019374481
194426,194436,197525,10,3089,2,7200,1.00323729362
194428,194441,198072,13,3631,2,7200,1.00358028091
194444,194454,197593,10,3139,2,7200,1.00318572794
194463,194470,198233,7,3763,2,7200,1.00186021791
194478,194486,198021,8,3535,2,7200,1.00226308345
194549,194559,197909,10,3350,2,7200,1.00298507463
194565,194573,196007,8,1434,2,7200,1.00557880056
194567,194582,198243,15,3661,2,7200,1.00409724119
194641,194650,198472,9,3822,2,7200,1.00235478807
194658,194668,197665,10,2997,2,7200,1.00333667
194660,194673,197858,13,3185,2,7200,1.00408163265
194677,194685,198303,8,3618,2,7200,1.00221116639
194752,194759,198069,7,3310,2,7200,1.00211480363
194773,194782,197932,9,3150,2,7200,1.00285714286
194811,194820,198111,9,3291,2,7200,1.00273473108
194830,194839,198344,9,3505,2,7200,1.00256776034
194851,194859,198508,8,3649,2,7200,1.00219238147
194869,194877,198214,8,3337,2,7200,1.0023973629
194888,194974,198474,86,3500,2,7200,1.02457142857
194960,195017,198554,57,3537,2,7200,1.01611535199
195004,195023,195568,19,545,2,7200,1.03486238532
195101,195110,197990,9,2880,2,7200,1.003125
195147,195154,195764,7,610,2,7200,1.01147540984
195163,195172,198707,9,3535,2,7200,1.00254596888
195184,195191,198619,7,3428,2,7200,1.002042007
195331,195338,198734,7,3396,2,7200,1.00206124853
195347,195356,198603,9,3247,2,7200,1.00277178934
195365,195373,195903,8,530,2,7200,1.01509433962
195504,195513,198455,9,2942,2,7200,1.00305914344
195505,195520,199172,15,3652,2,7200,1.00410733844
195531,195538,199228,7,3690,2,7200,1.00189701897
195548,195557,198931,9,3374,2,7200,1.00266745702
195567,195579,199099,12,3520,2,7200,1.00340909091
195568,195585,199408,17,3823,2,7200,1.00444676955
195588,195596,196097,8,501,2,7200,1.01596806387
195625,195633,199369,8,3736,2,7200,1.00214132762
195664,195671,199087,7,3416,2,7200,1.00204918033
195688,195695,199247,7,3552,2,7200,1.00197072072
195744,195753,199402,9,3649,2,7200,1.00246642916
195765,195774,199655,9,3881,2,7200,1.00231898995
195784,195791,199550,7,3759,2,7200,1.00186219739
195806,195814,199306,8,3492,2,7200,1.00229095074
195821,195830,199410,9,3580,2,7200,1.00251396648
195903,195911,199766,8,3855,2,7200,1.00207522698
195996,196003,199522,7,3519,2,7200,1.00198920148
195997,196012,199587,15,3575,2,7200,1.0041958042
196013,196021,199479,8,3458,2,7200,1.002313476
196030,196040,199363,10,3323,2,7200,1.00300932892
196031,196045,197049,14,1004,2,7200,1.01394422311
196032,196054,199471,22,3417,2,7200,1.00643839625
196064,196071,199612,7,3541,2,7200,1.0019768427
196098,196105,197819,7,1714,2,7200,1.004084014
196125,196133,199873,8,3740,2,7200,1.00213903743
196141,196150,199696,9,3546,2,7200,1.00253807107
196157,196169,199694,12,3525,2,7200,1.00340425532
196173,196183,199307,10,3124,2,7200,1.00320102433
196194,196202,198908,8,2706,2,7200,1.0029563932
196210,196217,199791,7,3574,2,7200,1.00195858982
196255,196262,199991,7,3729,2,7200,1.00187717887
196283,196291,199926,8,3635,2,7200,1.00220082531
196299,196306,199984,7,3678,2,7200,1.00190320827
196315,196324,200022,9,3698,2,7200,1.00243374797
196316,196329,198621,13,2292,2,7200,1.00567190227
196332,196339,196387,7,48,2,7200,1.14583333333
196356,196365,199762,9,3397,2,7200,1.00264939653
196387,196394,199888,7,3494,2,7200,1.00200343446
196388,196403,199883,15,3480,2,7200,1.00431034483
196404,196411,199645,7,3234,2,7200,1.00216450216
196454,196463,200125,9,3662,2,7200,1.0024576734
196477,196485,200105,8,3620,2,7200,1.00220994475
196479,196494,199727,15,3233,2,7200,1.00463965357
196547,196556,200112,9,3556,2,7200,1.00253093363
196588,196595,200159,7,3564,2,7200,1.0019640853
196592,196604,196658,12,54,1,1800,1.22222222222
196626,196635,200337,9,3702,2,7200,1.00243111831
196647,196656,200199,9,3543,2,7200,1.00254022015
196663,196670,198475,7,1805,2,7200,1.00387811634
196684,196691,199863,7,3172,2,7200,1.00220680958
196730,196739,200578,9,3839,2,7200,1.00234436051
196752,196761,200172,9,3411,2,7200,1.00263852243
196768,196775,199879,7,3104,2,7200,1.00225515464
196821,196828,199678,7,2850,2,7200,1.00245614035
196837,196846,197201,9,355,2,7200,1.02535211268
196906,196914,200241,8,3327,2,7200,1.00240456868
196946,196954,200522,8,3568,2,7200,1.00224215247
196993,197003,197084,10,81,1,1800,1.12345679012
197041,197048,199604,7,2556,2,7200,1.00273865415
197057,197064,200606,7,3542,2,7200,1.00197628458
197082,197089,200345,7,3256,2,7200,1.00214987715
197099,197106,200724,7,3618,2,7200,1.00193477059
197114,197122,200397,8,3275,2,7200,1.00244274809
197136,197145,200342,9,3197,2,7200,1.00281513919
197170,197179,197730,9,551,2,7200,1.01633393829
197196,197203,200413,7,3210,2,7200,1.00218068536
197197,197212,201037,15,3825,2,7200,1.00392156863
197213,197224,200631,11,3407,2,7200,1.0032286469
197214,197229,200472,15,3243,2,7200,1.0046253469
197255,197264,200224,9,2960,2,7200,1.00304054054
197270,197279,201364,9,4085,2,7200,1.00220318237
197286,197294,198281,8,987,2,7200,1.00810536981
197345,197352,197894,7,542,2,7200,1.01291512915
197394,197404,200847,10,3443,2,7200,1.0029044438
197465,197474,200831,9,3357,2,7200,1.00268096515
197481,197490,200971,9,3481,2,7200,1.00258546395
197506,197514,201065,8,3551,2,7200,1.00225288651
197522,197532,201222,10,3690,2,7200,1.0027100271
197524,197537,201162,13,3625,2,7200,1.0035862069
197540,197548,200762,8,3214,2,7200,1.00248911014
197597,197604,198195,7,591,2,7200,1.01184433164
197665,197674,200758,9,3084,2,7200,1.00291828794
197732,197742,201262,10,3520,2,7200,1.00284090909
197734,197751,200872,17,3121,2,7200,1.00544697212
197818,197827,201492,9,3665,2,7200,1.00245566166
197859,197869,200984,10,3115,2,7200,1.00321027287
197876,197883,201669,7,3786,2,7200,1.00184891706
197894,197903,201329,9,3426,2,7200,1.00262697023
197910,197919,200937,9,3018,2,7200,1.00298210736
197935,197944,201007,9,3063,2,7200,1.00293829579
197983,197993,201793,10,3800,2,7200,1.00263157895
197999,198008,201441,9,3433,2,7200,1.00262161375
198021,198029,201854,8,3825,2,7200,1.00209150327
198070,198079,201121,9,3042,2,7200,1.00295857988
198085,198092,201469,7,3377,2,7200,1.00207284572
198092,198099,198396,7,297,1,1800,1.02356902357
198113,198120,201352,7,3232,2,7200,1.00216584158
198195,198205,201117,10,2912,2,7200,1.00343406593
198217,198225,200764,8,2539,2,7200,1.00315084679
198233,198241,198294,8,53,2,7200,1.15094339623
198249,198255,201135,6,2880,2,7200,1.00208333333
198282,198289,202000,7,3711,2,7200,1.00188628402
198298,198307,202069,9,3762,2,7200,1.0023923445
198314,198321,201914,7,3593,2,7200,1.00194823267
198344,198353,201575,9,3222,2,7200,1.00279329609
198455,198463,201871,8,3408,2,7200,1.00234741784
198474,198481,201865,7,3384,2,7200,1.00206855792
198475,198490,200788,15,2298,2,7200,1.00652741514
198477,198495,201790,18,3295,2,7200,1.00546282246
198511,198518,202202,7,3684,2,7200,1.00190010858
198557,198564,201849,7,3285,2,7200,1.00213089802
198603,198613,201867,10,3254,2,7200,1.00307314075
198619,198626,201977,7,3351,2,7200,1.00208892868
198635,198643,202410,8,3767,2,7200,1.00212370587
198709,198717,202398,8,3681,2,7200,1.00217332247
198734,198741,200569,7,1828,2,7200,1.00382932166
198910,198919,202411,9,3492,2,7200,1.00257731959
198931,198938,202243,7,3305,2,7200,1.00211800303
199087,199096,203064,9,3968,2,7200,1.00226814516
199102,199111,202879,9,3768,2,7200,1.00238853503
199172,199181,200029,9,848,2,7200,1.01061320755
199228,199262,202310,34,3048,2,7200,1.01115485564
199249,199267,202833,18,3566,2,7200,1.00504767246
199309,199316,202150,7,2834,2,7200,1.00247000706
199310,199324,203038,14,3714,2,7200,1.00376952073
199365,199374,202963,9,3589,2,7200,1.0025076623
199381,199388,202825,7,3437,2,7200,1.00203665988
199402,199409,199805,7,396,2,7200,1.01767676768
199418,199426,202853,8,3427,2,7200,1.00233440327
199420,199432,202913,12,3481,2,7200,1.00344728526
199472,199481,202877,9,3396,2,7200,1.00265017668
199488,199498,202713,10,3215,2,7200,1.00311041991
199524,199531,200038,7,507,2,7200,1.01380670611
199552,199562,199653,10,91,2,7200,1.10989010989
199588,199595,202822,7,3227,2,7200,1.0021691974
199605,199613,202988,8,3375,2,7200,1.00237037037
199621,199628,203449,7,3821,2,7200,1.00183198116
199648,199657,203272,9,3615,2,7200,1.00248962656
199669,199678,202516,9,2838,2,7200,1.00317124736
199671,199685,203256,14,3571,2,7200,1.00392047046
199687,199697,202362,10,2665,2,7200,1.00375234522
199704,199715,200257,11,542,2,7200,1.02029520295
199706,199720,201308,14,1588,2,7200,1.00881612091
199728,199735,203182,7,3447,2,7200,1.00203075138
199762,199771,202592,9,2821,2,7200,1.00319035803
199778,199785,203135,7,3350,2,7200,1.00208955224
199793,199803,203406,10,3603,2,7200,1.00277546489
199809,199816,203437,7,3621,2,7200,1.00193316763
199865,199872,203353,7,3481,2,7200,1.0020109164
199880,199888,202832,8,2944,2,7200,1.0027173913
199882,199897,200462,15,565,2,7200,1.02654867257
199898,199908,202664,10,2756,2,7200,1.00362844702
199899,199914,203139,15,3225,2,7200,1.00465116279
199927,199935,200100,8,165,2,7200,1.04848484848
199986,199993,203373,7,3380,2,7200,1.00207100592
200001,200010,203626,9,3616,2,7200,1.00248893805
200023,200031,203557,8,3526,2,7200,1.0022688599
200039,200047,203249,8,3202,2,7200,1.00249843848
200041,200056,203920,15,3864,2,7200,1.00388198758
200101,200108,200286,7,178,2,7200,1.0393258427
200117,200124,200212,7,88,2,7200,1.07954545455
200119,200134,200202,15,68,2,7200,1.22058823529
200136,200145,203732,9,3587,2,7200,1.0025090605
200161,200169,203736,8,3567,2,7200,1.00224278105
200177,200184,200861,7,677,2,7200,1.01033973412
200200,200209,200764,9,555,2,7200,1.01621621622
200215,200223,204150,8,3927,2,7200,1.00203717851
200217,200231,200886,14,655,2,7200,1.0213740458
200232,200242,203827,10,3585,2,7200,1.00278940028
200248,200256,203692,8,3436,2,7200,1.00232828871
200263,200274,203568,11,3294,2,7200,1.00333940498
200288,200295,203880,7,3585,2,7200,1.0019525802
200337,200345,203936,8,3591,2,7200,1.0022277917
200353,200361,203253,8,2892,2,7200,1.00276625173
200355,200369,203875,14,3506,2,7200,1.00399315459
200399,200408,201949,9,1541,2,7200,1.0058403634
200414,200421,203942,7,3521,2,7200,1.00198807157
200463,200471,204032,8,3561,2,7200,1.00224655996
200480,200488,203888,8,3400,2,7200,1.00235294118
200524,200531,201494,7,963,2,7200,1.00726895119
200571,200578,203939,7,3361,2,7200,1.00208271348
200587,200595,203750,8,3155,2,7200,1.00253565769
200608,200616,203932,8,3316,2,7200,1.00241254524
200633,200641,204588,8,3947,2,7200,1.00202685584
200727,200736,204362,9,3626,2,7200,1.00248207391
200759,200768,203810,9,3042,2,7200,1.00295857988
200775,200784,204334,9,3550,2,7200,1.00253521127
200777,200789,204666,12,3877,2,7200,1.00309517668
200778,200798,203663,20,2865,2,7200,1.00698080279
200794,200807,204040,13,3233,2,7200,1.0040210331
200832,200841,204313,9,3472,2,7200,1.0025921659
200850,200857,203829,7,2972,2,7200,1.00235531629
200866,200874,204583,8,3709,2,7200,1.00215691561
200883,200891,204322,8,3431,2,7200,1.00233168173
200903,200910,204518,7,3608,2,7200,1.00194013304
200937,200944,203906,7,2962,2,7200,1.00236326806
200974,200981,204360,7,3379,2,7200,1.00207161882
200989,200997,201118,8,121,2,7200,1.06611570248
201008,201015,204538,7,3523,2,7200,1.00198694295
201035,201043,204757,8,3714,2,7200,1.00215401185
201066,201073,201676,7,603,2,7200,1.01160862355
201119,201126,204318,7,3192,2,7200,1.00219298246
201120,201135,201653,15,518,2,7200,1.02895752896
201122,201140,204518,18,3378,2,7200,1.0053285968
201137,201147,204826,10,3679,2,7200,1.00271812993
201162,201169,204730,7,3561,2,7200,1.00196573996
201224,201233,202812,9,1579,2,7200,1.00569981001
201264,201274,204489,10,3215,2,7200,1.00311041991
201311,201320,204198,9,2878,2,7200,1.00312717165
201332,201340,204924,8,3584,2,7200,1.00223214286
201354,201362,204682,8,3320,2,7200,1.00240963855
201370,201378,205094,8,3716,2,7200,1.00215285253
201442,201453,204935,11,3482,2,7200,1.00315910396
201471,201478,204982,7,3504,2,7200,1.00199771689
201492,201502,202057,10,555,2,7200,1.01801801802
201494,201507,205095,13,3588,2,7200,1.00362318841
201577,201586,205176,9,3590,2,7200,1.00250696379
201654,201661,204996,7,3335,2,7200,1.00209895052
201670,201679,203763,9,2084,2,7200,1.00431861804
201686,201696,205574,10,3878,2,7200,1.00257864879
201790,201800,202349,10,549,2,7200,1.01821493625
201792,201805,204514,13,2709,2,7200,1.00479881875
201850,201859,204844,9,2985,2,7200,1.00301507538
201867,201875,204996,8,3121,2,7200,1.002563281
201869,201884,205153,15,3269,2,7200,1.00458855919
201870,201889,204811,19,2922,2,7200,1.00650239562
201885,201897,202511,12,614,2,7200,1.01954397394
201916,201923,203732,7,1809,2,7200,1.00386954118
201949,201956,205445,7,3489,2,7200,1.00200630553
201977,201985,205703,8,3718,2,7200,1.00215169446
201999,202006,205216,7,3210,2,7200,1.00218068536
202060,202069,205583,9,3514,2,7200,1.00256118384
202076,202087,205672,11,3585,2,7200,1.00306834031
202150,202159,205668,9,3509,2,7200,1.00256483329
202203,202211,205390,8,3179,2,7200,1.00251651463
202243,202257,205739,14,3482,2,7200,1.00402067777
202312,202321,206038,9,3717,2,7200,1.00242130751
202352,202359,206095,7,3736,2,7200,1.00187366167
202368,202379,206136,11,3757,2,7200,1.00292786798
202399,202408,205537,9,3129,2,7200,1.00287631831
202414,202421,205481,7,3060,2,7200,1.0022875817
202416,202430,205871,14,3441,2,7200,1.00406858471
202511,202518,206218,7,3700,2,7200,1.00189189189
202527,202534,206420,7,3886,2,7200,1.00180133814
202577,202586,206051,9,3465,2,72000,1.0025974026
202592,202601,203089,9,488,2,7200,1.01844262295
202666,202677,202713,11,36,2,7200,1.30555555556
202713,202720,206185,7,3465,2,7200,1.00202020202
202714,202730,205604,16,2874,2,7200,1.00556715379
202815,202822,206268,7,3446,2,7200,1.00203134068
202831,202838,205358,7,2520,2,7200,1.00277777778
202832,202848,206746,16,3898,2,7200,1.00410466906
202834,202853,206528,19,3675,2,7200,1.00517006803
202849,202862,206077,13,3215,2,7200,1.00404354588
202865,202874,206419,9,3545,2,7200,1.00253878702
202881,202890,206218,9,3328,2,7200,1.00270432692
202882,202899,203680,17,781,2,7200,1.02176696543
202914,202921,203452,7,531,2,7200,1.0131826742
202966,202975,206642,9,3667,2,7200,1.00245432233
202991,202998,206498,7,3500,2,7200,1.002
203040,203049,206571,9,3522,2,7200,1.00255536627
203065,203072,206639,7,3567,2,7200,1.00196243342
203093,203102,206251,9,3149,2,7200,1.00285805017
203136,203144,203168,8,24,2,7200,1.33333333333
203151,203158,206605,7,3447,2,7200,1.00203075138
203170,203179,206562,9,3383,2,7200,1.00266036063
203187,203196,206678,9,3482,2,7200,1.00258472142
203209,203271,271633,62,68362,1,72000,1.0009069366
203249,203277,206547,28,3270,2,7200,1.00856269113
203265,203286,206764,21,3478,2,7200,1.00603795285
203267,203291,206568,24,3277,2,7200,1.00732377174
203283,203300,205578,17,2278,2,7200,1.00746268657
203355,203362,203439,7,77,2,7200,1.09090909091
203374,203381,206687,7,3306,2,7200,1.00211736237
203408,203415,207239,7,3824,2,7200,1.00183054393
203415,203423,225081,8,21658,2,72000,1.00036937852
203443,203451,206623,8,3172,2,7200,1.0025220681
203445,203460,206642,15,3182,2,7200,1.00471401634
203461,203473,206894,12,3421,2,7200,1.00350774627
203462,203478,206873,16,3395,2,7200,1.00471281296
203556,203563,206771,7,3208,2,7200,1.00218204489
203572,203580,206950,8,3370,2,7200,1.00237388724
203630,203637,207208,7,3571,2,7200,1.00196023523
203666,203673,207181,7,3508,2,7200,1.001995439
203682,203689,205013,7,1324,2,7200,1.00528700906
203699,203707,207417,8,3710,2,7200,1.00215633423
203734,203741,207287,7,3546,2,7200,1.00197405527
203735,203750,207328,15,3578,2,7200,1.00419228619
203752,203759,207033,7,3274,2,7200,1.00213805742
203753,203767,204375,14,608,2,7200,1.02302631579
203769,203777,207272,8,3495,2,7200,1.00228898426
203813,203820,207030,7,3210,2,7200,1.00218068536
203828,203835,207225,7,3390,2,7200,1.00206489676
203829,203844,206937,15,3093,2,7200,1.00484966052
203877,203886,207323,9,3437,2,7200,1.0026185627
203892,203901,207360,9,3459,2,7200,1.00260190807
203894,203909,207264,15,3355,2,7200,1.0044709389
203909,203917,207553,8,3636,2,7200,1.00220022002
203925,203934,207395,9,3461,2,7200,1.00260040451
203941,203950,207307,9,3357,2,7200,1.00268096515
203942,203959,207186,17,3227,2,7200,1.00526805082
203944,203964,207384,20,3420,2,7200,1.00584795322
203959,203971,207255,12,3284,2,7200,1.00365408039
204033,204043,207518,10,3475,2,7200,1.00287769784
204049,204058,207597,9,3539,2,7200,1.00254309127
204150,204159,207335,9,3176,2,7200,1.00283375315
204199,204207,207440,8,3233,2,7200,1.00247448191
204314,204323,207661,9,3338,2,7200,1.00269622528
204331,204339,207524,8,3185,2,7200,1.00251177394
204332,204344,207707,12,3363,2,7200,1.00356824264
204354,204364,207571,10,3207,2,7200,1.00311817898
204373,204380,208221,7,3841,2,7200,1.00182244207
204375,204389,207778,14,3389,2,7200,1.0041310121
204392,204399,208040,7,3641,2,7200,1.00192254875
204491,204500,208371,9,3871,2,7200,1.00232498063
204516,204523,208043,7,3520,2,7200,1.00198863636
204532,204539,207784,7,3245,2,7200,1.00215716487
204533,204547,208203,14,3656,2,7200,1.00382932166
204549,204556,208245,7,3689,2,7200,1.00189753321
204583,204590,207758,7,3168,2,7200,1.00220959596
204598,204608,205281,10,673,2,7200,1.01485884101
204645,204654,220991,9,16337,2,72000,1.00055089674
204668,204675,207944,7,3269,2,7200,1.00214132762
204685,204692,208349,7,3657,2,7200,1.00191413727
204732,204741,206296,9,1555,2,7200,1.00578778135
204757,204766,208117,9,3351,2,7200,1.00268576544
204812,204821,208558,9,3737,2,7200,1.00240834894
204827,204836,276862,9,72026,1,72000,1.00012495488
204828,204845,208033,17,3188,2,7200,1.00533249686
204850,204858,208464,8,3606,2,7200,1.00221852468
204894,204903,204919,9,16,1,86400,1.5625
204925,204934,208185,9,3251,2,7200,1.00276837896
204941,204951,207585,10,2634,2,7200,1.00379650721
204984,204991,208092,7,3101,2,7200,1.00225733634
204999,205007,208435,8,3428,2,7200,1.00233372229
205001,205016,208308,15,3292,2,7200,1.00455650061
205016,205025,208370,9,3345,2,7200,1.00269058296
205096,205103,208792,7,3689,2,7200,1.00189753321
205097,205112,208084,15,2972,2,7200,1.00504710633
205153,205160,208565,7,3405,2,7200,1.00205580029
205177,205187,205544,10,357,2,7200,1.02801120448
205218,205226,205320,8,94,2,7200,1.08510638298
205282,205291,208832,9,3541,2,7200,1.0025416549
205322,205329,208679,7,3350,2,7200,1.00208955224
205360,205367,208557,7,3190,2,7200,1.00219435737
205391,205399,206649,8,1250,2,7200,1.0064
205444,205452,207755,8,2303,2,7200,1.00347372992
205481,205488,209055,7,3567,2,7200,1.00196243342
205540,205547,209013,7,3466,2,7200,1.00201961916
205555,205563,209465,8,3902,2,7200,1.00205023065
205574,205583,208548,9,2965,2,7200,1.00303541315
205591,205599,207160,8,1561,2,7200,1.00512491992
205593,205608,209037,15,3429,2,7200,1.00437445319
205609,205617,209287,8,3670,2,7200,1.00217983651
205670,205678,209002,8,3324,2,7200,1.00240673887
205686,205693,207272,7,1579,2,7200,1.00443318556
205704,205711,209046,7,3335,2,7200,1.00209895052
205741,205750,209413,9,3663,2,7200,1.00245700246
205875,205885,209201,10,3316,2,7200,1.00301568154
206040,206049,209443,9,3394,2,7200,1.00265173836
206081,206088,209378,7,3290,2,7200,1.00212765957
206097,206106,207893,9,1787,2,7200,1.00503637381
206137,206147,209571,10,3424,2,7200,1.00292056075
206173,206182,206215,9,33,1,3600,1.27272727273
206187,206196,209566,9,3370,2,7200,1.00267062315
206221,206229,209148,8,2919,2,7200,1.00274066461
206222,206238,209546,16,3308,2,7200,1.00483675937
206253,206261,207000,8,739,2,7200,1.01082543978
206269,206276,209681,7,3405,2,7200,1.00205580029
206297,206305,210314,8,4009,2,7200,1.0019955101
206421,206428,209993,7,3565,2,7200,1.00196353436
206422,206437,209587,15,3150,2,7200,1.00476190476
206499,206507,210205,8,3698,2,7200,1.00216333153
206531,206538,209963,7,3425,2,7200,1.00204379562
206549,206557,209744,8,3187,2,7200,1.00251019768
206566,206575,209798,9,3223,2,7200,1.00279242941
206581,206590,209906,9,3316,2,7200,1.00271411339
206583,206595,210141,12,3546,2,7200,1.00338409475
206604,206612,210391,8,3779,2,7200,1.00211696216
206617,206626,206669,9,43,1,3600,1.20930232558
206624,206634,210048,10,3414,2,7200,1.00292911541
206644,206652,208864,8,2212,2,7200,1.00361663653
206645,206662,209153,17,2491,2,7200,1.00682456845
206646,206667,210432,21,3765,2,7200,1.00557768924
206662,206676,209984,14,3308,2,7200,1.00423216445
206680,206689,209981,9,3292,2,7200,1.00273390036
206697,206706,207244,9,538,2,7200,1.01672862454
206746,206755,207259,9,504,2,7200,1.01785714286
206765,206772,210084,7,3312,2,7200,1.00211352657
206780,206788,210701,8,3913,2,7200,1.00204446716
206786,206795,206812,9,17,1,86400,1.52941176471
206876,206884,210409,8,3525,2,7200,1.00226950355
206894,206902,209859,8,2957,2,7200,1.00270544471
206938,206947,207547,9,600,2,7200,1.015
206953,206960,210541,7,3581,2,7200,1.00195476124
207001,207009,210569,8,3560,2,7200,1.00224719101
207032,207039,210665,7,3626,2,7200,1.00193050193
207033,207048,210614,15,3566,2,7200,1.00420639372
207161,207170,210737,9,3567,2,7200,1.00252312868
207186,207239,210387,53,3148,2,7200,1.0168360864
207188,207245,207744,57,499,2,7200,1.11422845691
207210,207250,210912,40,3662,2,7200,1.0109229929
207226,207255,210279,29,3024,2,7200,1.00958994709
207241,207264,207320,23,56,2,7200,1.41071428571
207259,207272,210745,13,3473,2,7200,1.00374316153
207260,207277,210492,17,3215,2,7200,1.00528771384
207262,207283,210768,21,3485,2,7200,1.00602582496
207281,207292,207313,11,21,2,7200,1.52380952381
207282,207297,210837,15,3540,2,7200,1.00423728814
207283,207302,210862,19,3560,2,7200,1.00533707865
207302,207311,210941,9,3630,2,7200,1.00247933884
207318,207325,210878,7,3553,2,7200,1.00197016606
207320,207334,210853,14,3519,2,7200,1.00397840296
207337,207345,222030,8,14685,2,72000,1.00054477358
207342,207354,210962,12,3608,1,3600,1.00332594235
207348,207361,211105,13,3744,2,7200,1.00347222222
207349,207366,210907,17,3541,2,7200,1.0048009037
207351,207372,210817,21,3445,2,7200,1.006095791
207352,207377,210749,25,3372,2,7200,1.00741399763
207368,207385,207900,17,515,2,7200,1.03300970874
207384,207394,210400,10,3006,2,7200,1.00332667997
207400,207408,207440,8,32,2,7200,1.25
207419,207426,210827,7,3401,2,7200,1.00205821817
207441,207449,210501,8,3052,2,7200,1.00262123198
207443,207457,211247,14,3790,2,7200,1.0036939314
207519,207527,211237,8,3710,2,7200,1.00215633423
207535,207542,211057,7,3515,2,7200,1.00199146515
207550,207559,211260,9,3701,2,7200,1.0024317752
207566,207573,210898,7,3325,2,7200,1.00210526316
207581,207588,210898,7,3310,2,7200,1.00211480363
207598,207605,211061,7,3456,2,7200,1.00202546296
207599,207613,211089,14,3476,2,7200,1.00402761795
207661,207668,210782,7,3114,2,7200,1.00224791265
207707,207714,211273,7,3559,2,7200,1.00196684462
207745,207753,211129,8,3376,2,7200,1.00236966825
207761,207770,211254,9,3484,2,7200,1.00258323766
207763,207775,210747,12,2972,2,7200,1.00403768506
207779,207786,211219,7,3433,2,7200,1.00203903292
207795,207803,211411,8,3608,2,7200,1.0022172949
207892,207900,211597,8,3697,2,7200,1.00216391669
207908,207915,211301,7,3386,2,7200,1.00206733609
207946,207953,211692,7,3739,2,7200,1.00187215833
208034,208042,211002,8,2960,2,7200,1.0027027027
208051,208058,210974,7,2916,2,7200,1.0024005487
208052,208065,211524,13,3459,2,7200,1.00375831165
208083,208090,211436,7,3346,2,7200,1.00209205021
208099,208109,211530,10,3421,2,7200,1.00292312189
208118,208126,211812,8,3686,2,7200,1.00217037439
208186,208194,208830,8,636,2,7200,1.01257861635
208205,208213,211856,8,3643,2,7200,1.00219599231
208223,208230,211687,7,3457,2,7200,1.00202487706
208245,208252,211834,7,3582,2,7200,1.00195421552
208309,208318,211945,9,3627,2,7200,1.00248138958
208350,208359,211312,9,2953,2,7200,1.00304774805
208369,208376,211915,7,3539,2,7200,1.00197795988
208384,208393,266972,9,58579,1,86400,1.00015363868
208384,208398,211836,14,3438,2,7200,1.00407213496
208437,208445,211919,8,3474,2,7200,1.00230282096
208464,208471,211931,7,3460,2,7200,1.00202312139
208549,208558,212252,9,3694,2,7200,1.00243638332
208565,208575,211987,10,3412,2,7200,1.00293083236
208567,208580,212032,13,3452,2,7200,1.00376593279
208568,208589,212432,21,3843,2,7200,1.00546448087
208679,208689,212355,10,3666,2,7200,1.00272776869
208793,208800,212334,7,3534,2,7200,1.00198075835
208831,208838,211789,7,2951,2,7200,1.00237207726
208832,208845,211918,13,3073,2,7200,1.00423039375
208867,208874,211996,7,3122,2,7200,1.00224215247
209002,209010,212645,8,3635,2,7200,1.00220082531
209018,209026,212377,8,3351,2,7200,1.00238734706
209036,209043,212568,7,3525,2,7200,1.0019858156
209052,209060,212116,8,3056,2,7200,1.00261780105
209068,209075,212497,7,3422,2,7200,1.00204558738
209148,209155,212925,7,3770,2,7200,1.00185676393
209163,209173,212336,10,3163,2,7200,1.00316155549
209201,209211,212830,10,3619,2,7200,1.00276319425
209288,209296,213302,8,4006,2,7200,1.00199700449
209315,209322,209335,7,13,2,3600,1.53846153846
209381,209389,213103,8,3714,2,7200,1.00215401185
209391,209401,213754,10,4353,2,14400,1.00229726625
209415,209424,212599,9,3175,2,7200,1.00283464567
209443,209450,212657,7,3207,2,7200,1.00218272529
209465,209474,209592,9,118,2,7200,1.07627118644
209547,209554,212195,7,2641,2,7200,1.00265051117
209566,209575,213053,9,3478,2,7200,1.00258769408
209583,209592,213350,9,3758,2,7200,1.0023948909
209600,209609,213828,9,4219,2,7200,1.00213320692
209602,209617,212553,15,2936,2,7200,1.00510899183
209637,209645,212105,8,2460,2,14400,1.00325203252
209680,209689,212587,9,2898,2,7200,1.00310559006
209745,209755,213299,10,3544,2,7200,1.00282167043
209801,209810,213312,9,3502,2,7200,1.00256996002
209859,209868,213584,9,3716,2,7200,1.0024219591
209910,209917,213526,7,3609,2,7200,1.00193959546
209962,209969,210459,7,490,2,7200,1.01428571429
209981,209988,213642,7,3654,2,7200,1.00191570881
209982,209997,213372,15,3375,2,7200,1.00444444444
209999,210010,213358,11,3348,2,7200,1.00328554361
210049,210058,213672,9,3614,2,7200,1.00249031544
210050,210296,465272,246,254976,6,356400,1.00096479669
210053,210414,210879,361,465,6,356400,1.77634408602
210085,210092,213450,7,3358,2,7200,1.00208457415
210139,210148,210160,9,12,4,600,1.75
210141,210157,210630,16,473,2,7200,1.03382663848
210206,210213,213934,7,3721,2,7200,1.00188121473
210280,210287,213758,7,3471,2,7200,1.00201670988
210315,210326,213958,11,3632,2,7200,1.00302863436
210389,210396,213816,7,3420,2,7200,1.00204678363
210390,210405,213406,15,3001,2,7200,1.00499833389
210406,210423,212972,17,2549,2,7200,1.00666928207
210421,210430,214147,9,3717,2,7200,1.00242130751
210437,210445,213749,8,3304,2,7200,1.00242130751
210462,210469,213890,7,3421,2,7200,1.00204618533
210494,210501,214192,7,3691,2,7200,1.00189650501
210510,210521,211098,11,577,2,7200,1.01906412478
210542,210549,214084,7,3535,2,7200,1.00198019802
210571,210578,213760,7,3182,2,7200,1.00219987429
210615,210624,214454,9,3830,2,7200,1.00234986945
210633,210641,214255,8,3614,2,7200,1.00221361372
210668,210676,214087,8,3411,2,7200,1.00234535327
210703,210712,214435,9,3723,2,7200,1.00241740532
210738,210746,214204,8,3458,2,7200,1.002313476
210755,210762,214300,7,3538,2,7200,1.00197851894
210756,210769,214296,13,3527,2,7200,1.003685852
210757,210774,214356,17,3582,2,7200,1.00474595198
210774,210784,214372,10,3588,2,7200,1.002787068
210791,210800,214286,9,3486,2,7200,1.00258175559
210819,210828,213954,9,3126,2,7200,1.00287907869
210835,210845,214337,10,3492,2,7200,1.00286368843
210836,210850,214040,14,3190,2,7200,1.00438871473
210852,210861,214424,9,3563,2,7200,1.00252596127
210867,210876,214044,9,3168,2,7200,1.00284090909
210883,210890,212561,7,1671,2,7200,1.00418910832
210902,210911,214253,9,3342,2,7200,1.0026929982
210903,210920,214497,17,3577,2,7200,1.00475258597
210919,210988,214715,69,3727,2,7200,1.01851354977
210920,210994,214653,74,3659,2,7200,1.02022410495
210942,210999,211331,57,332,2,7200,1.17168674699
210976,211004,214804,28,3800,2,7200,1.00736842105
211002,211011,214429,9,3418,2,7200,1.00263311878
211061,211070,214361,9,3291,2,7200,1.00273473108
211062,211078,214446,16,3368,2,7200,1.00475059382
211088,211095,211102,7,7,8,43200,1.4
211101,211110,214710,9,3600,2,7200,1.0025
211102,211119,214511,17,3392,2,7200,1.00501179245
211119,211128,214596,9,3468,2,7200,1.00259515571
211136,211147,214467,11,3320,2,7200,1.00331325301
211146,211161,465112,15,253951,6,356400,1.00005906651
211220,211228,215128,8,3900,2,7200,1.00205128205
211241,211248,214846,7,3598,2,7200,1.00194552529
211257,211264,211268,7,4,8,43200,1.1
211258,211272,214850,14,3578,2,7200,1.00391280045
211260,211278,214875,18,3597,2,7200,1.00500417014
211261,211283,214565,22,3282,2,7200,1.00670322974
211277,211292,214541,15,3249,2,7200,1.00461680517
211305,211315,214580,10,3265,2,7200,1.00306278714
211328,211337,214856,9,3519,2,7200,1.00255754476
211346,211353,215025,7,3672,2,7200,1.00190631808
211414,211423,211929,9,506,2,7200,1.01778656126
211436,211446,211924,10,478,2,7200,1.02092050209
211525,211535,215331,10,3796,2,7200,1.00263435195
211541,211550,215063,9,3513,2,7200,1.00256191289
211597,211606,215055,9,3449,2,7200,1.00260945202
211689,211698,215376,9,3678,2,7200,1.00244698206
211705,211714,214626,9,2912,2,7200,1.00309065934
211726,211733,211737,7,4,8,43200,1.1
211790,211798,215166,8,3368,2,7200,1.00237529691
211813,211822,214837,9,3015,2,7200,1.00298507463
211835,211844,215359,9,3515,2,7200,1.00256045519
211836,211853,215590,17,3737,2,7200,1.00454910356
211858,211865,215179,7,3314,2,7200,1.00211225106
211860,211874,211998,14,124,1,3600,1.11290322581
211914,211921,223010,7,11089,8,43200,1.0006312562
211917,211929,215593,12,3664,2,7200,1.00327510917
211919,211934,215584,15,3650,2,7200,1.00410958904
211935,211946,215315,11,3369,2,7200,1.00326506382
211937,211952,215493,15,3541,2,7200,1.0042360915
211938,211957,215378,19,3421,2,7200,1.0055539316
211939,211965,215649,26,3684,2,7200,1.00705754615
211955,211971,215490,16,3519,2,7200,1.00454674623
211989,211996,215463,7,3467,2,7200,1.00201903663
212005,212013,215333,8,3320,2,7200,1.00240963855
212035,212043,212063,8,20,2,7200,1.4
212066,212074,212596,8,522,2,7200,1.0153256705
212115,212123,215819,8,3696,2,7200,1.00216450216
212133,212140,212142,7,2,1,3600,1.0
212198,212205,213813,7,1608,2,7200,1.00435323383
212242,212251,212313,9,62,1,3600,1.14516129032
212254,212262,215666,8,3404,2,7200,1.00235017626
212283,212290,212292,7,2,1,3600,1.0
212325,212332,212357,7,25,1,3600,1.28
212334,212342,215520,8,3178,2,7200,1.00251730648
212335,212349,214109,14,1760,2,7200,1.00795454545
212357,212364,216433,7,4069,2,7200,1.0017203244
212379,212386,214315,7,1929,2,7200,1.00362882322
212383,212395,212496,12,101,1,3600,1.11881188119
212404,212411,212511,7,100,1,3600,1.07
212432,212440,215538,8,3098,2,7200,1.00258231117
212498,212506,213600,8,1094,2,7200,1.00731261426
212554,212562,216374,8,3812,2,7200,1.00209863589
212559,212608,255833,49,43225,8,43200,1.00113360324
212585,212592,215678,7,3086,2,7200,1.00226830849
212586,212601,216121,15,3520,2,7200,1.00426136364
212603,212617,214840,14,2223,2,7200,1.00629779577
212604,212622,213139,18,517,2,7200,1.03481624758
212606,212627,215800,21,3173,2,7200,1.00661834226
212651,212663,213317,12,654,2,7200,1.01834862385
212667,212674,216259,7,3585,2,7200,1.0019525802
212834,212841,216047,7,3206,2,7200,1.00218340611
212926,212934,216561,8,3627,2,7200,1.00220567963
212975,212982,214181,7,1199,2,7200,1.0058381985
213055,213064,216418,9,3354,2,7200,1.00268336315
213104,213113,215879,9,2766,2,7200,1.0032537961
213141,213148,216052,7,2904,2,7200,1.00241046832
213299,213308,213802,9,494,2,7200,1.01821862348
213311,213318,213404,7,86,1,3600,1.08139534884
213318,213325,217042,7,3717,2,7200,1.00188323917
213319,213333,216543,14,3210,2,7200,1.00436137072
213321,213339,216208,18,2869,2,7200,1.00627396305
213350,213357,216960,7,3603,2,7200,1.00194282542
213366,213375,217228,9,3853,2,7200,1.0023358422
213382,213389,216621,7,3232,2,7200,1.00216584158
213405,213414,216508,9,3094,2,7200,1.00290885585
213452,213459,216975,7,3516,2,7200,1.00199089875
213527,213536,216534,9,2998,2,7200,1.00300200133
213531,213546,215670,15,2124,1,3600,1.00706214689
213586,213593,215483,7,1890,2,7200,1.0037037037
213601,213609,214132,8,523,2,7200,1.01529636711
213642,213649,217424,7,3775,2,7200,1.00185430464
213673,213680,217020,7,3340,2,7200,1.00209580838
213748,213755,217348,7,3593,2,7200,1.00194823267
213770,213777,217092,7,3315,2,7200,1.00211161388
213772,213786,217495,14,3709,2,7200,1.00377460232
213804,213813,217280,9,3467,2,7200,1.00259590424
213828,213835,217139,7,3304,2,7200,1.00211864407
213829,213844,217397,15,3553,2,7200,1.00422178441
213830,213849,217505,19,3656,2,7200,1.00519693654
213871,213880,217630,9,3750,1,7200,1.0024
213890,213899,216792,9,2893,2,7200,1.00311095748
213934,213941,216947,7,3006,2,7200,1.00232867598
213952,213960,217256,8,3296,2,7200,1.00242718447
213968,213977,216749,9,2772,2,7200,1.00324675325
213984,214102,214448,118,346,2,72000,1.34104046243
214040,214047,217455,7,3408,2,7200,1.00205399061
214055,214062,217737,7,3675,2,7200,1.0019047619
214086,214093,216669,7,2576,2,7200,1.0027173913
214088,214107,217919,19,3812,2,7200,1.00498426023
214110,214119,214371,9,252,2,7200,1.03571428571
214135,214142,217398,7,3256,2,7200,1.00214987715
214150,214159,217659,9,3500,2,7200,1.00257142857
214157,214197,221823,40,7626,2,14400,1.00524521374
214181,214188,217590,7,3402,2,7200,1.00205761317
214197,214209,214700,12,491,2,7200,1.02443991853
214212,214221,217478,9,3257,2,7200,1.00276327909
214254,214266,217390,12,3124,2,7200,1.00384122919
214256,214275,214463,19,188,2,7200,1.10106382979
214289,214299,217714,10,3415,2,7200,1.00292825769
214294,214310,223623,16,9313,2,14400,1.00171802856
214306,214320,218005,14,3685,2,7200,1.00379918589
214308,214328,217965,20,3637,2,7200,1.00549903767
214323,214351,217529,28,3178,2,7200,1.00881057269
214338,214369,217892,31,3523,2,7200,1.00879931876
214365,214378,217665,13,3287,2,7200,1.00395497414
214366,214388,217727,22,3339,2,7200,1.00658879904
214382,214396,217456,14,3060,2,7200,1.0045751634
214384,214437,214639,53,202,2,7200,1.26237623762
214425,214445,217915,20,3470,2,7200,1.00576368876
214441,214453,217615,12,3162,2,7200,1.00379506641
214443,214462,217930,19,3468,2,7200,1.00547866205
214459,214470,217928,11,3458,2,7200,1.0031810295
214460,214476,218128,16,3652,2,7200,1.00438116101
214476,214483,218089,7,3606,2,7200,1.0019412091
214477,214490,218108,13,3618,2,7200,1.00359314538
214499,214511,217908,12,3397,2,7200,1.0035325287
214516,214524,218236,8,3712,2,7200,1.00215517241
214541,214556,214633,15,77,2,7200,1.19480519481
214565,214578,217890,13,3312,2,7200,1.00392512077
214582,215075,215380,493,305,1,36000,2.61639344262
214584,214655,218219,71,3564,2,7200,1.01992143659
214593,215070,216996,477,1926,2,72000,1.2476635514
214601,214855,217802,254,2947,2,7200,1.0861893451
214626,215080,215613,454,533,2,7200,1.85178236398
214641,215086,218222,445,3136,2,7200,1.1419005102
214642,215091,218908,449,3817,2,7200,1.11763164789
214658,215096,218690,438,3594,2,7200,1.12186978297
214704,215101,218883,397,3782,2,7200,1.10497091486
214722,215106,217864,384,2758,2,7200,1.13923132705
214723,215112,218545,389,3433,2,7200,1.11331197204
214804,215117,218320,313,3203,2,7200,1.09772088667
214839,215122,218737,283,3615,2,7200,1.07828492393
214840,215127,218549,287,3422,2,7200,1.08386908241
214857,215133,218457,276,3324,2,7200,1.08303249097
214858,215138,218357,280,3219,2,7200,1.08698353526
214859,215143,216359,284,1216,2,7200,1.23355263158
214875,215148,218610,273,3462,2,7200,1.07885615251
215026,215162,217715,136,2553,2,7200,1.05327066197
215057,215180,218832,123,3652,2,7200,1.03368017525
215072,215155,218978,83,3823,2,7200,1.0217106984
215130,215192,217576,62,2384,2,7200,1.02600671141
215169,215391,219069,222,3678,2,7200,1.0603588907
215185,215396,218699,211,3303,2,7200,1.06388132001
215241,215373,219245,132,3872,9,36000,1.03409090909
215314,215476,218744,162,3268,2,7200,1.04957160343
215333,215496,216050,163,554,2,7200,1.29422382671
215334,215504,218915,170,3411,2,7200,1.04983875696
215362,215512,218734,150,3222,2,7200,1.04655493482
215378,215534,215577,156,43,2,7200,4.62790697674
215379,215550,215670,171,120,2,7200,2.425
215462,215590,218890,128,3300,2,7200,1.03878787879
215485,215598,218901,113,3303,2,7200,1.03421132304
215500,215611,218680,111,3069,2,7200,1.03616813294
215501,215627,219162,126,3535,2,7200,1.03564356436
215523,215663,219163,140,3500,2,7200,1.04
215538,215680,218778,142,3098,2,7200,1.04583602324
215570,215606,220655,36,5049,2,7200,1.00713012478
215579,215688,218732,109,3044,2,7200,1.03580814717
215595,215694,219147,99,3453,2,7200,1.02867072111
215596,215703,219140,107,3437,2,7200,1.03113180099
215598,215813,217266,215,1453,2,7200,1.14796971783
215616,215833,218840,217,3007,2,7200,1.07216494845
215650,216060,219552,410,3492,2,7200,1.11741122566
215667,216068,219471,401,3403,2,7200,1.11783720247
215682,216134,219490,452,3356,2,7200,1.13468414779
215684,216227,219485,543,3258,2,7200,1.16666666667
215801,216271,219609,470,3338,2,7200,1.14080287597
215822,216431,219767,609,3336,2,7200,1.18255395683
215882,216521,219605,639,3084,2,7200,1.20719844358
215883,216222,248347,339,32125,4,108000,1.01055252918
215896,216388,324411,492,108023,4,108000,1.0045545856
215903,216557,294213,654,77656,4,108000,1.00842175749
215909,216634,251904,725,35270,4,108000,1.02055571307
215914,217055,251777,1141,34722,4,108000,1.03286101031
215920,217241,277364,1321,60123,4,108000,1.02197162484
216049,216549,220180,500,3631,2,7200,1.13770311209
216050,216683,220035,633,3352,2,7200,1.1888424821
216066,216762,220542,696,3780,2,7200,1.18412698413
216122,216806,220097,684,3291,2,7200,1.20783956244
216209,216960,220531,751,3571,2,7200,1.21030523663
216260,216973,220729,713,3756,2,7200,1.18982960596
216362,217033,220456,671,3423,2,7200,1.19602687701
216377,217105,220961,728,3856,2,7200,1.1887966805
216418,217246,217496,828,250,2,7200,4.312
216433,217269,220691,836,3422,2,7200,1.24430157802
216509,217278,217939,769,661,2,7200,2.16338880484
216537,217293,220871,756,3578,2,7200,1.21129122415
216553,217361,220804,808,3443,2,7200,1.23467905896
216569,217403,221142,834,3739,2,7200,1.22305429259
216621,217411,220793,790,3382,2,7200,1.23358959196
216670,217416,220061,746,2645,2,7200,1.2820415879
216751,217437,220266,686,2829,2,7200,1.24248851184
216794,217468,220650,674,3182,2,7200,1.21181646763
216947,217475,220979,528,3504,2,7200,1.15068493151
216962,217490,220682,528,3192,2,7200,1.16541353383
216977,217508,220647,531,3139,2,7200,1.16916215355
217021,217516,220687,495,3171,2,7200,1.15610217597
217044,217524,217725,480,201,2,7200,3.38805970149
217093,217542,220921,449,3379,2,7200,1.13287955016
217141,217590,221140,449,3550,2,7200,1.12647887324
217227,217604,221193,377,3589,2,7200,1.10504318752
217255,217628,220841,373,3213,2,7200,1.1160908808
217271,217673,220572,402,2899,2,7200,1.13866850638
217288,217681,221325,393,3644,2,7200,1.10784851811
217350,217728,221636,378,3908,2,7200,1.09672466735
217392,217733,220997,341,3264,2,7200,1.10447303922
217408,217742,221334,334,3592,2,7200,1.0929844098
217409,217747,217766,338,19,2,7200,18.7894736842
217425,217756,221216,331,3460,2,7200,1.09566473988
217455,217779,220365,324,2586,2,7200,1.1252900232
217457,217815,220363,358,2548,2,7200,1.14050235479
217479,217877,221313,398,3436,2,7200,1.11583236321
217495,217906,221253,411,3347,2,7200,1.12279653421
217496,217911,221688,415,3777,2,7200,1.10987556262
217512,217922,218416,410,494,2,7200,1.82995951417
217531,217930,221416,399,3486,2,7200,1.11445783133
217577,217939,221158,362,3219,2,7200,1.11245728487
217592,217948,218440,356,492,2,7200,1.72357723577
217617,217953,221441,336,3488,2,7200,1.09633027523
217661,217962,221585,301,3623,2,7200,1.08308032018
217677,217978,218495,301,517,2,7200,1.58220502901
217714,218018,221577,304,3559,2,7200,1.08541725204
217715,218103,221221,388,3118,2,7200,1.12443874278
217731,218120,221932,389,3812,2,7200,1.10204616999
217732,218141,219993,409,1852,2,7200,1.22084233261
217748,218233,221974,485,3741,2,7200,1.12964448009
217770,218241,221771,471,3530,2,7200,1.13342776204
217802,218249,221972,447,3723,2,7200,1.12006446414
217867,218333,222054,466,3721,2,7200,1.12523515184
217892,218370,221989,478,3619,2,7200,1.13208068527
217894,218429,221860,535,3431,2,7200,1.15593121539
217910,218452,222129,542,3677,2,7200,1.147402774
217926,218471,222001,545,3530,2,7200,1.15439093484
217927,218509,222222,582,3713,2,7200,1.15674656612
217943,218559,221575,616,3016,2,7200,1.20424403183
217944,218568,222190,624,3622,2,7200,1.17228050801
217945,218623,222114,678,3491,2,7200,1.19421369235
217964,218757,222418,793,3661,2,7200,1.21660748429
218006,218903,222040,897,3137,2,7200,1.28594198279
218092,218915,222375,823,3460,2,7200,1.23786127168
218107,218930,222627,823,3697,2,7200,1.2226129294
218133,219153,222558,1020,3405,2,7200,1.29955947137
218219,219161,222726,942,3565,2,7200,1.26423562412
218221,219259,222689,1038,3430,2,7200,1.30262390671
218236,219264,219819,1028,555,2,7200,2.85225225225
218322,219269,222769,947,3500,2,7200,1.27057142857
218357,219275,221330,918,2055,2,7200,1.44671532847
218415,219280,222368,865,3088,2,7200,1.28011658031
218440,219285,222889,845,3604,2,7200,1.23446170921
218466,219290,222824,824,3534,2,7200,1.23316355405
218497,219297,219914,800,617,2,7200,2.29659643436
218546,219302,222618,756,3316,2,7200,1.22798552473
218561,219308,222325,747,3017,2,7200,1.24759695061
218610,219313,219907,703,594,2,7200,2.1835016835
218680,219318,222985,638,3667,2,7200,1.17398418326
218696,219323,222797,627,3474,2,7200,1.1804835924
218712,219328,222981,616,3653,2,7200,1.1686285245
218736,219334,219921,598,587,2,7200,2.01873935264
218738,219339,223029,601,3690,2,7200,1.16287262873
218739,219484,222529,745,3045,2,7200,1.24466338259
218755,219498,223208,743,3710,2,7200,1.20026954178
218777,219506,223337,729,3831,2,7200,1.19028974158
218832,219565,223285,733,3720,2,7200,1.19704301075
218847,219619,223247,772,3628,2,7200,1.21278941566
218879,219254,220305,375,1051,2,72000,1.35680304472
218885,219627,223041,742,3414,2,7200,1.21734036321
218900,219781,223150,881,3369,2,7200,1.26150192936
218917,219928,223502,1011,3574,2,7200,1.28287632904
218918,219937,223287,1019,3350,2,7200,1.30417910448
218920,220007,223213,1087,3206,2,7200,1.33905177792
218979,220048,222103,1069,2055,2,7200,1.5201946472
219069,220111,220632,1042,521,2,7200,3.0
219097,219104,219741,7,637,6,600,1.01098901099
219141,220193,223584,1052,3391,2,7200,1.31023296963
219157,220383,223560,1226,3177,2,7200,1.38589864652
219173,220388,223684,1215,3296,2,7200,1.36862864078
219174,220470,223715,1296,3245,2,7200,1.39938366718
219473,220544,223988,1071,3444,2,7200,1.31097560976
219490,220555,221150,1065,595,2,7200,2.78991596639
219491,220644,224022,1153,3378,2,7200,1.34132622854
219553,220659,223466,1106,2807,2,7200,1.39401496259
219574,219920,226592,346,6672,9,36000,1.05185851319
219612,220667,221186,1055,519,2,7200,3.03275529865
219613,220700,223858,1087,3158,2,7200,1.34420519316
219622,219754,273775,132,54021,1,54000,1.0024434942
219758,219766,219790,8,24,1,900,1.33333333333
219770,220708,220761,938,53,2,7200,18.6981132075
219819,220742,224076,923,3334,2,7200,1.27684463107
219909,220774,224190,865,3416,2,7200,1.25322014052
219925,220817,224069,892,3252,2,7200,1.27429274293
219926,220854,224527,928,3673,2,7200,1.25265450585
219954,220074,220086,120,12,2,3600,11.0
219993,220884,224176,891,3292,2,7200,1.27065613609
220036,220934,223998,898,3064,2,7200,1.29308093995
220052,221010,223024,958,2014,16,144000,1.47567030785
220061,220976,222255,915,1279,2,7200,1.71540265833
220100,221158,223930,1058,2772,2,7200,1.38167388167
220366,220375,221402,9,1027,1,900,1.00876338851
220726,221153,224659,427,3506,2,14400,1.12179121506
220774,220783,220794,9,11,8,3600,1.81818181818
220929,221167,224890,238,3723,2,7200,1.06392694064
220965,221172,224628,207,3456,2,7200,1.05989583333
220987,221179,224566,192,3387,2,7200,1.05668733392
221002,221199,225058,197,3859,2,7200,1.05104949469
221142,221207,224458,65,3251,2,7200,1.01999384805
221143,221229,224393,86,3164,2,7200,1.02718078382
221158,221237,223993,79,2756,2,7200,1.02866473149
221160,221266,224802,106,3536,2,7200,1.02997737557
221188,221327,224916,139,3589,2,7200,1.0387294511
221203,221338,225000,135,3662,2,7200,1.03686510104
221219,221346,225113,127,3767,2,7200,1.03371383063
221234,221354,224785,120,3431,2,7200,1.03497522588
221253,221429,224650,176,3221,2,7200,1.05464141571
221314,221458,225065,144,3607,2,7200,1.03992237316
221330,221575,221790,245,215,2,7200,2.13953488372
221331,221589,225171,258,3582,2,7200,1.07202680067
221347,221597,225419,250,3822,2,7200,1.0654107797
221415,221605,222120,190,515,2,7200,1.36893203883
221444,221650,222163,206,513,2,7200,1.40155945419
221573,221700,225212,127,3512,2,7200,1.03616173121
221575,221783,225422,208,3639,2,7200,1.05715856004
221593,221801,224888,208,3087,2,7200,1.06737933269
221638,221834,222384,196,550,2,7200,1.35636363636
221689,221871,225291,182,3420,2,7200,1.05321637427
221770,221945,225189,175,3244,2,7200,1.05394574599
221775,223970,231182,2195,7212,2,7200,1.30435385469
221792,221984,222763,192,779,2,7200,1.24646983312
221827,223975,231178,2148,7203,2,7200,1.29820907955
221862,221991,225431,129,3440,2,7200,1.0375
221897,223980,231213,2083,7233,2,7200,1.28798562146
221933,223985,231221,2052,7236,2,7200,1.28358208955
221940,222001,223829,61,1828,2,7200,1.03336980306
221973,222012,225767,39,3755,2,7200,1.0103861518
221975,222041,224644,66,2603,2,7200,1.0253553592
221997,222052,225177,55,3125,2,7200,1.0176
222013,222066,225980,53,3914,2,7200,1.01354113439
222041,222114,225157,73,3043,2,7200,1.02398948406
222057,222125,225677,68,3552,2,7200,1.01914414414
222104,222133,225637,29,3504,2,7200,1.00827625571
222123,222142,226285,19,4143,2,7200,1.00458604876
222124,222175,225566,51,3391,2,7200,1.01503981127
222154,222202,225647,48,3445,2,7200,1.01393323657
222169,222234,225395,65,3161,2,7200,1.02056311294
222193,222267,226167,74,3900,2,7200,1.01897435897
222222,222337,225708,115,3371,2,7200,1.03411450608
222256,222380,225659,124,3279,2,7200,1.03781640744
222327,222387,225889,60,3502,2,7200,1.01713306682
222369,222396,225703,27,3307,2,7200,1.00816449955
222395,222429,226150,34,3721,2,7200,1.00913732868
222397,222540,226101,143,3561,2,7200,1.0401572592
222419,222569,226189,150,3620,2,7200,1.04143646409
222505,222630,330641,125,108011,2,108000,1.00115728954
222531,222640,225967,109,3327,2,7200,1.03276224827
222569,222700,226553,131,3853,2,7200,1.03399948092
222613,222619,222765,6,146,1,3600,1.04109589041
222618,222738,226550,120,3812,2,7200,1.0314795383
222634,222777,226204,143,3427,2,7200,1.04172745842
222688,222784,226118,96,3334,2,7200,1.02879424115
222728,222808,225876,80,3068,2,7200,1.0260756193
222765,222836,226558,71,3722,2,7200,1.01907576572
222782,223057,226548,275,3491,2,7200,1.07877399026
222798,223162,225974,364,2812,2,7200,1.12944523471
222824,223220,224290,396,1070,2,7200,1.37009345794
222889,223227,226690,338,3463,2,7200,1.09760323419
222982,223259,225678,277,2419,2,7200,1.11451012815
222983,223296,226210,313,2914,2,7200,1.10741249142
223024,223965,236526,941,12561,2,72000,1.07491441764
223030,223349,227125,319,3776,2,7200,1.0844809322
223043,223050,223297,7,247,1,3600,1.02834008097
223046,223479,223945,433,466,2,7200,1.92918454936
223148,223572,227216,424,3644,2,7200,1.11635565313
223445,225012,301039,1567,76027,16,144000,1.02061109869
223492,223937,234913,445,10976,4,108000,1.04054300292
223503,223942,235423,439,11481,4,108000,1.03823708736
223506,223948,232007,442,8059,4,108000,1.05484551433
223508,223954,239564,446,15610,4,108000,1.02857142857
223512,223959,234945,447,10986,4,108000,1.04068814855
223625,223633,223871,8,238,1,3600,1.03361344538
223918,224087,224095,169,8,20,3600,17.7
223935,223993,224040,58,47,2,600,2.23404255319
224019,224026,224048,7,22,2,3600,1.31818181818
224046,225184,227991,1138,2807,8,43200,1.40541503384
224212,224218,225285,6,1067,20,3600,1.00562324274
224303,224310,224395,7,85,1,3600,1.08235294118
224524,224530,225417,6,887,12,2400,1.0067643743
224738,224900,229149,162,4249,2,7200,1.03812661803
224780,225226,227013,446,1787,2,7200,1.24958030218
224911,225430,225433,519,3,1,7200,52.2
225062,225407,227797,345,2390,1,108000,1.14435146444
225125,225132,228636,7,3504,2,7200,1.00199771689
225156,225163,228705,7,3542,2,7200,1.00197628458
225172,225178,228942,6,3764,2,7200,1.00159404888
225189,225195,228525,6,3330,2,7200,1.0018018018
225190,225202,225794,12,592,2,7200,1.02027027027
225213,225220,228877,7,3657,2,7200,1.00191413727
225295,225301,228829,6,3528,2,7200,1.00170068027
225409,225415,228884,6,3469,2,7200,1.00172960507
225425,225437,228470,12,3033,2,7200,1.00395647873
225426,225443,228864,17,3421,2,7200,1.00496930722
225443,225449,228674,6,3225,2,7200,1.00186046512
225447,225721,226347,274,626,12,2400,1.43769968051
225575,225583,228412,8,2829,2,7200,1.00282785437
225627,225715,229412,88,3697,1,7200,1.02380308358
225638,225644,228989,6,3345,2,7200,1.00179372197
225656,225662,228604,6,2942,2,7200,1.00203942896
225673,225680,228607,7,2927,2,7200,1.00239152716
225690,225696,229235,6,3539,2,7200,1.00169539418
225691,225703,229241,12,3538,2,7200,1.00339174675
225711,225727,229474,16,3747,2,7200,1.00427008273
225712,225732,227520,20,1788,2,7200,1.01118568233
225767,225774,228115,7,2341,2,7200,1.00299017514
225796,225802,226945,6,1143,2,7200,1.00524934383
225874,225881,229392,7,3511,2,7200,1.00199373398
225890,225896,229029,6,3133,2,7200,1.00191509735
225971,225977,229383,6,3406,2,7200,1.00176159718
225987,225993,229752,6,3759,2,7200,1.00159616919
225988,225999,229395,11,3396,2,7200,1.00323910483
226104,226110,229623,6,3513,2,7200,1.00170794193
226121,226127,229458,6,3331,2,7200,1.00180126088
226151,226157,229854,6,3697,2,7200,1.00162293752
226172,226178,229911,6,3733,2,7200,1.00160728636
226192,226198,229802,6,3604,2,7200,1.00166481687
226208,226214,229131,6,2917,2,7200,1.00205690778
226228,226235,229435,7,3200,2,7200,1.0021875
226286,226292,229818,6,3526,2,7200,1.00170164492
226553,226559,230032,6,3473,2,7200,1.00172761301
226554,226565,229712,11,3147,2,7200,1.00349539244
226556,226571,230252,15,3681,2,7200,1.00407497963
226578,226584,229620,6,3036,2,7200,1.00197628458
226682,226688,228073,6,1385,1,3600,1.00433212996
226688,226694,229944,6,3250,2,7200,1.00184615385
226710,226716,226726,6,10,20,3600,1.6
226754,226760,228311,6,1551,20,3600,1.00386847195
226873,226879,249623,6,22744,2,72000,1.00026380584
226951,226957,230795,6,3838,2,7200,1.00156331423
227124,227130,230396,6,3266,2,7200,1.00183710961
227221,227227,230422,6,3195,2,7200,1.00187793427
227379,227386,236529,7,9143,1,32400,1.00076561304
227420,227426,257331,6,29905,2,72000,1.00020063535
227518,227524,230776,6,3252,2,7200,1.00184501845
227769,227775,227804,6,29,2,600,1.20689655172
228129,228135,231304,6,3169,2,7200,1.00189334175
228305,228311,228335,6,24,2,3600,1.25
228377,228383,228387,6,4,1,3600,1.0
228414,228420,231610,6,3190,2,7200,1.00188087774
228472,228479,231957,7,3478,2,7200,1.00201265095
228495,228501,228508,6,7,20,3600,1.3
228527,228533,232188,6,3655,2,7200,1.00164158687
228546,228552,228554,6,2,1,3600,1.0
228614,228620,229272,6,652,2,7200,1.00920245399
228616,228626,232298,10,3672,2,7200,1.00272331155
228638,228644,232288,6,3644,2,7200,1.00164654226
228675,228682,232844,7,4162,2,7200,1.00168188371
228707,228713,231650,6,2937,2,7200,1.00204290092
228761,228767,228768,6,1,1,3600,1.0
228824,228831,228833,7,2,1,3600,1.0
228834,228840,231943,6,3103,2,7200,1.00193361263
228865,228872,232857,7,3985,2,7200,1.0017565872
228884,228890,232146,6,3256,2,7200,1.00184275184
228885,228897,233533,12,4636,2,7200,1.00258843831
228923,228929,228932,6,3,1,3600,1.0
228945,228951,230171,6,1220,2,7200,1.00491803279
228984,228991,232677,7,3686,2,7200,1.00189907759
229030,229036,232411,6,3375,2,7200,1.00177777778
229047,229055,229058,8,3,1,900,1.1
229107,229113,229791,6,678,20,3600,1.00884955752
229133,229139,232392,6,3253,2,7200,1.00184445128
229232,229238,229268,6,30,2,3600,1.2
229237,229245,230414,8,1169,2,7200,1.00684345595
229254,229261,232831,7,3570,2,7200,1.00196078431
229278,229284,232478,6,3194,2,7200,1.00187852223
229383,229389,232722,6,3333,2,7200,1.00180018002
229399,229406,229474,7,68,2,7200,1.10294117647
229401,229412,232641,11,3229,2,7200,1.00340662744
229436,229442,229519,6,77,2,7200,1.07792207792
229457,229463,232597,6,3134,2,7200,1.00191448628
229476,229482,232770,6,3288,2,7200,1.00182481752
229478,229488,232891,10,3403,2,7200,1.0029385836
229519,229525,233436,6,3911,2,7200,1.00153413449
229624,229630,232663,6,3033,2,7200,1.00197823937
229625,229637,230149,12,512,2,7200,1.0234375
229720,229726,233574,6,3848,2,7200,1.00155925156
229760,229766,233307,6,3541,2,7200,1.0016944366
229803,229809,233226,6,3417,2,7200,1.00175592625
229817,229824,229836,7,12,2,3600,1.58333333333
229819,229829,233207,10,3378,2,7200,1.00296033156
229836,229848,229926,12,78,1,43200,1.15384615385
229853,229860,232817,7,2957,2,7200,1.00236726412
229912,229924,233153,12,3229,2,7200,1.00371632084
229913,229919,231306,6,1387,1,3600,1.0043258832
229944,229950,232717,6,2767,2,7200,1.00216841344
230002,230008,230012,6,4,1,3600,1.0
230009,230015,230028,6,13,2,3600,1.46153846154
230032,230038,233837,6,3799,2,7200,1.00157936299
230085,230091,230937,6,846,20,3600,1.00709219858
230118,230124,231012,6,888,1,43200,1.00675675676
230122,230131,230133,9,2,1,3600,1.1
230151,230157,230277,6,120,2,7200,1.05
230170,230176,233729,6,3553,2,7200,1.00168871376
230250,230256,233720,6,3464,2,7200,1.00173210162
230278,230285,233750,7,3465,2,7200,1.00202020202
230281,230292,231488,11,1196,2,7200,1.00919732441
230341,230347,234623,6,4276,2,14400,1.00140318054
230396,230402,233646,6,3244,2,7200,1.00184956843
230426,230432,233943,6,3511,2,7200,1.00170891484
230427,230438,233459,11,3021,2,7200,1.00364117842
230778,230784,231295,6,511,2,7200,1.01174168297
230793,230799,233536,6,2737,2,7200,1.00219218122
230847,230853,233189,6,2336,2,72000,1.00256849315
230900,230907,235064,7,4157,1,7200,1.00168390666
231068,231190,240936,122,9746,2,72000,1.01251795608
231189,231317,334904,128,103587,2,172800,1.00123567629
231285,231323,242392,38,11069,2,72000,1.00343301111
231296,231303,234784,7,3481,2,7200,1.0020109164
231312,231328,231360,16,32,2,7200,1.5
231362,231368,234406,6,3038,2,7200,1.00197498354
231379,231386,231390,7,4,4,1800,1.1
231433,231439,232593,6,1154,4,1800,1.00519930676
231553,231623,232322,70,699,4,1800,1.10014306152
231610,231617,235053,7,3436,2,7200,1.00203725262
231615,231664,231666,49,2,1,3600,5.1
231651,231657,234818,6,3161,2,7200,1.0018981335
231719,231725,233155,6,1430,1,3600,1.0041958042
231719,232300,232302,581,2,4,1800,58.3
231749,232019,232728,270,709,9,36000,1.3808180536
231784,232315,290472,531,58157,4,108000,1.00913045721
231944,231950,235980,6,4030,2,7200,1.00148883375
231964,231971,235556,7,3585,2,7200,1.0019525802
232148,232155,234120,7,1965,2,7200,1.00356234097
232189,232195,235381,6,3186,2,7200,1.00188323917
232287,232294,232845,7,551,2,7200,1.01270417423
232303,232309,235608,6,3299,2,7200,1.00181873295
232386,232392,233494,6,1102,4,1800,1.0054446461
232393,232399,235672,6,3273,2,7200,1.00183318057
232413,232419,235280,6,2861,2,7200,1.00209716882
232482,232487,236339,5,3852,2,7200,1.001298027
232517,232604,233745,87,1141,4,1800,1.07624890447
232560,232677,233841,117,1164,4,1800,1.10051546392
232598,232609,235863,11,3254,2,7200,1.00338045482
232641,232648,235975,7,3327,2,7200,1.0021039976
232663,232670,236307,7,3637,2,7200,1.00192466318
232679,232685,236382,6,3697,2,7200,1.00162293752
232735,232741,236120,6,3379,2,7200,1.00177567328
232736,232747,236391,11,3644,2,7200,1.00301866081
232771,232777,235737,6,2960,2,7200,1.00202702703
232817,232823,236575,6,3752,2,7200,1.00159914712
232833,232839,236349,6,3510,2,7200,1.00170940171
232849,232855,236440,6,3585,2,7200,1.00167364017
232850,232861,234883,11,2022,2,7200,1.00544015826
232866,232872,236565,6,3693,2,7200,1.00162469537
232882,233505,243454,623,9949,9,36000,1.06261935873
232888,232894,236651,6,3757,2,7200,1.0015970189
233161,233167,236601,6,3434,2,7200,1.00174723355
233207,233213,236834,6,3621,2,7200,1.00165700083
233216,233545,235347,329,1802,4,1800,1.18257491676
233229,233236,236712,7,3476,2,7200,1.00201380898
233308,233315,235637,7,2322,2,7200,1.00301464255
233437,233444,236691,7,3247,2,7200,1.00215583616
233460,233467,236216,7,2749,2,7200,1.0025463805
233483,233733,267654,250,33921,4,108000,1.00737006574
233531,233538,236858,7,3320,2,7200,1.00210843373
233548,233555,237255,7,3700,2,7200,1.00189189189
233552,233757,268001,205,34244,4,108000,1.00598645018
233576,233582,236278,6,2696,2,7200,1.00222551929
233649,233656,234143,7,487,2,7200,1.01437371663
233721,233727,236913,6,3186,2,7200,1.00188323917
233739,233745,237232,6,3487,2,7200,1.0017206768
233755,233764,236831,9,3067,2,7200,1.00293446365
233837,233843,237430,6,3587,2,7200,1.001672707
233941,233947,237474,6,3527,2,7200,1.00170116246
234126,234132,237537,6,3405,2,7200,1.00176211454
234146,234152,237933,6,3781,2,7200,1.00158688178
234415,234421,237795,6,3374,2,7200,1.00177830468
234577,234583,256857,6,22274,2,72000,1.00026937236
234696,234969,322683,273,87714,8,432000,1.00311238799
234804,234812,235417,8,605,2,7200,1.0132231405
234822,234828,238274,6,3446,2,7200,1.00174114916
234883,234889,238430,6,3541,2,7200,1.0016944366
234963,234975,256818,12,21843,2,72000,1.00054937509
234969,235076,236237,107,1161,2,3600,1.09216192937
234997,235293,236595,296,1302,2,3600,1.22734254992
235026,235358,236521,332,1163,2,3600,1.28546861565
235047,235363,238095,316,2732,2,3600,1.11566617862
235054,235060,238216,6,3156,2,7200,1.00190114068
235280,235286,238919,6,3633,2,7200,1.00165152766
235382,235388,238659,6,3271,2,7200,1.00183430144
235420,235426,238924,6,3498,2,7200,1.00171526587
235559,235566,238575,7,3009,2,7200,1.00232635427
235612,235618,239036,6,3418,2,7200,1.00175541252
235639,235645,238609,6,2964,2,7200,1.0020242915
235682,235688,238706,6,3018,2,7200,1.00198807157
235737,235743,236961,6,1218,2,7200,1.00492610837
235864,235870,239466,6,3596,2,7200,1.00166852058
235973,235980,236552,7,572,2,7200,1.01223776224
235990,235996,239202,6,3206,2,7200,1.00187149095
236127,236133,239162,6,3029,2,7200,1.00198085177
236161,236248,344260,87,108012,2,108000,1.00080546606
236216,236222,239510,6,3288,2,7200,1.00182481752
236279,236286,239857,7,3571,2,7200,1.00196023523
236307,236314,236808,7,494,2,7200,1.01417004049
236338,236345,239938,7,3593,2,7200,1.00194823267
236362,236368,239718,6,3350,2,7200,1.00179104478
236384,236391,239861,7,3470,2,7200,1.00201729107
236399,236405,239491,6,3086,2,7200,1.00194426442
236443,236449,239762,6,3313,2,7200,1.00181104739
236499,236506,344524,7,108018,2,108000,1.00006480401
236554,236560,239972,6,3412,2,7200,1.00175849941
236571,236577,237218,6,641,2,7200,1.00936037441
236593,236599,236607,6,8,4,172800,1.4
236594,236605,239633,11,3028,2,7200,1.0036327609
236597,236611,236613,14,2,4,172800,1.6
236612,236617,237154,5,537,2,7200,1.00931098696
236649,236656,236747,7,91,2,7200,1.07692307692
236691,236697,240026,6,3329,2,7200,1.00180234305
236713,236719,240276,6,3557,2,7200,1.00168681473
236754,236760,240296,6,3536,2,7200,1.00169683258
236812,236818,239815,6,2997,2,7200,1.002002002
236861,236867,239850,6,2983,2,7200,1.00201139792
236862,236873,240246,11,3373,2,7200,1.00326119182
236864,236879,240209,15,3330,2,7200,1.0045045045
236873,237270,237490,397,220,4,172800,2.80454545455
236877,237488,238045,611,557,4,172800,2.09694793537
236915,236921,237472,6,551,2,7200,1.0108892922
236962,236969,240217,7,3248,2,7200,1.00215517241
237084,237501,270385,417,32884,4,108000,1.01268093906
237156,237163,240121,7,2958,2,7200,1.00236646383
237221,237228,240508,7,3280,2,7200,1.00213414634
237237,237243,240487,6,3244,2,7200,1.00184956843
237258,237264,240675,6,3411,2,7200,1.00175901495
237432,237439,237971,7,532,2,7200,1.01315789474
237474,237481,240349,7,2868,2,7200,1.00244072524
237475,237493,238624,18,1131,2,7200,1.01591511936
237544,237551,241184,7,3633,2,7200,1.00192678227
237797,237803,241223,6,3420,2,7200,1.00175438596
237935,237941,241708,6,3767,2,7200,1.0015927794
237974,237980,241450,6,3470,2,7200,1.00172910663
238220,238226,241613,6,3387,2,7200,1.00177147919
238275,238281,241852,6,3571,2,7200,1.00168020162
238430,238437,242063,7,3626,2,7200,1.00193050193
238576,238582,241874,6,3292,2,7200,1.00182260024
238610,238616,242407,6,3791,2,7200,1.00158269586
238626,238632,241945,6,3313,2,7200,1.00181104739
238661,238668,241881,7,3213,2,7200,1.00217864924
238706,238712,242311,6,3599,2,7200,1.00166712976
238923,238930,241991,7,3061,2,7200,1.00228683437
238925,238937,242371,12,3434,2,7200,1.00349446709
239036,239043,242741,7,3698,2,7200,1.00189291509
239163,239170,242763,7,3593,2,7200,1.00194823267
239206,239212,242919,6,3707,2,7200,1.00161855948
239244,239250,239261,6,11,2,180000,1.54545454545
239295,239301,239564,6,263,1,900,1.02281368821
239470,239476,242815,6,3339,2,7200,1.00179694519
239492,239498,243041,6,3543,2,7200,1.0016934801
239511,239517,242744,6,3227,2,7200,1.00185931205
239590,239596,290339,6,50743,2,180000,1.00011824291
239636,239642,243233,6,3591,2,7200,1.00167084378
239721,239727,243541,6,3814,2,7200,1.00157315155
239745,239752,246973,7,7221,4,7200,1.00096939482
239762,239768,239870,6,102,1,900,1.05882352941
239765,239775,243279,10,3504,2,7200,1.00285388128
239815,239822,242753,7,2931,2,7200,1.00238826339
239853,239859,240372,6,513,2,7200,1.01169590643
239870,239876,243128,6,3252,2,7200,1.00184501845
239872,239882,242713,10,2831,2,7200,1.00353232073
239902,239908,240335,6,427,1,900,1.01405152225
239949,239955,243651,6,3696,2,7200,1.00162337662
239973,239979,243228,6,3249,2,7200,1.00184672207
240030,240036,243562,6,3526,2,7200,1.00170164492
240124,240131,243761,7,3630,2,7200,1.00192837466
240213,240220,243551,7,3331,2,7200,1.00210147103
240236,240242,243774,6,3532,2,7200,1.00169875425
240259,240265,244068,6,3803,2,7200,1.00157770181
240276,240282,243543,6,3261,2,7200,1.0018399264
240296,240302,243905,6,3603,2,7200,1.00166527893
240350,240356,240877,6,521,2,7200,1.01151631478
240372,240378,286163,6,45785,1,270000,1.00013104729
240376,240385,243622,9,3237,2,7200,1.00278035218
240490,240496,243151,6,2655,2,7200,1.00225988701
240509,240515,243759,6,3244,2,7200,1.00184956843
240685,240691,243959,6,3268,2,7200,1.00183598531
240881,240887,243322,6,2435,2,7200,1.00246406571
241187,241193,241275,6,82,2,7200,1.07317073171
241226,241232,244598,6,3366,2,7200,1.00178253119
241277,241283,244437,6,3154,2,7200,1.00190234623
241450,241456,244611,6,3155,2,7200,1.00190174326
241632,241638,245350,6,3712,2,7200,1.00161637931
241710,241717,245324,7,3607,2,7200,1.00194067092
241853,241859,244685,6,2826,2,7200,1.00212314225
241875,241881,242885,6,1004,2,7200,1.00597609562
241890,241896,245757,6,3861,2,7200,1.00155400155
241946,241952,245387,6,3435,2,7200,1.00174672489
241993,241999,245531,6,3532,2,7200,1.00169875425
242064,242070,245699,6,3629,2,7200,1.00165334803
242313,242319,245693,6,3374,2,7200,1.00177830468
242373,242379,246094,6,3715,2,7200,1.00161507402
242408,242414,245864,6,3450,2,7200,1.00173913043
242715,242721,246299,6,3578,2,7200,1.00167691448
242741,242747,246566,6,3819,2,7200,1.00157109191
242760,242766,246526,6,3760,2,7200,1.00159574468
242761,242772,245848,11,3076,2,7200,1.00357607282
242777,242783,246236,6,3453,2,7200,1.00173761946
242816,242822,244365,6,1543,2,7200,1.00388852884
242887,242894,245284,7,2390,2,7200,1.00292887029
242918,242926,246257,8,3331,2,7200,1.00240168118
243042,243048,243643,6,595,2,7200,1.01008403361
243131,243137,246731,6,3594,2,7200,1.00166944908
243153,243159,245163,6,2004,2,7200,1.00299401198
243231,243237,246206,6,2969,2,7200,1.00202088245
243246,243252,246899,6,3647,2,7200,1.00164518783
243281,243287,245537,6,2250,2,7200,1.00266666667
243325,243331,246636,6,3305,2,7200,1.00181543116
243543,243549,246673,6,3124,2,7200,1.0019206146
243545,243555,246938,10,3383,2,7200,1.00295595625
243560,243566,247133,6,3567,2,7200,1.00168208579
243566,243572,245011,6,1439,4,7200,1.0041695622
243575,243581,247064,6,3483,2,7200,1.00172265289
243622,243628,247234,6,3606,2,7200,1.00166389351
243643,243650,246952,7,3302,2,7200,1.00211992732
243659,243665,247063,6,3398,2,7200,1.00176574456
243761,243767,247225,6,3458,2,7200,1.001735107
243762,243774,248702,12,4928,2,7200,1.00243506494
243777,243783,247165,6,3382,2,7200,1.00177409817
243907,243913,247357,6,3444,2,7200,1.00174216028
243914,243920,244946,6,1026,1,43200,1.00584795322
243931,243938,252638,7,8700,1,18000,1.0008045977
243959,243966,244115,7,149,2,7200,1.04697986577
244070,244076,244619,6,543,2,7200,1.01104972376
244112,244119,247332,7,3213,2,7200,1.00217864924
244367,244373,247752,6,3379,2,7200,1.00177567328
244437,244443,247666,6,3223,2,7200,1.00186161961
244599,244605,248149,6,3544,2,7200,1.00169300226
244614,244620,247446,6,2826,2,7200,1.00212314225
244630,244636,248200,6,3564,2,7200,1.00168350168
244685,244691,248104,6,3413,2,7200,1.00175798418
245166,245173,245391,7,218,2,7200,1.03211009174
245285,245292,248793,7,3501,2,7200,1.00199942873
245326,245333,247110,7,1777,2,7200,1.00393922341
245348,245354,248574,6,3220,2,7200,1.00186335404
245388,245395,249044,7,3649,2,7200,1.00191833379
245404,245410,248932,6,3522,2,7200,1.00170357751
245532,245538,248201,6,2663,2,7200,1.00225309801
245548,245554,246194,6,640,2,7200,1.009375
245635,245707,245709,72,2,2,3540,7.4
245695,245701,248364,6,2663,2,7200,1.00225309801
245710,245716,249552,6,3836,2,7200,1.0015641293
245759,245765,248785,6,3020,2,7200,1.00198675497
245849,245855,246464,6,609,2,7200,1.00985221675
245864,245871,246044,7,173,2,7200,1.04046242775
246044,246051,249025,7,2974,2,7200,1.00235373235
246093,246099,249491,6,3392,2,7200,1.00176886792
246196,246203,249306,7,3103,2,7200,1.00225588141
246212,246219,249525,7,3306,2,7200,1.00211736237
246237,246243,249554,6,3311,2,7200,1.00181214135
246255,246262,249762,7,3500,2,7200,1.002
246299,246305,249550,6,3245,2,7200,1.00184899846
246465,246471,250024,6,3553,2,7200,1.00168871376
246526,246533,249639,7,3106,2,7200,1.00225370251
246566,246573,250160,7,3587,2,7200,1.0019514915
246637,246643,250279,6,3636,2,7200,1.00165016502
246674,246680,250057,6,3377,2,7200,1.0017767249
246731,246737,247243,6,506,2,7200,1.01185770751
246900,246906,250087,6,3181,2,7200,1.00188619931
246938,246944,250325,6,3381,2,7200,1.00177462289
246953,246959,250572,6,3613,2,7200,1.0016606698
247066,247072,250956,6,3884,2,7200,1.00154479918
247067,247079,250436,12,3357,2,7200,1.0035746202
247110,247116,250914,6,3798,2,7200,1.00157977883
247135,247141,250376,6,3235,2,7200,1.00185471406
247166,247172,249994,6,2822,2,7200,1.00212615167
247227,247233,250741,6,3508,2,7200,1.00171037628
247242,247248,250743,6,3495,2,7200,1.0017167382
247243,247254,250638,11,3384,2,7200,1.00325059102
247333,247339,250581,6,3242,2,7200,1.00185070944
247358,247364,251297,6,3933,2,7200,1.00152555301
247448,247454,251030,6,3576,2,7200,1.00167785235
247631,248166,251781,535,3615,4,3600,1.1479944675
247666,247672,251350,6,3678,2,7200,1.00163132137
247752,247758,248259,6,501,2,7200,1.0119760479
248106,248112,248146,6,34,2,7200,1.17647058824
248146,248153,248704,7,551,2,7200,1.01270417423
248148,248160,251599,12,3439,2,7200,1.00348938645
248201,248208,252044,7,3836,2,7200,1.00182481752
248203,248214,251624,11,3410,2,7200,1.00322580645
248261,248267,251633,6,3366,2,7200,1.00178253119
248361,248368,251668,7,3300,2,7200,1.00212121212
248574,248580,251909,6,3329,2,7200,1.00180234305
248704,248711,251984,7,3273,2,7200,1.00213871066
248706,248716,251692,10,2976,2,7200,1.00336021505
248786,248792,251990,6,3198,2,7200,1.00187617261
248802,248808,252220,6,3412,2,7200,1.00175849941
248934,248940,252464,6,3524,2,7200,1.00170261067
249027,249033,252124,6,3091,2,7200,1.00194111938
249045,249052,252470,7,3418,2,7200,1.00204798128
249308,249314,252050,6,2736,2,7200,1.00219298246
249492,249498,249567,6,69,2,7200,1.08695652174
249526,249532,250051,6,519,2,7200,1.01156069364
249552,249559,252801,7,3242,2,7200,1.00215916101
249554,249566,253165,12,3599,2,7200,1.00333425952
249555,249571,249628,16,57,2,7200,1.28070175439
249572,249578,252787,6,3209,2,7200,1.00186974135
249630,249636,252877,6,3241,2,7200,1.00185128047
249646,249652,252675,6,3023,2,7200,1.00198478333
249764,249770,252673,6,2903,2,7200,1.00206682742
249995,250002,250156,7,154,2,7200,1.04545454545
250024,250030,250082,6,52,2,7200,1.11538461538
250052,250058,253436,6,3378,2,7200,1.00177619893
250068,250074,250596,6,522,2,7200,1.01149425287
250084,250090,253094,6,3004,2,7200,1.00199733688
250100,250106,253840,6,3734,2,7200,1.00160685592
250156,250162,253841,6,3679,2,7200,1.00163087796
250172,250178,250292,6,114,2,7200,1.05263157895
250278,250285,253765,7,3480,2,7200,1.00201149425
250294,250300,253568,6,3268,2,7200,1.00183598531
250328,250334,252523,6,2189,2,7200,1.00274097762
250377,250383,254077,6,3694,2,7200,1.00162425555
250438,250444,253823,6,3379,2,7200,1.00177567328
250572,250578,253945,6,3367,2,7200,1.00178200178
250587,250593,250679,6,86,2,7200,1.06976744186
250603,250609,254188,6,3579,2,7200,1.00167644593
250640,250646,253360,6,2714,2,7200,1.00221075903
250681,250687,253914,6,3227,2,7200,1.00185931205
250742,250748,253735,6,2987,2,7200,1.00200870439
250743,250756,254546,13,3790,2,7200,1.00343007916
250915,250921,254299,6,3378,2,7200,1.00177619893
250955,250961,254672,6,3711,2,7200,1.00161681487
251032,251038,254482,6,3444,2,7200,1.00174216028
251297,251303,254851,6,3548,2,7200,1.00169109357
251349,251355,254844,6,3489,2,7200,1.00171969046
251602,251608,255248,6,3640,2,7200,1.00164835165
251627,251633,255083,6,3450,2,7200,1.00173913043
251642,251648,254554,6,2906,2,7200,1.00206469374
251667,251673,254782,6,3109,2,7200,1.00192988099
251696,251702,255101,6,3399,2,7200,1.00176522507
251910,251916,255322,6,3406,2,7200,1.00176159718
251986,251992,255521,6,3529,2,7200,1.00170019836
252002,252008,255403,6,3395,2,7200,1.00176730486
252042,252049,255434,7,3385,2,7200,1.00206794682
252058,252064,255007,6,2943,2,7200,1.00203873598
252126,252132,255112,6,2980,2,7200,1.00201342282
252222,252229,252432,7,203,2,7200,1.03448275862
252433,252439,255643,6,3204,2,7200,1.00187265918
252464,252470,256004,6,3534,2,7200,1.00169779287
252480,252486,255807,6,3321,2,7200,1.00180668473
252522,252529,252740,7,211,2,7200,1.03317535545
252569,252575,253573,6,998,1,900,1.00601202405
252673,252680,256401,7,3721,2,7200,1.00188121473
252675,252687,255631,12,2944,2,7200,1.00407608696
252743,252749,256215,6,3466,2,7200,1.00173110214
252789,252795,256602,6,3807,2,7200,1.00157604413
252804,252811,256006,7,3195,2,7200,1.00219092332
252878,252884,253054,6,170,2,7200,1.03529411765
253053,253060,256644,7,3584,2,7200,1.001953125
253093,253100,256422,7,3322,2,7200,1.00210716436
253168,253174,256471,6,3297,2,7200,1.00181983621
253361,253367,256598,6,3231,2,7200,1.00185701021
253438,253444,256944,6,3500,2,7200,1.00171428571
253570,253576,256597,6,3021,2,7200,1.00198609732
253735,253741,253760,6,19,2,7200,1.31578947368
253760,253766,256881,6,3115,2,7200,1.00192616372
253776,253782,257352,6,3570,2,7200,1.00168067227
253825,253831,257244,6,3413,2,7200,1.00175798418
253842,253848,257140,6,3292,2,7200,1.00182260024
253843,253856,257626,13,3770,2,7200,1.00344827586
253916,253922,257291,6,3369,2,7200,1.0017809439
253947,253953,255623,6,1670,2,7200,1.00359281437
254078,254084,257142,6,3058,2,7200,1.00196206671
254188,254194,257744,6,3550,2,7200,1.00169014085
254300,254306,257408,6,3102,2,7200,1.00193423598
254483,254489,258037,6,3548,2,7200,1.00169109357
254547,254553,258421,6,3868,2,7200,1.00155118925
254563,254569,258120,6,3551,2,7200,1.00168966488
254674,254680,258304,6,3624,2,7200,1.00165562914
254784,254790,258555,6,3765,2,7200,1.0015936255
254846,254853,258017,7,3164,2,7200,1.00221238938
254862,254868,258527,6,3659,2,7200,1.00163979229
255008,255015,257870,7,2855,2,7200,1.00245183888
255082,255088,255243,6,155,2,7200,1.03870967742
255103,255109,258123,6,3014,2,7200,1.00199071002
255120,255126,258345,6,3219,2,7200,1.0018639329
255227,255233,255988,6,755,1,900,1.00794701987
255245,255252,258507,7,3255,2,7200,1.00215053763
255247,255258,258653,11,3395,2,7200,1.00324005891
255321,255327,258960,6,3633,2,7200,1.00165152766
255404,255410,258716,6,3306,2,7200,1.00181488203
255431,255438,255503,7,65,2,7200,1.10769230769
255504,255511,259235,7,3724,2,7200,1.00187969925
255520,255526,259059,6,3533,2,7200,1.00169827342
255625,255631,258826,6,3195,2,7200,1.00187793427
255641,255647,259266,6,3619,2,7200,1.00165791655
255643,255654,259086,11,3432,2,7200,1.00320512821
255808,255814,259210,6,3396,2,7200,1.00176678445
256006,256012,259512,6,3500,2,7200,1.00171428571
256007,256019,259639,12,3620,2,7200,1.00331491713
256016,256026,256028,10,2,1,900,1.2
256214,256221,259898,7,3677,2,7200,1.00190372586
256366,256373,256743,7,370,1,900,1.01891891892
256401,256407,259955,6,3548,2,7200,1.00169109357
256423,256429,260015,6,3586,2,7200,1.00167317345
256469,256476,259798,7,3322,2,7200,1.00210716436
256597,256603,259390,6,2787,2,7200,1.00215285253
256613,256619,260390,6,3771,2,7200,1.0015910899
256614,256625,259806,11,3181,2,7200,1.00345803207
256646,256652,260011,6,3359,2,7200,1.00178624591
256727,256733,256735,6,2,2,3540,1.0
256880,256886,260300,6,3414,2,7200,1.00175746924
256882,256892,256983,10,91,1,900,1.10989010989
256945,256951,260544,6,3593,2,7200,1.00166991372
257143,257149,260595,6,3446,2,7200,1.00174114916
257144,257156,260271,12,3115,2,7200,1.00385232745
257243,257249,260760,6,3511,2,7200,1.00170891484
257292,257298,260489,6,3191,2,7200,1.00188028831
257345,257351,263071,6,5720,2,14400,1.00104895105
257350,257357,260453,7,3096,2,7200,1.00226098191
257409,257416,261283,7,3867,2,7200,1.00181018878
257628,257635,261032,7,3397,2,7200,1.00206064174
257746,257752,261203,6,3451,2,7200,1.00173862649
257872,257878,261202,6,3324,2,7200,1.00180505415
257927,257933,259143,6,1210,2,7200,1.00495867769
258018,258024,261155,6,3131,2,7200,1.00191632066
258037,258043,261614,6,3571,2,7200,1.00168020162
258119,258125,261709,6,3584,2,7200,1.00167410714
258135,258141,261619,6,3478,2,7200,1.00172512938
258305,258311,261160,6,2849,2,7200,1.00210600211
258345,258351,258885,6,534,2,7200,1.01123595506
258422,258428,262002,6,3574,2,7200,1.00167879127
258509,258515,261968,6,3453,2,7200,1.00173761946
258530,258536,259112,6,576,2,7200,1.01041666667
258555,258561,261625,6,3064,2,7200,1.00195822454
258653,258660,262254,7,3594,2,7200,1.0019476906
258718,258724,261424,6,2700,2,7200,1.00222222222
258828,258834,262379,6,3545,2,7200,1.00169252468
258886,258893,261996,7,3103,2,7200,1.00225588141
258960,258966,262256,6,3290,2,7200,1.00182370821
259060,259067,261294,7,2227,2,7200,1.00314324203
259088,259095,262460,7,3365,2,7200,1.00208023774
259113,259119,262352,6,3233,2,7200,1.00185586143
259211,259218,262023,7,2805,2,7200,1.00249554367
259237,259243,262820,6,3577,2,7200,1.00167738328
259262,259268,262496,6,3228,2,7200,1.00185873606
259308,259314,261128,6,1814,2,7200,1.0033076075
259391,259397,262165,6,2768,2,7200,1.00216763006
259513,259520,262657,7,3137,2,7200,1.0022314313
259641,259647,263050,6,3403,2,7200,1.00176315016
259800,259806,263167,6,3361,2,7200,1.00178518298
259815,259821,263418,6,3597,2,7200,1.00166805671
259898,259904,262742,6,2838,2,7200,1.0021141649
259956,259962,262937,6,2975,2,7200,1.00201680672
260012,260018,263325,6,3307,2,7200,1.00181433323
260029,260035,263452,6,3417,2,7200,1.00175592625
260103,260109,262611,6,2502,2,7200,1.00239808153
260272,260279,263380,7,3101,2,7200,1.00225733634
260300,260307,263459,7,3152,2,7200,1.00222081218
260392,260399,263472,7,3073,2,7200,1.00227790433
260453,260459,263851,6,3392,2,7200,1.00176886792
260491,260497,262711,6,2214,2,7200,1.0027100271
260544,260551,264268,7,3717,2,7200,1.00188323917
260596,260602,263944,6,3342,2,7200,1.00179533214
260764,260770,264646,6,3876,2,7200,1.00154798762
289747,289753,291516,6,1763,2,7200,1.00340328985
290189,290196,311393,7,21197,2,72000,1.00033023541
291199,291205,300877,6,9672,2,14400,1.00062034739
291724,291731,309699,7,17968,2,72000,1.00038958148
294803,294809,325311,6,30502,2,72000,1.00019670841
295881,295887,321360,6,25473,2,72000,1.00023554352
297095,297104,299400,9,2296,1,3600,1.00391986063
297293,297299,324314,6,27015,2,72000,1.00022209883
298251,298257,325847,6,27590,2,72000,1.0002174701
298302,298308,298945,6,637,2,3600,1.00941915228
298404,298411,299398,7,987,12,3600,1.00709219858
298811,298817,318489,6,19672,2,72000,1.00030500203
298949,298955,337205,6,38250,1,54000,1.00015686275
299044,299051,299506,7,455,2,3600,1.01538461538
299060,299066,299070,6,4,2,3600,1.0
299065,299072,299508,7,436,2,3600,1.01605504587
299073,299080,299084,7,4,2,3600,1.1
299116,299122,299511,6,389,2,3600,1.01542416452
299144,299150,299153,6,3,2,3600,1.0
299148,299156,299512,8,356,2,3600,1.02247191011
299390,299396,299488,6,92,2,3600,1.0652173913
299412,299423,303132,11,3709,1,3600,1.00296575896
299412,299417,317575,5,18158,2,72000,1.00027536072
299569,299576,299980,7,404,2,3600,1.01732673267
299570,299584,299764,14,180,2,3600,1.07777777778
299571,299590,299724,19,134,2,3600,1.14179104478
299573,299595,299968,22,373,2,3600,1.05898123324
299632,299638,299642,6,4,2,3600,1.0
299860,299866,300974,6,1108,8,6000,1.00541516245
299871,299882,300732,11,850,8,6000,1.01294117647
299871,299877,300722,6,845,8,6000,1.00710059172
299882,299893,300726,11,833,8,6000,1.01320528211
299882,299888,300737,6,849,8,6000,1.00706713781
299892,299900,300730,8,830,8,6000,1.00963855422
299893,299906,300742,13,836,8,6000,1.01555023923
299903,299912,300745,9,833,8,6000,1.01080432173
299904,299917,300755,13,838,8,6000,1.01551312649
299914,299923,300768,9,845,8,6000,1.01065088757
299915,299928,300786,13,858,8,6000,1.01515151515
299925,299934,300768,9,834,8,6000,1.01079136691
299936,299942,300804,6,862,8,6000,1.00696055684
299938,299948,300069,10,121,2,3600,1.0826446281
299939,299953,300597,14,644,2,3600,1.02173913043
299940,300609,300788,669,179,2,3600,4.7374301676
299942,300746,301222,804,476,2,3600,2.68907563025
299946,299959,300801,13,842,8,6000,1.01543942993
299957,299966,300842,9,876,8,6000,1.0102739726
299968,299974,300816,6,842,8,6000,1.00712589074
299978,299985,300833,7,848,8,6000,1.00825471698
299989,299995,300915,6,920,8,6000,1.00652173913
299999,300006,300900,7,894,8,6000,1.00782997763
300010,300020,300869,10,849,8,6000,1.01177856302
300021,300027,300877,6,850,8,6000,1.00705882353
300031,300038,300915,7,877,8,6000,1.00798175599
300042,300516,301360,474,844,8,6000,1.56161137441
300057,300521,327512,464,26991,2,72000,1.01719091549
300234,300424,300429,190,5,8,86400,19.5
300235,300440,300442,205,2,8,86400,20.7
300235,300453,300454,218,1,8,86400,21.9
300235,300466,300467,231,1,8,86400,23.2
300236,300478,300479,242,1,8,86400,24.3
300236,300504,300505,268,1,8,86400,26.9
300236,300491,300493,255,2,8,86400,25.7
300420,300751,304338,331,3587,2,3600,1.09227766936
300519,300740,301574,221,834,8,6000,1.26498800959
300706,300733,300737,27,4,2,3600,3.1
300743,300758,301584,15,826,8,6000,1.0181598063
300754,300764,301613,10,849,8,6000,1.01177856302
300764,300770,301609,6,839,8,6000,1.00715137068
300775,300781,301607,6,826,8,6000,1.00726392252
300785,300791,301679,6,888,8,6000,1.00675675676
300787,300797,300874,10,77,12,3600,1.12987012987
300796,300803,301681,7,878,8,6000,1.00797266515
300806,300812,301653,6,841,8,6000,1.00713436385
300817,300823,301653,6,830,8,6000,1.00722891566
300827,300833,301677,6,844,8,6000,1.00710900474
300838,300844,301810,6,966,8,6000,1.00621118012
300849,300855,301685,6,830,8,6000,1.00722891566
300859,300865,301875,6,1010,8,6000,1.00594059406
300870,300876,301719,6,843,8,6000,1.00711743772
300880,300886,301746,6,860,8,6000,1.00697674419
300892,300898,301739,6,841,8,6000,1.00713436385
300902,300908,301727,6,819,8,6000,1.00732600733
300913,300919,301777,6,858,8,6000,1.00699300699
300923,300929,301779,6,850,8,6000,1.00705882353
300934,300940,301785,6,845,8,6000,1.00710059172
300944,300950,301784,6,834,8,6000,1.0071942446
300955,300985,301826,30,841,8,6000,1.03567181926
300986,301371,302202,385,831,8,6000,1.46329723225
301351,301358,301359,7,1,1,3600,1.0
301372,301585,302431,213,846,8,6000,1.25177304965
301492,301498,301499,6,1,1,3600,1.0
301510,301516,301517,6,1,1,3600,1.0
301586,301596,302544,10,948,8,6000,1.01054852321
301596,301618,302460,22,842,8,6000,1.02612826603
301617,301624,303119,7,1495,8,6000,1.00468227425
301628,301634,302508,6,874,8,6000,1.00686498856
301638,301664,302588,26,924,8,6000,1.02813852814
301669,301676,302524,7,848,8,6000,1.00825471698
301680,301688,302533,8,845,8,6000,1.00946745562
301691,301697,302569,6,872,8,6000,1.00688073394
301701,301707,302781,6,1074,8,6000,1.00558659218
301712,301718,302601,6,883,8,6000,1.00679501699
301722,301731,302609,9,878,8,6000,1.01025056948
301733,301739,302645,6,906,8,6000,1.00662251656
301744,301750,302617,6,867,8,6000,1.00692041522
301754,301760,302634,6,874,8,6000,1.00686498856
301765,301788,302829,23,1041,8,6000,1.02209414025
301785,301794,302657,9,863,8,6000,1.01042873696
301796,301802,302690,6,888,8,6000,1.00675675676
301807,301813,302669,6,856,8,6000,1.00700934579
301817,301823,302695,6,872,8,6000,1.00688073394
301828,301887,302864,59,977,8,6000,1.06038894575
301889,301895,302754,6,859,8,6000,1.00698486612
301899,301959,302940,60,981,8,6000,1.06116207951
301920,301954,302498,34,544,12,43200,1.0625
301934,301940,301942,6,2,1,3600,1.0
301941,301948,301949,7,1,1,3600,1.0
301961,302213,303170,252,957,8,6000,1.26332288401
302215,302442,303292,227,850,8,6000,1.26705882353
302312,303432,303860,1120,428,4,108000,3.61682242991
302326,303438,303954,1112,516,4,108000,3.15503875969
302337,303507,303978,1170,471,4,108000,3.48407643312
302439,302471,303323,32,852,8,6000,1.03755868545
302470,302509,303416,39,907,8,6000,1.04299889746
302492,302515,304351,23,1836,4,1800,1.01252723312
302512,302521,303369,9,848,8,6000,1.01061320755
302522,302535,303403,13,868,8,6000,1.01497695853
302533,302545,303414,12,869,8,6000,1.01380897583
302544,302556,303445,12,889,8,6000,1.01349831271
302557,302580,303489,23,909,8,6000,1.02530253025
302578,302599,303460,21,861,8,6000,1.0243902439
302603,302612,303482,9,870,8,6000,1.01034482759
302614,302620,303501,6,881,8,6000,1.00681044268
302618,302629,303498,11,869,8,6000,1.01265822785
302630,302645,303495,15,850,8,6000,1.01764705882
302650,302656,303516,6,860,8,6000,1.00697674419
302661,302669,303520,8,851,8,6000,1.00940070505
302671,302680,303563,9,883,8,6000,1.01019252548
302682,302701,303563,19,862,8,6000,1.02204176334
302703,302709,303564,6,855,8,6000,1.00701754386
302713,302765,303621,52,856,8,6000,1.06074766355
302764,302792,303641,28,849,8,6000,1.03297997644
302795,302841,303943,46,1102,8,6000,1.04174228675
302847,302875,303751,28,876,8,6000,1.03196347032
302877,302951,303818,74,867,8,6000,1.08535178777
302949,303131,304712,182,1581,8,6000,1.11511701455
303132,303181,304056,49,875,8,6000,1.056
303183,303303,304188,120,885,8,6000,1.13559322034
303306,303335,304295,29,960,8,6000,1.03020833333
303337,303381,304232,44,851,8,6000,1.05170387779
303378,303414,304275,36,861,8,6000,1.04181184669
303419,303426,304294,7,868,8,6000,1.00806451613
303430,303457,304318,27,861,8,6000,1.03135888502
303461,303472,304331,11,859,8,6000,1.01280558789
303471,303493,304656,22,1163,8,6000,1.01891659501
303492,303501,304500,9,999,8,6000,1.00900900901
303503,303514,304377,11,863,8,6000,1.01274623407
303513,303521,304555,8,1034,8,6000,1.00773694391
303524,303530,304673,6,1143,8,6000,1.00524934383
303534,303540,304583,6,1043,8,6000,1.00575263663
303545,303574,304588,29,1014,8,6000,1.02859960552
303576,303582,304614,6,1032,8,6000,1.00581395349
303587,303593,305010,6,1417,8,6000,1.00423429781
303597,303658,304731,61,1073,8,6000,1.0568499534
303599,303652,305682,53,2030,12,3600,1.02610837438
303658,303762,305023,104,1261,8,6000,1.0824742268
303760,303830,304782,70,952,8,6000,1.07352941176
303832,303954,304879,122,925,8,6000,1.13189189189
303954,303965,305085,11,1120,8,6000,1.00982142857
303965,304068,305073,103,1005,8,6000,1.10248756219
304067,304199,305097,132,898,8,6000,1.14699331849
304200,304206,306783,6,2577,5,14400,1.00232828871
304210,304243,306772,33,2529,5,14400,1.01304863582
304241,304250,306423,9,2173,5,14400,1.00414173953
304252,304287,306734,35,2447,5,14400,1.01430322844
304283,304306,306958,23,2652,5,14400,1.00867269985
304304,304312,306830,8,2518,5,14400,1.0031771247
304314,304321,306720,7,2399,5,14400,1.00291788245
304325,304331,306844,6,2513,5,14400,1.00238758456
304336,304342,307273,6,2931,5,14400,1.00204708291
304346,304352,307195,6,2843,5,14400,1.00211044671
304357,304363,306646,6,2283,5,14400,1.00262812089
304367,304374,306880,7,2506,5,14400,1.00279329609
304378,304388,306893,10,2505,5,14400,1.00399201597
304388,304512,307077,124,2565,5,14400,1.04834307992
304497,304503,305813,6,1310,1,3600,1.00458015267
304514,304520,307232,6,2712,5,14400,1.00221238938
304532,304566,307041,34,2475,5,14400,1.01373737374
304585,304599,307196,14,2597,5,14400,1.00539083558
304607,304613,307319,6,2706,5,14400,1.0022172949
304630,304636,307268,6,2632,5,14400,1.00227963526
304653,304659,307348,6,2689,5,14400,1.00223131276
304663,304669,307248,6,2579,5,14400,1.00232648313
304688,304694,307174,6,2480,5,14400,1.00241935484
304706,304712,307246,6,2534,5,14400,1.00236779795
304723,304729,307795,6,3066,5,14400,1.00195694716
304742,304748,307217,6,2469,5,14400,1.00243013366
304897,304903,307809,6,2906,5,14400,1.00206469374
304913,304920,307178,7,2258,5,14400,1.00310008857
304931,304937,307256,6,2319,5,14400,1.00258732212
304949,304955,307321,6,2366,5,14400,1.00253592561
304962,304968,307589,6,2621,5,14400,1.00228920259
304979,304985,307848,6,2863,5,14400,1.00209570381
305025,305032,307510,7,2478,5,14400,1.00282485876
305036,305042,307832,6,2790,5,14400,1.00215053763
305055,305061,307738,6,2677,5,14400,1.0022413149
305066,305084,308292,18,3208,5,14400,1.00561097257
305152,305158,307732,6,2574,5,14400,1.00233100233
305176,305182,308216,6,3034,5,14400,1.00197758734
305185,305191,307623,6,2432,4,3600,1.00246710526
305186,305197,308257,11,3060,5,14400,1.00359477124
305197,306435,308708,1238,2273,5,14400,1.54465464144
305516,305694,310340,178,4646,12,43200,1.0383125269
306436,306657,309029,221,2372,5,14400,1.0931703204
306660,306731,309310,71,2579,5,14400,1.02753005041
306732,306747,309436,15,2689,5,14400,1.00557828189
306742,306783,309762,41,2979,5,14400,1.01376300772
306783,306794,309329,11,2535,5,14400,1.00433925049
306794,306841,309518,47,2677,5,14400,1.01755696675
306845,306855,309325,10,2470,5,14400,1.004048583
306855,306891,309591,36,2700,5,14400,1.01333333333
306896,306905,309433,9,2528,5,14400,1.00356012658
306907,306970,309442,63,2472,5,14400,1.02548543689
306968,307053,310598,85,3545,5,14400,1.023977433
307050,307088,310165,38,3077,5,14400,1.01234969126
307091,307186,309551,95,2365,5,14400,1.04016913319
307119,307125,307987,6,862,2,259200,1.00696055684
307183,307192,309469,9,2277,5,14400,1.00395256917
307194,307207,309551,13,2344,5,14400,1.00554607509
307204,307213,309710,9,2497,5,14400,1.00360432519
307215,307228,309956,13,2728,5,14400,1.00476539589
307226,307243,310223,17,2980,5,14400,1.00570469799
307246,307259,309700,13,2441,5,14400,1.00532568619
307257,307265,309785,8,2520,5,14400,1.00317460317
307267,307275,309779,8,2504,5,14400,1.00319488818
307278,307284,310397,6,3113,5,14400,1.00192740122
307288,307294,309809,6,2515,5,14400,1.00238568588
307299,307331,310083,32,2752,5,14400,1.01162790698
307330,307337,309629,7,2292,5,14400,1.00305410122
307340,307359,310326,19,2967,5,14400,1.00640377486
307361,307522,310156,161,2634,5,14400,1.06112376614
307524,307600,310026,76,2426,5,14400,1.03132728772
307606,307634,310131,28,2497,5,14400,1.01121345615
307637,307750,310439,113,2689,5,14400,1.0420230569
307642,307743,309507,101,1764,4,108000,1.05725623583
307749,307844,311368,95,3524,5,14400,1.02695800227
307773,307806,308176,33,370,4,108000,1.08918918919
307813,307998,394415,185,86417,8,86400,1.00214078248
307814,309089,395506,1275,86417,8,86400,1.01475404145
307814,309040,395455,1226,86415,8,86400,1.01418735173
307814,308304,394725,490,86421,8,86400,1.00566991819
307815,309445,395878,1630,86433,8,86400,1.01885853783
307815,309454,395885,1639,86431,8,86400,1.01896310352
307815,309337,395755,1522,86418,8,86400,1.01761207156
307840,307860,310165,20,2305,5,14400,1.00867678959
307861,308269,310971,408,2702,5,14400,1.15099925981
308139,309459,309476,1320,17,4,108000,78.6470588235
308267,309487,311787,1220,2300,5,14400,1.53043478261
308602,309481,338120,879,28639,2,72000,1.03069241244
308615,309536,568753,921,259217,2,259200,1.00355300771
309487,309493,311752,6,2259,5,14400,1.0026560425
309498,309530,312006,32,2476,5,14400,1.01292407108
309528,309562,312218,34,2656,5,14400,1.01280120482
309559,309569,311926,10,2357,5,14400,1.00424268137
309570,309602,312071,32,2469,5,14400,1.01296071284
309601,309641,312237,40,2596,5,14400,1.01540832049
309619,309711,352680,92,42969,2,72000,1.00214107845
309642,309716,311996,74,2280,5,14400,1.03245614035
309713,309722,312799,9,3077,5,14400,1.00292492688
309724,309774,312656,50,2882,5,14400,1.01734906315
309775,309790,312634,15,2844,5,14400,1.0052742616
309796,309802,312590,6,2788,5,14400,1.00215208034
309807,309821,312090,14,2269,5,14400,1.006170119
309817,309969,312799,152,2830,5,14400,1.05371024735
309970,310037,312462,67,2425,5,14400,1.02762886598
310042,310095,312419,53,2324,5,14400,1.02280550775
310093,310142,312460,49,2318,5,14400,1.02113891286
310144,310168,312483,24,2315,5,14400,1.01036717063
310165,310176,312798,11,2622,5,14400,1.00419527079
310175,310182,312797,7,2615,5,14400,1.00267686424
310186,310235,312453,49,2218,5,14400,1.02209197475
310237,310338,313024,101,2686,5,14400,1.03760238273
310339,310352,312872,13,2520,5,14400,1.00515873016
310350,310358,312881,8,2523,5,14400,1.00317082838
310360,310408,312908,48,2500,5,14400,1.0192
310411,310450,312877,39,2427,5,14400,1.01606922126
310452,310609,312969,157,2360,5,14400,1.06652542373
310605,310983,313780,378,2797,5,14400,1.135144798
310982,311380,314385,398,3005,5,14400,1.13244592346
311248,312895,313131,1647,236,1,36000,7.97881355932
311269,311404,311929,135,525,2,7200,1.25714285714
311378,311770,314416,392,2646,5,14400,1.14814814815
311402,311765,313312,363,1547,4,108000,1.23464770524
311634,312901,402934,1267,90033,1,90000,1.01407261782
311774,311798,314226,24,2428,5,14400,1.00988467875
311795,311939,314299,144,2360,5,14400,1.06101694915
311937,312008,315178,71,3170,5,14400,1.02239747634
312009,312017,314699,8,2682,5,14400,1.00298284862
312020,312082,314392,62,2310,5,14400,1.02683982684
312081,312101,314487,20,2386,5,14400,1.00838222967
312101,312230,348098,129,35868,4,108000,1.00359652058
312102,312248,314560,146,2312,5,14400,1.06314878893
312143,312466,312618,323,152,4,108000,3.125
312244,312431,314942,187,2511,5,14400,1.07447232178
312427,312472,315203,45,2731,5,14400,1.01647748078
312468,312479,314869,11,2390,5,14400,1.00460251046
312479,312495,315010,16,2515,5,14400,1.00636182903
312500,312601,315539,101,2938,5,14400,1.0343771273
312601,312629,315291,28,2662,5,14400,1.01051840721
312632,312645,314784,13,2139,5,14400,1.00607760636
312643,312667,315583,24,2916,5,14400,1.00823045267
312797,312809,315117,12,2308,5,14400,1.00519930676
312808,312816,313679,8,863,8,6000,1.00926998841
312819,312825,313734,6,909,8,6000,1.00660066007
312830,312888,313716,58,828,8,6000,1.07004830918
312891,312919,313767,28,848,8,6000,1.03301886792
312922,312980,313959,58,979,8,6000,1.05924412666
312983,313323,314227,340,904,8,6000,1.37610619469
313328,313690,314739,362,1049,8,6000,1.34509056244
313473,315550,371436,2077,55886,4,108000,1.03716494292
313694,313727,314564,33,837,8,6000,1.0394265233
313725,313747,314700,22,953,8,6000,1.02308499475
313745,313778,314614,33,836,8,6000,1.03947368421
313776,313792,314752,16,960,8,6000,1.01666666667
313797,314238,315063,441,825,8,6000,1.53454545455
313828,321259,444295,7431,123036,1,123000,1.06039695699
313948,318028,361327,4080,43299,2,72000,1.09422850412
313952,313971,316678,19,2707,2,3600,1.00701884004
313954,317863,322338,3909,4475,4,104400,1.87351955307
313998,321097,393109,7099,72012,1,72000,1.09858079209
314063,321215,393238,7152,72023,1,72000,1.09930161199
314233,314244,315177,11,933,8,6000,1.01178992497
314244,314311,315269,67,958,8,6000,1.06993736952
314270,318007,325220,3737,7213,4,7200,1.51809233329
314315,314403,315533,88,1130,8,6000,1.07787610619
314407,314498,315346,91,848,8,6000,1.10731132075
314492,318012,323308,3520,5296,4,21600,1.66465256798
314499,314572,315399,73,827,8,6000,1.08827085852
314570,314578,315403,8,825,8,6000,1.0096969697
314581,314625,315494,44,869,8,6000,1.05063291139
314609,318017,339633,3408,21616,4,21600,1.15766099186
314622,314712,315532,90,820,8,6000,1.10975609756
314713,314751,315591,38,840,8,6000,1.04523809524
314754,314763,315591,9,828,8,6000,1.01086956522
314765,314795,315647,30,852,8,6000,1.03521126761
314796,314880,315725,84,845,8,6000,1.09940828402
314877,315022,315869,145,847,8,6000,1.17119244392
314940,318022,339668,3082,21646,4,21600,1.14238196434
315022,315074,315920,52,846,8,6000,1.06146572104
315074,315189,316131,115,942,8,6000,1.12208067941
315078,321225,326152,6147,4927,1,36000,2.24761518165
315186,315196,316031,10,835,8,6000,1.0119760479
315197,315214,316176,17,962,8,6000,1.01767151767
315218,315281,316108,63,827,8,6000,1.0761789601
315280,315358,316273,78,915,8,6000,1.08524590164
315361,315412,316497,51,1085,8,6000,1.04700460829
315412,315418,316236,6,818,8,6000,1.00733496333
315423,315505,316348,82,843,8,6000,1.09727164887
315505,315543,316602,38,1059,8,6000,1.0358829084
315546,315557,316431,11,874,8,6000,1.01258581236
315556,315595,316459,39,864,8,6000,1.04513888889
315597,315604,316451,7,847,8,6000,1.00826446281
315608,315614,316446,6,832,8,6000,1.00721153846
315618,315658,316530,40,872,8,6000,1.04587155963
315660,315736,316808,76,1072,8,6000,1.07089552239
315741,315881,316712,140,831,8,6000,1.16847172082
315884,315931,316777,47,846,8,6000,1.05555555556
315935,316044,316872,109,828,8,6000,1.13164251208
316047,316120,316979,73,859,8,6000,1.08498253783
316119,316143,317132,24,989,8,6000,1.0242669363
316139,316248,317190,109,942,8,6000,1.11571125265
316176,316541,317990,365,1449,32,86400,1.25189786059
316237,318043,358567,1806,40524,2,72000,1.044566183
316251,316443,317302,192,859,8,6000,1.22351571595
316445,316457,317308,12,851,8,6000,1.01410105758
316456,316464,317314,8,850,8,6000,1.00941176471
316466,316508,317360,42,852,8,6000,1.04929577465
316507,316547,317489,40,942,8,6000,1.04246284501
316549,316613,317581,64,968,8,6000,1.06611570248
316610,316724,317576,114,852,8,6000,1.1338028169
316722,316788,317625,66,837,8,6000,1.07885304659
316793,316819,317723,26,904,8,6000,1.02876106195
316824,316883,317755,59,872,8,6000,1.06766055046
316885,316990,317852,105,862,8,6000,1.12180974478
316967,321220,359931,4253,38711,2,72000,1.10986541293
316987,317143,318079,156,936,8,6000,1.16666666667
317140,317202,318129,62,927,8,6000,1.0668824164
317201,317314,318167,113,853,8,6000,1.13247362251
317313,317321,318156,8,835,8,6000,1.00958083832
317323,317330,318323,7,993,8,6000,1.00704934542
317334,317371,318217,37,846,8,6000,1.04373522459
317375,317500,318365,125,865,8,6000,1.14450867052
317440,321231,362609,3791,41378,2,72000,1.09161873459
317497,317587,318430,90,843,8,6000,1.10676156584
317588,317594,318459,6,865,8,6000,1.00693641618
317599,317605,318461,6,856,8,6000,1.00700934579
317609,317637,318533,28,896,8,6000,1.03125
317626,318033,330379,407,12346,4,108000,1.03296614288
317640,317734,318857,94,1123,8,6000,1.08370436331
317647,318038,338930,391,20892,4,108000,1.01871529772
317732,317766,318625,34,859,8,6000,1.03958090803
317763,318001,318860,238,859,8,6000,1.27706635623
317804,321209,324844,3405,3635,4,108000,1.93672627235
318007,318091,318937,84,846,8,6000,1.09929078014
318088,318140,319039,52,899,8,6000,1.05784204672
318141,318168,319019,27,851,8,6000,1.03172737955
318172,318178,319027,6,849,8,6000,1.00706713781
318182,318228,319222,46,994,8,6000,1.046277666
318233,318334,319202,101,868,8,6000,1.116359447
318336,318377,319232,41,855,8,6000,1.04795321637
318377,318441,319474,64,1033,8,6000,1.06195546951
318409,321237,331688,2828,10451,2,72000,1.2705961152
318438,318470,319322,32,852,8,6000,1.03755868545
318469,318477,319356,8,879,8,6000,1.00910125142
318479,318545,319406,66,861,8,6000,1.07665505226
318541,318637,319497,96,860,8,6000,1.11162790698
318632,318868,319706,236,838,8,6000,1.28162291169
318847,321543,321755,2696,212,1,36000,13.7169811321
318867,318875,319728,8,853,8,6000,1.00937866354
318877,318948,319808,71,860,8,6000,1.08255813953
318949,319030,319995,81,965,8,6000,1.08393782383
319030,319039,319917,9,878,8,6000,1.01025056948
319041,319052,319998,11,946,8,6000,1.01162790698
319052,319214,320064,162,850,8,6000,1.19058823529
319179,319333,394204,154,74871,4,172800,1.00205687115
319214,319233,320107,19,874,8,6000,1.02173913043
319235,319243,320098,8,855,8,6000,1.00935672515
319246,319339,320190,93,851,8,6000,1.10928319624
319337,319367,320221,30,854,8,6000,1.03512880562
319369,319419,320320,50,901,8,6000,1.05549389567
319420,319485,320339,65,854,8,6000,1.07611241218
319481,319508,320373,27,865,8,6000,1.03121387283
319512,319718,320840,206,1122,8,6000,1.18360071301
319715,319740,320626,25,886,8,6000,1.02821670429
319736,319819,320666,83,847,8,6000,1.09799291617
319818,319928,321185,110,1257,8,6000,1.08750994431
319930,320007,320868,77,861,8,6000,1.08943089431
320012,320018,320889,6,871,8,6000,1.00688863375
320022,320075,320950,53,875,8,6000,1.06057142857
320075,320110,320975,35,865,8,6000,1.04046242775
320106,320118,321324,12,1206,8,6000,1.00995024876
320116,320201,321085,85,884,8,6000,1.09615384615
320198,320232,321485,34,1253,8,6000,1.0271348763
320229,320332,321197,103,865,8,6000,1.11907514451
320331,320350,321217,19,867,8,6000,1.02191464821
320352,320384,321248,32,864,8,6000,1.03703703704
320382,320637,321526,255,889,8,6000,1.28683914511
320637,320677,321535,40,858,8,6000,1.04662004662
320678,320851,321708,173,857,8,6000,1.20186697783
320851,320879,321748,28,869,8,6000,1.03222094361
320882,320901,321759,19,858,8,6000,1.02214452214
320903,320961,321832,58,871,8,6000,1.06659012629
320921,321265,342615,344,21350,2,72000,1.01611241218
320965,320987,323497,22,2510,5,14400,1.00876494024
320985,321102,323567,117,2465,5,14400,1.04746450304
321097,321108,324058,11,2950,5,14400,1.00372881356
321108,321197,323637,89,2440,5,14400,1.03647540984
321200,321242,323801,42,2559,5,14400,1.0164126612
321241,321270,323844,29,2574,5,14400,1.01126651127
321272,321335,323746,63,2411,5,14400,1.02613023642
321333,321342,323663,9,2321,5,14400,1.00387763895
321344,321497,323689,153,2192,5,14400,1.06979927007
321497,321503,324076,6,2573,5,14400,1.00233190828
321507,321537,323771,30,2234,5,14400,1.01342882722
321538,321549,325029,11,3480,5,14400,1.00316091954
321549,321719,324121,170,2402,5,14400,1.0707743547
321722,321728,324289,6,2561,5,14400,1.00234283483
321732,321760,324459,28,2699,5,14400,1.01037421267
321763,321769,324333,6,2564,5,14400,1.0023400936
321773,321780,324353,7,2573,5,14400,1.00272055966
321784,321844,324506,60,2662,5,14400,1.02253944403
321788,322351,347353,563,25002,2,72000,1.02251819854
321845,321852,324585,7,2733,5,14400,1.00256128796
321856,322694,325303,838,2609,5,14400,1.32119586048
322312,322357,359863,45,37506,2,72000,1.00119980803
322699,323508,326200,809,2692,5,14400,1.30052005944
322996,323003,358748,7,35745,2,72000,1.00019583158
323234,323319,336844,85,13525,4,108000,1.00628465804
323511,323578,326324,67,2746,5,14400,1.024399126
323582,323648,326315,66,2667,5,14400,1.02474690664
323644,323674,326351,30,2677,5,14400,1.01120657452
323675,323701,326093,26,2392,5,14400,1.01086956522
323705,323757,326948,52,3191,5,14400,1.01629583203
323756,323783,326151,27,2368,5,14400,1.01140202703
323787,323812,326176,25,2364,5,14400,1.01057529611
323808,323856,326193,48,2337,5,14400,1.02053915276
323859,324069,326709,210,2640,5,14400,1.07954545455
324074,324087,326694,13,2607,5,14400,1.00498657461
324084,324133,326481,49,2348,5,14400,1.02086882453
324135,324300,326961,165,2661,5,14400,1.06200676437
324298,324346,326930,48,2584,5,14400,1.01857585139
324349,324364,326779,15,2415,5,14400,1.00621118012
324360,324422,327179,62,2757,5,14400,1.02248821182
324421,324459,326772,38,2313,5,14400,1.01642888024
324463,324469,326893,6,2424,5,14400,1.00247524752
324473,324479,326695,6,2216,5,14400,1.00270758123
324484,324517,326978,33,2461,5,14400,1.01340918326
324514,324597,327042,83,2445,5,14400,1.03394683027
324596,324855,327146,259,2291,5,14400,1.1130510694
324860,325040,327312,180,2272,5,14400,1.07922535211
325043,325231,327548,188,2317,5,14400,1.0811394044
325237,325314,328093,77,2779,5,14400,1.02770780856
325318,326105,328588,787,2483,5,14400,1.31695529601
325639,325858,327382,219,1524,4,21600,1.1437007874
326100,326164,328766,64,2602,5,14400,1.02459646426
326161,326187,328657,26,2470,5,14400,1.01052631579
326192,326204,328640,12,2436,5,14400,1.00492610837
326202,326211,328576,9,2365,5,14400,1.00380549683
326213,326326,329100,113,2774,5,14400,1.04073540014
326325,326335,328605,10,2270,5,14400,1.00440528634
326336,326363,328605,27,2242,5,14400,1.01204281891
326366,326492,328815,126,2323,5,14400,1.05424020663
326489,326706,329442,217,2736,5,14400,1.0793128655
326702,326712,329163,10,2451,5,14400,1.00407996736
326713,326722,329624,9,2902,5,14400,1.00310130944
326723,326785,329713,62,2928,5,14400,1.02117486339
326785,326790,329261,5,2471,5,14400,1.00202347228
326795,326905,329599,110,2694,5,14400,1.04083147736
326907,326942,330307,35,3365,5,14400,1.01040118871
326938,326959,329278,21,2319,5,14400,1.00905562743
326959,326972,329300,13,2328,5,14400,1.00558419244
326970,326989,329355,19,2366,5,14400,1.00803043111
326991,327054,329773,63,2719,5,14400,1.02317028319
327052,327157,329595,105,2438,5,14400,1.0430680886
327154,327191,329528,37,2337,5,14400,1.01583226359
327195,327323,329958,128,2635,5,14400,1.04857685009
327327,327393,330104,66,2711,5,14400,1.02434526005
327399,327559,330260,160,2701,5,14400,1.05923731951
327561,328106,330391,545,2285,5,14400,1.23851203501
328110,328587,331242,477,2655,5,14400,1.17966101695
328587,328599,330851,12,2252,5,14400,1.0053285968
328598,328616,330839,18,2223,5,14400,1.00809716599
328618,328624,331090,6,2466,5,14400,1.00243309002
328629,328651,330976,22,2325,5,14400,1.00946236559
328649,328668,331062,19,2394,5,14400,1.00793650794
328670,328778,331203,108,2425,5,14400,1.04453608247
328764,328770,393658,6,64888,2,180000,1.00009246702
328782,328826,331749,44,2923,5,14400,1.01505302771
328823,329112,331329,289,2217,5,14400,1.13035633739
328946,329299,335442,353,6143,9,36000,1.05746377991
329108,329175,331997,67,2822,5,14400,1.02374202693
329180,329273,332080,93,2807,5,14400,1.03313145707
329272,329289,332243,17,2954,5,14400,1.0057549086
329292,329305,331851,13,2546,5,14400,1.0051060487
329303,329312,331600,9,2288,5,14400,1.00393356643
329314,329320,332112,6,2792,5,14400,1.00214899713
329324,329366,333721,42,4355,5,14400,1.00964408726
329365,329454,331715,89,2261,5,14400,1.03936311367
329457,329540,331933,83,2393,5,14400,1.03468449645
329539,329607,331892,68,2285,5,14400,1.02975929978
329610,329616,331918,6,2302,5,14400,1.00260642919
329621,329636,332180,15,2544,5,14400,1.00589622642
329641,329726,331985,85,2259,5,14400,1.0376272687
329723,329784,332315,61,2531,5,14400,1.02410114579
329784,329971,332509,187,2538,5,14400,1.07368006304
329967,330115,332450,148,2335,5,14400,1.06338329764
330120,330271,332861,151,2590,5,14400,1.0583011583
330273,330318,333513,45,3195,5,14400,1.01408450704
330314,330402,332729,88,2327,5,14400,1.03781693167
330406,330653,333350,247,2697,5,14400,1.09158324064
330650,330850,333580,200,2730,5,14400,1.07326007326
330854,330987,333615,133,2628,5,14400,1.05060882801
330986,331074,333762,88,2688,5,14400,1.03273809524
331078,331102,333472,24,2370,5,14400,1.01012658228
331099,331189,334098,90,2909,5,14400,1.03093846683
331191,331215,333948,24,2733,5,14400,1.00878155873
331212,331254,333560,42,2306,5,14400,1.01821335646
331253,331341,333735,88,2394,5,14400,1.03675856307
331345,331638,333999,293,2361,5,14400,1.12409995765
331504,331612,331614,108,2,4,86400,11.0
331507,331625,331627,118,2,4,14400,12.0
331640,331727,334399,87,2672,5,14400,1.03255988024
331732,331761,334366,29,2605,5,14400,1.01113243762
331763,331862,334197,99,2335,5,14400,1.04239828694
331865,331904,334462,39,2558,5,14400,1.01524628616
331906,331929,334853,23,2924,5,14400,1.00786593707
331927,331944,334538,17,2594,5,14400,1.0065535852
331948,331996,334258,48,2262,5,14400,1.02122015915
331999,332009,335039,10,3030,5,14400,1.00330033003
332009,332091,334338,82,2247,5,14400,1.03649310191
332062,332741,332743,679,2,2,3540,68.1
332093,332124,332970,31,846,8,6000,1.036643026
332124,332254,333096,130,842,8,6000,1.15439429929
332256,332461,333329,205,868,8,6000,1.23617511521
332460,332520,333373,60,853,8,6000,1.07033997655
332522,332872,333699,350,827,8,6000,1.42321644498
332868,332982,333801,114,819,8,6000,1.13919413919
332976,333711,518201,735,184490,18,288000,1.00398395577
332980,333108,334145,128,1037,8,6000,1.12343297975
333112,333362,334202,250,840,8,6000,1.29761904762
333357,333484,334442,127,958,8,6000,1.13256784969
333479,333525,334380,46,855,8,6000,1.05380116959
333521,333592,334434,71,842,8,6000,1.08432304038
333593,333732,334655,139,923,8,6000,1.15059588299
333736,333746,334571,10,825,8,6000,1.01212121212
333747,333813,334655,66,842,8,6000,1.0783847981
333808,333959,334791,151,832,8,6000,1.18149038462
333961,334010,334850,49,840,8,6000,1.05833333333
334012,334157,335040,145,883,8,6000,1.16421291053
334155,334208,335058,53,850,8,6000,1.06235294118
334206,334214,335057,8,843,8,6000,1.00948991696
334217,334349,335181,132,832,8,6000,1.15865384615
334349,334377,335240,28,863,8,6000,1.03244495944
334380,334392,335264,12,872,8,6000,1.01376146789
334391,334445,335285,54,840,8,6000,1.06428571429
334442,334453,335389,11,936,8,6000,1.01175213675
334453,334474,335345,21,871,8,6000,1.02411021814
334473,334549,335393,76,844,8,6000,1.09004739336
334545,334583,335512,38,929,8,6000,1.04090419806
334586,334666,335493,80,827,8,6000,1.09673518742
334668,334674,335512,6,838,8,6000,1.00715990453
334679,334862,335697,183,835,8,6000,1.21916167665
334791,335069,377508,278,42439,16,144000,1.00655057848
334862,335050,335974,188,924,8,6000,1.20346320346
335046,335057,335888,11,831,8,6000,1.01323706378
335056,335074,336020,18,946,8,6000,1.01902748414
335077,335193,336028,116,835,8,6000,1.13892215569
335189,335251,336210,62,959,8,6000,1.06465067779
335251,335275,336110,24,835,8,6000,1.02874251497
335272,335297,336142,25,845,8,6000,1.02958579882
335303,335356,336224,53,868,8,6000,1.06105990783
335354,335400,336243,46,843,8,6000,1.05456702254
335405,335411,336400,6,989,8,6000,1.00606673407
335415,335453,336297,38,844,8,6000,1.04502369668
335446,335504,336340,58,836,8,6000,1.06937799043
335507,335524,336354,17,830,8,6000,1.02048192771
335528,335534,336386,6,852,8,6000,1.00704225352
335539,335709,336569,170,860,8,6000,1.1976744186
335713,335899,336743,186,844,8,6000,1.22037914692
335897,335985,336827,88,842,8,6000,1.10451306413
335989,336031,336873,42,842,8,6000,1.04988123515
336030,336039,336931,9,892,8,6000,1.0100896861
336041,336121,336961,80,840,8,6000,1.09523809524
336123,336154,336999,31,845,8,6000,1.03668639053
336154,336221,337067,67,846,8,6000,1.07919621749
336226,336235,337076,9,841,8,6000,1.01070154578
336236,336254,337088,18,834,8,6000,1.02158273381
336257,336308,337151,51,843,8,6000,1.06049822064
336309,336351,337197,42,846,8,6000,1.04964539007
336350,336365,337255,15,890,8,6000,1.01685393258
336370,336397,337349,27,952,8,6000,1.02836134454
336401,336412,337340,11,928,8,6000,1.01185344828
336412,336580,337439,168,859,8,6000,1.19557625146
336585,336755,337598,170,843,8,6000,1.20166073547
336759,336839,337704,80,865,8,6000,1.09248554913
336841,336855,337709,14,854,8,6000,1.01639344262
336851,336884,337757,33,873,8,6000,1.03780068729
336882,336942,337817,60,875,8,6000,1.06857142857
336944,336972,337821,28,849,8,6000,1.03297997644
336975,337011,337848,36,837,8,6000,1.04301075269
337016,337078,338002,62,924,8,6000,1.0670995671
337078,337088,338011,10,923,8,6000,1.01083423619
337088,337099,338093,11,994,8,6000,1.01106639839
337099,337162,337998,63,836,8,6000,1.07535885167
337160,337209,338111,49,902,8,6000,1.05432372506
337211,337266,338118,55,852,8,6000,1.06455399061
337262,337352,338200,90,848,8,6000,1.10613207547
337294,337724,337725,430,1,1,54000,43.1
337354,337360,338406,6,1046,8,6000,1.00573613767
337365,337450,338327,85,877,8,6000,1.09692132269
337446,337609,338480,163,871,8,6000,1.18714121699
337609,337718,338568,109,850,8,6000,1.12823529412
337721,337730,338591,9,861,8,6000,1.01045296167
337732,337768,338630,36,862,8,6000,1.04176334107
337773,337829,338685,56,856,8,6000,1.06542056075
337835,337841,338710,6,869,8,6000,1.00690448792
337845,337860,338707,15,847,8,6000,1.01770956316
337856,338009,338856,153,847,8,6000,1.18063754427
338008,338016,338854,8,838,8,6000,1.00954653938
338019,338025,338915,6,890,8,6000,1.00674157303
338030,338105,338966,75,861,8,6000,1.08710801394
338101,338122,338977,21,855,8,6000,1.02456140351
338122,338130,338984,8,854,8,6000,1.0093676815
338132,338211,339732,79,1521,8,6000,1.05193951348
338214,338339,339202,125,863,8,6000,1.14484356895
338336,338417,339291,81,874,8,6000,1.09267734554
338417,338491,339357,74,866,8,6000,1.08545034642
338489,338579,339446,90,867,8,6000,1.10380622837
338582,338602,339494,20,892,8,6000,1.02242152466
338602,338641,339538,39,897,8,6000,1.04347826087
338643,338696,339550,53,854,8,6000,1.06206088993
338695,338718,339591,23,873,8,6000,1.02634593356
338715,338725,339613,10,888,8,6000,1.01126126126
338726,338865,339753,139,888,8,6000,1.15653153153
338868,338875,339725,7,850,8,6000,1.00823529412
338879,338926,339992,47,1066,8,6000,1.04409005629
338930,338941,339811,11,870,8,6000,1.01264367816
338941,338977,339847,36,870,8,6000,1.04137931034
338982,338988,339849,6,861,8,6000,1.00696864111
338993,338999,339865,6,866,8,6000,1.00692840647
339003,339213,340080,210,867,8,6000,1.24221453287
339217,339303,340163,86,860,8,6000,1.1
339299,339368,340475,69,1107,8,6000,1.06233062331
339370,339457,340357,87,900,8,6000,1.09666666667
339462,339506,340384,44,878,8,6000,1.05011389522
339503,339549,341180,46,1631,8,6000,1.0282035561
339555,339562,340421,7,859,8,6000,1.00814901048
339565,339602,340485,37,883,8,6000,1.04190260476
339606,339625,340553,19,928,8,6000,1.02047413793
339627,339679,340550,52,871,8,6000,1.05970149254
339678,339736,340852,58,1116,8,6000,1.05197132616
339739,339745,340616,6,871,8,6000,1.00688863375
339750,339764,342645,14,2881,5,14400,1.00485942381
339760,339823,342424,63,2601,5,14400,1.02422145329
339823,339829,342095,6,2266,5,14400,1.0026478376
339834,339858,342214,24,2356,5,14400,1.01018675722
339854,339864,342441,10,2577,5,14400,1.00388048118
339866,339872,342275,6,2403,5,14400,1.0024968789
339876,339882,342315,6,2433,5,14400,1.00246609125
339887,339893,342249,6,2356,5,14400,1.0025466893
339898,340003,342247,105,2244,5,14400,1.04679144385
339999,340091,343429,92,3338,5,14400,1.02756141402
340091,340097,342384,6,2287,5,14400,1.00262352427
340102,340175,342788,73,2613,5,14400,1.02793723689
340173,340368,342919,195,2551,5,14400,1.07644061152
340367,340374,342891,7,2517,5,14400,1.0027810886
340377,340396,343083,19,2687,5,14400,1.00707108299
340398,340405,343030,7,2625,5,14400,1.00266666667
340409,340432,342985,23,2553,5,14400,1.00900900901
340430,340486,343098,56,2612,5,14400,1.02143950995
340491,340497,343129,6,2632,5,14400,1.00227963526
340502,340508,343379,6,2871,5,14400,1.00208986416
340512,340561,343064,49,2503,5,14400,1.01957650819
340564,340570,342947,6,2377,5,14400,1.00252419016
340575,340581,343246,6,2665,5,14400,1.00225140713
340585,340591,343284,6,2693,5,14400,1.00222799851
340596,340628,343091,32,2463,5,14400,1.01299228583
340627,340864,343754,237,2890,5,14400,1.08200692042
340861,340872,343161,11,2289,5,14400,1.00480559196
340871,341192,343577,321,2385,5,14400,1.13459119497
341197,342107,344501,910,2394,5,14400,1.38011695906
342111,342225,344949,114,2724,5,14400,1.04185022026
342223,342258,344970,35,2712,5,14400,1.01290560472
342254,342265,344738,11,2473,5,14400,1.00444803882
342265,342287,345111,22,2824,5,14400,1.00779036827
342286,342326,344914,40,2588,5,14400,1.01545595054
342327,342395,344744,68,2349,5,14400,1.02894848872
342398,342436,345038,38,2602,5,14400,1.01460415065
342439,342452,344819,13,2367,5,14400,1.0054921842
342450,342627,345192,177,2565,5,14400,1.06900584795
342623,342656,344882,33,2226,5,14400,1.01482479784
342654,342799,345262,145,2463,5,14400,1.05887129517
342796,342903,345343,107,2440,5,14400,1.04385245902
342908,342931,345571,23,2640,5,14400,1.00871212121
342929,342958,345284,29,2326,5,14400,1.0124677558
342960,342996,345374,36,2378,5,14400,1.01513877208
343001,343042,345721,41,2679,5,14400,1.01530421799
343042,343075,345512,33,2437,5,14400,1.01354123923
343074,343095,345717,21,2622,5,14400,1.00800915332
343094,343102,345630,8,2528,5,14400,1.00316455696
343105,343111,345649,6,2538,5,14400,1.00236406619
343116,343140,345515,24,2375,5,14400,1.01010526316
343137,343173,345928,36,2755,5,14400,1.01306715064
343178,343257,345535,79,2278,5,14400,1.03467954346
343259,343296,345461,37,2165,5,14400,1.01709006928
343300,343392,345639,92,2247,5,14400,1.0409434802
343392,343441,345961,49,2520,5,14400,1.01944444444
343443,343588,346037,145,2449,5,14400,1.05920783993
343586,343766,347073,180,3307,5,14400,1.05442999698
343769,344512,346833,743,2321,5,14400,1.32012063766
344511,344535,347086,24,2551,5,14400,1.00940807526
344531,344750,347368,219,2618,5,14400,1.08365164248
344755,344761,347571,6,2810,5,14400,1.00213523132
344765,344830,347222,65,2392,5,14400,1.02717391304
344827,344894,347295,67,2401,5,14400,1.02790503957
344898,344925,347297,27,2372,5,14400,1.01138279933
344929,344960,347727,31,2767,5,14400,1.01120346946
344960,344981,347518,21,2537,5,14400,1.0082774931
344980,345050,347603,70,2553,5,14400,1.02741872307
345052,345123,347700,71,2577,5,14400,1.02755141638
345124,345204,347869,80,2665,5,14400,1.03001876173
345206,345273,347928,67,2655,5,14400,1.0252354049
345277,345297,347551,20,2254,5,14400,1.00887311446
345298,345355,348099,57,2744,5,14400,1.02077259475
345359,345387,347702,28,2315,5,14400,1.0120950324
345390,345472,347793,82,2321,5,14400,1.03532959931
345472,345523,348043,51,2520,5,14400,1.02023809524
345524,345530,347830,6,2300,5,14400,1.00260869565
345534,345546,347938,12,2392,5,14400,1.00501672241
345545,345582,347969,37,2387,5,14400,1.0155006284
345586,345642,348246,56,2604,5,14400,1.02150537634
345647,345653,347899,6,2246,5,14400,1.00267141585
345658,345664,348453,6,2789,5,14400,1.00215130871
345668,345728,348394,60,2666,5,14400,1.02250562641
345730,345736,348397,6,2661,5,14400,1.00225479143
345741,345940,348505,199,2565,5,14400,1.077582846
345945,345973,348242,28,2269,5,14400,1.01234023799
345976,346049,348892,73,2843,5,14400,1.02567710165
346047,346844,349307,797,2463,5,14400,1.32358911896
346849,347085,349306,236,2221,5,14400,1.10625844214
347083,347097,349356,14,2259,5,14400,1.00619743249
347094,347233,349538,139,2305,5,14400,1.06030368764
347236,347306,349832,70,2526,5,14400,1.02771179731
347308,347314,350109,6,2795,5,14400,1.00214669052
347319,347380,349631,61,2251,5,14400,1.02709906708
347380,347529,350109,149,2580,5,14400,1.05775193798
347533,347563,350023,30,2460,5,14400,1.01219512195
347563,347583,350029,20,2446,5,14400,1.00817661488
347584,347614,350193,30,2579,5,14400,1.01163241566
347615,347712,350185,97,2473,5,14400,1.03922361504
347717,347723,350120,6,2397,5,14400,1.00250312891
347727,347739,350291,12,2552,5,14400,1.00470219436
347738,347804,350879,66,3075,5,14400,1.02146341463
347809,347841,350393,32,2552,5,14400,1.01253918495
347840,347881,350572,41,2691,5,14400,1.01523597176
347881,347910,350245,29,2335,5,14400,1.01241970021
347912,347939,350900,27,2961,5,14400,1.00911854103
347943,347949,350584,6,2635,5,14400,1.00227703985
347953,347980,350358,27,2378,5,14400,1.01135407906
347984,348054,350346,70,2292,5,14400,1.03054101222
348056,348110,350494,54,2384,5,14400,1.02265100671
348107,348116,350821,9,2705,5,14400,1.0033271719
348118,348255,350792,137,2537,5,14400,1.05400078833
348251,348261,350600,10,2339,5,14400,1.00427533134
348261,348405,351025,144,2620,5,14400,1.05496183206
348404,348413,351190,9,2777,5,14400,1.00324090745
348414,348466,351021,52,2555,5,14400,1.02035225049
348465,348516,350738,51,2222,5,14400,1.02295229523
348517,348903,351690,386,2787,5,14400,1.1385001794
348903,349317,351473,414,2156,5,14400,1.19202226345
349321,349367,349392,46,25,8,6000,2.84
349372,349403,349426,31,23,8,6000,2.34782608696
349403,349437,349461,34,24,8,6000,2.41666666667
349434,349473,349499,39,26,8,6000,2.5
349475,349510,349533,35,23,8,6000,2.52173913043
349506,349544,349568,38,24,8,6000,2.58333333333
349547,349553,349585,6,32,8,6000,1.1875
349558,349580,349603,22,23,8,6000,1.95652173913
349579,349597,349625,18,28,8,6000,1.64285714286
349599,349615,349656,16,41,8,6000,1.39024390244
349610,349637,349673,27,36,8,6000,1.75
349641,349668,349699,27,31,8,6000,1.87096774194
349671,349685,349705,14,20,8,6000,1.7
349682,349710,349733,28,23,8,6000,2.21739130435
349713,349719,349746,6,27,8,6000,1.22222222222
349724,349745,349770,21,25,8,6000,1.84
349744,349757,349786,13,29,8,6000,1.44827586207
349755,349781,349806,26,25,8,6000,2.04
349786,349797,349828,11,31,8,6000,1.35483870968
349796,349817,349849,21,32,8,6000,1.65625
349817,349839,349875,22,36,8,6000,1.61111111111
349838,349845,349875,7,30,8,6000,1.23333333333
349848,349862,349899,14,37,8,6000,1.37837837838
349859,349886,349912,27,26,8,6000,2.03846153846
349890,349896,349923,6,27,8,6000,1.22222222222
349900,349910,349939,10,29,8,6000,1.34482758621
349911,349925,349966,14,41,8,6000,1.34146341463
349922,349935,349955,13,20,8,6000,1.65
349932,349950,349983,18,33,8,6000,1.54545454545
349953,349967,350003,14,36,8,6000,1.38888888889
349963,349978,350020,15,42,8,6000,1.35714285714
349974,349994,350026,20,32,8,6000,1.625
349995,350014,350040,19,26,8,6000,1.73076923077
350016,350031,350062,15,31,8,6000,1.48387096774
350036,350043,350083,7,40,8,6000,1.175
350047,350053,350085,6,32,8,6000,1.1875
350058,350064,350100,6,36,8,6000,1.16666666667
350068,350074,350117,6,43,8,6000,1.13953488372
350079,350095,350134,16,39,8,6000,1.41025641026
350099,350105,350143,6,38,8,6000,1.15789473684
350110,350116,350142,6,26,8,6000,1.23076923077
350120,350127,350155,7,28,8,6000,1.25
350131,350137,350166,6,29,8,6000,1.20689655172
350141,350148,350178,7,30,8,6000,1.23333333333
350152,350158,350195,6,37,8,6000,1.16216216216
350162,350169,350195,7,26,8,6000,1.26923076923
350173,350179,350212,6,33,8,6000,1.18181818182
350184,350189,350218,5,29,8,6000,1.1724137931
350194,350200,350224,6,24,8,6000,1.25
350205,350211,350245,6,34,8,6000,1.17647058824
350215,350221,350255,6,34,8,6000,1.17647058824
350226,350232,350269,6,37,8,6000,1.16216216216
350236,350242,350285,6,43,8,6000,1.13953488372
350247,350254,350295,7,41,8,6000,1.17073170732
350257,350263,350311,6,48,8,6000,1.125
350268,350274,350321,6,47,8,6000,1.12765957447
350278,350284,350343,6,59,8,6000,1.10169491525
350289,350295,350339,6,44,8,6000,1.13636363636
350299,350306,350343,7,37,8,6000,1.18918918919
350310,350316,350362,6,46,8,6000,1.13043478261
350320,350327,350362,7,35,8,6000,1.2
350331,350337,350370,6,33,8,6000,1.18181818182
350341,350348,350388,7,40,8,6000,1.175
350352,350358,350394,6,36,8,6000,1.16666666667
350363,350369,350406,6,37,8,6000,1.16216216216
350373,350379,350407,6,28,8,6000,1.21428571429
350384,350390,350419,6,29,8,6000,1.20689655172
350394,350400,350433,6,33,8,6000,1.18181818182
350405,350411,350446,6,35,8,6000,1.17142857143
350415,350421,350480,6,59,8,6000,1.10169491525
350426,350432,350467,6,35,8,6000,1.17142857143
350436,350442,350481,6,39,8,6000,1.15384615385
350447,350453,350491,6,38,8,6000,1.15789473684
350457,350463,350516,6,53,8,6000,1.11320754717
350468,350474,350511,6,37,8,6000,1.16216216216
350478,350484,350534,6,50,8,6000,1.12
350489,350495,350544,6,49,8,6000,1.12244897959
350499,350505,350540,6,35,8,6000,1.17142857143
350510,350516,350553,6,37,8,6000,1.16216216216
350521,350527,350571,6,44,8,6000,1.13636363636
350531,350538,350573,7,35,8,6000,1.2
350542,350548,350588,6,40,8,6000,1.15
350552,350559,350595,7,36,8,6000,1.19444444444
350563,350569,350609,6,40,8,6000,1.15
350573,350580,350630,7,50,8,6000,1.14
350584,350590,350627,6,37,8,6000,1.16216216216
350594,350601,350644,7,43,8,6000,1.16279069767
350605,350611,350645,6,34,8,6000,1.17647058824
350616,350622,350675,6,53,8,6000,1.11320754717
350626,350632,350695,6,63,8,6000,1.09523809524
350637,350643,350679,6,36,8,6000,1.16666666667
350647,350653,350689,6,36,8,6000,1.16666666667
350647,350658,350703,11,45,8,6000,1.24444444444
350658,350664,350706,6,42,8,6000,1.14285714286
350668,350675,350721,7,46,8,6000,1.15217391304
350679,350685,350738,6,53,8,6000,1.11320754717
350690,350696,350734,6,38,8,6000,1.15789473684
350700,350706,350752,6,46,8,6000,1.13043478261
350711,350717,350763,6,46,8,6000,1.13043478261
350721,350727,350772,6,45,8,6000,1.13333333333
350732,350738,350797,6,59,8,6000,1.10169491525
350742,350748,350793,6,45,8,6000,1.13333333333
350743,350753,350792,10,39,8,6000,1.25641025641
350753,350759,350806,6,47,8,6000,1.12765957447
350764,350770,350816,6,46,8,6000,1.13043478261
350774,350780,350835,6,55,8,6000,1.10909090909
350785,350791,350835,6,44,8,6000,1.13636363636
350795,350801,350858,6,57,8,6000,1.10526315789
350806,350812,350857,6,45,8,6000,1.13333333333
350816,350822,350860,6,38,8,6000,1.15789473684
350817,350827,350870,10,43,8,6000,1.23255813953
350827,350833,350882,6,49,8,6000,1.12244897959
350838,350844,350883,6,39,8,6000,1.15384615385
350838,350849,350895,11,46,8,6000,1.23913043478
350848,350855,350914,7,59,8,6000,1.1186440678
350859,350865,350905,6,40,8,6000,1.15
350869,350876,350920,7,44,8,6000,1.15909090909
350880,350886,350927,6,41,8,6000,1.14634146341
350891,350897,350902,6,5,5,14400,1.1
350891,350902,350907,11,5,5,14400,1.6
350902,350908,350913,6,5,5,14400,1.1
350902,350914,350919,12,5,5,14400,1.7
350913,350926,350930,13,4,5,14400,1.7
350913,350920,350925,7,5,5,14400,1.2
350924,350933,350937,9,4,5,14400,1.3
350924,350938,350943,14,5,5,14400,1.9
350934,350945,350950,11,5,5,14400,1.6
350935,350950,350955,15,5,5,14400,2.0
350945,350956,350961,11,5,5,14400,1.6
350946,350962,350966,16,4,5,14400,2.0
350956,350968,350973,12,5,5,14400,1.7
350967,350975,350980,8,5,5,14400,1.3
350967,350981,350985,14,4,5,14400,1.8
350977,350987,350992,10,5,5,14400,1.5
350978,350993,350997,15,4,5,14400,1.9
350988,350999,351005,11,6,5,14400,1.7
350989,351005,351009,16,4,5,14400,2.0
350999,351012,351016,13,4,5,14400,1.7
351010,351018,351023,8,5,5,14400,1.3
351010,351024,351028,14,4,5,14400,1.8
351021,351030,351035,9,5,5,14400,1.4
351021,351036,351040,15,4,5,14400,1.9
351032,351043,351047,11,4,5,14400,1.5
351032,351048,351053,16,5,5,14400,2.1
351043,351055,351059,12,4,5,14400,1.6
351043,351060,351065,17,5,5,14400,2.2
351054,351066,351071,12,5,5,14400,1.7
351064,351072,351077,8,5,5,14400,1.3
351065,351078,351082,13,4,5,14400,1.7
351075,351084,351089,9,5,5,14400,1.4
351076,351090,351094,14,4,5,14400,1.8
351086,351096,351101,10,5,5,14400,1.5
351087,351102,351106,15,4,5,14400,1.9
351098,351114,351118,16,4,5,14400,2.0
351098,351108,351113,10,5,5,14400,1.5
351109,351120,351125,11,5,5,14400,1.6
351109,351126,351130,17,4,5,14400,2.1
351120,351132,351137,12,5,5,14400,1.7
351130,351139,351144,9,5,5,14400,1.4
351131,351144,351149,13,5,5,14400,1.8
351141,351151,351156,10,5,5,14400,1.5
351142,351157,351161,15,4,5,14400,1.9
351152,351163,351168,11,5,5,14400,1.6
351152,351169,351173,17,4,5,14400,2.1
351163,351175,351180,12,5,5,14400,1.7
351174,351187,351192,13,5,5,14400,1.8
351174,351182,351187,8,5,5,14400,1.3
351184,351194,351199,10,5,5,14400,1.5
351185,351200,351204,15,4,5,14400,1.9
351195,351207,351211,12,4,5,14400,1.6
351196,351212,351216,16,4,5,14400,2.0
351206,351218,351222,12,4,5,14400,1.6
351217,351230,351235,13,5,5,14400,1.8
351217,351225,351230,8,5,5,14400,1.3
351228,351243,351247,15,4,5,14400,1.9
351228,351237,351242,9,5,5,14400,1.4
351238,351249,351254,11,5,5,14400,1.6
351239,351255,351259,16,4,5,14400,2.0
351249,351261,351266,12,5,5,14400,1.7
351260,351272,351277,12,5,5,14400,1.7
351260,351267,351272,7,5,5,14400,1.2
351271,351285,351289,14,4,5,14400,1.8
351271,351279,351284,8,5,5,14400,1.3
351282,351291,351296,9,5,5,14400,1.4
351282,351297,351301,15,4,5,14400,1.9
351292,351303,351308,11,5,5,14400,1.6
351293,351309,351313,16,4,5,14400,2.0
351303,351315,351319,12,4,5,14400,1.6
351314,351321,351326,7,5,5,14400,1.2
351315,351327,351331,12,4,5,14400,1.6
351325,351333,351338,8,5,5,14400,1.3
351325,351339,351343,14,4,5,14400,1.8
351336,351345,351350,9,5,5,14400,1.4
351336,351351,351355,15,4,5,14400,1.9
351347,351363,351367,16,4,5,14400,2.0
351347,351357,351362,10,5,5,14400,1.5
351358,351369,351374,11,5,5,14400,1.6
351358,351375,351379,17,4,5,14400,2.1
351369,351381,351386,12,5,5,14400,1.7
351379,351392,351397,13,5,5,14400,1.8
351379,351387,351392,8,5,5,14400,1.3
351390,351400,351404,10,4,5,14400,1.4
351390,351405,351410,15,5,5,14400,2.0
351401,351411,351416,10,5,5,14400,1.5
351401,351417,351421,16,4,5,14400,2.0
351412,351423,351428,11,5,5,14400,1.6
351412,351429,351433,17,4,5,14400,2.1
351423,351435,351440,12,5,5,14400,1.7
351433,351442,351447,9,5,5,14400,1.4
351433,351447,351453,14,6,5,14400,2.0
351444,351460,351464,16,4,5,14400,2.0
351444,351454,351458,10,4,5,14400,1.4
351455,351471,351476,16,5,5,14400,2.1
351455,351466,351471,11,5,5,14400,1.6
351466,351478,351483,12,5,5,14400,1.7
351476,351485,351490,9,5,5,14400,1.4
351477,351491,351495,14,4,5,14400,1.8
351487,351503,351507,16,4,5,14400,2.0
351487,351497,351502,10,5,5,14400,1.5
351498,351515,351519,17,4,5,14400,2.1
351498,351509,351514,11,5,5,14400,1.6
351509,351521,351526,12,5,5,14400,1.7
351519,351528,351533,9,5,5,14400,1.4
351520,351533,351538,13,5,5,14400,1.8
351530,351540,351545,10,5,5,14400,1.5
351531,351546,351551,15,5,5,14400,2.0
351542,351552,351557,10,5,5,14400,1.5
351542,351558,351563,16,5,5,14400,2.1
351553,351564,351569,11,5,5,14400,1.6
351563,351570,351575,7,5,5,14400,1.2
351563,351576,351580,13,4,5,14400,1.7
351574,351582,351587,8,5,5,14400,1.3
351574,351588,351592,14,4,5,14400,1.8
351585,351594,351599,9,5,5,14400,1.4
351585,351600,351604,15,4,5,14400,1.9
351596,351606,351611,10,5,5,14400,1.5
351607,351619,352446,12,827,8,6000,1.01451027811
351607,351613,352629,6,1016,8,6000,1.00590551181
351618,351625,352449,7,824,8,6000,1.00849514563
351618,351630,352462,12,832,8,6000,1.01442307692
351629,351637,352473,8,836,8,6000,1.00956937799
351629,351642,353106,13,1464,8,6000,1.00887978142
351640,351648,352612,8,964,8,6000,1.00829875519
351641,351653,352491,12,838,8,6000,1.01431980907
351651,351659,352607,8,948,8,6000,1.00843881857
351652,351664,352526,12,862,8,6000,1.01392111369
351662,351671,352735,9,1064,8,6000,1.00845864662
351673,351679,352513,6,834,8,6000,1.0071942446
351683,351690,352518,7,828,8,6000,1.00845410628
351694,351700,352530,6,830,8,6000,1.00722891566
351705,351711,352802,6,1091,8,6000,1.0054995417
351715,351721,352551,6,830,8,6000,1.00722891566
351726,351732,352596,6,864,8,6000,1.00694444444
351736,351742,352591,6,849,8,6000,1.00706713781
351747,351753,352595,6,842,8,6000,1.00712589074
351757,352457,353293,700,836,8,6000,1.83732057416
352459,352465,353306,6,841,8,6000,1.00713436385
352469,352475,353333,6,858,8,6000,1.00699300699
352480,352485,353319,5,834,8,6000,1.00599520384
352490,352502,353334,12,832,8,6000,1.01442307692
352501,352524,353457,23,933,8,6000,1.02465166131
352522,352531,353400,9,869,8,6000,1.01035673188
352532,352539,353411,7,872,8,6000,1.00802752294
352543,352549,353381,6,832,8,6000,1.00721153846
352554,352563,353397,9,834,8,6000,1.01079136691
352564,352602,353719,38,1117,8,6000,1.03401969561
352605,352611,353456,6,845,8,6000,1.00710059172
352616,352622,353455,6,833,8,6000,1.00720288115
352626,352632,353466,6,834,8,6000,1.0071942446
352637,352643,353496,6,853,8,6000,1.00703399766
352647,352653,353490,6,837,8,6000,1.00716845878
352658,352747,353578,89,831,8,6000,1.10709987966
352750,352813,353644,63,831,8,6000,1.07581227437
352811,353118,353975,307,857,8,6000,1.35822637106
353116,353304,354147,188,843,8,6000,1.22301304864
353310,353317,354178,7,861,8,6000,1.0081300813
353320,353331,354335,11,1004,8,6000,1.0109561753
353331,353344,354180,13,836,8,6000,1.01555023923
353341,353351,354440,10,1089,8,6000,1.00918273646
353352,353392,354283,40,891,8,6000,1.04489337823
353393,353408,354242,15,834,8,6000,1.01798561151
353413,353420,354265,7,845,8,6000,1.00828402367
353424,353430,354338,6,908,8,6000,1.00660792952
353434,353466,354385,32,919,8,6000,1.03482045702
353465,353474,354329,9,855,8,6000,1.01052631579
353476,353482,354532,6,1050,8,6000,1.00571428571
353486,353493,354347,7,854,8,6000,1.00819672131
353497,353503,354361,6,858,8,6000,1.00699300699
353507,353514,354361,7,847,8,6000,1.00826446281
353518,353590,354454,72,864,8,6000,1.08333333333
353590,353655,354509,65,854,8,6000,1.07611241218
353651,353731,354576,80,845,8,6000,1.09467455621
353733,353986,354829,253,843,8,6000,1.30011862396
353988,354158,354991,170,833,8,6000,1.20408163265
354078,354085,354087,7,2,2,3540,1.0
354161,354189,355034,28,845,8,6000,1.03313609467
354192,354198,355213,6,1015,8,6000,1.00591133005
354202,354253,355121,51,868,8,6000,1.05875576037
354253,354276,355118,23,842,8,6000,1.02731591449
354274,354295,355171,21,876,8,6000,1.02397260274
354295,354340,355197,45,857,8,6000,1.05250875146
354336,354347,355195,11,848,8,6000,1.01297169811
354346,354354,355296,8,942,8,6000,1.008492569
354357,354363,355249,6,886,8,6000,1.00677200903
354368,354374,355286,6,912,8,6000,1.00657894737
354378,354384,355229,6,845,8,6000,1.00710059172
354389,354396,355265,7,869,8,6000,1.0080552359
354399,354451,355390,52,939,8,6000,1.05537806177
354451,354465,355573,14,1108,8,6000,1.01263537906
354461,354520,355371,59,851,8,6000,1.06933019976
354523,354543,355399,20,856,8,6000,1.02336448598
354543,354589,355446,46,857,8,6000,1.0536756126
354584,354839,355711,255,872,8,6000,1.29243119266
354839,355002,355841,163,839,8,6000,1.19427890346
354875,354881,355045,6,164,1,3600,1.03658536585
355002,355045,355927,43,882,8,6000,1.04875283447
355043,355129,355993,86,864,8,6000,1.09953703704
355135,355141,356011,6,870,8,6000,1.00689655172
355145,355183,356044,38,861,8,6000,1.04413472706
355186,355207,356062,21,855,8,6000,1.02456140351
355207,355214,356056,7,842,8,6000,1.00831353919
355217,355224,356203,7,979,8,6000,1.00715015322
355219,355231,355568,12,337,1,3600,1.03560830861
355228,355240,356099,12,859,8,6000,1.01396973225
355238,355261,356175,23,914,8,6000,1.02516411379
355259,355277,356117,18,840,8,6000,1.02142857143
355280,355297,356183,17,886,8,6000,1.01918735892
355301,355307,356200,6,893,8,6000,1.00671892497
355311,355383,356275,72,892,8,6000,1.08071748879
355383,355401,356264,18,863,8,6000,1.02085747393
355404,355410,356273,6,863,8,6000,1.00695249131
355414,355457,356352,43,895,8,6000,1.04804469274
355455,355584,356440,129,856,8,6000,1.15070093458
355587,355723,356618,136,895,8,6000,1.15195530726
355720,355852,356734,132,882,8,6000,1.14965986395
355852,355939,356796,87,857,8,6000,1.10151691949
355914,355921,356739,7,818,1,3600,1.00855745721
355944,356004,356884,60,880,8,6000,1.06818181818
356006,356022,356901,16,879,8,6000,1.01820250284
356026,356055,356926,29,871,8,6000,1.03329506315
356057,356067,356934,10,867,8,6000,1.01153402537
356068,356074,356939,6,865,8,6000,1.00693641618
356079,356110,356958,31,848,8,6000,1.03655660377
356110,356128,356994,18,866,8,6000,1.0207852194
356130,356186,357072,56,886,8,6000,1.06320541761
356182,356194,357062,12,868,8,6000,1.01382488479
356192,356211,357130,19,919,8,6000,1.02067464635
356213,356219,357080,6,861,8,6000,1.00696864111
356224,356275,357146,51,871,8,6000,1.05855338691
356275,356284,357171,9,887,8,6000,1.01014656144
356286,356292,357239,6,947,8,6000,1.00633579725
356296,356363,357229,67,866,8,6000,1.07736720554
356368,356452,357315,84,863,8,6000,1.09733487833
356449,356629,357717,180,1088,8,6000,1.16544117647
356633,356745,357700,112,955,8,6000,1.11727748691
356745,356807,357685,62,878,8,6000,1.07061503417
356806,356895,357784,89,889,8,6000,1.10011248594
356898,356912,357811,14,899,8,6000,1.01557285873
356908,356920,359645,12,2725,5,14400,1.00440366972
356918,356937,359451,19,2514,5,14400,1.00755767701
356939,356945,359313,6,2368,5,14400,1.00253378378
356949,356956,359265,7,2309,5,14400,1.00303161542
356960,356966,360401,6,3435,5,14400,1.00174672489
356967,356973,356974,6,1,1,900,1.0
356971,356980,359332,9,2352,5,14400,1.00382653061
356981,356987,359491,6,2504,5,14400,1.00239616613
356992,357006,359454,14,2448,5,14400,1.00571895425
357002,357012,359297,10,2285,5,14400,1.00437636761
357013,357073,359605,60,2532,5,14400,1.02369668246
357074,357083,359331,9,2248,5,14400,1.00400355872
357085,357091,359536,6,2445,5,14400,1.00245398773
357095,357102,359437,7,2335,5,14400,1.00299785867
357106,357112,359597,6,2485,5,14400,1.00241448692
357106,357183,357186,77,3,12,43200,8.0
357117,357141,359717,24,2576,5,14400,1.00931677019
357138,357158,359723,20,2565,5,14400,1.00779727096
357159,357240,359759,81,2519,5,14400,1.03215561731
357172,357197,366042,25,8845,12,14400,1.00282645562
357240,357247,359946,7,2699,5,14400,1.00259355317
357251,357257,360016,6,2759,5,14400,1.00217470098
357262,357326,359819,64,2493,5,14400,1.02567188127
357323,357332,359920,9,2588,5,14400,1.00347758887
357334,357696,360039,362,2343,5,14400,1.15450277422
357700,357711,360312,11,2601,5,14400,1.00422914264
357710,357717,360234,7,2517,5,14400,1.0027810886
357721,357730,360007,9,2277,5,14400,1.00395256917
357731,357738,360585,7,2847,5,14400,1.00245872849
357742,357795,360109,53,2314,5,14400,1.02290406223
357793,357822,360305,29,2483,5,14400,1.01167942006
357824,357830,360203,6,2373,5,14400,1.00252844501
357835,358760,361328,925,2568,5,14400,1.36020249221
357985,358580,358694,595,114,1,3600,6.21929824561
358449,358585,358754,136,169,1,3600,1.80473372781
358761,359276,362157,515,2881,5,14400,1.17875737591
358873,359469,359793,596,324,1,3600,2.83950617284
358932,359475,359817,543,342,1,3600,2.58771929825
359279,359308,361928,29,2620,5,14400,1.01106870229
359310,359325,362190,15,2865,5,14400,1.00523560209
359331,359343,361947,12,2604,5,14400,1.00460829493
359341,359349,361800,8,2451,5,14400,1.00326397389
359352,359448,362042,96,2594,5,14400,1.03700848111
359444,359462,361795,18,2333,5,14400,1.00771538791
359464,359503,361834,39,2331,5,14400,1.01673101673
359505,359548,362155,43,2607,5,14400,1.01649405447
359546,359608,361965,62,2357,5,14400,1.02630462452
359608,359616,362073,8,2457,5,14400,1.00325600326
359618,359657,361894,39,2237,5,14400,1.01743406348
359659,359728,362090,69,2362,5,14400,1.02921253175
359731,359737,362249,6,2512,5,14400,1.00238853503
359741,359771,362613,30,2842,5,14400,1.01055594652
359772,359823,362438,51,2615,5,14400,1.01950286807
359824,359830,362572,6,2742,5,14400,1.00218818381
359834,359932,362465,98,2533,5,14400,1.03868930122
359936,359957,362356,21,2399,5,14400,1.00875364735
359957,360018,362437,61,2419,5,14400,1.02521703183
360018,360027,363110,9,3083,5,14400,1.00291923451
360029,360050,362304,21,2254,5,14400,1.00931677019
360050,360120,362335,70,2215,5,14400,1.0316027088
360122,360214,362507,92,2293,5,14400,1.04012211077
360152,361345,362171,1193,826,1,3600,2.44430992736
360214,360247,362898,33,2651,5,14400,1.01244813278
360234,361351,361966,1117,615,1,3600,2.8162601626
360245,360316,362860,71,2544,5,14400,1.02790880503
360316,360323,363279,7,2956,5,14400,1.00236806495
360327,360413,362934,86,2521,5,14400,1.03411344704
360419,360597,363342,178,2745,5,14400,1.06484517304
360602,361338,363998,736,2660,5,14400,1.27669172932
361343,361807,364887,464,3080,5,14400,1.15064935065
361811,361817,364179,6,2362,5,14400,1.00254022015
361821,361845,364304,24,2459,5,14400,1.00976006507
361842,361905,364176,63,2271,5,14400,1.02774108322
361904,361939,364737,35,2798,5,14400,1.01250893495
361945,361958,364543,13,2585,5,14400,1.00502901354
361955,361976,364566,21,2590,5,14400,1.00810810811
361976,361982,364614,6,2632,5,14400,1.00227963526
361986,362053,364652,67,2599,5,14400,1.02577914583
362058,362084,364792,26,2708,5,14400,1.00960118168
362089,362101,364327,12,2226,5,14400,1.00539083558
362099,362166,365254,67,3088,5,14400,1.02169689119
362140,362173,362287,33,114,1,1800,1.28947368421
362171,362181,364455,10,2274,5,14400,1.00439753738
362181,362201,364433,20,2232,5,14400,1.00896057348
362202,362260,364863,58,2603,5,14400,1.02228198233
362263,362315,364795,52,2480,5,14400,1.02096774194
362314,362346,364754,32,2408,5,14400,1.01328903654
362345,362367,364846,22,2479,5,14400,1.00887454619
362366,362449,365011,83,2562,5,14400,1.03239656518
362447,362455,364705,8,2250,5,14400,1.00355555556
362458,362476,365242,18,2766,5,14400,1.00650759219
362479,362519,365348,40,2829,5,14400,1.01413927183
362520,362588,365251,68,2663,5,14400,1.02553511078
362576,362582,362696,6,114,1,1800,1.05263157895
362591,362625,365152,34,2527,5,14400,1.01345468935
362622,362871,365126,249,2255,5,14400,1.11042128603
362876,362909,365647,33,2738,5,14400,1.01205259313
362907,362945,365435,38,2490,5,14400,1.01526104418
362948,363121,365401,173,2280,5,14400,1.07587719298
363121,363290,365591,169,2301,5,14400,1.07344632768
363294,363353,365614,59,2261,5,14400,1.02609464839
363328,363334,363889,6,555,1,1800,1.01081081081
363355,364009,366319,654,2310,5,14400,1.28311688312
363363,363899,364011,536,112,1,3600,5.78571428571
364006,364188,366827,182,2639,5,14400,1.06896551724
364175,364181,364498,6,317,1,3600,1.01892744479
364189,364195,366442,6,2247,5,14400,1.00267022697
364200,364315,367095,115,2780,5,14400,1.04136690647
364312,364339,366665,27,2326,5,14400,1.01160791058
364343,364445,366941,102,2496,5,14400,1.04086538462
364445,364466,367044,21,2578,5,14400,1.0081458495
364465,364555,367047,90,2492,5,14400,1.03611556982
364557,364577,367233,20,2656,5,14400,1.00753012048
364578,364625,367814,47,3189,5,14400,1.01473816243
364629,364663,367407,34,2744,5,14400,1.01239067055
364660,364716,367229,56,2513,5,14400,1.02228412256
364721,364748,367300,27,2552,5,14400,1.0105799373
364752,364765,367156,13,2391,5,14400,1.00543705563
364763,364803,367637,40,2834,5,14400,1.01411432604
364804,364810,367333,6,2523,5,14400,1.00237812128
364814,364857,367203,43,2346,5,14400,1.01832907076
364855,364874,367194,19,2320,5,14400,1.00818965517
364876,364898,367198,22,2300,5,14400,1.00956521739
364897,365022,367445,125,2423,5,14400,1.05158893933
364924,364930,365536,6,606,1,3600,1.0099009901
365019,365137,367667,118,2530,5,14400,1.04664031621
365141,365163,367444,22,2281,5,14400,1.00964489259
365162,365253,367761,91,2508,5,14400,1.03628389155
365254,365262,368051,8,2789,5,14400,1.00286841162
365264,365270,367854,6,2584,5,14400,1.00232198142
365275,365360,367719,85,2359,5,14400,1.03603221704
365356,365412,368321,56,2909,5,14400,1.01925060158
365418,365446,367769,28,2323,5,14400,1.01205337925
365448,365602,366426,154,824,8,6000,1.18689320388
365501,365507,365557,6,50,1,1800,1.12
365601,365658,366478,57,820,8,6000,1.06951219512
365662,366053,366942,391,889,8,6000,1.4398200225
365772,365778,365891,6,113,1,1800,1.05309734513
365871,365901,365981,30,80,1,1800,1.375
366049,366331,367269,282,938,8,6000,1.30063965885
366213,366220,366335,7,115,1,1800,1.06086956522
366333,366438,367266,105,828,8,6000,1.1268115942
366435,366453,367291,18,838,8,6000,1.0214797136
366456,366490,367434,34,944,8,6000,1.03601694915
366487,366838,367679,351,841,8,6000,1.41736028537
366842,366953,367781,111,828,8,6000,1.13405797101
366910,367062,367353,152,291,1,1800,1.52233676976
366955,367056,368143,101,1087,8,6000,1.09291628335
367009,367068,367653,59,585,1,1800,1.10085470085
367057,367107,368005,50,898,8,6000,1.05567928731
367109,367168,368270,59,1102,8,6000,1.05353901996
367170,367210,368060,40,850,8,6000,1.04705882353
367212,367218,368054,6,836,8,6000,1.00717703349
367222,367244,368112,22,868,8,6000,1.02534562212
367243,367277,368114,34,837,8,6000,1.04062126643
367274,367283,368257,9,974,8,6000,1.00924024641
367285,367303,368144,18,841,8,6000,1.02140309156
367305,367344,368196,39,852,8,6000,1.04577464789
367347,367418,368291,71,873,8,6000,1.08132875143
367418,367446,368391,28,945,8,6000,1.02962962963
367449,367457,368422,8,965,8,6000,1.00829015544
367460,367648,368510,188,862,8,6000,1.2180974478
367653,367691,368530,38,839,8,6000,1.0452920143
367694,367730,368765,36,1035,8,6000,1.0347826087
367735,367772,368611,37,839,8,6000,1.04410011919
367776,367792,368640,16,848,8,6000,1.01886792453
367797,367825,368661,28,836,8,6000,1.03349282297
367828,367866,369007,38,1141,8,6000,1.03330411919
367869,368065,368969,196,904,8,6000,1.21681415929
368001,368071,372337,70,4266,12,86400,1.01640881388
368063,368077,369015,14,938,8,6000,1.01492537313
368073,368123,369102,50,979,8,6000,1.05107252298
368125,368131,368990,6,859,8,6000,1.00698486612
368136,368154,369049,18,895,8,6000,1.02011173184
368157,368163,369456,6,1293,8,6000,1.00464037123
368167,368207,369149,40,942,8,6000,1.04246284501
368209,368269,369109,60,840,8,6000,1.07142857143
368270,368282,369258,12,976,8,6000,1.01229508197
368281,368302,369181,21,879,8,6000,1.02389078498
368301,368402,369291,101,889,8,6000,1.11361079865
368405,368433,369488,28,1055,8,6000,1.02654028436
368436,368521,369420,85,899,8,6000,1.09454949944
368518,368541,369433,23,892,8,6000,1.02578475336
368539,368623,369529,84,906,8,6000,1.09271523179
368620,368651,369486,31,835,8,6000,1.0371257485
368651,368672,369553,21,881,8,6000,1.02383654938
368672,368776,369614,104,838,8,6000,1.12410501193
368774,368980,369824,206,844,8,6000,1.24407582938
368978,369002,370153,24,1151,8,6000,1.02085143354
368999,369018,370134,19,1116,8,6000,1.01702508961
369020,369026,369895,6,869,8,6000,1.00690448792
369031,369060,369949,29,889,8,6000,1.03262092238
369062,369113,369942,51,829,8,6000,1.0615199035
369113,369120,369976,7,856,8,6000,1.00817757009
369124,369161,370003,37,842,8,6000,1.04394299287
369165,369192,370036,27,844,8,6000,1.03199052133
369196,369269,370154,73,885,8,6000,1.08248587571
369267,369302,370382,35,1080,8,6000,1.03240740741
369298,369432,370278,134,846,8,6000,1.15839243499
369430,369444,370330,14,886,8,6000,1.0158013544
369441,369467,370512,26,1045,8,6000,1.02488038278
369472,369498,370549,26,1051,8,6000,1.02473834443
369503,369509,370457,6,948,8,6000,1.00632911392
369513,369542,370395,29,853,8,6000,1.03399765533
369529,369536,369588,7,52,1,1800,1.13461538462
369544,369564,370432,20,868,8,6000,1.02304147465
369565,369626,370516,61,890,8,6000,1.06853932584
369627,369835,370696,208,861,8,6000,1.24157955865
369841,369906,370767,65,861,8,6000,1.07549361208
369902,369953,370890,51,937,8,6000,1.05442902882
369926,369932,370004,6,72,1,1800,1.08333333333
369953,369960,371051,7,1091,8,6000,1.00641613199
369964,369987,370828,23,841,8,6000,1.02734839477
369985,370015,370894,30,879,8,6000,1.03412969283
370015,370047,370922,32,875,8,6000,1.03657142857
370046,370146,371079,100,933,8,6000,1.10718113612
370148,370165,371009,17,844,8,6000,1.02014218009
370169,370175,371007,6,832,8,6000,1.00721153846
370179,370289,371244,110,955,8,6000,1.11518324607
370291,370341,371199,50,858,8,6000,1.05827505828
370343,370393,371398,50,1005,8,6000,1.04975124378
370394,370406,371303,12,897,8,6000,1.01337792642
370405,370443,371505,38,1062,8,6000,1.03578154426
370446,370468,371328,22,860,8,6000,1.02558139535
370466,370523,371396,57,873,8,6000,1.06529209622
370529,370535,371380,6,845,8,6000,1.00710059172
370539,370561,371425,22,864,8,6000,1.02546296296
370560,370708,371560,148,852,8,6000,1.17370892019
370713,370778,371876,65,1098,8,6000,1.05919854281
370774,370839,371679,65,840,8,6000,1.07738095238
370836,370901,372242,65,1341,8,6000,1.04847129008
370897,370908,371771,11,863,8,6000,1.01274623407
370907,370933,371931,26,998,8,6000,1.02605210421
370938,371019,371885,81,866,8,6000,1.0935334873
370990,370996,371257,6,261,1,1800,1.02298850575
371020,371026,371894,6,868,8,6000,1.0069124424
371031,371062,371925,31,863,8,6000,1.0359212051
371062,371091,371976,29,885,8,6000,1.03276836158
371093,371210,372085,117,875,8,6000,1.13371428571
371215,371255,372122,40,867,8,6000,1.0461361015
371257,371314,372180,57,866,8,6000,1.06581986143
371318,371339,372254,21,915,8,6000,1.02295081967
371339,371391,372264,52,873,8,6000,1.05956471936
371390,371407,372388,17,981,8,6000,1.01732925586
371410,371417,372280,7,863,8,6000,1.00811123986
371421,371436,372286,15,850,8,6000,1.01764705882
371432,371447,372317,15,870,8,6000,1.01724137931
371452,371516,372381,64,865,8,6000,1.07398843931
371514,371571,372439,57,868,8,6000,1.06566820276
371575,371691,372575,116,884,8,6000,1.13122171946
371687,371782,372879,95,1097,8,6000,1.08659981768
371779,371888,372747,109,859,8,6000,1.12689173458
371891,371897,372745,6,848,8,6000,1.0070754717
371901,371908,372766,7,858,8,6000,1.00815850816
371912,371936,372838,24,902,8,6000,1.0266075388
371933,371943,372798,10,855,8,6000,1.01169590643
371943,371987,373295,44,1308,8,6000,1.03363914373
371984,372098,372954,114,856,8,6000,1.13317757009
372096,372133,373016,37,883,8,6000,1.04190260476
372137,372191,373043,54,852,8,6000,1.06338028169
372188,372253,373116,65,863,8,6000,1.07531865585
372250,372265,374845,15,2580,5,14400,1.00581395349
372261,372271,374759,10,2488,5,14400,1.0040192926
372271,372277,374537,6,2260,5,14400,1.00265486726
372282,372291,374668,9,2377,5,14400,1.00378628523
372293,372299,374872,6,2573,5,14400,1.00233190828
372303,372309,374760,6,2451,5,14400,1.00244798042
372314,372328,374758,14,2430,5,14400,1.00576131687
372324,372335,374675,11,2340,5,14400,1.0047008547
372335,372348,374709,13,2361,5,14400,1.00550614147
372345,372355,374970,10,2615,5,14400,1.00382409178
372356,372393,374612,37,2219,5,14400,1.01667417756
372397,372404,374875,7,2471,5,14400,1.00283286119
372408,372414,374848,6,2434,5,14400,1.00246507806
372418,372425,374837,7,2412,5,14400,1.00290215589
372429,372450,374955,21,2505,5,14400,1.00838323353
372450,372586,375164,136,2578,5,14400,1.05275407292
372582,372592,375152,10,2560,5,14400,1.00390625
372593,372756,375345,163,2589,5,14400,1.0629586713
372704,372849,390429,145,17580,12,216000,1.0082480091
372755,372764,375495,9,2731,5,14400,1.00329549616
372766,372772,375417,6,2645,5,14400,1.002268431
372776,372810,375448,34,2638,5,14400,1.01288855193
372807,372816,375237,9,2421,5,14400,1.00371747212
372818,372890,375554,72,2664,5,14400,1.02702702703
372890,372897,375681,7,2784,5,14400,1.00251436782
372900,372965,375190,65,2225,5,14400,1.02921348315
372962,372972,375921,10,2949,5,14400,1.00339097999
372972,373028,375210,56,2182,5,14400,1.02566452796
373033,373055,375557,22,2502,5,14400,1.00879296563
373054,373061,375555,7,2494,5,14400,1.00280673617
373065,373128,376155,63,3027,5,14400,1.02081268583
373126,373306,376094,180,2788,5,14400,1.06456241033
373309,373315,375667,6,2352,5,14400,1.00255102041
373320,374548,377593,1228,3045,5,14400,1.40328407225
374549,374631,377273,82,2642,5,14400,1.03103709311
374634,374679,377079,45,2400,5,14400,1.01875
374676,374686,377235,10,2549,5,14400,1.0039231071
374716,374722,377006,6,2284,5,14400,1.00262697023
374726,374769,377390,43,2621,5,14400,1.01640595193
374768,374776,377058,8,2282,5,14400,1.00350569676
374779,374785,377175,6,2390,5,14400,1.00251046025
374789,374849,377237,60,2388,5,14400,1.02512562814
374851,374857,377132,6,2275,5,14400,1.00263736264
374861,374868,377177,7,2309,5,14400,1.00303161542
374872,374883,377297,11,2414,5,14400,1.00455675228
374883,374891,377741,8,2850,5,14400,1.00280701754
374893,374966,377435,73,2469,5,14400,1.02956662616
374965,374983,377717,18,2734,5,14400,1.00658376006
374985,375163,377598,178,2435,5,14400,1.07310061602
375168,375175,377678,7,2503,5,14400,1.00279664403
375179,375201,377589,22,2388,5,14400,1.00921273032
375200,375221,378097,21,2876,5,14400,1.00730180807
375220,375249,377583,29,2334,5,14400,1.01242502142
375251,375356,377539,105,2183,5,14400,1.0480989464
375353,375428,377773,75,2345,5,14400,1.03198294243
375404,375571,376008,167,437,4,1200,1.38215102975
375425,375459,378015,34,2556,5,14400,1.01330203443
375455,375506,378069,51,2563,5,14400,1.01989855638
375507,375565,378388,58,2823,5,14400,1.02054551895
375568,375579,377968,11,2389,5,14400,1.004604437
375578,375678,378238,100,2560,5,14400,1.0390625
375680,375692,378271,12,2579,5,14400,1.00465296627
375691,375932,379252,241,3320,5,14400,1.07259036145
375935,376019,378438,84,2419,5,14400,1.03472509301
376016,376105,378873,89,2768,5,14400,1.03215317919
376108,376167,378376,59,2209,5,14400,1.02670891806
376170,377018,379950,848,2932,5,14400,1.28922237381
376469,376475,377507,6,1032,1,900,1.00581395349
376758,377730,378842,972,1112,4,1200,1.87410071942
377023,377070,379530,47,2460,5,14400,1.01910569106
377074,377091,379569,17,2478,5,14400,1.00686037127
377095,377143,379774,48,2631,5,14400,1.01824401368
377146,377187,379877,41,2690,5,14400,1.01524163569
377187,377199,380115,12,2916,5,14400,1.00411522634
377198,377247,379512,49,2265,5,14400,1.02163355408
377249,377255,380067,6,2812,5,14400,1.00213371266
377259,377284,379561,25,2277,5,14400,1.01097935881
377280,377308,379539,28,2231,5,14400,1.01255042582
377311,377401,379863,90,2462,5,14400,1.03655564582
377403,377446,379722,43,2276,5,14400,1.01889279438
377444,377550,379887,106,2337,5,14400,1.04535729568
377506,377517,431547,11,54030,1,54000,1.0002035906
377546,377594,380135,48,2541,5,14400,1.01889020071
377597,377604,380254,7,2650,5,14400,1.00264150943
377608,377614,379853,6,2239,5,14400,1.00267976775
377618,377625,380411,7,2786,5,14400,1.00251256281
377629,377693,380560,64,2867,5,14400,1.0223229857
377679,377685,449689,6,72004,1,72000,1.0000833287
377690,377753,380493,63,2740,5,14400,1.02299270073
377723,378147,464994,424,86847,16,144000,1.00488214907
377752,377784,380232,32,2448,5,14400,1.01307189542
377783,377980,380322,197,2342,5,14400,1.08411614005
377850,377986,379943,136,1957,1,7200,1.06949412366
377976,378081,381000,105,2919,5,14400,1.03597122302
378078,378153,380415,75,2262,5,14400,1.03315649867
378150,378250,380498,100,2248,5,14400,1.04448398577
378255,378283,380687,28,2404,5,14400,1.01164725458
378286,378399,380611,113,2212,5,14400,1.05108499096
378290,378388,378601,98,213,2,21600,1.46009389671
378402,378420,380756,18,2336,5,14400,1.00770547945
378423,378430,381146,7,2716,5,14400,1.00257731959
378434,378440,380745,6,2305,5,14400,1.00260303688
378446,378452,381229,6,2777,5,14400,1.00216060497
378456,378462,380883,6,2421,5,14400,1.00247831475
378467,378854,381305,387,2451,5,14400,1.15789473684
378850,378884,381417,34,2533,5,14400,1.01342281879
378883,379263,381692,380,2429,5,14400,1.15644298065
378983,379542,379746,559,204,2,21600,3.74019607843
379260,379523,381866,263,2343,5,14400,1.11224925309
379520,379550,382170,30,2620,5,14400,1.01145038168
379551,379572,382639,21,3067,5,14400,1.00684708184
379572,379580,382183,8,2603,5,14400,1.00307337687
379582,379733,382362,151,2629,5,14400,1.05743628756
379615,379621,379905,6,284,2,28800,1.02112676056
379735,379785,382236,50,2451,5,14400,1.0203998368
379787,379865,382695,78,2830,5,14400,1.02756183746
379823,379875,381247,52,1372,4,108000,1.03790087464
379869,379881,382446,12,2565,5,14400,1.00467836257
379880,379889,382396,9,2507,5,14400,1.00358994815
379890,379898,382838,8,2940,5,14400,1.00272108844
379901,379961,382250,60,2289,5,14400,1.02621231979
379963,380078,382542,115,2464,5,14400,1.04667207792
380063,380069,380578,6,509,2,28800,1.01178781925
380075,380126,382689,51,2563,5,14400,1.01989855638
380127,380147,382510,20,2363,5,14400,1.00846381718
380147,380244,382798,97,2554,5,14400,1.03797963978
380249,380265,383077,16,2812,5,14400,1.00568990043
380270,380334,382859,64,2525,5,14400,1.02534653465
380332,380424,382631,92,2207,5,14400,1.04168554599
380370,380430,380934,60,504,2,36000,1.11904761905
380423,380504,383372,81,2868,5,14400,1.02824267782
380505,380511,382753,6,2242,5,14400,1.00267618198
380516,380572,381113,56,541,8,6000,1.10351201479
380567,380698,381250,131,552,8,6000,1.23731884058
380579,380585,383338,6,2753,1,7200,1.00217944061
380699,380756,381292,57,536,8,6000,1.10634328358
380761,380895,381430,134,535,8,6000,1.25046728972
380765,381159,381267,394,108,2,21600,4.64814814815
380893,381011,381542,118,531,8,6000,1.22222222222
381016,381125,381697,109,572,8,6000,1.19055944056
381128,381240,381783,112,543,8,6000,1.20626151013
381240,381261,381849,21,588,8,6000,1.03571428571
381261,381278,381801,17,523,8,6000,1.03250478011
381282,381303,381827,21,524,8,6000,1.04007633588
381302,381429,381948,127,519,8,6000,1.24470134875
381425,381441,381961,16,520,8,6000,1.03076923077
381445,381554,382094,109,540,8,6000,1.20185185185
381447,382974,385943,1527,2969,1,7200,1.51431458404
381557,381708,382240,151,532,8,6000,1.28383458647
381710,381794,382318,84,524,8,6000,1.16030534351
381733,382256,382513,523,257,2,21600,3.03501945525
381792,381812,382323,20,511,8,6000,1.03913894325
381812,381838,382403,26,565,8,6000,1.04601769912
381843,381860,382427,17,567,8,6000,1.02998236332
381864,381877,382450,13,573,8,6000,1.02268760908
381874,381960,382477,86,517,8,6000,1.166344294
381957,381973,382501,16,528,8,6000,1.0303030303
381978,382105,382984,127,879,8,6000,1.14448236633
382011,382195,486322,184,104127,8,432000,1.0017670729
382085,382473,382707,388,234,2,21600,2.65811965812
382089,382182,382462,93,280,4,1200,1.33214285714
382110,382251,382772,141,521,8,6000,1.27063339731
382253,382263,382801,10,538,8,6000,1.01858736059
382264,382329,382851,65,522,8,6000,1.1245210728
382325,382336,382860,11,524,8,6000,1.02099236641
382336,382407,382950,71,543,8,6000,1.13075506446
382407,382414,382951,7,537,8,6000,1.01303538175
382416,382478,382683,62,205,2,21600,1.30243902439
382418,382439,382968,21,529,8,6000,1.03969754253
382439,382457,383027,18,570,8,6000,1.03157894737
382459,382466,383002,7,536,8,6000,1.01305970149
382470,382488,383021,18,533,8,6000,1.03377110694
382491,382512,383033,21,521,8,6000,1.04030710173
382511,382524,383055,13,531,8,6000,1.02448210923
382522,382642,383181,120,539,8,6000,1.22263450835
382644,382694,383232,50,538,8,6000,1.09293680297
382696,382706,383262,10,556,8,6000,1.01798561151
382706,382764,383367,58,603,8,6000,1.09618573798
382768,382783,383329,15,546,8,6000,1.02747252747
382772,382968,383192,196,224,2,21600,1.875
382789,382812,383342,23,530,8,6000,1.04339622642
382809,382849,383403,40,554,8,6000,1.07220216606
382851,382862,383436,11,574,8,6000,1.01916376307
382862,382871,383408,9,537,8,6000,1.01675977654
382872,382879,383428,7,549,8,6000,1.01275045537
382883,382961,383569,78,608,8,6000,1.12828947368
382965,382980,383519,15,539,8,6000,1.02782931354
382986,382995,383562,9,567,8,6000,1.01587301587
382996,383013,383562,17,549,8,6000,1.03096539162
383017,383033,383569,16,536,8,6000,1.02985074627
383038,383044,383586,6,542,8,6000,1.0110701107
383048,383054,383588,6,534,8,6000,1.01123595506
383059,383066,383604,7,538,8,6000,1.01301115242
383069,383089,383637,20,548,8,6000,1.03649635036
383090,383194,383731,104,537,8,6000,1.19366852886
383192,383243,383778,51,535,8,6000,1.0953271028
383243,383273,383812,30,539,8,6000,1.05565862709
383271,383340,469786,69,86446,8,86400,1.00079818615
383274,383353,383894,79,541,8,6000,1.146025878
383355,383378,383917,23,539,8,6000,1.0426716141
383376,383385,383931,9,546,8,6000,1.01648351648
383387,383414,383951,27,537,8,6000,1.05027932961
383418,383424,383966,6,542,8,6000,1.0110701107
383428,383439,383968,11,529,8,6000,1.02079395085
383439,383447,383998,8,551,8,6000,1.01451905626
383450,383531,384079,81,548,8,6000,1.14781021898
383531,383573,384113,42,540,8,6000,1.07777777778
383572,383579,384130,7,551,8,6000,1.01270417423
383583,383589,384138,6,549,8,6000,1.01092896175
383593,383599,384157,6,558,8,6000,1.01075268817
383604,383610,384216,6,606,8,6000,1.0099009901
383614,383620,384194,6,574,8,6000,1.01045296167
383625,383631,384172,6,541,8,6000,1.01109057301
383635,383649,384221,14,572,8,6000,1.02447552448
383646,383742,384285,96,543,8,6000,1.17679558011
383648,384714,385339,1066,625,4,1200,2.7056
383747,383790,384340,43,550,8,6000,1.07818181818
383788,383824,384364,36,540,8,6000,1.06666666667
383829,383905,384450,76,545,8,6000,1.13944954128
383901,383928,384461,27,533,8,6000,1.05065666041
383931,383942,384530,11,588,8,6000,1.01870748299
383942,383963,384517,21,554,8,6000,1.03790613718
383963,383978,385001,15,1023,8,6000,1.0146627566
383974,383985,384531,11,546,8,6000,1.02014652015
383984,384009,384561,25,552,8,6000,1.04528985507
384005,384124,384685,119,561,8,6000,1.21212121212
384069,384090,385353,21,1263,8,43200,1.01662707838
384127,384141,384691,14,550,8,6000,1.02545454545
384138,384150,384689,12,539,8,6000,1.02226345083
384148,384169,384728,21,559,8,6000,1.03756708408
384169,384183,384721,14,538,8,6000,1.02602230483
384180,384205,384757,25,552,8,6000,1.04528985507
384210,384227,384776,17,549,8,6000,1.03096539162
384231,384237,384846,6,609,8,6000,1.00985221675
384241,384297,384871,56,574,8,6000,1.09756097561
384303,384351,384911,48,560,8,6000,1.08571428571
384354,384375,384932,21,557,8,6000,1.03770197487
384374,384461,385021,87,560,8,6000,1.15535714286
384381,384702,384745,321,43,2,3600,8.46511627907
384403,384719,384794,316,75,2,3600,5.21333333333
384420,384724,387188,304,2464,2,3600,1.12337662338
384466,384472,385035,6,563,8,6000,1.01065719361
384477,384529,385084,52,555,8,6000,1.09369369369
384528,384541,385234,13,693,8,6000,1.01875901876
384538,384548,385131,10,583,8,6000,1.01715265866
384549,384573,385138,24,565,8,6000,1.04247787611
384570,384697,385260,127,563,8,6000,1.22557726465
384655,384768,384772,113,4,12,14400,11.7
384692,384708,385268,16,560,8,6000,1.02857142857
384713,384734,385282,21,548,8,6000,1.03832116788
384734,384783,385336,49,553,8,6000,1.08860759494
384785,384792,385387,7,595,8,6000,1.01176470588
384796,384802,385411,6,609,8,6000,1.00985221675
384806,384857,385409,51,552,8,6000,1.09239130435
384859,384882,385442,23,560,8,6000,1.04107142857
384879,384922,385491,43,569,8,6000,1.0755711775
384920,384943,385506,23,563,8,6000,1.04085257549
384941,385012,385573,71,561,8,6000,1.1265597148
385012,385032,385608,20,576,8,6000,1.03472222222
385033,385046,385643,13,597,8,6000,1.02177554439
385044,385096,385646,52,550,8,6000,1.09454545455
385054,385246,388135,192,2889,12,14400,1.06645898235
385095,385142,385724,47,582,8,6000,1.08075601375
385147,385252,385813,105,561,8,6000,1.1871657754
385249,385271,385917,22,646,8,6000,1.03405572755
385269,385279,385846,10,567,8,6000,1.0176366843
385280,385294,385854,14,560,8,6000,1.025
385290,385347,386918,57,1571,5,14400,1.03628262253
385352,385358,386907,6,1549,5,14400,1.00387346675
385363,385369,386811,6,1442,5,14400,1.00416088766
385373,385399,473284,26,87885,8,100800,1.00029584116
385373,385404,386900,31,1496,5,14400,1.02072192513
385404,385420,387057,16,1637,5,14400,1.00977397679
385425,385431,386999,6,1568,5,14400,1.00382653061
385435,385442,386991,7,1549,5,14400,1.00451904454
385446,385453,386961,7,1508,5,14400,1.00464190981
385456,385463,386869,7,1406,5,14400,1.00497866287
385467,385502,387304,35,1802,5,14400,1.01942286349
385498,385517,386985,19,1468,5,14400,1.01294277929
385519,385525,387099,6,1574,5,14400,1.00381194409
385530,385584,387031,54,1447,5,14400,1.03731859019
385581,385619,387214,38,1595,5,14400,1.02382445141
385622,385628,387445,6,1817,5,14400,1.0033021464
385632,385654,387271,22,1617,5,14400,1.01360544218
385653,385661,387337,8,1676,5,14400,1.00477326969
385655,386828,392230,1173,5402,4,5400,1.21714179933
385663,385670,387382,7,1712,5,14400,1.00408878505
385674,385735,387385,61,1650,5,14400,1.03696969697
385719,386918,388677,1199,1759,2,3600,1.68163729392
385735,385825,387557,90,1732,5,14400,1.0519630485
385827,385833,387503,6,1670,5,14400,1.00359281437
385838,385858,387288,20,1430,5,14400,1.01398601399
385858,385865,387525,7,1660,5,14400,1.00421686747
385869,385875,387580,6,1705,5,14400,1.00351906158
385879,385929,387603,50,1674,5,14400,1.02986857826
385898,386823,386906,925,83,4,3600,12.1445783133
385930,385936,387863,6,1927,5,14400,1.00311364816
385941,386880,388265,939,1385,5,14400,1.67797833935
386885,386911,388342,26,1431,5,14400,1.01816911251
386916,386925,388515,9,1590,5,14400,1.00566037736
386926,386932,388524,6,1592,5,14400,1.00376884422
386937,386972,388777,35,1805,5,14400,1.01939058172
386978,386997,388532,19,1535,5,14400,1.01237785016
386999,387005,388859,6,1854,5,14400,1.00323624595
387009,387016,388644,7,1628,5,14400,1.0042997543
387020,387042,388528,22,1486,5,14400,1.01480484522
387041,387074,388821,33,1747,5,14400,1.0188895249
387072,387111,388524,39,1413,5,14400,1.02760084926
387113,387274,388852,161,1578,5,14400,1.1020278834
387145,387225,387229,80,4,8,50400,8.4
387145,387254,387256,109,2,8,50400,11.1
387145,387241,387243,96,2,8,50400,9.8
387211,387268,388300,57,1032,4,108000,1.05523255814
387276,387285,388667,9,1382,5,14400,1.00651230101
387287,387300,388802,13,1502,5,14400,1.0086551265
387298,387349,388963,51,1614,5,14400,1.03159851301
387305,388354,430372,1049,42018,8,50400,1.02496549098
387305,388535,430763,1230,42228,8,50400,1.02912759307
387306,388546,432089,1240,43543,8,50400,1.02847759686
387349,387395,388841,46,1446,5,14400,1.03181189488
387400,387406,388862,6,1456,5,14400,1.00412087912
387410,387456,389041,46,1585,5,14400,1.02902208202
387456,395522,396395,8066,873,4,21600,10.2394043528
387462,387515,389304,53,1789,5,14400,1.0296254891
387513,387537,389123,24,1586,5,14400,1.01513240858
387533,387570,389229,37,1659,5,14400,1.02230259192
387575,387592,389248,17,1656,5,14400,1.01026570048
387593,388655,430324,1062,41669,8,86400,1.02548657275
387594,388832,431237,1238,42405,8,86400,1.02919467044
387594,390441,433447,2847,43006,8,86400,1.06620006511
387594,390447,433961,2853,43514,8,86400,1.06556510548
387595,394427,438227,6832,43800,8,86400,1.15598173516
387595,387615,389264,20,1649,5,14400,1.01212856277
387616,387876,389314,260,1438,5,14400,1.18080667594
387711,388311,669659,600,281348,18,288000,1.00213259024
387744,395517,438980,7773,43463,8,86400,1.17884177346
387744,394737,436357,6993,41620,8,86400,1.1680201826
387744,395467,437427,7723,41960,8,86400,1.18405624404
387881,388277,390211,396,1934,5,14400,1.20475698035
387954,395767,397231,7813,1464,4,108000,6.33674863388
388032,395773,395778,7741,5,4,108000,774.6
388036,395789,395793,7753,4,4,108000,775.7
388277,388540,389913,263,1373,5,14400,1.19155134741
388420,395805,464690,7385,68885,4,72000,1.10720766495
388438,395890,467928,7452,72038,4,72000,1.10344540381
388542,388679,390017,137,1338,5,14400,1.1023916293
388674,388790,390232,116,1442,5,14400,1.08044382802
388786,388815,390512,29,1697,5,14400,1.01708898055
388817,388853,390413,36,1560,5,14400,1.02307692308
388848,388871,390728,23,1857,5,14400,1.01238556812
388869,388974,390630,105,1656,5,14400,1.0634057971
388869,388878,390410,9,1532,5,14400,1.00587467363
388971,389053,390682,82,1629,5,14400,1.05033763045
389027,393250,396869,4223,3619,1,306000,2.16689693285
389043,389136,391070,93,1934,5,14400,1.0480868666
389094,393898,396869,4804,2971,1,342000,2.61696398519
389124,389241,390694,117,1453,5,14400,1.08052305575
389236,389261,390923,25,1662,5,14400,1.01504211793
389257,389276,390687,19,1411,5,14400,1.01346562721
389267,389317,391131,50,1814,5,14400,1.02756339581
389308,389326,391002,18,1676,5,14400,1.0107398568
389319,389925,391384,606,1459,5,14400,1.41535298149
389918,390030,391720,112,1690,5,14400,1.06627218935
390020,390224,391867,204,1643,5,14400,1.12416311625
390214,390244,392059,30,1815,5,14400,1.01652892562
390235,390422,391803,187,1381,5,14400,1.13540912382
390419,390524,391905,105,1381,5,14400,1.07603186097
390419,390429,392164,10,1735,5,14400,1.00576368876
390521,390642,393513,121,2871,5,14400,1.04214559387
390541,404574,406215,14033,1641,2,3600,9.55149299208
390633,390694,392588,61,1894,5,14400,1.03220696938
390685,390701,392185,16,1484,5,14400,1.01078167116
390695,390708,392128,13,1420,5,14400,1.00915492958
390706,390741,392399,35,1658,5,14400,1.02110977081
390736,390935,392581,199,1646,5,14400,1.12089914945
390930,391014,392406,84,1392,5,14400,1.06034482759
391012,391083,392918,71,1835,5,14400,1.03869209809
391074,391143,393078,69,1935,5,14400,1.03565891473
391135,391395,393086,260,1691,5,14400,1.15375517445
391389,391732,393988,343,2256,5,14400,1.15203900709
391724,391815,393284,91,1469,5,14400,1.06194690265
391806,391879,393774,73,1895,5,14400,1.03852242744
391877,392176,392839,299,663,8,1500,1.45098039216
391877,391917,393453,40,1536,5,14400,1.02604166667
392060,392071,393460,11,1389,5,14400,1.00791936645
392060,392197,392945,137,748,8,1500,1.18315508021
392172,392411,393108,239,697,8,1500,1.34289813486
392172,392419,393886,247,1467,5,14400,1.16837082481
392209,392241,399480,32,7239,2,7200,1.00442050007
392416,392852,393604,436,752,8,1500,1.57978723404
392416,392594,393984,178,1390,5,14400,1.12805755396
392589,392957,393619,368,662,8,1500,1.55589123867
392589,392601,394046,12,1445,5,14400,1.00830449827
392827,393668,397088,841,3420,2,7200,1.24590643275
392833,394438,397473,1605,3035,2,7200,1.52883031301
392924,392931,394732,7,1801,5,14400,1.00388672959
392924,393120,393793,196,673,8,1500,1.2912332838
393087,393296,394082,209,786,8,1500,1.26590330789
393087,393093,394490,6,1397,5,14400,1.00429491768
393118,393616,394315,498,699,8,1500,1.71244635193
393118,393465,395108,347,1643,5,14400,1.21119902617
393463,393632,394302,169,670,8,1500,1.25223880597
393463,393472,395002,9,1530,5,14400,1.00588235294
393616,393805,394473,189,668,8,1500,1.28293413174
393616,393622,395026,6,1404,5,14400,1.00427350427
393778,393996,394678,218,682,8,1500,1.31964809384
393809,394058,394742,249,684,8,1500,1.36403508772
393809,393815,395331,6,1516,5,14400,1.00395778364
393992,394094,394764,102,670,8,1500,1.15223880597
394053,394314,394974,261,660,8,1500,1.39545454545
394053,394433,395938,380,1505,5,14400,1.25249169435
394299,394305,395317,6,1012,1,900,1.00592885375
394317,394327,395024,10,697,8,1500,1.0143472023
394318,394485,395978,167,1493,5,14400,1.11185532485
394480,394503,395235,23,732,8,1500,1.03142076503
394480,394744,396532,264,1788,5,14400,1.14765100671
394683,394690,395382,7,692,8,1500,1.01011560694
394683,394776,396775,93,1999,5,14400,1.04652326163
394745,395014,396685,269,1671,5,14400,1.16098144823
394745,394754,395415,9,661,8,1500,1.01361573374
394978,395042,396715,64,1673,5,14400,1.0382546324
394978,394987,395657,9,670,8,1500,1.01343283582
395029,395035,395825,6,790,8,1500,1.00759493671
395029,395120,396632,91,1512,5,14400,1.06018518519
395111,395247,395918,136,671,8,1500,1.20268256334
395111,395344,397163,233,1819,5,14400,1.12809235844
395159,395895,428348,736,32453,4,108000,1.0226789511
395328,395902,403130,574,7228,2,7200,1.07941339236
395334,395668,397517,334,1849,5,14400,1.1806381828
395334,395394,396062,60,668,8,1500,1.08982035928
395416,395674,397149,258,1475,5,14400,1.17491525424
395416,395428,396145,12,717,8,1500,1.01673640167
395671,395837,396502,166,665,8,1500,1.24962406015
395671,395907,397440,236,1533,5,14400,1.15394651011
395905,395949,397416,44,1467,5,14400,1.02999318337
395905,395930,396693,25,763,8,1500,1.03276539974
395946,396079,397658,133,1579,5,14400,1.08423052565
395946,396073,397056,127,983,8,1500,1.12919633774
396078,396405,398340,327,1935,5,14400,1.16899224806
396078,396156,396852,78,696,8,1500,1.11206896552
396403,396548,398025,145,1477,5,14400,1.09817197021
396403,396514,396531,111,17,8,1500,7.52941176471
396535,396543,397694,8,1151,8,1500,1.00695047785
396535,396643,398284,108,1641,5,14400,1.06581352834
396647,396709,398599,62,1890,5,14400,1.0328042328
396647,396704,397429,57,725,8,1500,1.07862068966
396708,396786,397566,78,780,8,1500,1.1
396708,396864,398707,156,1843,5,14400,1.08464460119
396744,418613,677828,21869,259215,2,259200,1.08436625967
396861,397067,397890,206,823,8,1500,1.25030376671
396861,397073,399479,212,2406,5,14400,1.08811305071
396988,419112,678344,22124,259232,2,259200,1.08534440193
397020,397099,647355,79,250256,1,306000,1.00031567675
397066,397105,498531,39,101426,1,342000,1.00038451679
397074,397160,398972,86,1812,5,14400,1.04746136865
397074,397242,398002,168,760,8,1500,1.22105263158
397203,397451,399527,248,2076,4,108000,1.11946050096
397225,398617,400009,1392,1392,4,108000,2.0
397247,397427,398216,180,789,8,1500,1.22813688213
397280,421558,680765,24278,259207,2,259200,1.09366259399
397430,397441,398107,11,666,8,1500,1.01651651652
397430,397528,399035,98,1507,5,14400,1.06502986065
397532,397577,398325,45,748,8,1500,1.06016042781
397573,397671,398350,98,679,8,1500,1.14432989691
397674,397705,398532,31,827,8,1500,1.03748488513
397705,397901,398606,196,705,8,1500,1.2780141844
397900,398014,398682,114,668,8,1500,1.17065868263
397962,400927,401935,2965,1008,2,14400,3.94146825397
398012,398118,398813,106,695,8,1500,1.15251798561
398124,398228,399023,104,795,8,1500,1.13081761006
398225,398295,398975,70,680,8,1500,1.10294117647
398297,398336,399008,39,672,8,1500,1.05803571429
398338,398361,399056,23,695,8,1500,1.03309352518
398358,398544,399287,186,743,8,1500,1.25033647376
398541,398610,399299,69,689,8,1500,1.10014513788
398613,398624,399308,11,684,8,1500,1.01608187135
398623,398708,399385,85,677,8,1500,1.12555391433
398627,398693,398697,66,4,2,3600,7.0
398705,398824,399559,119,735,8,1500,1.1619047619
398817,398983,399708,166,725,8,1500,1.22896551724
398979,398990,399707,11,717,8,1500,1.01534170153
398990,399020,399791,30,771,8,1500,1.03891050584
399021,399034,399713,13,679,8,1500,1.01914580265
399031,399067,399754,36,687,8,1500,1.05240174672
399062,399298,400051,236,753,8,1500,1.31341301461
399232,401626,411501,2394,9875,2,10800,1.24243037975
399294,403398,411637,4104,8239,2,10800,1.49811870373
399295,399310,400003,15,693,8,1500,1.02164502165
399306,399320,399995,14,675,8,1500,1.02074074074
399316,399396,400109,80,713,8,1500,1.11220196353
399388,399490,400167,102,677,8,1500,1.15066469719
399490,399538,400230,48,692,8,1500,1.06936416185
399541,399570,400326,29,756,8,1500,1.03835978836
399572,399718,400395,146,677,8,1500,1.21565731167
399697,404556,404557,4859,1,2,7200,486.0
399715,399725,400417,10,692,8,1500,1.01445086705
399725,399732,400438,7,706,8,1500,1.00991501416
399736,399765,400440,29,675,8,1500,1.04296296296
399766,399802,400488,36,686,8,1500,1.05247813411
399807,400006,400816,199,810,8,1500,1.24567901235
399988,404596,404604,4608,8,4,108000,461.6
400010,404615,404620,4605,5,4,108000,461.0
400011,400016,400734,5,718,8,1500,1.0069637883
400015,404631,404637,4616,6,4,108000,462.2
400021,400062,400934,41,872,8,1500,1.04701834862
400062,400120,400812,58,692,8,1500,1.0838150289
400123,400179,400875,56,696,8,1500,1.08045977011
400185,400241,400915,56,674,8,1500,1.08308605341
400246,400337,401012,91,675,8,1500,1.13481481481
400337,400406,401099,69,693,8,1500,1.09956709957
400389,400456,401093,67,637,4,600,1.10518053375
400409,400428,401246,19,818,8,1500,1.02322738386
400429,400449,401133,20,684,8,1500,1.02923976608
400450,400499,401186,49,687,8,1500,1.07132459971
400501,400746,401455,245,709,8,1500,1.34555712271
400745,400825,401591,80,766,8,1500,1.1044386423
400827,400833,401537,6,704,8,1500,1.00852272727
400837,400887,401591,50,704,8,1500,1.07102272727
400888,400921,401610,33,689,8,1500,1.04789550073
400919,400933,401724,14,791,8,1500,1.01769911504
400930,400947,401643,17,696,8,1500,1.02442528736
400950,401023,401711,73,688,8,1500,1.10610465116
401022,401110,401804,88,694,8,1500,1.12680115274
401113,401145,401833,32,688,8,1500,1.04651162791
401144,401197,401996,53,799,8,1500,1.06633291615
401195,401258,402032,63,774,8,1500,1.08139534884
401256,401467,402153,211,686,8,1500,1.30758017493
401257,401602,402238,345,636,4,600,1.54245283019
401470,401549,402466,79,917,8,1500,1.08615049073
401551,401608,402307,57,699,8,1500,1.08154506438
401613,401619,402362,6,743,8,1500,1.00807537012
401623,401654,402348,31,694,8,1500,1.0446685879
401654,401722,402477,68,755,8,1500,1.09006622517
401708,405261,405278,3553,17,1,57600,210.0
401725,401735,402497,10,762,8,1500,1.01312335958
401736,401816,402519,80,703,8,1500,1.11379800853
401817,401845,402538,28,693,8,1500,1.0404040404
401848,401946,402685,98,739,8,1500,1.13261163735
401950,402008,402706,58,698,8,1500,1.08309455587
402011,402044,402785,33,741,8,1500,1.04453441296
402042,402164,402956,122,792,8,1500,1.15404040404
402164,402318,403010,154,692,8,1500,1.2225433526
402317,402360,403060,43,700,8,1500,1.06142857143
402358,402373,403088,15,715,8,1500,1.02097902098
402378,402478,403160,100,682,8,1500,1.14662756598
402417,402532,403171,115,639,4,600,1.1799687011
402480,402489,403191,9,702,8,1500,1.01282051282
402490,402509,403241,19,732,8,1500,1.02595628415
402511,402537,403242,26,705,8,1500,1.03687943262
402542,402550,403245,8,695,8,1500,1.01151079137
402552,402697,403381,145,684,8,1500,1.21198830409
402695,402717,403419,22,702,8,1500,1.03133903134
402716,402797,403473,81,676,8,1500,1.11982248521
402797,402968,403749,171,781,8,1500,1.21895006402
402970,403022,403782,52,760,8,1500,1.06842105263
403021,403072,403745,51,673,8,1500,1.07578008915
403072,403099,403756,27,657,8,1500,1.04109589041
403103,403171,403842,68,671,8,1500,1.10134128167
403174,403203,403913,29,710,8,1500,1.04084507042
403205,403252,403935,47,683,8,1500,1.06881405564
403246,403259,403937,13,678,8,1500,1.0191740413
403257,403266,403953,9,687,8,1500,1.01310043668
403267,403393,404071,126,678,8,1500,1.18584070796
403389,403431,404176,42,745,8,1500,1.05637583893
403430,403485,404145,55,660,8,1500,1.08333333333
403481,403758,404426,277,668,8,1500,1.41467065868
403610,404569,405212,959,643,4,600,2.49144634526
403756,403764,404439,8,675,8,1500,1.01185185185
403766,403774,404536,8,762,8,1500,1.01049868766
403777,403795,404552,18,757,8,1500,1.02377807133
403797,403854,404514,57,660,8,1500,1.08636363636
403858,403925,404585,67,660,8,1500,1.10151515152
403930,403947,404626,17,679,8,1500,1.02503681885
403951,403958,404713,7,755,8,1500,1.00927152318
403961,403968,404654,7,686,8,1500,1.01020408163
403972,404083,404788,111,705,8,1500,1.15744680851
404083,404157,404840,74,683,8,1500,1.10834553441
404155,404189,404937,34,748,8,1500,1.04545454545
404186,404438,405113,252,675,8,1500,1.37333333333
404440,404451,405249,11,798,8,1500,1.01378446115
404450,404527,404544,77,17,8,1500,5.52941176471
404532,404549,405234,17,685,8,1500,1.02481751825
404552,404562,405241,10,679,8,1500,1.0147275405
404563,404602,405321,39,719,8,1500,1.05424200278
404604,404637,405323,33,686,8,1500,1.04810495627
404634,404648,404652,14,4,2,3600,1.8
404635,404665,405346,30,681,8,1500,1.04405286344
404665,404724,405399,59,675,8,1500,1.08740740741
404727,404799,405483,72,684,8,1500,1.10526315789
404798,404851,405540,53,689,8,1500,1.07692307692
404849,404949,405652,100,703,8,1500,1.14224751067
404951,405124,405876,173,752,8,1500,1.23005319149
405124,405223,405987,99,764,8,1500,1.12958115183
405226,405245,405916,19,671,8,1500,1.02831594635
405247,405252,405929,5,677,8,1500,1.00738552437
405257,405268,405937,11,669,8,1500,1.01644245142
405267,405332,406039,65,707,8,1500,1.09193776521
405329,405339,406018,10,679,8,1500,1.0147275405
405339,405357,406056,18,699,8,1500,1.02575107296
405360,405410,406122,50,712,8,1500,1.0702247191
405373,409023,415504,3650,6481,4,108000,1.56318469372
405411,405495,406169,84,674,8,1500,1.12462908012
405412,409081,422408,3669,13327,4,108000,1.27530577024
405418,409234,417282,3816,8048,4,108000,1.47415506958
405493,405551,406242,58,691,8,1500,1.08393632417
405527,405998,406704,471,706,4,3600,1.6671388102
405554,405663,406345,109,682,8,1500,1.15982404692
405666,405889,406568,223,679,8,1500,1.32842415317
405737,409855,435975,4118,26120,2,72000,1.15765696784
405889,405928,406643,39,715,8,1500,1.05454545455
405930,405942,406627,12,685,8,1500,1.01751824818
405932,406029,406121,97,92,4,18000,2.05434782609
405941,405948,406627,7,679,8,1500,1.01030927835
405951,406035,406893,84,858,8,1500,1.0979020979
406033,406050,406797,17,747,8,1500,1.02275769746
406054,406067,406764,13,697,8,1500,1.01865136298
406064,406133,406848,69,715,8,1500,1.0965034965
406135,406180,406875,45,695,8,1500,1.06474820144
406176,406226,406903,50,677,8,1500,1.07385524372
406227,406254,406942,27,688,8,1500,1.03924418605
406258,406356,407049,98,693,8,1500,1.14141414141
406360,406579,407307,219,728,8,1500,1.30082417582
406396,409962,435663,3566,25701,2,72000,1.138749465
406584,406638,407316,54,678,8,1500,1.0796460177
406635,406645,407396,10,751,8,1500,1.01331557923
406645,406655,407737,10,1082,8,1500,1.00924214418
406656,406776,407478,120,702,8,1500,1.17094017094
406778,406808,407570,30,762,8,1500,1.03937007874
406793,409885,416642,3092,6757,2,7200,1.45759952642
406809,406859,407546,50,687,8,1500,1.07278020378
406860,406886,407814,26,928,8,1500,1.02801724138
406875,409890,409892,3015,2,2,10800,301.7
406891,406904,407599,13,695,8,1500,1.01870503597
406902,406914,407592,12,678,8,1500,1.01769911504
406912,406954,407740,42,786,8,1500,1.0534351145
406953,407060,407765,107,705,8,1500,1.15177304965
407065,407318,408012,253,694,8,1500,1.36455331412
407096,410572,440007,3476,29435,2,72000,1.11809070834
407143,409903,419101,2760,9198,2,360000,1.30006523157
407320,407327,408025,7,698,8,1500,1.0100286533
407330,407408,408122,78,714,8,1500,1.10924369748
407412,407490,408306,78,816,8,1500,1.09558823529
407493,407558,408263,65,705,8,1500,1.09219858156
407555,407581,408274,26,693,8,1500,1.03751803752
407586,407603,408296,17,693,8,1500,1.02453102453
407606,407613,408300,7,687,8,1500,1.01018922853
407617,407748,408441,131,693,8,1500,1.18903318903
407653,412084,442739,4431,30655,2,72000,1.14454412005
407706,409017,409330,1311,313,1,3600,5.18849840256
407749,407755,408476,6,721,8,1500,1.00832177531
407760,407776,408463,16,687,8,1500,1.02328966521
407780,407825,408525,45,700,8,1500,1.06428571429
407821,407984,408760,163,776,8,1500,1.21005154639
407984,408024,409041,40,1017,8,1500,1.03933136676
408025,408036,408965,11,929,8,1500,1.01184068891
408036,408133,408838,97,705,8,1500,1.13758865248
408138,408274,409070,136,796,8,1500,1.17085427136
408270,408286,409005,16,719,8,1500,1.02225312935
408291,408307,409007,16,700,8,1500,1.02285714286
408311,408317,409223,6,906,8,1500,1.00662251656
408322,408328,409039,6,711,8,1500,1.00843881857
408332,408452,409152,120,700,8,1500,1.17142857143
408363,412413,439113,4050,26700,2,72000,1.15168539326
408455,408475,409191,20,716,8,1500,1.02793296089
408476,408487,409185,11,698,8,1500,1.01575931232
408486,408537,409236,51,699,8,1500,1.07296137339
408537,408771,409844,234,1073,8,1500,1.21808014911
408746,409240,409874,494,634,4,600,1.77917981073
408771,408850,409550,79,700,8,1500,1.11285714286
408853,408976,409682,123,706,8,1500,1.17422096317
408975,409029,409748,54,719,8,1500,1.07510431154
409026,409052,409751,26,699,8,1500,1.03719599428
409033,412556,437700,3523,25144,2,72000,1.14011294941
409057,409064,409832,7,768,8,1500,1.00911458333
409067,409164,409915,97,751,8,1500,1.12916111851
409159,409198,409908,39,710,8,1500,1.05492957746
409200,409206,409900,6,694,8,1500,1.00864553314
409210,409247,409951,37,704,8,1500,1.05255681818
409241,409342,410052,101,710,8,1500,1.14225352113
409343,409562,410273,219,711,8,1500,1.30801687764
409401,422419,426069,13018,3650,1,3600,4.56657534247
409567,409693,410411,126,718,8,1500,1.17548746518
409689,409760,410485,71,725,8,1500,1.09793103448
409760,409766,410560,6,794,8,1500,1.00755667506
409772,409843,411927,71,2084,5,3600,1.03406909789
409807,416655,473924,6848,57269,2,72000,1.1195760359
409843,409861,412073,18,2212,5,3600,1.00813743219
409854,409913,411852,59,1939,5,3600,1.0304280557
409905,409918,411875,13,1957,5,3600,1.00664282064
409915,409925,411938,10,2013,5,3600,1.00496770989
409916,409932,411923,16,1991,5,3600,1.00803616273
409926,409939,411910,13,1971,5,3600,1.00659563673
409937,409968,411869,31,1901,5,3600,1.01630720673
409957,410064,412178,107,2114,5,3600,1.05061494797
410059,410070,412141,11,2071,5,3600,1.00531144375
410060,410285,412232,225,1947,5,3600,1.1155624037
410273,410423,412536,150,2113,5,3600,1.070989115
410284,410428,412358,144,1930,5,3600,1.07461139896
410426,410498,412655,72,2157,5,3600,1.03337969402
410487,410503,412529,16,2026,5,3600,1.00789733465
410498,410578,412644,80,2066,5,3600,1.03872216844
410569,411863,413719,1294,1856,5,3600,1.69719827586
410816,417293,422811,6477,5518,2,10800,2.17379485321
411568,417299,422813,5731,5514,2,10800,2.03935437069
411673,418607,421546,6934,2939,2,10800,3.35930588636
411858,411880,413789,22,1909,5,3600,1.0115243583
411879,411886,413831,7,1945,5,3600,1.00359897172
411879,411921,413827,42,1906,5,3600,1.02203567681
411910,411935,413943,25,2008,5,3600,1.0124501992
411931,411949,414031,18,2082,5,3600,1.00864553314
411931,411941,413976,10,2035,5,3600,1.00491400491
411942,412090,414196,148,2106,5,3600,1.07027540361
412074,412153,414145,79,1992,5,3600,1.03965863454
412145,412189,414200,44,2011,5,3600,1.02187966186
412186,412243,414083,57,1840,5,3600,1.03097826087
412237,412370,414319,133,1949,5,3600,1.06824012314
412359,412542,414633,183,2091,5,3600,1.087517934
412532,412548,414567,16,2019,5,3600,1.00792471521
412543,412657,414680,114,2023,5,3600,1.05635195255
412645,412667,414532,22,1865,5,3600,1.01179624665
412655,413730,415751,1075,2021,5,3600,1.53191489362
413721,413801,415795,80,1994,5,3600,1.04012036108
413792,413838,415885,46,2047,5,3600,1.02247191011
413834,413846,415823,12,1977,5,3600,1.00606980273
413834,413954,415943,120,1989,5,3600,1.06033182504
413946,413989,416006,43,2017,5,3600,1.02131879028
413987,414044,415923,57,1879,5,3600,1.03033528473
414038,414095,416068,57,1973,5,3600,1.02889001521
414089,414156,416152,67,1996,5,3600,1.03356713427
414135,415515,418596,1380,3081,4,3600,1.44790652386
414150,414207,416221,57,2014,5,3600,1.02830188679
414201,414214,416514,13,2300,5,3600,1.00565217391
414212,414330,416385,118,2055,5,3600,1.05742092457
414324,414543,416573,219,2030,5,3600,1.1078817734
414537,414579,416590,42,2011,5,3600,1.02088513178
414568,414645,417015,77,2370,5,3600,1.03248945148
414640,414693,416637,53,1944,5,3600,1.02726337449
414681,415762,417719,1081,1957,5,3600,1.55237608585
415757,415807,417630,50,1823,5,3600,1.02742731761
415798,415835,417748,37,1913,5,3600,1.01934134867
415829,415896,417837,67,1941,5,3600,1.03451828954
415890,415934,417958,44,2024,5,3600,1.02173913043
415931,415955,417966,24,2011,5,3600,1.01193436101
415952,416018,417965,66,1947,5,3600,1.03389830508
416013,416079,418077,66,1998,5,3600,1.03303303303
416075,416165,418150,90,1985,5,3600,1.04534005038
416156,416233,418196,77,1963,5,3600,1.03922567499
416227,416396,418447,169,2051,5,3600,1.08239882984
416390,416526,418523,136,1997,5,3600,1.06810215323
416523,416584,418689,61,2105,5,3600,1.02897862233
416574,416601,418725,27,2124,5,3600,1.01271186441
416595,416649,418602,54,1953,5,3600,1.02764976959
416646,417027,418997,381,1970,5,3600,1.19340101523
417022,417641,419939,619,2298,5,3600,1.26936466493
417631,417731,419695,100,1964,5,3600,1.05091649695
417723,417759,419851,36,2092,5,3600,1.017208413
417754,417848,419942,94,2094,5,3600,1.04489016237
417846,417970,420014,124,2044,5,3600,1.06066536204
417968,417983,419915,15,1932,5,3600,1.00776397516
417968,417976,420001,8,2025,5,3600,1.00395061728
417979,418089,420026,110,1937,5,3600,1.05678884874
418081,418163,420132,82,1969,5,3600,1.04164550533
418152,418208,420263,56,2055,5,3600,1.02725060827
418203,418459,420499,256,2040,5,3600,1.12549019608
418458,418534,420489,76,1955,5,3600,1.03887468031
418529,418620,420541,91,1921,5,3600,1.04737116085
418611,418701,420704,90,2003,5,3600,1.0449326011
418692,418737,420732,45,1995,5,3600,1.02255639098
418733,419008,421092,275,2084,5,3600,1.13195777351
418997,419707,421741,710,2034,5,3600,1.34906588004
419698,419863,421940,165,2077,5,3600,1.07944150217
419851,419927,421932,76,2005,5,3600,1.03790523691
419923,419951,421925,28,1974,5,3600,1.01418439716
419943,419958,421880,15,1922,5,3600,1.00780437045
419954,420013,422001,59,1988,5,3600,1.02967806841
420005,420027,422032,22,2005,5,3600,1.01097256858
420015,420039,421980,24,1941,5,3600,1.01236476043
420036,420144,422062,108,1918,5,3600,1.05630865485
420138,420274,422157,136,1883,5,3600,1.0722251726
420270,420500,422554,230,2054,5,3600,1.11197663096
420494,420511,422512,17,2001,5,3600,1.00849575212
420505,420552,422540,47,1988,5,3600,1.02364185111
420545,420717,423020,172,2303,5,3600,1.07468519323
420708,420744,422655,36,1911,5,3600,1.01883830455
420739,421104,423036,365,1932,5,3600,1.18892339545
421095,421752,423759,657,2007,5,3600,1.32735426009
421745,421891,423865,146,1974,5,3600,1.07396149949
421887,421937,424074,50,2137,5,3600,1.02339728591
421928,421945,423983,17,2038,5,3600,1.00834151129
421939,421951,423999,12,2048,5,3600,1.005859375
421949,421992,423843,43,1851,5,3600,1.02323068612
421990,422012,424063,22,2051,5,3600,1.01072647489
422001,422044,424002,43,1958,5,3600,1.02196118488
422042,422074,424064,32,1990,5,3600,1.01608040201
422062,422168,424152,106,1984,5,3600,1.05342741935
422164,422524,424413,360,1889,5,3600,1.19057702488
422520,422551,424451,31,1900,5,3600,1.01631578947
422541,422565,424553,24,1988,5,3600,1.01207243461
422562,422666,424573,104,1907,5,3600,1.05453592029
422663,423032,424948,369,1916,5,3600,1.19258872651
422987,423723,427035,736,3312,2,21600,1.22222222222
423029,423049,425004,20,1955,5,3600,1.01023017903
423040,423771,425807,731,2036,5,3600,1.35903732809
423107,423730,444545,623,20815,2,21600,1.0299303387
423761,423854,425957,93,2103,5,3600,1.04422253923
423853,423876,425816,23,1940,5,3600,1.0118556701
423874,423994,426011,120,2017,5,3600,1.05949429846
423986,424011,426173,25,2162,5,3600,1.01156336725
424007,424019,425983,12,1964,5,3600,1.00610997963
424007,424076,426269,69,2193,5,3600,1.03146374829
424068,424082,426037,14,1955,5,3600,1.00716112532
424079,424088,426032,9,1944,5,3600,1.00462962963
424079,424163,426150,84,1987,5,3600,1.04227478611
424161,424424,426346,263,1922,5,3600,1.13683662851
424415,424462,426357,47,1895,5,3600,1.02480211082
424456,424564,426778,108,2214,5,3600,1.0487804878
424558,424584,426482,26,1898,5,3600,1.01369863014
424578,424960,427213,382,2253,5,3600,1.16955170883
424954,425015,426921,61,1906,5,3600,1.03200419727
425005,425819,427816,814,1997,5,3600,1.40761141713
425808,425827,427870,19,2043,5,3600,1.00930004895
425818,425969,427861,151,1892,5,3600,1.07980972516
425961,425995,427949,34,1954,5,3600,1.01740020471
425992,426022,427844,30,1822,5,3600,1.01646542261
426013,426043,428165,30,2122,5,3600,1.01413760603
426033,426049,428121,16,2072,5,3600,1.00772200772
426044,426162,428170,118,2008,5,3600,1.05876494024
426156,426184,428168,28,1984,5,3600,1.01411290323
426177,426280,428236,103,1956,5,3600,1.05265848671
426278,426358,428337,80,1979,5,3600,1.0404244568
426350,426368,428384,18,2016,5,3600,1.00892857143
426360,426494,428409,134,1915,5,3600,1.06997389034
426370,430358,440181,3988,9823,12,86400,1.40598595134
426493,426790,428799,297,2009,5,3600,1.14783474365
426788,426933,428935,145,2002,5,3600,1.07242757243
426930,427046,429098,116,2052,5,3600,1.05653021442
427042,427225,429138,183,1913,5,3600,1.09566126503
427225,427827,429877,602,2050,5,3600,1.29365853659
427825,427855,430009,30,2154,5,3600,1.0139275766
427856,427874,430129,18,2255,5,3600,1.00798226164
427876,427883,430191,7,2308,5,3600,1.00303292894
427887,427961,430051,74,2090,5,3600,1.03540669856
427958,428133,430301,175,2168,5,3600,1.0807195572
428131,428176,430219,45,2043,5,3600,1.02202643172
428172,428184,430136,12,1952,5,3600,1.00614754098
428173,428189,430172,16,1983,5,3600,1.00806858296
428193,428247,430262,54,2015,5,3600,1.02679900744
428244,428349,430430,105,2081,5,3600,1.05045651129
428346,428359,430347,13,1988,5,3600,1.00653923541
428357,428396,430522,39,2126,5,3600,1.01834430856
428398,428421,430425,23,2004,5,3600,1.01147704591
428419,428811,430844,392,2033,5,3600,1.19281849484
428815,428947,430911,132,1964,5,3600,1.06720977597
428948,429109,431118,161,2009,5,3600,1.08013937282
429111,429150,431180,39,2030,5,3600,1.01921182266
429152,429889,431840,737,1951,5,3600,1.37775499744
429894,430022,432209,128,2187,5,3600,1.05852766347
430026,430063,431969,37,1906,5,3600,1.01941238195
430067,430140,432185,73,2045,5,3600,1.03569682152
430138,430148,432095,10,1947,5,3600,1.00513610683
430149,430184,432077,35,1893,5,3600,1.01848917063
430180,430204,432218,24,2014,5,3600,1.01191658391
430200,430231,432153,31,1922,5,3600,1.01612903226
430231,430275,432211,44,1936,5,3600,1.02272727273
430272,430312,432328,40,2016,5,3600,1.01984126984
430313,430383,432282,70,1899,5,3600,1.03686150606
430385,430436,432409,51,1973,5,3600,1.02584896097
430436,430443,432339,7,1896,5,3600,1.00369198312
430446,430534,432537,88,2003,5,3600,1.04393409885
430538,430774,432699,236,1925,5,3600,1.1225974026
430772,430781,432633,9,1852,5,3600,1.00485961123
430783,430855,432747,72,1892,5,3600,1.03805496829
430854,430922,432873,68,1951,5,3600,1.03485392107
430926,431130,433114,204,1984,5,3600,1.10282258065
431129,431192,433153,63,1961,5,3600,1.03212646609
431190,431248,433294,58,2046,5,3600,1.02834799609
431252,431258,433220,6,1962,5,3600,1.00305810398
431262,431851,433790,589,1939,5,3600,1.30376482723
431852,431981,433973,129,1992,5,3600,1.06475903614
431984,432088,434069,104,1981,5,3600,1.05249873801
432086,432100,433940,14,1840,5,3600,1.00760869565
432096,432106,434051,10,1945,5,3600,1.00514138817
432107,432165,434199,58,2034,5,3600,1.0285152409
432168,432196,434213,28,2017,5,3600,1.01388200297
432199,432220,434174,21,1954,5,3600,1.01074718526
432220,432226,435576,6,3350,5,3600,1.00179104478
432230,432236,434119,6,1883,5,3600,1.00318640467
432241,432293,434311,52,2018,5,3600,1.02576808722
432292,432340,434271,48,1931,5,3600,1.02485758674
432343,432351,434390,8,2039,5,3600,1.00392349191
432353,432420,434442,67,2022,5,3600,1.0331355094
432425,432548,434581,123,2033,5,3600,1.06050172159
432547,432644,434672,97,2028,5,3600,1.04783037475
432649,432712,434765,63,2053,5,3600,1.03068679981
432710,432759,434753,49,1994,5,3600,1.02457372116
432761,432886,434875,125,1989,5,3600,1.06284565108
432884,433125,435271,241,2146,5,3600,1.11230195713
433128,433165,435086,37,1921,5,3600,1.01926080167
433169,433232,435190,63,1958,5,3600,1.03217568948
433230,433305,435098,75,1793,5,3600,1.04182933631
433301,433458,435493,157,2035,5,3600,1.07714987715
433454,433465,435397,11,1932,5,3600,1.00569358178
433465,433801,435785,336,1984,5,3600,1.16935483871
433800,433951,435985,151,2034,5,3600,1.07423795477
433953,433972,435950,19,1978,5,3600,1.00960566229
433973,433980,435892,7,1912,5,3600,1.00366108787
433984,433990,436281,6,2291,5,3600,1.00261894369
433994,434062,435992,68,1930,5,3600,1.03523316062
434066,434081,436152,15,2071,5,3600,1.00724287784
434077,434132,436133,55,2001,5,3600,1.02748625687
434128,434186,436267,58,2081,5,3600,1.02787121576
434189,434210,436197,21,1987,5,3600,1.01056869653
434210,434225,436131,15,1906,5,3600,1.00786988458
434221,434283,436237,62,1954,5,3600,1.03172978506
434282,434323,436355,41,2032,5,3600,1.02017716535
434323,434403,436452,80,2049,5,3600,1.03904343582
434404,434453,436458,49,2005,5,3600,1.02443890274
440526,440532,440534,6,2,2,3540,1.0
441305,441311,441469,6,158,1,3600,1.03797468354
441651,441657,441999,6,342,1,3600,1.01754385965
442347,442353,443167,6,814,1,3600,1.00737100737
444376,444382,444493,6,111,1,3600,1.05405405405
444670,444676,444983,6,307,1,3600,1.01954397394
444853,444859,445024,6,165,1,3600,1.03636363636
445189,445195,445544,6,349,1,3600,1.01719197708
445195,445201,448455,6,3254,12,43200,1.00184388445
445465,445471,446079,6,608,1,3600,1.00986842105
445910,445916,446684,6,768,1,3600,1.0078125
447938,447944,448053,6,109,1,3600,1.05504587156
448225,448231,448542,6,311,1,3600,1.0192926045
448566,448572,448688,6,116,1,1800,1.05172413793
448985,448991,449095,6,104,1,1800,1.05769230769
448993,448999,449602,6,603,1,3600,1.00995024876
449778,449785,450375,7,590,1,1800,1.01186440678
452130,452137,452182,7,45,1,1800,1.15555555556
452185,452192,452304,7,112,1,1800,1.0625
452486,452492,452571,6,79,1,1800,1.07594936709
452626,452632,452742,6,110,1,1800,1.05454545455
453409,453415,453982,6,567,1,1800,1.01058201058
453410,453421,453718,11,297,1,1800,1.03703703704
455915,455921,455966,6,45,1,1800,1.13333333333
456305,456311,456382,6,71,1,1800,1.08450704225
457407,457413,457690,6,277,1,1800,1.02166064982
460989,460995,462609,6,1614,2,7200,1.00371747212
460990,461001,462570,11,1569,2,7200,1.00701083493
460992,461007,462443,15,1436,2,7200,1.01044568245
460998,461013,462509,15,1496,2,7200,1.01002673797
461005,461018,462505,13,1487,2,7200,1.00874243443
461012,461025,462517,13,1492,2,7200,1.00871313673
461018,461030,462517,12,1487,2,7200,1.00806993948
461025,461036,462666,11,1630,2,7200,1.00674846626
461026,461041,462462,15,1421,2,7200,1.01055594652
461033,461048,462607,15,1559,2,7200,1.00962155228
461039,461053,462564,14,1511,2,7200,1.00926538716
461046,461059,462496,13,1437,2,7200,1.00904662491
461052,461064,462606,12,1542,2,7200,1.00778210117
461059,461070,462632,11,1562,2,7200,1.00704225352
461060,461076,462583,16,1507,2,7200,1.01061712011
461068,461082,462603,14,1521,2,7200,1.00920447074
461074,461087,462673,13,1586,2,7200,1.00819672131
461081,461094,462595,13,1501,2,7200,1.00866089274
461087,461099,462625,12,1526,2,7200,1.00786369594
461094,461105,462738,11,1633,2,7200,1.00673606859
461095,461110,462676,15,1566,2,7200,1.00957854406
461102,461116,462571,14,1455,2,7200,1.00962199313
461109,461122,462581,13,1459,2,7200,1.00891021247
461116,461128,462622,12,1494,2,7200,1.00803212851
461118,461133,462589,15,1456,2,7200,1.0103021978
461124,461140,462736,16,1596,2,7200,1.01002506266
461131,461145,462811,14,1666,2,7200,1.00840336134
461138,461152,462598,14,1446,2,7200,1.00968188105
461144,461157,462612,13,1455,2,7200,1.0089347079
461151,461163,462831,12,1668,2,7200,1.0071942446
461157,461168,462832,11,1664,2,7200,1.00661057692
461159,461175,462596,16,1421,2,7200,1.01125967628
461173,461181,462851,8,1670,2,7200,1.00479041916
461174,461186,462678,12,1492,2,7200,1.00804289544
461181,461192,462717,11,1525,2,7200,1.00721311475
461183,461198,462820,15,1622,2,7200,1.00924784217
461189,461204,462695,15,1491,2,7200,1.01006036217
461196,461209,462705,13,1496,2,7200,1.00868983957
461202,461215,462631,13,1416,2,7200,1.00918079096
461209,461220,462704,11,1484,2,7200,1.00741239892
461542,461548,462231,6,683,8,1500,1.00878477306
461552,461559,462239,7,680,8,1500,1.01029411765
461563,461569,462261,6,692,8,1500,1.00867052023
461573,461580,462256,7,676,8,1500,1.01035502959
461584,461590,462275,6,685,8,1500,1.00875912409
461595,461601,462289,6,688,8,1500,1.00872093023
461605,461611,462375,6,764,8,1500,1.00785340314
461616,461622,462302,6,680,8,1500,1.00882352941
461626,461632,462312,6,680,8,1500,1.00882352941
461637,461643,462335,6,692,8,1500,1.00867052023
461647,461654,462428,7,774,8,1500,1.00904392765
461658,461664,462351,6,687,8,1500,1.00873362445
461668,461674,462388,6,714,8,1500,1.00840336134
461679,461685,462375,6,690,8,1500,1.00869565217
461689,462242,462928,553,686,8,1500,1.80612244898
462114,462122,466681,8,4559,2,10800,1.00175477078
462196,462274,469132,78,6858,2,10800,1.0113735783
462238,462251,462928,13,677,8,1500,1.01920236337
462249,462268,462957,19,689,8,1500,1.02757619739
462270,462287,462977,17,690,8,1500,1.02463768116
462290,462301,462970,11,669,8,1500,1.01644245142
462301,462314,462995,13,681,8,1500,1.01908957416
462311,462323,463015,12,692,8,1500,1.01734104046
462322,462347,463158,25,811,8,1500,1.03082614057
462330,462392,472320,62,9928,2,10800,1.00624496374
462343,462363,463102,20,739,8,1500,1.02706359946
462363,462387,463117,24,730,8,1500,1.03287671233
462384,462398,463071,14,673,8,1500,1.02080237741
462395,462405,463087,10,682,8,1500,1.0146627566
462405,462440,463270,35,830,8,1500,1.0421686747
462420,462508,465863,88,3355,2,10800,1.0262295082
462436,462473,463268,37,795,8,1500,1.0465408805
462473,462524,463941,51,1417,2,7200,1.0359915314
462496,462517,467898,21,5381,2,10800,1.00390262033
462521,462531,464086,10,1555,2,7200,1.00643086817
462528,462583,463294,55,711,8,1500,1.07735583685
462579,462607,463335,28,728,8,1500,1.03846153846
462605,462614,464056,9,1442,2,7200,1.00624133148
462610,462621,463366,11,745,8,1500,1.01476510067
462617,462627,464045,10,1418,2,7200,1.00705218618
462624,462634,464204,10,1570,2,7200,1.00636942675
462630,462640,464168,10,1528,2,7200,1.00654450262
462637,462652,464224,15,1572,2,7200,1.00954198473
462639,462647,462679,8,32,2,600,1.25
462649,462658,464198,9,1540,2,7200,1.00584415584
462655,462677,464285,22,1608,2,7200,1.01368159204
462677,462684,464319,7,1635,2,7200,1.00428134557
462682,462706,463425,24,719,8,1500,1.03337969402
462702,462747,463431,45,684,8,1500,1.06578947368
462743,462842,463552,99,710,8,1500,1.13943661972
462839,462849,464515,10,1666,2,7200,1.00600240096
462845,462940,463629,95,689,8,1500,1.13788098694
462845,462945,464377,100,1432,2,7200,1.06983240223
462945,462951,464447,6,1496,2,7200,1.00401069519
462947,462969,463666,22,697,8,1500,1.03156384505
462952,462959,463007,7,48,2,600,1.14583333333
462967,462975,464614,8,1639,2,7200,1.00488102502
462973,462981,464409,8,1428,2,7200,1.0056022409
462978,462988,463741,10,753,8,1500,1.01328021248
462985,462994,464557,9,1563,2,7200,1.00575815739
462992,463001,464592,9,1591,2,7200,1.00565681961
462999,463008,463693,9,685,8,1500,1.01313868613
463009,463027,463705,18,678,8,1500,1.02654867257
463026,463034,464563,8,1529,2,7200,1.00523217789
463030,463083,463774,53,691,8,1500,1.07670043415
463079,463091,464621,12,1530,2,7200,1.00784313725
463086,463097,464455,11,1358,2,7200,1.00810014728
463097,463103,464650,6,1547,2,7200,1.00387847447
463099,463109,464518,10,1409,2,7200,1.00709723208
463105,463117,464592,12,1475,2,7200,1.00813559322
463112,463123,464562,11,1439,2,7200,1.00764419736
463118,463129,464530,11,1401,2,7200,1.00785153462
463125,463135,464678,10,1543,2,7200,1.0064808814
463132,463141,464700,9,1559,2,7200,1.00577293137
463138,463148,464578,10,1430,2,7200,1.00699300699
463145,463154,464710,9,1556,2,7200,1.0057840617
463151,463160,464711,9,1551,2,7200,1.00580270793
463158,463166,464834,8,1668,2,7200,1.00479616307
463163,463173,463844,10,671,8,1500,1.01490312966
463170,463180,465036,10,1856,2,7200,1.00538793103
463176,463280,464786,104,1506,2,7200,1.06905710491
463276,463286,464777,10,1491,2,7200,1.00670690812
463282,463292,464829,10,1537,2,7200,1.00650618087
463289,463299,464828,10,1529,2,7200,1.00654022237
463295,463306,463995,11,689,8,1500,1.01596516691
463306,463312,463995,6,683,8,1500,1.00878477306
463306,463346,464932,40,1586,2,7200,1.02522068096
463343,463353,464822,10,1469,2,7200,1.00680735194
463350,463359,464916,9,1557,2,7200,1.00578034682
463356,463365,464860,9,1495,2,7200,1.00602006689
463367,463377,464082,10,705,8,1500,1.01418439716
463377,463438,464150,61,712,8,1500,1.0856741573
463439,463445,464135,6,690,8,1500,1.00869565217
463450,463564,464297,114,733,8,1500,1.15552523874
463563,463641,464332,78,691,8,1500,1.11287988423
463645,463677,464368,32,691,8,1500,1.04630969609
463664,464058,486302,394,22244,2,72000,1.01771264161
463676,463704,464424,28,720,8,1500,1.03888888889
463679,464012,546577,333,82565,2,180000,1.00403318597
463707,463716,464427,9,711,8,1500,1.01265822785
463718,463752,464436,34,684,8,1500,1.04970760234
463748,463785,464479,37,694,8,1500,1.05331412104
463789,463856,464562,67,706,8,1500,1.09490084986
463861,464007,464754,146,747,8,1500,1.19544846051
464004,464018,464811,14,793,8,1500,1.01765447667
464014,464094,464778,80,684,8,1500,1.11695906433
464092,464101,465607,9,1506,2,7200,1.00597609562
464106,464146,464844,40,698,8,1500,1.05730659026
464144,464153,465802,9,1649,2,7200,1.00545785324
464150,464163,465608,13,1445,2,7200,1.00899653979
464162,464169,465722,7,1553,2,7200,1.00450740502
464167,464209,464907,42,698,8,1500,1.06017191977
464208,464236,465773,28,1537,2,7200,1.01821730644
464208,464308,465012,100,704,8,1500,1.14204545455
464308,464315,465822,7,1507,2,7200,1.00464499005
464315,464321,465806,6,1485,2,7200,1.00404040404
464320,464343,465045,23,702,8,1500,1.03276353276
464340,464349,465771,9,1422,2,7200,1.00632911392
464347,464380,465950,33,1570,2,7200,1.02101910828
464379,464386,466029,7,1643,2,7200,1.00426049909
464382,464420,465120,38,700,8,1500,1.05428571429
464420,464435,466053,15,1618,2,7200,1.00927070457
464432,464442,465942,10,1500,2,7200,1.00666666667
464443,464449,465141,6,692,8,1500,1.00867052023
464447,464455,466002,8,1547,2,7200,1.00517129929
464454,464462,465176,8,714,8,1500,1.01120448179
464462,464468,465921,6,1453,2,7200,1.00412938747
464464,464491,465684,27,1193,8,1500,1.02263202012
464495,464529,465224,34,695,8,1500,1.04892086331
464526,464573,465286,47,713,8,1500,1.06591865358
464573,464579,466065,6,1486,2,7200,1.00403768506
464577,464589,465288,12,699,8,1500,1.01716738197
464585,464604,466158,19,1554,2,7200,1.01222651223
464605,464612,466225,7,1613,2,7200,1.00433973962
464608,464689,465371,81,682,8,1500,1.11876832845
464689,464702,466351,13,1649,2,7200,1.0078835658
464690,464722,465428,32,706,8,1500,1.04532577904
464720,464766,465473,46,707,8,1500,1.06506364922
464763,464788,466275,25,1487,2,7200,1.01681237391
464785,464795,466253,10,1458,2,7200,1.00685871056
464792,464802,466276,10,1474,2,7200,1.00678426052
464798,464808,466445,10,1637,2,7200,1.00610873549
464805,464814,466345,9,1531,2,7200,1.00587851078
464812,464822,465940,10,1118,8,1500,1.00894454383
464821,464828,466461,7,1633,2,7200,1.0042865891
464827,464834,466365,7,1531,2,7200,1.00457217505
464833,464856,465554,23,698,8,1500,1.0329512894
464854,464871,465574,17,703,8,1500,1.02418207681
464870,464919,466413,49,1494,2,7200,1.0327978581
464915,464927,465625,12,698,8,1500,1.01719197708
464923,464944,466376,21,1432,2,7200,1.01466480447
464940,465024,466628,84,1604,2,7200,1.05236907731
465024,465030,466653,6,1623,2,7200,1.00369685767
465027,465057,465748,30,691,8,1500,1.04341534009
465056,465063,466552,7,1489,2,7200,1.00470114171
465063,465069,466713,6,1644,2,7200,1.00364963504
465068,465123,465826,55,703,8,1500,1.07823613087
465119,465132,465898,13,766,8,1500,1.01697127937
465130,465152,465851,22,699,8,1500,1.03147353362
465150,465188,465890,38,702,8,1500,1.05413105413
465188,465235,466845,47,1610,2,7200,1.02919254658
465232,465283,466001,51,718,8,1500,1.07103064067
465282,465289,467010,7,1721,2,7200,1.00406740267
465289,465296,466859,7,1563,2,7200,1.00447856686
465293,465304,466006,11,702,8,1500,1.01566951567
465300,465310,466888,10,1578,2,7200,1.00633713561
465307,465316,466916,9,1600,2,7200,1.005625
465314,465322,466758,8,1436,2,7200,1.00557103064
465320,465328,466824,8,1496,2,7200,1.00534759358
465324,465382,466240,58,858,8,1500,1.0675990676
465378,465440,466918,62,1478,2,7200,1.04194857916
465436,465485,466211,49,726,8,1500,1.06749311295
465436,465446,467028,10,1582,2,7200,1.00632111252
465488,465565,466274,77,709,8,1500,1.10860366714
465569,465586,466338,17,752,8,1500,1.02260638298
465591,465619,466331,28,712,8,1500,1.0393258427
465619,465637,467119,18,1482,2,7200,1.01214574899
465636,465643,467270,7,1627,2,7200,1.00430239705
465642,465695,466400,53,705,8,1500,1.07517730496
465693,465759,466460,66,701,8,1500,1.09415121255
465760,465767,467249,7,1482,2,7200,1.00472334683
465765,465786,466615,21,829,8,1500,1.02533172497
465785,465837,466559,52,722,8,1500,1.07202216066
465785,465842,467291,57,1449,2,7200,1.03933747412
465838,465849,467298,11,1449,2,7200,1.00759144237
465847,465863,466607,16,744,8,1500,1.02150537634
465859,465869,467521,10,1652,2,7200,1.00605326877
465865,465876,467321,11,1445,2,7200,1.00761245675
465872,465901,467404,29,1503,2,7200,1.01929474385
465898,465908,466983,10,1075,8,1500,1.00930232558
465908,465914,466631,6,717,8,1500,1.00836820084
465919,465925,466630,6,705,8,1500,1.0085106383
465924,465932,467505,8,1573,2,7200,1.00508582327
465929,465952,466663,23,711,8,1500,1.0323488045
465950,465958,466714,8,756,8,1500,1.01058201058
465950,465964,467661,14,1697,2,7200,1.00824985268
465961,466013,466730,52,717,8,1500,1.07252440725
466008,466020,467554,12,1534,2,7200,1.00782268579
466022,466028,466751,6,723,8,1500,1.00829875519
466028,466041,467565,13,1524,2,7200,1.00853018373
466043,466238,466938,195,700,8,1500,1.27857142857
466074,466285,468336,211,2051,16,18000,1.10287664554
466234,466252,467847,18,1595,2,7200,1.01128526646
466249,466259,467757,10,1498,2,7200,1.00667556742
466256,466293,467005,37,712,8,1500,1.05196629213
466256,466266,467867,10,1601,2,7200,1.00624609619
466288,466343,467871,55,1528,2,7200,1.0359947644
466338,466349,467572,11,1223,8,1500,1.00899427637
466347,466355,467908,8,1553,2,7200,1.00515132003
466359,466365,467088,6,723,8,1500,1.00829875519
466362,466377,467735,15,1358,2,7200,1.01104565538
466374,466388,467804,14,1416,2,7200,1.00988700565
466386,466411,467934,25,1523,2,7200,1.01641497045
466408,466417,467896,9,1479,2,7200,1.0060851927
466414,466423,468009,9,1586,2,7200,1.00567465322
466420,466472,467278,52,806,8,1500,1.06451612903
466471,466478,467960,7,1482,2,7200,1.00472334683
466474,466570,466577,96,7,4,18000,10.3
466478,466485,468149,7,1664,2,7200,1.00420673077
466482,466576,467361,94,785,8,1500,1.11974522293
466572,466582,468220,10,1638,2,7200,1.00610500611
466579,466589,468017,10,1428,2,7200,1.00700280112
466585,466595,468166,10,1571,2,7200,1.00636537237
466594,466618,467326,24,708,8,1500,1.03389830508
466615,466626,467340,11,714,8,1500,1.01540616246
466625,466642,467367,17,725,8,1500,1.02344827586
466641,466648,468225,7,1577,2,7200,1.00443880786
466646,466654,467360,8,706,8,1500,1.01133144476
466653,466665,468027,12,1362,2,7200,1.00881057269
466667,466674,467432,7,758,8,1500,1.0092348285
466673,466725,468286,52,1561,2,7200,1.0333119795
466726,466732,468167,6,1435,2,7200,1.00418118467
466728,466741,467466,13,725,8,1500,1.01793103448
466738,466764,467466,26,702,8,1500,1.03703703704
466754,466858,474434,104,7576,2,14400,1.01372756072
466764,466771,468216,7,1445,2,7200,1.00484429066
466769,466835,467673,66,838,8,1500,1.07875894988
466831,466929,467763,98,834,8,1500,1.1175059952
466928,466950,468449,22,1499,2,7200,1.01467645097
466950,466959,468492,9,1533,2,7200,1.00587084149
466953,466995,467705,42,710,8,1500,1.05915492958
466993,467002,468592,9,1590,2,7200,1.00566037736
467000,467008,468486,8,1478,2,7200,1.00541271989
467004,467016,467795,12,779,8,1500,1.01540436457
467015,467099,467993,84,894,8,1500,1.09395973154
467096,467261,468140,165,879,8,1500,1.18771331058
467210,467295,501780,85,34485,2,180000,1.00246483979
467259,467290,468034,31,744,8,1500,1.04166666667
467259,467302,468828,43,1526,2,7200,1.02817824377
467300,467338,468111,38,773,8,1500,1.04915912031
467333,467344,468774,11,1430,2,7200,1.00769230769
467341,467351,468101,10,750,8,1500,1.01333333333
467349,467358,469325,9,1967,2,7200,1.00457549568
467356,467372,468994,16,1622,2,7200,1.00986436498
467368,467379,468904,11,1525,2,7200,1.00721311475
467374,467385,468948,11,1563,2,7200,1.00703774792
467381,467392,468888,11,1496,2,7200,1.00735294118
467393,467404,468914,11,1510,2,7200,1.00728476821
467393,467399,468128,6,729,8,1500,1.00823045267
467394,467477,662450,83,194973,2,604800,1.00042569997
467403,467416,468094,13,678,8,1500,1.0191740413
467414,467444,468151,30,707,8,1500,1.04243281471
467441,467482,469048,41,1566,2,7200,1.02618135377
467478,467490,469020,12,1530,2,7200,1.00784313725
467485,467496,468206,11,710,8,1500,1.01549295775
467493,467502,469120,9,1618,2,7200,1.00556242274
467506,467577,468264,71,687,8,1500,1.10334788937
467576,467583,469079,7,1496,2,7200,1.00467914439
467583,467589,469135,6,1546,2,7200,1.00388098318
467588,467685,468354,97,669,8,1500,1.14499252616
467636,467642,507720,6,40078,2,72000,1.00014970807
467682,467691,469194,9,1503,2,7200,1.00598802395
467689,467697,469262,8,1565,2,7200,1.00511182109
467700,467775,468571,75,796,8,1500,1.09422110553
467710,467808,611853,98,144045,16,144000,1.00068034295
467771,467858,468538,87,680,8,1500,1.12794117647
467771,467782,469315,11,1533,2,7200,1.00717547293
467855,467879,469501,24,1622,2,7200,1.01479654747
467877,467885,469579,8,1694,2,7200,1.00472255018
467883,467939,468722,56,783,8,1500,1.07151979566
467935,468005,468714,70,709,8,1500,1.09873060649
468006,468020,468696,14,676,8,1500,1.02071005917
468017,468046,468751,29,705,8,1500,1.04113475177
468044,468052,469647,8,1595,2,7200,1.00501567398
468048,468105,468802,57,697,8,1500,1.08177905308
468102,468112,469728,10,1616,2,7200,1.00618811881
468109,468118,469630,9,1512,2,7200,1.00595238095
468115,468125,469606,10,1481,2,7200,1.00675219446
468122,468131,469673,9,1542,2,7200,1.00583657588
468128,468137,469679,9,1542,2,7200,1.00583657588
468135,468143,469869,8,1726,2,7200,1.00463499421
468139,468149,468815,10,666,8,1500,1.01501501502
468147,468155,469815,8,1660,2,7200,1.00481927711
468160,468166,468846,6,680,8,1500,1.00882352941
468167,468174,469806,7,1632,2,7200,1.00428921569
468171,468181,468980,10,799,8,1500,1.01251564456
468172,468365,468369,193,4,4,18000,19.7
468179,468187,469773,8,1586,2,7200,1.00504413619
468186,468193,469702,7,1509,2,7200,1.00463883366
468191,468218,469269,27,1051,8,1500,1.02568981922
468218,468225,469667,7,1442,2,7200,1.00485436893
468222,468237,469018,15,781,8,1500,1.01920614597
468233,468275,469126,42,851,8,1500,1.04935370153
468271,468371,470028,100,1657,2,7200,1.06035003018
468323,468348,596132,25,127784,16,604800,1.00019564265
468346,468726,503681,380,34955,2,72000,1.01087112001
468371,468378,469954,7,1576,2,7200,1.00444162437
468375,468460,469152,85,692,8,1500,1.12283236994
468457,468549,469286,92,737,8,1500,1.12483039349
468546,468557,470086,11,1529,2,7200,1.0071942446
468553,468563,470183,10,1620,2,7200,1.00617283951
468559,468582,469279,23,697,8,1500,1.03299856528
468580,468707,469694,127,987,8,1500,1.12867274569
468704,468713,470157,9,1444,2,7200,1.00623268698
468711,468732,470340,21,1608,2,7200,1.01305970149
468728,468738,470301,10,1563,2,7200,1.00639795266
468743,468755,470244,12,1489,2,7200,1.00805910007
468743,468749,469466,6,717,8,1500,1.00836820084
468753,468763,469459,10,696,8,1500,1.01436781609
468760,468785,470468,25,1683,2,7200,1.01485442662
468782,468813,470325,31,1512,2,7200,1.0205026455
468812,468820,470351,8,1531,2,7200,1.00522534291
468825,468831,469512,6,681,8,1500,1.00881057269
468830,468837,470304,7,1467,2,7200,1.00477164281
468835,468858,469717,23,859,8,1500,1.02677532014
468856,468915,469595,59,680,8,1500,1.08676470588
468912,468926,470430,14,1504,2,7200,1.00930851064
468924,468960,470355,36,1395,2,7200,1.02580645161
468958,468991,469687,33,696,8,1500,1.0474137931
468989,469030,469846,41,816,8,1500,1.05024509804
469028,469036,470534,8,1498,2,7200,1.00534045394
469034,469042,470597,8,1555,2,7200,1.00514469453
469040,469138,469857,98,719,8,1500,1.13630041725
469134,469145,470807,11,1662,2,7200,1.00661853189
469134,469300,469305,166,5,4,18000,17.1
469141,469151,470775,10,1624,2,7200,1.00615763547
469153,469164,469862,11,698,8,1500,1.01575931232
469161,469171,470694,10,1523,2,7200,1.00656598818
469168,469177,470682,9,1505,2,7200,1.00598006645
469174,469281,470064,107,783,8,1500,1.13665389527
469278,469287,470860,9,1573,2,7200,1.00572155118
469284,469293,470830,9,1537,2,7200,1.00585556278
469296,469306,470075,10,769,8,1500,1.01300390117
469304,469312,470728,8,1416,2,7200,1.00564971751
469311,469318,470848,7,1530,2,7200,1.0045751634
469317,469327,470018,10,691,8,1500,1.01447178003
469326,469337,470891,11,1554,2,7200,1.00707850708
469333,469472,470978,139,1506,2,7200,1.09229747676
469470,469479,470172,9,693,8,1500,1.01298701299
469480,469512,470213,32,701,8,1500,1.04564907275
469511,469524,470231,13,707,8,1500,1.01838755304
469522,469606,470396,84,790,8,1500,1.10632911392
469604,469691,470377,87,686,8,1500,1.12682215743
469617,469659,476873,42,7214,6,7200,1.00582201275
469689,469698,471211,9,1513,2,7200,1.00594844679
469696,469706,470427,10,721,8,1500,1.01386962552
469706,469729,470458,23,729,8,1500,1.03155006859
469706,469712,471539,6,1827,2,7200,1.00328407225
469727,469739,470497,12,758,8,1500,1.01583113456
469737,469798,470536,61,738,8,1500,1.08265582656
469796,469804,471365,8,1561,2,7200,1.00512491992
469802,469818,471511,16,1693,2,7200,1.00945067927
469814,469826,471213,12,1387,2,7200,1.0086517664
469826,469858,471404,32,1546,2,7200,1.02069857697
469859,469872,470560,13,688,8,1500,1.01889534884
469859,469865,471780,6,1915,2,7200,1.00313315927
469869,469884,471500,15,1616,2,7200,1.00928217822
469869,469879,470671,10,792,8,1500,1.01262626263
469880,470030,470721,150,691,8,1500,1.21707670043
469943,470035,491976,92,21941,2,72000,1.00419306321
470025,470183,470947,158,764,10,10800,1.20680628272
470031,470042,471642,11,1600,2,7200,1.006875
470037,470048,472074,11,2026,2,7200,1.00542941757
470044,470055,471561,11,1506,2,7200,1.00730411687
470050,470076,471561,26,1485,2,7200,1.01750841751
470072,470082,471733,10,1651,2,7200,1.00605693519
470081,470088,471607,7,1519,2,7200,1.00460829493
470087,470095,471709,8,1614,2,7200,1.00495662949
470094,470101,470799,7,698,8,1500,1.0100286533
470094,470168,471822,74,1654,2,7200,1.04474002418
470165,470224,471022,59,798,8,1500,1.07393483709
470222,470231,471822,9,1591,2,7200,1.00565681961
470229,470242,471770,13,1528,2,7200,1.0085078534
470244,470250,471762,6,1512,2,7200,1.00396825397
470246,470257,471762,11,1505,2,7200,1.0073089701
470257,470317,471035,60,718,8,1500,1.08356545961
470262,470270,524301,8,54031,1,54000,1.00014806315
470314,470336,472029,22,1693,2,7200,1.01299468399
470336,470351,471792,15,1441,2,7200,1.01040943789
470349,470388,471146,39,758,8,1500,1.05145118734
470388,470394,471922,6,1528,2,7200,1.00392670157
470390,470447,495571,57,25124,2,72000,1.00226874701
470390,470407,471211,17,804,8,1500,1.02114427861
470404,470414,471890,10,1476,2,7200,1.00677506775
470410,470439,471135,29,696,8,1500,1.04166666667
470437,470469,472150,32,1681,2,7200,1.01903628792
470469,470476,471897,7,1421,2,7200,1.00492610837
470472,470508,471255,36,747,8,1500,1.04819277108
470505,470514,471968,9,1454,2,7200,1.00618982118
470512,470520,472076,8,1556,2,7200,1.00514138817
470523,470547,471308,24,761,8,1500,1.03153745072
470544,470573,471263,29,690,8,1500,1.04202898551
470572,470579,472084,7,1505,2,7200,1.00465116279
470574,470682,471418,108,736,8,1500,1.14673913043
470682,470688,472205,6,1517,2,7200,1.00395517469
470687,470732,471518,45,786,8,1500,1.0572519084
470728,470739,471440,11,701,8,1500,1.01569186876
470735,470786,472251,51,1465,2,7200,1.03481228669
470787,470811,472433,24,1622,2,7200,1.01479654747
470809,470817,472207,8,1390,2,7200,1.00575539568
470816,470824,472423,8,1599,2,7200,1.00500312695
470830,470859,471586,29,727,8,1500,1.03988995873
470857,470873,472416,16,1543,2,7200,1.01036941024
470869,470902,472417,33,1515,2,7200,1.02178217822
470901,470963,472630,62,1667,2,7200,1.03719256149
470901,470958,471669,57,711,8,1500,1.08016877637
470962,471047,471753,85,706,8,1500,1.12039660057
471018,471033,471036,15,3,4,18000,1.8
471044,471053,471804,9,751,8,1500,1.0119840213
471051,471060,472569,9,1509,2,7200,1.00596421471
471057,471147,472732,90,1585,2,7200,1.05678233438
471145,471153,472649,8,1496,2,7200,1.00534759358
471156,471163,471899,7,736,8,1500,1.00951086957
471167,471222,471977,55,755,8,1500,1.07284768212
471218,471229,471933,11,704,8,1500,1.015625
471228,471266,472809,38,1543,2,7200,1.02462734932
471266,471272,472822,6,1550,2,7200,1.00387096774
471269,471280,472083,11,803,8,1500,1.01369863014
471280,471320,472029,40,709,8,1500,1.05641748942
471321,471415,472178,94,763,8,1500,1.12319790301
471413,471431,472136,18,705,8,1500,1.02553191489
471413,471452,472917,39,1465,2,7200,1.02662116041
471450,471459,473053,9,1594,2,7200,1.00564617315
471464,471522,472228,58,706,8,1500,1.0821529745
471521,471529,472233,8,704,8,1500,1.01136363636
471527,471551,472980,24,1429,2,7200,1.01679496151
471549,471572,473135,23,1563,2,7200,1.01471529111
471570,471579,473268,9,1689,2,7200,1.0053285968
471576,471598,473063,22,1465,2,7200,1.01501706485
471598,471604,473264,6,1660,2,7200,1.00361445783
471602,471653,472398,51,745,8,1500,1.06845637584
471650,471680,473135,30,1455,2,7200,1.0206185567
471677,471687,473209,10,1522,2,7200,1.00657030223
471684,471746,472443,62,697,8,1500,1.08895265423
471743,471764,473428,21,1664,2,7200,1.01262019231
471765,471771,473362,6,1591,2,7200,1.00377121307
471776,471782,472482,6,700,8,1500,1.00857142857
471781,471788,473334,7,1546,2,7200,1.00452781371
471786,471815,472532,29,717,8,1500,1.04044630404
471814,471821,473296,7,1475,2,7200,1.00474576271
471817,471902,472625,85,723,8,1500,1.11756569848
471899,471911,472639,12,728,8,1500,1.01648351648
471908,471917,473561,9,1644,2,7200,1.00547445255
471915,471933,473627,18,1694,2,7200,1.0106257379
471930,471980,472679,50,699,8,1500,1.07153075823
471938,472040,472199,102,159,16,18000,1.64150943396
471978,472045,473631,67,1586,2,7200,1.04224464061
472042,472094,472886,52,792,8,1500,1.06565656566
472042,472087,473618,45,1531,2,7200,1.02939255389
472090,472101,473739,11,1638,2,7200,1.00671550672
472097,472107,473730,10,1623,2,7200,1.00616142945
472103,472114,473634,11,1520,2,7200,1.00723684211
472103,472147,472871,44,724,8,1500,1.06077348066
472144,472190,472895,46,705,8,1500,1.06524822695
472185,472211,472909,26,698,8,1500,1.03724928367
472208,472218,473786,10,1568,2,7200,1.00637755102
472212,472454,473615,242,1161,16,10800,1.20844099914
472216,472240,472982,24,742,8,1500,1.03234501348
472237,472246,472968,9,722,8,1500,1.01246537396
472246,472254,473647,8,1393,2,7200,1.00574300072
472254,472264,473790,10,1526,2,7200,1.00655307995
472260,472410,473891,150,1481,2,7200,1.10128291695
472406,472416,474077,10,1661,2,7200,1.0060204696
472412,472423,473885,11,1462,2,7200,1.00752393981
472419,472429,473903,10,1474,2,7200,1.00678426052
472426,472441,474047,15,1606,2,7200,1.00933997509
472430,472436,494029,6,21593,2,72000,1.00027786783
472437,472448,474088,11,1640,2,7200,1.00670731707
472449,472460,472496,11,36,2,36000,1.30555555556
472458,472467,474114,9,1647,2,7200,1.00546448087
472464,472473,473957,9,1484,2,7200,1.00606469003
472471,472507,473927,36,1420,2,7200,1.02535211268
472476,472494,472964,18,470,8,3600,1.03829787234
472503,472544,474275,41,1731,2,7200,1.02368573079
472541,472550,474019,9,1469,2,7200,1.00612661675
472554,472637,473417,83,780,8,1500,1.10641025641
472634,472643,474146,9,1503,2,7200,1.00598802395
472641,472650,474194,9,1544,2,7200,1.00582901554
472645,472656,473411,11,755,8,1500,1.01456953642
472656,472691,473423,35,732,8,1500,1.04781420765
472687,472743,473460,56,717,8,1500,1.07810320781
472739,472820,474385,81,1565,2,7200,1.0517571885
472819,472882,473593,63,711,8,1500,1.08860759494
472881,472897,473695,16,798,8,1500,1.02005012531
472894,472904,474556,10,1652,2,7200,1.00605326877
472901,472911,474582,10,1671,2,7200,1.00598444045
472907,472917,474505,10,1588,2,7200,1.00629722922
472922,472928,473648,6,720,8,1500,1.00833333333
472927,472934,474472,7,1538,2,7200,1.00455136541
472932,472974,473685,42,711,8,1500,1.05907172996
472973,472981,473729,8,748,8,1500,1.01069518717
472982,472988,474450,6,1462,2,7200,1.00410396717
472984,472995,473706,11,711,8,1500,1.01547116737
472994,473074,473851,80,777,8,1500,1.10296010296
473075,473146,474726,71,1580,2,7200,1.04493670886
473144,473152,474700,8,1548,2,7200,1.00516795866
473157,473295,474018,138,723,8,1500,1.19087136929
473214,473301,499976,87,26675,2,72000,1.00326148079
473294,473307,474857,13,1550,2,7200,1.00838709677
473306,473313,474750,7,1437,2,7200,1.00487125957
473310,473422,474130,112,708,8,1500,1.1581920904
473422,473428,475102,6,1674,2,7200,1.00358422939
473426,473434,474135,8,701,8,1500,1.01141226819
473433,473441,475153,8,1712,2,7200,1.0046728972
473437,473447,474149,10,702,8,1500,1.01424501425
473445,473453,475004,8,1551,2,7200,1.0051579626
473457,473471,474412,14,941,8,1500,1.01487778959
473468,473605,474360,137,755,8,1500,1.18145695364
473601,473627,474334,26,707,8,1500,1.03677510608
473627,473633,475156,6,1523,2,7200,1.00393959291
473631,473639,474359,8,720,8,1500,1.01111111111
473639,473646,475166,7,1520,2,7200,1.00460526316
473642,473652,474373,10,721,8,1500,1.01386962552
473650,473658,475418,8,1760,2,7200,1.00454545455
473657,473665,475288,8,1623,2,7200,1.00492914356
473663,473696,474521,33,825,8,1500,1.04
473694,473718,474442,24,724,8,1500,1.03314917127
473699,473797,474953,98,1156,16,10800,1.08477508651
473714,473740,474524,26,784,8,1500,1.03316326531
473741,473747,475141,6,1394,2,7200,1.00430416069
473742,473754,475351,12,1597,2,7200,1.00751408892
473746,473863,503350,117,29487,2,72000,1.00396785024
473749,473804,475415,55,1611,2,7200,1.03414028554
473767,473868,473904,101,36,2,36000,3.80555555556
473867,473903,474612,36,709,8,1500,1.05077574048
473898,473938,474655,40,717,8,1500,1.05578800558
473938,473970,475606,32,1636,2,7200,1.0195599022
473965,474030,475540,65,1510,2,7200,1.04304635762
474028,474036,475591,8,1555,2,7200,1.00514469453
474035,474048,475570,13,1522,2,7200,1.0085413929
474037,474042,477692,5,3650,1,3600,1.00136986301
474047,474054,475596,7,1542,2,7200,1.00453955901
474051,474127,474865,76,738,8,1500,1.10298102981
474122,474141,474855,19,714,8,1500,1.02661064426
474141,474147,475784,6,1637,2,7200,1.0036652413
474143,474157,474869,14,712,8,1500,1.01966292135
474143,474164,475840,21,1676,2,7200,1.01252983294
474164,474205,474925,41,720,8,1500,1.05694444444
474172,474286,478979,114,4693,2,72000,1.02429149798
474201,474347,475773,146,1426,2,7200,1.10238429173
474347,474371,475105,24,734,8,1500,1.03269754768
474347,474376,475903,29,1527,2,7200,1.01899148657
474374,474382,475931,8,1549,2,7200,1.00516462234
474379,474389,476610,10,2221,5,3600,1.00450247636
474386,474395,475847,9,1452,2,7200,1.00619834711
474392,474403,475839,11,1436,2,7200,1.00766016713
474399,474409,475848,10,1439,2,7200,1.00694927033
474405,474415,475896,10,1481,2,7200,1.00675219446
474412,474422,475818,10,1396,2,7200,1.00716332378
474419,474428,475921,9,1493,2,7200,1.00602813128
474425,474434,475925,9,1491,2,7200,1.0060362173
474430,474441,476513,11,2072,5,3600,1.00530888031
474437,474447,475969,10,1522,2,7200,1.00657030223
474450,474457,476539,7,2082,5,3600,1.00336215178
474457,474463,476089,6,1626,2,7200,1.0036900369
474459,474469,476019,10,1550,2,7200,1.0064516129
474465,474476,475846,11,1370,2,7200,1.00802919708
474472,474482,476044,10,1562,2,7200,1.00640204866
474481,474532,476641,51,2109,5,3600,1.02418207681
474484,474516,474632,32,116,4,72000,1.27586206897
474532,474538,476035,6,1497,2,7200,1.00400801603
474539,474545,476064,6,1519,2,7200,1.00394996708
474543,474552,476826,9,2274,5,3600,1.00395778364
474553,474568,476774,15,2206,5,3600,1.00679963735
474564,474624,476690,60,2066,5,3600,1.02904162633
474612,474644,492650,32,18006,4,18000,1.00177718538
474624,474631,476024,7,1393,2,7200,1.00502512563
474631,474637,476268,6,1631,2,7200,1.00367872471
474635,474667,476776,32,2109,5,3600,1.0151730678
474666,474675,476736,9,2061,5,3600,1.00436681223
474677,474761,476879,84,2118,5,3600,1.03966005666
474758,474871,476496,113,1625,2,7200,1.06953846154
474758,474866,476964,108,2098,5,3600,1.05147759771
474871,474878,477000,7,2122,5,3600,1.00329877474
474877,474885,476376,8,1491,2,7200,1.00536552649
474882,474892,477024,10,2132,5,3600,1.00469043152
474888,474898,477623,10,2725,2,7200,1.00366972477
474902,474909,477011,7,2102,5,3600,1.00333016175
474909,474937,476517,28,1580,2,7200,1.01772151899
474933,474943,477059,10,2116,5,3600,1.00472589792
474944,474964,478133,20,3169,5,3600,1.00631113916
474964,474971,477030,7,2059,5,3600,1.0033997086
474975,474981,476996,6,2015,5,3600,1.00297766749
474985,475016,477066,31,2050,5,3600,1.01512195122
475016,475113,476570,97,1457,2,7200,1.06657515443
475114,475121,476684,7,1563,2,7200,1.00447856686
475118,475127,477250,9,2123,5,3600,1.00423928403
475129,475165,477455,36,2290,5,3600,1.01572052402
475162,475172,476615,10,1443,2,7200,1.00693000693
475169,475179,476820,10,1641,2,7200,1.00609384522
475175,475300,476756,125,1456,2,7200,1.08585164835
475299,475363,476918,64,1555,2,7200,1.04115755627
475363,475427,477014,64,1587,2,7200,1.04032766226
475363,475619,477790,256,2171,5,3600,1.11791801013
475456,475611,475614,155,3,1,3600,15.8
475458,475581,483067,123,7486,4,108000,1.01643067059
475504,475603,479881,99,4278,2,7200,1.02314165498
475617,475796,477963,179,2167,5,3600,1.08260267651
475617,475830,477365,213,1535,2,7200,1.13876221498
475825,475851,477283,26,1432,2,7200,1.01815642458
475847,475858,477301,11,1443,2,7200,1.00762300762
475854,475865,477387,11,1522,2,7200,1.00722733246
475860,475871,477288,11,1417,2,7200,1.00776287932
475867,475879,477396,12,1517,2,7200,1.00791034937
475878,475908,477446,30,1538,2,7200,1.01950585176
475906,475915,477429,9,1514,2,7200,1.00594451783
475912,475943,478018,31,2075,5,3600,1.01493975904
475943,476036,478279,93,2243,5,3600,1.04146232724
476001,476621,476891,620,270,10,18000,3.2962962963
476031,476055,477611,24,1556,2,7200,1.01542416452
476053,476100,477578,47,1478,2,7200,1.03179972936
476096,476388,478603,292,2215,5,3600,1.13182844244
476265,476509,476510,244,1,1,195000,24.5
476384,476529,477961,145,1432,2,7200,1.10125698324
476525,476535,478135,10,1600,2,7200,1.00625
476531,476543,478082,12,1539,2,7200,1.00779727096
476539,476552,478810,13,2258,5,3600,1.00575730735
476548,476558,478039,10,1481,2,7200,1.00675219446
476555,476582,478183,27,1601,2,7200,1.01686445971
476580,476653,478741,73,2088,5,3600,1.03496168582
476649,476659,478132,10,1473,2,7200,1.00678886626
476656,476695,478291,39,1596,2,7200,1.02443609023
476692,476702,478719,10,2017,5,3600,1.00495785821
476698,476747,478144,49,1397,2,7200,1.03507516106
476743,476767,478801,24,2034,5,3600,1.01179941003
476764,476786,479146,22,2360,5,3600,1.0093220339
476782,476792,478379,10,1587,2,7200,1.00630119723
476789,476799,478474,10,1675,2,7200,1.00597014925
476795,476838,478879,43,2041,5,3600,1.02106810387
476836,476886,478962,50,2076,5,3600,1.02408477842
476883,476892,478309,9,1417,2,7200,1.00635144672
476897,476903,478959,6,2056,5,3600,1.00291828794
476901,476909,478690,8,1781,2,7200,1.00449185851
476907,476915,478577,8,1662,2,7200,1.00481347774
476914,476922,478460,8,1538,2,7200,1.00520156047
476918,476929,478994,11,2065,5,3600,1.00532687651
476926,476935,478493,9,1558,2,7200,1.00577663671
476932,476941,478500,9,1559,2,7200,1.00577293137
476939,476975,478931,36,1956,5,3600,1.01840490798
476939,477007,478436,68,1429,2,7200,1.04758572428
477007,477013,478516,6,1503,2,7200,1.00399201597
477009,477019,478537,10,1518,2,7200,1.00658761528
477015,477025,478638,10,1613,2,7200,1.00619962802
477022,477032,478493,10,1461,2,7200,1.00684462697
477029,477039,478572,10,1533,2,7200,1.00652315721
477035,477046,478606,11,1560,2,7200,1.00705128205
477041,477052,479290,11,2238,5,3600,1.00491510277
477052,477058,479094,6,2036,5,3600,1.00294695481
477057,477064,478656,7,1592,2,7200,1.00439698492
477062,477070,479082,8,2012,5,3600,1.00397614314
477069,477078,478798,9,1720,2,7200,1.00523255814
477076,477084,478474,8,1390,2,7200,1.00575539568
477082,477091,478644,9,1553,2,7200,1.00579523503
477093,477262,479590,169,2328,5,3600,1.07259450172
477231,477294,477330,63,36,2,36000,2.75
477294,477301,478706,7,1405,2,7200,1.00498220641
477297,477376,479496,79,2120,5,3600,1.03726415094
477373,477400,479019,27,1619,2,7200,1.01667696109
477396,477407,478936,11,1529,2,7200,1.0071942446
477407,477441,478967,34,1526,2,7200,1.02228047182
477439,477458,478985,19,1527,2,7200,1.0124426981
477456,477466,479123,10,1657,2,7200,1.00603500302
477462,477473,478994,11,1521,2,7200,1.00723208416
477470,477622,479708,152,2086,5,3600,1.07286673058
477619,477634,479183,15,1549,2,7200,1.00968366688
477630,477704,479264,74,1560,2,7200,1.04743589744
477703,477802,479228,99,1426,2,7200,1.06942496494
477798,477808,479322,10,1514,2,7200,1.00660501982
477804,477972,479517,168,1545,2,7200,1.10873786408
477968,477979,480024,11,2045,5,3600,1.00537897311
477976,478030,479645,54,1615,2,7200,1.03343653251
478027,478037,479824,10,1787,2,7200,1.0055959709
478040,478094,480147,54,2053,5,3600,1.02630297126
478091,478146,480279,55,2133,5,3600,1.02578527895
478142,478153,480326,11,2173,5,3600,1.00506212609
478151,478160,479595,9,1435,2,7200,1.006271777
478158,478195,479765,37,1570,2,7200,1.02356687898
478190,478292,479876,102,1584,2,7200,1.06439393939
478290,478298,479654,8,1356,2,7200,1.00589970501
478295,478321,480498,26,2177,5,3600,1.01194304088
478317,478390,479921,73,1531,2,7200,1.04768125408
478387,478486,480588,99,2102,5,3600,1.0470980019
478485,478492,480135,7,1643,2,7200,1.00426049909
478489,478504,480605,15,2101,5,3600,1.0071394574
478502,478511,480126,9,1615,2,7200,1.00557275542
478509,478528,480207,19,1679,2,7200,1.01131625968
478527,478548,480025,21,1477,2,7200,1.01421800948
478549,478584,480090,35,1506,2,7200,1.02324037185
478580,478615,480723,35,2108,5,3600,1.01660341556
478611,478650,480749,39,2099,5,3600,1.01858027632
478649,478657,480294,8,1637,2,7200,1.00488698839
478652,478701,480896,49,2195,5,3600,1.02232346241
478697,478718,480185,21,1467,2,7200,1.01431492843
478714,478752,480301,38,1549,2,7200,1.0245319561
478714,478730,480722,16,1992,5,3600,1.00803212851
478754,478760,480240,6,1480,2,7200,1.00405405405
478760,478809,480226,49,1417,2,7200,1.0345800988
478806,478817,480848,11,2031,5,3600,1.00541605121
478813,478824,480260,11,1436,2,7200,1.00766016713
478820,478830,480306,10,1476,2,7200,1.00677506775
478826,478891,481003,65,2112,5,3600,1.03077651515
478826,478896,480413,70,1517,2,7200,1.04614370468
478895,478949,480448,54,1499,2,7200,1.03602401601
478919,478943,518414,24,39471,1,86400,1.00060804135
478948,478955,480568,7,1613,2,7200,1.00433973962
478955,478962,480499,7,1537,2,7200,1.00455432661
478959,478971,481173,12,2202,5,3600,1.00544959128
478966,478977,480718,11,1741,2,7200,1.00631820793
478973,478983,480497,10,1514,2,7200,1.00660501982
478979,478998,480526,19,1528,2,7200,1.01243455497
478980,478991,481061,11,2070,5,3600,1.00531400966
478996,479005,480556,9,1551,2,7200,1.00580270793
479000,479011,481171,11,2160,5,3600,1.00509259259
479008,479030,480427,22,1397,2,7200,1.0157480315
479029,479094,480730,65,1636,2,7200,1.03973105134
479092,479106,481235,14,2129,5,3600,1.00657585721
479093,479240,479244,147,4,1,3600,15.1
479103,479134,481203,31,2069,5,3600,1.01498308362
479103,479157,480771,54,1614,2,7200,1.03345724907
479154,479194,481315,40,2121,5,3600,1.01885902876
479192,479255,480620,63,1365,2,7200,1.04615384615
479256,479276,480644,20,1368,2,7200,1.01461988304
479273,479301,480847,28,1546,2,7200,1.01811125485
479297,479513,481626,216,2113,5,3600,1.1022243256
479310,479508,551541,198,72033,4,72000,1.00274874016
479418,479529,479530,111,1,1,195000,11.2
479510,479602,481974,92,2372,5,3600,1.03878583474
479599,479608,481211,9,1603,2,7200,1.00561447286
479612,479658,481801,46,2143,5,3600,1.02146523565
479653,479719,481818,66,2099,5,3600,1.03144354455
479720,479726,481067,6,1341,2,7200,1.00447427293
479725,479835,481923,110,2088,5,3600,1.05268199234
479835,479887,481401,52,1514,2,7200,1.03434610304
479883,479894,481518,11,1624,2,7200,1.00677339901
479890,479934,481451,44,1517,2,7200,1.02900461437
479933,480036,481575,103,1539,2,7200,1.0669265757
480032,480042,482022,10,1980,2,7200,1.00505050505
480039,480049,481631,10,1582,2,7200,1.00632111252
480045,480101,481564,56,1463,2,7200,1.03827751196
480098,480138,481635,40,1497,2,7200,1.02672010688
480136,480148,481714,12,1566,2,7200,1.00766283525
480147,480159,481576,12,1417,2,7200,1.00846859562
480154,480165,481689,11,1524,2,7200,1.00721784777
480161,480171,481730,10,1559,2,7200,1.00641436818
480167,480196,481645,29,1449,2,7200,1.02001380262
480193,480251,482411,58,2160,5,3600,1.02685185185
480251,480272,481732,21,1460,2,7200,1.01438356164
480268,480290,481791,22,1501,2,7200,1.0146568954
480290,480297,481964,7,1667,2,7200,1.00419916017
480295,480313,482371,18,2058,5,3600,1.00874635569
480312,480320,481650,8,1330,2,7200,1.00601503759
480316,480337,482411,21,2074,5,3600,1.01012536162
480334,480424,481991,90,1567,2,7200,1.05743458839
480424,480438,482145,14,1707,2,7200,1.00820152314
480435,480460,481991,25,1531,2,7200,1.0163291966
480458,480508,482191,50,1683,2,7200,1.02970885324
480506,480515,481944,9,1429,2,7200,1.00629811057
480512,480521,482161,9,1640,2,7200,1.00548780488
480519,480527,481976,8,1449,2,7200,1.005521049
480530,480568,482876,38,2308,5,3600,1.0164644714
480567,480580,482122,13,1542,2,7200,1.0084306096
480579,480600,482181,21,1581,2,7200,1.01328273245
480596,480607,482148,11,1541,2,7200,1.00713822193
480603,480613,482171,10,1558,2,7200,1.00641848524
480609,480620,482338,11,1718,2,7200,1.00640279395
480616,480626,482194,10,1568,2,7200,1.00637755102
480622,480655,482744,33,2089,5,3600,1.01579703207
480646,480740,664390,94,183650,1,183600,1.00051184318
480653,480735,482758,82,2023,5,3600,1.0405338606
480731,480747,482229,16,1482,2,7200,1.01079622132
480743,480754,482279,11,1525,2,7200,1.00721311475
480755,480761,482913,6,2152,5,3600,1.00278810409
480759,480768,482416,9,1648,2,7200,1.00546116505
480765,480859,482913,94,2054,5,3600,1.04576436222
480766,480783,482339,17,1556,2,7200,1.01092544987
480855,480866,482411,11,1545,2,7200,1.0071197411
480862,480872,482250,10,1378,2,7200,1.00725689405
480877,480909,482566,32,1657,2,7200,1.01931200966
480904,480915,482418,11,1503,2,7200,1.00731869594
480918,481015,483152,97,2137,5,3600,1.04539073467
481010,481072,483263,62,2191,5,3600,1.02829758101
481071,481183,483296,112,2113,5,3600,1.05300520587
481180,481222,826858,42,345636,10,345600,1.00012151512
481182,481190,482930,8,1740,2,7200,1.00459770115
481194,481248,483458,54,2210,5,3600,1.02443438914
481245,481326,483371,81,2045,5,3600,1.03960880196
481326,481332,482581,6,1249,2,7200,1.00480384307
481337,481462,483653,125,2191,5,3600,1.05705157462
481459,481587,483689,128,2102,5,3600,1.0608943863
481460,481594,483029,134,1435,2,7200,1.09337979094
481591,481638,483257,47,1619,2,7200,1.0290302656
481640,481646,483152,6,1506,2,7200,1.00398406375
481643,481652,483703,9,2051,5,3600,1.00438810336
481652,481660,483222,8,1562,2,7200,1.00512163892
481659,481666,483119,7,1453,2,7200,1.00481761872
481663,481725,483847,62,2122,5,3600,1.02921771913
481722,481741,483276,19,1535,2,7200,1.01237785016
481739,481747,483344,8,1597,2,7200,1.00500939261
481745,481812,483970,67,2158,5,3600,1.03104726599
481808,481818,483382,10,1564,2,7200,1.00639386189
481817,481829,483990,12,2161,5,3600,1.00555298473
481827,481935,484222,108,2287,5,3600,1.04722343682
481934,481955,483331,21,1376,2,7200,1.01526162791
481951,481976,483478,25,1502,2,7200,1.01664447403
481974,481985,483551,11,1566,2,7200,1.00702426564
481985,481991,483513,6,1522,2,7200,1.00394218134
481987,481997,483572,10,1575,2,7200,1.00634920635
481993,482003,483530,10,1527,2,7200,1.00654878847
482000,482422,482765,422,343,16,345600,2.23032069971
482000,482065,483673,65,1608,2,7200,1.04042288557
482000,482204,484304,204,2100,5,3600,1.09714285714
482059,482173,482175,114,2,2,3600,11.6
482204,482241,484297,37,2056,5,3600,1.01799610895
482241,482262,483674,21,1412,2,7200,1.01487252125
482258,482291,483776,33,1485,2,7200,1.02222222222
482291,482349,483832,58,1483,2,7200,1.03910991234
482346,482384,484479,38,2095,5,3600,1.01813842482
482380,482390,483824,10,1434,2,7200,1.0069735007
482386,482427,484018,41,1591,2,7200,1.025769956
482424,482434,483939,10,1505,2,7200,1.00664451827
482431,482440,483897,9,1457,2,7200,1.00617707618
482437,482446,483995,9,1549,2,7200,1.00581020013
482444,482454,483884,10,1430,2,7200,1.00699300699
482452,482577,484166,125,1589,2,7200,1.07866582756
482577,482593,484142,16,1549,2,7200,1.01032924467
482589,482757,484282,168,1525,2,7200,1.11016393443
482753,482770,484825,17,2055,5,3600,1.00827250608
482765,482776,484261,11,1485,2,7200,1.00740740741
482772,482783,484447,11,1664,2,7200,1.00661057692
482784,482790,484881,6,2091,5,3600,1.00286944046
482789,482796,484339,7,1543,2,7200,1.00453661698
482795,482802,484987,7,2185,5,3600,1.00320366133
482801,482809,484413,8,1604,2,7200,1.00498753117
482805,482924,485145,119,2221,5,3600,1.05357946871
482868,482887,484415,19,1528,4,144000,1.01243455497
482921,482930,484623,9,1693,2,7200,1.00531600709
482927,482942,484377,15,1435,2,7200,1.01045296167
482927,482936,484989,9,2053,5,3600,1.00438382854
482938,483079,485322,141,2243,5,3600,1.06286223807
483078,483085,484599,7,1514,2,7200,1.00462351387
483085,483131,484609,46,1478,2,7200,1.03112313938
483128,483163,484800,35,1637,2,7200,1.02138057422
483160,483233,484645,73,1412,2,7200,1.05169971671
483161,483562,652782,401,169220,16,345600,1.00236969625
483179,483269,486918,90,3649,2,3600,1.02466429159
483229,483287,484806,58,1519,2,7200,1.03818301514
483284,483307,485552,23,2245,5,3600,1.01024498886
483305,483356,485628,51,2272,5,3600,1.0224471831
483355,483382,484903,27,1521,2,7200,1.01775147929
483383,483390,484891,7,1501,2,7200,1.00466355763
483386,483470,485715,84,2245,5,3600,1.03741648107
483412,483665,484570,253,905,4,144000,1.27955801105
483467,483477,484978,10,1501,2,7200,1.00666222518
483474,483584,485152,110,1568,2,7200,1.07015306122
483524,483701,484394,177,693,4,144000,1.25541125541
483544,483909,640635,365,156726,1,342000,1.00232890522
483558,483950,588653,392,104703,1,342000,1.00374392329
483580,483685,485810,105,2125,5,3600,1.04941176471
483604,483956,588198,352,104242,1,342000,1.00337675793
483682,483714,485898,32,2184,5,3600,1.01465201465
483712,483787,486106,75,2319,5,3600,1.03234152652
483784,483859,485989,75,2130,5,3600,1.03521126761
483855,483895,486081,40,2186,5,3600,1.01829826167
483894,483914,485458,20,1544,2,7200,1.01295336788
483911,483981,485461,70,1480,2,7200,1.0472972973
483978,484001,486132,23,2131,5,3600,1.0107930549
483998,484008,486160,10,2152,5,3600,1.00464684015
484006,484029,485601,23,1572,2,7200,1.01463104326
484028,484153,485742,125,1589,2,7200,1.07866582756
484151,484233,486230,82,1997,5,3600,1.04106159239
484230,484239,485702,9,1463,2,7200,1.00615174299
484237,484272,485839,35,1567,2,7200,1.02233567326
484269,484293,485765,24,1472,2,7200,1.01630434783
484293,484309,566842,16,82533,1,234000,1.00019386185
484293,484315,485821,22,1506,2,7200,1.01460823373
484310,484327,485853,17,1526,2,7200,1.01114023591
484313,484321,579429,8,95108,1,234000,1.0000841149
484324,484405,484410,81,5,4,90000,8.6
484324,484388,486471,64,2083,5,3600,1.03072491599
484384,484411,485972,27,1561,2,7200,1.01729660474
484411,484422,485836,11,1414,2,7200,1.00777934936
484423,484429,486042,6,1613,2,7200,1.00371977681
484426,484436,486463,10,2027,5,3600,1.00493339911
484435,484442,485956,7,1514,2,7200,1.00462351387
484441,484458,486076,17,1618,2,7200,1.01050679852
484457,484490,486650,33,2160,5,3600,1.01527777778
484488,484636,486831,148,2195,5,3600,1.06742596811
484543,484581,485988,38,1407,4,144000,1.02700781805
484549,484836,485188,287,352,4,144000,1.81534090909
484553,484893,485240,340,347,4,144000,1.97982708934
484633,484657,486090,24,1433,2,7200,1.01674808095
484656,484812,486288,156,1476,2,7200,1.10569105691
484812,484818,486291,6,1473,2,7200,1.00407331976
484818,484842,486279,24,1437,2,7200,1.01670146138
484840,484903,486420,63,1517,2,7200,1.04152933421
484898,484914,486490,16,1576,2,7200,1.01015228426
484910,484990,486453,80,1463,2,7200,1.05468215995
484986,484998,487175,12,2177,5,3600,1.00551217271
484994,485004,486576,10,1572,2,7200,1.00636132316
485001,485011,486616,10,1605,2,7200,1.0062305296
485007,485017,486645,10,1628,2,7200,1.00614250614
485014,485156,486753,142,1597,2,7200,1.08891671885
485155,485163,486668,8,1505,2,7200,1.00531561462
485159,485200,487270,41,2070,5,3600,1.01980676329
485200,485252,487447,52,2195,5,3600,1.02369020501
485251,485563,487719,312,2156,5,3600,1.14471243043
485320,485333,507283,13,21950,4,144000,1.00059225513
485324,485641,485950,317,309,4,144000,2.02588996764
485566,485612,487729,46,2117,5,3600,1.0217288616
485613,485646,487455,33,1809,2,7200,1.01824212272
485645,485652,487197,7,1545,2,7200,1.00453074434
485652,485714,487207,62,1493,2,7200,1.04152712659
485701,486006,745217,305,259211,2,259200,1.0011766476
485710,485726,487226,16,1500,2,7200,1.01066666667
485722,485732,487335,10,1603,2,7200,1.00623830318
485728,485821,487326,93,1505,2,7200,1.06179401993
485729,485777,487969,48,2192,5,3600,1.02189781022
485818,485827,487404,9,1577,2,7200,1.00570703868
485824,485834,487370,10,1536,2,7200,1.00651041667
485831,485850,488146,19,2296,5,3600,1.00827526132
485831,485864,487548,33,1684,2,7200,1.01959619952
485862,485909,487926,47,2017,5,3600,1.02330193356
485910,485969,487467,59,1498,2,7200,1.0393858478
485934,485961,507116,27,21155,4,144000,1.00127629402
485957,487192,746434,1235,259242,2,259200,1.00476388857
485968,485983,487439,15,1456,2,7200,1.0103021978
485980,486001,487485,21,1484,2,7200,1.0141509434
485996,486012,487595,16,1583,2,7200,1.01010739103
486008,486018,487479,10,1461,2,7200,1.00684462697
486014,486094,488293,80,2199,5,3600,1.03638017281
486030,486087,507282,57,21195,4,144000,1.00268931352
486092,486101,487552,9,1451,2,7200,1.00620261888
486099,486119,487714,20,1595,2,7200,1.01253918495
486110,486241,487908,131,1667,4,36000,1.07858428314
486111,486246,488155,135,1909,4,36000,1.07071765322
486112,486314,487880,202,1566,4,36000,1.12899106003
486113,486334,487965,221,1631,4,36000,1.13549969344
486114,486340,487905,226,1565,4,36000,1.14440894569
486116,486145,488648,29,2503,5,3600,1.01158609668
486147,486174,488224,27,2050,5,3600,1.01317073171
486165,487288,746520,1123,259232,2,259200,1.00433202691
486170,486300,487847,130,1547,2,7200,1.08403361345
486282,486474,487657,192,1183,2,7200,1.16229923922
486300,486306,487843,6,1537,2,7200,1.00390370852
486300,486480,488655,180,2175,5,3600,1.08275862069
486472,488185,747400,1713,259215,2,259200,1.00660841386
486477,486487,488125,10,1638,2,7200,1.00610500611
486483,486501,488032,18,1531,2,7200,1.01175702155
486483,486493,488750,10,2257,5,3600,1.00443066017
486500,486587,488144,87,1557,2,7200,1.05587668593
486584,486627,488119,43,1492,2,7200,1.02882037534
486626,486668,488879,42,2211,5,3600,1.01899592944
486653,486662,506115,9,19453,2,72000,1.00046265358
486663,486681,488139,18,1458,2,7200,1.01234567901
486677,486842,488973,165,2131,5,3600,1.07742843735
486840,486929,489167,89,2238,5,3600,1.03976764969
486840,487187,488821,347,1634,2,7200,1.2123623011
487186,487237,489435,51,2198,5,3600,1.02320291174
487210,487219,493502,9,6283,2,21600,1.00143243673
487233,487282,488810,49,1528,2,7200,1.03206806283
487281,487337,488820,56,1483,2,7200,1.03776129467
487334,487346,488746,12,1400,2,7200,1.00857142857
487346,487382,488866,36,1484,2,7200,1.02425876011
487378,487416,488919,38,1503,2,7200,1.0252827678
487418,487450,488884,32,1434,2,7200,1.02231520223
487450,487459,489615,9,2156,5,3600,1.00417439703
487450,487466,489024,16,1558,2,7200,1.01026957638
487462,487479,489117,17,1638,2,7200,1.01037851038
487479,487491,489070,12,1579,2,7200,1.00759974668
487491,487497,489054,6,1557,2,7200,1.00385356455
487492,487560,489049,68,1489,2,7200,1.04566823371
487556,487567,489003,11,1436,2,7200,1.00766016713
487562,487668,489815,106,2147,5,3600,1.04937121565
487562,487726,489152,164,1426,2,7200,1.11500701262
487723,487733,489173,10,1440,2,7200,1.00694444444
487730,487741,489360,11,1619,2,7200,1.00679431748
487737,487747,489326,10,1579,2,7200,1.00633312223
487743,487754,489211,11,1457,2,7200,1.00754975978
487755,487761,489186,6,1425,2,7200,1.00421052632
487761,487856,489330,95,1474,2,7200,1.0644504749
487856,487862,489312,6,1450,2,7200,1.00413793103
487857,487922,489443,65,1521,2,7200,1.04273504274
487857,487916,490010,59,2094,5,3600,1.02817574021
487919,487928,490083,9,2155,5,3600,1.00417633411
487926,487938,489584,12,1646,2,7200,1.00729040097
487937,487945,489380,8,1435,2,7200,1.00557491289
487942,487978,487985,36,7,4,108000,4.3
487950,487984,490306,34,2322,5,3600,1.01464254953
487981,487996,490253,15,2257,5,3600,1.00664599025
487995,488044,489619,49,1575,2,7200,1.03111111111
488042,488168,490253,126,2085,5,3600,1.06043165468
488080,488155,500303,75,12148,4,108000,1.00617385578
488096,488162,488168,66,6,4,108000,7.2
488164,488179,490268,15,2089,5,3600,1.00718046912
488175,488235,490395,60,2160,5,3600,1.02777777778
488234,488304,489920,70,1616,2,7200,1.04331683168
488303,488311,489859,8,1548,2,7200,1.00516795866
488307,488660,490766,353,2106,5,3600,1.16761633428
488337,488529,489923,192,1394,2,36000,1.13773314204
488395,488822,505571,427,16749,4,108000,1.02549405935
488449,488833,499208,384,10375,4,108000,1.03701204819
488523,488985,498565,462,9580,4,108000,1.04822546973
488536,489036,501954,500,12918,4,108000,1.03870568199
488547,489065,510813,518,21748,4,108000,1.02381828214
488558,489595,510184,1037,20589,4,108000,1.05036670067
488566,489627,500274,1061,10647,4,108000,1.09965248427
488660,488667,490348,7,1681,2,7200,1.00416418798
488663,488762,490770,99,2008,5,3600,1.04930278884
488759,488769,490289,10,1520,2,7200,1.00657894737
488765,488891,491158,126,2267,5,3600,1.05558006176
488887,488991,491162,104,2171,5,3600,1.04790419162
488988,489016,490596,28,1580,2,7200,1.01772151899
489016,489083,490832,67,1749,2,7200,1.03830760435
489080,489128,490545,48,1417,2,7200,1.0338743825
489128,489165,490719,37,1554,2,7200,1.02380952381
489160,489180,490864,20,1684,2,7200,1.01187648456
489177,489187,490531,10,1344,2,7200,1.00744047619
489182,489198,491412,16,2214,5,3600,1.00722673893
489193,489338,491397,145,2059,5,3600,1.07042253521
489335,489373,491516,38,2143,5,3600,1.01773215119
489376,489447,491527,71,2080,5,3600,1.03413461538
489445,489454,491001,9,1547,2,7200,1.0058177117
489451,489632,491125,181,1493,2,7200,1.12123241795
489628,489638,491054,10,1416,2,7200,1.00706214689
489635,489826,491371,191,1545,2,7200,1.12362459547
489824,489870,492043,46,2173,5,3600,1.02116889093
489868,489931,491520,63,1589,2,7200,1.03964757709
489927,489937,491553,10,1616,2,7200,1.00618811881
489927,490021,492111,94,2090,5,3600,1.04497607656
489989,490100,493857,111,3757,2,36000,1.02954484961
490028,490095,514667,67,24572,2,72000,1.00272668077
490099,490264,491904,165,1640,2,7200,1.1006097561
490260,490271,491638,11,1367,2,7200,1.00804681785
490267,490277,491887,10,1610,2,7200,1.00621118012
490273,490284,492405,11,2121,5,3600,1.00518623291
490283,490290,492454,7,2164,5,3600,1.00323475046
490289,490300,491793,11,1493,2,7200,1.00736771601
490301,490317,491752,16,1435,2,7200,1.01114982578
490313,490323,491814,10,1491,2,7200,1.00670690812
490319,490360,491913,41,1553,2,7200,1.02640051513
490357,490406,491893,49,1487,2,7200,1.03295225286
490405,490412,492052,7,1640,2,7200,1.00426829268
490411,490418,491859,7,1441,2,7200,1.00485773768
490416,490609,492720,193,2111,5,3600,1.09142586452
490609,490730,492272,121,1542,2,7200,1.0784695201
490729,490777,492175,48,1398,2,7200,1.03433476395
490777,490784,492216,7,1432,2,7200,1.00488826816
490782,490791,493023,9,2232,5,3600,1.00403225806
490788,490797,492383,9,1586,2,7200,1.00567465322
490795,490843,492511,48,1668,2,7200,1.02877697842
490843,491013,492608,170,1595,2,7200,1.1065830721
490843,491136,493295,293,2159,5,3600,1.1357109773
490989,491383,491384,394,1,1,195000,39.5
491136,491170,492697,34,1527,2,7200,1.02226588081
491169,491182,492692,13,1510,2,7200,1.00860927152
491169,491176,493240,7,2064,5,3600,1.00339147287
491179,491408,493505,229,2097,5,3600,1.10920362423
491406,491649,512953,243,21304,2,72000,1.01140630867
491408,491415,492983,7,1568,2,7200,1.00446428571
491413,491423,493659,10,2236,5,3600,1.00447227191
491420,491430,492968,10,1538,2,7200,1.00650195059
491434,491527,493675,93,2148,5,3600,1.04329608939
491527,491539,493694,12,2155,5,3600,1.00556844548
491535,491545,492974,10,1429,2,7200,1.00699790063
491542,491565,493055,23,1490,2,7200,1.01543624161
491565,491763,493416,198,1653,2,7200,1.11978221416
491761,491804,493299,43,1495,2,7200,1.02876254181
491803,491904,493994,101,2090,5,3600,1.04832535885
491804,491870,493397,66,1527,2,7200,1.04322200393
491895,491915,493006,20,1091,1,86400,1.01833180568
491904,491921,493542,17,1621,2,7200,1.01048735349
491921,491927,493401,6,1474,2,7200,1.00407055631
491922,491988,493527,66,1539,2,7200,1.04288499025
491986,492054,493597,68,1543,2,7200,1.04406999352
492055,492061,493661,6,1600,2,7200,1.00375
492056,492067,493701,11,1634,2,7200,1.00673194614
492063,492128,493799,65,1671,2,7200,1.03889886296
492109,492122,492643,13,521,4,144000,1.02495201536
492127,492186,493673,59,1487,2,7200,1.03967720242
492185,492228,493787,43,1559,2,7200,1.02758178319
492204,492417,493210,213,793,4,144000,1.26860025221
492207,492656,493184,449,528,4,144000,1.85037878788
492229,492284,493826,55,1542,2,7200,1.03566796368
492282,492465,494608,183,2143,5,3600,1.08539430705
492282,492395,493904,113,1509,2,7200,1.07488402916
492465,492522,493964,57,1442,2,7200,1.03952843273
492524,492621,494151,97,1530,2,7200,1.06339869281
492618,492662,494888,44,2226,5,3600,1.01976639712
492659,492731,494939,72,2208,5,3600,1.03260869565
492728,492737,494408,9,1671,2,7200,1.00538599641
492740,493196,516194,456,22998,2,72000,1.01982781111
492741,492985,495232,244,2247,5,3600,1.10858923008
492986,493035,495005,49,1970,5,3600,1.02487309645
493034,493042,494456,8,1414,2,7200,1.00565770863
493037,493202,495366,165,2164,5,3600,1.07624768946
493201,493223,495427,22,2204,5,3600,1.00998185118
493222,493251,495512,29,2261,5,3600,1.0128261831
493242,493540,493541,298,1,1,4200,29.9
493249,493306,494814,57,1508,2,7200,1.03779840849
493268,493427,494176,159,749,4,144000,1.21228304406
493271,493608,494154,337,546,4,144000,1.61721611722
493302,493314,494844,12,1530,2,7200,1.00784313725
493313,493868,494465,555,597,4,144000,1.92964824121
493314,493409,495030,95,1621,2,7200,1.05860579889
493314,493522,495559,208,2037,5,3600,1.10211094747
493438,493517,498553,79,5036,4,108000,1.01568705322
493517,493672,495742,155,2070,5,3600,1.07487922705
493593,494006,508419,413,14413,2,14400,1.02865468674
493670,493679,495970,9,2291,5,3600,1.00392841554
493677,493686,495297,9,1611,2,7200,1.00558659218
493684,493693,495146,9,1453,2,7200,1.00619408121
493691,493700,495141,9,1441,2,7200,1.00624566273
493691,493707,495920,16,2213,5,3600,1.00723000452
493702,493713,495269,11,1556,2,7200,1.00706940874
493709,493799,495381,90,1582,2,7200,1.05689001264
493798,493838,495360,40,1522,2,7200,1.02628120894
493833,493976,496027,143,2051,5,3600,1.06972208679
493887,494041,498271,154,4230,1,4200,1.03640661939
493975,494011,495407,36,1396,2,7200,1.02578796562
494006,494165,496226,159,2061,5,3600,1.07714701601
494162,494172,495720,10,1548,2,7200,1.00645994832
494169,494188,495771,19,1583,2,7200,1.01200252685
494184,494620,591022,436,96402,8,432000,1.00452272774
494185,494420,495902,235,1482,2,7200,1.15856950067
494209,494900,663527,691,168627,1,306000,1.00409780166
494256,494905,685262,649,190357,1,306000,1.00340938342
494304,494910,629718,606,134808,1,306000,1.00449528218
494425,494625,497753,200,3128,5,3600,1.06393861893
494436,494827,498628,391,3801,2,36000,1.1028676664
494438,494857,500677,419,5820,2,36000,1.07199312715
494439,494921,501745,482,6824,2,36000,1.07063305979
494440,494951,500881,511,5930,2,36000,1.08617200675
494441,494956,498639,515,3683,2,36000,1.13983165897
494443,495018,500171,575,5153,2,36000,1.11158548418
494444,495023,500349,579,5326,2,36000,1.10871197897
494445,495028,500692,583,5664,2,36000,1.10293079096
494447,495042,501017,595,5975,2,36000,1.09958158996
494448,495153,500620,705,5467,2,36000,1.12895555149
494449,495160,499026,711,3866,2,36000,1.18391101914
494451,495245,499905,794,4660,2,36000,1.17038626609
494452,495250,499177,798,3927,2,36000,1.20320855615
494453,495281,499199,828,3918,2,36000,1.2113323124
494455,495309,501193,854,5884,2,36000,1.14513936098
494456,495372,499650,916,4278,2,36000,1.21411874708
494457,495394,498795,937,3401,2,36000,1.27550720376
494459,495402,500544,943,5142,2,36000,1.18339167639
494460,495420,501346,960,5926,2,36000,1.16199797503
494461,495449,499274,988,3825,2,36000,1.25830065359
494463,495454,501276,991,5822,2,36000,1.17021642047
494464,495525,499322,1061,3797,2,36000,1.27943112984
494465,495530,499730,1065,4200,2,36000,1.25357142857
494467,495572,500934,1105,5362,2,36000,1.20607982096
494468,495577,499585,1109,4008,2,36000,1.27669660679
494468,494915,816251,447,321336,1,342000,1.00139106729
494469,495582,500184,1113,4602,2,36000,1.24185136897
494471,495588,500952,1117,5364,2,36000,1.20824011931
494472,495753,500392,1281,4639,2,36000,1.27613709851
494473,495759,500221,1286,4462,2,36000,1.28821156432
494475,495782,499415,1307,3633,2,36000,1.35975777594
494476,495913,501731,1437,5818,2,36000,1.2469920935
494477,495932,501207,1455,5275,2,36000,1.27582938389
494479,495937,499170,1458,3233,2,36000,1.45097432725
494480,495942,499643,1462,3701,2,36000,1.39502837071
494481,495982,499656,1501,3674,2,36000,1.40854654328
494482,495987,502608,1505,6621,2,36000,1.22730705332
494484,496039,501430,1555,5391,2,36000,1.28844370247
494485,496045,499752,1560,3707,2,36000,1.42082546534
494486,496053,501685,1567,5632,2,36000,1.27823153409
494488,496243,500944,1755,4701,2,36000,1.37332482451
494514,495378,837413,864,342035,1,342000,1.00252605727
494576,495384,749300,808,253916,1,342000,1.00318215473
494689,495389,568841,700,73452,1,306000,1.00953003322
494715,495438,601360,723,105922,1,342000,1.00682577746
494760,495444,566214,684,70770,1,342000,1.00966511234
495671,495731,526104,60,30373,2,72000,1.00197543871
495930,496237,523112,307,26875,2,72000,1.01142325581
496246,497766,499836,1520,2070,5,3600,1.73429951691
496724,500696,1105518,3972,604822,1,604800,1.00656722143
496905,498565,507553,1660,8988,4,144000,1.18469069871
496909,498577,498895,1668,318,4,144000,6.24528301887
496914,498906,507386,1992,8480,4,144000,1.23490566038
497761,498640,500678,879,2038,5,3600,1.43130520118
498636,499039,501245,403,2206,5,3600,1.18268359021
499043,499188,501312,145,2124,5,3600,1.06826741996
499186,499219,501475,33,2256,5,3600,1.01462765957
499217,499334,501488,117,2154,5,3600,1.05431754875
499339,499654,501914,315,2260,5,3600,1.13938053097
499654,499668,501762,14,2094,5,3600,1.00668576886
499665,499849,502193,184,2344,5,3600,1.07849829352
499848,499916,502058,68,2142,5,3600,1.03174603175
499919,500184,502381,265,2197,5,3600,1.12061902594
500184,500286,502399,102,2113,5,3600,1.0482725982
500286,500314,502495,28,2181,5,3600,1.01283814764
500317,500404,502509,87,2105,5,3600,1.04133016627
500409,500631,502798,222,2167,5,3600,1.10244577757
500633,500690,502819,57,2129,5,3600,1.02677313293
500696,500893,502992,197,2099,5,3600,1.09385421629
500889,500963,503101,74,2138,5,3600,1.03461178672
500961,501204,503416,243,2212,5,3600,1.10985533454
501205,501257,504899,52,3642,5,3600,1.0142778693
501256,501323,503489,67,2166,5,3600,1.03093259464
501328,501359,503518,31,2159,5,3600,1.01435849931
501358,501486,503587,128,2101,5,3600,1.06092336982
501491,501500,503575,9,2075,5,3600,1.0043373494
501501,501698,503751,197,2053,5,3600,1.0959571359
501695,501774,504086,79,2312,5,3600,1.03416955017
501776,501792,504191,16,2399,5,3600,1.0066694456
501787,501925,504012,138,2087,5,3600,1.06612362242
501929,501965,504160,36,2195,5,3600,1.01640091116
501970,502070,504258,100,2188,5,3600,1.04570383912
502072,502205,504292,133,2087,5,3600,1.063727839
502205,502392,504487,187,2095,5,3600,1.0892601432
502397,502411,504575,14,2164,5,3600,1.00646950092
502408,502506,504604,98,2098,5,3600,1.04671115348
502511,502520,504797,9,2277,5,3600,1.00395256917
502521,503362,559925,841,56563,4,159000,1.01486837685
502522,502810,504997,288,2187,5,3600,1.1316872428
502575,503599,662634,1024,159035,4,159000,1.00643883422
502807,502831,504901,24,2070,5,3600,1.0115942029
502828,503004,505135,176,2131,5,3600,1.08259033318
503001,503113,505306,112,2193,5,3600,1.05107159143
503113,503428,505484,315,2056,5,3600,1.15321011673
503429,503500,505622,71,2122,5,3600,1.03345900094
503501,503531,505691,30,2160,5,3600,1.01388888889
503532,503605,505696,73,2091,5,3600,1.03491152559
503604,503763,506044,159,2281,5,3600,1.06970626918
503767,504024,506192,257,2168,5,3600,1.11854243542
503841,505323,694302,1482,188979,1,576000,1.00784214119
503878,505714,673718,1836,168004,1,576000,1.01092831123
504022,504097,506309,75,2212,5,3600,1.03390596745
504094,504171,506395,77,2224,5,3600,1.03462230216
504176,504203,506399,27,2196,5,3600,1.01229508197
504207,504270,506367,63,2097,5,3600,1.03004291845
504268,504303,506298,35,1995,5,3600,1.01754385965
504299,504498,506673,199,2175,5,3600,1.09149425287
504503,504587,506755,84,2168,5,3600,1.03874538745
504584,504615,506813,31,2198,5,3600,1.01410373066
504615,504809,506905,194,2096,5,3600,1.09255725191
504808,504911,507122,103,2211,5,3600,1.04658525554
504910,504917,506955,7,2038,5,3600,1.00343473994
504921,505010,507313,89,2303,5,3600,1.03864524533
505012,505147,507291,135,2144,5,3600,1.06296641791
505145,505317,507549,172,2232,5,3600,1.0770609319
505318,505496,507590,178,2094,5,3600,1.08500477555
505501,505634,507729,133,2095,5,3600,1.06348448687
505556,505563,505794,7,231,2,36000,1.0303030303
505557,505639,505794,82,155,2,36000,1.52903225806
505558,505644,505795,86,151,2,36000,1.56953642384
505559,505703,505795,144,92,2,36000,2.5652173913
505561,505708,505795,147,87,2,36000,2.68965517241
505562,505720,505795,158,75,2,36000,3.10666666667
505563,505725,505795,162,70,2,36000,3.31428571429
505796,505806,507808,10,2002,5,3600,1.004995005
505807,505813,507943,6,2130,5,3600,1.00281690141
505817,505823,507892,6,2069,5,3600,1.00289995167
505856,506056,509796,200,3740,2,36000,1.05347593583
505858,506062,511829,204,5767,2,36000,1.03537367782
505859,506126,512065,267,5939,2,36000,1.04495706348
505860,506204,509686,344,3482,2,36000,1.09879379667
505862,506209,510312,347,4103,2,36000,1.0845722642
505863,506214,509745,351,3531,2,36000,1.09940526763
505864,506310,510216,446,3906,2,36000,1.11418330773
505866,506315,512166,449,5851,2,36000,1.07673901897
505867,506322,512201,455,5879,2,36000,1.07739411465
505868,506327,512187,459,5860,2,36000,1.07832764505
505869,506332,510311,463,3979,2,36000,1.1163608947
505871,506379,511884,508,5505,2,36000,1.09227974569
505872,506384,511360,512,4976,2,36000,1.10289389068
505873,506406,509352,533,2946,2,36000,1.18092328581
505875,506412,512320,537,5908,2,36000,1.09089370345
505876,506417,510799,541,4382,2,36000,1.12345960749
505877,506423,512426,546,6003,2,36000,1.09095452274
505879,506429,511926,550,5497,2,36000,1.10005457522
505880,506686,510581,806,3895,2,36000,1.20693196406
505881,506691,512533,810,5842,2,36000,1.13865114687
505882,506696,511172,814,4476,2,36000,1.1818588025
505884,506825,512564,941,5739,2,36000,1.16396584771
505885,506830,510614,945,3784,2,36000,1.24973572939
505886,506835,512498,949,5663,2,36000,1.16757902172
505888,506917,511862,1029,4945,2,36000,1.20808897877
505889,506922,510490,1033,3568,2,36000,1.28951793722
505890,506966,510918,1076,3952,2,36000,1.27226720648
505891,506972,513227,1081,6255,2,36000,1.17282174261
505893,506977,511508,1084,4531,2,36000,1.2392407857
505894,507131,513365,1237,6234,2,36000,1.19842797562
505895,507137,512681,1242,5544,2,36000,1.22402597403
505897,507144,513036,1247,5892,2,36000,1.21164290563
505898,507149,510630,1251,3481,2,36000,1.35937948865
505899,507298,513177,1399,5879,2,36000,1.23796564042
505901,507304,512978,1403,5674,2,36000,1.2472682411
505902,507309,510991,1407,3682,2,36000,1.38212927757
505903,507314,512941,1411,5627,2,36000,1.25075528701
505905,507322,511863,1417,4541,2,36000,1.31204580489
505906,507327,512929,1421,5602,2,36000,1.25365940735
505907,507332,511142,1425,3810,2,36000,1.37401574803
506635,506767,507290,132,523,4,144000,1.25239005736
507321,507398,536550,77,29152,4,144000,1.00264132821
507325,507565,538587,240,31022,4,144000,1.0077364451
507331,507741,560972,410,53231,4,144000,1.00770227875
507529,510593,550057,3064,39464,4,144000,1.07764038111
507538,510824,557684,3286,46860,4,144000,1.07012377294
507541,511007,564513,3466,53506,4,144000,1.06477778193
507815,512077,512594,4262,517,4,144000,9.24371373308
508131,510196,540353,2065,30157,12,172800,1.06847498093
509352,509360,513563,8,4203,2,36000,1.00190340233
509685,509691,512316,6,2625,2,36000,1.00228571429
509745,509751,513453,6,3702,2,36000,1.00162074554
509796,509802,512885,6,3083,2,36000,1.00194615634
510217,510223,514433,6,4210,2,36000,1.00142517815
510310,510317,514131,7,3814,2,36000,1.00183534347
510311,510324,514704,13,4380,2,36000,1.00296803653
510491,510498,515744,7,5246,2,36000,1.00133434998
510581,510587,516680,6,6093,2,36000,1.00098473658
510614,510620,515807,6,5187,2,36000,1.001156738
510632,510638,515045,6,4407,2,36000,1.00136147039
510801,510807,516322,6,5515,2,36000,1.00108794198
510918,510925,514992,7,4067,2,36000,1.0017211704
510994,511001,514655,7,3654,2,36000,1.00191570881
511144,511150,516457,6,5307,2,36000,1.00113058225
511174,511181,516576,7,5395,2,36000,1.00129749768
511361,511368,517214,7,5846,2,36000,1.00119739993
511508,511514,517464,6,5950,2,36000,1.00100840336
511830,511837,517670,7,5833,2,36000,1.00120006858
511862,511868,516005,6,4137,2,36000,1.00145032632
511877,511883,518125,6,6242,2,36000,1.00096123037
511891,511898,517752,7,5854,2,36000,1.00119576358
511927,511934,517995,7,6061,2,36000,1.00115492493
512065,512071,515933,6,3862,2,36000,1.00155359917
512167,512173,517971,6,5798,2,36000,1.0010348396
512188,512194,515747,6,3553,2,36000,1.00168871376
512203,512209,516235,6,4026,2,36000,1.00149031297
512317,512323,516627,6,4304,2,36000,1.00139405204
512331,512338,518055,7,5717,2,36000,1.0012244184
512427,512434,515741,7,3307,2,36000,1.0021167221
512500,512506,517940,6,5434,2,36000,1.001104159
512532,512539,517240,7,4701,2,36000,1.00148904488
512566,512572,517723,6,5151,2,36000,1.00116482236
512683,512689,518400,6,5711,2,36000,1.0010506041
512888,512894,517451,6,4557,2,36000,1.00131665569
512929,512936,517013,7,4077,2,36000,1.00171694874
512944,512950,516736,6,3786,2,36000,1.00158478605
512980,512986,518821,6,5835,2,36000,1.00102827763
513037,513043,518646,6,5603,2,36000,1.0010708549
513178,513184,515021,6,1837,2,36000,1.00326619488
513229,513235,519048,6,5813,2,36000,1.00103216928
513365,513371,519202,6,5831,2,36000,1.00102898302
513456,513462,519139,6,5677,2,36000,1.00105689625
513564,513570,519479,6,5909,2,36000,1.00101540024
514132,514139,519987,7,5848,2,36000,1.00119699042
514433,514439,518014,6,3575,2,36000,1.00167832168
514654,514660,520096,6,5436,2,36000,1.00110375276
514706,514712,520840,6,6128,2,36000,1.00097911227
514992,514998,520869,6,5871,2,36000,1.00102197241
515022,515028,520748,6,5720,2,36000,1.00104895105
515046,515052,519804,6,4752,2,36000,1.00126262626
515742,515749,518992,7,3243,2,36000,1.00215849522
515758,515764,519558,6,3794,2,36000,1.00158144439
515759,515771,519814,12,4043,2,36000,1.002968093
515807,515813,522272,6,6459,2,36000,1.00092893637
515850,515856,519178,6,3322,2,36000,1.00180614088
515851,515862,520029,11,4167,2,36000,1.00263978882
515853,515867,519765,14,3898,2,36000,1.00359158543
515854,515873,519671,19,3798,2,36000,1.00500263296
515855,515878,519528,23,3650,2,36000,1.00630136986
515856,515883,519863,27,3980,2,36000,1.0067839196
515858,515889,519973,31,4084,2,36000,1.00759059745
515859,515894,519630,35,3736,2,36000,1.00936830835
515860,515900,519489,40,3589,2,36000,1.01114516578
515862,515905,519579,43,3674,2,36000,1.011703865
515934,515940,522348,6,6408,2,36000,1.00093632959
515999,516206,516209,207,3,2,3540,21.0
516006,516013,519596,7,3583,2,36000,1.00195367011
516235,516241,519990,6,3749,2,36000,1.00160042678
516322,516329,520391,7,4062,2,36000,1.00172328902
516458,516465,519981,7,3516,2,36000,1.00199089875
516578,516584,520362,6,3778,2,36000,1.00158814187
516629,516635,521017,6,4382,2,36000,1.00136923779
516683,516690,520894,7,4204,2,36000,1.00166508088
516737,516743,521047,6,4304,2,36000,1.00139405204
517014,517020,522835,6,5815,2,36000,1.00103181427
517215,517221,521211,6,3990,2,36000,1.0015037594
517242,517248,520541,6,3293,2,36000,1.00182204677
517453,517460,521143,7,3683,2,36000,1.00190062449
517468,517474,520762,6,3288,2,36000,1.00182481752
517673,517679,521451,6,3772,2,36000,1.00159066808
517724,517730,521729,6,3999,2,36000,1.00150037509
517754,517760,521375,6,3615,2,36000,1.00165975104
517940,517947,521740,7,3793,2,36000,1.00184550488
517970,517977,521480,7,3503,2,36000,1.00199828718
517994,518000,522048,6,4048,2,36000,1.00148221344
518015,518021,522487,6,4466,2,36000,1.0013434841
518057,518063,522461,6,4398,2,36000,1.00136425648
518126,518132,521680,6,3548,2,36000,1.00169109357
518400,518406,523044,6,4638,2,36000,1.00129366106
518647,518653,522274,6,3621,2,36000,1.00165700083
518695,518701,574419,6,55718,1,86400,1.00010768513
518821,518827,522744,6,3917,2,36000,1.00153178453
518993,519000,522411,7,3411,2,36000,1.00205218411
519049,519055,523343,6,4288,2,36000,1.00139925373
519139,519145,525045,6,5900,2,36000,1.00101694915
519178,519184,523148,6,3964,2,36000,1.0015136226
519202,519208,522737,6,3529,2,36000,1.00170019836
519482,519488,524831,6,5343,2,36000,1.00112296463
519496,519503,523896,7,4393,2,36000,1.00159344412
519529,519535,525316,6,5781,2,36000,1.00103788272
519559,519565,523319,6,3754,2,36000,1.00159829515
519580,519586,524811,6,5225,2,36000,1.00114832536
519599,519605,523047,6,3442,2,36000,1.00174317257
519632,519638,523770,6,4132,2,36000,1.00145208132
519674,519680,525416,6,5736,2,36000,1.0010460251
519766,519773,524974,7,5201,2,36000,1.00134589502
519806,519812,523828,6,4016,2,36000,1.0014940239
519820,519826,523770,6,3944,2,36000,1.00152129817
519862,519869,524009,7,4140,2,36000,1.00169082126
519974,519981,523781,7,3800,2,36000,1.00184210526
519989,519995,523443,6,3448,2,36000,1.00174013921
519991,520003,524033,12,4030,2,36000,1.00297766749
519992,520008,523627,16,3619,2,36000,1.0044211108
520031,520038,524714,7,4676,2,36000,1.00149700599
520097,520103,524129,6,4026,2,36000,1.00149031297
520364,520372,526393,8,6021,2,36000,1.00132868294
520391,520397,526120,6,5723,2,36000,1.00104840119
520542,520549,524296,7,3747,2,36000,1.0018681612
520749,520755,524564,6,3809,2,36000,1.00157521659
520764,520770,524161,6,3391,2,36000,1.00176938956
520842,520849,524793,7,3944,2,36000,1.00177484787
520869,520875,525120,6,4245,2,36000,1.00141342756
520896,520902,526945,6,6043,2,36000,1.00099288433
521019,521025,527348,6,6323,2,36000,1.00094891665
521049,521055,524159,6,3104,2,36000,1.00193298969
521145,521151,525485,6,4334,2,36000,1.0013844024
521211,521217,525234,6,4017,2,36000,1.00149365198
521376,521382,524642,6,3260,2,36000,1.0018404908
521451,521457,525374,6,3917,2,36000,1.00153178453
521481,521487,525441,6,3954,2,36000,1.00151745068
521682,521688,525187,6,3499,2,36000,1.00171477565
521730,521737,527622,7,5885,2,36000,1.00118946474
521746,521752,525612,6,3860,2,36000,1.00155440415
522050,522056,526650,6,4594,2,36000,1.00130605137
522273,522279,526721,6,4442,2,36000,1.00135074291
522287,522293,526962,6,4669,2,36000,1.00128507175
522350,522356,528304,6,5948,2,36000,1.00100874243
522413,522419,526006,6,3587,2,36000,1.001672707
522461,522467,529149,6,6682,2,36000,1.00089793475
522488,522494,526030,6,3536,2,36000,1.00169683258
522738,522744,528751,6,6007,2,36000,1.00099883469
522752,522759,528881,7,6122,2,36000,1.00114341718
522837,522843,526604,6,3761,2,36000,1.00159532039
523047,523053,526539,6,3486,2,36000,1.0017211704
523049,523060,526780,11,3720,2,36000,1.00295698925
523151,523157,528606,6,5449,2,36000,1.00110111947
523320,523326,527036,6,3710,2,36000,1.00161725067
523343,523349,529075,6,5726,2,36000,1.0010478519
523442,523449,527307,7,3858,2,36000,1.00181441161
523629,523635,527362,6,3727,2,36000,1.00160987389
523770,523777,528111,7,4334,2,36000,1.00161513613
523772,523784,527302,12,3518,2,36000,1.00341102899
523787,523793,529644,6,5851,2,36000,1.00102546573
523829,523836,529481,7,5645,2,36000,1.00124003543
523898,523904,527837,6,3933,2,36000,1.00152555301
524009,524015,527761,6,3746,2,36000,1.00160170849
524033,524039,528665,6,4626,2,36000,1.00129701686
524132,524138,527417,6,3279,2,36000,1.00182982617
524162,524168,528002,6,3834,2,36000,1.00156494523
524164,524175,528126,11,3951,2,36000,1.00278410529
524296,524302,531371,6,7069,2,36000,1.00084877635
524567,524573,528697,6,4124,2,36000,1.00145489816
524642,524648,530917,6,6269,2,36000,1.00095709045
524714,524720,528427,6,3707,2,36000,1.00161855948
524795,524801,529948,6,5147,2,36000,1.00116572761
524813,524819,528953,6,4134,2,36000,1.00145137881
524831,524837,530629,6,5792,2,36000,1.0010359116
524975,524982,530650,7,5668,2,36000,1.00123500353
525047,525053,531072,6,6019,2,36000,1.00099684333
525120,525126,531231,6,6105,2,36000,1.00098280098
525189,525194,529778,5,4584,2,36000,1.00109075044
525234,525240,530286,6,5046,2,36000,1.00118906064
525318,525324,529791,6,4467,2,36000,1.00134318334
525375,525381,528921,6,3540,2,36000,1.00169491525
525416,525423,529676,7,4253,2,36000,1.00164589701
525440,525447,529425,7,3978,2,36000,1.00175967823
525485,525491,529263,6,3772,2,36000,1.00159066808
525612,525619,529246,7,3627,2,36000,1.00192996967
526003,526010,530920,7,4910,2,36000,1.00142566191
526030,526036,530601,6,4565,2,36000,1.0013143483
526120,526126,531263,6,5137,2,36000,1.00116799689
526394,526400,532442,6,6042,2,36000,1.00099304866
526542,526548,532909,6,6361,2,36000,1.00094324792
526605,526611,530387,6,3776,2,36000,1.00158898305
526653,526659,530735,6,4076,2,36000,1.0014720314
526722,526728,530207,6,3479,2,36000,1.00172463352
526782,526789,532772,7,5983,2,36000,1.00116998161
526881,526888,526889,7,1,2,3540,1.0
526945,526952,532363,7,5411,2,36000,1.00129366106
526963,526969,530979,6,4010,2,36000,1.00149625935
527038,527044,533222,6,6178,2,36000,1.00097118809
527302,527308,531300,6,3992,2,36000,1.00150300601
527317,527323,533277,6,5954,2,36000,1.0010077259
527347,527353,532341,6,4988,2,36000,1.00120288693
527365,527371,532067,6,4696,2,36000,1.00127768313
527419,527425,533385,6,5960,2,36000,1.00100671141
527568,527575,527744,7,169,1,3600,1.04142011834
527624,527630,531245,6,3615,2,36000,1.00165975104
527762,527769,533156,7,5387,2,36000,1.00129942454
527837,527843,533250,6,5407,2,36000,1.00110967265
527894,527900,528248,6,348,1,3600,1.01724137931
528002,528008,534371,6,6363,2,36000,1.00094295144
528113,528119,532184,6,4065,2,36000,1.00147601476
528127,528133,531590,6,3457,2,36000,1.00173560891
528305,528312,532061,7,3749,2,36000,1.00186716458
528428,528437,532696,9,4259,2,36000,1.00211317211
528557,528564,529360,7,796,1,3600,1.00879396985
528605,528612,531991,7,3379,2,36000,1.00207161882
528665,528671,533146,6,4475,2,36000,1.00134078212
528698,528704,532510,6,3806,2,36000,1.00157645822
528752,528758,532015,6,3257,2,36000,1.00184218606
528884,528890,535249,6,6359,2,36000,1.00094354458
528923,528929,532697,6,3768,2,36000,1.00159235669
528954,528960,533921,6,4961,2,36000,1.00120943358
529074,529080,532879,6,3799,2,36000,1.00157936299
529150,529156,532869,6,3713,2,36000,1.00161594398
529246,529252,532695,6,3443,2,36000,1.00174266628
529264,529270,535287,6,6017,2,36000,1.00099717467
529426,529433,533350,7,3917,2,36000,1.00178708195
529480,529486,535046,6,5560,2,36000,1.00107913669
529646,529652,533176,6,3524,2,36000,1.00170261067
529676,529682,534638,6,4956,2,36000,1.00121065375
529778,529784,533089,6,3305,2,36000,1.00181543116
529793,529799,536177,6,6378,2,36000,1.00094073377
529950,529956,535969,6,6013,2,36000,1.00099783802
530205,530213,536207,8,5994,2,36000,1.001334668
530287,530293,535178,6,4885,2,36000,1.00122824974
530389,530395,534741,6,4346,2,36000,1.00138057984
530516,530522,530634,6,112,1,3600,1.05357142857
530600,530606,534411,6,3805,2,36000,1.00157687254
530630,530636,535883,6,5247,2,36000,1.00114351058
530651,530657,535124,6,4467,2,36000,1.00134318334
530735,530741,535380,6,4639,2,36000,1.00129338219
530776,530783,531104,7,321,1,3600,1.02180685358
530918,530925,534815,7,3890,2,36000,1.00179948586
530934,530940,536684,6,5744,2,36000,1.00104456825
530982,530988,535154,6,4166,2,36000,1.00144023044
531073,531079,535813,6,4734,2,36000,1.00126742712
531170,531176,531345,6,169,1,3600,1.03550295858
531232,531238,534739,6,3501,2,36000,1.00171379606
531247,531253,535096,6,3843,2,36000,1.00156128025
531264,531271,535405,7,4134,2,36000,1.00169327528
531300,531306,537195,6,5889,2,36000,1.0010188487
531372,531378,535642,6,4264,2,36000,1.00140712946
531494,531500,531847,6,347,1,3600,1.01729106628
531512,531518,532114,6,596,1,3600,1.01006711409
531592,531598,535595,6,3997,2,36000,1.00150112584
531992,531999,535890,7,3891,2,36000,1.00179902339
532016,532022,535518,6,3496,2,36000,1.00171624714
532064,532071,536225,7,4154,2,36000,1.00168512277
532078,532086,537572,8,5486,2,36000,1.00145825738
532171,532177,533008,6,831,1,3600,1.00722021661
532183,532190,537864,7,5674,2,36000,1.00123369757
532343,532349,536378,6,4029,2,36000,1.00148920328
532364,532370,536284,6,3914,2,36000,1.00153295861
532442,532448,536295,6,3847,2,36000,1.00155965688
532511,532517,537919,6,5402,2,36000,1.00111069974
532698,532704,536890,6,4186,2,36000,1.00143334926
532699,532711,536700,12,3989,2,36000,1.00300827275
532700,532716,535970,16,3254,2,36000,1.0049170252
532772,532778,536405,6,3627,2,36000,1.00165425972
532871,532878,537796,7,4918,2,36000,1.00142334282
532886,532892,536681,6,3789,2,36000,1.00158353127
532910,532916,537911,6,4995,2,36000,1.0012012012
533090,533097,537263,7,4166,2,36000,1.00168026884
533148,533154,538244,6,5090,2,36000,1.00117878193
533163,533169,537569,6,4400,2,36000,1.00136363636
533178,533184,537765,6,4581,2,36000,1.00130975769
533223,533229,537837,6,4608,2,36000,1.00130208333
533253,533259,539043,6,5784,2,36000,1.0010373444
533280,533286,538045,6,4759,2,36000,1.00126076907
533352,533358,537236,6,3878,2,36000,1.00154718927
533385,533392,539168,7,5776,2,36000,1.00121191136
533921,533927,539746,6,5819,2,36000,1.001031105
534129,534135,534249,6,114,1,3600,1.05263157895
534373,534379,538329,6,3950,2,36000,1.00151898734
534399,534405,534716,6,311,1,3600,1.0192926045
534412,534418,540732,6,6314,2,36000,1.00095026924
534638,534644,540427,6,5783,2,36000,1.00103752378
534740,534746,538872,6,4126,2,36000,1.00145419292
534755,534761,540727,6,5966,2,36000,1.00100569896
534818,534824,538722,6,3898,2,36000,1.0015392509
534824,534832,534944,8,112,1,1800,1.07142857143
535046,535053,540559,7,5506,2,36000,1.00127134036
535098,535104,539800,6,4696,2,36000,1.00127768313
535125,535131,539537,6,4406,2,36000,1.00136177939
535155,535166,535772,11,606,1,3600,1.01815181518
535155,535161,540004,6,4843,2,36000,1.00123890151
535179,535185,540215,6,5030,2,36000,1.00119284294
535246,535252,535354,6,102,1,1800,1.05882352941
535251,535258,540688,7,5430,2,36000,1.00128913444
535290,535296,538756,6,3460,2,36000,1.00173410405
535380,535386,540678,6,5292,2,36000,1.00113378685
535407,535413,541393,6,5980,2,36000,1.00100334448
535518,535524,539593,6,4069,2,36000,1.00147456377
535596,535603,539573,7,3970,2,36000,1.00176322418
535644,535651,540020,7,4369,2,36000,1.0016021973
535813,535819,539885,6,4066,2,36000,1.00147565175
535885,535891,539624,6,3733,2,36000,1.00160728636
535900,535907,540447,7,4540,2,36000,1.00154185022
535969,535975,540007,6,4032,2,36000,1.00148809524
535970,535982,539569,12,3587,2,36000,1.00334541399
535979,535989,536570,10,581,1,1800,1.01721170396
536178,536184,539930,6,3746,2,36000,1.00160170849
536208,536214,539943,6,3729,2,36000,1.00160901046
536226,536232,542042,6,5810,2,36000,1.00103270224
536286,536292,540326,6,4034,2,36000,1.00148735746
536301,536307,539881,6,3574,2,36000,1.00167879127
536379,536385,539893,6,3508,2,36000,1.00171037628
536406,536412,540116,6,3704,2,36000,1.00161987041
536683,536689,540535,6,3846,2,36000,1.0015600624
536698,536704,540432,6,3728,2,36000,1.00160944206
536712,536719,540807,7,4088,2,36000,1.00171232877
536890,536896,541623,6,4727,2,36000,1.001269304
537194,537201,542512,7,5311,2,36000,1.00131801921
537236,537242,540843,6,3601,2,36000,1.00166620383
537263,537269,540984,6,3715,2,36000,1.00161507402
537570,537576,541396,6,3820,2,36000,1.00157068063
537585,537591,541192,6,3601,2,36000,1.00166620383
537765,537773,542388,8,4615,2,36000,1.00173347779
537798,537804,543934,6,6130,2,36000,1.00097879282
537837,537843,543968,6,6125,2,36000,1.00097959184
537864,537870,542096,6,4226,2,36000,1.0014197823
537912,537918,541612,6,3694,2,36000,1.00162425555
537927,537933,541340,6,3407,2,36000,1.00176108013
538044,538050,542142,6,4092,2,36000,1.00146627566
538150,538157,538206,7,49,1,1800,1.14285714286
538246,538252,542019,6,3767,2,36000,1.0015927794
538330,538336,541989,6,3653,2,36000,1.00164248563
538497,538503,538587,6,84,1,1800,1.07142857143
538505,538511,538633,6,122,1,1800,1.04918032787
538722,538728,543090,6,4362,2,36000,1.00137551582
538755,538761,542420,6,3659,2,36000,1.00163979229
538872,538878,542659,6,3781,2,36000,1.00158688178
538917,538923,539040,6,117,1,1800,1.05128205128
539044,539050,542590,6,3540,2,36000,1.00169491525
539170,539177,544315,7,5138,2,36000,1.00136239782
539411,539418,539707,7,289,1,1800,1.02422145329
539538,539544,544085,6,4541,2,36000,1.00132129487
539571,539577,543372,6,3795,2,36000,1.00158102767
539587,539593,543590,6,3997,2,36000,1.00150112584
539601,539607,545578,6,5971,2,36000,1.00100485681
539625,539631,543070,6,3439,2,36000,1.00174469322
539678,539684,540190,6,506,1,1800,1.01185770751
539748,539754,543709,6,3955,2,36000,1.001517067
539802,539808,543169,6,3361,2,36000,1.00178518298
539883,539889,543528,6,3639,2,36000,1.00164880462
539898,539904,543904,6,4000,2,36000,1.0015
539899,539910,545952,11,6042,2,36000,1.00182058921
539929,539936,544037,7,4101,2,36000,1.00170690076
539944,539950,543275,6,3325,2,36000,1.00180451128
540005,540011,545625,6,5614,2,36000,1.00106875668
540020,540026,545866,6,5840,2,36000,1.00102739726
540021,540032,543928,11,3896,2,36000,1.00282340862
540117,540123,545763,6,5640,2,36000,1.00106382979
540216,540222,544842,6,4620,2,36000,1.0012987013
540324,540330,545725,6,5395,2,36000,1.00111214087
540430,540436,546687,6,6251,2,36000,1.00095984642
540444,540450,544134,6,3684,2,36000,1.0016286645
540459,540465,544632,6,4167,2,36000,1.00143988481
540534,540540,544490,6,3950,2,36000,1.00151898734
540555,540561,544452,6,3891,2,36000,1.00154202005
540678,540684,545364,6,4680,2,36000,1.00128205128
540693,540699,544462,6,3763,2,36000,1.0015944725
540729,540735,544894,6,4159,2,36000,1.00144265448
540743,540749,544718,6,3969,2,36000,1.0015117158
540809,540815,544480,6,3665,2,36000,1.00163710778
540842,540848,544493,6,3645,2,36000,1.00164609053
540986,540992,544854,6,3862,2,36000,1.00155359917
541193,541200,545262,7,4062,2,36000,1.00172328902
541341,541347,545022,6,3675,2,36000,1.00163265306
541395,541401,547266,6,5865,2,36000,1.0010230179
541396,541408,546826,12,5418,2,36000,1.00221483942
541613,541620,545675,7,4055,2,36000,1.00172626387
541628,541634,545435,6,3801,2,36000,1.00157853197
541985,541991,542037,6,46,1,1800,1.13043478261
541989,541999,545772,10,3773,2,36000,1.00265041081
542019,542025,545642,6,3617,2,36000,1.00165883329
542043,542049,545517,6,3468,2,36000,1.00173010381
542097,542103,546496,6,4393,2,36000,1.00136580924
542142,542148,547527,6,5379,2,36000,1.00111544897
542356,542362,542432,6,70,1,1800,1.08571428571
542389,542395,547875,6,5480,2,36000,1.00109489051
542421,542428,546844,7,4416,2,36000,1.00158514493
542512,542518,548983,6,6465,2,36000,1.00092807425
542593,542599,546783,6,4184,2,36000,1.00143403442
542662,542668,546894,6,4226,2,36000,1.0014197823
543071,543077,548959,6,5882,2,36000,1.0010200612
543089,543095,546824,6,3729,2,36000,1.00160901046
543170,543176,549136,6,5960,2,36000,1.00100671141
543275,543281,547129,6,3848,2,36000,1.00155925156
543371,543378,546896,7,3518,2,36000,1.00198976691
543382,543388,543678,6,290,1,1800,1.02068965517
543531,543537,547299,6,3762,2,36000,1.00159489633
543591,543597,547411,6,3814,2,36000,1.00157315155
543711,543717,547365,6,3648,2,36000,1.00164473684
543906,543913,550457,7,6544,2,36000,1.00106968215
543927,543933,547868,6,3935,2,36000,1.00152477764
543942,543948,547980,6,4032,2,36000,1.00148809524
543969,543976,547529,7,3553,2,36000,1.00197016606
544037,544043,548402,6,4359,2,36000,1.00137646249
544082,544088,547367,6,3279,2,36000,1.00182982617
544136,544142,547423,6,3281,2,36000,1.00182871076
544317,544323,548580,6,4257,2,36000,1.00140944327
544452,544458,548229,6,3771,2,36000,1.0015910899
544467,544473,548922,6,4449,2,36000,1.00134861767
544481,544488,548100,7,3612,2,36000,1.0019379845
544496,544502,548237,6,3735,2,36000,1.0016064257
544498,544509,548363,11,3854,2,36000,1.00285417748
544633,544639,548736,6,4097,2,36000,1.00146448621
544720,544726,549268,6,4542,2,36000,1.00132100396
544843,544849,550272,6,5423,2,36000,1.00110639867
544858,544864,550020,6,5156,2,36000,1.00116369279
544894,544900,548682,6,3782,2,36000,1.00158646219
545023,545029,549684,6,4655,2,36000,1.00128893663
545264,545270,548921,6,3651,2,36000,1.00164338537
545366,545372,550110,6,4738,2,36000,1.00126635711
545435,545442,549029,7,3587,2,36000,1.0019514915
545517,545523,549101,6,3578,2,36000,1.00167691448
545579,545586,549673,7,4087,2,36000,1.00171274774
545624,545631,549390,7,3759,2,36000,1.00186219739
545642,545648,550653,6,5005,2,36000,1.0011988012
545675,545681,549129,6,3448,2,36000,1.00174013921
545726,545732,549455,6,3723,2,36000,1.00161160355
545762,545768,549559,6,3791,2,36000,1.00158269586
545776,545783,550125,7,4342,2,36000,1.00161216029
545866,545873,549829,7,3956,2,36000,1.00176946411
545953,545960,549317,7,3357,2,36000,1.00208519511
546499,546506,550716,7,4210,2,36000,1.00166270784
546688,546694,552050,6,5356,2,36000,1.00112023898
546784,546790,552797,6,6007,2,36000,1.00099883469
546826,546832,551379,6,4547,2,36000,1.00131955135
546827,546839,551616,12,4777,2,36000,1.00251203684
546845,546851,550544,6,3693,2,36000,1.00162469537
546896,546902,550424,6,3522,2,36000,1.00170357751
546897,546909,552988,12,6079,2,36000,1.00197400888
547129,547135,551466,6,4331,2,36000,1.00138536135
547268,547274,551117,6,3843,2,36000,1.00156128025
547301,547307,548528,6,1221,2,36000,1.00491400491
547367,547373,552735,6,5362,2,36000,1.00111898545
547368,547381,550938,13,3557,2,36000,1.00365476525
547413,547419,550947,6,3528,2,36000,1.00170068027
547428,547434,550781,6,3347,2,36000,1.00179265013
547527,547533,551738,6,4205,2,36000,1.00142687277
547542,547548,551663,6,4115,2,36000,1.00145808019
547870,547876,551802,6,3926,2,36000,1.00152827305
547884,547891,551758,7,3867,2,36000,1.00181018878
547981,547987,551577,6,3590,2,36000,1.00167130919
548101,548107,551868,6,3761,2,36000,1.00159532039
548230,548237,554840,7,6603,2,36000,1.00106012419
548245,548252,553312,7,5060,2,36000,1.00138339921
548366,548372,552700,6,4328,2,36000,1.00138632163
548402,548408,554268,6,5860,2,36000,1.00102389078
548528,548535,552428,7,3893,2,36000,1.00179809915
548582,548588,554580,6,5992,2,36000,1.00100133511
548629,549685,549693,1056,8,32,7200,106.4
548685,548692,554584,7,5892,2,36000,1.0011880516
548736,548742,553242,6,4500,2,36000,1.00133333333
548920,548926,553043,6,4117,2,36000,1.00145737187
548935,548942,553153,7,4211,2,36000,1.00166231299
548962,548968,553104,6,4136,2,36000,1.00145067698
548983,548989,552830,6,3841,2,36000,1.0015620932
549027,549035,552678,8,3643,2,36000,1.00219599231
549103,549109,555012,6,5903,2,36000,1.00101643232
549129,549136,553376,7,4240,2,36000,1.0016509434
549134,549704,550153,570,449,4,144000,2.26948775056
549144,549151,554646,7,5495,2,36000,1.00127388535
549271,549277,552759,6,3482,2,36000,1.00172314762
549319,549325,553413,6,4088,2,36000,1.00146771037
549390,549397,553137,7,3740,2,36000,1.00187165775
549457,549464,552912,7,3448,2,36000,1.00203016241
549562,549568,553520,6,3952,2,36000,1.00151821862
549673,549679,553134,6,3455,2,36000,1.0017366136
549688,549695,554150,7,4455,2,36000,1.00157126824
549830,549836,554086,6,4250,2,36000,1.00141176471
550020,550027,555155,7,5128,2,36000,1.0013650546
550110,550117,554006,7,3889,2,36000,1.00179994857
550126,550132,555004,6,4872,2,36000,1.00123152709
550274,550280,554116,6,3836,2,36000,1.0015641293
550424,550431,554005,7,3574,2,36000,1.00195858982
550457,550464,556742,7,6278,2,36000,1.00111500478
550545,550551,554838,6,4287,2,36000,1.00139958013
550653,550661,554763,8,4102,2,36000,1.00195026816
550716,550722,554663,6,3941,2,36000,1.00152245623
550782,550788,554605,6,3817,2,36000,1.00157191512
550939,550945,554556,6,3611,2,36000,1.00166158959
550954,550960,554631,6,3671,2,36000,1.00163443203
551116,551122,555085,6,3963,2,36000,1.00151400454
551381,551387,555684,6,4297,2,36000,1.00139632302
551468,551474,555108,6,3634,2,36000,1.0016510732
551577,551583,555048,6,3465,2,36000,1.00173160173
551616,551623,555261,7,3638,2,36000,1.00192413414
551664,551670,555535,6,3865,2,36000,1.00155239327
551739,551746,555671,7,3925,2,36000,1.00178343949
551760,551767,555496,7,3729,2,36000,1.00187717887
551802,551809,555535,7,3726,2,36000,1.00187869028
551869,551875,555782,6,3907,2,36000,1.00153570514
552050,552056,557409,6,5353,2,36000,1.0011208668
552430,552436,556791,6,4355,2,36000,1.00137772675
552677,552684,558057,7,5373,2,36000,1.00130281035
552702,552708,556984,6,4276,2,36000,1.00140318054
552735,552742,556445,7,3703,2,36000,1.00189035917
552759,552765,556405,6,3640,2,36000,1.00164835165
552798,552804,555873,6,3069,2,36000,1.00195503421
552831,552837,557084,6,4247,2,36000,1.00141276195
552875,552881,574513,6,21632,2,21600,1.00027736686
552912,552920,556719,8,3799,2,36000,1.00210581732
552988,552994,557272,6,4278,2,36000,1.00140252454
553045,553051,557076,6,4025,2,36000,1.00149068323
553102,553108,556379,6,3271,2,36000,1.00183430144
553135,553142,558868,7,5726,2,36000,1.00122249389
553151,553158,556894,7,3736,2,36000,1.00187366167
553166,553173,556551,7,3378,2,36000,1.00207223209
553244,553250,557627,6,4377,2,36000,1.00137080192
553313,553319,556792,6,3473,2,36000,1.00172761301
553374,553380,557188,6,3808,2,36000,1.00157563025
553413,553419,557223,6,3804,2,36000,1.00157728707
553521,553528,559057,7,5529,2,36000,1.00126605173
553827,553833,554766,6,933,4,144000,1.00643086817
554005,554011,557866,6,3855,2,36000,1.00155642023
554007,554019,558041,12,4022,2,36000,1.00298359025
554031,554102,554790,71,688,4,144000,1.10319767442
554088,554095,558184,7,4089,2,36000,1.00171191
554119,554125,559445,6,5320,2,36000,1.00112781955
554149,554155,557925,6,3770,2,36000,1.00159151194
554181,554571,555181,390,610,4,144000,1.6393442623
554269,554276,557985,7,3709,2,36000,1.00188730116
554559,554565,557966,6,3401,2,36000,1.001764187
554580,554586,560945,6,6359,2,36000,1.00094354458
554595,554601,560647,6,6046,2,36000,1.00099239166
554610,554616,558431,6,3815,2,36000,1.00157273919
554631,554637,558214,6,3577,2,36000,1.00167738328
554646,554653,558164,7,3511,2,36000,1.00199373398
554662,554668,558713,6,4045,2,36000,1.00148331273
554762,554768,558181,6,3413,2,36000,1.00175798418
554840,554846,558603,6,3757,2,36000,1.0015970189
554841,554852,560844,11,5992,2,36000,1.00183578104
554993,554999,556421,6,1422,4,144000,1.00421940928
554997,555006,555617,9,611,4,144000,1.0147299509
555004,555012,558859,8,3847,2,36000,1.0020795425
555019,555025,558787,6,3762,2,36000,1.00159489633
555047,555054,559507,7,4453,2,36000,1.00157197395
555090,555096,559009,6,3913,2,36000,1.00153335037
555108,555114,559061,6,3947,2,36000,1.00152014188
555157,555163,559000,6,3837,2,36000,1.00156372166
555263,555269,561127,6,5858,2,36000,1.00102424036
555288,555294,559169,6,3875,2,36000,1.0015483871
555289,555300,561201,11,5901,2,36000,1.00186409083
555291,555306,559243,15,3937,2,36000,1.00381000762
555292,555311,559913,19,4602,2,36000,1.00412863972
555293,555316,558881,23,3565,2,36000,1.0064516129
555295,555322,561340,27,6018,2,36000,1.00448654038
555296,555328,560063,32,4735,2,36000,1.00675818374
555297,555333,561573,36,6240,2,36000,1.00576923077
555299,555338,559566,39,4228,2,36000,1.00922421949
555300,555343,559368,43,4025,2,36000,1.01068322981
555301,555349,559241,48,3892,2,36000,1.01233299075
555303,555354,561416,51,6062,2,36000,1.008413065
555304,555359,561345,55,5986,2,36000,1.00918810558
555305,555365,559486,60,4121,2,36000,1.01455957292
555307,555370,560140,63,4770,2,36000,1.01320754717
555308,555375,561363,67,5988,2,36000,1.01118904476
555309,555380,559217,71,3837,2,36000,1.01850403961
555311,555385,559062,74,3677,2,36000,1.02012510199
555312,555391,559230,79,3839,2,36000,1.02057827559
555313,555396,558737,83,3341,2,36000,1.02484286142
555315,555401,559251,86,3850,2,36000,1.02233766234
555316,555406,559267,90,3861,2,36000,1.02331002331
555317,555413,560054,96,4641,2,36000,1.02068519716
555319,555418,559336,99,3918,2,36000,1.02526799387
555320,555424,559728,104,4304,2,36000,1.02416356877
555321,556391,561067,1070,4676,2,36000,1.22882805817
555323,556563,560255,1240,3692,2,36000,1.33586132178
555324,556802,560350,1478,3548,2,36000,1.41657271702
555325,556809,560818,1484,4009,2,36000,1.37016712397
555327,556905,560450,1578,3545,2,36000,1.44513399154
555342,556753,558347,1411,1594,32,7200,1.8851944793
555499,556996,561239,1497,4243,2,36000,1.35281640349
555535,557088,560968,1553,3880,2,36000,1.40025773196
555536,557095,561091,1559,3996,2,36000,1.39014014014
555673,557200,561046,1527,3846,2,36000,1.39703588144
555689,557235,561484,1546,4249,2,36000,1.36385031772
555785,557283,563474,1498,6191,2,36000,1.2419641415
555872,557421,561365,1549,3944,2,36000,1.3927484787
556380,557640,561097,1260,3457,2,36000,1.36447787099
556408,557696,561364,1288,3668,2,36000,1.35114503817
556446,557701,561897,1255,4196,2,36000,1.2990943756
556552,557878,561508,1326,3630,2,36000,1.3652892562
556719,557937,563224,1218,5287,2,36000,1.23037639493
556743,557978,561606,1235,3628,2,36000,1.34040793826
556789,557997,561646,1208,3649,2,36000,1.33104960263
556803,558053,562814,1250,4761,2,36000,1.26254988448
556894,558069,561993,1175,3924,2,36000,1.2994393476
556984,558200,561938,1216,3738,2,36000,1.32530765115
557078,558226,561629,1148,3403,2,36000,1.33734939759
557093,558369,564183,1276,5814,2,36000,1.21947024424
557189,558374,564326,1185,5952,2,36000,1.19909274194
557222,558379,562092,1157,3713,2,36000,1.31160786426
557273,558385,564383,1112,5998,2,36000,1.18539513171
557412,558390,562149,978,3759,2,36000,1.26017557861
557631,558395,562358,764,3963,2,36000,1.19278324502
557867,558400,564985,533,6585,2,36000,1.08094153379
557924,558405,564557,481,6152,2,36000,1.07818595579
557966,558411,562601,445,4190,2,36000,1.1062052506
557985,558416,564542,431,6126,2,36000,1.07035586027
558043,558421,563054,378,4633,2,36000,1.0815886035
558058,558426,562127,368,3701,2,36000,1.09943258579
558095,558192,558569,97,377,4,144000,1.25729442971
558100,558358,558943,258,585,4,144000,1.44102564103
558106,558364,559662,258,1298,4,144000,1.19876733436
558167,558443,562439,276,3996,2,36000,1.06906906907
558185,558615,562412,430,3797,2,36000,1.1132473005
558186,558725,562584,539,3859,2,36000,1.13967349054
558216,558748,564644,532,5896,2,36000,1.09023066486
558428,558799,562417,371,3618,2,36000,1.10254284135
558512,558582,576084,70,17502,4,144000,1.00399954291
558606,558871,562561,265,3690,2,36000,1.07181571816
558715,558880,562582,165,3702,2,36000,1.04457050243
558736,558893,562403,157,3510,2,36000,1.04472934473
558787,558954,563965,167,5011,2,36000,1.0333266813
558860,558960,563210,100,4250,2,36000,1.02352941176
558875,559012,563132,137,4120,2,36000,1.03325242718
558889,559022,562583,133,3561,2,36000,1.03734905925
559001,559069,562672,68,3603,2,36000,1.01887316125
559016,559076,564784,60,5708,2,36000,1.01051156272
559058,559081,563650,23,4569,2,36000,1.00503392427
559073,559181,564401,108,5220,2,36000,1.02068965517
559074,559230,563130,156,3900,2,36000,1.04
559171,559242,565122,71,5880,2,36000,1.01207482993
559219,559252,565710,33,6458,2,36000,1.00510994116
559234,559260,563094,26,3834,2,36000,1.00678142932
559249,559266,563279,17,4013,2,36000,1.00423623225
559250,559279,563046,29,3767,2,36000,1.00769843377
559265,559348,565609,83,6261,2,36000,1.01325666826
559266,559379,563349,113,3970,2,36000,1.02846347607
559336,559457,563366,121,3909,2,36000,1.03095420824
559369,559499,565629,130,6130,2,36000,1.02120717781
559445,559518,563066,73,3548,2,36000,1.02057497182
559487,559578,563790,91,4212,2,36000,1.02160493827
559508,559675,563412,167,3737,2,36000,1.04468825261
559568,559680,565933,112,6253,2,36000,1.01791140253
559725,559739,563949,14,4210,2,36000,1.00332541568
559913,559924,566190,11,6266,2,36000,1.0017555059
559973,561058,679694,1085,118636,6,303000,1.0091456219
560054,560065,566513,11,6448,2,36000,1.00170595533
560069,560076,564030,7,3954,2,36000,1.00177035913
560141,560153,564110,12,3957,2,36000,1.00303260045
560256,560267,565948,11,5681,2,36000,1.00193627882
560352,560462,564240,110,3778,2,36000,1.02911593436
560452,560830,564352,378,3522,2,36000,1.1073253833
560649,560957,565351,308,4394,2,36000,1.07009558489
560672,560980,612004,308,51024,12,172800,1.00603637504
560818,561078,566022,260,4944,2,36000,1.05258899676
560845,561102,564952,257,3850,2,36000,1.06675324675
560944,561110,565068,166,3958,2,36000,1.04194037393
560968,561251,565052,283,3801,2,36000,1.07445409103
561047,561353,565443,306,4090,2,36000,1.07481662592
561069,561360,565302,291,3942,2,36000,1.07382039574
561093,561374,565392,281,4018,2,36000,1.06993529119
561108,561381,564957,273,3576,2,36000,1.07634228188
561113,561213,564928,100,3715,4,144000,1.0269179004
561129,561387,565181,258,3794,2,36000,1.06800210859
561201,561427,567145,226,5718,2,36000,1.0395243092
561240,561496,566100,256,4604,2,36000,1.05560382276
561343,561519,565644,176,4125,2,36000,1.04266666667
561358,561585,566379,227,4794,2,36000,1.04735085524
561373,561618,565428,245,3810,2,36000,1.06430446194
561374,561640,565541,266,3901,2,36000,1.06818764419
561375,561659,565671,284,4012,2,36000,1.07078763709
561414,561909,566967,495,5058,2,36000,1.09786476868
561484,561950,565870,466,3920,2,36000,1.11887755102
561508,562006,566193,498,4187,2,36000,1.11893957487
561574,562104,565770,530,3666,2,36000,1.14457174032
561608,562139,567053,531,4914,2,36000,1.10805860806
561629,562160,566172,531,4012,2,36000,1.13235294118
561647,562370,566217,723,3847,2,36000,1.1879386535
561897,562414,567677,517,5263,2,36000,1.09823294699
561939,562424,566373,485,3949,2,36000,1.12281590276
561993,562431,566063,438,3632,2,36000,1.12059471366
562093,562450,566121,357,3671,2,36000,1.09724870607
562129,562573,566461,444,3888,2,36000,1.11419753086
562149,562593,566945,444,4352,2,36000,1.10202205882
562361,562599,566375,238,3776,2,36000,1.06302966102
562406,562605,568510,199,5905,2,36000,1.03370025402
562421,562612,566408,191,3796,2,36000,1.05031612223
562422,562684,566237,262,3553,2,36000,1.07374050099
562440,562825,567233,385,4408,2,36000,1.08734119782
562563,563057,566554,494,3497,2,36000,1.14126394052
562585,563066,567269,481,4203,2,36000,1.11444206519
562586,563077,569655,491,6578,2,36000,1.07464274856
562587,563106,569227,519,6121,2,36000,1.08479006698
562602,563142,567114,540,3972,2,36000,1.13595166163
562674,563150,566812,476,3662,2,36000,1.12998361551
562816,563221,569105,405,5884,2,36000,1.0688307274
563046,563235,569785,189,6550,2,36000,1.02885496183
563061,563292,566884,231,3592,2,36000,1.06430957684
563075,563362,567892,287,4530,2,36000,1.06335540839
563097,563378,569720,281,6342,2,36000,1.04430778934
563133,563456,567290,323,3834,2,36000,1.08424621805
563134,563486,567304,352,3818,2,36000,1.09219486642
563212,563662,567829,450,4167,2,36000,1.10799136069
563227,563802,570073,575,6271,2,36000,1.09169191517
563251,563423,563446,172,23,1,600,8.47826086957
563278,563961,567646,683,3685,2,36000,1.18534599729
563351,564031,569393,680,5362,2,36000,1.12681835136
563366,564041,570689,675,6648,2,36000,1.10153429603
563411,564122,570299,711,6177,2,36000,1.11510441962
563474,564195,568010,721,3815,2,36000,1.18899082569
563652,564252,569524,600,5272,2,36000,1.11380880121
563753,563977,564021,224,44,1,600,6.09090909091
563790,564364,567980,574,3616,2,36000,1.15873893805
563950,564391,567697,441,3306,2,36000,1.1333938294
563965,564398,569312,433,4914,2,36000,1.08811558812
564031,564412,568047,381,3635,2,36000,1.10481430536
564110,564524,570260,414,5736,2,36000,1.07217573222
564185,564530,568491,345,3961,2,36000,1.08709921737
564242,564554,568367,312,3813,2,36000,1.08182533438
564285,564338,564380,53,42,1,600,2.2619047619
564327,564569,569582,242,5013,2,36000,1.04827448634
564351,564657,568784,306,4127,2,36000,1.07414586867
564384,564964,569457,580,4493,2,36000,1.12908969508
564402,564970,569105,568,4135,2,36000,1.13736396614
564544,564996,569160,452,4164,2,36000,1.10854947166
564559,565079,568746,520,3667,2,36000,1.14180529043
564614,564941,576785,327,11844,4,144000,1.02760891591
564646,565134,569738,488,4604,2,36000,1.10599478714
564785,565313,569002,528,3689,2,36000,1.14312821903
564822,564828,565419,6,591,1,600,1.01015228426
564951,565362,569154,411,3792,2,36000,1.10838607595
564966,565404,571859,438,6455,2,36000,1.06785437645
564987,565429,569680,442,4251,2,36000,1.10397553517
565022,565193,572473,171,7280,4,144000,1.02348901099
565053,565440,569005,387,3565,2,36000,1.10855539972
565073,565455,570779,382,5324,2,36000,1.07175056349
565122,565553,569520,431,3967,2,36000,1.10864633224
565182,565621,569238,439,3617,2,36000,1.12137130218
565303,565641,569381,338,3740,2,36000,1.09037433155
565354,565657,569278,303,3621,2,36000,1.08367854184
565393,565684,570649,291,4965,2,36000,1.0586102719
565429,565722,571618,293,5896,2,36000,1.04969470828
565444,565882,570325,438,4443,2,36000,1.09858203916
565527,565782,566672,255,890,1,86400,1.28651685393
565543,565945,569961,402,4016,2,36000,1.10009960159
565609,565959,569763,350,3804,2,36000,1.0920084122
565630,566033,569679,403,3646,2,36000,1.11053208996
565645,566075,570251,430,4176,2,36000,1.10296934866
565672,566112,570153,440,4041,2,36000,1.10888393962
565711,566133,569743,422,3610,2,36000,1.11689750693
565771,566184,571026,413,4842,2,36000,1.08529533251
565870,566202,572276,332,6074,2,36000,1.05465920316
565934,566209,571834,275,5625,2,36000,1.04888888889
565949,566225,570548,276,4323,2,36000,1.06384455239
566024,566232,569938,208,3706,2,36000,1.05612520237
566063,566248,571874,185,5626,2,36000,1.03288304301
566102,566386,571107,284,4721,2,36000,1.06015674645
566123,566393,570698,270,4305,2,36000,1.06271777003
566174,566398,570518,224,4120,2,36000,1.05436893204
566192,566420,570042,228,3622,2,36000,1.06294864716
566207,566473,570307,266,3834,2,36000,1.06937923839
566222,566525,572568,303,6043,2,36000,1.05014065861
566240,566566,571029,326,4463,2,36000,1.07304503697
566373,566823,570825,450,4002,2,36000,1.11244377811
566388,566897,570829,509,3932,2,36000,1.12945066124
566389,566957,572862,568,5905,2,36000,1.09618966977
566407,566978,572966,571,5988,2,36000,1.09535738143
566462,567066,573106,604,6040,2,36000,1.1
566516,567127,571042,611,3915,2,36000,1.15606641124
566555,567157,572463,602,5306,2,36000,1.11345646438
566814,567245,570587,431,3342,2,36000,1.1289646918
566833,566840,599212,7,32372,1,86400,1.00021623625
566887,567282,571349,395,4067,2,36000,1.09712318662
566947,567301,571025,354,3724,2,36000,1.09505907626
566968,567316,572874,348,5558,2,36000,1.06261245052
567055,567659,573496,604,5837,2,36000,1.10347781395
567116,567688,572030,572,4342,2,36000,1.13173652695
567145,567709,573080,564,5371,2,36000,1.10500837833
567233,567841,574072,608,6231,2,36000,1.09757663296
567270,567904,572195,634,4291,2,36000,1.14775110697
567291,567992,571787,701,3795,2,36000,1.18471673254
567305,568023,571795,718,3772,2,36000,1.19034994698
567649,568059,571488,410,3429,2,36000,1.11956838728
567679,568379,572151,700,3772,2,36000,1.18557794274
567700,568502,572476,802,3974,2,36000,1.20181177655
567827,568521,572280,694,3759,2,36000,1.1846235701
567893,568758,572301,865,3543,2,36000,1.24414338132
567981,568765,574653,784,5888,2,36000,1.13315217391
568011,568795,572346,784,3551,2,36000,1.22078287806
568050,568853,572343,803,3490,2,36000,1.23008595989
568368,569013,572611,645,3598,2,36000,1.17926625903
568491,569020,573740,529,4720,2,36000,1.11207627119
568512,569117,573965,605,4848,2,36000,1.12479372937
568747,569122,575277,375,6155,2,36000,1.06092607636
568783,569165,574100,382,4935,2,36000,1.07740628166
569004,569173,573240,169,4067,2,36000,1.04155397099
569019,569239,573004,220,3765,2,36000,1.05843293493
569106,569249,573429,143,4180,2,36000,1.03421052632
569107,569290,573507,183,4217,2,36000,1.04339577899
569155,569324,574096,169,4772,2,36000,1.03541492037
569170,569392,572875,222,3483,2,36000,1.06373815676
569228,569405,573525,177,4120,2,36000,1.04296116505
569243,569468,573395,225,3927,2,36000,1.05729564553
569279,569532,573482,253,3950,2,36000,1.06405063291
569312,569539,573688,227,4149,2,36000,1.05471197879
569381,569594,575149,213,5555,2,36000,1.03834383438
569396,569667,574367,271,4700,2,36000,1.05765957447
569459,569691,574045,232,4354,2,36000,1.05328433624
569522,569697,573607,175,3910,2,36000,1.04475703325
569537,569732,574374,195,4642,2,36000,1.04200775528
569582,569750,573279,168,3529,2,36000,1.04760555398
569654,569756,572967,102,3211,2,36000,1.03176580505
569679,569776,573850,97,4074,2,36000,1.02380952381
569694,569797,573097,103,3300,2,36000,1.03121212121
569721,569949,573443,228,3494,2,36000,1.06525472238
569739,569973,574137,234,4164,2,36000,1.05619596542
569753,570054,574786,301,4732,2,36000,1.06360946746
569768,570084,574476,316,4392,2,36000,1.07194899818
569786,570166,574201,380,4035,2,36000,1.09417596035
569940,570263,574870,323,4607,2,36000,1.07011070111
569961,570271,574844,310,4573,2,36000,1.06778919746
570043,570311,574341,268,4030,2,36000,1.06650124069
570073,570319,574866,246,4547,2,36000,1.05410160545
570154,570337,575376,183,5039,2,36000,1.03631672951
570253,570530,575320,277,4790,2,36000,1.05782881002
570268,570560,574739,292,4179,2,36000,1.0698731754
570301,570599,574376,298,3777,2,36000,1.07889859677
570316,570661,574522,345,3861,2,36000,1.08935508936
570331,570701,576582,370,5881,2,36000,1.06291447033
570521,570711,576624,190,5913,2,36000,1.03213258921
570548,570791,576657,243,5866,2,36000,1.04142516195
570587,570836,576799,249,5963,2,36000,1.04175750461
570651,570844,574285,193,3441,2,36000,1.05608834641
570690,571037,574780,347,3743,2,36000,1.09270638525
570705,571043,576295,338,5252,2,36000,1.06435643564
570780,571050,574479,270,3429,2,36000,1.07874015748
570825,571056,575166,231,4110,2,36000,1.05620437956
570840,571119,576530,279,5411,2,36000,1.05156163371
571026,571360,576133,334,4773,2,36000,1.0699769537
571028,571499,576142,471,4643,2,36000,1.10144303252
571029,571629,575292,600,3663,2,36000,1.1638001638
571044,571799,576915,755,5116,2,36000,1.14757623143
571110,571807,575713,697,3906,2,36000,1.17844342038
571349,571845,575003,496,3158,2,36000,1.15706143129
571490,571871,576834,381,4963,2,36000,1.07676808382
571618,571886,576323,268,4437,2,36000,1.06040117196
571789,572042,576053,253,4011,2,36000,1.06307653952
571804,572163,575594,359,3431,2,36000,1.10463421743
571834,572206,577341,372,5135,2,36000,1.07244401168
571861,572287,576698,426,4411,2,36000,1.09657673997
571876,572295,577090,419,4795,2,36000,1.0873826903
572031,572312,577234,281,4922,2,36000,1.05709061357
572152,572355,577317,203,4962,2,36000,1.04091092301
572197,572362,575927,165,3565,2,36000,1.04628330996
572279,572474,576386,195,3912,2,36000,1.04984662577
572280,572487,576822,207,4335,2,36000,1.04775086505
572301,572492,577198,191,4706,2,36000,1.04058648534
572343,572499,576252,156,3753,2,36000,1.0415667466
572358,572579,576556,221,3977,2,36000,1.05556952477
572463,572622,576468,159,3846,2,36000,1.04134165367
572478,572874,576997,396,4123,2,36000,1.09604656803
572569,572885,576585,316,3700,2,36000,1.08540540541
572611,572892,577002,281,4110,2,36000,1.06836982968
572864,572978,579142,114,6164,2,36000,1.0184944841
572880,572984,576717,104,3733,2,36000,1.02785963032
572881,573017,577042,136,4025,2,36000,1.03378881988
572966,573092,577350,126,4258,2,36000,1.02959135744
572980,573118,576811,138,3693,2,36000,1.0373679935
573005,573251,578438,246,5187,2,36000,1.04742625795
573080,573290,577876,210,4586,2,36000,1.04579153947
573088,573110,601913,22,28803,1,28800,1.00076380933
573098,573407,577088,309,3681,2,36000,1.08394458028
573113,573441,577309,328,3868,2,36000,1.0847983454
573242,573454,579139,212,5685,2,36000,1.03729111697
573282,573494,577216,212,3722,2,36000,1.0569586244
573396,573508,578058,112,4550,2,36000,1.02461538462
573429,573519,577654,90,4135,2,36000,1.02176541717
573444,573536,578373,92,4837,2,36000,1.01902005375
573483,573619,577262,136,3643,2,36000,1.03733186934
573498,573700,577477,202,3777,2,36000,1.05348159915
573513,573751,577354,238,3603,2,36000,1.06605606439
573528,573862,578025,334,4163,2,36000,1.08023060293
573609,573976,579870,367,5894,2,36000,1.06226671191
573687,574057,577574,370,3517,2,36000,1.10520329827
573742,574084,577971,342,3887,2,36000,1.087985593
573850,574108,578575,258,4467,2,36000,1.05775688381
573965,574114,578138,149,4024,2,36000,1.037027833
574047,574149,580260,102,6111,2,36000,1.01669121257
574074,574212,577945,138,3733,2,36000,1.03696758639
574098,574297,579919,199,5622,2,36000,1.03539665599
574113,574352,577956,239,3604,2,36000,1.06631520533
574139,574379,577793,240,3414,2,36000,1.07029876977
574203,574385,577973,182,3588,2,36000,1.05072463768
574287,574392,579254,105,4862,2,36000,1.02159605101
574342,574429,578011,87,3582,2,36000,1.0242881072
574369,574487,579244,118,4757,2,36000,1.02480554972
574384,574494,578849,110,4355,2,36000,1.02525832377
574385,574524,579864,139,5340,2,36000,1.02602996255
574476,574534,578143,58,3609,2,36000,1.01607093378
574491,574665,578664,174,3999,2,36000,1.04351087772
574524,574750,578367,226,3617,2,36000,1.06248272049
574653,574793,580920,140,6127,2,36000,1.02284968174
574741,574800,581048,59,6248,2,36000,1.00944302177
574780,574855,579437,75,4582,2,36000,1.01636839808
574795,574878,580551,83,5673,2,36000,1.01463070686
574846,574884,578858,38,3974,2,36000,1.009562154
574867,575015,579097,148,4082,2,36000,1.03625673689
574881,575160,578678,279,3518,2,36000,1.0793064241
575005,575179,580803,174,5624,2,36000,1.03093883357
575150,575289,581677,139,6388,2,36000,1.02175954915
575168,575305,579234,137,3929,2,36000,1.03486892339
575280,575332,578935,52,3603,2,36000,1.01443241743
575295,575387,579127,92,3740,2,36000,1.02459893048
575322,575939,579792,617,3853,2,36000,1.16013495977
575377,576065,580489,688,4424,2,36000,1.15551537071
575427,575725,578907,298,3182,4,144000,1.09365179133
575595,576096,579645,501,3549,2,36000,1.14116652578
575713,576102,580288,389,4186,2,36000,1.09292881032
575929,576335,579975,406,3640,2,36000,1.11153846154
576053,576397,580425,344,4028,2,36000,1.08540218471
576111,576154,576585,43,431,4,144000,1.09976798144
576117,576307,576779,190,472,4,144000,1.40254237288
576129,576479,579789,350,3310,2,36000,1.10574018127
576144,576541,581302,397,4761,2,36000,1.08338584331
576253,576567,582620,314,6053,2,36000,1.05187510325
576296,576594,580463,298,3869,2,36000,1.07702248643
576325,576600,582781,275,6181,2,36000,1.04449118266
576388,576606,580552,218,3946,2,36000,1.05524581855
576473,576611,580428,138,3817,2,36000,1.03615404768
576532,576637,580853,105,4216,2,36000,1.02490512334
576557,576668,581538,111,4870,2,36000,1.0227926078
576582,576709,580634,127,3925,2,36000,1.0323566879
576597,576729,581201,132,4472,2,36000,1.02951699463
576624,576791,580621,167,3830,2,36000,1.04360313316
576660,576796,581080,136,4284,2,36000,1.03174603175
576701,576802,581305,101,4503,2,36000,1.02242949145
576720,576808,580759,88,3951,2,36000,1.02227284232
576802,576815,580513,13,3698,2,36000,1.00351541374
576817,576823,581312,6,4489,2,36000,1.00133660058
576832,576839,581038,7,4199,2,36000,1.00166706359
576848,576854,581650,6,4796,2,36000,1.00125104254
576920,576927,580321,7,3394,2,36000,1.00206246317
576999,577009,581212,10,4203,2,36000,1.00237925291
577014,577020,580799,6,3779,2,36000,1.00158772162
577045,577053,580705,8,3652,2,36000,1.0021905805
577090,577100,581119,10,4019,2,36000,1.00248818114
577091,577106,583101,15,5995,2,36000,1.00250208507
577200,577210,580717,10,3507,2,36000,1.00285143998
577215,577227,581022,12,3795,2,36000,1.00316205534
577236,577246,581254,10,4008,2,36000,1.00249500998
577263,577274,581285,11,4011,2,36000,1.00274245824
577315,577321,582418,6,5097,2,36000,1.00117716304
577316,577330,581498,14,4168,2,36000,1.00335892514
577341,577353,581128,12,3775,2,36000,1.00317880795
577358,577365,580908,7,3543,2,36000,1.00197572679
577359,577371,581073,12,3702,2,36000,1.00324149109
577477,577488,581999,11,4511,2,36000,1.00243848371
577576,577587,583031,11,5444,2,36000,1.00202057311
577657,577666,581830,9,4164,2,36000,1.00216138329
577794,577804,581512,10,3708,2,36000,1.00269687163
577879,577889,583909,10,6020,2,36000,1.00166112957
577945,577956,583502,11,5546,2,36000,1.00198341147
577960,577968,583130,8,5162,2,36000,1.0015497869
577975,577982,584313,7,6331,2,36000,1.00110567051
577977,577988,582814,11,4826,2,36000,1.00227932035
578013,578023,583566,10,5543,2,36000,1.00180407721
578028,578036,582335,8,4299,2,36000,1.00186089788
578058,578070,581995,12,3925,2,36000,1.00305732484
578140,578149,582168,9,4019,2,36000,1.00223936303
578156,578162,581719,6,3557,2,36000,1.00168681473
578368,578378,582625,10,4247,2,36000,1.00235460325
578382,578389,582618,7,4229,2,36000,1.00165523764
578440,578450,583998,10,5548,2,36000,1.00180245133
578579,578587,582110,8,3523,2,36000,1.00227079194
578666,578676,583577,10,4901,2,36000,1.00204039992
578681,578690,582815,9,4125,2,36000,1.00218181818
578850,578860,582754,10,3894,2,36000,1.00256805342
578865,578872,582688,7,3816,2,36000,1.00183438155
578937,578943,583139,6,4196,2,36000,1.00142993327
579097,579103,583331,6,4228,2,36000,1.00141911069
579127,579133,582931,6,3798,2,36000,1.00157977883
579142,579148,583240,6,4092,2,36000,1.00146627566
579143,579155,582903,12,3748,2,36000,1.00320170758
579234,579240,583299,6,4059,2,36000,1.0014781966
579249,579255,584172,6,4917,2,36000,1.00122025625
579264,579270,585543,6,6273,2,36000,1.00095648015
579438,579445,582969,7,3524,2,36000,1.00198637911
579647,579654,584551,7,4897,2,36000,1.0014294466
579789,579796,584545,7,4749,2,36000,1.00147399453
579804,579811,584265,7,4454,2,36000,1.00157162101
579864,579872,583807,8,3935,2,36000,1.00203303685
579879,579886,584824,7,4938,2,36000,1.00141757797
579921,579929,583512,8,3583,2,36000,1.00223276584
579977,579984,584051,7,4067,2,36000,1.0017211704
580260,580266,584430,6,4164,2,36000,1.00144092219
580291,580298,583813,7,3515,2,36000,1.00199146515
580321,580327,586160,6,5833,2,36000,1.00102863021
580427,580434,585378,7,4944,2,36000,1.00141585761
580442,580449,585166,7,4717,2,36000,1.00148399406
580466,580473,586955,7,6482,2,36000,1.00107991361
580490,580497,584906,7,4409,2,36000,1.0015876616
580514,580520,584302,6,3782,2,36000,1.00158646219
580553,580559,584414,6,3855,2,36000,1.00155642023
580554,580565,584465,11,3900,2,36000,1.00282051282
580623,580630,585755,7,5125,2,36000,1.00136585366
580638,580645,584025,7,3380,2,36000,1.00207100592
580708,580714,584940,6,4226,2,36000,1.0014197823
580723,580729,585316,6,4587,2,36000,1.00130804447
580759,580765,584782,6,4017,2,36000,1.00149365198
580801,580808,585976,7,5168,2,36000,1.00135448916
580816,580822,586474,6,5652,2,36000,1.00106157113
580855,580862,584763,7,3901,2,36000,1.00179441169
580909,580915,586744,6,5829,2,36000,1.00102933608
580924,580930,585357,6,4427,2,36000,1.00135531963
581024,581030,584656,6,3626,2,36000,1.00165471594
581039,581045,587393,6,6348,2,36000,1.00094517958
581054,581060,585766,6,4706,2,36000,1.00127496813
581074,581081,585255,7,4174,2,36000,1.00167704839
581089,581096,585156,7,4060,2,36000,1.00172413793
581120,581126,585834,6,4708,2,36000,1.00127442651
581136,581142,585535,6,4393,2,36000,1.00136580924
581202,581208,586551,6,5343,2,36000,1.00112296463
581217,581223,585272,6,4049,2,36000,1.00148184737
581219,581318,663120,99,81802,4,144000,1.00121023936
581224,581324,664057,100,82733,4,144000,1.00120870753
581232,582121,666525,889,84404,4,144000,1.01053267618
581256,581263,587306,7,6043,2,36000,1.00115836505
581286,581293,585514,7,4221,2,36000,1.00165837479
581304,581311,584858,7,3547,2,36000,1.00197349873
581306,581510,587515,204,6005,2,36000,1.03397169026
581321,581523,585618,202,4095,2,36000,1.04932844933
581499,581550,585461,51,3911,2,36000,1.01304014319
581514,581662,585100,148,3438,2,36000,1.04304828389
581538,581732,585624,194,3892,2,36000,1.04984583762
581652,581842,586167,190,4325,2,36000,1.04393063584
581676,582006,586551,330,4545,2,36000,1.07260726073
581722,582013,585780,291,3767,2,36000,1.0772498009
581830,582179,586316,349,4137,2,36000,1.08436064781
581995,582346,586334,351,3988,2,36000,1.08801404213
582010,582430,586406,420,3976,2,36000,1.10563380282
582110,582630,585985,520,3355,2,36000,1.15499254844
582170,582636,586620,466,3984,2,36000,1.11696787149
582337,582641,586516,304,3875,2,36000,1.0784516129
582418,582701,586678,283,3977,2,36000,1.0711591652
582621,582765,586233,144,3468,2,36000,1.04152249135
582622,582793,587176,171,4383,2,36000,1.03901437372
582637,582826,586371,189,3545,2,36000,1.0533145275
582688,582833,586688,145,3855,2,36000,1.03761348898
582755,582915,586642,160,3727,2,36000,1.04292997049
582782,582942,586812,160,3870,2,36000,1.04134366925
582815,582981,587145,166,4164,2,36000,1.03986551393
582817,583043,587673,226,4630,2,36000,1.04881209503
582904,583113,586931,209,3818,2,36000,1.05474070194
582931,583141,586875,210,3734,2,36000,1.05623995715
582970,583150,587527,180,4377,2,36000,1.04112405757
583031,583252,589201,221,5949,2,36000,1.03714910069
583103,583310,587535,207,4225,2,36000,1.04899408284
583130,583343,587480,213,4137,2,36000,1.05148658448
583145,583513,587317,368,3804,2,36000,1.0967402734
583241,583525,589930,284,6405,2,36000,1.04434035909
583301,583577,587457,276,3880,2,36000,1.07113402062
583332,583589,587599,257,4010,2,36000,1.06408977556
583501,583818,587903,317,4085,2,36000,1.07760097919
583516,583826,587363,310,3537,2,36000,1.08764489681
583567,583921,587761,354,3840,2,36000,1.0921875
583582,584010,588311,428,4301,2,36000,1.09951174146
583808,584037,587906,229,3869,2,36000,1.05918842078
583823,584063,589938,240,5875,2,36000,1.04085106383
583911,584184,588070,273,3886,2,36000,1.07025218734
583998,584276,590521,278,6245,2,36000,1.04451561249
584028,584314,589431,286,5117,2,36000,1.05589212429
584052,584324,590499,272,6175,2,36000,1.044048583
584173,584426,589536,253,5110,2,36000,1.04951076321
584267,584443,588368,176,3925,2,36000,1.04484076433
584303,584476,589304,173,4828,2,36000,1.03583264292
584318,584556,590947,238,6391,2,36000,1.03723986857
584414,584563,588469,149,3906,2,36000,1.03814644137
584432,584667,588856,235,4189,2,36000,1.05609930771
584465,584775,588633,310,3858,2,36000,1.08035251426
584547,584795,588621,248,3826,2,36000,1.06481965499
584562,584836,588749,274,3913,2,36000,1.07002300026
584655,584869,588596,214,3727,2,36000,1.05741883552
584764,584917,588468,153,3551,2,36000,1.04308645452
584785,584951,588768,166,3817,2,36000,1.04348965156
584827,585111,588242,284,3131,2,36000,1.09070584478
584857,585168,590447,311,5279,2,36000,1.05891267285
584908,585179,589724,271,4545,2,36000,1.0596259626
584941,585267,588937,326,3670,2,36000,1.08882833787
585102,585283,590521,181,5238,2,36000,1.03455517373
585159,585328,589500,169,4172,2,36000,1.04050814957
585174,585368,588639,194,3271,2,36000,1.05930907979
585255,585391,589496,136,4105,2,36000,1.03313032887
585273,585473,589194,200,3721,2,36000,1.05374899221
585319,585525,589268,206,3743,2,36000,1.05503606733
585358,585547,589427,189,3880,2,36000,1.04871134021
585379,585555,590966,176,5411,2,36000,1.03252633524
585463,585629,589905,166,4276,2,36000,1.03882132834
585514,585637,589591,123,3954,2,36000,1.031107739
585535,585767,589618,232,3851,2,36000,1.06024409244
585550,585779,591600,229,5821,2,36000,1.03934031953
585620,585791,589721,171,3930,2,36000,1.04351145038
585634,585846,590595,212,4749,2,36000,1.04464097705
585755,585988,589956,233,3968,2,36000,1.05871975806
585770,585997,589640,227,3643,2,36000,1.06231128191
585785,586172,589780,387,3608,2,36000,1.1072616408
585836,586179,590096,343,3917,2,36000,1.08756701557
585978,586244,590066,266,3822,2,36000,1.0695970696
585993,586328,590043,335,3715,2,36000,1.09017496635
586160,586346,593171,186,6825,2,36000,1.02725274725
586175,586383,590154,208,3771,2,36000,1.05515778308
586235,586419,590416,184,3997,2,36000,1.04603452589
586316,586486,590252,170,3766,2,36000,1.04514073287
586334,586528,590252,194,3724,2,36000,1.05209452202
586374,586562,592304,188,5742,2,36000,1.03274120515
586407,586568,590868,161,4300,2,36000,1.03744186047
586476,586631,591556,155,4925,2,36000,1.03147208122
586518,586653,591755,135,5102,2,36000,1.02646021168
586551,586689,590463,138,3774,2,36000,1.03656597774
586553,586700,590259,147,3559,2,36000,1.041303737
586622,586755,590469,133,3714,2,36000,1.03581044696
586643,586824,590832,181,4008,2,36000,1.04515968064
586679,586886,591143,207,4257,2,36000,1.04862579281
586694,586942,590787,248,3845,2,36000,1.0644993498
586746,586966,593179,220,6213,2,36000,1.03540962498
586815,587156,591451,341,4295,2,36000,1.07939464494
586875,587188,590330,313,3142,2,36000,1.09961807766
586933,587318,591419,385,4101,2,36000,1.09387954158
586957,587328,591988,371,4660,2,36000,1.07961373391
587147,587375,591611,228,4236,2,36000,1.05382436261
587177,587404,591920,227,4516,2,36000,1.05026572188
587307,587469,591012,162,3543,2,36000,1.04572396274
587322,587492,591360,170,3868,2,36000,1.04395036194
587364,587527,592340,163,4813,2,36000,1.03386661126
587394,587539,591764,145,4225,2,36000,1.03431952663
587458,587546,593241,88,5695,2,36000,1.01545215101
587482,587611,593085,129,5474,2,36000,1.02356594812
587518,587685,591370,167,3685,2,36000,1.04531886024
587533,587773,591390,240,3617,2,36000,1.06635333149
587547,587915,591697,368,3782,2,36000,1.09730301428
587601,587921,591961,320,4040,2,36000,1.07920792079
587673,588081,592229,408,4148,2,36000,1.09836065574
587761,588209,592487,448,4278,2,36000,1.10472183263
587903,588253,591666,350,3413,2,36000,1.10254907706
587918,588323,592306,405,3983,2,36000,1.10168214913
588071,588379,594512,308,6133,2,36000,1.05022012066
588243,588480,592971,237,4491,2,36000,1.05277221109
588312,588485,594847,173,6362,2,36000,1.0271927067
588369,588607,592467,238,3860,2,36000,1.06165803109
588470,588632,592387,162,3755,2,36000,1.0431424767
588471,588644,594712,173,6068,2,36000,1.02851021753
588598,588651,595540,53,6889,2,36000,1.0076934243
588622,588762,593116,140,4354,2,36000,1.03215434084
588638,588780,592798,142,4018,2,36000,1.03534096565
588652,588868,593312,216,4444,2,36000,1.04860486049
588752,588949,592993,197,4044,2,36000,1.04871414441
588770,589206,593447,436,4241,2,36000,1.10280594199
588857,589213,594981,356,5768,2,36000,1.06171983356
588939,589279,593090,340,3811,2,36000,1.08921542902
589196,589316,593820,120,4504,2,36000,1.02664298401
589211,589439,594930,228,5491,2,36000,1.04152249135
589268,589446,593246,178,3800,2,36000,1.04684210526
589304,589508,593545,204,4037,2,36000,1.05053257369
589428,589516,593612,88,4096,2,36000,1.021484375
589443,589548,593652,105,4104,2,36000,1.02558479532
589497,589602,593309,105,3707,2,36000,1.02832479094
589512,589629,593769,117,4140,2,36000,1.02826086957
589539,589652,594076,113,4424,2,36000,1.02554249548
589593,589733,593927,140,4194,2,36000,1.03338102051
589620,589739,596215,119,6476,2,36000,1.01837554046
589641,589792,593757,151,3965,2,36000,1.03808322825
589722,589917,595793,195,5876,2,36000,1.03318584071
589737,589941,593773,204,3832,2,36000,1.05323590814
589779,589950,594773,171,4823,2,36000,1.03545511093
589906,589967,593953,61,3986,2,36000,1.01530356247
589930,590054,595841,124,5787,2,36000,1.02142733713
589945,590077,593638,132,3561,2,36000,1.03706823926
589959,590109,594772,150,4663,2,36000,1.0321681321
590043,590167,594325,124,4158,2,36000,1.02982202982
590068,590265,593858,197,3593,2,36000,1.05482883384
590098,590270,594366,172,4096,2,36000,1.0419921875
590157,590276,594069,119,3793,2,36000,1.03137358292
590253,590341,594394,88,4053,2,36000,1.02171231187
590255,590428,594481,173,4053,2,36000,1.04268443129
590270,590460,595379,190,4919,2,36000,1.03862573694
590330,590476,593949,146,3473,2,36000,1.04203858336
590418,590482,596592,64,6110,2,36000,1.01047463175
590451,590511,594405,60,3894,2,36000,1.01540832049
590466,590533,596566,67,6033,2,36000,1.01110558594
590481,590538,594253,57,3715,2,36000,1.01534320323
590499,590607,594544,108,3937,2,36000,1.02743205486
590523,590799,596195,276,5396,2,36000,1.05114899926
590525,590844,595695,319,4851,2,36000,1.06575963719
590597,590881,594879,284,3998,2,36000,1.07103551776
590787,590958,596888,171,5930,2,36000,1.02883642496
590832,590977,596980,145,6003,2,36000,1.02415458937
590868,591024,595110,156,4086,2,36000,1.03817914831
590947,591034,595347,87,4313,2,36000,1.02017157431
590968,591039,594700,71,3661,2,36000,1.0193936083
591013,591044,595662,31,4618,2,36000,1.00671286271
591146,591152,594867,6,3715,2,36000,1.00161507402
591341,591373,591375,32,2,2,3540,3.4
591360,591366,596987,6,5621,2,36000,1.00106742572
591374,591381,597285,7,5904,2,36000,1.00118563686
591392,591399,595632,7,4233,2,36000,1.00165367352
591419,591425,595414,6,3989,2,36000,1.00150413638
591452,591459,595787,7,4328,2,36000,1.00161737523
591558,591564,597666,6,6102,2,36000,1.00098328417
591603,591610,597340,7,5730,2,36000,1.00122164049
591618,591624,594825,6,3201,2,36000,1.00187441425
591669,591675,595242,6,3567,2,36000,1.00168208579
591699,591706,595654,7,3948,2,36000,1.00177304965
591756,591762,596808,6,5046,2,36000,1.00118906064
591771,591777,597283,6,5506,2,36000,1.00108972031
591919,591925,596640,6,4715,2,36000,1.00127253446
591961,591967,596028,6,4061,2,36000,1.0014774686
591988,591994,598011,6,6017,2,36000,1.00099717467
592229,592237,595657,8,3420,2,36000,1.00233918129
592305,592311,595889,6,3578,2,36000,1.00167691448
592320,592326,595936,6,3610,2,36000,1.00166204986
592341,592348,596268,7,3920,2,36000,1.00178571429
592389,592395,596062,6,3667,2,36000,1.00163621489
592467,592473,596116,6,3643,2,36000,1.00164699424
592488,592494,596303,6,3809,2,36000,1.00157521659
592799,592805,596711,6,3906,2,36000,1.00153609831
592972,592979,599205,7,6226,2,36000,1.00112431738
592993,593000,597176,7,4176,2,36000,1.00167624521
593087,593093,597166,6,4073,2,36000,1.00147311564
593101,593107,597651,6,4544,2,36000,1.00132042254
593116,593122,596890,6,3768,2,36000,1.00159235669
593171,593178,597080,7,3902,2,36000,1.00179395182
593187,593193,597266,6,4073,2,36000,1.00147311564
593246,593253,597663,7,4410,2,36000,1.00158730159
593247,593260,597615,13,4355,2,36000,1.00298507463
593316,593322,597214,6,3892,2,36000,1.00154162384
593317,593329,597486,12,4157,2,36000,1.00288669714
593447,593453,596988,6,3535,2,36000,1.00169731259
593546,593553,599488,7,5935,2,36000,1.00117944398
593613,593619,597827,6,4208,2,36000,1.00142585551
593640,593646,596988,6,3342,2,36000,1.00179533214
593655,593661,597405,6,3744,2,36000,1.0016025641
593758,593764,597986,6,4222,2,36000,1.00142112743
593804,593810,597580,6,3770,2,36000,1.00159151194
593805,593816,600180,11,6364,2,36000,1.00172847266
593823,593830,599214,7,5384,2,36000,1.00130014859
593861,593867,600326,6,6459,2,36000,1.00092893637
593935,593941,597627,6,3686,2,36000,1.00162778079
593952,593958,598347,6,4389,2,36000,1.001367054
593967,593974,597723,7,3749,2,36000,1.00186716458
594071,594077,600109,6,6032,2,36000,1.00099469496
594086,594093,599498,7,5405,2,36000,1.00129509713
594255,594262,597728,7,3466,2,36000,1.00201961916
594328,594334,599616,6,5282,2,36000,1.00113593336
594367,594373,598621,6,4248,2,36000,1.00141242938
594394,594400,598670,6,4270,2,36000,1.00140515222
594409,594415,598466,6,4051,2,36000,1.00148111577
594481,594487,598363,6,3876,2,36000,1.00154798762
594514,594521,598674,7,4153,2,36000,1.00168552853
594545,594551,598121,6,3570,2,36000,1.00168067227
594702,594709,598983,7,4274,2,36000,1.00163781001
594717,594723,598626,6,3903,2,36000,1.00153727902
594774,594782,598927,8,4145,2,36000,1.00193003619
594776,594789,598559,13,3770,2,36000,1.00344827586
594827,594833,598504,6,3671,2,36000,1.00163443203
594848,594854,598672,6,3818,2,36000,1.0015715034
594868,594875,599022,7,4147,2,36000,1.00168796721
594883,594890,598831,7,3941,2,36000,1.00177619893
594931,594938,598620,7,3682,2,36000,1.00190114068
594983,594990,598846,7,3856,2,36000,1.0018153527
595113,595119,599996,6,4877,2,36000,1.00123026451
595243,595249,599498,6,4249,2,36000,1.00141209696
595349,595356,599949,7,4593,2,36000,1.00152405835
595382,595389,601043,7,5654,2,36000,1.00123806155
595421,595427,598860,6,3433,2,36000,1.0017477425
595548,595554,599680,6,4126,2,36000,1.00145419292
595634,595640,599013,6,3373,2,36000,1.0017788319
595655,595661,600536,6,4875,2,36000,1.00123076923
595670,595677,602032,7,6355,2,36000,1.00110149489
595671,595683,599396,12,3713,2,36000,1.00323188796
595695,595702,601927,7,6225,2,36000,1.00112449799
595789,595796,599619,7,3823,2,36000,1.00183102276
595804,595810,600470,6,4660,2,36000,1.00128755365
595843,595849,600324,6,4475,2,36000,1.00134078212
595890,595896,600304,6,4408,2,36000,1.00136116152
595940,595947,600142,7,4195,2,36000,1.00166865316
596033,596039,599679,6,3640,2,36000,1.00164835165
596069,596075,602463,6,6388,2,36000,1.00093926111
596127,596134,600224,7,4090,2,36000,1.00171149144
596197,596204,599737,7,3533,2,36000,1.00198131899
596215,596222,600099,7,3877,2,36000,1.00180551973
596270,596277,599725,7,3448,2,36000,1.00203016241
596303,596309,601403,6,5094,2,36000,1.0011778563
596567,596573,600199,6,3626,2,36000,1.00165471594
596594,596600,603549,6,6949,2,36000,1.00086343359
596642,596648,602799,6,6151,2,36000,1.00097545115
596712,596719,600298,7,3579,2,36000,1.00195585359
596808,596814,600875,6,4061,2,36000,1.0014774686
596890,596897,601187,7,4290,2,36000,1.00163170163
596892,596903,602551,11,5648,2,36000,1.00194759207
596982,596989,600799,7,3810,2,36000,1.00183727034
596998,597005,600509,7,3504,2,36000,1.00199771689
596999,597011,602086,12,5075,2,36000,1.00236453202
597000,597017,601124,17,4107,2,36000,1.00413927441
597082,597089,600483,7,3394,2,36000,1.00206246317
597167,597173,601256,6,4083,2,36000,1.00146950771
597182,597187,601241,5,4054,2,36000,1.00123334978
597215,597222,600975,7,3753,2,36000,1.00186517453
597269,597275,603229,6,5954,2,36000,1.0010077259
597284,597292,601044,8,3752,2,36000,1.00213219616
597286,597297,603801,11,6504,2,36000,1.00169126691
597340,597347,601857,7,4510,2,36000,1.00155210643
597407,597413,603646,6,6233,2,36000,1.00096261832
597488,597494,601426,6,3932,2,36000,1.001525941
597581,597589,604134,8,6545,2,36000,1.0012223071
597617,597624,603816,7,6192,2,36000,1.00113049096
597632,597638,602077,6,4439,2,36000,1.00135165578
597653,597660,601390,7,3730,2,36000,1.0018766756
597668,597676,602152,8,4476,2,36000,1.0017873101
597670,597681,603661,11,5980,2,36000,1.00183946488
597725,597731,602658,6,4927,2,36000,1.00121777958
597740,597746,602006,6,4260,2,36000,1.0014084507
597825,597832,604009,7,6177,2,36000,1.0011332362
597989,597995,604026,6,6031,2,36000,1.00099485989
598013,598020,602583,7,4563,2,36000,1.00153407846
598122,598128,602791,6,4663,2,36000,1.00128672528
598349,598355,602248,6,3893,2,36000,1.00154122784
598364,598371,601988,7,3617,2,36000,1.0019353055
598467,598473,603569,6,5096,2,36000,1.00117739403
598507,598513,604479,6,5966,2,36000,1.00100569896
598561,598568,604728,7,6160,2,36000,1.00113636364
598621,598628,604445,7,5817,2,36000,1.00120336943
598623,598634,604644,11,6010,2,36000,1.00183028286
598638,598644,602346,6,3702,2,36000,1.00162074554
598671,598678,602314,7,3636,2,36000,1.00192519252
598686,598692,602310,6,3618,2,36000,1.00165837479
598687,598699,603400,12,4701,2,36000,1.00255264837
598833,598840,602287,7,3447,2,36000,1.00203075138
598848,598854,602774,6,3920,2,36000,1.00153061224
598862,598869,603507,7,4638,2,36000,1.00150927124
598929,598936,603141,7,4205,2,36000,1.0016646849
598984,598991,603303,7,4312,2,36000,1.00162337662
599014,599021,604766,7,5745,2,36000,1.00121845083
599031,599037,603452,6,4415,2,36000,1.0013590034
599206,599212,604547,6,5335,2,36000,1.00112464855
599223,599229,605250,6,6021,2,36000,1.00099651221
599399,599406,605227,7,5821,2,36000,1.00120254252
599489,599496,605571,7,6075,2,36000,1.00115226337
599504,599511,603257,7,3746,2,36000,1.0018686599
599506,599517,603626,11,4109,2,36000,1.00267705038
599618,599625,603954,7,4329,2,36000,1.00161700162
599632,599638,604830,6,5192,2,36000,1.00115562404
599681,599688,603163,7,3475,2,36000,1.00201438849
599683,599694,603585,11,3891,2,36000,1.00282703675
599725,599731,603698,6,3967,2,36000,1.00151247794
599740,599746,604066,6,4320,2,36000,1.00138888889
599949,599956,604440,7,4484,2,36000,1.00156110616
599997,600004,603792,7,3788,2,36000,1.00184794087
600100,600108,604259,8,4151,2,36000,1.00192724645
600115,600121,604221,6,4100,2,36000,1.00146341463
600142,600149,603961,7,3812,2,36000,1.0018363064
600182,600188,603908,6,3720,2,36000,1.00161290323
600200,600206,604036,6,3830,2,36000,1.00156657963
600227,600233,603972,6,3739,2,36000,1.00160470714
600296,600302,605422,6,5120,2,36000,1.001171875
600311,600317,605043,6,4726,2,36000,1.00126957258
600326,600333,603943,7,3610,2,36000,1.00193905817
600327,600340,607017,13,6677,2,36000,1.00194698218
600470,600477,604716,7,4239,2,36000,1.00165133286
600485,600491,606467,6,5976,2,36000,1.00100401606
600512,600518,606443,6,5925,2,36000,1.00101265823
600536,600542,606706,6,6164,2,36000,1.0009733939
600799,600806,605871,7,5065,2,36000,1.00138203356
600877,600884,604920,7,4036,2,36000,1.00173439049
600977,600983,605777,6,4794,2,36000,1.00125156446
601043,601050,607358,7,6308,2,36000,1.00110970197
601045,601057,605682,12,4625,2,36000,1.00259459459
601126,601133,605135,7,4002,2,36000,1.00174912544
601187,601193,606191,6,4998,2,36000,1.00120048019
601241,601247,604890,6,3643,2,36000,1.00164699424
601256,601263,605233,7,3970,2,36000,1.00176322418
601392,601398,606375,6,4977,2,36000,1.00120554551
601407,601413,605365,6,3952,2,36000,1.00151821862
601428,601434,607624,6,6190,2,36000,1.00096930533
601859,601865,605752,6,3887,2,36000,1.00154360689
601928,601934,608352,6,6418,2,36000,1.00093487068
601959,601967,603609,8,1642,1,86400,1.00487210719
601989,601995,605209,6,3214,2,36000,1.00186683261
602009,602015,606600,6,4585,2,36000,1.00130861505
602033,602039,607094,6,5055,2,36000,1.00118694362
602078,602084,606580,6,4496,2,36000,1.00133451957
602093,602099,606177,6,4078,2,36000,1.00147130947
602153,602160,606234,7,4074,2,36000,1.00171821306
602250,602256,605963,6,3707,2,36000,1.00161855948
602272,602278,602280,6,2,2,3540,1.0
602286,602293,608345,7,6052,2,36000,1.00115664243
602310,602317,607267,7,4950,2,36000,1.00141414141
602325,602331,606953,6,4622,2,36000,1.00129813933
602346,602352,606104,6,3752,2,36000,1.00159914712
602463,602471,607754,8,5283,2,36000,1.00151429112
602554,602561,605980,7,3419,2,36000,1.00204738228
602584,602590,606688,6,4098,2,36000,1.00146412884
602659,602665,607773,6,5108,2,36000,1.00117462803
602774,602780,606341,6,3561,2,36000,1.00168491997
602792,602798,607816,6,5018,2,36000,1.0011956955
602807,602814,606399,7,3585,2,36000,1.0019525802
603142,603149,609333,7,6184,2,36000,1.00113195343
603163,603170,609714,7,6544,2,36000,1.00106968215
603229,603235,607003,6,3768,2,36000,1.00159235669
603256,603263,609112,7,5849,2,36000,1.00119678578
603305,603311,607115,6,3804,2,36000,1.00157728707
603401,603408,609530,7,6122,2,36000,1.00114341718
603452,603459,608282,7,4823,2,36000,1.00145137881
603510,603516,609355,6,5839,2,36000,1.00102757321
603549,603557,607404,8,3847,2,36000,1.0020795425
603570,603577,609852,7,6275,2,36000,1.00111553785
603585,603592,607662,7,4070,2,36000,1.00171990172
603624,603632,607855,8,4223,2,36000,1.00189438788
603648,603655,609838,7,6183,2,36000,1.0011321365
603663,603669,607812,6,4143,2,36000,1.00144822592
603699,603706,607851,7,4145,2,36000,1.00168878166
603793,603800,607283,7,3483,2,36000,1.0020097617
603808,603815,607587,7,3772,2,36000,1.00185577943
603823,603830,608978,7,5148,2,36000,1.00135975136
603907,603914,609365,7,5451,1,86400,1.00128416804
603910,603921,608330,11,4409,2,36000,1.0024948968
603946,603953,608363,7,4410,2,36000,1.00158730159
603961,603967,607982,6,4015,2,36000,1.00149439601
603963,603975,609766,12,5791,2,36000,1.00207218097
603977,603984,607689,7,3705,2,36000,1.00188933873
604010,604017,608268,7,4251,2,36000,1.00164667137
604028,604036,608151,8,4115,2,36000,1.00194410693
604043,604049,608265,6,4216,2,36000,1.00142314991
604067,604074,607728,7,3654,2,36000,1.00191570881
604137,604143,608984,6,4841,2,36000,1.00123941334
604222,604229,608181,7,3952,2,36000,1.00177125506
604260,604268,608127,8,3859,2,36000,1.00207307593
604442,604449,608449,7,4000,2,36000,1.00175
604456,604463,608323,7,3860,2,36000,1.0018134715
604480,604487,608287,7,3800,2,36000,1.00184210526
604550,604557,608832,7,4275,2,36000,1.0016374269
604646,604652,610809,6,6157,2,36000,1.00097450057
604706,604713,610750,7,6037,2,36000,1.00115951632
604727,604733,609118,6,4385,2,36000,1.00136830103
604766,604773,608711,7,3938,2,36000,1.00177755206
