SubmitTime,StartTime,EndTime,QueuedTime,RunTime,NodesRequested,walltime,bslowdown
79,98,302,19,204,1,3540,1.0931372549
315,486,645,171,159,4,3540,2.07547169811
373,381,508,8,127,1,3540,1.06299212598
698,719,7636,21,6917,2,10800,1.00303599827
762,771,8299,9,7528,2,10800,1.00119553666
1199,1205,7862,6,6657,2,10800,1.00090130689
1616,1626,8594,10,6968,2,10800,1.00143513203
2250,2265,9572,15,7307,2,10800,1.00205282606
2523,2535,9740,12,7205,2,10800,1.00166551006
2765,2779,9703,14,6924,2,10800,1.00202195263
2946,2958,9587,12,6629,2,10800,1.00181022779
3296,3309,10092,13,6783,2,10800,1.0019165561
3779,3785,11537,6,7752,2,10800,1.00077399381
3834,3843,9730,9,5887,2,10800,1.00152879225
4085,4091,10899,6,6808,2,10800,1.0008813161
4661,4737,11273,76,6536,2,10800,1.01162790698
4821,4835,11472,14,6637,2,10800,1.00210938677
5068,5076,11839,8,6763,2,10800,1.00118290699
5084,5090,11755,6,6665,2,10800,1.00090022506
5099,5106,13158,7,8052,2,10800,1.00086934923
5727,5734,12531,7,6797,2,10800,1.00102986612
6143,6150,12750,7,6600,2,10800,1.00106060606
7150,7157,14084,7,6927,2,10800,1.00101053847
7637,7643,14410,6,6767,2,10800,1.00088665583
7763,7771,14124,8,6353,2,10800,1.0012592476
8029,8035,14749,6,6714,2,10800,1.00089365505
8431,8437,16084,6,7647,2,10800,1.00078462142
8639,8646,15416,7,6770,2,10800,1.00103397341
8662,8669,8677,7,8,1,3600,1.5
8794,8800,8912,6,112,1,3600,1.05357142857
9048,9055,9314,7,259,1,3600,1.02702702703
9570,9577,10150,7,573,1,3600,1.01221640489
9590,9597,15950,7,6353,2,10800,1.00110184165
9704,9711,16183,7,6472,2,10800,1.0010815822
9731,9738,17216,7,7478,2,10800,1.00093607917
9747,9753,15485,6,5732,2,10800,1.00104675506
9940,9947,17096,7,7149,2,10800,1.00097915792
10193,10201,17788,8,7587,2,10800,1.00105443522
10701,10707,14314,6,3607,1,3600,1.00166343222
11277,11283,18350,6,7067,2,10800,1.00084901656
11331,11339,17231,8,5892,2,10800,1.00135777325
11540,11546,18368,6,6822,2,10800,1.00087950748
11671,11678,19367,7,7689,2,10800,1.00091039147
11840,11847,18682,7,6835,2,10800,1.00102414045
12236,12243,12251,7,8,1,1800,1.5
12410,12417,12488,7,71,1,1800,1.0985915493
12534,12540,19102,6,6562,2,10800,1.00091435538
12581,12588,12698,7,110,1,3600,1.06363636364
12713,12720,12812,7,92,1,1800,1.07608695652
12751,12758,19993,7,7235,2,10800,1.000967519
12833,12840,13086,7,246,1,3600,1.02845528455
12854,12860,18747,6,5887,2,10800,1.00101919484
13301,13307,13685,6,378,1,1800,1.01587301587
13329,13336,13901,7,565,1,3600,1.01238938053
13382,13388,19931,6,6543,2,10800,1.00091701055
14127,14134,21106,7,6972,2,10800,1.00100401606
14184,14190,20213,6,6023,2,10800,1.0009961813
14336,14344,14350,8,6,1,1800,1.4
14430,14437,14518,7,81,1,3600,1.08641975309
14501,14507,14546,6,39,1,1800,1.15384615385
14571,14578,21278,7,6700,2,10800,1.00104477612
14653,14660,14900,7,240,1,3600,1.02916666667
14741,14748,14826,7,78,1,3600,1.08974358974
14763,14769,14844,6,75,1,1800,1.08
14957,14963,15192,6,229,1,3600,1.02620087336
15156,15162,22345,6,7183,2,10800,1.00083530558
15176,15187,21179,11,5992,2,10800,1.00183578104
15205,15212,15677,7,465,1,3600,1.01505376344
15486,15492,15942,6,450,1,3600,1.01333333333
15487,15504,15753,17,249,1,1800,1.06827309237
15626,15634,22187,8,6553,2,10800,1.00122081489
16085,16091,23132,6,7041,2,10800,1.00085215168
16185,16191,23525,6,7334,2,10800,1.00081810744
16351,16358,23312,7,6954,2,10800,1.0010066149
17217,17225,24299,8,7074,2,10800,1.00113090189
17232,17239,24851,7,7612,2,10800,1.00091960063
17329,17335,24702,6,7367,2,10800,1.00081444279
18062,18070,24374,8,6304,2,10800,1.00126903553
18370,18376,24342,6,5966,2,10800,1.00100569896
18621,18627,25154,6,6527,2,10800,1.00091925846
18751,18757,25900,6,7143,2,10800,1.0008399832
19104,19111,25698,7,6587,2,10800,1.00106269926
19369,19377,25704,8,6327,2,10800,1.00126442232
19853,19860,19931,7,71,1,1800,1.0985915493
19931,19938,26799,7,6861,2,10800,1.00102025944
19962,19968,27180,6,7212,2,10800,1.00083194676
20175,20182,20266,7,84,1,1800,1.08333333333
20215,20221,27069,6,6848,2,10800,1.00087616822
20765,20771,21126,6,355,1,1800,1.01690140845
20907,20913,27509,6,6596,2,10800,1.00090964221
21182,21189,27632,7,6443,2,10800,1.00108645041
21219,21226,28222,7,6996,2,10800,1.00100057176
21343,21349,28485,6,7136,2,10800,1.00084080717
22260,22266,22302,6,36,1,1800,1.16666666667
22348,22354,28089,6,5735,2,10800,1.0010462075
22545,22551,22617,6,66,1,1800,1.09090909091
22559,22565,29408,6,6843,2,10800,1.00087680842
23243,23249,23484,6,235,1,1800,1.02553191489
23315,23322,29515,7,6193,2,10800,1.00113030841
23442,23449,30015,7,6566,2,10800,1.00106609808
23705,23712,30142,7,6430,2,10800,1.00108864697
24345,25492,32460,1147,6968,2,10800,1.16460964409
24376,25498,31430,1122,5932,2,10800,1.18914362778
24704,25503,31818,799,6315,2,10800,1.12652414885
24853,25508,31933,655,6425,2,10800,1.10194552529
25151,25514,32591,363,7077,2,10800,1.05129292073
25595,25601,32602,6,7001,2,10800,1.00085702043
25716,25722,32154,6,6432,2,10800,1.00093283582
25903,25909,32886,6,6977,2,10800,1.00085996847
26802,26809,33562,7,6753,2,10800,1.00103657634
27071,27078,33048,7,5970,2,10800,1.00117252931
27183,27189,33625,6,6436,2,10800,1.00093225606
27411,27417,33625,6,6208,2,10800,1.00096649485
27512,27524,33590,12,6066,2,10800,1.00197823937
27798,27805,33625,7,5820,2,10800,1.00120274914
28175,28181,37874,6,9693,4,21600,1.0006190034
28224,28230,33625,6,5395,2,10800,1.00111214087
28487,28493,33625,6,5132,2,10800,1.00116913484
29157,29163,33629,6,4466,2,10800,1.0013434841
29465,29471,33629,6,4158,2,10800,1.00144300144
29647,29653,33629,6,3976,2,10800,1.00150905433
30145,30151,33629,6,3478,2,10800,1.00172512938
30360,30366,33629,6,3263,2,10800,1.00183879865
30536,30543,390564,7,360021,12,360000,1.00001944331
31563,31569,33630,6,2061,2,10800,1.00291120815
31935,31941,33629,6,1688,2,10800,1.00355450237
32155,32161,33629,6,1468,2,10800,1.00408719346
32282,32288,33629,6,1341,2,10800,1.00447427293
32593,32599,33629,6,1030,2,10800,1.00582524272
32608,32614,33629,6,1015,2,10800,1.00591133005
32889,32895,33629,6,734,2,10800,1.00817438692
33049,33055,33629,6,574,2,10800,1.01045296167
33256,33262,33629,6,367,2,10800,1.01634877384
33258,33269,33629,11,360,2,10800,1.03055555556
33259,33275,33629,16,354,2,10800,1.04519774011
33261,33280,33629,19,349,2,10800,1.05444126074
33262,33286,33629,24,343,2,10800,1.06997084548
33264,33291,33629,27,338,2,10800,1.0798816568
33265,33297,33629,32,332,2,10800,1.09638554217
33267,33303,33630,36,327,2,10800,1.11009174312
33268,33308,33630,40,322,2,10800,1.12422360248
33828,33909,41143,81,7234,2,10800,1.01119712469
33829,33915,40817,86,6902,2,10800,1.01246015648
33831,33920,40349,89,6429,2,10800,1.01384352154
33833,33925,41003,92,7078,2,10800,1.01299802204
33834,33931,41211,97,7280,2,10800,1.01332417582
33836,33936,40514,100,6578,2,10800,1.01520218912
33837,33941,40944,104,7003,2,10800,1.01485077824
33839,33947,41026,108,7079,2,10800,1.01525639215
33840,33952,40635,112,6683,2,10800,1.0167589406
33842,33957,40292,115,6335,2,10800,1.0181531176
33843,33963,40173,120,6210,2,10800,1.0193236715
33845,33968,40778,123,6810,2,10800,1.01806167401
33846,33974,41272,128,7298,2,10800,1.0175390518
33848,33979,40991,131,7012,2,10800,1.01868225898
33849,33984,40381,135,6397,2,10800,1.02110364233
33851,33990,41314,139,7324,2,10800,1.01897870016
33852,33995,40527,143,6532,2,10800,1.0218922229
33854,34000,40884,146,6884,2,10800,1.02120859965
33855,34006,40296,151,6290,2,10800,1.0240063593
33857,34011,40696,154,6685,2,10800,1.02303664921
34094,34101,41223,7,7122,2,10800,1.00098286998
34096,34107,41174,11,7067,2,10800,1.00155653035
34097,34113,41109,16,6996,2,10800,1.00228702115
34099,34118,41354,19,7236,2,10800,1.00262576009
34100,34123,40902,23,6779,2,10800,1.0033928308
34102,34129,40391,27,6262,2,10800,1.00431172149
34103,34135,39846,32,5711,2,10800,1.00560322185
34105,34141,40955,36,6814,2,10800,1.00528324039
34106,34146,40790,40,6644,2,10800,1.0060204696
34108,34151,41323,43,7172,2,10800,1.0059955382
34109,34157,41064,48,6907,2,10800,1.00694947155
34111,34162,40298,51,6136,2,10800,1.00831160365
34112,34168,40343,56,6175,2,10800,1.00906882591
34114,34173,40725,59,6552,2,10800,1.009004884
34116,34178,40862,62,6684,2,10800,1.0092758827
34235,34241,40896,6,6655,2,10800,1.00090157776
34237,34248,41627,11,7379,2,10800,1.0014907169
34238,34253,40735,15,6482,2,10800,1.00231410059
34240,34259,40389,19,6130,2,10800,1.0030995106
34242,34264,40886,22,6622,2,10800,1.00332225914
34243,34270,41009,27,6739,2,10800,1.00400652916
34245,34276,41056,31,6780,2,10800,1.00457227139
34246,34281,41135,35,6854,2,10800,1.00510650715
34248,34287,41413,39,7126,2,10800,1.00547291608
34250,34292,41133,42,6841,2,10800,1.0061394533
34251,34298,40909,47,6611,2,10800,1.00710936318
34253,34303,41301,50,6998,2,10800,1.00714489854
34255,34308,41124,53,6816,2,10800,1.0077758216
34256,34314,41118,58,6804,2,10800,1.00852439741
34258,34319,41583,61,7264,2,10800,1.00839757709
34260,34325,41435,65,7110,2,10800,1.00914205345
34261,34330,41666,69,7336,2,10800,1.00940567067
34263,34336,41108,73,6772,2,10800,1.01077968104
34264,34341,40746,77,6405,2,10800,1.01202185792
34266,34347,40984,81,6637,2,10800,1.01220430918
34268,34353,41017,85,6664,2,10800,1.01275510204
34269,34358,40855,89,6497,2,10800,1.01369863014
34271,34364,40906,93,6542,2,10800,1.01421583614
34273,34369,40648,96,6279,2,10800,1.01528905877
34274,34375,40745,101,6370,2,10800,1.015855573
34276,34380,40658,104,6278,2,10800,1.01656578528
34277,34386,41194,109,6808,2,10800,1.01601057579
34279,34391,41238,112,6847,2,10800,1.01635752884
34280,34396,41574,116,7178,2,10800,1.01616049039
34282,34402,41262,120,6860,2,10800,1.01749271137
34284,34407,40683,123,6276,2,10800,1.01959847036
34285,34413,41051,128,6638,2,10800,1.01928291654
34287,34418,41427,131,7009,2,10800,1.01869025539
34289,34424,41091,135,6667,2,10800,1.02024898755
34290,34429,40492,139,6063,2,10800,1.02292594425
38116,40354,40955,2238,601,18,1500,4.7237936772
38619,40659,42202,2040,1543,18,1500,2.32209980557
38641,40831,45678,2190,4847,18,4800,1.45182587167
38676,40966,45816,2290,4850,18,4800,1.47216494845
38731,41015,41540,2284,525,18,1500,5.35047619048
38770,41205,41831,2435,626,18,1500,4.88977635783
38806,41551,48761,2745,7210,18,7200,1.38072122053
38824,42213,49452,3389,7239,18,7200,1.46815858544
39013,45296,46812,6283,1516,18,1500,5.1444591029
39028,45689,47207,6661,1518,18,1500,5.38801054018
39086,45828,50229,6742,4401,18,7200,2.5319245626
39105,46823,50237,7718,3414,18,7200,3.26069127124
39444,40923,45656,1479,4733,4,21600,1.31248679484
40986,40993,47517,7,6524,2,10800,1.00107296137
41001,41008,46745,7,5737,2,10800,1.0012201499
41016,41022,48926,6,7904,2,10800,1.00075910931
41018,41029,47866,11,6837,2,10800,1.00160889279
41033,41068,47708,35,6640,2,10800,1.00527108434
41034,41119,47946,85,6827,2,10800,1.01245056394
41065,41131,48493,66,7362,2,10800,1.00896495518
41066,41138,47620,72,6482,2,10800,1.01110768281
41068,41145,48159,77,7014,2,10800,1.01097804391
41092,41152,48148,60,6996,2,10800,1.00857632933
41110,41286,48540,176,7254,2,10800,1.02426247588
41112,41313,48259,201,6946,2,10800,1.028937518
41127,41326,48548,199,7222,2,10800,1.02755469399
41128,41425,48567,297,7142,2,10800,1.0415849902
41146,41438,47984,292,6546,2,10800,1.04460739383
41147,41447,48133,300,6686,2,10800,1.04486987736
41149,41557,48607,408,7050,2,10800,1.05787234043
41176,41596,48904,420,7308,2,10800,1.05747126437
41197,41678,48035,481,6357,2,10800,1.07566462168
41212,46050,52295,4838,6245,2,10800,1.77469975981
41227,46760,53399,5533,6639,2,10800,1.83340864588
41242,46829,53368,5587,6539,2,10800,1.8544119896
41257,46834,53583,5577,6749,2,10800,1.82634464365
41287,46839,53661,5552,6822,2,10800,1.81383758429
41302,46845,53495,5543,6650,2,10800,1.83353383459
41317,47219,54575,5902,7356,2,10800,1.8023382273
41332,47225,54925,5893,7700,2,10800,1.76532467532
41350,47230,54638,5880,7408,2,10800,1.79373650108
41416,47235,53740,5819,6505,2,10800,1.89454265949
41431,47241,53440,5810,6199,2,10800,1.93724794322
41446,47246,54789,5800,7543,2,10800,1.76892483097
41464,47252,53458,5788,6206,2,10800,1.93264582662
41591,47257,54348,5666,7091,2,10800,1.79904103794
41630,47262,53970,5632,6708,2,10800,1.83959451401
41669,47534,54030,5865,6496,2,10800,1.90286330049
41703,47634,54349,5931,6715,2,10800,1.88324646314
41791,41843,124657,52,82814,20,82799,1.00062791315
41866,49464,56692,7598,7228,24,7199,2.05118981738
42401,42407,93611,6,51204,1,216000,1.00011717835
42527,135109,312126,92582,177017,6,432000,1.52301191411
47091,47725,54211,634,6486,2,10800,1.09774899784
47499,47880,54255,381,6375,2,10800,1.05976470588
47669,47957,54608,288,6651,2,10800,1.04330175913
47774,47995,55127,221,7132,2,10800,1.03098710039
47939,48046,55100,107,7054,2,10800,1.01516869861
47985,48148,55269,163,7121,2,10800,1.02289004353
48036,48159,55191,123,7032,2,10800,1.01749146758
48081,48171,54718,90,6547,2,10800,1.01374675424
48150,48271,54720,121,6449,2,10800,1.01876259885
48165,48505,54685,340,6180,2,10800,1.05501618123
48262,48551,55274,289,6723,2,10800,1.04298676186
48322,48561,55178,239,6617,2,10800,1.0361190872
48542,48578,55158,36,6580,2,10800,1.00547112462
48557,48621,55183,64,6562,2,10800,1.00975312405
48572,48773,55383,201,6610,2,10800,1.03040847201
48587,48778,55316,191,6538,2,10800,1.02921382686
48906,48913,55875,7,6962,2,10800,1.0010054582
48927,48933,55574,6,6641,2,10800,1.00090347839
49171,49178,55646,7,6468,2,10800,1.00108225108
50243,50251,50287,8,36,3,300,1.22222222222
50293,50299,50348,6,49,4,300,1.12244897959
50359,50365,50416,6,51,5,300,1.11764705882
50423,50430,50488,7,58,6,300,1.12068965517
50486,50493,50562,7,69,7,300,1.10144927536
50555,50561,50640,6,79,8,300,1.07594936709
50638,50644,50732,6,88,9,300,1.06818181818
50733,50739,50822,6,83,10,300,1.07228915663
50843,50849,50963,6,114,11,300,1.05263157895
50948,50955,51083,7,128,12,300,1.0546875
51072,51079,51213,7,134,13,300,1.05223880597
51218,51225,51368,7,143,14,300,1.04895104895
51352,51358,51531,6,173,15,300,1.03468208092
51510,51516,51738,6,222,16,300,1.02702702703
51732,51738,51949,6,211,17,300,1.02843601896
52009,52015,52282,6,267,18,300,1.02247191011
52281,52288,52585,7,297,18,7200,1.02356902357
52585,52592,52828,7,236,18,7200,1.02966101695
52818,52825,53074,7,249,17,1200,1.0281124498
53088,53094,53341,6,247,17,7200,1.02429149798
53113,53119,53131,6,12,17,1200,1.5
53127,53135,59717,8,6582,2,10800,1.00121543604
53357,53363,53601,6,238,17,1200,1.02521008403
53401,53408,61173,7,7765,2,10800,1.000901481
53441,53447,60078,6,6631,2,10800,1.0009048409
53462,53468,59972,6,6504,2,10800,1.00092250923
53498,53505,60326,7,6821,2,10800,1.00102624249
53585,53591,60515,6,6924,2,10800,1.00086655113
53663,53669,60556,6,6887,2,10800,1.00087120662
53664,53675,53866,11,191,16,1200,1.05759162304
53696,53702,60447,6,6745,2,10800,1.00088954781
53756,53763,60632,7,6869,2,10800,1.00101907119
53964,53970,54152,6,182,15,1200,1.03296703297
54033,54039,61106,6,7067,2,10800,1.00084901656
54211,54217,60659,6,6442,2,10800,1.00093138777
54214,54225,54403,11,178,14,1200,1.06179775281
54226,54232,61236,6,7004,2,10800,1.00085665334
54334,54340,60861,6,6521,2,10800,1.00092010428
54364,54370,61307,6,6937,2,10800,1.0008649272
54388,54394,61497,6,7103,2,10800,1.0008447135
54465,54471,54629,6,158,13,1200,1.03797468354
54611,54617,62152,6,7535,2,10800,1.00079628401
54635,54641,60466,6,5825,2,10800,1.00103004292
54689,54695,61251,6,6556,2,10800,1.00091519219
54715,54721,54853,6,132,12,1200,1.04545454545
54719,54727,62037,8,7310,2,10800,1.00109439124
54734,54740,61863,6,7123,2,10800,1.00084234171
54791,54799,61337,8,6538,2,10800,1.00122361578
54812,54819,61369,7,6550,2,10800,1.00106870229
54965,54971,55078,6,107,11,1200,1.05607476636
55017,55023,61802,6,6779,2,10800,1.0008850863
55131,55137,61869,6,6732,2,10800,1.0008912656
55161,55168,61816,7,6648,2,10800,1.00105294826
55179,55186,61790,7,6604,2,10800,1.00105996366
55195,55201,61371,6,6170,2,10800,1.00097244733
55196,55208,61706,12,6498,2,10800,1.00184672207
55216,55224,55335,8,111,10,1200,1.07207207207
55272,55278,61482,6,6204,2,10800,1.00096711799
55287,55293,62058,6,6765,2,10800,1.00088691796
55320,55326,61861,6,6535,2,10800,1.00091813313
55386,55392,61799,6,6407,2,10800,1.00093647573
55466,55472,55556,6,84,9,1200,1.07142857143
55576,55583,62464,7,6881,2,10800,1.001017294
55648,55655,63149,7,7494,2,10800,1.0009340806
55716,55722,55803,6,81,8,1200,1.07407407407
55808,55814,62513,6,6699,2,10800,1.00089565607
55967,55973,56039,6,66,7,1200,1.09090909091
56217,56224,56286,7,62,6,1200,1.11290322581
56468,56474,56524,6,50,5,1200,1.12
56720,56727,56776,7,49,4,1200,1.14285714286
56829,56836,56874,7,38,3,1200,1.18421052632
56961,56967,57187,6,220,16,7200,1.02727272727
57201,57207,57415,6,208,15,7200,1.02884615385
57441,57447,57654,6,207,14,7200,1.02898550725
57682,57688,57846,6,158,13,7200,1.03797468354
57922,57928,58093,6,165,12,7200,1.03636363636
58162,58168,58298,6,130,11,7200,1.04615384615
58402,58409,58538,7,129,10,7200,1.05426356589
58643,58649,58757,6,108,9,7200,1.05555555556
58883,58890,58967,7,77,8,7200,1.09090909091
59000,59006,67004,6,7998,2,10800,1.00075018755
59123,59130,59211,7,81,7,7200,1.08641975309
59364,59370,59440,6,70,6,7200,1.08571428571
59604,59611,59673,7,62,5,7200,1.11290322581
59845,59851,59906,6,55,4,7200,1.10909090909
59972,59979,66382,7,6403,2,10800,1.00109323754
59999,60005,60182,6,177,8,72000,1.03389830508
60069,60075,60176,6,101,8,72000,1.05940594059
60081,60088,67059,7,6971,2,10800,1.00100416009
60085,60095,60134,10,39,3,7200,1.25641025641
60292,60298,60370,6,72,3,1800,1.08333333333
60326,60333,70081,7,9748,8,72000,1.00071809602
60328,60339,66848,11,6509,2,10800,1.00168996774
60349,60356,60998,7,642,8,72000,1.01090342679
60379,60385,61028,6,643,8,72000,1.00933125972
60379,60391,60466,12,75,4,1800,1.16
60409,60415,67912,6,7497,2,10800,1.00080032013
60435,60442,62493,7,2051,8,72000,1.00341296928
60467,60473,60555,6,82,5,1800,1.07317073171
60469,60480,66796,11,6316,2,10800,1.00174160861
60517,60524,68053,7,7529,2,10800,1.00092973835
60535,60541,67832,6,7291,2,10800,1.00082293238
60548,60555,66675,7,6120,8,72000,1.00114379085
60577,60584,60668,7,84,6,1800,1.08333333333
60634,60642,67540,8,6898,2,10800,1.00115975645
60668,60683,67729,15,7046,2,10800,1.00212886744
60710,60717,60814,7,97,6,1200,1.07216494845
60826,60833,60922,7,89,5,1200,1.07865168539
60834,60840,61539,6,699,8,72000,1.00858369099
60846,60878,67529,32,6651,2,10800,1.00481130657
60918,60935,61018,17,83,4,1200,1.20481927711
60926,61009,61784,83,775,8,72000,1.10709677419
60990,61015,67538,25,6523,2,10800,1.00383259237
61028,61046,74940,18,13894,8,72000,1.00129552325
61032,61039,61114,7,75,3,1200,1.09333333333
61115,61122,61209,7,87,6,1200,1.08045977011
61123,61128,67968,5,6840,2,10800,1.00073099415
61207,61213,68058,6,6845,2,10800,1.00087655223
61221,61227,61308,6,81,5,1200,1.07407407407
61252,61258,67845,6,6587,2,10800,1.00091088508
61276,61283,67713,7,6430,2,10800,1.00108864697
61340,61347,68006,7,6659,2,10800,1.00105120889
61341,61353,61433,12,80,4,1200,1.15
61370,61377,68428,7,7051,2,10800,1.00099276698
61385,61391,68065,6,6674,2,10800,1.00089901109
61462,61469,61542,7,73,3,1200,1.09589041096
61484,61491,68024,7,6533,2,10800,1.00107148324
61499,61505,69080,6,7575,2,10800,1.00079207921
61578,61584,61852,6,268,18,1800,1.0223880597
61707,61714,68731,7,7017,2,10800,1.00099757731
61768,61774,68471,6,6697,2,10800,1.00089592355
61807,61813,68762,6,6949,2,10800,1.00086343359
61809,61821,67965,12,6144,2,10800,1.001953125
61824,61830,69139,6,7309,2,10800,1.00082090573
61863,61870,69050,7,7180,2,10800,1.00097493036
61865,61876,67691,11,5815,2,10800,1.0018916595
61880,61887,68507,7,6620,2,10800,1.00105740181
61940,61947,67658,7,5711,2,10800,1.00122570478
61957,61963,62184,6,221,17,1800,1.02714932127
62061,62067,68699,6,6632,2,10800,1.00090470446
62154,62161,68622,7,6461,2,10800,1.00108342362
62257,62263,62495,6,232,16,1800,1.02586206897
62296,62303,69357,7,7054,2,10800,1.00099234477
62381,62387,72389,6,10002,8,72000,1.00059988002
62457,62505,71653,48,9148,8,72000,1.00524704854
62489,62496,69799,7,7303,2,10800,1.0009585102
62558,62564,62758,6,194,15,1800,1.03092783505
62559,62770,71722,211,8952,8,72000,1.02357015192
62700,62775,64894,75,2119,8,72000,1.0353940538
62799,62805,69690,6,6885,2,10800,1.00087145969
62858,69241,69422,6383,181,14,1800,36.2651933702
63000,67547,71927,4547,4380,8,72000,2.03812785388
63047,67798,72223,4751,4425,8,72000,2.07367231638
63207,68076,72532,4869,4456,8,72000,2.09268402154
63231,68502,74208,5271,5706,8,72000,1.92376445846
63255,68508,74139,5253,5631,8,72000,1.93287160362
63798,64906,65080,1108,174,13,1800,7.36781609195
63817,65917,66046,2100,129,11,1800,17.2790697674
63817,65442,65572,1625,130,12,1800,13.5
63818,66367,66480,2549,113,10,1800,23.5575221239
63818,68774,68869,4956,95,8,1800,53.1684210526
63818,67025,67126,3207,101,9,1800,32.7524752475
63819,71666,71757,7847,91,7,1800,87.2307692308
64519,68881,69000,4362,119,8,1200,37.6554621849
64519,71734,71844,7215,110,7,1200,66.5909090909
64520,66058,66211,1538,153,11,1200,11.0522875817
64520,65584,65744,1064,160,12,1200,7.65
64520,67138,67262,2618,124,9,1200,22.1129032258
64520,67274,67402,2754,128,10,1200,22.515625
64521,66492,66716,1971,224,15,1200,9.79910714286
64521,65092,65267,571,175,13,1200,4.26285714286
64521,69433,69634,4912,201,14,1200,25.4378109453
64522,67254,67522,2732,268,17,1200,11.1940298507
64522,67793,68029,3271,236,16,1200,14.8601694915
64522,66727,67002,2205,275,18,1200,9.01818181818
64536,69124,69230,4588,106,9,1200,44.2830188679
64536,71856,71949,7320,93,7,1200,79.7096774194
64536,69012,69111,4476,99,8,1200,46.2121212121
64537,65756,65905,1219,149,12,1200,9.18120805369
64537,67415,67529,2878,114,10,1200,26.2456140351
64537,66223,66355,1686,132,11,1200,13.7727272727
64537,65280,65430,743,150,13,1200,5.95333333333
64538,69646,69813,5108,167,14,1200,31.5868263473
64538,68283,68491,3745,208,15,1200,19.0048076923
64538,68042,68266,3504,224,16,1200,16.6428571429
64539,67534,67781,2995,247,17,1200,13.1255060729
64539,67020,67242,2481,222,18,1200,12.1756756757
66277,66284,73032,7,6748,2,10800,1.0010373444
66458,66465,73034,7,6569,2,10800,1.0010656112
66849,66855,73961,6,7106,2,10800,1.00084435688
67006,67013,73727,7,6714,2,10800,1.00104259756
67060,67066,74292,6,7226,2,10800,1.0008303349
67090,67539,73695,449,6156,2,10800,1.07293697206
67545,67559,74424,14,6865,2,10800,1.00203932993
67546,67671,74387,125,6716,2,10800,1.01861226921
67661,67703,74123,42,6420,2,10800,1.00654205607
67694,67725,74018,31,6293,2,10800,1.00492610837
67715,67804,74480,89,6676,2,10800,1.01333133613
67733,67845,74371,112,6526,2,10800,1.01716212075
67836,67924,74482,88,6558,2,10800,1.01341872522
67850,67981,74363,131,6382,2,10800,1.02052648073
67875,68018,74991,143,6973,2,10800,1.02050767245
67968,68036,74460,68,6424,2,10800,1.01058530511
67983,68065,75300,82,7235,2,10800,1.01133379406
68007,68637,74649,630,6012,2,10800,1.10479041916
68025,68711,75588,686,6877,2,10800,1.09975279919
68055,68743,74962,688,6219,2,10800,1.11062871844
68070,69369,77232,1299,7863,2,10800,1.16520412056
68072,69706,76150,1634,6444,2,10800,1.25356921167
68144,69815,76187,1671,6372,2,10800,1.26224105461
68474,69825,76451,1351,6626,2,10800,1.20389375189
68511,69830,76787,1319,6957,2,10800,1.18959321547
68540,70098,80146,1558,10048,4,21600,1.15505573248
68541,69835,75635,1294,5800,2,10800,1.22310344828
69141,69841,75788,700,5947,2,10800,1.11770640659
69245,70104,104611,859,34507,1,179940,1.02489349987
69361,69846,76628,485,6782,2,10800,1.07151282807
69400,69851,76540,451,6689,2,10800,1.06742412917
69442,71671,100477,2229,28806,2,28800,1.07737971256
69756,69857,77207,101,7350,2,10800,1.0137414966
70006,70093,76622,87,6529,2,10800,1.01332516465
71756,72240,72575,484,335,5,300,2.4447761194
71756,73036,73373,1280,337,4,300,4.79821958457
71756,72401,72721,645,320,3,300,3.015625
71757,75507,75818,3750,311,7,300,13.0578778135
71757,71769,72113,12,344,8,300,1.03488372093
71757,73700,74046,1943,346,6,300,6.61560693642
71757,73317,73634,1560,317,9,300,5.92113564669
71758,75298,75600,3540,302,11,300,12.7218543046
71758,75063,75379,3305,316,12,300,11.4588607595
71758,74828,75172,3070,344,10,300,9.92441860465
71759,74463,74767,2704,304,14,300,9.89473684211
71759,73603,73939,1844,336,16,300,6.4880952381
71759,74127,74451,2368,324,15,300,8.30864197531
71759,74778,75083,3019,305,13,300,10.8983606557
71760,72982,73298,1222,316,17,300,4.86708860759
71760,72234,72540,474,306,18,300,2.54901960784
71824,72600,72937,776,337,3,300,3.30267062315
71825,72910,73247,1085,337,5,300,4.21958456973
71825,73386,73688,1561,302,4,300,6.16887417219
71825,74474,74792,2649,318,6,300,9.33018867925
71826,73651,73994,1825,343,9,300,6.32069970845
71826,75148,75490,3322,342,10,300,10.7134502924
71826,75695,76045,3869,350,7,300,12.0542857143
71826,71939,72273,113,334,8,300,1.33832335329
71827,75094,75411,3267,317,12,300,11.3059936909
71827,74799,75104,2972,305,13,300,10.7442622951
71827,75348,75681,3521,333,11,300,11.5735735736
71828,74159,74475,2331,316,15,300,8.37658227848
71828,73022,73350,1194,328,17,300,4.64024390244
71828,73666,73991,1838,325,16,300,6.65538461538
71828,74486,74791,2658,305,14,300,9.71475409836
71829,72551,72855,722,304,18,300,3.375
71884,75797,76107,3913,310,5,300,13.6225806452
71884,72733,73036,849,303,3,300,3.80198019802
71884,74953,75261,3069,308,4,300,10.9642857143
71885,75757,76062,3872,305,6,300,13.6950819672
71885,72285,72588,400,303,8,300,2.3201320132
71885,75701,76008,3816,307,7,300,13.4299674267
71886,75116,75419,3230,303,12,300,11.6600660066
71886,75591,75914,3705,323,9,300,12.4705882353
71886,75495,75830,3609,335,10,300,11.7731343284
71886,75391,75694,3505,303,11,300,12.5676567657
71887,74493,74839,2606,346,14,300,8.53179190751
71887,74823,75149,2936,326,13,300,10.0061349693
71887,73951,74254,2064,303,16,300,7.81188118812
71887,74220,74561,2333,341,15,300,7.84164222874
71888,73310,73655,1422,345,17,300,5.12173913043
71888,72586,72892,698,306,18,300,3.28104575163
72545,75843,75873,3298,30,4,300,110.933333333
72545,72951,72979,406,28,3,300,15.5
72546,75707,75746,3161,39,7,300,82.0512820513
72546,75764,75796,3218,32,6,300,101.5625
72546,75811,75842,3265,31,5,300,106.322580645
72547,73259,73303,712,44,8,300,17.1818181818
72547,75612,75665,3065,53,9,300,58.8301886792
72547,75502,75555,2955,53,10,300,56.7547169811
72547,75422,75483,2875,61,11,300,48.131147541
72548,75160,75224,2612,64,12,300,41.8125
72548,74852,74909,2304,57,13,300,41.4210526316
72548,74573,74642,2025,69,14,300,30.347826087
72549,73362,73432,813,70,17,300,12.6142857143
72549,74003,74071,1454,68,16,300,22.3823529412
72549,74266,74332,1717,66,15,300,27.0151515152
72549,72866,72931,317,65,18,300,5.87692307692
72590,72995,73024,405,29,3,300,14.9655172414
72591,75830,75868,3239,38,5,300,86.2368421053
72591,75785,75821,3194,36,6,300,89.7222222222
72591,75848,75878,3257,30,4,300,109.566666667
72591,75739,75773,3148,34,7,300,93.5882352941
72592,75100,75135,2508,35,8,300,72.6571428571
72592,75540,75580,2948,40,10,300,74.7
72592,75627,75672,3035,45,9,300,68.4444444444
72593,74922,74983,2329,61,13,300,39.1803278689
72593,75431,75472,2838,41,11,300,70.2195121951
72593,74653,74711,2060,58,14,300,36.5172413793
72593,75236,75286,2643,50,12,300,53.86
72594,74343,74403,1749,60,15,300,30.15
72594,73443,73505,849,62,17,300,14.6935483871
72594,74057,74116,1463,59,16,300,25.7966101695
72595,72905,72971,310,66,18,300,5.69696969697
72637,75853,75884,3216,31,4,300,104.741935484
72637,73056,73083,419,27,3,300,16.5185185185
72637,75836,75867,3199,31,5,300,104.193548387
72638,75688,75737,3050,49,8,300,63.2448979592
72638,75745,75778,3107,33,7,300,95.1515151515
72638,75791,75827,3153,36,6,300,88.5833333333
72639,75567,75616,2928,49,10,300,60.7551020408
72639,75483,75527,2844,44,11,300,65.6363636364
72639,75273,75336,2634,63,12,300,42.8095238095
72639,75676,75728,3037,52,9,300,59.4038461538
72640,74994,75051,2354,57,13,300,42.298245614
72640,74723,74788,2083,65,14,300,33.0461538462
72640,74414,74479,1774,65,15,300,28.2923076923
72641,74082,74147,1441,65,16,300,23.1692307692
72641,73516,73592,875,76,17,300,12.5131578947
72641,72943,73010,302,67,18,300,5.50746268657
72785,72988,72989,203,1,1,240,20.4
73037,73050,80551,13,7501,2,10800,1.00173310225
73384,73393,80880,9,7487,2,10800,1.00120208361
73730,73739,80143,9,6404,2,10800,1.00140537164
73787,73977,80463,190,6486,2,10800,1.02929386371
73999,74030,80371,31,6341,2,10800,1.0048888188
74053,74133,81366,80,7233,2,10800,1.01106041753
74294,74301,81759,7,7458,2,10800,1.00093858943
74318,74325,81608,7,7283,2,10800,1.00096114239
74378,74399,80739,21,6340,2,10800,1.00331230284
74393,74436,80929,43,6493,2,10800,1.00662251656
74426,74468,81228,42,6760,2,10800,1.00621301775
74463,74499,80553,36,6054,2,10800,1.00594648167
74484,74661,81795,177,7134,2,10800,1.02481076535
74485,74805,81777,320,6972,2,10800,1.04589787722
74651,74810,81666,159,6856,2,10800,1.02319136523
74769,74816,81031,47,6215,2,10800,1.00756234916
74992,75001,81572,9,6571,2,10800,1.00136965454
75239,75246,82474,7,7228,2,10800,1.000968456
75591,75599,82582,8,6983,2,10800,1.00114563941
75613,75619,82236,6,6617,2,10800,1.00090675533
75651,75682,81708,31,6026,2,10800,1.00514437438
76055,76061,82699,6,6638,2,10800,1.00090388671
76188,76194,82916,6,6722,2,10800,1.00089259149
76390,76396,82964,6,6568,2,10800,1.0009135201
76543,76549,83062,6,6513,2,10800,1.00092123445
76624,76632,82905,8,6273,2,10800,1.00127530687
76639,76645,82712,6,6067,2,10800,1.00098895665
76748,76754,83218,6,6464,2,10800,1.00092821782
77208,77216,84092,8,6876,2,10800,1.00116346713
77235,77243,83953,8,6710,2,10800,1.00119225037
77907,77913,79354,6,1441,8,72000,1.00416377516
77930,77936,79404,6,1468,8,72000,1.00408719346
77948,77955,79388,7,1433,8,72000,1.00488485694
77996,78003,79442,7,1439,8,72000,1.00486448923
78082,78088,79648,6,1560,8,72000,1.00384615385
78191,78198,79853,7,1655,8,72000,1.00422960725
78212,78220,79681,8,1461,8,72000,1.00547570157
78279,78285,79676,6,1391,8,72000,1.00431344357
78309,78316,79697,7,1381,8,72000,1.00506879073
78428,78434,79120,6,686,8,72000,1.00874635569
78879,78885,78888,6,3,2,600,1.0
78962,78969,78975,7,6,2,600,1.3
79144,79152,85798,8,6646,2,10800,1.00120373157
79519,79526,79632,7,106,2,600,1.06603773585
79848,79854,187867,6,108013,40,108000,1.00005554887
80295,80301,87640,6,7339,2,10800,1.00081755007
80466,80474,86772,8,6298,2,10800,1.00127024452
80509,80516,87378,7,6862,2,10800,1.00102011075
80535,188392,296418,107857,108026,40,108000,1.99843556181
80556,80567,86925,11,6358,2,10800,1.00173010381
80667,80674,86938,7,6264,2,10800,1.00111749681
80696,80702,80769,6,67,14,300,1.08955223881
80780,80786,80843,6,57,13,300,1.10526315789
80821,80827,87329,6,6502,2,10800,1.00092279299
80834,80841,80896,7,55,12,300,1.12727272727
80904,80910,80977,6,67,11,300,1.08955223881
80932,80938,87548,6,6610,2,10800,1.00090771558
80977,80984,87160,7,6176,2,10800,1.00113341969
80989,80995,81061,6,66,11,300,1.09090909091
81071,81077,81129,6,52,11,300,1.11538461538
81092,81098,88258,6,7160,2,10800,1.00083798883
81369,81376,88187,7,6811,2,10800,1.00102774923
81402,81409,88125,7,6716,2,10800,1.00104228708
81610,81617,88006,7,6389,2,10800,1.00109563312
81665,81671,88972,6,7301,2,10800,1.00082180523
81677,81684,88905,7,7221,24,7199,1.00096939482
81710,81716,89118,6,7402,2,10800,1.00081059173
81761,81768,88387,7,6619,2,10800,1.00105756157
81779,81785,88370,6,6585,2,10800,1.00091116173
81797,81803,88904,6,7101,2,10800,1.00084495142
82026,82034,82269,8,235,18,300,1.03404255319
82077,82083,88578,6,6495,2,10800,1.00092378753
82130,82281,82410,151,129,17,300,2.17054263566
82412,82421,82495,9,74,17,300,1.12162162162
82471,82477,88605,6,6128,2,10800,1.00097911227
82586,82593,89510,7,6917,2,10800,1.00101199942
82597,82603,82678,6,75,17,300,1.08
82673,82680,89286,7,6606,2,10800,1.00105964275
82674,82690,82749,16,59,13,300,1.27118644068
82715,82721,89883,6,7162,2,10800,1.00083775482
82757,82764,82832,7,68,13,300,1.10294117647
82869,82875,88959,6,6084,2,10800,1.00098619329
82923,82929,89621,6,6692,2,10800,1.00089659295
82968,82974,90356,6,7382,2,10800,1.00081278786
83064,83070,89819,6,6749,2,10800,1.0008890206
83221,83228,89723,7,6495,2,10800,1.00107775212
83284,83291,90801,7,7510,2,10800,1.00093209055
83519,83525,83526,6,1,1,240,1.0
84094,84101,90990,7,6889,2,10800,1.00101611264
84803,84810,151110,7,66300,1,162000,1.00010558069
84804,84817,114368,13,29551,1,115200,1.00043991743
84805,84822,85550,17,728,1,115200,1.02335164835
84815,84828,152485,13,67657,1,162000,1.00019214568
84816,84834,114384,18,29550,1,115200,1.00060913706
84817,84839,85565,22,726,1,115200,1.0303030303
84823,84845,151026,22,66181,1,162000,1.00033242169
84824,84851,114290,27,29439,1,115200,1.00091715072
84825,84856,85583,31,727,1,115200,1.04264099037
84831,84862,146520,31,61658,1,162000,1.00050277336
84832,84867,112203,35,27336,1,115200,1.00128036289
84833,84872,91842,39,6970,1,115200,1.0055954089
84961,84968,85215,7,247,1,3540,1.02834008097
85329,85335,87371,6,2036,1,3540,1.00294695481
85404,85410,85588,6,178,1,3540,1.03370786517
85455,85462,85725,7,263,1,3540,1.02661596958
85503,85509,85991,6,482,1,3540,1.01244813278
85576,85583,85945,7,362,1,3540,1.01933701657
85625,85631,86137,6,506,1,3540,1.01185770751
85672,85680,86162,8,482,1,3540,1.01659751037
85720,85727,86232,7,505,1,3540,1.01386138614
85768,85774,86254,6,480,1,3540,1.0125
85800,85807,93079,7,7272,2,10800,1.00096259626
85820,85827,86336,7,509,1,3540,1.0137524558
85915,85921,93137,6,7216,2,10800,1.00083148559
86018,86024,86289,6,265,1,3540,1.02264150943
86273,86279,86466,6,187,1,3540,1.0320855615
86465,86471,86597,6,126,4,3540,1.04761904762
86516,86522,86644,6,122,1,3540,1.04918032787
86927,86934,94224,7,7290,2,10800,1.00096021948
86942,86949,93646,7,6697,2,10800,1.00104524414
87161,87167,93582,6,6415,2,10800,1.00093530787
87228,87233,93587,5,6354,2,10800,1.00078690589
87363,87370,93950,7,6580,2,10800,1.00106382979
87504,87511,93798,7,6287,2,10800,1.00111340862
87576,87583,94495,7,6912,2,10800,1.00101273148
87805,87811,94820,6,7009,2,10800,1.00085604223
88052,88059,94594,7,6535,2,10800,1.00107115532
88191,88197,95092,6,6895,2,10800,1.00087019579
88206,88213,95382,7,7169,2,10800,1.00097642628
88371,88378,95718,7,7340,2,10800,1.00095367847
88389,88397,95347,8,6950,2,10800,1.00115107914
88573,88581,95892,8,7311,2,10800,1.00109424155
88575,88587,95258,12,6671,2,10800,1.00179883076
88906,88914,96833,8,7919,2,10800,1.00101022856
88961,88968,95897,7,6929,2,10800,1.00101024679
88976,88982,95621,6,6639,2,10800,1.00090375056
89015,89021,96503,6,7482,2,10800,1.00080192462
89286,89293,96221,7,6928,2,10800,1.00101039261
89301,89307,96513,6,7206,2,10800,1.00083263947
89624,89631,96317,7,6686,2,10800,1.0010469638
89726,89738,96569,12,6831,2,10800,1.00175669741
89726,89733,114588,7,24855,16,172800,1.00028163347
89775,89781,96367,6,6586,2,10800,1.00091102338
89865,89871,96979,6,7108,2,10800,1.0008441193
90360,90367,97290,7,6923,2,10800,1.00101112235
90652,90659,96829,7,6170,2,10800,1.00113452188
90993,90999,97354,6,6355,2,10800,1.00094413847
93082,93088,100323,6,7235,2,10800,1.000829302
93139,93147,100178,8,7031,2,10800,1.00113781823
93218,93225,99619,7,6394,2,10800,1.00109477635
93597,93603,100336,6,6733,2,10800,1.00089113322
93648,93654,99950,6,6296,2,10800,1.00095298602
93663,93669,100783,6,7114,2,10800,1.00084340737
93952,93959,100317,7,6358,2,10800,1.00110097515
94226,94232,101791,6,7559,2,10800,1.00079375579
94347,94353,101837,6,7484,2,10800,1.00080171032
94533,94539,101166,6,6627,2,10800,1.00090538705
94668,94675,101675,7,7000,2,10800,1.001
94870,94878,101645,8,6767,2,10800,1.00118220777
95051,95058,98664,7,3606,1,3600,1.0019412091
95259,95266,102480,7,7214,2,10800,1.00097033546
95349,95356,101657,7,6301,2,10800,1.00111093477
95385,95391,101976,6,6585,2,10800,1.00091116173
95436,95444,102571,8,7127,2,10800,1.00112249193
95719,95727,102194,8,6467,2,10800,1.00123704964
95774,95780,102296,6,6516,2,10800,1.00092081031
95909,95915,102700,6,6785,2,10800,1.00088430361
96222,96228,103459,6,7231,2,10800,1.00082976075
96319,96325,103715,6,7390,2,10800,1.00081190798
96340,96347,103350,7,7003,2,10800,1.00099957161
96505,96512,103264,7,6752,2,10800,1.00103672986
96520,96526,103530,6,7004,2,10800,1.00085665334
96562,96568,103880,6,7312,2,10800,1.00082056893
96689,96695,102801,6,6106,2,10800,1.00098264003
96845,96852,103972,7,7120,2,10800,1.00098314607
96981,96988,103887,7,6899,2,10800,1.0010146398
97110,97116,103410,6,6294,2,10800,1.00095328885
97357,97364,103126,7,5762,2,10800,1.00121485595
98237,98243,105418,6,7175,2,10800,1.00083623693
98631,98638,98645,7,7,1,1800,1.4
98779,98786,98894,7,108,1,3600,1.06481481481
98792,98799,98871,7,72,1,1800,1.09722222222
98931,98938,99046,7,108,1,3600,1.06481481481
99032,99039,99387,7,348,1,3600,1.02011494253
99091,99097,99192,6,95,1,1800,1.06315789474
99183,99189,99924,6,735,1,3600,1.00816326531
99644,99651,100713,7,1062,1,3600,1.0065913371
99953,99960,107045,7,7085,2,10800,1.00098800282
100171,100178,101158,7,980,1,3600,1.00714285714
100181,100187,107147,6,6960,2,10800,1.00086206897
100221,100227,100613,6,386,1,1800,1.01554404145
100320,100326,106944,6,6618,2,10800,1.00090661831
100335,100342,107270,7,6928,2,10800,1.00101039261
100350,100356,107664,6,7308,2,10800,1.00082101806
100567,100574,106537,7,5963,2,10800,1.00117390575
100802,100808,107675,6,6867,2,10800,1.00087374399
101245,101253,101258,8,5,1,3600,1.3
101353,101359,101366,6,7,1,1800,1.3
101374,101380,101520,6,140,1,3600,1.04285714286
101521,101530,101567,9,37,1,1800,1.24324324324
101645,101653,108521,8,6868,2,10800,1.00116482236
101655,101661,101905,6,244,1,3600,1.02459016393
101660,101667,108196,7,6529,2,10800,1.00107213968
101675,101682,108239,7,6557,2,10800,1.00106756138
101723,101730,108453,7,6723,2,10800,1.00104120184
101792,101798,101875,6,77,1,1800,1.07792207792
101838,101844,108575,6,6731,2,10800,1.00089139801
101874,101880,108516,6,6636,2,10800,1.00090415913
102001,102007,108936,6,6929,2,10800,1.00086592582
102021,102029,102108,8,79,1,3600,1.10126582278
102202,102212,102840,10,628,1,3600,1.01592356688
102231,102238,102654,7,416,1,3600,1.01682692308
102298,102304,109341,6,7037,2,10800,1.00085263607
102451,102458,109376,7,6918,2,10800,1.00101185314
102506,102513,102772,7,259,1,1800,1.02702702703
102574,102580,109419,6,6839,2,10800,1.00087732125
102704,102711,110067,7,7356,2,10800,1.00095160413
102768,102775,109170,7,6395,2,10800,1.00109460516
102956,102962,103820,6,858,1,3600,1.00699300699
103096,103103,110088,7,6985,2,10800,1.00100214746
103238,103244,109457,6,6213,2,10800,1.00096571704
103334,103342,109900,8,6558,2,10800,1.00121988411
103413,103420,110706,7,7286,2,10800,1.00096074664
103461,103468,110345,7,6877,2,10800,1.00101788571
103533,103539,110035,6,6496,2,10800,1.00092364532
103718,103725,110528,7,6803,2,10800,1.00102895781
103881,103888,110923,7,7035,2,10800,1.00099502488
103896,103902,111407,6,7505,2,10800,1.00079946702
103974,103980,110946,6,6966,2,10800,1.00086132644
104115,104122,111059,7,6937,2,10800,1.00100908174
106064,106071,113270,7,7199,2,10800,1.00097235727
106394,106401,106476,7,75,1,1800,1.09333333333
106743,106750,106841,7,91,1,1800,1.07692307692
106947,106953,114178,6,7225,2,10800,1.00083044983
106995,107001,113589,6,6588,2,10800,1.00091074681
107151,107157,113352,6,6195,2,10800,1.000968523
107271,107277,113946,6,6669,2,10800,1.00089968511
107338,107344,107707,6,363,1,1800,1.01652892562
107666,107673,115181,7,7508,2,10800,1.00093233884
107681,107687,113815,6,6128,2,10800,1.00097911227
107696,107702,114720,6,7018,2,10800,1.00085494443
108241,108248,115160,7,6912,2,10800,1.00101273148
108346,108352,115897,6,7545,2,10800,1.00079522863
108518,108525,115214,7,6689,2,10800,1.00104649424
108535,108548,115185,13,6637,2,10800,1.00195871629
108577,108584,114641,7,6057,2,10800,1.00115568763
108639,108646,115656,7,7010,2,10800,1.00099857347
108826,108834,108874,8,40,1,1800,1.2
108958,108965,115364,7,6399,2,10800,1.00109392093
109114,109120,109194,6,74,1,1800,1.08108108108
109344,109351,115726,7,6375,2,10800,1.00109803922
109377,109385,115861,8,6476,2,10800,1.00123533045
109423,109429,116394,6,6965,2,10800,1.00086145011
109459,109465,117107,6,7642,2,10800,1.00078513478
109597,109605,116439,8,6834,2,10800,1.0011706175
109812,109818,110059,6,241,1,1800,1.02489626556
109995,110001,116273,6,6272,2,10800,1.00095663265
110067,110075,116218,8,6143,2,10800,1.0013022953
110083,110090,117216,7,7126,2,10800,1.00098231827
110209,110215,116994,6,6779,2,10800,1.0008850863
110532,110538,117821,6,7283,2,10800,1.00082383633
110709,110716,117809,7,7093,2,10800,1.00098688848
110926,110932,118693,6,7761,2,10800,1.00077309625
110947,110953,117539,6,6586,2,10800,1.00091102338
111062,111069,117376,7,6307,2,10800,1.00110987791
111408,111415,118566,7,7151,2,10800,1.00097888407
111469,111476,118795,7,7319,2,10800,1.00095641481
113183,113190,113191,7,1,1,25200,1.0
113184,113201,113203,17,2,1,25200,1.9
113184,113207,113208,23,1,1,25200,2.4
113184,113195,113240,11,45,1,25200,1.24444444444
113185,113218,113509,33,291,1,25200,1.11340206186
113185,113229,113230,44,1,1,25200,4.5
113186,113246,113247,60,1,1,25200,6.1
113186,113235,113236,49,1,1,25200,5.0
113186,113240,113241,54,1,1,25200,5.5
113187,113251,113252,64,1,1,25200,6.5
113187,113262,113335,75,73,1,25200,2.02739726027
113188,113273,113274,85,1,1,25200,8.6
113188,113268,113460,80,192,1,25200,1.41666666667
113189,113295,113356,106,61,1,25200,2.73770491803
113189,113284,113285,95,1,1,25200,9.6
113189,113290,113299,101,9,1,25200,11.0
113189,113301,113384,112,83,1,25200,2.34939759036
113190,113306,113310,116,4,1,25200,12.0
113191,113317,113329,126,12,1,25200,11.5
113191,113328,113329,137,1,1,25200,13.8
113192,114873,116083,1681,1210,1,25200,2.38925619835
113192,114866,115942,1674,1076,1,25200,2.55576208178
113192,113339,113384,147,45,1,25200,4.26666666667
113193,114889,114922,1696,33,1,25200,52.3939393939
113193,114884,114885,1691,1,1,25200,169.2
113193,114879,119164,1686,4285,1,25200,1.3934655776
113194,114900,116093,1706,1193,1,25200,2.43000838223
113194,114895,121862,1701,6967,1,25200,1.24415099756
113194,114911,116294,1717,1383,1,25200,2.24150397686
113194,114906,114908,1712,2,1,25200,171.4
113195,114924,114929,1729,5,1,25200,173.4
113195,114918,114936,1723,18,1,25200,96.7222222222
113195,114929,120158,1734,5229,1,25200,1.33161216294
113196,114935,114938,1739,3,1,25200,174.2
113196,114946,114948,1750,2,1,25200,175.2
113196,114940,114962,1744,22,1,25200,80.2727272727
113197,114953,114958,1756,5,1,25200,176.1
113197,114959,114961,1762,2,1,25200,176.4
113197,114964,114965,1767,1,1,25200,176.8
113198,114969,114974,1771,5,1,25200,177.6
113198,114975,114985,1777,10,1,25200,178.7
113198,114988,114995,1790,7,1,25200,179.7
113198,114980,114981,1782,1,1,25200,178.3
113199,115004,115087,1805,83,1,25200,22.7469879518
113199,114999,115000,1800,1,1,25200,180.1
113199,114994,115014,1795,20,1,25200,90.75
113200,115022,115327,1822,305,1,25200,6.9737704918
113200,115015,115017,1815,2,1,25200,181.7
113200,115027,115029,1827,2,1,25200,182.9
113200,115010,115065,1810,55,1,25200,33.9090909091
113201,113359,113796,158,437,1,25200,1.36155606407
113202,113376,113378,174,2,1,25200,17.6
113202,113370,113392,168,22,1,25200,8.63636363636
113203,113381,113387,178,6,1,25200,18.4
113203,113392,113393,189,1,1,25200,19.0
113203,113397,113398,194,1,1,25200,19.5
113203,113386,113407,183,21,1,25200,9.71428571429
113204,113413,113414,209,1,1,25200,21.0
113204,113408,113414,204,6,1,25200,21.0
113205,113425,126801,220,13376,1,25200,1.01644736842
113205,113419,113428,214,9,1,25200,22.3
113205,113430,114882,225,1452,1,25200,1.15495867769
113206,113436,113437,230,1,1,25200,23.1
113206,113442,113448,236,6,1,25200,24.2
113206,113453,113454,247,1,1,25200,24.8
113206,113448,113458,242,10,1,25200,25.2
113207,113470,113493,263,23,1,25200,12.4347826087
113207,113459,114898,252,1439,1,25200,1.17512161223
113207,113464,113465,257,1,1,25200,25.8
113208,113501,113503,293,2,1,25200,29.5
113208,113475,113485,267,10,1,25200,27.7
113208,113495,113497,287,2,1,25200,28.9
113209,113507,113569,298,62,1,25200,5.8064516129
113209,113512,113514,303,2,1,25200,30.5
113209,113517,123204,308,9687,1,25200,1.03179518943
113210,113539,113541,329,2,1,25200,33.1
113210,113523,113848,313,325,1,25200,1.96307692308
113210,113528,113529,318,1,1,25200,31.9
113211,113557,113559,346,2,1,25200,34.8
113211,113546,113547,335,1,1,25200,33.6
113211,113552,113554,341,2,1,25200,34.3
113212,113573,113574,361,1,1,25200,36.2
113212,113563,113582,351,19,1,25200,19.4736842105
113212,113579,114676,367,1097,1,25200,1.33454876937
113213,113590,113603,377,13,1,25200,30.0
113213,113584,113585,371,1,1,25200,37.2
113214,113606,113677,392,71,1,25200,6.52112676056
113214,113620,113621,406,1,1,25200,40.7
113214,113595,113596,381,1,1,25200,38.2
113215,113631,113831,416,200,1,25200,3.08
113215,113626,113650,411,24,1,25200,18.125
113215,113637,116102,422,2465,1,25200,1.17119675456
113216,113648,113664,432,16,1,25200,28.0
113216,113653,113654,437,1,1,25200,43.8
113216,113642,113654,426,12,1,25200,36.5
113217,113664,113665,447,1,1,25200,44.8
113217,113669,113671,452,2,1,25200,45.4
113218,113680,116641,462,2961,1,25200,1.15602836879
113218,113686,113687,468,1,1,25200,46.9
113218,113691,113692,473,1,1,25200,47.4
113218,113697,113891,479,194,1,25200,3.46907216495
113219,113702,113703,483,1,1,25200,48.4
113219,113708,115054,489,1346,1,25200,1.3632986627
113220,113713,113714,493,1,1,25200,49.4
113220,113719,113720,499,1,1,25200,50.0
113220,113733,113769,513,36,1,25200,15.25
113220,113724,114348,504,624,1,25200,1.80769230769
113221,113749,113750,528,1,1,25200,52.9
113221,113738,113819,517,81,1,25200,7.38271604938
113222,113765,113766,543,1,1,25200,54.4
113222,113760,113888,538,128,1,25200,5.203125
113222,113754,113755,532,1,1,25200,53.3
113223,113782,113811,559,29,1,25200,20.275862069
113223,113776,113777,553,1,1,25200,55.4
113223,113771,113785,548,14,1,25200,40.1428571429
113223,113787,113800,564,13,1,25200,44.3846153846
113224,113798,113813,574,15,1,25200,39.2666666667
113225,113804,113810,579,6,1,25200,58.5
113225,113809,113811,584,2,1,25200,58.6
113225,113823,120020,598,6197,1,25200,1.09649830563
113225,113817,115922,592,2105,1,25200,1.28123515439
113226,113828,113830,602,2,1,25200,60.4
113226,113834,113854,608,20,1,25200,31.4
113226,113839,113862,613,23,1,25200,27.652173913
113227,113855,115778,628,1923,1,25200,1.32657306292
113227,113844,113845,617,1,1,25200,61.8
113227,113850,113852,623,2,1,25200,62.5
113228,113866,113911,638,45,1,25200,15.1777777778
113228,113886,113887,658,1,1,25200,65.9
113228,113861,113862,633,1,1,25200,63.4
113228,113872,114013,644,141,1,25200,5.56737588652
113229,113903,113905,674,2,1,25200,67.6
113229,113898,113917,669,19,1,25200,36.2105263158
113229,113892,113894,663,2,1,25200,66.5
113230,113909,113910,679,1,1,25200,68.0
113230,113919,113920,689,1,1,25200,69.0
113230,113914,114501,684,587,1,25200,2.16524701874
113231,113925,114130,694,205,1,25200,4.38536585366
113231,113930,114672,699,742,1,25200,1.94204851752
113231,113936,113937,705,1,1,25200,70.6
113232,113947,114866,715,919,1,25200,1.77801958651
113232,113941,113943,709,2,1,25200,71.1
113232,113953,127135,721,13182,1,25200,1.0546957973
113233,113972,113973,739,1,1,25200,74.0
113233,113978,113979,745,1,1,25200,74.6
113233,113983,113984,750,1,1,25200,75.1
113234,113994,113996,760,2,1,25200,76.2
113234,113999,114001,765,2,1,25200,76.7
113234,113988,113992,754,4,1,25200,75.8
113235,114005,114006,770,1,1,25200,77.1
113235,114010,114034,775,24,1,25200,33.2916666667
113236,114016,115728,780,1712,1,25200,1.45560747664
113236,114029,114037,793,8,1,25200,80.1
113236,114021,114084,785,63,1,25200,13.4603174603
113236,114034,114511,798,477,1,25200,2.67295597484
113237,114040,116805,803,2765,1,25200,1.2904159132
113237,114045,114046,808,1,1,25200,80.9
113237,114050,114051,813,1,1,25200,81.4
113238,114067,117321,829,3254,1,25200,1.25476336816
113238,114056,114060,818,4,1,25200,82.2
113238,114061,114849,823,788,1,25200,2.04441624365
113239,114072,114074,833,2,1,25200,83.5
113239,114079,114085,840,6,1,25200,84.6
113239,114090,114091,851,1,1,25200,85.2
113240,114110,114111,870,1,1,25200,87.1
113240,114096,114263,856,167,1,25200,6.12574850299
113240,114103,114108,863,5,1,25200,86.8
113241,114121,114606,880,485,1,25200,2.81443298969
113242,114132,114133,890,1,1,25200,89.1
113242,114150,114151,908,1,1,25200,90.9
113242,114127,114181,885,54,1,25200,17.3888888889
113242,114145,114162,903,17,1,25200,54.1176470588
113243,114168,114334,925,166,1,25200,6.57228915663
113243,114156,114886,913,730,1,25200,2.25068493151
113243,114162,114919,919,757,1,25200,2.21400264201
113244,114181,114183,937,2,1,25200,93.9
113244,114173,114250,929,77,1,25200,13.0649350649
113244,114195,114374,951,179,1,25200,6.31284916201
113245,114200,114986,955,786,1,25200,2.21501272265
113245,114211,114213,966,2,1,25200,96.8
113245,114206,116112,961,1906,1,25200,1.50419727177
113246,114226,120106,980,5880,1,25200,1.16666666667
113246,114275,114277,1029,2,1,25200,103.1
113246,114263,116270,1017,2007,1,25200,1.5067264574
113247,114290,114301,1043,11,1,25200,95.8181818182
113247,114302,114303,1055,1,1,25200,105.6
113247,114313,114314,1066,1,1,25200,106.7
113248,114320,114362,1072,42,1,25200,26.5238095238
113248,114327,114328,1079,1,1,25200,108.0
113248,114340,114344,1092,4,1,25200,109.6
113248,114347,114349,1099,2,1,25200,110.1
113249,114356,114510,1107,154,1,25200,8.18831168831
113249,114368,114370,1119,2,1,25200,112.1
113250,114381,114554,1131,173,1,25200,7.53757225434
113250,114389,118488,1139,4099,1,25200,1.27787265187
113250,114376,114378,1126,2,1,25200,112.8
113251,114407,114411,1156,4,1,25200,116.0
113251,114400,114457,1149,57,1,25200,21.1578947368
113251,114394,116625,1143,2231,1,25200,1.51232631107
113252,114424,114425,1172,1,1,25200,117.3
113252,114412,115260,1160,848,1,25200,2.3679245283
113252,114437,114470,1185,33,1,25200,36.9090909091
113253,114482,114487,1229,5,1,25200,123.4
113253,114470,119619,1217,5149,1,25200,1.23635657409
113254,114519,114538,1265,19,1,25200,67.5789473684
113254,114526,114528,1272,2,1,25200,127.4
113254,114512,116353,1258,1841,1,25200,1.68332428028
113255,114555,115250,1300,695,1,25200,2.87050359712
113255,114548,114553,1293,5,1,25200,129.8
113255,114531,114534,1276,3,1,25200,127.9
113255,114541,114824,1286,283,1,25200,5.54416961131
113256,114587,115024,1331,437,1,25200,4.04576659039
113256,114572,114575,1316,3,1,25200,131.9
113256,114565,122725,1309,8160,1,25200,1.16041666667
113257,114604,114733,1347,129,1,25200,11.4418604651
113257,114598,114599,1341,1,1,25200,134.2
113258,114626,114627,1368,1,1,25200,136.9
113258,114620,114621,1362,1,1,25200,136.3
113258,114615,114663,1357,48,1,25200,29.2708333333
113259,114631,114703,1372,72,1,25200,20.0555555556
113259,114637,115174,1378,537,1,25200,3.56610800745
113260,114653,114654,1393,1,1,25200,139.4
113260,114648,114649,1388,1,1,25200,138.9
113260,114664,114665,1404,1,1,25200,140.5
113260,114659,114666,1399,7,1,25200,140.6
113261,114670,116188,1409,1518,1,25200,1.92819499341
113261,114680,114681,1419,1,1,25200,142.0
113261,114675,115102,1414,427,1,25200,4.31147540984
113262,114705,116697,1443,1992,1,25200,1.72439759036
113262,114711,114827,1449,116,1,25200,13.4913793103
113262,114716,115353,1454,637,1,25200,3.28257456829
113263,114732,115318,1469,586,1,25200,3.50682593857
113263,114721,114722,1458,1,1,25200,145.9
113263,114727,114730,1464,3,1,25200,146.7
113264,114743,114896,1479,153,1,25200,10.6666666667
113264,114738,114747,1474,9,1,25200,148.3
113264,114754,114764,1490,10,1,25200,150.0
113265,114759,115533,1494,774,1,25200,2.93023255814
113265,114778,115460,1513,682,1,25200,3.21847507331
113265,114765,114777,1500,12,1,25200,126.0
113266,114794,114795,1528,1,1,25200,152.9
113266,114788,114792,1522,4,1,25200,152.6
113266,114783,114787,1517,4,1,25200,152.1
113267,114815,114816,1548,1,1,25200,154.9
113267,114799,114802,1532,3,1,25200,153.5
113267,114810,114811,1543,1,1,25200,154.4
113267,114805,115160,1538,355,1,25200,5.3323943662
113268,114828,117159,1560,2331,1,25200,1.66924066924
113269,114850,114855,1581,5,1,25200,158.6
113269,114839,114841,1570,2,1,25200,157.2
113269,114844,114845,1575,1,1,25200,157.6
113270,114861,115264,1591,403,1,25200,4.94789081886
113270,114855,115247,1585,392,1,25200,5.04336734694
113270,115033,115039,1763,6,1,25200,176.9
113271,115038,115110,1767,72,1,25200,25.5416666667
113271,115044,115045,1773,1,1,25200,177.4
113271,115051,115052,1780,1,1,25200,178.1
113272,115062,115076,1790,14,1,25200,128.857142857
113272,115067,115095,1795,28,1,25200,65.1071428571
113272,115057,115343,1785,286,1,25200,7.24125874126
113272,115073,115078,1801,5,1,25200,180.6
113273,115091,115996,1818,905,1,25200,3.00883977901
113273,115096,115099,1823,3,1,25200,182.6
113273,115086,116521,1813,1435,1,25200,2.26341463415
113274,115102,115554,1828,452,1,25200,5.04424778761
113274,115110,115115,1836,5,1,25200,184.1
113274,115115,115117,1841,2,1,25200,184.3
113275,115133,115904,1858,771,1,25200,3.40985732815
113275,115126,115127,1851,1,1,25200,185.2
113275,115120,115952,1845,832,1,25200,3.21754807692
113276,115138,115418,1862,280,1,25200,7.65
113276,115149,115152,1873,3,1,25200,187.6
113277,115167,115185,1890,18,1,25200,106.0
113278,115572,115580,2294,8,1,25200,230.2
113278,115537,115543,2259,6,1,25200,226.5
113278,115488,115489,2210,1,1,25200,221.1
113278,115544,115588,2266,44,1,25200,52.5
113279,115191,115249,1912,58,1,25200,33.9655172414
113279,115185,115422,1906,237,1,25200,9.04219409283
113280,115196,115379,1916,183,1,25200,11.4699453552
113280,115207,115706,1927,499,1,25200,4.86172344689
113280,115202,115203,1922,1,1,25200,192.3
113280,115231,115240,1951,9,1,25200,196.0
113281,115254,115377,1973,123,1,25200,17.0406504065
113281,115236,115248,1955,12,1,25200,163.916666667
113282,115261,135862,1979,20601,1,25200,1.0960632979
113282,115272,115584,1990,312,1,25200,7.37820512821
113283,115283,116792,2000,1509,1,25200,2.32538104705
113283,115296,117080,2013,1784,1,25200,2.1283632287
113283,115301,122166,2018,6865,1,25200,1.29395484341
113283,115278,115281,1995,3,1,25200,199.8
113284,115312,120155,2028,4843,1,25200,1.41874870948
113284,115307,115341,2023,34,1,25200,60.5
113285,115339,115342,2054,3,1,25200,205.7
113285,115319,115553,2034,234,1,25200,9.69230769231
113285,115330,115339,2045,9,1,25200,205.4
113286,115364,115418,2078,54,1,25200,39.4814814815
113286,115358,115365,2072,7,1,25200,207.9
113286,115351,116508,2065,1157,1,25200,2.78478824546
113287,115369,115376,2082,7,1,25200,208.9
113287,115386,115389,2099,3,1,25200,210.2
113287,115381,115458,2094,77,1,25200,28.1948051948
113287,115394,115426,2107,32,1,25200,66.84375
113288,115400,115405,2112,5,1,25200,211.7
113288,115405,115416,2117,11,1,25200,193.454545455
113288,115410,120060,2122,4650,1,25200,1.45634408602
113289,115432,115632,2143,200,1,25200,11.715
113289,115418,118430,2129,3012,1,25200,1.70683930943
113289,115425,116074,2136,649,1,25200,4.29121725732
113289,115437,115485,2148,48,1,25200,45.75
113290,115443,121087,2153,5644,1,25200,1.38146704465
113290,115450,118174,2160,2724,1,25200,1.79295154185
113291,115475,116170,2184,695,1,25200,4.14244604317
113291,115480,115484,2189,4,1,25200,219.3
113291,115468,115473,2177,5,1,25200,218.2
113291,115455,115456,2164,1,1,25200,216.5
113292,115515,115516,2223,1,1,25200,222.4
113292,115508,115511,2216,3,1,25200,221.9
113293,115551,117234,2258,1683,1,25200,2.34165181224
113294,115558,117981,2264,2423,1,25200,1.93437886917
113294,115579,115580,2285,1,1,25200,228.6
113294,115565,115567,2271,2,1,25200,227.3
113294,115592,115690,2298,98,1,25200,24.4489795918
113295,115597,115598,2302,1,1,25200,230.3
113295,115605,115628,2310,23,1,25200,101.434782609
113296,115617,115618,2321,1,1,25200,232.2
113296,115630,115641,2334,11,1,25200,213.181818182
113296,115610,115876,2314,266,1,25200,9.6992481203
113297,115707,115710,2410,3,1,25200,241.3
113297,115647,126783,2350,11136,1,25200,1.21102729885
113297,115654,124109,2357,8455,1,25200,1.2787699586
113297,115640,116141,2343,501,1,25200,5.67664670659
113298,115726,116458,2428,732,1,25200,4.31693989071
113298,115719,118500,2421,2781,1,25200,1.87055016181
113298,115743,116222,2445,479,1,25200,6.10438413361
113299,115790,115840,2491,50,1,25200,50.82
113299,115754,115757,2455,3,1,25200,245.8
113299,115748,115762,2449,14,1,25200,175.928571429
113300,115913,115914,2613,1,1,25200,261.4
113300,115853,116582,2553,729,1,25200,4.50205761317
113300,115888,115895,2588,7,1,25200,259.5
113300,115920,116589,2620,669,1,25200,4.91629297459
113301,115934,115938,2633,4,1,25200,263.7
113301,115927,116240,2626,313,1,25200,9.38977635783
113302,115950,117476,2648,1526,1,25200,2.73525557012
113302,115964,116063,2662,99,1,25200,27.8888888889
113302,115957,115960,2655,3,1,25200,265.8
113302,115972,116007,2670,35,1,25200,77.2857142857
113303,116008,125231,2705,9223,1,25200,1.29328851784
113303,116075,116077,2772,2,1,25200,277.4
113303,116020,121005,2717,4985,1,25200,1.54503510532
113304,116087,116089,2783,2,1,25200,278.5
113304,116101,116551,2797,450,1,25200,7.21555555556
113305,116113,116151,2808,38,1,25200,74.8947368421
113305,116125,119829,2820,3704,1,25200,1.76133909287
113305,116118,116119,2813,1,1,25200,281.4
113305,116106,116134,2801,28,1,25200,101.035714286
113306,116130,116178,2824,48,1,25200,59.8333333333
113306,116138,116398,2832,260,1,25200,11.8923076923
113307,116166,116169,2859,3,1,25200,286.2
113307,116159,116162,2852,3,1,25200,285.5
113307,116152,116471,2845,319,1,25200,9.91849529781
113308,116181,117206,2873,1025,1,25200,3.80292682927
113308,116193,116325,2885,132,1,25200,22.8560606061
113308,116188,116224,2880,36,1,25200,81.0
113309,116206,116209,2897,3,1,25200,290.0
113309,116200,116233,2891,33,1,25200,88.6060606061
113309,116222,116225,2913,3,1,25200,291.6
113310,116236,116796,2926,560,1,25200,6.225
113310,116241,116914,2931,673,1,25200,5.35512630015
113310,116246,116274,2936,28,1,25200,105.857142857
113311,116252,116447,2941,195,1,25200,16.0820512821
113311,116270,116272,2959,2,1,25200,296.1
113311,116259,117252,2948,993,1,25200,3.96878147029
113311,116265,116631,2954,366,1,25200,9.07103825137
113312,116294,116302,2982,8,1,25200,299.0
113312,116282,118588,2970,2306,1,25200,2.28794449263
113313,116337,116394,3024,57,1,25200,54.0526315789
113313,116314,116564,3001,250,1,25200,13.004
113313,116307,116899,2994,592,1,25200,6.05743243243
113313,116300,118175,2987,1875,1,25200,2.59306666667
113314,116412,117217,3098,805,1,25200,4.84844720497
113314,116366,120167,3052,3801,1,25200,1.802946593
113314,116459,116462,3145,3,1,25200,314.8
113315,116477,116599,3162,122,1,25200,26.9180327869
113315,116470,122213,3155,5743,1,25200,1.54936444367
113315,116484,116488,3169,4,1,25200,317.3
113316,116521,118172,3205,1651,1,25200,2.94124772865
113316,116501,116502,3185,1,1,25200,318.6
113316,116514,116517,3198,3,1,25200,320.1
113316,116529,116530,3213,1,1,25200,321.4
113317,116536,117199,3219,663,1,25200,5.85520361991
113317,116563,116565,3246,2,1,25200,324.8
113317,116543,116578,3226,35,1,25200,93.1714285714
113318,116591,118201,3273,1610,1,25200,3.03291925466
113318,116577,116580,3259,3,1,25200,326.2
113318,116584,116585,3266,1,1,25200,326.7
113319,116604,116760,3285,156,1,25200,22.0576923077
113319,116598,116599,3279,1,1,25200,328.0
113319,116609,116613,3290,4,1,25200,329.4
113320,116622,116625,3302,3,1,25200,330.5
113320,116616,116617,3296,1,1,25200,329.7
113320,116627,116781,3307,154,1,25200,22.474025974
113321,116639,116640,3318,1,1,25200,331.9
113321,116634,116638,3313,4,1,25200,331.7
113321,116663,117489,3342,826,1,25200,5.04600484262
113321,116651,116671,3330,20,1,25200,167.5
113322,116674,121323,3352,4649,1,25200,1.7210152721
113322,116669,116671,3347,2,1,25200,334.9
113322,116680,116685,3358,5,1,25200,336.3
113323,116692,116693,3369,1,1,25200,337.0
113323,116687,116714,3364,27,1,25200,125.592592593
113324,116718,116865,3394,147,1,25200,24.0884353741
113324,116705,116706,3381,1,1,25200,338.2
113324,116713,116716,3389,3,1,25200,339.2
113324,116725,117080,3401,355,1,25200,10.5802816901
113325,116772,116782,3447,10,1,25200,345.7
113325,116732,117350,3407,618,1,25200,6.51294498382
113325,116737,117087,3412,350,1,25200,10.7485714286
113326,116799,117644,3473,845,1,25200,5.1100591716
113326,116793,117218,3467,425,1,25200,9.15764705882
113326,116806,116810,3480,4,1,25200,348.4
113327,116828,116995,3501,167,1,25200,21.9640718563
113327,116821,116824,3494,3,1,25200,349.7
113327,116814,116828,3487,14,1,25200,250.071428571
113327,116836,116837,3509,1,1,25200,351.0
113328,116850,116856,3522,6,1,25200,352.8
113329,116875,116987,3546,112,1,25200,32.6607142857
113329,116882,116897,3553,15,1,25200,237.866666667
113329,116869,117077,3540,208,1,25200,18.0192307692
113330,116986,116987,3656,1,1,25200,365.7
113330,116973,116974,3643,1,1,25200,364.4
113331,116917,116929,3586,12,1,25200,299.833333333
113331,116910,117162,3579,252,1,25200,15.2023809524
113331,116926,117070,3595,144,1,25200,25.9652777778
113332,116941,116947,3609,6,1,25200,361.5
113332,117004,117121,3672,117,1,25200,32.3846153846
113332,117017,117018,3685,1,1,25200,368.6
113332,116999,117267,3667,268,1,25200,14.6828358209
113333,117037,118079,3704,1042,1,25200,4.5547024952
113333,117024,117030,3691,6,1,25200,369.7
113333,117029,117219,3696,190,1,25200,20.4526315789
113334,117044,117054,3710,10,1,25200,372.0
113334,117070,118072,3736,1002,1,25200,4.72854291417
113335,117083,117089,3748,6,1,25200,375.4
113335,117102,117105,3767,3,1,25200,377.0
113335,117090,117110,3755,20,1,25200,188.75
113335,117097,117102,3762,5,1,25200,376.7
113336,117116,117567,3780,451,1,25200,9.38137472284
113336,117110,117114,3774,4,1,25200,377.8
113336,117128,118805,3792,1677,1,25200,3.26118067979
113337,117148,117652,3811,504,1,25200,8.56150793651
113337,117172,117177,3835,5,1,25200,384.0
113338,117189,122636,3851,5447,1,25200,1.70699467597
113338,117179,117184,3841,5,1,25200,384.6
113338,117196,117197,3858,1,1,25200,385.9
113339,117216,117220,3877,4,1,25200,388.1
113339,117236,117239,3897,3,1,25200,390.0
113339,117223,117226,3884,3,1,25200,388.7
113339,117241,117242,3902,1,1,25200,390.3
113340,117259,117382,3919,123,1,25200,32.8617886179
113340,117247,117250,3907,3,1,25200,391.0
113340,117252,117256,3912,4,1,25200,391.6
113341,117265,117940,3924,675,1,25200,6.81333333333
113341,117270,117349,3929,79,1,25200,50.7341772152
113341,117276,117279,3935,3,1,25200,393.8
113342,117294,118074,3952,780,1,25200,6.06666666667
113342,117287,118122,3945,835,1,25200,5.7245508982
113342,117281,117315,3939,34,1,25200,116.852941176
113343,117305,118252,3962,947,1,25200,5.18373812038
113343,117300,118832,3957,1532,1,25200,3.58289817232
113343,117311,123745,3968,6434,1,25200,1.61672365558
113344,117429,117456,4085,27,1,25200,152.296296296
113344,117316,117540,3972,224,1,25200,18.7321428571
113344,117327,118169,3983,842,1,25200,5.73040380048
113345,117334,122591,3989,5257,1,25200,1.75879779342
113345,117361,117365,4016,4,1,25200,402.0
113345,117368,117416,4023,48,1,25200,84.8125
113346,117400,142602,4054,25202,1,25200,1.16086024919
113346,117378,117379,4032,1,1,25200,403.3
113346,117395,117427,4049,32,1,25200,127.53125
113346,117456,120597,4110,3141,1,25200,2.30850047755
113347,117468,117529,4121,61,1,25200,68.5573770492
113347,117440,117444,4093,4,1,25200,409.7
113347,117489,119083,4142,1594,1,25200,3.59849435383
113348,117579,117583,4231,4,1,25200,423.5
113348,117542,117549,4194,7,1,25200,420.1
113348,117502,118136,4154,634,1,25200,7.55205047319
113349,117565,117702,4216,137,1,25200,31.7737226277
113349,117558,117634,4209,76,1,25200,56.3815789474
113350,117737,117962,4387,225,1,25200,20.4977777778
113350,117610,123010,4260,5400,1,25200,1.78888888889
113350,117595,117598,4245,3,1,25200,424.8
113351,117672,118140,4321,468,1,25200,10.2329059829
113351,117646,118954,4295,1308,1,25200,4.28363914373
113351,117664,118592,4313,928,1,25200,5.64762931034
113351,117656,117659,4305,3,1,25200,430.8
113352,117714,117725,4362,11,1,25200,397.545454545
113352,117969,117970,4617,1,1,25200,461.8
113352,117952,117956,4600,4,1,25200,460.4
113353,118000,121521,4647,3521,1,25200,2.31979551264
113353,117983,117984,4630,1,1,25200,463.1
113353,117976,118818,4623,842,1,25200,6.49049881235
113354,117993,117997,4639,4,1,25200,464.3
113354,118023,118710,4669,687,1,25200,7.7962154294
113354,118009,118011,4655,2,1,25200,465.7
113355,118133,121714,4778,3581,1,25200,2.33426417202
113355,118093,118105,4738,12,1,25200,395.833333333
113355,118117,118121,4762,4,1,25200,476.6
113356,118148,118362,4792,214,1,25200,23.3925233645
113356,113484,120463,128,6979,2,10800,1.0183407365
113356,118155,118292,4799,137,1,25200,36.0291970803
113356,118140,118144,4784,4,1,25200,478.8
113356,118182,118188,4826,6,1,25200,483.2
113357,118189,118241,4832,52,1,25200,93.9230769231
113357,118175,118180,4818,5,1,25200,482.3
113358,118207,118486,4849,279,1,25200,18.3799283154
113358,118202,119010,4844,808,1,25200,6.99504950495
113358,118194,118197,4836,3,1,25200,483.9
113359,118264,118268,4905,4,1,25200,490.9
113359,118253,118438,4894,185,1,25200,27.4540540541
113359,118280,118281,4921,1,1,25200,492.2
113360,118311,118378,4951,67,1,25200,74.8955223881
113360,118293,118299,4933,6,1,25200,493.9
113360,118304,118307,4944,3,1,25200,494.7
113361,118319,118320,4958,1,1,25200,495.9
113361,118345,118354,4984,9,1,25200,499.3
113361,118366,118367,5005,1,1,25200,500.6
113362,118332,118333,4970,1,1,25200,497.1
113362,118375,118585,5013,210,1,25200,24.8714285714
113362,118390,124020,5028,5630,1,25200,1.89307282416
113362,118382,118399,5020,17,1,25200,296.294117647
113363,118411,118456,5048,45,1,25200,113.177777778
113363,118450,118454,5087,4,1,25200,509.1
113363,118443,118495,5080,52,1,25200,98.6923076923
113364,118466,119422,5102,956,1,25200,6.33682008368
113364,118530,118531,5166,1,1,25200,516.7
113364,118598,118601,5234,3,1,25200,523.7
113365,118498,118644,5133,146,1,25200,36.1575342466
113365,118473,118608,5108,135,1,25200,38.837037037
113366,118543,119599,5177,1056,1,25200,5.90246212121
113366,118613,118614,5247,1,1,25200,524.8
113366,118514,118518,5148,4,1,25200,515.2
113366,118507,118622,5141,115,1,25200,45.7043478261
113367,118621,118624,5254,3,1,25200,525.7
113367,118635,118638,5268,3,1,25200,527.1
113367,118628,118629,5261,1,1,25200,526.2
113368,118647,118648,5279,1,1,25200,528.0
113368,118655,119460,5287,805,1,25200,7.56770186335
113368,118642,118916,5274,274,1,25200,20.2481751825
113369,118722,118725,5353,3,1,25200,535.6
113369,118662,123390,5293,4728,1,25200,2.11950084602
113369,118683,118920,5314,237,1,25200,23.4219409283
113369,118668,118671,5299,3,1,25200,530.2
113370,118738,118739,5368,1,1,25200,536.9
113370,118751,118782,5381,31,1,25200,174.580645161
113371,118795,118799,5424,4,1,25200,542.8
113371,119316,119319,5945,3,1,25200,594.8
113371,119228,119303,5857,75,1,25200,79.0933333333
113372,118822,119339,5450,517,1,25200,11.5415860735
113372,118815,120914,5443,2099,1,25200,3.59313959028
113372,118830,144033,5458,25203,1,25200,1.21656152045
113372,118844,118847,5472,3,1,25200,547.5
113373,118859,118908,5486,49,1,25200,112.959183673
113373,118928,119037,5555,109,1,25200,51.9633027523
113373,118920,118921,5547,1,1,25200,554.8
113374,119022,119047,5648,25,1,25200,226.92
113374,118966,119063,5592,97,1,25200,58.6494845361
113374,119049,119052,5675,3,1,25200,567.8
113375,119066,120007,5691,941,1,25200,7.04782146652
113375,119075,119078,5700,3,1,25200,570.3
113375,119059,121217,5684,2158,1,25200,3.63392029657
113376,119176,119187,5800,11,1,25200,528.272727273
113376,119199,119203,5823,4,1,25200,582.7
113376,119091,122378,5715,3287,1,25200,2.73866747794
113377,119215,119216,5838,1,1,25200,583.9
113377,119331,119332,5954,1,1,25200,595.5
113377,119351,119861,5974,510,1,25200,12.7137254902
113378,119344,119345,5966,1,1,25200,596.7
113378,119358,119359,5980,1,1,25200,598.1
113378,119376,119377,5998,1,1,25200,599.9
113379,119472,119478,6093,6,1,25200,609.9
113379,119402,119475,6023,73,1,25200,83.5068493151
113379,119434,119438,6055,4,1,25200,605.9
113379,119389,119390,6010,1,1,25200,601.1
113380,119451,119452,6071,1,1,25200,607.2
113380,119479,119510,6099,31,1,25200,197.741935484
113380,119464,119465,6084,1,1,25200,608.5
113381,119487,119491,6106,4,1,25200,611.0
113381,119495,119543,6114,48,1,25200,128.375
113381,119646,120502,6265,856,1,25200,8.31892523364
113382,119759,119769,6377,10,1,25200,638.7
113382,119504,120393,6122,889,1,25200,7.88638920135
113382,119522,119526,6140,4,1,25200,614.4
113383,119556,119560,6173,4,1,25200,617.7
113383,119539,119949,6156,410,1,25200,16.0146341463
113383,119781,119960,6398,179,1,25200,36.7430167598
113384,119631,119634,6247,3,1,25200,625.0
113384,119573,119574,6189,1,1,25200,619.0
113384,119612,121511,6228,1899,1,25200,4.27962085308
113384,119586,119746,6202,160,1,25200,39.7625
113385,120033,120038,6648,5,1,25200,665.3
113385,120051,120052,6666,1,1,25200,666.7
113385,119841,120176,6456,335,1,25200,20.271641791
113386,119962,120198,6576,236,1,25200,28.8644067797
113386,120064,120065,6678,1,1,25200,667.9
113386,119874,121451,6488,1577,1,25200,5.11414077362
113387,120019,120169,6632,150,1,25200,45.2133333333
113387,119972,120228,6585,256,1,25200,26.72265625
113387,120072,120161,6685,89,1,25200,76.1123595506
113388,120079,120080,6691,1,1,25200,669.2
113388,120118,120130,6730,12,1,25200,561.833333333
113388,120092,120145,6704,53,1,25200,127.490566038
113389,120142,120159,6753,17,1,25200,398.235294118
113389,120239,120261,6850,22,1,25200,312.363636364
113389,120197,120201,6808,4,1,25200,681.2
113390,120244,120393,6854,149,1,25200,47.0
113390,120256,124579,6866,4323,1,25200,2.58824890123
113390,120251,120253,6861,2,1,25200,686.3
113391,120167,120183,6776,16,1,25200,424.5
113391,120185,120186,6794,1,1,25200,679.5
113391,120157,120264,6766,107,1,25200,64.2336448598
113392,120266,120291,6874,25,1,25200,275.96
113392,120212,121579,6820,1367,1,25200,5.98902706657
113392,120225,120228,6833,3,1,25200,683.6
113393,120361,120365,6968,4,1,25200,697.2
113393,120273,120348,6880,75,1,25200,92.7333333333
113393,120280,121009,6887,729,1,25200,10.4471879287
113393,120308,120533,6915,225,1,25200,31.7333333333
113394,120405,121913,7011,1508,1,25200,5.64920424403
113394,120377,120614,6983,237,1,25200,30.4641350211
113394,120410,120414,7016,4,1,25200,702.0
113395,120515,120518,7120,3,1,25200,712.3
113395,120439,122060,7044,1621,1,25200,5.34546576188
113395,120426,120427,7031,1,1,25200,703.2
113396,120626,120629,7230,3,1,25200,723.3
113396,120641,120642,7245,1,1,25200,724.6
113396,120546,120824,7150,278,1,25200,26.7194244604
113397,120708,120806,7311,98,1,25200,75.6020408163
113397,120654,120676,7257,22,1,25200,330.863636364
113397,120688,120696,7291,8,1,25200,729.9
113398,120792,121461,7394,669,1,25200,12.0523168909
113398,120841,120867,7443,26,1,25200,287.269230769
113398,120819,120824,7421,5,1,25200,742.6
113399,120848,120955,7449,107,1,25200,70.6168224299
113399,120881,120883,7482,2,1,25200,748.4
113399,120918,122767,7519,1849,1,25200,5.06652244456
113400,120992,121112,7592,120,1,25200,64.2666666667
113400,121024,121377,7624,353,1,25200,22.597733711
113400,120967,121005,7567,38,1,25200,200.131578947
113400,120926,120980,7526,54,1,25200,140.37037037
113401,121052,121124,7651,72,1,25200,107.263888889
113401,121114,121525,7713,411,1,25200,19.7664233577
113401,121057,121058,7656,1,1,25200,765.7
113402,121309,121311,7907,2,1,25200,790.9
113402,121070,121609,7668,539,1,25200,15.2263450835
113403,121124,121258,7721,134,1,25200,58.6194029851
113403,121099,121102,7696,3,1,25200,769.9
113404,121321,121325,7917,4,1,25200,792.1
113404,121381,122191,7977,810,1,25200,10.8481481481
113404,121389,122618,7985,1229,1,25200,7.49715215622
113405,121194,121203,7789,9,1,25200,779.8
113405,121151,121181,7746,30,1,25200,259.2
113405,121136,121139,7731,3,1,25200,773.4
113406,121215,121216,7809,1,1,25200,781.0
113407,121270,121309,7863,39,1,25200,202.615384615
113407,121242,121422,7835,180,1,25200,44.5277777778
113407,121235,121297,7828,62,1,25200,127.258064516
113408,121424,121431,8016,7,1,25200,802.3
113408,121412,123105,8004,1693,1,25200,5.7277023036
113409,121328,121329,7919,1,1,25200,792.0
113409,121351,121402,7942,51,1,25200,156.725490196
113409,121335,121339,7926,4,1,25200,793.0
113410,121376,121400,7966,24,1,25200,332.916666667
113410,121438,122821,8028,1383,1,25200,6.80477223427
113411,121465,122167,8054,702,1,25200,12.4729344729
113411,121458,121497,8047,39,1,25200,207.333333333
113412,121488,121490,8076,2,1,25200,807.8
113412,121473,121476,8061,3,1,25200,806.4
113412,121502,121943,8090,441,1,25200,19.3446712018
113413,121523,121524,8110,1,1,25200,811.1
113413,121510,121513,8097,3,1,25200,810.0
113413,121541,122162,8128,621,1,25200,14.0885668277
113415,121598,121600,8183,2,1,25200,818.5
113415,121591,126293,8176,4702,1,25200,2.73883453849
113415,121579,121584,8164,5,1,25200,816.9
113416,121621,121623,8205,2,1,25200,820.7
113416,121628,133262,8212,11634,1,25200,1.70586212824
113417,121641,121695,8224,54,1,25200,153.296296296
113417,121707,121709,8290,2,1,25200,829.2
113418,121893,122011,8475,118,1,25200,72.8220338983
113418,121721,121722,8303,1,1,25200,830.4
113418,121874,121876,8456,2,1,25200,845.8
113419,121754,121778,8335,24,1,25200,348.291666667
113419,121733,121899,8314,166,1,25200,51.0843373494
113419,121740,121741,8321,1,1,25200,832.2
113420,121790,121792,8370,2,1,25200,837.2
113420,121805,121806,8385,1,1,25200,838.6
113421,121831,121977,8410,146,1,25200,58.602739726
113421,121818,121819,8397,1,1,25200,839.8
113421,121914,121919,8493,5,1,25200,849.8
113422,121925,122580,8503,655,1,25200,13.9816793893
113422,121932,121939,8510,7,1,25200,851.7
113423,121959,121961,8536,2,1,25200,853.8
113423,121952,121953,8529,1,1,25200,853.0
113424,121980,121981,8556,1,1,25200,855.7
113424,121973,122658,8549,685,1,25200,13.4802919708
113424,121989,122096,8565,107,1,25200,81.046728972
113425,121996,121997,8571,1,1,25200,857.2
113425,122009,122016,8584,7,1,25200,859.1
113426,122023,122025,8597,2,1,25200,859.9
113426,122030,123249,8604,1219,1,25200,8.05824446267
113427,122073,122075,8646,2,1,25200,864.8
113427,122087,122110,8660,23,1,25200,377.52173913
113427,122042,122148,8615,106,1,25200,82.2735849057
113428,122174,122468,8746,294,1,25200,30.7482993197
113428,122160,122169,8732,9,1,25200,874.1
113428,122108,122110,8680,2,1,25200,868.2
113429,122207,122283,8778,76,1,25200,116.5
113429,122213,122232,8784,19,1,25200,463.315789474
113429,122188,122189,8759,1,1,25200,876.0
113430,122220,122221,8790,1,1,25200,879.1
113430,122225,122236,8795,11,1,25200,800.545454545
113431,122232,123648,8801,1416,1,25200,7.21539548023
113431,122238,122239,8807,1,1,25200,880.8
113432,122253,122259,8821,6,1,25200,882.7
113432,113490,120292,58,6802,2,10800,1.00852690385
113432,122246,122305,8814,59,1,25200,150.389830508
113432,122259,122262,8827,3,1,25200,883.0
113433,122271,122649,8838,378,1,25200,24.380952381
113433,122278,122279,8845,1,1,25200,884.6
113434,122318,122507,8884,189,1,25200,48.0052910053
113434,122298,122341,8864,43,1,25200,207.139534884
113434,122291,122313,8857,22,1,25200,403.590909091
113435,122325,122405,8890,80,1,25200,112.125
113435,122390,122393,8955,3,1,25200,895.8
113435,122353,122526,8918,173,1,25200,52.549132948
113436,122473,122475,9037,2,1,25200,903.9
113437,122478,122479,9041,1,1,25200,904.2
113437,122650,122973,9213,323,1,25200,29.5232198142
113438,122486,125540,9048,3054,1,25200,3.9626719057
113438,122504,123108,9066,604,1,25200,16.0099337748
113438,122498,122499,9060,1,1,25200,906.1
113439,122510,122531,9071,21,1,25200,432.952380952
113439,122516,122837,9077,321,1,25200,29.277258567
113439,122523,122546,9084,23,1,25200,395.956521739
113440,122548,122556,9108,8,1,25200,911.6
113440,122540,122543,9100,3,1,25200,910.3
113441,122563,122566,9122,3,1,25200,912.5
113441,122570,122571,9129,1,1,25200,913.0
113442,122592,122993,9150,401,1,25200,23.8179551122
113442,122576,122693,9134,117,1,25200,79.0683760684
113443,122603,122633,9160,30,1,25200,306.333333333
113443,122630,122632,9187,2,1,25200,918.9
113444,122681,122823,9237,142,1,25200,66.0492957746
113444,122657,122659,9213,2,1,25200,921.5
113445,122669,122672,9224,3,1,25200,922.7
113445,122676,122682,9231,6,1,25200,923.7
113446,122718,122745,9272,27,1,25200,344.407407407
113446,122687,122697,9241,10,1,25200,925.1
113446,122693,122694,9247,1,1,25200,924.8
113447,122711,122713,9264,2,1,25200,926.6
113447,122699,122770,9252,71,1,25200,131.309859155
113448,122730,122731,9282,1,1,25200,928.3
113448,122723,122724,9275,1,1,25200,927.6
113449,122737,122741,9288,4,1,25200,929.2
113449,122742,128734,9293,5992,1,25200,2.5509012016
113450,122749,125371,9299,2622,1,25200,4.5465293669
113450,122756,122791,9306,35,1,25200,266.885714286
113450,122763,122796,9313,33,1,25200,283.212121212
113451,122792,122795,9341,3,1,25200,934.4
113451,122810,122812,9359,2,1,25200,936.1
113451,122780,122816,9329,36,1,25200,260.138888889
113452,122832,122835,9380,3,1,25200,938.3
113452,122825,124386,9373,1561,1,25200,7.00448430493
113452,122815,122816,9363,1,1,25200,936.4
113453,122838,122840,9385,2,1,25200,938.7
113453,122845,122847,9392,2,1,25200,939.4
113454,122850,122852,9396,2,1,25200,939.8
113454,122858,122893,9404,35,1,25200,269.685714286
113455,122863,122864,9408,1,1,25200,940.9
113455,122869,122873,9414,4,1,25200,941.8
113455,122881,122882,9426,1,1,25200,942.7
113456,122886,123084,9430,198,1,25200,48.6262626263
113456,122893,122894,9437,1,1,25200,943.8
113457,122899,124890,9442,1991,1,25200,5.7423405324
113457,122905,122906,9448,1,1,25200,944.9
113457,122911,123601,9454,690,1,25200,14.7014492754
113458,122974,123695,9516,721,1,25200,14.1983356449
113458,122985,123456,9527,471,1,25200,21.2271762208
113458,122918,123069,9460,151,1,25200,63.6490066225
113459,123006,123013,9547,7,1,25200,955.4
113459,123027,126165,9568,3138,1,25200,4.04907584449
113460,123032,123036,9572,4,1,25200,957.6
113460,123081,127528,9621,4447,1,25200,3.16348099843
113461,123097,123129,9636,32,1,25200,302.125
113461,123125,123183,9664,58,1,25200,167.620689655
113461,123118,127346,9657,4228,1,25200,3.28405865658
113462,123142,123144,9680,2,1,25200,968.2
113462,123196,123375,9734,179,1,25200,55.3798882682
113462,123156,123731,9694,575,1,25200,17.8591304348
113463,123239,123240,9776,1,1,25200,977.7
113463,123217,123222,9754,5,1,25200,975.9
113463,123204,124130,9741,926,1,25200,11.5194384449
113464,123252,123282,9788,30,1,25200,327.266666667
113464,123296,138187,9832,14891,1,25200,1.66026458935
113464,123426,123677,9962,251,1,25200,40.6892430279
113465,123276,123277,9811,1,1,25200,981.2
113465,123262,123264,9797,2,1,25200,979.9
113466,123402,123414,9936,12,1,25200,829.0
113466,123289,123980,9823,691,1,25200,15.2156295224
113466,123387,124274,9921,887,1,25200,12.1848928974
113467,123613,123617,10146,4,1,25200,1015.0
113467,123483,125978,10016,2495,1,25200,5.01442885772
113467,123468,123470,10001,2,1,25200,1000.3
113468,123633,123636,10165,3,1,25200,1016.8
113468,123648,125934,10180,2286,1,25200,5.45319335083
113469,123689,123691,10220,2,1,25200,1022.2
113469,123661,124333,10192,672,1,25200,16.1666666667
113469,123714,123789,10245,75,1,25200,137.6
113470,123743,123747,10273,4,1,25200,1027.7
113470,123726,125943,10256,2217,1,25200,5.62607126748
113470,123757,123837,10287,80,1,25200,129.5875
113471,123764,124136,10293,372,1,25200,28.6693548387
113471,123802,124841,10331,1039,1,25200,10.9432146295
113472,123851,125876,10379,2025,1,25200,6.12543209877
113472,123992,123994,10520,2,1,25200,1052.2
113472,124121,124140,10649,19,1,25200,561.473684211
113473,124019,128396,10546,4377,1,25200,3.40941283984
113473,124033,124178,10560,145,1,25200,73.8275862069
113474,124149,124158,10675,9,1,25200,1068.4
113474,124142,124144,10668,2,1,25200,1067.0
113474,124175,124301,10701,126,1,25200,85.9285714286
113475,124190,124195,10715,5,1,25200,1072.0
113475,124220,125101,10745,881,1,25200,13.1963677639
113476,124242,124243,10766,1,1,25200,1076.7
113476,124257,124269,10781,12,1,25200,899.416666667
113476,124248,124498,10772,250,1,25200,44.088
113477,124288,124290,10811,2,1,25200,1081.3
113477,124281,124749,10804,468,1,25200,24.0854700855
113478,124346,124622,10868,276,1,25200,40.3768115942
113478,124315,124374,10837,59,1,25200,184.677966102
113478,124308,125022,10830,714,1,25200,16.1680672269
113479,124526,124641,11047,115,1,25200,97.0608695652
113479,124386,125273,10907,887,1,25200,13.2965050733
113480,124511,124513,11031,2,1,25200,1103.3
113480,124400,124561,10920,161,1,25200,68.8260869565
113480,124574,128025,11094,3451,1,25200,4.21472037091
113481,124634,124746,11153,112,1,25200,100.580357143
113481,124654,124656,11173,2,1,25200,1117.5
113481,124592,129062,11111,4470,1,25200,3.48568232662
113482,124679,124712,11197,33,1,25200,340.303030303
113482,124759,124761,11277,2,1,25200,1127.9
113482,124725,124768,11243,43,1,25200,262.465116279
113483,124796,126229,11313,1433,1,25200,8.89462665736
113483,124903,124909,11420,6,1,25200,1142.6
113483,124780,124842,11297,62,1,25200,183.209677419
113484,124921,125539,11437,618,1,25200,19.5064724919
113484,125034,125036,11550,2,1,25200,1155.2
113484,125048,125049,11564,1,1,25200,1156.5
113485,125061,132635,11576,7574,1,25200,2.52838658569
113485,125118,125314,11633,196,1,25200,60.3520408163
113486,125263,125551,11777,288,1,25200,41.8923611111
113486,125286,125289,11800,3,1,25200,1180.3
113486,125243,125245,11757,2,1,25200,1175.9
113487,125315,125318,11828,3,1,25200,1183.1
113487,125326,125328,11839,2,1,25200,1184.1
113488,125333,125364,11845,31,1,25200,383.096774194
113488,125376,126552,11888,1176,1,25200,11.1088435374
113488,125341,125498,11853,157,1,25200,76.4968152866
113489,125384,125389,11895,5,1,25200,1190.0
113489,125402,125403,11913,1,1,25200,1191.4
113489,125416,126033,11927,617,1,25200,20.3306320908
113490,125563,125565,12073,2,1,25200,1207.5
113490,125511,125632,12021,121,1,25200,100.347107438
113491,125577,126344,12086,767,1,25200,16.7574967405
113491,125643,125649,12152,6,1,25200,1215.8
113492,125894,125898,12402,4,1,25200,1240.6
113492,125675,126085,12183,410,1,25200,30.7146341463
113492,125983,126600,12491,617,1,25200,21.244732577
113493,126001,126026,12508,25,1,25200,501.32
113493,125995,127783,12502,1788,1,25200,7.99217002237
113493,125989,126109,12496,120,1,25200,105.133333333
113494,125911,126165,12417,254,1,25200,49.8858267717
113494,125946,125962,12452,16,1,25200,779.25
113494,125965,125976,12471,11,1,25200,1134.72727273
113495,125970,127520,12475,1550,1,25200,9.04838709677
113495,126008,126142,12513,134,1,25200,94.3805970149
113495,125976,125995,12481,19,1,25200,657.894736842
113496,126038,126664,12542,626,1,25200,21.03514377
113496,126045,126095,12549,50,1,25200,251.98
113497,126121,126269,12624,148,1,25200,86.2972972973
113497,126097,126218,12600,121,1,25200,105.132231405
113497,126108,126351,12611,243,1,25200,52.8971193416
113498,126183,126187,12685,4,1,25200,1268.9
113498,126154,128011,12656,1857,1,25200,7.81529348411
113498,126177,126181,12679,4,1,25200,1268.3
113499,126201,126202,12702,1,1,25200,1270.3
113499,126194,127681,12695,1487,1,25200,9.53732347007
113499,126206,127987,12707,1781,1,25200,8.13475575519
113500,126226,126315,12726,89,1,25200,143.988764045
113500,126219,126221,12719,2,1,25200,1272.1
113500,126212,126213,12712,1,1,25200,1271.3
113501,126233,126923,12732,690,1,25200,19.452173913
113819,113880,120961,61,7081,2,10800,1.00861460246
113952,113961,120727,9,6766,2,10800,1.00133018031
114124,114139,120932,15,6793,2,10800,1.00220815545
114642,114689,120769,47,6080,2,10800,1.00773026316
114679,114700,121518,21,6818,2,10800,1.00308008214
115060,115080,121401,20,6321,2,10800,1.00316405632
115194,115220,122485,26,7265,2,10800,1.00357880248
115196,115225,123002,29,7777,2,10800,1.00372894432
115217,115249,121264,32,6015,2,10800,1.00532003325
115269,115290,121415,21,6125,2,10800,1.00342857143
115493,115503,122406,10,6903,2,10800,1.00144864552
115692,115699,121645,7,5946,2,10800,1.00117726202
115747,115774,123219,27,7445,2,10800,1.00362659503
115884,115895,122791,11,6896,2,10800,1.00159512761
116140,116147,122775,7,6628,2,10800,1.00105612553
116277,116289,122958,12,6669,2,10800,1.00179937022
116397,116405,124162,8,7757,2,10800,1.00103132654
116443,116451,122571,8,6120,2,10800,1.00130718954
116651,116658,123678,7,7020,2,10800,1.000997151
117109,117123,124226,14,7103,2,10800,1.00197099817
117132,117141,189176,9,72035,2,72000,1.00012493927
117203,117209,124223,6,7014,2,10800,1.00085543199
117378,117388,123905,10,6517,2,10800,1.00153444837
117541,117551,124379,10,6828,2,10800,1.0014645577
117812,117821,124289,9,6468,2,10800,1.00139146568
117828,117834,125070,6,7236,2,10800,1.0008291874
117904,118086,161316,182,43230,2,43200,1.00421003932
118164,192053,192058,73889,5,16,259200,7389.4
118205,118215,180153,10,61938,2,72000,1.00016145177
118250,192070,192072,73820,2,16,259200,7382.2
118569,118605,125460,36,6855,2,10800,1.00525164114
118696,118705,125095,9,6390,2,10800,1.0014084507
118792,118935,162150,143,43215,2,43200,1.00330903621
118799,118808,125246,9,6438,2,10800,1.00139794967
119255,119262,119266,7,4,3,300,1.1
119279,119286,119290,7,4,4,300,1.1
119365,119371,119386,6,15,4,300,1.4
119398,119409,119417,11,8,3,300,1.9
119430,120179,120204,749,25,7,300,30.96
119467,120205,120216,738,11,2,18000,68.0909090909
119483,120219,120226,736,7,2,18000,74.3
119540,119547,119567,7,20,5,300,1.35
119635,125959,126262,6324,303,4,72000,21.8712871287
119881,120232,192041,351,71809,2,72000,1.00488796669
119967,120192,127613,225,7421,2,10800,1.03031936397
120465,120473,127324,8,6851,2,10800,1.00116771274
120518,120530,126905,12,6375,2,10800,1.00188235294
120719,120725,120749,6,24,6,180,1.25
120772,120779,127759,7,6980,2,10800,1.00100286533
120774,120786,120792,12,6,6,180,1.8
120794,121017,121023,223,6,2,14400,22.9
120803,121036,121039,233,3,2,14400,23.6
120829,120835,120842,6,7,7,180,1.3
120829,120949,127986,120,7037,2,10800,1.01705272133
120860,120866,120878,6,12,8,180,1.5
120872,120895,120905,23,10,9,180,3.3
120921,126274,145109,5353,18835,5,21600,1.28420493762
120962,120974,127772,12,6798,2,10800,1.00176522507
121166,121342,121348,176,6,2,14400,18.2
121176,121360,121363,184,3,2,14400,18.7
121266,121277,127918,11,6641,2,10800,1.00165637705
121402,121419,128111,17,6692,2,10800,1.00254034668
121417,121431,127808,14,6377,2,10800,1.00219538968
121432,121530,128720,98,7190,2,10800,1.01363004172
121501,124668,131131,3167,6463,16,7200,1.4900201145
121539,121548,193594,9,72046,2,72000,1.00012492019
121556,122181,122188,625,7,2,14400,63.2
121557,124674,131146,3117,6472,16,7200,1.4816131026
121564,122200,122203,636,3,2,14400,63.9
121590,125954,132368,4364,6414,16,7200,1.68038665419
121624,121635,121640,11,5,2,180,1.6
121641,131143,133849,9502,2706,16,7200,4.51145602365
121647,121658,128863,11,7205,2,10800,1.00152671756
121667,121674,121689,7,15,3,180,1.46666666667
121701,122122,128856,421,6734,2,10800,1.06251856252
121707,131158,133134,9451,1976,16,7200,5.78289473684
121752,132381,134160,10629,1779,16,7200,6.97470489039
121808,133146,139615,11338,6469,16,7200,2.75266656361
121855,121863,121878,8,15,3,180,1.53333333333
121892,121900,121922,8,22,6,180,1.36363636364
122024,122037,122049,13,12,4,180,2.08333333333
122124,122421,122455,297,34,11,180,9.73529411765
122455,122468,128928,13,6460,2,10800,1.0020123839
122572,122583,129385,11,6802,2,10800,1.00161717142
122778,122787,129192,9,6405,2,10800,1.00140515222
122793,122803,129578,10,6775,2,10800,1.00147601476
122860,122876,129853,16,6977,2,10800,1.00229324925
122978,123020,130644,42,7624,2,10800,1.0055089192
123050,123061,123192,11,131,1,72000,1.08396946565
123133,123234,129869,101,6635,2,10800,1.01522230595
123533,123539,123559,6,20,3,180,1.3
123619,123626,123638,7,12,2,180,1.58333333333
123676,123696,130000,20,6304,2,10800,1.00317258883
123907,123917,130856,10,6939,2,10800,1.00144112985
123946,124182,130327,236,6145,2,10800,1.03840520749
124149,124156,125285,7,1129,2,36000,1.00620017715
124226,124235,131353,9,7118,2,10800,1.00126440011
124241,124301,130812,60,6511,2,10800,1.00921517432
124289,124393,131028,104,6635,2,10800,1.01567445365
124380,124854,131862,474,7008,2,10800,1.0676369863
124428,125113,131765,685,6652,2,10800,1.10297654841
124432,144435,144453,20003,18,24,7199,1112.27777778
124680,124773,124785,93,12,2,180,8.75
125096,125257,132430,161,7173,2,10800,1.02244528091
125247,125472,131926,225,6454,2,10800,1.03486210102
125461,125713,131747,252,6034,2,10800,1.04176334107
125479,125552,125701,73,149,2,36000,1.48993288591
125989,126242,126256,253,14,2,180,19.0714285714
126294,192084,264101,65790,72017,16,72000,1.9135343044
126516,126522,126541,6,19,3,180,1.31578947368
126566,144155,144160,17589,5,16,36000,1759.4
126601,126612,133347,11,6735,8,72000,1.00163325909
126727,126796,134845,69,8049,2,10800,1.00857249348
126927,126935,126949,8,14,3,180,1.57142857143
126989,127796,127811,807,15,5,180,54.8
127095,127101,133603,6,6502,2,10800,1.00092279299
127184,127191,127193,7,2,2,600,1.0
127397,127404,199446,7,72042,4,72000,1.00009716554
127403,127541,127724,138,183,2,36000,1.75409836066
127577,127585,134479,8,6894,2,10800,1.00116042936
127665,127671,134668,6,6997,2,10800,1.00085751036
127776,127782,134469,6,6687,2,10800,1.00089726335
127809,127820,134749,11,6929,2,10800,1.00158753067
127845,127851,127948,6,97,2,36000,1.0618556701
127921,127928,134467,7,6539,2,10800,1.00107050008
127987,127994,134878,7,6884,2,10800,1.00101685067
128028,128034,128043,6,9,5,180,1.5
128096,128103,128205,7,102,2,36000,1.06862745098
128108,128115,135090,7,6975,2,10800,1.00100358423
128150,128156,134998,6,6842,2,10800,1.00087693657
128183,128190,128192,7,2,2,600,1.0
128217,128224,128404,7,180,2,36000,1.03888888889
128245,128838,128853,593,15,7,180,40.5333333333
128285,129075,129078,790,3,8,7200,79.3
128437,128444,128825,7,381,2,36000,1.01837270341
128858,128865,135729,7,6864,2,10800,1.00101981352
128873,128879,135943,6,7064,2,10800,1.00084937712
128919,128925,128926,6,1,2,600,1.0
128930,128937,136247,7,7310,2,10800,1.00095759234
129075,129090,129689,15,599,2,36000,1.02504173623
129192,129199,135918,7,6719,2,10800,1.0010418217
129246,129253,129411,7,158,1,179940,1.04430379747
129388,129395,135667,7,6272,2,10800,1.00111607143
129542,129549,136368,7,6819,2,10800,1.00102654348
129605,129611,216215,6,86604,2,172800,1.00006928086
129614,129621,136417,7,6796,2,10800,1.00103001766
129874,129880,137180,6,7300,2,10800,1.00082191781
129898,129905,136644,7,6739,2,10800,1.00103872978
129904,129912,178033,8,48121,2,172800,1.00016624758
129944,129951,302797,7,172846,2,172800,1.00004049848
130223,130229,137132,6,6903,2,10800,1.00086918731
130374,130381,139464,7,9083,2,43200,1.00077067048
130524,130532,137005,8,6473,2,10800,1.00123590298
130761,130767,134490,6,3723,2,14400,1.00161160355
130814,130820,137686,6,6866,2,10800,1.00087387125
130859,130866,136910,7,6044,2,10800,1.0011581734
130925,130932,137761,7,6829,2,10800,1.00102504027
131050,133359,136572,2309,3213,10,57600,1.71864301276
131356,131363,138120,7,6757,2,10800,1.00103596271
131688,131694,138694,6,7000,2,10800,1.00085714286
131766,131772,138233,6,6461,2,10800,1.00092864882
131863,131870,137878,7,6008,2,10800,1.00116511318
131969,131976,138364,7,6388,2,10800,1.00109580463
132165,139633,139638,7468,5,8,36000,747.3
132213,139651,139653,7438,2,8,7200,744.0
132371,136634,140462,4263,3828,1,345600,2.11363636364
132433,132440,138676,7,6236,2,10800,1.00112251443
132478,132484,139286,6,6802,2,10800,1.0008820935
132800,133862,134201,1062,339,16,7200,4.13274336283
132846,134172,134738,1326,566,16,7200,3.34275618375
133176,134215,140683,1039,6468,16,7200,1.16063698207
133304,134504,134510,1200,6,4,180,120.6
133734,133740,140122,6,6382,2,10800,1.00094014416
133865,134749,135310,884,561,16,7200,2.57575757576
134179,135321,136534,1142,1213,16,7200,1.94146743611
134430,136545,142659,2115,6114,16,7200,1.34592737978
134484,134490,140861,6,6371,2,10800,1.00094176738
134486,134497,141163,11,6666,2,10800,1.00165016502
134669,134680,141405,11,6725,2,10800,1.00163568773
134751,134761,141481,10,6720,2,10800,1.00148809524
134848,134857,141782,9,6925,2,10800,1.00129963899
134881,135014,141700,133,6686,2,10800,1.01989231229
134896,135103,142174,207,7071,2,10800,1.02927450148
134930,139628,139864,4698,236,16,7200,20.906779661
135092,135682,142418,590,6736,2,10800,1.08758907363
135189,187880,188311,52691,431,128,1200,123.252900232
135250,458032,458085,322782,53,256,300,6091.22641509
135384,135931,143051,547,7120,2,10800,1.0768258427
135450,139875,143627,4425,3752,16,7200,2.17937100213
135650,136791,136817,1141,26,6,180,44.8846153846
135651,136712,136741,1061,29,8,180,37.5862068966
135651,136753,136779,1102,26,7,180,43.3846153846
135651,136671,136700,1020,29,9,180,36.1724137931
135652,136629,136659,977,30,10,180,33.5666666667
135652,136584,136617,932,33,11,180,29.2424242424
135731,136259,143019,528,6760,2,10800,1.07810650888
135761,136608,137165,847,557,4,36000,2.52064631957
135761,136589,136596,828,7,4,36000,83.5
135762,139670,141142,3908,1472,4,36000,3.65489130435
135762,140209,142199,4447,1990,4,36000,3.23467336683
135762,139638,140197,3876,559,4,36000,7.93381037567
135762,139665,141771,3903,2106,4,36000,2.85327635328
135762,137177,139003,1415,1826,4,36000,1.77491785323
135763,142611,143342,6848,731,4,36000,10.3679890561
135763,141783,142598,6020,815,4,36000,8.38650306748
135763,141155,144114,5392,2959,4,36000,2.82223724231
135763,144130,144131,8367,1,4,36000,836.8
135921,136380,142572,459,6192,2,10800,1.07412790698
135945,136435,142778,490,6343,2,10800,1.07725051238
136181,140695,144115,4514,3420,16,3600,2.31988304094
136249,136676,143344,427,6668,2,10800,1.06403719256
136370,136717,142821,347,6104,2,10800,1.05684796855
136372,136927,143640,555,6713,2,10800,1.08267540593
136422,137018,143859,596,6841,2,10800,1.08712176582
136757,137144,143997,387,6853,2,10800,1.05647161827
137007,137703,144741,696,7038,2,10800,1.09889173061
137134,137777,144712,643,6935,2,10800,1.09271809661
137182,137890,145036,708,7146,2,10800,1.09907640638
137281,139021,277075,1740,138054,4,259200,1.01260376374
137323,142671,148547,5348,5876,16,7200,1.91014295439
137351,138138,144423,787,6285,2,10800,1.12521877486
137351,141419,317507,4068,176088,4,259200,1.02310208532
137569,137575,138165,6,590,1,540,1.01016949153
137598,137604,137606,6,2,2,600,1.0
137749,138245,145311,496,7066,2,10800,1.07019530144
137879,138376,146191,497,7815,2,10800,1.06359564939
138040,138302,138331,262,29,5,180,10.0344827586
138040,138046,138077,6,31,6,180,1.1935483871
138041,138131,138161,90,30,8,180,4.0
138041,138173,138202,132,29,7,180,5.55172413793
138041,138089,138119,48,30,9,180,2.6
138042,138215,138247,173,32,11,180,6.40625
138042,138259,138290,217,31,10,180,8.0
138123,138693,145841,570,7148,2,10800,1.07974258534
138234,138706,145205,472,6499,2,10800,1.07262655793
138277,138285,140054,8,1769,1,1740,1.004522329
138367,139298,145728,931,6430,2,10800,1.14479004666
138369,140474,147250,2105,6776,2,10800,1.31065525384
138462,144142,144147,5680,5,2,43200,568.5
138641,200149,217682,61508,17533,10,57600,4.50812753094
138697,140878,147880,2181,7002,2,10800,1.31148243359
138888,138894,138896,6,2,2,600,1.0
139288,141184,147657,1896,6473,2,10800,1.29290900664
139459,144147,144150,4688,3,2,43200,469.1
139906,212774,239276,72868,26502,10,57600,3.74952833748
140102,148171,251737,8069,103566,4,259200,1.07791166985
140108,153717,281978,13609,128261,4,259200,1.10610395989
140123,141493,148135,1370,6642,2,10800,1.20626317374
140503,145858,163838,5355,17980,1,345600,1.29783092325
140584,141716,148713,1132,6997,2,10800,1.16178362155
140888,141794,147970,906,6176,2,10800,1.14669689119
141170,141179,141388,9,209,1,1200,1.04306220096
141207,142187,149587,980,7400,2,10800,1.13243243243
141484,142211,148615,727,6404,2,10800,1.11352279825
141554,142216,149364,662,7148,2,10800,1.09261331841
141760,142618,142728,858,110,1,1200,8.8
141783,142435,149491,652,7056,2,10800,1.09240362812
142178,142588,148802,410,6214,2,10800,1.06598004506
142251,142794,149896,543,7102,2,10800,1.07645733596
142252,142833,149517,581,6684,2,10800,1.08692399761
142596,143036,149936,440,6900,2,10800,1.06376811594
142625,143639,147257,1014,3618,16,3600,1.28026533997
142822,143063,149470,241,6407,2,10800,1.03761510848
142956,143360,150124,404,6764,2,10800,1.05972797161
143053,143365,150210,312,6845,2,10800,1.04558071585
143125,143371,149967,246,6596,2,10800,1.0372953305
143411,143419,143421,8,2,1,120,1.0
143529,143536,143537,7,1,1,120,1.0
143641,143652,149926,11,6274,2,10800,1.00175326745
143861,143871,150338,10,6467,2,10800,1.00154631205
144000,144009,150642,9,6633,2,10800,1.0013568521
144002,212779,385597,68777,172818,4,172800,1.39797359071
144102,212785,385609,68683,172824,4,172800,1.39741586817
144392,144399,144401,7,2,2,10800,1.0
145038,145044,151304,6,6260,2,10800,1.00095846645
145207,145214,151650,7,6436,2,10800,1.00108763207
145309,145317,151874,8,6557,2,10800,1.00122007015
145732,145739,152034,7,6295,2,10800,1.00111199365
145843,145851,152019,8,6168,2,10800,1.00129701686
145910,145921,148636,11,2715,16,18000,1.00405156538
146195,146202,153529,7,7327,2,10800,1.00095537055
146642,146650,146651,8,1,1,15,1.0
146741,146747,153699,6,6952,15,28799,1.00086306099
147093,147100,154090,7,6990,2,10800,1.00100143062
147604,147611,153786,7,6175,2,10800,1.00113360324
147786,147792,154195,6,6403,2,10800,1.00093706075
147816,147823,183873,7,36050,4,36000,1.00019417476
147848,147855,183880,7,36025,4,36000,1.00019430951
147938,147945,154535,7,6590,2,10800,1.00106221548
148072,148079,154559,7,6480,2,10800,1.00108024691
148164,188365,224464,40201,36099,20,86399,2.11363195656
148428,148701,149129,273,428,4,10800,1.63785046729
148466,214323,387139,65857,172816,4,172800,1.38108161281
148519,148559,148688,40,129,16,3600,1.31007751938
148615,148621,155915,6,7294,2,10800,1.00082259391
148636,148648,155042,12,6394,16,18000,1.00187675946
148637,188370,212762,39733,24392,20,86399,2.62893571663
148703,148709,155779,6,7070,2,10800,1.00084865629
148729,149535,181124,806,31589,2,43200,1.02551521099
148776,151039,182707,2263,31668,2,43200,1.07146014905
148806,148813,155457,7,6644,2,10800,1.00105358218
149001,149008,154647,7,5639,8,28800,1.00124135485
149029,149035,155426,6,6391,2,10800,1.00093882022
149125,188375,198615,39250,10240,20,43199,4.8330078125
149365,149377,158372,12,8995,6,28800,1.00133407449
149472,149478,156073,6,6595,2,10800,1.00090978014
149493,149501,156945,8,7444,2,10800,1.00107469103
149514,159615,166844,10101,7229,24,7199,2.3972886983
149521,149528,155929,7,6401,2,10800,1.00109357913
149539,149547,156107,8,6560,2,10800,1.0012195122
149544,154659,161095,5115,6436,16,18000,1.79474829086
149755,188381,368401,38626,180020,10,180000,1.21456504833
149771,149778,149979,7,201,3,28800,1.03482587065
149899,149905,157114,6,7209,2,10800,1.00083229297
149900,149913,155469,13,5556,2,10800,1.00233981281
149939,149951,156716,12,6765,2,10800,1.00177383592
149969,149975,156703,6,6728,2,10800,1.00089179548
150019,188386,368435,38367,180049,10,180000,1.21309199162
150056,150064,156517,8,6453,2,10800,1.00123973346
150144,153712,153713,3568,1,8,3540,356.9
150197,150205,150206,8,1,4,3540,1.0
150213,150220,157288,7,7068,2,10800,1.00099037917
150340,150347,157817,7,7470,2,10800,1.00093708166
150477,150484,151791,7,1307,3,28800,1.00535577659
150645,150652,157104,7,6452,2,10800,1.0010849349
150889,150896,158143,7,7247,2,10800,1.00096591693
151369,151376,158444,7,7068,2,10800,1.00099037917
151876,151882,158870,6,6988,2,10800,1.00085861477
151939,151946,158827,7,6881,2,10800,1.001017294
152036,152043,159375,7,7332,2,10800,1.00095471904
152068,152075,159566,7,7491,6,18000,1.00093445468
152557,153723,154877,1166,1154,3,28800,2.01039861352
153492,153498,160481,6,6983,2,10800,1.00085922956
153787,153794,160840,7,7046,2,10800,1.00099347147
154092,154099,161004,7,6905,2,10800,1.00101375815
154197,154204,161027,7,6823,2,10800,1.00102594167
154218,154225,159918,7,5693,2,10800,1.00122958019
154548,154555,154565,7,10,4,3540,1.7
154562,154570,161438,8,6868,2,10800,1.00116482236
154672,155054,155072,382,18,8,3540,22.2222222222
154719,154726,161633,7,6907,2,10800,1.0010134646
154778,166856,166954,12078,98,64,3540,124.244897959
154945,188323,188348,33378,25,128,3540,1336.12
155083,155090,155132,7,42,16,3540,1.16666666667
155207,161664,161753,6457,89,32,3540,73.5505617978
155254,155260,156659,6,1399,6,14400,1.0042887777
155459,155466,161693,7,6227,2,10800,1.00112413682
155474,155481,161646,7,6165,2,10800,1.00113544201
155652,155660,162169,8,6509,2,10800,1.00122906745
155836,155843,162582,7,6739,2,10800,1.00103872978
155930,155937,162292,7,6355,2,10800,1.00110149489
155960,155966,162264,6,6298,2,10800,1.00095268339
156111,156117,163035,6,6918,2,10800,1.00086730269
156315,156322,163082,7,6760,2,10800,1.00103550296
156564,156572,157289,8,717,3,10800,1.01115760112
156704,156712,163158,8,6446,2,10800,1.00124107974
156719,156726,162887,7,6161,2,10800,1.00113617919
156736,158844,158931,2108,87,16,3540,25.2298850575
156867,158943,159603,2076,660,16,3540,4.14545454545
156949,156956,164253,7,7297,2,10800,1.00095929834
156950,161765,162551,4815,786,32,3540,7.12595419847
157091,166967,170547,9876,3580,64,3540,3.75865921788
157106,157113,163960,7,6847,2,10800,1.00102234555
157121,157128,163941,7,6813,2,10800,1.00102744753
157289,157295,163784,6,6489,2,10800,1.0009246417
157440,157446,163986,6,6540,2,10800,1.00091743119
157684,198627,219755,40943,21128,16,172800,2.93785497917
158055,158062,164423,7,6361,2,10800,1.0011004559
158447,158454,165207,7,6753,2,10800,1.00103657634
158504,158510,165256,6,6746,2,10800,1.00088941595
158872,158879,165167,7,6288,2,10800,1.00111323155
159101,159109,165501,8,6392,2,10800,1.00125156446
159181,159188,159189,7,1,1,240,1.0
159660,159667,165959,7,6292,2,10800,1.00111252384
159837,159932,161638,95,1706,5,7200,1.05568581477
160482,160489,167241,7,6752,2,10800,1.00103672986
160841,160848,167266,7,6418,2,10800,1.00109068246
161007,161014,167170,7,6156,2,10800,1.00113710201
161028,161036,167620,8,6584,2,10800,1.00121506683
161266,161274,167543,8,6269,2,10800,1.00127612059
161565,161571,168143,6,6572,2,10800,1.00091296409
161649,161657,168423,8,6766,2,10800,1.0011823825
161669,226245,231281,64576,5036,4,21600,13.8228752979
161695,161701,168659,6,6958,2,10800,1.00086231676
162063,162070,169606,7,7536,2,10800,1.00092887473
162098,162105,164087,7,1982,3,14400,1.00353178607
162247,162254,169427,7,7173,2,10800,1.00097588178
162295,163094,169803,799,6709,2,10800,1.11909375466
162316,162323,163736,7,1413,5,3600,1.00495399858
162452,163171,169758,719,6587,2,10800,1.10915439502
162729,163796,170908,1067,7112,2,10800,1.15002812148
163000,163953,169584,953,5631,2,10800,1.16924169774
163085,163973,170900,888,6927,2,10800,1.12819402339
163160,164099,170909,939,6810,2,10800,1.13788546256
163732,163738,164705,6,967,8,3000,1.00620475698
163762,163862,163907,100,45,1,72000,3.22222222222
163762,163850,163851,88,1,1,72000,8.9
163763,163966,164223,203,257,1,72000,1.78988326848
163763,163946,163947,183,1,1,72000,18.4
163763,163934,163935,171,1,1,72000,17.2
163763,163919,163922,156,3,1,72000,15.9
163764,164143,164144,379,1,1,72000,38.0
163764,164130,164131,366,1,1,72000,36.7
163764,164156,164157,392,1,1,72000,39.3
163765,164195,164259,430,64,1,72000,7.71875
163765,164236,164394,471,158,1,72000,3.98101265823
163765,164407,164408,642,1,1,72000,64.3
163766,166907,166964,3141,57,1,72000,56.1052631579
163766,166886,166894,3120,8,1,72000,312.8
163766,164433,164434,667,1,1,72000,66.8
163767,166976,167048,3209,72,1,72000,45.5694444444
163788,164272,170638,484,6366,2,10800,1.07602890355
163903,164447,170760,544,6313,2,10800,1.08617139236
163962,165183,171261,1221,6078,2,10800,1.20088845015
163978,165219,171709,1241,6490,2,10800,1.19121725732
164257,165268,172088,1011,6820,2,10800,1.14824046921
164399,165513,172081,1114,6568,2,10800,1.16961023143
164624,165977,172282,1353,6305,2,10800,1.21459159397
165212,166861,173898,1649,7037,2,10800,1.23433281228
165258,166867,173013,1609,6146,2,10800,1.26179629027
165503,166875,173203,1372,6328,2,10800,1.21681415929
165814,166880,173992,1066,7112,2,10800,1.14988751406
166810,167187,173597,377,6410,2,10800,1.05881435257
167016,167060,217482,44,50422,1,50400,1.00087263496
167022,170656,221063,3634,50407,1,50400,1.07209316166
167044,170777,221211,3733,50434,1,50400,1.07401752786
167051,170922,221360,3871,50438,1,50400,1.07674769023
167062,170927,221339,3865,50412,1,50400,1.07666825359
167067,174008,224423,6941,50415,1,50400,1.13767727859
167072,174014,224452,6942,50438,1,50400,1.13763432333
167082,176114,226545,9032,50431,1,50400,1.17909619084
167098,176612,227050,9514,50438,1,50400,1.18862762203
167106,178045,228463,10939,50418,1,50400,1.21696616288
167112,178050,228478,10938,50428,1,50400,1.21690330769
167118,180165,230583,13047,50418,1,50400,1.25877662739
167225,167258,173629,33,6371,2,10800,1.00517972061
167269,167278,174031,9,6753,2,10800,1.001332741
167544,167555,174285,11,6730,2,10800,1.00163447251
167623,167632,173428,9,5796,2,10800,1.00155279503
167806,180170,209648,12364,29478,1,50400,1.4194314404
167814,217706,247168,49892,29462,1,50400,2.69343561197
167819,225496,240306,57677,14810,1,50400,4.89446320054
167825,225501,239280,57676,13779,1,50400,5.18578997024
167880,170575,173239,2695,2664,1,10800,2.01163663664
167910,168161,175035,251,6874,2,10800,1.03651440209
167914,170580,173261,2666,2681,1,10800,1.99440507273
167930,170585,173250,2655,2665,1,10800,1.99624765478
168103,225507,239645,57404,14138,1,50400,5.06026312067
168110,225512,239632,57402,14120,1,50400,5.06529745042
168115,226090,240226,57975,14136,1,50400,5.10123089983
168120,226240,239108,58120,12868,1,50400,5.51663040099
168425,168435,175128,10,6693,2,10800,1.00149409831
168444,168671,175999,227,7328,2,10800,1.03097707424
168879,169444,176097,565,6653,2,10800,1.08492409439
169587,169597,176147,10,6550,2,10800,1.00152671756
169609,169619,176484,10,6865,2,10800,1.00145666424
169761,169770,177242,9,7472,2,10800,1.00120449679
169807,169816,176594,9,6778,2,10800,1.00132782532
169832,170569,177123,737,6554,2,10800,1.11245041196
169930,170591,170592,661,1,1,240,66.2
170165,170564,170601,399,37,8,14400,11.7837837838
170763,170769,177512,6,6743,2,10800,1.00088981166
170905,170912,177187,7,6275,2,10800,1.00111553785
170920,170935,178214,15,7279,2,10800,1.00206072263
170923,170940,178455,17,7515,2,10800,1.00226214238
171208,171215,177716,7,6501,2,10800,1.00107675742
171388,171396,171647,8,251,1,3540,1.03187250996
171501,171508,178133,7,6625,2,10800,1.00105660377
171762,171769,173805,7,2036,1,3540,1.00343811395
171839,171846,172027,7,181,1,3540,1.03867403315
171888,171895,172163,7,268,1,3540,1.02611940299
171937,171944,172431,7,487,1,3540,1.01437371663
172013,172020,172387,7,367,1,3540,1.01907356948
172062,172069,172583,7,514,1,3540,1.01361867704
172087,172093,178916,6,6823,2,10800,1.00087937857
172102,172110,178571,8,6461,2,10800,1.00123819842
172111,172118,172604,7,486,1,3540,1.01440329218
172162,172169,172682,7,513,1,3540,1.01364522417
172170,172178,179304,8,7126,2,10800,1.00112264945
172216,172223,172709,7,486,1,3540,1.01440329218
172267,172274,172787,7,513,1,3540,1.01364522417
172429,172436,179209,7,6773,2,10800,1.00103351543
172478,172485,172753,7,268,1,3540,1.02611940299
172737,172744,172926,7,182,1,3540,1.03846153846
172927,172934,173063,7,129,4,3540,1.05426356589
172981,172988,173111,7,123,1,3540,1.05691056911
173206,173213,179540,7,6327,2,10800,1.00110636953
173430,173437,180178,7,6741,2,10800,1.0010384216
173599,173606,179919,7,6313,2,10800,1.00110882306
173630,173637,179994,7,6357,2,10800,1.00110114834
173886,173893,180531,7,6638,2,10800,1.0010545345
173960,173967,180419,7,6452,2,10800,1.0010849349
174034,174041,181056,7,7015,2,10800,1.00099786172
174288,174295,181086,7,6791,2,10800,1.00103077603
175040,175047,182139,7,7092,2,10800,1.00098702764
175131,175138,181375,7,6237,2,10800,1.00112233446
175207,175214,182079,7,6865,2,10800,1.00101966497
176101,176109,182026,8,5917,2,10800,1.0013520365
176150,176157,182936,7,6779,2,10800,1.00103260068
176232,176240,183690,8,7450,2,10800,1.0010738255
176597,176605,183977,8,7372,2,10800,1.00108518719
176659,176666,182729,7,6063,2,10800,1.00115454396
177190,177197,183755,7,6558,2,10800,1.0010673986
177245,177252,184005,7,6753,2,10800,1.00103657634
177400,177407,183556,7,6149,2,10800,1.00113839649
177719,177726,184332,7,6606,2,10800,1.00105964275
178136,178143,185020,7,6877,2,10800,1.00101788571
178218,178225,184693,7,6468,2,10800,1.00108225108
178415,178421,185063,6,6642,2,10800,1.00090334237
178497,178505,185425,8,6920,2,10800,1.00115606936
178608,178615,184715,7,6100,2,10800,1.00114754098
179212,179218,186409,6,7191,2,10800,1.0008343763
179306,179313,185531,7,6218,2,10800,1.00112576391
179527,179533,186106,6,6573,2,10800,1.00091282519
179899,179906,186616,7,6710,2,10800,1.00104321908
179997,180004,187757,7,7753,2,10800,1.00090287631
180182,180189,186699,7,6510,2,10800,1.00107526882
180421,181136,187317,715,6181,2,10800,1.11567707491
180533,181887,188813,1354,6926,2,10800,1.19549523535
180862,182720,189455,1858,6735,2,10800,1.27587230883
181090,183573,190307,2483,6734,2,10800,1.36872586873
181362,183767,189686,2405,5919,2,10800,1.4063186349
181441,181448,185055,7,3607,1,3600,1.00194067092
181547,184017,190971,2470,6954,2,10800,1.35519125683
182083,184345,191997,2262,7652,2,10800,1.29560899111
182126,184711,191508,2585,6797,2,10800,1.38031484478
182600,184728,190755,2128,6027,2,10800,1.35307781649
182892,185032,191600,2140,6568,2,10800,1.32582216809
182975,185075,191655,2100,6580,2,10800,1.31914893617
183692,185443,191197,1751,5754,2,10800,1.30431004519
183756,185547,192602,1791,7055,2,10800,1.25386250886
183980,186119,192613,2139,6494,2,10800,1.32938096705
184008,186421,192806,2413,6385,2,10800,1.37791699295
184117,186629,193269,2512,6640,2,10800,1.37831325301
184367,186711,193172,2344,6461,2,10800,1.36279213744
184719,187335,194379,2616,7044,2,10800,1.37137989779
184971,184977,184985,6,8,1,1800,1.4
185024,187774,193936,2750,6162,2,10800,1.44628367413
185064,189703,196962,4639,7259,2,10800,1.63906874225
185122,185129,185202,7,73,1,1800,1.09589041096
185137,190324,197145,5187,6821,2,10800,1.76044568245
185165,188397,188547,3232,150,1,3600,22.5466666667
185240,188403,188548,3163,145,1,3600,22.8137931034
185410,185417,185506,7,89,1,1800,1.07865168539
185505,190770,197125,5265,6355,2,10800,1.82848151062
186102,188408,188842,2306,434,1,1800,6.3133640553
186109,190987,197888,4878,6901,2,10800,1.70685407912
186205,191214,198272,5009,7058,2,10800,1.70969113063
186619,191521,198461,4902,6940,2,10800,1.70634005764
186701,191613,198416,4912,6803,2,10800,1.72203439659
187166,191667,199375,4501,7708,2,10800,1.58393876492
187584,192013,198975,4429,6962,2,10800,1.63616776788
188493,192614,198964,4121,6350,2,10800,1.64897637795
188690,188697,189035,7,338,1,3600,1.02071005917
188715,188723,189124,8,401,1,3600,1.01995012469
188918,192625,199247,3707,6622,2,10800,1.55980066445
189283,189289,190431,6,1142,1,3600,1.00525394046
189390,189397,190095,7,698,1,3600,1.0100286533
189524,192819,201143,3295,8324,2,10800,1.39584334455
189551,189557,189564,6,7,1,1800,1.3
189720,193184,200018,3464,6834,2,10800,1.50687737782
190050,190057,190101,7,44,1,1800,1.15909090909
190374,193281,200025,2907,6744,2,10800,1.43104982206
190426,190432,190515,6,83,1,1800,1.07228915663
190582,198632,198638,8050,6,1,3600,805.6
190875,193606,199857,2731,6251,2,10800,1.43689009758
190878,193952,201041,3074,7089,2,10800,1.43362956693
191141,198638,198850,7497,212,1,1800,36.3632075472
191225,198643,198729,7418,86,1,3600,87.2558139535
191511,194397,201228,2886,6831,2,10800,1.42248572683
191597,196979,203970,5382,6991,2,10800,1.76984694607
191658,197141,203939,5483,6798,2,10800,1.80656075316
191779,197158,203685,5379,6527,2,10800,1.82411521373
192603,197906,204476,5303,6570,2,10800,1.80715372907
192620,198284,204406,5664,6122,2,10800,1.92518784711
192762,198648,198722,5886,74,1,1800,80.5405405405
192808,198428,204865,5620,6437,2,10800,1.87307752058
193175,198473,204912,5298,6439,2,10800,1.82279857121
193272,198981,204912,5709,5931,2,10800,1.96256954982
193372,198993,204912,5621,5919,2,10800,1.94965365771
193963,199259,204912,5296,5653,2,10800,1.93684769149
194658,199386,204912,4728,5526,2,10800,1.8555917481
197042,200030,204912,2988,4882,2,10800,1.61204424416
197149,200037,204912,2888,4875,2,10800,1.59241025641
197198,201059,204912,3861,3853,2,10800,2.00207630418
198014,201156,204912,3142,3756,2,10800,1.83652822151
198419,201240,204912,2821,3672,2,10800,1.76824618736
198466,203697,204912,5231,1215,2,10800,5.30534979424
198503,203951,204912,5448,961,2,10800,6.66909469303
198756,198762,198844,6,82,1,3600,1.07317073171
198846,198854,199092,8,238,1,3600,1.03361344538
198931,198938,199032,7,94,1,1800,1.07446808511
198975,198988,199329,13,341,1,3600,1.03812316716
198983,203982,204912,4999,930,2,10800,6.3752688172
199251,204423,204913,5172,490,2,10800,11.5551020408
199373,199379,200016,6,637,1,3600,1.00941915228
199379,204488,204913,5109,425,2,10800,13.0211764706
199523,199530,199888,7,358,1,1800,1.01955307263
199630,199637,200142,7,505,1,3600,1.01386138614
199859,204883,204913,5024,30,2,10800,168.466666667
201028,204931,204973,3903,42,1,1800,93.9285714286
203284,217725,227807,14441,10082,2,72000,2.43235469153
203359,231833,447865,28474,216032,4,216000,1.13180454747
204019,458096,521235,254077,63139,16,259200,5.02408970684
204079,224481,267683,20402,43202,2,43200,1.47224665525
204161,338658,396655,134497,57997,1,172800,3.31903374312
204170,396668,449107,192498,52439,1,172800,4.67089380042
204183,449118,512504,244935,63386,1,172800,4.86418136497
204189,226996,294744,22807,67748,1,172800,1.3366446242
204198,227062,306552,22864,79490,1,172800,1.28763366461
204205,227824,290236,23619,62412,1,172800,1.37843683907
204216,227832,284647,23616,56815,1,172800,1.41566487723
204222,204926,222947,704,18021,1,18000,1.03906553465
204650,242521,242529,37871,8,8,36000,3787.9
204742,231838,303845,27096,72007,2,72000,1.37629674893
205218,205224,205292,6,68,1,1800,1.08823529412
205389,205464,212213,75,6749,2,10800,1.01111275745
205391,205469,212190,78,6721,2,10800,1.01160541586
205393,205474,211543,81,6069,2,10800,1.01334651508
205395,205480,212248,85,6768,2,10800,1.01255910165
205398,205485,212346,87,6861,2,10800,1.01268036729
205400,205490,212209,90,6719,2,10800,1.01339485042
205402,205496,211939,94,6443,2,10800,1.01458947695
205404,205501,212318,97,6817,2,10800,1.01422913305
205406,205506,212389,100,6883,2,10800,1.0145285486
205409,205512,212299,103,6787,2,10800,1.0151760719
205411,205517,212579,106,7062,2,10800,1.01500991221
205413,205522,212148,109,6626,2,10800,1.01645034712
205415,205529,212244,114,6715,2,10800,1.01697691735
205417,205535,212469,118,6934,2,10800,1.01701759446
205420,205540,212701,120,7161,2,10800,1.01675743611
205422,206268,212375,846,6107,2,10800,1.13852955625
205424,209660,215782,4236,6122,2,10800,1.69193074159
205426,211555,218595,6129,7040,2,10800,1.87059659091
205428,211951,219677,6523,7726,2,10800,1.84429200104
205501,205546,207220,45,1674,1,1800,1.02688172043
205765,242527,285757,36762,43230,2,43200,1.85038167939
205904,207230,207472,1326,242,1,1800,6.47933884298
206394,246265,280400,39871,34135,2,72000,2.16803866999
206955,216371,234689,9416,18318,4,18300,1.51402991593
207517,267695,339727,60178,72032,2,72000,1.83543425144
207783,224535,293067,16752,68532,16,108000,1.24444055332
207784,458107,717329,250323,259222,2,259200,1.96567035205
207837,207844,207867,7,23,1,15,1.30434782609
207993,224540,231821,16547,7281,16,18000,3.27262738635
208000,208007,208092,7,85,1,59,1.08235294118
208012,458112,717348,250100,259236,2,259200,1.96475798114
208362,208369,208406,7,37,1,359,1.18918918919
208640,296435,313146,87795,16711,16,36000,6.25372509126
208915,208921,208958,6,37,1,359,1.16216216216
209563,234702,234704,25139,2,4,36000,2514.1
209845,232365,242504,22520,10139,20,43199,3.22112634382
210018,297053,304097,87035,7044,15,28799,13.3559057354
210069,279391,286624,69322,7233,24,7199,10.5841283008
210086,219778,220391,9692,613,4,1800,16.810766721
210141,272917,445735,62776,172818,2,172800,1.36324919858
210939,212387,214315,1448,1928,1,1800,1.7510373444
211279,212790,212791,1511,1,2,600,151.2
211400,212392,212438,992,46,1,119,22.5652173913
211713,297058,318353,85345,21295,14,57600,5.00774829772
212213,212220,219529,7,7309,2,10800,1.00095772335
212229,212235,218992,6,6757,2,10800,1.00088796803
212247,212255,219509,8,7254,2,10800,1.00110283981
212263,212270,218775,7,6505,2,10800,1.00107609531
212300,212308,219479,8,7171,2,10800,1.00111560452
212316,212323,218934,7,6611,2,10800,1.00105884133
212350,212356,218716,6,6360,2,10800,1.00094339623
212381,212398,219298,17,6900,2,10800,1.00246376812
212397,212406,219545,9,7139,2,10800,1.00126068077
212460,217718,221658,5258,3940,4,18000,2.3345177665
212460,217713,217718,5253,5,4,18000,525.8
212460,217732,231738,5272,14006,4,18000,1.37641010995
212460,234737,235454,22277,717,4,18000,32.069735007
212460,235467,236375,23007,908,4,18000,26.3381057269
212461,251749,255812,39288,4063,4,18000,10.6697021905
212461,238445,239766,25984,1321,4,18000,20.6699470098
212461,270658,272904,58197,2246,4,18000,26.911398041
212461,236387,238433,23926,2046,4,18000,12.6940371457
212461,255824,273870,43363,18046,4,18000,3.40291477336
212462,270664,276026,58202,5362,4,18000,11.8545318911
212474,212481,218407,7,5926,2,10800,1.00118123523
212514,212521,219581,7,7060,2,10800,1.00099150142
212704,212712,219083,8,6371,2,10800,1.00125568984
213048,297064,326144,84016,29080,14,43200,3.88913342503
215617,216096,216359,479,263,1,3540,2.82129277567
215654,215800,216084,146,284,2,3540,1.51408450704
215785,215793,222950,8,7157,2,10800,1.00111778678
216074,273887,273888,57813,1,1,28800,5781.4
216075,273919,274167,57844,248,1,28800,234.241935484
216075,273893,273936,57818,43,1,28800,1345.60465116
216075,273898,273900,57823,2,1,28800,5782.5
216076,273939,273940,57863,1,1,28800,5786.4
216076,273926,273927,57850,1,1,28800,5785.1
216076,273948,273950,57872,2,1,28800,5787.4
216077,273988,274053,57911,65,1,28800,891.938461538
216077,273981,273982,57904,1,1,28800,5790.5
216077,273967,273968,57890,1,1,28800,5789.1
216078,273995,274154,57917,159,1,28800,365.257861635
216078,274105,274113,58027,8,1,28800,5803.5
216078,274092,274093,58014,1,1,28800,5801.5
216078,274066,274067,57988,1,1,28800,5798.9
216079,274126,274183,58047,57,1,28800,1019.36842105
216079,274180,274184,58101,4,1,28800,5810.5
216079,274195,274196,58116,1,1,28800,5811.7
216079,274166,274232,58087,66,1,28800,881.106060606
216080,274256,274293,58176,37,1,28800,1573.32432432
216080,274249,274250,58169,1,1,28800,5817.0
216080,274242,274243,58162,1,1,28800,5816.3
216080,274229,274230,58149,1,1,28800,5815.0
216080,274207,274217,58127,10,1,28800,5813.7
216081,274263,274505,58182,242,1,28800,241.421487603
216081,274305,274589,58224,284,1,28800,206.014084507
216081,274517,275315,58436,798,1,28800,74.2280701754
216081,274602,274603,58521,1,1,28800,5852.2
216082,274641,277096,58559,2455,1,28800,24.8529531568
216082,274616,274624,58534,8,1,28800,5854.2
216082,275269,275693,59187,424,1,28800,140.591981132
216082,274919,275243,58837,324,1,28800,182.595679012
216082,275255,275256,59173,1,1,28800,5917.4
216083,275358,276861,59275,1503,1,28800,40.4377910845
216083,275345,275346,59262,1,1,28800,5926.3
216083,275443,275444,59360,1,1,28800,5936.1
216083,275327,275333,59244,6,1,28800,5925.0
216084,275456,275463,59372,7,1,28800,5937.9
216084,275506,275507,59422,1,1,28800,5942.3
216084,275493,275494,59409,1,1,28800,5941.0
216084,275519,275520,59435,1,1,28800,5943.6
216084,275479,275481,59395,2,1,28800,5939.7
216085,275532,275534,59447,2,1,28800,5944.9
216085,275546,275549,59461,3,1,28800,5946.4
216085,275561,275562,59476,1,1,28800,5947.7
216085,275574,275576,59489,2,1,28800,5949.1
216086,275588,275592,59502,4,1,28800,5950.6
216086,275604,275605,59518,1,1,28800,5951.9
216086,275618,275636,59532,18,1,28800,3308.33333333
216086,275682,275684,59596,2,1,28800,5959.8
216086,275649,275670,59563,21,1,28800,2837.33333333
216087,275730,276090,59643,360,1,28800,166.675
216087,275696,275752,59609,56,1,28800,1065.44642857
216087,275705,275706,59618,1,1,28800,5961.9
216088,275847,275881,59759,34,1,28800,1758.61764706
216088,275826,275834,59738,8,1,28800,5974.6
216088,275809,275814,59721,5,1,28800,5972.6
216088,275779,275797,59691,18,1,28800,3317.16666667
216088,275765,275767,59677,2,1,28800,5967.9
216089,275933,275938,59844,5,1,28800,5984.9
216089,275894,275896,59805,2,1,28800,5980.7
216090,276038,276039,59948,1,1,28800,5994.9
216090,275950,275951,59860,1,1,28800,5986.1
216090,275983,282696,59893,6713,1,28800,9.92194249963
216090,275963,275970,59873,7,1,28800,5988.0
216090,276015,277002,59925,987,1,28800,61.7142857143
216091,276043,276048,59952,5,1,28800,5995.7
216091,276049,276058,59958,9,1,28800,5996.7
216091,276054,276055,59963,1,1,28800,5996.4
216092,276091,276092,59999,1,1,28800,6000.0
216092,276066,276978,59974,912,1,28800,66.7609649123
216092,276084,276094,59992,10,1,28800,6000.2
216092,276079,276099,59987,20,1,28800,3000.35
216092,276072,276073,59980,1,1,28800,5998.1
216093,276103,276105,60010,2,1,28800,6001.2
216093,276115,276117,60022,2,1,28800,6002.4
216093,276110,276170,60017,60,1,28800,1001.28333333
216093,276122,281419,60029,5297,1,28800,12.3326411176
216094,276127,276466,60033,339,1,28800,178.088495575
216095,276182,276183,60087,1,1,28800,6008.8
216095,276170,276171,60075,1,1,28800,6007.6
216095,276159,276160,60064,1,1,28800,6006.5
216095,276165,276167,60070,2,1,28800,6007.2
216095,276177,276194,60082,17,1,28800,3535.23529412
216096,276200,276958,60104,758,1,28800,80.2928759894
216096,276211,276226,60115,15,1,28800,4008.66666667
216097,276216,276218,60119,2,1,28800,6012.1
216097,276229,276306,60132,77,1,28800,781.935064935
216097,276235,276236,60138,1,1,28800,6013.9
216097,276242,276267,60145,25,1,28800,2406.8
216097,276224,276225,60127,1,1,28800,6012.8
216098,276279,276295,60181,16,1,28800,3762.3125
216098,276248,276460,60150,212,1,28800,284.726415094
216098,276253,277460,60155,1207,1,28800,50.8384424192
216098,276260,276272,60162,12,1,28800,5014.5
216099,276472,276474,60373,2,1,28800,6037.5
216099,276479,276480,60380,1,1,28800,6038.1
216099,276486,276487,60387,1,1,28800,6038.8
216099,276291,276293,60192,2,1,28800,6019.4
216100,276312,276507,60212,195,1,28800,309.779487179
216100,276500,277867,60400,1367,1,28800,45.1843452816
216101,276324,277039,60223,715,1,28800,85.227972028
216101,276359,276801,60258,442,1,28800,137.330316742
216101,276319,276320,60218,1,1,28800,6021.9
216101,276332,276333,60231,1,1,28800,6023.2
216102,276524,276592,60422,68,1,28800,889.558823529
216102,276519,276551,60417,32,1,28800,1889.03125
216102,276604,276605,60502,1,1,28800,6050.3
216103,276643,276768,60540,125,1,28800,485.32
216103,276780,276782,60677,2,1,28800,6067.9
216103,276794,276805,60691,11,1,28800,5518.36363636
216103,276630,276631,60527,1,1,28800,6052.8
216104,276956,276967,60852,11,1,28800,5533.0
216104,276970,276971,60866,1,1,28800,6086.7
216104,276827,276838,60723,11,1,28800,5521.27272727
216104,276820,276842,60716,22,1,28800,2760.81818182
216104,276813,276814,60709,1,1,28800,6071.0
216105,276858,276859,60753,1,1,28800,6075.4
216105,276875,279165,60770,2290,1,28800,27.5371179039
216105,276851,276856,60746,5,1,28800,6075.1
216105,276868,277915,60763,1047,1,28800,59.035339064
216106,276880,276883,60774,3,1,28800,6077.7
216106,276895,276917,60789,22,1,28800,2764.13636364
216106,276929,276931,60823,2,1,28800,6082.5
216106,276943,276944,60837,1,1,28800,6083.8
216106,276979,276995,60873,16,1,28800,3805.5625
216107,276986,278027,60879,1041,1,28800,59.4812680115
216107,277007,277043,60900,36,1,28800,1692.66666667
216107,276993,276994,60886,1,1,28800,6088.7
216107,277012,277910,60905,898,1,28800,68.8229398664
216108,277052,277054,60944,2,1,28800,6094.6
216108,277045,277059,60937,14,1,28800,4353.64285714
216108,277059,277061,60951,2,1,28800,6095.3
216108,277019,277020,60911,1,1,28800,6091.2
216109,277073,277074,60964,1,1,28800,6096.5
216109,277086,277483,60977,397,1,28800,154.594458438
216109,277079,277351,60970,272,1,28800,225.154411765
216109,277066,277491,60957,425,1,28800,144.428235294
216110,277093,277094,60983,1,1,28800,6098.4
216110,277098,277099,60988,1,1,28800,6098.9
216110,277109,282616,60999,5507,1,28800,12.076629744
216110,277104,277643,60994,539,1,28800,114.161410019
216111,277132,277133,61021,1,1,28800,6102.2
216111,277148,277149,61037,1,1,28800,6103.8
216111,277127,277129,61016,2,1,28800,6101.8
216111,277155,277158,61044,3,1,28800,6104.7
216112,277170,277171,61058,1,1,28800,6105.9
216112,277177,277178,61065,1,1,28800,6106.6
216112,277184,277205,61072,21,1,28800,2909.19047619
216112,277162,277163,61050,1,1,28800,6105.1
216113,277218,277275,61105,57,1,28800,1073.01754386
216113,277191,278129,61078,938,1,28800,66.1151385928
216113,277287,277296,61174,9,1,28800,6118.3
216113,277309,277635,61196,326,1,28800,188.717791411
216114,277472,277474,61358,2,1,28800,6136.0
216114,277486,277487,61372,1,1,28800,6137.3
216114,277503,278023,61389,520,1,28800,119.055769231
216114,277496,277501,61382,5,1,28800,6138.7
216114,277364,278924,61250,1560,1,28800,40.2628205128
216115,277509,280335,61394,2826,1,28800,22.7246992215
216115,277547,277549,61432,2,1,28800,6143.4
216115,277529,277535,61414,6,1,28800,6142.0
216115,277516,277517,61401,1,1,28800,6140.2
216116,277656,277657,61540,1,1,28800,6154.1
216116,277574,277727,61458,153,1,28800,402.68627451
216116,277648,277653,61532,5,1,28800,6153.7
216117,277672,278079,61555,407,1,28800,152.240786241
216117,277679,277730,61562,51,1,28800,1208.09803922
216117,277740,277742,61623,2,1,28800,6162.5
216117,277747,277763,61630,16,1,28800,3852.875
216118,277879,277934,61761,55,1,28800,1123.92727273
216118,277759,278206,61641,447,1,28800,138.899328859
216118,277775,277909,61657,134,1,28800,461.126865672
216118,277753,277754,61635,1,1,28800,6163.6
216118,277766,278199,61648,433,1,28800,143.374133949
216119,277921,277922,61802,1,1,28800,6180.3
216119,277933,278349,61814,416,1,28800,149.591346154
216119,277928,278062,61809,134,1,28800,462.26119403
216120,277941,278841,61821,900,1,28800,69.69
216120,277962,280181,61842,2219,1,28800,28.8693105002
216120,278036,278914,61916,878,1,28800,71.5193621868
216120,277948,277950,61828,2,1,28800,6183.0
216121,278058,278070,61937,12,1,28800,5162.41666667
216121,278043,278045,61922,2,1,28800,6192.4
216121,278074,278076,61953,2,1,28800,6195.5
216121,278090,278112,61969,22,1,28800,2817.77272727
216122,278119,278206,61997,87,1,28800,713.609195402
216122,278103,278106,61981,3,1,28800,6198.4
216122,278097,278098,61975,1,1,28800,6197.6
216123,278131,278207,62008,76,1,28800,816.894736842
216123,278145,278147,62022,2,1,28800,6202.4
216124,278223,278227,62099,4,1,28800,6210.3
216124,278172,279008,62048,836,1,28800,75.2200956938
216124,278138,279408,62014,1270,1,28800,49.8299212598
216124,278229,278776,62105,547,1,28800,114.537477148
216124,278211,278240,62087,29,1,28800,2141.93103448
216125,278256,279999,62131,1743,1,28800,36.6460126219
216125,278241,278243,62116,2,1,28800,6211.8
216125,278261,278266,62136,5,1,28800,6214.1
216125,278249,278270,62124,21,1,28800,2959.28571429
216126,278292,279072,62166,780,1,28800,80.7
216126,278325,278326,62199,1,1,28800,6220.0
216126,278311,278313,62185,2,1,28800,6218.7
216126,278285,278298,62159,13,1,28800,4782.46153846
216127,278379,278710,62252,331,1,28800,189.072507553
216127,278338,278470,62211,132,1,28800,472.295454545
216127,278362,278366,62235,4,1,28800,6223.9
216127,278483,281253,62356,2770,1,28800,23.5111913357
216128,278788,278790,62660,2,1,28800,6266.2
216128,278722,278724,62594,2,1,28800,6259.6
216128,278802,278858,62674,56,1,28800,1120.17857143
216128,278737,278888,62609,151,1,28800,415.629139073
216129,278875,278876,62746,1,1,28800,6274.7
216129,278900,278928,62771,28,1,28800,2242.82142857
216129,278854,278856,62725,2,1,28800,6272.7
216129,278868,278890,62739,22,1,28800,2852.77272727
216130,278907,279112,62777,205,1,28800,307.229268293
216130,278926,278928,62796,2,1,28800,6279.8
216130,278931,278932,62801,1,1,28800,6280.2
216131,278963,279131,62832,168,1,28800,375.0
216131,278958,279529,62827,571,1,28800,111.029772329
216131,278944,278949,62813,5,1,28800,6281.8
216131,278952,278953,62821,1,1,28800,6282.2
216132,278981,279733,62849,752,1,28800,84.5757978723
216132,279000,279226,62868,226,1,28800,279.17699115
216132,279020,279022,62888,2,1,28800,6289.0
216132,278993,279043,62861,50,1,28800,1258.22
216133,279056,279062,62923,6,1,28800,6292.9
216133,279085,279087,62952,2,1,28800,6295.4
216133,279048,279300,62915,252,1,28800,250.662698413
216133,279075,279152,62942,77,1,28800,818.428571429
216133,279034,279036,62901,2,1,28800,6290.3
216134,279124,279131,62990,7,1,28800,6299.7
216134,279099,279102,62965,3,1,28800,6296.8
216134,279115,279389,62981,274,1,28800,230.857664234
216134,279143,279359,63009,216,1,28800,292.708333333
216135,279224,279225,63089,1,1,28800,6309.0
216135,279209,279211,63074,2,1,28800,6307.6
216135,279197,279200,63062,3,1,28800,6306.5
216136,279164,279166,63028,2,1,28800,6303.0
216136,279238,279379,63102,141,1,28800,448.531914894
216136,279169,279170,63033,1,1,28800,6303.4
216136,279231,279232,63095,1,1,28800,6309.6
216136,279150,279151,63014,1,1,28800,6301.5
216137,279177,280274,63040,1097,1,28800,58.4658158614
216137,279184,279185,63047,1,1,28800,6304.8
216137,279189,279191,63052,2,1,28800,6305.4
216138,279243,279245,63105,2,1,28800,6310.7
216138,279403,279407,63265,4,1,28800,6326.9
216138,279411,279432,63273,21,1,28800,3014.0
216138,279251,279445,63113,194,1,28800,326.324742268
216138,279258,279416,63120,158,1,28800,400.493670886
216139,279420,279421,63281,1,1,28800,6328.2
216139,279313,279315,63174,2,1,28800,6317.6
216139,279371,279383,63232,12,1,28800,5270.33333333
216139,279327,279449,63188,122,1,28800,518.93442623
216140,279398,279415,63258,17,1,28800,3722.05882353
216140,279539,279540,63399,1,1,28800,6340.0
216140,279426,279430,63286,4,1,28800,6329.0
216140,279433,280024,63293,591,1,28800,108.094754653
216140,279475,279886,63335,411,1,28800,155.099756691
216141,279551,279557,63410,6,1,28800,6341.6
216141,279546,279765,63405,219,1,28800,290.520547945
216141,279439,279759,63298,320,1,28800,198.80625
216142,279452,279727,63310,275,1,28800,231.218181818
216142,279464,279465,63322,1,1,28800,6332.3
216142,279446,279447,63304,1,1,28800,6330.5
216142,279457,279566,63315,109,1,28800,581.871559633
216143,279470,279471,63327,1,1,28800,6332.8
216143,279489,279490,63346,1,1,28800,6334.7
216143,279482,279492,63339,10,1,28800,6334.9
216144,279524,279527,63380,3,1,28800,6338.3
216144,279516,279532,63372,16,1,28800,3961.75
216144,279576,279675,63432,99,1,28800,641.727272727
216144,279509,279512,63365,3,1,28800,6336.8
216145,279588,279660,63443,72,1,28800,882.152777778
216145,279621,279623,63476,2,1,28800,6347.8
216145,279636,279855,63491,219,1,28800,290.913242009
216145,279583,279608,63438,25,1,28800,2538.52
216146,279713,297418,63567,17705,1,28800,4.59034171138
216146,279687,279695,63541,8,1,28800,6354.9
216146,279672,279682,63526,10,1,28800,6353.6
216146,279707,279754,63561,47,1,28800,1353.36170213
216147,279766,280286,63619,520,1,28800,123.344230769
216147,279746,279846,63599,100,1,28800,636.99
216147,279739,279741,63592,2,1,28800,6359.4
216147,279753,279754,63606,1,1,28800,6360.7
216148,279809,281330,63661,1521,1,28800,42.8547008547
216148,279779,282302,63631,2523,1,28800,26.2203725723
216148,279785,279796,63637,11,1,28800,5786.18181818
216148,279772,280330,63624,558,1,28800,115.021505376
216148,279858,279949,63710,91,1,28800,701.10989011
216149,279867,279870,63718,3,1,28800,6372.1
216149,279981,279983,63832,2,1,28800,6383.4
216149,279895,280445,63746,550,1,28800,116.901818182
216150,279988,280007,63838,19,1,28800,3360.89473684
216150,279995,279997,63845,2,1,28800,6384.7
216150,279902,279935,63752,33,1,28800,1932.87878788
216150,279948,279950,63798,2,1,28800,6380.0
216150,279961,279972,63811,11,1,28800,5802.0
216151,280009,280014,63858,5,1,28800,6386.3
216151,279968,279969,63817,1,1,28800,6381.8
216151,280016,281613,63865,1597,1,28800,40.9906073889
216152,280031,281036,63879,1005,1,28800,64.5611940299
216152,280038,280119,63886,81,1,28800,789.716049383
216152,280131,280151,63979,20,1,28800,3199.95
216152,280163,282098,64011,1935,1,28800,34.080620155
216152,280023,281051,63871,1028,1,28800,63.1313229572
216153,280193,281133,64040,940,1,28800,69.1276595745
216153,280305,280581,64152,276,1,28800,233.434782609
216153,280287,280289,64134,2,1,28800,6413.6
216153,280298,280300,64145,2,1,28800,6414.7
216154,280338,280339,64184,1,1,28800,6418.5
216154,280312,280313,64158,1,1,28800,6415.9
216154,280345,280347,64191,2,1,28800,6419.3
216155,280358,280360,64203,2,1,28800,6420.5
216155,280370,281237,64215,867,1,28800,75.0657439446
216155,280352,280353,64197,1,1,28800,6419.8
216155,280365,281474,64210,1109,1,28800,58.8990081154
216155,280378,280379,64223,1,1,28800,6422.4
216156,280425,280430,64269,5,1,28800,6427.4
216156,280412,280413,64256,1,1,28800,6425.7
216156,280391,280392,64235,1,1,28800,6423.6
216156,280404,280443,64248,39,1,28800,1648.38461538
216157,280481,286272,64324,5791,1,28800,12.1075807287
216157,280463,280469,64306,6,1,28800,6431.2
216157,280471,280668,64314,197,1,28800,327.467005076
216157,280456,280459,64299,3,1,28800,6430.2
216157,280442,280567,64285,125,1,28800,515.28
216158,280580,284129,64422,3549,1,28800,19.1521555368
216158,280680,281052,64522,372,1,28800,174.446236559
216158,280607,283434,64449,2827,1,28800,23.7976653696
216158,280593,280595,64435,2,1,28800,6443.7
216159,281063,281067,64904,4,1,28800,6490.8
216159,281070,281071,64911,1,1,28800,6491.2
216159,281086,281326,64927,240,1,28800,271.529166667
216159,281049,281217,64890,168,1,28800,387.25
216159,281079,281105,64920,26,1,28800,2497.92307692
216160,281117,281121,64957,4,1,28800,6496.1
216160,281145,281388,64985,243,1,28800,268.427983539
216160,281152,281288,64992,136,1,28800,478.882352941
216161,281266,281351,65105,85,1,28800,766.941176471
216161,281244,281701,65083,457,1,28800,143.41356674
216161,281273,281287,65112,14,1,28800,4651.85714286
216161,281229,281231,65068,2,1,28800,6507.0
216161,281256,281258,65095,2,1,28800,6509.7
216162,281338,281340,65176,2,1,28800,6517.8
216162,281300,286020,65138,4720,1,28800,14.8004237288
216162,281305,283280,65143,1975,1,28800,33.9837974684
216163,281359,281538,65196,179,1,28800,365.223463687
216163,281345,281346,65182,1,1,28800,6518.3
216163,281366,281377,65203,11,1,28800,5928.54545455
216163,281352,281353,65189,1,1,28800,6519.0
216164,281400,282496,65236,1096,1,28800,60.5218978102
216164,281371,281388,65207,17,1,28800,3836.70588235
216164,281390,281392,65226,2,1,28800,6522.8
216164,281405,281423,65241,18,1,28800,3625.5
216165,281439,281441,65274,2,1,28800,6527.6
216165,281412,281526,65247,114,1,28800,573.342105263
216165,281432,281537,65267,105,1,28800,622.59047619
216166,281479,281763,65313,284,1,28800,230.975352113
216166,281516,281561,65350,45,1,28800,1453.22222222
216166,281486,281504,65320,18,1,28800,3629.88888889
216166,281538,281557,65372,19,1,28800,3441.63157895
216167,281549,281551,65382,2,1,28800,6538.4
216167,281556,281559,65389,3,1,28800,6539.2
216167,281563,281739,65396,176,1,28800,372.568181818
216167,281570,281766,65403,196,1,28800,334.68877551
216168,281577,281587,65409,10,1,28800,6541.9
216168,281599,281927,65431,328,1,28800,200.484756098
216168,281582,281649,65414,67,1,28800,977.328358209
216168,281661,281663,65493,2,1,28800,6549.5
216168,281625,281751,65457,126,1,28800,520.5
216169,281731,282248,65562,517,1,28800,127.81237911
216169,281714,281718,65545,4,1,28800,6554.9
216169,281751,281916,65582,165,1,28800,398.466666667
216169,281675,282267,65506,592,1,28800,111.652027027
216170,281783,283420,65613,1637,1,28800,41.081246182
216170,281804,282069,65634,265,1,28800,248.675471698
216170,281846,281848,65676,2,1,28800,6567.8
216170,281764,281833,65594,69,1,28800,951.637681159
216170,281776,281792,65606,16,1,28800,4101.375
216171,281953,281954,65782,1,1,28800,6578.3
216171,281939,281941,65768,2,1,28800,6577.0
216171,281860,284471,65689,2611,1,28800,26.1585599387
216171,281929,281965,65758,36,1,28800,1827.61111111
216172,281978,282580,65806,602,1,28800,110.312292359
216172,281992,282225,65820,233,1,28800,283.489270386
216172,281997,282010,65825,13,1,28800,5064.46153846
216172,281966,281968,65794,2,1,28800,6579.6
216173,282022,282431,65849,409,1,28800,162.0
216173,282003,282004,65830,1,1,28800,6583.1
216173,282008,282009,65835,1,1,28800,6583.6
216173,282015,282016,65842,1,1,28800,6584.3
216174,282033,282106,65859,73,1,28800,903.178082192
216174,282027,282028,65853,1,1,28800,6585.4
216174,282040,282041,65866,1,1,28800,6586.7
216174,282121,282123,65947,2,1,28800,6594.9
216175,282082,282095,65907,13,1,28800,5070.76923077
216175,282054,282122,65879,68,1,28800,969.808823529
216175,282061,282062,65886,1,1,28800,6588.7
216175,282045,282046,65870,1,1,28800,6587.1
216176,282135,282143,65959,8,1,28800,6596.7
216176,282128,282130,65952,2,1,28800,6595.4
216176,282114,283861,65938,1747,1,28800,38.7435603892
216176,282089,284619,65913,2530,1,28800,27.05256917
216176,282107,282110,65931,3,1,28800,6593.4
216177,282154,282219,65977,65,1,28800,1016.03076923
216177,282147,282148,65970,1,1,28800,6597.1
216177,282293,282294,66116,1,1,28800,6611.7
216178,282166,282297,65988,131,1,28800,504.72519084
216178,282239,282244,66061,5,1,28800,6606.6
216178,282232,282342,66054,110,1,28800,601.490909091
216178,282172,282393,65994,221,1,28800,299.615384615
216179,282256,282436,66077,180,1,28800,368.094444444
216180,282279,282281,66099,2,1,28800,6610.1
216180,282306,282311,66126,5,1,28800,6613.1
216180,282313,282314,66133,1,1,28800,6613.4
216180,282263,282567,66083,304,1,28800,218.378289474
216181,282327,282328,66146,1,1,28800,6614.7
216181,282332,282335,66151,3,1,28800,6615.4
216181,282320,282376,66139,56,1,28800,1182.05357143
216181,282388,282390,66207,2,1,28800,6620.9
216182,282360,282368,66178,8,1,28800,6618.6
216182,282355,282395,66173,40,1,28800,1655.325
216182,282348,284316,66166,1968,1,28800,34.6209349593
216183,282395,282396,66212,1,1,28800,6621.3
216183,282409,282414,66226,5,1,28800,6623.1
216183,282402,282403,66219,1,1,28800,6622.0
216183,282427,282508,66244,81,1,28800,818.827160494
216183,282414,282462,66231,48,1,28800,1380.8125
216184,282420,282423,66236,3,1,28800,6623.9
216184,282432,282468,66248,36,1,28800,1841.22222222
216184,282497,282613,66313,116,1,28800,572.663793103
216185,282460,282812,66275,352,1,28800,189.28125
216185,282447,282451,66262,4,1,28800,6626.6
216185,282474,282758,66289,284,1,28800,234.411971831
216185,282467,282470,66282,3,1,28800,6628.5
216185,282454,282521,66269,67,1,28800,990.089552239
216186,282516,282518,66330,2,1,28800,6633.2
216186,282509,282510,66323,1,1,28800,6632.4
216186,282488,282491,66302,3,1,28800,6630.5
216186,282481,282485,66295,4,1,28800,6629.9
216187,282536,283255,66349,719,1,28800,93.2795549374
216187,282541,282542,66354,1,1,28800,6635.5
216187,282523,282526,66336,3,1,28800,6633.9
216187,282529,282702,66342,173,1,28800,384.479768786
216188,282593,282595,66405,2,1,28800,6640.7
216188,282549,282550,66361,1,1,28800,6636.2
216188,282563,282730,66375,167,1,28800,398.45508982
216188,282579,282581,66391,2,1,28800,6639.3
216188,282556,286189,66368,3633,1,28800,19.2680979906
216189,282598,282599,66409,1,1,28800,6641.0
216189,282614,282615,66425,1,1,28800,6642.6
216189,282634,282635,66445,1,1,28800,6644.6
216189,282607,282608,66418,1,1,28800,6641.9
216190,282621,282622,66431,1,1,28800,6643.2
216190,282628,282630,66438,2,1,28800,6644.0
216190,282639,282682,66449,43,1,28800,1546.3255814
216191,282770,282774,66579,4,1,28800,6658.3
216191,282659,282683,66468,24,1,28800,2770.5
216191,282646,282853,66455,207,1,28800,322.038647343
216191,282652,282664,66461,12,1,28800,5539.41666667
216192,282708,283054,66516,346,1,28800,193.242774566
216192,282700,283331,66508,631,1,28800,106.400950872
216192,282715,285934,66523,3219,1,28800,21.6657347002
216192,282695,282959,66503,264,1,28800,252.90530303
216192,282676,283389,66484,713,1,28800,94.2454417952
216193,282743,282841,66550,98,1,28800,680.081632653
216193,282786,283079,66593,293,1,28800,228.279863481
216193,282853,285552,66660,2699,1,28800,25.6980363097
216193,282825,282841,66632,16,1,28800,4165.5
216194,282865,282867,66671,2,1,28800,6667.3
216194,282880,282895,66686,15,1,28800,4446.73333333
216194,282858,282883,66664,25,1,28800,2667.56
216194,282972,282974,66778,2,1,28800,6678.0
216195,282987,282988,66792,1,1,28800,6679.3
216195,283000,283023,66805,23,1,28800,2905.56521739
216195,282907,284224,66712,1317,1,28800,51.6545178436
216195,283035,283673,66840,638,1,28800,105.764890282
216195,282896,311716,66701,28820,1,28800,3.31439972241
216196,283066,283069,66870,3,1,28800,6687.3
216196,283116,283330,66920,214,1,28800,313.710280374
216196,283167,283170,66971,3,1,28800,6697.4
216196,283081,283104,66885,23,1,28800,2909.04347826
216197,283183,285801,66986,2618,1,28800,26.5867074102
216197,283268,283352,67071,84,1,28800,799.464285714
216197,283151,283154,66954,3,1,28800,6695.7
216197,283092,283139,66895,47,1,28800,1424.29787234
216197,283293,283744,67096,451,1,28800,149.771618625
216198,283364,283370,67166,6,1,28800,6717.2
216198,283357,283623,67159,266,1,28800,253.477443609
216198,283348,283631,67150,283,1,28800,238.279151943
216198,283343,283345,67145,2,1,28800,6714.7
216199,283395,285003,67196,1608,1,28800,42.7885572139
216199,283417,283751,67218,334,1,28800,202.251497006
216199,283382,283383,67183,1,1,28800,6718.4
216199,283402,283404,67203,2,1,28800,6720.5
216199,283432,283435,67233,3,1,28800,6723.6
216200,283468,283472,67268,4,1,28800,6727.2
216200,283446,283449,67246,3,1,28800,6724.9
216200,283461,283721,67261,260,1,28800,259.696153846
216200,283453,283455,67253,2,1,28800,6725.5
216201,283636,285351,67435,1715,1,28800,40.3206997085
216201,283642,283644,67441,2,1,28800,6744.3
216201,283484,283486,67283,2,1,28800,6728.5
216201,283498,283583,67297,85,1,28800,792.729411765
216202,283616,283660,67414,44,1,28800,1533.13636364
216202,283623,283624,67421,1,1,28800,6742.2
216202,283649,283653,67447,4,1,28800,6745.1
216202,283595,283599,67393,4,1,28800,6739.7
216202,283656,283679,67454,23,1,28800,2933.7826087
216203,283672,284029,67469,357,1,28800,189.988795518
216203,283679,283772,67476,93,1,28800,726.548387097
216203,283665,283666,67462,1,1,28800,6746.3
216203,283686,283756,67483,70,1,28800,965.042857143
216204,283719,283723,67515,4,1,28800,6751.9
216204,283740,283741,67536,1,1,28800,6753.7
216204,283706,283707,67502,1,1,28800,6750.3
216204,283693,283694,67489,1,1,28800,6749.0
216204,283752,283778,67548,26,1,28800,2599.0
216205,283733,283740,67528,7,1,28800,6753.5
216205,283759,283760,67554,1,1,28800,6755.5
216205,283765,283766,67560,1,1,28800,6756.1
216206,283778,283867,67572,89,1,28800,760.235955056
216206,283772,283774,67566,2,1,28800,6756.8
216206,283783,286827,67577,3044,1,28800,23.200065703
216206,283790,283799,67584,9,1,28800,6759.3
216207,283807,283808,67600,1,1,28800,6760.1
216207,283814,283815,67607,1,1,28800,6760.8
216207,283821,283822,67614,1,1,28800,6761.5
216207,283796,283821,67589,25,1,28800,2704.56
216207,283801,283827,67594,26,1,28800,2600.76923077
216208,283835,283879,67627,44,1,28800,1537.97727273
216208,283841,283900,67633,59,1,28800,1147.3220339
216208,283848,283910,67640,62,1,28800,1091.96774194
216208,283828,284274,67620,446,1,28800,152.614349776
216209,283873,283875,67664,2,1,28800,6766.6
216209,283880,284356,67671,476,1,28800,143.165966387
216209,283888,283889,67679,1,1,28800,6768.0
216209,283895,283898,67686,3,1,28800,6768.9
216210,283930,284538,67720,608,1,28800,112.381578947
216210,283910,283911,67700,1,1,28800,6770.1
216210,283923,283925,67713,2,1,28800,6771.5
216210,283917,284047,67707,130,1,28800,521.823076923
216211,283943,283944,67732,1,1,28800,6773.3
216211,283956,284070,67745,114,1,28800,595.254385965
216211,284057,284058,67846,1,1,28800,6784.7
216211,284042,284044,67831,2,1,28800,6783.3
216211,283936,286634,67725,2698,1,28800,26.1019273536
216212,284071,284096,67859,25,1,28800,2715.36
216212,284092,284095,67880,3,1,28800,6788.3
216212,284083,284085,67871,2,1,28800,6787.3
216212,284064,284079,67852,15,1,28800,4524.46666667
216213,284156,284184,67943,28,1,28800,2427.53571429
216213,284141,284143,67928,2,1,28800,6793.0
216213,284113,312917,67900,28804,1,28800,3.35731148452
216213,284108,284360,67895,252,1,28800,270.424603175
216213,284099,284974,67886,875,1,28800,78.584
216214,284271,284283,68057,12,1,28800,5672.41666667
216214,284209,284259,67995,50,1,28800,1360.9
216214,284196,284197,67982,1,1,28800,6798.3
216214,284237,284289,68023,52,1,28800,1309.13461538
216215,284303,284662,68088,359,1,28800,190.660167131
216215,284308,284309,68093,1,1,28800,6809.4
216215,284287,284289,68072,2,1,28800,6807.4
216215,284296,285224,68081,928,1,28800,74.3631465517
216216,284345,284346,68129,1,1,28800,6813.0
216216,284337,286008,68121,1671,1,28800,41.7666068223
216216,284329,284333,68113,4,1,28800,6811.7
216216,284321,284325,68105,4,1,28800,6810.9
216217,284368,284745,68151,377,1,28800,181.771883289
216217,284380,284381,68163,1,1,28800,6816.4
216217,284375,284377,68158,2,1,28800,6816.0
216218,284389,284390,68171,1,1,28800,6817.2
216218,284424,284460,68206,36,1,28800,1895.61111111
216218,284410,284412,68192,2,1,28800,6819.4
216219,284473,284475,68254,2,1,28800,6825.6
216219,284466,284468,68247,2,1,28800,6824.9
216219,284431,284451,68212,20,1,28800,3411.6
216219,284481,284507,68262,26,1,28800,2626.46153846
216220,284520,284527,68300,7,1,28800,6830.7
216220,284493,284547,68273,54,1,28800,1265.31481481
216220,284540,284855,68320,315,1,28800,217.888888889
216220,284488,284824,68268,336,1,28800,204.178571429
216221,284559,284690,68338,131,1,28800,522.664122137
216221,284550,284622,68329,72,1,28800,950.013888889
216221,284638,284639,68417,1,1,28800,6841.8
216221,284631,284633,68410,2,1,28800,6841.2
216222,284646,284700,68424,54,1,28800,1268.11111111
216222,284653,286360,68431,1707,1,28800,41.0884592853
216222,284660,284661,68438,1,1,28800,6843.9
216222,284673,284827,68451,154,1,28800,445.487012987
216223,284680,284682,68457,2,1,28800,6845.9
216223,284702,284704,68479,2,1,28800,6848.1
216223,284709,285503,68486,794,1,28800,87.2544080605
216224,284721,284788,68497,67,1,28800,1023.34328358
216224,284758,284800,68534,42,1,28800,1632.76190476
216224,284716,284814,68492,98,1,28800,699.897959184
216224,284812,284814,68588,2,1,28800,6859.0
216224,284800,284919,68576,119,1,28800,577.268907563
216225,284838,284847,68613,9,1,28800,6862.2
216225,284831,284837,68606,6,1,28800,6861.2
216225,284845,284847,68620,2,1,28800,6862.2
216225,284826,284852,68601,26,1,28800,2639.5
216226,284877,284925,68651,48,1,28800,1431.22916667
216226,284872,287679,68646,2807,1,28800,25.4552903456
216226,284852,284861,68626,9,1,28800,6863.5
216226,284859,284915,68633,56,1,28800,1226.58928571
216227,284885,284889,68658,4,1,28800,6866.2
216227,284902,285629,68675,727,1,28800,95.4635488308
216227,284890,284891,68663,1,1,28800,6866.4
216227,284909,284911,68682,2,1,28800,6868.4
216228,284931,284969,68703,38,1,28800,1808.97368421
216228,284936,285297,68708,361,1,28800,191.326869806
216228,284924,284936,68696,12,1,28800,5725.66666667
216228,284944,285050,68716,106,1,28800,649.264150943
216229,284981,285937,68752,956,1,28800,72.9163179916
216229,284951,284952,68722,1,1,28800,6872.3
216229,285002,285003,68773,1,1,28800,6877.4
216229,284988,284990,68759,2,1,28800,6876.1
216229,284965,285078,68736,113,1,28800,609.283185841
216230,285062,285064,68832,2,1,28800,6883.4
216230,285020,285021,68790,1,1,28800,6879.1
216230,285033,285189,68803,156,1,28800,442.044871795
216230,285015,285952,68785,937,1,28800,74.4098185699
216231,285114,285181,68883,67,1,28800,1029.10447761
216231,285089,285103,68858,14,1,28800,4919.42857143
216231,285096,285102,68865,6,1,28800,6887.1
216232,285121,285507,68889,386,1,28800,179.468911917
216232,285194,285199,68962,5,1,28800,6896.7
216232,285202,285224,68970,22,1,28800,3136.0
216232,285236,285238,69004,2,1,28800,6900.6
216232,285211,285278,68979,67,1,28800,1030.53731343
216233,285251,285279,69018,28,1,28800,2465.92857143
216233,285242,286383,69009,1141,1,28800,61.4811568799
216233,285290,285314,69057,24,1,28800,2878.375
216234,285421,285468,69187,47,1,28800,1473.06382979
216234,285334,285409,69100,75,1,28800,922.333333333
216234,285296,285297,69062,1,1,28800,6906.3
216234,285364,285579,69130,215,1,28800,322.534883721
216235,285561,285653,69326,92,1,28800,754.543478261
216235,285316,285317,69081,1,1,28800,6908.2
216235,285481,285483,69246,2,1,28800,6924.8
216235,285327,285652,69092,325,1,28800,213.590769231
216235,285309,285583,69074,274,1,28800,253.094890511
216236,285614,286112,69378,498,1,28800,140.313253012
216236,285515,285518,69279,3,1,28800,6928.2
216236,285496,286269,69260,773,1,28800,90.5989650712
216236,285598,285601,69362,3,1,28800,6936.5
216237,285554,285556,69317,2,1,28800,6931.9
216237,285522,285541,69285,19,1,28800,3647.57894737
216237,285530,285534,69293,4,1,28800,6929.7
216237,285547,285548,69310,1,1,28800,6931.1
216238,285621,286703,69383,1082,1,28800,65.1247689464
216238,285591,285619,69353,28,1,28800,2477.89285714
216238,285568,285604,69330,36,1,28800,1926.83333333
216238,285573,285680,69335,107,1,28800,648.990654206
216239,285656,285695,69417,39,1,28800,1780.92307692
216239,285663,285681,69424,18,1,28800,3857.88888889
216239,285631,285635,69392,4,1,28800,6939.6
216239,285642,285644,69403,2,1,28800,6940.5
216239,285649,285651,69410,2,1,28800,6941.2
216240,285690,285717,69450,27,1,28800,2573.22222222
216240,285697,286113,69457,416,1,28800,167.963942308
216240,285676,285678,69436,2,1,28800,6943.8
216240,285670,286571,69430,901,1,28800,78.0588235294
216241,285771,285772,69530,1,1,28800,6953.1
216241,285841,285844,69600,3,1,28800,6960.3
216241,285702,285704,69461,2,1,28800,6946.3
216241,285710,285713,69469,3,1,28800,6947.2
216241,285717,285981,69476,264,1,28800,264.166666667
216242,285856,286245,69614,389,1,28800,179.956298201
216242,285732,285738,69490,6,1,28800,6949.6
216242,285932,285934,69690,2,1,28800,6969.2
216243,285764,285765,69521,1,1,28800,6952.2
216243,285750,285752,69507,2,1,28800,6950.9
216243,285739,288938,69496,3199,1,28800,22.7242888403
216243,285776,285777,69533,1,1,28800,6953.4
216244,285821,285824,69577,3,1,28800,6958.0
216244,285789,285822,69545,33,1,28800,2108.42424242
216244,285784,296127,69540,10343,1,28800,7.72338779851
216245,285836,285941,69591,105,1,28800,663.771428571
216245,285946,285947,69701,1,1,28800,6970.2
216245,285951,285969,69706,18,1,28800,3873.55555556
216245,285829,285919,69584,90,1,28800,774.155555556
216246,285969,285971,69723,2,1,28800,6972.5
216246,285958,285959,69712,1,1,28800,6971.3
216246,285964,285966,69718,2,1,28800,6972.0
216246,286012,286015,69766,3,1,28800,6976.9
216246,286007,286093,69761,86,1,28800,812.174418605
216247,285981,285987,69734,6,1,28800,6974.0
216247,285994,285996,69747,2,1,28800,6974.9
216247,285976,286339,69729,363,1,28800,193.090909091
216248,286025,286026,69777,1,1,28800,6977.8
216248,286018,286423,69770,405,1,28800,173.271604938
216248,286030,286105,69782,75,1,28800,931.426666667
216249,286048,286049,69799,1,1,28800,6980.0
216249,286036,286038,69787,2,1,28800,6978.9
216249,286054,286849,69805,795,1,28800,88.8050314465
216249,286043,286049,69794,6,1,28800,6980.0
216250,286066,286067,69816,1,1,28800,6981.7
216250,286072,286081,69822,9,1,28800,6983.1
216250,286061,286135,69811,74,1,28800,944.391891892
216251,286099,286300,69848,201,1,28800,348.502487562
216251,286092,286097,69841,5,1,28800,6984.6
216251,286106,286108,69855,2,1,28800,6985.7
216251,286113,286163,69862,50,1,28800,1398.24
216251,286120,286135,69869,15,1,28800,4658.93333333
216252,286146,286147,69894,1,1,28800,6989.5
216252,286133,286142,69881,9,1,28800,6989.0
216252,286125,286128,69873,3,1,28800,6987.6
216252,286138,287117,69886,979,1,28800,72.3850868233
216253,286158,286164,69905,6,1,28800,6991.1
216253,286166,286168,69913,2,1,28800,6991.5
216253,286153,286192,69900,39,1,28800,1793.30769231
216253,286172,286420,69919,248,1,28800,282.931451613
216254,286191,286215,69937,24,1,28800,2915.04166667
216254,286179,286180,69925,1,1,28800,6992.6
216254,286230,286285,69976,55,1,28800,1273.29090909
216254,286223,286320,69969,97,1,28800,722.329896907
216254,286185,286198,69931,13,1,28800,5380.30769231
216255,286236,286320,69981,84,1,28800,834.107142857
216255,286210,286213,69955,3,1,28800,6995.8
216255,286204,286209,69949,5,1,28800,6995.4
216255,286197,286198,69942,1,1,28800,6994.3
216256,286217,286495,69961,278,1,28800,252.658273381
216256,286289,288325,70033,2036,1,28800,35.3973477407
216256,286241,286242,69985,1,1,28800,6998.6
216256,286254,286623,69998,369,1,28800,190.696476965
216256,286282,286284,70026,2,1,28800,7002.8
216257,286307,286308,70050,1,1,28800,7005.1
216257,286261,286273,70004,12,1,28800,5834.66666667
216257,286294,286755,70037,461,1,28800,152.924078091
216257,286302,286313,70045,11,1,28800,6368.72727273
216258,286329,286331,70071,2,1,28800,7007.3
216258,286315,286317,70057,2,1,28800,7005.9
216258,286335,286337,70077,2,1,28800,7007.9
216259,286348,286640,70089,292,1,28800,241.030821918
216259,286343,286436,70084,93,1,28800,754.591397849
216259,286354,286376,70095,22,1,28800,3187.13636364
216259,286361,286362,70102,1,1,28800,7010.3
216259,286367,286369,70108,2,1,28800,7011.0
216260,286372,286480,70112,108,1,28800,650.185185185
216260,286379,286380,70119,1,1,28800,7012.0
216260,286385,286387,70125,2,1,28800,7012.7
216261,286397,286404,70136,7,1,28800,7014.3
216261,286403,286411,70142,8,1,28800,7015.0
216261,286410,286412,70149,2,1,28800,7015.1
216261,286416,286439,70155,23,1,28800,3051.2173913
216262,286421,286475,70159,54,1,28800,1300.24074074
216262,286439,286440,70177,1,1,28800,7017.8
216262,286428,286429,70166,1,1,28800,7016.7
216263,286460,286466,70197,6,1,28800,7020.3
216263,286472,288229,70209,1757,1,28800,40.9595902106
216263,286479,286498,70216,19,1,28800,3696.57894737
216263,286465,291655,70202,5190,1,28800,14.5263969171
216263,286454,286457,70191,3,1,28800,7019.4
216264,286508,286511,70244,3,1,28800,7024.7
216264,286488,286511,70224,23,1,28800,3054.2173913
216264,286515,286517,70251,2,1,28800,7025.3
216264,286495,286524,70231,29,1,28800,2422.75862069
216265,286530,287816,70265,1286,1,28800,55.6384136858
216265,286523,286524,70258,1,1,28800,7025.9
216265,286535,286539,70270,4,1,28800,7027.4
216265,286543,286544,70278,1,1,28800,7027.9
216266,286561,286585,70295,24,1,28800,2929.95833333
216266,286574,286576,70308,2,1,28800,7031.0
216266,286568,286569,70302,1,1,28800,7030.3
216266,286555,286556,70289,1,1,28800,7029.0
216266,286548,286550,70282,2,1,28800,7028.4
216267,286641,286644,70374,3,1,28800,7037.7
216267,286649,287992,70382,1343,1,28800,53.4065524944
216267,286599,286740,70332,141,1,28800,499.808510638
216268,286610,286709,70342,99,1,28800,711.525252525
216268,286605,287089,70337,484,1,28800,146.324380165
216268,286624,286934,70356,310,1,28800,227.95483871
216268,286656,286658,70388,2,1,28800,7039.0
216268,286617,287124,70349,507,1,28800,139.755424063
216269,286670,288977,70401,2307,1,28800,31.5162548765
216269,286661,286665,70392,4,1,28800,7039.6
216269,286692,286693,70423,1,1,28800,7042.4
216269,286678,286679,70409,1,1,28800,7041.0
216270,286705,290312,70435,3607,1,28800,20.5273080122
216270,286715,286740,70445,25,1,28800,2818.8
216270,286722,289841,70452,3119,1,28800,23.5880089772
216270,286752,286794,70482,42,1,28800,1679.14285714
216270,286758,286759,70488,1,1,28800,7048.9
216271,286767,287280,70496,513,1,28800,138.419103314
216271,286806,287534,70535,728,1,28800,97.8887362637
216271,286774,286907,70503,133,1,28800,531.097744361
216271,286839,286842,70568,3,1,28800,7057.1
216272,286868,301762,70596,14894,1,28800,5.73989525984
216272,286861,286888,70589,27,1,28800,2615.40740741
216272,286854,286855,70582,1,1,28800,7058.3
216272,286900,287071,70628,171,1,28800,414.029239766
216273,287084,287094,70811,10,1,28800,7082.1
216273,286920,286922,70647,2,1,28800,7064.9
216273,286946,287452,70673,506,1,28800,140.669960474
216273,286953,287574,70680,621,1,28800,114.816425121
216273,286934,286935,70661,1,1,28800,7066.2
216274,287108,288802,70834,1694,1,28800,42.8146399055
216274,287101,287104,70827,3,1,28800,7083.0
216274,287130,287136,70856,6,1,28800,7086.2
216274,287116,287119,70842,3,1,28800,7084.5
216275,287234,288540,70959,1306,1,28800,55.3330781011
216275,287143,287646,70868,503,1,28800,141.890656064
216275,287137,288818,70862,1681,1,28800,43.1546698394
216275,287163,287221,70888,58,1,28800,1223.20689655
216275,287150,287151,70875,1,1,28800,7087.6
216276,287379,287639,71103,260,1,28800,274.473076923
216276,287293,287297,71017,4,1,28800,7102.1
216276,287309,287367,71033,58,1,28800,1225.70689655
216277,287587,287589,71310,2,1,28800,7131.2
216277,287601,287616,71324,15,1,28800,4755.93333333
216277,287464,288172,71187,708,1,28800,101.546610169
216277,287547,289028,71270,1481,1,28800,49.1228899392
216278,287643,291405,71365,3762,1,28800,19.9699627858
216278,287651,287752,71373,101,1,28800,707.663366337
216278,287678,287679,71400,1,1,28800,7140.1
216278,287659,287666,71381,7,1,28800,7138.8
216278,287629,287631,71351,2,1,28800,7135.3
216279,287696,287699,71417,3,1,28800,7142.0
216279,287691,287795,71412,104,1,28800,687.653846154
216279,287724,288298,71445,574,1,28800,125.468641115
216280,287778,287951,71498,173,1,28800,414.283236994
216280,287764,287766,71484,2,1,28800,7148.6
216280,287809,287820,71529,11,1,28800,6503.63636364
216280,287828,288126,71548,298,1,28800,241.093959732
216281,287835,287836,71554,1,1,28800,7155.5
216281,287963,288010,71682,47,1,28800,1526.14893617
216281,287848,288384,71567,536,1,28800,134.520522388
216281,288004,288216,71723,212,1,28800,339.316037736
216281,288023,288509,71742,486,1,28800,148.617283951
216282,288138,288206,71856,68,1,28800,1057.70588235
216282,288185,288288,71903,103,1,28800,699.087378641
216282,288228,291162,71946,2934,1,28800,25.5214723926
216282,288218,288220,71936,2,1,28800,7193.8
216283,288236,292289,71953,4053,1,28800,18.7530224525
216283,288285,288286,72002,1,1,28800,7200.3
216283,288298,288319,72015,21,1,28800,3430.28571429
216283,288243,288320,71960,77,1,28800,935.545454545
216284,288312,288314,72028,2,1,28800,7203.0
216284,288333,289627,72049,1294,1,28800,56.6792890263
216284,288305,288342,72021,37,1,28800,1947.51351351
216284,288338,288343,72054,5,1,28800,7205.9
216284,288326,288380,72042,54,1,28800,1335.11111111
216285,288346,288896,72061,550,1,28800,132.02
216285,288368,296092,72083,7724,1,28800,10.3323407561
216285,288354,288356,72069,2,1,28800,7207.1
216286,288392,288394,72106,2,1,28800,7210.8
216286,288375,288529,72089,154,1,28800,469.11038961
216286,288406,288407,72120,1,1,28800,7212.1
216286,288399,288642,72113,243,1,28800,297.761316872
216287,288432,288434,72145,2,1,28800,7214.7
216287,288460,288491,72173,31,1,28800,2329.16129032
216288,288541,288546,72253,5,1,28800,7225.8
216288,288521,289512,72233,991,1,28800,73.8890010091
216288,288504,288633,72216,129,1,28800,560.813953488
216288,288552,288555,72264,3,1,28800,7226.7
216288,288559,289076,72271,517,1,28800,140.789168279
216289,288567,288675,72278,108,1,28800,670.240740741
216289,288661,288665,72372,4,1,28800,7237.6
216289,288645,288647,72356,2,1,28800,7235.8
216289,288654,289292,72365,638,1,28800,114.42476489
216290,288693,288697,72403,4,1,28800,7240.7
216290,288709,289256,72419,547,1,28800,133.393053016
216290,288677,288678,72387,1,1,28800,7238.8
216290,288687,289007,72397,320,1,28800,227.240625
216290,288814,288923,72524,109,1,28800,666.357798165
216291,288940,288953,72649,13,1,28800,5589.38461538
216291,288830,290507,72539,1677,1,28800,44.2552176506
216291,288935,294087,72644,5152,1,28800,15.1001552795
216291,288908,288923,72617,15,1,28800,4842.13333333
216292,288965,290384,72673,1419,1,28800,52.214235377
216292,288990,289101,72698,111,1,28800,655.936936937
216292,288973,288991,72681,18,1,28800,4038.83333333
216292,288950,288961,72658,11,1,28800,6606.27272727
216293,289003,289592,72710,589,1,28800,124.446519525
216293,289019,289069,72726,50,1,28800,1455.52
216293,289081,289308,72788,227,1,28800,321.651982379
216293,289089,289211,72796,122,1,28800,597.68852459
216293,289041,289150,72748,109,1,28800,668.412844037
216294,289162,289166,72868,4,1,28800,7287.2
216294,289178,290553,72884,1375,1,28800,54.0065454545
216294,289128,290848,72834,1720,1,28800,43.3453488372
216294,289113,289115,72819,2,1,28800,7282.1
216295,289283,289285,72988,2,1,28800,7299.0
216295,289223,289226,72928,3,1,28800,7293.1
216295,289238,290868,72943,1630,1,28800,45.7503067485
216295,289297,289380,73002,83,1,28800,880.542168675
216295,289269,289271,72974,2,1,28800,7297.6
216296,289305,289947,73009,642,1,28800,114.721183801
216665,217695,217697,1030,2,8,7200,103.2
216689,224476,224523,7787,47,32,3540,166.680851064
217069,272922,348823,55853,75901,2,172800,1.73586645762
217662,217700,217709,38,9,2,3540,4.7
217667,217674,217679,7,5,1,3540,1.2
218245,218424,225890,179,7466,2,10800,1.02397535494
218549,218612,225151,63,6539,2,10800,1.00963450069
218627,218734,225980,107,7246,2,10800,1.01476676787
218777,218787,225485,10,6698,2,10800,1.00149298298
218818,219772,220013,954,241,4,900,4.95850622407
219403,219767,219817,364,50,8,3600,8.28
219588,219595,226733,7,7138,2,10800,1.00098066685
219681,219687,226080,6,6393,2,10800,1.00093852651
219690,219829,220011,139,182,1,600,1.76373626374
219695,219703,226810,8,7107,2,10800,1.00112565077
219923,220023,220619,100,596,8,3600,1.1677852349
220212,220219,220445,7,226,4,900,1.03097345133
221118,221125,221137,7,12,1,1800,1.58333333333
221172,221179,221481,7,302,1,1800,1.02317880795
221235,221243,226227,8,4984,8,7140,1.00160513644
221663,221670,228689,7,7019,2,10800,1.00099729306
221665,221677,229377,12,7700,2,10800,1.00155844156
221666,221682,228943,16,7261,2,10800,1.00220355323
221667,221688,228438,21,6750,2,10800,1.00311111111
221669,221693,228479,24,6786,2,10800,1.00353669319
221670,221698,227849,28,6151,2,10800,1.00455210535
221672,221711,227899,39,6188,2,10800,1.00630252101
221704,230595,259428,8891,28833,1,28800,1.30836194638
221713,231294,260098,9581,28804,1,28800,1.33262741286
221718,234856,263696,13138,28840,1,28800,1.45554785021
221734,235297,264118,13563,28821,1,28800,1.47059435828
221761,239120,267940,17359,28820,1,28800,1.60232477446
221766,239295,268132,17529,28837,1,28800,1.60786489579
221771,239644,268448,17873,28804,1,28800,1.62050409665
221784,239657,268465,17873,28808,1,28800,1.62041793946
221819,240238,269066,18419,28828,1,28800,1.63892743166
221827,240318,269126,18491,28808,1,28800,1.6418703138
221832,247180,276003,25348,28823,1,28800,1.87943656108
221850,259440,288273,37590,28833,1,28800,2.30371449381
221874,260110,274907,38236,14797,1,28800,3.58403730486
221924,263708,278515,41784,14807,1,28800,3.82190855676
221932,264130,278984,42198,14854,1,28800,3.84085094924
221939,272776,286612,50837,13836,1,28800,4.67425556519
221975,221982,222191,7,209,4,900,1.03349282297
222141,222149,222151,8,2,1,120,1.0
222298,222304,222307,6,3,1,120,1.0
222639,272809,301618,50170,28809,1,28800,2.74146967961
222646,222653,222655,7,2,1,120,1.0
222651,273192,302028,50541,28836,1,28800,2.75270495214
222667,273198,302020,50531,28822,1,28800,2.75320935397
222675,273882,302715,51207,28833,1,28800,2.77598584955
222980,222987,223587,7,600,8,1800,1.01166666667
223020,223027,223033,7,6,1,1800,1.3
223041,223047,226080,6,3033,1,3600,1.00197823937
223323,458102,458126,234779,24,8,172800,9783.45833333
223477,223483,230159,6,6676,2,10800,1.00089874176
223527,223535,223737,8,202,4,900,1.0396039604
223794,223800,224002,6,202,4,900,1.0297029703
224098,224105,224106,7,1,1,120,1.0
224449,224456,224583,7,127,4,900,1.05511811024
224504,226251,226402,1747,151,1,120,12.5695364238
224639,226557,226757,1918,200,4,900,10.59
224694,226769,226972,2075,203,4,900,11.2216748768
224701,231756,232352,7055,596,8,900,12.8372483221
224788,226256,226401,1468,145,1,120,11.124137931
225491,225519,233108,28,7589,2,10800,1.00368955067
225524,225532,232116,8,6584,2,10800,1.00121506683
225890,225902,232708,12,6806,2,10800,1.00176315016
225984,225993,233269,9,7276,2,10800,1.00123694338
226080,226098,232830,18,6732,2,10800,1.00267379679
226618,231742,231745,5124,3,6,7200,512.7
226735,226745,234398,10,7653,2,10800,1.00130667712
226776,226984,226985,208,1,1,120,20.9
226814,226823,233992,9,7169,2,10800,1.00125540522
226893,226990,226991,97,1,1,120,9.8
227676,227682,231730,6,4048,2,14400,1.00148221344
227728,227819,227820,91,1,2,600,9.2
227852,227861,234839,9,6978,2,10800,1.00128976784
227900,227912,234470,12,6558,2,10800,1.00182982617
227987,228475,228597,488,122,1,120,5.0
228440,228451,235694,11,7243,2,10800,1.00151870772
228482,228490,235279,8,6789,2,10800,1.00117837679
228693,228700,234825,7,6125,2,10800,1.00114285714
228946,228954,236118,8,7164,2,10800,1.00111669458
229380,229387,236486,7,7099,2,10800,1.00098605437
229561,229569,229577,8,8,1,1800,1.6
230063,230070,230380,7,310,1,1800,1.02258064516
230161,230168,236588,7,6420,2,10800,1.00109034268
230247,267952,280010,37705,12058,1,17999,4.12696964671
230469,230477,230803,8,326,1,3540,1.0245398773
230615,242541,243358,11926,817,8,3540,15.5973072215
230716,230815,230884,99,69,1,3540,2.4347826087
231076,231083,231173,7,90,1,3540,1.07777777778
232119,232126,238893,7,6767,2,10800,1.0010344318
232176,289525,289609,57349,84,1,23400,683.726190476
232176,268144,291581,35968,23437,1,23400,2.53466740624
232176,271397,294825,39221,23428,1,23400,2.67410790507
232176,272696,296134,40520,23438,1,23400,2.72881645192
232176,289501,289635,57325,134,1,23400,428.798507463
232177,272703,274191,40526,1488,1,23400,28.2352150538
232177,271480,294900,39303,23420,1,23400,2.67818104184
232177,268460,291897,36283,23437,1,23400,2.54810769296
232180,289452,289488,57272,36,1,23400,1591.88888889
232180,289604,289637,57424,33,1,23400,1741.12121212
232181,272708,272796,40527,88,1,23400,461.534090909
232417,289320,289853,56903,533,1,23400,107.759849906
232417,268477,269410,36060,933,1,23400,39.6495176849
232417,271570,272243,39153,673,1,23400,59.176820208
232645,297069,318724,64424,21655,20,86399,3.97501731702
232710,232717,239141,7,6424,2,10800,1.00108966376
232834,232841,238946,7,6105,2,10800,1.00114660115
233112,233119,239437,7,6318,2,10800,1.00110794555
233271,233278,239855,7,6577,2,10800,1.00106431504
233856,272511,276140,38655,3629,4,36120,11.6516946817
233995,234001,240565,6,6564,2,10800,1.00091407678
234402,234409,240828,7,6419,2,10800,1.00109051254
234472,234479,241687,7,7208,2,10800,1.00097114317
234654,273187,318541,38533,45354,2,72000,1.84960532698
234827,234835,241214,8,6379,2,10800,1.00125411507
234842,234848,241122,6,6274,2,10800,1.0009563277
235176,270702,273175,35526,2473,4,18000,15.3655479175
235180,270904,272098,35724,1194,4,18000,30.9195979899
235283,235292,242094,9,6802,2,10800,1.00132314025
235462,270697,270892,35235,195,4,600,181.692307692
235698,235707,242589,9,6882,2,10800,1.00130775937
236120,236131,242657,11,6526,2,10800,1.00168556543
236489,236498,243336,9,6838,2,10800,1.00131617432
236588,236600,242894,12,6294,2,10800,1.00190657769
237003,272110,272305,35107,195,4,600,181.035897436
237023,272318,272521,35295,203,4,600,174.866995074
237074,272533,272534,35459,1,4,600,3546.0
238264,239288,419332,1024,180044,10,180000,1.00568749861
238319,242516,422533,4197,180017,10,180000,1.02331446474
238561,239778,272499,1217,32721,4,32700,1.03719323982
238894,238905,245311,11,6406,2,10800,1.00171714018
238950,238958,245278,8,6320,2,10800,1.00126582278
239144,239153,246356,9,7203,2,10800,1.00124947938
239442,239449,245510,7,6061,2,10800,1.00115492493
239859,239867,245962,8,6095,2,10800,1.00131255127
240569,240578,247055,9,6477,2,10800,1.00138953219
240833,240840,248108,7,7268,2,10800,1.00096312603
241125,241134,247771,9,6637,2,10800,1.00135603435
241217,241226,247933,9,6707,2,10800,1.00134188162
241690,241699,248660,9,6961,2,10800,1.00129291768
242099,242106,248903,7,6797,2,10800,1.00102986612
242591,242601,249521,10,6920,2,10800,1.00144508671
242616,243166,279206,550,36040,16,36000,1.01526082131
242661,242669,249256,8,6587,2,10800,1.00121451344
242719,243370,279379,651,36009,8,36000,1.01807881363
242897,242906,250361,9,7455,2,10800,1.00120724346
243337,243348,249822,11,6474,2,10800,1.00169910411
245280,245290,252108,10,6818,2,10800,1.00146670578
245313,245323,251777,10,6454,2,10800,1.00154942671
245512,245522,252243,10,6721,2,10800,1.00148787383
245593,274322,274324,28729,2,1,240,2873.1
245964,245974,252130,10,6156,2,10800,1.00162443145
246359,246368,253632,9,7264,2,10800,1.00123898678
247056,247067,253697,11,6630,2,10800,1.00165912519
247774,247783,254311,9,6528,2,10800,1.00137867647
247926,264113,270641,16187,6528,16,7200,3.47962622549
247937,247945,254920,8,6975,2,10800,1.00114695341
248108,248120,255126,12,7006,2,10800,1.00171281758
248663,248672,255013,9,6341,2,10800,1.00141933449
248703,326205,329438,77502,3233,16,108000,24.9721620786
248905,248916,255867,11,6951,2,10800,1.00158250611
249257,249268,255821,11,6553,2,10800,1.00167862048
249522,249533,256123,11,6590,2,10800,1.00166919575
249824,249835,256206,11,6371,2,10800,1.00172657354
250171,272685,272686,22514,1,2,600,2251.5
250361,250373,256633,12,6260,2,10800,1.00191693291
251778,251789,257862,11,6073,2,10800,1.0018112959
252110,252120,259452,10,7332,2,10800,1.00136388434
252131,252142,259072,11,6930,2,10800,1.00158730159
252245,252255,259140,10,6885,2,10800,1.00145243282
253633,253645,260136,12,6491,2,10800,1.0018487136
253699,253709,260380,10,6671,2,10800,1.00149902563
254314,254324,260384,10,6060,2,10800,1.00165016502
254920,254932,261843,12,6911,2,10800,1.00173636232
255014,255025,262120,11,7095,2,10800,1.0015503876
255128,255138,261495,10,6357,2,10800,1.00157306906
255822,255833,262154,11,6321,2,10800,1.00174023098
255870,255879,262264,9,6385,2,10800,1.00140955364
256126,256135,262678,9,6543,2,10800,1.00137551582
256208,256218,262780,10,6562,2,10800,1.00152392563
256633,256646,263935,13,7289,2,10800,1.0017835094
257768,269078,269330,11310,252,1,3540,45.880952381
257865,257875,264494,10,6619,2,10800,1.00151080224
258011,274395,274542,16384,147,2,2400,112.455782313
258137,269138,271188,11001,2050,1,3540,6.36634146341
258214,269342,269520,11128,178,1,3540,63.5168539326
258262,269422,269687,11160,265,1,3540,43.1132075472
258311,269532,270014,11221,482,1,3540,24.2800829876
258315,296430,296937,38115,507,64,3540,76.1775147929
258383,269699,270060,11316,361,1,3540,32.3462603878
258431,270026,270534,11595,508,1,3540,23.8248031496
258480,270072,270548,11592,476,1,3540,25.3529411765
258532,270546,271052,12014,506,1,3540,24.743083004
258580,270560,271038,11980,478,1,3540,26.0627615063
258629,271050,271558,12421,508,1,3540,25.4507874016
258826,271064,271330,12238,266,1,3540,47.007518797
259074,259084,265698,10,6614,2,10800,1.00151194436
259092,271200,271385,12108,185,1,3540,66.4486486486
259144,259152,265875,8,6723,2,10800,1.00118994497
259279,272546,272673,13267,127,4,3540,105.464566929
259330,271342,271467,12012,125,1,3540,97.096
259455,259465,266258,10,6793,2,10800,1.00147210364
260137,260148,266648,11,6500,2,10800,1.00169230769
260382,260392,267054,10,6662,2,10800,1.00150105074
260396,260403,267026,7,6623,2,10800,1.00105692284
261202,270653,270684,9451,31,8,14400,305.870967742
261497,261507,268264,10,6757,2,10800,1.00147994672
261847,261855,268712,8,6857,2,10800,1.00116669097
262121,262132,268841,11,6709,2,10800,1.00163958861
262157,262166,268524,9,6358,2,10800,1.00141553948
262266,262276,269030,10,6754,2,10800,1.00148060409
262679,262690,269543,11,6853,2,10800,1.00160513644
262781,262793,269948,12,7155,2,10800,1.00167714885
263937,263947,270826,10,6879,2,10800,1.00145369967
264495,264506,270760,11,6254,2,10800,1.00175887432
265701,265710,272798,9,7088,2,10800,1.00126975169
265876,265887,272355,11,6468,2,10800,1.00170068027
266259,266270,272845,11,6575,2,10800,1.0016730038
266651,266660,273364,9,6704,2,10800,1.0013424821
267027,267038,273944,11,6906,2,10800,1.00159281784
267057,267066,274185,9,7119,2,10800,1.0012642225
267830,272256,272264,4426,8,1,3600,443.4
268267,268276,274891,9,6615,2,10800,1.00136054422
268526,268536,275351,10,6815,2,10800,1.00146735143
268713,268724,275460,11,6736,2,10800,1.00163301663
268842,268854,275735,12,6881,2,10800,1.00174393257
269032,269042,275162,10,6120,2,10800,1.00163398693
269545,269555,275821,10,6266,2,10800,1.00159591446
269949,269960,276552,11,6592,2,10800,1.00166868932
270762,270772,276789,10,6017,2,10800,1.00166195779
270829,270839,278209,10,7370,2,10800,1.0013568521
271335,272274,272282,939,8,1,1800,94.7
271704,272292,272586,588,294,1,3600,3.0
272358,272368,278943,10,6575,2,10800,1.00152091255
272376,272596,272858,220,262,1,3600,1.83969465649
272458,272690,272766,232,76,1,1800,4.05263157895
272720,272868,273574,148,706,1,3600,1.20963172805
272802,272816,278979,14,6163,2,10800,1.00227162096
272847,272857,279826,10,6969,2,10800,1.0014349261
272992,273584,274388,592,804,1,3600,1.73631840796
273224,274214,274312,990,98,1,1800,11.1020408163
273366,273376,280599,10,7223,2,10800,1.00138446629
273818,274219,275433,401,1214,1,3600,1.33031301483
273945,273962,281242,17,7280,2,10800,1.00233516484
274186,274202,280816,16,6614,2,10800,1.00241911098
274627,274634,275614,7,980,1,3600,1.00714285714
274892,274903,281593,11,6690,2,10800,1.00164424514
275163,275174,282150,11,6976,2,10800,1.00157683486
275229,275625,276012,396,387,1,1800,2.02325581395
275353,275365,281886,12,6521,2,10800,1.00184020856
275462,275472,282736,10,7264,2,10800,1.00137665198
275733,275747,282494,14,6747,2,10800,1.00207499629
275824,275832,282655,8,6823,2,10800,1.00117250476
276050,276061,276066,11,5,1,3600,1.6
276176,276195,276274,19,79,1,3600,1.24050632911
276247,276286,276365,39,79,1,3600,1.49367088608
276389,276396,276669,7,273,1,3600,1.02564102564
276481,276679,277097,198,418,1,3600,1.47368421053
276554,276563,283601,9,7038,2,10800,1.00127877238
276674,277116,277124,442,8,1,1800,45.0
276792,276801,283545,9,6744,2,10800,1.00133451957
276979,277121,277746,142,625,1,3600,1.2272
277272,277278,277318,6,40,1,1800,1.15
277377,277384,278205,7,821,1,3600,1.00852618758
277679,278218,278302,539,84,1,1800,7.41666666667
278212,278236,284767,24,6531,2,10800,1.00367478181
278927,278939,279192,12,253,1,1800,1.04743083004
278946,278970,285090,24,6120,2,10800,1.00392156863
278979,278988,285804,9,6816,2,10800,1.00132042254
279022,279204,279279,182,75,1,1800,3.42666666667
279522,279530,279619,8,89,1,1800,1.08988764045
279827,279834,286564,7,6730,2,10800,1.00104011887
280108,280115,280481,7,366,1,1800,1.01912568306
280602,280614,287502,12,6888,2,10800,1.00174216028
280819,280826,287880,7,7054,2,10800,1.00099234477
281245,281251,287737,6,6486,2,10800,1.00092506938
281594,281606,288846,12,7240,2,10800,1.00165745856
281609,286581,286619,4972,38,1,1800,131.842105263
281887,281894,288184,7,6290,2,10800,1.00111287758
282152,282161,288852,9,6691,2,10800,1.00134509042
282496,282504,289105,8,6601,2,10800,1.00121193759
282656,282666,289105,10,6439,2,10800,1.00155303619
282738,282750,289105,12,6355,2,10800,1.00188827695
283237,286636,286675,3399,39,16,3540,88.1538461538
283246,296949,297041,13703,92,64,3540,149.945652174
283546,283552,289105,6,5553,2,10800,1.00108049703
283603,283610,289105,7,5495,2,10800,1.00127388535
284769,284776,289105,7,4329,2,10800,1.00161700162
285091,285103,289105,12,4002,2,10800,1.00299850075
285806,285816,289105,10,3289,2,10800,1.00304043782
286248,286446,319154,198,32708,4,32700,1.00605356488
286283,290396,293630,4113,3234,8,18000,2.27179962894
286567,286586,289105,19,2519,2,10800,1.00754267566
286869,286875,286947,6,72,1,1800,1.08333333333
287505,287511,289105,6,1594,2,10800,1.00376411543
287558,287564,287800,6,236,1,1800,1.02542372881
287740,287748,289105,8,1357,2,10800,1.00589535741
287882,287889,289105,7,1216,2,10800,1.00575657895
288184,288191,289105,7,914,2,10800,1.00765864333
288814,288820,290049,6,1229,1,1800,1.0048820179
288850,288856,289105,6,249,2,10800,1.02409638554
288865,288871,289105,6,234,2,10800,1.02564102564
289363,289369,296123,6,6754,2,14400,1.00088836245
289364,289376,296793,12,7417,2,14400,1.00161790481
289365,289381,296711,16,7330,2,14400,1.00218281037
289367,289386,296423,19,7037,2,14400,1.00270001421
289368,289392,296050,24,6658,2,14400,1.00360468609
289369,289397,296164,28,6767,2,14400,1.00413772721
289371,289404,296627,33,7223,2,14400,1.00456873875
289372,289409,296323,37,6914,2,14400,1.0053514608
289374,289415,296038,41,6623,2,14400,1.00619054809
289375,289420,295637,45,6217,2,14400,1.00723821779
289376,289425,296864,49,7439,2,14400,1.00658690684
289378,289431,296205,53,6774,2,14400,1.00782403307
289379,289436,295602,57,6166,2,14400,1.00924424262
289381,289441,295618,60,6177,2,14400,1.00971345313
289382,289447,290497,65,1050,2,14400,1.0619047619
289885,289891,333127,6,43236,2,43200,1.00013877324
290166,290173,290770,7,597,8,900,1.01172529313
290498,290509,293304,11,2795,2,14400,1.00393559928
290591,290881,292944,290,2063,4,36120,1.14057198255
292292,292299,293853,7,1554,8,1800,1.0045045045
292379,292385,458020,6,165635,4,165600,1.00003622423
292816,292822,293557,6,735,1,1800,1.00816326531
292939,304184,310182,11245,5998,16,7200,2.8747915972
293307,293314,294486,7,1172,2,14400,1.00597269625
293375,293381,294645,6,1264,1,1800,1.00474683544
293580,294100,297255,520,3155,4,36120,1.1648177496
293858,312422,338639,18564,26217,1,216000,1.7080901705
293989,293995,294639,6,644,1,1800,1.00931677019
294205,294212,294807,7,595,8,900,1.01176470588
294469,294476,294478,7,2,1,120,1.0
294488,294494,301299,6,6805,2,14400,1.00088170463
294806,319071,319601,24265,530,32,3540,46.7830188679
294882,294889,320958,7,26069,10,57600,1.00026851816
295058,296441,325122,1383,28681,8,57600,1.04822007601
295605,295611,299299,6,3688,2,14400,1.00162689805
295619,295625,302585,6,6960,2,14400,1.00086206897
295640,295647,302351,7,6704,2,14400,1.00104415274
295970,311984,319205,16014,7221,24,7199,3.21769837973
296002,297430,297976,1428,546,4,1800,3.61538461538
296040,296047,302290,7,6243,2,14400,1.00112125581
296055,296061,301625,6,5564,2,14400,1.00107836089
296082,296146,296316,64,170,2,36000,1.37647058824
296124,296130,302125,6,5995,2,14400,1.00100083403
296165,296173,303549,8,7376,2,14400,1.0010845987
296182,298003,298005,1821,2,6,3600,182.3
296209,296215,302727,6,6512,2,14400,1.00092137592
296323,296329,303000,6,6671,2,14400,1.00089941538
296425,296448,303585,23,7137,2,14400,1.00322264257
296459,297268,297433,809,165,2,36000,5.90303030303
296536,357985,368055,61449,10070,20,43199,7.10218470705
296629,296636,302895,7,6259,2,14400,1.00111838952
296713,296720,303496,7,6776,2,14400,1.00103305785
296794,296800,304299,6,7499,2,14400,1.00080010668
296867,296873,303606,6,6733,2,14400,1.00089113322
297310,326255,398271,28945,72016,16,72000,1.40192457232
297908,297988,297991,80,3,4,600,8.3
298156,298162,298357,6,195,4,600,1.03076923077
298638,298644,298646,6,2,4,600,1.0
298713,298719,299955,6,1236,1,3600,1.00485436893
298751,298757,298759,6,2,4,600,1.0
299137,299143,299145,6,2,4,600,1.0
299189,299196,299311,7,115,4,600,1.06086956522
299300,299307,306471,7,7164,2,14400,1.00097710776
299459,299465,299585,6,120,4,600,1.05
299717,326244,434254,26527,108010,30,108000,1.24559762985
299853,299860,299973,7,113,4,600,1.06194690265
299945,299965,300112,20,147,4,600,1.13605442177
299975,299984,300090,9,106,4,600,1.08490566038
300268,458118,671668,157850,213550,6,259200,1.7391711543
300543,933126,1510572,632583,577446,6,604800,2.09548425307
300780,300787,300941,7,154,4,600,1.04545454545
300834,300842,300995,8,153,4,600,1.0522875817
301303,301315,301318,12,3,1,3540,1.5
301303,301310,308665,7,7355,2,14400,1.00095173351
301310,301321,301326,11,5,2,3540,1.6
301317,301338,301343,21,5,4,3540,2.6
301321,301328,301336,7,8,8,3540,1.5
301326,311195,311206,9869,11,16,3540,898.181818182
301330,319076,319095,17746,19,32,3540,935.0
301334,318818,318853,17484,35,64,3540,500.542857143
301340,326157,326232,24817,75,128,3540,331.893333333
301626,301633,308622,7,6989,2,14400,1.0010015739
301796,301802,312435,6,10633,8,18000,1.00056428101
302126,302133,309063,7,6930,2,14400,1.00101010101
302291,302297,307315,6,5018,2,14400,1.0011956955
302351,302357,308553,6,6196,2,14400,1.00096836669
302586,302593,308938,7,6345,2,14400,1.00110323089
302727,302734,308867,7,6133,2,14400,1.00114136638
302895,302902,309721,7,6819,2,14400,1.00102654348
303000,303008,309437,8,6429,2,14400,1.00124436149
303118,303124,310068,6,6944,4,18000,1.0008640553
303330,303337,304315,7,978,4,3600,1.00715746421
303491,303497,303505,6,8,1,3600,1.4
303497,303504,310312,7,6808,2,14400,1.00102820212
303516,336707,365096,33191,28389,4,36000,2.1691500229
303552,303559,310510,7,6951,2,14400,1.00100704935
303588,303594,310132,6,6538,2,14400,1.00091771184
303609,303616,310185,7,6569,2,14400,1.0010656112
303734,336725,365037,32991,28312,4,36000,2.16526561175
303829,303837,304171,8,334,1,3600,1.02395209581
303973,303979,304619,6,640,4,1800,1.009375
304301,304308,311266,7,6958,2,14400,1.00100603622
304382,933120,1022475,628738,89355,20,432000,8.03640534945
305499,305506,306137,7,631,4,3600,1.01109350238
306474,306480,312615,6,6135,2,14400,1.00097799511
306783,306791,307688,8,897,1,1800,1.00891861761
307157,307169,307180,12,11,1,3600,2.09090909091
307319,307326,313953,7,6627,2,14400,1.0010562849
307453,307459,307469,6,10,1,3600,1.6
308556,308562,313509,6,4947,2,14400,1.00121285628
308623,308629,314910,6,6281,2,14400,1.0009552619
308668,308674,315576,6,6902,2,14400,1.00086931324
308870,308876,315326,6,6450,2,14400,1.00093023256
308939,308945,315573,6,6628,2,14400,1.00090525045
308947,308958,309107,11,149,4,600,1.07382550336
309065,309071,315040,6,5969,2,14400,1.0010051935
309343,309350,309441,7,91,2,14400,1.07692307692
309402,309409,309544,7,135,4,14520,1.05185185185
309439,309446,316803,7,7357,2,14400,1.00095147479
309471,309477,309543,6,66,4,600,1.09090909091
309542,309556,309710,14,154,4,600,1.09090909091
309621,309722,309813,101,91,2,14400,2.10989010989
309637,309656,309710,19,54,1,28800,1.35185185185
309637,309643,309644,6,1,1,28800,1.0
309637,309727,309730,90,3,1,28800,9.3
309638,309741,309742,103,1,1,28800,10.4
309638,309755,309756,117,1,1,28800,11.8
309639,310091,310092,452,1,1,28800,45.3
309639,310117,310118,478,1,1,28800,47.9
309639,309768,310079,129,311,1,28800,1.41479099678
309640,310149,310150,509,1,1,28800,51.0
309640,310162,310163,522,1,1,28800,52.3
309640,310130,310131,490,1,1,28800,49.1
309641,310464,310465,823,1,1,28800,82.4
309641,310274,310452,633,178,1,28800,4.55617977528
309641,310188,310262,547,74,1,28800,8.39189189189
309642,310528,310586,886,58,1,28800,16.275862069
309642,310503,310511,861,8,1,28800,86.9
309643,310683,310687,1040,4,1,28800,104.4
309643,310598,310670,955,72,1,28800,14.2638888889
309644,310711,310721,1067,10,1,28800,107.7
309644,310733,310734,1089,1,1,28800,109.0
309644,310747,310748,1103,1,1,28800,110.4
309645,311090,311390,1445,300,1,28800,5.81666666667
309645,310773,310811,1128,38,1,28800,30.6842105263
309645,310823,311078,1178,255,1,28800,5.61960784314
309646,311409,312405,1763,996,1,28800,2.77008032129
309646,313082,315440,3436,2358,1,28800,2.45716709075
309646,313061,313070,3415,9,1,28800,342.4
309647,315768,316160,6121,392,1,28800,16.6147959184
309647,315744,315745,6097,1,1,28800,609.8
309647,316172,316177,6525,5,1,28800,653.0
309647,315452,315732,5805,280,1,28800,21.7321428571
309648,317474,317475,7826,1,1,28800,782.7
309648,316202,317462,6554,1260,1,28800,6.20158730159
309648,316189,316190,6541,1,1,28800,654.2
309649,317532,317533,7883,1,1,28800,788.4
309649,317518,317519,7869,1,1,28800,787.0
309649,317487,317494,7838,7,1,28800,784.5
309650,317557,317559,7907,2,1,28800,790.9
309650,317579,317582,7929,3,1,28800,793.2
309651,317716,317720,8065,4,1,28800,806.9
309651,317607,317727,7956,120,1,28800,67.3
309652,317739,317758,8087,19,1,28800,426.631578947
309652,317746,317765,8094,19,1,28800,427.0
309652,317732,317733,8080,1,1,28800,808.1
309653,317777,317838,8124,61,1,28800,134.180327869
309653,317784,317785,8131,1,1,28800,813.2
309653,317770,317772,8117,2,1,28800,811.9
309654,317809,318140,8155,331,1,28800,25.6374622356
309654,317850,317851,8196,1,1,28800,819.7
309655,317864,317883,8209,19,1,28800,433.052631579
309655,317911,317916,8256,5,1,28800,826.1
309655,317895,317899,8240,4,1,28800,824.4
309655,317929,317949,8274,20,1,28800,414.7
309656,317961,317964,8305,3,1,28800,830.8
309656,317990,317991,8334,1,1,28800,833.5
309657,318033,318040,8376,7,1,28800,838.3
309657,318003,318008,8346,5,1,28800,835.1
309658,323398,323399,13740,1,1,28800,1374.1
309658,318052,321538,8394,3486,1,28800,3.40791738382
309658,318152,318897,8494,745,1,28800,12.4013422819
309659,323449,323450,13790,1,1,28800,1379.1
309659,323412,323416,13753,4,1,28800,1375.7
309659,323428,323437,13769,9,1,28800,1377.8
309660,323953,323954,14293,1,1,28800,1429.4
309660,323462,323940,13802,478,1,28800,29.8744769874
309660,323993,324001,14333,8,1,28800,1434.1
309660,323966,323980,14306,14,1,28800,1022.85714286
309661,324014,324017,14353,3,1,28800,1435.6
309661,324029,324030,14368,1,1,28800,1436.9
309661,324042,324078,14381,36,1,28800,400.472222222
309662,326117,326318,16455,201,1,28800,82.8656716418
309662,324104,326105,14442,2001,1,28800,8.21739130435
309662,324090,324092,14428,2,1,28800,1443.0
309663,326287,326288,16624,1,1,28800,1662.5
309664,326309,326312,16645,3,1,28800,1664.8
309664,326324,326341,16660,17,1,28800,981.0
309665,326344,326923,16679,579,1,28800,29.8065630397
309665,326336,326338,16671,2,1,28800,1667.3
309666,326358,326372,16692,14,1,28800,1193.28571429
309667,326385,326443,16718,58,1,28800,289.24137931
309667,326405,326433,16738,28,1,28800,598.785714286
309667,326392,326393,16725,1,1,28800,1672.6
309668,326445,326736,16777,291,1,28800,58.6529209622
309668,326749,326758,17081,9,1,28800,1709.0
309668,326460,327138,16792,678,1,28800,25.7669616519
309669,326770,326779,17101,9,1,28800,1711.0
309669,326791,326792,17122,1,1,28800,1712.3
309670,326829,326830,17159,1,1,28800,1716.0
309671,326855,327595,17184,740,1,28800,24.2216216216
309671,326936,326937,17265,1,1,28800,1726.6
309671,326949,327073,17278,124,1,28800,140.338709677
309672,327150,327152,17478,2,1,28800,1748.0
309672,327086,327087,17414,1,1,28800,1741.5
309672,327099,327628,17427,529,1,28800,33.943289225
309673,327176,327454,17503,278,1,28800,63.9604316547
309673,327466,327487,17793,21,1,28800,848.285714286
309674,327556,327557,17882,1,1,28800,1788.3
309674,327499,327544,17825,45,1,28800,397.111111111
309675,327695,327696,18020,1,1,28800,1802.1
309675,327607,327669,17932,62,1,28800,290.225806452
309676,327635,327636,17959,1,1,28800,1796.0
309676,327642,327658,17966,16,1,28800,1123.875
309676,327612,327623,17936,11,1,28800,1631.54545455
309676,327649,327658,17973,9,1,28800,1798.2
309677,327670,327671,17993,1,1,28800,1799.4
309677,327675,327682,17998,7,1,28800,1800.5
309677,327683,327686,18006,3,1,28800,1800.9
309678,327713,328863,18035,1150,1,28800,16.6826086957
309678,327707,328234,18029,527,1,28800,35.210626186
309678,327688,327689,18010,1,1,28800,1801.1
309679,327758,327775,18079,17,1,28800,1064.47058824
309679,327733,327746,18054,13,1,28800,1389.76923077
309679,327720,327721,18041,1,1,28800,1804.2
309680,327787,327788,18107,1,1,28800,1810.8
309680,327814,328213,18134,399,1,28800,46.4486215539
309681,328226,328227,18545,1,1,28800,1854.6
309681,328239,328265,18558,26,1,28800,714.769230769
309681,328277,328278,18596,1,1,28800,1859.7
309681,328246,328670,18565,424,1,28800,44.7853773585
309682,328304,328315,18622,11,1,28800,1693.90909091
309682,328328,328329,18646,1,1,28800,1864.7
309683,328342,328343,18659,1,1,28800,1866.0
309683,328355,328609,18672,254,1,28800,74.5118110236
309683,328621,328623,18938,2,1,28800,1894.0
309684,328682,328684,18998,2,1,28800,1900.0
309684,328635,328768,18951,133,1,28800,143.488721805
309684,328781,328979,19097,198,1,28800,97.4494949495
309685,328992,328993,19307,1,1,28800,1930.8
309685,328875,331328,19190,2453,1,28800,8.8230737872
309685,328708,328997,19023,289,1,28800,66.8235294118
309687,329046,329047,19359,1,1,28800,1936.0
309687,329034,329035,19347,1,1,28800,1934.8
309687,329027,329029,19340,2,1,28800,1934.2
309688,329053,329063,19365,10,1,28800,1937.5
309688,329297,329298,19609,1,1,28800,1961.0
309688,329060,329525,19372,465,1,28800,42.6602150538
309689,329126,329132,19437,6,1,28800,1944.3
309689,329145,329284,19456,139,1,28800,140.971223022
309689,329311,330217,19622,906,1,28800,22.6578366446
309689,329081,329114,19392,33,1,28800,588.636363636
309690,330229,330231,20539,2,1,28800,2054.1
309690,330243,330245,20553,2,1,28800,2055.5
309690,329537,329538,19847,1,1,28800,1984.8
309691,330257,330258,20566,1,1,28800,2056.7
309691,329551,329731,19860,180,1,28800,111.333333333
309691,329744,330775,20053,1031,1,28800,20.4500484966
309692,330270,330273,20578,3,1,28800,2058.1
309692,330285,330286,20593,1,1,28800,2059.4
309693,330350,330425,20657,75,1,28800,276.426666667
309693,330298,330300,20605,2,1,28800,2060.7
309694,330658,330680,20964,22,1,28800,953.909090909
309694,330438,330646,20744,208,1,28800,100.730769231
309694,330692,330693,20998,1,1,28800,2099.9
309695,330746,330992,21051,246,1,28800,86.5731707317
309695,330727,330728,21032,1,1,28800,2103.3
309695,330706,330714,21011,8,1,28800,2101.9
309696,331004,331074,21308,70,1,28800,305.4
309696,330787,331002,21091,215,1,28800,99.0976744186
309696,331015,331050,21319,35,1,28800,610.114285714
309697,331147,331555,21450,408,1,28800,53.5735294118
309697,331076,331135,21379,59,1,28800,363.355932203
309697,331062,331063,21365,1,1,28800,2136.6
309697,331086,331275,21389,189,1,28800,114.169312169
309698,331287,331288,21589,1,1,28800,2159.0
309698,331352,332725,21654,1373,1,28800,16.7713037145
309698,331371,331791,21673,420,1,28800,52.6023809524
309699,331568,331569,21869,1,1,28800,2187.0
309699,331307,331312,21608,5,1,28800,2161.3
309700,331345,331358,21645,13,1,28800,1666.0
309700,332306,332307,22606,1,1,28800,2260.7
309701,332319,332320,22618,1,1,28800,2261.9
309701,332405,332466,22704,61,1,28800,373.196721311
309701,332392,332393,22691,1,1,28800,2269.2
309702,331620,331659,21918,39,1,28800,563.0
309703,331803,332262,22100,459,1,28800,49.1481481481
309703,332275,332294,22572,19,1,28800,1189.0
309703,331672,332365,21969,693,1,28800,32.7012987013
309704,332333,332335,22629,2,1,28800,2263.1
309704,332378,332379,22674,1,1,28800,2267.5
309704,332347,332516,22643,169,1,28800,134.982248521
309705,332478,332490,22773,12,1,28800,1898.75
309705,332528,332530,22823,2,1,28800,2282.5
309705,332503,333575,22798,1072,1,28800,22.2667910448
309706,332555,332934,22849,379,1,28800,61.2875989446
309706,332737,332745,23031,8,1,28800,2303.9
309707,332770,332771,23063,1,1,28800,2306.4
309707,332783,332841,23076,58,1,28800,398.862068966
309708,332853,332856,23145,3,1,28800,2314.8
309708,333067,333068,23359,1,1,28800,2336.0
309708,332946,334653,23238,1707,1,28800,14.6133567663
309708,332868,333054,23160,186,1,28800,125.516129032
309709,333139,333140,23430,1,1,28800,2343.1
309709,333144,333178,23435,34,1,28800,690.264705882
309709,333081,333158,23372,77,1,28800,304.532467532
309710,333210,333211,23500,1,1,28800,2350.1
309710,333164,333177,23454,13,1,28800,1805.15384615
309711,333224,333241,23513,17,1,28800,1384.11764706
309711,333171,333297,23460,126,1,28800,187.19047619
309711,333189,333190,23478,1,1,28800,2347.9
309712,333196,333197,23484,1,1,28800,2348.5
309712,333231,333234,23519,3,1,28800,2352.2
309713,333448,333554,23735,106,1,28800,224.91509434
309713,333324,333645,23611,321,1,28800,74.554517134
309714,333253,333687,23539,434,1,28800,55.2373271889
309714,333658,333659,23944,1,1,28800,2394.5
309714,333260,333291,23546,31,1,28800,760.548387097
309714,333304,333436,23590,132,1,28800,179.712121212
309715,333566,333748,23851,182,1,28800,132.049450549
309715,333678,333680,23963,2,1,28800,2396.5
309716,333588,333591,23872,3,1,28800,2387.5
309716,333604,333666,23888,62,1,28800,386.290322581
309717,333692,333853,23975,161,1,28800,149.913043478
309717,333698,333703,23981,5,1,28800,2398.6
309717,333685,333687,23968,2,1,28800,2397.0
309718,333715,333717,23997,2,1,28800,2399.9
309718,333704,333832,23986,128,1,28800,188.390625
309718,333729,333730,24011,1,1,28800,2401.2
309719,333742,333743,24023,1,1,28800,2402.4
309719,333762,333841,24043,79,1,28800,305.341772152
309721,333781,334522,24060,741,1,28800,33.4696356275
309721,333844,333845,24123,1,1,28800,2412.4
309721,333854,333855,24133,1,1,28800,2413.4
309722,333885,334015,24163,130,1,28800,186.869230769
309722,333873,333875,24151,2,1,28800,2415.3
309723,333897,333899,24174,2,1,28800,2417.6
309723,333892,333978,24169,86,1,28800,282.034883721
309723,333911,333923,24188,12,1,28800,2016.66666667
309724,334205,334207,24481,2,1,28800,2448.3
309724,309734,316874,10,7140,2,14400,1.00140056022
309724,334231,334305,24507,74,1,28800,332.175675676
309725,333959,333962,24234,3,1,28800,2423.7
309725,334331,334337,24606,6,1,28800,2461.2
309725,333935,333946,24210,11,1,28800,2201.90909091
309726,334027,334028,24301,1,1,28800,2430.2
309726,334041,334193,24315,152,1,28800,160.967105263
309726,333990,334248,24264,258,1,28800,95.0465116279
309726,333974,334400,24248,426,1,28800,57.9201877934
309727,334274,334488,24547,214,1,28800,115.705607477
309727,334260,334261,24533,1,1,28800,2453.4
309727,334349,334353,24622,4,1,28800,2462.6
309728,334366,334533,24638,167,1,28800,148.532934132
309728,334317,334318,24589,1,1,28800,2459.0
309728,334418,334493,24690,75,1,28800,330.2
309729,334500,334501,24771,1,1,28800,2477.2
309730,334521,334528,24791,7,1,28800,2479.8
309730,334535,334536,24805,1,1,28800,2480.6
309731,334559,334562,24828,3,1,28800,2483.1
309731,334547,334558,24816,11,1,28800,2257.0
309731,334542,334545,24811,3,1,28800,2481.4
309732,334554,334614,24822,60,1,28800,414.7
309732,334567,334580,24835,13,1,28800,1911.38461538
309732,334574,334617,24842,43,1,28800,578.720930233
309733,334579,334580,24846,1,1,28800,2484.7
309733,334592,334598,24859,6,1,28800,2486.5
309733,334618,334783,24885,165,1,28800,151.818181818
309734,334625,334652,24891,27,1,28800,922.888888889
309734,334597,334601,24863,4,1,28800,2486.7
309734,334632,349920,24898,15288,1,28800,2.62859759288
309735,335287,335288,25552,1,1,28800,2555.3
309735,334795,334854,25060,59,1,28800,425.745762712
309735,334637,334638,24902,1,1,28800,2490.3
309736,334650,334961,24914,311,1,28800,81.1093247588
309736,335301,335607,25565,306,1,28800,84.545751634
309737,334665,336096,24928,1431,1,28800,18.4199860238
309737,334670,334679,24933,9,1,28800,2494.2
309737,334692,335630,24955,938,1,28800,27.6044776119
309738,334867,334868,25129,1,1,28800,2513.0
309738,335620,335681,25882,61,1,28800,425.295081967
309738,335642,335644,25904,2,1,28800,2590.6
309738,334880,335275,25142,395,1,28800,64.6506329114
309739,334973,334976,25234,3,1,28800,2523.7
309739,335012,335014,25273,2,1,28800,2527.5
309739,334988,334999,25249,11,1,28800,2296.36363636
309740,335068,335075,25328,7,1,28800,2533.5
309740,335054,335055,25314,1,1,28800,2531.5
309740,335027,335042,25287,15,1,28800,1686.8
309741,335087,335088,25346,1,1,28800,2534.7
309741,335117,336031,25376,914,1,28800,28.7636761488
309741,335100,335105,25359,5,1,28800,2536.4
309741,335656,336206,25915,550,1,28800,48.1181818182
309742,335693,335860,25951,167,1,28800,156.395209581
309742,335932,335946,26190,14,1,28800,1871.71428571
309742,335872,335920,26130,48,1,28800,545.375
309743,336044,336524,26301,480,1,28800,55.79375
309743,336108,336109,26365,1,1,28800,2636.6
309743,335958,337017,26215,1059,1,28800,25.7544853636
309744,336134,336254,26390,120,1,28800,220.916666667
309744,336218,336219,26474,1,1,28800,2647.5
309744,336121,336122,26377,1,1,28800,2637.8
309746,336536,336538,26790,2,1,28800,2679.2
309746,336278,336761,26532,483,1,28800,55.9316770186
309746,336265,336639,26519,374,1,28800,71.9064171123
309747,336587,336609,26840,22,1,28800,1221.0
309748,336650,336712,26902,62,1,28800,434.903225806
309748,336657,336659,26909,2,1,28800,2691.1
309748,336635,336638,26887,3,1,28800,2689.0
309748,336621,336622,26873,1,1,28800,2687.4
309749,336671,336674,26922,3,1,28800,2692.5
309749,336712,340583,26963,3871,1,28800,7.9653836218
309749,336686,336788,26937,102,1,28800,265.088235294
309750,336781,337631,27031,850,1,28800,32.8011764706
309750,336718,339050,26968,2332,1,28800,12.56432247
309751,336788,337020,27037,232,1,28800,117.538793103
309751,336941,336944,27190,3,1,28800,2719.3
309751,336800,336941,27049,141,1,28800,192.836879433
309752,336741,336929,26989,188,1,28800,144.558510638
309752,336730,336731,26978,1,1,28800,2697.9
309752,336736,336753,26984,17,1,28800,1588.29411765
309753,336953,337051,27200,98,1,28800,278.551020408
309753,336769,336964,27016,195,1,28800,139.543589744
309753,336748,336750,26995,2,1,28800,2699.7
309754,336980,336982,27226,2,1,28800,2722.8
309754,336973,337326,27219,353,1,28800,78.1076487252
309754,336960,336961,27206,1,1,28800,2720.7
309755,337036,340098,27281,3062,1,28800,9.90953625082
309755,337029,337043,27274,14,1,28800,1949.14285714
309755,336994,337040,27239,46,1,28800,593.152173913
309756,337092,337094,27336,2,1,28800,2733.8
309756,337052,338387,27296,1335,1,28800,21.4464419476
309756,337059,337060,27303,1,1,28800,2730.4
309757,337073,337080,27316,7,1,28800,2732.3
309757,337118,337132,27361,14,1,28800,1955.35714286
309757,337066,337207,27309,141,1,28800,194.680851064
309758,337144,337146,27386,2,1,28800,2738.8
309758,337175,337189,27417,14,1,28800,1959.35714286
309758,337158,337969,27400,811,1,28800,34.7854500617
309758,337181,337277,27423,96,1,28800,286.65625
309759,337201,337283,27442,82,1,28800,335.658536585
309759,337219,337221,27460,2,1,28800,2746.2
309759,337246,337247,27487,1,1,28800,2748.8
309760,337233,337234,27473,1,1,28800,2747.4
309760,337259,337519,27499,260,1,28800,106.765384615
309760,337289,337303,27529,14,1,28800,1967.35714286
309761,337316,337331,27555,15,1,28800,1838.0
309761,337296,337331,27535,35,1,28800,787.714285714
309761,337338,337340,27577,2,1,28800,2757.9
309761,337345,337348,27584,3,1,28800,2758.7
309762,337364,337372,27602,8,1,28800,2761.0
309762,337350,337538,27588,188,1,28800,147.744680851
309762,337357,337554,27595,197,1,28800,141.076142132
309763,337532,337635,27769,103,1,28800,270.601941748
309763,337385,337466,27622,81,1,28800,342.012345679
309763,337479,337751,27716,272,1,28800,102.897058824
309764,337565,337964,27801,399,1,28800,70.6766917293
309764,337572,337576,27808,4,1,28800,2781.2
309764,337550,337552,27786,2,1,28800,2778.8
309765,337588,337929,27823,341,1,28800,82.5923753666
309765,337817,337867,28052,50,1,28800,562.04
309765,337644,337768,27879,124,1,28800,225.830645161
309766,337942,337954,28176,12,1,28800,2349.0
309766,337976,338181,28210,205,1,28800,138.609756098
309766,337966,339091,28200,1125,1,28800,26.0666666667
309767,337983,337984,28216,1,1,28800,2821.7
309767,337763,337790,27996,27,1,28800,1037.88888889
309767,337651,339236,27884,1585,1,28800,18.5924290221
309767,337780,337781,28013,1,1,28800,2801.4
309768,337803,337805,28035,2,1,28800,2803.7
309768,337794,337795,28026,1,1,28800,2802.7
309768,337810,338393,28042,583,1,28800,49.0994854202
309769,337892,338044,28123,152,1,28800,186.019736842
309769,337879,337880,28110,1,1,28800,2811.1
309769,337996,338007,28227,11,1,28800,2567.09090909
309770,338176,338177,28406,1,1,28800,2840.7
309771,338056,338057,28285,1,1,28800,2828.6
309771,338136,338137,28365,1,1,28800,2836.6
309771,338019,338264,28248,245,1,28800,116.297959184
309771,338070,338123,28299,53,1,28800,534.943396226
309772,338296,338297,28524,1,1,28800,2852.5
309772,338189,338229,28417,40,1,28800,711.425
309773,338234,338242,28461,8,1,28800,2846.9
309773,338196,338198,28423,2,1,28800,2842.5
309774,309825,309972,51,147,4,600,1.34693877551
309774,338267,338269,28493,2,1,28800,2849.5
309774,338254,338255,28480,1,1,28800,2848.1
309774,338241,338684,28467,443,1,28800,65.2595936795
309774,338417,339641,28643,1224,1,28800,24.4011437908
309775,338277,338287,28502,10,1,28800,2851.2
309775,338468,338470,28693,2,1,28800,2869.5
309776,338495,338545,28719,50,1,28800,575.38
309776,338557,338633,28781,76,1,28800,379.697368421
309777,338310,338384,28533,74,1,28800,386.581081081
309777,338396,338400,28619,4,1,28800,2862.3
309777,338303,338456,28526,153,1,28800,187.444444444
309778,338410,338619,28632,209,1,28800,137.995215311
309778,338562,338564,28784,2,1,28800,2878.6
309778,338403,338545,28625,142,1,28800,202.584507042
309779,338605,338643,28826,38,1,28800,759.578947368
309779,338576,338579,28797,3,1,28800,2880.0
309780,338651,338654,28871,3,1,28800,2887.4
309780,338663,338665,28883,2,1,28800,2888.5
309780,338632,338633,28852,1,1,28800,2885.3
309780,338646,338647,28866,1,1,28800,2886.7
309781,338676,338704,28895,28,1,28800,1032.96428571
309781,338684,338689,28903,5,1,28800,2890.8
309781,338671,338956,28890,285,1,28800,102.368421053
309782,338793,338794,29011,1,1,28800,2901.2
309782,338815,338817,29033,2,1,28800,2903.5
309783,338696,338697,28913,1,1,28800,2891.4
309783,338829,338831,29046,2,1,28800,2904.8
309783,338822,338863,29039,41,1,28800,709.268292683
309783,338845,338874,29062,29,1,28800,1003.13793103
309784,338703,338803,28919,100,1,28800,290.19
309784,338717,338718,28933,1,1,28800,2893.4
309784,338710,338728,28926,18,1,28800,1608.0
309785,338730,338732,28945,2,1,28800,2894.7
309785,338740,338780,28955,40,1,28800,724.875
309785,338747,338946,28962,199,1,28800,146.537688442
309786,338875,338878,29089,3,1,28800,2909.2
309786,338894,338896,29108,2,1,28800,2911.0
309786,338887,339050,29101,163,1,28800,179.533742331
309787,338908,338911,29121,3,1,28800,2912.4
309787,338923,338924,29136,1,1,28800,2913.7
309788,338965,339356,29177,391,1,28800,75.621483376
309788,338948,338949,29160,1,1,28800,2916.1
309788,338958,339077,29170,119,1,28800,246.12605042
309789,339062,339063,29273,1,1,28800,2927.4
309789,339067,339068,29278,1,1,28800,2927.9
309789,338972,338974,29183,2,1,28800,2918.5
309789,338986,339071,29197,85,1,28800,344.494117647
309790,339083,339085,29293,2,1,28800,2929.5
309790,339088,339089,29298,1,1,28800,2929.9
309790,339076,340881,29286,1805,1,28800,17.2249307479
309791,339095,339096,29304,1,1,28800,2930.5
309791,339102,339103,29311,1,1,28800,2931.2
309791,339107,339108,29316,1,1,28800,2931.7
309792,339114,339115,29322,1,1,28800,2932.3
309792,339119,339121,29327,2,1,28800,2932.9
309792,339368,339402,29576,34,1,28800,870.882352941
309793,339398,339523,29605,125,1,28800,237.84
309793,339429,339435,29636,6,1,28800,2964.2
309793,339406,339422,29613,16,1,28800,1851.8125
309793,339414,339417,29621,3,1,28800,2962.4
309794,339131,339308,29337,177,1,28800,166.745762712
309794,339138,339529,29344,391,1,28800,76.0485933504
309794,339126,339537,29332,411,1,28800,72.3673965937
309795,339143,339394,29348,251,1,28800,117.924302789
309795,339321,339385,29526,64,1,28800,462.34375
309795,339249,341401,29454,2152,1,28800,14.686802974
309796,339491,339694,29695,203,1,28800,147.280788177
309796,339436,341209,29640,1773,1,28800,17.717428088
309796,339535,339544,29739,9,1,28800,2974.8
309796,339452,339454,29656,2,1,28800,2965.8
309797,339550,339562,29753,12,1,28800,2480.41666667
309797,339466,339479,29669,13,1,28800,2283.23076923
309797,339543,339544,29746,1,1,28800,2974.7
309798,339574,339575,29776,1,1,28800,2977.7
309798,339557,368382,29759,28825,1,28800,2.03240242845
309798,339562,340455,29764,893,1,28800,34.3303471445
309799,339588,339609,29789,21,1,28800,1419.52380952
309799,339706,339709,29907,3,1,28800,2991.0
309799,339622,339957,29823,335,1,28800,90.023880597
309799,339654,339807,29855,153,1,28800,196.130718954
309800,339809,339837,30009,28,1,28800,1072.75
309800,339721,339722,29921,1,1,28800,2992.2
309800,339734,339746,29934,12,1,28800,2495.5
309801,339746,339796,29945,50,1,28800,599.9
309801,339741,341324,29940,1583,1,28800,19.9134554643
309801,339820,339822,30019,2,1,28800,3002.1
309802,339759,340057,29957,298,1,28800,101.526845638
309802,339846,340030,30044,184,1,28800,164.282608696
309802,339853,339972,30051,119,1,28800,253.529411765
309803,339970,339975,30167,5,1,28800,3017.2
309803,339984,339986,30181,2,1,28800,3018.3
309804,339998,340238,30194,240,1,28800,126.808333333
309804,340178,340180,30374,2,1,28800,3037.6
309804,340005,341082,30201,1077,1,28800,29.0417827298
309805,340192,340193,30387,1,1,28800,3038.8
309805,340185,340186,30380,1,1,28800,3038.1
309805,340199,340399,30394,200,1,28800,152.97
309806,340070,340071,30264,1,1,28800,3026.5
309806,340222,340224,30416,2,1,28800,3041.8
309806,340206,340209,30400,3,1,28800,3040.3
309806,340042,341295,30236,1253,1,28800,25.1308858739
309807,340125,340162,30318,37,1,28800,820.405405405
309807,340084,340144,30277,60,1,28800,505.616666667
309807,340110,340112,30303,2,1,28800,3030.5
309808,340171,340173,30363,2,1,28800,3036.5
309808,340157,340159,30349,2,1,28800,3035.1
309808,340236,340255,30428,19,1,28800,1602.47368421
309809,340265,340515,30456,250,1,28800,122.824
309809,340251,340253,30442,2,1,28800,3044.4
309809,340272,340350,30463,78,1,28800,391.551282051
309810,340411,340413,30601,2,1,28800,3060.3
309810,340362,340414,30552,52,1,28800,588.538461538
309810,340425,340598,30615,173,1,28800,177.965317919
309811,340432,340436,30621,4,1,28800,3062.5
309811,340448,340449,30637,1,1,28800,3063.8
309812,340461,340550,30649,89,1,28800,345.370786517
309812,340468,340475,30656,7,1,28800,3066.3
309813,340526,340590,30713,64,1,28800,480.890625
309813,340513,340514,30700,1,1,28800,3070.1
309814,340563,340572,30749,9,1,28800,3075.8
309814,340533,342519,30719,1986,1,28800,16.4677744209
309814,340584,340596,30770,12,1,28800,2565.16666667
309815,340609,340611,30794,2,1,28800,3079.6
309815,340595,340611,30780,16,1,28800,1924.75
309815,340602,340604,30787,2,1,28800,3078.9
309816,340621,340922,30805,301,1,28800,103.342192691
309816,340615,340616,30799,1,1,28800,3080.0
309816,340628,340655,30812,27,1,28800,1142.18518519
309817,340667,340669,30850,2,1,28800,3085.2
309817,340633,340677,30816,44,1,28800,701.363636364
309817,340639,340683,30822,44,1,28800,701.5
309818,340691,340693,30873,2,1,28800,3087.5
309818,340698,340700,30880,2,1,28800,3088.2
309818,340681,340982,30863,301,1,28800,103.534883721
309819,340809,340811,30990,2,1,28800,3099.2
309820,341022,341378,31202,356,1,28800,88.6460674157
309820,340998,340999,31178,1,1,28800,3117.9
309820,341192,341280,31372,88,1,28800,357.5
309821,340705,340706,30884,1,1,28800,3088.5
309821,341027,342793,31206,1766,1,28800,18.6704416761
309822,340712,340794,30890,82,1,28800,377.707317073
309823,340745,340755,30922,10,1,28800,3093.2
309823,340802,340804,30979,2,1,28800,3098.1
309823,340768,340790,30945,22,1,28800,1407.59090909
309824,341047,341639,31223,592,1,28800,53.7415540541
309824,341033,341035,31209,2,1,28800,3121.1
309824,341206,341371,31382,165,1,28800,191.193939394
309825,341094,369911,31269,28817,1,28800,2.08508866294
309825,341144,341154,31319,10,1,28800,3132.9
309825,341130,341132,31305,2,1,28800,3130.7
309826,340823,340861,30997,38,1,28800,816.710526316
309826,340830,340872,31004,42,1,28800,739.19047619
309827,340874,340883,31047,9,1,28800,3105.6
309827,340884,340886,31057,2,1,28800,3105.9
309827,340894,341563,31067,669,1,28800,47.4379671151
309828,340919,342044,31091,1125,1,28800,28.6364444444
309828,340934,340939,31106,5,1,28800,3111.1
309828,340906,340907,31078,1,1,28800,3107.9
309828,340901,341118,31073,217,1,28800,144.193548387
309829,340965,340966,31136,1,1,28800,3113.7
309829,340978,340979,31149,1,1,28800,3115.0
309829,340951,340953,31122,2,1,28800,3112.4
309830,340991,341194,31161,203,1,28800,154.502463054
309831,341249,341272,31418,23,1,28800,1367.0
309831,341284,341286,31453,2,1,28800,3145.5
309831,341236,341237,31405,1,1,28800,3140.6
309831,341222,341224,31391,2,1,28800,3139.3
309832,341292,341294,31460,2,1,28800,3146.2
309833,341318,341320,31485,2,1,28800,3148.7
309833,341313,341324,31480,11,1,28800,2862.81818182
309833,341326,341345,31493,19,1,28800,1658.52631579
309834,341333,341558,31499,225,1,28800,140.995555556
309834,341340,341568,31506,228,1,28800,139.184210526
309834,341346,341356,31512,10,1,28800,3152.2
309835,341384,341386,31549,2,1,28800,3155.1
309835,341376,341463,31541,87,1,28800,363.540229885
309835,341358,341362,31523,4,1,28800,3152.7
309835,341369,341413,31534,44,1,28800,717.681818182
309836,341391,341392,31555,1,1,28800,3155.6
309836,341406,341445,31570,39,1,28800,810.487179487
309836,341413,342175,31577,762,1,28800,42.4396325459
309837,341425,341427,31588,2,1,28800,3159.0
309837,341418,341545,31581,127,1,28800,249.669291339
309837,341554,341555,31717,1,1,28800,3171.8
309838,341459,341995,31621,536,1,28800,59.9944029851
309838,341452,341453,31614,1,1,28800,3161.5
309839,341561,341605,31722,44,1,28800,721.954545455
309839,341476,341577,31637,101,1,28800,314.237623762
309839,341568,341597,31729,29,1,28800,1095.10344828
309839,341466,341542,31627,76,1,28800,417.144736842
309840,341575,341576,31735,1,1,28800,3173.6
309840,341580,341600,31740,20,1,28800,1588.0
309840,341715,341720,31875,5,1,28800,3188.0
309841,341587,341594,31746,7,1,28800,3175.3
309841,341594,341595,31753,1,1,28800,3175.4
309841,341599,341607,31758,8,1,28800,3176.6
309842,341618,343420,31776,1802,1,28800,18.6337402886
309842,341606,341646,31764,40,1,28800,795.1
309843,341624,341658,31781,34,1,28800,935.735294118
309843,341631,341635,31788,4,1,28800,3179.2
309843,341636,341637,31793,1,1,28800,3179.4
309844,341654,341663,31810,9,1,28800,3181.9
309844,341661,341686,31817,25,1,28800,1273.68
309844,341649,341651,31805,2,1,28800,3180.7
309844,341642,342122,31798,480,1,28800,67.2458333333
309845,341679,341681,31834,2,1,28800,3183.6
309845,341674,341745,31829,71,1,28800,449.295774648
309845,341667,341928,31822,261,1,28800,122.923371648
309846,341687,341781,31841,94,1,28800,339.734042553
309846,341694,342280,31848,586,1,28800,55.3481228669
309846,341701,341702,31855,1,1,28800,3185.6
309847,341732,341733,31885,1,1,28800,3188.6
309847,341751,342377,31904,626,1,28800,51.96485623
309847,341758,341760,31911,2,1,28800,3191.3
309848,341794,341809,31946,15,1,28800,2130.73333333
309848,341955,342055,32107,100,1,28800,322.07
309849,341818,341870,31969,52,1,28800,615.788461538
309849,341801,341805,31952,4,1,28800,3195.6
309849,341882,342122,32033,240,1,28800,134.470833333
309850,341940,341943,32090,3,1,28800,3209.3
309850,342034,342076,32184,42,1,28800,767.285714286
309850,342008,342022,32158,14,1,28800,2298.0
309851,342103,342816,32252,713,1,28800,46.2342215989
309851,342056,342057,32205,1,1,28800,3220.6
309851,342067,342084,32216,17,1,28800,1896.05882353
309851,342074,342087,32223,13,1,28800,2479.69230769
309852,342096,342244,32244,148,1,28800,218.864864865
309852,342088,342141,32236,53,1,28800,609.226415094
309852,342134,342168,32282,34,1,28800,950.470588235
309853,342159,342161,32306,2,1,28800,3230.8
309853,342139,342140,32286,1,1,28800,3228.7
309853,342151,342341,32298,190,1,28800,170.989473684
309854,342173,342378,32319,205,1,28800,158.653658537
309854,342187,342252,32333,65,1,28800,498.430769231
309854,342180,342181,32326,1,1,28800,3232.7
309855,342431,342434,32576,3,1,28800,3257.9
309855,342256,342767,32401,511,1,28800,64.4070450098
309855,342194,342512,32339,318,1,28800,102.694968553
309856,342301,342302,32445,1,1,28800,3244.6
309856,342292,342297,32436,5,1,28800,3244.1
309856,342277,342289,32421,12,1,28800,2702.75
309857,342323,342397,32466,74,1,28800,439.72972973
309857,342316,342341,32459,25,1,28800,1299.36
309858,342370,342371,32512,1,1,28800,3251.3
309858,342353,342370,32495,17,1,28800,1912.47058824
309858,342358,343012,32500,654,1,28800,50.6941896024
309859,342382,342383,32523,1,1,28800,3252.4
309859,342388,342390,32529,2,1,28800,3253.1
309859,342394,342420,32535,26,1,28800,1252.34615385
309860,342406,343008,32546,602,1,28800,55.0631229236
309860,342419,342439,32559,20,1,28800,1628.95
309860,342401,342413,32541,12,1,28800,2712.75
309861,342426,342714,32565,288,1,28800,114.072916667
309861,342438,342439,32577,1,1,28800,3257.8
309861,342446,342447,32585,1,1,28800,3258.6
309862,342453,342628,32591,175,1,28800,187.234285714
309862,342458,342460,32596,2,1,28800,3259.8
309863,342508,342509,32645,1,1,28800,3264.6
309863,342492,342495,32629,3,1,28800,3263.2
309863,342472,342737,32609,265,1,28800,124.052830189
309864,342523,344832,32659,2309,1,28800,15.1442182763
309864,342530,342531,32666,1,1,28800,3266.7
309865,342551,352191,32686,9640,1,28800,4.39066390041
309865,342558,342584,32693,26,1,28800,1258.42307692
309866,342622,342623,32756,1,1,28800,3275.7
309866,342596,342597,32730,1,1,28800,3273.1
309867,342635,342692,32768,57,1,28800,575.877192982
309867,342694,342755,32827,61,1,28800,539.147540984
309867,342655,342668,32788,13,1,28800,2523.15384615
309867,342642,342644,32775,2,1,28800,3277.7
309868,342680,342682,32812,2,1,28800,3281.4
309868,342704,342706,32836,2,1,28800,3283.8
309869,342767,342770,32898,3,1,28800,3290.1
309869,342733,342975,32864,242,1,28800,136.801652893
309869,342726,342784,32857,58,1,28800,567.5
309870,342749,342755,32879,6,1,28800,3288.5
309870,342772,342773,32902,1,1,28800,3290.3
309870,342779,342781,32909,2,1,28800,3291.1
309871,342798,342799,32927,1,1,28800,3292.8
309871,342803,342856,32932,53,1,28800,622.358490566
309871,342791,343026,32920,235,1,28800,141.085106383
309872,342821,342823,32949,2,1,28800,3295.1
309872,342828,342831,32956,3,1,28800,3295.9
309873,342852,342853,32979,1,1,28800,3298.0
309873,342840,342881,32967,41,1,28800,805.073170732
309873,342833,343372,32960,539,1,28800,62.1502782931
309874,342872,342874,32998,2,1,28800,3300.0
309874,342886,342890,33012,4,1,28800,3301.6
309874,342865,342878,32991,13,1,28800,2538.76923077
309875,342898,342899,33023,1,1,28800,3302.4
309875,342912,342923,33037,11,1,28800,3004.36363636
309875,342905,342941,33030,36,1,28800,918.5
309875,342893,343036,33018,143,1,28800,231.895104895
309876,342935,342937,33059,2,1,28800,3306.1
309876,342949,342954,33073,5,1,28800,3307.8
309876,342967,343676,33091,709,1,28800,47.6727785614
309877,342956,342958,33079,2,1,28800,3308.1
309877,342987,342992,33110,5,1,28800,3311.5
309877,342974,343002,33097,28,1,28800,1183.03571429
309878,343028,343035,33150,7,1,28800,3315.7
309878,343014,343016,33136,2,1,28800,3313.8
309878,343004,343181,33126,177,1,28800,188.152542373
309878,343021,343022,33143,1,1,28800,3314.4
309879,343077,343113,33198,36,1,28800,923.166666667
309879,343034,343051,33155,17,1,28800,1951.29411765
309879,343041,343099,33162,58,1,28800,572.75862069
309880,343046,343093,33166,47,1,28800,706.659574468
309880,343053,343054,33173,1,1,28800,3317.4
309880,343058,343059,33178,1,1,28800,3317.9
309881,343072,343257,33191,185,1,28800,180.410810811
309881,343065,343067,33184,2,1,28800,3318.6
309882,343160,343169,33278,9,1,28800,3328.7
309882,343155,343422,33273,267,1,28800,125.617977528
309882,343097,344720,33215,1623,1,28800,21.4651879236
309882,343105,343107,33223,2,1,28800,3322.5
309883,343113,343755,33230,642,1,28800,52.7601246106
309883,343127,343129,33244,2,1,28800,3324.6
309883,343120,343137,33237,17,1,28800,1956.11764706
309884,343193,343195,33309,2,1,28800,3331.1
309884,343140,343143,33256,3,1,28800,3325.9
309885,343199,343423,33314,224,1,28800,149.723214286
309885,343262,343325,33377,63,1,28800,530.793650794
309886,343207,343222,33321,15,1,28800,2222.4
309886,343235,343236,33349,1,1,28800,3335.0
309886,343274,343276,33388,2,1,28800,3339.0
309886,343288,343365,33402,77,1,28800,434.792207792
309887,343383,343385,33496,2,1,28800,3349.8
309887,343389,343391,33502,2,1,28800,3350.4
309887,343337,343338,33450,1,1,28800,3345.1
309888,343351,343353,33463,2,1,28800,3346.5
309888,343365,343370,33477,5,1,28800,3348.2
309888,343376,343378,33488,2,1,28800,3349.0
309889,343421,343422,33532,1,1,28800,3353.3
309889,343396,343413,33507,17,1,28800,1972.0
309889,343408,343409,33519,1,1,28800,3352.0
309889,343403,343437,33514,34,1,28800,986.705882353
309890,343443,343444,33553,1,1,28800,3355.4
309890,343429,343431,33539,2,1,28800,3354.1
309890,343450,343454,33560,4,1,28800,3356.4
309891,343457,348587,33566,5130,1,28800,7.54307992203
309891,343554,343571,33663,17,1,28800,1981.17647059
309891,343466,344976,33575,1510,1,28800,23.2350993377
309892,343559,343577,33667,18,1,28800,1871.38888889
309892,343564,343584,33672,20,1,28800,1684.6
309892,343583,343585,33691,2,1,28800,3369.3
309892,343570,343571,33678,1,1,28800,3367.9
309893,343596,344406,33703,810,1,28800,42.6086419753
309893,343601,343603,33708,2,1,28800,3371.0
309893,343588,343589,33695,1,1,28800,3369.6
309894,343613,343614,33719,1,1,28800,3372.0
309894,343608,343609,33714,1,1,28800,3371.5
309895,343632,343633,33737,1,1,28800,3373.8
309895,343652,343654,33757,2,1,28800,3375.9
309895,343627,343649,33732,22,1,28800,1534.27272727
309896,343667,343668,33771,1,1,28800,3377.2
309896,343661,343662,33765,1,1,28800,3376.6
309896,343675,344847,33779,1172,1,28800,29.8216723549
309896,343644,343757,33748,113,1,28800,299.654867257
309897,343681,343682,33784,1,1,28800,3378.5
309897,343689,344077,33792,388,1,28800,88.0927835052
309897,343696,343768,33799,72,1,28800,470.430555556
309898,343768,344172,33870,404,1,28800,84.8366336634
309898,343774,344065,33876,291,1,28800,117.412371134
309898,343782,343786,33884,4,1,28800,3388.8
309899,343798,345993,33899,2195,1,28800,16.4437357631
309899,344078,344080,34179,2,1,28800,3418.1
309899,344089,344091,34190,2,1,28800,3419.2
309900,344096,347713,34196,3617,1,28800,10.4542438485
309900,344137,347254,34237,3117,1,28800,11.9839589349
309900,344103,344124,34203,21,1,28800,1629.71428571
309901,344233,344235,34332,2,1,28800,3433.4
309901,344184,344221,34283,37,1,28800,927.567567568
309901,344331,344448,34430,117,1,28800,295.273504274
309901,344247,344649,34346,402,1,28800,86.4378109453
309902,344313,344316,34411,3,1,28800,3441.4
309902,344319,344320,34417,1,1,28800,3441.8
309902,344308,345049,34406,741,1,28800,47.4318488529
309903,344358,344508,34455,150,1,28800,230.7
309903,344338,356860,34435,12522,1,28800,3.74996007028
309903,344324,344346,34421,22,1,28800,1565.59090909
309904,344432,344433,34528,1,1,28800,3452.9
309904,344460,345072,34556,612,1,28800,57.4640522876
309904,344445,344953,34541,508,1,28800,68.9940944882
309904,344418,344420,34514,2,1,28800,3451.6
309905,344520,344529,34615,9,1,28800,3462.4
309905,344554,346471,34649,1917,1,28800,19.0745957225
309905,344541,344542,34636,1,1,28800,3463.7
309906,344575,344578,34669,3,1,28800,3467.2
309906,344580,344583,34674,3,1,28800,3467.7
309906,344586,346536,34680,1950,1,28800,18.7846153846
309907,344612,346104,34705,1492,1,28800,24.2607238606
309907,344604,344667,34697,63,1,28800,551.746031746
309907,344591,345092,34684,501,1,28800,70.2295409182
309908,344661,344664,34753,3,1,28800,3475.6
309908,344677,344736,34769,59,1,28800,590.305084746
309908,344684,344966,34776,282,1,28800,124.319148936
309909,344732,345555,34823,823,1,28800,43.312272175
309909,344845,344847,34936,2,1,28800,3493.8
309909,344748,346385,34839,1637,1,28800,22.2822235797
309910,344880,348787,34970,3907,1,28800,9.95060148451
309910,344864,344867,34954,3,1,28800,3495.7
309910,309984,310130,74,146,2,14400,1.50684931507
309910,344859,344875,34949,16,1,28800,2185.3125
309911,344887,344997,34976,110,1,28800,318.963636364
309911,344978,344980,35067,2,1,28800,3506.9
309911,344966,344972,35055,6,1,28800,3506.1
309912,344997,344998,35085,1,1,28800,3508.6
309912,344992,344997,35080,5,1,28800,3508.5
309912,344985,345091,35073,106,1,28800,331.877358491
309913,345015,345017,35102,2,1,28800,3510.4
309913,345022,345219,35109,197,1,28800,179.218274112
309913,345009,345665,35096,656,1,28800,54.5
309914,345053,345389,35139,336,1,28800,105.580357143
309914,345075,345650,35161,575,1,28800,62.1495652174
309914,345061,345063,35147,2,1,28800,3514.9
309914,345029,345041,35115,12,1,28800,2927.25
309915,345084,345132,35169,48,1,28800,733.6875
309915,345109,345471,35194,362,1,28800,98.2209944751
309915,345103,345323,35188,220,1,28800,160.945454545
309916,345145,345225,35229,80,1,28800,441.3625
309916,345231,345348,35315,117,1,28800,302.837606838
309917,345360,345362,35443,2,1,28800,3544.5
309917,345336,345423,35419,87,1,28800,408.114942529
309917,345251,349251,35334,4000,1,28800,9.8335
309917,345374,348418,35457,3044,1,28800,12.6481603154
309918,345402,345424,35484,22,1,28800,1613.90909091
309918,345435,345472,35517,37,1,28800,960.918918919
309918,345442,345444,35524,2,1,28800,3552.6
309919,345457,345509,35538,52,1,28800,684.423076923
309919,345483,346731,35564,1248,1,28800,29.4967948718
309919,345489,345493,35570,4,1,28800,3557.4
309920,345547,351672,35627,6125,1,28800,6.81665306122
309920,345521,345523,35601,2,1,28800,3560.3
309920,345506,346031,35586,525,1,28800,68.7828571429
309921,345567,345729,35646,162,1,28800,221.037037037
309921,345742,345985,35821,243,1,28800,148.411522634
309922,345683,345687,35761,4,1,28800,3576.5
309922,345662,345664,35740,2,1,28800,3574.2
309923,345714,345837,35791,123,1,28800,291.983739837
309923,345706,345732,35783,26,1,28800,1377.26923077
309923,345700,345701,35777,1,1,28800,3577.8
309923,345749,346702,35826,953,1,28800,38.592864638
309924,345871,345873,35947,2,1,28800,3594.9
309924,345885,346416,35961,531,1,28800,68.7231638418
309924,345853,345859,35929,6,1,28800,3593.5
309925,345999,346108,36074,109,1,28800,331.95412844
309925,346022,346671,36097,649,1,28800,56.6194144838
309925,346006,346008,36081,2,1,28800,3608.3
309926,346116,346471,36190,355,1,28800,102.943661972
309926,346044,346051,36118,7,1,28800,3612.5
309927,346347,346445,36420,98,1,28800,372.632653061
309927,346123,346127,36196,4,1,28800,3620.0
309927,346140,346697,36213,557,1,28800,66.0143626571
309928,346475,346488,36547,13,1,28800,2812.30769231
309928,346460,348040,36532,1580,1,28800,24.1215189873
309928,346397,348829,36469,2432,1,28800,15.9954769737
309929,346483,346503,36554,20,1,28800,1828.7
309929,346429,346441,36500,12,1,28800,3042.66666667
309929,346453,346463,36524,10,1,28800,3653.4
309929,346515,347824,36586,1309,1,28800,28.9495798319
309930,346488,346583,36558,95,1,28800,385.821052632
309930,346789,347260,36859,471,1,28800,79.2569002123
309930,346796,346830,36866,34,1,28800,1085.29411765
309931,346683,346776,36752,93,1,28800,396.182795699
309931,346548,346649,36617,101,1,28800,363.544554455
309931,346595,346783,36664,188,1,28800,196.021276596
309931,346709,346712,36778,3,1,28800,3678.1
309932,346724,348399,36792,1675,1,28800,22.9653731343
309932,346873,348166,36941,1293,1,28800,29.569992266
309932,346859,346861,36927,2,1,28800,3692.9
309933,347000,347001,37067,1,1,28800,3706.8
309933,347226,347227,37293,1,1,28800,3729.4
309933,347013,348574,37080,1561,1,28800,24.7540038437
309934,347239,347310,37305,71,1,28800,526.422535211
309934,347266,347833,37332,567,1,28800,66.8412698413
309934,347322,347326,37388,4,1,28800,3739.2
310134,310142,317398,8,7256,2,14400,1.00110253583
310185,310195,311183,10,988,16,7200,1.01012145749
310187,310200,314582,13,4382,2,14400,1.00296668188
310229,310236,310365,7,129,2,14400,1.05426356589
310315,310321,317220,6,6899,2,14400,1.00086969126
310439,310446,310561,7,115,2,14400,1.06086956522
310514,310521,317215,7,6694,2,14400,1.00104571258
310593,310605,310757,12,152,4,600,1.07894736842
310611,310617,310763,6,146,2,14400,1.04109589041
310825,310832,311072,7,240,2,14400,1.02916666667
310930,310936,311050,6,114,4,600,1.05263157895
311166,311173,311313,7,140,2,14400,1.05
311267,311273,318353,6,7080,2,14400,1.00084745763
311367,311374,311572,7,198,4,600,1.03535353535
311379,311385,311516,6,131,2,14400,1.04580152672
311380,311397,311591,17,194,4,600,1.08762886598
311395,311404,311979,9,575,1,3600,1.01565217391
311408,311417,311622,9,205,4,600,1.04390243902
311427,311434,311631,7,197,4,600,1.03553299492
311569,311576,311728,7,152,2,14400,1.04605263158
312055,458254,790964,146199,332710,1,345600,1.43941871299
312163,312170,312325,7,155,4,600,1.04516129032
312179,312186,312299,7,113,4,600,1.06194690265
312193,312315,312404,122,89,4,600,2.37078651685
312233,312656,318121,423,5465,16,7200,1.07740164684
312410,312417,312570,7,153,4,600,1.04575163399
312415,312430,312538,15,108,4,600,1.13888888889
312420,312447,312644,27,197,4,600,1.13705583756
312441,966914,966915,654473,1,4,604800,65447.4
312449,933131,985443,620682,52312,6,432000,12.8650022939
312485,933136,985443,620651,52307,6,432000,12.8655438087
312491,325135,343148,12644,18013,8,18000,1.70193748959
312616,312623,319419,7,6796,2,14400,1.00103001766
312708,313042,313154,334,112,4,600,3.98214285714
313091,313097,313102,6,5,1,3540,1.1
313159,320971,327561,7812,6590,4,18000,2.18543247344
313214,327576,335534,14362,7958,4,18000,2.80472480523
313307,318865,319059,5558,194,64,600,29.6494845361
313353,313365,313423,12,58,4,300,1.20689655172
313353,313360,313425,7,65,5,300,1.10769230769
313353,313370,313419,17,49,3,300,1.34693877551
313354,313378,313463,24,85,8,300,1.28235294118
313354,313442,313508,88,66,6,300,2.33333333333
313354,313435,313513,81,78,7,300,2.03846153846
313450,313475,313574,25,99,9,300,1.25252525253
313451,315609,315745,2158,136,11,300,16.8676470588
313451,317710,317844,4259,134,12,300,32.7835820896
313451,314665,314772,1214,107,10,300,12.3457943925
313452,314617,314764,1165,147,13,300,8.92517006803
313452,314401,314604,949,203,15,300,5.67487684729
313452,313525,313698,73,173,14,300,1.42196531792
313453,313713,313958,260,245,18,300,2.0612244898
313453,313971,314164,518,193,17,300,3.68393782383
313453,314182,314389,729,207,16,300,4.52173913043
313511,313518,320707,7,7189,2,14400,1.00097370983
313654,313660,313692,6,32,8,1800,1.1875
313712,313809,313868,97,59,4,600,2.64406779661
313712,313880,313931,168,51,3,600,4.29411764706
313712,313720,313797,8,77,5,600,1.1038961039
313713,314436,314547,723,111,8,600,7.51351351351
313713,315286,315383,1573,97,7,600,17.2164948454
313713,313976,314054,263,78,6,600,4.37179487179
313955,313962,320177,7,6215,2,14400,1.00112630732
314116,314123,314416,7,293,3,480,1.02389078498
314140,314177,314288,37,111,4,600,1.33333333333
314146,314301,314424,155,123,4,480,2.26016260163
314275,348587,379285,34312,30698,12,64800,2.11772753925
314369,335634,401900,21265,66266,16,72000,1.32090363082
314446,326249,361095,11803,34846,16,34800,1.33871893474
314465,315342,315850,877,508,4,480,2.72637795276
314466,315360,315429,894,69,6,480,13.9565217391
314466,315522,315591,1056,69,5,480,16.3043478261
314466,315441,315517,975,76,7,480,13.8289473684
314467,314560,314653,93,93,8,480,2.0
314584,314591,321800,7,7209,2,14400,1.00097100846
314625,314784,314903,159,119,10,600,2.33613445378
314625,315043,315169,418,126,9,600,4.31746031746
314625,317857,318025,3232,168,12,600,20.2380952381
314625,315862,316006,1237,144,11,600,9.59027777778
314626,318397,318616,3771,219,15,600,18.2191780822
314626,315144,315342,518,198,14,600,3.61616161616
314626,314776,314965,150,189,13,600,1.79365079365
314627,317837,318106,3210,269,17,600,12.9330855019
314627,317252,317560,2625,308,18,600,9.52272727273
314627,318368,318624,3741,256,16,600,15.61328125
314712,315181,315274,469,93,9,480,6.04301075269
314713,318197,318343,3484,146,12,480,24.8630136986
314713,316703,316834,1990,131,11,480,16.1908396947
314713,314915,315031,202,116,10,480,2.74137931034
314714,317525,317698,2811,173,14,480,17.2485549133
314714,314978,315132,264,154,13,480,2.71428571429
314715,318392,318596,3677,204,16,480,19.0245098039
314715,318118,318379,3403,261,17,480,14.0383141762
314715,317573,317825,2858,252,18,480,12.3412698413
314715,318609,318806,3894,197,15,480,20.7664974619
314912,314922,321270,10,6348,2,14400,1.00157529931
315042,315050,321423,8,6373,2,14400,1.00125529578
315328,315335,322790,7,7455,2,14400,1.00093896714
315348,315355,315790,7,435,8,1800,1.01609195402
315376,315396,315509,20,113,4,600,1.17699115044
315575,315582,322282,7,6700,2,14400,1.00104477612
315590,315597,322921,7,7324,2,14400,1.00095576188
315591,315604,315753,13,149,4,600,1.08724832215
315606,315757,315865,151,108,4,600,2.39814814815
315622,315763,315910,141,147,4,600,1.95918367347
315713,335546,342151,19833,6605,4,18000,4.00272520818
315862,341739,357981,25877,16242,8,16200,2.59321512129
315883,316019,317240,136,1221,16,3600,1.11138411138
316806,316812,323253,6,6441,2,14400,1.00093153237
316876,316883,320109,7,3226,2,14400,1.00216986981
317216,317222,323901,6,6679,2,14400,1.00089833807
317231,317238,323498,7,6260,2,14400,1.00111821086
317399,317405,322486,6,5081,2,14400,1.00118086991
317912,318040,318179,128,139,4,600,1.92086330935
317936,318045,318184,109,139,4,600,1.78417266187
318002,319082,323489,1080,4407,16,7200,1.24506466984
318051,319108,323354,1057,4246,16,7200,1.24894017899
318083,319113,323279,1030,4166,16,7200,1.24723955833
318089,458129,717361,140040,259232,12,259200,1.54021108505
318354,318361,326076,7,7715,2,14400,1.0009073234
318472,326260,331190,7788,4930,16,18000,2.57971602434
318494,326266,331282,7772,5016,16,18000,2.54944178628
318558,326271,331282,7713,5011,16,18000,2.53921372979
318626,323393,403739,4767,80346,2,108000,1.05933089388
318659,319217,323634,558,4417,16,7200,1.1263300883
318738,319222,323380,484,4158,16,7200,1.1164021164
318761,319613,323718,852,4105,16,7200,1.20755176614
318780,319618,323896,838,4278,16,7200,1.195885928
318960,319034,319092,74,58,4,480,2.27586206897
319084,349242,369527,30158,20285,20,86399,2.48671432093
319240,341016,342834,21776,1818,4,18000,12.9779977998
319422,319432,320553,10,1121,2,14400,1.0089206066
319458,341744,357973,22286,16229,8,16200,2.37322077762
319461,342166,360211,22705,18045,4,18000,2.25824328069
319738,342847,344296,23109,1449,4,18000,16.9482401656
319771,319778,320360,7,582,1,3600,1.01202749141
319898,319905,320459,7,554,1,3600,1.01263537906
320053,343168,344563,23115,1395,4,18000,17.5698924731
320112,320122,326443,10,6321,2,14400,1.00158202816
320178,320189,326954,11,6765,2,14400,1.00162601626
320469,343173,343542,22704,369,4,18000,62.5284552846
320555,320566,327024,11,6458,2,14400,1.00170331372
320674,337170,358745,16496,21575,14,57600,1.76458864426
320709,320719,325116,10,4397,2,14400,1.00227427792
320734,343436,361450,22702,18014,4,18000,2.26024203397
320977,358758,385183,37781,26425,20,86399,2.42974456008
321066,321072,321204,6,132,4,600,1.04545454545
321145,342364,349230,21219,6866,15,32399,4.09044567434
321199,326276,331056,5077,4780,16,18000,2.06213389121
321272,321282,328280,10,6998,2,14400,1.00142897971
321425,321435,327883,10,6448,2,14400,1.00155086849
321802,321812,328875,10,7063,2,14400,1.00141582897
321869,341011,350670,19142,9659,10,57600,2.98177865203
322285,322294,329064,9,6770,2,14400,1.00132939439
322355,322361,322501,6,140,4,600,1.04285714286
322486,322498,329026,12,6528,2,14400,1.00183823529
322790,322802,329761,12,6959,2,14400,1.00172438569
322923,322933,329673,10,6740,2,14400,1.00148367953
322995,323002,323140,7,138,4,600,1.05072463768
323256,323266,330729,10,7463,2,14400,1.00133994372
323497,323510,329498,13,5988,2,14400,1.00217100868
323904,323913,330180,9,6267,2,14400,1.00143609382
323960,323973,324164,13,191,4,600,1.06806282723
324395,324402,324597,7,195,4,600,1.0358974359
324581,324588,324717,7,129,4,600,1.05426356589
324892,324899,325099,7,200,4,600,1.035
325117,325128,329158,11,4030,2,14400,1.00272952854
326078,326088,332547,10,6459,2,14400,1.00154822728
326445,326454,333224,9,6770,2,14400,1.00132939439
326957,326966,327963,9,997,2,14400,1.00902708124
327026,327036,334375,10,7339,2,14400,1.00136258346
327886,327895,333417,9,5522,2,14400,1.00162984426
327967,327976,334826,9,6850,2,14400,1.00131386861
328283,328297,334774,14,6477,2,14400,1.00216149452
328616,329450,333112,834,3662,16,7200,1.22774440197
328647,331069,334398,2422,3329,16,7200,1.72754580955
328798,331202,335392,2404,4190,16,7200,1.57374701671
328818,331294,335617,2476,4323,16,7200,1.57275040481
328833,331299,335609,2466,4310,16,7200,1.57215777262
328852,333124,337158,4272,4034,16,7200,2.05899851264
328876,328887,335328,11,6441,2,14400,1.00170780935
329027,329041,335570,14,6529,2,14400,1.00214427937
329066,329076,335907,10,6831,2,14400,1.00146391451
329159,329170,331193,11,2023,2,14400,1.00543746911
329499,329510,336263,11,6753,2,14400,1.00162890567
329674,329685,336582,11,6897,2,14400,1.00159489633
329764,329773,336258,9,6485,2,14400,1.00138781804
330182,330192,335200,10,5008,2,14400,1.00199680511
330730,330741,337064,11,6323,2,14400,1.00173968053
330904,458123,480916,127219,22793,16,172800,6.58149431843
331194,331209,338142,15,6933,2,14400,1.00216356556
331207,334411,340999,3204,6588,16,18000,1.48633879781
331397,335404,341724,4007,6320,16,18000,1.63401898734
331413,335627,342351,4214,6724,16,18000,1.62671029149
332110,347875,347877,15765,2,1,240,1576.7
332549,332562,339435,13,6873,2,14400,1.00189145933
333226,333238,339923,12,6685,2,14400,1.00179506358
333419,333428,340648,9,7220,2,14400,1.0012465374
334376,334387,335352,11,965,2,14400,1.01139896373
334773,334786,341803,13,7017,2,14400,1.00185264358
334827,334839,341250,12,6411,2,14400,1.00187178287
335204,335213,341797,9,6584,2,14400,1.00136695018
335330,335340,338826,10,3486,2,14400,1.00286861733
335354,335364,341264,10,5900,2,14400,1.00169491525
335570,335582,337733,12,2151,2,14400,1.00557880056
335911,335920,343132,9,7212,2,14400,1.00124792013
336260,336273,343253,13,6980,2,14400,1.00186246418
336275,336285,342793,10,6508,2,14400,1.00153657037
336582,336594,343623,12,7029,2,14400,1.00170721297
336684,368067,368279,31383,212,32,900,149.033018868
337067,337080,344256,13,7176,2,14400,1.0018115942
337735,337746,344725,11,6979,2,14400,1.00157615704
338145,338157,344947,12,6790,2,14400,1.00176730486
338829,338838,344679,9,5841,2,14400,1.00154083205
339437,339447,342504,10,3057,2,14400,1.0032711809
339924,339935,346004,11,6069,2,14400,1.0018124897
340650,340660,345833,10,5173,2,14400,1.00193311425
341252,341262,348646,10,7384,2,14400,1.00135427952
341267,341277,347638,10,6361,2,14400,1.00157207986
341800,341809,349518,9,7709,2,14400,1.0011674666
341814,341825,349106,11,7281,2,14400,1.00151078149
342507,342516,349139,9,6623,2,14400,1.0013589008
342796,342816,349259,20,6443,2,14400,1.00310414403
343136,343147,347285,11,4138,2,14400,1.00265828903
343256,343268,350767,12,7499,2,14400,1.00160021336
343626,343639,349816,13,6177,2,14400,1.00210458151
344229,346076,346335,1847,259,1,3540,8.13127413127
344256,344264,349380,8,5116,2,14400,1.00156372166
344630,346501,348556,1871,2055,1,3540,1.9104622871
344682,344691,350559,9,5868,2,14400,1.00153374233
344711,346662,346847,1951,185,1,3540,11.5459459459
344727,344739,351609,12,6870,2,14400,1.00174672489
344759,346716,346987,1957,271,1,3540,8.22140221402
344808,346743,347238,1935,495,1,3540,4.90909090909
344883,346842,347214,1959,372,1,3540,6.26612903226
344932,347250,347771,2318,521,1,3540,5.44913627639
344952,344959,345983,7,1024,2,14400,1.0068359375
344986,347273,347774,2287,501,1,3540,5.56487025948
345057,347338,347863,2281,525,1,3540,5.34476190476
345106,347726,348226,2620,500,1,3540,6.24
345156,347783,348299,2627,516,1,3540,6.09108527132
345357,347790,348063,2433,273,1,3540,9.91208791209
345623,347836,348028,2213,192,1,3540,12.5260416667
345829,348053,348179,2224,126,4,3540,18.6507936508
345839,345846,352977,7,7131,2,14400,1.0009816295
345882,347845,347981,1963,136,1,3540,15.4338235294
345984,345990,348074,6,2084,2,14400,1.00287907869
346007,346015,353028,8,7013,2,14400,1.00114073863
347288,347295,354571,7,7276,2,14400,1.00096206707
347642,347648,349412,6,1764,2,14400,1.00340136054
348075,348082,355105,7,7023,2,14400,1.00099672505
348649,348656,355569,7,6913,2,14400,1.00101258498
349107,349113,355555,6,6442,2,14400,1.00093138777
349140,349146,355406,6,6260,2,14400,1.00095846645
349262,349268,356379,6,7111,2,14400,1.00084376318
349382,349389,355833,7,6444,2,14400,1.00108628181
349415,349422,356493,7,7071,2,14400,1.00098995899
349520,349526,356353,6,6827,2,14400,1.00087886334
349818,349824,356884,6,7060,2,14400,1.00084985836
350559,350565,356733,6,6168,2,14400,1.00097276265
350770,350777,357962,7,7185,2,14400,1.00097425191
351611,351618,358203,7,6585,2,14400,1.00106302202
352978,352985,359763,7,6778,2,14400,1.00103275302
353029,353035,360273,6,7238,2,14400,1.00082895828
354261,354269,357872,8,3603,1,3600,1.00222037191
354574,354579,361448,5,6869,2,14400,1.00072790799
355106,355113,361572,7,6459,2,14400,1.0010837591
355407,355414,362235,7,6821,2,14400,1.00102624249
355558,355564,361851,6,6287,2,14400,1.00095435025
355572,355578,362670,6,7092,2,14400,1.00084602369
355834,355841,362103,7,6262,2,14400,1.00111785372
356355,356361,363014,6,6653,2,14400,1.00090184879
356379,356387,362593,8,6206,2,14400,1.00128907509
356497,356504,363563,7,7059,2,14400,1.00099164188
356735,356742,363001,7,6259,2,14400,1.00111838952
356885,356892,364221,7,7329,2,14400,1.00095510984
357837,357844,357851,7,7,1,1800,1.4
357965,357971,365181,6,7210,2,14400,1.00083217753
357993,357999,358113,6,114,1,3600,1.05263157895
357998,358006,358081,8,75,1,1800,1.10666666667
358185,358193,358308,8,115,1,3600,1.06956521739
358206,358213,364237,7,6024,2,14400,1.00116201859
358253,358259,358590,6,331,1,3600,1.01812688822
358305,358312,358413,7,101,1,1800,1.06930693069
358455,358461,359108,6,647,1,3600,1.00927357032
358857,358865,359696,8,831,1,3600,1.00962695548
359094,359118,359510,24,392,1,1800,1.0612244898
359362,359520,360543,158,1023,1,3600,1.15444770283
359765,359771,365952,6,6181,2,14400,1.00097071671
360255,360262,363868,7,3606,1,3600,1.0019412091
360274,360282,366651,8,6369,2,14400,1.00125608416
360294,360301,360308,7,7,1,1800,1.4
360596,360603,360644,7,41,1,1800,1.17073170732
360913,360919,361002,6,83,1,1800,1.07228915663
361451,361457,366540,6,5083,2,14400,1.00118040527
361516,361522,361613,6,91,1,3600,1.06593406593
361574,361581,368886,7,7305,2,14400,1.00095824778
361660,361667,361934,7,267,1,1800,1.02621722846
361751,361758,362001,7,243,1,3600,1.02880658436
361854,361861,368571,7,6710,2,14400,1.00104321908
362104,362111,369457,7,7346,2,14400,1.00095289954
362236,362243,368032,7,5789,2,14400,1.00120918984
362313,362320,362791,7,471,1,3600,1.01486199575
362596,362602,368970,6,6368,2,14400,1.00094221106
362672,362678,369159,6,6481,2,14400,1.00092578306
363003,363010,364039,7,1029,2,14400,1.00680272109
363018,363024,369516,6,6492,2,14400,1.00092421442
363565,363572,369923,7,6351,2,14400,1.00110218863
363991,363997,364168,6,171,1,3600,1.0350877193
364042,364048,370852,6,6804,2,14400,1.00088183422
364223,364230,371604,7,7374,2,14400,1.00094928126
364237,364244,370607,7,6363,2,14400,1.00110011001
364317,364324,364759,7,435,1,3600,1.01609195402
365083,365091,366092,8,1001,1,3600,1.00799200799
365183,365190,371969,7,6779,2,14400,1.00103260068
365922,365929,366003,7,74,1,1800,1.09459459459
365954,365960,372836,6,6876,2,14400,1.00087260035
366276,366283,366376,7,93,1,1800,1.0752688172
366542,366549,372921,7,6372,2,14400,1.00109855618
366653,366659,371308,6,4649,2,14400,1.00129060013
366874,366881,367247,7,366,1,1800,1.01912568306
368034,368040,375031,6,6991,2,14400,1.00085824632
368433,368440,368482,7,42,1,1800,1.16666666667
368573,368580,375282,7,6702,2,14400,1.00104446434
368723,368729,368805,6,76,1,1800,1.07894736842
368886,368894,375441,8,6547,2,14400,1.00122193371
368974,368980,375358,6,6378,2,14400,1.00094073377
369158,369164,376073,6,6909,2,14400,1.00086843248
369459,369465,375334,6,5869,2,14400,1.00102232067
369515,369528,369778,13,250,1,1800,1.052
369516,369522,376478,6,6956,2,14400,1.00086256469
369925,369931,377318,6,7387,2,14400,1.00081223771
370609,370615,377978,6,7363,2,14400,1.00081488524
370855,370861,377701,6,6840,2,14400,1.00087719298
371312,371318,378524,6,7206,2,14400,1.00083263947
371605,371613,377929,8,6316,2,14400,1.00126662445
371970,371976,375125,6,3149,2,14400,1.00190536678
372358,372364,389973,6,17609,8,18000,1.00034073485
372838,372845,379308,7,6463,2,14400,1.00108308835
372922,372928,379220,6,6292,2,14400,1.00095359186
375030,375037,380031,7,4994,2,14400,1.00140168202
375126,375134,380031,8,4897,2,14400,1.00163365326
375283,375289,380031,6,4742,2,14400,1.00126528891
375338,375345,380031,7,4686,2,14400,1.00149381135
375359,375366,380031,7,4665,2,14400,1.00150053591
375443,375449,380031,6,4582,2,14400,1.00130947185
376075,376082,380031,7,3949,2,14400,1.00177260066
376479,376486,380031,7,3545,2,14400,1.00197461213
376586,458178,518452,81592,60274,12,86400,2.35368483923
377319,377326,380031,7,2705,2,14400,1.00258780037
377702,377708,380031,6,2323,2,14400,1.00258286698
377930,377936,380031,6,2095,2,14400,1.00286396181
377981,377987,380031,6,2044,2,14400,1.00293542074
378035,378042,378047,7,5,8,57600,1.2
378526,378533,380031,7,1498,2,14400,1.0046728972
378549,378557,378666,8,109,8,57600,1.07339449541
378843,378849,383974,6,5125,16,18000,1.00117073171
378863,378869,383976,6,5107,16,18000,1.00117485804
378888,378895,385122,7,6227,16,18000,1.00112413682
378901,378908,435612,7,56704,8,57600,1.00012344808
379218,379225,380031,7,806,2,14400,1.00868486352
379311,379323,380031,12,708,2,14400,1.01694915254
379363,379369,379510,6,141,4,600,1.04255319149
379583,379590,379720,7,130,4,600,1.05384615385
379909,933153,1345742,553244,412589,6,432000,2.34090826464
379971,933158,1345742,553187,412584,6,432000,2.34078636108
380041,933163,1345753,553122,412590,6,432000,2.3406093216
380102,933169,1345742,553067,412573,6,432000,2.34053125144
380212,458227,458228,78015,1,1,216000,7801.6
380214,380221,380253,7,32,2,14400,1.21875
380215,380227,380259,12,32,2,14400,1.375
380217,380232,380264,15,32,2,14400,1.46875
380218,380238,380270,20,32,2,14400,1.625
380219,380243,380277,24,34,2,14400,1.70588235294
380221,380248,380280,27,32,2,14400,1.84375
380222,380255,380288,33,33,2,14400,2.0
380224,380261,380293,37,32,2,14400,2.15625
380225,380266,380298,41,32,2,14400,2.28125
380226,380272,380304,46,32,2,14400,2.4375
380228,380277,380309,49,32,2,14400,2.53125
380229,380282,380315,53,33,2,14400,2.60606060606
380231,380288,380319,57,31,2,14400,2.83870967742
380232,380293,380325,61,32,2,14400,2.90625
380233,380298,380331,65,33,2,14400,2.9696969697
380235,380304,380336,69,32,2,14400,3.15625
380236,380309,380341,73,32,2,14400,3.28125
380238,380314,380346,76,32,2,14400,3.375
380239,380320,380352,81,32,2,14400,3.53125
380240,380325,380357,85,32,2,14400,3.65625
380242,380331,380363,89,32,2,14400,3.78125
380243,380336,380368,93,32,2,14400,3.90625
380245,380341,380373,96,32,2,14400,4.0
380246,380347,380379,101,32,2,14400,4.15625
380247,380352,380384,105,32,2,14400,4.28125
380770,380776,381174,6,398,2,14400,1.01507537688
380772,380783,381174,11,391,2,14400,1.02813299233
380773,380788,381174,15,386,2,14400,1.03886010363
380774,380793,381174,19,381,2,14400,1.0498687664
380776,380799,381174,23,375,2,14400,1.06133333333
380777,380805,381174,28,369,2,14400,1.07588075881
380779,380810,381174,31,364,2,14400,1.08516483516
380780,380816,381174,36,358,2,14400,1.10055865922
380781,380821,381174,40,353,2,14400,1.11331444759
380783,380827,381174,44,347,2,14400,1.12680115274
380784,380832,381174,48,342,2,14400,1.14035087719
380786,380837,381174,51,337,2,14400,1.15133531157
380787,380843,381174,56,331,2,14400,1.16918429003
380789,380848,381174,59,326,2,14400,1.18098159509
380790,380853,381174,63,321,2,14400,1.19626168224
380792,380859,381174,67,315,2,14400,1.2126984127
380793,380864,381174,71,310,2,14400,1.22903225806
380795,380869,381174,74,305,2,14400,1.24262295082
380796,380875,381174,79,299,2,14400,1.26421404682
380797,380880,381174,83,294,2,14400,1.28231292517
380799,380885,381174,86,289,2,14400,1.29757785467
380800,380893,381174,93,281,2,14400,1.33096085409
380802,380898,381176,96,278,2,14400,1.34532374101
380803,380903,381174,100,271,2,14400,1.36900369004
380805,380909,381174,104,265,2,14400,1.39245283019
381205,381211,381444,6,233,2,14400,1.02575107296
381206,381217,381444,11,227,2,14400,1.04845814978
381207,381223,381444,16,221,2,14400,1.07239819005
381209,381228,381444,19,216,2,14400,1.08796296296
381210,381234,381444,24,210,2,14400,1.11428571429
381211,381239,381444,28,205,2,14400,1.13658536585
381213,381245,381444,32,199,2,14400,1.1608040201
381214,381251,381444,37,193,2,14400,1.19170984456
381216,381256,381444,40,188,2,14400,1.21276595745
381217,381261,381444,44,183,2,14400,1.24043715847
381219,381267,381444,48,177,2,14400,1.27118644068
381220,381272,381445,52,173,2,14400,1.30057803468
381221,381277,381444,56,167,2,14400,1.33532934132
381223,381283,381444,60,161,2,14400,1.37267080745
381224,381288,381444,64,156,2,14400,1.41025641026
381226,381293,381444,67,151,2,14400,1.44370860927
381227,381299,381444,72,145,2,14400,1.49655172414
381229,381304,381444,75,140,2,14400,1.53571428571
381230,381310,381444,80,134,2,14400,1.59701492537
381231,381315,381444,84,129,2,14400,1.6511627907
381233,381320,381444,87,124,2,14400,1.70161290323
381234,381326,381444,92,118,2,14400,1.77966101695
381236,381331,381444,95,113,2,14400,1.8407079646
381237,381336,381444,99,108,2,14400,1.91666666667
381239,381342,381444,103,102,2,14400,2.00980392157
381479,381485,388516,6,7031,2,14400,1.00085336368
381507,381514,387650,7,6136,2,14400,1.00114080834
381508,381520,389078,12,7558,2,14400,1.00158772162
381510,381525,388290,15,6765,2,14400,1.0022172949
381511,381531,388420,20,6889,2,14400,1.00290317898
381513,381536,388483,23,6947,2,14400,1.00331078163
381514,381541,388351,27,6810,2,14400,1.00396475771
381515,381548,388661,33,7113,2,14400,1.00463939266
381517,381553,388454,36,6901,2,14400,1.00521663527
381518,381558,388468,40,6910,2,14400,1.00578871201
381520,381564,388897,44,7333,2,14400,1.00600027274
381521,381569,389163,48,7594,2,14400,1.00632077956
381522,381574,389163,52,7589,2,14400,1.00685202266
381524,381580,388344,56,6764,2,14400,1.00827912478
381525,381585,388136,60,6551,2,14400,1.00915890704
381527,381590,388154,63,6564,2,14400,1.00959780622
381528,381596,387884,68,6288,2,14400,1.01081424936
381530,381601,387969,71,6368,2,14400,1.01114949749
381531,381607,388884,76,7277,2,14400,1.01044386423
381533,381612,388342,79,6730,2,14400,1.0117384844
381534,381618,388554,84,6936,2,14400,1.01211072664
381535,381623,387303,88,5680,2,14400,1.01549295775
381537,381628,388254,91,6626,2,14400,1.01373377603
381538,381634,387884,96,6250,2,14400,1.01536
381540,381639,388468,99,6829,2,14400,1.0144969981
381720,381727,388734,7,7007,2,14400,1.000999001
381721,381733,389007,12,7274,2,14400,1.0016497113
381723,381738,388527,15,6789,2,14400,1.00220945647
381724,381744,387941,20,6197,2,14400,1.00322736808
381725,381749,389130,24,7381,2,14400,1.00325159193
381727,381755,388222,28,6467,2,14400,1.00432967373
381728,381761,388820,33,7059,2,14400,1.00467488313
381730,381767,388826,37,7059,2,14400,1.00524153563
381731,381772,388384,41,6612,2,14400,1.00620084694
381732,381777,388953,45,7176,2,14400,1.00627090301
382108,382114,382146,6,32,4,600,1.1875
382365,382372,382377,7,5,1,540,1.2
382789,382795,383148,6,353,1,23400,1.01699716714
382789,382806,383250,17,444,1,23400,1.03828828829
382789,382800,383646,11,846,1,23400,1.01300236407
383037,383059,383695,22,636,4,3600,1.03459119497
383224,383994,383998,770,4,4,3600,77.4
383330,383336,383341,6,5,1,540,1.1
383406,383413,383422,7,9,1,540,1.6
383510,383518,384073,8,555,1,540,1.01441441441
383647,383707,394277,60,10570,4,10800,1.00567644276
383965,383987,384359,22,372,16,3600,1.05913978495
384274,458156,524428,73882,66272,10,180000,2.11482979237
384498,384504,384644,6,140,4,600,1.04285714286
384757,384764,384902,7,138,4,600,1.05072463768
384826,384832,386514,6,1682,16,3600,1.00356718193
385000,385007,385656,7,649,4,3600,1.01078582435
385053,385060,385196,7,136,4,600,1.05147058824
385260,385266,395642,6,10376,4,18000,1.00057825752
385351,385358,385671,7,313,16,3600,1.02236421725
386054,386061,387794,7,1733,1,1800,1.00403923832
386548,386554,388554,6,2000,16,3600,1.003
387053,387060,405091,7,18031,4,18000,1.00038822029
387305,387313,389163,8,1850,2,14400,1.00432432432
387651,387657,389163,6,1506,2,14400,1.00398406375
387886,387892,389163,6,1271,2,14400,1.00472069237
387887,387899,389163,12,1264,2,14400,1.00949367089
387914,387921,391532,7,3611,4,3600,1.00193852119
387944,387950,389163,6,1213,2,14400,1.00494641385
387971,387977,389163,6,1186,2,14400,1.00505902192
388137,388144,389163,7,1019,2,14400,1.00686947988
388158,388164,389163,6,999,2,14400,1.00600600601
388224,388230,389163,6,933,2,14400,1.00643086817
388257,388264,389163,7,899,2,14400,1.00778642937
388292,388299,389163,7,864,2,14400,1.00810185185
388343,388349,389163,6,814,2,14400,1.00737100737
388358,388366,389163,8,797,2,14400,1.01003764115
388360,388371,389163,11,792,2,14400,1.01388888889
388387,388394,389163,7,769,2,14400,1.00910273082
388423,388430,389163,7,733,2,14400,1.00954979536
388455,388462,389164,7,702,2,14400,1.00997150997
388471,388477,389164,6,687,2,14400,1.00873362445
388472,388484,389164,12,680,2,14400,1.01764705882
388486,388494,389164,8,670,2,14400,1.01194029851
388513,388520,389164,7,644,2,14400,1.01086956522
388528,388534,389164,6,630,2,14400,1.00952380952
388556,388562,389164,6,602,2,14400,1.00996677741
388647,388654,398113,7,9459,16,36000,1.00074003594
388664,388670,389164,6,494,2,14400,1.01214574899
388736,388743,389164,7,421,2,14400,1.01662707838
388908,388920,388923,12,3,1,68400,1.5
389065,389072,392832,7,3760,16,36000,1.00186170213
389096,389102,389105,6,3,1,68400,1.0
389181,389187,389190,6,3,1,68400,1.0
389213,389220,389221,7,1,1,68400,1.0
389239,389245,389278,6,33,2,14400,1.18181818182
389240,389252,389284,12,32,2,14400,1.375
389241,389257,389287,16,30,2,14400,1.53333333333
389243,389262,389294,19,32,2,14400,1.59375
389244,389268,389300,24,32,2,14400,1.75
389245,389273,389305,28,32,2,14400,1.875
389247,389279,389313,32,34,2,14400,1.94117647059
389248,389285,389318,37,33,2,14400,2.12121212121
389250,389290,389322,40,32,2,14400,2.25
389251,389295,389328,44,33,2,14400,2.33333333333
389252,389301,389333,49,32,2,14400,2.53125
389254,389306,389339,52,33,2,14400,2.57575757576
389255,389311,389347,56,36,2,14400,2.55555555556
389256,389317,389349,61,32,2,14400,2.90625
389258,389322,389354,64,32,2,14400,3.0
389259,389328,389360,69,32,2,14400,3.15625
389261,389333,389365,72,32,2,14400,3.25
389262,389338,389371,76,33,2,14400,3.30303030303
389263,389344,389376,81,32,2,14400,3.53125
389265,389349,389382,84,33,2,14400,3.54545454545
389266,389354,389387,88,33,2,14400,3.66666666667
389268,389360,389392,92,32,2,14400,3.875
389269,389365,389397,96,32,2,14400,4.0
389270,389370,389403,100,33,2,14400,4.0303030303
389272,389376,389408,104,32,2,14400,4.25
389273,389381,389413,108,32,2,14400,4.375
389274,389389,389421,115,32,2,14400,4.59375
389276,389394,389426,118,32,2,14400,4.6875
389277,389399,389431,122,32,2,14400,4.8125
389279,389405,389437,126,32,2,14400,4.9375
389280,389410,389442,130,32,2,14400,5.0625
389281,389415,389447,134,32,2,14400,5.1875
389283,389421,389453,138,32,2,14400,5.3125
389284,389426,389460,142,34,2,14400,5.17647058824
389286,389431,389464,145,33,2,14400,5.39393939394
389567,389575,399219,8,9644,16,36000,1.00082953131
389775,389782,396546,7,6764,2,14400,1.0010348906
389777,389788,396696,11,6908,2,14400,1.00159235669
389778,389794,396412,16,6618,2,14400,1.00241764884
389780,389799,396580,19,6781,2,14400,1.00280194662
389781,389805,396598,24,6793,2,14400,1.00353304873
389782,389810,396309,28,6499,2,14400,1.00430835513
389784,389816,396399,32,6583,2,14400,1.00486100562
389785,389822,396454,37,6632,2,14400,1.00557901086
389786,389827,396825,41,6998,2,14400,1.0058588168
389788,389832,395807,44,5975,2,14400,1.00736401674
389789,389838,396263,49,6425,2,14400,1.00762645914
389791,389843,396623,52,6780,2,14400,1.00766961652
389792,389848,396805,56,6957,2,14400,1.0080494466
389794,389854,397368,60,7514,2,14400,1.00798509449
389795,389859,396435,64,6576,2,14400,1.0097323601
389796,389865,396894,69,7029,2,14400,1.00981647461
389798,389870,397341,72,7471,2,14400,1.00963726409
389799,389875,396228,76,6353,2,14400,1.0119628522
389801,389881,397270,80,7389,2,14400,1.01082690486
389802,389886,397079,84,7193,2,14400,1.0116780203
389803,389891,397132,88,7241,2,14400,1.01215301754
389805,389897,396938,92,7041,2,14400,1.01306632581
389806,389902,396748,96,6846,2,14400,1.01402278703
389808,389907,396932,99,7025,2,14400,1.01409252669
389809,389913,396954,104,7041,2,14400,1.01477062917
389811,389918,396311,107,6393,2,14400,1.01673705616
389812,389924,397131,112,7207,2,14400,1.01554044679
389814,389930,396546,116,6616,2,14400,1.01753325272
389815,389935,396534,120,6599,2,14400,1.01818457342
389816,389940,397116,124,7176,2,14400,1.01727982163
389818,389946,396132,128,6186,2,14400,1.0206918849
389819,389951,396583,132,6632,2,14400,1.01990349819
389820,389956,396669,136,6713,2,14400,1.02025919857
389822,389962,397161,140,7199,2,14400,1.01944714544
389824,389967,397250,143,7283,2,14400,1.01963476589
389990,389997,395286,7,5289,8,18000,1.00132350161
390305,458194,556308,67889,98114,4,172800,1.69193998818
390442,458199,631020,67757,172821,4,172800,1.39206462178
390491,458205,554844,67714,96639,4,172800,1.70069019754
391157,391164,404465,7,13301,2,43200,1.00052627622
391248,391254,391802,6,548,4,3600,1.01094890511
391835,458038,485014,66203,26976,1,86400,3.45414442467
391838,391844,392487,6,643,4,3600,1.00933125972
391850,458221,486977,66371,28756,1,86400,3.30807483656
391951,391957,392595,6,638,4,3600,1.00940438871
392432,392438,393073,6,635,4,3600,1.0094488189
392548,392556,412969,8,20413,14,57600,1.00039190712
392687,392695,392759,8,64,16,34800,1.125
392949,392956,393017,7,61,16,34800,1.11475409836
392964,392970,393605,6,635,4,3600,1.0094488189
393030,393037,393058,7,21,1,34800,1.33333333333
393287,393293,393298,6,5,2,61200,1.1
393344,393350,393354,6,4,2,61200,1.0
393472,393478,393482,6,4,2,61200,1.0
393481,393488,393545,7,57,16,34800,1.12280701754
393538,393544,393548,6,4,4,3600,1.0
393584,458188,459575,64604,1387,4,345600,47.5782263879
393585,393591,393622,6,31,16,34800,1.1935483871
393656,393663,394291,7,628,4,3600,1.01114649682
393678,393685,393691,7,6,16,34800,1.3
393750,393756,393759,6,3,4,3600,1.0
394380,394387,394657,7,270,2,61200,1.02592592593
394667,394674,396624,7,1950,1,61200,1.00358974359
394774,394780,394875,6,95,4,3600,1.06315789474
395026,395033,395035,7,2,1,120,1.0
395050,395056,395057,6,1,1,120,1.0
395323,395329,413374,6,18045,8,18000,1.00033250208
395640,395647,403134,7,7487,1,43200,1.00093495392
395713,395726,402679,13,6953,1,43200,1.00186969653
395809,395815,402690,6,6875,2,14400,1.00087272727
395894,395900,396244,6,344,4,3600,1.01744186047
396099,396106,396108,7,2,1,120,1.0
396134,396141,402690,7,6549,2,14400,1.00106886548
396230,396236,403182,6,6946,2,14400,1.00086380651
396230,396242,396385,12,143,1,120,1.08391608392
396263,396275,402993,12,6718,2,14400,1.00178624591
396311,396317,403487,6,7170,2,14400,1.00083682008
396313,396324,403683,11,7359,2,14400,1.00149476831
396400,396407,402764,7,6357,2,14400,1.00110114834
396415,396421,403320,6,6899,2,14400,1.00086969126
396436,396442,403652,6,7210,2,14400,1.00083217753
396457,396464,403196,7,6732,2,14400,1.00103980986
396535,396542,404125,7,7583,2,14400,1.0009231175
396550,396557,403017,7,6460,2,14400,1.00108359133
396552,396564,403468,12,6904,2,14400,1.00173812283
396582,396588,402722,6,6134,2,14400,1.00097815455
396596,396603,403124,7,6521,2,14400,1.00107345499
396611,396617,403617,6,7000,2,14400,1.00085714286
396626,396633,403644,7,7011,2,14400,1.00099843104
396671,396677,402485,6,5808,2,14400,1.00103305785
396698,396704,402948,6,6244,2,14400,1.00096092249
396749,396756,403759,7,7003,2,14400,1.00099957161
396806,396812,403108,6,6296,2,14400,1.00095298602
396827,396834,404206,7,7372,2,14400,1.0009495388
396896,396904,403958,8,7054,2,14400,1.00113410831
396933,396939,403652,6,6713,2,14400,1.00089378817
396948,396954,403796,6,6842,2,14400,1.00087693657
396962,396968,403728,6,6760,2,14400,1.00088757396
397080,397087,404219,7,7132,2,14400,1.00098149187
397117,397123,403573,6,6450,2,14400,1.00093023256
397135,397142,404158,7,7016,2,14400,1.0009977195
397136,397149,404387,13,7238,2,14400,1.00179607626
397163,397170,404344,7,7174,2,14400,1.00097574575
397223,397229,397231,6,2,2,3600,1.0
397251,397257,404014,6,6757,2,14400,1.00088796803
397272,397278,403724,6,6446,2,14400,1.0009308098
397344,397350,404630,6,7280,2,14400,1.00082417582
397371,397378,404692,7,7314,2,14400,1.00095706864
398032,398039,398203,7,164,16,36000,1.04268292683
398371,398378,398381,7,3,4,3600,1.0
398573,398579,398581,6,2,1,57600,1.0
398579,398585,399581,6,996,4,18000,1.00602409639
398638,398645,456249,7,57604,1,57600,1.00012151934
398718,398724,398742,6,18,1,600,1.33333333333
398790,398798,399502,8,704,16,1800,1.01136363636
399183,399189,408534,6,9345,16,36000,1.00064205457
399225,399231,399729,6,498,16,36000,1.01204819277
399283,458145,530184,58862,72039,16,72000,1.81708518997
399374,399381,399389,7,8,4,18000,1.5
399470,399476,400747,6,1271,4,18000,1.00472069237
399746,399752,400335,6,583,4,18000,1.0102915952
399874,399880,400350,6,470,4,18000,1.01276595745
400068,400074,400104,6,30,1,600,1.2
400109,400115,400147,6,32,16,1800,1.1875
400393,400400,421063,7,20663,16,36000,1.00033876978
400631,400638,401662,7,1024,4,18000,1.0068359375
400727,400733,400735,6,2,1,20,1.0
400838,400844,401106,6,262,4,3600,1.02290076336
400985,400991,401025,6,34,16,1800,1.17647058824
401190,401196,411290,6,10094,20,43199,1.00059441252
401216,401223,401860,7,637,4,3600,1.01098901099
401237,401244,401868,7,624,4,3600,1.01121794872
401328,401674,405769,346,4095,16,36000,1.08449328449
401950,458183,464254,56233,6071,4,72000,10.2625597101
402007,402015,402019,8,4,4,3600,1.2
402089,402096,402721,7,625,4,3600,1.0112
402171,402177,402898,6,721,2,3600,1.00832177531
402302,402308,402361,6,53,1,59,1.11320754717
402487,402493,408985,6,6492,2,14400,1.00092421442
402495,402501,422509,6,20008,16,34800,1.00029988005
402693,402699,409546,6,6847,2,14400,1.00087629619
402694,402705,409775,11,7070,2,14400,1.00155586987
402724,402731,409324,7,6593,2,14400,1.00106173214
402767,402773,409546,6,6773,2,14400,1.00088587037
402775,402786,438788,11,36002,1,36000,1.00030553858
402937,402944,403694,7,750,2,3600,1.00933333333
402948,402954,409644,6,6690,2,14400,1.00089686099
402996,403002,409545,6,6543,2,14400,1.00091701055
403001,403008,435200,7,32192,2,43200,1.00021744533
403019,403026,409324,7,6298,2,14400,1.00111146396
403110,403116,409545,6,6429,2,14400,1.00093327112
403124,403130,409619,6,6489,2,14400,1.0009246417
403184,403191,409790,7,6599,2,14400,1.00106076678
403199,403205,410212,6,7007,2,14400,1.00085628657
403323,403329,410084,6,6755,2,14400,1.00088823094
403461,403467,403629,6,162,2,3600,1.03703703704
403470,403476,409608,6,6132,2,14400,1.00097847358
403488,403494,409872,6,6378,2,14400,1.00094073377
403575,403581,410472,6,6891,2,14400,1.00087070091
403602,403608,403640,6,32,2,3600,1.1875
403620,403626,410472,6,6846,2,14400,1.00087642419
403648,403654,410662,6,7008,2,14400,1.00085616438
403663,403669,410753,6,7084,2,14400,1.00084697911
403664,403676,410588,12,6912,2,14400,1.00173611111
403673,403682,404417,9,735,2,3600,1.01224489796
403674,405780,433744,2106,27964,16,36000,1.07531111429
403685,403691,410485,6,6794,2,14400,1.00088313218
403727,403734,410240,7,6506,2,14400,1.00107592991
403742,403748,410245,6,6497,2,14400,1.00092350316
403760,403766,410451,6,6685,2,14400,1.00089753179
403787,403793,404565,6,772,2,3600,1.00777202073
403797,403803,411196,6,7393,2,14400,1.00081157852
403851,403857,413496,6,9639,2,43200,1.00062247121
403959,403966,410390,7,6424,2,14400,1.00108966376
404013,404019,411040,6,7021,2,14400,1.00085457912
404128,404134,410786,6,6652,2,14400,1.00090198437
404161,404167,411763,6,7596,2,14400,1.00078988942
404184,458215,672048,54031,213833,32,288000,1.25267849209
404195,978894,1009217,574699,30323,32,288000,19.9525772516
404202,983694,1009225,579492,25531,32,288000,23.6975833301
404209,404215,411058,6,6843,2,14400,1.00087680842
404224,404230,410553,6,6323,2,14400,1.00094891665
404225,408545,437997,4320,29452,16,36000,1.14667934266
404344,404350,410970,6,6620,2,14400,1.00090634441
404389,404395,411548,6,7153,2,14400,1.00083880889
404633,404639,411576,6,6937,2,14400,1.0008649272
404665,404672,408304,7,3632,2,3600,1.00192731278
404693,404699,411119,6,6420,2,14400,1.00093457944
404720,404726,408338,6,3612,2,3600,1.00166112957
404958,413933,420934,8975,7001,15,32399,2.28195972004
405062,458134,482997,53072,24863,20,86399,3.13457748462
405082,458172,474982,53090,16810,10,57600,4.15823914337
405190,458140,463826,52950,5686,20,86399,10.3123461133
405256,421993,429221,16737,7228,24,7199,3.31557830659
405283,405289,405336,6,47,4,600,1.12765957447
405342,405348,405399,6,51,4,600,1.11764705882
405450,458151,530168,52701,72017,16,72000,1.73178555063
405560,405566,409146,6,3580,1,3540,1.00167597765
405626,405632,412817,6,7185,2,14400,1.00083507307
405627,405638,412467,11,6829,2,14400,1.00161077757
405629,405644,412599,15,6955,2,14400,1.00215672178
405630,405649,413034,19,7385,2,14400,1.00257278267
405631,405655,413053,24,7398,2,14400,1.00324412003
405633,405661,412648,28,6987,2,14400,1.00400744239
405634,405667,412419,33,6752,2,14400,1.00488744076
405636,405672,412511,36,6839,2,14400,1.00526392747
405637,405678,412970,41,7292,2,14400,1.00562260011
405638,405683,412554,45,6871,2,14400,1.00654926503
405640,405688,412325,48,6637,2,14400,1.00723218322
405641,406248,413710,607,7462,2,14400,1.08134548378
405643,406254,412756,611,6502,2,14400,1.09397108582
405644,408315,415238,2671,6923,2,14400,1.38581539795
405645,408350,415231,2705,6881,2,14400,1.39311146636
405647,408997,415410,3350,6413,2,14400,1.52237642289
405648,409564,415410,3916,5846,2,14400,1.66985973315
405650,409569,415410,3919,5841,2,14400,1.67094675569
405651,409619,415410,3968,5791,2,14400,1.68520117424
405653,409630,415410,3977,5780,2,14400,1.68806228374
405684,411383,416952,5699,5569,16,36000,2.02334350871
407189,458232,485568,51043,27336,1,115200,2.86724465906
407550,409336,413991,1786,4655,4,36000,1.38367346939
407611,458237,487698,50626,29461,1,129600,2.71840738604
407623,458243,487821,50620,29578,1,172800,2.71140712692
407636,458248,487753,50612,29505,1,172800,2.71537027622
408587,409556,413171,969,3615,4,36000,1.26804979253
409484,409490,410330,6,840,1,3600,1.00714285714
409779,409785,415410,6,5625,2,14400,1.00106666667
409794,409800,415410,6,5610,2,14400,1.00106951872
409875,409881,415410,6,5529,2,14400,1.00108518719
409923,409929,410899,6,970,2,36000,1.00618556701
409943,410095,410903,152,808,2,36000,1.18811881188
410084,411301,411348,1217,47,16,1800,26.8936170213
410086,410223,415410,137,5187,2,14400,1.02641218431
410215,410251,415410,36,5159,2,14400,1.00697809653
410242,410258,415410,16,5152,2,14400,1.00310559006
410257,410402,415410,145,5008,2,14400,1.02895367412
410290,410918,435720,628,24802,2,43200,1.02532053867
410303,411360,411372,1057,12,16,1800,89.0833333333
410392,410463,415410,71,4947,2,14400,1.01435213261
410453,410483,415410,30,4927,2,14400,1.00608889791
410474,410489,415410,15,4921,2,14400,1.00304816094
410475,410496,415410,21,4914,2,14400,1.00427350427
410490,410564,415410,74,4846,2,14400,1.01527032604
410554,410600,415410,46,4810,2,14400,1.00956340956
410589,410673,415410,84,4737,2,14400,1.01773274224
410665,410764,415410,99,4646,2,14400,1.0213086526
410752,410797,415410,45,4613,2,14400,1.0097550401
410788,410911,415411,123,4500,2,14400,1.02733333333
410972,410982,415411,10,4429,2,14400,1.00225784601
410992,411051,411190,59,139,2,36000,1.42446043165
411041,411070,415411,29,4341,2,14400,1.00668048837
411056,411130,411277,74,147,2,36000,1.50340136054
411059,411202,415411,143,4209,2,14400,1.03397481587
411119,411209,415411,90,4202,2,14400,1.0214183722
411198,411288,415411,90,4123,2,14400,1.02182876546
411552,411558,415411,6,3853,2,14400,1.00155722813
411576,411582,415411,6,3829,2,14400,1.00156698877
411592,411598,432832,6,21234,2,43200,1.0002825657
411604,411610,411761,6,151,2,36000,1.03973509934
411646,411772,411902,126,130,2,36000,1.96923076923
411766,411779,415411,13,3632,2,14400,1.00357929515
411900,413881,413922,1981,41,16,1800,49.3170731707
412006,412012,412159,6,147,2,36000,1.04081632653
412079,412170,412299,91,129,2,36000,1.70542635659
412254,412310,444936,56,32626,2,43200,1.00171642249
412326,412338,415411,12,3073,2,14400,1.00390497885
412420,412430,415411,10,2981,2,14400,1.003354579
412468,412478,415411,10,2933,2,14400,1.00340947835
412513,412522,415411,9,2889,2,14400,1.0031152648
412549,413386,420149,837,6763,7,21600,1.12376164424
412555,412565,415411,10,2846,2,14400,1.00351370344
412601,412610,415411,9,2801,2,14400,1.00321313816
412649,412659,415411,10,2752,2,14400,1.00363372093
412715,412721,415934,6,3213,1,10800,1.00186741363
412739,413182,431187,443,18005,2,43200,1.02460427659
412757,412768,415411,11,2643,2,14400,1.00416193719
412821,412829,415411,8,2582,2,14400,1.00309837335
412971,412981,415411,10,2430,2,14400,1.00411522634
413037,413046,415411,9,2365,2,14400,1.00380549683
413055,413065,415411,10,2346,2,14400,1.0042625746
413712,413718,415411,6,1693,2,14400,1.00354400473
414569,415422,422652,853,7230,16,7200,1.11798063624
414590,415427,422637,837,7210,16,7200,1.1160887656
414809,415435,421895,626,6460,16,7200,1.09690402477
414838,415440,421982,602,6542,16,7200,1.09202078875
415233,415239,415411,6,172,2,14400,1.03488372093
415248,415254,415411,6,157,2,14400,1.03821656051
415361,458210,717413,42849,259203,3,259200,1.16531058668
415489,415495,422227,6,6732,2,14400,1.0008912656
415490,415501,422620,11,7119,2,14400,1.00154516084
415491,415507,421940,16,6433,2,14400,1.0024871755
415493,415512,422550,19,7038,2,14400,1.00269963058
415494,415517,422776,23,7259,2,14400,1.00316848051
415495,415523,422562,28,7039,2,14400,1.00397783776
415497,415529,422250,32,6721,2,14400,1.00476119625
415498,415535,422328,37,6793,2,14400,1.00544678345
415500,415540,422513,40,6973,2,14400,1.00573641187
415501,415545,422640,44,7095,2,14400,1.00620155039
415502,415551,422644,49,7093,2,14400,1.00690821937
415504,415556,422096,52,6540,2,14400,1.00795107034
415505,415563,421789,58,6226,2,14400,1.00931577257
415507,415568,422683,61,7115,2,14400,1.0085734364
415508,415574,422650,66,7076,2,14400,1.00932730356
415509,415579,422595,70,7016,2,14400,1.00997719498
415511,415585,422401,74,6816,2,14400,1.01085680751
415513,416964,424565,1451,7601,2,14400,1.19089593475
415514,416970,424481,1456,7511,2,14400,1.19384902144
415515,416975,423687,1460,6712,2,14400,1.21752085816
415517,416980,424389,1463,7409,2,14400,1.19746254555
415518,416986,423878,1468,6892,2,14400,1.21300058038
415520,416991,424396,1471,7405,2,14400,1.19864956111
415521,416996,423995,1475,6999,2,14400,1.21074439206
415522,417002,423601,1480,6599,2,14400,1.22427640552
415524,419343,426188,3819,6845,2,14400,1.55792549306
415525,419349,426798,3824,7449,2,14400,1.51335749765
415527,419354,426187,3827,6833,2,14400,1.56007610127
415528,419359,426348,3831,6989,2,14400,1.54814708828
415529,419365,426570,3836,7205,2,14400,1.53240804997
415531,420160,427284,4629,7124,2,14400,1.64977540707
415532,420166,427189,4634,7023,2,14400,1.65983198064
415534,420171,427179,4637,7008,2,14400,1.66167237443
415535,420946,428161,5411,7215,2,14400,1.74996534997
415537,420952,427485,5415,6533,2,14400,1.82886881984
415538,420957,427779,5419,6822,2,14400,1.79434183524
415539,420962,427352,5423,6390,2,14400,1.84866979656
415541,420968,427953,5427,6985,2,14400,1.77695060845
415542,420973,428298,5431,7325,2,14400,1.7414334471
415544,420979,427933,5435,6954,2,14400,1.78156456716
415545,420984,427492,5439,6508,2,14400,1.83574062692
415546,421075,427898,5529,6823,2,14400,1.81034735454
415548,421081,427552,5533,6471,2,14400,1.85504558801
415549,421086,427769,5537,6683,2,14400,1.82852012569
415551,421091,427950,5540,6859,2,14400,1.80769791515
415952,415959,419526,7,3567,1,10800,1.00196243342
418576,419537,419539,961,2,1,240,96.3
419541,419550,423397,9,3847,1,10800,1.00233948531
419776,458161,495770,38385,37609,10,259200,2.02063335904
420428,458167,638198,37739,180031,10,180000,1.20962500903
421789,421796,428908,7,7112,2,14400,1.00098425197
421943,421949,428364,6,6415,2,14400,1.00093530787
422097,422103,429315,6,7212,2,14400,1.00083194676
422229,422235,429418,6,7183,2,14400,1.00083530558
422253,422259,428812,6,6553,2,14400,1.00091561117
422331,422337,429734,6,7397,2,14400,1.00081113965
422403,422409,429899,6,7490,2,14400,1.00080106809
422514,422520,429715,6,7195,2,14400,1.00083391244
422550,422556,429310,6,6754,2,14400,1.00088836245
422565,422571,429957,6,7386,2,14400,1.00081234768
422598,422604,430057,6,7453,2,14400,1.00080504495
422622,422628,429654,6,7026,2,14400,1.00085397096
422643,422649,429569,6,6920,2,14400,1.00086705202
422658,422664,429343,6,6679,2,14400,1.00089833807
422659,422671,429425,12,6754,2,14400,1.0017767249
422686,422693,428978,7,6285,2,14400,1.00111376293
422777,422783,429982,6,7199,2,14400,1.00083344909
423411,423417,427221,6,3804,1,10800,1.00157728707
423602,423608,429963,6,6355,2,14400,1.00094413847
423689,423697,430770,8,7073,2,14400,1.00113106178
423879,423885,431071,6,7186,2,14400,1.00083495686
423996,424003,430910,7,6907,2,14400,1.0010134646
424391,424397,430893,6,6496,2,14400,1.00092364532
424405,424412,431070,7,6658,2,14400,1.00105136678
424484,424490,430799,6,6309,2,14400,1.00095102235
424568,424574,431719,6,7145,2,14400,1.00083974808
425555,425561,433105,6,7544,2,14400,1.00079533404
425556,425568,431992,12,6424,2,14400,1.00186799502
425557,425574,431529,17,5955,2,14400,1.00285474391
425559,425579,431877,20,6298,2,14400,1.00317561131
425560,425585,432332,25,6747,2,14400,1.00370535053
425561,425590,433050,29,7460,2,14400,1.00388739946
425563,425596,432580,33,6984,2,14400,1.00472508591
425564,425602,432316,38,6714,2,14400,1.00565981531
425566,425607,432798,41,7191,2,14400,1.00570157141
425567,425612,432721,45,7109,2,14400,1.00633000422
425568,425618,432224,50,6606,2,14400,1.00756887678
425570,425623,433063,53,7440,2,14400,1.00712365591
425571,425629,432194,58,6565,2,14400,1.00883472963
425572,425634,432437,62,6803,2,14400,1.00911362634
425574,425639,432772,65,7133,2,14400,1.00911257535
425575,425645,432070,70,6425,2,14400,1.01089494163
425577,425650,432512,73,6862,2,14400,1.01063829787
425578,425655,432902,77,7247,2,14400,1.01062508624
425579,425661,432548,82,6887,2,14400,1.01190649049
425581,425666,432465,85,6799,2,14400,1.01250183851
427251,427257,430926,6,3669,1,10800,1.00163532298
428368,428375,435758,7,7383,2,14400,1.00094812407
428814,428820,435125,6,6305,2,14400,1.00095162569
428910,428916,436255,6,7339,2,14400,1.00081755007
428976,428982,436398,6,7416,2,14400,1.00080906149
429310,429317,436507,7,7190,2,14400,1.00097357441
429325,429331,435973,6,6642,2,14400,1.00090334237
429346,429353,436834,7,7481,2,14400,1.00093570378
429418,429424,436269,6,6845,2,14400,1.00087655223
429433,429439,437222,6,7783,2,14400,1.00077091096
429460,429467,429468,7,1,1,240,1.0
429571,429578,436296,7,6718,2,14400,1.00104197678
429656,429663,436577,7,6914,2,14400,1.00101243853
429716,429723,436631,7,6908,2,14400,1.00101331789
429737,429743,436520,6,6777,2,14400,1.0008853475
429900,429906,436467,6,6561,2,14400,1.00091449474
429960,429966,436798,6,6832,2,14400,1.00087822014
429975,429981,437364,6,7383,2,14400,1.00081267777
429989,429996,437318,7,7322,2,14400,1.00095602294
430060,430066,436662,6,6596,2,14400,1.00090964221
430571,430579,430828,8,249,1,3540,1.03212851406
430771,430777,437814,6,7037,2,14400,1.00085263607
430801,430808,437805,7,6997,2,14400,1.00100042876
430895,430901,437537,6,6636,2,14400,1.00090415913
430913,430919,437957,6,7038,2,14400,1.00085251492
430941,430948,432999,7,2051,1,3540,1.00341296928
430950,430957,435042,7,4085,1,10800,1.00171358629
431018,431024,431204,6,180,1,3540,1.03333333333
431066,431072,431338,6,266,1,3540,1.02255639098
431074,431081,438244,7,7163,2,14400,1.00097724417
431075,431088,438126,13,7038,2,14400,1.00184711566
431115,431122,431611,7,489,1,3540,1.01431492843
431191,431197,431564,6,367,1,3540,1.01634877384
431239,431245,431758,6,513,1,3540,1.01169590643
431287,431293,431778,6,485,1,3540,1.01237113402
431335,431341,431854,6,513,1,3540,1.01169590643
431383,431389,431871,6,482,1,3540,1.01244813278
431432,431438,431947,6,509,1,3540,1.01178781925
431530,431538,438606,8,7068,2,14400,1.00113186191
431632,431638,431903,6,265,1,3540,1.02264150943
431720,431726,438448,6,6722,2,14400,1.00089259149
431876,431883,438942,7,7059,2,14400,1.00099164188
431889,431896,432082,7,186,1,3540,1.0376344086
431995,432002,438790,7,6788,2,14400,1.00103123159
432070,432076,438547,6,6471,2,14400,1.00092721372
432076,432084,432211,8,127,4,3540,1.06299212598
432127,432133,432258,6,125,1,3540,1.048
432196,432202,439016,6,6814,2,14400,1.00088054006
432226,432232,439392,6,7160,2,14400,1.00083798883
432316,432322,438925,6,6603,2,14400,1.00090867787
432334,432340,439842,6,7502,2,14400,1.00079978672
432439,432446,439676,7,7230,2,14400,1.00096818811
432467,432473,438943,6,6470,2,14400,1.00092735703
432515,432521,439440,6,6919,2,14400,1.00086717734
432551,432557,439610,6,7053,2,14400,1.00085070183
432581,432587,438997,6,6410,2,14400,1.00093603744
432722,432728,439386,6,6658,2,14400,1.00090117152
432773,432779,439382,6,6603,2,14400,1.00090867787
432800,432806,439705,6,6899,2,14400,1.00086969126
432903,432909,439850,6,6941,2,14400,1.00086442876
433055,433062,439654,7,6592,2,14400,1.0010618932
433070,433076,439649,6,6573,2,14400,1.00091282519
433106,433112,440049,6,6937,2,14400,1.0008649272
435071,435077,439462,6,4385,1,10800,1.00136830103
435128,435135,442220,7,7085,2,14400,1.00098800282
435762,435769,442362,7,6593,2,14400,1.00106173214
435976,435982,442222,6,6240,2,14400,1.00096153846
436256,436262,442717,6,6455,2,14400,1.00092951201
436271,436277,443291,6,7014,2,14400,1.00085543199
436298,436304,443372,6,7068,2,14400,1.00084889643
436400,436406,442856,6,6450,2,14400,1.00093023256
436469,436476,443691,7,7215,2,14400,1.00097020097
436505,436511,443229,6,6718,2,14400,1.00089312295
436523,436530,444326,7,7796,2,14400,1.00089789636
436577,436583,443408,6,6825,2,14400,1.00087912088
436631,436638,443073,7,6435,2,14400,1.00108780109
436664,436671,443472,7,6801,2,14400,1.0010292604
436800,436806,443844,6,7038,2,14400,1.00085251492
436836,436843,443997,7,7154,2,14400,1.00097847358
437225,437231,444629,6,7398,2,14400,1.00081103001
437318,437325,443880,7,6555,2,14400,1.00106788711
437366,437373,443966,7,6593,2,14400,1.00106173214
437538,437544,444654,6,7110,2,14400,1.00084388186
437806,437812,444812,6,7000,2,14400,1.00085714286
437821,437827,444601,6,6774,2,14400,1.00088573959
437960,437966,445223,6,7257,2,14400,1.00082678793
438128,438134,445270,6,7136,2,14400,1.00084080717
438246,438252,444526,6,6274,2,14400,1.0009563277
438447,438454,444635,7,6181,2,14400,1.00113250283
438550,438556,445061,6,6505,2,14400,1.00092236741
438607,438614,445494,7,6880,2,14400,1.00101744186
438791,438797,445794,6,6997,2,14400,1.00085751036
438926,438932,446064,6,7132,2,14400,1.00084127874
438945,438952,446266,7,7314,2,14400,1.00095706864
438946,438958,445643,12,6685,2,14400,1.00179506358
438997,439003,445961,6,6958,2,14400,1.00086231676
439018,439025,446007,7,6982,2,14400,1.00100257806
439386,439392,446884,6,7492,2,14400,1.00080085424
439387,439400,446487,13,7087,2,14400,1.00183434457
439402,439408,446029,6,6621,2,14400,1.00090620752
439441,439447,446526,6,7079,2,14400,1.00084757734
439482,439488,442830,6,3342,1,10800,1.00179533214
439613,439619,446193,6,6574,2,14400,1.00091268634
439652,439658,447010,6,7352,2,14400,1.00081610446
439667,439674,446559,7,6885,2,14400,1.00101670298
439682,439687,446724,5,7037,2,14400,1.00071053006
439706,439712,446977,6,7265,2,14400,1.00082587749
439844,439851,446419,7,6568,2,14400,1.00106577345
439859,439865,446957,6,7092,2,14400,1.00084602369
440052,440058,447577,6,7519,2,14400,1.00079797845
440678,440685,440691,7,6,1,3600,1.3
440807,440813,440924,6,111,1,3600,1.05405405405
441058,441065,441319,7,254,1,3600,1.02755905512
441386,441393,441694,7,301,1,3600,1.02325581395
442223,442231,449018,8,6787,2,14400,1.00117872403
442225,442238,448966,13,6728,2,14400,1.00193222354
442237,442244,442250,7,6,1,3600,1.3
442363,442369,449558,6,7189,2,14400,1.00083460843
442371,442376,442455,5,79,1,3600,1.06329113924
442592,442599,442838,7,239,1,3600,1.02928870293
442719,442725,449444,6,6719,2,14400,1.00089299003
442857,442864,449573,7,6709,2,14400,1.00104337457
442908,442914,443213,6,299,1,3600,1.02006688963
443074,443080,450427,6,7347,2,14400,1.00081665986
443230,443236,450329,6,7093,2,14400,1.00084590441
443293,443300,450580,7,7280,2,14400,1.00096153846
443375,443381,450135,6,6754,2,14400,1.00088836245
443408,443414,449971,6,6557,2,14400,1.00091505262
443474,443480,450605,6,7125,2,14400,1.00084210526
443694,443700,450716,6,7016,2,14400,1.00085518814
443709,443715,443721,6,6,1,3600,1.2
443841,443847,443955,6,108,1,3600,1.05555555556
443844,443854,450862,10,7008,2,14400,1.00142694064
443881,443888,451192,7,7304,2,14400,1.00095837897
443968,443975,450728,7,6753,2,14400,1.00103657634
443998,444005,451019,7,7014,2,14400,1.00099800399
444069,444075,444329,6,254,1,3600,1.02362204724
444197,444203,444211,6,8,1,1800,1.4
444329,444336,450827,7,6491,2,14400,1.00107841627
444367,444374,444445,7,71,1,1800,1.0985915493
444396,444402,444710,6,308,1,3600,1.01948051948
444526,444533,450749,7,6216,2,14400,1.00112612613
444531,444540,444741,9,201,1,3600,1.0447761194
444604,444611,451581,7,6970,2,14400,1.00100430416
444631,444638,451724,7,7086,2,14400,1.00098786339
444646,444653,451315,7,6662,2,14400,1.00105073551
444661,444668,451554,7,6886,2,14400,1.00101655533
444667,444675,444769,8,94,1,1800,1.08510638298
444815,444821,452082,6,7261,2,14400,1.00082633246
444874,444881,445224,7,343,1,3600,1.02040816327
444893,444900,444997,7,97,1,1800,1.07216494845
445063,445069,452266,6,7197,2,14400,1.0008336807
445226,445232,452215,6,6983,2,14400,1.00085922956
445244,445252,445259,8,7,1,3600,1.5
445271,445278,451931,7,6653,2,14400,1.00105215692
445368,445375,445515,7,140,1,3600,1.05
445445,445451,446106,6,655,1,3600,1.00916030534
445497,450728,457159,5231,6431,2,14400,1.81340382522
445645,445652,445659,7,7,1,1800,1.4
445646,450741,457161,5095,6420,2,14400,1.79361370717
445659,445669,446034,10,365,1,3600,1.02739726027
445796,450761,457835,4965,7074,2,14400,1.70186598813
445818,445826,445864,8,38,1,1800,1.21052631579
445962,450839,457402,4877,6563,2,14400,1.74310528722
446010,450874,458425,4864,7551,2,14400,1.64415309231
446031,451031,458167,5000,7136,2,14400,1.70067264574
446066,451203,457756,5137,6553,2,14400,1.78391576377
446090,446096,446176,6,80,1,1800,1.075
446108,446116,446421,8,305,1,3600,1.0262295082
446195,451327,458170,5132,6843,2,14400,1.74996346632
446267,451566,458303,5299,6737,2,14400,1.78655187769
446306,446313,446401,7,88,1,1800,1.07954545455
446421,451594,458824,5173,7230,2,14400,1.71549100968
446487,451736,458570,5249,6834,2,14400,1.76807140767
446526,451944,459073,5418,7129,2,14400,1.75999438911
446562,452095,458965,5533,6870,2,14400,1.80538573508
446725,452228,459440,5503,7212,2,14400,1.7630338325
446885,452278,459198,5393,6920,2,14400,1.77933526012
446960,457172,463929,10212,6757,2,14400,2.51132159242
446978,457179,463939,10201,6760,2,14400,2.50902366864
447011,457414,464307,10403,6893,2,14400,2.50921224431
447020,447027,447108,7,81,1,3600,1.08641975309
447242,447248,447484,6,236,1,3600,1.02542372881
447580,457768,464579,10188,6811,2,14400,2.49581559242
447777,447783,448239,6,456,1,3600,1.01315789474
451846,451853,451925,7,72,1,1800,1.09722222222
452160,452166,452253,6,87,1,1800,1.06896551724
452736,452744,453102,8,358,1,1800,1.02234636872
454205,454211,454251,6,40,1,1800,1.15
454485,454492,454564,7,72,1,1800,1.09722222222
455166,455173,455410,7,237,1,1800,1.02953586498
460369,460375,467715,6,7340,2,14400,1.00081743869
460371,460382,466972,11,6590,2,14400,1.00166919575
460372,460388,466887,16,6499,2,14400,1.00246191722
460373,460393,467500,20,7107,2,14400,1.00281412692
460375,460398,467291,23,6893,2,14400,1.00333671841
460376,460404,467645,28,7241,2,14400,1.00386686922
460377,460411,467924,34,7513,2,14400,1.00452548915
460379,460416,466709,37,6293,2,14400,1.0058795487
460380,460422,467158,42,6736,2,14400,1.00623515439
460382,460427,466830,45,6403,2,14400,1.00702795565
460383,460432,466882,49,6450,2,14400,1.00759689922
460384,460438,466977,54,6539,2,14400,1.00825814345
460386,460443,467741,57,7298,2,14400,1.007810359
460387,460448,467221,61,6773,2,14400,1.00900634874
460388,460454,467207,66,6753,2,14400,1.00977343403
460390,460459,467145,69,6686,2,14400,1.01032007179
460391,460464,467757,73,7293,2,14400,1.01000959824
460393,460470,466896,77,6426,2,14400,1.01198257081
460394,460475,467672,81,7197,2,14400,1.01125468945
460395,460481,467571,86,7090,2,14400,1.01212976023
460397,460486,467717,89,7231,2,14400,1.01230811783
460398,461917,468760,1519,6843,2,14400,1.22197866433
460399,461922,468306,1523,6384,2,14400,1.23856516291
460401,463947,470771,3546,6824,2,14400,1.51963657679
460402,463954,470886,3552,6932,2,14400,1.51240623197
460403,464265,470952,3862,6687,2,14400,1.57753850755
460405,464271,470862,3866,6591,2,14400,1.58655742679
460406,464318,471162,3912,6844,2,14400,1.57159555815
460408,464592,471891,4184,7299,2,14400,1.57322920948
460409,466721,473264,6312,6543,2,14400,1.96469509399
460410,466844,473337,6434,6493,2,14400,1.99091329124
460412,466895,473254,6483,6359,2,14400,2.01949992137
460413,466902,473591,6489,6689,2,14400,1.97010016445
460414,466915,473649,6501,6734,2,14400,1.9653994654
460416,466984,474126,6568,7142,2,14400,1.91963035564
460417,466991,474013,6574,7022,2,14400,1.93620051267
460419,467157,473518,6738,6361,2,14400,2.05926741078
460420,467170,474467,6750,7297,2,14400,1.92503768672
460421,467219,474317,6798,7098,2,14400,1.95773457312
460423,467233,474127,6810,6894,2,14400,1.98781549173
460424,467303,473898,6879,6595,2,14400,2.04306292646
462964,463838,463922,874,84,16,144000,11.4047619048
463068,463843,535861,775,72018,4,72000,1.01076119859
463604,463935,507220,331,43285,8,57600,1.00764699087
463755,463940,506283,185,42343,8,57600,1.00436908108
463903,529415,572241,65512,42826,8,57600,2.52972493345
463932,467512,474542,3580,7030,2,14400,1.50924608819
463941,538273,581197,74332,42924,8,57600,2.73171186283
463947,467583,474449,3636,6866,2,14400,1.52956597728
464072,464091,464137,19,46,1,28800,1.41304347826
464072,464079,464080,7,1,1,28800,1.0
464073,464175,464176,102,1,1,28800,10.3
464073,464149,464151,76,2,1,28800,7.8
464073,464188,464454,115,266,1,28800,1.43233082707
464074,464480,464481,406,1,1,28800,40.7
464074,464466,464468,392,2,1,28800,39.4
464074,464493,464494,419,1,1,28800,42.0
464075,464506,464507,431,1,1,28800,43.2
464075,464519,464520,444,1,1,28800,44.5
464075,464532,464533,457,1,1,28800,45.8
464076,464546,464547,470,1,1,28800,47.1
464076,464559,464648,483,89,1,28800,6.42696629213
464076,464661,464848,585,187,1,28800,4.12834224599
464076,464860,464861,784,1,1,28800,78.5
464077,464873,464874,796,1,1,28800,79.7
464077,464886,464887,809,1,1,28800,81.0
464077,464899,464910,822,11,1,28800,75.7272727273
464078,465079,465083,1001,4,1,28800,100.5
464078,464998,465066,920,68,1,28800,14.5294117647
464078,464922,464985,844,63,1,28800,14.3968253968
464079,465135,465137,1056,2,1,28800,105.8
464079,465107,465122,1028,15,1,28800,69.5333333333
464080,465175,465217,1095,42,1,28800,27.0714285714
464080,465232,465499,1152,267,1,28800,5.31460674157
464080,465162,465163,1082,1,1,28800,108.3
464081,465801,466818,1720,1017,1,28800,2.69124877089
464081,466907,466915,2826,8,1,28800,283.4
464081,465511,465788,1430,277,1,28800,6.16245487365
464082,466928,469821,2846,2893,1,28800,1.9837538887
464082,470166,470168,6084,2,1,28800,608.6
464082,469894,470154,5812,260,1,28800,23.3538461538
464083,470180,470634,6097,454,1,28800,14.4295154185
464083,470647,470655,6564,8,1,28800,657.2
464083,470667,470668,6584,1,1,28800,658.5
464084,470680,472013,6596,1333,1,28800,5.94823705926
464084,472027,472028,7943,1,1,28800,794.4
464084,472040,472046,7956,6,1,28800,796.2
464085,472084,472085,7999,1,1,28800,800.0
464085,472071,472072,7986,1,1,28800,798.7
464085,472058,472059,7973,1,1,28800,797.4
464086,472125,472128,8039,3,1,28800,804.2
464086,472111,472113,8025,2,1,28800,802.7
464087,472154,472157,8067,3,1,28800,807.0
464087,472169,472173,8082,4,1,28800,808.6
464087,472141,472142,8054,1,1,28800,805.5
464088,472186,472187,8098,1,1,28800,809.9
464088,472199,472218,8111,19,1,28800,427.894736842
464088,472230,472249,8142,19,1,28800,429.526315789
464089,472261,472263,8172,2,1,28800,817.4
464089,472275,472334,8186,59,1,28800,139.745762712
464089,472347,472348,8258,1,1,28800,825.9
464090,472700,472714,8610,14,1,28800,616.0
464090,472687,472688,8597,1,1,28800,859.8
464090,472373,472675,8283,302,1,28800,28.4271523179
464090,472360,472361,8270,1,1,28800,827.1
464091,472760,472778,8669,18,1,28800,482.611111111
464091,472743,472748,8652,5,1,28800,865.7
464091,472727,472730,8636,3,1,28800,863.9
464092,472790,472793,8698,3,1,28800,870.1
464092,472819,472820,8727,1,1,28800,872.8
464093,472862,472870,8769,8,1,28800,877.7
464093,472849,472850,8756,1,1,28800,875.7
464093,472832,472837,8739,5,1,28800,874.4
464094,472883,478580,8789,5697,1,28800,2.54274179393
464094,485026,485702,20932,676,1,28800,31.9644970414
464094,485582,485583,21488,1,1,28800,2148.9
464095,485613,485622,21518,9,1,28800,2152.7
464095,485596,485600,21501,4,1,28800,2150.5
464095,485634,485635,21539,1,1,28800,2154.0
464095,485647,486179,21552,532,1,28800,41.5112781955
464096,485727,485741,21631,14,1,28800,1546.07142857
464096,485713,485715,21617,2,1,28800,2161.9
464096,485753,485762,21657,9,1,28800,2166.6
464097,485774,485776,21677,2,1,28800,2167.9
464097,485788,485789,21691,1,1,28800,2169.2
464097,485801,485898,21704,97,1,28800,224.75257732
464098,486191,486395,22093,204,1,28800,109.299019608
464098,485925,488653,21827,2728,1,28800,9.00109970674
464098,485910,485912,21812,2,1,28800,2181.4
464098,486408,486410,22310,2,1,28800,2231.2
464099,486435,486436,22336,1,1,28800,2233.7
464100,486461,486463,22361,2,1,28800,2236.3
464100,486488,486502,22388,14,1,28800,1600.14285714
464100,486475,486476,22375,1,1,28800,2237.6
464101,486541,487087,22440,546,1,28800,42.0989010989
464101,486514,486515,22413,1,1,28800,2241.4
464102,487003,487014,22901,11,1,28800,2082.90909091
464102,487026,487028,22924,2,1,28800,2292.6
464103,487054,487099,22951,45,1,28800,511.022222222
464103,487099,487101,22996,2,1,28800,2299.8
464103,487112,487132,23009,20,1,28800,1151.45
464104,487144,487865,23040,721,1,28800,32.9556171983
464104,487119,487258,23015,139,1,28800,166.575539568
464104,487270,487281,23166,11,1,28800,2107.0
464104,487293,487302,23189,9,1,28800,2319.8
464105,487314,487315,23209,1,1,28800,2321.0
464105,487340,487341,23235,1,1,28800,2323.6
464106,487544,488409,23438,865,1,28800,28.0959537572
464106,487353,487354,23247,1,1,28800,2324.8
464107,487715,487716,23608,1,1,28800,2360.9
464107,487405,487531,23298,126,1,28800,185.904761905
464107,487379,487380,23272,1,1,28800,2327.3
464108,487729,487730,23621,1,1,28800,2362.2
464108,487742,487743,23634,1,1,28800,2363.5
464108,487800,488374,23692,574,1,28800,42.275261324
464109,487766,487788,23657,22,1,28800,1076.31818182
464109,487834,487885,23725,51,1,28800,466.196078431
464109,487755,488067,23646,312,1,28800,76.7884615385
464110,487898,487900,23788,2,1,28800,2379.0
464110,487877,487878,23767,1,1,28800,2376.8
464110,487891,487892,23781,1,1,28800,2378.2
464111,487943,488024,23832,81,1,28800,295.222222222
464111,487905,487906,23794,1,1,28800,2379.5
464111,487912,487923,23801,11,1,28800,2164.72727273
464112,487931,487950,23819,19,1,28800,1254.63157895
464112,487963,487976,23851,13,1,28800,1835.69230769
464113,488003,488012,23890,9,1,28800,2389.9
464113,488036,488038,23923,2,1,28800,2392.5
464113,488024,488029,23911,5,1,28800,2391.6
464114,488043,488716,23929,673,1,28800,36.5557206538
464114,488051,489521,23937,1470,1,28800,17.2836734694
464114,488079,488082,23965,3,1,28800,2396.8
464115,488094,488109,23979,15,1,28800,1599.6
464115,488121,488140,24006,19,1,28800,1264.47368421
464115,488153,488154,24038,1,1,28800,2403.9
464116,488386,488388,24270,2,1,28800,2427.2
464116,488181,488750,24065,569,1,28800,43.2934973638
464117,488400,488427,24283,27,1,28800,900.37037037
464117,488421,490148,24304,1727,1,28800,15.0729588882
464117,488439,488441,24322,2,1,28800,2432.4
464117,488453,488454,24336,1,1,28800,2433.7
464118,488490,488492,24372,2,1,28800,2437.4
464118,488504,488505,24386,1,1,28800,2438.7
464118,488466,488478,24348,12,1,28800,2030.0
464119,488519,488817,24400,298,1,28800,82.8791946309
464119,488679,489045,24560,366,1,28800,68.1038251366
464119,488665,488667,24546,2,1,28800,2454.8
464120,488733,489013,24613,280,1,28800,88.9035714286
464120,488768,488770,24648,2,1,28800,2465.0
464120,488782,488783,24662,1,1,28800,2466.3
464121,488830,491899,24709,3069,1,28800,9.05115672858
464121,489025,489027,24904,2,1,28800,2490.6
464121,488795,489153,24674,358,1,28800,69.9217877095
464122,489068,489070,24946,2,1,28800,2494.8
464122,489061,489063,24939,2,1,28800,2494.1
464122,489054,489055,24932,1,1,28800,2493.3
464123,489075,489076,24952,1,1,28800,2495.3
464123,489083,489084,24960,1,1,28800,2496.1
464124,489097,489112,24973,15,1,28800,1665.86666667
464124,489124,489163,25000,39,1,28800,642.025641026
464124,489176,489184,25052,8,1,28800,2506.0
464124,489104,489766,24980,662,1,28800,38.7341389728
464125,489165,489365,25040,200,1,28800,126.2
464125,489547,490676,25422,1129,1,28800,23.5172719221
464125,489716,489717,25591,1,1,28800,2559.2
464126,489200,489203,25074,3,1,28800,2507.7
464126,489215,489500,25089,285,1,28800,89.0315789474
464126,489729,489730,25603,1,1,28800,2560.4
464127,489742,489746,25615,4,1,28800,2561.9
464127,489758,489760,25631,2,1,28800,2563.3
464127,489512,490747,25385,1235,1,28800,21.5546558704
464127,489533,489535,25406,2,1,28800,2540.8
464128,489779,489782,25651,3,1,28800,2565.4
464128,489772,489874,25644,102,1,28800,252.411764706
464129,489794,489795,25665,1,1,28800,2566.6
464129,489832,490092,25703,260,1,28800,99.8576923077
464130,489941,489951,25811,10,1,28800,2582.1
464130,489887,489915,25757,28,1,28800,920.892857143
464130,489927,489929,25797,2,1,28800,2579.9
464131,490135,490371,26004,236,1,28800,111.186440678
464131,489963,489964,25832,1,1,28800,2583.3
464131,490161,490370,26030,209,1,28800,125.545454545
464132,489977,490018,25845,41,1,28800,631.365853659
464132,490031,490033,25899,2,1,28800,2590.1
464132,490334,490409,26202,75,1,28800,350.36
464133,490422,490423,26289,1,1,28800,2629.0
464133,490045,490123,25912,78,1,28800,333.205128205
464133,490104,490322,25971,218,1,28800,120.133027523
464133,490382,490870,26249,488,1,28800,54.7889344262
464134,490689,491196,26555,507,1,28800,53.3767258383
464134,490436,491910,26302,1474,1,28800,18.8439620081
464134,490759,490761,26625,2,1,28800,2662.7
464135,490882,490884,26747,2,1,28800,2674.9
464135,490773,490779,26638,6,1,28800,2664.4
464135,490791,490792,26656,1,1,28800,2665.7
464136,490923,490925,26787,2,1,28800,2678.9
464136,490896,490911,26760,15,1,28800,1785.0
464136,490937,490939,26801,2,1,28800,2680.3
464137,490951,490952,26814,1,1,28800,2681.5
464137,490964,491038,26827,74,1,28800,363.527027027
464137,491050,491051,26913,1,1,28800,2691.4
464138,491153,491884,27015,731,1,28800,37.9562243502
464138,491099,491140,26961,41,1,28800,658.585365854
464138,491086,491087,26948,1,1,28800,2694.9
464138,491073,491074,26935,1,1,28800,2693.6
464139,491208,491674,27069,466,1,28800,59.0879828326
464139,491717,491720,27578,3,1,28800,2758.1
464139,491686,491705,27547,19,1,28800,1450.84210526
464140,491903,491913,27763,10,1,28800,2777.3
464140,491896,491898,27756,2,1,28800,2775.8
464140,491732,491887,27592,155,1,28800,179.012903226
464141,491924,491926,27783,2,1,28800,2778.5
464141,491910,492918,27769,1008,1,28800,28.5486111111
464141,491917,491919,27776,2,1,28800,2777.8
464142,492313,492320,28171,7,1,28800,2817.8
464142,491938,492301,27796,363,1,28800,77.5730027548
464142,492333,492334,28191,1,1,28800,2819.2
464143,492361,492418,28218,57,1,28800,496.052631579
464143,492346,492347,28203,1,1,28800,2820.4
464143,492430,492433,28287,3,1,28800,2829.0
464144,492445,492578,28301,133,1,28800,213.789473684
464144,492930,492931,28786,1,1,28800,2878.7
464144,492590,494179,28446,1589,1,28800,18.9018250472
464145,492943,493018,28798,75,1,28800,384.973333333
464145,493029,493030,28884,1,1,28800,2888.5
464145,493042,493073,28897,31,1,28800,933.161290323
464146,493086,493087,28940,1,1,28800,2894.1
464146,493099,493112,28953,13,1,28800,2228.15384615
464146,493124,493125,28978,1,1,28800,2897.9
464147,493203,493332,29056,129,1,28800,226.240310078
464147,493176,493191,29029,15,1,28800,1936.26666667
464148,493345,493346,29197,1,1,28800,2919.8
464148,493358,493360,29210,2,1,28800,2921.2
464149,493378,493379,29229,1,1,28800,2923.0
464149,493391,493688,29242,297,1,28800,99.4579124579
464149,493763,493861,29614,98,1,28800,303.183673469
464150,493874,493875,29724,1,1,28800,2972.5
464150,493887,494319,29737,432,1,28800,69.8356481481
464150,494332,494363,30182,31,1,28800,974.612903226
464151,494376,494499,30225,123,1,28800,246.731707317
464151,494707,494708,30556,1,1,28800,3055.7
464151,494721,494885,30570,164,1,28800,187.402439024
464152,495144,495194,30992,50,1,28800,620.84
464152,495115,495118,30963,3,1,28800,3096.6
464153,495206,495209,31053,3,1,28800,3105.6
464153,495376,495380,31223,4,1,28800,3122.7
464153,495221,495363,31068,142,1,28800,219.788732394
464154,495530,495531,31376,1,1,28800,3137.7
464154,495516,495518,31362,2,1,28800,3136.4
464154,495392,495503,31238,111,1,28800,282.423423423
464154,495544,495545,31390,1,1,28800,3139.1
464155,495557,495558,31402,1,1,28800,3140.3
464155,495599,495600,31444,1,1,28800,3144.5
464155,495571,495644,31416,73,1,28800,431.356164384
464156,495638,496247,31482,609,1,28800,52.6945812808
464157,495657,495658,31500,1,1,28800,3150.1
464157,495928,495930,31771,2,1,28800,3177.3
464158,495835,495916,31677,81,1,28800,392.074074074
464158,495684,495686,31526,2,1,28800,3152.8
464158,495698,495823,31540,125,1,28800,253.32
464159,495956,495959,31797,3,1,28800,3180.0
464159,495971,495982,31812,11,1,28800,2893.0
464159,495995,495996,31836,1,1,28800,3183.7
464160,496021,496085,31861,64,1,28800,498.828125
464160,496097,496103,31937,6,1,28800,3194.3
464161,496154,496531,31993,377,1,28800,85.8620689655
464161,496139,496142,31978,3,1,28800,3198.1
464161,496116,496126,31955,10,1,28800,3196.5
464161,496259,496455,32098,196,1,28800,164.765306122
464162,496543,496544,32381,1,1,28800,3238.2
464162,496696,496702,32534,6,1,28800,3254.0
464162,496556,496683,32394,127,1,28800,256.070866142
464163,496714,497009,32551,295,1,28800,111.342372881
464163,497021,497024,32858,3,1,28800,3286.1
464163,497179,497180,33016,1,1,28800,3301.7
464164,497036,497136,32872,100,1,28800,329.72
464164,497149,497154,32985,5,1,28800,3299.0
464164,497166,497167,33002,1,1,28800,3300.3
464164,497256,497397,33092,141,1,28800,235.695035461
464165,497410,497411,33245,1,1,28800,3324.6
464165,497192,497202,33027,10,1,28800,3303.7
464165,497214,497215,33049,1,1,28800,3305.0
464166,497424,497434,33258,10,1,28800,3326.8
464166,497240,497244,33074,4,1,28800,3307.8
464167,497466,497522,33299,56,1,28800,595.625
464167,497751,497763,33584,12,1,28800,2799.66666667
464167,497451,497453,33284,2,1,28800,3328.6
464168,497535,497690,33367,155,1,28800,216.270967742
464168,497703,497710,33535,7,1,28800,3354.2
464168,497775,497809,33607,34,1,28800,989.441176471
464168,497822,497823,33654,1,1,28800,3365.5
464169,497722,497726,33553,4,1,28800,3355.7
464169,497738,497739,33569,1,1,28800,3357.0
464169,497835,497859,33666,24,1,28800,1403.75
464170,500118,500166,35948,48,1,28800,749.916666667
464170,502254,502256,38084,2,1,28800,3808.6
464170,497871,506153,33701,8282,1,28800,5.06918618691
464171,500179,500447,36008,268,1,28800,135.358208955
464171,500459,500729,36288,270,1,28800,135.4
464171,502268,502269,38097,1,1,28800,3809.8
464172,502302,503080,38130,778,1,28800,50.0102827763
464172,502282,502290,38110,8,1,28800,3811.8
464172,500741,501810,36569,1069,1,28800,35.208606174
464173,506865,506918,42692,53,1,28800,806.509433962
464173,506931,506932,42758,1,1,28800,4275.9
464173,501822,501824,37649,2,1,28800,3765.1
464174,502212,502215,38038,3,1,28800,3804.1
464174,502190,502199,38016,9,1,28800,3802.5
464174,502175,502177,38001,2,1,28800,3800.3
464174,501836,502163,37662,327,1,28800,116.174311927
464175,506165,506167,41990,2,1,28800,4199.2
464175,506184,506191,42009,7,1,28800,4201.6
464175,502227,502241,38052,14,1,28800,2719.0
464176,506203,506204,42027,1,1,28800,4202.8
464176,506216,506219,42040,3,1,28800,4204.3
464176,506231,506853,42055,622,1,28800,68.6125401929
464177,506945,507356,42768,411,1,28800,105.058394161
464177,507238,507367,43061,129,1,28800,334.80620155
464177,507369,507405,43192,36,1,28800,1200.77777778
464178,508215,508626,44037,411,1,28800,108.145985401
464178,507402,508188,43224,786,1,28800,55.9923664122
464178,507379,507390,43201,11,1,28800,3928.36363636
464179,507537,507539,43358,2,1,28800,4336.0
464179,507417,507524,43238,107,1,28800,405.093457944
464179,508501,508502,44322,1,1,28800,4432.3
464181,507606,507607,43425,1,1,28800,4342.6
464181,507619,508001,43438,382,1,28800,114.712041885
464182,508514,508535,44332,21,1,28800,2112.04761905
464182,508013,508433,43831,420,1,28800,105.35952381
464182,508446,508448,44264,2,1,28800,4426.6
464182,508201,508202,44019,1,1,28800,4402.0
464183,508486,508489,44303,3,1,28800,4430.6
464184,508547,508604,44363,57,1,28800,779.298245614
464184,508616,508706,44432,90,1,28800,494.688888889
464184,510239,510240,46055,1,1,28800,4605.6
464184,510252,510255,46068,3,1,28800,4607.1
464185,508638,510806,44453,2168,1,28800,21.5041512915
464185,508718,510213,44533,1495,1,28800,30.7879598662
464185,510225,510226,46040,1,1,28800,4604.1
464186,510267,510458,46081,191,1,28800,242.261780105
464186,510471,510606,46285,135,1,28800,343.851851852
464186,510618,510701,46432,83,1,28800,560.421686747
464187,510694,510695,46507,1,1,28800,4650.8
464187,510707,510723,46520,16,1,28800,2908.5
464187,510714,510841,46527,127,1,28800,367.354330709
464187,510678,510682,46491,4,1,28800,4649.5
464188,510750,510751,46562,1,1,28800,4656.3
464188,510735,510737,46547,2,1,28800,4654.9
464188,510763,510898,46575,135,1,28800,346.0
464189,510854,510856,46665,2,1,28800,4666.7
464189,510868,511114,46679,246,1,28800,190.75203252
464189,510818,517360,46629,6542,1,28800,8.12763680832
464190,510917,510919,46727,2,1,28800,4672.9
464190,510931,510969,46741,38,1,28800,1231.02631579
464190,511021,511029,46831,8,1,28800,4683.9
464191,510981,510983,46790,2,1,28800,4679.2
464191,510995,510996,46804,1,1,28800,4680.5
464191,511126,512069,46935,943,1,28800,50.7720042418
464191,511042,513383,46851,2341,1,28800,21.0132422042
464192,512109,512206,47917,97,1,28800,494.989690722
464192,512232,512240,48040,8,1,28800,4804.8
464193,512252,512807,48059,555,1,28800,87.5927927928
464193,512749,512759,48556,10,1,28800,4856.6
464193,512772,512774,48579,2,1,28800,4858.1
464194,512520,512532,48326,12,1,28800,4028.16666667
464194,512545,512631,48351,86,1,28800,563.220930233
464194,512643,512710,48449,67,1,28800,724.119402985
464195,512722,512724,48527,2,1,28800,4852.9
464196,513213,513228,49017,15,1,28800,3268.8
464196,513174,513201,48978,27,1,28800,1815.0
464196,512799,512962,48603,163,1,28800,299.17791411
464196,512974,512986,48778,12,1,28800,4065.83333333
464197,512819,512820,48622,1,1,28800,4862.3
464197,512833,512835,48636,2,1,28800,4863.8
464197,512847,512944,48650,97,1,28800,502.546391753
464198,512957,513063,48759,106,1,28800,460.990566038
464198,512999,513005,48801,6,1,28800,4880.7
464198,513018,513062,48820,44,1,28800,1110.54545455
464199,513081,513161,48882,80,1,28800,612.025
464199,513240,513241,49041,1,1,28800,4904.2
464199,513074,513277,48875,203,1,28800,241.763546798
464200,513396,513665,49196,269,1,28800,183.884758364
464200,513290,513293,49090,3,1,28800,4909.3
464200,513253,513554,49053,301,1,28800,163.966777409
464201,513361,513371,49160,10,1,28800,4917.0
464201,513677,513771,49476,94,1,28800,527.340425532
464201,513305,513348,49104,43,1,28800,1142.95348837
464201,513384,514341,49183,957,1,28800,52.3928944619
464202,513790,515009,49588,1219,1,28800,41.679245283
464202,513738,513740,49536,2,1,28800,4953.8
464202,513566,513726,49364,160,1,28800,309.525
464203,513783,513785,49580,2,1,28800,4958.2
464203,513752,513773,49549,21,1,28800,2360.47619048
464204,513810,513812,49606,2,1,28800,4960.8
464204,513824,514171,49620,347,1,28800,143.997118156
464204,514183,514184,49979,1,1,28800,4998.0
464205,514197,514318,49992,121,1,28800,414.157024793
464205,514331,514340,50126,9,1,28800,5013.5
464205,514352,514354,50147,2,1,28800,5014.9
464206,514373,514567,50167,194,1,28800,259.592783505
464206,514366,514367,50160,1,1,28800,5016.1
464207,514380,514426,50173,46,1,28800,1091.7173913
464207,514438,514440,50231,2,1,28800,5023.3
464207,514452,514453,50245,1,1,28800,5024.6
464208,514465,514466,50257,1,1,28800,5025.8
464208,514478,514511,50270,33,1,28800,1524.33333333
464208,514524,514526,50316,2,1,28800,5031.8
464208,514538,514539,50330,1,1,28800,5033.1
464209,514551,514558,50342,7,1,28800,5034.9
464209,514571,515358,50362,787,1,28800,64.9923761118
464209,514579,514580,50370,1,1,28800,5037.1
464210,515021,515024,50811,3,1,28800,5081.4
464210,515036,515041,50826,5,1,28800,5083.1
464210,514605,515674,50395,1069,1,28800,48.1421889616
464211,515053,515054,50842,1,1,28800,5084.3
464211,515080,515121,50869,41,1,28800,1241.70731707
464211,515371,515373,51160,2,1,28800,5116.2
464212,515134,515203,50922,69,1,28800,739.0
464212,515216,515341,51004,125,1,28800,409.032
464212,515353,515404,51141,51,1,28800,1003.76470588
464213,515410,515556,51197,146,1,28800,351.664383562
464213,515385,515388,51172,3,1,28800,5117.5
464213,515402,515513,51189,111,1,28800,462.162162162
464214,515528,515529,51314,1,1,28800,5131.5
464214,515417,515421,51203,4,1,28800,5120.7
464215,515521,515523,51306,2,1,28800,5130.8
464215,515494,515495,51279,1,1,28800,5128.0
464215,515446,515482,51231,36,1,28800,1424.08333333
464216,515542,515563,51326,21,1,28800,2445.0952381
464216,515535,515536,51319,1,1,28800,5132.0
464216,515588,516172,51372,584,1,28800,88.9657534247
464217,515573,515575,51356,2,1,28800,5135.8
464217,515549,515554,51332,5,1,28800,5133.7
464218,515686,515688,51468,2,1,28800,5147.0
464218,515702,515730,51484,28,1,28800,1839.71428571
464218,515742,515745,51524,3,1,28800,5152.7
464219,516152,516153,51933,1,1,28800,5193.4
464219,515793,515855,51574,62,1,28800,832.838709677
464219,515758,515781,51539,23,1,28800,2241.82608696
464220,515910,515912,51690,2,1,28800,5169.2
464220,515868,515883,51648,15,1,28800,3444.2
464220,515924,515955,51704,31,1,28800,1668.87096774
464220,515896,515898,51676,2,1,28800,5167.8
464221,515967,516125,51746,158,1,28800,328.506329114
464221,516137,516140,51916,3,1,28800,5191.9
464221,516165,516288,51944,123,1,28800,423.308943089
464222,516462,516463,52240,1,1,28800,5224.1
464222,516185,516189,51963,4,1,28800,5196.7
464222,516201,516202,51979,1,1,28800,5198.0
464223,516220,516221,51997,1,1,28800,5199.8
464223,516233,516235,52010,2,1,28800,5201.2
464223,516247,516334,52024,87,1,28800,598.977011494
464224,516301,516555,52077,254,1,28800,206.027559055
464224,516351,516353,52127,2,1,28800,5212.9
464224,516365,516422,52141,57,1,28800,915.754385965
464224,516434,516436,52210,2,1,28800,5221.2
464225,516568,516569,52343,1,1,28800,5234.4
464225,516476,517684,52251,1208,1,28800,44.2541390728
464225,516448,516449,52223,1,1,28800,5222.4
464226,516581,516582,52355,1,1,28800,5235.6
464226,516594,516595,52368,1,1,28800,5236.9
464226,516607,516608,52381,1,1,28800,5238.2
464227,516632,516633,52405,1,1,28800,5240.6
464227,518894,518895,54667,1,1,28800,5466.8
464228,516682,516782,52454,100,1,28800,525.54
464228,516794,516806,52566,12,1,28800,4381.5
464228,516649,516670,52421,21,1,28800,2497.23809524
464229,517250,517358,53021,108,1,28800,491.935185185
464229,516852,517238,52623,386,1,28800,137.329015544
464229,516834,516839,52605,5,1,28800,5261.0
464229,516819,516822,52590,3,1,28800,5259.3
464230,517370,517607,53140,237,1,28800,225.219409283
464230,517377,517528,53147,151,1,28800,352.966887417
464230,517540,518882,53310,1342,1,28800,40.7242921013
464231,517676,517796,53445,120,1,28800,446.375
464231,517696,517702,53465,6,1,28800,5347.1
464231,517619,517663,53388,44,1,28800,1214.36363636
464232,517808,517809,53576,1,1,28800,5357.7
464232,517714,518745,53482,1031,1,28800,52.8739088264
464232,517822,517831,53590,9,1,28800,5359.9
464232,517843,517844,53611,1,1,28800,5361.2
464233,517856,517864,53623,8,1,28800,5363.1
464233,518757,519262,54524,505,1,28800,108.968316832
464233,517876,546695,53643,28819,1,28800,2.86137617544
464234,518948,519133,54714,185,1,28800,296.751351351
464234,518922,518936,54688,14,1,28800,3907.28571429
464235,519145,519147,54910,2,1,28800,5491.2
464235,519159,519160,54924,1,1,28800,5492.5
464235,519172,519181,54937,9,1,28800,5494.6
464235,519193,519300,54958,107,1,28800,514.626168224
464236,519274,519292,55038,18,1,28800,3058.66666667
464236,519304,519306,55068,2,1,28800,5507.0
464237,519465,520501,55228,1036,1,28800,54.3088803089
464237,519513,519544,55276,31,1,28800,1784.09677419
464237,519312,519501,55075,189,1,28800,292.402116402
464238,519332,519453,55094,121,1,28800,456.32231405
464238,519588,519660,55350,72,1,28800,769.75
464239,519672,519673,55433,1,1,28800,5543.4
464239,519557,519561,55318,4,1,28800,5532.2
464240,519841,520406,55601,565,1,28800,99.4088495575
464240,520418,520420,56178,2,1,28800,5618.0
464240,519686,519829,55446,143,1,28800,388.734265734
464241,520445,520536,56204,91,1,28800,618.626373626
464241,520543,520544,56302,1,1,28800,5630.3
464241,520514,520517,56273,3,1,28800,5627.6
464242,520530,520531,56288,1,1,28800,5628.9
464242,520604,521259,56362,655,1,28800,87.0488549618
464243,520564,520565,56321,1,1,28800,5632.2
464243,520557,520591,56314,34,1,28800,1657.29411765
464243,520578,520597,56335,19,1,28800,2966.0
464243,520611,520612,56368,1,1,28800,5636.9
464244,520624,520625,56380,1,1,28800,5638.1
464244,520638,520649,56394,11,1,28800,5127.72727273
464244,520661,520662,56417,1,1,28800,5641.8
464245,520674,520810,56429,136,1,28800,415.919117647
464245,520822,520849,56577,27,1,28800,2096.44444444
464245,520874,520915,56629,41,1,28800,1382.19512195
464246,520927,520938,56681,11,1,28800,5153.81818182
464246,520950,520952,56704,2,1,28800,5670.6
464247,521272,521277,57025,5,1,28800,5703.0
464247,520977,521578,56730,601,1,28800,95.3926788686
464248,521314,521356,57066,42,1,28800,1359.71428571
464248,521689,521690,57441,1,1,28800,5744.2
464249,521369,522521,57120,1152,1,28800,50.5833333333
464249,521608,521616,57359,8,1,28800,5736.7
464249,521590,521596,57341,6,1,28800,5734.7
464250,521651,521652,57401,1,1,28800,5740.2
464250,521628,521638,57378,10,1,28800,5738.8
464251,521702,521716,57451,14,1,28800,4104.64285714
464251,521803,521958,57552,155,1,28800,372.303225806
464251,521728,521751,57477,23,1,28800,2500.0
464252,521764,521791,57512,27,1,28800,2131.07407407
464252,522203,522204,57951,1,1,28800,5795.2
464253,522217,522218,57964,1,1,28800,5796.5
464253,522230,522231,57977,1,1,28800,5797.8
464253,522243,522244,57990,1,1,28800,5799.1
464253,521971,522191,57718,220,1,28800,263.354545455
464254,522256,522257,58002,1,1,28800,5800.3
464254,522269,522270,58015,1,1,28800,5801.6
464254,522500,522551,58246,51,1,28800,1143.07843137
464255,522533,522534,58278,1,1,28800,5827.9
464255,522282,522488,58027,206,1,28800,282.684466019
464255,522547,523593,58292,1046,1,28800,56.7284894837
464256,522893,522894,58637,1,1,28800,5863.8
464256,522926,522927,58670,1,1,28800,5867.1
464256,522564,522616,58308,52,1,28800,1122.30769231
464257,522906,522913,58649,7,1,28800,5865.6
464257,522939,522950,58682,11,1,28800,5335.72727273
464257,522963,522964,58706,1,1,28800,5870.7
464258,522976,522977,58718,1,1,28800,5871.9
464258,522989,523357,58731,368,1,28800,160.595108696
464258,523385,523494,59127,109,1,28800,543.449541284
464258,523506,552314,59248,28808,1,28800,3.0566509303
464259,531229,531231,66970,2,1,28800,6697.2
464259,523692,523693,59433,1,1,28800,5943.4
464259,523705,523712,59446,7,1,28800,5945.3
464260,525845,525851,61585,6,1,28800,6159.1
464260,523759,523785,59499,26,1,28800,2289.42307692
464260,523724,523747,59464,23,1,28800,2586.39130435
464261,530158,530287,65897,129,1,28800,511.829457364
464261,529754,530146,65493,392,1,28800,168.073979592
464261,529219,529220,64958,1,1,28800,6495.9
464262,530582,530583,66320,1,1,28800,6632.1
464262,531242,531245,66980,3,1,28800,6698.3
464262,530595,531216,66333,621,1,28800,107.816425121
464263,531470,531471,67207,1,1,28800,6720.8
464263,531257,531259,66994,2,1,28800,6699.6
464264,531484,531485,67220,1,1,28800,6722.1
464264,531529,531684,67265,155,1,28800,434.967741935
464265,531687,531701,67422,14,1,28800,4816.85714286
464266,531745,531746,67479,1,1,28800,6748.0
464266,531661,531662,67395,1,1,28800,6739.6
464267,531696,531704,67429,8,1,28800,6743.7
464267,531713,531714,67446,1,1,28800,6744.7
464267,531720,531733,67453,13,1,28800,5189.69230769
464268,531732,531853,67464,121,1,28800,558.553719008
464268,531758,531891,67490,133,1,28800,508.443609023
464268,532113,532119,67845,6,1,28800,6785.1
464269,531865,531869,67596,4,1,28800,6760.0
464269,531881,531909,67612,28,1,28800,2415.71428571
464269,531903,531955,67634,52,1,28800,1301.65384615
464270,531921,531922,67651,1,1,28800,6765.2
464270,531948,531970,67678,22,1,28800,3077.27272727
464271,531967,532685,67696,718,1,28800,95.2841225627
464271,531995,532088,67724,93,1,28800,729.215053763
464272,532144,532449,67872,305,1,28800,223.531147541
464272,532461,532462,68189,1,1,28800,6819.0
464272,532100,532101,67828,1,1,28800,6782.9
464272,532131,532132,67859,1,1,28800,6786.0
464273,532474,532520,68201,46,1,28800,1483.63043478
464273,532532,532608,68259,76,1,28800,899.144736842
464273,532620,532655,68347,35,1,28800,1953.77142857
464274,532667,532689,68393,22,1,28800,3109.77272727
464274,532697,532712,68423,15,1,28800,4562.53333333
464275,532717,532721,68442,4,1,28800,6844.6
464275,532725,532730,68450,5,1,28800,6845.5
464275,533121,533123,68846,2,1,28800,6884.8
464276,532733,532738,68457,5,1,28800,6846.2
464276,532742,532768,68466,26,1,28800,2634.30769231
464276,532764,533839,68488,1075,1,28800,64.7097674419
464277,532815,532821,68538,6,1,28800,6854.4
464277,532833,532834,68556,1,1,28800,6855.7
464277,532783,532803,68506,20,1,28800,3426.3
464278,533135,533142,68857,7,1,28800,6886.4
464278,533184,533186,68906,2,1,28800,6890.8
464278,532846,533109,68568,263,1,28800,261.714828897
464279,533154,533172,68875,18,1,28800,3827.38888889
464279,533199,533345,68920,146,1,28800,473.054794521
464279,533745,533787,69466,42,1,28800,1654.95238095
464280,533357,533359,69077,2,1,28800,6907.9
464280,533437,533720,69157,283,1,28800,245.371024735
464280,533371,533425,69091,54,1,28800,1280.46296296
464281,533799,533800,69518,1,1,28800,6951.9
464281,533851,533852,69570,1,1,28800,6957.1
464281,533812,534176,69531,364,1,28800,192.019230769
464281,533732,533733,69451,1,1,28800,6945.2
464282,534034,534035,69752,1,1,28800,6975.3
464282,533946,533947,69664,1,1,28800,6966.5
464282,533864,533934,69582,70,1,28800,995.028571429
464283,533993,534021,69710,28,1,28800,2490.64285714
464283,533960,533966,69677,6,1,28800,6968.3
464283,533978,533980,69695,2,1,28800,6969.7
464284,534189,534191,69905,2,1,28800,6990.7
464284,534048,534206,69764,158,1,28800,442.544303797
464284,534203,534212,69919,9,1,28800,6992.8
464285,534238,534654,69953,416,1,28800,169.15625
464285,534495,534507,70210,12,1,28800,5851.83333333
464285,534218,534245,69933,27,1,28800,2591.11111111
464286,534331,534433,70045,102,1,28800,687.715686275
464286,534257,534268,69971,11,1,28800,6362.0
464286,534280,534319,69994,39,1,28800,1795.71794872
464287,534445,534468,70158,23,1,28800,3051.34782609
464287,534519,534661,70232,142,1,28800,495.591549296
464287,534481,534482,70194,1,1,28800,7019.5
464288,534666,534667,70378,1,1,28800,7037.9
464288,534693,534742,70405,49,1,28800,1437.83673469
464288,534673,534810,70385,137,1,28800,514.759124088
464288,534680,534681,70392,1,1,28800,7039.3
464289,534755,534958,70466,203,1,28800,348.123152709
464289,535150,535152,70861,2,1,28800,7086.3
464289,534822,535111,70533,289,1,28800,245.058823529
464290,534970,534971,70680,1,1,28800,7068.1
464290,535007,535011,70717,4,1,28800,7072.1
464290,534985,534994,70695,9,1,28800,7070.4
464291,535049,535065,70758,16,1,28800,4423.375
464291,535036,535037,70745,1,1,28800,7074.6
464291,535023,535024,70732,1,1,28800,7073.3
464292,535124,535136,70832,12,1,28800,5903.66666667
464292,535077,535131,70785,54,1,28800,1311.83333333
464292,535143,535530,70851,387,1,28800,184.07751938
464293,535177,535178,70884,1,1,28800,7088.5
464293,535164,535165,70871,1,1,28800,7087.2
464293,535190,535191,70897,1,1,28800,7089.8
464293,535206,535226,70913,20,1,28800,3546.65
464294,535542,535544,71248,2,1,28800,7125.0
464294,535238,535248,70944,10,1,28800,7095.4
464294,535261,535631,70967,370,1,28800,192.802702703
464295,535556,535572,71261,16,1,28800,4454.8125
464295,535643,535644,71348,1,1,28800,7134.9
464295,535584,535752,71289,168,1,28800,425.339285714
464296,535656,535657,71360,1,1,28800,7136.1
464296,535779,535780,71483,1,1,28800,7148.4
464296,535669,535771,71373,102,1,28800,700.735294118
464296,535765,535767,71469,2,1,28800,7147.1
464297,535786,535937,71489,151,1,28800,474.437086093
464297,535821,535822,71524,1,1,28800,7152.5
464297,535793,535794,71496,1,1,28800,7149.7
464298,535806,535809,71508,3,1,28800,7151.1
464298,535843,535844,71545,1,1,28800,7154.6
464298,536019,537203,71721,1184,1,28800,61.5751689189
464299,535856,535857,71557,1,1,28800,7155.8
464299,535883,542016,71584,6133,1,28800,12.6719386923
464300,535949,535967,71649,18,1,28800,3981.5
464300,535979,535980,71679,1,1,28800,7168.0
464300,536006,536007,71706,1,1,28800,7170.7
464301,537333,537335,73032,2,1,28800,7303.4
464301,537276,537321,72975,45,1,28800,1622.66666667
464301,537216,537264,72915,48,1,28800,1520.0625
464302,537347,537358,73045,11,1,28800,6641.45454545
464302,537370,537372,73068,2,1,28800,7307.0
464303,537466,537468,73163,2,1,28800,7316.5
464303,537410,537454,73107,44,1,28800,1662.52272727
464303,537397,537398,73094,1,1,28800,7309.5
464304,537704,537705,73400,1,1,28800,7340.1
464304,537481,537664,73177,183,1,28800,400.87431694
464304,537676,537680,73372,4,1,28800,7337.6
464305,537717,537880,73412,163,1,28800,451.380368098
464305,537892,537894,73587,2,1,28800,7358.9
464306,537980,537982,73674,2,1,28800,7367.6
464306,537919,537967,73613,48,1,28800,1534.60416667
464307,537994,537997,73687,3,1,28800,7369.0
464307,538022,538411,73715,389,1,28800,190.498714653
464308,467657,474951,3349,7294,2,14400,1.45914450233
464308,538298,538299,73990,1,1,28800,7399.1
464308,538290,538328,73982,38,1,28800,1947.89473684
464308,538312,538323,74004,11,1,28800,6728.63636364
464309,538343,538346,74034,3,1,28800,7403.7
464309,538336,538337,74027,1,1,28800,7402.8
464309,538350,538470,74041,120,1,28800,618.008333333
464310,538371,538403,74061,32,1,28800,2315.40625
464310,538429,538431,74119,2,1,28800,7412.1
464310,538415,538426,74105,11,1,28800,6737.81818182
464311,538439,538445,74128,6,1,28800,7413.4
464311,538460,538461,74149,1,1,28800,7415.0
464311,538446,538962,74135,516,1,28800,144.67248062
464312,538482,538486,74170,4,1,28800,7417.4
464312,538474,538498,74162,24,1,28800,3091.08333333
464313,538530,538536,74217,6,1,28800,7422.3
464313,538510,538659,74197,149,1,28800,498.966442953
464314,538641,538670,74327,29,1,28800,2564.0
464314,538577,538629,74263,52,1,28800,1429.13461538
464314,538548,538564,74234,16,1,28800,4640.625
464315,538683,538684,74368,1,1,28800,7436.9
464315,538676,538712,74361,36,1,28800,2066.58333333
464316,538729,539684,74413,955,1,28800,78.9193717277
464316,538722,538723,74406,1,1,28800,7440.7
464316,539087,539190,74771,103,1,28800,726.932038835
464317,538736,538737,74419,1,1,28800,7442.0
464317,538749,538910,74432,161,1,28800,463.310559006
464317,538923,538929,74606,6,1,28800,7461.2
464318,538975,539034,74657,59,1,28800,1266.37288136
464318,539046,539048,74728,2,1,28800,7473.0
464318,538941,539091,74623,150,1,28800,498.486666667
464319,539060,539062,74741,2,1,28800,7474.3
464320,539104,539105,74784,1,1,28800,7478.5
464320,539118,539155,74798,37,1,28800,2022.56756757
464320,539167,539277,74847,110,1,28800,681.427272727
464321,539203,539213,74882,10,1,28800,7489.2
464321,539226,539227,74905,1,1,28800,7490.6
464322,539266,539311,74944,45,1,28800,1666.42222222
464322,539289,539290,74967,1,1,28800,7496.8
464323,539331,539334,75008,3,1,28800,7501.1
464323,539324,539327,75001,3,1,28800,7500.4
464324,539338,539349,75014,11,1,28800,6820.45454545
464324,539362,539363,75038,1,1,28800,7503.9
464324,539346,539370,75022,24,1,28800,3126.91666667
464325,539383,539384,75058,1,1,28800,7505.9
464325,539390,539391,75065,1,1,28800,7506.6
464326,539418,540271,75092,853,1,28800,89.0328253224
464326,539404,539406,75078,2,1,28800,7508.0
464326,539411,541686,75085,2275,1,28800,34.0043956044
464327,539743,539757,75416,14,1,28800,5387.85714286
464327,539696,539708,75369,12,1,28800,6281.75
464327,539720,539731,75393,11,1,28800,6854.90909091
464328,539769,539770,75441,1,1,28800,7544.2
464329,540283,540286,75954,3,1,28800,7595.7
464329,539807,540445,75478,638,1,28800,119.304075235
464329,540298,540299,75969,1,1,28800,7597.0
464330,540367,540368,76037,1,1,28800,7603.8
464330,540337,540355,76007,18,1,28800,4223.61111111
464331,540381,540383,76050,2,1,28800,7605.2
464331,540408,540483,76077,75,1,28800,1015.36
464332,540501,540502,76169,1,1,28800,7617.0
464332,540471,541087,76139,616,1,28800,124.602272727
464332,540457,540458,76125,1,1,28800,7612.6
464332,540515,540720,76183,205,1,28800,372.624390244
464333,540732,540780,76399,48,1,28800,1592.64583333
464333,540792,541045,76459,253,1,28800,303.209486166
464333,541057,541209,76724,152,1,28800,505.763157895
464334,541114,542116,76780,1002,1,28800,77.626746507
464334,541099,541102,76765,3,1,28800,7676.8
464334,541222,541224,76888,2,1,28800,7689.0
464335,541236,543054,76901,1818,1,28800,43.299779978
464335,541699,541713,77364,14,1,28800,5527.0
464335,542366,542368,78031,2,1,28800,7803.3
464336,541725,543070,77389,1345,1,28800,58.5382899628
464336,542028,542050,77692,22,1,28800,3532.45454545
464336,542062,542064,77726,2,1,28800,7772.8
464336,542076,542352,77740,276,1,28800,282.666666667
464337,542128,542198,77791,70,1,28800,1112.3
464337,542210,542699,77873,489,1,28800,160.249488753
464338,542253,542255,77915,2,1,28800,7791.7
464338,542258,542259,77920,1,1,28800,7792.1
464338,542264,542279,77926,15,1,28800,5196.06666667
464339,542281,542282,77942,1,1,28800,7794.3
464339,542269,553236,77930,10967,1,28800,8.10586304368
464339,542276,542374,77937,98,1,28800,796.275510204
464340,542380,542386,78040,6,1,28800,7804.6
464340,542291,542293,77951,2,1,28800,7795.3
464340,542298,542581,77958,283,1,28800,276.469964664
464340,542305,542630,77965,325,1,28800,240.892307692
464341,542387,543225,78046,838,1,28800,94.1336515513
464341,542398,542400,78057,2,1,28800,7805.9
464342,542425,542427,78083,2,1,28800,7808.5
464342,542594,542860,78252,266,1,28800,295.180451128
464342,542440,543349,78098,909,1,28800,86.9163916392
464343,543066,543795,78723,729,1,28800,108.987654321
464343,542643,542645,78300,2,1,28800,7830.2
464343,542657,542696,78314,39,1,28800,2009.05128205
464344,542769,543173,78425,404,1,28800,195.121287129
464344,542709,542712,78365,3,1,28800,7836.8
464344,542721,542757,78377,36,1,28800,2178.13888889
464344,542728,542867,78384,139,1,28800,564.913669065
464345,542872,543549,78527,677,1,28800,116.992614476
464345,542893,542903,78548,10,1,28800,7855.8
464346,543083,543146,78737,63,1,28800,1250.79365079
464346,542916,542918,78570,2,1,28800,7857.2
464346,542930,545354,78584,2424,1,28800,33.4191419142
464347,543185,543236,78838,51,1,28800,1546.84313725
464347,543159,543163,78812,4,1,28800,7881.6
464348,543572,543574,79224,2,1,28800,7922.6
464348,543237,543238,78889,1,1,28800,7889.0
464348,543205,543499,78857,294,1,28800,269.221088435
464349,543255,543262,78906,7,1,28800,7891.3
464349,543275,543448,78926,173,1,28800,457.219653179
464349,543248,543354,78899,106,1,28800,745.330188679
464350,543369,543731,79019,362,1,28800,219.284530387
464350,543376,543404,79026,28,1,28800,2823.35714286
464350,543362,543364,79012,2,1,28800,7901.4
464351,543511,543555,79160,44,1,28800,1800.09090909
464351,543460,543617,79109,157,1,28800,504.878980892
464351,543417,543548,79066,131,1,28800,604.557251908
464352,543580,545526,79228,1946,1,28800,41.7132579651
464352,543567,543568,79215,1,1,28800,7921.6
464352,543560,543624,79208,64,1,28800,1238.625
464353,543637,543638,79284,1,1,28800,7928.5
464353,543650,543663,79297,13,1,28800,6100.76923077
464353,543629,543677,79276,48,1,28800,1652.58333333
464353,543587,546162,79234,2575,1,28800,31.7704854369
464354,543690,543692,79336,2,1,28800,7933.8
464354,543676,543699,79322,23,1,28800,3449.7826087
464354,543704,543738,79350,34,1,28800,2334.82352941
464355,543733,544035,79378,302,1,28800,263.841059603
464355,543711,543713,79356,2,1,28800,7935.8
464355,543726,544535,79371,809,1,28800,99.1100123609
464356,543738,543739,79382,1,1,28800,7938.3
464356,543749,548126,79393,4377,1,28800,19.1386794608
464357,543760,543761,79403,1,1,28800,7940.4
464357,543765,543909,79408,144,1,28800,552.444444444
464357,543754,543846,79397,92,1,28800,864.010869565
464358,543776,543779,79418,3,1,28800,7942.1
464358,545289,545290,80931,1,1,28800,8093.2
464359,543781,543783,79422,2,1,28800,7942.4
464359,543787,543801,79428,14,1,28800,5674.42857143
464360,543798,544332,79438,534,1,28800,149.760299625
464360,543803,543806,79443,3,1,28800,7944.6
464360,543809,543810,79449,1,1,28800,7945.0
464360,543792,543862,79432,70,1,28800,1135.74285714
464361,543814,544169,79453,355,1,28800,224.811267606
464361,543827,543892,79466,65,1,28800,1223.55384615
464362,543874,544234,79512,360,1,28800,221.866666667
464362,543904,543908,79542,4,1,28800,7954.6
464363,543934,543936,79571,2,1,28800,7957.3
464363,543927,544108,79564,181,1,28800,440.580110497
464363,543948,544241,79585,293,1,28800,272.62116041
464364,544128,544136,79764,8,1,28800,7977.2
464364,544121,545277,79757,1156,1,28800,69.9939446367
464364,544047,544114,79683,67,1,28800,1190.29850746
464365,544181,544190,79816,9,1,28800,7982.5
464365,544202,544209,79837,7,1,28800,7984.4
464365,544149,545287,79784,1138,1,28800,71.1089630931
464366,544247,544261,79881,14,1,28800,5706.78571429
464366,544221,545146,79855,925,1,28800,87.3297297297
464366,544254,544323,79888,69,1,28800,1158.79710145
464367,544273,544649,79906,376,1,28800,213.515957447
464367,544379,544533,80012,154,1,28800,520.558441558
464367,544336,544367,79969,31,1,28800,2580.64516129
464367,544345,544423,79978,78,1,28800,1026.35897436
464368,544541,545685,80173,1144,1,28800,71.0812937063
464368,544435,544513,80067,78,1,28800,1027.5
464368,544526,544528,80158,2,1,28800,8016.0
464369,545158,545160,80789,2,1,28800,8079.1
464369,544661,544664,80292,3,1,28800,8029.5
464369,544676,545549,80307,873,1,28800,92.9896907216
464370,545299,545301,80929,2,1,28800,8093.1
464370,545172,545979,80802,807,1,28800,101.126394052
464370,545306,545308,80936,2,1,28800,8093.8
464371,545320,545666,80949,346,1,28800,234.956647399
464371,545313,545356,80942,43,1,28800,1883.37209302
464582,467684,474356,3102,6672,2,14400,1.46492805755
465704,475895,695550,10191,219655,10,259200,1.04639548383
466393,466830,466876,437,46,1,59,10.5
466711,467728,474414,1017,6686,2,14400,1.15210888424
466832,467735,474263,903,6528,2,14400,1.13832720588
466883,467754,474850,871,7096,2,14400,1.12274520857
466898,467769,474703,871,6934,2,14400,1.12561292183
466899,467936,474739,1037,6803,2,14400,1.15243275026
466975,468318,474357,1343,6039,2,14400,1.22238781255
466989,468772,475874,1783,7102,2,14400,1.25105604055
467114,469833,469882,2719,49,1,59,56.4897959184
467146,470784,477108,3638,6324,2,14400,1.5752688172
467161,470898,477810,3737,6912,2,14400,1.54065393519
467209,470964,478724,3755,7760,2,14400,1.48389175258
467224,471051,477916,3827,6865,2,14400,1.55746540422
467293,471174,477944,3881,6770,2,14400,1.57326440177
467501,471903,478584,4402,6681,2,14400,1.65888340069
467573,473266,480372,5693,7106,2,14400,1.8011539544
467648,473276,480490,5628,7214,2,14400,1.7801497089
467675,473349,480451,5674,7102,2,14400,1.79892987891
467717,473531,480095,5814,6564,2,14400,1.88574040219
467719,473603,479976,5884,6373,2,14400,1.9232700455
467743,473662,480708,5919,7046,2,14400,1.84005109282
467760,473910,480546,6150,6636,2,14400,1.92676311031
467926,474025,481153,6099,7128,2,14400,1.85563973064
468309,474139,481316,5830,7177,2,14400,1.81231712415
468368,481829,488317,13461,6488,16,7200,3.07475339088
468434,483010,488533,14576,5523,16,7200,3.639145392
468451,488329,491539,19878,3210,16,7200,7.19252336449
468761,474144,480581,5383,6437,2,14400,1.83625912692
469735,506295,524320,36560,18025,8,18000,3.02829403606
469762,470874,471039,1112,165,2,7200,7.73939393939
470772,474275,481199,3503,6924,2,14400,1.5059214327
470865,474329,481243,3464,6914,2,14400,1.50101243853
470889,474426,481048,3537,6622,2,14400,1.53412866204
470955,474462,481594,3507,7132,2,14400,1.49172742569
471163,474479,481893,3316,7414,2,14400,1.44726193688
471362,499250,556254,27888,57004,2,172800,1.48922882605
471474,501089,673927,29615,172838,2,172800,1.17134542172
471698,501123,501477,29425,354,2,43200,84.1214689266
471769,494267,524877,22498,30610,16,36000,1.73498856583
472086,501154,537176,29068,36022,2,43200,1.80695130753
472376,502235,538262,29859,36027,16,36000,1.82879507036
472545,501490,513341,28945,11851,2,43200,3.44240992321
473148,501902,529598,28754,27696,2,43200,2.03820046216
473223,521247,553244,48024,31997,16,36000,2.5008907085
473241,524889,555335,51648,30446,16,36000,2.69638047691
473441,474369,476902,928,2533,4,3600,1.36636399526
473991,501981,516732,27990,14751,2,43200,2.89749847468
474133,474555,481526,422,6971,2,14400,1.06053650839
474265,474715,481578,450,6863,2,14400,1.06556899315
474319,474750,481232,431,6482,2,14400,1.06649182351
474359,474863,481540,504,6677,2,14400,1.07548300135
474360,475115,481657,755,6542,2,14400,1.11540813207
474414,476037,482430,1623,6393,2,14400,1.25387142187
474450,476915,484319,2465,7404,2,14400,1.33292814695
474468,476920,484129,2452,7209,2,14400,1.34013039256
474543,477120,483915,2577,6795,2,14400,1.37924944812
474670,478592,490375,3922,11783,1,17999,1.3328524145
474706,477822,485052,3116,7230,2,14400,1.43098201936
474742,477929,484672,3187,6743,2,14400,1.47263829156
474744,474964,475102,220,138,2,7200,2.59420289855
474782,502995,526369,28213,23374,2,43200,2.20702489946
474854,477956,484830,3102,6874,2,14400,1.45126563864
474953,478599,485796,3646,7197,2,14400,1.50659997221
475010,518501,529403,43491,10902,10,57600,4.98926802422
475133,475886,476024,753,138,2,7200,6.45652173913
475875,478736,485541,2861,6805,2,14400,1.42042615724
476944,543822,651832,66878,108010,30,108000,1.61918340894
477107,479988,487203,2881,7215,2,14400,1.39930699931
477811,480107,486354,2296,6247,2,14400,1.36753641748
477920,480385,486806,2465,6421,2,14400,1.38389658932
477947,480463,487030,2516,6567,2,14400,1.38312776001
478585,480503,487167,1918,6664,2,14400,1.28781512605
478727,480558,487456,1831,6898,2,14400,1.26543925776
479979,480593,487400,614,6807,2,14400,1.09020126341
480093,480731,487851,638,7120,2,14400,1.08960674157
480373,481061,487971,688,6910,2,14400,1.0995658466
480454,481165,488162,711,6997,2,14400,1.10161497785
480493,481211,487755,718,6544,2,14400,1.10971882641
480548,481244,488570,696,7326,2,14400,1.095004095
480584,481255,487696,671,6441,2,14400,1.10417637013
480707,481328,488345,621,7017,2,14400,1.0884993587
480840,488545,488564,7705,19,16,1800,406.526315789
481051,481539,488716,488,7177,2,14400,1.06799498398
481156,481552,488679,396,7127,2,14400,1.05556335064
481201,481592,487925,391,6333,2,14400,1.06174009158
481234,481606,488748,372,7142,2,14400,1.05208625035
481249,481670,488978,421,7308,2,14400,1.05760810071
481318,481905,488610,587,6705,2,14400,1.08754660701
481526,482598,489181,1072,6583,2,14400,1.16284368829
481541,483015,489218,1474,6203,2,14400,1.2376269547
481580,483021,489783,1441,6762,2,14400,1.21310263236
481595,483928,491055,2333,7127,2,14400,1.3273467097
481650,705343,715482,223693,10139,20,43199,23.0626294506
481659,484141,491938,2482,7797,2,14400,1.31832756188
481828,482442,482585,614,143,2,3600,5.29370629371
481894,484332,491202,2438,6870,2,14400,1.35487627365
481929,651844,685454,169915,33610,20,86399,6.05548943767
482431,484684,491049,2253,6365,2,14400,1.35396700707
482723,490804,531463,8081,40659,1,216000,1.19875058413
483343,488576,491441,5233,2865,16,7200,2.82652705061
483917,484842,491479,925,6637,2,14400,1.13937019738
484131,485064,492395,933,7331,2,14400,1.12726776702
484321,485808,492864,1487,7056,2,14400,1.21074263039
484673,486366,493044,1693,6678,2,14400,1.25351901767
484702,507233,515385,22531,8152,7,21600,3.76386162905
484833,486818,493361,1985,6543,2,14400,1.30337765551
485053,487047,494338,1994,7291,2,14400,1.27348786175
485513,485553,488314,40,2761,2,3600,1.01448750453
485544,487179,494244,1635,7065,2,14400,1.23142250531
485797,487215,494293,1418,7078,2,14400,1.20033907884
486357,487412,494748,1055,7336,2,14400,1.14381134133
486808,487469,494406,661,6937,2,14400,1.09528614675
487031,487708,494180,677,6472,2,14400,1.10460444994
487170,487773,494874,603,7101,2,14400,1.08491761724
487203,487863,495124,660,7261,2,14400,1.09089657072
487396,487938,495014,542,7076,2,14400,1.07659694743
487459,487983,495171,524,7188,2,14400,1.07289927657
487503,545496,546592,57993,1096,1,14340,53.9133211679
487697,488174,495058,477,6884,2,14400,1.06929110982
487757,488512,495046,755,6534,2,14400,1.11554943373
487854,488583,495027,729,6444,2,14400,1.11312849162
487881,695037,718540,207156,23503,20,86399,9.81402374165
487926,488623,495627,697,7004,2,14400,1.09951456311
487974,488692,495895,718,7203,2,14400,1.0996806886
488164,488728,495231,564,6503,2,14400,1.08672920191
488348,488761,495200,413,6439,2,14400,1.06414039447
488349,488357,488499,8,142,2,3600,1.05633802817
488373,491551,494002,3178,2451,16,7200,2.29661362709
488436,545545,546375,57109,830,1,780,69.8060240964
488556,492354,494255,3798,1901,16,7200,2.99789584429
488573,488990,495725,417,6735,2,14400,1.06191536748
488602,555348,641771,66746,86423,24,86399,1.77231755435
488612,489193,496224,581,7031,2,14400,1.08263404921
488681,489227,495549,546,6322,2,14400,1.08636507434
488717,489234,496202,517,6968,2,14400,1.07419632606
488750,489801,497188,1051,7387,2,14400,1.14227697306
488864,494014,495648,5150,1634,16,7200,4.1517747858
488979,490389,497434,1410,7045,2,14400,1.20014194464
489092,535876,554498,46784,18622,4,86400,3.51229728278
489184,491061,498253,1877,7192,2,14400,1.26098442714
489220,491068,497360,1848,6292,2,14400,1.29370629371
489283,489377,489704,94,327,1,1800,1.2874617737
489783,491215,498220,1432,7005,2,14400,1.20442541042
490820,495664,502223,4844,6559,16,7200,1.73852721451
491051,491491,497959,440,6468,2,14400,1.06802721088
491066,491931,499238,865,7307,2,14400,1.11837963597
491204,491950,498886,746,6936,2,14400,1.10755478662
491478,492408,499183,930,6775,2,14400,1.13726937269
491526,641784,649019,150258,7235,32,7200,21.7682100898
491866,643443,650021,151577,6578,32,7200,24.0430221952
491939,492877,499014,938,6137,2,14400,1.15284340883
492397,493056,500140,659,7084,2,14400,1.09302653868
492867,493373,500158,506,6785,2,14400,1.07457627119
493045,494192,500818,1147,6626,2,14400,1.17310594627
493200,524333,729753,31133,205420,6,259200,1.15155778405
493200,515397,721171,22197,205774,6,259200,1.10787077085
493364,494256,501104,892,6848,2,14400,1.13025700935
493676,493700,493750,24,50,1,119,1.48
494091,494198,495586,107,1388,1,3600,1.07708933718
494183,494306,501142,123,6836,2,14400,1.01799297835
494246,494351,501447,105,7096,2,14400,1.01479706877
494294,494418,501077,124,6659,2,14400,1.01862141463
494328,530181,536464,35853,6283,16,7200,6.70635046952
494339,494760,501084,421,6324,2,14400,1.06657179001
494376,494512,494682,136,170,1,119,1.8
494408,494887,501105,479,6218,2,14400,1.07703441621
494491,496683,748719,2192,252036,10,252000,1.00869717025
494528,545561,545713,51033,152,1,120,336.743421053
494752,495027,501754,275,6727,2,14400,1.04088003568
494824,494897,495102,73,205,1,719,1.35609756098
494875,495039,501705,164,6666,2,14400,1.02460246025
495017,495058,502262,41,7204,2,14400,1.00569128262
495032,495071,502332,39,7261,2,14400,1.005371161
495046,495137,502137,91,7000,2,14400,1.013
495061,495184,501969,123,6785,2,14400,1.01812822402
495124,495213,501890,89,6677,2,14400,1.01332933952
495173,495243,502561,70,7318,2,14400,1.00956545504
495203,495564,503061,361,7497,2,14400,1.04815259437
495233,495644,503066,411,7422,2,14400,1.05537590946
495503,538422,538656,42919,234,4,3600,184.414529915
495552,495737,503002,185,7265,2,14400,1.02546455609
495565,538669,538921,43104,252,4,3600,172.047619048
495627,495907,503085,280,7178,2,14400,1.03900808025
495702,538933,539184,43231,251,4,3600,173.235059761
495727,496214,502982,487,6768,2,14400,1.07195626478
495776,539196,539198,43420,2,4,3600,4342.2
495836,539210,539449,43374,239,4,3600,182.481171548
495889,539462,539711,43573,249,4,3600,175.991967871
495896,496236,503876,340,7640,2,14400,1.0445026178
495910,530197,536541,34287,6344,16,7200,6.40463430013
495970,539727,539966,43757,239,4,3600,184.083682008
496025,539978,540227,43953,249,4,3600,177.518072289
496092,540239,540482,44147,243,4,3600,182.674897119
496150,540494,540738,44344,244,4,3600,182.737704918
496203,497200,504132,997,6932,2,14400,1.14382573572
496227,497372,504153,1145,6781,2,14400,1.16885415131
496251,540750,540991,44499,241,4,3600,185.643153527
496302,541003,541254,44701,251,4,3600,179.091633466
496349,496467,500106,118,3639,1,3600,1.03242649079
496360,541266,541507,44906,241,4,3600,187.331950207
496430,541519,541769,45089,250,4,3600,181.356
496479,541781,542025,45302,244,4,3600,186.663934426
496563,542037,542240,45474,203,4,3600,225.009852217
496737,512218,512220,15481,2,1,1200,1548.3
497191,497446,504523,255,7077,2,14400,1.03603221704
497363,497971,504695,608,6724,2,14400,1.09042236764
497435,498232,505090,797,6858,2,14400,1.11621463984
497962,498265,505073,303,6808,2,14400,1.04450646298
498221,498898,505400,677,6502,2,14400,1.10412180867
498254,499026,505785,772,6759,2,14400,1.1142180796
498889,499195,506167,306,6972,2,14400,1.04388984509
499016,500152,506679,1136,6527,2,14400,1.17404626934
499184,500170,507561,986,7391,2,14400,1.13340549317
499238,500831,508238,1593,7407,2,14400,1.21506682868
500142,501096,508256,954,7160,2,14400,1.13324022346
500160,501116,508299,956,7183,2,14400,1.13309202283
500820,501459,508427,639,6968,2,14400,1.09170493685
501078,501717,508094,639,6377,2,14400,1.10020385761
501093,501766,509235,673,7469,2,14400,1.09010577052
501108,502149,509591,1041,7442,2,14400,1.13988175222
501110,502275,509539,1165,7264,2,14400,1.16037995595
501143,502344,509195,1201,6851,2,14400,1.17530287549
501450,502574,509136,1124,6562,2,14400,1.17128924109
501705,503015,509980,1310,6965,2,14400,1.18808327351
501757,503073,509134,1316,6061,2,14400,1.21712588682
501892,503080,509540,1188,6460,2,14400,1.18390092879
501970,503100,509833,1130,6733,2,14400,1.1678300906
502139,503888,510784,1749,6896,2,14400,1.25362529002
502266,504145,511472,1879,7327,2,14400,1.25644875119
502299,503093,510666,794,7573,1,9000,1.104846164
502335,504165,511305,1830,7140,2,14400,1.25630252101
502564,504536,511060,1972,6524,2,14400,1.3022685469
502982,504707,510900,1725,6193,2,14400,1.27854028742
503003,505086,511641,2083,6555,2,14400,1.3177726926
503064,505102,512275,2038,7173,2,14400,1.28412100934
503078,505413,512451,2335,7038,2,14400,1.33177038932
503093,505797,512473,2704,6676,2,14400,1.40503295386
503876,506179,512592,2303,6413,2,14400,1.35911429908
504136,506692,513815,2556,7123,2,14400,1.35883756844
504154,507573,513925,3419,6352,2,14400,1.53825566751
504524,508106,514598,3582,6492,2,14400,1.55175600739
504696,508250,515164,3554,6914,2,14400,1.51402950535
505038,545764,545786,40726,22,1,240,1852.18181818
505075,508268,514901,3193,6633,2,14400,1.48138097392
505093,508312,515545,3219,7233,2,14400,1.44504355039
505403,508439,514796,3036,6357,2,14400,1.47758376593
505786,509146,515682,3360,6536,2,14400,1.51407588739
506168,509153,516365,2985,7212,2,14400,1.41389351082
506680,509208,516332,2528,7124,2,14400,1.35485682201
507562,509247,515408,1685,6161,2,14400,1.27349456257
508096,509552,516201,1456,6649,2,14400,1.21898029779
508240,509557,516238,1317,6681,2,14400,1.19712617872
508259,509603,516630,1344,7027,2,14400,1.19126227409
508303,509845,517153,1542,7308,2,14400,1.21100164204
508430,509993,516918,1563,6925,2,14400,1.22570397112
509134,510796,517508,1662,6712,2,14400,1.24761620977
509149,510912,517822,1763,6910,2,14400,1.25513748191
509197,511073,518051,1876,6978,2,14400,1.26884494124
509236,511318,518284,2082,6966,2,14400,1.29888027562
509541,511485,518214,1944,6729,2,14400,1.28889879626
509542,511653,518897,2111,7244,2,14400,1.29141358366
509594,512463,519439,2869,6976,2,14400,1.41126720183
509834,512485,519014,2651,6529,2,14400,1.4060346148
509982,512604,519569,2622,6965,2,14400,1.37645369706
510786,513353,520048,2567,6695,2,14400,1.38342046303
510902,513831,520559,2929,6728,2,14400,1.43534482759
511062,513938,520740,2876,6802,2,14400,1.42281681858
511307,514612,521380,3305,6768,2,14400,1.48832742317
511475,514808,521783,3333,6975,2,14400,1.47784946237
511644,514914,521477,3270,6563,2,14400,1.49824775255
511763,518465,518489,6702,24,10,252000,280.25
511855,512081,512097,226,16,1,9000,15.125
512167,512287,598727,120,86440,2,86400,1.00138824618
512276,515176,521806,2900,6630,2,14400,1.43740573152
512405,536476,543715,24071,7239,16,7200,4.32518303633
512440,536553,543777,24113,7224,16,7200,4.33790143965
512454,515424,521556,2970,6132,2,14400,1.4843444227
512475,515557,522819,3082,7262,2,14400,1.42440099146
512592,515580,522773,2988,7193,2,14400,1.41540386487
513818,515695,522032,1877,6337,2,14400,1.29619693861
513927,516213,522862,2286,6649,2,14400,1.34381109941
514601,516254,523757,1653,7503,2,14400,1.22031187525
514797,516344,523932,1547,7588,2,14400,1.20387453875
514902,516377,523860,1475,7483,2,14400,1.19711345717
515164,516642,523377,1478,6735,2,14400,1.21945063103
515411,516744,523447,1333,6703,2,14400,1.19886617932
515547,516931,523934,1384,7003,2,14400,1.19762958732
515679,545800,545801,30121,1,1,240,3012.2
515685,517165,524690,1480,7525,2,14400,1.19667774086
516204,517521,524418,1317,6897,2,14400,1.19095258808
516240,517834,525014,1594,7180,2,14400,1.22200557103
516333,518063,524989,1730,6926,2,14400,1.24978342478
516366,518226,525303,1860,7077,2,14400,1.26282323018
516632,518296,525231,1664,6935,2,14400,1.23994232156
516919,518470,525635,1551,7165,2,14400,1.21646894627
517007,522629,522881,5622,252,1,3540,23.3095238095
517156,518915,525393,1759,6478,2,14400,1.27153442421
517386,523797,525833,6411,2036,1,3540,4.14882121807
517461,525863,526040,8402,177,1,3540,48.4689265537
517509,519026,526235,1517,7209,2,14400,1.21043140519
517510,526052,526313,8542,261,1,3540,33.7279693487
517562,526326,526812,8764,486,1,3540,19.0329218107
517635,526825,527187,9190,362,1,3540,26.3867403315
517683,527198,527704,9515,506,1,3540,19.8043478261
517730,527716,528198,9986,482,1,3540,21.7178423237
517777,528210,528716,10433,506,1,3540,21.6185770751
517823,519451,526069,1628,6618,2,14400,1.24599576911
517825,528728,529207,10903,479,1,3540,23.7620041754
517875,529232,529741,11357,509,1,3540,23.3123772102
518052,519581,525764,1529,6183,2,14400,1.24729095908
518071,530300,530570,12229,270,1,3540,46.2925925926
518215,520060,526239,1845,6179,2,14400,1.29859200518
518284,520571,527877,2287,7306,2,14400,1.31303038598
518332,531271,531458,12939,187,1,3540,70.192513369
518512,538279,538405,19767,126,4,3540,157.880952381
518565,531505,531636,12940,131,1,3540,99.7786259542
518899,520752,527966,1853,7214,2,14400,1.25686165789
519017,521393,527888,2376,6495,2,14400,1.36581986143
519442,521490,528451,2048,6961,2,14400,1.29421060193
519571,521568,528796,1997,7228,2,14400,1.27628666298
520050,521795,529103,1745,7308,2,14400,1.23877941981
520562,521818,528761,1256,6943,2,14400,1.18090162754
520743,522046,529083,1303,7037,2,14400,1.18516413244
521381,522785,530158,1404,7373,2,14400,1.1904245219
521481,522831,530034,1350,7203,2,14400,1.18742190754
521559,522874,529750,1315,6876,2,14400,1.19124490983
521785,523391,530336,1606,6945,2,14400,1.23124550036
521806,523459,531387,1653,7928,2,14400,1.20850151362
522037,523769,530675,1732,6906,2,14400,1.25079640892
522776,523872,530319,1096,6447,2,14400,1.17000155111
522821,523944,530331,1123,6387,2,14400,1.17582589635
522863,523951,530952,1088,7001,2,14400,1.15540637052
523337,523369,523373,32,4,1,3600,3.6
523378,524338,531234,960,6896,2,14400,1.13921113689
523447,524430,531510,983,7080,2,14400,1.13884180791
523537,523605,523680,68,75,1,3600,1.90666666667
523748,524440,776482,692,252042,10,252000,1.00274557415
523757,524703,531710,946,7007,2,14400,1.13500784929
523863,525000,531038,1137,6038,2,14400,1.18830738655
523932,525026,531286,1094,6260,2,14400,1.17476038339
523947,525243,532621,1296,7378,2,14400,1.17565735972
524420,525315,531963,895,6648,2,14400,1.13462695548
524691,525406,532409,715,7003,2,14400,1.10209910039
524992,525647,532764,655,7117,2,14400,1.09203316004
525016,525776,532986,760,7210,2,14400,1.10540915395
525233,526081,533001,848,6920,2,14400,1.1225433526
525305,526247,533312,942,7065,2,14400,1.13333333333
525396,526254,533095,858,6841,2,14400,1.1254202602
525637,526381,533116,744,6735,2,14400,1.11046770601
525766,527889,535001,2123,7112,2,14400,1.2985095613
526069,527901,534966,1832,7065,2,14400,1.2593064402
526238,527978,534867,1740,6889,2,14400,1.25257657135
526253,528463,535733,2210,7270,2,14400,1.30398899587
527879,528773,535493,894,6720,2,14400,1.13303571429
527894,528808,535187,914,6379,2,14400,1.14328264618
527969,529096,535819,1127,6723,2,14400,1.16763349695
528453,529116,536324,663,7208,2,14400,1.09198113208
528764,529420,535968,656,6548,2,14400,1.10018326206
528797,529610,535821,813,6211,2,14400,1.13089679601
529086,529762,537075,676,7313,2,14400,1.09243812389
529104,530047,536832,943,6785,2,14400,1.13898305085
529752,530170,537402,418,7232,2,14400,1.05779867257
530035,530331,536763,296,6432,2,14400,1.0460199005
530159,530342,536972,183,6630,2,14400,1.02760180995
530321,530350,537509,29,7159,2,14400,1.00405084509
530336,530687,537816,351,7129,2,14400,1.0492355169
530338,530964,537775,626,6811,2,14400,1.09191014535
530662,545388,545398,14726,10,1,1800,1473.6
530678,531050,537532,372,6482,2,14400,1.05738969454
530952,531249,537852,297,6603,2,14400,1.04497955475
531040,531299,537853,259,6554,2,14400,1.03951785169
531235,531399,538439,164,7040,2,14400,1.02329545455
531287,531522,538582,235,7060,2,14400,1.03328611898
531390,531727,538838,337,7111,2,14400,1.04739136549
531513,531975,538545,462,6570,2,14400,1.0703196347
531712,532421,539411,709,6990,2,14400,1.10143061516
531965,532634,539234,669,6600,2,14400,1.10136363636
532411,532776,539902,365,7126,2,14400,1.05122088128
532622,532998,540161,376,7163,2,14400,1.05249197264
532766,533014,540534,248,7520,2,14400,1.0329787234
532989,533107,539858,118,6751,2,14400,1.01747889202
533004,533128,539604,124,6476,2,14400,1.01914762199
533097,533324,540094,227,6770,2,14400,1.03353028065
533118,534879,541484,1761,6605,2,14400,1.26661619985
533314,534978,541647,1664,6669,2,14400,1.24951267057
534868,535014,541263,146,6249,2,14400,1.0233637382
534968,535199,542347,231,7148,2,14400,1.03231673195
535001,535505,542773,504,7268,2,14400,1.0693450743
535187,535745,542675,558,6930,2,14400,1.08051948052
535494,535831,542521,337,6690,2,14400,1.05037369208
535735,535838,542702,103,6864,2,14400,1.01500582751
535819,535986,542747,167,6761,2,14400,1.02470048809
535834,536337,543122,503,6785,2,14400,1.07413411938
535964,536776,544145,812,7369,2,14400,1.11019134211
536325,536844,543836,519,6992,2,14400,1.07422768879
536765,536984,543980,219,6996,2,14400,1.03130360206
536834,537087,543451,253,6364,2,14400,1.03975487115
536973,537188,543742,215,6554,2,14400,1.03280439426
537078,537417,543792,339,6375,2,14400,1.05317647059
537404,537521,544024,117,6503,2,14400,1.01799169614
537509,537544,544282,35,6738,2,14400,1.00519441971
537534,537787,544383,253,6596,2,14400,1.03835657975
537775,537828,544295,53,6467,2,14400,1.00819545384
537817,537864,544476,47,6612,2,14400,1.00710828796
537854,537870,545244,16,7374,2,14400,1.00216978573
537855,538284,545432,429,7148,2,14400,1.06001678791
538321,545403,545486,7082,83,1,1800,86.3253012048
538443,538453,545225,10,6772,2,14400,1.00147666864
538547,538557,546110,10,7553,2,14400,1.00132397723
538583,538594,545979,11,7385,2,14400,1.00148950575
538839,538851,545613,12,6762,2,14400,1.00177462289
539237,539246,545624,9,6378,2,14400,1.00141110066
539415,539425,546333,10,6908,2,14400,1.00144759699
539606,539617,546408,11,6791,2,14400,1.0016197909
539859,539870,545918,11,6048,2,14400,1.00181878307
539904,539914,547137,10,7223,2,14400,1.00138446629
540097,540106,546535,9,6429,2,14400,1.00139990667
540164,540173,546661,9,6488,2,14400,1.00138717633
540536,540546,547501,10,6955,2,14400,1.00143781452
541266,541275,548629,9,7354,2,14400,1.00122382377
541486,541496,548613,10,7117,2,14400,1.00140508641
541650,541659,548881,9,7222,2,14400,1.00124619219
542349,542359,549198,10,6839,2,14400,1.00146220208
542524,542534,549706,10,7172,2,14400,1.00139431121
542678,542687,549408,9,6721,2,14400,1.00133908645
542705,542716,549441,11,6725,2,14400,1.00163568773
542750,542759,549388,9,6629,2,14400,1.00135767084
542774,542785,550384,11,7599,2,14400,1.00144755889
543123,543134,550001,11,6867,2,14400,1.00160186399
543451,543467,550118,16,6651,2,14400,1.00240565329
543746,543848,550646,102,6798,2,14400,1.01500441306
543794,543859,550962,65,7103,2,14400,1.00915106293
543839,543992,550855,153,6863,2,14400,1.02229345767
543981,544036,550814,55,6778,2,14400,1.00811448805
544026,544158,551678,132,7520,2,14400,1.01755319149
544147,544294,550566,147,6272,2,14400,1.0234375
544285,544307,551004,22,6697,2,14400,1.00328505301
544300,544395,550972,95,6577,2,14400,1.01444427551
544384,544488,551408,104,6920,2,14400,1.01502890173
544478,544548,551252,70,6704,2,14400,1.01044152745
545190,545410,545528,220,118,1,3600,2.86440677966
545225,545237,551689,12,6452,2,14400,1.00185988841
545246,545256,551936,10,6680,2,14400,1.00149700599
545433,545444,552135,11,6691,2,14400,1.0016439994
545520,545538,545790,18,252,1,3600,1.07142857143
545562,545678,545754,116,76,1,1800,2.52631578947
545614,545625,552811,11,7186,2,14400,1.00153075424
545629,545636,552153,7,6517,2,14400,1.00107411386
545671,545697,545961,26,264,1,3600,1.09848484848
545718,545725,545814,7,89,1,1800,1.07865168539
545921,545928,553369,7,7441,2,14400,1.00094073377
545961,545967,546062,6,95,1,1800,1.06315789474
545981,545988,553106,7,7118,2,14400,1.00098342231
546025,546032,546593,7,561,1,3600,1.01247771836
546114,546121,553486,7,7365,2,14400,1.00095044128
546197,546203,546607,6,404,1,3600,1.01485148515
546268,546274,546640,6,366,1,1800,1.01639344262
546334,546340,553423,6,7083,2,14400,1.00084709869
546409,546416,553452,7,7036,2,14400,1.00099488346
546512,546519,546727,7,208,1,1800,1.03365384615
546538,546545,553660,7,7115,2,14400,1.00098383696
546662,546669,553835,7,7166,2,14400,1.00097683505
547094,547100,550707,6,3607,1,3600,1.00166343222
547138,547145,554112,7,6967,2,14400,1.00100473662
547320,547327,547334,7,7,1,1800,1.4
547432,547439,547519,7,80,1,3600,1.0875
547474,547480,547522,6,42,1,1800,1.14285714286
547503,547510,554491,7,6981,2,14400,1.00100272167
547650,547657,547890,7,233,1,3600,1.03004291845
547735,547742,547818,7,76,1,1800,1.09210526316
547740,547748,547789,8,41,1,1800,1.19512195122
548012,548018,548092,6,74,1,1800,1.08108108108
548181,548188,548649,7,461,1,3600,1.01518438178
548297,548304,548465,7,161,1,1800,1.04347826087
548615,548621,555568,6,6947,2,14400,1.00086368216
548633,548640,555854,7,7214,2,14400,1.00097033546
548704,548711,548955,7,244,1,1800,1.02868852459
548883,548890,555766,7,6876,2,14400,1.00101803374
549199,549205,555776,6,6571,2,14400,1.00091310303
549389,549396,555547,7,6151,2,14400,1.00113802634
549410,549416,556448,6,7032,2,14400,1.00085324232
549444,549451,556478,7,7027,2,14400,1.00099615768
549706,549712,556311,6,6599,2,14400,1.00090922867
550004,550011,556745,7,6734,2,14400,1.00103950104
550122,550128,557256,6,7128,2,14400,1.00084175084
550387,550394,557250,7,6856,2,14400,1.0010210035
550502,550509,550512,7,3,2,21600,1.0
550516,550522,550525,6,3,2,21600,1.0
550536,550543,550546,7,3,2,21600,1.0
550563,550570,550572,7,2,2,21600,1.0
550567,550577,556346,10,5769,2,14400,1.00173340267
550594,550601,550604,7,3,2,21600,1.0
550646,550653,557821,7,7168,2,14400,1.0009765625
550818,550824,557669,6,6845,2,14400,1.00087655223
550827,550834,550916,7,82,1,3600,1.08536585366
550857,550864,557699,7,6835,2,14400,1.00102414045
550962,550968,557956,6,6988,2,14400,1.00085861477
550977,550984,557821,7,6837,2,14400,1.00102384087
551004,551012,557394,8,6382,2,14400,1.00125352554
551037,551044,572664,7,21620,2,21600,1.00032377428
551058,551065,551310,7,245,1,3600,1.02857142857
551077,551083,572726,6,21643,2,21600,1.00027722589
551103,551110,572715,7,21605,2,21600,1.00032399907
551134,551269,572898,135,21629,2,21600,1.00624162005
551155,551320,572931,165,21611,2,21600,1.00763500069
551254,551262,558126,8,6864,2,14400,1.00116550117
551411,551421,558176,10,6755,2,14400,1.0014803849
551569,552326,552693,757,367,1,3600,3.06267029973
551666,553248,574853,1582,21605,2,21600,1.07322379079
551679,551690,558057,11,6367,2,14400,1.00172765824
551687,553257,574862,1570,21605,2,21600,1.0726683638
551694,551700,558806,6,7106,2,14400,1.00084435688
551709,553262,574878,1553,21616,2,21600,1.07184492968
551732,553268,574904,1536,21636,2,21600,1.07099278979
551751,553273,574904,1522,21631,2,21600,1.07036198049
551790,553278,574886,1488,21608,2,21600,1.06886338393
551812,553284,574899,1472,21615,2,21600,1.06810085589
551838,553289,574899,1451,21610,2,21600,1.06714484035
551939,551948,559014,9,7066,2,14400,1.00127370507
552135,552147,558880,12,6733,2,14400,1.00178226645
552153,552165,558962,12,6797,2,14400,1.00176548477
552813,552823,560251,10,7428,2,14400,1.0013462574
553108,553119,559779,11,6660,2,14400,1.00165165165
553205,553212,553220,7,8,1,3600,1.5
553338,553345,553457,7,112,1,3600,1.0625
553370,553381,559267,11,5886,2,14400,1.00186884132
553425,553435,560283,10,6848,2,14400,1.00146028037
553452,553467,560400,15,6933,2,14400,1.00216356556
553488,553494,560508,6,7014,2,14400,1.00085543199
553595,553602,553864,7,262,1,3600,1.02671755725
553663,553673,561013,10,7340,2,14400,1.00136239782
553836,553847,553848,11,1,2,14400,1.2
554108,554116,554514,8,398,1,3600,1.02010050251
554113,554122,560609,9,6487,2,14400,1.00138739016
554493,554500,554501,7,1,2,14400,1.0
555070,555077,555082,7,5,1,3600,1.2
555202,555208,555287,6,79,1,3600,1.07594936709
555303,555309,557208,6,1899,1,1800,1.00315955766
555427,555435,555684,8,249,1,3600,1.03212851406
555550,555557,555558,7,1,2,14400,1.0
555571,555578,555579,7,1,2,14400,1.0
555767,555773,562325,6,6552,2,14400,1.00091575092
555782,555788,562422,6,6634,2,14400,1.00090443172
555858,555865,563172,7,7307,2,14400,1.00095798549
555946,555952,556310,6,358,1,3600,1.01675977654
556140,556147,556152,7,5,1,1800,1.2
556313,556320,556321,7,1,2,14400,1.0
556346,556352,556353,6,1,2,14400,1.0
556448,556454,556455,6,1,2,14400,1.0
556478,556485,556486,7,1,2,14400,1.0
556746,556752,556753,6,1,2,14400,1.0
557252,557258,564171,6,6913,2,14400,1.00086792999
557267,557273,564590,6,7317,2,14400,1.0008200082
557396,557402,564196,6,6794,2,14400,1.00088313218
557670,557676,564260,6,6584,2,14400,1.00091130012
557700,557707,564704,7,6997,2,14400,1.00100042876
557825,557832,565012,7,7180,2,14400,1.00097493036
557826,557839,564814,13,6975,2,14400,1.00186379928
557959,557966,565054,7,7088,2,14400,1.00098758465
558058,558064,564676,6,6612,2,14400,1.00090744102
558127,558134,564875,7,6741,2,14400,1.0010384216
558181,558187,564298,6,6111,2,14400,1.00098183603
558790,558797,560636,7,1839,1,1800,1.00380641653
558809,558815,565310,6,6495,2,14400,1.00092378753
558881,558887,565686,6,6799,2,14400,1.00088248272
558912,558920,562041,8,3121,1,3000,1.002563281
558963,558969,565597,6,6628,2,14400,1.00090525045
559017,559024,565331,7,6307,2,14400,1.00110987791
559270,559276,566164,6,6888,2,14400,1.00087108014
559782,559788,566601,6,6813,2,14400,1.00088066931
560252,560259,567215,7,6956,2,14400,1.00100632547
560285,560291,567197,6,6906,2,14400,1.00086880973
560402,560410,567474,8,7064,2,14400,1.00113250283
560511,560518,567228,7,6710,2,14400,1.00104321908
560610,560618,568105,8,7487,2,14400,1.00106851877
561014,561021,567796,7,6775,2,14400,1.00103321033
561560,561567,566971,7,5404,8,5400,1.00129533679
562327,562334,569259,7,6925,2,14400,1.00101083032
562424,562431,569201,7,6770,2,14400,1.00103397341
563174,563181,569968,7,6787,2,14400,1.00103138353
564174,564180,570106,6,5926,2,14400,1.00101248734
564198,564204,571130,6,6926,2,14400,1.0008663009
564261,564267,571010,6,6743,2,14400,1.00088981166
564300,564307,571825,7,7518,2,14400,1.0009310987
564592,564599,571410,7,6811,2,14400,1.00102774923
564676,564683,572202,7,7519,2,14400,1.00093097486
564706,564713,571840,7,7127,2,14400,1.00098218044
564818,564824,571769,6,6945,2,14400,1.00086393089
564872,564879,571875,7,6996,2,14400,1.00100057176
565013,565020,572333,7,7313,2,14400,1.00095719951
565055,565063,571895,8,6832,2,14400,1.00117096019
565314,565321,572490,7,7169,2,14400,1.00097642628
565332,565339,571798,7,6459,2,14400,1.0010837591
565383,572253,608290,6870,36037,16,36000,1.19063740045
565411,574875,599621,9464,24746,16,36000,1.38244564778
565600,565607,572854,7,7247,2,14400,1.00096591693
565687,565693,572516,6,6823,2,14400,1.00087937857
566166,566173,573252,7,7079,2,14400,1.00098884023
566603,566609,573652,6,7043,2,14400,1.0008519097
567199,567205,573808,6,6603,2,14400,1.00090867787
567217,567224,573153,7,5929,2,14400,1.00118063754
567232,567239,573493,7,6254,2,14400,1.00111928366
567476,567482,574473,6,6991,2,14400,1.00085824632
567798,567805,574351,7,6546,2,14400,1.00106935533
568108,568114,575131,6,7017,2,14400,1.00085506627
569205,569212,576281,7,7069,2,14400,1.00099023907
569262,569269,576234,7,6965,2,14400,1.00100502513
569970,569977,576492,7,6515,2,14400,1.00107444359
570108,570114,576949,6,6835,2,14400,1.00087783467
570805,570812,572656,7,1844,2,7200,1.00379609544
571012,571018,577649,6,6631,2,14400,1.0009048409
571133,571140,577392,7,6252,2,14400,1.00111964171
571413,571419,577949,6,6530,2,14400,1.00091883614
571771,571778,578801,7,7023,2,14400,1.00099672505
571801,571807,578992,6,7185,2,14400,1.00083507307
571828,571834,578496,6,6662,2,14400,1.00090063044
571843,571849,578842,6,6993,2,14400,1.00085800086
571876,571883,578165,7,6282,2,14400,1.00111429481
571897,571904,578989,7,7085,2,14400,1.00098800282
572204,572212,579071,8,6859,2,14400,1.00116635078
572334,572341,578792,7,6451,2,14400,1.00108510308
572494,572500,579555,6,7055,2,14400,1.00085046067
572518,572524,579276,6,6752,2,14400,1.00088862559
572855,572863,579649,8,6786,2,14400,1.00117889773
573156,573164,579327,8,6163,2,14400,1.00129806912
573253,573260,580374,7,7114,2,14400,1.00098397526
573494,573501,580625,7,7124,2,14400,1.00098259405
573654,573660,580995,6,7335,2,14400,1.00081799591
573810,573817,580593,7,6776,2,14400,1.00103305785
574352,574358,580962,6,6604,2,14400,1.00090854028
574474,574480,581357,6,6877,2,14400,1.00087247346
575133,575140,581850,7,6710,2,14400,1.00104321908
576236,576242,583336,6,7094,2,14400,1.00084578517
576284,576291,583178,7,6887,2,14400,1.00101640772
576495,576501,583788,6,7287,2,14400,1.00082338411
576952,576958,584019,6,7061,2,14400,1.000849738
577395,577402,584291,7,6889,2,14400,1.00101611264
577645,577651,584923,6,7272,2,14400,1.00082508251
577949,577956,584832,7,6876,2,14400,1.00101803374
578166,578172,584854,6,6682,2,14400,1.00089793475
578497,578505,585733,8,7228,2,14400,1.00110680686
578796,578803,586462,7,7659,2,14400,1.00091395744
578811,578818,585331,7,6513,2,14400,1.00107477353
578844,578850,586001,6,7151,2,14400,1.00083904349
578988,578995,585993,7,6998,2,14400,1.0010002858
579004,579010,585948,6,6938,2,14400,1.00086480254
579073,579080,586488,7,7408,2,14400,1.00094492441
579278,579285,585253,7,5968,2,14400,1.00117292225
579329,579335,585450,6,6115,2,14400,1.00098119379
579558,579564,586207,6,6643,2,14400,1.00090320638
579651,579658,587105,7,7447,2,14400,1.00093997583
580378,580385,587736,7,7351,2,14400,1.00095225139
580594,580601,587574,7,6973,2,14400,1.00100387208
580628,580634,587015,6,6381,2,14400,1.00094029149
580965,580972,587832,7,6860,2,14400,1.00102040816
580998,581004,588023,6,7019,2,14400,1.00085482262
581359,581365,588175,6,6810,2,14400,1.00088105727
581850,581857,588750,7,6893,2,14400,1.00101552299
582754,593811,593833,11057,22,16,3600,503.590909091
583181,583187,590359,6,7172,2,14400,1.00083658673
583339,583346,589816,7,6470,2,14400,1.00108191654
583791,583798,590456,7,6658,2,14400,1.00105136678
584019,584026,590502,7,6476,2,14400,1.00108091414
584294,584300,591395,6,7095,2,14400,1.00084566596
584836,584842,591896,6,7054,2,14400,1.00085058123
584857,584863,591727,6,6864,2,14400,1.00087412587
584926,584932,592191,6,7259,2,14400,1.00082656013
585222,585228,585814,6,586,1,7200,1.01023890785
585254,585261,592083,7,6822,2,14400,1.00102609206
585333,585339,591976,6,6637,2,14400,1.0009040229
585453,585460,592564,7,7104,2,14400,1.00098536036
585495,585502,585579,7,77,1,7200,1.09090909091
585736,585743,592376,7,6633,2,14400,1.00105532941
585840,585848,592460,8,6612,1,7200,1.00120992136
585950,585956,592621,6,6665,2,14400,1.00090022506
585995,586002,592848,7,6846,2,14400,1.00102249489
586010,586016,592760,6,6744,2,14400,1.00088967972
586209,586215,593325,6,7110,2,14400,1.00084388186
586418,586424,586428,6,4,1,7200,1.0
586465,586471,593738,6,7267,2,14400,1.0008256502
586489,586495,593616,6,7121,2,14400,1.00084257829
587018,587024,593629,6,6605,2,14400,1.00090840273
587105,587112,593800,7,6688,2,14400,1.00104665072
587576,587582,594055,6,6473,2,14400,1.00092692724
587738,587744,594381,6,6637,2,14400,1.0009040229
587831,587839,594489,8,6650,2,14400,1.00120300752
588024,588030,594570,6,6540,2,14400,1.00091743119
588162,588168,588806,6,638,1,600,1.00940438871
588178,588185,594466,7,6281,2,14400,1.00111447222
588325,588331,595292,6,6961,2,14400,1.00086194512
588326,588338,595308,12,6970,2,14400,1.00172166428
588327,588344,595403,17,7059,2,14400,1.00240827313
588329,588349,594696,20,6347,2,14400,1.00315109501
588330,588354,595434,24,7080,2,14400,1.00338983051
588331,588360,595418,29,7058,2,14400,1.00410881269
588333,588366,595504,33,7138,2,14400,1.00462314374
588334,588372,594836,38,6464,2,14400,1.00587871287
588336,588377,594504,41,6127,2,14400,1.00669169251
588337,588383,595369,46,6986,2,14400,1.00658459777
588403,588410,595309,7,6899,2,14400,1.0010146398
588404,588416,594653,12,6237,2,14400,1.00192400192
588406,588421,594789,15,6368,2,14400,1.00235552764
588407,588426,595398,19,6972,2,14400,1.00272518646
588408,588432,595129,24,6697,2,14400,1.00358369419
588410,588437,595052,27,6615,2,14400,1.00408163265
588411,588443,595413,32,6970,2,14400,1.00459110473
588412,588449,595944,37,7495,2,14400,1.00493662442
588414,588454,595422,40,6968,2,14400,1.00574052813
588415,588459,595359,44,6900,2,14400,1.00637681159
588417,588465,595325,48,6860,2,14400,1.00699708455
588418,588762,596054,344,7292,2,14400,1.04717498629
588419,589829,597211,1410,7382,2,14400,1.19100514766
588421,590370,596493,1949,6123,2,14400,1.31830801894
588422,590468,597196,2046,6728,2,14400,1.30410225922
588423,590515,597031,2092,6516,2,14400,1.32105586249
588425,591407,598300,2982,6893,2,14400,1.43261279559
588426,591740,598612,3314,6872,2,14400,1.4822467986
588428,591907,598721,3479,6814,2,14400,1.51056648077
588429,591987,598812,3558,6825,2,14400,1.52131868132
588430,592095,599082,3665,6987,2,14400,1.52454558466
588432,592202,599037,3770,6835,2,14400,1.55157278713
588433,592388,598747,3955,6359,2,14400,1.62195313729
588434,592471,599203,4037,6732,2,14400,1.59967320261
588436,592576,599216,4140,6640,2,14400,1.6234939759
588646,593845,633133,5199,39288,16,72000,1.13233048259
589352,589359,590237,7,878,1,1800,1.00797266515
589735,599632,610805,9897,11173,16,36000,1.88579611564
589747,608301,622290,18554,13989,16,36000,2.32632782901
590588,610817,646867,20229,36050,16,36000,1.56113730929
590605,622302,652094,31697,29792,16,36000,2.06394334049
594509,594515,601277,6,6762,2,14400,1.00088731145
594572,594579,600982,7,6403,2,14400,1.00109323754
594654,594660,601241,6,6581,2,14400,1.00091171554
594699,594705,601010,6,6305,2,14400,1.00095162569
594792,594800,602137,8,7337,2,14400,1.00109036391
594837,594844,601215,7,6371,2,14400,1.00109872861
595055,595061,602136,6,7075,2,14400,1.00084805654
595130,595136,601938,6,6802,2,14400,1.0008820935
595296,595303,602310,7,7007,2,14400,1.000999001
595313,595320,602632,7,7312,2,14400,1.00095733042
595314,595326,602546,12,7220,2,14400,1.00166204986
595329,595336,602686,7,7350,2,14400,1.00095238095
595362,595368,602276,6,6908,2,14400,1.00086855819
595377,595384,602392,7,7008,2,14400,1.00099885845
595398,595404,601970,6,6566,2,14400,1.00091379836
595414,595421,602242,7,6821,2,14400,1.00102624249
595415,595428,602247,13,6819,2,14400,1.00190643789
595430,595437,601771,7,6334,2,14400,1.00110514683
595432,595443,602208,11,6765,2,14400,1.00162601626
595447,595454,602816,7,7362,2,14400,1.00095082858
595507,595514,601924,7,6410,2,14400,1.00109204368
595947,595954,602743,7,6789,2,14400,1.00103107969
596056,596063,603296,7,7233,2,14400,1.00096778653
596496,596504,603449,8,6945,2,14400,1.00115190785
597033,597040,604080,7,7040,2,14400,1.00099431818
597199,597206,603456,7,6250,2,14400,1.00112
597214,597220,603872,6,6652,2,14400,1.00090198437
598303,598310,605002,7,6692,2,14400,1.0010460251
598613,598619,604876,6,6257,2,14400,1.000958926
598725,598732,605741,7,7009,2,14400,1.00099871594
598749,598755,605310,6,6555,2,14400,1.00091533181
598815,598822,605762,7,6940,2,14400,1.00100864553
599040,599046,606001,6,6955,2,14400,1.00086268871
599085,599091,605414,6,6323,2,14400,1.00094891665
599206,599213,606434,7,7221,2,14400,1.00096939482
599221,599227,606277,6,7050,2,14400,1.00085106383
600984,600990,608344,6,7354,2,14400,1.00081588251
601011,601017,607994,6,6977,2,14400,1.00085996847
601216,601222,608233,6,7011,2,14400,1.00085579803
601243,601250,608329,7,7079,2,14400,1.00098884023
601279,601286,608038,7,6752,2,14400,1.00103672986
601774,601780,608286,6,6506,2,14400,1.00092222564
601925,601932,608208,7,6276,2,14400,1.0011153601
601940,601946,609281,6,7335,2,14400,1.00081799591
601973,601980,608944,7,6964,2,14400,1.00100516944
602139,602145,609529,6,7384,2,14400,1.00081256771
602141,602152,609437,11,7285,2,14400,1.00150995196
602199,633145,633151,30946,6,16,36000,3095.2
602207,633163,633170,30956,7,16,36000,3096.3
602210,602217,608820,7,6603,2,14400,1.00106012419
602243,602249,609102,6,6853,2,14400,1.00087552897
602258,602265,609556,7,7291,2,14400,1.00096008778
602279,602287,609366,8,7079,2,14400,1.00113010312
602313,602319,609380,6,7061,2,14400,1.000849738
602394,602401,609539,7,7138,2,14400,1.00098066685
602548,602555,609303,7,6748,2,14400,1.0010373444
602632,602639,609772,7,7133,2,14400,1.00098135427
602687,602694,609688,7,6994,2,14400,1.00100085788
602744,602750,609451,6,6701,2,14400,1.00089538875
602819,602825,609315,6,6490,2,14400,1.00092449923
603301,603308,609674,7,6366,2,14400,1.00109959158
603385,603391,603641,6,250,1,3540,1.024
603454,603460,610612,6,7152,2,14400,1.00083892617
603468,603476,610377,8,6901,2,14400,1.00115925228
603762,603769,605813,7,2044,1,3540,1.00342465753
603842,603849,604031,7,182,1,3540,1.03846153846
603876,603882,611135,6,7253,2,14400,1.0008272439
603891,603897,604167,6,270,1,3540,1.02222222222
603939,603945,604437,6,492,1,3540,1.01219512195
604012,604019,604387,7,368,1,3540,1.01902173913
604060,604067,604578,7,511,1,3540,1.01369863014
604083,604089,611615,6,7526,2,14400,1.00079723625
604113,604120,604606,7,486,1,3540,1.01440329218
604162,604168,604682,6,514,1,3540,1.01167315175
604210,604216,604701,6,485,1,3540,1.01237113402
604259,604266,604781,7,515,1,3540,1.01359223301
604458,604466,604735,8,269,1,3540,1.02973977695
604721,604727,604911,6,184,1,3540,1.03260869565
