SubmitTime,StartTime,EndTime,QueuedTime,RunTime,NodesRequested,walltime,bslowdown
447,1621,13974,1174,12353,5,43200,1.09503764268
1288,1297,11630,9,10333,5,43200,1.00087099584
1450,1457,13474,7,12017,10,28800,1.00058250811
1616,1637,13383,21,11746,5,43200,1.00178784267
1627,2453,10931,826,8478,5,43200,1.09742863883
2447,2659,11099,212,8440,5,43200,1.02511848341
2653,2736,16556,83,13820,5,43200,1.00600578871
2735,3984,12388,1249,8404,5,43200,1.1486197049
3965,3974,12116,9,8142,5,43200,1.00110537951
3976,5333,17129,1357,11796,5,43200,1.11503899627
4279,4286,7509,7,3223,8,10800,1.00217188954
5011,5021,14893,10,9872,5,43200,1.00101296596
5329,5820,18197,491,12377,5,43200,1.03967035631
5596,5605,14814,9,9209,5,43200,1.00097730481
5812,6525,18321,713,11796,5,43200,1.06044421838
6519,7134,15180,615,8046,5,43200,1.0764354959
7124,9582,19358,2458,9776,5,43200,1.25143207856
8687,8693,8700,6,7,1,3600,1.3
8804,8810,8934,6,124,1,3600,1.04838709677
8856,8864,18717,8,9853,5,43200,1.00081193545
9056,9062,9360,6,298,1,3600,1.02013422819
9573,10942,23731,1369,12789,5,43200,1.1070451169
9580,9589,10213,9,624,1,3600,1.01442307692
10722,10728,10735,6,7,1,3600,1.3
10840,10847,10939,7,92,1,3600,1.07608695652
10935,11111,18837,176,7726,5,43200,1.02278022262
11060,11066,11349,6,283,1,3600,1.02120141343
11110,11641,22272,531,10631,5,43200,1.04994826451
11624,11630,12193,6,563,1,3600,1.01065719361
11632,12127,21587,495,9460,5,43200,1.0523255814
11718,11725,310165,7,298440,6,604800,1.0000234553
12125,12399,25123,274,12724,5,43200,1.02153410877
12370,12376,12384,6,8,1,1800,1.4
12392,13985,27018,1593,13033,5,43200,1.12222818998
12554,12561,12637,7,76,1,1800,1.09210526316
12879,12885,12976,6,91,1,1800,1.06593406593
13386,13395,27328,9,13933,5,43200,1.00064594847
13493,13500,13878,7,378,1,1800,1.01851851852
13981,14825,27278,844,12453,5,43200,1.06777483337
14524,14530,14536,6,6,1,1800,1.2
14711,14718,14756,7,38,1,1800,1.18421052632
14820,14904,23468,84,8564,5,43200,1.0098085007
14902,15192,23181,290,7989,5,43200,1.03629991238
15001,15008,15079,7,71,1,1800,1.0985915493
15190,16567,27674,1377,11107,5,43200,1.12397587107
15729,15735,15981,6,246,1,1800,1.0243902439
16563,17141,29594,578,12453,5,43200,1.04641451859
17136,18208,26889,1072,8681,5,43200,1.12348807741
18016,38702,67511,20686,28809,4,28800,1.71803950154
18016,18022,38696,6,20674,4,28800,1.0002902196
18017,67518,96342,49501,28824,4,28800,2.71735359423
18018,96348,125180,78330,28832,4,28800,3.71677302997
18019,125186,126868,107167,1682,4,28800,64.7140309156
18202,18332,26696,130,8364,5,43200,1.01554280249
18325,18728,26998,403,8270,5,43200,1.04873035067
18725,18848,26798,123,7950,5,43200,1.01547169811
18838,19369,28949,531,9580,5,43200,1.05542797495
19361,21598,32648,2237,11050,5,43200,1.20244343891
20296,20303,20347,7,44,1,1800,1.15909090909
20595,20601,20674,6,73,1,1800,1.08219178082
21313,21320,21559,7,239,1,1800,1.02928870293
21593,22283,34405,690,12122,5,43200,1.05692130012
22281,23193,32174,912,8981,5,43200,1.10154771184
23183,23479,37295,296,13816,5,43200,1.02142443544
23470,23742,36838,272,13096,5,43200,1.02076970067
23737,25134,36695,1397,11561,5,43200,1.12083729781
25130,26707,36338,1577,9631,5,43200,1.16374208286
26699,26809,35439,110,8630,5,43200,1.01274623407
26802,26900,36830,98,9930,5,43200,1.00986908359
26895,27009,35365,114,8356,5,43200,1.01364289134
27008,27290,35087,282,7797,5,43200,1.03616775683
27019,27029,41242,10,14213,5,43200,1.00070358123
27286,27339,39572,53,12233,5,43200,1.00433254312
27338,27685,36156,347,8471,5,43200,1.04096328651
27676,28960,37223,1284,8263,5,43200,1.1553915043
28956,29607,38476,651,8869,5,43200,1.07340173639
29602,32185,44005,2583,11820,5,43200,1.21852791878
31663,31670,31687,7,17,1,36000,1.41176470588
31812,31819,31834,7,15,1,36000,1.46666666667
31917,31923,31940,6,17,1,36000,1.35294117647
32060,32066,32082,6,16,1,36000,1.375
32182,32659,44005,477,11346,5,43200,1.04204124802
32189,32196,32211,7,15,1,36000,1.46666666667
32324,32330,38193,6,5863,1,36000,1.00102336688
32654,34417,44005,1763,9588,5,43200,1.18387567793
34415,35098,44005,683,8907,5,43200,1.07668126193
34433,34440,69888,7,35448,1,86400,1.00019747235
35092,35377,44005,285,8628,5,43200,1.03303198887
35369,35450,44005,81,8555,5,43200,1.00946814728
35441,36167,44005,726,7838,5,43200,1.09262566981
36158,36349,44005,191,7656,5,43200,1.0249477534
36343,36706,44005,363,7299,5,43200,1.04973284012
36652,36658,45919,6,9261,4,180600,1.0006478782
36702,36841,44005,139,7164,5,43200,1.0194025684
36835,36849,44005,14,7156,5,43200,1.00195640022
36846,37235,44005,389,6770,5,43200,1.05745937962
37225,37306,44005,81,6699,5,43200,1.01209135692
37297,38487,44005,1190,5518,5,43200,1.21565784705
38111,38118,38486,7,368,1,36000,1.01902173913
38485,39584,44005,1099,4421,5,43200,1.24858629269
38532,38538,63412,6,24874,1,36000,1.00024121573
39579,41253,44005,1674,2752,5,43200,1.60828488372
44011,44017,55410,6,11393,5,43200,1.00052663916
44022,44028,56257,6,12229,5,43200,1.00049063701
44022,44033,55621,11,11588,5,43200,1.00094925785
44033,44040,55430,7,11390,5,43200,1.00061457419
44034,44045,56495,11,12450,5,43200,1.00088353414
44044,44052,52266,8,8214,5,43200,1.00097394692
44045,44057,53992,12,9935,5,43200,1.00120785103
44181,44187,56176,6,11989,5,43200,1.00050045875
44182,44193,58372,11,14179,5,43200,1.00077579519
44192,44200,55526,8,11326,5,43200,1.0007063394
44193,44206,55946,13,11740,5,43200,1.00110732538
44204,44217,56492,13,12275,5,43200,1.00105906314
44204,44212,53379,8,9167,5,43200,1.00087269554
44215,44229,54370,14,10141,5,43200,1.00138053446
44215,44224,55993,9,11769,5,43200,1.00076472088
44226,44236,56274,10,12038,5,43200,1.00083070277
44227,52277,61509,8050,9232,5,43200,1.87196707106
44621,44627,297804,6,253177,10,259200,1.00002369884
47191,47198,47205,7,7,1,86400,1.4
47332,47338,47339,6,1,1,86400,1.0
47404,47410,94327,6,46917,1,86400,1.00012788541
50725,50731,52022,6,1291,16,3600,1.00464756003
50975,50980,52010,5,1030,8,3600,1.00485436893
52136,52143,89633,7,37490,1,86400,1.00018671646
52267,53390,62746,1123,9356,5,43200,1.12002992732
52879,52885,57596,6,4711,16,7200,1.00127361494
53381,54003,66682,622,12679,5,43200,1.04905749665
53472,53479,53631,7,152,4,7200,1.04605263158
53995,54382,63823,387,9441,5,43200,1.0409914204
54308,54314,71967,6,17653,1,36000,1.00033988557
54347,54354,54552,7,198,8,3600,1.03535353535
54374,55422,63966,1048,8544,5,43200,1.12265917603
54454,54460,54803,6,343,4,3600,1.01749271137
54817,54823,76474,6,21651,8,21600,1.00027712346
55338,55345,56541,7,1196,32,10800,1.00585284281
55418,55441,63912,23,8471,5,43200,1.00271514579
55436,55537,67766,101,12229,5,43200,1.00825905634
55529,55957,65757,428,9800,5,43200,1.04367346939
55622,55632,64268,10,8636,5,43200,1.00115794349
55950,56005,68739,55,12734,5,43200,1.00431914559
56001,56188,64774,187,8586,5,43200,1.02177964128
56186,56269,68266,83,11997,5,43200,1.00691839627
56258,56285,66193,27,9908,5,43200,1.00272507065
56279,56503,64198,224,7695,5,43200,1.02910981157
56495,56509,65621,14,9112,5,43200,1.00153643547
56505,58383,69135,1878,10752,5,43200,1.17466517857
57492,57498,58704,6,1206,32,10800,1.00497512438
58378,61520,76020,3142,14500,5,43200,1.21668965517
61518,62757,74262,1239,11505,5,43200,1.10769230769
62523,62529,64261,6,1732,2,10800,1.00346420323
62756,63834,74040,1078,10206,5,43200,1.10562414266
62910,62917,63400,7,483,1,10800,1.01449275362
63123,63130,63614,7,484,1,10800,1.01446280992
63830,63923,75413,93,11490,5,43200,1.00809399478
63913,63978,75459,65,11481,5,43200,1.00566152774
63975,64209,76914,234,12705,5,43200,1.01841794569
64200,64279,77152,79,12873,5,43200,1.00613687563
64272,64785,74999,513,10214,5,43200,1.05022518112
64784,65632,78139,848,12507,5,43200,1.06780203086
65623,65769,76830,146,11061,5,43200,1.01319952988
65767,66204,74892,437,8688,5,43200,1.05029926335
66197,66693,74741,496,8048,5,43200,1.06163021869
66688,67777,77444,1089,9667,5,43200,1.11265128789
67772,68278,78283,506,10005,5,43200,1.05057471264
68274,68751,76895,477,8144,5,43200,1.05857072692
68745,69146,78969,401,9823,5,43200,1.0408225593
69144,74051,78970,4907,4919,5,43200,1.99756047977
70674,70681,122432,7,51751,1,86400,1.00013526309
70814,70821,79829,7,9008,1,86400,1.00077708703
71515,71522,90427,7,18905,1,86400,1.00037027241
71607,71614,71622,7,8,1,86400,1.5
71641,71647,95224,6,23577,1,86400,1.0002544853
72917,72923,72925,6,2,2,3540,1.0
73920,73928,77999,8,4071,2,10800,1.00196511914
74050,74751,78970,701,4219,5,43200,1.16615311685
74266,74273,78970,7,4697,5,43200,1.00149031297
74591,74598,106718,7,32120,1,86400,1.00021793275
74607,74614,82554,7,7940,1,86400,1.00088161209
74747,74904,78970,157,4066,5,43200,1.03861288736
74901,75010,78970,109,3960,5,43200,1.02752525253
75004,75470,78970,466,3500,5,43200,1.13314285714
75413,75424,78970,11,3546,5,43200,1.00310208686
75465,76031,78970,566,2939,5,43200,1.19258251106
76028,76841,78970,813,2129,5,43200,1.38186942226
76837,76906,78970,69,2064,5,43200,1.03343023256
76898,76925,78970,27,2045,5,43200,1.01320293399
76919,77163,78970,244,1807,5,43200,1.13503043719
77155,77455,78970,300,1515,5,43200,1.19801980198
77453,78150,78970,697,820,5,43200,1.85
78148,78294,78970,146,676,5,43200,1.21597633136
78162,78168,137343,6,59175,12,86400,1.00010139417
79165,79171,86716,6,7545,5,43200,1.00079522863
79177,79183,86214,6,7031,5,43200,1.00085336368
79178,79189,86366,11,7177,5,43200,1.00153267382
79189,79195,87740,6,8545,5,43200,1.00070216501
79190,79202,85924,12,6722,5,43200,1.00178518298
79191,79208,84921,17,5713,5,43200,1.00297566953
79203,79214,87319,11,8105,5,43200,1.00135718692
79204,79220,83839,16,4619,5,43200,1.00346395324
79216,79226,84841,10,5615,5,43200,1.0017809439
79217,79231,87183,14,7952,5,43200,1.00176056338
79229,79238,84260,9,5022,5,43200,1.0017921147
79230,79244,83965,14,4721,5,43200,1.00296547342
79242,79250,87571,8,8321,5,43200,1.00096142291
79243,79256,84583,13,5327,5,43200,1.00244039797
79255,79262,86097,7,6835,5,43200,1.00102414045
79256,79267,84918,11,5651,5,43200,1.00194655813
79268,83851,88275,4583,4424,5,43200,2.0359403255
83802,83808,83810,6,2,2,3540,1.0
83847,83976,89040,129,5064,5,43200,1.02547393365
83970,84271,89977,301,5706,5,43200,1.05275148966
84267,84595,93231,328,8636,5,43200,1.03798054655
84585,84852,91929,267,7077,5,43200,1.03772785078
84851,84929,91000,78,6071,5,43200,1.01284796574
84923,84936,91789,13,6853,5,43200,1.00189697943
84934,85935,92526,1001,6591,5,43200,1.15187376726
85926,86109,94399,183,8290,5,43200,1.0220747889
86101,86225,94351,124,8126,5,43200,1.01525966035
86224,86727,91245,503,4518,5,43200,1.11133244799
86368,86377,93344,9,6967,5,43200,1.00129180422
86464,86470,86482,6,12,5,604800,1.5
86485,86491,154260,6,67769,5,604800,1.00008853606
86537,86543,127472,6,40929,5,604800,1.00014659532
86708,86715,86866,7,151,1,10800,1.04635761589
86726,87194,93968,468,6774,5,43200,1.06908768822
87187,87582,92630,395,5048,5,43200,1.07824881141
87320,87330,91843,10,4513,5,43200,1.00221582096
87577,87751,93516,174,5765,5,43200,1.03018213356
87741,88287,94077,546,5790,5,43200,1.09430051813
88283,89052,93620,769,4568,5,43200,1.16834500876
89051,89988,96275,937,6287,5,43200,1.14903769683
89982,91011,95596,1029,4585,5,43200,1.22442748092
91005,91256,100140,251,8884,5,43200,1.02825303917
91251,91800,97745,549,5945,5,43200,1.09234650967
91793,91854,100826,61,8972,5,43200,1.00679893
91845,91940,96567,95,4627,5,43200,1.02053166198
91938,92537,97319,599,4782,5,43200,1.12526139691
92531,92641,100855,110,8214,5,43200,1.01339177015
92634,93242,97825,608,4583,5,43200,1.13266419376
93238,93356,97896,118,4540,5,43200,1.02599118943
93351,93527,102110,176,8583,5,43200,1.0205056507
93525,93632,99864,107,6232,5,43200,1.01716944801
93628,93979,100789,351,6810,5,43200,1.05154185022
93976,94088,99513,112,5425,5,43200,1.02064516129
94079,94362,101001,283,6639,5,43200,1.04262690164
94356,94410,98965,54,4555,5,43200,1.01185510428
94406,95607,107888,1201,12281,5,43200,1.0977933393
95088,95094,95101,6,7,1,3600,1.3
95205,95211,95462,6,251,1,3600,1.02390438247
95585,95591,96223,6,632,1,3600,1.00949367089
95604,96286,108313,682,12027,5,43200,1.05670574541
96279,96579,108064,300,11485,5,43200,1.02612102743
96450,96456,97126,6,670,1,3600,1.00895522388
96576,97330,110053,754,12723,5,43200,1.0592627525
97198,97204,97702,6,498,1,7200,1.01204819277
97324,97756,109274,432,11518,5,43200,1.03750651155
97642,97649,97655,7,6,1,3600,1.3
97753,97837,107653,84,9816,5,43200,1.00855745721
97761,97767,97894,6,127,1,3600,1.04724409449
97835,97907,109574,72,11667,5,43200,1.00617125225
97897,98977,107111,1080,8134,5,43200,1.13277600197
98017,98023,98309,6,286,1,3600,1.02097902098
98601,98608,99677,7,1069,1,3600,1.00654817587
98787,98794,98802,7,8,1,1800,1.5
98974,99525,108801,551,9276,5,43200,1.05940060371
98995,99002,99083,7,81,1,1800,1.08641975309
99195,99201,99329,6,128,1,3600,1.046875
99453,99460,99894,7,434,1,3600,1.01612903226
99476,99483,99582,7,99,1,1800,1.07070707071
99516,99876,112641,360,12765,5,43200,1.02820211516
99875,100151,109095,276,8944,5,43200,1.03085867621
100141,100800,109583,659,8783,5,43200,1.07503131049
100175,100181,100827,6,646,1,3600,1.0092879257
100326,100332,100710,6,378,1,1800,1.01587301587
100796,100837,113037,41,12200,5,43200,1.00336065574
100827,100866,110536,39,9670,5,43200,1.00403309204
100859,102121,113279,1262,11158,5,43200,1.11310270658
101003,101013,111306,10,10293,5,43200,1.00097153405
101428,101434,101441,6,7,1,1800,1.3
101609,101615,101656,6,41,1,1800,1.14634146341
101887,101893,101965,6,72,1,1800,1.08333333333
102117,107122,115207,5005,8085,5,43200,1.61904761905
102587,102593,102837,6,244,1,1800,1.02459016393
106784,106790,106834,6,44,1,1800,1.13636363636
107117,107664,117228,547,9564,5,43200,1.05719364283
107135,107141,107214,6,73,1,1800,1.08219178082
107659,107899,118477,240,10578,5,43200,1.02268859898
107894,108075,122310,181,14235,5,43200,1.01271513874
107961,107967,108207,6,240,1,1800,1.025
108069,108324,120869,255,12545,5,43200,1.02032682344
108315,108812,118673,497,9861,5,43200,1.05040056789
108806,109106,119470,300,10364,5,43200,1.02894635276
109103,109285,121462,182,12177,5,43200,1.01494621007
109277,109594,122998,317,13404,5,43200,1.02364965682
109574,109585,122489,11,12904,5,43200,1.00085244885
109585,110064,118042,479,7978,5,43200,1.0600401103
110056,110547,123008,491,12461,5,43200,1.03940293716
110537,111318,122788,781,11470,5,43200,1.06809067132
111315,112652,121498,1337,8846,5,43200,1.15114175899
112560,112567,179771,7,67204,1,86400,1.00010416047
112644,113049,121071,405,8022,5,43200,1.05048616305
112730,112737,119695,7,6958,1,86400,1.00100603622
112922,112929,112936,7,7,1,86400,1.4
113001,113007,124740,6,11733,1,86400,1.00051137816
113044,113290,122927,246,9637,5,43200,1.02552661617
113289,115219,125203,1930,9984,5,43200,1.19330929487
114449,114455,122219,6,7764,1,86400,1.00077279753
115061,115067,128173,6,13106,1,86400,1.00045780559
115212,117240,125465,2028,8225,5,43200,1.24656534954
115224,115232,129878,8,14646,1,86400,1.00054622423
115381,115389,126450,8,11061,1,86400,1.00072326191
117237,118054,127627,817,9573,5,43200,1.08534419722
118045,118488,126750,443,8262,5,43200,1.05361897846
118486,118684,131055,198,12371,5,43200,1.01600517339
118681,119481,129858,800,10377,5,43200,1.07709357232
119177,119183,124058,6,4875,1,36000,1.00123076923
119194,119204,121883,10,2679,1,36000,1.0037327361
119480,121082,132888,1602,11806,5,43200,1.13569371506
119484,119491,124291,7,4800,1,86400,1.00145833333
119719,119725,206129,6,86404,1,86400,1.00006944123
120871,120880,129298,9,8418,5,43200,1.00106913756
121076,121509,130000,433,8491,5,43200,1.05099517136
121466,121473,134247,7,12774,5,43200,1.0005479881
121507,122321,130633,814,8312,5,43200,1.0979307026
122185,122193,126508,8,4315,1,86400,1.00185399768
122196,122204,124175,8,1971,1,14400,1.00405885337
122289,122295,123643,6,1348,1,14400,1.00445103858
122306,122313,123051,7,738,1,14400,1.00948509485
122315,122500,130705,185,8205,5,43200,1.0225472273
122490,122800,135276,310,12476,5,43200,1.0248477076
122797,122939,132463,142,9524,5,43200,1.01490970181
122931,123009,135129,78,12120,5,43200,1.00643564356
123003,123019,133029,16,10010,5,43200,1.0015984016
123013,125214,136873,2201,11659,5,43200,1.18878119907
123212,123219,130606,7,7387,1,86400,1.00094761067
123257,123263,130941,6,7678,1,86400,1.0007814535
123301,123307,209722,6,86415,1,86400,1.00006943239
123339,123345,209770,6,86425,1,86400,1.00006942436
124854,124860,129868,6,5008,1,86400,1.00119808307
125205,125476,133621,271,8145,5,43200,1.03327194598
125221,125228,175926,7,50698,1,86400,1.00013807251
125470,126761,139687,1291,12926,5,43200,1.09987621847
126424,126441,126476,17,35,1,3600,1.48571428571
126424,126430,127210,6,780,1,3600,1.00769230769
126424,126453,126469,29,16,1,3600,2.8125
126424,126435,126743,11,308,1,3600,1.03571428571
126425,126469,126501,44,32,1,3600,2.375
126425,126463,127059,38,596,1,3600,1.06375838926
126425,126458,130091,33,3633,1,3600,1.00908340215
126426,126474,126491,48,17,1,3600,3.82352941176
126429,126447,328612,18,202165,1,604800,1.00008903618
126468,126481,353608,13,227127,1,604800,1.0000572367
126556,126562,132811,6,6249,1,14400,1.00096015362
126556,126573,134224,17,7651,1,14400,1.00222193177
126556,126567,135943,11,9376,1,14400,1.00117320819
126557,126584,135122,27,8538,1,14400,1.0031623331
126557,126589,136984,32,10395,1,14400,1.00307840308
126557,126595,135880,38,9285,1,14400,1.00409262251
126557,126579,132403,22,5824,1,14400,1.00377747253
126558,126600,137664,42,11064,1,14400,1.00379609544
126575,126612,128257,37,1645,1,14400,1.02249240122
126575,126607,141015,32,14408,1,14400,1.00222098834
126576,126623,141067,47,14444,1,14400,1.00325394628
126576,126617,141046,41,14429,1,14400,1.00284149976
126576,126628,135950,52,9322,1,14400,1.0055782021
126577,126633,141083,56,14450,1,14400,1.00387543253
126577,126644,141087,67,14443,1,14400,1.00463892543
126577,126639,141065,62,14426,1,14400,1.00429779565
126577,126650,141099,73,14449,1,14400,1.00505225275
126578,126666,141094,88,14428,1,14400,1.00609925146
126578,126660,141110,82,14450,1,14400,1.00567474048
126578,126655,141065,77,14410,1,14400,1.00534351145
126759,127638,139448,879,11810,5,43200,1.07442845047
126934,126940,126951,6,11,4,259200,1.54545454545
126996,127002,131077,6,4075,4,518400,1.00147239264
127273,127280,161570,7,34290,1,86400,1.00020414115
127416,127424,213855,8,86431,1,86400,1.00009255938
127637,129309,140802,1672,11493,5,43200,1.1454798573
127880,127887,129408,7,1521,5,28800,1.00460223537
129303,129869,143866,566,13997,5,43200,1.04043723655
129866,130011,141227,145,11216,5,43200,1.01292796006
129948,129954,346693,6,216739,30,604800,1.00002768307
130010,130644,140314,634,9670,5,43200,1.06556359876
130634,130716,143417,82,12701,5,43200,1.00645618455
130706,131066,139413,360,8347,5,43200,1.043129268
130740,130747,130905,7,158,5,28800,1.04430379747
130839,130846,130854,7,8,1,86400,1.5
131065,132474,142126,1409,9652,5,43200,1.14598010775
131075,131081,140236,6,9155,8,14400,1.00065537957
131323,131330,138553,7,7223,8,7200,1.0009691264
131356,131362,138601,6,7239,8,7200,1.00082884376
132467,132900,145469,433,12569,5,43200,1.0344498369
132752,132758,153538,6,20780,1,86400,1.00028873917
132828,132834,136926,6,4092,1,86400,1.00146627566
132897,133041,141300,144,8259,5,43200,1.01743552488
133030,133633,142020,603,8387,5,43200,1.07189698343
133099,133105,137247,6,4142,4,28800,1.00144857557
133099,137254,141353,4155,4099,4,28800,2.01366186875
133100,141359,145478,8259,4119,4,28800,3.00509832484
133101,145486,149614,12385,4128,4,28800,4.00024224806
133101,149620,153780,16519,4160,4,28800,4.97091346154
133102,153786,157880,20684,4094,4,28800,6.052271617
133103,157886,161982,24783,4096,4,28800,7.05053710938
133104,161989,166099,28885,4110,4,28800,8.02798053528
133104,166106,170225,33002,4119,4,28800,9.01213886866
133105,170232,174351,37127,4119,4,28800,10.0135955329
133624,134258,148715,634,14457,5,43200,1.04385418828
134249,135141,143984,892,8843,5,43200,1.10087074522
135139,135288,146926,149,11638,5,43200,1.01280288709
135283,136884,146273,1601,9389,5,43200,1.17051869209
135574,135581,135647,7,66,1,72000,1.10606060606
135673,135679,135855,6,176,1,72000,1.03409090909
135873,135879,169313,6,33434,1,72000,1.00017945804
135971,135977,157477,6,21500,4,180600,1.00027906977
136879,139424,147254,2545,7830,5,43200,1.32503192848
138279,138285,138292,6,7,4,216000,1.3
138363,138370,138376,7,6,4,216000,1.3
138400,138406,138413,6,7,4,216000,1.3
138439,138445,138452,6,7,4,216000,1.3
138901,138908,143045,7,4137,1,86400,1.00169204738
139097,139103,139114,6,11,4,216000,1.54545454545
139116,139123,139200,7,77,1,300,1.09090909091
139121,139129,139137,8,8,4,216000,1.6
139131,139138,139231,7,93,4,216000,1.0752688172
139131,139143,171116,12,31973,1,36000,1.00037531667
139416,139460,149016,44,9556,5,43200,1.004604437
139448,139454,139463,6,9,4,216000,1.5
139457,139698,149806,241,10108,5,43200,1.02384250099
139664,139670,149764,6,10094,4,216000,1.00059441252
139693,140325,154591,632,14266,5,43200,1.04430113557
139996,140002,140012,6,10,4,216000,1.6
140054,140060,161910,6,21850,4,216000,1.00027459954
140079,140085,162359,6,22274,4,216000,1.00026937236
140317,140813,152166,496,11353,5,43200,1.0436888928
140600,140606,141273,6,667,1,14400,1.00899550225
140809,141312,151624,503,10312,5,43200,1.04877812258
141142,141148,143638,6,2490,1,86400,1.00240963855
141229,141238,152883,9,11645,5,43200,1.00077286389
141301,142031,153504,730,11473,5,43200,1.06362764752
141342,141348,141353,6,5,1,300,1.1
141622,141629,141631,7,2,1,300,1.0
141674,141680,263936,6,122256,12,604800,1.00004907735
141759,141766,141769,7,3,1,300,1.0
141788,141794,141796,6,2,1,1800,1.0
141861,141867,141935,6,68,1,300,1.08823529412
142027,142142,154763,115,12621,5,43200,1.0091117978
142078,142084,142086,6,2,1,300,1.0
142129,142136,142199,7,63,1,300,1.11111111111
142130,143877,156589,1747,12712,5,43200,1.13742920076
142880,142886,142936,6,50,1,300,1.12
142917,142923,142963,6,40,1,300,1.15
143419,143428,151762,9,8334,5,43200,1.00107991361
143736,143742,143778,6,36,1,300,1.16666666667
143870,143995,155840,125,11845,5,43200,1.01055297594
143993,145480,157025,1487,11545,5,43200,1.12880034647
144907,144919,145103,12,184,1,3600,1.0652173913
144907,144913,144979,6,66,1,3600,1.09090909091
144908,144924,144993,16,69,1,3600,1.23188405797
144908,144936,144993,28,57,1,3600,1.49122807018
144908,144930,145081,22,151,1,3600,1.14569536424
144909,144957,145035,48,78,1,3600,1.61538461538
144909,144941,145059,32,118,1,3600,1.27118644068
144909,144951,145066,42,115,1,3600,1.3652173913
144909,144946,145019,37,73,1,3600,1.50684931507
144910,144967,145047,57,80,1,3600,1.7125
144910,144962,145128,52,166,1,3600,1.31325301205
144910,144973,145118,63,145,1,3600,1.43448275862
144911,144983,145116,72,133,1,3600,1.54135338346
144911,144989,145058,78,69,1,3600,2.13043478261
144911,144978,145037,67,59,1,3600,2.13559322034
144911,144994,145118,83,124,1,3600,1.66935483871
145476,146284,154708,808,8424,5,43200,1.09591642925
146011,146018,146019,7,1,1,1800,1.0
146274,148727,156928,2453,8201,5,43200,1.29910986465
146684,146692,146693,8,1,1,1800,1.0
146899,146905,146907,6,2,1,1800,1.0
146929,146937,156324,8,9387,5,43200,1.00085224246
147243,147249,147250,6,1,1,36000,1.0
147257,147265,157607,8,10342,5,43200,1.00077354477
147475,147483,147753,8,270,16,1800,1.02962962963
147476,147488,147740,12,252,16,1800,1.04761904762
147478,147494,147733,16,239,16,1800,1.06694560669
147653,147660,149298,7,1638,1,36000,1.00427350427
147686,147744,147752,58,8,1,1800,6.6
147697,147750,147753,53,3,1,1800,5.6
147717,147755,147760,38,5,1,1800,4.3
147897,147903,147905,6,2,1,1800,1.0
148724,149027,157165,303,8138,5,43200,1.03723273532
149021,149817,159434,796,9617,5,43200,1.08277009462
149809,151636,159984,1827,8348,5,43200,1.21885481552
149944,149951,149953,7,2,1,1800,1.0
150876,150882,150883,6,1,1,1800,1.0
150986,150993,154469,7,3476,1,86400,1.00201380898
151053,151060,151061,7,1,1,1800,1.0
151525,151531,151690,6,159,4,600,1.03773584906
151630,151773,163990,143,12217,5,43200,1.01170500123
151763,152177,162378,414,10201,5,43200,1.04058425645
151791,151797,152432,6,635,4,600,1.0094488189
152173,152894,164404,721,11510,5,43200,1.06264118158
152474,152481,152789,7,308,4,600,1.02272727273
152889,153516,162211,627,8695,5,43200,1.07211040828
153513,154602,162992,1089,8390,5,43200,1.12979737783
154350,154357,161530,7,7173,8,14400,1.00097588178
154373,154380,240786,7,86406,1,86400,1.00008101289
154502,154508,156459,6,1951,8,14400,1.00307534598
154598,154719,167677,121,12958,5,43200,1.00933786078
154711,154775,163316,64,8541,5,43200,1.00749326777
154773,155851,163784,1078,7933,5,43200,1.13588806252
155242,155249,156054,7,805,1,3600,1.00869565217
155847,156335,167870,488,11535,5,43200,1.04230602514
156328,156600,166476,272,9876,5,43200,1.02754151478
156594,156939,169022,345,12083,5,43200,1.02855251179
156932,157036,166132,104,9096,5,43200,1.01143359719
157035,157176,168650,141,11474,5,43200,1.01228865261
157168,157618,165502,450,7884,5,43200,1.05707762557
157607,159445,172684,1838,13239,5,43200,1.13883223808
158318,158326,226013,8,67687,5,604800,1.00011819109
158342,158348,199068,6,40720,5,604800,1.00014734774
159386,159392,159396,6,4,2,3540,1.0
159438,159995,172107,557,12112,5,43200,1.04598745046
159991,162223,173582,2232,11359,5,43200,1.19649617044
162220,162389,174617,169,12228,5,43200,1.01382073929
162384,163003,174614,619,11611,5,43200,1.05331151494
162998,163328,172658,330,9330,5,43200,1.03536977492
163326,163795,176241,469,12446,5,43200,1.03768278965
163689,163695,171066,6,7371,8,14400,1.00081400081
163786,164001,172342,215,8341,5,43200,1.02577628582
163991,164416,174390,425,9974,5,43200,1.04261078805
164411,165513,176994,1102,11481,5,43200,1.09598467032
164723,164730,165873,7,1143,1,3600,1.00612423447
164891,164897,164927,6,30,1,300,1.2
164946,164952,164981,6,29,1,300,1.20689655172
164988,164994,165023,6,29,1,300,1.20689655172
165068,165074,165106,6,32,1,300,1.1875
165107,165113,165149,6,36,1,300,1.16666666667
165155,165161,165194,6,33,1,300,1.18181818182
165208,165214,165249,6,35,1,300,1.17142857143
165505,166143,174719,638,8576,5,43200,1.07439365672
166139,166487,174814,348,8327,5,43200,1.04179176174
166477,167688,180556,1211,12868,5,43200,1.09410941871
167683,167881,177236,198,9355,5,43200,1.02116515232
167878,168661,179795,783,11134,5,43200,1.07032513023
168656,169033,179202,377,10169,5,43200,1.03707345855
169024,172118,179911,3094,7793,5,43200,1.39702296933
170160,170167,170169,7,2,2,3540,1.0
172111,172353,182173,242,9820,5,43200,1.02464358452
172347,172670,182187,323,9517,5,43200,1.03393926658
172664,172696,186235,32,13539,5,43200,1.00236354236
172685,173593,184884,908,11291,5,43200,1.08041803206
173585,174401,185421,816,11020,5,43200,1.07404718693
174393,174632,188399,239,13767,5,43200,1.01736035447
174618,174625,186528,7,11903,5,43200,1.00058808704
174629,174730,188430,101,13700,5,43200,1.00737226277
174721,174826,187698,105,12872,5,43200,1.00815724052
174824,176253,184295,1429,8042,5,43200,1.17769211639
176245,177006,188714,761,11708,5,43200,1.06499829177
177001,179213,190865,2212,11652,5,43200,1.18983865431
177237,177247,186102,10,8855,5,43200,1.00112930548
179210,179806,188209,596,8403,5,43200,1.07092704986
179803,179922,189244,119,9322,5,43200,1.01276550097
179916,180566,189896,650,9330,5,43200,1.06966773848
180560,182184,190424,1624,8240,5,43200,1.19708737864
181628,181634,181644,6,10,1,3600,1.6
181748,181754,181885,6,131,1,3600,1.04580152672
182008,182014,182311,6,297,1,3600,1.0202020202
182175,182198,192256,23,10058,5,43200,1.00228673693
182196,184306,192880,2110,8574,5,43200,1.24609283882
182536,182542,183169,6,627,1,3600,1.00956937799
183684,183690,183696,6,6,1,3600,1.2
183802,183808,183901,6,93,1,3600,1.06451612903
184024,184030,184311,6,281,1,3600,1.02135231317
184300,185432,197773,1132,12341,5,43200,1.09172676444
184599,184606,185190,7,584,1,3600,1.01198630137
184884,184895,195009,11,10114,5,43200,1.00108760134
185164,185171,185179,7,8,1,1800,1.5
185363,185369,185449,6,80,1,1800,1.075
185427,186113,197573,686,11460,5,43200,1.05986038394
185647,185653,185807,6,154,1,3600,1.03896103896
185711,185717,185813,6,96,1,1800,1.0625
185927,185933,186247,6,314,1,3600,1.01910828025
186112,186247,194675,135,8428,5,43200,1.01601803512
186245,186539,195014,294,8475,5,43200,1.03469026549
186454,186461,186840,7,379,1,1800,1.01846965699
186515,186521,187101,6,580,1,3600,1.01034482759
186532,187709,200310,1177,12601,5,43200,1.09340528529
187515,187521,187527,6,6,1,1800,1.2
187707,188220,196589,513,8369,5,43200,1.06129764607
187709,187716,187754,7,38,1,1800,1.18421052632
188011,188017,188089,6,72,1,1800,1.08333333333
188218,188411,196477,193,8066,5,43200,1.02392759732
188403,188441,200403,38,11962,5,43200,1.0031767263
188434,188725,198435,291,9710,5,43200,1.02996910402
188720,189255,201823,535,12568,5,43200,1.04256842775
188770,188776,189027,6,251,1,1800,1.02390438247
189253,190435,200497,1182,10062,5,43200,1.11747167561
189897,189907,201292,10,11385,5,43200,1.0008783487
190429,190877,199207,448,8330,5,43200,1.05378151261
190867,192267,203722,1400,11455,5,43200,1.12221737233
192257,192891,202766,634,9875,5,43200,1.06420253165
192890,194686,203750,1796,9064,5,43200,1.19814651368
193188,193194,193236,6,42,1,1800,1.14285714286
193510,193516,193591,6,75,1,1800,1.08
194290,194296,194536,6,240,1,1800,1.025
194677,195020,204382,343,9362,5,43200,1.03663747063
195015,195027,204599,12,9572,5,43200,1.0012536565
195026,196503,205373,1477,8870,5,43200,1.16651634724
196248,196264,196345,16,81,1,3600,1.1975308642
196248,196254,196334,6,80,1,3600,1.075
196248,196259,196437,11,178,1,3600,1.06179775281
196248,196270,196431,22,161,1,3600,1.13664596273
196249,196286,196369,37,83,1,3600,1.44578313253
196249,196276,196343,27,67,1,3600,1.40298507463
196249,196281,196416,32,135,1,3600,1.23703703704
196249,196292,196426,43,134,1,3600,1.32089552239
196250,196297,196301,47,4,1,3600,5.1
196250,196303,196309,53,6,1,3600,5.9
196250,196312,196318,62,6,1,3600,6.8
196251,196317,196325,66,8,1,3600,7.4
196251,196323,196326,72,3,1,3600,7.5
196251,196328,196333,77,5,1,3600,8.2
196251,196334,196339,83,5,1,3600,8.8
196252,196339,196344,87,5,1,3600,9.2
196255,196360,196702,105,342,1,14400,1.30701754386
196255,196355,196654,100,299,1,14400,1.33444816054
196255,196350,196786,95,436,1,14400,1.21788990826
196255,196344,196784,89,440,1,14400,1.20227272727
196256,196377,196383,121,6,1,14400,12.7
196256,196371,196380,115,9,1,14400,12.4
196256,196366,196374,110,8,1,14400,11.8
196257,196382,196388,125,6,1,14400,13.1
196261,196398,196436,137,38,1,3600,4.60526315789
196261,196393,196728,132,335,1,3600,1.39402985075
196261,196387,200031,126,3644,1,3600,1.03457738749
196261,196403,196419,142,16,1,3600,9.875
196262,196425,196428,163,3,1,3600,16.6
196262,196409,196413,147,4,1,3600,15.1
196262,196420,196423,158,3,1,3600,16.1
196262,196414,196424,152,10,1,3600,16.2
196266,196448,203757,182,7309,1,14400,1.02490080722
196266,196438,203757,172,7319,1,14400,1.02350047821
196266,196443,198239,177,1796,1,14400,1.09855233853
196266,196454,203757,188,7303,1,14400,1.02574284541
196267,196464,203757,197,7293,1,14400,1.02701220348
196267,196475,196479,208,4,1,14400,21.2
196267,196470,196501,203,31,1,14400,7.54838709677
196267,196459,203757,192,7298,1,14400,1.02630857769
196268,196486,196496,218,10,1,14400,22.8
196268,196480,196512,212,32,1,14400,7.625
196268,196491,196515,223,24,1,14400,10.2916666667
196269,196496,196541,227,45,1,14400,6.04444444444
196487,196600,206654,113,10054,5,43200,1.01123930774
196590,197584,205654,994,8070,5,43200,1.12317224287
197582,197784,206670,202,8886,5,43200,1.02273238803
197776,198446,208155,670,9709,5,43200,1.06900813678
198441,199218,207417,777,8199,5,43200,1.09476765459
199208,200321,208617,1113,8296,5,43200,1.13416104147
200312,200414,211042,102,10628,5,43200,1.00959729018
200405,200509,208978,104,8469,5,43200,1.01228008029
200508,201834,211663,1326,9829,5,43200,1.13490690813
201295,201303,209857,8,8554,5,43200,1.00093523498
201826,203734,211295,1908,7561,5,43200,1.25234757307
202767,202777,211332,10,8555,5,43200,1.00116890707
203511,203517,212734,6,9217,1,86400,1.00065097103
203728,203761,212044,33,8283,5,43200,1.00398406375
203759,204394,215273,635,10879,5,43200,1.05836933542
203895,203902,203980,7,78,1,3600,1.08974358974
203896,203907,204085,11,178,1,3600,1.06179775281
203896,203920,204079,24,159,1,3600,1.15094339623
203896,203913,203995,17,82,1,3600,1.20731707317
203896,203925,203993,29,68,1,3600,1.42647058824
203897,203936,204017,39,81,1,3600,1.48148148148
203897,203930,204067,33,137,1,3600,1.24087591241
203898,203947,204013,49,66,1,3600,1.74242424242
203898,203958,204035,60,77,1,3600,1.77922077922
203898,203952,204121,54,169,1,3600,1.31952662722
203898,203941,204073,43,132,1,3600,1.32575757576
203899,203968,204028,69,60,1,3600,2.15
203899,203974,204105,75,131,1,3600,1.57251908397
203899,203963,204115,64,152,1,3600,1.42105263158
203900,203985,204111,85,126,1,3600,1.6746031746
203900,203979,204050,79,71,1,3600,2.11267605634
204335,204347,206422,12,2075,1,3600,1.00578313253
204335,204341,204751,6,410,1,3600,1.01463414634
204336,204364,204721,28,357,1,3600,1.07843137255
204336,204352,204749,16,397,1,3600,1.040302267
204336,204358,205219,22,861,1,3600,1.02555168409
204337,204374,204903,37,529,1,3600,1.06994328922
204337,204380,205161,43,781,1,3600,1.05505761844
204337,204369,205212,32,843,1,3600,1.03795966785
204392,204610,214798,218,10188,5,43200,1.02139772281
204607,205384,213800,777,8416,5,43200,1.09232414449
205374,205665,215012,291,9347,5,43200,1.03113298385
205660,206666,215790,1006,9124,5,43200,1.11025865848
206662,206681,217116,19,10435,5,43200,1.0018207954
206672,208167,217689,1495,9522,5,43200,1.15700483092
207419,207428,215490,9,8062,5,43200,1.0011163483
207630,207637,230712,7,23075,4,216000,1.00030335861
208165,208628,219254,463,10626,5,43200,1.04357236966
208625,208999,218009,374,9010,5,43200,1.04150943396
208743,208749,215850,6,7101,3,21600,1.00084495142
208983,209868,217808,885,7940,5,43200,1.11146095718
209862,211053,218937,1191,7884,5,43200,1.15106544901
210563,210569,210696,6,127,1,3600,1.04724409449
210620,210627,210659,7,32,1,600,1.21875
210816,210822,211119,6,297,1,3600,1.0202020202
211046,211307,220531,261,9224,5,43200,1.02829575022
211199,211205,234093,6,22888,8,28800,1.0002621461
211302,211674,220243,372,8569,5,43200,1.04341230015
211323,211331,237235,8,25904,8,28800,1.00030883261
211333,211344,219253,11,7909,5,43200,1.00139082058
211343,211350,235467,7,24117,8,28800,1.00029025169
211363,211369,237558,6,26189,8,28800,1.00022910382
211382,211389,240235,7,28846,8,28800,1.00024266796
211404,211411,240041,7,28630,8,28800,1.00024449878
211427,211434,240242,7,28808,8,28800,1.00024298806
211452,211459,240283,7,28824,8,28800,1.00024285318
211484,211490,240310,6,28820,8,28800,1.00020818876
211494,211500,212131,6,631,1,3600,1.00950871632
211672,212090,221127,418,9037,5,43200,1.04625428793
211815,211821,226424,6,14603,2,36000,1.00041087448
212010,212017,215640,7,3623,1,3600,1.00193210047
212011,212028,213773,17,1745,1,3600,1.00974212034
212011,212040,212434,29,394,1,3600,1.07360406091
212011,212035,214683,24,2648,1,3600,1.00906344411
212011,212023,215296,12,3273,1,3600,1.00366636114
212012,212046,212430,34,384,1,3600,1.08854166667
212012,212051,212299,39,248,1,3600,1.15725806452
212012,212057,212382,45,325,1,3600,1.13846153846
212016,212067,212419,51,352,1,3600,1.14488636364
212016,212062,215668,46,3606,1,3600,1.01275651692
212017,212078,212125,61,47,1,3600,2.29787234043
212017,212073,212269,56,196,1,3600,1.28571428571
212017,212084,213335,67,1251,1,3600,1.05355715428
212018,212144,212169,126,25,1,3600,6.04
212018,212181,212200,163,19,1,3600,9.57894736842
212018,212137,212452,119,315,1,3600,1.37777777778
212044,212282,215889,238,3607,1,3600,1.0659828112
212044,212212,215855,168,3643,1,3600,1.04611583859
212045,212442,216080,397,3638,1,3600,1.10912589335
212045,212394,216005,349,3611,1,3600,1.09664912767
212045,212311,215936,266,3625,1,3600,1.07337931034
212045,212431,216068,386,3637,1,3600,1.106131427
212046,212449,216071,403,3622,1,3600,1.11126449475
212046,212464,213946,418,1482,1,3600,1.28205128205
212046,212750,216392,704,3642,1,3600,1.1933003844
212047,213871,217505,1824,3634,1,3600,1.50192625206
212047,213786,217411,1739,3625,1,3600,1.47972413793
212047,213347,216980,1300,3633,1,3600,1.35783099367
212052,213812,221930,1760,8118,5,43200,1.21680216802
212509,214063,214249,1554,186,1,14400,9.35483870968
212519,214556,215280,2037,724,1,14400,3.8135359116
213010,213958,214053,948,95,1,3600,10.9789473684
213296,216406,216668,3110,262,16,1800,12.8702290076
213298,217044,217407,3746,363,16,1800,11.3195592287
213298,216680,217031,3382,351,16,1800,10.6353276353
213804,214809,224421,1005,9612,5,43200,1.104556804
214176,214259,214546,83,287,1,3600,1.28919860627
214806,215023,223458,217,8435,5,43200,1.02572614108
214820,214827,215346,7,519,1,3600,1.01348747592
215021,215285,225276,264,9991,5,43200,1.0264237814
215277,215501,223495,224,7994,5,43200,1.02802101576
215492,215801,223872,309,8071,5,43200,1.03828521868
215799,217127,226710,1328,9583,5,43200,1.13857873317
215865,217701,219881,1836,2180,5,14400,1.84220183486
215866,217819,220603,1953,2784,5,14400,1.70150862069
215866,218020,220644,2154,2624,5,14400,1.82088414634
215867,219272,230127,3405,10855,5,14400,1.31368033164
215867,218948,229402,3081,10454,5,14400,1.29471972451
215868,219264,229764,3396,10500,5,14400,1.32342857143
215869,219892,231097,4023,11205,5,14400,1.35903614458
215869,220254,230522,4385,10268,5,14400,1.42705492793
215870,220614,230786,4744,10172,5,14400,1.46637829335
215870,220542,230829,4672,10287,5,14400,1.45416545154
215871,220656,230784,4785,10128,5,14400,1.47245260664
215872,223506,234440,7634,10934,5,14400,1.69818913481
215872,223470,233828,7598,10358,5,14400,1.7335392933
215873,229413,239477,13540,10064,5,14400,2.34538950715
215873,223883,233958,8010,10075,5,14400,1.79503722084
215874,221942,232717,6068,10775,5,14400,1.56315545244
215875,226722,237452,10847,10730,5,14400,2.01090400746
215875,224432,235023,8557,10591,5,14400,1.80795014635
215876,221139,231468,5263,10329,5,14400,1.50953625714
215876,229775,240069,13899,10294,5,14400,2.35020400233
215877,230139,240643,14262,10504,5,14400,2.35776846915
215877,225288,235815,9411,10527,5,14400,1.89398689085
215878,231108,241181,15230,10073,5,14400,2.51196267249
215879,230534,240379,14655,9845,5,14400,2.48857287963
215879,230841,241247,14962,10406,5,14400,2.43782433212
215880,230796,240974,14916,10178,5,14400,2.46551385341
215880,230802,241094,14922,10292,5,14400,2.44986397202
215881,231480,242041,15599,10561,5,14400,2.47703815927
215882,232734,243691,16852,10957,5,14400,2.53801222962
215882,233839,243391,17957,9552,5,14400,2.87992043551
215883,234451,244601,18568,10150,5,14400,2.82935960591
215883,233970,243921,18087,9951,5,14400,2.81760627073
215884,235034,245837,19150,10803,5,14400,2.77265574377
215885,235826,246061,19941,10235,5,14400,2.94831460674
216716,216993,220619,277,3626,1,86400,1.07639271925
216731,217425,222204,694,4779,1,86400,1.14521866499
217170,217420,217421,250,1,2,36000,25.1
217264,217430,225259,166,7829,1,86400,1.0212032188
217394,217436,224941,42,7505,1,86400,1.00559626915
217536,228078,314499,10542,86421,1,86400,1.12198423994
217607,237237,323658,19630,86421,1,86400,1.2271438655
217638,237857,324289,20219,86432,1,86400,1.23392956312
217813,237862,246975,20049,9113,1,86400,3.20004389334
217867,217875,230626,8,12751,2,36000,1.00062740177
217887,238194,316880,20307,78686,1,86400,1.25807640495
217911,217919,217997,8,78,1,1800,1.10256410256
218246,218253,218343,7,90,1,1800,1.07777777778
218781,218789,219033,8,244,1,10800,1.03278688525
218868,218875,219245,7,370,1,1800,1.01891891892
219383,219391,219626,8,235,1,10800,1.03404255319
219404,219411,235571,7,16160,2,54000,1.00043316832
219597,227778,227836,8181,58,1,108000,142.051724138
220256,242238,259797,21982,17559,30,18000,2.25189361581
220423,220432,220470,9,38,1,1800,1.23684210526
220675,220683,220847,8,164,1,3600,1.0487804878
220721,220728,220812,7,84,1,1800,1.08333333333
221135,221147,221281,12,134,2,3600,1.08955223881
221205,221213,221699,8,486,1,10800,1.01646090535
221438,221445,224680,7,3235,4,3600,1.00216383308
221458,221465,221717,7,252,1,1800,1.02777777778
222428,222436,228251,8,5815,2,10800,1.00137575236
222439,222446,226425,7,3979,2,10800,1.00175923599
222687,222694,222944,7,250,1,10800,1.028
222840,246987,294566,24147,47579,1,86400,1.50751381912
222853,269149,292193,46296,23044,1,86400,3.00902621073
222866,282157,368571,59291,86414,1,86400,1.6861272479
222882,292210,378614,69328,86404,1,86400,1.80237026064
223008,235413,271414,12405,36001,16,36000,1.34457376184
223036,237247,237488,14211,241,16,1800,59.9668049793
223037,237500,237782,14463,282,16,1800,52.2872340426
223038,237794,238170,14756,376,16,1800,40.2446808511
223669,223676,237219,7,13543,2,36000,1.00051687218
223926,224693,227507,767,2814,5,28800,1.27256574271
224017,224024,237845,7,13821,2,36000,1.00050647565
224234,238182,242793,13948,4611,16,36000,4.02494036001
225856,225864,228019,8,2155,2,14400,1.00371229698
226097,226105,230003,8,3898,4,36000,1.00205233453
226111,226438,228736,327,2298,4,36000,1.14229765013
226488,226496,226744,8,248,1,10800,1.03225806452
226593,226757,227001,164,244,1,10800,1.67213114754
226774,240053,243015,13279,2962,16,36000,5.48311951384
227110,227118,227306,8,188,1,10800,1.04255319149
227257,227318,227325,61,7,4,36000,6.8
227275,227337,227341,62,4,4,36000,6.6
227368,227375,230574,7,3199,4,36000,1.00218818381
227382,227525,227766,143,241,1,10800,1.59336099585
227383,227519,235968,136,8449,4,36000,1.01609657948
227580,227848,228066,268,218,1,10800,2.22935779817
227608,228031,228285,423,254,1,10800,2.66535433071
227644,228749,228900,1105,151,5,28800,8.3178807947
227709,228037,228285,328,248,1,10800,2.32258064516
227715,282152,321693,54437,39541,5,172800,2.37672289522
228443,228449,228701,6,252,1,10800,1.02380952381
228585,228598,228819,13,221,1,10800,1.05882352941
229011,229018,229243,7,225,1,10800,1.03111111111
229030,229037,229263,7,226,1,10800,1.03097345133
229044,229051,229323,7,272,1,10800,1.02573529412
229054,229061,229293,7,232,1,10800,1.03017241379
229869,229876,229877,7,1,1,3600,1.0
229923,229930,242226,7,12296,2,43200,1.00056929083
229932,229939,229940,7,1,1,3600,1.0
229972,229979,229980,7,1,1,3600,1.0
230138,230147,232716,9,2569,4,36000,1.00350330868
230154,230161,230166,7,5,4,36000,1.2
230223,230230,231885,7,1655,4,36000,1.00422960725
230241,230586,233563,345,2977,4,36000,1.11588847833
230323,230638,238182,315,7544,4,36000,1.04175503712
230341,230348,230578,7,230,1,10800,1.03043478261
230341,230724,238244,383,7520,4,36000,1.05093085106
230411,231897,234724,1486,2827,4,36000,1.52564556067
230420,232728,234724,2308,1996,4,36000,2.15631262525
230967,237232,269136,6265,31904,1,108000,1.19637036108
231672,233576,235288,1904,1712,2,10800,2.11214953271
231706,233581,235401,1875,1820,2,10800,2.03021978022
231766,234105,244252,2339,10147,2,10800,1.23051148123
231821,293699,293812,61878,113,8,345600,548.592920354
232098,234110,234325,2012,215,1,10800,10.3581395349
232137,234116,234314,1979,198,1,10800,10.9949494949
232196,234121,234319,1925,198,1,10800,10.7222222222
232543,234126,234380,1583,254,1,10800,7.23228346457
232581,234132,234380,1551,248,1,10800,7.25403225806
235249,235256,252721,7,17465,2,36000,1.0004008016
235635,235642,252171,7,16529,2,36000,1.00042349809
235819,237463,245817,1644,8354,5,43200,1.19679195595
236351,240254,244372,3903,4118,16,36000,1.94779018941
236812,236818,241234,6,4416,4,36000,1.00135869565
237243,237569,237796,326,227,1,10800,2.43612334802
237293,237575,237791,282,216,1,10800,2.30555555556
237454,239488,247531,2034,8043,5,43200,1.25289071242
238081,238087,238272,6,185,1,10800,1.03243243243
238106,238113,238303,7,190,1,10800,1.03684210526
239477,240080,249778,603,9698,5,43200,1.06217776861
240070,240390,248464,320,8074,5,43200,1.03963339113
240388,240654,249113,266,8459,5,43200,1.03144579738
240654,240986,249497,332,8511,5,43200,1.03900834215
240981,241105,250334,124,9229,5,43200,1.01343590855
241094,241258,249136,164,7878,5,43200,1.02081746636
241185,241192,253764,7,12572,5,43200,1.00055679287
241257,242052,253834,795,11782,5,43200,1.06747581056
242044,243703,254962,1659,11259,5,43200,1.14734878764
243392,243403,256381,11,12978,5,43200,1.00084758823
243699,243933,255232,234,11299,5,43200,1.02070979733
243925,244612,254272,687,9660,5,43200,1.07111801242
244609,245829,257607,1220,11778,5,43200,1.10358295127
245512,245518,274330,6,28812,4,28800,1.00020824656
245513,245536,274358,23,28822,4,28800,1.00079800153
245513,245524,274346,11,28822,4,28800,1.0003816529
245513,245530,274350,17,28820,4,28800,1.00058986815
245514,245541,274343,27,28802,4,28800,1.0009374349
245521,245546,274387,25,28841,4,28800,1.00086682154
245522,245557,274394,35,28837,4,28800,1.00121371849
245522,245551,274386,29,28835,4,28800,1.00100572221
245522,245562,274369,40,28807,4,28800,1.00138855139
245522,245567,274413,45,28846,4,28800,1.00156000832
245551,245574,274402,23,28828,4,28800,1.00079783544
245557,245580,274414,23,28834,4,28800,1.00079766942
245560,245585,274431,25,28846,4,28800,1.00086667129
245563,245590,274427,27,28837,4,28800,1.00093629712
245577,252184,281019,6607,28835,4,28800,1.22913126409
245580,262997,291830,17417,28833,4,28800,1.60406478688
245583,263002,291806,17419,28804,4,28800,1.60474239689
245825,245849,253930,24,8081,5,43200,1.00296992946
245846,246072,255184,226,9112,5,43200,1.0248024583
246071,247543,259864,1472,12321,5,43200,1.11947082217
246247,251748,258980,5501,7232,8,7200,1.76064712389
246348,251754,251755,5406,1,2,3540,540.7
246352,258992,262984,12640,3992,8,10800,4.16633266533
246635,259809,267874,13174,8065,8,28800,2.63347799132
247219,259814,267998,12595,8184,8,10800,2.53897849462
247449,259819,267022,12370,7203,8,7200,2.71733999722
247533,248475,256957,942,8482,5,43200,1.11105871257
247715,259825,267033,12110,7208,8,7200,2.68007769145
248473,249148,257975,675,8827,5,43200,1.07646992183
249117,249124,261859,7,12735,5,43200,1.00054966627
249138,249508,258287,370,8779,5,43200,1.0421460303
249506,249789,261141,283,11352,5,43200,1.02492952784
249782,250345,259782,563,9437,5,43200,1.05965878987
250335,253776,261795,3441,8019,5,43200,1.42910587355
251907,293710,352218,41803,58508,10,172800,1.71448348944
253767,253845,263561,78,9716,5,43200,1.00802799506
253839,253941,264036,102,10095,5,43200,1.01010401189
253931,254283,268307,352,14024,5,43200,1.02509982886
254279,255195,266608,916,11413,5,43200,1.08025935337
254964,254973,265241,9,10268,5,43200,1.00087650954
255189,255243,266016,54,10773,5,43200,1.00501253133
255241,256392,268349,1151,11957,5,43200,1.09626160408
256385,256968,269757,583,12789,5,43200,1.04558605051
256958,257618,270662,660,13044,5,43200,1.05059797608
257028,257034,257036,6,2,2,3540,1.0
257612,257986,266483,374,8497,5,43200,1.04401553489
257980,258300,271166,320,12866,5,43200,1.02487175501
258297,259793,271458,1496,11665,5,43200,1.12824689241
259789,259875,268396,86,8521,5,43200,1.01009271212
259871,261152,269547,1281,8395,5,43200,1.15259082787
261148,261806,271350,658,9544,5,43200,1.06894383906
261802,261870,271374,68,9504,5,43200,1.00715488215
261864,263572,271788,1708,8216,5,43200,1.20788704966
262504,263948,265587,1444,1639,2,10800,1.88102501525
263570,264047,273764,477,9717,5,43200,1.04908922507
264041,265252,273520,1211,8268,5,43200,1.14646831156
265246,266027,278230,781,12203,5,43200,1.06400065558
266023,266494,277480,471,10986,5,43200,1.04287274713
266493,266620,278744,127,12124,5,43200,1.01047509073
266616,268319,276657,1703,8338,5,43200,1.20424562245
267905,267911,271518,6,3607,1,3600,1.00166343222
268313,268360,277052,47,8692,5,43200,1.00540727105
268355,268408,280814,53,12406,5,43200,1.00427212639
268406,269559,278083,1153,8524,5,43200,1.13526513374
269550,269769,277946,219,8177,5,43200,1.02678243855
269765,270673,283203,908,12530,5,43200,1.0724660814
270664,271177,283621,513,12444,5,43200,1.0412246866
271167,271385,283377,218,11992,5,43200,1.01817878586
271351,271361,281844,10,10483,5,43200,1.0009539254
271382,271469,282908,87,11439,5,43200,1.00760555993
271464,271799,279809,335,8010,5,43200,1.0418227216
271488,271494,271502,6,8,1,1800,1.4
271622,271629,271756,7,127,1,3600,1.05511811024
271652,271658,271733,6,75,1,1800,1.08
271791,273532,286293,1741,12761,5,43200,1.13643131416
271886,271893,272639,7,746,1,3600,1.00938337802
271913,271920,272106,7,186,1,3600,1.0376344086
272090,272096,272193,6,97,1,1800,1.0618556701
272222,272228,272789,6,561,1,3600,1.01069518717
272863,272870,273242,7,372,1,1800,1.0188172043
272869,272877,273630,8,753,1,3600,1.01062416999
273055,273061,273892,6,831,1,3600,1.00722021661
273527,273775,285940,248,12165,5,43200,1.0203863543
273772,276669,289896,2897,13227,5,43200,1.21902169804
273943,273951,273956,8,5,1,1800,1.3
274119,274126,274164,7,38,1,1800,1.18421052632
274143,274149,274155,6,6,1,3600,1.2
274263,274269,274424,6,155,1,3600,1.03870967742
274427,274434,274512,7,78,1,1800,1.08974358974
274553,274559,274966,6,407,1,3600,1.01474201474
275235,275241,275495,6,254,1,1800,1.02362204724
275251,275258,275782,7,524,1,3600,1.01335877863
276661,277063,288822,402,11759,5,43200,1.03418658049
277060,277491,289267,431,11776,5,43200,1.03659986413
277489,277958,287870,469,9912,5,43200,1.04731638418
277949,278095,289729,146,11634,5,43200,1.0125494241
278092,278242,286450,150,8208,5,43200,1.0182748538
278236,278755,289258,519,10503,5,43200,1.04941445301
278747,279820,291649,1073,11829,5,43200,1.09070927382
279485,279491,279533,6,42,1,1800,1.14285714286
279780,279788,279859,8,71,1,1800,1.11267605634
279819,280825,289627,1006,8802,5,43200,1.11429220632
280495,280501,280740,6,239,1,1800,1.02510460251
280820,281855,290363,1035,8508,5,43200,1.12165021157
281851,282919,297428,1068,14509,5,43200,1.07360948377
282913,283214,292458,301,9244,5,43200,1.03256166162
283210,283388,294551,178,11163,5,43200,1.01594553435
283384,283632,293412,248,9780,5,43200,1.02535787321
283629,285951,294012,2322,8061,5,43200,1.28805359137
283674,293716,322566,10042,28850,8,28800,1.3480762565
283709,293721,322558,10012,28837,8,28800,1.34719284253
283754,293726,322546,9972,28820,8,28800,1.34600971548
283834,293732,322561,9898,28829,8,28800,1.34333483645
283873,293737,322579,9864,28842,8,28800,1.34200124818
283915,293742,309053,9827,15311,8,28800,1.64182613807
283960,293748,309053,9788,15305,8,28800,1.6395295655
285947,286304,295860,357,9556,5,43200,1.0373587275
286295,286461,297185,166,10724,5,43200,1.01547929877
286458,287881,302726,1423,14845,5,43200,1.09585719097
287878,288833,300433,955,11600,5,43200,1.08232758621
287971,293753,325151,5782,31398,4,360000,1.18415185681
288010,293769,304903,5759,11134,1,86400,1.51724447638
288826,289269,294665,443,5396,5,43200,1.08209785026
289064,293705,295027,4641,1322,1,3600,4.51059001513
289170,322603,351427,33433,28824,4,28800,2.159901471
289170,293764,310781,4594,17017,4,28800,1.26996532879
289170,351433,380266,62263,28833,4,28800,3.1594353692
289171,380272,409079,91101,28807,4,28800,4.16246051307
289172,419803,448647,130631,28844,4,28800,5.52887948967
289173,448653,450460,159480,1807,4,28800,89.256779192
289173,450466,452255,161293,1789,4,28800,91.1581889324
289174,452261,465407,163087,13146,4,28800,13.4058268675
289175,465414,467936,176239,2522,4,28800,70.8806502776
289176,467943,470448,178767,2505,4,28800,72.3640718563
289266,289279,295057,13,5778,5,43200,1.00224991346
289277,289638,296862,361,7224,5,43200,1.04997231451
289635,289740,294033,105,4293,5,43200,1.02445842068
289737,289907,296329,170,6422,5,43200,1.0264715042
289901,290374,296044,473,5670,5,43200,1.08342151675
289906,293774,293915,3868,141,1,86400,28.4326241135
290372,291661,299490,1289,7829,5,43200,1.1646442713
290784,293780,300204,2996,6424,1,36000,1.46637608966
290846,293785,298000,2939,4215,1,86400,1.69727164887
291136,293791,380195,2655,86404,1,86400,1.03072774409
291660,292469,300353,809,7884,5,43200,1.10261288686
292467,293423,301762,956,8339,5,43200,1.11464204341
292468,293758,294447,1290,689,2,10800,2.87227866473
293417,294024,301188,607,7164,5,43200,1.08472920156
294020,294044,298859,24,4815,5,43200,1.00498442368
294041,294676,299223,635,4547,5,43200,1.13965251814
294213,294219,294538,6,319,2,7200,1.01880877743
294275,294281,380683,6,86402,1,86400,1.00006944284
294425,294431,295161,6,730,2,7200,1.00821917808
294552,294562,302026,10,7464,5,43200,1.0013397642
294675,295068,301958,393,6890,5,43200,1.05703918723
294710,294716,295944,6,1228,2,7200,1.00488599349
295063,296055,301140,992,5085,5,43200,1.19508357915
295212,295218,295223,6,5,1,21600,1.1
295260,295267,295394,7,127,2,7200,1.05511811024
295659,295665,295721,6,56,2,7200,1.10714285714
295860,295871,300414,11,4543,5,43200,1.00242130751
296000,296006,296217,6,211,2,7200,1.02843601896
296045,296340,300814,295,4474,5,43200,1.06593652213
296133,296140,330657,7,34517,1,108000,1.00020279862
296331,296873,301388,542,4515,5,43200,1.12004429679
296454,296460,382864,6,86404,1,86400,1.00006944123
296779,296785,296837,6,52,2,7200,1.11538461538
296806,296812,296813,6,1,1,900,1.0
296863,297196,302595,333,5399,5,43200,1.06167808853
297190,297439,303812,249,6373,5,43200,1.03907108112
297203,297209,297227,6,18,2,7200,1.33333333333
297436,298870,307457,1434,8587,5,43200,1.1669966228
297751,297757,298058,6,301,1,14400,1.01993355482
297758,297765,309831,7,12066,2,21600,1.00058014255
298138,298144,354979,6,56835,10,172800,1.00010556875
298865,299234,303945,369,4711,5,43200,1.07832731904
298923,298930,299001,7,71,2,7200,1.0985915493
299205,299211,299286,6,75,2,7200,1.08
299233,299501,307391,268,7890,5,43200,1.03396704689
299321,299327,299463,6,136,2,7200,1.04411764706
299388,299395,299417,7,22,2,7200,1.31818181818
299420,299426,299449,6,23,2,7200,1.26086956522
299499,300364,308397,865,8033,5,43200,1.10768081663
299618,299624,314295,6,14671,2,43200,1.00040897008
299623,299631,303750,8,4119,1,86400,1.00194221899
299637,299643,299681,6,38,2,7200,1.15789473684
299705,299711,482999,6,183288,12,345600,1.00003273537
300357,300425,307359,68,6934,5,43200,1.00980674935
300419,300444,306205,25,5761,5,43200,1.00433952439
300440,300825,305417,385,4592,5,43200,1.08384146341
300818,301151,307284,333,6133,5,43200,1.05429642915
301146,301199,305939,53,4740,5,43200,1.0111814346
301197,301400,305874,203,4474,5,43200,1.04537326777
301392,301773,310859,381,9086,5,43200,1.04193264363
301770,301969,309618,199,7649,5,43200,1.02601647274
301877,301883,302061,6,178,2,7200,1.03370786517
301964,302038,306977,74,4939,5,43200,1.01498279004
302037,302737,307340,700,4603,5,43200,1.15207473387
302056,302063,306107,7,4044,2,7200,1.00173095945
302232,302238,306108,6,3870,2,7200,1.0015503876
302599,302607,307656,8,5049,5,43200,1.00158447217
302732,303827,311618,1095,7791,5,43200,1.14054678475
303793,303799,303991,6,192,1,10800,1.03125
303815,303821,303864,6,43,2,7200,1.13953488372
303815,305428,314134,1613,8706,5,43200,1.18527452332
303948,303957,310863,9,6906,5,43200,1.0013032146
304350,304356,304418,6,62,2,7200,1.09677419355
305027,305033,310005,6,4972,1,86400,1.00120675784
305065,305071,309107,6,4036,1,86400,1.00148662042
305106,305112,305330,6,218,1,10800,1.02752293578
305418,305886,314564,468,8678,5,43200,1.05392947684
305878,305950,311181,72,5231,5,43200,1.01376409864
305940,306216,315041,276,8825,5,43200,1.03127478754
305969,305975,306007,6,32,2,7200,1.1875
306206,306988,313808,782,6820,5,43200,1.1146627566
306412,306418,309877,6,3459,2,14400,1.00173460538
306723,306729,308224,6,1495,2,14400,1.00401337793
306983,307295,313883,312,6588,5,43200,1.04735883424
307290,307351,314091,61,6740,5,43200,1.0090504451
307341,307370,312074,29,4704,5,43200,1.00616496599
307362,307468,312842,106,5374,5,43200,1.01972459993
307393,307402,314526,9,7124,5,43200,1.0012633352
307465,307667,313148,202,5481,5,43200,1.03685458858
307660,308408,313615,748,5207,5,43200,1.14365277511
308406,310870,315771,2464,4901,5,43200,1.50275453989
309078,309084,337890,6,28806,8,28800,1.00020828994
309192,309198,338032,6,28834,8,28800,1.00020808767
309244,309250,309253,6,3,4,10380,1.0
309620,309629,319481,9,9852,5,43200,1.0009135201
309853,309859,310137,6,278,2,14400,1.02158273381
310045,310051,313673,6,3622,4,3600,1.00165654335
310049,310057,310828,8,771,2,14400,1.01037613489
310062,310068,313693,6,3625,4,3600,1.00165517241
310067,310074,317384,7,7310,1,86400,1.00095759234
310089,310095,313738,6,3643,4,3600,1.00164699424
310450,310456,310525,6,69,8,468000,1.08695652174
310600,310606,497646,6,187040,8,496800,1.0000320787
310663,310669,327970,6,17301,4,28800,1.00034680076
310663,310674,327899,11,17225,4,28800,1.00063860668
310663,310679,327133,16,16454,4,28800,1.00097240793
310663,310793,326712,130,15919,4,28800,1.00816634211
310664,311078,327168,414,16090,4,28800,1.02573026725
310681,311438,328280,757,16842,4,28800,1.04494715592
310681,311084,328258,403,17174,4,28800,1.02346570397
310682,313684,329338,3002,15654,4,28800,1.19177207104
310682,313704,328537,3022,14833,4,28800,1.20373491539
310682,311443,328008,761,16565,4,28800,1.04594023544
310716,313750,331032,3034,17282,4,28800,1.17555838445
310719,322570,339602,11851,17032,4,28800,1.69580789103
310722,322575,338915,11853,16340,4,28800,1.72539779682
310725,322587,337853,11862,15266,4,28800,1.7770208306
310748,322592,339146,11844,16554,4,28800,1.71547662196
310751,322645,338293,11894,15648,4,28800,1.76009713701
310753,322651,337726,11898,15075,4,28800,1.78925373134
310800,321710,325349,10910,3639,4,3600,3.99807639461
310867,310877,320645,10,9768,5,43200,1.00102375102
310868,311193,321692,325,10499,5,43200,1.03095532908
311185,311629,319427,444,7798,5,43200,1.05693767633
311625,312085,323275,460,11190,5,43200,1.04110813226
311809,316896,317041,5087,145,2,14400,36.0827586207
312075,312853,322364,778,9511,5,43200,1.08180002103
312616,317052,317775,4436,723,2,7200,7.13554633472
312806,317787,320709,4981,2922,2,7200,2.70465434634
312852,313159,326180,307,13021,5,43200,1.02357729821
313149,313626,326375,477,12749,5,43200,1.03741469919
313620,313819,327054,199,13235,5,43200,1.01503588969
313814,313895,325483,81,11588,5,43200,1.00698998964
313886,314103,322563,217,8460,5,43200,1.0256501182
314102,314145,322301,43,8156,5,43200,1.00527219225
314143,314537,325640,394,11103,5,43200,1.03548590471
314503,315208,320531,705,5323,2,43200,1.13244411046
314532,314576,326323,44,11747,5,43200,1.00374563718
314573,315052,325675,479,10623,5,43200,1.04509084063
315044,315782,325441,738,9659,5,43200,1.07640542499
315780,319438,327446,3658,8008,5,43200,1.45679320679
315949,320720,328749,4771,8029,4,180600,1.59422094906
315951,330338,346804,14387,16466,4,180600,1.87373982752
315951,348482,369478,32531,20996,4,180600,2.54939036007
315951,370642,388681,54691,18039,4,180600,4.03181994567
317209,322608,322618,5399,10,4,108000,540.9
317235,322614,322623,5379,9,4,108000,538.8
317268,322620,322630,5352,10,4,108000,536.2
317291,322626,322636,5335,10,4,108000,534.5
317320,322632,322642,5312,10,4,108000,532.2
317343,322639,322648,5296,9,4,108000,530.5
318567,320543,320679,1976,136,2,7200,15.5294117647
319429,319492,327685,63,8193,5,43200,1.00768949103
319491,320656,329633,1165,8977,5,43200,1.12977609446
320651,321703,333089,1052,11386,5,43200,1.09239416828
320733,322598,327890,1865,5292,4,43200,1.35241874528
321336,322559,322566,1223,7,8,3600,123.0
321697,322312,333932,615,11620,5,43200,1.05292598967
322311,322376,330593,65,8217,5,43200,1.0079104296
322372,322582,334520,210,11938,5,43200,1.01759088625
322567,323286,336979,719,13693,5,43200,1.05250858103
323284,325452,335988,2168,10536,5,43200,1.20577069096
324221,324227,324418,6,191,1,14400,1.03141361257
325106,325112,330265,6,5153,4,7200,1.00116437027
325155,325360,331256,205,5896,16,7200,1.03476933514
325412,326724,399932,1312,73208,4,360000,1.01792153863
325449,325494,334834,45,9340,5,43200,1.00481798715
325491,325651,334071,160,8420,5,43200,1.0190023753
325644,325687,336684,43,10997,5,43200,1.00391015732
325686,326191,334898,505,8707,5,43200,1.0579993109
326187,326334,334075,147,7741,5,43200,1.0189897946
326330,326387,339763,57,13376,5,43200,1.00426136364
326382,327065,340648,683,13583,5,43200,1.05028344254
327056,327457,335894,401,8437,5,43200,1.04752874244
327287,327293,330936,6,3643,8,3600,1.00164699424
327455,327696,336666,241,8970,5,43200,1.02686733556
327691,329644,338832,1953,9188,5,43200,1.21255986069
327916,327922,327965,6,43,4,3600,1.13953488372
329641,330604,342119,963,11515,5,43200,1.08363004776
330601,333100,347667,2499,14567,5,43200,1.1715521384
332530,332537,332539,7,2,2,3540,1.0
332712,332718,334052,6,1334,1,3600,1.00449775112
333092,333943,345929,851,11986,5,43200,1.07099949942
333940,334082,346914,142,12832,5,43200,1.01106608479
334073,334089,343525,16,9436,5,43200,1.00169563374
334084,334532,346381,448,11849,5,43200,1.03780909781
334523,334846,346719,323,11873,5,43200,1.02720458182
334595,334601,401039,6,66438,5,172800,1.00009030976
334609,334616,337236,7,2620,5,28800,1.00267175573
334621,334627,403104,6,68477,5,172800,1.00008762066
334632,334638,375270,6,40632,5,172800,1.00014766686
334840,334909,345431,69,10522,5,43200,1.00655768865
334902,335906,347441,1004,11535,5,43200,1.08703944517
335167,335173,335677,6,504,4,43200,1.0119047619
335902,335999,344620,97,8621,5,43200,1.01125159494
335995,336677,346778,682,10101,5,43200,1.06751806752
336199,861418,957196,525219,95778,2,604800,6.48371233477
336669,336695,348210,26,11515,5,43200,1.00225792445
336690,336990,345806,300,8816,5,43200,1.03402903811
336986,338843,347489,1857,8646,5,43200,1.2147814018
337164,337170,346536,6,9366,1,86400,1.00064061499
337220,337226,346058,6,8832,1,86400,1.00067934783
337259,337265,347206,6,9941,1,86400,1.00060356101
337276,337282,337431,6,149,5,28800,1.04026845638
337301,337307,337308,6,1,1,86400,1.0
337348,337354,347112,6,9758,1,86400,1.0006148801
337404,337410,423833,6,86423,1,86400,1.00006942596
337451,337458,401352,7,63894,1,86400,1.00010955645
337509,337515,409472,6,71957,1,86400,1.00008338313
337550,337557,406155,7,68598,1,86400,1.00010204379
338835,339774,348086,939,8312,5,43200,1.11296920115
339765,340659,350665,894,10006,5,43200,1.08934639216
340658,342131,351394,1473,9263,5,43200,1.15901975602
342125,343537,353523,1412,9986,5,43200,1.14139795714
342419,342425,350112,6,7687,8,43200,1.00078053857
342877,342884,342886,7,2,2,3540,1.0
343531,344632,352254,1101,7622,5,43200,1.14445027552
344629,345443,356925,814,11482,5,43200,1.07089357255
345439,345818,356189,379,10371,5,43200,1.03654420982
345809,346392,358663,583,12271,5,43200,1.04751039035
345932,345941,359385,9,13444,5,43200,1.00066944362
346384,346731,359949,347,13218,5,43200,1.0262520805
346723,346790,359490,67,12700,5,43200,1.00527559055
346785,346926,355148,141,8222,5,43200,1.01714911214
346919,347500,355602,581,8102,5,43200,1.07171068872
347442,347452,358830,10,11378,5,43200,1.00087888908
347494,347678,360008,184,12330,5,43200,1.01492295215
347668,348222,356876,554,8654,5,43200,1.0640166397
348089,348098,356363,9,8265,5,43200,1.00108892922
348213,350676,358851,2463,8175,5,43200,1.30128440367
350672,351405,359445,733,8040,5,43200,1.09116915423
351400,352265,362050,865,9785,5,43200,1.08840061318
352261,353535,364256,1274,10721,5,43200,1.11883219849
352304,352311,352942,7,631,1,14400,1.01109350238
352359,352366,533175,7,180809,10,360000,1.00003871489
353531,355160,368135,1629,12975,5,43200,1.12554913295
354306,354313,357920,7,3607,1,3600,1.00194067092
355151,355613,364156,462,8543,5,43200,1.05407936322
355603,356200,368793,597,12593,5,43200,1.04740728976
356197,356374,368871,177,12497,5,43200,1.01416339922
356372,356887,367832,515,10945,5,43200,1.04705344906
356400,356407,357104,7,697,1,14400,1.01004304161
356885,356936,366342,51,9406,5,43200,1.00542207102
356926,358674,367050,1748,8376,5,43200,1.20869149952
357905,357911,357920,6,9,1,1800,1.5
358027,358033,358160,6,127,1,3600,1.04724409449
358109,358115,358194,6,79,1,1800,1.07594936709
358288,358294,358775,6,481,1,3600,1.01247401247
358423,358430,358561,7,131,1,3600,1.0534351145
358528,358534,358635,6,101,1,1800,1.05940594059
358668,358842,369488,174,10646,5,43200,1.01634416682
358684,358691,359129,7,438,1,3600,1.01598173516
358833,358862,367222,29,8360,5,43200,1.00346889952
358854,359396,367311,542,7915,5,43200,1.06847757423
359003,359010,359792,7,782,1,3600,1.00895140665
359375,359381,359763,6,382,1,1800,1.01570680628
359387,359456,373195,69,13739,5,43200,1.00502219958
359408,359416,360099,8,683,1,3600,1.01171303075
359449,359501,370846,52,11345,5,43200,1.00458351697
359500,359960,368326,460,8366,5,43200,1.05498446091
359952,360019,368320,67,8301,5,43200,1.00807131671
360014,362061,370809,2047,8748,5,43200,1.23399634202
360324,360330,360336,6,6,1,3600,1.2
360444,360450,360548,6,98,1,3600,1.0612244898
360453,360459,360465,6,6,1,1800,1.2
360629,360636,360678,7,42,1,1800,1.16666666667
360671,360677,361054,6,377,1,3600,1.01591511936
360972,360978,361052,6,74,1,1800,1.08108108108
361340,361346,361911,6,565,1,3600,1.01061946903
361700,361706,361960,6,254,1,1800,1.02362204724
362051,364167,375478,2116,11311,5,43200,1.18707452922
364160,364267,379287,107,15020,5,43200,1.00712383489
364263,366354,376583,2091,10229,5,43200,1.20441880927
365071,365077,378290,6,13213,1,36000,1.00045409824
366350,367061,378540,711,11479,5,43200,1.06193919331
367057,367233,376289,176,9056,5,43200,1.01943462898
367148,367154,374360,6,7206,8,7200,1.00083263947
367231,367323,381063,92,13740,5,43200,1.00669577875
367314,367844,379985,530,12141,5,43200,1.04365373528
367429,367436,371405,7,3969,8,7200,1.00176366843
367577,367584,371699,7,4115,8,7200,1.00170109356
367727,367734,370753,7,3019,8,7200,1.00231864856
367836,368146,378869,310,10723,5,43200,1.02890982001
367909,367915,375138,6,7223,8,7200,1.00083067977
368117,368123,373070,6,4947,8,7200,1.00121285628
368144,368332,380106,188,11774,5,43200,1.01596738577
368328,368338,376795,10,8457,5,43200,1.00118245241
368329,368804,378551,475,9747,5,43200,1.04873294347
368800,368883,381310,83,12427,5,43200,1.00667900539
368872,369499,379749,627,10250,5,43200,1.06117073171
369497,370820,379852,1323,9032,5,43200,1.14647918512
370817,373209,381427,2392,8218,5,43200,1.29106838647
370847,370857,380971,10,10114,5,43200,1.0009887285
373199,375489,384678,2290,9189,5,43200,1.24921101317
375479,376300,387086,821,10786,5,43200,1.07611718895
375823,375829,375926,6,97,8,43200,1.0618556701
376073,376079,376655,6,576,8,43200,1.01041666667
376297,376595,384360,298,7765,5,43200,1.03837733419
376594,376807,388649,213,11842,5,43200,1.01798682655
376799,378551,388111,1752,9560,5,43200,1.18326359833
377151,377158,378295,7,1137,5,172800,1.00615655233
378547,378562,391215,15,12653,5,43200,1.00118548961
378558,378881,392221,323,13340,5,43200,1.02421289355
378649,378655,378900,6,245,5,172800,1.02448979592
378875,379298,391508,423,12210,5,43200,1.03464373464
379295,379760,392052,465,12292,5,43200,1.03782948259
379755,379863,388265,108,8402,5,43200,1.01285408236
379858,379997,388198,139,8201,5,43200,1.01694915254
379991,380117,391128,126,11011,5,43200,1.01144310235
380114,380983,392591,869,11608,5,43200,1.07486216402
380951,380957,384229,6,3272,4,108000,1.00183374083
380973,381074,389480,101,8406,5,43200,1.01201522722
380988,380995,384582,7,3587,4,108000,1.0019514915
381046,381053,384470,7,3417,4,108000,1.00204858063
381066,381321,389660,255,8339,5,43200,1.03057920614
381076,381082,384856,6,3774,4,108000,1.00158982512
381104,381111,384022,7,2911,4,108000,1.00240467193
381156,381162,384723,6,3561,4,108000,1.00168491997
381312,381438,389418,126,7980,5,43200,1.01578947368
381435,384372,392350,2937,7978,5,43200,1.36813737779
382976,382982,404306,6,21324,16,36000,1.0002813731
382979,382989,604960,10,221971,30,345600,1.00004505093
383888,383894,455910,6,72016,2,72000,1.00008331482
384370,384690,394193,320,9503,5,43200,1.03367357677
384573,384579,384593,6,14,1,610,1.42857142857
384630,384637,384640,7,3,1,610,1.0
384688,387097,398392,2409,11295,5,43200,1.21328021248
384807,384813,384819,6,6,1,610,1.2
384940,384946,384992,6,46,1,610,1.13043478261
385057,385063,385072,6,9,1,610,1.5
385368,385374,411327,6,25953,64,28800,1.00023118715
385735,385741,386824,6,1083,4,21600,1.0055401662
386166,386172,388052,6,1880,4,21600,1.00319148936
386794,386801,386804,7,3,1,610,1.0
387090,388210,401054,1120,12844,5,43200,1.08720024914
387275,387281,387650,6,369,4,21600,1.0162601626
388112,388122,396955,10,8833,5,43200,1.00113211819
388205,388276,400125,71,11849,5,43200,1.00599206684
388267,388660,401073,393,12413,5,43200,1.03166035608
388309,388315,388822,6,507,4,21600,1.01183431953
388533,388539,395190,6,6651,16,36000,1.00090211998
388655,389429,400353,774,10924,5,43200,1.07085316734
389283,389289,393075,6,3786,16,36000,1.00158478605
389422,389494,398975,72,9481,5,43200,1.00759413564
389484,389671,397832,187,8161,5,43200,1.0229138586
389669,391139,401160,1470,10021,5,43200,1.14669194691
389906,389913,476330,7,86417,1,86400,1.00008100258
390215,390222,750254,7,360032,4,360000,1.00001944272
390315,390322,408351,7,18029,1,18000,1.00038826335
390357,390364,390395,7,31,4,108000,1.22580645161
390385,390391,390428,6,37,4,108000,1.16216216216
390406,390412,390444,6,32,4,108000,1.1875
390425,390431,390467,6,36,4,108000,1.16666666667
390441,390447,390924,6,477,4,108000,1.01257861635
390462,390468,390495,6,27,4,108000,1.22222222222
390509,390515,408561,6,18046,1,18000,1.00033248365
390524,390530,390557,6,27,4,108000,1.22222222222
390638,390644,400057,6,9413,8,21600,1.00063741634
390750,390756,390786,6,30,4,108000,1.2
391031,391037,391071,6,34,4,108000,1.17647058824
391130,391227,400017,97,8790,5,43200,1.01103526735
391149,391156,404163,7,13007,4,108000,1.00053817175
391222,391520,399325,298,7805,5,43200,1.03818065343
391519,392063,405116,544,13053,5,43200,1.04167624301
391607,391613,413156,6,21543,2,86400,1.00027851274
391786,391792,460237,6,68445,2,68400,1.00008766163
391997,392003,392915,6,912,2,68400,1.00657894737
392061,392232,404425,171,12193,5,43200,1.01402444025
392225,392361,400871,136,8510,5,43200,1.01598119859
392358,392603,400761,245,8158,5,43200,1.03003187056
392549,392555,394074,6,1519,2,68400,1.00394996708
392594,394204,403070,1610,8866,5,43200,1.18159260095
393051,393057,393130,6,73,1,1800,1.08219178082
393152,393158,393869,6,711,1,19800,1.00843881857
393228,393234,394848,6,1614,8,3600,1.00371747212
393528,393534,393541,6,7,2,3600,1.3
393589,393595,393603,6,8,2,3600,1.4
393656,393662,393668,6,6,2,3600,1.2
394118,394125,394134,7,9,4,3600,1.6
394197,396967,408481,2770,11514,5,43200,1.24057668925
394653,394860,395252,207,392,16,36000,1.52806122449
394831,395201,431229,370,36028,16,36000,1.01026979016
395293,395299,396014,6,715,1,19800,1.00839160839
395326,395333,396028,7,695,1,19800,1.01007194245
396478,396484,398741,6,2257,2,68400,1.0026583961
396572,396578,397227,6,649,2,68400,1.0092449923
396954,396960,397304,6,344,4,108000,1.01744186047
396965,397844,412532,879,14688,5,43200,1.05984477124
397550,397556,397948,6,392,4,108000,1.01530612245
397834,398404,409093,570,10689,5,43200,1.053325849
398054,398060,405265,6,7205,8,7200,1.00083275503
398079,398086,398472,7,386,4,108000,1.01813471503
398125,398131,398497,6,366,4,108000,1.01639344262
398158,398752,399046,594,294,4,108000,3.02040816327
398193,399058,399403,865,345,4,108000,3.50724637681
398256,399415,399752,1159,337,4,108000,4.43916913947
398280,398509,405719,229,7210,8,7200,1.03176144244
398396,398986,410495,590,11509,5,43200,1.051264228
398963,399764,400100,801,336,4,108000,3.38392857143
398979,399336,409969,357,10633,5,43200,1.03357472021
399046,399943,400237,897,294,4,108000,4.05102040816
399312,399319,402737,7,3418,1,7200,1.00204798128
399327,400028,411996,701,11968,5,43200,1.05857286096
400023,400364,412507,341,12143,5,43200,1.02808202256
400068,400249,413767,181,13518,8,21600,1.01338955467
400125,400136,410623,11,10487,5,43200,1.00104891771
400278,400980,401364,702,384,4,108000,2.828125
400307,400999,401289,692,290,4,108000,3.38620689655
400331,401051,401347,720,296,4,108000,3.43243243243
400356,401375,401713,1019,338,4,108000,4.01479289941
400361,400772,411259,411,10487,5,43200,1.0391913798
400378,401726,401908,1348,182,4,108000,8.40659340659
400418,401057,401062,639,5,1,610,64.4
400771,400882,409498,111,8616,5,43200,1.01288300836
400873,401066,410611,193,9545,5,43200,1.02022001048
400955,400974,400988,19,14,4,360000,2.35714285714
401052,407322,407778,6270,456,2,7200,14.75
401058,401084,413500,26,12416,5,43200,1.00209407216
401079,401171,411018,92,9847,5,43200,1.00934294709
401102,401300,441587,198,40287,5,172800,1.00491473676
401121,412728,479427,11607,66699,5,172800,1.17402060001
401121,401359,402375,238,1016,4,360000,1.2342519685
401161,403081,412108,1920,9027,5,43200,1.21269524759
401344,401367,401369,23,2,1,3600,2.5
401345,401381,401382,36,1,1,3600,3.7
401345,401393,401394,48,1,1,3600,4.9
401345,401405,401406,60,1,1,3600,6.1
401345,401417,401418,72,1,1,3600,7.3
401346,401429,401430,83,1,1,3600,8.4
401537,404174,706614,2637,302440,16,302400,1.00871908478
401584,401590,401596,6,6,1,610,1.2
401609,411698,414550,10089,2852,8,43200,4.53751753156
401736,401742,401755,6,13,1,610,1.46153846154
401840,418509,418905,16669,396,4,108000,43.0934343434
401854,418916,419265,17062,349,4,108000,49.888252149
401869,419276,419616,17407,340,4,108000,52.1970588235
401882,419627,419944,17745,317,4,108000,56.9779179811
401927,419731,420075,17804,344,4,108000,52.7558139535
401946,401953,401955,7,2,1,610,1.0
402035,402042,402045,7,3,1,610,1.0
402050,419744,419757,17694,13,4,216000,1362.07692308
402064,419768,419774,17704,6,4,216000,1771.0
402078,419785,419792,17707,7,4,216000,1771.4
402183,411704,414348,9521,2644,8,172800,4.60098335855
402311,407789,408808,5478,1019,2,7200,6.37585868499
402432,405338,407305,2906,1967,4,360000,2.47737671581
402446,408821,412120,6375,3299,2,7200,2.93240375871
402458,402465,402470,7,5,1,610,1.2
402536,402543,402549,7,6,1,610,1.3
402661,404318,419709,1657,15391,16,36000,1.10766032097
402671,402677,402678,6,1,1,610,1.0
402724,412733,419978,10009,7245,2,7200,2.38150448585
402804,413778,477605,10974,63827,8,172800,1.17193350776
402805,402812,402815,7,3,1,610,1.0
402875,402882,403647,7,765,1,3600,1.0091503268
403073,404436,412990,1363,8554,5,43200,1.15934065934
403185,407316,443334,4131,36018,16,36000,1.11469265367
403219,403226,406784,7,3558,1,3600,1.00196739741
403590,411338,418084,7748,6746,16,36000,2.14853246368
403805,419736,428042,15931,8306,2,21600,2.91801107633
403860,403866,407504,6,3638,1,3600,1.00164925783
403932,419955,438608,16023,18653,4,21600,1.85900391358
404049,411344,447394,7295,36050,16,36000,1.20235783634
404141,419983,427945,15842,7962,4,28800,2.98970108013
404340,404347,404978,7,631,1,3600,1.01109350238
404341,404990,408626,649,3636,1,3600,1.17849284928
404341,407516,408214,3175,698,1,3600,5.54871060172
404341,409091,410583,4750,1492,1,3600,4.1836461126
404342,409096,409652,4754,556,1,3600,9.55035971223
404342,409102,410452,4760,1350,1,3600,4.52592592593
404342,409107,409858,4765,751,1,3600,7.344873502
404342,409487,410969,5145,1482,1,3600,4.47165991903
404343,409664,409695,5321,31,1,3600,172.64516129
404343,409708,409805,5365,97,1,3600,56.3092783505
404343,409818,409854,5475,36,1,3600,153.083333333
404344,409936,409973,5592,37,1,3600,152.135135135
404344,409873,409904,5529,31,1,3600,179.35483871
404344,409866,409924,5522,58,1,3600,96.2068965517
404344,409915,409985,5571,70,1,3600,80.5857142857
404345,409987,410048,5642,61,1,3600,93.4918032787
404381,409997,413604,5616,3607,1,3600,2.55697255337
404381,410060,413676,5679,3616,1,3600,2.5705199115
404381,410464,413578,6083,3114,1,3600,2.95343609505
404382,411365,411528,6983,163,1,3600,43.8404907975
404382,411360,415010,6978,3650,1,3600,2.91178082192
404382,411455,411570,7073,115,1,3600,62.5043478261
404383,411564,411706,7181,142,1,3600,51.5704225352
404383,411540,411626,7157,86,1,3600,84.2209302326
404430,405127,413653,697,8526,5,43200,1.08174994136
405126,408492,416585,3366,8093,5,43200,1.41591498826
405404,414567,418498,9163,3931,4,36000,3.3309590435
405737,411349,411686,5612,337,16,36000,17.6528189911
406465,417466,419972,11001,2506,4,36000,5.38986432562
406507,417471,420728,10964,3257,4,36000,4.36628799509
407139,411354,432163,4215,20809,16,36000,1.20255658609
407356,418111,617031,10755,198920,4,360000,1.05406696159
408135,418829,426235,10694,7406,1,14400,2.44396435323
408201,418095,421043,9894,2948,4,36000,4.35617367707
408207,408363,409261,156,898,1,7200,1.17371937639
408207,408226,408761,19,535,1,7200,1.03551401869
408208,408639,409146,431,507,1,7200,1.85009861933
408208,408573,409207,365,634,1,7200,1.57570977918
408208,408772,409265,564,493,1,7200,2.14401622718
408208,409158,410039,950,881,1,7200,2.07832009081
408209,409273,411985,1064,2712,1,7200,1.39233038348
408209,409284,409839,1075,555,1,7200,2.93693693694
408209,409218,409882,1009,664,1,7200,2.51957831325
408210,410381,411060,2171,679,1,7200,4.19734904271
408210,409851,410369,1641,518,1,7200,4.16795366795
408210,410051,410905,1841,854,1,7200,3.15573770492
408210,409894,410815,1684,921,1,7200,2.82844733985
408211,410916,411443,2705,527,1,7200,6.13282732448
408211,411072,411726,2861,654,1,7200,5.374617737
408211,410827,411552,2616,725,1,7200,4.60827586207
408211,411582,412115,3371,533,1,7200,7.32457786116
408212,413784,414440,5572,656,1,7200,9.49390243902
408212,415021,415648,6809,627,1,7200,11.8596491228
408212,414572,415372,6360,800,1,7200,8.95
408213,415661,416490,7448,829,1,7200,9.98431845597
408213,418101,420324,9888,2223,4,36000,5.44804318489
408213,416501,417052,8288,551,1,7200,16.0417422868
408213,416172,416904,7959,732,1,7200,11.8729508197
408213,415383,416159,7170,776,1,7200,10.2396907216
408214,416916,417997,8702,1081,1,7200,9.04995374653
408214,417063,417681,8849,618,1,7200,15.3187702265
408214,417692,418214,9478,522,1,7200,19.1570881226
408215,418226,418818,10011,592,1,7200,17.910472973
408215,418518,419013,10303,495,1,7200,21.8141414141
408215,418008,418507,9793,499,1,7200,20.625250501
408221,418106,420544,9885,2438,4,36000,5.05455291222
408488,409113,418075,625,8962,5,43200,1.06973889757
409103,409509,417140,406,7631,5,43200,1.05320403617
409503,409980,418926,477,8946,5,43200,1.05331991952
409773,414787,416010,5014,1223,8,7200,5.09975470155
409974,410622,419148,648,8526,5,43200,1.07600281492
410496,410506,419680,10,9174,5,43200,1.00109003706
410619,410634,419821,15,9187,5,43200,1.00163274192
410630,411029,421710,399,10681,5,43200,1.0373560528
410872,420932,430509,10060,9577,1,86400,2.05043332985
410907,420958,425019,10051,4061,1,86400,3.47500615612
411019,411270,421612,251,10342,5,43200,1.02426996712
411265,412007,420225,742,8218,5,43200,1.09028960818
411272,420745,507148,9473,86403,1,86400,1.10963739685
411637,420750,450860,9113,30110,1,86400,1.30265692461
412001,412119,420315,118,8196,5,43200,1.01439726696
412114,412518,421845,404,9327,5,43200,1.04331510668
412513,412543,421574,30,9031,5,43200,1.00332189126
412534,413002,421047,468,8045,5,43200,1.05817277812
412995,413511,421513,516,8002,5,43200,1.06448387903
413183,419990,420113,6807,123,2,7200,56.3414634146
413306,413615,414131,309,516,4,3600,1.5988372093
413330,420124,420296,6794,172,2,7200,40.5
413356,420307,420901,6951,594,2,7200,12.702020202
413506,413664,421696,158,8032,5,43200,1.01967131474
413660,416596,424591,2936,7995,5,43200,1.36722951845
413800,414359,417454,559,3095,8,7200,1.18061389338
413929,414561,414776,632,215,8,7200,3.93953488372
414217,416022,422875,1805,6853,8,21600,1.2633882971
415190,420756,452906,5566,32150,1,86400,1.17312597201
415229,420926,447622,5697,26696,1,86400,1.21340275697
416068,420557,482261,4489,61704,1,259200,1.07275055102
416083,420562,470874,4479,50312,1,259200,1.0890244872
416091,420567,470899,4476,50332,1,259200,1.08892950807
416481,419025,438467,2544,19442,1,36000,1.13085073552
416545,419750,439150,3205,19400,1,36000,1.16520618557
416595,417152,425607,557,8455,5,43200,1.06587817859
417056,420087,420947,3031,860,4,14400,4.52441860465
417098,420336,422910,3238,2574,4,14400,2.25796425796
417147,418086,426820,939,8734,5,43200,1.10751087703
417602,420573,421444,2971,871,1,3600,4.41102181401
417798,420740,421047,2942,307,1,3600,10.5830618893
418076,418937,428658,861,9721,5,43200,1.08857113466
418189,419720,487785,1531,68065,5,172800,1.02249320502
418220,419726,419733,1506,7,5,172800,151.3
418770,420913,420915,2143,2,2,3540,214.5
418934,419692,427769,758,8077,5,43200,1.09384672527
419149,419160,428430,11,9270,5,43200,1.00118662352
419681,419833,429137,152,9304,5,43200,1.01633705933
419825,420237,429063,412,8826,5,43200,1.04668026286
420234,420327,429482,93,9155,5,43200,1.0101583834
420316,421062,428833,746,7771,5,43200,1.09599794106
420719,421054,461720,335,40666,5,172800,1.00823783996
421052,421524,430995,472,9471,5,43200,1.04983634252
421522,421585,429853,63,8268,5,43200,1.00761973875
421584,421707,429568,123,7861,5,43200,1.01564686427
421615,421623,431966,8,10343,5,43200,1.00077346998
421697,421721,431196,24,9475,5,43200,1.00253298153
421718,421856,430680,138,8824,5,43200,1.01563916591
421852,424602,432724,2750,8122,5,43200,1.33858655504
424599,425618,434202,1019,8584,5,43200,1.11870922647
425337,425343,428456,6,3113,2,21600,1.00192740122
425581,425587,426010,6,423,4,14400,1.01418439716
425613,426831,435639,1218,8808,5,43200,1.13828337875
425759,425765,426305,6,540,8,21600,1.01111111111
426828,427780,438930,952,11150,5,43200,1.08538116592
427777,428669,437466,892,8797,5,43200,1.10139820393
427966,427973,452191,7,24218,8,64800,1.00028904121
428430,428441,437928,11,9487,5,43200,1.0011594814
428477,428484,429023,7,539,2,21600,1.01298701299
428666,428844,437873,178,9029,5,43200,1.01971425407
428840,429148,438575,308,9427,5,43200,1.03267211202
429065,429075,438061,10,8986,5,43200,1.0011128422
429137,429494,437841,357,8347,5,43200,1.04276985743
429324,429330,429332,6,2,2,3540,1.0
429485,429579,438493,94,8914,5,43200,1.01054520978
429577,429865,438346,288,8481,5,43200,1.03395825964
429864,430692,439776,828,9084,5,43200,1.09114927345
430681,431006,440499,325,9493,5,43200,1.03423575266
430997,431207,439782,210,8575,5,43200,1.02448979592
431202,431977,440054,775,8077,5,43200,1.09595146713
431969,432735,440760,766,8025,5,43200,1.0954517134
432732,434213,443771,1481,9558,5,43200,1.15494873404
434203,435650,446298,1447,10648,5,43200,1.13589406461
435643,437477,448412,1834,10935,5,43200,1.16771833562
437469,437852,445686,383,7834,5,43200,1.04888945622
437850,437884,449053,34,11169,5,43200,1.00304414003
437881,437939,446938,58,8999,5,43200,1.00644516057
437934,438072,451040,138,12968,5,43200,1.01064157927
438068,438357,451179,289,12822,5,43200,1.02253938543
438357,438504,451129,147,12625,5,43200,1.01164356436
438501,438586,450779,85,12193,5,43200,1.00697121299
438583,438941,447012,358,8071,5,43200,1.0443563375
438934,439787,448011,853,8224,5,43200,1.10372081712
439776,439793,450989,17,11196,5,43200,1.00151839943
439787,440511,451840,724,11329,5,43200,1.06390678789
440055,440066,448868,11,8802,5,43200,1.00124971597
440506,440771,449137,265,8366,5,43200,1.03167583074
440749,440755,444363,6,3608,1,3600,1.00166297118
440761,443783,452040,3022,8257,5,43200,1.36599249122
442554,442560,616957,6,174397,5,360000,1.00003440426
443773,445697,453652,1924,7955,5,43200,1.24186046512
444242,444248,444256,6,8,1,1800,1.4
444415,444421,444500,6,79,1,1800,1.07594936709
444475,444482,444611,7,129,1,3600,1.05426356589
444639,444646,444834,7,188,1,3600,1.03723404255
444728,444735,444835,7,100,1,1800,1.07
444753,444759,445732,6,973,1,3600,1.00616649538
444968,444974,445839,6,865,1,3600,1.00693641618
445691,446309,455232,618,8923,5,43200,1.06925921775
445816,445822,459374,6,13552,1,36000,1.00044273908
445862,445868,446246,6,378,1,1800,1.01587301587
445981,445987,447105,6,1118,1,3600,1.0053667263
446070,446076,446912,6,836,1,3600,1.00717703349
446099,446105,459439,6,13334,1,36000,1.0004499775
446303,446949,458266,646,11317,5,43200,1.05708226562
446813,446820,460407,7,13587,1,36000,1.00051519835
446934,446940,446947,6,7,1,1800,1.3
446948,447023,459494,75,12471,5,43200,1.00601395237
447019,448022,456634,1003,8612,5,43200,1.11646539712
447141,447147,447193,6,46,1,1800,1.13043478261
447421,447427,447500,6,73,1,1800,1.08219178082
447618,447624,447629,6,5,1,3600,1.1
447738,447744,447839,6,95,1,3600,1.06315789474
447810,447817,448003,7,186,1,3600,1.0376344086
447977,447983,448354,6,371,1,3600,1.01617250674
448020,448423,460575,403,12152,5,43200,1.03316326531
448141,448147,448522,6,375,1,3600,1.016
448206,448212,448469,6,257,1,1800,1.0233463035
448418,448879,462137,461,13258,5,43200,1.03477145874
448659,448665,449241,6,576,1,3600,1.01041666667
448821,448828,449354,7,526,1,3600,1.01330798479
448877,449065,460032,188,10967,5,43200,1.0171423361
449062,449148,458867,86,9719,5,43200,1.00884864698
449144,450790,461590,1646,10800,5,43200,1.15240740741
450789,451000,462044,211,11044,5,43200,1.0191053966
450994,451051,459817,57,8766,5,43200,1.00650239562
451045,451141,458844,96,7703,5,43200,1.01246267688
451137,451190,465255,53,14065,5,43200,1.00376821898
451189,451851,464933,662,13082,5,43200,1.0506038832
451841,452051,460525,210,8474,5,43200,1.02478168515
452045,453663,462158,1618,8495,5,43200,1.1904649794
452115,452122,452199,7,77,1,1800,1.09090909091
452498,452505,452601,7,96,1,1800,1.07291666667
453245,453251,453608,6,357,1,1800,1.01680672269
453656,455243,464119,1587,8876,5,43200,1.1787967553
454224,454230,454235,6,5,8,28800,1.1
454271,454278,454279,7,1,8,28800,1.0
454338,454344,454345,6,1,8,28800,1.0
454395,454401,454402,6,1,8,28800,1.0
454446,454453,454454,7,1,8,28800,1.0
454484,454490,454491,6,1,8,28800,1.0
454522,454528,454529,6,1,8,28800,1.0
454546,454553,454554,7,1,8,28800,1.0
454605,454611,454612,6,1,8,28800,1.0
454656,454662,454663,6,1,8,28800,1.0
454787,454793,454794,6,1,8,28800,1.0
454876,454882,454883,6,1,8,28800,1.0
454921,454928,454933,7,5,8,28800,1.2
455000,455006,455045,6,39,1,1800,1.15384615385
455143,455154,455159,11,5,8,28800,1.6
455143,455165,455167,22,2,8,28800,2.4
455143,455171,455172,28,1,8,28800,2.9
455143,455159,455161,16,2,8,28800,1.8
455144,455187,455189,43,2,8,28800,4.5
455144,455182,455185,38,3,8,28800,4.1
455144,455193,455195,49,2,8,28800,5.1
455145,455198,455200,53,2,8,28800,5.5
455145,455203,455205,58,2,8,28800,6.0
455145,455208,455210,63,2,8,28800,6.5
455145,455214,455216,69,2,8,28800,7.1
455234,456645,468027,1411,11382,5,43200,1.12396766825
455350,455356,455427,6,71,1,1800,1.08450704225
456215,456221,456460,6,239,1,1800,1.02510460251
456641,458282,472572,1641,14290,5,43200,1.11483554934
458081,458087,467592,6,9505,1,86400,1.00063124671
458105,458112,462332,7,4220,1,86400,1.00165876777
458152,458158,460238,6,2080,1,7200,1.00288461538
458153,458169,461378,16,3209,1,7200,1.00498597694
458153,458175,460749,22,2574,1,7200,1.00854700855
458153,458164,463525,11,5361,1,7200,1.002051856
458270,458276,479909,6,21633,4,21600,1.00027735404
458273,458855,470907,582,12052,5,43200,1.04829074013
458360,458366,493123,6,34757,8,64800,1.0001726271
458848,458879,470589,31,11710,5,43200,1.00264730999
458857,458863,460398,6,1535,2,21600,1.00390879479
458870,459505,468920,635,9415,5,43200,1.06744556559
459497,459828,472026,331,12198,5,43200,1.027135596
459826,460043,472095,217,12052,5,43200,1.01800531032
460033,460536,471423,503,10887,5,43200,1.04620189216
460527,460586,472476,59,11890,5,43200,1.00496215307
460579,461601,470161,1022,8560,5,43200,1.11939252336
461656,462055,472255,399,10200,5,43200,1.03911764706
462051,478023,491056,15972,13033,5,43200,2.22550448861
462146,478028,488313,15882,10285,5,43200,2.54419056879
463034,463040,464333,6,1293,5,172800,1.00464037123
463134,463141,464667,7,1526,5,172800,1.00458715596
464171,464178,608203,7,144025,2,144000,1.00004860267
464193,464201,604618,8,140417,2,140400,1.00005697316
464543,464549,464732,6,183,5,172800,1.03278688525
465124,465131,465140,7,9,4,108000,1.6
465776,465783,465926,7,143,5,172800,1.04895104895
466347,466353,466650,6,297,4,108000,1.0202020202
466479,466486,466496,7,10,4,216000,1.7
466619,466625,488276,6,21651,8,21600,1.00027712346
467359,467365,467379,6,14,4,216000,1.42857142857
467423,467430,467440,7,10,4,216000,1.7
467487,467494,467505,7,11,4,216000,1.63636363636
467602,467608,520032,6,52424,4,216000,1.0001144514
467628,467634,469459,6,1825,1,1800,1.00328767123
467644,467651,519859,7,52208,4,216000,1.00013407907
467672,467679,520713,7,53034,4,216000,1.0001319908
467931,467937,482115,6,14178,8,21600,1.00042319086
468166,468172,468467,6,295,4,108000,1.02033898305
468528,468535,482487,7,13952,1,14400,1.00050172018
468958,468964,469325,6,361,4,108000,1.01662049861
469294,469300,505305,6,36005,16,36000,1.00016664352
469711,469718,505744,7,36026,16,36000,1.00019430411
469987,469993,477937,6,7944,16,36000,1.00075528701
470010,470017,470027,7,10,3,108000,1.7
470014,470023,470024,9,1,3,108000,1.0
470080,470087,474847,7,4760,1,36000,1.00147058824
470084,470094,474864,10,4770,1,36000,1.00209643606
470088,470100,474889,12,4789,1,36000,1.00250574233
470230,470237,578271,7,108034,4,108000,1.00006479442
470418,477616,513656,7198,36040,16,36000,1.19972253052
470732,470738,578744,6,108006,4,108000,1.00005555247
470750,470767,474383,17,3616,1,3600,1.00470132743
470750,470761,470974,11,213,1,3600,1.05164319249
470751,470886,471378,135,492,1,3600,1.2743902439
470751,470778,471222,27,444,1,3600,1.06081081081
470751,470772,470991,21,219,1,3600,1.09589041096
470751,470783,471008,32,225,1,3600,1.14222222222
470752,470950,470990,198,40,1,3600,5.95
470752,470939,474577,187,3638,1,3600,1.05140186916
470752,470945,470968,193,23,1,3600,9.39130434783
470752,470910,471133,158,223,1,3600,1.70852017937
470753,471002,471023,249,21,1,3600,12.8571428571
470753,470986,474608,233,3622,1,3600,1.06432909994
470753,471009,471057,256,48,1,3600,6.33333333333
470753,477954,585980,7201,108026,4,108000,1.06665987818
470753,471015,471037,262,22,1,3600,12.9090909091
470753,470980,471002,227,22,1,3600,11.3181818182
470754,471022,471051,268,29,1,3600,10.2413793103
470758,471063,472160,305,1097,1,3600,1.27803099362
470758,471049,472371,291,1322,1,3600,1.22012102874
470758,471034,472408,276,1374,1,3600,1.20087336245
470759,471232,471298,473,66,1,3600,8.16666666667
470759,471070,472352,311,1282,1,3600,1.24258970359
470759,471239,471315,480,76,1,3600,7.31578947368
470759,471144,471221,385,77,1,3600,6.0
470760,471311,471389,551,78,1,3600,8.0641025641
470775,477959,585980,7184,108021,4,108000,1.06650558688
470801,479439,580670,8638,101231,4,108000,1.08532959271
470817,479920,587949,9103,108029,4,108000,1.08426441048
470845,475142,476756,4297,1614,8,3600,3.66232961586
471374,477622,481571,6248,3949,4,36000,2.58217270195
473238,473244,473247,6,3,1,610,1.0
473892,473899,475444,7,1545,4,1500,1.00453074434
474320,474327,477689,7,3362,1,7200,1.00208209399
475079,476768,477597,1689,829,1,7200,3.03739445115
475139,477949,482638,2810,4689,8,43200,1.5992748987
475281,477701,487186,2420,9485,1,86400,1.25513969425
475297,477907,481990,2610,4083,1,86400,1.63923585599
476972,477609,477897,637,288,1,14400,3.21180555556
477951,479444,479452,1493,8,1,610,150.1
478094,478100,486731,6,8631,5,43200,1.00069516858
478095,478106,486425,11,8319,5,43200,1.00132227431
478104,478112,487412,8,9300,5,43200,1.00086021505
478104,478117,490013,13,11896,5,43200,1.0010928043
478115,478124,490652,9,12528,5,43200,1.0007183908
478115,478129,491513,14,13384,5,43200,1.0010460251
478126,478136,490468,10,12332,5,43200,1.00081089848
478127,478142,486524,15,8382,5,43200,1.00178954903
478138,478148,490141,10,11993,5,43200,1.00083381973
478138,478154,488881,16,10727,5,43200,1.00149156334
478149,478160,486569,11,8409,5,43200,1.00130812225
478150,478166,486119,16,7953,5,43200,1.00201181944
478160,478172,487581,12,9409,5,43200,1.00127537464
478171,478178,488020,7,9842,5,43200,1.00071123755
478172,486130,494071,7958,7941,5,43200,2.00214078831
479397,523791,529630,44394,5839,8,172800,8.60301421476
479804,479811,479820,7,9,1,610,1.6
480048,481583,494929,1535,13346,4,15900,1.11501573505
480125,480132,480142,7,10,1,610,1.7
480185,517121,520746,36936,3625,16,3600,11.1892413793
480323,480329,480336,6,7,1,610,1.3
480469,482649,741863,2180,259214,16,259200,1.00841003958
480507,480513,480514,6,1,1,3540,1.0
480551,480557,480558,6,1,1,3540,1.0
480665,480671,480672,6,1,1,3540,1.0
481194,481201,481203,7,2,1,610,1.0
481268,481275,481276,7,1,1,3540,1.0
481446,481452,481455,6,3,1,610,1.0
481639,481646,481649,7,3,1,610,1.0
481992,482273,498811,281,16538,4,57600,1.01699117185
482127,482133,482141,6,8,1,610,1.4
482374,482382,482389,8,7,1,610,1.5
482973,483911,511602,938,27691,8,28800,1.03387382182
483019,847668,847921,364649,253,12,345600,1442.30039526
483046,488287,517086,5241,28799,8,28800,1.18198548561
483054,493134,516218,10080,23084,8,28800,1.43666608907
483060,494940,523775,11880,28835,8,28800,1.4119993064
483070,497658,526174,14588,28516,8,28800,1.51157245055
483076,505316,534139,22240,28823,8,28800,1.77160600909
483086,505321,534127,22235,28806,8,28800,1.77188780115
483094,505761,534588,22667,28827,8,28800,1.78631144413
483101,505766,534086,22665,28320,8,28800,1.80031779661
483107,511613,539004,28506,27391,8,28800,2.0407068015
483117,513672,539210,30555,25538,8,28800,2.19645234552
483125,513677,542480,30552,28803,8,28800,2.06072284137
483208,487202,514148,3994,26946,1,43200,1.14822237067
483219,494946,521831,11727,26885,1,43200,1.43619118468
483929,483936,483937,7,1,1,3540,1.0
484089,484097,484104,8,7,1,610,1.5
484234,484240,514162,6,29922,4,180600,1.00020052136
484235,487797,487804,3562,7,1,610,356.9
484731,517097,517109,32366,12,16,259200,2698.16666667
485040,487808,491370,2768,3562,1,3540,1.77709152162
485703,513683,801725,27980,288042,3,288000,1.09713861173
485734,519876,807892,34142,288016,3,288000,1.11854202544
486123,486436,497108,313,10672,5,43200,1.02932908546
486431,486535,496385,104,9850,5,43200,1.01055837563
486534,486580,500462,46,13882,5,43200,1.00331364357
486576,486742,497025,166,10283,5,43200,1.01614314889
486741,487423,499437,682,12014,5,43200,1.05676710504
487061,487802,487804,741,2,1,3540,74.3
487418,487592,496646,174,9054,5,43200,1.01921802518
487583,488031,496536,448,8505,5,43200,1.05267489712
488025,488324,500408,299,12084,5,43200,1.02474346243
488323,488893,497096,570,8203,5,43200,1.06948677313
488394,861429,1466269,373035,604840,3,604800,1.61674988427
488403,861434,1466261,373031,604827,3,604800,1.61675652707
488589,498823,499104,10234,281,2,43200,37.4199288256
488887,490153,498200,1266,8047,5,43200,1.15732571145
489119,529641,598086,40522,68445,5,172800,1.59203740229
489147,533185,574162,44038,40977,5,172800,2.07470044171
489316,499116,532075,9800,32959,2,43200,1.2973391183
489488,533191,601486,43703,68295,5,172800,1.63991507431
489512,534097,573957,44585,39860,5,172800,2.11853988961
490016,490024,503175,8,13151,5,43200,1.00060831876
490095,520048,550038,29953,29990,2,43200,1.99876625542
490150,490479,500157,329,9678,5,43200,1.03399462699
490478,491067,502837,589,11770,5,43200,1.05004248088
490547,520053,548787,29506,28734,2,43200,2.02686712605
490653,490663,500061,10,9398,5,43200,1.00106405618
490888,520757,534929,29869,14172,16,36000,3.10760654812
490889,520728,551093,29839,30365,2,43200,1.98267742467
491064,491524,503565,460,12041,5,43200,1.03820280708
491327,534941,535282,43614,341,16,36000,128.900293255
491516,494082,502396,2566,8314,5,43200,1.3086360356
491640,514173,520834,22533,6661,4,36000,4.38282540159
493569,535000,579004,41431,44004,12,86400,1.94152804291
493747,534138,553161,40391,19023,8,57600,3.12327182884
493803,534151,534986,40348,835,8,64800,49.3209580838
494082,496547,506899,2465,10352,5,43200,1.23811823802
494444,496396,496755,1952,359,5,14400,6.43732590529
494445,496766,497124,2321,358,5,14400,7.48324022346
494445,496658,497023,2213,365,5,14400,7.06301369863
496232,532113,539484,35881,7371,1,86400,5.86786053453
496244,534108,538194,37864,4086,1,86400,10.2667645619
496760,497035,507655,275,10620,5,43200,1.02589453861
497027,497042,510179,15,13137,5,43200,1.0011418132
497038,497107,504865,69,7758,5,43200,1.00889404486
497100,497135,507876,35,10741,5,43200,1.00325854204
497111,497120,506011,9,8891,5,43200,1.00101225959
497132,498211,510028,1079,11817,5,43200,1.09130913091
497566,529657,702466,32091,172809,1,172800,1.18570213357
498210,500073,515641,1863,15568,5,43200,1.11966855087
499036,534113,561476,35077,27363,1,86400,2.28191353287
499441,499449,514564,8,15115,5,43200,1.00052927555
500067,500168,513141,101,12973,5,43200,1.00778540045
500163,500473,508754,310,8281,5,43200,1.03743509238
500410,500420,508725,10,8305,5,43200,1.00120409392
500472,502407,513656,1935,11249,5,43200,1.17201529025
501448,514160,591439,12712,77279,1,86400,1.16449488218
501463,519881,597054,18418,77173,1,86400,1.23865859821
501469,520734,582380,19265,61646,1,86400,1.31251013853
501586,520739,598087,19153,77348,1,86400,1.24762114082
501597,520847,598153,19250,77306,1,86400,1.2490104261
501609,520852,598309,19243,77457,1,86400,1.24843461533
501616,520857,582454,19241,61597,1,86400,1.31236910889
502067,520863,607291,18796,86428,1,86400,1.21747581802
502073,521842,608266,19769,86424,1,86400,1.22874433028
502091,529647,616068,27556,86421,1,86400,1.31885768505
502098,529652,616093,27554,86441,1,86400,1.31876077324
502401,502848,514996,447,12148,5,43200,1.03679618044
502842,503187,512293,345,9106,5,43200,1.0378871074
503181,503576,511998,395,8422,5,43200,1.04690097364
503572,504876,512933,1304,8057,5,43200,1.16184684126
504875,506022,513943,1147,7921,5,43200,1.14480494887
504992,505755,505757,763,2,2,3540,76.5
506014,506910,516249,896,9339,5,43200,1.09594174965
506906,507666,519181,760,11515,5,43200,1.06600086843
507665,507887,519610,222,11723,5,43200,1.01893713213
507881,508736,517289,855,8553,5,43200,1.09996492459
508732,508765,519898,33,11133,5,43200,1.0029641606
508764,510039,523256,1275,13217,5,43200,1.09646667171
510035,510190,520701,155,10511,5,43200,1.01474645609
510189,512009,521431,1820,9422,5,43200,1.19316493314
512004,512305,520782,301,8477,5,43200,1.03550784476
512302,512944,523355,642,10411,5,43200,1.06166554606
512938,513152,521858,214,8706,5,43200,1.02458074891
513144,513667,522973,523,9306,5,43200,1.05620030088
513657,513954,526132,297,12178,5,43200,1.02438824109
513944,514575,526552,631,11977,5,43200,1.0526843116
514570,515007,524127,437,9120,5,43200,1.04791666667
515001,515653,524184,652,8531,5,43200,1.07642714805
515647,516260,525218,613,8958,5,43200,1.06843045323
516253,517300,529161,1047,11861,5,43200,1.08827248967
517299,519192,533086,1893,13894,5,43200,1.13624586152
517403,526185,670232,8782,144047,8,259200,1.06096621242
519186,519621,531622,435,12001,5,43200,1.03624697942
519617,519909,532762,292,12853,5,43200,1.02271843149
519904,520793,529977,889,9184,5,43200,1.09679878049
520704,520713,532824,9,12111,5,43200,1.00074312608
520786,521870,532947,1084,11077,5,43200,1.09786043152
521433,521443,531684,10,10241,5,43200,1.00097646714
521863,522984,534212,1121,11228,5,43200,1.0998396865
522981,523267,531813,286,8546,5,43200,1.03346594898
523258,523366,532835,108,9469,5,43200,1.01140563946
523361,524138,535854,777,11716,5,43200,1.06631956299
524129,524195,534156,66,9961,5,43200,1.00662584078
524191,525230,533859,1039,8629,5,43200,1.12040792676
525226,526143,536688,917,10545,5,43200,1.08696064486
526136,526563,539180,427,12617,5,43200,1.03384322739
526558,529172,541164,2614,11992,5,43200,1.21797865243
527113,532086,532096,4973,10,1,3600,498.3
529170,529989,540572,819,10583,5,43200,1.0773882642
529980,531633,544635,1653,13002,5,43200,1.12713428703
530812,532092,532100,1280,8,1,1800,128.8
530997,532106,532237,1109,131,1,3600,9.46564885496
531631,531696,543209,65,11513,5,43200,1.00564579171
531693,531825,541602,132,9777,5,43200,1.01350107395
531816,532773,544378,957,11605,5,43200,1.08246445498
532202,532248,532377,46,129,1,3600,1.35658914729
532294,532387,532464,93,77,1,1800,2.20779220779
532357,532474,532778,117,304,1,3600,1.38486842105
532505,532788,533097,283,309,1,3600,1.91585760518
532750,533107,533208,357,101,1,1800,4.53465346535
532769,532837,541182,68,8345,5,43200,1.00814859197
532831,532847,542081,16,9234,5,43200,1.00173272688
532842,532959,545256,117,12297,5,43200,1.00951451574
532955,533097,542193,142,9096,5,43200,1.0156112577
533006,533218,533855,212,637,1,3600,1.3328100471
533089,533871,542517,782,8646,5,43200,1.09044644923
533334,533865,534503,531,638,1,3600,1.83228840125
533832,534103,534481,271,378,1,1800,1.71693121693
533869,534167,546385,298,12218,5,43200,1.0243902439
534157,534224,543705,67,9481,5,43200,1.00706676511
534218,535865,547178,1647,11313,5,43200,1.14558472554
534746,534753,534851,7,98,1,3600,1.07142857143
534958,534964,535254,6,290,1,3600,1.02068965517
534987,534994,535000,7,6,1,3600,1.3
535106,535112,535211,6,99,1,3600,1.06060606061
535204,535211,535218,7,7,1,1800,1.4
535337,535343,535636,6,293,1,3600,1.0204778157
535415,535422,535465,7,43,1,1800,1.16279069767
535536,535542,536066,6,524,1,3600,1.01145038168
535752,535758,535838,6,80,1,1800,1.075
535856,536699,546296,843,9597,5,43200,1.08783994998
535926,535932,536470,6,538,1,3600,1.01115241636
536594,536600,536856,6,256,1,1800,1.0234375
536696,539191,547324,2495,8133,5,43200,1.30677486782
538462,538468,538545,6,77,1,1800,1.07792207792
538838,538844,538933,6,89,1,1800,1.06741573034
539183,540583,549820,1400,9237,5,43200,1.15156436072
539566,539572,539942,6,370,1,1800,1.01621621622
540579,541175,551624,596,10449,5,43200,1.0570389511
541173,541193,555257,20,14064,5,43200,1.00142207053
541183,541613,553902,430,12289,5,43200,1.03499064204
541266,541273,541312,7,39,1,1800,1.17948717949
541603,542092,551855,489,9763,5,43200,1.0500870634
541613,541620,541692,7,72,1,1800,1.09722222222
542084,542204,552684,120,10480,5,43200,1.01145038168
542197,542528,554800,331,12272,5,43200,1.02697196871
542450,542456,542694,6,238,1,1800,1.02521008403
542525,543716,556456,1191,12740,5,43200,1.09348508634
543212,543221,556622,9,13401,5,43200,1.00067159167
543706,544389,552394,683,8005,5,43200,1.08532167395
544381,544646,557128,265,12482,5,43200,1.02123057202
544638,545267,557283,629,12016,5,43200,1.05234687084
545035,864397,1066794,319362,202397,8,604800,2.5778988819
545262,546307,555018,1045,8711,5,43200,1.11996326484
546299,546396,554664,97,8268,5,43200,1.01173197871
546392,547189,556833,797,9644,5,43200,1.08264205724
547181,547335,556855,154,9520,5,43200,1.01617647059
547325,549831,557950,2506,8119,5,43200,1.30865870181
547552,547558,553659,6,6101,8,7200,1.00098344534
547908,547914,550321,6,2407,8,7200,1.00249272954
548173,548180,553605,7,5425,8,7200,1.00129032258
548362,548368,548579,6,211,8,7200,1.02843601896
549822,551635,561292,1813,9657,5,43200,1.1877394636
549857,549863,550158,6,295,4,216000,1.02033898305
550221,550227,558150,6,7923,4,216000,1.00075728891
550286,550293,558293,7,8000,4,216000,1.000875
550327,550333,558603,6,8270,4,216000,1.00072551391
551633,551866,560291,233,8425,5,43200,1.02765578635
551859,552405,565574,546,13169,5,43200,1.04146100691
552402,552695,562889,293,10194,5,43200,1.02874239749
552689,553913,565912,1224,11999,5,43200,1.10200850071
552856,552862,552863,6,1,1,36000,1.0
552953,552959,572316,6,19357,1,36000,1.00030996539
553017,553024,572392,7,19368,1,36000,1.0003614209
553090,553096,572390,6,19294,1,36000,1.00031097751
553907,554675,562948,768,8273,5,43200,1.09283210444
554674,554811,563439,137,8628,5,43200,1.015878535
554808,555029,568134,221,13105,5,43200,1.01686379245
555023,555269,563960,246,8691,5,43200,1.02830514325
555259,556633,564688,1374,8055,5,43200,1.17057728119
556457,556467,568559,10,12092,5,43200,1.00082699305
556631,556844,567105,213,10261,5,43200,1.0207582107
556836,556867,569118,31,12251,5,43200,1.00253040568
556857,557139,567272,282,10133,5,43200,1.02782986282
557134,557294,569108,160,11814,5,43200,1.01354325377
557288,557961,565919,673,7958,5,43200,1.08456898718
557953,561304,570854,3351,9550,5,43200,1.35089005236
558741,558747,559437,6,690,1,14400,1.00869565217
558786,864392,878374,305606,13982,8,345600,22.8571019883
558794,558801,559081,7,280,1,14400,1.025
558880,558887,558905,7,18,1,7200,1.38888888889
558975,558981,565855,6,6874,1,14400,1.00087285423
560295,560302,570387,7,10085,5,43200,1.00069410015
561298,562900,573963,1602,11063,5,43200,1.14480701437
562161,562167,716066,6,153899,5,244800,1.00003898661
562894,562959,570695,65,7736,5,43200,1.00840227508
562956,563450,574298,494,10848,5,43200,1.04553834808
563447,563971,572872,524,8901,5,43200,1.05886978991
563925,563931,650368,6,86437,2,86400,1.00006941472
563969,564699,576559,730,11860,5,43200,1.06155143339
564014,564020,566879,6,2859,2,14400,1.00209863589
564696,565586,579420,890,13834,5,43200,1.06433424895
565576,565924,578944,348,13020,5,43200,1.0267281106
565914,565930,577599,16,11669,5,43200,1.00137115434
565924,567116,575712,1192,8596,5,43200,1.13866914844
567111,567283,575547,172,8264,5,43200,1.02081316554
567275,568146,580041,871,11895,5,43200,1.07322404372
567711,568266,597075,555,28809,4,28800,1.01926481308
567711,567717,568260,6,543,4,28800,1.01104972376
567712,597081,625887,29369,28806,4,28800,2.01954453933
567713,625893,654709,58180,28816,4,28800,3.01901721266
567714,654715,683528,87001,28813,4,28800,4.01950508451
567715,683534,700964,115819,17430,4,28800,7.64480780264
568010,568016,568035,6,19,4,28800,1.31578947368
568010,568041,568075,31,34,4,28800,1.91176470588
568011,568082,568085,71,3,4,28800,7.4
568135,568571,580579,436,12008,5,43200,1.03630912725
568173,597004,625823,28831,28819,4,28800,2.00041639196
568173,568179,596998,6,28819,4,28800,1.00020819598
568174,625829,632373,57655,6544,4,28800,9.8103606357
568174,632378,632400,64204,22,4,28800,2919.36363636
568175,632406,632418,64231,12,4,28800,5353.58333333
568176,632425,632435,64249,10,4,28800,6425.9
568177,632442,632453,64265,11,4,28800,5843.27272727
568178,632459,632469,64281,10,4,28800,6429.1
568586,570011,579777,1425,9766,5,43200,1.14591439689
568594,569119,570000,525,881,5,14400,1.59591373439
568734,568741,646363,7,77622,1,86400,1.00009018062
568748,568756,646413,8,77657,1,86400,1.00010301711
568946,568952,651123,6,82171,1,86400,1.00007301846
568952,568960,651578,8,82618,1,86400,1.0000968312
568959,568966,651528,7,82562,1,86400,1.00008478477
569118,569129,577598,11,8469,5,43200,1.00129885465
570008,570398,578704,390,8306,5,43200,1.04695400915
570398,570706,578648,308,7942,5,43200,1.03878116343
570705,570865,579953,160,9088,5,43200,1.0176056338
570859,572883,583690,2024,10807,5,43200,1.18728601832
572562,572568,573080,6,512,1,1800,1.01171875
572874,573974,585296,1100,11322,5,43200,1.09715597951
573969,574309,582624,340,8315,5,43200,1.04088995791
574307,575558,586588,1251,11030,5,43200,1.11341795104
575457,575724,578768,267,3044,5,14400,1.08771353482
575718,576570,589871,852,13301,5,43200,1.06405533419
576567,577609,588143,1042,10534,5,43200,1.09891779001
577600,577616,588087,16,10471,5,43200,1.0015280298
577611,578659,586881,1048,8222,5,43200,1.1274629044
578655,578715,588642,60,9927,5,43200,1.00604412209
578706,578779,587213,73,8434,5,43200,1.00865544226
578778,578955,587011,177,8056,5,43200,1.02197120159
578953,579431,592436,478,13005,5,43200,1.03675509419
579424,579788,592665,364,12877,5,43200,1.0282674536
579782,579964,588412,182,8448,5,43200,1.02154356061
579956,580052,588356,96,8304,5,43200,1.01156069364
580049,580590,589518,541,8928,5,43200,1.06059587814
580581,582636,593613,2055,10977,5,43200,1.18720962011
582625,583702,598782,1077,15080,5,43200,1.07141909814
583699,585308,596290,1609,10982,5,43200,1.14651247496
585304,586598,598294,1294,11696,5,43200,1.11063611491
586592,586892,595803,300,8911,5,43200,1.03366625519
586891,587023,601729,132,14706,5,43200,1.00897592819
587014,587225,598851,211,11626,5,43200,1.01814897643
587219,588098,598415,879,10317,5,43200,1.08519918581
588088,588155,600011,67,11856,5,43200,1.0056511471
588150,588367,596800,217,8433,5,43200,1.02573224238
588365,588423,598251,58,9828,5,43200,1.0059015059
588417,588654,599985,237,11331,5,43200,1.02091607096
588652,589529,599533,877,10004,5,43200,1.08766493403
589521,589882,598360,361,8478,5,43200,1.04258079736
589879,592447,601115,2568,8668,5,43200,1.29626211352
591384,591391,591393,7,2,2,3540,1.0
592443,592676,605116,233,12440,5,43200,1.01872990354
592668,593624,605554,956,11930,5,43200,1.08013411567
593618,595815,606524,2197,10709,5,43200,1.20515454291
595805,596301,609113,496,12812,5,43200,1.0387137059
596296,596811,608279,515,11468,5,43200,1.04490756889
596304,596311,597337,7,1026,5,172800,1.00682261209
596344,596350,598237,6,1887,5,172800,1.00317965024
596807,598262,608054,1455,9792,5,43200,1.14859068627
597750,597757,597904,7,147,5,172800,1.04761904762
598179,598185,638567,6,40382,5,172800,1.00014858105
598258,598305,609930,47,11625,5,43200,1.00404301075
598264,598271,598456,7,185,5,172800,1.03783783784
598299,598371,606733,72,8362,5,43200,1.00861038029
598361,598427,607688,66,9261,5,43200,1.00712666019
598422,598793,611274,371,12481,5,43200,1.02972518228
598791,599544,608706,753,9162,5,43200,1.08218729535
598852,598862,607557,10,8695,5,43200,1.00115008626
599537,599997,612113,460,12116,5,43200,1.03796632552
599987,600022,609536,35,9514,5,43200,1.00367878915
600018,601126,612119,1108,10993,5,43200,1.10079141272
601121,601740,611266,619,9526,5,43200,1.06498005459
601734,605127,613092,3393,7965,5,43200,1.42598870056
602095,602102,602104,7,2,2,3540,1.0
