SubmitTime,StartTime,EndTime,QueuedTime,RunTime,NodesRequested,walltime,bslowdown
2127,2137,8493,10,6356,2,14400,1.00157331655
2160,2169,8542,9,6373,2,14400,1.00141220775
2491,2501,9825,10,7324,2,14400,1.00136537411
2704,2715,9034,11,6319,2,14400,1.00174078177
3110,3120,10106,10,6986,2,14400,1.0014314343
3128,3139,9954,11,6815,2,14400,1.00161408657
3161,3171,9794,10,6623,2,14400,1.00150988978
3299,3305,4068,6,763,32,3540,1.00786369594
4253,4259,4556,6,297,32,3540,1.0202020202
4635,4645,11159,10,6514,2,14400,1.00153515505
4948,4956,11176,8,6220,2,14400,1.00128617363
5068,5078,11240,10,6162,2,14400,1.00162284972
5293,5304,11140,11,5836,2,14400,1.00188485264
5444,5452,12107,8,6655,2,14400,1.00120210368
5615,5625,12110,10,6485,2,14400,1.00154202005
6367,6376,13479,9,7103,2,14400,1.00126707025
6478,6489,13421,11,6932,2,14400,1.00158684362
8494,8504,14333,10,5829,2,14400,1.00171556013
8545,8553,15688,8,7135,2,14400,1.00112123336
8638,8645,8651,7,6,1,3600,1.3
8765,8771,8966,6,195,1,3600,1.03076923077
9035,9045,15720,10,6675,2,14400,1.00149812734
9098,9104,9345,6,241,1,3600,1.02489626556
9590,9596,10153,6,557,1,3600,1.01077199282
9796,9805,15960,9,6155,2,14400,1.00146222583
9826,9836,16657,10,6821,2,14400,1.00146606069
9955,9966,16334,11,6368,2,14400,1.00172738693
10109,10117,17079,8,6962,2,14400,1.00114909509
10678,10684,10689,6,5,1,3600,1.1
10805,10811,10884,6,73,1,3600,1.08219178082
11017,11023,11247,6,224,1,3600,1.02678571429
11140,11151,18132,11,6981,2,14400,1.00157570549
11161,11170,17962,9,6792,2,14400,1.00132508834
11179,11187,18161,8,6974,2,14400,1.00114711787
11242,11251,17503,9,6252,2,14400,1.00143953935
11546,11552,11997,6,445,1,3600,1.01348314607
12109,12118,18908,9,6790,2,14400,1.00132547865
12123,12130,18624,7,6494,2,14400,1.00107791808
12206,12212,12219,6,7,1,1800,1.3
12368,12374,12443,6,69,1,1800,1.08695652174
12524,12530,12695,6,165,1,3600,1.03636363636
12650,12657,12747,7,90,1,1800,1.07777777778
12825,12831,13244,6,413,1,3600,1.01452784504
13321,13327,13700,6,373,1,1800,1.01608579088
13423,13433,19807,10,6374,2,14400,1.00156887355
13478,13484,14050,6,566,1,3600,1.01060070671
13480,13491,20592,11,7101,2,14400,1.00154907759
14334,14345,20455,11,6110,2,14400,1.00180032733
14358,14364,14370,6,6,1,1800,1.2
14520,14526,14564,6,38,1,1800,1.15789473684
14776,14783,14856,7,73,1,1800,1.09589041096
14881,14887,15051,6,164,1,3600,1.03658536585
15181,15187,15402,6,215,1,3600,1.02790697674
15559,15565,15815,6,250,1,1800,1.024
15688,15702,22053,14,6351,2,14400,1.00220437726
15689,15695,16130,6,435,1,3600,1.01379310345
15721,15731,21956,10,6225,2,14400,1.0016064257
15950,15956,22604,6,6648,20,18000,1.00090252708
15961,15971,22354,10,6383,2,14400,1.00156666144
16335,16346,22675,11,6329,2,14400,1.00173803128
16657,16668,22967,11,6299,2,14400,1.00174630894
17081,17091,23776,10,6685,2,14400,1.00149588631
17505,17514,23866,9,6352,2,14400,1.00141687657
17963,17973,25133,10,7160,2,14400,1.00139664804
18134,18143,24574,9,6431,2,14400,1.00139947131
18164,18173,24958,9,6785,2,14400,1.00132645542
18627,18635,25692,8,7057,2,14400,1.00113362619
18909,18920,25576,11,6656,2,14400,1.00165264423
19809,19818,26487,9,6669,2,14400,1.00134952767
19849,19855,19925,6,70,1,1800,1.08571428571
20147,20153,20235,6,82,1,1800,1.07317073171
20455,20466,27776,11,7310,2,14400,1.00150478796
20594,20603,26837,9,6234,2,14400,1.00144369586
20700,20706,21060,6,354,1,1800,1.01694915254
21957,21967,28542,10,6575,2,14400,1.00152091255
22055,22065,29178,10,7113,2,14400,1.00140587656
22143,22150,22186,7,36,1,1800,1.19444444444
22356,22365,28943,9,6578,2,14400,1.00136819702
22412,22418,22483,6,65,1,1800,1.09230769231
22675,22686,30222,11,7536,2,14400,1.0014596603
22970,22979,29601,9,6622,2,14400,1.00135910601
23074,23080,23313,6,233,1,1800,1.02575107296
23780,23788,30539,8,6751,2,14400,1.00118500963
23870,23878,30836,8,6958,2,14400,1.00114975568
24577,24585,31325,8,6740,2,14400,1.00118694362
24959,24969,31401,10,6432,2,14400,1.00155472637
25136,25145,31310,9,6165,2,14400,1.00145985401
25578,25587,31886,9,6299,2,14400,1.00142879822
25692,25703,32835,11,7132,2,14400,1.00154234436
26020,26026,26910,6,884,32,3540,1.00678733032
26488,26498,33567,10,7069,2,14400,1.00141462725
26839,26848,34348,9,7500,2,14400,1.0012
27778,27788,34588,10,6800,2,14400,1.00147058824
28545,28553,34788,8,6235,2,14400,1.00128307939
28715,28721,29255,6,534,20,7199,1.01123595506
28850,28856,34123,6,5267,16,10799,1.00113916841
28945,28954,36408,9,7454,2,14400,1.00120740542
29179,29189,36428,10,7239,2,14400,1.00138140627
29603,29612,36400,9,6788,2,14400,1.00132586918
30223,30233,36917,10,6684,2,14400,1.00149611011
30542,30550,37129,8,6579,2,14400,1.00121599027
30837,30847,37906,10,7059,2,14400,1.00141663125
31312,31322,37836,10,6514,2,14400,1.00153515505
31327,31336,38363,9,7027,2,14400,1.00128077416
31402,31412,37208,10,5796,2,14400,1.00172532781
31889,31897,38567,8,6670,2,14400,1.0011994003
32837,32847,39713,10,6866,2,14400,1.00145645208
33568,33579,39655,11,6076,2,14400,1.00181040158
34163,34169,35570,6,1401,4,34200,1.00428265525
34350,34359,41454,9,7095,2,14400,1.00126849894
34591,34599,40999,8,6400,2,14400,1.00125
34789,34800,41509,11,6709,2,14400,1.00163958861
34974,34981,35693,7,712,4,34200,1.00983146067
35767,35773,35805,6,32,4,34200,1.1875
36317,36323,37123,6,800,4,34200,1.0075
36402,36411,43218,9,6807,2,14400,1.00132216836
36417,36423,42999,6,6576,2,14400,1.00091240876
36432,36440,43438,8,6998,2,14400,1.00114318377
36651,36657,39148,6,2491,4,34200,1.00240867122
36919,36928,43126,9,6198,2,14400,1.00145208132
37129,37140,43990,11,6850,2,14400,1.00160583942
37210,37220,44587,10,7367,2,14400,1.00135740464
37286,37292,38073,6,781,4,34200,1.00768245839
37836,37847,44649,11,6802,2,14400,1.00161717142
37908,37917,44360,9,6443,2,14400,1.00139686481
38365,38374,44581,9,6207,2,14400,1.00144997583
38570,38578,45400,8,6822,2,14400,1.00117267663
39079,39085,40813,6,1728,4,34200,1.00347222222
39622,39628,40345,6,717,4,34200,1.00836820084
39656,39666,46209,10,6543,2,14400,1.00152835091
39713,39724,46239,11,6515,2,14400,1.00168841136
41001,41010,47447,9,6437,2,14400,1.00139816685
41190,41196,41298,6,102,4,34200,1.05882352941
41325,41331,41383,6,52,4,34200,1.11538461538
41370,41376,41559,6,183,4,34200,1.03278688525
41455,41466,48232,11,6766,2,14400,1.00162577594
41512,41520,47813,8,6293,2,14400,1.00127125377
41829,41835,42558,6,723,4,34200,1.00829875519
41854,41860,42900,6,1040,4,34200,1.00576923077
43002,43010,49722,8,6712,2,14400,1.00119189511
43128,43137,49857,9,6720,2,14400,1.00133928571
43221,43230,50340,9,7110,2,14400,1.00126582278
43440,43449,49991,9,6542,2,14400,1.00137572608
43518,43524,44099,6,575,4,34200,1.01043478261
43766,43772,44413,6,641,4,34200,1.00936037441
43990,44001,51060,11,7059,2,14400,1.00155829438
44363,44372,51446,9,7074,2,14400,1.00127226463
44488,44494,45088,6,594,4,34200,1.0101010101
44583,44592,51265,9,6673,2,14400,1.00134871872
44597,44604,50911,7,6307,2,14400,1.00110987791
44651,44660,51570,9,6910,2,14400,1.0013024602
45151,45157,45276,6,119,4,34200,1.05042016807
45179,45186,342220,7,297034,1,345600,1.00002356633
45400,45411,52101,11,6690,2,14400,1.00164424514
45456,45463,45582,7,119,4,34200,1.05882352941
45987,45994,53177,7,7183,4,34200,1.00097452318
46210,46221,52856,11,6635,2,14400,1.00165787491
46240,46250,52257,10,6007,2,14400,1.00166472449
47449,47458,54013,9,6555,2,14400,1.00137299771
47699,47706,55827,7,8121,4,34200,1.00086196281
47815,47824,54135,9,6311,2,14400,1.00142608145
48233,48243,55042,10,6799,2,14400,1.00147080453
49474,49480,53641,6,4161,16,10800,1.00144196107
49568,49574,53756,6,4182,16,10800,1.00143472023
49723,49733,56635,10,6902,2,14400,1.0014488554
49858,49868,56951,10,7083,2,14400,1.00141183114
49993,50002,56788,9,6786,2,14400,1.00132625995
50342,50351,57258,9,6907,2,14400,1.00130302592
50913,50922,57822,9,6900,2,14400,1.00130434783
51061,51071,57362,10,6291,2,14400,1.00158957241
51265,51276,57093,11,5817,2,14400,1.00189100911
51448,51457,58482,9,7025,2,14400,1.00128113879
51572,51581,58526,9,6945,2,14400,1.00129589633
52104,52112,58939,8,6827,2,14400,1.00117181778
52261,52269,58908,8,6639,2,14400,1.00120500075
52856,52867,59444,11,6577,2,14400,1.00167249506
54015,54024,60568,9,6544,2,14400,1.00137530562
54138,54146,60281,8,6135,2,14400,1.00130399348
55044,55054,62158,10,7104,2,14400,1.00140765766
55179,55185,55422,6,237,1,72000,1.0253164557
55186,55193,55425,7,232,1,72000,1.03017241379
55195,55201,55426,6,225,1,72000,1.02666666667
55199,55207,55429,8,222,1,72000,1.03603603604
55212,55218,55430,6,212,1,72000,1.02830188679
55215,55225,55431,10,206,1,72000,1.04854368932
55219,55230,55433,11,203,1,72000,1.05418719212
55224,55237,55434,13,197,1,72000,1.06598984772
55578,55584,55933,6,349,1,144000,1.01719197708
55602,55608,55631,6,23,1,72000,1.26086956522
55910,55917,55939,7,22,1,144000,1.31818181818
55997,56003,121790,6,65787,1,144000,1.00009120343
56042,56049,121791,7,65742,1,144000,1.00010647683
56057,56063,121792,6,65729,1,144000,1.00009128391
56198,56204,121793,6,65589,1,144000,1.00009147875
56286,56292,61610,6,5318,16,10799,1.0011282437
56287,56299,121797,12,65498,1,144000,1.0001832117
56333,56339,121797,6,65458,1,144000,1.00009166183
56381,56387,121799,6,65412,1,144000,1.00009172629
56388,56395,121800,7,65405,1,144000,1.00010702546
56639,56647,64525,8,7878,2,14400,1.00101548616
56789,56799,63104,10,6305,2,14400,1.00158604282
56911,56917,57010,6,93,4,34200,1.06451612903
56951,56962,63642,11,6680,2,14400,1.00164670659
57003,57009,58622,6,1613,4,34200,1.00371977681
57095,57104,64323,9,7219,2,14400,1.00124671007
57110,57116,57208,6,92,4,34200,1.0652173913
57260,57269,64317,9,7048,2,14400,1.001276958
57362,57373,64649,11,7276,2,14400,1.00151181968
57484,57490,57575,6,85,4,34200,1.07058823529
57659,57665,57754,6,89,4,34200,1.06741573034
57817,57824,58631,7,807,4,34200,1.00867410161
57826,57833,63785,7,5952,2,14400,1.00117607527
58482,58493,65029,11,6536,2,14400,1.00168298654
58527,58537,65390,10,6853,2,14400,1.00145921494
58909,58919,65448,10,6529,2,14400,1.00153162812
58942,58950,65101,8,6151,2,14400,1.00130060153
59002,59008,59660,6,652,4,34200,1.00920245399
59113,59119,59763,6,644,4,34200,1.00931677019
59445,59455,66032,10,6577,2,14400,1.00152045005
60281,60292,66651,11,6359,2,14400,1.00172983173
60570,60579,67123,9,6544,2,14400,1.00137530562
62159,62169,69488,10,7319,2,14400,1.00136630687
63107,63116,70156,9,7040,2,14400,1.00127840909
63645,63653,69615,8,5962,2,14400,1.0013418316
63787,63796,70034,9,6238,2,14400,1.00144277012
64319,64328,70922,9,6594,2,14400,1.00136487716
64334,64340,71376,6,7036,2,14400,1.00085275725
64526,64537,70951,11,6414,2,14400,1.00171499844
64652,64661,71356,9,6695,2,14400,1.00134428678
64792,64798,67485,6,2687,4,10800,1.00223297358
64928,64934,65143,6,209,4,10800,1.02870813397
65031,65041,71984,10,6943,2,14400,1.00144029958
65105,65112,71675,7,6563,2,14400,1.0010665854
65234,65240,65411,6,171,4,10800,1.0350877193
65398,65404,72061,6,6657,2,14400,1.00090130689
65459,65465,72332,6,6867,2,14400,1.00087374399
66034,66043,73162,9,7119,2,14400,1.0012642225
66586,66592,66781,6,189,4,10800,1.03174603175
66679,66686,73866,7,7180,2,14400,1.00097493036
67143,67149,73768,6,6619,2,14400,1.00090648134
68064,68070,68717,6,647,4,34200,1.00927357032
68269,68275,70474,6,2199,2,144000,1.00272851296
68894,68900,69551,6,651,4,34200,1.00921658986
69356,69362,69899,6,537,4,10800,1.01117318436
69491,69499,76648,8,7149,2,14400,1.00111903763
69585,69591,69621,6,30,4,10800,1.2
69617,69626,76084,9,6458,2,14400,1.00139362032
69733,69739,69782,6,43,4,10800,1.13953488372
69811,69818,69923,7,105,4,10800,1.06666666667
70035,70051,77008,16,6957,2,14400,1.00229984189
70038,70044,70675,6,631,4,34200,1.00950871632
70158,70167,77016,9,6849,2,14400,1.00131406045
70489,70495,70650,6,155,2,144000,1.03870967742
70679,70686,117228,7,46542,2,144000,1.00015040179
70733,70740,70834,7,94,4,10800,1.07446808511
70790,70796,70806,6,10,10,3600,1.6
70893,70899,70905,6,6,10,3600,1.2
70923,70933,77593,10,6660,2,14400,1.0015015015
70953,70962,77825,9,6863,2,14400,1.00131137986
71359,71367,77934,8,6567,2,14400,1.00121821227
71376,71387,78079,11,6692,2,14400,1.00164375374
71677,71686,78601,9,6915,2,14400,1.00130151844
71951,71957,86299,6,14342,4,21600,1.00041835169
71987,71995,79188,8,7193,2,14400,1.00111219241
72062,72072,78074,10,6002,2,14400,1.0016661113
72284,72290,72983,6,693,4,34200,1.00865800866
72323,72329,72337,6,8,10,3600,1.4
72333,72343,79139,10,6796,2,14400,1.0014714538
72572,72578,72584,6,6,10,3600,1.2
72774,72781,72790,7,9,1,240,1.6
73164,73173,79070,9,5897,2,14400,1.00152619976
73340,73346,73352,6,6,10,3600,1.2
73449,73455,74081,6,626,4,34200,1.00958466454
73768,73779,80377,11,6598,2,14400,1.00166717187
73868,73877,80793,9,6916,2,14400,1.00130133025
74194,74200,74237,6,37,4,34200,1.16216216216
74389,74395,75052,6,657,4,34200,1.00913242009
74623,74629,74636,6,7,10,3600,1.3
74667,74673,75327,6,654,4,34200,1.00917431193
74699,74706,74714,7,8,10,3600,1.5
74793,74799,74804,6,5,10,3600,1.1
75009,75015,75022,6,7,10,3600,1.3
75093,75099,75104,6,5,10,3600,1.1
75145,75151,75158,6,7,10,3600,1.3
76086,76095,82995,9,6900,2,14400,1.00130434783
76098,76104,84926,6,8822,4,34200,1.00068011789
76123,76130,76137,7,7,10,3600,1.4
76189,76195,76221,6,26,10,3600,1.23076923077
76389,76395,77328,6,933,10,3600,1.00643086817
76649,76659,83735,10,7076,2,14400,1.00141322781
77010,77020,84027,10,7007,2,14400,1.00142714428
77024,77031,83142,7,6111,2,14400,1.00114547537
77433,77439,78061,6,622,4,34200,1.00964630225
77596,77604,84639,8,7035,2,14400,1.00113717129
77624,77631,653660,7,576029,20,576000,1.00001215217
77827,77836,84521,9,6685,2,14400,1.00134629768
77935,77945,84395,10,6450,2,14400,1.0015503876
78077,78086,85108,9,7022,2,14400,1.00128168613
78091,78097,84720,6,6623,2,14400,1.00090593387
78518,78524,79353,6,829,4,34200,1.00723763571
78604,78612,85201,8,6589,2,14400,1.00121414479
79070,79081,85514,11,6433,2,14400,1.00170993316
79139,79150,85753,11,6603,2,14400,1.00166590944
79190,79199,86201,9,7002,2,14400,1.00128534704
79631,79637,92342,6,12705,4,34200,1.00047225502
80379,80388,88099,9,7711,2,14400,1.00116716379
80794,80804,87330,10,6526,2,14400,1.00153233221
82997,83006,89751,9,6745,2,14400,1.00133432172
83144,83153,90344,9,7191,2,14400,1.00125156446
83583,83589,83590,6,1,1,240,1.0
83737,83747,89974,10,6227,2,14400,1.00160590975
84028,84038,90556,10,6518,2,14400,1.00153421295
84395,84406,90463,11,6057,2,14400,1.00181608057
84522,84532,91086,10,6554,2,14400,1.00152578578
84642,84651,91012,9,6361,2,14400,1.00141487188
84723,84731,91399,8,6668,2,14400,1.00119976005
84879,84885,85129,6,244,1,3540,1.02459016393
85111,85119,92002,8,6883,2,14400,1.00116228389
85204,85213,92234,9,7021,2,14400,1.00128186868
85232,85238,87268,6,2030,1,3540,1.00295566502
85308,85314,85490,6,176,1,3540,1.03409090909
85356,85362,85621,6,259,1,3540,1.02316602317
85403,85409,85884,6,475,1,3540,1.01263157895
85475,85481,85839,6,358,1,3540,1.01675977654
85517,85525,92214,8,6689,2,14400,1.00119599342
85522,85532,86034,10,502,1,3540,1.01992031873
85569,85576,86049,7,473,1,3540,1.01479915433
85618,85624,86125,6,501,1,3540,1.0119760479
85667,85673,86143,6,470,1,3540,1.01276595745
85714,85721,86223,7,502,1,3540,1.01394422311
85755,85764,92687,9,6923,2,14400,1.00130001444
85910,85916,86174,6,258,1,3540,1.02325581395
86156,86162,86341,6,179,1,3540,1.03351955307
86203,86212,93641,9,7429,2,14400,1.00121146857
86327,86333,86451,6,118,4,3540,1.05084745763
86375,86381,86503,6,122,1,3540,1.04918032787
87333,87341,93743,8,6402,2,14400,1.0012496095
88100,88110,95099,10,6989,2,14400,1.00143081986
89752,89762,96970,10,7208,2,14400,1.00138734739
89974,89985,96304,11,6319,2,14400,1.00174078177
90344,90355,97050,11,6695,2,14400,1.00164301718
90465,90474,97238,9,6764,2,14400,1.00133057363
90558,90567,97454,9,6887,2,14400,1.00130680993
91012,91023,97552,11,6529,2,14400,1.00168479093
91087,91097,97486,10,6389,2,14400,1.00156519017
91400,91410,98117,10,6707,2,14400,1.00149097957
92005,92013,98132,8,6119,2,14400,1.00130740317
92215,92225,98959,10,6734,2,14400,1.00148500149
92236,92245,98817,9,6572,2,14400,1.00136944614
92690,92699,98675,9,5976,2,14400,1.0015060241
93644,93653,100287,9,6634,2,14400,1.00135664757
93743,93754,100204,11,6450,2,14400,1.00170542636
94481,94487,612913,6,518426,8,518400,1.00001157349
95064,95071,95078,7,7,1,3600,1.4
95100,95110,102369,10,7259,2,14400,1.00137760022
95192,95198,95303,6,105,1,3600,1.05714285714
95434,95440,95678,6,238,1,3600,1.02521008403
95922,95927,96483,5,556,1,3600,1.00899280576
96307,96315,102958,8,6643,2,14400,1.00120427518
96972,96981,103815,9,6834,2,14400,1.00131694469
97009,97015,97020,6,5,1,3600,1.1
97050,97061,104025,11,6964,2,14400,1.00157955198
97137,97143,97216,6,73,1,3600,1.08219178082
97239,97249,104510,10,7261,2,14400,1.00137722077
97348,97354,97574,6,220,1,3600,1.02727272727
97456,97465,104222,9,6757,2,14400,1.00133195205
97489,97497,104110,8,6613,2,14400,1.00120973839
97555,97563,104173,8,6610,2,14400,1.00121028744
97872,97878,98319,6,441,1,3600,1.01360544218
98117,98128,103918,11,5790,2,14400,1.00189982729
98136,98143,105250,7,7107,2,14400,1.00098494442
98603,98609,98616,6,7,1,1800,1.3
98678,98686,105300,8,6614,2,14400,1.00120955549
98765,98771,98841,6,70,1,1800,1.08571428571
98819,98829,105431,10,6602,2,14400,1.00151469252
98920,98926,99031,6,105,1,3600,1.05714285714
98960,98970,105893,10,6923,2,14400,1.00144446049
99046,99053,99142,7,89,1,1800,1.07865168539
99161,99167,99428,6,261,1,3600,1.02298850575
99659,99666,100583,7,917,1,3600,1.00763358779
99744,99750,100124,6,374,1,1800,1.01604278075
100206,100215,106595,9,6380,2,14400,1.00141065831
100287,100298,106626,11,6328,2,14400,1.00173830594
100904,100910,100916,6,6,1,1800,1.2
101066,101072,101109,6,37,1,1800,1.16216216216
101417,101424,101527,7,103,1,3600,1.06796116505
101470,101476,101549,6,73,1,1800,1.08219178082
101658,101664,101877,6,213,1,3600,1.02816901408
102160,102166,102417,6,251,1,1800,1.02390438247
102164,102173,102608,9,435,1,3600,1.02068965517
102370,102380,109504,10,7124,2,14400,1.00140370578
102960,102969,109443,9,6474,2,14400,1.00139017609
103817,103826,109909,9,6083,2,14400,1.00147953313
103920,103929,110292,9,6363,2,14400,1.00141442716
104028,104036,110914,8,6878,2,14400,1.00116312882
104112,104121,110536,9,6415,2,14400,1.00140296181
104175,104184,110940,9,6756,2,14400,1.0013321492
104222,104233,110357,11,6124,2,14400,1.00179621163
104511,104521,110683,10,6162,2,14400,1.00162284972
105252,105261,111961,9,6700,2,14400,1.00134328358
105303,105311,112402,8,7091,2,14400,1.00112819066
105432,105442,112097,10,6655,2,14400,1.0015026296
105895,105904,112634,9,6730,2,14400,1.00133729569
106205,106211,106282,6,71,1,1800,1.08450704225
106503,106510,106592,7,82,1,1800,1.08536585366
106596,106606,113013,10,6407,2,14400,1.00156079288
106629,106637,113478,8,6841,2,14400,1.00116941968
107061,107067,107424,6,357,1,1800,1.01680672269
108519,108525,108562,6,37,1,1800,1.16216216216
108789,108795,108862,6,67,1,1800,1.08955223881
109446,109455,115459,9,6004,2,14400,1.00149900067
109451,109462,109697,11,235,1,1800,1.04680851064
109506,109515,115805,9,6290,2,14400,1.00143084261
109912,109920,116305,8,6385,2,14400,1.00125293657
110294,110303,117279,9,6976,2,14400,1.00129013761
110360,110369,117264,9,6895,2,14400,1.00130529369
110411,110417,119552,6,9135,4,21600,1.00065681445
110538,110547,117147,9,6600,2,14400,1.00136363636
110685,110694,117818,9,7124,2,14400,1.0012633352
110917,110926,117953,9,7027,2,14400,1.00128077416
110941,110951,117246,10,6295,2,14400,1.00158856235
111964,111973,117996,9,6023,2,14400,1.00149427196
112099,112109,118720,10,6611,2,14400,1.00151263046
112403,112413,119767,10,7354,2,14400,1.00135980419
112637,112646,118806,9,6160,2,14400,1.00146103896
113017,113024,119875,7,6851,2,14400,1.00102174865
113480,113490,120385,10,6895,2,14400,1.00145032632
115460,115470,121947,10,6477,2,14400,1.00154392466
115806,115816,122192,10,6376,2,14400,1.00156838143
116310,116316,122991,6,6675,2,14400,1.0008988764
117148,117158,123416,10,6258,2,14400,1.00159795462
117247,117257,124515,10,7258,2,14400,1.00137779002
117265,117275,124371,10,7096,2,14400,1.00140924464
117280,117290,124862,10,7572,2,14400,1.00132065504
117345,117352,137917,7,20565,2,36000,1.00034038415
117706,117712,145357,6,27645,4,34200,1.00021703744
117785,117791,128009,6,10218,4,34200,1.00058719906
117821,117829,124279,8,6450,2,14400,1.00124031008
117956,117965,124500,9,6535,2,14400,1.00137719969
117998,118007,124765,9,6758,2,14400,1.00133175496
118721,118731,125668,10,6937,2,14400,1.00144154534
118808,118817,125333,9,6516,2,14400,1.00138121547
119124,119130,119435,6,305,4,72300,1.01967213115
119633,119639,191837,6,72198,4,72180,1.0000831048
119768,119779,126573,11,6794,2,14400,1.00161907565
119876,119886,126573,10,6687,2,14400,1.00149543891
120278,120285,130541,7,10256,4,72000,1.0006825273
120388,120396,127074,8,6678,2,14400,1.00119796346
120845,120853,136137,8,15284,1,216000,1.00052342319
121346,121352,122059,6,707,4,68580,1.00848656294
121451,121458,122031,7,573,4,68520,1.01221640489
121877,121883,164148,6,42265,1,144000,1.00014196143
121880,121890,195362,10,73472,1,144000,1.00013610627
121882,121896,231712,14,109816,1,144000,1.00012748598
121884,121901,265951,17,144050,1,144000,1.00011801458
121888,121907,242706,19,120799,1,144000,1.00015728607
121891,121913,265943,22,144030,1,144000,1.00015274596
121893,121918,265946,25,144028,1,144000,1.00017357736
121896,165453,179200,43557,13747,1,144000,4.16847312141
121951,121959,128849,8,6890,2,14400,1.00116110305
122195,122204,128982,9,6778,2,14400,1.00132782532
122213,122219,123361,6,1142,8,3600,1.00525394046
122437,122444,127703,7,5259,4,68580,1.00133105153
122456,122463,127678,7,5215,4,68520,1.00134228188
122993,123002,129718,9,6716,2,14400,1.00134008338
123216,123222,123308,6,86,1,3600,1.06976744186
123391,123398,129754,7,6356,8,18000,1.00110132159
123418,123427,130072,9,6645,2,14400,1.00135440181
123622,123628,191309,6,67681,1,129600,1.00008865117
123730,123737,211695,7,87958,1,129600,1.00007958344
123826,123833,212160,7,88327,1,129600,1.00007925097
123838,123844,133334,6,9490,8,21600,1.00063224447
123922,123928,207808,6,83880,1,129600,1.00007153076
124003,124010,198567,7,74557,1,129600,1.0000938879
124083,124090,199053,7,74963,1,129600,1.0000933794
124163,124169,188135,6,63966,1,129600,1.00009379983
124251,124257,216315,6,92058,1,129600,1.0000651763
124282,124290,129950,8,5660,2,14400,1.00141342756
124354,124361,124364,7,3,2,300,1.0
124373,124383,131034,10,6651,2,14400,1.0015035333
124457,124463,124465,6,2,2,300,1.0
124502,124511,131341,9,6830,2,14400,1.00131771596
124517,124526,130755,9,6229,2,14400,1.00144485471
124692,124699,124703,7,4,5,300,1.1
124707,124713,210300,6,85587,4,345600,1.0000701041
124766,124776,131057,10,6281,2,14400,1.00159210317
124827,124834,210233,7,85399,4,345600,1.00008196817
124862,124873,131340,11,6467,2,14400,1.00170094325
124904,124910,127317,6,2407,32,4800,1.00249272954
124906,124917,210233,11,85316,4,345600,1.00012893244
125003,125010,155512,7,30502,2,172800,1.00022949315
125025,125031,132992,6,7961,4,10800,1.00075367416
125116,125122,325193,6,200071,2,345600,1.00002998935
125120,125128,125131,8,3,1,300,1.1
125335,125344,131522,9,6178,2,14400,1.00145678213
125483,125489,152481,6,26992,10,57600,1.00022228809
125665,125671,132648,6,6977,14,43200,1.00085996847
125669,125679,132103,10,6424,2,14400,1.00155666252
125774,125780,135599,6,9819,8,21600,1.00061106019
125939,125945,130610,6,4665,12,43200,1.00128617363
126094,126100,126104,6,4,1,300,1.0
126576,126584,133100,8,6516,2,14400,1.00122774708
126577,126590,133693,13,7103,2,14400,1.00183021259
126607,126613,126617,6,4,12,36000,1.0
126669,126675,138730,6,12055,10,36000,1.00049771879
126687,126694,126696,7,2,1,300,1.0
126741,126747,126849,6,102,2,7200,1.05882352941
126917,127328,127336,411,8,3,600,41.9
127075,127086,133512,11,6426,2,14400,1.00171179583
127256,127263,127750,7,487,1,53459,1.01437371663
127606,127612,161196,6,33584,2,43200,1.0001786565
127741,127748,128975,7,1227,4,68580,1.00570497148
127755,127761,133965,6,6204,1,14400,1.00096711799
127786,127792,128975,6,1183,4,68520,1.00507185123
127860,127867,133966,7,6099,1,14400,1.00114772914
128560,128566,140087,6,11521,4,34200,1.00052078813
128851,128861,135725,10,6864,2,14400,1.00145687646
128938,128944,145631,6,16687,4,34260,1.00035956134
128984,128993,136340,9,7347,2,14400,1.00122498979
129024,129032,129091,8,59,1,14340,1.13559322034
129030,129038,172255,8,43217,2,43200,1.00018511234
129138,129144,130652,6,1508,4,68580,1.00397877984
129169,129176,129193,7,17,3,360000,1.41176470588
129170,129181,130108,11,927,1,14340,1.01186623517
129231,129237,129250,6,13,3,360000,1.46153846154
129310,129316,162584,6,33268,2,43200,1.00018035349
129403,129409,130486,6,1077,4,68520,1.00557103064
129502,129508,129522,6,14,3,360000,1.42857142857
129721,129729,136034,8,6305,2,14400,1.00126883426
129773,129779,129783,6,4,3,360000,1.0
129899,129905,138769,6,8864,2,43200,1.00067689531
129953,129961,136698,8,6737,2,14400,1.00118747217
130073,130084,136463,11,6379,2,14400,1.00172440821
130086,130092,130096,6,4,3,360000,1.0
130163,130169,130172,6,3,3,360000,1.0
130312,130318,130344,6,26,3,600,1.23076923077
130393,130399,130411,6,12,3,360000,1.5
130475,130481,130492,6,11,3,360000,1.54545454545
130525,130532,130543,7,11,3,360000,1.63636363636
130581,130587,133247,6,2660,4,7200,1.0022556391
130756,130766,137972,10,7206,2,14400,1.00138773245
130944,130950,139263,6,8313,2,43200,1.0007217611
131034,131040,203085,6,72045,4,72000,1.00008328128
131038,131047,137708,9,6661,2,14400,1.00135114848
131059,131068,137788,9,6720,2,14400,1.00133928571
131342,131358,138103,16,6745,2,14400,1.0023721275
131344,131351,138234,7,6883,2,14400,1.0010169984
131524,131533,137821,9,6288,2,14400,1.00143129771
131826,131832,131931,6,99,2,3600,1.06060606061
132107,132114,138503,7,6389,2,14400,1.00109563312
133100,133111,139728,11,6617,2,14400,1.00166238477
133515,133524,140094,9,6570,2,14400,1.00136986301
133693,133704,140138,11,6434,2,14400,1.00170966739
133891,133897,133906,6,9,4,86400,1.5
133912,133918,148481,6,14563,1,86400,1.00041200302
134063,134069,134088,6,19,4,600,1.31578947368
135283,135289,168302,6,33013,4,33000,1.00018174658
135682,135691,135839,9,148,2,1800,1.06081081081
135726,135736,142569,10,6833,2,14400,1.00146348602
136033,136038,165280,5,29242,14,43200,1.00017098694
136036,136051,142612,15,6561,2,14400,1.00228623685
136037,136044,208118,7,72074,4,72060,1.0000971224
136060,136066,136214,6,148,2,1800,1.04054054054
136133,136139,140455,6,4316,4,10800,1.00139017609
136213,136220,563718,7,427498,6,432000,1.00001637435
136273,136279,563718,6,427439,6,432000,1.00001403709
136313,136319,563718,6,427399,6,432000,1.0000140384
136343,136352,143040,9,6688,2,14400,1.00134569378
136353,136359,563718,6,427359,6,432000,1.00001403972
136395,136402,249422,7,113020,1,216000,1.00006193594
136463,136474,142812,11,6338,2,14400,1.00173556327
136686,136693,147496,7,10803,4,10800,1.00064796816
136701,136710,143917,9,7207,2,14400,1.0012487859
136747,136754,136786,7,32,1,43200,1.21875
136984,136990,137006,6,16,1,43200,1.375
137057,137064,137069,7,5,1,900,1.2
137175,137181,137183,6,2,1,3600,1.0
137180,137188,137277,8,89,1,43200,1.08988764045
137371,137377,137422,6,45,1,43200,1.13333333333
137586,137592,146121,6,8529,4,10800,1.00070348224
137709,137720,144422,11,6702,2,14400,1.0016413011
137792,137799,144049,7,6250,2,14400,1.00112
137822,137832,145093,10,7261,2,14400,1.00137722077
137968,137974,138465,6,491,1,51119,1.01221995927
137975,137984,144245,9,6261,2,14400,1.00143747005
138104,138115,144436,11,6321,2,14400,1.00174023098
138237,138245,144588,8,6343,2,14400,1.00126123286
138272,138278,182483,6,44205,6,432000,1.00013573125
138381,138387,163857,6,25470,6,432000,1.00023557126
138505,138514,145268,9,6754,2,14400,1.00133254368
138509,138522,171778,13,33256,6,432000,1.0003909069
138602,138609,160122,7,21513,6,432000,1.00032538465
138878,138885,139070,7,185,1,51119,1.03783783784
139412,139418,139423,6,5,3,600,1.1
139467,139473,142675,6,3202,1,86400,1.00187382886
139485,139491,139503,6,12,3,600,1.5
139506,139512,169489,6,29977,2,43200,1.00020015345
139702,139708,159616,6,19908,2,43200,1.00030138638
139727,139735,140287,8,552,1,1430,1.01449275362
139730,139741,146453,11,6712,2,14400,1.00163885578
139865,165291,165292,25426,1,1,5,2542.7
139926,139932,183140,6,43208,2,43200,1.00013886317
140094,140105,146953,11,6848,2,14400,1.00160630841
140139,140149,146761,10,6612,2,14400,1.00151240169
140263,140270,140758,7,488,1,51119,1.0143442623
140746,140752,140775,6,23,2,3600,1.26086956522
140778,140784,141146,6,362,2,3600,1.01657458564
140807,140813,140964,6,151,4,600,1.03973509934
140987,140994,158715,7,17721,2,43200,1.00039501157
141050,141056,141201,6,145,4,600,1.04137931034
141119,141126,148909,7,7783,2,43200,1.00089939612
141350,141362,144063,12,2701,1,17999,1.00444279896
141350,141357,144504,7,3147,1,17999,1.00222434064
141351,141367,144095,16,2728,1,17999,1.00586510264
141351,141373,144182,22,2809,1,17999,1.00783196867
141351,141379,144591,28,3212,1,17999,1.00871731009
141351,141385,145592,34,4207,1,17999,1.00808176848
141352,141390,147984,38,6594,1,17999,1.00576281468
141625,141631,142079,6,448,1,51119,1.01339285714
141697,141703,141712,6,9,3,600,1.5
142012,142018,142025,6,7,3,600,1.3
142188,142195,150964,7,8769,4,10800,1.00079826662
142368,142374,142392,6,18,4,600,1.33333333333
142369,142382,142390,13,8,3,600,2.1
142374,142387,401620,13,259233,2,259200,1.00005014794
142516,142522,142525,6,3,4,21600,1.0
142573,142580,149180,7,6600,2,14400,1.00106060606
142579,142586,151524,7,8938,4,21600,1.00078317297
142615,142624,149515,9,6891,2,14400,1.00130605137
142741,142748,142749,7,1,1,86400,1.0
142767,142774,201906,7,59132,1,86400,1.00011837922
142813,142823,150046,10,7223,2,14400,1.00138446629
142884,142889,142898,5,9,3,600,1.4
142960,142967,142976,7,9,1,86400,1.6
143004,143010,178438,6,35428,1,86400,1.00016935757
143042,143052,150031,10,6979,2,14400,1.00143287004
143301,143307,147840,6,4533,4,18000,1.00132362674
143306,143315,143365,9,50,4,18000,1.18
143403,143410,143521,7,111,2,3600,1.06306306306
143855,143861,144044,6,183,1,719,1.03278688525
143878,143885,143894,7,9,3,600,1.6
143918,143928,150551,10,6623,2,14400,1.00150988978
144050,144060,151100,10,7040,2,14400,1.00142045455
144215,144221,144229,6,8,3,600,1.4
144245,144256,150954,11,6698,2,14400,1.00164228128
144423,144433,150911,10,6478,2,14400,1.00154368632
144437,144447,151091,10,6644,2,14400,1.0015051174
144593,144599,150859,6,6260,2,14400,1.00095846645
145095,145105,150886,10,5781,2,14400,1.00172980453
145270,145280,152385,10,7105,2,14400,1.00140745954
145302,145308,145441,6,133,1,120,1.04511278195
145451,145457,179681,6,34224,4,34200,1.00017531557
145519,145526,145682,7,156,1,720,1.04487179487
145544,145550,145558,6,8,3,600,1.4
145554,145560,145701,6,141,4,600,1.04255319149
145686,145693,145911,7,218,2,3600,1.03211009174
145953,145960,152073,7,6113,4,34260,1.00114510061
146250,146256,146446,6,190,1,720,1.03157894737
146341,146347,146549,6,202,2,3600,1.0297029703
146456,146466,153677,10,7211,2,14400,1.00138677021
146735,146742,146931,7,189,1,720,1.03703703704
146764,146772,153514,8,6742,2,14400,1.00118659152
146766,146778,152831,12,6053,16,10799,1.00198248802
146954,146964,154057,10,7093,2,14400,1.00140984069
147191,147197,147214,6,17,1,719,1.35294117647
147503,147509,147715,6,206,1,899,1.02912621359
148007,148013,148136,6,123,2,3600,1.0487804878
148162,148168,148985,6,817,1,780,1.00734394125
149183,149191,155688,8,6497,2,14400,1.00123133754
149517,149527,156433,10,6906,2,14400,1.00144801622
149678,149684,152757,6,3073,2,72000,1.00195248942
150010,150017,150472,7,455,1,780,1.01538461538
150032,150042,156776,10,6734,2,14400,1.00148500149
150046,150057,156966,11,6909,2,14400,1.00159212621
150088,150094,150692,6,598,1,1430,1.01003344482
150552,150562,157594,10,7032,2,14400,1.00142207053
150862,150870,156515,8,5645,2,14400,1.00141718335
150889,150897,157672,8,6775,2,14400,1.00118081181
150913,150922,157501,9,6579,2,14400,1.00136798906
150958,150966,157620,8,6654,2,14400,1.00120228434
151093,151102,157673,9,6571,2,14400,1.00136965454
151108,151114,158167,6,7053,2,14400,1.00085070183
151226,151233,151376,7,143,4,600,1.04895104895
151258,151264,151397,6,133,4,600,1.04511278195
151311,151318,151461,7,143,4,600,1.04895104895
151490,151497,162350,7,10853,4,34380,1.00064498295
152387,152396,158922,9,6526,2,14400,1.00137909899
153516,153525,160416,9,6891,2,14400,1.00130605137
153678,153688,160264,10,6576,2,14400,1.00152068127
153963,153969,161815,6,7846,4,14400,1.00076472088
153968,153977,167841,9,13864,4,14400,1.0006491633
154060,154068,160879,8,6811,2,14400,1.00117457055
155689,155699,162432,10,6733,2,14400,1.00148522204
156435,156444,163349,9,6905,2,14400,1.00130340333
156516,156526,162902,10,6376,2,14400,1.00156838143
156778,156787,164450,9,7663,2,14400,1.00117447475
156967,156977,164313,10,7336,2,14400,1.00136314068
157503,157512,164601,9,7089,2,14400,1.00126957258
157593,157605,164427,12,6822,2,14400,1.00175901495
157623,157631,164680,8,7049,2,14400,1.00113491275
157674,157683,164969,9,7286,2,14400,1.00123524568
157676,157690,164361,14,6671,2,14400,1.00209863589
158169,158179,165648,10,7469,2,14400,1.00133886732
158925,158934,165376,9,6442,2,14400,1.00139708165
159192,159199,159208,7,9,1,240,1.6
160265,160275,166278,10,6003,2,14400,1.00166583375
160418,160428,167106,10,6678,2,14400,1.00149745433
160881,160890,167471,9,6581,2,14400,1.00136757332
162433,162443,169343,10,6900,2,14400,1.00144927536
162903,162913,169613,10,6700,2,14400,1.00149253731
163038,163044,172024,6,8980,4,21600,1.00066815145
163352,163360,169698,8,6338,2,14400,1.00126222783
164315,164324,170663,9,6339,2,14400,1.0014197823
164363,164372,171311,9,6939,2,14400,1.00129701686
164429,164439,171595,10,7156,2,14400,1.00139742873
164453,164461,171251,8,6790,2,14400,1.00117820324
164604,164612,171517,8,6905,2,14400,1.00115858074
164682,164691,171336,9,6645,2,14400,1.00135440181
164970,164980,171536,10,6556,2,14400,1.00152532032
165377,165387,171200,10,5813,2,14400,1.00172028213
165650,165660,172540,10,6880,2,14400,1.00145348837
166279,166289,173521,10,7232,2,14400,1.00138274336
166604,166610,166658,6,48,4,600,1.125
167107,167118,174524,11,7406,2,14400,1.0014852822
167472,167482,174040,10,6558,2,14400,1.00152485514
168014,168020,168078,6,58,4,600,1.10344827586
168182,168188,173505,6,5317,16,10799,1.0011284559
169345,169354,175417,9,6063,2,14400,1.00148441366
169616,169625,176409,9,6784,2,14400,1.00132665094
169700,169709,176672,9,6963,2,14400,1.00129254632
170664,170674,177158,10,6484,2,14400,1.00154225787
171203,171211,177438,8,6227,2,14400,1.0012847278
171254,171263,177591,9,6328,2,14400,1.00142225032
171280,171286,171530,6,244,1,3540,1.02459016393
171315,171323,177947,8,6624,2,14400,1.00120772947
171338,171348,178551,10,7203,2,14400,1.00138831043
171519,171529,178769,10,7240,2,14400,1.00138121547
171537,171547,178521,10,6974,2,14400,1.00143389733
171597,171606,178286,9,6680,2,14400,1.00134730539
171628,171634,173655,6,2021,1,3540,1.00296882731
171704,171710,171885,6,175,1,3540,1.03428571429
171752,171758,172016,6,258,1,3540,1.02325581395
171800,171806,172283,6,477,1,3540,1.01257861635
171874,171881,172238,7,357,1,3540,1.01960784314
171921,171928,172432,7,504,1,3540,1.01388888889
171969,171975,172446,6,471,1,3540,1.0127388535
172017,172023,172524,6,501,1,3540,1.0119760479
172064,172070,172544,6,474,1,3540,1.01265822785
172113,172119,172624,6,505,1,3540,1.01188118812
172309,172316,172577,7,261,1,3540,1.02681992337
172542,172551,178254,9,5703,2,14400,1.00157811678
172562,172568,172746,6,178,1,3540,1.03370786517
172731,172737,172857,6,120,4,3540,1.05
172780,172786,172907,6,121,1,3540,1.04958677686
173524,173531,180059,7,6528,2,14400,1.00107230392
174042,174051,180504,9,6453,2,14400,1.00139470014
174303,174310,176404,7,2094,8,3540,1.00334288443
174527,174535,181112,8,6577,2,14400,1.00121636004
175418,175428,182178,10,6750,2,14400,1.00148148148
176411,176421,182678,10,6257,2,14400,1.00159821
176673,176683,184033,10,7350,2,14400,1.00136054422
177160,177170,184111,10,6941,2,14400,1.00144071459
177440,177449,184677,9,7228,2,14400,1.00124515772
177594,177602,184357,8,6755,2,14400,1.00118430792
177949,177958,184537,9,6579,2,14400,1.00136798906
178256,178265,184301,9,6036,2,14400,1.00149105368
178289,178298,185481,9,7183,2,14400,1.00125295837
178524,178532,185679,8,7147,2,14400,1.00111935078
178554,178563,185396,9,6833,2,14400,1.00131713742
178770,178781,185491,11,6710,2,14400,1.00163934426
180062,180071,186963,9,6892,2,14400,1.00130586187
180505,180515,186709,10,6194,2,14400,1.00161446561
181113,181123,187373,10,6250,2,14400,1.0016
181456,181463,181469,7,6,1,3600,1.3
181584,181590,181697,6,107,1,3600,1.05607476636
181828,181834,182076,6,242,1,3600,1.02479338843
182180,182190,189340,10,7150,2,14400,1.0013986014
182320,182327,182883,7,556,1,3600,1.01258992806
182679,182691,189951,12,7260,2,14400,1.00165289256
183421,183427,183432,6,5,1,3600,1.1
183549,183555,183631,6,76,1,3600,1.07894736842
183764,183770,183998,6,228,1,3600,1.02631578947
184034,184044,190352,10,6308,2,14400,1.00158528852
184112,184123,190792,11,6669,2,14400,1.0016494227
184299,184305,184692,6,387,1,3600,1.01550387597
184301,184312,190438,11,6126,2,14400,1.0017956252
184358,184368,191007,10,6639,2,14400,1.00150625094
184539,184548,191750,9,7202,2,14400,1.00124965287
184677,184688,191891,11,7203,2,14400,1.00152714147
185001,185007,185014,6,7,1,1800,1.3
185163,185169,185239,6,70,1,1800,1.08571428571
185373,185379,185483,6,104,1,3600,1.05769230769
185397,185408,191854,11,6446,2,14400,1.00170648464
185445,185451,185543,6,92,1,1800,1.0652173913
185484,185492,192192,8,6700,2,14400,1.00119402985
185498,185504,192336,6,6832,2,14400,1.00087822014
185615,185621,185854,6,233,1,3600,1.02575107296
185682,185690,192070,8,6380,2,14400,1.0012539185
186001,186008,186396,7,388,1,1800,1.01804123711
186092,186099,186636,7,537,1,3600,1.01303538175
186712,186720,194045,8,7325,2,14400,1.00109215017
186964,186974,193891,10,6917,2,14400,1.00144571346
187033,187039,187045,6,6,1,1800,1.2
187197,187203,187241,6,38,1,1800,1.15789473684
187374,187384,194153,10,6769,2,14400,1.00147732309
187454,187460,187532,6,72,1,1800,1.08333333333
187460,187466,187539,6,73,1,3600,1.08219178082
187672,187678,187898,6,220,1,3600,1.02727272727
188146,188152,188352,6,200,1,1800,1.03
188189,188195,188625,6,430,1,3600,1.01395348837
189343,189351,196410,8,7059,2,14400,1.001133305
189954,189962,195990,8,6028,2,14400,1.00132714001
190354,190364,197214,10,6850,2,14400,1.00145985401
190438,190449,197155,11,6706,2,14400,1.0016403221
190793,190803,197148,10,6345,2,14400,1.00157604413
191010,191018,197416,8,6398,2,14400,1.00125039075
191753,191762,198192,9,6430,2,14400,1.00139968896
191855,191866,198775,11,6909,2,14400,1.00159212621
191891,191902,198636,11,6734,2,14400,1.00163350163
192072,192081,198795,9,6714,2,14400,1.00134048257
192195,192203,198738,8,6535,2,14400,1.00122417751
192339,192347,199434,8,7087,2,14400,1.00112882743
192617,192623,192693,6,70,1,1800,1.08571428571
192916,192922,193005,6,83,1,1800,1.07228915663
193473,193479,193830,6,351,1,1800,1.01709401709
193893,193902,201058,9,7156,2,14400,1.00125768586
194046,194056,200931,10,6875,2,14400,1.00145454545
194154,194164,201714,10,7550,2,14400,1.00132450331
194921,194928,194965,7,37,1,1800,1.18918918919
195193,195199,195267,6,68,1,1800,1.08823529412
195858,195865,196101,7,236,1,1800,1.02966101695
195991,196001,202875,10,6874,2,14400,1.00145475706
196412,196421,203192,9,6771,2,14400,1.00132919805
197150,197159,203491,9,6332,2,14400,1.00142135186
197165,197171,204526,6,7355,2,14400,1.00081577158
197215,197225,204340,10,7115,2,14400,1.00140548138
197417,197427,203985,10,6558,2,14400,1.00152485514
198194,198203,204970,9,6767,2,14400,1.00132998374
198639,198647,205527,8,6880,2,14400,1.0011627907
198738,198749,205403,11,6654,2,14400,1.00165314097
198777,198787,205483,10,6696,2,14400,1.00149342891
198798,198806,205448,8,6642,2,14400,1.00120445649
199187,199193,199196,6,3,4,21600,1.0
199300,199307,207831,7,8524,4,21600,1.0008212107
199436,199445,205935,9,6490,2,14400,1.00138674884
200011,200018,321887,7,121869,1,172800,1.00005743873
200556,200563,251240,7,50677,1,172800,1.00013812972
200596,200602,237240,6,36638,1,172800,1.0001637644
200637,200643,233720,6,33077,1,172800,1.00018139493
200649,200656,237150,7,36494,1,172800,1.00019181235
200671,200678,233831,7,33153,1,172800,1.00021114228
200690,200697,343254,7,142557,1,172800,1.00004910317
200704,200710,200718,6,8,1,18000,1.4
200733,200739,239991,6,39252,1,172800,1.00015285845
200933,200942,207161,9,6219,2,14400,1.001447178
201059,201069,208093,10,7024,2,14400,1.00142369021
201715,201725,208731,10,7006,2,14400,1.00142734799
202877,202886,209688,9,6802,2,14400,1.00132314025
203193,203203,209790,10,6587,2,14400,1.00151814179
203494,203503,209896,9,6393,2,14400,1.00140778977
203590,264055,804093,60465,540038,20,540000,1.11196434325
203731,203737,246949,6,43212,2,43200,1.00013885032
203985,203996,210428,11,6432,2,14400,1.001710199
204327,204334,247579,7,43245,2,43200,1.00016186842
204343,204353,210206,10,5853,2,14400,1.00170852554
204527,204537,211811,10,7274,2,14400,1.00137475942
204972,204981,211882,9,6901,2,14400,1.00130415882
205142,205148,277188,6,72040,4,72000,1.00008328706
205173,205179,277191,6,72012,4,72000,1.00008331945
205406,205414,212256,8,6842,2,14400,1.00116924876
205451,205459,212116,8,6657,2,14400,1.00120174253
205483,205494,211870,11,6376,2,14400,1.00172521957
205529,205539,211791,10,6252,2,14400,1.00159948816
205936,205947,212882,11,6935,2,14400,1.00158615717
207161,207172,213813,11,6641,2,14400,1.00165637705
207274,207280,213034,6,5754,16,10799,1.00104275287
207612,207618,211059,6,3441,1,17999,1.00174367916
207613,207630,210412,17,2782,1,17999,1.00611071172
207613,207636,211304,23,3668,1,17999,1.00627044711
207613,207624,210329,11,2705,1,17999,1.00406654344
207614,207647,221220,33,13573,1,17999,1.00243129743
207614,207642,212423,28,4781,1,17999,1.00585651537
207724,207741,209659,17,1918,1,17999,1.00886339937
207724,207747,210069,23,2322,1,17999,1.00990525409
207724,207730,210403,6,2673,1,17999,1.00224466891
207724,207736,209697,12,1961,1,17999,1.00611932687
207725,207753,211761,28,4008,1,17999,1.00698602794
207725,207758,219775,33,12017,1,17999,1.00274610968
208095,208104,215161,9,7057,2,14400,1.00127532946
208733,208743,215723,10,6980,2,14400,1.00143266476
209016,209023,212395,7,3372,32,4800,1.00207591934
209411,209417,216762,6,7345,2,36000,1.00081688223
209513,209520,224481,7,14961,4,21600,1.00046788316
209691,209699,216303,8,6604,2,14400,1.00121138704
209794,209801,216859,7,7058,2,14400,1.00099178237
209897,209907,216529,10,6622,2,14400,1.00151011779
210207,210217,216873,10,6656,2,14400,1.00150240385
210234,210240,555881,6,345641,4,345600,1.00001735905
210248,210254,555883,6,345629,4,345600,1.00001735965
210299,210305,555916,6,345611,4,345600,1.00001736056
210405,210411,210415,6,4,3,600,1.0
210430,210439,216675,9,6236,2,14400,1.00144323284
210640,210646,210659,6,13,3,600,1.46153846154
210679,210686,210752,7,66,3,600,1.10606060606
210736,210743,227324,7,16581,2,28800,1.00042216995
211009,211015,229694,6,18679,2,172800,1.00032121634
211410,211416,213289,6,1873,8,57600,1.00320341698
211580,211586,211746,6,160,1,600,1.0375
211597,211603,211637,6,34,4,43199,1.17647058824
211791,211802,219122,11,7320,2,14400,1.00150273224
211812,211822,218175,10,6353,2,14400,1.0015740595
211871,211877,215375,6,3498,2,14400,1.00171526587
211872,211883,218458,11,6575,2,14400,1.0016730038
211886,211893,218638,7,6745,2,14400,1.00103780578
212119,212127,219085,8,6958,2,14400,1.00114975568
212257,212268,219120,11,6852,2,14400,1.00160537069
212262,212274,212300,12,26,3,300,1.46153846154
212884,212894,219235,10,6341,2,14400,1.00157703832
213114,213121,213185,7,64,3,300,1.109375
213161,213168,235124,7,21956,12,43200,1.00031881946
213217,213223,213254,6,31,3,300,1.1935483871
213292,213298,213344,6,46,3,300,1.13043478261
213514,213520,218954,6,5434,10,36000,1.001104159
213549,213555,213561,6,6,3,300,1.2
213746,213752,213754,6,2,3,300,1.0
213814,213824,220398,10,6574,2,14400,1.0015211439
214013,214020,220459,7,6439,10,57600,1.00108712533
214037,214043,214050,6,7,3,300,1.3
214079,214085,214087,6,2,3,300,1.0
214157,214164,214365,7,201,1,300,1.03482587065
214374,214381,237005,7,22624,14,43200,1.00030940594
214989,214995,215004,6,9,8,64800,1.5
215148,215154,249665,6,34511,8,64800,1.00017385761
215165,215172,222413,7,7241,2,14400,1.0009667173
215235,215241,234904,6,19663,8,64800,1.00030514164
215531,215537,215728,6,191,1,300,1.03141361257
215533,215544,245588,11,30044,2,43200,1.00036612968
215678,215685,226500,7,10815,2,43200,1.00064724919
215725,215734,222265,9,6531,2,14400,1.00137804318
215792,215799,222120,7,6321,2,43200,1.00110741971
216140,216146,219486,6,3340,2,14400,1.00179640719
216306,216315,222694,9,6379,2,14400,1.00141087945
216442,216448,268935,6,52487,8,64800,1.00011431402
216456,216463,217012,7,549,2,7200,1.01275045537
216532,216540,223355,8,6815,2,14400,1.00117388114
216650,216657,222440,7,5783,1,9300,1.00121044441
216676,216686,223356,10,6670,2,14400,1.00149925037
216860,216870,223309,10,6439,2,14400,1.00155303619
216875,216884,223426,9,6542,2,14400,1.00137572608
216908,216914,216976,6,62,4,604800,1.09677419355
217523,217529,217592,6,63,4,604800,1.09523809524
217764,217770,217845,6,75,2,3600,1.08
217852,217858,217921,6,63,4,604800,1.09523809524
218057,218063,219476,6,1413,2,14400,1.0042462845
218069,218076,218138,7,62,4,604800,1.11290322581
218176,218186,224996,10,6810,2,14400,1.00146842878
218286,218292,222263,6,3971,2,14400,1.00151095442
218460,218469,224896,9,6427,2,14400,1.00140034231
218613,218619,218679,6,60,4,604800,1.1
218641,218649,225933,8,7284,2,14400,1.00109829764
218812,218818,219044,6,226,4,1200,1.02654867257
218858,218864,218928,6,64,4,604800,1.09375
218900,218906,219025,6,119,8,1200,1.05042016807
218976,218982,219069,6,87,16,1200,1.06896551724
218982,218988,218994,6,6,4,604800,1.2
219087,219096,225798,9,6702,2,14400,1.00134288272
219123,219139,225979,16,6840,2,14400,1.00233918129
219124,219132,226602,8,7470,2,14400,1.00107095047
219130,219145,219149,15,4,4,604800,1.9
219161,219167,219242,6,75,32,1200,1.08
219195,219201,219206,6,5,4,604800,1.1
219236,219246,225966,10,6720,2,14400,1.00148809524
219808,219814,226160,6,6346,4,34200,1.00094547747
219941,219948,220371,7,423,4,34260,1.01654846336
220231,220238,220239,7,1,8,3540,1.0
220316,220322,223865,6,3543,8,3540,1.0016934801
220401,220414,227182,13,6768,2,14400,1.00192080378
220402,220408,223979,6,3571,4,34260,1.00168020162
221148,223877,223881,2729,4,51,1200,273.3
221924,221931,222298,7,367,1,300,1.01907356948
222152,234055,291011,11903,56956,4,72000,1.20898588384
222268,222276,228859,8,6583,2,14400,1.00121525141
222306,222313,225713,7,3400,1,3300,1.00205882353
222416,222424,229262,8,6838,2,14400,1.00116993273
222530,222536,222537,6,1,1,18000,1.0
222541,223893,227274,1352,3381,32,3540,1.39988169181
222695,222706,229661,11,6955,2,14400,1.00158159597
222865,223898,225600,1033,1702,16,7140,1.60693301998
223033,228662,229739,5629,1077,64,3540,6.22655524605
223310,223320,229934,10,6614,2,14400,1.00151194436
223358,223366,230036,8,6670,2,14400,1.0011994003
223359,223372,229454,13,6082,2,14400,1.00213745478
223428,223438,229917,10,6479,2,14400,1.00154344806
223832,233838,305868,10006,72030,2,72000,1.13891434125
224002,224008,228650,6,4642,8,7140,1.00129254632
224168,224175,224176,7,1,1,600,1.0
224404,274112,346139,49708,72027,2,72000,1.69013009011
224574,227286,227288,2712,2,51,1200,271.4
224757,224764,224765,7,1,1,600,1.0
224899,224908,232209,9,7301,2,14400,1.00123270785
224938,227073,227729,2135,656,8,3540,4.25457317073
224989,264073,293628,39084,29555,14,43200,2.32241583488
224998,225007,231854,9,6847,2,14400,1.00131444428
225055,225062,225063,7,1,1,18000,1.0
225119,229984,235772,4865,5788,16,10799,1.84053213545
225153,264060,272714,38907,8654,10,36000,5.49584007395
225671,225678,225689,7,11,3,600,1.63636363636
225715,225721,225722,6,1,1,18000,1.0
225735,227372,233826,1637,6454,2,28800,1.25364115277
225799,225809,232325,10,6516,2,14400,1.00153468386
225919,225925,225926,6,1,1,600,1.0
225935,225944,232743,9,6799,2,14400,1.00132372408
225967,225977,232162,10,6185,2,14400,1.00161681487
225982,225991,232422,9,6431,2,14400,1.00139947131
226087,228668,234042,2581,5374,4,34260,1.48027540007
226096,229994,233831,3898,3837,16,14340,2.01589783685
226134,234916,738933,8782,504017,8,504000,1.01742401546
226172,251723,755768,25551,504045,8,504000,1.05069190251
226342,226350,226352,8,2,1,18000,1.0
226432,226438,226482,6,44,1,18000,1.13636363636
226477,226483,226487,6,4,3,600,1.0
226521,226528,226542,7,14,3,600,1.5
226603,226613,233165,10,6552,2,14400,1.00152625153
226628,226635,226740,7,105,1,18000,1.06666666667
226766,226774,227360,8,586,1,18000,1.01365187713
226807,226813,226821,6,8,3,600,1.4
226825,263656,263769,36831,113,128,3000,326.938053097
226874,226882,226900,8,18,3,600,1.44444444444
227184,227193,233570,9,6377,2,14400,1.00141132194
227592,227746,227865,154,119,1,18000,2.29411764706
227733,227741,227808,8,67,3,600,1.11940298507
227907,227914,229318,7,1404,1,18000,1.00498575499
228170,228178,228184,8,6,3,600,1.4
228214,228221,228224,7,3,51,1200,1.0
228266,228272,228278,6,6,3,600,1.2
228505,228511,228518,6,7,3,600,1.3
228555,228561,228605,6,44,3,600,1.13636363636
228746,229970,229972,1224,2,51,1200,122.6
228862,228870,235109,8,6239,2,14400,1.00128225677
229063,229329,230041,266,712,1,600,1.37359550562
229263,229273,236300,10,7027,2,14400,1.0014230824
229355,230000,248034,645,18034,1,18000,1.03576577576
229455,229466,236272,11,6806,2,14400,1.00161622098
229663,229673,236823,10,7150,2,14400,1.0013986014
229669,263780,264027,34111,247,128,3000,139.101214575
229676,229750,229959,74,209,64,3540,1.35406698565
229682,229989,230273,307,284,32,3540,2.08098591549
229688,230285,230808,597,523,16,3540,2.14149139579
229919,229928,237156,9,7228,2,14400,1.00124515772
229937,229945,237645,8,7700,2,14400,1.00103896104
230036,230047,236820,11,6773,2,14400,1.00162409567
230169,274125,304084,43956,29959,2,43200,2.46720518041
231187,231192,231512,5,320,1,2050,1.015625
231477,231485,241136,8,9651,4,21600,1.00082892964
231856,231866,238357,10,6491,2,14400,1.00154059467
231863,233737,240362,1874,6625,1,54000,1.28286792453
232006,232013,232014,7,1,4,600,1.0
232163,232174,238830,11,6656,2,14400,1.00165264423
232211,232221,238650,10,6429,2,14400,1.00155545186
232222,232229,232553,7,324,1,2050,1.02160493827
232326,232337,238877,11,6540,2,14400,1.00168195719
232425,232434,239335,9,6901,2,14400,1.00130415882
232744,232754,239070,10,6316,2,14400,1.00158328056
232783,274118,285679,41335,11561,2,72000,4.57538275236
233166,233176,240039,10,6863,2,14400,1.00145708874
233237,233243,233562,6,319,1,2050,1.01880877743
233433,233440,235594,7,2154,2,14400,1.00324976787
233494,272877,295670,39383,22793,4,604800,2.72785504322
233573,233582,240236,9,6654,2,14400,1.00135256988
233895,233902,233925,7,23,2,14400,1.30434782609
234785,234792,235354,7,562,1,540,1.01245551601
235111,235120,242415,9,7295,2,14400,1.00123372173
235307,249682,251712,14375,2030,8,57600,8.08128078818
235767,235774,236576,7,802,1,1740,1.00872817955
236130,237166,242292,1036,5126,1,151200,1.20210690597
236141,264065,264479,27924,414,2,43200,68.4492753623
236142,264078,264409,27936,331,2,43200,85.3987915408
236142,264490,307714,28348,43224,2,43200,1.65583934851
236142,264421,307660,28279,43239,2,43200,1.65401605032
236143,273315,273620,37172,305,2,43200,122.875409836
236143,273310,273708,37167,398,2,43200,94.3844221106
236143,273154,273873,37011,719,2,43200,52.4756606398
236143,272736,273141,36593,405,2,43200,91.3530864198
236144,273331,273632,37187,301,2,43200,124.544850498
236144,273326,273875,37182,549,2,43200,68.7267759563
236144,273321,273685,37177,364,2,43200,103.134615385
236145,273347,273687,37202,340,2,43200,110.417647059
236145,273337,273698,37192,361,2,43200,104.024930748
236145,273353,273873,37208,520,2,43200,72.5538461538
236145,273342,273684,37197,342,2,43200,109.763157895
236146,273380,273874,37234,494,2,43200,76.3724696356
236146,273358,273695,37212,337,2,43200,111.421364985
236146,273369,273710,37223,341,2,43200,110.158357771
236146,273374,273722,37228,348,2,43200,107.977011494
236146,273364,273731,37218,367,2,43200,102.411444142
236147,273390,273704,37243,314,2,43200,119.608280255
236147,273385,273780,37238,395,2,43200,95.2734177215
236147,273396,273781,37249,385,2,43200,97.7506493506
236148,273412,273873,37264,461,2,43200,81.8329718004
236148,273417,273873,37269,456,2,43200,82.7302631579
236148,273406,273772,37258,366,2,43200,102.797814208
236148,273401,273833,37253,432,2,43200,87.2337962963
236148,273423,273755,37275,332,2,43200,113.274096386
236149,273428,273873,37279,445,2,43200,84.7730337079
236149,273444,273873,37295,429,2,43200,87.9347319347
236149,273439,273875,37290,436,2,43200,86.5275229358
236149,273433,273779,37284,346,2,43200,108.757225434
236150,273456,273852,37306,396,2,43200,95.2070707071
236150,273451,273873,37301,422,2,43200,89.3909952607
236150,273467,273873,37317,406,2,43200,92.9137931034
236150,273461,273826,37311,365,2,43200,103.221917808
236151,273643,273969,37492,326,2,43200,116.006134969
236151,273472,273856,37321,384,2,43200,98.1901041667
236151,273632,273900,37481,268,2,43200,140.854477612
236151,273478,273873,37327,395,2,43200,95.4987341772
236152,273702,273953,37550,251,2,43200,150.601593625
236152,273720,273954,37568,234,2,43200,161.547008547
236152,273715,273984,37563,269,2,43200,140.639405204
236152,273696,273941,37544,245,2,43200,154.240816327
236152,273708,274001,37556,293,2,43200,129.177474403
236153,273737,274013,37584,276,2,43200,137.173913043
236153,273732,274027,37579,295,2,43200,128.386440678
236153,273727,273980,37574,253,2,43200,149.513833992
236153,273744,273992,37591,248,2,43200,152.576612903
236154,273750,274072,37596,322,2,43200,117.757763975
236154,273786,274056,37632,270,2,43200,140.377777778
236154,273769,274053,37615,284,2,43200,133.447183099
236154,273792,274055,37638,263,2,43200,144.11026616
236155,273798,274083,37643,285,2,43200,133.080701754
236155,273838,274079,37683,241,2,43200,157.360995851
236155,273845,274112,37690,267,2,43200,142.161048689
236155,273804,274045,37649,241,2,43200,157.219917012
236156,273864,274096,37708,232,2,43200,163.534482759
236156,273871,274110,37715,239,2,43200,158.80334728
236156,273890,274190,37734,300,2,43200,126.78
236156,273885,274172,37729,287,2,43200,132.459930314
236157,273919,273920,37762,1,2,43200,3776.3
236157,273914,273915,37757,1,2,43200,3775.8
236157,273903,273904,37746,1,2,43200,3774.7
236157,273898,274144,37741,246,2,43200,154.418699187
236157,273908,274161,37751,253,2,43200,150.213438735
236158,273930,273931,37772,1,2,43200,3777.3
236158,273935,273936,37777,1,2,43200,3777.8
236159,273958,274231,37799,273,2,43200,139.457875458
236159,273953,273954,37794,1,2,43200,3779.5
236159,273946,273947,37787,1,2,43200,3778.8
236159,273964,274252,37805,288,2,43200,132.267361111
236160,273969,273970,37809,1,2,43200,3781.0
236160,273974,273975,37814,1,2,43200,3781.5
236160,273985,273986,37825,1,2,43200,3782.6
236161,274008,274285,37847,277,2,43200,137.631768953
236161,273990,273991,37829,1,2,43200,3783.0
236161,274003,274261,37842,258,2,43200,147.674418605
236161,273998,274250,37837,252,2,43200,151.146825397
236162,274030,274031,37868,1,2,43200,3786.9
236162,274019,274275,37857,256,2,43200,148.87890625
236162,274014,274015,37852,1,2,43200,3785.3
236163,274035,274291,37872,256,2,43200,148.9375
236163,274051,274291,37888,240,2,43200,158.866666667
236163,274046,274047,37883,1,2,43200,3788.4
236164,274057,274058,37893,1,2,43200,3789.4
236164,274069,274352,37905,283,2,43200,134.939929329
236164,274075,274076,37911,1,2,43200,3791.2
236164,274064,274357,37900,293,2,43200,130.351535836
236164,274080,274386,37916,306,2,43200,124.908496732
236165,274091,274092,37926,1,2,43200,3792.7
236165,274102,274103,37937,1,2,43200,3793.8
236165,274096,274097,37931,1,2,43200,3793.2
236165,274086,274312,37921,226,2,43200,168.792035398
236166,274107,274108,37941,1,2,43200,3794.2
236166,274136,274138,37970,2,2,43200,3797.2
236166,274141,274142,37975,1,2,43200,3797.6
236166,274147,274148,37981,1,2,43200,3798.2
236167,274152,274409,37985,257,2,43200,148.80155642
236167,274163,274164,37996,1,2,43200,3799.7
236167,274168,274169,38001,1,2,43200,3800.2
236168,274195,274470,38027,275,2,43200,139.28
236168,274184,274475,38016,291,2,43200,131.639175258
236168,274174,274175,38006,1,2,43200,3800.7
236168,274179,274180,38011,1,2,43200,3801.2
236169,274207,274208,38038,1,2,43200,3803.9
236169,274218,274219,38049,1,2,43200,3805.0
236169,274202,274203,38033,1,2,43200,3803.4
236169,274213,274214,38044,1,2,43200,3804.5
236170,274234,274235,38064,1,2,43200,3806.5
236170,274229,274230,38059,1,2,43200,3806.0
236170,274240,274512,38070,272,2,43200,140.963235294
236171,274250,274251,38079,1,2,43200,3808.0
236171,274261,274262,38090,1,2,43200,3809.1
236171,274245,274246,38074,1,2,43200,3807.5
236172,274284,274285,38112,1,2,43200,3811.3
236172,274279,274280,38107,1,2,43200,3810.8
236172,274274,274537,38102,263,2,43200,145.874524715
236172,274268,274541,38096,273,2,43200,140.545787546
236173,274306,274557,38133,251,2,43200,152.924302789
236173,274300,274301,38127,1,2,43200,3812.8
236173,274311,274312,38138,1,2,43200,3813.9
236173,274295,274296,38122,1,2,43200,3812.3
236174,274333,274334,38159,1,2,43200,3816.0
236174,274322,274560,38148,238,2,43200,161.285714286
236174,274316,274317,38142,1,2,43200,3814.3
236174,274327,274328,38153,1,2,43200,3815.4
236175,274338,274339,38163,1,2,43200,3816.4
236175,274345,274346,38170,1,2,43200,3817.1
236175,274356,274357,38181,1,2,43200,3818.2
236176,274361,274362,38185,1,2,43200,3818.6
236176,274372,274373,38196,1,2,43200,3819.7
236176,274377,274378,38201,1,2,43200,3820.2
236177,274383,274384,38206,1,2,43200,3820.7
236177,274388,274389,38211,1,2,43200,3821.2
236177,274393,274395,38216,2,2,43200,3821.8
236177,274399,274400,38222,1,2,43200,3822.3
236178,274443,274444,38265,1,2,43200,3826.6
236178,274438,274439,38260,1,2,43200,3826.1
236178,274404,274405,38226,1,2,43200,3822.7
236179,274415,274416,38236,1,2,43200,3823.7
236179,274427,274428,38248,1,2,43200,3824.9
236179,274420,274422,38241,2,2,43200,3824.3
236180,276228,276229,40048,1,2,43200,4004.9
236180,276222,276223,40042,1,2,43200,4004.3
236180,276214,276215,40034,1,2,43200,4003.5
236181,274454,274458,38273,4,2,43200,3827.7
236181,274465,274466,38284,1,2,43200,3828.5
236181,274470,274471,38289,1,2,43200,3829.0
236182,274486,274742,38304,256,2,43200,150.625
236182,274481,274803,38299,322,2,43200,119.940993789
236182,274492,274493,38310,1,2,43200,3831.1
236182,274497,274498,38315,1,2,43200,3831.6
236183,274503,274504,38320,1,2,43200,3832.1
236183,274508,274509,38325,1,2,43200,3832.6
236183,274513,274514,38330,1,2,43200,3833.1
236183,274519,274520,38336,1,2,43200,3833.7
236184,274548,274799,38364,251,2,43200,153.844621514
236184,274524,274777,38340,253,2,43200,152.541501976
236184,274542,274543,38358,1,2,43200,3835.9
236184,274537,274538,38353,1,2,43200,3835.4
236185,274558,274560,38373,2,2,43200,3837.5
236185,274553,274825,38368,272,2,43200,142.058823529
236185,274569,274570,38384,1,2,43200,3838.5
236185,274564,274565,38379,1,2,43200,3838.0
236186,274596,274597,38410,1,2,43200,3841.1
236186,274590,274591,38404,1,2,43200,3840.5
236186,274585,274586,38399,1,2,43200,3840.0
236186,274574,274575,38388,1,2,43200,3838.9
236187,274617,274618,38430,1,2,43200,3843.1
236187,274606,274607,38419,1,2,43200,3842.0
236187,274601,274602,38414,1,2,43200,3841.5
236188,274628,274629,38440,1,2,43200,3844.1
236188,274633,274634,38445,1,2,43200,3844.6
236188,274639,274640,38451,1,2,43200,3845.2
236189,274657,274658,38468,1,2,43200,3846.9
236189,274652,274653,38463,1,2,43200,3846.4
236189,274646,274647,38457,1,2,43200,3845.8
236190,274689,274690,38499,1,2,43200,3850.0
236190,274684,274685,38494,1,2,43200,3849.5
236190,274673,274674,38483,1,2,43200,3848.4
236190,274668,274669,38478,1,2,43200,3847.9
236191,274711,274712,38520,1,2,43200,3852.1
236191,274705,274706,38514,1,2,43200,3851.5
236191,274700,274701,38509,1,2,43200,3851.0
236192,274732,274733,38540,1,2,43200,3854.1
236192,274727,274728,38535,1,2,43200,3853.6
236192,274716,274717,38524,1,2,43200,3852.5
236193,274748,274749,38555,1,2,43200,3855.6
236193,274738,274739,38545,1,2,43200,3854.6
236193,274754,274755,38561,1,2,43200,3856.2
236193,274743,274744,38550,1,2,43200,3855.1
236194,274759,274760,38565,1,2,43200,3856.6
236194,274766,274768,38572,2,2,43200,3857.4
236194,274772,274773,38578,1,2,43200,3857.9
236194,274777,274778,38583,1,2,43200,3858.4
236195,274782,274783,38587,1,2,43200,3858.8
236195,274793,274794,38598,1,2,43200,3859.9
236196,274809,275067,38613,258,2,43200,150.662790698
236196,274804,274805,38608,1,2,43200,3860.9
236196,274815,274816,38619,1,2,43200,3862.0
236196,274820,274821,38624,1,2,43200,3862.5
236197,274825,274826,38628,1,2,43200,3862.9
236197,274836,275126,38639,290,2,43200,134.237931034
236197,274841,274842,38644,1,2,43200,3864.5
236198,274852,274853,38654,1,2,43200,3865.5
236198,274857,274858,38659,1,2,43200,3866.0
236199,274886,274887,38687,1,2,43200,3868.8
236199,274879,274880,38680,1,2,43200,3868.1
236199,274868,274869,38669,1,2,43200,3867.0
236200,276233,276234,40033,1,2,43200,4003.4
236200,276239,276240,40039,1,2,43200,4004.0
236200,276244,276245,40044,1,2,43200,4004.5
236201,276255,276261,40054,6,2,43200,4006.0
236201,276260,276262,40059,2,2,43200,4006.1
236201,276266,276267,40065,1,2,43200,4006.6
236202,276293,276294,40091,1,2,43200,4009.2
236202,276282,276283,40080,1,2,43200,4008.1
236202,276277,276278,40075,1,2,43200,4007.6
236202,276271,276272,40069,1,2,43200,4007.0
236203,276304,276305,40101,1,2,43200,4010.2
236203,276309,276310,40106,1,2,43200,4010.7
236203,274897,274898,38694,1,2,43200,3869.5
236203,276298,276299,40095,1,2,43200,4009.6
236204,274908,274909,38704,1,2,43200,3870.5
236204,274913,274914,38709,1,2,43200,3871.0
236205,274924,274925,38719,1,2,43200,3872.0
236205,274940,274941,38735,1,2,43200,3873.6
236205,274935,274936,38730,1,2,43200,3873.1
236205,274929,274930,38724,1,2,43200,3872.5
236206,274945,274946,38739,1,2,43200,3874.0
236206,274956,274957,38750,1,2,43200,3875.1
236207,274961,274962,38754,1,2,43200,3875.5
236207,274972,274973,38765,1,2,43200,3876.6
236207,274983,274984,38776,1,2,43200,3877.7
236208,274988,274989,38780,1,2,43200,3878.1
236208,275004,275005,38796,1,2,43200,3879.7
236208,274999,275000,38791,1,2,43200,3879.2
236208,274994,274995,38786,1,2,43200,3878.7
236209,275028,275029,38819,1,2,43200,3882.0
236209,275015,275016,38806,1,2,43200,3880.7
236209,275023,275024,38814,1,2,43200,3881.5
236210,275050,275051,38840,1,2,43200,3884.1
236210,275044,275046,38834,2,2,43200,3883.6
236210,275039,275040,38829,1,2,43200,3883.0
236210,275034,275035,38824,1,2,43200,3882.5
236211,275066,275067,38855,1,2,43200,3885.6
236211,275071,275072,38860,1,2,43200,3886.1
236211,275077,275340,38866,263,2,43200,148.779467681
236211,275060,275061,38849,1,2,43200,3885.0
236211,275055,275056,38844,1,2,43200,3884.5
236212,275082,275083,38870,1,2,43200,3887.1
236212,275087,275088,38875,1,2,43200,3887.6
236212,275098,275099,38886,1,2,43200,3888.7
236213,275114,275115,38901,1,2,43200,3890.2
236213,275119,275121,38906,2,2,43200,3890.8
236213,275109,275110,38896,1,2,43200,3889.7
236213,275103,275104,38890,1,2,43200,3889.1
236214,275135,275371,38921,236,2,43200,165.919491525
236214,275141,275142,38927,1,2,43200,3892.8
236214,275125,275126,38911,1,2,43200,3891.2
236214,275130,275131,38916,1,2,43200,3891.7
236215,275165,275166,38950,1,2,43200,3895.1
236215,275160,275161,38945,1,2,43200,3894.6
236215,275151,275152,38936,1,2,43200,3893.7
236215,275146,275147,38931,1,2,43200,3893.2
236216,275181,275182,38965,1,2,43200,3896.6
236216,275176,275177,38960,1,2,43200,3896.1
236216,275170,275172,38954,2,2,43200,3895.6
236217,275197,275198,38980,1,2,43200,3898.1
236217,275208,275209,38991,1,2,43200,3899.2
236217,275192,275193,38975,1,2,43200,3897.6
236218,275213,275215,38995,2,2,43200,3899.7
236218,275224,275225,39006,1,2,43200,3900.7
236218,275229,275230,39011,1,2,43200,3901.2
236218,275235,275236,39017,1,2,43200,3901.8
236219,275240,275241,39021,1,2,43200,3902.2
236219,275256,275259,39037,3,2,43200,3904.0
236219,275251,275252,39032,1,2,43200,3903.3
236219,275245,275246,39026,1,2,43200,3902.7
236220,275272,275273,39052,1,2,43200,3905.3
236220,275267,275268,39047,1,2,43200,3904.8
236221,275283,275284,39062,1,2,43200,3906.3
236221,275288,275289,39067,1,2,43200,3906.8
236221,275296,275297,39075,1,2,43200,3907.6
236221,275302,275303,39081,1,2,43200,3908.2
236222,275307,275309,39085,2,2,43200,3908.7
236222,275318,275319,39096,1,2,43200,3909.7
236222,275312,275314,39090,2,2,43200,3909.2
236223,275323,275324,39100,1,2,43200,3910.1
236223,275328,275329,39105,1,2,43200,3910.6
236223,275334,275335,39111,1,2,43200,3911.2
236223,275339,275340,39116,1,2,43200,3911.7
236223,275344,275345,39121,1,2,43200,3912.2
236224,275355,275356,39131,1,2,43200,3913.2
236224,275361,275362,39137,1,2,43200,3913.8
236224,275366,275367,39142,1,2,43200,3914.3
236224,275350,275351,39126,1,2,43200,3912.7
236225,275371,275372,39146,1,2,43200,3914.7
236225,275377,275378,39152,1,2,43200,3915.3
236225,275388,275389,39163,1,2,43200,3916.4
236225,275382,275650,39157,268,2,43200,147.108208955
236226,275393,275394,39167,1,2,43200,3916.8
236226,275398,275400,39172,2,2,43200,3917.4
236226,275409,275410,39183,1,2,43200,3918.4
236227,275431,275432,39204,1,2,43200,3920.5
236227,275414,275416,39187,2,2,43200,3918.9
236227,275420,275421,39193,1,2,43200,3919.4
236227,275425,275427,39198,2,2,43200,3920.0
236228,275436,275437,39208,1,2,43200,3920.9
236228,275442,275443,39214,1,2,43200,3921.5
236228,275447,275449,39219,2,2,43200,3922.1
236228,275453,275454,39225,1,2,43200,3922.6
236229,275458,275459,39229,1,2,43200,3923.0
236229,275463,275464,39234,1,2,43200,3923.5
236229,275469,275470,39240,1,2,43200,3924.1
236229,275477,275479,39248,2,2,43200,3925.0
236229,275483,275484,39254,1,2,43200,3925.5
236230,275488,275489,39258,1,2,43200,3925.9
236230,275499,275500,39269,1,2,43200,3927.0
236230,275494,275495,39264,1,2,43200,3926.5
236231,275526,275527,39295,1,2,43200,3929.6
236231,275521,275522,39290,1,2,43200,3929.1
236231,275515,275516,39284,1,2,43200,3928.5
236231,275510,275511,39279,1,2,43200,3928.0
236232,275548,275549,39316,1,2,43200,3931.7
236232,275537,275538,39305,1,2,43200,3930.6
236232,275532,275533,39300,1,2,43200,3930.1
236233,275559,275561,39326,2,2,43200,3932.8
236233,275570,275571,39337,1,2,43200,3933.8
236233,275564,275566,39331,2,2,43200,3933.3
236233,275553,275554,39320,1,2,43200,3932.1
236234,275575,275576,39341,1,2,43200,3934.2
236234,275581,275582,39347,1,2,43200,3934.8
236234,275586,275587,39352,1,2,43200,3935.3
236234,275591,275592,39357,1,2,43200,3935.8
236235,275597,275598,39362,1,2,43200,3936.3
236235,275602,275603,39367,1,2,43200,3936.8
236235,275613,275614,39378,1,2,43200,3937.9
236236,275629,275630,39393,1,2,43200,3939.4
236236,275624,275625,39388,1,2,43200,3938.9
236237,275651,275652,39414,1,2,43200,3941.5
236237,275660,275925,39423,265,2,43200,149.766037736
236237,275640,275641,39403,1,2,43200,3940.4
236237,275646,275647,39409,1,2,43200,3941.0
236238,275665,275666,39427,1,2,43200,3942.8
236238,275676,275677,39438,1,2,43200,3943.9
236238,275681,275682,39443,1,2,43200,3944.4
236239,275703,275704,39464,1,2,43200,3946.5
236239,275687,275688,39448,1,2,43200,3944.9
236239,275692,275693,39453,1,2,43200,3945.4
236239,276035,276037,39796,2,2,43200,3979.8
236239,275698,275699,39459,1,2,43200,3946.0
236240,276040,276041,39800,1,2,43200,3980.1
236240,276046,276047,39806,1,2,43200,3980.7
236240,276051,276052,39811,1,2,43200,3981.2
236240,276057,276058,39817,1,2,43200,3981.8
236241,276062,276063,39821,1,2,43200,3982.2
236241,276067,276069,39826,2,2,43200,3982.8
236241,276073,276074,39832,1,2,43200,3983.3
236241,276078,276080,39837,2,2,43200,3983.9
236242,276084,276086,39842,2,2,43200,3984.4
236242,276089,276090,39847,1,2,43200,3984.8
236242,276100,276101,39858,1,2,43200,3985.9
236243,276122,276123,39879,1,2,43200,3988.0
236243,276111,276112,39868,1,2,43200,3986.9
236243,276116,276117,39873,1,2,43200,3987.4
236244,276320,276321,40076,1,2,43200,4007.7
236244,276315,276316,40071,1,2,43200,4007.2
236244,276127,276128,39883,1,2,43200,3988.4
236245,276336,276337,40091,1,2,43200,4009.2
236245,276331,276332,40086,1,2,43200,4008.7
236245,276347,276348,40102,1,2,43200,4010.3
236245,276342,276343,40097,1,2,43200,4009.8
236246,275719,275720,39473,1,2,43200,3947.4
236246,275714,275715,39468,1,2,43200,3946.9
236246,275725,275726,39479,1,2,43200,3948.0
236247,275730,275732,39483,2,2,43200,3948.5
236247,275741,275742,39494,1,2,43200,3949.5
236248,275768,275769,39520,1,2,43200,3952.1
236248,275757,275758,39509,1,2,43200,3951.0
236248,275763,275764,39515,1,2,43200,3951.6
236248,275752,275753,39504,1,2,43200,3950.5
236249,275779,275780,39530,1,2,43200,3953.1
236249,275785,275786,39536,1,2,43200,3953.7
236249,275790,275791,39541,1,2,43200,3954.2
236249,275774,275775,39525,1,2,43200,3952.6
236249,275795,275796,39546,1,2,43200,3954.7
236250,275801,275802,39551,1,2,43200,3955.2
236250,275806,275807,39556,1,2,43200,3955.7
236250,275812,275813,39562,1,2,43200,3956.3
236250,275817,275818,39567,1,2,43200,3956.8
236251,275828,275829,39577,1,2,43200,3957.8
236251,275842,275843,39591,1,2,43200,3959.2
236251,275833,275834,39582,1,2,43200,3958.3
236252,275853,275854,39601,1,2,43200,3960.2
236252,275858,275859,39606,1,2,43200,3960.7
236252,275864,275865,39612,1,2,43200,3961.3
236252,275847,275849,39595,2,2,43200,3959.7
236253,275875,275876,39622,1,2,43200,3962.3
236253,275880,275881,39627,1,2,43200,3962.8
236253,275869,275870,39616,1,2,43200,3961.7
236253,275885,275886,39632,1,2,43200,3963.3
236253,275891,275892,39638,1,2,43200,3963.9
236254,275896,275897,39642,1,2,43200,3964.3
236254,275902,275903,39648,1,2,43200,3964.9
236254,275907,275908,39653,1,2,43200,3965.4
236254,275913,275914,39659,1,2,43200,3966.0
236255,275929,276145,39674,216,2,43200,184.675925926
236255,275918,275919,39663,1,2,43200,3966.4
236255,275934,275935,39679,1,2,43200,3968.0
236255,275923,275925,39668,2,2,43200,3967.0
236256,275945,275946,39689,1,2,43200,3969.0
236256,275956,275957,39700,1,2,43200,3970.1
236257,275961,275962,39704,1,2,43200,3970.5
236257,275967,275968,39710,1,2,43200,3971.1
236257,275978,275979,39721,1,2,43200,3972.2
236257,275972,275973,39715,1,2,43200,3971.6
236258,275983,275984,39725,1,2,43200,3972.6
236258,275994,275995,39736,1,2,43200,3973.7
236258,275999,276001,39741,2,2,43200,3974.3
236259,276021,276022,39762,1,2,43200,3976.3
236259,276005,276006,39746,1,2,43200,3974.7
236259,276010,276012,39751,2,2,43200,3975.3
236260,276133,276134,39873,1,2,43200,3987.4
236260,276138,276139,39878,1,2,43200,3987.9
236260,276144,276145,39884,1,2,43200,3988.5
236260,276149,276150,39889,1,2,43200,3989.0
236260,276154,276155,39894,1,2,43200,3989.5
236261,276165,276167,39904,2,2,43200,3990.6
236261,276160,276161,39899,1,2,43200,3990.0
236261,276176,276177,39915,1,2,43200,3991.6
236261,276171,276172,39910,1,2,43200,3991.1
236262,276187,276188,39925,1,2,43200,3992.6
236262,276192,276193,39930,1,2,43200,3993.1
236262,276198,276199,39936,1,2,43200,3993.7
236262,276182,276183,39920,1,2,43200,3992.1
236263,276203,276204,39940,1,2,43200,3994.1
236274,236281,236684,7,403,1,3600,1.01736972705
236274,236287,242753,13,6466,2,14400,1.00201051655
236301,236311,243121,10,6810,2,14400,1.00146842878
236402,236408,239403,6,2995,2,14400,1.0020033389
236566,236572,236580,6,8,16,10800,1.4
236799,236805,241034,6,4229,16,10800,1.00141877512
236822,236831,243566,9,6735,2,14400,1.0013363029
236837,236843,243547,6,6704,2,14400,1.00089498807
237152,237159,241377,7,4218,16,10800,1.00165955429
237159,237173,244033,14,6860,2,14400,1.00204081633
237162,237178,241394,16,4216,16,10800,1.00379506641
237646,237656,244258,10,6602,2,14400,1.00151469252
238361,238368,245689,7,7321,2,14400,1.00095615353
238653,238661,244990,8,6329,2,14400,1.00126402275
238704,238711,239260,7,549,1,32400,1.01275045537
238830,238842,244854,12,6012,2,14400,1.00199600798
238878,238889,245142,11,6253,2,14400,1.00175915561
239071,239081,245535,10,6454,2,14400,1.00154942671
239336,239347,245772,11,6425,2,14400,1.00171206226
239580,239593,239596,13,3,1,7200,1.6
239580,239587,239591,7,4,1,7200,1.1
239581,239610,239614,29,4,1,7200,3.3
239581,239605,239607,24,2,1,7200,2.6
239581,239598,239601,17,3,1,7200,2.0
239582,239616,239619,34,3,1,7200,3.7
239583,239632,239638,49,6,1,7200,5.5
239583,239621,239624,38,3,1,7200,4.1
239583,239627,239633,44,6,1,7200,5.0
239584,239638,239644,54,6,1,7200,6.0
239584,239643,239649,59,6,1,7200,6.5
239585,239649,239655,64,6,1,7200,7.0
239585,239654,239660,69,6,1,7200,7.5
239585,239660,239661,75,1,1,7200,7.6
239586,239670,239671,84,1,1,7200,8.5
239586,239665,239671,79,6,1,7200,8.5
239754,239760,239762,6,2,1,68400,1.0
239755,239774,239777,19,3,1,68400,2.2
239822,240007,300431,185,60424,1,68400,1.00306169734
239822,239828,300431,6,60603,1,68400,1.000099005
239822,240374,300431,552,60057,1,68400,1.0091912683
239823,242718,300431,2895,57713,1,68400,1.05016200856
239823,242304,300431,2481,58127,1,68400,1.04268240233
239824,248046,300431,8222,52385,1,68400,1.15695332633
239824,251256,300431,11432,49175,1,68400,1.23247585155
239824,249439,300431,9615,50992,1,68400,1.18855898965
239825,265955,300431,26130,34476,1,68400,1.75791855204
239825,265962,300431,26137,34469,1,68400,1.75827555195
239825,265969,300431,26144,34462,1,68400,1.75863269688
239826,276358,300426,36532,24068,1,68400,2.5178660462
239826,276364,300431,36538,24067,1,68400,2.51817841858
239826,276353,300431,36527,24078,1,68400,2.51702799236
239827,276375,300431,36548,24056,1,68400,2.51928832724
239827,276369,300431,36542,24062,1,68400,2.518660128
239827,276380,300431,36553,24051,1,68400,2.51981206603
240040,240052,247304,12,7252,2,14400,1.00165471594
240239,240247,246938,8,6691,2,14400,1.00119563593
241567,268947,290865,27380,21918,4,34200,2.24920156949
241624,268952,271429,27328,2477,4,34260,12.0327008478
242416,242427,249420,11,6993,2,14400,1.00157300157
242756,242764,249758,8,6994,2,14400,1.00114383758
243123,243133,249662,10,6529,2,14400,1.00153162812
243550,243559,250562,9,7003,2,14400,1.0012851635
243572,243577,249841,5,6264,2,14400,1.00079821201
244034,244044,250901,10,6857,2,14400,1.00145836372
244259,244269,250797,10,6528,2,14400,1.00153186275
244862,244869,251198,7,6329,2,14400,1.00110601991
245002,245009,251757,7,6748,2,14400,1.0010373444
245143,245153,252262,10,7109,2,14400,1.0014066676
245538,245546,251869,8,6323,2,14400,1.0012652222
245625,245632,245640,7,8,1,240,1.5
245691,245700,252160,9,6460,2,14400,1.00139318885
245773,245783,252704,10,6921,2,14400,1.00144487791
246450,271440,282245,24990,10805,4,34380,3.31281813975
246455,274131,288359,27676,14228,4,21600,2.94517852123
246918,272725,276391,25807,3666,4,34440,8.03955264594
246941,246950,253474,9,6524,2,14400,1.00137952177
247305,247315,253908,10,6593,2,14400,1.0015167602
247682,276386,341144,28704,64758,1,74100,1.44325025479
248643,248650,248791,7,141,4,600,1.04964539007
248746,248753,249378,7,625,4,600,1.0112
248908,264049,275213,15141,11164,16,21599,2.35623432461
249140,249146,249169,6,23,8,1140,1.26086956522
249422,249431,256522,9,7091,2,14400,1.0012692145
249663,249674,255816,11,6142,2,14400,1.00179094757
249759,249769,256115,10,6346,2,14400,1.00157579578
249843,249853,256757,10,6904,2,14400,1.00144843569
250563,250574,256858,11,6284,2,14400,1.0017504774
250798,250814,258281,16,7467,2,14400,1.00214276148
250801,250808,251470,7,662,8,3540,1.01057401813
250904,250912,257086,8,6174,2,14400,1.0012957564
251199,251209,258113,10,6904,2,14400,1.00144843569
251759,251770,258175,11,6405,2,14400,1.00171740827
251870,251880,258081,10,6201,2,14400,1.00161264312
252162,252171,258715,9,6544,2,14400,1.00137530562
252264,252274,258887,10,6613,2,14400,1.00151217299
252706,252716,259314,10,6598,2,14400,1.00151561079
253474,253485,259957,11,6472,2,14400,1.00169962917
253911,253919,260992,8,7073,2,14400,1.00113106178
255383,255390,255408,7,18,16,1140,1.38888888889
255432,277194,349244,21762,72050,4,72000,1.30204024983
255457,277201,349251,21744,72050,4,72000,1.30179042332
255818,255827,263045,9,7218,2,14400,1.00124688279
255950,255956,255976,6,20,17,4800,1.3
256116,256127,263377,11,7250,2,14400,1.00151724138
256525,256535,263207,10,6672,2,14400,1.00149880096
256703,256709,256710,6,1,1,240,1.0
256760,256769,264252,9,7483,2,14400,1.00120272618
256859,256870,263540,11,6670,2,14400,1.00164917541
257088,257098,263785,10,6687,2,14400,1.00149543891
257123,257130,257144,7,14,10,4800,1.5
257538,257545,257560,7,15,10,4800,1.46666666667
257688,257694,257941,6,247,1,3540,1.02429149798
257888,264038,273292,6150,9254,64,12600,1.66457748001
258042,258050,260086,8,2036,1,3540,1.00392927308
258082,258093,264768,11,6675,2,14400,1.00164794007
258115,258125,264706,10,6581,2,14400,1.00151952591
258118,258130,258306,12,176,1,3540,1.06818181818
258165,258174,258435,9,261,1,3540,1.03448275862
258178,258186,264512,8,6326,2,14400,1.00126462219
258213,258220,258701,7,481,1,3540,1.01455301455
258283,258292,264728,9,6436,2,14400,1.00139838409
258286,258298,258658,12,360,1,3540,1.03333333333
258332,258339,258843,7,504,1,3540,1.01388888889
258380,258387,258863,7,476,1,3540,1.01470588235
258427,258434,258939,7,505,1,3540,1.01386138614
258474,258481,258958,7,477,1,3540,1.01467505241
258522,258528,259035,6,507,1,3540,1.01183431953
258716,258732,265226,16,6494,2,14400,1.00246381275
258719,258725,258984,6,259,1,3540,1.02316602317
258888,258899,266038,11,7139,2,14400,1.00154083205
258971,258978,259157,7,179,1,3540,1.03910614525
259144,259151,259270,7,119,4,3540,1.05882352941
259193,259199,259321,6,122,1,3540,1.04918032787
259316,259325,265989,9,6664,2,14400,1.00135054022
259958,259968,267136,10,7168,2,14400,1.00139508929
260302,260308,260442,6,134,4,600,1.0447761194
260396,260403,261033,7,630,4,600,1.01111111111
260993,261003,267959,10,6956,2,14400,1.00143760782
263047,263056,269466,9,6410,2,14400,1.00140405616
263058,264044,264050,986,6,16,7200,99.2
263210,263218,269787,8,6569,2,14400,1.00121784138
263378,263390,270014,12,6624,2,14400,1.0018115942
263541,263551,269768,10,6217,2,14400,1.00160849284
263787,263796,270315,9,6519,2,14400,1.00138057984
264252,264263,270847,11,6584,2,14400,1.00167071689
264515,264525,271901,10,7376,2,14400,1.00135574837
264708,264717,271310,9,6593,2,14400,1.00136508418
264730,264740,271614,10,6874,2,14400,1.00145475706
264769,264780,271729,11,6949,2,14400,1.00158296158
265227,265237,271973,10,6736,2,14400,1.00148456057
265593,272731,272865,7138,134,4,600,54.2686567164
265989,266001,272424,12,6423,2,14400,1.00186828585
266040,266049,272758,9,6709,2,14400,1.00134148159
267136,267148,273751,12,6603,2,14400,1.00181735575
267859,276391,276398,8532,7,1,3600,853.9
267961,267971,274479,10,6508,2,14400,1.00153657037
269467,269479,275912,12,6433,2,14400,1.00186538163
269771,269780,277353,9,7573,2,14400,1.00118843259
269789,269799,276944,10,7145,2,14400,1.00139958013
269941,273304,273351,3363,47,12,1200,72.5531914894
270015,270025,276993,10,6968,2,14400,1.00143513203
270316,270326,277034,10,6708,2,14400,1.0014907573
270849,270860,277497,11,6637,2,14400,1.00165737532
271312,271321,277834,9,6513,2,14400,1.00138185168
271526,276397,276404,4871,7,1,1800,487.8
271617,271625,278582,8,6957,2,14400,1.00114992094
271732,271741,278333,9,6592,2,14400,1.00136529126
271902,271912,278614,10,6702,2,14400,1.00149209191
271970,276402,276480,4432,78,1,3600,57.8205128205
271974,271984,278250,10,6266,2,14400,1.00159591446
272425,272435,278819,10,6384,2,14400,1.00156641604
272760,272769,278838,9,6069,2,14400,1.00148294612
273755,273762,280910,7,7148,2,14400,1.00097929491
274481,274531,281674,50,7143,2,14400,1.00699986
275915,276029,283256,114,7227,2,14400,1.01577418016
276513,276519,276629,6,110,1,3600,1.05454545455
276548,276556,276627,8,71,1,1800,1.11267605634
276602,276609,276831,7,222,1,3600,1.03153153153
276767,276774,277014,7,240,1,3600,1.02916666667
276842,276848,276936,6,88,1,1800,1.06818181818
276945,276955,284084,10,7129,2,14400,1.00140272128
276996,277004,283142,8,6138,2,14400,1.00130335614
277035,277045,284820,10,7775,2,14400,1.00128617363
277114,277121,277563,7,442,1,3600,1.01583710407
277257,277263,277865,6,602,1,3600,1.00996677741
277354,277364,284872,10,7508,2,14400,1.00133191263
277376,277383,277763,7,380,1,1800,1.01842105263
277498,277509,284490,11,6981,2,14400,1.00157570549
277836,277845,284946,9,7101,2,14400,1.00126742712
278251,278262,284462,11,6200,2,14400,1.00177419355
278335,278344,285356,9,7012,2,14400,1.00128351398
278381,278388,278398,7,10,1,3600,1.7
278406,278412,278418,6,6,1,1800,1.2
278514,278520,278629,6,109,1,3600,1.05504587156
278565,278571,278611,6,40,1,1800,1.15
278582,278593,285404,11,6811,2,14400,1.0016150345
278615,278625,285611,10,6986,2,14400,1.0014314343
278769,278776,279275,7,499,1,3600,1.01402805611
278820,278830,285181,10,6351,2,14400,1.00157455519
278840,278849,285742,9,6893,2,14400,1.00130567242
278949,278955,279029,6,74,1,1800,1.08108108108
279582,279589,280044,7,455,1,3600,1.01538461538
279707,279713,279968,6,255,1,1800,1.02352941176
280912,280921,287100,9,6179,2,14400,1.00145654637
281674,281685,288322,11,6637,2,14400,1.00165737532
283144,283153,289956,9,6803,2,14400,1.00132294576
283258,283267,290292,9,7025,2,14400,1.00128113879
284086,284095,290629,9,6534,2,14400,1.00137741047
284434,284441,289966,7,5525,1,18000,1.00126696833
284463,284473,291099,10,6626,2,14400,1.00150920616
284493,284502,291214,9,6712,2,14400,1.001340882
284821,284831,291427,10,6596,2,14400,1.00151607035
284875,284883,291621,8,6738,2,14400,1.00118729593
284947,284957,291286,10,6329,2,14400,1.00158002844
285183,285193,292136,10,6943,2,14400,1.00144029958
285360,285367,292537,7,7170,2,14400,1.0009762901
285406,285416,291689,10,6273,2,14400,1.00159413359
285622,285628,292328,6,6700,2,14400,1.00089552239
285754,285760,293068,6,7308,2,14400,1.00082101806
287101,287112,293271,11,6159,2,14400,1.00178600422
288324,288333,295279,9,6946,2,14400,1.00129570976
288419,288426,288428,7,2,4,600,1.0
288581,288588,288760,7,172,4,600,1.04069767442
288633,288639,288852,6,213,4,600,1.02816901408
289956,289967,296272,11,6305,2,14400,1.00174464711
290075,290081,290227,6,146,1,18000,1.04109589041
290283,290289,290298,6,9,2,1800,1.5
290293,290303,297412,10,7109,2,14400,1.0014066676
290355,290362,290416,7,54,1,18000,1.12962962963
290578,290585,290648,7,63,1,18000,1.11111111111
290630,290640,297303,10,6663,2,14400,1.00150082545
290892,290898,290974,6,76,1,18000,1.07894736842
291100,291111,297136,11,6025,2,14400,1.00182572614
291111,291118,291132,7,14,2,1800,1.5
291215,291225,297631,10,6406,2,14400,1.00156103653
291259,291266,291392,7,126,4,34260,1.05555555556
291287,291297,298502,10,7205,2,14400,1.00138792505
291296,291305,296256,9,4951,1,18000,1.00181781458
291388,291395,352383,7,60988,2,72000,1.00011477668
291393,291401,294907,8,3506,4,34260,1.00228180262
291428,291439,298082,11,6643,2,14400,1.00165587837
291448,291454,294684,6,3230,4,34200,1.00185758514
291624,291632,297848,8,6216,2,14400,1.00128700129
291687,291700,298898,13,7198,2,14400,1.00180605724
291983,291989,292004,6,15,2,1800,1.4
292138,292147,298698,9,6551,2,14400,1.00137383606
292159,292166,292179,7,13,2,1800,1.53846153846
292328,292339,299382,11,7043,2,14400,1.00156183445
292539,292548,299280,9,6732,2,14400,1.0013368984
292846,292852,302931,6,10079,4,36000,1.00059529715
292883,292890,293089,7,199,1,899,1.0351758794
292965,292972,363922,7,70950,1,172800,1.00009866103
292984,292990,306392,6,13402,2,72000,1.00044769437
293028,293034,344340,6,51306,1,172800,1.00011694539
293047,293053,354581,6,61528,1,172800,1.00009751658
293061,293068,371584,7,78516,1,172800,1.0000891538
293069,293079,299804,10,6725,2,14400,1.00148698885
293274,293282,300350,8,7068,2,14400,1.00113186191
293554,293560,304391,6,10831,4,10800,1.00055396547
293612,293619,293817,7,198,1,899,1.03535353535
294267,294274,294275,7,1,4,21600,1.0
294680,294687,306149,7,11462,2,90000,1.00061071366
294786,294793,316217,7,21424,4,21600,1.00032673637
294849,294856,294857,7,1,4,21600,1.0
295229,295235,300262,6,5027,4,21600,1.0011935548
295280,295290,301804,10,6514,2,14400,1.00153515505
295338,295344,300988,6,5644,4,21600,1.00106307583
295699,295705,300808,6,5103,1,151200,1.00117577895
295904,295910,304845,6,8935,4,10800,1.00067151651
296006,296013,735164,7,439151,4,604800,1.00001593985
296272,296279,314324,7,18045,1,18000,1.00038791909
296274,296285,302689,11,6404,2,14400,1.00171767645
296302,296310,310226,8,13916,4,21600,1.00057487784
296490,296498,297685,8,1187,2,7200,1.00673967987
297114,297120,297328,6,208,1,899,1.02884615385
297138,297147,303818,9,6671,2,14400,1.00134912307
297253,297260,298461,7,1201,2,7200,1.00582847627
297307,297316,304564,9,7248,2,14400,1.00124172185
297415,297423,304017,8,6594,2,14400,1.00121322414
297504,297510,297971,6,461,2,7200,1.01301518438
297529,297535,297733,6,198,1,899,1.0303030303
297632,297643,304651,11,7008,2,14400,1.0015696347
297848,297859,304546,11,6687,2,14400,1.0016449828
297869,297887,297892,18,5,1,53999,2.3
297869,297880,297889,11,9,1,53999,2.0
297870,297893,297935,23,42,1,53999,1.54761904762
297870,297900,297935,30,35,1,53999,1.85714285714
297870,297905,297935,35,30,1,53999,2.16666666667
297871,297916,297935,45,19,1,53999,3.36842105263
297871,297911,297935,40,24,1,53999,2.66666666667
298083,298095,305060,12,6965,2,14400,1.00172290022
298505,298513,305495,8,6982,2,14400,1.00114580349
298701,298709,305422,8,6713,2,14400,1.00119171756
298899,298910,304872,11,5962,2,14400,1.00184501845
298943,349250,406897,50307,57647,4,72000,1.87267333946
299021,299028,308094,7,9066,12,43200,1.0007721156
299282,299291,306132,9,6841,2,14400,1.00131559713
299384,299390,324704,6,25314,2,43200,1.00023702299
299384,299396,306100,12,6704,2,14400,1.00178997613
299694,299711,303330,17,3619,1,53999,1.00469743023
299694,299706,302486,12,2780,1,53999,1.00431654676
299694,299700,303636,6,3936,1,53999,1.00152439024
299695,299719,306568,24,6849,1,53999,1.00350416119
299695,299724,312484,29,12760,1,53999,1.00227272727
299696,299735,311001,39,11266,1,53999,1.0034617433
299696,299729,353751,33,54022,1,53999,1.00061086224
299806,299815,305927,9,6112,2,14400,1.00147251309
299843,299849,303889,6,4040,2,14400,1.00148514851
299968,299974,308329,6,8355,16,18000,1.00071813285
300301,300308,304546,7,4238,16,10800,1.00165172251
300351,300361,307641,10,7280,2,14400,1.00137362637
301144,301151,301682,7,531,14,43200,1.0131826742
301232,301239,301414,7,175,2,3600,1.04
301245,301251,312475,6,11224,2,43200,1.00053456878
301355,301361,304156,6,2795,2,7200,1.00214669052
301673,301680,301880,7,200,8,1800,1.035
301741,301748,309288,7,7540,1,86399,1.00092838196
301742,301760,308176,18,6416,1,86399,1.00280548628
301742,301765,310789,23,9024,1,86399,1.00254875887
301742,301753,307514,11,5761,1,86399,1.00190939073
301743,301770,316571,27,14801,1,86399,1.00182420107
301743,301781,388207,38,86426,1,86399,1.0004396825
301743,301776,360132,33,58356,1,86399,1.00056549455
301806,301815,308275,9,6460,2,14400,1.00139318885
301902,301908,302288,6,380,2,3600,1.01578947368
302008,302014,308054,6,6040,2,7200,1.00099337748
302124,302131,311650,7,9519,16,14340,1.00073537136
302208,302215,306468,7,4253,2,14400,1.00164589701
302291,302297,302589,6,292,2,3600,1.02054794521
302358,302365,306153,7,3788,2,7200,1.00184794087
302692,302700,309470,8,6770,2,14400,1.0011816839
302717,302723,302733,6,10,2,3600,1.6
302724,302730,308351,6,5621,2,7200,1.00106742572
302767,302773,302865,6,92,2,3600,1.0652173913
302974,303843,339872,869,36029,4,36000,1.02411945932
303058,303064,308612,6,5548,2,7200,1.0010814708
303072,303200,303207,128,7,2,3600,13.5
303475,303481,310715,6,7234,2,7200,1.00082941664
303643,304095,309557,452,5462,4,34200,1.08275357012
303768,303775,308222,7,4447,2,7200,1.0015740949
303819,303829,310390,10,6561,2,14400,1.0015241579
304019,304028,310642,9,6614,2,14400,1.00136074992
304137,304563,315389,426,10826,4,10800,1.03934971365
304164,304402,314748,238,10346,4,34260,1.02300405954
304550,304557,311306,7,6749,2,14400,1.00103719069
304567,304575,312087,8,7512,2,14400,1.00106496273
304654,304663,310847,9,6184,2,14400,1.00145536869
304874,304883,311545,9,6662,2,14400,1.00135094566
304973,304980,305689,7,709,1,600,1.00987306065
305061,305071,311615,10,6544,2,14400,1.00152811736
305426,305434,311816,8,6382,2,14400,1.00125352554
305498,305507,311798,9,6291,2,14400,1.00143061516
305929,305939,312503,10,6564,2,14400,1.0015234613
306101,306111,312503,10,6392,2,14400,1.00156445557
306134,306143,311929,9,5786,2,14400,1.00155547874
307243,307249,394898,6,87649,1,108000,1.00006845486
307393,307399,395242,6,87843,1,108000,1.00006830368
307643,307652,314750,9,7098,2,14400,1.00126796281
308136,308142,377535,6,69393,2,72000,1.00008646405
308277,308286,315359,9,7073,2,14400,1.00127244451
308729,308735,335402,6,26667,1,86399,1.00022499719
308864,308871,337699,7,28828,1,86399,1.00024281948
309297,309303,309911,6,608,27,600,1.00986842105
309471,309481,316051,10,6570,2,14400,1.00152207002
309584,309592,336086,8,26494,2,43200,1.00030195516
309730,309737,313154,7,3417,4,34200,1.00204858063
309767,309773,309862,6,89,1,900,1.06741573034
310075,310081,310083,6,2,51,1200,1.0
310392,310401,317736,9,7335,2,14400,1.00122699387
310479,310485,721264,6,410779,10,576000,1.00001460639
310645,310654,317401,9,6747,2,14400,1.00133392619
310700,310706,310796,6,90,2,3600,1.06666666667
310850,310859,317224,9,6365,2,14400,1.00141398272
310934,310941,311217,7,276,4,600,1.02536231884
310956,310963,330816,7,19853,2,72000,1.00035259155
311019,311026,311384,7,358,4,600,1.01955307263
311041,311047,311049,6,2,4,600,1.0
311069,311075,401086,6,90011,1,89999,1.00006665852
311227,311233,311235,6,2,4,600,1.0
311274,311280,311421,6,141,4,600,1.04255319149
311307,311317,318349,10,7032,2,14400,1.00142207053
311340,311346,311348,6,2,51,1200,1.0
311514,311521,311523,7,2,4,1200,1.0
311548,311556,318261,8,6705,2,14400,1.00119313945
311590,311596,311634,6,38,4,600,1.15789473684
311617,311627,318321,10,6694,2,14400,1.00149387511
311635,311641,326004,6,14363,4,21600,1.00041774003
311653,311660,311661,7,1,4,600,1.0
311658,311666,311669,8,3,4,1200,1.1
311801,311810,319257,9,7447,2,14400,1.00120854035
311819,311827,319030,8,7203,2,14400,1.00111064834
311888,311894,330281,6,18387,2,72000,1.00032631751
311930,311940,319153,10,7213,2,14400,1.00138638569
312089,312099,318265,10,6166,2,14400,1.00162179695
312352,312358,313401,6,1043,64,3540,1.00575263663
312399,312531,312533,132,2,4,1200,13.4
312461,312506,312509,45,3,4,600,4.8
312506,312520,319485,14,6965,2,14400,1.00201005025
312507,312526,319362,19,6836,2,14400,1.00277940316
312549,312555,329239,6,16684,2,72000,1.00035962599
312681,312688,326671,7,13983,2,43200,1.00050060788
312694,312700,312701,6,1,4,1200,1.0
313209,313414,315740,205,2326,10,43200,1.08813413586
313215,313221,330967,6,17746,2,72000,1.00033810436
313433,313440,313472,7,32,4,600,1.21875
313442,313448,313450,6,2,4,1200,1.0
313480,313488,313582,8,94,4,600,1.08510638298
313539,313545,313547,6,2,4,1200,1.0
313597,313603,313978,6,375,4,600,1.016
313627,313634,313635,7,1,4,1200,1.0
313792,313798,314114,6,316,1,2050,1.01898734177
313805,313812,313820,7,8,1,900,1.5
314078,314386,314427,308,41,60,3600,8.51219512195
314198,314437,314793,239,356,51,1200,1.67134831461
314756,314762,321419,6,6657,2,14400,1.00090130689
314886,314893,315144,7,251,4,600,1.02788844622
315249,315256,327934,7,12678,1,108000,1.00055213756
315362,315370,321976,8,6606,2,14400,1.00121102028
315450,315457,675481,7,360024,3,360000,1.00001944315
315644,315651,316461,7,810,3,360000,1.00864197531
316053,316062,323544,9,7482,2,14400,1.00120288693
316133,316140,316816,7,676,51,1200,1.01035502959
316351,316357,316422,6,65,4,600,1.09230769231
316360,316367,318112,7,1745,4,10800,1.00401146132
316426,316432,316717,6,285,4,600,1.02105263158
316427,316439,327276,12,10837,4,10800,1.00110731752
316721,316727,316729,6,2,4,10800,1.0
316804,316811,337526,7,20715,10,43200,1.00033791938
316838,316844,676892,6,360048,3,360000,1.00001666444
316932,316938,330631,6,13693,4,14400,1.00043818009
317012,317018,317244,6,226,4,10800,1.02654867257
317225,317232,317670,7,438,2,7200,1.01598173516
317226,317238,323850,12,6612,2,14400,1.00181488203
317334,317341,317667,7,326,1,2050,1.02147239264
317403,317412,323948,9,6536,2,14400,1.00137698898
317651,317657,344605,6,26948,20,86399,1.00022265103
317738,317748,324113,10,6365,2,14400,1.00157109191
318262,318272,324323,10,6051,2,14400,1.0016526194
318276,318283,325208,7,6925,2,14400,1.00101083032
318325,318334,324830,9,6496,2,14400,1.00138546798
318351,318362,324765,11,6403,2,14400,1.00171794471
318712,318719,325988,7,7269,2,28800,1.00096299353
318849,318856,318997,7,141,4,600,1.04964539007
318919,318925,323120,6,4195,16,10800,1.00143027414
319033,319041,326093,8,7052,2,14400,1.00113442995
319063,319069,320452,6,1383,16,10800,1.00433839479
319138,319145,319285,7,140,4,600,1.05
319156,319165,325671,9,6506,2,14400,1.00138333846
319184,319297,319930,113,633,2,21600,1.1785150079
319251,320464,324672,1213,4208,16,10800,1.28826045627
319259,319269,325602,10,6333,2,14400,1.00157903048
319364,319374,326314,10,6940,2,14400,1.00144092219
319471,319477,319492,6,15,2,1200,1.4
319487,319497,326069,10,6572,2,14400,1.00152160682
319706,319714,319715,8,1,1,1800,1.0
319804,319810,320935,6,1125,1,1800,1.00533333333
320275,330225,333833,9950,3608,27,3600,3.75776053215
320436,320442,320443,6,1,2,3540,1.0
320737,323132,327349,2395,4217,16,10800,1.56793929334
320994,324685,327539,3691,2854,8,7140,2.29327259986
321108,321115,321831,7,716,2,14400,1.00977653631
321423,321431,328173,8,6742,2,14400,1.00118659152
321450,349256,388935,27806,39679,4,72000,1.70077370901
321575,321581,322611,6,1030,1,900,1.00582524272
321798,321805,322393,7,588,2,7200,1.0119047619
321888,321903,325532,15,3629,4,3600,1.00413337007
321937,324690,342714,2753,18024,4,18000,1.15274079006
321978,321987,329055,9,7068,2,14400,1.00127334465
322655,322661,336933,6,14272,1,86400,1.00042040359
322725,322733,377655,8,54922,1,151200,1.00014566112
322789,331573,334076,8784,2503,20,7199,4.50938873352
323532,331736,336601,8204,4865,20,7199,2.68633093525
323545,323555,329982,10,6427,2,14400,1.0015559359
323852,323861,331328,9,7467,2,14400,1.00120530333
323951,323960,330561,9,6601,2,14400,1.00136342978
324118,324124,329784,6,5660,2,14400,1.00106007067
324326,324334,330513,8,6179,2,14400,1.00129470788
324768,324777,331342,9,6565,2,14400,1.00137090632
324831,324841,331160,10,6319,2,14400,1.00158252888
324978,325545,325546,567,1,10,3600,56.8
325211,325219,332091,8,6872,2,14400,1.00116414435
325301,325307,325308,6,1,4,3600,1.0
325605,325613,333081,8,7468,2,14400,1.00107123728
325607,326016,330213,409,4197,16,10800,1.09745055992
325671,325682,332929,11,7247,2,14400,1.00151786946
325986,325992,325997,6,5,10,3600,1.1
326069,326080,332954,11,6874,2,14400,1.00160023276
326096,326105,332920,9,6815,2,14400,1.00132061629
326316,326326,332748,10,6422,2,14400,1.00155714731
326465,327360,331562,895,4202,16,10800,1.21299381247
326926,327551,331725,625,4174,16,10800,1.14973646382
328175,328185,335177,10,6992,2,14400,1.00143020595
329058,329067,335625,9,6558,2,14400,1.00137236962
329784,329795,336473,11,6678,2,14400,1.00164719976
329983,329993,337295,10,7302,2,14400,1.00136948781
330202,330208,330390,6,182,1,72000,1.03296703297
330356,330363,330570,7,207,1,72000,1.03381642512
330373,330379,330383,6,4,1,72000,1.0
330412,330418,378173,6,47755,1,72000,1.00012564129
330515,330521,330549,6,28,1,72000,1.21428571429
330516,330527,337477,11,6950,2,14400,1.00158273381
330564,330572,336984,8,6412,2,14400,1.00124766064
330603,330609,402621,6,72012,1,72000,1.00008331945
330638,330644,378143,6,47499,1,72000,1.00012631845
331163,331171,337978,8,6807,2,14400,1.00117526076
331331,331340,338490,9,7150,2,14400,1.00125874126
331346,331353,338366,7,7013,2,14400,1.0009981463
332045,332052,332061,7,9,1,240,1.6
332047,332059,332127,12,68,1,1800,1.17647058824
332093,332102,339628,9,7526,2,14400,1.00119585437
332750,332759,339775,9,7016,2,14400,1.00128278221
332921,332932,340421,11,7489,2,14400,1.00146882094
332936,332941,339435,5,6494,2,14400,1.00076994148
332957,332965,340387,8,7422,2,14400,1.00107787658
333083,333093,339784,10,6691,2,14400,1.00149454491
335179,335188,342118,9,6930,2,14400,1.0012987013
335628,335636,342112,8,6476,2,14400,1.00123533045
336474,336484,343526,10,7042,2,14400,1.00142005112
336778,336785,341636,7,4851,20,7199,1.00144300144
336832,336839,340971,7,4132,16,10800,1.00169409487
336833,336844,337598,11,754,20,7199,1.01458885942
336986,336996,343781,10,6785,2,14400,1.00147383935
337296,337308,344601,12,7293,2,14400,1.00164541341
337480,337488,344608,8,7120,2,14400,1.00112359551
337980,337989,344465,9,6476,2,14400,1.00138974676
338368,338377,344666,9,6289,2,14400,1.00143107012
338492,338501,344884,9,6383,2,14400,1.0014099953
339379,339385,339406,6,21,1,7200,1.28571428571
339436,339447,346278,11,6831,2,14400,1.00161030596
339629,339639,346749,10,7110,2,14400,1.00140646976
339765,339772,341880,7,2108,1,7200,1.00332068311
339776,339786,346060,10,6274,2,14400,1.0015938795
339791,339797,347252,6,7455,2,14400,1.00080482897
340387,340398,347315,11,6917,2,14400,1.00159028481
340423,340433,347337,10,6904,2,14400,1.00144843569
340696,340702,340714,6,12,4,7200,1.5
340827,340833,340837,6,4,4,7200,1.0
340967,340973,340978,6,5,4,7200,1.1
341072,341078,341093,6,15,4,7200,1.4
342113,342123,348332,10,6209,2,14400,1.00161056531
342127,342133,348321,6,6188,2,14400,1.00096961862
342799,342805,342970,6,165,4,1200,1.03636363636
342898,342904,343195,6,291,4,1200,1.0206185567
343389,343395,343543,6,148,4,1200,1.04054054054
343528,343537,350788,9,7251,2,14400,1.00124120811
343784,343792,350176,8,6384,2,14400,1.00125313283
344087,344094,344343,7,249,1,3540,1.0281124498
344452,344458,346493,6,2035,1,3540,1.00294840295
344467,344476,351515,9,7039,2,14400,1.00127859071
344532,344539,344717,7,178,1,3540,1.0393258427
344581,344587,344850,6,263,1,3540,1.02281368821
344603,344612,351157,9,6545,2,14400,1.00137509549
344617,344623,351539,6,6916,2,14400,1.0008675535
344631,344637,345123,6,486,1,3540,1.01234567901
344668,344677,351439,9,6762,2,14400,1.00133096717
344694,344701,346843,7,2142,1,7200,1.00326797386
344702,344708,345072,6,364,1,3540,1.01648351648
344750,344756,345263,6,507,1,3540,1.01183431953
344799,344805,345288,6,483,1,3540,1.01242236025
344846,344853,345364,7,511,1,3540,1.01369863014
344885,344895,351603,10,6708,2,14400,1.0014907573
344894,344902,345377,8,475,1,3540,1.01684210526
344941,344947,347063,6,2116,1,7200,1.00283553875
344941,344953,345470,12,517,1,3540,1.02321083172
345145,345151,345418,6,267,1,3540,1.02247191011
345403,345409,345590,6,181,1,3540,1.03314917127
345583,345590,345714,7,124,4,3540,1.0564516129
345633,345640,345761,7,121,1,3540,1.05785123967
346063,346072,352759,9,6687,2,14400,1.00134589502
346280,346290,352747,10,6457,2,14400,1.00154870683
346752,346760,353916,8,7156,2,14400,1.00111794298
347255,347263,354201,8,6938,2,14400,1.00115307005
347318,347326,353585,8,6259,2,14400,1.00127815945
347339,347348,354621,9,7273,2,14400,1.0012374536
348324,348332,355714,8,7382,2,14400,1.00108371715
348338,348344,355148,6,6804,2,14400,1.00088183422
350175,350187,357581,12,7394,2,14400,1.00162293752
350789,350799,356777,10,5978,2,14400,1.00167280027
351160,351168,358046,8,6878,2,14400,1.00116312882
351443,351451,357330,8,5879,2,14400,1.00136077564
351518,351526,358014,8,6488,2,14400,1.00123304562
351542,351550,358029,8,6479,2,14400,1.00123475845
351605,351614,358571,9,6957,2,14400,1.00129366106
352098,352105,356927,7,4822,20,7199,1.0014516798
352191,352197,358245,6,6048,20,86399,1.00099206349
352749,352758,359974,9,7216,2,14400,1.00124722838
352764,352770,359430,6,6660,2,14400,1.0009009009
353586,353596,360189,10,6593,2,14400,1.0015167602
353917,353927,361071,10,7144,2,14400,1.00139977604
354203,354212,360478,9,6266,2,14400,1.00143632301
354265,354272,354278,7,6,1,3600,1.3
354392,354399,354506,7,107,1,3600,1.06542056075
354621,354632,361617,11,6985,2,14400,1.00157480315
354637,354644,354885,7,241,1,3600,1.02904564315
355131,355136,355697,5,561,1,3600,1.00891265597
355148,355159,361701,11,6542,2,14400,1.00168144298
355717,355725,362415,8,6690,2,14400,1.00119581465
356221,356228,356234,7,6,1,3600,1.3
356352,356360,356435,8,75,1,3600,1.10666666667
356567,356575,356830,8,255,1,3600,1.03137254902
356778,356788,363277,10,6489,2,14400,1.0015410695
357131,357138,357865,7,727,1,3600,1.00962861073
357332,357342,363382,10,6040,2,14400,1.00165562914
357582,357592,364026,10,6434,2,14400,1.00155424308
357965,357972,357980,7,8,1,1800,1.5
358015,358025,364628,10,6603,2,14400,1.00151446312
358031,358040,364791,9,6751,2,14400,1.00133313583
358049,358057,364441,8,6384,2,14400,1.00125313283
358182,358188,358261,6,73,1,1800,1.08219178082
358519,358525,358619,6,94,1,1800,1.06382978723
358573,358582,365427,9,6845,2,14400,1.00131482834
359048,359054,359431,6,377,1,1800,1.01591511936
359431,359442,366565,11,7123,2,14400,1.00154429313
359977,359985,367078,8,7093,2,14400,1.00112787255
360137,360144,360149,7,5,1,1800,1.2
360190,360200,366569,10,6369,2,14400,1.0015701052
360295,360301,360338,6,37,1,1800,1.16216216216
360480,360490,367173,10,6683,2,14400,1.00149633398
360539,360545,360620,6,75,1,1800,1.08
361073,361082,367850,9,6768,2,14400,1.00132978723
361208,361215,361469,7,254,1,1800,1.02755905512
361618,361628,368782,10,7154,2,14400,1.0013978194
361702,361712,368034,10,6322,2,14400,1.00158177792
362416,362426,368950,10,6524,2,14400,1.00153280196
363280,363288,369833,8,6545,2,14400,1.0012223071
363385,363393,370050,8,6657,2,14400,1.00120174253
364027,364038,370696,11,6658,2,14400,1.00165214779
364444,364453,371501,9,7048,2,14400,1.001276958
364631,364639,371137,8,6498,2,14400,1.00123114805
364794,364802,371368,8,6566,2,14400,1.00121839781
365429,365439,372949,10,7510,2,14400,1.00133155792
366568,366576,373721,8,7145,2,14400,1.0011196641
366582,366589,374134,7,7545,2,14400,1.00092776673
367079,367089,374675,10,7586,2,14400,1.00131821777
367115,367121,389485,6,22364,16,36000,1.00026828832
367175,367185,373913,10,6728,2,14400,1.0014863258
367853,367862,375056,9,7194,2,14400,1.00125104254
368036,368046,375083,10,7037,2,14400,1.00142106011
368783,368793,375942,10,7149,2,14400,1.00139879703
368952,368961,375544,9,6583,2,14400,1.00136715783
369834,369844,376228,10,6384,2,14400,1.00156641604
370051,370061,376828,10,6767,2,14400,1.00147775972
370698,370707,377713,9,7006,2,14400,1.00128461319
371138,371148,378091,10,6943,2,14400,1.00144029958
371370,371380,377775,10,6395,2,14400,1.00156372166
371502,371512,379094,10,7582,2,14400,1.00131891322
371525,371532,378186,7,6654,1,18000,1.0010519988
372951,372960,379728,9,6768,2,14400,1.00132978723
373722,373732,380277,10,6545,2,14400,1.00152788388
373915,373924,380504,9,6580,2,14400,1.00136778116
374135,374145,381099,10,6954,2,14400,1.00143802128
374170,374176,374179,6,3,8,1800,1.0
374455,374462,381696,7,7234,1,7200,1.00096765275
374677,374686,381093,9,6407,2,14400,1.00140471359
375059,375067,382141,8,7074,2,14400,1.00113090189
375086,375095,381366,9,6271,2,14400,1.0014351778
375156,375162,375165,6,3,8,1800,1.0
375367,375374,375376,7,2,8,1800,1.0
375547,375555,382433,8,6878,2,14400,1.00116312882
375779,375785,375849,6,64,8,1800,1.09375
375945,375953,383000,8,7047,2,14400,1.00113523485
376121,376128,376153,7,25,64,3540,1.28
376231,376239,383823,8,7584,2,14400,1.00105485232
376250,397850,399089,21600,1239,128,3000,18.4334140436
376830,376840,383521,10,6681,2,14400,1.00149678192
377150,377157,457467,7,80310,1,129600,1.00008716225
377212,377219,465453,7,88234,1,129600,1.0000793345
377265,377272,467873,7,90601,1,129600,1.00007726184
377306,377312,464986,6,87674,1,129600,1.00006843534
377362,377369,465314,7,87945,1,129600,1.0000795952
377407,377413,456633,6,79220,1,129600,1.00007573845
377446,377453,456350,7,78897,1,129600,1.00008872327
377713,377724,384307,11,6583,2,14400,1.00167097068
377776,377786,384356,10,6570,2,14400,1.00152207002
378093,378102,384331,9,6229,2,14400,1.00144485471
378161,378168,396170,7,18002,1,18000,1.00038884568
378750,378756,387327,6,8571,2,18000,1.000700035
379095,379105,385174,10,6069,2,14400,1.00164771791
379413,379420,380223,7,803,1,7200,1.00871731009
379414,379426,393875,12,14449,4,14400,1.0008305073
379729,399133,399136,19404,3,3,604800,1940.7
379731,379739,386796,8,7057,2,14400,1.00113362619
379808,379815,379830,7,15,4,600,1.46666666667
380098,380104,380404,6,300,1,2050,1.02
380251,380259,380275,8,16,4,600,1.5
380279,380289,386783,10,6494,2,14400,1.00153988297
380457,380464,382987,7,2523,1,7200,1.00277447483
380504,380515,387372,11,6857,2,14400,1.00160420009
380626,380632,388469,6,7837,4,14400,1.00076559908
380669,380677,380726,8,49,12,540,1.16326530612
380767,380774,385258,7,4484,4,14400,1.00156110616
381095,381105,388301,10,7196,2,14400,1.00138966092
381110,381116,388044,6,6928,2,14400,1.00086605081
381166,381173,388599,7,7426,4,14400,1.00094263399
381318,381324,384691,6,3367,1,7200,1.00178200178
381369,381377,387557,8,6180,2,14400,1.00129449838
381784,399117,435157,17333,36040,4,36000,1.48093784684
381941,399122,403621,17181,4499,4,34260,4.81884863303
381975,381981,382270,6,289,1,2050,1.02076124567
382143,382152,389026,9,6874,2,14400,1.00130928135
382435,382444,389308,9,6864,2,14400,1.00131118881
382863,382870,512500,7,129630,1,129600,1.00005399985
382964,388947,518577,5983,129630,1,129600,1.04615443956
383001,383011,389513,10,6502,2,14400,1.00153798831
383006,383019,387727,13,4708,20,7199,1.00276125743
383008,399247,528870,16239,129623,1,129600,1.12527869282
383052,383058,383119,6,61,8,1800,1.09836065574
383057,399253,514860,16196,115607,1,129600,1.14009532295
383100,399259,499472,16159,100213,1,129600,1.16124654486
383141,399265,497194,16124,97929,1,129600,1.16464989942
383180,399270,495198,16090,95928,1,129600,1.16772996414
383201,383208,383210,7,2,8,1800,1.0
383216,399276,494593,16060,95317,1,129600,1.1684904057
383421,383427,383458,6,31,8,1800,1.1935483871
383522,383533,390004,11,6471,2,14400,1.00169989183
383618,383624,383886,6,262,1,7200,1.02290076336
383684,383690,384186,6,496,8,1800,1.01209677419
383826,383834,390180,8,6346,2,14400,1.00126063662
383951,383958,388078,7,4120,1,7200,1.00169902913
384186,384192,384219,6,27,8,1800,1.22222222222
384230,384236,384519,6,283,8,1800,1.02120141343
384265,384272,386835,7,2563,1,86400,1.0027311744
384311,384319,391134,8,6815,2,14400,1.00117388114
384331,384342,390496,11,6154,2,14400,1.00178745531
384358,384367,390955,9,6588,2,14400,1.00136612022
384695,384702,384711,7,9,8,7200,1.6
384846,384853,385137,7,284,8,1800,1.02464788732
385133,385139,385211,6,72,8,7200,1.08333333333
385175,385185,391490,10,6305,2,14400,1.00158604282
385610,385616,385618,6,2,4,3600,1.0
385651,385657,385668,6,11,1,3600,1.54545454545
386786,386795,393814,9,7019,2,14400,1.00128223394
386801,386807,393612,6,6805,2,14400,1.00088170463
387150,387157,389617,7,2460,1,86400,1.00284552846
387294,387301,387665,7,364,64,12000,1.01923076923
387342,387349,387448,7,99,8,3600,1.07070707071
387373,387383,394096,10,6713,2,14400,1.00148964695
387531,387538,388005,7,467,8,3600,1.01498929336
387560,387569,393958,9,6389,2,14400,1.00140867115
387612,387738,387885,126,147,8,3600,1.85714285714
387716,399138,537258,11422,138120,3,360000,1.0826962062
387814,387820,387847,6,27,8,7200,1.22222222222
387916,387926,392810,10,4884,20,7199,1.00204750205
388041,388048,391792,7,3744,8,7200,1.00186965812
388045,388056,395139,11,7083,2,14400,1.00155301426
388289,388578,397838,289,9260,64,12000,1.03120950324
388304,388313,394777,9,6464,2,14400,1.00139232673
388849,399100,742813,10251,343713,10,576000,1.02982430109
388918,399127,471154,10209,72027,4,72000,1.14173851472
389027,389037,395541,10,6504,2,14400,1.00153751538
389071,399160,400395,10089,1235,4,21600,9.16923076923
389310,389320,394868,10,5548,2,14400,1.00180245133
389515,389524,396162,9,6638,2,14400,1.00135583007
389548,389554,389564,6,10,1,3600,1.6
389619,389627,398988,8,9361,1,86400,1.00085460955
390005,390015,396664,10,6649,2,14400,1.00150398556
390183,390192,397117,9,6925,2,14400,1.00129963899
390499,390508,397036,9,6528,2,14400,1.00137867647
390598,390604,390753,6,149,8,3600,1.04026845638
390630,390636,391107,6,471,8,3600,1.0127388535
390902,390908,390918,6,10,1,3600,1.6
390957,390966,397207,9,6241,2,14400,1.00144207659
390999,391005,391016,6,11,1,3600,1.54545454545
391137,391145,397590,8,6445,2,14400,1.0012412723
391291,391298,391309,7,11,1,3600,1.63636363636
391342,391348,391838,6,490,8,3600,1.01224489796
391383,391389,391523,6,134,8,3600,1.0447761194
391493,391501,398004,8,6503,2,14400,1.00123020145
392375,392381,392392,6,11,1,3600,1.54545454545
393102,393108,393119,6,11,1,3600,1.54545454545
393292,393298,393308,6,10,1,3600,1.6
393316,393322,393332,6,10,1,3600,1.6
393367,393373,393384,6,11,1,3600,1.54545454545
393508,393514,393525,6,11,1,3600,1.54545454545
393612,393618,393628,6,10,1,3600,1.6
393613,393624,400078,11,6454,2,14400,1.00170436938
393666,393672,393683,6,11,1,3600,1.54545454545
393815,393825,401095,10,7270,2,14400,1.00137551582
393959,393969,400457,10,6488,2,14400,1.00154130703
394038,394044,394067,6,23,4,600,1.26086956522
394098,394108,400962,10,6854,2,14400,1.00145900204
394119,394125,394228,6,103,4,600,1.05825242718
394203,394210,394243,7,33,4,600,1.21212121212
394281,394288,394306,7,18,4,600,1.38888888889
394446,399165,401905,4719,2740,1,21599,2.72226277372
394446,397940,400413,3494,2473,1,21599,2.41285887586
394446,395255,397929,809,2674,1,21599,1.30254300673
394447,399183,406732,4736,7549,1,21599,1.62736786329
394447,399177,403963,4730,4786,1,21599,1.98829920602
394447,399171,402623,4724,3452,1,21599,2.3684820394
394448,399189,412155,4741,12966,1,21599,1.36564861947
394448,399195,420799,4747,21604,1,21599,1.21972782818
394779,394788,401669,9,6881,2,14400,1.00130794943
394872,394880,401993,8,7113,2,14400,1.00112470125
395140,395150,402193,10,7043,2,14400,1.0014198495
395543,395552,402572,9,7020,2,14400,1.00128205128
396164,396173,402300,9,6127,2,14400,1.00146890811
396666,396675,403033,9,6358,2,14400,1.00141553948
396868,396874,396875,6,1,2,3540,1.0
397037,397047,403378,10,6331,2,14400,1.0015795293
397118,397128,404169,10,7041,2,14400,1.0014202528
397208,397218,404004,10,6786,2,14400,1.00147362216
397467,397473,397474,6,1,1,900,1.0
397594,397601,405150,7,7549,2,14400,1.00092727514
397773,399111,404020,1338,4909,20,7199,1.27256060297
397893,399200,402381,1307,3181,1,21599,1.41087708268
397894,399224,404621,1330,5397,1,21599,1.24643320363
397894,399212,402254,1318,3042,1,21599,1.43326758711
397894,399206,402044,1312,2838,1,21599,1.46229739253
397894,399218,402928,1324,3710,1,21599,1.35687331536
397895,399241,420872,1346,21631,1,21599,1.06222550969
397895,399236,413659,1341,14423,1,21599,1.09297649587
397895,399230,407602,1335,8372,1,21599,1.15946010511
397907,397914,397924,7,10,1,3600,1.7
398007,398015,404237,8,6222,2,14400,1.00128576021
398048,398054,398064,6,10,1,3600,1.6
398136,399106,400563,970,1457,20,7199,1.66575154427
398260,398266,398276,6,10,1,3600,1.6
398378,398384,398394,6,10,1,3600,1.6
398484,399144,401420,660,2276,4,10800,1.28998242531
398642,399149,399342,507,193,4,1800,3.62694300518
398761,399154,399351,393,197,4,3600,2.99492385787
398769,398781,398782,12,1,1,900,1.3
398769,398786,398787,17,1,1,900,1.8
398769,398775,398776,6,1,1,900,1.0
398769,398792,398793,23,1,1,900,2.4
398769,398803,398804,34,1,1,900,3.5
398879,398885,398886,6,1,1,900,1.0
398879,398891,398892,12,1,1,900,1.3
398879,398896,398897,17,1,1,900,1.8
398879,398919,398920,40,1,1,900,4.1
398990,399037,399038,47,1,1,900,4.8
398990,398998,398999,8,1,1,900,1.0
398990,399004,399005,14,1,1,900,1.5
398990,399009,399010,19,1,1,900,2.0
398990,399014,399015,24,1,1,900,2.5
398990,399020,399021,30,1,1,900,3.1
398990,399032,399033,42,1,1,900,4.3
399100,399309,399909,209,600,1,900,1.34833333333
399100,399331,399909,231,578,1,900,1.39965397924
399100,399304,399909,204,605,1,900,1.33719008264
399100,399337,399909,237,572,1,900,1.41433566434
399100,399342,399909,242,567,1,900,1.42680776014
399100,399315,399909,215,594,1,900,1.36195286195
399100,399326,399909,226,583,1,900,1.38765008576
399100,399320,399909,220,589,1,900,1.37351443124
399135,399293,413745,158,14452,4,14400,1.01093274287
399217,399282,399424,65,142,8,3600,1.45774647887
399244,399299,413738,55,14439,4,14400,1.00380912806
399263,399288,399763,25,475,8,3600,1.05263157895
399292,399354,789506,62,390152,3,604800,1.00015891242
399656,399663,403073,7,3410,1,36000,1.00205278592
399768,399921,399931,153,10,1,3600,16.3
399825,399831,461572,6,61741,4,604800,1.00009718016
400047,400053,400064,6,11,1,3600,1.54545454545
400056,400062,400073,6,11,1,3600,1.54545454545
400080,400090,407014,10,6924,2,14400,1.00144425188
400093,400100,436226,7,36126,1,151200,1.00019376626
400226,400232,400243,6,11,1,3600,1.54545454545
400274,400280,400290,6,10,1,3600,1.6
400374,400380,400391,6,11,1,3600,1.54545454545
400459,400469,407620,10,7151,2,14400,1.00139840582
400483,400489,400499,6,10,1,3600,1.6
400570,400577,400810,7,233,4,604800,1.03004291845
400887,400894,415359,7,14465,4,14400,1.00048392672
400965,400973,407883,8,6910,2,14400,1.0011577424
401022,401028,401419,6,391,4,21600,1.01534526854
401065,401073,401386,8,313,20,7199,1.02555910543
401098,401106,407342,8,6236,2,14400,1.00128287364
401670,401681,408160,11,6479,2,14400,1.00169779287
401704,401712,401721,8,9,2,3540,1.7
401801,401808,401891,7,83,1,72000,1.0843373494
401944,401952,404319,8,2367,1,72000,1.00337980566
401995,402004,408352,9,6348,2,14400,1.00141776938
402194,402204,409114,10,6910,2,14400,1.001447178
402302,402311,409310,9,6999,2,14400,1.00128589799
402403,402409,403167,6,758,4,21600,1.00791556728
402573,402583,409243,10,6660,2,14400,1.0015015015
403034,403044,409918,10,6874,2,14400,1.00145475706
403248,403255,416882,7,13627,4,21600,1.00051368606
403381,403389,410638,8,7249,2,14400,1.0011036005
403691,403698,437977,7,34279,4,34260,1.00020420666
403923,403930,412177,7,8247,20,86399,1.0008487935
404004,404015,410825,11,6810,2,14400,1.00161527166
404074,404081,404694,7,613,1,7200,1.01141924959
404172,404180,410649,8,6469,2,14400,1.00123666718
404238,404248,410644,10,6396,2,14400,1.00156347717
404347,404353,405358,6,1005,1,900,1.00597014925
404889,404896,405052,7,156,8,3600,1.04487179487
404892,404903,406831,11,1928,1,345600,1.00570539419
405151,405161,411767,10,6606,2,14400,1.00151377536
405513,405520,405987,7,467,8,3600,1.01498929336
405705,405711,406701,6,990,1,1800,1.00606060606
405802,405809,408323,7,2514,4,345600,1.00278440732
405989,405996,406381,7,385,1,36000,1.01818181818
406290,406297,411117,7,4820,20,7199,1.00145228216
406395,406403,409817,8,3414,1,36000,1.00234329233
406673,406679,838710,6,432031,20,432000,1.00001388789
406701,406707,409247,6,2540,4,345600,1.00236220472
406818,406903,478936,85,72033,4,72000,1.00118001472
406882,471166,543199,64284,72033,4,72000,1.89242430553
407016,407025,413424,9,6399,2,14400,1.00140646976
407185,407192,409260,7,2068,1,7200,1.00338491296
407252,407258,408329,6,1071,1,7200,1.0056022409
407345,407354,413709,9,6355,2,14400,1.00141620771
407621,407631,414386,10,6755,2,14400,1.0014803849
407812,407818,409243,6,1425,2,3600,1.00421052632
407886,407895,414606,9,6711,2,14400,1.00134108181
408160,408171,414580,11,6409,2,14400,1.0017163364
408353,408363,415023,10,6660,2,14400,1.0015015015
408382,408388,408390,6,2,4,14400,1.0
408505,408511,408800,6,289,1,43200,1.02076124567
408873,408880,408974,7,94,1,43200,1.07446808511
409087,409093,409094,6,1,1,900,1.0
409106,409113,409861,7,748,1,43200,1.00935828877
409115,409125,416147,10,7022,2,14400,1.0014240957
409213,409220,409226,7,6,4,345600,1.3
409244,409254,416043,10,6789,2,14400,1.00147297098
409314,409322,416641,8,7319,2,14400,1.0010930455
409454,409460,668674,6,259214,3,259200,1.0000231469
409760,409766,444836,6,35070,4,345600,1.0001710864
409812,409818,442965,6,33147,4,345600,1.00018101186
409909,411128,411139,1219,11,4,345600,111.818181818
409920,409929,417179,9,7250,2,14400,1.00124137931
410639,410649,416762,10,6113,2,14400,1.00163585801
410655,410660,417148,5,6488,2,14400,1.00077065351
410656,410667,416938,11,6271,2,14400,1.0017541062
410827,410836,417348,9,6512,2,14400,1.00138206388
411770,411778,419150,8,7372,2,14400,1.00108518719
413427,413435,420091,8,6656,2,14400,1.00120192308
413710,413720,419625,10,5905,2,14400,1.0016934801
414131,414138,414193,7,55,1,900,1.12727272727
414388,414398,420535,10,6137,2,14400,1.00162946065
414528,442977,578930,28449,135953,64,172800,1.20925613999
414580,414591,421520,11,6929,2,14400,1.00158753067
414607,414617,421482,10,6865,2,14400,1.00145666424
414831,414837,415021,6,184,1,900,1.03260869565
415026,415034,421735,8,6701,2,14400,1.00119385166
416044,416054,423129,10,7075,2,14400,1.00141342756
416149,416158,422855,9,6697,2,14400,1.00134388532
416603,416610,433357,7,16747,16,72000,1.00041798531
416643,416652,423331,9,6679,2,14400,1.00134750711
416763,416773,423258,10,6485,2,14400,1.00154202005
416940,416949,423741,9,6792,2,14400,1.00132508834
417148,417159,423698,11,6539,2,14400,1.00168221441
417181,417190,423759,9,6569,2,14400,1.00137007155
417350,417360,423649,10,6289,2,14400,1.00159007791
418480,418486,418487,6,1,1,240,1.0
419151,419162,426082,11,6920,2,14400,1.00158959538
419627,419636,426162,9,6526,2,14400,1.00137909899
419899,419906,421227,7,1321,20,7199,1.0052990159
420094,420102,427044,8,6942,2,14400,1.00115240565
420537,420546,427656,9,7110,2,14400,1.00126582278
421192,421199,453910,7,32711,1,108000,1.00021399529
421205,421211,453507,6,32296,1,108000,1.00018578152
421483,421493,428156,10,6663,2,14400,1.00150082545
421522,421532,427655,10,6123,2,14400,1.00163318635
421738,421746,428582,8,6836,2,14400,1.00117027501
422856,422866,430110,10,7244,2,14400,1.00138045279
423130,423140,429916,10,6776,2,14400,1.00147579693
423259,423269,430218,10,6949,2,14400,1.00143905598
423334,423342,430127,8,6785,2,14400,1.00117907148
423650,423660,430318,10,6658,2,14400,1.00150195254
423701,423710,429770,9,6060,2,14400,1.00148514851
423743,423753,430427,10,6674,2,14400,1.00149835181
423761,423770,430234,9,6464,2,14400,1.00139232673
426021,426028,430217,7,4189,4,345600,1.00167104321
426083,426093,433012,10,6919,2,14400,1.00144529556
426165,426173,432583,8,6410,2,14400,1.00124804992
427042,881468,881881,454426,413,256,1800,1101.30508475
427047,427055,433972,8,6917,2,14400,1.00115657077
427051,427062,720457,11,293395,1,345600,1.00003749212
427658,427667,434752,9,7085,2,14400,1.00127028934
427660,427672,435064,12,7392,2,14400,1.00162337662
428157,428168,434956,11,6788,2,14400,1.00162050678
428584,428593,434800,9,6207,2,14400,1.00144997583
429098,429106,429107,8,1,1,240,1.0
429625,429632,481344,7,51712,4,345600,1.0001353651
429693,429699,481346,6,51647,4,345600,1.00011617325
429772,429782,436084,10,6302,2,14400,1.00158679784
429919,429927,436313,8,6386,2,14400,1.00125274037
430112,430121,436433,9,6312,2,14400,1.00142585551
430129,430138,435779,9,5641,2,14400,1.0015954618
430220,430229,437622,9,7393,2,14400,1.00121736778
430234,430245,436832,11,6587,2,14400,1.00166995597
430318,430329,437115,11,6786,2,14400,1.00162098438
430430,430439,437240,9,6801,2,14400,1.0013233348
430486,430492,430739,6,247,1,3540,1.02429149798
430547,430554,430633,7,79,4,345600,1.08860759494
430840,430847,432879,7,2032,1,3540,1.00344488189
430915,430922,431098,7,176,1,3540,1.03977272727
430962,430969,431230,7,261,1,3540,1.02681992337
431010,431017,431495,7,478,1,3540,1.01464435146
431082,431089,431451,7,362,1,3540,1.01933701657
431130,431137,431643,7,506,1,3540,1.01383399209
431177,431183,431663,6,480,1,3540,1.0125
431224,431232,431735,8,503,1,3540,1.01590457256
431273,431280,431754,7,474,1,3540,1.01476793249
431320,431327,431829,7,502,1,3540,1.01394422311
431516,431522,431781,6,259,1,3540,1.02316602317
431763,431771,431950,8,179,1,3540,1.04469273743
431937,431945,432066,8,121,4,3540,1.06611570248
431986,431992,432115,6,123,1,3540,1.0487804878
432090,432097,432174,7,77,4,345600,1.09090909091
432584,432595,438177,11,5582,2,14400,1.00197061985
432896,432902,432913,6,11,1,3600,1.54545454545
433014,433023,438177,9,5154,2,14400,1.00174621653
433061,433067,433068,6,1,1,3600,1.0
433512,433518,433519,6,1,1,3600,1.0
433513,433525,433526,12,1,1,3600,1.3
433514,433531,433532,17,1,1,3600,1.8
433515,433536,433537,21,1,1,3600,2.2
433518,433548,433549,30,1,1,3600,3.1
433527,433588,433589,61,1,1,3600,6.2
433528,433595,433596,67,1,1,3600,6.8
433533,433618,433619,85,1,1,3600,8.6
433536,433629,433630,93,1,1,3600,9.4
433539,433642,433643,103,1,1,3600,10.4
433541,433653,433654,112,1,1,3600,11.3
433544,433671,433672,127,1,1,3600,12.8
433545,433676,433677,131,1,1,3600,13.2
433549,433688,433689,139,1,1,3600,14.0
433557,433723,433724,166,1,1,3600,16.7
433562,433747,433748,185,1,1,3600,18.6
433567,433771,433772,204,1,1,3600,20.5
433571,433806,433807,235,1,1,3600,23.6
433574,433794,433795,220,1,1,3600,22.1
433786,433817,433818,31,1,1,3600,3.2
433975,433983,438179,8,4196,2,14400,1.00190657769
434753,434763,438179,10,3416,2,14400,1.00292740047
434801,434811,438179,10,3368,2,14400,1.00296912114
434957,434967,438179,10,3212,2,14400,1.00311332503
435065,435075,438179,10,3104,2,14400,1.00322164948
435076,435082,435083,6,1,1,3600,1.0
435208,435214,435215,6,1,1,3600,1.0
435278,435284,435289,6,5,1,3600,1.1
435314,435320,436256,6,936,8,3600,1.00641025641
435369,435380,435385,11,5,1,3600,1.6
435369,435386,435391,17,5,1,3600,2.2
435369,435375,435392,6,17,1,3600,1.35294117647
435370,435406,435411,36,5,1,3600,4.1
435370,435392,435398,22,6,1,3600,2.8
435370,435398,435403,28,5,1,3600,3.3
435371,435424,435430,53,6,1,3600,5.9
435371,435416,435423,45,7,1,3600,5.2
435371,435411,435416,40,5,1,3600,4.5
435371,435430,435435,59,5,1,3600,6.4
435372,435442,435448,70,6,1,3600,7.6
435372,435435,435440,63,5,1,3600,6.8
435372,435448,435453,76,5,1,3600,8.1
435373,435453,435459,80,6,1,3600,8.6
435373,435461,435466,88,5,1,3600,9.3
435373,435467,435472,94,5,1,3600,9.9
435373,435472,435478,99,6,1,3600,10.5
435374,435499,435505,125,6,1,3600,13.1
435374,435480,435485,106,5,1,3600,11.1
435374,435486,435491,112,5,1,3600,11.7
435374,435491,435496,117,5,1,3600,12.2
435375,435505,435509,130,4,1,3600,13.4
435375,435510,435515,135,5,1,3600,14.0
435376,435518,435523,142,5,1,3600,14.7
435376,435528,435533,152,5,1,3600,15.7
435376,435536,435541,160,5,1,3600,16.5
435376,435523,435528,147,5,1,3600,15.2
435377,435546,435552,169,6,1,3600,17.5
435377,435554,435558,177,4,1,3600,18.1
435377,435541,435546,164,5,1,3600,16.9
435377,435559,435564,182,5,1,3600,18.7
435378,435577,435582,199,5,1,3600,20.4
435378,435564,435569,186,5,1,3600,19.1
435378,435571,435577,193,6,1,3600,19.9
435379,435600,435605,221,5,1,3600,22.6
435379,435595,435600,216,5,1,3600,22.1
435379,435589,435594,210,5,1,3600,21.5
435379,435582,435587,203,5,1,3600,20.8
435380,435618,435623,238,5,1,3600,24.3
435380,435613,435617,233,4,1,3600,23.7
435380,435607,435612,227,5,1,3600,23.2
435381,435626,435631,245,5,1,3600,25.0
435381,435631,435636,250,5,1,3600,25.5
435381,435636,435641,255,5,1,3600,26.0
435382,435643,435648,261,5,1,3600,26.6
435382,435654,435659,272,5,1,3600,27.7
435382,435662,435667,280,5,1,3600,28.5
435382,435649,435654,267,5,1,3600,27.2
435383,435679,435684,296,5,1,3600,30.1
435383,435672,435677,289,5,1,3600,29.4
435383,435667,435672,284,5,1,3600,28.9
435779,435790,438179,11,2389,2,14400,1.004604437
436087,436096,438179,9,2083,2,14400,1.00432069131
436244,436250,436316,6,66,8,3600,1.09090909091
436315,436324,438179,9,1855,2,14400,1.00485175202
436329,436337,436537,8,200,8,3600,1.04
436436,436444,438179,8,1735,2,14400,1.00461095101
436833,436843,438179,10,1336,2,14400,1.00748502994
437116,437126,438179,10,1053,2,14400,1.00949667616
437242,437251,438179,9,928,2,14400,1.00969827586
437625,437634,438179,9,545,2,14400,1.01651376147
442401,442408,443069,7,661,1,7200,1.01059001513
445247,445254,445261,7,7,1,1800,1.4
445403,445409,445481,6,72,1,1800,1.08333333333
445678,445685,445778,7,93,1,1800,1.0752688172
446198,446204,446419,6,215,1,1800,1.02790697674
447034,447041,447046,7,5,1,1800,1.2
447191,447198,447235,7,37,1,1800,1.18918918919
447437,447444,447518,7,74,1,1800,1.09459459459
447976,447982,448138,6,156,1,1800,1.03846153846
451775,451782,451853,7,71,1,1800,1.0985915493
451938,451945,451946,7,1,1,1800,1.0
452015,452022,452023,7,1,1,1800,1.0
459720,459727,540475,7,80748,1,172800,1.00008668945
459751,459758,522406,7,62648,1,172800,1.00011173541
459802,459809,511896,7,52087,1,172800,1.00013439054
459819,459827,516849,8,57022,1,172800,1.00014029673
459834,459842,517336,8,57494,1,172800,1.00013914495
463449,463455,463737,6,282,1,36000,1.02127659574
463752,463759,463867,7,108,1,36000,1.06481481481
463855,463862,463990,7,128,1,36000,1.0546875
463998,464004,464150,6,146,1,36000,1.04109589041
464154,464161,467542,7,3381,1,36000,1.00207039337
464351,464357,467884,6,3527,1,36000,1.00170116246
464402,464410,467858,8,3448,1,36000,1.00232018561
464596,464604,466604,8,2000,1,151200,1.004
465654,578942,591179,113288,12237,16,36000,10.2578246302
465970,465976,467727,6,1751,2,3600,1.00342661336
466139,466146,466168,7,22,1,2050,1.31818181818
466303,466311,466315,8,4,1,2050,1.2
466467,466474,497743,7,31269,1,216000,1.00022386389
466493,466500,607809,7,141309,30,252000,1.00004953683
466593,466600,466922,7,322,1,151200,1.02173913043
466813,578947,650985,112134,72038,16,72000,2.55659513035
466936,466943,467615,7,672,1,151200,1.01041666667
467648,467655,468490,7,835,1,151200,1.00838323353
468537,468544,470446,7,1902,1,151200,1.00368033649
468864,468871,470448,7,1577,1,151200,1.00443880786
468896,468903,470450,7,1547,1,151200,1.00452488688
469326,469333,474370,7,5037,2,43200,1.0013897161
469658,469665,483518,7,13853,2,43200,1.00050530571
470127,470134,474283,7,4149,2,14400,1.00168715353
470474,470481,471551,7,1070,1,151200,1.00654205607
470507,470513,471552,6,1039,1,151200,1.00577478345
470552,470559,471554,7,995,1,151200,1.00703517588
470595,470603,471555,8,952,1,151200,1.00840336134
470631,470638,471556,7,918,1,151200,1.00762527233
470775,564630,594704,93855,30074,10,43200,4.12080202168
471637,471644,472690,7,1046,1,151200,1.00669216061
472125,472132,548758,7,76626,1,172800,1.0000913528
472138,472144,475592,6,3448,1,36000,1.00174013921
472140,472150,543429,10,71279,1,172800,1.00014029378
472477,475921,602626,3444,126705,4,345600,1.02718124778
472751,472759,473395,8,636,1,151200,1.01257861635
472871,478948,478957,6077,9,4,18000,608.6
472997,478969,479107,5972,138,4,18000,44.2753623188
473099,479120,479172,6021,52,4,18000,116.788461538
473127,474295,548204,1168,73909,4,73860,1.01580321747
473245,479184,479191,5939,7,4,18000,594.6
473435,473442,474079,7,637,1,151200,1.01098901099
473532,479203,479208,5671,5,4,18000,567.6
473642,473649,473668,7,19,1,2050,1.36842105263
473769,473776,473972,7,196,1,2050,1.03571428571
473848,473855,474060,7,205,1,2050,1.03414634146
474505,474511,475090,6,579,1,151200,1.0103626943
475115,475122,475536,7,414,1,151200,1.01690821256
475544,475550,475909,6,359,1,151200,1.01671309192
475951,479227,481307,3276,2080,1,151200,2.575
476729,479221,515251,2492,36030,3,36000,1.06916458507
479656,482264,482400,2608,136,4,18000,20.1764705882
479676,514807,515902,35131,1095,4,18000,33.0831050228
480605,481318,481532,713,214,1,1450,4.33177570093
481397,481545,482843,148,1298,1,151200,1.11402157165
481606,564411,573703,82805,9292,4,21600,9.9114291864
481708,515914,516313,34206,399,4,18000,86.7293233083
481771,482257,513472,486,31215,4,345600,1.01556943777
481803,516325,516444,34522,119,4,18000,291.100840336
481808,516457,516463,34649,6,4,18000,3465.5
481812,516476,516483,34664,7,4,18000,3467.1
481817,516495,516733,34678,238,4,18000,146.705882353
482163,482855,552544,692,69689,1,129600,1.00992983111
482227,494609,571038,12382,76429,1,129600,1.16200656819
482294,495214,579729,12920,84515,1,129600,1.15287227119
482295,482412,562331,117,79919,4,345600,1.00146398228
482336,516745,516752,34409,7,4,18000,3441.6
482348,884000,1266634,401652,382634,6,604800,2.0497028492
482368,497210,584301,14842,87091,1,129600,1.17041944633
482408,497755,586858,15347,89103,1,129600,1.17223886962
482453,499488,588666,17035,89178,1,129600,1.19102244948
482494,511909,597633,29415,85724,1,129600,1.34313611124
482523,483530,515124,1007,31594,2,43200,1.03187314047
482984,519908,520250,36924,342,2,43200,108.964912281
484419,515136,823190,30717,308054,3,360000,1.09971303732
484435,515263,846248,30828,330985,3,360000,1.09314017252
484885,514813,515013,29928,200,1,1450,150.64
485199,512516,530545,27317,18029,1,18000,2.51517000388
486039,513484,587438,27445,73954,4,73920,1.3711090678
488492,516764,516951,28272,187,4,3540,152.187165775
489761,514876,521458,25115,6582,1,151200,4.81570951079
491736,527035,872642,35299,345607,4,345600,1.10213624145
491763,537269,882914,45506,345645,4,345600,1.13165531109
491944,543210,888844,51266,345634,4,345600,1.14832452826
492053,548216,722414,56163,174198,4,345600,1.32240898288
492285,563734,565580,71449,1846,12,1800,39.7047670639
492701,520262,520266,27561,4,3,216000,2756.5
492732,520279,520281,27547,2,3,216000,2754.9
492754,520293,527017,27539,6724,3,216000,5.09562760262
493189,556104,556193,62915,89,4,3600,707.91011236
493396,556034,628062,62638,72028,4,72000,1.86963403121
493421,516963,588988,23542,72025,4,72000,1.32685872961
494662,556205,556220,61543,15,4,600,4103.86666667
495228,556232,561826,61004,5594,4,21600,11.905255631
495377,556417,561611,61040,5194,4,21600,12.7520215633
496824,889144,1234789,392320,345645,4,345600,2.13503739386
496863,890470,1012279,393607,121809,4,345600,4.23134579547
504765,515025,515026,10260,1,1,240,1026.1
515522,516861,516862,1339,1,1,240,134.0
516919,516926,517173,7,247,1,3540,1.02834008097
517278,517285,519319,7,2034,1,3540,1.00344149459
517353,517360,517538,7,178,1,3540,1.0393258427
517400,517550,517809,150,259,1,3540,1.57915057915
517447,517820,518301,373,481,1,3540,1.77546777547
517519,518313,518672,794,359,1,3540,3.21169916435
517566,518593,519100,1027,507,1,3540,3.02564102564
517613,518684,519157,1071,473,1,3540,3.26427061311
517659,519113,519613,1454,500,1,3540,3.908
517706,519169,519645,1463,476,1,3540,4.07352941176
517753,519330,519844,1577,514,1,3540,4.06809338521
517946,519626,519896,1680,270,1,3540,7.22222222222
518193,519657,519836,1464,179,1,3540,9.17877094972
518374,555894,556092,37520,198,4,3540,190.494949495
518548,555900,556022,37352,122,4,3540,307.163934426
518757,555929,556404,37172,475,4,3540,79.2568421053
518805,519848,519970,1043,122,1,3540,9.54918032787
527021,527028,527036,7,8,1,3600,1.5
527153,527159,527268,6,109,1,3600,1.05504587156
527399,527406,527655,7,249,1,3600,1.0281124498
527888,527895,528272,7,377,1,3600,1.01856763926
528796,528804,528810,8,6,1,3600,1.4
528928,528935,529014,7,79,1,3600,1.08860759494
529147,529154,529384,7,230,1,3600,1.03043478261
529635,529642,529981,7,339,1,3600,1.02064896755
530475,530482,530488,7,6,1,3600,1.3
530605,530612,530718,7,106,1,3600,1.06603773585
530671,530681,530690,10,9,1,1800,1.9
530837,530843,530919,6,76,1,1800,1.07894736842
530852,530858,531097,6,239,1,3600,1.02510460251
531080,531086,531162,6,76,1,3600,1.07894736842
531128,531135,531223,7,88,1,1800,1.07954545455
531292,531299,531517,7,218,1,3600,1.03211009174
531333,531340,531711,7,371,1,3600,1.01886792453
531665,531672,531875,7,203,1,1800,1.03448275862
531802,531809,532237,7,428,1,3600,1.01635514019
532239,532246,532252,7,6,1,3600,1.3
532370,532377,532455,7,78,1,3600,1.08974358974
532511,532518,532525,7,7,1,1800,1.4
532589,532596,532826,7,230,1,3600,1.03043478261
532678,532685,532726,7,41,1,1800,1.17073170732
532938,532944,533019,6,75,1,1800,1.08
533077,533084,533426,7,342,1,3600,1.02046783626
533501,533508,533661,7,153,1,1800,1.04575163399
538615,538622,538659,7,37,1,1800,1.18918918919
538886,538893,538959,7,66,1,1800,1.10606060606
539551,539558,539793,7,235,1,1800,1.02978723404
542637,542644,563562,7,20918,1,129600,1.00033464002
542643,542650,561146,7,18496,1,129600,1.00037846021
545908,545915,644175,7,98260,1,172800,1.00007123957
545943,545951,642695,8,96744,1,172800,1.00008269247
545956,548774,656601,2818,107827,1,172800,1.02613445612
546008,552561,640139,6553,87578,1,172800,1.07482472767
546017,561158,635262,15141,74104,1,172800,1.20432095433
558315,562704,593542,4389,30838,1,216000,1.14232440495
558445,562699,580290,4254,17591,3,216000,1.24182820761
558499,563281,572358,4782,9077,3,216000,1.52682604385
558751,564137,564399,5386,262,3,216000,21.5572519084
559087,561623,562687,2536,1064,4,18000,3.38345864662
559269,561838,563269,2569,1431,4,18000,2.79524807827
559803,562343,564125,2540,1782,4,18000,2.4253647587
563809,890475,1322500,326666,432025,6,432000,1.75612753892
563900,890480,1322525,326580,432045,6,432000,1.75589348332
563957,890486,1322496,326529,432010,6,432000,1.75583667045
563999,890491,1322508,326492,432017,6,432000,1.7557387788
565054,565061,565064,7,3,4,73800,1.0
565833,565841,565879,8,38,4,73800,1.21052631579
565878,565885,565932,7,47,4,73800,1.14893617021
566593,566599,566632,6,33,4,73800,1.18181818182
566807,566814,633563,7,66749,4,73800,1.00010487048
570549,570556,570564,7,8,8,7200,1.5
570602,570608,574943,6,4335,8,7200,1.00138408304
570930,570937,570956,7,19,4,14400,1.36842105263
570966,570972,575136,6,4164,2,14400,1.00144092219
571175,571182,631325,7,60143,1,172800,1.00011638927
571193,571201,656553,8,85352,1,172800,1.0000937295
571468,572370,715524,902,143154,3,259200,1.00630090672
572068,572076,603310,8,31234,1,108000,1.00025613114
572216,573715,609374,1499,35659,1,108000,1.04203707339
574965,575857,581486,892,5629,8,14400,1.15846509149
575148,575154,577322,6,2168,2,14400,1.00276752768
583497,583504,583954,7,450,4,72000,1.01555555556
583933,583940,633567,7,49627,4,72060,1.00014105225
583981,583989,633570,8,49581,4,72000,1.00016135213
584074,584081,584188,7,107,4,72000,1.06542056075
584238,584245,620269,7,36024,4,36000,1.0001943149
584342,584349,620418,7,36069,4,36060,1.00019407247
590139,590146,590163,7,17,16,7200,1.41176470588
590478,590485,590501,7,16,16,7200,1.4375
591067,591074,591092,7,18,4,7200,1.38888888889
591256,591263,591283,7,20,4,7200,1.35
591538,591545,591564,7,19,16,7200,1.36842105263
595950,595956,596218,6,262,16,3600,1.02290076336
596421,596428,632454,7,36026,16,36000,1.00019430411
600340,600347,600356,7,9,8,7200,1.6
600424,600431,614866,7,14435,8,14400,1.00048493246
600882,600889,608687,7,7798,4,21600,1.00089766607
601052,601059,601083,7,24,16,7200,1.29166666667
601087,601094,601115,7,21,4,7200,1.33333333333
601918,601925,601926,7,1,1,240,1.0
603313,603320,603565,7,245,1,3540,1.02857142857
603669,603675,605702,6,2027,1,3540,1.00296003947
603743,603750,603926,7,176,1,3540,1.03977272727
603791,603798,604060,7,262,1,3540,1.02671755725
603837,603845,604321,8,476,1,3540,1.01680672269
603909,603916,604276,7,360,1,3540,1.01944444444
603956,603962,604465,6,503,1,3540,1.01192842942
604003,604010,604486,7,476,1,3540,1.01470588235
604050,604057,604565,7,508,1,3540,1.01377952756
604097,604104,604578,7,474,1,3540,1.01476793249
604145,604151,604659,6,508,1,3540,1.01181102362
604344,604351,604608,7,257,1,3540,1.02723735409
604593,604600,604778,7,178,1,3540,1.0393258427
604767,604775,604968,8,193,4,3540,1.0414507772
