SubmitTime,StartTime,EndTime,QueuedTime,RunTime,NodesRequested,walltime,bslowdown
41,103,1692,62,1589,2,9000,1.03901825047
103,155,1732,52,1577,2,9000,1.03297400127
155,161,1732,6,1571,2,9000,1.00381922342
166,192,1793,26,1601,2,9000,1.01623985009
197,207,1784,10,1577,2,9000,1.00634115409
208,214,1817,6,1603,2,9000,1.00374298191
218,231,1802,13,1571,2,9000,1.00827498409
229,269,1854,40,1585,2,9000,1.02523659306
271,283,1878,12,1595,2,9000,1.00752351097
281,348,1916,67,1568,2,9000,1.04272959184
343,358,1889,15,1531,2,9000,1.00979751796
354,386,1945,32,1559,2,9000,1.02052597819
385,393,1938,8,1545,2,9000,1.00517799353
396,413,1947,17,1534,2,9000,1.0110821382
417,436,1997,19,1561,2,9000,1.01217168482
438,447,2038,9,1591,2,9000,1.00565681961
449,459,2044,10,1585,2,9000,1.00630914826
460,467,2041,7,1574,2,9000,1.00444726811
470,483,2046,13,1563,2,9000,1.00831733845
481,490,2062,9,1572,2,9000,1.00572519084
492,498,2056,6,1558,2,9000,1.00385109114
503,509,2064,6,1555,2,9000,1.0038585209
513,520,2064,7,1544,2,9000,1.00453367876
524,540,2075,16,1535,2,9000,1.01042345277
545,617,2156,72,1539,2,9000,1.04678362573
617,684,2275,67,1591,2,9000,1.04211187932
679,698,2273,19,1575,2,9000,1.01206349206
700,712,2278,12,1566,2,9000,1.00766283525
711,728,2295,17,1567,2,9000,1.01084875558
732,759,2326,27,1567,2,9000,1.01723037652
763,776,2355,13,1579,2,9000,1.0082330589
774,783,2335,9,1552,2,9000,1.00579896907
785,828,2392,43,1564,2,9000,1.02749360614
826,836,2377,10,1541,2,9000,1.00648929267
837,851,2407,14,1556,2,9000,1.00899742931
848,884,2418,36,1534,2,9000,1.02346805737
889,896,2426,7,1530,2,9000,1.0045751634
900,907,2479,7,1572,2,9000,1.00445292621
911,918,2490,7,1572,2,9000,1.00445292621
921,959,2571,38,1612,2,9000,1.02357320099
963,981,2577,18,1596,2,9000,1.01127819549
984,1007,2577,23,1570,2,9000,1.01464968153
1005,1043,2616,38,1573,2,9000,1.02415766052
1046,1071,2635,25,1564,2,9000,1.01598465473
1067,1084,2658,17,1574,2,9000,1.01080050826
1088,1096,2663,8,1567,2,9000,1.00510529675
1099,1112,2674,13,1562,2,9000,1.00832266325
1110,1119,2668,9,1549,2,9000,1.00581020013
1115,1126,2726,11,1600,1,7200,1.006875
1121,1150,2702,29,1552,2,9000,1.01868556701
1152,1160,2699,8,1539,2,9000,1.00519818064
1155,1166,2771,11,1605,1,7200,1.00685358255
1163,1184,2715,21,1531,2,9000,1.01371652515
1184,1190,2762,6,1572,2,9000,1.00381679389
1194,1392,2961,198,1569,2,9000,1.12619502868
1209,1445,2945,236,1500,1,7200,1.15733333333
1390,1399,2980,9,1581,2,9000,1.00569259962
1400,1421,3000,21,1579,2,9000,1.01329955668
1421,1440,3010,19,1570,2,9000,1.01210191083
1442,1452,3021,10,1569,2,9000,1.0063734863
1454,1474,3042,20,1568,2,9000,1.01275510204
1475,1483,3010,8,1527,2,9000,1.00523903078
1486,1493,3051,7,1558,2,9000,1.00449293967
1496,1504,3059,8,1555,2,9000,1.00514469453
1507,1531,3065,24,1534,2,9000,1.01564537158
1528,1631,3152,103,1521,2,9000,1.06771860618
1631,1705,3344,74,1639,2,9000,1.04514948139
1703,1744,3309,41,1565,2,9000,1.02619808307
1745,1752,3313,7,1561,2,9000,1.00448430493
1756,1796,3374,40,1578,2,9000,1.02534854246
1797,1806,3387,9,1581,2,9000,1.00569259962
1808,1816,3389,8,1573,2,9000,1.00508582327
1819,1829,3388,10,1559,2,9000,1.00641436818
1829,1866,3417,37,1551,2,9000,1.02385557705
1871,1890,3442,19,1552,2,9000,1.01224226804
1892,1901,3449,9,1548,2,9000,1.00581395349
1903,1928,3476,25,1548,2,9000,1.0161498708
1924,1950,3503,26,1553,2,9000,1.01674179008
1955,1961,3496,6,1535,2,9000,1.00390879479
1966,1972,3521,6,1549,2,9000,1.00387346675
1977,2009,3545,32,1536,2,9000,1.02083333333
2008,2050,3634,42,1584,2,9000,1.02651515152
2049,2057,3642,8,1585,2,9000,1.00504731861
2060,2067,3650,7,1583,2,9000,1.00442198358
2071,2077,3664,6,1587,2,9000,1.00378071834
2082,2089,3657,7,1568,2,9000,1.00446428571
2093,2099,3655,6,1556,2,9000,1.00385604113
2103,2110,3673,7,1563,2,9000,1.00447856686
2114,2121,3674,7,1553,2,9000,1.00450740502
2125,2131,3694,6,1563,2,9000,1.00383877159
2135,2168,3730,33,1562,2,9000,1.02112676056
2167,2285,3845,118,1560,2,9000,1.07564102564
2290,2298,3835,8,1537,2,9000,1.0052049447
2301,2309,3843,8,1534,2,9000,1.00521512386
2312,2318,3892,6,1574,2,9000,1.00381194409
2323,2338,3925,15,1587,2,9000,1.00945179584
2333,2347,3925,14,1578,2,9000,1.00887198986
2344,2368,3938,24,1570,2,9000,1.0152866242
2365,2389,3959,24,1570,2,9000,1.0152866242
2386,2404,3991,18,1587,2,9000,1.01134215501
2407,2419,4013,12,1594,2,9000,1.00752823087
2418,2430,3993,12,1563,2,9000,1.00767754319
2429,2442,4023,13,1581,2,9000,1.0082226439
2439,2491,4060,52,1569,2,9000,1.03314212874
2491,2502,4063,11,1561,2,9000,1.00704676489
2502,2583,4146,81,1563,2,9000,1.05182341651
2584,2592,4178,8,1586,2,9000,1.00504413619
2595,2601,4158,6,1557,2,9000,1.00385356455
2606,2628,4172,22,1544,2,9000,1.01424870466
2627,2648,4229,21,1581,2,9000,1.01328273245
2648,2670,4282,22,1612,2,9000,1.01364764268
2669,2677,4272,8,1595,2,9000,1.00501567398
2679,2686,4246,7,1560,2,9000,1.00448717949
2690,2697,4257,7,1560,2,9000,1.00448717949
2701,2711,4296,10,1585,2,9000,1.00630914826
2712,2718,4283,6,1565,2,9000,1.00383386581
2722,2728,4313,6,1585,2,9000,1.00378548896
2733,2739,4311,6,1572,2,9000,1.00381679389
2744,2774,4365,30,1591,2,9000,1.01885606537
2775,2958,4531,183,1573,2,9000,1.11633820725
2960,2973,4540,13,1567,2,9000,1.00829610721
2971,2992,4539,21,1547,2,9000,1.01357466063
2992,3012,4587,20,1575,2,9000,1.0126984127
3013,3022,4611,9,1589,2,9000,1.00566393958
3023,3030,4612,7,1582,2,9000,1.00442477876
3034,3041,4604,7,1563,2,9000,1.00447856686
3045,3054,4625,9,1571,2,9000,1.00572883514
3055,3062,4651,7,1589,2,9000,1.00440528634
3066,3073,4649,7,1576,2,9000,1.00444162437
3077,3084,4678,7,1594,2,9000,1.00439146801
3088,3164,4753,76,1589,2,9000,1.04782882316
3160,3321,4896,161,1575,2,9000,1.10222222222
3161,3328,4788,167,1460,1,7200,1.11438356164
3208,3333,4999,125,1666,1,7200,1.075030012
3244,3411,5364,167,1953,1,7200,1.08550947261
3324,3356,4912,32,1556,2,9000,1.0205655527
3356,3386,4947,30,1561,2,9000,1.01921844971
3387,3399,5007,12,1608,2,9000,1.00746268657
3398,3406,4995,8,1589,2,9000,1.00503461296
3409,3429,5010,20,1581,2,9000,1.01265022138
3430,3455,5037,25,1582,2,9000,1.01580278129
3451,3462,5026,11,1564,2,9000,1.00703324808
3461,3488,5071,27,1583,2,9000,1.01705622236
3493,3509,5085,16,1576,2,9000,1.01015228426
3514,3521,5098,7,1577,2,9000,1.00443880786
3524,3533,5120,9,1587,2,9000,1.0056710775
3535,3557,5131,22,1574,2,9000,1.01397712834
3556,3647,5207,91,1560,2,9000,1.05833333333
3649,3656,5240,7,1584,2,9000,1.00441919192
3660,3666,5245,6,1579,2,9000,1.00379987334
3670,3678,5278,8,1600,2,9000,1.005
3681,3689,5271,8,1582,2,9000,1.00505689001
3692,3698,5306,6,1608,2,9000,1.00373134328
3703,3709,5291,6,1582,2,9000,1.00379266751
3714,3720,5301,6,1581,2,9000,1.00379506641
3725,3732,5318,7,1586,2,9000,1.00441361917
3735,3742,5342,7,1600,2,9000,1.004375
3746,3847,5428,101,1581,2,9000,1.06388361796
3849,3855,5452,6,1597,2,9000,1.00375704446
3860,3867,5454,7,1587,2,9000,1.00441083806
3870,3904,5497,34,1593,2,9000,1.02134337728
3902,3937,5532,35,1595,2,9000,1.02194357367
3933,3944,5540,11,1596,2,9000,1.00689223058
3944,3951,5539,7,1588,2,9000,1.00440806045
3954,3971,5565,17,1594,2,9000,1.01066499373
3975,4003,5590,28,1587,2,9000,1.01764335224
4007,4014,5603,7,1589,2,9000,1.00440528634
4017,4024,5655,7,1631,2,9000,1.00429184549
4028,4035,5617,7,1582,2,9000,1.00442477876
4039,4072,5666,33,1594,2,9000,1.02070263488
4070,4079,5676,9,1597,2,9000,1.00563556669
4081,4158,5754,77,1596,2,9000,1.04824561404
4153,4170,5791,17,1621,2,9000,1.01048735349
4174,4184,5780,10,1596,2,9000,1.00626566416
4185,4193,5815,8,1622,2,9000,1.00493218249
4196,4241,5842,45,1601,2,9000,1.02810743285
4237,4258,5859,21,1601,2,9000,1.013116802
4258,4269,5870,11,1601,2,9000,1.00687070581
4269,4285,5893,16,1608,2,9000,1.00995024876
4290,4298,5913,8,1615,2,9000,1.00495356037
4301,4307,5911,6,1604,2,9000,1.00374064838
4311,4319,5903,8,1584,2,9000,1.00505050505
4322,4328,5881,6,1553,2,9000,1.00386349002
4333,4339,5923,6,1584,2,9000,1.00378787879
4340,4378,5962,38,1584,2,9000,1.02398989899
4382,4543,6124,161,1581,2,9000,1.1018342821
4547,4554,6150,7,1596,2,9000,1.00438596491
4557,4565,6148,8,1583,2,9000,1.00505369551
4568,4599,6198,31,1599,2,9000,1.01938711695
4599,4616,6202,17,1586,2,9000,1.01071878941
4621,4627,6258,6,1631,2,9000,1.00367872471
4624,4635,6266,11,1631,2,9000,1.00674432863
4635,4642,6193,7,1551,2,9000,1.00451321728
4645,4661,6188,16,1527,2,9000,1.01047806156
4666,4673,6201,7,1528,2,9000,1.00458115183
4677,4691,6209,14,1518,2,9000,1.0092226614
4688,4765,6293,77,1528,2,9000,1.05039267016
4760,4800,6356,40,1556,2,9000,1.02570694087
4802,4908,6472,106,1564,2,9000,1.06777493606
4905,4924,6506,19,1582,2,9000,1.01201011378
4926,4959,6602,33,1643,2,9000,1.02008520998
4957,5008,6644,51,1636,2,9000,1.03117359413
5009,5019,6563,10,1544,2,9000,1.00647668394
5020,5026,6575,6,1549,2,9000,1.00387346675
5030,5037,6550,7,1513,2,9000,1.00462656973
5041,5050,6579,9,1529,2,9000,1.00588620013
5052,5083,6620,31,1537,2,9000,1.0201691607
5083,5098,6660,15,1562,2,9000,1.00960307298
5094,5110,6686,16,1576,2,9000,1.01015228426
5115,5132,6705,17,1573,2,9000,1.01080737444
5136,5143,6791,7,1648,2,9000,1.00424757282
5147,5219,6806,72,1587,2,9000,1.04536862004
5219,5252,6791,33,1539,2,9000,1.02144249513
5250,5259,6768,9,1509,2,9000,1.00596421471
5261,5283,6785,22,1502,2,9000,1.01464713715
5282,5290,6819,8,1529,2,9000,1.00523217789
5293,5303,6860,10,1557,2,9000,1.00642260758
5303,5313,6887,10,1574,2,9000,1.00635324015
5314,5321,6890,7,1569,2,9000,1.00446144041
5325,5332,6955,7,1623,2,9000,1.00431300062
5336,5354,7023,18,1669,2,9000,1.01078490114
5357,5377,7025,20,1648,2,9000,1.01213592233
5378,5440,6963,62,1523,2,9000,1.04070912672
5440,5465,6977,25,1512,2,9000,1.01653439153
5461,5472,6988,11,1516,2,9000,1.00725593668
5472,5510,7037,38,1527,2,9000,1.0248853962
5514,5544,7110,30,1566,2,9000,1.01915708812
5545,5552,7124,7,1572,2,9000,1.00445292621
5556,5563,7139,7,1576,2,9000,1.00444162437
5566,5578,7245,12,1667,2,9000,1.00719856029
5577,5603,7254,26,1651,2,9000,1.0157480315
5609,5615,7249,6,1634,2,9000,1.00367197062
5619,5629,7192,10,1563,2,9000,1.00639795266
5630,5667,7175,37,1508,2,9000,1.02453580902
5672,5678,7222,6,1544,2,9000,1.00388601036
5682,5689,7204,7,1515,2,9000,1.00462046205
5693,5766,7295,73,1529,2,9000,1.04774362328
5765,5793,7368,28,1575,2,9000,1.01777777778
5797,5803,7376,6,1573,2,9000,1.00381436745
5808,5827,7446,19,1619,2,9000,1.01173563928
5829,5854,7499,25,1645,2,9000,1.01519756839
5850,5871,7495,21,1624,2,9000,1.01293103448
5871,5882,7402,11,1520,2,9000,1.00723684211
5882,5893,7428,11,1535,2,9000,1.00716612378
5892,5905,7422,13,1517,2,9000,1.00856954515
5903,5915,7469,12,1554,2,9000,1.00772200772
5914,5924,7472,10,1548,2,9000,1.00645994832
5925,5933,7495,8,1562,2,9000,1.00512163892
5935,5943,7541,8,1598,2,9000,1.00500625782
5946,5974,7603,28,1629,2,9000,1.01718845918
5978,6136,7769,158,1633,2,9000,1.09675443968
6132,6160,7811,28,1651,2,9000,1.01695941853
6163,6170,7673,7,1503,2,9000,1.00465735196
6174,6200,7741,26,1541,2,9000,1.01687216093
6205,6212,7735,7,1523,2,9000,1.00459619173
6216,6223,7782,7,1559,2,9000,1.00449005773
6227,6233,7796,6,1563,2,9000,1.00383877159
6238,6245,7825,7,1580,2,9000,1.00443037975
6248,6256,7835,8,1579,2,9000,1.00506649778
6259,6271,7922,12,1651,2,9000,1.00726832223
6270,6277,7917,7,1640,2,9000,1.00426829268
6281,6305,7948,24,1643,2,9000,1.01460742544
6302,6368,7959,66,1591,2,9000,1.04148334381
6364,6484,7984,120,1500,2,9000,1.08
6487,6519,8066,32,1547,2,9000,1.02068519716
6519,6562,8109,43,1547,2,9000,1.02779573368
6560,6576,8130,16,1554,2,9000,1.0102960103
6581,6589,8166,8,1577,2,9000,1.00507292327
6592,6598,8235,6,1637,2,9000,1.0036652413
6603,6614,8262,11,1648,2,9000,1.00667475728
6614,6633,8282,19,1649,2,9000,1.01152213463
6635,6656,8311,21,1655,2,9000,1.01268882175
6656,6672,8286,16,1614,2,9000,1.00991325898
6677,6699,8190,22,1491,2,9000,1.01475519785
6698,6717,8230,19,1513,2,9000,1.01255783212
6719,6780,8288,61,1508,2,9000,1.04045092838
6781,6797,8330,16,1533,2,9000,1.01043705153
6802,6809,8381,7,1572,2,9000,1.00445292621
6812,6820,8452,8,1632,2,9000,1.00490196078
6823,6830,8470,7,1640,2,9000,1.00426829268
6834,6840,8492,6,1652,2,9000,1.00363196126
6845,6872,8485,27,1613,2,9000,1.01673899566
6876,6899,8424,23,1525,2,9000,1.01508196721
6897,6906,8399,9,1493,2,9000,1.00602813128
6908,6967,8488,59,1521,2,9000,1.03879026956
6970,6977,8495,7,1518,2,9000,1.0046113307
6980,6989,8513,9,1524,2,9000,1.00590551181
6991,7000,8649,9,1649,2,9000,1.00545785324
7002,7035,8656,33,1621,2,9000,1.02035780382
7033,7042,8660,9,1618,2,9000,1.00556242274
7044,7051,8608,7,1557,2,9000,1.00449582531
7055,7122,8617,67,1495,2,9000,1.04481605351
7127,7136,8688,9,1552,2,9000,1.00579896907
7138,7151,8687,13,1536,2,9000,1.00846354167
7149,7187,8850,38,1663,2,9000,1.0228502706
7190,7204,8793,14,1589,2,9000,1.00881057269
7201,7216,8762,15,1546,2,9000,1.00970245796
7212,7234,8811,22,1577,2,9000,1.013950539
7233,7257,8748,24,1491,2,9000,1.01609657948
7254,7264,8800,10,1536,2,9000,1.00651041667
7265,7271,8764,6,1493,2,9000,1.00401875419
7276,7307,8956,31,1649,2,9000,1.01879927229
7307,7380,9003,73,1623,2,9000,1.044978435
7380,7388,9002,8,1614,2,9000,1.00495662949
7390,7414,9032,24,1618,2,9000,1.01483312732
7411,7434,9069,23,1635,2,9000,1.01406727829
7432,7441,9085,9,1644,2,9000,1.00547445255
7443,7458,9109,15,1651,2,9000,1.00908540279
7454,7482,9100,28,1618,2,9000,1.0173053152
7485,7491,9102,6,1611,2,9000,1.00372439479
7496,7506,9130,10,1624,2,9000,1.00615763547
7507,7513,9148,6,1635,2,9000,1.00366972477
7517,7525,9155,8,1630,2,9000,1.00490797546
7528,7553,9188,25,1635,2,9000,1.01529051988
7549,7615,9245,66,1630,2,9000,1.04049079755
7611,7685,9331,74,1646,2,9000,1.04495747266
7684,7748,9368,64,1620,2,9000,1.03950617284
7745,7755,9372,10,1617,2,9000,1.0061842919
7756,7781,9417,25,1636,2,9000,1.01528117359
7777,7794,9420,17,1626,2,9000,1.01045510455
7798,7809,9426,11,1617,2,9000,1.00680272109
7809,7823,9456,14,1633,2,9000,1.0085731782
7820,7838,9468,18,1630,2,9000,1.01104294479
7841,7849,9520,8,1671,2,9000,1.00478755236
7851,7929,9570,78,1641,2,9000,1.04753199269
7934,7940,9536,6,1596,2,9000,1.0037593985
7945,7960,9571,15,1611,2,9000,1.00931098696
7955,7971,9595,16,1624,2,9000,1.00985221675
7966,7996,9603,30,1607,2,9000,1.01866832607
7997,8078,9701,81,1623,2,9000,1.04990757856
8080,8121,9743,41,1622,2,9000,1.02527743527
8122,8142,9771,20,1629,2,9000,1.01227747084
8143,8149,9771,6,1622,2,9000,1.00369913687
8153,8160,9790,7,1630,2,9000,1.00429447853
8164,8170,9791,6,1621,2,9000,1.00370141888
8175,8181,9806,6,1625,2,9000,1.00369230769
8186,8193,9803,7,1610,2,9000,1.00434782609
8196,8204,9804,8,1600,2,9000,1.005
8207,8214,9843,7,1629,2,9000,1.00429711479
8218,8225,9851,7,1626,2,9000,1.00430504305
8229,8235,9831,6,1596,2,9000,1.0037593985
8239,8246,9879,7,1633,2,9000,1.0042865891
8250,8256,9890,6,1634,2,9000,1.00367197062
8261,8268,9920,7,1652,2,9000,1.00423728814
8271,8279,9917,8,1638,2,9000,1.00488400488
8282,8294,9926,12,1632,2,9000,1.00735294118
8293,8301,9938,8,1637,2,9000,1.00488698839
8304,8310,9932,6,1622,2,9000,1.00369913687
8315,8324,9939,9,1615,2,9000,1.00557275542
8325,8342,9950,17,1608,2,9000,1.0105721393
8346,8393,9991,47,1598,2,9000,1.02941176471
8398,8411,10019,13,1608,2,9000,1.00808457711
8409,8436,10062,27,1626,2,9000,1.01660516605
8440,8459,10077,19,1618,2,9000,1.01174289246
8461,8468,10089,7,1621,2,9000,1.00431832202
8472,8479,10098,7,1619,2,9000,1.00432365658
8482,8489,10109,7,1620,2,9000,1.00432098765
8493,8500,10134,7,1634,2,9000,1.00428396573
8504,8510,10132,6,1622,2,9000,1.00369913687
8515,8522,10141,7,1619,2,9000,1.00432365658
8525,8532,10145,7,1613,2,9000,1.00433973962
8536,8543,10160,7,1617,2,9000,1.00432900433
8547,8554,10165,7,1611,2,9000,1.00434512725
8558,8565,10180,7,1615,2,9000,1.00433436533
8569,8576,10171,7,1595,2,9000,1.00438871473
8579,8587,10208,8,1621,2,9000,1.00493522517
8590,8596,10217,6,1621,2,9000,1.00370141888
8601,8608,10223,7,1615,2,9000,1.00433436533
8612,8619,10234,7,1615,2,9000,1.00433436533
8623,8629,10236,6,1607,2,9000,1.00373366521
8633,8661,10309,28,1648,2,9000,1.01699029126
8656,8668,12275,12,3607,1,3600,1.00332686443
8665,8675,10311,10,1636,2,9000,1.00611246944
8675,8699,10295,24,1596,2,9000,1.01503759398
8696,8706,10332,10,1626,2,9000,1.0061500615
8707,8760,10375,53,1615,2,9000,1.03281733746
8759,8774,10379,15,1605,2,9000,1.00934579439
8770,8781,10394,11,1613,2,9000,1.00681959082
8781,8805,10384,24,1579,2,9000,1.01519949335
8802,8812,10414,10,1602,2,9000,1.00624219725
8812,8823,10428,11,1605,2,9000,1.00685358255
8823,8862,10471,39,1609,2,9000,1.02423865755
8865,8968,10580,103,1612,2,9000,1.06389578164
8968,9014,10630,46,1616,2,9000,1.02846534653
9020,9027,10620,7,1593,2,9000,1.00439422473
9031,9044,10653,13,1609,2,9000,1.00807955252
9041,9081,10701,40,1620,2,9000,1.02469135802
9083,9098,10715,15,1617,2,9000,1.00927643785
9094,9113,10728,19,1615,2,9000,1.01176470588
9115,9121,10714,6,1593,2,9000,1.00376647834
9126,9132,10758,6,1626,2,9000,1.0036900369
9137,9143,10761,6,1618,2,9000,1.00370828183
9147,9161,10765,14,1604,2,9000,1.00872817955
9158,9168,10761,10,1593,2,9000,1.0062774639
9169,9200,10807,31,1607,2,9000,1.01929060361
9200,9258,10852,58,1594,2,9000,1.03638644918
9263,9343,10957,80,1614,2,9000,1.04956629492
9345,9380,10996,35,1616,2,9000,1.02165841584
9376,9387,10991,11,1604,2,9000,1.00685785536
9387,9429,11023,42,1594,2,9000,1.02634880803
9429,9436,11017,7,1581,2,9000,1.00442757748
9440,9447,11039,7,1592,2,9000,1.00439698492
9451,9468,11085,17,1617,2,9000,1.01051329623
9472,9481,11112,9,1631,2,9000,1.00551808706
9482,9532,11166,50,1634,2,9000,1.0305997552
9534,9548,11152,14,1604,2,9000,1.00872817955
9545,9582,11239,37,1657,2,9000,1.02232951116
9587,9594,11205,7,1611,2,9000,1.00434512725
9597,9607,11261,10,1654,2,9000,1.00604594921
9608,9615,11220,7,1605,2,9000,1.00436137072
9619,9713,11315,94,1602,2,9000,1.05867665418
9712,9755,11355,43,1600,2,9000,1.026875
9754,9783,11373,29,1590,2,9000,1.01823899371
9785,9791,11421,6,1630,2,9000,1.0036809816
9796,9802,11432,6,1630,2,9000,1.0036809816
9807,9814,11435,7,1621,2,9000,1.00431832202
9817,9824,11445,7,1621,2,9000,1.00431832202
9828,9835,11436,7,1601,2,9000,1.00437226733
9839,9845,11468,6,1623,2,9000,1.00369685767
9850,9857,11446,7,1589,2,9000,1.00440528634
9860,9867,11480,7,1613,2,9000,1.00433973962
9871,9877,11488,6,1611,2,9000,1.00372439479
9882,9891,11499,9,1608,2,9000,1.00559701493
9893,9902,11527,9,1625,2,9000,1.00553846154
9904,9929,11551,25,1622,2,9000,1.01541307028
9925,9936,11525,11,1589,2,9000,1.00692259283
9935,9943,11556,8,1613,2,9000,1.00495970242
9978,9985,11519,7,1534,2,9000,1.00456323338
9989,9995,11587,6,1592,2,9000,1.00376884422
10000,10007,11571,7,1564,2,9000,1.00447570332
10011,10018,11571,7,1553,2,9000,1.00450740502
10022,10029,11570,7,1541,2,9000,1.00454250487
10032,10039,11592,7,1553,2,9000,1.00450740502
10043,10074,11656,31,1582,2,9000,1.0195954488
10074,10089,11669,15,1580,2,9000,1.00949367089
10085,10101,11667,16,1566,2,9000,1.01021711367
10106,10114,11668,8,1554,2,9000,1.00514800515
10117,10124,11668,7,1544,2,9000,1.00453367876
10128,10144,11670,16,1526,2,9000,1.01048492792
10149,10155,11716,6,1561,2,9000,1.00384368994
10160,10167,11694,7,1527,2,9000,1.00458415193
10171,10177,11721,6,1544,2,9000,1.00388601036
10181,10188,11739,7,1551,2,9000,1.00451321728
10192,10198,11745,6,1547,2,9000,1.00387847447
10203,10210,11772,7,1562,2,9000,1.00448143406
10214,10220,11764,6,1544,2,9000,1.00388601036
10225,10231,11779,6,1548,2,9000,1.00387596899
10235,10241,11779,6,1538,2,9000,1.00390117035
10246,10253,11803,7,1550,2,9000,1.00451612903
10257,10264,11813,7,1549,2,9000,1.00451904454
10268,10274,11822,6,1548,2,9000,1.00387596899
10278,10307,11850,29,1543,2,9000,1.01879455606
10310,10321,11865,11,1544,2,9000,1.00712435233
10320,10328,11867,8,1539,2,9000,1.00519818064
10331,10345,11877,14,1532,2,9000,1.0091383812
10342,10387,11936,45,1549,2,9000,1.02905100065
10384,10394,11941,10,1547,2,9000,1.00646412411
10394,10401,11946,7,1545,2,9000,1.00453074434
10405,10412,11952,7,1540,2,9000,1.00454545455
10416,10426,11975,10,1549,2,9000,1.00645577792
10427,10440,11973,13,1533,2,9000,1.00848010437
10437,10484,12009,47,1525,2,9000,1.03081967213
10489,10592,12128,103,1536,2,9000,1.06705729167
10592,10632,12155,40,1523,2,9000,1.02626395272
10634,10643,12189,9,1546,2,9000,1.00582147477
10645,10665,12209,20,1544,2,9000,1.01295336788
10666,10714,12242,48,1528,2,9000,1.03141361257
10717,10726,12317,9,1591,2,9000,1.00565681961
10728,10734,12332,6,1598,2,9000,1.00375469337
10739,10745,12330,6,1585,2,9000,1.00378548896
10750,10770,12346,20,1576,2,9000,1.01269035533
10771,10779,12357,8,1578,2,9000,1.00506970849
10782,10788,12350,6,1562,2,9000,1.00384122919
10792,10798,12331,6,1533,2,9000,1.00391389432
10803,10819,12351,16,1532,2,9000,1.01044386423
10824,10864,12384,40,1520,2,9000,1.02631578947
10866,10970,12514,104,1544,2,9000,1.06735751295
10969,11003,12537,34,1534,2,9000,1.0221642764
11000,11010,12551,10,1541,2,9000,1.00648929267
11011,11030,12579,19,1549,2,9000,1.01226597805
11032,11039,12582,7,1543,2,9000,1.00453661698
11043,11052,12596,9,1544,2,9000,1.00582901554
11054,11097,12649,43,1552,2,9000,1.02770618557
11095,11124,12673,29,1549,2,9000,1.01872175597
11126,11165,12727,39,1562,2,9000,1.02496798976
11168,11179,12730,11,1551,2,9000,1.00709219858
11179,11217,12764,38,1547,2,9000,1.02456367162
11220,11232,12764,12,1532,2,9000,1.00783289817
11231,11251,12778,20,1527,2,9000,1.01309757695
11252,11273,12852,21,1579,2,9000,1.01329955668
11273,11327,12907,54,1580,2,9000,1.03417721519
11325,11367,12953,42,1586,2,9000,1.02648171501
11363,11385,12942,22,1557,2,9000,1.01412973667
11384,11433,13042,49,1609,2,9000,1.03045369795
11436,11444,13034,8,1590,2,9000,1.00503144654
11447,11453,13056,6,1603,2,9000,1.00374298191
11458,11465,13093,7,1628,2,9000,1.0042997543
11469,11475,13117,6,1642,2,9000,1.00365408039
11479,11486,13112,7,1626,2,9000,1.00430504305
11490,11497,13116,7,1619,2,9000,1.00432365658
11501,11508,13142,7,1634,2,9000,1.00428396573
11512,11518,13100,6,1582,2,9000,1.00379266751
11522,11529,13094,7,1565,2,9000,1.00447284345
11533,11539,13121,6,1582,2,9000,1.00379266751
11544,11551,13157,7,1606,2,9000,1.00435865504
11555,11562,13153,7,1591,2,9000,1.00439974859
11565,11571,13161,6,1590,2,9000,1.00377358491
11576,11582,13191,6,1609,2,9000,1.00372902424
11587,11593,13218,6,1625,2,9000,1.00369230769
11598,11604,13234,6,1630,2,9000,1.0036809816
11608,11614,13241,6,1627,2,9000,1.0036877689
11619,11625,13246,6,1621,2,9000,1.00370141888
11630,11637,13245,7,1608,2,9000,1.00435323383
11640,11669,13296,29,1627,2,9000,1.01782421635
11672,11678,13271,6,1593,2,9000,1.00376647834
11682,11689,13273,7,1584,2,9000,1.00441919192
11693,11700,13305,7,1605,2,9000,1.00436137072
11704,11711,13303,7,1592,2,9000,1.00439698492
11715,11722,13345,7,1623,2,9000,1.00431300062
11726,11732,13357,6,1625,2,9000,1.00369230769
11736,11744,13362,8,1618,2,9000,1.00494437577
11747,11753,13377,6,1624,2,9000,1.00369458128
11758,11765,13398,7,1633,2,9000,1.0042865891
11769,11776,13416,7,1640,2,9000,1.00426829268
11779,11787,13403,8,1616,2,9000,1.00495049505
11790,11797,13409,7,1612,2,9000,1.00434243176
11801,11808,13432,7,1624,2,9000,1.00431034483
11812,11819,13391,7,1572,2,9000,1.00445292621
11822,11830,13395,8,1565,2,9000,1.00511182109
11833,11839,13418,6,1579,2,9000,1.00379987334
11844,11850,13441,6,1591,2,9000,1.00377121307
11855,11862,13456,7,1594,2,9000,1.00439146801
11865,11878,13489,13,1611,2,9000,1.00806952204
11876,11885,13510,9,1625,2,9000,1.00553846154
11887,11894,13503,7,1609,2,9000,1.00435052828
11898,11948,13581,50,1633,2,9000,1.03061849357
11949,11957,13580,8,1623,2,9000,1.00492914356
11960,11968,13608,8,1640,2,9000,1.00487804878
11971,11978,13600,7,1622,2,9000,1.00431565968
11982,11989,13615,7,1626,2,9000,1.00430504305
11992,11998,13628,6,1630,2,9000,1.0036809816
12003,12022,13637,19,1615,2,9000,1.01176470588
12024,12140,13719,116,1579,2,9000,1.07346421786
12137,12167,13740,30,1573,2,9000,1.01907183725
12169,12201,13791,32,1590,2,9000,1.02012578616
12200,12221,13820,21,1599,2,9000,1.01313320826
12221,12253,13881,32,1628,2,9000,1.01965601966
12225,12231,12247,6,16,1,1800,1.375
12252,12285,13905,33,1620,2,9000,1.02037037037
12283,12329,13965,46,1636,2,9000,1.02811735941
12325,12342,13971,17,1629,2,9000,1.01043585021
12346,12353,14003,7,1650,2,9000,1.00424242424
12357,12363,13999,6,1636,2,9000,1.00366748166
12367,12374,14028,7,1654,2,9000,1.00423216445
12378,12385,14009,7,1624,2,9000,1.00431034483
12382,12391,12504,9,113,1,3600,1.0796460177
12384,12397,12477,13,80,1,1800,1.1625
12389,12404,14059,15,1655,2,9000,1.00906344411
12400,12411,14041,11,1630,2,9000,1.00674846626
12410,12514,14111,104,1597,2,9000,1.06512210394
12513,12526,14112,13,1586,2,9000,1.00819672131
12524,12549,14175,25,1626,2,9000,1.01537515375
12545,12563,14176,18,1613,2,9000,1.01115933044
12566,12591,14194,25,1603,2,9000,1.01559575795
12579,12747,12869,168,122,1,3600,2.37704918033
12587,12598,14211,11,1613,2,9000,1.00681959082
12598,12608,14243,10,1635,2,9000,1.00611620795
12609,12661,14314,52,1653,2,9000,1.03145795523
12628,12752,13040,124,288,1,3600,1.43055555556
12661,12685,14314,24,1629,2,9000,1.01473296501
12682,12740,14373,58,1633,2,9000,1.03551745254
12690,12781,12897,91,116,1,1800,1.78448275862
12744,12776,14432,32,1656,2,9000,1.0193236715
12775,12791,14435,16,1644,2,9000,1.0097323601
12796,12864,14507,68,1643,2,9000,1.04138770542
12869,12879,14494,10,1615,2,9000,1.00619195046
12879,12919,14524,40,1605,2,9000,1.02492211838
12921,12954,14519,33,1565,2,9000,1.02108626198
12952,12965,14579,13,1614,2,9000,1.00805452292
12963,13047,14672,84,1625,2,9000,1.05169230769
13023,13052,13316,29,264,1,3600,1.10984848485
13046,13059,14665,13,1606,2,9000,1.00809464508
13056,13068,14709,12,1641,2,9000,1.00731261426
13067,13105,14707,38,1602,2,9000,1.02372034956
13109,13116,14733,7,1617,2,9000,1.00432900433
13119,13127,14756,8,1629,2,9000,1.00491098834
13130,13137,14772,7,1635,2,9000,1.00428134557
13141,13148,14791,7,1643,2,9000,1.00426049909
13152,13159,14786,7,1627,2,9000,1.00430239705
13163,13169,14807,6,1638,2,9000,1.00366300366
13173,13181,14832,8,1651,2,9000,1.00484554815
13184,13191,14813,7,1622,2,9000,1.00431565968
13195,13202,14771,7,1569,2,9000,1.00446144041
13206,13213,14847,7,1634,2,9000,1.00428396573
13217,13224,14872,7,1648,2,9000,1.00424757282
13227,13234,14854,7,1620,2,9000,1.00432098765
13238,13247,14904,9,1657,2,9000,1.00543150272
13249,13256,14902,7,1646,2,9000,1.0042527339
13260,13266,14898,6,1632,2,9000,1.00367647059
13271,13278,14913,7,1635,2,9000,1.00428134557
13281,13288,14909,7,1621,2,9000,1.00431832202
13285,13295,13883,10,588,1,3600,1.01700680272
13292,13302,14943,10,1641,2,9000,1.00609384522
13303,13310,14950,7,1640,2,9000,1.00426829268
13314,13321,14956,7,1635,2,9000,1.00428134557
13325,13331,14961,6,1630,2,9000,1.0036809816
13335,13357,14949,22,1592,2,9000,1.01381909548
13356,13369,15011,13,1642,2,9000,1.00791717418
13367,13376,15027,9,1651,2,9000,1.00545124167
13378,13389,15015,11,1626,2,9000,1.00676506765
13389,13403,15049,14,1646,2,9000,1.0085054678
13400,13410,15065,10,1655,2,9000,1.00604229607
13411,13417,15090,6,1673,2,9000,1.00358637179
13418,13426,13822,8,396,1,1800,1.0202020202
13421,13433,15083,12,1650,2,9000,1.00727272727
13432,13439,15073,7,1634,2,9000,1.00428396573
13443,13454,15074,11,1620,2,9000,1.00679012346
13454,13460,15089,6,1629,2,9000,1.00368324125
13465,13472,15118,7,1646,2,9000,1.0042527339
13475,13483,15101,8,1618,2,9000,1.00494437577
13486,13493,15086,7,1593,2,9000,1.00439422473
13497,13504,15139,7,1635,2,9000,1.00428134557
13508,13515,15176,7,1661,2,9000,1.00421432872
13519,13526,15193,7,1667,2,9000,1.00419916017
13529,13592,15244,63,1652,2,9000,1.03813559322
13553,13627,14201,74,574,1,3600,1.12891986063
13592,13599,15252,7,1653,2,9000,1.00423472474
13602,13613,15249,11,1636,2,9000,1.00672371638
13613,13620,15270,7,1650,2,9000,1.00424242424
13624,13640,15276,16,1636,2,9000,1.0097799511
13645,13652,15254,7,1602,2,9000,1.00436953808
13656,13731,15351,75,1620,2,9000,1.0462962963
13728,13752,15384,24,1632,2,9000,1.01470588235
13749,13803,15416,54,1613,2,9000,1.03347799132
13801,13810,15475,9,1665,2,9000,1.00540540541
13812,13818,15506,6,1688,2,9000,1.00355450237
13823,13832,15527,9,1695,2,9000,1.00530973451
13833,13840,15476,7,1636,2,9000,1.00427872861
13844,13894,15564,50,1670,2,9000,1.02994011976
13896,13917,15551,21,1634,2,9000,1.01285189718
13917,13978,15608,61,1630,2,9000,1.03742331288
13979,13987,15628,8,1641,2,9000,1.00487507617
13990,14011,15651,21,1640,2,9000,1.01280487805
14011,14017,15644,6,1627,2,9000,1.0036877689
14022,14029,15633,7,1604,2,9000,1.00436408978
14033,14040,15723,7,1683,2,9000,1.00415923945
14043,14053,15693,10,1640,2,9000,1.00609756098
14054,14071,15697,17,1626,2,9000,1.01045510455
14075,14123,15800,48,1677,2,9000,1.02862254025
14127,14134,15787,7,1653,2,9000,1.00423472474
14138,14187,15834,49,1647,2,9000,1.02975106254
14189,14197,15820,8,1623,2,9000,1.00492914356
14200,14207,15841,7,1634,2,9000,1.00428396573
14211,14218,15821,7,1603,2,9000,1.00436681223
14222,14229,15917,7,1688,2,9000,1.00414691943
14233,14256,15916,23,1660,2,9000,1.01385542169
14254,14326,15987,72,1661,2,9000,1.0433473811
14326,14333,16001,7,1668,2,9000,1.00419664269
14337,14386,16005,49,1619,2,9000,1.03026559605
14389,14444,16066,55,1622,2,9000,1.03390875462
14430,14538,14544,108,6,1,3600,11.4
14440,14451,16081,11,1630,2,9000,1.00674846626
14451,14506,16127,55,1621,2,9000,1.03392967304
14497,14543,14550,46,7,1,1800,5.3
14503,14520,16166,17,1646,2,9000,1.01032806804
14524,14531,16128,7,1597,2,9000,1.00438321853
14535,14558,16148,23,1590,2,9000,1.01446540881
14556,14591,16208,35,1617,2,9000,1.02164502165
14587,14677,16296,90,1619,2,9000,1.05558987029
14646,14685,14782,39,97,1,3600,1.40206185567
14680,14719,16365,39,1646,2,9000,1.02369380316
14688,14694,14743,6,49,1,1800,1.12244897959
14722,14729,16343,7,1614,2,9000,1.00433705081
14733,14745,16336,12,1591,2,9000,1.00754242615
14743,14768,16387,25,1619,2,9000,1.01544163064
14764,14783,16358,19,1575,2,9000,1.01206349206
14785,14793,16409,8,1616,2,9000,1.00495049505
14796,14803,16402,7,1599,2,9000,1.00437773609
14807,14813,16393,6,1580,2,9000,1.00379746835
14818,14825,16421,7,1596,2,9000,1.00438596491
14829,14836,16465,7,1629,2,9000,1.00429711479
14839,14847,16470,8,1623,2,9000,1.00492914356
14850,14856,16490,6,1634,2,9000,1.00367197062
14861,14868,16497,7,1629,2,9000,1.00429711479
14872,14878,16491,6,1613,2,9000,1.00371977681
14882,14890,16503,8,1613,2,9000,1.00495970242
14893,14910,16525,17,1615,2,9000,1.01052631579
14914,14921,16534,7,1613,2,9000,1.00433973962
14925,14932,16567,7,1635,2,9000,1.00428134557
14930,14961,15212,31,251,1,3600,1.1235059761
14936,14942,16563,6,1621,2,9000,1.00370141888
14946,14953,16582,7,1629,2,9000,1.00429711479
14957,14968,16577,11,1609,2,9000,1.00683654444
14968,14974,16598,6,1624,2,9000,1.00369458128
14970,14982,15065,12,83,1,1800,1.14457831325
14979,14989,16628,10,1639,2,9000,1.00610128127
15107,15115,15207,8,92,1,3600,1.08695652174
15329,15336,15919,7,583,1,3600,1.01200686106
15505,15512,16075,7,563,1,3600,1.01243339254
15745,15751,16010,6,259,1,1800,1.02316602317
16226,16234,16710,8,476,1,3600,1.01680672269
19843,19850,19929,7,79,1,1800,1.08860759494
20150,20157,20257,7,100,1,1800,1.07
20719,20726,21092,7,366,1,1800,1.01912568306
22188,22195,22234,7,39,1,1800,1.17948717949
22462,22468,22541,6,73,1,1800,1.08219178082
23128,23134,23371,6,237,1,1800,1.0253164557
32724,32731,32885,7,154,4,1800,1.04545454545
33539,33545,35036,6,1491,2,9000,1.00402414487
33539,33551,35051,12,1500,2,9000,1.008
33550,33563,35064,13,1501,2,9000,1.00866089274
33550,33558,35056,8,1498,2,9000,1.00534045394
33561,33569,35067,8,1498,2,9000,1.00534045394
33562,33575,35095,13,1520,2,9000,1.00855263158
33572,33582,35101,10,1519,2,9000,1.00658327847
33573,33587,35088,14,1501,2,9000,1.00932711526
33583,33594,35117,11,1523,2,9000,1.007222587
33584,33599,35107,15,1508,2,9000,1.0099469496
33594,33606,35122,12,1516,2,9000,1.00791556728
33595,33611,35129,16,1518,2,9000,1.01054018445
33606,33617,35087,11,1470,2,9000,1.0074829932
33616,33623,35106,7,1483,2,9000,1.00472016183
33617,33629,35119,12,1490,2,9000,1.00805369128
33627,33636,35134,9,1498,2,9000,1.00600801068
33628,33641,35153,13,1512,2,9000,1.0085978836
33639,33647,35144,8,1497,2,9000,1.00534402138
33639,33653,35157,14,1504,2,9000,1.00930851064
33650,33659,35179,9,1520,2,9000,1.00592105263
33650,33665,35182,15,1517,2,9000,1.00988793672
33661,33672,35192,11,1520,2,9000,1.00723684211
33661,33677,35230,16,1553,2,9000,1.01030264005
33672,33684,35227,12,1543,2,9000,1.00777705768
33673,33689,35181,16,1492,2,9000,1.01072386059
33683,33696,35160,13,1464,2,9000,1.00887978142
33694,33703,35180,9,1477,2,9000,1.00609343263
33695,33708,35203,13,1495,2,9000,1.00869565217
33705,33715,35196,10,1481,2,9000,1.00675219446
33706,33720,35216,14,1496,2,9000,1.00935828877
33717,33732,35263,15,1531,2,9000,1.00979751796
33717,33726,35244,9,1518,2,9000,1.00592885375
33728,33744,35269,16,1525,2,9000,1.01049180328
33728,33739,35262,11,1523,2,9000,1.007222587
33739,33750,35265,11,1515,2,9000,1.00726072607
33740,33756,35258,16,1502,2,9000,1.01065246338
33751,33768,35235,17,1467,2,9000,1.01158827539
33751,33762,35285,11,1523,2,9000,1.007222587
33762,33775,35240,13,1465,2,9000,1.00887372014
33773,33787,35295,14,1508,2,9000,1.00928381963
33773,33782,35251,9,1469,2,9000,1.00612661675
33784,33794,35284,10,1490,2,9000,1.0067114094
33795,33802,35289,7,1487,2,9000,1.00470746469
33805,33813,35305,8,1492,2,9000,1.00536193029
33816,33823,35324,7,1501,2,9000,1.00466355763
33827,33834,35345,7,1511,2,9000,1.00463269358
33838,33845,35374,7,1529,2,9000,1.00457815566
33848,33855,35386,7,1531,2,9000,1.00457217505
33859,33866,35371,7,1505,2,9000,1.00465116279
33870,33877,35395,7,1518,2,9000,1.0046113307
33881,33888,35419,7,1531,2,9000,1.00457217505
33891,33899,35379,8,1480,2,9000,1.00540540541
33902,33909,35381,7,1472,2,9000,1.00475543478
33913,33920,35405,7,1485,2,9000,1.00471380471
33924,33931,35419,7,1488,2,9000,1.00470430108
33934,33942,35456,8,1514,2,9000,1.00528401585
33945,33951,35426,6,1475,2,9000,1.00406779661
33956,33962,35461,6,1499,2,9000,1.00400266845
33967,33973,35503,6,1530,2,9000,1.00392156863
33977,33984,35509,7,1525,2,9000,1.00459016393
33988,34258,35795,270,1537,2,9000,1.17566688354
34255,34264,35807,9,1543,2,9000,1.00583279326
34266,34273,35806,7,1533,2,9000,1.00456621005
34276,34283,35817,7,1534,2,9000,1.00456323338
34287,34293,35751,6,1458,2,9000,1.00411522634
34298,34305,35774,7,1469,2,9000,1.00476514636
34309,34316,35778,7,1462,2,9000,1.0047879617
34320,34327,35805,7,1478,2,9000,1.00473612991
34330,34337,35828,7,1491,2,9000,1.00469483568
34341,34348,35848,7,1500,2,9000,1.00466666667
34352,34359,35856,7,1497,2,9000,1.0046760187
34363,34369,35889,6,1520,2,9000,1.00394736842
34373,35048,36587,675,1539,2,9000,1.43859649123
35050,35063,36516,13,1453,2,9000,1.00894700619
35061,35070,36541,9,1471,2,9000,1.00611828688
35072,35079,36561,7,1482,2,9000,1.00472334683
35083,35089,36570,6,1481,2,9000,1.00405131668
35093,35101,36588,8,1487,2,9000,1.00537995965
35104,35111,36608,7,1497,2,9000,1.0046760187
35115,35121,36631,6,1510,2,9000,1.00397350993
35126,35133,36658,7,1525,2,9000,1.00459016393
35137,35143,36680,6,1537,2,9000,1.00390370852
35147,35155,36693,8,1538,2,9000,1.00520156047
35158,35165,36687,7,1522,2,9000,1.00459921156
35169,35175,36709,6,1534,2,9000,1.00391134289
35180,35187,36728,7,1541,2,9000,1.00454250487
35190,35198,36748,8,1550,2,9000,1.00516129032
35201,35208,36763,7,1555,2,9000,1.00450160772
35212,35218,36700,6,1482,2,9000,1.004048583
35223,35230,36686,7,1456,2,9000,1.00480769231
35233,35240,36711,7,1471,2,9000,1.00475866757
35244,35250,36728,6,1478,2,9000,1.00405953992
35255,35262,36753,7,1491,2,9000,1.00469483568
35265,35272,36783,7,1511,2,9000,1.00463269358
35276,35282,36801,6,1519,2,9000,1.00394996708
35287,35293,36817,6,1524,2,9000,1.00393700787
35298,35305,36840,7,1535,2,9000,1.00456026059
35308,35315,36836,7,1521,2,9000,1.00460223537
35319,35326,36867,7,1541,2,9000,1.00454250487
35330,35336,36877,6,1541,2,9000,1.0038935756
35340,35347,36893,7,1546,2,9000,1.00452781371
35351,35359,36922,8,1563,2,9000,1.00511836212
35362,35369,36847,7,1478,2,9000,1.00473612991
35373,35379,36843,6,1464,2,9000,1.00409836066
35383,35391,36856,8,1465,2,9000,1.00546075085
35394,35401,36868,7,1467,2,9000,1.00477164281
35405,35411,36919,6,1508,2,9000,1.00397877984
35415,35423,36938,8,1515,2,9000,1.00528052805
35426,35433,36953,7,1520,2,9000,1.00460526316
35437,35444,36964,7,1520,2,9000,1.00460526316
35448,35454,36989,6,1535,2,9000,1.00390879479
35458,35465,36998,7,1533,2,9000,1.00456621005
35469,35476,37021,7,1545,2,9000,1.00453074434
35480,35486,37052,6,1566,2,9000,1.00383141762
35482,35493,35508,11,15,32,3600,1.73333333333
35490,35515,36985,25,1470,2,9000,1.01700680272
35511,35522,36985,11,1463,2,9000,1.00751879699
35522,35529,37003,7,1474,2,9000,1.00474898236
35533,35539,37044,6,1505,2,9000,1.00398671096
35544,35551,37050,7,1499,2,9000,1.00466977985
35546,35558,40972,12,5414,4,7200,1.0022164758
35554,35565,37041,11,1476,2,9000,1.00745257453
35561,41995,45613,6434,3618,32,3600,2.77833056938
35565,35571,37095,6,1524,2,9000,1.00393700787
35576,35582,37106,6,1524,2,9000,1.00393700787
35587,35594,37129,7,1535,2,9000,1.00456026059
35597,35604,37124,7,1520,2,9000,1.00460526316
35608,35615,37157,7,1542,2,9000,1.00453955901
35619,35625,37094,6,1469,2,9000,1.00408441116
35629,35636,37097,7,1461,2,9000,1.00479123888
35640,35647,37130,7,1483,2,9000,1.00472016183
35651,35658,37145,7,1487,2,9000,1.00470746469
35662,35669,37154,7,1485,2,9000,1.00471380471
35672,35763,37240,91,1477,2,9000,1.06161137441
35765,35787,37285,22,1498,2,9000,1.01468624833
35786,35794,37309,8,1515,2,9000,1.00528052805
35797,35806,37338,9,1532,2,9000,1.00587467363
35808,35817,37363,9,1546,2,9000,1.00582147477
35818,35825,37297,7,1472,2,9000,1.00475543478
35829,35835,37288,6,1453,2,9000,1.00412938747
35840,35846,37324,6,1478,2,9000,1.00405953992
35851,35857,37361,6,1504,2,9000,1.0039893617
35861,35868,37384,7,1516,2,9000,1.00461741425
35872,35878,37385,6,1507,2,9000,1.00398142004
35883,35901,37432,18,1531,2,9000,1.01175702155
35904,36528,38068,624,1540,2,9000,1.40519480519
36530,36553,38061,23,1508,2,9000,1.01525198939
36551,36574,38071,23,1497,2,9000,1.01536406146
36572,36583,38102,11,1519,2,9000,1.00724160632
36582,36599,38089,17,1490,2,9000,1.01140939597
36603,36610,38102,7,1492,2,9000,1.00469168901
36614,36622,38119,8,1497,2,9000,1.00534402138
36625,36643,38138,18,1495,2,9000,1.01204013378
36646,36670,38186,24,1516,2,9000,1.01583113456
36667,36692,38218,25,1526,2,9000,1.01638269987
36688,36699,38227,11,1528,2,9000,1.00719895288
36699,36706,38248,7,1542,2,9000,1.00453955901
36709,36717,38213,8,1496,2,9000,1.00534759358
36720,36727,38212,7,1485,2,9000,1.00471380471
36731,36737,38235,6,1498,2,9000,1.00400534045
36742,36749,38261,7,1512,2,9000,1.00462962963
36752,36759,38294,7,1535,2,9000,1.00456026059
36763,36769,38279,6,1510,2,9000,1.00397350993
36774,36781,38313,7,1532,2,9000,1.0045691906
36784,36791,38356,7,1565,2,9000,1.00447284345
36795,36803,38353,8,1550,2,9000,1.00516129032
36803,36810,38389,7,1579,2,9000,1.00443318556
36814,36820,38385,6,1565,2,9000,1.00383386581
36825,36831,38400,6,1569,2,9000,1.00382409178
36836,36848,38431,12,1583,2,9000,1.00758054327
36846,36854,38410,8,1556,2,9000,1.00514138817
36857,36864,38468,7,1604,2,9000,1.00436408978
36868,36874,38434,6,1560,2,9000,1.00384615385
36879,36886,38509,7,1623,2,9000,1.00431300062
36889,36896,38470,7,1574,2,9000,1.00444726811
36900,36906,38522,6,1616,2,9000,1.00371287129
36911,36917,38523,6,1606,2,9000,1.00373599004
36922,36929,38499,7,1570,2,9000,1.00445859873
36932,36940,38554,8,1614,2,9000,1.00495662949
36943,36950,38577,7,1627,2,9000,1.00430239705
36954,36961,38579,7,1618,2,9000,1.0043263288
36965,36972,38515,7,1543,2,9000,1.00453661698
36975,36983,38601,8,1618,2,9000,1.00494437577
36986,36997,38626,11,1629,2,9000,1.00675260896
36997,37003,38628,6,1625,2,9000,1.00369230769
37008,37014,38645,6,1631,2,9000,1.00367872471
37018,37025,38638,7,1613,2,9000,1.00433973962
37029,37036,38575,7,1539,2,9000,1.00454840806
37040,37046,38674,6,1628,2,9000,1.00368550369
37051,37057,38674,6,1617,2,9000,1.00371057514
37061,37068,38705,7,1637,2,9000,1.00427611484
37072,37079,38721,7,1642,2,9000,1.00426309379
37083,37090,38740,7,1650,2,9000,1.00424242424
37093,37106,38747,13,1641,2,9000,1.00792199878
37104,37113,38750,9,1637,2,9000,1.00549786194
37115,37122,38665,7,1543,2,9000,1.00453661698
37126,37133,38750,7,1617,2,9000,1.00432900433
37136,37144,38775,8,1631,2,9000,1.00490496628
37147,37154,38798,7,1644,2,9000,1.00425790754
37158,37165,38810,7,1645,2,9000,1.00425531915
37169,37176,38820,7,1644,2,9000,1.00425790754
37179,37186,38826,7,1640,2,9000,1.00426829268
37190,37197,38837,7,1640,2,9000,1.00426829268
37201,37252,38908,51,1656,2,9000,1.03079710145
37253,37297,38938,44,1641,2,9000,1.02681291895
37294,37304,38833,10,1529,2,9000,1.00654022237
37305,37312,38926,7,1614,2,9000,1.00433705081
37316,37323,38951,7,1628,2,9000,1.0042997543
37326,37336,38955,10,1619,2,9000,1.00617665225
37337,37351,38984,14,1633,2,9000,1.0085731782
37348,37373,39012,25,1639,2,9000,1.01525320317
37369,37380,39024,11,1644,2,9000,1.00669099757
37380,37397,39045,17,1648,2,9000,1.01031553398
37401,37408,39035,7,1627,2,9000,1.00430239705
37411,37445,39053,34,1608,2,9000,1.02114427861
37443,38073,39687,630,1614,2,9000,1.39033457249
38079,38085,39701,6,1616,2,9000,1.00371287129
38089,38097,39721,8,1624,2,9000,1.00492610837
38100,38106,39605,6,1499,2,9000,1.00400266845
38111,38117,39716,6,1599,2,9000,1.00375234522
38122,38129,39743,7,1614,2,9000,1.00433705081
38133,38139,39799,6,1660,2,9000,1.00361445783
38143,38150,39764,7,1614,2,9000,1.00433705081
38154,38198,39816,44,1618,2,9000,1.02719406675
38196,38225,39837,29,1612,2,9000,1.01799007444
38227,38233,39843,6,1610,2,9000,1.00372670807
38238,38244,39874,6,1630,2,9000,1.0036809816
38249,38255,39869,6,1614,2,9000,1.00371747212
38260,38266,39893,6,1627,2,9000,1.0036877689
38270,38277,39874,7,1597,2,9000,1.00438321853
38281,38287,39884,6,1597,2,9000,1.00375704446
38292,38298,39913,6,1615,2,9000,1.00371517028
38303,38309,39918,6,1609,2,9000,1.00372902424
38314,38325,39948,11,1623,2,9000,1.0067775724
38324,38365,39983,41,1618,2,9000,1.02533992583
38366,38373,40000,7,1627,2,9000,1.00430239705
38377,38398,40035,21,1637,2,9000,1.01282834453
38398,38404,39997,6,1593,2,9000,1.00376647834
38409,38415,40026,6,1611,2,9000,1.00372439479
38419,38426,40035,7,1609,2,9000,1.00435052828
38430,38443,40069,13,1626,2,9000,1.00799507995
38441,38450,40107,9,1657,2,9000,1.00543150272
38452,38480,40097,28,1617,2,9000,1.01731601732
38483,38489,40117,6,1628,2,9000,1.00368550369
38494,38511,40123,17,1612,2,9000,1.01054590571
38515,38521,40128,6,1607,2,9000,1.00373366521
38525,38532,40094,7,1562,2,9000,1.00448143406
38536,38542,40115,6,1573,2,9000,1.00381436745
38547,38554,40172,7,1618,2,9000,1.0043263288
38558,38567,40166,9,1599,2,9000,1.00562851782
38568,38587,40188,19,1601,2,9000,1.01186758276
38589,38597,40203,8,1606,2,9000,1.00498132005
38600,38607,40223,7,1616,2,9000,1.00433168317
38611,38618,40225,7,1607,2,9000,1.00435594275
38622,38638,40238,16,1600,2,9000,1.01
38643,38650,40248,7,1598,2,9000,1.00438047559
38654,38661,40270,7,1609,2,9000,1.00435052828
38664,38672,40254,8,1582,2,9000,1.00505689001
38675,38681,40233,6,1552,2,9000,1.00386597938
38686,38692,40256,6,1564,2,9000,1.00383631714
38697,38704,40231,7,1527,2,9000,1.00458415193
38708,38717,40316,9,1599,2,9000,1.00562851782
38718,38734,40330,16,1596,2,9000,1.01002506266
38739,38752,40347,13,1595,2,9000,1.00815047022
38750,38759,40373,9,1614,2,9000,1.00557620818
38761,38768,40365,7,1597,2,9000,1.00438321853
38772,38778,40386,6,1608,2,9000,1.00373134328
38783,38789,40390,6,1601,2,9000,1.00374765771
38793,38810,40405,17,1595,2,9000,1.01065830721
38814,38821,40401,7,1580,2,9000,1.00443037975
38825,38832,40434,7,1602,2,9000,1.00436953808
38836,38843,40392,7,1549,2,9000,1.00451904454
38847,38853,40373,6,1520,2,9000,1.00394736842
38858,38865,40386,7,1521,2,9000,1.00460223537
38869,38920,40410,51,1490,2,9000,1.03422818792
38921,38939,40396,18,1457,2,9000,1.01235415237
38942,38951,40551,9,1600,2,9000,1.005625
38953,38963,40550,10,1587,2,9000,1.00630119723
38963,38970,40595,7,1625,2,9000,1.00430769231
38974,38996,40601,22,1605,2,9000,1.01370716511
38995,39025,40622,30,1597,2,9000,1.01878522229
39026,39035,40610,9,1575,2,9000,1.00571428571
39037,39047,40633,10,1586,2,9000,1.00630517024
39048,39058,40642,10,1584,2,9000,1.00631313131
39058,39065,40642,7,1577,2,9000,1.00443880786
39069,39617,41197,548,1580,2,9000,1.34683544304
39613,39699,41319,86,1620,2,9000,1.05308641975
39696,39713,41342,17,1629,2,9000,1.01043585021
39717,39728,41357,11,1629,2,9000,1.00675260896
39728,39735,41372,7,1637,2,9000,1.00427611484
39739,39756,41398,17,1642,2,9000,1.01035322777
39759,39776,41408,17,1632,2,9000,1.01041666667
39780,39811,41416,31,1605,2,9000,1.01931464174
39812,39829,41456,17,1627,2,9000,1.01044867855
39833,39850,41458,17,1608,2,9000,1.0105721393
39854,39860,41485,6,1625,2,9000,1.00369230769
39864,39881,41490,17,1609,2,9000,1.01056556868
39885,39893,41526,8,1633,2,9000,1.00489895897
39896,39902,41526,6,1624,2,9000,1.00369458128
39907,39913,41537,6,1624,2,9000,1.00369458128
39918,39925,41563,7,1638,2,9000,1.00427350427
39928,39934,41544,6,1610,2,9000,1.00372670807
39939,39945,41565,6,1620,2,9000,1.0037037037
39950,39960,41569,10,1609,2,9000,1.0062150404
39960,39996,41607,36,1611,2,9000,1.02234636872
39992,40009,41627,17,1618,2,9000,1.01050679852
40013,40019,41633,6,1614,2,9000,1.00371747212
40023,40039,41651,16,1612,2,9000,1.00992555831
40034,40048,41652,14,1604,2,9000,1.00872817955
40045,40055,41684,10,1629,2,9000,1.00613873542
40056,40082,41704,26,1622,2,9000,1.01602959309
40087,40106,41728,19,1622,2,9000,1.01171393342
40108,40115,41733,7,1618,2,9000,1.0043263288
40118,40126,41739,8,1613,2,9000,1.00495970242
40129,40137,41736,8,1599,2,9000,1.00500312695
40140,40146,41754,6,1608,2,9000,1.00373134328
40151,40157,41755,6,1598,2,9000,1.00375469337
40161,40167,41774,6,1607,2,9000,1.00373366521
40172,40180,41846,8,1666,2,9000,1.00480192077
40183,40189,41800,6,1611,2,9000,1.00372439479
40194,40200,41814,6,1614,2,9000,1.00371747212
40204,40215,41840,11,1625,2,9000,1.00676923077
40215,40235,41825,20,1590,2,9000,1.01257861635
40236,40244,41847,8,1603,2,9000,1.00499064255
40247,40253,41852,6,1599,2,9000,1.00375234522
40258,40264,41877,6,1613,2,9000,1.00371977681
40268,40274,41897,6,1623,2,9000,1.00369685767
40279,40286,41895,7,1609,2,9000,1.00435052828
40290,40296,41902,6,1606,2,9000,1.00373599004
40300,40308,41934,8,1626,2,9000,1.0049200492
40311,40318,41938,7,1620,2,9000,1.00432098765
40322,40328,41949,6,1621,2,9000,1.00370141888
40333,40342,41923,9,1581,2,9000,1.00569259962
40343,40359,41955,16,1596,2,9000,1.01002506266
40354,40377,41982,23,1605,2,9000,1.01433021807
40375,40386,41962,11,1576,2,9000,1.00697969543
40386,40392,41975,6,1583,2,9000,1.00379027164
40397,40403,41983,6,1580,2,9000,1.00379746835
40407,40415,41997,8,1582,2,9000,1.00505689001
40419,40426,42030,7,1604,2,9000,1.00436408978
40430,40436,42031,6,1595,2,9000,1.00376175549
40441,40447,42067,6,1620,2,9000,1.0037037037
40451,40457,42048,6,1591,2,9000,1.00377121307
40462,40469,42066,7,1597,2,9000,1.00438321853
40473,40480,42101,7,1621,2,9000,1.00431832202
40484,40491,42113,7,1622,2,9000,1.00431565968
40494,40562,42136,68,1574,2,9000,1.04320203304
40567,40574,42169,7,1595,2,9000,1.00438871473
40577,40607,42178,30,1571,2,9000,1.01909611712
40609,40616,42198,7,1582,2,9000,1.00442477876
40619,40625,42200,6,1575,2,9000,1.00380952381
40630,40637,42226,7,1589,2,9000,1.00440528634
40641,40647,42227,6,1580,2,9000,1.00379746835
40652,40658,42259,6,1601,2,9000,1.00374765771
40662,40670,42251,8,1581,2,9000,1.00506008855
40673,41210,42804,537,1594,2,9000,1.33688833124
41030,41537,41680,507,143,4,120,4.54545454545
41233,41331,42867,98,1536,2,9000,1.06380208333
41326,41355,42925,29,1570,2,9000,1.01847133758
41357,41369,42912,12,1543,2,9000,1.00777705768
41368,41384,42892,16,1508,2,9000,1.01061007958
41389,41410,42959,21,1549,2,9000,1.01355713363
41410,41420,42930,10,1510,2,9000,1.00662251656
41421,41428,42947,7,1519,2,9000,1.00460829493
41432,41468,43009,36,1541,2,9000,1.0233614536
41464,41475,42992,11,1517,2,9000,1.00725115359
41474,41498,42998,24,1500,2,9000,1.016
41496,41505,43038,9,1533,2,9000,1.00587084149
41506,41549,43089,43,1540,2,9000,1.02792207792
41548,41556,43064,8,1508,2,9000,1.00530503979
41559,41576,43102,17,1526,2,9000,1.01114023591
41580,41587,43146,7,1559,2,9000,1.00449005773
41591,41598,43125,7,1527,2,9000,1.00458415193
41601,41619,43156,18,1537,2,9000,1.01171112557
41623,41639,43170,16,1531,2,9000,1.01045068583
41644,41651,43187,7,1536,2,9000,1.00455729167
41654,41664,43220,10,1556,2,9000,1.00642673522
41659,41692,41702,33,10,5,14400,4.3
41675,41721,41723,46,2,5,14400,4.8
41675,41714,41716,39,2,5,14400,4.1
41676,41728,41730,52,2,5,14400,5.4
41677,41742,41744,65,2,5,14400,6.7
41677,41735,41737,58,2,5,14400,6.0
41678,41749,41751,71,2,5,14400,7.3
41679,41754,41757,75,3,5,14400,7.8
41679,41762,41764,83,2,5,14400,8.5
41680,41769,41771,89,2,5,14400,9.1
41768,41776,43296,8,1520,2,9000,1.00526315789
41778,41785,43304,7,1519,2,9000,1.00460829493
41789,41795,43302,6,1507,2,9000,1.00398142004
41800,41807,43335,7,1528,2,9000,1.00458115183
41811,41818,43337,7,1519,2,9000,1.00460829493
41822,41828,43381,6,1553,2,9000,1.00386349002
41832,41838,43387,6,1549,2,9000,1.00387346675
41840,41847,41852,7,5,5,14400,1.2
41841,41859,41863,18,4,5,14400,2.2
41841,41852,41858,11,6,5,14400,1.7
41842,41864,41869,22,5,5,14400,2.7
41842,41871,41875,29,4,5,14400,3.3
41843,41877,41880,34,3,5,14400,3.7
41844,41882,41886,38,4,5,14400,4.2
41844,41889,41893,45,4,5,14400,4.9
41845,41895,41899,50,4,5,14400,5.4
41894,41902,43457,8,1555,2,9000,1.00514469453
41905,41912,43441,7,1529,2,9000,1.00457815566
41916,41922,43412,6,1490,2,9000,1.00402684564
41927,41933,43451,6,1518,2,9000,1.00395256917
41938,41945,43444,7,1499,2,9000,1.00466977985
41948,41955,43456,7,1501,2,9000,1.00466355763
41959,41965,43473,6,1508,2,9000,1.00397877984
41970,41976,43511,6,1535,2,9000,1.00390879479
41981,41987,43529,6,1542,2,9000,1.00389105058
41991,42001,43552,10,1551,2,9000,1.00644745326
42002,42009,43557,7,1548,2,9000,1.00452196382
42013,42020,43500,7,1480,2,9000,1.00472972973
42024,42042,43519,18,1477,2,9000,1.01218686527
42045,42052,43538,7,1486,2,9000,1.00471063257
42056,42063,43588,7,1525,2,9000,1.00459016393
42066,42084,43620,18,1536,2,9000,1.01171875
42087,42094,43613,7,1519,2,9000,1.00460829493
42098,42113,43648,15,1535,2,9000,1.00977198697
42109,42125,43667,16,1542,2,9000,1.01037613489
42130,42148,43699,18,1551,2,9000,1.01160541586
42151,42182,43717,31,1535,2,9000,1.02019543974
42182,42191,43667,9,1476,2,9000,1.00609756098
42193,42210,43675,17,1465,2,9000,1.01160409556
42214,42221,43720,7,1499,2,9000,1.00466977985
42225,42238,43749,13,1511,2,9000,1.00860357379
42236,42245,43767,9,1522,2,9000,1.00591327201
42240,42270,42275,30,5,5,14400,3.5
42267,42287,43792,20,1505,2,9000,1.01328903654
42288,42295,43806,7,1511,2,9000,1.00463269358
42299,42817,44348,518,1531,2,9000,1.33834095363
42529,42904,42958,375,54,5,14400,7.94444444444
42904,42924,44389,20,1465,2,9000,1.01365187713
42925,42937,44446,12,1509,2,9000,1.00795228628
42936,42944,44443,8,1499,2,9000,1.00533689126
42947,42959,44471,12,1512,2,9000,1.00793650794
42957,42970,44469,13,1499,2,9000,1.0086724483
42968,42977,44515,9,1538,2,9000,1.00585175553
42979,42986,44510,7,1524,2,9000,1.00459317585
42989,43003,44547,14,1544,2,9000,1.00906735751
43000,43011,44533,11,1522,2,9000,1.00722733246
43011,43021,44466,10,1445,2,9000,1.00692041522
43022,43051,44499,29,1448,2,9000,1.02002762431
43053,43076,44538,23,1462,2,9000,1.01573187415
43074,43101,44558,27,1457,2,9000,1.01853122855
43105,43114,44600,9,1486,2,9000,1.00605652759
43116,43137,44600,21,1463,2,9000,1.01435406699
43137,43158,44657,21,1499,2,9000,1.01400933956
43158,43168,44655,10,1487,2,9000,1.00672494956
43159,43268,43317,109,49,5,14400,3.22448979592
43159,43199,43256,40,57,5,14400,1.70175438596
43160,43314,43368,154,54,5,14400,3.85185185185
43160,43329,43389,169,60,5,14400,3.81666666667
43161,43347,43390,186,43,5,14400,5.32558139535
43161,43380,43390,219,10,5,14400,22.9
43271,43575,43723,304,148,4,120,3.05405405405
43394,43400,44910,6,1510,2,9000,1.00397350993
43405,43411,44919,6,1508,2,9000,1.00397877984
43415,43423,44880,8,1457,2,9000,1.00549073439
43426,43433,44897,7,1464,2,9000,1.00478142077
43433,43445,43499,12,54,5,14400,1.22222222222
43433,43439,43490,6,51,5,14400,1.11764705882
43434,43452,43507,18,55,5,14400,1.32727272727
43434,43463,43515,29,52,5,14400,1.55769230769
43435,43470,43522,35,52,5,14400,1.67307692308
43436,43502,43550,66,48,5,14400,2.375
43436,43511,43559,75,48,5,14400,2.5625
43437,43520,43568,83,48,5,14400,2.72916666667
43437,43527,43579,90,52,5,14400,2.73076923077
43529,43535,45019,6,1484,2,9000,1.00404312668
43540,43547,45041,7,1494,2,9000,1.0046854083
43550,43558,45037,8,1479,2,9000,1.00540906018
43561,43568,45055,7,1487,2,9000,1.00470746469
43572,43582,45072,10,1490,2,9000,1.0067114094
43583,43589,45094,6,1505,2,9000,1.00398671096
43593,43600,45114,7,1514,2,9000,1.00462351387
43604,43610,45136,6,1526,2,9000,1.00393184797
43615,43622,45135,7,1513,2,9000,1.00462656973
43626,43632,45052,6,1420,2,9000,1.00422535211
43636,43642,45121,6,1479,2,9000,1.00405679513
43647,43654,45138,7,1484,2,9000,1.00471698113
43658,43664,45134,6,1470,2,9000,1.00408163265
43668,43676,45155,8,1479,2,9000,1.00540906018
43679,43686,45160,7,1474,2,9000,1.00474898236
43690,43696,45186,6,1490,2,9000,1.00402684564
43701,43708,45185,7,1477,2,9000,1.00473933649
43711,43718,45212,7,1494,2,9000,1.0046854083
43722,43729,45241,7,1512,2,9000,1.00462962963
43730,43738,43904,8,166,4,120,1.04819277108
43733,43745,45240,12,1495,2,9000,1.00802675585
43743,43752,45248,9,1496,2,9000,1.00601604278
43754,43761,45173,7,1412,2,9000,1.00495750708
43765,43771,45226,6,1455,2,9000,1.00412371134
43775,43782,45257,7,1475,2,9000,1.00474576271
43786,43793,45248,7,1455,2,9000,1.00481099656
43797,43803,45267,6,1464,2,9000,1.00409836066
43807,43814,45304,7,1490,2,9000,1.00469798658
43818,43825,45322,7,1497,2,9000,1.0046760187
43829,43835,45328,6,1493,2,9000,1.00401875419
43839,43847,45353,8,1506,2,9000,1.00531208499
43850,43916,45404,66,1488,2,9000,1.04435483871
43850,43857,43948,7,91,5,14400,1.07692307692
43953,43960,45440,7,1480,2,9000,1.00472972973
43964,43970,45422,6,1452,2,9000,1.0041322314
43974,43980,45433,6,1453,2,9000,1.00412938747
43985,44360,45797,375,1437,2,9000,1.26096033403
44037,44455,44529,418,74,5,14400,6.64864864865
44038,44512,44529,474,17,5,14400,28.8823529412
44038,44528,44743,490,215,5,14400,3.27906976744
44039,44546,44743,507,197,5,14400,3.57360406091
44039,44541,44743,502,202,5,14400,3.48514851485
44040,44611,44743,571,132,5,14400,5.32575757576
44040,44559,44743,519,184,5,14400,3.82065217391
44041,44635,44743,594,108,5,14400,6.5
44042,44670,44743,628,73,5,14400,9.60273972603
44087,44478,44622,391,144,4,120,3.71527777778
44665,44755,44893,90,138,4,120,1.65217391304
44887,44893,45121,6,228,5,14400,1.02631578947
44888,44906,45121,18,215,5,14400,1.08372093023
44888,44899,45121,11,222,5,14400,1.04954954955
44889,44911,45121,22,210,5,14400,1.10476190476
44890,44916,45121,26,205,5,14400,1.12682926829
44890,44922,45121,32,199,5,14400,1.1608040201
44891,44934,45121,43,187,5,14400,1.22994652406
44891,44927,45121,36,194,5,14400,1.18556701031
44892,45031,45121,139,90,5,14400,2.54444444444
45093,45133,45269,40,136,4,120,1.29411764706
45452,45458,45500,6,42,5,14400,1.14285714286
45452,45464,45500,12,36,5,14400,1.33333333333
45453,45471,45500,18,29,5,14400,1.62068965517
45454,45476,45500,22,24,5,14400,1.91666666667
45454,45481,45500,27,19,5,14400,2.42105263158
45455,45487,45501,32,14,5,14400,3.28571428571
45455,45492,45500,37,8,5,14400,4.5
45456,45498,45500,42,2,5,14400,4.4
45457,45503,45504,46,1,5,14400,4.7
45493,45510,45651,17,141,4,120,1.12056737589
45646,45658,47066,12,1408,2,9000,1.00852272727
45646,45652,47008,6,1356,2,9000,1.00442477876
45657,45670,47091,13,1421,2,9000,1.00914848698
45657,45665,47058,8,1393,2,9000,1.00574300072
45668,45676,47109,8,1433,2,9000,1.00558269365
45668,45682,47120,14,1438,2,9000,1.00973574409
45679,45689,47135,10,1446,2,9000,1.00691562932
45680,45694,47141,14,1447,2,9000,1.00967519005
45690,45701,47168,11,1467,2,9000,1.00749829584
45691,45706,47181,15,1475,2,9000,1.01016949153
45701,45713,47246,12,1533,2,9000,1.00782778865
45702,45718,47119,16,1401,2,9000,1.01142041399
45713,45725,47155,12,1430,2,9000,1.00839160839
45723,45732,47184,9,1452,2,9000,1.00619834711
45724,45737,47197,13,1460,2,9000,1.00890410959
45735,45744,47196,9,1452,2,9000,1.00619834711
45735,45749,47198,14,1449,2,9000,1.00966183575
45746,45755,47214,9,1459,2,9000,1.00616860864
45746,45761,47237,15,1476,2,9000,1.01016260163
45757,45773,47252,16,1479,2,9000,1.01081812035
45757,45768,47229,11,1461,2,9000,1.00752908966
45768,45780,47258,12,1478,2,9000,1.00811907984
45769,45785,47285,16,1500,2,9000,1.01066666667
45779,45791,47239,12,1448,2,9000,1.00828729282
45790,45798,47230,8,1432,2,9000,1.00558659218
45791,45803,47253,12,1450,2,9000,1.00827586207
45801,45810,47265,9,1455,2,9000,1.00618556701
45802,45815,47265,13,1450,2,9000,1.00896551724
45812,45822,47306,10,1484,2,9000,1.00673854447
45813,45827,47295,14,1468,2,9000,1.00953678474
45824,45833,47334,9,1501,2,9000,1.00599600266
45824,45839,47344,15,1505,2,9000,1.00996677741
45835,45851,47363,16,1512,2,9000,1.01058201058
45835,45846,47363,11,1517,2,9000,1.00725115359
45846,45857,47406,11,1549,2,9000,1.00710135571
45847,45863,47284,16,1421,2,9000,1.01125967628
45857,45870,47314,13,1444,2,9000,1.00900277008
45868,45877,47371,9,1494,2,9000,1.00602409639
45869,45882,47343,13,1461,2,9000,1.00889801506
45879,45889,47346,10,1457,2,9000,1.00686341798
45880,45894,47353,14,1459,2,9000,1.00959561343
45891,45900,47395,9,1495,2,9000,1.00602006689
45901,45907,47400,6,1493,2,9000,1.00401875419
45912,45918,47431,6,1513,2,9000,1.0039656312
45923,45930,47451,7,1521,2,9000,1.00460223537
45934,45940,47382,6,1442,2,9000,1.00416088766
45944,45950,47391,6,1441,2,9000,1.00416377516
45955,45962,47412,7,1450,2,9000,1.00482758621
45966,45972,47423,6,1451,2,9000,1.00413507926
45976,45984,47444,8,1460,2,9000,1.00547945205
45987,45993,47455,6,1462,2,9000,1.00410396717
45998,46004,47482,6,1478,2,9000,1.00405953992
46008,46016,47510,8,1494,2,9000,1.00535475234
46019,46025,47580,6,1555,2,9000,1.0038585209
46030,46037,47459,7,1422,2,9000,1.00492264416
46041,46048,47476,7,1428,2,9000,1.00490196078
46051,46058,47513,7,1455,2,9000,1.00481099656
46062,46069,47531,7,1462,2,9000,1.0047879617
46073,46080,47547,7,1467,2,9000,1.00477164281
46084,46091,47563,7,1472,2,9000,1.00475543478
46094,46100,47583,6,1483,2,9000,1.004045853
46105,46111,47536,6,1425,2,9000,1.00421052632
46116,46123,47544,7,1421,2,9000,1.00492610837
46126,46134,47560,8,1426,2,9000,1.00561009818
46137,46143,47598,6,1455,2,9000,1.00412371134
46148,46154,47609,6,1455,2,9000,1.00412371134
46159,46166,47629,7,1463,2,9000,1.004784689
46169,46177,47572,8,1395,2,9000,1.00573476703
46180,46187,47588,7,1401,2,9000,1.00499643112
46191,46198,47611,7,1413,2,9000,1.00495399858
46202,46209,47640,7,1431,2,9000,1.00489168414
46212,46218,47674,6,1456,2,9000,1.00412087912
46223,47020,48389,797,1369,2,9000,1.58217677137
46239,46246,47820,7,1574,1,7200,1.00444726811
46290,47070,49191,780,2121,1,7200,1.36775106082
46431,47130,47249,699,119,4,120,6.87394957983
46472,47104,51409,632,4305,5,14400,1.14680603949
46473,47153,51411,680,4258,5,14400,1.15969938938
46473,47180,51409,707,4229,5,14400,1.16717900213
46474,47208,51409,734,4201,5,14400,1.17472030469
46474,47216,51409,742,4193,5,14400,1.17696160267
46475,47241,51409,766,4168,5,14400,1.18378119002
46476,47261,51409,785,4148,5,14400,1.18924783028
46476,47251,51409,775,4158,5,14400,1.18638768639
46477,47268,51409,791,4141,5,14400,1.19101666264
47249,47277,47422,28,145,4,120,1.19310344828
47403,47613,51313,210,3700,32,7200,1.05675675676
47506,47512,48949,6,1437,2,9000,1.00417536534
47517,47523,48934,6,1411,2,9000,1.00425230333
47528,47534,48968,6,1434,2,9000,1.00418410042
47538,47544,48941,6,1397,2,9000,1.00429491768
47549,47555,48980,6,1425,2,9000,1.00421052632
47550,47562,48967,12,1405,2,9000,1.00854092527
47560,47569,48979,9,1410,2,9000,1.00638297872
47571,47577,49001,6,1424,2,9000,1.00421348315
47582,47589,48999,7,1410,2,9000,1.00496453901
47582,47594,48980,12,1386,2,9000,1.00865800866
47593,47601,49011,8,1410,2,9000,1.00567375887
47594,47606,48991,12,1385,2,9000,1.00866425993
47604,47618,49008,14,1390,2,9000,1.01007194245
47615,47625,48995,10,1370,2,9000,1.00729927007
47616,47630,49012,14,1382,2,9000,1.01013024602
47626,47636,49026,10,1390,2,9000,1.0071942446
47637,47645,49049,8,1404,2,9000,1.0056980057
47648,47655,49053,7,1398,2,9000,1.00500715308
47658,47665,49058,7,1393,2,9000,1.00502512563
47669,47675,49055,6,1380,2,9000,1.00434782609
47680,47687,49049,7,1362,2,9000,1.00513950073
47691,47698,49087,7,1389,2,9000,1.00503959683
47692,47705,47834,13,129,4,120,1.1007751938
47701,47711,49108,10,1397,2,9000,1.00715819613
47712,47719,49089,7,1370,2,9000,1.00510948905
47723,47730,49121,7,1391,2,9000,1.00503235083
47733,47741,49134,8,1393,2,9000,1.00574300072
47744,47750,49132,6,1382,2,9000,1.00434153401
47755,47761,49143,6,1382,2,9000,1.00434153401
47766,47772,49164,6,1392,2,9000,1.00431034483
47776,47782,49183,6,1401,2,9000,1.00428265525
47787,48026,49434,239,1408,2,9000,1.16974431818
47839,47845,48014,6,169,4,120,1.03550295858
48023,48032,49419,9,1387,2,9000,1.0064888248
48033,48401,49767,368,1366,2,9000,1.26939970717
48058,48993,49120,935,127,4,120,8.36220472441
48402,48946,50315,544,1369,2,9000,1.39737034332
48945,48952,50489,7,1537,2,9000,1.00455432661
48956,48963,50505,7,1542,2,9000,1.00453955901
48967,48979,50508,12,1529,2,9000,1.00784826684
48977,48985,50372,8,1387,2,9000,1.00576784427
48988,48999,50393,11,1394,2,9000,1.00789096126
48999,49006,50439,7,1433,2,9000,1.00488485694
49010,49017,50446,7,1429,2,9000,1.00489853044
49020,49028,50474,8,1446,2,9000,1.00553250346
49031,49038,50480,7,1442,2,9000,1.00485436893
49042,49049,50440,7,1391,2,9000,1.00503235083
49053,49060,50467,7,1407,2,9000,1.00497512438
49064,49070,50484,6,1414,2,9000,1.00424328147
49074,49080,50609,6,1529,2,9000,1.00392413342
49085,49091,50617,6,1526,2,9000,1.00393184797
49096,49102,50510,6,1408,2,9000,1.00426136364
49107,49114,50522,7,1408,2,9000,1.00497159091
49117,49124,50537,7,1413,2,9000,1.00495399858
49128,49136,50584,8,1448,2,9000,1.00552486188
49139,49146,50547,7,1401,2,9000,1.00499643112
49150,49156,50557,6,1401,2,9000,1.00428265525
49160,49168,50596,8,1428,2,9000,1.0056022409
49171,49178,50554,7,1376,2,9000,1.0050872093
49182,49189,50596,7,1407,2,9000,1.00497512438
49193,49199,50610,6,1411,2,9000,1.00425230333
49203,49211,50729,8,1518,2,9000,1.00527009223
49214,49221,50594,7,1373,2,9000,1.00509832484
49225,49231,50623,6,1392,2,9000,1.00431034483
49235,49243,50671,8,1428,2,9000,1.0056022409
49246,49253,50700,7,1447,2,9000,1.00483759502
49257,49264,50698,7,1434,2,9000,1.00488145049
49268,49432,50868,164,1436,2,9000,1.11420612813
49431,49446,50903,15,1457,2,9000,1.01029512697
49442,49780,51253,338,1473,2,9000,1.22946367957
49659,50503,55392,844,4889,1,7200,1.17263244017
49780,50327,51789,547,1462,2,9000,1.37414500684
50322,50384,51843,62,1459,2,9000,1.04249485949
50384,50405,51868,21,1463,2,9000,1.01435406699
50406,50451,51919,45,1468,2,9000,1.03065395095
50447,50458,51994,11,1536,2,9000,1.00716145833
50458,50465,51989,7,1524,2,9000,1.00459317585
50468,50479,52018,11,1539,2,9000,1.00714749838
50479,50485,52013,6,1528,2,9000,1.00392670157
50490,50496,52040,6,1544,2,9000,1.00388601036
50500,50510,52053,10,1543,2,9000,1.0064808814
50511,50517,52086,6,1569,2,9000,1.00382409178
50522,50529,52100,7,1571,2,9000,1.00445576066
50533,50539,52098,6,1559,2,9000,1.00384862091
50543,50550,52048,7,1498,2,9000,1.0046728972
50554,50561,52060,7,1499,2,9000,1.00466977985
50565,50572,52059,7,1487,2,9000,1.00470746469
50576,50583,52084,7,1501,2,9000,1.00466355763
50586,50593,52115,7,1522,2,9000,1.00459921156
50598,50605,52019,7,1414,2,9000,1.00495049505
50609,50615,52028,6,1413,2,9000,1.0042462845
50619,50626,52040,7,1414,2,9000,1.00495049505
50630,50637,52058,7,1421,2,9000,1.00492610837
50641,50648,52083,7,1435,2,9000,1.00487804878
50652,50659,52132,7,1473,2,9000,1.00475220638
50655,50666,52252,11,1586,2,9000,1.00693568726
50666,50673,52239,7,1566,2,9000,1.00446998723
50677,50683,52260,6,1577,2,9000,1.00380469245
50687,50710,52281,23,1571,2,9000,1.01464035646
50709,50717,52306,8,1589,2,9000,1.00503461296
50719,50741,52319,22,1578,2,9000,1.01394169835
50740,50881,52433,141,1552,2,9000,1.09085051546
50884,50915,52493,31,1578,2,9000,1.01964512041
50915,51265,52824,350,1559,2,9000,1.22450288647
51264,51325,52894,61,1569,2,9000,1.03887826641
51326,51333,52902,7,1569,2,9000,1.00446144041
51329,51340,52987,11,1647,2,9000,1.00667880996
51340,51346,52995,6,1649,2,9000,1.00363856883
51351,51358,52973,7,1615,2,9000,1.00433436533
51361,51368,52976,7,1608,2,9000,1.00435323383
51372,51378,52988,6,1610,2,9000,1.00372670807
51383,51389,52999,6,1610,2,9000,1.00372670807
51393,51400,52951,7,1551,2,9000,1.00451321728
51430,51437,58998,7,7561,5,14400,1.00092580347
51431,51449,59228,18,7779,5,14400,1.0023139221
51431,51442,59068,11,7626,5,14400,1.00144243378
51432,51459,59242,27,7783,5,14400,1.00346909932
51432,51454,59215,22,7761,5,14400,1.00283468625
51433,51465,58951,32,7486,5,14400,1.00427464601
51434,51470,59347,36,7877,5,14400,1.00457026787
51434,51475,59151,41,7676,5,14400,1.00534132361
51435,51480,59043,45,7563,5,14400,1.00595001983
52018,52024,53420,6,1396,2,9000,1.00429799427
52028,52035,53415,7,1380,2,9000,1.00507246377
52039,52045,53425,6,1380,2,9000,1.00434782609
52050,52057,53446,7,1389,2,9000,1.00503959683
52060,52067,53464,7,1397,2,9000,1.00501073729
52071,52078,53496,7,1418,2,9000,1.00493653032
52082,52088,53463,6,1375,2,9000,1.00436363636
52093,52100,53482,7,1382,2,9000,1.00506512301
52103,52110,53505,7,1395,2,9000,1.00501792115
52114,52120,53510,6,1390,2,9000,1.00431654676
52125,52131,53517,6,1386,2,9000,1.00432900433
52135,52142,53522,7,1380,2,9000,1.00507246377
52146,52152,53550,6,1398,2,9000,1.00429184549
52157,52164,53559,7,1395,2,9000,1.00501792115
52167,52174,53562,7,1388,2,9000,1.00504322767
52178,52184,53586,6,1402,2,9000,1.00427960057
52189,52196,53587,7,1391,2,9000,1.00503235083
52200,52207,53599,7,1392,2,9000,1.00502873563
52210,52218,53630,8,1412,2,9000,1.00566572238
52221,52228,53607,7,1379,2,9000,1.00507614213
52232,52239,53628,7,1389,2,9000,1.00503959683
52243,52250,53655,7,1405,2,9000,1.00498220641
52254,52260,53640,6,1380,2,9000,1.00434782609
52264,52271,53663,7,1392,2,9000,1.00502873563
52275,52282,53673,7,1391,2,9000,1.00503235083
52286,52292,53685,6,1393,2,9000,1.00430725054
52297,52304,53685,7,1381,2,9000,1.00506879073
52307,52315,53707,8,1392,2,9000,1.00574712644
52318,52325,53741,7,1416,2,9000,1.00494350282
52329,52336,53738,7,1402,2,9000,1.00499286733
52340,52347,53766,7,1419,2,9000,1.00493305144
52350,52358,53748,8,1390,2,9000,1.00575539568
52361,52367,53758,6,1391,2,9000,1.00431344357
52372,52379,53781,7,1402,2,9000,1.00499286733
52383,52390,53787,7,1397,2,9000,1.00501073729
52393,52400,53800,7,1400,2,9000,1.005
52404,52410,53810,6,1400,2,9000,1.00428571429
52415,52445,53848,30,1403,2,9000,1.02138275125
52446,52505,53882,59,1377,2,9000,1.04284676834
52508,52836,54228,328,1392,2,9000,1.23563218391
52836,52906,54309,70,1403,2,9000,1.04989308624
52908,52915,54309,7,1394,2,9000,1.0050215208
52919,52963,54365,44,1402,2,9000,1.03138373752
52961,52986,54399,25,1413,2,9000,1.01769285209
52982,52993,54388,11,1395,2,9000,1.00788530466
52992,53000,54405,8,1405,2,9000,1.00569395018
53003,53010,54385,7,1375,2,9000,1.00509090909
53014,53020,54402,6,1382,2,9000,1.00434153401
53024,53032,54405,8,1373,2,9000,1.00582665696
53035,53427,54828,392,1401,2,9000,1.27980014276
53425,53434,54831,9,1397,2,9000,1.00644237652
53436,53443,54839,7,1396,2,9000,1.00501432665
53446,53458,54858,12,1400,2,9000,1.00857142857
53457,53475,54880,18,1405,2,9000,1.0128113879
53478,53485,54901,7,1416,2,9000,1.00494350282
53489,53495,54898,6,1403,2,9000,1.00427655025
53499,53508,54897,9,1389,2,9000,1.00647948164
53510,53516,54925,6,1409,2,9000,1.00425833925
53521,53528,54910,7,1382,2,9000,1.00506512301
53532,53538,54913,6,1375,2,9000,1.00436363636
53542,53550,54896,8,1346,2,9000,1.0059435364
53553,53562,54932,9,1370,2,9000,1.00656934307
53564,53571,54954,7,1383,2,9000,1.00506146059
53575,53581,54958,6,1377,2,9000,1.00435729847
53585,53598,54983,13,1385,2,9000,1.00938628159
53596,53605,54996,9,1391,2,9000,1.00647016535
53607,53613,55010,6,1397,2,9000,1.00429491768
53617,53624,55033,7,1409,2,9000,1.00496806246
53628,53640,55043,12,1403,2,9000,1.0085531005
53639,53647,55047,8,1400,2,9000,1.00571428571
53650,53657,55079,7,1422,2,9000,1.00492264416
53660,53667,55061,7,1394,2,9000,1.0050215208
53671,53677,55076,6,1399,2,9000,1.0042887777
53682,53689,55085,7,1396,2,9000,1.00501432665
53693,53699,55059,6,1360,2,9000,1.00441176471
53703,53709,55092,6,1383,2,9000,1.00433839479
53714,53722,55088,8,1366,2,9000,1.00585651537
53725,53750,55118,25,1368,2,9000,1.0182748538
53746,53757,55131,11,1374,2,9000,1.00800582242
53756,53764,55136,8,1372,2,9000,1.00583090379
53767,53773,55183,6,1410,2,9000,1.00425531915
53778,53784,55184,6,1400,2,9000,1.00428571429
53789,53796,55206,7,1410,2,9000,1.00496453901
53799,53806,55207,7,1401,2,9000,1.00499643112
53810,53816,55232,6,1416,2,9000,1.00423728814
53821,53828,55241,7,1413,2,9000,1.00495399858
53832,53860,55277,28,1417,2,9000,1.01976005646
53863,53894,55303,31,1409,2,9000,1.02200141945
53894,54241,55649,347,1408,2,9000,1.24644886364
54243,54321,55719,78,1398,2,9000,1.05579399142
54325,54331,55712,6,1381,2,9000,1.00434467777
54336,54377,55757,41,1380,2,9000,1.02971014493
54377,54397,55805,20,1408,2,9000,1.01420454545
54398,54405,55801,7,1396,2,9000,1.00501432665
54409,54415,55790,6,1375,2,9000,1.00436363636
54419,54426,55829,7,1403,2,9000,1.00498930862
54430,54436,55843,6,1407,2,9000,1.00426439232
54441,54447,55863,6,1416,2,9000,1.00423728814
54451,54840,56255,389,1415,2,9000,1.27491166078
54841,54847,56215,6,1368,2,9000,1.00438596491
54852,54859,56225,7,1366,2,9000,1.00512445095
54862,54871,56241,9,1370,2,9000,1.00656934307
54873,54892,56277,19,1385,2,9000,1.01371841155
54894,54908,56320,14,1412,2,9000,1.00991501416
54905,54915,56297,10,1382,2,9000,1.00723589001
54916,54922,56318,6,1396,2,9000,1.00429799427
54926,54933,56335,7,1402,2,9000,1.00499286733
54937,54943,56336,6,1393,2,9000,1.00430725054
54948,54955,56336,7,1381,2,9000,1.00506879073
54958,54965,56299,7,1334,2,9000,1.00524737631
54969,54976,56306,7,1330,2,9000,1.00526315789
54980,54987,56345,7,1358,2,9000,1.00515463918
54991,54997,56363,6,1366,2,9000,1.00439238653
55001,55008,56404,7,1396,2,9000,1.00501432665
55012,55019,56403,7,1384,2,9000,1.00505780347
55023,55029,56437,6,1408,2,9000,1.00426136364
55033,55046,56435,13,1389,2,9000,1.00935925126
55044,55055,56444,11,1389,2,9000,1.00791936645
55055,55061,56459,6,1398,2,9000,1.00429184549
55066,55072,56468,6,1396,2,9000,1.00429799427
55076,55083,56408,7,1325,2,9000,1.00528301887
55087,55093,56437,6,1344,2,9000,1.00446428571
55098,55105,56432,7,1327,2,9000,1.00527505652
55108,55115,56453,7,1338,2,9000,1.00523168909
55119,55126,56496,7,1370,2,9000,1.00510948905
55130,55136,56501,6,1365,2,9000,1.0043956044
55140,55147,56523,7,1376,2,9000,1.0050872093
55151,55157,56556,6,1399,2,9000,1.0042887777
55162,55168,56572,6,1404,2,9000,1.00427350427
55173,55195,56593,22,1398,2,9000,1.01573676681
55193,55202,56527,9,1325,2,9000,1.00679245283
55204,55218,56544,14,1326,2,9000,1.01055806938
55215,55225,56550,10,1325,2,9000,1.00754716981
55226,55244,56594,18,1350,2,9000,1.01333333333
55247,55253,56620,6,1367,2,9000,1.00438917337
55257,55289,56681,32,1392,2,9000,1.02298850575
55289,55316,56699,27,1383,2,9000,1.01952277657
55320,55404,56789,84,1385,2,9000,1.06064981949
55402,55661,57048,259,1387,2,9000,1.18673395818
55658,55725,57035,67,1310,2,9000,1.05114503817
55720,55732,57075,12,1343,2,9000,1.00893521966
55731,55769,57150,38,1381,2,9000,1.02751629254
55772,55802,57196,30,1394,2,9000,1.02152080344
55804,55813,57179,9,1366,2,9000,1.0065885798
55814,55821,57199,7,1378,2,9000,1.00507982583
55825,55841,57149,16,1308,2,9000,1.0122324159
55846,55855,57155,9,1300,2,9000,1.00692307692
55857,55875,57190,18,1315,2,9000,1.01368821293
55878,56227,57580,349,1353,2,9000,1.25794530673
56226,56238,57614,12,1376,2,9000,1.00872093023
56237,56253,57651,16,1398,2,9000,1.01144492132
56258,56267,57616,9,1349,2,9000,1.0066716086
56269,56289,57580,20,1291,2,9000,1.01549186677
56290,56309,57600,19,1291,2,9000,1.01471727343
56311,56318,57648,7,1330,2,9000,1.00526315789
56322,56329,57672,7,1343,2,9000,1.00521221147
56332,56339,57707,7,1368,2,9000,1.00511695906
56343,56350,57731,7,1381,2,9000,1.00506879073
56354,56361,57740,7,1379,2,9000,1.00507614213
56364,56371,57753,7,1382,2,9000,1.00506512301
56375,56381,57744,6,1363,2,9000,1.00440205429
56386,56393,57757,7,1364,2,9000,1.00513196481
56397,56404,57776,7,1372,2,9000,1.00510204082
56407,56415,57778,8,1363,2,9000,1.00586940572
56418,56424,57823,6,1399,2,9000,1.0042887777
56429,56436,57851,7,1415,2,9000,1.00494699647
56440,56447,57884,7,1437,2,9000,1.00487125957
56451,56457,57920,6,1463,2,9000,1.004101162
56462,56469,57977,7,1508,2,9000,1.00464190981
56472,56479,57950,7,1471,2,9000,1.00475866757
56483,56490,57935,7,1445,2,9000,1.00484429066
56494,56500,57960,6,1460,2,9000,1.00410958904
56505,56512,57970,7,1458,2,9000,1.00480109739
56516,56523,57959,7,1436,2,9000,1.00487465181
56526,56533,58000,7,1467,2,9000,1.00477164281
56537,56544,58035,7,1491,2,9000,1.00469483568
56549,56556,57965,7,1409,2,9000,1.00496806246
56560,56567,57971,7,1404,2,9000,1.00498575499
56571,56577,57975,6,1398,2,9000,1.00429184549
56582,56588,58003,6,1415,2,9000,1.00424028269
56593,56599,58023,6,1424,2,9000,1.00421348315
56603,56610,58064,7,1454,2,9000,1.00481430536
56614,56621,58078,7,1457,2,9000,1.00480439259
56618,56627,58198,9,1571,2,9000,1.00572883514
56629,56636,58223,7,1587,2,9000,1.00441083806
56640,56693,58269,53,1576,2,9000,1.03362944162
56692,56711,58339,19,1628,2,9000,1.01167076167
56716,56801,58357,85,1556,2,9000,1.05462724936
56798,56822,58355,24,1533,2,9000,1.0156555773
56819,56829,58365,10,1536,2,9000,1.00651041667
56830,56836,58312,6,1476,2,9000,1.00406504065
56841,56849,58453,8,1604,2,9000,1.00498753117
56852,56859,58469,7,1610,2,9000,1.00434782609
56863,56870,58479,7,1609,2,9000,1.00435052828
56874,56881,58489,7,1608,2,9000,1.00435323383
56884,56891,58500,7,1609,2,9000,1.00435052828
56937,56944,58279,7,1335,2,9000,1.00524344569
56948,56955,58335,7,1380,2,9000,1.00507246377
56959,56966,58370,7,1404,2,9000,1.00498575499
56969,56977,58365,8,1388,2,9000,1.00576368876
56980,56987,58351,7,1364,2,9000,1.00513196481
56991,56998,58372,7,1374,2,9000,1.00509461426
57001,57008,58405,7,1397,2,9000,1.00501073729
57012,57018,58373,6,1355,2,9000,1.00442804428
57023,57030,58407,7,1377,2,9000,1.00508351489
57034,57040,58418,6,1378,2,9000,1.00435413643
57044,57050,58446,6,1396,2,9000,1.00429799427
57055,57061,58447,6,1386,2,9000,1.00432900433
57066,57072,58483,6,1411,2,9000,1.00425230333
57076,57083,58468,7,1385,2,9000,1.00505415162
57087,57093,58490,6,1397,2,9000,1.00429491768
57098,57104,58484,6,1380,2,9000,1.00434782609
57109,57116,58476,7,1360,2,9000,1.00514705882
57119,57127,58467,8,1340,2,9000,1.00597014925
57130,57136,58521,6,1385,2,9000,1.00433212996
57141,57147,58523,6,1376,2,9000,1.00436046512
57152,57158,58506,6,1348,2,9000,1.00445103858
57162,57170,58516,8,1346,2,9000,1.0059435364
57173,57180,58477,7,1297,2,9000,1.00539707016
57184,57191,58483,7,1292,2,9000,1.00541795666
57195,57202,58549,7,1347,2,9000,1.00519673348
57205,57211,58605,6,1394,2,9000,1.00430416069
57216,57223,58606,7,1383,2,9000,1.00506146059
57228,57235,58594,7,1359,2,9000,1.00515084621
57239,57246,58616,7,1370,2,9000,1.00510948905
57249,57255,58629,6,1374,2,9000,1.00436681223
57260,57267,58682,7,1415,2,9000,1.00494699647
57271,57278,58695,7,1417,2,9000,1.00494001411
57282,57289,58698,7,1409,2,9000,1.00496806246
57292,57299,58715,7,1416,2,9000,1.00494350282
57303,57592,59010,289,1418,2,9000,1.20380818054
57590,57599,58987,9,1388,2,9000,1.00648414986
57598,57663,65445,65,7782,5,14400,1.00835260858
57598,57628,65343,30,7715,5,14400,1.00388852884
57599,57743,65580,144,7837,5,14400,1.01837437795
57600,57788,65586,188,7798,5,14400,1.02410874583
57600,57756,65375,156,7619,5,14400,1.02047512797
57601,57835,65946,234,8111,5,14400,1.02884971027
57602,57962,65791,360,7829,5,14400,1.04598288415
57602,57933,65680,331,7747,5,14400,1.0427262166
57603,57978,65616,375,7638,5,14400,1.04909662215
59802,59809,60022,7,213,27,300,1.03286384977
59851,59858,60923,7,1065,2,9000,1.00657276995
59851,59863,61293,12,1430,2,9000,1.00839160839
59862,59875,61222,13,1347,2,9000,1.00965107647
59862,59869,60935,7,1066,2,9000,1.00656660413
59873,60034,61408,161,1374,2,9000,1.11717612809
59874,60039,61434,165,1395,2,9000,1.11827956989
60037,60046,61465,9,1419,2,9000,1.00634249471
60038,60051,61481,13,1430,2,9000,1.00909090909
60049,60058,61484,9,1426,2,9000,1.00631136045
60049,60063,61468,14,1405,2,9000,1.00996441281
60060,60070,61471,10,1401,2,9000,1.00713775874
60060,60075,61258,15,1183,2,9000,1.01267962806
60071,60087,61446,16,1359,2,9000,1.01177336277
60071,60082,61425,11,1343,2,9000,1.00819061802
60082,60099,61507,17,1408,2,9000,1.01207386364
60082,60094,61476,12,1382,2,9000,1.00868306802
60093,60106,61527,13,1421,2,9000,1.00914848698
60104,60112,61543,8,1431,2,9000,1.00559049616
60104,60935,62341,831,1406,2,9000,1.59103840683
60261,61484,61614,1223,130,4,120,10.4076923077
60414,64932,101896,4518,36964,32,43200,1.12222703171
60932,60946,62356,14,1410,2,9000,1.00992907801
60943,61234,62634,291,1400,2,9000,1.20785714286
61229,61271,62696,42,1425,2,9000,1.02947368421
61260,61305,62700,45,1395,2,9000,1.03225806452
61302,61419,62818,117,1399,2,9000,1.08363116512
61414,61438,62856,24,1418,2,9000,1.01692524683
61435,61458,62670,23,1212,2,9000,1.01897689769
61435,61446,62897,11,1451,2,9000,1.00758097864
61446,61477,62828,31,1351,2,9000,1.02294596595
61467,61491,62868,24,1377,2,9000,1.0174291939
61478,61498,62894,20,1396,2,9000,1.01432664756
61488,61503,62920,15,1417,2,9000,1.01058574453
61499,61519,62923,20,1404,2,9000,1.01424501425
61499,61539,62943,40,1404,2,9000,1.02849002849
61520,61554,62962,34,1408,2,9000,1.02414772727
61541,61626,63038,85,1412,2,9000,1.06019830028
61552,61631,63050,79,1419,2,9000,1.05567300916
61624,62353,63785,729,1432,2,9000,1.50907821229
61742,64312,64459,2570,147,4,120,18.4829931973
62349,62368,63751,19,1383,2,9000,1.01373825018
62360,62646,64042,286,1396,2,9000,1.20487106017
62636,62681,64082,45,1401,2,9000,1.03211991435
62677,62708,64138,31,1430,2,9000,1.02167832168
62698,62715,64130,17,1415,2,9000,1.01201413428
62709,62830,64255,121,1425,2,9000,1.0849122807
62822,62839,64255,17,1416,2,9000,1.01200564972
62832,62868,64301,36,1433,2,9000,1.02512212142
62864,62880,64301,16,1421,2,9000,1.01125967628
62874,62906,64072,32,1166,2,9000,1.02744425386
62895,62912,64285,17,1373,2,9000,1.01238164603
62906,62933,64278,27,1345,2,9000,1.02007434944
62928,62955,64333,27,1378,2,9000,1.01959361393
62928,62940,64342,12,1402,2,9000,1.00855920114
62949,62975,64377,26,1402,2,9000,1.01854493581
62970,63051,64460,81,1409,2,9000,1.05748757984
63042,63065,64490,23,1425,2,9000,1.01614035088
63053,63764,65182,711,1418,2,9000,1.50141043724
63114,64084,71676,970,7592,5,14400,1.12776606955
63114,64267,71993,1153,7726,5,14400,1.14923634481
64086,64095,65482,9,1387,2,9000,1.0064888248
64138,64144,65532,6,1388,2,9000,1.00432276657
64148,64155,65550,7,1395,2,9000,1.00501792115
64261,64290,65697,29,1407,2,9000,1.02061122957
64282,64297,65707,15,1410,2,9000,1.01063829787
64293,64345,65747,52,1402,2,9000,1.03708987161
64303,64354,65764,51,1410,2,9000,1.03617021277
64345,64389,65809,44,1420,2,9000,1.03098591549
64355,64471,65888,116,1417,2,9000,1.08186309104
64386,64476,65898,90,1422,2,9000,1.06329113924
64469,64483,65672,14,1189,2,9000,1.0117746005
64480,64503,65836,23,1333,2,9000,1.01725431358
64501,64937,66299,436,1362,2,9000,1.3201174743
64940,64946,66337,6,1391,2,9000,1.00431344357
64951,64957,66396,6,1439,2,9000,1.0041695622
64962,64969,66389,7,1420,2,9000,1.00492957746
64973,64980,66422,7,1442,2,9000,1.00485436893
64983,64990,66409,7,1419,2,9000,1.00493305144
64994,65001,66405,7,1404,2,9000,1.00498575499
65005,65011,66435,6,1424,2,9000,1.00421348315
65015,65022,66421,7,1399,2,9000,1.00500357398
65026,65032,66177,6,1145,2,9000,1.00524017467
65037,65044,66359,7,1315,2,9000,1.00532319392
65047,65054,66441,7,1387,2,9000,1.00504686373
65058,65065,66450,7,1385,2,9000,1.00505415162
65069,65075,66484,6,1409,2,9000,1.00425833925
65079,65086,66487,7,1401,2,9000,1.00499643112
65090,65097,66519,7,1422,2,9000,1.00492264416
65100,65108,66515,8,1407,2,9000,1.00568585643
65111,65117,66543,6,1426,2,9000,1.00420757363
65122,65129,66547,7,1418,2,9000,1.00493653032
65132,65139,66567,7,1428,2,9000,1.00490196078
65143,65149,66562,6,1413,2,9000,1.0042462845
65153,65160,66565,7,1405,2,9000,1.00498220641
65164,65171,66585,7,1414,2,9000,1.00495049505
65174,65180,66613,6,1433,2,9000,1.00418702024
65185,65191,66360,6,1169,2,9000,1.00513259196
65195,65201,66506,6,1305,2,9000,1.00459770115
65206,65213,66576,7,1363,2,9000,1.00513573001
65216,65223,66632,7,1409,2,9000,1.00496806246
65227,65234,66617,7,1383,2,9000,1.00506146059
65237,65243,66671,6,1428,2,9000,1.00420168067
65248,65254,66680,6,1426,2,9000,1.00420757363
65259,65266,66685,7,1419,2,9000,1.00493305144
65269,65276,66685,7,1409,2,9000,1.00496806246
65280,65287,66692,7,1405,2,9000,1.00498220641
65291,65297,66711,6,1414,2,9000,1.00424328147
65301,65308,66741,7,1433,2,9000,1.00488485694
65312,65318,66723,6,1405,2,9000,1.00427046263
65323,65330,66747,7,1417,2,9000,1.00494001411
65333,65340,66742,7,1402,2,9000,1.00499286733
65344,65351,66515,7,1164,2,9000,1.0060137457
65355,65361,66677,6,1316,2,9000,1.00455927052
65359,65368,65505,9,137,4,120,1.06569343066
65366,65376,66721,10,1345,2,9000,1.00743494424
65376,65382,66764,6,1382,2,9000,1.00434153401
65387,65393,66786,6,1393,2,9000,1.00430725054
65398,65404,66804,6,1400,2,9000,1.00428571429
65408,65416,66840,8,1424,2,9000,1.00561797753
65419,65426,66840,7,1414,2,9000,1.00495049505
65430,65436,66865,6,1429,2,9000,1.00419874038
65441,65448,66859,7,1411,2,9000,1.00496102055
65451,65457,66849,6,1392,2,9000,1.00431034483
65459,71143,78393,5684,7250,32,7200,1.784
65462,65469,66872,7,1403,2,9000,1.00498930862
65473,65480,66905,7,1425,2,9000,1.0049122807
65483,65490,66896,7,1406,2,9000,1.00497866287
65494,65500,66903,6,1403,2,9000,1.00427655025
65505,65511,66617,6,1106,2,9000,1.00542495479
65516,65523,66836,7,1313,2,9000,1.00533130236
65526,65533,66940,7,1407,2,9000,1.00497512438
65537,65543,66942,6,1399,2,9000,1.0042887777
65548,65562,66946,14,1384,2,9000,1.01011560694
65558,65592,66999,34,1407,2,9000,1.02416488984
65590,65599,67028,9,1429,2,9000,1.00629811057
65600,65607,67062,7,1455,2,9000,1.00481099656
65611,65618,67011,7,1393,2,9000,1.00502512563
65622,65630,67024,8,1394,2,9000,1.00573888092
65633,65640,67053,7,1413,2,9000,1.00495399858
65643,65650,67049,7,1399,2,9000,1.00500357398
65654,65660,67064,6,1404,2,9000,1.00427350427
65665,65685,67116,20,1431,2,9000,1.01397624039
65686,65694,67125,8,1431,2,9000,1.00559049616
65696,65703,67063,7,1360,2,9000,1.00514705882
65707,65714,67126,7,1412,2,9000,1.00495750708
65718,65724,67152,6,1428,2,9000,1.00420168067
65729,65759,67197,30,1438,2,9000,1.02086230876
65760,65776,67169,16,1393,2,9000,1.01148600144
65781,65803,67205,22,1402,2,9000,1.01569186876
65802,65810,67242,8,1432,2,9000,1.00558659218
65813,65820,67219,7,1399,2,9000,1.00500357398
65823,65830,67242,7,1412,2,9000,1.00495750708
65834,65848,67249,14,1401,2,9000,1.00999286224
65845,65900,67351,55,1451,2,9000,1.03790489318
65897,65910,67309,13,1399,2,9000,1.00929235168
65908,65959,67355,51,1396,2,9000,1.03653295129
65951,66377,66441,426,64,1,172800,7.65625
65959,65967,67373,8,1406,2,9000,1.00568990043
65970,66189,67558,219,1369,2,9000,1.15997078159
66186,66311,67792,125,1481,2,9000,1.08440243079
66309,66350,67823,41,1473,2,9000,1.02783435166
66351,66371,67868,20,1497,2,9000,1.01336005344
66372,66384,67872,12,1488,2,9000,1.00806451613
66382,66401,67910,19,1509,2,9000,1.01259111995
66403,66410,67920,7,1510,2,9000,1.00463576159
66414,66421,67966,7,1545,2,9000,1.00453074434
66425,66432,67841,7,1409,2,9000,1.00496806246
66436,66442,67884,6,1442,2,9000,1.00416088766
66446,66453,67924,7,1471,2,9000,1.00475866757
66457,66463,67944,6,1481,2,9000,1.00405131668
66468,66475,67930,7,1455,2,9000,1.00481099656
66479,66486,67964,7,1478,2,9000,1.00473612991
66489,66496,67988,7,1492,2,9000,1.00469168901
66500,66506,67995,6,1489,2,9000,1.00402955003
66511,66518,68026,7,1508,2,9000,1.00464190981
66522,66529,68036,7,1507,2,9000,1.00464499005
66532,66538,68058,6,1520,2,9000,1.00394736842
66537,71182,71588,4645,406,1,518400,12.4408866995
66543,66550,68102,7,1552,2,9000,1.00451030928
66554,66561,67995,7,1434,2,9000,1.00488145049
66565,66572,67997,7,1425,2,9000,1.0049122807
66575,66581,68076,6,1495,2,9000,1.00401337793
66586,66592,68069,6,1477,2,9000,1.00406228842
66597,66604,68113,7,1509,2,9000,1.00463883366
66608,66614,68100,6,1486,2,9000,1.00403768506
66618,66625,68120,7,1495,2,9000,1.00468227425
66620,71600,71601,4980,1,1,518400,498.1
66629,66636,68128,7,1492,2,9000,1.00469168901
66640,66646,68186,6,1540,2,9000,1.0038961039
66651,66658,68162,7,1504,2,9000,1.00465425532
66662,66669,68191,7,1522,2,9000,1.00459921156
66672,66683,68248,11,1565,2,9000,1.00702875399
66683,66690,68144,7,1454,2,9000,1.00481430536
66694,66701,68163,7,1462,2,9000,1.0047879617
66705,66712,68213,7,1501,2,9000,1.00466355763
66715,66722,68238,7,1516,2,9000,1.00461741425
66726,66733,68229,7,1496,2,9000,1.00467914439
66737,66744,68251,7,1507,2,9000,1.00464499005
66748,66755,68239,7,1484,2,9000,1.00471698113
66759,66766,68271,7,1505,2,9000,1.00465116279
66769,66776,68301,7,1525,2,9000,1.00459016393
66780,66787,68280,7,1493,2,9000,1.00468854655
66791,66798,68345,7,1547,2,9000,1.00452488688
66802,66808,68363,6,1555,2,9000,1.0038585209
66813,66819,68350,6,1531,2,9000,1.00391900718
66823,66830,68295,7,1465,2,9000,1.004778157
66834,66849,68321,15,1472,2,9000,1.01019021739
66845,66856,68365,11,1509,2,9000,1.00728959576
66856,66863,68373,7,1510,2,9000,1.00463576159
66867,66874,68364,7,1490,2,9000,1.00469798658
66877,66884,68408,7,1524,2,9000,1.00459317585
66888,66895,68426,7,1531,2,9000,1.00457217505
66899,66905,68411,6,1506,2,9000,1.00398406375
66910,66917,68449,7,1532,2,9000,1.0045691906
66921,66928,68454,7,1526,2,9000,1.00458715596
66931,66939,68462,8,1523,2,9000,1.00525279054
66942,66952,68491,10,1539,2,9000,1.0064977258
66950,67261,67401,311,140,4,120,3.22142857143
66953,66961,68520,8,1559,2,9000,1.00513149455
66964,66971,68430,7,1459,2,9000,1.00479780672
66975,67011,68529,36,1518,2,9000,1.02371541502
67016,67023,68542,7,1519,2,9000,1.00460829493
67027,67036,68535,9,1499,2,9000,1.00600400267
67038,67045,68567,7,1522,2,9000,1.00459921156
67049,67061,68575,12,1514,2,9000,1.00792602378
67059,67068,68596,9,1528,2,9000,1.00589005236
67070,67077,68603,7,1526,2,9000,1.00458715596
67081,67088,68610,7,1522,2,9000,1.00459921156
67092,67099,68615,7,1516,2,9000,1.00461741425
67102,67129,68662,27,1533,2,9000,1.01761252446
67134,67141,68683,7,1542,2,9000,1.00453955901
67145,67152,68695,7,1543,2,9000,1.00453661698
67153,71613,166382,4460,94769,1,518400,1.04706180291
67155,67164,68631,9,1467,2,9000,1.00613496933
67166,67181,68659,15,1478,2,9000,1.0101488498
67177,67209,68720,32,1511,2,9000,1.0211780278
67208,67218,68721,10,1503,2,9000,1.00665335995
67219,67231,68732,12,1501,2,9000,1.00799467022
67230,67254,68787,24,1533,2,9000,1.0156555773
67251,67321,68849,70,1528,2,9000,1.04581151832
67323,67363,68886,40,1523,2,9000,1.02626395272
67365,67372,68893,7,1521,2,9000,1.00460223537
67375,67385,68926,10,1541,2,9000,1.00648929267
67386,67414,68927,28,1513,2,9000,1.01850627892
67393,129344,235756,61951,106412,1,518400,1.58218058114
67417,67425,68966,8,1541,2,9000,1.00519143413
67428,67571,69125,143,1554,2,9000,1.09202059202
67572,67804,69275,232,1471,2,9000,1.15771583956
67808,67835,69328,27,1493,2,9000,1.01808439384
67840,67853,69411,13,1558,2,9000,1.00834403081
67850,67880,69411,30,1531,2,9000,1.01959503592
67882,67888,69417,6,1529,2,9000,1.00392413342
67892,67900,69424,8,1524,2,9000,1.00524934383
67903,67922,69450,19,1528,2,9000,1.01243455497
67924,67933,69481,9,1548,2,9000,1.00581395349
67935,67941,69489,6,1548,2,9000,1.00387596899
67946,67952,69513,6,1561,2,9000,1.00384368994
67957,67964,69522,7,1558,2,9000,1.00449293967
67967,67976,69436,9,1460,2,9000,1.00616438356
67978,67985,69465,7,1480,2,9000,1.00472972973
67989,68000,69519,11,1519,2,9000,1.00724160632
68000,68007,69502,7,1495,2,9000,1.00468227425
68010,68016,69507,6,1491,2,9000,1.00402414487
68021,68028,69517,7,1489,2,9000,1.00470114171
68032,68039,69539,7,1500,2,9000,1.00466666667
68043,68050,69573,7,1523,2,9000,1.00459619173
68053,68070,69621,17,1551,2,9000,1.01096067054
68074,68081,69636,7,1555,2,9000,1.00450160772
68085,68091,69666,6,1575,2,9000,1.00380952381
68096,68112,69680,16,1568,2,9000,1.01020408163
68117,68124,69658,7,1534,2,9000,1.00456323338
68128,68135,69623,7,1488,2,9000,1.00470430108
68138,68144,69620,6,1476,2,9000,1.00406504065
68149,68155,69635,6,1480,2,9000,1.00405405405
68160,68166,69674,6,1508,2,9000,1.00397877984
68171,68177,69692,6,1515,2,9000,1.00396039604
68181,68188,69713,7,1525,2,9000,1.00459016393
68192,68199,69703,7,1504,2,9000,1.00465425532
68203,68210,69737,7,1527,2,9000,1.00458415193
68214,68225,69757,11,1532,2,9000,1.00718015666
68224,68241,69811,17,1570,2,9000,1.01082802548
68245,68252,69813,7,1561,2,9000,1.00448430493
68256,68263,69831,7,1568,2,9000,1.00446428571
68267,68274,69772,7,1498,2,9000,1.0046728972
68278,68285,69780,7,1495,2,9000,1.00468227425
68288,68296,69798,8,1502,2,9000,1.00532623169
68299,68305,69840,6,1535,2,9000,1.00390879479
68310,68317,69826,7,1509,2,9000,1.00463883366
68321,68328,69837,7,1509,2,9000,1.00463883366
68331,68339,69878,8,1539,2,9000,1.00519818064
68342,68357,69896,15,1539,2,9000,1.00974658869
68353,68364,69884,11,1520,2,9000,1.00723684211
68364,68375,69918,11,1543,2,9000,1.00712896954
68374,68382,69917,8,1535,2,9000,1.00521172638
68385,68392,69953,7,1561,2,9000,1.00448430493
68396,68403,69908,7,1505,2,9000,1.00465116279
68407,68420,69921,13,1501,2,9000,1.00866089274
68417,68427,69949,10,1522,2,9000,1.00657030223
68428,68438,69944,10,1506,2,9000,1.00664010624
68439,68447,69979,8,1532,2,9000,1.00522193211
68450,68462,70019,12,1557,2,9000,1.00770712909
68460,68469,70026,9,1557,2,9000,1.00578034682
68471,68478,70026,7,1548,2,9000,1.00452196382
68482,68503,70045,21,1542,2,9000,1.01361867704
68503,68532,70079,29,1547,2,9000,1.01874595992
68534,68540,70088,6,1548,2,9000,1.00387596899
68545,68552,70038,7,1486,2,9000,1.00471063257
68556,68563,70053,7,1490,2,9000,1.00469798658
68566,68579,70080,13,1501,2,9000,1.00866089274
68577,68588,70072,11,1484,2,9000,1.00741239892
68588,68608,70132,20,1524,2,9000,1.01312335958
68609,68616,70148,7,1532,2,9000,1.0045691906
68620,68627,70141,7,1514,2,9000,1.00462351387
68630,68638,70167,8,1529,2,9000,1.00523217789
68641,68648,70171,7,1523,2,9000,1.00459619173
68652,68672,70195,20,1523,2,9000,1.01313197636
68673,68681,70213,8,1532,2,9000,1.00522193211
68684,68696,70158,12,1462,2,9000,1.00820793434
68694,68708,70187,14,1479,2,9000,1.00946585531
68705,68732,70190,27,1458,2,9000,1.01851851852
68736,68744,70264,8,1520,2,9000,1.00526315789
68747,68753,70323,6,1570,2,9000,1.00382165605
68758,68799,70346,41,1547,2,9000,1.02650290886
68799,68861,70365,62,1504,2,9000,1.04122340426
68861,68898,70421,37,1523,2,9000,1.02429415627
68872,131013,147977,62141,16964,1,518400,4.66311011554
68903,68910,70434,7,1524,2,9000,1.00459317585
68914,68939,70455,25,1516,2,9000,1.01649076517
68935,68946,70440,11,1494,2,9000,1.00736278447
68946,68978,70506,32,1528,2,9000,1.02094240838
68977,69137,70631,160,1494,2,9000,1.10709504685
69141,69287,70771,146,1484,2,9000,1.09838274933
69285,69340,70857,55,1517,2,9000,1.03625576796
69337,69423,70930,86,1507,2,9000,1.05706702057
69420,69430,70938,10,1508,2,9000,1.00663129973
69482,69489,70884,7,1395,2,9000,1.00501792115
69493,69500,70927,7,1427,2,9000,1.00490539594
69503,69510,70925,7,1415,2,9000,1.00494699647
69514,69522,70922,8,1400,2,9000,1.00571428571
69525,69533,70958,8,1425,2,9000,1.00561403509
69535,69542,70728,7,1186,2,9000,1.00590219224
69546,69554,70918,8,1364,2,9000,1.00586510264
69557,69563,70917,6,1354,2,9000,1.00443131462
69568,69574,70950,6,1376,2,9000,1.00436046512
69578,69585,70992,7,1407,2,9000,1.00497512438
69589,69596,71010,7,1414,2,9000,1.00495049505
69600,69606,71018,6,1412,2,9000,1.00424929178
69611,69617,71004,6,1387,2,9000,1.0043258832
69621,69629,71048,8,1419,2,9000,1.00563777308
69632,69639,71058,7,1419,2,9000,1.00493305144
69643,69651,71081,8,1430,2,9000,1.00559440559
69654,69661,70866,7,1205,2,9000,1.00580912863
69665,69672,71017,7,1345,2,9000,1.00520446097
69676,69683,71040,7,1357,2,9000,1.00515843773
69686,69693,71090,7,1397,2,9000,1.00501073729
69697,69703,71109,6,1406,2,9000,1.00426742532
69708,69714,71122,6,1408,2,9000,1.00426136364
69719,69725,71130,6,1405,2,9000,1.00427046263
69729,69736,71155,7,1419,2,9000,1.00493305144
69740,69747,71175,7,1428,2,9000,1.00490196078
69751,69757,71181,6,1424,2,9000,1.00421348315
69762,69768,71188,6,1420,2,9000,1.00422535211
69772,69778,71210,6,1432,2,9000,1.00418994413
69783,69790,70928,7,1138,2,9000,1.00615114236
69794,69800,71141,6,1341,2,9000,1.00447427293
69804,69811,71168,7,1357,2,9000,1.00515843773
69815,69822,71193,7,1371,2,9000,1.00510576222
69826,69832,71236,6,1404,2,9000,1.00427350427
69837,69843,71202,6,1359,2,9000,1.00441501104
69847,69855,71260,8,1405,2,9000,1.00569395018
69858,69865,71272,7,1407,2,9000,1.00497512438
69869,69876,71284,7,1408,2,9000,1.00497159091
69880,69887,70942,7,1055,2,9000,1.00663507109
69890,69898,71168,8,1270,2,9000,1.0062992126
69901,69907,71261,6,1354,2,9000,1.00443131462
69912,69919,71309,7,1390,2,9000,1.00503597122
69923,69929,71332,6,1403,2,9000,1.00427655025
69933,69940,71345,7,1405,2,9000,1.00498220641
69944,69951,70999,7,1048,2,9000,1.00667938931
69955,69962,71224,7,1262,2,9000,1.00554675119
69966,69972,71315,6,1343,2,9000,1.00446760983
69976,69983,71340,7,1357,2,9000,1.00515843773
69987,69993,71395,6,1402,2,9000,1.00427960057
69998,70005,71400,7,1395,2,9000,1.00501792115
70009,70031,71436,22,1405,2,9000,1.01565836299
70030,70038,71442,8,1404,2,9000,1.0056980057
70040,70047,71469,7,1422,2,9000,1.00492264416
70051,70058,71442,7,1384,2,9000,1.00505780347
70062,70069,71476,7,1407,2,9000,1.00497512438
70073,70080,71492,7,1412,2,9000,1.00495750708
70083,70090,71547,7,1457,2,9000,1.00480439259
70094,70101,71529,7,1428,2,9000,1.00490196078
70105,70112,71531,7,1419,2,9000,1.00493305144
70116,70122,71660,6,1538,2,9000,1.00390117035
70127,70144,71561,17,1417,2,9000,1.01199717713
70148,70155,71607,7,1452,2,9000,1.00482093664
70158,70165,71624,7,1459,2,9000,1.00479780672
70169,70176,71620,7,1444,2,9000,1.00484764543
70180,70187,71620,7,1433,2,9000,1.00488485694
70190,70197,71641,7,1444,2,9000,1.00484764543
70201,70208,71620,7,1412,2,9000,1.00495750708
70212,70218,71648,6,1430,2,9000,1.0041958042
70223,70229,71685,6,1456,2,9000,1.00412087912
70234,70241,71667,7,1426,2,9000,1.0049088359
70244,70276,71711,32,1435,2,9000,1.02229965157
70248,141424,176609,71176,35185,1,518400,3.02290748899
70276,70335,71777,59,1442,2,9000,1.04091539528
70338,70358,71762,20,1404,2,9000,1.01424501425
70359,70377,71795,18,1418,2,9000,1.01269393512
70375,147989,167720,77614,19731,1,518400,4.93360701434
70380,70433,71874,53,1441,2,9000,1.03678001388
70432,70446,71902,14,1456,2,9000,1.00961538462
70443,70453,71857,10,1404,2,9000,1.00712250712
70453,70467,71882,14,1415,2,9000,1.00989399293
70464,70518,71942,54,1424,2,9000,1.03792134831
70516,70644,72098,128,1454,2,9000,1.08803301238
70640,70741,72155,101,1414,2,9000,1.07142857143
70743,70784,72241,41,1457,2,9000,1.02814001373
70784,70869,72294,85,1425,2,9000,1.05964912281
70867,70878,72281,11,1403,2,9000,1.00784034212
70878,70896,72323,18,1427,2,9000,1.01261387526
70899,70929,72350,30,1421,2,9000,1.02111189303
70930,70938,72375,8,1437,2,9000,1.00556715379
70941,70948,72406,7,1458,2,9000,1.00480109739
70951,70959,72405,8,1446,2,9000,1.00553250346
70962,70969,72444,7,1475,2,9000,1.00474576271
70973,70979,72494,6,1515,2,9000,1.00396039604
71007,71015,72433,8,1418,2,9000,1.00564174894
71018,71024,72457,6,1433,2,9000,1.00418702024
71637,166398,166401,94761,3,1,518400,9476.4
73014,73021,73023,7,2,2,3540,1.0
74595,74601,74936,6,335,2,7200,1.01791044776
74595,74607,74936,12,329,2,7200,1.03647416413
74606,74620,74936,14,316,2,7200,1.04430379747
74606,74614,74936,8,322,2,7200,1.0248447205
74617,74632,74936,15,304,2,7200,1.04934210526
74617,74627,74936,10,309,2,7200,1.03236245955
74628,74644,74936,16,292,2,7200,1.05479452055
74628,74639,74936,11,297,2,7200,1.03703703704
74639,74650,74936,11,286,2,7200,1.03846153846
74640,74656,74936,16,280,2,7200,1.05714285714
74650,74662,74936,12,274,2,7200,1.04379562044
74661,74674,74937,13,263,2,7200,1.04942965779
74661,74669,74937,8,268,2,7200,1.02985074627
74901,74908,78191,7,3283,40,36000,1.00213219616
77622,77628,84965,6,7337,4,7320,1.00081777293
78765,78771,80018,6,1247,40,36000,1.00481154771
78994,79001,82607,7,3606,8,3600,1.0019412091
80278,80285,80577,7,292,40,36000,1.02397260274
80965,80971,88625,6,7654,5,14400,1.00078390384
80974,80980,81119,6,139,2,9000,1.04316546763
80975,80986,81119,11,133,2,9000,1.08270676692
80985,80992,81119,7,127,2,9000,1.05511811024
80986,80998,81119,12,121,2,9000,1.09917355372
80996,81005,81119,9,114,2,9000,1.07894736842
80997,81010,81119,13,109,2,9000,1.11926605505
81008,81022,81119,14,97,2,9000,1.14432989691
81008,81016,81119,8,103,2,9000,1.07766990291
81019,81034,81119,15,85,2,9000,1.17647058824
81019,81029,81119,10,90,2,9000,1.11111111111
81030,81041,81119,11,78,2,9000,1.14102564103
81030,81046,81119,16,73,2,9000,1.21917808219
81041,81053,81119,12,66,2,9000,1.18181818182
81042,81058,81119,16,61,2,9000,1.26229508197
81052,81065,81119,13,54,2,9000,1.24074074074
81063,81077,81119,14,42,2,9000,1.33333333333
81063,81071,81119,8,48,2,9000,1.16666666667
81074,81084,81120,10,36,2,9000,1.27777777778
81074,81089,81120,15,31,2,9000,1.48387096774
81144,81155,83096,11,1941,2,9000,1.00566718187
81144,81150,83147,6,1997,2,9000,1.00300450676
81155,81168,83185,13,2017,2,9000,1.00644521567
81155,81162,83159,7,1997,2,9000,1.00350525789
81166,81180,83121,14,1941,2,9000,1.00721277692
81166,81174,83092,8,1918,2,9000,1.00417101147
81177,81191,83120,14,1929,2,9000,1.00725764645
81177,81186,83157,9,1971,2,9000,1.00456621005
81188,81204,83131,16,1927,2,9000,1.00830306175
81188,81199,83223,11,2024,2,9000,1.00543478261
81199,81216,83090,17,1874,2,9000,1.0090715048
81199,81210,83333,11,2123,2,9000,1.00518134715
81210,81223,83190,13,1967,2,9000,1.00660904931
81221,81229,83193,8,1964,2,9000,1.00407331976
81221,81235,83145,14,1910,2,9000,1.00732984293
81232,81242,83259,10,2017,2,9000,1.00495785821
81232,81247,83200,15,1953,2,9000,1.00768049155
81243,81254,83169,11,1915,2,9000,1.00574412533
81243,81259,83296,16,2037,2,9000,1.00785468827
81254,81266,83169,12,1903,2,9000,1.0063058329
81264,81272,83140,8,1868,2,9000,1.00428265525
81265,81277,83184,12,1907,2,9000,1.00629260619
81275,81285,83346,10,2061,2,9000,1.00485201359
81276,81290,83379,14,2089,2,9000,1.00670177118
83124,83130,84801,6,1671,2,9000,1.00359066427
83125,83136,84844,11,1708,2,9000,1.00644028103
83135,83143,84814,8,1671,2,9000,1.00478755236
83136,83148,84856,12,1708,2,9000,1.00702576112
83146,83155,84883,9,1728,2,9000,1.00520833333
83147,83160,84882,13,1722,2,9000,1.00754936121
83157,83167,84893,10,1726,2,9000,1.00579374276
83158,83172,84930,14,1758,2,9000,1.00796359499
83169,83179,84896,10,1717,2,9000,1.00582411182
83169,83184,84879,15,1695,2,9000,1.00884955752
83180,83191,84892,11,1701,2,9000,1.00646678424
83180,83196,84883,16,1687,2,9000,1.00948429164
83191,83203,84901,12,1698,2,9000,1.00706713781
83201,83210,84881,9,1671,2,9000,1.00538599641
83202,83215,84893,13,1678,2,9000,1.00774731824
83212,83222,84938,10,1716,2,9000,1.00582750583
83213,83227,84897,14,1670,2,9000,1.00838323353
83224,83239,84920,15,1681,2,9000,1.00892325996
83224,83233,84959,9,1726,2,9000,1.00521436848
83235,83251,84930,16,1679,2,9000,1.00952948183
83235,83246,84925,11,1679,2,9000,1.00655151876
83246,83257,84993,11,1736,2,9000,1.00633640553
83256,83263,84989,7,1726,2,9000,1.00405561993
83257,83269,84954,12,1685,2,9000,1.00712166172
83268,83276,84962,8,1686,2,9000,1.00474495848
83268,83281,84984,13,1703,2,9000,1.00763358779
83279,83293,84973,14,1680,2,9000,1.00833333333
83279,83288,84966,9,1678,2,9000,1.00536352801
83290,83300,85000,10,1700,2,9000,1.00588235294
83290,83305,85011,15,1706,2,9000,1.00879249707
83301,83312,84987,11,1675,2,9000,1.00656716418
83301,83317,84988,16,1671,2,9000,1.00957510473
83312,83324,85025,12,1701,2,9000,1.00705467372
83313,83329,85064,16,1735,2,9000,1.00922190202
83323,83335,85057,12,1722,2,9000,1.00696864111
83334,83342,85015,8,1673,2,9000,1.00478182905
83334,83347,85037,13,1690,2,9000,1.00769230769
83345,83354,85052,9,1698,2,9000,1.00530035336
83356,83363,85079,7,1716,2,9000,1.00407925408
83366,83373,85084,7,1711,2,9000,1.00409117475
83377,83384,85068,7,1684,2,9000,1.0041567696
83388,83395,85063,7,1668,2,9000,1.00419664269
83398,83404,85067,6,1663,2,9000,1.00360793746
83409,83416,85088,7,1672,2,9000,1.00418660287
83420,83426,85098,6,1672,2,9000,1.00358851675
83430,83437,85121,7,1684,2,9000,1.0041567696
83441,83448,85123,7,1675,2,9000,1.00417910448
83452,83458,85177,6,1719,2,9000,1.0034904014
83462,83470,85200,8,1730,2,9000,1.00462427746
83473,83480,85162,7,1682,2,9000,1.00416171225
83484,83491,85132,7,1641,2,9000,1.00426569165
83494,83501,85230,7,1729,2,9000,1.004048583
83505,83512,85264,7,1752,2,9000,1.00399543379
83516,83522,85230,6,1708,2,9000,1.00351288056
83526,83533,85227,7,1694,2,9000,1.0041322314
83537,83543,85218,6,1675,2,9000,1.00358208955
83548,83555,85211,7,1656,2,9000,1.00422705314
83559,83566,85236,7,1670,2,9000,1.00419161677
83569,83576,85247,7,1671,2,9000,1.00418910832
83580,83587,85277,7,1690,2,9000,1.00414201183
83591,83598,85300,7,1702,2,9000,1.00411280846
83601,83608,85318,7,1710,2,9000,1.00409356725
83612,83618,85345,6,1727,2,9000,1.00347423277
83623,83630,85294,7,1664,2,9000,1.00420673077
83633,83640,85329,7,1689,2,9000,1.00414446418
83644,83651,85339,7,1688,2,9000,1.00414691943
83655,83662,85387,7,1725,2,9000,1.00405797101
83665,83672,85391,7,1719,2,9000,1.00407213496
83676,83683,85402,7,1719,2,9000,1.00407213496
83687,83694,85396,7,1702,2,9000,1.00411280846
83697,83705,85397,8,1692,2,9000,1.00472813239
83708,83715,85398,7,1683,2,9000,1.00415923945
83719,83726,85374,7,1648,2,9000,1.00424757282
83730,83737,85447,7,1710,2,9000,1.00409356725
83740,83747,85424,7,1677,2,9000,1.00417412045
83751,83758,85506,7,1748,2,9000,1.00400457666
83762,83769,85451,7,1682,2,9000,1.00416171225
83772,83780,85450,8,1670,2,9000,1.00479041916
83783,83790,85519,7,1729,2,9000,1.004048583
83790,83797,83798,7,1,1,240,1.0
83794,83803,85463,9,1660,2,9000,1.00542168675
83805,83811,85444,6,1633,2,9000,1.00367421923
83815,83821,85590,6,1769,2,9000,1.00339174675
83826,83833,85561,7,1728,2,9000,1.00405092593
83837,83844,85563,7,1719,2,9000,1.00407213496
83848,84813,86500,965,1687,2,9000,1.57202133966
84440,84898,88533,458,3635,8,3600,1.12599724897
84811,84826,86551,15,1725,2,9000,1.00869565217
84822,84856,86493,34,1637,2,9000,1.02076970067
84854,84868,86603,14,1735,2,9000,1.00806916427
84864,84891,86591,27,1700,2,9000,1.01588235294
84896,84905,86620,9,1715,2,9000,1.00524781341
84906,84914,86626,8,1712,2,9000,1.0046728972
84917,84923,86612,6,1689,2,9000,1.00355239787
84928,84934,86607,6,1673,2,9000,1.00358637179
84939,84945,86672,6,1727,2,9000,1.00347423277
84949,84956,86621,7,1665,2,9000,1.0042042042
84960,84967,86653,7,1686,2,9000,1.00415183867
84971,84979,86691,8,1712,2,9000,1.0046728972
84981,84989,86638,8,1649,2,9000,1.00485142511
84992,84999,86665,7,1666,2,9000,1.00420168067
85003,85009,86656,6,1647,2,9000,1.00364298725
85014,85020,86661,6,1641,2,9000,1.00365630713
85024,85031,86660,7,1629,2,9000,1.00429711479
85035,85041,86789,6,1748,2,9000,1.00343249428
85046,85053,86737,7,1684,2,9000,1.0041567696
85057,85063,86798,6,1735,2,9000,1.00345821326
85067,85073,86774,6,1701,2,9000,1.00352733686
85078,85085,86782,7,1697,2,9000,1.00412492634
85089,85096,86777,7,1681,2,9000,1.00416418798
85099,85106,86769,7,1663,2,9000,1.00420926037
85110,85116,86769,6,1653,2,9000,1.00362976407
85121,85127,86808,6,1681,2,9000,1.00356930399
85131,85138,86794,7,1656,2,9000,1.00422705314
85142,85149,86804,7,1655,2,9000,1.00422960725
85153,85159,86845,6,1686,2,9000,1.00355871886
85164,85171,86844,7,1673,2,9000,1.00418410042
85174,85180,86836,6,1656,2,9000,1.00362318841
85185,85192,86923,7,1731,2,9000,1.00404390526
85196,85202,86897,6,1695,2,9000,1.00353982301
85206,85213,86919,7,1706,2,9000,1.0041031653
85217,85224,86949,7,1725,2,9000,1.00405797101
85228,85235,86914,7,1679,2,9000,1.0041691483
85238,85246,86902,8,1656,2,9000,1.00483091787
85249,85256,86909,7,1653,2,9000,1.00423472474
85260,85266,86915,6,1649,2,9000,1.00363856883
85271,85277,86945,6,1668,2,9000,1.0035971223
85281,85287,86964,6,1677,2,9000,1.00357781753
85292,85298,86984,6,1686,2,9000,1.00355871886
85303,85310,86956,7,1646,2,9000,1.0042527339
85313,85319,86972,6,1653,2,9000,1.00362976407
85324,85331,87035,7,1704,2,9000,1.00410798122
85335,85343,87050,8,1707,2,9000,1.00468658465
85345,85353,87039,8,1686,2,9000,1.00474495848
85356,85363,87035,7,1672,2,9000,1.00418660287
85367,85374,87060,7,1686,2,9000,1.00415183867
85378,85384,87066,6,1682,2,9000,1.00356718193
85388,85396,87072,8,1676,2,9000,1.00477326969
85399,85406,87111,7,1705,2,9000,1.00410557185
85410,85416,87071,6,1655,2,9000,1.00362537764
85420,85428,87098,8,1670,2,9000,1.00479041916
85431,85438,87093,7,1655,2,9000,1.00422960725
85442,85448,87114,6,1666,2,9000,1.00360144058
85453,85459,87174,6,1715,2,9000,1.00349854227
85463,85470,87181,7,1711,2,9000,1.00409117475
85474,85481,87165,7,1684,2,9000,1.0041567696
85485,85492,87147,7,1655,2,9000,1.00422960725
85495,85503,87175,8,1672,2,9000,1.004784689
85506,85513,87150,7,1637,2,9000,1.00427611484
85517,85524,87165,7,1641,2,9000,1.00426569165
85528,85535,87194,7,1659,2,9000,1.00421940928
85538,85544,87228,6,1684,2,9000,1.00356294537
85549,85556,87197,7,1641,2,9000,1.00426569165
85560,85566,87226,6,1660,2,9000,1.00361445783
85591,85599,87231,8,1632,2,9000,1.00490196078
85597,85606,87341,9,1735,2,9000,1.00518731988
85608,85615,87311,7,1696,2,9000,1.00412735849
85619,85626,87337,7,1711,2,9000,1.00409117475
85629,85637,87389,8,1752,2,9000,1.00456621005
85640,85646,87350,6,1704,2,9000,1.00352112676
85651,85658,87356,7,1698,2,9000,1.00412249706
85662,85668,87372,6,1704,2,9000,1.00352112676
85672,85680,87404,8,1724,2,9000,1.00464037123
85683,85690,87404,7,1714,2,9000,1.004084014
85694,85700,87392,6,1692,2,9000,1.00354609929
85705,85712,87436,7,1724,2,9000,1.00406032483
85715,85723,87487,8,1764,2,9000,1.00453514739
85726,85733,87470,7,1737,2,9000,1.00402993667
85739,86505,88171,766,1666,2,9000,1.45978391357
86506,86512,88114,6,1602,2,9000,1.00374531835
86516,86563,88106,47,1543,2,9000,1.03046014258
86568,86603,88199,35,1596,2,9000,1.02192982456
86599,86615,88122,16,1507,2,9000,1.01061712011
86620,86627,88222,7,1595,2,9000,1.00438871473
86630,86636,88234,6,1598,2,9000,1.00375469337
86641,86647,88198,6,1551,2,9000,1.00386847195
86651,86659,88307,8,1648,2,9000,1.00485436893
86662,86669,88268,7,1599,2,9000,1.00437773609
86673,86679,88263,6,1584,2,9000,1.00378787879
86683,86690,88273,7,1583,2,9000,1.00442198358
86694,86700,88288,6,1588,2,9000,1.00377833753
86705,86711,88246,6,1535,2,9000,1.00390879479
86715,86722,88371,7,1649,2,9000,1.00424499697
86726,86733,88391,7,1658,2,9000,1.00422195416
86736,86743,88407,7,1664,2,9000,1.00420673077
86747,86754,88394,7,1640,2,9000,1.00426829268
86758,86764,88411,6,1647,2,9000,1.00364298725
86768,86781,88398,13,1617,2,9000,1.00803957947
86779,86788,88416,9,1628,2,9000,1.00552825553
86789,86797,88385,8,1588,2,9000,1.00503778338
86800,86807,88428,7,1621,2,9000,1.00431832202
86811,86817,88376,6,1559,2,9000,1.00384862091
86822,86829,88399,7,1570,2,9000,1.00445859873
86832,86840,88404,8,1564,2,9000,1.00511508951
86843,86850,88401,7,1551,2,9000,1.00451321728
86854,86861,88560,7,1699,2,9000,1.00412007063
86865,86872,88524,7,1652,2,9000,1.00423728814
86875,86881,88529,6,1648,2,9000,1.0036407767
86886,86893,88556,7,1663,2,9000,1.00420926037
86897,86904,88567,7,1663,2,9000,1.00420926037
86907,86914,88592,7,1678,2,9000,1.0041716329
86918,86925,88576,7,1651,2,9000,1.00423985463
86929,86937,88576,8,1639,2,9000,1.00488102502
86940,86946,88561,6,1615,2,9000,1.00371517028
86950,86957,88565,7,1608,2,9000,1.00435323383
86961,86968,88589,7,1621,2,9000,1.00431832202
86972,86978,88561,6,1583,2,9000,1.00379027164
86983,86990,88542,7,1552,2,9000,1.00451030928
86993,87000,88544,7,1544,2,9000,1.00453367876
87004,87011,88503,7,1492,2,9000,1.00469168901
87050,87058,88809,8,1751,2,9000,1.00456881782
87061,87067,88810,6,1743,2,9000,1.00344234079
87072,87078,88780,6,1702,2,9000,1.00352526439
87075,87086,88753,11,1667,2,9000,1.00659868026
87086,87093,88752,7,1659,2,9000,1.00421940928
87097,87103,88764,6,1661,2,9000,1.00361228176
87107,87115,88760,8,1645,2,9000,1.00486322188
87118,87124,88797,6,1673,2,9000,1.00358637179
87129,87135,88773,6,1638,2,9000,1.00366300366
87139,87147,88781,8,1634,2,9000,1.00489596083
87150,87156,88892,6,1736,2,9000,1.0034562212
87161,87168,88924,7,1756,2,9000,1.00398633257
87172,87178,88914,6,1736,2,9000,1.0034562212
87183,87189,88919,6,1730,2,9000,1.00346820809
87193,87200,88985,7,1785,2,9000,1.00392156863
87204,87211,88910,7,1699,2,9000,1.00412007063
87250,87257,88999,7,1742,2,9000,1.00401836969
87261,87268,88972,7,1704,2,9000,1.00410798122
87292,87299,89024,7,1725,2,9000,1.00405797101
87303,87310,88963,7,1653,2,9000,1.00423472474
87313,87321,88997,8,1676,2,9000,1.00477326969
87324,87330,88981,6,1651,2,9000,1.00363416111
87335,87342,88959,7,1617,2,9000,1.00432900433
87346,87352,89094,6,1742,2,9000,1.00344431688
87356,87364,89099,8,1735,2,9000,1.00461095101
87367,87374,89096,7,1722,2,9000,1.00406504065
87378,87386,89048,8,1662,2,9000,1.00481347774
87389,87396,89058,7,1662,2,9000,1.00421179302
87399,87407,89064,8,1657,2,9000,1.00482800241
87410,87417,89049,7,1632,2,9000,1.00428921569
87421,87428,89155,7,1727,2,9000,1.00405327157
87432,87439,89217,7,1778,2,9000,1.00393700787
87442,87449,89193,7,1744,2,9000,1.00401376147
87453,87459,89127,6,1668,2,9000,1.0035971223
87464,87471,89146,7,1675,2,9000,1.00417910448
87475,87482,89142,7,1660,2,9000,1.00421686747
87485,87492,89125,7,1633,2,9000,1.0042865891
87496,87502,89135,6,1633,2,9000,1.00367421923
87507,87513,89270,6,1757,2,9000,1.00341491178
87517,87525,89278,8,1753,2,9000,1.00456360525
87528,88118,89833,590,1715,2,9000,1.34402332362
88123,88130,89730,7,1600,2,9000,1.004375
88134,88140,89918,6,1778,2,9000,1.00337457818
88144,88183,89954,39,1771,2,9000,1.0220214568
88186,88211,89941,25,1730,2,9000,1.01445086705
88207,88217,89948,10,1731,2,9000,1.00577700751
88218,88235,89933,17,1698,2,9000,1.01001177856
88239,88246,89954,7,1708,2,9000,1.00409836066
88250,88258,89950,8,1692,2,9000,1.00472813239
88260,88276,89955,16,1679,2,9000,1.00952948183
88271,88283,89946,12,1663,2,9000,1.00721587492
88282,88290,89929,8,1639,2,9000,1.00488102502
88293,88300,90084,7,1784,2,9000,1.00392376682
88304,88319,90074,15,1755,2,9000,1.00854700855
88314,88383,90127,69,1744,2,9000,1.03956422018
88387,88394,90108,7,1714,2,9000,1.004084014
88397,88405,90112,8,1707,2,9000,1.00468658465
88408,88416,90088,8,1672,2,9000,1.004784689
88419,88425,90077,6,1652,2,9000,1.00363196126
88430,88436,90113,6,1677,2,9000,1.00357781753
88441,88448,90069,7,1621,2,9000,1.00431832202
88451,88458,90073,7,1615,2,9000,1.00433436533
88462,88469,90046,7,1577,2,9000,1.00443880786
88473,88480,90236,7,1756,2,9000,1.00398633257
88484,88491,90211,7,1720,2,9000,1.00406976744
88494,88500,90248,6,1748,2,9000,1.00343249428
88505,88512,90257,7,1745,2,9000,1.00401146132
88516,88522,90225,6,1703,2,9000,1.00352319436
88527,88536,90204,9,1668,2,9000,1.00539568345
88537,88545,90201,8,1656,2,9000,1.00483091787
88548,88555,90210,7,1655,2,9000,1.00422960725
88559,88565,90186,6,1621,2,9000,1.00370141888
88570,88576,90158,6,1582,2,9000,1.00379266751
88581,88588,90154,7,1566,2,9000,1.00446998723
88591,88598,90362,7,1764,2,9000,1.00396825397
88602,88609,90352,7,1743,2,9000,1.00401606426
88613,88620,90415,7,1795,2,9000,1.00389972145
88624,88630,90319,6,1689,2,9000,1.00355239787
88634,88641,90358,7,1717,2,9000,1.00407687828
88645,88652,90353,7,1701,2,9000,1.00411522634
88656,88663,90351,7,1688,2,9000,1.00414691943
88667,88673,90336,6,1663,2,9000,1.00360793746
88678,88684,90361,6,1677,2,9000,1.00357781753
88688,88695,90302,7,1607,2,9000,1.00435594275
88699,88705,90309,6,1604,2,9000,1.00374064838
88710,88717,90310,7,1593,2,9000,1.00439422473
88721,88728,90485,7,1757,2,9000,1.00398406375
88731,88739,90471,8,1732,2,9000,1.00461893764
88742,88749,90487,7,1738,2,9000,1.00402761795
88753,88764,90487,11,1723,2,9000,1.00638421358
88764,88771,90450,7,1679,2,9000,1.0041691483
88775,88781,90451,6,1670,2,9000,1.00359281437
88785,88792,90488,7,1696,2,9000,1.00412735849
88796,88802,90511,6,1709,2,9000,1.00351082504
88807,88814,90454,7,1640,2,9000,1.00426829268
88818,88824,90432,6,1608,2,9000,1.00373134328
88828,88836,90420,8,1584,2,9000,1.00505050505
88839,88846,90394,7,1548,2,9000,1.00452196382
88850,88857,90612,7,1755,2,9000,1.00398860399
88861,88904,90686,43,1782,2,9000,1.0241301908
88902,88922,90661,20,1739,2,9000,1.01150086256
88923,88931,90634,8,1703,2,9000,1.00469759248
88934,88941,90662,7,1721,2,9000,1.00406740267
88945,88951,90665,6,1714,2,9000,1.00350058343
88956,88971,90663,15,1692,2,9000,1.00886524823
88967,88978,90641,11,1663,2,9000,1.00661455201
88977,88985,90639,8,1654,2,9000,1.00483675937
88988,88994,90612,6,1618,2,9000,1.00370828183
88999,89005,90546,6,1541,2,9000,1.0038935756
89010,89016,90563,6,1547,2,9000,1.00387847447
89020,89028,90754,8,1726,2,9000,1.00463499421
89031,89037,90816,6,1779,2,9000,1.00337268128
89042,89061,90788,19,1727,2,9000,1.01100173712
89063,89069,90800,6,1731,2,9000,1.00346620451
89074,89081,90799,7,1718,2,9000,1.00407450524
89084,89092,90786,8,1694,2,9000,1.00472255018
89095,89106,90824,11,1718,2,9000,1.00640279395
89106,89113,90778,7,1665,2,9000,1.0042042042
89117,89124,90758,7,1634,2,9000,1.00428396573
89127,89137,90775,10,1638,2,9000,1.00610500611
89138,89146,90750,8,1604,2,9000,1.00498753117
89149,89156,90714,7,1558,2,9000,1.00449293967
89160,89166,90942,6,1776,2,9000,1.00337837838
89170,89177,90946,7,1769,2,9000,1.00395703787
89181,89187,90904,6,1717,2,9000,1.00349446709
89192,89206,90895,14,1689,2,9000,1.00828892836
89203,89229,90907,26,1678,2,9000,1.01549463647
89234,89282,90984,48,1702,2,9000,1.02820211516
89286,89292,91003,6,1711,2,9000,1.00350672122
89296,89742,91386,446,1644,2,9000,1.27128953771
89753,89845,91521,92,1676,2,9000,1.05489260143
89846,89931,91629,85,1698,2,9000,1.05005889282
89928,89942,91634,14,1692,2,9000,1.00827423168
89939,89949,91646,10,1697,2,9000,1.00589275192
89950,89958,91642,8,1684,2,9000,1.00475059382
89961,89968,91638,7,1670,2,9000,1.00419161677
89972,89979,91671,7,1692,2,9000,1.00413711584
89982,89989,91644,7,1655,2,9000,1.00422960725
89993,89999,91686,6,1687,2,9000,1.00355660937
90004,90010,91673,6,1663,2,9000,1.00360793746
90015,90021,91682,6,1661,2,9000,1.00361228176
90025,90058,91686,33,1628,2,9000,1.02027027027
90057,90082,91747,25,1665,2,9000,1.01501501502
90078,90089,91707,11,1618,2,9000,1.00679851669
90088,90095,91695,7,1600,2,9000,1.004375
90099,90105,91794,6,1689,2,9000,1.00355239787
90110,90116,91821,6,1705,2,9000,1.00351906158
90121,90128,91819,7,1691,2,9000,1.00413956239
90131,90138,91832,7,1694,2,9000,1.0041322314
90142,90149,91832,7,1683,2,9000,1.00415923945
90153,90160,91831,7,1671,2,9000,1.00418910832
90163,90170,91850,7,1680,2,9000,1.00416666667
90174,90180,91849,6,1669,2,9000,1.00359496705
90185,90192,91869,7,1677,2,9000,1.00417412045
90196,90203,91881,7,1678,2,9000,1.0041716329
90206,90212,91875,6,1663,2,9000,1.00360793746
90217,90224,91873,7,1649,2,9000,1.00424499697
90228,90234,91858,6,1624,2,9000,1.00369458128
90238,90245,91865,7,1620,2,9000,1.00432098765
90249,90256,91885,7,1629,2,9000,1.00429711479
90260,90266,91967,6,1701,2,9000,1.00352733686
90271,90278,91974,7,1696,2,9000,1.00412735849
90281,90289,91949,8,1660,2,9000,1.00481927711
90292,90314,92003,22,1689,2,9000,1.01302545885
90313,90321,91988,8,1667,2,9000,1.00479904019
90324,90330,92001,6,1671,2,9000,1.00359066427
90335,90341,92008,6,1667,2,9000,1.00359928014
90345,90351,92041,6,1690,2,9000,1.00355029586
90356,90362,92035,6,1673,2,9000,1.00358637179
90367,90375,92041,8,1666,2,9000,1.00480192077
90377,90385,92034,8,1649,2,9000,1.00485142511
90388,90394,92064,6,1670,2,9000,1.00359281437
90399,90406,92039,7,1633,2,9000,1.0042865891
90410,90417,92060,7,1643,2,9000,1.00426049909
90420,90427,92043,7,1616,2,9000,1.00433168317
90431,90438,92093,7,1655,2,9000,1.00422960725
90442,90449,92146,7,1697,2,9000,1.00412492634
90453,90460,92123,7,1663,2,9000,1.00420926037
90463,90470,92119,7,1649,2,9000,1.00424499697
90474,90480,92162,6,1682,2,9000,1.00356718193
90485,90492,92171,7,1679,2,9000,1.0041691483
90495,90502,92186,7,1684,2,9000,1.0041567696
90506,90512,92186,6,1674,2,9000,1.00358422939
90517,90525,92195,8,1670,2,9000,1.00479041916
90528,90535,92191,7,1656,2,9000,1.00422705314
90538,90544,92252,6,1708,2,9000,1.00351288056
90549,90555,92252,6,1697,2,9000,1.00353565115
90560,90567,92254,7,1687,2,9000,1.00414937759
90571,90577,92229,6,1652,2,9000,1.00363196126
90581,90624,92269,43,1645,2,9000,1.02613981763
90623,90631,92291,8,1660,2,9000,1.00481927711
90633,90646,92297,13,1651,2,9000,1.00787401575
90644,90653,92308,9,1655,2,9000,1.00543806647
90655,90661,92348,6,1687,2,9000,1.00355660937
90666,90672,92361,6,1689,2,9000,1.00355239787
90677,90683,92342,6,1659,2,9000,1.00361663653
90687,90693,92357,6,1664,2,9000,1.00360576923
90698,90704,92381,6,1677,2,9000,1.00357781753
90709,90716,92381,7,1665,2,9000,1.0042042042
90719,90726,92387,7,1661,2,9000,1.00421432872
90730,90762,92457,32,1695,2,9000,1.01887905605
90761,90769,92462,8,1693,2,9000,1.00472533963
90772,90778,92479,6,1701,2,9000,1.00352733686
90783,90789,92459,6,1670,2,9000,1.00359281437
90794,90801,92450,7,1649,2,9000,1.00424499697
90804,90811,92475,7,1664,2,9000,1.00420673077
90815,90821,92471,6,1650,2,9000,1.00363636364
90826,90832,92502,6,1670,2,9000,1.00359281437
90837,90844,92481,7,1637,2,9000,1.00427611484
90847,90854,92491,7,1637,2,9000,1.00427611484
90858,90865,92506,7,1641,2,9000,1.00426569165
90869,90908,92590,39,1682,2,9000,1.02318668252
90910,90917,92595,7,1678,2,9000,1.0041716329
90921,90928,92596,7,1668,2,9000,1.00419664269
90932,90954,92597,22,1643,2,9000,1.01339013999
90953,90961,92621,8,1660,2,9000,1.00481927711
90964,90996,92682,32,1686,2,9000,1.01897983393
90995,91016,92680,21,1664,2,9000,1.01262019231
91016,91398,93071,382,1673,2,9000,1.22833233712
91395,91534,93223,139,1689,2,9000,1.08229721729
91538,91641,93357,103,1716,2,9000,1.06002331002
91640,91648,93323,8,1675,2,9000,1.0047761194
91651,91659,93361,8,1702,2,9000,1.00470035253
91662,91669,93329,7,1660,2,9000,1.00421686747
91673,91679,93374,6,1695,2,9000,1.00353982301
91684,91691,93398,7,1707,2,9000,1.00410076157
91694,91702,93365,8,1663,2,9000,1.00481058328
91705,91712,93381,7,1669,2,9000,1.00419412822
91716,91723,93449,7,1726,2,9000,1.00405561993
91727,91734,93425,7,1691,2,9000,1.00413956239
91737,91744,93426,7,1682,2,9000,1.00416171225
91748,91755,93433,7,1678,2,9000,1.0041716329
91749,101909,101918,10160,9,32,3600,1016.9
91759,91766,93457,7,1691,2,9000,1.00413956239
91770,91776,93437,6,1661,2,9000,1.00361228176
91780,91806,93428,26,1622,2,9000,1.01602959309
91812,91831,93427,19,1596,2,9000,1.0119047619
91833,91840,93404,7,1564,2,9000,1.00447570332
91836,91847,93592,11,1745,2,9000,1.00630372493
91847,91854,93605,7,1751,2,9000,1.00399771559
91858,91864,93626,6,1762,2,9000,1.00340522134
91869,91876,93547,7,1671,2,9000,1.00418910832
91880,91887,93595,7,1708,2,9000,1.00409836066
91890,91897,93582,7,1685,2,9000,1.00415430267
91901,91908,93616,7,1708,2,9000,1.00409836066
91912,91919,93611,7,1692,2,9000,1.00413711584
91923,91930,93633,7,1703,2,9000,1.00411039342
91934,91941,93620,7,1679,2,9000,1.0041691483
91944,91952,93639,8,1687,2,9000,1.00474214582
91955,91963,93627,8,1664,2,9000,1.00480769231
91966,91973,93693,7,1720,2,9000,1.00406976744
91977,91984,93667,7,1683,2,9000,1.00415923945
91988,91995,93749,7,1754,2,9000,1.00399087799
91998,92006,93676,8,1670,2,9000,1.00479041916
92009,92016,93699,7,1683,2,9000,1.00415923945
92020,92027,93743,7,1716,2,9000,1.00407925408
92031,92038,93746,7,1708,2,9000,1.00409836066
92042,92048,93732,6,1684,2,9000,1.00356294537
92052,92058,93778,6,1720,2,9000,1.00348837209
92063,92070,93771,7,1701,2,9000,1.00411522634
92074,92081,93777,7,1696,2,9000,1.00412735849
92085,92092,93814,7,1722,2,9000,1.00406504065
92096,92103,93784,7,1681,2,9000,1.00416418798
92106,92113,93802,7,1689,2,9000,1.00414446418
92117,92124,93834,7,1710,2,9000,1.00409356725
92128,92135,93868,7,1733,2,9000,1.00403923832
92139,92145,93845,6,1700,2,9000,1.00352941176
92149,92157,93868,8,1711,2,9000,1.00467562829
92160,92166,93863,6,1697,2,9000,1.00353565115
92171,92177,93887,6,1710,2,9000,1.00350877193
92182,92189,93898,7,1709,2,9000,1.00409596255
92193,92199,93913,6,1714,2,9000,1.00350058343
92204,92211,93875,7,1664,2,9000,1.00420673077
92214,92221,93909,7,1688,2,9000,1.00414691943
92225,92232,93905,7,1673,2,9000,1.00418410042
92236,92243,93947,7,1704,2,9000,1.00410798122
92247,92264,93962,17,1698,2,9000,1.01001177856
92268,92274,93963,6,1689,2,9000,1.00355239787
92279,92286,93982,7,1696,2,9000,1.00412735849
92289,92296,94011,7,1715,2,9000,1.00408163265
92300,92307,93988,7,1681,2,9000,1.00416418798
92311,92318,94044,7,1726,2,9000,1.00405561993
92322,92329,94067,7,1738,2,9000,1.00402761795
92333,92354,94012,21,1658,2,9000,1.01266586248
92354,92361,94003,7,1642,2,9000,1.00426309379
92364,92372,94047,8,1675,2,9000,1.0047761194
92375,92381,94046,6,1665,2,9000,1.0036036036
92386,92393,94118,7,1725,2,9000,1.00405797101
92397,92404,94099,7,1695,2,9000,1.00412979351
92408,92414,94125,6,1711,2,9000,1.00350672122
92418,92463,94148,45,1685,2,9000,1.02670623145
92460,92470,94200,10,1730,2,9000,1.00578034682
92471,92479,94158,8,1679,2,9000,1.00476474092
92481,92488,94201,7,1713,2,9000,1.00408639813
92492,92499,94229,7,1730,2,9000,1.00404624277
92503,92509,94202,6,1693,2,9000,1.00354400473
92514,92520,94191,6,1671,2,9000,1.00359066427
92525,92531,94241,6,1710,2,9000,1.00350877193
92535,92543,94221,8,1678,2,9000,1.00476758045
92546,92553,94224,7,1671,2,9000,1.00418910832
92557,92564,94243,7,1679,2,9000,1.0041691483
92568,92602,94274,34,1672,2,9000,1.02033492823
92599,92609,94321,10,1712,2,9000,1.0058411215
92610,92617,94313,7,1696,2,9000,1.00412735849
92621,92628,94281,7,1653,2,9000,1.00423472474
92631,92639,94349,8,1710,2,9000,1.00467836257
92642,92692,94341,50,1649,2,9000,1.03032140691
92694,92701,94382,7,1681,2,9000,1.00416418798
92705,93084,94735,379,1651,2,9000,1.22955784373
93084,93235,94909,151,1674,2,9000,1.09020310633
93239,93335,95012,96,1677,2,9000,1.0572450805
93332,93342,95064,10,1722,2,9000,1.00580720093
93342,93369,95064,27,1695,2,9000,1.01592920354
93374,93381,95075,7,1694,2,9000,1.0041322314
93384,93391,95068,7,1677,2,9000,1.00417412045
93395,93401,95099,6,1698,2,9000,1.0035335689
93406,93412,95128,6,1716,2,9000,1.0034965035
93417,93424,95122,7,1698,2,9000,1.00412249706
93427,93434,95110,7,1676,2,9000,1.00417661098
93438,93445,95114,7,1669,2,9000,1.00419412822
93449,93456,95151,7,1695,2,9000,1.00412979351
93460,93467,95145,7,1678,2,9000,1.0041716329
93470,93477,95146,7,1669,2,9000,1.00419412822
93481,93487,95173,6,1686,2,9000,1.00355871886
93492,93499,95211,7,1712,2,9000,1.00408878505
93502,93510,95211,8,1701,2,9000,1.00470311581
93513,93519,95205,6,1686,2,9000,1.00355871886
93524,93559,95246,35,1687,2,9000,1.02074688797
93555,93595,95252,40,1657,2,9000,1.02414001207
93597,93604,95263,7,1659,2,9000,1.00421940928
93607,93615,95269,8,1654,2,9000,1.00483675937
93618,93626,95289,8,1663,2,9000,1.00481058328
93629,93636,95346,7,1710,2,9000,1.00409356725
93640,93646,95294,6,1648,2,9000,1.0036407767
93650,93656,95307,6,1651,2,9000,1.00363416111
93661,93668,95355,7,1687,2,9000,1.00414937759
93672,93679,95336,7,1657,2,9000,1.00422450211
93683,93689,95378,6,1689,2,9000,1.00355239787
93693,93699,95377,6,1678,2,9000,1.00357568534
93704,93711,95407,7,1696,2,9000,1.00412735849
93715,93722,95398,7,1676,2,9000,1.00417661098
93725,93733,95426,8,1693,2,9000,1.00472533963
93736,93743,95423,7,1680,2,9000,1.00416666667
93747,93753,95447,6,1694,2,9000,1.00354191263
93758,93764,95469,6,1705,2,9000,1.00351906158
93768,93775,95447,7,1672,2,9000,1.00418660287
93779,93785,95472,6,1687,2,9000,1.00355660937
93790,93798,95463,8,1665,2,9000,1.0048048048
93801,93808,95469,7,1661,2,9000,1.00421432872
93811,93817,95473,6,1656,2,9000,1.00362318841
93822,93828,95488,6,1660,2,9000,1.00361445783
93833,93840,95502,7,1662,2,9000,1.00421179302
93843,93851,95533,8,1682,2,9000,1.00475624257
93854,93860,95557,6,1697,2,9000,1.00353565115
93865,93871,95537,6,1666,2,9000,1.00360144058
93876,93883,95561,7,1678,2,9000,1.0041716329
93886,93893,95564,7,1671,2,9000,1.00418910832
93897,93903,95598,6,1695,2,9000,1.00353982301
93908,93915,95599,7,1684,2,9000,1.0041567696
93919,93925,95606,6,1681,2,9000,1.00356930399
93929,93935,95614,6,1679,2,9000,1.00357355569
93940,93946,95631,6,1685,2,9000,1.00356083086
93951,93958,95599,7,1641,2,9000,1.00426569165
93961,93969,95630,8,1661,2,9000,1.00481637568
93972,93978,95638,6,1660,2,9000,1.00361445783
93983,93990,95635,7,1645,2,9000,1.00425531915
93994,94000,95645,6,1645,2,9000,1.00364741641
94004,94011,95691,7,1680,2,9000,1.00416666667
94015,94021,95694,6,1673,2,9000,1.00358637179
94026,94032,95702,6,1670,2,9000,1.00359281437
94036,94044,95723,8,1679,2,9000,1.00476474092
94047,94053,95737,6,1684,2,9000,1.00356294537
94058,94065,95708,7,1643,2,9000,1.00426049909
94068,94076,95721,8,1645,2,9000,1.00486322188
94079,94085,95771,6,1686,2,9000,1.00355871886
94090,94096,95822,6,1726,2,9000,1.00347624565
94101,94112,95774,11,1662,2,9000,1.00661853189
94111,94130,95770,19,1640,2,9000,1.01158536585
94132,94139,95792,7,1653,2,9000,1.00423472474
94143,94160,95802,17,1642,2,9000,1.01035322777
94164,94172,95812,8,1640,2,9000,1.00487804878
94175,94203,95915,28,1712,2,9000,1.01635514019
94206,94214,95911,8,1697,2,9000,1.00471420153
94217,94224,95920,7,1696,2,9000,1.00412735849
94228,94234,95939,6,1705,2,9000,1.00351906158
94239,94246,95955,7,1709,2,9000,1.00409596255
94249,94257,95919,8,1662,2,9000,1.00481347774
94260,94267,95966,7,1699,2,9000,1.00412007063
94271,94277,95905,6,1628,2,9000,1.00368550369
94281,94289,95950,8,1661,2,9000,1.00481637568
94292,94298,95946,6,1648,2,9000,1.0036407767
94303,94310,95966,7,1656,2,9000,1.00422705314
94314,94325,96004,11,1679,2,9000,1.00655151876
94324,94334,95979,10,1645,2,9000,1.00607902736
94335,94353,96037,18,1684,2,9000,1.0106888361
94356,94363,96026,7,1663,2,9000,1.00420926037
94367,94394,96038,27,1644,2,9000,1.01642335766
94398,94748,96483,350,1735,2,9000,1.20172910663
94751,94921,96545,170,1624,2,9000,1.10467980296
94925,95024,96675,99,1651,2,9000,1.05996365839
95028,95076,96696,48,1620,2,9000,1.02962962963
95080,95087,96753,7,1666,2,9000,1.00420168067
95091,95097,96769,6,1672,2,9000,1.00358851675
95102,95109,96761,7,1652,2,9000,1.00423728814
95113,95119,96761,6,1642,2,9000,1.00365408039
95115,95127,95135,12,8,1,3600,2.0
95123,95134,96954,11,1820,2,9000,1.00604395604
95133,95141,96944,8,1803,2,9000,1.00443704936
95144,95151,96937,7,1786,2,9000,1.0039193729
95155,95161,96938,6,1777,2,9000,1.00337647721
95165,95172,96941,7,1769,2,9000,1.00395703787
95176,95182,96938,6,1756,2,9000,1.00341685649
95187,95193,96948,6,1755,2,9000,1.00341880342
95197,95205,96941,8,1736,2,9000,1.00460829493
95208,95217,96898,9,1681,2,9000,1.00535395598
95219,95226,96917,7,1691,2,9000,1.00413956239
95229,95236,96886,7,1650,2,9000,1.00424242424
95240,95258,96936,18,1678,2,9000,1.01072705602
95242,95265,95533,23,268,1,3600,1.08582089552
95261,95275,97054,14,1779,2,9000,1.00786958966
95272,95282,97058,10,1776,2,9000,1.00563063063
95283,95301,97090,18,1789,2,9000,1.01006148686
95304,95311,97088,7,1777,2,9000,1.00393922341
95314,95321,97099,7,1778,2,9000,1.00393700787
95325,95348,97078,23,1730,2,9000,1.01329479769
95346,95358,97112,12,1754,2,9000,1.00684150513
95357,95367,97105,10,1738,2,9000,1.00575373993
95367,95389,97099,22,1710,2,9000,1.01286549708
95388,95396,97088,8,1692,2,9000,1.00472813239
95399,95410,97098,11,1688,2,9000,1.00651658768
95410,95419,97072,9,1653,2,9000,1.0054446461
95421,95435,97214,14,1779,2,9000,1.00786958966
95432,95442,97202,10,1760,2,9000,1.00568181818
95442,95459,97230,17,1771,2,9000,1.00959909656
95463,95471,97279,8,1808,2,9000,1.00442477876
95474,95481,97261,7,1780,2,9000,1.00393258427
95485,95492,97232,7,1740,2,9000,1.00402298851
95496,95503,97240,7,1737,2,9000,1.00402993667
95507,95514,97227,7,1713,2,9000,1.00408639813
95517,95524,97238,7,1714,2,9000,1.004084014
95528,95535,97215,7,1680,2,9000,1.00416666667
95539,95547,97223,8,1676,2,9000,1.00477326969
95550,95557,97182,7,1625,2,9000,1.00430769231
95561,95568,97217,7,1649,2,9000,1.00424499697
95571,95579,97327,8,1748,2,9000,1.00457665904
95582,95589,97323,7,1734,2,9000,1.00403690888
95593,95600,97363,7,1763,2,9000,1.00397050482
95604,95612,97389,8,1777,2,9000,1.00450196961
95614,95622,97368,8,1746,2,9000,1.00458190149
95625,95632,97401,7,1769,2,9000,1.00395703787
95636,95644,97372,8,1728,2,9000,1.00462962963
95647,95654,97344,7,1690,2,9000,1.00414201183
95658,95665,97370,7,1705,2,9000,1.00410557185
95663,95706,96094,43,388,1,3600,1.11082474227
95668,95676,97363,8,1687,2,9000,1.00474214582
95679,95686,97336,7,1650,2,9000,1.00424242424
95690,95697,97312,7,1615,2,9000,1.00433436533
95701,95713,97312,12,1599,2,9000,1.00750469043
95712,95720,97525,8,1805,2,9000,1.00443213296
95723,95729,97497,6,1768,2,9000,1.00339366516
95733,95740,97453,7,1713,2,9000,1.00408639813
95744,95751,97496,7,1745,2,9000,1.00401146132
95755,95761,97495,6,1734,2,9000,1.00346020761
95766,95773,97525,7,1752,2,9000,1.00399543379
95777,95784,97505,7,1721,2,9000,1.00406740267
95787,95795,97507,8,1712,2,9000,1.0046728972
95798,95806,97485,8,1679,2,9000,1.00476474092
95809,95815,97485,6,1670,2,9000,1.00359281437
95820,95827,97484,7,1657,2,9000,1.00422450211
95831,95838,97459,7,1621,2,9000,1.00431832202
95841,95849,97455,8,1606,2,9000,1.00498132005
95852,95859,97636,7,1777,2,9000,1.00393922341
95863,95918,97690,55,1772,2,9000,1.03103837472
95915,95925,97645,10,1720,2,9000,1.00581395349
95926,95932,97677,6,1745,2,9000,1.00343839542
95936,95944,97701,8,1757,2,9000,1.00455321571
95947,95954,97706,7,1752,2,9000,1.00399543379
95958,95965,97698,7,1733,2,9000,1.00403923832
95969,95975,97666,6,1691,2,9000,1.00354819633
95980,95987,97684,7,1697,2,9000,1.00412492634
95990,95997,97657,7,1660,2,9000,1.00421686747
96001,96008,97638,7,1630,2,9000,1.00429447853
96012,96019,97649,7,1630,2,9000,1.00429447853
96023,96030,97610,7,1580,2,9000,1.00443037975
96034,96041,97769,7,1728,2,9000,1.00405092593
96044,96052,97814,8,1762,2,9000,1.00454029512
96055,96062,97800,7,1738,2,9000,1.00402761795
96066,96073,97808,7,1735,2,9000,1.00403458213
96077,96104,97837,27,1733,2,9000,1.01557991922
96098,96495,98206,397,1711,2,9000,1.23202805377
96333,96778,97703,445,925,1,3600,1.48108108108
96498,96557,98218,59,1661,2,9000,1.03552077062
96560,96687,98314,127,1627,2,9000,1.07805777505
96684,96708,98461,24,1753,2,9000,1.01369081574
96705,96765,98503,60,1738,2,9000,1.03452243959
96767,96773,98540,6,1767,2,9000,1.00339558574
96777,96785,98523,8,1738,2,9000,1.00460299194
96788,96898,98609,110,1711,2,9000,1.06428988895
96901,96910,98586,9,1676,2,9000,1.0053699284
96912,96930,98619,18,1689,2,9000,1.01065719361
96933,96948,98628,15,1680,2,9000,1.00892857143
96944,96955,98593,11,1638,2,9000,1.00671550672
96955,96962,98578,7,1616,2,9000,1.00433168317
96965,96971,98557,6,1586,2,9000,1.00378310214
96976,96982,98690,6,1708,2,9000,1.00351288056
96987,96994,98710,7,1716,2,9000,1.00407925408
96998,97005,98748,7,1743,2,9000,1.00401606426
97008,97015,98728,7,1713,2,9000,1.00408639813
97019,97025,98693,6,1668,2,9000,1.0035971223
97030,97066,98782,36,1716,2,9000,1.02097902098
97071,97077,98736,6,1659,2,9000,1.00361663653
97082,97089,98747,7,1658,2,9000,1.00422195416
97093,97100,98730,7,1630,2,9000,1.00429447853
97103,97110,98732,7,1622,2,9000,1.00431565968
97114,97120,98678,6,1558,2,9000,1.00385109114
97125,97132,98835,7,1703,2,9000,1.00411039342
97136,97142,98882,6,1740,2,9000,1.00344827586
97146,97153,98866,7,1713,2,9000,1.00408639813
97157,97163,98870,6,1707,2,9000,1.00351493849
97168,97175,98867,7,1692,2,9000,1.00413711584
97178,97186,98856,8,1670,2,9000,1.00479041916
97189,97201,98889,12,1688,2,9000,1.00710900474
97200,97214,98857,14,1643,2,9000,1.00852099817
97211,97226,98841,15,1615,2,9000,1.0092879257
97222,97233,98836,11,1603,2,9000,1.0068621335
97232,97240,98764,8,1524,2,9000,1.00524934383
97243,97249,98967,6,1718,2,9000,1.00349243306
97254,97261,98986,7,1725,2,9000,1.00405797101
97265,97272,99049,7,1777,2,9000,1.00393922341
97275,97282,98937,7,1655,2,9000,1.00422960725
97286,97292,98992,6,1700,2,9000,1.00352941176
97297,97304,98956,7,1652,2,9000,1.00423728814
97307,97315,98943,8,1628,2,9000,1.00491400491
97318,97326,98940,8,1614,2,9000,1.00495662949
97329,97337,98899,8,1562,2,9000,1.00512163892
97340,97347,98894,7,1547,2,9000,1.00452488688
97350,97357,99066,7,1709,2,9000,1.00409596255
97361,97367,99060,6,1693,2,9000,1.00354400473
97372,97378,99068,6,1690,2,9000,1.00355029586
97383,97390,99056,7,1666,2,9000,1.00420168067
97393,97399,99060,6,1661,2,9000,1.00361228176
97404,97410,99035,6,1625,2,9000,1.00369230769
97415,97422,99023,7,1601,2,9000,1.00437226733
97426,97433,98995,7,1562,2,9000,1.00448143406
97436,97442,99002,6,1560,2,9000,1.00384615385
97447,97454,99124,7,1670,2,9000,1.00419161677
97458,97465,99123,7,1658,2,9000,1.00422195416
97469,97476,99106,7,1630,2,9000,1.00429447853
97479,97486,99103,7,1617,2,9000,1.00432900433
97490,97496,99068,6,1572,2,9000,1.00381679389
97501,97508,99090,7,1582,2,9000,1.00442477876
97511,97519,99067,8,1548,2,9000,1.00516795866
97522,97529,99149,7,1620,2,9000,1.00432098765
97533,97540,99145,7,1605,2,9000,1.00436137072
97544,97551,99164,7,1613,2,9000,1.00433973962
97555,97561,99153,6,1592,2,9000,1.00376884422
97565,97572,99098,7,1526,2,9000,1.00458715596
97576,97582,99125,6,1543,2,9000,1.00388852884
97587,97594,99120,7,1526,2,9000,1.00458715596
97598,97605,99301,7,1696,2,9000,1.00412735849
97609,97622,99317,13,1695,2,9000,1.00766961652
97619,97648,99346,29,1698,2,9000,1.01707891637
97651,97657,99391,6,1734,2,9000,1.00346020761
97661,97668,99390,7,1722,2,9000,1.00406504065
97672,97680,99396,8,1716,2,9000,1.00466200466
97683,97691,99389,8,1698,2,9000,1.00471142521
97694,97701,99399,7,1698,2,9000,1.00412249706
97704,97713,99431,9,1718,2,9000,1.00523864959
97716,97723,99460,7,1737,2,9000,1.00402993667
97726,97733,99483,7,1750,2,9000,1.004
97737,97743,99423,6,1680,2,9000,1.00357142857
97748,97755,99428,7,1673,2,9000,1.00418410042
97759,97766,99435,7,1669,2,9000,1.00419412822
97769,97777,99494,8,1717,2,9000,1.00465928946
97780,97786,99487,6,1701,2,9000,1.00352733686
97791,97812,99526,21,1714,2,9000,1.01225204201
97813,97820,99580,7,1760,2,9000,1.00397727273
97823,97830,99544,7,1714,2,9000,1.004084014
97834,97850,99593,16,1743,2,9000,1.00917957544
97855,98218,99995,363,1777,2,9000,1.20427687113
98215,98230,99903,15,1673,2,9000,1.00896592947
98226,98326,100009,100,1683,2,9000,1.05941770648
98303,98710,98715,407,5,1,3600,41.2
98329,98473,100166,144,1693,2,9000,1.08505611341
98472,98515,100221,43,1706,2,9000,1.02520515826
98513,98536,100272,23,1736,2,9000,1.01324884793
98534,98552,100265,18,1713,2,9000,1.01050788091
98557,98569,100266,12,1697,2,9000,1.0070713023
98567,98590,100316,23,1726,2,9000,1.01332560834
98588,98599,100365,11,1766,2,9000,1.00622876557
98599,98606,100364,7,1758,2,9000,1.0039817975
98610,98621,100299,11,1678,2,9000,1.00655542312
98620,98632,100305,12,1673,2,9000,1.00717274357
98631,98641,100317,10,1676,2,9000,1.00596658711
98642,98715,98723,73,8,1,1800,8.1
98642,98690,100383,48,1693,2,9000,1.0283520378
98693,98703,100405,10,1702,2,9000,1.00587544066
98704,98722,100415,18,1693,2,9000,1.01063201418
98725,98732,100406,7,1674,2,9000,1.00418160096
98735,98742,100485,7,1743,2,9000,1.00401606426
98746,98753,100489,7,1736,2,9000,1.00403225806
98757,98763,100481,6,1718,2,9000,1.00349243306
98767,98773,100521,6,1748,2,9000,1.00343249428
98778,98784,100524,6,1740,2,9000,1.00344827586
98789,98795,100504,6,1709,2,9000,1.00351082504
98799,98805,100530,6,1725,2,9000,1.00347826087
98810,98817,100479,7,1662,2,9000,1.00421179302
98820,98847,100522,27,1675,2,9000,1.01611940299
98824,98854,98949,30,95,1,3600,1.31578947368
98852,98861,100538,9,1677,2,9000,1.0053667263
98862,98870,100551,8,1681,2,9000,1.00475907198
98864,98877,98961,13,84,1,1800,1.15476190476
98873,98884,100571,11,1687,2,9000,1.0065204505
98884,98891,100610,7,1719,2,9000,1.00407213496
98894,98901,100598,7,1697,2,9000,1.00412492634
98905,98913,100616,8,1703,2,9000,1.00469759248
98916,98922,100617,6,1695,2,9000,1.00353982301
98926,98934,100651,8,1717,2,9000,1.00465928946
98937,98944,100678,7,1734,2,9000,1.00403690888
98948,98955,100660,7,1705,2,9000,1.00410557185
98959,98965,100740,6,1775,2,9000,1.00338028169
98970,98976,100713,6,1737,2,9000,1.00345423143
98980,98987,100632,7,1645,2,9000,1.00425531915
98991,98997,100645,6,1648,2,9000,1.0036407767
99001,99013,99137,12,124,1,3600,1.09677419355
99002,99008,100681,6,1673,2,9000,1.00358637179
99013,99021,100692,8,1671,2,9000,1.00478755236
99023,99030,100719,7,1689,2,9000,1.00414446418
99034,99041,100763,7,1722,2,9000,1.00406504065
99045,99051,100744,6,1693,2,9000,1.00354400473
99056,99063,100728,7,1665,2,9000,1.0042042042
99066,99074,100773,8,1699,2,9000,1.00470865215
99077,99084,100822,7,1738,2,9000,1.00402761795
99088,99095,100829,7,1734,2,9000,1.00403690888
99098,99106,100864,8,1758,2,9000,1.00455062571
99101,99113,99424,12,311,1,3600,1.038585209
99109,99120,100871,11,1751,2,9000,1.0062821245
99120,99127,100786,7,1659,2,9000,1.00421940928
99131,99137,100769,6,1632,2,9000,1.00367647059
99142,99149,100844,7,1695,2,9000,1.00412979351
99153,99159,100811,6,1652,2,9000,1.00363196126
99163,99170,100870,7,1700,2,9000,1.00411764706
99174,99181,100861,7,1680,2,9000,1.00416666667
99185,99192,100878,7,1686,2,9000,1.00415183867
99194,99201,99308,7,107,1,1800,1.06542056075
99195,99208,100918,13,1710,2,9000,1.00760233918
99206,99215,100920,9,1705,2,9000,1.00527859238
99217,99223,100911,6,1688,2,9000,1.00355450237
99228,99235,100977,7,1742,2,9000,1.00401836969
99238,99245,100988,7,1743,2,9000,1.00401606426
99249,99255,100945,6,1690,2,9000,1.00355029586
99260,99267,100941,7,1674,2,9000,1.00418160096
99266,99274,99640,8,366,1,3600,1.0218579235
99271,99281,100932,10,1651,2,9000,1.00605693519
99282,99318,100992,36,1674,2,9000,1.02150537634
99313,99325,100993,12,1668,2,9000,1.0071942446
99324,99332,101013,8,1681,2,9000,1.00475907198
99335,99358,101038,23,1680,2,9000,1.01369047619
99356,99401,101139,45,1738,2,9000,1.02589182969
99398,99408,101161,10,1753,2,9000,1.00570450656
99409,99415,101105,6,1690,2,9000,1.00355029586
99419,99427,101177,8,1750,2,9000,1.00457142857
99430,99438,101183,8,1745,2,9000,1.00458452722
99442,99449,101166,7,1717,2,9000,1.00407687828
99452,99458,101102,6,1644,2,9000,1.00364963504
99463,99470,101145,7,1675,2,9000,1.00417910448
99474,99480,101141,6,1661,2,9000,1.00361228176
99484,99491,101159,7,1668,2,9000,1.00419664269
99495,99502,101192,7,1690,2,9000,1.00414201183
99506,99513,101203,7,1690,2,9000,1.00414201183
99516,99523,101228,7,1705,2,9000,1.00410557185
99527,99538,101269,11,1731,2,9000,1.00635470826
99538,99557,101301,19,1744,2,9000,1.01089449541
99559,99592,101362,33,1770,2,9000,1.0186440678
99590,99606,101373,16,1767,2,9000,1.0090548953
99611,99650,101314,39,1664,2,9000,1.0234375
99653,99915,101611,262,1696,2,9000,1.15448113208
99724,100284,100797,560,513,1,3600,2.09161793372
99826,100289,100674,463,385,1,1800,2.2025974026
99869,100295,101352,426,1057,1,3600,1.40302743614
99919,100007,101696,88,1689,2,9000,1.05210183541
100012,100022,101739,10,1717,2,9000,1.00582411182
100023,100178,101886,155,1708,2,9000,1.09074941452
100177,100232,101962,55,1730,2,9000,1.03179190751
100229,100277,101987,48,1710,2,9000,1.02807017544
100281,100311,101978,30,1667,2,9000,1.01799640072
100312,100319,101995,7,1676,2,9000,1.00417661098
100323,100330,102018,7,1688,2,9000,1.00414691943
100334,100340,102060,6,1720,2,9000,1.00348837209
100344,100376,102095,32,1719,2,9000,1.01861547411
100376,100383,102085,7,1702,2,9000,1.00411280846
100386,100396,102141,10,1745,2,9000,1.00573065903
100397,100417,102156,20,1739,2,9000,1.01150086256
100418,100426,102225,8,1799,2,9000,1.00444691495
100429,100435,102116,6,1681,2,9000,1.00356930399
100440,100491,102185,51,1694,2,9000,1.03010625738
100491,100498,102197,7,1699,2,9000,1.00412007063
100502,100509,102216,7,1707,2,9000,1.00410076157
100513,100520,102204,7,1684,2,9000,1.0041567696
100524,100530,102242,6,1712,2,9000,1.0035046729
100534,100541,102227,7,1686,2,9000,1.00415183867
100545,100552,102295,7,1743,2,9000,1.00401606426
100556,100563,102217,7,1654,2,9000,1.00423216445
100567,100574,102259,7,1685,2,9000,1.00415430267
100577,100585,102257,8,1672,2,9000,1.004784689
100588,100594,102269,6,1675,2,9000,1.00358208955
100599,100606,102326,7,1720,2,9000,1.00406976744
100610,100617,102321,7,1704,2,9000,1.00410798122
100620,100627,102321,7,1694,2,9000,1.0041322314
100631,100637,102306,6,1669,2,9000,1.00359496705
100642,100649,102344,7,1695,2,9000,1.00412979351
100653,100659,102350,6,1691,2,9000,1.00354819633
100663,100671,102349,8,1678,2,9000,1.00476758045
100674,100684,102422,10,1738,2,9000,1.00575373993
100686,100692,102370,6,1678,2,9000,1.00357568534
100724,100730,102440,6,1710,2,9000,1.00350877193
100735,100741,102447,6,1706,2,9000,1.00351699883
100745,100752,102429,7,1677,2,9000,1.00417412045
100756,100762,102443,6,1681,2,9000,1.00356930399
100767,100774,102473,7,1699,2,9000,1.00412007063
100778,100785,102485,7,1700,2,9000,1.00411764706
100788,100795,102481,7,1686,2,9000,1.00415183867
100799,100807,102509,8,1702,2,9000,1.00470035253
100810,100817,102517,7,1700,2,9000,1.00411764706
100821,100827,102538,6,1711,2,9000,1.00350672122
100832,100839,102538,7,1699,2,9000,1.00412007063
100843,100849,102518,6,1669,2,9000,1.00359496705
100854,100860,102528,6,1668,2,9000,1.0035971223
100864,100872,102575,8,1703,2,9000,1.00469759248
100875,100882,102570,7,1688,2,9000,1.00414691943
100886,100893,102570,7,1677,2,9000,1.00417412045
100896,100904,102633,8,1729,2,9000,1.004626952
100907,100914,102588,7,1674,2,9000,1.00418160096
100918,100924,102593,6,1669,2,9000,1.00359496705
100929,100936,102640,7,1704,2,9000,1.00410798122
100939,100947,102692,8,1745,2,9000,1.00458452722
100950,100957,102617,7,1660,2,9000,1.00421686747
100961,100968,102663,7,1695,2,9000,1.00412979351
100971,100979,102673,8,1694,2,9000,1.00472255018
100982,100988,102649,6,1661,2,9000,1.00361228176
100993,101000,102659,7,1659,2,9000,1.00421940928
101004,101011,102713,7,1702,2,9000,1.00411280846
101014,101020,102751,6,1731,2,9000,1.00346620451
101025,101032,102720,7,1688,2,9000,1.00414691943
101036,101042,102718,6,1676,2,9000,1.00357995227
101046,101052,102706,6,1654,2,9000,1.00362756953
101057,101063,102708,6,1645,2,9000,1.00364741641
101067,101075,102704,8,1629,2,9000,1.00491098834
101078,101085,102803,7,1718,2,9000,1.00407450524
101089,101114,102790,25,1676,2,9000,1.01491646778
101109,101121,102803,12,1682,2,9000,1.00713436385
101120,101151,102814,31,1663,2,9000,1.01864101022
101151,101158,102828,7,1670,2,9000,1.00419161677
101162,101169,102844,7,1675,2,9000,1.00417910448
101172,101180,102807,8,1627,2,9000,1.0049170252
101183,101189,102798,6,1609,2,9000,1.00372902424
101194,101201,102850,7,1649,2,9000,1.00424499697
101205,101212,102859,7,1647,2,9000,1.00425015179
101215,101222,102863,7,1641,2,9000,1.00426569165
101226,101232,102884,6,1652,2,9000,1.00363196126
101237,101244,102902,7,1658,2,9000,1.00422195416
101248,101255,103031,7,1776,2,9000,1.00394144144
101259,101281,102972,22,1691,2,9000,1.01301005322
101280,101313,103031,33,1718,2,9000,1.01920838184
101311,101327,102999,16,1672,2,9000,1.00956937799
101332,101362,103084,30,1722,2,9000,1.01742160279
101364,101374,103038,10,1664,2,9000,1.00600961538
101375,101385,103092,10,1707,2,9000,1.00585823081
101386,101623,103305,237,1682,2,9000,1.14090368609
101461,101935,101942,474,7,1,1800,48.1
101622,101708,103470,86,1762,2,9000,1.04880817253
101705,101751,103485,46,1734,2,9000,1.02652825836
101746,101899,103595,153,1696,2,9000,1.09021226415
101900,101930,103629,30,1699,2,9000,1.01765744556
101931,101941,103641,10,1700,2,9000,1.00588235294
101942,101952,103679,10,1727,2,9000,1.00579038796
101953,101960,103660,7,1700,2,9000,1.00411764706
101963,101970,103646,7,1676,2,9000,1.00417661098
101974,101980,103694,6,1714,2,9000,1.00350058343
101985,101991,103688,6,1697,2,9000,1.00353565115
101995,102002,103698,7,1696,2,9000,1.00412735849
102006,102013,103707,7,1694,2,9000,1.0041322314
102017,102024,103726,7,1702,2,9000,1.00411280846
102028,102035,103739,7,1704,2,9000,1.00410798122
102038,102045,103756,7,1711,2,9000,1.00409117475
102049,102055,103760,6,1705,2,9000,1.00351906158
102060,102067,103788,7,1721,2,9000,1.00406740267
102070,102077,103834,7,1757,2,9000,1.00398406375
102081,102088,103769,7,1681,2,9000,1.00416418798
102092,102098,103786,6,1688,2,9000,1.00355450237
102102,102109,103845,7,1736,2,9000,1.00403225806
102113,102120,103822,7,1702,2,9000,1.00411280846
102124,102131,103840,7,1709,2,9000,1.00409596255
102130,102138,102198,8,60,1,1800,1.13333333333
102135,102152,103860,17,1708,2,9000,1.00995316159
102156,102168,103914,12,1746,2,9000,1.00687285223
102166,102197,103921,31,1724,2,9000,1.01798143852
102198,102209,103934,11,1725,2,9000,1.00637681159
102208,102216,103979,8,1763,2,9000,1.0045377198
102219,102228,103888,9,1660,2,9000,1.00542168675
102230,102236,103897,6,1661,2,9000,1.00361228176
102241,102247,103923,6,1676,2,9000,1.00357995227
102251,102257,103953,6,1696,2,9000,1.00353773585
102262,102269,103963,7,1694,2,9000,1.0041322314
102272,102280,104033,8,1753,2,9000,1.00456360525
102279,102287,102438,8,151,1,3600,1.05298013245
102283,102294,104046,11,1752,2,9000,1.00627853881
102294,102300,104108,6,1808,2,9000,1.00331858407
102305,102312,104069,7,1757,2,9000,1.00398406375
102315,102321,104018,6,1697,2,9000,1.00353565115
102326,102333,104089,7,1756,2,9000,1.00398633257
102337,102344,104018,7,1674,2,9000,1.00418160096
102347,102355,104052,8,1697,2,9000,1.00471420153
102358,102364,104024,6,1660,2,9000,1.00361445783
102369,102376,104052,7,1676,2,9000,1.00417661098
102380,102386,104092,6,1706,2,9000,1.00351699883
102390,102397,104130,7,1733,2,9000,1.00403923832
102401,102435,104175,34,1740,2,9000,1.01954022989
102432,102442,104144,10,1702,2,9000,1.00587544066
102443,102452,104164,9,1712,2,9000,1.00525700935
102455,102461,104221,6,1760,2,9000,1.00340909091
102466,102473,104210,7,1737,2,9000,1.00402993667
102473,102479,102567,6,88,1,1800,1.06818181818
102477,102487,104246,10,1759,2,9000,1.00568504832
102488,102494,104187,6,1693,2,9000,1.00354400473
102498,102505,104229,7,1724,2,9000,1.00406032483
102509,102522,104195,13,1673,2,9000,1.00777047221
102520,102528,104209,8,1681,2,9000,1.00475907198
102530,102538,104216,8,1678,2,9000,1.00476758045
102541,102548,104206,7,1658,2,9000,1.00422195416
102552,102559,104226,7,1667,2,9000,1.00419916017
102563,102570,104243,7,1673,2,9000,1.00418410042
102574,102582,104308,8,1726,2,9000,1.00463499421
102585,102592,104283,7,1691,2,9000,1.00413956239
102589,102718,103028,129,310,1,3600,1.41612903226
102596,102603,104340,7,1737,2,9000,1.00402993667
102607,102614,104324,7,1710,2,9000,1.00409356725
102617,102625,104349,8,1724,2,9000,1.00464037123
102628,102635,104390,7,1755,2,9000,1.00398860399
102639,102647,104417,8,1770,2,9000,1.00451977401
102650,102657,104443,7,1786,2,9000,1.0039193729
102661,102668,104403,7,1735,2,9000,1.00403458213
102671,102679,104366,8,1687,2,9000,1.00474214582
102682,102689,104390,7,1701,2,9000,1.00411522634
102693,102699,104370,6,1671,2,9000,1.00359066427
102704,102711,104371,7,1660,2,9000,1.00421686747
102715,102725,104414,10,1689,2,9000,1.00592066311
102725,102732,104435,7,1703,2,9000,1.00411039342
102736,102743,104443,7,1700,2,9000,1.00411764706
102747,102754,104453,7,1699,2,9000,1.00412007063
102758,102765,104491,7,1726,2,9000,1.00405561993
102768,102776,104486,8,1710,2,9000,1.00467836257
102779,102786,104499,7,1713,2,9000,1.00408639813
102790,102802,104553,12,1751,2,9000,1.00685322673
102801,102809,104536,8,1727,2,9000,1.00463231036
102812,102819,104507,7,1688,2,9000,1.00414691943
102823,102830,104534,7,1704,2,9000,1.00410798122
102833,102840,104524,7,1684,2,9000,1.0041567696
102844,102851,104543,7,1692,2,9000,1.00413711584
102855,102861,104541,6,1680,2,9000,1.00357142857
102866,102873,104540,7,1667,2,9000,1.00419916017
102877,102884,104566,7,1682,2,9000,1.00416171225
102887,102894,104563,7,1669,2,9000,1.00419412822
102898,102905,104614,7,1709,2,9000,1.00409596255
102909,102916,104607,7,1691,2,9000,1.00413956239
102920,102927,104635,7,1708,2,9000,1.00409836066
102930,102984,104663,54,1679,2,9000,1.03216200119
102982,103012,104686,30,1674,2,9000,1.01792114695
103013,103043,104787,30,1744,2,9000,1.01720183486
103045,103053,104775,8,1722,2,9000,1.00464576074
103056,103063,104799,7,1736,2,9000,1.00403225806
103067,103096,104780,29,1684,2,9000,1.01722090261
103098,103104,104758,6,1654,2,9000,1.00362756953
103108,103317,105001,209,1684,2,9000,1.12410926366
103199,103207,103467,8,260,1,1800,1.03076923077
103256,103263,103533,7,270,1,120,1.02592592593
103313,103482,105151,169,1669,2,9000,1.10125823847
103320,103327,103797,7,470,1,3600,1.01489361702
103439,103446,103533,7,87,1,120,1.08045977011
103479,103497,105203,18,1706,2,9000,1.01055099648
103501,103607,105283,106,1676,2,9000,1.06324582339
103604,103641,105354,37,1713,2,9000,1.02159953298
103645,103652,105356,7,1704,2,9000,1.00410798122
103656,103663,105430,7,1767,2,9000,1.00396151669
103667,103675,105350,8,1675,2,9000,1.0047761194
103678,103691,105388,13,1697,2,9000,1.00766057749
103688,103700,105385,12,1685,2,9000,1.00712166172
103699,103707,105349,8,1642,2,9000,1.00487210719
103710,103716,105365,6,1649,2,9000,1.00363856883
103721,103727,105377,6,1650,2,9000,1.00363636364
103731,103738,105393,7,1655,2,9000,1.00422960725
103742,103751,105429,9,1678,2,9000,1.00536352801
103753,103768,105437,15,1669,2,9000,1.00898741762
103764,103775,105452,11,1677,2,9000,1.00655933214
103774,103782,105469,8,1687,2,9000,1.00474214582
103785,103798,105547,13,1749,2,9000,1.00743281875
103796,103805,105480,9,1675,2,9000,1.00537313433
103807,103835,105570,28,1735,2,9000,1.01613832853
103838,103846,105529,8,1683,2,9000,1.00475341652
103849,103856,105556,7,1700,2,9000,1.00411764706
103860,103867,105549,7,1682,2,9000,1.00416171225
103870,103877,105497,7,1620,2,9000,1.00432098765
103881,103901,105488,20,1587,2,9000,1.01260239445
103902,103909,105559,7,1650,2,9000,1.00424242424
103913,103927,105577,14,1650,2,9000,1.00848484848
103924,103934,105601,10,1667,2,9000,1.00599880024
103934,103941,105682,7,1741,2,9000,1.00402067777
103945,103952,105626,7,1674,2,9000,1.00418160096
103956,103965,105654,9,1689,2,9000,1.0053285968
103967,103976,105663,9,1687,2,9000,1.00533491405
103977,103991,105673,14,1682,2,9000,1.00832342449
103988,104029,105781,41,1752,2,9000,1.02340182648
104030,104036,105713,6,1677,2,9000,1.00357781753
104040,104048,105718,8,1670,2,9000,1.00479041916
104051,104058,105734,7,1676,2,9000,1.00417661098
104062,104068,105652,6,1584,2,9000,1.00378787879
104073,104080,105738,7,1658,2,9000,1.00422195416
104084,104091,105753,7,1662,2,9000,1.00421179302
104094,104101,105787,7,1686,2,9000,1.00415183867
104105,104111,105779,6,1668,2,9000,1.0035971223
104116,104122,105783,6,1661,2,9000,1.00361228176
104127,104134,105824,7,1690,2,9000,1.00414201183
104137,104145,105759,8,1614,2,9000,1.00495662949
104148,104157,105790,9,1633,2,9000,1.00551132884
104159,104176,105812,17,1636,2,9000,1.01039119804
104180,104187,105848,7,1661,2,9000,1.00421432872
104191,104200,105875,9,1675,2,9000,1.00537313433
104201,104209,105879,8,1670,2,9000,1.00479041916
104212,104220,105883,8,1663,2,9000,1.00481058328
104223,104230,105904,7,1674,2,9000,1.00418160096
104234,104240,105914,6,1674,2,9000,1.00358422939
104244,104252,105916,8,1664,2,9000,1.00480769231
104255,104261,105877,6,1616,2,9000,1.00371287129
104266,104273,105904,7,1631,2,9000,1.00429184549
104277,104284,105974,7,1690,2,9000,1.00414201183
104287,104294,105971,7,1677,2,9000,1.00417412045
104298,104304,105952,6,1648,2,9000,1.0036407767
104309,104316,105951,7,1635,2,9000,1.00428134557
104320,104326,105946,6,1620,2,9000,1.0037037037
104331,104337,105981,6,1644,2,9000,1.00364963504
104341,104352,106006,11,1654,2,9000,1.00665054414
104352,104361,106001,9,1640,2,9000,1.00548780488
104363,104378,106006,15,1628,2,9000,1.00921375921
104374,104385,105998,11,1613,2,9000,1.00681959082
104385,104392,105990,7,1598,2,9000,1.00438047559
104395,104402,106048,7,1646,2,9000,1.0042527339
104406,104413,106042,7,1629,2,9000,1.00429711479
104417,104424,106054,7,1630,2,9000,1.00429447853
104428,104435,106055,7,1620,2,9000,1.00432098765
104439,104446,106073,7,1627,2,9000,1.00430239705
104449,104456,106094,7,1638,2,9000,1.00427350427
104460,104468,106078,8,1610,2,9000,1.0049689441
104471,104477,106105,6,1628,2,9000,1.00368550369
104482,104489,106125,7,1636,2,9000,1.00427872861
104492,104500,106166,8,1666,2,9000,1.00480192077
104503,104510,106184,7,1674,2,9000,1.00418160096
104514,104520,106195,6,1675,2,9000,1.00358208955
104525,104532,106193,7,1661,2,9000,1.00421432872
104535,104543,106135,8,1592,2,9000,1.00502512563
104546,104553,106157,7,1604,2,9000,1.00436408978
104557,104564,106145,7,1581,2,9000,1.00442757748
104568,104574,106205,6,1631,2,9000,1.00367872471
104578,104585,106217,7,1632,2,9000,1.00428921569
104589,104595,106220,6,1625,2,9000,1.00369230769
104597,104603,106333,6,1730,2,9000,1.00346820809
104607,104615,106317,8,1702,2,9000,1.00470035253
104618,104625,106330,7,1705,2,9000,1.00410557185
104629,104636,106330,7,1694,2,9000,1.0041322314
104640,104646,106298,6,1652,2,9000,1.00363196126
104650,104658,106364,8,1706,2,9000,1.00468933177
104661,104676,106414,15,1738,2,9000,1.0086306099
104672,104699,106416,27,1717,2,9000,1.01572510192
104703,104771,106465,68,1694,2,9000,1.04014167651
104776,104787,106469,11,1682,2,9000,1.00653983353
104786,104794,106465,8,1671,2,9000,1.00478755236
104797,104805,106505,8,1700,2,9000,1.00470588235
104808,104815,106529,7,1714,2,9000,1.004084014
104819,105013,106708,194,1695,2,9000,1.11445427729
105016,105163,106817,147,1654,2,9000,1.08887545345
105160,105215,106873,55,1658,2,9000,1.03317249698
105212,105295,106953,83,1658,2,9000,1.05006031363
105295,105361,107000,66,1639,2,9000,1.04026845638
105357,105368,107048,11,1680,2,9000,1.00654761905
105368,105375,107053,7,1678,2,9000,1.0041716329
105378,105385,107041,7,1656,2,9000,1.00422705314
105389,105395,107029,6,1634,2,9000,1.00367197062
105400,105407,107084,7,1677,2,9000,1.00417412045
105411,105418,107102,7,1684,2,9000,1.0041567696
105422,105428,107063,6,1635,2,9000,1.00366972477
105432,105439,107029,7,1590,2,9000,1.00440251572
105443,105450,107085,7,1635,2,9000,1.00428134557
105454,105461,107158,7,1697,2,9000,1.00412492634
105465,105472,107118,7,1646,2,9000,1.0042527339
105475,105483,107123,8,1640,2,9000,1.00487804878
105486,105493,107134,7,1641,2,9000,1.00426569165
105497,105503,107145,6,1642,2,9000,1.00365408039
105508,105514,107098,6,1584,2,9000,1.00378787879
105518,105526,107191,8,1665,2,9000,1.0048048048
105529,105541,107193,12,1652,2,9000,1.00726392252
105540,105559,107244,19,1685,2,9000,1.01127596439
105561,105568,107215,7,1647,2,9000,1.00425015179
105572,105578,107175,6,1597,2,9000,1.00375704446
105583,105589,107174,6,1585,2,9000,1.00378548896
105593,105600,107306,7,1706,2,9000,1.0041031653
105604,105611,107277,7,1666,2,9000,1.00420168067
105615,105621,107295,6,1674,2,9000,1.00358422939
105626,105638,107245,12,1607,2,9000,1.00746733043
105636,105664,107259,28,1595,2,9000,1.01755485893
105668,105675,107267,7,1592,2,9000,1.00439698492
105679,105685,107198,6,1513,2,9000,1.0039656312
105689,105697,107370,8,1673,2,9000,1.00478182905
105700,105707,107393,7,1686,2,9000,1.00415183867
105711,105726,107403,15,1677,2,9000,1.00894454383
105722,105733,107415,11,1682,2,9000,1.00653983353
105732,105747,107425,15,1678,2,9000,1.00893921335
105743,105754,107428,11,1674,2,9000,1.00657108722
105754,105765,107424,11,1659,2,9000,1.0066305003
105765,105772,107438,7,1666,2,9000,1.00420168067
105776,105792,107461,16,1669,2,9000,1.00958657879
105797,105803,107462,6,1659,2,9000,1.00361663653
105807,105813,107483,6,1670,2,9000,1.00359281437
105818,105825,107495,7,1670,2,9000,1.00419161677
105829,105836,107517,7,1681,2,9000,1.00416418798
105840,105847,107496,7,1649,2,9000,1.00424499697
105850,105857,107533,7,1676,2,9000,1.00417661098
105861,105867,107465,6,1598,2,9000,1.00375469337
105872,105888,107531,16,1643,2,9000,1.00973828363
105893,105900,107545,7,1645,2,9000,1.00425531915
105904,105911,107550,7,1639,2,9000,1.00427089689
105915,105922,107575,7,1653,2,9000,1.00423472474
105925,105931,107566,6,1635,2,9000,1.00366972477
105936,105942,107602,6,1660,2,9000,1.00361445783
105947,105953,107571,6,1618,2,9000,1.00370828183
105958,105964,107592,6,1628,2,9000,1.00368550369
105968,105975,107621,7,1646,2,9000,1.0042527339
105979,105986,107603,7,1617,2,9000,1.00432900433
105990,105997,107622,7,1625,2,9000,1.00430769231
106001,106008,107642,7,1634,2,9000,1.00428396573
106011,106018,107666,7,1648,2,9000,1.00424757282
106022,106029,107682,7,1653,2,9000,1.00423472474
106033,106040,107689,7,1649,2,9000,1.00424499697
106044,106051,107709,7,1658,2,9000,1.00422195416
106054,106061,107716,7,1655,2,9000,1.00422960725
106065,106071,107746,6,1675,2,9000,1.00358208955
106076,106083,107740,7,1657,2,9000,1.00422450211
106087,106094,107769,7,1675,2,9000,1.00417910448
106097,106104,107742,7,1638,2,9000,1.00427350427
106108,106114,107741,6,1627,2,9000,1.0036877689
106119,106126,107762,7,1636,2,9000,1.00427872861
106130,106137,107825,7,1688,2,9000,1.00414691943
106141,106147,107807,6,1660,2,9000,1.00361445783
106151,106159,107803,8,1644,2,9000,1.00486618005
106162,106168,107827,6,1659,2,9000,1.00361663653
106173,106179,107826,6,1647,2,9000,1.00364298725
106184,106191,107819,7,1628,2,9000,1.0042997543
106194,106200,107800,6,1600,2,9000,1.00375
106205,106212,107850,7,1638,2,9000,1.00427350427
106216,106223,107887,7,1664,2,9000,1.00420673077
106227,106234,107883,7,1649,2,9000,1.00424499697
106238,106245,107927,7,1682,2,9000,1.00416171225
106248,106255,107880,7,1625,2,9000,1.00430769231
106259,106266,107890,7,1624,2,9000,1.00431034483
106270,106277,107922,7,1645,2,9000,1.00425531915
106281,106288,107894,7,1606,2,9000,1.00435865504
106292,106310,107937,18,1627,2,9000,1.0110633067
106313,106329,107915,16,1586,2,9000,1.01008827238
106334,106343,107975,9,1632,2,9000,1.00551470588
106345,106352,108037,7,1685,2,9000,1.00415430267
106355,106362,108045,7,1683,2,9000,1.00415923945
106366,106376,108052,10,1676,2,9000,1.00596658711
106377,106427,108085,50,1658,2,9000,1.03015681544
106429,106436,108108,7,1672,2,9000,1.00418660287
106440,106477,108114,37,1637,2,9000,1.02260232132
106481,106488,108126,7,1638,2,9000,1.00427350427
106492,106499,108115,7,1616,2,9000,1.00433168317
106503,106517,108123,14,1606,2,9000,1.00871731009
106514,106541,108150,27,1609,2,9000,1.01678060907
106545,106720,108305,175,1585,2,9000,1.11041009464
106720,106829,108391,109,1562,2,9000,1.06978233035
106834,106885,108520,51,1635,2,9000,1.03119266055
106886,106965,108623,79,1658,2,9000,1.0476477684
106968,107013,108659,45,1646,2,9000,1.02733900365
107010,107041,108707,31,1666,2,9000,1.01860744298
107041,107048,108703,7,1655,2,9000,1.00422960725
107052,107059,108731,7,1672,2,9000,1.00418660287
107063,107070,108769,7,1699,2,9000,1.00412007063
107074,107080,108722,6,1642,2,9000,1.00365408039
107085,107092,108737,7,1645,2,9000,1.00425531915
107095,107103,108755,8,1652,2,9000,1.00484261501
107106,107113,108776,7,1663,2,9000,1.00420926037
107117,107124,108783,7,1659,2,9000,1.00421940928
107128,107134,108785,6,1651,2,9000,1.00363416111
107139,107146,108785,7,1639,2,9000,1.00427089689
107150,107157,108796,7,1639,2,9000,1.00427089689
107160,107168,108811,8,1643,2,9000,1.00486914181
107171,107177,108848,6,1671,2,9000,1.00359066427
107182,107188,108849,6,1661,2,9000,1.00361228176
107193,107200,108857,7,1657,2,9000,1.00422450211
107204,107210,108875,6,1665,2,9000,1.0036036036
107214,107222,108883,8,1661,2,9000,1.00481637568
107225,107233,108900,8,1667,2,9000,1.00479904019
107236,107243,108892,7,1649,2,9000,1.00424499697
107247,107254,108921,7,1667,2,9000,1.00419916017
107258,107265,108915,7,1650,2,9000,1.00424242424
107269,107276,108943,7,1667,2,9000,1.00419916017
107279,107286,108929,7,1643,2,9000,1.00426049909
107290,107297,108952,7,1655,2,9000,1.00422960725
107301,107309,108983,8,1674,2,9000,1.00477897252
107312,107318,108981,6,1663,2,9000,1.00360793746
107323,107330,108974,7,1644,2,9000,1.00425790754
107333,107382,109042,49,1660,2,9000,1.02951807229
107385,107405,109052,20,1647,2,9000,1.01214329083
107406,107416,109064,10,1648,2,9000,1.00606796117
107417,107428,109081,11,1653,2,9000,1.00665456745
107428,107437,109103,9,1666,2,9000,1.00540216086
107439,107446,109130,7,1684,2,9000,1.0041567696
107450,107457,109119,7,1662,2,9000,1.00421179302
107461,107468,109160,7,1692,2,9000,1.00413711584
107471,107479,109102,8,1623,2,9000,1.00492914356
107482,107489,109155,7,1666,2,9000,1.00420168067
107493,107499,109196,6,1697,2,9000,1.00353565115
107504,107511,109175,7,1664,2,9000,1.00420673077
107515,107522,109196,7,1674,2,9000,1.00418160096
107525,107532,109210,7,1678,2,9000,1.0041716329
107536,107543,109200,7,1657,2,9000,1.00422450211
107543,107550,107906,7,356,1,7200,1.01966292135
107547,107557,109192,10,1635,2,9000,1.00611620795
107558,107564,109220,6,1656,2,9000,1.00362318841
107568,107575,109230,7,1655,2,9000,1.00422960725
107579,107586,109284,7,1698,2,9000,1.00412249706
107590,107596,109274,6,1678,2,9000,1.00357568534
107601,107607,109309,6,1702,2,9000,1.00352526439
107611,107618,109311,7,1693,2,9000,1.00413467218
107622,107629,109289,7,1660,2,9000,1.00421686747
107633,107640,109304,7,1664,2,9000,1.00420673077
107644,107651,109325,7,1674,2,9000,1.00418160096
107655,107662,109328,7,1666,2,9000,1.00420168067
107665,107673,109328,8,1655,2,9000,1.00483383686
107676,107682,109313,6,1631,2,9000,1.00367872471
107687,107694,109394,7,1700,2,9000,1.00411764706
107698,107704,109405,6,1701,2,9000,1.00352733686
107708,107715,109409,7,1694,2,9000,1.0041322314
107719,107725,109409,6,1684,2,9000,1.00356294537
107730,107737,109402,7,1665,2,9000,1.0042042042
107741,107753,109461,12,1708,2,9000,1.00702576112
107751,107760,109434,9,1674,2,9000,1.00537634409
107762,107769,109458,7,1689,2,9000,1.00414446418
107773,107780,109438,7,1658,2,9000,1.00422195416
107784,107791,109489,7,1698,2,9000,1.00412249706
107794,107802,109444,8,1642,2,9000,1.00487210719
107805,107812,109519,7,1707,2,9000,1.00410076157
107816,107822,109483,6,1661,2,9000,1.00361228176
107827,107834,109494,7,1660,2,9000,1.00421686747
107861,107867,109610,6,1743,2,9000,1.00344234079
107872,107879,109571,7,1692,2,9000,1.00413711584
107883,107890,109574,7,1684,2,9000,1.0041567696
107894,107900,109585,6,1685,2,9000,1.00356083086
107904,107911,109609,7,1698,2,9000,1.00412249706
107915,107922,109625,7,1703,2,9000,1.00411039342
107926,107933,109636,7,1703,2,9000,1.00411039342
107936,107943,109645,7,1702,2,9000,1.00411280846
107947,107953,109642,6,1689,2,9000,1.00355239787
107958,107964,109666,6,1702,2,9000,1.00352526439
107969,107976,109658,7,1682,2,9000,1.00416171225
107979,107987,109693,8,1706,2,9000,1.00468933177
107990,107997,109702,7,1705,2,9000,1.00410557185
108001,108008,109708,7,1700,2,9000,1.00411764706
108012,108018,109729,6,1711,2,9000,1.00350672122
108023,108049,109765,26,1716,2,9000,1.01515151515
108054,108061,109753,7,1692,2,9000,1.00413711584
108065,108072,109746,7,1674,2,9000,1.00418160096
108076,108098,109790,22,1692,2,9000,1.01300236407
108097,108120,109825,23,1705,2,9000,1.01348973607
108118,108127,109813,9,1686,2,9000,1.00533807829
108130,108136,109823,6,1687,2,9000,1.00355660937
108140,108146,109837,6,1691,2,9000,1.00354819633
108151,108158,109848,7,1690,2,9000,1.00414201183
108162,108168,109864,6,1696,2,9000,1.00353773585
108173,108317,110006,144,1689,2,9000,1.08525754885
108317,108403,110094,86,1691,2,9000,1.05085748078
108399,108532,110218,133,1686,2,9000,1.07888493476
108533,108636,110323,103,1687,2,9000,1.06105512745
108637,108671,110361,34,1690,2,9000,1.0201183432
108668,108715,110419,47,1704,2,9000,1.02758215962
108720,108726,110409,6,1683,2,9000,1.00356506239
108730,108737,110434,7,1697,2,9000,1.00412492634
108741,108748,110420,7,1672,2,9000,1.00418660287
108752,108758,110445,6,1687,2,9000,1.00355660937
108763,108770,110464,7,1694,2,9000,1.0041322314
108773,108780,110514,7,1734,2,9000,1.00403690888
108784,108791,110467,7,1676,2,9000,1.00417661098
108795,108802,110505,7,1703,2,9000,1.00411039342
108806,108813,110483,7,1670,2,9000,1.00419161677
108816,108823,110509,7,1686,2,9000,1.00415183867
108827,108834,110515,7,1681,2,9000,1.00416418798
108838,108844,110533,6,1689,2,9000,1.00355239787
108849,108860,110542,11,1682,2,9000,1.00653983353
108859,108867,110565,8,1698,2,9000,1.00471142521
108870,108877,110560,7,1683,2,9000,1.00415923945
108881,108888,110537,7,1649,2,9000,1.00424499697
108892,108898,110591,6,1693,2,9000,1.00354400473
108903,108910,110613,7,1703,2,9000,1.00411039342
108913,108920,110614,7,1694,2,9000,1.0041322314
108924,108930,110621,6,1691,2,9000,1.00354819633
108935,108942,110616,7,1674,2,9000,1.00418160096
108946,108953,110643,7,1690,2,9000,1.00414201183
108956,108963,110652,7,1689,2,9000,1.00414446418
108967,108974,110678,7,1704,2,9000,1.00410798122
108978,108987,110670,9,1683,2,9000,1.00534759358
108989,108995,110703,6,1708,2,9000,1.00351288056
108999,109006,110687,7,1681,2,9000,1.00416418798
109010,109054,110717,44,1663,2,9000,1.02645820806
109052,109064,110768,12,1704,2,9000,1.00704225352
109063,109077,110769,14,1692,2,9000,1.00827423168
109073,109093,110750,20,1657,2,9000,1.01207000604
109094,109114,110798,20,1684,2,9000,1.01187648456
109115,109122,110824,7,1702,2,9000,1.00411280846
109126,109132,110799,6,1667,2,9000,1.00359928014
109137,109144,110847,7,1703,2,9000,1.00411039342
109148,109167,110869,19,1702,2,9000,1.01116333725
109169,109176,110886,7,1710,2,9000,1.00409356725
109179,109187,110882,8,1695,2,9000,1.00471976401
109190,109205,110897,15,1692,2,9000,1.00886524823
109201,109212,110908,11,1696,2,9000,1.00648584906
109212,109219,110896,7,1677,2,9000,1.00417412045
109222,109230,110943,8,1713,2,9000,1.00467016929
109233,109240,110932,7,1692,2,9000,1.00413711584
109244,109250,110918,6,1668,2,9000,1.0035971223
109255,109262,110924,7,1662,2,9000,1.00421179302
109265,109286,110942,21,1656,2,9000,1.01268115942
109286,109296,110987,10,1691,2,9000,1.00591366056
109297,109305,110991,8,1686,2,9000,1.00474495848
109308,109317,111019,9,1702,2,9000,1.00528789659
109319,109326,110997,7,1671,2,9000,1.00418910832
109330,109336,111020,6,1684,2,9000,1.00356294537
109340,109347,111038,7,1691,2,9000,1.00413956239
109351,109358,111045,7,1687,2,9000,1.00414937759
109362,109369,111056,7,1687,2,9000,1.00414937759
109373,109379,111056,6,1677,2,9000,1.00357781753
109383,109406,111083,23,1677,2,9000,1.0137149672
109404,109415,111107,11,1692,2,9000,1.00650118203
109415,109422,111091,7,1669,2,9000,1.00419412822
109426,109432,111094,6,1662,2,9000,1.0036101083
109437,109443,111103,6,1660,2,9000,1.00361445783
109447,109455,111115,8,1660,2,9000,1.00481927711
109458,109464,111140,6,1676,2,9000,1.00357995227
109469,109476,111141,7,1665,2,9000,1.0042042042
109480,109487,111170,7,1683,2,9000,1.00415923945
109490,109498,111193,8,1695,2,9000,1.00471976401
109501,109508,111249,7,1741,2,9000,1.00402067777
109512,109519,111183,7,1664,2,9000,1.00420673077
109523,109530,111201,7,1671,2,9000,1.00418910832
109533,109540,111221,7,1681,2,9000,1.00416418798
109544,109583,111273,39,1690,2,9000,1.02307692308
109586,109593,111287,7,1694,2,9000,1.0041322314
109596,109603,111283,7,1680,2,9000,1.00416666667
109607,109621,111296,14,1675,2,9000,1.00835820896
109618,109628,111303,10,1675,2,9000,1.00597014925
109629,109638,111313,9,1675,2,9000,1.00537313433
109639,109647,111337,8,1690,2,9000,1.00473372781
109650,109657,111342,7,1685,2,9000,1.00415430267
109661,109668,111366,7,1698,2,9000,1.00412249706
109672,109678,111344,6,1666,2,9000,1.00360144058
109682,109690,111396,8,1706,2,9000,1.00468933177
109693,109705,111368,12,1663,2,9000,1.00721587492
109704,109715,111403,11,1688,2,9000,1.00651658768
109715,109722,111437,7,1715,2,9000,1.00408163265
109725,109741,111397,16,1656,2,9000,1.00966183575
109746,109758,111461,12,1703,2,9000,1.00704638873
109757,109765,111422,8,1657,2,9000,1.00482800241
109768,109777,111439,9,1662,2,9000,1.00541516245
109779,109803,111479,24,1676,2,9000,1.01431980907
109800,109825,111487,25,1662,2,9000,1.01504211793
109821,109835,111503,14,1668,2,9000,1.00839328537
109832,109842,111538,10,1696,2,9000,1.00589622642
109842,109850,111504,8,1654,2,9000,1.00483675937
109853,109860,111520,7,1660,2,9000,1.00421686747
109864,109876,111535,12,1659,2,9000,1.00723327306
109875,110019,111692,144,1673,2,9000,1.08607292289
110019,110106,111760,87,1654,2,9000,1.05259975816
110112,110235,111892,123,1657,2,9000,1.07423053712
110220,110228,110301,8,73,1,14400,1.1095890411
110236,110335,112001,99,1666,2,9000,1.05942376951
110305,110312,111776,7,1464,2,14400,1.00478142077
110339,110373,112048,34,1675,2,9000,1.02029850746
110370,110421,112098,51,1677,2,9000,1.03041144902
110422,110431,112087,9,1656,2,9000,1.00543478261
110433,110440,112104,7,1664,2,9000,1.00420673077
110444,110451,112098,7,1647,2,9000,1.00425015179
110455,110462,112120,7,1658,2,9000,1.00422195416
110465,110476,112149,11,1673,2,9000,1.00657501494
110476,110483,112160,7,1677,2,9000,1.00417412045
110487,110495,112157,8,1662,2,9000,1.00481347774
110498,110518,112167,20,1649,2,9000,1.01212856277
110519,110527,112192,8,1665,2,9000,1.0048048048
110530,110537,112197,7,1660,2,9000,1.00421686747
110541,110548,112209,7,1661,2,9000,1.00421432872
110551,110559,112239,8,1680,2,9000,1.00476190476
110562,110570,112234,8,1664,2,9000,1.00480769231
110573,110580,112247,7,1667,2,9000,1.00419916017
110584,110591,112252,7,1661,2,9000,1.00421432872
110595,110602,112293,7,1691,2,9000,1.00413956239
110606,110613,112268,7,1655,2,9000,1.00422960725
110616,110626,112291,10,1665,2,9000,1.00600600601
110627,110635,112304,8,1669,2,9000,1.00479328939
110638,110645,112307,7,1662,2,9000,1.00421179302
110649,110657,112302,8,1645,2,9000,1.00486322188
110660,110667,112302,7,1635,2,9000,1.00428134557
110670,110678,112329,8,1651,2,9000,1.00484554815
110681,110688,112356,7,1668,2,9000,1.00419664269
110692,110699,112360,7,1661,2,9000,1.00421432872
110703,110710,112361,7,1651,2,9000,1.00423985463
110714,110721,112372,7,1651,2,9000,1.00423985463
110725,110732,112390,7,1658,2,9000,1.00422195416
110736,110762,112410,26,1648,2,9000,1.01577669903
110767,110780,112428,13,1648,2,9000,1.00788834951
110778,110787,112448,9,1661,2,9000,1.00541842264
110789,110810,112486,21,1676,2,9000,1.01252983294
110810,110817,112474,7,1657,2,9000,1.00422450211
110821,110837,112508,16,1671,2,9000,1.00957510473
110842,110860,112529,18,1669,2,9000,1.01078490114
110863,110881,112522,18,1641,2,9000,1.01096892139
110884,110894,112553,10,1659,2,9000,1.00602772755
110895,110902,112573,7,1671,2,9000,1.00418910832
110906,110913,112574,7,1661,2,9000,1.00421432872
110917,110924,112592,7,1668,2,9000,1.00419664269
110927,110935,112608,8,1673,2,9000,1.00478182905
110938,110946,112626,8,1680,2,9000,1.00476190476
110949,110956,112631,7,1675,2,9000,1.00417910448
110960,110966,112654,6,1688,2,9000,1.00355450237
110970,110977,112631,7,1654,2,9000,1.00423216445
110981,110988,112703,7,1715,2,9000,1.00408163265
110992,110999,112685,7,1686,2,9000,1.00415183867
111003,111009,112717,6,1708,2,9000,1.00351288056
111013,111020,112722,7,1702,2,9000,1.00411280846
111024,111031,112726,7,1695,2,9000,1.00412979351
111035,111042,112720,7,1678,2,9000,1.0041716329
111046,111052,112719,6,1667,2,9000,1.00359928014
111056,111064,112735,8,1671,2,9000,1.00478755236
111067,111074,112757,7,1683,2,9000,1.00415923945
111078,111085,112752,7,1667,2,9000,1.00419916017
111089,111097,112768,8,1671,2,9000,1.00478755236
111100,111106,112764,6,1658,2,9000,1.00361881785
111110,111117,112777,7,1660,2,9000,1.00421686747
111121,111129,112793,8,1664,2,9000,1.00480769231
111132,111139,112828,7,1689,2,9000,1.00414446418
111143,111150,112840,7,1690,2,9000,1.00414201183
111153,111160,112829,7,1669,2,9000,1.00419412822
111164,111171,112842,7,1671,2,9000,1.00418910832
111175,111181,112844,6,1663,2,9000,1.00360793746
111186,111195,112880,9,1685,2,9000,1.00534124629
111196,111206,112878,10,1672,2,9000,1.00598086124
111207,111214,112901,7,1687,2,9000,1.00414937759
111218,111233,112897,15,1664,2,9000,1.00901442308
111229,111261,112929,32,1668,2,9000,1.01918465228
111260,111286,112955,26,1669,2,9000,1.01557819053
111291,111299,112960,8,1661,2,9000,1.00481637568
111302,111310,112986,8,1676,2,9000,1.00477326969
111313,111320,112989,7,1669,2,9000,1.00419412822
111324,111331,113016,7,1685,2,9000,1.00415430267
111334,111341,113035,7,1694,2,9000,1.0041322314
111345,111351,113019,6,1668,2,9000,1.0035971223
111356,111363,113011,7,1648,2,9000,1.00424757282
111367,111373,113050,6,1677,2,9000,1.00357781753
111377,111384,113067,7,1683,2,9000,1.00415923945
111388,111394,113064,6,1670,2,9000,1.00359281437
111399,111408,113107,9,1699,2,9000,1.00529723367
111410,111416,113078,6,1662,2,9000,1.0036101083
111421,111428,113123,7,1695,2,9000,1.00412979351
111431,111437,113117,6,1680,2,9000,1.00357142857
111442,111449,113117,7,1668,2,9000,1.00419664269
111453,111460,113115,7,1655,2,9000,1.00422960725
111464,111477,113147,13,1670,2,9000,1.00778443114
111474,111491,113154,17,1663,2,9000,1.01022248948
111495,111502,113147,7,1645,2,9000,1.00425531915
111506,111515,113174,9,1659,2,9000,1.00542495479
111517,111524,113177,7,1653,2,9000,1.00423472474
111528,111535,113211,7,1676,2,9000,1.00417661098
111538,111546,113198,8,1652,2,9000,1.00484261501
111549,111556,113262,7,1706,2,9000,1.0041031653
111560,111705,113340,145,1635,2,9000,1.08868501529
111704,111772,113444,68,1672,2,9000,1.04066985646
111777,111904,113567,127,1663,2,9000,1.07636800962
111900,112013,113667,113,1654,2,9000,1.06831922612
112014,112060,113729,46,1669,2,9000,1.02756141402
112065,112099,113748,34,1649,2,9000,1.0206185567
112097,112110,113739,13,1629,2,9000,1.00798035605
112108,112117,113752,9,1635,2,9000,1.00550458716
112118,112125,113780,7,1655,2,9000,1.00422960725
112129,112135,113758,6,1623,2,9000,1.00369685767
112140,112162,113795,22,1633,2,9000,1.01347213717
112161,112169,113810,8,1641,2,9000,1.00487507617
112172,112179,113859,7,1680,2,9000,1.00416666667
112182,112190,113850,8,1660,2,9000,1.00481927711
112193,112204,113872,11,1668,2,9000,1.00659472422
112204,112211,113868,7,1657,2,9000,1.00422450211
112212,112221,113882,9,1661,2,9000,1.00541842264
112222,112246,113917,24,1671,2,9000,1.01436265709
112243,112253,113926,10,1673,2,9000,1.00597728631
112254,112262,113922,8,1660,2,9000,1.00481927711
112265,112271,113940,6,1669,2,9000,1.00359496705
112276,112282,113949,6,1667,2,9000,1.00359928014
112286,112304,113970,18,1666,2,9000,1.01080432173
112307,112314,113988,7,1674,2,9000,1.00418160096
112318,112325,114006,7,1681,2,9000,1.00416418798
112329,112335,113999,6,1664,2,9000,1.00360576923
112340,112346,114028,6,1682,2,9000,1.00356718193
112351,112357,114035,6,1678,2,9000,1.00357568534
112361,112368,114038,7,1670,2,9000,1.00419161677
112372,112378,114057,6,1679,2,9000,1.00357355569
112383,112390,114060,7,1670,2,9000,1.00419161677
112394,112401,114064,7,1663,2,9000,1.00420926037
112404,112412,114096,8,1684,2,9000,1.00475059382
112415,112422,114088,7,1666,2,9000,1.00420168067
112426,112433,114097,7,1664,2,9000,1.00420673077
112437,112444,114151,7,1707,2,9000,1.00410076157
112447,112460,114123,13,1663,2,9000,1.00781719784
112458,112486,114161,28,1675,2,9000,1.01671641791
112489,112499,114184,10,1685,2,9000,1.0059347181
112500,112520,114214,20,1694,2,9000,1.01180637544
112521,112534,114210,13,1676,2,9000,1.00775656325
112532,112540,114254,8,1714,2,9000,1.00466744457
112543,112565,114253,22,1688,2,9000,1.01303317536
112564,112585,114249,21,1664,2,9000,1.01262019231
112585,112592,114267,7,1675,2,9000,1.00417910448
112596,112604,114263,8,1659,2,9000,1.00482218204
112607,112620,114292,13,1672,2,9000,1.00777511962
112617,112638,114284,21,1646,2,9000,1.0127582017
112638,112645,114323,7,1678,2,9000,1.0041716329
112649,112655,114346,6,1691,2,9000,1.00354819633
112660,112667,114331,7,1664,2,9000,1.00420673077
112671,112697,114357,26,1660,2,9000,1.0156626506
112702,112715,114365,13,1650,2,9000,1.00787878788
112713,112729,114431,16,1702,2,9000,1.00940070505
112734,112740,114413,6,1673,2,9000,1.00358637179
112745,112752,114453,7,1701,2,9000,1.00411522634
112755,112762,114439,7,1677,2,9000,1.00417412045
112766,112773,114433,7,1660,2,9000,1.00421686747
112777,112784,114443,7,1659,2,9000,1.00421940928
112788,112795,114432,7,1637,2,9000,1.00427611484
112798,112805,114460,7,1655,2,9000,1.00422960725
112809,112816,114460,7,1644,2,9000,1.00425790754
112820,112827,114501,7,1674,2,9000,1.00418160096
112831,112838,114525,7,1687,2,9000,1.00414937759
112841,112848,114520,7,1672,2,9000,1.00418660287
112852,112858,114544,6,1686,2,9000,1.00355871886
112863,112870,114563,7,1693,2,9000,1.00413467218
112874,112881,114584,7,1703,2,9000,1.00411039342
112884,112892,114577,8,1685,2,9000,1.00474777448
112895,112902,114603,7,1701,2,9000,1.00411522634
112906,112913,114594,7,1681,2,9000,1.00416418798
112917,112923,114572,6,1649,2,9000,1.00363856883
112927,112933,114622,6,1689,2,9000,1.00355239787
112938,112945,114613,7,1668,2,9000,1.00419664269
112949,112956,114592,7,1636,2,9000,1.00427872861
112960,112967,114607,7,1640,2,9000,1.00426829268
112970,112977,114595,7,1618,2,9000,1.0043263288
112981,112998,114684,17,1686,2,9000,1.01008303677
113002,113009,114688,7,1679,2,9000,1.0041691483
113013,113023,114712,10,1689,2,9000,1.00592066311
113024,113030,114760,6,1730,2,9000,1.00346820809
113034,113042,114755,8,1713,2,9000,1.00467016929
113045,113052,114745,7,1693,2,9000,1.00413467218
113056,113063,114764,7,1701,2,9000,1.00411522634
113067,113076,114758,9,1682,2,9000,1.00535077289
113078,113085,114764,7,1679,2,9000,1.0041691483
113088,113095,114766,7,1671,2,9000,1.00418910832
113099,113119,114795,20,1676,2,9000,1.01193317422
113120,113127,114782,7,1655,2,9000,1.00422960725
113131,113138,114783,7,1645,2,9000,1.00425531915
113142,113149,114803,7,1654,2,9000,1.00423216445
113152,113159,114789,7,1630,2,9000,1.00429447853
113163,113170,114842,7,1672,2,9000,1.00418660287
113174,113181,114867,7,1686,2,9000,1.00415183867
113185,113192,114865,7,1673,2,9000,1.00418410042
113195,113202,114909,7,1707,2,9000,1.00410076157
113206,113213,114896,7,1683,2,9000,1.00415923945
113217,113225,114909,8,1684,2,9000,1.00475059382
113228,113235,114945,7,1710,2,9000,1.00409356725
113238,113275,114960,37,1685,2,9000,1.02195845697
113280,113353,115066,73,1713,2,9000,1.0426152948
113352,113456,115142,104,1686,2,9000,1.06168446026
113456,113580,115245,124,1665,2,9000,1.07447447447
113580,113680,115331,100,1651,2,9000,1.06056935191
113683,113742,115417,59,1675,2,9000,1.0352238806
113745,113753,115434,8,1681,2,9000,1.00475907198
113756,113763,115454,7,1691,2,9000,1.00413956239
113767,113774,115460,7,1686,2,9000,1.00415183867
113777,113785,115468,8,1683,2,9000,1.00475341652
113788,113795,115472,7,1677,2,9000,1.00417412045
113799,113808,115493,9,1685,2,9000,1.00534124629
113810,113822,115527,12,1705,2,9000,1.00703812317
113821,113862,115567,41,1705,2,9000,1.02404692082
113855,115983,128426,2128,12443,32,43200,1.17101985052
113862,113871,115552,9,1681,2,9000,1.00535395598
113868,113878,113881,10,3,1,72000,1.3
113873,113885,115570,12,1685,2,9000,1.00712166172
113884,113892,115553,8,1661,2,9000,1.00481637568
113895,113901,115571,6,1670,2,9000,1.00359281437
113906,113929,115563,23,1634,2,9000,1.01407588739
113927,113936,115552,9,1616,2,9000,1.00556930693
113938,113945,115626,7,1681,2,9000,1.00416418798
113948,113955,115637,7,1682,2,9000,1.00416171225
113959,113966,115629,7,1663,2,9000,1.00420926037
113970,113982,115684,12,1702,2,9000,1.00705052879
113981,114000,115691,19,1691,2,9000,1.01123595506
114002,114011,115692,9,1681,2,9000,1.00535395598
114013,114020,115714,7,1694,2,9000,1.0041322314
114023,114040,115728,17,1688,2,9000,1.01007109005
114044,114052,115758,8,1706,2,9000,1.00468933177
114055,114061,115744,6,1683,2,9000,1.00356506239
114066,114074,115760,8,1686,2,9000,1.00474495848
114071,114081,141793,10,27712,1,72000,1.0003608545
114077,114088,115740,11,1652,2,9000,1.00665859564
114088,114095,115733,7,1638,2,9000,1.00427350427
114099,114106,115733,7,1627,2,9000,1.00430239705
114109,114117,115802,8,1685,2,9000,1.00474777448
114120,114127,115796,7,1669,2,9000,1.00419412822
114131,114138,115818,7,1680,2,9000,1.00416666667
114142,114163,115850,21,1687,2,9000,1.01244813278
114163,114173,115849,10,1676,2,9000,1.00596658711
114174,114197,115857,23,1660,2,9000,1.01385542169
114195,114222,115880,27,1658,2,9000,1.01628468034
114226,114233,115920,7,1687,2,9000,1.00414937759
114237,114261,115957,24,1696,2,9000,1.0141509434
114258,114268,115969,10,1701,2,9000,1.00587889477
114269,114277,115926,8,1649,2,9000,1.00485142511
114280,114287,115934,7,1647,2,9000,1.00425015179
114291,114299,115981,8,1682,2,9000,1.00475624257
114302,114309,115990,7,1681,2,9000,1.00416418798
114312,114320,115970,8,1650,2,9000,1.00484848485
114323,114335,116026,12,1691,2,9000,1.00709639267
114334,114344,116020,10,1676,2,9000,1.00596658711
114345,114358,116047,13,1689,2,9000,1.00769686205
114356,114369,116052,13,1683,2,9000,1.00772430184
114367,114376,116029,9,1653,2,9000,1.0054446461
114377,114425,116093,48,1668,2,9000,1.02877697842
114429,114444,116108,15,1664,2,9000,1.00901442308
114440,114451,116102,11,1651,2,9000,1.00666262871
114451,114457,116117,6,1660,2,9000,1.00361445783
114462,114469,116134,7,1665,2,9000,1.0042042042
114473,114480,116150,7,1670,2,9000,1.00419161677
114483,114491,116155,8,1664,2,9000,1.00480769231
114494,114500,116207,6,1707,2,9000,1.00351493849
114505,114512,116170,7,1658,2,9000,1.00422195416
114516,114523,116183,7,1660,2,9000,1.00421686747
114527,114535,116188,8,1653,2,9000,1.00483968542
114538,114545,116204,7,1659,2,9000,1.00421940928
114548,114557,116204,9,1647,2,9000,1.00546448087
114559,114575,116240,16,1665,2,9000,1.00960960961
114580,114587,116243,7,1656,2,9000,1.00422705314
114591,114599,116273,8,1674,2,9000,1.00477897252
114602,114610,116262,8,1652,2,9000,1.00484261501
114613,114621,116301,8,1680,2,9000,1.00476190476
114624,114631,116292,7,1661,2,9000,1.00421432872
114634,114642,116314,8,1672,2,9000,1.004784689
114645,114651,116327,6,1676,2,9000,1.00357995227
114656,114663,116327,7,1664,2,9000,1.00420673077
114667,114674,116337,7,1663,2,9000,1.00420926037
114678,114685,116345,7,1660,2,9000,1.00421686747
114689,114696,116368,7,1672,2,9000,1.00418660287
114699,114707,116388,8,1681,2,9000,1.00475907198
114778,114785,116422,7,1637,2,9000,1.00427611484
114789,114796,116425,7,1629,2,9000,1.00429711479
114800,114807,116434,7,1627,2,9000,1.00430239705
114811,114818,116380,7,1562,2,9000,1.00448143406
114822,114829,116455,7,1626,2,9000,1.00430504305
114832,114840,116474,8,1634,2,9000,1.00489596083
114843,114850,116405,7,1555,2,9000,1.00450160772
114854,114861,116487,7,1626,2,9000,1.00430504305
114865,114872,116489,7,1617,2,9000,1.00432900433
114876,114883,116436,7,1553,2,9000,1.00450740502
114887,114894,116493,7,1599,2,9000,1.00437773609
114897,114903,116463,6,1560,2,9000,1.00384615385
114908,114915,116477,7,1562,2,9000,1.00448143406
114911,114922,116411,11,1489,2,9000,1.00738750839
114922,114928,116605,6,1677,2,9000,1.00357781753
114933,114940,116621,7,1681,2,9000,1.00416418798
114944,114951,116628,7,1677,2,9000,1.00417412045
114954,114960,116638,6,1678,2,9000,1.00357568534
114965,114972,116649,7,1677,2,9000,1.00417412045
114976,114983,116651,7,1668,2,9000,1.00419664269
114987,114993,116676,6,1683,2,9000,1.00356506239
114997,115078,116750,81,1672,2,9000,1.04844497608
115080,115154,116822,74,1668,2,9000,1.04436450839
115152,115257,116929,105,1672,2,9000,1.06279904306
115256,115343,116997,87,1654,2,9000,1.05259975816
115348,115429,117106,81,1677,2,9000,1.04830053667
115431,115447,117094,16,1647,2,9000,1.00971463267
115452,115466,117137,14,1671,2,9000,1.00837821664
115463,115473,117136,10,1663,2,9000,1.0060132291
115474,115481,117138,7,1657,2,9000,1.00422450211
115485,115491,117166,6,1675,2,9000,1.00358208955
115496,115505,117148,9,1643,2,9000,1.00547778454
115501,115539,117199,38,1660,2,9000,1.02289156627
115543,115564,117208,21,1644,2,9000,1.01277372263
115564,115571,117216,7,1645,2,9000,1.00425531915
115575,115582,117244,7,1662,2,9000,1.00421179302
115586,115592,117253,6,1661,2,9000,1.00361228176
115597,115604,117244,7,1640,2,9000,1.00426829268
115607,115613,117256,6,1643,2,9000,1.00365185636
115618,115624,117262,6,1638,2,9000,1.00366300366
115629,115638,117309,9,1671,2,9000,1.00538599641
115640,115647,117301,7,1654,2,9000,1.00423216445
115650,115658,117339,8,1681,2,9000,1.00475907198
115661,115697,117366,36,1669,2,9000,1.02156980228
115693,115704,117344,11,1640,2,9000,1.00670731707
115703,115711,117358,8,1647,2,9000,1.00485731633
115714,115726,117360,12,1634,2,9000,1.00734394125
115725,115740,117375,15,1635,2,9000,1.00917431193
115736,115747,117374,11,1627,2,9000,1.00676090965
115748,115754,117412,6,1658,2,9000,1.00361881785
115780,115787,117436,7,1649,2,9000,1.00424499697
115874,115881,288699,7,172818,4,172800,1.00004050504
115895,115902,288705,7,172803,4,172800,1.00004050856
116011,116017,117622,6,1605,2,9000,1.00373831776
116161,116167,117799,6,1632,2,9000,1.00367647059
116172,116179,117766,7,1587,2,9000,1.00441083806
116281,116288,117924,7,1636,2,9000,1.00427872861
116292,116299,117901,7,1602,2,9000,1.00436953808
116302,116310,117912,8,1602,2,9000,1.0049937578
116377,116383,118002,6,1619,2,9000,1.00370599135
116388,116394,117996,6,1602,2,9000,1.00374531835
116399,116405,118039,6,1634,2,9000,1.00367197062
116429,116435,118078,6,1643,2,9000,1.00365185636
116439,116445,118114,6,1669,2,9000,1.00359496705
116450,116456,118136,6,1680,2,9000,1.00357142857
116461,116467,118134,6,1667,2,9000,1.00359928014
116472,116478,118154,6,1676,2,9000,1.00357995227
116482,116489,118151,7,1662,2,9000,1.00421179302
116493,116500,118164,7,1664,2,9000,1.00420673077
116504,116511,118187,7,1676,2,9000,1.00417661098
116515,116522,118177,7,1655,2,9000,1.00422960725
116525,116532,118191,7,1659,2,9000,1.00421940928
116536,116542,118180,6,1638,2,9000,1.00366300366
116547,116553,118218,6,1665,2,9000,1.0036036036
116558,116565,118228,7,1663,2,9000,1.00420926037
116568,116574,118242,6,1668,2,9000,1.0035971223
116579,116586,118251,7,1665,2,9000,1.0042042042
116590,116597,118264,7,1667,2,9000,1.00419916017
116601,116608,118276,7,1668,2,9000,1.00419664269
116606,116614,124002,8,7388,5,14400,1.00108283703
116611,116622,118290,11,1668,2,9000,1.00659472422
116622,116629,118299,7,1670,2,9000,1.00419161677
117518,117530,119184,12,1654,2,9000,1.00725513906
117518,117524,119191,6,1667,2,9000,1.00359928014
117529,117536,119178,7,1642,2,9000,1.00426309379
117530,117542,119170,12,1628,2,9000,1.00737100737
117540,117549,119216,9,1667,2,9000,1.00539892022
117541,117554,119226,13,1672,2,9000,1.00777511962
117552,117561,119229,9,1668,2,9000,1.00539568345
117552,117566,119268,14,1702,2,9000,1.00822561692
117563,117573,119246,10,1673,2,9000,1.00597728631
117564,117578,119243,14,1665,2,9000,1.00840840841
117574,117585,119255,11,1670,2,9000,1.00658682635
117585,117592,119237,7,1645,2,9000,1.00425531915
117596,117602,119248,6,1646,2,9000,1.00364520049
117606,117614,119268,8,1654,2,9000,1.00483675937
117617,117623,119269,6,1646,2,9000,1.00364520049
117628,117634,119262,6,1628,2,9000,1.00368550369
117639,117646,119326,7,1680,2,9000,1.00416666667
117649,117657,119318,8,1661,2,9000,1.00481637568
117660,117667,119358,7,1691,2,9000,1.00413956239
117671,117677,119347,6,1670,2,9000,1.00359281437
117682,117689,119352,7,1663,2,9000,1.00420926037
117693,117700,119373,7,1673,2,9000,1.00418410042
117703,117709,119360,6,1651,2,9000,1.00363416111
117714,117721,119416,7,1695,2,9000,1.00412979351
117725,117732,119383,7,1651,2,9000,1.00423985463
117736,117743,119413,7,1670,2,9000,1.00419161677
117746,117753,119413,7,1660,2,9000,1.00421686747
117757,117764,119393,7,1629,2,9000,1.00429711479
117768,117775,119392,7,1617,2,9000,1.00432900433
117779,117785,119440,6,1655,2,9000,1.00362537764
117789,117797,119467,8,1670,2,9000,1.00479041916
117800,117806,119469,6,1663,2,9000,1.00360793746
117811,117817,119502,6,1685,2,9000,1.00356083086
117822,117829,119496,7,1667,2,9000,1.00419916017
117833,117840,119542,7,1702,2,9000,1.00411280846
117843,117851,119521,8,1670,2,9000,1.00479041916
117854,117861,119552,7,1691,2,9000,1.00413956239
117865,117872,119527,7,1655,2,9000,1.00422960725
117876,117882,119532,6,1650,2,9000,1.00363636364
117886,117893,119530,7,1637,2,9000,1.00427611484
117897,117903,119521,6,1618,2,9000,1.00370828183
117908,117914,119546,6,1632,2,9000,1.00367647059
117919,117925,119535,6,1610,2,9000,1.00372670807
117930,117937,119601,7,1664,2,9000,1.00420673077
117941,117947,119610,6,1663,2,9000,1.00360793746
117952,117958,119619,6,1661,2,9000,1.00361228176
117963,117970,119630,7,1660,2,9000,1.00421686747
117973,117979,119640,6,1661,2,9000,1.00361228176
117984,117991,119665,7,1674,2,9000,1.00418160096
117995,118001,119661,6,1660,2,9000,1.00361445783
118006,118012,119670,6,1658,2,9000,1.00361881785
118016,118023,119697,7,1674,2,9000,1.00418160096
118027,118033,119664,6,1631,2,9000,1.00367872471
118038,118044,119651,6,1607,2,9000,1.00373366521
118049,118055,119669,6,1614,2,9000,1.00371747212
118059,118066,119650,7,1584,2,9000,1.00441919192
118070,118076,119615,6,1539,2,9000,1.00389863548
118081,118088,119741,7,1653,2,9000,1.00423472474
118092,118099,119767,7,1668,2,9000,1.00419664269
118102,118110,119771,8,1661,2,9000,1.00481637568
118113,118119,119770,6,1651,2,9000,1.00363416111
118124,118131,119797,7,1666,2,9000,1.00420168067
118135,118142,119800,7,1658,2,9000,1.00422195416
118146,118153,119798,7,1645,2,9000,1.00425531915
118156,118163,119820,7,1657,2,9000,1.00422450211
118167,118174,119827,7,1653,2,9000,1.00423472474
118178,118184,119804,6,1620,2,9000,1.0037037037
118189,118196,119825,7,1629,2,9000,1.00429711479
118199,118206,119816,7,1610,2,9000,1.00434782609
118210,118216,119792,6,1576,2,9000,1.0038071066
118221,118228,119724,7,1496,2,9000,1.00467914439
118232,118239,119903,7,1664,2,9000,1.00420673077
118243,118250,119903,7,1653,2,9000,1.00423472474
118253,118259,119902,6,1643,2,9000,1.00365185636
118264,118271,119930,7,1659,2,9000,1.00421940928
118275,118282,119940,7,1658,2,9000,1.00422195416
118286,118292,119945,6,1653,2,9000,1.00362976407
118296,118303,119951,7,1648,2,9000,1.00424757282
118307,118314,119973,7,1659,2,9000,1.00421940928
118318,118324,119978,6,1654,2,9000,1.00362756953
118329,118335,119943,6,1608,2,9000,1.00373134328
118339,118346,119950,7,1604,2,9000,1.00436408978
118350,119183,120773,833,1590,2,9000,1.52389937107
119098,119260,126475,162,7215,4,7200,1.02245322245
119182,119190,120817,8,1627,2,9000,1.0049170252
119193,119200,120824,7,1624,2,9000,1.00431034483
119196,119207,119920,11,713,1,600,1.01542776999
119204,119228,120837,24,1609,2,9000,1.01491609695
119225,119239,120831,14,1592,2,9000,1.00879396985
119236,119246,120823,10,1577,2,9000,1.00634115409
119247,119253,120752,6,1499,2,9000,1.00400266845
119258,119267,120950,9,1683,2,9000,1.00534759358
119268,119276,120933,8,1657,2,9000,1.00482800241
119279,119285,120980,6,1695,2,9000,1.00353982301
119290,119297,120949,7,1652,2,9000,1.00423728814
119301,119308,120992,7,1684,2,9000,1.0041567696
119311,119319,120958,8,1639,2,9000,1.00488102502
119322,119330,120958,8,1628,2,9000,1.00491400491
119333,119339,120924,6,1585,2,9000,1.00378548896
119344,119359,120951,15,1592,2,9000,1.00942211055
119355,119366,120970,11,1604,2,9000,1.00685785536
119365,119373,120926,8,1553,2,9000,1.00515132003
119376,119383,120862,7,1479,2,9000,1.00473292765
119387,119394,121033,7,1639,2,9000,1.00427089689
119398,119404,121070,6,1666,2,9000,1.00360144058
119409,119416,121055,7,1639,2,9000,1.00427089689
119419,119426,121076,7,1650,2,9000,1.00424242424
119430,119436,121092,6,1656,2,9000,1.00362318841
119441,119448,121089,7,1641,2,9000,1.00426569165
119452,119458,121071,6,1613,2,9000,1.00371977681
119462,119470,121084,8,1614,2,9000,1.00495662949
119473,119481,121084,8,1603,2,9000,1.00499064255
119484,119490,121066,6,1576,2,9000,1.0038071066
119495,119508,121045,13,1537,2,9000,1.00845803513
119506,119515,120991,9,1476,2,9000,1.00609756098
119516,119533,121185,17,1652,2,9000,1.0102905569
119537,119544,121186,7,1642,2,9000,1.00426309379
119548,119555,121195,7,1640,2,9000,1.00426829268
119559,119565,121228,6,1663,2,9000,1.00360793746
119570,119577,121232,7,1655,2,9000,1.00422960725
119581,119588,121235,7,1647,2,9000,1.00425015179
119591,119599,121213,8,1614,2,9000,1.00495662949
119602,119608,121208,6,1600,2,9000,1.00375
119613,119620,121211,7,1591,2,9000,1.00439974859
119624,119631,121200,7,1569,2,9000,1.00446144041
119634,119642,121190,8,1548,2,9000,1.00516795866
119645,119652,121099,7,1447,2,9000,1.00483759502
119656,119664,121342,8,1678,2,9000,1.00476758045
119667,119674,121328,7,1654,2,9000,1.00423216445
119678,119685,121338,7,1653,2,9000,1.00423472474
119688,119696,121344,8,1648,2,9000,1.00485436893
119699,119706,121348,7,1642,2,9000,1.00426309379
119710,119717,121357,7,1640,2,9000,1.00426829268
119721,119728,121342,7,1614,2,9000,1.00433705081
119731,119739,121346,8,1607,2,9000,1.00497822029
119742,119749,121331,7,1582,2,9000,1.00442477876
119753,119759,121328,6,1569,2,9000,1.00382409178
119764,119771,121301,7,1530,2,9000,1.0045751634
119774,119781,121261,7,1480,2,9000,1.00472972973
119785,119792,121448,7,1656,2,9000,1.00422705314
119796,119803,121446,7,1643,2,9000,1.00426049909
119807,119814,121469,7,1655,2,9000,1.00422960725
119818,119825,121473,7,1648,2,9000,1.00424757282
119828,119835,121480,7,1645,2,9000,1.00425531915
119839,119845,121464,6,1619,2,9000,1.00370599135
119850,119857,121485,7,1628,2,9000,1.0042997543
119861,119868,121485,7,1617,2,9000,1.00432900433
119866,119875,119914,9,39,1,900,1.23076923077
119871,119882,121477,11,1595,2,9000,1.00689655172
119882,119889,121449,7,1560,2,9000,1.00448717949
119894,119901,121428,7,1527,2,9000,1.00458415193
119905,119912,121393,7,1481,2,9000,1.00472653612
119916,119924,121577,8,1653,2,9000,1.00483968542
119926,119933,121583,7,1650,2,9000,1.00424242424
119937,119943,121604,6,1661,2,9000,1.00361228176
119948,119954,121607,6,1653,2,9000,1.00362976407
119959,119965,121603,6,1638,2,9000,1.00366300366
119970,119976,121591,6,1615,2,9000,1.00371517028
119980,119987,121593,7,1606,2,9000,1.00435865504
119991,119997,121608,6,1611,2,9000,1.00372439479
120002,120008,121602,6,1594,2,9000,1.00376411543
120013,120020,121578,7,1558,2,9000,1.00449293967
120023,120031,121525,8,1494,2,9000,1.00535475234
120029,120038,121682,9,1644,2,9000,1.00547445255
120040,120047,121671,7,1624,2,9000,1.00431034483
120051,120764,122379,713,1615,2,9000,1.44148606811
120084,120836,128059,752,7223,4,7200,1.10411186488
120411,299503,789153,179092,489650,3,489600,1.36575513122
120447,299509,409053,179062,109544,3,489600,2.63461257577
120767,120785,122484,18,1699,2,9000,1.01059446733
120788,120829,122512,41,1683,2,9000,1.02436125966
120830,120843,122515,13,1672,2,9000,1.00777511962
120841,120850,122528,9,1678,2,9000,1.00536352801
120852,120875,122564,23,1689,2,9000,1.01361752516
120873,120937,122621,64,1684,2,9000,1.03800475059
120935,120944,122597,9,1653,2,9000,1.0054446461
120946,120952,122621,6,1669,2,9000,1.00359496705
120957,120963,122635,6,1672,2,9000,1.00358851675
120968,120975,122656,7,1681,2,9000,1.00416418798
120978,120985,122649,7,1664,2,9000,1.00420673077
120989,120996,122699,7,1703,2,9000,1.00411039342
121000,121007,122688,7,1681,2,9000,1.00416418798
121011,121017,122689,6,1672,2,9000,1.00358851675
121022,121030,122692,8,1662,2,9000,1.00481347774
121032,121040,122706,8,1666,2,9000,1.00480192077
121043,121050,122709,7,1659,2,9000,1.00421940928
121054,121060,122724,6,1664,2,9000,1.00360576923
121065,121072,122742,7,1670,2,9000,1.00419161677
121070,121108,121320,38,212,1,10800,1.17924528302
121070,121103,121326,33,223,1,10800,1.14798206278
121070,121085,121570,15,485,1,10800,1.03092783505
121070,121079,121614,9,535,1,10800,1.01682242991
121070,121090,121335,20,245,1,10800,1.08163265306
121071,121130,122028,59,898,1,10800,1.06570155902
121071,121125,121289,54,164,1,10800,1.32926829268
121071,121119,121669,48,550,1,10800,1.08727272727
121071,121114,121587,43,473,1,10800,1.09090909091
121071,121136,121364,65,228,1,10800,1.2850877193
121072,121228,121434,156,206,1,10800,1.7572815534
121072,121241,121432,169,191,1,10800,1.88481675393
121072,121204,121411,132,207,1,10800,1.63768115942
121072,121210,121402,138,192,1,10800,1.71875
121072,121222,121387,150,165,1,10800,1.90909090909
121072,121141,121305,69,164,1,10800,1.42073170732
121073,121284,121605,211,321,1,10800,1.65732087227
121073,121279,122088,206,809,1,10800,1.25463535229
121073,121325,122064,252,739,1,10800,1.34100135318
121073,121301,121756,228,455,1,10800,1.5010989011
121074,121332,122614,258,1282,1,10800,1.20124804992
121074,121339,121687,265,348,1,10800,1.76149425287
121074,121352,122442,278,1090,1,10800,1.25504587156
121075,121381,121545,306,164,1,10800,2.86585365854
121075,121357,121676,282,319,1,10800,1.88401253918
121075,121362,121992,287,630,1,10800,1.45555555556
121075,121368,121992,293,624,1,10800,1.46955128205
121076,121398,122074,322,676,1,10800,1.47633136095
121076,121097,122768,21,1671,2,9000,1.01256732496
121076,121387,122014,311,627,1,10800,1.49601275917
121076,121392,122403,316,1011,1,10800,1.31256181998
121077,121418,122285,341,867,1,10800,1.39331026528
121077,121408,121851,331,443,1,10800,1.74717832957
121077,121403,122069,326,666,1,10800,1.48948948949
121078,121423,121568,345,145,1,10800,3.37931034483
121078,121434,121772,356,338,1,10800,2.05325443787
121078,121439,122145,361,706,1,10800,1.51133144476
121078,121428,122503,350,1075,1,10800,1.32558139535
121079,121464,121665,385,201,1,10800,2.91542288557
121079,121453,121810,374,357,1,10800,2.04761904762
121079,121458,121813,379,355,1,10800,2.0676056338
121080,121480,121729,400,249,1,10800,2.60642570281
121080,121469,121761,389,292,1,10800,2.33219178082
121080,121475,121932,395,457,1,10800,1.86433260394
121081,121496,122161,415,665,1,10800,1.62406015038
121081,121491,121923,410,432,1,10800,1.94907407407
121081,121485,122453,404,968,1,10800,1.4173553719
121082,121520,122496,438,976,1,10800,1.4487704918
121082,121509,123614,427,2105,1,10800,1.20285035629
121082,121525,121788,443,263,1,10800,2.68441064639
121082,121515,125771,433,4256,1,10800,1.1017387218
121083,121531,123222,448,1691,1,10800,1.2649319929
121083,121536,121761,453,225,1,10800,3.01333333333
121083,121542,121688,459,146,1,10800,4.14383561644
121084,121547,121694,463,147,1,10800,4.14965986395
121084,121553,121699,469,146,1,10800,4.21232876712
121084,121558,121765,474,207,1,10800,3.28985507246
121085,121574,122299,489,725,1,10800,1.67448275862
121085,121569,121750,484,181,1,10800,3.67403314917
121085,121564,121840,479,276,1,10800,2.73550724638
121086,121580,123465,494,1885,1,10800,1.26206896552
121086,121604,121870,518,266,1,10800,2.94736842105
121086,121585,121731,499,146,1,10800,4.41780821918
121086,121599,121746,513,147,1,10800,4.48979591837
121087,121615,121913,528,298,1,10800,2.77181208054
121087,121610,121905,523,295,1,10800,2.77288135593
121087,121621,121849,534,228,1,10800,3.34210526316
121087,121634,122029,547,395,1,10800,2.38481012658
121088,121699,121963,611,264,1,10800,3.31439393939
121088,121685,121941,597,256,1,10800,3.33203125
121088,121704,122384,616,680,1,10800,1.90588235294
121088,121640,121912,552,272,1,10800,3.02941176471
121089,121709,122560,620,851,1,10800,1.7285546416
121089,121722,122802,633,1080,1,10800,1.58611111111
121089,121733,121909,644,176,1,10800,4.65909090909
121089,121728,121916,639,188,1,10800,4.39893617021
121090,121757,124002,667,2245,1,10800,1.29710467706
121090,121751,123053,661,1302,1,10800,1.50768049155
121090,121770,122027,680,257,1,10800,3.64591439689
121090,121739,122268,649,529,1,10800,2.22684310019
121091,121159,122092,68,933,1,10800,1.07288317256
121091,121154,123172,63,2018,1,10800,1.03121902874
121091,121165,121523,74,358,1,10800,1.20670391061
121092,121783,122559,691,776,1,10800,1.89046391753
121092,121170,122585,78,1415,1,10800,1.05512367491
121093,121788,122197,695,409,1,10800,2.69926650367
121093,121800,121958,707,158,1,10800,5.4746835443
121093,121831,122042,738,211,1,10800,4.49763033175
121093,121825,122040,732,215,1,10800,4.40465116279
121094,121882,122078,788,196,1,10800,5.02040816327
121094,121857,122429,763,572,1,10800,2.33391608392
121094,121870,122434,776,564,1,10800,2.37588652482
121095,121954,122241,859,287,1,10800,3.99303135889
121095,121918,122135,823,217,1,10800,4.79262672811
121095,121931,122164,836,233,1,10800,4.58798283262
121095,121945,122170,850,225,1,10800,4.77777777778
121096,122039,122267,943,228,1,10800,5.13596491228
121096,122026,122287,930,261,1,10800,4.5632183908
121096,121970,122191,874,221,1,10800,4.95475113122
121096,121977,122157,881,180,1,10800,5.89444444444
121097,122076,122280,979,204,1,10800,5.79901960784
121097,121148,122808,51,1660,2,9000,1.03072289157
121097,122053,122281,956,228,1,10800,5.19298245614
121097,122058,122548,961,490,1,10800,2.9612244898
121098,122107,122275,1009,168,1,10800,7.00595238095
121098,122100,122292,1002,192,1,10800,6.21875
121098,122083,122439,985,356,1,10800,3.76685393258
121099,122147,122485,1048,338,1,10800,4.10059171598
121099,122169,122528,1070,359,1,10800,3.98050139276
121099,122157,122373,1058,216,1,10800,5.89814814815
121100,122183,122762,1083,579,1,10800,2.87046632124
121149,121197,122852,48,1655,2,9000,1.02900302115
121201,121217,122887,16,1670,2,9000,1.00958083832
121213,122203,122348,990,145,1,10800,7.8275862069
121222,121235,122920,13,1685,2,9000,1.00771513353
121233,121248,122904,15,1656,2,9000,1.00905797101
121244,121255,122936,11,1681,2,9000,1.00654372397
121254,121262,122914,8,1652,2,9000,1.00484261501
121265,121272,122907,7,1635,2,9000,1.00428134557
121276,121292,122951,16,1659,2,9000,1.00964436407
121297,121312,122996,15,1684,2,9000,1.00890736342
121308,121319,122989,11,1670,2,9000,1.00658682635
121319,121346,123013,27,1667,2,9000,1.01619676065
121350,121376,123036,26,1660,2,9000,1.0156626506
121372,121447,123085,75,1638,2,9000,1.04578754579
121433,131122,131136,9689,14,32,7200,693.071428571
121444,121504,123134,60,1630,2,9000,1.03680981595
121501,131148,141991,9647,10843,32,10800,1.88969842295
121506,121594,123160,88,1566,2,9000,1.05619412516
121551,131539,131546,9988,7,32,10800,999.5
121589,121629,123295,40,1666,2,9000,1.02400960384
121631,121647,123301,16,1654,2,9000,1.00967351874
121652,121659,123323,7,1664,2,9000,1.00420673077
121663,121673,123337,10,1664,2,9000,1.00600961538
121673,121680,123191,7,1511,2,9000,1.00463269358
121684,121693,123356,9,1663,2,9000,1.00541190619
121695,121717,123382,22,1665,2,9000,1.01321321321
121716,121746,123410,30,1664,2,9000,1.01802884615
121747,121764,123412,17,1648,2,9000,1.01031553398
121768,121777,123444,9,1667,2,9000,1.00539892022
121779,121795,123470,16,1675,2,9000,1.00955223881
121800,121808,123484,8,1676,2,9000,1.00477326969
121811,121818,123455,7,1637,2,9000,1.00427611484
121822,121838,123482,16,1644,2,9000,1.0097323601
121843,121850,123530,7,1680,2,9000,1.00416666667
121854,121864,123518,10,1654,2,9000,1.00604594921
121865,121925,123590,60,1665,2,9000,1.03603603604
121927,121938,123589,11,1651,2,9000,1.00666262871
121938,122004,123658,66,1654,2,9000,1.03990326481
122000,122046,123682,46,1636,2,9000,1.02811735941
122052,122090,123731,38,1641,2,9000,1.02315661182
122093,122176,123834,83,1658,2,9000,1.05006031363
122176,122253,123898,77,1645,2,9000,1.04680851064
122258,122281,123938,23,1657,2,9000,1.01388050694
122279,122292,123963,13,1671,2,9000,1.00777977259
122290,122299,123958,9,1659,2,9000,1.00542495479
122301,122308,124017,7,1709,2,9000,1.00409596255
122311,122360,124018,49,1658,2,9000,1.02955367913
122363,122392,124061,29,1669,2,9000,1.01737567406
122394,122401,124085,7,1684,2,9000,1.0041567696
122405,122441,124083,36,1642,2,9000,1.02192448234
122447,122454,124104,7,1650,2,9000,1.00424242424
122451,122465,124132,14,1667,2,9000,1.00839832034
122462,122496,124162,34,1666,2,9000,1.02040816327
122493,122508,124164,15,1656,2,9000,1.00905797101
122504,122524,124200,20,1676,2,9000,1.01193317422
122525,122533,124199,8,1666,2,9000,1.00480192077
122536,122542,124216,6,1674,2,9000,1.00358422939
122547,122554,124224,7,1670,2,9000,1.00419161677
122557,122572,124244,15,1672,2,9000,1.00897129187
122568,122579,124259,11,1680,2,9000,1.00654761905
122579,122597,124262,18,1665,2,9000,1.01081081081
122600,122609,124284,9,1675,2,9000,1.00537313433
122610,122633,124304,23,1671,2,9000,1.01376421305
122631,122639,124313,8,1674,2,9000,1.00477897252
122642,122650,124310,8,1660,2,9000,1.00481927711
122653,122662,124339,9,1677,2,9000,1.0053667263
122664,122671,124330,7,1659,2,9000,1.00421940928
122674,122700,124361,26,1661,2,9000,1.01565322095
122696,122707,123789,11,1082,1,3600,1.0101663586
122706,122714,124395,8,1681,2,9000,1.00475907198
122716,122724,124379,8,1655,2,9000,1.00483383686
122727,122734,124395,7,1661,2,9000,1.00421432872
122738,122744,124378,6,1634,2,9000,1.00367197062
122749,122756,124433,7,1677,2,9000,1.00417412045
122759,122767,124437,8,1670,2,9000,1.00479041916
122770,122777,124445,7,1668,2,9000,1.00419664269
122781,122788,124475,7,1687,2,9000,1.00414937759
122792,122815,124484,23,1669,2,9000,1.01378070701
122813,122822,124497,9,1675,2,9000,1.00537313433
122823,122865,124528,42,1663,2,9000,1.02525556224
122854,122932,123022,78,90,1,3600,1.86666666667
122854,122937,122966,83,29,1,3600,3.86206896552
122855,122949,123016,94,67,1,3600,2.40298507463
122855,123006,123066,151,60,1,3600,3.51666666667
122855,123033,123069,178,36,1,3600,5.94444444444
122855,123040,123078,185,38,1,3600,5.86842105263
122855,123079,123115,224,36,1,3600,7.22222222222
122855,123065,123123,210,58,1,3600,4.62068965517
122856,123086,123121,230,35,1,3600,7.57142857143
122856,123093,123131,237,38,1,3600,7.23684210526
122865,122899,124551,34,1652,2,9000,1.0205811138
122896,122916,124580,20,1664,2,9000,1.01201923077
122918,122925,124586,7,1661,2,9000,1.00421432872
122928,122944,124592,16,1648,2,9000,1.00970873786
122949,122957,124627,8,1670,2,9000,1.00479041916
122960,122967,124647,7,1680,2,9000,1.00416666667
122971,122977,124639,6,1662,2,9000,1.0036101083
122982,123001,124648,19,1647,2,9000,1.01153612629
123003,123014,124682,11,1668,2,9000,1.00659472422
123013,123026,124694,13,1668,2,9000,1.00779376499
123024,123049,124722,25,1673,2,9000,1.01494321578
123045,123100,124764,55,1664,2,9000,1.03305288462
123097,123137,124788,40,1651,2,9000,1.02422774076
123123,123144,123162,21,18,1,3600,2.16666666667
123123,123130,123153,7,23,1,3600,1.30434782609
123124,123165,123183,41,18,1,3600,3.27777777778
123138,123151,124822,13,1671,2,9000,1.00777977259
123149,123172,124832,23,1660,2,9000,1.01385542169
123170,123184,124835,14,1651,2,9000,1.00847970927
123181,123204,124861,23,1657,2,9000,1.01388050694
123186,123228,123246,42,18,1,3600,3.33333333333
123186,123194,123216,8,22,1,3600,1.36363636364
123187,123293,123301,106,8,1,3600,11.4
123187,123235,123274,48,39,1,3600,2.23076923077
123187,123286,123304,99,18,1,3600,6.5
123187,123258,123276,71,18,1,3600,4.94444444444
123202,123307,124969,105,1662,2,9000,1.06317689531
123261,166413,166415,43152,2,1,604800,4315.4
123305,123314,125005,9,1691,2,9000,1.0053222945
123316,123322,124976,6,1654,2,9000,1.00362756953
123324,123477,123519,153,42,1,3600,4.64285714286
123325,123535,123553,210,18,1,3600,12.6666666667
123325,123631,123670,306,39,1,3600,8.84615384615
123325,123624,123641,299,17,1,3600,18.5882352941
123325,123594,123612,269,18,1,3600,15.9444444444
123325,123565,123582,240,17,1,3600,15.1176470588
123326,123336,125016,10,1680,2,9000,1.00595238095
123326,123682,123700,356,18,1,3600,20.7777777778
123326,123654,123671,328,17,1,3600,20.2941176471
123326,123689,123706,363,17,1,3600,22.3529411765
123326,123712,123729,386,17,1,3600,23.7058823529
123337,123349,125017,12,1668,2,9000,1.0071942446
123348,123368,125035,20,1667,2,9000,1.01199760048
123369,123394,125069,25,1675,2,9000,1.01492537313
123390,123422,125096,32,1674,2,9000,1.01911589008
123421,123429,125081,8,1652,2,9000,1.00484261501
123432,123456,125078,24,1622,2,9000,1.01479654747
123453,123467,125084,14,1617,2,9000,1.00865800866
123464,123484,125071,20,1587,2,9000,1.01260239445
123485,123495,125161,10,1666,2,9000,1.00600240096
123496,123502,125178,6,1676,2,9000,1.00357995227
123506,123530,125200,24,1670,2,9000,1.01437125749
123528,123542,125180,14,1638,2,9000,1.00854700855
123538,123601,125267,63,1666,2,9000,1.03781512605
123600,123608,125250,8,1642,2,9000,1.00487210719
123611,123670,125331,59,1661,2,9000,1.03552077062
123673,123696,125361,23,1665,2,9000,1.01381381381
123694,123746,125397,52,1651,2,9000,1.03149606299
123733,123799,123802,66,3,1,10800,6.9
123733,123740,127772,7,4032,1,10800,1.00173611111
123733,123753,124595,20,842,1,10800,1.02375296912
123737,124019,128333,282,4314,1,10800,1.06536856745
123737,123982,125583,245,1601,1,10800,1.15302935665
123737,123987,124847,250,860,1,10800,1.29069767442
123738,124044,127564,306,3520,1,10800,1.08693181818
123738,124049,124660,311,611,1,10800,1.50900163666
123738,124116,124984,378,868,1,10800,1.43548387097
123738,124038,124516,300,478,1,10800,1.62761506276
123738,124100,124968,362,868,1,10800,1.41705069124
123739,124121,124380,382,259,1,10800,2.4749034749
123739,124351,124353,612,2,1,10800,61.4
123739,124223,125786,484,1563,1,10800,1.30966090851
123739,124218,128460,479,4242,1,10800,1.1129184347
123740,124378,124379,638,1,1,10800,63.9
123741,124418,127176,677,2758,1,10800,1.24546773024
123741,124424,127886,683,3462,1,10800,1.19728480647
123742,124509,125248,767,739,1,10800,2.03788903924
123742,124462,124951,720,489,1,10800,2.47239263804
123742,124456,125294,714,838,1,10800,1.85202863962
123742,124474,125657,732,1183,1,10800,1.61876584954
123743,124606,125667,863,1061,1,10800,1.81338360038
123743,124515,125712,772,1197,1,10800,1.64494569758
123743,124619,132190,876,7571,1,10800,1.11570466253
123743,124612,128196,869,3584,1,10800,1.24246651786
123743,124529,126873,786,2344,1,10800,1.33532423208
123744,124712,128988,968,4276,1,10800,1.2263797942
123744,124674,128569,930,3895,1,10800,1.23876765083
123744,124860,125182,1116,322,1,10800,4.46583850932
123744,124660,126838,916,2178,1,10800,1.42056932966
123745,124963,125167,1218,204,1,10800,6.97058823529
123745,125185,125542,1440,357,1,10800,5.03361344538
123745,125001,125204,1256,203,1,10800,7.18719211823
123745,125097,127923,1352,2826,1,10800,1.47841472045
123745,124980,125167,1235,187,1,10800,7.60427807487
123746,125260,126848,1514,1588,1,10800,1.95340050378
123746,125307,125510,1561,203,1,10800,8.68965517241
123746,123847,125517,101,1670,2,9000,1.06047904192
123746,125220,126540,1474,1320,1,10800,2.11666666667
123746,125206,125495,1460,289,1,10800,6.05190311419
123747,125555,126059,1808,504,1,10800,4.5873015873
123747,125523,126016,1776,493,1,10800,4.60243407708
123747,125507,125710,1760,203,1,10800,9.66995073892
123747,125586,126092,1839,506,1,10800,4.63438735178
123748,125592,125914,1844,322,1,10800,6.72670807453
123748,125599,126709,1851,1110,1,10800,2.66756756757
123748,125669,126134,1921,465,1,10800,5.1311827957
123748,125679,126082,1931,403,1,10800,5.79156327543
123749,125783,126801,2034,1018,1,10800,2.99803536346
123749,125869,126216,2120,347,1,10800,7.10951008646
123749,125722,126610,1973,888,1,10800,3.22184684685
123749,125798,126943,2049,1145,1,10800,2.78951965066
123749,125729,126976,1980,1247,1,10800,2.58781074579
123750,125875,126128,2125,253,1,10800,9.39920948617
123750,125999,127322,2249,1323,1,10800,2.69992441421
123750,125941,127491,2191,1550,1,10800,2.4135483871
123750,125926,126838,2176,912,1,10800,3.38596491228
123750,125947,126882,2197,935,1,10800,3.34973262032
123751,126005,127010,2254,1005,1,10800,3.24278606965
123751,126029,127363,2278,1334,1,10800,2.70764617691
123751,126039,128497,2288,2458,1,10800,1.93083807974
123751,126034,126557,2283,523,1,10800,5.36520076482
123752,126089,126415,2337,326,1,10800,8.16871165644
123752,126084,126428,2332,344,1,10800,7.77906976744
123752,126066,126876,2314,810,1,10800,3.85679012346
123753,126120,127360,2367,1240,1,10800,2.90887096774
123753,126094,128158,2341,2064,1,10800,2.13420542636
123753,126140,126527,2387,387,1,10800,7.16795865633
123753,126108,127123,2355,1015,1,10800,3.32019704433
123753,126113,127321,2360,1208,1,10800,2.95364238411
123754,126169,126547,2415,378,1,10800,7.38888888889
123754,126147,126497,2393,350,1,10800,7.83714285714
123754,126174,126525,2420,351,1,10800,7.89458689459
123755,126440,126672,2685,232,1,10800,12.5732758621
123755,126427,127499,2672,1072,1,10800,3.49253731343
123755,126211,126590,2456,379,1,10800,7.48021108179
123755,126180,126581,2425,401,1,10800,7.04738154613
123755,126206,126574,2451,368,1,10800,7.66032608696
123756,126493,127025,2737,532,1,10800,6.14473684211
123756,126470,128858,2714,2388,1,10800,2.1365159129
123756,126488,126765,2732,277,1,10800,10.8628158845
123756,126475,126787,2719,312,1,10800,9.71474358974
123757,126505,127431,2748,926,1,10800,3.96760259179
123757,126537,126736,2780,199,1,10800,14.9698492462
123757,126511,127035,2754,524,1,10800,6.25572519084
123757,126518,127244,2761,726,1,10800,4.80303030303
123849,123912,125560,63,1648,2,9000,1.03822815534
123911,123950,125565,39,1615,2,9000,1.02414860681
123953,123976,125570,23,1594,2,9000,1.01442910916
123974,124014,125677,40,1663,2,9000,1.02405291642
123979,129075,129549,5096,474,1,7200,11.7510548523
124016,124026,125682,10,1656,2,9000,1.00603864734
124027,124033,125675,6,1642,2,9000,1.00365408039
124037,124073,125737,36,1664,2,9000,1.02163461538
124069,124095,125744,26,1649,2,9000,1.01576713159
124100,124107,125762,7,1655,2,9000,1.00422960725
124111,124144,125791,33,1647,2,9000,1.02003642987
124142,124174,125825,32,1651,2,9000,1.01938219261
124174,124181,125832,7,1651,2,9000,1.00423985463
124176,126544,131190,2368,4646,1,10800,1.50968575118
124176,126552,127609,2376,1057,1,10800,3.24787133396
124177,126569,126947,2392,378,1,10800,7.32804232804
124177,126593,128065,2416,1472,1,10800,2.64130434783
124177,126586,127045,2409,459,1,10800,6.24836601307
124177,126559,126994,2382,435,1,10800,6.47586206897
124178,126634,127105,2456,471,1,10800,6.2144373673
124178,126609,127713,2431,1104,1,10800,3.20199275362
124178,126663,126948,2485,285,1,10800,9.71929824561
124178,126614,126844,2436,230,1,10800,11.5913043478
124178,126626,127098,2448,472,1,10800,6.18644067797
124179,126735,129182,2556,2447,1,10800,2.04454434001
124179,126724,127116,2545,392,1,10800,7.49234693878
124179,126778,127269,2599,491,1,10800,6.2932790224
124179,126729,126931,2550,202,1,10800,13.6237623762
124180,126898,128214,2718,1316,1,10800,3.06534954407
124180,126813,127286,2633,473,1,10800,6.5665961945
124180,126876,127421,2696,545,1,10800,5.94678899083
124180,126864,127642,2684,778,1,10800,4.4498714653
124180,126946,129273,2766,2327,1,10800,2.1886549205
124181,126972,127650,2791,678,1,10800,5.11651917404
124181,126955,132212,2774,5257,1,10800,1.52767738254
124181,126977,128110,2796,1133,1,10800,3.46778464254
124181,126989,127584,2808,595,1,10800,5.71932773109
124182,127021,128048,2839,1027,1,10800,3.76436222006
124182,127038,128963,2856,1925,1,10800,2.48363636364
124182,126995,129731,2813,2736,1,10800,2.02814327485
124182,127002,127800,2820,798,1,10800,4.53383458647
124182,127015,127349,2833,334,1,10800,9.48203592814
124183,127116,128103,2933,987,1,10800,3.97163120567
124183,127047,128141,2864,1094,1,10800,3.61791590494
124183,127110,127882,2927,772,1,10800,4.7914507772
124183,127057,128800,2874,1743,1,10800,2.64888123924
124184,127135,132582,2951,5447,1,10800,1.54176610979
124184,127256,128572,3072,1316,1,10800,3.33434650456
124184,127188,127557,3004,369,1,10800,9.14092140921
124184,127281,127990,3097,709,1,10800,5.36812411848
124184,127128,127390,2944,262,1,10800,12.2366412214
124185,127320,127888,3135,568,1,10800,6.51936619718
124185,127340,128812,3155,1472,1,10800,3.1433423913
124185,124212,125852,27,1640,2,9000,1.01646341463
124185,127298,128002,3113,704,1,10800,5.421875
124185,127315,127744,3130,429,1,10800,8.29603729604
124186,127333,127897,3147,564,1,10800,6.57978723404
124186,127361,128623,3175,1262,1,10800,3.51584786054
124186,127372,130691,3186,3319,1,10800,1.95992768906
124186,127379,128710,3193,1331,1,10800,3.39894815928
124187,127455,132582,3268,5127,1,10800,1.6374097913
124187,127442,133138,3255,5696,1,10800,1.57145365169
124187,127503,128061,3316,558,1,10800,6.94265232975
124187,127408,132441,3221,5033,1,10800,1.63997615736
124187,127512,134360,3325,6848,1,10800,1.4855432243
124188,127588,127902,3400,314,1,10800,11.8280254777
124188,127569,128011,3381,442,1,10800,8.64932126697
124188,127601,128017,3413,416,1,10800,9.20432692308
124188,127594,127857,3406,263,1,10800,13.9505703422
124188,127576,127835,3388,259,1,10800,14.0810810811
124189,127655,128045,3466,390,1,10800,9.88717948718
124189,127725,129600,3536,1875,1,10800,2.88586666667
124189,127662,129528,3473,1866,1,10800,2.86120042872
124189,127622,128083,3433,461,1,10800,8.44685466377
124190,127815,128441,3625,626,1,10800,6.79073482428
124190,127784,128046,3594,262,1,10800,14.7175572519
124190,127874,128535,3684,661,1,10800,6.57337367625
124190,127762,128023,3572,261,1,10800,14.6858237548
124190,127848,128501,3658,653,1,10800,6.60183767228
124191,128003,129521,3812,1518,1,10800,3.51119894598
124191,127940,128646,3749,706,1,10800,6.31019830028
124191,127894,128358,3703,464,1,10800,8.98060344828
124191,128024,128623,3833,599,1,10800,7.39899833055
124192,128093,128600,3901,507,1,10800,8.6942800789
124192,128082,129449,3890,1367,1,10800,3.84564740307
124192,128070,128510,3878,440,1,10800,9.81363636364
124192,128098,128502,3906,404,1,10800,10.6683168317
124192,128087,132238,3895,4151,1,10800,1.93832811371
124193,128109,129255,3916,1146,1,10800,4.41710296684
124193,128122,130805,3929,2683,1,10800,2.46440551621
124193,128129,129964,3936,1835,1,10800,3.14495912807
124193,128103,128613,3910,510,1,10800,8.66666666667
124193,128159,129321,3966,1162,1,10800,4.41308089501
124194,128345,130070,4151,1725,1,10800,3.40637681159
124194,128174,129030,3980,856,1,10800,5.64953271028
124194,128208,130430,4014,2222,1,10800,2.80648064806
124194,128231,128878,4037,647,1,10800,7.23956723338
124195,128509,128993,4314,484,1,10800,9.9132231405
124195,128472,128775,4277,303,1,10800,15.1155115512
124195,128523,129069,4328,546,1,10800,8.92673992674
124195,128456,129378,4261,922,1,10800,5.62147505423
124195,128359,129986,4164,1627,1,10800,3.55931161647
124196,128612,129014,4416,402,1,10800,11.9850746269
124196,128547,130078,4351,1531,1,10800,3.84193337688
124196,128562,129717,4366,1155,1,10800,4.78008658009
124196,128598,129008,4402,410,1,10800,11.7365853659
124197,128812,129211,4615,399,1,10800,12.5664160401
124197,128629,129041,4432,412,1,10800,11.7572815534
124197,128659,129043,4462,384,1,10800,12.6197916667
124197,128787,129050,4590,263,1,10800,18.4524714829
124197,128722,129289,4525,567,1,10800,8.98059964727
124198,128871,131780,4673,2909,1,10800,2.60639394981
124198,128826,130714,4628,1888,1,10800,3.45127118644
124198,128919,129367,4721,448,1,10800,11.5379464286
124198,128890,129367,4692,477,1,10800,10.8364779874
124199,128975,131836,4776,2861,1,10800,2.66934638238
124199,128925,129307,4726,382,1,10800,13.3717277487
124199,129001,129387,4802,386,1,10800,13.4404145078
124199,129008,129411,4809,403,1,10800,12.9330024814
124199,129020,129610,4821,590,1,10800,9.17118644068
124200,129027,129450,4827,423,1,10800,12.4113475177
124200,129060,129354,4860,294,1,10800,17.5306122449
124200,129053,129492,4853,439,1,10800,12.0546697039
124200,129043,129788,4843,745,1,10800,7.50067114094
124216,124230,125860,14,1630,2,9000,1.00858895706
124227,124237,125852,10,1615,2,9000,1.00619195046
124233,129080,129126,4847,46,1,3600,106.369565217
124234,129211,129252,4977,41,1,3600,122.390243902
124234,129147,129188,4913,41,1,3600,120.829268293
124234,129153,129200,4919,47,1,3600,105.659574468
124234,129205,129223,4971,18,1,3600,277.166666667
124234,129193,129234,4959,41,1,3600,121.951219512
124235,129225,129267,4990,42,1,3600,119.80952381
124235,129218,129236,4983,18,1,3600,277.833333333
124235,129243,129278,5008,35,1,3600,144.085714286
124235,129238,129279,5003,41,1,3600,123.024390244
124238,124256,125838,18,1582,2,9000,1.01137800253
124259,124271,125927,12,1656,2,9000,1.00724637681
124270,124278,125922,8,1644,2,9000,1.00486618005
124281,124296,125962,15,1666,2,9000,1.00900360144
124292,124317,125967,25,1650,2,9000,1.01515151515
124298,124393,124494,95,101,4,900,1.94059405941
124314,124324,125986,10,1662,2,9000,1.00601684717
124324,124331,125980,7,1649,2,9000,1.00424499697
124335,124342,126017,7,1675,2,9000,1.00417910448
124346,124373,126053,27,1680,2,9000,1.01607142857
124378,124399,126040,21,1641,2,9000,1.01279707495
124399,124413,126027,14,1614,2,9000,1.00867410161
124410,124451,126060,41,1609,2,9000,1.02548166563
124452,124469,126048,17,1579,2,9000,1.01076630779
124473,124487,126074,14,1587,2,9000,1.00882167612
124484,124496,126150,12,1654,2,9000,1.00725513906
124495,124504,126152,9,1648,2,9000,1.00546116505
124506,124522,126145,16,1623,2,9000,1.00985828712
124518,124540,126166,22,1626,2,9000,1.0135301353
124540,124563,126188,23,1625,2,9000,1.01415384615
124561,124592,126187,31,1595,2,9000,1.01943573668
124577,299487,380262,174910,80775,4,172800,3.16539770969
124592,124599,126214,7,1615,2,9000,1.00433436533
124603,124639,126286,36,1647,2,9000,1.0218579235
124635,124651,126272,16,1621,2,9000,1.00987045034
124657,124667,126268,10,1601,2,9000,1.00624609619
124669,124694,126274,25,1580,2,9000,1.01582278481
124690,124706,126258,16,1552,2,9000,1.01030927835
124713,124734,126351,21,1617,2,9000,1.01298701299
124734,124776,126359,42,1583,2,9000,1.02653190145
124776,124801,126462,25,1661,2,9000,1.01505117399
124798,124834,126455,36,1621,2,9000,1.02220851326
124829,124844,126436,15,1592,2,9000,1.00942211055
124840,124851,126462,11,1611,2,9000,1.00682805711
124851,124873,126450,22,1577,2,9000,1.013950539
124872,124987,126594,115,1607,2,9000,1.07156191661
124987,124994,126605,7,1611,2,9000,1.00434512725
124997,125018,126589,21,1571,2,9000,1.01336728199
125019,125028,126644,9,1616,2,9000,1.00556930693
125030,125038,126677,8,1639,2,9000,1.00488102502
125041,125047,126649,6,1602,2,9000,1.00374531835
125052,125081,126683,29,1602,2,9000,1.01810237203
125084,125090,126708,6,1618,2,9000,1.00370828183
125094,125105,126724,11,1619,2,9000,1.00679431748
125105,125112,126701,7,1589,2,9000,1.00440528634
125116,125124,126733,8,1609,2,9000,1.00497203232
125127,125173,126752,46,1579,2,9000,1.02913236225
125170,125180,126727,10,1547,2,9000,1.00646412411
125182,125193,126856,11,1663,2,9000,1.00661455201
125193,125200,126844,7,1644,2,9000,1.00425790754
125205,125213,126858,8,1645,2,9000,1.00486322188
125216,125267,126926,51,1659,2,9000,1.03074141049
125268,125279,126969,11,1690,2,9000,1.00650887574
125279,125344,126960,65,1616,2,9000,1.04022277228
125342,125373,126961,31,1588,2,9000,1.01952141058
125373,125410,126993,37,1583,2,9000,1.02337334176
125407,129264,129299,3857,35,1,300,111.2
125415,125530,127086,115,1556,2,9000,1.07390745501
125529,125572,127226,43,1654,2,9000,1.02599758162
125571,125579,127189,8,1610,2,9000,1.0049689441
125582,125688,127340,106,1652,2,9000,1.06416464891
125637,129256,129265,3619,9,1,300,362.8
125686,125695,127252,9,1557,2,9000,1.00578034682
125698,125704,127296,6,1592,2,9000,1.00376884422
125698,129272,130099,3574,827,1,1800,5.32164449819
125709,125749,127301,40,1552,2,9000,1.02577319588
125746,125756,127424,10,1668,2,9000,1.00599520384
125758,125775,127427,17,1652,2,9000,1.0102905569
125780,125805,127417,25,1612,2,9000,1.01550868486
125801,125837,127478,36,1641,2,9000,1.02193784278
125833,125844,127460,11,1616,2,9000,1.00680693069
125844,125851,127391,7,1540,2,9000,1.00454545455
125855,125864,127451,9,1587,2,9000,1.0056710775
125866,125882,127506,16,1624,2,9000,1.00985221675
125887,125934,127603,47,1669,2,9000,1.02816057519
125939,125975,127525,36,1550,2,9000,1.02322580645
125971,125982,127568,11,1586,2,9000,1.00693568726
125982,125992,127568,10,1576,2,9000,1.00634517766
126035,126047,127743,12,1696,2,9000,1.0070754717
126046,126054,127761,8,1707,2,9000,1.00468658465
126056,126073,127756,17,1683,2,9000,1.0101010101
126078,126102,127796,24,1694,2,9000,1.01416765053
126099,126157,127857,58,1700,2,9000,1.03411764706
126161,126187,127867,26,1680,2,9000,1.01547619048
126193,126199,127889,6,1690,2,9000,1.00355029586
126204,126226,127925,22,1699,2,9000,1.01294879341
126225,126233,127921,8,1688,2,9000,1.00473933649
126236,126270,127959,34,1689,2,9000,1.02013025459
126267,126280,127971,13,1691,2,9000,1.00768775872
126278,126287,127997,9,1710,2,9000,1.00526315789
126289,126296,127995,7,1699,2,9000,1.00412007063
126300,126307,127997,7,1690,2,9000,1.00414201183
126310,126363,128063,53,1700,2,9000,1.03117647059
126363,126372,128050,9,1678,2,9000,1.00536352801
126373,126448,128140,75,1692,2,9000,1.04432624113
126446,126463,128149,17,1686,2,9000,1.01008303677
126467,126482,128202,15,1720,2,9000,1.00872093023
126478,126500,128213,22,1713,2,9000,1.01284296556
126500,126601,128306,101,1705,2,9000,1.05923753666
126604,126621,128292,17,1671,2,9000,1.01017354877
126625,126656,128335,31,1679,2,9000,1.01846337105
126657,126685,128345,28,1660,2,9000,1.01686746988
126688,126695,128383,7,1688,2,9000,1.00414691943
126699,126706,128377,7,1671,2,9000,1.00418910832
126710,126716,128412,6,1696,2,9000,1.00353773585
126721,126742,128414,21,1672,2,9000,1.01255980861
126742,126749,128437,7,1688,2,9000,1.00414691943
126753,126760,128469,7,1709,2,9000,1.00409596255
126764,126771,128453,7,1682,2,9000,1.00416171225
126775,126800,128515,25,1715,2,9000,1.01457725948
126796,126850,128539,54,1689,2,9000,1.03197158082
126848,126857,128549,9,1692,2,9000,1.00531914894
126859,126871,128559,12,1688,2,9000,1.00710900474
126870,126884,128558,14,1674,2,9000,1.00836320191
126881,126891,128578,10,1687,2,9000,1.00592768228
126892,126938,128626,46,1688,2,9000,1.02725118483
126935,126962,128658,27,1696,2,9000,1.01591981132
126966,126984,128681,18,1697,2,9000,1.01060695345
126987,127009,128699,22,1690,2,9000,1.01301775148
127008,127098,128801,90,1703,2,9000,1.05284791544
127105,127201,128907,96,1706,2,9000,1.05627198124
127198,127238,128896,40,1658,2,9000,1.02412545235
127240,127264,128950,24,1686,2,9000,1.01423487544
127261,127308,128982,47,1674,2,9000,1.02807646356
127313,127352,129049,39,1697,2,9000,1.02298173247
127354,127403,129062,49,1659,2,9000,1.02953586498
127407,127430,129104,23,1674,2,9000,1.013739546
127428,127437,129126,9,1689,2,9000,1.0053285968
127439,127450,129135,11,1685,2,9000,1.00652818991
127450,127464,129142,14,1678,2,9000,1.00834326579
127461,127473,129175,12,1702,2,9000,1.00705052879
127472,127490,129188,18,1698,2,9000,1.01060070671
127493,127519,129215,26,1696,2,9000,1.01533018868
127515,127538,129215,23,1677,2,9000,1.0137149672
127536,127583,129286,47,1703,2,9000,1.02759835584
127579,127615,129309,36,1694,2,9000,1.0212514758
127596,127906,127908,310,2,2,60,31.2
127621,127755,129425,134,1670,2,9000,1.08023952096
127757,127769,129446,12,1677,2,9000,1.00715563506
127767,127776,129453,9,1677,2,9000,1.0053667263
127778,127808,129491,30,1683,2,9000,1.01782531194
127810,127869,129546,59,1677,2,9000,1.03518187239
127872,127881,129575,9,1694,2,9000,1.00531286895
127883,127901,129584,18,1683,2,9000,1.01069518717
127904,127914,129572,10,1658,2,9000,1.00603136309
127915,127921,129616,6,1695,2,9000,1.00353982301
127925,127933,129636,8,1703,2,9000,1.00469759248
127936,127947,129646,11,1699,2,9000,1.0064743967
127947,127971,129672,24,1701,2,9000,1.01410934744
127968,127983,129680,15,1697,2,9000,1.00883912787
127979,128010,129682,31,1672,2,9000,1.01854066986
128011,128017,129690,6,1673,2,9000,1.00358637179
128021,128032,129715,11,1683,2,9000,1.00653594771
128032,128039,129709,7,1670,2,9000,1.00419161677
128043,128057,129729,14,1672,2,9000,1.00837320574
128054,128064,129736,10,1672,2,9000,1.00598086124
128065,128076,129749,11,1673,2,9000,1.00657501494
128076,128116,129813,40,1697,2,9000,1.02357100766
128117,128152,129833,35,1681,2,9000,1.02082093992
128117,128585,128610,468,25,2,600,19.72
128130,129306,129912,1176,606,1,14400,2.94059405941
128149,128167,129855,18,1688,2,9000,1.01066350711
128170,128215,129889,45,1674,2,9000,1.02688172043
128211,128226,129899,15,1673,2,9000,1.00896592947
128222,128304,129975,82,1671,2,9000,1.04907241173
128305,128318,130005,13,1687,2,9000,1.00770598696
128316,128352,130038,36,1686,2,9000,1.02135231317
128357,128370,130042,13,1672,2,9000,1.00777511962
128368,128389,130076,21,1687,2,9000,1.01244813278
128389,128397,130075,8,1678,2,9000,1.00476758045
128400,128424,130090,24,1666,2,9000,1.0144057623
128404,129339,140489,935,11150,32,43200,1.08385650224
128421,128431,130104,10,1673,2,9000,1.00597728631
128432,128449,130110,17,1661,2,9000,1.01023479831
128453,128465,130126,12,1661,2,9000,1.00722456352
128464,128481,130199,17,1718,2,9000,1.00989522701
128485,128516,130182,31,1666,2,9000,1.01860744298
128517,128530,130206,13,1676,2,9000,1.00775656325
128527,128555,130227,28,1672,2,9000,1.01674641148
128559,128570,130293,11,1723,2,9000,1.00638421358
128570,128577,130247,7,1670,2,9000,1.00419161677
128580,128592,130273,12,1681,2,9000,1.00713860797
128591,128622,130294,31,1672,2,9000,1.01854066986
128623,128636,130320,13,1684,2,9000,1.00771971496
128633,128643,130316,10,1673,2,9000,1.00597728631
128644,128670,130338,26,1668,2,9000,1.01558752998
128675,128693,130350,18,1657,2,9000,1.01086300543
128697,128712,130385,15,1673,2,9000,1.00896592947
128718,128819,130485,101,1666,2,9000,1.0606242497
128821,128909,130570,88,1661,2,9000,1.05298013245
128914,128963,130642,49,1679,2,9000,1.02918403812
128966,128994,130680,28,1686,2,9000,1.01660735469
128997,129067,130742,70,1675,2,9000,1.04179104478
129069,129088,130765,19,1677,2,9000,1.01132975552
129090,129116,130790,26,1674,2,9000,1.01553166069
129122,129138,130806,16,1668,2,9000,1.00959232614
129143,129160,130823,17,1663,2,9000,1.01022248948
129164,129187,130884,23,1697,2,9000,1.0135533294
129185,129200,130870,15,1670,2,9000,1.00898203593
129196,129232,130899,36,1667,2,9000,1.02159568086
129237,129250,130894,13,1644,2,9000,1.00790754258
129248,129279,130940,31,1661,2,9000,1.01866345575
129272,129286,129293,14,7,1,86400,2.1
129279,129293,130953,14,1660,2,9000,1.00843373494
129290,129300,130968,10,1668,2,9000,1.00599520384
129301,129313,130984,12,1671,2,9000,1.00718132855
129312,129320,129331,8,11,1,86400,1.72727272727
129312,129327,131001,15,1674,2,9000,1.00896057348
129323,129366,131026,43,1660,2,9000,1.02590361446
129364,129379,131044,15,1665,2,9000,1.00900900901
129375,129399,131065,24,1666,2,9000,1.0144057623
129396,129437,131098,41,1661,2,9000,1.02468392535
129438,129458,131109,20,1651,2,9000,1.01211387038
129459,129467,131150,8,1683,2,9000,1.00475341652
129470,129477,131149,7,1672,2,9000,1.00418660287
129480,129503,131169,23,1666,2,9000,1.01380552221
129502,129510,131172,8,1662,2,9000,1.00481347774
129512,129541,131234,29,1693,2,9000,1.01712935617
129544,129559,131220,15,1661,2,9000,1.00903070439
129565,129584,131273,19,1689,2,9000,1.01124925992
129586,129593,131271,7,1678,2,9000,1.0041716329
129596,129604,131273,8,1669,2,9000,1.00479328939
129607,129615,131294,8,1679,2,9000,1.00476474092
129618,129628,131307,10,1679,2,9000,1.00595592615
129629,129648,131323,19,1675,2,9000,1.01134328358
129650,129658,131315,8,1657,2,9000,1.00482800241
129661,129684,131349,23,1665,2,9000,1.01381381381
129682,129692,131370,10,1678,2,9000,1.00595947557
129692,129699,131367,7,1668,2,9000,1.00419664269
129701,129707,129791,6,84,1,3600,1.07142857143
129701,129713,129779,12,66,1,3600,1.18181818182
129702,129753,129815,51,62,1,3600,1.82258064516
129702,129748,129820,46,72,1,3600,1.63888888889
129702,129734,129797,32,63,1,3600,1.50793650794
129702,129729,129796,27,67,1,3600,1.40298507463
129703,129759,129829,56,70,1,3600,1.8
129703,129722,131385,19,1663,2,9000,1.0114251353
129703,129801,129870,98,69,1,3600,2.42028985507
129703,129815,129855,112,40,1,3600,3.8
129703,129791,129830,88,39,1,3600,3.25641025641
129724,129741,131403,17,1662,2,9000,1.01022864019
129746,129766,131433,20,1667,2,9000,1.01199760048
129767,129774,131451,7,1677,2,9000,1.00417412045
129777,129808,131472,31,1664,2,9000,1.01862980769
129809,129825,131476,16,1651,2,9000,1.00969109631
129830,129837,131527,7,1690,2,9000,1.00414201183
129840,129848,131532,8,1684,2,9000,1.00475059382
129851,129858,131546,7,1688,2,9000,1.00414691943
129862,129869,131536,7,1667,2,9000,1.00419916017
129873,129883,131560,10,1677,2,9000,1.00596302922
129879,129922,130001,43,79,1,3600,1.54430379747
129880,129976,130043,96,67,1,3600,2.4328358209
129880,130077,130118,197,41,1,3600,5.80487804878
129880,130069,130109,189,40,1,3600,5.725
129880,130062,130099,182,37,1,3600,5.91891891892
129880,129998,130065,118,67,1,3600,2.76119402985
129880,130013,130051,133,38,1,3600,4.5
129881,130097,130158,216,61,1,3600,4.54098360656
129881,130084,130149,203,65,1,3600,4.12307692308
129881,130116,130176,235,60,1,3600,4.91666666667
129883,129901,131558,18,1657,2,9000,1.01086300543
129905,129911,131567,6,1656,2,9000,1.00362318841
129915,129987,131645,72,1658,2,9000,1.04342581423
129988,130020,131686,32,1666,2,9000,1.01920768307
130019,130050,131717,31,1667,2,9000,1.01859628074
130050,130057,131728,7,1671,2,9000,1.00418910832
130061,130091,131765,30,1674,2,9000,1.01792114695
130092,130104,131764,12,1660,2,9000,1.00722891566
130103,130111,131778,8,1667,2,9000,1.00479904019
130114,130123,131786,9,1663,2,9000,1.00541190619
130125,130131,131789,6,1658,2,9000,1.00361881785
130135,130143,131811,8,1668,2,9000,1.00479616307
130146,130153,131811,7,1658,2,9000,1.00422195416
130157,130163,131846,6,1683,2,9000,1.00356506239
130168,130188,131898,20,1710,2,9000,1.01169590643
130189,130195,131855,6,1660,2,9000,1.00361445783
130199,130211,131868,12,1657,2,9000,1.00724200362
130210,130218,131888,8,1670,2,9000,1.00479041916
130221,130239,131902,18,1663,2,9000,1.01082381239
130242,130259,131919,17,1660,2,9000,1.01024096386
130254,130285,131966,31,1681,2,9000,1.01844140393
130286,130305,131978,19,1673,2,9000,1.01135684399
130306,130314,131999,8,1685,2,9000,1.00474777448
130317,130328,132010,11,1682,2,9000,1.00653983353
130328,130335,132017,7,1682,2,9000,1.00416171225
130339,130350,132032,11,1682,2,9000,1.00653983353
130350,130362,132023,12,1661,2,9000,1.00722456352
130361,130398,132083,37,1685,2,9000,1.02195845697
130402,130497,132183,95,1686,2,9000,1.05634638197
130471,130478,132013,7,1535,1,2400,1.00456026059
130495,130582,132277,87,1695,2,9000,1.05132743363
130578,130654,132292,76,1638,2,9000,1.0463980464
130651,130692,132395,41,1703,2,9000,1.02407516148
130681,130777,138199,96,7422,5,14400,1.012934519
130798,130805,132612,7,1807,2,72000,1.00387382402
131407,131414,131771,7,357,2,72000,1.01960784314
131707,131713,139160,6,7447,5,14400,1.00080569357
131708,131719,139245,11,7526,5,14400,1.00146159979
131709,131726,139171,17,7445,5,14400,1.00228341169
131709,131731,139513,22,7782,5,14400,1.00282703675
131710,131737,139163,27,7426,5,14400,1.00363587396
131710,131742,138911,32,7169,5,14400,1.00446366299
131711,131747,139100,36,7353,5,14400,1.00489596083
131712,131753,139294,41,7541,5,14400,1.0054369447
131712,131758,139007,46,7249,5,14400,1.00634570286
131713,131764,139218,51,7454,5,14400,1.00684196405
132216,132223,133048,7,825,2,72000,1.00848484848
132298,132310,132404,12,94,1,3600,1.12765957447
132298,132315,132957,17,642,1,3600,1.02647975078
132298,132305,132343,7,38,1,3600,1.18421052632
132299,132333,132943,34,610,1,3600,1.05573770492
132299,132321,132374,22,53,1,3600,1.41509433962
132299,132328,132440,29,112,1,3600,1.25892857143
132300,132344,132468,44,124,1,3600,1.35483870968
132300,132338,132398,38,60,1,3600,1.63333333333
132300,132349,132943,49,594,1,3600,1.08249158249
132301,132365,132943,64,578,1,3600,1.1107266436
132301,132354,132423,53,69,1,3600,1.76811594203
132301,132360,132577,59,217,1,3600,1.27188940092
132302,132370,132446,68,76,1,3600,1.89473684211
132302,132381,132943,79,562,1,3600,1.14056939502
132302,132376,132591,74,215,1,3600,1.34418604651
132303,132398,132944,95,546,1,3600,1.17399267399
132303,132392,132611,89,219,1,3600,1.40639269406
132303,132386,132471,83,85,1,3600,1.97647058824
132546,132553,132567,7,14,2,60,1.5
132754,132762,132785,8,23,2,120,1.34782608696
132764,132770,132811,6,41,2,120,1.14634146341
133045,133062,134500,17,1438,1,3600,1.01182197497
133045,133051,133088,6,37,1,3600,1.16216216216
133045,133069,133117,24,48,1,3600,1.5
133045,133056,133159,11,103,1,3600,1.1067961165
133046,133085,133114,39,29,1,3600,2.34482758621
133046,133074,133178,28,104,1,3600,1.26923076923
133046,133079,134166,33,1087,1,3600,1.03035878565
133047,133090,133181,43,91,1,3600,1.47252747253
133047,133101,133173,54,72,1,3600,1.75
133047,133095,134012,48,917,1,3600,1.05234460196
133047,133106,133328,59,222,1,3600,1.26576576577
133048,133117,133200,69,83,1,3600,1.8313253012
133048,133122,133346,74,224,1,3600,1.33035714286
133048,133111,136442,63,3331,1,3600,1.01891323927
133048,133127,135663,79,2536,1,3600,1.03115141956
133049,133132,133183,83,51,1,3600,2.62745098039
133049,133138,133328,89,190,1,3600,1.46842105263
133049,133143,135224,94,2081,1,3600,1.04517059106
133185,133192,140850,7,7658,2,54000,1.00091407678
133202,133209,133226,7,17,4,60,1.41176470588
133206,133221,133249,15,28,4,120,1.53571428571
133209,133216,133262,7,46,4,120,1.15217391304
133526,133533,133568,7,35,1,3600,1.2
133526,133538,133637,12,99,1,3600,1.12121212121
133527,133556,133666,29,110,1,3600,1.26363636364
133527,133550,133595,23,45,1,3600,1.51111111111
133527,133543,136036,16,2493,1,3600,1.00641797032
133527,133561,134821,34,1260,1,3600,1.02698412698
133528,133577,134584,49,1007,1,3600,1.04865938431
133528,133572,133658,44,86,1,3600,1.51162790698
133528,133566,133591,38,25,1,3600,2.52
133615,133622,133731,7,109,2,60,1.06422018349
133824,133830,134005,6,175,2,600,1.03428571429
133892,133900,133901,8,1,2,43200,1.0
133984,133995,134521,11,526,1,3600,1.02091254753
133984,134002,134170,18,168,1,3600,1.10714285714
133984,133990,134124,6,134,1,3600,1.0447761194
133985,134013,134181,28,168,1,3600,1.16666666667
133985,134008,134606,23,598,1,3600,1.03846153846
133985,134018,134576,33,558,1,3600,1.05913978495
133986,134024,134170,38,146,1,3600,1.2602739726
133986,134029,134587,43,558,1,3600,1.0770609319
133986,134040,134565,54,525,1,3600,1.10285714286
133986,134034,134139,48,105,1,3600,1.45714285714
133987,134045,134143,58,98,1,3600,1.59183673469
133987,134050,134555,63,505,1,3600,1.12475247525
134020,134057,134058,37,1,1,3600,3.8
134074,134092,135182,18,1090,1,3600,1.01651376147
134074,134097,135377,23,1280,1,3600,1.01796875
134074,134080,135495,6,1415,1,3600,1.00424028269
134074,134085,136635,11,2550,1,3600,1.00431372549
134075,134108,135148,33,1040,1,3600,1.03173076923
134075,134102,135013,27,911,1,3600,1.0296377607
134092,134115,134232,23,117,1,3600,1.19658119658
134260,134267,134545,7,278,1,3600,1.02517985612
134270,134276,134587,6,311,2,600,1.0192926045
134273,134282,134837,9,555,2,600,1.01621621622
134277,134294,134486,17,192,4,600,1.08854166667
134280,134288,134623,8,335,4,600,1.02388059701
134284,134301,134920,17,619,4,600,1.02746365105
134300,134308,134310,8,2,1,3600,1.0
134350,134357,134497,7,140,1,3600,1.05
134559,134566,134649,7,83,1,3600,1.0843373494
134572,134580,134652,8,72,1,3600,1.11111111111
134729,134736,138364,7,3628,1,3600,1.00192943771
134799,134806,138416,7,3610,1,3600,1.00193905817
134861,134868,138501,7,3633,1,3600,1.00192678227
134957,134963,138331,6,3368,2,54000,1.00178147268
134969,134976,138583,7,3607,1,3600,1.00194067092
135274,135280,135335,6,55,4,60,1.10909090909
135333,135340,135441,7,101,4,60,1.06930693069
135481,135487,135627,6,140,4,7200,1.04285714286
135621,135628,138171,7,2543,1,3600,1.00275265435
135622,135639,137666,17,2027,1,3600,1.00838677849
135622,135633,138794,11,3161,1,3600,1.00347991142
135622,135645,138207,23,2562,1,3600,1.00897736144
135731,135737,139037,6,3300,1,14400,1.00181818182
135732,135743,139353,11,3610,1,14400,1.00304709141
136108,136114,136142,6,28,4,7200,1.21428571429
136303,136310,143540,7,7230,4,7200,1.00096818811
136650,136657,136669,7,12,1,14400,1.58333333333
136651,136662,136669,11,7,1,14400,1.8
136682,136688,140301,6,3613,1,14400,1.0016606698
136682,136699,140313,17,3614,1,14400,1.00470392916
136682,136693,140308,11,3615,1,14400,1.0030428769
136683,136705,140319,22,3614,1,14400,1.00608743774
136716,136723,140338,7,3615,1,28800,1.00193637621
136717,136729,140343,12,3614,1,28800,1.00332042059
137234,137241,137306,7,65,1,1200,1.10769230769
137553,137560,138853,7,1293,1,28800,1.00541376643
137554,137565,140622,11,3057,1,28800,1.00359829899
137554,137572,138686,18,1114,1,28800,1.01615798923
137554,137577,138924,23,1347,1,28800,1.01707498144
137555,137593,140434,38,2841,1,28800,1.01337557198
137555,137582,138519,27,937,1,28800,1.0288153682
137555,137588,138974,33,1386,1,28800,1.02380952381
137556,137614,139642,58,2028,1,28800,1.02859960552
137556,137598,141211,42,3613,1,28800,1.01162468862
137556,137604,139903,48,2299,1,28800,1.02087864289
137556,137609,140637,53,3028,1,28800,1.01750330251
137557,137620,140990,63,3370,1,28800,1.01869436202
137557,137630,141246,73,3616,1,28800,1.0201880531
137557,137625,141242,68,3617,1,28800,1.01880011059
137557,137636,141249,79,3613,1,28800,1.02186548575
137558,137641,141258,83,3617,1,28800,1.02294719381
137558,137646,141262,88,3616,1,28800,1.02433628319
137558,137652,141268,94,3616,1,28800,1.02599557522
137558,137657,138843,99,1186,1,28800,1.08347386172
137559,137662,139800,103,2138,1,28800,1.04817586529
137559,137668,138626,109,958,1,28800,1.11377870564
137559,137678,138528,119,850,1,28800,1.14
137559,137673,138893,114,1220,1,28800,1.09344262295
137560,137695,141307,135,3612,1,28800,1.03737541528
137560,137689,140492,129,2803,1,28800,1.04602211916
137560,137684,138757,124,1073,1,28800,1.1155638397
137561,137711,139571,150,1860,1,28800,1.08064516129
137561,137705,140468,144,2763,1,28800,1.05211726384
137561,137716,140010,155,2294,1,28800,1.06756756757
137561,137700,139900,139,2200,1,28800,1.06318181818
137562,137721,141334,159,3613,1,28800,1.04400774979
137562,137727,141339,165,3612,1,28800,1.04568106312
137562,137732,141346,170,3614,1,28800,1.04703929164
137562,137737,141351,175,3614,1,28800,1.04842280022
137563,138183,141794,620,3611,1,28800,1.1716975907
137563,138211,139442,648,1231,1,28800,1.52640129976
137563,137822,141435,259,3613,1,28800,1.07168557985
137564,138221,139146,657,925,1,28800,1.71027027027
137564,138234,139166,670,932,1,28800,1.71888412017
137564,138227,139468,663,1241,1,28800,1.53424657534
137564,138216,141421,652,3205,1,28800,1.20343213729
137565,138428,140397,863,1969,1,28800,1.43829355003
137565,138348,141012,783,2664,1,28800,1.29391891892
137565,138343,139743,778,1400,1,28800,1.55571428571
137565,138376,141985,811,3609,1,28800,1.22471598781
137566,138540,141118,974,2578,1,28800,1.37781225756
137566,138531,140470,965,1939,1,28800,1.49767921609
137566,138595,142209,1029,3614,1,28800,1.2847260653
137566,138513,141011,947,2498,1,28800,1.37910328263
137567,138770,142383,1203,3613,1,28800,1.3329642956
137567,138639,142252,1072,3613,1,28800,1.29670633822
137567,138698,142311,1131,3613,1,28800,1.31303625796
137568,138806,142419,1238,3613,1,28800,1.34265153612
137568,138855,142466,1287,3611,1,28800,1.35641096649
137588,299493,731503,161905,432010,2,432000,1.37477141733
137665,137745,137810,80,65,1,1200,2.23076923077
139227,139234,139252,7,18,1,7200,1.38888888889
139243,139250,142974,7,3724,1,7200,1.00187969925
139267,139274,143134,7,3860,1,7200,1.0018134715
139323,139330,143902,7,4572,1,7200,1.00153105862
139358,139365,144132,7,4767,1,7200,1.00146842878
139990,139997,141671,7,1674,2,9000,1.00418160096
139991,140002,141667,11,1665,2,9000,1.00660660661
140001,140010,141669,9,1659,2,9000,1.00542495479
140002,140015,141678,13,1663,2,9000,1.00781719784
140012,140022,141694,10,1672,2,9000,1.00598086124
140013,140027,141713,14,1686,2,9000,1.00830367734
140024,140039,141699,15,1660,2,9000,1.00903614458
140024,140033,141689,9,1656,2,9000,1.00543478261
140035,140051,141719,16,1668,2,9000,1.00959232614
140035,140046,141718,11,1672,2,9000,1.00657894737
140046,140058,141734,12,1676,2,9000,1.00715990453
140047,140063,141723,16,1660,2,9000,1.00963855422
140057,140070,141730,13,1660,2,9000,1.0078313253
140059,140075,141726,16,1651,2,9000,1.00969109631
140070,140082,141732,12,1650,2,9000,1.00727272727
140080,140089,141750,9,1661,2,9000,1.00541842264
140081,140094,141767,13,1673,2,9000,1.00777047221
140091,140101,141766,10,1665,2,9000,1.00600600601
140092,140106,141779,14,1673,2,9000,1.00836820084
140103,140113,141767,10,1654,2,9000,1.00604594921
140103,140118,141792,15,1674,2,9000,1.00896057348
140114,140130,141785,16,1655,2,9000,1.00966767372
140114,140125,141793,11,1668,2,9000,1.00659472422
140125,140137,141786,12,1649,2,9000,1.00727713766
140136,140149,141823,13,1674,2,9000,1.00776583035
140136,140144,141814,8,1670,2,9000,1.00479041916
140147,140161,141812,14,1651,2,9000,1.00847970927
140147,140155,141801,8,1646,2,9000,1.00486026731
140158,140168,141839,10,1671,2,9000,1.00598444045
140158,140173,141847,15,1674,2,9000,1.00896057348
140169,140180,141850,11,1670,2,9000,1.00658682635
140170,140185,141856,15,1671,2,9000,1.00897666068
140180,140191,141847,11,1656,2,9000,1.00664251208
140181,140197,141856,16,1659,2,9000,1.00964436407
140192,140204,141874,12,1670,2,9000,1.00718562874
140192,140209,141873,17,1664,2,9000,1.01021634615
140203,140215,141908,12,1693,2,9000,1.00708800945
140214,140227,141898,13,1671,2,9000,1.00777977259
140214,140222,141889,8,1667,2,9000,1.00479904019
140225,140234,141905,9,1671,2,9000,1.00538599641
140225,140239,141916,14,1677,2,9000,1.00834824091
140236,140246,141925,10,1679,2,9000,1.00595592615
140247,140254,141916,7,1662,2,9000,1.00421179302
140258,140264,141930,6,1666,2,9000,1.00360144058
140268,140314,141992,46,1678,2,9000,1.0274135876
140310,140325,141998,15,1673,2,9000,1.00896592947
140321,140350,142010,29,1660,2,9000,1.01746987952
140352,140409,142076,57,1667,2,9000,1.03419316137
140414,140480,142152,66,1672,2,9000,1.03947368421
140476,140504,142173,28,1669,2,9000,1.01677651288
140507,140650,142324,143,1674,2,9000,1.08542413381
140651,140862,142536,211,1674,2,9000,1.12604540024
140677,141004,141101,327,97,1,1200,4.37113402062
140786,141261,142617,475,1356,2,36000,1.35029498525
140863,141402,141406,539,4,32,3600,54.3
140867,141025,142698,158,1673,2,9000,1.09444112373
141021,141130,142813,109,1683,2,9000,1.06476530006
141134,141254,142919,120,1665,2,9000,1.07207207207
141257,141275,142950,18,1675,2,9000,1.01074626866
141278,141319,142987,41,1668,2,9000,1.02458033573
141320,141351,143010,31,1659,2,9000,1.01868595539
141351,141363,143024,12,1661,2,9000,1.00722456352
141362,141419,143091,57,1672,2,9000,1.03409090909
141424,141431,143106,7,1675,2,9000,1.00417910448
141435,141442,143124,7,1682,2,9000,1.00416171225
141445,141451,143129,6,1678,2,9000,1.00357568534
141456,141462,143124,6,1662,2,9000,1.0036101083
141467,141473,143135,6,1662,2,9000,1.0036101083
141478,141485,143143,7,1658,2,9000,1.00422195416
141488,141495,143162,7,1667,2,9000,1.00419916017
141499,141506,143159,7,1653,2,9000,1.00423472474
141510,141517,143178,7,1661,2,9000,1.00421432872
141521,141528,143173,7,1645,2,9000,1.00425531915
141531,141537,143203,6,1666,2,9000,1.00360144058
141542,141549,143211,7,1662,2,9000,1.00421179302
141553,141560,143255,7,1695,2,9000,1.00412979351
141564,141571,143218,7,1647,2,9000,1.00425015179
141574,141580,143238,6,1658,2,9000,1.00361881785
141585,141679,143369,94,1690,2,9000,1.05562130178
141678,141686,143359,8,1673,2,9000,1.00478182905
141689,141696,143377,7,1681,2,9000,1.00416418798
141699,141706,143375,7,1669,2,9000,1.00419412822
141710,141716,143375,6,1659,2,9000,1.00361663653
141721,141728,143386,7,1658,2,9000,1.00422195416
141732,141738,143404,6,1666,2,9000,1.00360144058
141742,141748,143392,6,1644,2,9000,1.00364963504
141753,141760,143428,7,1668,2,9000,1.00419664269
141764,141771,143417,7,1646,2,9000,1.0042527339
141774,141782,143444,8,1662,2,9000,1.00481347774
141785,141793,143478,8,1685,2,9000,1.00474777448
141796,141802,143455,6,1653,2,9000,1.00362976407
141807,141815,143506,8,1691,2,9000,1.00473092844
141817,141825,143492,8,1667,2,9000,1.00479904019
141828,141835,143505,7,1670,2,9000,1.00419161677
141839,141846,143515,7,1669,2,9000,1.00419412822
141850,141855,143522,5,1667,2,9000,1.00299940012
141860,141868,143543,8,1675,2,9000,1.0047761194
141871,141877,143537,6,1660,2,9000,1.00361445783
141882,141889,143540,7,1651,2,9000,1.00423985463
141892,141900,143551,8,1651,2,9000,1.00484554815
141903,141910,143564,7,1654,2,9000,1.00423216445
141914,141921,143571,7,1650,2,9000,1.00424242424
141925,141932,143591,7,1659,2,9000,1.00421940928
141936,141942,143607,6,1665,2,9000,1.0036036036
141946,141961,143637,15,1676,2,9000,1.00894988067
141957,141968,143654,11,1686,2,9000,1.00652431791
141968,141975,143637,7,1662,2,9000,1.00421179302
141979,141992,143682,13,1690,2,9000,1.00769230769
141989,141999,143680,10,1681,2,9000,1.00594883998
142000,142007,143653,7,1646,2,9000,1.0042527339
142011,142018,143680,7,1662,2,9000,1.00421179302
142022,142029,143688,7,1659,2,9000,1.00421940928
142032,142038,143699,6,1661,2,9000,1.00361228176
142043,142050,143687,7,1637,2,9000,1.00427611484
142046,142056,142274,10,218,32,3600,1.04587155963
142054,142064,143707,10,1643,2,9000,1.00608642727
142064,142071,143712,7,1641,2,9000,1.00426569165
142075,142081,143727,6,1646,2,9000,1.00364520049
142086,142093,143764,7,1671,2,9000,1.00418910832
142097,142103,143777,6,1674,2,9000,1.00358422939
142107,142114,143781,7,1667,2,9000,1.00419916017
142118,142125,143784,7,1659,2,9000,1.00421940928
142129,142135,143819,6,1684,2,9000,1.00356294537
142140,142147,143802,7,1655,2,9000,1.00422960725
142150,142157,143810,7,1653,2,9000,1.00423472474
142161,142167,143825,6,1658,2,9000,1.00361881785
142172,142179,143816,7,1637,2,9000,1.00427611484
142183,142190,143827,7,1637,2,9000,1.00427611484
142189,142197,142213,8,16,1,28800,1.5
142193,142203,143870,10,1667,2,9000,1.00599880024
142204,142211,143831,7,1620,2,9000,1.00432098765
142215,142223,143862,8,1639,2,9000,1.00488102502
142218,142230,145839,12,3609,1,28800,1.00332502078
142226,142323,144027,97,1704,2,9000,1.05692488263
142318,142336,144003,18,1667,2,9000,1.01079784043
142340,142432,144127,92,1695,2,9000,1.05427728614
142392,143187,146808,795,3621,32,3600,1.21955260978
142432,142548,144227,116,1679,2,9000,1.0690887433
142546,142629,144283,83,1654,2,9000,1.05018137848
142628,142711,144397,83,1686,2,9000,1.04922894425
142711,142826,144472,115,1646,2,9000,1.06986634265
142824,142931,144573,107,1642,2,9000,1.06516443362
142927,142963,144586,36,1623,2,9000,1.02218114603
142959,142986,144645,27,1659,2,9000,1.01627486438
142990,142999,144708,9,1709,2,9000,1.00526623757
143001,143022,144677,21,1655,2,9000,1.01268882175
143022,143036,144686,14,1650,2,9000,1.00848484848
143032,143103,144807,71,1704,2,9000,1.04166666667
143105,143122,144786,17,1664,2,9000,1.01021634615
143126,143136,144822,10,1686,2,9000,1.0059311981
143136,143143,144766,7,1623,2,9000,1.00431300062
143147,143154,144805,7,1651,2,9000,1.00423985463
143158,143165,144825,7,1660,2,9000,1.00421686747
143169,143176,144819,7,1643,2,9000,1.00426049909
143180,143192,144878,12,1686,2,9000,1.00711743772
143190,143199,144889,9,1690,2,9000,1.00532544379
143201,143208,144861,7,1653,2,9000,1.00423472474
143212,143219,144878,7,1659,2,9000,1.00421940928
143222,143230,144883,8,1653,2,9000,1.00483968542
143233,143240,144906,7,1666,2,9000,1.00420168067
143244,143252,144896,8,1644,2,9000,1.00486618005
143255,143261,144914,6,1653,2,9000,1.00362976407
143266,143272,144929,6,1657,2,9000,1.00362100181
143276,143284,144902,8,1618,2,9000,1.00494437577
143287,143371,145043,84,1672,2,9000,1.05023923445
143370,143381,145044,11,1663,2,9000,1.00661455201
143380,143388,145009,8,1621,2,9000,1.00493522517
143391,143398,145065,7,1667,2,9000,1.00419916017
143402,143408,145045,6,1637,2,9000,1.0036652413
143413,143420,145044,7,1624,2,9000,1.00431034483
143423,143430,145067,7,1637,2,9000,1.00427611484
143434,143442,145060,8,1618,2,9000,1.00494437577
143445,143452,145088,7,1636,2,9000,1.00427872861
143456,143464,145100,8,1636,2,9000,1.00488997555
143467,143474,145101,7,1627,2,9000,1.00430239705
143478,143485,145120,7,1635,2,9000,1.00428134557
143489,143496,145126,7,1630,2,9000,1.00429447853
143499,143507,145127,8,1620,2,9000,1.0049382716
143510,143517,145115,7,1598,2,9000,1.00438047559
143521,143529,145136,8,1607,2,9000,1.00497822029
143532,143539,145156,7,1617,2,9000,1.00432900433
143542,143549,145165,7,1616,2,9000,1.00433168317
143553,143560,145181,7,1621,2,9000,1.00431832202
143564,143571,145190,7,1619,2,9000,1.00432365658
143574,143581,143584,7,3,1,10800,1.0
143575,143588,145211,13,1623,2,9000,1.00800985829
143586,143594,145195,8,1601,2,9000,1.00499687695
143596,143604,145187,8,1583,2,9000,1.00505369551
143607,143614,145274,7,1660,2,9000,1.00421686747
143618,143625,145280,7,1655,2,9000,1.00422960725
143629,143639,145306,10,1667,2,9000,1.00599880024
143639,143646,145324,7,1678,2,9000,1.0041716329
143650,143656,145320,6,1664,2,9000,1.00360576923
143661,143668,145325,7,1657,2,9000,1.00422450211
143669,143676,143679,7,3,1,10800,1.0
143672,143683,145347,11,1664,2,9000,1.00661057692
143682,143690,145324,8,1634,2,9000,1.00489596083
143693,143701,145351,8,1650,2,9000,1.00484848485
143704,143711,145371,7,1660,2,9000,1.00421686747
143715,143722,145356,7,1634,2,9000,1.00428396573
143725,143733,145366,8,1633,2,9000,1.00489895897
143736,143747,145382,11,1635,2,9000,1.00672782875
143747,143753,145390,6,1637,2,9000,1.0036652413
143758,143765,145375,7,1610,2,9000,1.00434782609
143768,143776,145387,8,1611,2,9000,1.00496585971
143774,143782,143831,8,49,1,10800,1.16326530612
143779,143790,145408,11,1618,2,9000,1.00679851669
143790,143797,145403,7,1606,2,9000,1.00435865504
143801,143808,145401,7,1593,2,9000,1.00439422473
143811,143819,145396,8,1577,2,9000,1.00507292327
143822,143829,145428,7,1599,2,9000,1.00437773609
143833,143840,145441,7,1601,2,9000,1.00437226733
143833,143847,147776,14,3929,1,10800,1.00356324765
143844,143853,145443,9,1590,2,9000,1.00566037736
143854,143862,145443,8,1581,2,9000,1.00506008855
143865,143872,145468,7,1596,2,9000,1.00438596491
143876,143884,145532,8,1648,2,9000,1.00485436893
143887,143894,145512,7,1618,2,9000,1.0043263288
143897,143904,145520,7,1616,2,9000,1.00433168317
143908,143916,145562,8,1646,2,9000,1.00486026731
143919,143925,145532,6,1607,2,9000,1.00373366521
143930,143941,145580,11,1639,2,9000,1.0067114094
143940,144015,145679,75,1664,2,9000,1.04507211538
144013,144039,145696,26,1657,2,9000,1.01569100785
144044,144139,145796,95,1657,2,9000,1.05733252867
144137,144146,145788,9,1642,2,9000,1.00548112058
144148,144240,145883,92,1643,2,9000,1.05599513086
144240,144295,145929,55,1634,2,9000,1.03365973072
144292,144409,146059,117,1650,2,9000,1.07090909091
144385,144824,148439,439,3615,1,28800,1.1214384509
144386,144861,148484,475,3623,1,28800,1.13110681755
144386,144829,148447,443,3618,1,28800,1.12244333886
144386,144855,148470,469,3615,1,28800,1.12973720609
144387,144913,144920,526,7,1,28800,53.3
144387,144895,148513,508,3618,1,28800,1.14040906578
144387,144901,148515,514,3614,1,28800,1.14222468179
144387,144919,144925,532,6,1,28800,53.8
144405,144484,146104,79,1620,2,9000,1.0487654321
144442,144836,144837,394,1,4,120,39.5
144488,144585,146254,97,1669,2,9000,1.05811863391
144581,144598,146240,17,1642,2,9000,1.01035322777
144602,144657,146299,55,1642,2,9000,1.03349573691
144654,144689,146322,35,1633,2,9000,1.0214329455
144685,144698,146337,13,1639,2,9000,1.00793166565
144696,144720,146355,24,1635,2,9000,1.01467889908
144717,144779,146419,62,1640,2,9000,1.03780487805
144750,144924,148189,174,3265,1,7200,1.05329249617
144750,144942,147911,192,2969,1,7200,1.06466823846
144750,144929,146170,179,1241,1,7200,1.14423851732
144751,144952,147917,201,2965,1,7200,1.06779089376
144751,144958,146183,207,1225,1,7200,1.16897959184
144751,144947,146436,196,1489,1,7200,1.13163196776
144752,144976,144982,224,6,1,7200,23.0
144752,144963,144971,211,8,1,7200,21.9
144752,144982,148593,230,3611,1,7200,1.06369426752
144752,144994,147716,242,2722,1,7200,1.08890521675
144753,145119,148095,366,2976,1,7200,1.12298387097
144753,145068,148684,315,3616,1,7200,1.08711283186
144753,145212,148781,459,3569,1,7200,1.12860745307
144753,145218,147640,465,2422,1,7200,1.19199009083
144754,145228,145237,474,9,1,7200,48.3
144754,145223,145231,469,8,1,7200,47.7
144779,144798,146429,19,1631,2,9000,1.01164929491
144800,144817,146496,17,1679,2,9000,1.01012507445
144821,144843,146497,22,1654,2,9000,1.01330108827
144842,144850,146503,8,1653,2,9000,1.00483968542
144852,144875,146517,23,1642,2,9000,1.01400730816
144873,144890,146526,17,1636,2,9000,1.01039119804
144894,144908,146546,14,1638,2,9000,1.00854700855
144906,144936,146561,30,1625,2,9000,1.01846153846
144937,144970,146587,33,1617,2,9000,1.02040816327
144968,145021,146614,53,1593,2,9000,1.03327055869
145020,145055,146656,35,1601,2,9000,1.02186133666
145034,145207,148786,173,3579,2,14400,1.04833752445
145034,145112,148151,78,3039,3,14400,1.02566633761
145035,145082,147553,47,2471,4,14400,1.01902063942
145035,145062,147124,27,2062,5,14400,1.01309408341
145065,145075,146731,10,1656,2,9000,1.00603864734
145076,145100,146761,24,1661,2,9000,1.01444912703
145097,145128,146796,31,1668,2,9000,1.01858513189
145128,145135,146792,7,1657,2,9000,1.00422450211
145133,145142,145190,9,48,4,300,1.1875
145139,145149,146814,10,1665,2,9000,1.00600600601
145150,145168,146827,18,1659,2,9000,1.01084990958
145171,145177,146818,6,1641,2,9000,1.00365630713
145182,145193,146860,11,1667,2,9000,1.00659868026
145192,145200,146862,8,1662,2,9000,1.00481347774
145203,145236,146906,33,1670,2,9000,1.01976047904
145234,145243,146892,9,1649,2,9000,1.00545785324
145245,145252,146914,7,1662,2,9000,1.00421179302
145256,145286,146934,30,1648,2,9000,1.0182038835
145287,145295,146945,8,1650,2,9000,1.00484848485
145298,145318,146953,20,1635,2,9000,1.0122324159
145319,145332,146999,13,1667,2,9000,1.00779844031
145330,145339,147005,9,1666,2,9000,1.00540216086
145341,145347,147021,6,1674,2,9000,1.00358422939
145351,145358,147031,7,1673,2,9000,1.00418410042
145362,145369,147018,7,1649,2,9000,1.00424499697
145373,145379,147050,6,1671,2,9000,1.00359066427
145383,145392,147045,9,1653,2,9000,1.0054446461
145394,145400,147050,6,1650,2,9000,1.00363636364
145399,145941,145998,542,57,4,300,10.5087719298
145405,145411,147061,6,1650,2,9000,1.00363636364
145416,145423,147092,7,1669,2,9000,1.00419412822
145426,145434,147108,8,1674,2,9000,1.00477897252
145437,145444,147114,7,1670,2,9000,1.00419161677
145448,145456,147106,8,1650,2,9000,1.00484848485
145459,145465,147117,6,1652,2,9000,1.00363196126
145469,145476,147125,7,1649,2,9000,1.00424499697
145480,145486,147156,6,1670,2,9000,1.00359281437
145491,145497,147149,6,1652,2,9000,1.00363196126
145502,145509,147174,7,1665,2,9000,1.0042042042
145512,145520,147177,8,1657,2,9000,1.00482800241
145523,145530,147187,7,1657,2,9000,1.00422450211
145534,145541,147200,7,1659,2,9000,1.00421940928
145545,145552,147201,7,1649,2,9000,1.00424499697
145555,145562,147207,7,1645,2,9000,1.00425531915
145566,145573,147223,7,1650,2,9000,1.00424242424
145577,145583,147241,6,1658,2,9000,1.00361881785
145588,145595,147257,7,1662,2,9000,1.00421179302
145598,145605,147255,7,1650,2,9000,1.00424242424
145609,145616,147280,7,1664,2,9000,1.00420673077
145620,145691,147355,71,1664,2,9000,1.04266826923
145692,145709,147322,17,1613,2,9000,1.01053936764
145713,145800,147403,87,1603,2,9000,1.05427323768
145796,145809,147418,13,1609,2,9000,1.00807955252
146166,146173,146234,7,61,4,300,1.11475409836
146255,146263,147024,8,761,4,1200,1.01051248357
146602,146608,146613,6,5,16,300,1.1
146709,146716,146717,7,1,16,300,1.0
146746,146753,146754,7,1,16,300,1.0
146893,146900,146903,7,3,16,300,1.0
147144,147151,147553,7,402,20,86399,1.01741293532
147360,147367,147630,7,263,16,300,1.02661596958
148105,148112,150158,7,2046,2,9000,1.00342130987
148106,148117,150142,11,2025,2,9000,1.00543209877
148116,148124,150113,8,1989,2,9000,1.00402212167
148117,148129,150208,12,2079,2,9000,1.00577200577
148127,148135,150170,8,2035,2,9000,1.00393120393
148128,148141,150075,13,1934,2,9000,1.00672182006
148138,148148,150224,10,2076,2,9000,1.00481695568
148139,148153,150119,14,1966,2,9000,1.00712105799
148149,148160,150102,11,1942,2,9000,1.00566426365
148150,148165,150130,15,1965,2,9000,1.00763358779
148160,148172,150159,12,1987,2,9000,1.00603925516
148161,148177,150122,16,1945,2,9000,1.00822622108
148172,148184,150106,12,1922,2,9000,1.00624349636
148182,148190,150290,8,2100,2,9000,1.00380952381
148183,148196,150174,13,1978,2,9000,1.00657229525
148193,148203,150156,10,1953,2,9000,1.0051203277
148194,148208,150217,14,2009,2,9000,1.00696864111
148204,148214,150228,10,2014,2,9000,1.0049652433
148205,148220,150211,15,1991,2,9000,1.00753390256
148215,148226,150309,11,2083,2,9000,1.00528084494
148216,148232,150220,16,1988,2,9000,1.00804828974
148227,148239,150239,12,2000,2,9000,1.006
148227,148244,150275,17,2031,2,9000,1.00837026096
148238,148250,150183,12,1933,2,9000,1.00620796689
148843,148849,151353,6,2504,4,14400,1.00239616613
148843,148854,151835,11,2981,3,14400,1.0036900369
148843,148860,152476,17,3616,2,14400,1.00470132743
148844,148866,151035,22,2169,5,14400,1.01014292301
148986,148993,152605,7,3612,1,14400,1.0019379845
149107,149113,149123,6,10,16,86399,1.6
149253,149260,165169,7,15909,20,86399,1.00044000251
149283,149291,166573,8,17282,20,86399,1.00046290939
149993,166431,339233,16438,172802,1,172800,1.09512621382
150108,150115,151800,7,1685,2,9000,1.00415430267
150109,150120,151827,11,1707,2,9000,1.0064440539
150119,150127,151810,8,1683,2,9000,1.00475341652
150120,150132,151887,12,1755,2,9000,1.00683760684
150130,150139,151852,9,1713,2,9000,1.00525394046
150131,150144,151831,13,1687,2,9000,1.00770598696
150142,150156,151851,14,1695,2,9000,1.00825958702
150142,150151,151886,9,1735,2,9000,1.00518731988
150153,150168,151841,15,1673,2,9000,1.00896592947
150153,150163,151900,10,1737,2,9000,1.00575705239
150164,150175,151843,11,1668,2,9000,1.00659472422
150164,150180,151874,16,1694,2,9000,1.00944510035
150175,150187,151853,12,1666,2,9000,1.00720288115
150186,150199,151875,13,1676,2,9000,1.00775656325
150186,150194,151930,8,1736,2,9000,1.00460829493
150197,150206,151913,9,1707,2,9000,1.00527240773
150197,150211,151963,14,1752,2,9000,1.00799086758
150208,150217,151903,9,1686,2,9000,1.00533807829
150208,150223,151903,15,1680,2,9000,1.00892857143
150219,150230,151922,11,1692,2,9000,1.00650118203
150219,150235,151948,16,1713,2,9000,1.00934033859
150230,150243,151906,13,1663,2,9000,1.00781719784
150241,150249,151962,8,1713,2,9000,1.00467016929
150241,150255,151960,14,1705,2,9000,1.0082111437
150252,150267,151984,15,1717,2,9000,1.00873616773
150252,150262,151967,10,1705,2,9000,1.00586510264
150263,150273,152012,10,1739,2,9000,1.00575043128
150263,150279,151973,16,1694,2,9000,1.00944510035
150274,150285,151975,11,1690,2,9000,1.00650887574
150275,150291,151954,16,1663,2,9000,1.00962116657
150285,150298,151988,13,1690,2,9000,1.00769230769
150296,150305,152013,9,1708,2,9000,1.00526932084
150296,150310,152011,14,1701,2,9000,1.00823045267
150307,150322,152105,15,1783,2,9000,1.00841278744
150307,150317,152007,10,1690,2,9000,1.00591715976
150318,150329,152042,11,1713,2,9000,1.00642148278
150319,150334,152032,15,1698,2,9000,1.00883392226
150329,150341,152064,12,1723,2,9000,1.00696459663
150330,150346,152118,16,1772,2,9000,1.00902934537
150340,150353,152052,13,1699,2,9000,1.00765155974
150351,150360,152058,9,1698,2,9000,1.00530035336
150362,150368,152036,6,1668,2,9000,1.0035971223
150372,150380,152068,8,1688,2,9000,1.00473933649
150383,150389,152082,6,1693,2,9000,1.00354400473
150394,150400,152075,6,1675,2,9000,1.00358208955
150405,150412,152089,7,1677,2,9000,1.00417412045
150415,150421,152134,6,1713,2,9000,1.00350262697
150426,150432,152139,6,1707,2,9000,1.00351493849
150437,150443,152134,6,1691,2,9000,1.00354819633
150447,150453,152108,6,1655,2,9000,1.00362537764
150458,150464,152184,6,1720,2,9000,1.00348837209
150469,150476,152193,7,1717,2,9000,1.00407687828
150479,150486,152212,7,1726,2,9000,1.00405561993
150490,150497,152219,7,1722,2,9000,1.00406504065
150501,150508,152222,7,1714,2,9000,1.004084014
150511,150519,152209,8,1690,2,9000,1.00473372781
150522,150529,152188,7,1659,2,9000,1.00421940928
150533,150539,152229,6,1690,2,9000,1.00355029586
150544,150551,152282,7,1731,2,9000,1.00404390526
150554,150560,152256,6,1696,2,9000,1.00353773585
150565,150572,152333,7,1761,2,9000,1.0039750142
150576,150582,152306,6,1724,2,9000,1.00348027842
150586,150593,152284,7,1691,2,9000,1.00413956239
150597,150603,152322,6,1719,2,9000,1.0034904014
150608,150615,152290,7,1675,2,9000,1.00417910448
150619,150625,152318,6,1693,2,9000,1.00354400473
150629,150636,152382,7,1746,2,9000,1.0040091638
150640,150647,152378,7,1731,2,9000,1.00404390526
150654,150661,152390,7,1729,2,9000,1.004048583
150665,150672,152373,7,1701,2,9000,1.00411522634
150675,150683,152335,8,1652,2,9000,1.00484261501
150686,150693,152374,7,1681,2,9000,1.00416418798
150697,150703,152350,6,1647,2,9000,1.00364298725
150708,150714,152404,6,1690,2,9000,1.00355029586
150718,150726,152404,8,1678,2,9000,1.00476758045
150729,150736,152442,7,1706,2,9000,1.0041031653
150740,151047,152747,307,1700,2,9000,1.18058823529
151048,151055,152712,7,1657,2,9000,1.00422450211
151058,151065,152793,7,1728,2,9000,1.00405092593
151069,151365,153073,296,1708,2,9000,1.17330210773
151283,152015,164279,732,12264,20,86399,1.05968688845
151367,151373,153033,6,1660,2,9000,1.00361445783
151378,151813,153477,435,1664,2,9000,1.26141826923
151612,152416,164532,804,12116,20,86399,1.06635853417
151640,151918,151997,278,79,16,60,4.51898734177
151808,151822,153550,14,1728,2,9000,1.00810185185
151819,151840,153531,21,1691,2,9000,1.01241868717
151840,151846,153617,6,1771,2,9000,1.00338791643
151851,151857,153503,6,1646,2,9000,1.00364520049
151861,151869,153572,8,1703,2,9000,1.00469759248
151872,151879,153662,7,1783,2,9000,1.00392596747
151883,151889,153617,6,1728,2,9000,1.00347222222
151894,151901,153670,7,1769,2,9000,1.00395703787
151904,151911,153627,7,1716,2,9000,1.00407925408
151915,151925,153600,10,1675,2,9000,1.00597014925
151926,151935,153608,9,1673,2,9000,1.00537955768
151936,151944,153631,8,1687,2,9000,1.00474214582
151947,151961,153630,14,1669,2,9000,1.00838825644
151958,151968,153701,10,1733,2,9000,1.00577034045
151969,151975,153638,6,1663,2,9000,1.00360793746
151979,151986,153705,7,1719,2,9000,1.00407213496
151990,151998,153660,8,1662,2,9000,1.00481347774
152001,152008,153648,7,1640,2,9000,1.00426829268
152011,152022,153646,11,1624,2,9000,1.00677339901
152022,152029,153748,7,1719,2,9000,1.00407213496
152033,152040,153758,7,1718,2,9000,1.00407450524
152044,152050,153757,6,1707,2,9000,1.00351493849
152054,152061,153761,7,1700,2,9000,1.00411764706
152065,152072,153792,7,1720,2,9000,1.00406976744
152076,152083,153732,7,1649,2,9000,1.00424499697
152086,152094,153760,8,1666,2,9000,1.00480192077
152097,152103,153786,6,1683,2,9000,1.00356506239
152108,152115,153793,7,1678,2,9000,1.0041716329
152119,152126,153858,7,1732,2,9000,1.00404157044
152129,152136,153826,7,1690,2,9000,1.00414201183
152140,152147,153854,7,1707,2,9000,1.00410076157
152151,152157,153800,6,1643,2,9000,1.00365185636
152161,152168,153866,7,1698,2,9000,1.00412249706
152172,152178,153927,6,1749,2,9000,1.00343053173
152183,152190,153903,7,1713,2,9000,1.00408639813
152194,152200,153884,6,1684,2,9000,1.00356294537
152205,152211,153910,6,1699,2,9000,1.00353148911
152216,152223,153894,7,1671,2,9000,1.00418910832
152226,152233,153925,7,1692,2,9000,1.00413711584
152237,152244,153937,7,1693,2,9000,1.00413467218
152248,152255,153950,7,1695,2,9000,1.00412979351
152258,152266,153960,8,1694,2,9000,1.00472255018
152269,152276,153978,7,1702,2,9000,1.00411280846
152280,152293,154019,13,1726,2,9000,1.00753186559
152291,152300,154025,9,1725,2,9000,1.0052173913
152301,152309,154016,8,1707,2,9000,1.00468658465
152312,152318,154030,6,1712,2,9000,1.0035046729
152323,152330,154030,7,1700,2,9000,1.00411764706
152333,152341,153989,8,1648,2,9000,1.00485436893
152344,152350,154058,6,1708,2,9000,1.00351288056
152355,152362,154049,7,1687,2,9000,1.00414937759
152366,152372,154026,6,1654,2,9000,1.00362756953
152376,152383,154057,7,1674,2,9000,1.00418160096
152387,152394,154099,7,1705,2,9000,1.00410557185
152398,152404,154086,6,1682,2,9000,1.00356718193
152430,152454,154043,24,1589,2,9000,1.01510383889
152456,152488,154211,32,1723,2,9000,1.01857225769
152488,152617,154361,129,1744,2,9000,1.07396788991
152621,152725,154446,104,1721,2,9000,1.06042998257
152724,152760,154502,36,1742,2,9000,1.02066590126
152755,152805,154490,50,1685,2,9000,1.0296735905
152807,153045,154744,238,1699,2,9000,1.14008240141
153043,153085,154799,42,1714,2,9000,1.02450408401
153085,153489,155219,404,1730,2,9000,1.23352601156
153487,153515,155110,28,1595,2,9000,1.01755485893
153518,153543,155226,25,1683,2,9000,1.01485442662
153539,153562,155228,23,1666,2,9000,1.01380552221
153560,153584,155237,24,1653,2,9000,1.01451905626
153581,153612,155292,31,1680,2,9000,1.01845238095
153612,153621,155259,9,1638,2,9000,1.00549450549
153623,153630,155284,7,1654,2,9000,1.00423216445
153634,153641,155197,7,1556,2,9000,1.00449871465
153645,153653,155209,8,1556,2,9000,1.00514138817
153656,153662,155220,6,1558,2,9000,1.00385109114
153667,153674,155269,7,1595,2,9000,1.00438871473
153677,153685,155271,8,1586,2,9000,1.00504413619
153688,153695,155211,7,1516,2,9000,1.00461741425
153699,153705,155360,6,1655,2,9000,1.00362537764
153710,153717,155377,7,1660,2,9000,1.00421686747
153720,153726,155378,6,1652,2,9000,1.00363196126
153731,153738,155325,7,1587,2,9000,1.00441083806
153742,153749,155277,7,1528,2,9000,1.00458115183
153752,153759,155287,7,1528,2,9000,1.00458115183
153763,153771,155432,8,1661,2,9000,1.00481637568
153774,153781,155464,7,1683,2,9000,1.00415923945
153785,153792,155469,7,1677,2,9000,1.00417412045
153795,153802,155468,7,1666,2,9000,1.00420168067
153806,153813,155478,7,1665,2,9000,1.0042042042
153817,153823,155440,6,1617,2,9000,1.00371057514
153828,153835,155464,7,1629,2,9000,1.00429711479
153838,153844,155473,6,1629,2,9000,1.00368324125
153849,153856,155484,7,1628,2,9000,1.0042997543
153860,153868,155521,8,1653,2,9000,1.00483968542
153870,153878,155470,8,1592,2,9000,1.00502512563
153881,153887,155471,6,1584,2,9000,1.00378787879
153892,153898,155341,6,1443,2,9000,1.00415800416
153903,153909,155582,6,1673,2,9000,1.00358637179
153913,153919,155608,6,1689,2,9000,1.00355239787
153924,153931,155613,7,1682,2,9000,1.00416171225
153935,153941,155627,6,1686,2,9000,1.00355871886
153945,153953,155598,8,1645,2,9000,1.00486322188
153956,153964,155608,8,1644,2,9000,1.00486618005
153967,153974,155639,7,1665,2,9000,1.0042042042
153977,153984,155610,7,1626,2,9000,1.00430504305
153988,153995,155610,7,1615,2,9000,1.00433436533
153999,154005,155629,6,1624,2,9000,1.00369458128
154010,154016,155626,6,1610,2,9000,1.00372670807
154020,154027,155633,7,1606,2,9000,1.00435865504
154031,154039,155602,8,1563,2,9000,1.00511836212
154042,154048,155617,6,1569,2,9000,1.00382409178
154052,154060,155507,8,1447,2,9000,1.00552868003
154063,154069,155762,6,1693,2,9000,1.00354400473
154074,154080,155759,6,1679,2,9000,1.00357355569
154085,154092,155764,7,1672,2,9000,1.00418660287
154095,154101,155780,6,1679,2,9000,1.00357355569
154106,154113,155763,7,1650,2,9000,1.00424242424
154117,154124,155759,7,1635,2,9000,1.00428134557
154127,154134,155786,7,1652,2,9000,1.00423728814
154138,154145,155771,7,1626,2,9000,1.00430504305
154149,154156,155778,7,1622,2,9000,1.00431565968
154159,154223,155862,64,1639,2,9000,1.03904820012
154221,154373,155993,152,1620,2,9000,1.09382716049
154375,154458,156024,83,1566,2,9000,1.05300127714
154458,154503,156028,45,1525,2,9000,1.02950819672
154499,154514,155965,15,1451,2,9000,1.01033769814
154528,154756,156460,228,1704,2,9000,1.1338028169
154754,154811,156468,57,1657,2,9000,1.0343995172
154816,155122,156756,306,1634,2,9000,1.18727050184
155052,164292,164379,9240,87,16,60,107.206896552
155124,155209,156920,85,1711,2,9000,1.04967855056
155206,155221,156891,15,1670,2,9000,1.00898203593
155217,155228,156908,11,1680,2,9000,1.00654761905
155228,155235,156874,7,1639,2,9000,1.00427089689
155239,155245,156995,6,1750,2,9000,1.00342857143
155249,155256,156989,7,1733,2,9000,1.00403923832
155260,155267,157003,7,1736,2,9000,1.00403225806
155271,155278,156970,7,1692,2,9000,1.00413711584
155281,155288,156947,7,1659,2,9000,1.00421940928
155292,155299,156933,7,1634,2,9000,1.00428396573
155303,155310,156939,7,1629,2,9000,1.00429711479
155314,155320,156948,6,1628,2,9000,1.00368550369
155324,155331,157097,7,1766,2,9000,1.00396375991
155335,155342,157085,7,1743,2,9000,1.00401606426
155346,155352,157025,6,1673,2,9000,1.00358637179
155356,155363,157088,7,1725,2,9000,1.00405797101
155367,155374,157055,7,1681,2,9000,1.00416418798
155378,155385,157063,7,1678,2,9000,1.0041716329
155389,155395,157052,6,1657,2,9000,1.00362100181
155399,155407,157029,8,1622,2,9000,1.00493218249
155410,155443,157040,33,1597,2,9000,1.02066374452
155441,155452,157207,11,1755,2,9000,1.00626780627
155452,155476,157228,24,1752,2,9000,1.01369863014
155473,155483,157220,10,1737,2,9000,1.00575705239
155484,155491,157202,7,1711,2,9000,1.00409117475
155495,155501,157243,6,1742,2,9000,1.00344431688
155505,155513,157206,8,1693,2,9000,1.00472533963
155516,155523,157209,7,1686,2,9000,1.00415183867
155527,155535,157179,8,1644,2,9000,1.00486618005
155538,155544,157164,6,1620,2,9000,1.0037037037
155548,155554,157142,6,1588,2,9000,1.00377833753
155559,155566,157302,7,1736,2,9000,1.00403225806
155570,155577,157346,7,1769,2,9000,1.00395703787
155580,155595,157343,15,1748,2,9000,1.0085812357
155591,155611,157342,20,1731,2,9000,1.01155401502
155612,155619,157325,7,1706,2,9000,1.0041031653
155623,155630,157323,7,1693,2,9000,1.00413467218
155634,155640,157320,6,1680,2,9000,1.00357142857
155644,155651,157311,7,1660,2,9000,1.00421686747
155655,155662,157288,7,1626,2,9000,1.00430504305
155666,155673,157264,7,1591,2,9000,1.00439974859
155676,155683,157283,7,1600,2,9000,1.004375
155687,155694,157468,7,1774,2,9000,1.00394588501
155698,155704,157475,6,1771,2,9000,1.00338791643
155708,155716,157467,8,1751,2,9000,1.00456881782
155719,155725,157433,6,1708,2,9000,1.00351288056
155730,155736,157438,6,1702,2,9000,1.00352526439
155741,155771,157475,30,1704,2,9000,1.0176056338
155772,155780,157470,8,1690,2,9000,1.00473372781
155782,155789,157427,7,1638,2,9000,1.00427350427
155793,155800,157436,7,1636,2,9000,1.00427872861
155804,155811,157413,7,1602,2,9000,1.00436953808
155815,155822,157411,7,1589,2,9000,1.00440528634
155825,155833,157670,8,1837,2,9000,1.00435492651
155836,155842,157593,6,1751,2,9000,1.00342661336
155847,155853,157589,6,1736,2,9000,1.0034562212
155857,155874,157613,17,1739,2,9000,1.00977573318
155878,155977,157727,99,1750,2,9000,1.05657142857
155981,156005,157673,24,1668,2,9000,1.01438848921
156002,156036,157709,34,1673,2,9000,1.02032277346
156033,156043,157703,10,1660,2,9000,1.00602409639
156044,156472,158111,428,1639,2,9000,1.26113483832
156475,156482,158288,7,1806,2,9000,1.00387596899
156485,156768,158531,283,1763,2,9000,1.16052183778
156773,156887,158571,114,1684,2,9000,1.067695962
156886,156903,158562,17,1659,2,9000,1.01024713683
156907,156920,158533,13,1613,2,9000,1.00805951643
156917,156932,158484,15,1552,2,9000,1.00966494845
156928,156946,158510,18,1564,2,9000,1.01150895141
156949,156956,158718,7,1762,2,9000,1.00397275823
156960,156967,158686,7,1719,2,9000,1.00407213496
156971,156978,158741,7,1763,2,9000,1.00397050482
156981,156987,158733,6,1746,2,9000,1.00343642612
156992,157001,158760,9,1759,2,9000,1.00511654349
157003,157010,158713,7,1703,2,9000,1.00411039342
157014,157020,158690,6,1670,2,9000,1.00359281437
157024,157038,158719,14,1681,2,9000,1.00832837597
157035,157045,158690,10,1645,2,9000,1.00607902736
157046,157053,158669,7,1616,2,9000,1.00433168317
157057,157064,158628,7,1564,2,9000,1.00447570332
157067,157074,158637,7,1563,2,9000,1.00447856686
157078,157084,158829,6,1745,2,9000,1.00343839542
157089,157097,158846,8,1749,2,9000,1.00457404231
157100,157107,158841,7,1734,2,9000,1.00403690888
157110,157117,158876,7,1759,2,9000,1.00397953383
157121,157154,158853,33,1699,2,9000,1.01942319011
157152,157176,158878,24,1702,2,9000,1.01410105758
157173,157191,158867,18,1676,2,9000,1.0107398568
157194,157214,158911,20,1697,2,9000,1.01178550383
157215,157223,158948,8,1725,2,9000,1.00463768116
157226,157234,158855,8,1621,2,9000,1.00493522517
157237,157243,158801,6,1558,2,9000,1.00385109114
157248,157255,158793,7,1538,2,9000,1.00455136541
157258,157266,159039,8,1773,2,9000,1.00451212634
157269,157276,159011,7,1735,2,9000,1.00403458213
157280,157287,159056,7,1769,2,9000,1.00395703787
157291,157298,159039,7,1741,2,9000,1.00402067777
157301,157307,159038,6,1731,2,9000,1.00346620451
157312,157319,159014,7,1695,2,9000,1.00412979351
157323,157329,159051,6,1722,2,9000,1.00348432056
157334,157340,159032,6,1692,2,9000,1.00354609929
157344,157352,159006,8,1654,2,9000,1.00483675937
157355,157362,158975,7,1613,2,9000,1.00433973962
157366,157373,159010,7,1637,2,9000,1.00427611484
157377,157384,158948,7,1564,2,9000,1.00447570332
157380,157391,159085,11,1694,2,9000,1.00649350649
157391,157423,159091,32,1668,2,9000,1.01918465228
157422,157430,159163,8,1733,2,9000,1.00461627236
157433,157440,159125,7,1685,2,9000,1.00415430267
157444,157450,159168,6,1718,2,9000,1.00349243306
157454,157461,159153,7,1692,2,9000,1.00413711584
157465,157472,159197,7,1725,2,9000,1.00405797101
157476,157482,159186,6,1704,2,9000,1.00352112676
157487,157494,159175,7,1681,2,9000,1.00416418798
157497,157504,159221,7,1717,2,9000,1.00407687828
157508,157515,159249,7,1734,2,9000,1.00403690888
157519,157526,159233,7,1707,2,9000,1.00410076157
157530,157602,159288,72,1686,2,9000,1.04270462633
157602,157609,159294,7,1685,2,9000,1.00415430267
157612,157626,159302,14,1676,2,9000,1.00835322196
157623,157682,159380,59,1698,2,9000,1.0347467609
157685,157692,159406,7,1714,2,9000,1.004084014
157696,157715,159415,19,1700,2,9000,1.01117647059
157717,157724,159443,7,1719,2,9000,1.00407213496
157727,157739,159466,12,1727,2,9000,1.00694846555
157738,158123,159837,385,1714,2,9000,1.22462077013
158128,158300,160014,172,1714,2,9000,1.10035005834
158302,158496,160175,194,1679,2,9000,1.11554496724
158497,158522,160239,25,1717,2,9000,1.01456027956
158518,158543,160274,25,1731,2,9000,1.01444251878
158539,158549,160265,10,1716,2,9000,1.00582750583
158550,158574,160262,24,1688,2,9000,1.01421800948
158571,158583,160269,12,1686,2,9000,1.00711743772
158582,158640,160299,58,1659,2,9000,1.03496081977
158644,158651,160363,7,1712,2,9000,1.00408878505
158654,158682,160383,28,1701,2,9000,1.01646090535
158686,158698,160376,12,1678,2,9000,1.00715137068
158696,158705,160465,9,1760,2,9000,1.00511363636
158707,158714,160423,7,1709,2,9000,1.00409596255
158718,158725,160421,7,1696,2,9000,1.00412735849
158728,158736,160469,8,1733,2,9000,1.00461627236
158739,158746,160492,7,1746,2,9000,1.0040091638
158750,158756,160425,6,1669,2,9000,1.00359496705
158761,158768,160432,7,1664,2,9000,1.00420673077
158771,158779,160447,8,1668,2,9000,1.00479616307
158782,158805,160499,23,1694,2,9000,1.01357733176
158803,158813,160519,10,1706,2,9000,1.00586166471
158814,158841,160527,27,1686,2,9000,1.01601423488
158845,158854,160557,9,1703,2,9000,1.00528479154
158856,158863,160568,7,1705,2,9000,1.00410557185
158866,158874,160553,8,1679,2,9000,1.00476474092
158877,158883,160612,6,1729,2,9000,1.003470214
158888,158894,160596,6,1702,2,9000,1.00352526439
158898,158906,160597,8,1691,2,9000,1.00473092844
158909,158916,160571,7,1655,2,9000,1.00422960725
158920,158927,160583,7,1656,2,9000,1.00422705314
158931,158960,160616,29,1656,2,9000,1.01751207729
158962,158969,160709,7,1740,2,9000,1.00402298851
158973,158988,160681,15,1693,2,9000,1.00886001181
158983,159018,160718,35,1700,2,9000,1.02058823529
159014,159025,160751,11,1726,2,9000,1.00637311703
159025,159031,160705,6,1674,2,9000,1.00358422939
159036,159042,160793,6,1751,2,9000,1.00342661336
159047,159053,160728,6,1675,2,9000,1.00358208955
159057,159064,160771,7,1707,2,9000,1.00410076157
159068,159074,160753,6,1679,2,9000,1.00357355569
159079,159085,160772,6,1687,2,9000,1.00355660937
159089,159097,160760,8,1663,2,9000,1.00481058328
159100,159107,160839,7,1732,2,9000,1.00404157044
159111,159118,160816,7,1698,2,9000,1.00412249706
159122,159128,160830,6,1702,2,9000,1.00352526439
159132,159138,160825,6,1687,2,9000,1.00355660937
159143,159165,160895,22,1730,2,9000,1.01271676301
159164,159175,160858,11,1683,2,9000,1.00653594771
159175,159182,160893,7,1711,2,9000,1.00409117475
159185,159193,160920,8,1727,2,9000,1.00463231036
159196,159202,160887,6,1685,2,9000,1.00356083086
159207,159213,160886,6,1673,2,9000,1.00358637179
159217,159233,160916,16,1683,2,9000,1.00950683304
159238,159245,160949,7,1704,2,9000,1.00410798122
159249,159262,160923,13,1661,2,9000,1.00782661048
159260,159301,160972,41,1671,2,9000,1.02453620586
159301,159308,161007,7,1699,2,9000,1.00412007063
159312,159319,160975,7,1656,2,9000,1.00422705314
159323,159393,161072,70,1679,2,9000,1.04169148303
159395,159418,161102,23,1684,2,9000,1.01365795724
159416,159427,161128,11,1701,2,9000,1.00646678424
159427,159455,161186,28,1731,2,9000,1.01617562103
159458,159478,161193,20,1715,2,9000,1.01166180758
159479,159849,161529,370,1680,2,9000,1.22023809524
159481,160286,160288,805,2,2,3540,80.7
159848,160027,161775,179,1748,2,9000,1.102402746
160022,160187,161864,165,1677,2,9000,1.09838998211
160187,160252,161901,65,1649,2,9000,1.03941782899
160249,160274,161963,25,1689,2,9000,1.01480165779
160270,160281,161937,11,1656,2,9000,1.00664251208
160280,160293,161994,13,1701,2,9000,1.0076425632
160291,160300,161998,9,1698,2,9000,1.00530035336
160302,160311,162006,9,1695,2,9000,1.00530973451
160313,160375,162070,62,1695,2,9000,1.03657817109
160375,160389,162108,14,1719,2,9000,1.00814426992
160385,160396,162124,11,1728,2,9000,1.00636574074
160396,160433,162103,37,1670,2,9000,1.02215568862
160438,160445,162162,7,1717,2,9000,1.00407687828
160448,160455,162089,7,1634,2,9000,1.00428396573
160459,160465,162126,6,1661,2,9000,1.00361228176
160470,160477,162136,7,1659,2,9000,1.00421940928
160481,160488,162139,7,1651,2,9000,1.00423985463
160491,160499,162189,8,1690,2,9000,1.00473372781
160502,160509,162171,7,1662,2,9000,1.00421179302
160513,160525,162179,12,1654,2,9000,1.00725513906
160524,160532,162238,8,1706,2,9000,1.00468933177
160534,160542,162269,8,1727,2,9000,1.00463231036
160545,160565,162255,20,1690,2,9000,1.01183431953
160566,160573,162257,7,1684,2,9000,1.0041567696
160577,160584,162236,7,1652,2,9000,1.00423728814
160588,160595,162255,7,1660,2,9000,1.00421686747
160598,160606,162279,8,1673,2,9000,1.00478182905
160609,160616,162275,7,1659,2,9000,1.00421940928
160620,160626,162293,6,1667,2,9000,1.00359928014
160631,160638,162283,7,1645,2,9000,1.00425531915
160641,160649,162330,8,1681,2,9000,1.00475907198
160652,160693,162402,41,1709,2,9000,1.0239906378
160694,160717,162397,23,1680,2,9000,1.01369047619
160715,160724,162425,9,1701,2,9000,1.00529100529
160725,160732,162420,7,1688,2,9000,1.00414691943
160736,160742,162435,6,1693,2,9000,1.00354400473
160747,160763,162431,16,1668,2,9000,1.00959232614
160768,160775,162492,7,1717,2,9000,1.00407687828
160779,160786,162440,7,1654,2,9000,1.00423216445
160790,160797,162500,7,1703,2,9000,1.00411039342
160800,160807,162461,7,1654,2,9000,1.00423216445
160811,160818,162477,7,1659,2,9000,1.00421940928
160822,160828,162503,6,1675,2,9000,1.00358208955
160833,160840,162520,7,1680,2,9000,1.00416666667
160843,160850,162523,7,1673,2,9000,1.00418410042
160854,160860,162542,6,1682,2,9000,1.00356718193
160865,160871,162527,6,1656,2,9000,1.00362318841
160875,160898,162606,23,1708,2,9000,1.01346604215
160896,160905,162570,9,1665,2,9000,1.00540540541
160907,160914,162630,7,1716,2,9000,1.00407925408
160918,160925,162568,7,1643,2,9000,1.00426049909
160929,160935,162588,6,1653,2,9000,1.00362976407
160939,160946,162600,7,1654,2,9000,1.00423216445
160950,160957,162626,7,1669,2,9000,1.00419412822
160961,160967,162638,6,1671,2,9000,1.00359066427
160971,160984,162699,13,1715,2,9000,1.00758017493
160982,160991,162649,9,1658,2,9000,1.00542822678
160993,161019,162712,26,1693,2,9000,1.01535735381
161024,161084,162828,60,1744,2,9000,1.03440366972
161086,161114,162772,28,1658,2,9000,1.01688781665
161117,161140,162830,23,1690,2,9000,1.01360946746
161138,161198,162867,60,1669,2,9000,1.03594967046
161200,161206,162885,6,1679,2,9000,1.00357355569
161211,161542,163177,331,1635,2,9000,1.20244648318
161539,161787,163460,248,1673,2,9000,1.14823670054
161785,161878,163542,93,1664,2,9000,1.05588942308
161878,161913,163540,35,1627,2,9000,1.02151198525
161909,161949,163589,40,1640,2,9000,1.0243902439
161950,161975,163655,25,1680,2,9000,1.01488095238
161971,162007,163697,36,1690,2,9000,1.02130177515
162012,162020,163758,8,1738,2,9000,1.00460299194
162022,162030,163735,8,1705,2,9000,1.00469208211
162033,162083,163863,50,1780,2,9000,1.02808988764
162088,162101,163747,13,1646,2,9000,1.00789793439
162098,162115,163739,17,1624,2,9000,1.0104679803
162119,162127,163708,8,1581,2,9000,1.00506008855
162130,162137,163885,7,1748,2,9000,1.00400457666
162141,162148,163873,7,1725,2,9000,1.00405797101
162152,162158,163914,6,1756,2,9000,1.00341685649
162182,162189,163876,7,1687,2,9000,1.00414937759
162193,162199,163911,6,1712,2,9000,1.0035046729
162203,162211,163919,8,1708,2,9000,1.00468384075
162214,162221,163915,7,1694,2,9000,1.0041322314
162225,162232,163915,7,1683,2,9000,1.00415923945
162235,162248,163929,13,1681,2,9000,1.00773349197
162246,162255,163960,9,1705,2,9000,1.00527859238
162257,162267,163960,10,1693,2,9000,1.00590667454
162268,162274,163965,6,1691,2,9000,1.00354819633
162278,162284,163958,6,1674,2,9000,1.00358422939
162289,162297,163969,8,1672,2,9000,1.004784689
162300,162306,163986,6,1680,2,9000,1.00357142857
162310,162318,163950,8,1632,2,9000,1.00490196078
162321,162328,163951,7,1623,2,9000,1.00431300062
162332,162339,164004,7,1665,2,9000,1.0042042042
162343,162349,164044,6,1695,2,9000,1.00353982301
162353,162409,164114,56,1705,2,9000,1.03284457478
162405,162416,164136,11,1720,2,9000,1.00639534884
162416,162432,164115,16,1683,2,9000,1.00950683304
162437,162445,164147,8,1702,2,9000,1.00470035253
162448,162455,164129,7,1674,2,9000,1.00418160096
162458,162464,164157,6,1693,2,9000,1.00354400473
162469,162475,164165,6,1690,2,9000,1.00355029586
162480,162486,164178,6,1692,2,9000,1.00354609929
162490,162497,164176,7,1679,2,9000,1.0041691483
162501,162507,164161,6,1654,2,9000,1.00362756953
162512,162519,164185,7,1666,2,9000,1.00420168067
162522,162530,164173,8,1643,2,9000,1.00486914181
162533,162541,164159,8,1618,2,9000,1.00494437577
162544,162551,164210,7,1659,2,9000,1.00421940928
162555,162562,164257,7,1695,2,9000,1.00412979351
162565,162572,164255,7,1683,2,9000,1.00415923945
162576,162584,164258,8,1674,2,9000,1.00477897252
162587,162593,164277,6,1684,2,9000,1.00356294537
162597,162605,164299,8,1694,2,9000,1.00472255018
162608,162614,164274,6,1660,2,9000,1.00361445783
162619,162625,164301,6,1676,2,9000,1.00357995227
162629,162639,164308,10,1669,2,9000,1.00599161174
162640,162648,164324,8,1676,2,9000,1.00477326969
162651,162658,164323,7,1665,2,9000,1.0042042042
162662,162668,164325,6,1657,2,9000,1.00362100181
162672,162711,164393,39,1682,2,9000,1.02318668252
162714,162725,164374,11,1649,2,9000,1.00667070952
162724,162784,164390,60,1606,2,9000,1.03735990037
162786,162840,164485,54,1645,2,9000,1.03282674772
162838,162847,164540,9,1693,2,9000,1.00531600709
162849,162879,164582,30,1703,2,9000,1.01761597181
162880,162897,164613,17,1716,2,9000,1.00990675991
162901,163189,164876,288,1687,2,9000,1.17071724956
163188,163472,165139,284,1667,2,9000,1.17036592681
163475,163552,165209,77,1657,2,9000,1.04646952323
163547,163559,165221,12,1662,2,9000,1.00722021661
163558,163601,165252,43,1651,2,9000,1.02604482132
163600,163667,165339,67,1672,2,9000,1.04007177033
163663,163709,165370,46,1661,2,9000,1.02769416014
163704,163720,165392,16,1672,2,9000,1.00956937799
163725,163748,165409,23,1661,2,9000,1.01384708007
163746,163755,165434,9,1679,2,9000,1.00536033353
163757,163763,165438,6,1675,2,9000,1.00358208955
163768,163775,165459,7,1684,2,9000,1.0041567696
163778,163875,165535,97,1660,2,9000,1.05843373494
163871,163885,165536,14,1651,2,9000,1.00847970927
163882,163892,165552,10,1660,2,9000,1.00602409639
163893,163899,165560,6,1661,2,9000,1.00361228176
163903,163923,165577,20,1654,2,9000,1.01209189843
163924,163932,165584,8,1652,2,9000,1.00484261501
163935,163943,165606,8,1663,2,9000,1.00481058328
163946,163953,165622,7,1669,2,9000,1.00419412822
163957,163963,165639,6,1676,2,9000,1.00357995227
163967,163974,165639,7,1665,2,9000,1.0042042042
163978,163984,165667,6,1683,2,9000,1.00356506239
163989,163996,165685,7,1689,2,9000,1.00414446418
164000,164006,165668,6,1662,2,9000,1.0036101083
164010,164018,165682,8,1664,2,9000,1.00480769231
164021,164028,165685,7,1657,2,9000,1.00422450211
164032,164038,165711,6,1673,2,9000,1.00358637179
164042,164049,165713,7,1664,2,9000,1.00420673077
164053,164059,165735,6,1676,2,9000,1.00357995227
164064,164070,165737,6,1667,2,9000,1.00359928014
164075,164082,165733,7,1651,2,9000,1.00423985463
164085,164126,165769,41,1643,2,9000,1.0249543518
164127,164133,165806,6,1673,2,9000,1.00358637179
164138,164144,165804,6,1660,2,9000,1.00361445783
164148,164156,165830,8,1674,2,9000,1.00477897252
164159,164166,165824,7,1658,2,9000,1.00422195416
164170,164177,165836,7,1659,2,9000,1.00421940928
164181,164188,165847,7,1659,2,9000,1.00421940928
164192,164199,165880,7,1681,2,9000,1.00416418798
164202,164209,165871,7,1662,2,9000,1.00421179302
164213,164220,165873,7,1653,2,9000,1.00423472474
164224,164231,165893,7,1662,2,9000,1.00421179302
164235,164242,165895,7,1653,2,9000,1.00423472474
164245,164252,165923,7,1671,2,9000,1.00418910832
164256,164263,165919,7,1656,2,9000,1.00422705314
164267,164273,165933,6,1660,2,9000,1.00361445783
164278,164284,165933,6,1649,2,9000,1.00363856883
164288,164299,165969,11,1670,2,9000,1.00658682635
164299,164306,165950,7,1644,2,9000,1.00425790754
164310,164316,165883,6,1567,2,9000,1.00382897256
164321,164328,165905,7,1577,2,9000,1.00443880786
164331,164338,165993,7,1655,2,9000,1.00422960725
164342,164349,166007,7,1658,2,9000,1.00422195416
164353,164360,166022,7,1662,2,9000,1.00421179302
164364,164371,166019,7,1648,2,9000,1.00424757282
164375,164382,166033,7,1651,2,9000,1.00423985463
164385,164393,166052,8,1659,2,9000,1.00482218204
164396,164403,166019,7,1616,2,9000,1.00433168317
164407,164414,166063,7,1649,2,9000,1.00424499697
164418,164425,166076,7,1651,2,9000,1.00423985463
164428,164436,166096,8,1660,2,9000,1.00481927711
164439,164446,166117,7,1671,2,9000,1.00418910832
164450,164457,166128,7,1671,2,9000,1.00418910832
164461,164467,166128,6,1661,2,9000,1.00361228176
164471,164478,166154,7,1676,2,9000,1.00417661098
164482,164489,166138,7,1649,2,9000,1.00424499697
164493,164500,166165,7,1665,2,9000,1.0042042042
164505,164513,166245,8,1732,2,9000,1.00461893764
164516,164523,166267,7,1744,2,9000,1.00401376147
164527,164534,166204,7,1670,2,9000,1.00419161677
164538,164545,166245,7,1700,2,9000,1.00411764706
164549,164556,166253,7,1697,2,9000,1.00412492634
164560,164567,166271,7,1704,2,9000,1.00410798122
164570,164577,166267,7,1690,2,9000,1.00414201183
164581,164588,166308,7,1720,2,9000,1.00406976744
164592,164599,166349,7,1750,2,9000,1.004
164603,164609,166336,6,1727,2,9000,1.00347423277
164613,164619,166320,6,1701,2,9000,1.00352733686
164624,164630,166312,6,1682,2,9000,1.00356718193
164635,164641,166367,6,1726,2,9000,1.00347624565
164646,164653,166420,7,1767,2,9000,1.00396151669
164656,164664,166412,8,1748,2,9000,1.00457665904
164667,164674,166356,7,1682,2,9000,1.00416171225
164678,164888,166600,210,1712,2,9000,1.1226635514
164893,165152,166939,259,1787,2,9000,1.14493564633
165149,165181,166872,32,1691,2,9000,1.01892371378
165180,165187,166866,7,1679,2,9000,1.0041691483
165190,165197,166843,7,1646,2,9000,1.0042527339
165201,165207,166859,6,1652,2,9000,1.00363196126
165211,165219,166953,8,1734,2,9000,1.00461361015
165222,165228,166971,6,1743,2,9000,1.00344234079
165233,165240,166943,7,1703,2,9000,1.00411039342
165243,165251,166959,8,1708,2,9000,1.00468384075
165254,165261,166979,7,1718,2,9000,1.00407450524
165265,165271,166896,6,1625,2,9000,1.00369230769
165275,165283,166917,8,1634,2,9000,1.00489596083
165286,165293,166896,7,1603,2,9000,1.00436681223
165297,165304,167024,7,1720,2,9000,1.00406976744
165307,165350,167166,43,1816,2,9000,1.0236784141
165349,165382,167130,33,1748,2,9000,1.01887871854
165380,165404,167121,24,1717,2,9000,1.01397786838
165401,165421,167190,20,1769,2,9000,1.0113058225
165422,165446,167164,24,1718,2,9000,1.01396973225
165443,165453,167129,10,1676,2,9000,1.00596658711
165454,165472,167151,18,1679,2,9000,1.01072066706
165475,165547,167158,72,1611,2,9000,1.04469273743
165547,165553,167169,6,1616,2,9000,1.00371287129
165558,165566,167245,8,1679,2,9000,1.00476474092
165568,165576,167240,8,1664,2,9000,1.00480769231
165579,165590,167266,11,1676,2,9000,1.00656324582
165590,165597,167266,7,1669,2,9000,1.00419412822
165601,165619,167282,18,1663,2,9000,1.01082381239
165622,165634,167259,12,1625,2,9000,1.00738461538
165633,165651,167284,18,1633,2,9000,1.01102265769
165654,165661,167331,7,1670,2,9000,1.00419161677
165664,165679,167340,15,1661,2,9000,1.00903070439
165675,165686,167352,11,1666,2,9000,1.00660264106
165686,165695,167371,9,1676,2,9000,1.0053699284
165697,165703,167364,6,1661,2,9000,1.00361228176
165707,165715,167356,8,1641,2,9000,1.00487507617
165718,165725,167381,7,1656,2,9000,1.00422705314
165729,165736,167383,7,1647,2,9000,1.00425015179
165740,165746,167383,6,1637,2,9000,1.0036652413
165750,165757,167396,7,1639,2,9000,1.00427089689
165761,165767,167418,6,1651,2,9000,1.00363416111
165772,165781,167438,9,1657,2,9000,1.00543150272
165783,165816,167470,33,1654,2,9000,1.01995163241
165814,165822,167465,8,1643,2,9000,1.00486914181
165825,165836,167501,11,1665,2,9000,1.00660660661
165835,165843,167450,8,1607,2,9000,1.00497822029
165846,165853,167478,7,1625,2,9000,1.00430769231
165857,165863,167517,6,1654,2,9000,1.00362756953
165868,165884,167559,16,1675,2,9000,1.00955223881
165889,165895,167569,6,1674,2,9000,1.00358422939
165899,165907,167575,8,1668,2,9000,1.00479616307
165910,165917,167593,7,1676,2,9000,1.00417661098
165921,165928,167572,7,1644,2,9000,1.00425790754
165932,165938,167597,6,1659,2,9000,1.00361663653
165942,165948,167595,6,1647,2,9000,1.00364298725
165953,165959,167576,6,1617,2,9000,1.00371057514
165964,165970,167615,6,1645,2,9000,1.00364741641
165975,165981,167625,6,1644,2,9000,1.00364963504
165985,165991,167620,6,1629,2,9000,1.00368324125
165996,166002,167643,6,1641,2,9000,1.00365630713
166007,166013,167616,6,1603,2,9000,1.00374298191
166018,166025,167641,7,1616,2,9000,1.00433168317
166028,166036,167647,8,1611,2,9000,1.00496585971
166039,166047,167687,8,1640,2,9000,1.00487804878
166050,166057,167678,7,1621,2,9000,1.00431832202
166061,166067,167682,6,1615,2,9000,1.00371517028
166071,166078,167666,7,1588,2,9000,1.00440806045
166082,166088,167680,6,1592,2,9000,1.00376884422
166093,166100,167736,7,1636,2,9000,1.00427872861
166104,166111,167722,7,1611,2,9000,1.00434512725
166114,166121,167732,7,1611,2,9000,1.00434512725
166125,166132,167736,7,1604,2,9000,1.00436408978
166136,166143,167782,7,1639,2,9000,1.00427089689
166146,166153,167807,7,1654,2,9000,1.00423216445
166157,166164,167761,7,1597,2,9000,1.00438321853
166168,166175,167756,7,1581,2,9000,1.00442757748
166179,166185,167792,6,1607,2,9000,1.00373366521
166189,166216,167807,27,1591,2,9000,1.01697045883
166221,166257,167851,36,1594,2,9000,1.0225846926
166262,166269,167920,7,1651,2,9000,1.00423985463
166273,166279,167944,6,1665,2,9000,1.0036036036
166284,166291,167960,7,1669,2,9000,1.00419412822
166295,166302,167916,7,1614,2,9000,1.00433705081
166305,166313,167957,8,1644,2,9000,1.00486618005
166316,166323,167901,7,1578,2,9000,1.00443599493
166323,166330,168092,7,1762,2,9000,1.00397275823
166334,166341,168049,7,1708,2,9000,1.00409836066
166345,166352,168057,7,1705,2,9000,1.00410557185
166355,166362,168043,7,1681,2,9000,1.00416418798
166366,166373,168057,7,1684,2,9000,1.0041567696
166377,166384,168115,7,1731,2,9000,1.00404390526
166388,166424,168149,36,1725,2,9000,1.02086956522
166419,166438,168140,19,1702,2,9000,1.01116333725
166443,166585,168368,142,1783,2,9000,1.0796410544
166587,166594,168425,7,1831,2,9000,1.00382304752
166598,166605,168384,7,1779,2,9000,1.00393479483
166609,166616,168389,7,1773,2,9000,1.00394811055
166620,166627,168398,7,1771,2,9000,1.00395256917
166630,166637,168353,7,1716,2,9000,1.00407925408
166641,166648,168430,7,1782,2,9000,1.00392817059
166652,166855,168537,203,1682,2,9000,1.12068965517
166722,166729,167680,7,951,1,7200,1.00736067298
166769,166776,171761,7,4985,2,14400,1.00140421264
166795,166802,168217,7,1415,1,7200,1.00494699647
166856,166863,170273,7,3410,1,7200,1.00205278592
166858,166870,168552,12,1682,2,9000,1.00713436385
166871,166879,168604,8,1725,2,9000,1.00463768116
166881,166888,168619,7,1731,2,9000,1.00404390526
166892,166908,168630,16,1722,2,9000,1.00929152149
166913,166920,168715,7,1795,2,9000,1.00389972145
166924,166931,168682,7,1751,2,9000,1.00399771559
166935,166951,168741,16,1790,2,9000,1.00893854749
166956,166962,168673,6,1711,2,9000,1.00350672122
166966,166974,168727,8,1753,2,9000,1.00456360525
166977,166985,168750,8,1765,2,9000,1.0045325779
166988,166995,168705,7,1710,2,9000,1.00409356725
166999,167006,168773,7,1767,2,9000,1.00396151669
167009,167036,168805,27,1769,2,9000,1.01526286037
167041,167133,168840,92,1707,2,9000,1.05389572349
167134,167141,168866,7,1725,2,9000,1.00405797101
167144,167152,168870,8,1718,2,9000,1.00465657742
167155,167163,168902,8,1739,2,9000,1.00460034503
167166,167173,168938,7,1765,2,9000,1.00396600567
167177,167183,168921,6,1738,2,9000,1.00345224396
167187,167195,168957,8,1762,2,9000,1.00454029512
167198,167205,168928,7,1723,2,9000,1.00406268137
167209,167216,168914,7,1698,2,9000,1.00412249706
167220,167253,169015,33,1762,2,9000,1.01872871737
167251,167260,168973,9,1713,2,9000,1.00525394046
167262,167271,169585,9,2314,5,14400,1.00388936906
167262,167278,169012,16,1734,2,9000,1.0092272203
167262,167699,169164,437,1465,10,14400,1.29829351536
167283,167289,169000,6,1711,2,9000,1.00350672122
167294,167301,169000,7,1699,2,9000,1.00412007063
167305,167312,168997,7,1685,2,9000,1.00415430267
167315,167343,169025,28,1682,2,9000,1.01664684899
167347,167353,169080,6,1727,2,9000,1.00347423277
167357,167364,169078,7,1714,2,9000,1.004084014
167368,167375,169036,7,1661,2,9000,1.00421432872
167379,167386,169099,7,1713,2,9000,1.00408639813
167390,167397,169094,7,1697,2,9000,1.00412492634
167400,167408,169134,8,1726,2,9000,1.00463499421
167412,167419,169097,7,1678,2,9000,1.0041716329
167422,167429,169121,7,1692,2,9000,1.00413711584
167433,167440,169172,7,1732,2,9000,1.00404157044
167444,167452,169142,8,1690,2,9000,1.00473372781
167476,167482,169168,6,1686,2,9000,1.00355871886
167487,167494,169200,7,1706,2,9000,1.0041031653
167498,167505,169206,7,1701,2,9000,1.00411522634
167508,167516,169206,8,1690,2,9000,1.00473372781
167519,167527,169238,8,1711,2,9000,1.00467562829
167530,167537,169242,7,1705,2,9000,1.00410557185
167541,167548,169228,7,1680,2,9000,1.00416666667
167552,167572,169266,20,1694,2,9000,1.01180637544
167573,167582,169286,9,1704,2,9000,1.00528169014
167584,167590,169311,6,1721,2,9000,1.00348634515
167595,167602,169292,7,1690,2,9000,1.00414201183
167605,167613,169292,8,1679,2,9000,1.00476474092
167616,167623,169291,7,1668,2,9000,1.00419664269
167627,167634,169354,7,1720,2,9000,1.00406976744
167638,167645,169330,7,1685,2,9000,1.00415430267
167649,167657,169328,8,1671,2,9000,1.00478755236
167660,167667,169327,7,1660,2,9000,1.00421686747
167670,167677,169354,7,1677,2,9000,1.00417412045
167681,167687,169338,6,1651,2,9000,1.00363416111
167692,167705,169436,13,1731,2,9000,1.00751010976
167703,167712,169419,9,1707,2,9000,1.00527240773
167714,167720,169436,6,1716,2,9000,1.0034965035
167724,167732,169408,8,1676,2,9000,1.00477326969
167735,167741,169423,6,1682,2,9000,1.00356718193
167746,167753,169396,7,1643,2,9000,1.00426049909
167757,167764,169417,7,1653,2,9000,1.00423472474
167768,167775,169489,7,1714,2,9000,1.004084014
167779,167786,169490,7,1704,2,9000,1.00410798122
167789,167796,169497,7,1701,2,9000,1.00411522634
167800,167807,169490,7,1683,2,9000,1.00415923945
167811,167817,169477,6,1660,2,9000,1.00361445783
167822,167829,169475,7,1646,2,9000,1.0042527339
167833,167839,169466,6,1627,2,9000,1.0036877689
167843,167863,169564,20,1701,2,9000,1.01175778954
167865,167913,169583,48,1670,2,9000,1.02874251497
167916,167929,169634,13,1705,2,9000,1.00762463343
167927,167936,169610,9,1674,2,9000,1.00537634409
167938,167956,169619,18,1663,2,9000,1.01082381239
167959,167969,169614,10,1645,2,9000,1.00607902736
167970,167978,169578,8,1600,2,9000,1.005
167981,168055,169637,74,1582,2,9000,1.04677623262
168053,168062,169862,9,1800,2,9000,1.005
168064,168070,169884,6,1814,2,9000,1.0033076075
168075,168082,169839,7,1757,2,9000,1.00398406375
168085,168104,169843,19,1739,2,9000,1.01092581944
168107,168127,169839,20,1712,2,9000,1.01168224299
168128,168152,169878,24,1726,2,9000,1.01390498262
168149,168161,169849,12,1688,2,9000,1.00710900474
168159,168365,170071,206,1706,2,9000,1.12075029308
168365,168380,170063,15,1683,2,9000,1.00891265597
168376,168396,170193,20,1797,2,9000,1.01112966055
168397,168405,170211,8,1806,2,9000,1.00442967885
168408,168415,170162,7,1747,2,9000,1.00400686892
168419,168438,170204,19,1766,2,9000,1.0107587769
168440,168446,170162,6,1716,2,9000,1.0034965035
168451,168549,170251,98,1702,2,9000,1.05757931845
168554,168565,170252,11,1687,2,9000,1.0065204505
168564,168616,170309,52,1693,2,9000,1.03071470762
168581,168589,168643,8,54,1,28800,1.14814814815
168616,168631,170320,15,1689,2,9000,1.00888099467
168627,168643,170320,16,1677,2,9000,1.00954084675
168648,168685,170360,37,1675,2,9000,1.02208955224
168654,168660,176992,6,8332,1,28800,1.00072011522
168689,168697,170387,8,1690,2,9000,1.00473372781
168700,168717,170439,17,1722,2,9000,1.00987224158
168721,168729,170454,8,1725,2,9000,1.00463768116
168732,168739,170534,7,1795,2,9000,1.00389972145
168743,168753,170525,10,1772,2,9000,1.00564334086
168748,168885,170117,137,1232,1,28800,1.1112012987
168754,168762,170569,8,1807,2,9000,1.00442722745
168764,168785,170535,21,1750,2,9000,1.012
168785,168817,170565,32,1748,2,9000,1.01830663616
168817,168853,170581,36,1728,2,9000,1.02083333333
168858,168878,170546,20,1668,2,9000,1.01199040767
168879,168914,170626,35,1712,2,9000,1.02044392523
168910,168927,170592,17,1665,2,9000,1.01021021021
168931,168939,170613,8,1674,2,9000,1.00477897252
168942,168948,170632,6,1684,2,9000,1.00356294537
168953,168960,170627,7,1667,2,9000,1.00419916017
168964,168970,170663,6,1693,2,9000,1.00354400473
168974,168986,170684,12,1698,2,9000,1.00706713781
168985,169009,170714,24,1705,2,9000,1.01407624633
169006,169016,170822,10,1806,2,9000,1.00553709856
169017,169024,170803,7,1779,2,9000,1.00393479483
169028,169035,170801,7,1766,2,9000,1.00396375991
169038,169046,170788,8,1742,2,9000,1.0045924225
169049,169056,170785,7,1729,2,9000,1.004048583
169060,169067,170776,7,1709,2,9000,1.00409596255
169071,169090,170769,19,1679,2,9000,1.01131625968
169092,169098,170787,6,1689,2,9000,1.00355239787
169102,169109,170811,7,1702,2,9000,1.00411280846
169113,169119,170815,6,1696,2,9000,1.00353773585
169124,169131,170782,7,1651,2,9000,1.00423985463
169135,169141,170820,6,1679,2,9000,1.00357355569
169145,169153,170858,8,1705,2,9000,1.00469208211
169156,169162,170846,6,1684,2,9000,1.00356294537
169167,169177,170859,10,1682,2,9000,1.00594530321
169178,169186,170938,8,1752,2,9000,1.00456621005
169188,169196,170965,8,1769,2,9000,1.004522329
169199,169206,170960,7,1754,2,9000,1.00399087799
169210,169217,170951,7,1734,2,9000,1.00403690888
169221,169228,170979,7,1751,2,9000,1.00399771559
169232,169238,170975,6,1737,2,9000,1.00345423143
169242,169249,170946,7,1697,2,9000,1.00412492634
169253,169259,170940,6,1681,2,9000,1.00356930399
169264,169271,170955,7,1684,2,9000,1.0041567696
169275,169281,170985,6,1704,2,9000,1.00352112676
169285,169293,170950,8,1657,2,9000,1.00482800241
169296,169303,170951,7,1648,2,9000,1.00424757282
169307,169314,171023,7,1709,2,9000,1.00409596255
169318,169324,170989,6,1665,2,9000,1.0036036036
169328,169335,171024,7,1689,2,9000,1.00414446418
169339,169345,171081,6,1736,2,9000,1.0034562212
169350,169357,171072,7,1715,2,9000,1.00408163265
169361,169367,171109,6,1742,2,9000,1.00344431688
169371,169378,171138,7,1760,2,9000,1.00397727273
169382,169389,171091,7,1702,2,9000,1.00411280846
169393,169400,171132,7,1732,2,9000,1.00404157044
169404,169410,171101,6,1691,2,9000,1.00354819633
169415,169421,171111,6,1690,2,9000,1.00355029586
169425,169432,171097,7,1665,2,9000,1.0042042042
169436,169442,171082,6,1640,2,9000,1.00365853659
169447,169454,171145,7,1691,2,9000,1.00413956239
169458,169464,171129,6,1665,2,9000,1.0036036036
169468,169476,171147,8,1671,2,9000,1.00478755236
169479,169486,171177,7,1691,2,9000,1.00413956239
169490,169496,171187,6,1691,2,9000,1.00354819633
169501,169507,171225,6,1718,2,9000,1.00349243306
169511,169519,171269,8,1750,2,9000,1.00457142857
169522,169529,171260,7,1731,2,9000,1.00404390526
169533,169539,171225,6,1686,2,9000,1.00355871886
169544,169551,171254,7,1703,2,9000,1.00411039342
169554,169560,171266,6,1706,2,9000,1.00351699883
169565,169572,171270,7,1698,2,9000,1.00412249706
169576,169582,171259,6,1677,2,9000,1.00357781753
169587,169594,171267,7,1673,2,9000,1.00418410042
169597,169604,171236,7,1632,2,9000,1.00428921569
169608,169615,171265,7,1650,2,9000,1.00424242424
169619,169626,171269,7,1643,2,9000,1.00426049909
169630,169637,171336,7,1699,2,9000,1.00412007063
169640,169648,171326,8,1678,2,9000,1.00476758045
169651,169658,171355,7,1697,2,9000,1.00412492634
169662,169668,171375,6,1707,2,9000,1.00351493849
169673,169679,171392,6,1713,2,9000,1.00350262697
169683,169851,171564,168,1713,2,9000,1.09807355517
169848,169858,171559,10,1701,2,9000,1.00587889477
169859,169867,171575,8,1708,2,9000,1.00468384075
169870,169877,171581,7,1704,2,9000,1.00410798122
169880,169888,171555,8,1667,2,9000,1.00479904019
169891,169899,171540,8,1641,2,9000,1.00487507617
169902,169909,171550,7,1641,2,9000,1.00426569165
169913,170075,171726,162,1651,2,9000,1.09812235009
170077,170085,171775,8,1690,2,9000,1.00473372781
170088,170174,171867,86,1693,2,9000,1.05079740106
170107,170113,170114,6,1,1,240,1.0
170171,170181,171917,10,1736,2,9000,1.00576036866
170181,170205,171974,24,1769,2,9000,1.013566987
170202,170216,171919,14,1703,2,9000,1.00822078685
170213,170223,171892,10,1669,2,9000,1.00599161174
170224,170263,171968,39,1705,2,9000,1.02287390029
170266,170273,171951,7,1678,2,9000,1.0041716329
170276,170321,171991,45,1670,2,9000,1.02694610778
170318,170332,171982,14,1650,2,9000,1.00848484848
170329,170339,171987,10,1648,2,9000,1.00606796117
170339,170373,172040,34,1667,2,9000,1.02039592082
170371,170399,172080,28,1681,2,9000,1.01665675193
170402,170451,172158,49,1707,2,9000,1.02870533099
170453,170466,172166,13,1700,2,9000,1.00764705882
170464,170538,172225,74,1687,2,9000,1.04386484884
170536,170547,172240,11,1693,2,9000,1.006497342
170547,170554,172216,7,1662,2,9000,1.00421179302
170558,170564,172236,6,1672,2,9000,1.00358851675
170569,170577,172270,8,1693,2,9000,1.00472533963
170579,170586,172273,7,1687,2,9000,1.00414937759
170590,170596,172238,6,1642,2,9000,1.00365408039
170601,170607,172269,6,1662,2,9000,1.0036101083
170612,170625,172294,13,1669,2,9000,1.00778909527
170622,170638,172328,16,1690,2,9000,1.00946745562
170643,170650,172333,7,1683,2,9000,1.00415923945
170654,170661,172382,7,1721,2,9000,1.00406740267
170665,170675,172377,10,1702,2,9000,1.00587544066
170676,170696,172365,20,1669,2,9000,1.01198322349
170697,170726,172410,29,1684,2,9000,1.01722090261
170728,170781,172425,53,1644,2,9000,1.03223844282
170780,170788,172425,8,1637,2,9000,1.00488698839
170790,170797,172456,7,1659,2,9000,1.00421940928
170801,170807,172475,6,1668,2,9000,1.0035971223
170812,170818,172513,6,1695,2,9000,1.00353982301
170823,170829,172515,6,1686,2,9000,1.00355871886
170833,170841,172561,8,1720,2,9000,1.00465116279
170844,170850,172552,6,1702,2,9000,1.00352526439
170855,170861,172531,6,1670,2,9000,1.00359281437
170866,170873,172513,7,1640,2,9000,1.00426829268
170876,170884,172539,8,1655,2,9000,1.00483383686
170887,170894,172492,7,1598,2,9000,1.00438047559
170898,170905,172497,7,1592,2,9000,1.00439698492
170909,170915,172568,6,1653,2,9000,1.00362976407
170919,170926,172583,7,1657,2,9000,1.00422450211
170930,170950,172616,20,1666,2,9000,1.01200480192
170951,170959,172646,8,1687,2,9000,1.00474214582
170962,170969,172686,7,1717,2,9000,1.00407687828
170973,170980,172653,7,1673,2,9000,1.00418410042
170984,170991,172681,7,1690,2,9000,1.00414201183
170994,171001,172645,7,1644,2,9000,1.00425790754
171005,171012,172645,7,1633,2,9000,1.0042865891
171016,171023,172668,7,1645,2,9000,1.00425531915
171027,171034,172706,7,1672,2,9000,1.00418660287
171038,171045,172702,7,1657,2,9000,1.00422450211
171048,171056,172747,8,1691,2,9000,1.00473092844
171059,171066,172751,7,1685,2,9000,1.00415430267
171070,171077,172764,7,1687,2,9000,1.00414937759
171081,171088,172746,7,1658,2,9000,1.00422195416
171092,171099,172728,7,1629,2,9000,1.00429711479
171103,171109,172775,6,1666,2,9000,1.00360144058
171113,171121,172812,8,1691,2,9000,1.00473092844
171124,171131,172848,7,1717,2,9000,1.00407687828
171135,171143,172799,8,1656,2,9000,1.00483091787
171146,171153,172796,7,1643,2,9000,1.00426049909
171153,171160,172907,7,1747,2,9000,1.00400686892
171164,171171,172904,7,1733,2,9000,1.00403923832
171175,171182,172890,7,1708,2,9000,1.00409836066
171186,171193,172909,7,1716,2,9000,1.00407925408
171197,171203,172929,6,1726,2,9000,1.00347624565
171208,171215,172908,7,1693,2,9000,1.00413467218
171219,171225,172909,6,1684,2,9000,1.00356294537
171222,171233,173011,11,1778,2,9000,1.00618672666
171232,171240,172988,8,1748,2,9000,1.00457665904
171243,171250,173068,7,1818,2,9000,1.00385038504
171254,171261,173019,7,1758,2,9000,1.0039817975
171265,171273,173044,8,1771,2,9000,1.00451722191
171276,171283,173019,7,1736,2,9000,1.00403225806
171287,171294,173025,7,1731,2,9000,1.00404390526
171297,171305,172991,8,1686,2,9000,1.00474495848
171308,171315,173000,7,1685,2,9000,1.00415430267
171319,171326,173034,7,1708,2,9000,1.00409836066
171330,171337,173000,7,1663,2,9000,1.00420926037
171341,171348,173127,7,1779,2,9000,1.00393479483
171352,171359,173174,7,1815,2,9000,1.00385674931
171362,171369,173157,7,1788,2,9000,1.00391498881
171373,171380,173138,7,1758,2,9000,1.0039817975
171384,171391,173168,7,1777,2,9000,1.00393922341
171396,171403,173131,7,1728,2,9000,1.00405092593
171407,171414,173127,7,1713,2,9000,1.00408639813
171418,171425,173144,7,1719,2,9000,1.00407213496
171428,171436,173160,8,1724,2,9000,1.00464037123
171439,171553,173253,114,1700,2,9000,1.06705882353
171553,171562,173333,9,1771,2,9000,1.00508187465
171564,171571,173383,7,1812,2,9000,1.00386313466
171574,171581,173352,7,1771,2,9000,1.00395256917
171585,171592,173349,7,1757,2,9000,1.00398406375
171596,171603,173369,7,1766,2,9000,1.00396375991
171607,171614,173364,7,1750,2,9000,1.004
171617,171738,173486,121,1748,2,9000,1.06922196796
171741,171787,173490,46,1703,2,9000,1.02701115678
171783,171880,173543,97,1663,2,9000,1.05832832231
171876,171904,173702,28,1798,2,9000,1.01557285873
171908,171929,173689,21,1760,2,9000,1.01193181818
171929,171936,173680,7,1744,2,9000,1.00401376147
171939,171964,173722,25,1758,2,9000,1.01422070535
171961,171980,173707,19,1727,2,9000,1.01100173712
171982,171989,173693,7,1704,2,9000,1.00410798122
171992,171999,173727,7,1728,2,9000,1.00405092593
172003,172010,173725,7,1715,2,9000,1.00408163265
172014,172021,173731,7,1710,2,9000,1.00409356725
172025,172052,173765,27,1713,2,9000,1.01576182137
172056,172092,173779,36,1687,2,9000,1.02133965619
172088,172170,173935,82,1765,2,9000,1.04645892351
172117,172135,172449,18,314,1,1800,1.05732484076
172118,172124,172518,6,394,4,1800,1.0152284264
172118,173412,173805,1294,393,8,1800,4.29262086514
172118,172129,172435,11,306,2,1800,1.03594771242
172118,175103,175504,2985,401,16,1800,8.44389027431
172119,202824,203298,30705,474,64,1800,65.7784810127
172119,186172,186592,14053,420,32,1800,34.4595238095
172120,283985,284473,111865,488,128,1800,230.231557377
172120,297510,298017,125390,507,256,1800,248.317554241
172170,172179,173941,9,1762,2,9000,1.00510783201
172181,172228,174016,47,1788,2,9000,1.02628635347
172233,172240,174044,7,1804,2,9000,1.00388026608
172244,172252,173997,8,1745,2,9000,1.00458452722
172255,172262,173998,7,1736,2,9000,1.00403225806
172265,172272,174006,7,1734,2,9000,1.00403690888
172276,172282,173987,6,1705,2,9000,1.00351906158
172287,172294,173995,7,1701,2,9000,1.00411522634
172298,172305,173990,7,1685,2,9000,1.00415430267
172308,172316,173987,8,1671,2,9000,1.00478755236
172319,172340,173982,21,1642,2,9000,1.01278928136
172340,172347,173957,7,1610,2,9000,1.00434782609
172351,172377,174120,26,1743,2,9000,1.0149168101
172382,172389,174202,7,1813,2,9000,1.00386100386
172393,172399,174140,6,1741,2,9000,1.00344629523
172404,172422,174160,18,1738,2,9000,1.01035673188
172425,172437,174173,12,1736,2,9000,1.0069124424
172436,172444,174172,8,1728,2,9000,1.00462962963
172447,172468,174155,21,1687,2,9000,1.01244813278
172468,172501,174202,33,1701,2,9000,1.01940035273
172476,172488,172816,12,328,1,1800,1.03658536585
172477,172494,172829,17,335,1,1800,1.05074626866
172477,172515,172870,38,355,2,1800,1.10704225352
172477,172483,172814,6,331,2,1800,1.01812688822
172477,172525,172900,48,375,4,1800,1.128
172478,173186,173656,708,470,8,1800,2.50638297872
172478,173015,173400,537,385,8,1800,2.39480519481
172478,172532,172994,54,462,4,1800,1.11688311688
172479,174461,175091,1982,630,16,1800,4.14603174603
172479,174009,174445,1530,436,16,1800,4.50917431193
172479,185994,186560,13515,566,32,1800,24.8780918728
172479,185630,186159,13151,529,32,1800,25.8601134216
172479,201543,202059,29064,516,64,1800,57.3255813953
172480,202071,202812,29591,741,64,1800,40.9338731444
172480,298029,298655,125549,626,256,1800,201.557507987
172480,283219,283973,110739,754,128,1800,147.868700265
172480,282692,283207,110212,515,128,1800,215.003883495
172481,298668,299412,126187,744,256,1800,170.606182796
172499,172508,174199,9,1691,2,9000,1.0053222945
172510,172537,174204,27,1667,2,9000,1.01619676065
172541,172548,174201,7,1653,2,9000,1.00423472474
172552,172559,174284,7,1725,2,9000,1.00405797101
172562,172570,174317,8,1747,2,9000,1.00457927876
172573,172580,174296,7,1716,2,9000,1.00407925408
172584,172590,174323,6,1733,2,9000,1.00346220427
172595,172602,174314,7,1712,2,9000,1.00408878505
172606,172629,174334,23,1705,2,9000,1.01348973607
172627,172657,174358,30,1701,2,9000,1.0176366843
172658,172666,174340,8,1674,2,9000,1.00477897252
172669,172676,174341,7,1665,2,9000,1.0042042042
172679,172687,174335,8,1648,2,9000,1.00485436893
172690,172697,174332,7,1635,2,9000,1.00428134557
172701,172707,174314,6,1607,2,9000,1.00373366521
172711,172718,174491,7,1773,2,9000,1.00394811055
172722,172729,174428,7,1699,2,9000,1.00412007063
172733,172739,174469,6,1730,2,9000,1.00346820809
172743,172749,174441,6,1692,2,9000,1.00354609929
172754,172761,174464,7,1703,2,9000,1.00411039342
172765,172772,174474,7,1702,2,9000,1.00411280846
172775,172782,174485,7,1703,2,9000,1.00411039342
172786,172793,174460,7,1667,2,9000,1.00419916017
172796,172803,174447,7,1644,2,9000,1.00425790754
172807,172814,174461,7,1647,2,9000,1.00425015179
172818,172825,174413,7,1588,2,9000,1.00440806045
172829,172836,174566,7,1730,2,9000,1.00404624277
172839,172846,174563,7,1717,2,9000,1.00407687828
172850,172857,174581,7,1724,2,9000,1.00406032483
172860,172868,174567,8,1699,2,9000,1.00470865215
172871,172882,174598,11,1716,2,9000,1.00641025641
172882,172902,174577,20,1675,2,9000,1.01194029851
172903,172917,174571,14,1654,2,9000,1.0084643289
172914,172924,174581,10,1657,2,9000,1.00603500302
172925,172932,174596,7,1664,2,9000,1.00420673077
172935,172943,174555,8,1612,2,9000,1.00496277916
172946,172953,174544,7,1591,2,9000,1.00439974859
172957,172964,174696,7,1732,2,9000,1.00404157044
172967,173001,174750,34,1749,2,9000,1.01943967982
172998,173008,174751,10,1743,2,9000,1.00573723465
173009,173022,174709,13,1687,2,9000,1.00770598696
173020,173029,174694,9,1665,2,9000,1.00540540541
173030,173038,174683,8,1645,2,9000,1.00486322188
173041,173049,174694,8,1645,2,9000,1.00486322188
173052,173059,174695,7,1636,2,9000,1.00427872861
173062,173069,174676,7,1607,2,9000,1.00435594275
173073,173080,174647,7,1567,2,9000,1.00446713465
173084,173091,174851,7,1760,2,9000,1.00397727273
173094,173102,174812,8,1710,2,9000,1.00467836257
173105,173138,174799,33,1661,2,9000,1.01986754967
173136,173146,174832,10,1686,2,9000,1.0059311981
173147,173155,174807,8,1652,2,9000,1.00484261501
173158,173165,174792,7,1627,2,9000,1.00430239705
173168,173176,174810,8,1634,2,9000,1.00489596083
173179,173266,174878,87,1612,2,9000,1.05397022333
173261,173345,174901,84,1556,2,9000,1.05398457584
173344,173361,175011,17,1650,2,9000,1.0103030303
173365,173372,175066,7,1694,2,9000,1.0041322314
173375,173382,175019,7,1637,2,9000,1.00427611484
173386,173393,175038,7,1645,2,9000,1.00425531915
173397,173403,175021,6,1618,2,9000,1.00370828183
173408,173498,175130,90,1632,2,9000,1.05514705882
173500,173507,175067,7,1560,2,9000,1.00448717949
173511,173555,175187,44,1632,2,9000,1.02696078431
173553,173669,175281,116,1612,2,9000,1.07196029777
173667,173676,175224,9,1548,2,9000,1.00581395349
173677,173684,175230,7,1546,2,9000,1.00452781371
173688,173695,175272,7,1577,2,9000,1.00443880786
173699,173706,175223,7,1517,2,9000,1.00461437047
173711,173718,175485,7,1767,2,9000,1.00396151669
173721,173728,175478,7,1750,2,9000,1.004
173732,173740,175488,8,1748,2,9000,1.00457665904
173743,173749,175517,6,1768,2,9000,1.00339366516
173754,173761,175530,7,1769,2,9000,1.00395703787
173765,173772,175494,7,1722,2,9000,1.00406504065
173775,173782,175528,7,1746,2,9000,1.0040091638
173786,173793,175507,7,1714,2,9000,1.004084014
173797,173803,175580,6,1777,2,9000,1.00337647721
173808,173815,175544,7,1729,2,9000,1.004048583
173818,173947,175735,129,1788,2,9000,1.07214765101
173952,173960,175714,8,1754,2,9000,1.00456100342
173963,173971,175733,8,1762,2,9000,1.00454029512
173974,173995,175760,21,1765,2,9000,1.011898017
173995,174002,175705,7,1703,2,9000,1.00411039342
174006,174016,175745,10,1729,2,9000,1.00578368999
174017,174023,175733,6,1710,2,9000,1.00350877193
174027,174034,175761,7,1727,2,9000,1.00405327157
174038,174056,175803,18,1747,2,9000,1.01030337722
174059,174132,175871,73,1739,2,9000,1.04197814836
174131,174153,175903,22,1750,2,9000,1.01257142857
174153,174167,175920,14,1753,2,9000,1.00798630918
174163,174174,175912,11,1738,2,9000,1.00632911392
174174,174184,175889,10,1705,2,9000,1.00586510264
174185,174193,175940,8,1747,2,9000,1.00457927876
174196,174211,175930,15,1719,2,9000,1.00872600349
174206,174218,175929,12,1711,2,9000,1.00701344243
174217,174225,175983,8,1758,2,9000,1.00455062571
174228,174234,175930,6,1696,2,9000,1.00353773585
174239,174246,175917,7,1671,2,9000,1.00418910832
174249,174296,176039,47,1743,2,9000,1.02696500287
174301,174308,175998,7,1690,2,9000,1.00414201183
174312,174326,176044,14,1718,2,9000,1.00814901048
174323,174333,176041,10,1708,2,9000,1.00585480094
174334,174340,176058,6,1718,2,9000,1.00349243306
174344,174352,176112,8,1760,2,9000,1.00454545455
174355,174362,176166,7,1804,2,9000,1.00388026608
174366,174373,176076,7,1703,2,9000,1.00411039342
174377,174384,176151,7,1767,2,9000,1.00396151669
174387,174395,176071,8,1676,2,9000,1.00477326969
174398,174405,176081,7,1676,2,9000,1.00417661098
174409,174415,176153,6,1738,2,9000,1.00345224396
174420,174426,176141,6,1715,2,9000,1.00349854227
174430,174441,176195,11,1754,2,9000,1.0062713797
174441,174454,176208,13,1754,2,9000,1.00741163056
174452,174466,176236,14,1770,2,9000,1.00790960452
174463,174474,176186,11,1712,2,9000,1.00642523364
174473,174481,176222,8,1741,2,9000,1.00459506031
174484,174490,176142,6,1652,2,9000,1.00363196126
174495,174502,176183,7,1681,2,9000,1.00416418798
174506,174513,176213,7,1700,2,9000,1.00411764706
174517,174523,176262,6,1739,2,9000,1.00345025877
174527,174535,176248,8,1713,2,9000,1.00467016929
174538,174556,176267,18,1711,2,9000,1.01052016365
174559,174568,176271,9,1703,2,9000,1.00528479154
174570,174577,176281,7,1704,2,9000,1.00410798122
174581,174588,176331,7,1743,2,9000,1.00401606426
174591,174599,176380,8,1781,2,9000,1.00449185851
174602,174610,176273,8,1663,2,9000,1.00481058328
174613,174620,176271,7,1651,2,9000,1.00423985463
174624,174631,176312,7,1681,2,9000,1.00416418798
174635,174642,176333,7,1691,2,9000,1.00413956239
174646,174653,176364,7,1711,2,9000,1.00409117475
174657,174664,176385,7,1721,2,9000,1.00406740267
174667,174674,176408,7,1734,2,9000,1.00403690888
174678,174688,176449,10,1761,2,9000,1.00567859171
174689,174697,176434,8,1737,2,9000,1.00460564191
174700,174708,176469,8,1761,2,9000,1.00454287337
174711,174718,176402,7,1684,2,9000,1.0041567696
174722,174729,176404,7,1675,2,9000,1.00417910448
174732,174740,176420,8,1680,2,9000,1.00476190476
174743,174750,176450,7,1700,2,9000,1.00411764706
174754,174763,176498,9,1735,2,9000,1.00518731988
174765,174772,176522,7,1750,2,9000,1.004
174776,174804,176481,28,1677,2,9000,1.01669648181
174807,174814,176535,7,1721,2,9000,1.00406740267
174818,174824,176560,6,1736,2,9000,1.0034562212
174829,174836,176486,7,1650,2,9000,1.00424242424
174840,174846,176556,6,1710,2,9000,1.00350877193
174850,174858,176535,8,1677,2,9000,1.00477042338
174861,174867,176562,6,1695,2,9000,1.00353982301
174872,174890,176598,18,1708,2,9000,1.01053864169
174893,174913,176609,20,1696,2,9000,1.01179245283
174914,175023,176738,109,1715,2,9000,1.06355685131
175028,175036,176696,8,1660,2,9000,1.00481927711
175039,175046,176738,7,1692,2,9000,1.00413711584
175049,175056,176736,7,1680,2,9000,1.00416666667
175060,175078,176778,18,1700,2,9000,1.01058823529
175081,175088,176808,7,1720,2,9000,1.00406976744
175092,175142,176879,50,1737,2,9000,1.02878526195
175144,175200,176963,56,1763,2,9000,1.03176403857
175196,175235,176909,39,1674,2,9000,1.02329749104
175238,175245,176940,7,1695,2,9000,1.00412979351
175249,175256,176943,7,1687,2,9000,1.00414937759
175259,175284,176982,25,1698,2,9000,1.01472320377
175281,175293,177017,12,1724,2,9000,1.00696055684
175292,175491,177131,199,1640,2,9000,1.12134146341
175489,175498,177174,9,1676,2,9000,1.0053699284
175500,175507,177204,7,1697,2,9000,1.00412492634
175511,175518,177203,7,1685,2,9000,1.00415430267
175522,175529,177215,7,1686,2,9000,1.00415183867
175533,175540,177254,7,1714,2,9000,1.004084014
175543,175549,177249,6,1700,2,9000,1.00352941176
175554,175561,177276,7,1715,2,9000,1.00408163265
175565,175572,177257,7,1685,2,9000,1.00415430267
175576,175583,177274,7,1691,2,9000,1.00413956239
175586,175594,177288,8,1694,2,9000,1.00472255018
175597,175604,177287,7,1683,2,9000,1.00415923945
175608,175615,177319,7,1704,2,9000,1.00410798122
175619,175626,177328,7,1702,2,9000,1.00411280846
175629,175718,177405,89,1687,2,9000,1.05275637226
175722,175728,177469,6,1741,2,9000,1.00344629523
175733,175745,177453,12,1708,2,9000,1.00702576112
175744,175752,177444,8,1692,2,9000,1.00472813239
175755,175761,177449,6,1688,2,9000,1.00355450237
175766,175772,177494,6,1722,2,9000,1.00348432056
175776,175782,177500,6,1718,2,9000,1.00349243306
175787,175794,177489,7,1695,2,9000,1.00412979351
175798,175815,177479,17,1664,2,9000,1.01021634615
175815,175822,175929,7,107,1,600,1.06542056075
175819,175884,177580,65,1696,2,9000,1.0383254717
175881,175902,177576,21,1674,2,9000,1.01254480287
175902,175915,177591,13,1676,2,9000,1.00775656325
175913,175925,177617,12,1692,2,9000,1.00709219858
175923,175932,177616,9,1684,2,9000,1.00534441805
175934,175941,177644,7,1703,2,9000,1.00411039342
175945,175952,177649,7,1697,2,9000,1.00412492634
175956,175963,177663,7,1700,2,9000,1.00411764706
175967,175974,177665,7,1691,2,9000,1.00413956239
175977,175984,177677,7,1693,2,9000,1.00413467218
175988,175994,177679,6,1685,2,9000,1.00356083086
175999,176010,177699,11,1689,2,9000,1.00651272943
176010,176051,177728,41,1677,2,9000,1.0244484198
176051,176058,177785,7,1727,2,9000,1.00405327157
176062,176069,177751,7,1682,2,9000,1.00416171225
176073,176080,177771,7,1691,2,9000,1.00413956239
176083,176090,177819,7,1729,2,9000,1.004048583
176094,176100,177794,6,1694,2,9000,1.00354191263
176105,176112,177793,7,1681,2,9000,1.00416418798
176116,176125,177834,9,1709,2,9000,1.00526623757
176127,176153,177853,26,1700,2,9000,1.01529411765
176158,176165,177853,7,1688,2,9000,1.00414691943
176169,176176,177854,7,1678,2,9000,1.0041716329
176179,176187,177872,8,1685,2,9000,1.00474777448
176190,176197,177895,7,1698,2,9000,1.00412249706
176201,176209,177900,8,1691,2,9000,1.00473092844
176212,176219,177884,7,1665,2,9000,1.0042042042
176223,176229,177915,6,1686,2,9000,1.00355871886
176233,176240,177951,7,1711,2,9000,1.00409117475
176244,176250,177910,6,1660,2,9000,1.00361445783
176255,176262,177927,7,1665,2,9000,1.0042042042
176266,176273,177950,7,1677,2,9000,1.00417412045
176277,176284,177976,7,1692,2,9000,1.00413711584
176287,176294,177980,7,1686,2,9000,1.00415183867
176298,176304,178016,6,1712,2,9000,1.0035046729
176309,176316,178009,7,1693,2,9000,1.00413467218
176320,176327,178011,7,1684,2,9000,1.0041567696
176330,176338,178034,8,1696,2,9000,1.00471698113
176341,176347,178013,6,1666,2,9000,1.00360144058
176352,176358,178046,6,1688,2,9000,1.00355450237
176363,176370,178044,7,1674,2,9000,1.00418160096
176373,176380,178036,7,1656,2,9000,1.00422705314
176384,176391,178109,7,1718,2,9000,1.00407450524
176395,176401,178093,6,1692,2,9000,1.00354609929
176406,176413,178065,7,1652,2,9000,1.00423728814
176417,176427,178100,10,1673,2,9000,1.00597728631
176428,176434,178112,6,1678,2,9000,1.00357568534
176438,176445,178141,7,1696,2,9000,1.00412735849
176449,176456,178160,7,1704,2,9000,1.00410798122
176460,176466,178153,6,1687,2,9000,1.00355660937
176471,176478,178193,7,1715,2,9000,1.00408163265
176482,176488,178164,6,1676,2,9000,1.00357995227
176492,176500,178177,8,1677,2,9000,1.00477042338
176503,176510,178185,7,1675,2,9000,1.00417910448
176514,176521,178203,7,1682,2,9000,1.00416171225
176525,176532,178227,7,1695,2,9000,1.00412979351
176535,176541,178211,6,1670,2,9000,1.00359281437
176546,176553,178274,7,1721,2,9000,1.00406740267
176557,176564,178257,7,1693,2,9000,1.00413467218
176568,176574,178272,6,1698,2,9000,1.0035335689
176578,176586,178255,8,1669,2,9000,1.00479328939
176589,176595,178293,6,1698,2,9000,1.0035335689
176600,176610,178299,10,1689,2,9000,1.00592066311
176611,176621,178292,10,1671,2,9000,1.00598444045
176622,176708,178438,86,1730,2,9000,1.04971098266
176704,176748,178408,44,1660,2,9000,1.0265060241
176746,176755,178457,9,1702,2,9000,1.00528789659
176757,176764,178439,7,1675,2,9000,1.00417910448
176767,176790,178458,23,1668,2,9000,1.01378896882
176788,176820,178475,32,1655,2,9000,1.01933534743
176820,176891,178559,71,1668,2,9000,1.04256594724
176892,176921,178579,29,1658,2,9000,1.01749095296
176923,176953,178631,30,1678,2,9000,1.0178784267
176955,176962,178655,7,1693,2,9000,1.00413467218
176965,176975,178660,10,1685,2,9000,1.0059347181
176976,176995,178684,19,1689,2,9000,1.01124925992
176997,177029,178677,32,1648,2,9000,1.01941747573
177029,177143,178852,114,1709,2,9000,1.06670567583
177142,177186,178866,44,1680,2,9000,1.02619047619
177184,177216,178886,32,1670,2,9000,1.01916167665
177215,177223,178892,8,1669,2,9000,1.00479328939
177226,177233,178913,7,1680,2,9000,1.00416666667
177236,177261,178915,25,1654,2,9000,1.01511487304
177257,177268,178916,11,1648,2,9000,1.00667475728
177268,177274,178930,6,1656,2,9000,1.00362318841
177279,177286,178966,7,1680,2,9000,1.00416666667
177290,177296,178967,6,1671,2,9000,1.00359066427
177301,177308,178975,7,1667,2,9000,1.00419916017
177311,177318,179000,7,1682,2,9000,1.00416171225
177322,177331,178987,9,1656,2,9000,1.00543478261
177333,177340,179000,7,1660,2,9000,1.00421686747
177344,177417,179076,73,1659,2,9000,1.04400241109
177416,177457,179114,41,1657,2,9000,1.02474351237
177458,177466,179146,8,1680,2,9000,1.00476190476
177469,177476,179151,7,1675,2,9000,1.00417910448
177479,177487,179150,8,1663,2,9000,1.00481058328
177490,177496,179149,6,1653,2,9000,1.00362976407
177501,177508,179174,7,1666,2,9000,1.00420168067
177512,177519,179212,7,1693,2,9000,1.00413467218
177523,177530,179213,7,1683,2,9000,1.00415923945
177533,177589,179272,56,1683,2,9000,1.03327391563
177585,177596,179267,11,1671,2,9000,1.0065828845
177596,177603,179288,7,1685,2,9000,1.00415430267
177607,177628,179303,21,1675,2,9000,1.01253731343
177628,177635,179312,7,1677,2,9000,1.00417412045
177639,177657,179321,18,1664,2,9000,1.01081730769
177660,177666,179332,6,1666,2,9000,1.00360144058
177670,177677,179336,7,1659,2,9000,1.00421940928
177681,177687,179371,6,1684,2,9000,1.00356294537
177692,177698,179370,6,1672,2,9000,1.00358851675
177703,177709,179371,6,1662,2,9000,1.0036101083
177713,177721,179387,8,1666,2,9000,1.00480192077
177724,177740,179398,16,1658,2,9000,1.00965018094
177745,177763,179424,18,1661,2,9000,1.01083684527
177766,177783,179455,17,1672,2,9000,1.01016746411
177787,177798,179459,11,1661,2,9000,1.00662251656
177798,177805,179466,7,1661,2,9000,1.00421432872
177809,177816,179467,7,1651,2,9000,1.00423985463
177820,177831,179501,11,1670,2,9000,1.00658682635
177831,177846,179511,15,1665,2,9000,1.00900900901
177841,177865,179537,24,1672,2,9000,1.01435406699
177863,177872,179538,9,1666,2,9000,1.00540216086
177873,177880,179544,7,1664,2,9000,1.00420673077
177884,177891,179551,7,1660,2,9000,1.00421686747
177895,177901,179557,6,1656,2,9000,1.00362318841
177906,177912,179573,6,1661,2,9000,1.00361228176
177916,177924,179581,8,1657,2,9000,1.00482800241
177927,177934,179610,7,1676,2,9000,1.00417661098
177938,177944,179602,6,1658,2,9000,1.00361881785
177949,177956,179625,7,1669,2,9000,1.00419412822
177959,177966,179640,7,1674,2,9000,1.00418160096
177970,177976,179621,6,1645,2,9000,1.00364741641
177981,177988,179648,7,1660,2,9000,1.00421686747
177992,177998,179653,6,1655,2,9000,1.00362537764
178003,178021,179683,18,1662,2,9000,1.01083032491
178024,178031,179681,7,1650,2,9000,1.00424242424
178034,178041,179704,7,1663,2,9000,1.00420926037
178045,178052,179708,7,1656,2,9000,1.00422705314
178056,178063,179736,7,1673,2,9000,1.00418410042
178067,178074,179748,7,1674,2,9000,1.00418160096
178078,178085,179742,7,1657,2,9000,1.00422450211
178088,178095,179737,7,1642,2,9000,1.00426309379
178099,178106,179760,7,1654,2,9000,1.00423216445
178110,178117,179786,7,1669,2,9000,1.00419412822
178121,178128,179779,7,1651,2,9000,1.00423985463
178131,178139,179810,8,1671,2,9000,1.00478755236
178142,178148,179799,6,1651,2,9000,1.00363416111
178153,178159,179822,6,1663,2,9000,1.00360793746
178164,178171,179818,7,1647,2,9000,1.00425015179
178175,178182,179829,7,1647,2,9000,1.00425015179
178186,178193,179857,7,1664,2,9000,1.00420673077
178196,178203,179894,7,1691,2,9000,1.00413956239
178207,178214,179916,7,1702,2,9000,1.00411280846
178218,178225,179891,7,1666,2,9000,1.00420168067
178229,178236,179894,7,1658,2,9000,1.00422195416
178240,178247,179916,7,1669,2,9000,1.00419412822
178250,178258,179918,8,1660,2,9000,1.00481927711
178261,178269,179930,8,1661,2,9000,1.00481637568
178272,178279,179950,7,1671,2,9000,1.00418910832
178283,178289,179991,6,1702,2,9000,1.00352526439
178294,178301,179999,7,1698,2,9000,1.00412249706
178305,178313,179989,8,1676,2,9000,1.00477326969
178313,178320,179974,7,1654,2,9000,1.00423216445
178323,178331,180002,8,1671,2,9000,1.00478755236
178334,178420,180101,86,1681,2,9000,1.0511600238
178417,178450,180124,33,1674,2,9000,1.01971326165
178449,178457,180117,8,1660,2,9000,1.00481927711
178459,178469,180139,10,1670,2,9000,1.00598802395
178470,178478,180185,8,1707,2,9000,1.00468658465
178481,178489,180151,8,1662,2,9000,1.00481347774
178492,178571,180241,79,1670,2,9000,1.04730538922
178575,178591,180270,16,1679,2,9000,1.00952948183
178596,178643,180297,47,1654,2,9000,1.02841596131
178648,178667,180340,19,1673,2,9000,1.01135684399
178669,178676,180345,7,1669,2,9000,1.00419412822
178680,178689,180348,9,1659,2,9000,1.00542495479
178690,178697,180401,7,1704,2,9000,1.00410798122
178701,178864,180561,163,1697,2,9000,1.09605185622
178866,178878,180551,12,1673,2,9000,1.00717274357
178877,178898,180569,21,1671,2,9000,1.01256732496
178898,178905,180614,7,1709,2,9000,1.00409596255
178909,178925,180599,16,1674,2,9000,1.00955794504
178930,178936,180598,6,1662,2,9000,1.0036101083
178941,178948,180633,7,1685,2,9000,1.00415430267
178951,178959,180635,8,1676,2,9000,1.00477326969
178962,178978,180661,16,1683,2,9000,1.00950683304
178983,178990,180682,7,1692,2,9000,1.00413711584
178994,179001,180681,7,1680,2,9000,1.00416666667
179005,179012,180683,7,1671,2,9000,1.00418910832
179016,179023,180687,7,1664,2,9000,1.00420673077
179027,179034,180710,7,1676,2,9000,1.00417661098
179037,179088,180754,51,1666,2,9000,1.0306122449
179089,179126,180820,37,1694,2,9000,1.02184179457
179131,179158,180854,27,1696,2,9000,1.01591981132
179162,179170,180854,8,1684,2,9000,1.00475059382
179173,179180,180872,7,1692,2,9000,1.00413711584
179184,179190,180893,6,1703,2,9000,1.00352319436
179195,179201,180882,6,1681,2,9000,1.00356930399
179206,179224,180916,18,1692,2,9000,1.01063829787
179227,179234,180896,7,1662,2,9000,1.00421179302
179238,179279,180971,41,1692,2,9000,1.02423167849
179279,179286,180969,7,1683,2,9000,1.00415923945
179290,179300,180961,10,1661,2,9000,1.0060204696
179301,179315,180986,14,1671,2,9000,1.00837821664
179312,179325,180997,13,1672,2,9000,1.00777511962
179322,179332,180982,10,1650,2,9000,1.00606060606
179333,179344,181038,11,1694,2,9000,1.00649350649
179344,179351,181061,7,1710,2,9000,1.00409356725
179355,179382,181086,27,1704,2,9000,1.01584507042
179386,179393,181109,7,1716,2,9000,1.00407925408
179397,179404,181086,7,1682,2,9000,1.00416171225
179408,179415,181111,7,1696,2,9000,1.00412735849
179419,179426,181113,7,1687,2,9000,1.00414937759
179430,179436,181123,6,1687,2,9000,1.00355660937
179440,179467,181148,27,1681,2,9000,1.01606186794
179472,179478,181149,6,1671,2,9000,1.00359066427
179483,179490,181206,7,1716,2,9000,1.00407925408
179493,179501,181175,8,1674,2,9000,1.00477897252
179504,179513,181170,9,1657,2,9000,1.00543150272
179515,179522,181172,7,1650,2,9000,1.00424242424
179526,179550,181221,24,1671,2,9000,1.01436265709
179547,179557,181241,10,1684,2,9000,1.00593824228
179558,179564,181266,6,1702,2,9000,1.00352526439
179568,179575,181276,7,1701,2,9000,1.00411522634
179579,179586,181268,7,1682,2,9000,1.00416171225
179590,179596,181283,6,1687,2,9000,1.00355660937
179601,179608,181302,7,1694,2,9000,1.0041322314
179611,179618,181315,7,1697,2,9000,1.00412492634
179622,179628,181321,6,1693,2,9000,1.00354400473
179633,179640,181326,7,1686,2,9000,1.00415183867
179644,179651,181324,7,1673,2,9000,1.00418410042
179654,179661,181358,7,1697,2,9000,1.00412492634
179665,179672,181328,7,1656,2,9000,1.00422705314
179676,179683,181344,7,1661,2,9000,1.00421432872
179687,179693,181360,6,1667,2,9000,1.00359928014
179697,179704,181373,7,1669,2,9000,1.00419412822
179708,179715,181395,7,1680,2,9000,1.00416666667
179719,179726,181413,7,1687,2,9000,1.00414937759
179730,179748,181440,18,1692,2,9000,1.01063829787
179751,179757,181438,6,1681,2,9000,1.00356930399
179762,179769,181456,7,1687,2,9000,1.00414937759
179772,179779,181497,7,1718,2,9000,1.00407450524
179783,179790,181502,7,1712,2,9000,1.00408878505
179794,179801,181495,7,1694,2,9000,1.0041322314
179805,179811,181511,6,1700,2,9000,1.00352941176
179815,179822,181501,7,1679,2,9000,1.0041691483
179826,179833,181525,7,1692,2,9000,1.00413711584
179837,179844,181509,7,1665,2,9000,1.0042042042
179848,179855,181506,7,1651,2,9000,1.00423985463
179858,179866,181528,8,1662,2,9000,1.00481347774
179869,179875,181530,6,1655,2,9000,1.00362537764
179880,179903,181589,23,1686,2,9000,1.01364175563
179901,179910,181606,9,1696,2,9000,1.00530660377
179912,179919,181594,7,1675,2,9000,1.00417910448
179923,179930,181618,7,1688,2,9000,1.00414691943
179933,179939,181635,6,1696,2,9000,1.00353773585
179944,179950,181659,6,1709,2,9000,1.00351082504
179955,179961,181697,6,1736,2,9000,1.0034562212
179966,179973,181691,7,1718,2,9000,1.00407450524
179976,179987,181698,11,1711,2,9000,1.0064289889
179987,180001,181691,14,1690,2,9000,1.00828402367
179998,180008,181700,10,1692,2,9000,1.00591016548
180009,180017,181701,8,1684,2,9000,1.00475059382
180020,180027,181678,7,1651,2,9000,1.00423985463
180031,180113,181781,82,1668,2,9000,1.04916067146
180113,180129,181780,16,1651,2,9000,1.00969109631
180134,180141,181818,7,1677,2,9000,1.00417412045
180145,180153,181843,8,1690,2,9000,1.00473372781
180156,180163,181876,7,1713,2,9000,1.00408639813
180167,180197,181891,30,1694,2,9000,1.01770956316
180198,180254,181956,56,1702,2,9000,1.03290246769
180250,180282,181983,32,1701,2,9000,1.01881246326
180281,180310,182006,29,1696,2,9000,1.0170990566
180312,180352,182061,40,1709,2,9000,1.02340550029
180354,180360,182052,6,1692,2,9000,1.00354609929
180365,180371,182064,6,1693,2,9000,1.00354400473
180375,180413,182117,38,1704,2,9000,1.02230046948
180417,180564,182238,147,1674,2,9000,1.08781362007
180561,180573,182221,12,1648,2,9000,1.0072815534
180572,180582,182229,10,1647,2,9000,1.00607164542
180583,180610,182284,27,1674,2,9000,1.01612903226
180614,180620,182337,6,1717,2,9000,1.00349446709
180625,180632,182322,7,1690,2,9000,1.00414201183
180636,180645,182366,9,1721,2,9000,1.00522951772
180647,180654,182354,7,1700,2,9000,1.00411764706
180657,180673,182386,16,1713,2,9000,1.00934033859
180678,180693,182401,15,1708,2,9000,1.00878220141
180689,180700,182408,11,1708,2,9000,1.00644028103
180700,180706,182388,6,1682,2,9000,1.00356718193
180711,180718,182422,7,1704,2,9000,1.00410798122
180722,180728,182416,6,1688,2,9000,1.00355450237
180732,180767,182408,35,1641,2,9000,1.02132845826
180764,180832,182466,68,1634,2,9000,1.04161566707
180836,180866,182518,30,1652,2,9000,1.0181598063
180867,180874,182546,7,1672,2,9000,1.00418660287
180878,180885,182604,7,1719,2,9000,1.00407213496
180889,180897,182602,8,1705,2,9000,1.00469208211
180900,180907,182618,7,1711,2,9000,1.00409117475
180913,180920,182590,7,1670,2,9000,1.00419161677
180924,180930,182638,6,1708,2,9000,1.00351288056
180934,180973,182692,39,1719,2,9000,1.02268760908
180977,180983,182675,6,1692,2,9000,1.00354609929
180988,180995,182681,7,1686,2,9000,1.00415183867
180999,181005,182660,6,1655,2,9000,1.00362537764
181010,181017,182660,7,1643,2,9000,1.00426049909
181021,181027,182673,6,1646,2,9000,1.00364520049
181032,181051,182694,19,1643,2,9000,1.01156421181
181053,181073,182850,20,1777,2,9000,1.01125492403
181074,181098,182805,24,1707,2,9000,1.01405975395
181095,181104,182811,9,1707,2,9000,1.00527240773
181106,181121,182846,15,1725,2,9000,1.00869565217
181117,181128,182835,11,1707,2,9000,1.0064440539
181127,181135,182844,8,1709,2,9000,1.00468110006
181138,181144,182849,6,1705,2,9000,1.00351906158
181149,181160,182849,11,1689,2,9000,1.00651272943
181160,181167,182792,7,1625,2,9000,1.00430769231
181170,181183,182796,13,1613,2,9000,1.00805951643
181181,181190,182820,9,1630,2,9000,1.00552147239
181192,181198,182903,6,1705,2,9000,1.00351906158
181202,181218,182948,16,1730,2,9000,1.00924855491
181223,181233,182979,10,1746,2,9000,1.00572737686
181234,181253,182959,19,1706,2,9000,1.01113716295
181255,181278,182975,23,1697,2,9000,1.0135533294
181276,181285,182980,9,1695,2,9000,1.00530973451
181287,181294,182952,7,1658,2,9000,1.00422195416
181297,181304,182901,7,1597,2,9000,1.00438321853
181308,181315,182911,7,1596,2,9000,1.00438596491
181319,181326,183070,7,1744,2,9000,1.00401376147
181330,181336,182999,6,1663,2,9000,1.00360793746
181341,181348,183034,7,1686,2,9000,1.00415183867
181351,181359,182997,8,1638,2,9000,1.00488400488
181362,181369,182979,7,1610,2,9000,1.00434782609
181373,181379,182972,6,1593,2,9000,1.00376647834
181384,181391,182964,7,1573,2,9000,1.00445009536
181395,181401,183087,6,1686,2,9000,1.00355871886
181406,181413,183075,7,1662,2,9000,1.00421179302
181417,181424,183080,7,1656,2,9000,1.00422705314
181427,181435,183052,8,1617,2,9000,1.00494743352
181438,181450,183072,12,1622,2,9000,1.00739827374
181449,181457,183064,8,1607,2,9000,1.00497822029
181450,181462,181469,12,7,1,3600,1.9
181460,181469,183026,9,1557,2,9000,1.00578034682
181471,181507,183187,36,1680,2,9000,1.02142857143
181512,181520,183204,8,1684,2,9000,1.00475059382
181523,181530,183200,7,1670,2,9000,1.00419161677
181534,181540,183209,6,1669,2,9000,1.00359496705
181544,181551,183254,7,1703,2,9000,1.00411039342
181555,181561,183236,6,1675,2,9000,1.00358208955
181566,181572,183249,6,1677,2,9000,1.00357781753
181575,181581,181727,6,146,1,3600,1.04109589041
181577,181588,183270,11,1682,2,9000,1.00653983353
181587,181596,183263,9,1667,2,9000,1.00539892022
181598,181604,183275,6,1671,2,9000,1.00359066427
181609,181615,183267,6,1652,2,9000,1.00363196126
181620,181627,183306,7,1679,2,9000,1.0041691483
181631,181638,183300,7,1662,2,9000,1.00421179302
181641,181649,183325,8,1676,2,9000,1.00477326969
181652,181659,183308,7,1649,2,9000,1.00424499697
181663,181672,183322,9,1650,2,9000,1.00545454545
181674,181690,183379,16,1689,2,9000,1.00947306098
181695,181702,183347,7,1645,2,9000,1.00425531915
181705,181713,183355,8,1642,2,9000,1.00487210719
181716,181722,183363,6,1641,2,9000,1.00365630713
181727,181734,183421,7,1687,2,9000,1.00414937759
181738,181745,183431,7,1686,2,9000,1.00415183867
181749,181756,183442,7,1686,2,9000,1.00415183867
181759,181793,183469,34,1676,2,9000,1.02028639618
181791,181799,183467,8,1668,2,9000,1.00479616307
181801,181830,183517,29,1687,2,9000,1.0171902786
181833,181855,183519,22,1664,2,9000,1.01322115385
181852,181862,182363,10,501,1,3600,1.01996007984
181854,181888,183538,34,1650,2,9000,1.02060606061
181885,181903,183571,18,1668,2,9000,1.01079136691
181906,181968,183658,62,1690,2,9000,1.03668639053
181969,181995,183666,26,1671,2,9000,1.01555954518
182000,182018,183690,18,1672,2,9000,1.01076555024
182021,182064,183735,43,1671,2,9000,1.02573309396
182063,182073,183733,10,1660,2,9000,1.00602409639
182073,182080,183756,7,1676,2,9000,1.00417661098
182084,182130,183834,46,1704,2,9000,1.02699530516
182126,182233,183912,107,1679,2,9000,1.06372840977
182229,182242,183913,13,1671,2,9000,1.00777977259
182240,182249,183904,9,1655,2,9000,1.00543806647
182251,182296,183942,45,1646,2,9000,1.02733900365
182293,182334,184004,41,1670,2,9000,1.0245508982
182334,182349,183979,15,1630,2,9000,1.00920245399
182345,182366,184076,21,1710,2,9000,1.01228070175
182366,182379,184063,13,1684,2,9000,1.00771971496
182377,182398,184065,21,1667,2,9000,1.0125974805
182398,182405,184094,7,1689,2,9000,1.00414446418
182409,182416,184079,7,1663,2,9000,1.00420926037
182420,182427,184072,7,1645,2,9000,1.00425531915
182430,182438,184076,8,1638,2,9000,1.00488400488
182441,182448,184094,7,1646,2,9000,1.0042527339
182452,182459,184113,7,1654,2,9000,1.00423216445
182463,182478,184097,15,1619,2,9000,1.00926497838
182474,182530,184110,56,1580,2,9000,1.03544303797
182526,182559,184286,33,1727,2,9000,1.01910828025
182557,182608,184304,51,1696,2,9000,1.03007075472
182594,182601,183448,7,847,1,3600,1.00826446281
182609,182616,184359,7,1743,2,9000,1.00401606426
182620,182627,184301,7,1674,2,9000,1.00418160096
182630,182638,184328,8,1690,2,9000,1.00473372781
182641,182650,184310,9,1660,2,9000,1.00542168675
182652,182672,184346,20,1674,2,9000,1.0119474313
182673,182680,184329,7,1649,2,9000,1.00424499697
182684,182690,184298,6,1608,2,9000,1.00373134328
182695,182702,184318,7,1616,2,9000,1.00433168317
182706,182713,184302,7,1589,2,9000,1.00440528634
182717,182724,184311,7,1587,2,9000,1.00441083806
182727,182735,184310,8,1575,2,9000,1.00507936508
182738,182805,184508,67,1703,2,9000,1.03934233705
182800,182812,184511,12,1699,2,9000,1.00706297822
182811,182819,184508,8,1689,2,9000,1.00473653049
182822,182829,184514,7,1685,2,9000,1.00415430267
182833,182840,184526,7,1686,2,9000,1.00415183867
182844,182851,184509,7,1658,2,9000,1.00422195416
182855,182861,184509,6,1648,2,9000,1.0036407767
182865,182873,184525,8,1652,2,9000,1.00484261501
182876,182882,184520,6,1638,2,9000,1.00366300366
182887,182894,184507,7,1613,2,9000,1.00433973962
182898,182905,184529,7,1624,2,9000,1.00431034483
182909,182915,184521,6,1606,2,9000,1.00373599004
182919,182926,184521,7,1595,2,9000,1.00438871473
182930,182937,184442,7,1505,2,9000,1.00465116279
182941,182960,184444,19,1484,2,9000,1.0128032345
182963,182969,184679,6,1710,2,9000,1.00350877193
182973,182980,184700,7,1720,2,9000,1.00406976744
182984,182991,184690,7,1699,2,9000,1.00412007063
182995,183002,184706,7,1704,2,9000,1.00410798122
183006,183013,184676,7,1663,2,9000,1.00420926037
183016,183024,184734,8,1710,2,9000,1.00467836257
183027,183034,184725,7,1691,2,9000,1.00413956239
183038,183045,184745,7,1700,2,9000,1.00411764706
183049,183056,184757,7,1701,2,9000,1.00411522634
183060,183067,184772,7,1705,2,9000,1.00410557185
183070,183077,184782,7,1705,2,9000,1.00410557185
183081,183089,184826,8,1737,2,9000,1.00460564191
183092,183099,184815,7,1716,2,9000,1.00407925408
183103,183109,184834,6,1725,2,9000,1.00347826087
183114,183121,184808,7,1687,2,9000,1.00414937759
183124,183131,184834,7,1703,2,9000,1.00411039342
183135,183142,184876,7,1734,2,9000,1.00403690888
183146,183153,184846,7,1693,2,9000,1.00413467218
183157,183164,184923,7,1759,2,9000,1.00397953383
183168,183199,184908,31,1709,2,9000,1.01813926273
183199,183212,184931,13,1719,2,9000,1.00756253636
183210,183219,184936,9,1717,2,9000,1.00524170064
183220,183227,184933,7,1706,2,9000,1.0041031653
183231,183249,184936,18,1687,2,9000,1.0106698281
183252,183261,184947,9,1686,2,9000,1.00533807829
183263,183270,184986,7,1716,2,9000,1.00407925408
183274,183282,185003,8,1721,2,9000,1.0046484602
183285,183291,185066,6,1775,2,9000,1.00338028169
183296,183303,185007,7,1704,2,9000,1.00410798122
183306,183314,185025,8,1711,2,9000,1.00467562829
183317,183323,185006,6,1683,2,9000,1.00356506239
183328,183335,185013,7,1678,2,9000,1.0041716329
183339,183345,185078,6,1733,2,9000,1.00346220427
183350,183357,185128,7,1771,2,9000,1.00395256917
183360,183367,185078,7,1711,2,9000,1.00409117475
183371,183378,185112,7,1734,2,9000,1.00403690888
183382,183389,185091,7,1702,2,9000,1.00411280846
183393,183400,185160,7,1760,2,9000,1.00397727273
183403,183411,185081,8,1670,2,9000,1.00479041916
183414,183433,185207,19,1774,2,9000,1.0107102593
183435,183444,185169,9,1725,2,9000,1.0052173913
183446,183454,185136,8,1682,2,9000,1.00475624257
183458,183479,185205,21,1726,2,9000,1.01216685979
183479,183486,185193,7,1707,2,9000,1.00410076157
183489,183529,185300,40,1771,2,9000,1.02258610954
183531,183538,185232,7,1694,2,9000,1.0041322314
183542,183551,185274,9,1723,2,9000,1.00522344748
183553,183583,185334,30,1751,2,9000,1.01713306682
183584,183670,185382,86,1712,2,9000,1.05023364486
183667,183679,185413,12,1734,2,9000,1.00692041522
183678,183703,185366,25,1663,2,9000,1.01503307276
183699,183745,185461,46,1716,2,9000,1.02680652681
183750,183757,185475,7,1718,2,9000,1.00407450524
183761,183768,185520,7,1752,2,9000,1.00399543379
183771,183847,185553,76,1706,2,9000,1.04454865182
183844,183916,185572,72,1656,2,9000,1.04347826087
183916,183925,185618,9,1693,2,9000,1.00531600709
183927,183933,185626,6,1693,2,9000,1.00354400473
183938,183954,185649,16,1695,2,9000,1.00943952802
183959,183991,185676,32,1685,2,9000,1.01899109792
183971,183978,187584,7,3606,1,3600,1.0019412091
183990,184016,185720,26,1704,2,9000,1.01525821596
184011,184075,185783,64,1708,2,9000,1.037470726
184073,184082,185814,9,1732,2,9000,1.00519630485
184084,184091,185802,7,1711,2,9000,1.00409117475
184095,184102,185803,7,1701,2,9000,1.00411522634
184106,184113,185839,7,1726,2,9000,1.00405561993
184117,184124,185809,7,1685,2,9000,1.00415430267
184127,184134,185798,7,1664,2,9000,1.00420673077
184138,184144,185822,6,1678,2,9000,1.00357568534
184149,184156,185841,7,1685,2,9000,1.00415430267
184160,184166,185868,6,1702,2,9000,1.00352526439
184170,184177,185865,7,1688,2,9000,1.00414691943
184181,184298,186006,117,1708,2,9000,1.06850117096
184295,184310,186012,15,1702,2,9000,1.00881316099
184305,184317,186016,12,1699,2,9000,1.00706297822
184316,184324,186058,8,1734,2,9000,1.00461361015
184364,184371,186019,7,1648,2,9000,1.00424757282
184375,184382,185979,7,1597,2,9000,1.00438321853
184385,184393,185982,8,1589,2,9000,1.00503461296
184396,184402,186039,6,1637,2,9000,1.0036652413
184407,184414,186016,7,1602,2,9000,1.00436953808
184418,184425,185996,7,1571,2,9000,1.00445576066
184429,184436,186078,7,1642,2,9000,1.00426309379
184440,184447,186047,7,1600,2,9000,1.004375
184451,184458,186069,7,1611,2,9000,1.00434512725
184462,184469,186120,7,1651,2,9000,1.00423985463
184473,184480,186028,7,1548,2,9000,1.00452196382
184484,184519,186146,35,1627,2,9000,1.02151198525
184517,184526,186188,9,1662,2,9000,1.00541516245
184530,184537,185995,7,1458,2,9000,1.00480109739
184541,184547,186222,6,1675,2,9000,1.00358208955
184552,184559,186223,7,1664,2,9000,1.00420673077
184563,184570,186232,7,1662,2,9000,1.00421179302
184575,184582,186245,7,1663,2,9000,1.00420926037
184586,184593,186266,7,1673,2,9000,1.00418410042
184597,184603,186263,6,1660,2,9000,1.00361445783
184608,184615,186284,7,1669,2,9000,1.00419412822
184618,184626,186300,8,1674,2,9000,1.00477897252
184629,184636,186307,7,1671,2,9000,1.00418910832
184640,184647,186324,7,1677,2,9000,1.00417412045
184651,184688,186365,37,1677,2,9000,1.02206320811
184693,184699,186369,6,1670,2,9000,1.00359281437
184701,184709,186383,8,1674,2,9000,1.00477897252
184712,184719,186366,7,1647,2,9000,1.00425015179
184723,184730,186382,7,1652,2,9000,1.00423728814
184734,184741,186402,7,1661,2,9000,1.00421432872
184744,184752,186425,8,1673,2,9000,1.00478182905
184755,184762,186417,7,1655,2,9000,1.00422960725
184766,184773,186430,7,1657,2,9000,1.00422450211
184777,184784,186453,7,1669,2,9000,1.00419412822
184787,184795,186461,8,1666,2,9000,1.00480192077
184798,184820,186479,22,1659,2,9000,1.0132610006
184819,184827,186478,8,1651,2,9000,1.00484554815
184830,184838,186518,8,1680,2,9000,1.00476190476
184841,184847,186509,6,1662,2,9000,1.0036101083
184851,184858,186533,7,1675,2,9000,1.00417910448
184862,184869,186542,7,1673,2,9000,1.00418410042
184873,184889,186554,16,1665,2,9000,1.00960960961
184894,184921,186582,27,1661,2,9000,1.01625526791
184925,184935,186594,10,1659,2,9000,1.00602772755
184935,184944,186613,9,1669,2,9000,1.00539245057
184946,184953,186626,7,1673,2,9000,1.00418410042
184957,184964,186621,7,1657,2,9000,1.00422450211
184968,184975,186615,7,1640,2,9000,1.00426829268
184978,184985,186645,7,1660,2,9000,1.00421686747
184989,184999,186652,10,1653,2,9000,1.00604960678
185000,185015,186673,15,1658,2,9000,1.00904704463
185010,185022,186698,12,1676,2,9000,1.00715990453
185021,185029,186693,8,1664,2,9000,1.00480769231
185032,185039,186684,7,1645,2,9000,1.00425531915
185042,185050,186707,8,1657,2,9000,1.00482800241
185053,185078,186767,25,1689,2,9000,1.01480165779
185074,185090,186749,16,1659,2,9000,1.00964436407
185095,185102,186773,7,1671,2,9000,1.00418910832
185107,185113,186783,6,1670,2,9000,1.00359281437
185117,185124,186822,7,1698,2,9000,1.00412249706
185128,185135,186780,7,1645,2,9000,1.00425531915
185139,185146,186843,7,1697,2,9000,1.00412492634
185149,185157,186842,8,1685,2,9000,1.00474777448
185160,185172,186821,12,1649,2,9000,1.00727713766
185172,185181,186865,9,1684,2,9000,1.00534441805
185183,185206,186887,23,1681,2,9000,1.01368233195
185203,185217,186890,14,1673,2,9000,1.00836820084
185214,185224,186919,10,1695,2,9000,1.00589970501
185225,185244,186986,19,1742,2,9000,1.01090700344
185391,185397,185405,6,8,1,1800,1.4
185405,185415,185532,10,117,1,3600,1.08547008547
185646,185653,185732,7,79,1,1800,1.08860759494
185668,185675,186212,7,537,1,3600,1.01303538175
186004,186011,187662,7,1651,2,9000,1.00423985463
186015,186022,187692,7,1670,2,9000,1.00419161677
186026,186033,187701,7,1668,2,9000,1.00419664269
186036,186044,187720,8,1676,2,9000,1.00477326969
186047,186054,187724,7,1670,2,9000,1.00419161677
186058,186065,187746,7,1681,2,9000,1.00416418798
186069,186076,187744,7,1668,2,9000,1.00419664269
186080,186086,187740,6,1654,2,9000,1.00362756953
186090,186097,187752,7,1655,2,9000,1.00422960725
186101,186108,187762,7,1654,2,9000,1.00423216445
186112,186119,187791,7,1672,2,9000,1.00418660287
186123,186130,187795,7,1665,2,9000,1.0042042042
186129,186137,186239,8,102,1,1800,1.07843137255
186134,186144,187810,10,1666,2,9000,1.00600240096
186144,186151,187815,7,1664,2,9000,1.00420673077
186155,186161,187822,6,1661,2,9000,1.00361228176
186166,186200,187856,34,1656,2,9000,1.02053140097
186197,186234,187914,37,1680,2,9000,1.02202380952
186240,186247,187905,7,1658,2,9000,1.00422195416
186251,186257,187927,6,1670,2,9000,1.00359281437
186261,186268,187916,7,1648,2,9000,1.00424757282
186272,186279,187919,7,1640,2,9000,1.00426829268
186283,186289,187958,6,1669,2,9000,1.00359496705
186294,186301,187980,7,1679,2,9000,1.0041691483
186304,186315,188001,11,1686,2,9000,1.00652431791
186315,186323,187999,8,1676,2,9000,1.00477326969
186326,186333,187999,7,1666,2,9000,1.00420168067
186337,186343,188010,6,1667,2,9000,1.00359928014
186347,186377,188050,30,1673,2,9000,1.01793185894
186378,186386,188057,8,1671,2,9000,1.00478755236
186389,186395,188078,6,1683,2,9000,1.00356506239
186400,186407,188082,7,1675,2,9000,1.00417910448
186411,186417,188062,6,1645,2,9000,1.00364741641
186421,186428,188101,7,1673,2,9000,1.00418410042
186432,186439,188107,7,1668,2,9000,1.00419664269
186443,186450,188113,7,1663,2,9000,1.00420926037
186446,186457,187261,11,804,1,3600,1.01368159204
186454,186464,188127,10,1663,2,9000,1.0060132291
186465,186472,188141,7,1669,2,9000,1.00419412822
186475,186490,188160,15,1670,2,9000,1.00898203593
186486,186497,188163,11,1666,2,9000,1.00660264106
186497,186521,188183,24,1662,2,9000,1.01444043321
186518,186530,188200,12,1670,2,9000,1.00718562874
186529,186545,188213,16,1668,2,9000,1.00959232614
186550,186557,188204,7,1647,2,9000,1.00425015179
186561,186568,188152,7,1584,2,9000,1.00441919192
186571,186578,188242,7,1664,2,9000,1.00420673077
186582,186588,188265,6,1677,2,9000,1.00357781753
186593,186599,188268,6,1669,2,9000,1.00359496705
186604,186611,188289,7,1678,2,9000,1.0041716329
186615,186621,188281,6,1660,2,9000,1.00361445783
186625,186633,188303,8,1670,2,9000,1.00479041916
186636,186642,188311,6,1669,2,9000,1.00359496705
186647,186654,188324,7,1670,2,9000,1.00419161677
186658,186666,188356,8,1690,2,9000,1.00473372781
186669,186676,188327,7,1651,2,9000,1.00423985463
186679,186686,188339,7,1653,2,9000,1.00423472474
186690,186697,188281,7,1584,2,9000,1.00441919192
186701,186708,188266,7,1558,2,9000,1.00449293967
186712,186718,188379,6,1661,2,9000,1.00361228176
186722,186729,188413,7,1684,2,9000,1.0041567696
186733,186740,188402,7,1662,2,9000,1.00421179302
186744,186751,188426,7,1675,2,9000,1.00417910448
186755,186761,188438,6,1677,2,9000,1.00357781753
186765,186772,188482,7,1710,2,9000,1.00409356725
186776,186783,188452,7,1669,2,9000,1.00419412822
186787,186793,188454,6,1661,2,9000,1.00361228176
186797,186805,188447,8,1642,2,9000,1.00487210719
186808,186815,188448,7,1633,2,9000,1.0042865891
186819,186826,188402,7,1576,2,9000,1.00444162437
186830,186836,188398,6,1562,2,9000,1.00384122919
186840,186847,188478,7,1631,2,9000,1.00429184549
186846,186854,187235,8,381,1,1800,1.02099737533
186851,186861,188509,10,1648,2,9000,1.00606796117
186862,186869,188535,7,1666,2,9000,1.00420168067
186873,186880,188561,7,1681,2,9000,1.00416418798
186883,186890,188546,7,1656,2,9000,1.00422705314
186894,186901,188563,7,1662,2,9000,1.00421179302
186905,186911,188575,6,1664,2,9000,1.00360576923
186916,186923,188588,7,1665,2,9000,1.0042042042
186927,186933,188612,6,1679,2,9000,1.00357355569
186937,186943,188599,6,1656,2,9000,1.00362318841
186948,186955,188587,7,1632,2,9000,1.00428921569
186959,186966,188548,7,1582,2,9000,1.00442477876
186969,186976,188504,7,1528,2,9000,1.00458115183
186980,186986,188595,6,1609,2,9000,1.00372902424
186991,186997,188661,6,1664,2,9000,1.00360576923
187002,187009,188679,7,1670,2,9000,1.00419161677
187013,187020,188703,7,1683,2,9000,1.00415923945
187023,187030,188722,7,1692,2,9000,1.00413711584
187034,187041,188698,7,1657,2,9000,1.00422450211
187045,187052,188699,7,1647,2,9000,1.00425015179
187056,187062,188712,6,1650,2,9000,1.00363636364
187066,187074,188705,8,1631,2,9000,1.00490496628
187077,187084,188729,7,1645,2,9000,1.00425531915
187088,187094,188652,6,1558,2,9000,1.00385109114
187099,187106,188664,7,1558,2,9000,1.00449293967
187109,187117,188721,8,1604,2,9000,1.00498753117
187120,187126,188806,6,1680,2,9000,1.00357142857
187131,187138,188807,7,1669,2,9000,1.00419412822
187142,187148,188810,6,1662,2,9000,1.0036101083
187153,187159,188820,6,1661,2,9000,1.00361228176
187163,187170,188845,7,1675,2,9000,1.00417910448
187174,187674,189331,500,1657,2,9000,1.30175015088
187677,187704,189263,27,1559,2,9000,1.0173187941
187686,187693,187808,7,115,1,3600,1.06086956522
187709,187716,189397,7,1681,2,9000,1.00416418798
187719,187732,189401,13,1669,2,9000,1.00778909527
187730,187739,189407,9,1668,2,9000,1.00539568345
187741,187753,189448,12,1695,2,9000,1.00707964602
187751,187760,189414,9,1654,2,9000,1.00544135429
187762,187769,189427,7,1658,2,9000,1.00422195416
187773,187779,189430,6,1651,2,9000,1.00363416111
187783,187790,189393,7,1603,2,9000,1.00436681223
187794,187803,189402,9,1599,2,9000,1.00562851782
187805,187811,189362,6,1551,2,9000,1.00386847195
187816,187824,189375,8,1551,2,9000,1.0051579626
187827,187833,189503,6,1670,2,9000,1.00359281437
187838,187845,189525,7,1680,2,9000,1.00416666667
187848,187869,189544,21,1675,2,9000,1.01253731343
187869,187917,189582,48,1665,2,9000,1.02882882883
187882,187889,187896,7,7,1,1800,1.4
187921,187929,189588,8,1659,2,9000,1.00482218204
187932,187939,189626,7,1687,2,9000,1.00414937759
187939,187946,188372,7,426,1,3600,1.01643192488
187942,187953,189624,11,1671,2,9000,1.0065828845
187953,187959,189584,6,1625,2,9000,1.00369230769
187964,187970,189570,6,1600,2,9000,1.00375
187975,187992,189553,17,1561,2,9000,1.01089045484
187996,188011,189568,15,1557,2,9000,1.00963391137
188016,188024,189549,8,1525,2,9000,1.00524590164
188027,188034,189709,7,1675,2,9000,1.00417910448
188038,188045,189739,7,1694,2,9000,1.0041322314
188048,188066,189752,18,1686,2,9000,1.01067615658
188052,188058,188098,6,40,1,1800,1.15
188069,188077,189754,8,1677,2,9000,1.00477042338
188080,188086,189752,6,1666,2,9000,1.00360144058
188091,188098,189759,7,1661,2,9000,1.00421432872
188102,188109,189754,7,1645,2,9000,1.00425531915
188112,188119,189756,7,1637,2,9000,1.00427611484
188123,188129,189699,6,1570,2,9000,1.00382165605
188131,188137,188221,6,84,1,3600,1.07142857143
188134,188145,189714,11,1569,2,9000,1.00701083493
188144,188152,189655,8,1503,2,9000,1.00532268796
188155,188162,189659,7,1497,2,9000,1.0046760187
188166,188174,189854,8,1680,2,9000,1.00476190476
188177,188183,189839,6,1656,2,9000,1.00362318841
188188,188195,189865,7,1670,2,9000,1.00419161677
188198,188205,189857,7,1652,2,9000,1.00423728814
188209,188216,189890,7,1674,2,9000,1.00418160096
188220,188231,189878,11,1647,2,9000,1.00667880996
188231,188239,189882,8,1643,2,9000,1.00486914181
188242,188254,189894,12,1640,2,9000,1.00731707317
188253,188277,189899,24,1622,2,9000,1.01479654747
188274,188284,189842,10,1558,2,9000,1.00641848524
188284,188292,189779,8,1487,2,9000,1.00537995965
188295,188303,189803,8,1500,2,9000,1.00533333333
188306,188313,189976,7,1663,2,9000,1.00420926037
188317,188323,190018,6,1695,2,9000,1.00353982301
188327,188334,190004,7,1670,2,9000,1.00419161677
188338,188345,190032,7,1687,2,9000,1.00414937759
188348,188360,188603,12,243,1,3600,1.04938271605
188349,188355,190002,6,1647,2,9000,1.00364298725
188359,188366,190016,7,1650,2,9000,1.00424242424
188361,188374,188457,13,83,1,1800,1.15662650602
188370,188381,190039,11,1658,2,9000,1.0066344994
188382,188389,190014,7,1625,2,9000,1.00430769231
188393,188400,189988,7,1588,2,9000,1.00440806045
188403,188410,189972,7,1562,2,9000,1.00448143406
188414,188420,189949,6,1529,2,9000,1.00392413342
188425,188432,189901,7,1469,2,9000,1.00476514636
188436,188443,190093,7,1650,2,9000,1.00424242424
188446,188453,190121,7,1668,2,9000,1.00419664269
188457,188467,190125,10,1658,2,9000,1.00603136309
188468,188476,190138,8,1662,2,9000,1.00481347774
188479,188486,190140,7,1654,2,9000,1.00423216445
188489,188497,190149,8,1652,2,9000,1.00484261501
188500,188507,190115,7,1608,2,9000,1.00435323383
188511,188517,190133,6,1616,2,9000,1.00371287129
188521,188528,190144,7,1616,2,9000,1.00433168317
188532,188539,190120,7,1581,2,9000,1.00442757748
188543,188549,190083,6,1534,2,9000,1.00391134289
188576,188582,190271,6,1689,2,9000,1.00355239787
188587,188594,190266,7,1672,2,9000,1.00418660287
188597,188603,190293,6,1690,2,9000,1.00355029586
188608,188615,190297,7,1682,2,9000,1.00416171225
188618,188625,190314,7,1689,2,9000,1.00414446418
188629,188635,190316,6,1681,2,9000,1.00356930399
188640,188647,190328,7,1681,2,9000,1.00416418798
188650,188656,190343,6,1687,2,9000,1.00355660937
188661,188667,190336,6,1669,2,9000,1.00359496705
188666,188675,189328,9,653,1,3600,1.01378254211
188672,188682,190365,10,1683,2,9000,1.00594177065
188682,188688,190381,6,1693,2,9000,1.00354400473
188693,188700,190361,7,1661,2,9000,1.00421432872
188704,188710,190346,6,1636,2,9000,1.00366748166
188715,188721,190425,6,1704,2,9000,1.00352112676
188725,188733,190411,8,1678,2,9000,1.00476758045
188736,188744,190412,8,1668,2,9000,1.00479616307
188747,188754,190434,7,1680,2,9000,1.00416666667
188758,188765,190418,7,1653,2,9000,1.00423472474
188768,188775,190434,7,1659,2,9000,1.00421940928
188779,188786,190433,7,1647,2,9000,1.00425015179
188790,188797,190457,7,1660,2,9000,1.00421686747
188800,188807,190464,7,1657,2,9000,1.00422450211
188811,188818,190483,7,1665,2,9000,1.0042042042
188822,188829,190496,7,1667,2,9000,1.00419916017
188832,188839,190473,7,1634,2,9000,1.00428396573
188843,188850,190479,7,1629,2,9000,1.00429711479
188853,188861,190514,8,1653,2,9000,1.00483968542
188864,188871,190532,7,1661,2,9000,1.00421432872
188875,189276,190922,401,1646,2,9000,1.24362089915
188880,188887,189656,7,769,1,3600,1.00910273082
189207,189214,189482,7,268,1,1800,1.02611940299
189275,189343,190922,68,1579,2,9000,1.04306523116
189349,189374,191021,25,1647,2,9000,1.01517911354
189370,189387,191059,17,1672,2,9000,1.01016746411
189391,189406,191092,15,1686,2,9000,1.00889679715
189402,189413,191074,11,1661,2,9000,1.00662251656
189413,189420,191074,7,1654,2,9000,1.00423216445
189424,189431,191131,7,1700,2,9000,1.00411764706
189434,189442,191109,8,1667,2,9000,1.00479904019
189445,189452,191116,7,1664,2,9000,1.00420673077
189456,189463,191156,7,1693,2,9000,1.00413467218
189467,189474,191140,7,1666,2,9000,1.00420168067
189478,189485,191148,7,1663,2,9000,1.00420926037
189489,189515,191192,26,1677,2,9000,1.01550387597
189520,189537,191195,17,1658,2,9000,1.01025331725
189541,189556,191230,15,1674,2,9000,1.00896057348
189552,189563,191226,11,1663,2,9000,1.00661455201
189563,189570,191229,7,1659,2,9000,1.00421940928
189574,189582,191230,8,1648,2,9000,1.00485436893
189585,189592,191200,7,1608,2,9000,1.00435323383
189596,189603,191171,7,1568,2,9000,1.00446428571
189606,189614,191150,8,1536,2,9000,1.00520833333
189617,189624,191276,7,1652,2,9000,1.00423728814
189628,189637,191301,9,1664,2,9000,1.00540865385
189639,189646,191323,7,1677,2,9000,1.00417412045
189650,189667,191329,17,1662,2,9000,1.01022864019
189671,189678,191342,7,1664,2,9000,1.00420673077
189682,189712,191374,30,1662,2,9000,1.01805054152
189713,189720,191386,7,1666,2,9000,1.00420168067
189724,189731,191412,7,1681,2,9000,1.00416418798
189735,189751,191415,16,1664,2,9000,1.00961538462
189756,189765,191429,9,1664,2,9000,1.00540865385
189767,189774,191441,7,1667,2,9000,1.00419916017
189778,189785,191449,7,1664,2,9000,1.00420673077
189788,189796,191455,8,1659,2,9000,1.00482218204
189799,189806,191504,7,1698,2,9000,1.00412249706
189810,189817,191480,7,1663,2,9000,1.00420926037
189821,189828,191528,7,1700,2,9000,1.00411764706
189832,189839,191492,7,1653,2,9000,1.00423472474
189843,189851,191512,8,1661,2,9000,1.00481637568
189853,189861,191520,8,1659,2,9000,1.00482218204
189859,189868,191537,9,1669,2,9000,1.00539245057
189869,189877,191540,8,1663,2,9000,1.00481058328
189880,189886,191517,6,1631,2,9000,1.00367872471
189891,189898,191501,7,1603,2,9000,1.00436681223
189902,189909,191579,7,1670,2,9000,1.00419161677
189913,189920,191543,7,1623,2,9000,1.00431300062
189924,189931,191560,7,1629,2,9000,1.00429711479
189935,189942,191604,7,1662,2,9000,1.00421179302
189946,189953,191599,7,1646,2,9000,1.0042527339
189956,189964,191564,8,1600,2,9000,1.005
189967,189985,191620,18,1635,2,9000,1.01100917431
189988,189996,191611,8,1615,2,9000,1.00495356037
189999,190006,191636,7,1630,2,9000,1.00429447853
190033,190040,191695,7,1655,2,9000,1.00422960725
190044,190051,191694,7,1643,2,9000,1.00426049909
190054,190062,191700,8,1638,2,9000,1.00488400488
190066,190073,191732,7,1659,2,9000,1.00421940928
190104,190111,191796,7,1685,2,9000,1.00415430267
190115,190122,191801,7,1679,2,9000,1.0041691483
190288,190295,191992,7,1697,2,9000,1.00412492634
190299,190305,192002,6,1697,2,9000,1.00353565115
190309,190315,192024,6,1709,2,9000,1.00351082504
190320,190328,192028,8,1700,2,9000,1.00470588235
190331,190337,192051,6,1714,2,9000,1.00350058343
190342,190348,192054,6,1706,2,9000,1.00351699883
190352,190359,192089,7,1730,2,9000,1.00404624277
190363,190370,192064,7,1694,2,9000,1.0041322314
190374,190380,192079,6,1699,2,9000,1.00353148911
190385,190392,192075,7,1683,2,9000,1.00415923945
190395,190402,192073,7,1671,2,9000,1.00418910832
190406,190412,192078,6,1666,2,9000,1.00360144058
190417,190425,192126,8,1701,2,9000,1.00470311581
190428,190434,192118,6,1684,2,9000,1.00356294537
190438,190445,192145,7,1700,2,9000,1.00411764706
190449,190455,192142,6,1687,2,9000,1.00355660937
190460,190467,192139,7,1672,2,9000,1.00418660287
190471,190478,192156,7,1678,2,9000,1.0041716329
190481,190488,192198,7,1710,2,9000,1.00409356725
190492,190499,192177,7,1678,2,9000,1.0041716329
190503,190510,192211,7,1701,2,9000,1.00411522634
190514,190520,192246,6,1726,2,9000,1.00347624565
190524,190531,192226,7,1695,2,9000,1.00412979351
190535,190541,192241,6,1700,2,9000,1.00352941176
190546,190553,192243,7,1690,2,9000,1.00414201183
190557,190564,192232,7,1668,2,9000,1.00419664269
190567,190575,192282,8,1707,2,9000,1.00468658465
190578,190584,192279,6,1695,2,9000,1.00353982301
190589,190596,192297,7,1701,2,9000,1.00411522634
190600,190607,192293,7,1686,2,9000,1.00415183867
190610,190617,192298,7,1681,2,9000,1.00416418798
190621,190627,192320,6,1693,2,9000,1.00354400473
190632,190639,192347,7,1708,2,9000,1.00409836066
190643,190650,192367,7,1717,2,9000,1.00407687828
190653,190660,192330,7,1670,2,9000,1.00419161677
190664,190671,192334,7,1663,2,9000,1.00420926037
190675,190681,192360,6,1679,2,9000,1.00357355569
190686,190692,192379,6,1687,2,9000,1.00355660937
190696,190703,192383,7,1680,2,9000,1.00416666667
190707,190714,192410,7,1696,2,9000,1.00412735849
190718,190934,192625,216,1691,2,9000,1.12773506801
190934,190940,192626,6,1686,2,9000,1.00355871886
190945,191033,192727,88,1694,2,9000,1.05194805195
191038,191071,192742,33,1671,2,9000,1.0197486535
191069,191086,192786,17,1700,2,9000,1.01
191090,191097,192765,7,1668,2,9000,1.00419664269
191101,191107,192782,6,1675,2,9000,1.00358208955
191112,191122,192794,10,1672,2,9000,1.00598086124
191123,191129,192821,6,1692,2,9000,1.00354609929
191133,191143,192814,10,1671,2,9000,1.00598444045
191144,191152,192823,8,1671,2,9000,1.00478755236
191151,200855,211682,9704,10827,32,10800,1.89627782396
191155,191162,192855,7,1693,2,9000,1.00413467218
191166,191172,192850,6,1678,2,9000,1.00357568534
191177,191183,192859,6,1676,2,9000,1.00357995227
191187,191194,192877,7,1683,2,9000,1.00415923945
191198,191205,192880,7,1675,2,9000,1.00417910448
191209,191216,192891,7,1675,2,9000,1.00417910448
191220,191226,192889,6,1663,2,9000,1.00360793746
191230,191238,192910,8,1672,2,9000,1.004784689
191241,191247,192922,6,1675,2,9000,1.00358208955
191252,191259,192952,7,1693,2,9000,1.00413467218
191263,191269,192937,6,1668,2,9000,1.0035971223
191273,191288,192958,15,1670,2,9000,1.00898203593
191284,191314,192990,30,1676,2,9000,1.01789976134
191316,191335,193019,19,1684,2,9000,1.01128266033
191337,191344,193018,7,1674,2,9000,1.00418160096
191347,191354,193037,7,1683,2,9000,1.00415923945
191358,191386,193055,28,1669,2,9000,1.01677651288
191389,191399,193051,10,1652,2,9000,1.00605326877
191400,191424,193088,24,1664,2,9000,1.01442307692
191421,191431,193135,10,1704,2,9000,1.0058685446
191432,191442,193127,10,1685,2,9000,1.0059347181
191443,191453,193124,10,1671,2,9000,1.00598444045
191454,191461,193138,7,1677,2,9000,1.00417412045
191464,191470,193165,6,1695,2,9000,1.00353982301
191475,191492,193172,17,1680,2,9000,1.01011904762
191496,191505,193170,9,1665,2,9000,1.00540540541
191507,191515,193192,8,1677,2,9000,1.00477042338
191518,191524,193198,6,1674,2,9000,1.00358422939
191528,191536,193226,8,1690,2,9000,1.00473372781
191539,191545,193218,6,1673,2,9000,1.00358637179
191550,191557,193222,7,1665,2,9000,1.0042042042
191561,191567,193240,6,1673,2,9000,1.00358637179
191572,191579,193254,7,1675,2,9000,1.00417910448
191582,191590,193269,8,1679,2,9000,1.00476474092
191593,191600,193269,7,1669,2,9000,1.00419412822
191604,191611,193285,7,1674,2,9000,1.00418160096
191615,191622,193315,7,1693,2,9000,1.00413467218
191626,191632,193337,6,1705,2,9000,1.00351906158
191636,191643,193326,7,1683,2,9000,1.00415923945
191647,191654,193331,7,1677,2,9000,1.00417412045
191658,191665,193337,7,1672,2,9000,1.00418660287
191669,191676,193345,7,1669,2,9000,1.00419412822
191679,191686,193355,7,1669,2,9000,1.00419412822
191690,191707,193367,17,1660,2,9000,1.01024096386
191711,191717,193405,6,1688,2,9000,1.00355450237
191722,191728,193392,6,1664,2,9000,1.00360576923
191733,191744,193443,11,1699,2,9000,1.0064743967
191744,191808,193478,64,1670,2,9000,1.03832335329
191806,191815,193491,9,1676,2,9000,1.0053699284
191817,192005,193693,188,1688,2,9000,1.11137440758
192002,192014,193714,12,1700,2,9000,1.00705882353
192013,192036,193703,23,1667,2,9000,1.01379724055
192034,192043,193712,9,1669,2,9000,1.00539245057
192045,192063,193730,18,1667,2,9000,1.01079784043
192066,192073,193742,7,1669,2,9000,1.00419412822
192076,192084,193761,8,1677,2,9000,1.00477042338
192087,192094,193759,7,1665,2,9000,1.0042042042
192098,192105,193773,7,1668,2,9000,1.00419664269
192109,192116,193785,7,1669,2,9000,1.00419412822
192119,192127,193799,8,1672,2,9000,1.004784689
192130,192137,193808,7,1671,2,9000,1.00418910832
192141,192147,193811,6,1664,2,9000,1.00360576923
192152,192158,193827,6,1669,2,9000,1.00359496705
192162,192169,193836,7,1667,2,9000,1.00419916017
192173,192180,193846,7,1666,2,9000,1.00420168067
192184,192190,193859,6,1669,2,9000,1.00359496705
192195,192202,193886,7,1684,2,9000,1.0041567696
192205,192213,193886,8,1673,2,9000,1.00478182905
192216,192223,193911,7,1688,2,9000,1.00414691943
192227,192234,193921,7,1687,2,9000,1.00414937759
192238,192246,193919,8,1673,2,9000,1.00478182905
192249,192255,193915,6,1660,2,9000,1.00361445783
192259,192266,193945,7,1679,2,9000,1.0041691483
192270,192277,193953,7,1676,2,9000,1.00417661098
192281,192288,193966,7,1678,2,9000,1.0041716329
192292,192298,193955,6,1657,2,9000,1.00362100181
192302,192309,193978,7,1669,2,9000,1.00419412822
192313,192320,193990,7,1670,2,9000,1.00419161677
192324,192331,193999,7,1668,2,9000,1.00419664269
192335,192342,194011,7,1669,2,9000,1.00419412822
192345,192352,194006,7,1654,2,9000,1.00423216445
192356,192363,194035,7,1672,2,9000,1.00418660287
192367,192374,194028,7,1654,2,9000,1.00423216445
192378,192385,194062,7,1677,2,9000,1.00417412045
192389,192396,194080,7,1684,2,9000,1.0041567696
192399,192406,194071,7,1665,2,9000,1.0042042042
192410,192417,194088,7,1671,2,9000,1.00418910832
192421,192427,194103,6,1676,2,9000,1.00357995227
192432,192439,194121,7,1682,2,9000,1.00416171225
192442,192637,194306,195,1669,2,9000,1.116836429
192638,192646,194333,8,1687,2,9000,1.00474214582
192649,192739,194416,90,1677,2,9000,1.05366726297
192742,192754,194413,12,1659,2,9000,1.00723327306
192753,192777,194432,24,1655,2,9000,1.01450151057
192774,192794,194450,20,1656,2,9000,1.01207729469
192795,192803,194480,8,1677,2,9000,1.00477042338
192806,192813,194473,7,1660,2,9000,1.00421686747
192816,192826,194483,10,1657,2,9000,1.00603500302
192851,192858,194524,7,1666,2,9000,1.00420168067
192862,192869,194565,7,1696,2,9000,1.00412735849
192873,192880,194555,7,1675,2,9000,1.00417910448
192884,192891,194563,7,1672,2,9000,1.00418660287
192894,192901,194564,7,1663,2,9000,1.00420926037
192905,192912,194595,7,1683,2,9000,1.00415923945
192916,192924,194585,8,1661,2,9000,1.00481637568
192927,192934,194601,7,1667,2,9000,1.00419916017
192938,192945,194619,7,1674,2,9000,1.00418160096
192949,192956,194651,7,1695,2,9000,1.00412979351
192959,192967,194632,8,1665,2,9000,1.0048048048
192970,192977,194656,7,1679,2,9000,1.0041691483
192981,192988,194671,7,1683,2,9000,1.00415923945
192992,192999,194676,7,1677,2,9000,1.00417412045
193003,193010,194687,7,1677,2,9000,1.00417412045
193014,193031,194705,17,1674,2,9000,1.01015531661
193035,193042,194719,7,1677,2,9000,1.00417412045
193046,193053,194726,7,1673,2,9000,1.00418410042
193056,193063,194734,7,1671,2,9000,1.00418910832
193067,193074,194752,7,1678,2,9000,1.0041716329
193078,193100,194772,22,1672,2,9000,1.01315789474
193099,193137,194801,38,1664,2,9000,1.02283653846
193141,193149,194827,8,1678,2,9000,1.00476758045
193152,193159,194823,7,1664,2,9000,1.00420673077
193163,193170,194842,7,1672,2,9000,1.00418660287
193173,193180,194844,7,1664,2,9000,1.00420673077
193184,193191,194857,7,1666,2,9000,1.00420168067
193195,193202,194888,7,1686,2,9000,1.00415183867
193206,193213,194877,7,1664,2,9000,1.00420673077
193217,193223,194893,6,1670,2,9000,1.00359281437
193227,193234,194898,7,1664,2,9000,1.00420673077
193238,193245,194930,7,1685,2,9000,1.00415430267
193249,193256,194930,7,1674,2,9000,1.00418160096
193260,193268,194955,8,1687,2,9000,1.00474214582
193271,193278,194974,7,1696,2,9000,1.00412735849
193282,193289,194949,7,1660,2,9000,1.00421686747
193293,193300,194961,7,1661,2,9000,1.00421432872
193303,193310,194983,7,1673,2,9000,1.00418410042
193314,193327,195004,13,1677,2,9000,1.00775193798
193325,193338,195009,13,1671,2,9000,1.00777977259
193336,193345,195011,9,1666,2,9000,1.00540216086
193347,193354,195027,7,1673,2,9000,1.00418410042
193358,193365,195042,7,1677,2,9000,1.00417412045
193369,193377,195026,8,1649,2,9000,1.00485142511
193369,193383,193462,14,79,1,1800,1.17721518987
193380,193390,195061,10,1671,2,9000,1.00598444045
193391,193398,195078,7,1680,2,9000,1.00416666667
193402,193409,195095,7,1686,2,9000,1.00415183867
193413,193420,195089,7,1669,2,9000,1.00419412822
193424,193456,195131,32,1675,2,9000,1.01910447761
193455,193490,195163,35,1673,2,9000,1.02092050209
193486,193503,195161,17,1658,2,9000,1.01025331725
193508,193705,195372,197,1667,2,9000,1.11817636473
193703,193715,195378,12,1663,2,9000,1.00721587492
193714,193724,195390,10,1666,2,9000,1.00600240096
193725,193731,195425,6,1694,2,9000,1.00354191263
193730,193738,193828,8,90,1,1800,1.08888888889
193735,193745,195440,10,1695,2,9000,1.00589970501
193746,193755,195469,9,1714,2,9000,1.00525087515
193757,193771,195448,14,1677,2,9000,1.00834824091
193768,193778,195432,10,1654,2,9000,1.00604594921
193779,193785,195455,6,1670,2,9000,1.00359281437
193789,193797,195462,8,1665,2,9000,1.0048048048
193800,193811,195479,11,1668,2,9000,1.00659472422
193811,193820,195487,9,1667,2,9000,1.00539892022
193822,193828,195498,6,1670,2,9000,1.00359281437
193833,193840,195515,7,1675,2,9000,1.00417910448
193844,193851,195525,7,1674,2,9000,1.00418160096
193855,193861,195574,6,1713,2,9000,1.00350262697
193865,193873,195543,8,1670,2,9000,1.00479041916
193876,193898,195565,22,1667,2,9000,1.01319736053
193897,193904,195567,7,1663,2,9000,1.00420926037
193908,193923,195622,15,1699,2,9000,1.00882872278
193919,193930,195608,11,1678,2,9000,1.00655542312
193929,193937,195614,8,1677,2,9000,1.00477042338
193940,193947,195603,7,1656,2,9000,1.00422705314
193951,193959,195627,8,1668,2,9000,1.00479616307
193962,193970,195628,8,1658,2,9000,1.00482509047
193973,193980,195642,7,1662,2,9000,1.00421179302
193983,193990,195623,7,1633,2,9000,1.0042865891
193994,194000,195684,6,1684,2,9000,1.00356294537
194005,194013,195681,8,1668,2,9000,1.00479616307
194016,194023,195696,7,1673,2,9000,1.00418410042
194026,194033,195689,7,1656,2,9000,1.00422705314
194037,194043,195714,6,1671,2,9000,1.00359066427
194048,194055,195745,7,1690,2,9000,1.00414201183
194059,194065,195731,6,1666,2,9000,1.00360144058
194069,194077,195748,8,1671,2,9000,1.00478755236
194080,194086,195753,6,1667,2,9000,1.00359928014
194091,194098,195753,7,1655,2,9000,1.00422960725
194102,194109,195778,7,1669,2,9000,1.00419412822
194113,194120,195789,7,1669,2,9000,1.00419412822
194123,194133,195794,10,1661,2,9000,1.0060204696
194134,194318,195986,184,1668,2,9000,1.1103117506
194319,194346,196026,27,1680,2,9000,1.01607142857
194323,194331,194690,8,359,1,1800,1.02228412256
194351,194425,196088,74,1663,2,9000,1.04449789537
194423,194432,196086,9,1654,2,9000,1.00544135429
194434,194445,196118,11,1673,2,9000,1.00657501494
194445,194462,196133,17,1671,2,9000,1.01017354877
194466,194485,196149,19,1664,2,9000,1.01141826923
194487,194494,196157,7,1663,2,9000,1.00420926037
194497,194505,196172,8,1667,2,9000,1.00479904019
194508,194536,196214,28,1678,2,9000,1.01668653159
194540,194568,196219,28,1651,2,9000,1.01695941853
194571,194579,196252,8,1673,2,9000,1.00478182905
194582,194589,196261,7,1672,2,9000,1.00418660287
194593,194600,196266,7,1666,2,9000,1.00420168067
194603,194610,196288,7,1678,2,9000,1.0041716329
194614,194621,196300,7,1679,2,9000,1.0041691483
194625,194633,196316,8,1683,2,9000,1.00475341652
194636,194643,196309,7,1666,2,9000,1.00420168067
194646,194654,196326,8,1672,2,9000,1.004784689
194657,194665,196341,8,1676,2,9000,1.00477326969
194668,194675,196349,7,1674,2,9000,1.00418160096
194679,194685,196345,6,1660,2,9000,1.00361445783
194689,194697,196341,8,1644,2,9000,1.00486618005
194700,194708,196361,8,1653,2,9000,1.00483968542
194711,194718,196377,7,1659,2,9000,1.00421940928
194722,194731,196412,9,1681,2,9000,1.00535395598
194733,194739,196425,6,1686,2,9000,1.00355871886
194744,194750,196417,6,1667,2,9000,1.00359928014
194754,194763,196427,9,1664,2,9000,1.00540865385
194765,194784,196467,19,1683,2,9000,1.01128936423
194786,194813,196520,27,1707,2,9000,1.0158172232
194818,194835,196502,17,1667,2,9000,1.01019796041
194839,194845,196513,6,1668,2,9000,1.0035971223
194849,194856,196538,7,1682,2,9000,1.00416171225
194860,194867,196527,7,1660,2,9000,1.00421686747
194871,194878,196517,7,1639,2,9000,1.00427089689
194882,194889,196551,7,1662,2,9000,1.00421179302
194892,194900,196611,8,1711,2,9000,1.00467562829
194903,194910,196575,7,1665,2,9000,1.0042042042
194914,194921,196597,7,1676,2,9000,1.00417661098
194925,194942,196623,17,1681,2,9000,1.01011302796
194946,194953,196649,7,1696,2,9000,1.00412735849
194956,194964,196613,8,1649,2,9000,1.00485142511
194967,194975,196628,8,1653,2,9000,1.00483968542
194978,194985,196653,7,1668,2,9000,1.00419664269
194989,194995,196678,6,1683,2,9000,1.00356506239
194999,195005,196662,6,1657,2,9000,1.00362100181
195010,195017,196682,7,1665,2,9000,1.0042042042
195021,195027,196707,6,1680,2,9000,1.00357142857
195032,195038,196710,6,1672,2,9000,1.00358851675
195042,195049,196734,7,1685,2,9000,1.00415430267
195053,195060,196713,7,1653,2,9000,1.00423472474
195064,195071,196729,7,1658,2,9000,1.00422195416
195075,195082,196735,7,1653,2,9000,1.00423472474
195085,195092,196748,7,1656,2,9000,1.00422705314
195096,195103,196731,7,1628,2,9000,1.0042997543
195107,195114,196742,7,1628,2,9000,1.0042997543
195118,195143,196827,25,1684,2,9000,1.0148456057
195139,195173,196851,34,1678,2,9000,1.02026221692
195170,195180,196851,10,1671,2,9000,1.00598444045
195181,195384,197087,203,1703,2,9000,1.11920140928
195386,195393,197059,7,1666,2,9000,1.00420168067
195397,195405,197073,8,1668,2,9000,1.00479616307
195408,195437,197079,29,1642,2,9000,1.01766138855
195439,195445,197112,6,1667,2,9000,1.00359928014
195450,195457,197116,7,1659,2,9000,1.00421940928
195461,195467,197160,6,1693,2,9000,1.00354400473
195471,195479,197167,8,1688,2,9000,1.00473933649
195482,195488,197163,6,1675,2,9000,1.00358208955
195493,195501,197177,8,1676,2,9000,1.00477326969
195504,195512,197164,8,1652,2,9000,1.00484261501
195515,195521,197173,6,1652,2,9000,1.00363196126
195525,195533,197191,8,1658,2,9000,1.00482509047
195536,195542,197230,6,1688,2,9000,1.00355450237
195547,195554,197213,7,1659,2,9000,1.00421940928
195558,195564,197233,6,1669,2,9000,1.00359496705
195568,195578,197248,10,1670,2,9000,1.00598802395
195579,195587,197204,8,1617,2,9000,1.00494743352
195590,195597,197239,7,1642,2,9000,1.00426309379
195601,195615,197310,14,1695,2,9000,1.00825958702
195612,195622,197291,10,1669,2,9000,1.00599161174
195623,195629,197269,6,1640,2,9000,1.00365853659
195633,195641,197272,8,1631,2,9000,1.00490496628
195644,195651,197306,7,1655,2,9000,1.00422960725
195655,195661,197295,6,1634,2,9000,1.00367197062
195666,195672,197339,6,1667,2,9000,1.00359928014
195677,195683,197356,6,1673,2,9000,1.00358637179
195688,195695,197361,7,1666,2,9000,1.00420168067
195698,195706,197371,8,1665,2,9000,1.0048048048
195709,195717,197376,8,1659,2,9000,1.00482218204
195720,195727,197383,7,1656,2,9000,1.00422705314
195731,195738,197403,7,1665,2,9000,1.0042042042
195742,195749,197419,7,1670,2,9000,1.00419161677
195752,195760,197432,8,1672,2,9000,1.004784689
195763,195769,197446,6,1677,2,9000,1.00357781753
195774,195781,197439,7,1658,2,9000,1.00422195416
195785,195792,197472,7,1680,2,9000,1.00416666667
195795,195802,197470,7,1668,2,9000,1.00419664269
195806,195813,197477,7,1664,2,9000,1.00420673077
195817,195823,197503,6,1680,2,9000,1.00357142857
195825,195832,195870,7,38,1,1800,1.18421052632
195828,195998,197667,170,1669,2,9000,1.10185739964
196003,196038,197712,35,1674,2,9000,1.02090800478
196034,196098,197766,64,1668,2,9000,1.03836930456
196096,196105,197772,9,1667,2,9000,1.00539892022
196107,196130,197806,23,1676,2,9000,1.01372315036
196113,196120,196188,7,68,1,1800,1.10294117647
196128,196146,197791,18,1645,2,9000,1.01094224924
196149,196161,197819,12,1658,2,9000,1.00723763571
196160,196170,197845,10,1675,2,9000,1.00597014925
196171,196184,197852,13,1668,2,9000,1.00779376499
196181,196226,197883,45,1657,2,9000,1.02715751358
196223,196233,197910,10,1677,2,9000,1.00596302922
196234,196265,197947,31,1682,2,9000,1.01843043995
196265,196272,197951,7,1679,2,9000,1.0041691483
196276,196283,197953,7,1670,2,9000,1.00419161677
196287,196300,197972,13,1672,2,9000,1.00777511962
196298,196312,197981,14,1669,2,9000,1.00838825644
196309,196321,197988,12,1667,2,9000,1.00719856029
196319,196328,197989,9,1661,2,9000,1.00541842264
196330,196339,198012,9,1673,2,9000,1.00537955768
196341,196352,198019,11,1667,2,9000,1.00659868026
196352,196360,198038,8,1678,2,9000,1.00476758045
196363,196370,198027,7,1657,2,9000,1.00422450211
196373,196381,198045,8,1664,2,9000,1.00480769231
196384,196391,198064,7,1673,2,9000,1.00418410042
196395,196402,198065,7,1663,2,9000,1.00420926037
196406,196425,198085,19,1660,2,9000,1.01144578313
196427,196434,198135,7,1701,2,9000,1.00411522634
196438,196445,198108,7,1663,2,9000,1.00420926037
196448,196456,198115,8,1659,2,9000,1.00482218204
196459,196479,198155,20,1676,2,9000,1.01193317422
196480,196514,198163,34,1649,2,9000,1.0206185567
196512,196526,198178,14,1652,2,9000,1.00847457627
196522,196533,198209,11,1676,2,9000,1.00656324582
196533,196540,198211,7,1671,2,9000,1.00418910832
196544,196551,198215,7,1664,2,9000,1.00420673077
196555,196562,198232,7,1670,2,9000,1.00419161677
196565,196573,198241,8,1668,2,9000,1.00479616307
196576,196587,198259,11,1672,2,9000,1.00657894737
196587,196609,198269,22,1660,2,9000,1.01325301205
196608,196623,198278,15,1655,2,9000,1.00906344411
196619,196630,198280,11,1650,2,9000,1.00666666667
196630,196637,198301,7,1664,2,9000,1.00420673077
196641,196648,198322,7,1674,2,9000,1.00418160096
196651,196661,198312,10,1651,2,9000,1.00605693519
196662,196670,198323,8,1653,2,9000,1.00483968542
196673,196680,198303,7,1623,2,9000,1.00431300062
196684,196692,198349,8,1657,2,9000,1.00482800241
196695,196701,198362,6,1661,2,9000,1.00361228176
196705,196719,198376,14,1657,2,9000,1.00844900422
196716,196726,198396,10,1670,2,9000,1.00598802395
196727,196734,198391,7,1657,2,9000,1.00422450211
196738,196744,198383,6,1639,2,9000,1.00366076876
196749,196756,198411,7,1655,2,9000,1.00422960725
196759,196765,198418,6,1653,2,9000,1.00362976407
196770,196776,198439,6,1663,2,9000,1.00360793746
196781,196787,198431,6,1644,2,9000,1.00364963504
196792,196799,198470,7,1671,2,9000,1.00418910832
196803,196839,198478,36,1639,2,9000,1.02196461257
196808,196815,197073,7,258,1,1800,1.02713178295
196844,196864,198474,20,1610,2,9000,1.01242236025
196865,196872,198485,7,1613,2,9000,1.00433973962
196876,197071,198754,195,1683,2,9000,1.11586452763
197072,197085,198729,13,1644,2,9000,1.00790754258
197083,197092,198724,9,1632,2,9000,1.00551470588
197094,197101,198734,7,1633,2,9000,1.0042865891
197105,197124,198753,19,1629,2,9000,1.0116635973
197126,197132,198775,6,1643,2,9000,1.00365185636
197137,197173,198825,36,1652,2,9000,1.02179176755
197172,197180,198818,8,1638,2,9000,1.00488400488
197183,197190,198830,7,1640,2,9000,1.00426829268
197194,197201,198842,7,1641,2,9000,1.00426569165
197205,197212,198828,7,1616,2,9000,1.00433168317
197216,197223,198865,7,1642,2,9000,1.00426309379
197226,197234,198823,8,1589,2,9000,1.00503461296
197237,197243,198884,6,1641,2,9000,1.00365630713
197248,197255,198890,7,1635,2,9000,1.00428134557
197259,197265,198885,6,1620,2,9000,1.0037037037
197270,197276,198919,6,1643,2,9000,1.00365185636
197280,197287,198941,7,1654,2,9000,1.00423216445
197291,197298,198926,7,1628,2,9000,1.0042997543
197302,197308,198941,6,1633,2,9000,1.00367421923
197313,197320,198967,7,1647,2,9000,1.00425015179
197324,197331,198956,7,1625,2,9000,1.00430769231
197335,197342,198964,7,1622,2,9000,1.00431565968
197345,197353,198971,8,1618,2,9000,1.00494437577
197356,197363,198985,7,1622,2,9000,1.00431565968
197367,197374,198936,7,1562,2,9000,1.00448143406
197378,197385,199005,7,1620,2,9000,1.00432098765
197389,197395,199024,6,1629,2,9000,1.00368324125
197399,197407,199018,8,1611,2,9000,1.00496585971
197410,197416,199034,6,1618,2,9000,1.00370828183
197421,197428,199054,7,1626,2,9000,1.00430504305
197432,197439,199061,7,1622,2,9000,1.00431565968
197443,197450,199086,7,1636,2,9000,1.00427872861
197454,197461,199067,7,1606,2,9000,1.00435865504
197464,197471,199091,7,1620,2,9000,1.00432098765
197475,197482,199098,7,1616,2,9000,1.00433168317
197486,197493,199110,7,1617,2,9000,1.00432900433
197497,197504,199108,7,1604,2,9000,1.00436408978
197507,197515,199095,8,1580,2,9000,1.00506329114
197518,197525,199213,7,1688,2,9000,1.00414691943
197529,197679,199329,150,1650,2,9000,1.09090909091
197683,197724,199363,41,1639,2,9000,1.0250152532
197725,197778,199424,53,1646,2,9000,1.03219927096
197777,197785,199460,8,1675,2,9000,1.0047761194
197788,197803,199440,15,1637,2,9000,1.00916310324
197799,197819,199448,20,1629,2,9000,1.01227747084
197820,197831,199428,11,1597,2,9000,1.00688791484
197830,197857,199449,27,1592,2,9000,1.01695979899
197862,197869,199465,7,1596,2,9000,1.00438596491
197872,197895,199480,23,1585,2,9000,1.01451104101
197894,197922,199614,28,1692,2,9000,1.01654846336
197925,197959,199624,34,1665,2,9000,1.02042042042
197956,197966,199640,10,1674,2,9000,1.00597371565
197967,197974,199635,7,1661,2,9000,1.00421432872
197978,197984,199645,6,1661,2,9000,1.00361228176
197988,197996,199656,8,1660,2,9000,1.00481927711
197999,198005,199639,6,1634,2,9000,1.00367197062
198010,198017,199638,7,1621,2,9000,1.00431832202
198021,198028,199617,7,1589,2,9000,1.00440528634
198032,198039,199638,7,1599,2,9000,1.00437773609
198042,198050,199642,8,1592,2,9000,1.00502512563
198053,198060,199789,7,1729,2,9000,1.004048583
198064,198071,199735,7,1664,2,9000,1.00420673077
198075,198082,199754,7,1672,2,9000,1.00418660287
198086,198092,199752,6,1660,2,9000,1.00361445783
198096,198104,199765,8,1661,2,9000,1.00481637568
198107,198120,199756,13,1636,2,9000,1.00794621027
198118,198127,199779,9,1652,2,9000,1.00544794189
198129,198147,199741,18,1594,2,9000,1.0112923463
198150,198167,199770,17,1603,2,9000,1.01060511541
198171,198178,199756,7,1578,2,9000,1.00443599493
198182,198190,199849,8,1659,2,9000,1.00482218204
198192,198221,199851,29,1630,2,9000,1.01779141104
198224,198231,199861,7,1630,2,9000,1.00429447853
198235,198242,199881,7,1639,2,9000,1.00427089689
198245,198252,199892,7,1640,2,9000,1.00426829268
198256,198262,199888,6,1626,2,9000,1.0036900369
198267,198273,199901,6,1628,2,9000,1.00368550369
198278,198285,199858,7,1573,2,9000,1.00445009536
198288,198296,199873,8,1577,2,9000,1.00507292327
198299,198306,199989,7,1683,2,9000,1.00415923945
198310,198317,199996,7,1679,2,9000,1.0041691483
198321,198328,199978,7,1650,2,9000,1.00424242424
198332,198339,199986,7,1647,2,9000,1.00425015179
198342,198349,199987,7,1638,2,9000,1.00427350427
198353,198360,200030,7,1670,2,9000,1.00419161677
198364,198370,199957,6,1587,2,9000,1.00378071834
198375,198381,199949,6,1568,2,9000,1.00382653061
198385,198392,200047,7,1655,2,9000,1.00422960725
198396,198403,200065,7,1662,2,9000,1.00421179302
198407,198414,200046,7,1632,2,9000,1.00428921569
198418,198425,200066,7,1641,2,9000,1.00426569165
198429,198436,200087,7,1651,2,9000,1.00423985463
198439,198446,200027,7,1581,2,9000,1.00442757748
198450,198456,200050,6,1594,2,9000,1.00376411543
198507,198514,200199,7,1685,2,9000,1.00415430267
198518,198525,200178,7,1653,2,9000,1.00423472474
198529,198535,200210,6,1675,2,9000,1.00358208955
198540,198550,200214,10,1664,2,9000,1.00600961538
198550,198557,200221,7,1664,2,9000,1.00420673077
198561,198736,200395,175,1659,2,9000,1.10548523207
198736,198743,200439,7,1696,2,9000,1.00412735849
198747,198754,200450,7,1696,2,9000,1.00412735849
198758,198765,200439,7,1674,2,9000,1.00418160096
198769,198776,200446,7,1670,2,9000,1.00419161677
198779,198786,200456,7,1670,2,9000,1.00419161677
198790,198830,200489,40,1659,2,9000,1.02411091019
198832,198839,200493,7,1654,2,9000,1.00423216445
198843,198849,200522,6,1673,2,9000,1.00358637179
198853,198861,200536,8,1675,2,9000,1.0047761194
198864,198871,200536,7,1665,2,9000,1.0042042042
198875,198882,200586,7,1704,2,9000,1.00410798122
198886,198892,200573,6,1681,2,9000,1.00356930399
198897,198904,200564,7,1660,2,9000,1.00421686747
198907,198915,200574,8,1659,2,9000,1.00482218204
198918,198925,200604,7,1679,2,9000,1.0041691483
198929,198936,200587,7,1651,2,9000,1.00423985463
198940,198946,200618,6,1672,2,9000,1.00358851675
198950,198958,200628,8,1670,2,9000,1.00479041916
198961,198968,200650,7,1682,2,9000,1.00416171225
198972,198979,200641,7,1662,2,9000,1.00421179302
198983,198989,200657,6,1668,2,9000,1.0035971223
198994,199001,200660,7,1659,2,9000,1.00421940928
199004,199011,200688,7,1677,2,9000,1.00417412045
199015,199022,200685,7,1663,2,9000,1.00420926037
199026,199032,200695,6,1663,2,9000,1.00360793746
199037,199043,200716,6,1673,2,9000,1.00358637179
199047,199054,200699,7,1645,2,9000,1.00425531915
199058,199064,200722,6,1658,2,9000,1.00361881785
199069,199075,200740,6,1665,2,9000,1.0036036036
199080,199086,200756,6,1670,2,9000,1.00359281437
199090,199096,200765,6,1669,2,9000,1.00359496705
199101,199108,200788,7,1680,2,9000,1.00416666667
199112,199118,200784,6,1666,2,9000,1.00360144058
199123,199130,200796,7,1666,2,9000,1.00420168067
199133,199141,200805,8,1664,2,9000,1.00480769231
199144,199151,200825,7,1674,2,9000,1.00418160096
199155,199161,200834,6,1673,2,9000,1.00358637179
199166,199172,200843,6,1671,2,9000,1.00359066427
199176,199225,200886,49,1661,2,9000,1.02950030102
199228,199341,201002,113,1661,2,9000,1.06803130644
199342,199375,201035,33,1660,2,9000,1.01987951807
199373,199437,201096,64,1659,2,9000,1.0385774563
199435,199444,201129,9,1685,2,9000,1.00534124629
199446,199454,201139,8,1685,2,9000,1.00474777448
199457,199464,201166,7,1702,2,9000,1.00411280846
199467,199475,201130,8,1655,2,9000,1.00483383686
199478,199484,201157,6,1673,2,9000,1.00358637179
199489,199496,201145,7,1649,2,9000,1.00424499697
199500,199507,201166,7,1659,2,9000,1.00421940928
199511,199626,201290,115,1664,2,9000,1.06911057692
199624,199633,201284,9,1651,2,9000,1.00545124167
199635,199642,201304,7,1662,2,9000,1.00421179302
199646,199652,201304,6,1652,2,9000,1.00363196126
199656,199662,201326,6,1664,2,9000,1.00360576923
199667,199674,201355,7,1681,2,9000,1.00416418798
199678,199685,201349,7,1664,2,9000,1.00420673077
199689,199696,201346,7,1650,2,9000,1.00424242424
199699,199706,201366,7,1660,2,9000,1.00421686747
199710,199717,201359,7,1642,2,9000,1.00426309379
199721,199728,201360,7,1632,2,9000,1.00428921569
199732,199747,201391,15,1644,2,9000,1.00912408759
199742,199754,201391,12,1637,2,9000,1.00733048259
199753,199764,201384,11,1620,2,9000,1.00679012346
199764,199771,201386,7,1615,2,9000,1.00433436533
199775,199781,201385,6,1604,2,9000,1.00374064838
199786,199792,201471,6,1679,2,9000,1.00357355569
199796,199804,201469,8,1665,2,9000,1.0048048048
199807,199814,201468,7,1654,2,9000,1.00423216445
199818,199825,201481,7,1656,2,9000,1.00422705314
199829,199836,201506,7,1670,2,9000,1.00419161677
199840,199862,201527,22,1665,2,9000,1.01321321321
199861,199869,201530,8,1661,2,9000,1.00481637568
199872,199878,201536,6,1658,2,9000,1.00361881785
199883,199890,201529,7,1639,2,9000,1.00427089689
199893,199900,201532,7,1632,2,9000,1.00428921569
199904,199911,201562,7,1651,2,9000,1.00423985463
199915,199922,201540,7,1618,2,9000,1.0043263288
199926,199933,201527,7,1594,2,9000,1.00439146801
199937,199944,201549,7,1605,2,9000,1.00436137072
199947,199961,201552,14,1591,2,9000,1.00879949717
199958,199970,201648,12,1678,2,9000,1.00715137068
199969,199990,201657,21,1667,2,9000,1.0125974805
199990,199998,201659,8,1661,2,9000,1.00481637568
200001,200008,201664,7,1656,2,9000,1.00422705314
200012,200019,201660,7,1641,2,9000,1.00426569165
200023,200030,201678,7,1648,2,9000,1.00424757282
200033,200041,201683,8,1642,2,9000,1.00487210719
200044,200051,201696,7,1645,2,9000,1.00425531915
200055,200062,201693,7,1631,2,9000,1.00429184549
200066,200073,201713,7,1640,2,9000,1.00426829268
200077,200084,201723,7,1639,2,9000,1.00427089689
200088,200095,201714,7,1619,2,9000,1.00432365658
200098,200105,201761,7,1656,2,9000,1.00422705314
200109,200116,201795,7,1679,2,9000,1.0041691483
200120,200194,201848,74,1654,2,9000,1.04474002418
200180,200187,203439,7,3252,1,7200,1.00215252153
200193,200211,201905,18,1694,2,9000,1.0106257379
200214,200223,201900,9,1677,2,9000,1.0053667263
200224,200231,201882,7,1651,2,9000,1.00423985463
200235,200242,201914,7,1672,2,9000,1.00418660287
200246,200407,202094,161,1687,2,9000,1.09543568465
200261,200268,203839,7,3571,1,7200,1.00196023523
200319,200326,203449,7,3123,1,7200,1.00224143452
200411,200451,202125,40,1674,2,9000,1.0238948626
200453,200460,202125,7,1665,2,9000,1.0042042042
200463,200470,202144,7,1674,2,9000,1.00418160096
200474,200481,202125,7,1644,2,9000,1.00425790754
200485,200492,202201,7,1709,2,9000,1.00409596255
200496,200502,202153,6,1651,2,9000,1.00363416111
200507,200514,202192,7,1678,2,9000,1.0041716329
200517,200534,202219,17,1685,2,9000,1.01008902077
200539,200548,202244,9,1696,2,9000,1.00530660377
200549,200557,202235,8,1678,2,9000,1.00476758045
200560,200576,202252,16,1676,2,9000,1.00954653938
200581,200589,202274,8,1685,2,9000,1.00474777448
200592,200600,202269,8,1669,2,9000,1.00479328939
200603,200610,202295,7,1685,2,9000,1.00415430267
200614,200621,202310,7,1689,2,9000,1.00414446418
200625,200631,202296,6,1665,2,9000,1.0036036036
200635,200642,202327,7,1685,2,9000,1.00415430267
200646,200653,202331,7,1678,2,9000,1.0041716329
200657,200664,202334,7,1670,2,9000,1.00419161677
200668,200675,202335,7,1660,2,9000,1.00421686747
200679,200686,202345,7,1659,2,9000,1.00421940928
200712,200718,202387,6,1669,2,9000,1.00359496705
200723,200731,202371,8,1640,2,9000,1.00487804878
200734,200741,202394,7,1653,2,9000,1.00423472474
200745,200752,202410,7,1658,2,9000,1.00422195416
202187,202199,204175,12,1976,2,9000,1.00607287449
202187,202193,204220,6,2027,2,9000,1.00296003947
202198,202206,204154,8,1948,2,9000,1.00410677618
202199,202211,204197,12,1986,2,9000,1.00604229607
202209,202218,204218,9,2000,2,9000,1.0045
202210,202223,204222,13,1999,2,9000,1.00650325163
202220,202230,204196,10,1966,2,9000,1.00508646999
202221,202235,204304,14,2069,2,9000,1.00676655389
202231,202241,204234,10,1993,2,9000,1.00501756147
202232,202247,204170,15,1923,2,9000,1.00780031201
202243,202259,204189,16,1930,2,9000,1.00829015544
202243,202254,204337,11,2083,2,9000,1.00528084494
202254,202266,204253,12,1987,2,9000,1.00603925516
202264,202273,204218,9,1945,2,9000,1.00462724936
202265,202278,204339,13,2061,2,9000,1.00630761766
202276,202285,204250,9,1965,2,9000,1.00458015267
202276,202290,204168,14,1878,2,9000,1.00745473908
202287,202302,204438,15,2136,2,9000,1.00702247191
202287,202297,204314,10,2017,2,9000,1.00495785821
202298,202314,204279,16,1965,2,9000,1.00814249364
202298,202309,204375,11,2066,2,9000,1.00532429816
202309,202320,204359,11,2039,2,9000,1.00539480137
202320,202333,204305,13,1972,2,9000,1.00659229209
202320,202328,204362,8,2034,2,9000,1.00393313668
204201,204208,205883,7,1675,2,9000,1.00417910448
204202,204214,205950,12,1736,2,9000,1.0069124424
204213,204227,205977,14,1750,2,9000,1.008
204213,204221,205935,8,1714,2,9000,1.00466744457
204224,204234,205933,10,1699,2,9000,1.00588581519
204224,204239,205939,15,1700,2,9000,1.00882352941
204235,204251,205972,16,1721,2,9000,1.0092969204
204235,204246,205989,11,1743,2,9000,1.00631095812
204246,204263,205944,17,1681,2,9000,1.01011302796
204246,204257,206031,11,1774,2,9000,1.00620067644
204257,204270,205941,13,1671,2,9000,1.00777977259
204268,204282,206039,14,1757,2,9000,1.00796812749
204268,204277,205989,9,1712,2,9000,1.00525700935
204279,204289,205965,10,1676,2,9000,1.00596658711
204279,204294,206019,15,1725,2,9000,1.00869565217
204290,204301,206016,11,1715,2,9000,1.00641399417
204291,204306,206127,15,1821,2,9000,1.00823723229
204301,204313,206085,12,1772,2,9000,1.00677200903
204302,204318,206007,16,1689,2,9000,1.00947306098
204313,204325,206049,12,1724,2,9000,1.00696055684
204323,204332,206035,9,1703,2,9000,1.00528479154
204324,204337,206038,13,1701,2,9000,1.0076425632
204334,204343,206040,9,1697,2,9000,1.00530347672
204335,204349,206035,14,1686,2,9000,1.00830367734
204346,204356,206027,10,1671,2,9000,1.00598444045
204346,204361,206094,15,1733,2,9000,1.00865551068
204357,204373,206046,16,1673,2,9000,1.0095636581
204357,204367,206144,10,1777,2,9000,1.00562746201
204368,204380,206065,12,1685,2,9000,1.00712166172
204369,204385,206138,16,1753,2,9000,1.0091272105
204379,204392,206121,13,1729,2,9000,1.00751879699
204390,204399,206131,9,1732,2,9000,1.00519630485
204391,204404,206113,13,1709,2,9000,1.0076067876
204401,204410,206088,9,1678,2,9000,1.00536352801
204402,204416,206145,14,1729,2,9000,1.00809716599
204412,204422,206094,10,1672,2,9000,1.00598086124
204413,204428,206139,15,1711,2,9000,1.00876680304
204424,204440,206186,16,1746,2,9000,1.00916380298
204424,204435,206164,11,1729,2,9000,1.00636205899
204435,204446,206134,11,1688,2,9000,1.00651658768
204446,204453,206142,7,1689,2,9000,1.00414446418
204456,204463,206148,7,1685,2,9000,1.00415430267
204467,204474,206170,7,1696,2,9000,1.00412735849
204475,204482,204483,7,1,1,7200,1.0
204478,204489,206176,11,1687,2,9000,1.0065204505
204488,204496,206185,8,1689,2,9000,1.00473653049
204499,204506,206238,7,1732,2,9000,1.00404157044
204510,204516,206236,6,1720,2,9000,1.00348837209
204521,204528,206181,7,1653,2,9000,1.00423472474
204531,204537,206211,6,1674,2,9000,1.00358422939
204538,204544,204961,6,417,1,7200,1.01438848921
204542,204551,206210,9,1659,2,9000,1.00542495479
204553,204559,206259,6,1700,2,9000,1.00352941176
204564,204571,206298,7,1727,2,9000,1.00405327157
204574,204580,206301,6,1721,2,9000,1.00348634515
204585,204592,206270,7,1678,2,9000,1.0041716329
204596,204602,206289,6,1687,2,9000,1.00355660937
204606,204614,206279,8,1665,2,9000,1.0048048048
204615,204622,204961,7,339,1,7200,1.02064896755
204617,204629,206315,12,1686,2,9000,1.00711743772
204628,204636,206307,8,1671,2,9000,1.00478755236
204639,204646,206354,7,1708,2,9000,1.00409836066
204649,204656,206375,7,1719,2,9000,1.00407213496
204660,204667,206401,7,1734,2,9000,1.00403690888
204670,204676,204961,6,285,1,7200,1.02105263158
204671,204683,206387,12,1704,2,9000,1.00704225352
204682,204691,206351,9,1660,2,9000,1.00542168675
204692,204700,206326,8,1626,2,9000,1.0049200492
204703,204710,206401,7,1691,2,9000,1.00413956239
204709,204717,204961,8,244,1,7200,1.03278688525
204714,204723,206436,9,1713,2,9000,1.00525394046
204725,204731,206469,6,1738,2,9000,1.00345224396
204735,204743,206436,8,1693,2,9000,1.00472533963
204746,204753,206446,7,1693,2,9000,1.00413467218
204752,204760,204961,8,201,1,7200,1.03980099502
204757,204767,206426,10,1659,2,9000,1.00602772755
204768,204774,206442,6,1668,2,9000,1.0035971223
204778,204786,206500,8,1714,2,9000,1.00466744457
204789,204796,206491,7,1695,2,9000,1.00412979351
204800,204807,206493,7,1686,2,9000,1.00415183867
204811,204817,206528,6,1711,2,9000,1.00350672122
204822,204828,206526,6,1698,2,9000,1.0035335689
204832,204839,206555,7,1716,2,9000,1.00407925408
204843,204850,206524,7,1674,2,9000,1.00418160096
204854,204861,206508,7,1647,2,9000,1.00425015179
204862,204879,204966,17,87,1,28800,1.19540229885
204862,204874,204972,12,98,1,28800,1.12244897959
204862,204868,205083,6,215,1,28800,1.02790697674
204863,204891,205043,28,152,1,28800,1.18421052632
204863,204902,204992,39,90,1,28800,1.43333333333
204863,204896,205001,33,105,1,28800,1.31428571429
204864,204907,205053,43,146,1,28800,1.29452054795
204864,204912,205012,48,100,1,28800,1.48
204864,204918,205004,54,86,1,28800,1.62790697674
204865,204989,205103,124,114,1,28800,2.08771929825
204865,204979,205160,114,181,1,28800,1.62983425414
204865,204885,206562,20,1677,2,9000,1.01192605844
204865,204984,205086,119,102,1,28800,2.16666666667
204866,205115,205154,249,39,1,28800,7.38461538462
204866,205157,208187,291,3030,1,28800,1.09603960396
204866,205102,205145,236,43,1,28800,6.48837209302
204866,205095,205170,229,75,1,28800,4.05333333333
204867,205173,205847,306,674,1,28800,1.45400593472
204867,205182,205345,315,163,1,28800,2.93251533742
204867,205166,205779,299,613,1,28800,1.48776508972
204868,205358,205431,490,73,1,28800,7.71232876712
204868,205444,205501,576,57,1,28800,11.1052631579
204886,204925,206601,39,1676,2,9000,1.02326968974
204928,204973,206692,45,1719,2,9000,1.02617801047
204969,204996,206711,27,1715,2,9000,1.01574344023
204978,205001,207420,23,2419,1,7200,1.00950806118
204996,205009,207395,13,2386,1,7200,1.00544844929
205000,205016,206688,16,1672,2,9000,1.00956937799
205011,205791,207466,780,1675,2,9000,1.46567164179
205015,205024,207466,9,2442,1,7200,1.00368550369
205033,205055,207534,22,2479,1,7200,1.00887454619
205052,205066,207447,14,2381,1,7200,1.0058798824
205792,205895,207558,103,1663,2,9000,1.06193625977
205895,205945,207635,50,1690,2,9000,1.02958579882
205947,205954,207615,7,1661,2,9000,1.00421432872
205957,205965,207726,8,1761,2,9000,1.00454287337
205968,205975,207669,7,1694,2,9000,1.0041322314
205973,205988,209596,15,3608,1,3600,1.00415742794
205973,205982,209594,9,3612,1,3600,1.00249169435
205974,206004,206033,30,29,1,3600,2.03448275862
205974,205998,209605,24,3607,1,3600,1.00665372886
205974,206009,209617,35,3608,1,3600,1.00970066519
205974,205993,209601,19,3608,1,3600,1.00526607539
205975,206014,206041,39,27,1,3600,2.44444444444
205979,206021,207731,42,1710,2,9000,1.02456140351
206021,206028,207703,7,1675,2,9000,1.00417910448
206031,206038,207723,7,1685,2,9000,1.00415430267
206042,206048,207718,6,1670,2,9000,1.00359281437
206053,206060,207763,7,1703,2,9000,1.00411039342
206064,206071,207739,7,1668,2,9000,1.00419664269
206074,206081,207764,7,1683,2,9000,1.00415923945
206085,206092,207815,7,1723,2,9000,1.00406268137
206096,206102,207804,6,1702,2,9000,1.00352526439
206107,206114,207818,7,1704,2,9000,1.00410798122
206118,206125,207799,7,1674,2,9000,1.00418160096
206129,206136,207869,7,1733,2,9000,1.00403923832
206139,206146,207790,7,1644,2,9000,1.00425790754
206150,206157,207883,7,1726,2,9000,1.00405561993
206161,206167,207892,6,1725,2,9000,1.00347826087
206172,206178,207872,6,1694,2,9000,1.00354191263
206182,206189,207860,7,1671,2,9000,1.00418910832
206193,206200,207860,7,1660,2,9000,1.00421686747
206204,206211,207884,7,1673,2,9000,1.00418410042
206215,206221,207899,6,1678,2,9000,1.00357568534
206225,206233,207914,8,1681,2,9000,1.00475907198
206236,206243,207938,7,1695,2,9000,1.00412979351
206247,206254,207968,7,1714,2,9000,1.004084014
206258,206265,207944,7,1679,2,9000,1.0041691483
206269,206276,207969,7,1693,2,9000,1.00413467218
206280,206286,207886,6,1600,2,9000,1.00375
206291,206298,207912,7,1614,2,9000,1.00433705081
206301,206308,208055,7,1747,2,9000,1.00400686892
206312,206319,207988,7,1669,2,9000,1.00419412822
206323,206329,208025,6,1696,2,9000,1.00353773585
206334,206340,208015,6,1675,2,9000,1.00358208955
206345,206351,208023,6,1672,2,9000,1.00358851675
206355,206362,208011,7,1649,2,9000,1.00424499697
206366,206373,208036,7,1663,2,9000,1.00420926037
206374,206382,210113,8,3731,1,3600,1.00214419727
206377,206389,208091,12,1702,2,9000,1.00705052879
206388,206396,208114,8,1718,2,9000,1.00465657742
206398,206406,208080,8,1674,2,9000,1.00477897252
206409,206416,208058,7,1642,2,9000,1.00426309379
206420,206427,208133,7,1706,2,9000,1.0041031653
206431,206437,208127,6,1690,2,9000,1.00355029586
206442,206449,208152,7,1703,2,9000,1.00411039342
206452,206460,208156,8,1696,2,9000,1.00471698113
206463,206470,208193,7,1723,2,9000,1.00406268137
206474,206481,208176,7,1695,2,9000,1.00412979351
206485,206492,208154,7,1662,2,9000,1.00421179302
206496,206502,208176,6,1674,2,9000,1.00358422939
206506,206514,208189,8,1675,2,9000,1.0047761194
206517,206524,208192,7,1668,2,9000,1.00419664269
206528,206535,208182,7,1647,2,9000,1.00425015179
206539,206545,208240,6,1695,2,9000,1.00353982301
206549,206556,208265,7,1709,2,9000,1.00409596255
206560,206567,208218,7,1651,2,9000,1.00423985463
206571,206578,208311,7,1733,2,9000,1.00403923832
206582,206589,208294,7,1705,2,9000,1.00410557185
206592,206599,208257,7,1658,2,9000,1.00422195416
206603,206610,208311,7,1701,2,9000,1.00411522634
206614,206621,208307,7,1686,2,9000,1.00415183867
206625,206632,208315,7,1683,2,9000,1.00415923945
206635,206643,208324,8,1681,2,9000,1.00475907198
206646,206653,208331,7,1678,2,9000,1.0041716329
206657,206664,208378,7,1714,2,9000,1.004084014
206668,206675,208380,7,1705,2,9000,1.00410557185
206678,206686,208411,8,1725,2,9000,1.00463768116
206689,206696,208422,7,1726,2,9000,1.00405561993
206700,206707,208409,7,1702,2,9000,1.00411280846
206711,206718,208386,7,1668,2,9000,1.00419664269
206722,206729,208428,7,1699,2,9000,1.00412007063
206732,206740,208412,8,1672,2,9000,1.004784689
206743,206750,208428,7,1678,2,9000,1.0041716329
206754,206761,208431,7,1670,2,9000,1.00419161677
206765,206772,208458,7,1686,2,9000,1.00415183867
206776,206783,208482,7,1699,2,9000,1.00412007063
206786,206794,208435,8,1641,2,9000,1.00487507617
206797,206804,208480,7,1676,2,9000,1.00417661098
206830,206836,208370,6,1534,2,9000,1.00391134289
206836,206843,208513,7,1670,2,9000,1.00419161677
206847,207478,209188,631,1710,2,9000,1.36900584795
207061,207432,207599,371,167,1,28800,3.22155688623
207061,207068,207619,7,551,1,28800,1.01270417423
207061,207407,207622,346,215,1,28800,2.60930232558
207062,207547,207819,485,272,1,28800,2.78308823529
207062,207484,207838,422,354,1,28800,2.19209039548
207062,207459,208377,397,918,1,28800,1.43246187364
207063,207750,207907,687,157,1,28800,5.37579617834
207063,207687,207979,624,292,1,28800,3.13698630137
207064,207774,208111,710,337,1,28800,3.10682492582
207064,207761,208433,697,672,1,28800,2.03720238095
207064,207755,207891,691,136,1,28800,6.08088235294
207065,207787,208084,722,297,1,28800,3.43097643098
207065,207792,208020,727,228,1,28800,4.18859649123
207065,207823,208009,758,186,1,28800,5.0752688172
207066,207829,207984,763,155,1,28800,5.92258064516
207066,207842,208137,776,295,1,28800,3.63050847458
207066,207847,208117,781,270,1,28800,3.89259259259
207067,207853,208069,786,216,1,28800,4.63888888889
207067,207860,208133,793,273,1,28800,3.90476190476
207068,207877,208028,809,151,1,28800,6.35761589404
207068,207883,208033,815,150,1,28800,6.43333333333
207068,207896,208322,828,426,1,28800,2.94366197183
207069,207923,208101,854,178,1,28800,5.79775280899
207069,207901,208223,832,322,1,28800,3.58385093168
207069,207917,208203,848,286,1,28800,3.96503496503
207070,207928,207991,858,63,1,28800,14.619047619
207070,207933,208006,863,73,1,28800,12.8219178082
207070,207939,213739,869,5800,1,28800,1.14982758621
207071,207944,209355,873,1411,1,28800,1.61871013466
207071,207969,210387,898,2418,1,28800,1.37138130687
207071,207950,209440,879,1490,1,28800,1.58993288591
207072,207980,208345,908,365,1,28800,3.48767123288
207072,207974,208383,902,409,1,28800,3.20537897311
207484,207570,209302,86,1732,2,9000,1.04965357968
207567,207631,209296,64,1665,2,9000,1.03843843844
207596,207611,207612,15,1,1,14400,1.6
207597,207656,207657,59,1,1,14400,6.0
207597,207636,207637,39,1,1,14400,4.0
207598,207669,207670,71,1,1,14400,7.2
207629,207643,209380,14,1737,2,9000,1.00805987334
207640,207650,209332,10,1682,2,9000,1.00594530321
207651,207681,209467,30,1786,2,9000,1.01679731243
207680,207744,207746,64,2,1,14400,6.6
207685,207715,209382,30,1667,2,9000,1.01799640072
207716,207730,209392,14,1662,2,9000,1.00842358604
207727,207737,209403,10,1666,2,9000,1.00600240096
207738,207768,209426,30,1658,2,9000,1.01809408926
207769,207781,209435,12,1654,2,9000,1.00725513906
207780,207802,209468,22,1666,2,9000,1.01320528211
207801,207811,209511,10,1700,2,9000,1.00588235294
207812,207836,209414,24,1578,2,9000,1.01520912548
207833,207872,209442,39,1570,2,9000,1.02484076433
207875,207890,209423,15,1533,2,9000,1.00978473581
207896,207909,209427,13,1518,2,9000,1.00856389987
207907,207958,209534,51,1576,2,9000,1.03236040609
207959,207987,209488,28,1501,2,9000,1.01865423051
207990,207998,209506,8,1508,2,9000,1.00530503979
208001,208008,209612,7,1604,2,9000,1.00436408978
208011,208019,209573,8,1554,2,9000,1.00514800515
208022,208030,209538,8,1508,2,9000,1.00530503979
208033,208041,209530,8,1489,2,9000,1.00537273338
208044,208050,209664,6,1614,2,9000,1.00371747212
208055,208062,209688,7,1626,2,9000,1.00430504305
208065,208073,208074,8,1,2,14400,1.0
208065,208078,209656,13,1578,2,9000,1.0082382763
208076,208085,209643,9,1558,2,9000,1.00577663671
208087,208094,209610,7,1516,2,9000,1.00461741425
208098,208105,209480,7,1375,2,9000,1.00509090909
208109,208116,209887,7,1771,2,9000,1.00395256917
208119,208126,209822,7,1696,2,9000,1.00412735849
208130,208137,209802,7,1665,2,9000,1.0042042042
208141,208148,209832,7,1684,2,9000,1.0041567696
208152,208159,209806,7,1647,2,9000,1.00425015179
208163,208170,209808,7,1638,2,9000,1.00427350427
208173,208181,209805,8,1624,2,9000,1.00492610837
208184,208191,209833,7,1642,2,9000,1.00426309379
208195,208201,209781,6,1580,2,9000,1.00379746835
208206,208213,209759,7,1546,2,9000,1.00452781371
208209,208220,210203,11,1983,1,7200,1.00554715078
208217,208227,209795,10,1568,2,9000,1.00637755102
208227,208234,209707,7,1473,2,9000,1.00475220638
208238,208245,209705,7,1460,2,9000,1.00479452055
208264,208271,211225,7,2954,1,7200,1.00236966825
208277,208284,209971,7,1687,2,9000,1.00414937759
208288,208295,210017,7,1722,2,9000,1.00406504065
208298,208306,210024,8,1718,2,9000,1.00465657742
208308,208321,211343,13,3022,1,7200,1.0043017869
208309,208316,210009,7,1693,2,9000,1.00413467218
208320,208328,210040,8,1712,2,9000,1.0046728972
208331,208343,210070,12,1727,2,9000,1.00694846555
208339,208355,211547,16,3192,1,7200,1.00501253133
208342,208349,210083,7,1734,2,9000,1.00403690888
208352,208362,210016,10,1654,2,9000,1.00604594921
208363,208371,210078,8,1707,2,9000,1.00468658465
208374,208381,210089,7,1708,2,9000,1.00409836066
208385,208392,210086,7,1694,2,9000,1.0041322314
208388,208399,210150,11,1751,2,9000,1.0062821245
208399,208406,210124,7,1718,2,9000,1.00407450524
208410,208418,210205,8,1787,2,9000,1.00447677672
208421,208427,210127,6,1700,2,9000,1.00352941176
208432,208439,210213,7,1774,2,9000,1.00394588501
208443,208450,210197,7,1747,2,9000,1.00400686892
208450,208457,218681,7,10224,2,43200,1.00068466354
208472,208479,210215,7,1736,2,9000,1.00403225806
208483,208490,210157,7,1667,2,9000,1.00419916017
208494,208500,210169,6,1669,2,9000,1.00359496705
208504,208512,210178,8,1666,2,9000,1.00480192077
208515,208522,210200,7,1678,2,9000,1.0041716329
208526,208533,210299,7,1766,2,9000,1.00396375991
208537,208543,210294,6,1751,2,9000,1.00342661336
208548,208555,210251,7,1696,2,9000,1.00412735849
208558,208566,210260,8,1694,2,9000,1.00472255018
208569,208576,210231,7,1655,2,9000,1.00422960725
208580,208587,210266,7,1679,2,9000,1.0041691483
208591,208598,210255,7,1657,2,9000,1.00422450211
208601,208609,210352,8,1743,2,9000,1.00458978772
208606,208632,208633,26,1,1,14400,2.7
208606,208627,208628,21,1,1,14400,2.2
208606,208621,208622,15,1,1,14400,1.6
208607,208660,208661,53,1,1,14400,5.4
208607,208637,208638,30,1,1,14400,3.1
208612,208644,210416,32,1772,2,9000,1.01805869074
208643,208673,210404,30,1731,2,9000,1.01733102253
208675,208682,210373,7,1691,2,9000,1.00413956239
208685,208693,210361,8,1668,2,9000,1.00479616307
208696,208702,210403,6,1701,2,9000,1.00352733686
208707,208714,210409,7,1695,2,9000,1.00412979351
208718,208725,210378,7,1653,2,9000,1.00423472474
208729,209200,210950,471,1750,2,9000,1.26914285714
209179,209186,209278,7,92,1,3600,1.07608695652
209201,209316,210991,115,1675,2,9000,1.06865671642
209232,209309,214879,77,5570,2,14400,1.01382405745
209314,209344,211013,30,1669,2,9000,1.01797483523
209323,211704,333239,2381,121535,1,576000,1.0195910643
209346,209367,210976,21,1609,2,9000,1.01305158484
209367,209392,211137,25,1745,2,9000,1.01432664756
209388,209399,211202,11,1803,2,9000,1.00610094287
209398,209406,211164,8,1758,2,9000,1.00455062571
209409,209417,211147,8,1730,2,9000,1.00462427746
209420,209428,211156,8,1728,2,9000,1.00462962963
209431,209442,211139,11,1697,2,9000,1.00648202711
209442,209449,211116,7,1667,2,9000,1.00419916017
209452,209459,211110,7,1651,2,9000,1.00423985463
209463,209470,211072,7,1602,2,9000,1.00436953808
209474,209482,211120,8,1638,2,9000,1.00488400488
209485,209491,211261,6,1770,2,9000,1.00338983051
209495,209501,211247,6,1746,2,9000,1.00343642612
209506,209512,211253,6,1741,2,9000,1.00344629523
209517,209524,211263,7,1739,2,9000,1.0040253019
209528,209535,211256,7,1721,2,9000,1.00406740267
209538,209546,211269,8,1723,2,9000,1.00464306442
209549,209556,211252,7,1696,2,9000,1.00412735849
209560,209567,211220,7,1653,2,9000,1.00423472474
209571,209577,211228,6,1651,2,9000,1.00363416111
209581,209588,211210,7,1622,2,9000,1.00431565968
209592,209607,211229,15,1622,2,9000,1.00924784217
209603,209614,211395,11,1781,2,9000,1.00617630545
209614,209622,211363,8,1741,2,9000,1.00459506031
209625,209632,211401,7,1769,2,9000,1.00395703787
209635,209642,211383,7,1741,2,9000,1.00402067777
209646,209655,211358,9,1703,2,9000,1.00528479154
209657,209670,211360,13,1690,2,9000,1.00769230769
209667,209677,211352,10,1675,2,9000,1.00597014925
209678,209700,211372,22,1672,2,9000,1.01315789474
209699,209718,211342,19,1624,2,9000,1.01169950739
209720,209728,211349,8,1621,2,9000,1.00493522517
209731,209772,211382,41,1610,2,9000,1.02546583851
209773,209799,211598,26,1799,2,9000,1.0144524736
209804,209811,211616,7,1805,2,9000,1.00387811634
209815,209821,211651,6,1830,2,9000,1.00327868852
209825,209833,211567,8,1734,2,9000,1.00461361015
209836,209842,211568,6,1726,2,9000,1.00347624565
209843,209849,211225,6,1376,2,14400,1.00436046512
209847,209856,211533,9,1677,2,9000,1.0053667263
209858,209865,211580,7,1715,2,9000,1.00408163265
209868,209879,211560,11,1681,2,9000,1.00654372397
209879,209899,211548,20,1649,2,9000,1.01212856277
209900,209983,211588,83,1605,2,9000,1.05171339564
209983,210022,211597,39,1575,2,9000,1.02476190476
210024,210030,211624,6,1594,2,9000,1.00376411543
210035,210041,211824,6,1783,2,9000,1.00336511497
210046,210052,211829,6,1777,2,9000,1.00337647721
210056,210064,211818,8,1754,2,9000,1.00456100342
210067,210082,211815,15,1733,2,9000,1.00865551068
210078,210089,211815,11,1726,2,9000,1.00637311703
210089,210096,211799,7,1703,2,9000,1.00411039342
210099,210107,211812,8,1705,2,9000,1.00469208211
210110,210116,211798,6,1682,2,9000,1.00356718193
210121,210136,211789,15,1653,2,9000,1.00907441016
210132,210143,211740,11,1597,2,9000,1.00688791484
210142,210162,211755,20,1593,2,9000,1.01255492781
210163,210171,211729,8,1558,2,9000,1.00513478819
210174,210181,211926,7,1745,2,9000,1.00401146132
210185,210192,211984,7,1792,2,9000,1.00390625
210196,210209,211955,13,1746,2,9000,1.00744558992
210206,210216,211933,10,1717,2,9000,1.00582411182
210217,210225,211953,8,1728,2,9000,1.00462962963
210228,210235,211937,7,1702,2,9000,1.00411280846
210239,210246,211940,7,1694,2,9000,1.0041322314
210249,210257,211940,8,1683,2,9000,1.00475341652
210260,210267,211913,7,1646,2,9000,1.0042527339
210271,210278,211886,7,1608,2,9000,1.00435323383
210282,210288,211837,6,1549,2,9000,1.00387346675
210292,210300,211850,8,1550,2,9000,1.00516129032
210303,210309,212136,6,1827,2,9000,1.00328407225
210314,210321,212078,7,1757,2,9000,1.00398406375
210325,210332,212071,7,1739,2,9000,1.0040253019
210336,210364,212112,28,1748,2,9000,1.01601830664
210367,210375,212103,8,1728,2,9000,1.00462962963
210378,210385,212096,7,1711,2,9000,1.00409117475
210388,210395,212102,7,1707,2,9000,1.00410076157
210399,210415,212060,16,1645,2,9000,1.00972644377
210420,210427,212059,7,1632,2,9000,1.00428921569
210431,210437,212043,6,1606,2,9000,1.00373599004
210442,210448,211985,6,1537,2,9000,1.00390370852
210452,210962,212503,510,1541,2,9000,1.33095392602
210966,210989,212728,23,1739,2,9000,1.01322599195
210987,211003,212709,16,1706,2,9000,1.00937866354
211008,211025,212719,17,1694,2,9000,1.01003541913
211029,211086,212777,57,1691,2,9000,1.03370786517
211091,211122,212768,31,1646,2,9000,1.01883353584
211123,211131,212715,8,1584,2,9000,1.00505050505
211134,211141,212664,7,1523,2,9000,1.00459619173
211151,211158,212889,7,1731,2,9000,1.00404390526
211162,211168,212955,6,1787,2,9000,1.00335758254
211172,211180,212924,8,1744,2,9000,1.00458715596
211183,211191,212906,8,1715,2,9000,1.00466472303
211194,211201,212858,7,1657,2,9000,1.00422450211
211205,211215,212914,10,1699,2,9000,1.00588581519
211238,211245,212946,7,1701,2,9000,1.00411522634
211249,211256,212957,7,1701,2,9000,1.00411522634
211259,211266,212967,7,1701,2,9000,1.00411522634
211270,211277,212981,7,1704,2,9000,1.00410798122
211281,211288,213015,7,1727,2,9000,1.00405327157
211292,211299,212971,7,1672,2,9000,1.00418660287
211302,211309,212995,7,1686,2,9000,1.00415183867
211313,211319,213008,6,1689,2,9000,1.00355239787
211324,211331,212999,7,1668,2,9000,1.00419664269
211335,211341,213021,6,1680,2,9000,1.00357142857
211345,211353,213020,8,1667,2,9000,1.00479904019
211356,211363,212989,7,1626,2,9000,1.00430504305
211367,211375,213039,8,1664,2,9000,1.00480769231
211378,211386,213061,8,1675,2,9000,1.0047761194
211389,211397,213077,8,1680,2,9000,1.00476190476
211400,211407,213094,7,1687,2,9000,1.00414937759
211410,211417,213104,7,1687,2,9000,1.00414937759
211421,211428,213115,7,1687,2,9000,1.00414937759
211432,211438,213159,6,1721,2,9000,1.00348634515
211443,211449,213141,6,1692,2,9000,1.00354609929
211453,211461,213132,8,1671,2,9000,1.00478755236
211464,211471,213145,7,1674,2,9000,1.00418160096
211475,211482,213158,7,1676,2,9000,1.00417661098
211482,211694,211767,212,73,16,60,3.90410958904
211486,211493,213178,7,1685,2,9000,1.00415430267
211497,211545,213197,48,1652,2,9000,1.02905569007
211548,211559,213219,11,1660,2,9000,1.00662650602
211559,211567,213189,8,1622,2,9000,1.00493218249
211570,211576,213230,6,1654,2,9000,1.00362756953
211581,211588,213244,7,1656,2,9000,1.00422705314
211591,211599,213256,8,1657,2,9000,1.00482800241
211602,211609,213302,7,1693,2,9000,1.00413467218
211613,211620,213323,7,1703,2,9000,1.00411039342
211624,211630,213301,6,1671,2,9000,1.00359066427
211634,211640,213347,6,1707,2,9000,1.00351493849
211645,211652,213331,7,1679,2,9000,1.0041691483
211656,211662,213344,6,1682,2,9000,1.00356718193
211667,211674,213353,7,1679,2,9000,1.0041691483
211677,211699,213355,22,1656,2,9000,1.01328502415
211698,211712,213393,14,1681,2,9000,1.00832837597
211709,211719,213386,10,1667,2,9000,1.00599880024
211720,211727,213358,7,1631,2,9000,1.00429184549
211731,211738,213370,7,1632,2,9000,1.00428921569
211742,211749,213390,7,1641,2,9000,1.00426569165
211752,211759,213396,7,1637,2,9000,1.00427611484
211763,211769,213400,6,1631,2,9000,1.00367872471
211774,211782,213467,8,1685,2,9000,1.00474777448
211785,211791,213470,6,1679,2,9000,1.00357355569
211795,211803,213487,8,1684,2,9000,1.00475059382
211806,211814,213513,8,1699,2,9000,1.00470865215
211817,211824,213527,7,1703,2,9000,1.00411039342
211828,211835,213521,7,1686,2,9000,1.00415183867
211838,211845,213510,7,1665,2,9000,1.0042042042
211849,211856,213534,7,1678,2,9000,1.0041716329
211860,211866,213533,6,1667,2,9000,1.00359928014
211871,211878,213533,7,1655,2,9000,1.00422960725
211881,211889,213575,8,1686,2,9000,1.00474495848
211892,211899,213588,7,1689,2,9000,1.00414446418
211903,211910,213619,7,1709,2,9000,1.00409596255
211914,211920,213626,6,1706,2,9000,1.00351699883
211924,211930,213615,6,1685,2,9000,1.00356083086
211935,211941,213611,6,1670,2,9000,1.00359281437
211946,211954,213623,8,1669,2,9000,1.00479328939
211957,211963,213638,6,1675,2,9000,1.00358208955
211968,211974,213667,6,1693,2,9000,1.00354400473
211978,211986,213670,8,1684,2,9000,1.00475059382
211989,211996,213652,7,1656,2,9000,1.00422705314
212000,212006,213660,6,1654,2,9000,1.00362756953
212011,212018,213671,7,1653,2,9000,1.00423472474
212021,212028,213706,7,1678,2,9000,1.0041716329
212032,212039,213686,7,1647,2,9000,1.00425015179
212043,212050,213730,7,1680,2,9000,1.00416666667
212054,212061,213739,7,1678,2,9000,1.0041716329
212064,212071,213741,7,1670,2,9000,1.00419161677
212075,212082,213767,7,1685,2,9000,1.00415430267
212086,212092,213738,6,1646,2,9000,1.00364520049
212097,212104,213775,7,1671,2,9000,1.00418910832
212107,212114,213762,7,1648,2,9000,1.00424757282
212118,212128,213776,10,1648,2,9000,1.00606796117
212129,212136,213797,7,1661,2,9000,1.00421432872
212140,212147,213787,7,1640,2,9000,1.00426829268
212151,212158,213769,7,1611,2,9000,1.00434512725
212161,212168,213838,7,1670,2,9000,1.00419161677
212172,212178,213873,6,1695,2,9000,1.00353982301
212183,212189,213873,6,1684,2,9000,1.00356294537
212194,212201,213853,7,1652,2,9000,1.00423728814
212204,212212,213901,8,1689,2,9000,1.00473653049
212215,212515,214192,300,1677,2,9000,1.17889087657
212268,212285,212907,17,622,1,14400,1.02733118971
212268,212274,216001,6,3727,1,14400,1.00160987389
212268,212280,214823,12,2543,1,14400,1.00471883602
212268,212735,213488,467,753,1,14400,1.62018592297
212269,212794,219740,525,6946,1,14400,1.07558306939
212269,212740,213924,471,1184,1,14400,1.39780405405
212269,212789,213666,520,877,1,14400,1.5929304447
212270,212924,215012,654,2088,1,14400,1.3132183908
212270,212938,212939,668,1,1,14400,66.9
212513,212676,214350,163,1674,2,9000,1.09737156511
212678,212721,214453,43,1732,2,9000,1.02482678984
212720,212728,214404,8,1676,2,9000,1.00477326969
212731,212747,214413,16,1666,2,9000,1.00960384154
212752,212780,214469,28,1689,2,9000,1.01657785672
212783,212877,214566,94,1689,2,9000,1.05565423327
212881,212901,214556,20,1655,2,9000,1.01208459215
212902,212917,214645,15,1728,2,9000,1.00868055556
212910,212943,217570,33,4627,1,28800,1.007132051
212910,212952,213717,42,765,1,28800,1.05490196078
212910,212981,213700,71,719,1,28800,1.09874826147
212923,212931,214623,8,1692,2,9000,1.00472813239
212933,212959,214644,26,1685,2,9000,1.01543026706
212955,212967,214666,12,1699,2,9000,1.00706297822
212965,212974,214652,9,1678,2,9000,1.00536352801
212976,212988,214688,12,1700,2,9000,1.00705882353
212987,212995,214670,8,1675,2,9000,1.0047761194
212998,213005,214687,7,1682,2,9000,1.00416171225
213009,213019,214748,10,1729,2,9000,1.00578368999
213019,213026,214714,7,1688,2,9000,1.00414691943
213030,213037,214737,7,1700,2,9000,1.00411764706
213031,213044,216752,13,3708,1,3600,1.00350593312
213041,213051,214771,10,1720,2,9000,1.00581395349
213052,213059,214752,7,1693,2,9000,1.00413467218
213062,213070,214718,8,1648,2,9000,1.00485436893
213073,213080,214753,7,1673,2,9000,1.00418410042
213084,213090,214747,6,1657,2,9000,1.00362100181
213087,213098,214863,11,1765,2,9000,1.00623229462
213099,213106,214855,7,1749,2,9000,1.00400228702
213110,213116,214867,6,1751,2,9000,1.00342661336
213121,213127,214820,6,1693,2,9000,1.00354400473
213131,213145,214828,14,1683,2,9000,1.00831847891
213142,213154,214865,12,1711,2,9000,1.00701344243
213153,213161,214872,8,1711,2,9000,1.00467562829
213164,213175,214892,11,1717,2,9000,1.00640652301
213175,213182,214920,7,1738,2,9000,1.00402761795
213185,213193,214850,8,1657,2,9000,1.00482800241
213196,213203,214910,7,1707,2,9000,1.00410076157
213207,213214,214906,7,1692,2,9000,1.00413711584
213218,213231,214939,13,1708,2,9000,1.00761124122
213228,213242,214935,14,1693,2,9000,1.00826934436
213239,213256,214948,17,1692,2,9000,1.01004728132
213260,213268,214991,8,1723,2,9000,1.00464306442
213271,213313,215004,42,1691,2,9000,1.02483737433
213313,213319,215017,6,1698,2,9000,1.0035335689
213324,213335,215036,11,1701,2,9000,1.00646678424
213334,213343,215039,9,1696,2,9000,1.00530660377
213345,213356,215094,11,1738,2,9000,1.00632911392
213356,213363,215063,7,1700,2,9000,1.00411764706
213367,213374,215091,7,1717,2,9000,1.00407687828
213378,213384,215160,6,1776,2,9000,1.00337837838
213388,213396,215091,8,1695,2,9000,1.00471976401
213399,213406,215119,7,1713,2,9000,1.00408639813
213410,213417,215119,7,1702,2,9000,1.00411280846
213421,213428,215121,7,1693,2,9000,1.00413467218
213432,213439,215152,7,1713,2,9000,1.00408639813
213442,213448,215140,6,1692,2,9000,1.00354609929
213453,213460,215171,7,1711,2,9000,1.00409117475
213464,213479,215210,15,1731,2,9000,1.00866551127
213475,213486,215213,11,1727,2,9000,1.00636942675
213485,213499,215295,14,1796,2,9000,1.00779510022
213496,213522,215195,26,1673,2,9000,1.01554094441
213528,213535,215183,7,1648,2,9000,1.00424757282
213538,213546,215248,8,1702,2,9000,1.00470035253
213549,213556,215248,7,1692,2,9000,1.00413711584
213560,213567,215247,7,1680,2,9000,1.00416666667
213571,213578,215294,7,1716,2,9000,1.00407925408
213582,213589,215340,7,1751,2,9000,1.00399771559
213592,213599,215368,7,1769,2,9000,1.00395703787
213603,213609,215346,6,1737,2,9000,1.00345423143
213614,213623,215330,9,1707,2,9000,1.00527240773
213625,213632,215371,7,1739,2,9000,1.0040253019
213635,213643,215310,8,1667,2,9000,1.00479904019
213646,213653,215321,7,1668,2,9000,1.00419664269
213657,213664,215356,7,1692,2,9000,1.00413711584
213668,213674,215351,6,1677,2,9000,1.00357781753
213679,213686,215387,7,1701,2,9000,1.00411522634
213689,213696,215418,7,1722,2,9000,1.00406504065
213700,213707,215449,7,1742,2,9000,1.00401836969
213711,213718,215429,7,1711,2,9000,1.00409117475
213722,213728,215468,6,1740,2,9000,1.00344827586
213732,213740,215472,8,1732,2,9000,1.00461893764
213743,213750,215466,7,1716,2,9000,1.00407925408
213754,213760,215441,6,1681,2,9000,1.00356930399
213765,213772,215435,7,1663,2,9000,1.00420926037
213776,213783,215474,7,1691,2,9000,1.00413956239
213786,213792,215483,6,1691,2,9000,1.00354819633
213797,213804,215502,7,1698,2,9000,1.00412249706
213808,213815,215504,7,1689,2,9000,1.00414446418
213819,213826,215515,7,1689,2,9000,1.00414446418
213829,213837,215537,8,1700,2,9000,1.00470588235
213840,213847,215540,7,1693,2,9000,1.00413467218
213851,213858,215581,7,1723,2,9000,1.00406268137
213862,213868,215549,6,1681,2,9000,1.00356930399
213872,213880,215624,8,1744,2,9000,1.00458715596
213883,213889,215574,6,1685,2,9000,1.00356083086
213894,213901,215575,7,1674,2,9000,1.00418160096
213905,213912,215587,7,1675,2,9000,1.00417910448
213916,213923,215615,7,1692,2,9000,1.00413711584
213926,213934,215633,8,1699,2,9000,1.00470865215
213937,213944,215617,7,1673,2,9000,1.00418410042
213948,213955,215634,7,1679,2,9000,1.0041691483
213959,214204,215899,245,1695,2,9000,1.14454277286
214206,214363,216081,157,1718,2,9000,1.09138533178
214331,216921,217024,2590,103,16,60,26.145631068
214360,214416,216129,56,1713,2,9000,1.03269118506
214412,214426,216096,14,1670,2,9000,1.00838323353
214423,214465,216174,42,1709,2,9000,1.02457577531
214465,214481,216137,16,1656,2,9000,1.00966183575
214486,214568,216259,82,1691,2,9000,1.04849201656
214569,214578,216244,9,1666,2,9000,1.00540216086
214580,214656,216356,76,1700,2,9000,1.04470588235
214589,214635,220509,46,5874,2,14400,1.00783112019
214652,214663,216333,11,1670,2,9000,1.00658682635
214663,214670,216361,7,1691,2,9000,1.00413956239
214674,214681,216401,7,1720,2,9000,1.00406976744
214684,214692,216414,8,1722,2,9000,1.00464576074
214695,214703,216406,8,1703,2,9000,1.00469759248
214706,214713,216394,7,1681,2,9000,1.00416418798
214717,214726,216401,9,1675,2,9000,1.00537313433
214728,214735,216462,7,1727,2,9000,1.00405327157
214738,214749,216419,11,1670,2,9000,1.00658682635
214749,214760,216441,11,1681,2,9000,1.00654372397
214760,214767,216485,7,1718,2,9000,1.00407450524
214771,214779,216478,8,1699,2,9000,1.00470865215
214782,214789,216463,7,1674,2,9000,1.00418160096
214793,214800,216469,7,1669,2,9000,1.00419412822
214804,214832,216516,28,1684,2,9000,1.01662707838
214835,214843,216497,8,1654,2,9000,1.00483675937
214846,214863,216539,17,1676,2,9000,1.01014319809
214867,214874,216578,7,1704,2,9000,1.00410798122
214878,214886,216553,8,1667,2,9000,1.00479904019
214889,214896,216561,7,1665,2,9000,1.0042042042
214900,214907,216593,7,1686,2,9000,1.00415183867
214910,214918,216618,8,1700,2,9000,1.00470588235
214921,214928,216594,7,1666,2,9000,1.00420168067
214932,214939,216651,7,1712,2,9000,1.00408878505
214943,214950,216622,7,1672,2,9000,1.00418660287
214954,214960,216584,6,1624,2,9000,1.00369458128
214964,214971,216667,7,1696,2,9000,1.00412735849
214975,214982,216633,7,1651,2,9000,1.00423985463
214986,214993,216656,7,1663,2,9000,1.00420926037
214997,215005,216695,8,1690,2,9000,1.00473372781
215008,215015,216667,7,1652,2,9000,1.00423728814
215018,215026,216679,8,1653,2,9000,1.00483968542
215029,215036,216732,7,1696,2,9000,1.00412735849
215040,215047,216732,7,1685,2,9000,1.00415430267
215051,215058,216757,7,1699,2,9000,1.00412007063
215062,215069,216771,7,1702,2,9000,1.00411280846
215072,215080,216779,8,1699,2,9000,1.00470865215
215083,215103,216820,20,1717,2,9000,1.01164822365
215104,215112,216790,8,1678,2,9000,1.00476758045
215115,215122,216814,7,1692,2,9000,1.00413711584
215126,215133,216795,7,1662,2,9000,1.00421179302
215137,215144,216805,7,1661,2,9000,1.00421432872
215148,215155,216838,7,1683,2,9000,1.00415923945
215159,215166,216825,7,1659,2,9000,1.00421940928
215169,215177,216830,8,1653,2,9000,1.00483968542
215180,215187,216845,7,1658,2,9000,1.00422195416
215191,215198,216881,7,1683,2,9000,1.00415923945
215202,215209,216891,7,1682,2,9000,1.00416171225
215213,215220,216900,7,1680,2,9000,1.00416666667
215223,215231,216933,8,1702,2,9000,1.00470035253
215234,215241,216934,7,1693,2,9000,1.00413467218
215245,215259,216938,14,1679,2,9000,1.00833829661
215256,215267,216965,11,1698,2,9000,1.00647820966
215267,215274,216975,7,1701,2,9000,1.00411522634
215278,215306,216959,28,1653,2,9000,1.01693889897
215309,215316,217044,7,1728,2,9000,1.00405092593
215320,215327,216987,7,1660,2,9000,1.00421686747
215331,215338,216987,7,1649,2,9000,1.00424499697
215341,215349,217021,8,1672,2,9000,1.004784689
215352,215360,217031,8,1671,2,9000,1.00478755236
215363,215371,217040,8,1669,2,9000,1.00479328939
215374,215381,217075,7,1694,2,9000,1.0041322314
215385,215392,217062,7,1670,2,9000,1.00419161677
215396,215403,217081,7,1678,2,9000,1.0041716329
215406,215413,217074,7,1661,2,9000,1.00421432872
215417,215424,217115,7,1691,2,9000,1.00413956239
215428,215435,217119,7,1684,2,9000,1.0041567696
215439,215446,217022,7,1576,2,9000,1.00444162437
215450,215457,217129,7,1672,2,9000,1.00418660287
215460,215468,217118,8,1650,2,9000,1.00484848485
215471,215478,217143,7,1665,2,9000,1.0042042042
215482,215489,217189,7,1700,2,9000,1.00411764706
215493,215500,217169,7,1669,2,9000,1.00419412822
215504,215511,217180,7,1669,2,9000,1.00419412822
215515,215522,217141,7,1619,2,9000,1.00432365658
215525,215532,217202,7,1670,2,9000,1.00419161677
215536,215543,217186,7,1643,2,9000,1.00426049909
215547,215554,217212,7,1658,2,9000,1.00422195416
215558,215565,217230,7,1665,2,9000,1.0042042042
215569,215576,217234,7,1658,2,9000,1.00422195416
215579,215586,217267,7,1681,2,9000,1.00416418798
215590,215597,217281,7,1684,2,9000,1.0041567696
215601,215608,217309,7,1701,2,9000,1.00411522634
215612,215619,217297,7,1678,2,9000,1.0041716329
215623,215631,217309,8,1678,2,9000,1.00476758045
215633,215641,217324,8,1683,2,9000,1.00475341652
215644,215651,217325,7,1674,2,9000,1.00418160096
215655,215662,217369,7,1707,2,9000,1.00410076157
215666,215673,217320,7,1647,2,9000,1.00425015179
215676,215683,217471,7,1788,2,9000,1.00391498881
215687,215693,217502,6,1809,2,9000,1.00331674959
215698,215911,217682,213,1771,2,9000,1.12027103331
215914,216093,217865,179,1772,2,9000,1.10101580135
216089,216108,217829,19,1721,2,9000,1.01104009297
216110,216141,217872,31,1731,2,9000,1.01790872328
216142,216149,217865,7,1716,2,9000,1.00407925408
216152,216186,217877,34,1691,2,9000,1.02010644589
216184,216256,225273,72,9017,2,9000,1.00798491738
216256,216271,225310,15,9039,2,9000,1.00165947561
216267,216345,225361,78,9016,2,9000,1.0086512866
216346,216368,228316,22,11948,2,14400,1.00184131235
216350,216375,225395,25,9020,2,9000,1.00277161863
216371,216402,225423,31,9021,2,9000,1.00343642612
216402,216409,225448,7,9039,2,9000,1.00077442195
216413,216420,225447,7,9027,2,9000,1.00077545142
216423,216430,225442,7,9012,2,9000,1.00077674212
216434,216440,225468,6,9028,2,9000,1.00066459903
216445,216452,225457,7,9005,2,9000,1.00077734592
216456,216464,225510,8,9046,2,9000,1.00088436878
216467,216474,225497,7,9023,2,9000,1.00077579519
216478,216485,225517,7,9032,2,9000,1.00077502214
216488,216496,225510,8,9014,2,9000,1.00088750832
216499,216506,225528,7,9022,2,9000,1.00077588118
216510,216517,225537,7,9020,2,9000,1.00077605322
216521,216528,225536,7,9008,2,9000,1.00077708703
216531,216538,225573,7,9035,2,9000,1.0007747648
216542,216549,225584,7,9035,2,9000,1.0007747648
216553,216560,225596,7,9036,2,9000,1.00077467906
216564,216571,225610,7,9039,2,9000,1.00077442195
216574,216581,225587,7,9006,2,9000,1.0007772596
216585,216593,225630,8,9037,2,9000,1.00088524953
216587,216600,231038,13,14438,2,14400,1.00090040172
216596,216607,225623,11,9016,2,9000,1.00122005324
216607,216614,225655,7,9041,2,9000,1.00077425064
216618,216630,225645,12,9015,2,9000,1.00133111481
216629,216637,225673,8,9036,2,9000,1.0008853475
216639,216646,221831,7,5185,2,9000,1.00135004822
216650,216663,221828,13,5165,2,9000,1.00251694095
216661,216670,225716,9,9046,2,9000,1.00099491488
216672,216679,225725,7,9046,2,9000,1.00077382268
216683,216690,225736,7,9046,2,9000,1.00077382268
216693,216701,225716,8,9015,2,9000,1.00088740987
216704,216711,221831,7,5120,2,9000,1.0013671875
216715,216744,225766,29,9022,2,9000,1.00321436489
216746,216752,225783,6,9031,2,9000,1.00066437825
216757,216769,225792,12,9023,2,9000,1.00132993461
216768,216783,225792,15,9009,2,9000,1.00166500167
216779,216791,225837,12,9046,2,9000,1.00132655317
216790,216802,225815,12,9013,2,9000,1.00133141019
216800,216809,221831,9,5022,2,9000,1.0017921147
216811,216818,225851,7,9033,2,9000,1.00077493634
216822,216829,221831,7,5002,2,9000,1.00139944022
216833,216840,216844,7,4,2,9000,1.1
217976,217984,218500,8,516,1,14400,1.01550387597
218200,218208,218934,8,726,1,600,1.01101928375
218210,218217,218378,7,161,1,14400,1.04347826087
218210,218222,218714,12,492,1,14400,1.0243902439
218211,218245,223908,34,5663,1,14400,1.00600388487
218211,218234,219169,23,935,1,14400,1.02459893048
218211,218240,219622,29,1382,1,14400,1.02098408104
218211,218228,219329,17,1101,1,14400,1.01544050863
218212,218256,222872,44,4616,1,14400,1.00953206239
218212,218250,220181,38,1931,1,14400,1.01967892284
218213,218267,220140,54,1873,1,14400,1.0288307528
218213,218272,224924,59,6652,1,14400,1.00886951293
218213,218278,221553,65,3275,1,14400,1.01984732824
218213,218261,220128,48,1867,1,14400,1.0257096947
218214,218289,219515,75,1226,1,14400,1.06117455139
218214,218283,222590,69,4307,1,14400,1.01602043186
218214,218294,218580,80,286,1,14400,1.27972027972
218215,218311,219248,96,937,1,14400,1.10245464248
218215,218316,219742,101,1426,1,14400,1.07082748948
218215,218305,222322,90,4017,1,14400,1.02240477969
218215,218300,232718,85,14418,1,14400,1.00589540852
218216,218327,224614,111,6287,1,14400,1.01765547956
218216,218332,224703,116,6371,1,14400,1.01820750275
218216,218321,222551,105,4230,1,14400,1.02482269504
218216,218338,218340,122,2,1,14400,12.4
218217,218354,219788,137,1434,1,14400,1.09553695955
218217,218343,218344,126,1,1,14400,12.7
218217,218349,220077,132,1728,1,14400,1.07638888889
218218,218365,223799,147,5434,1,14400,1.02705189547
218218,218359,220902,141,2543,1,14400,1.05544632324
218218,218370,218373,152,3,1,14400,15.5
218219,218392,221829,173,3437,1,14400,1.05033459412
218219,218376,221145,157,2769,1,14400,1.05669916938
218219,218381,221928,162,3547,1,14400,1.04567239921
218220,218408,220766,188,2358,1,14400,1.07972858355
218220,218403,220557,183,2154,1,14400,1.08495821727
218220,218398,218977,178,579,1,14400,1.30742659758
218220,218414,219443,194,1029,1,14400,1.18853255588
218221,218436,222233,215,3797,1,14400,1.05662365025
218221,218430,232853,209,14423,1,14400,1.01449074395
218221,218419,220223,198,1804,1,14400,1.10975609756
218221,218425,219323,204,898,1,14400,1.2271714922
218222,218452,219984,230,1532,1,14400,1.1501305483
218222,218441,227923,219,9482,1,14400,1.02309639317
218222,218447,223636,225,5189,1,14400,1.04336095587
218222,218458,219361,236,903,1,14400,1.26135105205
218223,218463,220553,240,2090,1,14400,1.11483253589
218223,218468,220688,245,2220,1,14400,1.11036036036
218224,218479,219209,255,730,1,14400,1.34931506849
218224,218474,218476,250,2,1,14400,25.2
218224,218485,228788,261,10303,1,14400,1.02533242745
218224,218490,222131,266,3641,1,14400,1.07305685251
218225,218512,228059,287,9547,1,14400,1.03006179952
218225,218496,224130,271,5634,1,14400,1.04810081647
218225,218501,218920,276,419,1,14400,1.65871121718
218225,218506,226640,281,8134,1,14400,1.03454634866
218226,218523,220385,297,1862,1,14400,1.15950590763
218226,218517,220765,291,2248,1,14400,1.12944839858
218226,218528,221485,302,2957,1,14400,1.10213053771
218227,218539,221601,312,3062,1,14400,1.10189418681
218227,218550,232973,323,14423,1,14400,1.02239478611
218227,218534,229598,307,11064,1,14400,1.02774765004
218227,218544,222104,317,3560,1,14400,1.08904494382
218228,218566,220256,338,1690,1,14400,1.2
218228,218571,222680,343,4109,1,14400,1.08347529813
218228,218560,220584,332,2024,1,14400,1.16403162055
218228,218555,221963,327,3408,1,14400,1.09595070423
218229,218584,222074,355,3490,1,14400,1.10171919771
218229,218589,221189,360,2600,1,14400,1.13846153846
218229,218578,218703,349,125,1,14400,3.792
218230,218599,221106,369,2507,1,14400,1.14718787395
218230,218610,219779,380,1169,1,14400,1.3250641574
218230,218605,220845,375,2240,1,14400,1.16741071429
218230,218594,220889,364,2295,1,14400,1.15860566449
218231,218621,221108,390,2487,1,14400,1.15681544029
218231,218615,219759,384,1144,1,14400,1.33566433566
218231,218626,221990,395,3364,1,14400,1.11741973841
218232,218631,223181,399,4550,1,14400,1.08769230769
218232,218642,221252,410,2610,1,14400,1.15708812261
218232,218650,222347,418,3697,1,14400,1.11306464701
218232,218637,228829,405,10192,1,14400,1.03973704867
218233,218698,224500,465,5802,1,14400,1.08014477766
218233,218731,226076,498,7345,1,14400,1.06780122532
218233,218719,223467,486,4748,1,14400,1.10235888795
218233,218693,220681,460,1988,1,14400,1.23138832998
218234,218944,225145,710,6201,1,14400,1.11449766167
218234,218993,223250,759,4257,1,14400,1.17829457364
218234,218936,222197,702,3261,1,14400,1.21527138914
218235,219185,228597,950,9412,1,14400,1.10093497663
218235,219225,227984,990,8759,1,14400,1.11302660121
218236,219346,221609,1110,2263,1,14400,1.49049933716
218236,219277,221593,1041,2316,1,14400,1.44948186528
218236,219339,220401,1103,1062,1,14400,2.03860640301
218236,219377,233235,1141,13858,1,14400,1.08233511329
218237,219639,221507,1402,1868,1,14400,1.75053533191
218237,219531,221345,1294,1814,1,14400,1.71334068357
218237,219460,222296,1223,2836,1,14400,1.43124118477
218237,219756,220958,1519,1202,1,14400,2.26372712146
218238,219789,222125,1551,2336,1,14400,1.66395547945
218238,219763,221563,1525,1800,1,14400,1.84722222222
218238,219796,223355,1558,3559,1,14400,1.43776341669
218239,220013,230207,1774,10194,1,14400,1.17402393565
218239,219804,221663,1565,1859,1,14400,1.84185045724
218239,220093,231131,1854,11038,1,14400,1.16796521109
218239,220000,220001,1761,1,1,14400,176.2
218240,220156,220430,1916,274,1,14400,7.99270072993
218240,220197,222219,1957,2022,1,14400,1.96785361029
218240,220144,220894,1904,750,1,14400,3.53866666667
218241,220273,225193,2032,4920,1,14400,1.41300813008
218241,220413,222202,2172,1789,1,14400,2.21408608161
218241,220239,224274,1998,4035,1,14400,1.49516728625
218241,220401,221843,2160,1442,1,14400,2.49791955617
218242,220521,222164,2279,1643,1,14400,2.38709677419
218242,220442,227024,2200,6582,1,14400,1.33424491036
218243,220539,222528,2296,1989,1,14400,2.15434891905
218243,220590,220591,2347,1,1,14400,234.8
218243,220569,221610,2326,1041,1,14400,3.23439000961
218244,220600,220755,2356,155,1,14400,16.2
218244,220705,220842,2461,137,1,14400,18.9635036496
218244,220607,220886,2363,279,1,14400,9.46953405018
218244,220693,220972,2449,279,1,14400,9.77777777778
218245,220767,221047,2522,280,1,14400,10.0071428571
218245,220781,220881,2536,100,1,14400,26.36
218245,220787,220940,2542,153,1,14400,17.614379085
218246,220901,224601,2655,3700,1,14400,1.71756756757
218246,220893,220991,2647,98,1,14400,28.0102040816
218246,220854,221002,2608,148,1,14400,18.6216216216
218246,220862,221018,2616,156,1,14400,17.7692307692
218247,220922,222819,2675,1897,1,14400,2.41012124407
218247,220909,220910,2662,1,1,14400,266.3
218248,220935,222119,2687,1184,1,14400,3.26942567568
218248,220942,221793,2694,851,1,14400,4.16568742656
218248,220952,225594,2704,4642,1,14400,1.58250753985
218249,220984,222175,2735,1191,1,14400,3.29638958858
218249,220970,223035,2721,2065,1,14400,2.31767554479
218249,221015,226910,2766,5895,1,14400,1.46921119593
218249,221003,222069,2754,1066,1,14400,3.58348968105
218250,221131,223544,2881,2413,1,14400,2.19394944053
218250,221123,223313,2873,2190,1,14400,2.31187214612
218250,221059,225919,2809,4860,1,14400,1.57798353909
218250,221030,222621,2780,1591,1,14400,2.74732872407
218251,221161,221930,2910,769,1,14400,4.78413524057
218251,221206,222443,2955,1237,1,14400,3.38884397736
218252,221361,230907,3109,9546,1,14400,1.32568615127
218252,221502,231254,3250,9752,1,14400,1.33326497129
218252,221523,224293,3271,2770,1,14400,2.18086642599
218252,221268,221905,3016,637,1,14400,5.73469387755
218253,221579,221580,3326,1,1,14400,332.7
218253,221592,224081,3339,2489,1,14400,2.34150261149
218253,221569,224482,3316,2913,1,14400,2.13834534844
218253,221610,223159,3357,1549,1,14400,3.16720464816
218254,221633,223922,3379,2289,1,14400,2.47619047619
218254,221618,224107,3364,2489,1,14400,2.35154680595
218254,221625,223140,3371,1515,1,14400,3.22508250825
218254,221679,235052,3425,13373,1,14400,1.25611306364
218255,221809,222445,3554,636,1,14400,6.58805031447
218255,221865,222615,3610,750,1,14400,5.81333333333
218255,221854,224493,3599,2639,1,14400,2.36377415688
218255,221860,222707,3605,847,1,14400,5.25619834711
218256,221881,224047,3625,2166,1,14400,2.67359187442
218256,221871,224867,3615,2996,1,14400,2.20660881175
218256,221876,222724,3620,848,1,14400,5.26886792453
218257,221944,223385,3687,1441,1,14400,3.55863983345
218257,221905,225156,3648,3251,1,14400,2.12211627192
218257,221919,222412,3662,493,1,14400,8.42799188641
218257,221887,222585,3630,698,1,14400,6.2005730659
218258,222135,222285,3877,150,1,14400,26.8466666667
218258,222009,236217,3751,14208,1,14400,1.26400619369
218258,221984,223948,3726,1964,1,14400,2.89714867617
218259,222142,222536,3883,394,1,14400,10.8553299492
218259,222180,225841,3921,3661,1,14400,2.07101884731
218259,222149,222300,3890,151,1,14400,26.761589404
218260,222213,223996,3953,1783,1,14400,3.21704991587
218260,222191,225337,3931,3146,1,14400,2.24952320407
218260,222236,236682,3976,14446,1,14400,1.2752318981
218260,222220,223475,3960,1255,1,14400,4.15537848606
218261,222249,223730,3988,1481,1,14400,3.69277515192
218261,222844,237257,4583,14413,1,14400,1.31797682648
218261,222298,222299,4037,1,1,14400,403.8
218262,222338,222339,4076,1,1,14400,407.7
218262,222363,225432,4101,3069,1,14400,2.33626588465
218262,222351,223810,4089,1459,1,14400,3.80260452365
218263,222457,223325,4194,868,1,14400,5.83179723502
218263,222424,223555,4161,1131,1,14400,4.67904509284
218263,222551,222832,4288,281,1,14400,16.2597864769
218263,222544,224004,4281,1460,1,14400,3.93219178082
218264,223266,225363,5002,2097,1,14400,3.38531235098
218264,222606,223061,4342,455,1,14400,10.5428571429
218264,222597,222754,4333,157,1,14400,28.5987261146
218264,223251,224963,4987,1712,1,14400,3.91296728972
218265,222737,222887,4472,150,1,14400,30.8133333333
218265,222627,222752,4362,125,1,14400,35.896
218265,222696,222848,4431,152,1,14400,30.1513157895
218265,222835,223257,4570,422,1,14400,11.8293838863
218266,222860,223702,4594,842,1,14400,6.45605700713
218266,222888,224543,4622,1655,1,14400,3.79274924471
218266,223273,223662,5007,389,1,14400,13.8714652956
218266,223329,223455,5063,126,1,14400,41.1825396825
218267,222899,224876,4632,1977,1,14400,3.34294385432
218267,223052,223443,4785,391,1,14400,13.2378516624
218268,223197,223951,4929,754,1,14400,7.53713527851
218268,223152,224765,4884,1613,1,14400,4.0278983261
218268,223171,224264,4903,1093,1,14400,5.48581884721
218268,223073,225973,4805,2900,1,14400,2.65689655172
218269,223474,227196,5205,3722,1,14400,2.39844169801
218269,223372,225537,5103,2165,1,14400,3.35704387991
218269,223338,223769,5069,431,1,14400,12.7610208817
218269,223467,224744,5198,1277,1,14400,5.07047768207
218270,223398,224289,5128,891,1,14400,6.75533108866
218270,223455,223456,5185,1,1,14400,518.6
218270,223483,224454,5213,971,1,14400,6.36869207003
218271,223753,238185,5482,14432,1,14400,1.37985033259
218271,223652,225587,5381,1935,1,14400,3.78087855297
218271,223610,225165,5339,1555,1,14400,4.43344051447
218272,223820,225113,5548,1293,1,14400,5.29079659706
218272,223490,224763,5218,1273,1,14400,5.09897879026
218272,223560,223561,5288,1,1,14400,528.9
218273,223577,223714,5304,137,1,14400,39.7153284672
218273,223604,223750,5331,146,1,14400,37.5136986301
218273,223667,223812,5394,145,1,14400,38.2
218273,223568,224106,5295,538,1,14400,10.8420074349
218274,223779,226915,5505,3136,1,14400,2.75542091837
218274,223734,226186,5460,2452,1,14400,3.22675367047
218274,223714,223861,5440,147,1,14400,38.0068027211
218275,223910,225298,5635,1388,1,14400,5.05979827089
218275,223925,225322,5650,1397,1,14400,5.04438081603
218275,223876,224156,5601,280,1,14400,21.0035714286
218276,223934,226672,5658,2738,1,14400,3.06647187728
218276,224301,224399,6025,98,1,14400,62.4795918367
218276,223960,223961,5684,1,1,14400,568.5
218277,223974,225031,5697,1057,1,14400,6.38978240303
218277,223967,225594,5690,1627,1,14400,4.49723417333
218277,224008,224009,5731,1,1,14400,573.2
218277,224016,224667,5739,651,1,14400,9.81566820276
218278,224059,226442,5781,2383,1,14400,3.42593369702
218278,224024,224116,5746,92,1,14400,63.4565217391
218279,224092,225325,5813,1233,1,14400,5.71451743715
218279,224099,226299,5820,2200,1,14400,3.64545454545
218279,224126,224127,5847,1,1,14400,584.8
218279,224118,224802,5839,684,1,14400,9.5365497076
218280,224148,226984,5868,2836,1,14400,3.06911142454
218280,224140,228750,5860,4610,1,14400,2.27114967462
218280,224168,225361,5888,1193,1,14400,5.93545683152
218280,224133,224449,5853,316,1,14400,19.5221518987
218281,224276,226321,5995,2045,1,14400,3.9315403423
218281,224308,227892,6027,3584,1,14400,2.681640625
218281,224291,227696,6010,3405,1,14400,2.76505139501
218282,224411,227147,6129,2736,1,14400,3.24013157895
218282,224648,224798,6366,150,1,14400,43.44
218282,224545,224636,6263,91,1,14400,69.8241758242
218283,224494,224773,6211,279,1,14400,23.2616487455
218283,224756,226170,6473,1414,1,14400,5.57779349364
218283,224461,224533,6178,72,1,14400,86.8055555556
218283,224469,224626,6186,157,1,14400,40.4012738854
218284,224505,224660,6221,155,1,14400,41.135483871
218284,224516,226170,6232,1654,1,14400,4.76783555018
218284,224555,225768,6271,1213,1,14400,6.16982687552
218285,224672,226107,6387,1435,1,14400,5.45087108014
218285,224617,227215,6332,2598,1,14400,3.43725943033
218285,224630,228459,6345,3829,1,14400,2.65709062418
218285,224638,226100,6353,1462,1,14400,5.34541723666
218286,224719,228211,6433,3492,1,14400,2.84221076747
218286,224783,231525,6497,6742,1,14400,1.96366063483
218286,224680,227615,6394,2935,1,14400,3.17853492334
218286,224776,239186,6490,14410,1,14400,1.45038167939
218287,224818,239255,6531,14437,1,14400,1.45237930318
218287,224879,225328,6592,449,1,14400,15.6815144766
218287,224790,226043,6503,1253,1,14400,6.18994413408
218287,224811,226459,6524,1648,1,14400,4.95873786408
218288,225125,225405,6837,280,1,14400,25.4178571429
218288,224975,225757,6687,782,1,14400,9.55115089514
218288,224888,225342,6600,454,1,14400,15.5374449339
218288,224940,225384,6652,444,1,14400,15.981981982
218289,225044,233770,6755,8726,1,14400,1.77412330965
218289,225335,227700,7046,2365,1,14400,3.97928118393
218289,225322,226222,7033,900,1,14400,8.81444444444
218290,225161,225816,6871,655,1,14400,11.4900763359
218290,225178,226578,6888,1400,1,14400,5.92
218290,225169,226835,6879,1666,1,14400,5.12905162065
218291,225314,230743,7023,5429,1,14400,2.29360839934
218291,225361,228080,7070,2719,1,14400,3.60022066936
218291,225309,227227,7018,1918,1,14400,4.6590198123
218291,225209,226694,6918,1485,1,14400,5.65858585859
218292,225375,227357,7083,1982,1,14400,4.5736629667
218292,225437,226154,7145,717,1,14400,10.9651324965
218292,225407,226486,7115,1079,1,14400,7.59406858202
218293,225381,226594,7088,1213,1,14400,6.84336356142
218293,225386,229554,7093,4168,1,14400,2.70177543186
218294,225413,231153,7119,5740,1,14400,2.24024390244
218294,225392,228333,7098,2941,1,14400,3.41346480789
218294,225488,231238,7194,5750,1,14400,2.25113043478
218295,225494,228324,7199,2830,1,14400,3.54381625442
218457,225608,225675,7151,67,16,60,107.731343284
218716,222311,225949,3595,3638,1,3600,1.98818031886
220019,222464,225617,2445,3153,1,7200,1.77545195052
220084,222567,225727,2483,3160,1,7200,1.78575949367
220185,222637,223239,2452,602,1,7200,5.073089701
220260,222719,223642,2459,923,1,7200,3.66413867822
220306,222764,224079,2458,1315,1,7200,2.86920152091
220359,222772,223766,2413,994,1,7200,3.42756539235
221028,225458,227467,4430,2009,1,14400,3.20507715281
221028,225443,226654,4415,1211,1,14400,4.64574731627
221028,225464,228755,4436,3291,1,14400,2.34791856579
221182,221840,225291,658,3451,2,28800,1.1906693712
221424,233782,244621,12358,10839,32,10800,2.14014207953
221813,221849,224546,36,2697,2,14400,1.01334816463
221854,221900,223606,46,1706,2,9000,1.02696365768
221854,221894,223574,40,1680,2,9000,1.02380952381
221896,221912,223579,16,1667,2,9000,1.00959808038
221917,221926,223623,9,1697,2,9000,1.00530347672
221928,221935,223674,7,1739,2,9000,1.0040253019
221939,221951,223651,12,1700,2,9000,1.00705882353
221950,221958,223631,8,1673,2,9000,1.00478182905
221961,221968,223643,7,1675,2,9000,1.00417910448
221972,221978,223686,6,1708,2,9000,1.00351288056
221981,299498,378103,77517,78605,16,108000,1.98615864131
221983,221991,223660,8,1669,2,9000,1.00479328939
221993,222001,223678,8,1677,2,9000,1.00477042338
222005,222017,223669,12,1652,2,9000,1.00726392252
222015,222025,223655,10,1630,2,9000,1.00613496933
222026,222033,223771,7,1738,2,9000,1.00402761795
222037,222044,223723,7,1679,2,9000,1.0041691483
222048,222056,223733,8,1677,2,9000,1.00477042338
222059,222066,223722,7,1656,2,9000,1.00422705314
222070,222077,223755,7,1678,2,9000,1.0041716329
222081,222092,223754,11,1662,2,9000,1.00661853189
222092,222099,223856,7,1757,2,9000,1.00398406375
222103,222110,223810,7,1700,2,9000,1.00411764706
222114,222120,223878,6,1758,2,9000,1.00341296928
222125,223586,225249,1461,1663,2,9000,1.8785327721
222130,222318,223589,188,1271,2,14400,1.14791502754
222482,225513,246560,3031,21047,1,28800,1.14401102295
222482,225518,234922,3036,9404,1,28800,1.32284134411
222482,225507,249271,3025,23764,1,28800,1.12729338495
223236,225533,225534,2297,1,8,21600,229.8
223259,225547,225548,2288,1,8,57600,228.9
223286,225559,225560,2273,1,8,57600,227.4
223514,225342,233849,1828,8507,4,10800,1.214881862
223589,223597,225275,8,1678,2,9000,1.00476758045
223600,223619,225262,19,1643,2,9000,1.01156421181
223622,223635,225283,13,1648,2,9000,1.00788834951
223632,223644,225325,12,1681,2,9000,1.00713860797
223643,223659,225319,16,1660,2,9000,1.00963855422
223664,223675,225311,11,1636,2,9000,1.00672371638
223675,223682,225340,7,1658,2,9000,1.00422195416
223687,223694,225386,7,1692,2,9000,1.00413711584
223697,223705,225380,8,1675,2,9000,1.0047761194
223708,223721,225391,13,1670,2,9000,1.00778443114
223719,223728,225410,9,1682,2,9000,1.00535077289
223730,223741,225435,11,1694,2,9000,1.00649350649
223741,223748,225471,7,1723,2,9000,1.00406268137
223752,223761,225437,9,1676,2,9000,1.0053699284
223763,223769,225464,6,1695,2,9000,1.00353982301
223774,223786,225518,12,1732,2,9000,1.00692840647
223784,223794,225473,10,1679,2,9000,1.00595592615
223795,223802,225503,7,1701,2,9000,1.00411522634
223806,223813,225507,7,1694,2,9000,1.0041322314
223817,223827,225521,10,1694,2,9000,1.00590318772
223828,223835,225524,7,1689,2,9000,1.00414446418
223839,223868,225547,29,1679,2,9000,1.01727218582
223870,223890,225590,20,1700,2,9000,1.01176470588
223892,224562,226279,670,1717,2,9000,1.39021549214
224562,225261,226953,699,1692,2,9000,1.41312056738
225261,225274,226973,13,1699,2,9000,1.00765155974
225272,225286,226994,14,1708,2,9000,1.00819672131
225277,228339,231968,3062,3629,32,3600,1.84375861119
225283,225294,227006,11,1712,2,9000,1.00642523364
225294,225301,227013,7,1712,2,9000,1.00408878505
225305,225329,227076,24,1747,2,9000,1.01373783629
225326,225348,227090,22,1742,2,9000,1.01262916188
225347,225356,227065,9,1709,2,9000,1.00526623757
225358,225368,227084,10,1716,2,9000,1.00582750583
225369,225400,227146,31,1746,2,9000,1.01775486827
225401,225420,227085,19,1665,2,9000,1.01141141141
225422,225430,227143,8,1713,2,9000,1.00467016929
225433,225450,227139,17,1689,2,9000,1.01006512729
225454,225472,227157,18,1685,2,9000,1.01068249258
225475,225502,227226,27,1724,2,9000,1.0156612529
225507,225526,227243,19,1717,2,9000,1.01106581246
225528,225540,227267,12,1727,2,9000,1.00694846555
225538,225553,227253,15,1700,2,9000,1.00882352941
225549,225565,227303,16,1738,2,9000,1.00920598389
225570,225577,227287,7,1710,2,9000,1.00409356725
225581,225588,227282,7,1694,2,9000,1.0041322314
225592,225599,227277,7,1678,2,9000,1.0041716329
225603,225615,227316,12,1701,2,9000,1.00705467372
225614,225622,227288,8,1666,2,9000,1.00480192077
225624,225631,227324,7,1693,2,9000,1.00413467218
225635,225642,227341,7,1699,2,9000,1.00412007063
225646,225653,227369,7,1716,2,9000,1.00407925408
225657,225664,227411,7,1747,2,9000,1.00400686892
225668,225675,227400,7,1725,2,9000,1.00405797101
225678,225685,227423,7,1738,2,9000,1.00402761795
225689,225696,227427,7,1731,2,9000,1.00404390526
225700,225707,227446,7,1739,2,9000,1.0040253019
225711,225718,227410,7,1692,2,9000,1.00413711584
225721,225728,227458,7,1730,2,9000,1.00404624277
225732,225739,227453,7,1714,2,9000,1.004084014
225743,225750,227487,7,1737,2,9000,1.00402993667
225754,225761,227479,7,1718,2,9000,1.00407450524
225765,225772,227430,7,1658,2,9000,1.00422195416
225776,225783,227459,7,1676,2,9000,1.00417661098
225786,225794,227480,8,1686,2,9000,1.00474495848
225797,225804,227502,7,1698,2,9000,1.00412249706
225808,225815,227507,7,1692,2,9000,1.00413711584
225819,225826,227532,7,1706,2,9000,1.0041031653
225830,225837,227532,7,1695,2,9000,1.00412979351
225841,225848,227544,7,1696,2,9000,1.00412735849
225851,225859,227580,8,1721,2,9000,1.0046484602
225854,225872,232691,18,6819,1,28800,1.00263968324
225854,225866,235236,12,9370,1,28800,1.00128068303
225855,225883,234984,28,9101,1,28800,1.00307658499
225855,225877,231432,22,5555,1,28800,1.00396039604
225856,225888,233231,32,7343,1,28800,1.00435789187
225856,225899,232651,43,6752,1,28800,1.00636848341
225856,225894,232188,38,6294,1,28800,1.00603749603
225857,225904,231540,47,5636,1,28800,1.00833924769
225857,225910,230789,53,4879,1,28800,1.01086288174
225857,225915,233753,58,7838,1,28800,1.0073998469
225858,225926,231481,68,5555,1,28800,1.01224122412
225858,225941,225965,83,24,1,28800,4.45833333333
225858,225921,232121,63,6200,1,28800,1.01016129032
225859,226055,226103,196,48,1,28800,5.08333333333
225859,226014,226030,155,16,1,28800,10.6875
225859,225982,226000,123,18,1,28800,7.83333333333
225860,226139,226515,279,376,1,28800,1.7420212766
225860,226092,226127,232,35,1,28800,7.62857142857
225860,226112,226139,252,27,1,28800,10.3333333333
225861,226166,226331,305,165,1,28800,2.84848484848
225861,226151,226315,290,164,1,28800,2.76829268293
225862,226311,226677,449,366,1,28800,2.22677595628
225862,226199,227091,337,892,1,28800,1.37780269058
225862,226234,226594,372,360,1,28800,2.03333333333
225862,225933,227681,71,1748,2,9000,1.04061784897
225863,226343,230294,480,3951,1,28800,1.12148823083
225863,226328,255138,465,28810,1,28800,1.01614022909
225863,226335,232665,472,6330,1,28800,1.07456556082
225864,226498,235730,634,9232,1,28800,1.06867417678
225864,226454,255305,590,28851,1,28800,1.02044989775
225864,226471,255284,607,28813,1,28800,1.02106687953
225865,226527,241314,662,14787,1,28800,1.0447690539
225865,226590,242122,725,15532,1,28800,1.04667782642
225865,226656,238331,791,11675,1,28800,1.067751606
225866,226692,226734,826,42,1,28800,20.6666666667
225866,226667,226811,801,144,1,28800,6.5625
225866,226684,226746,818,62,1,28800,14.1935483871
225867,226706,228504,839,1798,1,28800,1.46662958843
225867,226746,227076,879,330,1,28800,3.66363636364
225868,226758,227075,890,317,1,28800,3.80757097792
225868,226823,236039,955,9216,1,28800,1.10362413194
225868,226847,228598,979,1751,1,28800,1.55910908053
225869,226926,228313,1057,1387,1,28800,1.76207642394
225935,225949,227645,14,1696,2,9000,1.00825471698
225946,225956,227657,10,1701,2,9000,1.00587889477
225956,225964,227705,8,1741,2,9000,1.00459506031
225967,225975,227681,8,1706,2,9000,1.00468933177
225968,226996,228328,1028,1332,1,28800,1.77177177177
225968,227041,228304,1073,1263,1,28800,1.8495645289
225968,226933,230654,965,3721,1,28800,1.2593388874
225969,227087,239431,1118,12344,1,28800,1.09057031756
225969,227100,230369,1131,3269,1,28800,1.34597736311
225970,227164,236136,1194,8972,1,28800,1.1330806955
225970,227113,229904,1143,2791,1,28800,1.40953063418
225970,227159,255965,1189,28806,1,28800,1.04127612303
225971,227228,235169,1257,7941,1,28800,1.1582924065
225971,227265,228794,1294,1529,1,28800,1.84630477436
225971,227246,230169,1275,2923,1,28800,1.43619568936
225972,227296,235238,1324,7942,1,28800,1.16670863762
225972,227302,230547,1330,3245,1,28800,1.40986132512
225972,227271,228720,1299,1449,1,28800,1.89648033126
225973,227319,254970,1346,27651,1,28800,1.04867816715
225973,227314,230387,1341,3073,1,28800,1.43638138627
225973,227326,236785,1353,9459,1,28800,1.14303837615
225974,227339,229939,1365,2600,1,28800,1.525
225974,227332,236805,1358,9473,1,28800,1.14335479785
225975,227352,228430,1377,1078,1,28800,2.27736549165
225975,227361,233985,1386,6624,1,28800,1.20923913043
225975,227345,228534,1370,1189,1,28800,2.15222876367
225976,227390,240645,1414,13255,1,28800,1.10667672576
225976,227374,229904,1398,2530,1,28800,1.55256916996
225976,227367,230317,1391,2950,1,28800,1.47152542373
225977,227396,234613,1419,7217,1,28800,1.19661909381
225977,227427,231743,1450,4316,1,28800,1.3359592215
225977,227421,234062,1444,6641,1,28800,1.21743713296
225978,227434,228654,1456,1220,1,28800,2.19344262295
225978,225989,227698,11,1709,2,9000,1.00643651258
225978,227440,228714,1462,1274,1,28800,2.147566719
225978,227445,233923,1467,6478,1,28800,1.22645878358
225979,227450,229941,1471,2491,1,28800,1.59052589322
225979,227458,230178,1479,2720,1,28800,1.54375
225979,227463,251102,1484,23639,1,28800,1.06277761327
225980,227474,235850,1494,8376,1,28800,1.17836676218
225980,227469,236104,1489,8635,1,28800,1.17243775333
225981,227493,227548,1512,55,1,28800,28.4909090909
225981,227498,228297,1517,799,1,28800,2.8986232791
225981,227485,227526,1504,41,1,28800,37.6829268293
225981,227479,227583,1498,104,1,28800,15.4038461538
225982,227503,227651,1521,148,1,28800,11.277027027
225983,227514,243570,1531,16056,1,28800,1.09535376183
225983,227519,230702,1536,3183,1,28800,1.48256361923
225983,227509,227726,1526,217,1,28800,8.03225806452
225984,227530,256368,1546,28838,1,28800,1.05360982038
225984,227524,231264,1540,3740,1,28800,1.41176470588
225984,227535,242654,1551,15119,1,28800,1.10258614988
225985,227543,242648,1558,15105,1,28800,1.10314465409
225985,227548,256360,1563,28812,1,28800,1.0542482299
225986,227559,256373,1573,28814,1,28800,1.05459151801
225986,227565,256377,1579,28812,1,28800,1.05480355407
225986,227553,256360,1567,28807,1,28800,1.05439650085
225987,227575,256389,1588,28814,1,28800,1.05511209829
225987,227581,256397,1594,28816,1,28800,1.05531649084
225987,227570,256385,1583,28815,1,28800,1.05493666493
225988,227591,256426,1603,28835,1,28800,1.0555921623
225988,227586,256403,1598,28817,1,28800,1.05545337821
225988,227597,229371,1609,1774,1,28800,1.90698985344
225989,225995,227660,6,1665,2,9000,1.0036036036
225989,227610,227718,1621,108,1,28800,16.0092592593
225989,227615,256428,1626,28813,1,28800,1.05643286017
225989,227604,227779,1615,175,1,28800,10.2285714286
225990,227630,233511,1640,5881,1,28800,1.27886413875
225990,227624,235885,1634,8261,1,28800,1.19779687689
225990,227635,256441,1645,28806,1,28800,1.05710615844
225991,227640,237147,1649,9507,1,28800,1.17345114126
225991,227646,248503,1655,20857,1,28800,1.07934985856
226000,226007,227680,7,1673,2,9000,1.00418410042
226011,226023,227683,12,1660,2,9000,1.00722891566
226022,226036,227723,14,1687,2,9000,1.00829875519
226033,226043,227749,10,1706,2,9000,1.00586166471
226044,226119,227816,75,1697,2,9000,1.04419563936
226117,226182,227910,65,1728,2,9000,1.03761574074
226179,226292,228003,113,1711,2,9000,1.06604324956
226293,226606,228318,313,1712,2,9000,1.1828271028
226603,226965,236004,362,9039,2,9000,1.04004867795
226878,839965,1444803,613087,604838,9,604800,2.01363836267
226964,226985,236002,21,9017,2,9000,1.00232893424
226985,227006,236028,21,9022,2,9000,1.00232764354
227006,227018,236021,12,9003,2,9000,1.00133288904
227017,227025,236064,8,9039,2,9000,1.00088505366
227028,227077,236087,49,9010,2,9000,1.00543840178
227080,227095,236110,15,9015,2,9000,1.00166389351
227091,227108,236124,17,9016,2,9000,1.00188553682
227112,227120,233152,8,6032,2,9000,1.00132625995
227123,227130,233673,7,6543,2,9000,1.00106984564
227134,227151,236198,17,9047,2,9000,1.00187907594
227155,227171,233673,16,6502,2,9000,1.0024607813
227176,227183,236205,7,9022,2,9000,1.00077588118
227187,227208,236242,21,9034,2,9000,1.00232455169
227208,227238,236258,30,9020,2,9000,1.00332594235
227239,227256,236265,17,9009,2,9000,1.00188700189
227260,227279,236283,19,9004,2,9000,1.00211017326
227282,227289,236297,7,9008,2,9000,1.00077708703
227293,227309,227311,16,2,2,9000,1.8
228373,228613,247148,240,18535,8,57600,1.01294847586
228387,228845,229830,458,985,8,57600,1.46497461929
228410,229842,248317,1432,18475,8,57600,1.07751014885
229545,229566,245483,21,15917,2,43200,1.0013193441
230200,230206,291450,6,61244,6,61200,1.00009796878
230214,230223,237280,9,7057,2,43200,1.00127532946
230744,231980,269114,1236,37134,32,43200,1.03328486024
231135,231142,288763,7,57621,1,57600,1.00012148349
231360,231366,231448,6,82,16,60,1.07317073171
231624,231631,231700,7,69,16,60,1.10144927536
231793,231799,231881,6,82,16,60,1.07317073171
231938,231945,231946,7,1,16,60,1.0
231989,231995,232074,6,79,16,60,1.07594936709
232071,232077,234651,6,2574,2,14400,1.00233100233
232078,232086,232164,8,78,16,60,1.10256410256
232506,232513,232614,7,101,16,60,1.06930693069
232543,232550,234540,7,1990,2,14400,1.00351758794
232625,232632,232704,7,72,16,60,1.09722222222
232954,232960,233032,6,72,16,60,1.08333333333
233090,233097,233168,7,71,16,60,1.0985915493
233359,233365,233373,6,8,1,30,1.4
233471,233479,233485,8,6,1,30,1.4
233793,233859,233874,66,15,1,30,5.4
233915,233922,235630,7,1708,2,9000,1.00409836066
233916,233927,235638,11,1711,2,9000,1.0064289889
233926,233933,235637,7,1704,2,9000,1.00410798122
233927,233939,235643,12,1704,2,9000,1.00704225352
233937,233946,235655,9,1709,2,9000,1.00526623757
233938,233951,235648,13,1697,2,9000,1.00766057749
233949,233963,235671,14,1708,2,9000,1.00819672131
233949,233958,235668,9,1710,2,9000,1.00526315789
233960,233975,235716,15,1741,2,9000,1.00861573808
233960,233970,235671,10,1701,2,9000,1.00587889477
233971,233982,235653,11,1671,2,9000,1.0065828845
233971,233987,235731,16,1744,2,9000,1.00917431193
233982,233994,235689,12,1695,2,9000,1.00707964602
233983,233999,235698,16,1699,2,9000,1.0094173043
233993,234006,235720,13,1714,2,9000,1.00758459743
234004,234013,235718,9,1705,2,9000,1.00527859238
234005,234625,236359,620,1734,2,9000,1.35755478662
234016,234664,236346,648,1682,2,9000,1.38525564804
234267,234274,234281,7,7,1,30,1.4
234324,234331,234358,7,27,1,30,1.25925925926
234334,234552,238160,218,3608,2,14400,1.06042128603
234620,235010,236724,390,1714,2,9000,1.22753792299
234662,235182,236893,520,1711,2,9000,1.30391583869
234683,234997,234998,314,1,2,14400,31.5
234910,234934,234941,24,7,1,30,3.1
235011,235250,236960,239,1710,2,9000,1.13976608187
235116,235122,235130,6,8,1,30,1.4
235185,235650,237334,465,1684,2,9000,1.27612826603
235247,235655,237342,408,1687,2,9000,1.24184943687
235356,235862,235869,506,7,1,30,51.3
235395,235643,243155,248,7512,2,14400,1.03301384452
235647,235663,237359,16,1696,2,9000,1.00943396226
235658,235670,237380,12,1710,2,9000,1.00701754386
235668,235677,237390,9,1713,2,9000,1.00525394046
235669,235682,237395,13,1713,2,9000,1.0075890251
235680,235689,237398,9,1709,2,9000,1.00526623757
235680,235694,237400,14,1706,2,9000,1.0082063306
235691,235707,237383,16,1676,2,9000,1.00954653938
235691,235702,237396,11,1694,2,9000,1.00649350649
235702,235714,237432,12,1718,2,9000,1.00698486612
235713,235729,237437,16,1708,2,9000,1.0093676815
235713,235736,237415,23,1679,2,9000,1.01369863014
235734,235743,237459,9,1716,2,9000,1.00524475524
235735,235748,237441,13,1693,2,9000,1.0076786769
235745,235772,237457,27,1685,2,9000,1.01602373887
235746,235898,237572,152,1674,2,9000,1.0908004779
235777,236014,237693,237,1679,2,9000,1.14115544967
235901,236020,237704,119,1684,2,9000,1.07066508314
236014,236034,237730,20,1696,2,9000,1.01179245283
236025,236041,237727,16,1686,2,9000,1.00948991696
236036,236076,237760,40,1684,2,9000,1.02375296912
236046,236099,237795,53,1696,2,9000,1.03125
236078,236116,237821,38,1705,2,9000,1.02228739003
236099,236123,237793,24,1670,2,9000,1.01437125749
236120,236136,237819,16,1683,2,9000,1.00950683304
236120,236210,237883,90,1673,2,9000,1.05379557681
236129,236230,237193,101,963,1,14400,1.10488058152
236129,236149,236913,20,764,1,14400,1.02617801047
236130,236694,237798,564,1104,1,14400,1.51086956522
236130,236797,238341,667,1544,1,14400,1.43199481865
236130,236817,236922,687,105,1,14400,7.54285714286
236131,236925,237704,794,779,1,14400,2.01925545571
236131,236934,244692,803,7758,1,14400,1.10350605826
236131,237159,238146,1028,987,1,14400,2.04154002026
236132,237270,238208,1138,938,1,14400,2.2132196162
236132,237205,238859,1073,1654,1,14400,1.64873035067
236132,237844,239600,1712,1756,1,14400,1.97494305239
236132,237745,240255,1613,2510,1,14400,1.64262948207
236133,238197,238198,2064,1,1,14400,206.5
236133,238217,238624,2084,407,1,14400,6.12039312039
236133,238158,239535,2025,1377,1,14400,2.47058823529
236134,238353,239516,2219,1163,1,14400,2.90799656062
236134,238224,238371,2090,147,1,14400,15.2176870748
236134,238343,238526,2209,183,1,14400,13.0710382514
236134,238383,242464,2249,4081,1,14400,1.55109041901
236135,238649,240335,2514,1686,1,14400,2.49110320285
236135,238538,238948,2403,410,1,14400,6.86097560976
236136,238960,240525,2824,1565,1,14400,2.80447284345
236136,238871,239633,2735,762,1,14400,4.58923884514
236136,239198,239278,3062,80,1,14400,39.275
236137,239267,239392,3130,125,1,14400,26.04
236137,239290,239291,3153,1,1,14400,315.4
236138,239328,243287,3190,3959,1,14400,1.80575903006
236138,239418,242389,3280,2971,1,14400,2.10400538539
236138,239404,239405,3266,1,1,14400,326.7
236139,239480,240550,3341,1070,1,14400,4.12242990654
236139,239459,239460,3320,1,1,14400,332.1
236139,239443,239444,3304,1,1,14400,330.5
236140,239555,239556,3415,1,1,14400,341.6
236141,239563,243185,3422,3622,1,14400,1.94478188846
236141,239570,241109,3429,1539,1,14400,3.22807017544
236141,239612,241910,3471,2298,1,14400,2.51044386423
236141,236217,237921,76,1704,2,9000,1.04460093897
236142,240537,243141,4395,2604,1,14400,2.68778801843
236142,239650,240742,3508,1092,1,14400,4.21245421245
236142,240267,241257,4125,990,1,14400,5.16666666667
236142,240347,241988,4205,1641,1,14400,3.56246191347
236143,240657,243150,4514,2493,1,14400,2.81066987565
236143,240562,242119,4419,1557,1,14400,3.83815028902
236143,240754,242856,4611,2102,1,14400,3.19362511893
236144,241121,241122,4977,1,1,14400,497.8
236145,241199,255607,5054,14408,1,14400,1.35077734592
236145,241287,241288,5142,1,1,14400,514.3
236145,241184,241185,5039,1,1,14400,504.0
236146,241326,242678,5180,1352,1,14400,4.83136094675
236146,241315,242726,5169,1411,1,14400,4.66335931963
236147,242005,242006,5858,1,1,14400,585.9
236147,241936,243056,5789,1120,1,14400,6.16875
236148,242043,242044,5895,1,1,14400,589.6
236149,242095,242096,5946,1,1,14400,594.7
236150,242131,242132,5981,1,1,14400,598.2
236151,242195,242196,6044,1,1,14400,604.5
236151,242182,242183,6031,1,1,14400,603.2
236152,242406,244816,6254,2410,1,14400,3.59502074689
236152,242486,253166,6334,10680,1,14400,1.59307116105
236152,242208,243070,6056,862,1,14400,8.02552204176
236152,242662,245707,6510,3045,1,14400,3.13793103448
236153,242738,245536,6585,2798,1,14400,3.35346676197
236153,242690,246651,6537,3961,1,14400,2.65034082302
236153,242669,244945,6516,2276,1,14400,3.86291739895
236153,242877,247170,6724,4293,1,14400,2.56627067319
236154,243082,244577,6928,1495,1,14400,5.63411371237
236154,243068,245194,6914,2126,1,14400,4.25211665099
236154,243158,244292,7004,1134,1,14400,7.17636684303
236155,243165,243942,7010,777,1,14400,10.0218790219
236155,243299,244518,7144,1219,1,14400,6.8605414274
236155,243582,245054,7427,1472,1,14400,6.04551630435
236155,243197,243979,7042,782,1,14400,10.0051150895
236156,243954,244992,7798,1038,1,14400,8.51252408478
236157,244304,253077,8147,8773,1,14400,1.92864470535
236157,244031,245029,7874,998,1,14400,8.88977955912
236157,244245,244248,8088,3,1,14400,809.1
236157,244530,246584,8373,2054,1,14400,5.07643622201
236158,244542,245681,8384,1139,1,14400,8.3608428446
236158,244643,244644,8485,1,1,14400,848.6
236158,244638,244639,8480,1,1,14400,848.1
236159,244649,247257,8490,2608,1,14400,4.25536809816
236159,244659,244660,8500,1,1,14400,850.1
236159,244654,246990,8495,2336,1,14400,4.63655821918
236160,244670,244671,8510,1,1,14400,851.1
236160,244681,245757,8521,1076,1,14400,8.91914498141
236160,244665,246650,8505,1985,1,14400,5.28463476071
236161,244686,244687,8525,1,1,14400,852.6
236161,244692,244693,8531,1,1,14400,853.2
236161,244751,246053,8590,1302,1,14400,7.5975422427
236162,244708,247606,8546,2898,1,14400,3.94893029676
236162,244762,255731,8600,10969,1,14400,1.78402771447
236162,244697,244698,8535,1,1,14400,853.6
236162,244702,246407,8540,1705,1,14400,6.00879765396
236163,244719,250054,8556,5335,1,14400,2.60374882849
236163,244713,244714,8550,1,1,14400,855.1
236163,244724,244725,8561,1,1,14400,856.2
236164,244746,247223,8582,2477,1,14400,4.46467501009
236164,244735,246654,8571,1919,1,14400,5.46638874414
236164,244729,244844,8565,115,1,14400,75.4782608696
236164,244740,248227,8576,3487,1,14400,3.45942070548
236165,244796,245929,8631,1133,1,14400,8.61782877317
236165,244790,244791,8625,1,1,14400,862.6
236165,244756,246114,8591,1358,1,14400,7.32621502209
236166,244814,245668,8648,854,1,14400,11.1264637002
236166,244779,245946,8613,1167,1,14400,8.38046272494
236166,244767,248501,8601,3734,1,14400,3.30342795929
236166,244774,248103,8608,3329,1,14400,3.58576148994
236167,244830,259269,8663,14439,1,14400,1.59997229725
236167,244819,245350,8652,531,1,14400,17.2937853107
236167,244825,255563,8658,10738,1,14400,1.80629539952
236167,244785,244786,8618,1,1,14400,861.9
236168,244841,247748,8673,2907,1,14400,3.98348813209
236168,244846,244997,8678,151,1,14400,58.4701986755
236168,244835,247821,8667,2986,1,14400,3.90254521098
236169,244862,246131,8693,1269,1,14400,7.85027580772
236169,244852,245356,8683,504,1,14400,18.2281746032
236169,244868,246434,8699,1566,1,14400,6.55491698595
236169,244857,244858,8688,1,1,14400,868.9
236170,244873,246514,8703,1641,1,14400,6.30347349177
236170,244895,246077,8725,1182,1,14400,8.38155668359
236170,244878,246155,8708,1277,1,14400,7.81910728269
236170,244884,246037,8714,1153,1,14400,8.55767562879
236171,244889,247297,8718,2408,1,14400,4.62043189369
236171,244900,251074,8729,6174,1,14400,2.41383219955
236171,244905,244906,8734,1,1,14400,873.5
236172,244934,246498,8762,1564,1,14400,6.60230179028
236172,244944,246640,8772,1696,1,14400,6.17216981132
236172,244928,246021,8756,1093,1,14400,9.010978957
236172,244939,246065,8767,1126,1,14400,8.78596802842
236173,244957,246352,8784,1395,1,14400,7.29677419355
236173,244965,244966,8792,1,1,14400,879.3
236174,244991,245292,8817,301,1,14400,30.292358804
236174,245004,246397,8830,1393,1,14400,7.33883704235
236175,245036,245037,8861,1,1,14400,886.2
236175,245043,245044,8868,1,1,14400,886.9
236176,245050,247015,8874,1965,1,14400,5.51603053435
236176,245066,245287,8890,221,1,14400,41.2262443439
236176,245057,249755,8881,4698,1,14400,2.89037888463
236176,245206,245896,9030,690,1,14400,14.0869565217
236177,245306,246780,9129,1474,1,14400,7.19335142469
236177,245362,245966,9185,604,1,14400,16.2069536424
236177,245299,248771,9122,3472,1,14400,3.62730414747
236178,245908,246159,9730,251,1,14400,39.764940239
236178,245382,247822,9204,2440,1,14400,4.77213114754
236178,245947,247390,9769,1443,1,14400,7.76992376992
236179,245548,252586,9369,7038,1,14400,2.33120204604
236179,245986,245987,9807,1,1,14400,980.8
236179,245966,245968,9787,2,1,14400,978.9
236180,245763,248087,9583,2324,1,14400,5.1234939759
236180,246000,247650,9820,1650,1,14400,6.95151515152
236180,245769,246477,9589,708,1,14400,14.5437853107
236180,245719,247155,9539,1436,1,14400,7.64275766017
236181,246033,246928,9852,895,1,14400,12.0078212291
236181,246049,252820,9868,6771,1,14400,2.45739181805
236181,246065,248866,9884,2801,1,14400,4.52873973581
236181,246077,249768,9896,3691,1,14400,3.68111622866
236182,246103,258690,9921,12587,1,14400,1.78819416859
236182,246090,246091,9908,1,1,14400,990.9
236182,246180,246455,9998,275,1,14400,37.3563636364
236183,246126,247790,9943,1664,1,14400,6.97536057692
236183,246143,248842,9960,2699,1,14400,4.69025565024
236183,246167,248082,9984,1915,1,14400,6.2135770235
236183,246199,246787,10016,588,1,14400,18.0340136054
236184,246419,260832,10235,14413,1,14400,1.7101228058
236184,246364,248898,10180,2534,1,14400,5.01736385162
236184,246409,247467,10225,1058,1,14400,10.6644612476
236184,246205,248074,10021,1869,1,14400,6.36169074371
236185,246446,250939,10261,4493,1,14400,3.28377476074
236185,247309,248757,11124,1448,1,14400,8.68232044199
236185,248069,249127,11884,1058,1,14400,12.2325141777
236185,247270,250153,11085,2883,1,14400,4.84495317378
236186,246470,249897,10284,3427,1,14400,4.00087540123
236186,246510,246511,10324,1,1,14400,1032.5
236186,246489,246638,10303,149,1,14400,70.1476510067
236187,246572,246574,10385,2,1,14400,1038.7
236187,246537,248418,10350,1881,1,14400,6.5023923445
236187,246530,249451,10343,2921,1,14400,4.54091064704
236188,246612,249232,10424,2620,1,14400,4.9786259542
236188,246617,248185,10429,1568,1,14400,7.65114795918
236188,246601,249038,10413,2437,1,14400,5.27287648748
236188,246606,246607,10418,1,1,14400,1041.9
236189,246657,247063,10468,406,1,14400,26.7832512315
236190,246724,248056,10534,1332,1,14400,8.90840840841
236191,246940,247536,10749,596,1,14400,19.0352348993
236191,246800,251790,10609,4990,1,14400,3.12605210421
236191,246793,247696,10602,903,1,14400,12.7408637874
236191,247002,247551,10811,549,1,14400,20.6921675774
236192,247165,247871,10973,706,1,14400,16.5424929178
236192,247076,248758,10884,1682,1,14400,7.47086801427
236192,247028,249024,10836,1996,1,14400,6.42885771543
236192,247160,247660,10968,500,1,14400,22.936
236193,247188,251606,10995,4418,1,14400,3.48868266184
236193,247171,248394,10978,1223,1,14400,9.97628781684
236193,247182,250367,10989,3185,1,14400,4.45023547881
236193,247176,250869,10983,3693,1,14400,3.97400487409
236194,247193,247547,10999,354,1,14400,32.0706214689
236194,247199,248466,11005,1267,1,14400,9.68587213891
236194,247235,248930,11041,1695,1,14400,7.51386430678
236195,247421,248354,11226,933,1,14400,13.0321543408
236195,247548,247549,11353,1,1,14400,1135.4
236195,247402,247403,11207,1,1,14400,1120.8
236195,247475,257451,11280,9976,1,14400,2.13071371291
236196,247562,250848,11366,3286,1,14400,4.45891661595
236196,247619,249502,11423,1883,1,14400,7.0663834307
236196,247575,248478,11379,903,1,14400,13.6013289037
236196,247568,249181,11372,1613,1,14400,8.05021698698
236197,247650,262067,11453,14417,1,14400,1.79440937782
236197,247708,252515,11511,4807,1,14400,3.39463282713
236197,247664,248881,11467,1217,1,14400,10.4223500411
236198,247831,250823,11633,2992,1,14400,4.88803475936
236198,247763,247885,11565,122,1,14400,95.7950819672
236198,247884,248162,11686,278,1,14400,43.035971223
236198,247807,247808,11609,1,1,14400,1161.0
236199,247896,248891,11697,995,1,14400,12.7557788945
236199,248086,252146,11887,4060,1,14400,3.92783251232
236200,248115,248364,11915,249,1,14400,48.8514056225
236200,248101,248685,11901,584,1,14400,21.3784246575
236200,248108,249545,11908,1437,1,14400,9.28670842032
236201,248240,252246,12039,4006,1,14400,4.00524213679
236201,248197,250170,11996,1973,1,14400,7.08008109478
236201,248187,248415,11986,228,1,14400,53.5701754386
236202,248340,249996,12138,1656,1,14400,8.32971014493
236202,248345,250198,12143,1853,1,14400,7.55315704263
236202,248351,249973,12149,1622,1,14400,8.49013563502
236202,248334,250949,12132,2615,1,14400,5.63938814532
236203,248362,252026,12159,3664,1,14400,4.31850436681
236203,248427,249854,12224,1427,1,14400,9.56622284513
236203,248356,249420,12153,1064,1,14400,12.4219924812
236204,248406,251429,12202,3023,1,14400,5.03638769434
236204,248513,252728,12309,4215,1,14400,3.92028469751
236204,248381,249963,12177,1582,1,14400,8.69721871049
236204,248374,251262,12170,2888,1,14400,5.21398891967
236205,248478,250079,12273,1601,1,14400,8.66583385384
236205,248434,249466,12229,1032,1,14400,12.8498062016
236205,248491,251870,12286,3379,1,14400,4.6359869784
236206,248697,248976,12491,279,1,14400,45.770609319
236206,248520,250568,12314,2048,1,14400,7.0126953125
236206,248769,249176,12563,407,1,14400,31.8673218673
236207,248879,249500,12672,621,1,14400,21.4057971014
236207,248783,250844,12576,2061,1,14400,7.1018922853
236207,248862,250713,12655,1851,1,14400,7.83684494868
236207,248776,249738,12569,962,1,14400,14.0654885655
236208,248910,248911,12702,1,1,14400,1270.3
236208,248903,250206,12695,1303,1,14400,10.7429009977
236208,248893,251030,12685,2137,1,14400,6.93589143659
236209,248923,249201,12714,278,1,14400,46.7338129496
236209,248988,250309,12779,1321,1,14400,10.6737320212
236209,248942,250208,12733,1266,1,14400,11.0576619273
236209,249037,250420,12828,1383,1,14400,10.2754880694
236210,249050,249717,12840,667,1,14400,20.2503748126
236210,249140,249279,12930,139,1,14400,94.0215827338
236210,249101,249205,12891,104,1,14400,124.951923077
236210,249096,253222,12886,4126,1,14400,4.12312166747
236211,249213,250291,13002,1078,1,14400,13.0612244898
236211,249200,249891,12989,691,1,14400,19.7973950796
236211,249188,249273,12977,85,1,14400,153.670588235
236212,249283,257783,13071,8500,1,14400,2.53776470588
236212,249244,251548,13032,2304,1,14400,6.65625
236212,249290,252026,13078,2736,1,14400,5.77997076023
236212,249220,254520,13008,5300,1,14400,3.45433962264
236214,236254,237945,40,1691,2,9000,1.02365464222
236214,236270,237952,56,1682,2,9000,1.03329369798
236256,236277,237962,21,1685,2,9000,1.01246290801
236267,236295,237966,28,1671,2,9000,1.01675643327
236278,236309,238003,31,1694,2,9000,1.01829988194
236300,236358,238049,58,1691,2,9000,1.03429923122
236311,236372,238065,61,1693,2,9000,1.03603071471
236363,236736,238418,373,1682,2,9000,1.22175980975
236374,236905,238598,531,1693,2,9000,1.31364441819
236737,236973,238642,236,1669,2,9000,1.14140203715
236903,237292,238977,389,1685,2,9000,1.23086053412
236976,237346,239008,370,1662,2,9000,1.22262334537
237288,237354,239022,66,1668,2,9000,1.03956834532
237350,237371,239059,21,1688,2,9000,1.01244075829
237351,237392,239097,41,1705,2,9000,1.02404692082
237372,237399,239103,27,1704,2,9000,1.01584507042
237393,237406,239095,13,1689,2,9000,1.00769686205
237404,237413,239110,9,1697,2,9000,1.00530347672
237405,237419,239117,14,1698,2,9000,1.00824499411
237416,237431,239110,15,1679,2,9000,1.00893388922
237416,237426,239124,10,1698,2,9000,1.00588928151
237427,237438,239118,11,1680,2,9000,1.00654761905
237428,237445,239098,17,1653,2,9000,1.01028433152
237439,237452,239119,13,1667,2,9000,1.00779844031
237450,237459,239127,9,1668,2,9000,1.00539568345
237451,237468,239157,17,1689,2,9000,1.01006512729
237461,237476,239172,15,1696,2,9000,1.00884433962
237472,237584,239268,112,1684,2,9000,1.06650831354
237473,237705,239393,232,1688,2,9000,1.13744075829
237588,237716,239417,128,1701,2,9000,1.07524985303
237702,237740,239451,38,1711,2,9000,1.02220923437
237713,237753,239440,40,1687,2,9000,1.0237107291
237745,237772,239451,27,1679,2,9000,1.0160810006
237756,237805,239485,49,1680,2,9000,1.02916666667
237777,237812,239480,35,1668,2,9000,1.02098321343
237809,237831,239486,22,1655,2,9000,1.01329305136
237809,237838,239496,29,1658,2,9000,1.01749095296
237831,237895,239565,64,1670,2,9000,1.03832335329
237842,237934,239625,92,1691,2,9000,1.05440567711
237894,237957,239633,63,1676,2,9000,1.03758949881
237936,237965,239661,29,1696,2,9000,1.0170990566
237958,237974,239660,16,1686,2,9000,1.00948991696
237968,237981,239648,13,1667,2,9000,1.00779844031
237979,238016,239687,37,1671,2,9000,1.02214242968
237980,238061,239730,81,1669,2,9000,1.04853205512
238012,238077,239745,65,1668,2,9000,1.03896882494
238064,238172,239847,108,1675,2,9000,1.06447761194
238075,238430,240096,355,1666,2,9000,1.21308523409
238428,238609,240275,181,1666,2,9000,1.10864345738
238605,238656,240326,51,1670,2,9000,1.03053892216
238647,238989,240664,342,1675,2,9000,1.20417910448
238978,239020,240701,42,1681,2,9000,1.0249851279
239010,239034,240710,24,1676,2,9000,1.01431980907
239031,239072,240744,41,1672,2,9000,1.0245215311
239063,239108,240788,45,1680,2,9000,1.02678571429
239105,239115,240786,10,1671,2,9000,1.00598444045
239106,239120,240788,14,1668,2,9000,1.00839328537
239117,239134,240801,17,1667,2,9000,1.01019796041
239117,239128,240801,11,1673,2,9000,1.00657501494
239128,239141,240805,13,1664,2,9000,1.0078125
239139,239148,240808,9,1660,2,9000,1.00542168675
239140,239153,240828,13,1675,2,9000,1.00776119403
239150,239160,240820,10,1660,2,9000,1.00602409639
239151,239165,240841,14,1676,2,9000,1.00835322196
239162,239172,240882,10,1710,2,9000,1.00584795322
239163,239177,240853,14,1676,2,9000,1.00835322196
239174,239280,240961,106,1681,2,9000,1.06305770375
239174,239184,240845,10,1661,2,9000,1.0060204696
239278,239411,241077,133,1666,2,9000,1.07983193277
239403,239429,241129,26,1700,2,9000,1.01529411765
239424,239452,241116,28,1664,2,9000,1.01682692308
239446,239467,241122,21,1655,2,9000,1.01268882175
239457,239472,241123,15,1651,2,9000,1.00908540279
239468,239492,241160,24,1668,2,9000,1.01438848921
239489,239499,241173,10,1674,2,9000,1.00597371565
239490,239504,241162,14,1658,2,9000,1.00844390832
239501,239511,241188,10,1677,2,9000,1.00596302922
239501,239577,241243,76,1666,2,9000,1.0456182473
239574,239637,241281,63,1644,2,9000,1.03832116788
239627,239645,241262,18,1617,2,9000,1.01113172542
239638,239660,241254,22,1594,2,9000,1.01380175659
239649,239672,241332,23,1660,2,9000,1.01385542169
239670,239679,241334,9,1655,2,9000,1.00543806647
239671,239699,241368,28,1669,2,9000,1.01677651288
239692,239743,241400,51,1657,2,9000,1.03077851539
239734,239757,241419,23,1662,2,9000,1.0138387485
239745,239859,241526,114,1667,2,9000,1.06838632274
239849,240108,241776,259,1668,2,9000,1.15527577938
240098,240287,241938,189,1651,2,9000,1.11447607511
240285,240338,241988,53,1650,2,9000,1.03212121212
240327,240676,242306,349,1630,2,9000,1.21411042945
240668,240713,242380,45,1667,2,9000,1.02699460108
240710,240723,242386,13,1663,2,9000,1.00781719784
240711,240761,242432,50,1671,2,9000,1.02992220227
240753,240798,242488,45,1690,2,9000,1.02662721893
240795,240805,242459,10,1654,2,9000,1.00604594921
240795,240810,242473,15,1663,2,9000,1.00901984366
240806,240817,242455,11,1638,2,9000,1.00671550672
240807,240822,242478,15,1656,2,9000,1.00905797101
240818,240830,242467,12,1637,2,9000,1.00733048259
240819,240836,242516,17,1680,2,9000,1.01011904762
240829,240843,242517,14,1674,2,9000,1.00836320191
240840,240850,242516,10,1666,2,9000,1.00600240096
240841,240857,242529,16,1672,2,9000,1.00956937799
240852,240871,242531,19,1660,2,9000,1.01144578313
240852,240864,242542,12,1678,2,9000,1.00715137068
240863,240895,242559,32,1664,2,9000,1.01923076923
240885,240973,242643,88,1670,2,9000,1.05269461078
240968,241089,242754,121,1665,2,9000,1.07267267267
241082,241129,242833,47,1704,2,9000,1.02758215962
241124,241136,242835,12,1699,2,9000,1.00706297822
241125,241141,242834,16,1693,2,9000,1.00945067927
241136,241154,242852,18,1698,2,9000,1.01060070671
241147,241172,242859,25,1687,2,9000,1.01481920569
241168,241179,242862,11,1683,2,9000,1.00653594771
241169,241192,242864,23,1672,2,9000,1.01375598086
241179,241206,242893,27,1687,2,9000,1.01600474215
241190,241255,242934,65,1679,2,9000,1.03871351995
241253,241266,242946,13,1680,2,9000,1.00773809524
241264,241280,242931,16,1651,2,9000,1.00969109631
241265,241295,242972,30,1677,2,9000,1.01788908766
241286,241344,243033,58,1689,2,9000,1.03433984606
241338,241351,243023,13,1672,2,9000,1.00777511962
241349,241381,243071,32,1690,2,9000,1.01893491124
241370,241413,243106,43,1693,2,9000,1.02539870053
241402,241431,243139,29,1708,2,9000,1.01697892272
241423,241539,243206,116,1667,2,9000,1.06958608278
241537,241788,243470,251,1682,2,9000,1.14922711058
241785,241950,243616,165,1666,2,9000,1.09903961585
241941,242000,243686,59,1686,2,9000,1.0349940688
241993,242138,243791,145,1653,2,9000,1.08771929825
242138,242318,244000,180,1682,2,9000,1.10701545779
242314,242392,244073,78,1681,2,9000,1.04640095181
242387,242399,244050,12,1651,2,9000,1.00726832223
242398,242444,244106,46,1662,2,9000,1.02767749699
242440,242467,244102,27,1635,2,9000,1.01651376147
242461,242474,244139,13,1665,2,9000,1.00780780781
242472,242481,244150,9,1669,2,9000,1.00539245057
242483,242493,244197,10,1704,2,9000,1.0058685446
242484,242498,244170,14,1672,2,9000,1.00837320574
242495,242505,244197,10,1692,2,9000,1.00591016548
242505,242528,244216,23,1688,2,9000,1.01362559242
242527,242540,244211,13,1671,2,9000,1.00777977259
242527,242535,244188,8,1653,2,9000,1.00483968542
242538,242547,244206,9,1659,2,9000,1.00542495479
242539,242552,244215,13,1663,2,9000,1.00781719784
242550,242560,244188,10,1628,2,9000,1.00614250614
242560,242571,244254,11,1683,2,9000,1.00653594771
242571,242655,244326,84,1671,2,9000,1.05026929982
242654,242766,244435,112,1669,2,9000,1.06710605153
242769,242845,244539,76,1694,2,9000,1.04486422668
242841,242852,244525,11,1673,2,9000,1.00657501494
242842,242857,244529,15,1672,2,9000,1.00897129187
242853,242865,244544,12,1679,2,9000,1.00714711138
242864,242872,244521,8,1649,2,9000,1.00485142511
242865,242885,244544,20,1659,2,9000,1.01205545509
242876,242890,244559,14,1669,2,9000,1.00838825644
242886,242905,244555,19,1650,2,9000,1.01151515152
242908,242943,244581,35,1638,2,9000,1.02136752137
242939,242950,244604,11,1654,2,9000,1.00665054414
242950,242957,244612,7,1655,2,9000,1.00422960725
242961,242985,244643,24,1658,2,9000,1.01447527141
242982,243035,244696,53,1661,2,9000,1.03190848886
243035,243046,244698,11,1652,2,9000,1.00665859564
243046,243089,244784,43,1695,2,9000,1.02536873156
243087,243118,244737,31,1619,2,9000,1.01914762199
243119,243151,244790,32,1639,2,9000,1.01952410006
243151,243172,244836,21,1664,2,9000,1.01262019231
243172,243219,244862,47,1643,2,9000,1.02860620816
243224,243482,245116,258,1634,2,9000,1.15789473684
243483,243628,245264,145,1636,2,9000,1.08863080685
243628,243699,245332,71,1633,2,9000,1.04347826087
243701,243803,245446,102,1643,2,9000,1.06208155813
243804,244012,245629,208,1617,2,9000,1.12863327149
244011,244062,245763,51,1701,2,9000,1.02998236332
244064,244085,245752,21,1667,2,9000,1.0125974805
244085,244114,245745,29,1631,2,9000,1.01778050276
244116,244122,245775,6,1653,2,9000,1.00362976407
244127,244152,245782,25,1630,2,9000,1.01533742331
244148,244162,245786,14,1624,2,9000,1.00862068966
244159,244182,245805,23,1623,2,9000,1.01417128774
244180,244200,245839,20,1639,2,9000,1.01220256254
244202,244208,245819,6,1611,2,9000,1.00372439479
244202,244214,245825,12,1611,2,9000,1.00744878957
244213,244221,245901,8,1680,2,9000,1.00476190476
244214,244226,245889,12,1663,2,9000,1.00721587492
244225,244239,245929,14,1690,2,9000,1.00828402367
244225,244234,245909,9,1675,2,9000,1.00537313433
244236,244260,245950,24,1690,2,9000,1.01420118343
244257,244267,245971,10,1704,2,9000,1.0058685446
244268,244338,245999,70,1661,2,9000,1.04214328718
244341,244447,246099,106,1652,2,9000,1.06416464891
244445,244537,246158,92,1621,2,9000,1.05675508945
244538,244549,246159,11,1610,2,9000,1.00683229814
244549,244561,246186,12,1625,2,9000,1.00738461538
244549,244556,246178,7,1622,2,9000,1.00431565968
244560,244568,246176,8,1608,2,9000,1.00497512438
244561,244573,246232,12,1659,2,9000,1.00723327306
244572,244581,246257,9,1676,2,9000,1.0053699284
244583,244589,246267,6,1678,2,9000,1.00357568534
244594,244608,246285,14,1677,2,9000,1.00834824091
244604,244617,246317,13,1700,2,9000,1.00764705882
244615,244624,246306,9,1682,2,9000,1.00535077289
244626,244633,246263,7,1630,2,9000,1.00429447853
244637,244803,246445,166,1642,2,9000,1.10109622412
244741,244808,246444,67,1636,2,9000,1.04095354523
244803,244918,246589,115,1671,2,9000,1.06882106523
244804,244923,246582,119,1659,2,9000,1.07172995781
244918,244952,246608,34,1656,2,9000,1.02053140097
244919,245128,246801,209,1673,2,9000,1.12492528392
245126,245277,246964,151,1687,2,9000,1.08950800237
245270,245345,247020,75,1675,2,9000,1.0447761194
245333,245458,247110,125,1652,2,9000,1.07566585956
245447,245495,247141,48,1646,2,9000,1.02916160389
245499,245641,247309,142,1668,2,9000,1.08513189448
245643,245692,247355,49,1663,2,9000,1.02946482261
245695,245757,247414,62,1657,2,9000,1.03741701871
245758,245776,247457,18,1681,2,9000,1.01070791196
245779,245788,247423,9,1635,2,9000,1.00550458716
245790,245796,247403,6,1607,2,9000,1.00373366521
245790,245804,247455,14,1651,2,9000,1.00847970927
245801,245818,247479,17,1661,2,9000,1.01023479831
245822,245831,247485,9,1654,2,9000,1.00544135429
245833,245841,247472,8,1631,2,9000,1.00490496628
245844,245851,247496,7,1645,2,9000,1.00425531915
245855,245901,247527,46,1626,2,9000,1.0282902829
245907,245915,247540,8,1625,2,9000,1.00492307692
245918,245925,247615,7,1690,2,9000,1.00414201183
245928,245941,247600,13,1659,2,9000,1.00783604581
245939,245959,247574,20,1615,2,9000,1.01238390093
245960,245979,247608,19,1629,2,9000,1.0116635973
245982,245993,247627,11,1634,2,9000,1.00673194614
245992,246011,247633,19,1622,2,9000,1.01171393342
246013,246111,247744,98,1633,2,9000,1.0600122474
246107,246174,247790,67,1616,2,9000,1.04146039604
246179,246186,247814,7,1628,2,9000,1.0042997543
246180,246194,247807,14,1613,2,9000,1.00867947923
246191,246212,247818,21,1606,2,9000,1.01307596513
246212,246244,247856,32,1612,2,9000,1.01985111663
246243,246270,247877,27,1607,2,9000,1.01680149347
246264,246278,247876,14,1598,2,9000,1.00876095119
246275,246285,247944,10,1659,2,9000,1.00602772755
246286,246297,247959,11,1662,2,9000,1.00661853189
246297,246319,247968,22,1649,2,9000,1.01334141904
246318,246330,247922,12,1592,2,9000,1.00753768844
246326,246456,248206,130,1750,2,9000,1.07428571429
246450,246463,248187,13,1724,2,9000,1.00754060325
246461,246594,248306,133,1712,2,9000,1.07768691589
246595,246625,248325,30,1700,2,9000,1.01764705882
246616,246650,248375,34,1725,2,9000,1.01971014493
246648,246664,248398,16,1734,2,9000,1.0092272203
246669,246813,248509,144,1696,2,9000,1.08490566038
246813,246977,248677,164,1700,2,9000,1.09647058824
246979,247035,248736,56,1701,2,9000,1.0329218107
247031,247123,248838,92,1715,2,9000,1.05364431487
247124,247153,248838,29,1685,2,9000,1.01721068249
247158,247206,248983,48,1777,2,9000,1.02701181767
247210,247322,249079,112,1757,2,9000,1.06374501992
247323,247367,249076,44,1709,2,9000,1.02574605032
247365,247415,249183,50,1768,2,9000,1.02828054299
247417,247428,249218,11,1790,2,9000,1.0061452514
247428,247435,249217,7,1782,2,9000,1.00392817059
247439,247467,249218,28,1751,2,9000,1.01599086236
247470,247482,249134,12,1652,2,9000,1.00726392252
247481,247490,249101,9,1611,2,9000,1.00558659218
247492,247499,249286,7,1787,2,9000,1.00391717963
247503,247510,249297,7,1787,2,9000,1.00391717963
247514,247521,249291,7,1770,2,9000,1.00395480226
247525,247539,249288,14,1749,2,9000,1.00800457404
247536,247555,249287,19,1732,2,9000,1.01096997691
247557,247586,249338,29,1752,2,9000,1.01655251142
247588,247612,249325,24,1713,2,9000,1.01401050788
247609,247626,249322,17,1696,2,9000,1.01002358491
247630,247638,249369,8,1731,2,9000,1.00462160601
247641,247657,249315,16,1658,2,9000,1.00965018094
247662,247672,249349,10,1677,2,9000,1.00596302922
247673,247756,249441,83,1685,2,9000,1.04925816024
247756,247802,249420,46,1618,2,9000,1.02843016069
247798,247819,249372,21,1553,2,9000,1.01352221507
247819,247826,249608,7,1782,2,9000,1.00392817059
247830,247839,249617,9,1778,2,9000,1.00506186727
247840,247847,249602,7,1755,2,9000,1.00398860399
247851,247869,249587,18,1718,2,9000,1.01047729919
247872,247891,249587,19,1696,2,9000,1.01120283019
247893,247904,249624,11,1720,2,9000,1.00639534884
247904,247934,249615,30,1681,2,9000,1.01784651993
247935,247956,249630,21,1674,2,9000,1.01254480287
247957,247971,249625,14,1654,2,9000,1.0084643289
247967,247980,249673,13,1693,2,9000,1.0076786769
247978,248204,249862,226,1658,2,9000,1.13630880579
247991,269126,269134,21135,8,32,10800,2114.3
248027,269146,269150,21119,4,32,10800,2112.3
248205,248218,249993,13,1775,2,9000,1.00732394366
248215,248318,250075,103,1757,2,9000,1.05862265225
248319,248329,250113,10,1784,2,9000,1.00560538117
248330,248369,250068,39,1699,2,9000,1.02295467922
248371,248388,250099,17,1711,2,9000,1.00993571011
248392,248413,250101,21,1688,2,9000,1.01244075829
248413,248527,250223,114,1696,2,9000,1.06721698113
248527,248689,250341,162,1652,2,9000,1.098062954
248692,248748,250314,56,1566,2,9000,1.03575989783
248744,248850,250394,106,1544,2,9000,1.06865284974
248847,248857,250613,10,1756,2,9000,1.00569476082
248858,248995,250727,137,1732,2,9000,1.07909930716
248992,249089,250785,97,1696,2,9000,1.05719339623
249095,249113,250797,18,1684,2,9000,1.0106888361
249116,249147,250832,31,1685,2,9000,1.01839762611
249147,249195,250852,48,1657,2,9000,1.02896801448
249199,249230,250840,31,1610,2,9000,1.01925465839
249230,249236,250782,6,1546,2,9000,1.00388098318
249241,249251,250748,10,1497,2,9000,1.00668002672
249252,249299,251059,47,1760,2,9000,1.02670454545
249304,249310,251092,6,1782,2,9000,1.00336700337
249314,249320,251070,6,1750,2,9000,1.00342857143
249325,249331,251063,6,1732,2,9000,1.00346420323
249336,249342,251069,6,1727,2,9000,1.00347423277
249347,249353,251032,6,1679,2,9000,1.00357355569
249357,249363,251036,6,1673,2,9000,1.00358637179
249368,249374,251049,6,1675,2,9000,1.00358208955
249379,249385,251044,6,1659,2,9000,1.00361663653
249390,249397,251024,7,1627,2,9000,1.00430239705
249400,249408,250968,8,1560,2,9000,1.00512820513
249411,249417,250929,6,1512,2,9000,1.00396825397
249422,249432,251214,10,1782,2,9000,1.00561167228
249433,249440,251193,7,1753,2,9000,1.00399315459
249443,249454,251201,11,1747,2,9000,1.0062965083
249454,249478,251203,24,1725,2,9000,1.01391304348
249475,249514,251242,39,1728,2,9000,1.02256944444
249517,249599,251286,82,1687,2,9000,1.04860699467
249599,249606,251278,7,1672,2,9000,1.00418660287
249610,249617,251256,7,1639,2,9000,1.00427089689
249621,249629,251258,8,1629,2,9000,1.00491098834
249632,249637,251196,5,1559,2,9000,1.00320718409
249642,249648,251174,6,1526,2,9000,1.00393184797
249653,249659,251402,6,1743,2,9000,1.00344234079
249664,249671,251406,7,1735,2,9000,1.00403458213
249675,249682,251450,7,1768,2,9000,1.00395927602
249685,249692,251425,7,1733,2,9000,1.00403923832
249696,249729,251463,33,1734,2,9000,1.01903114187
249727,249768,251483,41,1715,2,9000,1.02390670554
249769,249866,251507,97,1641,2,9000,1.0591102986
249862,249875,251474,13,1599,2,9000,1.0081300813
249872,249909,251536,37,1627,2,9000,1.02274124155
249914,249985,251580,71,1595,2,9000,1.04451410658
249986,250005,251496,19,1491,2,9000,1.01274312542
250007,250066,251825,59,1759,2,9000,1.03354178511
250069,250080,251828,11,1748,2,9000,1.00629290618
250080,250086,251830,6,1744,2,9000,1.00344036697
250091,250112,251821,21,1709,2,9000,1.01228788765
250112,250119,251820,7,1701,2,9000,1.00411522634
250122,250130,251808,8,1678,2,9000,1.00476758045
250133,250166,251803,33,1637,2,9000,1.02015882712
250164,250210,251802,46,1592,2,9000,1.02889447236
250206,250221,251785,15,1564,2,9000,1.00959079284
250217,250236,251706,19,1470,2,9000,1.01292517007
250238,250321,252059,83,1738,2,9000,1.04775604143
250321,250328,252053,7,1725,2,9000,1.00405797101
250331,250353,252056,22,1703,2,9000,1.01291837933
250352,250407,252115,55,1708,2,9000,1.03220140515
250404,250432,252128,28,1696,2,9000,1.01650943396
250436,250625,252271,189,1646,2,9000,1.11482381531
250621,250726,252268,105,1542,2,9000,1.06809338521
250724,250739,252472,15,1733,2,9000,1.00865551068
250735,250760,252417,25,1657,2,9000,1.01508750754
250756,250794,252471,38,1677,2,9000,1.02265951103
250797,250805,252463,8,1658,2,9000,1.00482509047
250808,250814,252432,6,1618,2,9000,1.00370828183
250819,250845,252349,26,1504,2,9000,1.01728723404
250851,250858,252318,7,1460,2,9000,1.00479452055
250861,250869,252535,8,1666,2,9000,1.00480192077
250872,250879,252564,7,1685,2,9000,1.00415430267
250883,250890,252609,7,1719,2,9000,1.00407213496
250894,250941,252653,47,1712,2,9000,1.02745327103
250946,250962,252683,16,1721,2,9000,1.0092969204
250967,250981,252681,14,1700,2,9000,1.00823529412
250978,251036,252782,58,1746,2,9000,1.0332187858
251040,251047,252773,7,1726,2,9000,1.00405561993
251050,251057,252846,7,1789,2,9000,1.00391280045
251061,251068,252815,7,1747,2,9000,1.00400686892
251072,251079,252836,7,1757,2,9000,1.00398406375
251083,251089,252760,6,1671,2,9000,1.00359066427
251094,251100,252771,6,1671,2,9000,1.00359066427
251104,251111,252812,7,1701,2,9000,1.00411522634
251115,251121,252816,6,1695,2,9000,1.00353982301
251126,251133,252826,7,1693,2,9000,1.00413467218
251137,251144,252846,7,1702,2,9000,1.00411280846
251147,251186,252966,39,1780,2,9000,1.02191011236
251189,251205,252937,16,1732,2,9000,1.00923787529
251210,251216,252977,6,1761,2,9000,1.00340715503
251221,251228,252992,7,1764,2,9000,1.00396825397
251231,251239,252970,8,1731,2,9000,1.00462160601
251242,251249,252995,7,1746,2,9000,1.0040091638
251253,251260,252925,7,1665,2,9000,1.0042042042
251264,251270,252966,6,1696,2,9000,1.00353773585
251274,251284,252945,10,1661,2,9000,1.0060204696
251285,251293,252988,8,1695,2,9000,1.00471976401
251296,251303,253022,7,1719,2,9000,1.00407213496
251307,251415,253112,108,1697,2,9000,1.06364172068
251420,251427,253182,7,1755,2,9000,1.00398860399
251431,251437,253159,6,1722,2,9000,1.00348432056
251441,251462,253159,21,1697,2,9000,1.01237477902
251462,251475,253264,13,1789,2,9000,1.0072666294
251473,251487,253206,14,1719,2,9000,1.00814426992
251484,251496,253302,12,1806,2,9000,1.00664451827
251495,251508,253186,13,1678,2,9000,1.00774731824
251505,251519,253168,14,1649,2,9000,1.00848999394
251516,251548,253221,32,1673,2,9000,1.0191273162
251547,251560,253229,13,1669,2,9000,1.00778909527
251558,251592,253257,34,1665,2,9000,1.02042042042
251589,251719,253403,130,1684,2,9000,1.07719714964
251723,251797,253478,74,1681,2,9000,1.04402141582
251795,251804,253521,9,1717,2,9000,1.00524170064
251806,251814,253555,8,1741,2,9000,1.00459506031
251817,251823,253574,6,1751,2,9000,1.00342661336
251828,251834,253640,6,1806,2,9000,1.00332225914
251838,251845,253595,7,1750,2,9000,1.004
251849,251855,253629,6,1774,2,9000,1.00338218715
251860,251867,253524,7,1657,2,9000,1.00422450211
251871,251878,253550,7,1672,2,9000,1.00418660287
251881,251889,253561,8,1672,2,9000,1.004784689
251892,252038,253730,146,1692,2,9000,1.08628841608
252036,252066,253753,30,1687,2,9000,1.01778304683
252068,252075,253781,7,1706,2,9000,1.0041031653
252078,252085,253798,7,1713,2,9000,1.00408639813
252089,252127,253847,38,1720,2,9000,1.02209302326
252131,252141,253902,10,1761,2,9000,1.00567859171
252141,252158,253923,17,1765,2,9000,1.00963172805
252162,252280,254013,118,1733,2,9000,1.06809001731
252276,252287,254039,11,1752,2,9000,1.00627853881
252286,252330,253992,44,1662,2,9000,1.02647412756
252328,252361,254028,33,1667,2,9000,1.01979604079
252359,252429,254119,70,1690,2,9000,1.04142011834
252431,252444,254143,13,1699,2,9000,1.00765155974
252442,252475,254183,33,1708,2,9000,1.01932084309
252473,252483,254196,10,1713,2,9000,1.00583771162
252484,252492,254211,8,1719,2,9000,1.00465386853
252495,252527,254238,32,1711,2,9000,1.01870251315
252526,252547,254251,21,1704,2,9000,1.01232394366
252547,252576,254319,29,1743,2,9000,1.01663798049
252578,252621,254352,43,1731,2,9000,1.02484113229
252620,252665,254364,45,1699,2,9000,1.02648616833
252661,252693,254437,32,1744,2,9000,1.01834862385
252693,252700,254382,7,1682,2,9000,1.00416171225
252703,252741,254419,38,1678,2,9000,1.02264600715
252745,252772,254460,27,1688,2,9000,1.01599526066
252776,252783,254474,7,1691,2,9000,1.00413956239
252787,252794,254507,7,1713,2,9000,1.00408639813
252798,252804,254510,6,1706,2,9000,1.00351699883
252809,252824,254563,15,1739,2,9000,1.00862564692
252819,252831,254556,12,1725,2,9000,1.00695652174
252830,252838,254525,8,1687,2,9000,1.00474214582
252841,252847,254592,6,1745,2,9000,1.00343839542
252852,252860,254559,8,1699,2,9000,1.00470865215
252862,252869,254599,7,1730,2,9000,1.00404624277
252873,252880,254626,7,1746,2,9000,1.0040091638
252884,252937,254627,53,1690,2,9000,1.03136094675
252936,252949,254626,13,1677,2,9000,1.00775193798
252947,252957,254656,10,1699,2,9000,1.00588581519
252957,252978,254668,21,1690,2,9000,1.0124260355
252978,252985,254685,7,1700,2,9000,1.00411764706
252989,252995,254702,6,1707,2,9000,1.00351493849
253000,253006,254765,6,1759,2,9000,1.00341102899
253011,253018,254727,7,1709,2,9000,1.00409596255
253021,253029,254743,8,1714,2,9000,1.00466744457
253032,253038,254791,6,1753,2,9000,1.00342270394
253043,253050,254783,7,1733,2,9000,1.00403923832
253054,253089,254840,35,1751,2,9000,1.01998857796
253085,253124,254772,39,1648,2,9000,1.02366504854
253127,253171,254831,44,1660,2,9000,1.0265060241
253168,253178,254884,10,1706,2,9000,1.00586166471
253179,253187,254892,8,1705,2,9000,1.00469208211
253190,253196,254912,6,1716,2,9000,1.0034965035
253200,253206,254953,6,1747,2,9000,1.00343445907
253211,253218,254924,7,1706,2,9000,1.0041031653
253222,253233,254936,11,1703,2,9000,1.00645918967
253233,253240,254974,7,1734,2,9000,1.00403690888
253243,253250,254937,7,1687,2,9000,1.00414937759
253254,253269,255025,15,1756,2,9000,1.00854214123
253265,253276,254930,11,1654,2,9000,1.00665054414
253276,253314,254981,38,1667,2,9000,1.02279544091
253317,253416,255110,99,1694,2,9000,1.05844155844
253420,253490,255177,70,1687,2,9000,1.04149377593
253493,253533,255234,40,1701,2,9000,1.02351557907
253534,253541,255281,7,1740,2,9000,1.00402298851
253545,253562,255296,17,1734,2,9000,1.00980392157
253566,253573,255321,7,1748,2,9000,1.00400457666
253577,253583,255296,6,1713,2,9000,1.00350262697
253588,253594,255282,6,1688,2,9000,1.00355450237
253598,253608,255264,10,1656,2,9000,1.00603864734
253609,253641,255334,32,1693,2,9000,1.01890135854
253640,253652,255335,12,1683,2,9000,1.00713012478
253651,253742,255461,91,1719,2,9000,1.05293775451
253719,299520,317140,45801,17620,1,176400,3.59937570942
253744,253765,255496,21,1731,2,9000,1.01213171577
253765,253793,255505,28,1712,2,9000,1.01635514019
253796,253810,255505,14,1695,2,9000,1.00825958702
253807,253859,255578,52,1719,2,9000,1.03025014543
253859,253916,255565,57,1649,2,9000,1.03456640388
253921,253935,255606,14,1671,2,9000,1.00837821664
253932,254005,255696,73,1691,2,9000,1.04316972206
254004,254025,255748,21,1723,2,9000,1.01218804411
254025,254041,255736,16,1695,2,9000,1.00943952802
254036,254051,255735,15,1684,2,9000,1.00890736342
254047,254131,255889,84,1758,2,9000,1.04778156997
254130,254155,255895,25,1740,2,9000,1.01436781609
254151,254195,255902,44,1707,2,9000,1.02577621558
254178,299525,301345,45347,1820,1,360000,25.9159340659
254192,254208,255887,16,1679,2,9000,1.00952948183
254214,254223,255896,9,1673,2,9000,1.00537955768
254224,254250,255964,26,1714,2,9000,1.01516919487
254241,299531,301397,45290,1866,1,360000,25.2711682744
254246,254264,255982,18,1718,2,9000,1.01047729919
254267,254332,256049,65,1717,2,9000,1.03785672685
254320,299536,301343,45216,1807,1,360000,26.0226895407
254329,254364,256121,35,1757,2,9000,1.01992031873
254354,299542,301681,45188,2139,1,360000,22.1257597008
254360,254376,256052,16,1676,2,9000,1.00954653938
254381,254394,256058,13,1664,2,9000,1.0078125
254392,254431,256119,39,1688,2,9000,1.0231042654
254434,254449,256154,15,1705,2,9000,1.00879765396
254455,254472,256188,17,1716,2,9000,1.00990675991
254476,254486,256182,10,1696,2,9000,1.00589622642
254521,254528,256169,7,1641,2,9000,1.00426569165
254531,254538,256176,7,1638,2,9000,1.00427350427
254542,254549,256212,7,1663,2,9000,1.00420926037
254553,254568,256194,15,1626,2,9000,1.00922509225
254564,254575,256254,11,1679,2,9000,1.00655151876
254575,254582,256239,7,1657,2,9000,1.00422450211
254586,254604,256246,18,1642,2,9000,1.01096224117
254607,254614,256284,7,1670,2,9000,1.00419161677
254618,254638,256300,20,1662,2,9000,1.01203369434
254641,254649,256334,8,1685,2,9000,1.00474777448
254652,254659,256333,7,1674,2,9000,1.00418160096
254663,254670,256341,7,1671,2,9000,1.00418910832
254674,254680,256358,6,1678,2,9000,1.00357568534
254684,254697,256378,13,1681,2,9000,1.00773349197
254695,254714,256390,19,1676,2,9000,1.01133651551
254716,254740,256409,24,1669,2,9000,1.01437986818
254737,254755,256413,18,1658,2,9000,1.01085645356
254758,254778,256445,20,1667,2,9000,1.01199760048
254779,254787,256461,8,1674,2,9000,1.00477897252
254790,254796,256462,6,1666,2,9000,1.00360144058
254801,254808,256468,7,1660,2,9000,1.00421686747
254812,254843,256544,31,1701,2,9000,1.01822457378
254843,254852,256526,9,1674,2,9000,1.00537634409
254854,254897,256566,43,1669,2,9000,1.0257639305
254895,254904,256575,9,1671,2,9000,1.00538599641
254906,254924,256592,18,1668,2,9000,1.01079136691
254927,254936,256606,9,1670,2,9000,1.00538922156
254938,254944,256599,6,1655,2,9000,1.00362537764
254949,254955,256626,6,1671,2,9000,1.00359066427
254959,254967,256629,8,1662,2,9000,1.00481347774
254970,254976,256640,6,1664,2,9000,1.00360576923
254981,254988,256653,7,1665,2,9000,1.0042042042
254992,254998,256691,6,1693,2,9000,1.00354400473
255002,255010,256689,8,1679,2,9000,1.00476474092
255013,255037,256719,24,1682,2,9000,1.01426872771
255034,255122,256797,88,1675,2,9000,1.05253731343
255127,255189,256849,62,1660,2,9000,1.03734939759
255189,255247,256898,58,1651,2,9000,1.03513022411
255251,255276,256946,25,1670,2,9000,1.01497005988
255272,255293,256984,21,1691,2,9000,1.01241868717
255293,255300,256971,7,1671,2,9000,1.00418910832
255304,255312,257001,8,1689,2,9000,1.00473653049
255315,255322,256985,7,1663,2,9000,1.00420926037
255326,255333,257007,7,1674,2,9000,1.00418160096
255336,255344,257026,8,1682,2,9000,1.00475624257
255347,255353,257012,6,1659,2,9000,1.00361663653
255358,255364,257025,6,1661,2,9000,1.00361228176
255369,255473,257141,104,1668,2,9000,1.0623501199
255472,255508,257179,36,1671,2,9000,1.02154398564
255513,255521,257189,8,1668,2,9000,1.00479616307
255524,255530,257225,6,1695,2,9000,1.00353982301
255535,255575,257233,40,1658,2,9000,1.02412545235
255576,255584,257238,8,1654,2,9000,1.00483675937
255587,255594,257236,7,1642,2,9000,1.00426309379
255598,255618,257246,20,1628,2,9000,1.01228501229
255619,255709,257408,90,1699,2,9000,1.05297233667
255712,255743,257413,31,1670,2,9000,1.01856287425
255743,255750,257406,7,1656,2,9000,1.00422705314
255754,255760,257419,6,1659,2,9000,1.00361663653
255765,255772,257426,7,1654,2,9000,1.00423216445
255775,255900,257564,125,1664,2,9000,1.07512019231
255899,255907,257560,8,1653,2,9000,1.00483968542
255910,255916,257591,6,1675,2,9000,1.00358208955
255921,255928,257586,7,1658,2,9000,1.00422195416
255931,255939,257558,8,1619,2,9000,1.0049413218
255942,255976,257617,34,1641,2,9000,1.02071907374
255973,255995,257701,22,1706,2,9000,1.01289566237
255995,256062,257700,67,1638,2,9000,1.0409035409
256067,256074,257754,7,1680,2,9000,1.00416666667
256078,256084,257754,6,1670,2,9000,1.00359281437
256088,256131,257769,43,1638,2,9000,1.02625152625
256130,256138,257759,8,1621,2,9000,1.00493522517
256141,256166,257790,25,1624,2,9000,1.01539408867
256162,256181,257852,19,1671,2,9000,1.01137043686
256183,256189,257873,6,1684,2,9000,1.00356294537
256193,256200,257859,7,1659,2,9000,1.00421940928
256204,256211,257802,7,1591,2,9000,1.00439974859
256215,256222,257887,7,1665,2,9000,1.0042042042
256222,256229,257905,7,1676,2,9000,1.00417661098
256233,256251,257919,18,1668,2,9000,1.01079136691
256254,256260,257916,6,1656,2,9000,1.00362318841
256265,256271,257970,6,1699,2,9000,1.00353148911
256276,256296,257971,20,1675,2,9000,1.01194029851
256297,256312,258005,15,1693,2,9000,1.00886001181
256307,256346,258020,39,1674,2,9000,1.02329749104
256349,256355,258048,6,1693,2,9000,1.00354400473
256360,256367,258035,7,1668,2,9000,1.00419664269
256370,256377,258041,7,1664,2,9000,1.00420673077
256381,256388,258054,7,1666,2,9000,1.00420168067
256392,256398,258061,6,1663,2,9000,1.00360793746
256403,256409,258088,6,1679,2,9000,1.00357355569
256413,256421,258114,8,1693,2,9000,1.00472533963
256424,256430,258113,6,1683,2,9000,1.00356506239
256435,256441,258110,6,1669,2,9000,1.00359496705
256446,256453,258143,7,1690,2,9000,1.00414201183
256456,256463,258152,7,1689,2,9000,1.00414446418
256467,256475,258156,8,1681,2,9000,1.00475907198
256478,256485,258156,7,1671,2,9000,1.00418910832
256488,256496,258155,8,1659,2,9000,1.00482218204
256499,256506,258190,7,1684,2,9000,1.0041567696
256510,256517,258188,7,1671,2,9000,1.00418910832
256521,256528,258220,7,1692,2,9000,1.00413711584
256531,256538,258230,7,1692,2,9000,1.00413711584
256534,256545,256546,11,1,1,240,1.2
256542,256556,258249,14,1693,2,9000,1.00826934436
256553,256578,258277,25,1699,2,9000,1.01471453796
256574,256587,258278,13,1691,2,9000,1.00768775872
256585,256605,258289,20,1684,2,9000,1.01187648456
256606,256613,258289,7,1676,2,9000,1.00417661098
256617,256623,258350,6,1727,2,9000,1.00347423277
256627,256638,258308,11,1670,2,9000,1.00658682635
256638,256645,258327,7,1682,2,9000,1.00416171225
256649,256655,258314,6,1659,2,9000,1.00361663653
256660,256667,258343,7,1676,2,9000,1.00417661098
256670,256701,258379,31,1678,2,9000,1.01847437426
256702,256708,258396,6,1688,2,9000,1.00355450237
256712,256731,258440,19,1709,2,9000,1.01111761264
256733,256809,258503,76,1694,2,9000,1.04486422668
256806,256862,258577,56,1715,2,9000,1.03265306122
256857,256911,258603,54,1692,2,9000,1.03191489362
256909,256958,258657,49,1699,2,9000,1.02884049441
256961,256984,258679,23,1695,2,9000,1.01356932153
256982,256996,258671,14,1675,2,9000,1.00835820896
256993,257003,258670,10,1667,2,9000,1.00599880024
257003,257013,258690,10,1677,2,9000,1.00596302922
257014,257022,258679,8,1657,2,9000,1.00482800241
257025,257032,258698,7,1666,2,9000,1.00420168067
257036,257042,258698,6,1656,2,9000,1.00362318841
257046,257054,258733,8,1679,2,9000,1.00476474092
257057,257153,258844,96,1691,2,9000,1.05677114134
257150,257192,258884,42,1692,2,9000,1.02482269504
257192,257201,258892,9,1691,2,9000,1.0053222945
257202,257237,258920,35,1683,2,9000,1.02079619727
257234,257245,258956,11,1711,2,9000,1.0064289889
257244,257252,258945,8,1693,2,9000,1.00472533963
257255,257262,258963,7,1701,2,9000,1.00411522634
257266,257273,258937,7,1664,2,9000,1.00420673077
257277,257419,259105,142,1686,2,9000,1.08422301305
257421,257428,259124,7,1696,2,9000,1.00412735849
257432,257439,259102,7,1663,2,9000,1.00420926037
257443,257450,259098,7,1648,2,9000,1.00424757282
257453,257460,259127,7,1667,2,9000,1.00419916017
257464,257471,259159,7,1688,2,9000,1.00414691943
257475,257570,259269,95,1699,2,9000,1.05591524426
257568,257577,259262,9,1685,2,9000,1.00534124629
257579,257586,259266,7,1680,2,9000,1.00416666667
257590,257599,259279,9,1680,2,9000,1.00535714286
257600,257608,259302,8,1694,2,9000,1.00472255018
257611,257630,259350,19,1720,2,9000,1.01104651163
257632,257712,259443,80,1731,2,9000,1.04621606008
257715,257722,259412,7,1690,2,9000,1.00414201183
257726,257766,259441,40,1675,2,9000,1.02388059701
257767,257775,259456,8,1681,2,9000,1.00475907198
257778,257785,259463,7,1678,2,9000,1.0041716329
257789,257795,259465,6,1670,2,9000,1.00359281437
257800,257807,259453,7,1646,2,9000,1.0042527339
257810,257818,259473,8,1655,2,9000,1.00483383686
257821,257864,259579,43,1715,2,9000,1.0250728863
257863,257871,259549,8,1678,2,9000,1.00476758045
257874,257885,259571,11,1686,2,9000,1.00652431791
257885,257899,259606,14,1707,2,9000,1.00820152314
257895,257917,259609,22,1692,2,9000,1.01300236407
257916,257928,259621,12,1693,2,9000,1.00708800945
257927,257935,259623,8,1688,2,9000,1.00473933649
257938,257982,259669,44,1687,2,9000,1.02608180202
257980,257989,259691,9,1702,2,9000,1.00528789659
257990,258018,259695,28,1677,2,9000,1.01669648181
258022,258032,259720,10,1688,2,9000,1.00592417062
258033,258047,259716,14,1669,2,9000,1.00838825644
258043,258054,259740,11,1686,2,9000,1.00652431791
258054,258061,259714,7,1653,2,9000,1.00423472474
258065,258072,259766,7,1694,2,9000,1.0041322314
258076,258083,259764,7,1681,2,9000,1.00416418798
258087,258101,259803,14,1702,2,9000,1.00822561692
258097,258122,259814,25,1692,2,9000,1.01477541371
258118,258129,259835,11,1706,2,9000,1.00644783118
258129,258136,259860,7,1724,2,9000,1.00406032483
258140,258155,259866,15,1711,2,9000,1.00876680304
258151,258164,259865,13,1701,2,9000,1.0076425632
258162,258171,259869,9,1698,2,9000,1.00530035336
258173,258180,259865,7,1685,2,9000,1.00415430267
258183,258190,259866,7,1676,2,9000,1.00417661098
258194,258202,259920,8,1718,2,9000,1.00465657742
258205,258212,259894,7,1682,2,9000,1.00416171225
258216,258233,259891,17,1658,2,9000,1.01025331725
258219,258226,258350,7,124,1,4210,1.0564516129
258237,258243,259922,6,1679,2,9000,1.00357355569
258248,258261,259923,13,1662,2,9000,1.00782190132
258259,258289,259986,30,1697,2,9000,1.01767825575
258290,258298,259974,8,1676,2,9000,1.00477326969
258301,258308,260042,7,1734,2,9000,1.00403690888
258312,258319,260001,7,1682,2,9000,1.00416171225
258322,258330,260032,8,1702,2,9000,1.00470035253
258333,258341,260083,8,1742,2,9000,1.0045924225
258344,258351,260073,7,1722,2,9000,1.00406504065
258355,258362,260060,7,1698,2,9000,1.00412249706
258366,258372,260059,6,1687,2,9000,1.00355660937
258376,258391,260097,15,1706,2,9000,1.00879249707
258387,258408,260097,21,1689,2,9000,1.01243339254
258408,258452,260115,44,1663,2,9000,1.02645820806
258450,258516,260165,66,1649,2,9000,1.04002425713
258513,258589,260227,76,1638,2,9000,1.0463980464
258585,258615,260260,30,1645,2,9000,1.01823708207
258616,258669,260375,53,1706,2,9000,1.03106682298
258668,258682,260443,14,1761,2,9000,1.00795002839
258679,258689,260394,10,1705,2,9000,1.00586510264
258690,258698,260420,8,1722,2,9000,1.00464576074
258701,258708,260408,7,1700,2,9000,1.00411764706
258711,258718,260439,7,1721,2,9000,1.00406740267
258722,258729,260421,7,1692,2,9000,1.00413711584
258733,258740,260425,7,1685,2,9000,1.00415430267
258744,258750,260477,6,1727,2,9000,1.00347423277
258754,258762,260438,8,1676,2,9000,1.00477326969
258765,258857,260561,92,1704,2,9000,1.05399061033
258858,258896,260564,38,1668,2,9000,1.02278177458
258899,258907,260551,8,1644,2,9000,1.00486618005
258910,258932,260577,22,1645,2,9000,1.01337386018
258931,258949,260694,18,1745,2,9000,1.01031518625
258934,258957,260529,23,1572,1,7200,1.01463104326
258952,258968,260690,16,1722,2,9000,1.00929152149
258973,258980,260666,7,1686,2,9000,1.00415183867
258984,259110,260844,126,1734,2,9000,1.07266435986
259108,259117,260833,9,1716,2,9000,1.00524475524
259118,259126,260854,8,1728,2,9000,1.00462962963
259129,259136,260835,7,1699,2,9000,1.00412007063
259140,259147,260845,7,1698,2,9000,1.00412249706
259151,259171,260877,20,1706,2,9000,1.01172332943
259172,259275,260973,103,1698,2,9000,1.06065959953
259275,259282,260921,7,1639,2,9000,1.00427089689
259286,259293,261004,7,1711,2,9000,1.00409117475
259297,259304,261022,7,1718,2,9000,1.00407450524
259307,259314,261012,7,1698,2,9000,1.00412249706
259318,259325,261008,7,1683,2,9000,1.00415923945
259329,259362,261068,33,1706,2,9000,1.01934349355
259360,259424,261151,64,1727,2,9000,1.03705848292
259422,259453,261142,31,1689,2,9000,1.01835405565
259454,259460,261145,6,1685,2,9000,1.00356083086
259464,259471,261130,7,1659,2,9000,1.00421940928
259475,259481,261116,6,1635,2,9000,1.00366972477
259486,259492,261154,6,1662,2,9000,1.0036101083
259497,259504,261214,7,1710,2,9000,1.00409356725
259507,259514,261281,7,1767,2,9000,1.00396151669
259518,259562,261305,44,1743,2,9000,1.02524383247
259560,259583,261325,23,1742,2,9000,1.0132032147
259581,259592,261262,11,1670,2,9000,1.00658682635
259591,259618,261286,27,1668,2,9000,1.01618705036
259623,259630,261258,7,1628,2,9000,1.0042997543
259633,259641,261263,8,1622,2,9000,1.00493218249
259644,259651,261232,7,1581,2,9000,1.00442757748
259655,259681,261403,26,1722,2,9000,1.01509872242
259686,259703,261422,17,1719,2,9000,1.00988947062
259707,259714,261395,7,1681,2,9000,1.00416418798
259718,259727,261372,9,1645,2,9000,1.00547112462
259729,259735,261324,6,1589,2,9000,1.00377595972
259740,259747,261321,7,1574,2,9000,1.00444726811
259750,259757,261352,7,1595,2,9000,1.00438871473
259761,259777,261491,16,1714,2,9000,1.00933488915
259782,259790,261492,8,1702,2,9000,1.00470035253
259793,259815,261508,22,1693,2,9000,1.01299468399
259814,259826,261460,12,1634,2,9000,1.00734394125
259825,259849,261477,24,1628,2,9000,1.01474201474
259846,259872,261432,26,1560,2,9000,1.01666666667
259877,259884,261450,7,1566,2,9000,1.00446998723
259888,259894,261472,6,1578,2,9000,1.00380228137
259899,259906,261576,7,1670,2,9000,1.00419161677
259909,259917,261576,8,1659,2,9000,1.00482218204
259920,259927,261604,7,1677,2,9000,1.00417412045
259931,259938,261597,7,1659,2,9000,1.00421940928
259942,259948,261644,6,1696,2,9000,1.00353773585
259953,259959,261626,6,1667,2,9000,1.00359928014
259963,259971,261578,8,1607,2,9000,1.00497822029
259974,259981,261532,7,1551,2,9000,1.00451321728
259985,259991,261659,6,1668,2,9000,1.0035971223
259996,260003,261665,7,1662,2,9000,1.00421179302
260006,260013,261686,7,1673,2,9000,1.00418410042
260017,260044,261689,27,1645,2,9000,1.01641337386
260048,260056,261730,8,1674,2,9000,1.00477897252
260059,260071,261746,12,1675,2,9000,1.0071641791
260070,260078,261750,8,1672,2,9000,1.004784689
260081,260087,261757,6,1670,2,9000,1.00359281437
260091,260098,261759,7,1661,2,9000,1.00421432872
260102,260109,261747,7,1638,2,9000,1.00427350427
260113,260119,261752,6,1633,2,9000,1.00367421923
260124,260130,261791,6,1661,2,9000,1.00361228176
260135,260177,261852,42,1675,2,9000,1.02507462687
260176,260239,261916,63,1677,2,9000,1.03756708408
260238,260272,261946,34,1674,2,9000,1.02031063321
260270,260387,262055,117,1668,2,9000,1.07014388489
260383,260406,262083,23,1677,2,9000,1.0137149672
260404,260421,262087,17,1666,2,9000,1.01020408163
260425,260432,262093,7,1661,2,9000,1.00421432872
260436,260443,262104,7,1661,2,9000,1.00421432872
260446,260454,262112,8,1658,2,9000,1.00482509047
260457,260463,262146,6,1683,2,9000,1.00356506239
260468,260474,262213,6,1739,2,9000,1.00345025877
260479,260486,262143,7,1657,2,9000,1.00422450211
260490,260496,262157,6,1661,2,9000,1.00361228176
260500,260563,262227,63,1664,2,9000,1.03786057692
260562,260573,262277,11,1704,2,9000,1.00645539906
260573,260580,262273,7,1693,2,9000,1.00413467218
260584,260590,262244,6,1654,2,9000,1.00362756953
260595,260678,262348,83,1670,2,9000,1.0497005988
260677,260702,262375,25,1673,2,9000,1.01494321578
260698,260709,262371,11,1662,2,9000,1.00661853189
260709,260844,262409,135,1565,2,9000,1.08626198083
260843,260851,262547,8,1696,2,9000,1.00471698113
260854,260861,262513,7,1652,2,9000,1.00423728814
260865,260871,262539,6,1668,2,9000,1.0035971223
260875,260881,262549,6,1668,2,9000,1.0035971223
260886,260892,262562,6,1670,2,9000,1.00359281437
260897,260904,262571,7,1667,2,9000,1.00419916017
260908,260933,262574,25,1641,2,9000,1.01523461304
260929,260985,262640,56,1655,2,9000,1.03383685801
260981,261017,262647,36,1630,2,9000,1.02208588957
261022,261030,262666,8,1636,2,9000,1.00488997555
261033,261040,262706,7,1666,2,9000,1.00420168067
261044,261051,262699,7,1648,2,9000,1.00424757282
261055,261080,262747,25,1667,2,9000,1.0149970006
261076,261128,262772,52,1644,2,9000,1.03163017032
261128,261142,262796,14,1654,2,9000,1.0084643289
261139,261154,262830,15,1676,2,9000,1.00894988067
261160,261168,262801,8,1633,2,9000,1.00489895897
261171,261177,262837,6,1660,2,9000,1.00361445783
261181,261189,262837,8,1648,2,9000,1.00485436893
261192,261226,262867,34,1641,2,9000,1.02071907374
261224,261244,262899,20,1655,2,9000,1.01208459215
261245,261270,262945,25,1675,2,9000,1.01492537313
261266,261277,262928,11,1651,2,9000,1.00666262871
261277,261284,262932,7,1648,2,9000,1.00424757282
261287,261295,262968,8,1673,2,9000,1.00478182905
261298,261305,262959,7,1654,2,9000,1.00423216445
261309,261318,262985,9,1667,2,9000,1.00539892022
261320,261333,263003,13,1670,2,9000,1.00778443114
261331,261340,263015,9,1675,2,9000,1.00537313433
261342,261349,263011,7,1662,2,9000,1.00421179302
261352,261364,263023,12,1659,2,9000,1.00723327306
261363,261384,263077,21,1693,2,9000,1.01240401654
261384,261408,263071,24,1663,2,9000,1.01443174985
261405,261415,263082,10,1667,2,9000,1.00599880024
261416,261434,263093,18,1659,2,9000,1.01084990958
261437,261444,263120,7,1676,2,9000,1.00417661098
261448,261464,263134,16,1670,2,9000,1.00958083832
261469,261476,263134,7,1658,2,9000,1.00422195416
261480,261487,263139,7,1652,2,9000,1.00423728814
261491,261498,263146,7,1648,2,9000,1.00424757282
261502,261509,263205,7,1696,2,9000,1.00412735849
261512,261518,263198,6,1680,2,9000,1.00357142857
261523,261530,263200,7,1670,2,9000,1.00419161677
261534,261545,263209,11,1664,2,9000,1.00661057692
261545,261588,263260,43,1672,2,9000,1.02571770335
261586,261595,263303,9,1708,2,9000,1.00526932084
261597,261604,263280,7,1676,2,9000,1.00417661098
261608,261614,263300,6,1686,2,9000,1.00355871886
261619,261625,263311,6,1686,2,9000,1.00355871886
261629,261638,263302,9,1664,2,9000,1.00540865385
261640,261656,263307,16,1651,2,9000,1.00969109631
261661,261671,263338,10,1667,2,9000,1.00599880024
261672,261680,263341,8,1661,2,9000,1.00481637568
261683,261698,263378,15,1680,2,9000,1.00892857143
261694,261705,263350,11,1645,2,9000,1.00668693009
261705,261742,263397,37,1655,2,9000,1.02235649547
261746,261758,263398,12,1640,2,9000,1.00731707317
261757,261765,263419,8,1654,2,9000,1.00483675937
261768,261775,263465,7,1690,2,9000,1.00414201183
261778,261786,263472,8,1686,2,9000,1.00474495848
261789,261796,263487,7,1691,2,9000,1.00413956239
261800,261806,263499,6,1693,2,9000,1.00354400473
261811,261817,263490,6,1673,2,9000,1.00358637179
261821,261864,263514,43,1650,2,9000,1.02606060606
261863,261929,263588,66,1659,2,9000,1.03978300181
261925,261959,263613,34,1654,2,9000,1.02055622733
261956,262067,263766,111,1699,2,9000,1.06533254856
262070,262095,263767,25,1672,2,9000,1.01495215311
262091,262102,263771,11,1669,2,9000,1.00659077292
262101,262109,263780,8,1671,2,9000,1.00478755236
262112,262118,263782,6,1664,2,9000,1.00360576923
262123,262130,263828,7,1698,2,9000,1.00412249706
262134,262156,263863,22,1707,2,9000,1.01288810779
262155,262163,263826,8,1663,2,9000,1.00481058328
262165,262172,263837,7,1665,2,9000,1.0042042042
262176,262225,263879,49,1654,2,9000,1.02962515115
262228,262240,263903,12,1663,2,9000,1.00721587492
262239,262257,263914,18,1657,2,9000,1.01086300543
262285,262292,263950,7,1658,2,9000,1.00422195416
262296,262303,263969,7,1666,2,9000,1.00420168067
262307,262360,264030,53,1670,2,9000,1.03173652695
262359,262383,264041,24,1658,2,9000,1.01447527141
262380,262390,264060,10,1670,2,9000,1.00598802395
262391,262421,264094,30,1673,2,9000,1.01793185894
262422,262525,264193,103,1668,2,9000,1.06175059952
262525,262551,264221,26,1670,2,9000,1.01556886228
262556,262564,264199,8,1635,2,9000,1.00489296636
262567,262573,264163,6,1590,2,9000,1.00377358491
262578,262584,264239,6,1655,2,9000,1.00362537764
262589,262596,264269,7,1673,2,9000,1.00418410042
262599,262606,264306,7,1700,2,9000,1.00411764706
262610,262652,264306,42,1654,2,9000,1.0253929867
262652,262659,264326,7,1667,2,9000,1.00419916017
262662,262678,264344,16,1666,2,9000,1.00960384154
262683,262711,264364,28,1653,2,9000,1.01693889897
262715,262721,264382,6,1661,2,9000,1.00361228176
262725,262759,264425,34,1666,2,9000,1.02040816327
262757,262784,264396,27,1612,2,9000,1.01674937965
262788,262808,264411,20,1603,2,9000,1.01247660636
262809,262816,264468,7,1652,2,9000,1.00423728814
262820,262842,264506,22,1664,2,9000,1.01322115385
262841,262849,264517,8,1668,2,9000,1.00479616307
262852,262859,264522,7,1663,2,9000,1.00420926037
262862,262879,264540,17,1661,2,9000,1.01023479831
262883,262912,264573,29,1661,2,9000,1.01745936183
262915,262940,264654,25,1714,2,9000,1.01458576429
262936,262947,264628,11,1681,2,9000,1.00654372397
262946,262958,264631,12,1673,2,9000,1.00717274357
262957,262971,264573,14,1602,2,9000,1.00873907615
262968,262980,264570,12,1590,2,9000,1.00754716981
262979,262997,264611,18,1614,2,9000,1.01115241636
263000,263015,264679,15,1664,2,9000,1.00901442308
263010,263024,264685,14,1661,2,9000,1.00842865744
263021,263031,264691,10,1660,2,9000,1.00602409639
263032,263039,264711,7,1672,2,9000,1.00418660287
263043,263084,264747,41,1663,2,9000,1.02465423933
263084,263091,264753,7,1662,2,9000,1.00421179302
263095,263102,264765,7,1663,2,9000,1.00420926037
263106,263112,264790,6,1678,2,9000,1.00357568534
263117,263132,264804,15,1672,2,9000,1.00897129187
263127,263146,264756,19,1610,2,9000,1.01180124224
263148,263156,264730,8,1574,2,9000,1.00508259212
263159,263165,264755,6,1590,2,9000,1.00377358491
263170,263176,264821,6,1645,2,9000,1.00364741641
263181,263210,264893,29,1683,2,9000,1.01723113488
263212,263218,264891,6,1673,2,9000,1.00358637179
263223,263230,264898,7,1668,2,9000,1.00419664269
263233,263240,264905,7,1665,2,9000,1.0042042042
263244,263272,264931,28,1659,2,9000,1.01687763713
263275,263293,264943,18,1650,2,9000,1.01090909091
263296,263312,264995,16,1683,2,9000,1.00950683304
263307,263319,264983,12,1664,2,9000,1.00721153846
263318,263326,264984,8,1658,2,9000,1.00482509047
263329,263335,264960,6,1625,2,9000,1.00369230769
263339,263347,264914,8,1567,2,9000,1.00510529675
263350,263356,264976,6,1620,2,9000,1.0037037037
263361,263368,265015,7,1647,2,9000,1.00425015179
263372,263379,264992,7,1613,2,9000,1.00433973962
263382,263390,265058,8,1668,2,9000,1.00479616307
263393,263409,265090,16,1681,2,9000,1.00951814396
263414,263421,265089,7,1668,2,9000,1.00419664269
263425,263433,265100,8,1667,2,9000,1.00479904019
263436,263477,265147,41,1670,2,9000,1.0245508982
263477,263484,265136,7,1652,2,9000,1.00423728814
263488,263499,265155,11,1656,2,9000,1.00664251208
263499,263505,265156,6,1651,2,9000,1.00363416111
263510,263516,265176,6,1660,2,9000,1.00361445783
263520,263528,265182,8,1654,2,9000,1.00483675937
263531,263600,265142,69,1542,2,9000,1.04474708171
263603,263625,265201,22,1576,2,9000,1.01395939086
263624,263778,265392,154,1614,2,9000,1.09541511772
263779,263786,265452,7,1666,2,9000,1.00420168067
263790,263796,265463,6,1667,2,9000,1.00359928014
263800,263807,265491,7,1684,2,9000,1.0041567696
263811,263817,265480,6,1663,2,9000,1.00360793746
263822,263839,265501,17,1662,2,9000,1.01022864019
263843,263850,265494,7,1644,2,9000,1.00425790754
263854,263860,265532,6,1672,2,9000,1.00358851675
263865,263875,265521,10,1646,2,9000,1.00607533414
263875,263892,265537,17,1645,2,9000,1.0103343465
263896,263915,265479,19,1564,2,9000,1.0121483376
263917,263927,265486,10,1559,2,9000,1.00641436818
263928,263962,265564,34,1602,2,9000,1.02122347066
263959,263981,265585,22,1604,2,9000,1.01371571072
263980,264042,265718,62,1676,2,9000,1.0369928401
264043,264054,265716,11,1662,2,9000,1.00661853189
264053,264072,265739,19,1667,2,9000,1.01139772046
264074,264106,265771,32,1665,2,9000,1.01921921922
264106,264175,265896,69,1721,2,9000,1.0400929692
264178,264206,265865,28,1659,2,9000,1.01687763713
264209,264216,265874,7,1658,2,9000,1.00422195416
264220,264233,265933,13,1700,2,9000,1.00764705882
264231,264251,265908,20,1657,2,9000,1.01207000604
264252,264281,265854,29,1573,2,9000,1.01843610935
264283,264318,265890,35,1572,2,9000,1.02226463104
264314,264325,265903,11,1578,2,9000,1.00697084918
264325,264338,265953,13,1615,2,9000,1.0080495356
264336,264356,266038,20,1682,2,9000,1.01189060642
264357,264376,266028,19,1652,2,9000,1.01150121065
264378,264394,266085,16,1691,2,9000,1.00946185689
264399,264408,266079,9,1671,2,9000,1.00538599641
264410,264423,266091,13,1668,2,9000,1.00779376499
264420,264438,266097,18,1659,2,9000,1.01084990958
264441,264480,266137,39,1657,2,9000,1.02353651177
264483,264518,266158,35,1640,2,9000,1.02134146341
264514,264529,266116,15,1587,2,9000,1.00945179584
264525,264536,266094,11,1558,2,9000,1.00706033376
264536,264552,266130,16,1578,2,9000,1.01013941698
264557,264582,266159,25,1577,2,9000,1.01585288523
264578,264589,266310,11,1721,2,9000,1.00639163277
264589,264595,266289,6,1694,2,9000,1.00354191263
264599,264623,266312,24,1689,2,9000,1.01420959147
264621,264640,266350,19,1710,2,9000,1.01111111111
264642,264649,266306,7,1657,2,9000,1.00422450211
264653,264666,266323,13,1657,2,9000,1.00784550392
264663,264691,266342,28,1651,2,9000,1.01695941853
264695,264702,266268,7,1566,2,9000,1.00446998723
264706,264713,266274,7,1561,2,9000,1.00448430493
264716,264723,266283,7,1560,2,9000,1.00448717949
264727,264743,266319,16,1576,2,9000,1.01015228426
264748,264759,266453,11,1694,2,9000,1.00649350649
264759,264766,266435,7,1669,2,9000,1.00419412822
264770,264776,266452,6,1676,2,9000,1.00357995227
264781,264788,266455,7,1667,2,9000,1.00419916017
264792,264798,266460,6,1662,2,9000,1.0036101083
264802,264809,266440,7,1631,2,9000,1.00429184549
264813,264820,266392,7,1572,2,9000,1.00445292621
264824,264833,266395,9,1562,2,9000,1.00576184379
264835,264903,266449,68,1546,2,9000,1.04398447607
264907,264914,266469,7,1555,2,9000,1.00450160772
264918,264925,266596,7,1671,2,9000,1.00418910832
264929,264936,266634,7,1698,2,9000,1.00412249706
264940,264947,266611,7,1664,2,9000,1.00420673077
264950,264957,266663,7,1706,2,9000,1.0041031653
264961,264968,266604,7,1636,2,9000,1.00427872861
264972,264979,266573,7,1594,2,9000,1.00439146801
264983,264991,266528,8,1537,2,9000,1.0052049447
264994,265001,266573,7,1572,2,9000,1.00445292621
265004,265012,266550,8,1538,2,9000,1.00520156047
265015,265022,266682,7,1660,2,9000,1.00421686747
265026,265033,266708,7,1675,2,9000,1.00417910448
265037,265043,266714,6,1671,2,9000,1.00359066427
265048,265071,266746,23,1675,2,9000,1.01373134328
265069,265101,266724,32,1623,2,9000,1.01971657425
265100,265108,266655,8,1547,2,9000,1.00517129929
265111,265117,266661,6,1544,2,9000,1.00388601036
265122,265149,266700,27,1551,2,9000,1.01740812379
265153,265160,266835,7,1675,2,9000,1.00417910448
265164,265171,266833,7,1662,2,9000,1.00421179302
265175,265182,266830,7,1648,2,9000,1.00424757282
265186,265193,266764,7,1571,2,9000,1.00445576066
265196,265204,266737,8,1533,2,9000,1.00521852577
265207,265215,266740,8,1525,2,9000,1.00524590164
265218,265225,266790,7,1565,2,9000,1.00447284345
265229,265404,267046,175,1642,2,9000,1.1065773447
265404,265464,267013,60,1549,2,9000,1.03873466753
265466,265475,267009,9,1534,2,9000,1.00586701434
265477,265491,266995,14,1504,2,9000,1.00930851064
265488,265498,267167,10,1669,2,9000,1.00599161174
265499,265507,267172,8,1665,2,9000,1.0048048048
265507,265514,267198,7,1684,2,9000,1.0041567696
265518,265525,267194,7,1669,2,9000,1.00419412822
265529,265536,267184,7,1648,2,9000,1.00424757282
265540,265546,267226,6,1680,2,9000,1.00357142857
265550,265557,267254,7,1697,2,9000,1.00412492634
265561,265568,267202,7,1634,2,9000,1.00428396573
265572,265578,267241,6,1663,2,9000,1.00360793746
265583,265597,267250,14,1653,2,9000,1.00846944949
265594,265729,267408,135,1679,2,9000,1.08040500298
265728,265736,267387,8,1651,2,9000,1.00484554815
265738,265751,267418,13,1667,2,9000,1.00779844031
265749,265783,267447,34,1664,2,9000,1.02043269231
265780,265867,267538,87,1671,2,9000,1.05206463196
265863,265877,267553,14,1676,2,9000,1.00835322196
265874,265886,267555,12,1669,2,9000,1.00718993409
265885,265903,267554,18,1651,2,9000,1.01090248334
265906,265913,267589,7,1676,2,9000,1.00417661098
265916,265923,267606,7,1683,2,9000,1.00415923945
265927,265933,267598,6,1665,2,9000,1.0036036036
265938,265945,267608,7,1663,2,9000,1.00420926037
265949,265965,267641,16,1676,2,9000,1.00954653938
265970,266039,267703,69,1664,2,9000,1.04146634615
266042,266051,267731,9,1680,2,9000,1.00535714286
266053,266091,267764,38,1673,2,9000,1.02271368799
266094,266100,267756,6,1656,2,9000,1.00362318841
266105,266112,267773,7,1661,2,9000,1.00421432872
266116,266123,267808,7,1685,2,9000,1.00415430267
266127,266133,267783,6,1650,2,9000,1.00363636364
266137,266143,267820,6,1677,2,9000,1.00357781753
266148,266155,267834,7,1679,2,9000,1.0041691483
266159,266166,267842,7,1676,2,9000,1.00417661098
266170,266176,267685,6,1509,2,9000,1.00397614314
266181,266188,267840,7,1652,2,9000,1.00423728814
266210,266281,267991,71,1710,2,9000,1.04152046784
266282,266289,267990,7,1701,2,9000,1.00411522634
266293,266300,267966,7,1666,2,9000,1.00420168067
266304,266310,267987,6,1677,2,9000,1.00357781753
266315,266321,268007,6,1686,2,9000,1.00355871886
266326,266333,268023,7,1690,2,9000,1.00414201183
266336,266343,268030,7,1687,2,9000,1.00414937759
266347,266357,268056,10,1699,2,9000,1.00588581519
266358,266366,268020,8,1654,2,9000,1.00483675937
266369,266375,268039,6,1664,2,9000,1.00360576923
266380,266386,268070,6,1684,2,9000,1.00356294537
266390,266404,268067,14,1663,2,9000,1.00841852075
266401,266411,268083,10,1672,2,9000,1.00598086124
266412,266448,268109,36,1661,2,9000,1.02167369055
266444,266455,268127,11,1672,2,9000,1.00657894737
266455,266462,268133,7,1671,2,9000,1.00418910832
266466,266474,268161,8,1687,2,9000,1.00474214582
266477,266484,268127,7,1643,2,9000,1.00426049909
266487,266494,268144,7,1650,2,9000,1.00424242424
266498,266505,268165,7,1660,2,9000,1.00421686747
266509,266515,268187,6,1672,2,9000,1.00358851675
266520,266540,268235,20,1695,2,9000,1.01179941003
266541,266563,268205,22,1642,2,9000,1.01339829476
266562,266585,268244,23,1659,2,9000,1.01386377336
266583,266591,268215,8,1624,2,9000,1.00492610837
266594,266608,268230,14,1622,2,9000,1.00863131936
266604,266616,268289,12,1673,2,9000,1.00717274357
266615,266623,268263,8,1640,2,9000,1.00487804878
266626,266646,268314,20,1668,2,9000,1.01199040767
266647,266667,268316,20,1649,2,9000,1.01212856277
266668,266676,268335,8,1659,2,9000,1.00482218204
266679,266686,268315,7,1629,2,9000,1.00429711479
266690,266697,268334,7,1637,2,9000,1.00427611484
266700,266712,268369,12,1657,2,9000,1.00724200362
266711,266721,268389,10,1668,2,9000,1.00599520384
266722,266730,268385,8,1655,2,9000,1.00483383686
266733,266740,268399,7,1659,2,9000,1.00421940928
266743,266751,268418,8,1667,2,9000,1.00479904019
266754,266761,268416,7,1655,2,9000,1.00422960725
266765,266771,268433,6,1662,2,9000,1.0036101083
266776,266782,268399,6,1617,2,9000,1.00371057514
266787,266802,268465,15,1663,2,9000,1.00901984366
266797,266842,268508,45,1666,2,9000,1.02701080432
266839,266849,268510,10,1661,2,9000,1.0060204696
266850,266857,268518,7,1661,2,9000,1.00421432872
266860,267007,268676,147,1669,2,9000,1.08807669263
267005,267021,268709,16,1688,2,9000,1.00947867299
267026,267033,268698,7,1665,2,9000,1.0042042042
267036,267058,268718,22,1660,2,9000,1.01325301205
267057,267179,268850,122,1671,2,9000,1.07301017355
267181,267188,268855,7,1667,2,9000,1.00419916017
267192,267198,268852,6,1654,2,9000,1.00362756953
267202,267209,268887,7,1678,2,9000,1.0041716329
267213,267219,268893,6,1674,2,9000,1.00358422939
267224,267231,268897,7,1666,2,9000,1.00420168067
267235,267241,268910,6,1669,2,9000,1.00359496705
267245,267253,268916,8,1663,2,9000,1.00481058328
267256,267263,268912,7,1649,2,9000,1.00424499697
267267,267274,268939,7,1665,2,9000,1.0042042042
267278,267399,269070,121,1671,2,9000,1.0724117295
267401,267420,269080,19,1660,2,9000,1.01144578313
267422,267431,269093,9,1662,2,9000,1.00541516245
267433,267459,269119,26,1660,2,9000,1.0156626506
267454,267551,269199,97,1648,2,9000,1.0588592233
267547,267565,269227,18,1662,2,9000,1.01083032491
267568,267575,269264,7,1689,2,9000,1.00414446418
267579,267585,269247,6,1662,2,9000,1.0036101083
267589,267601,269271,12,1670,2,9000,1.00718562874
267600,267610,269264,10,1654,2,9000,1.00604594921
267611,267618,269280,7,1662,2,9000,1.00421179302
267622,267629,269298,7,1669,2,9000,1.00419412822
267633,267653,269323,20,1670,2,9000,1.0119760479
267654,267697,269356,43,1659,2,9000,1.02591922845
267695,267715,269389,20,1674,2,9000,1.0119474313
267716,267743,269394,27,1651,2,9000,1.01635372502
267747,267768,269420,21,1652,2,9000,1.01271186441
267768,267776,269444,8,1668,2,9000,1.00479616307
267779,267787,269440,8,1653,2,9000,1.00483968542
267790,267796,269464,6,1668,2,9000,1.0035971223
267801,267820,269503,19,1683,2,9000,1.01128936423
267822,267833,269499,11,1666,2,9000,1.00660264106
267832,267846,269528,14,1682,2,9000,1.00832342449
267843,267853,269529,10,1676,2,9000,1.00596658711
267854,267862,269508,8,1646,2,9000,1.00486026731
267865,267978,269644,113,1666,2,9000,1.06782713085
267901,267908,267914,7,6,1,3600,1.3
267976,267999,269682,23,1683,2,9000,1.01366607249
268003,268009,269686,6,1677,2,9000,1.00357781753
268014,268020,269737,6,1717,2,9000,1.00349446709
268021,268027,268235,6,208,1,3600,1.02884615385
268025,268035,269721,10,1686,2,9000,1.0059311981
268035,268042,269759,7,1717,2,9000,1.00407687828
268046,268052,269760,6,1708,2,9000,1.00351288056
268057,268063,269759,6,1696,2,9000,1.00353773585
268068,268074,269759,6,1685,2,9000,1.00356083086
268078,268085,269778,7,1693,2,9000,1.00413467218
268089,268096,269794,7,1698,2,9000,1.00412249706
268100,268106,269811,6,1705,2,9000,1.00351906158
268111,268117,269827,6,1710,2,9000,1.00350877193
268121,268129,269834,8,1705,2,9000,1.00469208211
268132,268139,269837,7,1698,2,9000,1.00412249706
268143,268150,269850,7,1700,2,9000,1.00411764706
268154,268161,269858,7,1697,2,9000,1.00412492634
268165,268172,269877,7,1705,2,9000,1.00410557185
268175,268183,269870,8,1687,2,9000,1.00474214582
268186,268193,269902,7,1709,2,9000,1.00409596255
268197,268204,269885,7,1681,2,9000,1.00416418798
268208,268217,269914,9,1697,2,9000,1.00530347672
268219,268228,269920,9,1692,2,9000,1.00531914894
268230,268242,269930,12,1688,2,9000,1.00710900474
268240,268249,269953,9,1704,2,9000,1.00528169014
268251,268257,269954,6,1697,2,9000,1.00353565115
268262,268276,269970,14,1694,2,9000,1.00826446281
268273,268301,270002,28,1701,2,9000,1.01646090535
268304,268326,270008,22,1682,2,9000,1.01307966706
268325,268333,270014,8,1681,2,9000,1.00475907198
268336,268343,270026,7,1683,2,9000,1.00415923945
268347,268353,270054,6,1701,2,9000,1.00352733686
268358,268364,270050,6,1686,2,9000,1.00355871886
268363,268372,269056,9,684,1,3600,1.01315789474
268368,268381,270071,13,1690,2,9000,1.00769230769
268379,268397,270082,18,1685,2,9000,1.01068249258
268400,268407,270107,7,1700,2,9000,1.00411764706
268411,268417,270104,6,1687,2,9000,1.00355660937
268422,268430,270149,8,1719,2,9000,1.00465386853
268433,268440,270128,7,1688,2,9000,1.00414691943
268444,268450,270139,6,1689,2,9000,1.00355239787
268454,268462,270155,8,1693,2,9000,1.00472533963
268465,268477,270154,12,1677,2,9000,1.00715563506
268476,268520,270215,44,1695,2,9000,1.02595870206
268518,268527,270207,9,1680,2,9000,1.00535714286
268528,268536,270220,8,1684,2,9000,1.00475059382
268539,268688,270390,149,1702,2,9000,1.0875440658
268693,268710,270388,17,1678,2,9000,1.01013110846
268715,268721,270434,6,1713,2,9000,1.00350262697
268725,268733,270426,8,1693,2,9000,1.00472533963
268736,268863,270537,127,1674,2,9000,1.07586618877
268860,268870,270567,10,1697,2,9000,1.00589275192
268871,268878,270575,7,1697,2,9000,1.00412492634
268881,268899,270576,18,1677,2,9000,1.01073345259
268902,268909,270588,7,1679,2,9000,1.0041691483
268913,268920,270606,7,1686,2,9000,1.00415183867
268924,268930,270600,6,1670,2,9000,1.00359281437
268935,268942,270644,7,1702,2,9000,1.00411280846
268946,268952,270632,6,1680,2,9000,1.00357142857
268957,268964,270632,7,1668,2,9000,1.00419664269
268967,269082,270780,115,1698,2,9000,1.06772673734
269081,269092,270789,11,1697,2,9000,1.00648202711
269092,269105,270792,13,1687,2,9000,1.00770598696
269102,269133,270826,31,1693,2,9000,1.01831069108
269134,269163,270840,29,1677,2,9000,1.01729278473
269165,269172,270846,7,1674,2,9000,1.00418160096
269176,269182,270859,6,1677,2,9000,1.00357781753
269187,269194,270866,7,1672,2,9000,1.00418660287
269197,269205,270889,8,1684,2,9000,1.00475059382
269208,269214,270892,6,1678,2,9000,1.00357568534
269219,269225,270902,6,1677,2,9000,1.00357781753
269230,269236,270905,6,1669,2,9000,1.00359496705
269241,269248,270917,7,1669,2,9000,1.00419412822
269251,269258,270929,7,1671,2,9000,1.00418910832
269262,269269,270965,7,1696,2,9000,1.00412735849
269273,269280,270961,7,1681,2,9000,1.00416418798
269284,269290,270967,6,1677,2,9000,1.00357781753
269290,269298,270330,8,1032,1,3600,1.00775193798
269294,269305,270987,11,1682,2,9000,1.00653983353
269305,269312,270975,7,1663,2,9000,1.00420926037
269316,269323,270995,7,1672,2,9000,1.00418660287
269327,269333,271015,6,1682,2,9000,1.00356718193
269337,269344,271013,7,1669,2,9000,1.00419412822
269348,269355,271028,7,1673,2,9000,1.00418410042
269359,269365,271056,6,1691,2,9000,1.00354819633
269370,269376,271043,6,1667,2,9000,1.00359928014
269381,269388,271053,7,1665,2,9000,1.0042042042
269391,269398,271080,7,1682,2,9000,1.00416171225
269402,269409,271069,7,1660,2,9000,1.00421686747
269413,269420,271096,7,1676,2,9000,1.00417661098
269424,269431,271103,7,1672,2,9000,1.00418660287
269434,269442,271110,8,1668,2,9000,1.00479616307
269445,269452,271129,7,1677,2,9000,1.00417412045
269456,269463,271128,7,1665,2,9000,1.0042042042
269467,269474,271158,7,1684,2,9000,1.0041567696
269478,269485,271166,7,1681,2,9000,1.00416418798
269488,269495,271171,7,1676,2,9000,1.00417661098
269499,269511,271173,12,1662,2,9000,1.00722021661
269510,269518,271188,8,1670,2,9000,1.00479041916
269521,269528,271207,7,1679,2,9000,1.0041691483
269532,269540,271225,8,1685,2,9000,1.00474777448
269542,269549,271221,7,1672,2,9000,1.00418660287
269553,269656,271331,103,1675,2,9000,1.06149253731
269656,269694,271362,38,1668,2,9000,1.02278177458
269698,269705,271371,7,1666,2,9000,1.00420168067
269709,269733,271412,24,1679,2,9000,1.01429422275
269730,269750,271451,20,1701,2,9000,1.01175778954
269751,269771,271447,20,1676,2,9000,1.01193317422
269772,269780,271452,8,1672,2,9000,1.004784689
269783,269790,271461,7,1671,2,9000,1.00418910832
269793,269800,271481,7,1681,2,9000,1.00416418798
269804,269811,271483,7,1672,2,9000,1.00418660287
269815,269822,271481,7,1659,2,9000,1.00421940928
269826,269833,271510,7,1677,2,9000,1.00417412045
269837,269844,271516,7,1672,2,9000,1.00418660287
269847,269855,271525,8,1670,2,9000,1.00479041916
269858,269864,271525,6,1661,2,9000,1.00361228176
269869,269875,271544,6,1669,2,9000,1.00359496705
269880,269887,271543,7,1656,2,9000,1.00422705314
269890,269897,271583,7,1686,2,9000,1.00415183867
269901,269908,271568,7,1660,2,9000,1.00421686747
269912,269918,271586,6,1668,2,9000,1.0035971223
269923,269929,271601,6,1672,2,9000,1.00358851675
269934,269941,271597,7,1656,2,9000,1.00422705314
269944,269951,271616,7,1665,2,9000,1.0042042042
269955,269961,271619,6,1658,2,9000,1.00361881785
269966,269972,271644,6,1672,2,9000,1.00358851675
269977,269984,271653,7,1669,2,9000,1.00419412822
269988,269994,271695,6,1701,2,9000,1.00352733686
269998,270014,271679,16,1665,2,9000,1.00960960961
270020,270026,271708,6,1682,2,9000,1.00356718193
270030,270038,271715,8,1677,2,9000,1.00477042338
270041,270048,271716,7,1668,2,9000,1.00419664269
270052,270062,271729,10,1667,2,9000,1.00599880024
270063,270071,271746,8,1675,2,9000,1.0047761194
270074,270083,271746,9,1663,2,9000,1.00541190619
270084,270094,271772,10,1678,2,9000,1.00595947557
270095,270116,271783,21,1667,2,9000,1.0125974805
270116,270123,271797,7,1674,2,9000,1.00418160096
270127,270140,271817,13,1677,2,9000,1.00775193798
270138,270151,271813,13,1662,2,9000,1.00782190132
270149,270161,271830,12,1669,2,9000,1.00718993409
270159,270168,271847,9,1679,2,9000,1.00536033353
270170,270176,271845,6,1669,2,9000,1.00359496705
270181,270219,271874,38,1655,2,9000,1.02296072508
270223,270229,271908,6,1679,2,9000,1.00357355569
270233,270240,271904,7,1664,2,9000,1.00420673077
270244,270401,272092,157,1691,2,9000,1.09284447073
270399,270408,272088,9,1680,2,9000,1.00535714286
270409,270438,272105,29,1667,2,9000,1.0173965207
270441,270448,272122,7,1674,2,9000,1.00418160096
270452,270550,272228,98,1678,2,9000,1.05840286055
270555,270579,272243,24,1664,2,9000,1.01442307692
270576,270588,272259,12,1671,2,9000,1.00718132855
270587,270595,272260,8,1665,2,9000,1.0048048048
270597,270604,272276,7,1672,2,9000,1.00418660287
270608,270615,272280,7,1665,2,9000,1.0042042042
270619,270625,272293,6,1668,2,9000,1.0035971223
270630,270644,272306,14,1662,2,9000,1.00842358604
270641,270651,272332,10,1681,2,9000,1.00594883998
270651,270658,272337,7,1679,2,9000,1.0041691483
270662,270792,272471,130,1679,2,9000,1.0774270399
270796,270803,272466,7,1663,2,9000,1.00420926037
270807,270814,272476,7,1662,2,9000,1.00421179302
270817,271920,282752,1103,10832,32,10800,1.10182791728
270818,270838,272504,20,1666,2,9000,1.01200480192
270839,270852,272451,13,1599,2,9000,1.0081300813
270854,270861,272526,7,1665,2,9000,1.0042042042
270860,270869,270875,9,6,1,3600,1.5
270865,270876,272543,11,1667,2,9000,1.00659868026
270876,270883,272515,7,1632,2,9000,1.00428921569
270887,270901,272538,14,1637,2,9000,1.00855222969
270898,270908,272588,10,1680,2,9000,1.00595238095
270909,270915,272551,6,1636,2,9000,1.00366748166
270919,270926,272539,7,1613,2,9000,1.00433973962
270930,270938,272584,8,1646,2,9000,1.00486026731
270941,270948,272590,7,1642,2,9000,1.00426309379
270952,270973,272581,21,1608,2,9000,1.01305970149
270974,270982,272618,8,1636,2,9000,1.00488997555
270985,270991,272586,6,1595,2,9000,1.00376175549
270989,270998,271235,9,237,1,3600,1.03797468354
270996,271005,272586,9,1581,2,9000,1.00569259962
271027,271034,272690,7,1656,2,9000,1.00422705314
271037,271045,272696,8,1651,2,9000,1.00484554815
271048,271055,272721,7,1666,2,9000,1.00420168067
271059,271067,272727,8,1660,2,9000,1.00481927711
271070,271077,272743,7,1666,2,9000,1.00420168067
271081,271088,272774,7,1686,2,9000,1.00415183867
271091,271098,272774,7,1676,2,9000,1.00417661098
271102,271110,272776,8,1666,2,9000,1.00480192077
271113,271120,272803,7,1683,2,9000,1.00415923945
271124,271131,272797,7,1666,2,9000,1.00420168067
271134,271142,272819,8,1677,2,9000,1.00477042338
271145,271152,272827,7,1675,2,9000,1.00417910448
271156,271162,272832,6,1670,2,9000,1.00359281437
271167,271174,272853,7,1679,2,9000,1.0041691483
271178,271185,272862,7,1677,2,9000,1.00417412045
271188,271196,272870,8,1674,2,9000,1.00477897252
271199,271205,272875,6,1670,2,9000,1.00359281437
271210,271216,272911,6,1695,2,9000,1.00353982301
271221,271227,272898,6,1671,2,9000,1.00359066427
271232,271238,272899,6,1661,2,9000,1.00361228176
271242,271248,272920,6,1672,2,9000,1.00358851675
271253,271259,272925,6,1666,2,9000,1.00360144058
271264,271270,272932,6,1662,2,9000,1.0036101083
271275,271343,273017,68,1674,2,9000,1.04062126643
271347,271374,273034,27,1660,2,9000,1.01626506024
271358,271365,272007,7,642,1,3600,1.01090342679
271378,271386,273058,8,1672,2,9000,1.004784689
271389,271424,273094,35,1670,2,9000,1.02095808383
271421,271459,273153,38,1694,2,9000,1.02243211334
271462,271468,273143,6,1675,2,9000,1.00358208955
271473,271479,273167,6,1688,2,9000,1.00355450237
271484,271491,273164,7,1673,2,9000,1.00418410042
271494,271502,273191,8,1689,2,9000,1.00473653049
271505,271511,273190,6,1679,2,9000,1.00357355569
271516,271524,273190,8,1666,2,9000,1.00480192077
271528,271535,273268,7,1733,2,9000,1.00403923832
271538,271545,273213,7,1668,2,9000,1.00419664269
271549,271557,273215,8,1658,2,9000,1.00482509047
271560,271567,273250,7,1683,2,9000,1.00415923945
271571,271577,273269,6,1692,2,9000,1.00354609929
271582,271589,273270,7,1681,2,9000,1.00416418798
271593,271600,273290,7,1690,2,9000,1.00414201183
271603,271611,273290,8,1679,2,9000,1.00476474092
271614,271621,273310,7,1689,2,9000,1.00414446418
271625,271632,273341,7,1709,2,9000,1.00409596255
271636,271643,273351,7,1708,2,9000,1.00409836066
271647,271653,273353,6,1700,2,9000,1.00352941176
271658,271664,273328,6,1664,2,9000,1.00360576923
271835,271842,272081,7,239,1,3600,1.02928870293
271869,271876,271885,7,9,1,1800,1.6
272205,272212,273041,7,829,1,3600,1.00844390832
272221,272229,272314,8,85,1,1800,1.09411764706
272309,272316,273406,7,1090,1,3600,1.00642201835
272550,272556,274226,6,1670,2,9000,1.00359281437
272560,272568,274251,8,1683,2,9000,1.00475341652
272571,272577,274258,6,1681,2,9000,1.00356930399
272582,272588,274247,6,1659,2,9000,1.00361663653
272593,272600,274273,7,1673,2,9000,1.00418410042
272604,272611,274285,7,1674,2,9000,1.00418160096
272614,272621,274282,7,1661,2,9000,1.00421432872
272625,272632,274297,7,1665,2,9000,1.0042042042
272636,272642,274305,6,1663,2,9000,1.00360793746
272647,272653,274307,6,1654,2,9000,1.00362756953
272657,272665,274337,8,1672,2,9000,1.004784689
272668,272675,274334,7,1659,2,9000,1.00421940928
272679,272686,274352,7,1666,2,9000,1.00420168067
272690,272697,274366,7,1669,2,9000,1.00419412822
272700,272707,274376,7,1669,2,9000,1.00419412822
272711,272718,274378,7,1660,2,9000,1.00421686747
272722,272729,274395,7,1666,2,9000,1.00420168067
272728,272736,272839,8,103,1,1800,1.07766990291
272733,272745,274442,12,1697,2,9000,1.0070713023
272744,272751,274405,7,1654,2,9000,1.00423216445
272754,272761,274434,7,1673,2,9000,1.00418410042
272765,272771,274423,6,1652,2,9000,1.00363196126
272776,272783,274443,7,1660,2,9000,1.00421686747
272787,272793,274465,6,1672,2,9000,1.00358851675
272798,272805,274472,7,1667,2,9000,1.00419916017
272808,272815,274465,7,1650,2,9000,1.00424242424
272819,272825,274497,6,1672,2,9000,1.00358851675
272830,272836,274507,6,1671,2,9000,1.00359066427
272841,272849,274514,8,1665,2,9000,1.0048048048
272851,272858,274522,7,1664,2,9000,1.00420673077
272862,272869,274536,7,1667,2,9000,1.00419916017
272873,272880,274554,7,1674,2,9000,1.00418160096
272884,272890,274568,6,1678,2,9000,1.00357568534
272894,272902,274554,8,1652,2,9000,1.00484261501
272905,272912,274585,7,1673,2,9000,1.00418410042
272916,272922,274575,6,1653,2,9000,1.00362976407
272927,272935,274601,8,1666,2,9000,1.00480192077
272938,272945,274607,7,1662,2,9000,1.00421179302
272948,272955,274619,7,1664,2,9000,1.00420673077
272959,272966,274628,7,1662,2,9000,1.00421179302
272970,272977,274638,7,1661,2,9000,1.00421432872
272981,272988,274656,7,1668,2,9000,1.00419664269
272991,272998,274660,7,1662,2,9000,1.00421179302
273002,273009,274652,7,1643,2,9000,1.00426049909
273013,273020,274685,7,1665,2,9000,1.0042042042
273024,273031,274680,7,1649,2,9000,1.00424499697
273034,273042,274679,8,1637,2,9000,1.00488698839
273045,273052,274697,7,1645,2,9000,1.00425531915
273056,273063,274712,7,1649,2,9000,1.00424499697
273067,273074,274737,7,1663,2,9000,1.00420926037
273077,273085,274743,8,1658,2,9000,1.00482509047
273088,273095,274752,7,1657,2,9000,1.00422450211
273099,273106,274781,7,1675,2,9000,1.00417910448
273110,273117,274755,7,1638,2,9000,1.00427350427
273120,273126,274796,6,1670,2,9000,1.00359281437
273131,273137,274793,6,1656,2,9000,1.00362318841
273142,273149,274800,7,1651,2,9000,1.00423985463
273153,273160,274830,7,1670,2,9000,1.00419161677
273163,273170,274833,7,1663,2,9000,1.00420926037
273174,273180,274860,6,1680,2,9000,1.00357142857
273185,273192,274848,7,1656,2,9000,1.00422705314
273195,273202,274840,7,1638,2,9000,1.00427350427
273206,273213,274827,7,1614,2,9000,1.00433705081
273217,273224,274886,7,1662,2,9000,1.00421179302
273228,273235,274903,7,1668,2,9000,1.00419664269
273238,273246,274888,8,1642,2,9000,1.00487210719
273249,273256,274924,7,1668,2,9000,1.00419664269
273260,273267,274895,7,1628,2,9000,1.0042997543
273271,273277,274948,6,1671,2,9000,1.00359066427
273281,273288,274916,7,1628,2,9000,1.0042997543
273282,273293,274161,11,868,1,3600,1.01267281106
273292,273300,274949,8,1649,2,9000,1.00485142511
273303,273310,274973,7,1663,2,9000,1.00420926037
273313,273321,274965,8,1644,2,9000,1.00486618005
273324,273330,274989,6,1659,2,9000,1.00361663653
273335,273341,274983,6,1642,2,9000,1.00365408039
273346,273352,274951,6,1599,2,9000,1.00375234522
273356,273363,274929,7,1566,2,9000,1.00446998723
273367,273374,275035,7,1661,2,9000,1.00421432872
273378,273384,275047,6,1663,2,9000,1.00360793746
273389,273396,275030,7,1634,2,9000,1.00428396573
273399,273407,275072,8,1665,2,9000,1.0048048048
273410,273417,275090,7,1673,2,9000,1.00418410042
273421,273428,275086,7,1658,2,9000,1.00422195416
273432,273439,275080,7,1641,2,9000,1.00426569165
273442,273449,275084,7,1635,2,9000,1.00428134557
273453,274238,275877,785,1639,2,9000,1.47895057962
273653,274171,274557,518,386,1,1800,2.34196891192
274243,274259,275909,16,1650,2,9000,1.0096969697
274264,274272,275944,8,1672,2,9000,1.004784689
274275,274281,275981,6,1700,2,9000,1.00352941176
274286,274293,275939,7,1646,2,9000,1.0042527339
274296,274303,275960,7,1657,2,9000,1.00422450211
274307,274314,275987,7,1673,2,9000,1.00418410042
274318,274325,276003,7,1678,2,9000,1.0041716329
274329,274336,275943,7,1607,2,9000,1.00435594275
274340,274346,276027,6,1681,2,9000,1.00356930399
274350,274357,275965,7,1608,2,9000,1.00435323383
274361,274367,275999,6,1632,2,9000,1.00367647059
274372,274379,276050,7,1671,2,9000,1.00418910832
274383,274391,276086,8,1695,2,9000,1.00471976401
274393,274400,276067,7,1667,2,9000,1.00419916017
274404,274410,276087,6,1677,2,9000,1.00357781753
274415,274422,276112,7,1690,2,9000,1.00414201183
274426,274433,276141,7,1708,2,9000,1.00409836066
274436,274443,276120,7,1677,2,9000,1.00417412045
274447,274454,276113,7,1659,2,9000,1.00421940928
274458,274465,276077,7,1612,2,9000,1.00434243176
274469,274476,276113,7,1637,2,9000,1.00427611484
274479,274487,276058,8,1571,2,9000,1.0050922979
274490,274497,276056,7,1559,2,9000,1.00449005773
274501,274508,276168,7,1660,2,9000,1.00421686747
274512,274519,276214,7,1695,2,9000,1.00412979351
274523,274529,276227,6,1698,2,9000,1.0035335689
274533,274541,276242,8,1701,2,9000,1.00470311581
274544,274550,276244,6,1694,2,9000,1.00354191263
274555,274561,276263,6,1702,2,9000,1.00352526439
274566,274572,276248,6,1676,2,9000,1.00357995227
274576,274583,276236,7,1653,2,9000,1.00423472474
274587,274593,276229,6,1636,2,9000,1.00366748166
274598,274605,276218,7,1613,2,9000,1.00433973962
274609,274615,276159,6,1544,2,9000,1.00388601036
274619,274627,276315,8,1688,2,9000,1.00473933649
274630,274636,276342,6,1706,2,9000,1.00351699883
274641,274647,276318,6,1671,2,9000,1.00359066427
274652,274659,276353,7,1694,2,9000,1.0041322314
274662,274670,276352,8,1682,2,9000,1.00475624257
274673,274680,276385,7,1705,2,9000,1.00410557185
274684,274691,276370,7,1679,2,9000,1.0041691483
274695,274701,276339,6,1638,2,9000,1.00366300366
274705,274713,276327,8,1614,2,9000,1.00495662949
274716,274723,276286,7,1563,2,9000,1.00447856686
274727,274734,276398,7,1664,2,9000,1.00420673077
274738,274744,276424,6,1680,2,9000,1.00357142857
274749,274755,276444,6,1689,2,9000,1.00355239787
274759,274767,276425,8,1658,2,9000,1.00482509047
274770,274777,276420,7,1643,2,9000,1.00426049909
274781,274788,276429,7,1641,2,9000,1.00426569165
274792,274798,276440,6,1642,2,9000,1.00365408039
274802,274809,276317,7,1508,2,9000,1.00464190981
274813,274820,276480,7,1660,2,9000,1.00421686747
274824,274830,276494,6,1664,2,9000,1.00360576923
274835,274842,276466,7,1624,2,9000,1.00431034483
274846,274852,276464,6,1612,2,9000,1.00372208437
274856,274863,276387,7,1524,2,9000,1.00459317585
274867,274874,276394,7,1520,2,9000,1.00460526316
274898,274905,276590,7,1685,2,9000,1.00415430267
274909,274915,276574,6,1659,2,9000,1.00361663653
274919,274926,276597,7,1671,2,9000,1.00418910832
274930,274937,276608,7,1671,2,9000,1.00418910832
274941,274948,276605,7,1657,2,9000,1.00422450211
274952,274959,276642,7,1683,2,9000,1.00415923945
274962,274968,276639,6,1671,2,9000,1.00359066427
274973,274980,276658,7,1678,2,9000,1.0041716329
274984,274991,276643,7,1652,2,9000,1.00423728814
274995,275001,276685,6,1684,2,9000,1.00356294537
275005,275011,276686,6,1675,2,9000,1.00358208955
275016,275022,276689,6,1667,2,9000,1.00359928014
275027,275034,276697,7,1663,2,9000,1.00420926037
275038,275044,276715,6,1671,2,9000,1.00359066427
275048,275056,276712,8,1656,2,9000,1.00483091787
275054,275063,275149,9,86,1,3600,1.10465116279
275059,275069,276731,10,1662,2,9000,1.00601684717
275070,275076,276744,6,1668,2,9000,1.0035971223
275081,275088,276763,7,1675,2,9000,1.00417910448
275091,275099,276752,8,1653,2,9000,1.00483968542
275102,275109,276776,7,1667,2,9000,1.00419916017
275113,275120,276796,7,1676,2,9000,1.00417661098
275124,275131,276794,7,1663,2,9000,1.00420926037
275134,275141,276803,7,1662,2,9000,1.00421179302
275145,275151,276818,6,1667,2,9000,1.00359928014
275156,275162,276832,6,1670,2,9000,1.00359281437
275167,275890,277563,723,1673,2,9000,1.43215780036
275266,275274,275281,8,7,1,1800,1.5
275283,275291,275631,8,340,1,3600,1.02352941176
275441,275641,275688,200,47,1,1800,5.25531914894
275895,275921,277595,26,1674,2,9000,1.01553166069
275922,275929,276492,7,563,1,3600,1.01243339254
275926,275951,277631,25,1680,2,9000,1.01488095238
275931,275964,276052,33,88,1,1800,1.375
275947,275958,277619,11,1661,2,9000,1.00662251656
275958,275973,277632,15,1659,2,9000,1.00904159132
275969,275980,277650,11,1670,2,9000,1.00658682635
275980,275993,277665,13,1672,2,9000,1.00777511962
275991,276000,277658,9,1658,2,9000,1.00542822678
276002,276011,277671,9,1660,2,9000,1.00542168675
276012,276020,277679,8,1659,2,9000,1.00482218204
276023,276039,277712,16,1673,2,9000,1.0095636581
276044,276062,277739,18,1677,2,9000,1.01073345259
276055,276069,277750,14,1681,2,9000,1.00832837597
276066,276076,277748,10,1672,2,9000,1.00598086124
276077,276083,277751,6,1668,2,9000,1.0035971223
276088,276095,277756,7,1661,2,9000,1.00421432872
276098,276106,277770,8,1664,2,9000,1.00480769231
276109,276116,277784,7,1668,2,9000,1.00419664269
276120,276128,277783,8,1655,2,9000,1.00483383686
276131,276138,277811,7,1673,2,9000,1.00418410042
276142,276149,277843,7,1694,2,9000,1.0041322314
276152,276159,277837,7,1678,2,9000,1.0041716329
276163,276170,277836,7,1666,2,9000,1.00420168067
276174,276182,277846,8,1664,2,9000,1.00480769231
276185,276192,277855,7,1663,2,9000,1.00420926037
276195,276202,277895,7,1693,2,9000,1.00413467218
276206,276226,277891,20,1665,2,9000,1.01201201201
276227,276234,277916,7,1682,2,9000,1.00416171225
276238,276245,277909,7,1664,2,9000,1.00420673077
276249,276256,277915,7,1659,2,9000,1.00421940928
276259,276267,277931,8,1664,2,9000,1.00480769231
276270,276277,277996,7,1719,2,9000,1.00407213496
276281,276288,277968,7,1680,2,9000,1.00416666667
276292,276298,277960,6,1662,2,9000,1.0036101083
276302,276310,277987,8,1677,2,9000,1.00477042338
276313,276320,277981,7,1661,2,9000,1.00421432872
276324,276330,277985,6,1655,2,9000,1.00362537764
276335,276341,278010,6,1669,2,9000,1.00359496705
276345,276353,278023,8,1670,2,9000,1.00479041916
276356,276363,278042,7,1679,2,9000,1.0041691483
276367,276374,278039,7,1665,2,9000,1.0042042042
276378,276384,278053,6,1669,2,9000,1.00359496705
276389,276396,278057,7,1661,2,9000,1.00421432872
276399,276406,278083,7,1677,2,9000,1.00417412045
276410,276417,278066,7,1649,2,9000,1.00424499697
276421,276428,278085,7,1657,2,9000,1.00422450211
276432,276438,278131,6,1693,2,9000,1.00354400473
276442,276450,278140,8,1690,2,9000,1.00473372781
276453,276459,278128,6,1669,2,9000,1.00359496705
276464,276471,278149,7,1678,2,9000,1.0041716329
276475,276482,278166,7,1684,2,9000,1.0041567696
276485,276492,278185,7,1693,2,9000,1.00413467218
276496,276503,278168,7,1665,2,9000,1.0042042042
276507,276513,278182,6,1669,2,9000,1.00359496705
276518,276525,278194,7,1669,2,9000,1.00419412822
276528,276535,278210,7,1675,2,9000,1.00417910448
276539,276546,278208,7,1662,2,9000,1.00421179302
276550,276557,278218,7,1661,2,9000,1.00421432872
276561,276568,278231,7,1663,2,9000,1.00420926037
276571,276586,278250,15,1664,2,9000,1.00901442308
276582,276602,278266,20,1664,2,9000,1.01201923077
276603,276611,278261,8,1650,2,9000,1.00484848485
276614,276620,278314,6,1694,2,9000,1.00354191263
276625,276632,278297,7,1665,2,9000,1.0042042042
276636,276651,278326,15,1675,2,9000,1.00895522388
276646,276658,278324,12,1666,2,9000,1.00720288115
276657,276664,278334,7,1670,2,9000,1.00419161677
276668,276675,278330,7,1655,2,9000,1.00422960725
276679,276697,278373,18,1676,2,9000,1.0107398568
276700,276706,278359,6,1653,2,9000,1.00362976407
276710,276717,278378,7,1661,2,9000,1.00421432872
276721,276728,278399,7,1671,2,9000,1.00418910832
276732,276739,278394,7,1655,2,9000,1.00422960725
276743,276749,278403,6,1654,2,9000,1.00362756953
276753,276761,278451,8,1690,2,9000,1.00473372781
276764,276770,278463,6,1693,2,9000,1.00354400473
276775,276781,278478,6,1697,2,9000,1.00353565115
276786,276793,278467,7,1674,2,9000,1.00418160096
276796,276803,278476,7,1673,2,9000,1.00418410042
276807,276814,278519,7,1705,2,9000,1.00410557185
276808,276821,277084,13,263,1,1800,1.04942965779
276818,276827,278487,9,1660,2,9000,1.00542168675
276829,276835,278502,6,1667,2,9000,1.00359928014
276839,276847,278518,8,1671,2,9000,1.00478755236
276850,276856,278507,6,1651,2,9000,1.00363416111
276861,277576,279224,715,1648,2,9000,1.4338592233
277579,277608,279280,29,1672,2,9000,1.01734449761
277611,277631,279311,20,1680,2,9000,1.0119047619
277632,277643,279310,11,1667,2,9000,1.00659868026
277642,277650,279320,8,1670,2,9000,1.00479041916
277653,277663,279316,10,1653,2,9000,1.00604960678
277664,277672,279323,8,1651,2,9000,1.00484554815
277675,277682,279334,7,1652,2,9000,1.00423728814
277685,277692,279353,7,1661,2,9000,1.00421432872
277696,277702,279360,6,1658,2,9000,1.00361881785
277707,277725,279403,18,1678,2,9000,1.01072705602
277728,277751,279419,23,1668,2,9000,1.01378896882
277749,277760,279455,11,1695,2,9000,1.00648967552
277760,277767,279454,7,1687,2,9000,1.00414937759
277770,277777,279446,7,1669,2,9000,1.00419412822
277781,277788,279426,7,1638,2,9000,1.00427350427
277792,277799,279437,7,1638,2,9000,1.00427350427
277803,277810,279491,7,1681,2,9000,1.00416418798
277813,277820,279460,7,1640,2,9000,1.00426829268
277824,277830,279533,6,1703,2,9000,1.00352319436
277835,277849,279568,14,1719,2,9000,1.00814426992
277846,277856,279523,10,1667,2,9000,1.00599880024
277857,277863,279540,6,1677,2,9000,1.00357781753
277867,277873,279562,6,1689,2,9000,1.00355239787
277878,277885,279546,7,1661,2,9000,1.00421432872
277889,277904,279596,15,1692,2,9000,1.00886524823
277900,277911,279546,11,1635,2,9000,1.00672782875
277910,277921,279586,11,1665,2,9000,1.00660660661
277921,277928,279568,7,1640,2,9000,1.00426829268
277932,277939,279616,7,1677,2,9000,1.00417412045
277943,277950,279593,7,1643,2,9000,1.00426049909
277954,277972,279668,18,1696,2,9000,1.01061320755
277975,277982,279669,7,1687,2,9000,1.00414937759
277985,277993,279693,8,1700,2,9000,1.00470588235
277996,278003,279667,7,1664,2,9000,1.00420673077
278007,278013,279700,6,1687,2,9000,1.00355660937
278018,278024,279675,6,1651,2,9000,1.00363416111
278028,278035,279665,7,1630,2,9000,1.00429447853
278039,278046,279710,7,1664,2,9000,1.00420673077
278050,278057,279731,7,1674,2,9000,1.00418160096
278061,278068,279736,7,1668,2,9000,1.00419664269
278072,278078,279755,6,1677,2,9000,1.00357781753
278082,278089,279731,7,1642,2,9000,1.00426309379
278093,278099,279736,6,1637,2,9000,1.0036652413
278104,278111,279733,7,1622,2,9000,1.00431565968
278115,278121,279776,6,1655,2,9000,1.00362537764
278126,278140,279806,14,1666,2,9000,1.00840336134
278136,278147,279790,11,1643,2,9000,1.00669506999
278147,278154,279815,7,1661,2,9000,1.00421432872
278158,278165,279807,7,1642,2,9000,1.00426309379
278169,278178,279803,9,1625,2,9000,1.00553846154
278179,278187,279814,8,1627,2,9000,1.0049170252
278190,278197,279779,7,1582,2,9000,1.00442477876
278201,278207,279867,6,1660,2,9000,1.00361445783
278212,278219,279857,7,1638,2,9000,1.00427350427
278223,278229,279850,6,1621,2,9000,1.00370141888
278233,278240,279882,7,1642,2,9000,1.00426309379
278244,278251,279858,7,1607,2,9000,1.00435594275
278255,278261,279840,6,1579,2,9000,1.00379987334
278266,278273,279871,7,1598,2,9000,1.00438047559
278276,278283,279926,7,1643,2,9000,1.00426049909
278287,278294,279951,7,1657,2,9000,1.00422450211
278298,278310,279968,12,1658,2,9000,1.00723763571
278309,278326,279975,17,1649,2,9000,1.01030927835
278330,278336,280012,6,1676,2,9000,1.00357995227
278340,278347,280007,7,1660,2,9000,1.00421686747
278351,278357,280039,6,1682,2,9000,1.00356718193
278362,278369,280037,7,1668,2,9000,1.00419664269
278373,278379,280050,6,1671,2,9000,1.00359066427
278383,278390,280068,7,1678,2,9000,1.0041716329
278394,278401,280077,7,1676,2,9000,1.00417661098
278405,278413,280086,8,1673,2,9000,1.00478182905
278416,278422,280092,6,1670,2,9000,1.00359281437
278426,278434,280100,8,1666,2,9000,1.00480192077
278437,278463,280164,26,1701,2,9000,1.0152851264
278469,278475,280162,6,1687,2,9000,1.00355660937
278479,278486,280159,7,1673,2,9000,1.00418410042
278490,278496,280185,6,1689,2,9000,1.00355239787
278501,278507,280178,6,1671,2,9000,1.00359066427
278512,278519,280191,7,1672,2,9000,1.00418660287
278522,278529,280220,7,1691,2,9000,1.00413956239
278533,278540,280228,7,1688,2,9000,1.00414691943
278544,278551,280224,7,1673,2,9000,1.00418410042
278555,278562,280233,7,1671,2,9000,1.00418910832
278565,279236,280930,671,1694,2,9000,1.3961038961
279233,279292,280981,59,1689,2,9000,1.03493191237
279295,279322,281026,27,1704,2,9000,1.01584507042
279326,279334,281009,8,1675,2,9000,1.0047761194
279337,279344,281035,7,1691,2,9000,1.00413956239
279348,279355,281079,7,1724,2,9000,1.00406032483
279359,279365,281025,6,1660,2,9000,1.00361445783
279370,279377,281059,7,1682,2,9000,1.00416171225
279380,279388,281055,8,1667,2,9000,1.00479904019
279391,279398,281108,7,1710,2,9000,1.00409356725
279402,279415,281120,13,1705,2,9000,1.00762463343
279413,279432,281103,19,1671,2,9000,1.01137043686
279434,279441,281086,7,1645,2,9000,1.00425531915
279445,279452,281120,7,1668,2,9000,1.00419664269
279455,279463,281087,8,1624,2,9000,1.00492610837
279466,279473,281121,7,1648,2,9000,1.00424757282
279477,279484,281052,7,1568,2,9000,1.00446428571
279488,279494,281163,6,1669,2,9000,1.00359496705
279499,279505,281205,6,1700,2,9000,1.00352941176
279509,279535,281244,26,1709,2,9000,1.01521357519
279531,279545,281271,14,1726,2,9000,1.00811123986
279541,279552,281242,11,1690,2,9000,1.00650887574
279552,279559,281263,7,1704,2,9000,1.00410798122
279563,279570,281263,7,1693,2,9000,1.00413467218
279574,279582,281285,8,1703,2,9000,1.00469759248
279585,279592,281231,7,1639,2,9000,1.00427089689
279596,279603,281288,7,1685,2,9000,1.00415430267
279607,279614,281304,7,1690,2,9000,1.00414201183
279618,279625,281258,7,1633,2,9000,1.0042865891
279629,279636,281319,7,1683,2,9000,1.00415923945
279640,279647,281282,7,1635,2,9000,1.00428134557
279651,279677,281238,26,1561,2,9000,1.01665598975
279682,279690,281353,8,1663,2,9000,1.00481058328
279693,279699,281354,6,1655,2,9000,1.00362537764
279704,279711,281368,7,1657,2,9000,1.00422450211
279715,279721,281391,6,1670,2,9000,1.00359281437
279726,279733,281393,7,1660,2,9000,1.00421686747
279728,279739,279821,11,82,1,1800,1.13414634146
279737,279747,281416,10,1669,2,9000,1.00599161174
279747,279754,281432,7,1678,2,9000,1.0041716329
279758,279765,281428,7,1663,2,9000,1.00420926037
279769,279776,281478,7,1702,2,9000,1.00411280846
279780,279786,281452,6,1666,2,9000,1.00360144058
279791,279798,281445,7,1647,2,9000,1.00425015179
279801,279809,281440,8,1631,2,9000,1.00490496628
279812,279820,281497,8,1677,2,9000,1.00477042338
279823,279831,281499,8,1668,2,9000,1.00479616307
279834,279840,281502,6,1662,2,9000,1.0036101083
279845,279852,281532,7,1680,2,9000,1.00416666667
279856,279862,281533,6,1671,2,9000,1.00359066427
279866,279873,281536,7,1663,2,9000,1.00420926037
279877,279885,281557,8,1672,2,9000,1.004784689
279888,279896,281562,8,1666,2,9000,1.00480192077
279899,279906,281602,7,1696,2,9000,1.00412735849
279910,279917,281580,7,1663,2,9000,1.00420926037
279920,279928,281578,8,1650,2,9000,1.00484848485
279931,279938,281601,7,1663,2,9000,1.00420926037
279942,279949,281612,7,1663,2,9000,1.00420926037
279953,279960,281622,7,1662,2,9000,1.00421179302
279964,279970,281631,6,1661,2,9000,1.00361228176
279974,279981,281651,7,1670,2,9000,1.00419161677
279985,279991,281677,6,1686,2,9000,1.00355871886
279996,280002,281661,6,1659,2,9000,1.00361663653
280007,280013,281666,6,1653,2,9000,1.00362976407
280018,280026,281697,8,1671,2,9000,1.00478755236
280028,280035,281693,7,1658,2,9000,1.00422195416
280039,280046,281703,7,1657,2,9000,1.00422450211
280050,280056,281713,6,1657,2,9000,1.00362100181
280061,280068,281726,7,1658,2,9000,1.00422195416
280072,280079,281753,7,1674,2,9000,1.00418160096
280083,280090,281768,7,1678,2,9000,1.0041716329
280093,280100,281762,7,1662,2,9000,1.00421179302
280104,280110,281770,6,1660,2,9000,1.00361445783
280115,280122,281786,7,1664,2,9000,1.00420673077
280120,280129,280229,9,100,1,1800,1.09
280126,280136,281796,10,1660,2,9000,1.00602409639
280137,280172,281826,35,1654,2,9000,1.02116082225
280168,280179,281838,11,1659,2,9000,1.0066305003
280179,280186,281857,7,1671,2,9000,1.00418910832
280190,280197,281857,7,1660,2,9000,1.00421686747
280200,280208,281886,8,1678,2,9000,1.00476758045
280211,280218,281888,7,1670,2,9000,1.00419161677
280222,280232,281891,10,1659,2,9000,1.00602772755
280233,280241,281902,8,1661,2,9000,1.00481637568
280244,280251,281924,7,1673,2,9000,1.00418410042
280255,280262,281930,7,1668,2,9000,1.00419664269
280265,280942,282653,677,1711,2,9000,1.39567504383
280754,280760,281136,6,376,1,1800,1.01595744681
280943,280993,282659,50,1666,2,9000,1.0300120048
280995,281021,282680,26,1659,2,9000,1.01567209162
281026,281037,282675,11,1638,2,9000,1.00671550672
282266,282273,282318,7,45,1,1800,1.15555555556
282558,282564,282638,6,74,1,1800,1.08108108108
283255,283261,283517,6,256,1,1800,1.0234375
284639,299611,302416,14972,2805,1,14400,6.3376114082
284639,299617,305349,14978,5732,1,14400,3.61304954641
284640,299628,301200,14988,1572,1,14400,10.534351145
284640,299634,301776,14994,2142,1,14400,8.0
284640,299640,300476,15000,836,1,14400,18.9425837321
284640,299623,304266,14983,4643,1,14400,4.22700839974
284641,299651,299963,15010,312,1,14400,49.108974359
284641,299661,302254,15020,2593,1,14400,6.79251831855
284641,299645,300957,15004,1312,1,14400,12.4359756098
284641,299668,301637,15027,1969,1,14400,8.63179278822
284641,299656,306419,15015,6763,1,14400,3.22016856425
284642,299690,300884,15048,1194,1,14400,13.6030150754
284642,299685,305560,15043,5875,1,14400,3.5605106383
284642,299674,302112,15032,2438,1,14400,7.16570959803
284642,299679,305400,15037,5721,1,14400,3.62838664569
284643,299701,307409,15058,7708,1,14400,2.95355474831
284643,299696,303183,15053,3487,1,14400,5.31689131058
284643,299718,300653,15075,935,1,14400,17.1229946524
284643,299707,300630,15064,923,1,14400,17.3206933911
284643,299712,307511,15069,7799,1,14400,2.93217079113
284644,299734,301332,15090,1598,1,14400,10.4430538173
284644,299740,301310,15096,1570,1,14400,10.6152866242
284644,299723,301170,15079,1447,1,14400,11.4208707671
284644,299729,314134,15085,14405,1,14400,2.04720583131
284645,299751,304104,15106,4353,1,14400,4.47025040202
284645,299761,312866,15116,13105,1,14400,2.15345288058
284645,299745,301534,15100,1789,1,14400,9.44046953605
284645,299756,302385,15111,2629,1,14400,6.7478128566
284646,299767,301579,15121,1812,1,14400,9.34492273731
284646,299772,300851,15126,1079,1,14400,15.0185356812
284646,299783,304851,15137,5068,1,14400,3.98677979479
284646,299789,303098,15143,3309,1,14400,5.5763070414
284646,299778,304264,15132,4486,1,14400,4.37316094516
284647,299805,301602,15158,1797,1,14400,9.43516972732
284647,299811,300518,15164,707,1,14400,22.4483734088
284647,299795,302309,15148,2514,1,14400,7.02545743835
284647,299816,300150,15169,334,1,14400,46.4161676647
284647,299800,300751,15153,951,1,14400,16.9337539432
284648,299827,308940,15179,9113,1,14400,2.66564248875
284648,299822,304574,15174,4752,1,14400,4.19318181818
284648,299838,301046,15190,1208,1,14400,13.5745033113
284648,299833,299835,15185,2,1,14400,1518.7
284649,299860,301195,15211,1335,1,14400,12.3940074906
284649,299855,303470,15206,3615,1,14400,5.20636237898
284649,299849,299855,15200,6,1,14400,1520.6
284649,299844,303401,15195,3557,1,14400,5.27185830756
284650,299883,301902,15233,2019,1,14400,8.54482417038
284650,299889,299893,15239,4,1,14400,1524.3
284650,299873,302542,15223,2669,1,14400,6.70363431997
284650,299866,303875,15216,4009,1,14400,4.79546021452
284650,299878,301410,15228,1532,1,14400,10.9399477807
284651,299910,306783,15259,6873,1,14400,3.22013676706
284651,299905,310626,15254,10721,1,14400,2.42281503591
284651,299900,310717,15249,10817,1,14400,2.40972543219
284651,299894,300950,15243,1056,1,14400,15.4346590909
284652,299923,301627,15271,1704,1,14400,9.96185446009
284652,299916,302623,15264,2707,1,14400,6.63871444403
284653,299929,302173,15276,2244,1,14400,7.80748663102
284653,299934,303197,15281,3263,1,14400,5.68311369905
284653,299950,302677,15297,2727,1,14400,6.60946094609
284653,299945,304631,15292,4686,1,14400,4.26333760137
284653,299939,301739,15286,1800,1,14400,9.49222222222
284654,299967,301503,15313,1536,1,14400,10.9694010417
284654,299961,301562,15307,1601,1,14400,10.5608994379
284654,299956,302179,15302,2223,1,14400,7.88349077823
284655,299979,302070,15324,2091,1,14400,8.32855093257
284655,299991,300870,15336,879,1,14400,18.4470989761
284655,299996,302924,15341,2928,1,14400,6.23941256831
284655,299972,303809,15317,3837,1,14400,4.99192077144
284655,299985,300881,15330,896,1,14400,18.109375
284656,300013,301800,15357,1787,1,14400,9.59373251259
284656,300019,301681,15363,1662,1,14400,10.2436823105
284656,300007,304946,15351,4939,1,14400,4.10811905244
284656,300002,302239,15346,2237,1,14400,7.86008046491
284657,300024,302537,15367,2513,1,14400,7.11500198965
284657,300041,314195,15384,14154,1,14400,2.08690122933
284657,300030,307112,15373,7082,1,14400,3.17071448743
284657,300035,301411,15378,1376,1,14400,12.175872093
284658,300057,304545,15399,4488,1,14400,4.43114973262
284658,300068,306184,15410,6116,1,14400,3.5196206671
284658,300051,303932,15393,3881,1,14400,4.96624581293
284658,300046,304735,15388,4689,1,14400,4.28172318192
284658,300062,300064,15404,2,1,14400,1540.6
284659,300079,303143,15420,3064,1,14400,6.03263707572
284659,300073,305844,15414,5771,1,14400,3.67094091145
284659,300091,301844,15432,1753,1,14400,9.80319452367
284659,300085,304135,15426,4050,1,14400,4.80888888889
284660,300107,303171,15447,3064,1,14400,6.04144908616
284660,300102,300103,15442,1,1,14400,1544.3
284660,300114,300117,15454,3,1,14400,1545.7
284660,300096,300097,15436,1,1,14400,1543.7
284661,300131,309035,15470,8904,1,14400,2.73742138365
284661,300125,300126,15464,1,1,14400,1546.5
284661,300142,302343,15481,2201,1,14400,8.03362108133
284661,300119,300121,15458,2,1,14400,1546.0
284661,300136,304106,15475,3970,1,14400,4.89798488665
284662,300164,300165,15502,1,1,14400,1550.3
284662,300148,302534,15486,2386,1,14400,7.49036043588
284662,300159,300160,15497,1,1,14400,1549.8
284662,300153,300156,15491,3,1,14400,1549.4
284663,300280,300283,15617,3,1,14400,1562.0
284663,300291,301313,15628,1022,1,14400,16.2915851272
284664,300307,302290,15643,1983,1,14400,8.88855269793
284664,300302,307014,15638,6712,1,14400,3.32985697259
284664,300296,305061,15632,4765,1,14400,4.28058761805
284664,300312,302496,15648,2184,1,14400,8.16483516484
284665,300339,300340,15674,1,1,14400,1567.5
284665,300328,302903,15663,2575,1,14400,7.0827184466
284665,300323,305267,15658,4944,1,14400,4.16707119741
284665,300318,305410,15653,5092,1,14400,4.07403770621
284665,300334,304426,15669,4092,1,14400,4.82917888563
284666,300362,301577,15696,1215,1,14400,13.9185185185
284666,300367,302278,15701,1911,1,14400,9.21611721612
284666,300356,300358,15690,2,1,14400,1569.2
284667,300384,300731,15717,347,1,14400,46.2939481268
284667,300390,301536,15723,1146,1,14400,14.719895288
284667,300491,301464,15824,973,1,14400,17.2631038027
284667,300402,304002,15735,3600,1,14400,5.37083333333
284668,300531,302498,15863,1967,1,14400,9.06456532791
284668,300745,305134,16077,4389,1,14400,4.66302118934
284668,300642,302311,15974,1669,1,14400,10.5710005992
284668,300665,303124,15997,2459,1,14400,7.5054900366
284669,300893,303233,16224,2340,1,14400,7.93333333333
284669,300863,304671,16194,3808,1,14400,5.25262605042
284669,300774,304923,16105,4149,1,14400,4.8816582309
284669,300882,305487,16213,4605,1,14400,4.5207383279
284670,300969,304723,16299,3754,1,14400,5.34176877997
284670,300900,303607,16230,2707,1,14400,6.99556704839
284670,301058,302646,16388,1588,1,14400,11.3198992443
284670,300962,303418,16292,2456,1,14400,7.6335504886
284671,301207,301208,16536,1,1,14400,1653.7
284671,301214,301215,16543,1,1,14400,1654.4
284671,301221,301222,16550,1,1,14400,1655.1
284671,301182,303260,16511,2078,1,14400,8.94562078922
284672,301235,301354,16563,119,1,14400,140.18487395
284672,301328,301428,16656,100,1,14400,167.56
284672,301333,301428,16661,95,1,14400,176.378947368
284672,301344,301633,16672,289,1,14400,58.6885813149
284672,301228,303642,16556,2414,1,14400,7.85832642916
284673,301374,301665,16701,291,1,14400,58.3917525773
284673,301433,301714,16760,281,1,14400,60.6441281139
284673,301445,301723,16772,278,1,14400,61.3309352518
284673,301450,306394,16777,4944,1,14400,4.39340614887
284674,301553,304722,16879,3169,1,14400,6.3262858946
284674,301574,301780,16900,206,1,14400,83.0388349515
284674,301476,303040,16802,1564,1,14400,11.7429667519
284674,301546,303664,16872,2118,1,14400,8.96600566572
284674,301515,303268,16841,1753,1,14400,10.606959498
284675,301589,301591,16914,2,1,14400,1691.6
284675,301603,301763,16928,160,1,14400,106.8
284675,301614,304409,16939,2795,1,14400,7.06046511628
284675,301596,304906,16921,3310,1,14400,6.11208459215
284676,301639,305229,16963,3590,1,14400,5.72506963788
284676,301653,303561,16977,1908,1,14400,9.89779874214
284676,301646,304503,16970,2857,1,14400,6.93979698985
284676,301677,302978,17001,1301,1,14400,14.0676402767
284677,301693,303374,17016,1681,1,14400,11.1225461035
284677,301698,309712,17021,8014,1,14400,3.12390816072
284677,301735,301737,17058,2,1,14400,1706.0
284677,301727,303348,17050,1621,1,14400,11.5181986428
284678,301776,302396,17098,620,1,14400,28.5774193548
284678,301749,301750,17071,1,1,14400,1707.2
284678,301763,303964,17085,2201,1,14400,8.76238073603
284678,301756,302037,17078,281,1,14400,61.7758007117
284679,301812,302837,17133,1025,1,14400,17.7151219512
284679,301795,313432,17116,11637,1,14400,2.47082581421
284679,301860,306463,17181,4603,1,14400,4.73256571801
284679,301802,303952,17123,2150,1,14400,8.96418604651
284680,302082,305769,17402,3687,1,14400,5.71982641714
284680,301924,304537,17244,2613,1,14400,7.59931113662
284680,302065,306451,17385,4386,1,14400,4.96374829001
284682,302184,302185,17502,1,1,14400,1750.3
284682,302190,303249,17508,1059,1,14400,17.5325779037
284682,302201,307731,17519,5530,1,14400,4.16799276673
284683,302266,304289,17583,2023,1,14400,9.69154720712
284683,302251,304112,17568,1861,1,14400,10.4400859753
284683,302290,304309,17607,2019,1,14400,9.720653789
284683,302208,304013,17525,1805,1,14400,10.7091412742
284684,302302,304589,17618,2287,1,14400,8.70354175776
284684,302334,305960,17650,3626,1,14400,5.86762272477
284684,302322,302331,17638,9,1,14400,1764.7
284684,302348,303106,17664,758,1,14400,24.3034300792
284685,302400,302401,17715,1,1,14400,1771.6
284685,302359,306110,17674,3751,1,14400,5.71181018395
284685,302419,304672,17734,2253,1,14400,8.87128273413
284685,302425,304795,17740,2370,1,14400,8.48523206751
284686,302437,304775,17751,2338,1,14400,8.59238665526
284686,302572,303923,17886,1351,1,14400,14.2390821614
284686,302566,305779,17880,3213,1,14400,6.56489262372
284686,302508,303891,17822,1383,1,14400,13.8864786696
284686,302524,305497,17838,2973,1,14400,7.0
284687,302659,308049,17972,5390,1,14400,4.33432282004
284687,302688,303799,18001,1111,1,14400,17.202520252
284687,302635,306178,17948,3543,1,14400,6.06576347728
284687,302577,309078,17890,6501,1,14400,3.75188432549
284688,302927,302929,18239,2,1,14400,1824.1
284688,302848,302849,18160,1,1,14400,1816.1
284688,302915,302916,18227,1,1,14400,1822.8
284688,302860,303659,18172,799,1,14400,23.7434292866
284689,302937,306733,18248,3796,1,14400,5.8071654373
284689,303021,303133,18332,112,1,14400,164.678571429
284689,302943,304703,18254,1760,1,14400,11.3715909091
284689,303001,303002,18312,1,1,14400,1831.3
284690,303073,303706,18383,633,1,14400,30.0410742496
284690,303130,305513,18440,2383,1,14400,8.73814519513
284690,303117,303119,18427,2,1,14400,1842.9
284690,303142,303143,18452,1,1,14400,1845.3
284691,303177,312524,18486,9347,1,14400,2.97774687065
284691,303165,305516,18474,2351,1,14400,8.85793279456
284691,303147,304895,18456,1748,1,14400,11.5583524027
284691,303182,305260,18491,2078,1,14400,9.89846005775
284692,303244,304774,18552,1530,1,14400,13.1254901961
284692,303261,304171,18569,910,1,14400,21.4054945055
284692,303196,304827,18504,1631,1,14400,12.3451870018
284692,303189,304343,18497,1154,1,14400,17.0285961872
284692,303210,304531,18518,1321,1,14400,15.0181680545
284693,303271,304729,18578,1458,1,14400,13.7421124829
284693,303281,304335,18588,1054,1,14400,18.6356736243
284693,303386,305641,18693,2255,1,14400,9.28957871397
284693,303359,306499,18666,3140,1,14400,6.94458598726
284694,303482,303639,18788,157,1,14400,120.668789809
284694,303416,305938,18722,2522,1,14400,8.42347343378
284694,303435,303897,18741,462,1,14400,41.5649350649
284694,303573,305209,18879,1636,1,14400,12.5397310513
284695,303627,303728,18932,101,1,14400,188.445544554
284695,303657,304415,18962,758,1,14400,26.0158311346
284695,303681,303843,18986,162,1,14400,118.197530864
284695,303669,304451,18974,782,1,14400,25.26342711
284695,303676,304410,18981,734,1,14400,26.8596730245
284696,303739,304827,19043,1088,1,14400,18.5027573529
284696,303718,303880,19022,162,1,14400,118.419753086
284696,303811,304631,19115,820,1,14400,24.3109756098
284696,303822,303983,19126,161,1,14400,119.795031056
284697,303887,304053,19190,166,1,14400,116.602409639
284697,303894,305005,19197,1111,1,14400,18.2790279028
284697,303903,304069,19206,166,1,14400,116.698795181
284697,303855,304011,19158,156,1,14400,123.807692308
284698,303915,304092,19217,177,1,14400,109.570621469
284698,303944,304294,19246,350,1,14400,55.9885714286
284698,303974,304448,19276,474,1,14400,41.6666666667
284698,303935,304402,19237,467,1,14400,42.1927194861
284699,303980,304425,19281,445,1,14400,44.3280898876
284699,304030,305563,19331,1533,1,14400,13.609915199
284699,303995,304100,19296,105,1,14400,184.771428571
284699,304035,306792,19336,2757,1,14400,8.01342038448
284699,304022,306703,19323,2681,1,14400,8.20738530399
284700,304104,307309,19404,3205,1,14400,7.05429017161
284700,304066,306261,19366,2195,1,14400,9.82277904328
284700,304084,318510,19384,14426,1,14400,2.34368501317
284701,304146,304147,19445,1,1,14400,1944.6
284701,304129,306372,19428,2243,1,14400,9.66161390994
284701,304164,304165,19463,1,1,14400,1946.4
284701,304141,305242,19440,1101,1,14400,18.6566757493
284701,304124,306570,19423,2446,1,14400,8.94071954211
284702,304193,304194,19491,1,1,14400,1949.2
284702,304188,306568,19486,2380,1,14400,9.18739495798
284703,304235,306074,19532,1839,1,14400,11.6209896683
284704,304306,308501,19602,4195,1,14400,5.67270560191
284704,304288,304754,19584,466,1,14400,43.025751073
284704,304300,304301,19596,1,1,14400,1959.7
284705,304324,304490,19619,166,1,14400,119.186746988
284705,304329,304330,19624,1,1,14400,1962.5
284705,304342,305080,19637,738,1,14400,27.608401084
284705,304334,312670,19629,8336,1,14400,3.35472648752
284706,304361,304645,19655,284,1,14400,70.2077464789
284706,304347,305576,19641,1229,1,14400,16.981285598
284707,304413,307724,19706,3311,1,14400,6.95167623075
284707,304391,304392,19684,1,1,14400,1968.5
284707,304419,304420,19712,1,1,14400,1971.3
284708,304426,315773,19718,11347,1,14400,2.73772803384
284708,304431,306021,19723,1590,1,14400,13.4044025157
284708,304437,314370,19729,9933,1,14400,2.98620759086
284709,304455,313980,19746,9525,1,14400,3.07307086614
284709,304449,306226,19740,1777,1,14400,12.1086100169
284709,304467,306287,19758,1820,1,14400,11.856043956
284710,304496,304497,19786,1,1,14400,1978.7
284710,304473,306295,19763,1822,1,14400,11.8468715697
284710,304503,304812,19793,309,1,14400,65.0550161812
284711,304524,304525,19813,1,1,14400,1981.4
284711,304544,307313,19833,2769,1,14400,8.1625135428
284711,304518,305630,19807,1112,1,14400,18.8120503597
284712,304568,304569,19856,1,1,14400,1985.7
284712,304556,305672,19844,1116,1,14400,18.7813620072
284713,304580,304581,19867,1,1,14400,1986.8
284713,304607,304707,19894,100,1,14400,199.94
284713,304593,305739,19880,1146,1,14400,18.3472949389
284713,304588,309205,19875,4617,1,14400,5.30474333983
284714,304626,304627,19912,1,1,14400,1991.3
284714,304651,305770,19937,1119,1,14400,18.8168007149
284715,304657,304749,19942,92,1,14400,217.760869565
284715,304669,304831,19954,162,1,14400,124.172839506
284716,304712,304713,19996,1,1,14400,1999.7
284716,304695,305832,19979,1137,1,14400,18.5716798593
284716,304683,309231,19967,4548,1,14400,5.39028144239
284717,304731,309648,20014,4917,1,14400,5.07036811064
284717,304759,307613,20042,2854,1,14400,8.02242466713
284717,304736,304737,20019,1,1,14400,2002.0
284718,304799,306353,20081,1554,1,14400,13.9221364221
284718,304765,306100,20047,1335,1,14400,16.0164794007
284718,304770,308188,20052,3418,1,14400,6.86658864833
284719,304804,308114,20085,3310,1,14400,7.06797583082
284719,304809,312059,20090,7250,1,14400,3.77103448276
284719,304815,314470,20096,9655,1,14400,3.08140859658
284719,304849,312292,20130,7443,1,14400,3.70455461507
284720,304878,304879,20158,1,1,14400,2015.9
284720,304860,313865,20140,9005,1,14400,3.23653525819
284720,304883,304884,20163,1,1,14400,2016.4
284720,304855,305569,20135,714,1,14400,29.200280112
284721,304899,305294,20178,395,1,14400,52.0835443038
284721,304889,308952,20168,4063,1,14400,5.96381983756
284721,304894,308683,20173,3789,1,14400,6.32409606756
284721,304905,305629,20184,724,1,14400,28.8784530387
284722,304923,307079,20201,2156,1,14400,10.3696660482
284722,304946,304948,20224,2,1,14400,2022.6
284722,304933,308558,20211,3625,1,14400,6.57544827586
284723,304957,304958,20234,1,1,14400,2023.5
284723,304963,307632,20240,2669,1,14400,8.58336455601
284723,304951,309653,20228,4702,1,14400,5.3019991493
284724,304980,308196,20256,3216,1,14400,7.29850746269
284724,304986,304987,20262,1,1,14400,2026.3
284725,305032,306260,20307,1228,1,14400,17.5366449511
284725,305018,305020,20293,2,1,14400,2029.5
284726,305072,307049,20346,1977,1,14400,11.2913505311
284727,305099,309116,20372,4017,1,14400,6.071446353
284728,305151,318380,20423,13229,1,14400,2.54380527629
284729,305181,305182,20452,1,1,14400,2045.3
284729,305219,305220,20490,1,1,14400,2049.1
284730,305227,307005,20497,1778,1,14400,12.5281214848
284730,305241,306999,20511,1758,1,14400,12.6672354949
284730,305233,305234,20503,1,1,14400,2050.4
284731,305277,308707,20546,3430,1,14400,6.99008746356
284731,305254,306596,20523,1342,1,14400,16.2928464978
284731,305261,305262,20530,1,1,14400,2053.1
284732,305318,305319,20586,1,1,14400,2058.7
284732,305348,313095,20616,7747,1,14400,3.66115915838
284732,305305,319735,20573,14430,1,14400,2.42571032571
284733,305372,309455,20639,4083,1,14400,6.05486162136
285833,839297,887737,553464,48440,4,518400,12.4257638315
285882,839303,888412,553421,49109,4,518400,12.2692378179
285897,839308,880938,553411,41630,4,518400,14.2935623349
286065,839313,842953,553248,3640,4,518400,152.991208791
288022,288029,289683,7,1654,2,9000,1.00423216445
288023,288035,289682,12,1647,2,9000,1.0072859745
288034,288049,289707,15,1658,2,9000,1.00904704463
288034,288043,289708,9,1665,2,9000,1.00540540541
288045,288055,289710,10,1655,2,9000,1.00604229607
288046,288061,289728,15,1667,2,9000,1.00899820036
288057,288067,289729,10,1662,2,9000,1.00601684717
288058,288073,289737,15,1664,2,9000,1.00901442308
288069,288080,289741,11,1661,2,9000,1.00662251656
288069,288086,289756,17,1670,2,9000,1.01017964072
288080,288094,289728,14,1634,2,9000,1.00856793146
288091,288100,289731,9,1631,2,9000,1.00551808706
288092,288106,289759,14,1653,2,9000,1.00846944949
288103,288112,289746,9,1634,2,9000,1.00550795594
288103,288118,289751,15,1633,2,9000,1.00918554807
288114,288125,289790,11,1665,2,9000,1.00660660661
288115,288130,289804,15,1674,2,9000,1.00896057348
288126,288136,289801,10,1665,2,9000,1.00600600601
288127,288142,289801,15,1659,2,9000,1.00904159132
288138,289701,291392,1563,1691,2,9000,1.92430514488
288138,288149,289829,11,1680,2,9000,1.00654761905
288149,289718,291383,1569,1665,2,9000,1.94234234234
288423,299547,300525,11124,978,8,57600,12.3742331288
289333,289693,289726,360,33,2,7200,11.9090909091
289705,289726,291402,21,1676,2,9000,1.01252983294
289716,289731,291376,15,1645,2,9000,1.00911854103
289727,289739,291365,12,1626,2,9000,1.0073800738
289728,289746,291415,18,1669,2,9000,1.01078490114
289739,289751,291394,12,1643,2,9000,1.00730371272
289750,289764,291457,14,1693,2,9000,1.00826934436
289750,289759,291429,9,1670,2,9000,1.00538922156
289761,289772,291453,11,1681,2,9000,1.00654372397
289762,289777,291440,15,1663,2,9000,1.00901984366
289773,289783,291432,10,1649,2,9000,1.00606428138
289774,289789,291442,15,1653,2,9000,1.00907441016
289785,289801,291431,16,1630,2,9000,1.00981595092
289785,289795,291404,10,1609,2,9000,1.0062150404
289796,289808,291402,12,1594,2,9000,1.00752823087
289797,289815,291432,18,1617,2,9000,1.01113172542
289808,289820,291420,12,1600,2,9000,1.0075
289819,289827,291498,8,1671,2,9000,1.00478755236
289820,289841,291507,21,1666,2,9000,1.01260504202
289831,291389,293044,1558,1655,2,9000,1.9413897281
289842,291396,293054,1554,1658,2,9000,1.93727382388
290339,291377,291408,1038,31,2,7200,34.4838709677
290819,299569,315872,8750,16303,2,43200,1.53671103478
291387,291404,293085,17,1681,2,9000,1.01011302796
291398,291411,293072,13,1661,2,9000,1.00782661048
291409,291418,293044,9,1626,2,9000,1.00553505535
291410,291423,293087,13,1664,2,9000,1.0078125
291421,291431,293036,10,1605,2,9000,1.0062305296
291422,291436,293038,14,1602,2,9000,1.00873907615
291433,291444,293060,11,1616,2,9000,1.00680693069
291433,291449,293036,16,1587,2,9000,1.01008191556
291444,291456,293062,12,1606,2,9000,1.00747198007
291445,291461,293028,16,1567,2,9000,1.01021059349
291456,291469,293132,13,1663,2,9000,1.00781719784
291467,291481,293147,14,1666,2,9000,1.00840336134
291467,291475,293127,8,1652,2,9000,1.00484261501
291478,291488,293132,10,1644,2,9000,1.00608272506
291479,291493,293117,14,1624,2,9000,1.00862068966
291490,291500,293115,10,1615,2,9000,1.00619195046
291491,291510,293118,19,1608,2,9000,1.0118159204
291502,291519,293134,17,1615,2,9000,1.01052631579
291513,293193,294797,1680,1604,2,9000,2.04738154613
291524,294067,295643,2543,1576,2,9000,2.6135786802
291953,293039,294344,1086,1305,2,7200,1.83218390805
291955,293047,294350,1092,1303,2,7200,1.83806600153
291956,293053,294319,1097,1266,2,7200,1.86650868878
291958,293060,294151,1102,1091,2,7200,2.01008249313
291959,293065,294264,1106,1199,2,7200,1.9224353628
291961,293070,294244,1109,1174,2,7200,1.94463373083
291962,293078,293181,1116,103,2,7200,11.8349514563
291963,293083,294133,1120,1050,2,7200,2.06666666667
291965,293089,294267,1124,1178,2,7200,1.95415959253
291966,293096,294054,1130,958,2,7200,2.17954070981
291968,293103,294239,1135,1136,2,7200,1.99911971831
291969,293108,294169,1139,1061,2,7200,2.07351555137
291970,293127,294258,1157,1131,2,7200,2.02298850575
291972,293134,294325,1162,1191,2,7200,1.97565071369
291973,293140,294186,1167,1046,2,7200,2.11567877629
291974,293147,294304,1173,1157,2,7200,2.01382886776
291976,293152,294361,1176,1209,2,7200,1.97270471464
291977,293157,294311,1180,1154,2,7200,2.02253032929
291979,293163,294391,1184,1228,2,7200,1.96416938111
291980,293170,294264,1190,1094,2,7200,2.08775137112
292055,299574,300566,7519,992,2,14400,8.57963709677
293197,294145,295810,948,1665,2,9000,1.56936936937
294067,294163,295862,96,1699,2,9000,1.05650382578
294140,294181,295859,41,1678,2,9000,1.02443384982
294162,294201,295865,39,1664,2,9000,1.0234375
294183,294252,295907,69,1655,2,9000,1.0416918429
294204,294259,295913,55,1654,2,9000,1.03325272068
294257,294277,295950,20,1673,2,9000,1.01195457262
294257,294270,295937,13,1667,2,9000,1.00779844031
294268,294282,295953,14,1671,2,9000,1.00837821664
294279,294289,295958,10,1669,2,9000,1.00599161174
294280,294316,295987,36,1671,2,9000,1.02154398564
294291,294323,295994,32,1671,2,9000,1.01915020946
294312,294332,296011,20,1679,2,9000,1.01191185229
294323,294339,296009,16,1670,2,9000,1.00958083832
294334,294356,296017,22,1661,2,9000,1.01324503311
294335,294363,296053,28,1690,2,9000,1.01656804734
294356,294373,296035,17,1662,2,9000,1.01022864019
294367,294403,296047,36,1644,2,9000,1.02189781022
294378,294864,296534,486,1670,2,9000,1.29101796407
294400,296060,297721,1660,1661,2,9000,1.99939795304
294728,294808,294852,80,44,2,7200,2.81818181818
294867,296067,297718,1200,1651,2,9000,1.7268322229
295115,295655,295836,540,181,2,7200,3.98342541436
295116,295821,296000,705,179,2,7200,4.93854748603
295118,295848,296032,730,184,2,7200,4.96739130435
295119,295870,296056,751,186,2,7200,5.0376344086
295120,295877,296061,757,184,2,7200,5.11413043478
295122,295883,296065,761,182,2,7200,5.18131868132
295123,295918,296096,795,178,2,7200,5.46629213483
295124,295925,296104,801,179,2,7200,5.4748603352
295126,295949,296131,823,182,2,7200,5.52197802198
295127,295961,296137,834,176,2,7200,5.73863636364
295128,295968,296152,840,184,2,7200,5.5652173913
295130,295975,296152,845,177,2,7200,5.77401129944
295131,295999,296185,868,186,2,7200,5.66666666667
295132,296006,296190,874,184,2,7200,5.75
295134,296013,296192,879,179,2,7200,5.91061452514
295135,296020,296206,885,186,2,7200,5.75806451613
295136,296027,296210,891,183,2,7200,5.86885245902
295138,296034,296217,896,183,2,7200,5.89617486339
295139,296043,296228,904,185,2,7200,5.88648648649
295140,296050,296233,910,183,2,7200,5.97267759563
295188,299579,303836,4391,4257,2,14400,2.03147756636
295537,299584,300348,4047,764,2,14400,6.29712041885
295918,299590,309563,3672,9973,2,43200,1.36819412414
296061,296073,297751,12,1678,2,9000,1.00715137068
296072,296081,297739,9,1658,2,9000,1.00542822678
296072,296086,297757,14,1671,2,9000,1.00837821664
296103,296110,297756,7,1646,2,9000,1.0042527339
296104,296117,297777,13,1660,2,9000,1.0078313253
296115,296143,297786,28,1643,2,9000,1.01704199635
296116,296150,297793,34,1643,2,9000,1.02069385271
296147,296164,297791,17,1627,2,9000,1.01044867855
296148,296169,297790,21,1621,2,9000,1.01295496607
296169,296197,297819,28,1622,2,9000,1.01726263872
296170,296204,297845,34,1641,2,9000,1.02071907374
296202,296211,297891,9,1680,2,9000,1.00535714286
296202,296218,297888,16,1670,2,9000,1.00958083832
296213,296225,297900,12,1675,2,9000,1.0071641791
296214,296232,297896,18,1664,2,9000,1.01081730769
296225,296240,297901,15,1661,2,9000,1.00903070439
296236,296247,297908,11,1661,2,9000,1.00662251656
296236,298302,299964,2066,1662,2,9000,2.24308062575
296247,298361,300038,2114,1677,2,9000,2.26058437686
296353,299595,299597,3242,2,2,43200,324.4
296438,296546,297104,108,558,2,7200,1.1935483871
296440,297115,297676,675,561,2,7200,2.20320855615
296441,297687,298209,1246,522,2,7200,3.38697318008
296442,297729,298255,1287,526,2,7200,3.44676806084
296444,297736,298283,1292,547,2,7200,3.36197440585
296445,297750,298289,1305,539,2,7200,3.42115027829
296447,297762,298325,1315,563,2,7200,3.33570159858
296448,297769,298324,1321,555,2,7200,3.38018018018
296449,297775,298328,1326,553,2,7200,3.39783001808
296451,297788,298349,1337,561,2,7200,3.38324420677
296452,297797,298343,1345,546,2,7200,3.46336996337
296453,297804,298359,1351,555,2,7200,3.43423423423
296455,297810,298349,1355,539,2,7200,3.51391465677
296456,297815,298360,1359,545,2,7200,3.49357798165
296457,297830,298388,1373,558,2,7200,3.4605734767
296459,297856,298394,1397,538,2,7200,3.59665427509
296460,297900,298433,1440,533,2,7200,3.70168855535
296461,297907,298461,1446,554,2,7200,3.61010830325
296463,297912,298466,1449,554,2,7200,3.6155234657
296464,297919,298450,1455,531,2,7200,3.74011299435
297106,297924,298478,818,554,2,7200,2.47653429603
297291,299514,336406,2223,36892,32,43200,1.06025696628
297578,299600,299602,2022,2,2,14400,202.4
297677,297930,298490,253,560,2,7200,1.45178571429
297819,299606,304609,1787,5003,2,14400,1.35718568859
298209,298221,298761,12,540,2,7200,1.02222222222
298257,298266,298800,9,534,2,7200,1.01685393258
298284,298295,298844,11,549,2,7200,1.02003642987
298298,298342,298889,44,547,2,7200,1.08043875686
298325,298336,298887,11,551,2,7200,1.01996370236
298327,298348,298893,21,545,2,7200,1.03853211009
298341,298354,298893,13,539,2,7200,1.0241187384
298355,298916,300500,561,1584,2,9000,1.35416666667
298356,298367,298907,11,540,2,7200,1.02037037037
298357,298374,298929,17,555,2,7200,1.03063063063
298359,298380,298935,21,555,2,7200,1.03783783784
298373,298399,298934,26,535,2,7200,1.04859813084
298375,298406,298959,31,553,2,7200,1.05605786618
298389,298444,298988,55,544,2,7200,1.10110294118
298404,298472,299018,68,546,2,7200,1.12454212454
298433,298478,299047,45,569,2,7200,1.07908611599
298451,298461,299006,10,545,2,7200,1.01834862385
298466,298491,299032,25,541,2,7200,1.04621072089
298480,298501,299052,21,551,2,7200,1.03811252269
298482,298773,299327,291,554,2,7200,1.52527075812
298496,298812,299344,316,532,2,7200,1.59398496241
298764,298856,299417,92,561,2,7200,1.16399286988
298803,298898,299433,95,535,2,7200,1.17757009346
298844,298905,299457,61,552,2,7200,1.11050724638
298889,298910,299489,21,579,2,7200,1.03626943005
298904,298922,299467,18,545,2,7200,1.03302752294
298906,298940,299480,34,540,2,7200,1.06296296296
298907,298947,299488,40,541,2,7200,1.07393715342
298922,298953,299523,31,570,2,7200,1.05438596491
298937,298971,299533,34,562,2,7200,1.06049822064
298938,299001,299562,63,561,2,7200,1.11229946524
298939,299017,299578,78,561,2,7200,1.13903743316
298960,299030,299578,70,548,2,7200,1.12773722628
298990,299059,299595,69,536,2,7200,1.12873134328
299007,299043,299591,36,548,2,7200,1.06569343066
299022,299065,299625,43,560,2,7200,1.07678571429
299037,299339,299898,302,559,2,7200,1.54025044723
299051,299356,299876,305,520,2,7200,1.58653846154
299066,300173,300719,1107,546,2,7200,3.02747252747
299330,300178,300712,848,534,2,7200,2.58801498127
299345,300184,300727,839,543,2,7200,2.54511970534
299420,300189,300755,769,566,2,7200,2.35865724382
299434,300194,300737,760,543,2,7200,2.39963167587
299458,300200,300750,742,550,2,7200,2.34909090909
299473,300205,300764,732,559,2,7200,2.30948121646
299487,300211,300761,724,550,2,7200,2.31636363636
299489,300216,300764,727,548,2,7200,2.32664233577
299503,300221,300770,718,549,2,7200,2.30783242259
299524,300226,300771,702,545,2,7200,2.2880733945
299539,300232,300783,693,551,2,7200,2.25771324864
299562,300237,300810,675,573,2,7200,2.1780104712
299580,300242,300797,662,555,2,7200,2.19279279279
299581,300248,300790,667,542,2,7200,2.23062730627
299596,300253,300797,657,544,2,7200,2.20772058824
299597,300258,300799,661,541,2,7200,2.22181146026
299624,300264,300806,640,542,2,7200,2.18081180812
299879,300269,300803,390,534,2,7200,1.73033707865
299900,300513,301090,613,577,2,7200,2.06239168111
300274,300346,302008,72,1662,2,9000,1.04332129964
300347,300374,302053,27,1679,2,9000,1.0160810006
300379,300397,302057,18,1660,2,9000,1.01084337349
300400,300409,302055,9,1646,2,9000,1.00546780073
300411,300418,302097,7,1679,2,9000,1.0041691483
300422,300428,302072,6,1644,2,9000,1.00364963504
300423,300435,301964,12,1529,1,21600,1.00784826684
300433,300442,302106,9,1664,2,9000,1.00540865385
300444,300450,302105,6,1655,2,9000,1.00362537764
300455,300461,302115,6,1654,2,9000,1.00362756953
300466,300473,302119,7,1646,2,9000,1.0042527339
300477,300484,302147,7,1663,2,9000,1.00420926037
300488,300498,302169,10,1671,2,9000,1.00598444045
300499,300506,302162,7,1656,2,9000,1.00422705314
300531,300538,302216,7,1678,2,9000,1.0041716329
300532,300545,302197,13,1652,2,9000,1.00786924939
300543,300552,302195,9,1643,2,9000,1.00547778454
300544,300557,302206,13,1649,2,9000,1.0078835658
300555,300569,302183,14,1614,2,9000,1.00867410161
300555,300563,302186,8,1623,2,9000,1.00492914356
300566,300576,302204,10,1628,2,9000,1.00614250614
300567,300581,302197,14,1616,2,9000,1.00866336634
300578,300587,302228,9,1641,2,9000,1.00548446069
300589,300595,302180,6,1585,2,9000,1.00378548896
300600,300607,302181,7,1574,2,9000,1.00444726811
300611,300618,302296,7,1678,2,9000,1.0041716329
300622,300630,302297,8,1667,2,9000,1.00479904019
300634,300732,302314,98,1582,2,9000,1.06194690265
300714,300724,301274,10,550,2,7200,1.01818181818
300728,300786,302429,58,1643,2,9000,1.03530127815
300729,300739,301297,10,558,2,7200,1.01792114695
300730,300753,301302,23,549,2,7200,1.04189435337
300745,300761,301270,16,509,2,7200,1.03143418468
300760,300769,301302,9,533,2,7200,1.01688555347
300761,300781,301333,20,552,2,7200,1.03623188406
300776,300793,301333,17,540,2,7200,1.03148148148
300777,300799,301336,22,537,2,7200,1.04096834264
300779,300804,301362,25,558,2,7200,1.04480286738
300780,300811,301368,31,557,2,7200,1.05565529623
300782,300816,301356,34,540,2,7200,1.06296296296
300796,300822,301362,26,540,2,7200,1.04814814815
300798,300827,301382,29,555,2,7200,1.05225225225
300813,300834,301398,21,564,2,7200,1.03723404255
300815,300839,301409,24,570,2,7200,1.04210526316
300816,300844,301419,28,575,2,7200,1.04869565217
300817,300850,301388,33,538,2,7200,1.06133828996
300819,301102,301645,283,543,2,7200,1.5211786372
300820,301281,301823,461,542,2,7200,1.85055350554
301038,301428,474260,390,172832,4,172800,1.00225652657
301084,302050,474862,966,172812,4,172800,1.00558988959
301091,301288,301841,197,553,2,7200,1.35623869801
301271,301309,301862,38,553,2,7200,1.06871609403
301286,301316,301873,30,557,2,7200,1.05385996409
301300,301321,301869,21,548,2,7200,1.03832116788
301315,301351,301892,36,541,2,7200,1.06654343808
301317,301356,301901,39,545,2,7200,1.07155963303
301334,301362,301925,28,563,2,7200,1.04973357016
301336,301369,301900,33,531,2,7200,1.06214689266
301350,301381,301937,31,556,2,7200,1.05575539568
301365,301386,301936,21,550,2,7200,1.03818181818
301367,301392,301936,25,544,2,7200,1.04595588235
301368,301399,301979,31,580,2,7200,1.05344827586
301383,301405,301956,22,551,2,7200,1.03992740472
301384,301412,301956,28,544,2,7200,1.05147058824
301399,301420,301977,21,557,2,7200,1.03770197487
301401,301440,302004,39,564,2,7200,1.06914893617
301416,301659,302212,243,553,2,7200,1.43942133816
301430,301834,302399,404,565,2,7200,1.71504424779
301647,301852,302409,205,557,2,7200,1.36804308797
301662,301975,302003,313,28,1,10800,12.1785714286
301824,301873,302445,49,572,2,7200,1.08566433566
301842,301880,302430,38,550,2,7200,1.06909090909
301865,301886,302433,21,547,2,7200,1.03839122486
301880,301905,302461,25,556,2,7200,1.04496402878
301882,301912,302441,30,529,2,7200,1.05671077505
301896,301918,302474,22,556,2,7200,1.03956834532
301911,301937,302502,26,565,2,7200,1.04601769912
301912,301948,302505,36,557,2,7200,1.06463195691
301927,301953,302522,26,569,2,7200,1.04569420035
301942,301960,302510,18,550,2,7200,1.03272727273
301943,301993,302537,50,544,2,7200,1.09191176471
301945,301982,302535,37,553,2,7200,1.06690777577
301959,301987,302527,28,540,2,7200,1.05185185185
301961,301999,302560,38,561,2,7200,1.06773618538
301978,302016,302575,38,559,2,7200,1.06797853309
301993,302223,302756,230,533,2,7200,1.43151969981
302008,302328,302864,320,536,2,7200,1.59701492537
302215,302414,303002,199,588,2,7200,1.33843537415
302332,302341,304017,9,1676,2,9000,1.0053699284
302343,302354,304032,11,1678,2,9000,1.00655542312
302354,302366,304051,12,1685,2,9000,1.00712166172
302365,302373,304038,8,1665,2,9000,1.0048048048
302376,302382,304065,6,1683,2,9000,1.00356506239
302387,302394,304062,7,1668,2,9000,1.00419664269
302398,302407,304070,9,1663,2,9000,1.00541190619
302401,302431,302957,30,526,2,7200,1.05703422053
302416,302443,302997,27,554,2,7200,1.04873646209
302429,302449,304116,20,1667,2,9000,1.01199760048
302438,302456,303013,18,557,2,7200,1.03231597846
302440,302461,303019,21,558,2,7200,1.0376344086
302454,302467,303004,13,537,2,7200,1.02420856611
302456,302474,303017,18,543,2,7200,1.03314917127
302471,302486,303025,15,539,2,7200,1.02782931354
302493,302500,304138,7,1638,2,9000,1.00427350427
302493,302514,303050,21,536,2,7200,1.03917910448
302504,302519,304168,15,1649,2,9000,1.00909642207
302508,302531,303085,23,554,2,7200,1.04151624549
302509,302537,303102,28,565,2,7200,1.04955752212
302524,302543,303093,19,550,2,7200,1.03454545455
302525,302549,303119,24,570,2,7200,1.04210526316
302540,302556,303098,16,542,2,7200,1.0295202952
302542,302561,303128,19,567,2,7200,1.03350970018
302543,302583,303144,40,561,2,7200,1.07130124777
302561,302590,303137,29,547,2,7200,1.05301645338
302575,302768,303326,193,558,2,7200,1.3458781362
302587,302598,304213,11,1615,2,9000,1.00681114551
302590,302603,302663,13,60,1,10800,1.21666666667
302598,302610,304214,12,1604,2,9000,1.00748129676
302609,302617,304223,8,1606,2,9000,1.00498132005
302620,302626,304206,6,1580,2,9000,1.00379746835
302631,302642,304230,11,1588,2,9000,1.00692695214
302642,302648,304239,6,1591,2,9000,1.00377121307
302653,302666,304331,13,1665,2,9000,1.00780780781
302664,302673,304355,9,1682,2,9000,1.00535077289
302675,302681,304353,6,1672,2,9000,1.00358851675
302686,302695,304366,9,1671,2,9000,1.00538599641
302697,302704,304402,7,1698,2,9000,1.00412249706
302759,302875,303418,116,543,2,7200,1.21362799263
302867,303008,303544,141,536,2,7200,1.26305970149
302961,302969,303520,8,551,2,7200,1.01451905626
303000,303016,303565,16,549,2,7200,1.029143898
303014,303038,304716,24,1678,2,9000,1.01430274136
303014,303044,304724,30,1680,2,9000,1.01785714286
303015,303028,303583,13,555,2,7200,1.02342342342
303021,303033,303576,12,543,2,7200,1.02209944751
303022,303051,303602,29,551,2,7200,1.05263157895
303043,303056,303593,13,537,2,7200,1.02420856611
303048,303063,303608,15,545,2,7200,1.02752293578
303050,303068,303616,18,548,2,7200,1.03284671533
303065,303098,303644,33,546,2,7200,1.06043956044
303085,303104,303638,19,534,2,7200,1.03558052434
303100,303111,303633,11,522,2,7200,1.02107279693
303101,303123,303667,22,544,2,7200,1.04044117647
303116,303136,303679,20,543,2,7200,1.03683241252
303131,303154,303714,23,560,2,7200,1.04107142857
303132,303159,303699,27,540,2,7200,1.05
303147,303171,303718,24,547,2,7200,1.04387568556
303148,303338,303897,190,559,2,7200,1.33989266547
303215,303222,303269,7,47,1,3600,1.14893617021
303327,303429,303989,102,560,2,7200,1.18214285714
303402,303409,307235,7,3826,4,360000,1.00182958704
303420,303531,304065,111,534,2,7200,1.20786516854
303522,303555,304103,33,548,2,7200,1.0602189781
303545,303579,304135,34,556,2,7200,1.06115107914
303566,303588,304134,22,546,2,7200,1.04029304029
303581,303596,304145,15,549,2,7200,1.02732240437
303596,303614,304179,18,565,2,7200,1.03185840708
303597,303605,304168,8,563,2,7200,1.01420959147
303612,303622,304183,10,561,2,7200,1.01782531194
303613,303634,304175,21,541,2,7200,1.03881700555
303628,303644,304198,16,554,2,7200,1.02888086643
303643,303651,304188,8,537,2,7200,1.01489757914
303644,303664,304230,20,566,2,7200,1.03533568905
303659,303688,304242,29,554,2,7200,1.0523465704
303673,303694,304236,21,542,2,7200,1.03874538745
303688,303725,304281,37,556,2,7200,1.06654676259
303703,303710,304286,7,576,2,7200,1.01215277778
303717,303733,304298,16,565,2,7200,1.02831858407
303732,303910,304465,178,555,2,7200,1.32072072072
303897,304001,304548,104,547,2,7200,1.19012797075
303990,304076,304629,86,553,2,7200,1.15551537071
303999,361643,419258,57644,57615,4,57600,2.00050334114
303999,304014,361636,15,57622,4,57600,1.00026031724
304000,419264,476873,115264,57609,4,57600,3.00079848635
304001,476879,534488,172878,57609,4,57600,4.00088527834
304002,534497,592127,230495,57630,4,57600,4.99956619816
304002,592139,649759,288137,57620,4,57600,6.00064213815
304003,649769,707410,345766,57641,4,57600,6.99861209903
304004,728602,786235,424598,57633,4,57600,8.36727222251
304005,839335,896947,535330,57612,4,57600,10.2919877803
304068,304118,304680,50,562,2,7200,1.08896797153
304104,304136,304689,32,553,2,7200,1.05786618445
304137,304153,304706,16,553,2,7200,1.02893309222
304138,304159,304704,21,545,2,7200,1.03853211009
304153,304170,304722,17,552,2,7200,1.03079710145
304171,304183,304715,12,532,2,7200,1.02255639098
304185,304201,304737,16,536,2,7200,1.02985074627
304187,304206,304761,19,555,2,7200,1.03423423423
304188,304211,304749,23,538,2,7200,1.04275092937
304203,304224,304793,21,569,2,7200,1.03690685413
304204,304229,304766,25,537,2,7200,1.04655493482
304231,304241,304787,10,546,2,7200,1.01831501832
304246,304253,304804,7,551,2,7200,1.01270417423
304248,304261,304785,13,524,2,7200,1.02480916031
304284,304295,304854,11,559,2,7200,1.01967799642
304298,304313,304850,15,537,2,7200,1.02793296089
304300,304318,304880,18,562,2,7200,1.03202846975
304465,304479,305032,14,553,2,7200,1.0253164557
304549,304563,305111,14,548,2,7200,1.02554744526
304630,304646,305197,16,551,2,7200,1.02903811252
304681,304702,305271,21,569,2,7200,1.03690685413
304696,304707,305260,11,553,2,7200,1.0198915009
304711,304720,305261,9,541,2,7200,1.01663585952
304712,304725,305271,13,546,2,7200,1.02380952381
304727,304743,305309,16,566,2,7200,1.02826855124
304728,304748,305289,20,541,2,7200,1.03696857671
304747,304777,305341,30,564,2,7200,1.05319148936
304762,304782,305352,20,570,2,7200,1.0350877193
304764,304788,305328,24,540,2,7200,1.04444444444
304779,304822,305368,43,546,2,7200,1.07875457875
304794,304827,305357,33,530,2,7200,1.06226415094
304796,304833,305381,37,548,2,7200,1.06751824818
304797,304838,305387,41,549,2,7200,1.07468123862
304817,304867,305420,50,553,2,7200,1.0904159132
304852,304872,305416,20,544,2,7200,1.03676470588
304867,304912,305480,45,568,2,7200,1.07922535211
304882,304917,305453,35,536,2,7200,1.06529850746
305035,305045,305605,10,560,2,7200,1.01785714286
305113,305124,305682,11,558,2,7200,1.01971326165
305200,305212,305762,12,550,2,7200,1.02181818182
305257,305271,305833,14,562,2,7200,1.02491103203
305272,305284,305834,12,550,2,7200,1.02181818182
305273,305289,305814,16,525,2,7200,1.03047619048
305275,305295,305821,20,526,2,7200,1.03802281369
305290,305313,305872,23,559,2,7200,1.04114490161
305310,305330,305881,20,551,2,7200,1.03629764065
305328,305343,305892,15,549,2,7200,1.02732240437
305343,305355,305908,12,553,2,7200,1.02169981917
305358,305367,305907,9,540,2,7200,1.01666666667
305359,305378,305938,19,560,2,7200,1.03392857143
305374,305385,305925,11,540,2,7200,1.02037037037
305389,305395,305948,6,553,2,7200,1.01084990958
305390,305402,305966,12,564,2,7200,1.02127659574
305420,305428,305981,8,553,2,7200,1.01446654611
305421,305434,305966,13,532,2,7200,1.02443609023
305454,305464,306031,10,567,2,7200,1.0176366843
305481,305492,306040,11,548,2,7200,1.0200729927
305607,305616,306153,9,537,2,7200,1.01675977654
305682,305693,306234,11,541,2,7200,1.02033271719
305763,305774,306311,11,537,2,7200,1.02048417132
305814,305825,306371,11,546,2,7200,1.02014652015
305831,305837,306372,6,535,2,7200,1.01121495327
305846,305853,306400,7,547,2,7200,1.01279707495
305847,305860,306420,13,560,2,7200,1.02321428571
305874,305884,306423,10,539,2,7200,1.0185528757
305889,305895,306429,6,534,2,7200,1.01123595506
305903,305910,306455,7,545,2,7200,1.0128440367
305918,305924,306488,6,564,2,7200,1.01063829787
305920,305931,306472,11,541,2,7200,1.02033271719
305934,305941,306495,7,554,2,7200,1.01263537906
305949,305955,306490,6,535,2,7200,1.01121495327
305951,305961,306520,10,559,2,7200,1.01788908766
305968,305977,306515,9,538,2,7200,1.01672862454
305970,305983,306517,13,534,2,7200,1.02434456929
305984,305992,306540,8,548,2,7200,1.01459854015
306033,306043,306606,10,563,2,7200,1.01776198934
306047,306053,306623,6,570,2,7200,1.01052631579
306155,306165,306718,10,553,2,7200,1.01808318264
306237,306247,306807,10,560,2,7200,1.01785714286
306312,306323,306869,11,546,2,7200,1.02014652015
306372,306383,306946,11,563,2,7200,1.01953818828
306387,306393,306951,6,558,2,7200,1.01075268817
306401,306411,306955,10,544,2,7200,1.01838235294
306422,306431,306975,9,544,2,7200,1.01654411765
306437,306443,306983,6,540,2,7200,1.01111111111
306439,306450,306997,11,547,2,7200,1.02010968921
306456,306466,307019,10,553,2,7200,1.01808318264
306474,306483,307036,9,553,2,7200,1.01627486438
306489,306499,307062,10,563,2,7200,1.01776198934
306504,306510,307068,6,558,2,7200,1.01075268817
306505,306517,307057,12,540,2,7200,1.02222222222
306520,306526,307057,6,531,2,7200,1.01129943503
306521,306534,307073,13,539,2,7200,1.0241187384
306523,306539,307109,16,570,2,7200,1.02807017544
306541,306551,307104,10,553,2,7200,1.01808318264
306607,306618,307150,11,532,2,7200,1.02067669173
306624,306634,307189,10,555,2,7200,1.01801801802
306688,306694,313798,6,7104,2,14400,1.00084459459
306721,306731,307286,10,555,2,7200,1.01801801802
306808,306819,307357,11,538,2,7200,1.02044609665
306870,306880,307449,10,569,2,7200,1.01757469244
306946,306958,307509,12,551,2,7200,1.02177858439
306961,306966,307513,5,547,2,7200,1.00914076782
306962,306973,307525,11,552,2,7200,1.01992753623
306977,306986,307528,9,542,2,7200,1.01660516605
306991,306998,307558,7,560,2,7200,1.0125
307006,307012,307560,6,548,2,7200,1.01094890511
307021,307031,307567,10,536,2,7200,1.01865671642
307039,307047,307612,8,565,2,7200,1.01415929204
307059,307069,307623,10,554,2,7200,1.01805054152
307061,307074,307628,13,554,2,7200,1.02346570397
307076,307082,307628,6,546,2,7200,1.01098901099
307078,307089,307628,11,539,2,7200,1.02040816327
307079,307095,307665,16,570,2,7200,1.02807017544
307106,307115,307649,9,534,2,7200,1.01685393258
307120,307127,307684,7,557,2,7200,1.01256732496
307150,307161,307704,11,543,2,7200,1.02025782689
307192,307200,307760,8,560,2,7200,1.01428571429
307288,307297,307844,9,547,2,7200,1.01645338208
307360,307368,307906,8,538,2,7200,1.01486988848
307450,307460,307988,10,528,2,7200,1.01893939394
307510,307520,308067,10,547,2,7200,1.01828153565
307524,307531,308065,7,534,2,7200,1.01310861423
307539,307545,308109,6,564,2,7200,1.01063829787
307541,307552,308095,11,543,2,7200,1.02025782689
307558,307569,308114,11,545,2,7200,1.02018348624
307573,307579,308120,6,541,2,7200,1.01109057301
307574,307585,308122,11,537,2,7200,1.02048417132
307613,307623,308186,10,563,2,7200,1.01776198934
307628,307634,308195,6,561,2,7200,1.01069518717
307643,307649,308190,6,541,2,7200,1.01109057301
307644,307655,308215,11,560,2,7200,1.01964285714
307645,307661,308206,16,545,2,7200,1.02935779817
307660,307667,308185,7,518,2,7200,1.01351351351
307674,307681,308246,7,565,2,7200,1.01238938053
307689,307695,308230,6,535,2,7200,1.01121495327
307707,307716,308268,9,552,2,7200,1.01630434783
307761,307771,308314,10,543,2,7200,1.01841620626
307845,307855,308415,10,560,2,7200,1.01785714286
307908,307917,308474,9,557,2,7200,1.01615798923
307968,307975,312342,7,4367,1,36000,1.00160293107
307989,307999,308553,10,554,2,7200,1.01805054152
308067,308077,308611,10,534,2,7200,1.01872659176
308081,308087,308633,6,546,2,7200,1.01098901099
308096,308107,308673,11,566,2,7200,1.01943462898
308111,308121,308669,10,548,2,7200,1.01824817518
308125,308131,308680,6,549,2,7200,1.01092896175
308127,308137,308683,10,546,2,7200,1.01831501832
308128,308143,308720,15,577,2,7200,1.0259965338
308188,308196,308745,8,549,2,7200,1.014571949
308189,308202,308758,13,556,2,7200,1.02338129496
308204,308210,308749,6,539,2,7200,1.01113172542
308206,308216,308763,10,547,2,7200,1.01828153565
308220,308226,308778,6,552,2,7200,1.01086956522
308222,308232,308768,10,536,2,7200,1.01865671642
308236,308242,308785,6,543,2,7200,1.01104972376
308251,308257,308823,6,566,2,7200,1.01060070671
308269,308279,308824,10,545,2,7200,1.01834862385
308317,308325,308859,8,534,2,7200,1.01498127341
308416,308426,308985,10,559,2,7200,1.01788908766
308476,308485,309043,9,558,2,7200,1.01612903226
308554,308565,309119,11,554,2,7200,1.01985559567
308611,308623,309181,12,558,2,7200,1.02150537634
308634,308645,309204,11,559,2,7200,1.01967799642
308670,308680,309224,10,544,2,7200,1.01838235294
308685,308691,309256,6,565,2,7200,1.01061946903
308686,308698,309246,12,548,2,7200,1.02189781022
308688,308704,309244,16,540,2,7200,1.02962962963
308715,308721,313689,6,4968,2,14400,1.00120772947
308721,308731,309258,10,527,2,7200,1.01897533207
308747,308757,309314,10,557,2,7200,1.01795332136
308763,308769,309293,6,524,2,7200,1.01145038168
308765,308775,309310,10,535,2,7200,1.01869158879
308766,308781,309326,15,545,2,7200,1.02752293578
308781,308787,309332,6,545,2,7200,1.01100917431
308782,308793,309346,11,553,2,7200,1.0198915009
308797,308803,309382,6,579,2,7200,1.0103626943
308824,308834,309378,10,544,2,7200,1.01838235294
308838,308844,309395,6,551,2,7200,1.0108892922
308862,308870,309422,8,552,2,7200,1.01449275362
308988,308997,309566,9,569,2,7200,1.0158172232
309045,309054,309589,9,535,2,7200,1.01682242991
309050,309061,311340,11,2279,2,14400,1.00482667837
309120,309130,309675,10,545,2,7200,1.01834862385
309183,309192,309775,9,583,2,7200,1.0154373928
309207,309216,309784,9,568,2,7200,1.01584507042
309224,309235,309782,11,547,2,7200,1.02010968921
309245,309255,309828,10,573,2,7200,1.01745200698
309260,309266,309822,6,556,2,7200,1.01079136691
309262,309272,309840,10,568,2,7200,1.0176056338
309263,309278,309805,15,527,2,7200,1.0284629981
309296,309304,309831,8,527,2,7200,1.01518026565
309312,309321,309857,9,536,2,7200,1.01679104478
309327,309333,309894,6,561,2,7200,1.01069518717
309328,309339,309883,11,544,2,7200,1.02022058824
309345,309352,309908,7,556,2,7200,1.01258992806
309360,309366,309916,6,550,2,7200,1.01090909091
309380,309389,309937,9,548,2,7200,1.01642335766
309396,309402,309948,6,546,2,7200,1.01098901099
309397,309409,309926,12,517,2,7200,1.02321083172
309424,309433,309980,9,547,2,7200,1.01645338208
309569,309577,310137,8,560,2,7200,1.01428571429
309590,309600,310150,10,550,2,7200,1.01818181818
309677,309686,310249,9,563,2,7200,1.01598579041
309776,309786,310336,10,550,2,7200,1.01818181818
309790,309797,310340,7,543,2,7200,1.01289134438
309792,309803,310357,11,554,2,7200,1.01985559567
309807,309816,310366,9,550,2,7200,1.01636363636
309824,309833,310396,9,563,2,7200,1.01598579041
309839,309845,310372,6,527,2,7200,1.01138519924
309840,309852,310417,12,565,2,7200,1.02123893805
309855,309861,310412,6,551,2,7200,1.0108892922
309870,309876,310457,6,581,2,7200,1.01032702238
309885,309894,310475,9,581,2,7200,1.01549053356
309899,309905,310456,6,551,2,7200,1.0108892922
309914,309920,310469,6,549,2,7200,1.01092896175
309929,309935,310491,6,556,2,7200,1.01079136691
309930,309941,310501,11,560,2,7200,1.01964285714
309945,309951,310505,6,554,2,7200,1.01083032491
309960,309966,310486,6,520,2,7200,1.01153846154
309980,309991,310562,11,571,2,7200,1.01926444834
310140,310148,310643,8,495,2,7200,1.01616161616
310154,310161,310688,7,527,2,7200,1.01328273245
310250,310260,310803,10,543,2,7200,1.01841620626
310337,310347,310903,10,556,2,7200,1.01798561151
310352,310358,310907,6,549,2,7200,1.01092896175
310367,310373,310902,6,529,2,7200,1.01134215501
310368,310379,310941,11,562,2,7200,1.01957295374
310383,310389,310913,6,524,2,7200,1.01145038168
310398,310408,310952,10,544,2,7200,1.01838235294
310415,310423,310974,8,551,2,7200,1.01451905626
310430,310436,310980,6,544,2,7200,1.01102941176
310460,310467,311003,7,536,2,7200,1.01305970149
310461,310473,311014,12,541,2,7200,1.02218114603
310476,310482,311032,6,550,2,7200,1.01090909091
310477,310489,311042,12,553,2,7200,1.02169981917
310492,310498,311036,6,538,2,7200,1.01115241636
310494,310505,311047,11,542,2,7200,1.02029520295
310509,310515,311075,6,560,2,7200,1.01071428571
310510,310521,311068,11,547,2,7200,1.02010968921
310561,310573,311135,12,562,2,7200,1.02135231317
310645,310654,311185,9,531,2,7200,1.01694915254
310690,310699,311277,9,578,2,7200,1.01557093426
310804,310815,311371,11,556,2,7200,1.01978417266
310903,310913,311443,10,530,2,7200,1.01886792453
310918,310924,311475,6,551,2,7200,1.0108892922
310919,310930,311485,11,555,2,7200,1.01981981982
310921,310935,311492,14,557,2,7200,1.02513464991
310944,310953,311474,9,521,2,7200,1.01727447217
310959,310965,311511,6,546,2,7200,1.01098901099
310977,310985,311518,8,533,2,7200,1.01500938086
310991,310997,311552,6,555,2,7200,1.01081081081
311006,311014,311572,8,558,2,7200,1.01433691756
311021,311027,311605,6,578,2,7200,1.01038062284
311035,311043,311590,8,547,2,7200,1.01462522852
311050,311056,311608,6,552,2,7200,1.01086956522
311053,311062,311598,9,536,2,7200,1.01679104478
311054,311068,311623,14,555,2,7200,1.02522522523
311069,311079,311613,10,534,2,7200,1.01872659176
311084,311090,311631,6,541,2,7200,1.01109057301
311138,311146,311691,8,545,2,7200,1.01467889908
311189,311197,311755,8,558,2,7200,1.01433691756
311279,311289,311843,10,554,2,7200,1.01805054152
311372,311382,311922,10,540,2,7200,1.01851851852
311444,311454,312016,10,562,2,7200,1.01779359431
311474,311485,312034,11,549,2,7200,1.02003642987
311488,311495,312068,7,573,2,7200,1.01221640489
311490,311501,312056,11,555,2,7200,1.01981981982
311505,311511,312065,6,554,2,7200,1.01083032491
311520,311526,312067,6,541,2,7200,1.01109057301
311521,311533,312100,12,567,2,7200,1.02116402116
311554,311563,312107,9,544,2,7200,1.01654411765
311575,311583,312123,8,540,2,7200,1.01481481481
311592,311602,312149,10,547,2,7200,1.01828153565
311607,311613,312181,6,568,2,7200,1.01056338028
311609,311619,312183,10,564,2,7200,1.01773049645
311624,311630,312166,6,536,2,7200,1.01119402985
311625,311636,312181,11,545,2,7200,1.02018348624
311627,311642,312203,15,561,2,7200,1.02673796791
311641,311648,312183,7,535,2,7200,1.01308411215
311692,311702,312255,10,553,2,7200,1.01808318264
311758,311767,312314,9,547,2,7200,1.01645338208
311845,311854,312408,9,554,2,7200,1.01624548736
311923,311934,312476,11,542,2,7200,1.02029520295
312017,312027,312586,10,559,2,7200,1.01788908766
312034,312045,312566,11,521,2,7200,1.02111324376
312058,312067,312610,9,543,2,7200,1.01657458564
312073,312079,312627,6,548,2,7200,1.01094890511
312074,312086,312635,12,549,2,7200,1.0218579235
312076,312092,312630,16,538,2,7200,1.02973977695
312100,312111,312659,11,548,2,7200,1.0200729927
312114,312120,312657,6,537,2,7200,1.01117318436
312129,312135,312673,6,538,2,7200,1.01115241636
312150,312161,312717,11,556,2,7200,1.01978417266
312168,312177,312713,9,536,2,7200,1.01679104478
312183,312192,312751,9,559,2,7200,1.01610017889
312184,312198,312752,14,554,2,7200,1.02527075812
312199,312205,312761,6,556,2,7200,1.01079136691
312201,312212,312770,11,558,2,7200,1.01971326165
312215,312221,312752,6,531,2,7200,1.01129943503
312257,312267,312824,10,557,2,7200,1.01795332136
312318,312326,312876,8,550,2,7200,1.01454545455
312411,312419,312948,8,529,2,7200,1.01512287335
312424,312430,316424,6,3994,4,360000,1.00150225338
312477,312487,313041,10,554,2,7200,1.01805054152
312570,312579,313118,9,539,2,7200,1.01669758813
312587,312597,313128,10,531,2,7200,1.01883239171
312611,312621,313173,10,552,2,7200,1.01811594203
312629,312638,313186,9,548,2,7200,1.01642335766
312644,312650,313204,6,554,2,7200,1.01083032491
312645,312656,313200,11,544,2,7200,1.02022058824
312660,312668,313204,8,536,2,7200,1.01492537313
312661,312674,313209,13,535,2,7200,1.02429906542
312676,312684,313229,8,545,2,7200,1.01467889908
312715,312730,313297,15,567,2,7200,1.02645502646
312716,312724,313258,8,534,2,7200,1.01498127341
312752,312762,313301,10,539,2,7200,1.0185528757
312754,312769,313330,15,561,2,7200,1.02673796791
312769,312776,313319,7,543,2,7200,1.01289134438
312771,312782,313327,11,545,2,7200,1.02018348624
312785,312791,313325,6,534,2,7200,1.01123595506
312824,312835,313392,11,557,2,7200,1.0197486535
312878,312887,313419,9,532,2,7200,1.01691729323
312950,312959,313476,9,517,2,7200,1.01740812379
312960,312966,321516,6,8550,2,14400,1.00070175439
313043,313053,313598,10,545,2,7200,1.01834862385
313118,313129,313689,11,560,2,7200,1.01964285714
313133,313139,313706,6,567,2,7200,1.01058201058
313174,313184,313721,10,537,2,7200,1.01862197393
313189,313197,313763,8,566,2,7200,1.01413427562
313204,313211,313766,7,555,2,7200,1.01261261261
313205,313218,313783,13,565,2,7200,1.02300884956
313220,313227,313800,7,573,2,7200,1.01221640489
313222,313234,313767,12,533,2,7200,1.02251407129
313229,313241,313564,12,323,4,1200,1.03715170279
313237,313248,313803,11,555,2,7200,1.01981981982
313260,313269,313830,9,561,2,7200,1.01604278075
313266,313276,315559,10,2283,2,14400,1.00438020149
313299,313308,313868,9,560,2,7200,1.01607142857
313314,313320,313892,6,572,2,7200,1.01048951049
313329,313335,313873,6,538,2,7200,1.01115241636
313330,313342,313902,12,560,2,7200,1.02142857143
313332,313348,313896,16,548,2,7200,1.02919708029
313346,313354,313904,8,550,2,7200,1.01454545455
313394,313403,313940,9,537,2,7200,1.01675977654
313421,313430,313980,9,550,2,7200,1.01636363636
313478,313488,314060,10,572,2,7200,1.01748251748
313531,313537,313562,6,25,32,10800,1.24
313568,313574,313583,6,9,32,10800,1.5
313598,313609,314144,11,535,2,7200,1.02056074766
313691,313700,314264,9,564,2,7200,1.01595744681
313706,313717,314269,11,552,2,7200,1.01992753623
313723,313732,314281,9,549,2,7200,1.01639344262
313765,313775,314347,10,572,2,7200,1.01748251748
313780,313786,314329,6,543,2,7200,1.01104972376
313781,313792,314352,11,560,2,7200,1.01964285714
313796,313802,314357,6,555,2,7200,1.01081081081
313811,313817,314387,6,570,2,7200,1.01052631579
313812,313823,314363,11,540,2,7200,1.02037037037
313830,313841,314384,11,543,2,7200,1.02025782689
313857,313863,313887,6,24,32,10800,1.25
313869,313880,314410,11,530,2,7200,1.02075471698
313883,313889,314433,6,544,2,7200,1.01102941176
313898,313904,314434,6,530,2,7200,1.01132075472
313899,313910,314449,11,539,2,7200,1.02040816327
313914,313920,314474,6,554,2,7200,1.01083032491
313916,313926,314468,10,542,2,7200,1.0184501845
313942,313952,314486,10,534,2,7200,1.01872659176
313981,313991,314527,10,536,2,7200,1.01865671642
314059,314071,314601,12,530,2,7200,1.02264150943
314099,314105,321050,6,6945,2,43200,1.00086393089
314146,314155,314704,9,549,2,7200,1.01639344262
314263,314275,314816,12,541,2,7200,1.02218114603
314278,314284,314839,6,555,2,7200,1.01081081081
314293,314299,314861,6,562,2,7200,1.01067615658
314332,314340,314887,8,547,2,7200,1.01462522852
314347,314358,314918,11,560,2,7200,1.01964285714
314362,314368,314906,6,538,2,7200,1.01115241636
314363,314375,314932,12,557,2,7200,1.02154398564
314378,314384,314924,6,540,2,7200,1.01111111111
314393,314399,314946,6,547,2,7200,1.01096892139
314394,314405,314949,11,544,2,7200,1.02022058824
314412,314421,314981,9,560,2,7200,1.01607142857
314436,314444,315004,8,560,2,7200,1.01428571429
314437,314451,314986,14,535,2,7200,1.0261682243
314452,314460,315008,8,548,2,7200,1.01459854015
314469,314479,315018,10,539,2,7200,1.0185528757
314484,314490,315026,6,536,2,7200,1.01119402985
314499,314505,315030,6,525,2,7200,1.01142857143
314529,314538,315103,9,565,2,7200,1.01592920354
314604,314612,315153,8,541,2,7200,1.01478743068
314706,314715,315278,9,563,2,7200,1.01598579041
314817,314828,315393,11,565,2,7200,1.01946902655
314841,314850,315429,9,579,2,7200,1.01554404145
314861,314872,315423,11,551,2,7200,1.01996370236
314888,314898,315441,10,543,2,7200,1.01841620626
314893,314905,315851,12,946,4,7200,1.01268498943
314909,314917,315467,8,550,2,7200,1.01454545455
314924,314930,315497,6,567,2,7200,1.01058201058
314939,314945,315483,6,538,2,7200,1.01115241636
314940,314952,315497,12,545,2,7200,1.02201834862
314955,314960,315482,5,522,2,7200,1.00957854406
314956,314967,315456,11,489,2,7200,1.02249488753
314983,314992,315526,9,534,2,7200,1.01685393258
314998,315004,315537,6,533,2,7200,1.01125703565
315013,315019,315554,6,535,2,7200,1.01121495327
315014,315025,315575,11,550,2,7200,1.02
315029,315035,315567,6,532,2,7200,1.01127819549
315030,315042,315603,12,561,2,7200,1.02139037433
315045,315051,315603,6,552,2,7200,1.01086956522
315105,315114,315663,9,549,2,7200,1.01639344262
315138,315144,323263,6,8119,2,43200,1.00073900727
315156,315165,315733,9,568,2,7200,1.01584507042
315251,315258,315317,7,59,4,600,1.1186440678
315279,315289,315827,10,538,2,7200,1.01858736059
315393,315404,315969,11,565,2,7200,1.01946902655
315426,315435,315977,9,542,2,7200,1.01660516605
315441,315447,315984,6,537,2,7200,1.01117318436
315443,315454,315990,11,536,2,7200,1.02052238806
315457,315467,316031,10,564,2,7200,1.01773049645
315472,315478,316017,6,539,2,7200,1.01113172542
315487,315493,316013,6,520,2,7200,1.01153846154
315489,315500,316064,11,564,2,7200,1.0195035461
315503,315510,316087,7,577,2,7200,1.01213171577
315505,315517,316060,12,543,2,7200,1.02209944751
315529,315537,316089,8,552,2,7200,1.01449275362
315543,315550,316122,7,572,2,7200,1.01223776224
315558,315565,316115,7,550,2,7200,1.01272727273
315573,315579,316131,6,552,2,7200,1.01086956522
315588,315594,316151,6,557,2,7200,1.01077199282
315606,315614,316173,8,559,2,7200,1.01431127013
315607,315620,316171,13,551,2,7200,1.02359346642
315642,315648,315931,6,283,16,600,1.02120141343
315661,315668,315732,7,64,4,600,1.109375
315664,315674,316210,10,536,2,7200,1.01865671642
315736,315744,316279,8,535,2,7200,1.01495327103
315829,315839,316387,10,548,2,7200,1.01824817518
315845,315851,317165,6,1314,2,14400,1.00456621005
315972,315980,316516,8,536,2,7200,1.01492537313
315987,315993,316534,6,541,2,7200,1.01109057301
315989,315999,316532,10,533,2,7200,1.01876172608
316003,316009,316535,6,526,2,7200,1.01140684411
316021,316028,316569,7,541,2,7200,1.01293900185
316023,316034,316568,11,534,2,7200,1.02059925094
316037,316044,316591,7,547,2,7200,1.01279707495
316061,316072,316614,11,542,2,7200,1.02029520295
316076,316082,316628,6,546,2,7200,1.01098901099
316078,316088,316152,10,64,4,7200,1.15625
316091,316098,316652,7,554,2,7200,1.01263537906
316092,316105,316669,13,564,2,7200,1.02304964539
316116,316126,316695,10,569,2,7200,1.01757469244
316131,316137,316667,6,530,2,7200,1.01132075472
316133,316143,316684,10,541,2,7200,1.01848428835
316153,316162,316722,9,560,2,7200,1.01607142857
316174,316182,316713,8,531,2,7200,1.01506591337
316175,316188,316715,13,527,2,7200,1.02466793169
316211,316222,316784,11,562,2,7200,1.01957295374
316283,316318,316859,35,541,2,7200,1.06469500924
316312,316324,323193,12,6869,2,14400,1.00174697918
316389,316398,316988,9,590,2,7200,1.01525423729
316511,316517,319346,6,2829,1,10800,1.00212089077
316511,316523,316863,12,340,1,10800,1.03529411765
316511,316528,316716,17,188,1,10800,1.09042553191
316512,316557,316826,45,269,1,10800,1.16728624535
316512,316546,316805,34,259,1,10800,1.13127413127
316512,316540,317225,28,685,1,10800,1.04087591241
316512,316551,316819,39,268,1,10800,1.14552238806
316513,316564,316840,51,276,1,10800,1.1847826087
316513,316586,318122,73,1536,1,10800,1.04752604167
316513,316574,317267,61,693,1,10800,1.08802308802
316513,316569,318147,56,1578,1,10800,1.03548795944
316513,316580,318295,67,1715,1,10800,1.03906705539
316514,316591,321023,77,4432,1,10800,1.01737364621
316514,316597,317291,83,694,1,10800,1.11959654179
316514,316602,317585,88,983,1,10800,1.08952187182
316514,316607,316815,93,208,1,10800,1.44711538462
316515,316630,317168,115,538,1,10800,1.21375464684
316515,316624,317168,109,544,1,10800,1.20036764706
316515,316613,321783,98,5170,1,10800,1.01895551257
316515,316635,316972,120,337,1,10800,1.35608308605
316515,316619,318614,104,1995,1,10800,1.05213032581
316516,316652,317096,136,444,1,10800,1.30630630631
316516,316663,317757,147,1094,1,10800,1.13436928702
316516,316647,318465,131,1818,1,10800,1.07205720572
316516,316658,317838,142,1180,1,10800,1.12033898305
316516,316641,316905,125,264,1,10800,1.47348484848
316517,316685,317350,168,665,1,10800,1.25263157895
316517,316674,316867,157,193,1,10800,1.81347150259
316517,316680,316916,163,236,1,10800,1.6906779661
316517,316668,326397,151,9729,1,10800,1.01552060849
316518,316534,317037,16,503,2,7200,1.03180914513
316533,316692,317231,159,539,2,7200,1.29499072356
316548,316697,317271,149,574,2,7200,1.25958188153
316549,316703,317263,154,560,2,7200,1.275
316572,316708,317236,136,528,2,7200,1.25757575758
316573,316713,317248,140,535,2,7200,1.26168224299
316594,316719,317260,125,541,2,7200,1.23105360444
316615,316724,317300,109,576,2,7200,1.18923611111
316629,316729,317265,100,536,2,7200,1.18656716418
316653,316735,317299,82,564,2,7200,1.14539007092
316668,316740,317293,72,553,2,7200,1.13019891501
316682,316746,317312,64,566,2,7200,1.11307420495
316697,316753,317325,56,572,2,7200,1.0979020979
316699,316758,317313,59,555,2,7200,1.10630630631
316713,316763,317313,50,550,2,7200,1.09090909091
316728,316769,317313,41,544,2,7200,1.07536764706
316730,316774,317325,44,551,2,7200,1.07985480944
316784,316795,317328,11,533,2,7200,1.02063789869
316820,316826,316919,6,93,4,7200,1.06451612903
316865,316870,317422,5,552,2,7200,1.00905797101
316988,316999,317517,11,518,2,7200,1.02123552124
317039,317054,317601,15,547,2,7200,1.02742230347
317041,317047,317085,6,38,4,7200,1.15789473684
317072,317078,317095,6,17,32,10800,1.35294117647
317075,317085,317749,10,664,32,1800,1.01506024096
317191,317197,317253,6,56,4,7200,1.10714285714
317234,317242,317784,8,542,2,7200,1.0147601476
317249,317255,317800,6,545,2,7200,1.01100917431
317250,317261,317810,11,549,2,7200,1.02003642987
317265,317271,317824,6,553,2,7200,1.01084990958
317267,317277,317827,10,550,2,7200,1.01818181818
317268,317283,317831,15,548,2,7200,1.02737226277
317283,317289,317824,6,535,2,7200,1.01121495327
317298,317304,317872,6,568,2,7200,1.01056338028
317313,317319,317879,6,560,2,7200,1.01071428571
317314,317326,317876,12,550,2,7200,1.02181818182
317316,317331,317879,15,548,2,7200,1.02737226277
317317,317336,317899,19,563,2,7200,1.03374777975
317318,317342,317880,24,538,2,7200,1.04460966543
317320,317347,317903,27,556,2,7200,1.04856115108
317335,317354,317913,19,559,2,7200,1.03398926655
317336,317359,317923,23,564,2,7200,1.04078014184
317337,317364,317907,27,543,2,7200,1.04972375691
317369,317375,317410,6,35,4,7200,1.17142857143
317425,317433,318002,8,569,2,7200,1.01405975395
317518,317528,318061,10,533,2,7200,1.01876172608
317602,317613,318174,11,561,2,7200,1.01960784314
317669,317676,317837,7,161,4,7200,1.04347826087
317786,317796,318344,10,548,2,7200,1.01824817518
317803,317811,318361,8,550,2,7200,1.01454545455
317820,317826,318385,6,559,2,7200,1.01073345259
317826,317833,320290,7,2457,1,14400,1.00284900285
317827,317878,320438,51,2560,1,14400,1.019921875
317827,317844,320242,17,2398,1,14400,1.00708924103
317827,317838,317839,11,1,1,14400,1.2
317828,317900,323059,72,5159,1,14400,1.01395619306
317828,317889,319936,61,2047,1,14400,1.02979970689
317828,317883,319978,55,2095,1,14400,1.02625298329
317828,317894,326450,66,8556,1,14400,1.00771388499
317829,317905,319817,76,1912,1,14400,1.03974895397
317829,317917,318201,88,284,1,14400,1.30985915493
317829,317911,318194,82,283,1,14400,1.28975265018
317829,317923,323214,94,5291,1,14400,1.01776601777
317830,317945,319882,115,1937,1,14400,1.05937016004
317830,317928,320168,98,2240,1,14400,1.04375
317830,317950,320894,120,2944,1,14400,1.04076086957
317830,317934,320946,104,3012,1,14400,1.03452855246
317830,317939,321536,109,3597,1,14400,1.0303030303
317831,317972,320200,141,2228,1,14400,1.06328545781
317831,317961,318935,130,974,1,14400,1.13347022587
317831,317956,323271,125,5315,1,14400,1.02351834431
317831,317967,321729,136,3762,1,14400,1.03615098352
317832,317978,320952,146,2974,1,14400,1.04909213181
317832,317983,324971,151,6988,1,14400,1.02160847167
317832,317988,318609,156,621,1,14400,1.25120772947
317832,317994,327820,162,9826,1,14400,1.01648687157
317833,318010,332412,177,14402,1,14400,1.01228995973
317833,318004,323494,171,5490,1,14400,1.03114754098
317833,317999,322189,166,4190,1,14400,1.03961813842
317834,318015,318149,181,134,1,14400,2.35074626866
317834,318021,321521,187,3500,1,14400,1.05342857143
317835,318043,319578,208,1535,1,14400,1.13550488599
317835,318026,320740,191,2714,1,14400,1.07037582903
317835,317850,318404,15,554,2,7200,1.02707581227
317835,318038,322066,203,4028,1,14400,1.05039721946
317835,318031,332461,196,14430,1,14400,1.01358281358
317836,317856,318393,20,537,2,7200,1.03724394786
317836,318065,318485,229,420,1,14400,1.54523809524
317836,318059,320897,223,2838,1,14400,1.0785764623
317836,318070,319947,234,1877,1,14400,1.12466702184
317836,318049,321149,213,3100,1,14400,1.06870967742
317836,318054,323066,218,5012,1,14400,1.04349561053
317837,318092,321686,255,3594,1,14400,1.07095158598
317837,318081,326708,244,8627,1,14400,1.02828329663
317837,318087,318841,250,754,1,14400,1.33156498674
317837,318076,326821,239,8745,1,14400,1.0273299028
317838,318108,319986,270,1878,1,14400,1.14376996805
317838,318097,319343,259,1246,1,14400,1.20786516854
317838,318113,320219,275,2106,1,14400,1.13057929725
317838,318103,320634,265,2531,1,14400,1.10470169893
317838,317861,318419,23,558,2,7200,1.04121863799
317839,317867,318418,28,551,2,7200,1.05081669691
317839,318130,318131,291,1,1,14400,29.2
317839,318136,318284,297,148,1,14400,3.00675675676
317839,318119,319976,280,1857,1,14400,1.15078082929
317840,318141,318328,301,187,1,14400,2.60962566845
317840,318146,318698,306,552,1,14400,1.55434782609
317840,318152,318153,312,1,1,14400,31.3
317840,318157,318158,317,1,1,14400,31.8
317841,318168,318938,327,770,1,14400,1.42467532468
317841,318174,318472,333,298,1,14400,2.11744966443
317841,318180,320469,339,2289,1,14400,1.14809960682
317841,318186,319981,345,1795,1,14400,1.1922005571
317841,318163,318164,322,1,1,14400,32.3
317842,318208,319387,366,1179,1,14400,1.31043256997
317842,318202,318204,360,2,1,14400,36.2
317842,318191,320782,349,2591,1,14400,1.13469702817
317842,318196,318197,354,1,1,14400,35.5
317843,318237,319585,394,1348,1,14400,1.29228486647
317843,318214,332108,371,13894,1,14400,1.0267021736
317843,318225,318226,382,1,1,14400,38.3
317843,318230,318232,387,2,1,14400,38.9
317843,318220,318839,377,619,1,14400,1.60904684976
317844,318242,320754,398,2512,1,14400,1.15843949045
317844,318260,318261,416,1,1,14400,41.7
317844,318253,318255,409,2,1,14400,41.1
317844,318248,318249,404,1,1,14400,40.5
317845,318355,318357,510,2,1,14400,51.2
317845,318349,318351,504,2,1,14400,50.6
317845,318343,318345,498,2,1,14400,50.0
317846,318376,319532,530,1156,1,14400,1.45847750865
317846,318360,320227,514,1867,1,14400,1.27530798072
317846,318371,319344,525,973,1,14400,1.53956834532
317846,318382,321880,536,3498,1,14400,1.15323041738
317847,318403,329326,556,10923,1,14400,1.05090176691
317847,318398,319474,551,1076,1,14400,1.51208178439
317847,318392,319402,545,1010,1,14400,1.5396039604
317847,318387,318971,540,584,1,14400,1.92465753425
317848,318430,318803,582,373,1,14400,2.56032171582
317848,318408,319374,560,966,1,14400,1.57971014493
317848,318424,323177,576,4753,1,14400,1.12118661898
317848,318414,320517,566,2103,1,14400,1.26913932477
317848,318419,318420,571,1,1,14400,57.2
317849,318435,318436,586,1,1,14400,58.7
317849,318440,318442,591,2,1,14400,59.3
317849,318451,320823,602,2372,1,14400,1.25379426644
317849,318446,322781,597,4335,1,14400,1.13771626298
317850,318479,321346,629,2867,1,14400,1.21939309383
317850,318473,318474,623,1,1,14400,62.4
317850,318456,320001,606,1545,1,14400,1.39223300971
317850,318462,318463,612,1,1,14400,61.3
317850,318468,318809,618,341,1,14400,2.81231671554
317851,318496,318497,645,1,1,14400,64.6
317851,318485,322480,634,3995,1,14400,1.15869837297
317851,318491,320081,640,1590,1,14400,1.40251572327
317852,318564,318565,712,1,1,14400,71.3
317852,318512,318514,660,2,1,14400,66.2
317852,318558,319926,706,1368,1,14400,1.51608187135
317852,318507,320802,655,2295,1,14400,1.28540305011
317852,318501,319138,649,637,1,14400,2.01883830455
317853,318574,318575,721,1,1,14400,72.2
317853,318580,319292,727,712,1,14400,2.02106741573
317853,318585,324106,732,5521,1,14400,1.13258467669
317853,318569,318570,716,1,1,14400,71.7
317854,318606,318608,752,2,1,14400,75.4
317854,318596,320477,742,1881,1,14400,1.39447102605
317854,318590,318993,736,403,1,14400,2.82630272953
317854,318601,324085,747,5484,1,14400,1.13621444201
317855,318628,319420,773,792,1,14400,1.97601010101
317855,318612,321709,757,3097,1,14400,1.24443009364
317855,318617,318618,762,1,1,14400,76.3
317855,318623,318624,768,1,1,14400,76.9
317856,318639,326978,783,8339,1,14400,1.09389615062
317856,318634,320548,778,1914,1,14400,1.40647857889
317856,318645,318646,789,1,1,14400,79.0
317857,318668,319362,811,694,1,14400,2.16858789625
317857,318650,319063,793,413,1,14400,2.9200968523
317857,318657,320471,800,1814,1,14400,1.44101433297
317857,318663,323879,806,5216,1,14400,1.15452453988
317858,318695,321071,837,2376,1,14400,1.35227272727
317858,318690,319467,832,777,1,14400,2.07078507079
317858,318679,320338,821,1659,1,14400,1.49487643159
317859,318706,319490,847,784,1,14400,2.08035714286
317859,318712,320290,853,1578,1,14400,1.54055766793
317859,318718,318719,859,1,1,14400,86.0
317859,318701,319895,842,1194,1,14400,1.70519262982
317859,318724,325572,865,6848,1,14400,1.12631425234
317860,318729,324320,869,5591,1,14400,1.15542836702
317860,318766,320663,906,1897,1,14400,1.47759620453
317861,318878,320306,1017,1428,1,14400,1.71218487395
317861,318815,319234,954,419,1,14400,3.276849642
317861,318823,322677,962,3854,1,14400,1.24961079398
317862,318947,329882,1085,10935,1,14400,1.09922267947
317862,318925,318926,1063,1,1,14400,106.4
317862,318938,318939,1076,1,1,14400,107.7
317863,318980,318981,1117,1,1,14400,111.8
317863,318987,320952,1124,1965,1,14400,1.57201017812
317863,318959,332682,1096,13723,1,14400,1.07986591853
317864,319005,321557,1141,2552,1,14400,1.44710031348
317865,319080,321035,1215,1955,1,14400,1.62148337596
317866,319151,324276,1285,5125,1,14400,1.25073170732
317866,319158,319159,1292,1,1,14400,129.3
317868,319253,319254,1385,1,1,14400,138.6
317869,319260,319387,1391,127,1,14400,11.9527559055
317869,319292,319293,1423,1,1,14400,142.4
317869,319304,324284,1435,4980,1,14400,1.28815261044
317870,319310,319311,1440,1,1,14400,144.1
317870,319323,319324,1453,1,1,14400,145.4
317871,319381,320796,1510,1415,1,14400,2.06713780919
317871,319361,319362,1490,1,1,14400,149.1
317871,319368,319369,1497,1,1,14400,149.8
317871,319356,319357,1485,1,1,14400,148.6
317872,318268,318832,396,564,2,7200,1.70212765957
317872,319386,326581,1514,7195,1,14400,1.21042390549
317872,319392,321571,1520,2179,1,14400,1.6975676916
317872,319397,324897,1525,5500,1,14400,1.27727272727
317873,319410,321625,1537,2215,1,14400,1.69390519187
317873,319421,321309,1548,1888,1,14400,1.81991525424
317873,319426,322662,1553,3236,1,14400,1.47991347342
317874,319482,320192,1608,710,1,14400,3.26478873239
317874,319477,319924,1603,447,1,14400,4.58612975391
317874,319471,323524,1597,4053,1,14400,1.39402911424
317874,319533,321248,1659,1715,1,14400,1.96734693878
317875,319551,319552,1676,1,1,14400,167.7
317875,319546,321781,1671,2235,1,14400,1.74765100671
317875,319565,328838,1690,9273,1,14400,1.18224954168
317876,319592,321011,1716,1419,1,14400,2.20930232558
317876,319585,319586,1709,1,1,14400,171.0
317877,319604,325308,1727,5704,1,14400,1.30276998597
317878,319672,319673,1794,1,1,14400,179.5
317878,319692,319693,1814,1,1,14400,181.5
317879,319736,323409,1857,3673,1,14400,1.50558126872
317879,319895,323644,2016,3749,1,14400,1.53774339824
317879,319751,322306,1872,2555,1,14400,1.73268101761
317879,319829,322677,1950,2848,1,14400,1.68469101124
317879,319907,322251,2028,2344,1,14400,1.86518771331
317880,319943,319945,2063,2,1,14400,206.5
317880,319957,320533,2077,576,1,14400,4.60590277778
317880,319950,320111,2070,161,1,14400,13.8571428571
317880,319936,320380,2056,444,1,14400,5.63063063063
317881,319995,320095,2114,100,1,14400,22.14
317881,319988,320142,2107,154,1,14400,14.6818181818
317881,320013,320132,2132,119,1,14400,18.9159663866
317881,320001,321143,2120,1142,1,14400,2.85639229422
317881,319969,321509,2088,1540,1,14400,2.35584415584
317882,320114,320126,2232,12,1,14400,187.0
317882,320042,321835,2160,1793,1,14400,2.20468488567
317882,320124,323841,2242,3717,1,14400,1.60317460317
317882,320102,326144,2220,6042,1,14400,1.36742800397
317883,320139,320931,2256,792,1,14400,3.84848484848
317883,320264,326257,2381,5993,1,14400,1.39729684632
317883,320257,328714,2374,8457,1,14400,1.28071420125
317883,320302,320583,2419,281,1,14400,9.60854092527
317884,320146,324938,2262,4792,1,14400,1.47203672788
317884,320319,329157,2435,8838,1,14400,1.27551482236
317884,320154,321467,2270,1313,1,14400,2.72886519421
317884,320307,322093,2423,1786,1,14400,2.35666293393
317885,320339,321559,2454,1220,1,14400,3.01147540984
317885,320244,321040,2359,796,1,14400,3.9635678392
317885,320204,320327,2319,123,1,14400,19.8536585366
317885,320180,323235,2295,3055,1,14400,1.75122749591
317885,320217,321073,2332,856,1,14400,3.72429906542
317886,320392,320587,2506,195,1,14400,13.8512820513
317886,320450,322034,2564,1584,1,14400,2.61868686869
317886,320481,329210,2595,8729,1,14400,1.29728491236
317886,320350,323873,2464,3523,1,14400,1.69940391712
317887,320560,321443,2673,883,1,14400,4.02718006795
317887,320546,322765,2659,2219,1,14400,2.1982875169
317887,320488,320647,2601,159,1,14400,17.358490566
317887,320495,320851,2608,356,1,14400,8.32584269663
317887,320531,323138,2644,2607,1,14400,2.0141925585
317887,318274,318826,387,552,2,7200,1.70108695652
317888,320652,320653,2764,1,1,14400,276.5
317888,320612,321226,2724,614,1,14400,5.43648208469
317888,320647,320770,2759,123,1,14400,23.4308943089
317888,318279,318848,391,569,2,7200,1.68717047452
317888,320664,322405,2776,1741,1,14400,2.59448592763
317889,320688,324608,2799,3920,1,14400,1.71403061224
317889,320676,322691,2787,2015,1,14400,2.38312655087
317889,320753,325287,2864,4534,1,14400,1.63167181297
317889,320766,321425,2877,659,1,14400,5.36570561457
317890,320809,323770,2919,2961,1,14400,1.98581560284
317890,318285,318846,395,561,2,7200,1.70409982175
317890,320802,321385,2912,583,1,14400,5.9948542024
317890,320817,321593,2927,776,1,14400,4.77190721649
317890,320788,322203,2898,1415,1,14400,3.0480565371
317891,320877,324269,2986,3392,1,14400,1.88030660377
317891,320906,322073,3015,1167,1,14400,3.58354755784
317891,320837,321024,2946,187,1,14400,16.7540106952
317891,320863,320865,2972,2,1,14400,297.4
317891,318290,318825,399,535,2,7200,1.74579439252
317892,320970,322483,3078,1513,1,14400,3.0343688037
317892,320913,322458,3021,1545,1,14400,2.95533980583
317892,320965,321990,3073,1025,1,14400,3.99804878049
317892,320958,321866,3066,908,1,14400,4.37665198238
317892,320943,324247,3051,3304,1,14400,1.92342615012
317893,321050,324040,3157,2990,1,14400,2.05585284281
317893,321043,322677,3150,1634,1,14400,2.92778457772
317893,321024,321542,3131,518,1,14400,7.0444015444
317893,321036,322025,3143,989,1,14400,4.17795753286
317894,321160,322097,3266,937,1,14400,4.4855923159
317894,321184,323360,3290,2176,1,14400,2.51194852941
317894,321092,321774,3198,682,1,14400,5.68914956012
317894,321057,322157,3163,1100,1,14400,3.87545454545
317894,321098,321360,3204,262,1,14400,13.2290076336
317895,321325,321327,3430,2,1,14400,343.2
317895,321241,322499,3346,1258,1,14400,3.65977742448
317895,321264,321733,3369,469,1,14400,8.18336886994
317896,321357,323083,3461,1726,1,14400,3.00521436848
317896,321365,321504,3469,139,1,14400,25.9568345324
317896,321372,321506,3476,134,1,14400,26.9402985075
317896,321399,323352,3503,1953,1,14400,2.79365079365
317896,321344,321346,3448,2,1,14400,345.0
317897,321479,321908,3582,429,1,14400,9.34965034965
317897,321455,321602,3558,147,1,14400,25.2040816327
317897,321521,321671,3624,150,1,14400,25.16
317897,321437,321651,3540,214,1,14400,17.5420560748
317898,321547,321800,3649,253,1,14400,15.4229249012
317898,321533,321536,3635,3,1,14400,363.8
317898,321528,322774,3630,1246,1,14400,3.91332263242
317898,321554,322017,3656,463,1,14400,8.89632829374
317898,321559,321758,3661,199,1,14400,19.3969849246
317899,321572,322083,3673,511,1,14400,8.18786692759
317899,321585,321746,3686,161,1,14400,23.8944099379
317899,321577,322217,3678,640,1,14400,6.746875
317899,321565,322661,3666,1096,1,14400,4.34489051095
317900,321614,321911,3714,297,1,14400,13.5050505051
317900,321637,323249,3737,1612,1,14400,3.3182382134
317900,321605,322070,3705,465,1,14400,8.96774193548
317901,321670,321834,3769,164,1,14400,23.9817073171
317901,321683,321784,3782,101,1,14400,38.4455445545
317906,318295,318853,389,558,2,7200,1.69713261649
317908,318301,318827,393,526,2,7200,1.74714828897
317923,318306,318839,383,533,2,7200,1.71857410882
317924,318311,318860,387,549,2,7200,1.70491803279
317939,318316,318865,377,549,2,7200,1.68670309654
317941,318338,318527,397,189,4,7200,3.10052910053
318007,318322,318874,315,552,2,7200,1.57065217391
318063,318327,318858,264,531,2,7200,1.49717514124
318178,318332,318903,154,571,2,7200,1.26970227671
318346,318521,319085,175,564,2,7200,1.31028368794
318361,318526,319080,165,554,2,7200,1.29783393502
318388,318532,319069,144,537,2,7200,1.26815642458
318402,318537,319096,135,559,2,7200,1.24150268336
318417,318542,319097,125,555,2,7200,1.22522522523
318432,318548,319086,116,538,2,7200,1.2156133829
318433,318553,319112,120,559,2,7200,1.21466905188
318701,318849,319405,148,556,2,7200,1.26618705036
318702,318837,319381,135,544,2,7200,1.24816176471
318704,318862,319409,158,547,2,7200,1.28884826325
318705,318867,319420,162,553,2,7200,1.29294755877
318706,318843,319412,137,569,2,7200,1.24077328647
318708,318891,319429,183,538,2,7200,1.34014869888
318709,318855,319409,146,554,2,7200,1.26353790614
318710,318873,319398,163,525,2,7200,1.31047619048
318712,318896,319443,184,547,2,7200,1.33638025594
318713,318902,319455,189,553,2,7200,1.3417721519
318829,318907,319466,78,559,2,7200,1.13953488372
318830,318912,319456,82,544,2,7200,1.15073529412
318831,318920,319475,89,555,2,7200,1.16036036036
318846,319100,319653,254,553,2,7200,1.45931283906
318848,319105,319664,257,559,2,7200,1.45974955277
318849,319088,319644,239,556,2,7200,1.42985611511
318864,319123,319687,259,564,2,7200,1.45921985816
318866,319129,319684,263,555,2,7200,1.47387387387
318867,319111,319672,244,561,2,7200,1.43493761141
318869,319134,319711,265,577,2,7200,1.45927209705
318883,319404,319948,521,544,2,7200,1.95772058824
318885,319433,319967,548,534,2,7200,2.02621722846
318906,319439,320008,533,569,2,7200,1.93673110721
318942,774147,774832,455205,685,256,1800,665.532846715
319071,319444,320001,373,557,2,7200,1.66965888689
319085,319116,319343,31,227,4,7200,1.13656387665
319086,319449,319996,363,547,2,7200,1.66361974406
319087,319455,320007,368,552,2,7200,1.66666666667
319089,319460,320006,371,546,2,7200,1.67948717949
319104,319489,320021,385,532,2,7200,1.72368421053
319105,319495,320041,390,546,2,7200,1.71428571429
319120,319500,320067,380,567,2,7200,1.67019400353
319159,319166,319352,7,186,1,3600,1.0376344086
319382,319506,320064,124,558,2,7200,1.22222222222
319399,319511,320076,112,565,2,7200,1.1982300885
319415,319516,320073,101,557,2,7200,1.18132854578
319416,319660,320208,244,548,2,7200,1.44525547445
319418,319666,320200,248,534,2,7200,1.46441947566
319419,319680,320216,261,536,2,7200,1.48694029851
319422,319466,319469,44,3,3,360000,4.7
319434,319687,320239,253,552,2,7200,1.45833333333
319435,319522,320743,87,1221,4,1200,1.07125307125
319436,319700,320263,264,563,2,7200,1.46891651865
319450,319705,320272,255,567,2,7200,1.44973544974
319466,319724,320264,258,540,2,7200,1.47777777778
319467,319964,320500,497,536,2,7200,1.92723880597
319482,320020,320582,538,562,2,7200,1.95729537367
319483,320007,320582,524,575,2,7200,1.91130434783
319510,319540,319541,30,1,3,360000,3.1
319589,319610,320086,21,476,1,360000,1.04411764706
319646,320025,320568,379,543,2,7200,1.69797421731
319661,319979,320512,318,533,2,7200,1.59662288931
319676,320031,320583,355,552,2,7200,1.64311594203
319677,320036,320588,359,552,2,7200,1.65036231884
319692,320049,320577,357,528,2,7200,1.67613636364
319693,320055,320604,362,549,2,7200,1.65938069217
319714,320082,320654,368,572,2,7200,1.64335664336
319724,319731,324995,7,5264,4,360000,1.00132978723
319950,320076,320626,126,550,2,7200,1.22909090909
319968,320090,320638,122,548,2,7200,1.22262773723
319998,320095,320663,97,568,2,7200,1.17077464789
320013,320224,320761,211,537,2,7200,1.39292364991
320015,320212,320770,197,558,2,7200,1.35304659498
320016,320230,320776,214,546,2,7200,1.39194139194
320017,320251,320805,234,554,2,7200,1.42238267148
320032,320275,320833,243,558,2,7200,1.43548387097
320047,320288,320805,241,517,2,7200,1.46615087041
320065,320281,320826,216,545,2,7200,1.39633027523
320080,320512,321067,432,555,2,7200,1.77837837838
320081,320523,321074,442,551,2,7200,1.80217785844
320082,320596,321136,514,540,2,7200,1.95185185185
320102,320109,400077,7,79968,3,360000,1.00008753501
320203,320601,321150,398,549,2,7200,1.72495446266
320218,320581,321146,363,565,2,7200,1.64247787611
320220,320607,321154,387,547,2,7200,1.70749542962
320221,320236,320278,15,42,4,7200,1.35714285714
320241,320620,321164,379,544,2,7200,1.69669117647
320265,320588,321140,323,552,2,7200,1.58514492754
320266,320625,321198,359,573,2,7200,1.62652705061
320281,320637,321200,356,563,2,7200,1.6323268206
320501,320670,321245,169,575,2,7200,1.29391304348
320515,320659,321193,144,534,2,7200,1.26966292135
320569,320682,321222,113,540,2,7200,1.20925925926
320584,320782,321334,198,552,2,7200,1.35869565217
320586,320772,321325,186,553,2,7200,1.33634719711
320587,320795,321317,208,522,2,7200,1.39846743295
320588,320824,321371,236,547,2,7200,1.43144424132
320597,320631,320634,34,3,32,10800,3.7
320603,320851,321399,248,548,2,7200,1.45255474453
320618,320844,321403,226,559,2,7200,1.40429338104
320633,320829,321379,196,550,2,7200,1.35636363636
320647,321080,321610,433,530,2,7200,1.81698113208
320662,321087,321639,425,552,2,7200,1.76992753623
320677,321167,321715,490,548,2,7200,1.89416058394
320764,321154,321704,390,550,2,7200,1.70909090909
320779,321173,321732,394,559,2,7200,1.70483005367
320780,321147,321688,367,541,2,7200,1.67837338262
320807,321178,321722,371,544,2,7200,1.68198529412
320808,321190,321735,382,545,2,7200,1.70091743119
320826,321211,321747,385,536,2,7200,1.71828358209
320841,321217,321762,376,545,2,7200,1.68990825688
321069,321204,321762,135,558,2,7200,1.24193548387
321083,321257,321781,174,524,2,7200,1.3320610687
321137,321234,321797,97,563,2,7200,1.17229129663
321152,321339,321886,187,547,2,7200,1.34186471664
321154,321351,321913,197,562,2,7200,1.35053380783
321155,321332,321850,177,518,2,7200,1.3416988417
321170,321392,321955,222,563,2,7200,1.39431616341
321171,321382,321931,211,549,2,7200,1.38433515483
321178,321196,321202,18,6,32,10800,2.4
321195,321418,321955,223,537,2,7200,1.41527001862
321210,321411,321964,201,553,2,7200,1.36347197107
321211,321621,322169,410,548,2,7200,1.74817518248
321226,321650,322198,424,548,2,7200,1.77372262774
321247,321701,322221,454,520,2,7200,1.87307692308
321312,321319,321355,7,36,4,7200,1.19444444444
321319,321715,322278,396,563,2,7200,1.70337477798
321334,321744,322301,410,557,2,7200,1.73608617594
321348,321726,322265,378,539,2,7200,1.7012987013
321372,321733,322277,361,544,2,7200,1.66360294118
321387,321752,322283,365,531,2,7200,1.68738229755
321402,321773,322328,371,555,2,7200,1.66846846847
321416,321759,322311,343,552,2,7200,1.62137681159
321508,321515,321526,7,11,32,10800,1.63636363636
321534,321541,321586,7,45,4,7200,1.15555555556
321612,321778,322314,166,536,2,7200,1.30970149254
321633,321644,321655,11,11,32,10800,2.0
321642,321808,322387,166,579,2,7200,1.28670120898
321650,321663,321710,13,47,4,7200,1.27659574468
321690,321793,322345,103,552,2,7200,1.1865942029
321704,321861,322427,157,566,2,7200,1.27738515901
321719,321897,322449,178,552,2,7200,1.32246376812
321734,321924,322481,190,557,2,7200,1.34111310592
321735,321942,322492,207,550,2,7200,1.37636363636
321750,321967,322524,217,557,2,7200,1.38958707361
321751,321978,322506,227,528,2,7200,1.42992424242
321770,321972,322502,202,530,2,7200,1.38113207547
321772,322180,322735,408,555,2,7200,1.73513513514
321787,322211,322767,424,556,2,7200,1.76258992806
321801,322233,322806,432,573,2,7200,1.75392670157
321852,322296,322862,444,566,2,7200,1.78445229682
321874,321882,321926,8,44,4,7200,1.18181818182
321888,322277,322847,389,570,2,7200,1.68245614035
321915,322288,322845,373,557,2,7200,1.66965888689
321929,322312,322883,383,571,2,7200,1.6707530648
321956,322301,322834,345,533,2,7200,1.64727954972
321958,322323,322884,365,561,2,7200,1.65062388592
321972,322330,322910,358,580,2,7200,1.61724137931
322022,322029,322242,7,213,4,7200,1.03286384977
322174,322340,322869,166,529,2,7200,1.31379962193
322188,322195,322205,7,10,32,10800,1.7
322201,322356,322916,155,560,2,7200,1.27678571429
322222,322399,322948,177,549,2,7200,1.32240437158
322267,322439,323006,172,567,2,7200,1.30335097002
322282,322461,323020,179,559,2,7200,1.32021466905
322283,322493,323034,210,541,2,7200,1.38817005545
322298,322504,323059,206,555,2,7200,1.37117117117
322313,322535,323085,222,550,2,7200,1.40363636364
322314,322514,323043,200,529,2,7200,1.37807183365
322329,322521,323062,192,541,2,7200,1.35489833641
322331,322747,323277,416,530,2,7200,1.78490566038
322345,322778,323330,433,552,2,7200,1.78442028986
322387,322817,323354,430,537,2,7200,1.80074487896
322429,322864,323409,435,545,2,7200,1.79816513761
322450,322856,323401,406,545,2,7200,1.74495412844
322483,322875,323408,392,533,2,7200,1.73545966229
322498,322847,323426,349,579,2,7200,1.60276338515
322513,322894,323467,381,573,2,7200,1.66492146597
322514,322901,323441,387,540,2,7200,1.71666666667
322529,322921,323456,392,535,2,7200,1.73271028037
322737,322881,323447,144,566,2,7200,1.25441696113
322770,322928,323468,158,540,2,7200,1.29259259259
322806,322959,323532,153,573,2,7200,1.26701570681
322836,323018,323566,182,548,2,7200,1.33211678832
322851,323031,323587,180,556,2,7200,1.32374100719
322852,323045,323567,193,522,2,7200,1.36973180077
322867,323070,323626,203,556,2,7200,1.36510791367
322881,323054,323622,173,568,2,7200,1.30457746479
322896,323077,323630,181,553,2,7200,1.32730560579
322897,323096,323637,199,541,2,7200,1.36783733826
322912,323289,323837,377,548,2,7200,1.68795620438
322926,323342,323909,416,567,2,7200,1.73368606702
322947,323366,323916,419,550,2,7200,1.76181818182
323007,323437,324003,430,566,2,7200,1.75971731449
323022,323412,323944,390,532,2,7200,1.73308270677
323037,323426,323979,389,553,2,7200,1.7034358047
323051,323420,323970,369,550,2,7200,1.67090909091
323066,323459,323995,393,536,2,7200,1.73320895522
323068,323478,324011,410,533,2,7200,1.76923076923
323085,323452,324017,367,565,2,7200,1.64955752212
323278,323467,324016,189,549,2,7200,1.34426229508
323332,323485,324032,153,547,2,7200,1.27970749543
323356,323543,324105,187,562,2,7200,1.33274021352
323403,323577,324119,174,542,2,7200,1.32103321033
323418,323599,324173,181,574,2,7200,1.31533101045
323420,323584,324135,164,551,2,7200,1.29764065336
323434,323633,324187,199,554,2,7200,1.35920577617
323449,323640,324188,191,548,2,7200,1.34854014599
323451,323647,324214,196,567,2,7200,1.34567901235
323465,323653,324211,188,558,2,7200,1.33691756272
323467,323848,324427,381,579,2,7200,1.65803108808
323481,323920,324468,439,548,2,7200,1.80109489051
323533,323928,324469,395,541,2,7200,1.73012939002
323569,323955,324516,386,561,2,7200,1.688057041
323571,323981,324533,410,552,2,7200,1.74275362319
323588,323990,324526,402,536,2,7200,1.75
323624,324015,324564,391,549,2,7200,1.71220400729
323639,324029,324604,390,575,2,7200,1.67826086957
323641,324007,324570,366,563,2,7200,1.65008880995
323642,324035,324593,393,558,2,7200,1.70430107527
323645,323659,323668,14,9,32,10800,2.3
323836,323842,323849,6,7,32,10800,1.3
323838,324022,324585,184,563,2,7200,1.32682060391
323910,324044,324597,134,553,2,7200,1.24231464738
323924,324116,324694,192,578,2,7200,1.3321799308
323945,324130,324683,185,553,2,7200,1.33453887884
323953,323963,323972,10,9,32,10800,1.9
323972,324146,324685,174,539,2,7200,1.32282003711
323986,324184,324747,198,563,2,7200,1.35168738899
324001,324199,324743,198,544,2,7200,1.36397058824
324016,324204,324736,188,532,2,7200,1.35338345865
324018,324231,324790,213,559,2,7200,1.38103756708
324033,324223,324771,190,548,2,7200,1.34671532847
324034,324438,324970,404,532,2,7200,1.75939849624
324035,324479,325031,444,552,2,7200,1.80434782609
324107,324485,325059,378,574,2,7200,1.65853658537
324122,324527,325075,405,548,2,7200,1.73905109489
324137,324545,325073,408,528,2,7200,1.77272727273
324176,324538,325073,362,535,2,7200,1.67663551402
324191,324582,325145,391,563,2,7200,1.6944937833
324192,324575,325111,383,536,2,7200,1.71455223881
324213,324596,325164,383,568,2,7200,1.67429577465
324227,324617,325157,390,540,2,7200,1.72222222222
324429,324604,325143,175,539,2,7200,1.32467532468
324471,324610,325166,139,556,2,7200,1.25
324472,324708,325257,236,549,2,7200,1.42987249545
324517,324695,325260,178,565,2,7200,1.31504424779
324532,324702,325245,170,543,2,7200,1.31307550645
324547,324761,325309,214,548,2,7200,1.39051094891
324568,324747,325298,179,551,2,7200,1.32486388385
324582,324754,325303,172,549,2,7200,1.31329690346
324597,324783,325311,186,528,2,7200,1.35227272727
324599,324801,325355,202,554,2,7200,1.36462093863
324600,324981,325526,381,545,2,7200,1.69908256881
324615,325042,325580,427,538,2,7200,1.7936802974
324684,325070,325622,386,552,2,7200,1.69927536232
324699,325097,325664,398,567,2,7200,1.70194003527
324700,325085,325606,385,521,2,7200,1.73896353167
324736,325091,325653,355,562,2,7200,1.63167259786
324751,325123,325685,372,562,2,7200,1.66192170819
324752,325161,325709,409,548,2,7200,1.74635036496
324773,325175,325710,402,535,2,7200,1.75140186916
324791,325154,325684,363,530,2,7200,1.68490566038
324971,325182,325748,211,566,2,7200,1.37279151943
325032,325168,325718,136,550,2,7200,1.24727272727
325061,325276,325809,215,533,2,7200,1.40337711069
325076,325257,325806,181,549,2,7200,1.32969034608
325078,325269,325815,191,546,2,7200,1.34981684982
325079,325310,325862,231,552,2,7200,1.41847826087
325112,325317,325860,205,543,2,7200,1.37753222836
325145,325324,325876,179,552,2,7200,1.32427536232
325160,325330,325850,170,520,2,7200,1.32692307692
325161,325366,325914,205,548,2,7200,1.37408759124
325176,325537,326106,361,569,2,7200,1.63444639719
325177,325591,326132,414,541,2,7200,1.76524953789
325242,325249,326011,7,762,4,360000,1.00918635171
325246,325633,326191,387,558,2,7200,1.6935483871
325261,325617,326178,356,561,2,7200,1.63458110517
325262,325664,326220,402,556,2,7200,1.72302158273
325301,325675,326224,374,549,2,7200,1.68123861566
325316,325701,326243,385,542,2,7200,1.71033210332
325317,325695,326244,378,549,2,7200,1.68852459016
325319,325720,326280,401,560,2,7200,1.71607142857
325358,325734,326277,376,543,2,7200,1.69244935543
325529,325727,326294,198,567,2,7200,1.34920634921
325580,325760,326316,180,556,2,7200,1.32374100719
325607,325818,326366,211,548,2,7200,1.38503649635
325621,325832,326358,211,526,2,7200,1.40114068441
325654,325826,326391,172,565,2,7200,1.30442477876
325669,325878,326418,209,540,2,7200,1.38703703704
325687,325871,326413,184,542,2,7200,1.33948339483
325688,325887,326410,199,523,2,7200,1.38049713193
325712,325862,326413,150,551,2,7200,1.2722323049
325714,325925,326455,211,530,2,7200,1.39811320755
325728,326117,326679,389,562,2,7200,1.69217081851
325749,326143,326686,394,543,2,7200,1.7255985267
325809,326189,326727,380,538,2,7200,1.7063197026
325824,326202,326757,378,555,2,7200,1.68108108108
325826,326232,326782,406,550,2,7200,1.73818181818
325853,326239,326795,386,556,2,7200,1.69424460432
325868,326262,326811,394,549,2,7200,1.71766848816
325869,326254,326837,385,583,2,7200,1.66037735849
325884,326295,326824,411,529,2,7200,1.77693761815
325917,326305,326854,388,549,2,7200,1.70673952641
326106,326288,326844,182,556,2,7200,1.3273381295
326133,326327,326861,194,534,2,7200,1.36329588015
326178,326377,326938,199,561,2,7200,1.35472370766
326193,326402,326941,209,539,2,7200,1.38775510204
326223,326369,326925,146,556,2,7200,1.26258992806
326237,326428,326978,191,550,2,7200,1.34727272727
326252,326434,326996,182,562,2,7200,1.32384341637
326254,326440,326996,186,556,2,7200,1.3345323741
326277,326421,326957,144,536,2,7200,1.26865671642
326292,326466,327018,174,552,2,7200,1.3152173913
326307,326691,327216,384,525,2,7200,1.73142857143
326322,326698,327238,376,540,2,7200,1.6962962963
326361,326739,327295,378,556,2,7200,1.67985611511
326375,326768,327303,393,535,2,7200,1.73457943925
326393,326793,327345,400,552,2,7200,1.72463768116
326411,326806,327336,395,530,2,7200,1.74528301887
326426,326849,327411,423,562,2,7200,1.75266903915
326428,326822,327355,394,533,2,7200,1.7392120075
326429,326856,327417,427,561,2,7200,1.76114081996
326456,326835,327367,379,532,2,7200,1.71240601504
326600,326606,327350,6,744,4,360000,1.00806451613
326682,326865,327430,183,565,2,7200,1.32389380531
326696,326872,327443,176,571,2,7200,1.30823117338
326729,326936,327496,207,560,2,7200,1.36964285714
326759,326949,327478,190,529,2,7200,1.35916824197
326783,326956,327518,173,562,2,7200,1.30782918149
326799,326968,327508,169,540,2,7200,1.31296296296
326814,326989,327577,175,588,2,7200,1.29761904762
326829,327026,327548,197,522,2,7200,1.37739463602
326844,327032,327587,188,555,2,7200,1.33873873874
326845,327038,327605,193,567,2,7200,1.34038800705
326860,327227,327763,367,536,2,7200,1.68470149254
326874,327250,327808,376,558,2,7200,1.67383512545
326906,326913,440830,7,113917,1,176400,1.00006144825
326925,327306,327860,381,554,2,7200,1.68772563177
326940,327315,327837,375,522,2,7200,1.7183908046
326941,327356,327916,415,560,2,7200,1.74107142857
326959,327347,327898,388,551,2,7200,1.70417422868
326964,326976,398438,12,71462,1,176400,1.00016792141
326980,327366,327894,386,528,2,7200,1.73106060606
326998,327378,327950,380,572,2,7200,1.66433566434
326999,327422,327964,423,542,2,7200,1.78044280443
327020,327429,327962,409,533,2,7200,1.76735459662
327069,327076,687085,7,360009,1,360000,1.00001944396
327219,327441,327967,222,526,2,7200,1.42205323194
327239,327454,327985,215,531,2,7200,1.40489642185
327296,327507,328069,211,562,2,7200,1.37544483986
327311,327490,328052,179,562,2,7200,1.31850533808
327338,327529,328090,191,561,2,7200,1.34046345811
327352,327519,328084,167,565,2,7200,1.29557522124
327367,327588,328146,221,558,2,7200,1.39605734767
327369,327598,328150,229,552,2,7200,1.41485507246
327414,327559,328093,145,534,2,7200,1.27153558052
327428,327616,328139,188,523,2,7200,1.35946462715
327443,327774,328315,331,541,2,7200,1.61182994455
327445,327819,328368,374,549,2,7200,1.68123861566
327480,327871,328441,391,570,2,7200,1.68596491228
327495,327848,328415,353,567,2,7200,1.62257495591
327510,327912,328477,402,565,2,7200,1.71150442478
327525,327927,328475,402,548,2,7200,1.73357664234
327549,327905,328470,356,565,2,7200,1.63008849558
327578,327962,328533,384,571,2,7200,1.67250437828
327593,327980,328536,387,556,2,7200,1.69604316547
327608,327973,328499,365,526,2,7200,1.69391634981
327688,327695,327821,7,126,4,7200,1.05555555556
327764,327986,328537,222,551,2,7200,1.40290381125
327809,327996,328550,187,554,2,7200,1.33754512635
327839,328064,328624,225,560,2,7200,1.40178571429
327863,328080,328650,217,570,2,7200,1.38070175439
327896,328095,328618,199,523,2,7200,1.38049713193
327910,328102,328644,192,542,2,7200,1.35424354244
327925,328109,328673,184,564,2,7200,1.32624113475
327952,328157,328731,205,574,2,7200,1.35714285714
327967,328164,328687,197,523,2,7200,1.37667304015
327968,328150,328686,182,536,2,7200,1.33955223881
327983,328326,328886,343,560,2,7200,1.6125
327998,328379,328943,381,564,2,7200,1.67553191489
328054,328426,328959,372,533,2,7200,1.69793621013
328069,328453,328978,384,525,2,7200,1.73142857143
328087,328481,328998,394,517,2,7200,1.76208897485
328102,328488,329021,386,533,2,7200,1.72420262664
328103,328493,329028,390,535,2,7200,1.72897196262
328127,328133,328290,6,157,4,7200,1.03821656051
328142,328545,329100,403,555,2,7200,1.72612612613
328157,328510,329037,353,527,2,7200,1.66982922201
328158,328551,329081,393,530,2,7200,1.74150943396
328318,328557,329106,239,549,2,7200,1.43533697632
328369,328563,329117,194,554,2,7200,1.35018050542
328417,328636,329176,219,540,2,7200,1.40555555556
328444,328662,329207,218,545,2,7200,1.4
328473,328629,329195,156,566,2,7200,1.27561837456
328488,328655,329233,167,578,2,7200,1.28892733564
328489,328684,329212,195,528,2,7200,1.36931818182
328504,328697,329247,193,550,2,7200,1.35090909091
328534,328742,329288,208,546,2,7200,1.38095238095
328549,328703,329270,154,567,2,7200,1.27160493827
328550,328897,329469,347,572,2,7200,1.60664335664
328565,328954,329517,389,563,2,7200,1.69094138544
328613,328620,328745,7,125,4,7200,1.056
328619,328970,329549,351,579,2,7200,1.60621761658
328634,328990,329534,356,544,2,7200,1.65441176471
328648,329010,329577,362,567,2,7200,1.63844797178
328663,329040,329620,377,580,2,7200,1.65
328678,329033,329596,355,563,2,7200,1.63055062167
328693,329049,329611,356,562,2,7200,1.6334519573
328694,329111,329687,417,576,2,7200,1.72395833333
328733,329092,329649,359,557,2,7200,1.64452423698
328886,329118,329686,232,568,2,7200,1.40845070423
328943,329128,329696,185,568,2,7200,1.32570422535
328961,329206,329765,245,559,2,7200,1.43828264758
328982,329188,329746,206,558,2,7200,1.36917562724
328999,329244,329798,245,554,2,7200,1.44223826715
329023,329218,329808,195,590,2,7200,1.33050847458
329038,329225,329791,187,566,2,7200,1.33038869258
329039,329258,329828,219,570,2,7200,1.38421052632
329081,329281,329843,200,562,2,7200,1.35587188612
329102,329300,329865,198,565,2,7200,1.35044247788
329117,329480,330044,363,564,2,7200,1.64361702128
329118,329528,330098,410,570,2,7200,1.71929824561
329178,329560,330121,382,561,2,7200,1.68092691622
329196,329545,330111,349,566,2,7200,1.61660777385
329210,329588,330160,378,572,2,7200,1.66083916084
329225,329607,330133,382,526,2,7200,1.72623574144
329240,329631,330182,391,551,2,7200,1.70961887477
329255,329622,330182,367,560,2,7200,1.65535714286
329272,329661,330207,389,546,2,7200,1.71245421245
329290,329704,330229,414,525,2,7200,1.78857142857
329471,329697,330261,226,564,2,7200,1.40070921986
329519,329711,330294,192,583,2,7200,1.32933104631
329536,329758,330326,222,568,2,7200,1.39084507042
329551,329776,330337,225,561,2,7200,1.40106951872
329578,329819,330387,241,568,2,7200,1.42429577465
329599,329802,330314,203,512,2,7200,1.396484375
329613,329809,330376,196,567,2,7200,1.34567901235
329628,329840,330408,212,568,2,7200,1.37323943662
329652,329855,330414,203,559,2,7200,1.36314847943
329688,329877,330446,189,569,2,7200,1.33216168717
329690,330056,330625,366,569,2,7200,1.64323374341
329704,330110,330664,406,554,2,7200,1.73285198556
329746,330123,330684,377,561,2,7200,1.67201426025
329767,330132,330711,365,579,2,7200,1.63039723661
329794,330172,330740,378,568,2,7200,1.66549295775
329809,330144,330710,335,566,2,7200,1.59187279152
329810,330193,330755,383,562,2,7200,1.68149466192
329819,329826,329955,7,129,4,7200,1.05426356589
329831,330199,330775,368,576,2,7200,1.63888888889
329846,330218,330786,372,568,2,7200,1.65492957746
329866,330272,330838,406,566,2,7200,1.71731448763
330047,330240,330808,193,568,2,7200,1.33978873239
330098,330305,330870,207,565,2,7200,1.36637168142
330113,330337,330901,224,564,2,7200,1.39716312057
330128,330349,330927,221,578,2,7200,1.38235294118
330142,330325,330903,183,578,2,7200,1.31660899654
330160,330388,330959,228,571,2,7200,1.39929947461
330181,330398,330964,217,566,2,7200,1.38339222615
330182,330419,330991,237,572,2,7200,1.41433566434
330195,330205,330362,10,157,4,7200,1.06369426752
330209,330426,330991,217,565,2,7200,1.38407079646
330230,330457,331035,227,578,2,7200,1.39273356401
330263,330637,331206,374,569,2,7200,1.65729349736
330292,330675,331234,383,559,2,7200,1.68515205725
330313,330695,331266,382,571,2,7200,1.66900175131
330328,330727,331299,399,572,2,7200,1.69755244755
330343,330721,331287,378,566,2,7200,1.66784452297
330378,330751,331330,373,579,2,7200,1.64421416235
330393,330796,331362,403,566,2,7200,1.71201413428
330411,330766,331333,355,567,2,7200,1.62610229277
330415,330432,330506,17,74,4,7200,1.22972972973
330426,331215,331785,789,570,2,7200,2.38421052632
330446,331220,331790,774,570,2,7200,2.35789473684
330530,330536,330603,6,67,4,7200,1.08955223881
330616,330623,337851,7,7228,4,7200,1.000968456
330627,331226,331791,599,565,2,7200,2.06017699115
330666,331231,331790,565,559,2,7200,2.01073345259
330686,331236,331804,550,568,2,7200,1.96830985915
330713,331242,331801,529,559,2,7200,1.94633273703
330715,331247,331812,532,565,2,7200,1.94159292035
330741,331252,331840,511,588,2,7200,1.86904761905
330756,331258,331827,502,569,2,7200,1.88224956063
330772,330784,331290,12,506,1,14400,1.02371541502
330772,330779,330898,7,119,1,14400,1.05882352941
330773,330802,331796,29,994,1,14400,1.0291750503
330773,330813,337736,40,6923,1,14400,1.00577784198
330773,330807,331976,34,1169,1,14400,1.02908468777
330774,330824,335798,50,4974,1,14400,1.01005227181
330774,330818,332429,44,1611,1,14400,1.02731222843
330774,330829,331258,55,429,1,14400,1.12820512821
330774,330835,332082,61,1247,1,14400,1.04891740176
330775,330840,331839,65,999,1,14400,1.06506506507
330775,330846,331379,71,533,1,14400,1.13320825516
330775,330861,331088,86,227,1,14400,1.37885462555
330775,330851,336112,76,5261,1,14400,1.01444592283
330776,330883,331839,107,956,1,14400,1.11192468619
330776,330877,333108,101,2231,1,14400,1.04527117884
330776,330872,338249,96,7377,1,14400,1.01301342009
330776,330866,331163,90,297,1,14400,1.30303030303
330777,330905,338998,128,8093,1,14400,1.0158161374
330777,331263,331831,486,568,2,7200,1.85563380282
330777,330910,330911,133,1,1,14400,13.4
330777,330894,334817,117,3923,1,14400,1.0298241142
330777,330900,336379,123,5479,1,14400,1.02244935207
330777,330889,332459,112,1570,1,14400,1.07133757962
330778,330932,334372,154,3440,1,14400,1.04476744186
330778,330921,332185,143,1264,1,14400,1.11313291139
330778,330926,333019,148,2093,1,14400,1.0707118968
330779,330948,337217,169,6269,1,14400,1.02695804754
330779,330937,339503,158,8566,1,14400,1.01844501518
330780,330953,332492,173,1539,1,14400,1.11241065627
330780,330969,332082,189,1113,1,14400,1.16981132075
330780,330964,331403,184,439,1,14400,1.41913439636
330780,330975,345381,195,14406,1,14400,1.01353602666
330781,330980,334500,199,3520,1,14400,1.05653409091
330781,330991,332313,210,1322,1,14400,1.15885022693
330781,330996,333063,215,2067,1,14400,1.10401548137
330781,330985,332563,204,1578,1,14400,1.12927756654
330782,331023,332199,241,1176,1,14400,1.20493197279
330782,331007,331715,225,708,1,14400,1.31779661017
330782,331018,338481,236,7463,1,14400,1.03162267185
330782,331013,345458,231,14445,1,14400,1.01599169263
330782,331001,334346,219,3345,1,14400,1.06547085202
330783,331039,336201,256,5162,1,14400,1.04959318094
330783,331029,332024,246,995,1,14400,1.2472361809
330783,331034,334807,251,3773,1,14400,1.06652531142
330784,331066,333859,282,2793,1,14400,1.10096670247
330784,331056,334434,272,3378,1,14400,1.08052101835
330784,331050,332755,266,1705,1,14400,1.15601173021
330784,331061,335129,277,4068,1,14400,1.06809242871
330784,331072,331401,288,329,1,14400,1.87537993921
330785,331082,332886,297,1804,1,14400,1.16463414634
330785,331088,332306,303,1218,1,14400,1.24876847291
330785,331077,334722,292,3645,1,14400,1.08010973937
330786,331109,334500,323,3391,1,14400,1.09525213801
330786,331115,335205,329,4090,1,14400,1.0804400978
330786,331093,333413,307,2320,1,14400,1.13232758621
330786,331104,342739,318,11635,1,14400,1.02733132789
330786,331099,332189,313,1090,1,14400,1.2871559633
330787,331131,333667,344,2536,1,14400,1.1356466877
330787,331126,335247,339,4121,1,14400,1.08226158699
330787,331136,333045,349,1909,1,14400,1.18281822944
330787,331120,335596,333,4476,1,14400,1.07439678284
330788,331147,331252,359,105,1,14400,4.41904761905
330788,331142,334519,354,3377,1,14400,1.10482676932
330788,331158,332050,370,892,1,14400,1.41479820628
330788,331163,336045,375,4882,1,14400,1.07681278165
330788,331152,332000,364,848,1,14400,1.42924528302
330789,331179,332331,390,1152,1,14400,1.33854166667
330789,331185,333621,396,2436,1,14400,1.16256157635
330789,331174,333043,385,1869,1,14400,1.20599250936
330789,331169,333023,380,1854,1,14400,1.2049622438
330790,331201,339323,411,8122,1,14400,1.05060329968
330790,331195,332976,405,1781,1,14400,1.22740033689
330790,331206,335394,416,4188,1,14400,1.09933142311
330790,331190,332360,400,1170,1,14400,1.34188034188
330790,331279,336397,489,5118,1,14400,1.09554513482
330791,331290,334310,499,3020,1,14400,1.16523178808
330791,331295,336961,504,5666,1,14400,1.08895164137
330792,331301,334593,509,3292,1,14400,1.15461725395
330792,331268,331812,476,544,2,7200,1.875
330792,331306,337233,514,5927,1,14400,1.08672178168
330792,331311,333538,519,2227,1,14400,1.23304894477
330792,331317,334842,525,3525,1,14400,1.14893617021
330792,331322,338722,530,7400,1,14400,1.07162162162
330793,331327,336058,534,4731,1,14400,1.1128725428
330793,331334,338216,541,6882,1,14400,1.07861086893
330793,331345,335189,552,3844,1,14400,1.14360041623
330793,331339,331340,546,1,1,14400,54.7
330794,331356,333210,562,1854,1,14400,1.30312837109
330794,331350,332481,556,1131,1,14400,1.49160035367
330794,331366,333417,572,2051,1,14400,1.27888834715
330794,331372,331609,578,237,1,14400,3.4388185654
330794,331361,335428,567,4067,1,14400,1.13941480207
330795,331388,333099,593,1711,1,14400,1.34658094681
330795,331393,331394,598,1,1,14400,59.9
330795,331398,333088,603,1690,1,14400,1.35680473373
330795,331377,333465,582,2088,1,14400,1.27873563218
330795,331382,333375,587,1993,1,14400,1.294530858
330796,331404,331795,608,391,1,14400,2.55498721228
330796,331420,337033,624,5613,1,14400,1.11117049706
330796,331409,332627,613,1218,1,14400,1.50328407225
330797,331471,334851,674,3380,1,14400,1.19940828402
330797,331476,332057,679,581,1,14400,2.1686746988
330797,331482,331729,685,247,1,14400,3.77327935223
330797,331488,333762,691,2274,1,14400,1.30386983289
330798,331499,338119,701,6620,1,14400,1.10589123867
330798,331505,333305,707,1800,1,14400,1.39277777778
330798,331510,333310,712,1800,1,14400,1.39555555556
330798,331494,333418,696,1924,1,14400,1.36174636175
330799,331546,333333,747,1787,1,14400,1.4180190263
330799,331515,334529,716,3014,1,14400,1.23755806238
330799,331533,331534,734,1,1,14400,73.5
330799,331621,332696,822,1075,1,14400,1.76465116279
330800,331747,331940,947,193,1,14400,5.9067357513
330800,331754,332066,954,312,1,14400,4.05769230769
330801,331833,332144,1032,311,1,14400,4.31832797428
330801,331884,331982,1083,98,1,14400,12.0510204082
330801,331889,332083,1088,194,1,14400,6.60824742268
330804,332000,333273,1196,1273,1,14400,1.93951296151
330804,331980,332663,1176,683,1,14400,2.72181551977
330805,332005,333541,1200,1536,1,14400,1.78125
330805,332017,334048,1212,2031,1,14400,1.59675036928
330805,332034,332035,1229,1,1,14400,123.0
330805,332064,338131,1259,6067,1,14400,1.20751607055
330806,332076,335772,1270,3696,1,14400,1.34361471861
330806,332094,333494,1288,1400,1,14400,1.92
330806,332087,334565,1281,2478,1,14400,1.51694915254
330807,332110,334047,1303,1937,1,14400,1.67268972638
330807,332105,336055,1298,3950,1,14400,1.32860759494
330807,332122,334999,1315,2877,1,14400,1.45707334029
330808,332134,333307,1326,1173,1,14400,2.13043478261
330809,332162,332937,1353,775,1,14400,2.74580645161
330809,331274,331851,465,577,2,7200,1.80589254766
330810,332200,334192,1390,1992,1,14400,1.69779116466
330810,332212,332485,1402,273,1,14400,6.13553113553
330810,332224,332793,1414,569,1,14400,3.48506151142
330813,332330,332472,1517,142,1,14400,11.6830985915
330813,332342,336415,1529,4073,1,14400,1.37539896882
330814,332354,332925,1540,571,1,14400,3.69702276708
330814,332373,346788,1559,14415,1,14400,1.10815123136
330815,332440,332441,1625,1,1,14400,162.6
330816,332485,333265,1669,780,1,14400,3.13974358974
330816,332491,337176,1675,4685,1,14400,1.35752401281
330816,332468,334142,1652,1674,1,14400,1.98685782557
330817,332514,332705,1697,191,1,14400,9.88481675393
330817,332496,332811,1679,315,1,14400,6.33015873016
330817,332508,333832,1691,1324,1,14400,2.27719033233
330818,332531,332651,1713,120,1,14400,15.275
330818,332519,333072,1701,553,1,14400,4.07594936709
330819,332586,334393,1767,1807,1,14400,1.97786386276
330820,332645,334507,1825,1862,1,14400,1.98012889366
330821,332677,333993,1856,1316,1,14400,2.4103343465
330821,332670,334377,1849,1707,1,14400,2.08318687756
330821,332662,332663,1841,1,1,14400,184.2
330822,332712,334368,1890,1656,1,14400,2.14130434783
330822,332787,332788,1965,1,1,14400,196.6
330822,332700,338124,1878,5424,1,14400,1.34623893805
330823,332724,332725,1901,1,1,14400,190.2
330823,332800,332801,1977,1,1,14400,197.8
330823,332719,333551,1896,832,1,14400,3.27884615385
330824,332807,334222,1983,1415,1,14400,2.40141342756
330824,332768,332948,1944,180,1,14400,11.8
330825,332824,332956,1999,132,1,14400,16.1439393939
330825,332831,332832,2006,1,1,14400,200.7
330827,332900,336934,2073,4034,1,14400,1.51388200297
330828,332963,332964,2135,1,1,14400,213.6
330828,332938,334569,2110,1631,1,14400,2.29368485592
330829,333004,334191,2175,1187,1,14400,2.83235046335
330829,333015,333639,2186,624,1,14400,4.50320512821
330829,332981,335309,2152,2328,1,14400,1.92439862543
330829,332975,333076,2146,101,1,14400,22.2475247525
330830,333068,333447,2238,379,1,14400,6.90501319261
330830,333073,334886,2243,1813,1,14400,2.23717595146
330830,333044,333045,2214,1,1,14400,221.5
330831,333086,334315,2255,1229,1,14400,2.83482506103
330831,333096,334845,2265,1749,1,14400,2.29502572899
330831,333091,334240,2260,1149,1,14400,2.96692776327
330832,333133,333216,2301,83,1,14400,28.7228915663
330832,333109,334539,2277,1430,1,14400,2.59230769231
330832,333114,333208,2282,94,1,14400,25.2765957447
330832,333120,333240,2288,120,1,14400,20.0666666667
330833,333138,333332,2305,194,1,14400,12.881443299
330834,333194,333195,2360,1,1,14400,236.1
330834,333250,334416,2416,1166,1,14400,3.07204116638
330834,333226,337335,2392,4109,1,14400,1.58213677294
330835,333263,333264,2428,1,1,14400,242.9
330835,333269,336840,2434,3571,1,14400,1.68160179222
330835,333256,335166,2421,1910,1,14400,2.26753926702
330836,333296,338560,2460,5264,1,14400,1.46732522796
330836,333283,334710,2447,1427,1,14400,2.71478626489
330837,333321,333727,2484,406,1,14400,7.11822660099
330837,333334,333644,2497,310,1,14400,9.05483870968
330837,333328,334117,2491,789,1,14400,4.15716096324
330838,333351,336353,2513,3002,1,14400,1.83710859427
330838,333346,334611,2508,1265,1,14400,2.98260869565
330839,331428,332009,589,581,2,7200,2.01376936317
330839,333391,335861,2552,2470,1,14400,2.03319838057
330840,333430,336275,2590,2845,1,14400,1.91036906854
330840,333435,334445,2595,1010,1,14400,3.56930693069
330840,333423,333424,2583,1,1,14400,258.4
330841,333477,336606,2636,3129,1,14400,1.84244167466
330841,333459,334466,2618,1007,1,14400,3.59980139027
330841,333441,335179,2600,1738,1,14400,2.49597238205
330842,333506,338049,2664,4543,1,14400,1.58639665419
330843,333551,335033,2708,1482,1,14400,2.82726045884
330843,333563,334886,2720,1323,1,14400,3.0559334845
330844,333582,337943,2738,4361,1,14400,1.62783765191
330844,333642,333643,2798,1,1,14400,279.9
330844,333606,333607,2762,1,1,14400,276.3
330845,333662,339786,2817,6124,1,14400,1.45999346832
330845,333673,333674,2828,1,1,14400,282.9
330845,333655,335503,2810,1848,1,14400,2.52056277056
330846,333686,333822,2840,136,1,14400,21.8823529412
330846,333699,335388,2853,1689,1,14400,2.6891651865
330847,333739,335507,2892,1768,1,14400,2.63574660633
330848,333814,333815,2966,1,1,14400,296.7
330848,333775,333851,2927,76,1,14400,39.5131578947
330848,333780,333781,2932,1,1,14400,293.3
330849,333853,336101,3004,2248,1,14400,2.33629893238
330849,333840,336341,2991,2501,1,14400,2.19592163135
330850,333867,335268,3017,1401,1,14400,3.15346181299
330850,333874,333875,3024,1,1,14400,302.5
330851,333908,335959,3057,2051,1,14400,2.49049244271
330851,334056,334057,3205,1,1,14400,320.6
330853,334009,334010,3156,1,1,14400,315.7
330854,334037,341573,3183,7536,1,14400,1.42237261146
330855,334068,334069,3213,1,1,14400,321.4
330855,334075,334076,3220,1,1,14400,322.1
330855,334063,334064,3208,1,1,14400,320.9
330855,334081,336096,3226,2015,1,14400,2.60099255583
330856,334093,334784,3237,691,1,14400,5.68451519537
330856,334120,334121,3264,1,1,14400,326.5
330856,334105,334106,3249,1,1,14400,325.0
330857,334130,334131,3273,1,1,14400,327.4
330858,334158,334159,3300,1,1,14400,330.1
330858,334163,334164,3305,1,1,14400,330.6
330859,334226,334227,3367,1,1,14400,336.8
330859,334244,334245,3385,1,1,14400,338.6
330859,334249,334250,3390,1,1,14400,339.1
330860,334278,340260,3418,5982,1,14400,1.57138080909
330860,334273,334780,3413,507,1,14400,7.73175542406
330860,334260,334261,3400,1,1,14400,340.1
330861,334289,336281,3428,1992,1,14400,2.72088353414
330861,334300,339391,3439,5091,1,14400,1.67550579454
330861,334294,337043,3433,2749,1,14400,2.24881775191
330862,334343,334344,3481,1,1,14400,348.2
330862,334336,336190,3474,1854,1,14400,2.87378640777
330862,334317,348763,3455,14446,1,14400,1.23916655129
330863,334379,334553,3516,174,1,14400,21.2068965517
330863,334349,334525,3486,176,1,14400,20.8068181818
330864,334392,335221,3528,829,1,14400,5.25572979493
330864,334425,336601,3561,2176,1,14400,2.63648897059
330864,334397,334398,3533,1,1,14400,353.4
330865,334443,337238,3578,2795,1,14400,2.2801431127
330865,334454,336397,3589,1943,1,14400,2.84714359238
330865,334448,335148,3583,700,1,14400,6.11857142857
330866,334472,334473,3606,1,1,14400,360.7
330867,334484,336686,3617,2202,1,14400,2.64259763851
330868,334515,335538,3647,1023,1,14400,4.56500488759
330868,334522,334523,3654,1,1,14400,365.5
330869,334551,337177,3682,2626,1,14400,2.40213252094
330869,334533,337526,3664,2993,1,14400,2.22418977614
330869,334539,335740,3670,1201,1,14400,4.0557868443
330869,334544,334545,3675,1,1,14400,367.6
330870,334578,334685,3708,107,1,14400,35.6542056075
330870,334567,339002,3697,4435,1,14400,1.83359639233
330871,334591,337272,3720,2681,1,14400,2.38754196195
330871,334596,336589,3725,1993,1,14400,2.86904164576
330871,334601,335798,3730,1197,1,14400,4.11612364244
330872,334617,335526,3745,909,1,14400,5.1199119912
330872,334625,335534,3753,909,1,14400,5.12871287129
330872,334612,335226,3740,614,1,14400,7.09120521173
330872,331433,331982,561,549,2,7200,2.0218579235
330873,334637,335218,3764,581,1,14400,7.47848537005
330874,334663,334664,3789,1,1,14400,379.0
330874,334705,334826,3831,121,1,14400,32.6611570248
330874,334656,336796,3782,2140,1,14400,2.76728971963
330875,334722,334723,3847,1,1,14400,384.8
330875,334736,338677,3861,3941,1,14400,1.97970058361
330876,334741,336636,3865,1895,1,14400,3.03957783641
330876,334804,335272,3928,468,1,14400,9.39316239316
330877,334845,335604,3968,759,1,14400,6.2279314888
330877,334827,336897,3950,2070,1,14400,2.90821256039
330877,334834,334835,3957,1,1,14400,395.8
330878,334863,337880,3985,3017,1,14400,2.32084852502
330878,334857,337477,3979,2620,1,14400,2.51870229008
330878,334875,335906,3997,1031,1,14400,4.8768186227
330879,334886,334887,4007,1,1,14400,400.8
330879,334892,335391,4013,499,1,14400,9.04208416834
330880,334909,334910,4029,1,1,14400,403.0
330880,334920,334921,4040,1,1,14400,404.1
330880,334938,334939,4058,1,1,14400,405.9
330880,334944,337610,4064,2666,1,14400,2.52438109527
330881,334949,336765,4068,1816,1,14400,3.24008810573
330881,335011,347498,4130,12487,1,14400,1.33074397373
330881,334973,335583,4092,610,1,14400,7.70819672131
330881,334967,335185,4086,218,1,14400,19.7431192661
330882,335173,335915,4291,742,1,14400,6.78301886792
330882,335141,335722,4259,581,1,14400,8.33046471601
330882,335180,335373,4298,193,1,14400,23.2694300518
330882,335045,338731,4163,3686,1,14400,2.12940857298
330882,335160,335161,4278,1,1,14400,427.9
330883,335191,336343,4308,1152,1,14400,4.73958333333
330883,335212,338589,4329,3377,1,14400,2.28190701806
330884,335225,336204,4341,979,1,14400,5.43411644535
330884,335232,336661,4348,1429,1,14400,4.04268719384
330884,335219,335220,4335,1,1,14400,433.6
330884,335237,336408,4353,1171,1,14400,4.71733561059
330885,335249,335501,4364,252,1,14400,18.3174603175
330885,335255,339519,4370,4264,1,14400,2.02485928705
330885,335281,344910,4396,9629,1,14400,1.45653754284
330885,335262,336015,4377,753,1,14400,6.81274900398
330886,335388,335777,4502,389,1,14400,12.5732647815
330886,335411,335938,4525,527,1,14400,9.58633776091
330886,335321,335322,4435,1,1,14400,443.6
330886,335288,336373,4402,1085,1,14400,5.05714285714
330886,335346,349750,4460,14404,1,14400,1.30963621216
330887,335417,336242,4530,825,1,14400,6.49090909091
330887,335440,335652,4553,212,1,14400,22.4764150943
330887,335422,336801,4535,1379,1,14400,4.28861493836
330887,335513,336608,4626,1095,1,14400,5.22465753425
330888,335545,338337,4657,2792,1,14400,2.66797994269
330888,335526,336826,4638,1300,1,14400,4.56769230769
330888,335520,338049,4632,2529,1,14400,2.8315539739
330888,335559,338612,4671,3053,1,14400,2.5299705208
330889,335564,338291,4675,2727,1,14400,2.71433810048
330902,331438,332020,536,582,2,7200,1.92096219931
330917,331444,332008,527,564,2,7200,1.93439716312
330932,331449,332018,517,569,2,7200,1.9086115993
330961,331454,332013,493,559,2,7200,1.88193202147
330976,331460,332028,484,568,2,7200,1.85211267606
330994,331465,332036,471,571,2,7200,1.82486865149
330996,331797,332343,801,546,2,7200,2.46703296703
331037,331822,332385,785,563,2,7200,2.39431616341
331209,331868,332431,659,563,2,7200,2.17051509769
331233,331845,332413,612,568,2,7200,2.07746478873
331265,331850,332404,585,554,2,7200,2.0559566787
331289,331804,332367,515,563,2,7200,1.91474245115
331304,331809,332379,505,570,2,7200,1.88596491228
331331,331827,332384,496,557,2,7200,1.89048473968
331345,331815,332377,470,562,2,7200,1.83629893238
331363,331855,332432,492,577,2,7200,1.85268630849
331788,331861,332428,73,567,2,7200,1.12874779541
331803,331873,332443,70,570,2,7200,1.12280701754
331805,332023,332586,218,563,2,7200,1.38721136767
331806,332042,332610,236,568,2,7200,1.41549295775
331807,332047,332612,240,565,2,7200,1.42477876106
331822,331994,332561,172,567,2,7200,1.30335097002
331824,332071,332637,247,566,2,7200,1.43639575972
331825,332029,332603,204,574,2,7200,1.35540069686
331840,332053,332606,213,553,2,7200,1.38517179024
331841,332058,332629,217,571,2,7200,1.38003502627
331842,332360,332928,518,568,2,7200,1.91197183099
331857,332380,332934,523,554,2,7200,1.9440433213
331984,332391,332973,407,582,2,7200,1.69931271478
332011,332397,332969,386,572,2,7200,1.67482517483
332012,332404,332985,392,581,2,7200,1.67469879518
332027,332409,332970,382,561,2,7200,1.68092691622
332028,332429,332988,401,559,2,7200,1.71735241503
332030,332422,332989,392,567,2,7200,1.69135802469
332044,332447,333006,403,559,2,7200,1.72093023256
332046,332452,333013,406,561,2,7200,1.72370766488
332137,332147,332149,10,2,2,3540,1.2
332344,332457,333019,113,562,2,7200,1.20106761566
332368,332475,333037,107,562,2,7200,1.19039145907
332383,332573,333143,190,570,2,7200,1.33333333333
332384,332600,333171,216,571,2,7200,1.37828371278
332399,332615,333168,216,553,2,7200,1.39059674503
332401,332622,333197,221,575,2,7200,1.38434782609
332415,332639,333197,224,558,2,7200,1.40143369176
332417,332627,333190,210,563,2,7200,1.3730017762
332432,332651,333213,219,562,2,7200,1.3896797153
332433,332657,333217,224,560,2,7200,1.4
332435,332945,333503,510,558,2,7200,1.91397849462
332449,332957,333522,508,565,2,7200,1.89911504425
332564,332988,333554,424,566,2,7200,1.74911660777
332587,332993,333552,406,559,2,7200,1.72629695886
332605,333022,333582,417,560,2,7200,1.74464285714
332620,332999,333585,379,586,2,7200,1.64675767918
332621,333027,333599,406,572,2,7200,1.70979020979
332623,333033,333612,410,579,2,7200,1.70811744387
332638,333051,333608,413,557,2,7200,1.74147217235
332639,333038,333601,399,563,2,7200,1.70870337478
332931,333056,333602,125,546,2,7200,1.22893772894
332946,333062,333625,116,563,2,7200,1.20603907638
332970,333154,333712,184,558,2,7200,1.32974910394
332985,333189,333751,204,562,2,7200,1.36298932384
332986,333181,333742,195,561,2,7200,1.34759358289
333001,333208,333789,207,581,2,7200,1.35628227194
333003,333201,333774,198,573,2,7200,1.34554973822
333004,333221,333791,217,570,2,7200,1.38070175439
333019,333234,333816,215,582,2,7200,1.36941580756
333020,333239,333803,219,564,2,7200,1.38829787234
333035,333520,334079,485,559,2,7200,1.86762075134
333050,333534,334099,484,565,2,7200,1.85663716814
333146,333571,334150,425,579,2,7200,1.73402417962
333170,333601,334163,431,562,2,7200,1.76690391459
333185,333576,334150,391,574,2,7200,1.68118466899
333200,333594,334158,394,564,2,7200,1.69858156028
333201,333626,334190,425,564,2,7200,1.75354609929
333203,333613,334178,410,565,2,7200,1.72566371681
333218,333618,334185,400,567,2,7200,1.70546737213
333219,333631,334186,412,555,2,7200,1.74234234234
333505,333637,334202,132,565,2,7200,1.23362831858
333523,333650,334224,127,574,2,7200,1.2212543554
333553,333724,334280,171,556,2,7200,1.30755395683
333568,333754,334311,186,557,2,7200,1.33393177738
333583,333768,334336,185,568,2,7200,1.32570422535
333597,333787,334348,190,561,2,7200,1.33868092692
333613,333802,334352,189,550,2,7200,1.34363636364
333614,333808,334377,194,569,2,7200,1.34094903339
333616,333827,334400,211,573,2,7200,1.36823734729
333617,333821,334385,204,564,2,7200,1.36170212766
333618,334100,334663,482,563,2,7200,1.85612788632
333633,334112,334681,479,569,2,7200,1.84182776801
333640,336419,373605,2779,37186,32,43200,1.07473242618
333714,334170,334731,456,561,2,7200,1.8128342246
333744,334175,334744,431,569,2,7200,1.75746924429
333759,334181,334737,422,556,2,7200,1.75899280576
333777,334199,334763,422,564,2,7200,1.74822695035
333792,334204,334766,412,562,2,7200,1.73309608541
333793,334209,334776,416,567,2,7200,1.73368606702
333808,334215,334773,407,558,2,7200,1.729390681
333823,334233,334793,410,560,2,7200,1.73214285714
334079,334238,334800,159,562,2,7200,1.28291814947
334101,334267,334842,166,575,2,7200,1.28869565217
334152,334306,334871,154,565,2,7200,1.27256637168
334153,334325,334891,172,566,2,7200,1.3038869258
334168,334355,334921,187,566,2,7200,1.33038869258
334170,334368,334930,198,562,2,7200,1.35231316726
334184,334373,334945,189,572,2,7200,1.33041958042
334199,334404,334965,205,561,2,7200,1.36541889483
334201,334409,334980,208,571,2,7200,1.3642732049
334202,334432,335001,230,569,2,7200,1.40421792619
334217,334674,335220,457,546,2,7200,1.836996337
334232,334692,335261,460,569,2,7200,1.80843585237
334283,334748,335309,465,561,2,7200,1.82887700535
334313,334753,335320,440,567,2,7200,1.77601410935
334336,334765,335320,429,555,2,7200,1.77297297297
334351,334793,335362,442,569,2,7200,1.77680140598
334366,334780,335347,414,567,2,7200,1.73015873016
334381,334785,335345,404,560,2,7200,1.72142857143
334395,334798,335366,403,568,2,7200,1.70950704225
334410,334816,335393,406,577,2,7200,1.70363951473
334664,334821,335387,157,566,2,7200,1.27738515901
334682,334870,335420,188,550,2,7200,1.34181818182
334733,334898,335453,165,555,2,7200,1.2972972973
334748,334927,335492,179,565,2,7200,1.31681415929
334749,334956,335527,207,571,2,7200,1.36252189142
334764,334980,335553,216,573,2,7200,1.37696335079
334779,334961,335515,182,554,2,7200,1.3285198556
334780,334985,335538,205,553,2,7200,1.37070524412
334782,334992,335558,210,566,2,7200,1.37102473498
334797,335017,335573,220,556,2,7200,1.39568345324
334811,335243,335802,432,559,2,7200,1.77280858676
334844,335274,335830,430,556,2,7200,1.77338129496
334874,335327,335897,453,570,2,7200,1.79473684211
334892,335335,335891,443,556,2,7200,1.79676258993
334913,334933,407491,20,72558,24,86400,1.00027564156
334922,335340,335905,418,565,2,7200,1.73982300885
334937,335363,335918,426,555,2,7200,1.76756756757
334952,335356,335923,404,567,2,7200,1.71252204586
334966,335374,335933,408,559,2,7200,1.72987477639
334981,335381,335948,400,567,2,7200,1.70546737213
335002,335405,335959,403,554,2,7200,1.7274368231
335222,335398,335970,176,572,2,7200,1.30769230769
335264,335431,336003,167,572,2,7200,1.29195804196
335312,335465,336048,153,583,2,7200,1.26243567753
335327,335503,336069,176,566,2,7200,1.3109540636
335328,335540,336075,212,535,2,7200,1.39626168224
335346,335533,336108,187,575,2,7200,1.3252173913
335361,335571,336114,210,543,2,7200,1.38674033149
335376,335553,336109,177,556,2,7200,1.31834532374
335377,335576,336141,199,565,2,7200,1.35221238938
335392,335584,336155,192,571,2,7200,1.33625218914
335407,335814,336380,407,566,2,7200,1.71908127208
335422,335842,336403,420,561,2,7200,1.7486631016
335455,335910,336467,455,557,2,7200,1.81687612208
335493,335903,336458,410,555,2,7200,1.73873873874
335517,335916,336490,399,574,2,7200,1.69512195122
335532,335937,336500,405,563,2,7200,1.71936056838
335547,335929,336493,382,564,2,7200,1.67730496454
335562,335946,336502,384,556,2,7200,1.69064748201
335563,335959,336508,396,549,2,7200,1.72131147541
335578,335982,336536,404,554,2,7200,1.72924187726
335804,335971,336517,167,546,2,7200,1.30586080586
335831,336015,336579,184,564,2,7200,1.32624113475
335894,336060,336618,166,558,2,7200,1.29749103943
335909,336081,336655,172,574,2,7200,1.29965156794
335910,336120,336670,210,550,2,7200,1.38181818182
335925,336087,336650,162,563,2,7200,1.28774422735
335926,336126,336690,200,564,2,7200,1.35460992908
335941,336134,336688,193,554,2,7200,1.34837545126
335956,336153,336700,197,547,2,7200,1.36014625229
335971,336167,336725,196,558,2,7200,1.35125448029
335972,336391,336935,419,544,2,7200,1.77022058824
336005,336413,336958,408,545,2,7200,1.74862385321
336050,336470,337032,420,562,2,7200,1.74733096085
336071,336478,337032,407,554,2,7200,1.73465703971
336086,336501,337055,415,554,2,7200,1.74909747292
336110,336508,337069,398,561,2,7200,1.70944741533
336111,336516,337075,405,559,2,7200,1.72450805009
336126,336521,337084,395,563,2,7200,1.70159857904
336144,336529,337088,385,559,2,7200,1.68872987478
336158,336534,337083,376,549,2,7200,1.68488160291
336381,336547,337095,166,548,2,7200,1.30291970803
336405,336592,337119,187,527,2,7200,1.35483870968
336459,336629,337185,170,556,2,7200,1.30575539568
336474,336668,337232,194,564,2,7200,1.34397163121
336492,336662,337218,170,556,2,7200,1.30575539568
336507,336708,337276,201,568,2,7200,1.35387323944
336508,336681,337231,173,550,2,7200,1.31454545455
336510,336700,337265,190,565,2,7200,1.33628318584
336526,336714,337275,188,561,2,7200,1.33511586453
336528,336736,337298,208,562,2,7200,1.37010676157
336542,336946,337512,404,566,2,7200,1.71378091873
336581,336969,337525,388,556,2,7200,1.69784172662
336621,337043,337593,422,550,2,7200,1.76727272727
336650,337049,337611,399,562,2,7200,1.70996441281
336665,337066,337622,401,556,2,7200,1.72122302158
336680,337080,337633,400,553,2,7200,1.72332730561
336695,337095,337655,400,560,2,7200,1.71428571429
336696,337087,337648,391,561,2,7200,1.69696969697
336711,337101,337632,390,531,2,7200,1.73446327684
336726,337107,337668,381,561,2,7200,1.67914438503
336937,337113,337663,176,550,2,7200,1.32
336961,337130,337700,169,570,2,7200,1.29649122807
337033,337196,337757,163,561,2,7200,1.29055258467
337034,337230,337784,196,554,2,7200,1.35379061372
337055,337248,337796,193,548,2,7200,1.35218978102
337070,337242,337798,172,556,2,7200,1.30935251799
337085,337276,337840,191,564,2,7200,1.33865248227
337086,337293,337859,207,566,2,7200,1.36572438163
337088,337286,337837,198,551,2,7200,1.35934664247
337103,337310,337867,207,557,2,7200,1.37163375224
337104,337524,338073,420,549,2,7200,1.7650273224
337122,337537,338091,415,554,2,7200,1.74909747292
337188,337622,338161,434,539,2,7200,1.80519480519
337221,337604,338164,383,560,2,7200,1.68392857143
337235,337634,338183,399,549,2,7200,1.72677595628
337237,337650,338199,413,549,2,7200,1.75227686703
337267,337660,338211,393,551,2,7200,1.71324863884
337282,337667,338215,385,548,2,7200,1.70255474453
337283,337644,338195,361,551,2,7200,1.65517241379
337298,337681,338241,383,560,2,7200,1.68392857143
337515,337674,338223,159,549,2,7200,1.28961748634
337529,337712,338256,183,544,2,7200,1.33639705882
337596,337768,338316,172,548,2,7200,1.31386861314
337613,337795,338354,182,559,2,7200,1.32558139535
337628,337810,338367,182,557,2,7200,1.32675044883
337643,337816,338369,173,553,2,7200,1.31283905967
337644,337856,338402,212,546,2,7200,1.38827838828
337659,337849,338402,190,553,2,7200,1.34358047016
337660,337870,338407,210,537,2,7200,1.39106145251
337675,337878,338439,203,561,2,7200,1.36185383244
337677,338084,338644,407,560,2,7200,1.72678571429
337701,338102,338662,401,560,2,7200,1.71607142857
337758,338179,338726,421,547,2,7200,1.76965265082
337784,338172,338716,388,544,2,7200,1.71323529412
337799,338195,338731,396,536,2,7200,1.73880597015
337801,338206,338767,405,561,2,7200,1.72192513369
337840,338213,338764,373,551,2,7200,1.67695099819
337841,338222,338781,381,559,2,7200,1.68157423971
337862,338229,338794,367,565,2,7200,1.64955752212
337877,338236,338804,359,568,2,7200,1.63204225352
338076,338252,338791,176,539,2,7200,1.32653061224
338094,338268,338822,174,554,2,7200,1.31407942238
338163,338327,338872,164,545,2,7200,1.30091743119
338178,338365,338922,187,557,2,7200,1.33572710952
338192,338384,338930,192,546,2,7200,1.35164835165
338207,338378,338942,171,564,2,7200,1.30319148936
338209,338414,338961,205,547,2,7200,1.3747714808
338224,338420,338966,196,546,2,7200,1.35897435897
338225,338426,338972,201,546,2,7200,1.36813186813
338226,338450,339001,224,551,2,7200,1.40653357532
338237,338243,343112,6,4869,1,7200,1.00123228589
338241,338656,339202,415,546,2,7200,1.76007326007
338259,338673,339214,414,541,2,7200,1.76524953789
338305,338311,343902,6,5591,1,7200,1.00107315328
338319,338727,339282,408,555,2,7200,1.73513513514
338355,338737,339290,382,553,2,7200,1.69077757685
338370,338744,339309,374,565,2,7200,1.66194690265
338371,338782,339322,411,540,2,7200,1.76111111111
338404,338775,339330,371,555,2,7200,1.66846846847
338406,338795,339349,389,554,2,7200,1.70216606498
338420,338809,339357,389,548,2,7200,1.7098540146
338441,338816,339389,375,573,2,7200,1.65445026178
338646,338802,339339,156,537,2,7200,1.2905027933
338664,338833,339386,169,553,2,7200,1.30560578662
338717,338883,339446,166,563,2,7200,1.29484902309
338732,338934,339495,202,561,2,7200,1.36007130125
338734,338953,339530,219,577,2,7200,1.37954939341
338767,338941,339485,174,544,2,7200,1.31985294118
338779,338789,338798,10,9,32,10800,1.9
338782,338980,339505,198,525,2,7200,1.37714285714
338783,338973,339513,190,540,2,7200,1.35185185185
338799,338987,339552,188,565,2,7200,1.33274336283
338800,339012,339558,212,546,2,7200,1.38827838828
338815,339214,339768,399,554,2,7200,1.7202166065
338829,339225,339779,396,554,2,7200,1.71480144404
338874,339293,339840,419,547,2,7200,1.76599634369
338925,339301,339864,376,563,2,7200,1.66785079929
338940,339320,339851,380,531,2,7200,1.71563088512
338954,339341,339886,387,545,2,7200,1.71009174312
338969,339334,339886,365,552,2,7200,1.66123188406
338970,339360,339908,390,548,2,7200,1.71167883212
338985,339350,339909,365,559,2,7200,1.65295169946
339003,339369,339914,366,545,2,7200,1.67155963303
339204,339404,339959,200,555,2,7200,1.36036036036
339219,339397,339953,178,556,2,7200,1.32014388489
339285,339457,340009,172,552,2,7200,1.3115942029
339300,339506,340069,206,563,2,7200,1.36589698046
339314,339496,340069,182,573,2,7200,1.31762652705
339317,339328,339336,11,8,64,900,1.9
339329,339542,340095,213,553,2,7200,1.38517179024
339344,339530,340086,186,556,2,7200,1.3345323741
339346,339516,340078,170,562,2,7200,1.3024911032
339360,339563,340124,203,561,2,7200,1.36185383244
339362,339570,340129,208,559,2,7200,1.37209302326
339389,339779,340329,390,550,2,7200,1.70909090909
339403,339790,340350,387,560,2,7200,1.69107142857
339448,339851,340415,403,564,2,7200,1.71453900709
339487,339875,340430,388,555,2,7200,1.6990990991
339502,339862,340416,360,554,2,7200,1.64981949458
339516,339899,340449,383,550,2,7200,1.69636363636
339518,339904,340465,386,561,2,7200,1.688057041
339532,339920,340463,388,543,2,7200,1.71454880295
339553,339925,340488,372,563,2,7200,1.66074600355
339568,339932,340489,364,557,2,7200,1.65350089767
339734,339740,339752,6,12,32,10800,1.5
339770,339964,340523,194,559,2,7200,1.34704830054
339785,339971,340512,186,541,2,7200,1.3438077634
339841,340020,340583,179,563,2,7200,1.31793960924
339856,340080,340642,224,562,2,7200,1.39857651246
339870,340086,340643,216,557,2,7200,1.38779174147
339888,340092,340647,204,555,2,7200,1.36756756757
339890,340099,340666,209,567,2,7200,1.36860670194
339911,340106,340663,195,557,2,7200,1.35008976661
339912,340135,340680,223,545,2,7200,1.40917431193
339927,340142,340701,215,559,2,7200,1.38461538462
339953,340341,340898,388,557,2,7200,1.69658886894
339968,340361,340903,393,542,2,7200,1.72509225092
340010,340426,340974,416,548,2,7200,1.75912408759
340070,340433,340984,363,551,2,7200,1.65880217786
340071,340442,340997,371,555,2,7200,1.66846846847
340086,340460,341001,374,541,2,7200,1.69131238447
340101,340481,341026,380,545,2,7200,1.69724770642
340102,340499,341057,397,558,2,7200,1.71146953405
340126,340474,341042,348,568,2,7200,1.61267605634
340140,340506,341062,366,556,2,7200,1.65827338129
340330,340534,341065,204,531,2,7200,1.38418079096
340351,340525,341084,174,559,2,7200,1.31127012522
340417,340594,341167,177,573,2,7200,1.30890052356
340418,340660,341192,242,532,2,7200,1.45488721805
340433,340654,341192,221,538,2,7200,1.41078066914
340451,340666,341226,215,560,2,7200,1.38392857143
340466,340681,341237,215,556,2,7200,1.38669064748
340467,340675,341229,208,554,2,7200,1.37545126354
340491,340691,341239,200,548,2,7200,1.36496350365
340493,340712,341265,219,553,2,7200,1.39602169982
340514,341221,341787,707,566,2,7200,2.24911660777
340528,341227,341770,699,543,2,7200,2.28729281768
340585,341232,341768,647,536,2,7200,2.20708955224
340646,341237,341803,591,566,2,7200,2.04416961131
340647,341243,341791,596,548,2,7200,2.08759124088
340662,341248,341811,586,563,2,7200,2.04085257549
340677,341254,341806,577,552,2,7200,2.04528985507
340678,341259,341807,581,548,2,7200,2.0602189781
340693,341264,341813,571,549,2,7200,2.04007285974
340708,341270,341821,562,551,2,7200,2.01996370236
340861,340868,343963,7,3095,1,14400,1.00226171244
340862,340886,341201,24,315,1,14400,1.07619047619
340862,340879,344071,17,3192,1,14400,1.00532581454
340862,340873,347739,11,6866,1,14400,1.00160209729
340862,340891,341714,29,823,1,14400,1.03523693803
340862,340897,341742,35,845,1,14400,1.04142011834
340863,340908,342004,45,1096,1,14400,1.04105839416
340863,340903,344583,40,3680,1,14400,1.01086956522
340863,340914,345018,51,4104,1,14400,1.01242690058
340864,340919,345946,55,5027,1,14400,1.01094091904
340864,340930,347590,66,6660,1,14400,1.00990990991
340864,340936,340937,72,1,1,14400,7.3
340864,340925,341314,61,389,1,14400,1.15681233933
340865,340942,344519,77,3577,1,14400,1.02152641879
340865,340947,344993,82,4046,1,14400,1.0202669303
340865,340953,343764,88,2811,1,14400,1.0313055852
340865,340958,341724,93,766,1,14400,1.12140992167
340866,340964,341059,98,95,1,14400,2.03157894737
340866,340969,346086,103,5117,1,14400,1.02012898183
340866,340975,346912,109,5937,1,14400,1.0183594408
340867,340991,341093,124,102,1,14400,2.21568627451
340867,340980,342292,113,1312,1,14400,1.08612804878
340867,340996,341137,129,141,1,14400,1.91489361702
340867,340986,342351,119,1365,1,14400,1.08717948718
340868,341007,343861,139,2854,1,14400,1.04870357393
340868,341002,341128,134,126,1,14400,2.06349206349
340869,341024,341629,155,605,1,14400,1.25619834711
340869,341029,341212,160,183,1,14400,1.87431693989
340869,341013,344372,144,3359,1,14400,1.04286990176
340869,341018,341330,149,312,1,14400,1.47756410256
340870,341034,345151,164,4117,1,14400,1.03983483119
340870,341045,347408,175,6363,1,14400,1.02750275028
340871,341062,343451,191,2389,1,14400,1.07994976978
340871,341056,343716,185,2660,1,14400,1.06954887218
340871,341051,346467,180,5416,1,14400,1.03323485968
340871,341067,342837,196,1770,1,14400,1.11073446328
340872,341083,355501,211,14418,1,14400,1.01463448467
340872,341072,342144,200,1072,1,14400,1.18656716418
340872,341078,343237,206,2159,1,14400,1.09541454377
340873,341089,344149,216,3060,1,14400,1.07058823529
340873,341105,341292,232,187,1,14400,2.24064171123
340873,341100,345927,227,4827,1,14400,1.04702713901
340873,341094,341095,221,1,1,14400,22.2
340874,341110,342542,236,1432,1,14400,1.16480446927
340875,341126,343778,251,2652,1,14400,1.09464555053
340875,341121,345687,246,4566,1,14400,1.05387647832
340875,341137,341278,262,141,1,14400,2.85815602837
340875,341132,343728,257,2596,1,14400,1.09899845917
340876,341148,342824,272,1676,1,14400,1.16229116945
340876,341153,350561,277,9408,1,14400,1.02944302721
340876,341143,341887,267,744,1,14400,1.35887096774
340877,341159,345641,282,4482,1,14400,1.06291834003
340877,341164,342644,287,1480,1,14400,1.19391891892
340877,341175,349556,298,8381,1,14400,1.03555661616
340878,341180,346024,302,4844,1,14400,1.06234516928
340878,341191,341935,313,744,1,14400,1.42069892473
340878,341186,343167,308,1981,1,14400,1.1554770318
340879,341197,343500,318,2303,1,14400,1.13808076422
340879,341202,341962,323,760,1,14400,1.425
340879,341213,343875,334,2662,1,14400,1.12546957175
340879,341207,343733,328,2526,1,14400,1.12984956453
340880,341351,342345,471,994,1,14400,1.47384305835
340880,341346,341665,466,319,1,14400,2.46081504702
340881,341367,344104,486,2737,1,14400,1.17756667885
340881,341357,343388,476,2031,1,14400,1.23436730675
340881,341362,347933,481,6571,1,14400,1.07320042611
340882,341384,341480,502,96,1,14400,6.22916666667
340882,341379,341855,497,476,1,14400,2.04411764706
340882,341373,342324,491,951,1,14400,1.51629863302
340882,341389,344465,507,3076,1,14400,1.16482444733
340883,341406,341765,523,359,1,14400,2.45682451253
340883,341411,342570,528,1159,1,14400,1.45556514236
340883,341400,342406,517,1006,1,14400,1.51391650099
340883,341395,343368,512,1973,1,14400,1.25950329448
340884,341422,347703,538,6281,1,14400,1.08565515045
340884,341427,345112,543,3685,1,14400,1.1473541384
340884,341416,349281,532,7865,1,14400,1.06764144946
340885,341438,341655,553,217,1,14400,3.54838709677
340885,341449,343987,564,2538,1,14400,1.22222222222
340885,341454,348713,569,7259,1,14400,1.07838545254
340885,341443,341444,558,1,1,14400,55.9
340886,341470,343318,584,1848,1,14400,1.31601731602
340886,341460,343625,574,2165,1,14400,1.26512702079
340886,341465,343191,579,1726,1,14400,1.33545770568
340887,341481,343018,594,1537,1,14400,1.38646714379
340887,341476,342428,589,952,1,14400,1.61869747899
340887,341492,343186,605,1694,1,14400,1.35714285714
340887,341487,342494,600,1007,1,14400,1.59582919563
340888,341503,343730,615,2227,1,14400,1.27615626403
340888,341514,343177,626,1663,1,14400,1.37642814191
340888,341497,344136,609,2639,1,14400,1.23076923077
340888,341508,341509,620,1,1,14400,62.1
340889,341519,346218,630,4699,1,14400,1.13407107895
340889,341524,346379,635,4855,1,14400,1.13079299691
340889,341529,345004,640,3475,1,14400,1.18417266187
340890,341551,343527,661,1976,1,14400,1.33451417004
340890,341546,343915,656,2369,1,14400,1.27691008864
340890,341540,341734,650,194,1,14400,4.35051546392
340890,341535,343045,645,1510,1,14400,1.42715231788
340891,341556,343149,665,1593,1,14400,1.41745134965
340891,341569,343354,678,1785,1,14400,1.37983193277
340891,341562,343749,671,2187,1,14400,1.30681298583
340892,341585,343590,693,2005,1,14400,1.34563591022
340892,341575,343076,683,1501,1,14400,1.45502998001
340892,341580,343299,688,1719,1,14400,1.40023269343
340893,341746,351855,853,10109,1,14400,1.08438025522
340893,341736,341738,843,2,1,14400,84.5
340893,341591,341901,698,310,1,14400,3.25161290323
340894,341777,343967,883,2190,1,14400,1.40319634703
340894,341760,343377,866,1617,1,14400,1.53555967842
340895,341921,346760,1026,4839,1,14400,1.21202727836
340896,341959,349284,1063,7325,1,14400,1.14511945392
340896,341948,343264,1052,1316,1,14400,1.79939209726
340896,341954,343572,1058,1618,1,14400,1.65389369592
340896,341964,342145,1068,181,1,14400,6.90055248619
340897,341969,345674,1072,3705,1,14400,1.28933873144
340897,341975,346061,1078,4086,1,14400,1.26382770436
340897,341980,346982,1083,5002,1,14400,1.21651339464
340898,341985,345683,1087,3698,1,14400,1.29394267171
340898,341275,341829,377,554,2,7200,1.68050541516
340898,342017,345813,1119,3796,1,14400,1.29478398314
340898,341998,345144,1100,3146,1,14400,1.34965034965
340898,341991,342102,1093,111,1,14400,10.8468468468
340899,342156,346513,1257,4357,1,14400,1.28850126234
340899,342161,344074,1262,1913,1,14400,1.65969681129
340899,342114,346589,1215,4475,1,14400,1.27150837989
340900,342512,342652,1612,140,1,14400,12.5142857143
340900,342490,342491,1590,1,1,14400,159.1
340901,342531,342532,1630,1,1,14400,163.1
340901,342554,343872,1653,1318,1,14400,2.25417298938
340902,342582,344436,1680,1854,1,14400,1.90614886731
340904,342667,342870,1763,203,1,14400,9.68472906404
340904,342659,342967,1755,308,1,14400,6.69805194805
340907,343331,346655,2424,3324,1,14400,1.72924187726
340909,342855,342856,1946,1,1,14400,194.7
340909,342841,343984,1932,1143,1,14400,2.69028871391
340911,342914,342915,2003,1,1,14400,200.4
340912,342996,344458,2084,1462,1,14400,2.42544459644
340912,342991,343597,2079,606,1,14400,4.43069306931
340912,343001,344750,2089,1749,1,14400,2.19439679817
340913,343012,344051,2099,1039,1,14400,3.02021174206
340913,343023,343824,2110,801,1,14400,3.63420724095
340913,343007,343530,2094,523,1,14400,5.00382409178
340913,343017,343887,2104,870,1,14400,3.4183908046
340913,341281,341813,368,532,2,7200,1.69172932331
340914,343033,343894,2119,861,1,14400,3.46109175377
340914,343028,345007,2114,1979,1,14400,2.06821627084
340914,343105,343106,2191,1,1,14400,219.2
340915,343111,344548,2196,1437,1,14400,2.52818371608
340915,343123,347243,2208,4120,1,14400,1.5359223301
340916,343161,344203,2245,1042,1,14400,3.15451055662
340916,343148,343401,2232,253,1,14400,9.82213438735
340916,343141,344366,2225,1225,1,14400,2.81632653061
340917,343196,343197,2279,1,1,14400,228.0
340917,343189,344118,2272,929,1,14400,3.44564047363
340917,343203,343844,2286,641,1,14400,4.56630265211
340917,343179,343180,2262,1,1,14400,226.3
340918,343216,345266,2298,2050,1,14400,2.12097560976
340918,343208,344275,2290,1067,1,14400,3.14620431115
340918,343249,343250,2331,1,1,14400,233.2
340919,343276,347164,2357,3888,1,14400,1.60622427984
340919,343262,343701,2343,439,1,14400,6.33712984055
340919,343311,343312,2392,1,1,14400,239.3
340920,343324,344464,2404,1140,1,14400,3.10877192982
340920,343367,343368,2447,1,1,14400,244.8
340921,343392,346626,2471,3234,1,14400,1.76406926407
340921,343397,344122,2476,725,1,14400,4.41517241379
340921,343404,343759,2483,355,1,14400,7.99436619718
340922,343416,344352,2494,936,1,14400,3.66452991453
340922,343409,344107,2487,698,1,14400,4.56303724928
340923,343500,343501,2577,1,1,14400,257.8
340924,343563,347977,2639,4414,1,14400,1.59787041232
340924,343546,344222,2622,676,1,14400,4.87869822485
340925,343590,345654,2665,2064,1,14400,2.29118217054
340926,343618,344346,2692,728,1,14400,4.6978021978
340926,343604,344832,2678,1228,1,14400,3.18078175896
340928,343704,345407,2776,1703,1,14400,2.6300645919
340928,343718,345081,2790,1363,1,14400,3.04695524578
340929,343762,348127,2833,4365,1,14400,1.64902634593
340929,343744,346590,2815,2846,1,14400,1.98910751933
340929,343751,343752,2822,1,1,14400,282.3
340930,343776,345922,2846,2146,1,14400,2.32618825722
340931,343837,345196,2906,1359,1,14400,3.13833701251
340932,343857,345211,2925,1354,1,14400,3.16026587888
340933,343891,343892,2958,1,1,14400,295.9
340933,343884,346321,2951,2437,1,14400,2.2109150595
340933,343899,344939,2966,1040,1,14400,3.85192307692
340934,343931,345593,2997,1662,1,14400,2.80324909747
340934,343906,345254,2972,1348,1,14400,3.20474777448
340936,343984,345189,3048,1205,1,14400,3.52946058091
340937,344005,344236,3068,231,1,14400,14.2813852814
340938,344037,344038,3099,1,1,14400,310.0
340938,344018,344240,3080,222,1,14400,14.8738738739
340940,344107,344108,3167,1,1,14400,316.8
340940,344125,344233,3185,108,1,14400,30.4907407407
340940,344130,344322,3190,192,1,14400,17.6145833333
340941,344263,344449,3322,186,1,14400,18.8602150538
340941,344153,344154,3212,1,1,14400,321.3
340941,344136,344448,3195,312,1,14400,11.2403846154
340941,344141,348775,3200,4634,1,14400,1.69054812257
340942,344164,344165,3222,1,1,14400,322.3
340942,344159,346062,3217,1903,1,14400,2.69048870205
340943,344176,344177,3233,1,1,14400,323.4
340944,344234,347279,3290,3045,1,14400,2.08045977011
340944,344205,344206,3261,1,1,14400,326.2
340945,344239,358647,3294,14408,1,14400,1.22862298723
340945,344268,349024,3323,4756,1,14400,1.69869638352
340945,344274,346792,3329,2518,1,14400,2.32208101668
340945,344245,346468,3300,2223,1,14400,2.48448043185
340946,344279,344799,3333,520,1,14400,7.40961538462
340946,344313,352191,3367,7878,1,14400,1.42739273927
340947,344339,344340,3392,1,1,14400,339.3
340947,344334,344739,3387,405,1,14400,9.36296296296
340948,344359,345400,3411,1041,1,14400,4.27665706052
340948,344366,346266,3418,1900,1,14400,2.79894736842
340948,344371,344372,3423,1,1,14400,342.4
340949,344393,344489,3444,96,1,14400,36.875
340949,344379,344380,3430,1,1,14400,343.1
340950,344490,344491,3540,1,1,14400,354.1
340950,344485,346012,3535,1527,1,14400,3.31499672561
340951,344501,347351,3550,2850,1,14400,2.24561403509
340952,344461,346853,3509,2392,1,14400,2.46697324415
340952,344449,344450,3497,1,1,14400,349.8
340953,344472,347518,3519,3046,1,14400,2.15528562049
340953,344467,345457,3514,990,1,14400,4.54949494949
340954,344479,345644,3525,1165,1,14400,4.02575107296
340954,344565,344749,3611,184,1,14400,20.625
340956,344649,344650,3693,1,1,14400,369.4
340959,344755,345068,3796,313,1,14400,13.1277955272
340959,344768,347120,3809,2352,1,14400,2.61947278912
340959,344773,346173,3814,1400,1,14400,3.72428571429
340960,344778,344779,3818,1,1,14400,381.9
340960,344817,354316,3857,9499,1,14400,1.40604274134
340961,344845,347218,3884,2373,1,14400,2.63674673409
340963,344951,345280,3988,329,1,14400,13.1215805471
340965,345023,346271,4058,1248,1,14400,4.2516025641
340966,345036,348198,4070,3162,1,14400,2.2871600253
340967,345093,345317,4126,224,1,14400,19.4196428571
340967,345080,345451,4113,371,1,14400,12.0862533693
340967,345067,345068,4100,1,1,14400,410.1
340968,345124,346253,4156,1129,1,14400,4.68113374668
340968,345113,345114,4145,1,1,14400,414.6
340969,345162,346216,4193,1054,1,14400,4.97817836812
340970,345169,345170,4199,1,1,14400,420.0
340970,345208,346254,4238,1046,1,14400,5.05162523901
340971,345243,345244,4272,1,1,14400,427.3
340971,345231,346847,4260,1616,1,14400,3.63613861386
340971,345214,345382,4243,168,1,14400,26.255952381
340972,345266,346031,4294,765,1,14400,6.61307189542
340972,345285,346211,4313,926,1,14400,5.65766738661
340973,345297,345471,4324,174,1,14400,25.8505747126
340974,345334,345335,4360,1,1,14400,436.1
340974,345342,345453,4368,111,1,14400,40.3513513514
340975,345394,345596,4419,202,1,14400,22.8762376238
340975,345414,345693,4439,279,1,14400,16.9103942652
340976,345438,345662,4462,224,1,14400,20.9196428571
340976,341286,341850,310,564,2,7200,1.54964539007
340976,345450,345451,4474,1,1,14400,447.5
340977,345469,345470,4492,1,1,14400,449.3
340977,345482,346083,4505,601,1,14400,8.49584026622
340977,345476,345648,4499,172,1,14400,27.1569767442
340978,345487,345673,4509,186,1,14400,25.2419354839
340978,345494,345616,4516,122,1,14400,38.0163934426
340991,341291,341842,300,551,2,7200,1.5444646098
341005,341297,341839,292,542,2,7200,1.53874538745
341007,341304,341860,297,556,2,7200,1.53417266187
341028,341309,341862,281,553,2,7200,1.50813743219
341046,341315,341849,269,534,2,7200,1.50374531835
341061,341320,341862,259,542,2,7200,1.4778597786
341076,341326,341864,250,538,2,7200,1.46468401487
341077,341802,342356,725,554,2,7200,2.30866425993
341092,341783,342331,691,548,2,7200,2.26094890511
341170,341789,342346,619,557,2,7200,2.11131059246
341177,341331,341334,154,3,64,900,15.7
341194,341860,342396,666,536,2,7200,2.24253731343
341195,341832,342381,637,549,2,7200,2.16029143898
341228,341837,342391,609,554,2,7200,2.09927797834
341243,341814,342362,571,548,2,7200,2.04197080292
341245,341819,342380,574,561,2,7200,2.02317290553
341246,341842,342395,596,553,2,7200,2.07775768535
341267,341848,342422,581,574,2,7200,2.01219512195
341579,341929,341937,350,8,32,10800,35.8
341771,341865,342413,94,548,2,7200,1.17153284672
341772,341853,342399,81,546,2,7200,1.14835164835
341790,341889,342451,99,562,2,7200,1.17615658363
341805,341871,342416,66,545,2,7200,1.12110091743
341807,341876,342423,69,547,2,7200,1.12614259598
341822,341894,342455,72,561,2,7200,1.12834224599
341823,341900,342444,77,544,2,7200,1.14154411765
341825,341905,342458,80,553,2,7200,1.14466546112
341826,341910,342448,84,538,2,7200,1.156133829
341827,341916,342465,89,549,2,7200,1.1621129326
341829,342342,342899,513,557,2,7200,1.921005386
341844,342358,342892,514,534,2,7200,1.96254681648
341845,342367,342906,522,539,2,7200,1.96846011132
341847,342375,342938,528,563,2,7200,1.9378330373
341862,342391,342940,529,549,2,7200,1.9635701275
341863,342398,342955,535,557,2,7200,1.960502693
341865,342405,342945,540,540,2,7200,2.0
341866,342412,342961,546,549,2,7200,1.99453551913
341881,342443,342980,562,537,2,7200,2.04655493482
341882,342418,342972,536,554,2,7200,1.96750902527
342087,342094,342144,7,50,2,600,1.14
342281,342884,342890,603,6,32,3600,60.9
342327,342902,342911,575,9,32,7200,58.4
342332,342423,342973,91,550,2,7200,1.16545454545
342346,342430,342983,84,553,2,7200,1.15189873418
342361,342435,342971,74,536,2,7200,1.13805970149
342374,342934,342938,560,4,32,10800,56.4
342376,342448,342994,72,546,2,7200,1.13186813187
342391,342461,343022,70,561,2,7200,1.1247771836
342392,342474,343008,82,534,2,7200,1.15355805243
342408,342466,343016,58,550,2,7200,1.10545454545
342409,342497,343023,88,526,2,7200,1.16730038023
342410,342479,343037,69,558,2,7200,1.12365591398
342412,342484,343028,72,544,2,7200,1.13235294118
342427,342920,343478,493,558,2,7200,1.8835125448
342428,342909,343475,481,566,2,7200,1.84982332155
342429,342926,343464,497,538,2,7200,1.92379182156
342431,342949,343505,518,556,2,7200,1.93165467626
342446,342962,343504,516,542,2,7200,1.9520295203
342461,342980,343538,519,558,2,7200,1.93010752688
342462,342967,343502,505,535,2,7200,1.94392523364
342464,343046,343603,582,557,2,7200,2.04488330341
342465,342955,342969,490,14,32,10800,36.0
342465,342985,343524,520,539,2,7200,1.96474953618
342480,343052,343594,572,542,2,7200,2.05535055351
342893,343057,343618,164,561,2,7200,1.29233511586
342908,343062,343613,154,551,2,7200,1.27949183303
342909,343068,343629,159,561,2,7200,1.28342245989
342922,343039,343043,117,4,1,240,12.1
342939,343073,343629,134,556,2,7200,1.24100719424
342955,343078,343621,123,543,2,7200,1.22651933702
342956,343084,343630,128,546,2,7200,1.23443223443
342957,343089,343643,132,554,2,7200,1.23826714801
342972,343094,343645,122,551,2,7200,1.22141560799
342974,343100,343654,126,554,2,7200,1.2274368231
342975,343117,343669,142,552,2,7200,1.25724637681
342990,343488,344051,498,563,2,7200,1.88454706927
342991,343475,344026,484,551,2,7200,1.87840290381
342993,343494,344043,501,549,2,7200,1.91256830601
343007,343527,344080,520,553,2,7200,1.94032549729
343023,343514,344056,491,542,2,7200,1.90590405904
343024,343532,344093,508,561,2,7200,1.9055258467
343025,343557,344109,532,552,2,7200,1.96376811594
343040,343540,344078,500,538,2,7200,1.92936802974
343042,343629,344176,587,547,2,7200,2.0731261426
343043,343648,344219,605,571,2,7200,2.05954465849
343103,345942,346228,2839,286,64,900,10.9265734266
343113,346240,346510,3127,270,64,900,12.5814814815
343466,343682,344247,216,565,2,7200,1.38230088496
343481,343653,344217,172,564,2,7200,1.30496453901
343482,343658,344202,176,544,2,7200,1.32352941176
343503,343635,344176,132,541,2,7200,1.24399260628
343518,343612,344173,94,561,2,7200,1.16755793226
343519,343640,344191,121,551,2,7200,1.21960072595
343534,343687,344250,153,563,2,7200,1.27175843694
343549,343664,344205,115,541,2,7200,1.21256931608
343597,343692,344244,95,552,2,7200,1.17210144928
343612,343698,344256,86,558,2,7200,1.1541218638
343627,344043,344601,416,558,2,7200,1.74551971326
343628,344065,344618,437,553,2,7200,1.79023508137
343630,344057,344620,427,563,2,7200,1.75843694494
343645,344083,344613,438,530,2,7200,1.82641509434
343646,344096,344641,450,545,2,7200,1.82568807339
343648,344119,344669,471,550,2,7200,1.85636363636
343649,344101,344658,452,557,2,7200,1.81149012567
343664,344148,344697,484,549,2,7200,1.88160291439
343665,344188,344729,523,541,2,7200,1.96672828096
343665,343796,343803,131,7,32,10800,13.8
343680,344194,344755,514,561,2,7200,1.91622103387
344027,344199,344749,172,550,2,7200,1.31272727273
344045,344217,344799,172,582,2,7200,1.29553264605
344060,344252,344803,192,551,2,7200,1.34845735027
344061,344257,344802,196,545,2,7200,1.35963302752
344079,344223,344768,144,545,2,7200,1.26422018349
344094,344228,344786,134,558,2,7200,1.24014336918
344096,344292,344848,196,556,2,7200,1.35251798561
344111,344297,344850,186,553,2,7200,1.33634719711
344174,344302,344861,128,559,2,7200,1.228980322
344189,344308,344879,119,571,2,7200,1.20840630473
344190,344617,345158,427,541,2,7200,1.78927911275
344206,344644,345175,438,531,2,7200,1.82485875706
344207,344630,345176,423,546,2,7200,1.77472527473
344222,344636,345174,414,538,2,7200,1.76951672862
344224,344656,345208,432,552,2,7200,1.78260869565
344225,344670,345225,445,555,2,7200,1.8018018018
344246,344685,345235,439,550,2,7200,1.79818181818
344261,344711,345266,450,555,2,7200,1.81081081081
344262,344786,345343,524,557,2,7200,1.9407540395
344264,344762,345309,498,547,2,7200,1.91042047532
344605,344741,345277,136,536,2,7200,1.25373134328
344620,344791,345338,171,547,2,7200,1.3126142596
344621,344812,345353,191,541,2,7200,1.35304990758
344623,344799,345334,176,535,2,7200,1.32897196262
344644,344825,345366,181,541,2,7200,1.33456561922
344659,344830,345385,171,555,2,7200,1.30810810811
344673,344861,345421,188,560,2,7200,1.33571428571
344697,344868,345404,171,536,2,7200,1.31902985075
344730,344881,345414,151,533,2,7200,1.28330206379
344751,344894,345439,143,545,2,7200,1.2623853211
344766,345175,345737,409,562,2,7200,1.72775800712
344781,345190,345750,409,560,2,7200,1.73035714286
344796,345195,345744,399,549,2,7200,1.72677595628
344811,345201,345747,390,546,2,7200,1.71428571429
344813,345225,345762,412,537,2,7200,1.76722532588
344814,345237,345793,423,556,2,7200,1.76079136691
344850,345251,345777,401,526,2,7200,1.76235741445
344852,345280,345832,428,552,2,7200,1.77536231884
344867,345291,345832,424,541,2,7200,1.78373382625
344881,345321,345867,440,546,2,7200,1.80586080586
345159,345360,345902,201,542,2,7200,1.37084870849
345177,345366,345918,189,552,2,7200,1.34239130435
345179,345349,345902,170,553,2,7200,1.30741410488
345180,345374,345914,194,540,2,7200,1.35925925926
345210,345386,345934,176,548,2,7200,1.32116788321
345228,345407,345945,179,538,2,7200,1.33271375465
345243,345445,346004,202,559,2,7200,1.36135957066
345266,345427,345994,161,567,2,7200,1.28395061728
345281,345432,345987,151,555,2,7200,1.27207207207
345311,345456,346013,145,557,2,7200,1.26032315978
345335,345749,346304,414,555,2,7200,1.74594594595
345350,345762,346312,412,550,2,7200,1.74909090909
345351,345768,346323,417,555,2,7200,1.75135135135
345366,345755,346302,389,547,2,7200,1.71115173675
345380,345775,346331,395,556,2,7200,1.71043165468
345395,345805,346371,410,566,2,7200,1.72438162544
345410,345789,346335,379,546,2,7200,1.69413919414
345424,345843,346400,419,557,2,7200,1.75224416517
345426,345849,346408,423,559,2,7200,1.75670840787
345441,345878,346423,437,545,2,7200,1.80183486239
345739,345915,346473,176,558,2,7200,1.31541218638
345754,345920,346460,166,540,2,7200,1.30740740741
345755,345934,346468,179,534,2,7200,1.33520599251
345757,345928,346479,171,551,2,7200,1.31034482759
345772,345948,346494,176,546,2,7200,1.32234432234
345786,345956,346500,170,544,2,7200,1.3125
345801,346006,346583,205,577,2,7200,1.35528596187
345834,345998,346537,164,539,2,7200,1.30426716141
345835,346016,346563,181,547,2,7200,1.33089579525
345868,346024,346578,156,554,2,7200,1.28158844765
345904,346321,346868,417,547,2,7200,1.76234003656
345905,346314,346876,409,562,2,7200,1.72775800712
345920,346329,346886,409,557,2,7200,1.73429084381
345921,346335,346872,414,537,2,7200,1.77094972067
345936,346343,346908,407,565,2,7200,1.7203539823
345951,346349,346889,398,540,2,7200,1.73703703704
345990,346382,346932,392,550,2,7200,1.71272727273
346005,346412,346939,407,527,2,7200,1.77229601518
346006,346419,346968,413,549,2,7200,1.75227686703
346021,346434,346985,413,551,2,7200,1.74954627949
346305,346471,347019,166,548,2,7200,1.30291970803
346306,346487,347039,181,552,2,7200,1.32789855072
346321,346494,347058,173,564,2,7200,1.30673758865
346336,346481,347027,145,546,2,7200,1.26556776557
346337,346505,347052,168,547,2,7200,1.3071297989
346339,346512,347051,173,539,2,7200,1.32096474954
346372,346549,347098,177,549,2,7200,1.32240437158
346402,346596,347150,194,554,2,7200,1.35018050542
346416,346574,347114,158,540,2,7200,1.29259259259
346431,346589,347138,158,549,2,7200,1.28779599271
346461,346893,347437,432,544,2,7200,1.79411764706
346476,346879,347438,403,559,2,7200,1.72093023256
346477,346900,347442,423,542,2,7200,1.78044280443
346492,346886,347435,394,549,2,7200,1.71766848816
346507,346919,347478,412,559,2,7200,1.73703041145
346508,346906,347450,398,544,2,7200,1.73161764706
346538,346943,347490,405,547,2,7200,1.74040219378
346565,346950,347481,385,531,2,7200,1.72504708098
346580,346979,347541,399,562,2,7200,1.70996441281
346595,346996,347560,401,564,2,7200,1.7109929078
346869,347030,347571,161,541,2,7200,1.29759704251
346884,347038,347590,154,552,2,7200,1.27898550725
346886,347050,347582,164,532,2,7200,1.30827067669
346901,347069,347623,168,554,2,7200,1.30324909747
346902,347075,347634,173,559,2,7200,1.30948121646
346917,347062,347629,145,567,2,7200,1.2557319224
346935,347109,347666,174,557,2,7200,1.31238779174
346950,347126,347669,176,543,2,7200,1.3241252302
346970,347149,347701,179,552,2,7200,1.32427536232
346985,347161,347706,176,545,2,7200,1.32293577982
347021,347453,348020,432,567,2,7200,1.7619047619
347036,347446,348002,410,556,2,7200,1.73741007194
347051,347459,348016,408,557,2,7200,1.73249551167
347066,347464,348020,398,556,2,7200,1.71582733813
347067,347471,348018,404,547,2,7200,1.73857404022
347068,347489,348040,421,551,2,7200,1.76406533575
347098,347503,348052,405,549,2,7200,1.73770491803
347116,347496,348038,380,542,2,7200,1.70110701107
347140,347553,348098,413,545,2,7200,1.75779816514
347155,347572,348119,417,547,2,7200,1.76234003656
347435,347582,348138,147,556,2,7200,1.26438848921
347451,347602,348148,151,546,2,7200,1.27655677656
347452,347594,348150,142,556,2,7200,1.25539568345
347454,347642,348208,188,566,2,7200,1.33215547703
347455,347648,348199,193,551,2,7200,1.3502722323
347479,347635,348193,156,558,2,7200,1.27956989247
347494,347677,348216,183,539,2,7200,1.33951762523
347496,347684,348245,188,561,2,7200,1.33511586453
347544,347713,348269,169,556,2,7200,1.30395683453
347562,347719,348258,157,539,2,7200,1.29128014842
347577,348014,348557,437,543,2,7200,1.80478821363
347591,348035,348587,444,552,2,7200,1.80434782609
347593,348041,348594,448,553,2,7200,1.81012658228
347626,348028,348580,402,552,2,7200,1.72826086957
347641,348046,348607,405,561,2,7200,1.72192513369
347643,348053,348613,410,560,2,7200,1.73214285714
347670,348059,348607,389,548,2,7200,1.7098540146
347671,348065,348614,394,549,2,7200,1.71766848816
347702,348109,348661,407,552,2,7200,1.73731884058
347717,348130,348674,413,544,2,7200,1.75919117647
348003,348149,348706,146,557,2,7200,1.26211849192
348018,348166,348707,148,541,2,7200,1.27356746765
348019,348160,348710,141,550,2,7200,1.25636363636
348021,348204,348764,183,560,2,7200,1.32678571429
348036,348220,348765,184,545,2,7200,1.3376146789
348051,348211,348775,160,564,2,7200,1.28368794326
348052,348228,348762,176,534,2,7200,1.32958801498
348067,348257,348812,190,555,2,7200,1.34234234234
348100,348280,348812,180,532,2,7200,1.33834586466
348121,348269,348819,148,550,2,7200,1.26909090909
348139,348569,349132,430,563,2,7200,1.76376554174
348154,348591,349144,437,553,2,7200,1.79023508137
348156,348598,349140,442,542,2,7200,1.81549815498
348195,348605,349139,410,534,2,7200,1.76779026217
348210,348625,349182,415,557,2,7200,1.74506283662
348211,348618,349151,407,533,2,7200,1.76360225141
348226,348630,349190,404,560,2,7200,1.72142857143
348247,348636,349196,389,560,2,7200,1.69464285714
348262,348672,349207,410,535,2,7200,1.76635514019
348277,348686,349240,409,554,2,7200,1.73826714801
348365,348372,348581,7,209,64,900,1.03349282297
348560,348717,349260,157,543,2,7200,1.28913443831
348581,348724,349269,143,545,2,7200,1.2623853211
348596,348730,349276,134,546,2,7200,1.24542124542
348597,348780,349353,183,573,2,7200,1.31937172775
348612,348792,349346,180,554,2,7200,1.32490974729
348614,348786,349313,172,527,2,7200,1.32637571157
348629,348774,349320,145,546,2,7200,1.26556776557
348630,348823,349386,193,563,2,7200,1.34280639432
348663,348835,349390,172,555,2,7200,1.30990990991
348678,348829,349383,151,554,2,7200,1.2725631769
348708,349143,349706,435,563,2,7200,1.77264653641
348709,349157,349697,448,540,2,7200,1.82962962963
348724,349163,349694,439,531,2,7200,1.82674199623
348763,349150,349704,387,554,2,7200,1.69855595668
348778,349169,349733,391,564,2,7200,1.69326241135
348780,349201,349737,421,536,2,7200,1.78544776119
348781,349193,349769,412,576,2,7200,1.71527777778
348811,349208,349774,397,566,2,7200,1.70141342756
348826,349219,349773,393,554,2,7200,1.70938628159
348827,349251,349786,424,535,2,7200,1.79252336449
349135,349272,349830,137,558,2,7200,1.24551971326
349150,349281,349822,131,541,2,7200,1.24214417745
349151,349288,349838,137,550,2,7200,1.24909090909
349153,349332,349882,179,550,2,7200,1.32545454545
349167,349324,349876,157,552,2,7200,1.28442028986
349169,349176,349193,7,17,64,600,1.41176470588
349182,349365,349915,183,550,2,7200,1.33272727273
349197,349358,349913,161,555,2,7200,1.29009009009
349198,349397,349938,199,541,2,7200,1.36783733826
349213,349403,349957,190,554,2,7200,1.34296028881
349240,349409,349961,169,552,2,7200,1.30615942029
349261,349719,350268,458,549,2,7200,1.83424408015
349276,349724,350278,448,554,2,7200,1.80866425993
349291,349705,350259,414,554,2,7200,1.74729241877
349315,349712,350264,397,552,2,7200,1.71920289855
349330,349745,350303,415,558,2,7200,1.74372759857
349342,349349,349755,7,406,64,900,1.01724137931
349348,349780,350348,432,568,2,7200,1.76056338028
349362,349752,350290,390,538,2,7200,1.7249070632
349387,349787,350333,400,546,2,7200,1.7326007326
349388,349793,350318,405,525,2,7200,1.77142857143
349403,349799,350335,396,536,2,7200,1.73880597015
349695,349841,350386,146,545,2,7200,1.26788990826
349710,349833,350392,123,559,2,7200,1.22003577818
349712,349849,350410,137,561,2,7200,1.24420677362
349713,349887,350447,174,560,2,7200,1.31071428571
349734,349894,350425,160,531,2,7200,1.30131826742
349749,349924,350470,175,546,2,7200,1.32051282051
349769,349931,350478,162,547,2,7200,1.29616087751
349784,349949,350480,165,531,2,7200,1.31073446328
349786,349968,350519,182,551,2,7200,1.33030852995
349801,349975,350528,174,553,2,7200,1.31464737794
349825,350270,350805,445,535,2,7200,1.83177570093
349839,350277,350801,438,524,2,7200,1.8358778626
349841,350291,350850,450,559,2,7200,1.80500894454
349877,350284,350810,407,526,2,7200,1.77376425856
349891,350314,350868,423,554,2,7200,1.76353790614
349915,350301,350835,386,534,2,7200,1.72284644195
349917,350359,350908,442,549,2,7200,1.80510018215
349941,350344,350908,403,564,2,7200,1.71453900709
349959,350330,350866,371,536,2,7200,1.6921641791
349973,350351,350920,378,569,2,7200,1.66432337434
350040,350046,357558,6,7512,4,360000,1.00079872204
350260,350405,350937,145,532,2,7200,1.27255639098
350275,350398,350930,123,532,2,7200,1.23120300752
350276,350421,350970,145,549,2,7200,1.26411657559
350291,350458,351004,167,546,2,7200,1.30586080586
350293,350436,350991,143,555,2,7200,1.25765765766
350307,350481,351060,174,579,2,7200,1.30051813472
350322,350489,351046,167,557,2,7200,1.29982046679
350337,350496,351061,159,565,2,7200,1.2814159292
350338,350530,351061,192,531,2,7200,1.3615819209
350353,350539,351088,186,549,2,7200,1.33879781421
350389,350820,351366,431,546,2,7200,1.78937728938
350404,350813,351359,409,546,2,7200,1.74908424908
350419,350827,351376,408,549,2,7200,1.74316939891
350434,350862,351415,428,553,2,7200,1.773960217
350448,350846,351390,398,544,2,7200,1.73161764706
350472,350885,351436,413,551,2,7200,1.74954627949
350487,350878,351447,391,569,2,7200,1.68717047452
350489,350919,351476,430,557,2,7200,1.77199281867
350522,350931,351468,409,537,2,7200,1.76163873371
350536,350925,351496,389,571,2,7200,1.68126094571
350802,350941,351511,139,570,2,7200,1.24385964912
350817,350949,351509,132,560,2,7200,1.23571428571
350818,350982,351537,164,555,2,7200,1.2954954955
350836,351002,351546,166,544,2,7200,1.30514705882
350851,351015,351560,164,545,2,7200,1.30091743119
350869,351071,351640,202,569,2,7200,1.35500878735
350870,351057,351607,187,550,2,7200,1.34
350909,351078,351632,169,554,2,7200,1.30505415162
350911,351084,351644,173,560,2,7200,1.30892857143
350925,351099,351647,174,548,2,7200,1.31751824818
350940,351370,351914,430,544,2,7200,1.79044117647
350942,351377,351941,435,564,2,7200,1.77127659574
350971,351387,351926,416,539,2,7200,1.77179962894
350992,351402,351923,410,521,2,7200,1.78694817658
351007,351426,351974,419,548,2,7200,1.76459854015
351046,351458,352019,412,561,2,7200,1.73440285205
351061,351448,351996,387,548,2,7200,1.70620437956
351063,351508,352040,445,532,2,7200,1.83646616541
351064,351488,352044,424,556,2,7200,1.76258992806
351088,351479,352030,391,551,2,7200,1.70961887477
351360,351527,352090,167,563,2,7200,1.29662522202
351375,351520,352056,145,536,2,7200,1.27052238806
351390,351548,352100,158,552,2,7200,1.28623188406
351405,351557,352110,152,553,2,7200,1.27486437613
351419,351571,352105,152,534,2,7200,1.28464419476
351437,351619,352163,182,544,2,7200,1.33455882353
351452,351652,352207,200,555,2,7200,1.36036036036
351470,351644,352190,174,546,2,7200,1.31868131868
351485,351660,352202,175,542,2,7200,1.32287822878
351500,351665,352192,165,527,2,7200,1.31309297913
351515,351925,352471,410,546,2,7200,1.75091575092
351516,351952,352508,436,556,2,7200,1.78417266187
351540,351941,352499,401,558,2,7200,1.71863799283
351555,351934,352491,379,557,2,7200,1.68043087971
351570,351985,352546,415,561,2,7200,1.73975044563
351609,352008,352572,399,564,2,7200,1.70744680851
351633,352030,352555,397,525,2,7200,1.75619047619
351648,352042,352582,394,540,2,7200,1.72962962963
351649,352058,352614,409,556,2,7200,1.73561151079
351651,352051,352606,400,555,2,7200,1.72072072072
351917,352067,352602,150,535,2,7200,1.28037383178
351932,352101,352653,169,552,2,7200,1.30615942029
351933,352111,352639,178,528,2,7200,1.33712121212
351948,352125,352687,177,562,2,7200,1.31494661922
351975,352118,352642,143,524,2,7200,1.27290076336
351999,352174,352728,175,554,2,7200,1.31588447653
352019,352202,352751,183,549,2,7200,1.33333333333
352034,352221,352781,187,560,2,7200,1.33392857143
352049,352208,352767,159,559,2,7200,1.28443649374
352051,352215,352777,164,562,2,7200,1.29181494662
352065,352482,353034,417,552,2,7200,1.75543478261
352092,352502,353053,410,551,2,7200,1.74410163339
352107,352510,353070,403,560,2,7200,1.71964285714
352109,352519,353073,410,554,2,7200,1.74007220217
352123,352557,353090,434,533,2,7200,1.81425891182
352165,352584,353135,419,551,2,7200,1.76043557169
352193,352566,353118,373,552,2,7200,1.67572463768
352194,352594,353142,400,548,2,7200,1.7299270073
352209,352620,353160,411,540,2,7200,1.76111111111
352210,352627,353157,417,530,2,7200,1.78679245283
352473,352613,353159,140,546,2,7200,1.25641025641
352494,352664,353221,170,557,2,7200,1.3052064632
352509,352650,353195,141,545,2,7200,1.25871559633
352510,352657,353220,147,563,2,7200,1.26110124334
352546,352698,353249,152,551,2,7200,1.27586206897
352561,352739,353285,178,546,2,7200,1.32600732601
352576,352762,353315,186,553,2,7200,1.33634719711
352591,352779,353329,188,550,2,7200,1.34181818182
352606,352788,353340,182,552,2,7200,1.32971014493
352621,352795,353349,174,554,2,7200,1.31407942238
352622,353046,353584,424,538,2,7200,1.78810408922
352640,353065,353611,425,546,2,7200,1.77838827839
352655,353081,353644,426,563,2,7200,1.756660746
352656,353088,353636,432,548,2,7200,1.78832116788
352689,353101,353650,412,549,2,7200,1.75045537341
352731,353129,353687,398,558,2,7200,1.71326164875
352752,353147,353699,395,552,2,7200,1.71557971014
352771,353154,353692,383,538,2,7200,1.71189591078
352786,353175,353729,389,554,2,7200,1.70216606498
352787,353181,353720,394,539,2,7200,1.73098330241
353038,353168,353712,130,544,2,7200,1.23897058824
353055,353207,353756,152,549,2,7200,1.27686703097
353070,353232,353793,162,561,2,7200,1.28877005348
353085,353237,353787,152,550,2,7200,1.27636363636
353100,353260,353827,160,567,2,7200,1.28218694885
353121,353297,353840,176,543,2,7200,1.3241252302
353138,353326,353868,188,542,2,7200,1.34686346863
353153,353340,353875,187,535,2,7200,1.34953271028
353168,353351,353885,183,534,2,7200,1.34269662921
353170,353361,353896,191,535,2,7200,1.35700934579
353171,353595,354148,424,553,2,7200,1.76672694394
353198,353623,354179,425,556,2,7200,1.76438848921
353222,353655,354211,433,556,2,7200,1.77877697842
353223,353648,354172,425,524,2,7200,1.81106870229
353250,353662,354196,412,534,2,7200,1.77153558052
353286,353698,354224,412,526,2,7200,1.78326996198
353316,353712,354260,396,548,2,7200,1.72262773723
353331,353705,354250,374,545,2,7200,1.68623853211
353346,353723,354289,377,566,2,7200,1.66607773852
353360,353731,354289,371,558,2,7200,1.66487455197
353587,353740,354288,153,548,2,7200,1.27919708029
353614,353767,354321,153,554,2,7200,1.2761732852
353638,353799,354352,161,553,2,7200,1.29113924051
353653,353805,354351,152,546,2,7200,1.27838827839
353654,353838,354374,184,536,2,7200,1.34328358209
353690,353851,354417,161,566,2,7200,1.28445229682
353705,353879,354430,174,551,2,7200,1.31578947368
353707,353886,354415,179,529,2,7200,1.33837429112
353722,353896,354453,174,557,2,7200,1.31238779174
353723,353907,354459,184,552,2,7200,1.33333333333
353738,354159,354688,421,529,2,7200,1.79584120983
353765,354190,354728,425,538,2,7200,1.78996282528
353793,354183,354722,390,539,2,7200,1.72356215213
353807,354222,354784,415,562,2,7200,1.7384341637
353828,354207,354764,379,557,2,7200,1.68043087971
353843,354235,354759,392,524,2,7200,1.74809160305
353873,354261,354809,388,548,2,7200,1.70802919708
353888,354271,354816,383,545,2,7200,1.70275229358
353890,354306,354852,416,546,2,7200,1.7619047619
353905,354311,354848,406,537,2,7200,1.75605214153
354153,354299,354850,146,551,2,7200,1.26497277677
354174,354332,354877,158,545,2,7200,1.28990825688
354188,354369,354926,181,557,2,7200,1.3249551167
354203,354362,354893,159,531,2,7200,1.29943502825
354218,354385,354933,167,548,2,7200,1.30474452555
354233,354433,354993,200,560,2,7200,1.35714285714
354250,354441,354993,191,552,2,7200,1.34601449275
354266,354426,354958,160,532,2,7200,1.3007518797
354290,354464,355012,174,548,2,7200,1.31751824818
354291,354471,355034,180,563,2,7200,1.31971580817
354292,354705,355243,413,538,2,7200,1.76765799257
354324,354733,355266,409,533,2,7200,1.76735459662
354342,354348,354365,6,17,32,10800,1.35294117647
354354,354740,355297,386,557,2,7200,1.69299820467
354355,354781,355329,426,548,2,7200,1.77737226277
354376,354795,355344,419,549,2,7200,1.76320582878
354406,354413,354417,7,4,32,10800,1.1
354418,354775,355296,357,521,2,7200,1.68522072937
354419,354820,355383,401,563,2,7200,1.71225577265
354435,354828,355393,393,565,2,7200,1.69557522124
354455,354867,355399,412,532,2,7200,1.77443609023
354464,354477,354482,13,5,32,10800,1.8
354470,354859,355401,389,542,2,7200,1.71771217712
354628,354635,354643,7,8,1,3600,1.5
354639,354645,354656,6,11,32,10800,1.54545454545
354691,354872,355404,181,532,2,7200,1.34022556391
354692,354699,354705,7,6,32,10800,1.3
354723,354888,355420,165,532,2,7200,1.31015037594
354738,354904,355454,166,550,2,7200,1.30181818182
354738,354748,354753,10,5,32,10800,1.5
354759,354937,355471,178,534,2,7200,1.33333333333
354762,354768,354945,6,177,1,3600,1.03389830508
354774,354944,355476,170,532,2,7200,1.31954887218
354789,354969,355501,180,532,2,7200,1.33834586466
354810,355007,355550,197,543,2,7200,1.36279926335
354825,355013,355535,188,522,2,7200,1.3601532567
354852,355023,355556,171,533,2,7200,1.32082551595
354853,355050,355603,197,553,2,7200,1.35623869801
354868,355254,355798,386,544,2,7200,1.70955882353
354883,355278,355833,395,555,2,7200,1.71171171171
354898,355314,355849,416,535,2,7200,1.77757009346
354928,355307,355866,379,559,2,7200,1.67799642218
354937,354950,354955,13,5,32,10800,1.8
354943,355340,355880,397,540,2,7200,1.73518518519
354961,355355,355922,394,567,2,7200,1.69488536155
354994,355395,355949,401,554,2,7200,1.7238267148
354994,355001,355006,7,5,32,10800,1.2
354996,355409,355945,413,536,2,7200,1.77052238806
355014,355415,355944,401,529,2,7200,1.75803402647
355038,355044,355050,6,6,32,10800,1.2
355038,355421,355965,383,544,2,7200,1.70404411765
355129,355135,355818,6,683,1,3600,1.00878477306
355233,355239,355245,6,6,32,10800,1.2
355246,355426,355972,180,546,2,7200,1.32967032967
355267,355433,355997,166,564,2,7200,1.29432624113
355284,355291,355297,7,6,32,10800,1.3
355298,355465,356002,167,537,2,7200,1.31098696462
355299,355482,356032,183,550,2,7200,1.33272727273
355314,355322,355327,8,5,32,10800,1.3
355332,355489,356045,157,556,2,7200,1.28237410072
355347,355512,356049,165,537,2,7200,1.30726256983
355386,355546,356073,160,527,2,7200,1.30360531309
355394,355402,355466,8,64,32,10800,1.125
355401,355561,356118,160,557,2,7200,1.28725314183
355403,355568,356098,165,530,2,7200,1.31132075472
355404,355614,356170,210,556,2,7200,1.37769784173
355419,355809,356354,390,545,2,7200,1.71559633028
355434,355846,356381,412,535,2,7200,1.77009345794
355447,355454,355630,7,176,32,10800,1.03977272727
355455,355877,356428,422,551,2,7200,1.76588021779
355473,355861,356409,388,548,2,7200,1.70802919708
355487,355892,356450,405,558,2,7200,1.72580645161
355502,355933,356474,431,541,2,7200,1.7966728281
355523,355529,355539,6,10,32,10800,1.6
355535,355962,356511,427,549,2,7200,1.77777777778
355550,355968,356520,418,552,2,7200,1.75724637681
355565,355955,356501,390,546,2,7200,1.71428571429
355604,355976,356530,372,554,2,7200,1.6714801444
355653,355660,355667,7,7,32,10800,1.4
355701,355707,355719,6,12,32,10800,1.5
355751,355757,355763,6,6,32,10800,1.2
355800,355983,356533,183,550,2,7200,1.33272727273
355838,356008,356564,170,556,2,7200,1.30575539568
355842,355853,355858,11,5,32,10800,1.6
355853,356015,356590,162,575,2,7200,1.28173913043
355868,356043,356601,175,558,2,7200,1.31362007168
355876,355884,355894,8,10,32,10800,1.8
355883,356056,356606,173,550,2,7200,1.31454545455
355916,355923,355931,7,8,32,10800,1.5
355925,356063,356613,138,550,2,7200,1.25090909091
355946,356084,356640,138,556,2,7200,1.24820143885
355947,356129,356671,182,542,2,7200,1.33579335793
355962,356110,356639,148,529,2,7200,1.2797731569
355977,356181,356734,204,553,2,7200,1.36889692586
355978,356365,356906,387,541,2,7200,1.71534195933
355999,356392,356948,393,556,2,7200,1.70683453237
356014,356421,356964,407,543,2,7200,1.74953959484
356035,356440,356982,405,542,2,7200,1.74723247232
356050,356461,357021,411,560,2,7200,1.73392857143
356051,356485,357011,434,526,2,7200,1.82509505703
356076,356517,357057,441,540,2,7200,1.81666666667
356089,356096,356103,7,7,32,10800,1.4
356099,356532,357064,433,532,2,7200,1.81390977444
356117,356524,357068,407,544,2,7200,1.74816176471
356127,356136,356141,9,5,32,10800,1.4
356130,356141,357343,11,1202,1,3600,1.00915141431
356154,356160,356171,6,11,32,10800,1.54545454545
356172,356542,357098,370,556,2,7200,1.6654676259
356238,356245,356254,7,9,32,10800,1.6
356281,356289,356293,8,4,32,10800,1.2
356322,356328,356333,6,5,32,10800,1.1
356356,356549,357092,193,543,2,7200,1.35543278085
356383,356575,357135,192,560,2,7200,1.34285714286
356413,356601,357151,188,550,2,7200,1.34181818182
356431,356612,357150,181,538,2,7200,1.33643122677
356449,356619,357173,170,554,2,7200,1.30685920578
356469,356475,356483,6,8,32,10800,1.4
356473,356626,357158,153,532,2,7200,1.28759398496
356503,356657,357216,154,559,2,7200,1.27549194991
356504,356511,356518,7,7,32,10800,1.4
356518,356650,357199,132,549,2,7200,1.24043715847
356533,356685,357240,152,555,2,7200,1.27387387387
356534,356746,357298,212,552,2,7200,1.38405797101
356549,356918,357459,369,541,2,7200,1.6820702403
356561,356567,356572,6,5,32,10800,1.1
356567,356959,357500,392,541,2,7200,1.72458410351
356591,356980,357509,389,529,2,7200,1.73534971645
356606,356994,357543,388,549,2,7200,1.70673952641
356621,357033,357584,412,551,2,7200,1.74773139746
356622,357022,357559,400,537,2,7200,1.74487895717
356640,357068,357617,428,549,2,7200,1.7795992714
356655,357083,357626,428,543,2,7200,1.78821362799
356673,356679,356684,6,5,32,10800,1.1
356673,357076,357625,403,549,2,7200,1.73406193078
356722,356729,356733,7,4,32,10800,1.1
356736,357110,357649,374,539,2,7200,1.69387755102
356787,356794,356799,7,5,32,10800,1.2
356896,356903,356923,7,20,32,10800,1.35
356908,357103,357652,195,549,2,7200,1.35519125683
356934,356941,356950,7,9,32,10800,1.6
356950,357147,357688,197,541,2,7200,1.36414048059
356965,357168,357707,203,539,2,7200,1.37662337662
356967,356974,356978,7,4,32,10800,1.1
356986,357161,357694,175,533,2,7200,1.32833020638
357013,357184,357730,171,546,2,7200,1.31318681319
357027,357174,357712,147,538,2,7200,1.27323420074
357040,357047,357052,7,5,32,10800,1.2
357057,357210,357764,153,554,2,7200,1.2761732852
357072,357227,357762,155,535,2,7200,1.28971962617
357074,357252,357790,178,538,2,7200,1.33085501859
357083,357091,357096,8,5,32,10800,1.3
357095,357309,357868,214,559,2,7200,1.38282647585
357109,357470,358007,361,537,2,7200,1.67225325885
357126,357132,357138,6,6,32,10800,1.2
357136,357512,358064,376,552,2,7200,1.68115942029
357151,357521,358071,370,550,2,7200,1.67272727273
357153,357554,358102,401,548,2,7200,1.73175182482
357167,357571,358122,404,551,2,7200,1.7332123412
357182,357596,358143,414,547,2,7200,1.75685557587
357200,357629,358185,429,556,2,7200,1.77158273381
357218,357637,358191,419,554,2,7200,1.75631768953
357238,357244,357670,6,426,32,10800,1.01408450704
357242,357642,358192,400,550,2,7200,1.72727272727
357276,357282,357298,6,16,32,10800,1.375
357299,357667,358216,368,549,2,7200,1.67030965392
357307,357316,357323,9,7,32,10800,1.6
357465,357660,358207,195,547,2,7200,1.35648994516
357507,357699,358235,192,536,2,7200,1.35820895522
357522,357706,358262,184,556,2,7200,1.3309352518
357545,357718,358267,173,549,2,7200,1.31511839709
357560,357725,358259,165,534,2,7200,1.30898876404
357586,357741,358285,155,544,2,7200,1.28492647059
357619,357780,358338,161,558,2,7200,1.28853046595
357635,357773,358334,138,561,2,7200,1.24598930481
357637,357801,358353,164,552,2,7200,1.29710144928
357652,357879,358414,227,535,2,7200,1.42429906542
357666,358019,358556,353,537,2,7200,1.6573556797
357690,358075,358612,385,537,2,7200,1.71694599628
357705,358082,358626,377,544,2,7200,1.69301470588
357721,358113,358663,392,550,2,7200,1.71272727273
357722,358133,358668,411,535,2,7200,1.76822429907
357737,358154,358706,417,552,2,7200,1.75543478261
357764,358196,358748,432,552,2,7200,1.78260869565
357778,358202,358754,424,552,2,7200,1.76811594203
357793,358208,358755,415,547,2,7200,1.75868372943
357874,358218,358746,344,528,2,7200,1.65151515152
358012,358227,358763,215,536,2,7200,1.40111940299
358066,358246,358811,180,565,2,7200,1.3185840708
358081,358277,358826,196,549,2,7200,1.35701275046
358107,358284,358828,177,544,2,7200,1.32536764706
358125,358270,358800,145,530,2,7200,1.27358490566
358146,358296,358846,150,550,2,7200,1.27272727273
358153,358161,358169,8,8,1,3600,1.6
358185,358346,358896,161,550,2,7200,1.29272727273
358200,358353,358912,153,559,2,7200,1.27370304114
358202,358365,358942,163,577,2,7200,1.28249566724
358217,358425,358974,208,549,2,7200,1.37887067395
358219,358567,359114,348,547,2,7200,1.63619744059
358237,358623,359182,386,559,2,7200,1.69051878354
358261,358637,359165,376,528,2,7200,1.71212121212
358277,358674,359211,397,537,2,7200,1.73929236499
358278,358681,359237,403,556,2,7200,1.72482014388
358293,358717,359262,424,545,2,7200,1.77798165138
358297,358303,358409,6,106,1,3600,1.05660377358
358325,358332,358348,7,16,1,1800,1.4375
358335,358765,359322,430,557,2,7200,1.77199281867
358350,358770,359322,420,552,2,7200,1.76086956522
358365,358777,359328,412,551,2,7200,1.74773139746
358416,358758,359295,342,537,2,7200,1.63687150838
358563,358783,359318,220,535,2,7200,1.41121495327
358579,358586,359868,7,1282,1,3600,1.00546021841
358583,358592,358702,9,110,1,1800,1.08181818182
358614,358823,359386,209,563,2,7200,1.37122557726
358629,358811,359371,182,560,2,7200,1.325
358645,358652,359230,7,578,1,3600,1.01211072664
358665,358837,359392,172,555,2,7200,1.30990990991
358680,358844,359411,164,567,2,7200,1.28924162257
358707,358858,359409,151,551,2,7200,1.27404718693
358753,358908,359433,155,525,2,7200,1.29523809524
358754,358923,359465,169,542,2,7200,1.31180811808
358770,358953,359481,183,528,2,7200,1.34659090909
358771,358986,359549,215,563,2,7200,1.38188277087
358773,359125,359679,352,554,2,7200,1.63537906137
358803,359193,359728,390,535,2,7200,1.72897196262
358817,359177,359713,360,536,2,7200,1.67164179104
358833,359222,359774,389,552,2,7200,1.70471014493
358834,359248,359799,414,551,2,7200,1.75136116152
358849,359273,359836,424,563,2,7200,1.75310834813
358897,359306,359831,409,525,2,7200,1.77904761905
358912,359336,359874,424,538,2,7200,1.78810408922
358942,359342,359877,400,535,2,7200,1.7476635514
358975,359329,359854,354,525,2,7200,1.67428571429
359075,359082,359094,7,12,32,10800,1.58333333333
359117,359348,359895,231,547,2,7200,1.42230347349
359157,359164,359169,7,5,32,10800,1.2
359168,359382,359922,214,540,2,7200,1.3962962963
359185,359397,359958,212,561,2,7200,1.37789661319
359212,359404,359934,192,530,2,7200,1.36226415094
359239,359432,359975,193,543,2,7200,1.35543278085
359263,359420,359977,157,557,2,7200,1.28186714542
359296,359444,359986,148,542,2,7200,1.27306273063
359320,359476,360020,156,544,2,7200,1.28676470588
359335,359492,360026,157,534,2,7200,1.29400749064
359337,359561,360110,224,549,2,7200,1.40801457195
359338,359691,360242,353,551,2,7200,1.64065335753
359374,359724,360241,350,517,2,7200,1.67698259188
359389,359739,360263,350,524,2,7200,1.6679389313
359404,359785,360322,381,537,2,7200,1.7094972067
359414,359426,361018,12,1592,1,3600,1.00753768844
359419,359810,360342,391,532,2,7200,1.73496240602
359420,359850,360364,430,514,2,7200,1.83657587549
359435,359843,360386,408,543,2,7200,1.75138121547
359468,359865,360429,397,564,2,7200,1.70390070922
359483,359886,360439,403,553,2,7200,1.7287522604
359552,359893,360434,341,541,2,7200,1.6303142329
359682,359906,360464,224,558,2,7200,1.40143369176
359715,359933,360476,218,543,2,7200,1.4014732965
359730,359969,360515,239,546,2,7200,1.43772893773
359775,359945,360481,170,536,2,7200,1.3171641791
359802,359994,360534,192,540,2,7200,1.35555555556
359832,359987,360534,155,547,2,7200,1.28336380256
359847,360001,360540,154,539,2,7200,1.28571428571
359861,360031,360564,170,533,2,7200,1.31894934334
359870,359878,360026,8,148,1,1800,1.05405405405
359876,360038,360568,162,530,2,7200,1.30566037736
359892,360121,360669,229,548,2,7200,1.41788321168
359907,360259,360813,352,554,2,7200,1.63537906137
359924,360252,360816,328,564,2,7200,1.58156028369
359939,360274,360806,335,532,2,7200,1.62969924812
359960,360333,360862,373,529,2,7200,1.70510396975
359978,360354,360928,376,574,2,7200,1.65505226481
359980,360397,360938,417,541,2,7200,1.7707948244
359995,360375,360918,380,543,2,7200,1.69981583794
360022,360440,360982,418,542,2,7200,1.77121771218
360036,360454,360989,418,535,2,7200,1.78130841121
360115,360447,361023,332,576,2,7200,1.57638888889
360223,360229,361227,6,998,1,3600,1.00601202405
360242,360476,361027,234,551,2,7200,1.42468239564
360243,360487,361043,244,556,2,7200,1.43884892086
360264,360494,361027,230,533,2,7200,1.43151969981
360324,360526,361071,202,545,2,7200,1.37064220183
360345,360545,361081,200,536,2,7200,1.37313432836
360366,360550,361101,184,551,2,7200,1.33393829401
360387,360557,361105,170,548,2,7200,1.3102189781
360432,360575,361127,143,552,2,7200,1.25905797101
360447,360582,361118,135,536,2,7200,1.25186567164
360448,360681,361224,233,543,2,7200,1.42909760589
360466,360831,361368,365,537,2,7200,1.67970204842
360481,360824,361374,343,550,2,7200,1.62363636364
360483,360817,361376,334,559,2,7200,1.59749552773
360516,360873,361408,357,535,2,7200,1.66728971963
360534,360939,361486,405,547,2,7200,1.74040219378
360549,360929,361477,380,548,2,7200,1.69343065693
360550,360949,361494,399,545,2,7200,1.73211009174
360565,360993,361521,428,528,2,7200,1.81060606061
360580,361034,361565,454,531,2,7200,1.8549905838
360670,361001,361546,331,545,2,7200,1.60733944954
360806,361041,361598,235,557,2,7200,1.42190305206
360821,361055,361595,234,540,2,7200,1.43333333333
360822,361047,361591,225,544,2,7200,1.41360294118
360864,361082,361640,218,558,2,7200,1.39068100358
360918,361093,361648,175,555,2,7200,1.31531531532
360933,361112,361663,179,551,2,7200,1.32486388385
360947,360956,361411,9,455,1,1800,1.01978021978
360948,361119,361664,171,545,2,7200,1.31376146789
360984,361138,361686,154,548,2,7200,1.28102189781
360999,361129,361688,130,559,2,7200,1.23255813953
361026,361235,361784,209,549,2,7200,1.38069216758
361041,361393,361965,352,572,2,7200,1.61538461538
361043,361386,361920,343,534,2,7200,1.64232209738
361058,361379,361927,321,548,2,7200,1.58576642336
361073,361420,361951,347,531,2,7200,1.65348399247
361087,361488,362030,401,542,2,7200,1.73985239852
361102,361497,362018,395,521,2,7200,1.75815738964
361117,361505,362054,388,549,2,7200,1.70673952641
361132,361532,362093,400,561,2,7200,1.71301247772
361133,361557,362117,424,560,2,7200,1.75714285714
361227,361577,362140,350,563,2,7200,1.621669627
361325,361332,362039,7,707,1,3600,1.0099009901
361375,361602,362156,227,554,2,7200,1.40974729242
361390,361609,362176,219,567,2,7200,1.38624338624
361391,361614,362177,223,563,2,7200,1.39609236234
361409,361652,362199,243,547,2,7200,1.44424131627
361481,361659,362206,178,547,2,7200,1.32541133455
361496,361674,362211,178,537,2,7200,1.33147113594
361498,361681,362205,183,524,2,7200,1.34923664122
361521,361704,362260,183,556,2,7200,1.32913669065
361549,361697,362228,148,531,2,7200,1.27871939736
361567,361795,362334,228,539,2,7200,1.42300556586
361594,361938,362486,344,548,2,7200,1.62773722628
361609,361931,362469,322,538,2,7200,1.59851301115
361610,361976,362523,366,547,2,7200,1.66910420475
361643,361962,362515,319,553,2,7200,1.57685352622
361658,362041,362607,383,566,2,7200,1.67667844523
361673,362029,362568,356,539,2,7200,1.66048237477
361674,362065,362614,391,549,2,7200,1.71220400729
361689,362104,362652,415,548,2,7200,1.75729927007
361691,362129,362668,438,539,2,7200,1.81261595547
361784,362152,362705,368,553,2,7200,1.66546112116
361923,362168,362702,245,534,2,7200,1.45880149813
361938,362187,362724,249,537,2,7200,1.46368715084
361952,362193,362745,241,552,2,7200,1.4365942029
361967,362210,362763,243,553,2,7200,1.43942133816
362018,362218,362735,200,517,2,7200,1.38684719536
362033,362229,362776,196,547,2,7200,1.35831809872
362057,362223,362780,166,557,2,7200,1.29802513465
362100,362239,362789,139,550,2,7200,1.25272727273
362118,362272,362815,154,543,2,7200,1.28360957643
362141,362345,362909,204,564,2,7200,1.36170212766
362156,362480,363028,324,548,2,7200,1.59124087591
362180,362497,363033,317,536,2,7200,1.59141791045
362182,362526,363076,344,550,2,7200,1.62545454545
362200,362534,363058,334,524,2,7200,1.63740458015
362215,362579,363128,364,549,2,7200,1.66302367942
362216,362618,363188,402,570,2,7200,1.70526315789
362218,362626,363170,408,544,2,7200,1.75
362233,362663,363210,430,547,2,7200,1.78610603291
362263,362679,363237,416,558,2,7200,1.74551971326
362335,362721,363252,386,531,2,7200,1.72693032015
362407,362413,362423,6,10,1,1800,1.6
362472,362714,363258,242,544,2,7200,1.44485294118
362487,362735,363279,248,544,2,7200,1.45588235294
362517,362756,363286,239,530,2,7200,1.45094339623
362532,362775,363302,243,527,2,7200,1.46110056926
362570,362794,363341,224,547,2,7200,1.40950639854
362609,362747,363285,138,538,2,7200,1.25650557621
362624,362787,363355,163,568,2,7200,1.28697183099
362650,362657,362725,7,68,1,1800,1.10294117647
362654,362801,363356,147,555,2,7200,1.26486486486
362669,362826,363380,157,554,2,7200,1.28339350181
362706,362920,363472,214,552,2,7200,1.38768115942
362721,363039,363602,318,563,2,7200,1.5648312611
362738,363046,363594,308,548,2,7200,1.56204379562
362739,363087,363607,348,520,2,7200,1.66923076923
362754,363069,363613,315,544,2,7200,1.57904411765
362769,363140,363677,371,537,2,7200,1.69087523277
362784,363199,363743,415,544,2,7200,1.76286764706
362785,363181,363743,396,562,2,7200,1.70462633452
362800,363221,363747,421,526,2,7200,1.80038022814
362817,363248,363794,431,546,2,7200,1.78937728938
362911,363271,363815,360,544,2,7200,1.66176470588
363029,363264,363796,235,532,2,7200,1.44172932331
363044,363290,363813,246,523,2,7200,1.47036328872
363044,363054,363168,10,114,1,1800,1.08771929825
363059,363297,363850,238,553,2,7200,1.43037974684
363077,363302,363862,225,560,2,7200,1.40178571429
363131,363314,363850,183,536,2,7200,1.34141791045
363173,363367,363903,194,536,2,7200,1.36194029851
363194,363352,363924,158,572,2,7200,1.27622377622
363211,363372,363927,161,555,2,7200,1.29009009009
363238,363391,363916,153,525,2,7200,1.29142857143
363253,363484,364029,231,545,2,7200,1.42385321101
363268,363613,364155,345,542,2,7200,1.63653136531
363282,363606,364150,324,544,2,7200,1.59558823529
363286,363308,363488,22,180,1,3600,1.12222222222
363298,363627,364180,329,553,2,7200,1.59493670886
363299,363620,364141,321,521,2,7200,1.61612284069
363314,363688,364225,374,537,2,7200,1.69646182495
363344,363754,364293,410,539,2,7200,1.76066790353
363359,363760,364301,401,541,2,7200,1.74121996303
363360,363766,364299,406,533,2,7200,1.7617260788
363381,363805,364351,424,546,2,7200,1.77655677656
363471,363812,364357,341,545,2,7200,1.62568807339
363600,363831,364378,231,547,2,7200,1.42230347349
363615,363824,364384,209,560,2,7200,1.37321428571
363616,363861,364407,245,546,2,7200,1.44871794872
363618,363874,364391,256,517,2,7200,1.49516441006
363662,363668,363971,6,303,1,3600,1.0198019802
363678,363867,364423,189,556,2,7200,1.33992805755
363744,363938,364479,194,541,2,7200,1.35859519409
363745,363914,364468,169,554,2,7200,1.30505415162
363760,363943,364496,183,553,2,7200,1.33092224231
363793,363926,364469,133,543,2,7200,1.24493554328
363808,364040,364601,232,561,2,7200,1.41354723708
363823,364161,364703,338,542,2,7200,1.62361623616
363824,364168,364703,344,535,2,7200,1.64299065421
363852,364152,364712,300,560,2,7200,1.53571428571
363853,364191,364736,338,545,2,7200,1.62018348624
363868,364236,364798,368,562,2,7200,1.65480427046
363904,364318,364876,414,558,2,7200,1.74193548387
363918,364304,364850,386,546,2,7200,1.70695970696
363920,363932,364257,12,325,1,1800,1.03692307692
363933,364311,364863,378,552,2,7200,1.6847826087
363935,364363,364909,428,546,2,7200,1.78388278388
364032,364370,364922,338,552,2,7200,1.61231884058
364143,364396,364930,253,534,2,7200,1.47378277154
364159,364389,364922,230,533,2,7200,1.43151969981
364160,364419,364974,259,555,2,7200,1.46666666667
364181,364434,364988,253,554,2,7200,1.45667870036
364226,364403,364961,177,558,2,7200,1.31720430108
364299,364479,365016,180,537,2,7200,1.33519553073
364314,364486,365051,172,565,2,7200,1.30442477876
364315,364493,365051,178,558,2,7200,1.31899641577
364319,364326,365231,7,905,1,3600,1.00773480663
364354,364507,365058,153,551,2,7200,1.277676951
364369,364612,365158,243,546,2,7200,1.44505494505
364384,364727,365265,343,538,2,7200,1.6375464684
364385,364714,365267,329,553,2,7200,1.59493670886
364400,364720,365244,320,524,2,7200,1.6106870229
364415,364747,365266,332,519,2,7200,1.63969171484
364430,364809,365369,379,560,2,7200,1.67678571429
364469,364861,365408,392,547,2,7200,1.71663619744
364484,364874,365421,390,547,2,7200,1.71297989031
364485,364887,365445,402,558,2,7200,1.72043010753
364500,364921,365478,421,557,2,7200,1.75583482944
364603,364941,365484,338,543,2,7200,1.62246777164
364706,364947,365488,241,541,2,7200,1.44547134935
364707,364952,365471,245,519,2,7200,1.47206165703
364722,364972,365506,250,534,2,7200,1.46816479401
364737,364986,365526,249,540,2,7200,1.46111111111
364800,364999,365543,199,544,2,7200,1.36580882353
364851,365027,365563,176,536,2,7200,1.32835820896
364866,365062,365608,196,546,2,7200,1.35897435897
364881,365068,365636,187,568,2,7200,1.32922535211
364911,365074,365635,163,561,2,7200,1.29055258467
364926,365169,365726,243,557,2,7200,1.43626570916
364927,365282,365829,355,547,2,7200,1.64899451554
364942,365255,365793,313,538,2,7200,1.58178438662
364963,365275,365820,312,545,2,7200,1.57247706422
364978,365288,365813,310,525,2,7200,1.59047619048
364993,365380,365932,387,552,2,7200,1.70108695652
365017,365419,365978,402,559,2,7200,1.71914132379
365053,365433,365964,380,531,2,7200,1.71563088512
365054,365456,365996,402,540,2,7200,1.74444444444
365069,365489,366033,420,544,2,7200,1.77205882353
365160,365502,366038,342,536,2,7200,1.63805970149
365250,365495,366048,245,553,2,7200,1.44303797468
365268,365482,366045,214,563,2,7200,1.38010657194
365269,365517,366062,248,545,2,7200,1.45504587156
365271,365538,366083,267,545,2,7200,1.48990825688
365371,365554,366096,183,542,2,7200,1.33763837638
365410,365574,366123,164,549,2,7200,1.29872495446
365425,365653,366184,228,531,2,7200,1.42937853107
365446,365619,366192,173,573,2,7200,1.30191972077
365473,365646,366208,173,562,2,7200,1.30782918149
365488,365737,366281,249,544,2,7200,1.45772058824
365490,365804,366354,314,550,2,7200,1.57090909091
365491,365831,366359,340,528,2,7200,1.64393939394
365509,365824,366355,315,531,2,7200,1.59322033898
365527,365840,366363,313,523,2,7200,1.59847036329
365545,365943,366477,398,534,2,7200,1.74531835206
365566,365990,366512,424,522,2,7200,1.8122605364
365611,365976,366496,365,520,2,7200,1.70192307692
365638,366008,366575,370,567,2,7200,1.65255731922
365639,366062,366618,423,556,2,7200,1.76079136691
365729,366050,366579,321,529,2,7200,1.60680529301
365796,366068,366606,272,538,2,7200,1.50557620818
365814,366056,366620,242,564,2,7200,1.42907801418
365829,366074,366626,245,552,2,7200,1.44384057971
365844,366094,366648,250,554,2,7200,1.45126353791
365934,366108,366636,174,528,2,7200,1.32954545455
365967,366134,366666,167,532,2,7200,1.31390977444
365982,366203,366738,221,535,2,7200,1.41308411215
365997,366219,366763,222,544,2,7200,1.40808823529
366033,366195,366718,162,523,2,7200,1.30975143403
366037,366044,366157,7,113,1,1800,1.06194690265
366048,366292,366828,244,536,2,7200,1.4552238806
366049,366365,366887,316,522,2,7200,1.60536398467
366051,366372,366921,321,549,2,7200,1.58469945355
366066,366378,366928,312,550,2,7200,1.56727272727
366084,366384,366940,300,556,2,7200,1.53956834532
366099,366488,367043,389,555,2,7200,1.7009009009
366126,366507,367030,381,523,2,7200,1.72848948375
366186,366523,367093,337,570,2,7200,1.59122807018
366201,366586,367141,385,555,2,7200,1.69369369369
366216,366637,367169,421,532,2,7200,1.79135338346
366282,366593,367127,311,534,2,7200,1.58239700375
366355,366617,367166,262,549,2,7200,1.47723132969
366370,366630,367181,260,551,2,7200,1.47186932849
366371,366643,367171,272,528,2,7200,1.51515151515
366373,366659,367199,286,540,2,7200,1.52962962963
366450,366457,366571,7,114,1,1800,1.06140350877
366478,366649,367208,171,559,2,7200,1.30590339893
366496,366677,367220,181,543,2,7200,1.33333333333
366514,366729,367292,215,563,2,7200,1.38188277087
366577,366749,367304,172,555,2,7200,1.30990990991
366592,366774,367315,182,541,2,7200,1.33641404806
366607,366839,367396,232,557,2,7200,1.41651705566
366622,366898,367432,276,534,2,7200,1.51685393258
366623,366932,367461,309,529,2,7200,1.58412098299
366639,366939,367469,300,530,2,7200,1.56603773585
366640,366951,367499,311,548,2,7200,1.56751824818
366655,367054,367607,399,553,2,7200,1.72151898734
366670,367042,367583,372,541,2,7200,1.6876155268
366721,367104,367647,383,543,2,7200,1.70534069982
366739,367153,367686,414,533,2,7200,1.77673545966
366763,367138,367664,375,526,2,7200,1.71292775665
366829,367178,367719,349,541,2,7200,1.64510166359
366889,367197,367747,308,550,2,7200,1.56
366919,367185,367727,266,542,2,7200,1.49077490775
366934,367191,367738,257,547,2,7200,1.46983546618
366949,367219,367742,270,523,2,7200,1.51625239006
367033,367210,367767,177,557,2,7200,1.31777378815
367048,367231,367781,183,550,2,7200,1.33272727273
367093,367303,367841,210,538,2,7200,1.39033457249
367130,367315,367863,185,548,2,7200,1.33759124088
367144,367326,367850,182,524,2,7200,1.34732824427
367168,367407,367965,239,558,2,7200,1.42831541219
367184,367443,367997,259,554,2,7200,1.46750902527
367185,367472,368020,287,548,2,7200,1.52372262774
367186,367480,368023,294,543,2,7200,1.54143646409
367201,367510,368042,309,532,2,7200,1.58082706767
367217,367594,368133,377,539,2,7200,1.69944341373
367231,367618,368168,387,550,2,7200,1.70363636364
367295,367658,368217,363,559,2,7200,1.64937388193
367309,367675,368231,366,556,2,7200,1.65827338129
367324,367697,368243,373,546,2,7200,1.68315018315
367368,367375,367767,7,392,1,1800,1.01785714286
367397,367730,368263,333,533,2,7200,1.62476547842
367433,367738,368279,305,541,2,7200,1.56377079482
367463,367749,368281,286,532,2,7200,1.53759398496
367477,367763,368304,286,541,2,7200,1.52865064695
367501,367778,368333,277,555,2,7200,1.4990990991
367585,367756,368278,171,522,2,7200,1.3275862069
367609,367792,368326,183,534,2,7200,1.34269662921
367648,367852,368387,204,535,2,7200,1.38130841121
367666,367874,368430,208,556,2,7200,1.37410071942
367687,367862,368416,175,554,2,7200,1.31588447653
367720,367977,368523,257,546,2,7200,1.4706959707
367735,368008,368617,273,609,2,7200,1.44827586207
367750,368032,368617,282,585,2,7200,1.48205128205
367752,368039,368617,287,578,2,7200,1.49653979239
367753,368053,368617,300,564,2,7200,1.53191489362
367768,368145,368683,377,538,2,7200,1.70074349442
367786,368179,368726,393,547,2,7200,1.71846435101
367844,368229,368771,385,542,2,7200,1.71033210332
367858,368242,368617,384,375,2,7200,2.024
367873,368255,368789,382,534,2,7200,1.71535580524
367969,368274,368829,305,555,2,7200,1.54954954955
367999,368290,368831,291,541,2,7200,1.53789279113
368023,368302,368861,279,559,2,7200,1.49910554562
368024,368295,368842,271,547,2,7200,1.49542961609
368045,368315,368847,270,532,2,7200,1.50751879699
368135,368345,368919,210,574,2,7200,1.36585365854
368168,368337,368863,169,526,2,7200,1.32129277567
368216,368398,368960,182,562,2,7200,1.32384341637
368232,368427,368984,195,557,2,7200,1.35008976661
368246,368441,368964,195,523,2,7200,1.37284894837
368264,368534,369088,270,554,2,7200,1.48736462094
368279,368632,369157,353,525,2,7200,1.67238095238
368281,368637,369175,356,538,2,7200,1.66171003717
368295,368642,369197,347,555,2,7200,1.62522522523
368310,368648,369203,338,555,2,7200,1.60900900901
368328,368694,369254,366,560,2,7200,1.65357142857
368343,368737,369265,394,528,2,7200,1.74621212121
368388,368782,369330,394,548,2,7200,1.71897810219
368411,368418,368463,7,45,32,43200,1.15555555556
368418,368653,369196,235,543,2,7200,1.43278084715
368433,368800,369316,367,516,2,7200,1.71124031008
368523,368841,369400,318,559,2,7200,1.56887298748
368604,368847,369374,243,527,2,7200,1.46110056926
368619,368625,368659,6,34,32,43200,1.17647058824
368620,368853,369380,233,527,2,7200,1.44212523719
368621,368871,369403,250,532,2,7200,1.46992481203
368622,368860,369393,238,533,2,7200,1.44652908068
368624,368878,369427,254,549,2,7200,1.46265938069
368681,373611,410568,4930,36957,32,43200,1.13339827367
368684,368930,369478,246,548,2,7200,1.44890510949
368729,368971,369504,242,533,2,7200,1.45403377111
368774,368995,369541,221,546,2,7200,1.40476190476
368792,368978,369502,186,524,2,7200,1.35496183206
368831,369099,369635,268,536,2,7200,1.5
368833,369187,369720,354,533,2,7200,1.66416510319
368848,369208,369758,360,550,2,7200,1.65454545455
368849,369169,369702,320,533,2,7200,1.60037523452
368864,369220,369765,356,545,2,7200,1.65321100917
368865,369213,369780,348,567,2,7200,1.61375661376
368919,369265,369812,346,547,2,7200,1.63254113346
368962,369276,369812,314,536,2,7200,1.58582089552
368976,369341,369898,365,557,2,7200,1.6552962298
368991,369328,369846,337,518,2,7200,1.65057915058
369091,369411,369959,320,548,2,7200,1.58394160584
369157,369385,369933,228,548,2,7200,1.41605839416
369178,369392,369934,214,542,2,7200,1.39483394834
369199,369404,369939,205,535,2,7200,1.38317757009
369201,369418,369947,217,529,2,7200,1.41020793951
369216,369438,369970,222,532,2,7200,1.41729323308
369255,369489,370019,234,530,2,7200,1.44150943396
369269,369520,370053,251,533,2,7200,1.47091932458
369276,369284,369359,8,75,1,1800,1.10666666667
369318,369513,370059,195,546,2,7200,1.35714285714
369332,369553,370090,221,537,2,7200,1.41154562384
369375,369646,370193,271,547,2,7200,1.49542961609
369390,369714,370269,324,555,2,7200,1.58378378378
369409,369732,370276,323,544,2,7200,1.59375
369410,369769,370327,359,558,2,7200,1.64336917563
369412,369791,370334,379,543,2,7200,1.69797421731
369430,369776,370316,346,540,2,7200,1.64074074074
369481,369823,370349,342,526,2,7200,1.65019011407
369505,369828,370381,323,553,2,7200,1.58408679928
369507,369858,370395,351,537,2,7200,1.65363128492
369540,369909,370455,369,546,2,7200,1.67582417582
369636,369944,370491,308,547,2,7200,1.56307129799
369679,369685,369776,6,91,1,1800,1.06593406593
369705,369951,370481,246,530,2,7200,1.4641509434
369723,369956,370492,233,536,2,7200,1.43470149254
369760,369970,370516,210,546,2,7200,1.38461538462
369774,369963,370511,189,548,2,7200,1.34489051095
369790,369982,370522,192,540,2,7200,1.35555555556
369811,370030,370576,219,546,2,7200,1.4010989011
369826,370071,370593,245,522,2,7200,1.469348659
369847,370064,370597,217,533,2,7200,1.40712945591
369901,370101,370629,200,528,2,7200,1.37878787879
369934,370204,370756,270,552,2,7200,1.48913043478
369936,370281,370826,345,545,2,7200,1.63302752294
369951,370288,370837,337,549,2,7200,1.61384335155
369952,370338,370866,386,528,2,7200,1.73106060606
369967,370327,370871,360,544,2,7200,1.66176470588
369981,370345,370888,364,543,2,7200,1.67034990792
370020,370392,370947,372,555,2,7200,1.67027027027
370053,370360,370889,307,529,2,7200,1.58034026465
370068,370406,370954,338,548,2,7200,1.61678832117
370092,370467,370992,375,525,2,7200,1.71428571429
370195,370502,371044,307,542,2,7200,1.56642066421
370270,370508,371037,238,529,2,7200,1.44990548204
370285,370492,371058,207,566,2,7200,1.36572438163
370318,370524,371075,206,551,2,7200,1.37386569873
370333,370531,371083,198,552,2,7200,1.35869565217
370347,370538,371082,191,544,2,7200,1.35110294118
370362,370587,371140,225,553,2,7200,1.4068716094
370380,370612,371144,232,532,2,7200,1.43609022556
370398,370605,371150,207,545,2,7200,1.37981651376
370458,370640,371177,182,537,2,7200,1.33891992551
370482,370767,371326,285,559,2,7200,1.50983899821
370497,370837,371371,340,534,2,7200,1.63670411985
370499,370848,371401,349,553,2,7200,1.63110307414
370512,370518,370789,6,271,1,1800,1.0221402214
370513,370884,371451,371,567,2,7200,1.65432098765
370528,370877,371414,349,537,2,7200,1.64990689013
370530,370899,371435,369,536,2,7200,1.68843283582
370578,370906,371451,328,545,2,7200,1.60183486239
370596,370958,371502,362,544,2,7200,1.66544117647
370610,370965,371497,355,532,2,7200,1.66729323308
370631,371004,371526,373,522,2,7200,1.71455938697
370758,371069,371626,311,557,2,7200,1.55834829443
370830,371056,371609,226,553,2,7200,1.40867992767
370845,371049,371583,204,534,2,7200,1.38202247191
370869,371086,371629,217,543,2,7200,1.39963167587
370884,371099,371660,215,561,2,7200,1.38324420677
370899,371093,371608,194,515,2,7200,1.37669902913
370901,371151,371696,250,545,2,7200,1.45871559633
370949,371165,371718,216,553,2,7200,1.39059674503
370963,371158,371696,195,538,2,7200,1.3624535316
370994,371188,371722,194,534,2,7200,1.36329588015
371039,371337,371887,298,550,2,7200,1.54181818182
371054,371382,371932,328,550,2,7200,1.59636363636
371068,371412,371942,344,530,2,7200,1.64905660377
371084,371425,371983,341,558,2,7200,1.61111111111
371085,371462,372001,377,539,2,7200,1.69944341373
371086,371446,371977,360,531,2,7200,1.67796610169
371140,371467,372003,327,536,2,7200,1.61007462687
371155,371515,372053,360,538,2,7200,1.66914498141
371157,371508,372058,351,550,2,7200,1.63818181818
371178,371538,372073,360,535,2,7200,1.67289719626
371326,371594,372149,268,555,2,7200,1.48288288288
371374,371620,372174,246,554,2,7200,1.4440433213
371404,371637,372164,233,527,2,7200,1.44212523719
371418,371644,372163,226,519,2,7200,1.43545279383
371436,371625,372173,189,548,2,7200,1.34489051095
371454,371671,372194,217,523,2,7200,1.41491395793
371456,371708,372249,252,541,2,7200,1.46580406654
371498,371714,372246,216,532,2,7200,1.40601503759
371513,371730,372254,217,524,2,7200,1.4141221374
371527,371737,372257,210,520,2,7200,1.40384615385
371585,371898,372426,313,528,2,7200,1.5928030303
371612,371943,372478,331,535,2,7200,1.61869158879
371613,371953,372499,340,546,2,7200,1.62271062271
371628,371995,372521,367,526,2,7200,1.69771863118
371629,371988,372524,359,536,2,7200,1.6697761194
371663,372012,372544,349,532,2,7200,1.65601503759
371699,372019,372565,320,546,2,7200,1.58608058608
371700,372071,372628,371,557,2,7200,1.66606822262
371718,372064,372588,346,524,2,7200,1.66030534351
371733,372084,372604,351,520,2,7200,1.675
371890,372161,372694,271,533,2,7200,1.50844277674
371935,372186,372689,251,503,2,7200,1.49900596421
371950,372192,372722,242,530,2,7200,1.45660377358
371980,372175,372695,195,520,2,7200,1.375
371995,372180,372741,185,561,2,7200,1.32976827094
372010,372205,372752,195,547,2,7200,1.35648994516
372011,372257,372801,246,544,2,7200,1.45220588235
372053,372264,372796,211,532,2,7200,1.39661654135
372068,372270,372775,202,505,2,7200,1.4
372083,372276,372811,193,535,2,7200,1.36074766355
372152,372438,372991,286,553,2,7200,1.51717902351
372167,372489,373039,322,550,2,7200,1.58545454545
372169,372510,373050,341,540,2,7200,1.63148148148
372183,372539,373082,356,543,2,7200,1.65561694291
372185,372532,373073,347,541,2,7200,1.64140480591
372200,372555,373094,355,539,2,7200,1.6586270872
372248,372576,373126,328,550,2,7200,1.59636363636
372263,372599,373140,336,541,2,7200,1.62107208872
372265,372639,373170,374,531,2,7200,1.70433145009
372266,372616,373139,350,523,2,7200,1.66921606119
372429,372707,373236,278,529,2,7200,1.52551984877
372477,372752,373258,275,506,2,7200,1.54347826087
372501,372713,373256,212,543,2,7200,1.39042357274
372522,372700,373232,178,532,2,7200,1.33458646617
372537,372733,373278,196,545,2,7200,1.35963302752
372552,372763,373320,211,557,2,7200,1.37881508079
372567,372814,373376,247,562,2,7200,1.43950177936
372591,372807,373346,216,539,2,7200,1.40074211503
372606,372786,373306,180,520,2,7200,1.34615384615
372630,372823,373378,193,555,2,7200,1.34774774775
372690,373002,373521,312,519,2,7200,1.60115606936
372705,373051,373570,346,519,2,7200,1.66666666667
372706,373062,373586,356,524,2,7200,1.67938931298
372724,373084,373634,360,550,2,7200,1.65454545455
372742,373093,373634,351,541,2,7200,1.64879852126
372757,373106,373675,349,569,2,7200,1.61335676626
372778,373137,373678,359,541,2,7200,1.66358595194
372799,373151,373694,352,543,2,7200,1.64825046041
372814,373157,373704,343,547,2,7200,1.62705667276
372815,373181,373685,366,504,2,7200,1.72619047619
372993,373243,373745,250,502,2,7200,1.49800796813
373041,373250,373793,209,543,2,7200,1.38489871087
373056,373267,373825,211,558,2,7200,1.37813620072
373074,373289,373781,215,492,2,7200,1.43699186992
373089,373274,373808,185,534,2,7200,1.34644194757
373104,373331,373859,227,528,2,7200,1.42992424242
373128,373318,373839,190,521,2,7200,1.36468330134
373143,373357,373913,214,556,2,7200,1.38489208633
373144,373387,373914,243,527,2,7200,1.46110056926
373171,373394,373958,223,564,2,7200,1.39539007092
373235,373532,374038,297,506,2,7200,1.58695652174
373249,373581,374083,332,502,2,7200,1.66135458167
373265,373598,374121,333,523,2,7200,1.63671128107
373266,373645,374199,379,554,2,7200,1.68411552347
373281,373650,374206,369,556,2,7200,1.66366906475
373308,373686,374210,378,524,2,7200,1.7213740458
373323,373693,374218,370,525,2,7200,1.70476190476
373347,373707,374266,360,559,2,7200,1.64400715564
373377,373715,374260,338,545,2,7200,1.62018348624
373378,373700,374243,322,543,2,7200,1.59300184162
373524,373756,374309,232,553,2,7200,1.41952983725
373572,373804,374353,232,549,2,7200,1.42258652095
373590,373836,374375,246,539,2,7200,1.45640074212
373635,373819,374337,184,518,2,7200,1.35521235521
373636,373792,374342,156,550,2,7200,1.28363636364
373678,373850,374387,172,537,2,7200,1.32029795158
373693,373870,374387,177,517,2,7200,1.34235976789
373694,373925,374476,231,551,2,7200,1.41923774955
373710,373931,374442,221,511,2,7200,1.4324853229
373711,373969,374478,258,509,2,7200,1.5068762279
373747,374049,374589,302,540,2,7200,1.55925925926
373783,374094,374640,311,546,2,7200,1.5695970696
373798,374132,374664,334,532,2,7200,1.62781954887
373813,374210,374751,397,541,2,7200,1.73382624769
373828,374217,374756,389,539,2,7200,1.72170686456
373842,374223,374719,381,496,2,7200,1.76814516129
373860,374230,374768,370,538,2,7200,1.68773234201
373915,374254,374805,339,551,2,7200,1.61524500907
373916,374278,374828,362,550,2,7200,1.65818181818
373958,374271,374837,313,566,2,7200,1.55300353357
374040,374320,374836,280,516,2,7200,1.54263565891
374085,374355,374916,270,561,2,7200,1.48128342246
374121,374364,374879,243,515,2,7200,1.47184466019
374199,374348,374865,149,517,2,7200,1.28820116054
374214,374386,374909,172,523,2,7200,1.32887189293
374216,374398,374932,182,534,2,7200,1.34082397004
374230,374403,374949,173,546,2,7200,1.31684981685
374245,374453,374999,208,546,2,7200,1.38095238095
374263,374487,375031,224,544,2,7200,1.41176470588
374278,374494,375040,216,546,2,7200,1.3956043956
374311,374601,375126,290,525,2,7200,1.55238095238
374338,374652,375192,314,540,2,7200,1.58148148148
374353,374675,375209,322,534,2,7200,1.60299625468
374354,374762,375308,408,546,2,7200,1.74725274725
374378,374769,375282,391,513,2,7200,1.76218323587
374393,374730,375284,337,554,2,7200,1.6083032491
374395,374779,375325,384,546,2,7200,1.7032967033
374443,374816,375334,373,518,2,7200,1.72007722008
374476,374854,375361,378,507,2,7200,1.74556213018
374491,374840,375376,349,536,2,7200,1.65111940299
374591,374847,375365,256,518,2,7200,1.49420849421
374642,374877,375396,235,519,2,7200,1.4527938343
374666,374927,375489,261,562,2,7200,1.46441281139
374721,374890,375433,169,543,2,7200,1.31123388582
374751,374920,375424,169,504,2,7200,1.33531746032
374766,374960,375492,194,532,2,7200,1.36466165414
374781,374943,375479,162,536,2,7200,1.30223880597
374805,375010,375566,205,556,2,7200,1.36870503597
374829,375043,375568,214,525,2,7200,1.40761904762
374844,375051,375608,207,557,2,7200,1.37163375224
374845,375137,375652,292,515,2,7200,1.56699029126
374866,375203,375741,337,538,2,7200,1.62639405204
374881,375220,375764,339,544,2,7200,1.62316176471
375291,375297,375807,6,510,2,7200,1.01176470588
375292,375303,375826,11,523,2,7200,1.02103250478
375311,375319,375857,8,538,2,7200,1.01486988848
375326,375336,375891,10,555,2,7200,1.01801801802
375340,375346,375864,6,518,2,7200,1.01158301158
375364,375372,375912,8,540,2,7200,1.01481481481
375366,375379,375919,13,540,2,7200,1.02407407407
375381,375387,375893,6,506,2,7200,1.01185770751
375399,375407,375906,8,499,2,7200,1.01603206413
375426,375436,375970,10,534,2,7200,1.01872659176
375440,375447,375962,7,515,2,7200,1.01359223301
375483,375491,376026,8,535,2,7200,1.01495327103
375497,375503,376018,6,515,2,7200,1.01165048544
375499,375510,376045,11,535,2,7200,1.02056074766
375568,375577,376094,9,517,2,7200,1.01740812379
375570,375584,376096,14,512,2,7200,1.02734375
375609,375620,376136,11,516,2,7200,1.02131782946
375654,375663,376196,9,533,2,7200,1.01688555347
375745,375752,376299,7,547,2,7200,1.01279707495
375766,375775,376334,9,559,2,7200,1.01610017889
375808,375818,376346,10,528,2,7200,1.01893939394
375829,375838,376379,9,541,2,7200,1.01663585952
375859,375868,376400,9,532,2,7200,1.01691729323
375874,375880,376372,6,492,2,7200,1.01219512195
375892,375902,376408,10,506,2,7200,1.01976284585
375907,375913,376448,6,535,2,7200,1.01121495327
375908,375919,376461,11,542,2,7200,1.02029520295
375923,375929,376469,6,540,2,7200,1.01111111111
375925,375935,376466,10,531,2,7200,1.01883239171
375964,375973,376457,9,484,2,7200,1.01859504132
375979,375985,376520,6,535,2,7200,1.01121495327
376018,376029,376552,11,523,2,7200,1.02103250478
376033,376039,376581,6,542,2,7200,1.0110701107
376048,376056,376605,8,549,2,7200,1.014571949
376096,376105,376646,9,541,2,7200,1.01663585952
376098,376112,376665,14,553,2,7200,1.0253164557
376137,376148,376702,11,554,2,7200,1.01985559567
376197,376208,376744,11,536,2,7200,1.02052238806
376300,376310,376847,10,537,2,7200,1.01862197393
376336,376345,376892,9,547,2,7200,1.01645338208
376351,376357,376890,6,533,2,7200,1.01125703565
376375,376383,376906,8,523,2,7200,1.01529636711
376389,376396,376922,7,526,2,7200,1.01330798479
376404,376411,376944,7,533,2,7200,1.01313320826
376419,376425,376966,6,541,2,7200,1.01109057301
376449,376459,376996,10,537,2,7200,1.01862197393
376464,376470,377031,6,561,2,7200,1.01069518717
376466,376477,377012,11,535,2,7200,1.02056074766
376481,376487,377031,6,544,2,7200,1.01102941176
376482,376494,377051,12,557,2,7200,1.02154398564
376521,376531,377079,10,548,2,7200,1.01824817518
376554,376564,377090,10,526,2,7200,1.01901140684
376581,376593,377119,12,526,2,7200,1.02281368821
376606,376616,377130,10,514,2,7200,1.01945525292
376648,376657,377197,9,540,2,7200,1.01666666667
376666,376676,377236,10,560,2,7200,1.01785714286
376705,376715,377268,10,553,2,7200,1.01808318264
376747,376755,377291,8,536,2,7200,1.01492537313
376849,376858,377430,9,572,2,7200,1.01573426573
376892,376908,377430,16,522,2,7200,1.030651341
376893,376901,377434,8,533,2,7200,1.01500938086
376908,376917,377442,9,525,2,7200,1.01714285714
376926,376934,377461,8,527,2,7200,1.01518026565
376947,376955,377499,8,544,2,7200,1.01470588235
376968,376977,377535,9,558,2,7200,1.01612903226
376998,377007,377546,9,539,2,7200,1.01669758813
377013,377023,377568,10,545,2,7200,1.01834862385
377034,377041,377583,7,542,2,7200,1.01291512915
377035,377048,377608,13,560,2,7200,1.02321428571
377050,377062,377587,12,525,2,7200,1.02285714286
377080,377090,377621,10,531,2,7200,1.01883239171
377095,377101,377630,6,529,2,7200,1.01134215501
377123,377130,377667,7,537,2,7200,1.01303538175
377138,377144,377699,6,555,2,7200,1.01081081081
377198,377208,377726,10,518,2,7200,1.01930501931
377237,377247,377795,10,548,2,7200,1.01824817518
377270,377280,377813,10,533,2,7200,1.01876172608
377294,377302,377858,8,556,2,7200,1.01438848921
377392,377398,378311,6,913,1,900,1.00657174151
377433,377441,377979,8,538,2,7200,1.01486988848
377435,377447,377989,12,542,2,7200,1.0221402214
377450,377456,378013,6,557,2,7200,1.01077199282
377451,377462,378046,11,584,2,7200,1.01883561644
377466,377472,378002,6,530,2,7200,1.01132075472
377499,377510,378058,11,548,2,7200,1.0200729927
377535,377546,378055,11,509,2,7200,1.02161100196
377550,377557,378080,7,523,2,7200,1.01338432122
377568,377579,378129,11,550,2,7200,1.02
377586,377594,378116,8,522,2,7200,1.0153256705
377601,377607,378128,6,521,2,7200,1.01151631478
377616,377622,378140,6,518,2,7200,1.01158301158
377631,377637,378152,6,515,2,7200,1.01165048544
377633,377644,378184,11,540,2,7200,1.02037037037
377669,377678,378225,9,547,2,7200,1.01645338208
377702,377710,378265,8,555,2,7200,1.01441441441
377729,377737,378273,8,536,2,7200,1.01492537313
377798,377807,378332,9,525,2,7200,1.01714285714
377813,377824,378339,11,515,2,7200,1.0213592233
377861,377870,378414,9,544,2,7200,1.01654411765
377982,377991,378547,9,556,2,7200,1.01618705036
377997,378003,378538,6,535,2,7200,1.01121495327
378011,378018,378533,7,515,2,7200,1.01359223301
378026,378033,378597,7,564,2,7200,1.01241134752
378047,378057,378614,10,557,2,7200,1.01795332136
378062,378068,378597,6,529,2,7200,1.01134215501
378064,378074,378627,10,553,2,7200,1.01808318264
378082,378091,378608,9,517,2,7200,1.01740812379
378118,378127,378644,9,517,2,7200,1.01740812379
378133,378139,378682,6,543,2,7200,1.01104972376
378134,378145,378676,11,531,2,7200,1.02071563089
378149,378155,378712,6,557,2,7200,1.01077199282
378164,378170,378735,6,565,2,7200,1.01061946903
378185,378195,378744,10,549,2,7200,1.01821493625
378227,378236,378790,9,554,2,7200,1.01624548736
378266,378276,378818,10,542,2,7200,1.0184501845
378281,378287,378847,6,560,2,7200,1.01071428571
378317,378323,379339,6,1016,1,900,1.00590551181
378335,378343,378886,8,543,2,7200,1.01473296501
378350,378356,378883,6,527,2,7200,1.01138519924
378416,378425,378950,9,525,2,7200,1.01714285714
378534,378544,379093,10,549,2,7200,1.01821493625
378549,378555,379107,6,552,2,7200,1.01086956522
378550,378561,379074,11,513,2,7200,1.02144249513
378599,378608,379160,9,552,2,7200,1.01630434783
378600,378614,379142,14,528,2,7200,1.02651515152
378615,378621,379132,6,511,2,7200,1.01174168297
378616,378627,379138,11,511,2,7200,1.02152641879
378631,378639,379187,8,548,2,7200,1.01459854015
378646,378655,379202,9,547,2,7200,1.01645338208
378676,378687,379241,11,554,2,7200,1.01985559567
378691,378697,379256,6,559,2,7200,1.01073345259
378715,378723,379233,8,510,2,7200,1.01568627451
378736,378746,379252,10,506,2,7200,1.01976284585
378751,378757,379302,6,545,2,7200,1.01100917431
378793,378801,379314,8,513,2,7200,1.01559454191
378820,378829,379363,9,534,2,7200,1.01685393258
378850,378858,379391,8,533,2,7200,1.01500938086
378886,378894,379433,8,539,2,7200,1.01484230056
378888,378901,379416,13,515,2,7200,1.02524271845
378951,378961,379465,10,504,2,7200,1.01984126984
379075,379085,379618,10,533,2,7200,1.01876172608
379096,379104,379636,8,532,2,7200,1.01503759398
379111,379118,379647,7,529,2,7200,1.01323251418
379135,379143,379681,8,538,2,7200,1.01486988848
379150,379156,379669,6,513,2,7200,1.01169590643
379151,379162,379699,11,537,2,7200,1.02048417132
379166,379172,379667,6,495,2,7200,1.01212121212
379190,379198,379732,8,534,2,7200,1.01498127341
379205,379213,379768,8,555,2,7200,1.01441441441
379235,379244,379790,9,546,2,7200,1.01648351648
379249,379256,379799,7,543,2,7200,1.01289134438
379265,379271,379809,6,538,2,7200,1.01115241636
379266,379277,379771,11,494,2,7200,1.02226720648
379305,379314,379862,9,548,2,7200,1.01642335766
379320,379326,379876,6,550,2,7200,1.01090909091
379365,379374,379934,9,560,2,7200,1.01607142857
379392,379402,379934,10,532,2,7200,1.01879699248
379419,379428,379983,9,555,2,7200,1.01621621622
379434,379444,380004,10,560,2,7200,1.01785714286
379467,379476,380004,9,528,2,7200,1.01704545455
379618,379629,380122,11,493,2,7200,1.02231237323
379636,379647,380195,11,548,2,7200,1.0200729927
379651,379659,380212,8,553,2,7200,1.01446654611
379669,379678,380181,9,503,2,7200,1.01789264414
379684,379690,380211,6,521,2,7200,1.01151631478
379686,379696,380247,10,551,2,7200,1.01814882033
379700,379710,380216,10,506,2,7200,1.01976284585
379733,379744,380276,11,532,2,7200,1.02067669173
379770,379779,380326,9,547,2,7200,1.01645338208
379784,379791,380312,7,521,2,7200,1.01343570058
379800,379806,380294,6,488,2,7200,1.01229508197
379801,379812,380353,11,541,2,7200,1.02033271719
379816,379822,380327,6,505,2,7200,1.01188118812
379864,379874,380355,10,481,2,7200,1.02079002079
379879,379888,380414,9,526,2,7200,1.01711026616
379934,379945,380455,11,510,2,7200,1.02156862745
379949,379955,380466,6,511,2,7200,1.01174168297
379985,379995,380499,10,504,2,7200,1.01984126984
380006,380017,380553,11,536,2,7200,1.02052238806
380007,380022,380540,15,518,2,7200,1.02895752896
380058,380065,380068,7,3,32,25200,1.0
380122,380133,380678,11,545,2,7200,1.02018348624
380182,380192,380734,10,542,2,7200,1.0184501845
380197,380207,380755,10,548,2,7200,1.01824817518
380212,380229,380772,17,543,2,7200,1.03130755064
380214,380222,380754,8,532,2,7200,1.01503759398
380229,380236,380793,7,557,2,7200,1.01256732496
380250,380258,380772,8,514,2,7200,1.01556420233
380277,380287,380833,10,546,2,7200,1.01831501832
380298,380305,380853,7,548,2,7200,1.01277372263
380313,380323,380871,10,548,2,7200,1.01824817518
380328,380337,380866,9,529,2,7200,1.01701323251
380329,380344,380891,15,547,2,7200,1.02742230347
380356,380364,380895,8,531,2,7200,1.01506591337
380358,380370,380909,12,539,2,7200,1.02226345083
380368,380378,380383,10,5,4,36000,1.5
380415,380421,387658,6,7237,1,7200,1.00082907282
380415,380428,380991,13,563,2,7200,1.02309058615
380457,380466,381012,9,546,2,7200,1.01648351648
380468,380475,387704,7,7229,1,7200,1.00096832204
380472,380481,380976,9,495,2,7200,1.01818181818
380502,380510,381031,8,521,2,7200,1.01535508637
380542,380551,381106,9,555,2,7200,1.01621621622
380556,380564,381069,8,505,2,7200,1.01584158416
380578,380584,380587,6,3,4,36000,1.0
380681,380689,381191,8,502,2,7200,1.01593625498
380735,380745,381287,10,542,2,7200,1.0184501845
380756,380766,381289,10,523,2,7200,1.01912045889
380758,380771,381301,13,530,2,7200,1.02452830189
380773,380783,381330,10,547,2,7200,1.01828153565
380774,380788,381304,14,516,2,7200,1.02713178295
380795,380804,381325,9,521,2,7200,1.01727447217
380834,380844,381347,10,503,2,7200,1.01988071571
380837,410576,435814,29739,25238,32,25200,2.17834218242
380855,380864,381390,9,526,2,7200,1.01711026616
380870,380877,381395,7,518,2,7200,1.01351351351
380872,380884,381393,12,509,2,7200,1.02357563851
380893,380902,381441,9,539,2,7200,1.01669758813
380908,380914,381464,6,550,2,7200,1.01090909091
380923,380929,381431,6,502,2,7200,1.01195219124
380977,380987,381527,10,540,2,7200,1.01851851852
380992,381002,381536,10,534,2,7200,1.01872659176
381013,381023,381559,10,536,2,7200,1.01865671642
381033,381042,381568,9,526,2,7200,1.01711026616
381069,381080,381620,11,540,2,7200,1.02037037037
381109,381117,381627,8,510,2,7200,1.01568627451
381193,381202,381741,9,539,2,7200,1.01669758813
381290,381298,381831,8,533,2,7200,1.01500938086
381291,381305,381833,14,528,2,7200,1.02651515152
381306,381312,381848,6,536,2,7200,1.01119402985
381308,381319,381880,11,561,2,7200,1.01960784314
381329,381337,381860,8,523,2,7200,1.01529636711
381343,381350,381922,7,572,2,7200,1.01223776224
381358,381364,381931,6,567,2,7200,1.01058201058
381391,381401,381946,10,545,2,7200,1.01834862385
381406,381412,381946,6,534,2,7200,1.01123595506
381407,381418,381963,11,545,2,7200,1.02018348624
381431,381442,381962,11,520,2,7200,1.02115384615
381446,381452,381976,6,524,2,7200,1.01145038168
381467,381476,382006,9,530,2,7200,1.01698113208
381530,381538,382056,8,518,2,7200,1.01544401544
381545,381551,382096,6,545,2,7200,1.01100917431
381560,381570,382118,10,548,2,7200,1.01824817518
381575,381581,382121,6,540,2,7200,1.01111111111
381620,381631,382149,11,518,2,7200,1.02123552124
381635,381641,382159,6,518,2,7200,1.01158301158
381744,381752,382258,8,506,2,7200,1.01581027668
381834,381842,382355,8,513,2,7200,1.01559454191
381836,381849,382382,13,533,2,7200,1.0243902439
381851,381859,382364,8,505,2,7200,1.01584158416
381866,381871,382423,5,552,2,7200,1.00905797101
381880,381891,382443,11,552,2,7200,1.01992753623
381922,381933,382466,11,533,2,7200,1.02063789869
381937,381943,382483,6,540,2,7200,1.01111111111
381952,381958,382497,6,539,2,7200,1.01113172542
381954,381964,382496,10,532,2,7200,1.01879699248
381969,381974,382529,5,555,2,7200,1.00900900901
381970,381980,382499,10,519,2,7200,1.01926782274
381985,381991,382537,6,546,2,7200,1.01098901099
382009,382017,382577,8,560,2,7200,1.01428571429
382057,382067,382603,10,536,2,7200,1.01865671642
382099,382107,382610,8,503,2,7200,1.01590457256
382120,382130,382668,10,538,2,7200,1.01858736059
382135,382141,382630,6,489,2,7200,1.01226993865
382150,382160,382659,10,499,2,7200,1.02004008016
382165,382171,382711,6,540,2,7200,1.01111111111
382261,382270,382827,9,557,2,7200,1.01615798923
382358,382366,382894,8,528,2,7200,1.01515151515
382373,382379,382915,6,536,2,7200,1.01119402985
382388,382393,382920,5,527,2,7200,1.00948766603
382424,382434,382971,10,537,2,7200,1.01862197393
382445,382454,382978,9,524,2,7200,1.01717557252
382468,382477,383004,9,527,2,7200,1.01707779886
382486,382495,383053,9,558,2,7200,1.01612903226
382502,382507,383051,5,544,2,7200,1.00919117647
382503,382514,383026,11,512,2,7200,1.021484375
382505,382520,383049,15,529,2,7200,1.02835538752
382532,382540,383076,8,536,2,7200,1.01492537313
382546,382553,383085,7,532,2,7200,1.01315789474
382579,382589,383133,10,544,2,7200,1.01838235294
382603,382614,383170,11,556,2,7200,1.01978417266
382618,382624,383147,6,523,2,7200,1.01147227533
382633,382641,383196,8,555,2,7200,1.01441441441
382660,382670,383216,10,546,2,7200,1.01831501832
382675,382681,383216,6,535,2,7200,1.01121495327
382714,382722,383229,8,507,2,7200,1.0157790927
382829,382838,383383,9,545,2,7200,1.01651376147
382895,382905,383446,10,541,2,7200,1.01848428835
382916,382926,383476,10,550,2,7200,1.01818181818
382931,382937,383467,6,530,2,7200,1.01132075472
382973,382982,383486,9,504,2,7200,1.01785714286
382988,382994,383545,6,551,2,7200,1.0108892922
383005,383015,383531,10,516,2,7200,1.01937984496
383026,383037,383600,11,563,2,7200,1.01953818828
383050,383060,383574,10,514,2,7200,1.01945525292
383065,383071,383611,6,540,2,7200,1.01111111111
383067,383077,383620,10,543,2,7200,1.01841620626
383082,383087,383608,5,521,2,7200,1.00959692898
383097,383104,383639,7,535,2,7200,1.01308411215
383137,383145,383703,8,558,2,7200,1.01433691756
383151,383158,383710,7,552,2,7200,1.01268115942
383172,383182,383724,10,542,2,7200,1.0184501845
383199,383208,383767,9,559,2,7200,1.01610017889
383217,383227,383784,10,557,2,7200,1.01795332136
383219,383233,383773,14,540,2,7200,1.02592592593
383234,383240,383784,6,544,2,7200,1.01102941176
383385,383394,383935,9,541,2,7200,1.01663585952
383448,383457,383994,9,537,2,7200,1.01675977654
383469,383478,383975,9,497,2,7200,1.01810865191
383484,383491,383995,7,504,2,7200,1.01388888889
383499,383505,384008,6,503,2,7200,1.01192842942
383532,383543,384090,11,547,2,7200,1.02010968921
383547,383556,384116,9,560,2,7200,1.01607142857
383577,383586,384110,9,524,2,7200,1.01717557252
383601,383611,384133,10,522,2,7200,1.01915708812
383616,383622,384110,6,488,2,7200,1.01229508197
383618,383629,384187,11,558,2,7200,1.01971326165
383633,383639,384162,6,523,2,7200,1.01147227533
383648,383654,384205,6,551,2,7200,1.0108892922
383705,383714,384268,9,554,2,7200,1.01624548736
383720,383726,384286,6,560,2,7200,1.01071428571
383735,383741,384296,6,555,2,7200,1.01081081081
383768,383778,384335,10,557,2,7200,1.01795332136
383783,383789,384340,6,551,2,7200,1.0108892922
383798,383804,384372,6,568,2,7200,1.01056338028
383800,383811,384346,11,535,2,7200,1.02056074766
383935,383946,384490,11,544,2,7200,1.02022058824
383977,383987,384525,10,538,2,7200,1.01858736059
383999,384005,384548,6,543,2,7200,1.01104972376
384000,384011,384579,11,568,2,7200,1.01936619718
384019,384025,384520,6,495,2,7200,1.01212121212
384095,384101,384645,6,544,2,7200,1.01102941176
384117,384124,384680,7,556,2,7200,1.01258992806
384121,384131,384650,10,519,2,7200,1.01926782274
384140,384146,384690,6,544,2,7200,1.01102941176
384143,384153,384697,10,544,2,7200,1.01838235294
384164,384173,384707,9,534,2,7200,1.01685393258
384188,384199,384744,11,545,2,7200,1.02018348624
384206,384216,384747,10,531,2,7200,1.01883239171
384267,384274,385062,7,788,20,86399,1.00888324873
384270,384280,384805,10,525,2,7200,1.01904761905
384287,384297,384804,10,507,2,7200,1.01972386588
384302,384308,384824,6,516,2,7200,1.01162790698
384335,384346,384873,11,527,2,7200,1.02087286528
384351,384357,384885,6,528,2,7200,1.01136363636
384352,384363,384907,11,544,2,7200,1.02022058824
384371,384383,384924,12,541,2,7200,1.02218114603
384406,384412,384414,6,2,8,36000,1.0
384474,384501,385036,27,535,2,7200,1.05046728972
384475,384538,385081,63,543,2,7200,1.11602209945
384477,384565,385103,88,538,2,7200,1.16356877323
384478,384604,385144,126,540,2,7200,1.23333333333
384479,384531,385055,52,524,2,7200,1.09923664122
384494,384669,385190,175,521,2,7200,1.3358925144
384521,384675,385188,154,513,2,7200,1.30019493177
384552,384559,385103,7,544,2,7200,1.01286764706
384553,384571,385069,18,498,2,7200,1.03614457831
384554,384576,385102,22,526,2,7200,1.04182509506
384556,384581,385136,25,555,2,7200,1.04504504505
384557,384587,385143,30,556,2,7200,1.05395683453
384558,384592,385126,34,534,2,7200,1.06367041199
384560,384597,385107,37,510,2,7200,1.07254901961
384561,384610,385132,49,522,2,7200,1.0938697318
384562,384615,385152,53,537,2,7200,1.09869646182
384564,384621,385153,57,532,2,7200,1.10714285714
384565,384626,385171,61,545,2,7200,1.1119266055
384566,384631,385162,65,531,2,7200,1.12241054614
384568,384637,385181,69,544,2,7200,1.12683823529
384569,384642,385195,73,553,2,7200,1.13200723327
384570,384647,385166,77,519,2,7200,1.14836223507
384572,384653,385220,81,567,2,7200,1.14285714286
384573,384658,385166,85,508,2,7200,1.16732283465
384588,384663,385196,75,533,2,7200,1.14071294559
384646,384680,385217,34,537,2,7200,1.06331471136
384660,384686,385218,26,532,2,7200,1.04887218045
384681,384693,385222,12,529,2,7200,1.02268431002
384696,384703,385249,7,546,2,7200,1.01282051282
384711,384718,385235,7,517,2,7200,1.01353965184
384713,384725,385292,12,567,2,7200,1.02116402116
384746,384753,385298,7,545,2,7200,1.0128440367
384761,384768,385293,7,525,2,7200,1.01333333333
384806,384812,385377,6,565,2,7200,1.01061946903
384808,384819,385362,11,543,2,7200,1.02025782689
384826,384832,385369,6,537,2,7200,1.01117318436
384874,384880,385428,6,548,2,7200,1.01094890511
384889,384895,385453,6,558,2,7200,1.01075268817
384907,384914,385424,7,510,2,7200,1.0137254902
384924,384932,385495,8,563,2,7200,1.01420959147
385036,385042,385579,6,537,2,7200,1.01117318436
385057,385063,385593,6,530,2,7200,1.01132075472
385072,385078,385633,6,555,2,7200,1.01081081081
385087,385094,385633,7,539,2,7200,1.01298701299
385105,385112,385608,7,496,2,7200,1.01411290323
385107,385119,385676,12,557,2,7200,1.02154398564
385108,385124,385643,16,519,2,7200,1.03082851638
385123,385131,385650,8,519,2,7200,1.01541425819
385138,385144,385701,6,557,2,7200,1.01077199282
385140,385151,385672,11,521,2,7200,1.02111324376
385141,385156,385682,15,526,2,7200,1.02851711027
385157,385163,385689,6,526,2,7200,1.01140684411
385158,385170,385716,12,546,2,7200,1.02197802198
385159,385175,385690,16,515,2,7200,1.03106796117
385161,385180,385733,19,553,2,7200,1.03435804702
385176,385187,385727,11,540,2,7200,1.02037037037
385178,385192,385733,14,541,2,7200,1.0258780037
385179,385197,385749,18,552,2,7200,1.03260869565
385180,385203,385758,23,555,2,7200,1.04144144144
385196,385210,385755,14,545,2,7200,1.02568807339
385198,385215,385768,17,553,2,7200,1.03074141049
385199,385221,385721,22,500,2,7200,1.044
385200,385226,385763,26,537,2,7200,1.04841713222
385202,385232,385752,30,520,2,7200,1.05769230769
385211,385239,388126,28,2887,20,86399,1.00969864912
385220,385244,385782,24,538,2,7200,1.04460966543
385222,385250,385755,28,505,2,7200,1.05544554455
385223,385255,385813,32,558,2,7200,1.05734767025
385238,385262,385788,24,526,2,7200,1.04562737643
385240,385267,385790,27,523,2,7200,1.05162523901
385255,385272,385829,17,557,2,7200,1.03052064632
385291,385297,385825,6,528,2,7200,1.01136363636
385306,385313,385860,7,547,2,7200,1.01279707495
385308,385325,385859,17,534,2,7200,1.03183520599
385312,385319,389790,7,4471,20,86399,1.00156564527
385365,385372,385895,7,523,2,7200,1.01338432122
385380,385387,385936,7,549,2,7200,1.01275045537
385382,385393,385916,11,523,2,7200,1.02103250478
385427,385433,385945,6,512,2,7200,1.01171875
385442,385448,385995,6,547,2,7200,1.01096892139
385457,385463,385969,6,506,2,7200,1.01185770751
385493,385499,386053,6,554,2,7200,1.01083032491
385581,385588,386135,7,547,2,7200,1.01279707495
385596,385602,386140,6,538,2,7200,1.01115241636
385610,385617,386152,7,535,2,7200,1.01308411215
385635,385641,386168,6,527,2,7200,1.01138519924
385636,385647,386150,11,503,2,7200,1.02186878728
385651,385658,386157,7,499,2,7200,1.01402805611
385653,385665,386209,12,544,2,7200,1.02205882353
385674,385681,386185,7,504,2,7200,1.01388888889
385690,385697,386224,7,527,2,7200,1.01328273245
385691,385703,386245,12,542,2,7200,1.0221402214
385693,385709,386218,16,509,2,7200,1.03143418468
385708,385715,386254,7,539,2,7200,1.01298701299
385709,385720,386250,11,530,2,7200,1.02075471698
385724,385731,386271,7,540,2,7200,1.01296296296
385725,385737,386244,12,507,2,7200,1.02366863905
385743,385749,386265,6,516,2,7200,1.01162790698
385744,385756,386289,12,533,2,7200,1.02251407129
385746,385761,386255,15,494,2,7200,1.03036437247
385762,385769,386326,7,557,2,7200,1.01256732496
385763,385775,386307,12,532,2,7200,1.02255639098
385765,385782,386325,17,543,2,7200,1.03130755064
385766,385787,386334,21,547,2,7200,1.03839122486
385767,385792,386305,25,513,2,7200,1.04873294347
385782,385799,386334,17,535,2,7200,1.03177570093
385784,385804,386352,20,548,2,7200,1.03649635036
385785,385809,386305,24,496,2,7200,1.04838709677
385800,385816,386333,16,517,2,7200,1.03094777563
385802,385821,386356,19,535,2,7200,1.03551401869
385813,385833,386386,20,553,1,14400,1.03616636528
385813,385838,386544,25,706,1,14400,1.03541076487
385813,385843,387435,30,1592,1,14400,1.01884422111
385814,385855,386430,41,575,1,14400,1.07130434783
385814,385860,387064,46,1204,1,14400,1.03820598007
385814,385866,386318,52,452,1,14400,1.11504424779
385814,385849,386815,35,966,1,14400,1.03623188406
385814,385871,386367,57,496,1,14400,1.11491935484
385815,385889,386813,74,924,1,14400,1.08008658009
385815,385901,386451,86,550,1,14400,1.15636363636
385815,385877,386922,62,1045,1,14400,1.05933014354
385815,385883,386965,68,1082,1,14400,1.06284658041
385815,385906,386165,91,259,1,14400,1.35135135135
385815,385894,386571,79,677,1,14400,1.11669128508
385816,385912,386170,96,258,1,14400,1.37209302326
385816,385924,386235,108,311,1,14400,1.34726688103
385816,385918,386389,102,471,1,14400,1.21656050955
385816,385930,387026,114,1096,1,14400,1.10401459854
385817,385947,386023,130,76,1,14400,2.71052631579
385817,385827,386355,10,528,2,7200,1.01893939394
385817,385936,386335,119,399,1,14400,1.29824561404
385817,385942,386332,125,390,1,14400,1.32051282051
385817,385964,386118,147,154,1,14400,1.95454545455
385817,385958,386092,141,134,1,14400,2.05223880597
385817,385953,386005,136,52,1,14400,3.61538461538
385818,385975,386780,157,805,1,14400,1.1950310559
385818,385969,386140,151,171,1,14400,1.88304093567
385818,385980,387341,162,1361,1,14400,1.11903012491
385818,387086,387087,1268,1,1,14400,126.9
385818,387081,387517,1263,436,1,14400,3.89678899083
385819,387110,387568,1291,458,1,14400,3.81877729258
385819,387145,387318,1326,173,1,14400,8.66473988439
385819,387126,387414,1307,288,1,14400,5.53819444444
385819,387121,387500,1302,379,1,14400,4.43535620053
385819,387116,387281,1297,165,1,14400,8.86060606061
385820,387173,387347,1353,174,1,14400,8.77586206897
385820,387179,387759,1359,580,1,14400,3.34310344828
385820,387184,387929,1364,745,1,14400,2.83087248322
385820,387219,388149,1399,930,1,14400,2.50430107527
385820,387168,387381,1348,213,1,14400,7.32863849765
385820,387189,387770,1369,581,1,14400,3.35628227194
385821,386055,386615,234,560,1,14400,1.41785714286
385821,386049,386934,228,885,1,14400,1.25762711864
385822,386131,387824,309,1693,1,14400,1.18251624335
385822,386105,386297,283,192,1,14400,2.47395833333
385823,386173,386174,350,1,1,14400,35.1
385823,386163,386282,340,119,1,14400,3.85714285714
385823,386152,387050,329,898,1,14400,1.36636971047
385823,386168,386738,345,570,1,14400,1.60526315789
385823,386157,387016,334,859,1,14400,1.3888242142
385824,386202,386484,378,282,1,14400,2.34042553191
385824,386207,386464,383,257,1,14400,2.49027237354
385824,386226,387027,402,801,1,14400,1.50187265918
385824,386267,386693,443,426,1,14400,2.03990610329
385825,386311,387254,486,943,1,14400,1.51537645811
385825,386295,386380,470,85,1,14400,6.52941176471
385825,386300,386431,475,131,1,14400,4.62595419847
385825,386306,386485,481,179,1,14400,3.68715083799
385825,386345,386785,520,440,1,14400,2.18181818182
385825,386340,387879,515,1539,1,14400,1.33463287849
385826,386429,387416,603,987,1,14400,1.61094224924
385826,386395,387292,569,897,1,14400,1.63433667781
385826,386401,387076,575,675,1,14400,1.85185185185
385826,386350,386351,524,1,1,14400,52.5
385826,386406,386911,580,505,1,14400,2.14851485149
385827,386450,386451,623,1,1,14400,62.4
385827,386445,388003,618,1558,1,14400,1.39666238768
385827,386434,386674,607,240,1,14400,3.52916666667
385827,386440,388041,613,1601,1,14400,1.38288569644
385827,386458,387094,631,636,1,14400,1.99213836478
385828,386463,386632,635,169,1,14400,4.7573964497
385828,386484,386808,656,324,1,14400,3.02469135802
385828,386471,386787,643,316,1,14400,3.03481012658
385829,386498,386746,669,248,1,14400,3.69758064516
385829,386527,387024,698,497,1,14400,2.40442655936
385829,386503,387696,674,1193,1,14400,1.56496227997
385830,386532,387518,702,986,1,14400,1.71196754564
385830,386574,386760,744,186,1,14400,5.0
385830,386568,386846,738,278,1,14400,3.65467625899
385830,386579,388150,749,1571,1,14400,1.47676639083
385831,386613,387418,782,805,1,14400,1.97142857143
385831,386637,387005,806,368,1,14400,3.1902173913
385832,386644,387064,812,420,1,14400,2.93333333333
385832,385994,386518,162,524,2,7200,1.30916030534
385832,386685,388114,853,1429,1,14400,1.59692092372
385833,386716,386852,883,136,1,14400,7.49264705882
385833,385999,386545,166,546,2,7200,1.30402930403
385834,386749,387009,915,260,1,14400,4.51923076923
385834,386744,386815,910,71,1,14400,13.8169014085
385834,386756,387281,922,525,1,14400,2.75619047619
385835,386775,387490,940,715,1,14400,2.31468531469
385835,386761,386762,926,1,1,14400,92.7
385835,386794,386894,959,100,1,14400,10.59
385836,386817,387153,981,336,1,14400,3.91964285714
385836,386811,387081,975,270,1,14400,4.61111111111
385836,386828,387953,992,1125,1,14400,1.88177777778
385836,386822,387671,986,849,1,14400,2.16136631331
385837,386838,386916,1001,78,1,14400,13.8333333333
385837,386889,386968,1052,79,1,14400,14.3164556962
385837,386884,387063,1047,179,1,14400,6.84916201117
385837,386833,386882,996,49,1,14400,21.3265306122
385838,386934,387780,1096,846,1,14400,2.29550827423
385838,386939,387016,1101,77,1,14400,15.2987012987
385838,386894,386970,1056,76,1,14400,14.8947368421
385839,386945,387024,1106,79,1,14400,15.0
385839,386979,388278,1140,1299,1,14400,1.87759815242
385839,386990,387110,1151,120,1,14400,10.5916666667
385839,386984,387126,1145,142,1,14400,9.06338028169
385840,387000,387001,1160,1,1,14400,116.1
385840,387025,388496,1185,1471,1,14400,1.80557443916
385840,387036,387474,1196,438,1,14400,3.73059360731
385840,387030,388006,1190,976,1,14400,2.21926229508
385840,386995,387159,1155,164,1,14400,8.04268292683
385841,387049,387989,1208,940,1,14400,2.28510638298
385841,387059,387400,1218,341,1,14400,4.57184750733
385841,387054,387946,1213,892,1,14400,2.35986547085
385841,387043,387764,1202,721,1,14400,2.66712898752
385842,387076,387685,1234,609,1,14400,3.026272578
385842,387065,387507,1223,442,1,14400,3.76696832579
385842,387070,387374,1228,304,1,14400,5.03947368421
385842,387224,387225,1382,1,1,14400,138.3
385843,387278,387353,1435,75,1,14400,20.1333333333
385843,387289,388728,1446,1439,1,14400,2.00486448923
385843,387283,387466,1440,183,1,14400,8.86885245902
385844,387301,387378,1457,77,1,14400,19.9220779221
385844,387319,387675,1475,356,1,14400,5.14325842697
385845,387402,388219,1557,817,1,14400,2.90575275398
385845,387333,387417,1488,84,1,14400,18.7142857143
385845,387396,387769,1551,373,1,14400,5.1581769437
385846,387407,387408,1561,1,1,14400,156.2
385846,387383,387974,1537,591,1,14400,3.60067681895
385846,387365,387536,1519,171,1,14400,9.88304093567
385846,387353,387904,1507,551,1,14400,3.73502722323
385847,387437,388016,1590,579,1,14400,3.74611398964
385847,387449,387846,1602,397,1,14400,5.03526448363
385847,387425,388733,1578,1308,1,14400,2.20642201835
385847,387443,388005,1596,562,1,14400,3.83985765125
385848,387460,388045,1612,585,1,14400,3.75555555556
385848,387470,388053,1622,583,1,14400,3.78216123499
385848,387454,388566,1606,1112,1,14400,2.44424460432
385848,387465,387911,1617,446,1,14400,4.62556053812
385849,387556,387690,1707,134,1,14400,13.7388059701
385849,387551,387737,1702,186,1,14400,10.1505376344
385849,387516,387807,1667,291,1,14400,6.72852233677
385850,387606,388060,1756,454,1,14400,4.86784140969
385850,387561,387701,1711,140,1,14400,13.2214285714
385850,387572,387573,1722,1,1,14400,172.3
385850,387567,387727,1717,160,1,14400,11.73125
385851,387647,387648,1796,1,1,14400,179.7
385851,387611,387870,1760,259,1,14400,7.79536679537
385852,387715,388233,1863,518,1,14400,4.59652509653
385852,387679,388482,1827,803,1,14400,3.27521793275
385852,387697,389257,1845,1560,1,14400,2.18269230769
385853,387726,388101,1873,375,1,14400,5.99466666667
385853,387738,387984,1885,246,1,14400,8.66260162602
385853,387721,388045,1868,324,1,14400,6.76543209877
385853,387744,388811,1891,1067,1,14400,2.77225866917
385854,387803,387987,1949,184,1,14400,11.5923913043
385854,387809,388035,1955,226,1,14400,9.65044247788
385854,387772,388032,1918,260,1,14400,8.37692307692
385855,387814,388361,1959,547,1,14400,4.58135283364
385855,387832,388702,1977,870,1,14400,3.2724137931
385856,387975,388094,2119,119,1,14400,18.8067226891
385856,387969,388263,2113,294,1,14400,8.18707482993
385856,387964,388299,2108,335,1,14400,7.29253731343
385856,387980,387981,2124,1,1,14400,212.5
385857,388012,388979,2155,967,1,14400,3.22854188211
385857,388022,389045,2165,1023,1,14400,3.11632453568
385857,388017,388288,2160,271,1,14400,8.9704797048
385857,387999,389591,2142,1592,1,14400,2.34547738693
385857,387850,388071,1993,221,1,14400,10.0180995475
385858,387863,388103,2005,240,1,14400,9.35416666667
385858,387893,388666,2035,773,1,14400,3.63260025873
385858,387868,387869,2010,1,1,14400,201.1
385859,387921,387922,2062,1,1,14400,206.3
385859,387905,389272,2046,1367,1,14400,2.49670811997
385859,387916,389032,2057,1116,1,14400,2.84318996416
385859,387911,389686,2052,1775,1,14400,2.15605633803
385860,387945,388279,2085,334,1,14400,7.24251497006
385860,387940,388389,2080,449,1,14400,5.63251670379
385860,387958,388449,2098,491,1,14400,5.27291242363
385861,388051,388455,2190,404,1,14400,6.42079207921
385861,388046,388579,2185,533,1,14400,5.09943714822
385861,388040,388738,2179,698,1,14400,4.1217765043
385861,386004,386511,143,507,2,7200,1.28205128205
385862,388057,388698,2195,641,1,14400,4.42433697348
385862,388092,388164,2230,72,1,14400,31.9722222222
385862,388098,391239,2236,3141,1,14400,1.71187519898
385862,386009,386516,147,507,2,7200,1.2899408284
385862,388081,388179,2219,98,1,14400,23.6428571429
385862,388086,388188,2224,102,1,14400,22.8039215686
385863,388103,389203,2240,1100,1,14400,3.03636363636
385863,388160,389193,2297,1033,1,14400,3.22362052275
385863,388165,388436,2302,271,1,14400,9.49446494465
385864,388171,388663,2307,492,1,14400,5.68902439024
385864,388194,388435,2330,241,1,14400,10.6680497925
385864,388201,388298,2337,97,1,14400,25.0927835052
385864,388176,388258,2312,82,1,14400,29.1951219512
385865,388228,388690,2363,462,1,14400,6.11471861472
385865,388223,389318,2358,1095,1,14400,3.15342465753
385865,388211,388958,2346,747,1,14400,4.140562249
385865,388206,388674,2341,468,1,14400,6.00213675214
385865,388217,388770,2352,553,1,14400,5.25316455696
385866,388245,388971,2379,726,1,14400,4.27685950413
385866,388234,388512,2368,278,1,14400,9.51798561151
385866,388239,388704,2373,465,1,14400,6.10322580645
385867,388267,388706,2400,439,1,14400,6.46697038724
385867,388256,389099,2389,843,1,14400,3.83392645314
385867,388272,388375,2405,103,1,14400,24.3495145631
385867,388250,388548,2383,298,1,14400,8.9966442953
385867,388261,388867,2394,606,1,14400,4.9504950495
385868,388278,388426,2410,148,1,14400,17.2837837838
385868,388284,388605,2416,321,1,14400,8.52647975078
385868,388290,388587,2422,297,1,14400,9.15488215488
385868,388295,388641,2427,346,1,14400,8.01445086705
385869,388301,388602,2432,301,1,14400,9.07973421927
385869,388311,388497,2442,186,1,14400,14.1290322581
385869,388306,388382,2437,76,1,14400,33.0657894737
385869,388390,389129,2521,739,1,14400,4.41136671177
385870,388411,388488,2541,77,1,14400,34.0
385870,388401,388480,2531,79,1,14400,33.0379746835
385870,388395,388469,2525,74,1,14400,35.1216216216
385870,388406,388582,2536,176,1,14400,15.4090909091
385871,388422,389123,2551,701,1,14400,4.63908701854
385871,388474,388542,2603,68,1,14400,39.2794117647
385871,388468,388537,2597,69,1,14400,38.6376811594
385871,388479,388573,2608,94,1,14400,28.7446808511
385871,388417,389567,2546,1150,1,14400,3.21391304348
385872,388519,388573,2647,54,1,14400,50.0185185185
385872,388514,388582,2642,68,1,14400,39.8529411765
385873,388554,388630,2681,76,1,14400,36.2763157895
385873,388548,388626,2675,78,1,14400,35.2948717949
385873,388530,388580,2657,50,1,14400,54.14
385873,388536,388737,2663,201,1,14400,14.2487562189
385873,388525,388575,2652,50,1,14400,54.04
385874,388570,388758,2696,188,1,14400,15.3404255319
385874,388565,388644,2691,79,1,14400,35.0632911392
385874,388559,388637,2685,78,1,14400,35.4230769231
385874,388575,388576,2701,1,1,14400,270.2
385875,388639,388831,2764,192,1,14400,15.3958333333
385875,388628,388824,2753,196,1,14400,15.0459183673
385875,388610,388687,2735,77,1,14400,36.5194805195
385875,388634,388714,2759,80,1,14400,35.4875
385875,388605,388682,2730,77,1,14400,36.4545454545
385876,388651,388731,2775,80,1,14400,35.6875
385876,388644,388825,2768,181,1,14400,16.2928176796
385876,388656,389383,2780,727,1,14400,4.82393397524
385876,388662,390662,2786,2000,1,14400,2.393
385877,388678,389480,2801,802,1,14400,4.49251870324
385877,388667,389647,2790,980,1,14400,3.84693877551
385877,388673,389033,2796,360,1,14400,8.76666666667
385878,388751,388994,2873,243,1,14400,12.8230452675
385878,388689,389266,2811,577,1,14400,5.87175043328
385878,388683,388732,2805,49,1,14400,58.2448979592
385878,388746,389059,2868,313,1,14400,10.1629392971
385879,388757,388921,2878,164,1,14400,18.5487804878
385879,388797,389516,2918,719,1,14400,5.05841446453
385879,388762,389824,2883,1062,1,14400,3.71468926554
385879,388767,389479,2888,712,1,14400,5.05617977528
385880,388814,389297,2934,483,1,14400,7.07453416149
385880,388826,389032,2946,206,1,14400,15.3009708738
385880,388821,389814,2941,993,1,14400,3.96173212487
385880,388803,389150,2923,347,1,14400,9.42363112392
385880,388808,389028,2928,220,1,14400,14.3090909091
385881,388832,389066,2951,234,1,14400,13.6111111111
385881,388843,388920,2962,77,1,14400,39.4675324675
385881,388848,389056,2967,208,1,14400,15.2644230769
385881,388837,389641,2956,804,1,14400,4.67661691542
385882,388870,389042,2988,172,1,14400,18.3720930233
385882,388875,389682,2993,807,1,14400,4.70879801735
385882,388859,389528,2977,669,1,14400,5.44992526158
385882,388853,389714,2971,861,1,14400,4.4506387921
385882,388864,389113,2982,249,1,14400,12.9759036145
385883,388880,389144,2997,264,1,14400,12.3522727273
385883,388904,389040,3021,136,1,14400,23.2132352941
385884,388910,389218,3026,308,1,14400,10.8246753247
385884,388932,389517,3048,585,1,14400,6.21025641026
385884,388915,389122,3031,207,1,14400,15.6425120773
385884,388926,389215,3042,289,1,14400,11.5259515571
385884,388921,389172,3037,251,1,14400,13.0996015936
385885,389285,390901,3400,1616,1,14400,3.10396039604
385885,389280,389381,3395,101,1,14400,34.6138613861
385885,388942,389047,3057,105,1,14400,30.1142857143
385885,388937,389341,3052,404,1,14400,8.55445544554
385886,389296,389402,3410,106,1,14400,33.1698113208
385886,389291,390308,3405,1017,1,14400,4.34808259587
385886,389307,390065,3421,758,1,14400,5.51319261214
385886,389301,389833,3415,532,1,14400,7.41917293233
385887,389398,389476,3511,78,1,14400,46.0128205128
385887,388948,389362,3061,414,1,14400,8.39371980676
385887,389380,389529,3493,149,1,14400,24.4429530201
385887,389374,389738,3487,364,1,14400,10.5796703297
385888,389014,389331,3126,317,1,14400,10.8611987382
385888,389020,389630,3132,610,1,14400,6.13442622951
385888,388953,390161,3065,1208,1,14400,3.53725165563
385888,389025,389237,3137,212,1,14400,15.7971698113
385889,389047,389505,3158,458,1,14400,7.89519650655
385889,389041,389272,3152,231,1,14400,14.645021645
385889,389031,389443,3142,412,1,14400,8.62621359223
385889,389036,389817,3147,781,1,14400,5.02944942382
385890,389068,389963,3178,895,1,14400,4.55083798883
385890,389063,391489,3173,2426,1,14400,2.30791426216
385890,389058,390034,3168,976,1,14400,4.24590163934
385890,389052,394584,3162,5532,1,14400,1.5715835141
385891,389074,389218,3183,144,1,14400,23.1041666667
385891,389090,389189,3199,99,1,14400,33.3131313131
385891,389085,389177,3194,92,1,14400,35.7173913043
385891,389079,389613,3188,534,1,14400,6.97003745318
385891,389096,390514,3205,1418,1,14400,3.26022566996
385892,389180,390036,3288,856,1,14400,4.84112149533
385892,389191,389591,3299,400,1,14400,9.2475
385892,389185,389578,3293,393,1,14400,9.37913486005
385893,389201,390277,3308,1076,1,14400,4.07434944238
385893,389196,389248,3303,52,1,14400,64.5192307692
385893,389207,397852,3314,8645,1,14400,1.38334297282
385893,389212,389588,3319,376,1,14400,9.82712765957
385893,389218,389613,3325,395,1,14400,9.41772151899
385894,389258,390106,3364,848,1,14400,4.96698113208
385894,389264,389735,3370,471,1,14400,8.15498938429
385894,389229,390310,3335,1081,1,14400,4.08510638298
385894,389224,389323,3330,99,1,14400,34.6363636364
385895,389269,389443,3374,174,1,14400,20.3908045977
385895,389312,389498,3417,186,1,14400,19.3709677419
385895,389275,389715,3380,440,1,14400,8.68181818182
385896,389414,389656,3518,242,1,14400,15.5371900826
385896,389419,389710,3523,291,1,14400,13.1065292096
385896,389409,389488,3513,79,1,14400,45.4683544304
385896,389403,389492,3507,89,1,14400,40.404494382
385897,390212,391244,4315,1032,1,14400,5.18120155039
385897,390217,391240,4320,1023,1,14400,5.22287390029
385897,390206,390430,4309,224,1,14400,20.2366071429
385898,390223,390548,4325,325,1,14400,14.3076923077
385898,390234,390422,4336,188,1,14400,24.0638297872
385898,390228,390483,4330,255,1,14400,17.9803921569
385898,390239,390539,4341,300,1,14400,15.47
385899,389456,389670,3557,214,1,14400,17.6214953271
385899,389438,389813,3539,375,1,14400,10.4373333333
385899,389448,389606,3549,158,1,14400,23.4620253165
385899,389443,389519,3544,76,1,14400,47.6315789474
385899,386015,386543,116,528,2,7200,1.2196969697
385899,390244,390791,4345,547,1,14400,8.94332723949
385900,389489,390930,3589,1441,1,14400,3.4906315059
385900,389461,389992,3561,531,1,14400,7.70621468927
385901,389506,389507,3605,1,1,14400,360.6
385901,389501,390507,3600,1006,1,14400,4.57852882704
385901,389496,389598,3595,102,1,14400,36.2450980392
385902,389525,391622,3623,2097,1,14400,2.72770624702
385902,389519,389867,3617,348,1,14400,11.3936781609
385902,389536,391136,3634,1600,1,14400,3.27125
385902,389530,390038,3628,508,1,14400,8.14173228346
385903,389541,389863,3638,322,1,14400,12.298136646
385903,389586,389807,3683,221,1,14400,17.665158371
385903,389575,389927,3672,352,1,14400,11.4318181818
385903,389570,391190,3667,1620,1,14400,3.26358024691
385903,389581,390885,3678,1304,1,14400,3.82055214724
385904,389597,390666,3693,1069,1,14400,4.45463049579
385904,389603,391044,3699,1441,1,14400,3.56696738376
385904,389608,390043,3704,435,1,14400,9.51494252874
385904,389592,390839,3688,1247,1,14400,3.95749799519
385905,389659,389892,3754,233,1,14400,17.1115879828
385905,389648,389786,3743,138,1,14400,28.1231884058
385905,389653,390381,3748,728,1,14400,6.14835164835
385905,389613,389614,3708,1,1,14400,370.9
385906,389664,390384,3758,720,1,14400,6.21944444444
385906,389683,390013,3777,330,1,14400,12.4454545455
385906,389688,389979,3782,291,1,14400,13.9965635739
385906,389678,389770,3772,92,1,14400,42.0
385907,389694,389976,3787,282,1,14400,14.4290780142
385907,389699,389972,3792,273,1,14400,14.8901098901
385907,389705,389978,3798,273,1,14400,14.9120879121
385908,389710,390069,3802,359,1,14400,11.5905292479
385908,389715,389884,3807,169,1,14400,23.5266272189
385908,389726,389862,3818,136,1,14400,29.0735294118
385908,389721,389800,3813,79,1,14400,49.2658227848
385909,389806,389860,3897,54,1,14400,73.1666666667
385909,390301,390861,4392,560,1,14400,8.84285714286
385909,389812,390185,3903,373,1,14400,11.4638069705
385909,389817,391669,3908,1852,1,14400,3.1101511879
385910,389863,390093,3953,230,1,14400,18.1869565217
385910,389852,390668,3942,816,1,14400,5.83088235294
385910,389846,390745,3936,899,1,14400,5.37819799778
385910,389857,390213,3947,356,1,14400,12.0870786517
385911,389884,390165,3973,281,1,14400,15.1387900356
385911,389879,390197,3968,318,1,14400,13.4779874214
385911,389890,390175,3979,285,1,14400,14.9614035088
385911,389868,390198,3957,330,1,14400,12.9909090909
385911,389874,390212,3963,338,1,14400,12.724852071
385912,389895,390138,3983,243,1,14400,17.3909465021
385912,389901,390016,3989,115,1,14400,35.6869565217
385912,389906,390275,3994,369,1,14400,11.8238482385
385912,389912,390133,4000,221,1,14400,19.0995475113
385913,389923,390005,4010,82,1,14400,49.9024390244
385913,389918,390120,4005,202,1,14400,20.8267326733
385914,389946,390030,4032,84,1,14400,49.0
385914,389940,390023,4026,83,1,14400,49.5060240964
385914,389935,390015,4021,80,1,14400,51.2625
385914,389929,390009,4015,80,1,14400,51.1875
385915,389962,390051,4047,89,1,14400,46.4719101124
385915,389968,390026,4053,58,1,14400,70.8793103448
385915,389973,390026,4058,53,1,14400,77.5660377358
385915,389957,390012,4042,55,1,14400,74.4909090909
385915,389951,390007,4036,56,1,14400,73.0714285714
385916,389979,390028,4063,49,1,14400,83.9183673469
385916,389984,390080,4068,96,1,14400,43.375
385916,389989,389990,4073,1,1,14400,407.4
385916,390063,390145,4147,82,1,14400,51.5731707317
385917,390079,390221,4162,142,1,14400,30.3098591549
385917,386020,386561,103,541,2,7200,1.19038817006
385917,390085,390225,4168,140,1,14400,30.7714285714
385917,390074,390886,4157,812,1,14400,6.11945812808
385917,390068,390591,4151,523,1,14400,8.93690248566
385918,390131,391065,4213,934,1,14400,5.51070663812
385918,390090,392153,4172,2063,1,14400,3.02229762482
385918,390101,390474,4183,373,1,14400,12.2144772118
385918,390095,390381,4177,286,1,14400,15.6048951049
385919,390147,390892,4228,745,1,14400,6.67516778523
385919,390141,390772,4222,631,1,14400,7.69096671949
385919,390136,390260,4217,124,1,14400,35.0080645161
385919,390152,394782,4233,4630,1,14400,1.91425485961
385920,390179,392674,4259,2495,1,14400,2.70701402806
385920,390174,390992,4254,818,1,14400,6.20048899756
385920,390163,390724,4243,561,1,14400,8.5632798574
385920,390169,390942,4249,773,1,14400,6.49676584735
385920,390158,392723,4238,2565,1,14400,2.6522417154
385921,390190,390443,4269,253,1,14400,17.8735177866
385921,390185,390383,4264,198,1,14400,22.5353535354
385921,390201,391329,4280,1128,1,14400,4.79432624113
385921,390196,390529,4275,333,1,14400,13.8378378378
385922,390329,391563,4407,1234,1,14400,4.57131280389
385922,390323,390657,4401,334,1,14400,14.1766467066
385922,390318,390439,4396,121,1,14400,37.3305785124
385922,390306,391042,4384,736,1,14400,6.95652173913
385922,390313,390578,4391,265,1,14400,17.5698113208
385923,391427,391900,5504,473,1,14400,12.6363636364
385923,391391,391947,5468,556,1,14400,10.8345323741
385923,391396,391518,5473,122,1,14400,45.8606557377
385923,391386,392066,5463,680,1,14400,9.03382352941
385924,390345,390867,4421,522,1,14400,9.469348659
385924,390334,390648,4410,314,1,14400,15.0445859873
385924,390340,390655,4416,315,1,14400,15.019047619
385924,390351,390666,4427,315,1,14400,15.053968254
385925,390368,390467,4443,99,1,14400,45.8787878788
385925,390357,390613,4432,256,1,14400,18.3125
385925,390362,391282,4437,920,1,14400,5.82282608696
385925,390373,390778,4448,405,1,14400,11.9827160494
385926,390473,390541,4547,68,1,14400,67.8676470588
385926,390468,390539,4542,71,1,14400,64.9718309859
385926,390479,390666,4553,187,1,14400,25.3475935829
385926,390457,391413,4531,956,1,14400,5.73953974895
385926,390463,391209,4537,746,1,14400,7.081769437
385927,390508,390635,4581,127,1,14400,37.0708661417
385927,390484,390624,4557,140,1,14400,33.55
385927,390513,390924,4586,411,1,14400,12.1581508516
385928,390540,391990,4612,1450,1,14400,4.18068965517
385928,390519,391381,4591,862,1,14400,6.32598607889
385928,390535,390835,4607,300,1,14400,16.3566666667
385928,390529,390876,4601,347,1,14400,14.2593659942
385928,390524,390592,4596,68,1,14400,68.5882352941
385929,390922,391149,4993,227,1,14400,22.9955947137
385929,390928,391615,4999,687,1,14400,8.27656477438
385929,390933,391166,5004,233,1,14400,22.4763948498
385929,390917,391139,4988,222,1,14400,23.4684684685
385930,390944,391828,5014,884,1,14400,6.67194570136
385930,390984,392303,5054,1319,1,14400,4.83169067475
385930,390938,391368,5008,430,1,14400,12.6465116279
385930,390989,391379,5059,390,1,14400,13.9717948718
385931,391000,391145,5069,145,1,14400,35.9586206897
385931,391005,391316,5074,311,1,14400,17.3151125402
385931,391348,397845,5417,6497,1,14400,1.83376943205
385931,390995,391615,5064,620,1,14400,9.16774193548
385932,390586,390833,4654,247,1,14400,19.8421052632
385932,390551,390841,4619,290,1,14400,16.9275862069
385932,391353,391433,5421,80,1,14400,68.7625
385932,391432,391642,5500,210,1,14400,27.1904761905
385932,390546,391227,4614,681,1,14400,7.77533039648
385933,390607,390686,4674,79,1,14400,60.164556962
385933,390602,390706,4669,104,1,14400,45.8942307692
385933,390597,390893,4664,296,1,14400,16.7567567568
385933,390591,391463,4658,872,1,14400,6.34174311927
385934,390613,390844,4679,231,1,14400,21.2554112554
385934,390675,390793,4741,118,1,14400,41.1779661017
385934,390681,390941,4747,260,1,14400,19.2576923077
385934,390670,391118,4736,448,1,14400,11.5714285714
385934,390618,390619,4684,1,1,14400,468.5
385935,390686,390757,4751,71,1,14400,67.9154929577
385935,390721,390800,4786,79,1,14400,61.582278481
385935,390727,390827,4792,100,1,14400,48.92
385935,390692,390835,4757,143,1,14400,34.2657342657
385936,390738,390843,4802,105,1,14400,46.7333333333
385936,390748,391159,4812,411,1,14400,12.7080291971
385936,390743,392020,4807,1277,1,14400,4.76429130775
385936,390732,390810,4796,78,1,14400,62.4871794872
385937,390770,390869,4833,99,1,14400,49.8181818182
385937,390765,390838,4828,73,1,14400,67.1369863014
385937,390759,390969,4822,210,1,14400,23.9619047619
385937,390754,391778,4817,1024,1,14400,5.7041015625
385938,390793,391824,4855,1031,1,14400,5.70902036857
385938,386025,386545,87,520,2,7200,1.16730769231
385938,390776,390917,4838,141,1,14400,35.3120567376
385938,390781,390782,4843,1,1,14400,484.4
385938,390799,391459,4861,660,1,14400,8.36515151515
385939,390817,390933,4878,116,1,14400,43.0517241379
385939,390827,391094,4888,267,1,14400,19.3071161049
385939,390804,392004,4865,1200,1,14400,5.05416666667
385939,390822,390876,4883,54,1,14400,91.4259259259
385940,390849,391084,4909,235,1,14400,21.8893617021
385940,390844,390912,4904,68,1,14400,73.1176470588
385940,390838,391414,4898,576,1,14400,9.50347222222
385940,390833,391363,4893,530,1,14400,10.2320754717
385941,390911,391143,4970,232,1,14400,22.4224137931
385941,390865,390866,4924,1,1,14400,492.5
385941,390906,391010,4965,104,1,14400,48.7403846154
385941,390860,391032,4919,172,1,14400,29.5988372093
385941,390855,390951,4914,96,1,14400,52.1875
385942,391022,391558,5080,536,1,14400,10.4776119403
385942,391011,391148,5069,137,1,14400,38.0
385942,391016,391476,5074,460,1,14400,12.0304347826
385943,391038,392029,5095,991,1,14400,6.14127144299
385943,391043,391162,5100,119,1,14400,43.8571428571
385943,391032,391409,5089,377,1,14400,14.4986737401
385943,391027,391419,5084,392,1,14400,13.9693877551
385944,391070,391071,5126,1,1,14400,512.7
385944,391059,391180,5115,121,1,14400,43.2727272727
385944,391049,391189,5105,140,1,14400,37.4642857143
385944,391065,391142,5121,77,1,14400,67.5064935065
385944,391054,391117,5110,63,1,14400,82.1111111111
385945,391143,391393,5198,250,1,14400,21.792
385945,391132,391255,5187,123,1,14400,43.1707317073
385945,391148,391215,5203,67,1,14400,78.6567164179
385945,391137,391562,5192,425,1,14400,13.2164705882
385946,391154,391239,5208,85,1,14400,62.2705882353
385946,391164,391657,5218,493,1,14400,11.584178499
385946,391170,391357,5224,187,1,14400,28.935828877
385946,391159,391362,5213,203,1,14400,26.6798029557
385947,391232,391330,5285,98,1,14400,54.9285714286
385947,391210,391298,5263,88,1,14400,60.8068181818
385947,391216,391297,5269,81,1,14400,66.049382716
385947,391226,391295,5279,69,1,14400,77.5072463768
385947,391221,391290,5274,69,1,14400,77.4347826087
385948,391243,391396,5295,153,1,14400,35.6078431373
385948,391237,391363,5289,126,1,14400,42.9761904762
385949,391259,391346,5310,87,1,14400,62.0344827586
385949,391264,391341,5315,77,1,14400,70.025974026
385949,391254,391321,5305,67,1,14400,80.1791044776
385949,391248,391370,5299,122,1,14400,44.4344262295
385950,391342,391422,5392,80,1,14400,68.4
385950,391270,391383,5320,113,1,14400,48.0796460177
385950,391359,392021,5409,662,1,14400,9.17069486405
385951,391380,391532,5429,152,1,14400,36.7171052632
385951,391369,391564,5418,195,1,14400,28.7846153846
385951,391364,391503,5413,139,1,14400,39.9424460432
385951,391375,391428,5424,53,1,14400,103.339622642
385953,386031,386541,78,510,2,7200,1.15294117647
385971,386036,386581,65,545,2,7200,1.11926605505
385998,386044,386566,46,522,2,7200,1.08812260536
386055,386067,386614,12,547,2,7200,1.02193784278
386135,386145,386679,10,534,2,7200,1.01872659176
386150,386181,386707,31,526,2,7200,1.05893536122
386165,386186,386707,21,521,2,7200,1.04030710173
386166,386192,386686,26,494,2,7200,1.05263157895
386168,386197,386705,29,508,2,7200,1.05708661417
386183,386215,386694,32,479,2,7200,1.06680584551
386198,386220,386759,22,539,2,7200,1.04081632653
386212,386238,386792,26,554,2,7200,1.04693140794
386229,386243,386767,14,524,2,7200,1.02671755725
386230,386248,386790,18,542,2,7200,1.0332103321
386246,386256,386794,10,538,2,7200,1.01858736059
386247,386261,386799,14,538,2,7200,1.02602230483
386262,386279,386812,17,533,2,7200,1.03189493433
386263,386284,386823,21,539,2,7200,1.03896103896
386265,386290,386805,25,515,2,7200,1.04854368932
386280,386318,386834,38,516,2,7200,1.07364341085
386281,386324,386882,43,558,2,7200,1.0770609319
386296,386329,386807,33,478,2,7200,1.0690376569
386312,386334,386872,22,538,2,7200,1.04089219331
386313,386358,386910,45,552,2,7200,1.08152173913
386314,386364,386865,50,501,2,7200,1.0998003992
386330,386369,386889,39,520,2,7200,1.075
386331,386374,386908,43,534,2,7200,1.08052434457
386346,386380,386901,34,521,2,7200,1.06525911708
386348,386385,386910,37,525,2,7200,1.07047619048
386349,386390,386937,41,547,2,7200,1.07495429616
386364,386413,386936,49,523,2,7200,1.09369024857
386366,386418,386950,52,532,2,7200,1.0977443609
386367,386424,386981,57,557,2,7200,1.10233393178
386513,386520,387045,7,525,2,7200,1.01333333333
386527,386545,387057,18,512,2,7200,1.03515625
386529,386550,387123,21,573,2,7200,1.03664921466
386544,386558,387126,14,568,2,7200,1.02464788732
386545,386563,387068,18,505,2,7200,1.03564356436
386561,386592,387138,31,546,2,7200,1.05677655678
386562,386597,387135,35,538,2,7200,1.06505576208
386577,386603,387153,26,550,2,7200,1.04727272727
386578,386608,387153,30,545,2,7200,1.05504587156
386593,386620,387151,27,531,2,7200,1.05084745763
386614,386632,387165,18,533,2,7200,1.03377110694
386681,386698,387199,17,501,2,7200,1.03393213573
386696,386705,387217,9,512,2,7200,1.017578125
386697,386710,387237,13,527,2,7200,1.02466793169
386712,386728,387239,16,511,2,7200,1.0313111546
386714,386733,387293,19,560,2,7200,1.03392857143
386715,386738,387254,23,516,2,7200,1.04457364341
386761,386768,387274,7,506,2,7200,1.01383399209
386775,386787,387346,12,559,2,7200,1.02146690519
386790,386806,387328,16,522,2,7200,1.030651341
386806,386846,387390,40,544,2,7200,1.07352941176
386808,386852,387366,44,514,2,7200,1.08560311284
386809,386857,387419,48,562,2,7200,1.08540925267
386810,386862,387413,52,551,2,7200,1.0943738657
386826,386868,387377,42,509,2,7200,1.08251473477
386827,386873,387406,46,533,2,7200,1.08630393996
386828,386878,387393,50,515,2,7200,1.09708737864
386843,386907,387436,64,529,2,7200,1.12098298677
386865,386913,387472,48,559,2,7200,1.08586762075
386879,386918,387436,39,518,2,7200,1.07528957529
386895,386923,387430,28,507,2,7200,1.05522682446
386896,386929,387470,33,541,2,7200,1.06099815157
386911,386952,387504,41,552,2,7200,1.07427536232
386913,386958,387483,45,525,2,7200,1.08571428571
386914,386963,387474,49,511,2,7200,1.09589041096
386916,386968,387473,52,505,2,7200,1.10297029703
386937,386974,387514,37,540,2,7200,1.06851851852
386952,387008,387520,56,512,2,7200,1.109375
386953,387014,387543,61,529,2,7200,1.11531190926
386984,387019,387543,35,524,2,7200,1.06679389313
387044,387094,387642,50,548,2,7200,1.09124087591
387059,387100,387587,41,487,2,7200,1.0841889117
387074,387105,387663,31,558,2,7200,1.05555555556
387126,387134,387639,8,505,2,7200,1.01584158416
387127,387139,387665,12,526,2,7200,1.02281368821
387143,387157,387679,14,522,2,7200,1.02681992337
387144,387162,387659,18,497,2,7200,1.03621730382
387160,387197,387718,37,521,2,7200,1.07101727447
387161,387203,387744,42,541,2,7200,1.07763401109
387162,387208,387757,46,549,2,7200,1.08378870674
387177,387214,387714,37,500,2,7200,1.074
387201,387232,387753,31,521,2,7200,1.05950095969
387220,387237,387792,17,555,2,7200,1.03063063063
387241,387252,387773,11,521,2,7200,1.02111324376
387242,387257,387720,15,463,2,7200,1.03239740821
387257,387265,387814,8,549,2,7200,1.014571949
387275,387296,387839,21,543,2,7200,1.03867403315
387293,387314,387811,21,497,2,7200,1.04225352113
387329,387340,387884,11,544,2,7200,1.02022058824
387347,387360,387877,13,517,2,7200,1.0251450677
387366,387378,387918,12,540,2,7200,1.02222222222
387381,387391,387917,10,526,2,7200,1.01901140684
387396,387414,387948,18,534,2,7200,1.03370786517
387397,387420,387939,23,519,2,7200,1.04431599229
387412,387432,387930,20,498,2,7200,1.04016064257
387427,387483,387992,56,509,2,7200,1.11001964637
387429,387489,388045,60,556,2,7200,1.10791366906
387444,387494,388014,50,520,2,7200,1.09615384615
387445,387499,388049,54,550,2,7200,1.09818181818
387447,387505,388026,58,521,2,7200,1.1113243762
387471,387510,388051,39,541,2,7200,1.07208872458
387487,387524,388045,37,521,2,7200,1.07101727447
387488,387529,388065,41,536,2,7200,1.07649253731
387489,387534,388073,45,539,2,7200,1.08348794063
387491,387540,388062,49,522,2,7200,1.0938697318
387506,387545,388103,39,558,2,7200,1.06989247312
387521,387580,388090,59,510,2,7200,1.11568627451
387522,387589,388107,67,518,2,7200,1.12934362934
387544,387595,388077,51,482,2,7200,1.10580912863
387545,387600,388082,55,482,2,7200,1.11410788382
387590,387618,388175,28,557,2,7200,1.05026929982
387622,391438,391447,3816,9,1,60,382.5
387642,387655,388220,13,565,2,7200,1.02300884956
387643,387660,388200,17,540,2,7200,1.03148148148
387662,387674,388243,12,569,2,7200,1.02108963093
387677,387686,388231,9,545,2,7200,1.01651376147
387678,387691,388206,13,515,2,7200,1.02524271845
387693,387710,388231,17,521,2,7200,1.03262955854
387718,387733,388267,15,534,2,7200,1.02808988764
387733,387756,388285,23,529,2,7200,1.04347826087
387734,387761,388275,27,514,2,7200,1.05252918288
387749,387767,388306,18,539,2,7200,1.03339517625
387764,387780,388324,16,544,2,7200,1.02941176471
387765,387785,388312,20,527,2,7200,1.03795066414
387780,387798,388321,18,523,2,7200,1.034416826
387795,387822,388334,27,512,2,7200,1.052734375
387814,387827,388354,13,527,2,7200,1.02466793169
387829,387845,388367,16,522,2,7200,1.030651341
387844,387857,388368,13,511,2,7200,1.02544031311
387877,387888,388430,11,542,2,7200,1.02029520295
387892,387900,388440,8,540,2,7200,1.01481481481
387919,387929,388439,10,510,2,7200,1.01960784314
387921,387934,388388,13,454,2,7200,1.02863436123
387936,387952,388468,16,516,2,7200,1.03100775194
387951,387988,388523,37,535,2,7200,1.0691588785
387952,387993,388548,41,555,2,7200,1.07387387387
387995,388006,388534,11,528,2,7200,1.02083333333
388016,388035,388574,19,539,2,7200,1.03525046382
388031,388064,388601,33,537,2,7200,1.06145251397
388046,388070,388584,24,514,2,7200,1.046692607
388047,388075,388632,28,557,2,7200,1.05026929982
388062,388117,388654,55,537,2,7200,1.10242085661
388064,388122,388659,58,537,2,7200,1.10800744879
388065,388128,388653,63,525,2,7200,1.12
388081,388133,388693,52,560,2,7200,1.09285714286
388082,388138,388659,56,521,2,7200,1.10748560461
388083,388144,388697,61,553,2,7200,1.1103074141
388099,388149,388655,50,506,2,7200,1.09881422925
388100,388154,388681,54,527,2,7200,1.10246679317
388115,388183,388697,68,514,2,7200,1.13229571984
388116,388189,388727,73,538,2,7200,1.13568773234
388177,388325,388874,148,549,2,7200,1.26958105647
388201,388331,388876,130,545,2,7200,1.23853211009
388216,388336,388853,120,517,2,7200,1.23210831721
388231,388341,388889,110,548,2,7200,1.20072992701
388233,388347,388877,114,530,2,7200,1.21509433962
388234,388352,388910,118,558,2,7200,1.21146953405
388249,388357,388897,108,540,2,7200,1.2
388268,388363,388891,95,528,2,7200,1.17992424242
388283,388368,388926,85,558,2,7200,1.1523297491
388297,388374,388884,77,510,2,7200,1.15098039216
388313,388379,388882,66,503,2,7200,1.13121272366
388314,388385,388903,71,518,2,7200,1.13706563707
388329,388431,388957,102,526,2,7200,1.19391634981
388331,388436,388976,105,540,2,7200,1.19444444444
388347,388441,388994,94,553,2,7200,1.16998191682
388361,388447,388990,86,543,2,7200,1.15837937385
388377,388452,388956,75,504,2,7200,1.14880952381
388378,388458,388982,80,524,2,7200,1.15267175573
388393,388463,388953,70,490,2,7200,1.14285714286
388394,388703,388942,309,239,20,86399,2.29288702929
388432,388492,389029,60,537,2,7200,1.11173184358
388447,388498,389032,51,534,2,7200,1.09550561798
388449,388503,389025,54,522,2,7200,1.10344827586
388470,388509,389052,39,543,2,7200,1.07182320442
388524,388543,389046,19,503,2,7200,1.03777335984
388539,388588,389082,49,494,2,7200,1.0991902834
388554,388594,389118,40,524,2,7200,1.07633587786
388575,388583,388749,8,166,4,3540,1.04819277108
388575,388599,389138,24,539,2,7200,1.04452690167
388591,388617,389138,26,521,2,7200,1.04990403071
388606,388623,389154,17,531,2,7200,1.03201506591
388636,388708,389241,72,533,2,7200,1.13508442777
388654,388714,389252,60,538,2,7200,1.11152416357
388655,388719,389264,64,545,2,7200,1.11743119266
388671,388724,389245,53,521,2,7200,1.10172744722
388672,388730,389260,58,530,2,7200,1.10943396226
388673,388735,389284,62,549,2,7200,1.11293260474
388688,388740,389274,52,534,2,7200,1.09737827715
388704,388776,389293,72,517,2,7200,1.13926499033
388705,388781,389312,76,531,2,7200,1.14312617702
388706,388787,389326,81,539,2,7200,1.15027829314
388730,388792,389334,62,542,2,7200,1.11439114391
388855,388893,389416,38,523,2,7200,1.07265774379
388876,388899,389452,23,553,2,7200,1.04159132007
388892,388960,389516,68,556,2,7200,1.12230215827
388893,388966,389536,73,570,2,7200,1.12807017544
388895,388971,389528,76,557,2,7200,1.13644524237
388896,388977,389492,81,515,2,7200,1.1572815534
388898,388982,389497,84,515,2,7200,1.16310679612
388899,388987,389504,88,517,2,7200,1.17021276596
388914,388993,389553,79,560,2,7200,1.14107142857
388916,388998,389531,82,533,2,7200,1.15384615385
388917,389004,389564,87,560,2,7200,1.15535714286
388932,389009,389561,77,552,2,7200,1.13949275362
388957,389110,389658,153,548,2,7200,1.27919708029
388958,389115,389653,157,538,2,7200,1.29182156134
388973,389121,389681,148,560,2,7200,1.26428571429
388989,389126,389668,137,542,2,7200,1.25276752768
388990,389131,389658,141,527,2,7200,1.26755218216
389005,389137,389672,132,535,2,7200,1.24672897196
389007,389142,389661,135,519,2,7200,1.26011560694
389025,389147,389700,122,553,2,7200,1.22061482821
389040,389153,389705,113,552,2,7200,1.20471014493
389041,389158,389694,117,536,2,7200,1.21828358209
389056,389164,389713,108,549,2,7200,1.19672131148
389057,389169,389700,112,531,2,7200,1.21092278719
389085,389175,389681,90,506,2,7200,1.17786561265
389121,389237,389758,116,521,2,7200,1.2226487524
389139,389242,389769,103,527,2,7200,1.1954459203
389141,389248,389771,107,523,2,7200,1.20458891013
389156,389253,389790,97,537,2,7200,1.18063314711
389244,389326,389829,82,503,2,7200,1.16302186879
389259,389331,389840,72,509,2,7200,1.14145383104
389261,389337,389821,76,484,2,7200,1.15702479339
389276,389342,389885,66,543,2,7200,1.12154696133
389278,389347,389897,69,550,2,7200,1.12545454545
389279,389353,389878,74,525,2,7200,1.14095238095
389294,389358,389890,64,532,2,7200,1.12030075188
389296,389364,389887,68,523,2,7200,1.13001912046
389314,389369,389918,55,549,2,7200,1.10018214936
389329,389387,389929,58,542,2,7200,1.10701107011
389344,389393,389907,49,514,2,7200,1.0953307393
389420,389432,389985,12,553,2,7200,1.02169981917
389453,389474,390034,21,560,2,7200,1.0375
389495,389514,390015,19,501,2,7200,1.0379241517
389510,389549,390060,39,511,2,7200,1.07632093933
389512,389554,390065,42,511,2,7200,1.08219178082
389526,389559,390100,33,541,2,7200,1.06099815157
389542,389565,390133,23,568,2,7200,1.04049295775
389543,389621,390166,78,545,2,7200,1.14311926606
389545,389626,390137,81,511,2,7200,1.15851272016
389560,389632,390146,72,514,2,7200,1.14007782101
389575,389637,390146,62,509,2,7200,1.12180746562
389576,389643,390185,67,542,2,7200,1.12361623616
389655,389672,390237,17,565,2,7200,1.03008849558
389671,389740,390272,69,532,2,7200,1.12969924812
389672,389745,390284,73,539,2,7200,1.13543599258
389674,389750,390277,76,527,2,7200,1.14421252372
389675,389756,390275,81,519,2,7200,1.15606936416
389690,389761,390312,71,551,2,7200,1.12885662432
389692,389767,390278,75,511,2,7200,1.14677103718
389693,389772,390334,79,562,2,7200,1.14056939502
389709,389778,390278,69,500,2,7200,1.138
389710,389783,390306,73,523,2,7200,1.1395793499
389711,389789,390302,78,513,2,7200,1.15204678363
389713,389794,390328,81,534,2,7200,1.15168539326
389728,389799,390347,71,548,2,7200,1.1295620438
389761,389825,390364,64,539,2,7200,1.11873840445
389776,389830,390338,54,508,2,7200,1.1062992126
389778,389835,390340,57,505,2,7200,1.11287128713
389793,389841,390378,48,537,2,7200,1.08938547486
389823,389998,390546,175,548,2,7200,1.31934306569
389838,390004,390527,166,523,2,7200,1.31739961759
389853,390009,390492,156,483,2,7200,1.32298136646
389880,390014,390522,134,508,2,7200,1.26377952756
389895,390020,390563,125,543,2,7200,1.23020257827
389896,390025,390573,129,548,2,7200,1.23540145985
389898,390031,390580,133,549,2,7200,1.24225865209
389913,390036,390602,123,566,2,7200,1.21731448763
389914,390041,390560,127,519,2,7200,1.24470134875
389929,390047,390578,118,531,2,7200,1.22222222222
389931,390052,390598,121,546,2,7200,1.22161172161
389989,390057,390597,68,540,2,7200,1.12592592593
390016,390109,390650,93,541,2,7200,1.1719038817
390037,390115,390629,78,514,2,7200,1.15175097276
390061,390120,390627,59,507,2,7200,1.11637080868
390076,390125,390626,49,501,2,7200,1.09780439122
390103,390258,390777,155,519,2,7200,1.29865125241
390137,390263,390836,126,573,2,7200,1.21989528796
390138,390269,390811,131,542,2,7200,1.24169741697
390154,390274,390796,120,522,2,7200,1.22988505747
390155,390279,390826,124,547,2,7200,1.22669104205
390170,390285,390796,115,511,2,7200,1.22504892368
390188,390290,390802,102,512,2,7200,1.19921875
390239,390296,390780,57,484,2,7200,1.11776859504
390273,390382,390933,109,551,2,7200,1.19782214156
390289,390387,390902,98,515,2,7200,1.19029126214
390290,390393,390928,103,535,2,7200,1.19252336449
390291,390398,390941,107,543,2,7200,1.197053407
390293,390404,390922,111,518,2,7200,1.21428571429
390294,390409,390958,115,549,2,7200,1.20947176685
390310,390414,390957,104,543,2,7200,1.19152854512
390311,390420,390956,109,536,2,7200,1.20335820896
390326,390425,390923,99,498,2,7200,1.19879518072
390342,390431,390975,89,544,2,7200,1.16360294118
390343,390436,390937,93,501,2,7200,1.18562874251
390344,390441,390938,97,497,2,7200,1.19517102616
390347,390447,390984,100,537,2,7200,1.18621973929
390362,390452,391003,90,551,2,7200,1.16333938294
390377,390497,391016,120,519,2,7200,1.23121387283
390391,390502,391064,111,562,2,7200,1.1975088968
390495,390564,391112,69,548,2,7200,1.12591240876
390522,390570,391111,48,541,2,7200,1.0887245841
390537,390575,391143,38,568,2,7200,1.06690140845
390552,390580,391100,28,520,2,7200,1.05384615385
390567,390626,391175,59,549,2,7200,1.10746812386
390569,390632,391168,63,536,2,7200,1.11753731343
390584,390637,391178,53,541,2,7200,1.09796672828
390585,390643,391155,58,512,2,7200,1.11328125
390587,390648,391195,61,547,2,7200,1.11151736746
390602,390654,391188,52,534,2,7200,1.09737827715
390604,390659,391203,55,544,2,7200,1.10110294118
390619,390664,391176,45,512,2,7200,1.087890625
390634,390700,391198,66,498,2,7200,1.13253012048
390636,390705,391242,69,537,2,7200,1.12849162011
390637,390710,391257,73,547,2,7200,1.13345521024
390652,390716,391273,64,557,2,7200,1.11490125673
390780,390788,391323,8,535,2,7200,1.01495327103
390795,390811,391337,16,526,2,7200,1.03041825095
390810,390874,391383,64,509,2,7200,1.1257367387
390812,390879,391416,67,537,2,7200,1.12476722533
390813,390885,391400,72,515,2,7200,1.13980582524
390828,390890,391433,62,543,2,7200,1.11418047882
390830,390895,391402,65,507,2,7200,1.12820512821
390845,390901,391433,56,532,2,7200,1.10526315789
390903,390951,391492,48,541,2,7200,1.0887245841
390924,390957,391495,33,538,2,7200,1.06133828996
390925,390962,391502,37,540,2,7200,1.06851851852
390941,390968,391481,27,513,2,7200,1.05263157895
390943,390973,391510,30,537,2,7200,1.05586592179
390944,390978,391488,34,510,2,7200,1.06666666667
390945,391078,391622,133,544,2,7200,1.24448529412
390961,391084,391629,123,545,2,7200,1.22568807339
390962,391089,391573,127,484,2,7200,1.26239669421
390964,391094,391634,130,540,2,7200,1.24074074074
390965,391100,391644,135,544,2,7200,1.24816176471
390980,391105,391598,125,493,2,7200,1.25354969574
390995,391111,391648,116,537,2,7200,1.21601489758
391010,391116,391638,106,522,2,7200,1.2030651341
391025,391121,391653,96,532,2,7200,1.18045112782
391067,391127,391673,60,546,2,7200,1.10989010989
391104,391178,391704,74,526,2,7200,1.14068441065
391119,391183,391733,64,550,2,7200,1.11636363636
391120,391189,391695,69,506,2,7200,1.13636363636
391144,391194,391721,50,527,2,7200,1.09487666034
391146,391205,391211,59,6,1,3600,6.5
391159,391199,391760,40,561,2,7200,1.07130124777
391174,391283,391852,109,569,2,7200,1.19156414763
391190,391289,391806,99,517,2,7200,1.1914893617
391192,391294,391841,102,547,2,7200,1.18647166362
391193,391299,391822,106,523,2,7200,1.20267686424
391195,391305,391816,110,511,2,7200,1.21526418787
391210,391310,391806,100,496,2,7200,1.20161290323
391211,391316,391866,105,550,2,7200,1.19090909091
391213,391321,391843,108,522,2,7200,1.20689655172
391246,391326,391837,80,511,2,7200,1.15655577299
391261,391332,391838,71,506,2,7200,1.14031620553
391276,391337,391838,61,501,2,7200,1.12175648703
391324,391405,391953,81,548,2,7200,1.14781021898
391340,391410,391907,70,497,2,7200,1.14084507042
391385,391416,391924,31,508,2,7200,1.06102362205
391392,391421,391429,29,8,1,3600,3.7
391403,391445,391987,42,542,2,7200,1.07749077491
391405,391450,392004,45,554,2,7200,1.08122743682
391419,391455,392017,36,562,2,7200,1.0640569395
391435,391461,392006,26,545,2,7200,1.04770642202
391436,391466,392023,30,557,2,7200,1.05385996409
391482,391487,392032,5,545,2,7200,1.00917431193
391497,391504,392051,7,547,2,7200,1.01279707495
391498,391511,392035,13,524,2,7200,1.02480916031
391500,391516,392041,16,525,2,7200,1.03047619048
391515,391522,392048,7,526,2,7200,1.01330798479
391516,391528,392064,12,536,2,7200,1.0223880597
391542,391549,391561,7,12,3,3600,1.58333333333
391574,391581,392143,7,562,2,7200,1.01245551601
391601,391607,392110,6,503,2,7200,1.01192842942
391625,391631,392192,6,561,2,7200,1.01069518717
391640,391646,392164,6,518,2,7200,1.01158301158
391642,391653,392205,11,552,2,7200,1.01992753623
391643,391658,392193,15,535,2,7200,1.02803738318
391658,391664,392157,6,493,2,7200,1.0121703854
391660,391677,392213,17,536,2,7200,1.03171641791
391661,391682,392242,21,560,2,7200,1.0375
391662,391672,391684,10,12,3,3600,1.83333333333
391676,391689,392243,13,554,2,7200,1.02346570397
391697,391703,392232,6,529,2,7200,1.01134215501
391712,391719,392227,7,508,2,7200,1.01377952756
391727,391735,392266,8,531,2,7200,1.01506591337
391742,391748,392277,6,529,2,7200,1.01134215501
391763,391769,392312,6,543,2,7200,1.01104972376
391806,391812,392366,6,554,2,7200,1.01083032491
391807,391819,392369,12,550,2,7200,1.02181818182
391822,391829,392395,7,566,2,7200,1.01236749117
391824,391835,392377,11,542,2,7200,1.02029520295
391839,391846,392391,7,545,2,7200,1.0128440367
391840,391853,392347,13,494,2,7200,1.02631578947
391842,391858,392391,16,533,2,7200,1.03001876173
391857,391865,392396,8,531,2,7200,1.01506591337
391858,391870,392408,12,538,2,7200,1.02230483271
391860,391876,392453,16,577,2,7200,1.02772963605
391875,391883,392426,8,543,2,7200,1.01473296501
391894,391902,391912,8,10,3,3600,1.8
391908,391914,392439,6,525,2,7200,1.01142857143
391926,391933,392465,7,532,2,7200,1.01315789474
391956,391964,392475,8,511,2,7200,1.0156555773
391990,391997,392509,7,512,2,7200,1.013671875
392008,392015,392529,7,514,2,7200,1.01361867704
392009,392022,392567,13,545,2,7200,1.02385321101
392024,392032,392559,8,527,2,7200,1.01518026565
392026,392039,392552,13,513,2,7200,1.0253411306
392042,392049,392573,7,524,2,7200,1.01335877863
392043,392056,392587,13,531,2,7200,1.02448210923
392044,392061,392593,17,532,2,7200,1.03195488722
392059,392068,392614,9,546,2,7200,1.01648351648
392061,392073,392596,12,523,2,7200,1.02294455067
392076,392082,392635,6,553,2,7200,1.01084990958
392112,392118,392607,6,489,2,7200,1.01226993865
392145,392152,392686,7,534,2,7200,1.01310861423
392160,392166,392685,6,519,2,7200,1.01156069364
392175,392181,392731,6,550,2,7200,1.01090909091
392193,392199,392747,6,548,2,7200,1.01094890511
392195,392207,392769,12,562,2,7200,1.02135231317
392210,392216,392724,6,508,2,7200,1.01181102362
392225,392232,392769,7,537,2,7200,1.01303538175
392241,392247,392774,6,527,2,7200,1.01138519924
392242,392254,392816,12,562,2,7200,1.02135231317
392257,392263,392790,6,527,2,7200,1.01138519924
392258,392270,392792,12,522,2,7200,1.02298850575
392274,392280,392810,6,530,2,7200,1.01132075472
392288,392295,392802,7,507,2,7200,1.01380670611
392313,392320,392859,7,539,2,7200,1.01298701299
392349,392356,392917,7,561,2,7200,1.01247771836
392367,392374,392903,7,529,2,7200,1.01323251418
392382,392388,392926,6,538,2,7200,1.01115241636
392383,392395,392907,12,512,2,7200,1.0234375
392399,392406,392904,7,498,2,7200,1.0140562249
392401,392413,392944,12,531,2,7200,1.02259887006
392402,392418,392929,16,511,2,7200,1.0313111546
392404,392423,392968,19,545,2,7200,1.03486238532
392419,392431,392958,12,527,2,7200,1.02277039848
392434,392440,392974,6,534,2,7200,1.01123595506
392449,392455,393019,6,564,2,7200,1.01063829787
392464,392470,392989,6,519,2,7200,1.01156069364
392479,392486,392985,7,499,2,7200,1.01402805611
392481,392493,393029,12,536,2,7200,1.0223880597
392511,392518,393069,7,551,2,7200,1.01270417423
392515,392525,396131,10,3606,3,3600,1.00277315585
392532,392539,393072,7,533,2,7200,1.01313320826
392553,392560,393096,7,536,2,7200,1.01305970149
392568,392575,393107,7,532,2,7200,1.01315789474
392570,392582,393144,12,562,2,7200,1.02135231317
392585,392591,393143,6,552,2,7200,1.01086956522
392600,392606,393141,6,535,2,7200,1.01121495327
392602,392613,393124,11,511,2,7200,1.02152641879
392603,392618,393175,15,557,2,7200,1.02692998205
392618,392624,393172,6,548,2,7200,1.01094890511
392620,392632,393198,12,566,2,7200,1.02120141343
392638,392645,393150,7,505,2,7200,1.01386138614
392686,392692,393223,6,531,2,7200,1.01129943503
392701,392708,393257,7,549,2,7200,1.01275045537
392725,392731,393252,6,521,2,7200,1.01151631478
392740,392747,393265,7,518,2,7200,1.01351351351
392755,392761,393278,6,517,2,7200,1.01160541586
392770,392777,393285,7,508,2,7200,1.01377952756
392772,392784,393315,12,531,2,7200,1.02259887006
392787,392793,393340,6,547,2,7200,1.01096892139
392802,392808,393351,6,543,2,7200,1.01104972376
392804,392815,393353,11,538,2,7200,1.02044609665
392805,392820,393380,15,560,2,7200,1.02678571429
392820,392827,393345,7,518,2,7200,1.01351351351
392822,392834,393344,12,510,2,7200,1.02352941176
392861,392867,393424,6,557,2,7200,1.01077199282
392903,392911,393414,8,503,2,7200,1.01590457256
392919,392926,393465,7,539,2,7200,1.01298701299
392920,392933,393483,13,550,2,7200,1.02363636364
392921,392938,393493,17,555,2,7200,1.03063063063
392937,392945,393489,8,544,2,7200,1.01470588235
392938,392950,393495,12,545,2,7200,1.02201834862
392953,392960,393480,7,520,2,7200,1.01346153846
392968,392974,393503,6,529,2,7200,1.01134215501
392969,392981,393487,12,506,2,7200,1.02371541502
392984,392991,393512,7,521,2,7200,1.01343570058
393000,393006,393534,6,528,2,7200,1.01136363636
393001,393012,393561,11,549,2,7200,1.02003642987
393022,393029,393563,7,534,2,7200,1.01310861423
393037,393043,393583,6,540,2,7200,1.01111111111
393070,393076,393615,6,539,2,7200,1.01113172542
393085,393092,393625,7,533,2,7200,1.01313320826
393100,393106,393648,6,542,2,7200,1.0110701107
393115,393122,393666,7,544,2,7200,1.01286764706
393130,393137,393669,7,532,2,7200,1.01315789474
393145,393151,393710,6,559,2,7200,1.01073345259
393147,393158,393676,11,518,2,7200,1.02123552124
393148,393163,393710,15,547,2,7200,1.02742230347
393163,393169,393708,6,539,2,7200,1.01113172542
393178,393185,393684,7,499,2,7200,1.01402805611
393180,393192,393698,12,506,2,7200,1.02371541502
393201,393207,393742,6,535,2,7200,1.01121495327
393225,393231,393759,6,528,2,7200,1.01136363636
393255,393261,393803,6,542,2,7200,1.0110701107
393270,393277,393815,7,538,2,7200,1.01301115242
393272,393284,393814,12,530,2,7200,1.02264150943
393287,393293,393842,6,549,2,7200,1.01092896175
393288,393300,393828,12,528,2,7200,1.02272727273
393319,393326,393841,7,515,2,7200,1.01359223301
393343,393349,393895,6,546,2,7200,1.01098901099
393359,393366,393885,7,519,2,7200,1.01348747592
393360,393373,393891,13,518,2,7200,1.0250965251
393362,393378,393921,16,543,2,7200,1.02946593002
393363,393383,393906,20,523,2,7200,1.03824091778
393381,393391,393863,10,472,2,7200,1.02118644068
393414,393421,393969,7,548,2,7200,1.01277372263
393429,393436,393960,7,524,2,7200,1.01335877863
393466,393473,394027,7,554,2,7200,1.01263537906
393487,393493,394009,6,516,2,7200,1.01162790698
393489,393500,394055,11,555,2,7200,1.01981981982
393490,393506,394013,16,507,2,7200,1.0315581854
393505,393513,394058,8,545,2,7200,1.01467889908
393507,393520,394049,13,529,2,7200,1.02457466919
393508,393525,394069,17,544,2,7200,1.03125
393510,393530,394097,20,567,2,7200,1.03527336861
393525,393538,394049,13,511,2,7200,1.02544031311
393540,393546,394089,6,543,2,7200,1.01104972376
393564,393571,394098,7,527,2,7200,1.01328273245
393565,393578,394103,13,525,2,7200,1.02476190476
393583,393591,394122,8,531,2,7200,1.01506591337
393617,393624,394137,7,513,2,7200,1.01364522417
393632,393639,394151,7,512,2,7200,1.013671875
393650,393657,394191,7,534,2,7200,1.01310861423
393669,393675,394207,6,532,2,7200,1.01127819549
393670,393683,394196,13,513,2,7200,1.0253411306
393685,393691,394199,6,508,2,7200,1.01181102362
393687,393698,394195,11,497,2,7200,1.02213279678
393701,393709,394258,8,549,2,7200,1.014571949
393717,393724,394245,7,521,2,7200,1.01343570058
393718,393731,394263,13,532,2,7200,1.02443609023
393720,393736,394235,16,499,2,7200,1.03206412826
393744,393750,394273,6,523,2,7200,1.01147227533
393762,393769,394331,7,562,2,7200,1.01245551601
393804,393811,394329,7,518,2,7200,1.01351351351
393819,393825,394370,6,545,2,7200,1.01100917431
393821,393832,394387,11,555,2,7200,1.01981981982
393836,393843,394362,7,519,2,7200,1.01348747592
393851,393857,394404,6,547,2,7200,1.01096892139
393853,393864,394393,11,529,2,7200,1.02079395085
393868,393874,394407,6,533,2,7200,1.01125703565
393887,393894,394427,7,533,2,7200,1.01313320826
393902,393909,394434,7,525,2,7200,1.01333333333
393903,393915,394433,12,518,2,7200,1.02316602317
393918,393924,394457,6,533,2,7200,1.01125703565
393933,393940,394472,7,532,2,7200,1.01315789474
393960,393967,394460,7,493,2,7200,1.01419878296
393975,393982,394478,7,496,2,7200,1.01411290323
394012,394018,394563,6,545,2,7200,1.01100917431
394027,394033,394552,6,519,2,7200,1.01156069364
394028,394040,394560,12,520,2,7200,1.02307692308
394050,394057,394604,7,547,2,7200,1.01279707495
394051,394064,394607,13,543,2,7200,1.02394106814
394066,394072,394586,6,514,2,7200,1.01167315175
394068,394079,394568,11,489,2,7200,1.02249488753
394082,394090,394580,8,490,2,7200,1.01632653061
394098,394104,394599,6,495,2,7200,1.01212121212
394099,394112,394630,13,518,2,7200,1.0250965251
394115,394122,394682,7,560,2,7200,1.0125
394116,394128,394630,12,502,2,7200,1.02390438247
394131,394138,394707,7,569,2,7200,1.01230228471
394146,394152,394697,6,545,2,7200,1.01100917431
394161,394167,394662,6,495,2,7200,1.01212121212
394187,394194,404758,7,10564,2,43200,1.00066262779
394194,394200,394714,6,514,2,7200,1.01167315175
394210,394217,394755,7,538,2,7200,1.01301115242
394211,394224,394773,13,549,2,7200,1.02367941712
394212,394229,394755,17,526,2,7200,1.03231939163
394214,394235,394768,21,533,2,7200,1.03939962477
394238,394244,394766,6,522,2,7200,1.01149425287
394253,394260,394781,7,521,2,7200,1.01343570058
394268,394274,394798,6,524,2,7200,1.01145038168
394270,394281,394835,11,554,2,7200,1.01985559567
394285,394292,394834,7,542,2,7200,1.01291512915
394330,394337,394854,7,517,2,7200,1.01353965184
394339,394345,395307,6,962,1,14400,1.00623700624
394339,394351,395364,12,1013,1,14400,1.01184600197
394339,394356,396853,17,2497,1,14400,1.0068081698
394339,394368,395869,29,1501,1,14400,1.01932045303
394340,394380,397211,40,2831,1,14400,1.01412928294
394340,394374,395690,34,1316,1,14400,1.02583586626
394340,394386,395331,46,945,1,14400,1.04867724868
394341,394403,396129,62,1726,1,14400,1.0359212051
394341,394391,396104,50,1713,1,14400,1.02918855809
394341,394397,396287,56,1890,1,14400,1.02962962963
394342,394414,395213,72,799,1,14400,1.0901126408
394342,394425,394875,83,450,1,14400,1.18444444444
394342,394408,396510,66,2102,1,14400,1.03139866794
394342,394420,395627,78,1207,1,14400,1.06462303231
394343,394448,398880,105,4432,1,14400,1.02369133574
394343,394436,395533,93,1097,1,14400,1.08477666363
394343,394431,394931,88,500,1,14400,1.176
394343,394442,395121,99,679,1,14400,1.14580265096
394344,394454,395264,110,810,1,14400,1.13580246914
394344,394466,394690,122,224,1,14400,1.54464285714
394344,394460,395096,116,636,1,14400,1.18238993711
394345,394362,394872,17,510,2,7200,1.03333333333
394345,394471,394554,126,83,1,14400,2.51807228916
394345,394483,394743,138,260,1,14400,1.53076923077
394345,394477,394728,132,251,1,14400,1.52589641434
394346,394488,394752,142,264,1,14400,1.53787878788
394346,394495,403462,149,8967,1,14400,1.01661648266
394346,394501,398047,155,3546,1,14400,1.04371122391
394347,394518,395749,171,1231,1,14400,1.1389114541
394347,394506,398631,159,4125,1,14400,1.03854545455
394347,394512,395964,165,1452,1,14400,1.11363636364
394348,394529,394782,181,253,1,14400,1.71541501976
394348,394535,394915,187,380,1,14400,1.49210526316
394348,394524,395635,176,1111,1,14400,1.15841584158
394349,394557,394902,208,345,1,14400,1.60289855072
394349,394540,394881,191,341,1,14400,1.56011730205
394349,394546,394865,197,319,1,14400,1.61755485893
394349,394552,394816,203,264,1,14400,1.76893939394
394350,394563,394902,213,339,1,14400,1.62831858407
394350,394574,395470,224,896,1,14400,1.25
394350,394569,396726,219,2157,1,14400,1.10152990264
394351,394586,396506,235,1920,1,14400,1.12239583333
394351,394580,395405,229,825,1,14400,1.27757575758
394352,394598,395835,246,1237,1,14400,1.19886822959
394352,394591,396162,239,1571,1,14400,1.15213239975
394352,394610,396546,258,1936,1,14400,1.13326446281
394352,394603,396042,251,1439,1,14400,1.1744266852
394353,394631,395050,278,419,1,14400,1.66348448687
394353,394619,395473,266,854,1,14400,1.31147540984
394353,394625,397864,272,3239,1,14400,1.08397653597
394354,394637,395596,283,959,1,14400,1.29509906152
394354,394648,396424,294,1776,1,14400,1.16554054054
394354,394642,396111,288,1469,1,14400,1.19605173587
394355,394665,395861,310,1196,1,14400,1.25919732441
394355,394670,394962,315,292,1,14400,2.07876712329
394355,394659,395883,304,1224,1,14400,1.24836601307
394355,394654,395137,299,483,1,14400,1.61904761905
394356,396545,397008,2189,463,1,14400,5.72786177106
394357,394827,395377,470,550,1,14400,1.85454545455
394357,394832,395821,475,989,1,14400,1.48028311426
394358,394918,395077,560,159,1,14400,4.52201257862
394358,394901,396293,543,1392,1,14400,1.3900862069
394358,394912,396644,554,1732,1,14400,1.31986143187
394358,394907,396330,549,1423,1,14400,1.38580463809
394359,394934,399083,575,4149,1,14400,1.13858761147
394359,394923,395138,564,215,1,14400,3.62325581395
394359,394929,395268,570,339,1,14400,2.6814159292
394360,394969,396843,609,1874,1,14400,1.3249733191
394360,394975,397528,615,2553,1,14400,1.24089306698
394361,394980,396365,619,1385,1,14400,1.44693140794
394361,394991,396519,630,1528,1,14400,1.41230366492
394361,394986,396382,625,1396,1,14400,1.44770773639
394362,395014,395015,652,1,1,14400,65.3
394362,394996,396007,634,1011,1,14400,1.62710187933
394362,395002,395512,640,510,1,14400,2.25490196078
394362,395009,396881,647,1872,1,14400,1.34561965812
394363,394685,395199,322,514,2,7200,1.62645914397
394364,395062,395500,698,438,1,14400,2.59360730594
394365,395089,395633,724,544,1,14400,2.33088235294
394366,395107,396343,741,1236,1,14400,1.59951456311
394367,395134,397191,767,2057,1,14400,1.37287311619
394367,395155,395498,788,343,1,14400,3.29737609329
394367,395149,396253,782,1104,1,14400,1.70833333333
394369,395215,396168,846,953,1,14400,1.88772298006
394370,395221,395994,851,773,1,14400,2.10090556274
394370,395238,395986,868,748,1,14400,2.16042780749
394370,395251,395252,881,1,1,14400,88.2
394371,395270,395712,899,442,1,14400,3.03393665158
394371,395294,395595,923,301,1,14400,4.06644518272
394371,395264,397418,893,2154,1,14400,1.41457753018
394372,395345,395476,973,131,1,14400,8.42748091603
394373,395438,396599,1065,1161,1,14400,1.9173126615
394373,395444,395690,1071,246,1,14400,5.35365853659
394373,395484,397368,1111,1884,1,14400,1.58970276008
394374,395525,395604,1151,79,1,14400,15.5696202532
394374,395519,395704,1145,185,1,14400,7.18918918919
394375,395555,399653,1180,4098,1,14400,1.28794533919
394375,395530,395934,1155,404,1,14400,3.85891089109
394375,395549,396536,1174,987,1,14400,2.18946301925
394376,395565,395566,1189,1,1,14400,119.0
394376,395560,397736,1184,2176,1,14400,1.54411764706
394376,395573,395736,1197,163,1,14400,8.34355828221
394377,395611,395859,1234,248,1,14400,5.97580645161
394378,395616,396804,1238,1188,1,14400,2.04208754209
394378,395629,395630,1251,1,1,14400,125.2
394378,395624,395821,1246,197,1,14400,7.32487309645
394379,395646,396291,1267,645,1,14400,2.96434108527
394379,395639,401766,1260,6127,1,14400,1.20564713563
394379,395651,395652,1272,1,1,14400,127.3
394379,394691,395221,312,530,2,7200,1.58867924528
394379,395659,395903,1280,244,1,14400,6.24590163934
394381,395701,396784,1320,1083,1,14400,2.2188365651
394381,395707,397616,1326,1909,1,14400,1.69460450498
394381,395713,395714,1332,1,1,14400,133.3
394382,395733,395734,1351,1,1,14400,135.2
394382,395721,396952,1339,1231,1,14400,2.08773354996
394383,395789,395951,1406,162,1,14400,9.67901234568
394383,395770,395771,1387,1,1,14400,138.8
394383,395783,398154,1400,2371,1,14400,1.5904681569
394383,395753,396565,1370,812,1,14400,2.68719211823
394384,395800,396034,1416,234,1,14400,7.05128205128
394384,395805,396050,1421,245,1,14400,6.8
394384,395794,399376,1410,3582,1,14400,1.39363484087
394385,395818,395819,1433,1,1,14400,143.4
394385,395834,396469,1449,635,1,14400,3.28188976378
394385,395839,396086,1454,247,1,14400,6.88663967611
394386,395845,396231,1459,386,1,14400,4.77979274611
394386,395850,395965,1464,115,1,14400,13.7304347826
394387,395898,397121,1511,1223,1,14400,2.23548650859
394387,395874,396917,1487,1043,1,14400,2.42569511026
394387,395892,396632,1505,740,1,14400,3.03378378378
394388,395914,396718,1526,804,1,14400,2.89800995025
394388,395903,397215,1515,1312,1,14400,2.15472560976
394388,395908,397446,1520,1538,1,14400,1.98829648895
394389,395919,396663,1530,744,1,14400,3.0564516129
394389,395925,396790,1536,865,1,14400,2.77572254335
394389,395930,397938,1541,2008,1,14400,1.76743027888
394390,396026,396686,1636,660,1,14400,3.47878787879
394390,395936,396789,1546,853,1,14400,2.81242672919
394391,396037,396981,1646,944,1,14400,2.7436440678
394391,396032,397882,1641,1850,1,14400,1.88702702703
394391,396111,397120,1720,1009,1,14400,2.7046580773
394392,396117,397249,1725,1132,1,14400,2.52385159011
394392,396128,397055,1736,927,1,14400,2.87270765912
394392,396122,397441,1730,1319,1,14400,2.31159969674
394393,396144,396145,1751,1,1,14400,175.2
394393,396139,396399,1746,260,1,14400,7.71538461538
394393,396133,396936,1740,803,1,14400,3.16687422167
394394,396175,396964,1781,789,1,14400,3.25728770596
394394,396185,397286,1791,1101,1,14400,2.62670299728
394394,396180,398596,1786,2416,1,14400,1.7392384106
394394,394696,395248,302,552,2,7200,1.54710144928
394395,394702,395227,307,525,2,7200,1.58476190476
394395,396191,396598,1796,407,1,14400,5.41277641278
394395,396202,396662,1807,460,1,14400,4.92826086957
394395,396197,397686,1802,1489,1,14400,2.21020819342
394396,396213,397593,1817,1380,1,14400,2.31666666667
394396,396208,397594,1812,1386,1,14400,2.30735930736
394396,396219,401198,1823,4979,1,14400,1.36613777867
394397,396232,397235,1835,1003,1,14400,2.8295114656
394397,396224,398239,1827,2015,1,14400,1.90669975186
394398,396237,397565,1839,1328,1,14400,2.38478915663
394398,396250,397016,1852,766,1,14400,3.41775456919
394399,396265,397177,1866,912,1,14400,3.04605263158
394400,396322,396811,1922,489,1,14400,4.93047034765
394400,396286,396926,1886,640,1,14400,3.946875
394400,396291,397531,1891,1240,1,14400,2.525
394401,396347,396428,1946,81,1,14400,25.024691358
394402,396362,396857,1960,495,1,14400,4.9595959596
394403,396398,397389,1995,991,1,14400,3.01311806256
394403,396392,397128,1989,736,1,14400,3.70244565217
394403,396387,397180,1984,793,1,14400,3.50189155107
394404,396434,396793,2030,359,1,14400,6.65459610028
394404,396446,396895,2042,449,1,14400,5.54788418708
394404,396410,396954,2006,544,1,14400,4.6875
394405,396452,396960,2047,508,1,14400,5.02952755906
394405,396472,398533,2067,2061,1,14400,2.00291120815
394406,396502,397877,2096,1375,1,14400,2.52436363636
394406,396477,399802,2071,3325,1,14400,1.62285714286
394407,396526,396527,2119,1,1,14400,212.0
394407,396556,397155,2149,599,1,14400,4.58764607679
394407,396550,397375,2143,825,1,14400,3.59757575758
394408,396602,396828,2194,226,1,14400,10.7079646018
394408,396596,398575,2188,1979,1,14400,2.10560889338
394408,396631,400780,2223,4149,1,14400,1.53579175705
394409,396637,397537,2228,900,1,14400,3.47555555556
394409,396642,397444,2233,802,1,14400,3.78428927681
394410,396699,397281,2289,582,1,14400,4.93298969072
394410,396704,396705,2294,1,1,14400,229.5
394410,396734,396911,2324,177,1,14400,14.1299435028
394411,396747,396857,2336,110,1,14400,22.2363636364
394411,396758,398409,2347,1651,1,14400,2.42156268928
394411,394707,395241,296,534,2,7200,1.5543071161
394411,396764,398697,2353,1933,1,14400,2.21727884118
394411,396753,399848,2342,3095,1,14400,1.75670436187
394412,394712,395251,300,539,2,7200,1.55658627087
394412,396769,396770,2357,1,1,14400,235.8
394413,396812,397355,2399,543,1,14400,5.41804788214
394413,396807,397185,2394,378,1,14400,7.33333333333
394413,396801,396928,2388,127,1,14400,19.8031496063
394414,396831,398081,2417,1250,1,14400,2.9336
394414,396825,397868,2411,1043,1,14400,3.31160115053
394415,396836,396837,2421,1,1,14400,242.2
394415,397305,398784,2890,1479,1,14400,2.95402298851
394415,396854,398526,2439,1672,1,14400,2.45873205742
394416,396881,397364,2465,483,1,14400,6.10351966874
394416,396867,396868,2451,1,1,14400,245.2
394416,396875,399361,2459,2486,1,14400,1.9891391794
394417,396899,396900,2482,1,1,14400,248.3
394417,396927,398451,2510,1524,1,14400,2.6469816273
394417,396894,398082,2477,1188,1,14400,3.08501683502
394417,396886,398444,2469,1558,1,14400,2.58472400513
394418,396940,397236,2522,296,1,14400,9.52027027027
394418,396964,397516,2546,552,1,14400,5.61231884058
394419,397256,397480,2837,224,1,14400,13.6651785714
394419,397220,398930,2801,1710,1,14400,2.63801169591
394419,396977,398317,2558,1340,1,14400,2.90895522388
394420,397267,397436,2847,169,1,14400,17.8461538462
394420,397261,397564,2841,303,1,14400,10.3762376238
394420,397272,398873,2852,1601,1,14400,2.78138663335
394421,397278,397421,2857,143,1,14400,20.979020979
394421,397283,397515,2862,232,1,14400,13.3362068966
394421,397288,397535,2867,247,1,14400,12.6072874494
394422,397294,397546,2872,252,1,14400,12.3968253968
394422,397300,397867,2878,567,1,14400,6.0758377425
394422,397310,398532,2888,1222,1,14400,3.36333878887
394423,396982,397092,2559,110,1,14400,24.2636363636
394423,396993,397151,2570,158,1,14400,17.2658227848
394423,396987,397130,2564,143,1,14400,18.9300699301
394424,397028,397107,2604,79,1,14400,33.9620253165
394424,397017,397834,2593,817,1,14400,4.17380660955
394424,397023,397100,2599,77,1,14400,34.7532467532
394424,396998,396999,2574,1,1,14400,257.5
394425,397077,397247,2652,170,1,14400,16.6
394425,397072,397318,2647,246,1,14400,11.7601626016
394426,397083,397317,2657,234,1,14400,12.3547008547
394427,397125,397126,2698,1,1,14400,269.9
394427,397139,397384,2712,245,1,14400,12.0693877551
394427,397158,397321,2731,163,1,14400,17.754601227
394427,397144,397382,2717,238,1,14400,12.4159663866
394428,397174,397401,2746,227,1,14400,13.0969162996
394428,397163,397644,2735,481,1,14400,6.68607068607
394428,397169,397417,2741,248,1,14400,12.0524193548
394429,397179,397180,2750,1,1,14400,275.1
394429,397214,397461,2785,247,1,14400,12.2753036437
394429,397316,397483,2887,167,1,14400,18.2874251497
394430,397390,398113,2960,723,1,14400,5.09405255878
394430,397321,398223,2891,902,1,14400,4.20509977827
394430,394718,395266,288,548,2,7200,1.52554744526
394430,397327,401306,2897,3979,1,14400,1.72807237999
394430,397332,397333,2902,1,1,14400,290.3
394431,397414,397495,2983,81,1,14400,37.8271604938
394431,397395,398603,2964,1208,1,14400,3.45364238411
394432,397431,397793,2999,362,1,14400,9.28453038674
394432,397420,398233,2988,813,1,14400,4.67527675277
394432,397425,397933,2993,508,1,14400,6.89173228346
394433,397436,397862,3003,426,1,14400,8.04929577465
394433,397447,399599,3014,2152,1,14400,2.40055762082
394433,397442,398245,3009,803,1,14400,4.74719800747
394434,397487,397919,3053,432,1,14400,8.06712962963
394434,397477,398808,3043,1331,1,14400,3.28625093914
394434,397482,398300,3048,818,1,14400,4.72616136919
394435,397493,398026,3058,533,1,14400,6.7373358349
394435,397506,398609,3071,1103,1,14400,3.78422484134
394435,397512,398115,3077,603,1,14400,6.10281923715
394436,397517,397862,3081,345,1,14400,9.93043478261
394436,397541,398780,3105,1239,1,14400,3.50605326877
394436,397546,397794,3110,248,1,14400,13.5403225806
394437,397581,398829,3144,1248,1,14400,3.51923076923
394437,397552,399024,3115,1472,1,14400,3.11616847826
394438,397597,399603,3159,2006,1,14400,2.57477567298
394438,397725,398263,3287,538,1,14400,7.10966542751
394438,397587,397883,3149,296,1,14400,11.6385135135
394438,397592,398526,3154,934,1,14400,4.37687366167
394439,397603,398127,3164,524,1,14400,7.03816793893
394439,397833,397834,3394,1,1,14400,339.5
394439,397730,397731,3291,1,1,14400,329.2
394440,397608,397609,3168,1,1,14400,316.9
394440,397633,398325,3193,692,1,14400,5.61416184971
394440,397638,398379,3198,741,1,14400,5.31578947368
394440,397644,398930,3204,1286,1,14400,3.49144634526
394441,397649,398412,3208,763,1,14400,5.20445609436
394441,397667,397867,3226,200,1,14400,17.13
394441,397673,397840,3232,167,1,14400,20.3532934132
394442,397683,399129,3241,1446,1,14400,3.24135546335
394442,397678,399751,3236,2073,1,14400,2.56102267246
394442,397750,397751,3308,1,1,14400,330.9
394443,397763,399815,3320,2052,1,14400,2.6179337232
394444,397820,397956,3376,136,1,14400,25.8235294118
394444,397814,398101,3370,287,1,14400,12.7421602787
394444,397801,397802,3357,1,1,14400,335.8
394445,394723,395295,278,572,2,7200,1.48601398601
394445,397846,398683,3401,837,1,14400,5.0633213859
394445,397859,398289,3414,430,1,14400,8.93953488372
394446,397902,398952,3456,1050,1,14400,4.29142857143
394446,397883,398255,3437,372,1,14400,10.2392473118
394446,397864,400531,3418,2667,1,14400,2.28158980127
394446,397888,397889,3442,1,1,14400,344.3
394447,397907,398367,3460,460,1,14400,8.52173913043
394447,394729,395296,282,567,2,7200,1.49735449735
394447,397913,399059,3466,1146,1,14400,4.02443280977
394447,397918,399066,3471,1148,1,14400,4.02351916376
394448,397924,400548,3476,2624,1,14400,2.32469512195
394448,397935,401145,3487,3210,1,14400,2.08629283489
394448,397929,400431,3481,2502,1,14400,2.39128697042
394449,397945,398328,3496,383,1,14400,10.1279373368
394449,397940,398197,3491,257,1,14400,14.5836575875
394449,397951,398134,3502,183,1,14400,20.1366120219
394450,398014,398556,3564,542,1,14400,7.57564575646
394450,397956,398132,3506,176,1,14400,20.9204545455
394450,398008,400673,3558,2665,1,14400,2.33508442777
394451,398019,399631,3568,1612,1,14400,3.21339950372
394451,398024,398025,3573,1,1,14400,357.4
394451,398072,398149,3621,77,1,14400,48.025974026
394451,398060,398914,3609,854,1,14400,5.22599531616
394452,398078,406011,3626,7933,1,14400,1.45707802849
394452,398083,398084,3631,1,1,14400,363.2
394452,398096,401417,3644,3321,1,14400,2.09725986149
394453,398125,398474,3672,349,1,14400,11.5214899713
394453,398102,401883,3649,3781,1,14400,1.9650886009
394453,398120,398295,3667,175,1,14400,21.9542857143
394453,398130,398131,3677,1,1,14400,367.8
394454,398144,399518,3690,1374,1,14400,3.68558951965
394454,398368,398732,3914,364,1,14400,11.7527472527
394455,398399,398527,3944,128,1,14400,31.8125
394455,398394,398940,3939,546,1,14400,8.21428571429
394456,398417,398418,3961,1,1,14400,396.2
394456,398495,398496,4039,1,1,14400,404.0
394456,398431,399253,3975,822,1,14400,5.83576642336
394456,398405,398568,3949,163,1,14400,25.226993865
394457,398155,399139,3698,984,1,14400,4.7581300813
394457,398149,399186,3692,1037,1,14400,4.56027000964
394458,398166,398723,3708,557,1,14400,7.65709156194
394458,398177,398735,3719,558,1,14400,7.66487455197
394458,398160,398764,3702,604,1,14400,7.12913907285
394458,398171,398466,3713,295,1,14400,13.586440678
394459,398223,398381,3764,158,1,14400,24.8227848101
394459,398217,398834,3758,617,1,14400,7.09076175041
394459,398212,399357,3753,1145,1,14400,4.27772925764
394460,398247,401499,3787,3252,1,14400,2.16451414514
394460,398228,398229,3768,1,1,14400,376.9
394460,398252,398952,3792,700,1,14400,6.41714285714
394461,398277,399360,3816,1083,1,14400,4.52354570637
394461,398282,399066,3821,784,1,14400,5.8737244898
394461,398271,401143,3810,2872,1,14400,2.32660167131
394462,398315,399609,3853,1294,1,14400,3.97758887172
394462,398333,399204,3871,871,1,14400,5.44431687715
394462,398288,398289,3826,1,1,14400,382.7
394462,394734,395287,272,553,2,7200,1.49186256781
394463,394740,395259,277,519,2,7200,1.53371868979
394463,398457,402217,3994,3760,1,14400,2.06223404255
394463,398449,398450,3986,1,1,14400,398.7
394463,398436,399783,3973,1347,1,14400,3.94951744618
394464,398462,399078,3998,616,1,14400,7.49025974026
394464,398470,402241,4006,3771,1,14400,2.06231768762
394465,398522,401059,4057,2537,1,14400,2.59913283406
394465,398483,399731,4018,1248,1,14400,4.21955128205
394465,398490,398977,4025,487,1,14400,9.26488706366
394466,398539,399508,4073,969,1,14400,5.20330237358
394466,398533,400414,4067,1881,1,14400,3.16214779373
394466,398528,400921,4062,2393,1,14400,2.69745089845
394467,398620,400257,4153,1637,1,14400,3.53695784973
394467,398591,399453,4124,862,1,14400,5.78422273782
394467,398614,399950,4147,1336,1,14400,4.10404191617
394467,398544,398545,4077,1,1,14400,407.8
394468,398625,398626,4157,1,1,14400,415.8
394468,398673,398674,4205,1,1,14400,420.6
394469,398710,399488,4241,778,1,14400,6.45115681234
394469,398695,399331,4226,636,1,14400,7.64465408805
394470,398738,399320,4268,582,1,14400,8.33333333333
394470,398732,399357,4262,625,1,14400,7.8192
394471,398773,398852,4302,79,1,14400,55.4556962025
394471,398762,399031,4291,269,1,14400,16.9516728625
394471,398767,399363,4296,596,1,14400,8.20805369128
394472,398791,401178,4319,2387,1,14400,2.80938416422
394472,398833,399336,4361,503,1,14400,9.66998011928
394473,398857,400164,4384,1307,1,14400,4.35424636572
394473,398851,399774,4378,923,1,14400,5.74322860238
394474,398875,399626,4401,751,1,14400,6.86018641811
394474,398893,399722,4419,829,1,14400,6.33051869723
394475,398934,399391,4459,457,1,14400,10.7571115974
394475,398904,399428,4429,524,1,14400,9.45229007634
394475,399191,399696,4716,505,1,14400,10.3386138614
394475,398899,399816,4424,917,1,14400,5.82442748092
394476,399245,399437,4769,192,1,14400,25.8385416667
394476,399251,399878,4775,627,1,14400,8.61562998405
394477,399271,399525,4794,254,1,14400,19.874015748
394477,399256,399258,4779,2,1,14400,478.1
394478,398968,399199,4490,231,1,14400,20.4372294372
394478,398974,399141,4496,167,1,14400,27.9221556886
394478,398992,400396,4514,1404,1,14400,4.2150997151
394479,398997,398998,4518,1,1,14400,451.9
394479,399009,399092,4530,83,1,14400,55.578313253
394479,394745,395278,266,533,2,7200,1.4990619137
394480,394751,395249,271,498,2,7200,1.54417670683
394480,399036,399113,4556,77,1,14400,60.1688311688
394480,399043,399122,4563,79,1,14400,58.7594936709
394481,399072,399215,4591,143,1,14400,33.1048951049
394481,399048,399049,4567,1,1,14400,456.8
394482,399084,399304,4602,220,1,14400,21.9181818182
394482,399097,400119,4615,1022,1,14400,5.5156555773
394482,399079,399247,4597,168,1,14400,28.3630952381
394483,399102,399982,4619,880,1,14400,6.24886363636
394483,399115,411504,4632,12389,1,14400,1.37388005489
394484,399120,399121,4636,1,1,14400,463.7
394484,399276,400168,4792,892,1,14400,6.37219730942
394484,399155,399955,4671,800,1,14400,6.83875
394484,399282,399568,4798,286,1,14400,17.7762237762
394485,399314,401626,4829,2312,1,14400,3.08866782007
394485,399308,400588,4823,1280,1,14400,4.76796875
394485,399287,399288,4802,1,1,14400,480.3
394486,399331,400444,4845,1113,1,14400,5.35309973046
394487,399362,401355,4875,1993,1,14400,3.44606121425
394487,399368,403967,4881,4599,1,14400,2.06131767776
394487,399379,400153,4892,774,1,14400,7.32041343669
394487,399373,400146,4886,773,1,14400,7.32082794308
394488,399403,402010,4915,2607,1,14400,2.88530878404
394488,399408,400213,4920,805,1,14400,7.11180124224
394488,399397,399861,4909,464,1,14400,11.5797413793
394490,399476,400658,4986,1182,1,14400,5.21827411168
394490,399481,401185,4991,1704,1,14400,3.92899061033
394490,399457,400324,4967,867,1,14400,6.72895040369
394491,399506,400725,5015,1219,1,14400,5.11402789171
394491,399511,401516,5020,2005,1,14400,3.50374064838
394491,399500,399780,5009,280,1,14400,18.8892857143
394492,399572,400914,5080,1342,1,14400,4.78539493294
394492,399546,399547,5054,1,1,14400,505.5
394492,399565,401935,5073,2370,1,14400,3.14050632911
394493,399609,400106,5116,497,1,14400,11.2937625755
394493,399577,399578,5084,1,1,14400,508.5
394493,399585,401000,5092,1415,1,14400,4.59858657244
394494,399627,399736,5133,109,1,14400,48.0917431193
394494,399614,400725,5120,1111,1,14400,5.60846084608
394495,399638,399945,5143,307,1,14400,17.7524429967
394495,399633,399777,5138,144,1,14400,36.6805555556
394496,399652,402758,5156,3106,1,14400,2.6600128783
394496,399837,400557,5341,720,1,14400,8.41805555556
394496,399646,399844,5150,198,1,14400,27.0101010101
394497,399678,399805,5181,127,1,14400,41.7952755906
394497,399672,400526,5175,854,1,14400,7.05971896956
394497,399683,400193,5186,510,1,14400,11.168627451
394498,399736,403073,5238,3337,1,14400,2.5696733593
394498,399765,400183,5267,418,1,14400,13.6004784689
394499,399789,399790,5290,1,1,14400,529.1
394499,399819,400208,5320,389,1,14400,14.676092545
394499,399825,400717,5326,892,1,14400,6.97085201794
394500,399843,400695,5343,852,1,14400,7.27112676056
394500,399832,400459,5332,627,1,14400,9.50398724083
394500,399848,401071,5348,1223,1,14400,5.37285363859
394501,399943,400574,5442,631,1,14400,9.62440570523
394501,399861,400157,5360,296,1,14400,19.1081081081
394502,399866,400219,5364,353,1,14400,16.1954674221
394502,399948,403025,5446,3077,1,14400,2.76990575236
394502,399973,400127,5471,154,1,14400,36.525974026
394503,399915,399916,5412,1,1,14400,541.3
394503,399910,401039,5407,1129,1,14400,5.78919397697
394504,399978,400133,5474,155,1,14400,36.3161290323
394504,399989,400118,5485,129,1,14400,43.519379845
394504,399995,400531,5491,536,1,14400,11.2444029851
394505,400101,400472,5596,371,1,14400,16.0835579515
394505,400018,400324,5513,306,1,14400,19.0163398693
394506,400142,401144,5636,1002,1,14400,6.624750499
394506,400106,400443,5600,337,1,14400,17.6172106825
394507,400090,400268,5583,178,1,14400,32.3651685393
394508,400095,400326,5587,231,1,14400,25.1861471861
394508,400147,401663,5639,1516,1,14400,4.71965699208
394508,400129,400998,5621,869,1,14400,7.46835443038
394509,400153,400508,5644,355,1,14400,16.8985915493
394509,400172,400375,5663,203,1,14400,28.8965517241
394509,400158,400282,5649,124,1,14400,46.5564516129
394510,400185,400463,5675,278,1,14400,21.4136690647
394510,400190,401112,5680,922,1,14400,7.16052060738
394511,400196,400860,5685,664,1,14400,9.56174698795
394511,400216,400364,5705,148,1,14400,39.5472972973
394511,400208,400209,5697,1,1,14400,569.8
394511,400223,400301,5712,78,1,14400,74.2307692308
394512,400329,401247,5817,918,1,14400,7.33660130719
394513,400335,401435,5822,1100,1,14400,6.29272727273
394513,400240,400620,5727,380,1,14400,16.0710526316
394513,400235,400362,5722,127,1,14400,46.0551181102
394514,400353,400556,5839,203,1,14400,29.763546798
394514,400300,401141,5786,841,1,14400,7.87990487515
394514,400258,400259,5744,1,1,14400,574.5
394515,400358,400779,5843,421,1,14400,14.8788598575
394515,400364,401124,5849,760,1,14400,8.69605263158
394516,400410,402314,5894,1904,1,14400,4.09558823529
394516,400403,402720,5887,2317,1,14400,3.54078549849
394516,400398,401531,5882,1133,1,14400,6.19152691968
394517,400439,401159,5922,720,1,14400,9.225
394517,400415,402861,5898,2446,1,14400,3.41128372854
394518,400524,400642,6006,118,1,14400,51.8983050847
394518,400549,400866,6031,317,1,14400,20.0252365931
394519,400559,401391,6040,832,1,14400,8.25961538462
394519,400444,401449,5925,1005,1,14400,6.89552238806
394519,400554,400706,6035,152,1,14400,40.7039473684
394520,400455,401139,5935,684,1,14400,9.6769005848
394520,400478,400589,5958,111,1,14400,54.6756756757
394520,400450,401339,5930,889,1,14400,7.67041619798
394521,400509,400510,5988,1,1,14400,598.9
394521,400543,400854,6022,311,1,14400,20.3633440514
394521,400529,400530,6008,1,1,14400,600.9
394522,400570,400571,6048,1,1,14400,604.9
394522,400565,400696,6043,131,1,14400,47.1297709924
394522,400588,400701,6066,113,1,14400,54.6814159292
394523,400599,400769,6076,170,1,14400,36.7411764706
394523,400594,400736,6071,142,1,14400,43.7535211268
394523,400634,400912,6111,278,1,14400,22.9820143885
394524,400663,401055,6139,392,1,14400,16.6607142857
394525,400684,400916,6159,232,1,14400,27.5474137931
394525,400679,400842,6154,163,1,14400,38.754601227
394525,400668,400795,6143,127,1,14400,49.3700787402
394525,400674,400830,6149,156,1,14400,40.4166666667
394526,400690,400938,6164,248,1,14400,25.8548387097
394526,400720,401126,6194,406,1,14400,16.2561576355
394526,400695,400919,6169,224,1,14400,28.5401785714
394527,400732,400975,6205,243,1,14400,26.5349794239
394527,400738,400816,6211,78,1,14400,80.6282051282
394528,400743,401032,6215,289,1,14400,22.5051903114
394553,394756,395269,203,513,2,7200,1.39571150097
394568,394761,395298,193,537,2,7200,1.35940409683
394570,394767,395308,197,541,2,7200,1.36414048059
394585,394772,395287,187,515,2,7200,1.36310679612
394586,394778,395354,192,576,2,7200,1.33333333333
394602,394783,395323,181,540,2,7200,1.33518518519
394603,394789,395278,186,489,2,7200,1.38036809816
394618,394794,395316,176,522,2,7200,1.33716475096
394620,394800,395361,180,561,2,7200,1.32085561497
394635,394805,395323,170,518,2,7200,1.32818532819
394636,394810,395363,174,553,2,7200,1.31464737794
394663,394816,395318,153,502,2,7200,1.30478087649
394685,394841,395363,156,522,2,7200,1.29885057471
394700,394847,395351,147,504,2,7200,1.29166666667
394715,394852,395387,137,535,2,7200,1.25607476636
394716,394858,395397,142,539,2,7200,1.26345083488
394757,394863,395399,106,536,2,7200,1.19776119403
394758,394868,395417,110,549,2,7200,1.20036429872
394774,394874,395408,100,534,2,7200,1.1872659176
394775,394879,395450,104,571,2,7200,1.18213660245
394776,394885,395433,109,548,2,7200,1.19890510949
394792,394890,395435,98,545,2,7200,1.17981651376
394807,394896,395446,89,550,2,7200,1.16181818182
394837,394947,395479,110,532,2,7200,1.20676691729
394839,394953,395490,114,537,2,7200,1.21229050279
394857,394958,395480,101,522,2,7200,1.19348659004
394875,394964,395497,89,533,2,7200,1.1669793621
395201,395208,395717,7,509,2,7200,1.0137524558
395222,395233,395749,11,516,2,7200,1.02131782946
395237,395246,395764,9,518,2,7200,1.01737451737
395252,395259,395749,7,490,2,7200,1.01428571429
395254,395277,395796,23,519,2,7200,1.04431599229
395255,395283,395824,28,541,2,7200,1.05175600739
395257,395288,395817,31,529,2,7200,1.05860113422
395272,395307,395858,35,551,2,7200,1.06352087114
395274,395313,395830,39,517,2,7200,1.07543520309
395275,395318,395864,43,546,2,7200,1.07875457875
395291,395324,395876,33,552,2,7200,1.0597826087
395292,395329,395882,37,553,2,7200,1.06690777577
395294,395334,395868,40,534,2,7200,1.07490636704
395296,395340,395858,44,518,2,7200,1.08494208494
395311,395354,395873,43,519,2,7200,1.08285163776
395313,395359,395856,46,497,2,7200,1.09255533199
395314,395364,395898,50,534,2,7200,1.0936329588
395316,395370,395907,54,537,2,7200,1.10055865922
395332,395375,395910,43,535,2,7200,1.08037383178
395333,395381,395922,48,541,2,7200,1.0887245841
395334,395386,395894,52,508,2,7200,1.10236220472
395336,395392,395925,56,533,2,7200,1.10506566604
395354,395406,395922,52,516,2,7200,1.1007751938
395356,395411,395918,55,507,2,7200,1.10848126233
395372,395416,395994,44,578,2,7200,1.07612456747
395373,395422,395945,49,523,2,7200,1.09369024857
395375,395427,395956,52,529,2,7200,1.09829867675
395390,395433,395979,43,546,2,7200,1.07875457875
395405,395451,396002,46,551,2,7200,1.0834845735
395407,395457,395968,50,511,2,7200,1.09784735812
395422,395462,395984,40,522,2,7200,1.07662835249
395423,395468,395977,45,509,2,7200,1.0884086444
395438,395473,395977,35,504,2,7200,1.06944444444
395440,395479,395968,39,489,2,7200,1.07975460123
395455,395497,395995,42,498,2,7200,1.0843373494
395457,395503,396035,46,532,2,7200,1.08646616541
395481,395508,396031,27,523,2,7200,1.05162523901
395483,395514,396057,31,543,2,7200,1.05709023941
395498,395538,396061,40,523,2,7200,1.07648183556
395499,395544,396050,45,506,2,7200,1.08893280632
395718,395728,396265,10,537,2,7200,1.01862197393
395752,395759,396277,7,518,2,7200,1.01351351351
395753,395765,396270,12,505,2,7200,1.02376237624
395768,395778,396274,10,496,2,7200,1.02016129032
395799,395813,396358,14,545,2,7200,1.02568807339
395820,395827,396356,7,529,2,7200,1.01323251418
395835,395863,396397,28,534,2,7200,1.05243445693
395836,395868,396391,32,523,2,7200,1.06118546845
395858,395881,396408,23,527,2,7200,1.04364326376
395860,395887,396418,27,531,2,7200,1.05084745763
395876,395950,396452,74,502,2,7200,1.14741035857
395877,395955,396461,78,506,2,7200,1.15415019763
395878,395961,396477,83,516,2,7200,1.16085271318
395880,395966,396514,86,548,2,7200,1.15693430657
395895,395972,396534,77,562,2,7200,1.13701067616
395897,395977,396492,80,515,2,7200,1.15533980583
395898,395982,396455,84,473,2,7200,1.17758985201
395914,395988,396484,74,496,2,7200,1.14919354839
395915,395993,396556,78,563,2,7200,1.13854351687
395916,395999,396533,83,534,2,7200,1.15543071161
395932,396004,396520,72,516,2,7200,1.13953488372
395933,396010,396517,77,507,2,7200,1.15187376726
395935,396015,396549,80,534,2,7200,1.14981273408
395936,396021,396539,85,518,2,7200,1.16409266409
395951,396046,396594,95,548,2,7200,1.17335766423
395967,396052,396541,85,489,2,7200,1.17382413088
395983,396057,396605,74,548,2,7200,1.13503649635
395984,396063,396595,79,532,2,7200,1.1484962406
395985,396068,396625,83,557,2,7200,1.14901256732
395987,396073,396606,86,533,2,7200,1.16135084428
395989,396079,396622,90,543,2,7200,1.16574585635
396007,396084,396621,77,537,2,7200,1.14338919926
396008,396090,396618,82,528,2,7200,1.1553030303
396010,396095,396638,85,543,2,7200,1.15653775322
396011,396101,396617,90,516,2,7200,1.17441860465
396032,396106,396613,74,507,2,7200,1.1459566075
396047,396153,396702,106,549,2,7200,1.19307832423
396063,396158,396683,95,525,2,7200,1.18095238095
396065,396164,396661,99,497,2,7200,1.19919517103
396066,396169,396712,103,543,2,7200,1.18968692449
396267,396279,396822,12,543,2,7200,1.02209944751
396282,396304,396802,22,498,2,7200,1.04417670683
396284,396310,396842,26,532,2,7200,1.04887218045
396285,396315,396828,30,513,2,7200,1.05847953216
396358,396369,396897,11,528,2,7200,1.02083333333
396360,396374,396895,14,521,2,7200,1.02687140115
396393,396405,396923,12,518,2,7200,1.02316602317
396408,396423,396949,15,526,2,7200,1.02851711027
396410,396428,396933,18,505,2,7200,1.03564356436
396425,396441,396978,16,537,2,7200,1.02979515829
396456,396465,396971,9,506,2,7200,1.01778656126
396471,396491,397003,20,512,2,7200,1.0390625
396472,396496,397038,24,542,2,7200,1.0442804428
396487,396510,397045,23,535,2,7200,1.04299065421
396488,396515,397025,27,510,2,7200,1.05294117647
396503,396521,397068,18,547,2,7200,1.03290676417
396519,396534,397086,15,552,2,7200,1.02717391304
396520,396539,397037,19,498,2,7200,1.03815261044
396536,396563,397095,27,532,2,7200,1.0507518797
396537,396569,397070,32,501,2,7200,1.06387225549
396538,396574,397124,36,550,2,7200,1.06545454545
396554,396580,397105,26,525,2,7200,1.04952380952
396555,396585,397141,30,556,2,7200,1.05395683453
396557,396591,397090,34,499,2,7200,1.06813627255
396572,396615,397166,43,551,2,7200,1.0780399274
396596,396621,397143,25,522,2,7200,1.04789272031
396598,396626,397135,28,509,2,7200,1.05500982318
396613,396655,397191,42,536,2,7200,1.07835820896
396614,396661,397219,47,558,2,7200,1.08422939068
396616,396666,397185,50,519,2,7200,1.09633911368
396630,396650,402741,20,6091,2,43200,1.00328353308
396632,396672,397192,40,520,2,7200,1.07692307692
396633,396677,397212,44,535,2,7200,1.08224299065
396634,396683,397207,49,524,2,7200,1.09351145038
396636,396688,397222,52,534,2,7200,1.09737827715
396637,396694,397209,57,515,2,7200,1.11067961165
396652,396712,397239,60,527,2,7200,1.11385199241
396668,396718,397212,50,494,2,7200,1.1012145749
396686,396723,397245,37,522,2,7200,1.07088122605
396704,396729,397242,25,513,2,7200,1.04873294347
396719,396742,397287,23,545,2,7200,1.04220183486
396804,396820,397330,16,510,2,7200,1.03137254902
396822,396843,397395,21,552,2,7200,1.03804347826
396837,396849,397383,12,534,2,7200,1.02247191011
396852,396862,397383,10,521,2,7200,1.01919385797
396898,396906,397388,8,482,2,7200,1.01659751037
396899,396912,397427,13,515,2,7200,1.02524271845
396926,396935,397485,9,550,2,7200,1.01636363636
396931,396953,396955,22,2,2,36000,2.4
396941,396958,397503,17,545,2,7200,1.03119266055
396956,396971,397529,15,558,2,7200,1.02688172043
396972,397006,397507,34,501,2,7200,1.06786427146
396987,397012,397522,25,510,2,7200,1.04901960784
397005,397035,397542,30,507,2,7200,1.05917159763
397029,397041,397543,12,502,2,7200,1.02390438247
397044,397054,397580,10,526,2,7200,1.01901140684
397046,397059,397602,13,543,2,7200,1.02394106814
397047,397065,397618,18,553,2,7200,1.03254972875
397068,397096,397623,28,527,2,7200,1.05313092979
397083,397101,397641,18,540,2,7200,1.03333333333
397099,397109,397604,10,495,2,7200,1.0202020202
397100,397115,397641,15,526,2,7200,1.02851711027
397102,397120,397671,18,551,2,7200,1.03266787659
397117,397133,397657,16,524,2,7200,1.03053435115
397132,397152,397657,20,505,2,7200,1.0396039604
397147,397193,397727,46,534,2,7200,1.0861423221
397149,397198,397752,49,554,2,7200,1.08844765343
397150,397203,397747,53,544,2,7200,1.09742647059
397159,397187,397190,28,3,4,36000,3.1
397168,397209,397727,41,518,2,7200,1.07915057915
397186,397229,397761,43,532,2,7200,1.08082706767
397202,397234,397761,32,527,2,7200,1.06072106262
397203,397240,397803,37,563,2,7200,1.06571936057
397219,397245,397791,26,546,2,7200,1.04761904762
397220,397251,397772,31,521,2,7200,1.05950095969
397222,397341,397859,119,518,2,7200,1.22972972973
397223,397346,397880,123,534,2,7200,1.23033707865
397239,397352,397862,113,510,2,7200,1.22156862745
397240,397357,397902,117,545,2,7200,1.21467889908
397242,397363,397899,121,536,2,7200,1.22574626866
397257,397368,397914,111,546,2,7200,1.2032967033
397258,397374,397932,116,558,2,7200,1.20788530466
397289,397379,397902,90,523,2,7200,1.17208413002
397331,397384,397897,53,513,2,7200,1.10331384016
397386,397404,397919,18,515,2,7200,1.03495145631
397388,397409,397931,21,522,2,7200,1.04022988506
397403,397460,397980,57,520,2,7200,1.10961538462
397405,397466,397982,61,516,2,7200,1.11821705426
397429,397471,398009,42,538,2,7200,1.0780669145
397486,397501,398009,15,508,2,7200,1.02952755906
397504,397530,398073,26,543,2,7200,1.04788213628
397519,397536,398055,17,519,2,7200,1.03275529865
397535,397559,398112,24,553,2,7200,1.04339963834
397536,397565,398068,29,503,2,7200,1.05765407555
397551,397570,398131,19,561,2,7200,1.03386809269
397553,397576,398100,23,524,2,7200,1.04389312977
397583,397616,398123,33,507,2,7200,1.0650887574
397604,397622,398161,18,539,2,7200,1.03339517625
397606,397627,398143,21,516,2,7200,1.04069767442
397621,397656,398156,35,500,2,7200,1.07
397636,397662,398179,26,517,2,7200,1.0502901354
397651,397696,398263,45,567,2,7200,1.07936507937
397653,397701,398191,48,490,2,7200,1.09795918367
397668,397707,398257,39,550,2,7200,1.07090909091
397669,397712,398243,43,531,2,7200,1.08097928437
397684,397717,398236,33,519,2,7200,1.06358381503
397730,397738,398286,8,548,2,7200,1.01459854015
397732,397745,398299,13,554,2,7200,1.02346570397
397750,397758,398310,8,552,2,7200,1.01449275362
397765,397778,398298,13,520,2,7200,1.025
397767,397783,398321,16,538,2,7200,1.02973977695
397768,397789,398339,21,550,2,7200,1.03818181818
397783,397796,398332,13,536,2,7200,1.02425373134
397798,397809,398314,11,505,2,7200,1.02178217822
397814,397828,398335,14,507,2,7200,1.02761341223
397862,397872,398391,10,519,2,7200,1.01926782274
397863,397877,398409,14,532,2,7200,1.02631578947
397882,397897,398411,15,514,2,7200,1.02918287938
397900,397965,398499,65,534,2,7200,1.12172284644
397902,397970,398513,68,543,2,7200,1.12523020258
397917,397976,398515,59,539,2,7200,1.1094619666
397919,397981,398510,62,529,2,7200,1.11720226843
397920,397986,398520,66,534,2,7200,1.12359550562
397936,397992,398504,56,512,2,7200,1.109375
397937,397997,398515,60,518,2,7200,1.11583011583
397939,398003,398528,64,525,2,7200,1.1219047619
397982,398038,398543,56,505,2,7200,1.11089108911
397991,398032,484307,41,86275,3,259200,1.00047522457
397997,398043,398547,46,504,2,7200,1.09126984127
398012,398049,398593,37,544,2,7200,1.06801470588
398014,398054,398589,40,535,2,7200,1.07476635514
398056,398067,398611,11,544,2,7200,1.02022058824
398071,398091,398637,20,546,2,7200,1.03663003663
398086,398109,398649,23,540,2,7200,1.04259259259
398101,398114,398624,13,510,2,7200,1.02549019608
398117,398138,398633,21,495,2,7200,1.04242424242
398129,409070,769107,10941,360037,1,360000,1.0303885434
398132,398185,398728,53,543,2,7200,1.09760589319
398134,398190,398715,56,525,2,7200,1.10666666667
398149,398196,398746,47,550,2,7200,1.08545454545
398164,398201,398755,37,554,2,7200,1.06678700361
398165,398207,398723,42,516,2,7200,1.08139534884
398180,398236,398792,56,556,2,7200,1.10071942446
398192,839542,1199582,441350,360040,1,360000,2.22583601822
398196,398241,398792,45,551,2,7200,1.08166969147
398238,398260,398777,22,517,2,7200,1.04255319149
398253,398266,398802,13,536,2,7200,1.02425373134
398269,398295,398838,26,543,2,7200,1.04788213628
398270,398301,398826,31,525,2,7200,1.05904761905
398288,398306,398849,18,543,2,7200,1.03314917127
398304,398322,398872,18,550,2,7200,1.03272727273
398305,398328,398883,23,555,2,7200,1.04144144144
398306,839549,1199583,441243,360034,1,360000,2.22555925274
398320,398346,398878,26,532,2,7200,1.04887218045
398322,398352,398900,30,548,2,7200,1.05474452555
398337,398357,398860,20,503,2,7200,1.03976143141
398339,398363,398914,24,551,2,7200,1.04355716878
398341,398376,398899,35,523,2,7200,1.06692160612
398356,398381,398910,25,529,2,7200,1.04725897921
398392,398412,398935,20,523,2,7200,1.03824091778
398411,398425,398972,14,547,2,7200,1.02559414991
398426,398444,398961,18,517,2,7200,1.03481624758
398502,398515,399037,13,522,2,7200,1.02490421456
398518,398553,399104,35,551,2,7200,1.06352087114
398520,398558,399113,38,555,2,7200,1.06846846847
398522,398564,399127,42,563,2,7200,1.07460035524
398523,398569,399132,46,563,2,7200,1.08170515098
398525,398574,399115,49,541,2,7200,1.09057301294
398540,398580,399111,40,531,2,7200,1.07532956685
398542,398585,399098,43,513,2,7200,1.08382066277
398557,398604,399158,47,554,2,7200,1.08483754513
398558,398609,399148,51,539,2,7200,1.09461966605
398589,398598,403711,9,5113,4,10800,1.00176021905
398592,398633,399146,41,513,2,7200,1.07992202729
398593,398639,399160,46,521,2,7200,1.08829174664
398614,398644,399164,30,520,2,7200,1.05769230769
398618,398650,575092,32,176442,1,176400,1.00018136271
398629,398657,399207,28,550,2,7200,1.05090909091
398645,398662,399167,17,505,2,7200,1.03366336634
398646,398668,399167,22,499,2,7200,1.04408817635
398661,398681,399220,20,539,2,7200,1.03710575139
398716,398725,399266,9,541,2,7200,1.01663585952
398731,398751,399285,20,534,2,7200,1.03745318352
398733,398756,399255,23,499,2,7200,1.04609218437
398748,398780,399339,32,559,2,7200,1.0572450805
398763,398785,399301,22,516,2,7200,1.04263565891
398778,398803,399328,25,525,2,7200,1.04761904762
398794,398809,399327,15,518,2,7200,1.02895752896
398796,398814,399371,18,557,2,7200,1.03231597846
398811,398827,399372,16,545,2,7200,1.02935779817
398826,398846,399380,20,534,2,7200,1.03745318352
398841,398864,399405,23,541,2,7200,1.04251386322
398856,398869,399383,13,514,2,7200,1.02529182879
398872,398888,399442,16,554,2,7200,1.02888086643
398887,398912,399449,25,537,2,7200,1.04655493482
398888,398917,399434,29,517,2,7200,1.05609284333
398890,398923,399478,33,555,2,7200,1.05945945946
398905,398928,399434,23,506,2,7200,1.04545454545
398907,398947,399496,40,549,2,7200,1.07285974499
398922,398952,399489,30,537,2,7200,1.05586592179
398923,398958,399472,35,514,2,7200,1.06809338521
398939,398963,399510,24,547,2,7200,1.04387568556
398963,398986,399476,23,490,2,7200,1.04693877551
398978,399004,399532,26,528,2,7200,1.04924242424
399002,399128,402825,126,3697,8,14400,1.03408168786
399016,399163,402864,147,3701,8,14400,1.03971899487
399039,399056,399592,17,536,2,7200,1.03171641791
399099,399109,399657,10,548,2,7200,1.01824817518
399115,399134,399689,19,555,2,7200,1.03423423423
399116,399139,399658,23,519,2,7200,1.04431599229
399118,399145,399684,27,539,2,7200,1.05009276438
399119,399150,399670,31,520,2,7200,1.05961538462
399135,399169,399651,34,482,2,7200,1.07053941909
399136,399174,399722,38,548,2,7200,1.06934306569
399152,399180,399683,28,503,2,7200,1.05566600398
399153,399185,399703,32,518,2,7200,1.06177606178
399169,399204,399748,35,544,2,7200,1.06433823529
399170,399210,399735,40,525,2,7200,1.07619047619
399172,399215,399768,43,553,2,7200,1.07775768535
399173,399221,399709,48,488,2,7200,1.09836065574
399175,399226,399763,51,537,2,7200,1.09497206704
399208,399234,399732,26,498,2,7200,1.05220883534
399223,399240,399751,17,511,2,7200,1.03326810176
399257,399263,399753,6,490,2,7200,1.01224489796
399272,399295,399783,23,488,2,7200,1.04713114754
399287,399300,399854,13,554,2,7200,1.02346570397
399302,399326,399876,24,550,2,7200,1.04363636364
399330,399339,399869,9,530,2,7200,1.01698113208
399331,399344,399892,13,548,2,7200,1.02372262774
399346,399357,399870,11,513,2,7200,1.02144249513
399374,399386,399880,12,494,2,7200,1.02429149798
399375,399392,399926,17,534,2,7200,1.03183520599
399391,399421,399941,30,520,2,7200,1.05769230769
399392,399426,399974,34,548,2,7200,1.06204379562
399407,399432,399974,25,542,2,7200,1.04612546125
399420,399541,399546,121,5,1,86400,12.6
399438,399446,399989,8,543,2,7200,1.01473296501
399439,399451,400016,12,565,2,7200,1.02123893805
399454,399465,399944,11,479,2,7200,1.02296450939
399456,399470,400028,14,558,2,7200,1.02508960573
399474,399495,400051,21,556,2,7200,1.03776978417
399489,399519,400064,30,545,2,7200,1.05504587156
399491,399525,400041,34,516,2,7200,1.06589147287
399492,399530,400071,38,541,2,7200,1.07024029575
399507,399535,400040,28,505,2,7200,1.05544554455
399522,399554,400069,32,515,2,7200,1.06213592233
399537,399559,400067,22,508,2,7200,1.04330708661
399595,399601,400152,6,551,2,7200,1.0108892922
399653,399665,400179,12,514,2,7200,1.0233463035
399668,399696,400245,28,549,2,7200,1.05100182149
399670,399701,400253,31,552,2,7200,1.05615942029
399685,399707,400240,22,533,2,7200,1.04127579737
399686,399712,400245,26,533,2,7200,1.0487804878
399688,399718,400234,30,516,2,7200,1.05813953488
399703,399725,400261,22,536,2,7200,1.04104477612
399718,399730,400237,12,507,2,7200,1.02366863905
399720,399749,400270,29,521,2,7200,1.0556621881
399735,399754,400275,19,521,2,7200,1.03646833013
399737,399760,400295,23,535,2,7200,1.04299065421
399752,399773,400316,21,543,2,7200,1.03867403315
399754,399779,400297,25,518,2,7200,1.04826254826
399755,399784,400341,29,557,2,7200,1.05206463196
399771,399797,400320,26,523,2,7200,1.04971319312
399772,399803,400340,31,537,2,7200,1.05772811918
399774,399808,400367,34,559,2,7200,1.06082289803
399789,399814,400365,25,551,2,7200,1.04537205082
399856,399874,400406,18,532,2,7200,1.03383458647
399871,399887,400414,16,527,2,7200,1.03036053131
399872,399892,400440,20,548,2,7200,1.03649635036
399888,399899,400402,11,503,2,7200,1.02186878728
399890,399904,400410,14,506,2,7200,1.02766798419
399905,399923,400454,18,531,2,7200,1.03389830508
399920,399930,400469,10,539,2,7200,1.0185528757
399944,399955,400491,11,536,2,7200,1.02052238806
399946,399960,400499,14,539,2,7200,1.02597402597
399949,399984,484261,35,84277,1,86400,1.00041529717
399976,400002,400549,26,547,2,7200,1.04753199269
399978,400008,400526,30,518,2,7200,1.05791505792
399993,400013,400553,20,540,2,7200,1.03703703704
400018,400031,400574,13,543,2,7200,1.02394106814
400033,400045,400603,12,558,2,7200,1.02150537634
400048,400059,400589,11,530,2,7200,1.02075471698
400050,400064,400574,14,510,2,7200,1.02745098039
400065,400071,400586,6,515,2,7200,1.01165048544
400067,400084,400615,17,531,2,7200,1.03201506591
400082,400113,400648,31,535,2,7200,1.05794392523
400084,400118,400661,34,543,2,7200,1.06261510129
400085,400124,400584,39,460,2,7200,1.0847826087
400154,400166,400693,12,527,2,7200,1.02277039848
400181,400203,400748,22,545,2,7200,1.04036697248
400236,400248,400765,12,517,2,7200,1.02321083172
400238,400253,400755,15,502,2,7200,1.02988047809
400254,400266,400791,12,525,2,7200,1.02285714286
400255,400272,400799,17,527,2,7200,1.03225806452
400256,400277,400782,21,505,2,7200,1.04158415842
400272,400284,400808,12,524,2,7200,1.02290076336
400273,400289,400810,16,521,2,7200,1.03071017274
400275,400295,400827,20,532,2,7200,1.03759398496
400290,400313,400818,23,505,2,7200,1.04554455446
400305,400318,400862,13,544,2,7200,1.02389705882
400306,400324,400862,18,538,2,7200,1.03345724907
400322,400342,400878,20,536,2,7200,1.03731343284
400323,400347,400918,24,571,2,7200,1.04203152364
400341,400376,400897,35,521,2,7200,1.06717850288
400343,400381,400874,38,493,2,7200,1.07707910751
400367,400387,400897,20,510,2,7200,1.03921568627
400369,400392,400918,23,526,2,7200,1.04372623574
400405,400428,400941,23,513,2,7200,1.04483430799
400420,400433,400943,13,510,2,7200,1.02549019608
400422,400462,400994,40,532,2,7200,1.07518796992
400423,400467,400992,44,525,2,7200,1.08380952381
400442,400473,401031,31,558,2,7200,1.05555555556
400457,400491,401039,34,548,2,7200,1.06204379562
400458,400606,400608,148,2,8,36000,15.0
400468,400749,400756,281,7,1,60,28.8
400469,400754,400758,285,4,1,60,28.9
400472,400496,401001,24,505,2,7200,1.04752475248
400493,400504,401019,11,515,2,7200,1.0213592233
400508,400517,401037,9,520,2,7200,1.01730769231
400530,400536,401045,6,509,2,7200,1.01178781925
400551,400577,401124,26,547,2,7200,1.04753199269
400566,400583,401101,17,518,2,7200,1.03281853282
400581,400612,401130,31,518,2,7200,1.05984555985
400583,400617,401149,34,532,2,7200,1.06390977444
400598,400623,401125,25,502,2,7200,1.04980079681
400599,400628,401149,29,521,2,7200,1.0556621881
400601,400646,401181,45,535,2,7200,1.08411214953
400616,400652,401187,36,535,2,7200,1.06728971963
400618,400657,401169,39,512,2,7200,1.076171875
400648,400703,401226,55,523,2,7200,1.1051625239
400663,400709,401216,46,507,2,7200,1.09072978304
400697,400714,401235,17,521,2,7200,1.03262955854
400751,400761,401273,10,512,2,7200,1.01953125
400766,400774,401339,8,565,2,7200,1.01415929204
400768,400781,401300,13,519,2,7200,1.02504816956
400783,400790,401319,7,529,2,7200,1.01323251418
400798,400804,401313,6,509,2,7200,1.01178781925
400813,400820,401326,7,506,2,7200,1.01383399209
400815,400827,401362,12,535,2,7200,1.02242990654
400816,400832,401380,16,548,2,7200,1.02919708029
400831,400839,401387,8,548,2,7200,1.01459854015
400833,400846,401382,13,536,2,7200,1.02425373134
400863,400871,401407,8,536,2,7200,1.01492537313
400865,400878,401420,13,542,2,7200,1.02398523985
400880,400888,401429,8,541,2,7200,1.01478743068
400882,400895,401376,13,481,2,7200,1.02702702703
400897,400904,401439,7,535,2,7200,1.01308411215
400899,400911,401455,12,544,2,7200,1.02205882353
400919,402164,402168,1245,4,32,60,124.9
400920,400926,401474,6,548,2,7200,1.01094890511
400920,402190,402191,1270,1,32,60,127.1
400922,400933,401454,11,521,2,7200,1.02111324376
400933,402203,402204,1270,1,32,60,127.1
400943,400950,401455,7,505,2,7200,1.01386138614
400958,400965,401489,7,524,2,7200,1.01335877863
400994,401002,401515,8,513,2,7200,1.01559454191
400996,401009,401569,13,560,2,7200,1.02321428571
401011,401017,401514,6,497,2,7200,1.01207243461
401026,401033,401578,7,545,2,7200,1.0128440367
401042,401049,401580,7,531,2,7200,1.0131826742
401043,401056,401579,13,523,2,7200,1.02485659656
401045,401061,401613,16,552,2,7200,1.02898550725
401060,401069,401601,9,532,2,7200,1.01691729323
401102,401108,401652,6,544,2,7200,1.01102941176
401126,401134,401662,8,528,2,7200,1.01515151515
401128,401141,401655,13,514,2,7200,1.02529182879
401143,401149,401641,6,492,2,7200,1.01219512195
401158,401171,401717,13,546,2,7200,1.02380952381
401159,401166,401173,7,7,8,7200,1.4
401160,401178,401717,18,539,2,7200,1.03339517625
401175,401185,401725,10,540,2,7200,1.01851851852
401190,401196,401704,6,508,2,7200,1.01181102362
401192,401202,401736,10,534,2,7200,1.01872659176
401219,401225,401751,6,526,2,7200,1.01140684411
401234,401241,401778,7,537,2,7200,1.01303538175
401249,401255,401763,6,508,2,7200,1.01181102362
401266,401272,402147,6,875,8,7200,1.00685714286
401273,401279,401825,6,546,2,7200,1.01098901099
401303,401309,401806,6,497,2,7200,1.01207243461
401318,401325,401829,7,504,2,7200,1.01388888889
401334,401341,401889,7,548,2,7200,1.01277372263
401335,401348,401864,13,516,2,7200,1.02519379845
401350,401357,401864,7,507,2,7200,1.01380670611
401365,401372,401896,7,524,2,7200,1.01335877863
401380,401388,401898,8,510,2,7200,1.01568627451
401382,401395,401941,13,546,2,7200,1.02380952381
401397,401404,401944,7,540,2,7200,1.01296296296
401399,401412,401914,13,502,2,7200,1.02589641434
401414,401422,401936,8,514,2,7200,1.01556420233
401430,401437,401957,7,520,2,7200,1.01346153846
401431,401444,401959,13,515,2,7200,1.02524271845
401446,401452,401944,6,492,2,7200,1.01219512195
401462,401469,401987,7,518,2,7200,1.01351351351
401463,401475,402024,12,549,2,7200,1.0218579235
401465,401481,402001,16,520,2,7200,1.03076923077
401480,401488,402045,8,557,2,7200,1.01436265709
401495,401502,402051,7,549,2,7200,1.01275045537
401513,401519,402077,6,558,2,7200,1.01075268817
401528,401535,402077,7,542,2,7200,1.01291512915
401570,401577,402085,7,508,2,7200,1.01377952756
401586,401594,402138,8,544,2,7200,1.01470588235
401587,401599,402128,12,529,2,7200,1.02268431002
401589,401605,402153,16,548,2,7200,1.02919708029
401604,401612,402126,8,514,2,7200,1.01556420233
401619,401625,402105,6,480,2,7200,1.0125
401643,401650,402149,7,499,2,7200,1.01402805611
401659,401666,402152,7,486,2,7200,1.01440329218
401660,401673,402174,13,501,2,7200,1.02594810379
401675,401682,402205,7,523,2,7200,1.01338432122
401705,401712,402227,7,515,2,7200,1.01359223301
401721,401728,402252,7,524,2,7200,1.01335877863
401722,401735,402258,13,523,2,7200,1.02485659656
401738,401745,402270,7,525,2,7200,1.01333333333
401739,401752,402294,13,542,2,7200,1.02398523985
401754,401761,402292,7,531,2,7200,1.0131826742
401769,401777,402352,8,575,2,7200,1.01391304348
401784,401791,402344,7,553,2,7200,1.01265822785
401809,401815,402364,6,549,2,7200,1.01092896175
401827,401833,402370,6,537,2,7200,1.01117318436
401841,401848,402391,7,543,2,7200,1.01289134438
401866,401873,402398,7,525,2,7200,1.01333333333
401868,401880,402417,12,537,2,7200,1.02234636872
401892,401898,402421,6,523,2,7200,1.01147227533
401907,401916,402438,9,522,2,7200,1.01724137931
401909,401922,402467,13,545,2,7200,1.02385321101
401924,401931,402466,7,535,2,7200,1.01308411215
401939,401946,402478,7,532,2,7200,1.01315789474
401955,401962,402517,7,555,2,7200,1.01261261261
401956,401969,402464,13,495,2,7200,1.02626262626
401958,401974,402487,16,513,2,7200,1.03118908382
401977,401984,402489,7,505,2,7200,1.01386138614
401978,401991,402534,13,543,2,7200,1.02394106814
401993,402000,402541,7,541,2,7200,1.01293900185
402009,402015,402548,6,533,2,7200,1.01125703565
402027,402034,402542,7,508,2,7200,1.01377952756
402045,402051,402593,6,542,2,7200,1.0110701107
402060,402066,402588,6,522,2,7200,1.01149425287
402078,402085,402632,7,547,2,7200,1.01279707495
402080,402091,402648,11,557,2,7200,1.0197486535
402095,402102,402598,7,496,2,7200,1.01411290323
402110,402116,402646,6,530,2,7200,1.01132075472
402129,402136,402679,7,543,2,7200,1.01289134438
402130,402143,402704,13,561,2,7200,1.02317290553
402148,402155,402671,7,516,2,7200,1.01356589147
402163,402171,402718,8,547,2,7200,1.01462522852
402165,402177,402741,12,564,2,7200,1.02127659574
402166,402183,402719,17,536,2,7200,1.03171641791
402181,402195,402732,14,537,2,7200,1.0260707635
402205,402213,402740,8,527,2,7200,1.01518026565
402230,402236,402770,6,534,2,7200,1.01123595506
402254,402260,402785,6,525,2,7200,1.01142857143
402269,402275,402813,6,538,2,7200,1.01115241636
402284,402291,402825,7,534,2,7200,1.01310861423
402299,402306,402848,7,542,2,7200,1.01291512915
402301,402312,402868,11,556,2,7200,1.01978417266
402347,402354,402866,7,512,2,7200,1.013671875
402362,402369,402928,7,559,2,7200,1.01252236136
402377,402384,402892,7,508,2,7200,1.01377952756
402378,402390,402936,12,546,2,7200,1.02197802198
402394,402401,402950,7,549,2,7200,1.01275045537
402409,402416,402918,7,502,2,7200,1.01394422311
402538,402544,404937,6,2393,1,18000,1.002507313
402664,402672,402733,8,61,1,3600,1.13114754098
402816,402845,403759,29,914,1,14400,1.03172866521
402816,402828,404465,12,1637,1,14400,1.00733048259
402816,402840,404247,24,1407,1,14400,1.0170575693
402816,402833,406122,17,3289,1,14400,1.0051687443
402816,402822,404050,6,1228,1,14400,1.00488599349
402817,402851,404683,34,1832,1,14400,1.01855895197
402817,402856,403673,39,817,1,14400,1.04773561812
402818,402862,404137,44,1275,1,14400,1.03450980392
402818,402873,405929,55,3056,1,14400,1.0179973822
402818,402867,404698,49,1831,1,14400,1.02676133261
402819,402895,403430,76,535,1,14400,1.14205607477
402819,402878,405870,59,2992,1,14400,1.01971925134
402819,402889,403863,70,974,1,14400,1.07186858316
402819,402884,404155,65,1271,1,14400,1.05114083399
402820,402912,403408,92,496,1,14400,1.18548387097
402820,402900,403423,80,523,1,14400,1.15296367113
402820,402906,404731,86,1825,1,14400,1.04712328767
402821,402928,403576,107,648,1,14400,1.16512345679
402821,402917,404599,96,1682,1,14400,1.05707491082
402821,402923,403347,102,424,1,14400,1.24056603774
402821,402934,403114,113,180,1,14400,1.62777777778
402822,402946,404581,124,1635,1,14400,1.07584097859
402822,402940,403025,118,85,1,14400,2.38823529412
402823,402953,403190,130,237,1,14400,1.54852320675
402823,402964,405020,141,2056,1,14400,1.06857976654
402823,402958,403195,135,237,1,14400,1.56962025316
402824,402969,403598,145,629,1,14400,1.23052464229
402824,402975,404753,151,1778,1,14400,1.08492688414
402825,402981,403623,156,642,1,14400,1.24299065421
402825,402986,404289,161,1303,1,14400,1.12356101305
402825,402992,404751,167,1759,1,14400,1.09494030699
402826,403017,403296,191,279,1,14400,1.68458781362
402826,403006,403518,180,512,1,14400,1.3515625
402826,403011,403561,185,550,1,14400,1.33636363636
402826,402997,403226,171,229,1,14400,1.74672489083
402827,403035,403371,208,336,1,14400,1.61904761905
402827,403041,404374,214,1333,1,14400,1.16054013503
402827,403028,403399,201,371,1,14400,1.54177897574
402827,403023,403244,196,221,1,14400,1.88687782805
402828,403052,403760,224,708,1,14400,1.31638418079
402828,403046,403957,218,911,1,14400,1.2392974753
402829,403057,404788,228,1731,1,14400,1.13171577123
402829,403074,404756,245,1682,1,14400,1.14565992866
402829,403063,405733,234,2670,1,14400,1.08764044944
402829,403068,404391,239,1323,1,14400,1.18065003779
402830,403090,409251,260,6161,1,14400,1.04220094141
402830,403085,403761,255,676,1,14400,1.37721893491
402830,403079,404207,249,1128,1,14400,1.22074468085
402831,403101,403969,270,868,1,14400,1.31105990783
402831,403096,403470,265,374,1,14400,1.70855614973
402831,403107,404326,276,1219,1,14400,1.22641509434
402832,403123,403908,291,785,1,14400,1.37070063694
402832,403112,404971,280,1859,1,14400,1.15061861216
402832,403118,403627,286,509,1,14400,1.56188605108
402832,403129,404231,297,1102,1,14400,1.26950998185
402833,403134,403381,301,247,1,14400,2.21862348178
402833,403140,404050,307,910,1,14400,1.33736263736
402833,403146,403649,313,503,1,14400,1.62226640159
402834,403154,405134,320,1980,1,14400,1.16161616162
402834,403165,405085,331,1920,1,14400,1.17239583333
402834,403159,403536,325,377,1,14400,1.86206896552
402835,403170,405239,335,2069,1,14400,1.1619139681
402835,403181,405163,346,1982,1,14400,1.17457114026
402835,403176,405557,341,2381,1,14400,1.14321713566
402836,403204,405033,368,1829,1,14400,1.20120284308
402836,403198,403719,362,521,1,14400,1.69481765835
402836,403187,403317,351,130,1,14400,3.7
402836,403192,403404,356,212,1,14400,2.67924528302
402837,403214,404900,377,1686,1,14400,1.22360616845
402837,403220,404992,383,1772,1,14400,1.21613995485
402837,403209,404919,372,1710,1,14400,1.21754385965
402837,403226,404423,389,1197,1,14400,1.32497911445
402838,403232,405229,394,1997,1,14400,1.19729594392
402838,403238,404250,400,1012,1,14400,1.395256917
402838,403243,404055,405,812,1,14400,1.49876847291
402839,403254,405166,415,1912,1,14400,1.21705020921
402839,403249,403644,410,395,1,14400,2.03797468354
402839,403266,404562,427,1296,1,14400,1.32947530864
402839,403260,404487,421,1227,1,14400,1.34311328443
402840,403282,404081,442,799,1,14400,1.55319148936
402840,403277,403524,437,247,1,14400,2.76923076923
402840,403271,405145,431,1874,1,14400,1.22998932764
402841,403288,403786,447,498,1,14400,1.89759036145
402841,403294,403639,453,345,1,14400,2.31304347826
402841,403300,403823,459,523,1,14400,1.8776290631
402842,403312,410338,470,7026,1,14400,1.06689439226
402842,403306,403999,464,693,1,14400,1.66955266955
402842,403317,407788,475,4471,1,14400,1.10624021472
402842,403324,403654,482,330,1,14400,2.46060606061
402843,403330,405248,487,1918,1,14400,1.25391032325
402843,403342,404201,499,859,1,14400,1.5809080326
402843,403336,404446,493,1110,1,14400,1.44414414414
402843,403347,403781,504,434,1,14400,2.16129032258
402844,403358,404460,514,1102,1,14400,1.4664246824
402844,403353,406366,509,3013,1,14400,1.16893461666
402844,403364,405941,520,2577,1,14400,1.20178502134
402845,403388,404216,543,828,1,14400,1.65579710145
402845,403394,404380,549,986,1,14400,1.55679513185
402845,403370,406653,525,3283,1,14400,1.15991471215
402845,403375,405009,530,1634,1,14400,1.32435740514
402846,403399,403736,553,337,1,14400,2.6409495549
402846,403405,403645,559,240,1,14400,3.32916666667
402846,403410,404593,564,1183,1,14400,1.47675401522
402847,403416,403742,569,326,1,14400,2.74539877301
402847,403421,403682,574,261,1,14400,3.19923371648
402847,403427,403772,580,345,1,14400,2.68115942029
402848,403451,404748,603,1297,1,14400,1.46491904395
402848,403434,403795,586,361,1,14400,2.62326869806
402848,403440,403854,592,414,1,14400,2.42995169082
402848,403445,405589,597,2144,1,14400,1.27845149254
402849,403458,405258,609,1800,1,14400,1.33833333333
402849,403463,404731,614,1268,1,14400,1.48422712934
402849,403475,403654,626,179,1,14400,4.49720670391
402850,403482,403565,632,83,1,14400,8.61445783133
402850,403537,405425,687,1888,1,14400,1.36387711864
402850,403530,404169,680,639,1,14400,2.0641627543
402851,403580,403665,729,85,1,14400,9.57647058824
402851,403548,404995,697,1447,1,14400,1.48168624741
402851,403573,405081,722,1508,1,14400,1.47877984085
402852,403611,404877,759,1266,1,14400,1.59952606635
402852,403636,403778,784,142,1,14400,6.52112676056
402852,403588,403730,736,142,1,14400,6.18309859155
402853,403651,404948,798,1297,1,14400,1.61526599846
402853,403658,404750,805,1092,1,14400,1.73717948718
402853,403643,404617,790,974,1,14400,1.81108829569
402853,403663,403801,810,138,1,14400,6.86956521739
402854,403670,403816,816,146,1,14400,6.58904109589
402854,403675,405154,821,1479,1,14400,1.55510480054
402854,403681,405396,827,1715,1,14400,1.48221574344
402855,403731,405959,876,2228,1,14400,1.39317773788
402855,403694,404948,839,1254,1,14400,1.66905901116
402855,403688,403927,833,239,1,14400,4.48535564854
402855,403701,403890,846,189,1,14400,5.47619047619
402856,403742,405423,886,1681,1,14400,1.52706722189
402856,403756,404878,900,1122,1,14400,1.80213903743
402856,403749,405279,893,1530,1,14400,1.58366013072
402857,403783,405106,926,1323,1,14400,1.69992441421
402857,403778,404565,921,787,1,14400,2.17026683609
402857,403771,405586,914,1815,1,14400,1.50358126722
402858,403796,404689,938,893,1,14400,2.05039193729
402858,403791,405511,933,1720,1,14400,1.54244186047
402858,403804,404234,946,430,1,14400,3.2
402859,403822,405992,963,2170,1,14400,1.44377880184
402859,403829,404023,970,194,1,14400,6.0
402859,403809,404424,950,615,1,14400,2.54471544715
402859,403816,403955,957,139,1,14400,7.88489208633
402860,403993,404136,1133,143,1,14400,8.92307692308
402860,403988,405656,1128,1668,1,14400,1.67625899281
402860,403836,405156,976,1320,1,14400,1.73939393939
402861,404084,405334,1223,1250,1,14400,1.9784
402861,404099,404208,1238,109,1,14400,12.3577981651
402861,404090,404387,1229,297,1,14400,5.13804713805
402861,404104,404770,1243,666,1,14400,2.86636636637
402862,404110,405836,1248,1726,1,14400,1.72305909618
402862,404115,404927,1253,812,1,14400,2.54310344828
402863,404128,404759,1265,631,1,14400,3.00475435816
402863,404121,405206,1258,1085,1,14400,2.15944700461
402863,404133,405889,1270,1756,1,14400,1.72323462415
402864,404144,404955,1280,811,1,14400,2.57829839704
402864,404139,406756,1275,2617,1,14400,1.48719908292
402864,404150,405144,1286,994,1,14400,2.29376257545
402864,404155,406186,1291,2031,1,14400,1.6356474643
402865,404167,406097,1302,1930,1,14400,1.67461139896
402865,404162,405153,1297,991,1,14400,2.3087790111
402865,404174,404831,1309,657,1,14400,2.99238964992
402866,404220,405580,1354,1360,1,14400,1.99558823529
402866,404213,405256,1347,1043,1,14400,2.29146692234
402866,404181,405594,1315,1413,1,14400,1.93064401982
402867,404243,404740,1376,497,1,14400,3.76861167002
402867,404232,405040,1365,808,1,14400,2.68935643564
402867,404225,408714,1358,4489,1,14400,1.30251726442
402868,404267,404534,1399,267,1,14400,6.23970037453
402868,404260,404531,1392,271,1,14400,6.13653136531
402868,404250,404635,1382,385,1,14400,4.58961038961
402869,404338,418471,1469,14133,1,14400,1.10394113069
402869,404389,405229,1520,840,1,14400,2.80952380952
402869,404302,405225,1433,923,1,14400,2.5525460455
402870,404408,407632,1538,3224,1,14400,1.4770471464
402870,404396,404794,1526,398,1,14400,4.83417085427
402870,404416,405552,1546,1136,1,14400,2.36091549296
402871,404587,405537,1716,950,1,14400,2.80631578947
402871,404581,407317,1710,2736,1,14400,1.625
402871,404447,405668,1576,1221,1,14400,2.29074529075
402871,404441,405633,1570,1192,1,14400,2.31711409396
402872,404639,405773,1767,1134,1,14400,2.5582010582
402872,404674,405219,1802,545,1,14400,4.30642201835
402872,404633,405657,1761,1024,1,14400,2.7197265625
402873,404679,405545,1806,866,1,14400,3.08545034642
402873,404685,405054,1812,369,1,14400,5.91056910569
402873,403381,403458,508,77,1,3600,7.5974025974
402874,404691,405524,1817,833,1,14400,3.181272509
402874,404702,405196,1828,494,1,14400,4.7004048583
402874,404696,405128,1822,432,1,14400,5.21759259259
402875,404707,408504,1832,3797,1,14400,1.48248617329
402875,404720,405079,1845,359,1,14400,6.13927576602
402875,404713,405006,1838,293,1,14400,7.27303754266
402875,404725,406735,1850,2010,1,14400,1.92039800995
402876,404731,405947,1855,1216,1,14400,2.52549342105
402876,404736,404817,1860,81,1,14400,23.962962963
402876,404744,405305,1868,561,1,14400,4.32976827094
402877,404757,405704,1880,947,1,14400,2.98521647307
402877,404764,405543,1887,779,1,14400,3.42233632863
402877,404749,407511,1872,2762,1,14400,1.67776973208
402878,404782,405194,1904,412,1,14400,5.6213592233
402878,404787,406514,1909,1727,1,14400,2.1053850608
402878,404770,406132,1892,1362,1,14400,2.38913362702
402878,404775,405580,1897,805,1,14400,3.35652173913
402879,404793,406529,1914,1736,1,14400,2.10253456221
402879,404798,405193,1919,395,1,14400,5.8582278481
402880,404812,405446,1932,634,1,14400,4.04731861199
402880,404916,406594,2036,1678,1,14400,2.21334922527
402880,404805,405324,1925,519,1,14400,4.70905587669
402880,404937,405557,2057,620,1,14400,4.31774193548
402881,404829,406241,1948,1412,1,14400,2.37960339943
402881,404843,405927,1962,1084,1,14400,2.80996309963
402881,404944,408048,2063,3104,1,14400,1.66462628866
402882,404889,405773,2007,884,1,14400,3.27036199095
402882,404895,405517,2013,622,1,14400,4.23633440514
402882,404960,405802,2078,842,1,14400,3.46793349169
402883,404965,405141,2082,176,1,14400,12.8295454545
402883,405009,405728,2126,719,1,14400,3.95688456189
402883,404973,406743,2090,1770,1,14400,2.18079096045
402883,405028,406542,2145,1514,1,14400,2.41677675033
402884,405034,406346,2150,1312,1,14400,2.6387195122
402884,405063,405244,2179,181,1,14400,13.0386740331
402885,405131,408269,2246,3138,1,14400,1.71574251115
402885,405074,406084,2189,1010,1,14400,3.16732673267
402885,405126,407848,2241,2722,1,14400,1.82329169728
402885,405069,405216,2184,147,1,14400,15.8571428571
402886,405183,407667,2297,2484,1,14400,1.92471819646
402886,405137,408110,2251,2973,1,14400,1.75714766229
402886,405189,405190,2303,1,1,14400,230.4
402887,405272,405767,2385,495,1,14400,5.81818181818
402887,405261,406219,2374,958,1,14400,3.47807933194
402887,405267,405383,2380,116,1,14400,21.5172413793
402888,405286,406548,2398,1262,1,14400,2.90015847861
402888,405292,406824,2404,1532,1,14400,2.56919060052
402888,405297,407269,2409,1972,1,14400,2.22160243408
402889,405303,407956,2414,2653,1,14400,1.90991330569
402889,405448,405449,2559,1,1,14400,256.0
402889,405443,406809,2554,1366,1,14400,2.86969253294
402889,405458,407363,2569,1905,1,14400,2.34855643045
402890,405478,405660,2588,182,1,14400,15.2197802198
402891,405497,407262,2606,1765,1,14400,2.47648725212
402891,405308,405472,2417,164,1,14400,15.737804878
402891,405503,406828,2612,1325,1,14400,2.97132075472
402892,405319,407346,2427,2027,1,14400,2.19733596448
402892,405313,405533,2421,220,1,14400,12.0045454545
402892,405326,405882,2434,556,1,14400,5.37769784173
402893,405352,405653,2459,301,1,14400,9.16943521595
402893,405345,405525,2452,180,1,14400,14.6222222222
402893,405332,405850,2439,518,1,14400,5.70849420849
402895,405403,406509,2508,1106,1,14400,3.26763110307
402896,405436,405555,2540,119,1,14400,22.3445378151
402896,405411,405550,2515,139,1,14400,19.0935251799
402896,405416,405417,2520,1,1,14400,252.1
402897,405547,405639,2650,92,1,14400,29.8043478261
402897,405523,405635,2626,112,1,14400,24.4464285714
402898,405565,405645,2667,80,1,14400,34.3375
402898,405570,405657,2672,87,1,14400,31.7126436782
402898,405559,406286,2661,727,1,14400,4.66024759285
402899,405605,406837,2706,1232,1,14400,3.19642857143
402899,405612,405760,2713,148,1,14400,19.3310810811
402900,405618,406514,2718,896,1,14400,4.03348214286
402900,405629,405769,2729,140,1,14400,20.4928571429
402900,405623,405762,2723,139,1,14400,20.5899280576
402900,405634,407079,2734,1445,1,14400,2.89204152249
402901,405640,405814,2739,174,1,14400,16.7413793103
402901,405692,405693,2791,1,1,14400,279.2
402902,405739,405877,2837,138,1,14400,21.5579710145
402902,405745,406839,2843,1094,1,14400,3.5987202925
402902,405750,406577,2848,827,1,14400,4.44377267231
402903,405907,406050,3004,143,1,14400,22.006993007
402903,405756,407000,2853,1244,1,14400,3.29340836013
402903,405761,407085,2858,1324,1,14400,3.1586102719
402904,405831,408849,2927,3018,1,14400,1.96984758118
402904,405767,408610,2863,2843,1,14400,2.00703482237
402904,405912,406825,3008,913,1,14400,4.29463307777
402905,405836,407492,2931,1656,1,14400,2.76992753623
402905,405842,410570,2937,4728,1,14400,1.6211928934
402905,405877,406579,2972,702,1,14400,5.23361823362
402905,405847,405848,2942,1,1,14400,294.3
402906,405889,406084,2983,195,1,14400,16.2974358974
402906,405883,406247,2977,364,1,14400,9.17857142857
402907,405894,406449,2987,555,1,14400,6.38198198198
402907,405918,407850,3011,1932,1,14400,2.55848861284
402907,405901,406538,2994,637,1,14400,5.70015698587
402908,405940,407010,3032,1070,1,14400,3.83364485981
402908,405923,407903,3015,1980,1,14400,2.52272727273
402909,405961,407346,3052,1385,1,14400,3.2036101083
402909,405948,408973,3039,3025,1,14400,2.00462809917
402910,405979,405980,3069,1,1,14400,307.0
402910,405967,406415,3057,448,1,14400,7.82366071429
402910,405974,408892,3064,2918,1,14400,2.05003427005
402911,406024,409215,3113,3191,1,14400,1.97555625196
402911,406004,406181,3093,177,1,14400,18.4745762712
402911,406009,406010,3098,1,1,14400,309.9
402912,406035,406281,3123,246,1,14400,13.6951219512
402912,406030,406380,3118,350,1,14400,9.90857142857
402913,406060,406061,3147,1,1,14400,314.8
402913,406068,406316,3155,248,1,14400,13.7217741935
402913,406074,406292,3161,218,1,14400,15.5
402914,406079,406522,3165,443,1,14400,8.14446952596
402914,406085,406531,3171,446,1,14400,8.10986547085
402914,406120,406121,3206,1,1,14400,320.7
402915,406150,406873,3235,723,1,14400,5.47441217151
402915,406155,407030,3240,875,1,14400,4.70285714286
402915,406144,406780,3229,636,1,14400,6.07704402516
402916,406168,406309,3252,141,1,14400,24.0638297872
402916,406163,406334,3247,171,1,14400,19.9883040936
402917,406213,407497,3296,1284,1,14400,3.56697819315
402917,406208,406364,3291,156,1,14400,22.0961538462
402918,406219,407884,3301,1665,1,14400,2.98258258258
402918,406230,407101,3312,871,1,14400,4.80252583238
402918,406224,407262,3306,1038,1,14400,4.18497109827
402919,406246,406917,3327,671,1,14400,5.95827123696
402919,406235,406490,3316,255,1,14400,14.0039215686
402919,406241,406371,3322,130,1,14400,26.5538461538
402920,406351,411049,3431,4698,1,14400,1.73031077054
402920,406356,406904,3436,548,1,14400,7.2700729927
402920,406298,406805,3378,507,1,14400,7.66272189349
402921,406403,407538,3482,1135,1,14400,4.06784140969
402921,406409,406918,3488,509,1,14400,7.85265225933
402921,406414,408079,3493,1665,1,14400,3.0978978979
402922,406427,407224,3505,797,1,14400,5.39774153074
402922,406432,411717,3510,5285,1,14400,1.66414380322
402922,406420,406947,3498,527,1,14400,7.6375711575
402923,406485,406669,3562,184,1,14400,20.3586956522
402923,406501,407888,3578,1387,1,14400,3.57966834895
402924,406515,409028,3591,2513,1,14400,2.42896935933
402924,406496,406728,3572,232,1,14400,16.3965517241
402924,406490,406912,3566,422,1,14400,9.45023696682
402924,406509,406690,3585,181,1,14400,20.8066298343
402925,406520,406521,3595,1,1,14400,359.6
402925,406528,407675,3603,1147,1,14400,4.14123801221
402925,406534,409312,3609,2778,1,14400,2.29913606911
402926,406567,408750,3641,2183,1,14400,2.66788822721
402926,406541,407557,3615,1016,1,14400,4.55807086614
402927,406572,408265,3645,1693,1,14400,3.15298287064
402927,406583,407943,3656,1360,1,14400,3.68823529412
402927,406578,408121,3651,1543,1,14400,3.36616979909
402928,406608,406778,3680,170,1,14400,22.6470588235
402928,406595,407504,3667,909,1,14400,5.03410341034
402928,406590,406793,3662,203,1,14400,19.039408867
402930,406964,407406,4034,442,1,14400,10.1266968326
402930,406634,406746,3704,112,1,14400,34.0714285714
402930,406629,408378,3699,1749,1,14400,3.11492281304
402931,406699,407779,3768,1080,1,14400,4.48888888889
402931,406645,406646,3714,1,1,14400,371.5
402931,406640,406784,3709,144,1,14400,26.7569444444
402932,406704,407224,3772,520,1,14400,8.25384615385
402932,406735,407324,3803,589,1,14400,7.45670628183
402933,406746,406747,3813,1,1,14400,381.4
402933,406741,408994,3808,2253,1,14400,2.69019085664
402933,406761,407135,3828,374,1,14400,11.2352941176
402934,406777,409161,3843,2384,1,14400,2.6119966443
402934,406766,407062,3832,296,1,14400,13.9459459459
402934,406772,407245,3838,473,1,14400,9.11416490486
402935,406803,406926,3868,123,1,14400,32.4471544715
402936,406832,407808,3896,976,1,14400,4.99180327869
402936,406851,407297,3915,446,1,14400,9.77802690583
402936,406808,406809,3872,1,1,14400,387.3
402937,406862,409071,3925,2209,1,14400,2.77682209144
402937,406857,408033,3920,1176,1,14400,4.33333333333
402938,406922,406923,3984,1,1,14400,398.5
402938,406917,408777,3979,1860,1,14400,3.13924731183
402938,406892,407060,3954,168,1,14400,24.5357142857
402939,406947,407460,4008,513,1,14400,8.81286549708
402939,406953,408190,4014,1237,1,14400,4.24494745352
402939,406958,407778,4019,820,1,14400,5.9012195122
402939,406969,408903,4030,1934,1,14400,3.08376421923
402940,407021,412298,4081,5277,1,14400,1.77335607353
402940,406975,408709,4035,1734,1,14400,3.32698961938
402940,407026,407027,4086,1,1,14400,408.7
402941,407056,407460,4115,404,1,14400,11.1856435644
402941,407063,408849,4122,1786,1,14400,3.30795072788
402941,407051,408337,4110,1286,1,14400,4.19595645412
402942,407076,408593,4134,1517,1,14400,3.72511535926
402942,407068,407069,4126,1,1,14400,412.7
402942,407082,407904,4140,822,1,14400,6.03649635036
402943,407113,409000,4170,1887,1,14400,3.20985691574
402943,407107,407386,4164,279,1,14400,15.9247311828
402944,407120,407554,4176,434,1,14400,10.6221198157
402944,407125,407126,4181,1,1,14400,418.2
402944,407147,407612,4203,465,1,14400,10.0387096774
402946,407328,407329,4382,1,1,14400,438.3
402946,407574,407744,4628,170,1,14400,28.2235294118
402946,407296,407297,4350,1,1,14400,435.1
402946,407291,407686,4345,395,1,14400,12.0
402948,407242,407243,4294,1,1,14400,429.5
402948,407237,409389,4289,2152,1,14400,2.99302973978
402948,407226,407312,4278,86,1,14400,50.7441860465
402948,407231,407826,4283,595,1,14400,8.19831932773
402949,407335,408365,4386,1030,1,14400,5.25825242718
402949,407346,408584,4397,1238,1,14400,4.55169628433
402949,407341,408182,4392,841,1,14400,6.22235434007
402950,407379,409632,4429,2253,1,14400,2.96582334665
402951,407409,407783,4458,374,1,14400,12.9197860963
402951,407403,407956,4452,553,1,14400,9.05063291139
402951,407398,407978,4447,580,1,14400,8.66724137931
402952,407456,407457,4504,1,1,14400,450.5
402952,407451,407635,4499,184,1,14400,25.4510869565
402953,407492,408705,4539,1213,1,14400,4.74196207749
402953,407487,408736,4534,1249,1,14400,4.63010408327
402954,407516,407517,4562,1,1,14400,456.3
402954,407522,407660,4568,138,1,14400,34.1014492754
402955,407527,407675,4572,148,1,14400,31.8918918919
402955,407538,407624,4583,86,1,14400,54.2906976744
402955,407533,407672,4578,139,1,14400,33.9352517986
402956,407544,407628,4588,84,1,14400,55.619047619
402956,407550,407632,4594,82,1,14400,57.0243902439
402956,407555,407639,4599,84,1,14400,55.75
402957,407562,407643,4605,81,1,14400,57.8518518519
402957,407568,407655,4611,87,1,14400,54.0
402957,407585,407707,4628,122,1,14400,38.9344262295
402957,407580,407733,4623,153,1,14400,31.2156862745
402958,407597,409075,4639,1478,1,14400,4.13870094723
402958,407602,409730,4644,2128,1,14400,3.18233082707
402958,407591,407720,4633,129,1,14400,36.9147286822
402959,407614,407874,4655,260,1,14400,18.9038461538
402959,407608,407929,4649,321,1,14400,15.4828660436
402960,407619,413716,4659,6097,1,14400,1.76414630146
402960,407630,408299,4670,669,1,14400,7.98056801196
402960,407625,408245,4665,620,1,14400,8.52419354839
402961,407647,409324,4686,1677,1,14400,3.79427549195
402961,407642,407882,4681,240,1,14400,20.5041666667
402961,407636,408689,4675,1053,1,14400,5.43969610636
402962,407747,409320,4785,1573,1,14400,4.04195804196
402962,407653,408772,4691,1119,1,14400,5.19213583557
402962,407752,410673,4790,2921,1,14400,2.63984936666
402963,407763,407764,4800,1,1,14400,480.1
402963,407775,410028,4812,2253,1,14400,3.13581890812
402963,407758,408676,4795,918,1,14400,6.22331154684
402963,407769,410024,4806,2255,1,14400,3.13126385809
402964,407780,408904,4816,1124,1,14400,5.2846975089
402964,407786,408469,4822,683,1,14400,8.06002928258
402965,407797,409331,4832,1534,1,14400,4.14993481095
402965,407802,409969,4837,2167,1,14400,3.23211813567
402965,407791,408375,4826,584,1,14400,9.26369863014
402966,407824,410351,4858,2527,1,14400,2.92243767313
402966,407819,409545,4853,1726,1,14400,3.81170336037
402966,407813,408052,4847,239,1,14400,21.280334728
402966,407808,409347,4842,1539,1,14400,4.14619883041
402967,407835,408961,4868,1126,1,14400,5.32326820604
402967,407830,409315,4863,1485,1,14400,4.27474747475
402967,407841,408083,4874,242,1,14400,21.1404958678
402968,407862,408667,4894,805,1,14400,7.07950310559
402968,407851,408516,4883,665,1,14400,8.34285714286
402968,407846,409697,4878,1851,1,14400,3.63533225284
402968,407857,408357,4889,500,1,14400,10.778
402969,407873,408276,4904,403,1,14400,13.1687344913
402969,408021,409127,5052,1106,1,14400,5.5678119349
402969,407868,408844,4899,976,1,14400,6.01946721311
402970,407879,408397,4909,518,1,14400,10.4768339768
402970,408027,408202,5057,175,1,14400,29.8971428571
402971,407890,415677,4919,7787,1,14400,1.63169384872
402971,407982,408158,5011,176,1,14400,29.4715909091
402971,407884,410540,4913,2656,1,14400,2.84977409639
402972,408005,408146,5033,141,1,14400,36.695035461
402972,407999,408253,5027,254,1,14400,20.7913385827
402972,407988,408095,5016,107,1,14400,47.8785046729
402972,407993,408332,5021,339,1,14400,15.8112094395
402973,408016,408700,5043,684,1,14400,8.37280701754
402973,408010,408253,5037,243,1,14400,21.7283950617
402973,408032,409009,5059,977,1,14400,6.1780962129
402974,408038,408145,5064,107,1,14400,48.3271028037
402974,408044,408545,5070,501,1,14400,11.119760479
402974,408049,409280,5075,1231,1,14400,5.12266450041
402975,408055,409822,5080,1767,1,14400,3.87492925863
402975,408135,408513,5160,378,1,14400,14.6507936508
402975,408129,408586,5154,457,1,14400,12.2778993435
402976,408145,408603,5169,458,1,14400,12.2860262009
402976,408140,409086,5164,946,1,14400,6.45877378436
402976,408151,410629,5175,2478,1,14400,3.08837772397
402977,408164,409592,5187,1428,1,14400,4.63235294118
402977,408158,408538,5181,380,1,14400,14.6342105263
402977,408169,409449,5192,1280,1,14400,5.05625
402978,408180,408427,5202,247,1,14400,22.0607287449
402978,408186,412136,5208,3950,1,14400,2.31848101266
402978,408175,408941,5197,766,1,14400,7.78459530026
402978,408191,409542,5213,1351,1,14400,4.85862324204
402979,408197,408341,5218,144,1,14400,37.2361111111
402979,408202,408481,5223,279,1,14400,19.7204301075
402979,408216,409162,5237,946,1,14400,6.53594080338
402980,408322,408797,5342,475,1,14400,12.2463157895
402980,408292,408838,5312,546,1,14400,10.7289377289
402980,408286,410067,5306,1781,1,14400,3.97922515441
402980,408297,408298,5317,1,1,14400,531.8
402981,408333,408456,5352,123,1,14400,44.512195122
402981,408328,408476,5347,148,1,14400,37.1283783784
402982,408359,409094,5377,735,1,14400,8.3156462585
402982,408346,409871,5364,1525,1,14400,4.51737704918
402983,408734,409939,5751,1205,1,14400,5.77261410788
402983,408968,409121,5985,153,1,14400,40.1176470588
402983,408979,408980,5996,1,1,14400,599.7
402983,408974,409261,5991,287,1,14400,21.8745644599
402984,409000,409128,6016,128,1,14400,48.0
402984,409006,409184,6022,178,1,14400,34.8314606742
402984,408993,409162,6009,169,1,14400,36.5562130178
402985,409025,409456,6040,431,1,14400,15.0139211137
402985,408365,410107,5380,1742,1,14400,4.08840413318
402985,408377,408501,5392,124,1,14400,44.4838709677
402985,408370,408651,5385,281,1,14400,20.1637010676
402986,408395,410097,5409,1702,1,14400,4.17802585194
402986,408382,408569,5396,187,1,14400,29.8556149733
402987,408401,409165,5414,764,1,14400,8.08638743455
402987,408415,409829,5428,1414,1,14400,4.8387553041
402988,408442,409011,5454,569,1,14400,10.5852372583
402988,408436,408518,5448,82,1,14400,67.4390243902
402988,408447,408448,5459,1,1,14400,546.0
402989,408471,408929,5482,458,1,14400,12.9694323144
402989,408460,408678,5471,218,1,14400,26.0963302752
402990,408477,408659,5487,182,1,14400,31.1483516484
402990,408535,408675,5545,140,1,14400,40.6071428571
402990,408541,408710,5551,169,1,14400,33.8461538462
402990,408482,408741,5492,259,1,14400,22.2046332046
402991,408581,408842,5590,261,1,14400,22.4176245211
402991,408586,411007,5595,2421,1,14400,3.31102850062
402992,408592,409976,5600,1384,1,14400,5.04624277457
402992,408597,409662,5605,1065,1,14400,6.26291079812
402993,408608,409449,5615,841,1,14400,7.67657550535
402993,408614,408867,5621,253,1,14400,23.2173913043
402993,408603,409232,5610,629,1,14400,9.91891891892
402994,408634,408886,5640,252,1,14400,23.380952381
402994,408645,410937,5651,2292,1,14400,3.46553228621
402994,408639,409597,5645,958,1,14400,6.89248434238
402995,408656,409749,5661,1093,1,14400,6.17932296432
402995,408650,408792,5655,142,1,14400,40.823943662
402995,408662,410069,5667,1407,1,14400,5.02771855011
402996,408667,411212,5671,2545,1,14400,3.22829076621
402996,408742,409500,5746,758,1,14400,8.58047493404
402997,408753,408932,5756,179,1,14400,33.156424581
402997,408747,408858,5750,111,1,14400,52.8018018018
402997,408759,409263,5762,504,1,14400,12.4325396825
402998,408770,409074,5772,304,1,14400,19.9868421053
402998,408765,409994,5767,1229,1,14400,5.69243287225
402999,408783,408894,5784,111,1,14400,53.1081081081
402999,408777,409182,5778,405,1,14400,15.2666666667
402999,408788,409317,5789,529,1,14400,11.943289225
403000,408877,409504,5877,627,1,14400,10.3732057416
403000,408846,408988,5846,142,1,14400,42.1690140845
403000,408852,409112,5852,260,1,14400,23.5076923077
403001,408888,408983,5887,95,1,14400,62.9684210526
403001,408882,409160,5881,278,1,14400,22.154676259
403002,408917,409058,5915,141,1,14400,42.9503546099
403002,408923,409050,5921,127,1,14400,47.6220472441
403002,408928,409566,5926,638,1,14400,10.2884012539
403003,408946,409143,5943,197,1,14400,31.1675126904
403003,408934,409951,5931,1017,1,14400,6.83185840708
403003,408952,409218,5949,266,1,14400,23.3646616541
403003,408939,410188,5936,1249,1,14400,5.75260208167
403004,408963,409207,5959,244,1,14400,25.4221311475
403004,408958,409039,5954,81,1,14400,74.5061728395
403841,403848,404395,7,547,2,7200,1.01279707495
403842,403854,404372,12,518,2,7200,1.02316602317
403844,403859,404356,15,497,2,7200,1.03018108652
403845,403865,404410,20,545,2,7200,1.03669724771
403846,403871,404423,25,552,2,7200,1.04528985507
403848,403876,404420,28,544,2,7200,1.05147058824
403849,403883,404416,34,533,2,7200,1.06378986867
403851,403889,404412,38,523,2,7200,1.07265774379
403852,403894,404426,42,532,2,7200,1.07894736842
403854,403900,404449,46,549,2,7200,1.08378870674
403855,403905,404439,50,534,2,7200,1.0936329588
403857,403911,404409,54,498,2,7200,1.10843373494
403858,403916,404419,58,503,2,7200,1.11530815109
403859,403922,404435,63,513,2,7200,1.12280701754
403861,403927,404455,66,528,2,7200,1.125
403862,403933,404478,71,545,2,7200,1.13027522936
403864,403938,404465,74,527,2,7200,1.14041745731
403865,403944,404478,79,534,2,7200,1.14794007491
403867,403949,404477,82,528,2,7200,1.1553030303
403868,403955,404421,87,466,2,7200,1.18669527897
403870,403960,404494,90,534,2,7200,1.16853932584
403871,403966,404479,95,513,2,7200,1.18518518519
403873,403971,404478,98,507,2,7200,1.1932938856
403874,403977,404503,103,526,2,7200,1.19581749049
403876,403982,404534,106,552,2,7200,1.19202898551
403877,404001,404533,124,532,2,7200,1.23308270677
403879,404007,404557,128,550,2,7200,1.23272727273
403880,404012,404527,132,515,2,7200,1.25631067961
403882,404018,404548,136,530,2,7200,1.25660377358
403883,404023,404569,140,546,2,7200,1.25641025641
403885,404029,404552,144,523,2,7200,1.27533460803
403886,404034,404579,148,545,2,7200,1.27155963303
403888,404039,404555,151,516,2,7200,1.29263565891
403889,404045,404598,156,553,2,7200,1.28209764919
403891,404050,404539,159,489,2,7200,1.32515337423
403892,404056,404607,164,551,2,7200,1.29764065336
403894,404062,404571,168,509,2,7200,1.3300589391
403895,404067,404603,172,536,2,7200,1.32089552239
403897,404073,404606,176,533,2,7200,1.33020637899
403898,404078,404584,180,506,2,7200,1.3557312253
404359,404367,404901,8,534,2,7200,1.01498127341
404375,404382,404905,7,523,2,7200,1.01338432122
404396,404403,404917,7,514,2,7200,1.01361867704
404411,404423,404994,12,571,2,7200,1.02101576182
404413,404428,404969,15,541,2,7200,1.02772643253
404429,404436,404967,7,531,2,7200,1.0131826742
404430,404454,404975,24,521,2,7200,1.04606525912
404432,404460,404996,28,536,2,7200,1.05223880597
404433,404465,404971,32,506,2,7200,1.06324110672
404434,404471,405014,37,543,2,7200,1.06813996317
404436,404476,404967,40,491,2,7200,1.08146639511
404437,404482,405018,45,536,2,7200,1.08395522388
404453,404489,405013,36,524,2,7200,1.06870229008
404454,404494,405020,40,526,2,7200,1.07604562738
404455,404500,405048,45,548,2,7200,1.08211678832
404471,404505,405060,34,555,2,7200,1.06126126126
404472,404511,405045,39,534,2,7200,1.07303370787
404488,404518,405051,30,533,2,7200,1.05628517824
404490,404524,405042,34,518,2,7200,1.06563706564
404491,404529,405048,38,519,2,7200,1.0732177264
404493,404535,405040,42,505,2,7200,1.08316831683
404494,404540,405053,46,513,2,7200,1.08966861598
404509,404546,405090,37,544,2,7200,1.06801470588
404511,404551,405111,40,560,2,7200,1.07142857143
404529,404559,405105,30,546,2,7200,1.05494505495
404545,404565,405093,20,528,2,7200,1.03787878788
404546,404570,405100,24,530,2,7200,1.04528301887
404547,404576,405087,29,511,2,7200,1.05675146771
404563,404595,405124,32,529,2,7200,1.06049149338
404565,404600,405146,35,546,2,7200,1.0641025641
404566,404606,405115,40,509,2,7200,1.07858546169
404568,404611,405139,43,528,2,7200,1.08143939394
404583,404617,405169,34,552,2,7200,1.0615942029
404585,404622,405168,37,546,2,7200,1.06776556777
404586,404628,405178,42,550,2,7200,1.07636363636
404601,404646,405185,45,539,2,7200,1.08348794063
404603,404652,405165,49,513,2,7200,1.0955165692
404619,404657,405158,38,501,2,7200,1.07584830339
404620,404663,405178,43,515,2,7200,1.08349514563
404622,404668,405189,46,521,2,7200,1.08829174664
404902,404909,405461,7,552,2,7200,1.01268115942
404917,404925,405472,8,547,2,7200,1.01462522852
404918,404930,405471,12,541,2,7200,1.02218114603
404970,404980,405544,10,564,2,7200,1.01773049645
404972,404986,405543,14,557,2,7200,1.02513464991
404973,404991,405510,18,519,2,7200,1.03468208092
404989,404998,405504,9,506,2,7200,1.01778656126
404990,405003,405539,13,536,2,7200,1.02425373134
405007,405017,405521,10,504,2,7200,1.01984126984
405009,405022,405552,13,530,2,7200,1.02452830189
405025,405041,405578,16,537,2,7200,1.02979515829
405026,405047,405568,21,521,2,7200,1.04030710173
405028,405052,405589,24,537,2,7200,1.04469273743
405029,405058,405597,29,539,2,7200,1.05380333952
405045,405082,405605,37,523,2,7200,1.0707456979
405047,405087,405647,40,560,2,7200,1.07142857143
405049,405093,405605,44,512,2,7200,1.0859375
405064,405098,405626,34,528,2,7200,1.06439393939
405066,405104,405648,38,544,2,7200,1.06985294118
405067,405109,405618,42,509,2,7200,1.08251473477
405069,405115,405629,46,514,2,7200,1.08949416342
405070,405120,405625,50,505,2,7200,1.09900990099
405089,405145,405651,56,506,2,7200,1.11067193676
405104,405150,405675,46,525,2,7200,1.08761904762
405106,405156,405669,50,513,2,7200,1.09746588694
405107,405161,405697,54,536,2,7200,1.10074626866
405124,405167,405703,43,536,2,7200,1.0802238806
405126,405172,405665,46,493,2,7200,1.09330628803
405127,405178,405688,51,510,2,7200,1.1
405142,405198,405724,56,526,2,7200,1.10646387833
405144,405204,405755,60,551,2,7200,1.10889292196
405159,405209,405731,50,522,2,7200,1.09578544061
405160,405215,405736,55,521,2,7200,1.10556621881
405177,405220,405754,43,534,2,7200,1.08052434457
405178,405226,405728,48,502,2,7200,1.09561752988
405180,405231,405791,51,560,2,7200,1.09107142857
405196,405239,405763,43,524,2,7200,1.0820610687
405197,405245,405745,48,500,2,7200,1.096
405199,405250,405756,51,506,2,7200,1.10079051383
405201,405256,405808,55,552,2,7200,1.09963768116
405463,405473,406002,10,529,2,7200,1.01890359168
405478,405486,406011,8,525,2,7200,1.01523809524
405479,405492,406051,13,559,2,7200,1.02325581395
405507,405516,406060,9,544,2,7200,1.01654411765
405522,405536,406065,14,529,2,7200,1.02646502836
405523,405541,406078,18,537,2,7200,1.03351955307
405542,405554,406048,12,494,2,7200,1.02429149798
405557,405584,406069,27,485,2,7200,1.05567010309
405558,405589,406112,31,523,2,7200,1.05927342256
405560,405594,406090,34,496,2,7200,1.0685483871
405575,405600,406111,25,511,2,7200,1.04892367906
405590,405648,406190,58,542,2,7200,1.10701107011
405594,405654,406189,60,535,2,7200,1.11214953271
405609,405659,406160,50,501,2,7200,1.0998003992
405611,405665,406186,54,521,2,7200,1.10364683301
405613,405670,406202,57,532,2,7200,1.10714285714
405628,405676,406174,48,498,2,7200,1.09638554217
405630,405681,406184,51,503,2,7200,1.1013916501
405631,405687,406216,56,529,2,7200,1.10586011342
405646,405701,406254,55,553,2,7200,1.09945750452
405662,405706,406264,44,558,2,7200,1.07885304659
405663,405712,406258,49,546,2,7200,1.08974358974
405665,405717,406267,52,550,2,7200,1.09454545455
405680,405723,406218,43,495,2,7200,1.08686868687
405682,405728,406254,46,526,2,7200,1.08745247148
405683,405734,406237,51,503,2,7200,1.1013916501
405699,405776,406301,77,525,2,7200,1.14666666667
405700,405781,406321,81,540,2,7200,1.15
405715,405787,406305,72,518,2,7200,1.138996139
405731,405792,406334,61,542,2,7200,1.11254612546
405732,405798,406332,66,534,2,7200,1.12359550562
405734,405803,406323,69,520,2,7200,1.13269230769
405749,405809,406361,60,552,2,7200,1.10869565217
405751,405814,406348,63,534,2,7200,1.11797752809
405767,405820,406355,53,535,2,7200,1.09906542056
405768,405825,406329,57,504,2,7200,1.1130952381
405770,405856,406402,86,546,2,7200,1.15750915751
405771,405861,406376,90,515,2,7200,1.17475728155
405792,405867,406418,75,551,2,7200,1.13611615245
405811,405872,406389,61,517,2,7200,1.11798839458
405989,406312,420745,323,14433,12,14400,1.02237926973
406006,406017,406537,11,520,2,7200,1.02115384615
406021,406048,406538,27,490,2,7200,1.05510204082
406049,406055,406607,6,552,2,7200,1.01086956522
406064,406092,406612,28,520,2,7200,1.05384615385
406065,406098,406648,33,550,2,7200,1.06
406081,406103,406657,22,554,2,7200,1.03971119134
406082,406109,406616,27,507,2,7200,1.05325443787
406084,406114,406646,30,532,2,7200,1.05639097744
406099,406128,406617,29,489,2,7200,1.05930470348
406114,406133,406638,19,505,2,7200,1.03762376238
406115,406139,406660,24,521,2,7200,1.04606525912
406164,406182,406709,18,527,2,7200,1.03415559772
406179,406189,406707,10,518,2,7200,1.01930501931
406195,406202,406744,7,542,2,7200,1.01291512915
406196,406260,406813,64,553,2,7200,1.1157323689
406198,406265,406799,67,534,2,7200,1.12546816479
406199,406270,406765,71,495,2,7200,1.14343434343
406214,406276,406788,62,512,2,7200,1.12109375
406217,406254,406261,37,7,4,1800,4.4
406229,406281,406804,52,523,2,7200,1.09942638623
406231,406287,406807,56,520,2,7200,1.10769230769
406246,406292,406790,46,498,2,7200,1.09236947791
406262,406317,406835,55,518,2,7200,1.10617760618
406263,406323,406845,60,522,2,7200,1.11494252874
406264,406328,406878,64,550,2,7200,1.11636363636
406280,406334,406841,54,507,2,7200,1.10650887574
406281,406339,406858,58,519,2,7200,1.11175337187
406302,406345,406908,43,563,2,7200,1.07637655417
406318,406365,406894,47,529,2,7200,1.08884688091
406334,406370,406905,36,535,2,7200,1.06728971963
406335,406376,406882,41,506,2,7200,1.08102766798
406337,406381,406891,44,510,2,7200,1.0862745098
406338,406387,406909,49,522,2,7200,1.0938697318
406353,406392,406943,39,551,2,7200,1.07078039927
406355,406398,406926,43,528,2,7200,1.08143939394
406370,406446,406965,76,519,2,7200,1.14643545279
406372,406451,406948,79,497,2,7200,1.15895372233
406387,406457,406984,70,527,2,7200,1.13282732448
406403,406462,406957,59,495,2,7200,1.11919191919
406405,406468,406982,63,514,2,7200,1.12256809339
406420,406473,407020,53,547,2,7200,1.09689213894
406539,406548,407069,9,521,2,7200,1.01727447217
406540,406554,407070,14,516,2,7200,1.02713178295
406610,406622,407171,12,549,2,7200,1.0218579235
406626,406658,407214,32,556,2,7200,1.05755395683
406627,406664,407175,37,511,2,7200,1.07240704501
406629,406669,407211,40,542,2,7200,1.07380073801
406632,406653,423680,21,17027,3,288000,1.00123333529
406644,406675,407201,31,526,2,7200,1.05893536122
406660,406682,407236,22,554,2,7200,1.03971119134
406661,406688,407209,27,521,2,7200,1.05182341651
406663,406693,407195,30,502,2,7200,1.05976095618
406678,406717,407247,39,530,2,7200,1.07358490566
406708,406722,407249,14,527,2,7200,1.0265654649
406723,406729,407248,6,519,2,7200,1.01156069364
406747,406754,407266,7,512,2,7200,1.013671875
406769,406790,407296,21,506,2,7200,1.04150197628
406790,406797,407290,7,493,2,7200,1.01419878296
406805,406816,407300,11,484,2,7200,1.02272727273
406807,406821,407334,14,513,2,7200,1.02729044834
406808,406827,407350,19,523,2,7200,1.03632887189
406824,406840,407382,16,542,2,7200,1.0295202952
406825,406846,407389,21,543,2,7200,1.03867403315
406841,406876,407374,35,498,2,7200,1.0702811245
406856,406881,407345,25,464,2,7200,1.05387931034
406858,406887,407435,29,548,2,7200,1.05291970803
406873,406900,407442,27,542,2,7200,1.04981549815
406889,406905,407451,16,546,2,7200,1.0293040293
406890,406911,407446,21,535,2,7200,1.03925233645
406905,406930,407478,25,548,2,7200,1.04562043796
406907,406936,407488,29,552,2,7200,1.05253623188
406922,406942,407450,20,508,2,7200,1.03937007874
406924,406983,407531,59,548,2,7200,1.10766423358
406926,406988,407511,62,523,2,7200,1.11854684512
406941,406993,407511,52,518,2,7200,1.10038610039
406956,406999,407520,43,521,2,7200,1.08253358925
406957,407005,407505,48,500,2,7200,1.096
406973,407010,407537,37,527,2,7200,1.07020872865
406974,407015,407528,41,513,2,7200,1.07992202729
406990,407034,407541,44,507,2,7200,1.08678500986
406991,407040,407604,49,564,2,7200,1.08687943262
407022,407045,407604,23,559,2,7200,1.04114490161
407070,407089,407619,19,530,2,7200,1.0358490566
407072,407094,407640,22,546,2,7200,1.04029304029
407172,407185,407726,13,541,2,7200,1.02402957486
407187,407199,407697,12,498,2,7200,1.02409638554
407202,407213,407746,11,533,2,7200,1.02063789869
407204,407218,407771,14,553,2,7200,1.0253164557
407219,407250,407798,31,548,2,7200,1.05656934307
407221,407256,407757,35,501,2,7200,1.06986027944
407222,407261,407784,39,523,2,7200,1.07456978967
407238,407267,407791,29,524,2,7200,1.05534351145
407253,407274,407823,21,549,2,7200,1.03825136612
407255,407280,407818,25,538,2,7200,1.04646840149
407256,407285,407847,29,562,2,7200,1.05160142349
407269,407662,407685,393,23,32,3600,18.0869565217
407271,407304,407848,33,544,2,7200,1.06066176471
407292,407310,407814,18,504,2,7200,1.03571428571
407308,407317,407822,9,505,2,7200,1.01782178218
407309,407323,407825,14,502,2,7200,1.02788844622
407336,407353,407907,17,554,2,7200,1.03068592058
407352,407366,407866,14,500,2,7200,1.028
407353,407372,407863,19,491,2,7200,1.03869653768
407377,407391,407918,14,527,2,7200,1.0265654649
407393,407421,407939,28,518,2,7200,1.05405405405
407394,407426,407978,32,552,2,7200,1.05797101449
407437,407444,407961,7,517,2,7200,1.01353965184
407452,407463,407987,11,524,2,7200,1.02099236641
407454,407469,408022,15,553,2,7200,1.02712477396
407455,407474,407993,19,519,2,7200,1.0366088632
407457,407480,408021,23,541,2,7200,1.04251386322
407481,407505,407989,24,484,2,7200,1.04958677686
407496,407511,408043,15,532,2,7200,1.02819548872
407511,407667,408214,156,547,2,7200,1.28519195612
407513,407673,408192,160,519,2,7200,1.30828516378
407514,407678,408220,164,542,2,7200,1.30258302583
407530,407684,408230,154,546,2,7200,1.28205128205
407531,407689,408242,158,553,2,7200,1.28571428571
407547,407695,408232,148,537,2,7200,1.27560521415
407548,407701,408246,153,545,2,7200,1.28073394495
407550,407706,408221,156,515,2,7200,1.30291262136
407601,407712,408248,111,536,2,7200,1.20708955224
407603,407717,408245,114,528,2,7200,1.21590909091
407621,407723,408281,102,558,2,7200,1.18279569892
407640,407728,408241,88,513,2,7200,1.17153996101
407701,407736,408313,35,577,2,7200,1.06065857886
407728,407741,408268,13,527,2,7200,1.02466793169
407750,407899,408425,149,526,2,7200,1.28326996198
407765,407905,408439,140,534,2,7200,1.26217228464
407780,407910,408421,130,511,2,7200,1.25440313112
407795,407916,408442,121,526,2,7200,1.23003802281
407797,407921,408463,124,542,2,7200,1.22878228782
407812,407927,408443,115,516,2,7200,1.22286821705
407828,407932,408464,104,532,2,7200,1.1954887218
407829,407938,408483,109,545,2,7200,1.2
407830,407943,408487,113,544,2,7200,1.20772058824
407832,407949,408470,117,521,2,7200,1.2245681382
407833,407954,408455,121,501,2,7200,1.24151696607
407846,408060,408088,214,28,2,3600,8.64285714286
407848,407960,408509,112,549,2,7200,1.20400728597
407850,407966,408508,116,542,2,7200,1.21402214022
407865,407971,408470,106,499,2,7200,1.2124248497
407880,407977,408527,97,550,2,7200,1.17636363636
407910,408068,408620,158,552,2,7200,1.28623188406
407925,408074,408629,149,555,2,7200,1.26846846847
407941,408079,408605,138,526,2,7200,1.26235741445
407962,408085,408639,123,554,2,7200,1.22202166065
407980,408091,408565,111,474,2,7200,1.23417721519
407996,408096,408614,100,518,2,7200,1.19305019305
407997,408102,408622,105,520,2,7200,1.20192307692
407999,408107,408642,108,535,2,7200,1.20186915888
408023,408113,408650,90,537,2,7200,1.16759776536
408025,408118,408642,93,524,2,7200,1.17748091603
408046,408124,408664,78,540,2,7200,1.14444444444
408195,408210,408749,15,539,2,7200,1.02782931354
408217,408223,408771,6,548,2,7200,1.01094890511
408232,408239,408778,7,539,2,7200,1.01298701299
408233,408246,408767,13,521,2,7200,1.02495201536
408235,408251,408798,16,547,2,7200,1.02925045704
408236,408257,408770,21,513,2,7200,1.04093567251
408252,408264,408775,12,511,2,7200,1.02348336595
408254,408270,408770,16,500,2,7200,1.032
408255,408275,408781,20,506,2,7200,1.0395256917
408257,408281,408825,24,544,2,7200,1.04411764706
408258,408305,408850,47,545,2,7200,1.08623853211
408273,408311,408864,38,553,2,7200,1.06871609403
408288,408317,408845,29,528,2,7200,1.05492424242
408316,408341,408851,25,510,2,7200,1.04901960784
408422,408429,408969,7,540,2,7200,1.01296296296
408437,408454,408999,17,545,2,7200,1.03119266055
408452,408489,409048,37,559,2,7200,1.06618962433
408454,408495,409010,41,515,2,7200,1.07961165049
408455,408501,409007,46,506,2,7200,1.09090909091
408471,408506,409003,35,497,2,7200,1.07042253521
408472,408511,409034,39,523,2,7200,1.07456978967
408474,408517,409058,43,541,2,7200,1.07948243993
408475,408522,409031,47,509,2,7200,1.09233791749
408477,408528,409078,51,550,2,7200,1.09272727273
408493,408554,409067,61,513,2,7200,1.11890838207
408494,408559,409103,65,544,2,7200,1.11948529412
408509,408564,409088,55,524,2,7200,1.10496183206
408511,408570,409073,59,503,2,7200,1.11729622266
408529,408575,409125,46,550,2,7200,1.08363636364
408569,408622,409118,53,496,2,7200,1.10685483871
408609,408628,409139,19,511,2,7200,1.03718199609
408625,408682,409208,57,526,2,7200,1.10836501901
408626,408688,409233,62,545,2,7200,1.11376146789
408628,408694,409211,66,517,2,7200,1.12765957447
408643,408699,409233,56,534,2,7200,1.10486891386
408645,408705,409241,60,536,2,7200,1.11194029851
408647,408711,409263,64,552,2,7200,1.11594202899
408648,408717,409224,69,507,2,7200,1.13609467456
408664,408722,409231,58,509,2,7200,1.11394891945
408665,408728,409293,63,565,2,7200,1.11150442478
408754,408802,409304,48,502,2,7200,1.09561752988
408770,408807,409319,37,512,2,7200,1.072265625
408786,408813,409320,27,507,2,7200,1.05325443787
408787,408819,409329,32,510,2,7200,1.06274509804
408789,408824,409370,35,546,2,7200,1.0641025641
408790,408830,409339,40,509,2,7200,1.07858546169
408792,408835,409371,43,536,2,7200,1.0802238806
408794,408841,409390,47,549,2,7200,1.08561020036
408810,408860,409363,50,503,2,7200,1.09940357853
408829,408865,409390,36,525,2,7200,1.06857142857
408847,408871,409364,24,493,2,7200,1.04868154158
408863,408900,409396,37,496,2,7200,1.07459677419
408864,408906,409444,42,538,2,7200,1.0780669145
408879,408911,409447,32,536,2,7200,1.05970149254
408970,408987,409509,17,522,2,7200,1.03256704981
409001,409019,409530,18,511,2,7200,1.03522504892
409017,409032,409562,15,530,2,7200,1.02830188679
409018,409038,409539,20,501,2,7200,1.03992015968
409020,409043,409579,23,536,2,7200,1.04291044776
409036,409050,409599,14,549,2,7200,1.02550091075
409037,409056,409563,19,507,2,7200,1.03747534517
409052,409063,409587,11,524,2,7200,1.02099236641
409068,409077,409645,9,568,2,7200,1.01584507042
409069,409082,409629,13,547,2,7200,1.02376599634
409085,409093,409594,8,501,2,7200,1.01596806387
409086,409099,409618,13,519,2,7200,1.02504816956
409102,409109,409649,7,540,2,7200,1.01296296296
409117,409124,409659,7,535,2,7200,1.01308411215
409133,409140,409665,7,525,2,7200,1.01333333333
409134,409147,409693,13,546,2,7200,1.02380952381
409149,409156,409680,7,524,2,7200,1.01335877863
409210,409217,409731,7,514,2,7200,1.01361867704
409225,409231,409773,6,542,2,7200,1.0110701107
409227,409239,409778,12,539,2,7200,1.02226345083
409243,409250,409776,7,526,2,7200,1.01330798479
409244,409257,409783,13,526,2,7200,1.0247148289
409246,409262,409800,16,538,2,7200,1.02973977695
409247,409268,409802,21,534,2,7200,1.0393258427
409266,409275,409792,9,517,2,7200,1.01740812379
409296,409303,409823,7,520,2,7200,1.01346153846
409311,409319,409822,8,503,2,7200,1.01590457256
409326,409334,409844,8,510,2,7200,1.01568627451
409328,409341,409875,13,534,2,7200,1.02434456929
409344,409351,409883,7,532,2,7200,1.01315789474
409345,409357,409880,12,523,2,7200,1.02294455067
409367,409374,409896,7,522,2,7200,1.01340996169
409368,409381,409878,13,497,2,7200,1.02615694165
409383,409389,409916,6,527,2,7200,1.01138519924
409385,409396,409941,11,545,2,7200,1.02018348624
409400,409406,409938,6,532,2,7200,1.01127819549
409402,409414,409929,12,515,2,7200,1.02330097087
409403,409419,409951,16,532,2,7200,1.03007518797
409441,409447,412325,6,2878,8,7200,1.0020847811
409446,409454,410014,8,560,2,7200,1.01428571429
409461,409468,410011,7,543,2,7200,1.01289134438
409510,409517,410066,7,549,2,7200,1.01275045537
409531,409538,410056,7,518,2,7200,1.01351351351
409546,409553,410107,7,554,2,7200,1.01263537906
409565,409571,410106,6,535,2,7200,1.01121495327
409566,409579,410080,13,501,2,7200,1.02594810379
409581,409588,410138,7,550,2,7200,1.01272727273
409597,409604,410124,7,520,2,7200,1.01346153846
409598,409611,410157,13,546,2,7200,1.02380952381
409613,409620,410158,7,538,2,7200,1.01301115242
409629,409635,410152,6,517,2,7200,1.01160541586
409644,409651,410157,7,506,2,7200,1.01383399209
409659,409665,410200,6,535,2,7200,1.01121495327
409661,409673,410194,12,521,2,7200,1.02303262956
409662,409678,410218,16,540,2,7200,1.02962962963
409678,409685,410211,7,526,2,7200,1.01330798479
409693,409700,410213,7,513,2,7200,1.01364522417
409695,409707,410257,12,550,2,7200,1.02181818182
409735,409742,410266,7,524,2,7200,1.01335877863
409774,409781,410315,7,534,2,7200,1.01310861423
409790,409797,410326,7,529,2,7200,1.01323251418
409792,409805,410327,13,522,2,7200,1.02490421456
409793,409811,410332,18,521,2,7200,1.03454894434
409809,409818,410360,9,542,2,7200,1.01660516605
409811,409824,410332,13,508,2,7200,1.02559055118
409812,409830,410397,18,567,2,7200,1.03174603175
409828,409838,410355,10,517,2,7200,1.01934235977
409830,409844,410384,14,540,2,7200,1.02592592593
409845,409853,410380,8,527,2,7200,1.01518026565
409876,409882,410416,6,534,2,7200,1.01123595506
409891,409898,410416,7,518,2,7200,1.01351351351
409893,409905,410428,12,523,2,7200,1.02294455067
409894,409910,410467,16,557,2,7200,1.02872531418
409910,409917,410410,7,493,2,7200,1.01419878296
409925,409931,410458,6,527,2,7200,1.01138519924
409940,409947,410494,7,547,2,7200,1.01279707495
409941,409954,410459,13,505,2,7200,1.02574257426
409957,409963,410480,6,517,2,7200,1.01160541586
409958,409970,410519,12,549,2,7200,1.0218579235
410013,410021,410548,8,527,2,7200,1.01518026565
410029,410036,410544,7,508,2,7200,1.01377952756
410059,410066,410611,7,545,2,7200,1.0128440367
410074,410081,410645,7,564,2,7200,1.01241134752
410089,410095,410601,6,506,2,7200,1.01185770751
410108,410115,410660,7,545,2,7200,1.0128440367
410110,410122,410652,12,530,2,7200,1.02264150943
410125,410132,410691,7,559,2,7200,1.01252236136
410140,410147,410693,7,546,2,7200,1.01282051282
410155,410168,410707,13,539,2,7200,1.0241187384
410157,410162,425315,5,15153,20,86399,1.00032996766
410172,410178,410691,6,513,2,7200,1.01169590643
410173,410185,410741,12,556,2,7200,1.02158273381
410174,410191,410707,17,516,2,7200,1.03294573643
410196,410203,410757,7,554,2,7200,1.01263537906
410211,410218,410759,7,541,2,7200,1.01293900185
410226,410232,410782,6,550,2,7200,1.01090909091
410228,410239,410776,11,537,2,7200,1.02048417132
410229,410245,410762,16,517,2,7200,1.03094777563
410260,410267,410807,7,540,2,7200,1.01296296296
410275,410282,410816,7,534,2,7200,1.01310861423
410318,410324,410818,6,494,2,7200,1.01214574899
410334,410340,410865,6,525,2,7200,1.01142857143
410336,410348,410917,12,569,2,7200,1.02108963093
410337,410354,410897,17,543,2,7200,1.03130755064
410339,410359,410900,20,541,2,7200,1.03696857671
410357,410366,410921,9,555,2,7200,1.01621621622
410372,410380,410907,8,527,2,7200,1.01518026565
410388,410395,410912,7,517,2,7200,1.01353965184
410389,410402,410949,13,547,2,7200,1.02376599634
410405,410412,410952,7,540,2,7200,1.01296296296
410420,410426,410932,6,506,2,7200,1.01185770751
410422,410434,410960,12,526,2,7200,1.02281368821
410423,410440,410957,17,517,2,7200,1.03288201161
410439,410447,410953,8,506,2,7200,1.01581027668
410460,410467,410977,7,510,2,7200,1.0137254902
410462,410474,411004,12,530,2,7200,1.02264150943
410477,410484,410985,7,501,2,7200,1.01397205589
410492,410498,411049,6,551,2,7200,1.0108892922
410507,410513,411063,6,550,2,7200,1.01090909091
410522,410528,411067,6,539,2,7200,1.01113172542
410547,410553,411101,6,548,2,7200,1.01094890511
410562,410568,411112,6,544,2,7200,1.01102941176
410604,410611,411171,7,560,2,7200,1.0125
410620,410626,411208,6,582,2,7200,1.01030927835
410647,410654,411191,7,537,2,7200,1.01303538175
410662,410669,411202,7,533,2,7200,1.01313320826
410663,410676,411199,13,523,2,7200,1.02485659656
410694,410702,411267,8,565,2,7200,1.01415929204
410696,410709,411244,13,535,2,7200,1.02429906542
410697,410715,411252,18,537,2,7200,1.03351955307
410713,410722,411249,9,527,2,7200,1.01707779886
410715,410728,411293,13,565,2,7200,1.02300884956
410742,410749,411285,7,536,2,7200,1.01305970149
410760,410767,411335,7,568,2,7200,1.01232394366
410762,410774,411321,12,547,2,7200,1.02193784278
410777,410784,411328,7,544,2,7200,1.01286764706
410779,410791,411310,12,519,2,7200,1.02312138728
410794,410801,411351,7,550,2,7200,1.01272727273
410809,410815,411322,6,507,2,7200,1.01183431953
410825,410832,411362,7,530,2,7200,1.01320754717
410826,410838,411356,12,518,2,7200,1.02316602317
410869,410875,411421,6,546,2,7200,1.01098901099
410899,410906,411433,7,527,2,7200,1.01328273245
410915,410922,411465,7,543,2,7200,1.01289134438
410916,410929,411462,13,533,2,7200,1.0243902439
410918,410934,411461,16,527,2,7200,1.03036053131
410933,410941,411474,8,533,2,7200,1.01500938086
410934,410946,411468,12,522,2,7200,1.02298850575
410936,410953,411466,17,513,2,7200,1.03313840156
410952,410960,411514,8,554,2,7200,1.01444043321
410953,410965,411520,12,555,2,7200,1.02162162162
410969,410976,411519,7,543,2,7200,1.01289134438
410971,410983,411507,12,524,2,7200,1.02290076336
410972,410988,411529,16,541,2,7200,1.02957486137
410988,410995,411515,7,520,2,7200,1.01346153846
410989,411002,411549,13,547,2,7200,1.02376599634
411005,411012,411563,7,551,2,7200,1.01270417423
411050,411058,411593,8,535,2,7200,1.01495327103
411065,411072,411602,7,530,2,7200,1.01320754717
411081,411088,411620,7,532,2,7200,1.01315789474
411102,411108,411635,6,527,2,7200,1.01138519924
411117,411123,411649,6,526,2,7200,1.01140684411
411175,411181,411699,6,518,2,7200,1.01158301158
411193,411200,411713,7,513,2,7200,1.01364522417
411209,411216,411733,7,517,2,7200,1.01353965184
411210,411223,411762,13,539,2,7200,1.0241187384
411212,411228,411786,16,558,2,7200,1.02867383513
411245,411251,411763,6,512,2,7200,1.01171875
411261,411268,411813,7,545,2,7200,1.0128440367
411262,411274,411825,12,551,2,7200,1.02177858439
411277,411284,411830,7,546,2,7200,1.01282051282
411293,411299,411802,6,503,2,7200,1.01192842942
411308,411315,411838,7,523,2,7200,1.01338432122
411324,411331,411848,7,517,2,7200,1.01353965184
411325,411338,411845,13,507,2,7200,1.02564102564
411327,411344,411869,17,525,2,7200,1.03238095238
411342,411350,411881,8,531,2,7200,1.01506591337
411344,411356,411874,12,518,2,7200,1.02316602317
411349,411363,411365,14,2,6,3600,1.6
411360,411370,411887,10,517,2,7200,1.01934235977
411361,411375,411925,14,550,2,7200,1.02545454545
411377,411383,411925,6,542,2,7200,1.0110701107
411422,411429,411983,7,554,2,7200,1.01263537906
411437,411445,411989,8,544,2,7200,1.01470588235
411462,411468,412011,6,543,2,7200,1.01104972376
411478,411485,412031,7,546,2,7200,1.01282051282
411479,411492,412023,13,531,2,7200,1.02448210923
411481,411497,412049,16,552,2,7200,1.02898550725
411482,411503,412039,21,536,2,7200,1.03917910448
411483,411508,412030,25,522,2,7200,1.04789272031
411508,411515,412043,7,528,2,7200,1.01325757576
411523,411530,412058,7,528,2,7200,1.01325757576
411525,411537,412076,12,539,2,7200,1.02226345083
411527,411543,412052,16,509,2,7200,1.03143418468
411528,411548,412097,20,549,2,7200,1.0364298725
411544,411555,412087,11,532,2,7200,1.02067669173
411559,411566,412114,7,548,2,7200,1.01277372263
411574,411581,412122,7,541,2,7200,1.01293900185
411595,411601,412155,6,554,2,7200,1.01083032491
411610,411618,412144,8,526,2,7200,1.01520912548
411625,411632,412140,7,508,2,7200,1.01377952756
411640,411647,412154,7,507,2,7200,1.01380670611
411656,411662,412192,6,530,2,7200,1.01132075472
411698,411705,412239,7,534,2,7200,1.01310861423
411716,411722,412251,6,529,2,7200,1.01134215501
411735,411742,412263,7,521,2,7200,1.01343570058
411762,411769,412282,7,513,2,7200,1.01364522417
411777,411784,412321,7,537,2,7200,1.01303538175
411792,411798,412358,6,560,2,7200,1.01071428571
411807,411814,412348,7,534,2,7200,1.01310861423
411823,411830,412389,7,559,2,7200,1.01252236136
411838,411845,412381,7,536,2,7200,1.01305970149
411839,411852,412394,13,542,2,7200,1.02398523985
411855,411862,412395,7,533,2,7200,1.01313320826
411857,411869,412432,12,563,2,7200,1.02131438721
411858,411874,412413,16,539,2,7200,1.02968460111
411874,411881,412422,7,541,2,7200,1.01293900185
411889,411896,412444,7,548,2,7200,1.01277372263
411891,411903,412427,12,524,2,7200,1.02290076336
411892,411908,412458,16,550,2,7200,1.02909090909
411926,411932,412454,6,522,2,7200,1.01149425287
411928,411940,412464,12,524,2,7200,1.02290076336
411985,411992,412539,7,547,2,7200,1.01279707495
412000,412008,412534,8,526,2,7200,1.01520912548
412016,412022,412576,6,554,2,7200,1.01083032491
412031,412038,412599,7,561,2,7200,1.01247771836
412033,412045,412620,12,575,2,7200,1.02086956522
412035,412051,412565,16,514,2,7200,1.03112840467
412050,412058,412575,8,517,2,7200,1.01547388781
412052,412065,412612,13,547,2,7200,1.02376599634
412054,412071,412626,17,555,2,7200,1.03063063063
412069,412078,412582,9,504,2,7200,1.01785714286
412070,412083,412575,13,492,2,7200,1.02642276423
412086,412092,412619,6,527,2,7200,1.01138519924
412101,412108,412671,7,563,2,7200,1.01243339254
412102,412115,412636,13,521,2,7200,1.02495201536
412118,412125,412712,7,587,2,7200,1.01192504259
412133,412139,412673,6,534,2,7200,1.01123595506
412148,412155,412697,7,542,2,7200,1.01291512915
412150,412162,412682,12,520,2,7200,1.02307692308
412165,412172,412711,7,539,2,7200,1.01298701299
412166,412179,412709,13,530,2,7200,1.02452830189
412194,412201,412748,7,547,2,7200,1.01279707495
412243,412250,412805,7,555,2,7200,1.01261261261
412258,412265,412803,7,538,2,7200,1.01301115242
412273,412280,412827,7,547,2,7200,1.01279707495
412288,412296,412799,8,503,2,7200,1.01590457256
412325,412332,412857,7,525,2,7200,1.01333333333
412349,412357,412907,8,550,2,7200,1.01454545455
412365,412372,412911,7,539,2,7200,1.01298701299
412383,412390,412935,7,545,2,7200,1.0128440367
412399,412406,412938,7,532,2,7200,1.01315789474
412400,412413,412963,13,550,2,7200,1.02363636364
412402,412419,412945,17,526,2,7200,1.03231939163
412417,412426,412933,9,507,2,7200,1.01775147929
412433,412441,412971,8,530,2,7200,1.01509433962
412435,412447,412997,12,550,2,7200,1.02181818182
412436,412454,412991,18,537,2,7200,1.03351955307
412452,412461,413004,9,543,2,7200,1.01657458564
412467,412475,413001,8,526,2,7200,1.01520912548
412469,412482,413008,13,526,2,7200,1.0247148289
412471,412488,413012,17,524,2,7200,1.03244274809
412538,412545,413099,7,554,2,7200,1.01263537906
412553,412560,413100,7,540,2,7200,1.01296296296
412568,412575,413111,7,536,2,7200,1.01305970149
412584,412591,413086,7,495,2,7200,1.01414141414
412585,412598,413129,13,531,2,7200,1.02448210923
412587,412604,413159,17,555,2,7200,1.03063063063
412589,412610,413124,21,514,2,7200,1.04085603113
412604,412617,413153,13,536,2,7200,1.02425373134
412619,412626,413168,7,542,2,7200,1.01291512915
412621,412633,413168,12,535,2,7200,1.02242990654
412637,412644,413152,7,508,2,7200,1.01377952756
412639,412651,413145,12,494,2,7200,1.02429149798
412641,412657,413208,16,551,2,7200,1.02903811252
412671,412678,413219,7,541,2,7200,1.01293900185
412687,412694,413224,7,530,2,7200,1.01320754717
412689,412701,413239,12,538,2,7200,1.02230483271
412704,412711,413238,7,527,2,7200,1.01328273245
412720,412727,413252,7,525,2,7200,1.01333333333
412722,412734,413233,12,499,2,7200,1.02404809619
412724,412740,413268,16,528,2,7200,1.0303030303
412752,412759,413281,7,522,2,7200,1.01340996169
412801,412808,413357,7,549,2,7200,1.01275045537
412816,412823,413372,7,549,2,7200,1.01275045537
412818,412830,413357,12,527,2,7200,1.02277039848
412834,412841,413361,7,520,2,7200,1.01346153846
412858,412865,413407,7,542,2,7200,1.01291512915
412907,412914,413444,7,530,2,7200,1.01320754717
412922,412929,413466,7,537,2,7200,1.01303538175
412938,412944,413491,6,547,2,7200,1.01096892139
412940,412952,413493,12,541,2,7200,1.02218114603
412955,412962,413457,7,495,2,7200,1.01414141414
412957,412969,413474,12,505,2,7200,1.02376237624
412973,412980,413509,7,529,2,7200,1.01323251418
412975,412987,413529,12,542,2,7200,1.0221402214
412994,413001,413497,7,496,2,7200,1.01411290323
413010,413016,413526,6,510,2,7200,1.01176470588
413012,413023,413536,11,513,2,7200,1.02144249513
413013,413029,413562,16,533,2,7200,1.03001876173
413015,413034,413586,19,552,2,7200,1.03442028986
413030,413041,413593,11,552,2,7200,1.01992753623
413088,413095,413615,7,520,2,7200,1.01346153846
413104,413111,413634,7,523,2,7200,1.01338432122
413105,413118,413644,13,526,2,7200,1.0247148289
413121,413128,413634,7,506,2,7200,1.01383399209
413136,413144,413704,8,560,2,7200,1.01428571429
413138,413151,413695,13,544,2,7200,1.02389705882
413154,413161,413706,7,545,2,7200,1.0128440367
413156,413168,413711,12,543,2,7200,1.02209944751
413158,413175,413739,17,564,2,7200,1.03014184397
413173,413182,413730,9,548,2,7200,1.01642335766
413175,413187,413756,12,569,2,7200,1.02108963093
413177,413194,413747,17,553,2,7200,1.03074141049
413211,413218,413757,7,539,2,7200,1.01298701299
413226,413233,413757,7,524,2,7200,1.01335877863
413228,413240,413784,12,544,2,7200,1.02205882353
413244,413251,413807,7,556,2,7200,1.01258992806
413246,413259,413814,13,555,2,7200,1.02342342342
413247,413264,413827,17,563,2,7200,1.03019538188
413263,413271,413816,8,545,2,7200,1.01467889908
413278,413285,413824,7,539,2,7200,1.01298701299
413293,413300,413845,7,545,2,7200,1.0128440367
413357,413364,413888,7,524,2,7200,1.01335877863
413373,413380,413913,7,533,2,7200,1.01313320826
413375,413387,413949,12,562,2,7200,1.02135231317
413377,413393,413948,16,555,2,7200,1.02882882883
413408,413415,413934,7,519,2,7200,1.01348747592
413444,413452,414006,8,554,2,7200,1.01444043321
413460,413467,414007,7,540,2,7200,1.01296296296
413475,413482,414017,7,535,2,7200,1.01308411215
413477,413489,414016,12,527,2,7200,1.02277039848
413493,413500,414053,7,553,2,7200,1.01265822785
413508,413515,414049,7,534,2,7200,1.01310861423
413510,413522,414065,12,543,2,7200,1.02209944751
413526,413533,414060,7,527,2,7200,1.01328273245
413541,413548,414068,7,520,2,7200,1.01346153846
413543,413555,414119,12,564,2,7200,1.02127659574
413545,413561,414076,16,515,2,7200,1.03106796117
413563,413571,414119,8,548,2,7200,1.01459854015
413588,413595,414134,7,539,2,7200,1.01298701299
413603,413610,414168,7,558,2,7200,1.01254480287
413618,413626,414141,8,515,2,7200,1.01553398058
413637,413644,414182,7,538,2,7200,1.01301115242
413638,413651,414180,13,529,2,7200,1.02457466919
413654,413661,414189,7,528,2,7200,1.01325757576
413697,413704,414242,7,538,2,7200,1.01301115242
413712,413720,414224,8,504,2,7200,1.01587301587
413714,413727,414260,13,533,2,7200,1.0243902439
413716,413733,414292,17,559,2,7200,1.03041144902
413731,413740,414298,9,558,2,7200,1.01612903226
413746,413753,414290,7,537,2,7200,1.01303538175
413762,413770,414303,8,533,2,7200,1.01500938086
413764,413777,414315,13,538,2,7200,1.02416356877
413766,413783,414321,17,538,2,7200,1.03159851301
413767,413789,414292,22,503,2,7200,1.04373757455
413786,413796,414332,10,536,2,7200,1.01865671642
413810,413817,414339,7,522,2,7200,1.01340996169
413826,413833,414365,7,532,2,7200,1.01315789474
413828,413840,414377,12,537,2,7200,1.02234636872
413830,413846,414354,16,508,2,7200,1.03149606299
413845,413853,414386,8,533,2,7200,1.01500938086
413860,413868,414433,8,565,2,7200,1.01415929204
413891,413898,414451,7,553,2,7200,1.01265822785
413916,413923,414457,7,534,2,7200,1.01310861423
413937,413944,414471,7,527,2,7200,1.01328273245
413953,413959,414466,6,507,2,7200,1.01183431953
413954,413966,414507,12,541,2,7200,1.02218114603
414007,414013,414563,6,550,2,7200,1.01090909091
414009,414021,414541,12,520,2,7200,1.02307692308
414024,414031,414582,7,551,2,7200,1.01270417423
414026,414038,414561,12,523,2,7200,1.02294455067
414051,414058,414607,7,549,2,7200,1.01275045537
414066,414074,414621,8,547,2,7200,1.01462522852
414068,414081,414624,13,543,2,7200,1.02394106814
414070,414087,414617,17,530,2,7200,1.0320754717
414085,414094,414611,9,517,2,7200,1.01740812379
414087,414100,414660,13,560,2,7200,1.02321428571
414114,414122,414652,8,530,2,7200,1.01509433962
414130,414137,414673,7,536,2,7200,1.01305970149
414145,414153,414708,8,555,2,7200,1.01441441441
414147,414160,414687,13,527,2,7200,1.02466793169
414171,414178,414698,7,520,2,7200,1.01346153846
414187,414194,414713,7,519,2,7200,1.01348747592
414188,414201,414731,13,530,2,7200,1.02452830189
414190,414207,415127,17,920,1,3600,1.01847826087
414204,414214,414750,10,536,2,7200,1.01865671642
414225,414232,414783,7,551,2,7200,1.01270417423
414244,414251,414806,7,555,2,7200,1.01261261261
414262,414269,414813,7,544,2,7200,1.01286764706
414293,414300,414852,7,552,2,7200,1.01268115942
414294,414307,414866,13,559,2,7200,1.02325581395
414296,414313,414838,17,525,2,7200,1.03238095238
414312,414320,414823,8,503,2,7200,1.01590457256
414313,414326,414882,13,556,2,7200,1.02338129496
414329,414336,414896,7,560,2,7200,1.0125
414330,414342,414858,12,516,2,7200,1.02325581395
414346,414353,414901,7,548,2,7200,1.01277372263
414347,414360,414900,13,540,2,7200,1.02407407407
414363,414370,414875,7,505,2,7200,1.01386138614
414378,414386,414907,8,521,2,7200,1.01535508637
414380,414393,414952,13,559,2,7200,1.02325581395
414396,414403,414943,7,540,2,7200,1.01296296296
414435,414442,414953,7,511,2,7200,1.01369863014
414453,414461,414975,8,514,2,7200,1.01556420233
414469,414476,415021,7,545,2,7200,1.0128440367
414470,414483,415001,13,518,2,7200,1.0250965251
414486,414493,415017,7,524,2,7200,1.01335877863
414510,414518,415071,8,553,2,7200,1.01446654611
414544,414551,415066,7,515,2,7200,1.01359223301
414562,414569,415101,7,532,2,7200,1.01315789474
414577,414585,415164,8,579,2,7200,1.01381692573
414593,414600,415131,7,531,2,7200,1.0131826742
414608,414615,415173,7,558,2,7200,1.01254480287
414624,414631,415174,7,543,2,7200,1.01289134438
414625,414638,415157,13,519,2,7200,1.02504816956
414627,414644,415197,17,553,2,7200,1.03074141049
414642,414651,415202,9,551,2,7200,1.01633393829
414657,414664,415195,7,531,2,7200,1.0131826742
414673,414680,415241,7,561,2,7200,1.01247771836
414688,414694,415232,6,538,2,7200,1.01115241636
414690,414702,415250,12,548,2,7200,1.02189781022
414705,414713,415249,8,536,2,7200,1.01492537313
414721,414728,415255,7,527,2,7200,1.01328273245
414723,414735,415272,12,537,2,7200,1.02234636872
414739,414746,415286,7,540,2,7200,1.01296296296
414754,414761,415316,7,555,2,7200,1.01261261261
414784,414792,415293,8,501,2,7200,1.01596806387
414809,414816,415352,7,536,2,7200,1.01305970149
414824,414831,415382,7,551,2,7200,1.01270417423
414826,414838,415378,12,540,2,7200,1.02222222222
414841,414848,415394,7,546,2,7200,1.01282051282
414857,414864,415408,7,544,2,7200,1.01286764706
414872,414880,415430,8,550,2,7200,1.01454545455
414874,414886,415421,12,535,2,7200,1.02242990654
414889,414896,415439,7,543,2,7200,1.01289134438
414891,414903,415444,12,541,2,7200,1.02218114603
414907,414914,415435,7,521,2,7200,1.01343570058
414910,414921,415446,11,525,2,7200,1.02095238095
414911,414927,415486,16,559,2,7200,1.02862254025
414913,414932,415477,19,545,2,7200,1.03486238532
414947,414954,415477,7,523,2,7200,1.01338432122
414962,414969,415489,7,520,2,7200,1.01346153846
414964,414976,415516,12,540,2,7200,1.02222222222
414979,414986,415533,7,547,2,7200,1.01279707495
415003,415010,415555,7,545,2,7200,1.0128440367
415019,415025,415584,6,559,2,7200,1.01073345259
415034,415041,415570,7,529,2,7200,1.01323251418
415067,415075,415602,8,527,2,7200,1.01518026565
415083,415090,415635,7,545,2,7200,1.0128440367
415104,415111,415637,7,526,2,7200,1.01330798479
415132,415139,415647,7,508,2,7200,1.01377952756
415159,415166,415711,7,545,2,7200,1.0128440367
415175,415182,415730,7,548,2,7200,1.01277372263
415176,415189,415708,13,519,2,7200,1.02504816956
415178,415195,415713,17,518,2,7200,1.03281853282
415199,415207,415750,8,543,2,7200,1.01473296501
415201,415214,415720,13,506,2,7200,1.0256916996
415216,415224,415758,8,534,2,7200,1.01498127341
415235,415242,415785,7,543,2,7200,1.01289134438
415250,415257,415804,7,547,2,7200,1.01279707495
415252,415264,415782,12,518,2,7200,1.02316602317
415254,415270,415768,16,498,2,7200,1.03212851406
415269,415277,415822,8,545,2,7200,1.01467889908
415285,415291,415822,6,531,2,7200,1.01129943503
415300,415307,415840,7,533,2,7200,1.01313320826
415302,415314,415811,12,497,2,7200,1.02414486922
415317,415324,415844,7,520,2,7200,1.01346153846
415354,415361,415920,7,559,2,7200,1.01252236136
415381,415389,415903,8,514,2,7200,1.01556420233
415397,415404,415959,7,555,2,7200,1.01261261261
415399,415411,415967,12,556,2,7200,1.02158273381
415414,415421,415946,7,525,2,7200,1.01333333333
415429,415436,415968,7,532,2,7200,1.01315789474
415445,415453,415992,8,539,2,7200,1.01484230056
415447,415460,415995,13,535,2,7200,1.02429906542
415448,415466,416023,18,557,2,7200,1.03231597846
415450,415472,416029,22,557,2,7200,1.039497307
415465,415479,415979,14,500,2,7200,1.028
415481,415488,416062,7,574,2,7200,1.01219512195
415483,415495,416052,12,557,2,7200,1.02154398564
415499,415506,416063,7,557,2,7200,1.01256732496
415500,415513,416058,13,545,2,7200,1.02385321101
415516,415523,416042,7,519,2,7200,1.01348747592
415537,415544,416072,7,528,2,7200,1.01325757576
415559,415566,416106,7,540,2,7200,1.01296296296
415574,415581,416124,7,543,2,7200,1.01289134438
415589,415596,416141,7,545,2,7200,1.0128440367
415604,415611,416143,7,532,2,7200,1.01315789474
415635,415642,416164,7,522,2,7200,1.01340996169
415650,415657,416212,7,555,2,7200,1.01261261261
415652,415664,416171,12,507,2,7200,1.02366863905
415710,415718,416261,8,543,2,7200,1.01473296501
415712,415725,416226,13,501,2,7200,1.02594810379
415728,415735,416268,7,533,2,7200,1.01313320826
415730,415742,416251,12,509,2,7200,1.02357563851
415745,415751,416278,6,527,2,7200,1.01138519924
415761,415767,416312,6,545,2,7200,1.01100917431
415762,415775,416281,13,506,2,7200,1.0256916996
415777,415784,416307,7,523,2,7200,1.01338432122
415792,415800,416338,8,538,2,7200,1.01486988848
415794,415807,416350,13,543,2,7200,1.02394106814
415810,415816,416332,6,516,2,7200,1.01162790698
415825,415832,416364,7,532,2,7200,1.01315789474
415827,415839,416371,12,532,2,7200,1.02255639098
415829,415845,416349,16,504,2,7200,1.03174603175
415845,415852,416371,7,519,2,7200,1.01348747592
415846,415859,416377,13,518,2,7200,1.0250965251
415904,415912,416412,8,500,2,7200,1.016
415923,415930,416457,7,527,2,7200,1.01328273245
415948,415955,416486,7,531,2,7200,1.0131826742
415963,415970,416507,7,537,2,7200,1.01303538175
415979,415987,416522,8,535,2,7200,1.01495327103
415982,415994,416494,12,500,2,7200,1.024
415998,416006,416535,8,529,2,7200,1.01512287335
416000,416013,416556,13,543,2,7200,1.02394106814
416002,416019,416515,17,496,2,7200,1.03427419355
416026,416033,416582,7,549,2,7200,1.01275045537
416042,416049,416597,7,548,2,7200,1.01277372263
416057,416064,416618,7,554,2,7200,1.01263537906
416059,416071,416611,12,540,2,7200,1.02222222222
416075,416083,416612,8,529,2,7200,1.01512287335
416077,416090,416658,13,568,2,7200,1.02288732394
416079,416096,416626,17,530,2,7200,1.0320754717
416081,416102,416643,21,541,2,7200,1.03881700555
416108,416115,416649,7,534,2,7200,1.01310861423
416127,416134,416638,7,504,2,7200,1.01388888889
416142,416149,416673,7,524,2,7200,1.01335877863
416157,416165,416721,8,556,2,7200,1.01438848921
416173,416180,416700,7,520,2,7200,1.01346153846
416175,416187,416741,12,554,2,7200,1.02166064982
416215,416223,416763,8,540,2,7200,1.01481481481
416230,416238,416774,8,536,2,7200,1.01492537313
416252,416259,416810,7,551,2,7200,1.01270417423
416268,416274,416810,6,536,2,7200,1.01119402985
416283,416290,416824,7,534,2,7200,1.01310861423
416286,416297,416856,11,559,2,7200,1.01967799642
416287,416303,416782,16,479,2,7200,1.03340292276
416309,416316,416844,7,528,2,7200,1.01325757576
416324,416331,416857,7,526,2,7200,1.01330798479
416340,416347,416861,7,514,2,7200,1.01361867704
416341,416354,416901,13,547,2,7200,1.02376599634
416357,416364,416922,7,558,2,7200,1.01254480287
416359,416371,416916,12,545,2,7200,1.02201834862
416375,416382,416924,7,542,2,7200,1.01291512915
416376,416390,416952,14,562,2,7200,1.02491103203
416378,416396,416952,18,556,2,7200,1.03237410072
416393,416403,416963,10,560,2,7200,1.01785714286
416415,416422,416972,7,550,2,7200,1.01272727273
416460,416468,416999,8,531,2,7200,1.01506591337
416488,416495,416995,7,500,2,7200,1.014
416503,416511,417069,8,558,2,7200,1.01433691756
416519,416526,417071,7,545,2,7200,1.0128440367
416521,416533,417049,12,516,2,7200,1.02325581395
416537,416544,417057,7,513,2,7200,1.01364522417
416538,416551,417104,13,553,2,7200,1.02350813743
416557,416564,417112,7,548,2,7200,1.01277372263
416584,416592,417120,8,528,2,7200,1.01515151515
416600,416607,417149,7,542,2,7200,1.01291512915
416615,416622,417172,7,550,2,7200,1.01272727273
416617,416629,417177,12,548,2,7200,1.02189781022
416633,416641,417168,8,527,2,7200,1.01518026565
416635,416647,417184,12,537,2,7200,1.02234636872
416650,416658,417177,8,519,2,7200,1.01541425819
416652,416665,417173,13,508,2,7200,1.02559055118
416654,416671,417208,17,537,2,7200,1.03165735568
416669,416678,417225,9,547,2,7200,1.01645338208
416684,416692,417210,8,518,2,7200,1.01544401544
416703,416710,417260,7,550,2,7200,1.01272727273
416721,416729,417244,8,515,2,7200,1.01553398058
416743,416750,417300,7,550,2,7200,1.01272727273
416765,416773,417320,8,547,2,7200,1.01462522852
416780,416787,417327,7,540,2,7200,1.01296296296
416795,416802,417357,7,555,2,7200,1.01261261261
416811,416818,417388,7,570,2,7200,1.01228070175
416813,416825,417352,12,527,2,7200,1.02277039848
416829,416836,417357,7,521,2,7200,1.01343570058
416847,416854,417392,7,538,2,7200,1.01301115242
416863,416870,417410,7,540,2,7200,1.01296296296
416865,416877,417400,12,523,2,7200,1.02294455067
416867,416883,417428,16,545,2,7200,1.02935779817
416904,416911,417476,7,565,2,7200,1.01238938053
416919,416927,417464,8,537,2,7200,1.01489757914
416935,416942,417485,7,543,2,7200,1.01289134438
416937,416949,417494,12,545,2,7200,1.02201834862
416953,416960,417504,7,544,2,7200,1.01286764706
416954,416968,417504,14,536,2,7200,1.02611940299
416970,416977,417520,7,543,2,7200,1.01289134438
416985,416992,417554,7,562,2,7200,1.01245551601
417001,417008,417538,7,530,2,7200,1.01320754717
417003,417016,417554,13,538,2,7200,1.02416356877
417051,417059,417595,8,536,2,7200,1.01492537313
417067,417074,417611,7,537,2,7200,1.01303538175
417082,417089,417625,7,536,2,7200,1.01305970149
417084,417096,417641,12,545,2,7200,1.02201834862
417106,417113,417630,7,517,2,7200,1.01353965184
417121,417129,417663,8,534,2,7200,1.01498127341
417123,417136,417684,13,548,2,7200,1.02372262774
417151,417158,417678,7,520,2,7200,1.01346153846
417169,417176,417703,7,527,2,7200,1.01328273245
417185,417193,417728,8,535,2,7200,1.01495327103
417187,417200,417751,13,551,2,7200,1.02359346642
417189,417206,417730,17,524,2,7200,1.03244274809
417191,417212,417711,21,499,2,7200,1.04208416834
417193,417218,417713,25,495,2,7200,1.05050505051
417211,417225,417762,14,537,2,7200,1.0260707635
417213,417231,417759,18,528,2,7200,1.03409090909
417229,417238,417743,9,505,2,7200,1.01782178218
417244,417252,417783,8,531,2,7200,1.01506591337
417263,417270,417776,7,506,2,7200,1.01383399209
417303,417310,417855,7,545,2,7200,1.0128440367
417321,417328,417851,7,523,2,7200,1.01338432122
417336,417343,417886,7,543,2,7200,1.01289134438
417355,417362,417904,7,542,2,7200,1.01291512915
417370,417377,417911,7,534,2,7200,1.01310861423
417372,417384,417921,12,537,2,7200,1.02234636872
417391,417398,417939,7,541,2,7200,1.01293900185
417406,417413,417943,7,530,2,7200,1.01320754717
417409,417420,417959,11,539,2,7200,1.02040816327
417424,417431,417988,7,557,2,7200,1.01256732496
417439,417447,417984,8,537,2,7200,1.01489757914
417467,417474,418014,7,540,2,7200,1.01296296296
417482,417489,418020,7,531,2,7200,1.0131826742
417498,417505,418055,7,550,2,7200,1.01272727273
417500,417512,418066,12,554,2,7200,1.02166064982
417516,417523,418050,7,527,2,7200,1.01328273245
417518,417531,418066,13,535,2,7200,1.02429906542
417533,417540,418074,7,534,2,7200,1.01310861423
417548,417555,418092,7,537,2,7200,1.01303538175
417564,417571,418106,7,535,2,7200,1.01308411215
417565,417578,418125,13,547,2,7200,1.02376599634
417596,417603,418164,7,561,2,7200,1.01247771836
417615,417622,418149,7,527,2,7200,1.01328273245
417630,417637,418151,7,514,2,7200,1.01361867704
417646,417653,418186,7,533,2,7200,1.01313320826
417647,417660,418208,13,548,2,7200,1.02372262774
417666,417673,418194,7,521,2,7200,1.01343570058
417681,417688,418199,7,511,2,7200,1.01369863014
417697,417704,418229,7,525,2,7200,1.01333333333
417712,417720,418278,8,558,2,7200,1.01433691756
417714,417727,418287,13,560,2,7200,1.02321428571
417730,417737,418282,7,545,2,7200,1.0128440367
417731,417744,418251,13,507,2,7200,1.02564102564
417747,417754,418276,7,522,2,7200,1.01340996169
417749,417761,418291,12,530,2,7200,1.02264150943
417764,417771,418313,7,542,2,7200,1.01291512915
417767,417778,418296,11,518,2,7200,1.02123552124
417768,417784,418302,16,518,2,7200,1.03088803089
417784,417791,418319,7,528,2,7200,1.01325757576
417787,417798,418308,11,510,2,7200,1.02156862745
417851,417858,418409,7,551,2,7200,1.01270417423
417866,417873,418365,7,492,2,7200,1.01422764228
417888,417895,418432,7,537,2,7200,1.01303538175
417906,417913,418419,7,506,2,7200,1.01383399209
417922,417929,418473,7,544,2,7200,1.01286764706
417923,417936,418457,13,521,2,7200,1.02495201536
417942,417949,418456,7,507,2,7200,1.01380670611
417957,417964,418476,7,512,2,7200,1.013671875
417972,417979,418527,7,548,2,7200,1.01277372263
417988,417995,418540,7,545,2,7200,1.0128440367
418003,418010,418546,7,536,2,7200,1.01305970149
418019,418026,418538,7,512,2,7200,1.013671875
418034,418041,418591,7,550,2,7200,1.01272727273
418052,418060,418592,8,532,2,7200,1.01503759398
418068,418075,418631,7,556,2,7200,1.01258992806
418070,418082,418643,12,561,2,7200,1.02139037433
418072,418088,418603,16,515,2,7200,1.03106796117
418087,418095,418621,8,526,2,7200,1.01520912548
418103,418110,418657,7,547,2,7200,1.01279707495
418118,418125,418603,7,478,2,7200,1.01464435146
418133,418140,418678,7,538,2,7200,1.01301115242
418152,418160,418666,8,506,2,7200,1.01581027668
418154,418167,418713,13,546,2,7200,1.02380952381
418170,418176,418703,6,527,2,7200,1.01138519924
418188,418195,418757,7,562,2,7200,1.01245551601
418204,418211,418745,7,534,2,7200,1.01310861423
418205,418218,418768,13,550,2,7200,1.02363636364
418221,418228,418757,7,529,2,7200,1.01323251418
418236,418243,418776,7,533,2,7200,1.01313320826
418252,418259,418797,7,538,2,7200,1.01301115242
418279,418287,418838,8,551,2,7200,1.01451905626
418281,418295,418852,14,557,2,7200,1.02513464991
418297,418304,418853,7,549,2,7200,1.01275045537
418299,418311,418838,12,527,2,7200,1.02277039848
418301,418317,418854,16,537,2,7200,1.02979515829
418303,418323,418875,20,552,2,7200,1.03623188406
418319,418330,418860,11,530,2,7200,1.02075471698
418321,418336,418895,15,559,2,7200,1.02683363148
418322,418342,418848,20,506,2,7200,1.0395256917
418338,418349,418871,11,522,2,7200,1.02107279693
418369,418376,418895,7,519,2,7200,1.01348747592
418411,418419,418954,8,535,2,7200,1.01495327103
418426,418433,418970,7,537,2,7200,1.01303538175
418441,418448,418998,7,550,2,7200,1.01272727273
418457,418463,418979,6,516,2,7200,1.01162790698
418458,418470,418973,12,503,2,7200,1.02385685885
418477,418484,419018,7,534,2,7200,1.01310861423
418478,418491,419031,13,540,2,7200,1.02407407407
418496,418502,418505,6,3,2,3540,1.0
418530,418537,419075,7,538,2,7200,1.01301115242
418546,418552,419102,6,550,2,7200,1.01090909091
418547,418559,419069,12,510,2,7200,1.02352941176
418562,418569,419112,7,543,2,7200,1.01289134438
418593,418599,419116,6,517,2,7200,1.01160541586
418594,418606,419146,12,540,2,7200,1.02222222222
418609,418617,419174,8,557,2,7200,1.01436265709
418611,418622,419169,11,547,2,7200,1.02010968921
418626,418632,419181,6,549,2,7200,1.01092896175
418641,418647,419183,6,536,2,7200,1.01119402985
418656,418662,419188,6,526,2,7200,1.01140684411
418671,418678,419208,7,530,2,7200,1.01320754717
418673,418685,419192,12,507,2,7200,1.02366863905
418688,418694,419222,6,528,2,7200,1.01136363636
418706,418713,419263,7,550,2,7200,1.01272727273
418721,418727,419282,6,555,2,7200,1.01081081081
418748,418755,419278,7,523,2,7200,1.01338432122
418763,418770,419278,7,508,2,7200,1.01377952756
418765,418776,419326,11,550,2,7200,1.02
418780,418787,419320,7,533,2,7200,1.01313320826
418781,418793,419305,12,512,2,7200,1.0234375
418799,418806,419342,7,536,2,7200,1.01305970149
418839,418846,419385,7,539,2,7200,1.01298701299
418840,418853,419379,13,526,2,7200,1.0247148289
418856,418862,419396,6,534,2,7200,1.01123595506
418858,418870,419414,12,544,2,7200,1.02205882353
418859,418875,419386,16,511,2,7200,1.0313111546
418860,418880,419440,20,560,2,7200,1.03571428571
418876,418887,419439,11,552,2,7200,1.01992753623
418877,418892,419441,15,549,2,7200,1.02732240437
418879,418897,419427,18,530,2,7200,1.03396226415
418897,418905,419422,8,517,2,7200,1.01547388781
418898,418910,419458,12,548,2,7200,1.02189781022
418956,418963,419519,7,556,2,7200,1.01258992806
418971,418977,419503,6,526,2,7200,1.01140684411
418986,418992,419525,6,533,2,7200,1.01125703565
418987,418998,419553,11,555,2,7200,1.01981981982
419002,419009,419515,7,506,2,7200,1.01383399209
419021,419027,419582,6,555,2,7200,1.01081081081
419036,419043,419594,7,551,2,7200,1.01270417423
419072,419079,419602,7,523,2,7200,1.01338432122
419087,419093,419645,6,552,2,7200,1.01086956522
419105,419113,419660,8,547,2,7200,1.01462522852
419121,419127,419642,6,515,2,7200,1.01165048544
419122,419133,419674,11,541,2,7200,1.02033271719
419147,419153,419665,6,512,2,7200,1.01171875
419171,419177,419723,6,546,2,7200,1.01098901099
419186,419193,419737,7,544,2,7200,1.01286764706
419188,419199,419749,11,550,2,7200,1.02
419189,419204,419740,15,536,2,7200,1.02798507463
419204,419212,419747,8,535,2,7200,1.01495327103
419206,419217,419731,11,514,2,7200,1.02140077821
419221,419227,419770,6,543,2,7200,1.01104972376
419222,419234,419789,12,555,2,7200,1.02162162162
419265,419272,419837,7,565,2,7200,1.01238938053
419280,419286,419822,6,536,2,7200,1.01119402985
419281,419293,419835,12,542,2,7200,1.0221402214
419296,419303,419851,7,548,2,7200,1.01277372263
419312,419319,419852,7,533,2,7200,1.01313320826
419327,419333,419881,6,548,2,7200,1.01094890511
419328,419340,419871,12,531,2,7200,1.02259887006
419343,419350,419892,7,542,2,7200,1.01291512915
419380,419387,419944,7,557,2,7200,1.01256732496
419395,419401,419955,6,554,2,7200,1.01083032491
419396,419408,419962,12,554,2,7200,1.02166064982
419412,419418,419964,6,546,2,7200,1.01098901099
419427,419433,419941,6,508,2,7200,1.01181102362
419429,419440,419984,11,544,2,7200,1.02022058824
419430,419445,419985,15,540,2,7200,1.02777777778
419446,419452,419995,6,543,2,7200,1.01104972376
419447,419460,419983,13,523,2,7200,1.02485659656
419448,419465,420007,17,542,2,7200,1.03136531365
419463,419472,419982,9,510,2,7200,1.01764705882
419503,419509,420051,6,542,2,7200,1.0110701107
419518,419524,420054,6,530,2,7200,1.01132075472
419533,419540,420058,7,518,2,7200,1.01351351351
419535,419548,420111,13,563,2,7200,1.02309058615
419556,419563,420114,7,551,2,7200,1.01270417423
419584,419591,420144,7,553,2,7200,1.01265822785
419599,419605,420091,6,486,2,7200,1.01234567901
419614,419620,420132,6,512,2,7200,1.01171875
419645,419652,420198,7,546,2,7200,1.01282051282
419660,419667,420198,7,531,2,7200,1.0131826742
419661,419674,420194,13,520,2,7200,1.025
419677,419684,420204,7,520,2,7200,1.01346153846
419678,419691,420212,13,521,2,7200,1.02495201536
419724,419731,420250,7,519,2,7200,1.01348747592
419739,419746,420301,7,555,2,7200,1.01261261261
419741,419753,420316,12,563,2,7200,1.02131438721
419756,419764,420291,8,527,2,7200,1.01518026565
419758,419771,420321,13,550,2,7200,1.02363636364
419759,419776,420330,17,554,2,7200,1.03068592058
419774,419783,420334,9,551,2,7200,1.01633393829
419790,419797,420334,7,537,2,7200,1.01303538175
419823,419829,420346,6,517,2,7200,1.01160541586
419838,419845,420399,7,554,2,7200,1.01263537906
419840,419852,420375,12,523,2,7200,1.02294455067
419855,419861,420396,6,535,2,7200,1.01121495327
419857,419868,420379,11,511,2,7200,1.02152641879
419875,419881,420422,6,541,2,7200,1.01109057301
419890,419897,420419,7,522,2,7200,1.01340996169
419905,419911,420432,6,521,2,7200,1.01151631478
419942,419949,420496,7,547,2,7200,1.01279707495
419957,419964,420469,7,505,2,7200,1.01386138614
419958,419971,420493,13,522,2,7200,1.02490421456
419974,419981,420512,7,531,2,7200,1.0131826742
419975,419988,420503,13,515,2,7200,1.02524271845
419991,419997,420540,6,543,2,7200,1.01104972376
419993,420004,420562,11,558,2,7200,1.01971326165
419994,420009,420558,15,549,2,7200,1.02732240437
419995,420014,420558,19,544,2,7200,1.03492647059
420011,420020,420561,9,541,2,7200,1.01663585952
420012,420026,420560,14,534,2,7200,1.02621722846
420052,420058,420576,6,518,2,7200,1.01158301158
420067,420074,420615,7,541,2,7200,1.01293900185
420069,420081,420602,12,521,2,7200,1.02303262956
420093,420099,420622,6,523,2,7200,1.01147227533
420114,420121,420631,7,510,2,7200,1.0137254902
420116,420128,420669,12,541,2,7200,1.02218114603
420134,420141,420661,7,520,2,7200,1.01346153846
420149,420155,420674,6,519,2,7200,1.01156069364
420195,420201,420732,6,531,2,7200,1.01129943503
420210,420217,420746,7,529,2,7200,1.01323251418
420211,420223,420762,12,539,2,7200,1.02226345083
420213,420229,420753,16,524,2,7200,1.03053435115
420228,420236,420751,8,515,2,7200,1.01553398058
420252,420258,420793,6,535,2,7200,1.01121495327
420291,420299,420827,8,528,2,7200,1.01515151515
420307,420313,420825,6,512,2,7200,1.01171875
420322,420329,420874,7,545,2,7200,1.0128440367
420323,420336,420876,13,540,2,7200,1.02407407407
420339,420345,420876,6,531,2,7200,1.01129943503
420340,420352,420882,12,530,2,7200,1.02264150943
420342,420357,420882,15,525,2,7200,1.02857142857
420356,420364,420874,8,510,2,7200,1.01568627451
420375,420381,420928,6,547,2,7200,1.01096892139
420390,420396,420920,6,524,2,7200,1.01145038168
420405,420412,420954,7,542,2,7200,1.01291512915
420406,420419,420953,13,534,2,7200,1.02434456929
420422,420429,420924,7,495,2,7200,1.01414141414
420437,420443,420972,6,529,2,7200,1.01134215501
420438,420449,420975,11,526,2,7200,1.02091254753
420472,420479,421027,7,548,2,7200,1.01277372263
420496,420502,421039,6,537,2,7200,1.01117318436
420511,420519,421070,8,551,2,7200,1.01451905626
420513,420526,421039,13,513,2,7200,1.0253411306
420528,420534,421094,6,560,2,7200,1.01071428571
420543,420550,421088,7,538,2,7200,1.01301115242
420562,420568,421102,6,534,2,7200,1.01123595506
420563,420575,421112,12,537,2,7200,1.02234636872
420565,420580,421114,15,534,2,7200,1.02808988764
420566,420586,421112,20,526,2,7200,1.03802281369
420567,420591,421139,24,548,2,7200,1.04379562044
420583,420598,421132,15,534,2,7200,1.02808988764
420604,420610,421125,6,515,2,7200,1.01165048544
420619,420626,421157,7,531,2,7200,1.0131826742
420634,420641,421160,7,519,2,7200,1.01348747592
420636,420648,421188,12,540,2,7200,1.02222222222
420663,420669,421221,6,552,2,7200,1.01086956522
420678,420685,421222,7,537,2,7200,1.01303538175
420680,420692,421199,12,507,2,7200,1.02366863905
420734,420741,421275,7,534,2,7200,1.01310861423
420749,420756,421308,7,552,2,7200,1.01268115942
420765,420771,421315,6,544,2,7200,1.01102941176
420766,420778,421333,12,555,2,7200,1.02162162162
420768,420783,421324,15,541,2,7200,1.02772643253
420795,420801,421310,6,509,2,7200,1.01178781925
420828,420834,421356,6,522,2,7200,1.01149425287
420830,420841,421382,11,541,2,7200,1.02033271719
420875,420882,421399,7,517,2,7200,1.01353965184
420876,420889,421417,13,528,2,7200,1.02462121212
420892,420899,421429,7,530,2,7200,1.01320754717
420893,420905,421454,12,549,2,7200,1.0218579235
420895,420911,421444,16,533,2,7200,1.03001876173
420896,420916,421426,20,510,2,7200,1.03921568627
420923,420929,421463,6,534,2,7200,1.01123595506
420938,420944,421439,6,495,2,7200,1.01212121212
420940,420951,421473,11,522,2,7200,1.02107279693
420955,420961,421472,6,511,2,7200,1.01174168297
420956,420969,421523,13,554,2,7200,1.02346570397
420974,420981,421518,7,537,2,7200,1.01303538175
420989,420995,421532,6,537,2,7200,1.01117318436
421028,421035,421546,7,511,2,7200,1.01369863014
421044,421051,421584,7,533,2,7200,1.01313320826
421045,421058,421569,13,511,2,7200,1.02544031311
421072,421079,421575,7,496,2,7200,1.01411290323
421090,421097,421643,7,546,2,7200,1.01282051282
421106,421112,421656,6,544,2,7200,1.01102941176
421107,421118,421653,11,535,2,7200,1.02056074766
421122,421128,421645,6,517,2,7200,1.01160541586
421124,421135,421704,11,569,2,7200,1.01933216169
421125,421141,421643,16,502,2,7200,1.03187250996
421140,421148,421668,8,520,2,7200,1.01538461538
421142,421155,421704,13,549,2,7200,1.02367941712
421143,421160,421690,17,530,2,7200,1.0320754717
421158,421166,421725,8,559,2,7200,1.01431127013
421173,421180,421744,7,564,2,7200,1.01241134752
421191,421197,421694,6,497,2,7200,1.01207243461
421206,421214,421746,8,532,2,7200,1.01503759398
421222,421228,421770,6,542,2,7200,1.0110701107
421236,421243,421761,7,518,2,7200,1.01351351351
421276,421282,421798,6,516,2,7200,1.01162790698
421309,421315,421816,6,501,2,7200,1.0119760479
421325,421332,421836,7,504,2,7200,1.01388888889
421326,421338,421884,12,546,2,7200,1.02197802198
421327,421344,421857,17,513,2,7200,1.03313840156
421342,421351,421878,9,527,2,7200,1.01707779886
421357,421364,421903,7,539,2,7200,1.01298701299
421385,421392,421950,7,558,2,7200,1.01254480287
421403,421409,421903,6,494,2,7200,1.01214574899
421418,421424,421937,6,513,2,7200,1.01169590643
421433,421439,421963,6,524,2,7200,1.01145038168
421434,421446,421974,12,528,2,7200,1.02272727273
421449,421456,422017,7,561,2,7200,1.01247771836
421450,421462,422018,12,556,2,7200,1.02158273381
421465,421473,422001,8,528,2,7200,1.01515151515
421467,421479,422004,12,525,2,7200,1.02285714286
421482,421488,422029,6,541,2,7200,1.01109057301
421483,421495,422025,12,530,2,7200,1.02264150943
421519,421525,422072,6,547,2,7200,1.01096892139
421534,421540,422052,6,512,2,7200,1.01171875
421536,421547,422070,11,523,2,7200,1.02103250478
421550,421557,422108,7,551,2,7200,1.01270417423
421571,421578,422104,7,526,2,7200,1.01330798479
421586,421593,422119,7,526,2,7200,1.01330798479
421588,421600,422121,12,521,2,7200,1.02303262956
421646,421653,422194,7,541,2,7200,1.01293900185
421647,421660,422190,13,530,2,7200,1.02452830189
421648,421665,422209,17,544,2,7200,1.03125
421663,421672,422217,9,545,2,7200,1.01651376147
421664,421677,422186,13,509,2,7200,1.02554027505
421679,421686,422238,7,552,2,7200,1.01268115942
421695,421701,422212,6,511,2,7200,1.01174168297
421696,421708,422212,12,504,2,7200,1.02380952381
421711,421717,422267,6,550,2,7200,1.01090909091
421712,421723,422259,11,536,2,7200,1.02052238806
421727,421734,422277,7,543,2,7200,1.01289134438
421745,421751,422285,6,534,2,7200,1.01123595506
421760,421766,422295,6,529,2,7200,1.01134215501
421775,421781,422297,6,516,2,7200,1.01162790698
421777,421789,422297,12,508,2,7200,1.02362204724
421801,421807,422309,6,502,2,7200,1.01195219124
421819,421826,422380,7,554,2,7200,1.01263537906
421840,421847,422372,7,525,2,7200,1.01333333333
421858,421864,422366,6,502,2,7200,1.01195219124
421879,421886,422390,7,504,2,7200,1.01388888889
421894,421900,422439,6,539,2,7200,1.01113172542
421909,421915,422464,6,549,2,7200,1.01092896175
421910,421921,422453,11,532,2,7200,1.02067669173
421940,421946,422497,6,551,2,7200,1.0108892922
421955,421961,422479,6,518,2,7200,1.01158301158
421970,421976,422519,6,543,2,7200,1.01104972376
421985,421992,422508,7,516,2,7200,1.01356589147
422003,422010,422542,7,532,2,7200,1.01315789474
422018,422024,422564,6,540,2,7200,1.01111111111
422019,422031,422550,12,519,2,7200,1.02312138728
422021,422036,422577,15,541,2,7200,1.02772643253
422036,422043,422597,7,554,2,7200,1.01263537906
422037,422049,422578,12,529,2,7200,1.02268431002
422052,422058,422563,6,505,2,7200,1.01188118812
422073,422080,422618,7,538,2,7200,1.01301115242
422075,422086,422616,11,530,2,7200,1.02075471698
422105,422112,422629,7,517,2,7200,1.01353965184
422120,422127,422686,7,559,2,7200,1.01252236136
422122,422133,422657,11,524,2,7200,1.02099236641
422137,422143,422702,6,559,2,7200,1.01073345259
422188,422194,422709,6,515,2,7200,1.01165048544
422203,422210,422735,7,525,2,7200,1.01333333333
422205,422217,422737,12,520,2,7200,1.02307692308
422220,422227,422789,7,562,2,7200,1.01245551601
422222,422234,422775,12,541,2,7200,1.02218114603
422223,422239,422759,16,520,2,7200,1.03076923077
422224,422244,422782,20,538,2,7200,1.03717472119
422239,422251,422804,12,553,2,7200,1.02169981917
422261,422268,422812,7,544,2,7200,1.01286764706
422276,422282,422792,6,510,2,7200,1.01176470588
422291,422298,422786,7,488,2,7200,1.0143442623
422292,422305,422795,13,490,2,7200,1.02653061224
422308,422314,422859,6,545,2,7200,1.01100917431
422309,422321,422842,12,521,2,7200,1.02303262956
422310,422326,422854,16,528,2,7200,1.0303030303
422325,422332,422884,7,552,2,7200,1.01268115942
422367,422374,422905,7,531,2,7200,1.0131826742
422382,422390,422911,8,521,2,7200,1.01535508637
422384,422395,422925,11,530,2,7200,1.02075471698
422399,422406,422941,7,535,2,7200,1.01308411215
422441,422448,422967,7,519,2,7200,1.01348747592
422456,422463,423005,7,542,2,7200,1.01291512915
422471,422478,423010,7,532,2,7200,1.01315789474
422486,422493,422998,7,505,2,7200,1.01386138614
422501,422507,423058,6,551,2,7200,1.0108892922
422516,422522,423029,6,507,2,7200,1.01183431953
422531,422537,423051,6,514,2,7200,1.01167315175
422546,422553,423077,7,524,2,7200,1.01335877863
422561,422568,423075,7,507,2,7200,1.01380670611
422577,422584,423135,7,551,2,7200,1.01270417423
422578,422591,423121,13,530,2,7200,1.02452830189
422593,422599,423127,6,528,2,7200,1.01136363636
422595,422607,423126,12,519,2,7200,1.02312138728
422610,422616,423126,6,510,2,7200,1.01176470588
422625,422632,423147,7,515,2,7200,1.01359223301
422627,422638,423203,11,565,2,7200,1.01946902655
422642,422648,423156,6,508,2,7200,1.01181102362
422660,422666,423210,6,544,2,7200,1.01102941176
422687,422694,423227,7,533,2,7200,1.01313320826
422705,422711,423248,6,537,2,7200,1.01117318436
422720,422726,423271,6,545,2,7200,1.01100917431
422738,422745,423270,7,525,2,7200,1.01333333333
422740,422753,423264,13,511,2,7200,1.02544031311
422761,422767,423316,6,549,2,7200,1.01092896175
422776,422782,423339,6,557,2,7200,1.01077199282
422792,422799,423313,7,514,2,7200,1.01361867704
422793,422806,423355,13,549,2,7200,1.02367941712
422795,422811,423352,16,541,2,7200,1.02957486137
422796,422816,423375,20,559,2,7200,1.03577817531
422811,422822,423321,11,499,2,7200,1.02204408818
422813,422828,423361,15,533,2,7200,1.02814258912
422828,422834,423372,6,538,2,7200,1.01115241636
422843,422849,423395,6,546,2,7200,1.01098901099
422858,422865,423395,7,530,2,7200,1.01320754717
422873,422880,423425,7,545,2,7200,1.0128440367
422888,422895,423391,7,496,2,7200,1.01411290323
422906,422912,423461,6,549,2,7200,1.01092896175
422921,422927,423476,6,549,2,7200,1.01092896175
422936,422942,423492,6,550,2,7200,1.01090909091
422951,422957,423493,6,536,2,7200,1.01119402985
422969,422976,423523,7,547,2,7200,1.01279707495
423000,423007,423545,7,538,2,7200,1.01301115242
423016,423023,423556,7,533,2,7200,1.01313320826
423017,423030,423581,13,551,2,7200,1.02359346642
423032,423038,423553,6,515,2,7200,1.01165048544
423050,423057,423604,7,547,2,7200,1.01279707495
423066,423072,423607,6,535,2,7200,1.01121495327
423081,423088,423646,7,558,2,7200,1.01254480287
423083,423095,423651,12,556,2,7200,1.02158273381
423122,423129,423687,7,558,2,7200,1.01254480287
423138,423144,423650,6,506,2,7200,1.01185770751
423139,423151,423661,12,510,2,7200,1.02352941176
423141,423156,423717,15,561,2,7200,1.02673796791
423142,423162,423697,20,535,2,7200,1.03738317757
423158,423169,423667,11,498,2,7200,1.02208835341
423159,423174,423728,15,554,2,7200,1.02707581227
423205,423211,423722,6,511,2,7200,1.01174168297
423220,423226,423760,6,534,2,7200,1.01123595506
423235,423241,423794,6,553,2,7200,1.01084990958
423250,423258,423798,8,540,2,7200,1.01481481481
423266,423273,423833,7,560,2,7200,1.0125
423281,423287,423832,6,545,2,7200,1.01100917431
423282,423294,423832,12,538,2,7200,1.02230483271
423316,423323,423858,7,535,2,7200,1.01308411215
423331,423337,423869,6,532,2,7200,1.01127819549
423333,423343,423868,10,525,2,7200,1.01904761905
423348,423355,423884,7,529,2,7200,1.01323251418
423363,423370,423885,7,515,2,7200,1.01359223301
423365,423377,423882,12,505,2,7200,1.02376237624
423366,423382,423919,16,537,2,7200,1.02979515829
423381,423389,423916,8,527,2,7200,1.01518026565
423383,423394,423969,11,575,2,7200,1.01913043478
423398,423405,423945,7,540,2,7200,1.01296296296
423400,423412,423969,12,557,2,7200,1.02154398564
423401,423417,423969,16,552,2,7200,1.02898550725
423429,423436,423969,7,533,2,7200,1.01313320826
423462,423468,424005,6,537,2,7200,1.01117318436
423477,423484,424007,7,523,2,7200,1.01338432122
423496,423502,424039,6,537,2,7200,1.01117318436
423497,423510,424019,13,509,2,7200,1.02554027505
423524,423531,424066,7,535,2,7200,1.01308411215
423546,423552,424116,6,564,2,7200,1.01063829787
423561,423567,424123,6,556,2,7200,1.01079136691
423563,423575,424117,12,542,2,7200,1.0221402214
423584,423591,424122,7,531,2,7200,1.0131826742
423605,423611,424117,6,506,2,7200,1.01185770751
423620,423627,424131,7,504,2,7200,1.01388888889
423648,423655,424166,7,511,2,7200,1.01369863014
423664,423671,424226,7,555,2,7200,1.01261261261
423665,423678,424221,13,543,2,7200,1.02394106814
423667,423683,424225,16,542,2,7200,1.0295202952
423682,423690,424248,8,558,2,7200,1.01433691756
423697,423704,424220,7,516,2,7200,1.01356589147
423699,423711,424254,12,543,2,7200,1.02209944751
423719,423726,424261,7,535,2,7200,1.01308411215
423734,423741,424283,7,542,2,7200,1.01291512915
423736,423748,424277,12,529,2,7200,1.02268431002
423763,423769,424329,6,560,2,7200,1.01071428571
423797,423804,424356,7,552,2,7200,1.01268115942
423812,423818,424368,6,550,2,7200,1.01090909091
423833,423839,424391,6,552,2,7200,1.01086956522
423835,423846,424371,11,525,2,7200,1.02095238095
423836,423851,424371,15,520,2,7200,1.02884615385
423861,423868,424422,7,554,2,7200,1.01263537906
423876,423882,424436,6,554,2,7200,1.01083032491
423877,423890,424425,13,535,2,7200,1.02429906542
423893,423899,424420,6,521,2,7200,1.01151631478
423894,423906,424442,12,536,2,7200,1.0223880597
423896,423911,424403,15,492,2,7200,1.03048780488
423917,423925,424477,8,552,2,7200,1.01449275362
423932,423939,424474,7,535,2,7200,1.01308411215
423948,423954,424497,6,543,2,7200,1.01104972376
423969,423975,424535,6,560,2,7200,1.01071428571
423971,423982,424538,11,556,2,7200,1.01978417266
423972,423987,424512,15,525,2,7200,1.02857142857
423988,423995,424540,7,545,2,7200,1.0128440367
424006,424013,424532,7,519,2,7200,1.01348747592
424021,424028,424552,7,524,2,7200,1.01335877863
424022,424035,424574,13,539,2,7200,1.0241187384
424041,424048,424581,7,533,2,7200,1.01313320826
424069,424076,424602,7,526,2,7200,1.01330798479
424119,424126,424684,7,558,2,7200,1.01254480287
424120,424133,424651,13,518,2,7200,1.0250965251
424122,424138,424663,16,525,2,7200,1.03047619048
424137,424145,424707,8,562,2,7200,1.01423487544
424139,424150,424680,11,530,2,7200,1.02075471698
424140,424157,424692,17,535,2,7200,1.03177570093
424168,424174,424717,6,543,2,7200,1.01104972376
424223,424230,424735,7,505,2,7200,1.01386138614
424224,424236,424729,12,493,2,7200,1.02434077079
424240,424247,424793,7,546,2,7200,1.01282051282
424241,424254,424787,13,533,2,7200,1.0243902439
424257,424264,424812,7,548,2,7200,1.01277372263
424258,424271,424816,13,545,2,7200,1.02385321101
424273,424279,424830,6,551,2,7200,1.0108892922
424289,424295,424851,6,556,2,7200,1.01079136691
424290,424301,424821,11,520,2,7200,1.02115384615
424332,424339,424851,7,512,2,7200,1.013671875
424358,424365,424881,7,516,2,7200,1.01356589147
424373,424380,424890,7,510,2,7200,1.0137254902
424375,424387,424924,12,537,2,7200,1.02234636872
424376,424392,424905,16,513,2,7200,1.03118908382
424391,424398,424924,7,526,2,7200,1.01330798479
424407,424413,424966,6,553,2,7200,1.01084990958
424422,424428,424982,6,554,2,7200,1.01083032491
424438,424445,424997,7,552,2,7200,1.01268115942
424439,424452,425011,13,559,2,7200,1.02325581395
424441,424457,424995,16,538,2,7200,1.02973977695
424456,424464,424997,8,533,2,7200,1.01500938086
424479,424486,425016,7,530,2,7200,1.01320754717
424480,424493,425037,13,544,2,7200,1.02389705882
424499,424506,425061,7,555,2,7200,1.01261261261
424514,424521,425068,7,547,2,7200,1.01279707495
424535,424542,425082,7,540,2,7200,1.01296296296
424537,424549,425078,12,529,2,7200,1.02268431002
424553,424559,425080,6,521,2,7200,1.01151631478
424554,424566,497037,12,72471,24,86400,1.00016558347
424554,424571,425079,17,508,2,7200,1.03346456693
424556,424577,425120,21,543,2,7200,1.03867403315
424577,424583,425111,6,528,2,7200,1.01136363636
424593,424600,425147,7,547,2,7200,1.01279707495
424608,424614,425148,6,534,2,7200,1.01123595506
424654,424661,425180,7,519,2,7200,1.01348747592
424669,424676,425218,7,542,2,7200,1.01291512915
424684,424691,425248,7,557,2,7200,1.01256732496
424685,424698,425199,13,501,2,7200,1.02594810379
424702,424709,425257,7,548,2,7200,1.01277372263
424717,424724,425266,7,542,2,7200,1.01291512915
424719,424731,425257,12,526,2,7200,1.02281368821
424734,424741,425263,7,522,2,7200,1.01340996169
424749,424755,425296,6,541,2,7200,1.01109057301
424789,424796,425345,7,549,2,7200,1.01275045537
424804,424811,425356,7,545,2,7200,1.0128440367
424819,424827,425391,8,564,2,7200,1.01418439716
424821,424834,425407,13,573,2,7200,1.02268760908
424836,424842,425383,6,541,2,7200,1.01109057301
424838,424849,425412,11,563,2,7200,1.01953818828
424853,424861,425395,8,534,2,7200,1.01498127341
424855,424868,425387,13,519,2,7200,1.02504816956
424882,424888,425420,6,532,2,7200,1.01127819549
424897,424904,425444,7,540,2,7200,1.01296296296
424913,424919,425463,6,544,2,7200,1.01102941176
424928,424935,425467,7,532,2,7200,1.01315789474
424929,424942,425449,13,507,2,7200,1.02564102564
424966,424972,425538,6,566,2,7200,1.01060070671
424984,424991,425494,7,503,2,7200,1.01391650099
424999,425007,425547,8,540,2,7200,1.01481481481
425001,425014,425558,13,544,2,7200,1.02389705882
425002,425019,425554,17,535,2,7200,1.03177570093
425018,425025,425570,7,545,2,7200,1.0128440367
425019,425031,425590,12,559,2,7200,1.02146690519
425040,425047,425563,7,516,2,7200,1.01356589147
425062,425068,425612,6,544,2,7200,1.01102941176
425077,425084,425606,7,522,2,7200,1.01340996169
425092,425100,425633,8,533,2,7200,1.01500938086
425094,425105,425652,11,547,2,7200,1.02010968921
425095,425112,425644,17,532,2,7200,1.03195488722
425096,425117,425633,21,516,2,7200,1.04069767442
425112,425124,425659,12,535,2,7200,1.02242990654
425127,425134,425657,7,523,2,7200,1.01338432122
425148,425155,425699,7,544,2,7200,1.01286764706
425163,425169,425711,6,542,2,7200,1.0110701107
425181,425187,425708,6,521,2,7200,1.01151631478
425202,425208,425731,6,523,2,7200,1.01147227533
425221,425228,425797,7,569,2,7200,1.01230228471
425251,425258,425804,7,546,2,7200,1.01282051282
425266,425272,425788,6,516,2,7200,1.01162790698
425268,425280,425815,12,535,2,7200,1.02242990654
425269,425285,425792,16,507,2,7200,1.0315581854
425270,425290,425819,20,529,2,7200,1.03780718336
425298,425304,425845,6,541,2,7200,1.01109057301
425346,425353,425908,7,555,2,7200,1.01261261261
425362,425368,425917,6,549,2,7200,1.01092896175
425386,425393,425892,7,499,2,7200,1.01402805611
425402,425407,425949,5,542,2,7200,1.00922509225
425403,425415,425950,12,535,2,7200,1.02242990654
425404,425420,425957,16,537,2,7200,1.02979515829
425420,425427,425968,7,541,2,7200,1.01293900185
425421,425433,425969,12,536,2,7200,1.0223880597
425436,425443,425990,7,547,2,7200,1.01279707495
425452,425458,425992,6,534,2,7200,1.01123595506
425453,425465,426010,12,545,2,7200,1.02201834862
425468,425475,425995,7,520,2,7200,1.01346153846
425470,425482,426013,12,531,2,7200,1.02259887006
425497,425504,426025,7,521,2,7200,1.01343570058
425540,425546,426092,6,546,2,7200,1.01098901099
425555,425561,426115,6,554,2,7200,1.01083032491
425556,425568,426088,12,520,2,7200,1.02307692308
425572,425579,426124,7,545,2,7200,1.0128440367
425573,425586,426138,13,552,2,7200,1.02355072464
425574,425591,426152,17,561,2,7200,1.0303030303
425593,425599,426111,6,512,2,7200,1.01171875
425608,425615,426128,7,513,2,7200,1.01364522417
425623,425630,426184,7,554,2,7200,1.01263537906
425638,425645,426207,7,562,2,7200,1.01245551601
425640,425651,426184,11,533,2,7200,1.02063789869
425655,425661,426218,6,557,2,7200,1.01077199282
425656,425668,426184,12,516,2,7200,1.02325581395
425671,425678,426224,7,546,2,7200,1.01282051282
425673,425684,426234,11,550,2,7200,1.02
425700,425707,426235,7,528,2,7200,1.01325757576
425716,425722,426248,6,526,2,7200,1.01140684411
425717,425729,426256,12,527,2,7200,1.02277039848
425732,425738,426297,6,559,2,7200,1.01073345259
425790,425797,426314,7,517,2,7200,1.01353965184
425805,425811,426356,6,545,2,7200,1.01100917431
425807,425818,426377,11,559,2,7200,1.01967799642
425808,425823,426347,15,524,2,7200,1.0286259542
425823,425830,426376,7,546,2,7200,1.01282051282
425825,425836,426379,11,543,2,7200,1.02025782689
425843,425850,426390,7,540,2,7200,1.01296296296
425894,425901,426445,7,544,2,7200,1.01286764706
425909,425917,426437,8,520,2,7200,1.01538461538
425925,425932,426468,7,536,2,7200,1.01305970149
425949,425956,426510,7,554,2,7200,1.01263537906
425964,425970,426532,6,562,2,7200,1.01067615658
425966,425977,426512,11,535,2,7200,1.02056074766
425981,425987,426517,6,530,2,7200,1.01132075472
425982,425994,426505,12,511,2,7200,1.02348336595
425998,426005,426525,7,520,2,7200,1.01346153846
426000,426012,426552,12,540,2,7200,1.02222222222
426001,426017,426529,16,512,2,7200,1.03125
426016,426023,426549,7,526,2,7200,1.01330798479
426018,426030,426556,12,526,2,7200,1.02281368821
426033,426039,426552,6,513,2,7200,1.01169590643
426091,426097,426616,6,519,2,7200,1.01156069364
426106,426112,426664,6,552,2,7200,1.01086956522
426121,426127,426651,6,524,2,7200,1.01145038168
426122,426133,426668,11,535,2,7200,1.02056074766
426137,426144,426651,7,507,2,7200,1.01380670611
426139,426151,426648,12,497,2,7200,1.02414486922
426154,426161,426694,7,533,2,7200,1.01313320826
426156,426167,426705,11,538,2,7200,1.02044609665
426186,426194,426743,8,549,2,7200,1.014571949
426188,426199,426749,11,550,2,7200,1.02
426189,426206,426719,17,513,2,7200,1.03313840156
426210,426216,426727,6,511,2,7200,1.01174168297
426226,426232,426775,6,543,2,7200,1.01104972376
426227,426238,426756,11,518,2,7200,1.02123552124
426242,426249,426782,7,533,2,7200,1.01313320826
426244,426255,426793,11,538,2,7200,1.02044609665
426259,426266,426814,7,548,2,7200,1.01277372263
426260,426273,426799,13,526,2,7200,1.0247148289
426300,426306,426837,6,531,2,7200,1.01129943503
426315,426321,426825,6,504,2,7200,1.0119047619
426348,426356,426870,8,514,2,7200,1.01556420233
426363,426370,426905,7,535,2,7200,1.01308411215
426379,426386,426932,7,546,2,7200,1.01282051282
426380,426393,426923,13,530,2,7200,1.02452830189
426396,426402,426923,6,521,2,7200,1.01151631478
426397,426409,426941,12,532,2,7200,1.02255639098
426440,426447,426978,7,531,2,7200,1.0131826742
426455,426461,426999,6,538,2,7200,1.01115241636
426470,426476,427007,6,531,2,7200,1.01129943503
426506,426513,427045,7,532,2,7200,1.01315789474
426522,426528,427050,6,522,2,7200,1.01149425287
426524,426535,427062,11,527,2,7200,1.02087286528
426525,426541,427094,16,553,2,7200,1.02893309222
426541,426548,427074,7,526,2,7200,1.01330798479
426542,426554,427088,12,534,2,7200,1.02247191011
426543,426560,427113,17,553,2,7200,1.03074141049
426559,426566,427085,7,519,2,7200,1.01348747592
426560,426572,427138,12,566,2,7200,1.02120141343
426562,426579,427092,17,513,2,7200,1.03313840156
426563,426584,427128,21,544,2,7200,1.03860294118
426618,426625,427189,7,564,2,7200,1.01241134752
426652,426658,427198,6,540,2,7200,1.01111111111
426654,426666,427186,12,520,2,7200,1.02307692308
426655,426671,427207,16,536,2,7200,1.02985074627
426670,426678,427216,8,538,2,7200,1.01486988848
426672,426685,427224,13,539,2,7200,1.0241187384
426696,426703,427257,7,554,2,7200,1.01263537906
426711,426718,427269,7,551,2,7200,1.01270417423
426727,426733,427276,6,543,2,7200,1.01104972376
426744,426750,427302,6,552,2,7200,1.01086956522
426745,426757,427307,12,550,2,7200,1.02181818182
426760,426767,427281,7,514,2,7200,1.01361867704
426762,426774,427270,12,496,2,7200,1.02419354839
426777,426783,427301,6,518,2,7200,1.01158301158
426792,426798,427329,6,531,2,7200,1.01129943503
426807,426814,427355,7,541,2,7200,1.01293900185
426809,426821,427377,12,556,2,7200,1.02158273381
426824,426830,427379,6,549,2,7200,1.01092896175
426839,426846,427360,7,514,2,7200,1.01361867704
426841,426853,427373,12,520,2,7200,1.02307692308
426871,426879,427411,8,532,2,7200,1.01503759398
426908,426915,427456,7,541,2,7200,1.01293900185
426926,426932,427454,6,522,2,7200,1.01149425287
426928,426940,427467,12,527,2,7200,1.02277039848
426943,426949,427510,6,561,2,7200,1.01069518717
426945,426957,427517,12,560,2,7200,1.02142857143
426949,426962,433272,13,6310,1,7200,1.00206022187
426981,426988,427506,7,518,2,7200,1.01351351351
427002,427010,427511,8,501,2,7200,1.01596806387
427017,427024,427560,7,536,2,7200,1.01305970149
427048,427054,427606,6,552,2,7200,1.01086956522
427063,427069,427595,6,526,2,7200,1.01140684411
427064,427076,427613,12,537,2,7200,1.02234636872
427080,427086,427611,6,525,2,7200,1.01142857143
427095,427101,427614,6,513,2,7200,1.01169590643
427097,427109,427627,12,518,2,7200,1.02316602317
427098,427114,427661,16,547,2,7200,1.02925045704
427099,427119,427661,20,542,2,7200,1.036900369
427115,427127,427674,12,547,2,7200,1.02193784278
427129,427141,427218,12,77,1,3600,1.15584415584
427130,427136,427674,6,538,2,7200,1.01115241636
427145,427151,427671,6,520,2,7200,1.01153846154
427187,427194,427731,7,537,2,7200,1.01303538175
427203,427210,427757,7,547,2,7200,1.01279707495
427204,427217,427750,13,533,2,7200,1.0243902439
427219,427226,427758,7,532,2,7200,1.01315789474
427221,427233,427739,12,506,2,7200,1.02371541502
427236,427243,427762,7,519,2,7200,1.01348747592
427260,427267,427805,7,538,2,7200,1.01301115242
427276,427282,427804,6,522,2,7200,1.01149425287
427277,427289,427805,12,516,2,7200,1.02325581395
427279,427294,427826,15,532,2,7200,1.02819548872
427294,427301,427816,7,515,2,7200,1.01359223301
427309,427316,427828,7,512,2,7200,1.013671875
427311,427323,427850,12,527,2,7200,1.02277039848
427312,427328,427868,16,540,2,7200,1.02962962963
427330,427338,427872,8,534,2,7200,1.01498127341
427358,427365,427896,7,531,2,7200,1.0131826742
427373,427380,427879,7,499,2,7200,1.01402805611
427389,427395,427941,6,546,2,7200,1.01098901099
427390,427402,427931,12,529,2,7200,1.02268431002
427391,427408,427936,17,528,2,7200,1.0321969697
427413,427420,427936,7,516,2,7200,1.01356589147
427455,427461,427971,6,510,2,7200,1.01176470588
427470,427477,428019,7,542,2,7200,1.01291512915
427472,427483,428018,11,535,2,7200,1.02056074766
427508,427515,428044,7,529,2,7200,1.01323251418
427524,427531,428062,7,531,2,7200,1.0131826742
427525,427537,428069,12,532,2,7200,1.02255639098
427526,427543,428061,17,518,2,7200,1.03281853282
427563,427570,428099,7,529,2,7200,1.01323251418
427596,427603,428119,7,516,2,7200,1.01356589147
427611,427618,428139,7,521,2,7200,1.01343570058
427613,427625,428166,12,541,2,7200,1.02218114603
427630,427637,428172,7,535,2,7200,1.01308411215
427632,427645,428180,13,535,2,7200,1.02429906542
427633,427650,428181,17,531,2,7200,1.03201506591
427664,427671,428181,7,510,2,7200,1.0137254902
427665,427678,428184,13,506,2,7200,1.0256916996
427681,427687,428215,6,528,2,7200,1.01136363636
427683,427695,428221,12,526,2,7200,1.02281368821
427684,427700,428219,16,519,2,7200,1.03082851638
427727,427734,428354,7,620,1,9000,1.01129032258
427727,427739,430106,12,2367,1,9000,1.00506970849
427728,427778,428013,50,235,1,9000,1.21276595745
427728,427744,435305,16,7561,1,9000,1.00211612221
427728,427750,435952,22,8202,1,9000,1.00268227262
427728,427773,428013,45,240,1,9000,1.1875
427728,427767,436785,39,9018,1,9000,1.00432468397
427729,427789,428013,60,224,1,9000,1.26785714286
427729,427783,428013,54,230,1,9000,1.2347826087
427729,427794,428013,65,219,1,9000,1.29680365297
427733,427757,428278,24,521,2,7200,1.04606525912
427748,427762,428273,14,511,2,7200,1.02739726027
427764,427801,428330,37,529,2,7200,1.06994328922
427766,427806,428317,40,511,2,7200,1.0782778865
427767,427811,428366,44,555,2,7200,1.07927927928
427768,427817,428374,49,557,2,7200,1.08797127469
427805,427824,428381,19,557,2,7200,1.03411131059
427820,427830,428347,10,517,2,7200,1.01934235977
427822,427836,428353,14,517,2,7200,1.02707930368
427823,427841,428357,18,516,2,7200,1.03488372093
427838,427847,428351,9,504,2,7200,1.01785714286
427840,427853,428390,13,537,2,7200,1.02420856611
427855,427862,428394,7,532,2,7200,1.01315789474
427870,427876,428433,6,557,2,7200,1.01077199282
427885,427891,428425,6,534,2,7200,1.01123595506
427887,427899,428416,12,517,2,7200,1.02321083172
427902,427909,428437,7,528,2,7200,1.01325757576
427932,427938,428451,6,513,2,7200,1.01169590643
427948,427954,428498,6,544,2,7200,1.01102941176
427949,427960,428501,11,541,2,7200,1.02033271719
427951,427965,428499,14,534,2,7200,1.02621722846
427972,427979,428497,7,518,2,7200,1.01351351351
428021,428028,428559,7,531,2,7200,1.0131826742
428022,428035,428567,13,532,2,7200,1.02443609023
428041,428047,435337,6,7290,1,9000,1.00082304527
428041,428052,435425,11,7373,1,9000,1.00149193001
428041,428065,435663,24,7598,1,9000,1.00315872598
428042,428070,436316,28,8246,1,9000,1.00339558574
428042,428076,437115,34,9039,1,9000,1.00376147804
428046,428059,428551,13,492,2,7200,1.02642276423
428062,428083,428593,21,510,2,7200,1.04117647059
428077,428090,428612,13,522,2,7200,1.02490421456
428079,428095,428600,16,505,2,7200,1.03168316832
428100,428106,428632,6,526,2,7200,1.01140684411
428121,428128,428680,7,552,2,7200,1.01268115942
428142,428148,428660,6,512,2,7200,1.01171875
428166,428174,428677,8,503,2,7200,1.01590457256
428182,428189,428709,7,520,2,7200,1.01346153846
428183,428196,428755,13,559,2,7200,1.02325581395
428185,428201,428722,16,521,2,7200,1.03071017274
428186,428206,428728,20,522,2,7200,1.03831417625
428202,428212,428767,10,555,2,7200,1.01801801802
428217,428223,428783,6,560,2,7200,1.01071428571
428232,428238,428783,6,545,2,7200,1.01100917431
428233,428245,428750,12,505,2,7200,1.02376237624
428276,428282,428799,6,517,2,7200,1.01160541586
428291,428297,428844,6,547,2,7200,1.01096892139
428318,428324,428866,6,542,2,7200,1.0110701107
428333,428340,428866,7,526,2,7200,1.01330798479
428349,428356,428892,7,536,2,7200,1.01305970149
428364,428370,428904,6,534,2,7200,1.01123595506
428366,428377,428928,11,551,2,7200,1.01996370236
428367,428382,428916,15,534,2,7200,1.02808988764
428383,428388,428937,5,549,2,7200,1.00910746812
428384,428395,428930,11,535,2,7200,1.02056074766
428385,428401,428909,16,508,2,7200,1.03149606299
428401,428408,428941,7,533,2,7200,1.01313320826
428402,428414,428927,12,513,2,7200,1.02339181287
428418,428424,428974,6,550,2,7200,1.01090909091
428433,428439,428975,6,536,2,7200,1.01119402985
428435,428446,428967,11,521,2,7200,1.02111324376
428450,428457,428997,7,540,2,7200,1.01296296296
428465,428471,428996,6,525,2,7200,1.01142857143
428499,428506,429049,7,543,2,7200,1.01289134438
428500,428513,429060,13,547,2,7200,1.02376599634
428516,428523,429062,7,539,2,7200,1.01298701299
428517,428529,429074,12,545,2,7200,1.02201834862
428554,428560,429082,6,522,2,7200,1.01149425287
428569,428575,429110,6,535,2,7200,1.01121495327
428570,428582,429082,12,500,2,7200,1.024
428595,428601,429145,6,544,2,7200,1.01102941176
428610,428616,429145,6,529,2,7200,1.01134215501
428625,428632,429176,7,544,2,7200,1.01286764706
428640,428646,429178,6,532,2,7200,1.01127819549
428661,428668,429205,7,537,2,7200,1.01303538175
428679,428687,429218,8,531,2,7200,1.01506591337
428695,428701,429221,6,520,2,7200,1.01153846154
428710,428716,429253,6,537,2,7200,1.01117318436
428725,428731,429244,6,513,2,7200,1.01169590643
428740,428746,429290,6,544,2,7200,1.01102941176
428755,428761,429285,6,524,2,7200,1.01145038168
428756,428767,429303,11,536,2,7200,1.02052238806
428774,428781,429331,7,550,2,7200,1.01272727273
428790,428797,429333,7,536,2,7200,1.01305970149
428791,428803,429352,12,549,2,7200,1.0218579235
428806,428813,429363,7,550,2,7200,1.01272727273
428846,428852,429388,6,536,2,7200,1.01119402985
428867,428874,429405,7,531,2,7200,1.0131826742
428869,428881,429412,12,531,2,7200,1.02259887006
428893,428900,429437,7,537,2,7200,1.01303538175
428908,428915,429424,7,509,2,7200,1.0137524558
428924,428931,429438,7,507,2,7200,1.01380670611
428925,428938,429486,13,548,2,7200,1.02372262774
428941,428947,429502,6,555,2,7200,1.01081081081
428942,428954,429504,12,550,2,7200,1.02181818182
428944,428959,429509,15,550,2,7200,1.02727272727
428945,428964,429522,19,558,2,7200,1.03405017921
428946,428969,429509,23,540,2,7200,1.04259259259
428971,428977,429542,6,565,2,7200,1.01061946903
428986,428992,429525,6,533,2,7200,1.01125703565
428988,428999,429545,11,546,2,7200,1.02014652015
429003,429010,429555,7,545,2,7200,1.0128440367
429004,429016,429538,12,522,2,7200,1.02298850575
429050,429057,429591,7,534,2,7200,1.01310861423
429065,429071,429619,6,548,2,7200,1.01094890511
429067,429078,429634,11,556,2,7200,1.01978417266
429082,429088,429632,6,544,2,7200,1.01102941176
429083,429095,429609,12,514,2,7200,1.0233463035
429085,429100,429664,15,564,2,7200,1.02659574468
429112,429119,429679,7,560,2,7200,1.0125
429146,429152,429678,6,526,2,7200,1.01140684411
429147,429159,429681,12,522,2,7200,1.02298850575
429178,429184,429711,6,527,2,7200,1.01138519924
429180,429192,429747,12,555,2,7200,1.02162162162
429207,429214,429743,7,529,2,7200,1.01323251418
429223,429229,429778,6,549,2,7200,1.01092896175
429224,429235,429748,11,513,2,7200,1.02144249513
429245,429252,429779,7,527,2,7200,1.01328273245
429260,429267,429803,7,536,2,7200,1.01305970149
429288,429295,429844,7,549,2,7200,1.01275045537
429303,429310,429862,7,552,2,7200,1.01268115942
429318,429324,429855,6,531,2,7200,1.01129943503
429322,429331,429332,9,1,1,240,1.0
429334,429341,429865,7,524,2,7200,1.01335877863
429335,429348,429898,13,550,2,7200,1.02363636364
429353,429360,429898,7,538,2,7200,1.01301115242
429369,429375,429946,6,571,2,7200,1.01050788091
429390,429397,429921,7,524,2,7200,1.01335877863
429408,429415,429952,7,537,2,7200,1.01303538175
429423,429429,429992,6,563,2,7200,1.01065719361
429425,429436,429966,11,530,2,7200,1.02075471698
429440,429446,429984,6,538,2,7200,1.01115241636
429441,429452,429991,11,539,2,7200,1.02040816327
429487,429493,430025,6,532,2,7200,1.01127819549
429505,429512,430060,7,548,2,7200,1.01277372263
429507,429518,430065,11,547,2,7200,1.02010968921
429522,429528,430035,6,507,2,7200,1.01183431953
429524,429535,430061,11,526,2,7200,1.02091254753
429525,429540,430080,15,540,2,7200,1.02777777778
429540,429546,430095,6,549,2,7200,1.01092896175
429542,429553,430082,11,529,2,7200,1.02079395085
429557,429563,430102,6,539,2,7200,1.01113172542
429559,429570,430118,11,548,2,7200,1.0200729927
429560,429575,430109,15,534,2,7200,1.02808988764
429593,429600,430144,7,544,2,7200,1.01286764706
429612,429618,430156,6,538,2,7200,1.01115241636
429627,429634,430139,7,505,2,7200,1.01386138614
429642,429648,430194,6,546,2,7200,1.01098901099
429643,429654,430136,11,482,2,7200,1.02282157676
429668,429675,430195,7,520,2,7200,1.01346153846
429683,429689,430226,6,537,2,7200,1.01117318436
429685,429697,430242,12,545,2,7200,1.02201834862
429686,429702,430251,16,549,2,7200,1.029143898
429714,429721,430245,7,524,2,7200,1.01335877863
429747,429754,430294,7,540,2,7200,1.01296296296
429749,429761,430286,12,525,2,7200,1.02285714286
429764,429771,430294,7,523,2,7200,1.01338432122
429779,429785,430347,6,562,2,7200,1.01067615658
429781,429792,430345,11,553,2,7200,1.0198915009
429806,429812,430351,6,539,2,7200,1.01113172542
429845,429852,430404,7,552,2,7200,1.01268115942
429861,429867,430417,6,550,2,7200,1.01090909091
429876,429882,430401,6,519,2,7200,1.01156069364
429877,429889,430436,12,547,2,7200,1.02193784278
429899,429905,430439,6,534,2,7200,1.01123595506
429900,429913,430450,13,537,2,7200,1.02420856611
429925,429931,430463,6,532,2,7200,1.01127819549
429949,429956,430510,7,554,2,7200,1.01263537906
429964,429971,430532,7,561,2,7200,1.01247771836
429979,429986,430542,7,556,2,7200,1.01258992806
429995,430001,430533,6,532,2,7200,1.01127819549
429996,430008,430503,12,495,2,7200,1.02424242424
429997,430014,430551,17,537,2,7200,1.03165735568
430028,430035,430569,7,534,2,7200,1.01310861423
430043,430050,430603,7,553,2,7200,1.01265822785
430061,430067,430591,6,524,2,7200,1.01145038168
430063,430074,430629,11,555,2,7200,1.01981981982
430078,430085,430639,7,554,2,7200,1.01263537906
430093,430100,430639,7,539,2,7200,1.01298701299
430095,430108,430653,13,545,2,7200,1.02385321101
430110,430116,430670,6,554,2,7200,1.01083032491
430112,430123,430681,11,558,2,7200,1.01971326165
430113,430128,430648,15,520,2,7200,1.02884615385
430128,430134,430666,6,532,2,7200,1.01127819549
430144,430150,430680,6,530,2,7200,1.01132075472
430145,430157,430688,12,531,2,7200,1.02259887006
430146,430163,430661,17,498,2,7200,1.03413654618
430162,430170,430705,8,535,2,7200,1.01495327103
430198,430205,430710,7,505,2,7200,1.01386138614
430200,430212,430747,12,535,2,7200,1.02242990654
430227,430234,430791,7,557,2,7200,1.01256732496
430246,430253,430799,7,546,2,7200,1.01282051282
430247,430260,430778,13,518,2,7200,1.0250965251
430263,430269,430777,6,508,2,7200,1.01181102362
430287,430294,430798,7,504,2,7200,1.01388888889
430303,430309,430846,6,537,2,7200,1.01117318436
430305,430316,430829,11,513,2,7200,1.02144249513
430344,430350,430897,6,547,2,7200,1.01096892139
430360,430367,430909,7,542,2,7200,1.01291512915
430361,430374,430893,13,519,2,7200,1.02504816956
430404,430410,430949,6,539,2,7200,1.01113172542
430419,430426,430955,7,529,2,7200,1.01323251418
430420,430433,430987,13,554,2,7200,1.02346570397
430439,430446,430977,7,531,2,7200,1.0131826742
430454,430461,431006,7,545,2,7200,1.0128440367
430456,430467,430975,11,508,2,7200,1.02165354331
430471,430478,431021,7,543,2,7200,1.01289134438
430504,430512,431022,8,510,2,7200,1.01568627451
430520,430527,431022,7,495,2,7200,1.01414141414
430535,430542,431052,7,510,2,7200,1.0137254902
430536,430549,431092,13,543,2,7200,1.02394106814
430552,430559,431091,7,532,2,7200,1.01315789474
430553,430566,431120,13,554,2,7200,1.02346570397
430571,430578,431106,7,528,2,7200,1.01325757576
430593,430600,431112,7,512,2,7200,1.013671875
430608,430615,431141,7,526,2,7200,1.01330798479
430632,430638,431154,6,516,2,7200,1.01162790698
430647,430655,431163,8,508,2,7200,1.0157480315
430649,430662,431194,13,532,2,7200,1.02443609023
430665,430671,431224,6,553,2,7200,1.01084990958
430666,430679,431194,13,515,2,7200,1.02524271845
430667,430684,431231,17,547,2,7200,1.0310786106
430683,430691,431250,8,559,2,7200,1.01431127013
430685,430696,431205,11,509,2,7200,1.02161100196
430686,430703,431230,17,527,2,7200,1.03225806452
430687,430708,431246,21,538,2,7200,1.03903345725
430702,430715,431258,13,543,2,7200,1.02394106814
430718,430725,431289,7,564,2,7200,1.01241134752
430719,430732,431263,13,531,2,7200,1.02448210923
430750,430757,431311,7,554,2,7200,1.01263537906
430777,430783,431318,6,535,2,7200,1.01121495327
430793,430800,431317,7,517,2,7200,1.01353965184
430794,430807,431357,13,550,2,7200,1.02363636364
430809,430817,431354,8,537,2,7200,1.01489757914
430811,430824,431367,13,543,2,7200,1.02394106814
430829,430910,431536,81,626,64,600,1.12939297125
430832,430839,431375,7,536,2,7200,1.01305970149
430847,430855,431383,8,528,2,7200,1.01515151515
430896,430903,431454,7,551,2,7200,1.01270417423
430912,430918,431448,6,530,2,7200,1.01132075472
430913,430926,431479,13,553,2,7200,1.02350813743
430950,430956,431502,6,546,2,7200,1.01098901099
430965,430971,431516,6,545,2,7200,1.01100917431
430980,430987,431535,7,548,2,7200,1.01277372263
430982,430994,431534,12,540,2,7200,1.02222222222
430997,431004,431566,7,562,2,7200,1.01245551601
431012,431019,431566,7,547,2,7200,1.01279707495
431028,431034,431580,6,546,2,7200,1.01098901099
431029,431040,431548,11,508,2,7200,1.02165354331
431030,431046,431573,16,527,2,7200,1.03036053131
431055,431062,431581,7,519,2,7200,1.01348747592
431095,431101,431661,6,560,2,7200,1.01071428571
431096,431109,431653,13,544,2,7200,1.02389705882
431112,431118,431645,6,527,2,7200,1.01138519924
431127,431133,431678,6,545,2,7200,1.01100917431
431128,431139,431690,11,551,2,7200,1.01996370236
431144,431150,431683,6,533,2,7200,1.01125703565
431159,431166,431686,7,520,2,7200,1.01346153846
431174,431181,431745,7,564,2,7200,1.01241134752
431195,431201,431754,6,553,2,7200,1.01084990958
431197,431208,431777,11,569,2,7200,1.01933216169
431212,431220,431763,8,543,2,7200,1.01473296501
431227,431234,431776,7,542,2,7200,1.01291512915
431242,431250,431767,8,517,2,7200,1.01547388781
431244,431257,431805,13,548,2,7200,1.02372262774
431260,431266,431782,6,516,2,7200,1.01162790698
431261,431273,431816,12,543,2,7200,1.02209944751
431262,431278,431803,16,525,2,7200,1.03047619048
431280,431287,431822,7,535,2,7200,1.01308411215
431295,431302,431849,7,547,2,7200,1.01279707495
431314,431321,431848,7,527,2,7200,1.01328273245
431329,431336,431873,7,537,2,7200,1.01303538175
431330,431342,431850,12,508,2,7200,1.02362204724
431355,431361,431874,6,513,2,7200,1.01169590643
431370,431376,431912,6,536,2,7200,1.01119402985
431371,431383,431934,12,551,2,7200,1.02177858439
431387,431394,431943,7,549,2,7200,1.01275045537
431388,431401,431941,13,540,2,7200,1.02407407407
431449,431456,432003,7,547,2,7200,1.01279707495
431464,431470,432011,6,541,2,7200,1.01109057301
431479,431487,431993,8,506,2,7200,1.01581027668
431504,431510,432073,6,563,2,7200,1.01065719361
431519,431525,432049,6,524,2,7200,1.01145038168
431534,431540,432033,6,493,2,7200,1.0121703854
431549,431556,432068,7,512,2,7200,1.013671875
431551,431563,432106,12,543,2,7200,1.02209944751
431566,431572,432109,6,537,2,7200,1.01117318436
431568,431579,432110,11,531,2,7200,1.02071563089
431583,431589,432134,6,545,2,7200,1.01100917431
431585,431596,432142,11,546,2,7200,1.02014652015
431586,431601,432143,15,542,2,7200,1.02767527675
431648,431655,432205,7,550,2,7200,1.01272727273
431664,431670,432207,6,537,2,7200,1.01117318436
431665,431678,432211,13,533,2,7200,1.0243902439
431680,431687,432203,7,516,2,7200,1.01356589147
431696,431702,432232,6,530,2,7200,1.01132075472
431697,431709,432224,12,515,2,7200,1.02330097087
431699,431714,432250,15,536,2,7200,1.02798507463
431747,431755,432268,8,513,2,7200,1.01559454191
431763,431770,432301,7,531,2,7200,1.0131826742
431778,431785,432322,7,537,2,7200,1.01303538175
431780,431792,432313,12,521,2,7200,1.02303262956
431781,431797,432346,16,549,2,7200,1.029143898
431783,431803,432345,20,542,2,7200,1.036900369
431798,431810,432379,12,569,2,7200,1.02108963093
431814,431820,432340,6,520,2,7200,1.01153846154
431815,431827,432379,12,552,2,7200,1.02173913043
431831,431838,432370,7,532,2,7200,1.01315789474
431832,431845,432376,13,531,2,7200,1.02448210923
431851,431857,432386,6,529,2,7200,1.01134215501
431852,431864,432399,12,535,2,7200,1.02242990654
431853,431869,432400,16,531,2,7200,1.03013182674
431875,431881,432403,6,522,2,7200,1.01149425287
431876,431889,432450,13,561,2,7200,1.02317290553
431916,431922,432463,6,541,2,7200,1.01109057301
431937,431943,432480,6,537,2,7200,1.01117318436
431952,431958,432502,6,544,2,7200,1.01102941176
431953,431966,432507,13,541,2,7200,1.02402957486
431995,432002,432551,7,549,2,7200,1.01275045537
432011,432017,432557,6,540,2,7200,1.01111111111
432026,432032,432528,6,496,2,7200,1.01209677419
432040,432048,432586,8,538,2,7200,1.01486988848
432055,432062,432595,7,533,2,7200,1.01313320826
432070,432078,432621,8,543,2,7200,1.01473296501
432085,432092,432609,7,517,2,7200,1.01353965184
432107,432114,432626,7,512,2,7200,1.013671875
432122,432128,432660,6,532,2,7200,1.01127819549
432123,432135,432653,12,518,2,7200,1.02316602317
432138,432144,432690,6,546,2,7200,1.01098901099
432153,432159,432701,6,542,2,7200,1.0110701107
432154,432166,432714,12,548,2,7200,1.02189781022
432206,432213,432781,7,568,2,7200,1.01232394366
432208,432220,432770,12,550,2,7200,1.02181818182
432223,432230,432765,7,535,2,7200,1.01308411215
432225,432237,432756,12,519,2,7200,1.02312138728
432240,432246,432765,6,519,2,7200,1.01156069364
432241,432252,432793,11,541,2,7200,1.02033271719
432256,432263,432786,7,523,2,7200,1.01338432122
432271,432278,432820,7,542,2,7200,1.01291512915
432302,432308,432877,6,569,2,7200,1.01054481547
432317,432324,432894,7,570,2,7200,1.01228070175
432332,432338,432857,6,519,2,7200,1.01156069364
432347,432353,432908,6,555,2,7200,1.01081081081
432348,432360,432912,12,552,2,7200,1.02173913043
432350,432365,432895,15,530,2,7200,1.02830188679
432374,432380,432917,6,537,2,7200,1.01117318436
432390,432396,432944,6,548,2,7200,1.01094890511
432391,432403,432951,12,548,2,7200,1.02189781022
432392,432408,432912,16,504,2,7200,1.03174603175
432394,432413,432932,19,519,2,7200,1.0366088632
432409,432420,432951,11,531,2,7200,1.02071563089
432410,432425,432961,15,536,2,7200,1.02798507463
432412,432430,432974,18,544,2,7200,1.03308823529
432451,432458,432970,7,512,2,7200,1.013671875
432466,432472,432994,6,522,2,7200,1.01149425287
432481,432487,433021,6,534,2,7200,1.01123595506
432505,432511,433037,6,526,2,7200,1.01140684411
432520,432527,433073,7,546,2,7200,1.01282051282
432535,432542,433073,7,531,2,7200,1.0131826742
432553,432560,433095,7,535,2,7200,1.01308411215
432568,432574,433125,6,551,2,7200,1.0108892922
432589,432596,433152,7,556,2,7200,1.01258992806
432605,432611,433153,6,542,2,7200,1.0110701107
432620,432626,433154,6,528,2,7200,1.01136363636
432635,432641,433191,6,550,2,7200,1.01090909091
432636,432649,433194,13,545,2,7200,1.02385321101
432654,432661,433190,7,529,2,7200,1.01323251418
432669,432676,433219,7,543,2,7200,1.01289134438
432691,432697,433242,6,545,2,7200,1.01100917431
432706,432712,433213,6,501,2,7200,1.0119760479
432721,432727,433258,6,531,2,7200,1.01129943503
432757,432765,433299,8,534,2,7200,1.01498127341
432773,432779,433303,6,524,2,7200,1.01145038168
432774,432786,433331,12,545,2,7200,1.02201834862
432775,432792,433315,17,523,2,7200,1.03250478011
432791,432798,433342,7,544,2,7200,1.01286764706
432792,432803,433350,11,547,2,7200,1.02010968921
432807,432813,433335,6,522,2,7200,1.01149425287
432822,432828,433369,6,541,2,7200,1.01109057301
432859,432865,433430,6,565,2,7200,1.01061946903
432877,432883,433416,6,533,2,7200,1.01125703565
432895,432902,433436,7,534,2,7200,1.01310861423
432911,432917,433440,6,523,2,7200,1.01147227533
432912,432924,433464,12,540,2,7200,1.02222222222
432928,432935,433485,7,550,2,7200,1.01272727273
432929,432941,433508,12,567,2,7200,1.02116402116
432931,432947,433479,16,532,2,7200,1.03007518797
432946,432953,433499,7,546,2,7200,1.01282051282
432947,432958,433491,11,533,2,7200,1.02063789869
432963,432970,433511,7,541,2,7200,1.01293900185
432964,432977,433533,13,556,2,7200,1.02338129496
432965,432982,433511,17,529,2,7200,1.03213610586
432980,432989,433496,9,507,2,7200,1.01775147929
432982,432994,433527,12,533,2,7200,1.02251407129
432997,433004,433543,7,539,2,7200,1.01298701299
433025,433031,433570,6,539,2,7200,1.01113172542
433040,433047,433615,7,568,2,7200,1.01232394366
433076,433083,433630,7,547,2,7200,1.01279707495
433078,433089,433616,11,527,2,7200,1.02087286528
433096,433102,433641,6,539,2,7200,1.01113172542
433126,433133,433665,7,532,2,7200,1.01315789474
433154,433161,433692,7,531,2,7200,1.0131826742
433156,433168,433718,12,550,2,7200,1.02181818182
433157,433173,433722,16,549,2,7200,1.029143898
433191,433197,433722,6,525,2,7200,1.01142857143
433193,433204,433743,11,539,2,7200,1.02040816327
433208,433215,433754,7,539,2,7200,1.01298701299
433223,433229,433762,6,533,2,7200,1.01125703565
433224,433235,433770,11,535,2,7200,1.02056074766
433243,433249,433779,6,530,2,7200,1.01132075472
433261,433267,433823,6,556,2,7200,1.01079136691
433301,433308,433866,7,558,2,7200,1.01254480287
433316,433322,433859,6,537,2,7200,1.01117318436
433317,433328,433875,11,547,2,7200,1.02010968921
433333,433339,433901,6,562,2,7200,1.01067615658
433348,433355,433904,7,549,2,7200,1.01275045537
433349,433362,433910,13,548,2,7200,1.02372262774
433365,433371,433889,6,518,2,7200,1.01158301158
433380,433387,433915,7,528,2,7200,1.01325757576
433419,433427,433955,8,528,2,7200,1.01515151515
433434,433441,433995,7,554,2,7200,1.01263537906
433450,433457,433971,7,514,2,7200,1.01361867704
433451,433463,433996,12,533,2,7200,1.02251407129
433466,433472,434031,6,559,2,7200,1.01073345259
433481,433488,434020,7,532,2,7200,1.01315789474
433497,433503,434029,6,526,2,7200,1.01140684411
433498,433510,434044,12,534,2,7200,1.02247191011
433500,433515,434064,15,549,2,7200,1.02732240437
433515,433521,434057,6,536,2,7200,1.01119402985
433517,433529,434101,12,572,2,7200,1.02097902098
433518,433534,434074,16,540,2,7200,1.02962962963
433519,433539,434059,20,520,2,7200,1.03846153846
433535,433546,434082,11,536,2,7200,1.02052238806
433536,433551,434082,15,531,2,7200,1.02824858757
433551,433557,434106,6,549,2,7200,1.01092896175
433573,433579,434137,6,558,2,7200,1.01075268817
433618,433626,434164,8,538,2,7200,1.01486988848
433620,433631,434167,11,536,2,7200,1.02052238806
433635,433641,434194,6,553,2,7200,1.01084990958
433650,433656,434185,6,529,2,7200,1.01134215501
433668,433675,434238,7,563,2,7200,1.01243339254
433695,433702,434236,7,534,2,7200,1.01310861423
433720,433726,434256,6,530,2,7200,1.01132075472
433735,433742,434252,7,510,2,7200,1.0137254902
433736,433749,434281,13,532,2,7200,1.02443609023
433751,433758,434296,7,538,2,7200,1.01301115242
433767,433773,434283,6,510,2,7200,1.01176470588
433768,433779,434284,11,505,2,7200,1.02178217822
433783,433790,434323,7,533,2,7200,1.01313320826
433785,433798,434346,13,548,2,7200,1.02372262774
433825,433831,434375,6,544,2,7200,1.01102941176
433861,433868,434426,7,558,2,7200,1.01254480287
433877,433883,434444,6,561,2,7200,1.01069518717
433878,433891,434436,13,545,2,7200,1.02385321101
433893,433900,434426,7,526,2,7200,1.01330798479
433909,433916,434458,7,542,2,7200,1.01291512915
433910,433923,434452,13,529,2,7200,1.02457466919
433926,433932,434462,6,530,2,7200,1.01132075472
433927,433938,434478,11,540,2,7200,1.02037037037
433957,433965,434503,8,538,2,7200,1.01486988848
433973,433980,434532,7,552,2,7200,1.01268115942
433997,434003,434557,6,554,2,7200,1.01083032491
433998,434010,434531,12,521,2,7200,1.02303262956
434023,434029,434565,6,536,2,7200,1.01119402985
434038,434045,434565,7,520,2,7200,1.01346153846
434040,434051,434594,11,543,2,7200,1.02025782689
434055,434062,434553,7,491,2,7200,1.01425661914
434071,434077,434610,6,533,2,7200,1.01125703565
434072,434084,434625,12,541,2,7200,1.02218114603
434073,434089,434614,16,525,2,7200,1.03047619048
434092,434099,434659,7,560,2,7200,1.0125
434093,434106,434670,13,564,2,7200,1.02304964539
434095,434111,434660,16,549,2,7200,1.029143898
434110,434118,434638,8,520,2,7200,1.01538461538
434111,434123,434655,12,532,2,7200,1.02255639098
434139,434145,434660,6,515,2,7200,1.01165048544
434166,434172,434730,6,558,2,7200,1.01075268817
434168,434179,434719,11,540,2,7200,1.02037037037
434189,434196,434748,7,552,2,7200,1.01268115942
434204,434211,434753,7,542,2,7200,1.01291512915
434238,434245,434790,7,545,2,7200,1.0128440367
434253,434260,434807,7,547,2,7200,1.01279707495
434255,434267,434772,12,505,2,7200,1.02376237624
434270,434276,434816,6,540,2,7200,1.01111111111
434286,434292,434833,6,541,2,7200,1.01109057301
434287,434299,434834,12,535,2,7200,1.02242990654
434289,434304,434834,15,530,2,7200,1.02830188679
434304,434311,434860,7,549,2,7200,1.01275045537
434325,434332,434849,7,517,2,7200,1.01353965184
434349,434357,434886,8,529,2,7200,1.01512287335
434377,434383,434939,6,556,2,7200,1.01079136691
434428,434435,434994,7,559,2,7200,1.01252236136
434430,434442,434979,12,537,2,7200,1.02234636872
434445,434452,434983,7,531,2,7200,1.0131826742
434447,434458,435001,11,543,2,7200,1.02025782689
434462,434468,435002,6,534,2,7200,1.01123595506
434464,434475,435028,11,553,2,7200,1.0198915009
434465,434480,435041,15,561,2,7200,1.02673796791
434480,434488,435038,8,550,2,7200,1.01454545455
434505,434511,435020,6,509,2,7200,1.01178781925
434532,434539,435061,7,522,2,7200,1.01340996169
434534,434546,435073,12,527,2,7200,1.02277039848
434555,434562,435108,7,546,2,7200,1.01282051282
434571,434577,435114,6,537,2,7200,1.01117318436
434572,434584,435112,12,528,2,7200,1.02272727273
434573,434589,435107,16,518,2,7200,1.03088803089
434598,434605,435159,7,554,2,7200,1.01263537906
434613,434620,435156,7,536,2,7200,1.01305970149
434628,434634,435129,6,495,2,7200,1.01212121212
434630,434641,435190,11,549,2,7200,1.02003642987
434645,434651,435196,6,545,2,7200,1.01100917431
434660,434667,435211,7,544,2,7200,1.01286764706
434662,434674,435197,12,523,2,7200,1.02294455067
434663,434679,435224,16,545,2,7200,1.02935779817
434664,434684,435187,20,503,2,7200,1.03976143141
434680,434692,435234,12,542,2,7200,1.0221402214
434720,434727,435262,7,535,2,7200,1.01308411215
434735,434742,435283,7,541,2,7200,1.01293900185
434751,434758,435295,7,537,2,7200,1.01303538175
434766,434772,435314,6,542,2,7200,1.0110701107
434781,434787,435347,6,560,2,7200,1.01071428571
434796,434803,435325,7,522,2,7200,1.01340996169
434811,434817,435334,6,517,2,7200,1.01160541586
434826,434833,435376,7,543,2,7200,1.01289134438
434842,434848,435400,6,552,2,7200,1.01086956522
434843,434855,435418,12,563,2,7200,1.02131438721
434845,434860,435373,15,513,2,7200,1.02923976608
434860,434867,435388,7,521,2,7200,1.01343570058
434862,434874,435428,12,554,2,7200,1.02166064982
434889,434895,435451,6,556,2,7200,1.01079136691
434941,434948,435465,7,517,2,7200,1.01353965184
434980,434987,435541,7,554,2,7200,1.01263537906
434996,435002,435557,6,555,2,7200,1.01081081081
434997,435010,435553,13,543,2,7200,1.02394106814
435012,435019,435557,7,538,2,7200,1.01301115242
435014,435026,435569,12,543,2,7200,1.02209944751
435029,435035,435564,6,529,2,7200,1.01134215501
435030,435042,435585,12,543,2,7200,1.02209944751
435046,435052,435592,6,540,2,7200,1.01111111111
435047,435059,435595,12,536,2,7200,1.0223880597
435062,435069,435585,7,516,2,7200,1.01356589147
435077,435084,435636,7,552,2,7200,1.01268115942
435108,435115,435648,7,533,2,7200,1.01313320826
435109,435121,435675,12,554,2,7200,1.02166064982
435125,435132,435693,7,561,2,7200,1.01247771836
435126,435138,435682,12,544,2,7200,1.02205882353
435142,435149,435673,7,524,2,7200,1.01335877863
435157,435163,435679,6,516,2,7200,1.01162790698
435172,435178,435698,6,520,2,7200,1.01153846154
435190,435197,435737,7,540,2,7200,1.01296296296
435192,435204,435756,12,552,2,7200,1.02173913043
435207,435213,435766,6,553,2,7200,1.01084990958
435208,435220,435763,12,543,2,7200,1.02209944751
435224,435230,435742,6,512,2,7200,1.01171875
435239,435246,435791,7,545,2,7200,1.0128440367
435240,435252,435797,12,545,2,7200,1.02201834862
435265,435271,435803,6,532,2,7200,1.01127819549
435283,435290,435835,7,545,2,7200,1.0128440367
435298,435304,435847,6,543,2,7200,1.01104972376
435316,435322,435868,6,546,2,7200,1.01098901099
435331,435338,435871,7,533,2,7200,1.01313320826
435347,435354,435875,7,521,2,7200,1.01343570058
435362,435368,435922,6,554,2,7200,1.01083032491
435377,435383,435903,6,520,2,7200,1.01153846154
435379,435390,435933,11,543,2,7200,1.02025782689
435394,435400,435922,6,522,2,7200,1.01149425287
435409,435415,435943,6,528,2,7200,1.01136363636
435424,435430,435985,6,555,2,7200,1.01081081081
435439,435445,435961,6,516,2,7200,1.01162790698
435454,435462,436012,8,550,2,7200,1.01454545455
435469,435475,436025,6,550,2,7200,1.01090909091
435543,435549,436076,6,527,2,7200,1.01138519924
435558,435564,436102,6,538,2,7200,1.01115241636
435559,435571,436111,12,540,2,7200,1.02222222222
435561,435576,436107,15,531,2,7200,1.02824858757
435576,435582,436128,6,546,2,7200,1.01098901099
435578,435589,436116,11,527,2,7200,1.02087286528
435593,435599,436105,6,506,2,7200,1.01185770751
435594,435606,436154,12,548,2,7200,1.02189781022
435596,435611,436131,15,520,2,7200,1.02884615385
435611,435617,436159,6,542,2,7200,1.0110701107
435639,435645,436174,6,529,2,7200,1.01134215501
435654,435660,436207,6,547,2,7200,1.01096892139
435675,435681,436229,6,548,2,7200,1.01094890511
435682,435699,464916,17,29217,1,32400,1.00058185303
435682,435694,464667,12,28973,1,32400,1.00041417872
435682,435689,464581,7,28892,1,32400,1.0002422816
435683,435728,467923,45,32195,1,32400,1.00139773257
435683,435705,465637,22,29932,1,32400,1.00073499933
435691,435712,436260,21,548,2,7200,1.03832116788
435692,435717,436228,25,511,2,7200,1.04892367906
435693,435722,436242,29,520,2,7200,1.05576923077
435703,435733,445462,30,9729,1,32400,1.0030835646
435703,435744,468159,41,32415,1,32400,1.00126484652
435703,435738,465595,35,29857,1,32400,1.00117225441
435709,435751,436319,42,568,2,7200,1.07394366197
435710,435756,436302,46,546,2,7200,1.08424908425
435740,435761,436320,21,559,2,7200,1.03756708408
435756,435768,436317,12,549,2,7200,1.0218579235
435757,435773,436308,16,535,2,7200,1.02990654206
435772,435780,436314,8,534,2,7200,1.01498127341
435774,435785,436345,11,560,2,7200,1.01964285714
435792,435798,436355,6,557,2,7200,1.01077199282
435807,435813,436356,6,543,2,7200,1.01104972376
435809,435820,436380,11,560,2,7200,1.01964285714
435839,435846,436405,7,559,2,7200,1.01252236136
435854,435860,436400,6,540,2,7200,1.01111111111
435869,435875,436436,6,561,2,7200,1.01069518717
435884,435892,436425,8,533,2,7200,1.01500938086
435886,435899,436440,13,541,2,7200,1.02402957486
435904,435910,436473,6,563,2,7200,1.01065719361
435926,435932,436450,6,518,2,7200,1.01158301158
435927,435939,436466,12,527,2,7200,1.02277039848
435942,435948,436477,6,529,2,7200,1.01134215501
435944,435955,436507,11,552,2,7200,1.01992753623
435962,435968,436509,6,541,2,7200,1.01109057301
435986,435993,436520,7,527,2,7200,1.01328273245
436010,436017,436570,7,553,2,7200,1.01265822785
436029,436035,436566,6,531,2,7200,1.01129943503
436077,436083,436613,6,530,2,7200,1.01132075472
436105,436111,436634,6,523,2,7200,1.01147227533
436121,436127,436678,6,551,2,7200,1.0108892922
436122,436133,436678,11,545,2,7200,1.02018348624
436123,436138,436682,15,544,2,7200,1.02757352941
436125,436144,436687,19,543,2,7200,1.0349907919
436140,436151,436686,11,535,2,7200,1.02056074766
436141,436156,436668,15,512,2,7200,1.029296875
436157,436163,436707,6,544,2,7200,1.01102941176
436172,436179,436696,7,517,2,7200,1.01353965184
436187,436194,436715,7,521,2,7200,1.01343570058
436208,436215,436755,7,540,2,7200,1.01296296296
436229,436235,436757,6,522,2,7200,1.01149425287
436245,436251,436794,6,543,2,7200,1.01104972376
436246,436258,436774,12,516,2,7200,1.02325581395
436261,436268,436815,7,547,2,7200,1.01279707495
436304,436311,436837,7,526,2,7200,1.01330798479
436319,436326,436883,7,557,2,7200,1.01256732496
436321,436333,436889,12,556,2,7200,1.02158273381
436322,436338,436843,16,505,2,7200,1.03168316832
436323,436343,436882,20,539,2,7200,1.03710575139
436339,436351,436855,12,504,2,7200,1.02380952381
436354,436360,436911,6,551,2,7200,1.0108892922
436369,436375,436953,6,578,2,7200,1.01038062284
436370,436381,436935,11,554,2,7200,1.01985559567
436386,436392,436935,6,543,2,7200,1.01104972376
436401,436408,436961,7,553,2,7200,1.01265822785
436416,436422,436953,6,531,2,7200,1.01129943503
436431,436438,436996,7,558,2,7200,1.01254480287
436446,436453,437009,7,556,2,7200,1.01258992806
436448,436459,436977,11,518,2,7200,1.02123552124
436463,436470,437014,7,544,2,7200,1.01286764706
436478,436485,436991,7,506,2,7200,1.01383399209
436480,436492,437034,12,542,2,7200,1.0221402214
436481,436497,437042,16,545,2,7200,1.02935779817
436509,436516,437022,7,506,2,7200,1.01383399209
436524,436531,437093,7,562,2,7200,1.01245551601
436525,436538,437093,13,555,2,7200,1.02342342342
436568,436574,437084,6,510,2,7200,1.01176470588
436583,436590,437143,7,553,2,7200,1.01265822785
436613,436619,437178,6,559,2,7200,1.01073345259
436635,436642,437198,7,556,2,7200,1.01258992806
436671,436678,437221,7,543,2,7200,1.01289134438
436687,436693,437228,6,535,2,7200,1.01121495327
436688,436700,437227,12,527,2,7200,1.02277039848
436690,436705,437224,15,519,2,7200,1.0289017341
436691,436710,437260,19,550,2,7200,1.03454545455
436692,436716,437253,24,537,2,7200,1.04469273743
436708,436723,437230,15,507,2,7200,1.02958579882
436709,436728,437270,19,542,2,7200,1.03505535055
436725,436735,437270,10,535,2,7200,1.01869158879
436758,436764,437323,6,559,2,7200,1.01073345259
436760,436772,437253,12,481,2,7200,1.02494802495
436775,436781,437304,6,523,2,7200,1.01147227533
436796,436802,437350,6,548,2,7200,1.01094890511
436817,436824,437326,7,502,2,7200,1.01394422311
436839,436845,437371,6,526,2,7200,1.01140684411
436854,436861,437388,7,527,2,7200,1.01328273245
436869,436876,437413,7,537,2,7200,1.01303538175
436884,436890,437442,6,552,2,7200,1.01086956522
436886,436897,437449,11,552,2,7200,1.01992753623
436901,436908,437448,7,540,2,7200,1.01296296296
436916,436922,437446,6,524,2,7200,1.01145038168
436934,436941,437471,7,530,2,7200,1.01320754717
436949,436955,437486,6,531,2,7200,1.01129943503
436965,436971,437529,6,558,2,7200,1.01075268817
436966,436977,437524,11,547,2,7200,1.02010968921
436967,436983,437488,16,505,2,7200,1.03168316832
436982,436990,437560,8,570,2,7200,1.01403508772
436998,437005,437530,7,525,2,7200,1.01333333333
436999,437011,437548,12,537,2,7200,1.02234636872
437014,437020,437569,6,549,2,7200,1.01092896175
437016,437027,437547,11,520,2,7200,1.02115384615
437031,437037,437593,6,556,2,7200,1.01079136691
437046,437052,437611,6,559,2,7200,1.01073345259
437048,437059,437595,11,536,2,7200,1.02052238806
437087,437093,437640,6,547,2,7200,1.01096892139
437102,437110,437642,8,532,2,7200,1.01503759398
437104,437115,437666,11,551,2,7200,1.01996370236
437146,437154,437669,8,515,2,7200,1.01553398058
437180,437187,437729,7,542,2,7200,1.01291512915
437201,437207,437752,6,545,2,7200,1.01100917431
437222,437228,437750,6,522,2,7200,1.01149425287
437238,437245,437761,7,516,2,7200,1.01356589147
437239,437251,437782,12,531,2,7200,1.02259887006
437241,437257,437791,16,534,2,7200,1.02996254682
437242,437262,437807,20,545,2,7200,1.03669724771
437257,437269,437824,12,555,2,7200,1.02162162162
437259,437274,437823,15,549,2,7200,1.02732240437
437274,437280,437835,6,555,2,7200,1.01081081081
437276,437287,437820,11,533,2,7200,1.02063789869
437277,437292,437840,15,548,2,7200,1.02737226277
437308,437315,437859,7,544,2,7200,1.01286764706
437326,437332,437873,6,541,2,7200,1.01109057301
437341,437348,437879,7,531,2,7200,1.0131826742
437356,437362,437906,6,544,2,7200,1.01102941176
437374,437381,437933,7,552,2,7200,1.01268115942
437389,437396,437942,7,546,2,7200,1.01282051282
437414,437421,437960,7,539,2,7200,1.01298701299
437441,437447,438007,6,560,2,7200,1.01071428571
437457,437463,438013,6,550,2,7200,1.01090909091
437458,437471,438021,13,550,2,7200,1.02363636364
437460,437476,438019,16,543,2,7200,1.02946593002
437475,437482,438048,7,566,2,7200,1.01236749117
437490,437496,438020,6,524,2,7200,1.01145038168
437492,437503,438024,11,521,2,7200,1.02111324376
437525,437532,438071,7,539,2,7200,1.01298701299
437540,437546,438042,6,496,2,7200,1.01209677419
437542,437552,438078,10,526,2,7200,1.01901140684
437559,437565,438109,6,544,2,7200,1.01102941176
437561,437573,438137,12,564,2,7200,1.02127659574
437576,437582,438115,6,533,2,7200,1.01125703565
437578,437589,438121,11,532,2,7200,1.02067669173
437596,437602,438137,6,535,2,7200,1.01121495327
437597,437609,438112,12,503,2,7200,1.02385685885
437613,437620,438153,7,533,2,7200,1.01313320826
437643,437649,438175,6,526,2,7200,1.01140684411
437645,437656,438191,11,535,2,7200,1.02056074766
437669,437677,438241,8,564,2,7200,1.01418439716
437671,437682,438189,11,507,2,7200,1.02169625247
437732,437739,438273,7,534,2,7200,1.01310861423
437753,437760,438295,7,535,2,7200,1.01308411215
437755,437767,438323,12,556,2,7200,1.02158273381
437770,437776,438329,6,553,2,7200,1.01084990958
437785,437792,438332,7,540,2,7200,1.01296296296
437800,437808,438337,8,529,2,7200,1.01512287335
437816,437822,438379,6,557,2,7200,1.01077199282
437831,437837,438385,6,548,2,7200,1.01094890511
437832,437844,438394,12,550,2,7200,1.02181818182
437834,437849,438421,15,572,2,7200,1.02622377622
437849,437855,438388,6,533,2,7200,1.01125703565
437851,437861,438412,10,551,2,7200,1.01814882033
437866,437872,438413,6,541,2,7200,1.01109057301
437879,437886,437901,7,15,1,10800,1.46666666667
437881,437893,438421,12,528,2,7200,1.02272727273
437883,437898,438466,15,568,2,7200,1.0264084507
437907,437914,438446,7,532,2,7200,1.01315789474
437926,437933,440141,7,2208,1,10800,1.00317028986
437934,437942,438471,8,529,2,7200,1.01512287335
437950,437956,438496,6,540,2,7200,1.01111111111
437965,437971,438525,6,554,2,7200,1.01083032491
438007,438015,438551,8,536,2,7200,1.01492537313
438023,438029,438577,6,548,2,7200,1.01094890511
438025,438036,438597,11,561,2,7200,1.01960784314
438026,438041,438549,15,508,2,7200,1.02952755906
438028,438047,438599,19,552,2,7200,1.03442028986
438043,438053,438587,10,534,2,7200,1.01872659176
438045,438059,438630,14,571,2,7200,1.02451838879
438060,438066,438587,6,521,2,7200,1.01151631478
438075,438082,438641,7,559,2,7200,1.01252236136
438090,438096,438650,6,554,2,7200,1.01083032491
438112,438119,438659,7,540,2,7200,1.01296296296
438113,438126,438645,13,519,2,7200,1.02504816956
438128,438134,438676,6,542,2,7200,1.0110701107
438130,438142,438695,12,553,2,7200,1.02169981917
438145,438152,438685,7,533,2,7200,1.01313320826
438147,438159,438680,12,521,2,7200,1.02303262956
438162,438168,438703,6,535,2,7200,1.01121495327
438177,438184,438747,7,563,2,7200,1.01243339254
438193,438200,438721,7,521,2,7200,1.01343570058
438194,438206,438725,12,519,2,7200,1.02312138728
438243,438250,438816,7,566,2,7200,1.01236749117
438274,438281,438807,7,526,2,7200,1.01330798479
438298,438305,438846,7,541,2,7200,1.01293900185
438325,438333,438838,8,505,2,7200,1.01584158416
438341,438347,438893,6,546,2,7200,1.01098901099
438342,438354,438880,12,526,2,7200,1.02281368821
438344,438359,438907,15,548,2,7200,1.02737226277
438381,438388,438938,7,550,2,7200,1.01272727273
438396,438402,438939,6,537,2,7200,1.01117318436
438398,438408,438956,10,548,2,7200,1.01824817518
438399,438414,438907,15,493,2,7200,1.03042596349
438415,438421,438977,6,556,2,7200,1.01079136691
438417,438428,438977,11,549,2,7200,1.02003642987
438432,438438,438984,6,546,2,7200,1.01098901099
438433,438445,439006,12,561,2,7200,1.02139037433
438448,438455,438976,7,521,2,7200,1.01343570058
438467,438474,439014,7,540,2,7200,1.01296296296
438482,438489,439045,7,556,2,7200,1.01258992806
438497,438503,439009,6,506,2,7200,1.01185770751
438528,438534,439048,6,514,2,7200,1.01167315175
438553,438560,439108,7,548,2,7200,1.01277372263
438554,438567,439126,13,559,2,7200,1.02325581395
438578,438586,439128,8,542,2,7200,1.0147601476
438594,438600,439120,6,520,2,7200,1.01153846154
438595,438606,439120,11,514,2,7200,1.02140077821
438612,438619,439147,7,528,2,7200,1.01325757576
438613,438625,439189,12,564,2,7200,1.02127659574
438631,438639,439148,8,509,2,7200,1.01571709234
438647,438653,439185,6,532,2,7200,1.01127819549
438648,438660,439173,12,513,2,7200,1.02339181287
438664,438670,439174,6,504,2,7200,1.0119047619
438665,438676,439227,11,551,2,7200,1.01996370236
438681,438688,439226,7,538,2,7200,1.01301115242
438682,438695,439212,13,517,2,7200,1.0251450677
438698,438704,439240,6,536,2,7200,1.01119402985
438699,438712,439246,13,534,2,7200,1.02434456929
438714,438722,439272,8,550,2,7200,1.01454545455
438730,438737,439293,7,556,2,7200,1.01258992806
438731,438743,439248,12,505,2,7200,1.02376237624
438749,438755,439283,6,528,2,7200,1.01136363636
438810,438818,439354,8,536,2,7200,1.01492537313
438825,438833,439411,8,578,2,7200,1.01384083045
438841,438847,439389,6,542,2,7200,1.0110701107
438856,438862,439395,6,533,2,7200,1.01125703565
438883,438889,439412,6,523,2,7200,1.01147227533
438899,438905,439451,6,546,2,7200,1.01098901099
438914,438921,439479,7,558,2,7200,1.01254480287
438915,438928,439496,13,568,2,7200,1.02288732394
438940,438947,439482,7,535,2,7200,1.01308411215
438941,438954,439505,13,551,2,7200,1.02359346642
438960,438967,439481,7,514,2,7200,1.01361867704
438978,438985,439506,7,521,2,7200,1.01343570058
438980,438992,439515,12,523,2,7200,1.02294455067
438981,438997,439536,16,539,2,7200,1.02968460111
438997,439003,439561,6,558,2,7200,1.01075268817
439012,439019,439546,7,527,2,7200,1.01328273245
439013,439026,439584,13,558,2,7200,1.02329749104
439029,439035,439576,6,541,2,7200,1.01109057301
439047,439053,439569,6,516,2,7200,1.01162790698
439062,439068,439576,6,508,2,7200,1.01181102362
439108,439114,439646,6,532,2,7200,1.01127819549
439123,439130,439659,7,529,2,7200,1.01323251418
439125,439137,439683,12,546,2,7200,1.02197802198
439140,439147,439694,7,547,2,7200,1.01279707495
439141,439153,439692,12,539,2,7200,1.02226345083
439157,439163,439709,6,546,2,7200,1.01098901099
439158,439171,439679,13,508,2,7200,1.02559055118
439174,439180,439698,6,518,2,7200,1.01158301158
439189,439196,439725,7,529,2,7200,1.01323251418
439191,439203,439749,12,546,2,7200,1.02197802198
439206,439213,439762,7,549,2,7200,1.01275045537
439221,439228,439793,7,565,2,7200,1.01238938053
439236,439242,439810,6,568,2,7200,1.01056338028
439238,439248,439761,10,513,2,7200,1.01949317739
439253,439260,439771,7,511,2,7200,1.01369863014
439255,439266,439816,11,550,2,7200,1.02
439256,439272,439798,16,526,2,7200,1.03041825095
439274,439281,439825,7,544,2,7200,1.01286764706
439289,439296,439807,7,511,2,7200,1.01369863014
439305,439311,439834,6,523,2,7200,1.01147227533
439356,439362,439908,6,546,2,7200,1.01098901099
439393,439399,439918,6,519,2,7200,1.01156069364
439408,439414,439939,6,525,2,7200,1.01142857143
439423,439430,439967,7,537,2,7200,1.01303538175
439425,439436,439948,11,512,2,7200,1.021484375
439446,439452,440004,6,552,2,7200,1.01086956522
439480,439486,440040,6,554,2,7200,1.01083032491
439496,439503,439998,7,495,2,7200,1.01414141414
439497,439510,440030,13,520,2,7200,1.025
439499,439515,440042,16,527,2,7200,1.03036053131
439514,439522,440086,8,564,2,7200,1.01418439716
439515,439527,440044,12,517,2,7200,1.02321083172
439517,439534,440063,17,529,2,7200,1.03213610586
439538,439545,440080,7,535,2,7200,1.01308411215
439553,439560,440112,7,552,2,7200,1.01268115942
439568,439574,440115,6,541,2,7200,1.01109057301
439584,439591,440117,7,526,2,7200,1.01330798479
439586,439598,440146,12,548,2,7200,1.02189781022
439587,439604,440143,17,539,2,7200,1.03153988868
439588,439609,440170,21,561,2,7200,1.03743315508
439650,439657,440199,7,542,2,7200,1.01291512915
439665,439671,440202,6,531,2,7200,1.01129943503
439680,439686,440213,6,527,2,7200,1.01138519924
439696,439702,440240,6,538,2,7200,1.01115241636
439697,439709,440237,12,528,2,7200,1.02272727273
439698,439714,440250,16,536,2,7200,1.02985074627
439714,439721,440263,7,542,2,7200,1.01291512915
439715,439727,440286,12,559,2,7200,1.02146690519
439730,439737,440254,7,517,2,7200,1.01353965184
439752,439758,440291,6,533,2,7200,1.01125703565
439767,439773,440293,6,520,2,7200,1.01153846154
439768,439780,440309,12,529,2,7200,1.02268431002
439784,439791,440307,7,516,2,7200,1.01356589147
439799,439805,440319,6,514,2,7200,1.01167315175
439800,439812,440340,12,528,2,7200,1.02272727273
439816,439822,440366,6,544,2,7200,1.01102941176
439817,439829,440351,12,522,2,7200,1.02298850575
439819,439834,440396,15,562,2,7200,1.02669039146
439836,439842,440409,6,567,2,7200,1.01058201058
439837,439850,440355,13,505,2,7200,1.02574257426
439910,439916,440477,6,561,2,7200,1.01069518717
439925,439932,440487,7,555,2,7200,1.01261261261
439941,439948,440468,7,520,2,7200,1.01346153846
439956,439962,440482,6,520,2,7200,1.01153846154
439971,439978,440537,7,559,2,7200,1.01252236136
439998,440006,440539,8,533,2,7200,1.01500938086
440014,440020,440567,6,547,2,7200,1.01096892139
440032,440039,440601,7,562,2,7200,1.01245551601
440048,440054,440583,6,529,2,7200,1.01134215501
440049,440061,440574,12,513,2,7200,1.02339181287
440050,440066,440565,16,499,2,7200,1.03206412826
440065,440072,440624,7,552,2,7200,1.01268115942
440081,440088,440618,7,530,2,7200,1.01320754717
440096,440102,440633,6,531,2,7200,1.01129943503
440115,440122,440647,7,525,2,7200,1.01333333333
440133,440139,440655,6,516,2,7200,1.01162790698
440134,440146,440674,12,528,2,7200,1.02272727273
440153,440159,440716,6,557,2,7200,1.01077199282
440155,440165,440714,10,549,2,7200,1.01821493625
440175,440181,440694,6,513,2,7200,1.01169590643
440202,440210,440749,8,539,2,7200,1.01484230056
440204,440215,440767,11,552,2,7200,1.01992753623
440219,440226,440764,7,538,2,7200,1.01301115242
440241,440248,440771,7,523,2,7200,1.01338432122
440258,440265,440806,7,541,2,7200,1.01293900185
440259,440272,440816,13,544,2,7200,1.02389705882
440260,440277,440827,17,550,2,7200,1.03090909091
440276,440283,440815,7,532,2,7200,1.01315789474
440291,440298,440819,7,521,2,7200,1.01343570058
440307,440314,440853,7,539,2,7200,1.01298701299
440308,440321,440848,13,527,2,7200,1.02466793169
440326,440332,440886,6,554,2,7200,1.01083032491
440327,440338,440862,11,524,2,7200,1.02099236641
440328,440344,440867,16,523,2,7200,1.03059273423
440343,440351,440866,8,515,2,7200,1.01553398058
440359,440366,440893,7,527,2,7200,1.01328273245
440360,440373,440914,13,541,2,7200,1.02402957486
440375,440381,440912,6,531,2,7200,1.01129943503
440400,440407,440941,7,534,2,7200,1.01310861423
440415,440421,440955,6,534,2,7200,1.01123595506
440439,440445,440512,6,67,1,28800,1.08955223881
440470,440478,441029,8,551,2,7200,1.01451905626
440486,440493,441027,7,534,2,7200,1.01310861423
440487,440500,441020,13,520,2,7200,1.025
440502,440508,441050,6,542,2,7200,1.0110701107
440539,440546,441083,7,537,2,7200,1.01303538175
440540,440553,441107,13,554,2,7200,1.02346570397
440565,440571,441101,6,530,2,7200,1.01132075472
440580,440587,441076,7,489,2,7200,1.01431492843
440581,440593,441117,12,524,2,7200,1.02290076336
440596,440603,441129,7,526,2,7200,1.01330798479
440609,440615,469452,6,28837,1,28800,1.00020806603
440611,440621,441143,10,522,2,7200,1.01915708812
440627,440634,441167,7,533,2,7200,1.01313320826
440628,440641,441183,13,542,2,7200,1.02398523985
440643,440649,441219,6,570,2,7200,1.01052631579
440658,440665,441204,7,539,2,7200,1.01298701299
440660,440672,441214,12,542,2,7200,1.0221402214
440675,440681,441207,6,526,2,7200,1.01140684411
440697,440703,441248,6,545,2,7200,1.01100917431
440715,440722,441254,7,532,2,7200,1.01315789474
440717,440729,441271,12,542,2,7200,1.0221402214
440750,440757,441264,7,507,2,7200,1.01380670611
440765,440772,441312,7,540,2,7200,1.01296296296
440781,440787,441321,6,534,2,7200,1.01123595506
440782,440794,441340,12,546,2,7200,1.02197802198
440809,440817,441368,8,551,2,7200,1.01451905626
440825,440831,441364,6,533,2,7200,1.01125703565
440826,440837,441379,11,542,2,7200,1.02029520295
440828,440843,441384,15,541,2,7200,1.02772643253
440843,440849,441399,6,550,2,7200,1.01090909091
440858,440864,441371,6,507,2,7200,1.01183431953
440860,440871,441414,11,543,2,7200,1.02025782689
440875,440881,441400,6,519,2,7200,1.01156069364
440877,440889,441418,12,529,2,7200,1.02268431002
440878,440894,441448,16,554,2,7200,1.02888086643
440894,440901,441450,7,549,2,7200,1.01275045537
440894,440906,440916,12,10,1,3600,2.2
440895,440913,441476,18,563,2,7200,1.03197158082
440913,440921,441461,8,540,2,7200,1.01481481481
440915,440928,441492,13,564,2,7200,1.02304964539
440942,440949,441492,7,543,2,7200,1.01289134438
440957,440963,441503,6,540,2,7200,1.01111111111
441022,441029,441543,7,514,2,7200,1.01361867704
441033,441040,441209,7,169,1,3600,1.04142011834
441037,441047,441583,10,536,2,7200,1.01865671642
441039,441052,441608,13,556,2,7200,1.02338129496
441054,441061,441577,7,516,2,7200,1.01356589147
441078,441086,441613,8,527,2,7200,1.01518026565
441094,441100,441645,6,545,2,7200,1.01100917431
441109,441115,441640,6,525,2,7200,1.01142857143
441110,441122,441646,12,524,2,7200,1.02290076336
441126,441133,441685,7,552,2,7200,1.01268115942
441141,441148,441656,7,508,2,7200,1.01377952756
441156,441163,441715,7,552,2,7200,1.01268115942
441171,441177,441699,6,522,2,7200,1.01149425287
441186,441193,441723,7,530,2,7200,1.01320754717
441208,441215,441761,7,546,2,7200,1.01282051282
441210,441222,441770,12,548,2,7200,1.02189781022
441225,441232,441756,7,524,2,7200,1.01335877863
441227,441239,441765,12,526,2,7200,1.02281368821
441251,441258,441820,7,562,2,7200,1.01245551601
441267,441273,441802,6,529,2,7200,1.01134215501
441268,441281,441800,13,519,2,7200,1.02504816956
441283,441290,441809,7,519,2,7200,1.01348747592
441314,441321,441853,7,532,2,7200,1.01315789474
441329,441335,441859,6,524,2,7200,1.01145038168
441344,441350,441877,6,527,2,7200,1.01138519924
441366,441373,441866,7,493,2,7200,1.01419878296
441373,441381,441872,8,491,1,3600,1.01629327902
441381,441387,441932,6,545,2,7200,1.01100917431
441383,441394,441954,11,560,2,7200,1.01964285714
441384,441399,441938,15,539,2,7200,1.02782931354
441400,441406,441953,6,547,2,7200,1.01096892139
441401,441413,441916,12,503,2,7200,1.02385685885
441417,441424,441954,7,530,2,7200,1.01320754717
441418,441431,441999,13,568,2,7200,1.02288732394
441434,441440,441947,6,507,2,7200,1.01183431953
441452,441459,442014,7,555,2,7200,1.01261261261
441454,441466,442012,12,546,2,7200,1.02197802198
441469,441476,442001,7,525,2,7200,1.01333333333
441484,441492,442035,8,543,2,7200,1.01473296501
441500,441506,442054,6,548,2,7200,1.01094890511
441501,441512,442056,11,544,2,7200,1.02022058824
441516,441523,442050,7,527,2,7200,1.01328273245
441544,441551,442076,7,525,2,7200,1.01333333333
441577,441585,442139,8,554,2,7200,1.01444043321
441593,441599,442144,6,545,2,7200,1.01100917431
441611,441618,442153,7,535,2,7200,1.01308411215
441626,441633,442175,7,542,2,7200,1.01291512915
441641,441649,442152,8,503,2,7200,1.01590457256
441657,441663,442207,6,544,2,7200,1.01102941176
441659,441670,442216,11,546,2,7200,1.02014652015
441660,441675,442231,15,556,2,7200,1.02697841727
441687,441695,442246,8,551,2,7200,1.01451905626
441703,441710,442284,7,574,2,7200,1.01219512195
441718,441725,442277,7,552,2,7200,1.01268115942
441733,441739,442273,6,534,2,7200,1.01123595506
441758,441764,442276,6,512,2,7200,1.01171875
441773,441780,442302,7,522,2,7200,1.01340996169
441775,441787,442323,12,536,2,7200,1.0223880597
441776,441792,442337,16,545,2,7200,1.02935779817
441804,441811,442330,7,519,2,7200,1.01348747592
441805,441818,442362,13,544,2,7200,1.02389705882
441821,441828,442361,7,533,2,7200,1.01313320826
441822,441835,442387,13,552,2,7200,1.02355072464
441856,441862,442374,6,512,2,7200,1.01171875
441872,441878,442433,6,555,2,7200,1.01081081081
441873,441885,442432,12,547,2,7200,1.02193784278
441888,441895,442428,7,533,2,7200,1.01313320826
441919,441926,442470,7,544,2,7200,1.01286764706
441934,441940,442462,6,522,2,7200,1.01149425287
441951,441957,442504,6,547,2,7200,1.01096892139
441953,441964,442512,11,548,2,7200,1.0200729927
441968,441974,442516,6,542,2,7200,1.0110701107
441970,441980,442507,10,527,2,7200,1.01897533207
441971,441986,442516,15,530,2,7200,1.02830188679
442002,442009,442554,7,545,2,7200,1.0128440367
442003,442016,442556,13,540,2,7200,1.02407407407
442019,442026,442566,7,540,2,7200,1.01296296296
442020,442032,442566,12,534,2,7200,1.02247191011
442039,442046,442571,7,525,2,7200,1.01333333333
442054,442061,442573,7,512,2,7200,1.013671875
442056,442068,442603,12,535,2,7200,1.02242990654
442071,442077,442631,6,554,2,7200,1.01083032491
442086,442092,442645,6,553,2,7200,1.01084990958
442141,442147,442694,6,547,2,7200,1.01096892139
442157,442163,442685,6,522,2,7200,1.01149425287
442158,442170,442694,12,524,2,7200,1.02290076336
442160,442175,442693,15,518,2,7200,1.02895752896
442175,442181,443341,6,1160,1,3600,1.00517241379
442178,442188,442732,10,544,2,7200,1.01838235294
442209,442216,442730,7,514,2,7200,1.01361867704
442224,442230,442779,6,549,2,7200,1.01092896175
442239,442246,442769,7,523,2,7200,1.01338432122
442254,442261,442795,7,534,2,7200,1.01310861423
442276,442283,442846,7,563,2,7200,1.01243339254
442291,442298,442836,7,538,2,7200,1.01301115242
442293,442305,442822,12,517,2,7200,1.02321083172
442294,442310,442825,16,515,2,7200,1.03106796117
442309,442317,442824,8,507,2,7200,1.0157790927
442325,442331,442872,6,541,2,7200,1.01109057301
442340,442346,442888,6,542,2,7200,1.0110701107
442341,442353,442881,12,528,2,7200,1.02272727273
442363,442370,442931,7,561,2,7200,1.01247771836
442364,442377,442921,13,544,2,7200,1.02389705882
442380,442387,442949,7,562,2,7200,1.01245551601
442395,442402,442932,7,530,2,7200,1.01320754717
442432,442439,442995,7,556,2,7200,1.01258992806
442447,442453,443007,6,554,2,7200,1.01083032491
442448,442460,443006,12,546,2,7200,1.02197802198
442464,442471,443006,7,535,2,7200,1.01308411215
442479,442485,442991,6,506,2,7200,1.01185770751
442506,442513,443059,7,546,2,7200,1.01282051282
442508,442520,443076,12,556,2,7200,1.02158273381
442523,442531,443065,8,534,2,7200,1.01498127341
442525,442537,443084,12,547,2,7200,1.02193784278
442526,442542,443071,16,529,2,7200,1.03024574669
442557,442564,443088,7,524,2,7200,1.01335877863
442558,442571,443084,13,513,2,7200,1.0253411306
442574,442580,443095,6,515,2,7200,1.01165048544
442576,442588,443138,12,550,2,7200,1.02181818182
442577,442593,443101,16,508,2,7200,1.03149606299
442578,442598,443130,20,532,2,7200,1.03759398496
442606,442612,443121,6,509,2,7200,1.01178781925
442634,442641,443169,7,528,2,7200,1.01325757576
442649,442656,443157,7,501,2,7200,1.01397205589
442688,442695,443160,7,465,2,7200,1.01505376344
442704,442710,443250,6,540,2,7200,1.01111111111
442705,442716,443244,11,528,2,7200,1.02083333333
442707,442722,443232,15,510,2,7200,1.02941176471
442731,442737,443270,6,533,2,7200,1.01125703565
442746,442753,443313,7,560,2,7200,1.0125
442771,442777,443313,6,536,2,7200,1.01119402985
442786,442792,443313,6,521,2,7200,1.01151631478
442801,442807,443360,6,553,2,7200,1.01084990958
442823,442830,443379,7,549,2,7200,1.01275045537
442838,442845,443390,7,545,2,7200,1.0128440367
442840,442852,443396,12,544,2,7200,1.02205882353
442841,442857,443384,16,527,2,7200,1.03036053131
442856,442863,443397,7,534,2,7200,1.01310861423
442874,442881,443392,7,511,2,7200,1.01369863014
442890,442896,443394,6,498,2,7200,1.01204819277
442891,442903,443437,12,534,2,7200,1.02247191011
442924,442932,443489,8,557,2,7200,1.01436265709
442940,442946,443494,6,548,2,7200,1.01094890511
442941,442952,443492,11,540,2,7200,1.02037037037
442956,442962,443506,6,544,2,7200,1.01102941176
442993,442999,443507,6,508,2,7200,1.01181102362
443008,443015,443586,7,571,2,7200,1.0122591944
443010,443022,443545,12,523,2,7200,1.02294455067
443011,443027,443561,16,534,2,7200,1.02996254682
443012,443032,443582,20,550,2,7200,1.03636363636
443059,443065,443601,6,536,2,7200,1.01119402985
443074,443080,443609,6,529,2,7200,1.01134215501
443076,443086,443617,10,531,2,7200,1.01883239171
443091,443097,443604,6,507,2,7200,1.01183431953
443093,443104,443643,11,539,2,7200,1.02040816327
443094,443109,443640,15,531,2,7200,1.02824858757
443095,443114,443668,19,554,2,7200,1.03429602888
443111,443121,443670,10,549,2,7200,1.01821493625
443112,443126,443655,14,529,2,7200,1.02646502836
443128,443134,443646,6,512,2,7200,1.01171875
443143,443150,443713,7,563,2,7200,1.01243339254
443144,443157,443708,13,551,2,7200,1.02359346642
443159,443166,443709,7,543,2,7200,1.01289134438
443175,443181,443702,6,521,2,7200,1.01151631478
443176,443187,443742,11,555,2,7200,1.01981981982
443234,443240,443770,6,530,2,7200,1.01132075472
443249,443256,443772,7,516,2,7200,1.01356589147
443265,443271,443807,6,536,2,7200,1.01119402985
443280,443286,443822,6,536,2,7200,1.01119402985
443314,443321,443873,7,552,2,7200,1.01268115942
443315,443328,443889,13,561,2,7200,1.02317290553
443316,443333,443867,17,534,2,7200,1.03183520599
443366,443372,443931,6,559,2,7200,1.01073345259
443381,443387,443919,6,532,2,7200,1.01127819549
443397,443403,443954,6,551,2,7200,1.0108892922
443398,443410,443931,12,521,2,7200,1.02303262956
443400,443415,443961,15,546,2,7200,1.02747252747
443401,443420,443916,19,496,2,7200,1.03830645161
443403,443426,443959,23,533,2,7200,1.04315196998
443404,443433,443973,29,540,2,7200,1.0537037037
443438,443444,444006,6,562,2,7200,1.01067615658
443490,443498,444040,8,542,2,7200,1.0147601476
443506,443512,444057,6,545,2,7200,1.01100917431
443508,443519,444082,11,563,2,7200,1.01953818828
443509,443524,444054,15,530,2,7200,1.02830188679
443524,443531,444083,7,552,2,7200,1.01268115942
443549,443556,444076,7,520,2,7200,1.01346153846
443564,443570,444119,6,549,2,7200,1.01092896175
443585,443593,444159,8,566,2,7200,1.01413427562
443601,443608,444146,7,538,2,7200,1.01301115242
443616,443622,444187,6,565,2,7200,1.01061946903
443618,443630,444170,12,540,2,7200,1.02222222222
443619,443635,444215,16,580,2,7200,1.0275862069
443637,443643,444164,6,521,2,7200,1.01151631478
443652,443659,444187,7,528,2,7200,1.01325757576
443654,443665,444236,11,571,2,7200,1.01926444834
443655,443671,444231,16,560,2,7200,1.02857142857
443670,443678,444211,8,533,2,7200,1.01500938086
443672,443685,444229,13,544,2,7200,1.02389705882
443673,443690,444226,17,536,2,7200,1.03171641791
443703,443711,444220,8,509,2,7200,1.01571709234
443719,443727,444267,8,540,2,7200,1.01481481481
443721,443732,444253,11,521,2,7200,1.02111324376
443722,443738,444295,16,557,2,7200,1.02872531418
443746,443752,444288,6,536,2,7200,1.01119402985
443778,443784,444316,6,532,2,7200,1.01127819549
443779,443791,444325,12,534,2,7200,1.02247191011
443810,443816,444346,6,530,2,7200,1.01132075472
443827,443833,444387,6,554,2,7200,1.01083032491
443876,443882,444443,6,561,2,7200,1.01069518717
443891,443897,444423,6,526,2,7200,1.01140684411
443893,443903,444459,10,556,2,7200,1.01798561151
443919,443927,444426,8,499,2,7200,1.01603206413
443935,443941,444479,6,538,2,7200,1.01115241636
443936,443947,444455,11,508,2,7200,1.02165354331
443938,443953,444494,15,541,2,7200,1.02772643253
443956,443962,444504,6,542,2,7200,1.0110701107
443971,443979,444528,8,549,2,7200,1.014571949
443973,443986,444547,13,561,2,7200,1.02317290553
443988,443995,444512,7,517,2,7200,1.01353965184
444007,444014,444545,7,531,2,7200,1.0131826742
444048,444054,444598,6,544,2,7200,1.01102941176
444063,444070,444613,7,543,2,7200,1.01289134438
444065,444077,444625,12,548,2,7200,1.02189781022
444080,444086,444638,6,552,2,7200,1.01086956522
444095,444102,444626,7,524,2,7200,1.01335877863
444097,444108,444631,11,523,2,7200,1.02103250478
444121,444128,444635,7,507,2,7200,1.01380670611
444149,444156,444664,7,508,2,7200,1.01377952756
444155,444163,444169,8,6,1,3600,1.4
444164,444170,444726,6,556,2,7200,1.01079136691
444179,444186,444704,7,518,2,7200,1.01351351351
444180,444192,444698,12,506,2,7200,1.02371541502
444196,444202,444776,6,574,2,7200,1.01045296167
444197,444209,444749,12,540,2,7200,1.02222222222
444212,444218,444763,6,545,2,7200,1.01100917431
444228,444234,444745,6,511,2,7200,1.01174168297
444229,444240,444761,11,521,2,7200,1.02111324376
444230,444246,444786,16,540,2,7200,1.02962962963
444245,444253,444787,8,534,2,7200,1.01498127341
444247,444260,444819,13,559,2,7200,1.02325581395
444248,444265,444791,17,526,2,7200,1.03231939163
444263,444271,444811,8,540,2,7200,1.01481481481
444278,444284,444827,6,543,2,7200,1.01104972376
444282,444291,444403,9,112,1,3600,1.08035714286
444293,444300,444817,7,517,2,7200,1.01353965184
444308,444316,444835,8,519,2,7200,1.01541425819
444324,444330,444842,6,512,2,7200,1.01171875
444339,444345,444909,6,564,2,7200,1.01063829787
444354,444361,444924,7,563,2,7200,1.01243339254
444390,444396,444908,6,512,2,7200,1.01171875
444426,444432,444969,6,537,2,7200,1.01117318436
444441,444447,444966,6,519,2,7200,1.01156069364
444457,444463,444985,6,522,2,7200,1.01149425287
444458,444469,445018,11,549,2,7200,1.02003642987
444473,444479,445029,6,550,2,7200,1.01090909091
444488,444495,445049,7,554,2,7200,1.01263537906
444503,444509,445044,6,535,2,7200,1.01121495327
444518,444525,445020,7,495,2,7200,1.01414141414
444520,444533,445066,13,533,2,7200,1.0243902439
444535,444541,445038,6,497,2,7200,1.01207243461
444551,444558,445096,7,538,2,7200,1.01301115242
444552,444564,445104,12,540,2,7200,1.02222222222
444570,444577,445013,7,436,1,3600,1.01605504587
444603,444609,445147,6,538,2,7200,1.01115241636
444618,444625,445158,7,533,2,7200,1.01313320826
444634,444641,445189,7,548,2,7200,1.01277372263
444636,444648,445197,12,549,2,7200,1.0218579235
444637,444653,445199,16,546,2,7200,1.0293040293
444639,444658,445204,19,546,2,7200,1.0347985348
444654,444666,445231,12,565,2,7200,1.02123893805
444670,444676,445210,6,534,2,7200,1.01123595506
444700,444707,445237,7,530,2,7200,1.01320754717
444716,444723,445252,7,529,2,7200,1.01323251418
444731,444737,445255,6,518,2,7200,1.01158301158
444746,444753,445287,7,534,2,7200,1.01310861423
444762,444769,445316,7,547,2,7200,1.01279707495
444764,444776,445301,12,525,2,7200,1.02285714286
444779,444787,445340,8,553,2,7200,1.01446654611
444781,444794,445339,13,545,2,7200,1.02385321101
444783,444799,444813,16,14,1,1800,2.14285714286
444796,444806,445320,10,514,2,7200,1.01945525292
444798,444811,445372,13,561,2,7200,1.02317290553
444799,444816,445370,17,554,2,7200,1.03068592058
444815,444824,445329,9,505,2,7200,1.01782178218
444830,444836,445375,6,539,2,7200,1.01113172542
444832,444844,445386,12,542,2,7200,1.0221402214
444833,444849,445414,16,565,2,7200,1.02831858407
444848,444856,445408,8,552,2,7200,1.01449275362
444850,444861,445396,11,535,2,7200,1.02056074766
444911,444918,445462,7,544,2,7200,1.01286764706
444912,444925,445464,13,539,2,7200,1.0241187384
444927,444934,445486,7,552,2,7200,1.01268115942
444943,444950,445285,7,335,1,3600,1.02089552239
444967,444973,445516,6,543,2,7200,1.01104972376
444982,444988,445526,6,538,2,7200,1.01115241636
444997,445004,445512,7,508,2,7200,1.01377952756
445006,445012,445126,6,114,1,1800,1.05263157895
445022,445028,445579,6,551,2,7200,1.0108892922
445023,445035,445567,12,532,2,7200,1.02255639098
445041,445048,445583,7,535,2,7200,1.01308411215
445042,445055,445604,13,549,2,7200,1.02367941712
445058,445064,445615,6,551,2,7200,1.0108892922
445059,445071,445609,12,538,2,7200,1.02230483271
445074,445080,445628,6,548,2,7200,1.01094890511
445099,445106,445640,7,534,2,7200,1.01310861423
445114,445120,445651,6,531,2,7200,1.01129943503
445155,445161,445686,6,525,2,7200,1.01142857143
445170,445177,445712,7,535,2,7200,1.01308411215
445192,445199,445741,7,542,2,7200,1.01291512915
445207,445213,445728,6,515,2,7200,1.01165048544
445209,445219,445761,10,542,2,7200,1.0184501845
445210,445225,445752,15,527,2,7200,1.0284629981
445225,445232,445744,7,512,2,7200,1.013671875
445240,445247,445792,7,545,2,7200,1.0128440367
445242,445254,445808,12,554,2,7200,1.02166064982
445257,445264,445817,7,553,2,7200,1.01265822785
445259,445271,445805,12,534,2,7200,1.02247191011
445289,445296,445816,7,520,2,7200,1.01346153846
445307,445313,445845,6,532,2,7200,1.01127819549
445323,445330,445864,7,534,2,7200,1.01310861423
445324,445337,445882,13,545,2,7200,1.02385321101
445340,445347,445880,7,533,2,7200,1.01313320826
445341,445354,445884,13,530,2,7200,1.02452830189
445356,445362,445879,6,517,2,7200,1.01160541586
445372,445379,445902,7,523,2,7200,1.01338432122
445379,445385,446422,6,1037,1,3600,1.00578592093
445387,445393,445954,6,561,2,7200,1.01069518717
445389,445400,445944,11,544,2,7200,1.02022058824
445390,445405,445952,15,547,2,7200,1.02742230347
445405,445411,445970,6,559,2,7200,1.01073345259
445421,445427,445956,6,529,2,7200,1.01134215501
445422,445434,445959,12,525,2,7200,1.02285714286
445450,445457,445597,7,140,1,1800,1.05
445465,445471,445993,6,522,2,7200,1.01149425287
445465,445477,446077,12,600,1,3600,1.02
445466,445484,446025,18,541,2,7200,1.03327171904
445488,445494,446041,6,547,2,7200,1.01096892139
445516,445523,446057,7,534,2,7200,1.01310861423
445531,445538,446075,7,537,2,7200,1.01303538175
445533,445545,446075,12,530,2,7200,1.02264150943
445570,445577,446112,7,535,2,7200,1.01308411215
445585,445592,446137,7,545,2,7200,1.0128440367
445587,445599,446123,12,524,2,7200,1.02290076336
445605,445611,446154,6,543,2,7200,1.01104972376
445623,445630,446176,7,546,2,7200,1.01282051282
445624,445636,446185,12,549,2,7200,1.0218579235
445640,445647,446197,7,550,2,7200,1.01272727273
445655,445661,446174,6,513,2,7200,1.01169590643
445657,445668,446206,11,538,2,7200,1.02044609665
445687,445693,446230,6,537,2,7200,1.01117318436
445715,445722,446252,7,530,2,7200,1.01320754717
445730,445737,446274,7,537,2,7200,1.01303538175
445745,445752,446294,7,542,2,7200,1.01291512915
445747,445759,446305,12,546,2,7200,1.02197802198
445762,445769,446305,7,536,2,7200,1.01305970149
445764,445776,446337,12,561,2,7200,1.02139037433
445794,445801,446334,7,533,2,7200,1.01313320826
445810,445817,446353,7,536,2,7200,1.01305970149
445811,445824,446368,13,544,2,7200,1.02389705882
445827,445834,446386,7,552,2,7200,1.01268115942
445828,445841,446379,13,538,2,7200,1.02416356877
445846,445853,446389,7,536,2,7200,1.01305970149
445865,445872,446394,7,522,2,7200,1.01340996169
445883,445891,446414,8,523,2,7200,1.01529636711
445885,445898,446442,13,544,2,7200,1.02389705882
445886,445903,446421,17,518,2,7200,1.03281853282
445902,445909,446469,7,560,2,7200,1.0125
445904,445915,446421,11,506,2,7200,1.02173913043
445946,445954,446531,8,577,2,7200,1.01386481802
445962,445969,446501,7,532,2,7200,1.01315789474
445964,445976,446507,12,531,2,7200,1.02259887006
445965,445981,446510,16,529,2,7200,1.03024574669
445967,445987,446526,20,539,2,7200,1.03710575139
445982,445994,446529,12,535,2,7200,1.02242990654
445997,446003,446561,6,558,2,7200,1.01075268817
446027,446034,446555,7,521,2,7200,1.01343570058
446043,446049,446560,6,511,2,7200,1.01174168297
446058,446065,446597,7,532,2,7200,1.01315789474
446077,446083,446601,6,518,2,7200,1.01158301158
446078,446090,446656,12,566,2,7200,1.02120141343
446115,446121,446669,6,548,2,7200,1.01094890511
446130,446137,446681,7,544,2,7200,1.01286764706
446146,446153,446688,7,535,2,7200,1.01308411215
446161,446167,446729,6,562,2,7200,1.01067615658
446176,446183,446702,7,519,2,7200,1.01348747592
446178,446190,446725,12,535,2,7200,1.02242990654
446194,446200,446758,6,558,2,7200,1.01075268817
446209,446217,446739,8,522,2,7200,1.0153256705
446211,446223,446740,12,517,2,7200,1.02321083172
446232,446238,446757,6,519,2,7200,1.01156069364
446254,446260,446776,6,516,2,7200,1.01162790698
446275,446281,446827,6,546,2,7200,1.01098901099
446296,446302,446846,6,544,2,7200,1.01102941176
446312,446318,446844,6,526,2,7200,1.01140684411
446313,446324,446840,11,516,2,7200,1.02131782946
446335,446341,446882,6,541,2,7200,1.01109057301
446350,446357,446869,7,512,2,7200,1.013671875
446351,446363,446896,12,533,2,7200,1.02251407129
446370,446376,446905,6,529,2,7200,1.01134215501
446374,446383,448296,9,1913,1,3600,1.00470465238
446385,446391,446907,6,516,2,7200,1.01162790698
446400,446407,446959,7,552,2,7200,1.01268115942
446402,446413,446960,11,547,2,7200,1.02010968921
446404,446418,446961,14,543,2,7200,1.02578268877
446419,446425,446968,6,543,2,7200,1.01104972376
446435,446441,447001,6,560,2,7200,1.01071428571
446436,446448,446999,12,551,2,7200,1.02177858439
446452,446458,447002,6,544,2,7200,1.01102941176
446470,446476,447037,6,561,2,7200,1.01069518717
446501,446508,447059,7,551,2,7200,1.01270417423
446516,446522,447057,6,535,2,7200,1.01121495327
446518,446530,447086,12,556,2,7200,1.02158273381
446535,446541,447058,6,517,2,7200,1.01160541586
446537,446547,447104,10,557,2,7200,1.01795332136
446538,446553,447097,15,544,2,7200,1.02757352941
446556,446563,447124,7,561,2,7200,1.01247771836
446572,446579,447138,7,559,2,7200,1.01252236136
446573,446586,447142,13,556,2,7200,1.02338129496
446601,446607,447129,6,522,2,7200,1.01149425287
446616,446623,447162,7,539,2,7200,1.01298701299
446659,446666,447197,7,531,2,7200,1.0131826742
446674,446681,447232,7,551,2,7200,1.01270417423
446690,446696,447265,6,569,2,7200,1.01054481547
446691,446703,447247,12,544,2,7200,1.02205882353
446693,446708,447131,15,423,1,1800,1.03546099291
446706,446714,447255,8,541,2,7200,1.01478743068
446728,446734,447277,6,543,2,7200,1.01104972376
446743,446749,447290,6,541,2,7200,1.01109057301
446745,446757,447285,12,528,2,7200,1.02272727273
446746,446762,447285,16,523,2,7200,1.03059273423
446761,446768,447294,7,526,2,7200,1.01330798479
446763,446776,447309,13,533,2,7200,1.0243902439
446778,446784,447304,6,520,2,7200,1.01153846154
446830,446837,447379,7,542,2,7200,1.01291512915
446846,446852,447370,6,518,2,7200,1.01158301158
446847,446859,447408,12,549,2,7200,1.0218579235
446862,446868,447424,6,556,2,7200,1.01079136691
446877,446884,447415,7,531,2,7200,1.0131826742
446893,446899,447381,6,482,2,7200,1.01244813278
446908,446914,447416,6,502,2,7200,1.01195219124
446909,446921,447438,12,517,2,7200,1.02321083172
446911,446926,447486,15,560,2,7200,1.02678571429
446964,446971,447496,7,525,2,7200,1.01333333333
446965,446978,447514,13,536,2,7200,1.02425373134
446966,446983,447544,17,561,2,7200,1.0303030303
446981,446990,447535,9,545,2,7200,1.01651376147
447000,447007,447529,7,522,2,7200,1.01340996169
447015,447021,447552,6,531,2,7200,1.01129943503
447017,447028,447553,11,525,2,7200,1.02095238095
447038,447044,447599,6,555,2,7200,1.01081081081
447060,447066,447629,6,563,2,7200,1.01065719361
447061,447074,447618,13,544,2,7200,1.02389705882
447062,447079,447633,17,554,2,7200,1.03068592058
447090,447096,447634,6,538,2,7200,1.01115241636
447105,447112,447646,7,534,2,7200,1.01310861423
447107,447119,447658,12,539,2,7200,1.02226345083
447125,447132,447671,7,539,2,7200,1.01298701299
447140,447147,447684,7,537,2,7200,1.01303538175
447142,447154,447666,12,512,2,7200,1.0234375
447159,447165,447719,6,554,2,7200,1.01083032491
447174,447180,447707,6,527,2,7200,1.01138519924
447199,447205,447756,6,551,2,7200,1.0108892922
447235,447242,447796,7,554,2,7200,1.01263537906
447251,447257,447765,6,508,2,7200,1.01181102362
447266,447272,447776,6,504,2,7200,1.0119047619
447268,447279,447812,11,533,2,7200,1.02063789869
447283,447289,447831,6,542,2,7200,1.0110701107
447299,447305,447864,6,559,2,7200,1.01073345259
447300,447311,447858,11,547,2,7200,1.02010968921
447301,447317,447852,16,535,2,7200,1.02990654206
447303,447322,447832,19,510,2,7200,1.03725490196
447319,447329,447891,10,562,2,7200,1.01779359431
447320,447334,447883,14,549,2,7200,1.02550091075
447372,447379,447902,7,523,2,7200,1.01338432122
447387,447395,447919,8,524,2,7200,1.01526717557
447389,447400,447923,11,523,2,7200,1.02103250478
447410,447416,447959,6,543,2,7200,1.01104972376
447426,447432,447953,6,521,2,7200,1.01151631478
447427,447440,447984,13,544,2,7200,1.02389705882
447428,447445,447989,17,544,2,7200,1.03125
447444,447452,447970,8,518,2,7200,1.01544401544
447486,447493,448020,7,527,2,7200,1.01328273245
447501,447507,448032,6,525,2,7200,1.01142857143
447517,447523,448044,6,521,2,7200,1.01151631478
447532,447538,448060,6,522,2,7200,1.01149425287
447547,447554,448109,7,555,2,7200,1.01261261261
447549,447561,448076,12,515,2,7200,1.02330097087
447564,447571,448127,7,556,2,7200,1.01258992806
447566,447578,448112,12,534,2,7200,1.02247191011
447599,447605,448158,6,553,2,7200,1.01084990958
447621,447628,448173,7,545,2,7200,1.0128440367
447636,447642,448179,6,537,2,7200,1.01117318436
447638,447649,448205,11,556,2,7200,1.01978417266
447639,447654,448177,15,523,2,7200,1.02868068834
447654,447660,448198,6,538,2,7200,1.01115241636
447670,447676,448222,6,546,2,7200,1.01098901099
447671,447683,448215,12,532,2,7200,1.02255639098
447687,447694,448218,7,524,2,7200,1.01335877863
447688,447701,448243,13,542,2,7200,1.02398523985
447709,447716,448263,7,547,2,7200,1.01279707495
447724,447731,448281,7,550,2,7200,1.01272727273
447758,447764,448301,6,537,2,7200,1.01117318436
447773,447780,448331,7,551,2,7200,1.01270417423
447788,447795,448347,7,552,2,7200,1.01268115942
447803,447808,448332,5,524,2,7200,1.00954198473
447818,447824,448368,6,544,2,7200,1.01102941176
447833,447841,448396,8,555,2,7200,1.01441441441
447835,447846,448403,11,557,2,7200,1.0197486535
447857,447863,448396,6,533,2,7200,1.01125703565
447872,447878,448424,6,546,2,7200,1.01098901099
447873,447884,448441,11,557,2,7200,1.0197486535
447889,447895,448433,6,538,2,7200,1.01115241636
447904,447910,448471,6,561,2,7200,1.01069518717
447905,447916,448455,11,539,2,7200,1.02040816327
447920,447928,448466,8,538,2,7200,1.01486988848
447936,447942,448492,6,550,2,7200,1.01090909091
447957,447964,448528,7,564,2,7200,1.01241134752
447972,447980,448528,8,548,2,7200,1.01459854015
447974,447986,448531,12,545,2,7200,1.02201834862
447990,447996,448570,6,574,2,7200,1.01045296167
447991,448002,448546,11,544,2,7200,1.02022058824
448021,448027,448526,6,499,2,7200,1.0120240481
448036,448043,448568,7,525,2,7200,1.01333333333
448051,448058,448612,7,554,2,7200,1.01263537906
448067,448074,448597,7,523,2,7200,1.01338432122
448082,448088,448625,6,537,2,7200,1.01117318436
448113,448120,448629,7,509,2,7200,1.0137524558
448114,448127,448647,13,520,2,7200,1.025
448129,448136,448670,7,534,2,7200,1.01310861423
448160,448166,448693,6,527,2,7200,1.01138519924
448175,448181,448728,6,547,2,7200,1.01096892139
448190,448198,448720,8,522,2,7200,1.0153256705
448192,448205,448715,13,510,2,7200,1.02549019608
448208,448214,448742,6,528,2,7200,1.01136363636
448209,448221,448771,12,550,2,7200,1.02181818182
448225,448232,448784,7,552,2,7200,1.01268115942
448227,448239,448776,12,537,2,7200,1.02234636872
448228,448244,448782,16,538,2,7200,1.02973977695
448244,448251,448260,7,9,1,1800,1.6
448247,448258,448799,11,541,2,7200,1.02033271719
448265,448271,448823,6,552,2,7200,1.01086956522
448280,448287,448847,7,560,2,7200,1.0125
448302,448308,448853,6,545,2,7200,1.01100917431
448334,448341,448873,7,532,2,7200,1.01315789474
448335,448348,448883,13,535,2,7200,1.02429906542
448350,448356,448897,6,541,2,7200,1.01109057301
448372,448379,448938,7,559,2,7200,1.01252236136
448397,448403,448949,6,546,2,7200,1.01098901099
448398,448411,448970,13,559,2,7200,1.02325581395
448414,448421,448980,7,559,2,7200,1.01252236136
448429,448435,448979,6,544,2,7200,1.01102941176
448445,448452,448956,7,504,2,7200,1.01388888889
448447,448458,448975,11,517,2,7200,1.02127659574
448462,448468,449041,6,573,2,7200,1.01047120419
448478,448484,449024,6,540,2,7200,1.01111111111
448479,448492,449027,13,535,2,7200,1.02429906542
448494,448502,449034,8,532,2,7200,1.01503759398
448528,448534,449090,6,556,2,7200,1.01079136691
448530,448541,449082,11,541,2,7200,1.02033271719
448531,448546,449068,15,522,2,7200,1.02873563218
448547,448553,449077,6,524,2,7200,1.01145038168
448549,448560,449082,11,522,2,7200,1.02107279693
448570,448577,449123,7,546,2,7200,1.01282051282
448585,448591,449133,6,542,2,7200,1.0110701107
448587,448598,448671,11,73,1,1800,1.15068493151
448600,448607,449170,7,563,2,7200,1.01243339254
448616,448623,449158,7,535,2,7200,1.01308411215
448631,448638,449193,7,555,2,7200,1.01261261261
448632,448645,449172,13,527,2,7200,1.02466793169
448648,448655,449197,7,542,2,7200,1.01291512915
448672,448680,449188,8,508,2,7200,1.0157480315
448694,448701,449247,7,546,2,7200,1.01282051282
448718,448724,449286,6,562,2,7200,1.01067615658
448734,448741,449280,7,539,2,7200,1.01298701299
448735,448750,449279,15,529,2,7200,1.02835538752
448751,448758,449269,7,511,2,7200,1.01369863014
448772,448779,449340,7,561,2,7200,1.01247771836
448788,448794,449347,6,553,2,7200,1.01084990958
448789,448801,449312,12,511,2,7200,1.02348336595
448791,448806,449347,15,541,2,7200,1.02772643253
448806,448813,449344,7,531,2,7200,1.0131826742
448824,448831,449381,7,550,2,7200,1.01272727273
448849,448856,449399,7,543,2,7200,1.01289134438
448864,448871,449420,7,549,2,7200,1.01275045537
448879,448886,449431,7,545,2,7200,1.0128440367
448895,448902,449443,7,541,2,7200,1.01293900185
448910,448916,449440,6,524,2,7200,1.01145038168
448940,448946,449483,6,537,2,7200,1.01117318436
448955,448962,449480,7,518,2,7200,1.01351351351
448973,448980,449515,7,535,2,7200,1.01308411215
448974,448987,449521,13,534,2,7200,1.02434456929
448990,448997,449534,7,537,2,7200,1.01303538175
448992,449004,449549,12,545,2,7200,1.02201834862
448993,449009,449574,16,565,2,7200,1.02831858407
449027,449033,449547,6,514,2,7200,1.01167315175
449042,449050,449592,8,542,2,7200,1.0147601476
449044,449057,449606,13,549,2,7200,1.02367941712
449045,449062,449598,17,536,2,7200,1.03171641791
449066,449072,449194,6,122,1,1800,1.04918032787
449070,449079,449586,9,507,2,7200,1.01775147929
449085,449093,449642,8,549,2,7200,1.014571949
449087,449100,449617,13,517,2,7200,1.0251450677
449088,449105,449629,17,524,2,7200,1.03244274809
449104,449112,449659,8,547,2,7200,1.01462522852
449125,449132,449647,7,515,2,7200,1.01359223301
449140,449147,449716,7,569,2,7200,1.01230228471
449162,449168,449674,6,506,2,7200,1.01185770751
449178,449184,449734,6,550,2,7200,1.01090909091
449179,449191,449746,12,555,2,7200,1.02162162162
449195,449201,449744,6,543,2,7200,1.01104972376
449196,449208,449739,12,531,2,7200,1.02259887006
449213,449220,449746,7,526,2,7200,1.01330798479
449249,449257,449801,8,544,2,7200,1.01470588235
449271,449278,449810,7,532,2,7200,1.01315789474
449287,449294,449835,7,541,2,7200,1.01293900185
449288,449301,449867,13,566,2,7200,1.02296819788
449289,449306,449826,17,520,2,7200,1.03269230769
449314,449320,449875,6,555,2,7200,1.01081081081
449341,449347,449880,6,533,2,7200,1.01125703565
449357,449363,449912,6,549,2,7200,1.01092896175
449358,449370,449905,12,535,2,7200,1.02242990654
449359,449376,449928,17,552,2,7200,1.03079710145
449384,449390,449920,6,530,2,7200,1.01132075472
449400,449406,449573,6,167,1,3600,1.03592814371
449402,449414,449954,12,540,2,7200,1.02222222222
449421,449428,449974,7,546,2,7200,1.01282051282
449436,449442,449973,6,531,2,7200,1.01129943503
449451,449457,450000,6,543,2,7200,1.01104972376
449453,449463,450016,10,553,2,7200,1.01808318264
449484,449490,450020,6,530,2,7200,1.01132075472
449485,449497,450036,12,539,2,7200,1.02226345083
449516,449522,450091,6,569,2,7200,1.01054481547
449531,449538,450073,7,535,2,7200,1.01308411215
449546,449554,450110,8,556,2,7200,1.01438848921
449562,449568,450095,6,527,2,7200,1.01138519924
449564,449575,450111,11,536,2,7200,1.02052238806
449579,449585,450121,6,536,2,7200,1.01119402985
449594,449601,450144,7,543,2,7200,1.01289134438
449596,449608,450155,12,547,2,7200,1.02193784278
449611,449618,450157,7,539,2,7200,1.01298701299
449612,449624,450182,12,558,2,7200,1.02150537634
449628,449634,450173,6,539,2,7200,1.01113172542
449643,449650,450208,7,558,2,7200,1.01254480287
449645,449656,450208,11,552,2,7200,1.01992753623
449660,449667,450211,7,544,2,7200,1.01286764706
449662,449674,450225,12,551,2,7200,1.02177858439
449677,449683,450193,6,510,2,7200,1.01176470588
449716,449722,450272,6,550,2,7200,1.01090909091
449734,449741,450201,7,460,1,3600,1.0152173913
449738,449747,450287,9,540,2,7200,1.01666666667
449754,449760,450312,6,552,2,7200,1.01086956522
449755,449766,450327,11,561,2,7200,1.01960784314
449756,449772,450326,16,554,2,7200,1.02888086643
449758,449777,450302,19,525,2,7200,1.03619047619
449803,449811,450357,8,546,2,7200,1.01465201465
449819,449825,450394,6,569,2,7200,1.01054481547
449834,449840,450389,6,549,2,7200,1.01092896175
449849,449856,450394,7,538,2,7200,1.01301115242
449870,449878,450435,8,557,2,7200,1.01436265709
449886,449893,450448,7,555,2,7200,1.01261261261
449887,449900,450436,13,536,2,7200,1.02425373134
449909,449916,450436,7,520,2,7200,1.01346153846
449924,449931,450443,7,512,2,7200,1.013671875
449926,449938,450445,12,507,2,7200,1.02366863905
449941,449948,450488,7,540,2,7200,1.01296296296
449956,449962,450476,6,514,2,7200,1.01167315175
449974,449982,450522,8,540,2,7200,1.01481481481
449976,449987,450517,11,530,2,7200,1.02075471698
450004,450011,450558,7,547,2,7200,1.01279707495
450019,450025,450581,6,556,2,7200,1.01079136691
450034,450041,450577,7,536,2,7200,1.01305970149
450049,450056,450564,7,508,2,7200,1.01377952756
450077,450083,450626,6,543,2,7200,1.01104972376
450077,450089,450389,12,300,1,1800,1.04
450092,450098,450652,6,554,2,7200,1.01083032491
450107,450113,450646,6,533,2,7200,1.01125703565
450123,450130,450685,7,555,2,7200,1.01261261261
450124,450137,450676,13,539,2,7200,1.0241187384
450125,450142,450654,17,512,2,7200,1.033203125
450147,450154,450677,7,523,2,7200,1.01338432122
450162,450169,450728,7,559,2,7200,1.01252236136
450164,450175,450714,11,539,2,7200,1.02040816327
450179,450186,450717,7,531,2,7200,1.0131826742
450195,450201,450742,6,541,2,7200,1.01109057301
450196,450211,450745,15,534,2,7200,1.02808988764
450212,450219,450753,7,534,2,7200,1.01310861423
450213,450226,450761,13,535,2,7200,1.02429906542
450214,450231,450764,17,533,2,7200,1.03189493433
450230,450238,450771,8,533,2,7200,1.01500938086
450273,450279,450804,6,525,2,7200,1.01142857143
450288,450294,450848,6,554,2,7200,1.01083032491
450303,450310,450835,7,525,2,7200,1.01333333333
450318,450326,450879,8,553,2,7200,1.01446654611
450334,450340,450889,6,549,2,7200,1.01092896175
450335,450347,450894,12,547,2,7200,1.02193784278
450360,450366,450910,6,544,2,7200,1.01102941176
450390,450398,450922,8,524,2,7200,1.01526717557
450408,450414,450951,6,537,2,7200,1.01117318436
450409,450421,450928,12,507,2,7200,1.02366863905
450437,450443,450993,6,550,2,7200,1.01090909091
450439,450451,451008,12,557,2,7200,1.02154398564
450440,450456,450975,16,519,2,7200,1.03082851638
450456,450463,450993,7,530,2,7200,1.01320754717
450457,450469,450981,12,512,2,7200,1.0234375
450458,450475,451018,17,543,2,7200,1.03130755064
450477,450483,451043,6,560,2,7200,1.01071428571
450492,450499,451051,7,552,2,7200,1.01268115942
450520,450527,451073,7,546,2,7200,1.01282051282
450535,450541,451090,6,549,2,7200,1.01092896175
450537,450548,451055,11,507,1,3600,1.02169625247
450559,450567,451123,8,556,2,7200,1.01438848921
450575,450581,451141,6,560,2,7200,1.01071428571
450590,450596,451139,6,543,2,7200,1.01104972376
450591,450603,451144,12,541,2,7200,1.02218114603
450628,450634,451170,6,536,2,7200,1.01119402985
450649,450656,451207,7,551,2,7200,1.01270417423
450665,450672,451218,7,546,2,7200,1.01282051282
450666,450678,451217,12,539,2,7200,1.02226345083
450682,450688,451216,6,528,2,7200,1.01136363636
450683,450695,451231,12,536,2,7200,1.0223880597
450698,450705,451220,7,515,2,7200,1.01359223301
450717,450724,451243,7,519,2,7200,1.01348747592
450732,450739,451290,7,551,2,7200,1.01270417423
450734,450746,451291,12,545,2,7200,1.02201834862
450749,450755,451313,6,558,2,7200,1.01075268817
450751,450762,451313,11,551,2,7200,1.01996370236
450766,450772,451306,6,534,2,7200,1.01123595506
450767,450779,451324,12,545,2,7200,1.02201834862
450769,450784,451335,15,551,2,7200,1.02722323049
450784,450790,451328,6,538,2,7200,1.01115241636
450805,450813,451323,8,510,2,7200,1.01568627451
450836,450842,451386,6,544,2,7200,1.01102941176
450851,450858,451406,7,548,2,7200,1.01277372263
450881,450888,451436,7,548,2,7200,1.01277372263
450897,450903,451429,6,526,2,7200,1.01140684411
450898,450910,451434,12,524,2,7200,1.02290076336
450914,450920,451437,6,517,2,7200,1.01160541586
450929,450935,451461,6,526,2,7200,1.01140684411
450931,450942,451467,11,525,2,7200,1.02095238095
450955,450962,451484,7,522,2,7200,1.01340996169
450976,450982,451504,6,522,2,7200,1.01149425287
450992,450998,451504,6,506,2,7200,1.01185770751
451007,451014,451551,7,537,2,7200,1.01303538175
451009,451021,451571,12,550,2,7200,1.02181818182
451024,451030,451571,6,541,2,7200,1.01109057301
451026,451037,451545,11,508,2,7200,1.02165354331
451047,451053,451596,6,543,2,7200,1.01104972376
451062,451069,451623,7,554,2,7200,1.01263537906
451078,451085,451652,7,567,2,7200,1.01234567901
451093,451100,451625,7,525,2,7200,1.01333333333
451124,451130,451676,6,546,2,7200,1.01098901099
451143,451149,451706,6,557,2,7200,1.01077199282
451144,451156,451679,12,523,2,7200,1.02294455067
451160,451166,451721,6,555,2,7200,1.01081081081
451175,451181,451700,6,519,2,7200,1.01156069364
451209,451215,451738,6,523,2,7200,1.01147227533
451225,451231,451791,6,560,2,7200,1.01071428571
451226,451237,451796,11,559,2,7200,1.01967799642
451227,451243,451783,16,540,2,7200,1.02962962963
451229,451248,451768,19,520,2,7200,1.03653846154
451245,451255,451789,10,534,2,7200,1.01872659176
451246,451260,451798,14,538,2,7200,1.02602230483
451292,451298,451829,6,531,2,7200,1.01129943503
451293,451305,451830,12,525,2,7200,1.02285714286
451309,451316,451850,7,534,2,7200,1.01310861423
451324,451331,451835,7,504,2,7200,1.01388888889
451326,451338,451870,12,532,2,7200,1.02255639098
451327,451343,451897,16,554,2,7200,1.02888086643
451329,451348,451852,19,504,2,7200,1.0376984127
451344,451355,451908,11,553,2,7200,1.0198915009
451346,451360,451925,14,565,2,7200,1.02477876106
451388,451395,451881,7,486,2,7200,1.01440329218
451407,451413,451973,6,560,2,7200,1.01071428571
451431,451437,451949,6,512,2,7200,1.01171875
451446,451452,452008,6,556,2,7200,1.01079136691
451448,451459,452000,11,541,2,7200,1.02033271719
451449,451464,452010,15,546,2,7200,1.02747252747
451464,451470,451993,6,523,2,7200,1.01147227533
451479,451485,452019,6,534,2,7200,1.01123595506
451494,451501,452015,7,514,2,7200,1.01361867704
451510,451517,452035,7,518,2,7200,1.01351351351
451511,451523,452053,12,530,2,7200,1.02264150943
451545,451551,452116,6,565,2,7200,1.01061946903
451560,451567,452121,7,554,2,7200,1.01263537906
451576,451582,452092,6,510,2,7200,1.01176470588
451577,451589,452156,12,567,2,7200,1.02116402116
451598,451605,452135,7,530,2,7200,1.01320754717
451626,451632,452145,6,513,2,7200,1.01169590643
451627,451638,452184,11,546,2,7200,1.02014652015
451652,451659,452169,7,510,2,7200,1.0137254902
451680,451687,452232,7,545,2,7200,1.0128440367
451681,451694,452231,13,537,2,7200,1.02420856611
451703,451709,452240,6,531,2,7200,1.01129943503
451718,451724,452267,6,543,2,7200,1.01104972376
451733,451740,452249,7,509,2,7200,1.0137524558
451748,451756,452297,8,541,2,7200,1.01478743068
451770,451776,452345,6,569,2,7200,1.01054481547
451785,451792,452324,7,532,2,7200,1.01315789474
451801,451808,452353,7,545,2,7200,1.0128440367
451802,451815,452359,13,544,2,7200,1.02389705882
451804,451820,452334,16,514,2,7200,1.03112840467
451805,451825,452337,20,512,2,7200,1.0390625
451830,451837,452393,7,556,2,7200,1.01258992806
451832,451844,452383,12,539,2,7200,1.02226345083
451848,451854,452400,6,546,2,7200,1.01098901099
451864,451871,452406,7,535,2,7200,1.01308411215
451865,451877,452413,12,536,2,7200,1.0223880597
451881,451888,452424,7,536,2,7200,1.01305970149
451882,451895,452430,13,535,2,7200,1.02429906542
451901,451907,452428,6,521,2,7200,1.01151631478
451916,451922,452474,6,552,2,7200,1.01086956522
451931,451938,452472,7,534,2,7200,1.01310861423
451949,451956,452491,7,535,2,7200,1.01308411215
451974,451980,452479,6,499,2,7200,1.0120240481
451996,452003,452549,7,546,2,7200,1.01282051282
452011,452019,452570,8,551,2,7200,1.01451905626
452013,452026,452560,13,534,2,7200,1.02434456929
452014,452031,452579,17,548,2,7200,1.03102189781
452030,452038,452539,8,501,2,7200,1.01596806387
452031,452043,452582,12,539,2,7200,1.02226345083
452047,452054,452575,7,521,2,7200,1.01343570058
452062,452068,452611,6,543,2,7200,1.01104972376
452095,452102,452623,7,521,2,7200,1.01343570058
452120,452127,452665,7,538,2,7200,1.01301115242
452135,452142,452677,7,535,2,7200,1.01308411215
452137,452149,452687,12,538,2,7200,1.02230483271
452152,452158,452685,6,527,2,7200,1.01138519924
452158,452164,452266,6,102,1,1800,1.05882352941
452168,452174,452725,6,551,2,7200,1.0108892922
452183,452190,452746,7,556,2,7200,1.01258992806
452198,452205,452761,7,556,2,7200,1.01258992806
452235,452242,452775,7,533,2,7200,1.01313320826
452236,452249,452770,13,521,2,7200,1.02495201536
452252,452259,452820,7,561,2,7200,1.01247771836
452254,452266,452811,12,545,2,7200,1.02201834862
452269,452276,452816,7,540,2,7200,1.01296296296
452300,452308,452843,8,535,2,7200,1.01495327103
452325,452332,452873,7,541,2,7200,1.01293900185
452340,452347,452875,7,528,2,7200,1.01325757576
452342,452354,452895,12,541,2,7200,1.02218114603
452357,452364,452862,7,498,2,7200,1.0140562249
452359,452371,452932,12,561,2,7200,1.02139037433
452374,452381,452908,7,527,2,7200,1.01328273245
452389,452396,452961,7,565,2,7200,1.01238938053
452405,452411,452944,6,533,2,7200,1.01125703565
452406,452418,452953,12,535,2,7200,1.02242990654
452422,452428,452987,6,559,2,7200,1.01073345259
452423,452435,452974,12,539,2,7200,1.02226345083
452439,452446,452994,7,548,2,7200,1.01277372263
452440,452452,452985,12,533,2,7200,1.02251407129
452442,452458,452989,16,531,2,7200,1.03013182674
452476,452483,453031,7,548,2,7200,1.01277372263
452477,452490,453027,13,537,2,7200,1.02420856611
452493,452500,453069,7,569,2,7200,1.01230228471
452494,452507,453043,13,536,2,7200,1.02425373134
452539,452546,452676,7,130,1,1800,1.05384615385
452543,452553,453067,10,514,2,7200,1.01945525292
452559,452566,453073,7,507,2,7200,1.01380670611
452574,452581,453144,7,563,2,7200,1.01243339254
452576,452588,453137,12,549,2,7200,1.0218579235
452577,452593,453140,16,547,2,7200,1.02925045704
452593,452600,453149,7,549,2,7200,1.01275045537
452594,452607,453137,13,530,2,7200,1.02452830189
452613,452620,453160,7,540,2,7200,1.01296296296
452628,452635,453183,7,548,2,7200,1.01277372263
452668,452675,453191,7,516,2,7200,1.01356589147
452683,452690,453245,7,555,2,7200,1.01261261261
452699,452706,453242,7,536,2,7200,1.01305970149
452700,452713,453234,13,521,2,7200,1.02495201536
452728,452736,453259,8,523,2,7200,1.01529636711
452747,452754,453283,7,529,2,7200,1.01323251418
452765,452772,453305,7,533,2,7200,1.01313320826
452781,452787,453317,6,530,2,7200,1.01132075472
452782,452794,453323,12,529,2,7200,1.02268431002
452813,452819,453369,6,550,2,7200,1.01090909091
452828,452835,453394,7,559,2,7200,1.01252236136
452830,452842,453369,12,527,2,7200,1.02277039848
452845,452852,453399,7,547,2,7200,1.01279707495
452864,452871,453399,7,528,2,7200,1.01325757576
452879,452886,453438,7,552,2,7200,1.01268115942
452881,452893,453445,12,552,2,7200,1.02173913043
452896,452903,453440,7,537,2,7200,1.01303538175
452911,452919,453468,8,549,2,7200,1.014571949
452936,452942,453481,6,539,2,7200,1.01113172542
452951,452957,453489,6,532,2,7200,1.01127819549
452967,452974,453470,7,496,2,7200,1.01411290323
452968,452980,453518,12,538,2,7200,1.02230483271
452983,452990,453535,7,545,2,7200,1.0128440367
452999,453005,453548,6,543,2,7200,1.01104972376
453001,453012,453550,11,538,2,7200,1.02044609665
453002,453018,453560,16,542,2,7200,1.0295202952
453003,453023,453568,20,545,2,7200,1.03669724771
453028,453035,453579,7,544,2,7200,1.01286764706
453044,453051,453565,7,514,2,7200,1.01361867704
453045,453058,453574,13,516,2,7200,1.02519379845
453070,453076,453612,6,536,2,7200,1.01119402985
453071,453083,453592,12,509,2,7200,1.02357563851
453087,453093,453547,6,454,2,7200,1.01321585903
453139,453145,453683,6,538,2,7200,1.01115241636
453140,453152,453712,12,560,2,7200,1.02142857143
453156,453163,453663,7,500,2,7200,1.014
453158,453169,453693,11,524,2,7200,1.02099236641
453159,453175,453727,16,552,2,7200,1.02898550725
453174,453182,453728,8,546,2,7200,1.01465201465
453190,453196,453752,6,556,2,7200,1.01079136691
453205,453211,453733,6,522,2,7200,1.01149425287
453223,453230,453651,7,421,1,1800,1.01662707838
453236,453242,453778,6,536,2,7200,1.01119402985
453251,453257,453804,6,547,2,7200,1.01096892139
453253,453264,453816,11,552,2,7200,1.01992753623
453268,453275,453820,7,545,2,7200,1.0128440367
453286,453293,453827,7,534,2,7200,1.01310861423
453305,453311,453852,6,541,2,7200,1.01109057301
453320,453327,453877,7,550,2,7200,1.01272727273
453335,453341,453894,6,553,2,7200,1.01084990958
453372,453379,453935,7,556,2,7200,1.01258992806
453374,453386,453898,12,512,2,7200,1.0234375
453395,453403,453918,8,515,2,7200,1.01553398058
453411,453417,453945,6,528,2,7200,1.01136363636
453412,453425,453956,13,531,2,7200,1.02448210923
453440,453446,453981,6,535,2,7200,1.01121495327
453455,453461,454017,6,556,2,7200,1.01079136691
453457,453467,453974,10,507,2,7200,1.01972386588
453472,453479,454004,7,525,2,7200,1.01333333333
453473,453485,454032,12,547,2,7200,1.02193784278
453489,453495,454038,6,543,2,7200,1.01104972376
453490,453502,454039,12,537,2,7200,1.02234636872
453518,453524,454062,6,538,2,7200,1.01115241636
453536,453542,454082,6,540,2,7200,1.01111111111
453552,453558,454107,6,549,2,7200,1.01092896175
453553,453565,454106,12,541,2,7200,1.02218114603
453555,453570,454065,15,495,2,7200,1.0303030303
453570,453577,454119,7,542,2,7200,1.01291512915
453572,453584,454144,12,560,2,7200,1.02142857143
453573,453589,454133,16,544,2,7200,1.02941176471
453589,453596,454113,7,517,2,7200,1.01353965184
453590,453603,454112,13,509,2,7200,1.02554027505
453605,453612,454161,7,549,2,7200,1.01275045537
453621,453627,454181,6,554,2,7200,1.01083032491
453669,453675,454181,6,506,2,7200,1.01185770751
453687,453694,454231,7,537,2,7200,1.01303538175
453702,453709,454255,7,546,2,7200,1.01282051282
453717,453724,454274,7,550,2,7200,1.01272727273
453733,453739,454294,6,555,2,7200,1.01081081081
453735,453746,454254,11,508,2,7200,1.02165354331
453736,453751,454285,15,534,2,7200,1.02808988764
453755,453761,454316,6,555,2,7200,1.01081081081
453779,453786,454296,7,510,2,7200,1.0137254902
453807,453814,454359,7,545,2,7200,1.0128440367
453822,453829,454375,7,546,2,7200,1.01282051282
453824,453836,454389,12,553,2,7200,1.02169981917
453839,453846,454391,7,545,2,7200,1.0128440367
453854,453862,454405,8,543,2,7200,1.01473296501
453879,453885,454435,6,550,2,7200,1.01090909091
453894,453901,454409,7,508,2,7200,1.01377952756
453909,453915,454433,6,518,2,7200,1.01158301158
453924,453930,454456,6,526,2,7200,1.01140684411
453939,453946,454494,7,548,2,7200,1.01277372263
453955,453961,454486,6,525,2,7200,1.01142857143
453970,453977,454537,7,560,2,7200,1.0125
453985,453991,454538,6,547,2,7200,1.01096892139
453987,453998,454542,11,544,2,7200,1.02022058824
454005,454012,454571,7,559,2,7200,1.01252236136
454020,454026,454574,6,548,2,7200,1.01094890511
454035,454042,454581,7,539,2,7200,1.01298701299
454051,454057,454613,6,556,2,7200,1.01079136691
454052,454064,454615,12,551,2,7200,1.02177858439
454068,454074,454618,6,544,2,7200,1.01102941176
454069,454080,454593,11,513,2,7200,1.02144249513
454084,454090,454626,6,536,2,7200,1.01119402985
454109,454116,454663,7,547,2,7200,1.01279707495
454110,454123,454678,13,555,2,7200,1.02342342342
454126,454132,454673,6,541,2,7200,1.01109057301
454127,454138,454679,11,541,2,7200,1.02033271719
454128,454143,454663,15,520,2,7200,1.02884615385
454144,454150,454698,6,548,2,7200,1.01094890511
454159,454165,454702,6,537,2,7200,1.01117318436
454174,454181,454722,7,541,2,7200,1.01293900185
454189,454197,454743,8,546,2,7200,1.01465201465
454191,454202,454761,11,559,2,7200,1.01967799642
454234,454240,454800,6,560,2,7200,1.01071428571
454258,454265,454811,7,546,2,7200,1.01282051282
454260,454271,454788,11,517,2,7200,1.02127659574
454275,454281,454814,6,533,2,7200,1.01125703565
454290,454296,454824,6,528,2,7200,1.01136363636
454306,454312,454880,6,568,2,7200,1.01056338028
454307,454319,454872,12,553,2,7200,1.02169981917
454322,454329,454843,7,514,2,7200,1.01361867704
454362,454368,454921,6,553,2,7200,1.01084990958
454378,454384,454921,6,537,2,7200,1.01117318436
454393,454400,454942,7,542,2,7200,1.01291512915
454394,454407,454946,13,539,2,7200,1.0241187384
454410,454417,454941,7,524,2,7200,1.01335877863
454411,454423,454983,12,560,2,7200,1.02142857143
454436,454442,455001,6,559,2,7200,1.01073345259
454438,454449,454992,11,543,2,7200,1.02025782689
454459,454465,455007,6,542,2,7200,1.0110701107
454489,454495,455040,6,545,2,7200,1.01100917431
454504,454511,455017,7,506,2,7200,1.01383399209
454538,454545,455099,7,554,2,7200,1.01263537906
454540,454552,455099,12,547,2,7200,1.02193784278
454555,454561,455118,6,557,2,7200,1.01077199282
454574,454580,455115,6,535,2,7200,1.01121495327
454589,454595,455111,6,516,2,7200,1.01162790698
454590,454602,455126,12,524,2,7200,1.02290076336
454606,454612,455168,6,556,2,7200,1.01079136691
454621,454628,455171,7,543,2,7200,1.01289134438
454622,454633,455180,11,547,2,7200,1.02010968921
454624,454641,455185,17,544,2,7200,1.03125
454639,454648,455179,9,531,2,7200,1.01694915254
454664,454670,455215,6,545,2,7200,1.01100917431
454665,454677,455223,12,546,2,7200,1.02197802198
454681,454687,455239,6,552,2,7200,1.01086956522
454682,454694,455217,12,523,2,7200,1.02294455067
454683,454699,455236,16,537,2,7200,1.02979515829
454702,454709,455262,7,553,2,7200,1.01265822785
454717,454724,455224,7,500,2,7200,1.014
454732,454738,455279,6,541,2,7200,1.01109057301
454747,454754,455274,7,520,2,7200,1.01346153846
454763,454769,455320,6,551,2,7200,1.0108892922
454790,454796,455347,6,551,2,7200,1.0108892922
454805,454811,455369,6,558,2,7200,1.01075268817
454821,454827,455373,6,546,2,7200,1.01098901099
454822,454833,455382,11,549,2,7200,1.02003642987
454837,454843,455363,6,520,2,7200,1.01153846154
454852,454859,455368,7,509,2,7200,1.0137524558
454874,454881,455437,7,556,2,7200,1.01258992806
454889,454896,455434,7,538,2,7200,1.01301115242
454923,454930,455447,7,517,2,7200,1.01353965184
454925,454936,455493,11,557,2,7200,1.0197486535
454943,454950,455470,7,520,2,7200,1.01346153846
454945,454957,455504,12,547,2,7200,1.02193784278
454960,454967,455524,7,557,2,7200,1.01256732496
454985,454992,455534,7,542,2,7200,1.01291512915
455000,455006,455514,6,508,2,7200,1.01181102362
455015,455022,455569,7,547,2,7200,1.01279707495
455017,455029,455564,12,535,2,7200,1.02242990654
455032,455038,455592,6,554,2,7200,1.01083032491
455047,455054,455621,7,567,2,7200,1.01234567901
455102,455109,455621,7,512,2,7200,1.013671875
455104,455116,455648,12,532,2,7200,1.02255639098
455120,455126,455644,6,518,2,7200,1.01158301158
455121,455133,455651,12,518,2,7200,1.02316602317
455123,455138,455680,15,542,2,7200,1.02767527675
455138,455145,455688,7,543,2,7200,1.01289134438
455171,455178,455687,7,509,2,7200,1.0137524558
455173,455186,455734,13,548,2,7200,1.02372262774
455189,455196,455727,7,531,2,7200,1.0131826742
455190,455203,455732,13,529,2,7200,1.02457466919
455192,455208,455760,16,552,2,7200,1.02898550725
455216,455222,455779,6,557,2,7200,1.01077199282
455232,455238,455753,6,515,2,7200,1.01165048544
455233,455244,455778,11,534,2,7200,1.02059925094
455234,455250,455791,16,541,2,7200,1.02957486137
455250,455257,455800,7,543,2,7200,1.01289134438
455251,455263,455787,12,524,2,7200,1.02290076336
455266,455273,455825,7,552,2,7200,1.01268115942
455282,455289,455816,7,527,2,7200,1.01328273245
455283,455295,455845,12,550,2,7200,1.02181818182
455323,455329,455889,6,560,2,7200,1.01071428571
455350,455356,455904,6,548,2,7200,1.01094890511
455366,455372,455917,6,545,2,7200,1.01100917431
455381,455387,455886,6,499,2,7200,1.0120240481
455383,455394,455939,11,545,2,7200,1.02018348624
455384,455399,455958,15,559,2,7200,1.02683363148
455385,455404,455923,19,519,2,7200,1.0366088632
455405,455412,455460,7,48,1,1800,1.14583333333
455435,455442,455965,7,523,2,7200,1.01338432122
455450,455457,456005,7,548,2,7200,1.01277372263
455452,455465,456027,13,562,2,7200,1.0231316726
455471,455478,456022,7,544,2,7200,1.01286764706
455492,455500,456053,8,553,2,7200,1.01446654611
455508,455515,456059,7,544,2,7200,1.01286764706
455523,455529,456083,6,554,2,7200,1.01083032491
455539,455545,456108,6,563,2,7200,1.01065719361
455540,455553,456086,13,533,2,7200,1.0243902439
455568,455575,456066,7,491,2,7200,1.01425661914
455583,455589,456131,6,542,2,7200,1.0110701107
455599,455605,456142,6,537,2,7200,1.01117318436
455623,455631,456179,8,548,2,7200,1.01459854015
455625,455638,456186,13,548,2,7200,1.02372262774
455647,455653,456179,6,526,2,7200,1.01140684411
455662,455668,456227,6,559,2,7200,1.01073345259
455663,455675,456191,12,516,2,7200,1.02325581395
455682,455688,456242,6,554,2,7200,1.01083032491
455697,455704,456255,7,551,2,7200,1.01270417423
455699,455711,456250,12,539,2,7200,1.02226345083
455729,455737,456251,8,514,2,7200,1.01556420233
455745,455751,456304,6,553,2,7200,1.01084990958
455746,455758,456291,12,533,2,7200,1.02251407129
455762,455769,456299,7,530,2,7200,1.01320754717
455763,455776,456315,13,539,2,7200,1.0241187384
455772,455783,455898,11,115,1,1800,1.09565217391
455782,455789,456346,7,557,2,7200,1.01256732496
455783,455795,456342,12,547,2,7200,1.02193784278
455799,455806,456366,7,560,2,7200,1.0125
455800,455813,456358,13,545,2,7200,1.02385321101
455816,455823,456383,7,560,2,7200,1.0125
455831,455838,456390,7,552,2,7200,1.01268115942
455833,455845,456370,12,525,2,7200,1.02285714286
455848,455855,456354,7,499,2,7200,1.01402805611
455889,455896,456432,7,536,2,7200,1.01305970149
455890,455903,456438,13,535,2,7200,1.02429906542
455906,455913,456444,7,531,2,7200,1.0131826742
455921,455927,456475,6,548,2,7200,1.01094890511
455936,455942,456497,6,555,2,7200,1.01081081081
455951,455959,456468,8,509,2,7200,1.01571709234
455967,455973,456532,6,559,2,7200,1.01073345259
455968,455981,456530,13,549,2,7200,1.02367941712
456008,456015,456561,7,546,2,7200,1.01282051282
456023,456030,456571,7,541,2,7200,1.01293900185
456039,456046,456595,7,549,2,7200,1.01275045537
456054,456061,456583,7,522,2,7200,1.01340996169
456070,456077,456627,7,550,2,7200,1.01272727273
456071,456084,456587,13,503,2,7200,1.02584493042
456087,456094,456596,7,502,2,7200,1.01394422311
456088,456101,456638,13,537,2,7200,1.02420856611
456110,456117,456659,7,542,2,7200,1.01291512915
456135,456142,456691,7,549,2,7200,1.01275045537
456150,456156,456719,6,563,2,7200,1.01065719361
456181,456187,456741,6,554,2,7200,1.01083032491
456183,456195,456739,12,544,2,7200,1.02205882353
456198,456205,456777,7,572,2,7200,1.01223776224
456200,456211,456732,11,521,2,7200,1.02111324376
456230,456238,456784,8,546,2,7200,1.01465201465
456246,456252,456789,6,537,2,7200,1.01117318436
456261,456267,456810,6,543,2,7200,1.01104972376
456263,456275,456808,12,533,2,7200,1.02251407129
456264,456280,456807,16,527,2,7200,1.03036053131
456292,456299,456853,7,554,2,7200,1.01263537906
456307,456314,456862,7,548,2,7200,1.01277372263
456309,456321,456868,12,547,2,7200,1.02193784278
456324,456331,456850,7,519,2,7200,1.01348747592
456342,456349,456877,7,528,2,7200,1.01325757576
456358,456365,456921,7,556,2,7200,1.01258992806
456359,456372,456912,13,540,2,7200,1.02407407407
456375,456382,456937,7,555,2,7200,1.01261261261
456376,456389,456955,13,566,2,7200,1.02296819788
456377,456394,456930,17,536,2,7200,1.03171641791
456392,456401,456946,9,545,2,7200,1.01651376147
456394,456406,456946,12,540,2,7200,1.02222222222
456434,456441,456987,7,546,2,7200,1.01282051282
456449,456455,457009,6,554,2,7200,1.01083032491
456450,456462,456979,12,517,2,7200,1.02321083172
456472,456479,457016,7,537,2,7200,1.01303538175
456487,456494,457029,7,535,2,7200,1.01308411215
456502,456508,457059,6,551,2,7200,1.0108892922
456532,456540,457099,8,559,2,7200,1.01431127013
456534,456547,457070,13,523,2,7200,1.02485659656
456561,456569,457111,8,542,2,7200,1.0147601476
456577,456583,457084,6,501,2,7200,1.0119760479
456592,456598,457139,6,541,2,7200,1.01109057301
456594,456604,457126,10,522,2,7200,1.01915708812
456609,456615,457179,6,564,2,7200,1.01063829787
456611,456622,457171,11,549,2,7200,1.02003642987
456617,456629,456911,12,282,1,1800,1.04255319149
456629,456636,457116,7,480,2,7200,1.01458333333
456644,456651,457188,7,537,2,7200,1.01303538175
456660,456666,457208,6,542,2,7200,1.0110701107
456693,456701,457261,8,560,2,7200,1.01428571429
456721,456728,457243,7,515,2,7200,1.01359223301
456736,456743,457295,7,552,2,7200,1.01268115942
456752,456759,457292,7,533,2,7200,1.01313320826
456753,456766,457304,13,538,2,7200,1.02416356877
456781,456788,457321,7,533,2,7200,1.01313320826
456796,456804,457359,8,555,2,7200,1.01441441441
456798,456811,457333,13,522,2,7200,1.02490421456
456814,456820,457368,6,548,2,7200,1.01094890511
456816,456827,457379,11,552,2,7200,1.01992753623
456817,456832,457395,15,563,2,7200,1.02664298401
456854,456861,457404,7,543,2,7200,1.01289134438
456855,456868,457421,13,553,2,7200,1.02350813743
456871,456878,457415,7,537,2,7200,1.01303538175
456872,456885,457421,13,536,2,7200,1.02425373134
456888,456894,457456,6,562,2,7200,1.01067615658
456915,456921,457474,6,553,2,7200,1.01084990958
456933,456939,457464,6,525,2,7200,1.01142857143
456934,456946,457483,12,537,2,7200,1.02234636872
456950,456957,457485,7,528,2,7200,1.01325757576
456952,456963,457514,11,551,2,7200,1.01996370236
456953,456969,457498,16,529,2,7200,1.03024574669
456968,456976,457502,8,526,2,7200,1.01520912548
456984,456991,457546,7,555,2,7200,1.01261261261
456999,457006,457513,7,507,2,7200,1.01380670611
457014,457020,457556,6,536,2,7200,1.01119402985
457029,457036,457584,7,548,2,7200,1.01277372263
457031,457043,457607,12,564,2,7200,1.02127659574
457062,457069,457604,7,535,2,7200,1.01308411215
457077,457083,457621,6,538,2,7200,1.01115241636
457092,457098,457648,6,550,2,7200,1.01090909091
457107,457114,457625,7,511,2,7200,1.01369863014
457123,457129,457677,6,548,2,7200,1.01094890511
457124,457136,457677,12,541,2,7200,1.02218114603
457139,457147,457689,8,542,2,7200,1.0147601476
457141,457154,457702,13,548,2,7200,1.02372262774
457172,457179,457686,7,507,2,7200,1.01380670611
457187,457193,457732,6,539,2,7200,1.01113172542
457202,457208,457732,6,524,2,7200,1.01145038168
457217,457224,457785,7,561,2,7200,1.01247771836
457245,457251,457799,6,548,2,7200,1.01094890511
457263,457269,457804,6,535,2,7200,1.01121495327
457294,457301,457851,7,550,2,7200,1.01272727273
457309,457316,457831,7,515,2,7200,1.01359223301
457311,457322,457872,11,550,2,7200,1.02
457326,457332,457887,6,555,2,7200,1.01081081081
457342,457349,457897,7,548,2,7200,1.01277372263
457359,457365,457465,6,100,64,60,1.06
457363,457373,457928,10,555,2,7200,1.01801801802
457378,457384,457913,6,529,2,7200,1.01134215501
457394,457400,457944,6,544,2,7200,1.01102941176
457409,457415,457922,6,507,2,7200,1.01183431953
457410,457422,457953,12,531,2,7200,1.02259887006
457428,457434,457970,6,536,2,7200,1.01119402985
457429,457440,457986,11,546,2,7200,1.02014652015
457430,457446,457979,16,533,2,7200,1.03001876173
457458,457465,458012,7,547,2,7200,1.01279707495
457473,457480,458020,7,540,2,7200,1.01296296296
457489,457496,458056,7,560,2,7200,1.0125
457490,457503,458061,13,558,2,7200,1.02329749104
457492,457508,458058,16,550,2,7200,1.02909090909
457507,457515,458062,8,547,2,7200,1.01462522852
457508,457520,458060,12,540,2,7200,1.02222222222
457524,457530,458078,6,548,2,7200,1.01094890511
457525,457537,458088,12,551,2,7200,1.02177858439
457547,457554,458101,7,547,2,7200,1.01279707495
457562,457568,458123,6,555,2,7200,1.01081081081
457586,457593,458151,7,558,2,7200,1.01254480287
457605,457611,458171,6,560,2,7200,1.01071428571
457620,457626,458167,6,541,2,7200,1.01109057301
457635,457642,458193,7,551,2,7200,1.01270417423
457637,457650,458181,13,531,2,7200,1.02448210923
457652,457659,458176,7,517,2,7200,1.01353965184
457680,457687,458227,7,540,2,7200,1.01296296296
457681,457694,458242,13,548,2,7200,1.02372262774
457697,457704,458279,7,575,2,7200,1.01217391304
457698,457711,458264,13,553,2,7200,1.02350813743
457713,457721,458281,8,560,2,7200,1.01428571429
457735,457742,458286,7,544,2,7200,1.01286764706
457737,457749,458255,12,506,2,7200,1.02371541502
457786,457792,458311,6,519,2,7200,1.01156069364
457801,457807,458351,6,544,2,7200,1.01102941176
457816,457822,458336,6,514,2,7200,1.01167315175
457834,457841,458352,7,511,2,7200,1.01369863014
457853,457859,458413,6,554,2,7200,1.01083032491
457868,457875,458418,7,543,2,7200,1.01289134438
457889,457896,458424,7,528,2,7200,1.01325757576
457905,457912,458467,7,555,2,7200,1.01261261261
457920,457927,458455,7,528,2,7200,1.01325757576
457936,457942,458494,6,552,2,7200,1.01086956522
457937,457949,458500,12,551,2,7200,1.02177858439
457952,457958,458492,6,534,2,7200,1.01123595506
457967,457975,458477,8,502,2,7200,1.01593625498
457984,457991,458534,7,543,2,7200,1.01289134438
457985,457998,458504,13,506,2,7200,1.0256916996
458000,458007,458569,7,562,2,7200,1.01245551601
458016,458023,458578,7,555,2,7200,1.01261261261
458031,458038,458594,7,556,2,7200,1.01258992806
458058,458066,458623,8,557,2,7200,1.01436265709
458060,458073,458602,13,529,2,7200,1.02457466919
458076,458082,458620,6,538,2,7200,1.01115241636
458077,458089,458644,12,555,2,7200,1.02162162162
458079,458094,458603,15,509,2,7200,1.02946954813
458094,458100,458646,6,546,2,7200,1.01098901099
458096,458108,458631,12,523,2,7200,1.02294455067
458111,458117,458633,6,516,2,7200,1.01162790698
458126,458133,458694,7,561,2,7200,1.01247771836
458154,458160,458704,6,544,2,7200,1.01102941176
458169,458177,458693,8,516,2,7200,1.01550387597
458185,458191,458706,6,515,2,7200,1.01165048544
458186,458201,458753,15,552,2,7200,1.02717391304
458188,458206,458760,18,554,2,7200,1.03249097473
458203,458213,458766,10,553,2,7200,1.01808318264
458231,458237,458771,6,534,2,7200,1.01123595506
458246,458252,458777,6,525,2,7200,1.01142857143
458261,458267,458787,6,520,2,7200,1.01153846154
458277,458284,458810,7,526,2,7200,1.01330798479
458278,458290,458824,12,534,2,7200,1.02247191011
458294,458301,458836,7,535,2,7200,1.01308411215
458295,458307,458829,12,522,2,7200,1.02298850575
458313,458321,458845,8,524,2,7200,1.01526717557
458338,458344,458857,6,513,2,7200,1.01169590643
458354,458361,458899,7,538,2,7200,1.01301115242
458355,458368,458892,13,524,2,7200,1.02480916031
458416,458422,458946,6,524,2,7200,1.01145038168
458432,458438,458946,6,508,2,7200,1.01181102362
458433,458445,458966,12,521,2,7200,1.02303262956
458457,458464,458973,7,509,2,7200,1.0137524558
458473,458479,459017,6,538,2,7200,1.01115241636
458488,458495,459026,7,531,2,7200,1.0131826742
458504,458511,459058,7,547,2,7200,1.01279707495
458505,458517,459089,12,572,2,7200,1.02097902098
458507,458523,459081,16,558,2,7200,1.02867383513
458508,458528,459097,20,569,2,7200,1.03514938489
458536,458543,459065,7,522,2,7200,1.01340996169
458572,458580,459113,8,533,2,7200,1.01500938086
458588,458594,459140,6,546,2,7200,1.01098901099
458603,458609,459114,6,505,2,7200,1.01188118812
458605,458616,459119,11,503,2,7200,1.02186878728
458606,458621,459163,15,542,2,7200,1.02767527675
458621,458629,459179,8,550,2,7200,1.01454545455
458637,458643,459186,6,543,2,7200,1.01104972376
458639,458650,459217,11,567,2,7200,1.01940035273
458640,458655,459197,15,542,2,7200,1.02767527675
458655,458662,459213,7,551,2,7200,1.01270417423
458657,458669,459193,12,524,2,7200,1.02290076336
458697,458703,459231,6,528,2,7200,1.01136363636
458698,458711,459266,13,555,2,7200,1.02342342342
458714,458720,459250,6,530,2,7200,1.01132075472
458715,458727,459253,12,526,2,7200,1.02281368821
458755,458762,459322,7,560,2,7200,1.0125
458771,458777,459330,6,553,2,7200,1.01084990958
458772,458783,459321,11,538,2,7200,1.02044609665
458787,458794,459329,7,535,2,7200,1.01308411215
458789,458801,459342,12,541,2,7200,1.02218114603
458790,458806,459354,16,548,2,7200,1.02919708029
458812,458819,459335,7,516,2,7200,1.01356589147
458827,458833,459347,6,514,2,7200,1.01167315175
458843,458849,459390,6,541,2,7200,1.01109057301
458844,458855,459391,11,536,2,7200,1.02052238806
458861,458867,459389,6,522,2,7200,1.01149425287
458864,458875,459421,11,546,2,7200,1.02014652015
458895,458902,459430,7,528,2,7200,1.01325757576
458910,458917,459447,7,530,2,7200,1.01320754717
458947,458954,459515,7,561,2,7200,1.01247771836
458948,458961,459510,13,549,2,7200,1.02367941712
458969,458977,459542,8,565,2,7200,1.01415929204
458985,458991,459537,6,546,2,7200,1.01098901099
459019,459025,459559,6,534,2,7200,1.01123595506
459034,459041,459577,7,536,2,7200,1.01305970149
459059,459066,459600,7,534,2,7200,1.01310861423
459074,459080,459640,6,560,2,7200,1.01071428571
459090,459097,459656,7,559,2,7200,1.01252236136
459091,459104,459631,13,527,2,7200,1.02466793169
459107,459113,459661,6,548,2,7200,1.01094890511
459122,459129,459685,7,556,2,7200,1.01258992806
459124,459136,459653,12,517,2,7200,1.02321083172
459125,459141,459660,16,519,2,7200,1.03082851638
459144,459151,459708,7,557,2,7200,1.01256732496
459166,459172,459702,6,530,2,7200,1.01132075472
459181,459188,459720,7,532,2,7200,1.01315789474
459196,459203,459738,7,535,2,7200,1.01308411215
459198,459210,459762,12,552,2,7200,1.02173913043
459213,459221,459772,8,551,2,7200,1.01451905626
459215,459228,459783,13,555,2,7200,1.02342342342
459230,459237,459770,7,533,2,7200,1.01313320826
459246,459252,459791,6,539,2,7200,1.01113172542
459261,459267,459826,6,559,2,7200,1.01073345259
459263,459275,459831,12,556,2,7200,1.02158273381
459278,459285,459792,7,507,2,7200,1.01380670611
459324,459331,459861,7,530,2,7200,1.01320754717
459326,459338,459868,12,530,2,7200,1.02264150943
459342,459349,459882,7,533,2,7200,1.01313320826
459343,459356,459875,13,519,2,7200,1.02504816956
459345,459361,459888,16,527,2,7200,1.03036053131
459360,459368,459877,8,509,2,7200,1.01571709234
459362,459373,459921,11,548,2,7200,1.0200729927
459363,459379,459921,16,542,2,7200,1.0295202952
459391,459398,459910,7,512,2,7200,1.013671875
459393,459405,459933,12,528,2,7200,1.02272727273
459394,459410,459930,16,520,2,7200,1.03076923077
459425,459431,459972,6,541,2,7200,1.01109057301
459440,459447,459986,7,539,2,7200,1.01298701299
459456,459463,459957,7,494,2,7200,1.01417004049
459514,459520,460082,6,562,2,7200,1.01067615658
459529,459535,460086,6,551,2,7200,1.0108892922
459544,459551,460114,7,563,2,7200,1.01243339254
459546,459558,460104,12,546,2,7200,1.02197802198
459561,459567,460097,6,530,2,7200,1.01132075472
459580,459586,460112,6,526,2,7200,1.01140684411
459601,459609,460135,8,526,2,7200,1.01520912548
459632,459639,460182,7,543,2,7200,1.01289134438
459647,459655,460202,8,547,2,7200,1.01462522852
459663,459671,460203,8,532,2,7200,1.01503759398
459665,459678,460229,13,551,2,7200,1.02359346642
459666,459683,460192,17,509,2,7200,1.03339882122
459668,459689,460225,21,536,2,7200,1.03917910448
459689,459696,460235,7,539,2,7200,1.01298701299
459704,459711,460232,7,521,2,7200,1.01343570058
459720,459727,460274,7,547,2,7200,1.01279707495
459722,459734,460280,12,546,2,7200,1.02197802198
459740,459747,460305,7,558,2,7200,1.01254480287
459765,459771,460308,6,537,2,7200,1.01117318436
459781,459787,460350,6,563,2,7200,1.01065719361
459782,459793,460346,11,553,2,7200,1.0198915009
459798,459804,460336,6,532,2,7200,1.01127819549
459799,459811,460365,12,554,2,7200,1.02166064982
459801,459816,460365,15,549,2,7200,1.02732240437
459829,459835,460397,6,562,2,7200,1.01067615658
459844,459851,460401,7,550,2,7200,1.01272727273
459862,459869,460399,7,530,2,7200,1.01320754717
459878,459885,460442,7,557,2,7200,1.01256732496
459879,459892,460416,13,524,2,7200,1.02480916031
459881,459897,460439,16,542,2,7200,1.0295202952
459896,459904,460445,8,541,2,7200,1.01478743068
459897,459909,460457,12,548,2,7200,1.02189781022
459913,459919,460464,6,545,2,7200,1.01100917431
459929,459935,460459,6,524,2,7200,1.01145038168
459930,459943,460472,13,529,2,7200,1.02457466919
459946,459952,460460,6,508,2,7200,1.01181102362
459947,459958,460472,11,514,2,7200,1.02140077821
459962,459969,460472,7,503,2,7200,1.01391650099
459977,459985,460472,8,487,2,7200,1.01642710472
459993,459999,460472,6,473,2,7200,1.01268498943
460085,460092,460473,7,381,2,7200,1.01837270341
460100,460106,460473,6,367,2,7200,1.01634877384
460102,460113,460473,11,360,2,7200,1.03055555556
460120,460126,460473,6,347,2,7200,1.01729106628
460122,460133,460473,11,340,2,7200,1.03235294118
460123,460138,460473,15,335,2,7200,1.0447761194
460138,460144,460473,6,329,2,7200,1.01823708207
460184,460190,460473,6,283,2,7200,1.02120141343
460199,460207,460473,8,266,2,7200,1.03007518797
460215,460222,460473,7,251,2,7200,1.02788844622
460216,460229,460473,13,244,2,7200,1.05327868852
460232,460239,460473,7,234,2,7200,1.02991452991
460234,460246,460473,12,227,2,7200,1.05286343612
460235,460251,460473,16,222,2,7200,1.07207207207
460251,460258,460473,7,215,2,7200,1.03255813953
460275,460282,460473,7,191,2,7200,1.03664921466
460290,460297,460473,7,176,2,7200,1.03977272727
460306,460312,460473,6,161,2,7200,1.03726708075
460321,460328,460473,7,145,2,7200,1.04827586207
460340,460346,460473,6,127,2,7200,1.04724409449
460355,460362,460473,7,111,2,7200,1.06306306306
460357,460369,460473,12,104,2,7200,1.11538461538
460372,460379,460473,7,94,2,7200,1.07446808511
460374,460385,460473,11,88,2,7200,1.125
460399,460405,460473,6,68,2,7200,1.08823529412
460654,460660,466930,6,6270,1,7200,1.0009569378
460747,460754,460892,7,138,1,3600,1.05072463768
460808,460814,460847,6,33,2,7200,1.18181818182
460809,460820,460853,11,33,2,7200,1.33333333333
460811,460826,460858,15,32,2,7200,1.46875
460812,460831,460863,19,32,2,7200,1.59375
460814,460836,460871,22,35,2,7200,1.62857142857
460815,460843,460876,28,33,2,7200,1.84848484848
460817,460849,460881,32,32,2,7200,2.0
460818,460854,460886,36,32,2,7200,2.125
460820,460860,460892,40,32,2,7200,2.25
460824,460865,460897,41,32,2,7200,2.28125
460826,460870,460903,44,33,2,7200,2.33333333333
461131,461137,461655,6,518,2,7200,1.01158301158
461133,461143,461644,10,501,2,7200,1.01996007984
461134,461149,461627,15,478,2,7200,1.03138075314
461135,461154,461673,19,519,2,7200,1.0366088632
461137,461159,461669,22,510,2,7200,1.0431372549
461138,461165,461673,27,508,2,7200,1.0531496063
461140,461171,461685,31,514,2,7200,1.06031128405
461141,461176,461682,35,506,2,7200,1.06916996047
461143,461181,461666,38,485,2,7200,1.07835051546
461144,461187,461703,43,516,2,7200,1.08333333333
461145,461192,461670,47,478,2,7200,1.09832635983
461147,461197,461703,50,506,2,7200,1.09881422925
461148,461203,461703,55,500,2,7200,1.11
461150,461208,461701,58,493,2,7200,1.11764705882
461151,461213,461734,62,521,2,7200,1.11900191939
461152,461219,461699,67,480,2,7200,1.13958333333
461154,461224,461730,70,506,2,7200,1.13833992095
461155,461229,461749,74,520,2,7200,1.14230769231
461157,461235,461744,78,509,2,7200,1.15324165029
461158,461240,461768,82,528,2,7200,1.1553030303
461159,461245,461735,86,490,2,7200,1.17551020408
461161,461252,461746,91,494,2,7200,1.18421052632
461162,461257,461759,95,502,2,7200,1.18924302789
461164,461262,461740,98,478,2,7200,1.2050209205
461165,461267,461775,102,508,2,7200,1.20078740157
461166,461273,461808,107,535,2,7200,1.2
461168,461278,461804,110,526,2,7200,1.20912547529
461169,461284,461774,115,490,2,7200,1.23469387755
461170,461289,461798,119,509,2,7200,1.23379174853
461172,461294,461808,122,514,2,7200,1.2373540856
461173,461300,461805,127,505,2,7200,1.25148514851
461175,461305,461814,130,509,2,7200,1.25540275049
461176,461310,461786,134,476,2,7200,1.28151260504
461177,461316,461818,139,502,2,7200,1.27689243028
461179,461321,461852,142,531,2,7200,1.26741996234
461180,461326,461827,146,501,2,7200,1.29141716567
461182,461332,461838,150,506,2,7200,1.29644268775
461183,461337,461844,154,507,2,7200,1.30374753452
461185,461342,461837,157,495,2,7200,1.31717171717
461186,461348,461858,162,510,2,7200,1.31764705882
461629,461635,461973,6,338,2,7200,1.01775147929
461647,461653,461973,6,320,2,7200,1.01875
461661,461667,461973,6,306,2,7200,1.01960784314
461676,461682,461973,6,291,2,7200,1.0206185567
461678,461689,461973,11,284,2,7200,1.03873239437
461679,461694,461973,15,279,2,7200,1.05376344086
461681,461700,461973,19,273,2,7200,1.0695970696
461682,461705,461973,23,268,2,7200,1.08582089552
461697,461712,461973,15,261,2,7200,1.05747126437
461698,461717,461973,19,256,2,7200,1.07421875
461714,461724,461973,10,249,2,7200,1.04016064257
461715,461729,461973,14,244,2,7200,1.05737704918
461717,461735,461973,18,238,2,7200,1.0756302521
461718,461741,461973,23,232,2,7200,1.09913793103
461720,461746,461973,26,227,2,7200,1.11453744493
461735,461751,461973,16,222,2,7200,1.07207207207
461736,461758,461973,22,215,2,7200,1.1023255814
461752,461763,461973,11,210,2,7200,1.05238095238
461753,461770,461973,17,203,2,7200,1.08374384236
461755,461775,461974,20,199,2,7200,1.10050251256
461756,461781,461974,25,193,2,7200,1.12953367876
461757,461786,461974,29,188,2,7200,1.15425531915
461772,461793,461974,21,181,2,7200,1.11602209945
461774,461798,461974,24,176,2,7200,1.13636363636
461789,461805,461974,16,169,2,7200,1.09467455621
461790,461810,461974,20,164,2,7200,1.12195121951
461792,461815,461974,23,159,2,7200,1.14465408805
461807,461822,461974,15,152,2,7200,1.09868421053
461809,461827,461974,18,147,2,7200,1.12244897959
461810,461833,461974,23,141,2,7200,1.16312056738
461825,461840,461974,15,134,2,7200,1.11194029851
461827,461845,461974,18,129,2,7200,1.13953488372
461828,461850,461974,22,124,2,7200,1.17741935484
461829,461856,461974,27,118,2,7200,1.22881355932
461845,461863,461974,18,111,2,7200,1.16216216216
461846,461868,461974,22,106,2,7200,1.20754716981
461848,461873,461974,25,101,2,7200,1.24752475248
461849,461879,461974,30,95,2,7200,1.31578947368
461864,461886,461974,22,88,2,7200,1.25
461865,461891,461974,26,83,2,7200,1.31325301205
462098,462105,462609,7,504,2,7200,1.01388888889
462133,462140,462667,7,527,2,7200,1.01328273245
462135,462147,462649,12,502,2,7200,1.02390438247
462136,462153,462674,17,521,2,7200,1.03262955854
462138,462158,462682,20,524,2,7200,1.03816793893
462139,462164,462687,25,523,2,7200,1.04780114723
462140,462169,462686,29,517,2,7200,1.05609284333
462142,462176,462703,34,527,2,7200,1.06451612903
462143,462181,462667,38,486,2,7200,1.07818930041
462145,462186,462691,41,505,2,7200,1.08118811881
462146,462192,462702,46,510,2,7200,1.09019607843
462147,462197,462697,50,500,2,7200,1.1
462149,462203,462713,54,510,2,7200,1.10588235294
462150,462208,462723,58,515,2,7200,1.11262135922
462152,462213,462705,61,492,2,7200,1.12398373984
462153,462219,462740,66,521,2,7200,1.12667946257
462155,462224,462718,69,494,2,7200,1.13967611336
462156,462229,462746,73,517,2,7200,1.14119922631
462158,462235,462738,77,503,2,7200,1.15308151093
462159,462240,462740,81,500,2,7200,1.162
462160,462246,462767,86,521,2,7200,1.1650671785
462162,462251,462747,89,496,2,7200,1.17943548387
462163,462256,462772,93,516,2,7200,1.18023255814
462165,462262,462774,97,512,2,7200,1.189453125
462166,462267,462790,101,523,2,7200,1.1931166348
462167,462272,462797,105,525,2,7200,1.2
462169,462278,462781,109,503,2,7200,1.21669980119
462170,462284,462815,114,531,2,7200,1.21468926554
462172,462290,462761,118,471,2,7200,1.25053078556
462173,462295,462805,122,510,2,7200,1.23921568627
462175,462301,462821,126,520,2,7200,1.24230769231
462176,462306,462797,130,491,2,7200,1.26476578411
462178,462311,462816,133,505,2,7200,1.26336633663
462179,462317,462829,138,512,2,7200,1.26953125
462180,462322,462849,142,527,2,7200,1.26944971537
462182,462328,462862,146,534,2,7200,1.2734082397
462183,462333,462857,150,524,2,7200,1.28625954198
462184,462338,462850,154,512,2,7200,1.30078125
462186,462344,462839,158,495,2,7200,1.31919191919
462187,462349,462884,162,535,2,7200,1.30280373832
462611,462618,463110,7,492,2,7200,1.01422764228
462650,462658,463161,8,503,2,7200,1.01590457256
462668,462675,463196,7,521,2,7200,1.01343570058
462670,462682,463196,12,514,2,7200,1.0233463035
462685,462691,463207,6,516,2,7200,1.01162790698
462686,462699,463232,13,533,2,7200,1.0243902439
462704,462710,463232,6,522,2,7200,1.01149425287
462706,462717,463260,11,543,2,7200,1.02025782689
462707,462723,463231,16,508,2,7200,1.03149606299
462708,462728,463247,20,519,2,7200,1.03853564547
462710,462733,463253,23,520,2,7200,1.04423076923
462711,462741,463266,30,525,2,7200,1.05714285714
462713,462746,463264,33,518,2,7200,1.06370656371
462729,462752,463256,23,504,2,7200,1.04563492063
462730,462757,463274,27,517,2,7200,1.05222437137
462732,462763,463278,31,515,2,7200,1.06019417476
462747,462770,463301,23,531,2,7200,1.04331450094
462749,462775,463319,26,544,2,7200,1.04779411765
462750,462781,463310,31,529,2,7200,1.05860113422
462752,462786,463331,34,545,2,7200,1.0623853211
462753,462792,463300,39,508,2,7200,1.07677165354
462768,462799,463315,31,516,2,7200,1.06007751938
462770,462804,463344,34,540,2,7200,1.06296296296
462785,462810,463347,25,537,2,7200,1.04655493482
462786,462815,463326,29,511,2,7200,1.05675146771
462788,462821,463358,33,537,2,7200,1.06145251397
462803,462828,463336,25,508,2,7200,1.04921259843
462804,462833,463351,29,518,2,7200,1.05598455598
462805,462839,463368,34,529,2,7200,1.06427221172
462821,462844,463353,23,509,2,7200,1.04518664047
462823,462851,463366,28,515,2,7200,1.05436893204
462824,462856,463375,32,519,2,7200,1.06165703276
462839,462862,463389,23,527,2,7200,1.04364326376
462841,462867,463385,26,518,2,7200,1.05019305019
462856,462874,463381,18,507,2,7200,1.03550295858
462857,462879,463378,22,499,2,7200,1.04408817635
462859,462884,463425,25,541,2,7200,1.04621072089
462874,462892,463419,18,527,2,7200,1.03415559772
462875,462897,463447,22,550,2,7200,1.04
462890,462904,463461,14,557,2,7200,1.02513464991
463111,463118,463642,7,524,2,7200,1.01335877863
463162,463170,463706,8,536,2,7200,1.01492537313
463199,463206,463708,7,502,2,7200,1.01394422311
463200,463213,463744,13,531,2,7200,1.02448210923
463215,463222,463741,7,519,2,7200,1.01348747592
463233,463240,463741,7,501,2,7200,1.01397205589
463235,463247,463785,12,538,2,7200,1.02230483271
463236,463252,463811,16,559,2,7200,1.02862254025
463251,463259,463778,8,519,2,7200,1.01541425819
463267,463274,463825,7,551,2,7200,1.01270417423
463268,463281,463821,13,540,2,7200,1.02407407407
463269,463286,463820,17,534,2,7200,1.03183520599
463271,463292,463821,21,529,2,7200,1.03969754253
463272,463297,463818,25,521,2,7200,1.04798464491
463287,463304,463873,17,569,2,7200,1.02987697715
463289,463309,463824,20,515,2,7200,1.03883495146
463304,463316,463851,12,535,2,7200,1.02242990654
463305,463321,463869,16,548,2,7200,1.02919708029
463320,463328,463871,8,543,2,7200,1.01473296501
463322,463334,463873,12,539,2,7200,1.02226345083
463323,463341,463855,18,514,2,7200,1.03501945525
463338,463348,463867,10,519,2,7200,1.01926782274
463340,463353,463887,13,534,2,7200,1.02434456929
463341,463359,463883,18,524,2,7200,1.03435114504
463357,463366,463886,9,520,2,7200,1.01730769231
463358,463372,463889,14,517,2,7200,1.02707930368
463360,463379,463892,19,513,2,7200,1.03703703704
463361,463384,463886,23,502,2,7200,1.04581673307
463377,463391,463932,14,541,2,7200,1.0258780037
463378,463396,463944,18,548,2,7200,1.03284671533
463380,463402,463906,22,504,2,7200,1.04365079365
463381,463407,463941,26,534,2,7200,1.04868913858
463396,463414,463962,18,548,2,7200,1.03284671533
463398,463419,463966,21,547,2,7200,1.03839122486
463399,463425,463909,26,484,2,7200,1.05371900826
463401,463430,463977,29,547,2,7200,1.05301645338
463421,463437,463970,16,533,2,7200,1.03001876173
463436,463444,463965,8,521,2,7200,1.01535508637
463451,463458,464001,7,543,2,7200,1.01289134438
463466,463473,464007,7,534,2,7200,1.01310861423
463645,463651,464179,6,528,2,7200,1.01136363636
463709,463716,464279,7,563,2,7200,1.01243339254
463710,463723,464271,13,548,2,7200,1.02372262774
463743,463749,464278,6,529,2,7200,1.01134215501
463745,463756,464285,11,529,2,7200,1.02079395085
463759,463766,464294,7,528,2,7200,1.01325757576
463780,463787,464308,7,521,2,7200,1.01343570058
463795,463802,464344,7,542,2,7200,1.01291512915
463813,463819,464364,6,545,2,7200,1.01100917431
463828,463834,464389,6,555,2,7200,1.01081081081
463830,463841,464377,11,536,2,7200,1.02052238806
463831,463846,464350,15,504,2,7200,1.02976190476
463833,463852,464424,19,572,2,7200,1.03321678322
463834,463857,464409,23,552,2,7200,1.04166666667
463835,463864,464397,29,533,2,7200,1.05440900563
463853,463869,464394,16,525,2,7200,1.03047619048
463868,463876,464407,8,531,2,7200,1.01506591337
463869,463881,464423,12,542,2,7200,1.0221402214
463885,463891,464442,6,551,2,7200,1.0108892922
463887,463898,464419,11,521,2,7200,1.02111324376
463888,463903,464467,15,564,2,7200,1.02659574468
463890,463909,464481,19,572,2,7200,1.03321678322
463891,463914,464457,23,543,2,7200,1.0423572744
463904,463953,474121,49,10168,1,28800,1.00481904013
463907,463921,464473,14,552,2,7200,1.02536231884
463908,463926,464481,18,555,2,7200,1.03243243243
463910,463931,464498,21,567,2,7200,1.03703703704
463911,463937,464508,26,571,2,7200,1.04553415061
463912,463942,464482,30,540,2,7200,1.05555555556
463914,463947,464520,33,573,2,7200,1.05759162304
463929,463960,464493,31,533,2,7200,1.05816135084
463944,463965,464479,21,514,2,7200,1.04085603113
463945,463973,464539,28,566,2,7200,1.04946996466
463960,463980,464509,20,529,2,7200,1.03780718336
463975,463987,464526,12,539,2,7200,1.02226345083
463977,463992,464544,15,552,2,7200,1.02717391304
463978,463998,464537,20,539,2,7200,1.03710575139
463980,464003,464519,23,516,2,7200,1.04457364341
463994,464010,464558,16,548,2,7200,1.02919708029
464010,464017,464596,7,579,2,7200,1.01208981002
464011,464023,464559,12,536,2,7200,1.0223880597
464181,464188,464738,7,550,2,7200,1.01272727273
464274,464281,464818,7,537,2,7200,1.01303538175
464289,464296,464840,7,544,2,7200,1.01286764706
464290,464302,464853,12,551,2,7200,1.02177858439
464292,464308,464868,16,560,2,7200,1.02857142857
464306,464315,464872,9,557,2,7200,1.01615798923
464321,464328,464904,7,576,2,7200,1.01215277778
464345,464352,464889,7,537,2,7200,1.01303538175
464360,464366,464881,6,515,2,7200,1.01165048544
464375,464381,464903,6,522,2,7200,1.01149425287
464389,464397,464953,8,556,2,7200,1.01438848921
464391,464403,464944,12,541,2,7200,1.02218114603
464407,464414,464972,7,558,2,7200,1.01254480287
464408,464420,464952,12,532,2,7200,1.02255639098
464423,464430,464998,7,568,2,7200,1.01232394366
464425,464437,464996,12,559,2,7200,1.02146690519
464427,464442,464965,15,523,2,7200,1.02868068834
464428,464448,465015,20,567,2,7200,1.03527336861
464443,464455,465013,12,558,2,7200,1.02150537634
464444,464460,465044,16,584,2,7200,1.02739726027
464459,464466,464990,7,524,2,7200,1.01335877863
464474,464480,465025,6,545,2,7200,1.01100917431
464476,464487,465056,11,569,2,7200,1.01933216169
464490,464497,465046,7,549,2,7200,1.01275045537
464492,464503,465040,11,537,2,7200,1.02048417132
464493,464509,465069,16,560,2,7200,1.02857142857
464495,464514,465062,19,548,2,7200,1.03467153285
464510,464521,465084,11,563,2,7200,1.01953818828
464511,464526,465036,15,510,2,7200,1.02941176471
464513,464532,465090,19,558,2,7200,1.03405017921
464514,464537,465070,23,533,2,7200,1.04315196998
464530,464544,465110,14,566,2,7200,1.02473498233
464531,464549,465100,18,551,2,7200,1.03266787659
464532,464554,465112,22,558,2,7200,1.0394265233
464547,464562,465131,15,569,2,7200,1.02636203866
464549,464567,465094,18,527,2,7200,1.03415559772
464550,464573,465130,23,557,2,7200,1.04129263914
464565,464580,465144,15,564,2,7200,1.02659574468
464566,464585,465058,19,473,2,7200,1.04016913319
464596,464603,465167,7,564,2,7200,1.01241134752
464739,464745,465303,6,558,2,7200,1.01075268817
464820,464827,465395,7,568,2,7200,1.01232394366
464841,464848,465428,7,580,2,7200,1.01206896552
464856,464863,465423,7,560,2,7200,1.0125
464870,464877,465411,7,534,2,7200,1.01310861423
464885,464892,465468,7,576,2,7200,1.01215277778
464887,464898,465468,11,570,2,7200,1.01929824561
464902,464908,465486,6,578,2,7200,1.01038062284
464917,464924,465483,7,559,2,7200,1.01252236136
464918,464931,465488,13,557,2,7200,1.02333931777
464945,464951,465527,6,576,2,7200,1.01041666667
464960,464966,465484,6,518,2,7200,1.01158301158
464962,464974,465543,12,569,2,7200,1.02108963093
464977,464984,465531,7,547,2,7200,1.01279707495
464978,464991,465549,13,558,2,7200,1.02329749104
464993,464999,465552,6,553,2,7200,1.01084990958
465008,465015,465590,7,575,2,7200,1.01217391304
465009,465022,465589,13,567,2,7200,1.02292768959
465024,465031,465598,7,567,2,7200,1.01234567901
465026,465038,465586,12,548,2,7200,1.02189781022
465041,465048,465610,7,562,2,7200,1.01245551601
465043,465055,465607,12,552,2,7200,1.02173913043
465044,465060,465579,16,519,2,7200,1.03082851638
465059,465067,465632,8,565,2,7200,1.01415929204
465061,465073,465626,12,553,2,7200,1.02169981917
465062,465079,465647,17,568,2,7200,1.02992957746
465064,465084,465651,20,567,2,7200,1.03527336861
465079,465091,465637,12,546,2,7200,1.02197802198
465080,465096,465651,16,555,2,7200,1.02882882883
465081,465101,465653,20,552,2,7200,1.03623188406
465097,465109,465657,12,548,2,7200,1.02189781022
465098,465114,465687,16,573,2,7200,1.02792321117
465099,465120,465664,21,544,2,7200,1.03860294118
465114,465127,465694,13,567,2,7200,1.02292768959
465116,465132,465699,16,567,2,7200,1.02821869489
465117,465138,465675,21,537,2,7200,1.03910614525
465132,465145,465712,13,567,2,7200,1.02292768959
465134,465150,465704,16,554,2,7200,1.02888086643
465148,465157,465739,9,582,2,7200,1.01546391753
465169,465176,465755,7,579,2,7200,1.01208981002
465303,465309,465858,6,549,2,7200,1.01092896175
465397,465404,465961,7,557,2,7200,1.01256732496
465414,465421,465985,7,564,2,7200,1.01241134752
465429,465437,465996,8,559,2,7200,1.01431127013
465431,465442,466010,11,568,2,7200,1.01936619718
465470,465477,466030,7,553,2,7200,1.01265822785
465471,465484,466035,13,551,2,7200,1.02359346642
465486,465494,466024,8,530,2,7200,1.01509433962
465488,465501,466047,13,546,2,7200,1.02380952381
465503,465509,466050,6,541,2,7200,1.01109057301
465504,465516,466060,12,544,2,7200,1.02205882353
465528,465535,466094,7,559,2,7200,1.01252236136
465543,465549,466112,6,563,2,7200,1.01065719361
465558,465565,466099,7,534,2,7200,1.01310861423
465560,465572,466121,12,549,2,7200,1.0218579235
465561,465577,466107,16,530,2,7200,1.03018867925
465582,465589,466171,7,582,2,7200,1.01202749141
465597,465605,466142,8,537,2,7200,1.01489757914
465599,465612,466190,13,578,2,7200,1.02249134948
465600,465617,466165,17,548,2,7200,1.03102189781
465615,465624,466169,9,545,2,7200,1.01651376147
465617,465629,466207,12,578,2,7200,1.02076124567
465618,465636,466196,18,560,2,7200,1.03214285714
465633,465643,466217,10,574,2,7200,1.01742160279
465634,465648,466212,14,564,2,7200,1.02482269504
465649,465656,466238,7,582,2,7200,1.01202749141
465651,465663,466240,12,577,2,7200,1.02079722704
465666,465673,466223,7,550,2,7200,1.01272727273
465668,465679,466242,11,563,2,7200,1.01953818828
465669,465685,466260,16,575,2,7200,1.02782608696
465670,465690,466247,20,557,2,7200,1.03590664273
465672,465695,466256,23,561,2,7200,1.04099821747
465687,465703,466252,16,549,2,7200,1.029143898
465702,465709,466278,7,569,2,7200,1.01230228471
465703,465715,466288,12,573,2,7200,1.02094240838
465705,465722,466266,17,544,2,7200,1.03125
465720,465729,466272,9,543,2,7200,1.01657458564
465721,465734,466279,13,545,2,7200,1.02385321101
465742,465748,466292,6,544,2,7200,1.01102941176
465758,465765,466328,7,563,2,7200,1.01243339254
465861,465867,466429,6,562,2,7200,1.01067615658
465913,465920,466513,7,593,4,3540,1.01180438449
465943,465951,466637,8,686,4,3540,1.01166180758
465961,465967,466534,6,567,2,7200,1.01058201058
465963,465974,466626,11,652,4,3540,1.01687116564
465978,465984,466664,6,680,4,3540,1.00882352941
465988,465995,466537,7,542,2,7200,1.01291512915
466003,466009,466545,6,536,2,7200,1.01119402985
466006,466016,466696,10,680,4,3540,1.01470588235
466018,466025,466564,7,539,2,7200,1.01298701299
466028,466035,466687,7,652,4,3540,1.01073619632
466033,466042,466585,9,543,2,7200,1.01657458564
466034,466047,466600,13,553,2,7200,1.02350813743
466049,466056,466619,7,563,2,7200,1.01243339254
466051,466062,466627,11,565,2,7200,1.01946902655
466066,466073,466651,7,578,2,7200,1.01211072664
466067,466079,466656,12,577,2,7200,1.02079722704
466097,466103,466671,6,568,2,7200,1.01056338028
466112,466119,466679,7,560,2,7200,1.0125
466114,466126,466713,12,587,2,7200,1.02044293015
466115,466131,466639,16,508,2,7200,1.03149606299
466130,466138,466673,8,535,2,7200,1.01495327103
466134,466145,466754,11,609,4,3540,1.01806239737
466145,466151,466692,6,541,2,7200,1.01109057301
466161,466168,466772,7,604,4,3540,1.01158940397
466166,466174,466747,8,573,2,7200,1.01396160558
466181,466188,466753,7,565,2,7200,1.01238938053
466182,466194,466738,12,544,2,7200,1.02205882353
466197,466204,466741,7,537,2,7200,1.01303538175
466199,466212,466761,13,549,2,7200,1.02367941712
466214,466222,466779,8,557,2,7200,1.01436265709
466216,466228,466798,12,570,2,7200,1.02105263158
466231,466238,466811,7,573,2,7200,1.01221640489
466232,466244,466805,12,561,2,7200,1.02139037433
466248,466254,466808,6,554,2,7200,1.01083032491
466250,466262,466807,12,545,2,7200,1.02201834862
466251,466267,466834,16,567,2,7200,1.02821869489
466253,466273,466846,20,573,2,7200,1.03490401396
466268,466280,466825,12,545,2,7200,1.02201834862
466269,466285,466850,16,565,2,7200,1.02831858407
466271,466291,466799,20,508,2,7200,1.03937007874
466272,466296,466855,24,559,2,7200,1.04293381038
466288,466303,466873,15,570,2,7200,1.02631578947
466289,466308,466867,19,559,2,7200,1.03398926655
466291,466314,466881,23,567,2,7200,1.0405643739
466306,466321,466848,15,527,2,7200,1.0284629981
466307,466326,466865,19,539,2,7200,1.03525046382
466331,466337,466886,6,549,2,7200,1.01092896175
466431,466438,466987,7,549,2,7200,1.01275045537
466537,466544,467088,7,544,2,7200,1.01286764706
466552,466559,467107,7,548,2,7200,1.01277372263
466553,466566,467130,13,564,2,7200,1.02304964539
466568,466574,467134,6,560,2,7200,1.01071428571
466586,466592,467167,6,575,2,7200,1.01043478261
466601,466608,467188,7,580,2,7200,1.01206896552
466622,466628,467139,6,511,2,7200,1.01174168297
466636,466644,467173,8,529,2,7200,1.01512287335
466651,466658,467224,7,566,2,7200,1.01236749117
466653,466665,467220,12,555,2,7200,1.02162162162
466668,466675,467237,7,562,2,7200,1.01245551601
466683,466690,467256,7,566,2,7200,1.01236749117
466685,466697,467254,12,557,2,7200,1.02154398564
466686,466702,467261,16,559,2,7200,1.02862254025
466701,466709,467271,8,562,2,7200,1.01423487544
466716,466722,467287,6,565,2,7200,1.01061946903
466740,466747,467293,7,546,2,7200,1.01282051282
466755,466761,467329,6,568,2,7200,1.01056338028
466756,466768,467316,12,548,2,7200,1.02189781022
466758,466773,467322,15,549,2,7200,1.02732240437
466773,466780,467342,7,562,2,7200,1.01245551601
466787,466794,467365,7,571,2,7200,1.0122591944
466802,466809,467367,7,558,2,7200,1.01254480287
466804,466816,467362,12,546,2,7200,1.02197802198
466819,466825,467395,6,570,2,7200,1.01052631579
466821,466832,467403,11,571,2,7200,1.01926444834
466822,466838,467382,16,544,2,7200,1.02941176471
466824,466843,467429,19,586,2,7200,1.03242320819
466839,466851,467412,12,561,2,7200,1.02139037433
466840,466856,467420,16,564,2,7200,1.02836879433
466856,466863,467429,7,566,2,7200,1.01236749117
466857,466870,467425,13,555,2,7200,1.02342342342
466858,466875,467409,17,534,2,7200,1.03183520599
466860,466881,467440,21,559,2,7200,1.03756708408
466875,466888,467455,13,567,2,7200,1.02292768959
466877,466893,467464,16,571,2,7200,1.02802101576
466878,466899,467457,21,558,2,7200,1.0376344086
466893,466906,467401,13,495,2,7200,1.02626262626
466894,466911,467481,17,570,2,7200,1.0298245614
466988,466995,467574,7,579,2,7200,1.01208981002
467088,467095,467605,7,510,2,7200,1.0137254902
467109,467117,467681,8,564,2,7200,1.01418439716
467130,467138,467694,8,556,2,7200,1.01438848921
467145,467152,467726,7,574,2,7200,1.01219512195
467147,467159,467734,12,575,2,7200,1.02086956522
467168,467174,467753,6,579,2,7200,1.0103626943
467182,467190,467758,8,568,2,7200,1.01408450704
467197,467203,467759,6,556,2,7200,1.01079136691
467221,467227,467803,6,576,2,7200,1.01041666667
467236,467243,467795,7,552,2,7200,1.01268115942
467238,467250,467804,12,554,2,7200,1.02166064982
467256,467262,467828,6,566,2,7200,1.01060070671
467257,467269,467827,12,558,2,7200,1.02150537634
467272,467280,467831,8,551,2,7200,1.01451905626
467274,467287,467859,13,572,2,7200,1.02272727273
467289,467296,467874,7,578,2,7200,1.01211072664
467304,467311,467887,7,576,2,7200,1.01215277778
467319,467325,467892,6,567,2,7200,1.01058201058
467333,467340,467894,7,554,2,7200,1.01263537906
467335,467348,467908,13,560,2,7200,1.02321428571
467350,467356,467916,6,560,2,7200,1.01071428571
467365,467372,467938,7,566,2,7200,1.01236749117
467380,467387,467946,7,559,2,7200,1.01252236136
467381,467393,467957,12,564,2,7200,1.02127659574
467396,467402,467964,6,562,2,7200,1.01067615658
467398,467409,467964,11,555,2,7200,1.01981981982
467413,467420,467987,7,567,2,7200,1.01234567901
467414,467427,467975,13,548,2,7200,1.02372262774
467416,467432,467999,16,567,2,7200,1.02821869489
467417,467438,468004,21,566,2,7200,1.0371024735
467432,467445,467997,13,552,2,7200,1.02355072464
467434,467450,467999,16,549,2,7200,1.029143898
467435,467456,468012,21,556,2,7200,1.03776978417
467437,467461,468024,24,563,2,7200,1.04262877442
467451,467468,468018,17,550,2,7200,1.03090909091
467467,467474,468042,7,568,2,7200,1.01232394366
467468,467480,468020,12,540,2,7200,1.02222222222
467469,467487,468050,18,563,2,7200,1.03197158082
467484,467494,468064,10,570,2,7200,1.01754385965
467575,467582,468127,7,545,2,7200,1.0128440367
467605,467612,468185,7,573,2,7200,1.01221640489
467684,467691,468263,7,572,2,7200,1.01223776224
467699,467705,468276,6,571,2,7200,1.01050788091
467700,467712,469323,12,1611,4,1800,1.00744878957
467729,467736,468298,7,562,2,7200,1.01245551601
467743,467751,468289,8,538,2,7200,1.01486988848
467759,467766,468313,7,547,2,7200,1.01279707495
467760,467773,468328,13,555,2,7200,1.02342342342
467775,467781,468335,6,554,2,7200,1.01083032491
467796,467802,468374,6,572,2,7200,1.01048951049
467811,467818,468393,7,575,2,7200,1.01217391304
467812,467825,468379,13,554,2,7200,1.02346570397
467827,467834,468412,7,578,2,7200,1.01211072664
467842,467849,468412,7,563,2,7200,1.01243339254
467843,467856,468404,13,548,2,7200,1.02372262774
467861,467867,468422,6,555,2,7200,1.01081081081
467876,467883,468434,7,551,2,7200,1.01270417423
467891,467897,468459,6,562,2,7200,1.01067615658
467899,467906,468448,7,542,6,3600,1.01291512915
467906,467912,468477,6,565,2,7200,1.01061946903
467907,467920,468487,13,567,2,7200,1.02292768959
467922,467928,468471,6,543,2,7200,1.01104972376
467924,467935,468499,11,564,2,7200,1.0195035461
467938,467945,468489,7,544,2,7200,1.01286764706
467953,467961,468505,8,544,2,7200,1.01470588235
467968,467975,468522,7,547,2,7200,1.01279707495
467970,467982,468526,12,544,2,7200,1.02205882353
467971,467987,468549,16,562,2,7200,1.02846975089
467986,467994,468573,8,579,2,7200,1.01381692573
468001,468007,468571,6,564,2,7200,1.01063829787
468003,468020,468573,17,553,2,7200,1.03074141049
468004,468026,468596,22,570,2,7200,1.03859649123
468005,468015,473875,10,5860,12,14400,1.00170648464
468006,468031,468585,25,554,2,7200,1.04512635379
468021,468038,468575,17,537,2,7200,1.03165735568
468022,468043,468595,21,552,2,7200,1.03804347826
468024,468049,468617,25,568,2,7200,1.04401408451
468025,468054,468599,29,545,2,7200,1.05321100917
468040,468061,468574,21,513,2,7200,1.04093567251
468055,468068,468631,13,563,2,7200,1.02309058615
468057,468073,468632,16,559,2,7200,1.02862254025
468071,468079,468637,8,558,2,7200,1.01433691756
468129,468136,468703,7,567,2,7200,1.01234567901
468131,468143,481401,12,13258,20,86399,1.00090511389
468186,468192,468757,6,565,2,7200,1.01061946903
468227,468233,468244,6,11,20,86399,1.54545454545
468265,468271,468825,6,554,2,7200,1.01083032491
468280,468287,468844,7,557,2,7200,1.01256732496
468294,468301,468873,7,572,2,7200,1.01223776224
468309,468316,468882,7,566,2,7200,1.01236749117
468324,468331,468894,7,563,2,7200,1.01243339254
468339,468345,468936,6,591,2,7200,1.01015228426
468340,468353,468915,13,562,2,7200,1.0231316726
468376,468382,468919,6,537,2,7200,1.01117318436
468391,468397,468955,6,558,2,7200,1.01075268817
468406,468412,468943,6,531,2,7200,1.01129943503
468407,468418,468971,11,553,2,7200,1.0198915009
468423,468429,469005,6,576,2,7200,1.01041666667
468424,468436,469011,12,575,2,7200,1.02086956522
468425,468441,469011,16,570,2,7200,1.02807017544
468440,468448,469026,8,578,2,7200,1.01384083045
468461,468467,469034,6,567,2,7200,1.01058201058
468476,468483,469037,7,554,2,7200,1.01263537906
468491,468497,469074,6,577,2,7200,1.01039861352
468493,468504,469055,11,551,2,7200,1.01996370236
468494,468509,469079,15,570,2,7200,1.02631578947
468509,468516,469075,7,559,2,7200,1.01252236136
468510,468523,469092,13,569,2,7200,1.02284710018
468525,468532,469081,7,549,2,7200,1.01275045537
468540,468547,469107,7,560,2,7200,1.0125
468554,468562,469108,8,546,2,7200,1.01465201465
468572,468579,469118,7,539,2,7200,1.01298701299
468588,468595,469139,7,544,2,7200,1.01286764706
468589,468602,469089,13,487,2,7200,1.02669404517
468590,468607,469170,17,563,2,7200,1.03019538188
468592,468612,469162,20,550,2,7200,1.03636363636
468593,468618,469166,25,548,2,7200,1.04562043796
468598,468625,476792,27,8167,20,86399,1.00330598751
468608,468630,469131,22,501,2,7200,1.04391217565
468610,468635,469217,25,582,2,7200,1.04295532646
468611,468641,469209,30,568,2,7200,1.05281690141
468626,468652,469211,26,559,2,7200,1.04651162791
468637,468647,471973,10,3326,6,3600,1.00300661455
468641,468658,469211,17,553,2,7200,1.03074141049
468642,468664,469209,22,545,2,7200,1.04036697248
468643,468670,469232,27,562,2,7200,1.04804270463
468704,468711,469269,7,558,2,7200,1.01254480287
468758,468764,469324,6,560,2,7200,1.01071428571
468828,468834,469402,6,568,2,7200,1.01056338028
468846,468853,469398,7,545,2,7200,1.0128440367
468875,468883,469422,8,539,2,7200,1.01484230056
468890,468896,469457,6,561,2,7200,1.01069518717
468905,468912,469468,7,556,2,7200,1.01258992806
468920,468926,469484,6,558,2,7200,1.01075268817
468921,468933,469475,12,542,2,7200,1.0221402214
468936,468942,469522,6,580,2,7200,1.01034482759
468951,468957,469525,6,568,2,7200,1.01056338028
468965,468973,469532,8,559,2,7200,1.01431127013
468980,468987,469548,7,561,2,7200,1.01247771836
469007,469013,469579,6,566,2,7200,1.01060070671
469022,469029,469581,7,552,2,7200,1.01268115942
469023,469035,469586,12,551,2,7200,1.02177858439
469039,469045,469593,6,548,2,7200,1.01094890511
469040,469053,469622,13,569,2,7200,1.02284710018
469041,469058,469603,17,545,2,7200,1.03119266055
469056,469064,469633,8,569,2,7200,1.01405975395
469077,469083,469635,6,552,2,7200,1.01086956522
469079,469090,469659,11,569,2,7200,1.01933216169
469094,469100,469659,6,559,2,7200,1.01073345259
469095,469107,469683,12,576,2,7200,1.02083333333
469097,469112,469690,15,578,2,7200,1.02595155709
469098,469117,469676,19,559,2,7200,1.03398926655
469113,469123,469680,10,557,2,7200,1.01795332136
469115,469129,469706,14,577,2,7200,1.02426343154
469129,469136,469703,7,567,2,7200,1.01234567901
469144,469150,469679,6,529,2,7200,1.01134215501
469146,469158,469718,12,560,2,7200,1.02142857143
469164,469171,469744,7,573,2,7200,1.01221640489
469179,469185,469757,6,572,2,7200,1.01048951049
469180,469193,469764,13,571,2,7200,1.02276707531
469211,469219,469773,8,554,2,7200,1.01444043321
469213,469224,469784,11,560,2,7200,1.01964285714
469214,469231,469793,17,562,2,7200,1.03024911032
469229,469237,469798,8,561,2,7200,1.01426024955
469231,469243,469762,12,519,2,7200,1.02312138728
469245,469252,469821,7,569,2,7200,1.01230228471
469272,469279,469844,7,565,2,7200,1.01238938053
469327,469333,469878,6,545,2,7200,1.01100917431
469399,469406,469955,7,549,2,7200,1.01275045537
469414,469420,469974,6,554,2,7200,1.01083032491
469429,469436,469998,7,562,2,7200,1.01245551601
469459,469466,470035,7,569,2,7200,1.01230228471
469473,469479,470045,6,566,2,7200,1.01060070671
469488,469495,470054,7,559,2,7200,1.01252236136
469490,469502,470054,12,552,2,7200,1.02173913043
469526,469533,470077,7,544,2,7200,1.01286764706
469527,469540,470100,13,560,2,7200,1.02321428571
469542,469548,470115,6,567,2,7200,1.01058201058
469557,469563,470129,6,566,2,7200,1.01060070671
469581,469587,470152,6,565,2,7200,1.01061946903
469582,469594,470152,12,558,2,7200,1.02150537634
469597,469603,470164,6,561,2,7200,1.01069518717
469599,469609,470182,10,573,2,7200,1.01745200698
469613,469621,470182,8,561,2,7200,1.01426024955
469628,469634,470201,6,567,2,7200,1.01058201058
469643,469650,470201,7,551,2,7200,1.01270417423
469644,469656,470217,12,561,2,7200,1.02139037433
469662,469670,470251,8,581,2,7200,1.01376936317
469664,469675,470244,11,569,2,7200,1.01933216169
469679,469685,470249,6,564,2,7200,1.01063829787
469694,469701,470195,7,494,2,7200,1.01417004049
469695,469707,470266,12,559,2,7200,1.02146690519
469697,469713,470277,16,564,2,7200,1.02836879433
469698,469718,470268,20,550,2,7200,1.03636363636
469713,469724,470283,11,559,2,7200,1.01967799642
469714,469730,470306,16,576,2,7200,1.02777777778
469728,469737,470286,9,549,2,7200,1.01639344262
469746,469758,470310,12,552,2,7200,1.02173913043
469746,469752,469804,6,52,4,1800,1.11538461538
469761,469768,470330,7,562,2,7200,1.01245551601
469776,469782,470352,6,570,2,7200,1.01052631579
469777,469789,470356,12,567,2,7200,1.02116402116
469779,469794,470373,15,579,2,7200,1.02590673575
469795,469802,470370,7,568,2,7200,1.01232394366
469797,469809,470374,12,565,2,7200,1.02123893805
469812,469819,470395,7,576,2,7200,1.01215277778
469827,469833,470395,6,562,2,7200,1.01067615658
469828,469840,471674,12,1834,4,1800,1.00654307525
469848,469854,470425,6,571,2,7200,1.01050788091
469881,469887,470459,6,572,2,7200,1.01048951049
469957,469963,470499,6,536,2,7200,1.01119402985
469958,469969,470383,11,414,1,900,1.02657004831
469978,469984,470499,6,515,2,7200,1.01165048544
470001,470008,470499,7,491,2,7200,1.01425661914
470037,470045,470499,8,454,2,7200,1.01762114537
470052,470059,470499,7,440,2,7200,1.01590909091
470067,470074,470499,7,425,2,7200,1.01647058824
470069,470081,470499,12,418,2,7200,1.02870813397
470083,470091,470499,8,408,2,7200,1.01960784314
470101,470109,470499,8,390,2,7200,1.02051282051
470116,470122,470500,6,378,2,7200,1.01587301587
470131,470137,470500,6,363,2,7200,1.01652892562
470155,470161,470500,6,339,2,7200,1.01769911504
470157,470169,470500,12,331,2,7200,1.03625377644
470171,470178,470500,7,322,2,7200,1.02173913043
470186,470194,470500,8,306,2,7200,1.02614379085
470188,470200,470500,12,300,2,7200,1.04
470203,470209,470500,6,291,2,7200,1.0206185567
470205,470217,470500,12,283,2,7200,1.04240282686
470206,470222,470500,16,278,2,7200,1.05755395683
470221,470229,470500,8,271,2,7200,1.0295202952
470245,470251,470500,6,249,2,7200,1.02409638554
470260,470267,470500,7,233,2,7200,1.03004291845
470261,470274,470500,13,226,2,7200,1.05752212389
470276,470282,470500,6,218,2,7200,1.02752293578
470278,470289,470500,11,211,2,7200,1.05213270142
470295,470302,470500,7,198,2,7200,1.03535353535
470297,470308,470500,11,192,2,7200,1.05729166667
470298,470314,470500,16,186,2,7200,1.08602150538
470313,470321,470500,8,179,2,7200,1.04469273743
470315,470326,470500,11,174,2,7200,1.0632183908
470333,470340,470500,7,160,2,7200,1.04375
470354,470361,470500,7,139,2,7200,1.05035971223
470368,470374,470500,6,126,2,7200,1.04761904762
470384,470389,470500,5,111,2,7200,1.04504504505
470385,470397,470500,12,103,2,7200,1.11650485437
470386,470402,470500,16,98,2,7200,1.16326530612
470402,470409,470500,7,91,2,7200,1.07692307692
470403,470415,470500,12,85,2,7200,1.14117647059
470427,470434,470500,7,66,2,7200,1.10606060606
470460,470466,470500,6,34,2,7200,1.17647058824
470686,470692,471255,6,563,2,7200,1.01065719361
470688,470699,471226,11,527,2,7200,1.02087286528
470689,470704,471261,15,557,2,7200,1.02692998205
470690,470709,471274,19,565,2,7200,1.03362831858
470692,470715,471292,23,577,2,7200,1.03986135182
470693,470721,471219,28,498,2,7200,1.0562248996
470695,470726,471298,31,572,2,7200,1.0541958042
470696,470732,471287,36,555,2,7200,1.06486486486
470697,470737,471296,40,559,2,7200,1.07155635063
470699,470743,471237,44,494,2,7200,1.08906882591
470700,470748,471305,48,557,2,7200,1.08617594255
470702,470753,471313,51,560,2,7200,1.09107142857
470703,470759,471310,56,551,2,7200,1.10163339383
470705,470764,471293,59,529,2,7200,1.11153119093
470706,470769,471205,63,436,2,7200,1.14449541284
470708,470775,471346,67,571,2,7200,1.1173380035
470709,470780,471319,71,539,2,7200,1.13172541744
470711,470786,471376,75,590,2,7200,1.12711864407
470712,470791,471356,79,565,2,7200,1.13982300885
470713,470796,471356,83,560,2,7200,1.14821428571
470715,470802,471369,87,567,2,7200,1.15343915344
470716,470808,471334,92,526,2,7200,1.17490494297
470718,470814,471377,96,563,2,7200,1.17051509769
470719,470819,471379,100,560,2,7200,1.17857142857
470720,470824,471395,104,571,2,7200,1.18213660245
470722,470830,471332,108,502,2,7200,1.21513944223
470723,470835,471404,112,569,2,7200,1.19683655536
470725,470841,471373,116,532,2,7200,1.21804511278
470726,470846,471412,120,566,2,7200,1.21201413428
470728,470851,471370,123,519,2,7200,1.23699421965
470730,470857,471421,127,564,2,7200,1.22517730496
470731,470862,471408,131,546,2,7200,1.23992673993
470733,470868,471435,135,567,2,7200,1.2380952381
470734,470873,471446,139,573,2,7200,1.24258289703
470736,470878,471327,142,449,2,7200,1.31625835189
470737,470884,471426,147,542,2,7200,1.27121771218
470738,470889,471432,151,543,2,7200,1.27808471455
470740,470895,471482,155,587,2,7200,1.26405451448
470741,470900,471478,159,578,2,7200,1.27508650519
470743,470905,471472,162,567,2,7200,1.28571428571
471206,471213,471792,7,579,2,7200,1.01208981002
471220,471227,471775,7,548,2,7200,1.01277372263
471235,471241,471801,6,560,2,7200,1.01071428571
471249,471256,471773,7,517,2,7200,1.01353965184
471264,471271,471839,7,568,2,7200,1.01232394366
471266,471278,471823,12,545,2,7200,1.02201834862
471281,471287,471861,6,574,2,7200,1.01045296167
471296,471302,471879,6,577,2,7200,1.01039861352
471297,471309,471841,12,532,2,7200,1.02255639098
471299,471314,471870,15,556,2,7200,1.02697841727
471314,471320,471889,6,569,2,7200,1.01054481547
471316,471327,471884,11,557,2,7200,1.0197486535
471317,471332,471909,15,577,2,7200,1.0259965338
471318,471337,471909,19,572,2,7200,1.03321678322
471320,471342,471901,22,559,2,7200,1.03935599284
471335,471350,471902,15,552,2,7200,1.02717391304
471337,471355,471935,18,580,2,7200,1.03103448276
471338,471360,471937,22,577,2,7200,1.03812824957
471339,471366,471925,27,559,2,7200,1.04830053667
471354,471373,471926,19,553,2,7200,1.03435804702
471369,471379,471932,10,553,2,7200,1.01808318264
471370,471385,471950,15,565,2,7200,1.02654867257
471387,471394,471963,7,569,2,7200,1.01230228471
471388,471401,471856,13,455,2,7200,1.02857142857
471389,471406,471972,17,566,2,7200,1.03003533569
471391,471411,471975,20,564,2,7200,1.03546099291
471392,471417,471978,25,561,2,7200,1.04456327986
471393,471422,471988,29,566,2,7200,1.05123674912
471408,471429,471914,21,485,2,7200,1.04329896907
471410,471434,472012,24,578,2,7200,1.04152249135
471411,471440,472003,29,563,2,7200,1.05150976909
471427,471446,472022,19,576,2,7200,1.03298611111
471428,471451,472019,23,568,2,7200,1.04049295775
471429,471457,472015,28,558,2,7200,1.05017921147
471444,471464,472023,20,559,2,7200,1.03577817531
471445,471469,472035,24,566,2,7200,1.04240282686
471460,471476,472035,16,559,2,7200,1.02862254025
471475,471482,472051,7,569,2,7200,1.01230228471
471490,471497,472059,7,562,2,7200,1.01245551601
471492,471503,472080,11,577,2,7200,1.01906412478
471691,471697,471700,6,3,1,900,1.0
471773,471780,472329,7,549,2,7200,1.01275045537
471788,471795,472368,7,573,2,7200,1.01221640489
471803,471810,472382,7,572,2,7200,1.01223776224
471804,471817,472378,13,561,2,7200,1.02317290553
471825,471832,472395,7,563,2,7200,1.01243339254
471840,471846,472409,6,563,2,7200,1.01065719361
471855,471862,472416,7,554,2,7200,1.01263537906
471870,471876,472440,6,564,2,7200,1.01063829787
471871,471883,472456,12,573,2,7200,1.02094240838
471872,471888,472466,16,578,2,7200,1.0276816609
471887,471895,472464,8,569,2,7200,1.01405975395
471889,471900,472463,11,563,2,7200,1.01953818828
471905,471911,472480,6,569,2,7200,1.01054481547
471906,471918,472486,12,568,2,7200,1.02112676056
471907,471923,472444,16,521,2,7200,1.03071017274
471922,471930,472502,8,572,2,7200,1.01398601399
471924,471935,472507,11,572,2,7200,1.01923076923
471925,471942,472512,17,570,2,7200,1.0298245614
471941,471948,472523,7,575,2,7200,1.01217391304
471942,471953,472535,11,582,2,7200,1.01890034364
471943,471960,472528,17,568,2,7200,1.02992957746
471945,471965,472528,20,563,2,7200,1.03552397869
471946,471970,472535,24,565,2,7200,1.04247787611
471961,471977,472533,16,556,2,7200,1.02877697842
471976,471983,472529,7,546,2,7200,1.01282051282
471977,471989,472547,12,558,2,7200,1.02150537634
471979,471996,472553,17,557,2,7200,1.03052064632
471993,472003,472566,10,563,2,7200,1.01776198934
471995,472008,472584,13,576,2,7200,1.02256944444
472010,472016,472581,6,565,2,7200,1.01061946903
472025,472031,472586,6,555,2,7200,1.01081081081
472026,472038,472598,12,560,2,7200,1.02142857143
472028,472043,472612,15,569,2,7200,1.02636203866
472029,472048,472618,19,570,2,7200,1.03333333333
472030,472054,472623,24,569,2,7200,1.04217926186
472045,472061,472637,16,576,2,7200,1.02777777778
472047,472066,472617,19,551,2,7200,1.03448275862
472061,472073,472641,12,568,2,7200,1.02112676056
472063,472078,472657,15,579,2,7200,1.02590673575
472081,472088,472654,7,566,2,7200,1.01236749117
472332,472338,472919,6,581,2,7200,1.01032702238
472371,472377,472944,6,567,2,7200,1.01058201058
472386,472392,472956,6,564,2,7200,1.01063829787
472387,472398,472944,11,546,2,7200,1.02014652015
472402,472409,472921,7,512,2,7200,1.013671875
472417,472423,472889,6,466,2,7200,1.01287553648
472419,472430,472980,11,550,2,7200,1.02
472443,472450,472990,7,540,2,7200,1.01296296296
472458,472464,473028,6,564,2,7200,1.01063829787
472459,472471,472999,12,528,2,7200,1.02272727273
472474,472480,473043,6,563,2,7200,1.01065719361
472475,472487,473020,12,533,2,7200,1.02251407129
472477,472492,473061,15,569,2,7200,1.02636203866
472492,472499,473042,7,543,2,7200,1.01289134438
472493,472505,473072,12,567,2,7200,1.02116402116
472508,472514,473039,6,525,2,7200,1.01142857143
472509,472521,473080,12,559,2,7200,1.02146690519
472524,472530,473092,6,562,2,7200,1.01067615658
472526,472537,473104,11,567,2,7200,1.01940035273
472541,472547,473113,6,566,2,7200,1.01060070671
472543,472554,473126,11,572,2,7200,1.01923076923
472544,472559,473123,15,564,2,7200,1.02659574468
472545,472564,473123,19,559,2,7200,1.03398926655
472547,472570,473127,23,557,2,7200,1.04129263914
472548,472577,473107,29,530,2,7200,1.05471698113
472563,472582,473077,19,495,2,7200,1.03838383838
472565,472587,473151,22,564,2,7200,1.0390070922
472579,472594,473163,15,569,2,7200,1.02636203866
472594,472601,473153,7,552,2,7200,1.01268115942
472596,472607,473139,11,532,2,7200,1.02067669173
472597,472613,473173,16,560,2,7200,1.02857142857
472612,472620,473186,8,566,2,7200,1.01413427562
472627,472634,473204,7,570,2,7200,1.01228070175
472629,472640,473203,11,563,2,7200,1.01953818828
472630,472646,473214,16,568,2,7200,1.02816901408
472631,472651,473228,20,577,2,7200,1.03466204506
472646,472658,473203,12,545,2,7200,1.02201834862
472648,472663,473213,15,550,2,7200,1.02727272727
472663,472670,473248,7,578,2,7200,1.01211072664
472664,472677,473255,13,578,2,7200,1.02249134948
472892,472899,473446,7,547,2,7200,1.01279707495
472922,472928,473468,6,540,2,7200,1.01111111111
472924,472936,473495,12,559,2,7200,1.02146690519
472945,472951,473502,6,551,2,7200,1.0108892922
472959,472966,473538,7,572,2,7200,1.01223776224
472961,472972,473542,11,570,2,7200,1.01929824561
472982,472988,473550,6,562,2,7200,1.01067615658
472997,473003,473574,6,571,2,7200,1.01050788091
473011,473018,473601,7,583,2,7200,1.01200686106
473026,473032,473605,6,573,2,7200,1.01047120419
473041,473048,473625,7,577,2,7200,1.01213171577
473042,473054,473597,12,543,2,7200,1.02209944751
473057,473064,473629,7,565,2,7200,1.01238938053
473059,473070,473631,11,561,2,7200,1.01960784314
473074,473080,473642,6,562,2,7200,1.01067615658
473075,473086,473661,11,575,2,7200,1.01913043478
473090,473096,473647,6,551,2,7200,1.0108892922
473091,473103,473661,12,558,2,7200,1.02150537634
473106,473113,473682,7,569,2,7200,1.01230228471
473108,473120,473656,12,536,2,7200,1.0223880597
473123,473129,473690,6,561,2,7200,1.01069518717
473124,473136,473688,12,552,2,7200,1.02173913043
473140,473147,473719,7,572,2,7200,1.01223776224
473141,473154,473707,13,553,2,7200,1.02350813743
473142,473159,473695,17,536,2,7200,1.03171641791
473144,473164,473726,20,562,2,7200,1.03558718861
473160,473171,473739,11,568,2,7200,1.01936619718
473162,473176,473741,14,565,2,7200,1.02477876106
473177,473184,473724,7,540,2,7200,1.01296296296
473178,473191,473751,13,560,2,7200,1.02321428571
473193,473200,473651,7,451,2,7200,1.0155210643
473208,473214,473781,6,567,2,7200,1.01058201058
473210,473222,473803,12,581,2,7200,1.02065404475
473211,473227,473782,16,555,2,7200,1.02882882883
473226,473233,473816,7,583,2,7200,1.01200686106
473227,473239,473724,12,485,2,7200,1.02474226804
473242,473248,473811,6,563,2,7200,1.01065719361
473257,473263,473843,6,580,2,7200,1.01034482759
473258,473271,473845,13,574,2,7200,1.02264808362
473446,473453,474007,7,554,2,7200,1.01263537906
473470,473477,474054,7,577,2,7200,1.01213171577
473497,473504,474068,7,564,2,7200,1.01241134752
473512,473519,474089,7,570,2,7200,1.01228070175
473539,473546,474129,7,583,2,7200,1.01200686106
473554,473561,474111,7,550,2,7200,1.01272727273
473555,473568,474143,13,575,2,7200,1.02260869565
473576,473583,474138,7,555,2,7200,1.01261261261
473597,473604,474170,7,566,2,7200,1.01236749117
473612,473618,474184,6,566,2,7200,1.01060070671
473614,473624,474115,10,491,2,7200,1.02036659878
473620,473632,731040,12,257408,3,257400,1.0000466186
473629,473639,474195,10,556,2,7200,1.01798561151
473644,473651,474205,7,554,2,7200,1.01263537906
473645,473657,474223,12,566,2,7200,1.02120141343
473647,473663,474238,16,575,2,7200,1.02782608696
473662,473670,474227,8,557,2,7200,1.01436265709
473664,473675,474246,11,571,2,7200,1.01926444834
473665,473682,474250,17,568,2,7200,1.02992957746
473666,473687,474256,21,569,2,7200,1.03690685413
473668,473693,474258,25,565,2,7200,1.04424778761
473683,473699,474276,16,577,2,7200,1.02772963605
473698,473706,474284,8,578,2,7200,1.01384083045
473699,473711,474282,12,571,2,7200,1.02101576182
473701,473718,474288,17,570,2,7200,1.0298245614
473716,473725,474288,9,563,2,7200,1.01598579041
473731,473738,474295,7,557,2,7200,1.01256732496
473732,473745,474273,13,528,2,7200,1.02462121212
473734,473750,474322,16,572,2,7200,1.02797202797
473735,473755,474316,20,561,2,7200,1.03565062389
473750,473762,474332,12,570,2,7200,1.02105263158
473751,473767,474345,16,578,2,7200,1.0276816609
473766,473774,474338,8,564,2,7200,1.01418439716
473784,473791,474357,7,566,2,7200,1.01236749117
473786,473803,474365,17,562,2,7200,1.03024911032
473787,473798,731216,11,257418,3,257400,1.00004273205
473804,473811,474363,7,552,2,7200,1.01268115942
473819,473825,474394,6,569,2,7200,1.01054481547
473820,473833,474266,13,433,2,7200,1.03002309469
473844,473850,474406,6,556,2,7200,1.01079136691
473859,473865,474424,6,559,2,7200,1.01073345259
474010,474016,474580,6,564,2,7200,1.01063829787
474056,474062,474645,6,583,2,7200,1.0102915952
474071,474078,474602,7,524,2,7200,1.01335877863
474092,474099,474674,7,575,2,7200,1.01217391304
474113,474120,474590,7,470,2,7200,1.01489361702
474127,474134,474711,7,577,2,7200,1.01213171577
474143,474149,474696,6,547,2,7200,1.01096892139
474144,474157,474701,13,544,2,7200,1.02389705882
474159,474165,474724,6,559,2,7200,1.01073345259
474174,474180,474747,6,567,2,7200,1.01058201058
474188,474194,474760,6,566,2,7200,1.01060070671
474203,474210,474765,7,555,2,7200,1.01261261261
474218,474224,474784,6,560,2,7200,1.01071428571
474233,474239,474796,6,557,2,7200,1.01077199282
474234,474245,474695,11,450,2,7200,1.02444444444
474250,474256,474832,6,576,2,7200,1.01041666667
474251,474263,474837,12,574,2,7200,1.02090592334
474252,474268,474846,16,578,2,7200,1.0276816609
474267,474275,474846,8,571,2,7200,1.01401050788
474269,474282,474846,13,564,2,7200,1.02304964539
474270,474287,474830,17,543,2,7200,1.03130755064
474286,474294,474862,8,568,2,7200,1.01408450704
474288,474299,474861,11,562,2,7200,1.01957295374
474289,474306,474861,17,555,2,7200,1.03063063063
474290,474311,474855,21,544,2,7200,1.03860294118
474306,474317,474885,11,568,2,7200,1.01936619718
474307,474323,474904,16,581,2,7200,1.02753872633
474308,474328,474909,20,581,2,7200,1.03442340792
474323,474335,474904,12,569,2,7200,1.02108963093
474325,474340,474914,15,574,2,7200,1.02613240418
474340,474347,474911,7,564,2,7200,1.01241134752
474341,474354,474919,13,565,2,7200,1.02300884956
474356,474363,474951,7,588,2,7200,1.0119047619
474372,474378,474946,6,568,2,7200,1.01056338028
474373,474385,474941,12,556,2,7200,1.02158273381
474374,474391,474970,17,579,2,7200,1.02936096718
474395,474403,474968,8,565,2,7200,1.01415929204
474410,474416,474981,6,565,2,7200,1.01061946903
474425,474432,475009,7,577,2,7200,1.01213171577
474583,474589,475148,6,559,2,7200,1.01073345259
474598,474604,475168,6,564,2,7200,1.01063829787
474612,474619,475186,7,567,2,7200,1.01234567901
474646,474652,475213,6,561,2,7200,1.01069518717
474676,474683,475250,7,567,2,7200,1.01234567901
474697,474703,475270,6,567,2,7200,1.01058201058
474698,474711,475276,13,565,2,7200,1.02300884956
474713,474719,475295,6,576,2,7200,1.01041666667
474715,474726,475245,11,519,2,7200,1.02119460501
474730,474736,475303,6,567,2,7200,1.01058201058
474747,474755,475293,8,538,2,7200,1.01486988848
474762,474769,475313,7,544,2,7200,1.01286764706
474777,474783,475348,6,565,2,7200,1.01061946903
474792,474798,475360,6,562,2,7200,1.01067615658
474807,474814,475391,7,577,2,7200,1.01213171577
474831,474838,475364,7,526,2,7200,1.01330798479
474846,474852,475424,6,572,2,7200,1.01048951049
474847,474859,475423,12,564,2,7200,1.02127659574
474863,474869,475443,6,574,2,7200,1.01045296167
474864,474876,475349,12,473,2,7200,1.02536997886
474866,474881,475452,15,571,2,7200,1.02626970228
474867,474886,475467,19,581,2,7200,1.03270223752
474868,474892,475454,24,562,2,7200,1.04270462633
474870,474899,475477,29,578,2,7200,1.05017301038
474871,474904,475476,33,572,2,7200,1.05769230769
474886,474909,475471,23,562,2,7200,1.0409252669
474904,474916,475480,12,564,2,7200,1.02127659574
474906,474921,475450,15,529,2,7200,1.02835538752
474921,474928,475489,7,561,2,7200,1.01247771836
474922,474934,475501,12,567,2,7200,1.02116402116
474924,474940,475471,16,531,2,7200,1.03013182674
474925,474945,475513,20,568,2,7200,1.03521126761
474943,474952,475531,9,579,2,7200,1.01554404145
474958,474964,475533,6,569,2,7200,1.01054481547
474959,474972,475537,13,565,2,7200,1.02300884956
474974,474980,475540,6,560,2,7200,1.01071428571
474976,474987,475550,11,563,2,7200,1.01953818828
474990,474997,475559,7,562,2,7200,1.01245551601
475011,475018,475585,7,567,2,7200,1.01234567901
475072,475079,490940,7,15861,1,28800,1.00044133409
475148,475154,475716,6,562,2,7200,1.01067615658
475169,475175,475736,6,561,2,7200,1.01069518717
475187,475194,475776,7,582,2,7200,1.01202749141
475214,475220,475777,6,557,2,7200,1.01077199282
475247,475253,475811,6,558,2,7200,1.01075268817
475259,475266,489710,7,14444,1,28800,1.0004846303
475261,475273,475807,12,534,2,7200,1.02247191011
475276,475283,475832,7,549,2,7200,1.01275045537
475278,475290,475873,12,583,2,7200,1.02058319039
475293,475299,475840,6,541,2,7200,1.01109057301
475308,475315,475883,7,568,2,7200,1.01232394366
475309,475321,475886,12,565,2,7200,1.02123893805
475324,475330,475897,6,567,2,7200,1.01058201058
475351,475358,475928,7,570,2,7200,1.01228070175
475353,475365,475937,12,572,2,7200,1.02097902098
475368,475374,475944,6,570,2,7200,1.01052631579
475369,475381,475938,12,557,2,7200,1.02154398564
475393,475399,475967,6,568,2,7200,1.01056338028
475426,475433,475992,7,559,2,7200,1.01252236136
475428,475439,476008,11,569,2,7200,1.01933216169
475446,475453,476016,7,563,2,7200,1.01243339254
475461,475467,476035,6,568,2,7200,1.01056338028
475462,475473,476041,11,568,2,7200,1.01936619718
475463,475479,476046,16,567,2,7200,1.02821869489
475479,475485,476018,6,533,2,7200,1.01125703565
475480,475491,476046,11,555,2,7200,1.01981981982
475481,475497,476061,16,564,2,7200,1.02836879433
475483,475502,476055,19,553,2,7200,1.03435804702
475484,475507,476071,23,564,2,7200,1.04078014184
475499,475514,476058,15,544,2,7200,1.02757352941
475501,475519,476085,18,566,2,7200,1.03180212014
475516,475526,476092,10,566,2,7200,1.01766784452
475517,475531,476098,14,567,2,7200,1.02469135802
475532,475539,476121,7,582,2,7200,1.01202749141
475547,475553,476115,6,562,2,7200,1.01067615658
475548,475560,476136,12,576,2,7200,1.02083333333
475550,475565,476148,15,583,2,7200,1.02572898799
475565,475572,476143,7,571,2,7200,1.0122591944
475566,475579,476143,13,564,2,7200,1.02304964539
475587,475593,476166,6,573,2,7200,1.01047120419
475717,475724,476273,7,549,2,7200,1.01275045537
475738,475744,476305,6,561,2,7200,1.01069518717
475777,475784,476349,7,565,2,7200,1.01238938053
475779,475791,476312,12,521,2,7200,1.02303262956
475809,475815,476354,6,539,2,7200,1.01113172542
475823,475830,476388,7,558,2,7200,1.01254480287
475838,475844,476399,6,555,2,7200,1.01081081081
475853,475860,476420,7,560,2,7200,1.0125
475874,475880,476452,6,572,2,7200,1.01048951049
475889,475896,476476,7,580,2,7200,1.01206896552
475890,475902,476485,12,583,2,7200,1.02058319039
475905,475912,476453,7,541,2,7200,1.01293900185
475929,475935,476507,6,572,2,7200,1.01048951049
475944,475951,476518,7,567,2,7200,1.01234567901
475946,475957,476506,11,549,2,7200,1.02003642987
475947,475963,476516,16,553,2,7200,1.02893309222
475968,475975,476521,7,546,2,7200,1.01282051282
475995,476001,476542,6,541,2,7200,1.01109057301
476010,476016,476561,6,545,2,7200,1.01100917431
476025,476031,476603,6,572,2,7200,1.01048951049
476026,476038,476592,12,554,2,7200,1.02166064982
476041,476048,476612,7,564,2,7200,1.01241134752
476042,476055,476622,13,567,2,7200,1.02292768959
476058,476064,476629,6,565,2,7200,1.01061946903
476060,476072,476626,12,554,2,7200,1.02166064982
476061,476077,476639,16,562,2,7200,1.02846975089
476062,476082,476652,20,570,2,7200,1.0350877193
476077,476089,476651,12,562,2,7200,1.02135231317
476079,476094,476655,15,561,2,7200,1.02673796791
476085,476101,476523,16,422,4,3540,1.03791469194
476094,476106,476656,12,550,2,7200,1.02181818182
476095,476118,476698,23,580,2,7200,1.03965517241
476101,476113,476760,12,647,4,3540,1.01854714065
476110,476130,476692,20,562,2,7200,1.03558718861
476115,476124,476779,9,655,4,3540,1.01374045802
476125,476141,476723,16,582,2,7200,1.02749140893
476126,476147,476725,21,578,2,7200,1.03633217993
476130,476136,476768,6,632,4,3540,1.00949367089
476141,476153,476721,12,568,2,7200,1.02112676056
476149,476161,476162,12,1,4,3540,1.3
476156,476167,476741,11,574,2,7200,1.01916376307
476158,476173,476755,15,582,2,7200,1.02577319588
476159,476178,476739,19,561,2,7200,1.03386809269
476174,476190,476719,16,529,2,7200,1.03024574669
476209,476215,476216,6,1,4,3540,1.0
476274,476281,476860,7,579,2,7200,1.01208981002
476307,476313,476776,6,463,2,7200,1.01295896328
476322,476328,476889,6,561,2,7200,1.01069518717
476331,476338,649146,7,172808,4,172800,1.00004050738
476351,476358,649197,7,172839,4,172800,1.00004050012
476352,476363,476943,11,580,2,7200,1.01896551724
476366,476374,476947,8,573,2,7200,1.01396160558
476390,476398,476951,8,553,2,7200,1.01446654611
476405,476413,476973,8,560,2,7200,1.01428571429
476420,476426,476961,6,535,2,7200,1.01121495327
476445,476451,476485,6,34,2,10800,1.17647058824
476453,476459,477015,6,556,2,7200,1.01079136691
476468,476475,477044,7,569,2,7200,1.01230228471
476483,476490,477045,7,555,2,7200,1.01261261261
476497,476504,477055,7,551,2,7200,1.01270417423
476512,476518,477032,6,514,2,7200,1.01167315175
476514,476525,476980,11,455,2,7200,1.02417582418
476529,476535,477111,6,576,2,7200,1.01041666667
476530,476541,477113,11,572,2,7200,1.01923076923
476532,476547,477092,15,545,2,7200,1.02752293578
476546,476554,479245,8,2691,2,10800,1.00297287254
476546,476559,477118,13,559,2,7200,1.02325581395
476561,476568,477118,7,550,2,7200,1.01272727273
476595,476602,477168,7,566,2,7200,1.01236749117
476609,476615,477152,6,537,2,7200,1.01117318436
476624,476630,477198,6,568,2,7200,1.01056338028
476626,476637,477161,11,524,2,7200,1.02099236641
476641,476647,477227,6,580,2,7200,1.01034482759
476642,476654,477221,12,567,2,7200,1.02116402116
476643,476660,477221,17,561,2,7200,1.0303030303
476659,476666,477187,7,521,2,7200,1.01343570058
476660,476672,477214,12,542,2,7200,1.0221402214
476661,476678,477237,17,559,2,7200,1.03041144902
476663,476684,477246,21,562,2,7200,1.03736654804
476693,476700,477267,7,567,2,7200,1.01234567901
476708,476714,477262,6,548,2,7200,1.01094890511
476723,476729,477309,6,580,2,7200,1.01034482759
476724,476736,477209,12,473,2,7200,1.02536997886
476726,476741,477306,15,565,2,7200,1.02654867257
476741,476748,477309,7,561,2,7200,1.01247771836
476743,476755,477320,12,565,2,7200,1.02123893805
476744,476760,477262,16,502,2,7200,1.03187250996
476759,476767,477338,8,571,2,7200,1.01401050788
476777,476783,477352,6,569,2,7200,1.01054481547
476862,476869,477445,7,576,2,7200,1.01215277778
476892,476898,477461,6,563,2,7200,1.01065719361
476943,476950,477503,7,553,2,7200,1.01265822785
476958,476964,477511,6,547,2,7200,1.01096892139
476960,476971,477546,11,575,2,7200,1.01913043478
476975,476981,477547,6,566,2,7200,1.01060070671
476976,476988,477524,12,536,2,7200,1.0223880597
476991,476998,477536,7,538,2,7200,1.01301115242
477015,477021,477535,6,514,2,7200,1.01167315175
477033,477040,477614,7,574,2,7200,1.01219512195
477048,477055,477618,7,563,2,7200,1.01243339254
477050,477062,477637,12,575,2,7200,1.02086956522
477065,477071,477631,6,560,2,7200,1.01071428571
477095,477102,477668,7,566,2,7200,1.01236749117
477113,477120,477688,7,568,2,7200,1.01232394366
477128,477134,477683,6,549,2,7200,1.01092896175
477129,477140,477709,11,569,2,7200,1.01933216169
477131,477146,477720,15,574,2,7200,1.02613240418
477152,477158,477728,6,570,2,7200,1.01052631579
477167,477172,477731,5,559,2,7200,1.00894454383
477181,477189,477763,8,574,2,7200,1.01393728223
477196,477202,477779,6,577,2,7200,1.01039861352
477211,477219,477777,8,558,2,7200,1.01433691756
477213,477225,477776,12,551,2,7200,1.02177858439
477228,477234,477815,6,581,2,7200,1.01032702238
477230,477242,477797,12,555,2,7200,1.02162162162
477231,477247,477822,16,575,2,7200,1.02782608696
477233,477252,477835,19,583,2,7200,1.03259005146
477248,477260,477811,12,551,2,7200,1.02177858439
477249,477265,477861,16,596,2,7200,1.02684563758
477264,477272,477832,8,560,2,7200,1.01428571429
477266,477277,477850,11,573,2,7200,1.01919720768
477280,477288,477854,8,566,2,7200,1.01413427562
477308,477315,477894,7,579,2,7200,1.01208981002
477323,477330,477903,7,573,2,7200,1.01221640489
477324,477337,477892,13,555,2,7200,1.02342342342
477326,477342,477920,16,578,2,7200,1.0276816609
477340,477348,477902,8,554,2,7200,1.01444043321
477355,477361,477944,6,583,2,7200,1.0102915952
477446,477452,478017,6,565,2,7200,1.01061946903
477464,477471,478031,7,560,2,7200,1.0125
477506,477513,478065,7,552,2,7200,1.01268115942
477521,477527,478090,6,563,2,7200,1.01065719361
477536,477543,478103,7,560,2,7200,1.0125
477537,477550,478087,13,537,2,7200,1.02420856611
477552,477559,478084,7,525,2,7200,1.01333333333
477554,477566,478131,12,565,2,7200,1.02123893805
477555,477571,478144,16,573,2,7200,1.02792321117
477616,477622,478183,6,561,2,7200,1.01069518717
477630,477638,478103,8,465,2,7200,1.01720430108
477645,477651,478230,6,579,2,7200,1.0103626943
477647,477658,478172,11,514,2,7200,1.02140077821
477671,477678,478258,7,580,2,7200,1.01206896552
477686,477692,478253,6,561,2,7200,1.01069518717
477700,477706,478280,6,574,2,7200,1.01045296167
477718,477724,478293,6,569,2,7200,1.01054481547
477733,477740,478296,7,556,2,7200,1.01258992806
477735,477747,478324,12,577,2,7200,1.02079722704
477736,477752,478315,16,563,2,7200,1.02841918295
477767,477773,478338,6,565,2,7200,1.01061946903
477782,477789,478357,7,568,2,7200,1.01232394366
477783,477796,478357,13,561,2,7200,1.02317290553
477785,477801,478344,16,543,2,7200,1.02946593002
477800,477808,478370,8,562,2,7200,1.01423487544
477814,477822,478356,8,534,2,7200,1.01498127341
477829,477835,478402,6,567,2,7200,1.01058201058
477831,477843,478404,12,561,2,7200,1.02139037433
477846,477853,478394,7,541,2,7200,1.01293900185
477847,477859,478440,12,581,2,7200,1.02065404475
477863,477869,478339,6,470,2,7200,1.01276595745
477864,477876,478443,12,567,2,7200,1.02116402116
477866,477881,478460,15,579,2,7200,1.02590673575
477893,477900,478459,7,559,2,7200,1.01252236136
477908,477915,478487,7,572,2,7200,1.01223776224
477910,477922,478488,12,566,2,7200,1.02120141343
477911,477927,478475,16,548,2,7200,1.02919708029
477926,477934,478503,8,569,2,7200,1.01405975395
477944,477951,478519,7,568,2,7200,1.01232394366
478020,478027,478596,7,569,2,7200,1.01230228471
478034,478041,478615,7,574,2,7200,1.01219512195
478068,478075,478654,7,579,2,7200,1.01208981002
478085,478092,478674,7,582,2,7200,1.01202749141
478101,478107,478681,6,574,2,7200,1.01045296167
478102,478114,478642,12,528,2,7200,1.02272727273
478117,478124,478567,7,443,2,7200,1.0158013544
478119,478130,478696,11,566,2,7200,1.01943462898
478134,478140,478716,6,576,2,7200,1.01041666667
478149,478156,478706,7,550,2,7200,1.01272727273
478173,478180,478726,7,546,2,7200,1.01282051282
478187,478193,478771,6,578,2,7200,1.01038062284
478233,478240,478731,7,491,2,7200,1.01425661914
478254,478261,478826,7,565,2,7200,1.01238938053
478268,478276,478833,8,557,2,7200,1.01436265709
478283,478289,478856,6,567,2,7200,1.01058201058
478298,478305,478836,7,531,2,7200,1.0131826742
478300,478312,478769,12,457,2,7200,1.02625820569
478307,478319,480385,12,2066,1,3600,1.00580832527
478318,478325,478905,7,580,2,7200,1.01206896552
478332,478339,478890,7,551,2,7200,1.01270417423
478348,478354,478888,6,534,2,7200,1.01123595506
478349,478362,478924,13,562,2,7200,1.0231316726
478350,478367,478947,17,580,2,7200,1.02931034483
478366,478373,478945,7,572,2,7200,1.01223776224
478367,478379,478937,12,558,2,7200,1.02150537634
478369,478386,478958,17,572,2,7200,1.02972027972
478383,478393,478956,10,563,2,7200,1.01776198934
478398,478404,478988,6,584,2,7200,1.0102739726
478409,478415,478659,6,244,2,7200,1.02459016393
478413,478423,478993,10,570,2,7200,1.01754385965
478415,478428,478990,13,562,2,7200,1.0231316726
478442,478449,478998,7,549,2,7200,1.01275045537
478457,478463,479021,6,558,2,7200,1.01075268817
478472,478479,479042,7,563,2,7200,1.01243339254
478473,478485,479058,12,573,2,7200,1.02094240838
478488,478495,479053,7,558,2,7200,1.01254480287
478490,478502,479038,12,536,2,7200,1.0223880597
478491,478507,479063,16,556,2,7200,1.02877697842
478506,478513,479077,7,564,2,7200,1.01241134752
478507,478519,478998,12,479,2,7200,1.02505219207
478512,478526,479476,14,950,2,14400,1.01473684211
478521,478533,479104,12,571,2,7200,1.02101576182
478569,478576,479136,7,560,2,7200,1.0125
478596,478603,479175,7,572,2,7200,1.01223776224
478617,478624,479118,7,494,2,7200,1.01417004049
478644,478651,479216,7,565,2,7200,1.01238938053
478659,478666,479227,7,561,2,7200,1.01247771836
478677,478684,479210,7,526,2,7200,1.01330798479
478691,478698,479255,7,557,2,7200,1.01256732496
478706,478713,479275,7,562,2,7200,1.01245551601
478721,478727,479295,6,568,2,7200,1.01056338028
478723,478734,479302,11,568,2,7200,1.01936619718
478738,478745,479322,7,577,2,7200,1.01213171577
478739,478752,479314,13,562,2,7200,1.0231316726
478772,478779,479310,7,531,2,7200,1.0131826742
478774,478786,479353,12,567,2,7200,1.02116402116
478828,478835,479413,7,578,2,7200,1.01211072664
478843,478850,479418,7,568,2,7200,1.01232394366
478844,478857,479425,13,568,2,7200,1.02288732394
478859,478865,479437,6,572,2,7200,1.01048951049
478889,478896,479423,7,527,2,7200,1.01328273245
478904,478911,479478,7,567,2,7200,1.01234567901
478919,478925,479484,6,559,2,7200,1.01073345259
478933,478941,479508,8,567,2,7200,1.01410934744
478948,478954,479520,6,566,2,7200,1.01060070671
478950,478961,479515,11,554,2,7200,1.01985559567
478951,478966,479532,15,566,2,7200,1.02650176678
478966,478973,479531,7,558,2,7200,1.01254480287
478967,478979,479550,12,571,2,7200,1.02101576182
478992,478998,479549,6,551,2,7200,1.0108892922
478993,479005,479560,12,555,2,7200,1.02162162162
479008,479015,479585,7,570,2,7200,1.01228070175
479010,479021,479595,11,574,2,7200,1.01916376307
479024,479032,479594,8,562,2,7200,1.01423487544
479039,479045,479628,6,583,2,7200,1.0102915952
479054,479060,479603,6,543,2,7200,1.01104972376
479055,479067,479639,12,572,2,7200,1.02097902098
479070,479077,479617,7,540,2,7200,1.01296296296
479072,479083,479653,11,570,2,7200,1.01929824561
479087,479094,479662,7,568,2,7200,1.01232394366
479104,479111,479657,7,546,2,7200,1.01282051282
479119,479125,479688,6,563,2,7200,1.01065719361
479138,479144,479650,6,506,2,7200,1.01185770751
479146,479153,479156,7,3,1,900,1.0
479177,479185,479745,8,560,2,7200,1.01428571429
479211,479217,479780,6,563,2,7200,1.01065719361
479225,479233,479788,8,555,2,7200,1.01441441441
479240,479247,479815,7,568,2,7200,1.01232394366
479255,479261,479826,6,565,2,7200,1.01061946903
479276,479282,479846,6,564,2,7200,1.01063829787
479297,479303,479810,6,507,2,7200,1.01183431953
479312,479319,479903,7,584,2,7200,1.01198630137
479313,479325,479886,12,561,2,7200,1.02139037433
479323,479332,479334,9,2,1,900,1.1
479328,479339,479903,11,564,2,7200,1.0195035461
479330,479344,479888,14,544,2,7200,1.02573529412
479354,479360,479922,6,562,2,7200,1.01067615658
479414,479420,479959,6,539,2,7200,1.01113172542
479429,479435,480011,6,576,2,7200,1.01041666667
479430,479442,479976,12,534,2,7200,1.02247191011
479432,479447,480010,15,563,2,7200,1.02664298401
479447,479454,480024,7,570,2,7200,1.01228070175
479480,479486,480048,6,562,2,7200,1.01067615658
479494,479501,480089,7,588,2,7200,1.0119047619
479509,479516,480088,7,572,2,7200,1.01223776224
479524,479531,480107,7,576,2,7200,1.01215277778
479526,479538,480097,12,559,2,7200,1.02146690519
479541,479547,480111,6,564,2,7200,1.01063829787
479542,479554,480092,12,538,2,7200,1.02230483271
479557,479565,480136,8,571,2,7200,1.01401050788
479559,479570,480136,11,566,2,7200,1.01943462898
479573,479580,480154,7,574,2,7200,1.01219512195
479588,479594,480093,6,499,2,7200,1.0120240481
479603,479611,480182,8,571,2,7200,1.01401050788
479605,479618,480183,13,565,2,7200,1.02300884956
479606,479623,480194,17,571,2,7200,1.02977232925
479621,479629,480200,8,571,2,7200,1.01401050788
479636,479643,480208,7,565,2,7200,1.01238938053
479651,479657,480238,6,581,2,7200,1.01032702238
479652,479664,480107,12,443,2,7200,1.02708803612
479668,479674,480252,6,578,2,7200,1.01038062284
479669,479681,480241,12,560,2,7200,1.02142857143
479670,479686,480269,16,583,2,7200,1.02744425386
479688,479698,480272,10,574,2,7200,1.01742160279
479746,479752,480319,6,567,2,7200,1.01058201058
479750,479759,479760,9,1,1,900,1.0
479751,479764,479765,13,1,1,900,1.4
479753,479769,479770,16,1,1,900,1.7
479782,479788,480364,6,576,2,7200,1.01041666667
479797,479803,480373,6,570,2,7200,1.01052631579
479811,479818,480393,7,575,2,7200,1.01217391304
479812,479823,479826,11,3,1,60,1.4
479814,479830,479831,16,1,1,60,1.7
479815,479835,479836,20,1,1,60,2.1
479826,479842,480411,16,569,2,7200,1.02811950791
479828,479847,480415,19,568,2,7200,1.03345070423
479849,479856,480438,7,582,2,7200,1.01202749141
479888,479894,480442,6,548,2,7200,1.01094890511
479889,479901,480472,12,571,2,7200,1.02101576182
479905,479912,480410,7,498,2,7200,1.0140562249
479906,479919,480479,13,560,2,7200,1.02321428571
479924,479931,480474,7,543,2,7200,1.01289134438
479946,479952,479953,6,1,1,60,1.0
479947,479958,479961,11,3,1,60,1.4
479949,479963,479964,14,1,1,60,1.5
479960,479970,480538,10,568,2,7200,1.0176056338
479978,479984,480501,6,517,2,7200,1.01160541586
480011,480017,480595,6,578,2,7200,1.01038062284
480026,480033,480603,7,570,2,7200,1.01228070175
480027,480039,480611,12,572,2,7200,1.02097902098
480051,480057,480624,6,567,2,7200,1.01058201058
480091,480097,480652,6,555,2,7200,1.01081081081
480092,480104,480672,12,568,2,7200,1.02112676056
480107,480114,480693,7,579,2,7200,1.01208981002
480109,480120,480686,11,566,2,7200,1.01943462898
480110,480127,480688,17,561,2,7200,1.0303030303
480111,480132,480691,21,559,2,7200,1.03756708408
480113,480137,480651,24,514,2,7200,1.046692607
480128,480143,480711,15,568,2,7200,1.0264084507
480143,480150,480720,7,570,2,7200,1.01228070175
480144,480156,480727,12,571,2,7200,1.02101576182
480159,480165,480742,6,577,2,7200,1.01039861352
480177,480183,480185,6,2,1,60,1.0
480184,480191,480744,7,553,2,7200,1.01265822785
480193,480199,480203,6,4,1,60,1.0
480198,480206,480757,8,551,2,7200,1.01451905626
480200,480213,480786,13,573,2,7200,1.02268760908
480215,480222,480764,7,542,2,7200,1.01291512915
480216,480228,480775,12,547,2,7200,1.02193784278
480241,480248,480817,7,569,2,7200,1.01230228471
480252,480258,480263,6,5,1,60,1.1
480253,480275,480279,22,4,1,60,2.6
480256,480265,480784,9,519,2,7200,1.01734104046
480257,480270,480836,13,566,2,7200,1.02296819788
480272,480283,480862,11,579,2,7200,1.01899827288
480284,480291,480292,7,1,1,60,1.0
480287,480297,480866,10,569,2,7200,1.01757469244
480320,480327,480894,7,567,2,7200,1.01234567901
480350,480357,480363,7,6,2,60,1.3
480351,480364,480368,13,4,2,60,1.7
480352,480369,480374,17,5,2,60,2.2
480365,480376,480930,11,554,2,7200,1.01985559567
480380,480386,480952,6,566,2,7200,1.01060070671
480395,480402,480975,7,573,2,7200,1.01221640489
480408,480415,480421,7,6,4,60,1.3
480409,480422,480427,13,5,4,60,1.8
480411,480427,480432,16,5,4,60,2.1
480413,480432,481004,19,572,2,7200,1.03321678322
480414,480438,481013,24,575,2,7200,1.04173913043
480429,480445,480997,16,552,2,7200,1.02898550725
480444,480452,480990,8,538,2,7200,1.01486988848
480446,480457,481017,11,560,2,7200,1.01964285714
480470,480477,481054,7,577,2,7200,1.01213171577
480485,480491,481059,6,568,2,7200,1.01056338028
480486,480498,481077,12,579,2,7200,1.0207253886
480503,480510,480517,7,7,8,60,1.4
480504,480527,481101,23,574,2,7200,1.04006968641
480504,480516,480521,12,5,8,60,1.7
480505,480522,480527,17,5,8,60,2.2
480540,480546,481119,6,573,2,7200,1.01047120419
480544,480553,480560,9,7,16,60,1.6
480546,480558,480565,12,7,16,60,1.9
480547,480564,480571,17,7,16,60,2.4
480589,480595,480604,6,9,32,60,1.5
480590,480602,480617,12,15,32,60,1.8
480592,480617,480628,25,11,32,60,3.27272727273
480597,480609,481179,12,570,2,7200,1.02105263158
480613,480624,481191,11,567,2,7200,1.01940035273
480614,480629,481092,15,463,2,7200,1.03239740821
480629,480636,481152,7,516,2,7200,1.01356589147
480640,480647,480676,7,29,64,60,1.24137931034
480641,480688,480720,47,32,64,60,2.46875
480643,480735,480766,92,31,64,60,3.96774193548
480653,480660,481189,7,529,2,7200,1.01323251418
480654,480667,481213,13,546,2,7200,1.02380952381
480673,480680,481167,7,487,2,7200,1.01437371663
480688,480694,481270,6,576,2,7200,1.01041666667
480689,480702,481247,13,545,2,7200,1.02385321101
480704,480710,481281,6,571,2,7200,1.01050788091
480706,480717,481285,11,568,2,7200,1.01936619718
480721,480728,481271,7,543,2,7200,1.01289134438
480722,480740,481298,18,558,2,7200,1.03225806452
480737,480747,481281,10,534,2,7200,1.01872659176
480752,480758,481336,6,578,2,7200,1.01038062284
480753,480765,481343,12,578,2,7200,1.02076124567
480768,480776,481356,8,580,2,7200,1.01379310345
480770,480783,481337,13,554,2,7200,1.02346570397
480785,480792,481323,7,531,2,7200,1.0131826742
480787,480799,481368,12,569,2,7200,1.02108963093
480802,480809,481376,7,567,2,7200,1.01234567901
480820,480827,481363,7,536,2,7200,1.01305970149
480838,480844,481386,6,542,2,7200,1.0110701107
480865,480872,481440,7,568,2,7200,1.01232394366
480880,480887,481464,7,577,2,7200,1.01213171577
480895,480902,481472,7,570,2,7200,1.01228070175
480931,480937,481469,6,532,2,7200,1.01127819549
480955,480961,481496,6,535,2,7200,1.01121495327
480976,480982,481564,6,582,2,7200,1.01030927835
480991,480997,481564,6,567,2,7200,1.01058201058
481006,481012,481554,6,542,2,7200,1.0110701107
481007,481019,481568,12,549,2,7200,1.0218579235
481023,481029,481542,6,513,2,7200,1.01169590643
481024,481035,481602,11,567,2,7200,1.01940035273
481057,481063,481649,6,586,2,7200,1.01023890785
481072,481078,481636,6,558,2,7200,1.01075268817
481087,481094,481645,7,551,2,7200,1.01270417423
481102,481108,481687,6,579,2,7200,1.0103626943
481103,481115,481686,12,571,2,7200,1.02101576182
481118,481125,481687,7,562,2,7200,1.01245551601
481151,481158,481739,7,581,2,7200,1.01204819277
481169,481175,481720,6,545,2,7200,1.01100917431
481184,481191,481753,7,562,2,7200,1.01245551601
481199,481206,481761,7,555,2,7200,1.01261261261
481201,481213,481774,12,561,2,7200,1.02139037433
481216,481223,481790,7,567,2,7200,1.01234567901
481218,481230,481543,12,313,1,3600,1.03833865815
481249,481256,481811,7,555,2,7200,1.01261261261
481273,481280,481850,7,570,2,7200,1.01228070175
481274,481287,481864,13,577,2,7200,1.02253032929
481290,481296,481866,6,570,2,7200,1.01052631579
481291,481303,481846,12,543,2,7200,1.02209944751
481292,481308,481872,16,564,2,7200,1.02836879433
481307,481315,481876,8,561,2,7200,1.01426024955
481325,481331,481911,6,580,2,7200,1.01034482759
481333,481575,481775,242,200,128,180,2.21
481334,481786,482000,452,214,128,180,3.11214953271
481336,482011,482228,675,217,128,180,4.11059907834
481340,481347,481923,7,576,2,7200,1.01215277778
481341,481354,481923,13,569,2,7200,1.02284710018
481356,481364,481830,8,466,2,7200,1.01716738197
481358,481371,481919,13,548,2,7200,1.02372262774
481373,481380,481955,7,575,2,7200,1.01217391304
481375,481387,481896,12,509,2,7200,1.02357563851
481390,481397,481975,7,578,2,7200,1.01211072664
481391,481404,481984,13,580,2,7200,1.0224137931
481441,481448,481449,7,1,1,900,1.0
481442,481455,481973,13,518,2,7200,1.0250965251
481467,481473,482038,6,565,2,7200,1.01061946903
481482,481489,482061,7,572,2,7200,1.01223776224
481483,481495,482074,12,579,2,7200,1.0207253886
481498,481505,482043,7,538,2,7200,1.01301115242
481514,481520,481522,6,2,1,900,1.0
481543,481550,482129,7,579,2,7200,1.01208981002
481558,481565,482131,7,566,2,7200,1.01236749117
481573,481583,482150,10,567,2,7200,1.0176366843
481575,481588,482132,13,544,2,7200,1.02389705882
481576,481594,482114,18,520,2,7200,1.03461538462
481603,481611,482186,8,575,2,7200,1.01391304348
481636,481643,482186,7,543,2,7200,1.01289134438
481639,481792,490113,153,8321,2,43200,1.01838721308
481651,481797,482337,146,540,2,7200,1.27037037037
481653,481803,482361,150,558,2,7200,1.2688172043
481690,481808,482380,118,572,2,7200,1.20629370629
481691,481814,482302,123,488,2,7200,1.25204918033
481692,481819,482396,127,577,2,7200,1.22010398614
481722,481825,482403,103,578,2,7200,1.17820069204
481740,481830,482358,90,528,2,7200,1.17045454545
481755,481835,482408,80,573,2,7200,1.13961605585
481770,481841,482408,71,567,2,7200,1.12522045855
481785,481848,482421,63,573,2,7200,1.10994764398
481800,481853,482425,53,572,2,7200,1.09265734266
481815,481859,482434,44,575,2,7200,1.07652173913
481833,481864,482423,31,559,2,7200,1.05545617174
481848,481908,482464,60,556,2,7200,1.10791366906
481862,481931,482428,69,497,2,7200,1.13883299799
481878,481938,482505,60,567,2,7200,1.10582010582
481879,481943,482511,64,568,2,7200,1.11267605634
481881,481967,482528,86,561,2,7200,1.15329768271
481882,481985,482552,103,567,2,7200,1.18165784832
481897,481992,482570,95,578,2,7200,1.16435986159
481912,481999,482566,87,567,2,7200,1.15343915344
481927,482017,482587,90,570,2,7200,1.15789473684
481929,482022,482613,93,591,2,7200,1.15736040609
481930,482028,482561,98,533,2,7200,1.18386491557
481957,482033,482594,76,561,2,7200,1.13547237077
481975,482038,482609,63,571,2,7200,1.11033274956
481977,482044,482621,67,577,2,7200,1.11611785095
481992,482049,482618,57,569,2,7200,1.10017574692
482040,482056,482614,16,558,2,7200,1.02867383513
482055,482063,482634,8,571,2,7200,1.01401050788
482070,482077,482654,7,577,2,7200,1.01213171577
482086,482097,482100,11,3,1,900,1.4
482086,482092,482674,6,582,2,7200,1.01030927835
482117,482123,482684,6,561,2,7200,1.01069518717
482132,482140,482709,8,569,2,7200,1.01405975395
482134,482147,482734,13,587,2,7200,1.02214650767
482135,482152,482690,17,538,2,7200,1.03159851301
482150,482159,482711,9,552,2,7200,1.01630434783
482163,482170,482175,7,5,2,60,1.2
482167,482187,482191,20,4,2,60,2.4
482169,482208,482212,39,4,2,60,4.3
482187,482194,482777,7,583,2,7200,1.01200686106
482189,482201,482768,12,567,2,7200,1.02116402116
482280,482287,482292,7,5,4,60,1.2
482282,482294,482299,12,5,4,60,1.7
482288,482299,482304,11,5,4,60,1.6
482304,482310,482881,6,571,2,7200,1.01050788091
482340,482346,482928,6,582,2,7200,1.01030927835
482361,482367,482943,6,576,2,7200,1.01041666667
482371,482378,482382,7,4,8,60,1.1
482372,482385,482390,13,5,8,60,1.8
482374,482390,482395,16,5,8,60,2.1
482376,482395,482941,19,546,2,7200,1.0347985348
482390,482401,482936,11,535,2,7200,1.02056074766
482405,482413,482977,8,564,2,7200,1.01418439716
482407,482419,482998,12,579,2,7200,1.0207253886
482422,482428,482997,6,569,2,7200,1.01054481547
482424,482435,483020,11,585,2,7200,1.0188034188
482425,482440,483020,15,580,2,7200,1.02586206897
482426,482445,483015,19,570,2,7200,1.03333333333
482435,482452,482485,17,33,4,1800,1.51515151515
482442,482457,483046,15,589,2,7200,1.02546689304
482443,482462,483030,19,568,2,7200,1.03345070423
482445,482468,483019,23,551,2,7200,1.04174228675
482466,482474,483039,8,565,2,7200,1.01415929204
482508,482515,483083,7,568,2,7200,1.01232394366
482516,482522,484365,6,1843,4,1800,1.00325556158
482523,482530,483011,7,481,2,7200,1.01455301455
482537,482545,483134,8,589,2,7200,1.01358234295
482555,482566,483121,11,555,2,7200,1.01981981982
482570,482577,483146,7,569,2,7200,1.01230228471
482572,482584,483138,12,554,2,7200,1.02166064982
482573,482589,483161,16,572,2,7200,1.02797202797
482591,482598,483176,7,578,2,7200,1.01211072664
482606,482612,483190,6,578,2,7200,1.01038062284
482621,482629,483161,8,532,2,7200,1.01503759398
482623,482640,482651,17,11,16,60,2.54545454545
482623,482634,483180,11,546,2,7200,1.02014652015
482624,482646,482656,22,10,16,60,3.2
482624,482657,483229,33,572,2,7200,1.05769230769
482625,482662,483228,37,566,2,7200,1.06537102473
482626,482651,482657,25,6,16,60,3.1
482627,482667,483212,40,545,2,7200,1.07339449541
482642,482674,483254,32,580,2,7200,1.05517241379
482657,482679,483214,22,535,2,7200,1.04112149533
482675,482685,483272,10,587,2,7200,1.01703577513
482690,482697,483265,7,568,2,7200,1.01232394366
482692,482704,483267,12,563,2,7200,1.02131438721
482710,482717,483284,7,567,2,7200,1.01234567901
482724,482731,483295,7,564,2,7200,1.01241134752
482739,482746,483332,7,586,2,7200,1.01194539249
482752,483172,483433,420,261,128,600,2.6091954023
482753,483444,483700,691,256,128,600,3.69921875
482755,483714,483971,959,257,128,600,4.73151750973
482769,482775,483341,6,566,2,7200,1.01060070671
482784,482790,483361,6,571,2,7200,1.01050788091
482825,482832,483080,7,248,2,14400,1.02822580645
482829,482839,483334,10,495,2,14400,1.0202020202
482833,482844,483803,11,959,2,14400,1.01147028154
482852,482859,484755,7,1896,2,14400,1.00369198312
482883,482890,483452,7,562,2,7200,1.01245551601
482929,482935,483516,6,581,2,7200,1.01032702238
482944,482950,483523,6,573,2,7200,1.01047120419
482945,482957,483542,12,585,2,7200,1.02051282051
482947,482962,483528,15,566,2,7200,1.02650176678
482980,482986,483546,6,560,2,7200,1.01071428571
482998,483004,483498,6,494,2,7200,1.01214574899
482999,483011,483583,12,572,2,7200,1.02097902098
483014,483021,483584,7,563,2,7200,1.01243339254
483030,483036,483611,6,575,2,7200,1.01043478261
483031,483043,483604,12,561,2,7200,1.02139037433
483033,483048,483629,15,581,2,7200,1.02581755594
483034,483053,483619,19,566,2,7200,1.03356890459
483035,483058,483623,23,565,2,7200,1.0407079646
483051,483091,483654,40,563,2,7200,1.07104795737
483052,483098,483556,46,458,2,7200,1.10043668122
483085,483133,483696,48,563,2,7200,1.08525754885
483121,483147,483717,26,570,2,7200,1.04561403509
483136,483154,483726,18,572,2,7200,1.03146853147
483151,483161,483739,10,578,2,7200,1.01730103806
483152,483345,483930,193,585,2,7200,1.32991452991
483167,483354,483919,187,565,2,7200,1.33097345133
483169,483374,483944,205,570,2,7200,1.35964912281
483184,483450,484018,266,568,2,7200,1.46830985915
483185,483455,483990,270,535,2,7200,1.5046728972
483191,483982,483995,791,13,32,60,61.8461538462
483192,483988,484001,796,13,32,60,62.2307692308
483194,483993,484002,799,9,32,60,80.8
483200,483460,484013,260,553,2,7200,1.47016274864
483215,483466,484051,251,585,2,7200,1.42905982906
483216,483471,484057,255,586,2,7200,1.43515358362
483231,483476,484043,245,567,2,7200,1.43209876543
483233,483482,484051,249,569,2,7200,1.43760984183
483257,483487,484040,230,553,2,7200,1.41591320072
483272,483492,484053,220,561,2,7200,1.39215686275
483273,483498,484038,225,540,2,7200,1.41666666667
483288,483503,484008,215,505,2,7200,1.42574257426
483289,483508,484064,219,556,2,7200,1.39388489209
483304,483514,484096,210,582,2,7200,1.36082474227
483334,483519,484088,185,569,2,7200,1.32513181019
483349,483525,484098,176,573,2,7200,1.30715532286
483364,483531,484006,167,475,2,7200,1.35157894737
483451,483537,484108,86,571,2,7200,1.15061295972
483501,483543,484086,42,543,2,7200,1.0773480663
483516,483550,484118,34,568,2,7200,1.05985915493
483531,483556,484142,25,586,2,7200,1.04266211604
483533,483563,484122,30,559,2,7200,1.05366726297
483548,483570,484142,22,572,2,7200,1.03846153846
483549,483595,484142,46,547,2,7200,1.08409506399
483564,483602,484177,38,575,2,7200,1.06608695652
483585,483616,484195,31,579,2,7200,1.05354058722
483586,483622,484120,36,498,2,7200,1.07228915663
483607,483631,484206,24,575,2,7200,1.04173913043
483622,483638,484201,16,563,2,7200,1.02841918295
483624,483645,484203,21,558,2,7200,1.0376344086
483639,483666,484217,27,551,2,7200,1.04900181488
483640,483728,484283,88,555,2,7200,1.15855855856
483655,483738,484308,83,570,2,7200,1.14561403509
483664,483708,500792,44,17084,2,54000,1.00257550925
483667,483999,494743,332,10744,12,14400,1.03090096798
483697,483750,484291,53,541,2,7200,1.09796672828
483718,483815,484380,97,565,2,7200,1.17168141593
483733,483932,484504,199,572,2,7200,1.3479020979
483747,483941,484488,194,547,2,7200,1.35466179159
483920,483956,484524,36,568,2,7200,1.06338028169
483935,484004,484588,69,584,2,7200,1.11815068493
483950,484009,484576,59,567,2,7200,1.10405643739
483992,484016,484579,24,563,2,7200,1.04262877442
484007,484021,484577,14,556,2,7200,1.02517985612
484022,484029,484599,7,570,2,7200,1.01228070175
484023,484035,484596,12,561,2,7200,1.02139037433
484025,484042,484611,17,569,2,7200,1.02987697715
484040,484048,484608,8,560,2,7200,1.01428571429
484055,484062,484634,7,572,2,7200,1.01223776224
484057,484068,484651,11,583,2,7200,1.01886792453
484058,484073,484601,15,528,2,7200,1.02840909091
484059,484079,484635,20,556,2,7200,1.03597122302
484061,484084,484650,23,566,2,7200,1.0406360424
484076,484096,484663,20,567,2,7200,1.03527336861
484077,484101,484670,24,569,2,7200,1.04217926186
484083,484091,484093,8,2,8,3600,1.0
484092,484108,484684,16,576,2,7200,1.02777777778
484094,484113,484620,19,507,2,7200,1.03747534517
484109,484120,484687,11,567,2,7200,1.01940035273
484110,484125,484689,15,564,2,7200,1.02659574468
484111,484130,484669,19,539,2,7200,1.03525046382
484127,484137,484695,10,558,2,7200,1.01792114695
484128,484142,484725,14,583,2,7200,1.02401372213
484130,484147,484727,17,580,2,7200,1.02931034483
484145,484154,484727,9,573,2,7200,1.01570680628
484146,484159,484743,13,584,2,7200,1.02226027397
484148,484164,484746,16,582,2,7200,1.02749140893
484176,484182,484185,6,3,8,3600,1.0
484178,484189,484714,11,525,2,7200,1.02095238095
484195,484203,484769,8,566,2,7200,1.01413427562
484199,484210,484249,11,39,64,60,1.28205128205
484200,484261,484294,61,33,64,60,2.84848484848
484202,484305,484345,103,40,64,60,3.575
484206,484217,484823,11,606,4,3540,1.01815181518
484211,484222,484794,11,572,2,7200,1.01923076923
484212,484229,484788,17,559,2,7200,1.03041144902
484213,484234,484793,21,559,2,7200,1.03756708408
484228,484241,484793,13,552,2,7200,1.02355072464
484237,484248,484250,11,2,8,3600,1.3
484286,484292,484828,6,536,2,7200,1.01119402985
484301,484313,484893,12,580,2,7200,1.02068965517
484316,484322,484881,6,559,2,7200,1.01073345259
484369,484744,484847,375,103,128,60,4.64077669903
484371,484859,484935,488,76,128,60,7.42105263158
484372,484947,485023,575,76,128,60,8.56578947368
484372,484378,484380,6,2,8,3600,1.0
484382,484390,484899,8,509,2,7200,1.01571709234
484428,484436,484676,8,240,2,14400,1.03333333333
484433,484443,484696,10,253,2,14400,1.0395256917
484492,484499,485058,7,559,2,7200,1.01252236136
484507,484513,485048,6,535,2,7200,1.01121495327
484512,484520,484521,8,1,8,3600,1.0
484525,484532,485104,7,572,2,7200,1.01223776224
484546,484552,484587,6,35,64,60,1.17142857143
484557,484563,484566,6,3,8,3600,1.0
484576,484582,485153,6,571,2,7200,1.01050788091
484591,484597,485170,6,573,2,7200,1.01047120419
484593,484604,485176,11,572,2,7200,1.01923076923
484594,484609,485169,15,560,2,7200,1.02678571429
484598,484616,484619,18,3,8,3600,2.1
484599,484621,490361,22,5740,6,6600,1.00383275261
484609,484627,485188,18,561,2,7200,1.0320855615
484611,484634,485204,23,570,2,7200,1.04035087719
484612,484640,485210,28,570,2,7200,1.04912280702
484614,484645,485212,31,567,2,7200,1.05467372134
484629,484675,485234,46,559,2,7200,1.08228980322
484630,484681,485242,51,561,2,7200,1.09090909091
484645,484687,485239,42,552,2,7200,1.07608695652
484646,484694,485227,48,533,2,7200,1.09005628518
484661,484706,485273,45,567,2,7200,1.07936507937
484663,484714,485277,51,563,2,7200,1.09058614565
484671,490454,573232,5783,82778,6,172800,1.06986155742
484678,484726,485305,48,579,2,7200,1.0829015544
484679,484737,485294,58,557,2,7200,1.10412926391
484681,484767,485335,86,568,2,7200,1.1514084507
484697,484801,485374,104,573,2,7200,1.1815008726
484698,484808,485382,110,574,2,7200,1.19163763066
484699,484813,485379,114,566,2,7200,1.20141342756
484701,484819,485401,118,582,2,7200,1.20274914089
484705,484840,485744,135,904,2,7200,1.14933628319
484706,484905,485854,199,949,2,7200,1.20969441517
484706,484870,485832,164,962,2,7200,1.17047817048
484706,484912,485868,206,956,2,7200,1.21548117155
484716,484952,485518,236,566,2,7200,1.41696113074
484731,485040,485535,309,495,2,7200,1.62424242424
484733,485045,485621,312,576,2,7200,1.54166666667
484734,485051,485613,317,562,2,7200,1.5640569395
484747,484864,484964,117,100,8,3600,2.17
484749,485056,485631,307,575,2,7200,1.53391304348
484751,485062,485632,311,570,2,7200,1.54561403509
484769,485067,485638,298,571,2,7200,1.52189141856
484790,485072,485643,282,571,2,7200,1.4938704028
484805,485078,485636,273,558,2,7200,1.48924731183
484806,485083,485643,277,560,2,7200,1.49464285714
484808,485089,485662,281,573,2,7200,1.49040139616
484829,485094,485639,265,545,2,7200,1.48623853211
484883,485099,485666,216,567,2,7200,1.38095238095
484898,485105,485682,207,577,2,7200,1.35875216638
484913,485110,485682,197,572,2,7200,1.34440559441
484970,484983,485054,13,71,8,3600,1.18309859155
485010,485035,485582,25,547,4,3540,1.04570383912
485050,485128,485709,78,581,2,7200,1.13425129088
485059,485122,485661,63,539,4,3540,1.11688311688
485064,485133,485652,69,519,2,7200,1.13294797688
485077,485117,487609,40,2492,8,3600,1.01605136437
485107,485138,485696,31,558,2,7200,1.05555555556
485152,485159,485728,7,569,2,7200,1.01230228471
485171,485178,485744,7,566,2,7200,1.01236749117
485172,485185,485731,13,546,2,7200,1.02380952381
485187,485193,485741,6,548,2,7200,1.01094890511
485202,485208,485773,6,565,2,7200,1.01061946903
485217,485223,485806,6,583,2,7200,1.0102915952
485219,485231,485801,12,570,2,7200,1.02105263158
485220,485236,485806,16,570,2,7200,1.02807017544
485235,485243,485779,8,536,2,7200,1.01492537313
485237,485248,485802,11,554,2,7200,1.01985559567
485252,485259,485823,7,564,2,7200,1.01241134752
485253,485265,485829,12,564,2,7200,1.02127659574
485274,485281,485842,7,561,2,7200,1.01247771836
485289,485296,485865,7,569,2,7200,1.01230228471
485304,485310,485823,6,513,2,7200,1.01169590643
485318,485325,485870,7,545,2,7200,1.0128440367
485336,485344,485911,8,567,2,7200,1.01410934744
485376,485383,485936,7,553,2,7200,1.01265822785
485391,485398,485974,7,576,2,7200,1.01215277778
485392,485405,485982,13,577,2,7200,1.02253032929
485407,485414,485995,7,581,2,7200,1.01204819277
485519,485526,486093,7,567,2,7200,1.01234567901
485534,485540,486114,6,574,2,7200,1.01045296167
485607,485614,485681,7,67,4,72000,1.10447761194
485615,485623,486196,8,573,2,7200,1.01396160558
485630,485637,486203,7,566,2,7200,1.01236749117
485646,485653,486240,7,587,2,7200,1.01192504259
485647,485659,486246,12,587,2,7200,1.02044293015
485649,485664,486194,15,530,2,7200,1.02830188679
485650,485670,486249,20,579,2,7200,1.03454231434
485651,485675,486240,24,565,2,7200,1.04247787611
485653,485680,486257,27,577,2,7200,1.04679376083
485654,485693,486257,39,564,2,7200,1.06914893617
485669,485698,486231,29,533,2,7200,1.05440900563
485671,485704,486269,33,565,2,7200,1.05840707965
485672,485709,486271,37,562,2,7200,1.06583629893
485679,485688,487514,9,1826,4,72000,1.00492880613
485687,485716,486278,29,562,2,7200,1.05160142349
485688,485721,486281,33,560,2,7200,1.05892857143
485703,485726,486297,23,571,2,7200,1.04028021016
485715,485734,572184,19,86450,12,86400,1.00021978022
485718,485739,486303,21,564,2,7200,1.03723404255
485733,485746,486329,13,583,2,7200,1.02229845626
485734,485751,486238,17,487,2,7200,1.03490759754
485749,485758,486326,9,568,2,7200,1.01584507042
485751,485763,486331,12,568,2,7200,1.02112676056
485775,485781,486352,6,571,2,7200,1.01050788091
485790,485797,486325,7,528,2,7200,1.01325757576
485805,485811,486350,6,539,2,7200,1.01113172542
485806,488719,488979,2913,260,128,600,12.2038461538
485807,488991,489254,3184,263,128,600,13.1064638783
485807,485818,486386,11,568,2,7200,1.01936619718
485808,485823,486405,15,582,2,7200,1.02577319588
485809,489266,489525,3457,259,128,600,14.3474903475
485823,485830,486393,7,563,2,7200,1.01243339254
485824,485837,486379,13,542,2,7200,1.02398523985
485826,485842,486396,16,554,2,7200,1.02888086643
485841,485849,486417,8,568,2,7200,1.01408450704
485856,485862,486440,6,578,2,7200,1.01038062284
485871,485878,486429,7,551,2,7200,1.01270417423
485873,485885,486467,12,582,2,7200,1.0206185567
485912,485918,486498,6,580,2,7200,1.01034482759
485939,485945,486526,6,581,2,7200,1.01032702238
485975,485983,486550,8,567,2,7200,1.01410934744
485990,485997,486566,7,569,2,7200,1.01230228471
486005,486011,486590,6,579,2,7200,1.0103626943
486093,486100,486638,7,538,2,7200,1.01301115242
486117,486124,486687,7,563,2,7200,1.01243339254
486195,486202,486774,7,572,2,7200,1.01223776224
486210,486217,486786,7,569,2,7200,1.01230228471
486211,486223,486790,12,567,2,7200,1.02116402116
486232,486240,486820,8,580,2,7200,1.01379310345
486248,486254,486812,6,558,2,7200,1.01075268817
486249,486316,486889,67,573,2,7200,1.11692844677
486251,486337,486908,86,571,2,7200,1.15061295972
486252,486343,486923,91,580,2,7200,1.15689655172
486267,486349,486901,82,552,2,7200,1.14855072464
486269,486355,486924,86,569,2,7200,1.15114235501
486270,486362,486936,92,574,2,7200,1.16027874564
486285,486369,486932,84,563,2,7200,1.14920071048
486287,486392,486912,105,520,2,7200,1.20192307692
486288,486399,486964,111,565,2,7200,1.19646017699
486289,486406,486947,117,541,2,7200,1.21626617375
486304,486413,486953,109,540,2,7200,1.20185185185
486306,486420,486980,114,560,2,7200,1.20357142857
486327,486430,487000,103,570,2,7200,1.18070175439
486328,486441,487012,113,571,2,7200,1.19789842382
486343,486452,487024,109,572,2,7200,1.19055944056
486345,486479,487038,134,559,2,7200,1.2397137746
486359,486510,487071,151,561,2,7200,1.26916221034
486361,486539,487104,178,565,2,7200,1.31504424779
486382,486563,487136,181,573,2,7200,1.31588132635
486397,486579,487137,182,558,2,7200,1.32616487455
486398,486601,487144,203,543,2,7200,1.37384898711
486400,486649,487203,249,554,2,7200,1.44945848375
486415,486700,487236,285,536,2,7200,1.53171641791
486430,486787,487352,357,565,2,7200,1.63185840708
486431,486799,487319,368,520,2,7200,1.70769230769
486446,486806,487308,360,502,2,7200,1.7171314741
486470,486824,487382,354,558,2,7200,1.63440860215
486500,486831,487395,331,564,2,7200,1.58687943262
486527,486901,487473,374,572,2,7200,1.65384615385
486551,486913,487496,362,583,2,7200,1.62092624357
486569,486919,487485,350,566,2,7200,1.6183745583
486593,486926,487498,333,572,2,7200,1.58216783217
486641,486935,487434,294,499,2,7200,1.58917835671
486689,486942,487473,253,531,2,7200,1.47645951036
486774,486949,487517,175,568,2,7200,1.30809859155
486789,486954,487511,165,557,2,7200,1.29622980251
486803,486961,487539,158,578,2,7200,1.27335640138
486818,486968,487528,150,560,2,7200,1.26785714286
486833,486977,487548,144,571,2,7200,1.25218914186
486890,486992,487572,102,580,2,7200,1.17586206897
486905,487011,487571,106,560,2,7200,1.18928571429
486920,487024,487598,104,574,2,7200,1.18118466899
486922,487035,487610,113,575,2,7200,1.19652173913
486937,487051,487616,114,565,2,7200,1.2017699115
486939,487083,487666,144,583,2,7200,1.24699828473
486940,487116,487696,176,580,2,7200,1.30344827586
486941,487148,487727,207,579,2,7200,1.35751295337
486959,487154,487689,195,535,2,7200,1.36448598131
486960,487161,487701,201,540,2,7200,1.37222222222
486975,487215,487772,240,557,2,7200,1.43087971275
486990,487248,487797,258,549,2,7200,1.46994535519
487005,487320,487872,315,552,2,7200,1.57065217391
487020,487331,487909,311,578,2,7200,1.53806228374
487035,487365,487916,330,551,2,7200,1.59891107078
487049,487406,487976,357,570,2,7200,1.62631578947
487073,487445,488023,372,578,2,7200,1.64359861592
487103,487394,490078,291,2684,2,10800,1.10842026826
487106,487485,488053,379,568,2,7200,1.66725352113
487140,487490,488051,350,561,2,7200,1.623885918
487141,487498,488058,357,560,2,7200,1.6375
487156,487507,488074,351,567,2,7200,1.61904761905
487205,487514,488072,309,558,2,7200,1.55376344086
487238,487523,488065,285,542,2,7200,1.5258302583
487310,487529,488099,219,570,2,7200,1.38421052632
487325,487540,488090,215,550,2,7200,1.39090909091
487355,487552,488114,197,562,2,7200,1.35053380783
487385,487561,488017,176,456,2,7200,1.38596491228
487400,487582,488141,182,559,2,7200,1.32558139535
487436,487589,488158,153,569,2,7200,1.26889279438
487475,487609,488176,134,567,2,7200,1.23633156966
487477,487622,488193,145,571,2,7200,1.25394045534
487491,487629,488122,138,493,2,7200,1.2799188641
487506,487679,488253,173,574,2,7200,1.30139372822
487508,487701,488284,193,583,2,7200,1.33104631218
487523,487708,488254,185,546,2,7200,1.33882783883
487524,487715,488291,191,576,2,7200,1.33159722222
487539,487739,488303,200,564,2,7200,1.35460992908
487555,487784,488358,229,574,2,7200,1.39895470383
487556,487809,488362,253,553,2,7200,1.4575045208
487574,487884,488449,310,565,2,7200,1.54867256637
487576,487921,488487,345,566,2,7200,1.60954063604
487600,487929,488476,329,547,2,7200,1.60146252285
487614,487988,488561,374,573,2,7200,1.65270506108
487629,488029,488581,400,552,2,7200,1.72463768116
487668,488036,488621,368,585,2,7200,1.62905982906
487692,488063,488633,371,570,2,7200,1.65087719298
487707,488084,488608,377,524,2,7200,1.71946564885
487709,488090,488626,381,536,2,7200,1.71082089552
487729,488102,488660,373,558,2,7200,1.66845878136
487734,488069,561957,335,73888,3,86400,1.00453388913
487775,488111,488648,336,537,2,7200,1.62569832402
487799,488127,488704,328,577,2,7200,1.56845753899
487874,488134,488700,260,566,2,7200,1.4593639576
487910,488153,488704,243,551,2,7200,1.44101633394
487925,488170,488704,245,534,2,7200,1.45880149813
487980,488189,488704,209,515,2,7200,1.40582524272
488019,488205,488704,186,499,2,7200,1.37274549098
488033,488264,488704,231,440,2,7200,1.525
488041,488077,571060,36,82983,3,86400,1.0004338238
488051,488272,488704,221,432,2,7200,1.51157407407
488066,488296,488704,230,408,2,7200,1.5637254902
488068,488303,488704,235,401,2,7200,1.58603491272
488069,488316,488704,247,388,2,7200,1.63659793814
488084,488370,488704,286,334,2,7200,1.85628742515
488086,488377,488704,291,327,2,7200,1.88990825688
488101,488462,488704,361,242,2,7200,2.49173553719
488102,488488,488704,386,216,2,7200,2.78703703704
488117,488499,488704,382,205,2,7200,2.86341463415
488132,488573,488705,441,132,2,7200,4.34090909091
488147,488594,488705,447,111,2,7200,5.02702702703
488162,488620,488705,458,85,2,7200,6.38823529412
488177,488632,488705,455,73,2,7200,7.23287671233
488195,488639,488705,444,66,2,7200,7.72727272727
488251,488427,496673,176,8246,4,72000,1.02134368179
488255,488646,488705,391,59,2,7200,7.62711864407
488257,488660,488705,403,45,2,7200,9.95555555556
488287,488673,488705,386,32,2,7200,13.0625
488766,489537,575974,771,86437,12,86400,1.00891979129
489045,489051,489596,6,545,2,7200,1.01100917431
489047,489058,489602,11,544,2,7200,1.02022058824
489048,489063,489597,15,534,2,7200,1.02808988764
489049,489069,489604,20,535,2,7200,1.03738317757
489051,489074,489616,23,542,2,7200,1.04243542435
489052,489079,489613,27,534,2,7200,1.05056179775
489053,489086,489639,33,553,2,7200,1.05967450271
489055,489091,489627,36,536,2,7200,1.0671641791
489056,489096,489628,40,532,2,7200,1.07518796992
489057,489102,489646,45,544,2,7200,1.08272058824
489059,489107,489641,48,534,2,7200,1.08988764045
489060,489112,489655,52,543,2,7200,1.09576427256
489061,489117,489660,56,543,2,7200,1.10313075506
489063,489123,489675,60,552,2,7200,1.10869565217
489064,489128,489688,64,560,2,7200,1.11428571429
489066,489133,489693,67,560,2,7200,1.11964285714
489067,489139,489701,72,562,2,7200,1.128113879
489068,489144,489670,76,526,2,7200,1.14448669202
489070,489149,489694,79,545,2,7200,1.14495412844
489071,489155,489700,84,545,2,7200,1.15412844037
489072,489160,489704,88,544,2,7200,1.16176470588
489074,489542,490079,468,537,2,7200,1.87150837989
489075,489547,490098,472,551,2,7200,1.85662431942
489077,489553,490091,476,538,2,7200,1.88475836431
489078,489558,490090,480,532,2,7200,1.9022556391
489079,489563,490110,484,547,2,7200,1.88482632541
489081,489569,490113,488,544,2,7200,1.89705882353
489082,489574,490123,492,549,2,7200,1.89617486339
489084,489579,490133,495,554,2,7200,1.89350180505
489085,489584,490121,499,537,2,7200,1.92923649907
489086,489590,490148,504,558,2,7200,1.90322580645
489088,489595,490125,507,530,2,7200,1.95660377358
489089,489600,490131,511,531,2,7200,1.96233521657
489090,489606,490144,516,538,2,7200,1.95910780669
489092,489611,490166,519,555,2,7200,1.93513513514
489093,489617,490171,524,554,2,7200,1.94584837545
489095,489622,490157,527,535,2,7200,1.98504672897
489096,489627,490156,531,529,2,7200,2.00378071834
489097,489633,490162,536,529,2,7200,2.01323251418
489099,489638,490182,539,544,2,7200,1.99080882353
489597,489650,490188,53,538,2,7200,1.09851301115
489612,489656,490226,44,570,2,7200,1.07719298246
489614,489661,490197,47,536,2,7200,1.08768656716
489615,489666,490204,51,538,2,7200,1.09479553903
489630,489645,516327,15,26682,2,72000,1.00056217675
489630,489672,490226,42,554,2,7200,1.07581227437
489632,489677,490225,45,548,2,7200,1.08211678832
489633,489682,490228,49,546,2,7200,1.08974358974
489635,489688,490238,53,550,2,7200,1.09636363636
489650,489695,490251,45,556,2,7200,1.0809352518
489651,489700,490262,49,562,2,7200,1.0871886121
489652,489706,490247,54,541,2,7200,1.09981515712
489667,489711,490257,44,546,2,7200,1.08058608059
489668,489716,490274,48,558,2,7200,1.08602150538
489683,489722,490257,39,535,2,7200,1.07289719626
489685,489727,490273,42,546,2,7200,1.07692307692
489700,489734,490269,34,535,2,7200,1.06355140187
489702,489739,490304,37,565,2,7200,1.06548672566
489703,489745,490276,42,531,2,7200,1.0790960452
489704,489750,490314,46,564,2,7200,1.08156028369
489720,489755,490297,35,542,2,7200,1.06457564576
489721,489761,490298,40,537,2,7200,1.07448789572
490081,490088,490640,7,552,2,7200,1.01268115942
490096,490103,490642,7,539,2,7200,1.01298701299
490098,490109,490658,11,549,2,7200,1.02003642987
490113,490120,490659,7,539,2,7200,1.01298701299
490114,490127,490675,13,548,2,7200,1.02372262774
490116,490132,490676,16,544,2,7200,1.02941176471
490131,490139,490694,8,555,2,7200,1.01441441441
490133,490144,490701,11,557,2,7200,1.0197486535
490134,490151,490690,17,539,2,7200,1.03153988868
490135,490156,490697,21,541,2,7200,1.03881700555
490151,490162,490716,11,554,2,7200,1.01985559567
490152,490168,490739,16,571,2,7200,1.02802101576
490153,490173,490712,20,539,2,7200,1.03710575139
490168,490180,490721,12,541,2,7200,1.02218114603
490170,490185,490722,15,537,2,7200,1.02793296089
490171,490191,490721,20,530,2,7200,1.03773584906
490173,490196,490740,23,544,2,7200,1.04227941176
490188,490203,490749,15,546,2,7200,1.02747252747
490189,490208,490741,19,533,2,7200,1.03564727955
490190,490213,490766,23,553,2,7200,1.04159132007
490205,490220,490753,15,533,2,7200,1.02814258912
490207,490225,490808,18,583,2,7200,1.03087478559
490225,490231,490801,6,570,2,7200,1.01052631579
490240,490246,490811,6,565,2,7200,1.01061946903
490242,490254,490790,12,536,2,7200,1.0223880597
490243,490259,490829,16,570,2,7200,1.02807017544
490244,490264,490824,20,560,2,7200,1.03571428571
490260,490271,490841,11,570,2,7200,1.01929824561
490261,490276,490838,15,562,2,7200,1.02669039146
490262,490281,490833,19,552,2,7200,1.03442028986
490264,490287,490859,23,572,2,7200,1.04020979021
490279,490294,490860,15,566,2,7200,1.02650176678
490281,490299,490858,18,559,2,7200,1.03220035778
490282,490304,490871,22,567,2,7200,1.03880070547
490283,490310,490861,27,551,2,7200,1.04900181488
490285,490315,490866,30,551,2,7200,1.05444646098
490300,490322,490873,22,551,2,7200,1.03992740472
490301,490327,490891,26,564,2,7200,1.04609929078
490316,490333,490889,17,556,2,7200,1.03057553957
490317,490339,490906,22,567,2,7200,1.03880070547
490414,490421,490938,7,517,4,1800,1.01353965184
490467,490473,620118,6,129645,12,129600,1.00004628023
490518,490524,527818,6,37294,2,108000,1.00016088379
490642,490649,491190,7,541,2,7200,1.01293900185
490657,490664,491228,7,564,2,7200,1.01241134752
490671,490678,491247,7,569,2,7200,1.01230228471
490673,490685,491234,12,549,2,7200,1.0218579235
490688,490694,491261,6,567,2,7200,1.01058201058
490689,490701,491269,12,568,2,7200,1.02112676056
490705,490711,491275,6,564,2,7200,1.01063829787
490706,490718,491265,12,547,2,7200,1.02193784278
490708,490723,491260,15,537,2,7200,1.02793296089
490709,490728,491295,19,567,2,7200,1.03350970018
490725,490735,491304,10,569,2,7200,1.01757469244
490726,490740,491305,14,565,2,7200,1.02477876106
490728,490746,491304,18,558,2,7200,1.03225806452
490729,490752,491309,23,557,2,7200,1.04129263914
490730,490757,491331,27,574,2,7200,1.04703832753
490746,490762,491321,16,559,2,7200,1.02862254025
490747,490769,491336,22,567,2,7200,1.03880070547
490748,490774,491332,26,558,2,7200,1.04659498208
490764,490780,491349,16,569,2,7200,1.02811950791
490765,490786,491339,21,553,2,7200,1.03797468354
490780,490792,491338,12,546,2,7200,1.02197802198
490795,490801,491344,6,543,2,7200,1.01104972376
490810,490817,491378,7,561,2,7200,1.01247771836
490811,490824,491377,13,553,2,7200,1.02350813743
490826,490833,491392,7,559,2,7200,1.01252236136
490828,490839,491404,11,565,2,7200,1.01946902655
490843,490850,491416,7,566,2,7200,1.01236749117
490844,490856,491420,12,564,2,7200,1.02127659574
490846,490862,491422,16,560,2,7200,1.02857142857
490847,490867,491440,20,573,2,7200,1.03490401396
490862,490874,491418,12,544,2,7200,1.02205882353
490864,490879,491445,15,566,2,7200,1.02650176678
490865,490884,491458,19,574,2,7200,1.0331010453
490867,490890,491448,23,558,2,7200,1.04121863799
490882,490897,491464,15,567,2,7200,1.02645502646
490883,490902,491463,19,561,2,7200,1.03386809269
490885,490907,491475,22,568,2,7200,1.03873239437
490899,490914,491492,15,578,2,7200,1.02595155709
490901,490919,491484,18,565,2,7200,1.03185840708
490916,490926,491495,10,569,2,7200,1.01757469244
491192,491199,491769,7,570,2,7200,1.01228070175
491228,491235,491793,7,558,2,7200,1.01254480287
491242,491250,491809,8,559,2,7200,1.01431127013
491257,491264,491836,7,572,2,7200,1.01223776224
491272,491279,491842,7,563,2,7200,1.01243339254
491274,491285,491866,11,581,2,7200,1.01893287435
491275,491291,491855,16,564,2,7200,1.02836879433
491276,491296,491831,20,535,2,7200,1.03738317757
491291,491302,491870,11,568,2,7200,1.01936619718
491307,491314,491859,7,545,2,7200,1.0128440367
491308,491321,491865,13,544,2,7200,1.02389705882
491310,491326,491890,16,564,2,7200,1.02836879433
491311,491331,491894,20,563,2,7200,1.03552397869
491326,491339,491897,13,558,2,7200,1.02329749104
491327,491344,491898,17,554,2,7200,1.03068592058
491343,491351,491917,8,566,2,7200,1.01413427562
491344,491356,491922,12,566,2,7200,1.02120141343
491345,491363,491933,18,570,2,7200,1.03157894737
491347,491368,491937,21,569,2,7200,1.03690685413
491348,491373,491936,25,563,2,7200,1.04440497336
491363,491381,491940,18,559,2,7200,1.03220035778
491364,491386,491953,22,567,2,7200,1.03880070547
491379,491393,491959,14,566,2,7200,1.02473498233
491380,491398,491961,18,563,2,7200,1.03197158082
491395,491405,491967,10,562,2,7200,1.01779359431
491395,500955,501189,9560,234,128,600,41.8547008547
491410,491416,491970,6,554,2,7200,1.01083032491
491426,491432,491979,6,547,2,7200,1.01096892139
491427,491439,491986,12,547,2,7200,1.02193784278
491429,491444,492010,15,566,2,7200,1.02650176678
491430,491450,492006,20,556,2,7200,1.03597122302
491445,491456,492010,11,554,2,7200,1.01985559567
491460,491466,492042,6,576,2,7200,1.01041666667
491461,491473,492045,12,572,2,7200,1.02097902098
491463,491478,492030,15,552,2,7200,1.02717391304
491478,491485,492064,7,579,2,7200,1.01208981002
491479,491492,492071,13,579,2,7200,1.02245250432
491481,491497,492068,16,571,2,7200,1.02802101576
491496,491504,492075,8,571,2,7200,1.01401050788
491497,491509,492091,12,582,2,7200,1.0206185567
491498,491516,492094,18,578,2,7200,1.03114186851
491669,491676,533631,7,41955,2,126000,1.00016684543
491771,491778,492343,7,565,2,7200,1.01238938053
491795,491801,492366,6,565,2,7200,1.01061946903
491810,491817,492384,7,567,2,7200,1.01234567901
491834,491841,492407,7,566,2,7200,1.01236749117
491849,491856,492400,7,544,2,7200,1.01286764706
491850,491863,492402,13,539,2,7200,1.0241187384
491866,491873,492443,7,570,2,7200,1.01228070175
491867,491880,492436,13,556,2,7200,1.02338129496
491869,491885,492450,16,565,2,7200,1.02831858407
491870,491891,492468,21,577,2,7200,1.03639514731
491885,491898,492465,13,567,2,7200,1.02292768959
491901,491907,492467,6,560,2,7200,1.01071428571
491903,491915,492483,12,568,2,7200,1.02112676056
491904,491920,492477,16,557,2,7200,1.02872531418
491905,491926,492478,21,552,2,7200,1.03804347826
491920,491933,492497,13,564,2,7200,1.02304964539
491935,491942,492508,7,566,2,7200,1.01236749117
491937,491949,492515,12,566,2,7200,1.02120141343
491952,491958,492518,6,560,2,7200,1.01071428571
491954,491966,492515,12,549,2,7200,1.0218579235
491955,491971,492551,16,580,2,7200,1.0275862069
491971,491978,492543,7,565,2,7200,1.01238938053
491972,491985,492534,13,549,2,7200,1.02367941712
491974,491990,492571,16,581,2,7200,1.02753872633
491975,491996,492566,21,570,2,7200,1.03684210526
491976,492001,492567,25,566,2,7200,1.04416961131
491992,492008,492581,16,573,2,7200,1.02792321117
491993,492013,492586,20,573,2,7200,1.03490401396
492008,492020,492586,12,566,2,7200,1.02120141343
492023,492031,492589,8,558,2,7200,1.01433691756
492025,492038,492606,13,568,2,7200,1.02288732394
492040,492047,492614,7,567,2,7200,1.01234567901
492055,492062,492627,7,565,2,7200,1.01238938053
492057,492069,492635,12,566,2,7200,1.02120141343
492072,492078,492647,6,569,2,7200,1.01054481547
492073,492085,492652,12,567,2,7200,1.02116402116
492075,492090,492648,15,558,2,7200,1.02688172043
492090,492097,492668,7,571,2,7200,1.0122591944
492105,492112,492694,7,582,2,7200,1.01202749141
492106,492119,492673,13,554,2,7200,1.02346570397
492345,492353,492902,8,549,2,7200,1.014571949
492369,492375,492960,6,585,2,7200,1.01025641026
492387,492394,492955,7,561,2,7200,1.01247771836
492402,492409,492965,7,556,2,7200,1.01258992806
492417,492424,493006,7,582,2,7200,1.01202749141
492418,492431,492997,13,566,2,7200,1.02296819788
492439,492446,493014,7,568,2,7200,1.01232394366
492454,492460,493017,6,557,2,7200,1.01077199282
492456,492467,493050,11,583,2,7200,1.01886792453
492471,492478,493045,7,567,2,7200,1.01234567901
492472,492486,493051,14,565,2,7200,1.02477876106
492474,492491,493057,17,566,2,7200,1.03003533569
492489,492498,493069,9,571,2,7200,1.01576182137
492491,492503,493073,12,570,2,7200,1.02105263158
492492,492510,493068,18,558,2,7200,1.03225806452
492507,492516,493078,9,562,2,7200,1.01601423488
492522,492530,493105,8,575,2,7200,1.01391304348
492524,492535,493110,11,575,2,7200,1.01913043478
492525,492541,493106,16,565,2,7200,1.02831858407
492527,492547,493121,20,574,2,7200,1.03484320557
492541,492554,493121,13,567,2,7200,1.02292768959
492556,492563,493126,7,563,2,7200,1.01243339254
492558,492570,493133,12,563,2,7200,1.02131438721
492573,492580,493147,7,567,2,7200,1.01234567901
492575,492587,493152,12,565,2,7200,1.02123893805
492576,492592,493154,16,562,2,7200,1.02846975089
492592,492599,493172,7,573,2,7200,1.01221640489
492593,492606,493151,13,545,2,7200,1.02385321101
492595,492611,493168,16,557,2,7200,1.02872531418
492596,492616,493194,20,578,2,7200,1.03460207612
492611,492624,493094,13,470,2,7200,1.02765957447
492626,492633,493218,7,585,2,7200,1.01196581197
492641,492647,493210,6,563,2,7200,1.01065719361
492642,492653,493220,11,567,2,7200,1.01940035273
492657,492664,493231,7,567,2,7200,1.01234567901
492658,492670,493238,12,568,2,7200,1.02112676056
492660,492676,493245,16,569,2,7200,1.02811950791
492671,500933,500940,8262,7,128,3599,826.9
492675,492683,493252,8,569,2,7200,1.01405975395
492676,492688,493253,12,565,2,7200,1.02123893805
492697,492703,493254,6,551,2,7200,1.0108892922
492748,492755,492829,7,74,4,3600,1.09459459459
492836,492842,492887,6,45,16,3600,1.13333333333
492903,492911,493472,8,561,2,7200,1.01426024955
492940,492946,552618,6,59672,2,144000,1.00010054967
492957,492965,493530,8,565,2,7200,1.01415929204
492972,492978,493543,6,565,2,7200,1.01061946903
492974,492985,493539,11,554,2,7200,1.01985559567
492997,493005,493570,8,565,2,7200,1.01415929204
493012,493018,493582,6,564,2,7200,1.01063829787
493027,493034,493599,7,565,2,7200,1.01238938053
493028,493040,493597,12,557,2,7200,1.02154398564
493046,493053,493617,7,564,2,7200,1.01241134752
493061,493068,493615,7,547,2,7200,1.01279707495
493063,493075,493635,12,560,2,7200,1.02142857143
493064,493080,493636,16,556,2,7200,1.02877697842
493080,493087,493655,7,568,2,7200,1.01232394366
493081,493094,493659,13,565,2,7200,1.02300884956
493082,493099,493661,17,562,2,7200,1.03024911032
493084,493104,493672,20,568,2,7200,1.03521126761
493098,493111,493683,13,572,2,7200,1.02272727273
493114,493120,493692,6,572,2,7200,1.01048951049
493115,493127,493672,12,545,2,7200,1.02201834862
493116,493132,493673,16,541,2,7200,1.02957486137
493131,493139,493704,8,565,2,7200,1.01415929204
493133,493146,493709,13,563,2,7200,1.02309058615
493134,493151,493727,17,576,2,7200,1.02951388889
493149,493158,493725,9,567,2,7200,1.01587301587
493151,493163,493667,12,504,2,7200,1.02380952381
493166,493172,493736,6,564,2,7200,1.01063829787
493167,493179,493744,12,565,2,7200,1.02123893805
493168,493185,493748,17,563,2,7200,1.03019538188
493183,493192,493761,9,569,2,7200,1.0158172232
493185,493197,493777,12,580,2,7200,1.02068965517
493199,493205,493765,6,560,2,7200,1.01071428571
493214,493221,493788,7,567,2,7200,1.01234567901
493229,493236,493798,7,562,2,7200,1.01245551601
493230,493242,493797,12,555,2,7200,1.02162162162
493246,493252,493811,6,559,2,7200,1.01073345259
493247,493260,493820,13,560,2,7200,1.02321428571
493248,493265,493825,17,560,2,7200,1.03035714286
493264,493272,493833,8,561,2,7200,1.01426024955
493265,493277,493832,12,555,2,7200,1.02162162162
493266,493284,493830,18,546,2,7200,1.03296703297
493473,493480,494038,7,558,2,7200,1.01254480287
493499,493689,500920,190,7231,32,7200,1.02627575716
493533,493540,494094,7,554,2,7200,1.01263537906
493548,493554,494132,6,578,2,7200,1.01038062284
493549,493561,494129,12,568,2,7200,1.02112676056
493570,493576,494160,6,584,2,7200,1.0102739726
493579,501201,508418,7622,7217,32,7200,2.05611750035
493585,493592,494133,7,541,2,7200,1.01293900185
493596,508433,515663,14837,7230,32,7200,3.05214384509
493600,493607,494171,7,564,2,7200,1.01241134752
493601,493614,494182,13,568,2,7200,1.02288732394
493602,515675,522913,22073,7238,32,7200,4.04959933683
493609,522925,530155,29316,7230,32,7200,5.05477178423
493613,530168,537398,36555,7230,32,7200,6.05601659751
493616,493622,494189,6,567,2,7200,1.01058201058
493617,537412,544643,43795,7231,32,7200,7.05656202462
493631,493638,494202,7,564,2,7200,1.01241134752
493646,493653,494227,7,574,2,7200,1.01219512195
493647,493660,494225,13,565,2,7200,1.02300884956
493662,493670,494250,8,580,2,7200,1.01379310345
493664,493675,494240,11,565,2,7200,1.01946902655
493665,493682,494255,17,573,2,7200,1.02966841187
493680,493694,494269,14,575,2,7200,1.02434782609
493682,493700,494264,18,564,2,7200,1.03191489362
493683,493707,494268,24,561,2,7200,1.04278074866
493684,493712,494272,28,560,2,7200,1.05
493699,493717,494290,18,573,2,7200,1.03141361257
493701,493723,494291,22,568,2,7200,1.03873239437
493716,493730,494289,14,559,2,7200,1.02504472272
493717,493735,494301,18,566,2,7200,1.03180212014
493732,493742,494307,10,565,2,7200,1.01769911504
493734,493747,494311,13,564,2,7200,1.02304964539
493750,493756,494314,6,558,2,7200,1.01075268817
493751,493763,494335,12,572,2,7200,1.02097902098
493752,493768,494337,16,569,2,7200,1.02811950791
493767,493775,494342,8,567,2,7200,1.01410934744
493769,493780,494345,11,565,2,7200,1.01946902655
493783,493791,494362,8,571,2,7200,1.01401050788
493798,493805,494371,7,566,2,7200,1.01236749117
493800,493812,494383,12,571,2,7200,1.02101576182
493801,493817,494387,16,570,2,7200,1.02807017544
493816,493845,494101,29,256,8,3600,1.11328125
493816,493824,494390,8,566,2,7200,1.01413427562
493832,493838,494404,6,566,2,7200,1.01060070671
493833,493850,494404,17,554,2,7200,1.03068592058
493834,493855,494422,21,567,2,7200,1.03703703704
493849,493863,494432,14,569,2,7200,1.02460456942
493851,493868,494428,17,560,2,7200,1.03035714286
493900,494113,496442,213,2329,4,15420,1.09145556033
494012,494118,495349,106,1231,4,15360,1.08610885459
494039,494046,494605,7,559,2,7200,1.01252236136
494096,494102,494653,6,551,2,7200,1.0108892922
494112,494146,495349,34,1203,4,15360,1.02826267664
494132,494139,494706,7,567,2,7200,1.01234567901
494147,494154,494726,7,572,2,7200,1.01223776224
494148,494160,494726,12,566,2,7200,1.02120141343
494163,494169,494745,6,576,2,7200,1.01041666667
494178,494185,494749,7,564,2,7200,1.01241134752
494193,494200,494746,7,546,2,7200,1.01282051282
494194,494207,494787,13,580,2,7200,1.0224137931
494209,494216,494783,7,567,2,7200,1.01234567901
494227,494234,494812,7,578,2,7200,1.01211072664
494229,494246,494811,17,565,2,7200,1.03008849558
494234,494241,494288,7,47,2,14400,1.14893617021
494244,494253,494819,9,566,2,7200,1.01590106007
494259,494266,494843,7,577,2,7200,1.01213171577
494260,494273,494853,13,580,2,7200,1.0224137931
494275,494282,494846,7,564,2,7200,1.01241134752
494277,494288,494857,11,569,2,7200,1.01933216169
494278,494295,494862,17,567,2,7200,1.02998236332
494279,494300,494855,21,555,2,7200,1.03783783784
494294,494307,494878,13,571,2,7200,1.02276707531
494296,494312,494872,16,560,2,7200,1.02857142857
494297,494318,494876,21,558,2,7200,1.0376344086
494312,494325,494863,13,538,2,7200,1.02416356877
494314,494330,494890,16,560,2,7200,1.02857142857
494315,494335,494915,20,580,2,7200,1.03448275862
494330,494342,494904,12,562,2,7200,1.02135231317
494345,494353,494920,8,567,2,7200,1.01410934744
494347,494358,494909,11,551,2,7200,1.01996370236
494348,494365,494926,17,561,2,7200,1.0303030303
494349,494370,494921,21,551,2,7200,1.03811252269
494364,494377,494948,13,571,2,7200,1.02276707531
494380,494387,494924,7,537,2,7200,1.01303538175
494381,494394,494958,13,564,2,7200,1.02304964539
494382,494399,494955,17,556,2,7200,1.03057553957
494397,494406,494985,9,579,2,7200,1.01554404145
494412,494418,494972,6,554,2,7200,1.01083032491
494413,494425,494987,12,562,2,7200,1.02135231317
494428,494436,494998,8,562,2,7200,1.01423487544
494430,494443,494988,13,545,2,7200,1.02385321101
494445,494452,495001,7,549,2,7200,1.01275045537
494606,494612,495172,6,560,2,7200,1.01071428571
494654,494661,495227,7,566,2,7200,1.01236749117
494708,494715,495268,7,553,2,7200,1.01265822785
494729,494736,495306,7,570,2,7200,1.01228070175
494730,494743,495316,13,573,2,7200,1.02268760908
494745,494752,495317,7,565,2,7200,1.01238938053
494760,494767,495335,7,568,2,7200,1.01232394366
494761,494773,495327,12,554,2,7200,1.02166064982
494786,494793,495362,7,569,2,7200,1.01230228471
494800,494806,495377,6,571,2,7200,1.01050788091
494815,494821,495395,6,574,2,7200,1.01045296167
494817,494828,495408,11,580,2,7200,1.01896551724
494831,494837,495381,6,544,2,7200,1.01102941176
494846,494852,495395,6,543,2,7200,1.01104972376
494862,494869,495450,7,581,2,7200,1.01204819277
494863,494876,495448,13,572,2,7200,1.02272727273
494865,494881,495459,16,578,2,7200,1.0276816609
494866,494887,495454,21,567,2,7200,1.03703703704
494881,494893,495460,12,567,2,7200,1.02116402116
494883,494898,495477,15,579,2,7200,1.02590673575
494884,494904,495481,20,577,2,7200,1.03466204506
494885,494909,495474,24,565,2,7200,1.04247787611
494887,494914,495489,27,575,2,7200,1.04695652174
494902,494921,495462,19,541,2,7200,1.03512014787
494917,494928,495488,11,560,2,7200,1.01964285714
494919,494933,495497,14,564,2,7200,1.02482269504
494920,494938,495497,18,559,2,7200,1.03220035778
494935,494945,495498,10,553,2,7200,1.01808318264
494937,494950,495513,13,563,2,7200,1.02309058615
494938,494955,495514,17,559,2,7200,1.03041144902
494940,494963,495525,23,562,2,7200,1.0409252669
494954,494968,495539,14,571,2,7200,1.02451838879
494969,494977,495554,8,577,2,7200,1.01386481802
494971,494984,495546,13,562,2,7200,1.0231316726
494986,494993,495564,7,571,2,7200,1.0122591944
494987,495000,495539,13,539,2,7200,1.0241187384
495003,495009,495575,6,566,2,7200,1.01060070671
495004,495016,495582,12,566,2,7200,1.02120141343
495006,495021,495588,15,567,2,7200,1.02645502646
495007,495027,495588,20,561,2,7200,1.03565062389
495174,495180,495760,6,580,2,7200,1.01034482759
495216,495361,495613,145,252,8,3600,1.5753968254
495229,495235,495789,6,554,2,7200,1.01083032491
495271,495278,495842,7,564,2,7200,1.01241134752
495307,495314,495886,7,572,2,7200,1.01223776224
495322,495329,495901,7,572,2,7200,1.01223776224
495323,495336,495905,13,569,2,7200,1.02284710018
495338,495344,495907,6,563,2,7200,1.01065719361
495340,495352,495932,12,580,2,7200,1.02068965517
495364,495371,495934,7,563,2,7200,1.01243339254
495379,495385,495946,6,561,2,7200,1.01069518717
495395,495401,495959,6,558,2,7200,1.01075268817
495397,495409,495977,12,568,2,7200,1.02112676056
495407,495415,510819,8,15404,4,15360,1.00051934562
495412,495422,496000,10,578,2,7200,1.01730103806
495413,495427,495997,14,570,2,7200,1.02456140351
495449,495456,496023,7,567,2,7200,1.01234567901
495451,495464,496028,13,564,2,7200,1.02304964539
495467,495474,496056,7,582,2,7200,1.01202749141
495468,495480,496045,12,565,2,7200,1.02123893805
495470,495486,496056,16,570,2,7200,1.02807017544
495471,495491,496058,20,567,2,7200,1.03527336861
495486,495498,496061,12,563,2,7200,1.02131438721
495488,495503,496072,15,569,2,7200,1.02636203866
495489,495509,496080,20,571,2,7200,1.0350262697
495505,495516,496075,11,559,2,7200,1.01967799642
495506,495521,496097,15,576,2,7200,1.02604166667
495508,495527,496091,19,564,2,7200,1.03368794326
495509,495532,496097,23,565,2,7200,1.0407079646
495511,495539,496106,28,567,2,7200,1.04938271605
495526,495544,496121,18,577,2,7200,1.03119584055
495527,495550,496124,23,574,2,7200,1.04006968641
495529,495555,496099,26,544,2,7200,1.04779411765
495544,495562,496131,18,569,2,7200,1.0316344464
495545,495567,496133,22,566,2,7200,1.03886925795
495560,495573,496137,13,564,2,7200,1.02304964539
495561,495579,496139,18,560,2,7200,1.03214285714
495577,495586,496163,9,577,2,7200,1.01559792028
495578,495591,496144,13,553,2,7200,1.02350813743
495594,495600,496174,6,574,2,7200,1.01045296167
495595,495607,496185,12,578,2,7200,1.02076124567
495596,495612,496179,16,567,2,7200,1.02821869489
495763,495769,496340,6,571,2,7200,1.01050788091
495790,495796,496361,6,565,2,7200,1.01061946903
495844,495850,496413,6,563,2,7200,1.01065719361
495889,495895,496463,6,568,2,7200,1.01056338028
495904,495910,496475,6,565,2,7200,1.01061946903
495917,495923,496207,6,284,4,3540,1.02112676056
495919,495931,496506,12,575,2,7200,1.02086956522
495920,495936,496503,16,567,2,7200,1.02821869489
495935,496069,496746,134,677,4,3540,1.19793205318
495935,495942,496497,7,555,2,7200,1.01261261261
495937,495950,496520,13,570,2,7200,1.02280701754
495948,496081,496742,133,661,4,3540,1.20121028744
495952,495959,496525,7,566,2,7200,1.01236749117
495963,496099,496723,136,624,4,3540,1.21794871795
495967,495974,496536,7,562,2,7200,1.01245551601
495981,495989,496553,8,564,2,7200,1.01418439716
495986,496122,496718,136,596,4,3540,1.22818791946
495999,496006,496573,7,567,2,7200,1.01234567901
496001,496013,496578,12,565,2,7200,1.02123893805
496016,496127,496128,111,1,4,3540,11.2
496025,496031,496593,6,562,2,7200,1.01067615658
496040,496047,496628,7,581,2,7200,1.01204819277
496041,496167,496168,126,1,4,3540,12.7
496055,496062,496606,7,544,2,7200,1.01286764706
496057,496074,496641,17,567,2,7200,1.02998236332
496058,496173,496492,115,319,4,3540,1.3605015674
496072,496086,496651,14,565,2,7200,1.02477876106
496074,496092,496663,18,571,2,7200,1.03152364273
496075,496104,496686,29,582,2,7200,1.04982817869
496076,496110,496676,34,566,2,7200,1.06007067138
496092,496115,496689,23,574,2,7200,1.04006968641
496093,496133,496702,40,569,2,7200,1.07029876977
496094,496138,496704,44,566,2,7200,1.0777385159
496110,496144,496705,34,561,2,7200,1.06060606061
496111,496149,496715,38,566,2,7200,1.06713780919
496113,496154,496706,41,552,2,7200,1.07427536232
496114,496160,496726,46,566,2,7200,1.08127208481
496129,496178,496747,49,569,2,7200,1.08611599297
496130,496183,496740,53,557,2,7200,1.09515260323
496146,496189,496747,43,558,2,7200,1.0770609319
496150,496194,496762,44,568,2,7200,1.07746478873
496151,496200,496761,49,561,2,7200,1.08734402852
496153,496205,496753,52,548,2,7200,1.09489051095
496154,496210,496774,56,564,2,7200,1.09929078014
496169,496222,496795,53,573,2,7200,1.092495637
496171,496217,496218,46,1,2,10800,4.7
496184,496228,496778,44,550,2,7200,1.08
496186,496233,496796,47,563,2,7200,1.08348134991
496200,496239,496797,39,558,2,7200,1.06989247312
496226,496246,496501,20,255,8,3600,1.07843137255
496316,501206,502381,4890,1175,20,86399,5.16170212766
496340,496347,496910,7,563,2,7200,1.01243339254
496357,496365,503724,8,7359,2,10800,1.00108710423
496364,496371,496947,7,576,2,7200,1.01215277778
496412,496419,496968,7,549,2,7200,1.01275045537
496466,496473,497043,7,570,2,7200,1.01228070175
496481,496487,497050,6,563,2,7200,1.01065719361
496499,496506,497068,7,562,2,7200,1.01245551601
496514,496521,497074,7,553,2,7200,1.01265822785
496515,496528,497093,13,565,2,7200,1.02300884956
496530,496536,497108,6,572,2,7200,1.01048951049
496532,496544,497111,12,567,2,7200,1.02116402116
496546,496552,497114,6,562,2,7200,1.01067615658
496561,496568,497133,7,565,2,7200,1.01238938053
496576,496583,497159,7,576,2,7200,1.01215277778
496591,496597,497164,6,567,2,7200,1.01058201058
496606,496613,497170,7,557,2,7200,1.01256732496
496607,496620,497200,13,580,2,7200,1.0224137931
496631,496637,497213,6,576,2,7200,1.01041666667
496646,496652,497217,6,565,2,7200,1.01061946903
496660,496667,497229,7,562,2,7200,1.01245551601
496675,496681,497260,6,579,2,7200,1.0103626943
496690,496696,497266,6,570,2,7200,1.01052631579
496692,496703,497283,11,580,2,7200,1.01896551724
496693,496708,497274,15,566,2,7200,1.02650176678
496708,496715,497296,7,581,2,7200,1.01204819277
496710,496722,497296,12,574,2,7200,1.02090592334
496711,496727,497293,16,566,2,7200,1.02826855124
496712,496732,497297,20,565,2,7200,1.03539823009
496727,496739,497306,12,567,2,7200,1.02116402116
496729,496744,497310,15,566,2,7200,1.02650176678
496730,500938,572945,4208,72007,4,72000,1.0584387629
496746,496752,497318,6,566,2,7200,1.01060070671
496761,496768,497333,7,565,2,7200,1.01238938053
496763,496775,497341,12,566,2,7200,1.02120141343
496764,496780,497363,16,583,2,7200,1.02744425386
496766,496785,497353,19,568,2,7200,1.03345070423
496781,496793,497350,12,557,2,7200,1.02154398564
496782,496798,497353,16,555,2,7200,1.02882882883
496784,496803,497361,19,558,2,7200,1.03405017921
496799,496811,497378,12,567,2,7200,1.02116402116
496800,496816,497361,16,545,2,7200,1.02935779817
496802,496822,497386,20,564,2,7200,1.03546099291
496911,496918,497489,7,571,2,7200,1.0122591944
496950,496957,497514,7,557,2,7200,1.01256732496
496971,496978,497540,7,562,2,7200,1.01245551601
497046,497052,497606,6,554,2,7200,1.01083032491
497061,497067,497621,6,554,2,7200,1.01083032491
497076,497083,497647,7,564,2,7200,1.01241134752
497077,497090,497660,13,570,2,7200,1.02280701754
497095,497102,497674,7,572,2,7200,1.01223776224
497110,497116,497683,6,567,2,7200,1.01058201058
497125,497131,497693,6,562,2,7200,1.01067615658
497126,497138,497670,12,532,2,7200,1.02255639098
497141,497147,497716,6,569,2,7200,1.01054481547
497162,497168,497740,6,572,2,7200,1.01048951049
497176,497183,497751,7,568,2,7200,1.01232394366
497178,497190,497769,12,579,2,7200,1.0207253886
497191,501313,537330,4122,36017,1,39600,1.11444595608
497202,497209,497786,7,577,2,7200,1.01213171577
497217,497223,497793,6,570,2,7200,1.01052631579
497218,497230,497786,12,556,2,7200,1.02158273381
497233,497278,497847,45,569,2,7200,1.07908611599
497263,497286,497853,23,567,2,7200,1.0405643739
497278,497304,497872,26,568,2,7200,1.04577464789
497279,497311,497879,32,568,2,7200,1.05633802817
497295,497316,497888,21,572,2,7200,1.03671328671
497296,497619,498182,323,563,2,7200,1.57371225577
497297,497633,498196,336,563,2,7200,1.59680284192
497313,497659,498226,346,567,2,7200,1.6102292769
497315,497671,498251,356,580,2,7200,1.61379310345
497316,497682,498252,366,570,2,7200,1.64210526316
497317,497689,498261,372,572,2,7200,1.65034965035
497332,497696,498245,364,549,2,7200,1.66302367942
497347,497706,498285,359,579,2,7200,1.62003454231
497349,497728,498300,379,572,2,7200,1.66258741259
497364,497751,498317,387,566,2,7200,1.68374558304
497366,497763,498343,397,580,2,7200,1.68448275862
497367,497781,498349,414,568,2,7200,1.72887323944
497368,497798,498366,430,568,2,7200,1.75704225352
497370,497803,498365,433,562,2,7200,1.77046263345
497371,497810,498376,439,566,2,7200,1.77561837456
497386,497860,498428,474,568,2,7200,1.83450704225
497387,497867,498435,480,568,2,7200,1.84507042254
497490,497885,498443,395,558,2,7200,1.70788530466
497517,497891,498461,374,570,2,7200,1.65614035088
497541,497899,498463,358,564,2,7200,1.63475177305
497579,501318,537337,3739,36019,1,39600,1.10380632444
497610,498194,498766,584,572,2,7200,2.02097902098
497625,498208,498775,583,567,2,7200,2.02821869489
497648,498237,498802,589,565,2,7200,2.04247787611
497663,498257,498822,594,565,2,7200,2.05132743363
497678,498263,498823,585,560,2,7200,2.04464285714
497679,498269,498834,590,565,2,7200,2.04424778761
497694,498275,498838,581,563,2,7200,2.03197158082
497696,498297,498863,601,566,2,7200,2.06183745583
497717,498312,498872,595,560,2,7200,2.0625
497741,498329,498902,588,573,2,7200,2.02617801047
497755,498355,498908,600,553,2,7200,2.08499095841
497770,498361,498926,591,565,2,7200,2.04601769912
497788,498378,498959,590,581,2,7200,2.01549053356
497789,498383,498966,594,583,2,7200,2.01886792453
497804,498390,498943,586,553,2,7200,2.05967450271
497850,498440,499008,590,568,2,7200,2.03873239437
497864,498447,499013,583,566,2,7200,2.03003533569
497879,498455,499015,576,560,2,7200,2.02857142857
497881,498473,499015,592,542,2,7200,2.09225092251
497895,498480,499040,585,560,2,7200,2.04464285714
497921,500943,512746,3022,11803,4,11760,1.25603660086
498185,498778,499357,593,579,2,7200,2.02417962003
498200,498788,499363,588,575,2,7200,2.02260869565
498227,498815,499374,588,559,2,7200,2.0518783542
498248,498834,499415,586,581,2,7200,2.00860585198
498263,498841,499399,578,558,2,7200,2.03584229391
498264,498848,499415,584,567,2,7200,2.02998236332
498266,498855,499407,589,552,2,7200,2.06702898551
498287,498875,499424,588,549,2,7200,2.07103825137
498301,498883,499458,582,575,2,7200,2.01217391304
498319,498913,499462,594,549,2,7200,2.08196721311
498346,498921,499499,575,578,2,7200,1.99480968858
498361,498938,499483,577,545,2,7200,2.05871559633
498376,498955,499520,579,565,2,7200,2.02477876106
498377,498972,499549,595,577,2,7200,2.03119584055
498392,498979,499548,587,569,2,7200,2.0316344464
498431,499021,499585,590,564,2,7200,2.04609929078
498446,499028,499590,582,562,2,7200,2.03558718861
498448,499033,499600,585,567,2,7200,2.03174603175
498462,499039,499597,577,558,2,7200,2.03405017921
498464,499051,499614,587,563,2,7200,2.04262877442
498763,499370,499945,607,575,2,7200,2.05565217391
498778,499377,499942,599,565,2,7200,2.06017699115
498805,499386,499952,581,566,2,7200,2.02650176678
498822,499411,499974,589,563,2,7200,2.04618117229
498837,499419,500005,582,586,2,7200,1.99317406143
498839,499427,499997,588,570,2,7200,2.03157894737
498854,499432,499999,578,567,2,7200,2.01940035273
498868,499439,500008,571,569,2,7200,2.00351493849
498883,499470,500036,587,566,2,7200,2.0371024735
498904,499476,500034,572,558,2,7200,2.02508960573
498919,499495,500063,576,568,2,7200,2.01408450704
498934,499511,500046,577,535,2,7200,2.0785046729
498948,499531,500090,583,559,2,7200,2.04293381038
498963,499560,500134,597,574,2,7200,2.04006968641
498978,499567,500125,589,558,2,7200,2.05555555556
499011,499597,500151,586,554,2,7200,2.05776173285
499026,499604,500171,578,567,2,7200,2.01940035273
499028,499610,500181,582,571,2,7200,2.01926444834
499029,499618,500181,589,563,2,7200,2.04618117229
499044,499626,500194,582,568,2,7200,2.02464788732
499358,499957,500524,599,567,2,7200,2.05643738977
499373,499962,500529,589,567,2,7200,2.03880070547
499388,499969,500531,581,562,2,7200,2.03380782918
499403,499986,500550,583,564,2,7200,2.03368794326
499418,500009,500576,591,567,2,7200,2.04232804233
499419,500016,500580,597,564,2,7200,2.0585106383
499421,500023,500575,602,552,2,7200,2.09057971014
499436,500028,500595,592,567,2,7200,2.04409171076
499459,500046,500610,587,564,2,7200,2.04078014184
499474,500052,500620,578,568,2,7200,2.0176056338
499489,500060,500624,571,564,2,7200,2.01241134752
499504,500075,500641,571,566,2,7200,2.00883392226
499522,500102,500671,580,569,2,7200,2.01933216169
499549,500137,500720,588,583,2,7200,2.00857632933
499551,500146,500717,595,571,2,7200,2.04203152364
499587,500162,500730,575,568,2,7200,2.01232394366
499602,500184,500757,582,573,2,7200,2.01570680628
499603,500192,500757,589,565,2,7200,2.04247787611
499604,500197,500772,593,575,2,7200,2.03130434783
499619,500207,500764,588,557,2,7200,2.05565529623
499945,500537,501099,592,562,2,7200,2.05338078292
499947,500544,501111,597,567,2,7200,2.05291005291
499962,500549,501112,587,563,2,7200,2.04262877442
499976,500561,501118,585,557,2,7200,2.05026929982
499997,500587,501167,590,580,2,7200,2.01724137931
500012,500593,501161,581,568,2,7200,2.02288732394
500014,500599,501154,585,555,2,7200,2.05405405405
500015,500607,501176,592,569,2,7200,2.04042179262
500036,500621,501200,585,579,2,7200,2.0103626943
500051,500631,501195,580,564,2,7200,2.02836879433
500052,500639,501200,587,561,2,7200,2.04634581105
500067,500653,501227,586,574,2,7200,2.02090592334
500091,500683,501259,592,576,2,7200,2.02777777778
500127,500729,501297,602,568,2,7200,2.05985915493
500142,500735,501302,593,567,2,7200,2.04585537919
500157,500742,501309,585,567,2,7200,2.03174603175
500174,500768,501334,594,566,2,7200,2.04946996466
500189,500774,501343,585,569,2,7200,2.02811950791
500191,500780,501347,589,567,2,7200,2.03880070547
500206,500786,501336,580,550,2,7200,2.05454545455
500335,501211,554222,876,53011,4,108960,1.0165248722
500526,500804,501374,278,570,2,7200,1.48771929825
500541,500949,501519,408,570,2,7200,1.71578947368
500543,501110,501694,567,584,2,7200,1.97089041096
500557,501123,501693,566,570,2,7200,1.99298245614
500575,501130,501702,555,572,2,7200,1.97027972028
500590,501135,501707,545,572,2,7200,1.9527972028
500591,501166,501729,575,563,2,7200,2.02131438721
500606,501172,501759,566,587,2,7200,1.96422487223
500621,501180,501741,559,561,2,7200,1.99643493761
500622,501187,501753,565,566,2,7200,1.99823321555
500637,501217,501785,580,568,2,7200,2.02112676056
500652,501222,501789,570,567,2,7200,2.00529100529
500673,501227,501801,554,574,2,7200,1.96515679443
500718,501233,501797,515,564,2,7200,1.91312056738
500733,501238,501807,505,569,2,7200,1.88752196837
500734,501243,501810,509,567,2,7200,1.89770723104
500758,501249,501829,491,580,2,7200,1.84655172414
500759,501254,501821,495,567,2,7200,1.87301587302
500774,501259,501818,485,559,2,7200,1.86762075134
500776,501265,501820,489,555,2,7200,1.88108108108
501102,501270,501839,168,569,2,7200,1.29525483304
501117,501275,501833,158,558,2,7200,1.28315412186
501118,501281,501862,163,581,2,7200,1.28055077453
501133,501286,501849,153,563,2,7200,1.27175843694
501157,501291,501870,134,579,2,7200,1.23143350604
501172,501297,501857,125,560,2,7200,1.22321428571
501174,501302,501807,128,505,2,7200,1.25346534653
501189,501307,501891,118,584,2,7200,1.20205479452
501204,501325,501888,121,563,2,7200,1.21492007105
501205,501330,501900,125,570,2,7200,1.21929824561
501206,501336,501900,130,564,2,7200,1.2304964539
501228,501341,501919,113,578,2,7200,1.1955017301
501260,501346,501925,86,579,2,7200,1.14853195164
501299,501352,501919,53,567,2,7200,1.09347442681
501314,501357,501929,43,572,2,7200,1.07517482517
501316,501362,501919,46,557,2,7200,1.08258527828
501338,501369,501931,31,562,2,7200,1.05516014235
501339,501374,501933,35,559,2,7200,1.0626118068
501354,501380,501947,26,567,2,7200,1.04585537919
501356,501385,501951,29,566,2,7200,1.05123674912
501377,501392,501961,15,569,2,7200,1.02636203866
501410,501417,519426,7,18009,4,18000,1.00038869454
501417,501423,502498,6,1075,4,18000,1.00558139535
501519,501526,502092,7,566,2,7200,1.01236749117
501536,501543,503353,7,1810,4,108000,1.00386740331
501695,501702,502286,7,584,2,7200,1.01198630137
501697,501709,502277,12,568,2,7200,1.02112676056
501712,501718,502295,6,577,2,7200,1.01039861352
501713,501724,502268,11,544,2,7200,1.02022058824
501731,501737,502302,6,565,2,7200,1.01061946903
501746,501752,502316,6,564,2,7200,1.01063829787
501761,501767,502338,6,571,2,7200,1.01050788091
501762,501773,502359,11,586,2,7200,1.01877133106
501786,501792,502338,6,546,2,7200,1.01098901099
501801,501807,502385,6,578,2,7200,1.01038062284
501803,501813,502379,10,566,2,7200,1.01766784452
501818,501824,502403,6,579,2,7200,1.0103626943
501819,501831,502396,12,565,2,7200,1.02123893805
501821,501836,502396,15,560,2,7200,1.02678571429
501822,501841,502412,19,571,2,7200,1.03327495622
501824,501847,502414,23,567,2,7200,1.0405643739
501839,501854,502422,15,568,2,7200,1.0264084507
501841,501859,502428,18,569,2,7200,1.0316344464
501842,501864,502427,22,563,2,7200,1.03907637655
501844,501870,502450,26,580,2,7200,1.04482758621
501845,501875,502457,30,582,2,7200,1.05154639175
501860,501882,502464,22,582,2,7200,1.03780068729
501862,501887,502453,25,566,2,7200,1.04416961131
501876,501894,502460,18,566,2,7200,1.03180212014
501878,501899,502464,21,565,2,7200,1.03716814159
501893,501906,502470,13,564,2,7200,1.02304964539
501894,501911,502490,17,579,2,7200,1.02936096718
501909,501918,502478,9,560,2,7200,1.01607142857
501910,501923,502481,13,558,2,7200,1.02329749104
501926,501932,502499,6,567,2,7200,1.01058201058
501927,501939,502517,12,578,2,7200,1.02076124567
501929,501944,502496,15,552,2,7200,1.02717391304
501930,501949,502525,19,576,2,7200,1.03298611111
501945,501956,502514,11,558,2,7200,1.01971326165
501947,501961,502530,14,569,2,7200,1.02460456942
501948,501966,502536,18,570,2,7200,1.03157894737
501964,501973,502539,9,566,2,7200,1.01590106007
501965,501978,502541,13,563,2,7200,1.02309058615
501966,501983,502559,17,576,2,7200,1.02951388889
502094,502100,502647,6,547,2,7200,1.01096892139
502272,502280,502861,8,581,2,7200,1.01376936317
502287,502295,502866,8,571,2,7200,1.01401050788
502289,502302,502863,13,561,2,7200,1.02317290553
502304,502311,502879,7,568,2,7200,1.01232394366
502305,502318,502878,13,560,2,7200,1.02321428571
502320,502326,502881,6,555,2,7200,1.01081081081
502341,502347,502892,6,545,2,7200,1.01100917431
502343,502354,502920,11,566,2,7200,1.01943462898
502357,502363,554229,6,51866,4,108000,1.00011568272
502361,502370,502947,9,577,2,7200,1.01559792028
502381,502389,502969,8,580,2,7200,1.01379310345
502397,502404,502967,7,563,2,7200,1.01243339254
502398,502411,502969,13,558,2,7200,1.02329749104
502399,502416,502984,17,568,2,7200,1.02992957746
502415,502423,502996,8,573,2,7200,1.01396160558
502416,502428,502979,12,551,2,7200,1.02177858439
502418,502435,502989,17,554,2,7200,1.03068592058
502433,502442,503011,9,569,2,7200,1.0158172232
502434,502447,503021,13,574,2,7200,1.02264808362
502435,502452,503024,17,572,2,7200,1.02972027972
502454,502461,503022,7,561,2,7200,1.01247771836
502456,502468,503031,12,563,2,7200,1.02131438721
502471,502477,503041,6,564,2,7200,1.01063829787
502473,502484,503052,11,568,2,7200,1.01936619718
502474,502489,503062,15,573,2,7200,1.02617801047
502475,502494,503047,19,553,2,7200,1.03435804702
502477,502500,503069,23,569,2,7200,1.04042179262
502492,502507,503067,15,560,2,7200,1.02678571429
502493,502512,503091,19,579,2,7200,1.03281519862
502495,502518,503076,23,558,2,7200,1.04121863799
502510,502525,503090,15,565,2,7200,1.02654867257
502511,502530,503092,19,562,2,7200,1.03380782918
502527,502536,503094,9,558,2,7200,1.01612903226
502528,502542,503109,14,567,2,7200,1.02469135802
502530,502547,503124,17,577,2,7200,1.0294627383
502545,502554,503118,9,564,2,7200,1.01595744681
502546,502559,503142,13,583,2,7200,1.02229845626
502548,502571,503145,23,574,2,7200,1.04006968641
502549,502576,503117,27,541,2,7200,1.04990757856
502560,502566,524173,6,21607,4,21600,1.00027768779
502564,502584,503149,20,565,2,7200,1.03539823009
502649,502655,503232,6,577,2,7200,1.01039861352
502668,502676,554233,8,51557,4,108000,1.00015516807
502864,502871,503426,7,555,2,7200,1.01261261261
502865,502877,503449,12,572,2,7200,1.02097902098
502881,502888,503455,7,567,2,7200,1.01234567901
502882,502895,503466,13,571,2,7200,1.02276707531
502884,502900,503469,16,569,2,7200,1.02811950791
502885,502906,503472,21,566,2,7200,1.0371024735
502900,502912,503484,12,572,2,7200,1.02097902098
502921,502927,503491,6,564,2,7200,1.01063829787
502948,502954,503497,6,543,2,7200,1.01104972376
502969,502976,503528,7,552,2,7200,1.01268115942
502971,502983,503557,12,574,2,7200,1.02090592334
502986,502994,503543,8,549,2,7200,1.014571949
502988,503001,503587,13,586,2,7200,1.02218430034
502989,503006,503583,17,577,2,7200,1.0294627383
503004,503013,503575,9,562,2,7200,1.01601423488
503006,503018,503597,12,579,2,7200,1.0207253886
503021,503027,503597,6,570,2,7200,1.01052631579
503036,503043,503610,7,567,2,7200,1.01234567901
503037,503049,503623,12,574,2,7200,1.02090592334
503039,503055,503613,16,558,2,7200,1.02867383513
503040,503060,503627,20,567,2,7200,1.03527336861
503056,503067,503634,11,567,2,7200,1.01940035273
503058,503072,503638,14,566,2,7200,1.02473498233
503059,503077,503636,18,559,2,7200,1.03220035778
503075,503085,503654,10,569,2,7200,1.01757469244
503076,503090,503639,14,549,2,7200,1.02550091075
503077,503095,503666,18,571,2,7200,1.03152364273
503093,503102,503668,9,566,2,7200,1.01590106007
503095,503107,503694,12,587,2,7200,1.02044293015
503096,503114,503690,18,576,2,7200,1.03125
503097,503119,503701,22,582,2,7200,1.03780068729
503112,503126,503693,14,567,2,7200,1.02469135802
503114,503131,503688,17,557,2,7200,1.03052064632
503129,503138,503714,9,576,2,7200,1.015625
503130,503143,503711,13,568,2,7200,1.02288732394
503132,503150,503719,18,569,2,7200,1.0316344464
503147,503157,503725,10,568,2,7200,1.0176056338
503148,503162,503701,14,539,2,7200,1.02597402597
503163,503169,503743,6,574,2,7200,1.01045296167
503233,503240,503807,7,567,2,7200,1.01234567901
503427,503433,503997,6,564,2,7200,1.01063829787
503451,503458,504040,7,582,2,7200,1.01202749141
503466,503472,504032,6,560,2,7200,1.01071428571
503467,503479,504039,12,560,2,7200,1.02142857143
503482,503490,504059,8,569,2,7200,1.01405975395
503484,503495,504055,11,560,2,7200,1.01964285714
503499,503506,504068,7,562,2,7200,1.01245551601
503500,503513,504073,13,560,2,7200,1.02321428571
503502,503518,504090,16,572,2,7200,1.02797202797
503529,503536,504095,7,559,2,7200,1.01252236136
503544,503551,504112,7,561,2,7200,1.01247771836
503558,503565,504138,7,573,2,7200,1.01221640489
503576,503583,504146,7,563,2,7200,1.01243339254
503591,503598,504161,7,563,2,7200,1.01243339254
503593,503604,504161,11,557,2,7200,1.0197486535
503608,503615,504182,7,567,2,7200,1.01234567901
503609,503621,504200,12,579,2,7200,1.0207253886
503625,503631,504217,6,586,2,7200,1.01023890785
503626,503638,504207,12,569,2,7200,1.02108963093
503627,503644,504210,17,566,2,7200,1.03003533569
503643,503650,504219,7,569,2,7200,1.01230228471
503644,503656,504220,12,564,2,7200,1.02127659574
503646,503662,504230,16,568,2,7200,1.02816901408
503647,503668,504248,21,580,2,7200,1.03620689655
503648,503673,504248,25,575,2,7200,1.04347826087
503663,503680,504249,17,569,2,7200,1.02987697715
503678,503686,504245,8,559,2,7200,1.01431127013
503679,503691,504244,12,553,2,7200,1.02169981917
503695,503701,504276,6,575,2,7200,1.01043478261
503697,503709,504276,12,567,2,7200,1.02116402116
503698,503714,504273,16,559,2,7200,1.02862254025
503699,503719,504278,20,559,2,7200,1.03577817531
503715,503726,504289,11,563,2,7200,1.01953818828
503716,503731,504299,15,568,2,7200,1.0264084507
503718,503736,504279,18,543,2,7200,1.03314917127
503719,503742,504314,23,572,2,7200,1.04020979021
503734,503749,504328,15,579,2,7200,1.02590673575
503735,503754,504325,19,571,2,7200,1.03327495622
503751,503760,504325,9,565,2,7200,1.01592920354
503808,503814,504378,6,564,2,7200,1.01063829787
503999,504005,504576,6,571,2,7200,1.01050788091
504035,504042,504626,7,584,2,7200,1.01198630137
504050,504056,504626,6,570,2,7200,1.01052631579
504051,504062,504615,11,553,2,7200,1.0198915009
504066,504073,504648,7,575,2,7200,1.01217391304
504068,504079,504644,11,565,2,7200,1.01946902655
504083,504089,504653,6,564,2,7200,1.01063829787
504084,504096,504665,12,569,2,7200,1.02108963093
504099,504105,504670,6,565,2,7200,1.01061946903
504101,504113,504676,12,563,2,7200,1.02131438721
504116,504123,504704,7,581,2,7200,1.01204819277
504136,504143,504706,7,563,2,7200,1.01243339254
504151,504157,504710,6,553,2,7200,1.01084990958
504166,504173,504737,7,564,2,7200,1.01241134752
504168,504179,504734,11,555,2,7200,1.01981981982
504183,504189,504751,6,562,2,7200,1.01067615658
504203,504210,504778,7,568,2,7200,1.01232394366
504219,504226,504789,7,563,2,7200,1.01243339254
504220,504232,504803,12,571,2,7200,1.02101576182
504222,504238,504795,16,557,2,7200,1.02872531418
504223,504243,504809,20,566,2,7200,1.03533568905
504238,504250,504817,12,567,2,7200,1.02116402116
504240,504255,504822,15,567,2,7200,1.02645502646
504255,504262,504817,7,555,2,7200,1.01261261261
504256,504268,504839,12,571,2,7200,1.02101576182
504258,504274,504840,16,566,2,7200,1.02826855124
504259,504279,504845,20,566,2,7200,1.03533568905
504260,504284,504852,24,568,2,7200,1.04225352113
504276,504291,504858,15,567,2,7200,1.02645502646
504291,504297,504871,6,574,2,7200,1.01045296167
504292,504303,504863,11,560,2,7200,1.01964285714
504294,504309,504877,15,568,2,7200,1.0264084507
504295,504314,504872,19,558,2,7200,1.03405017921
504296,504319,504889,23,570,2,7200,1.04035087719
504311,504326,504895,15,569,2,7200,1.02636203866
504326,504332,504902,6,570,2,7200,1.01052631579
504328,504339,504906,11,567,2,7200,1.01940035273
504329,504344,504906,15,562,2,7200,1.02669039146
504344,504351,504914,7,563,2,7200,1.01243339254
504380,504387,504934,7,547,2,7200,1.01279707495
504577,504584,505142,7,558,2,7200,1.01254480287
504616,504622,505193,6,571,2,7200,1.01050788091
504631,504637,505207,6,570,2,7200,1.01052631579
504632,504643,505171,11,528,2,7200,1.02083333333
504648,504655,505221,7,566,2,7200,1.01236749117
504663,504669,505252,6,583,2,7200,1.0102915952
504664,504676,505253,12,577,2,7200,1.02079722704
504679,504686,505246,7,560,2,7200,1.0125
504681,504692,505258,11,566,2,7200,1.01943462898
504682,504698,505266,16,568,2,7200,1.02816901408
504703,504710,505275,7,565,2,7200,1.01238938053
504718,504724,505288,6,564,2,7200,1.01063829787
504719,504730,505299,11,569,2,7200,1.01933216169
504737,504744,505309,7,565,2,7200,1.01238938053
504739,504751,505283,12,532,2,7200,1.02255639098
504754,504760,505334,6,574,2,7200,1.01045296167
504781,504787,505350,6,563,2,7200,1.01065719361
504796,504802,505363,6,561,2,7200,1.01069518717
504797,504809,505370,12,561,2,7200,1.02139037433
504812,504819,505389,7,570,2,7200,1.01228070175
504813,504826,505390,13,564,2,7200,1.02304964539
504828,504835,505397,7,562,2,7200,1.01245551601
504830,504842,505406,12,564,2,7200,1.02127659574
504831,504847,505401,16,554,2,7200,1.02888086643
504846,504854,505425,8,571,2,7200,1.01401050788
504848,504859,505427,11,568,2,7200,1.01936619718
504849,504866,505431,17,565,2,7200,1.03008849558
504864,504873,505440,9,567,2,7200,1.01587301587
504865,504878,505433,13,555,2,7200,1.02342342342
504867,504885,505439,18,554,2,7200,1.03249097473
504882,504891,505457,9,566,2,7200,1.01590106007
504883,504896,505445,13,549,2,7200,1.02367941712
504885,504902,505468,17,566,2,7200,1.03003533569
504900,504909,505481,9,572,2,7200,1.01573426573
504901,504914,505465,13,551,2,7200,1.02359346642
504917,504923,505488,6,565,2,7200,1.01061946903
504918,504930,505494,12,564,2,7200,1.02127659574
504919,504935,505485,16,550,2,7200,1.02909090909
504921,504940,505500,19,560,2,7200,1.03392857143
504935,504946,505501,11,555,2,7200,1.01981981982
505145,505151,505716,6,565,2,7200,1.01061946903
505162,505169,505172,7,3,2,3540,1.0
505172,505178,505754,6,576,2,7200,1.01041666667
505196,505203,505762,7,559,2,7200,1.01252236136
505211,505217,505798,6,581,2,7200,1.01032702238
505226,505233,505783,7,550,2,7200,1.01272727273
505247,505254,505826,7,572,2,7200,1.01223776224
505262,505268,505831,6,563,2,7200,1.01065719361
505263,505276,505845,13,569,2,7200,1.02284710018
505264,505281,505847,17,566,2,7200,1.03003533569
505279,505288,505863,9,575,2,7200,1.01565217391
505281,505293,505818,12,525,2,7200,1.02285714286
505296,505302,505851,6,549,2,7200,1.01092896175
505297,505309,505880,12,571,2,7200,1.02101576182
505312,505319,505886,7,567,2,7200,1.01234567901
505313,505326,505889,13,563,2,7200,1.02309058615
505337,505344,505909,7,565,2,7200,1.01238938053
505352,505359,505925,7,566,2,7200,1.01236749117
505367,505374,505938,7,564,2,7200,1.01241134752
505382,505388,505953,6,565,2,7200,1.01061946903
505397,505403,505969,6,566,2,7200,1.01060070671
505398,505410,505983,12,573,2,7200,1.02094240838
505400,505415,505985,15,570,2,7200,1.02631578947
505415,505422,505984,7,562,2,7200,1.01245551601
505416,505428,505997,12,569,2,7200,1.02108963093
505432,505439,505988,7,549,2,7200,1.01275045537
505433,505446,506012,13,566,2,7200,1.02296819788
505434,505451,506016,17,565,2,7200,1.03008849558
505450,505458,506039,8,581,2,7200,1.01376936317
505451,505463,506030,12,567,2,7200,1.02116402116
505452,505470,506042,18,572,2,7200,1.03146853147
505454,505475,506055,21,580,2,7200,1.03620689655
505469,505482,506048,13,566,2,7200,1.02296819788
505470,505487,506072,17,585,2,7200,1.02905982906
505472,505492,506085,20,593,2,7200,1.03372681282
505487,505499,506065,12,566,2,7200,1.02120141343
505489,505504,506078,15,574,2,7200,1.02613240418
505504,505511,506082,7,571,2,7200,1.0122591944
505506,505518,506096,12,578,2,7200,1.02076124567
505507,505523,506091,16,568,2,7200,1.02816901408
505508,505528,506110,20,582,2,7200,1.03436426117
505718,505725,506240,7,515,2,7200,1.01359223301
505754,505760,506327,6,567,2,7200,1.01058201058
505769,505776,506344,7,568,2,7200,1.01232394366
505784,505790,506356,6,566,2,7200,1.01060070671
505802,505808,506348,6,540,2,7200,1.01111111111
505820,505826,506396,6,570,2,7200,1.01052631579
505835,505841,506413,6,572,2,7200,1.01048951049
505836,505847,506415,11,568,2,7200,1.01936619718
505851,505858,506439,7,581,2,7200,1.01204819277
505853,505865,506431,12,566,2,7200,1.02120141343
505854,505870,506433,16,563,2,7200,1.02841918295
505869,505877,506445,8,568,2,7200,1.01408450704
505884,505890,506472,6,582,2,7200,1.01030927835
505899,505905,506453,6,548,2,7200,1.01094890511
505901,505912,506488,11,576,2,7200,1.01909722222
505916,505922,506489,6,567,2,7200,1.01058201058
505930,505937,506496,7,559,2,7200,1.01252236136
505945,505951,506514,6,563,2,7200,1.01065719361
505960,505967,506530,7,563,2,7200,1.01243339254
505975,505982,506553,7,571,2,7200,1.0122591944
505990,505997,506553,7,556,2,7200,1.01258992806
505992,506004,506575,12,571,2,7200,1.02101576182
505993,506009,506572,16,563,2,7200,1.02841918295
505994,506014,506584,20,570,2,7200,1.0350877193
506009,506021,506592,12,571,2,7200,1.02101576182
506024,506032,506598,8,566,2,7200,1.01413427562
506026,506037,506603,11,566,2,7200,1.01943462898
506041,506048,506611,7,563,2,7200,1.01243339254
506042,506055,506622,13,567,2,7200,1.02292768959
506059,506066,506632,7,566,2,7200,1.01236749117
506060,506073,506629,13,556,2,7200,1.02338129496
506061,506078,506648,17,570,2,7200,1.0298245614
506076,506084,506656,8,572,2,7200,1.01398601399
506078,506091,506654,13,563,2,7200,1.02309058615
506094,506100,506662,6,562,2,7200,1.01067615658
506095,506107,506682,12,575,2,7200,1.02086956522
506097,506112,506667,15,555,2,7200,1.02702702703
506098,506118,506687,20,569,2,7200,1.03514938489
506113,506125,506693,12,568,2,7200,1.02112676056
506115,506130,506698,15,568,2,7200,1.0264084507
506242,506248,506815,6,567,2,7200,1.01058201058
506327,506333,506915,6,582,2,7200,1.01030927835
506345,506351,506920,6,569,2,7200,1.01054481547
506360,506366,506945,6,579,2,7200,1.0103626943
506362,506373,506929,11,556,2,7200,1.01978417266
506397,506405,506979,8,574,2,7200,1.01393728223
506415,506423,506980,8,557,2,7200,1.01436265709
506417,506430,507011,13,581,2,7200,1.02237521515
506432,506439,506999,7,560,2,7200,1.0125
506447,506454,507018,7,564,2,7200,1.01241134752
506449,506461,507018,12,557,2,7200,1.02154398564
506450,506466,507031,16,565,2,7200,1.02831858407
506465,506472,507030,7,558,2,7200,1.01254480287
506480,506486,507053,6,567,2,7200,1.01058201058
506495,506501,507066,6,565,2,7200,1.01061946903
506496,506508,507076,12,568,2,7200,1.02112676056
506511,506517,507092,6,575,2,7200,1.01043478261
506526,506532,507098,6,566,2,7200,1.01060070671
506541,506547,507116,6,569,2,7200,1.01054481547
506556,506562,507130,6,568,2,7200,1.01056338028
506557,506569,507134,12,565,2,7200,1.02123893805
506575,506581,507152,6,571,2,7200,1.01050788091
506577,506588,507100,11,512,2,7200,1.021484375
506592,506598,507166,6,568,2,7200,1.01056338028
506593,506606,507180,13,574,2,7200,1.02264808362
506608,506614,507177,6,563,2,7200,1.01065719361
506610,506621,507191,11,570,2,7200,1.01929824561
506625,506631,507199,6,568,2,7200,1.01056338028
506626,506638,507204,12,566,2,7200,1.02120141343
506641,506649,507196,8,547,2,7200,1.01462522852
506643,506656,507224,13,568,2,7200,1.02288732394
506658,506664,507232,6,568,2,7200,1.01056338028
506660,506671,507237,11,566,2,7200,1.01943462898
506661,506676,507256,15,580,2,7200,1.02586206897
506676,506682,507231,6,549,2,7200,1.01092896175
506678,506690,507265,12,575,2,7200,1.02086956522
506693,506699,507274,6,575,2,7200,1.01043478261
506694,506706,507265,12,559,2,7200,1.02146690519
506709,506716,507311,7,595,2,7200,1.01176470588
506711,506722,507290,11,568,2,7200,1.01936619718
506817,506824,507401,7,577,2,7200,1.01213171577
506917,506924,507497,7,573,2,7200,1.01221640489
506932,506939,507503,7,564,2,7200,1.01241134752
506933,506946,507508,13,562,2,7200,1.0231316726
506948,506954,507513,6,559,2,7200,1.01073345259
506982,506988,507570,6,582,2,7200,1.01030927835
506983,506995,507573,12,578,2,7200,1.02076124567
507001,507007,507570,6,563,2,7200,1.01065719361
507016,507022,507609,6,587,2,7200,1.01022146508
507031,507037,507613,6,576,2,7200,1.01041666667
507033,507044,507626,11,582,2,7200,1.01890034364
507034,507049,507610,15,561,2,7200,1.02673796791
507035,507054,507620,19,566,2,7200,1.03356890459
507057,507064,507631,7,567,2,7200,1.01234567901
507072,507079,507665,7,586,2,7200,1.01194539249
507087,507094,507661,7,567,2,7200,1.01234567901
507102,507109,507694,7,585,2,7200,1.01196581197
507103,507116,507682,13,566,2,7200,1.02296819788
507105,507121,507689,16,568,2,7200,1.02816901408
507119,507128,507662,9,534,2,7200,1.01685393258
507135,507141,507708,6,567,2,7200,1.01058201058
507136,507148,507720,12,572,2,7200,1.02097902098
507154,507160,507732,6,572,2,7200,1.01048951049
507169,507176,507738,7,562,2,7200,1.01245551601
507184,507191,507767,7,576,2,7200,1.01215277778
507185,507198,507765,13,567,2,7200,1.02292768959
507201,507207,507738,6,531,2,7200,1.01129943503
507202,507215,507774,13,559,2,7200,1.02325581395
507203,507220,507788,17,568,2,7200,1.02992957746
507218,507226,507805,8,579,2,7200,1.01381692573
507233,507239,507816,6,577,2,7200,1.01039861352
507235,507246,507812,11,566,2,7200,1.01943462898
507236,507251,507825,15,574,2,7200,1.02613240418
507251,507258,507824,7,566,2,7200,1.01236749117
507266,507273,507806,7,533,2,7200,1.01313320826
507268,507280,507861,12,581,2,7200,1.02065404475
507269,507285,507850,16,565,2,7200,1.02831858407
507284,507292,507861,8,569,2,7200,1.01405975395
507299,507305,507865,6,560,2,7200,1.01071428571
507314,507321,507881,7,560,2,7200,1.0125
507402,507409,507975,7,566,2,7200,1.01236749117
507499,507505,508085,6,580,2,7200,1.01034482759
507514,507520,508096,6,576,2,7200,1.01041666667
507515,507527,508092,12,565,2,7200,1.02123893805
507517,507532,508100,15,568,2,7200,1.0264084507
507571,507577,508123,6,546,2,7200,1.01098901099
507573,507584,508161,11,577,2,7200,1.01906412478
507587,507595,508165,8,570,2,7200,1.01403508772
507612,507619,508186,7,567,2,7200,1.01234567901
507613,507626,508174,13,548,2,7200,1.02372262774
507628,507635,508197,7,562,2,7200,1.01245551601
507630,507642,508206,12,564,2,7200,1.02127659574
507631,507648,508223,17,575,2,7200,1.02956521739
507646,507655,508222,9,567,2,7200,1.01587301587
507664,507670,508190,6,520,2,7200,1.01153846154
507665,507677,508243,12,566,2,7200,1.02120141343
507680,507687,508245,7,558,2,7200,1.01254480287
507695,507701,508278,6,577,2,7200,1.01039861352
507696,507708,508269,12,561,2,7200,1.02139037433
507698,507713,508278,15,565,2,7200,1.02654867257
507713,507719,508279,6,560,2,7200,1.01071428571
507727,507734,508300,7,566,2,7200,1.01236749117
507742,507750,508333,8,583,2,7200,1.01372212693
507744,507757,508336,13,579,2,7200,1.02245250432
507746,507762,508329,16,567,2,7200,1.02821869489
507767,507773,508318,6,545,2,7200,1.01100917431
507768,507780,508324,12,544,2,7200,1.02205882353
507783,507789,508354,6,565,2,7200,1.01061946903
507798,507804,508372,6,568,2,7200,1.01056338028
507813,507820,508386,7,566,2,7200,1.01236749117
507815,507827,508393,12,566,2,7200,1.02120141343
507816,507833,508397,17,564,2,7200,1.03014184397
507831,507839,508409,8,570,2,7200,1.01403508772
507833,507844,508419,11,575,2,7200,1.01913043478
507834,507851,508418,17,567,2,7200,1.02998236332
507852,507859,508422,7,563,2,7200,1.01243339254
507867,507874,508442,7,568,2,7200,1.01232394366
507869,507882,508446,13,564,2,7200,1.02304964539
507870,507887,508428,17,541,2,7200,1.0314232902
507885,507894,508462,9,568,2,7200,1.01584507042
507976,507982,508530,6,548,2,7200,1.01094890511
508088,508095,508657,7,562,2,7200,1.01245551601
508103,508110,508672,7,562,2,7200,1.01245551601
508104,508116,508656,12,540,2,7200,1.02222222222
508106,508122,508691,16,569,2,7200,1.02811950791
508124,508131,508695,7,564,2,7200,1.01241134752
508163,508169,508731,6,562,2,7200,1.01067615658
508178,508184,508749,6,565,2,7200,1.01061946903
508179,508191,508769,12,578,2,7200,1.02076124567
508194,508201,508747,7,546,2,7200,1.01282051282
508196,508207,508759,11,552,2,7200,1.01992753623
508211,508217,508787,6,570,2,7200,1.01052631579
508212,508224,508786,12,562,2,7200,1.02135231317
508227,508234,508801,7,567,2,7200,1.01234567901
508229,508240,508817,11,577,2,7200,1.01906412478
508244,508250,508819,6,569,2,7200,1.01054481547
508258,508266,508845,8,579,2,7200,1.01381692573
508273,508280,508845,7,565,2,7200,1.01238938053
508274,508287,508294,13,7,1,14400,2.0
508288,508296,508866,8,570,2,7200,1.01403508772
508290,508301,508861,11,560,2,7200,1.01964285714
508291,508307,508871,16,564,2,7200,1.02836879433
508301,508313,510031,12,1718,1,14400,1.00698486612
508306,508320,508893,14,573,2,7200,1.02443280977
508321,508327,508893,6,566,2,7200,1.01060070671
508336,508343,508909,7,566,2,7200,1.01236749117
508338,508350,508920,12,570,2,7200,1.02105263158
508339,508355,508907,16,552,2,7200,1.02898550725
508341,508360,508915,19,555,2,7200,1.03423423423
508355,508366,508929,11,563,2,7200,1.01953818828
508373,508380,508940,7,560,2,7200,1.0125
508388,508394,508958,6,564,2,7200,1.01063829787
508403,508409,508960,6,551,2,7200,1.0108892922
508405,508416,508964,11,548,2,7200,1.0200729927
508420,508427,508992,7,565,2,7200,1.01238938053
508422,508438,509006,16,568,2,7200,1.02816901408
508423,508443,509017,20,574,2,7200,1.03484320557
508438,508451,509018,13,567,2,7200,1.02292768959
508439,508456,509029,17,573,2,7200,1.02966841187
508454,508463,509027,9,564,2,7200,1.01595744681
508456,508468,509033,12,565,2,7200,1.02123893805
508470,508476,509061,6,585,2,7200,1.01025641026
508531,508538,509105,7,567,2,7200,1.01234567901
508659,508666,509227,7,561,2,7200,1.01247771836
508660,508673,509243,13,570,2,7200,1.02280701754
508675,508682,509251,7,569,2,7200,1.01230228471
508693,508699,509276,6,577,2,7200,1.01039861352
508707,508714,509280,7,566,2,7200,1.01236749117
508735,508741,509309,6,568,2,7200,1.01056338028
508750,508756,509314,6,558,2,7200,1.01075268817
508751,508763,509327,12,564,2,7200,1.02127659574
508766,508773,509336,7,563,2,7200,1.01243339254
508780,508788,509338,8,550,2,7200,1.01454545455
508795,508803,509395,8,592,2,7200,1.01351351351
508797,508808,509377,11,569,2,7200,1.01933216169
508811,508819,509377,8,558,2,7200,1.01433691756
508826,508833,509400,7,567,2,7200,1.01234567901
508828,508840,509409,12,569,2,7200,1.02108963093
508848,508855,509427,7,572,2,7200,1.01223776224
508849,508862,509441,13,579,2,7200,1.02245250432
508864,508871,509447,7,576,2,7200,1.01215277778
508879,508885,509438,6,553,2,7200,1.01084990958
508881,508891,509379,10,488,2,7200,1.02049180328
508896,508902,509468,6,566,2,7200,1.01060070671
508897,508909,509459,12,550,2,7200,1.02181818182
508912,508919,509493,7,574,2,7200,1.01219512195
508914,508926,509489,12,563,2,7200,1.02131438721
508929,508935,509514,6,579,2,7200,1.0103626943
508931,508942,509510,11,568,2,7200,1.01936619718
508946,508953,509523,7,570,2,7200,1.01228070175
508947,508960,509532,13,572,2,7200,1.02272727273
508962,508969,509539,7,570,2,7200,1.01228070175
508963,508975,509549,12,574,2,7200,1.02090592334
508978,508985,509543,7,558,2,7200,1.01254480287
508993,508999,509551,6,552,2,7200,1.01086956522
509008,509015,509584,7,569,2,7200,1.01230228471
509023,509029,509598,6,569,2,7200,1.01054481547
509024,509036,509601,12,565,2,7200,1.02123893805
509039,509045,509612,6,567,2,7200,1.01058201058
509041,509052,509628,11,576,2,7200,1.01909722222
509042,509057,509619,15,562,2,7200,1.02669039146
509063,509070,509636,7,566,2,7200,1.01236749117
509105,509112,509676,7,564,2,7200,1.01241134752
509229,509236,509805,7,569,2,7200,1.01230228471
509244,509251,509794,7,543,2,7200,1.01289134438
509259,509266,509808,7,542,2,7200,1.01291512915
509280,509287,509848,7,561,2,7200,1.01247771836
509295,509302,509866,7,564,2,7200,1.01241134752
509310,509317,509899,7,582,2,7200,1.01202749141
509324,509331,509905,7,574,2,7200,1.01219512195
509340,509347,509924,7,577,2,7200,1.01213171577
509341,509353,509923,12,570,2,7200,1.02105263158
509342,509359,509929,17,570,2,7200,1.0298245614
509379,509386,509953,7,567,2,7200,1.01234567901
509380,509393,509961,13,568,2,7200,1.02288732394
509395,509402,509961,7,559,2,7200,1.01252236136
509397,509409,509960,12,551,2,7200,1.02177858439
509412,509419,510000,7,581,2,7200,1.01204819277
509414,509426,509996,12,570,2,7200,1.02105263158
509429,509436,510002,7,566,2,7200,1.01236749117
509444,509451,510022,7,571,2,7200,1.0122591944
509445,509458,510018,13,560,2,7200,1.02321428571
509460,509466,510030,6,564,2,7200,1.01063829787
509462,509473,510038,11,565,2,7200,1.01946902655
509476,509484,510051,8,567,2,7200,1.01410934744
509491,509499,510058,8,559,2,7200,1.01431127013
509506,509513,510081,7,568,2,7200,1.01232394366
509521,509528,510097,7,569,2,7200,1.01230228471
509523,509535,510106,12,571,2,7200,1.02101576182
509538,509545,510104,7,559,2,7200,1.01252236136
509539,509552,510126,13,574,2,7200,1.02264808362
509555,509562,510127,7,565,2,7200,1.01238938053
509556,509569,510139,13,570,2,7200,1.02280701754
509558,509574,510135,16,561,2,7200,1.02852049911
509559,509579,510145,20,566,2,7200,1.03533568905
509586,509593,510157,7,564,2,7200,1.01241134752
509601,509607,510179,6,572,2,7200,1.01048951049
509616,509623,510188,7,565,2,7200,1.01238938053
509618,509630,510194,12,564,2,7200,1.02127659574
509633,509639,510206,6,567,2,7200,1.01058201058
509635,509646,510209,11,563,2,7200,1.01953818828
509650,509656,510226,6,570,2,7200,1.01052631579
509677,509684,510238,7,554,2,7200,1.01263537906
509798,509805,510381,7,576,2,7200,1.01215277778
509813,509820,510382,7,562,2,7200,1.01245551601
509815,509826,510395,11,569,2,7200,1.01933216169
509851,509857,510424,6,567,2,7200,1.01058201058
509869,509876,510442,7,566,2,7200,1.01236749117
509885,515353,516459,5468,1106,24,21600,5.94394213382
509902,509909,510473,7,564,2,7200,1.01241134752
509917,509924,510475,7,551,2,7200,1.01270417423
509932,509938,510511,6,573,2,7200,1.01047120419
509934,509945,510531,11,586,2,7200,1.01877133106
509935,509950,510513,15,563,2,7200,1.02664298401
509955,509961,510528,6,567,2,7200,1.01058201058
509970,509976,510533,6,557,2,7200,1.01077199282
509971,509982,510563,11,581,2,7200,1.01893287435
509973,509988,510554,15,566,2,7200,1.02650176678
509997,510003,510566,6,563,2,7200,1.01065719361
510012,510019,510588,7,569,2,7200,1.01230228471
510013,510025,510600,12,575,2,7200,1.02086956522
510029,510035,510603,6,568,2,7200,1.01056338028
510030,510042,510607,12,565,2,7200,1.02123893805
510032,510047,510611,15,564,2,7200,1.02659574468
510047,510054,510620,7,566,2,7200,1.01236749117
510062,510068,510611,6,543,2,7200,1.01104972376
510063,510075,510639,12,564,2,7200,1.02127659574
510081,510089,510653,8,564,2,7200,1.01418439716
510099,510105,510675,6,570,2,7200,1.01052631579
510114,510121,510679,7,558,2,7200,1.01254480287
510116,510128,510667,12,539,2,7200,1.02226345083
510131,510137,510705,6,568,2,7200,1.01056338028
510133,510145,510714,12,569,2,7200,1.02108963093
510148,510154,510725,6,571,2,7200,1.01050788091
510150,510162,510743,12,581,2,7200,1.02065404475
510151,510167,510734,16,567,2,7200,1.02821869489
510166,510174,510747,8,573,2,7200,1.01396160558
510181,510187,510755,6,568,2,7200,1.01056338028
510196,510203,510781,7,578,2,7200,1.01211072664
510197,510210,510780,13,570,2,7200,1.02280701754
510212,510218,510804,6,586,2,7200,1.01023890785
510214,510225,510789,11,564,2,7200,1.0195035461
510229,510235,510799,6,564,2,7200,1.01063829787
510244,510250,510818,6,568,2,7200,1.01056338028
510383,510390,510968,7,578,2,7200,1.01211072664
510385,510397,510942,12,545,2,7200,1.02201834862
510400,510406,510971,6,565,2,7200,1.01061946903
510424,510430,511006,6,576,2,7200,1.01041666667
510445,510451,511026,6,575,2,7200,1.01043478261
510475,510482,511051,7,569,2,7200,1.01230228471
510477,510489,511064,12,575,2,7200,1.02086956522
510513,510519,511080,6,561,2,7200,1.01069518717
510514,510526,511095,12,569,2,7200,1.02108963093
510529,510537,511106,8,569,2,7200,1.01405975395
510544,510551,511109,7,558,2,7200,1.01254480287
510546,510558,511139,12,581,2,7200,1.02065404475
510561,510567,511102,6,535,2,7200,1.01121495327
510576,510582,511154,6,572,2,7200,1.01048951049
510578,510589,511151,11,562,2,7200,1.01957295374
510592,510599,511165,7,566,2,7200,1.01236749117
510608,510615,511181,7,566,2,7200,1.01236749117
510609,510622,511183,13,561,2,7200,1.02317290553
510611,510627,511184,16,557,2,7200,1.02872531418
510626,510634,511203,8,569,2,7200,1.01405975395
510627,510639,511201,12,562,2,7200,1.02135231317
510629,510645,511214,16,569,2,7200,1.02811950791
510644,510652,511218,8,566,2,7200,1.01413427562
510658,510664,511207,6,543,2,7200,1.01104972376
510673,510680,511235,7,555,2,7200,1.01261261261
510688,510696,511263,8,567,2,7200,1.01410934744
510690,510701,511254,11,553,2,7200,1.0198915009
510708,510714,511265,6,551,2,7200,1.0108892922
510722,510729,511296,7,567,2,7200,1.01234567901
510737,510745,511313,8,568,2,7200,1.01408450704
510739,510752,511317,13,565,2,7200,1.02300884956
510754,510760,511325,6,565,2,7200,1.01061946903
510756,510767,511347,11,580,2,7200,1.01896551724
510770,510778,511352,8,574,2,7200,1.01393728223
510786,510791,511358,5,567,2,7200,1.00881834215
510787,510799,511380,12,581,2,7200,1.02065404475
510802,510808,511374,6,566,2,7200,1.01060070671
510803,510815,511374,12,559,2,7200,1.02146690519
510819,510825,511384,6,559,2,7200,1.01073345259
510820,510831,511397,11,566,2,7200,1.01943462898
510944,510951,511530,7,579,2,7200,1.01208981002
510971,510978,511543,7,565,2,7200,1.01238938053
510986,510992,511566,6,574,2,7200,1.01045296167
511007,511014,511583,7,569,2,7200,1.01230228471
511028,511035,511608,7,573,2,7200,1.01221640489
511052,511059,511625,7,566,2,7200,1.01236749117
511067,511073,511627,6,554,2,7200,1.01083032491
511082,511088,511648,6,560,2,7200,1.01071428571
511097,511104,511685,7,581,2,7200,1.01204819277
511112,511118,511680,6,562,2,7200,1.01067615658
511113,511125,511690,12,565,2,7200,1.02123893805
511115,511130,511701,15,571,2,7200,1.02626970228
511142,511149,511711,7,562,2,7200,1.01245551601
511157,511163,511739,6,576,2,7200,1.01041666667
511158,511170,511736,12,566,2,7200,1.02120141343
511173,511179,511741,6,562,2,7200,1.01067615658
511188,511195,511771,7,576,2,7200,1.01215277778
511189,511201,511763,12,562,2,7200,1.02135231317
511191,511207,511783,16,576,2,7200,1.02777777778
511206,511213,511799,7,586,2,7200,1.01194539249
511207,511218,511768,11,550,2,7200,1.02
511222,511229,511796,7,567,2,7200,1.01234567901
511223,511236,511803,13,567,2,7200,1.02292768959
511225,511241,511811,16,570,2,7200,1.02807017544
511239,511247,511824,8,577,2,7200,1.01386481802
511257,511263,511821,6,558,2,7200,1.01075268817
511272,511278,511852,6,574,2,7200,1.01045296167
511273,511285,511856,12,571,2,7200,1.02101576182
511297,511303,511862,6,559,2,7200,1.01073345259
511315,511321,511889,6,568,2,7200,1.01056338028
511330,511337,511906,7,569,2,7200,1.01230228471
511331,511344,511920,13,576,2,7200,1.02256944444
511349,511355,511923,6,568,2,7200,1.01056338028
511364,511371,511936,7,565,2,7200,1.01238938053
511365,511377,511906,12,529,2,7200,1.02268431002
511380,511386,511952,6,566,2,7200,1.01060070671
511382,511393,511946,11,553,2,7200,1.0198915009
511383,511399,511965,16,566,2,7200,1.02826855124
511398,511405,511973,7,568,2,7200,1.01232394366
511399,511411,511954,12,543,2,7200,1.02209944751
511529,511536,512108,7,572,2,7200,1.01223776224
511544,511550,512133,6,583,2,7200,1.0102915952
511568,511574,512144,6,570,2,7200,1.01052631579
511586,511593,512159,7,566,2,7200,1.01236749117
511610,511616,512195,6,579,2,7200,1.0103626943
511628,511634,512190,6,556,2,7200,1.01079136691
511630,511642,512208,12,566,2,7200,1.02120141343
511650,511658,512222,8,564,2,7200,1.01418439716
511680,511686,512255,6,569,2,7200,1.01054481547
511695,511701,512241,6,540,2,7200,1.01111111111
511696,511707,512271,11,564,2,7200,1.0195035461
511711,511718,512283,7,565,2,7200,1.01238938053
511713,511725,512285,12,560,2,7200,1.02142857143
511737,511743,512308,6,565,2,7200,1.01061946903
511752,511759,512327,7,568,2,7200,1.01232394366
511753,511765,512344,12,579,2,7200,1.0207253886
511768,511774,512353,6,579,2,7200,1.0103626943
511783,511790,512344,7,554,2,7200,1.01263537906
511784,511797,512364,13,567,2,7200,1.02292768959
511800,511806,512395,6,589,2,7200,1.01018675722
511801,511812,512380,11,568,2,7200,1.01936619718
511802,511818,512390,16,572,2,7200,1.02797202797
511817,511825,512400,8,575,2,7200,1.01391304348
511819,511830,512393,11,563,2,7200,1.01953818828
511834,511840,512404,6,564,2,7200,1.01063829787
511835,511847,512416,12,569,2,7200,1.02108963093
511853,511860,512425,7,565,2,7200,1.01238938053
511868,511875,512448,7,573,2,7200,1.01221640489
511869,511882,512451,13,569,2,7200,1.02284710018
511890,511896,512458,6,562,2,7200,1.01067615658
511908,511915,512495,7,580,2,7200,1.01206896552
511910,511922,512493,12,571,2,7200,1.02101576182
511925,511931,512502,6,571,2,7200,1.01050788091
511926,511938,512505,12,567,2,7200,1.02116402116
511941,511948,512519,7,571,2,7200,1.0122591944
511956,511963,512518,7,555,2,7200,1.01261261261
511958,511971,512538,13,567,2,7200,1.02292768959
511959,511976,512545,17,569,2,7200,1.02987697715
511974,511982,512525,8,543,2,7200,1.01473296501
511976,511988,512550,12,562,2,7200,1.02135231317
512109,512116,512655,7,539,2,7200,1.01298701299
512136,512142,512713,6,571,2,7200,1.01050788091
512151,512157,512721,6,564,2,7200,1.01063829787
512166,512173,512738,7,565,2,7200,1.01238938053
512193,512200,512766,7,566,2,7200,1.01236749117
512208,512215,512776,7,561,2,7200,1.01247771836
512210,512222,512761,12,539,2,7200,1.02226345083
512225,512232,512802,7,570,2,7200,1.01228070175
512243,512250,512819,7,569,2,7200,1.01230228471
512258,512264,512830,6,566,2,7200,1.01060070671
512272,512280,512821,8,541,2,7200,1.01478743068
512287,512295,512864,8,569,2,7200,1.01405975395
512289,512302,512868,13,566,2,7200,1.02296819788
512310,512316,512883,6,567,2,7200,1.01058201058
512328,512335,512920,7,585,2,7200,1.01196581197
512346,512353,512921,7,568,2,7200,1.01232394366
512347,512360,512924,13,564,2,7200,1.02304964539
512362,512369,512934,7,565,2,7200,1.01238938053
512377,512383,512948,6,565,2,7200,1.01061946903
512392,512399,512982,7,583,2,7200,1.01200686106
512394,512406,512976,12,570,2,7200,1.02105263158
512409,512415,512973,6,558,2,7200,1.01075268817
512411,512421,512974,10,553,2,7200,1.01808318264
512412,512427,512981,15,554,2,7200,1.02707581227
512413,512432,512998,19,566,2,7200,1.03356890459
512429,512439,513007,10,568,2,7200,1.0176056338
512430,512444,512982,14,538,2,7200,1.02602230483
512451,512457,513039,6,582,2,7200,1.01030927835
512452,512464,513027,12,563,2,7200,1.02131438721
512467,512474,513030,7,556,2,7200,1.01258992806
512495,512502,513065,7,563,2,7200,1.01243339254
512510,512517,513081,7,564,2,7200,1.01241134752
512511,512524,513099,13,575,2,7200,1.02260869565
512513,512529,513103,16,574,2,7200,1.02787456446
512528,512536,513105,8,569,2,7200,1.01405975395
512529,512541,513097,12,556,2,7200,1.02158273381
512530,512547,513132,17,585,2,7200,1.02905982906
512545,512555,513122,10,567,2,7200,1.0176366843
512547,512560,513120,13,560,2,7200,1.02321428571
512562,512569,513155,7,586,2,7200,1.01194539249
512656,512663,513229,7,566,2,7200,1.01236749117
512716,512723,513284,7,561,2,7200,1.01247771836
512731,512737,513302,6,565,2,7200,1.01061946903
512746,512753,513321,7,568,2,7200,1.01232394366
512763,512771,513345,8,574,2,7200,1.01393728223
512778,512786,513354,8,568,2,7200,1.01408450704
512780,512793,513361,13,568,2,7200,1.02288732394
512804,512810,513388,6,578,2,7200,1.01038062284
512822,512829,513402,7,573,2,7200,1.01221640489
512823,512836,513404,13,568,2,7200,1.02288732394
512838,512844,513413,6,569,2,7200,1.01054481547
512865,512872,513435,7,563,2,7200,1.01243339254
512880,512886,513459,6,573,2,7200,1.01047120419
512895,512901,513476,6,575,2,7200,1.01043478261
512922,512929,513495,7,566,2,7200,1.01236749117
512923,512936,513499,13,563,2,7200,1.02309058615
512938,512945,513521,7,576,2,7200,1.01215277778
512940,512951,513514,11,563,2,7200,1.01953818828
512955,512961,513536,6,575,2,7200,1.01043478261
512976,512982,513545,6,563,2,7200,1.01065719361
512978,512990,513554,12,564,2,7200,1.02127659574
512979,512995,513545,16,550,2,7200,1.02909090909
512994,513002,513584,8,582,2,7200,1.01374570447
512996,513009,513577,13,568,2,7200,1.02288732394
512997,513014,513584,17,570,2,7200,1.0298245614
513012,513021,513583,9,562,2,7200,1.01601423488
513014,513026,513595,12,569,2,7200,1.02108963093
513029,513036,513601,7,565,2,7200,1.01238938053
513044,513051,513614,7,563,2,7200,1.01243339254
513046,513058,513622,12,564,2,7200,1.02127659574
513067,513073,513640,6,567,2,7200,1.01058201058
513085,513092,513669,7,577,2,7200,1.01213171577
513100,513107,513677,7,570,2,7200,1.01228070175
513115,513121,513688,6,567,2,7200,1.01058201058
513116,513128,513694,12,566,2,7200,1.02120141343
513117,513133,513694,16,561,2,7200,1.02852049911
513133,513140,513678,7,538,2,7200,1.01301115242
513134,513147,513667,13,520,2,7200,1.025
513136,513152,513680,16,528,2,7200,1.0303030303
513156,513163,513732,7,569,2,7200,1.01230228471
513232,513239,513815,7,576,2,7200,1.01215277778
513287,513293,513859,6,566,2,7200,1.01060070671
513305,513312,513874,7,562,2,7200,1.01245551601
513323,513330,513904,7,574,2,7200,1.01219512195
513347,513353,513910,6,557,2,7200,1.01077199282
513362,513369,513934,7,565,2,7200,1.01238938053
513363,513376,513958,13,582,2,7200,1.02233676976
513390,513396,513972,6,576,2,7200,1.01041666667
513405,513412,513986,7,574,2,7200,1.01219512195
513407,513419,513985,12,566,2,7200,1.02120141343
513422,513428,513979,6,551,2,7200,1.0108892922
513436,513443,514009,7,566,2,7200,1.01236749117
513460,513468,514027,8,559,2,7200,1.01431127013
513478,513485,514053,7,568,2,7200,1.01232394366
513496,513503,514067,7,564,2,7200,1.01241134752
513511,513518,514086,7,568,2,7200,1.01232394366
513526,513533,514110,7,577,2,7200,1.01213171577
513528,513540,514046,12,506,2,7200,1.02371541502
513543,513550,514112,7,562,2,7200,1.01245551601
513558,513564,514130,6,566,2,7200,1.01060070671
513559,513571,514155,12,584,2,7200,1.02054794521
513561,513576,514156,15,580,2,7200,1.02586206897
513576,513582,514145,6,563,2,7200,1.01065719361
513591,513598,514171,7,573,2,7200,1.01221640489
513592,513605,514183,13,578,2,7200,1.02249134948
513594,513610,514164,16,554,2,7200,1.02888086643
513609,513617,514188,8,571,2,7200,1.01401050788
513610,513622,514187,12,565,2,7200,1.02123893805
513625,513632,514200,7,568,2,7200,1.01232394366
513627,513639,514202,12,563,2,7200,1.02131438721
513642,513649,514216,7,567,2,7200,1.01234567901
513669,513676,514250,7,574,2,7200,1.01219512195
513670,513683,514262,13,579,2,7200,1.02245250432
513686,513693,514261,7,568,2,7200,1.01232394366
513688,513699,514267,11,568,2,7200,1.01936619718
513689,513705,514272,16,567,2,7200,1.02821869489
513704,513712,514277,8,565,2,7200,1.01415929204
513706,513719,514283,13,564,2,7200,1.02304964539
513707,513724,514295,17,571,2,7200,1.02977232925
513735,513742,514318,7,576,2,7200,1.01215277778
513816,513824,514338,8,514,2,7200,1.01556420233
513862,513869,514430,7,561,2,7200,1.01247771836
513877,513884,514451,7,567,2,7200,1.01234567901
513907,513914,514478,7,564,2,7200,1.01241134752
513922,513928,514496,6,568,2,7200,1.01056338028
513937,513943,514495,6,552,2,7200,1.01086956522
513961,513967,514536,6,569,2,7200,1.01054481547
513976,513982,514538,6,556,2,7200,1.01079136691
513991,513999,514564,8,565,2,7200,1.01415929204
513992,514004,514571,12,567,2,7200,1.02116402116
513994,514011,514569,17,558,2,7200,1.03046594982
514012,514019,514588,7,569,2,7200,1.01230228471
514027,514033,514600,6,567,2,7200,1.01058201058
514048,514054,514596,6,542,2,7200,1.0110701107
514063,514070,514636,7,566,2,7200,1.01236749117
514078,514084,514665,6,581,2,7200,1.01032702238
514092,514099,514658,7,559,2,7200,1.01252236136
514114,514121,514684,7,563,2,7200,1.01243339254
514115,514128,514688,13,560,2,7200,1.02321428571
514130,514136,514721,6,585,2,7200,1.01025641026
514145,514152,514722,7,570,2,7200,1.01228070175
514160,514166,514727,6,561,2,7200,1.01069518717
514162,514173,514731,11,558,2,7200,1.01971326165
514177,514183,514750,6,567,2,7200,1.01058201058
514178,514190,514743,12,553,2,7200,1.02169981917
514193,514199,514769,6,570,2,7200,1.01052631579
514195,514206,514771,11,565,2,7200,1.01946902655
514196,514211,514776,15,565,2,7200,1.02654867257
514211,514218,514783,7,565,2,7200,1.01238938053
514213,514225,514790,12,565,2,7200,1.02123893805
514228,514234,514798,6,564,2,7200,1.01063829787
514252,514258,514835,6,577,2,7200,1.01039861352
514267,514274,514839,7,565,2,7200,1.01238938053
514269,514281,514860,12,579,2,7200,1.0207253886
514270,514286,514853,16,567,2,7200,1.02821869489
514285,514293,514859,8,566,2,7200,1.01413427562
514287,514300,514868,13,568,2,7200,1.02288732394
514288,514305,514875,17,570,2,7200,1.0298245614
514303,514312,514878,9,566,2,7200,1.01590106007
514318,514324,514893,6,569,2,7200,1.01054481547
514339,514346,514912,7,566,2,7200,1.01236749117
514430,514438,514992,8,554,2,7200,1.01444043321
514454,514462,515026,8,564,2,7200,1.01418439716
514479,514485,515045,6,560,2,7200,1.01071428571
514497,514504,515083,7,579,2,7200,1.01208981002
514498,514511,515078,13,567,2,7200,1.02292768959
514537,514545,515114,8,569,2,7200,1.01405975395
514552,514559,515130,7,571,2,7200,1.0122591944
514567,514573,515121,6,548,2,7200,1.01094890511
514582,514588,515155,6,567,2,7200,1.01058201058
514583,514595,515155,12,560,2,7200,1.02142857143
514599,514606,515177,7,571,2,7200,1.0122591944
514600,514613,515182,13,569,2,7200,1.02284710018
514615,514622,515182,7,560,2,7200,1.0125
514636,514642,515199,6,557,2,7200,1.01077199282
514660,514666,515248,6,582,2,7200,1.01030927835
514675,514681,515242,6,561,2,7200,1.01069518717
514690,514697,515263,7,566,2,7200,1.01236749117
514691,514704,515274,13,570,2,7200,1.02280701754
514725,514731,515298,6,567,2,7200,1.01058201058
514726,514738,515303,12,565,2,7200,1.02123893805
514741,514747,515315,6,568,2,7200,1.01056338028
514742,514753,515326,11,573,2,7200,1.01919720768
514757,514765,515332,8,567,2,7200,1.01410934744
514759,514770,515338,11,568,2,7200,1.01936619718
514774,514780,515362,6,582,2,7200,1.01030927835
514775,514787,515348,12,561,2,7200,1.02139037433
514790,514796,515362,6,566,2,7200,1.01060070671
514792,514804,515349,12,545,2,7200,1.02201834862
514793,514809,515376,16,567,2,7200,1.02821869489
514808,514816,515379,8,563,2,7200,1.01420959147
514838,514845,515408,7,563,2,7200,1.01243339254
514853,514859,515437,6,578,2,7200,1.01038062284
514868,514874,515446,6,572,2,7200,1.01048951049
514870,514881,515435,11,554,2,7200,1.01985559567
514871,514886,515449,15,563,2,7200,1.02664298401
514886,514893,515444,7,551,2,7200,1.01270417423
514887,514900,515456,13,556,2,7200,1.02338129496
514889,514905,515478,16,573,2,7200,1.02792321117
514904,514911,515481,7,570,2,7200,1.01228070175
514918,514926,515491,8,565,2,7200,1.01415929204
514994,515000,515559,6,559,2,7200,1.01073345259
515027,515033,515585,6,552,2,7200,1.01086956522
515048,515054,515617,6,563,2,7200,1.01065719361
515082,515089,515652,7,563,2,7200,1.01243339254
515096,515102,515664,6,562,2,7200,1.01067615658
515117,515124,515684,7,560,2,7200,1.0125
515132,515139,515703,7,564,2,7200,1.01241134752
515134,515146,515728,12,582,2,7200,1.0206185567
515158,515164,515725,6,561,2,7200,1.01069518717
515159,515171,515732,12,561,2,7200,1.02139037433
515180,515187,515730,7,543,2,7200,1.01289134438
515195,515201,515770,6,569,2,7200,1.01054481547
515197,515208,515768,11,560,2,7200,1.01964285714
515211,515219,515788,8,569,2,7200,1.01405975395
515245,515251,515810,6,559,2,7200,1.01073345259
515257,515264,515344,7,80,2,3600,1.0875
515257,515269,515270,12,1,2,3600,1.3
515258,515274,515275,16,1,2,3600,1.7
515258,515281,515282,23,1,2,3600,2.4
515259,515292,515293,33,1,2,3600,3.4
515259,515297,515298,38,1,2,3600,3.9
515259,515303,515870,44,567,2,7200,1.07760141093
515270,515308,515312,38,4,2,3600,4.2
515271,515313,515314,42,1,2,3600,4.3
515271,515318,515319,47,1,2,3600,4.8
515271,515324,515325,53,1,2,3600,5.4
515272,515329,515330,57,1,2,3600,5.8
515272,515340,515341,68,1,2,3600,6.9
515274,515345,515907,71,562,2,7200,1.12633451957
515289,515358,515923,69,565,2,7200,1.12212389381
515305,515363,515932,58,569,2,7200,1.10193321617
515306,515369,515931,63,562,2,7200,1.11209964413
515321,515374,515940,53,566,2,7200,1.09363957597
515336,515379,515949,43,570,2,7200,1.07543859649
515337,515385,515949,48,564,2,7200,1.08510638298
515353,515392,515961,39,569,2,7200,1.06854130053
515354,515398,515962,44,564,2,7200,1.0780141844
515355,515403,515961,48,558,2,7200,1.08602150538
515371,515408,515973,37,565,2,7200,1.06548672566
515372,515414,515978,42,564,2,7200,1.07446808511
515387,515420,515952,33,532,2,7200,1.06203007519
515389,515426,515991,37,565,2,7200,1.06548672566
515401,515436,515941,35,505,2,3600,1.06930693069
515401,515442,515627,41,185,2,3600,1.22162162162
515401,515431,515941,30,510,2,3600,1.05882352941
515402,515458,515587,56,129,2,3600,1.43410852713
515402,515447,515603,45,156,2,3600,1.28846153846
515402,515452,515608,50,156,2,3600,1.32051282051
515403,515463,515613,60,150,2,3600,1.4
515410,515469,516042,59,573,2,7200,1.10296684119
515430,515476,515480,46,4,2,3600,5.0
515431,515487,515490,56,3,2,3600,5.9
515431,515481,515485,50,4,2,3600,5.4
515432,515492,515496,60,4,2,3600,6.4
515432,515497,515501,65,4,2,3600,6.9
515432,515503,515506,71,3,2,3600,7.4
515433,515508,515512,75,4,2,3600,7.9
515437,515513,516079,76,566,2,7200,1.13427561837
515453,515519,516082,66,563,2,7200,1.11722912966
515454,515524,516088,70,564,2,7200,1.12411347518
515455,515529,516097,74,568,2,7200,1.13028169014
515457,515542,516124,85,582,2,7200,1.14604810997
515471,515536,516102,65,566,2,7200,1.1148409894
515486,515547,516119,61,572,2,7200,1.10664335664
515488,515552,516107,64,555,2,7200,1.11531531532
515503,515557,516127,54,570,2,7200,1.09473684211
515561,515567,516131,6,564,2,7200,1.01063829787
515588,515595,516177,7,582,2,7200,1.01202749141
515618,515624,516189,6,565,2,7200,1.01061946903
515654,515660,516227,6,567,2,7200,1.01058201058
515669,515680,516239,11,559,2,7200,1.01967799642
515687,515693,516257,6,564,2,7200,1.01063829787
515705,515712,516284,7,572,2,7200,1.01223776224
515726,515732,516305,6,573,2,7200,1.01047120419
515741,515748,516313,7,565,2,7200,1.01238938053
515743,515754,516338,11,584,2,7200,1.01883561644
515744,515760,516321,16,561,2,7200,1.02852049911
515771,515779,516347,8,568,2,7200,1.01408450704
515773,515785,516348,12,563,2,7200,1.02131438721
515778,515801,515807,23,6,2,3600,2.9
515778,515796,515802,18,6,2,3600,2.4
515778,515790,515797,12,7,2,3600,1.9
515779,515819,515824,40,5,2,3600,4.5
515779,515813,515819,34,6,2,3600,4.0
515779,515806,515812,27,6,2,3600,3.3
515780,515824,515829,44,5,2,3600,4.9
515791,515829,516402,38,573,2,7200,1.06631762653
515812,515837,516404,25,567,2,7200,1.04409171076
515871,515877,515884,6,7,2,3600,1.3
515871,515883,515889,12,6,2,3600,1.8
515871,515888,515894,17,6,2,3600,2.3
515872,515895,515900,23,5,2,3600,2.8
515872,515900,515905,28,5,2,3600,3.3
515873,515905,515910,32,5,2,3600,3.7
515873,515916,515921,43,5,2,3600,4.8
515873,515911,516443,38,532,2,7200,1.07142857143
515909,515923,516488,14,565,2,7200,1.02477876106
515924,515931,516475,7,544,2,7200,1.01286764706
515939,515945,516515,6,570,2,7200,1.01052631579
515941,515951,516505,10,554,2,7200,1.01805054152
515956,515963,516529,7,566,2,7200,1.01236749117
515957,515970,516539,13,569,2,7200,1.02284710018
515959,515975,516542,16,567,2,7200,1.02821869489
515960,515980,516549,20,569,2,7200,1.03514938489
515961,516094,516095,133,1,1,240,13.4
515976,515987,516563,11,576,2,7200,1.01909722222
515977,515992,516554,15,562,2,7200,1.02669039146
515978,515997,516563,19,566,2,7200,1.03356890459
515980,516003,516558,23,555,2,7200,1.04144144144
515993,516010,517757,17,1747,2,3600,1.00973096737
515994,516015,516650,21,635,2,3600,1.03307086614
515995,516020,516592,25,572,2,7200,1.04370629371
515996,516026,516599,30,573,2,7200,1.05235602094
516044,516051,516613,7,562,2,7200,1.01245551601
516081,516087,516648,6,561,2,7200,1.01069518717
516096,516102,516673,6,571,2,7200,1.01050788091
516097,516109,516669,12,560,2,7200,1.02142857143
516112,516119,516681,7,562,2,7200,1.01245551601
516114,516126,516691,12,565,2,7200,1.02123893805
516115,516131,516702,16,571,2,7200,1.02802101576
516130,516138,516710,8,572,2,7200,1.01398601399
516132,516143,516707,11,564,2,7200,1.0195035461
516133,516150,516726,17,576,2,7200,1.02951388889
516148,516157,516725,9,568,2,7200,1.01584507042
516157,516163,516171,6,8,2,3600,1.4
516157,516169,516176,12,7,2,3600,1.9
516158,516176,516181,18,5,2,3600,2.3
516158,516181,516187,23,6,2,3600,2.9
516159,516197,516202,38,5,2,3600,4.3
516159,516186,516192,27,6,2,3600,3.3
516159,516191,516197,32,6,2,3600,3.8
516178,516204,516774,26,570,2,7200,1.04561403509
516194,516209,516775,15,566,2,7200,1.02650176678
516228,516234,516815,6,581,2,7200,1.01032702238
516242,516249,516827,7,578,2,7200,1.01211072664
516260,516266,516832,6,566,2,7200,1.01060070671
516287,516294,516863,7,569,2,7200,1.01230228471
516305,516311,516870,6,559,2,7200,1.01073345259
516313,516331,516338,18,7,2,3600,2.5
516313,516326,516333,13,7,2,3600,2.0
516313,516319,516328,6,9,2,3600,1.5
516314,516342,516348,28,6,2,3600,3.4
516314,516336,516342,22,6,2,3600,2.8
516315,516352,516357,37,5,2,3600,4.2
516315,516347,516353,32,6,2,3600,3.8
516320,516360,516923,40,563,2,7200,1.07104795737
516335,516365,516933,30,568,2,7200,1.05281690141
516350,516370,516931,20,561,2,7200,1.03565062389
516352,516376,516946,24,570,2,7200,1.04210526316
516353,516383,516943,30,560,2,7200,1.05357142857
516405,516411,516994,6,583,2,7200,1.0102915952
516406,516418,516985,12,567,2,7200,1.02116402116
516446,516453,517019,7,566,2,7200,1.01236749117
516476,516482,517052,6,570,2,7200,1.01052631579
516491,516498,517076,7,578,2,7200,1.01211072664
516508,516516,517098,8,582,2,7200,1.01374570447
516523,516531,517096,8,565,2,7200,1.01415929204
516538,516544,517116,6,572,2,7200,1.01048951049
516554,516561,517125,7,564,2,7200,1.01241134752
516555,516567,517150,12,583,2,7200,1.02058319039
516556,516573,517146,17,573,2,7200,1.02966841187
516558,516578,517148,20,570,2,7200,1.0350877193
516573,516585,517153,12,568,2,7200,1.02112676056
516574,516590,517169,16,579,2,7200,1.02763385147
516576,516595,517178,19,583,2,7200,1.03259005146
516594,516603,517139,9,536,2,7200,1.01679104478
516608,516615,517194,7,579,2,7200,1.01208981002
516623,516630,517196,7,566,2,7200,1.01236749117
516650,516658,517235,8,577,2,7200,1.01386481802
516671,516679,517244,8,565,2,7200,1.01415929204
516687,516693,517272,6,579,2,7200,1.0103626943
516688,516700,517252,12,552,2,7200,1.02173913043
516703,516709,517270,6,561,2,7200,1.01069518717
516705,516716,517283,11,567,2,7200,1.01940035273
516720,516727,517307,7,580,2,7200,1.01206896552
516721,516733,517301,12,568,2,7200,1.02112676056
516736,516742,517300,6,558,2,7200,1.01075268817
516738,516749,517236,11,487,2,7200,1.02258726899
516777,516783,517362,6,579,2,7200,1.0103626943
516779,516790,517336,11,546,2,7200,1.02014652015
516815,516821,517391,6,570,2,7200,1.01052631579
516830,516836,517384,6,548,2,7200,1.01094890511
516845,516851,517418,6,567,2,7200,1.01058201058
516866,516872,517438,6,566,2,7200,1.01060070671
516880,516888,517442,8,554,2,7200,1.01444043321
516912,516918,517659,6,741,2,3600,1.00809716599
516912,516924,517554,12,630,2,3600,1.01904761905
516912,516929,517043,17,114,2,3600,1.14912280702
516913,516936,517025,23,89,2,3600,1.25842696629
516914,516941,517014,27,73,2,3600,1.3698630137
516914,516947,517008,33,61,2,3600,1.54098360656
516914,516952,517007,38,55,2,3600,1.69090909091
516926,516957,517517,31,560,2,7200,1.05535714286
516941,516965,517518,24,553,2,7200,1.04339963834
516942,516970,517534,28,564,2,7200,1.04964539007
516957,516976,517542,19,566,2,7200,1.03356890459
516959,516981,517554,22,573,2,7200,1.03839441536
516986,516992,517569,6,577,2,7200,1.01039861352
517001,517008,517579,7,571,2,7200,1.0122591944
517022,517029,517595,7,566,2,7200,1.01236749117
517055,517062,517625,7,563,2,7200,1.01243339254
517079,517085,517654,6,569,2,7200,1.01054481547
517097,517103,517671,6,568,2,7200,1.01056338028
517112,517119,517699,7,580,2,7200,1.01206896552
517127,517133,517697,6,564,2,7200,1.01063829787
517129,517141,517701,12,560,2,7200,1.02142857143
517144,517150,517719,6,569,2,7200,1.01054481547
517159,517167,517709,8,542,2,7200,1.0147601476
517161,517173,517740,12,567,2,7200,1.02116402116
517162,517179,517739,17,560,2,7200,1.03035714286
517164,517184,517751,20,567,2,7200,1.03527336861
517179,517191,517755,12,564,2,7200,1.02127659574
517180,517196,517769,16,573,2,7200,1.02792321117
517186,517203,517320,17,117,16,120,1.1452991453
517195,517208,517783,13,575,2,7200,1.02260869565
517197,517213,517780,16,567,2,7200,1.02821869489
517236,517244,517808,8,564,2,7200,1.01418439716
517238,517251,517804,13,553,2,7200,1.02350813743
517253,517260,517832,7,572,2,7200,1.01223776224
517255,517267,517824,12,557,2,7200,1.02154398564
517273,517280,517821,7,541,2,7200,1.01293900185
517275,517287,517854,12,567,2,7200,1.02116402116
517290,517297,517877,7,580,2,7200,1.01206896552
517305,517312,517880,7,568,2,7200,1.01232394366
517307,517318,517872,11,554,2,7200,1.01985559567
517322,517329,517888,7,559,2,7200,1.01252236136
517340,517347,517911,7,564,2,7200,1.01241134752
517364,517370,517936,6,566,2,7200,1.01060070671
517388,517395,517959,7,564,2,7200,1.01241134752
517403,517409,517974,6,565,2,7200,1.01061946903
517421,517428,517993,7,565,2,7200,1.01238938053
517439,517445,518018,6,573,2,7200,1.01047120419
517454,517460,518037,6,577,2,7200,1.01039861352
517521,517529,518095,8,566,2,7200,1.01413427562
517523,517536,518086,13,550,2,7200,1.02363636364
517538,517545,518058,7,513,2,7200,1.01364522417
517553,517560,518131,7,571,2,7200,1.0122591944
517568,517575,518138,7,563,2,7200,1.01243339254
517583,517590,518158,7,568,2,7200,1.01232394366
517585,517596,518134,11,538,2,7200,1.02044609665
517600,517607,518183,7,576,2,7200,1.01215277778
517627,517634,518213,7,579,2,7200,1.01208981002
517657,517664,518229,7,565,2,7200,1.01238938053
517672,517678,518252,6,574,2,7200,1.01045296167
517699,517706,518272,7,566,2,7200,1.01236749117
517701,517712,518310,11,598,2,7200,1.01839464883
517716,517722,518281,6,559,2,7200,1.01073345259
517718,517728,518292,10,564,2,7200,1.01773049645
517733,517739,518303,6,564,2,7200,1.01063829787
517748,517755,518323,7,568,2,7200,1.01232394366
517749,517761,518333,12,572,2,7200,1.02097902098
517764,517771,518338,7,567,2,7200,1.01234567901
517766,517777,518345,11,568,2,7200,1.01936619718
517781,517787,518352,6,565,2,7200,1.01061946903
517783,517794,518359,11,565,2,7200,1.01946902655
517788,517801,519230,13,1429,2,3600,1.00909727082
517789,517812,518052,23,240,2,3600,1.09583333333
517789,517806,518543,17,737,2,3600,1.02306648575
517790,517828,517950,38,122,2,3600,1.31147540984
517790,517822,517968,32,146,2,3600,1.21917808219
517790,517817,517992,27,175,2,3600,1.15428571429
517791,517833,517940,42,107,2,3600,1.39252336449
517797,517840,518421,43,581,2,7200,1.07401032702
517813,517845,518408,32,563,2,7200,1.0568383659
517814,517851,518422,37,571,2,7200,1.06479859895
517829,517856,518424,27,568,2,7200,1.04753521127
517831,517862,518423,31,561,2,7200,1.05525846702
517845,517869,518442,24,573,2,7200,1.04188481675
517861,517874,518443,13,569,2,7200,1.02284710018
517876,517882,518450,6,568,2,7200,1.01056338028
517891,517898,518484,7,586,2,7200,1.01194539249
517892,517905,518486,13,581,2,7200,1.02237521515
517894,517910,518475,16,565,2,7200,1.02831858407
517912,517918,518487,6,569,2,7200,1.01054481547
517936,517943,518504,7,561,2,7200,1.01247771836
517960,517966,518533,6,567,2,7200,1.01058201058
517975,517982,518551,7,569,2,7200,1.01230228471
517984,520702,525946,2718,5244,24,21600,1.51830663616
517996,518004,518580,8,576,2,7200,1.01388888889
518021,518028,518597,7,569,2,7200,1.01230228471
518038,518046,518623,8,577,2,7200,1.01386481802
518059,518066,518639,7,573,2,7200,1.01221640489
518087,518093,518680,6,587,2,7200,1.01022146508
518102,518108,518683,6,575,2,7200,1.01043478261
518135,518141,518714,6,573,2,7200,1.01047120419
518137,518149,518718,12,569,2,7200,1.02108963093
518151,518159,518721,8,562,2,7200,1.01423487544
518166,518172,518741,6,569,2,7200,1.01054481547
518184,518191,518759,7,568,2,7200,1.01232394366
518214,518222,518787,8,565,2,7200,1.01415929204
518232,518240,518807,8,567,2,7200,1.01410934744
518254,518261,518823,7,562,2,7200,1.01245551601
518275,518282,518843,7,561,2,7200,1.01247771836
518290,518297,518869,7,572,2,7200,1.01223776224
518305,518312,518884,7,572,2,7200,1.01223776224
518306,518319,518868,13,549,2,7200,1.02367941712
518321,518327,518889,6,562,2,7200,1.01067615658
518336,518343,518917,7,574,2,7200,1.01219512195
518338,518350,518889,12,539,2,7200,1.02226345083
518353,518360,518910,7,550,2,7200,1.01272727273
518354,518367,518894,13,527,2,7200,1.02466793169
518356,518372,518939,16,567,2,7200,1.02821869489
518371,518379,518930,8,551,2,7200,1.01451905626
518410,518416,518978,6,562,2,7200,1.01067615658
518425,518432,519000,7,568,2,7200,1.01232394366
518426,518439,518967,13,528,2,7200,1.02462121212
518428,518444,519009,16,565,2,7200,1.02831858407
518429,518450,519015,21,565,2,7200,1.03716814159
518444,518457,519034,13,577,2,7200,1.02253032929
518445,518462,519001,17,539,2,7200,1.03153988868
518460,518469,519031,9,562,2,7200,1.01601423488
518478,518485,519062,7,577,2,7200,1.01213171577
518493,518499,519041,6,542,2,7200,1.0110701107
518494,518505,519058,11,553,2,7200,1.0198915009
518495,518511,519082,16,571,2,7200,1.02802101576
518510,518518,519100,8,582,2,7200,1.01374570447
518534,518541,519102,7,561,2,7200,1.01247771836
518552,518559,519121,7,562,2,7200,1.01245551601
518582,518589,519161,7,572,2,7200,1.01223776224
518600,518606,519184,6,578,2,7200,1.01038062284
518624,518630,519194,6,564,2,7200,1.01063829787
518642,518649,519223,7,574,2,7200,1.01219512195
518681,518688,519245,7,557,2,7200,1.01256732496
518695,518702,519272,7,570,2,7200,1.01228070175
518716,518724,519256,8,532,2,7200,1.01503759398
518731,518738,519302,7,564,2,7200,1.01241134752
518733,518745,519314,12,569,2,7200,1.02108963093
518747,518754,519313,7,559,2,7200,1.01252236136
518762,518769,519334,7,565,2,7200,1.01238938053
518789,518796,519360,7,564,2,7200,1.01241134752
518810,518816,519385,6,569,2,7200,1.01054481547
518825,518832,519395,7,563,2,7200,1.01243339254
518846,518853,519398,7,545,2,7200,1.0128440367
518870,518877,519442,7,565,2,7200,1.01238938053
518872,518884,519450,12,566,2,7200,1.02120141343
518887,518893,519462,6,569,2,7200,1.01054481547
518902,518908,519463,6,555,2,7200,1.01081081081
518903,518914,519483,11,569,2,7200,1.01933216169
518904,518920,519502,16,582,2,7200,1.02749140893
518919,518927,519493,8,566,2,7200,1.01413427562
518920,518932,519498,12,566,2,7200,1.02120141343
518935,518941,519476,6,535,2,7200,1.01121495327
518950,518957,519522,7,565,2,7200,1.01238938053
518971,518978,519543,7,565,2,7200,1.01238938053
518985,518992,519562,7,570,2,7200,1.01228070175
519003,519011,519569,8,558,2,7200,1.01433691756
519005,519016,519583,11,567,2,7200,1.01940035273
519020,519026,519584,6,558,2,7200,1.01075268817
519021,519032,519583,11,551,2,7200,1.01996370236
519036,519042,519611,6,569,2,7200,1.01054481547
519037,519049,519624,12,575,2,7200,1.02086956522
519052,519059,519635,7,576,2,7200,1.01215277778
519067,519074,519630,7,556,2,7200,1.01258992806
519068,519081,519661,13,580,2,7200,1.0224137931
519083,519089,519660,6,571,2,7200,1.01050788091
519101,519108,519676,7,568,2,7200,1.01232394366
519116,519123,519691,7,568,2,7200,1.01232394366
519131,519138,519669,7,531,2,7200,1.0131826742
519161,519168,519734,7,566,2,7200,1.01236749117
519185,519192,519742,7,550,2,7200,1.01272727273
519200,519206,519771,6,565,2,7200,1.01061946903
519224,519230,519786,6,556,2,7200,1.01079136691
519248,519254,519823,6,569,2,7200,1.01054481547
519263,519269,519839,6,570,2,7200,1.01052631579
519278,519285,519853,7,568,2,7200,1.01232394366
519305,519312,519875,7,563,2,7200,1.01243339254
519320,519326,519907,6,581,2,7200,1.01032702238
519321,519333,519917,12,584,2,7200,1.02054794521
519336,519342,519908,6,566,2,7200,1.01060070671
519360,519367,519932,7,565,2,7200,1.01238938053
519387,519394,519959,7,565,2,7200,1.01238938053
519402,519409,519981,7,572,2,7200,1.01223776224
519404,519416,519986,12,570,2,7200,1.02105263158
519443,519449,520008,6,559,2,7200,1.01073345259
519458,519464,520032,6,568,2,7200,1.01056338028
519473,519479,520043,6,564,2,7200,1.01063829787
519474,519486,520043,12,557,2,7200,1.02154398564
519489,519496,520065,7,569,2,7200,1.01230228471
519491,519502,520067,11,565,2,7200,1.01946902655
519506,519513,520071,7,558,2,7200,1.01254480287
519507,519519,520090,12,571,2,7200,1.02101576182
519509,519525,520092,16,567,2,7200,1.02821869489
519523,519531,520095,8,564,2,7200,1.01418439716
519544,519552,520131,8,579,2,7200,1.01381692573
519565,519573,520137,8,564,2,7200,1.01418439716
519580,519587,520147,7,560,2,7200,1.0125
519595,519601,520166,6,565,2,7200,1.01061946903
519597,519608,520186,11,578,2,7200,1.01903114187
519598,519613,520112,15,499,2,7200,1.03006012024
519613,519620,520207,7,587,2,7200,1.01192504259
519628,519635,520205,7,570,2,7200,1.01228070175
519643,519650,520215,7,565,2,7200,1.01238938053
519644,519656,520213,12,557,2,7200,1.02154398564
519662,519669,520236,7,567,2,7200,1.01234567901
519664,519676,520233,12,557,2,7200,1.02154398564
519679,519685,520249,6,564,2,7200,1.01063829787
519680,519692,520248,12,556,2,7200,1.02158273381
519696,519702,520269,6,567,2,7200,1.01058201058
519735,519742,520314,7,572,2,7200,1.01223776224
519750,519756,520320,6,564,2,7200,1.01063829787
519771,519777,520355,6,578,2,7200,1.01038062284
519789,519795,520344,6,549,2,7200,1.01092896175
519825,519831,520405,6,574,2,7200,1.01045296167
519840,519846,520413,6,567,2,7200,1.01058201058
519854,519862,520431,8,569,2,7200,1.01405975395
519879,519885,520449,6,564,2,7200,1.01063829787
519909,519915,520450,6,535,2,7200,1.01121495327
519910,519922,520483,12,561,2,7200,1.02139037433
519925,519931,520494,6,563,2,7200,1.01065719361
519940,519946,520520,6,574,2,7200,1.01045296167
519961,519968,520549,7,581,2,7200,1.01204819277
519982,519988,520551,6,563,2,7200,1.01065719361
519997,520004,520563,7,559,2,7200,1.01252236136
520012,520018,520578,6,560,2,7200,1.01071428571
520033,520040,520605,7,565,2,7200,1.01238938053
520048,520055,520624,7,569,2,7200,1.01230228471
520049,520061,520622,12,561,2,7200,1.02139037433
520067,520074,520641,7,567,2,7200,1.01234567901
520069,520082,520657,13,575,2,7200,1.02260869565
520084,520090,520661,6,571,2,7200,1.01050788091
520099,520105,520684,6,579,2,7200,1.0103626943
520101,520112,520674,11,562,2,7200,1.01957295374
520102,520117,520680,15,563,2,7200,1.02664298401
520117,520124,520689,7,565,2,7200,1.01238938053
520132,520138,520710,6,572,2,7200,1.01048951049
520147,520153,520713,6,560,2,7200,1.01071428571
520162,520168,520742,6,574,2,7200,1.01045296167
520176,520182,520757,6,575,2,7200,1.01043478261
520191,520197,520761,6,564,2,7200,1.01063829787
520207,520213,520759,6,546,2,7200,1.01098901099
520222,520228,520779,6,551,2,7200,1.0108892922
520224,520235,520796,11,561,2,7200,1.01960784314
520225,520240,520809,15,569,2,7200,1.02636203866
520240,520246,520800,6,554,2,7200,1.01083032491
520241,520253,520832,12,579,2,7200,1.0207253886
520256,520263,520831,7,568,2,7200,1.01232394366
520258,520270,520810,12,540,2,7200,1.02222222222
520273,520279,520820,6,541,2,7200,1.01109057301
520315,520322,520891,7,569,2,7200,1.01230228471
520330,520337,520899,7,562,2,7200,1.01245551601
520345,520352,520933,7,581,2,7200,1.01204819277
520360,520366,520943,6,577,2,7200,1.01039861352
520406,520413,520973,7,560,2,7200,1.0125
520420,520427,520977,7,550,2,7200,1.01272727273
520435,520443,520996,8,553,2,7200,1.01446654611
520450,520458,521023,8,565,2,7200,1.01415929204
520452,520465,521029,13,564,2,7200,1.02304964539
520485,520491,521055,6,564,2,7200,1.01063829787
520500,520507,521069,7,562,2,7200,1.01245551601
520521,520528,521092,7,564,2,7200,1.01241134752
520551,520558,521115,7,557,2,7200,1.01256732496
520553,520565,521141,12,576,2,7200,1.02083333333
520568,520575,521137,7,562,2,7200,1.01245551601
520583,520590,521158,7,568,2,7200,1.01232394366
520604,520610,521176,6,566,2,7200,1.01060070671
520625,520632,521203,7,571,2,7200,1.0122591944
520627,520640,521204,13,564,2,7200,1.02304964539
520642,520649,521219,7,570,2,7200,1.01228070175
520657,520663,521239,6,576,2,7200,1.01041666667
520672,520679,521247,7,568,2,7200,1.01232394366
520687,520695,521272,8,577,2,7200,1.01386481802
520689,520707,521283,18,576,2,7200,1.03125
520690,520713,521272,23,559,2,7200,1.04114490161
520705,520720,521281,15,561,2,7200,1.02673796791
520720,520727,521290,7,563,2,7200,1.01243339254
520722,520733,521293,11,560,2,7200,1.01964285714
520743,520749,521322,6,573,2,7200,1.01047120419
520758,520765,521331,7,566,2,7200,1.01236749117
520773,520779,521346,6,567,2,7200,1.01058201058
520774,520785,521343,11,558,2,7200,1.01971326165
520789,520795,521353,6,558,2,7200,1.01075268817
520804,520810,521377,6,567,2,7200,1.01058201058
520806,520816,521394,10,578,2,7200,1.01730103806
520821,520827,521375,6,548,2,7200,1.01094890511
520823,520834,521372,11,538,2,7200,1.02044609665
520824,520839,521406,15,567,2,7200,1.02645502646
520839,520846,521408,7,562,2,7200,1.01245551601
520841,520853,521430,12,577,2,7200,1.02079722704
520892,520898,521469,6,571,2,7200,1.01050788091
520907,520913,521480,6,567,2,7200,1.01058201058
520934,520940,521508,6,568,2,7200,1.01056338028
520949,520955,521523,6,568,2,7200,1.01056338028
520976,520983,521542,7,559,2,7200,1.01252236136
520991,520999,521565,8,566,2,7200,1.01413427562
521006,521012,521577,6,565,2,7200,1.01061946903
521024,521031,521584,7,553,2,7200,1.01265822785
521039,521045,521612,6,567,2,7200,1.01058201058
521057,521064,521634,7,570,2,7200,1.01228070175
521072,521078,521647,6,569,2,7200,1.01054481547
521093,521099,521669,6,570,2,7200,1.01052631579
521117,521124,521685,7,561,2,7200,1.01247771836
521138,521146,521713,8,567,2,7200,1.01410934744
521153,521160,521730,7,570,2,7200,1.01228070175
521168,521174,521746,6,572,2,7200,1.01048951049
521183,521190,521753,7,563,2,7200,1.01243339254
521204,521211,521791,7,580,2,7200,1.01206896552
521206,521218,521789,12,571,2,7200,1.02101576182
521221,521227,521751,6,524,2,7200,1.01145038168
521242,521249,521813,7,564,2,7200,1.01241134752
521257,521264,521846,7,582,2,7200,1.01202749141
521272,521278,521843,6,565,2,7200,1.01061946903
521287,521294,521836,7,542,2,7200,1.01291512915
521289,521301,521867,12,566,2,7200,1.02120141343
521290,521306,521825,16,519,2,7200,1.03082851638
521305,521313,521884,8,571,2,7200,1.01401050788
521307,521320,521874,13,554,2,7200,1.02346570397
521325,521332,521856,7,524,2,7200,1.01335877863
521340,521346,521907,6,561,2,7200,1.01069518717
521355,521361,521929,6,568,2,7200,1.01056338028
521356,521368,521880,12,512,2,7200,1.0234375
521358,521373,521935,15,562,2,7200,1.02669039146
521373,521380,521945,7,565,2,7200,1.01238938053
521388,521395,521957,7,562,2,7200,1.01245551601
521389,521401,521962,12,561,2,7200,1.02139037433
521404,521412,521977,8,565,2,7200,1.01415929204
521419,521426,521992,7,566,2,7200,1.01236749117
521421,521432,522003,11,571,2,7200,1.01926444834
521436,521441,522009,5,568,2,7200,1.0088028169
521472,521479,522025,7,546,2,7200,1.01282051282
521487,521493,522055,6,562,2,7200,1.01067615658
521508,521514,522083,6,569,2,7200,1.01054481547
521526,521532,522114,6,582,2,7200,1.01030927835
521544,521550,522076,6,526,2,7200,1.01140684411
521568,521574,522156,6,582,2,7200,1.01030927835
521583,521589,522163,6,574,2,7200,1.01045296167
521597,521604,522163,7,559,2,7200,1.01252236136
521612,521619,522187,7,568,2,7200,1.01232394366
521636,521643,522209,7,566,2,7200,1.01236749117
521651,521657,522225,6,568,2,7200,1.01056338028
521672,521678,522198,6,520,2,7200,1.01153846154
521687,521693,522264,6,571,2,7200,1.01050788091
521714,521720,522283,6,563,2,7200,1.01065719361
521732,521738,522299,6,561,2,7200,1.01069518717
521747,521753,522324,6,571,2,7200,1.01050788091
521762,521768,522287,6,519,2,7200,1.01156069364
521763,521774,522344,11,570,2,7200,1.01929824561
521791,521798,522369,7,571,2,7200,1.0122591944
521792,521805,522383,13,578,2,7200,1.02249134948
521817,521823,522392,6,569,2,7200,1.01054481547
521831,521838,522407,7,569,2,7200,1.01230228471
521847,521853,522373,6,520,2,7200,1.01153846154
521848,521860,522424,12,564,2,7200,1.02127659574
521849,521865,522430,16,565,2,7200,1.02831858407
521864,521871,522380,7,509,2,7200,1.0137524558
521879,521886,522454,7,568,2,7200,1.01232394366
521881,521894,522428,13,534,2,7200,1.02434456929
521896,521902,522475,6,573,2,7200,1.01047120419
521897,521909,522440,12,531,2,7200,1.02259887006
521912,521918,522500,6,582,2,7200,1.01030927835
521930,521937,522505,7,568,2,7200,1.01232394366
521945,521951,522526,6,575,2,7200,1.01043478261
521947,521958,522522,11,564,2,7200,1.0195035461
521962,521968,522544,6,576,2,7200,1.01041666667
521977,521983,522539,6,556,2,7200,1.01079136691
521978,521990,522572,12,582,2,7200,1.0206185567
521993,522000,522558,7,558,2,7200,1.01254480287
522009,522015,522563,6,548,2,7200,1.01094890511
522010,522022,522581,12,559,2,7200,1.02146690519
522028,522035,522591,7,556,2,7200,1.01258992806
522055,522061,522554,6,493,2,7200,1.0121703854
522079,522086,522651,7,565,2,7200,1.01238938053
522094,522101,522671,7,570,2,7200,1.01228070175
522115,522121,522670,6,549,2,7200,1.01092896175
522158,522165,522732,7,567,2,7200,1.01234567901
522173,522179,522764,6,585,2,7200,1.01025641026
522174,522186,522689,12,503,2,7200,1.02385685885
522189,522196,522766,7,570,2,7200,1.01228070175
522204,522210,522775,6,565,2,7200,1.01061946903
522219,522225,522754,6,529,2,7200,1.01134215501
522234,522240,522809,6,569,2,7200,1.01054481547
522267,522273,522827,6,554,2,7200,1.01083032491
522285,522291,522858,6,567,2,7200,1.01058201058
522300,522306,522872,6,566,2,7200,1.01060070671
522301,522312,522847,11,535,2,7200,1.02056074766
522325,522332,522892,7,560,2,7200,1.0125
522346,522353,522917,7,564,2,7200,1.01241134752
522370,522377,522947,7,570,2,7200,1.01228070175
522386,522392,522955,6,563,2,7200,1.01065719361
522387,522399,522967,12,568,2,7200,1.02112676056
522388,522404,522990,16,586,2,7200,1.02730375427
522403,522411,522984,8,573,2,7200,1.01396160558
522418,522425,522994,7,569,2,7200,1.01230228471
522433,522439,522976,6,537,2,7200,1.01117318436
522435,522447,523014,12,567,2,7200,1.02116402116
522436,522452,522990,16,538,2,7200,1.02973977695
522451,522459,523027,8,568,2,7200,1.01408450704
522466,522473,523050,7,577,2,7200,1.01213171577
522481,522487,523056,6,569,2,7200,1.01054481547
522502,522508,523072,6,564,2,7200,1.01063829787
522516,522523,523091,7,568,2,7200,1.01232394366
522531,522538,523092,7,554,2,7200,1.01263537906
522533,522545,523107,12,562,2,7200,1.02135231317
522548,522554,523120,6,566,2,7200,1.01060070671
522549,522561,523125,12,564,2,7200,1.02127659574
522565,522572,523097,7,525,2,7200,1.01333333333
522566,522579,523139,13,560,2,7200,1.02321428571
522567,522584,523152,17,568,2,7200,1.02992957746
522582,522591,523122,9,531,2,7200,1.01694915254
522584,522596,523163,12,567,2,7200,1.02116402116
522598,522606,523139,8,533,2,7200,1.01500938086
522653,522660,523223,7,563,2,7200,1.01243339254
522671,522678,523250,7,572,2,7200,1.01223776224
522673,522685,523248,12,563,2,7200,1.02131438721
522691,522698,523254,7,556,2,7200,1.01258992806
522733,522739,523300,6,561,2,7200,1.01069518717
522754,522761,523327,7,566,2,7200,1.01236749117
522769,522775,523345,6,570,2,7200,1.01052631579
522770,522782,523344,12,562,2,7200,1.02135231317
522785,522792,523353,7,561,2,7200,1.01247771836
522809,522816,523373,7,557,2,7200,1.01256732496
522830,522837,523408,7,571,2,7200,1.0122591944
522848,522855,523406,7,551,2,7200,1.01270417423
522863,522870,523443,7,573,2,7200,1.01221640489
522878,522886,523456,8,570,2,7200,1.01403508772
522893,522899,523465,6,566,2,7200,1.01060070671
522920,522931,523501,11,570,2,7200,1.01929824561
522953,522960,523526,7,566,2,7200,1.01236749117
522968,522976,523481,8,505,2,7200,1.01584158416
522970,522981,523547,11,566,2,7200,1.01943462898
522988,522994,523556,6,562,2,7200,1.01067615658
522989,523001,523572,12,571,2,7200,1.02101576182
523005,523011,523573,6,562,2,7200,1.01067615658
523006,523018,523584,12,566,2,7200,1.02120141343
523007,523023,523583,16,560,2,7200,1.02857142857
523022,523030,523594,8,564,2,7200,1.01418439716
523037,523043,523610,6,567,2,7200,1.01058201058
523052,523058,523624,6,566,2,7200,1.01060070671
523067,523073,523605,6,532,2,7200,1.01127819549
523081,523088,523670,7,582,2,7200,1.01202749141
523096,523102,523670,6,568,2,7200,1.01056338028
523098,523110,523671,12,561,2,7200,1.02139037433
523113,523120,523661,7,541,2,7200,1.01293900185
523114,523126,523689,12,563,2,7200,1.02131438721
523130,523136,523703,6,567,2,7200,1.01058201058
523131,523143,523690,12,547,2,7200,1.02193784278
523133,523148,523731,15,583,2,7200,1.02572898799
523148,523155,523730,7,575,2,7200,1.01217391304
523149,523161,523710,12,549,2,7200,1.0218579235
523164,523170,523742,6,572,2,7200,1.01048951049
523166,523177,523737,11,560,2,7200,1.01964285714
523226,523232,523794,6,562,2,7200,1.01067615658
523250,523258,523822,8,564,2,7200,1.01418439716
523265,523272,523832,7,560,2,7200,1.0125
523267,523279,523863,12,584,2,7200,1.02054794521
523303,523309,523856,6,547,2,7200,1.01096892139
523330,523336,523901,6,565,2,7200,1.01061946903
523345,523353,523923,8,570,2,7200,1.01403508772
523347,523360,523911,13,551,2,7200,1.02359346642
523362,523368,523935,6,567,2,7200,1.01058201058
523377,523383,523934,6,551,2,7200,1.0108892922
523407,523413,523908,6,495,2,7200,1.01212121212
523422,523428,523989,6,561,2,7200,1.01069518717
523443,523449,524010,6,561,2,7200,1.01069518717
523458,523464,524034,6,570,2,7200,1.01052631579
523472,523479,524040,7,561,2,7200,1.01247771836
523487,523493,524051,6,558,2,7200,1.01075268817
523502,523509,524079,7,570,2,7200,1.01228070175
523530,523536,524110,6,574,2,7200,1.01045296167
523548,523555,524122,7,567,2,7200,1.01234567901
523562,523568,524095,6,527,2,7200,1.01138519924
523577,523583,524154,6,571,2,7200,1.01050788091
523579,523590,524154,11,564,2,7200,1.0195035461
523594,523600,524169,6,569,2,7200,1.01054481547
523596,523607,524180,11,573,2,7200,1.01919720768
523611,523618,524186,7,568,2,7200,1.01232394366
523612,523624,524183,12,559,2,7200,1.02146690519
523614,523631,524200,17,569,2,7200,1.02987697715
523628,523638,524148,10,510,2,7200,1.01960784314
523662,523668,524242,6,574,2,7200,1.01045296167
523677,523683,524248,6,565,2,7200,1.01061946903
523678,523689,524253,11,564,2,7200,1.0195035461
523680,523695,524263,15,568,2,7200,1.0264084507
523695,523701,524214,6,513,2,7200,1.01169590643
523696,523708,524277,12,569,2,7200,1.02108963093
523711,523717,524305,6,588,2,7200,1.01020408163
523713,523724,524289,11,565,2,7200,1.01946902655
523736,523742,524306,6,564,2,7200,1.01063829787
523737,523749,524331,12,582,2,7200,1.0206185567
523752,523758,524317,6,559,2,7200,1.01073345259
523753,523764,524330,11,566,2,7200,1.01943462898
523796,523803,524386,7,583,2,7200,1.01200686106
523823,523829,524395,6,566,2,7200,1.01060070671
523838,523845,524413,7,568,2,7200,1.01232394366
523859,523865,524449,6,584,2,7200,1.0102739726
523874,523880,524454,6,574,2,7200,1.01045296167
523904,523910,524474,6,564,2,7200,1.01063829787
523919,523925,524462,6,537,2,7200,1.01117318436
523921,523932,524500,11,568,2,7200,1.01936619718
523936,523942,524447,6,505,2,7200,1.01188118812
523938,523949,524515,11,566,2,7200,1.01943462898
523939,523954,524504,15,550,2,7200,1.02727272727
523991,523997,524567,6,570,2,7200,1.01052631579
524012,524018,524601,6,583,2,7200,1.0102915952
524036,524043,524608,7,565,2,7200,1.01238938053
524051,524058,524623,7,565,2,7200,1.01238938053
524066,524072,524639,6,567,2,7200,1.01058201058
524081,524088,524668,7,580,2,7200,1.01206896552
524096,524102,524668,6,566,2,7200,1.01060070671
524114,524121,524681,7,560,2,7200,1.0125
524129,524135,524704,6,569,2,7200,1.01054481547
524150,524157,524732,7,575,2,7200,1.01217391304
524165,524172,524746,7,574,2,7200,1.01219512195
524166,524178,524749,12,571,2,7200,1.02101576182
524182,524188,524756,6,568,2,7200,1.01056338028
524183,524195,524770,12,575,2,7200,1.02086956522
524198,524205,524771,7,566,2,7200,1.01236749117
524200,524212,524776,12,564,2,7200,1.02127659574
524215,524222,524788,7,566,2,7200,1.01236749117
524216,524229,524805,13,576,2,7200,1.02256944444
524243,524251,524794,8,543,2,7200,1.01473296501
524259,524265,524823,6,558,2,7200,1.01075268817
524260,524271,524837,11,566,2,7200,1.01943462898
524275,524281,524838,6,557,2,7200,1.01077199282
524290,524296,524876,6,580,2,7200,1.01034482759
524292,524304,524868,12,564,2,7200,1.02127659574
524307,524314,524871,7,557,2,7200,1.01256732496
524309,524321,524899,12,578,2,7200,1.02076124567
524324,524330,524909,6,579,2,7200,1.0103626943
524339,524345,524905,6,560,2,7200,1.01071428571
524340,524352,524885,12,533,2,7200,1.02251407129
524389,524395,524977,6,582,2,7200,1.01030927835
524404,524411,524960,7,549,2,7200,1.01275045537
524419,524426,525006,7,580,2,7200,1.01206896552
524449,524456,525007,7,551,2,7200,1.01270417423
524451,524463,525021,12,558,2,7200,1.02150537634
524466,524473,525046,7,573,2,7200,1.01221640489
524468,524479,525060,11,581,2,7200,1.01893287435
524483,524489,525074,6,585,2,7200,1.01025641026
524501,524508,525071,7,563,2,7200,1.01243339254
524516,524522,525093,6,571,2,7200,1.01050788091
524517,524529,525099,12,570,2,7200,1.02105263158
524569,524576,525134,7,558,2,7200,1.01254480287
524602,524609,525137,7,528,2,7200,1.01325757576
524617,524624,525191,7,567,2,7200,1.01234567901
524632,524639,525208,7,569,2,7200,1.01230228471
524647,524654,525220,7,566,2,7200,1.01236749117
524668,524675,525248,7,573,2,7200,1.01221640489
524670,524683,525256,13,573,2,7200,1.02268760908
524685,524692,525254,7,562,2,7200,1.01245551601
524706,524712,525278,6,566,2,7200,1.01060070671
524733,524740,525284,7,544,2,7200,1.01286764706
524748,524755,525341,7,586,2,7200,1.01194539249
524763,524769,525334,6,565,2,7200,1.01061946903
524765,524776,525338,11,562,2,7200,1.01957295374
524780,524786,525352,6,566,2,7200,1.01060070671
524782,524793,525359,11,566,2,7200,1.01943462898
524783,524798,525342,15,544,2,7200,1.02757352941
524798,524805,525344,7,539,2,7200,1.01298701299
524799,524811,525382,12,571,2,7200,1.02101576182
524814,524821,525387,7,566,2,7200,1.01236749117
524829,524835,525413,6,578,2,7200,1.01038062284
524844,524851,525417,7,566,2,7200,1.01236749117
524846,524857,525421,11,564,2,7200,1.0195035461
524870,524876,525461,6,585,2,7200,1.01025641026
524885,524892,525459,7,567,2,7200,1.01234567901
524886,524899,525455,13,556,2,7200,1.02338129496
524888,524904,525472,16,568,2,7200,1.02816901408
524903,524911,525481,8,570,2,7200,1.01403508772
524918,524924,525500,6,576,2,7200,1.01041666667
524919,524931,525500,12,569,2,7200,1.02108963093
524961,524968,525537,7,569,2,7200,1.01230228471
524979,524985,525554,6,569,2,7200,1.01054481547
525006,525013,525565,7,552,2,7200,1.01268115942
525021,525028,525599,7,571,2,7200,1.0122591944
525023,525035,525604,12,569,2,7200,1.02108963093
525047,525053,525595,6,542,2,7200,1.0110701107
525062,525069,525618,7,549,2,7200,1.01275045537
525077,525084,525646,7,562,2,7200,1.01245551601
525078,525091,525669,13,578,2,7200,1.02249134948
525094,525100,525665,6,565,2,7200,1.01061946903
525108,525116,525673,8,557,2,7200,1.01436265709
525135,525143,525709,8,566,2,7200,1.01413427562
525150,525157,525730,7,573,2,7200,1.01221640489
525193,525200,525765,7,565,2,7200,1.01238938053
525211,525217,525777,6,560,2,7200,1.01071428571
525226,525232,525815,6,583,2,7200,1.0102915952
525250,525256,525825,6,569,2,7200,1.01054481547
525265,525272,525834,7,562,2,7200,1.01245551601
525266,525279,525848,13,569,2,7200,1.02284710018
525281,525287,525850,6,563,2,7200,1.01065719361
525296,525303,525880,7,577,2,7200,1.01213171577
525335,525342,525908,7,566,2,7200,1.01236749117
525351,525358,525916,7,558,2,7200,1.01254480287
525353,525365,525942,12,577,2,7200,1.02079722704
525354,525370,525955,16,585,2,7200,1.02735042735
525355,525375,525941,20,566,2,7200,1.03533568905
525370,525382,525934,12,552,2,7200,1.02173913043
525372,525387,525954,15,567,2,7200,1.02645502646
525387,525393,525958,6,565,2,7200,1.01061946903
525402,525408,525978,6,570,2,7200,1.01052631579
525417,525423,525981,6,558,2,7200,1.01075268817
525418,525430,525999,12,569,2,7200,1.02108963093
525433,525440,526010,7,570,2,7200,1.01228070175
525457,525463,526018,6,555,2,7200,1.01081081081
525473,525480,526045,7,565,2,7200,1.01238938053
525474,525487,526060,13,573,2,7200,1.02268760908
525475,525492,526059,17,567,2,7200,1.02998236332
525490,525499,526062,9,563,2,7200,1.01598579041
525505,525512,526079,7,567,2,7200,1.01234567901
525507,525518,526072,11,554,2,7200,1.01985559567
525540,525546,526113,6,567,2,7200,1.01058201058
525555,525562,526132,7,570,2,7200,1.01228070175
525570,525577,526150,7,573,2,7200,1.01221640489
525597,525603,526161,6,558,2,7200,1.01075268817
525612,525618,526157,6,539,2,7200,1.01113172542
525613,525624,526192,11,568,2,7200,1.01936619718
525628,525635,526172,7,537,2,7200,1.01303538175
525649,525656,526200,7,544,2,7200,1.01286764706
525667,525673,526227,6,554,2,7200,1.01083032491
525682,525688,526236,6,548,2,7200,1.01094890511
525684,525694,526268,10,574,2,7200,1.01742160279
525711,525717,526278,6,561,2,7200,1.01069518717
525732,525738,526303,6,565,2,7200,1.01061946903
525768,525774,526343,6,569,2,7200,1.01054481547
525783,525789,526369,6,580,2,7200,1.01034482759
525816,525822,526393,6,571,2,7200,1.01050788091
525831,525837,526413,6,576,2,7200,1.01041666667
525846,525852,526426,6,574,2,7200,1.01045296167
525861,525867,526445,6,578,2,7200,1.01038062284
525862,525873,526440,11,567,2,7200,1.01940035273
525883,525889,526454,6,565,2,7200,1.01061946903
525910,525916,526479,6,563,2,7200,1.01065719361
525925,525932,526491,7,559,2,7200,1.01252236136
525940,525947,526470,7,523,2,7200,1.01338432122
525955,525962,526530,7,568,2,7200,1.01232394366
525957,525968,526533,11,565,2,7200,1.01946902655
525958,525974,526506,16,532,2,7200,1.03007518797
525959,525979,526540,20,561,2,7200,1.03565062389
525974,525986,526555,12,569,2,7200,1.02108963093
525989,525996,526549,7,553,2,7200,1.01265822785
525991,526002,526582,11,580,2,7200,1.01896551724
526005,526012,526581,7,569,2,7200,1.01230228471
526020,526028,526598,8,570,2,7200,1.01403508772
526022,526035,526597,13,562,2,7200,1.0231316726
526046,526053,526599,7,546,2,7200,1.01282051282
526061,526068,526645,7,577,2,7200,1.01213171577
526062,526075,526640,13,565,2,7200,1.02300884956
526078,526085,526640,7,555,2,7200,1.01261261261
526079,526092,526659,13,567,2,7200,1.02292768959
526094,526100,526652,6,552,2,7200,1.01086956522
526115,526122,526687,7,565,2,7200,1.01238938053
526133,526139,526709,6,570,2,7200,1.01052631579
526151,526158,526735,7,577,2,7200,1.01213171577
526166,526172,526740,6,568,2,7200,1.01056338028
526168,526179,526759,11,580,2,7200,1.01896551724
526183,526190,526757,7,567,2,7200,1.01234567901
526197,526204,526774,7,570,2,7200,1.01228070175
526212,526218,526789,6,571,2,7200,1.01050788091
526230,526236,526795,6,559,2,7200,1.01073345259
526245,526251,526825,6,574,2,7200,1.01045296167
526269,526276,526851,7,575,2,7200,1.01217391304
526284,526292,526847,8,555,2,7200,1.01441441441
526305,526312,526888,7,576,2,7200,1.01215277778
526344,526350,526900,6,550,2,7200,1.01090909091
526371,526379,526944,8,565,2,7200,1.01415929204
526395,526403,526984,8,581,2,7200,1.01376936317
526416,526424,527000,8,576,2,7200,1.01388888889
526431,526438,526981,7,543,2,7200,1.01289134438
526446,526453,527023,7,570,2,7200,1.01228070175
526448,526460,527018,12,558,2,7200,1.02150537634
526463,526469,527018,6,549,2,7200,1.01092896175
526478,526484,527065,6,581,2,7200,1.01032702238
526493,526499,527065,6,566,2,7200,1.01060070671
526494,526507,527069,13,562,2,7200,1.0231316726
526510,526517,527053,7,536,2,7200,1.01305970149
526532,526539,527101,7,562,2,7200,1.01245551601
526547,526553,527116,6,563,2,7200,1.01065719361
526548,526560,527043,12,483,2,7200,1.0248447205
526563,526569,527151,6,582,2,7200,1.01030927835
526565,526576,527146,11,570,2,7200,1.01929824561
526584,526590,527156,6,566,2,7200,1.01060070671
526585,526597,527166,12,569,2,7200,1.02108963093
526601,526607,527175,6,568,2,7200,1.01056338028
526603,526614,527126,11,512,2,7200,1.021484375
526604,526619,527164,15,545,2,7200,1.02752293578
526640,526647,527205,7,558,2,7200,1.01254480287
526642,526653,527219,11,566,2,7200,1.01943462898
526657,526663,527253,6,590,2,7200,1.01016949153
526658,526670,527224,12,554,2,7200,1.02166064982
526673,526680,527248,7,568,2,7200,1.01232394366
526688,526694,527266,6,572,2,7200,1.01048951049
526709,526717,527287,8,570,2,7200,1.01403508772
526737,526744,527324,7,580,2,7200,1.01206896552
526751,526759,527323,8,564,2,7200,1.01418439716
526766,526773,527336,7,563,2,7200,1.01243339254
526768,526780,527349,12,569,2,7200,1.02108963093
526784,526791,527363,7,572,2,7200,1.01223776224
526799,526805,527355,6,550,2,7200,1.01090909091
526801,526812,527378,11,566,2,7200,1.01943462898
526828,526834,527395,6,561,2,7200,1.01069518717
526848,526856,527407,8,551,2,7200,1.01451905626
526863,526870,527429,7,559,2,7200,1.01252236136
526890,526897,527460,7,563,2,7200,1.01243339254
526905,526912,527477,7,565,2,7200,1.01238938053
526947,526954,527521,7,567,2,7200,1.01234567901
526984,526990,527503,6,513,2,7200,1.01169590643
526985,526997,527562,12,565,2,7200,1.02123893805
527004,527011,527581,7,570,2,7200,1.01228070175
527019,527025,527593,6,568,2,7200,1.01056338028
527020,527032,527581,12,549,2,7200,1.0218579235
527035,527041,527609,6,568,2,7200,1.01056338028
527050,527056,527618,6,562,2,7200,1.01067615658
527066,527072,527653,6,581,2,7200,1.01032702238
527067,527079,527632,12,553,2,7200,1.02169981917
527069,527084,527653,15,569,2,7200,1.02636203866
527083,527096,527102,13,6,1,3600,1.9
527084,527091,527655,7,564,2,7200,1.01241134752
527105,527112,527686,7,574,2,7200,1.01219512195
527120,527126,527698,6,572,2,7200,1.01048951049
527134,527140,527721,6,581,2,7200,1.01032702238
527149,527155,527738,6,583,2,7200,1.0102915952
527164,527170,527746,6,576,2,7200,1.01041666667
527166,527177,527703,11,526,2,7200,1.02091254753
527167,527182,527746,15,564,2,7200,1.02659574468
527182,527189,527758,7,569,2,7200,1.01230228471
527183,527196,527766,13,570,2,7200,1.02280701754
527207,527214,527771,7,557,2,7200,1.01256732496
527209,527222,527401,13,179,1,3600,1.07262569832
527222,527230,527788,8,558,2,7200,1.01433691756
527237,527243,527807,6,564,2,7200,1.01063829787
527252,527259,527822,7,563,2,7200,1.01243339254
527267,527274,527839,7,565,2,7200,1.01238938053
527269,527281,527852,12,571,2,7200,1.02101576182
527290,527297,527881,7,584,2,7200,1.01198630137
527323,527330,527902,7,572,2,7200,1.01223776224
527338,527345,527914,7,569,2,7200,1.01230228471
527339,527352,527917,13,565,2,7200,1.02300884956
527355,527361,527933,6,572,2,7200,1.01048951049
527370,527375,527941,5,566,2,7200,1.00883392226
527371,527382,527943,11,561,2,7200,1.01960784314
527386,527392,527951,6,559,2,7200,1.01073345259
527401,527411,527984,10,573,2,7200,1.01745200698
527417,527424,527980,7,556,2,7200,1.01258992806
527432,527439,527969,7,530,2,7200,1.01320754717
527462,527469,528022,7,553,2,7200,1.01265822785
527480,527486,528054,6,568,2,7200,1.01056338028
527504,527511,528072,7,561,2,7200,1.01247771836
527522,527528,528093,6,565,2,7200,1.01061946903
527548,527555,527817,7,262,1,3600,1.02671755725
527565,527571,528119,6,548,2,7200,1.01094890511
527583,527590,528159,7,569,2,7200,1.01230228471
527584,527597,528161,13,564,2,7200,1.02304964539
527599,527606,528184,7,578,2,7200,1.01211072664
527614,527620,528185,6,565,2,7200,1.01061946903
527629,527635,528204,6,569,2,7200,1.01054481547
527644,527650,528215,6,565,2,7200,1.01061946903
527659,527666,528230,7,564,2,7200,1.01241134752
527661,527673,528246,12,573,2,7200,1.02094240838
527662,527678,528203,16,525,2,7200,1.03047619048
527690,527697,528273,7,576,2,7200,1.01215277778
527705,527712,528280,7,568,2,7200,1.01232394366
527706,527719,528285,13,566,2,7200,1.02296819788
527724,527730,528302,6,572,2,7200,1.01048951049
527739,527745,528297,6,552,2,7200,1.01086956522
527755,527762,528304,7,542,2,7200,1.01291512915
527756,527769,528347,13,578,2,7200,1.02249134948
527772,527778,528342,6,564,2,7200,1.01063829787
527773,527785,528356,12,571,2,7200,1.02101576182
527774,527790,528367,16,577,2,7200,1.02772963605
527789,527797,528364,8,567,2,7200,1.01410934744
527811,527817,528366,6,549,2,7200,1.01092896175
527826,527833,528410,7,577,2,7200,1.01213171577
527841,527847,528424,6,577,2,7200,1.01039861352
527856,527863,528423,7,560,2,7200,1.0125
527883,527889,528450,6,561,2,7200,1.01069518717
527904,527910,528453,6,543,2,7200,1.01104972376
527919,527926,528484,7,558,2,7200,1.01254480287
527921,527933,528503,12,570,2,7200,1.02105263158
527936,527943,528507,7,564,2,7200,1.01241134752
527951,527957,528530,6,573,2,7200,1.01047120419
527953,527965,528523,12,558,2,7200,1.02150537634
527954,527970,528528,16,558,2,7200,1.02867383513
527973,527980,528558,7,578,2,7200,1.01211072664
527988,527994,528561,6,567,2,7200,1.01058201058
527989,528002,528574,13,572,2,7200,1.02272727273
528025,528031,528560,6,529,2,7200,1.01134215501
528056,528063,528633,7,570,2,7200,1.01228070175
528061,528070,529716,9,1646,1,3600,1.00546780073
528074,528081,528644,7,563,2,7200,1.01243339254
528095,528102,528681,7,579,2,7200,1.01208981002
528122,528128,528652,6,524,2,7200,1.01145038168
528162,528169,528695,7,526,2,7200,1.01330798479
528163,528176,528733,13,557,2,7200,1.02333931777
528184,528190,528755,6,565,2,7200,1.01061946903
528199,528206,528713,7,507,2,7200,1.01380670611
528214,528221,528800,7,579,2,7200,1.01208981002
528216,528228,528793,12,565,2,7200,1.02123893805
528231,528237,528823,6,586,2,7200,1.01023890785
528233,528245,528817,12,572,2,7200,1.02097902098
528248,528255,528796,7,541,2,7200,1.01293900185
528275,528281,528853,6,572,2,7200,1.01048951049
528290,528296,528863,6,567,2,7200,1.01058201058
528291,528302,528870,11,568,2,7200,1.01936619718
528307,528314,528876,7,562,2,7200,1.01245551601
528308,528321,528887,13,566,2,7200,1.02296819788
528310,528326,528897,16,571,2,7200,1.02802101576
528343,528349,528919,6,570,2,7200,1.01052631579
528358,528364,528930,6,566,2,7200,1.01060070671
528360,528372,528930,12,558,2,7200,1.02150537634
528375,528381,528906,6,525,2,7200,1.01142857143
528376,528387,528933,11,546,2,7200,1.02014652015
528378,528393,528890,15,497,2,7200,1.03018108652
528411,528418,528974,7,556,2,7200,1.01258992806
528426,528433,529012,7,579,2,7200,1.01208981002
528428,528440,529006,12,566,2,7200,1.02120141343
528452,528458,529004,6,546,2,7200,1.01098901099
528467,528474,529041,7,567,2,7200,1.01234567901
528485,528491,529045,6,554,2,7200,1.01083032491
528506,528513,529045,7,532,2,7200,1.01315789474
528521,528528,529090,7,562,2,7200,1.01245551601
528536,528542,529120,6,578,2,7200,1.01038062284
528538,528550,529112,12,562,2,7200,1.02135231317
528539,528555,529124,16,569,2,7200,1.02811950791
528560,528567,529132,7,565,2,7200,1.01238938053
528562,528574,529132,12,558,2,7200,1.02150537634
528577,528584,529121,7,537,2,7200,1.01303538175
528579,528591,529150,12,559,2,7200,1.02146690519
528636,528643,529177,7,534,2,7200,1.01310861423
528652,528658,529177,6,519,2,7200,1.01156069364
528667,528674,529213,7,539,2,7200,1.01298701299
528685,528691,529256,6,565,2,7200,1.01061946903
528700,528707,529275,7,568,2,7200,1.01232394366
528715,528721,529230,6,509,2,7200,1.01178781925
528736,528742,529313,6,571,2,7200,1.01050788091
528757,528763,529343,6,580,2,7200,1.01034482759
528793,528799,529318,6,519,2,7200,1.01156069364
528808,528814,529336,6,522,2,7200,1.01149425287
528810,528821,529390,11,569,2,7200,1.01933216169
528825,528831,529371,6,540,2,7200,1.01111111111
528826,528838,529402,12,564,2,7200,1.02127659574
528853,528859,529415,6,556,2,7200,1.01079136691
528868,528874,529453,6,579,2,7200,1.0103626943
528883,528889,529464,6,575,2,7200,1.01043478261
528884,528895,529402,11,507,2,7200,1.02169625247
528900,528906,529468,6,562,2,7200,1.01067615658
528901,528912,529483,11,571,2,7200,1.01926444834
528902,528918,529481,16,563,2,7200,1.02841918295
528917,528925,529464,8,539,2,7200,1.01484230056
528932,528939,529508,7,569,2,7200,1.01230228471
528934,528946,529526,12,580,2,7200,1.02068965517
528935,528951,529514,16,563,2,7200,1.02841918295
528950,528957,529522,7,565,2,7200,1.01238938053
528977,528983,529552,6,569,2,7200,1.01054481547
529007,529014,529585,7,571,2,7200,1.0122591944
529009,529020,529553,11,533,2,7200,1.02063789869
529023,529030,529614,7,584,2,7200,1.01198630137
529041,529048,529601,7,553,2,7200,1.01265822785
529056,529064,529632,8,568,2,7200,1.01408450704
529058,529069,529636,11,567,2,7200,1.01940035273
529091,529097,529677,6,580,2,7200,1.01034482759
529115,529121,529684,6,563,2,7200,1.01065719361
529131,529138,529713,7,575,2,7200,1.01217391304
529132,529145,529710,13,565,2,7200,1.02300884956
529133,529150,529724,17,574,2,7200,1.02961672474
529148,529157,529717,9,560,2,7200,1.01607142857
529150,529162,529723,12,561,2,7200,1.02139037433
529165,529171,529739,6,568,2,7200,1.01056338028
529180,529187,529730,7,543,2,7200,1.01289134438
529181,529193,529731,12,538,2,7200,1.02230483271
529214,529221,529789,7,568,2,7200,1.01232394366
529232,529239,529801,7,562,2,7200,1.01245551601
529260,529266,529844,6,578,2,7200,1.01038062284
529278,529285,529835,7,550,2,7200,1.01272727273
529318,529324,529859,6,535,2,7200,1.01121495327
529332,529339,529886,7,547,2,7200,1.01279707495
529347,529354,529914,7,560,2,7200,1.0125
529349,529361,529888,12,527,2,7200,1.02277039848
529373,529380,529949,7,569,2,7200,1.01230228471
529391,529397,529965,6,568,2,7200,1.01056338028
529406,529413,529953,7,540,2,7200,1.01296296296
529407,529420,529931,13,511,2,7200,1.02544031311
529422,529428,529990,6,562,2,7200,1.01067615658
529455,529462,530038,7,576,2,7200,1.01215277778
529471,529478,530049,7,571,2,7200,1.0122591944
529472,529485,530060,13,575,2,7200,1.02260869565
529473,529490,530036,17,546,2,7200,1.03113553114
529488,529497,530050,9,553,2,7200,1.01627486438
529490,529502,530064,12,562,2,7200,1.02135231317
529511,529517,530085,6,568,2,7200,1.01056338028
529526,529532,530088,6,556,2,7200,1.01079136691
529527,529538,530095,11,557,2,7200,1.0197486535
529542,529548,530122,6,574,2,7200,1.01045296167
529557,529564,530111,7,547,2,7200,1.01279707495
529559,529571,530137,12,566,2,7200,1.02120141343
529586,529593,530148,7,555,2,7200,1.01261261261
529604,529611,530160,7,549,2,7200,1.01275045537
529619,529625,530189,6,564,2,7200,1.01063829787
529634,529641,530207,7,566,2,7200,1.01236749117
529649,529656,530219,7,563,2,7200,1.01243339254
529679,529685,530252,6,567,2,7200,1.01058201058
529694,529700,530197,6,497,2,7200,1.01207243461
529712,529719,530285,7,566,2,7200,1.01236749117
529728,529735,530298,7,563,2,7200,1.01243339254
529730,529741,530307,11,566,2,7200,1.01943462898
529731,529746,530317,15,571,2,7200,1.02626970228
529732,529752,530310,20,558,2,7200,1.03584229391
529748,529759,530285,11,526,2,7200,1.02091254753
529749,529764,530299,15,535,2,7200,1.02803738318
529751,529769,530339,18,570,2,7200,1.03157894737
529790,529796,530364,6,568,2,7200,1.01056338028
529805,529811,530346,6,535,2,7200,1.01121495327
529838,529845,530424,7,579,2,7200,1.01208981002
529853,529861,530437,8,576,2,7200,1.01388888889
529868,529876,530434,8,558,2,7200,1.01433691756
529890,529896,530460,6,564,2,7200,1.01063829787
529891,529903,530407,12,504,2,7200,1.02380952381
529915,529921,530441,6,520,2,7200,1.01153846154
529933,529940,530507,7,567,2,7200,1.01234567901
529951,529957,530532,6,575,2,7200,1.01043478261
529966,529973,530537,7,564,2,7200,1.01241134752
529967,529980,530557,13,577,2,7200,1.02253032929
529991,529997,530565,6,568,2,7200,1.01056338028
530036,530043,530611,7,568,2,7200,1.01232394366
530052,530058,530619,6,561,2,7200,1.01069518717
530053,530065,530630,12,565,2,7200,1.02123893805
530054,530070,530634,16,564,2,7200,1.02836879433
530069,530077,530655,8,578,2,7200,1.01384083045
530071,530082,530629,11,547,2,7200,1.02010968921
530086,530092,530655,6,563,2,7200,1.01065719361
530101,530107,530672,6,565,2,7200,1.01061946903
530102,530114,530684,12,570,2,7200,1.02105263158
530118,530124,530696,6,572,2,7200,1.01048951049
530133,530139,530650,6,511,2,7200,1.01174168297
530148,530155,530737,7,582,2,7200,1.01202749141
530149,530161,530741,12,580,2,7200,1.02068965517
530165,530175,530735,10,560,2,7200,1.01785714286
530193,530199,530753,6,554,2,7200,1.01083032491
530208,530214,530772,6,558,2,7200,1.01075268817
530210,530221,530748,11,527,2,7200,1.02087286528
530224,530231,530788,7,557,2,7200,1.01256732496
530255,530262,530834,7,572,2,7200,1.01223776224
530286,530292,530870,6,578,2,7200,1.01038062284
530287,530300,530863,13,563,2,7200,1.02309058615
530292,530305,533911,13,3606,1,3600,1.00360510261
530302,530312,530866,10,554,2,7200,1.01805054152
530304,530317,530880,13,563,2,7200,1.02309058615
530319,530327,530903,8,576,2,7200,1.01388888889
530321,530334,530900,13,566,2,7200,1.02296819788
530322,530339,530902,17,563,2,7200,1.03019538188
530340,530346,530895,6,549,2,7200,1.01092896175
530355,530362,530919,7,557,2,7200,1.01256732496
530370,530376,530941,6,565,2,7200,1.01061946903
530409,530416,530992,7,576,2,7200,1.01215277778
530427,530434,531007,7,573,2,7200,1.01221640489
530443,530449,531016,6,567,2,7200,1.01058201058
530444,530455,531025,11,570,2,7200,1.01929824561
530445,530461,531030,16,569,2,7200,1.02811950791
530463,530469,531036,6,567,2,7200,1.01058201058
530509,530515,531093,6,578,2,7200,1.01038062284
530533,530540,531111,7,571,2,7200,1.0122591944
530548,530554,531121,6,567,2,7200,1.01058201058
530563,530569,531147,6,578,2,7200,1.01038062284
530577,530583,531148,6,565,2,7200,1.01061946903
530612,530619,531158,7,539,2,7200,1.01298701299
530627,530633,531200,6,567,2,7200,1.01058201058
530642,530648,531227,6,579,2,7200,1.0103626943
530643,530654,531213,11,559,2,7200,1.01967799642
530645,530660,531193,15,533,2,7200,1.02814258912
530660,530666,531215,6,549,2,7200,1.01092896175
530661,530673,531232,12,559,2,7200,1.02146690519
530663,530678,531244,15,566,2,7200,1.02650176678
530677,530684,531250,7,566,2,7200,1.01236749117
530692,530699,531215,7,516,2,7200,1.01356589147
530707,530714,531283,7,569,2,7200,1.01230228471
530737,530743,531285,6,542,2,7200,1.0110701107
530753,530759,531324,6,565,2,7200,1.01061946903
530754,530766,531333,12,567,2,7200,1.02116402116
530756,530771,531321,15,550,2,7200,1.02727272727
530757,530776,531337,19,561,2,7200,1.03386809269
530775,530782,531346,7,564,2,7200,1.01241134752
530790,530796,531324,6,528,2,7200,1.01136363636
530837,530844,531381,7,537,2,7200,1.01303538175
530867,530874,531428,7,554,2,7200,1.01263537906
530869,530881,531460,12,579,2,7200,1.0207253886
530884,530890,531453,6,563,2,7200,1.01065719361
530886,530897,531469,11,572,2,7200,1.01923076923
530901,530906,531469,5,563,2,7200,1.00888099467
530902,530913,531461,11,548,2,7200,1.0200729927
530917,530923,531486,6,563,2,7200,1.01065719361
530918,530929,531472,11,543,2,7200,1.02025782689
530933,530940,531521,7,581,2,7200,1.01204819277
530948,530954,531508,6,554,2,7200,1.01083032491
530958,530965,530972,7,7,1,1800,1.4
530993,531000,531532,7,532,2,7200,1.01315789474
531008,531015,531580,7,565,2,7200,1.01238938053
531023,531030,531581,7,551,2,7200,1.01270417423
531038,531044,531610,6,566,2,7200,1.01060070671
531040,531051,531565,11,514,2,7200,1.02140077821
531041,531056,531620,15,564,2,7200,1.02659574468
531054,531063,531241,9,178,1,3600,1.05056179775
531093,531100,531666,7,566,2,7200,1.01236749117
531114,531120,531687,6,567,2,7200,1.01058201058
531128,531135,531700,7,565,2,7200,1.01238938053
531128,531140,531220,12,80,1,1800,1.15
531150,531157,531713,7,556,2,7200,1.01258992806
531151,531164,531731,13,567,2,7200,1.02292768959
531166,531173,531743,7,570,2,7200,1.01228070175
531197,531204,531771,7,567,2,7200,1.01234567901
531212,531220,531765,8,545,2,7200,1.01467889908
531214,531230,531787,16,557,2,7200,1.02872531418
531215,531235,531812,20,577,2,7200,1.03466204506
531231,531242,531810,11,568,2,7200,1.01936619718
531233,531247,531819,14,572,2,7200,1.02447552448
531248,531254,531812,6,558,2,7200,1.01075268817
531249,531261,531830,12,569,2,7200,1.02108963093
531264,531271,531839,7,568,2,7200,1.01232394366
531285,531292,531856,7,564,2,7200,1.01241134752
531287,531299,531861,12,562,2,7200,1.02135231317
531324,531331,531897,7,566,2,7200,1.01236749117
531325,531338,531902,13,564,2,7200,1.02304964539
531326,531343,531913,17,570,2,7200,1.0298245614
531342,531349,531914,7,565,2,7200,1.01238938053
531343,531355,531922,12,567,2,7200,1.02116402116
531358,531365,531834,7,469,2,7200,1.01492537313
531374,531380,532099,6,719,1,3600,1.0083449235
531383,531389,531963,6,574,2,7200,1.01045296167
531431,531437,531948,6,511,2,7200,1.01174168297
531455,531461,532043,6,582,2,7200,1.01030927835
531471,531478,532054,7,576,2,7200,1.01215277778
531472,531485,532047,13,562,2,7200,1.0231316726
531474,531490,532059,16,569,2,7200,1.02811950791
531475,531496,532021,21,525,2,7200,1.04
531490,531503,532070,13,567,2,7200,1.02292768959
531492,531508,532073,16,565,2,7200,1.02831858407
531510,531516,532083,6,567,2,7200,1.01058201058
531525,531531,532113,6,582,2,7200,1.01030927835
531540,531546,532062,6,516,2,7200,1.01162790698
531567,531574,532154,7,580,2,7200,1.01206896552
531582,531589,532160,7,571,2,7200,1.0122591944
531584,531596,532164,12,568,2,7200,1.02112676056
531612,531619,532186,7,567,2,7200,1.01234567901
531627,531633,532174,6,541,2,7200,1.01109057301
531665,531672,531778,7,106,1,1800,1.06603773585
531669,531679,532242,10,563,2,7200,1.01776198934
531690,531697,532262,7,565,2,7200,1.01238938053
531705,531712,532238,7,526,2,7200,1.01330798479
531720,531727,532276,7,549,2,7200,1.01275045537
531735,531742,532264,7,522,2,7200,1.01340996169
531750,531757,532240,7,483,2,7200,1.01449275362
531769,531775,532340,6,565,2,7200,1.01061946903
531784,531790,532351,6,561,2,7200,1.01069518717
531799,531806,532375,7,569,2,7200,1.01230228471
531814,531820,532399,6,579,2,7200,1.0103626943
531815,531827,532353,12,526,2,7200,1.02281368821
531817,531832,532408,15,576,2,7200,1.02604166667
531832,531839,532364,7,525,2,7200,1.01333333333
531833,531845,532412,12,567,2,7200,1.02116402116
531849,531856,532407,7,551,2,7200,1.01270417423
531850,531862,532430,12,568,2,7200,1.02112676056
531865,531872,532453,7,581,2,7200,1.01204819277
531867,531879,532451,12,572,2,7200,1.02097902098
531900,531906,532430,6,524,2,7200,1.01145038168
531915,531922,532491,7,569,2,7200,1.01230228471
531917,531929,532495,12,566,2,7200,1.02120141343
531918,531934,532492,16,558,2,7200,1.02867383513
531933,531941,532508,8,567,2,7200,1.01410934744
531948,531955,532533,7,578,2,7200,1.01211072664
531966,531973,532546,7,573,2,7200,1.01221640489
532024,532031,532591,7,560,2,7200,1.0125
532045,532052,532620,7,568,2,7200,1.01232394366
532061,532068,532621,7,553,2,7200,1.01265822785
532062,532075,532649,13,574,2,7200,1.02264808362
532063,532080,532640,17,560,2,7200,1.03035714286
532065,532085,532659,20,574,2,7200,1.03484320557
532081,532093,532668,12,575,2,7200,1.02086956522
532082,532098,532661,16,563,2,7200,1.02841918295
532097,532105,532668,8,563,2,7200,1.01420959147
532116,532122,532689,6,567,2,7200,1.01058201058
532155,532162,532724,7,562,2,7200,1.01245551601
532170,532177,532757,7,580,2,7200,1.01206896552
532171,532184,532749,13,565,2,7200,1.02300884956
532186,532192,532759,6,567,2,7200,1.01058201058
532188,532199,532672,11,473,2,7200,1.02325581395
532239,532246,532814,7,568,2,7200,1.01232394366
532254,532261,532845,7,584,2,7200,1.01198630137
532255,532268,532837,13,569,2,7200,1.02284710018
532270,532277,532839,7,562,2,7200,1.01245551601
532272,532284,532849,12,565,2,7200,1.02123893805
532287,532293,532856,6,563,2,7200,1.01065719361
532331,532337,533359,6,1022,1,3600,1.00587084149
532341,532349,532909,8,560,2,7200,1.01428571429
532357,532363,532930,6,567,2,7200,1.01058201058
532358,532370,532912,12,542,2,7200,1.0221402214
532373,532379,532946,6,567,2,7200,1.01058201058
532388,532394,532958,6,564,2,7200,1.01063829787
532403,532409,532985,6,576,2,7200,1.01041666667
532419,532425,532988,6,563,2,7200,1.01065719361
532420,532432,533003,12,571,2,7200,1.02101576182
532421,532437,532958,16,521,2,7200,1.03071017274
532436,532444,533027,8,583,2,7200,1.01372212693
532438,532451,533017,13,566,2,7200,1.02296819788
532453,532459,533026,6,567,2,7200,1.01058201058
532455,532466,533033,11,567,2,7200,1.01940035273
532494,532501,533067,7,566,2,7200,1.01236749117
532496,532508,533069,12,561,2,7200,1.02139037433
532511,532518,533078,7,560,2,7200,1.0125
532512,532525,533098,13,573,2,7200,1.02268760908
532533,532539,533108,6,569,2,7200,1.01054481547
532541,532549,532934,8,385,1,1800,1.02077922078
532548,532556,533121,8,565,2,7200,1.01415929204
532594,532600,533139,6,539,2,7200,1.01113172542
532624,532630,533189,6,559,2,7200,1.01073345259
532625,532637,533205,12,568,2,7200,1.02112676056
532643,532649,533218,6,569,2,7200,1.01054481547
532658,532664,533233,6,569,2,7200,1.01054481547
532674,532681,533232,7,551,2,7200,1.01270417423
532676,532688,533261,12,573,2,7200,1.02094240838
532677,532693,533218,16,525,2,7200,1.03047619048
532678,532698,533268,20,570,2,7200,1.0350877193
532680,532704,533270,24,566,2,7200,1.04240282686
532695,532711,533279,16,568,2,7200,1.02816901408
532725,532732,533301,7,569,2,7200,1.01230228471
532752,532759,533321,7,562,2,7200,1.01245551601
532767,532774,533325,7,551,2,7200,1.01270417423
532769,532780,533350,11,570,2,7200,1.01929824561
532817,532823,533404,6,581,2,7200,1.01032702238
532838,532845,533417,7,572,2,7200,1.01223776224
532840,532853,533423,13,570,2,7200,1.02280701754
532855,532862,533419,7,557,2,7200,1.01256732496
532857,532868,533433,11,565,2,7200,1.01946902655
532858,532874,533437,16,563,2,7200,1.02841918295
532910,532917,533486,7,569,2,7200,1.01230228471
532925,532931,533470,6,539,2,7200,1.01113172542
532939,532946,533526,7,580,2,7200,1.01206896552
532954,532961,533538,7,577,2,7200,1.01213171577
532970,532977,533546,7,569,2,7200,1.01230228471
532971,532983,533537,12,554,2,7200,1.02166064982
532986,532992,533539,6,547,2,7200,1.01096892139
533001,533008,533565,7,557,2,7200,1.01256732496
533002,533014,533580,12,566,2,7200,1.02120141343
533021,533028,533595,7,567,2,7200,1.01234567901
533036,533043,533584,7,541,2,7200,1.01293900185
533037,533050,533619,13,569,2,7200,1.02284710018
533039,533055,533613,16,558,2,7200,1.02867383513
533069,533076,533598,7,522,2,7200,1.01340996169
533071,533083,533635,12,552,2,7200,1.02173913043
533086,533092,533643,6,551,2,7200,1.0108892922
533101,533108,533671,7,563,2,7200,1.01243339254
533116,533122,533670,6,548,2,7200,1.01094890511
533131,533138,533706,7,568,2,7200,1.01232394366
533145,533153,533719,8,566,2,7200,1.01413427562
533191,533198,533764,7,566,2,7200,1.01236749117
533205,533211,533745,6,534,2,7200,1.01123595506
533221,533228,533802,7,574,2,7200,1.01219512195
533222,533235,533814,13,579,2,7200,1.02245250432
533237,533244,533812,7,568,2,7200,1.01232394366
533238,533250,533806,12,556,2,7200,1.02158273381
533262,533268,533839,6,571,2,7200,1.01050788091
533277,533284,533862,7,578,2,7200,1.01211072664
533279,533290,533850,11,560,2,7200,1.01964285714
533293,533301,533870,8,569,2,7200,1.01405975395
533308,533314,533898,6,584,2,7200,1.0102739726
533323,533329,533893,6,564,2,7200,1.01063829787
533338,533345,533891,7,546,2,7200,1.01282051282
533353,533359,533931,6,572,2,7200,1.01048951049
533405,533411,533995,6,584,2,7200,1.0102739726
533420,533428,533989,8,561,2,7200,1.01426024955
533422,533433,533994,11,561,2,7200,1.01960784314
533437,533444,534007,7,563,2,7200,1.01243339254
533439,533451,534002,12,551,2,7200,1.02177858439
533454,533460,534042,6,582,2,7200,1.01030927835
533472,533478,534032,6,554,2,7200,1.01083032491
533487,533493,534063,6,570,2,7200,1.01052631579
533529,533535,534110,6,575,2,7200,1.01043478261
533545,533552,534122,7,570,2,7200,1.01228070175
533546,533559,534134,13,575,2,7200,1.02260869565
533547,533564,534084,17,520,2,7200,1.03269230769
533562,533570,534149,8,579,2,7200,1.01381692573
533577,533583,534151,6,568,2,7200,1.01056338028
533592,533600,534157,8,557,2,7200,1.01436265709
533594,533605,534181,11,576,2,7200,1.01909722222
533609,533615,534181,6,566,2,7200,1.01060070671
533610,533623,534151,13,528,2,7200,1.02462121212
533623,533629,533636,6,7,1,1800,1.3
533625,533636,534167,11,531,2,7200,1.02071563089
533627,533641,534207,14,566,2,7200,1.02473498233
533641,533647,534194,6,547,2,7200,1.01096892139
533656,533663,534205,7,542,2,7200,1.01291512915
533671,533678,534246,7,568,2,7200,1.01232394366
533672,533685,534251,13,566,2,7200,1.02296819788
533708,533714,534291,6,577,2,7200,1.01039861352
533723,533729,534294,6,565,2,7200,1.01061946903
533747,533753,534321,6,568,2,7200,1.01056338028
533765,533772,534358,7,586,2,7200,1.01194539249
533794,533802,533845,8,43,1,1800,1.18604651163
533804,533812,534377,8,565,2,7200,1.01415929204
533820,533826,534388,6,562,2,7200,1.01067615658
533821,533832,534381,11,549,2,7200,1.02003642987
533823,533838,534410,15,572,2,7200,1.02622377622
533841,533848,534408,7,560,2,7200,1.0125
533856,533863,534441,7,578,2,7200,1.01211072664
533871,533877,534440,6,563,2,7200,1.01065719361
533873,533884,534438,11,554,2,7200,1.01985559567
533891,533897,534436,6,539,2,7200,1.01113172542
533906,533912,534476,6,564,2,7200,1.01063829787
533907,533921,534484,14,563,2,7200,1.02486678508
533931,533939,534503,8,564,2,7200,1.01418439716
533992,533998,534563,6,565,2,7200,1.01061946903
534009,534016,534590,7,574,2,7200,1.01219512195
534010,534023,534589,13,566,2,7200,1.02296819788
534012,534028,534564,16,536,2,7200,1.02985074627
534013,534033,534589,20,556,2,7200,1.03597122302
534020,534039,534126,19,87,1,3600,1.2183908046
534034,534045,534626,11,581,2,7200,1.01893287435
534049,534056,534619,7,563,2,7200,1.01243339254
534064,534071,534633,7,562,2,7200,1.01245551601
534074,534080,534164,6,84,1,1800,1.07142857143
534085,534092,534667,7,575,2,7200,1.01217391304
534112,534118,534683,6,565,2,7200,1.01061946903
534127,534136,534661,9,525,2,7200,1.01714285714
534142,534148,534722,6,574,2,7200,1.01045296167
534158,534164,534737,6,573,2,7200,1.01047120419
534159,534174,534742,15,568,2,7200,1.0264084507
534160,534179,534755,19,576,2,7200,1.03298611111
534162,534185,534758,23,573,2,7200,1.04013961606
534177,534192,534758,15,566,2,7200,1.02650176678
534192,534198,534762,6,564,2,7200,1.01063829787
534194,534204,534769,10,565,2,7200,1.01769911504
534208,534215,534800,7,585,2,7200,1.01196581197
534210,534223,534791,13,568,2,7200,1.02288732394
534211,534228,534791,17,563,2,7200,1.03019538188
534247,534253,534815,6,562,2,7200,1.01067615658
534251,534261,534568,10,307,1,3600,1.0325732899
534258,534267,534351,9,84,1,3600,1.10714285714
534262,534275,534837,13,562,2,7200,1.0231316726
534293,534300,534871,7,571,2,7200,1.0122591944
534307,534313,534881,6,568,2,7200,1.01056338028
534322,534328,534866,6,538,2,7200,1.01115241636
534359,534366,534939,7,573,2,7200,1.01221640489
534380,534386,534953,6,567,2,7200,1.01058201058
534394,534401,534979,7,578,2,7200,1.01211072664
534396,534408,534966,12,558,2,7200,1.02150537634
534411,534417,534985,6,568,2,7200,1.01056338028
534412,534424,534961,12,537,2,7200,1.02234636872
534436,534443,535014,7,571,2,7200,1.0122591944
534452,534458,535021,6,563,2,7200,1.01065719361
534453,534464,535003,11,539,2,7200,1.02040816327
534454,534469,535037,15,568,2,7200,1.0264084507
534478,534490,534760,12,270,1,3600,1.04444444444
534478,534484,535049,6,565,2,7200,1.01061946903
534493,534504,535075,11,571,2,7200,1.01926444834
534509,534514,535090,5,576,2,7200,1.00868055556
534566,534572,535141,6,569,2,7200,1.01054481547
534567,534579,535153,12,574,2,7200,1.02090592334
534592,534599,535167,7,568,2,7200,1.01232394366
534593,534606,535179,13,573,2,7200,1.02268760908
534595,534611,535178,16,567,2,7200,1.02821869489
534622,534629,535209,7,580,2,7200,1.01206896552
534637,534644,535210,7,566,2,7200,1.01236749117
534639,534651,535167,12,516,2,7200,1.02325581395
534663,534670,535236,7,566,2,7200,1.01236749117
534678,534684,535258,6,574,2,7200,1.01045296167
534693,534700,535269,7,569,2,7200,1.01230228471
534723,534729,535304,6,575,2,7200,1.01043478261
534738,534745,535311,7,566,2,7200,1.01236749117
534752,534759,535332,7,573,2,7200,1.01221640489
534768,534774,535340,6,566,2,7200,1.01060070671
534770,534782,535354,12,572,2,7200,1.02097902098
534771,534787,535326,16,539,2,7200,1.02968460111
534772,534792,535356,20,564,2,7200,1.03546099291
534787,534799,535370,12,571,2,7200,1.02101576182
534803,534810,535384,7,574,2,7200,1.01219512195
534804,534817,535385,13,568,2,7200,1.02288732394
534805,534822,535401,17,579,2,7200,1.02936096718
534820,534829,535398,9,569,2,7200,1.0158172232
534838,534844,535397,6,553,2,7200,1.01084990958
534843,534851,535106,8,255,1,1800,1.03137254902
534867,534874,535375,7,501,1,3600,1.01397205589
534868,534881,535461,13,580,2,7200,1.0224137931
534885,534891,535447,6,556,2,7200,1.01079136691
534887,534898,535469,11,571,2,7200,1.01926444834
534941,534947,535494,6,547,2,7200,1.01096892139
534956,534963,535510,7,547,2,7200,1.01279707495
534971,534978,535536,7,558,2,7200,1.01254480287
534973,534985,535551,12,566,2,7200,1.02120141343
534988,534995,535558,7,563,2,7200,1.01243339254
534990,535002,535564,12,562,2,7200,1.02135231317
535005,535012,535578,7,566,2,7200,1.01236749117
535020,535026,535555,6,529,2,7200,1.01134215501
535035,535041,535581,6,540,2,7200,1.01111111111
535044,535051,535522,7,471,1,3600,1.01486199575
535050,535058,535628,8,570,2,7200,1.01403508772
535051,535063,535614,12,551,2,7200,1.02177858439
535075,535083,535653,8,570,2,7200,1.01403508772
535094,535100,535628,6,528,2,7200,1.01136363636
535145,535151,535715,6,564,2,7200,1.01063829787
535160,535166,535743,6,577,2,7200,1.01039861352
535175,535181,535754,6,573,2,7200,1.01047120419
535176,535188,535757,12,569,2,7200,1.02108963093
535192,535199,535777,7,578,2,7200,1.01211072664
535193,535206,535694,13,488,2,7200,1.02663934426
535211,535218,535785,7,567,2,7200,1.01234567901
535213,535225,535790,12,565,2,7200,1.02123893805
535237,535244,535823,7,579,2,7200,1.01208981002
535261,535267,535831,6,564,2,7200,1.01063829787
535276,535282,535848,6,566,2,7200,1.01060070671
535306,535314,535886,8,572,2,7200,1.01398601399
535321,535327,535891,6,564,2,7200,1.01063829787
535336,535342,535925,6,583,2,7200,1.0102915952
535338,535349,535919,11,570,2,7200,1.01929824561
535353,535360,535922,7,562,2,7200,1.01245551601
535368,535375,535950,7,575,2,7200,1.01217391304
535369,535381,535949,12,568,2,7200,1.02112676056
535385,535392,535958,7,566,2,7200,1.01236749117
535387,535399,535954,12,555,2,7200,1.02162162162
535388,535404,535970,16,566,2,7200,1.02826855124
535404,535411,536001,7,590,2,7200,1.01186440678
535406,535418,535993,12,575,2,7200,1.02086956522
535408,535423,536002,15,579,2,7200,1.02590673575
535450,535457,536028,7,571,2,7200,1.0122591944
535465,535472,536041,7,569,2,7200,1.01230228471
535480,535486,536069,6,583,2,7200,1.0102915952
535495,535502,536084,7,582,2,7200,1.01202749141
535513,535519,536087,6,568,2,7200,1.01056338028
535538,535545,536110,7,565,2,7200,1.01238938053
535553,535559,536123,6,564,2,7200,1.01063829787
535569,535575,536143,6,568,2,7200,1.01056338028
535570,535583,536162,13,579,2,7200,1.02245250432
535571,535588,536156,17,568,2,7200,1.02992957746
535587,535595,536162,8,567,2,7200,1.01410934744
535588,535600,536161,12,561,2,7200,1.02139037433
535615,535622,536193,7,571,2,7200,1.0122591944
535631,535638,536207,7,569,2,7200,1.01230228471
535632,535645,536201,13,556,2,7200,1.02338129496
535653,535659,536224,6,565,2,7200,1.01061946903
535696,535703,536208,7,505,2,7200,1.01386138614
535717,535723,536294,6,571,2,7200,1.01050788091
535744,535751,536313,7,562,2,7200,1.01245551601
535759,535766,536339,7,573,2,7200,1.01221640489
535761,535773,536326,12,553,2,7200,1.02169981917
535779,535786,536309,7,523,2,7200,1.01338432122
535794,535800,536270,6,470,2,7200,1.01276595745
535795,535807,536373,12,566,2,7200,1.02120141343
535826,535832,536414,6,582,2,7200,1.01030927835
535841,535848,536412,7,564,2,7200,1.01241134752
535856,535862,536433,6,571,2,7200,1.01050788091
535889,535896,536462,7,566,2,7200,1.01236749117
535904,535910,536457,6,547,2,7200,1.01096892139
535922,535928,536509,6,581,2,7200,1.01032702238
535937,535943,536495,6,552,2,7200,1.01086956522
535939,535950,536518,11,568,2,7200,1.01936619718
535954,535961,536530,7,569,2,7200,1.01230228471
535956,535968,536519,12,551,2,7200,1.02177858439
535971,535978,536539,7,561,2,7200,1.01247771836
535973,535985,536515,12,530,2,7200,1.02264150943
535974,535990,536529,16,539,2,7200,1.02968460111
535996,536003,536562,7,559,2,7200,1.01252236136
536011,536018,536586,7,568,2,7200,1.01232394366
536012,536025,536571,13,546,2,7200,1.02380952381
536030,536037,536602,7,565,2,7200,1.01238938053
536045,536052,536615,7,563,2,7200,1.01243339254
536072,536079,536656,7,577,2,7200,1.01213171577
536087,536093,536660,6,567,2,7200,1.01058201058
536088,536100,536671,12,571,2,7200,1.02101576182
536113,536120,536660,7,540,2,7200,1.01296296296
536128,536134,536706,6,572,2,7200,1.01048951049
536146,536153,536720,7,567,2,7200,1.01234567901
536161,536168,536727,7,559,2,7200,1.01252236136
536163,536175,536732,12,557,2,7200,1.02154398564
536178,536184,536718,6,534,2,7200,1.01123595506
536180,536191,536744,11,553,2,7200,1.0198915009
536194,536202,536767,8,565,2,7200,1.01415929204
536210,536216,536795,6,579,2,7200,1.0103626943
536211,536223,536741,12,518,2,7200,1.02316602317
536213,536228,536773,15,545,2,7200,1.02752293578
536228,536234,536799,6,565,2,7200,1.01061946903
536270,536276,536836,6,560,2,7200,1.01071428571
536297,536303,536867,6,564,2,7200,1.01063829787
536312,536319,536881,7,562,2,7200,1.01245551601
536327,536333,536858,6,525,2,7200,1.01142857143
536328,536340,536910,12,570,2,7200,1.02105263158
536343,536350,536913,7,563,2,7200,1.01243339254
536377,536383,536946,6,563,2,7200,1.01065719361
536414,536421,536986,7,565,2,7200,1.01238938053
536428,536435,537014,7,579,2,7200,1.01208981002
536443,536450,537021,7,571,2,7200,1.0122591944
536458,536465,537029,7,564,2,7200,1.01241134752
536473,536480,537024,7,544,2,7200,1.01286764706
536497,536503,537053,6,550,2,7200,1.01090909091
536512,536518,537088,6,570,2,7200,1.01052631579
536527,536534,537103,7,569,2,7200,1.01230228471
536529,536541,537121,12,580,2,7200,1.02068965517
536530,536546,537110,16,564,2,7200,1.02836879433
536545,536553,537116,8,563,2,7200,1.01420959147
536547,536558,537134,11,576,2,7200,1.01909722222
536548,536565,537130,17,565,2,7200,1.03008849558
536563,536571,537128,8,557,2,7200,1.01436265709
536578,536584,537137,6,553,2,7200,1.01084990958
536593,536599,537150,6,551,2,7200,1.0108892922
536608,536614,537176,6,562,2,7200,1.01067615658
536622,536630,537198,8,568,2,7200,1.01408450704
536659,536665,537241,6,576,2,7200,1.01041666667
536674,536681,537264,7,583,2,7200,1.01200686106
536675,536688,537252,13,564,2,7200,1.02304964539
536676,536693,537264,17,571,2,7200,1.02977232925
536707,536713,537269,6,556,2,7200,1.01079136691
536722,536729,537306,7,577,2,7200,1.01213171577
536723,536735,537300,12,565,2,7200,1.02123893805
536739,536745,537303,6,558,2,7200,1.01075268817
536740,536752,537321,12,569,2,7200,1.02108963093
536755,536762,537317,7,555,2,7200,1.01261261261
536756,536769,537330,13,561,2,7200,1.02317290553
536771,536778,537346,7,568,2,7200,1.01232394366
536786,536793,537356,7,563,2,7200,1.01243339254
536801,536808,537382,7,574,2,7200,1.01219512195
536803,536814,537394,11,580,2,7200,1.01896551724
536839,536845,537414,6,569,2,7200,1.01054481547
536860,536866,537410,6,544,2,7200,1.01102941176
536875,536882,537448,7,566,2,7200,1.01236749117
536890,536896,537462,6,566,2,7200,1.01060070671
536911,536917,537475,6,558,2,7200,1.01075268817
536926,536932,537481,6,549,2,7200,1.01092896175
536947,536953,537485,6,532,2,7200,1.01127819549
536989,536995,537552,6,557,2,7200,1.01077199282
537016,537023,537595,7,572,2,7200,1.01223776224
537032,537038,537597,6,559,2,7200,1.01073345259
537033,537045,537615,12,570,2,7200,1.02105263158
537034,537050,537622,16,572,2,7200,1.02797202797
537055,537063,537625,8,562,2,7200,1.01423487544
537089,537095,537669,6,574,2,7200,1.01045296167
537107,537113,537682,6,569,2,7200,1.01054481547
537122,537129,537689,7,560,2,7200,1.0125
537123,537136,537698,13,562,2,7200,1.0231316726
537125,537141,537701,16,560,2,7200,1.02857142857
537140,537148,537718,8,570,2,7200,1.01403508772
537142,537153,537725,11,572,2,7200,1.01923076923
537143,537160,537738,17,578,2,7200,1.02941176471
537144,537165,537701,21,536,2,7200,1.03917910448
537159,537172,537713,13,541,2,7200,1.02402957486
537177,537184,537716,7,532,2,7200,1.01315789474
537201,537208,537759,7,551,2,7200,1.01270417423
537244,537250,537801,6,551,2,7200,1.0108892922
537259,537264,537834,5,570,2,7200,1.00877192982
537274,537280,537842,6,562,2,7200,1.01067615658
537275,537287,537856,12,569,2,7200,1.02108963093
537277,537292,537857,15,565,2,7200,1.02654867257
537301,537308,537874,7,566,2,7200,1.01236749117
537316,537323,537887,7,564,2,7200,1.01241134752
537318,537330,537893,12,563,2,7200,1.02131438721
537333,537339,537902,6,563,2,7200,1.01065719361
537335,537346,537906,11,560,2,7200,1.01964285714
537336,537351,537916,15,565,2,7200,1.02654867257
537351,537357,537918,6,561,2,7200,1.01069518717
537366,537372,537938,6,566,2,7200,1.01060070671
537384,537391,537963,7,572,2,7200,1.01223776224
537399,537406,537974,7,568,2,7200,1.01232394366
537414,537420,537960,6,540,2,7200,1.01111111111
537429,537436,538004,7,568,2,7200,1.01232394366
537450,537457,538030,7,573,2,7200,1.01221640489
537465,537472,538028,7,556,2,7200,1.01258992806
537480,537486,538051,6,565,2,7200,1.01061946903
537495,537501,538085,6,584,2,7200,1.0102739726
537496,537508,538044,12,536,2,7200,1.0223880597
537554,537560,538128,6,568,2,7200,1.01056338028
537597,537603,538174,6,571,2,7200,1.01050788091
537611,537618,538183,7,565,2,7200,1.01238938053
537627,537633,538201,6,568,2,7200,1.01056338028
537628,537640,538131,12,491,2,7200,1.02443991853
537629,537645,538194,16,549,2,7200,1.029143898
537672,537678,538244,6,566,2,7200,1.01060070671
537687,537693,538256,6,563,2,7200,1.01065719361
537703,537710,538281,7,571,2,7200,1.0122591944
537704,537717,538280,13,563,2,7200,1.02309058615
537705,537722,538307,17,585,2,7200,1.02905982906
537707,537727,538282,20,555,2,7200,1.03603603604
537724,537735,538304,11,569,2,7200,1.01933216169
537725,537740,538262,15,522,2,7200,1.02873563218
537727,537745,538307,18,562,2,7200,1.03202846975
537742,537753,538319,11,566,2,7200,1.01943462898
537743,537758,538313,15,555,2,7200,1.02702702703
537761,537767,538342,6,575,2,7200,1.01043478261
537804,537811,538369,7,558,2,7200,1.01254480287
537837,537843,538413,6,570,2,7200,1.01052631579
537852,537859,538427,7,568,2,7200,1.01232394366
537867,537873,538431,6,558,2,7200,1.01075268817
537868,537880,538453,12,573,2,7200,1.02094240838
537883,537891,538453,8,562,2,7200,1.01423487544
537899,537905,538466,6,561,2,7200,1.01069518717
537900,537912,538476,12,564,2,7200,1.02127659574
537915,537923,538481,8,558,2,7200,1.01433691756
537917,537930,538494,13,564,2,7200,1.02304964539
537932,537938,538471,6,533,2,7200,1.01125703565
537933,537944,538510,11,566,2,7200,1.01943462898
537948,537954,538507,6,553,2,7200,1.01084990958
537963,537970,538544,7,574,2,7200,1.01219512195
537965,537977,538535,12,558,2,7200,1.02150537634
537980,537986,538551,6,565,2,7200,1.01061946903
538007,538013,538521,6,508,2,7200,1.01181102362
538032,538039,538587,7,548,2,7200,1.01277372263
538033,538045,538616,12,571,2,7200,1.02101576182
538048,538055,538620,7,565,2,7200,1.01238938053
538063,538069,538596,6,527,2,7200,1.01138519924
538087,538094,538634,7,540,2,7200,1.01296296296
538123,538130,538667,7,537,2,7200,1.01303538175
538138,538145,538710,7,565,2,7200,1.01238938053
538178,538185,538765,7,580,2,7200,1.01206896552
538193,538200,538771,7,571,2,7200,1.0122591944
538208,538215,538778,7,563,2,7200,1.01243339254
538209,538222,538793,13,571,2,7200,1.02276707531
538246,538252,538833,6,581,2,7200,1.01032702238
538261,538268,538788,7,520,2,7200,1.01346153846
538276,538282,538833,6,551,2,7200,1.0108892922
538291,538299,538861,8,562,2,7200,1.01423487544
538293,538306,538876,13,570,2,7200,1.02280701754
538294,538311,538850,17,539,2,7200,1.03153988868
538310,538317,538868,7,551,2,7200,1.01270417423
538311,538323,538885,12,562,2,7200,1.02135231317
538313,538330,538876,17,546,2,7200,1.03113553114
538328,538336,538898,8,562,2,7200,1.01423487544
538329,538342,538909,13,567,2,7200,1.02292768959
538344,538351,538919,7,568,2,7200,1.01232394366
538371,538378,538956,7,578,2,7200,1.01211072664
538414,538421,538987,7,566,2,7200,1.01236749117
538429,538435,539003,6,568,2,7200,1.01056338028
538444,538451,538995,7,544,2,7200,1.01286764706
538459,538466,539030,7,564,2,7200,1.01241134752
538460,538472,539043,12,571,2,7200,1.02101576182
538476,538482,539054,6,572,2,7200,1.01048951049
538477,538489,539055,12,566,2,7200,1.02120141343
538492,538498,539077,6,579,2,7200,1.0103626943
538494,538504,539070,10,566,2,7200,1.01766784452
538509,538515,539042,6,527,2,7200,1.01138519924
538511,538522,539085,11,563,2,7200,1.01953818828
538526,538532,539096,6,564,2,7200,1.01063829787
538527,538539,539095,12,556,2,7200,1.02158273381
538528,538544,538623,16,79,1,1800,1.20253164557
538542,538551,539115,9,564,2,7200,1.01595744681
538558,538565,539140,7,575,2,7200,1.01217391304
538559,538571,539107,12,536,2,7200,1.0223880597
538569,538578,538587,9,9,24,86400,1.8
538589,538595,539163,6,568,2,7200,1.01056338028
538604,538611,539154,7,543,2,7200,1.01289134438
538619,538625,539187,6,562,2,7200,1.01067615658
538634,538642,539194,8,552,2,7200,1.01449275362
538649,538657,539216,8,559,2,7200,1.01431127013
538668,538675,539243,7,568,2,7200,1.01232394366
538713,538719,539295,6,576,2,7200,1.01041666667
538768,538775,539342,7,567,2,7200,1.01234567901
538783,538790,539343,7,553,2,7200,1.01265822785
538784,538797,539352,13,555,2,7200,1.02342342342
538799,538806,539366,7,560,2,7200,1.0125
538801,538813,539324,12,511,2,7200,1.02348336595
538834,538841,539405,7,564,2,7200,1.01241134752
538836,538848,539415,12,567,2,7200,1.02116402116
538851,538858,539431,7,573,2,7200,1.01221640489
538866,538872,539447,6,575,2,7200,1.01043478261
538882,538889,539460,7,571,2,7200,1.0122591944
538883,538895,539460,12,565,2,7200,1.02123893805
538884,538901,539461,17,560,2,7200,1.03035714286
538900,538907,539449,7,542,2,7200,1.01291512915
538901,538913,539478,12,565,2,7200,1.02123893805
538916,538922,539489,6,567,2,7200,1.01058201058
538931,538938,539485,7,547,2,7200,1.01279707495
538956,538963,539061,7,98,1,1800,1.07142857143
538958,538970,539505,12,535,2,7200,1.02242990654
538989,538995,539559,6,564,2,7200,1.01063829787
539004,539011,539563,7,552,2,7200,1.01268115942
539005,539018,539594,13,576,2,7200,1.02256944444
539032,539039,539605,7,566,2,7200,1.01236749117
539048,539054,539614,6,560,2,7200,1.01071428571
539049,539061,539631,12,570,2,7200,1.02105263158
539064,539071,539637,7,566,2,7200,1.01236749117
539066,539078,539644,12,566,2,7200,1.02120141343
539081,539087,539670,6,583,2,7200,1.0102915952
539083,539094,539620,11,526,2,7200,1.02091254753
539098,539104,539684,6,580,2,7200,1.01034482759
539100,539111,539679,11,568,2,7200,1.01936619718
539101,539116,539690,15,574,2,7200,1.02613240418
539116,539122,539691,6,569,2,7200,1.01054481547
539118,539130,539694,12,564,2,7200,1.02127659574
539142,539149,539709,7,560,2,7200,1.0125
539157,539164,539731,7,567,2,7200,1.01234567901
539172,539179,539717,7,538,2,7200,1.01301115242
539190,539196,539756,6,560,2,7200,1.01071428571
539205,539211,539778,6,567,2,7200,1.01058201058
539220,539227,539791,7,564,2,7200,1.01241134752
539244,539251,539814,7,563,2,7200,1.01243339254
539296,539303,539786,7,483,2,7200,1.01449275362
539326,539332,539894,6,562,2,7200,1.01067615658
539344,539351,539881,7,530,2,7200,1.01320754717
539346,539359,539925,13,566,2,7200,1.02296819788
539361,539367,539927,6,560,2,7200,1.01071428571
539376,539383,539944,7,561,2,7200,1.01247771836
539406,539413,539992,7,579,2,7200,1.01208981002
539415,539422,615980,7,76558,24,86400,1.00009143395
539421,539429,539982,8,553,2,7200,1.01446654611
539436,539442,539971,6,529,2,7200,1.01134215501
539451,539458,540009,7,551,2,7200,1.01270417423
539453,539465,540038,12,573,2,7200,1.02094240838
539468,539476,540012,8,536,2,7200,1.01492537313
539470,539483,540045,13,562,2,7200,1.0231316726
539471,539488,540055,17,567,2,7200,1.02998236332
539486,539494,540056,8,562,2,7200,1.01423487544
539488,539500,540062,12,562,2,7200,1.02135231317
539503,539510,540066,7,556,2,7200,1.01258992806
539518,539525,540092,7,567,2,7200,1.01234567901
539560,539567,540119,7,552,2,7200,1.01268115942
539575,539583,540148,8,565,2,7200,1.01415929204
539596,539602,540167,6,565,2,7200,1.01061946903
539611,539618,540185,7,567,2,7200,1.01234567901
539626,539633,540197,7,564,2,7200,1.01241134752
539628,539640,540209,12,569,2,7200,1.02108963093
539643,539649,540162,6,513,2,7200,1.01169590643
539645,539655,540237,10,582,2,7200,1.01718213058
539660,539666,540218,6,552,2,7200,1.01086956522
539674,539682,540246,8,564,2,7200,1.01418439716
539690,539696,540270,6,574,2,7200,1.01045296167
539692,539704,540270,12,566,2,7200,1.02120141343
539707,539713,540269,6,556,2,7200,1.01079136691
539708,539720,540251,12,531,2,7200,1.02259887006
539710,539725,540303,15,578,2,7200,1.02595155709
539725,539732,540286,7,554,2,7200,1.01263537906
539726,539739,540305,13,566,2,7200,1.02296819788
539741,539747,540295,6,548,2,7200,1.01094890511
539756,539762,540299,6,537,2,7200,1.01117318436
539780,539788,540348,8,560,2,7200,1.01428571429
539796,539802,540369,6,567,2,7200,1.01058201058
539797,539809,540330,12,521,2,7200,1.02303262956
539815,539821,540293,6,472,2,7200,1.01271186441
539818,539828,540206,10,378,1,1800,1.02645502646
539885,539892,540460,7,568,2,7200,1.01232394366
539900,539906,540474,6,568,2,7200,1.01056338028
539928,539934,540502,6,568,2,7200,1.01056338028
539929,539942,540470,13,528,2,7200,1.02462121212
539947,539954,540522,7,568,2,7200,1.01232394366
539974,539982,540539,8,557,2,7200,1.01436265709
539989,539996,540576,7,580,2,7200,1.01206896552
540004,540010,540554,6,544,2,7200,1.01102941176
540019,540027,540584,8,557,2,7200,1.01436265709
540021,540032,540602,11,570,2,7200,1.01929824561
540039,540046,540590,7,544,2,7200,1.01286764706
540054,540060,540599,6,539,2,7200,1.01113172542
540069,540075,540644,6,569,2,7200,1.01054481547
540071,540083,540622,12,539,2,7200,1.02226345083
540072,540088,540654,16,566,2,7200,1.02826855124
540073,540093,540672,20,579,2,7200,1.03454231434
540094,540102,540650,8,548,2,7200,1.01459854015
540122,540128,540696,6,568,2,7200,1.01056338028
540149,540155,540723,6,568,2,7200,1.01056338028
540164,540171,540752,7,581,2,7200,1.01204819277
540179,540186,540710,7,524,2,7200,1.01335877863
540194,540200,540769,6,569,2,7200,1.01054481547
540209,540215,540789,6,574,2,7200,1.01045296167
540210,540221,540779,11,558,2,7200,1.01971326165
540226,540233,540762,7,529,2,7200,1.01323251418
540241,540248,540832,7,584,2,7200,1.01198630137
540256,540262,540828,6,566,2,7200,1.01060070671
540257,540269,540832,12,563,2,7200,1.02131438721
540273,540279,540847,6,568,2,7200,1.01056338028
540274,540286,540851,12,565,2,7200,1.02123893805
540276,540291,540854,15,563,2,7200,1.02664298401
540291,540297,540869,6,572,2,7200,1.01048951049
540306,540312,540878,6,566,2,7200,1.01060070671
540308,540319,540850,11,531,2,7200,1.02071563089
540309,540324,540894,15,570,2,7200,1.02631578947
540310,540329,540857,19,528,2,7200,1.03598484848
540312,540335,540894,23,559,2,7200,1.04114490161
540333,540341,540912,8,571,2,7200,1.01401050788
540348,540354,540930,6,576,2,7200,1.01041666667
540372,540379,540948,7,569,2,7200,1.01230228471
540463,540470,541023,7,553,2,7200,1.01265822785
540478,540485,541053,7,568,2,7200,1.01232394366
540479,540491,541055,12,564,2,7200,1.02127659574
540503,540510,541092,7,582,2,7200,1.01202749141
540524,540530,541093,6,563,2,7200,1.01065719361
540542,540548,541062,6,514,2,7200,1.01167315175
540557,540563,541139,6,576,2,7200,1.01041666667
540578,540584,541128,6,544,2,7200,1.01102941176
540593,540599,541157,6,558,2,7200,1.01075268817
540594,540606,541139,12,533,2,7200,1.02251407129
540609,540617,541198,8,581,2,7200,1.01376936317
540611,540622,541153,11,531,2,7200,1.02071563089
540626,540633,541145,7,512,2,7200,1.013671875
540647,540654,541213,7,559,2,7200,1.01252236136
540662,540668,541234,6,566,2,7200,1.01060070671
540663,540674,541232,11,558,2,7200,1.01971326165
540678,540686,541249,8,563,2,7200,1.01420959147
540699,540707,541269,8,562,2,7200,1.01423487544
540714,540720,541288,6,568,2,7200,1.01056338028
540729,540735,541265,6,530,2,7200,1.01132075472
540753,540760,541339,7,579,2,7200,1.01208981002
540769,540776,541347,7,571,2,7200,1.0122591944
540770,540783,541350,13,567,2,7200,1.02292768959
540785,540792,541363,7,571,2,7200,1.0122591944
540800,540807,541370,7,563,2,7200,1.01243339254
540830,540837,541332,7,495,2,7200,1.01414141414
540845,540852,541415,7,563,2,7200,1.01243339254
540847,540859,541415,12,556,2,7200,1.02158273381
540862,540869,541433,7,564,2,7200,1.01241134752
540864,540875,541442,11,567,2,7200,1.01940035273
540865,540881,541441,16,560,2,7200,1.02857142857
540866,540886,541448,20,562,2,7200,1.03558718861
540868,540891,541415,23,524,2,7200,1.04389312977
540883,540898,541457,15,559,2,7200,1.02683363148
540885,540903,541462,18,559,2,7200,1.03220035778
540900,540910,541443,10,533,2,7200,1.01876172608
540901,540915,541488,14,573,2,7200,1.02443280977
540916,540922,541477,6,555,2,7200,1.01081081081
540931,540937,541506,6,569,2,7200,1.01054481547
540949,540955,541486,6,531,2,7200,1.01129943503
541025,541032,541614,7,582,2,7200,1.01202749141
541055,541063,541614,8,551,2,7200,1.01451905626
541057,541070,541622,13,552,2,7200,1.02355072464
541072,541078,541659,6,581,2,7200,1.01032702238
541093,541100,541681,7,581,2,7200,1.01204819277
541095,541107,541674,12,567,2,7200,1.02116402116
541131,541138,541684,7,546,2,7200,1.01282051282
541146,541153,541689,7,536,2,7200,1.01305970149
541148,541159,541729,11,570,2,7200,1.01929824561
541149,541165,541729,16,564,2,7200,1.02836879433
541164,541172,541737,8,565,2,7200,1.01415929204
541166,541177,541743,11,566,2,7200,1.01943462898
541199,541205,541759,6,554,2,7200,1.01083032491
541214,541221,541803,7,582,2,7200,1.01202749141
541235,541242,541822,7,580,2,7200,1.01206896552
541237,541249,541803,12,554,2,7200,1.02166064982
541252,541258,541812,6,554,2,7200,1.01083032491
541267,541274,541844,7,570,2,7200,1.01228070175
541282,541288,541856,6,568,2,7200,1.01056338028
541296,541303,541835,7,532,2,7200,1.01315789474
541333,541340,541920,7,580,2,7200,1.01206896552
541348,541354,541917,6,563,2,7200,1.01065719361
541349,541361,541930,12,569,2,7200,1.02108963093
541364,541370,541937,6,567,2,7200,1.01058201058
541366,541376,541911,10,535,2,7200,1.01869158879
541381,541387,541950,6,563,2,7200,1.01065719361
541418,541425,541937,7,512,2,7200,1.013671875
541420,541432,542010,12,578,2,7200,1.02076124567
541421,541437,542003,16,566,2,7200,1.02826855124
541436,541443,542006,7,563,2,7200,1.01243339254
541438,541450,541489,12,39,1,1800,1.30769230769
541451,541458,542016,7,558,2,7200,1.01254480287
541453,541465,541993,12,528,2,7200,1.02272727273
541454,541470,542030,16,560,2,7200,1.02857142857
541455,541475,542040,20,565,2,7200,1.03539823009
541471,541482,542043,11,561,2,7200,1.01960784314
541472,541487,542055,15,568,2,7200,1.0264084507
541487,541493,542064,6,571,2,7200,1.01050788091
541489,541500,542081,11,581,2,7200,1.01893287435
541504,541510,542077,6,567,2,7200,1.01058201058
541519,541525,542051,6,526,2,7200,1.01140684411
541616,541623,542130,7,507,2,7200,1.01380670611
541617,541630,542197,13,567,2,7200,1.02292768959
541632,541638,542210,6,572,2,7200,1.01048951049
541662,541669,542232,7,563,2,7200,1.01243339254
541677,541684,542260,7,576,2,7200,1.01215277778
541693,541699,542251,6,552,2,7200,1.01086956522
541694,541706,542276,12,570,2,7200,1.02105263158
541695,541711,542280,16,569,2,7200,1.02811950791
541732,541739,542308,7,569,2,7200,1.01230228471
541733,541746,542308,13,562,2,7200,1.0231316726
541738,541751,541843,13,92,1,1800,1.14130434783
541749,541757,542327,8,570,2,7200,1.01403508772
541750,541763,542332,13,569,2,7200,1.02284710018
541765,541773,542337,8,564,2,7200,1.01418439716
541805,541812,542374,7,562,2,7200,1.01245551601
541806,541819,542383,13,564,2,7200,1.02304964539
541821,541828,542386,7,558,2,7200,1.01254480287
541836,541843,542417,7,574,2,7200,1.01219512195
541838,541850,542417,12,567,2,7200,1.02116402116
541853,541859,542429,6,570,2,7200,1.01052631579
541868,541874,542452,6,578,2,7200,1.01038062284
541914,541920,542482,6,562,2,7200,1.01067615658
541929,541936,542492,7,556,2,7200,1.01258992806
541930,541943,542506,13,563,2,7200,1.02309058615
541945,541952,542512,7,560,2,7200,1.0125
541947,541959,542529,12,570,2,7200,1.02105263158
541948,541964,542524,16,560,2,7200,1.02857142857
541963,541971,542522,8,551,2,7200,1.01451905626
541996,542004,542514,8,510,2,7200,1.01568627451
542012,542018,542528,6,510,2,7200,1.01176470588
542014,542026,542584,12,558,2,7200,1.02150537634
542015,542031,542611,16,580,2,7200,1.0275862069
542030,542038,542607,8,569,2,7200,1.01405975395
542031,542043,542580,12,537,2,7200,1.02234636872
542047,542053,542626,6,573,2,7200,1.01047120419
542048,542061,542627,13,566,2,7200,1.02296819788
542063,542071,542632,8,561,2,7200,1.01426024955
542065,542078,542650,13,572,2,7200,1.02272727273
542080,542088,542656,8,568,2,7200,1.01408450704
542082,542095,542656,13,561,2,7200,1.02317290553
542097,542104,542668,7,564,2,7200,1.01241134752
542131,542138,542694,7,556,2,7200,1.01258992806
542200,542207,542790,7,583,2,7200,1.01200686106
542215,542221,542787,6,566,2,7200,1.01060070671
542233,542239,542804,6,565,2,7200,1.01061946903
542254,542260,542827,6,567,2,7200,1.01058201058
542269,542276,542845,7,569,2,7200,1.01230228471
542284,542290,542835,6,545,2,7200,1.01100917431
542286,542297,542865,11,568,2,7200,1.01936619718
542310,542317,542882,7,565,2,7200,1.01238938053
542312,542323,542889,11,566,2,7200,1.01943462898
542330,542337,542846,7,509,2,7200,1.0137524558
542345,542351,542912,6,561,2,7200,1.01069518717
542347,542357,542923,10,566,2,7200,1.01766784452
542377,542384,542947,7,563,2,7200,1.01243339254
542392,542399,542916,7,517,2,7200,1.01353965184
542393,542405,542929,12,524,2,7200,1.02290076336
542418,542425,542999,7,574,2,7200,1.01219512195
542419,542432,542999,13,567,2,7200,1.02292768959
542434,542442,543017,8,575,2,7200,1.01391304348
542453,542460,543024,7,564,2,7200,1.01241134752
542483,542489,543026,6,537,2,7200,1.01117318436
542492,542498,542757,6,259,1,1800,1.02316602317
542498,542505,543070,7,565,2,7200,1.01238938053
542513,542520,543087,7,567,2,7200,1.01234567901
542515,542527,543087,12,560,2,7200,1.02142857143
542531,542538,543024,7,486,2,7200,1.01440329218
542532,542545,543115,13,570,2,7200,1.02280701754
542534,542550,543116,16,566,2,7200,1.02826855124
542535,542556,543118,21,562,2,7200,1.03736654804
542536,542561,543132,25,571,2,7200,1.04378283713
542582,542588,543134,6,546,2,7200,1.01098901099
542597,542604,543130,7,526,2,7200,1.01330798479
542612,542619,543184,7,565,2,7200,1.01238938053
542614,542626,543193,12,567,2,7200,1.02116402116
542629,542636,543177,7,541,2,7200,1.01293900185
542631,542643,543159,12,516,2,7200,1.02325581395
542646,542652,543213,6,561,2,7200,1.01069518717
542661,542668,543236,7,568,2,7200,1.01232394366
542663,542675,543225,12,550,2,7200,1.02181818182
542664,542680,543213,16,533,2,7200,1.03001876173
542679,542687,543237,8,550,2,7200,1.01454545455
542697,542703,543274,6,571,2,7200,1.01050788091
542789,542795,543379,6,584,2,7200,1.0102739726
542804,542811,543396,7,585,2,7200,1.01196581197
542805,542818,543386,13,568,2,7200,1.02288732394
542829,542837,543373,8,536,2,7200,1.01492537313
542845,542852,543381,7,529,2,7200,1.01323251418
542860,542867,543450,7,583,2,7200,1.01200686106
542861,542873,543454,12,581,2,7200,1.02065404475
542876,542883,543451,7,568,2,7200,1.01232394366
542892,542898,543468,6,570,2,7200,1.01052631579
542893,542905,543476,12,571,2,7200,1.02101576182
542914,542920,543464,6,544,2,7200,1.01102941176
542929,542936,543509,7,573,2,7200,1.01221640489
542931,542943,543511,12,568,2,7200,1.02112676056
542932,542948,543504,16,556,2,7200,1.02877697842
542951,542957,543536,6,579,2,7200,1.0103626943
543003,543009,543574,6,565,2,7200,1.01061946903
543005,543017,543589,12,572,2,7200,1.02097902098
543020,543026,543553,6,527,2,7200,1.01138519924
543035,543041,543607,6,566,2,7200,1.01060070671
543037,543047,543550,10,503,2,7200,1.01988071571
543038,543053,543584,15,531,2,7200,1.02824858757
543071,543078,543617,7,539,2,7200,1.01298701299
543090,543097,543672,7,575,2,7200,1.01217391304
543091,543103,543681,12,578,2,7200,1.02076124567
543119,543126,543697,7,571,2,7200,1.0122591944
543120,543133,543698,13,565,2,7200,1.02300884956
543122,543138,543694,16,556,2,7200,1.02877697842
543140,543146,543716,6,570,2,7200,1.01052631579
543141,543153,543685,12,532,2,7200,1.02255639098
543143,543158,543723,15,565,2,7200,1.02654867257
543161,543168,543743,7,575,2,7200,1.01217391304
543179,543186,543751,7,565,2,7200,1.01238938053
543194,543201,543773,7,572,2,7200,1.01223776224
543196,543208,543762,12,554,2,7200,1.02166064982
543214,543221,543782,7,561,2,7200,1.01247771836
543216,543228,543798,12,570,2,7200,1.02105263158
543231,543238,543821,7,583,2,7200,1.01200686106
543246,543253,543807,7,554,2,7200,1.01263537906
543248,543260,543824,12,564,2,7200,1.02127659574
543275,543281,543829,6,548,2,7200,1.01094890511
543376,543383,543930,7,547,2,7200,1.01279707495
543391,543398,543964,7,566,2,7200,1.01236749117
543392,543404,543961,12,557,2,7200,1.02154398564
543394,543410,543923,16,513,2,7200,1.03118908382
543409,543416,543981,7,565,2,7200,1.01238938053
543451,543457,544028,6,571,2,7200,1.01050788091
543453,543465,544020,12,555,2,7200,1.02162162162
543468,543474,544027,6,553,2,7200,1.01084990958
543470,543482,544045,12,563,2,7200,1.02131438721
543471,543487,544053,16,566,2,7200,1.02826855124
543486,543493,544075,7,582,2,7200,1.01202749141
543507,543513,544080,6,567,2,7200,1.01058201058
543522,543529,544097,7,568,2,7200,1.01232394366
543524,543535,544106,11,571,2,7200,1.01926444834
543539,543546,544105,7,559,2,7200,1.01252236136
543554,543560,544133,6,573,2,7200,1.01047120419
543555,543567,544133,12,566,2,7200,1.02120141343
543576,543584,544145,8,561,2,7200,1.01426024955
543592,543599,544165,7,566,2,7200,1.01236749117
543593,543606,544191,13,585,2,7200,1.02222222222
543611,543617,544187,6,570,2,7200,1.01052631579
543626,543632,544187,6,555,2,7200,1.01081081081
543675,543682,544264,7,582,2,7200,1.01202749141
543690,543696,544256,6,560,2,7200,1.01071428571
543691,543703,544264,12,561,2,7200,1.02139037433
543706,543712,544236,6,524,2,7200,1.01145038168
543707,543719,544266,12,547,2,7200,1.02193784278
543709,543724,544299,15,575,2,7200,1.02608695652
543724,543730,544294,6,564,2,7200,1.01063829787
543725,543737,544303,12,566,2,7200,1.02120141343
543743,543750,544315,7,565,2,7200,1.01238938053
543758,543766,544330,8,564,2,7200,1.01418439716
543773,543781,544351,8,570,2,7200,1.01403508772
543775,543788,544354,13,566,2,7200,1.02296819788
543790,543797,544306,7,509,2,7200,1.0137524558
543805,543811,544384,6,573,2,7200,1.01047120419
543820,543826,544393,6,567,2,7200,1.01058201058
543835,543841,544400,6,559,2,7200,1.01073345259
543837,543848,544401,11,553,2,7200,1.0198915009
543838,543853,544418,15,565,2,7200,1.02654867257
543923,543930,544505,7,575,2,7200,1.01217391304
543938,543944,544509,6,565,2,7200,1.01061946903
543963,543970,544530,7,560,2,7200,1.0125
543978,543985,544557,7,572,2,7200,1.01223776224
543992,544000,544563,8,563,2,7200,1.01420959147
544023,544030,544597,7,567,2,7200,1.01234567901
544038,544045,544609,7,564,2,7200,1.01241134752
544039,544052,544619,13,567,2,7200,1.02292768959
544054,544060,544605,6,545,2,7200,1.01100917431
544056,544067,544586,11,519,2,7200,1.02119460501
544077,544083,544582,6,499,2,7200,1.0120240481
544092,544099,544656,7,557,2,7200,1.01256732496
544107,544113,544681,6,568,2,7200,1.01056338028
544108,544120,544684,12,564,2,7200,1.02127659574
544110,544125,544698,15,573,2,7200,1.02617801047
544134,544140,544715,6,575,2,7200,1.01043478261
544135,544147,544710,12,563,2,7200,1.02131438721
544150,544157,544729,7,572,2,7200,1.01223776224
544165,544173,544712,8,539,2,7200,1.01484230056
544190,544196,544759,6,563,2,7200,1.01065719361
544192,544204,544774,12,570,2,7200,1.02105263158
544207,544213,544780,6,567,2,7200,1.01058201058
544237,544243,544813,6,570,2,7200,1.01052631579
544258,544265,544828,7,563,2,7200,1.01243339254
544273,544280,544783,7,503,2,7200,1.01391650099
544275,544286,544851,11,565,2,7200,1.01946902655
544276,544292,544857,16,565,2,7200,1.02831858407
544294,544300,544840,6,540,2,7200,1.01111111111
544310,544316,544885,6,569,2,7200,1.01054481547
544311,544323,544881,12,558,2,7200,1.02150537634
544312,544328,544791,16,463,2,7200,1.03455723542
544327,544335,544906,8,571,2,7200,1.01401050788
544342,544349,544915,7,566,2,7200,1.01236749117
544357,544364,544930,7,566,2,7200,1.01236749117
544359,544370,544937,11,567,2,7200,1.01940035273
544386,544392,544959,6,567,2,7200,1.01058201058
544402,544408,544980,6,572,2,7200,1.01048951049
544403,544415,544982,12,567,2,7200,1.02116402116
544404,544420,544942,16,522,2,7200,1.030651341
544419,544427,544993,8,566,2,7200,1.01413427562
544508,544514,545029,6,515,2,7200,1.01165048544
544522,544530,545090,8,560,2,7200,1.01428571429
544537,544543,545117,6,574,2,7200,1.01045296167
544558,544565,545131,7,566,2,7200,1.01236749117
544573,544579,545143,6,564,2,7200,1.01063829787
544588,544595,545162,7,567,2,7200,1.01234567901
544590,544601,545130,11,529,2,7200,1.02079395085
544605,544612,545170,7,558,2,7200,1.01254480287
544620,544626,545190,6,564,2,7200,1.01063829787
544621,544633,545201,12,568,2,7200,1.02112676056
544623,544638,545200,15,562,2,7200,1.02669039146
544659,544666,545235,7,569,2,7200,1.01230228471
544684,544690,545259,6,569,2,7200,1.01054481547
544685,544697,545264,12,567,2,7200,1.02116402116
544700,544707,545265,7,558,2,7200,1.01254480287
544716,544723,545244,7,521,2,7200,1.01343570058
544717,544730,545254,13,524,2,7200,1.02480916031
544718,544735,545317,17,582,2,7200,1.02920962199
544733,544742,545304,9,562,2,7200,1.01601423488
544761,544767,545335,6,568,2,7200,1.01056338028
544776,544782,545338,6,556,2,7200,1.01079136691
544791,544798,545371,7,573,2,7200,1.01221640489
544793,544805,545370,12,565,2,7200,1.02123893805
544794,544810,545369,16,559,2,7200,1.02862254025
544813,544820,545321,7,501,2,7200,1.01397205589
544831,544837,545415,6,578,2,7200,1.01038062284
544846,544852,545420,6,568,2,7200,1.01056338028
544861,544867,545439,6,572,2,7200,1.01048951049
544862,544873,545437,11,564,2,7200,1.0195035461
544884,544890,545452,6,562,2,7200,1.01067615658
544898,544906,545469,8,563,2,7200,1.01420959147
544914,544921,545479,7,558,2,7200,1.01254480287
544929,544935,545504,6,569,2,7200,1.01054481547
544944,544950,545482,6,532,2,7200,1.01127819549
544945,544956,545483,11,527,2,7200,1.02087286528
544947,544962,545525,15,563,2,7200,1.02664298401
544962,544969,545509,7,540,2,7200,1.01296296296
544983,544990,545569,7,579,2,7200,1.01208981002
544985,544996,545565,11,569,2,7200,1.01933216169
545000,545006,545546,6,540,2,7200,1.01111111111
545030,545037,545600,7,563,2,7200,1.01243339254
545091,545097,545629,6,532,2,7200,1.01127819549
545118,545124,545681,6,557,2,7200,1.01077199282
545133,545140,545722,7,582,2,7200,1.01202749141
545135,545147,545713,12,566,2,7200,1.02120141343
545150,545157,545694,7,537,2,7200,1.01303538175
545165,545171,545737,6,566,2,7200,1.01060070671
545180,545187,545757,7,570,2,7200,1.01228070175
545195,545201,545701,6,500,2,7200,1.012
545210,545216,545785,6,569,2,7200,1.01054481547
545211,545223,545773,12,550,2,7200,1.02181818182
545238,545245,545806,7,561,2,7200,1.01247771836
545253,545259,545819,6,560,2,7200,1.01071428571
545269,545275,545857,6,582,2,7200,1.01030927835
545270,545282,545845,12,563,2,7200,1.02131438721
545272,545287,545851,15,564,2,7200,1.02659574468
545273,545292,545816,19,524,2,7200,1.03625954198
545306,545312,545882,6,570,2,7200,1.01052631579
545321,545328,545910,7,582,2,7200,1.01202749141
545323,545335,545902,12,567,2,7200,1.02116402116
545338,545345,545911,7,566,2,7200,1.01236749117
545353,545360,545912,7,552,2,7200,1.01268115942
545372,545379,545914,7,535,2,7200,1.01308411215
545373,545386,545956,13,570,2,7200,1.02280701754
545374,545391,545961,17,570,2,7200,1.0298245614
545415,545422,545997,7,575,2,7200,1.01217391304
545430,545436,545965,6,529,2,7200,1.01134215501
545445,545452,546014,7,562,2,7200,1.01245551601
545447,545459,546034,12,575,2,7200,1.02086956522
545462,545468,546020,6,552,2,7200,1.01086956522
545477,545483,546029,6,546,2,7200,1.01098901099
545492,545499,546036,7,537,2,7200,1.01303538175
545494,545506,546086,12,580,2,7200,1.02068965517
545495,545512,546059,17,547,2,7200,1.0310786106
545510,545519,546084,9,565,2,7200,1.01592920354
545512,545524,546077,12,553,2,7200,1.02169981917
545527,545534,546072,7,538,2,7200,1.01301115242
545548,545555,546122,7,567,2,7200,1.01234567901
545566,545573,546115,7,542,2,7200,1.01291512915
545581,545587,546109,6,522,2,7200,1.01149425287
545602,545608,546178,6,570,2,7200,1.01052631579
545630,545636,546188,6,552,2,7200,1.01086956522
545685,545691,546228,6,537,2,7200,1.01117318436
545700,545706,546281,6,575,2,7200,1.01043478261
545715,545722,546293,7,571,2,7200,1.0122591944
545716,545729,546261,13,532,2,7200,1.02443609023
545732,545739,546279,7,540,2,7200,1.01296296296
545746,545753,546330,7,577,2,7200,1.01213171577
545762,545768,546335,6,567,2,7200,1.01058201058
545777,545783,546271,6,488,2,7200,1.01229508197
545792,545799,546363,7,564,2,7200,1.01241134752
545810,545817,546334,7,517,2,7200,1.01353965184
545825,545831,546400,6,569,2,7200,1.01054481547
545826,545837,546358,11,521,2,7200,1.02111324376
545847,545854,546433,7,579,2,7200,1.01208981002
545863,545869,546435,6,566,2,7200,1.01060070671
545864,545876,546427,12,551,2,7200,1.02177858439
545885,545892,546406,7,514,2,7200,1.01361867704
545903,545910,546477,7,567,2,7200,1.01234567901
545919,545926,546488,7,562,2,7200,1.01245551601
545920,545932,546502,12,570,2,7200,1.02105263158
545922,545938,546497,16,559,2,7200,1.02862254025
545923,545943,546510,20,567,2,7200,1.03527336861
545957,545964,546488,7,524,2,7200,1.01335877863
545972,545978,546545,6,567,2,7200,1.01058201058
545973,545985,546524,12,539,2,7200,1.02226345083
545998,546005,546586,7,581,2,7200,1.01204819277
546016,546022,546585,6,563,2,7200,1.01065719361
546032,546038,546602,6,564,2,7200,1.01063829787
546034,546045,546608,11,563,2,7200,1.01953818828
546049,546056,546618,7,562,2,7200,1.01245551601
546050,546063,546639,13,576,2,7200,1.02256944444
546065,546072,546645,7,573,2,7200,1.01221640489
546080,546088,546587,8,499,2,7200,1.01603206413
546082,546095,546671,13,576,2,7200,1.02256944444
546097,546103,546647,6,544,2,7200,1.01102941176
546099,546109,546682,10,573,2,7200,1.01745200698
546114,546120,546647,6,527,2,7200,1.01138519924
546129,546135,546704,6,569,2,7200,1.01054481547
546130,546141,546647,11,506,2,7200,1.02173913043
546179,546185,546753,6,568,2,7200,1.01056338028
546194,546202,546780,8,578,2,7200,1.01384083045
546230,546237,546811,7,574,2,7200,1.01219512195
546264,546271,546823,7,552,2,7200,1.01268115942
546279,546285,546820,6,535,2,7200,1.01121495327
546294,546301,546865,7,564,2,7200,1.01241134752
546296,546308,546874,12,566,2,7200,1.02120141343
546297,546313,546870,16,557,2,7200,1.02872531418
546334,546341,546910,7,569,2,7200,1.01230228471
546349,546356,546888,7,532,2,7200,1.01315789474
546351,546362,546897,11,535,2,7200,1.02056074766
546366,546372,546944,6,572,2,7200,1.01048951049
546367,546379,546839,12,460,2,7200,1.02608695652
546401,546408,546976,7,568,2,7200,1.01232394366
546416,546423,546988,7,565,2,7200,1.01238938053
546431,546437,546993,6,556,2,7200,1.01079136691
546446,546453,547016,7,563,2,7200,1.01243339254
546447,546460,547020,13,560,2,7200,1.02321428571
546478,546485,547054,7,569,2,7200,1.01230228471
546493,546500,547063,7,563,2,7200,1.01243339254
546494,546506,547087,12,581,2,7200,1.02065404475
546510,546517,547089,7,572,2,7200,1.01223776224
546511,546524,547077,13,553,2,7200,1.02350813743
546512,546529,547078,17,549,2,7200,1.03096539162
546528,546535,547092,7,557,2,7200,1.01256732496
546546,546553,547111,7,558,2,7200,1.01254480287
546589,546596,547160,7,564,2,7200,1.01241134752
546590,546603,547164,13,561,2,7200,1.02317290553
546592,546608,547177,16,569,2,7200,1.02811950791
546607,546615,547178,8,563,2,7200,1.01420959147
546622,546629,547191,7,562,2,7200,1.01245551601
546623,546635,547155,12,520,2,7200,1.02307692308
546642,546648,547211,6,563,2,7200,1.01065719361
546657,546664,547229,7,565,2,7200,1.01238938053
546658,546670,547216,12,546,2,7200,1.02197802198
546660,546676,547177,16,501,2,7200,1.03193612774
546661,546681,547235,20,554,2,7200,1.03610108303
546676,546688,547255,12,567,2,7200,1.02116402116
546692,546699,547268,7,569,2,7200,1.01230228471
546707,546714,547275,7,561,2,7200,1.01247771836
546755,546761,547310,6,549,2,7200,1.01092896175
546782,546790,547352,8,562,2,7200,1.01423487544
546813,546819,547385,6,566,2,7200,1.01060070671
546828,546834,547381,6,547,2,7200,1.01096892139
546829,546841,547415,12,574,2,7200,1.02090592334
546844,546850,547421,6,571,2,7200,1.01050788091
546868,546875,547441,7,566,2,7200,1.01236749117
546883,546890,547454,7,564,2,7200,1.01241134752
546885,546898,547414,13,516,2,7200,1.02519379845
546900,546906,547475,6,569,2,7200,1.01054481547
546901,546913,547467,12,554,2,7200,1.02166064982
546916,546924,547447,8,523,2,7200,1.01529636711
546947,546954,547493,7,539,2,7200,1.01298701299
546977,546984,547569,7,585,2,7200,1.01196581197
546992,546999,547525,7,526,2,7200,1.01330798479
547007,547013,547576,6,563,2,7200,1.01065719361
547022,547029,547536,7,507,2,7200,1.01380670611
547023,547036,547613,13,577,2,7200,1.02253032929
547056,547063,547620,7,557,2,7200,1.01256732496
547072,547078,547639,6,561,2,7200,1.01069518717
547087,547093,547662,6,569,2,7200,1.01054481547
547088,547100,547659,12,559,2,7200,1.02146690519
547104,547110,547689,6,579,2,7200,1.0103626943
547105,547117,547675,12,558,2,7200,1.02150537634
547106,547122,547691,16,569,2,7200,1.02811950791
547121,547128,547642,7,514,2,7200,1.01361867704
547157,547165,547736,8,571,2,7200,1.01401050788
547173,547179,547701,6,522,2,7200,1.01149425287
547174,547185,547743,11,558,2,7200,1.01971326165
547189,547195,547759,6,564,2,7200,1.01063829787
547190,547202,547773,12,571,2,7200,1.02101576182
547192,547207,547796,15,589,2,7200,1.02546689304
547207,547214,547793,7,579,2,7200,1.01208981002
547222,547229,547726,7,497,2,7200,1.01408450704
547223,547235,547795,12,560,2,7200,1.02142857143
547239,547245,547802,6,557,2,7200,1.01077199282
547240,547253,547821,13,568,2,7200,1.02288732394
547258,547264,547822,6,558,2,7200,1.01075268817
547273,547280,547826,7,546,2,7200,1.01282051282
547288,547294,547857,6,563,2,7200,1.01065719361
547312,547319,547886,7,567,2,7200,1.01234567901
547355,547362,547909,7,547,2,7200,1.01279707495
547382,547389,547963,7,574,2,7200,1.01219512195
547397,547404,547964,7,560,2,7200,1.0125
547415,547422,548005,7,583,2,7200,1.01200686106
547417,547429,547994,12,565,2,7200,1.02123893805
547432,547438,548004,6,566,2,7200,1.01060070671
547447,547453,548021,6,568,2,7200,1.01056338028
547462,547470,548030,8,560,2,7200,1.01428571429
547464,547477,548062,13,585,2,7200,1.02222222222
547479,547485,548032,6,547,2,7200,1.01096892139
547480,547491,548062,11,571,2,7200,1.01926444834
547495,547502,548073,7,571,2,7200,1.0122591944
547525,547532,548105,7,573,2,7200,1.01221640489
547540,547547,548130,7,583,2,7200,1.01200686106
547570,547578,548139,8,561,2,7200,1.01426024955
547585,547593,548084,8,491,2,7200,1.01629327902
547616,547622,548134,6,512,2,7200,1.01171875
547631,547637,548190,6,553,2,7200,1.01084990958
547646,547653,548219,7,566,2,7200,1.01236749117
547647,547659,548192,12,533,2,7200,1.02251407129
547663,547669,548195,6,526,2,7200,1.01140684411
547664,547676,548190,12,514,2,7200,1.0233463035
547679,547686,548251,7,565,2,7200,1.01238938053
547695,547702,548261,7,559,2,7200,1.01252236136
547696,547709,548274,13,565,2,7200,1.02300884956
547711,547717,548263,6,546,2,7200,1.01098901099
547729,547735,548297,6,562,2,7200,1.01067615658
547745,547751,548321,6,570,2,7200,1.01052631579
547746,547757,548319,11,562,2,7200,1.01957295374
547761,547767,548333,6,566,2,7200,1.01060070671
547776,547783,548355,7,572,2,7200,1.01223776224
547795,547801,548368,6,567,2,7200,1.01058201058
547797,547808,548330,11,522,2,7200,1.02107279693
547812,547819,548355,7,536,2,7200,1.01305970149
547813,547825,548397,12,572,2,7200,1.02097902098
547829,547836,548411,7,575,2,7200,1.01217391304
547830,547843,548414,13,571,2,7200,1.02276707531
547832,547848,548422,16,574,2,7200,1.02787456446
547859,547866,548417,7,551,2,7200,1.01270417423
547890,547896,548461,6,565,2,7200,1.01061946903
547911,547917,548433,6,516,2,7200,1.01162790698
547966,547972,548538,6,566,2,7200,1.01060070671
547967,547980,548562,13,582,2,7200,1.02233676976
547994,548001,548526,7,525,2,7200,1.01333333333
548010,548016,548552,6,536,2,7200,1.01119402985
548011,548023,548602,12,579,2,7200,1.0207253886
548027,548034,548568,7,534,2,7200,1.01310861423
548043,548050,548614,7,564,2,7200,1.01241134752
548044,548056,548544,12,488,2,7200,1.02459016393
548062,548069,548649,7,580,2,7200,1.01206896552
548064,548076,548630,12,554,2,7200,1.02166064982
548079,548086,548651,7,565,2,7200,1.01238938053
548094,548101,548668,7,567,2,7200,1.01234567901
548109,548116,548679,7,563,2,7200,1.01243339254
548133,548140,548706,7,566,2,7200,1.01236749117
548148,548155,548727,7,572,2,7200,1.01223776224
548150,548163,548744,13,581,2,7200,1.02237521515
548193,548200,548755,7,555,2,7200,1.01261261261
548194,548207,548765,13,558,2,7200,1.02329749104
548196,548212,548773,16,561,2,7200,1.02852049911
548211,548219,548740,8,521,2,7200,1.01535508637
548226,548233,548803,7,570,2,7200,1.01228070175
548253,548260,548837,7,577,2,7200,1.01213171577
548268,548275,548820,7,545,2,7200,1.0128440367
548270,548281,548859,11,578,2,7200,1.01903114187
548285,548291,548858,6,567,2,7200,1.01058201058
548300,548306,548867,6,561,2,7200,1.01069518717
548321,548329,548899,8,570,2,7200,1.01403508772
548323,548334,548920,11,586,2,7200,1.01877133106
548338,548344,548929,6,585,2,7200,1.01025641026
548340,548352,548906,12,554,2,7200,1.02166064982
548358,548365,548943,7,578,2,7200,1.01211072664
548359,548372,548932,13,560,2,7200,1.02321428571
548374,548380,548891,6,511,2,7200,1.01174168297
548398,548405,548969,7,564,2,7200,1.01241134752
548414,548421,548978,7,557,2,7200,1.01256732496
548429,548436,548999,7,563,2,7200,1.01243339254
548430,548443,549006,13,563,2,7200,1.02309058615
548432,548448,549017,16,569,2,7200,1.02811950791
548447,548455,548998,8,543,2,7200,1.01473296501
548465,548471,549049,6,578,2,7200,1.01038062284
548529,548535,549105,6,570,2,7200,1.01052631579
548544,548550,549098,6,548,2,7200,1.01094890511
548559,548565,549131,6,566,2,7200,1.01060070671
548561,548571,549150,10,579,2,7200,1.01727115717
548576,548583,549121,7,538,2,7200,1.01301115242
548577,548590,549088,13,498,2,7200,1.02610441767
548604,548611,549178,7,567,2,7200,1.01234567901
548619,548626,549210,7,584,2,7200,1.01198630137
548634,548642,549175,8,533,2,7200,1.01500938086
548653,548659,549225,6,566,2,7200,1.01060070671
548654,548667,549245,13,578,2,7200,1.02249134948
548669,548675,549222,6,547,2,7200,1.01096892139
548684,548691,549252,7,561,2,7200,1.01247771836
548708,548716,549277,8,561,2,7200,1.01426024955
548730,548737,549315,7,578,2,7200,1.01211072664
548745,548751,549321,6,570,2,7200,1.01052631579
548746,548758,549327,12,569,2,7200,1.02108963093
548761,548769,549336,8,567,2,7200,1.01410934744
548777,548783,549348,6,565,2,7200,1.01061946903
548778,548790,549351,12,561,2,7200,1.02139037433
548805,548811,549339,6,528,2,7200,1.01136363636
548823,548831,549394,8,563,2,7200,1.01420959147
548838,548846,549388,8,542,2,7200,1.0147601476
548860,548867,549443,7,576,2,7200,1.01215277778
548861,548874,549438,13,564,2,7200,1.02304964539
548876,548884,549405,8,521,2,7200,1.01535508637
548895,548901,549468,6,567,2,7200,1.01058201058
548910,548917,549401,7,484,2,7200,1.01446280992
548911,548923,549467,12,544,2,7200,1.02205882353
548926,548932,549496,6,564,2,7200,1.01063829787
548942,548948,549504,6,556,2,7200,1.01079136691
548943,548955,549497,12,542,2,7200,1.0221402214
548958,548966,549547,8,581,2,7200,1.01376936317
548973,548980,549545,7,565,2,7200,1.01238938053
548988,548996,549561,8,565,2,7200,1.01415929204
549004,549010,549590,6,580,2,7200,1.01034482759
549005,549016,549600,11,584,2,7200,1.01883561644
549021,549028,549556,7,528,2,7200,1.01325757576
549022,549035,549597,13,562,2,7200,1.0231316726
549052,549058,549576,6,518,2,7200,1.01158301158
549089,549095,549662,6,567,2,7200,1.01058201058
549104,549110,549682,6,572,2,7200,1.01048951049
549119,549126,549688,7,562,2,7200,1.01245551601
549134,549141,549710,7,569,2,7200,1.01230228471
549136,549148,549720,12,572,2,7200,1.02097902098
549151,549158,549691,7,533,2,7200,1.01313320826
549179,549185,549759,6,574,2,7200,1.01045296167
549181,549192,549727,11,535,2,7200,1.02056074766
549211,549218,549774,7,556,2,7200,1.01258992806
549227,549233,549796,6,563,2,7200,1.01065719361
549228,549241,549769,13,528,2,7200,1.02462121212
549246,549253,549788,7,535,2,7200,1.01308411215
549261,549267,549831,6,564,2,7200,1.01063829787
549280,549286,549856,6,570,2,7200,1.01052631579
549319,549326,549892,7,566,2,7200,1.01236749117
549334,549341,549861,7,520,2,7200,1.01346153846
549336,549348,549877,12,529,2,7200,1.02268431002
549351,549358,549913,7,555,2,7200,1.01261261261
549353,549365,549877,12,512,2,7200,1.0234375
549354,549370,549937,16,567,2,7200,1.02821869489
549356,549376,549935,20,559,2,7200,1.03577817531
549389,549395,549928,6,533,2,7200,1.01125703565
549405,549412,549911,7,499,2,7200,1.01402805611
549406,549419,549983,13,564,2,7200,1.02304964539
549408,549424,550004,16,580,2,7200,1.0275862069
549441,549447,550011,6,564,2,7200,1.01063829787
549456,549462,550000,6,538,2,7200,1.01115241636
549471,549478,550054,7,576,2,7200,1.01215277778
549473,549485,550033,12,548,2,7200,1.02189781022
549497,549503,550055,6,552,2,7200,1.01086956522
549498,549510,550052,12,542,2,7200,1.0221402214
549514,549521,550092,7,571,2,7200,1.0122591944
549548,549556,550121,8,565,2,7200,1.01415929204
549550,549563,550131,13,568,2,7200,1.02288732394
549565,549572,550136,7,564,2,7200,1.01241134752
549567,549580,550160,13,580,2,7200,1.0224137931
549584,549591,550165,7,574,2,7200,1.01219512195
549599,549605,550172,6,567,2,7200,1.01058201058
549600,549612,550190,12,578,2,7200,1.02076124567
549615,549622,550160,7,538,2,7200,1.01301115242
549664,549671,550181,7,510,2,7200,1.0137254902
549686,549693,550248,7,555,2,7200,1.01261261261
549701,549707,550271,6,564,2,7200,1.01063829787
549703,549714,550272,11,558,2,7200,1.01971326165
549718,549724,550286,6,562,2,7200,1.01067615658
549733,549740,550310,7,570,2,7200,1.01228070175
549734,549746,550322,12,576,2,7200,1.02083333333
549762,549769,550329,7,560,2,7200,1.0125
549777,549784,550365,7,581,2,7200,1.01204819277
549778,549791,550360,13,569,2,7200,1.02284710018
549793,549800,550368,7,568,2,7200,1.01232394366
549808,549814,550367,6,553,2,7200,1.01084990958
549833,549839,550420,6,581,2,7200,1.01032702238
549857,549863,550389,6,526,2,7200,1.01140684411
549872,549879,550456,7,577,2,7200,1.01213171577
549887,549893,550448,6,555,2,7200,1.01081081081
549888,549900,550468,12,568,2,7200,1.02112676056
549904,549910,550414,6,504,2,7200,1.0119047619
549919,549926,550503,7,577,2,7200,1.01213171577
549920,549932,550499,12,567,2,7200,1.02116402116
549936,549942,550492,6,550,2,7200,1.01090909091
549937,549949,550499,12,550,2,7200,1.02181818182
549952,549960,550519,8,559,2,7200,1.01431127013
549986,549993,550571,7,578,2,7200,1.01211072664
550001,550007,550572,6,565,2,7200,1.01061946903
550016,550023,550598,7,575,2,7200,1.01217391304
550018,550030,550592,12,562,2,7200,1.02135231317
550036,550042,550579,6,537,2,7200,1.01117318436
550054,550061,550642,7,581,2,7200,1.01204819277
550056,550068,550633,12,565,2,7200,1.02123893805
550071,550077,550614,6,537,2,7200,1.01117318436
550095,550102,550667,7,565,2,7200,1.01238938053
550123,550129,550624,6,495,2,7200,1.01212121212
550138,550145,550708,7,563,2,7200,1.01243339254
550139,550152,550729,13,577,2,7200,1.02253032929
550164,550170,550742,6,572,2,7200,1.01048951049
550166,550177,550742,11,565,2,7200,1.01946902655
550181,550187,550756,6,569,2,7200,1.01054481547
550182,550194,550763,12,569,2,7200,1.02108963093
550198,550205,550748,7,543,2,7200,1.01289134438
550199,550211,550780,12,569,2,7200,1.02108963093
550251,550257,550827,6,570,2,7200,1.01052631579
550275,550282,550849,7,567,2,7200,1.01234567901
550277,550289,550864,12,575,2,7200,1.02086956522
550292,550298,550819,6,521,2,7200,1.01151631478
550313,550320,550871,7,551,2,7200,1.01270417423
550329,550335,550901,6,566,2,7200,1.01060070671
550344,550350,550915,6,565,2,7200,1.01061946903
550362,550368,550923,6,555,2,7200,1.01081081081
550377,550384,550935,7,551,2,7200,1.01270417423
550379,550390,550896,11,506,2,7200,1.02173913043
550380,550396,550958,16,562,2,7200,1.02846975089
550395,550403,550958,8,555,2,7200,1.01441441441
550417,550423,550951,6,528,2,7200,1.01136363636
550432,550438,551002,6,564,2,7200,1.01063829787
550447,550454,551018,7,564,2,7200,1.01241134752
550462,550469,551029,7,560,2,7200,1.0125
550477,550484,550992,7,508,2,7200,1.01377952756
550495,550502,551057,7,555,2,7200,1.01261261261
550511,550518,551081,7,563,2,7200,1.01243339254
550512,550524,551098,12,574,2,7200,1.02090592334
550514,550530,551087,16,557,2,7200,1.02872531418
550529,550537,551037,8,500,2,7200,1.016
550571,550579,551146,8,567,2,7200,1.01410934744
550587,550594,551117,7,523,2,7200,1.01338432122
550588,550601,551167,13,566,2,7200,1.02296819788
550603,550610,551153,7,543,2,7200,1.01289134438
550605,550617,551184,12,567,2,7200,1.02116402116
550620,550627,551173,7,546,2,7200,1.01282051282
550635,550642,551219,7,577,2,7200,1.01213171577
550637,550649,551187,12,538,2,7200,1.02230483271
550652,550658,551187,6,529,2,7200,1.01134215501
550670,550677,551240,7,563,2,7200,1.01243339254
550710,550716,551277,6,561,2,7200,1.01069518717
550731,550737,551257,6,520,2,7200,1.01153846154
550746,550753,551312,7,559,2,7200,1.01252236136
550748,550759,551251,11,492,2,7200,1.02235772358
550763,550769,551308,6,539,2,7200,1.01113172542
550765,550776,551343,11,567,2,7200,1.01940035273
550766,550781,551310,15,529,2,7200,1.02835538752
550781,550788,551356,7,568,2,7200,1.01232394366
550821,550828,551396,7,568,2,7200,1.01232394366
550836,550843,551364,7,521,2,7200,1.01343570058
550851,550857,551422,6,565,2,7200,1.01061946903
550866,550872,551402,6,530,2,7200,1.01132075472
550881,550888,551375,7,487,2,7200,1.01437371663
550899,550905,551448,6,543,2,7200,1.01104972376
550914,550921,551462,7,541,2,7200,1.01293900185
550929,550935,551514,6,579,2,7200,1.0103626943
550931,550942,551509,11,567,2,7200,1.01940035273
550946,550952,551518,6,566,2,7200,1.01060070671
550961,550967,551542,6,575,2,7200,1.01043478261
550963,550974,551554,11,580,2,7200,1.01896551724
550964,550979,551542,15,563,2,7200,1.02664298401
550994,551002,551570,8,568,2,7200,1.01408450704
551009,551017,551587,8,570,2,7200,1.01403508772
551024,551030,551570,6,540,2,7200,1.01111111111
551040,551046,551608,6,562,2,7200,1.01067615658
551041,551053,551621,12,568,2,7200,1.02112676056
551059,551066,551633,7,567,2,7200,1.01234567901
551080,551087,551649,7,562,2,7200,1.01245551601
551095,551102,551668,7,566,2,7200,1.01236749117
551110,551116,551677,6,561,2,7200,1.01069518717
551125,551132,551692,7,560,2,7200,1.0125
551150,551157,551698,7,541,2,7200,1.01293900185
551164,551171,551704,7,533,2,7200,1.01313320826
551180,551187,551752,7,565,2,7200,1.01238938053
551181,551194,551762,13,568,2,7200,1.02288732394
551196,551203,551734,7,531,2,7200,1.0131826742
551198,551209,551754,11,545,2,7200,1.02018348624
551199,551215,551783,16,568,2,7200,1.02816901408
551220,551227,551795,7,568,2,7200,1.01232394366
551242,551248,551795,6,547,2,7200,1.01096892139
551257,551263,551829,6,566,2,7200,1.01060070671
551258,551270,551839,12,569,2,7200,1.02108963093
551279,551287,551751,8,464,2,7200,1.01724137931
551310,551317,551876,7,559,2,7200,1.01252236136
551312,551323,551895,11,572,2,7200,1.01923076923
551327,551333,551913,6,580,2,7200,1.01034482759
551345,551352,551907,7,555,2,7200,1.01261261261
551360,551366,551943,6,577,2,7200,1.01039861352
551375,551382,551952,7,570,2,7200,1.01228070175
551377,551389,551947,12,558,2,7200,1.02150537634
551398,551404,551963,6,559,2,7200,1.01073345259
551413,551420,551980,7,560,2,7200,1.0125
551428,551434,551991,6,557,2,7200,1.01077199282
551449,551457,552020,8,563,2,7200,1.01420959147
551465,551472,552039,7,567,2,7200,1.01234567901
551510,551516,552078,6,562,2,7200,1.01067615658
551525,551532,552107,7,575,2,7200,1.01217391304
551526,551539,552119,13,580,2,7200,1.0224137931
551545,551551,552134,6,583,2,7200,1.0102915952
551546,551558,552113,12,555,2,7200,1.02162162162
551561,551569,552108,8,539,2,7200,1.01484230056
551577,551584,552144,7,560,2,7200,1.0125
551578,551590,552156,12,566,2,7200,1.02120141343
551593,551599,552160,6,561,2,7200,1.01069518717
551611,551617,552128,6,511,2,7200,1.01174168297
551626,551632,552173,6,541,2,7200,1.01109057301
551641,551647,552210,6,563,2,7200,1.01065719361
551656,551662,552199,6,537,2,7200,1.01117318436
551671,551678,552205,7,527,2,7200,1.01328273245
551686,551693,552247,7,554,2,7200,1.01263537906
551701,551709,552274,8,565,2,7200,1.01415929204
551703,551716,552284,13,568,2,7200,1.02288732394
551718,551724,552291,6,567,2,7200,1.01058201058
551736,551743,552313,7,570,2,7200,1.01228070175
551752,551759,552320,7,561,2,7200,1.01247771836
551767,551773,552338,6,565,2,7200,1.01061946903
551768,551780,552355,12,575,2,7200,1.02086956522
551770,551785,552336,15,551,2,7200,1.02722323049
551785,551792,552366,7,574,2,7200,1.01219512195
551800,551806,552349,6,543,2,7200,1.01104972376
551802,551814,552355,12,541,2,7200,1.02218114603
551832,551839,552379,7,540,2,7200,1.01296296296
551847,551853,552382,6,529,2,7200,1.01134215501
551877,551884,552457,7,573,2,7200,1.01221640489
551898,551906,552404,8,498,2,7200,1.01606425703
551913,551920,552501,7,581,2,7200,1.01204819277
551915,551927,552486,12,559,2,7200,1.02146690519
551942,551949,552525,7,576,2,7200,1.01215277778
551957,551964,552512,7,548,2,7200,1.01277372263
551959,551971,552544,12,573,2,7200,1.02094240838
551974,551980,552521,6,541,2,7200,1.01109057301
551989,551995,552530,6,535,2,7200,1.01121495327
552004,552011,552552,7,541,2,7200,1.01293900185
552022,552029,552573,7,544,2,7200,1.01286764706
552040,552047,552605,7,558,2,7200,1.01254480287
552080,552086,552653,6,567,2,7200,1.01058201058
552110,552116,552635,6,519,2,7200,1.01156069364
552112,552123,552690,11,567,2,7200,1.01940035273
552127,552134,552697,7,563,2,7200,1.01243339254
552128,552141,552702,13,561,2,7200,1.02317290553
552144,552151,552716,7,565,2,7200,1.01238938053
552145,552158,552723,13,565,2,7200,1.02300884956
552147,552163,552714,16,551,2,7200,1.02903811252
552162,552169,552730,7,561,2,7200,1.01247771836
552163,552175,552734,12,559,2,7200,1.02146690519
552178,552185,552747,7,562,2,7200,1.01245551601
552199,552206,552730,7,524,2,7200,1.01335877863
552215,552221,552751,6,530,2,7200,1.01132075472
552216,552228,552793,12,565,2,7200,1.02123893805
552249,552256,552825,7,569,2,7200,1.01230228471
552277,552283,552831,6,548,2,7200,1.01094890511
552292,552298,552787,6,489,2,7200,1.01226993865
552293,552305,552843,12,538,2,7200,1.02230483271
552315,552322,552888,7,566,2,7200,1.01236749117
552330,552336,552907,6,571,2,7200,1.01050788091
552345,552352,552921,7,569,2,7200,1.01230228471
552347,552359,552913,12,554,2,7200,1.02166064982
552362,552369,552873,7,504,2,7200,1.01388888889
552364,552376,552937,12,561,2,7200,1.02139037433
552365,552382,552953,17,571,2,7200,1.02977232925
552380,552388,552967,8,579,2,7200,1.01381692573
552382,552394,552958,12,564,2,7200,1.02127659574
552397,552403,552947,6,544,2,7200,1.01102941176
552412,552418,552982,6,564,2,7200,1.01063829787
552458,552465,553029,7,564,2,7200,1.01241134752
552488,552495,553069,7,574,2,7200,1.01219512195
552503,552509,553051,6,542,2,7200,1.0110701107
552518,552524,553049,6,525,2,7200,1.01142857143
552534,552540,553059,6,519,2,7200,1.01156069364
552535,552547,553077,12,530,2,7200,1.02264150943
552536,552552,553124,16,572,2,7200,1.02797202797
552551,552559,553127,8,568,2,7200,1.01408450704
552566,552572,553138,6,566,2,7200,1.01060070671
552581,552587,553151,6,564,2,7200,1.01063829787
552609,552615,553195,6,580,2,7200,1.01034482759
552636,552643,553201,7,558,2,7200,1.01254480287
552654,552661,553231,7,570,2,7200,1.01228070175
552657,552668,552794,11,126,2,3600,1.0873015873
552657,552673,552794,16,121,2,3600,1.13223140496
552658,552684,552794,26,110,2,3600,1.23636363636
552658,552679,552794,21,115,2,3600,1.18260869565
552659,552695,552794,36,99,2,3600,1.36363636364
552659,552700,552794,41,94,2,3600,1.43617021277
552659,552690,552794,31,104,2,3600,1.29807692308
552694,552708,553256,14,548,2,7200,1.02554744526
552709,552716,553292,7,576,2,7200,1.01215277778
552711,552723,553288,12,565,2,7200,1.02123893805
552726,552733,553243,7,510,2,7200,1.0137254902
552728,552741,553303,13,562,2,7200,1.0231316726
552729,552746,553285,17,539,2,7200,1.03153988868
552745,552753,553320,8,567,2,7200,1.01410934744
552746,552758,553325,12,567,2,7200,1.02116402116
552747,552766,553334,19,568,2,7200,1.03345070423
552762,552773,553322,11,549,2,7200,1.02003642987
552764,552778,553327,14,549,2,7200,1.02550091075
552788,552795,553340,7,545,2,7200,1.0128440367
552803,552810,553372,7,562,2,7200,1.01245551601
552824,552832,553380,8,548,2,7200,1.01459854015
552833,552845,554033,12,1188,2,3600,1.0101010101
552833,552851,554033,18,1182,2,3600,1.0152284264
552833,552840,554034,7,1194,2,3600,1.00586264657
552834,552858,554033,24,1175,2,3600,1.02042553191
552834,552863,554033,29,1170,2,3600,1.02478632479
552835,552869,554033,34,1164,2,3600,1.02920962199
552835,552874,554033,39,1159,2,3600,1.03364969802
552839,552880,553437,41,557,2,7200,1.07360861759
552854,552887,553451,33,564,2,7200,1.0585106383
552876,552892,553458,16,566,2,7200,1.02826855124
552891,552899,553482,8,583,2,7200,1.01372212693
552909,552915,553481,6,566,2,7200,1.01060070671
552924,552931,553498,7,567,2,7200,1.01234567901
552926,552938,553506,12,568,2,7200,1.02112676056
552941,552947,553486,6,539,2,7200,1.01113172542
552956,552964,553475,8,511,2,7200,1.0156555773
552958,552971,553517,13,546,2,7200,1.02380952381
552973,552979,553550,6,571,2,7200,1.01050788091
552975,552987,553558,12,571,2,7200,1.02101576182
552990,552997,553555,7,558,2,7200,1.01254480287
553029,553036,553579,7,543,2,7200,1.01289134438
553051,553057,553624,6,567,2,7200,1.01058201058
553066,553073,553641,7,568,2,7200,1.01232394366
553067,553080,553641,13,561,2,7200,1.02317290553
553083,553089,553657,6,568,2,7200,1.01056338028
553084,553095,553664,11,569,2,7200,1.01933216169
553127,553135,553666,8,531,2,7200,1.01506591337
553143,553149,553728,6,579,2,7200,1.0103626943
553144,553156,553673,12,517,2,7200,1.02321083172
553156,553163,553200,7,37,4,36000,1.18918918919
553159,553170,553716,11,546,2,7200,1.02014652015
553196,553203,553768,7,565,2,7200,1.01238938053
553211,553217,553788,6,571,2,7200,1.01050788091
553232,553239,553763,7,524,2,7200,1.01335877863
553247,553253,553819,6,566,2,7200,1.01060070671
553262,553270,553805,8,535,2,7200,1.01495327103
553264,553277,553305,13,28,4,36000,1.46428571429
553287,553294,553851,7,557,2,7200,1.01256732496
553302,553309,553873,7,564,2,7200,1.01241134752
553303,553316,553871,13,555,2,7200,1.02342342342
553318,553325,553899,7,574,2,7200,1.01219512195
553334,553342,553873,8,531,2,7200,1.01506591337
553336,553347,553892,11,545,2,7200,1.02018348624
553337,553354,553921,17,567,2,7200,1.02998236332
553338,553359,553922,21,563,2,7200,1.03730017762
553353,553365,553930,12,565,2,7200,1.02123893805
553355,553371,553930,16,559,2,7200,1.02862254025
553373,553379,553937,6,558,2,7200,1.01075268817
553388,553394,553945,6,551,2,7200,1.0108892922
553440,553446,554021,6,575,2,7200,1.01043478261
553455,553461,554032,6,571,2,7200,1.01050788091
553470,553476,554039,6,563,2,7200,1.01065719361
553486,553492,554011,6,519,2,7200,1.01156069364
553487,553499,554057,12,558,2,7200,1.02150537634
553489,553504,554011,15,507,2,7200,1.02958579882
553504,553510,554071,6,561,2,7200,1.01069518717
553506,553516,554078,10,562,2,7200,1.01779359431
553521,553527,554110,6,583,2,7200,1.0102915952
553523,553535,554108,12,573,2,7200,1.02094240838
553553,553559,554135,6,576,2,7200,1.01041666667
553568,553575,554147,7,572,2,7200,1.01223776224
553570,553582,554158,12,576,2,7200,1.02083333333
553585,553591,554136,6,545,2,7200,1.01100917431
553627,553633,554196,6,563,2,7200,1.01065719361
553643,553649,554158,6,509,2,7200,1.01178781925
553644,553657,554204,13,547,2,7200,1.02376599634
553659,553665,554228,6,563,2,7200,1.01065719361
553675,553682,554262,7,580,2,7200,1.01206896552
553676,553689,554250,13,561,2,7200,1.02317290553
553677,553694,554261,17,567,2,7200,1.02998236332
553717,553723,554292,6,569,2,7200,1.01054481547
553732,553738,554308,6,570,2,7200,1.01052631579
553766,553772,554317,6,545,2,7200,1.01100917431
553781,553787,554370,6,583,2,7200,1.0102915952
553796,553802,554352,6,550,2,7200,1.01090909091
553811,553817,554364,6,547,2,7200,1.01096892139
553826,553832,554346,6,514,2,7200,1.01167315175
553853,553859,554408,6,549,2,7200,1.01092896175
553875,553882,554451,7,569,2,7200,1.01230228471
553876,553889,554402,13,513,2,7200,1.0253411306
553878,553894,554459,16,565,2,7200,1.02831858407
553896,553902,554458,6,556,2,7200,1.01079136691
553911,553918,554450,7,532,2,7200,1.01315789474
553926,553933,554497,7,564,2,7200,1.01241134752
553927,553940,554511,13,571,2,7200,1.02276707531
553943,553949,554516,6,567,2,7200,1.01058201058
553945,553956,554525,11,569,2,7200,1.01933216169
553946,553961,554538,15,577,2,7200,1.0259965338
553961,553968,554532,7,564,2,7200,1.01241134752
553992,553999,554256,7,257,4,36000,1.02723735409
554013,554020,554580,7,560,2,7200,1.0125
554014,554027,554593,13,566,2,7200,1.02296819788
554029,554036,554614,7,578,2,7200,1.01211072664
554044,554051,554625,7,574,2,7200,1.01219512195
554046,554058,554610,12,552,2,7200,1.02173913043
554061,554068,554626,7,558,2,7200,1.01254480287
554076,554082,554621,6,539,2,7200,1.01113172542
554085,554092,554237,7,145,2,3600,1.04827586207
554085,554097,554237,12,140,2,3600,1.08571428571
554086,554114,554237,28,123,2,3600,1.22764227642
554086,554109,554237,23,128,2,3600,1.1796875
554086,554102,554237,16,135,2,3600,1.11851851852
554087,554125,554203,38,78,2,3600,1.48717948718
554087,554119,554224,32,105,2,3600,1.30476190476
554091,554130,554705,39,575,2,7200,1.06782608696
554109,554137,554704,28,567,2,7200,1.04938271605
554124,554142,554681,18,539,2,7200,1.03339517625
554140,554149,554666,9,517,2,7200,1.01740812379
554141,554154,554695,13,541,2,7200,1.02402957486
554156,554162,554711,6,549,2,7200,1.01092896175
554173,554179,554752,6,573,2,7200,1.01047120419
554175,554187,554734,12,547,2,7200,1.02193784278
554199,554205,554777,6,572,2,7200,1.01048951049
554214,554221,554801,7,580,2,7200,1.01206896552
554229,554235,554773,6,538,2,7200,1.01115241636
554253,554265,554832,12,567,2,7200,1.02116402116
554253,554259,557896,6,3637,2,3600,1.0016497113
554253,554270,554278,17,8,2,3600,2.5
554254,554277,554284,23,7,2,3600,3.0
554254,554282,554290,28,8,2,3600,3.6
554255,554298,557944,43,3646,2,3600,1.01179374657
554255,554293,554299,38,6,2,3600,4.4
554255,554287,554294,32,7,2,3600,3.9
554269,554303,554838,34,535,2,7200,1.06355140187
554270,554309,554872,39,563,2,7200,1.06927175844
554294,554316,554848,22,532,2,7200,1.04135338346
554309,554321,554886,12,565,2,7200,1.02123893805
554324,554331,554891,7,560,2,7200,1.0125
554349,554355,554932,6,577,2,7200,1.01039861352
554363,554370,554938,7,568,2,7200,1.01232394366
554367,554377,556329,10,1952,4,36000,1.00512295082
554379,554385,554953,6,568,2,7200,1.01056338028
554380,554391,554884,11,493,2,7200,1.02231237323
554402,554414,554611,12,197,2,3600,1.06091370558
554402,554419,554602,17,183,2,3600,1.09289617486
554402,554408,554659,6,251,2,3600,1.02390438247
554403,554426,554605,23,179,2,3600,1.12849162011
554404,554431,554567,27,136,2,3600,1.19852941176
554404,554442,554521,38,79,2,3600,1.48101265823
554404,554436,555001,32,565,2,7200,1.05663716814
554405,554447,554521,42,74,2,3600,1.56756756757
554419,554452,554978,33,526,2,7200,1.06273764259
554453,554460,555029,7,569,2,7200,1.01230228471
554454,554467,555027,13,560,2,7200,1.02321428571
554471,554478,555023,7,545,2,7200,1.0128440367
554473,554485,555064,12,579,2,7200,1.0207253886
554497,554503,555058,6,555,2,7200,1.01081081081
554515,554523,555081,8,558,2,7200,1.01433691756
554531,554537,555069,6,532,2,7200,1.01127819549
554532,554543,555109,11,566,2,7200,1.01943462898
554547,554553,555117,6,564,2,7200,1.01063829787
554548,554560,555150,12,590,2,7200,1.02033898305
554582,554589,555157,7,568,2,7200,1.01232394366
554597,554604,555171,7,567,2,7200,1.01234567901
554612,554619,555189,7,570,2,7200,1.01228070175
554627,554634,555171,7,537,2,7200,1.01303538175
554629,554641,555161,12,520,2,7200,1.02307692308
554630,554646,555175,16,529,2,7200,1.03024574669
554631,554651,555211,20,560,2,7200,1.03571428571
554668,554674,555232,6,558,2,7200,1.01075268817
554683,554690,555217,7,527,2,7200,1.01328273245
554698,554705,555250,7,545,2,7200,1.0128440367
554713,554720,555280,7,560,2,7200,1.0125
554715,554727,555285,12,558,2,7200,1.02150537634
554716,554732,555325,16,593,2,7200,1.02698145025
554737,554745,555316,8,571,2,7200,1.01401050788
554755,554762,555346,7,584,2,7200,1.01198630137
554774,554780,555329,6,549,2,7200,1.01092896175
554788,554796,555368,8,572,2,7200,1.01398601399
554803,554809,555397,6,588,2,7200,1.01020408163
554834,554841,555406,7,565,2,7200,1.01238938053
554849,554856,555409,7,553,2,7200,1.01265822785
554850,554862,555397,12,535,2,7200,1.02242990654
554875,554882,555446,7,564,2,7200,1.01241134752
554890,554896,555407,6,511,2,7200,1.01174168297
554891,554903,555413,12,510,2,7200,1.02352941176
554906,554912,555477,6,565,2,7200,1.01061946903
554934,554940,555513,6,573,2,7200,1.01047120419
554948,554956,555516,8,560,2,7200,1.01428571429
554963,554970,555511,7,541,2,7200,1.01293900185
554982,554989,555558,7,569,2,7200,1.01230228471
555003,555010,555578,7,568,2,7200,1.01232394366
555024,555031,555594,7,563,2,7200,1.01243339254
555039,555046,555615,7,569,2,7200,1.01230228471
555041,555052,555614,11,562,2,7200,1.01957295374
555059,555066,555604,7,538,2,7200,1.01301115242
555074,555080,555651,6,571,2,7200,1.01050788091
555076,555087,555655,11,568,2,7200,1.01936619718
555092,555098,555640,6,542,2,7200,1.0110701107
555113,555120,555651,7,531,2,7200,1.0131826742
555128,555135,555667,7,532,2,7200,1.01315789474
555152,555159,555673,7,514,2,7200,1.01361867704
555167,555174,555741,7,567,2,7200,1.01234567901
555168,555180,555748,12,568,2,7200,1.02112676056
555184,555191,555754,7,563,2,7200,1.01243339254
555185,555197,555746,12,549,2,7200,1.0218579235
555187,555203,555773,16,570,2,7200,1.02807017544
555202,555210,555785,8,575,2,7200,1.01391304348
555217,555224,555777,7,553,2,7200,1.01265822785
555232,555239,555785,7,546,2,7200,1.01282051282
555233,555245,555809,12,564,2,7200,1.02127659574
555252,555258,555823,6,565,2,7200,1.01061946903
555282,555288,555824,6,536,2,7200,1.01119402985
555297,555304,555849,7,545,2,7200,1.0128440367
555318,555326,555877,8,551,2,7200,1.01451905626
555333,555340,555906,7,566,2,7200,1.01236749117
555335,555346,555907,11,561,2,7200,1.01960784314
555350,555356,555922,6,566,2,7200,1.01060070671
555371,555377,555940,6,563,2,7200,1.01065719361
555399,555406,555951,7,545,2,7200,1.0128440367
555400,555413,555927,13,514,2,7200,1.02529182879
555415,555423,555987,8,564,2,7200,1.01418439716
555417,555430,555979,13,549,2,7200,1.02367941712
555418,555435,556009,17,574,2,7200,1.02961672474
555419,555440,556013,21,573,2,7200,1.03664921466
555447,555454,556019,7,565,2,7200,1.01238938053
555480,555488,556056,8,568,2,7200,1.01408450704
555501,555507,556044,6,537,1,7200,1.01117318436
555514,555520,556087,6,567,2,7200,1.01058201058
555515,555527,556066,12,539,2,7200,1.02226345083
555530,555536,556109,6,573,2,7200,1.01047120419
555561,555567,556136,6,569,2,7200,1.01054481547
555579,555586,556156,7,570,2,7200,1.01228070175
555597,555603,556185,6,582,2,7200,1.01030927835
555612,555619,556178,7,559,2,7200,1.01252236136
555627,555633,556178,6,545,2,7200,1.01100917431
555628,555640,556204,12,564,2,7200,1.02127659574
555644,555651,556221,7,570,2,7200,1.01228070175
555659,555665,556228,6,563,2,7200,1.01065719361
555661,555672,556124,11,452,2,7200,1.02433628319
555662,555677,556254,15,577,2,7200,1.0259965338
555677,555684,556245,7,561,2,7200,1.01247771836
555678,555691,556259,13,568,2,7200,1.02288732394
555742,555748,556314,6,566,2,7200,1.01060070671
555758,555764,556290,6,526,2,7200,1.01140684411
555759,555771,556326,12,555,2,7200,1.02162162162
555760,555776,556350,16,574,2,7200,1.02787456446
555775,555782,556329,7,547,2,7200,1.01279707495
555791,555797,556368,6,571,2,7200,1.01050788091
555792,555803,556342,11,539,2,7200,1.02040816327
555793,555809,556373,16,564,2,7200,1.02836879433
555811,555818,556395,7,577,2,7200,1.01213171577
555827,555833,556359,6,526,2,7200,1.01140684411
555828,555841,556402,13,561,2,7200,1.02317290553
555852,555858,556421,6,563,2,7200,1.01065719361
555880,555887,556455,7,568,2,7200,1.01232394366
555910,555917,556455,7,538,2,7200,1.01301115242
555912,555924,556490,12,566,2,7200,1.02120141343
555927,555933,556499,6,566,2,7200,1.01060070671
555942,555948,556517,6,569,2,7200,1.01054481547
555943,555955,556518,12,563,2,7200,1.02131438721
555958,555966,556531,8,565,2,7200,1.01415929204
555983,555990,556560,7,570,2,7200,1.01228070175
555998,556004,556567,6,563,2,7200,1.01065719361
556013,556020,556551,7,531,2,7200,1.0131826742
556014,556027,556582,13,555,2,7200,1.02342342342
556030,556036,556606,6,570,2,7200,1.01052631579
556057,556063,556620,6,557,2,7200,1.01077199282
556072,556078,556580,6,502,2,7200,1.01195219124
556087,556093,556662,6,569,2,7200,1.01054481547
556111,556117,556605,6,488,2,7200,1.01229508197
556126,556133,556700,7,567,2,7200,1.01234567901
556141,556147,556715,6,568,2,7200,1.01056338028
556156,556163,556745,7,582,2,7200,1.01202749141
556177,556183,556704,6,521,2,7200,1.01151631478
556192,556198,556768,6,570,2,7200,1.01052631579
556194,556205,556759,11,554,2,7200,1.01985559567
556209,556216,556753,7,537,2,7200,1.01303538175
556224,556230,556788,6,558,2,7200,1.01075268817
556239,556246,556817,7,571,2,7200,1.0122591944
556254,556261,556823,7,562,2,7200,1.01245551601
556255,556268,556832,13,564,2,7200,1.02304964539
556271,556278,556821,7,543,2,7200,1.01289134438
556292,556298,556878,6,580,2,7200,1.01034482759
556316,556323,556858,7,535,2,7200,1.01308411215
556331,556338,556900,7,562,2,7200,1.01245551601
556333,556345,556912,12,567,2,7200,1.02116402116
556348,556355,556927,7,572,2,7200,1.01223776224
556363,556370,556933,7,563,2,7200,1.01243339254
556365,556377,556945,12,568,2,7200,1.02112676056
556380,556386,556953,6,567,2,7200,1.01058201058
556381,556393,556952,12,559,2,7200,1.02146690519
556396,556404,556941,8,537,2,7200,1.01489757914
556411,556418,556924,7,506,2,7200,1.01383399209
556419,556425,565611,6,9186,4,36000,1.00065316786
556426,556433,557011,7,578,2,7200,1.01211072664
556432,556440,557457,8,1017,1,7200,1.00786627335
556457,556463,556969,6,506,2,7200,1.01185770751
556458,556470,556974,12,504,2,7200,1.02380952381
556492,556498,557037,6,539,2,7200,1.01113172542
556507,556513,557091,6,578,2,7200,1.01038062284
556522,556529,557082,7,553,2,7200,1.01265822785
556524,556536,557102,12,566,2,7200,1.02120141343
556539,556545,557112,6,567,2,7200,1.01058201058
556554,556560,557116,6,556,2,7200,1.01079136691
556569,556575,557134,6,559,2,7200,1.01073345259
556571,556583,557151,12,568,2,7200,1.02112676056
556586,556593,557048,7,455,2,7200,1.01538461538
556587,556599,557165,12,566,2,7200,1.02120141343
556606,556613,557190,7,577,2,7200,1.01213171577
556607,556620,557179,13,559,2,7200,1.02325581395
556623,556630,557196,7,566,2,7200,1.01236749117
556665,556672,557174,7,502,2,7200,1.01394422311
556702,556708,557277,6,569,2,7200,1.01054481547
556717,556723,557272,6,549,2,7200,1.01092896175
556718,556729,557279,11,550,2,7200,1.02
556743,556750,557323,7,573,2,7200,1.01221640489
556758,556764,557298,6,534,2,7200,1.01123595506
556773,556780,557345,7,565,2,7200,1.01238938053
556775,556786,557315,11,529,2,7200,1.02079395085
556790,556796,557366,6,570,2,7200,1.01052631579
556820,556827,557389,7,562,2,7200,1.01245551601
556836,556842,557400,6,558,2,7200,1.01075268817
556837,556848,557346,11,498,2,7200,1.02208835341
556839,556854,557359,15,505,2,7200,1.0297029703
556860,556866,557401,6,535,2,7200,1.01121495327
556881,556888,557367,7,479,2,7200,1.01461377871
556903,556909,557489,6,580,2,7200,1.01034482759
556918,556924,557501,6,577,2,7200,1.01039861352
556933,556940,557457,7,517,2,7200,1.01353965184
556935,556947,557502,12,555,2,7200,1.02162162162
556936,556952,557517,16,565,2,7200,1.02831858407
556952,556959,557519,7,560,2,7200,1.0125
556953,556966,557523,13,557,2,7200,1.02333931777
556955,556971,557529,16,558,2,7200,1.02867383513
556970,556977,557534,7,557,2,7200,1.01256732496
556972,556983,557542,11,559,2,7200,1.01967799642
556986,556993,557509,7,516,2,7200,1.01356589147
557014,557020,557599,6,579,2,7200,1.0103626943
557038,557045,557599,7,554,2,7200,1.01263537906
557053,557059,557564,6,505,2,7200,1.01188118812
557083,557090,557652,7,562,2,7200,1.01245551601
557098,557105,557662,7,557,2,7200,1.01256732496
557114,557121,557660,7,539,2,7200,1.01298701299
557116,557133,557697,17,564,2,7200,1.03014184397
557120,557127,561438,7,4311,4,28800,1.00162375319
557131,557139,557710,8,571,2,7200,1.01401050788
557146,557152,557721,6,569,2,7200,1.01054481547
557161,557167,557742,6,575,2,7200,1.01043478261
557176,557182,557746,6,564,2,7200,1.01063829787
557178,557189,557761,11,572,2,7200,1.01923076923
557193,557200,557716,7,516,2,7200,1.01356589147
557194,557207,557729,13,522,2,7200,1.02490421456
557209,557216,557790,7,574,2,7200,1.01219512195
557273,557280,557802,7,522,2,7200,1.01340996169
557288,557295,557867,7,572,2,7200,1.01223776224
557290,557301,557858,11,557,2,7200,1.0197486535
557305,557311,557815,6,504,2,7200,1.0119047619
557320,557326,557908,6,582,2,7200,1.01030927835
557335,557341,557902,6,561,2,7200,1.01069518717
557350,557357,557931,7,574,2,7200,1.01219512195
557352,557364,557925,12,561,2,7200,1.02139037433
557367,557374,557952,7,578,2,7200,1.01211072664
557369,557381,557946,12,565,2,7200,1.02123893805
557370,557386,557939,16,553,2,7200,1.02893309222
557391,557399,557928,8,529,2,7200,1.01512287335
557407,557413,557976,6,563,2,7200,1.01065719361
557408,557420,557987,12,567,2,7200,1.02116402116
557459,557467,558036,8,569,2,7200,1.01405975395
557490,557496,558053,6,557,2,7200,1.01077199282
557497,557503,557667,6,164,1,7200,1.03658536585
557505,557512,558078,7,566,2,7200,1.01236749117
557507,557520,558082,13,562,2,7200,1.0231316726
557522,557529,558093,7,564,2,7200,1.01241134752
557524,557536,558101,12,565,2,7200,1.02123893805
557525,557541,558105,16,564,2,7200,1.02836879433
557541,557548,558117,7,569,2,7200,1.01230228471
557542,557555,558121,13,566,2,7200,1.02296819788
557544,557560,558123,16,563,2,7200,1.02841918295
557559,557566,558132,7,566,2,7200,1.01236749117
557574,557581,558109,7,528,2,7200,1.01325757576
557601,557607,558173,6,566,2,7200,1.01060070671
557603,557614,558105,11,491,2,7200,1.02240325866
557654,557660,558224,6,564,2,7200,1.01063829787
557669,557676,558239,7,563,2,7200,1.01243339254
557671,557683,558236,12,553,2,7200,1.02169981917
557679,557691,558191,12,500,1,7200,1.024
557698,557704,558281,6,577,2,7200,1.01039861352
557713,557720,558306,7,586,2,7200,1.01194539249
557729,557735,558314,6,579,2,7200,1.0103626943
557730,557742,558226,12,484,2,7200,1.02479338843
557732,557747,558317,15,570,2,7200,1.02631578947
557748,557755,558301,7,546,2,7200,1.01282051282
557749,557762,558328,13,566,2,7200,1.02296819788
557764,557771,558331,7,560,2,7200,1.0125
557791,557799,558367,8,568,2,7200,1.01408450704
557807,557813,558371,6,558,2,7200,1.01075268817
557822,557828,558336,6,508,2,7200,1.01181102362
557861,557867,558375,6,508,2,7200,1.01181102362
557876,557882,558448,6,566,2,7200,1.01060070671
557903,557910,558479,7,569,2,7200,1.01230228471
557918,557925,558468,7,543,2,7200,1.01289134438
557934,557940,558473,6,533,2,7200,1.01125703565
557935,557947,558533,12,586,2,7200,1.0204778157
557936,557952,558524,16,572,2,7200,1.02797202797
557952,557959,558507,7,548,2,7200,1.01277372263
557953,557966,558530,13,564,2,7200,1.02304964539
557968,557975,558533,7,558,2,7200,1.01254480287
557983,557989,558551,6,562,2,7200,1.01067615658
557998,558004,558577,6,573,2,7200,1.01047120419
558037,558044,558571,7,527,2,7200,1.01328273245
558056,558062,558575,6,513,2,7200,1.01169590643
558080,558087,558667,7,580,2,7200,1.01206896552
558095,558102,558672,7,570,2,7200,1.01228070175
558096,558109,558562,13,453,2,7200,1.02869757174
558112,558119,558694,7,575,2,7200,1.01217391304
558114,558125,558664,11,539,2,7200,1.02040816327
558115,558131,558691,16,560,2,7200,1.02857142857
558116,558136,558701,20,565,2,7200,1.03539823009
558132,558143,558689,11,546,2,7200,1.02014652015
558133,558148,558710,15,562,2,7200,1.02669039146
558135,558153,558689,18,536,2,7200,1.03358208955
558150,558160,558718,10,558,2,7200,1.01792114695
558175,558181,558721,6,540,2,7200,1.01111111111
558227,558233,558787,6,554,2,7200,1.01083032491
558228,558241,558778,13,537,2,7200,1.02420856611
558243,558250,558817,7,567,2,7200,1.01234567901
558245,558257,558836,12,579,2,7200,1.0207253886
558252,558264,558282,12,18,1,7200,1.66666666667
558263,558270,559398,7,1128,1,7200,1.00620567376
558284,558291,558819,7,528,2,7200,1.01325757576
558302,558308,558886,6,578,2,7200,1.01038062284
558318,558324,558847,6,523,2,7200,1.01147227533
558319,558331,558893,12,562,2,7200,1.02135231317
558320,558336,558910,16,574,2,7200,1.02787456446
558336,558342,558870,6,528,2,7200,1.01136363636
558337,558349,558834,12,485,2,7200,1.02474226804
558339,558354,558933,15,579,2,7200,1.02590673575
558369,558376,558916,7,540,2,7200,1.01296296296
558384,558391,558951,7,560,2,7200,1.0125
558386,558398,558929,12,531,2,7200,1.02259887006
558450,558457,558999,7,542,2,7200,1.01291512915
558471,558477,559036,6,559,2,7200,1.01073345259
558486,558493,559011,7,518,2,7200,1.01351351351
558487,558499,558999,12,500,2,7200,1.024
558508,558515,559096,7,581,2,7200,1.01204819277
558527,558534,559065,7,531,2,7200,1.0131826742
558542,558549,559121,7,572,2,7200,1.01223776224
558543,558555,559124,12,569,2,7200,1.02108963093
558545,558561,559123,16,562,2,7200,1.02846975089
558560,558568,559144,8,576,2,7200,1.01388888889
558575,558581,559137,6,556,2,7200,1.01079136691
558577,558588,559143,11,555,2,7200,1.01981981982
558592,558599,559131,7,532,2,7200,1.01315789474
558593,558605,559171,12,566,2,7200,1.02120141343
558666,558672,559238,6,566,2,7200,1.01060070671
558681,558688,559271,7,583,2,7200,1.01200686106
558683,558694,559243,11,549,2,7200,1.02003642987
558698,558705,559286,7,581,2,7200,1.01204819277
558700,558713,559281,13,568,2,7200,1.02288732394
558701,558718,559286,17,568,2,7200,1.02992957746
558703,558723,559290,20,567,2,7200,1.03527336861
558718,558730,559294,12,564,2,7200,1.02127659574
558719,558735,559288,16,553,2,7200,1.02893309222
558721,558740,559237,19,497,2,7200,1.03822937626
558736,558746,559291,10,545,2,7200,1.01834862385
558778,558785,559344,7,559,2,7200,1.01252236136
558793,558799,559299,6,500,2,7200,1.012
558818,558824,559393,6,569,2,7200,1.01054481547
558833,558840,559342,7,502,2,7200,1.01394422311
558848,558855,559399,7,544,2,7200,1.01286764706
558849,558862,559426,13,564,2,7200,1.02304964539
558850,558867,559426,17,559,2,7200,1.03041144902
558872,558879,559446,7,567,2,7200,1.01234567901
558887,558894,559458,7,564,2,7200,1.01241134752
558902,558908,559472,6,564,2,7200,1.01063829787
558917,558924,559452,7,528,2,7200,1.01325757576
558919,558930,559499,11,569,2,7200,1.01933216169
558934,558941,559516,7,575,2,7200,1.01217391304
558936,558948,559513,12,565,2,7200,1.02123893805
558954,558960,559537,6,577,2,7200,1.01039861352
559003,559010,559537,7,527,2,7200,1.01328273245
559004,559017,559536,13,519,2,7200,1.02504816956
559019,559025,559561,6,536,2,7200,1.01119402985
559037,559044,559624,7,580,2,7200,1.01206896552
559050,559056,559096,6,40,1,7200,1.15
559067,559075,559645,8,570,2,7200,1.01403508772
559098,559104,559669,6,565,2,7200,1.01061946903
559123,559131,559603,8,472,1,7200,1.01694915254
559125,559138,559703,13,565,2,7200,1.02300884956
559127,559143,559698,16,555,2,7200,1.02882882883
559128,559148,559714,20,566,2,7200,1.03533568905
559144,559156,559743,12,587,2,7200,1.02044293015
559145,559161,559732,16,571,2,7200,1.02802101576
559146,559166,559752,20,586,2,7200,1.03412969283
559161,559173,559728,12,555,2,7200,1.02162162162
559176,559183,559763,7,580,2,7200,1.01206896552
559241,559248,559816,7,568,2,7200,1.01232394366
559242,559254,559802,12,548,2,7200,1.02189781022
559257,559264,559833,7,569,2,7200,1.01230228471
559272,559279,559829,7,550,2,7200,1.01272727273
559288,559295,559852,7,557,2,7200,1.01256732496
559289,559302,559813,13,511,2,7200,1.02544031311
559291,559307,559875,16,568,2,7200,1.02816901408
559310,559316,559844,6,528,2,7200,1.01136363636
559311,559323,559891,12,568,2,7200,1.02112676056
559312,559328,559860,16,532,2,7200,1.03007518797
559314,559333,559851,19,518,2,7200,1.03667953668
559315,559339,559917,24,578,2,7200,1.04152249135
559343,559350,559888,7,538,2,7200,1.01301115242
559357,559364,559941,7,577,2,7200,1.01213171577
559397,559403,559969,6,566,2,7200,1.01060070671
559403,559410,559497,7,87,4,72000,1.08045977011
559412,559419,559956,7,537,2,7200,1.01303538175
559430,559437,560013,7,576,2,7200,1.01215277778
559431,559444,560024,13,580,2,7200,1.0224137931
559450,559456,560022,6,566,2,7200,1.01060070671
559465,559471,560000,6,529,2,7200,1.01134215501
559466,559478,560030,12,552,2,7200,1.02173913043
559482,559489,560053,7,564,2,7200,1.01241134752
559500,559507,560065,7,558,2,7200,1.01254480287
559516,559522,560084,6,562,2,7200,1.01067615658
559530,559538,560103,8,565,2,7200,1.01415929204
559546,559552,560110,6,558,2,7200,1.01075268817
559547,559558,560036,11,478,2,7200,1.0230125523
559549,559564,560100,15,536,2,7200,1.02798507463
559564,559571,560154,7,583,2,7200,1.01200686106
559624,559631,560167,7,536,2,7200,1.01305970149
559645,559653,560221,8,568,2,7200,1.01408450704
559673,559679,560242,6,563,2,7200,1.01065719361
559700,559707,560243,7,536,2,7200,1.01305970149
559715,559721,560228,6,507,2,7200,1.01183431953
559717,559727,560289,10,562,2,7200,1.01779359431
559732,559738,560320,6,582,2,7200,1.01030927835
559747,559753,560289,6,536,2,7200,1.01119402985
559748,559760,560325,12,565,2,7200,1.02123893805
559763,559769,560335,6,566,2,7200,1.01060070671
559765,559776,560340,11,564,2,7200,1.0195035461
559805,559811,560375,6,564,2,7200,1.01063829787
559820,559826,560326,6,500,2,7200,1.012
559821,559833,561143,12,1310,4,28800,1.00916030534
559821,559838,560403,17,565,2,7200,1.03008849558
559837,559845,560420,8,575,2,7200,1.01391304348
559838,559850,560411,12,561,2,7200,1.02139037433
559854,559861,560398,7,537,2,7200,1.01303538175
559855,559868,560424,13,556,2,7200,1.02338129496
559856,559873,560446,17,573,2,7200,1.02966841187
559871,559880,560455,9,575,2,7200,1.01565217391
559886,559893,560453,7,560,2,7200,1.0125
559902,559908,560467,6,559,2,7200,1.01073345259
559903,559915,560439,12,524,2,7200,1.02290076336
559918,559925,560488,7,563,2,7200,1.01243339254
559934,559940,560172,6,232,1,7200,1.02586206897
559943,559950,560487,7,537,2,7200,1.01303538175
559958,559964,560500,6,536,2,7200,1.01119402985
559973,559980,560544,7,564,2,7200,1.01241134752
560003,560010,560572,7,562,2,7200,1.01245551601
560018,560025,560594,7,569,2,7200,1.01230228471
560034,560040,560606,6,566,2,7200,1.01060070671
560035,560047,560537,12,490,2,7200,1.02448979592
560036,560052,560617,16,565,2,7200,1.02831858407
560051,560059,560640,8,581,2,7200,1.01376936317
560067,560074,560561,7,487,2,7200,1.01437371663
560068,560081,560646,13,565,2,7200,1.02300884956
560086,560092,560579,6,487,2,7200,1.01232032854
560101,560108,560676,7,568,2,7200,1.01232394366
560116,560123,560691,7,568,2,7200,1.01232394366
560118,560130,560691,12,561,2,7200,1.02139037433
560157,560164,560733,7,569,2,7200,1.01230228471
560172,560179,560728,7,549,2,7200,1.01275045537
560224,560231,560792,7,561,2,7200,1.01247771836
560239,560245,560805,6,560,2,7200,1.01071428571
560254,560262,560809,8,547,2,7200,1.01462522852
560256,560268,560836,12,568,2,7200,1.02112676056
560293,560299,560867,6,568,2,7200,1.01056338028
560294,560306,560829,12,523,2,7200,1.02294455067
560321,560329,560894,8,565,2,7200,1.01415929204
560337,560343,560907,6,564,2,7200,1.01063829787
560339,560351,560903,12,552,2,7200,1.02173913043
560340,560356,560910,16,554,2,7200,1.02888086643
560355,560363,560917,8,554,2,7200,1.01444043321
560376,560383,560948,7,565,2,7200,1.01238938053
560400,560408,560950,8,542,2,7200,1.0147601476
560417,560425,560992,8,567,2,7200,1.01410934744
560419,560430,560965,11,535,2,7200,1.02056074766
560426,560437,560484,11,47,1,7200,1.23404255319
560434,560444,561029,10,585,2,7200,1.01709401709
560435,560449,561005,14,556,2,7200,1.02517985612
560446,560456,560712,10,256,1,7200,1.0390625
560451,560462,561040,11,578,2,7200,1.01903114187
560452,560468,561048,16,580,2,7200,1.0275862069
560468,560475,561034,7,559,2,7200,1.01252236136
560469,560482,561043,13,561,2,7200,1.02317290553
560470,560487,561055,17,568,2,7200,1.02992957746
560489,560495,561043,6,548,2,7200,1.01094890511
560490,560502,561069,12,567,2,7200,1.02116402116
560505,560512,561056,7,544,2,7200,1.01286764706
560536,560542,566510,6,5968,4,28860,1.00100536193
560539,560549,561083,10,534,2,7200,1.01872659176
560554,560561,561119,7,558,2,7200,1.01254480287
560569,560575,561140,6,565,2,7200,1.01061946903
560584,560590,561171,6,581,2,7200,1.01032702238
560586,560597,561180,11,583,2,7200,1.01886792453
560601,560608,561151,7,543,2,7200,1.01289134438
560616,560622,561135,6,513,2,7200,1.01169590643
560631,560637,561148,6,511,2,7200,1.01174168297
560646,560653,561166,7,513,2,7200,1.01364522417
560661,560668,561197,7,529,2,7200,1.01323251418
560679,560686,561258,7,572,2,7200,1.01223776224
560695,560701,561284,6,583,2,7200,1.0102915952
560696,560708,561229,12,521,2,7200,1.02303262956
560729,560736,561307,7,571,2,7200,1.0122591944
560744,560751,561300,7,549,2,7200,1.01275045537
560793,560800,561369,7,569,2,7200,1.01230228471
560808,560814,561389,6,575,2,7200,1.01043478261
560823,560830,561393,7,563,2,7200,1.01243339254
560838,560845,561417,7,572,2,7200,1.01223776224
560840,560852,561416,12,564,2,7200,1.02127659574
560870,560876,561337,6,461,2,7200,1.01301518438
560897,560905,561449,8,544,2,7200,1.01470588235
560913,560920,561486,7,566,2,7200,1.01236749117
560914,560926,561462,12,536,2,7200,1.0223880597
560916,560933,561424,17,491,2,7200,1.03462321792
560931,560940,561512,9,572,2,7200,1.01573426573
560949,560956,561493,7,537,2,7200,1.01303538175
560951,560963,561466,12,503,2,7200,1.02385685885
560966,560972,561537,6,565,2,7200,1.01061946903
560994,561000,561568,6,568,2,7200,1.01056338028
561009,561015,561579,6,564,2,7200,1.01063829787
561030,561037,561618,7,581,2,7200,1.01204819277
561046,561053,561541,7,488,2,7200,1.0143442623
561047,561059,561603,12,544,2,7200,1.02205882353
561048,561065,561594,17,529,2,7200,1.03213610586
561050,561070,561645,20,575,2,7200,1.0347826087
561065,561077,561643,12,566,2,7200,1.02120141343
561067,561082,561631,15,549,2,7200,1.02732240437
561068,561087,561665,19,578,2,7200,1.03287197232
561083,561094,561645,11,551,2,7200,1.01996370236
561085,561100,561640,15,540,2,7200,1.02777777778
561121,561129,561699,8,570,2,7200,1.01403508772
561137,561144,561633,7,489,2,7200,1.01431492843
561152,561159,561725,7,566,2,7200,1.01236749117
561154,561166,561734,12,568,2,7200,1.02112676056
561155,561171,561737,16,566,2,7200,1.02826855124
561170,561183,561696,13,513,2,7200,1.0253411306
561172,561178,566515,6,5337,4,28800,1.00112422709
561186,561191,561748,5,557,2,7200,1.00897666068
561187,561198,561765,11,567,2,7200,1.01940035273
561202,561208,561756,6,548,2,7200,1.01094890511
561232,561239,561789,7,550,2,7200,1.01272727273
561260,561267,561840,7,573,2,7200,1.01221640489
561287,561294,561867,7,573,2,7200,1.01221640489
561302,561309,561885,7,576,2,7200,1.01215277778
561317,561323,561896,6,573,2,7200,1.01047120419
561338,561346,561814,8,468,2,7200,1.01709401709
561372,561379,561944,7,565,2,7200,1.01238938053
561393,561400,561922,7,522,2,7200,1.01340996169
561395,561407,561969,12,562,2,7200,1.02135231317
561416,561422,561988,6,566,2,7200,1.01060070671
561431,561438,562005,7,567,2,7200,1.01234567901
561432,561445,562008,13,563,2,7200,1.02309058615
561450,561457,561985,7,528,2,7200,1.01325757576
561466,561473,562049,7,576,2,7200,1.01215277778
561481,561488,562055,7,567,2,7200,1.01234567901
561496,561503,562057,7,554,2,7200,1.01263537906
561497,561515,562095,18,580,2,7200,1.03103448276
561500,561510,561545,10,35,16,60,1.28571428571
561515,561522,562088,7,566,2,7200,1.01236749117
561539,561547,562126,8,579,2,7200,1.01381692573
561554,561562,562123,8,561,2,7200,1.01426024955
561570,561576,562097,6,521,2,7200,1.01151631478
561585,561590,562143,5,553,2,7200,1.00904159132
561600,561606,562177,6,571,2,7200,1.01050788091
561615,561622,562168,7,546,2,7200,1.01282051282
561627,561633,565689,6,4056,4,90000,1.00147928994
561630,561639,562191,9,552,2,7200,1.01630434783
561646,561652,562219,6,567,2,7200,1.01058201058
561647,561659,562225,12,566,2,7200,1.02120141343
561649,561664,562215,15,551,2,7200,1.02722323049
561650,561669,562205,19,536,2,7200,1.03544776119
561651,561675,562217,24,542,2,7200,1.0442804428
561653,561680,562233,27,553,2,7200,1.04882459313
561668,561687,562228,19,541,2,7200,1.03512014787
561698,561706,562208,8,502,2,7200,1.01593625498
561713,561720,562298,7,578,2,7200,1.01211072664
561729,561735,562293,6,558,2,7200,1.01075268817
561744,561750,562321,6,571,2,7200,1.01050788091
561745,561756,562282,11,526,2,7200,1.02091254753
561761,561767,562346,6,579,2,7200,1.0103626943
561762,561774,562336,12,562,2,7200,1.02135231317
561777,561783,562321,6,538,2,7200,1.01115241636
561792,561799,562369,7,570,2,7200,1.01228070175
561816,561822,562325,6,503,2,7200,1.01192842942
561841,561848,562407,7,559,2,7200,1.01252236136
561871,561878,562447,7,569,2,7200,1.01230228471
561886,561893,562458,7,565,2,7200,1.01238938053
561901,561908,562472,7,564,2,7200,1.01241134752
561925,561931,562501,6,570,2,7200,1.01052631579
561947,561954,562497,7,543,2,7200,1.01289134438
561953,561961,566522,8,4561,4,97260,1.00175400132
561971,561978,562540,7,562,2,7200,1.01245551601
561986,561992,562524,6,532,2,7200,1.01127819549
562001,562007,562576,6,569,2,7200,1.01054481547
562016,562022,562590,6,568,2,7200,1.01056338028
562017,562028,562591,11,563,2,7200,1.01953818828
562051,562058,562624,7,566,2,7200,1.01236749117
562066,562073,562592,7,519,2,7200,1.01348747592
562067,562084,562618,17,534,2,7200,1.03183520599
562073,562079,563974,6,1895,4,100800,1.00316622691
562091,562098,562592,7,494,2,7200,1.01417004049
562106,562113,562678,7,565,2,7200,1.01238938053
562108,562120,562656,12,536,2,7200,1.0223880597
562126,562132,562709,6,577,2,7200,1.01039861352
562128,562139,562702,11,563,2,7200,1.01953818828
562146,562152,562734,6,582,2,7200,1.01030927835
562170,562178,562743,8,565,2,7200,1.01415929204
562185,562192,562759,7,567,2,7200,1.01234567901
562200,562208,562755,8,547,2,7200,1.01462522852
562216,562222,562788,6,566,2,7200,1.01060070671
562217,562229,562761,12,532,2,7200,1.02255639098
562219,562234,562825,15,591,2,7200,1.02538071066
562234,562241,562802,7,561,2,7200,1.01247771836
562236,562248,562767,12,519,2,7200,1.02312138728
562237,562253,562824,16,571,2,7200,1.02802101576
562238,562258,562751,20,493,2,7200,1.04056795132
562240,562264,562849,24,585,2,7200,1.04102564103
562283,562290,562859,7,569,2,7200,1.01230228471
562298,562304,562864,6,560,2,7200,1.01071428571
562313,562320,562885,7,565,2,7200,1.01238938053
562328,562334,562883,6,549,2,7200,1.01092896175
562329,562341,562880,12,539,2,7200,1.02226345083
562331,562346,562928,15,582,2,7200,1.02577319588
562346,562352,562917,6,565,2,7200,1.01061946903
562361,562367,562927,6,560,2,7200,1.01071428571
562376,562382,562933,6,551,2,7200,1.0108892922
562410,562416,562964,6,548,2,7200,1.01094890511
562449,562455,562995,6,540,2,7200,1.01111111111
562464,562470,563047,6,577,2,7200,1.01039861352
562479,562485,563063,6,578,2,7200,1.01038062284
562501,562507,563070,6,563,2,7200,1.01065719361
562515,562523,563055,8,532,2,7200,1.01503759398
562530,562537,563119,7,582,2,7200,1.01202749141
562545,562552,563109,7,557,2,7200,1.01256732496
562579,562585,563151,6,566,2,7200,1.01060070671
562594,562601,563143,7,542,2,7200,1.01291512915
562596,562608,563168,12,560,2,7200,1.02142857143
562597,562613,563155,16,542,2,7200,1.0295202952
562598,562619,563182,21,563,2,7200,1.03730017762
562620,562626,563181,6,555,2,7200,1.01081081081
562635,562641,563218,6,577,2,7200,1.01039861352
562659,562665,563243,6,578,2,7200,1.01038062284
562680,562687,563260,7,573,2,7200,1.01221640489
562704,562711,563262,7,551,2,7200,1.01270417423
562720,562726,563268,6,542,2,7200,1.0110701107
562735,562741,563304,6,563,2,7200,1.01065719361
562750,562757,563299,7,542,2,7200,1.01291512915
562766,562772,563323,6,551,2,7200,1.0108892922
562767,562779,563272,12,493,2,7200,1.02434077079
562768,562784,563350,16,566,2,7200,1.02826855124
562770,562789,563304,19,515,2,7200,1.03689320388
562785,562795,563376,10,581,2,7200,1.01721170396
562800,562806,563355,6,549,2,7200,1.01092896175
562815,562822,563331,7,509,2,7200,1.0137524558
562830,562837,563383,7,546,2,7200,1.01282051282
562831,562844,563413,13,569,2,7200,1.02284710018
562850,562856,563314,6,458,2,7200,1.01310043668
562865,562872,563441,7,569,2,7200,1.01230228471
562867,562879,563394,12,515,2,7200,1.02330097087
562882,562888,563473,6,585,2,7200,1.01025641026
562883,562895,563453,12,558,2,7200,1.02150537634
562898,562904,563456,6,552,2,7200,1.01086956522
562919,562927,563483,8,556,2,7200,1.01438848921
562935,562942,563507,7,565,2,7200,1.01238938053
562936,562949,563515,13,566,2,7200,1.02296819788
562938,562954,563513,16,559,2,7200,1.02862254025
562965,562972,563524,7,552,2,7200,1.01268115942
562996,563002,563553,6,551,2,7200,1.0108892922
563048,563054,563618,6,564,2,7200,1.01063829787
563063,563070,563594,7,524,2,7200,1.01335877863
563078,563084,563647,6,563,2,7200,1.01065719361
563080,563092,563667,12,575,2,7200,1.02086956522
563110,563116,563663,6,547,2,7200,1.01096892139
563125,563133,563672,8,539,2,7200,1.01484230056
563143,563150,563679,7,529,2,7200,1.01323251418
563158,563166,563729,8,563,2,7200,1.01420959147
563160,563171,563740,11,569,2,7200,1.01933216169
563175,563182,563710,7,528,2,7200,1.01325757576
563190,563196,563748,6,552,2,7200,1.01086956522
563191,563203,563767,12,564,2,7200,1.02127659574
563218,563225,563793,7,568,2,7200,1.01232394366
563246,563252,563808,6,556,2,7200,1.01079136691
563261,563268,563812,7,544,2,7200,1.01286764706
563276,563284,563850,8,566,2,7200,1.01413427562
563278,563291,563857,13,566,2,7200,1.02296819788
563279,563296,563863,17,567,2,7200,1.02998236332
563300,563306,563874,6,568,2,7200,1.01056338028
563316,563322,563895,6,573,2,7200,1.01047120419
563317,563328,563880,11,552,2,7200,1.01992753623
563319,563334,563887,15,553,2,7200,1.02712477396
563334,563340,563911,6,571,2,7200,1.01050788091
563335,563347,563897,12,550,2,7200,1.02181818182
563354,563360,563914,6,554,2,7200,1.01083032491
563369,563376,563957,7,581,2,7200,1.01204819277
563384,563391,563948,7,557,2,7200,1.01256732496
563385,563397,563971,12,574,2,7200,1.02090592334
563401,563407,563970,6,563,2,7200,1.01065719361
563416,563423,563990,7,567,2,7200,1.01234567901
563443,563449,563935,6,486,2,7200,1.01234567901
563459,563465,564034,6,569,2,7200,1.01054481547
563460,563472,564033,12,561,2,7200,1.02139037433
563475,563482,564010,7,528,2,7200,1.01325757576
563490,563496,564068,6,572,2,7200,1.01048951049
563505,563513,564072,8,559,2,7200,1.01431127013
563521,563528,564082,7,554,2,7200,1.01263537906
563522,563535,564058,13,523,2,7200,1.02485659656
563537,563543,564105,6,562,2,7200,1.01067615658
563556,563563,564111,7,548,2,7200,1.01277372263
563595,563602,564170,7,568,2,7200,1.01232394366
563620,563627,564174,7,547,2,7200,1.01279707495
563650,563657,564224,7,567,2,7200,1.01234567901
563665,563671,564172,6,501,2,7200,1.0119760479
563681,563688,564251,7,563,2,7200,1.01243339254
563682,563695,564254,13,559,2,7200,1.02325581395
563683,563700,564269,17,569,2,7200,1.02987697715
563711,563718,564250,7,532,2,7200,1.01315789474
563732,563739,564295,7,556,2,7200,1.01258992806
563748,563754,564294,6,540,2,7200,1.01111111111
563763,563769,564245,6,476,2,7200,1.01260504202
563778,563784,564350,6,566,2,7200,1.01060070671
563796,563802,564370,6,568,2,7200,1.01056338028
563811,563818,564380,7,562,2,7200,1.01245551601
563826,563833,564404,7,571,2,7200,1.0122591944
563850,563857,564424,7,567,2,7200,1.01234567901
563866,563873,564443,7,570,2,7200,1.01228070175
563867,563880,564445,13,565,2,7200,1.02300884956
563882,563889,564464,7,575,2,7200,1.01217391304
563884,563896,564412,12,516,2,7200,1.02325581395
563902,563908,564482,6,574,2,7200,1.01045296167
563904,563916,564418,12,502,2,7200,1.02390438247
563905,563921,564479,16,558,2,7200,1.02867383513
563920,563928,564493,8,565,2,7200,1.01415929204
563922,563933,564501,11,568,2,7200,1.01936619718
563937,563943,564471,6,528,2,7200,1.01136363636
563952,563958,564505,6,547,2,7200,1.01096892139
563967,563974,564540,7,566,2,7200,1.01236749117
563982,563988,564554,6,566,2,7200,1.01060070671
563983,563995,564573,12,578,2,7200,1.02076124567
563998,564005,564570,7,565,2,7200,1.01238938053
564013,564020,564586,7,566,2,7200,1.01236749117
564035,564042,564606,7,564,2,7200,1.01241134752
564036,564049,564565,13,516,2,7200,1.02519379845
564061,564068,564643,7,575,2,7200,1.01217391304
564076,564082,564621,6,539,2,7200,1.01113172542
564078,564090,564668,12,578,2,7200,1.02076124567
564093,564100,564665,7,565,2,7200,1.01238938053
564108,564115,564674,7,559,2,7200,1.01252236136
564123,564129,566526,6,2397,4,100800,1.00250312891
564123,564134,564656,11,522,2,7200,1.02107279693
564172,564179,564743,7,564,2,7200,1.01241134752
564187,564193,564629,6,436,2,7200,1.01376146789
564188,564200,564762,12,562,2,7200,1.02135231317
564228,564235,564753,7,518,2,7200,1.01351351351
564246,564253,564757,7,504,2,7200,1.01388888889
564261,564268,564841,7,573,2,7200,1.01221640489
564263,564274,564844,11,570,2,7200,1.01929824561
564264,564280,564845,16,565,2,7200,1.02831858407
564279,564287,564855,8,568,2,7200,1.01408450704
564294,564302,564849,8,547,2,7200,1.01462522852
564309,564317,564862,8,545,2,7200,1.01467889908
564352,564359,564924,7,565,2,7200,1.01238938053
564373,564380,564940,7,560,2,7200,1.0125
564388,564395,564909,7,514,2,7200,1.01361867704
564406,564414,564985,8,571,2,7200,1.01401050788
564422,564428,565002,6,574,2,7200,1.01045296167
564423,564435,564982,12,547,2,7200,1.02193784278
564438,564445,564990,7,545,2,7200,1.0128440367
564454,564461,565026,7,565,2,7200,1.01238938053
564456,564468,565037,12,569,2,7200,1.02108963093
564471,564477,565061,6,584,2,7200,1.0102739726
564473,564484,565049,11,565,2,7200,1.01946902655
564488,564494,565016,6,522,2,7200,1.01149425287
564489,564501,565073,12,572,2,7200,1.02097902098
564505,564511,565089,6,578,2,7200,1.01038062284
564507,564518,565082,11,564,2,7200,1.0195035461
564508,564523,565056,15,533,2,7200,1.02814258912
564541,564548,565090,7,542,2,7200,1.01291512915
564557,564563,565126,6,563,2,7200,1.01065719361
564572,564579,565114,7,535,2,7200,1.01308411215
564573,564586,565129,13,543,2,7200,1.02394106814
564589,564596,565171,7,575,2,7200,1.01217391304
564590,564603,565142,13,539,2,7200,1.0241187384
564608,564615,565184,7,569,2,7200,1.01230228471
564623,564630,565209,7,579,2,7200,1.01208981002
564638,564645,565155,7,510,2,7200,1.0137254902
564653,564659,565226,6,567,2,7200,1.01058201058
564668,564675,565207,7,532,2,7200,1.01315789474
564670,564682,565260,12,578,2,7200,1.02076124567
564671,564687,565215,16,528,2,7200,1.0303030303
564686,564694,565264,8,570,2,7200,1.01403508772
564744,564751,565323,7,572,2,7200,1.01223776224
564759,564766,565326,7,560,2,7200,1.0125
564761,564773,565338,12,565,2,7200,1.02123893805
564776,564782,565341,6,559,2,7200,1.01073345259
564843,564850,565428,7,578,2,7200,1.01211072664
564858,564865,565411,7,546,2,7200,1.01282051282
564860,564872,565441,12,569,2,7200,1.02108963093
564861,564877,565446,16,569,2,7200,1.02811950791
564863,564882,565416,19,534,2,7200,1.03558052434
564878,564889,565460,11,571,2,7200,1.01926444834
564911,564917,565485,6,568,2,7200,1.01056338028
564926,564933,565482,7,549,2,7200,1.01275045537
564941,564947,565513,6,566,2,7200,1.01060070671
564984,564991,565483,7,492,2,7200,1.01422764228
564999,565005,565567,6,562,2,7200,1.01067615658
565000,565012,565540,12,528,2,7200,1.02272727273
565015,565021,565571,6,550,2,7200,1.01090909091
565030,565038,565580,8,542,2,7200,1.0147601476
565032,565044,565580,12,536,2,7200,1.0223880597
565047,565053,565627,6,574,2,7200,1.01045296167
565062,565069,565603,7,534,2,7200,1.01310861423
565064,565076,565643,12,567,2,7200,1.02116402116
565065,565081,565652,16,571,2,7200,1.02802101576
565080,565088,565636,8,548,2,7200,1.01459854015
565096,565102,565644,6,542,2,7200,1.0110701107
565097,565108,565673,11,565,2,7200,1.01946902655
565098,565114,565680,16,566,2,7200,1.02826855124
565117,565123,565663,6,540,2,7200,1.01111111111
565132,565139,565674,7,535,2,7200,1.01308411215
565133,565146,565720,13,574,2,7200,1.02264808362
565149,565155,565725,6,570,2,7200,1.01052631579
565164,565170,565739,6,569,2,7200,1.01054481547
565179,565185,565668,6,483,2,7200,1.01242236025
565194,565201,565728,7,527,2,7200,1.01328273245
565209,565216,565780,7,564,2,7200,1.01241134752
565224,565231,565786,7,555,2,7200,1.01261261261
565226,565239,565797,13,558,2,7200,1.02329749104
565241,565247,565828,6,581,2,7200,1.01032702238
565262,565268,565817,6,549,2,7200,1.01092896175
565277,565284,565854,7,570,2,7200,1.01228070175
565327,565334,565890,7,556,2,7200,1.01258992806
565328,565341,565917,13,576,2,7200,1.02256944444
565343,565349,565836,6,487,2,7200,1.01232032854
565345,565355,565850,10,495,2,7200,1.0202020202
565411,565419,565996,8,577,2,7200,1.01386481802
565427,565433,565996,6,563,2,7200,1.01065719361
565441,565448,565981,7,533,2,7200,1.01313320826
565443,565454,566022,11,568,2,7200,1.01936619718
565458,565464,566033,6,569,2,7200,1.01054481547
565473,565479,565994,6,515,2,7200,1.01165048544
565488,565495,566069,7,574,2,7200,1.01219512195
565490,565503,566048,13,545,2,7200,1.02385321101
565491,565508,566047,17,539,2,7200,1.03153988868
565515,565522,566095,7,573,2,7200,1.01221640489
565543,565549,566124,6,575,2,7200,1.01043478261
565570,565576,566102,6,526,2,7200,1.01140684411
565585,565592,566127,7,535,2,7200,1.01308411215
565587,565599,566099,12,500,2,7200,1.024
565588,565604,566173,16,569,2,7200,1.02811950791
565606,565614,566188,8,574,2,7200,1.01393728223
565627,565634,566205,7,571,2,7200,1.0122591944
565643,565650,566140,7,490,2,7200,1.01428571429
565658,565665,566250,7,585,2,7200,1.01196581197
565659,565677,566244,18,567,2,7200,1.03174603175
565661,565682,566249,21,567,2,7200,1.03703703704
565662,565671,579016,9,13345,4,36000,1.00067440989
565676,565689,566254,13,565,2,7200,1.02300884956
565678,565694,566176,16,482,2,7200,1.03319502075
565679,565700,566258,21,558,2,7200,1.0376344086
565680,565705,566272,25,567,2,7200,1.04409171076
565696,565712,566251,16,539,2,7200,1.02968460111
565708,565719,579018,11,13299,4,90000,1.00082712986
565723,565729,566293,6,564,2,7200,1.01063829787
565738,565745,566308,7,563,2,7200,1.01243339254
565740,565752,566301,12,549,2,7200,1.0218579235
565755,565761,566327,6,566,2,7200,1.01060070671
565782,565789,566341,7,552,2,7200,1.01268115942
565797,565804,566366,7,562,2,7200,1.01245551601
565812,565819,566373,7,554,2,7200,1.01263537906
565827,565833,566397,6,564,2,7200,1.01063829787
565843,565850,566425,7,575,2,7200,1.01217391304
565844,565856,566390,12,534,2,7200,1.02247191011
565859,565866,566408,7,542,2,7200,1.01291512915
565861,565873,566457,12,584,2,7200,1.02054794521
565891,565897,566460,6,563,2,7200,1.01065719361
565918,565925,566467,7,542,2,7200,1.01291512915
565982,565989,566528,7,539,2,7200,1.01298701299
565998,566004,566570,6,566,2,7200,1.01060070671
565999,566012,566580,13,568,2,7200,1.02288732394
566000,566017,566587,17,570,2,7200,1.0298245614
566025,566031,566598,6,567,2,7200,1.01058201058
566040,566047,566595,7,548,2,7200,1.01277372263
566055,566062,566636,7,574,2,7200,1.01219512195
566057,566068,566611,11,543,2,7200,1.02025782689
566072,566079,566638,7,559,2,7200,1.01252236136
566096,566103,566655,7,552,2,7200,1.01268115942
566111,566117,566688,6,571,2,7200,1.01050788091
566112,566124,566664,12,540,2,7200,1.02222222222
566128,566135,566665,7,530,2,7200,1.01320754717
566129,566142,566707,13,565,2,7200,1.02300884956
566144,566151,566695,7,544,2,7200,1.01286764706
566174,566182,566748,8,566,2,7200,1.01413427562
566190,566196,566767,6,571,2,7200,1.01050788091
566191,566203,566775,12,572,2,7200,1.02097902098
566206,566212,566782,6,570,2,7200,1.01052631579
566246,566252,566801,6,549,2,7200,1.01092896175
566262,566268,566830,6,562,2,7200,1.01067615658
566263,566275,566842,12,567,2,7200,1.02116402116
566264,566280,566845,16,565,2,7200,1.02831858407
566266,566285,566861,19,576,2,7200,1.03298611111
566267,566290,566821,23,531,2,7200,1.04331450094
566282,566298,566866,16,568,2,7200,1.02816901408
566297,566304,566811,7,507,2,7200,1.01380670611
566312,566319,566874,7,555,2,7200,1.01261261261
566314,566325,566893,11,568,2,7200,1.01936619718
566329,566335,566890,6,555,2,7200,1.01081081081
566344,566350,566914,6,564,2,7200,1.01063829787
566368,566375,566936,7,561,2,7200,1.01247771836
566383,566390,566938,7,548,2,7200,1.01277372263
566398,566406,566906,8,500,2,7200,1.016
566400,566411,566953,11,542,2,7200,1.02029520295
566416,566423,567001,7,578,2,7200,1.01211072664
566431,566437,566970,6,533,2,7200,1.01125703565
566458,566464,567043,6,579,2,7200,1.0103626943
566474,566479,567036,5,557,2,7200,1.00897666068
566475,566487,567058,12,571,2,7200,1.02101576182
566530,566536,567109,6,573,2,7200,1.01047120419
566542,566548,579022,6,12474,4,28800,1.00048100048
566558,566566,579025,8,12459,4,100800,1.00064210611
566572,566579,567146,7,567,2,7200,1.01234567901
566588,566594,567162,6,568,2,7200,1.01056338028
566589,566600,567145,11,545,2,7200,1.02018348624
566604,566610,567176,6,566,2,7200,1.01060070671
566606,566616,567193,10,577,2,7200,1.01733102253
566619,566625,566665,6,40,4,28860,1.15
566621,566633,567170,12,537,2,7200,1.02234636872
566635,566641,566649,6,8,4,28860,1.4
566639,566648,567188,9,540,2,7200,1.01666666667
566640,566653,567217,13,564,2,7200,1.02304964539
566655,566662,567239,7,577,2,7200,1.01213171577
566669,566676,579031,7,12355,4,28860,1.00056657224
566671,566683,567251,12,568,2,7200,1.02112676056
566672,566688,567257,16,569,2,7200,1.02811950791
566690,566697,567263,7,566,2,7200,1.01236749117
566692,566704,579034,12,12330,4,97260,1.00097323601
566705,566712,567281,7,569,2,7200,1.01230228471
566720,566728,567227,8,499,2,7200,1.01603206413
566751,566757,567312,6,555,2,7200,1.01081081081
566769,566776,567341,7,565,2,7200,1.01238938053
566784,566790,567332,6,542,2,7200,1.0110701107
566785,566796,567362,11,566,2,7200,1.01943462898
566804,566810,567377,6,567,2,7200,1.01058201058
566819,566825,567303,6,478,2,7200,1.01255230126
566834,566841,567411,7,570,2,7200,1.01228070175
566835,566848,567414,13,566,2,7200,1.02296819788
566851,566856,567420,5,564,2,7200,1.00886524823
566852,566863,567412,11,549,2,7200,1.02003642987
566867,566874,567435,7,561,2,7200,1.01247771836
566869,566881,567442,12,561,2,7200,1.02139037433
566884,566890,567456,6,566,2,7200,1.01060070671
566899,566905,567486,6,581,2,7200,1.01032702238
566900,566912,567476,12,564,2,7200,1.02127659574
566916,566922,567488,6,566,2,7200,1.01060070671
566917,566929,567474,12,545,2,7200,1.02201834862
566939,566946,567478,7,532,2,7200,1.01315789474
566940,566953,567521,13,568,2,7200,1.02288732394
566955,566962,567446,7,484,2,7200,1.01446280992
566973,566980,567545,7,565,2,7200,1.01238938053
567004,567011,567578,7,567,2,7200,1.01234567901
567037,567043,567618,6,575,2,7200,1.01043478261
567052,567058,567612,6,554,2,7200,1.01083032491
567067,567074,567643,7,569,2,7200,1.01230228471
567110,567117,567698,7,581,2,7200,1.01204819277
567146,567153,567717,7,564,2,7200,1.01241134752
567148,567160,567679,12,519,2,7200,1.02312138728
567163,567169,567690,6,521,2,7200,1.01151631478
567178,567186,567749,8,563,2,7200,1.01420959147
567180,567193,567760,13,567,2,7200,1.02292768959
567195,567202,567766,7,564,2,7200,1.01241134752
567197,567209,567775,12,566,2,7200,1.02120141343
567221,567228,567793,7,565,2,7200,1.01238938053
567236,567242,567804,6,562,2,7200,1.01067615658
567251,567258,567818,7,560,2,7200,1.0125
567267,567274,567829,7,555,2,7200,1.01261261261
567268,567281,567788,13,507,2,7200,1.02564102564
567269,567286,567855,17,569,2,7200,1.02987697715
567284,567293,567877,9,584,2,7200,1.0154109589
567306,567312,567865,6,553,2,7200,1.01084990958
567321,567327,567896,6,569,2,7200,1.01054481547
567336,567343,567843,7,500,2,7200,1.014
567351,567358,567926,7,568,2,7200,1.01232394366
567366,567373,567934,7,561,2,7200,1.01247771836
567381,567388,567939,7,551,2,7200,1.01270417423
567415,567422,568004,7,582,2,7200,1.01202749141
567416,567429,567973,13,544,2,7200,1.02389705882
567418,567434,568001,16,567,2,7200,1.02821869489
567433,567441,567955,8,514,2,7200,1.01556420233
567448,567456,568025,8,569,2,7200,1.01405975395
567450,567461,568027,11,566,2,7200,1.01943462898
567451,567468,568044,17,576,2,7200,1.02951388889
567466,567475,568038,9,563,2,7200,1.01598579041
567482,567488,568057,6,569,2,7200,1.01054481547
567483,567495,568025,12,530,2,7200,1.02264150943
567484,567500,568066,16,566,2,7200,1.02826855124
567500,567507,568070,7,563,2,7200,1.01243339254
567501,567514,567965,13,451,2,7200,1.0288248337
567522,567528,568104,6,576,2,7200,1.01041666667
567547,567553,568121,6,568,2,7200,1.01056338028
567580,567586,568155,6,569,2,7200,1.01054481547
567614,567620,568189,6,569,2,7200,1.01054481547
567629,567635,568195,6,560,2,7200,1.01071428571
567644,567651,568216,7,565,2,7200,1.01238938053
567680,567686,568256,6,570,2,7200,1.01052631579
567695,567702,568282,7,580,2,7200,1.01206896552
567710,567717,568282,7,565,2,7200,1.01238938053
567725,567732,568271,7,539,2,7200,1.01298701299
567750,567757,568319,7,562,2,7200,1.01245551601
567765,567772,568352,7,580,2,7200,1.01206896552
567780,567787,568358,7,571,2,7200,1.0122591944
567781,567793,568363,12,570,2,7200,1.02105263158
567797,567804,568349,7,545,2,7200,1.0128440367
567798,567811,568380,13,569,2,7200,1.02284710018
567813,567819,568386,6,567,2,7200,1.01058201058
567828,567834,568403,6,569,2,7200,1.01054481547
567843,567851,568425,8,574,2,7200,1.01393728223
567845,567858,568391,13,533,2,7200,1.0243902439
567860,567867,568438,7,571,2,7200,1.0122591944
567875,567882,568407,7,525,2,7200,1.01333333333
567890,567896,568438,6,542,2,7200,1.0110701107
567905,567913,568476,8,563,2,7200,1.01420959147
567927,567934,568498,7,564,2,7200,1.01241134752
567942,567948,568518,6,570,2,7200,1.01052631579
567943,567955,568486,12,531,2,7200,1.02259887006
567958,567966,568520,8,554,2,7200,1.01444043321
567974,567981,568549,7,568,2,7200,1.01232394366
567975,567988,568554,13,566,2,7200,1.02296819788
568003,568010,568577,7,567,2,7200,1.01234567901
568018,568025,568582,7,557,2,7200,1.01256732496
568033,568041,568564,8,523,2,7200,1.01529636711
568035,568048,568582,13,534,2,7200,1.02434456929
568036,568053,568621,17,568,2,7200,1.02992957746
568052,568060,568633,8,573,2,7200,1.01396160558
568053,568065,568579,12,514,2,7200,1.0233463035
568068,568075,568639,7,564,2,7200,1.01241134752
568070,568082,568651,12,569,2,7200,1.02108963093
568085,568092,568654,7,562,2,7200,1.01245551601
568106,568112,568672,6,560,2,7200,1.01071428571
568124,568130,568644,6,514,2,7200,1.01167315175
568158,568164,568722,6,558,2,7200,1.01075268817
568191,568198,568712,7,514,2,7200,1.01361867704
568206,568213,568771,7,558,2,7200,1.01254480287
568221,568228,568780,7,552,2,7200,1.01268115942
568258,568264,568841,6,577,2,7200,1.01039861352
568273,568280,568850,7,570,2,7200,1.01228070175
568288,568295,568847,7,552,2,7200,1.01268115942
568290,568301,568852,11,551,2,7200,1.01996370236
568320,568327,568901,7,574,2,7200,1.01219512195
568351,568358,568921,7,563,2,7200,1.01243339254
568366,568372,568925,6,553,2,7200,1.01084990958
568367,568378,568915,11,537,2,7200,1.02048417132
568369,568384,568899,15,515,2,7200,1.02912621359
568384,568391,568951,7,560,2,7200,1.0125
568399,568405,568900,6,495,2,7200,1.01212121212
568401,568411,568941,10,530,2,7200,1.01886792453
568416,568422,568924,6,502,2,7200,1.01195219124
568417,568430,568982,13,552,2,7200,1.02355072464
568432,568439,569012,7,573,2,7200,1.01221640489
568448,568454,569023,6,569,2,7200,1.01054481547
568449,568461,569006,12,545,2,7200,1.02201834862
568479,568487,569043,8,556,2,7200,1.01438848921
568494,568501,569041,7,540,2,7200,1.01296296296
568509,568516,569060,7,544,2,7200,1.01286764706
568525,568531,569090,6,559,2,7200,1.01073345259
568526,568538,569091,12,553,2,7200,1.02169981917
568550,568556,569123,6,567,2,7200,1.01058201058
568565,568572,569147,7,575,2,7200,1.01217391304
568567,568579,569145,12,566,2,7200,1.02120141343
568582,568589,569149,7,560,2,7200,1.0125
568584,568596,569159,12,563,2,7200,1.02131438721
568585,568601,569157,16,556,2,7200,1.02877697842
568587,568606,569177,19,571,2,7200,1.03327495622
568623,568630,569208,7,578,2,7200,1.01211072664
568638,568646,569210,8,564,2,7200,1.01418439716
568640,568652,569211,12,559,2,7200,1.02146690519
568656,568663,569190,7,527,2,7200,1.01328273245
568657,568670,569197,13,527,2,7200,1.02466793169
568658,568675,569231,17,556,2,7200,1.03057553957
568673,568682,569228,9,546,2,7200,1.01648351648
568713,568720,569277,7,557,2,7200,1.01256732496
568728,568734,569310,6,576,2,7200,1.01041666667
568774,568780,569345,6,565,2,7200,1.01061946903
568789,568795,569343,6,548,2,7200,1.01094890511
568843,568850,569413,7,563,2,7200,1.01243339254
568859,568865,569446,6,581,2,7200,1.01032702238
568860,568872,569439,12,567,2,7200,1.02116402116
568861,568878,569437,17,559,2,7200,1.03041144902
568901,568907,569478,6,571,2,7200,1.01050788091
568903,568914,569443,11,529,2,7200,1.02079395085
568904,568919,569490,15,571,2,7200,1.02626970228
568919,568926,569455,7,529,2,7200,1.01323251418
568935,568941,569488,6,547,2,7200,1.01096892139
568936,568948,569533,12,585,2,7200,1.02051282051
568938,568953,569520,15,567,2,7200,1.02645502646
568953,568959,569519,6,560,2,7200,1.01071428571
568954,568965,569510,11,545,2,7200,1.02018348624
568985,568991,569529,6,538,2,7200,1.01115241636
569009,569016,569591,7,575,2,7200,1.01217391304
569024,569030,569588,6,558,2,7200,1.01075268817
569026,569037,569546,11,509,2,7200,1.02161100196
569044,569051,569611,7,560,2,7200,1.0125
569045,569058,569539,13,481,2,7200,1.02702702703
569063,569069,569626,6,557,2,7200,1.01077199282
569094,569101,569666,7,565,2,7200,1.01238938053
569095,569108,569674,13,566,2,7200,1.02296819788
569125,569131,569698,6,567,2,7200,1.01058201058
569147,569154,569717,7,563,2,7200,1.01243339254
569163,569168,569730,5,562,2,7200,1.00889679715
569164,569176,569758,12,582,2,7200,1.0206185567
569165,569181,569679,16,498,2,7200,1.03212851406
569167,569186,569748,19,562,2,7200,1.03380782918
569182,569193,569760,11,567,2,7200,1.01940035273
569197,569204,569780,7,576,2,7200,1.01215277778
569198,569210,569783,12,573,2,7200,1.02094240838
569214,569221,569746,7,525,2,7200,1.01333333333
569215,569227,569796,12,569,2,7200,1.02108963093
569217,569234,569806,17,572,2,7200,1.02972027972
569232,569241,569793,9,552,2,7200,1.01630434783
569233,569246,569816,13,570,2,7200,1.02280701754
569279,569285,569819,6,534,2,7200,1.01123595506
569312,569318,569823,6,505,2,7200,1.01188118812
569346,569353,569911,7,558,2,7200,1.01254480287
569347,569360,569889,13,529,2,7200,1.02457466919
569414,569421,570000,7,579,2,7200,1.01208981002
569439,569446,570011,7,565,2,7200,1.01238938053
569454,569461,570034,7,573,2,7200,1.01221640489
569456,569468,570034,12,566,2,7200,1.02120141343
569457,569473,570038,16,565,2,7200,1.02831858407
569472,569479,570055,7,576,2,7200,1.01215277778
569487,569493,570057,6,564,2,7200,1.01063829787
569502,569510,570057,8,547,2,7200,1.01462522852
569504,569515,570086,11,571,2,7200,1.01926444834
569519,569526,570094,7,568,2,7200,1.01232394366
569535,569542,570102,7,560,2,7200,1.0125
569536,569549,570060,13,511,2,7200,1.02544031311
569538,569554,570111,16,557,2,7200,1.02872531418
569539,569560,570122,21,562,2,7200,1.03736654804
569554,569567,570132,13,565,2,7200,1.02300884956
569556,569572,570131,16,559,2,7200,1.02862254025
569589,569596,570156,7,560,2,7200,1.0125
569604,569610,570167,6,557,2,7200,1.01077199282
569619,569625,570186,6,561,2,7200,1.01069518717
569634,569641,570215,7,574,2,7200,1.01219512195
569668,569674,570205,6,531,2,7200,1.01129943503
569683,569689,570203,6,514,2,7200,1.01167315175
569684,569695,570265,11,570,2,7200,1.01929824561
569699,569707,570269,8,562,2,7200,1.01423487544
569721,569727,570292,6,565,2,7200,1.01061946903
569736,569743,570322,7,579,2,7200,1.01208981002
569751,569758,570336,7,578,2,7200,1.01211072664
569753,569764,570326,11,562,2,7200,1.01957295374
569768,569774,570351,6,577,2,7200,1.01039861352
569769,569780,570347,11,567,2,7200,1.01940035273
569785,569792,570357,7,565,2,7200,1.01238938053
569786,569798,570357,12,559,2,7200,1.02146690519
569801,569807,570373,6,566,2,7200,1.01060070671
569803,569814,570382,11,568,2,7200,1.01936619718
569818,569825,570391,7,566,2,7200,1.01236749117
569820,569832,570395,12,563,2,7200,1.02131438721
569835,569841,570376,6,535,2,7200,1.01121495327
569836,569847,570412,11,565,2,7200,1.01946902655
569891,569898,570460,7,562,2,7200,1.01245551601
569912,569918,570482,6,564,2,7200,1.01063829787
570001,570008,570571,7,563,2,7200,1.01243339254
570016,570022,570592,6,570,2,7200,1.01052631579
570037,570044,570591,7,547,2,7200,1.01279707495
570038,570051,570613,13,562,2,7200,1.0231316726
570054,570060,570629,6,569,2,7200,1.01054481547
570069,570075,570621,6,546,2,7200,1.01098901099
570071,570082,570622,11,540,2,7200,1.02037037037
570072,570087,570677,15,590,2,7200,1.02542372881
570073,570092,570659,19,567,2,7200,1.03350970018
570088,570098,570600,10,502,2,7200,1.01992031873
570104,570110,570667,6,557,2,7200,1.01077199282
570105,570117,570663,12,546,2,7200,1.02197802198
570120,570127,570680,7,553,2,7200,1.01265822785
570136,570143,570706,7,563,2,7200,1.01243339254
570137,570150,570701,13,551,2,7200,1.02359346642
570139,570155,570682,16,527,2,7200,1.03036053131
570160,570166,570728,6,562,2,7200,1.01067615658
570175,570181,570729,6,548,2,7200,1.01094890511
570190,570196,570761,6,565,2,7200,1.01061946903
570205,570212,570762,7,550,2,7200,1.01272727273
570206,570219,570737,13,518,2,7200,1.0250965251
570222,570229,570733,7,504,2,7200,1.01388888889
570268,570275,570808,7,533,2,7200,1.01313320826
570283,570289,570851,6,562,2,7200,1.01067615658
570298,570304,570866,6,562,2,7200,1.01067615658
570322,570328,570890,6,562,2,7200,1.01067615658
570338,570344,570927,6,583,2,7200,1.0102915952
570339,570351,570930,12,579,2,7200,1.0207253886
570354,570362,570937,8,575,2,7200,1.01391304348
570356,570367,570928,11,561,2,7200,1.01960784314
570371,570378,570934,7,556,2,7200,1.01258992806
570372,570384,570948,12,564,2,7200,1.02127659574
570388,570395,570968,7,573,2,7200,1.01221640489
570389,570402,570971,13,569,2,7200,1.02284710018
570391,570407,570977,16,570,2,7200,1.02807017544
570406,570413,570984,7,571,2,7200,1.0122591944
570407,570419,570990,12,571,2,7200,1.02101576182
570422,570428,570991,6,563,2,7200,1.01065719361
570462,570469,571039,7,570,2,7200,1.01228070175
570486,570492,571061,6,569,2,7200,1.01054481547
570508,570515,570543,7,28,4,40,1.25
570574,570581,571151,7,570,2,7200,1.01228070175
570593,570599,571162,6,563,2,7200,1.01065719361
570594,570607,571092,13,485,2,7200,1.02680412371
570609,570616,571196,7,580,2,7200,1.01206896552
570625,570632,571186,7,554,2,7200,1.01263537906
570626,570639,571184,13,545,2,7200,1.02385321101
570628,570644,571165,16,521,2,7200,1.03071017274
570643,570651,571134,8,483,2,7200,1.016563147
570661,570667,571243,6,576,2,7200,1.01041666667
570676,570683,571247,7,564,2,7200,1.01241134752
570678,570690,571256,12,566,2,7200,1.02120141343
570693,570700,571260,7,560,2,7200,1.0125
570695,570712,571278,17,566,2,7200,1.03003533569
570696,570717,571268,21,551,2,7200,1.03811252269
570697,570707,570764,10,57,4,40,1.17543859649
570712,570724,571269,12,545,2,7200,1.02201834862
570713,570729,571309,16,580,2,7200,1.0275862069
570732,570739,571301,7,562,2,7200,1.01245551601
570733,570746,571272,13,526,2,7200,1.0247148289
570748,570756,571320,8,564,2,7200,1.01418439716
570750,570763,571329,13,566,2,7200,1.02296819788
570765,570772,571339,7,567,2,7200,1.01234567901
570767,570779,571339,12,560,2,7200,1.02142857143
570809,570817,571345,8,528,2,7200,1.01515151515
570852,570859,571422,7,563,2,7200,1.01243339254
570867,570873,571395,6,522,2,7200,1.01149425287
570892,570899,571458,7,559,2,7200,1.01252236136
570928,570935,571502,7,567,2,7200,1.01234567901
570944,570950,571482,6,532,2,7200,1.01127819549
570945,570956,571511,11,555,2,7200,1.01981981982
570947,570962,571496,15,534,2,7200,1.02808988764
570948,570967,571524,19,557,2,7200,1.03411131059
570964,570974,571499,10,525,2,7200,1.01904761905
570979,570986,571550,7,564,2,7200,1.01241134752
570981,570993,571553,12,560,2,7200,1.02142857143
570982,570998,571579,16,581,2,7200,1.02753872633
570998,571005,571573,7,568,2,7200,1.01232394366
570999,571012,571580,13,568,2,7200,1.02288732394
571000,571021,571559,21,538,2,7200,1.03903345725
571040,571047,571618,7,571,2,7200,1.0122591944
571064,571071,571641,7,570,2,7200,1.01228070175
571092,571099,571670,7,571,2,7200,1.0122591944
571137,571143,571724,6,581,2,7200,1.01032702238
571152,571160,571728,8,568,2,7200,1.01408450704
571168,571175,571732,7,557,2,7200,1.01256732496
571169,571182,571782,13,600,2,7200,1.02166666667
571187,571195,571769,8,574,2,7200,1.01393728223
571189,571202,571774,13,572,2,7200,1.02272727273
571204,571210,571794,6,584,2,7200,1.0102739726
571247,571254,571822,7,568,2,7200,1.01232394366
571262,571269,571828,7,559,2,7200,1.01252236136
571264,571276,571825,12,549,2,7200,1.0218579235
571265,571281,571852,16,571,2,7200,1.02802101576
571281,571288,571821,7,533,2,7200,1.01313320826
571282,571295,571860,13,565,2,7200,1.02300884956
571284,571300,571870,16,570,2,7200,1.02807017544
571285,571306,571875,21,569,2,7200,1.03690685413
571303,571313,571877,10,564,2,7200,1.01773049645
571319,571326,571910,7,584,2,7200,1.01198630137
571334,571340,571910,6,570,2,7200,1.01052631579
571335,571347,571879,12,532,2,7200,1.02255639098
571351,571358,571911,7,553,2,7200,1.01265822785
571352,571365,571926,13,561,2,7200,1.02317290553
571354,571370,571949,16,579,2,7200,1.02763385147
571396,571403,571989,7,586,2,7200,1.01194539249
571424,571431,571997,7,566,2,7200,1.01236749117
571460,571466,572029,6,563,2,7200,1.01065719361
571485,571491,572060,6,569,2,7200,1.01054481547
571500,571506,572021,6,515,2,7200,1.01165048544
571501,571513,572011,12,498,2,7200,1.02409638554
571517,571523,572080,6,557,2,7200,1.01077199282
571518,571529,572107,11,578,2,7200,1.01903114187
571533,571541,572099,8,558,2,7200,1.01433691756
571552,571559,572143,7,584,2,7200,1.01198630137
571567,571573,572137,6,564,2,7200,1.01063829787
571568,571581,572149,13,568,2,7200,1.02288732394
571584,571590,572148,6,558,2,7200,1.01075268817
571585,571597,572166,12,569,2,7200,1.02108963093
571587,571602,572155,15,553,2,7200,1.02712477396
571620,571627,572193,7,566,2,7200,1.01236749117
571645,571651,572216,6,565,2,7200,1.01061946903
571672,571679,572241,7,562,2,7200,1.01245551601
571727,571733,572311,6,578,2,7200,1.01038062284
571742,571750,572318,8,568,2,7200,1.01408450704
571744,571756,572290,12,534,2,7200,1.02247191011
571771,571777,572351,6,574,2,7200,1.01045296167
571787,571794,572365,7,571,2,7200,1.0122591944
571788,571801,572356,13,555,2,7200,1.02342342342
571804,571811,572381,7,570,2,7200,1.01228070175
571826,571833,572399,7,566,2,7200,1.01236749117
571827,571840,572358,13,518,2,7200,1.0250965251
571829,571845,572413,16,568,2,7200,1.02816901408
571844,571852,572410,8,558,2,7200,1.01433691756
571859,571865,572430,6,565,2,7200,1.01061946903
571874,571881,572449,7,568,2,7200,1.01232394366
571876,571888,572455,12,567,2,7200,1.02116402116
571877,571893,572437,16,544,2,7200,1.02941176471
571892,571900,572467,8,567,2,7200,1.01410934744
571894,571907,572413,13,506,2,7200,1.0256916996
571914,571920,572484,6,564,2,7200,1.01063829787
571915,571927,572497,12,570,2,7200,1.02105263158
571917,571932,572514,15,582,2,7200,1.02577319588
571932,571939,572499,7,560,2,7200,1.0125
571947,571954,572526,7,572,2,7200,1.01223776224
571973,571979,572027,6,48,4,40,1.125
571990,571996,572517,6,521,2,7200,1.01151631478
572005,572011,572588,6,577,2,7200,1.01039861352
572020,572026,572604,6,578,2,7200,1.01038062284
572035,572041,572620,6,579,2,7200,1.0103626943
572036,572047,572586,11,539,2,7200,1.02040816327
572061,572068,572638,7,570,2,7200,1.01228070175
572082,572089,572666,7,577,2,7200,1.01213171577
572100,572106,572646,6,540,2,7200,1.01111111111
572115,572122,572693,7,571,2,7200,1.0122591944
572141,572148,572687,7,539,2,7200,1.01298701299
572156,572163,572677,7,514,2,7200,1.01361867704
572158,572170,572703,12,533,2,7200,1.02251407129
572159,572175,572742,16,567,2,7200,1.02821869489
572161,572180,572736,19,556,2,7200,1.03417266187
572176,572187,572736,11,549,2,7200,1.02003642987
572194,572201,572773,7,572,2,7200,1.01223776224
572218,572224,572793,6,569,2,7200,1.01054481547
572242,572249,572829,7,580,2,7200,1.01206896552
572291,572297,572880,6,583,2,7200,1.0102915952
572312,572319,572892,7,573,2,7200,1.01221640489
572327,572335,572902,8,567,2,7200,1.01410934744
572352,572358,572919,6,561,2,7200,1.01069518717
572367,572373,572913,6,540,2,7200,1.01111111111
572369,572380,572947,11,567,2,7200,1.01940035273
572370,572385,572893,15,508,2,7200,1.02952755906
572385,572391,572964,6,573,2,7200,1.01047120419
572400,572407,572931,7,524,2,7200,1.01335877863
572405,572414,572489,9,75,4,40,1.12
572416,572422,572985,6,563,2,7200,1.01065719361
572417,572429,572963,12,534,2,7200,1.02247191011
572418,572434,572971,16,537,2,7200,1.02979515829
572433,572440,572999,7,559,2,7200,1.01252236136
572448,572455,573021,7,566,2,7200,1.01236749117
572463,572470,573030,7,560,2,7200,1.0125
572465,572476,573053,11,577,2,7200,1.01906412478
572480,572486,573054,6,568,2,7200,1.01056338028
572495,572501,573061,6,560,2,7200,1.01071428571
572510,572516,573091,6,575,2,7200,1.01043478261
572512,572524,573079,12,555,2,7200,1.02162162162
572527,572533,573098,6,565,2,7200,1.01061946903
572528,572540,573063,12,523,2,7200,1.02294455067
572530,572545,573108,15,563,2,7200,1.02664298401
572588,572594,573137,6,543,2,7200,1.01104972376
572590,572602,573178,12,576,2,7200,1.02083333333
572605,572611,573182,6,571,2,7200,1.01050788091
572623,572630,573182,7,552,2,7200,1.01268115942
572641,572649,573158,8,509,2,7200,1.01571709234
572656,572663,573222,7,559,2,7200,1.01252236136
572672,572678,573248,6,570,2,7200,1.01052631579
572687,572694,573258,7,564,2,7200,1.01241134752
572702,572710,573247,8,537,2,7200,1.01489757914
572704,572715,573226,11,511,2,7200,1.02152641879
572705,572722,573282,17,560,2,7200,1.03035714286
572739,572745,573257,6,512,2,7200,1.01171875
572740,572752,573315,12,563,2,7200,1.02131438721
572755,572762,573314,7,552,2,7200,1.01268115942
572774,572780,573342,6,562,2,7200,1.01067615658
572795,572801,573359,6,558,2,7200,1.01075268817
572831,572838,573404,7,566,2,7200,1.01236749117
572883,572889,573456,6,567,2,7200,1.01058201058
572898,572904,573474,6,570,2,7200,1.01052631579
572899,572910,573479,11,569,2,7200,1.01933216169
572915,572921,573451,6,530,2,7200,1.01132075472
572916,572928,573450,12,522,2,7200,1.02298850575
572932,572938,573494,6,556,2,7200,1.01079136691
572933,572945,573500,12,555,2,7200,1.02162162162
572948,572954,573523,6,569,2,7200,1.01054481547
572963,572969,573505,6,536,2,7200,1.01119402985
572978,572986,573520,8,534,2,7200,1.01498127341
572980,572991,573554,11,563,2,7200,1.01953818828
572995,573001,573564,6,563,2,7200,1.01065719361
573010,573017,573577,7,560,2,7200,1.0125
573025,573032,573603,7,571,2,7200,1.0122591944
573040,573046,573608,6,562,2,7200,1.01067615658
573056,573062,573629,6,567,2,7200,1.01058201058
573058,573070,573637,12,567,2,7200,1.02116402116
573073,573079,573655,6,576,2,7200,1.01041666667
573074,573085,573584,11,499,2,7200,1.02204408818
573090,573096,573658,6,562,2,7200,1.01067615658
573091,573104,573664,13,560,2,7200,1.02321428571
573106,573112,573677,6,565,2,7200,1.01061946903
573121,573127,573695,6,568,2,7200,1.01056338028
573139,573145,573659,6,514,2,7200,1.01167315175
573141,573152,573213,11,61,4,40,1.18032786885
573160,573168,573727,8,559,2,7200,1.01431127013
573179,573185,573752,6,567,2,7200,1.01058201058
573194,573201,573765,7,564,2,7200,1.01241134752
573195,573208,573775,13,567,2,7200,1.02292768959
573223,573230,573807,7,577,2,7200,1.01213171577
573238,573245,573768,7,523,2,7200,1.01338432122
573253,573260,573817,7,557,2,7200,1.01256732496
573255,573266,573826,11,560,2,7200,1.01964285714
573270,573276,573829,6,553,2,7200,1.01084990958
573271,573282,573797,11,515,2,7200,1.0213592233
573286,573294,573858,8,564,2,7200,1.01418439716
573317,573324,573860,7,536,2,7200,1.01305970149
573318,573331,573918,13,587,2,7200,1.02214650767
573343,573349,573918,6,569,2,7200,1.01054481547
573361,573367,573920,6,553,2,7200,1.01084990958
573404,573410,573969,6,559,2,7200,1.01073345259
573453,573460,573958,7,498,2,7200,1.0140562249
573454,573467,574027,13,560,2,7200,1.02321428571
573469,573475,574032,6,557,2,7200,1.01077199282
573484,573491,573966,7,475,2,7200,1.01473684211
573486,573498,574065,12,567,2,7200,1.02116402116
573501,573507,574074,6,567,2,7200,1.01058201058
573502,573514,574076,12,562,2,7200,1.02135231317
573518,573524,574085,6,561,2,7200,1.01069518717
573533,573540,574109,7,569,2,7200,1.01230228471
573534,573546,574109,12,563,2,7200,1.02131438721
573556,573563,574126,7,563,2,7200,1.01243339254
573571,573578,574147,7,569,2,7200,1.01230228471
573586,573593,574166,7,573,2,7200,1.01221640489
573588,573600,574159,12,559,2,7200,1.02146690519
573606,573613,574179,7,566,2,7200,1.01236749117
573622,573628,574204,6,576,2,7200,1.01041666667
573637,573643,574205,6,562,2,7200,1.01067615658
573652,573659,574220,7,561,2,7200,1.01247771836
573668,573674,574239,6,565,2,7200,1.01061946903
573669,573681,574258,12,577,2,7200,1.02079722704
573670,573686,574255,16,569,2,7200,1.02811950791
573672,573691,574256,19,565,2,7200,1.03362831858
573687,573698,574264,11,566,2,7200,1.01943462898
573702,573708,574275,6,567,2,7200,1.01058201058
573729,573736,574301,7,565,2,7200,1.01238938053
573754,573761,574339,7,578,2,7200,1.01211072664
573769,573775,574331,6,556,2,7200,1.01079136691
573770,573782,574357,12,575,2,7200,1.02086956522
573786,573793,574364,7,571,2,7200,1.0122591944
573801,573807,574347,6,540,2,7200,1.01111111111
573816,573822,574387,6,565,2,7200,1.01061946903
573832,573838,574368,6,530,2,7200,1.01132075472
573833,573845,574334,12,489,2,7200,1.0245398773
573834,573850,574394,16,544,2,7200,1.02941176471
573859,573866,574434,7,568,2,7200,1.01232394366
573874,573880,574456,6,576,2,7200,1.01041666667
573920,573926,574406,6,480,2,7200,1.0125
573921,573933,574500,12,567,2,7200,1.02116402116
573923,573938,574473,15,535,2,7200,1.02803738318
573959,573967,574540,8,573,2,7200,1.01396160558
573975,573981,574546,6,565,2,7200,1.01061946903
573976,573988,574557,12,569,2,7200,1.02108963093
574028,574035,574585,7,550,2,7200,1.01272727273
574043,574050,574618,7,568,2,7200,1.01232394366
574068,574074,574639,6,565,2,7200,1.01061946903
574083,574089,574649,6,560,2,7200,1.01071428571
574084,574095,574662,11,567,2,7200,1.01940035273
574099,574106,574649,7,543,2,7200,1.01289134438
574115,574121,574686,6,565,2,7200,1.01061946903
574116,574128,574699,12,571,2,7200,1.02101576182
574131,574137,574708,6,571,2,7200,1.01050788091
574146,574153,574718,7,565,2,7200,1.01238938053
574162,574168,574709,6,541,2,7200,1.01109057301
574177,574183,574738,6,555,2,7200,1.01081081081
574192,574199,574749,7,550,2,7200,1.01272727273
574207,574214,574783,7,569,2,7200,1.01230228471
574208,574221,574785,13,564,2,7200,1.02304964539
574223,574231,574805,8,574,2,7200,1.01393728223
574242,574248,574814,6,566,2,7200,1.01060070671
574257,574263,574837,6,574,2,7200,1.01045296167
574258,574270,574832,12,562,2,7200,1.02135231317
574274,574281,574843,7,562,2,7200,1.01245551601
574275,574288,574862,13,574,2,7200,1.02264808362
574290,574296,574860,6,564,2,7200,1.01063829787
574305,574312,574852,7,540,2,7200,1.01296296296
574333,574340,574907,7,567,2,7200,1.01234567901
574348,574356,574919,8,563,2,7200,1.01420959147
574350,574363,574945,13,582,2,7200,1.02233676976
574351,574368,574933,17,565,2,7200,1.03008849558
574367,574375,574939,8,564,2,7200,1.01418439716
574368,574380,574945,12,565,2,7200,1.02123893805
574383,574389,574966,6,577,2,7200,1.01039861352
574396,574403,574444,7,41,4,28840,1.17073170732
574399,574410,574982,11,572,2,7200,1.01923076923
574400,574415,574984,15,569,2,7200,1.02636203866
574415,574421,574991,6,570,2,7200,1.01052631579
574436,574443,574978,7,535,2,7200,1.01308411215
574458,574465,575040,7,575,2,7200,1.01217391304
574470,574477,574510,7,33,4,28840,1.21212121212
574473,574484,575047,11,563,2,7200,1.01953818828
574504,574511,575088,7,577,2,7200,1.01213171577
574543,574549,575004,6,455,2,7200,1.01318681319
574558,574565,575133,7,568,2,7200,1.01232394366
574560,574572,575141,12,569,2,7200,1.02108963093
574587,574594,575121,7,527,2,7200,1.01328273245
574621,574628,575190,7,562,2,7200,1.01245551601
574642,574649,575217,7,568,2,7200,1.01232394366
574657,574664,575239,7,575,2,7200,1.01217391304
574659,574670,575234,11,564,2,7200,1.0195035461
574674,574680,575212,6,532,2,7200,1.01127819549
574689,574696,575263,7,567,2,7200,1.01234567901
574704,574711,575273,7,562,2,7200,1.01245551601
574720,574726,575272,6,546,2,7200,1.01098901099
574721,574733,575298,12,565,2,7200,1.02123893805
574723,574738,575302,15,564,2,7200,1.02659574468
574741,574748,575317,7,569,2,7200,1.01230228471
574756,574762,575286,6,524,2,7200,1.01145038168
574784,574791,575265,7,474,2,7200,1.01476793249
574799,574805,575341,6,536,2,7200,1.01119402985
574814,574820,575383,6,563,2,7200,1.01065719361
574815,574827,575384,12,557,2,7200,1.02154398564
574834,574840,575425,6,585,2,7200,1.01025641026
574849,574856,575365,7,509,2,7200,1.0137524558
574851,574862,575398,11,536,2,7200,1.02052238806
574866,574873,575429,7,556,2,7200,1.01258992806
574868,574880,575382,12,502,2,7200,1.02390438247
574869,574885,575445,16,560,2,7200,1.02857142857
574909,574915,575483,6,568,2,7200,1.01056338028
574910,574922,574952,12,30,4,28840,1.4
574924,574930,575504,6,574,2,7200,1.01045296167
574939,574946,575503,7,557,2,7200,1.01256732496
574941,574953,575521,12,568,2,7200,1.02112676056
574956,574962,575515,6,553,2,7200,1.01084990958
574957,574969,575545,12,576,2,7200,1.02083333333
574973,574979,575524,6,545,2,7200,1.01100917431
574988,574995,575565,7,570,2,7200,1.01228070175
574990,575002,575563,12,561,2,7200,1.02139037433
574991,575007,575519,16,512,2,7200,1.03125
575006,575014,575531,8,517,2,7200,1.01547388781
575008,575021,575589,13,568,2,7200,1.02288732394
575041,575048,575616,7,568,2,7200,1.01232394366
575056,575064,575632,8,568,2,7200,1.01408450704
575090,575096,575650,6,554,2,7200,1.01083032491
575123,575131,575685,8,554,2,7200,1.01444043321
575139,575145,575722,6,577,2,7200,1.01039861352
575154,575161,575709,7,548,2,7200,1.01277372263
575193,575200,575770,7,570,2,7200,1.01228070175
575215,575222,575790,7,568,2,7200,1.01232394366
575230,575236,575812,6,576,2,7200,1.01041666667
575245,575251,575802,6,551,2,7200,1.0108892922
575246,575258,575797,12,539,2,7200,1.02226345083
575262,575268,575797,6,529,2,7200,1.01134215501
575277,575283,575865,6,582,2,7200,1.01030927835
575279,575290,575840,11,550,2,7200,1.02
575280,575295,575872,15,577,2,7200,1.0259965338
575295,575302,575886,7,584,2,7200,1.01198630137
575310,575317,575890,7,573,2,7200,1.01221640489
575312,575323,575886,11,563,2,7200,1.01953818828
575327,575333,575895,6,562,2,7200,1.01067615658
575342,575348,575861,6,513,2,7200,1.01169590643
575360,575367,591689,7,16322,4,72000,1.00042886901
575366,575374,575947,8,573,2,7200,1.01396160558
575385,575392,575970,7,578,2,7200,1.01211072664
575386,575399,575945,13,546,2,7200,1.02380952381
575388,575404,575965,16,561,2,7200,1.02852049911
575403,575411,575976,8,565,2,7200,1.01415929204
575428,575434,575999,6,565,2,7200,1.01061946903
575443,575450,576015,7,565,2,7200,1.01238938053
575458,575465,576046,7,581,2,7200,1.01204819277
575485,575492,576056,7,564,2,7200,1.01241134752
575504,575511,576089,7,578,2,7200,1.01211072664
575505,575518,576074,13,556,2,7200,1.02338129496
575521,575527,576062,6,535,2,7200,1.01121495327
575523,575535,576091,12,556,2,7200,1.02158273381
575524,575540,576097,16,557,2,7200,1.02872531418
575539,575547,576104,8,557,2,7200,1.01436265709
575541,575553,576116,12,563,2,7200,1.02131438721
575556,575562,576079,6,517,2,7200,1.01160541586
575571,575577,576134,6,557,2,7200,1.01077199282
575573,575583,576148,10,565,2,7200,1.01769911504
575591,575598,576166,7,568,2,7200,1.01232394366
575618,575626,576159,8,533,2,7200,1.01500938086
575634,575641,576177,7,536,2,7200,1.01305970149
575652,575658,576221,6,563,2,7200,1.01065719361
575688,575696,576256,8,560,2,7200,1.01428571429
575710,575716,576291,6,575,2,7200,1.01043478261
575725,575731,576264,6,533,2,7200,1.01125703565
575773,575780,576350,7,570,2,7200,1.01228070175
575792,575799,576367,7,568,2,7200,1.01232394366
575807,575813,576373,6,560,2,7200,1.01071428571
575808,575819,576389,11,570,2,7200,1.01929824561
575810,575824,576328,14,504,2,7200,1.02777777778
575825,575831,576355,6,524,2,7200,1.01145038168
575843,575849,576394,6,545,2,7200,1.01100917431
575864,575871,576435,7,564,2,7200,1.01241134752
575879,575886,576470,7,584,2,7200,1.01198630137
575881,575892,576386,11,494,2,7200,1.02226720648
575897,575903,576475,6,572,2,7200,1.01048951049
575898,575911,576468,13,557,2,7200,1.02333931777
575899,575916,576482,17,566,2,7200,1.03003533569
575901,575921,576490,20,569,2,7200,1.03514938489
575946,575954,576515,8,561,2,7200,1.01426024955
575948,575961,576527,13,566,2,7200,1.02296819788
575965,575972,591645,7,15673,16,72000,1.00044662796
575966,575978,576536,12,558,2,7200,1.02150537634
575982,575988,576557,6,569,2,7200,1.01054481547
575983,575994,576564,11,570,2,7200,1.01929824561
576001,576007,576577,6,570,2,7200,1.01052631579
576016,576022,576544,6,522,2,7200,1.01149425287
576050,576056,576622,6,566,2,7200,1.01060070671
576065,576072,576643,7,571,2,7200,1.0122591944
576066,576079,576647,13,568,2,7200,1.02288732394
576075,576085,576101,10,16,16,72000,1.625
576082,576092,576633,10,541,2,7200,1.01848428835
576083,576097,576640,14,543,2,7200,1.02578268877
576099,576105,576683,6,578,2,7200,1.01038062284
576100,576112,576685,12,573,2,7200,1.02094240838
576102,576117,576690,15,573,2,7200,1.02617801047
576117,576123,576653,6,530,2,7200,1.01132075472
576119,576131,576665,12,534,2,7200,1.02247191011
576137,576143,576719,6,576,2,7200,1.01041666667
576152,576158,576730,6,572,2,7200,1.01048951049
576167,576174,576732,7,558,2,7200,1.01254480287
576169,576181,576721,12,540,2,7200,1.02222222222
576184,576190,576759,6,569,2,7200,1.01054481547
576224,576231,576795,7,564,2,7200,1.01241134752
576257,576264,576833,7,569,2,7200,1.01230228471
576272,576278,576841,6,563,2,7200,1.01065719361
576293,576301,576837,8,536,2,7200,1.01492537313
576330,576336,576877,6,541,2,7200,1.01109057301
576351,576357,576881,6,524,2,7200,1.01145038168
576366,576374,576889,8,515,2,7200,1.01553398058
576382,576389,576960,7,571,2,7200,1.0122591944
576383,576395,576963,12,568,2,7200,1.02112676056
576398,576406,576981,8,575,2,7200,1.01391304348
576400,576412,576934,12,522,2,7200,1.02298850575
576401,576418,576970,17,552,2,7200,1.03079710145
576438,576444,577006,6,562,2,7200,1.01067615658
576471,576478,577060,7,582,2,7200,1.01202749141
576473,576485,577053,12,568,2,7200,1.02112676056
576488,576494,577057,6,563,2,7200,1.01065719361
576489,576500,577043,11,543,2,7200,1.02025782689
576504,576512,577087,8,575,2,7200,1.01391304348
576520,576526,577099,6,573,2,7200,1.01047120419
576535,576541,577108,6,567,2,7200,1.01058201058
576550,576556,577128,6,572,2,7200,1.01048951049
576552,576564,577138,12,574,2,7200,1.02090592334
576567,576573,577140,6,567,2,7200,1.01058201058
576568,576580,577151,12,571,2,7200,1.02101576182
576583,576590,577157,7,567,2,7200,1.01234567901
576623,576630,577189,7,559,2,7200,1.01252236136
576638,576644,577194,6,550,2,7200,1.01090909091
576654,576660,577237,6,577,2,7200,1.01039861352
576655,576666,577225,11,559,2,7200,1.01967799642
576656,576672,577225,16,553,2,7200,1.02893309222
576658,576677,577210,19,533,2,7200,1.03564727955
576673,576684,577244,11,560,2,7200,1.01964285714
576689,576695,577173,6,478,2,7200,1.01255230126
576690,576701,577263,11,562,2,7200,1.01957295374
576705,576711,577261,6,550,2,7200,1.01090909091
576720,576727,577297,7,570,2,7200,1.01228070175
576736,576742,577300,6,558,2,7200,1.01075268817
576737,576749,577313,12,564,2,7200,1.02127659574
576739,576754,577315,15,561,2,7200,1.02673796791
576760,576767,577267,7,500,2,7200,1.014
576797,576803,577364,6,561,2,7200,1.01069518717
576836,576843,577413,7,570,2,7200,1.01228070175
576851,576857,577420,6,563,2,7200,1.01065719361
576853,576863,577429,10,566,2,7200,1.01766784452
576880,576887,577456,7,569,2,7200,1.01230228471
576895,576902,577483,7,581,2,7200,1.01204819277
576897,576908,577485,11,577,2,7200,1.01906412478
576936,576944,577499,8,555,2,7200,1.01441441441
576961,576968,577528,7,560,2,7200,1.0125
576976,576982,577486,6,504,2,7200,1.0119047619
576978,576989,577543,11,554,2,7200,1.01985559567
576993,577000,577568,7,568,2,7200,1.01232394366
577008,577015,577592,7,577,2,7200,1.01213171577
577044,577051,577618,7,567,2,7200,1.01234567901
577060,577066,577633,6,567,2,7200,1.01058201058
577061,577073,577641,12,568,2,7200,1.02112676056
577063,577078,577646,15,568,2,7200,1.0264084507
577090,577096,577662,6,566,2,7200,1.01060070671
577105,577113,577695,8,582,2,7200,1.01374570447
577120,577126,577651,6,525,2,7200,1.01142857143
577135,577142,577714,7,572,2,7200,1.01223776224
577151,577157,577725,6,568,2,7200,1.01056338028
577152,577165,577699,13,534,2,7200,1.02434456929
577153,577170,577699,17,529,2,7200,1.03213610586
577169,577177,577742,8,565,2,7200,1.01415929204
577184,577191,577774,7,583,2,7200,1.01200686106
577199,577205,577787,6,582,2,7200,1.01030927835
577201,577213,577773,12,560,2,7200,1.02142857143
577217,577224,577752,7,528,2,7200,1.01325757576
577232,577238,577807,6,569,2,7200,1.01054481547
577234,577244,577809,10,565,2,7200,1.01769911504
577249,577255,577815,6,560,2,7200,1.01071428571
577250,577262,577832,12,570,2,7200,1.02105263158
577266,577272,577790,6,518,2,7200,1.01158301158
577267,577280,577852,13,572,2,7200,1.02272727273
577282,577288,577818,6,530,2,7200,1.01132075472
577301,577308,577876,7,568,2,7200,1.01232394366
577302,577315,577898,13,583,2,7200,1.02229845626
577318,577325,577860,7,535,2,7200,1.01308411215
577319,577332,577869,13,537,2,7200,1.02420856611
577365,577371,577938,6,567,2,7200,1.01058201058
577414,577420,577968,6,548,2,7200,1.01094890511
577429,577436,577993,7,557,2,7200,1.01256732496
577431,577443,578005,12,562,2,7200,1.02135231317
577457,577464,595435,7,17971,16,72000,1.00038951644
577458,577470,578040,12,570,2,7200,1.02105263158
577486,577492,578009,6,517,2,7200,1.01160541586
577487,577499,578074,12,575,2,7200,1.02086956522
577489,577504,578062,15,558,2,7200,1.02688172043
577504,577510,578075,6,565,2,7200,1.01061946903
577531,577537,578083,6,546,2,7200,1.01098901099
577546,577553,578123,7,570,2,7200,1.01228070175
577571,577578,578133,7,555,2,7200,1.01261261261
577595,577601,578168,6,567,2,7200,1.01058201058
577619,577626,578169,7,543,2,7200,1.01289134438
577634,577640,578219,6,579,2,7200,1.0103626943
577650,577656,578226,6,570,2,7200,1.01052631579
577651,577664,578197,13,533,2,7200,1.0243902439
577666,577672,578239,6,567,2,7200,1.01058201058
577668,577679,578150,11,471,2,7200,1.02335456476
577696,577703,578243,7,540,2,7200,1.01296296296
577697,577710,578273,13,563,2,7200,1.02309058615
577712,577719,578253,7,534,2,7200,1.01310861423
577728,577735,578256,7,521,2,7200,1.01343570058
577729,577741,578311,12,570,2,7200,1.02105263158
577744,577751,578331,7,580,2,7200,1.01206896552
577759,577766,578332,7,566,2,7200,1.01236749117
577775,577782,578337,7,555,2,7200,1.01261261261
577776,577789,578357,13,568,2,7200,1.02288732394
577791,577798,578332,7,534,2,7200,1.01310861423
577793,577805,578307,12,502,2,7200,1.02390438247
577808,577815,578380,7,565,2,7200,1.01238938053
577824,577830,578393,6,563,2,7200,1.01065719361
577825,577837,578404,12,567,2,7200,1.02116402116
577827,577842,578387,15,545,2,7200,1.02752293578
577842,577849,578412,7,563,2,7200,1.01243339254
577857,577864,578436,7,572,2,7200,1.01223776224
577872,577878,578409,6,531,2,7200,1.01129943503
577873,577885,578455,12,570,2,7200,1.02105263158
577889,577895,578444,6,549,2,7200,1.01092896175
577904,577910,578406,6,496,2,7200,1.01209677419
577940,577948,578506,8,558,2,7200,1.01433691756
577971,577977,578496,6,519,2,7200,1.01156069364
577995,578001,578508,6,507,2,7200,1.01183431953
578011,578018,578595,7,577,2,7200,1.01213171577
578012,578024,578590,12,566,2,7200,1.02120141343
578043,578049,578614,6,565,2,7200,1.01061946903
578064,578070,578642,6,572,2,7200,1.01048951049
578079,578086,578640,7,554,2,7200,1.01263537906
578081,578093,578663,12,570,2,7200,1.02105263158
578096,578103,578662,7,559,2,7200,1.01252236136
578126,578133,578702,7,569,2,7200,1.01230228471
578141,578148,578663,7,515,2,7200,1.01359223301
578156,578163,578734,7,571,2,7200,1.0122591944
578171,578179,578713,8,534,2,7200,1.01498127341
578173,578186,578718,13,532,2,7200,1.02443609023
578197,578204,578746,7,542,2,7200,1.01291512915
578222,578229,578795,7,566,2,7200,1.01236749117
578237,578244,578795,7,551,2,7200,1.01270417423
578252,578259,578823,7,564,2,7200,1.01241134752
578254,578266,578832,12,566,2,7200,1.02120141343
578269,578276,578815,7,539,2,7200,1.01298701299
578271,578283,578800,12,517,2,7200,1.02321083172
578286,578293,578854,7,561,2,7200,1.01247771836
578310,578316,578833,6,517,2,7200,1.01160541586
578325,578332,578898,7,566,2,7200,1.01236749117
578341,578348,578884,7,536,2,7200,1.01305970149
578342,578354,578894,12,540,2,7200,1.02222222222
578344,578360,578917,16,557,2,7200,1.02872531418
578345,578365,578920,20,555,2,7200,1.03603603604
578360,578373,578887,13,514,2,7200,1.02529182879
578381,578387,578927,6,540,2,7200,1.01111111111
578397,578403,578979,6,576,2,7200,1.01041666667
578398,578410,578999,12,589,2,7200,1.02037351443
578414,578420,578935,6,515,2,7200,1.01165048544
578415,578427,578967,12,540,2,7200,1.02222222222
578417,578432,578937,15,505,2,7200,1.0297029703
578418,578437,579003,19,566,2,7200,1.03356890459
578439,578446,579008,7,562,2,7200,1.01245551601
578455,578462,579026,7,564,2,7200,1.01241134752
578470,578476,579056,6,580,2,7200,1.01034482759
578497,578504,579050,7,546,2,7200,1.01282051282
578512,578519,579067,7,548,2,7200,1.01277372263
578514,578525,579091,11,566,2,7200,1.01943462898
578593,578600,579169,7,569,2,7200,1.01230228471
578608,578615,579181,7,566,2,7200,1.01236749117
578623,578629,579204,6,575,2,7200,1.01043478261
578642,578648,579216,6,568,2,7200,1.01056338028
578657,578664,579191,7,527,2,7200,1.01328273245
578672,578679,579235,7,556,2,7200,1.01258992806
578674,578686,579245,12,559,2,7200,1.02146690519
578675,578691,579249,16,558,2,7200,1.02867383513
578706,578713,579276,7,563,2,7200,1.01243339254
578721,578727,579249,6,522,2,7200,1.01149425287
578722,578734,579209,12,475,2,7200,1.02526315789
578738,578744,579295,6,551,2,7200,1.0108892922
578753,578759,579263,6,504,2,7200,1.0119047619
578799,578805,579342,6,537,2,7200,1.01117318436
578800,578812,579376,12,564,2,7200,1.02127659574
578816,578823,579390,7,567,2,7200,1.01234567901
578817,578830,579360,13,530,2,7200,1.02452830189
578833,578839,579404,6,565,2,7200,1.01061946903
578834,578847,579414,13,567,2,7200,1.02292768959
578850,578856,579409,6,553,2,7200,1.01084990958
578865,578872,579386,7,514,2,7200,1.01361867704
578886,578893,579466,7,573,2,7200,1.01221640489
578902,578908,579479,6,571,2,7200,1.01050788091
578903,578916,579406,13,490,2,7200,1.02653061224
578904,578921,579451,17,530,2,7200,1.0320754717
578920,578928,579503,8,575,2,7200,1.01391304348
578935,578941,579494,6,553,2,7200,1.01084990958
578937,578948,579527,11,579,2,7200,1.01899827288
578938,578953,579516,15,563,2,7200,1.02664298401
578953,578959,579537,6,578,2,7200,1.01038062284
578968,578975,579540,7,565,2,7200,1.01238938053
578984,578990,579568,6,578,2,7200,1.01038062284
579002,579008,579573,6,565,2,7200,1.01061946903
579017,579023,579599,6,576,2,7200,1.01041666667
579019,579030,579550,11,520,2,7200,1.02115384615
579034,579040,579578,6,538,2,7200,1.01115241636
579052,579059,579621,7,562,2,7200,1.01245551601
579067,579073,579590,6,517,2,7200,1.01160541586
579082,579088,579654,6,566,2,7200,1.01060070671
579097,579105,579673,8,568,2,7200,1.01408450704
579103,579112,579564,9,452,4,28800,1.01991150442
579125,579131,579567,6,436,4,100800,1.01376146789
579171,579178,579717,7,539,2,7200,1.01298701299
579186,579192,579736,6,544,2,7200,1.01102941176
579201,579208,579759,7,551,2,7200,1.01270417423
579216,579224,579734,8,510,2,7200,1.01568627451
579218,579231,579767,13,536,2,7200,1.02425373134
579219,579236,579750,17,514,2,7200,1.03307392996
579238,579244,579777,6,533,2,7200,1.01125703565
579254,579260,579804,6,544,2,7200,1.01102941176
579255,579267,579795,12,528,2,7200,1.02272727273
579256,579272,579788,16,516,2,7200,1.03100775194
579271,579279,579846,8,567,2,7200,1.01410934744
579286,579293,579874,7,581,2,7200,1.01204819277
579301,579309,579866,8,557,2,7200,1.01436265709
579344,579350,579918,6,568,2,7200,1.01056338028
579362,579369,579906,7,537,2,7200,1.01303538175
579377,579383,579950,6,567,2,7200,1.01058201058
579393,579399,579943,6,544,2,7200,1.01102941176
579394,579411,579981,17,570,2,7200,1.0298245614
579394,579406,592032,12,12626,4,28860,1.00095041977
579410,579417,654871,7,75454,4,97260,1.00009277175
579410,579423,579990,13,567,2,7200,1.02292768959
579411,579428,579993,17,565,2,7200,1.03008849558
579412,579435,579977,23,542,2,7200,1.04243542435
579428,579440,580006,12,566,2,7200,1.02120141343
579452,579458,580022,6,564,2,7200,1.01063829787
579467,579473,580022,6,549,2,7200,1.01092896175
579482,579488,580032,6,544,2,7200,1.01102941176
579497,579503,580071,6,568,2,7200,1.01056338028
579512,579519,580083,7,564,2,7200,1.01241134752
579528,579535,580060,7,525,2,7200,1.01333333333
579529,579542,580069,13,527,2,7200,1.02466793169
579544,579551,580109,7,558,2,7200,1.01254480287
579546,579558,580138,12,580,2,7200,1.02068965517
579561,579567,580130,6,563,2,7200,1.01065719361
579572,579579,596683,7,17104,4,28800,1.00040926099
579576,579586,580134,10,548,2,7200,1.01824817518
579578,579591,580157,13,566,2,7200,1.02296819788
579593,579601,580174,8,573,2,7200,1.01396160558
579595,579608,580174,13,566,2,7200,1.02296819788
579610,579616,580119,6,503,2,7200,1.01192842942
579625,579632,580189,7,557,2,7200,1.01256732496
579629,579639,652945,10,73306,4,100800,1.00013641448
579655,579662,580207,7,545,2,7200,1.0128440367
579673,579681,580178,8,497,2,7200,1.01609657948
579719,579726,580267,7,541,2,7200,1.01293900185
579735,579741,580320,6,579,2,7200,1.0103626943
579736,579748,580287,12,539,2,7200,1.02226345083
579751,579757,580303,6,546,2,7200,1.01098901099
579766,579772,580354,6,582,2,7200,1.01030927835
579781,579788,580355,7,567,2,7200,1.01234567901
579783,579795,580360,12,565,2,7200,1.02123893805
579798,579804,580377,6,573,2,7200,1.01047120419
579800,579811,580393,11,582,2,7200,1.01890034364
579815,579821,580386,6,565,2,7200,1.01061946903
579848,579854,580379,6,525,2,7200,1.01142857143
579869,579875,580421,6,546,2,7200,1.01098901099
579884,579891,580451,7,560,2,7200,1.0125
579909,579916,580440,7,524,2,7200,1.01335877863
579920,579928,597704,8,17776,4,36000,1.000450045
579924,579934,580457,10,523,2,7200,1.01912045889
579942,579949,652872,7,72923,4,90000,1.00009599166
579945,579955,580509,10,554,2,7200,1.01805054152
579960,579967,580503,7,536,2,7200,1.01305970149
579978,579985,580539,7,554,2,7200,1.01263537906
579991,579997,580084,6,87,4,72000,1.06896551724
579994,580004,580521,10,517,2,7200,1.01934235977
579995,580009,580565,14,556,2,7200,1.02517985612
579997,580014,580582,17,568,2,7200,1.02992957746
580012,580021,580521,9,500,2,7200,1.018
580028,580034,580597,6,563,2,7200,1.01065719361
580029,580041,580608,12,567,2,7200,1.02116402116
580044,580051,580619,7,568,2,7200,1.01232394366
580062,580069,580627,7,558,2,7200,1.01254480287
580077,580084,580629,7,545,2,7200,1.0128440367
580079,580090,580670,11,580,2,7200,1.01896551724
580094,580101,580616,7,515,2,7200,1.01359223301
580112,580118,580681,6,563,2,7200,1.01065719361
580127,580134,580716,7,582,2,7200,1.01202749141
580142,580149,580712,7,563,2,7200,1.01243339254
580144,580155,580668,11,513,2,7200,1.02144249513
580145,580161,580724,16,563,2,7200,1.02841918295
580160,580167,580731,7,564,2,7200,1.01241134752
580176,580183,580751,7,568,2,7200,1.01232394366
580177,580189,580751,12,562,2,7200,1.02135231317
580192,580199,580766,7,567,2,7200,1.01234567901
580194,580205,580789,11,584,2,7200,1.01883561644
580209,580215,580740,6,525,2,7200,1.01142857143
580270,580277,580840,7,563,2,7200,1.01243339254
580291,580297,580879,6,582,2,7200,1.01030927835
580306,580312,580814,6,502,2,7200,1.01195219124
580321,580328,580888,7,560,2,7200,1.0125
580355,580362,580928,7,566,2,7200,1.01236749117
580370,580376,580942,6,566,2,7200,1.01060070671
580372,580384,580941,12,557,2,7200,1.02154398564
580387,580394,580952,7,558,2,7200,1.01254480287
580389,580406,580922,17,516,2,7200,1.03294573643
580390,580411,580976,21,565,2,7200,1.03716814159
580394,580401,624177,7,43776,16,108000,1.00015990497
580405,580418,580975,13,557,2,7200,1.02333931777
580407,580462,649309,55,68847,16,108000,1.00079887286
580416,590850,656355,10434,65505,16,108000,1.15928555072
580423,580430,580997,7,567,2,7200,1.01234567901
580431,591656,641569,11225,49913,16,108000,1.22489131088
580442,580449,581016,7,567,2,7200,1.01234567901
580444,595447,703452,15003,108005,16,108000,1.13891023564
580457,580470,581007,13,537,2,7200,1.02420856611
580460,598675,706682,18215,108007,16,108000,1.16864647662
580470,598859,706865,18389,108006,16,108000,1.17025905968
580472,580479,581053,7,574,2,7200,1.01219512195
580481,598959,665683,18478,66724,16,108000,1.27693183862
580506,580513,581081,7,568,2,7200,1.01232394366
580508,599026,664082,18518,65056,16,108000,1.28464707329
580522,580528,581096,6,568,2,7200,1.01056338028
580522,615992,709666,35470,93674,16,108000,1.37865362854
580523,580536,581076,13,540,2,7200,1.02407407407
580524,580541,581104,17,563,2,7200,1.03019538188
580535,839970,918535,259435,78565,16,108000,4.30217017756
580543,580550,581106,7,556,2,7200,1.01258992806
580546,839976,922120,259430,82144,16,108000,4.15823432022
580567,580574,581093,7,519,2,7200,1.01348747592
580586,580593,581172,7,579,2,7200,1.01208981002
580601,580608,581126,7,518,2,7200,1.01351351351
580616,580623,581176,7,553,2,7200,1.01265822785
580617,580630,581211,13,581,2,7200,1.02237521515
580633,580639,581212,6,573,2,7200,1.01047120419
580634,580647,581136,13,489,2,7200,1.02658486708
580636,580652,581168,16,516,2,7200,1.03100775194
580670,580676,581242,6,566,2,7200,1.01060070671
580685,580691,581233,6,542,2,7200,1.0110701107
580686,580698,581264,12,566,2,7200,1.02120141343
580714,580721,581279,7,558,2,7200,1.01254480287
580729,580736,581303,7,567,2,7200,1.01234567901
580731,580742,581318,11,576,2,7200,1.01909722222
580746,580753,581321,7,568,2,7200,1.01232394366
580747,580759,581293,12,534,2,7200,1.02247191011
580763,580770,581335,7,565,2,7200,1.01238938053
580764,580776,581333,12,557,2,7200,1.02154398564
580779,580786,581332,7,546,2,7200,1.01282051282
580794,580801,581354,7,553,2,7200,1.01265822785
580816,580823,581394,7,571,2,7200,1.0122591944
580840,580846,581413,6,567,2,7200,1.01058201058
580880,580886,581450,6,564,2,7200,1.01063829787
580895,580901,581429,6,528,2,7200,1.01136363636
580926,580933,581499,7,566,2,7200,1.01236749117
580941,580947,581515,6,568,2,7200,1.01056338028
580942,580954,581480,12,526,2,7200,1.02281368821
580958,580966,581508,8,542,2,7200,1.0147601476
580960,580971,581552,11,581,2,7200,1.01893287435
580978,580984,581523,6,539,2,7200,1.01113172542
580979,580991,581559,12,568,2,7200,1.02112676056
580998,581004,581563,6,559,2,7200,1.01073345259
581013,581020,581570,7,550,2,7200,1.01272727273
581028,581035,581594,7,559,2,7200,1.01252236136
581055,581062,581624,7,562,2,7200,1.01245551601
581080,581086,581653,6,567,2,7200,1.01058201058
581095,581101,581657,6,556,2,7200,1.01079136691
581097,581109,581666,12,557,2,7200,1.02154398564
581112,581118,581690,6,572,2,7200,1.01048951049
581114,581124,581670,10,546,2,7200,1.01831501832
581115,581130,581696,15,566,2,7200,1.02650176678
581130,581137,581703,7,566,2,7200,1.01236749117
581145,581151,581717,6,566,2,7200,1.01060070671
581170,581176,581713,6,537,2,7200,1.01117318436
581185,581191,581760,6,569,2,7200,1.01054481547
581186,581197,581724,11,527,2,7200,1.02087286528
581214,581221,581766,7,545,2,7200,1.0128440367
581215,581228,581786,13,558,2,7200,1.02329749104
581233,581240,581810,7,570,2,7200,1.01228070175
581249,581255,581819,6,564,2,7200,1.01063829787
581267,581274,581797,7,523,2,7200,1.01338432122
581282,581289,581864,7,575,2,7200,1.01217391304
581297,581303,581868,6,565,2,7200,1.01061946903
581312,581318,581898,6,580,2,7200,1.01034482759
581327,581333,581894,6,561,2,7200,1.01069518717
581329,581340,581902,11,562,2,7200,1.01957295374
581344,581350,581918,6,568,2,7200,1.01056338028
581345,581357,581929,12,572,2,7200,1.02097902098
581347,581362,581932,15,570,2,7200,1.02631578947
581362,581368,581883,6,515,2,7200,1.01165048544
581395,581403,581985,8,582,2,7200,1.01374570447
581414,581421,581989,7,568,2,7200,1.01232394366
581432,581439,582002,7,563,2,7200,1.01243339254
581451,581458,582022,7,564,2,7200,1.01241134752
581481,581487,582068,6,581,2,7200,1.01032702238
581502,581509,581990,7,481,2,7200,1.01455301455
581518,581525,582098,7,573,2,7200,1.01221640489
581519,581532,582099,13,567,2,7200,1.02292768959
581535,581542,582096,7,554,2,7200,1.01263537906
581553,581560,582092,7,532,2,7200,1.01315789474
581569,581575,582135,6,560,2,7200,1.01071428571
581570,581582,582154,12,572,2,7200,1.02097902098
581585,581591,582124,6,533,2,7200,1.01125703565
581600,581607,582157,7,550,2,7200,1.01272727273
581625,581632,582180,7,548,2,7200,1.01277372263
581655,581662,582229,7,567,2,7200,1.01234567901
581671,581677,582225,6,548,2,7200,1.01094890511
581672,581684,582221,12,537,2,7200,1.02234636872
581674,581689,582223,15,534,2,7200,1.02808988764
581692,581700,582263,8,563,2,7200,1.01420959147
581708,581715,582279,7,564,2,7200,1.01241134752
581709,581721,582285,12,564,2,7200,1.02127659574
581725,581732,582240,7,508,2,7200,1.01377952756
581726,581739,582306,13,567,2,7200,1.02292768959
581728,581744,582290,16,546,2,7200,1.0293040293
581762,581769,582338,7,569,2,7200,1.01230228471
581777,581783,582355,6,572,2,7200,1.01048951049
581792,581799,582359,7,560,2,7200,1.0125
581807,581813,582370,6,557,2,7200,1.01077199282
581823,581830,582398,7,568,2,7200,1.01232394366
581824,581837,582398,13,561,2,7200,1.02317290553
581867,581874,582438,7,564,2,7200,1.01241134752
581882,581888,582468,6,580,2,7200,1.01034482759
581898,581904,582484,6,580,2,7200,1.01034482759
581899,581912,582467,13,555,2,7200,1.02342342342
581914,581921,582484,7,563,2,7200,1.01243339254
581916,581928,582480,12,552,2,7200,1.02173913043
581931,581938,582515,7,577,2,7200,1.01213171577
581933,581946,582498,13,552,2,7200,1.02355072464
581948,581956,582497,8,541,2,7200,1.01478743068
581985,581991,582516,6,525,2,7200,1.01142857143
582001,582007,582574,6,567,2,7200,1.01058201058
582002,582014,582558,12,544,2,7200,1.02205882353
582017,582023,582534,6,511,2,7200,1.01174168297
582032,582039,582606,7,567,2,7200,1.01234567901
582069,582075,582639,6,564,2,7200,1.01063829787
582093,582099,582655,6,556,2,7200,1.01079136691
582109,582115,582608,6,493,2,7200,1.0121703854
582111,582123,582690,12,567,2,7200,1.02116402116
582112,582128,582702,16,574,2,7200,1.02787456446
582127,582134,582705,7,571,2,7200,1.0122591944
582142,582149,582687,7,538,2,7200,1.01301115242
582157,582163,582716,6,553,2,7200,1.01084990958
582159,582170,582740,11,570,2,7200,1.01929824561
582183,582189,582756,6,567,2,7200,1.01058201058
582223,582230,582795,7,565,2,7200,1.01238938053
582225,582237,582800,12,563,2,7200,1.02131438721
582241,582248,582784,7,536,2,7200,1.01305970149
582242,582254,582810,12,556,2,7200,1.02158273381
582243,582260,582819,17,559,2,7200,1.03041144902
582265,582272,582823,7,551,2,7200,1.01270417423
582283,582291,582860,8,569,2,7200,1.01405975395
582299,582306,582829,7,523,2,7200,1.01338432122
582300,582313,582850,13,537,2,7200,1.02420856611
582315,582323,582888,8,565,2,7200,1.01415929204
582340,582346,582871,6,525,2,7200,1.01142857143
582358,582365,582885,7,520,2,7200,1.01346153846
582373,582380,582948,7,568,2,7200,1.01232394366
582375,582387,582953,12,566,2,7200,1.02120141343
582399,582407,582987,8,580,2,7200,1.01379310345
582401,582414,582974,13,560,2,7200,1.02321428571
582441,582448,582932,7,484,2,7200,1.01446280992
582469,582475,583035,6,560,2,7200,1.01071428571
582470,582482,582998,12,516,2,7200,1.02325581395
582486,582492,583038,6,546,2,7200,1.01098901099
582487,582499,583066,12,567,2,7200,1.02116402116
582488,582504,583054,16,550,2,7200,1.02909090909
582504,582511,583072,7,561,2,7200,1.01247771836
582505,582518,583087,13,569,2,7200,1.02284710018
582521,582528,583096,7,568,2,7200,1.01232394366
582522,582535,583100,13,565,2,7200,1.02300884956
582537,582544,583108,7,564,2,7200,1.01241134752
582559,582566,583091,7,525,2,7200,1.01333333333
582574,582581,583126,7,545,2,7200,1.0128440367
582607,582614,583179,7,565,2,7200,1.01238938053
582622,582629,583193,7,564,2,7200,1.01241134752
582641,582648,583217,7,569,2,7200,1.01230228471
582659,582666,583216,7,550,2,7200,1.01272727273
582690,582697,583262,7,565,2,7200,1.01238938053
582705,582711,583261,6,550,2,7200,1.01090909091
582706,582718,583206,12,488,2,7200,1.02459016393
582708,582723,583287,15,564,2,7200,1.02659574468
582723,582730,583267,7,537,2,7200,1.01303538175
582741,582748,583318,7,570,2,7200,1.01228070175
582757,582763,583327,6,564,2,7200,1.01063829787
582787,582794,583368,7,574,2,7200,1.01219512195
582803,582809,583370,6,561,2,7200,1.01069518717
582804,582816,583382,12,566,2,7200,1.02120141343
582819,582825,583389,6,564,2,7200,1.01063829787
582821,582832,583399,11,567,2,7200,1.01940035273
582836,582842,583402,6,560,2,7200,1.01071428571
582837,582849,583362,12,513,2,7200,1.02339181287
582852,582859,583425,7,566,2,7200,1.01236749117
582868,582875,583427,7,552,2,7200,1.01268115942
582883,582890,583419,7,529,2,7200,1.01323251418
582898,582904,583416,6,512,2,7200,1.01171875
582899,582910,583485,11,575,2,7200,1.01913043478
582936,582942,583478,6,536,2,7200,1.01119402985
582951,582957,583543,6,586,2,7200,1.01023890785
582966,582972,583541,6,569,2,7200,1.01054481547
582981,582987,583543,6,556,2,7200,1.01079136691
582996,583002,583554,6,552,2,7200,1.01086956522
583011,583018,583544,7,526,2,7200,1.01330798479
583039,583046,583588,7,542,2,7200,1.01291512915
583040,583053,583620,13,567,2,7200,1.02292768959
583056,583063,583594,7,531,2,7200,1.0131826742
583071,583077,583628,6,551,2,7200,1.0108892922
583086,583093,583667,7,574,2,7200,1.01219512195
583102,583108,583631,6,523,2,7200,1.01147227533
583103,583115,583636,12,521,2,7200,1.02303262956
583104,583120,583675,16,555,2,7200,1.02882882883
583106,583125,583661,19,536,2,7200,1.03544776119
583121,583132,583608,11,476,2,7200,1.0231092437
583136,583143,583709,7,566,2,7200,1.01236749117
583182,583189,583753,7,564,2,7200,1.01241134752
583197,583204,583769,7,565,2,7200,1.01238938053
583213,583220,583800,7,580,2,7200,1.01206896552
583228,583235,583797,7,562,2,7200,1.01245551601
583229,583241,583807,12,566,2,7200,1.02120141343
583262,583269,583779,7,510,2,7200,1.0137254902
583264,583277,583843,13,566,2,7200,1.02296819788
583279,583285,583799,6,514,2,7200,1.01167315175
583294,583301,583867,7,566,2,7200,1.01236749117
583319,583326,583907,7,581,2,7200,1.01204819277
583334,583340,583901,6,561,2,7200,1.01069518717
583364,583370,583936,6,566,2,7200,1.01060070671
583379,583386,583953,7,567,2,7200,1.01234567901
583381,583392,583959,11,567,2,7200,1.01940035273
583396,583402,583966,6,564,2,7200,1.01063829787
583397,583408,583988,11,580,2,7200,1.01896551724
583413,583419,583984,6,565,2,7200,1.01061946903
583414,583427,583961,13,534,2,7200,1.02434456929
583430,583437,584012,7,575,2,7200,1.01217391304
583431,583444,584008,13,564,2,7200,1.02304964539
583433,583449,583992,16,543,2,7200,1.02946593002
583434,583454,584011,20,557,2,7200,1.03590664273
583480,583486,584044,6,558,2,7200,1.01075268817
583495,583501,584074,6,573,2,7200,1.01047120419
583540,583546,584121,6,575,2,7200,1.01043478261
583556,583563,584125,7,562,2,7200,1.01245551601
583557,583570,584154,13,584,2,7200,1.02226027397
583559,583575,584135,16,560,2,7200,1.02857142857
583560,583580,584131,20,551,2,7200,1.03629764065
583591,583597,584164,6,567,2,7200,1.01058201058
583605,583612,584173,7,561,2,7200,1.01247771836
583621,583627,584211,6,584,2,7200,1.0102739726
583622,583634,584166,12,532,2,7200,1.02255639098
583638,583643,584208,5,565,2,7200,1.00884955752
583639,583650,584215,11,565,2,7200,1.01946902655
583640,583655,584232,15,577,2,7200,1.0259965338
583665,583671,584239,6,568,2,7200,1.01056338028
583680,583686,584260,6,574,2,7200,1.01045296167
583681,583693,584269,12,576,2,7200,1.02083333333
583712,583719,584293,7,574,2,7200,1.01219512195
583755,583762,584196,7,434,2,7200,1.01612903226
583773,583780,584305,7,525,2,7200,1.01333333333
583788,583795,584270,7,475,2,7200,1.01473684211
583804,583810,584339,6,529,2,7200,1.01134215501
583805,583816,584379,11,563,2,7200,1.01953818828
583806,583822,584399,16,577,2,7200,1.02772963605
583821,583828,584393,7,565,2,7200,1.01238938053
583846,583852,584377,6,525,2,7200,1.01142857143
583870,583876,584376,6,500,2,7200,1.012
583904,583911,584475,7,564,2,7200,1.01241134752
583919,583925,584492,6,567,2,7200,1.01058201058
583937,583944,584505,7,561,2,7200,1.01247771836
583955,583961,584514,6,553,2,7200,1.01084990958
583971,583977,584500,6,523,2,7200,1.01147227533
583972,583983,584483,11,500,2,7200,1.022
583973,583989,584549,16,560,2,7200,1.02857142857
583989,583996,584516,7,520,2,7200,1.01346153846
583990,584003,584519,13,516,2,7200,1.02519379845
584006,584012,584538,6,526,2,7200,1.01140684411
584021,584027,584543,6,516,2,7200,1.01162790698
584022,584034,584591,12,557,2,7200,1.02154398564
584024,584039,584570,15,531,2,7200,1.02824858757
584045,584052,584624,7,572,2,7200,1.01223776224
584075,584082,584576,7,494,2,7200,1.01417004049
584125,584132,584696,7,564,2,7200,1.01241134752
584140,584146,584676,6,530,2,7200,1.01132075472
584141,584152,584724,11,572,2,7200,1.01923076923
584143,584158,584698,15,540,2,7200,1.02777777778
584158,584165,584704,7,539,2,7200,1.01298701299
584173,584179,584691,6,512,2,7200,1.01171875
584175,584185,584753,10,568,2,7200,1.0176056338
584176,584191,584711,15,520,2,7200,1.02884615385
584198,584204,584768,6,564,2,7200,1.01063829787
584213,584219,584760,6,541,2,7200,1.01109057301
584214,584226,584782,12,556,2,7200,1.02158273381
584229,584236,584805,7,569,2,7200,1.01230228471
584245,584251,584767,6,516,2,7200,1.01162790698
584246,584257,584712,11,455,2,7200,1.02417582418
584262,584268,584805,6,537,2,7200,1.01117318436
584277,584284,584761,7,477,2,7200,1.01467505241
584278,584291,584825,13,534,2,7200,1.02434456929
584296,584302,584869,6,567,2,7200,1.01058201058
584311,584317,584854,6,537,2,7200,1.01117318436
584342,584348,584911,6,563,2,7200,1.01065719361
584378,584385,584932,7,547,2,7200,1.01279707495
584380,584392,584938,12,546,2,7200,1.02197802198
584381,584397,584888,16,491,2,7200,1.03258655804
584396,584403,584988,7,585,2,7200,1.01196581197
584412,584418,584986,6,568,2,7200,1.01056338028
584479,584486,584994,7,508,2,7200,1.01377952756
584494,584501,585029,7,528,2,7200,1.01325757576
584495,584508,585028,13,520,2,7200,1.025
584511,584518,585079,7,561,2,7200,1.01247771836
584513,584524,585094,11,570,2,7200,1.01929824561
584528,584534,585095,6,561,2,7200,1.01069518717
584530,584541,585106,11,565,2,7200,1.01946902655
584531,584546,585110,15,564,2,7200,1.02659574468
584546,584553,585106,7,553,2,7200,1.01265822785
584548,584560,585136,12,576,2,7200,1.02083333333
584563,584570,585142,7,572,2,7200,1.01223776224
584578,584586,585154,8,568,2,7200,1.01408450704
584580,584593,585156,13,563,2,7200,1.02309058615
584595,584601,585154,6,553,2,7200,1.01084990958
584625,584632,585208,7,576,2,7200,1.01215277778
584677,584684,585208,7,524,2,7200,1.01335877863
584692,584698,585270,6,572,2,7200,1.01048951049
584708,584714,585286,6,572,2,7200,1.01048951049
584709,584720,585285,11,565,2,7200,1.01946902655
584710,584726,585286,16,560,2,7200,1.02857142857
584726,584732,585267,6,535,2,7200,1.01121495327
584727,584739,585291,12,552,2,7200,1.02173913043
584729,584744,585315,15,571,2,7200,1.02626970228
584756,584763,585341,7,578,2,7200,1.01211072664
584772,584778,585341,6,563,2,7200,1.01065719361
584773,584786,585321,13,535,2,7200,1.02429906542
584774,584791,585352,17,561,2,7200,1.0303030303
584776,584796,585328,20,532,2,7200,1.03759398496
584791,584803,585385,12,582,2,7200,1.0206185567
584806,584813,585390,7,577,2,7200,1.01213171577
584808,584820,585388,12,568,2,7200,1.02112676056
584829,584836,585400,7,564,2,7200,1.01241134752
584856,584864,585422,8,558,2,7200,1.01433691756
584872,584878,585428,6,550,2,7200,1.01090909091
584890,584897,585421,7,524,2,7200,1.01335877863
584914,584920,585488,6,568,2,7200,1.01056338028
584936,584942,585513,6,571,2,7200,1.01050788091
584951,584958,585527,7,569,2,7200,1.01230228471
584988,584995,585554,7,559,2,7200,1.01252236136
585003,585009,585583,6,574,2,7200,1.01045296167
585005,585016,585598,11,582,2,7200,1.01890034364
585029,585036,585587,7,551,2,7200,1.01270417423
585031,585043,585570,12,527,2,7200,1.02277039848
585083,585089,585663,6,574,2,7200,1.01045296167
585098,585105,585663,7,558,2,7200,1.01254480287
585100,585112,585673,12,561,2,7200,1.02139037433
585115,585122,585677,7,555,2,7200,1.01261261261
585117,585129,585702,12,573,2,7200,1.02094240838
585118,585134,585701,16,567,2,7200,1.02821869489
585140,585146,585657,6,511,2,7200,1.01174168297
585156,585162,585714,6,552,2,7200,1.01086956522
585157,585169,585717,12,548,2,7200,1.02189781022
585159,585174,585737,15,563,2,7200,1.02664298401
585174,585181,585747,7,566,2,7200,1.01236749117
585211,585217,585735,6,518,2,7200,1.01158301158
585212,585224,585786,12,562,2,7200,1.02135231317
585271,585277,585842,6,565,2,7200,1.01061946903
585272,585284,585840,12,556,2,7200,1.02158273381
585288,585295,585859,7,564,2,7200,1.01241134752
585289,585302,585870,13,568,2,7200,1.02288732394
585291,585307,585862,16,555,2,7200,1.02882882883
585306,585314,585899,8,585,2,7200,1.01367521368
585321,585328,585892,7,564,2,7200,1.01241134752
585323,585334,585848,11,514,2,7200,1.02140077821
585339,585346,585885,7,539,2,7200,1.01298701299
585354,585361,585854,7,493,2,7200,1.01419878296
585356,585368,585945,12,577,2,7200,1.02079722704
585357,585373,585908,16,535,2,7200,1.02990654206
585388,585394,585955,6,561,2,7200,1.01069518717
585389,585401,585924,12,523,2,7200,1.02294455067
585405,585411,585979,6,568,2,7200,1.01056338028
585407,585419,585923,12,504,2,7200,1.02380952381
585422,585429,585995,7,566,2,7200,1.01236749117
585423,585436,586004,13,568,2,7200,1.02288732394
585439,585446,585977,7,531,2,7200,1.0131826742
585491,585498,586011,7,513,2,7200,1.01364522417
585515,585522,586090,7,568,2,7200,1.01232394366
585531,585538,586076,7,538,2,7200,1.01301115242
585555,585561,586108,6,547,2,7200,1.01096892139
585574,585581,586140,7,559,2,7200,1.01252236136
585589,585595,586116,6,521,2,7200,1.01151631478
585590,585602,586161,12,559,2,7200,1.02146690519
585606,585612,586152,6,540,2,7200,1.01111111111
585660,585668,586205,8,537,2,7200,1.01489757914
585676,585683,586249,7,566,2,7200,1.01236749117
585678,585690,586210,12,520,2,7200,1.02307692308
585679,585695,586263,16,568,2,7200,1.02816901408
585681,585700,586273,19,573,2,7200,1.03315881326
585702,585710,586277,8,567,2,7200,1.01410934744
585704,585717,586268,13,551,2,7200,1.02359346642
585720,585727,586286,7,559,2,7200,1.01252236136
585721,585734,586305,13,571,2,7200,1.02276707531
585736,585743,586307,7,564,2,7200,1.01241134752
585752,585759,586324,7,565,2,7200,1.01238938053
585753,585766,586323,13,557,2,7200,1.02333931777
585787,585793,586356,6,563,2,7200,1.01065719361
585842,585849,586376,7,527,2,7200,1.01328273245
585858,585864,586397,6,533,2,7200,1.01125703565
585859,585872,586409,13,537,2,7200,1.02420856611
585860,585877,586442,17,565,2,7200,1.03008849558
585869,585884,590838,15,4954,4,28920,1.00302785628
585876,585889,586456,13,567,2,7200,1.02292768959
585877,585894,586461,17,567,2,7200,1.02998236332
585879,585901,586446,22,545,2,7200,1.04036697248
585895,585907,586413,12,506,2,7200,1.02371541502
585896,585914,586493,18,579,2,7200,1.0310880829
585912,585921,586454,9,533,2,7200,1.01688555347
585913,585926,586423,13,497,2,7200,1.02615694165
585929,585937,586460,8,523,2,7200,1.01529636711
585930,585942,586509,12,567,2,7200,1.02116402116
585948,585955,586470,7,515,2,7200,1.01359223301
585951,585992,590831,41,4839,4,97320,1.00847282496
585964,585970,586526,6,556,2,7200,1.01079136691
585979,585985,586552,6,567,2,7200,1.01058201058
585980,585997,586564,17,567,2,7200,1.02998236332
585996,586004,586548,8,544,2,7200,1.01470588235
586011,586018,586582,7,564,2,7200,1.01241134752
586013,586025,586600,12,575,2,7200,1.02086956522
586034,586102,590739,68,4637,4,28860,1.01466465387
586052,586288,586543,236,255,8,3600,1.92549019608
586063,586128,590772,65,4644,4,100920,1.01399655469
586080,586086,586620,6,534,2,7200,1.01123595506
586095,586107,586693,12,586,2,7200,1.0204778157
586111,586118,586636,7,518,2,7200,1.01351351351
586126,586134,586671,8,537,2,7200,1.01489757914
586144,586150,586641,6,491,2,7200,1.01221995927
586156,586164,590034,8,3870,4,36060,1.00206718346
586159,586171,586732,12,561,2,7200,1.02139037433
586174,586181,586737,7,556,2,7200,1.01258992806
586175,586223,590086,48,3863,4,90060,1.01242557598
586208,586214,586768,6,554,2,7200,1.01083032491
586223,586230,586742,7,512,2,7200,1.013671875
586251,586258,586833,7,575,2,7200,1.01217391304
586266,586272,586833,6,561,2,7200,1.01069518717
586282,586294,586845,12,551,2,7200,1.02177858439
586283,586301,586847,18,546,2,7200,1.03296703297
586285,586306,586876,21,570,2,7200,1.03684210526
586300,586312,586833,12,521,2,7200,1.02303262956
586315,586321,586889,6,568,2,7200,1.01056338028
586317,586328,586864,11,536,2,7200,1.02052238806
586332,586339,586892,7,553,2,7200,1.01265822785
586333,586346,586866,13,520,2,7200,1.025
586358,586364,586927,6,563,2,7200,1.01065719361
586379,586386,586953,7,567,2,7200,1.01234567901
586397,586404,586966,7,562,2,7200,1.01245551601
586413,586420,586997,7,577,2,7200,1.01213171577
586428,586434,586992,6,558,2,7200,1.01075268817
586430,586442,587005,12,563,2,7200,1.02131438721
586445,586451,587018,6,567,2,7200,1.01058201058
586461,586468,587017,7,549,2,7200,1.01275045537
586463,586475,587033,12,558,2,7200,1.02150537634
586464,586480,587031,16,551,2,7200,1.02903811252
586465,586485,587042,20,557,2,7200,1.03590664273
586481,586491,587050,10,559,2,7200,1.01788908766
586482,586497,587081,15,584,2,7200,1.02568493151
586497,586503,587073,6,570,2,7200,1.01052631579
586512,586520,587085,8,565,2,7200,1.01415929204
586528,586535,587101,7,566,2,7200,1.01236749117
586549,586556,587095,7,539,2,7200,1.01298701299
586564,586570,587134,6,564,2,7200,1.01063829787
586566,586577,587155,11,578,2,7200,1.01903114187
586584,586590,587163,6,573,2,7200,1.01047120419
586603,586609,587181,6,572,2,7200,1.01048951049
586621,586628,587155,7,527,2,7200,1.01328273245
586639,586645,587207,6,562,2,7200,1.01067615658
586654,586662,587214,8,552,2,7200,1.01449275362
586673,586679,587221,6,542,2,7200,1.0110701107
586697,586703,587271,6,568,2,7200,1.01056338028
586734,586741,587274,7,533,2,7200,1.01313320826
586749,586756,587320,7,564,2,7200,1.01241134752
586750,586763,587330,13,567,2,7200,1.02292768959
586769,586776,587353,7,577,2,7200,1.01213171577
586836,586842,587409,6,567,2,7200,1.01058201058
586838,586849,587390,11,541,2,7200,1.02033271719
586839,586854,587343,15,489,2,7200,1.03067484663
586854,586860,587427,6,567,2,7200,1.01058201058
586856,586866,587433,10,567,2,7200,1.0176366843
586871,586877,587442,6,565,2,7200,1.01061946903
586872,586884,587438,12,554,2,7200,1.02166064982
586888,586894,587464,6,570,2,7200,1.01052631579
586903,586910,587441,7,531,2,7200,1.0131826742
586904,586916,587481,12,565,2,7200,1.02123893805
586929,586936,587475,7,539,2,7200,1.01298701299
586956,586963,587531,7,568,2,7200,1.01232394366
586971,586977,587546,6,569,2,7200,1.01054481547
586996,587002,587537,6,535,2,7200,1.01121495327
587011,587017,587584,6,567,2,7200,1.01058201058
587012,587023,587588,11,565,2,7200,1.01946902655
587028,587035,587553,7,518,2,7200,1.01351351351
587029,587042,587621,13,579,2,7200,1.02245250432
587045,587051,587521,6,470,2,7200,1.01276595745
587047,587057,587627,10,570,2,7200,1.01754385965
587048,587063,587601,15,538,2,7200,1.02788104089
587063,587069,587640,6,571,2,7200,1.01050788091
587078,587085,587647,7,562,2,7200,1.01245551601
587094,587101,587669,7,568,2,7200,1.01232394366
587096,587108,587613,12,505,2,7200,1.02376237624
587104,587639,588219,535,580,6,3600,1.9224137931
587111,587117,587678,6,561,2,7200,1.01069518717
587113,587125,587679,12,554,2,7200,1.02166064982
587137,587144,587691,7,547,2,7200,1.01279707495
587159,587165,587729,6,564,2,7200,1.01063829787
587160,587172,587758,12,586,2,7200,1.0204778157
587175,587181,587648,6,467,2,7200,1.01284796574
587190,587196,587707,6,511,2,7200,1.01174168297
587208,587215,587772,7,557,2,7200,1.01256732496
587224,587231,587808,7,577,2,7200,1.01213171577
587225,587238,587738,13,500,2,7200,1.026
587274,587281,587846,7,565,2,7200,1.01238938053
587289,587296,587852,7,556,2,7200,1.01258992806
587323,587329,587915,6,586,2,7200,1.01023890785
587338,587344,587878,6,534,2,7200,1.01123595506
587353,587361,587901,8,540,2,7200,1.01481481481
587355,587366,587919,11,553,2,7200,1.0198915009
587391,587399,587950,8,551,2,7200,1.01451905626
587413,587420,587981,7,561,2,7200,1.01247771836
587428,587434,587994,6,560,2,7200,1.01071428571
587444,587451,588022,7,571,2,7200,1.0122591944
587445,587456,587992,11,536,2,7200,1.02052238806
587447,587464,588025,17,561,2,7200,1.0303030303
587448,587469,588048,21,579,2,7200,1.03626943005
587466,587476,588044,10,568,2,7200,1.0176056338
587482,587488,588062,6,574,2,7200,1.01045296167
587483,587495,588047,12,552,2,7200,1.02173913043
587523,587530,588091,7,561,2,7200,1.01247771836
587538,587544,588113,6,569,2,7200,1.01054481547
587540,587551,588117,11,566,2,7200,1.01943462898
587555,587562,588087,7,525,2,7200,1.01333333333
587556,587568,588135,12,567,2,7200,1.02116402116
587587,587594,588161,7,567,2,7200,1.01234567901
587602,587608,588189,6,581,2,7200,1.01032702238
587603,587615,588194,12,579,2,7200,1.0207253886
587619,587625,588196,6,571,2,7200,1.01050788091
587634,587646,588218,12,572,2,7200,1.02097902098
587635,587651,588196,16,545,2,7200,1.02935779817
587651,587658,588208,7,550,2,7200,1.01272727273
587652,587665,588239,13,574,2,7200,1.02264808362
587654,587670,588246,16,576,2,7200,1.02777777778
587672,587678,588248,6,570,2,7200,1.01052631579
587687,587694,588275,7,581,2,7200,1.01204819277
587689,587701,588262,12,561,2,7200,1.02139037433
587706,587713,588254,7,541,2,7200,1.01293900185
587721,587727,588298,6,571,2,7200,1.01050788091
587736,587743,588262,7,519,2,7200,1.01348747592
587751,587757,588275,6,518,2,7200,1.01158301158
587766,587773,588341,7,568,2,7200,1.01232394366
587781,587787,588332,6,545,2,7200,1.01100917431
587809,587815,588328,6,513,2,7200,1.01169590643
587849,587855,588393,6,538,2,7200,1.01115241636
587864,587870,588434,6,564,2,7200,1.01063829787
587879,587885,588452,6,567,2,7200,1.01058201058
587903,587910,588476,7,566,2,7200,1.01236749117
587919,587925,588465,6,540,2,7200,1.01111111111
587934,587940,588506,6,566,2,7200,1.01060070671
587952,587959,588485,7,526,2,7200,1.01330798479
587958,588060,591610,102,3550,6,3600,1.02873239437
587983,587990,588542,7,552,2,7200,1.01268115942
587998,588005,588559,7,554,2,7200,1.01263537906
588001,588012,588550,11,538,2,7200,1.02044609665
588023,588029,588610,6,581,2,7200,1.01032702238
588038,588045,588582,7,537,2,7200,1.01303538175
588053,588065,588637,12,572,2,7200,1.02097902098
588055,588072,588639,17,567,2,7200,1.02998236332
588056,588077,588627,21,550,2,7200,1.03818181818
588071,588084,588654,13,570,2,7200,1.02280701754
588089,588098,588585,9,487,2,7200,1.01848049281
588104,588112,588687,8,575,2,7200,1.01391304348
588120,588127,588695,7,568,2,7200,1.01232394366
588121,588134,588703,13,569,2,7200,1.02284710018
588136,588147,588671,11,524,2,7200,1.02099236641
588164,588172,588714,8,542,2,7200,1.0147601476
588191,588201,588763,10,562,2,7200,1.01779359431
588207,588214,588762,7,548,2,7200,1.01277372263
588208,588221,588722,13,501,2,7200,1.02594810379
588210,588226,588742,16,516,2,7200,1.03100775194
588211,588231,588795,20,564,2,7200,1.03546099291
588226,588238,588739,12,501,2,7200,1.02395209581
588242,588249,588827,7,578,2,7200,1.01211072664
588257,588263,588836,6,573,2,7200,1.01047120419
588259,588270,588836,11,566,2,7200,1.01943462898
588260,588275,588854,15,579,2,7200,1.02590673575
588276,588282,588846,6,564,2,7200,1.01063829787
588277,588289,588800,12,511,2,7200,1.02348336595
588278,588294,588865,16,571,2,7200,1.02802101576
588280,588299,588865,19,566,2,7200,1.03356890459
588302,588309,588881,7,572,2,7200,1.01223776224
588329,588336,588867,7,531,2,7200,1.0131826742
588345,588352,588906,7,554,2,7200,1.01263537906
588346,588359,588923,13,564,2,7200,1.02304964539
588395,588402,588919,7,517,2,7200,1.01353965184
588438,588444,588997,6,553,2,7200,1.01084990958
588453,588459,589024,6,565,2,7200,1.01061946903
588468,588474,589041,6,567,2,7200,1.01058201058
588483,588490,589068,7,578,2,7200,1.01211072664
588498,588505,589041,7,536,2,7200,1.01305970149
588513,588520,589104,7,584,2,7200,1.01198630137
588544,588551,589115,7,564,2,7200,1.01241134752
588559,588566,589126,7,560,2,7200,1.0125
588561,588573,589149,12,576,2,7200,1.02083333333
588585,588592,589168,7,576,2,7200,1.01215277778
588587,588599,589113,12,514,2,7200,1.0233463035
588611,588619,589189,8,570,2,7200,1.01403508772
588630,588636,589175,6,539,2,7200,1.01113172542
588645,588652,589162,7,510,2,7200,1.0137254902
588647,588658,589193,11,535,2,7200,1.02056074766
588662,588669,589214,7,545,2,7200,1.0128440367
588677,588684,589218,7,534,2,7200,1.01310861423
588692,588699,589273,7,574,2,7200,1.01219512195
588708,588714,589279,6,565,2,7200,1.01061946903
588709,588720,589282,11,562,2,7200,1.01957295374
588724,588731,589299,7,568,2,7200,1.01232394366
588726,588738,589291,12,553,2,7200,1.02169981917
588741,588748,589326,7,578,2,7200,1.01211072664
588756,588762,589345,6,583,2,7200,1.0102915952
588772,588779,589346,7,567,2,7200,1.01234567901
588773,588785,589316,12,531,2,7200,1.02259887006
588798,588804,589374,6,570,2,7200,1.01052631579
588813,588820,589385,7,565,2,7200,1.01238938053
588828,588835,589352,7,517,2,7200,1.01353965184
588844,588850,589415,6,565,2,7200,1.01061946903
588846,588857,589432,11,575,2,7200,1.01913043478
588861,588867,589433,6,566,2,7200,1.01060070671
588862,588874,589429,12,555,2,7200,1.02162162162
588878,588884,589434,6,550,2,7200,1.01090909091
588879,588891,589453,12,562,2,7200,1.02135231317
588881,588896,589438,15,542,2,7200,1.02767527675
588896,588903,589476,7,573,2,7200,1.01221640489
588911,588918,589465,7,547,2,7200,1.01279707495
588927,588933,589496,6,563,2,7200,1.01065719361
588928,588940,589520,12,580,2,7200,1.02068965517
588998,589005,589571,7,566,2,7200,1.01236749117
589026,589032,589598,6,566,2,7200,1.01060070671
589045,589051,589597,6,546,2,7200,1.01098901099
589046,589058,589630,12,572,2,7200,1.02097902098
589070,589078,589651,8,573,2,7200,1.01396160558
589072,589357,589862,285,505,4,3600,1.56435643564
589107,589113,589638,6,525,2,7200,1.01142857143
589123,589130,589705,7,575,2,7200,1.01217391304
589124,589136,589708,12,572,2,7200,1.02097902098
589139,589146,589710,7,564,2,7200,1.01241134752
589154,589161,589725,7,564,2,7200,1.01241134752
589170,589176,589744,6,568,2,7200,1.01056338028
589172,589183,589754,11,571,2,7200,1.01926444834
589187,589193,589733,6,540,2,7200,1.01111111111
589202,589208,589775,6,567,2,7200,1.01058201058
589204,589214,589790,10,576,2,7200,1.01736111111
589219,589225,589761,6,536,2,7200,1.01119402985
589221,589233,589761,12,528,2,7200,1.02272727273
589276,589283,589853,7,570,2,7200,1.01228070175
589291,589298,589810,7,512,2,7200,1.013671875
589293,589305,589872,12,567,2,7200,1.02116402116
589294,589310,589872,16,562,2,7200,1.02846975089
589310,589317,589826,7,509,2,7200,1.0137524558
589325,589332,589866,7,534,2,7200,1.01310861423
589340,589346,589927,6,581,2,7200,1.01032702238
589356,589365,589922,9,557,2,7200,1.01615798923
589357,589370,589909,13,539,2,7200,1.0241187384
589359,589375,589956,16,581,2,7200,1.02753872633
589377,589383,589950,6,567,2,7200,1.01058201058
589392,589399,589973,7,574,2,7200,1.01219512195
589417,589424,589990,7,566,2,7200,1.01236749117
589432,589440,590012,8,572,2,7200,1.01398601399
589434,589447,590022,13,575,2,7200,1.02260869565
589450,589457,590019,7,562,2,7200,1.01245551601
589452,589464,590042,12,578,2,7200,1.02076124567
589453,589469,590039,16,570,2,7200,1.02807017544
589468,589476,590043,8,567,2,7200,1.01410934744
589470,589483,590025,13,542,2,7200,1.02398523985
589485,589491,590058,6,567,2,7200,1.01058201058
589500,589506,590016,6,510,2,7200,1.01176470588
589522,589528,590031,6,503,2,7200,1.01192842942
589574,589580,590135,6,555,2,7200,1.01081081081
589599,589606,590127,7,521,2,7200,1.01343570058
589600,589613,590175,13,562,2,7200,1.0231316726
589631,589638,590206,7,568,2,7200,1.01232394366
589646,589653,590220,7,567,2,7200,1.01234567901
589661,589668,590234,7,566,2,7200,1.01236749117
589707,589713,590229,6,516,2,7200,1.01162790698
589722,589730,590263,8,533,2,7200,1.01500938086
589724,589736,590297,12,561,2,7200,1.02139037433
589739,589746,590311,7,565,2,7200,1.01238938053
589741,589753,590317,12,564,2,7200,1.02127659574
589756,589762,590320,6,558,2,7200,1.01075268817
589758,589769,590327,11,558,2,7200,1.01971326165
589773,589780,590285,7,505,2,7200,1.01386138614
589774,589787,590290,13,503,2,7200,1.02584493042
589790,589797,590352,7,555,2,7200,1.01261261261
589791,589804,590353,13,549,2,7200,1.02367941712
589813,589819,590358,6,539,2,7200,1.01113172542
589828,589835,590406,7,571,2,7200,1.0122591944
589855,589863,590425,8,562,2,7200,1.01423487544
589871,589877,590427,6,550,2,7200,1.01090909091
589886,589893,590449,7,556,2,7200,1.01258992806
589888,589900,590462,12,562,2,7200,1.02135231317
589912,589920,590484,8,564,2,7200,1.01418439716
589928,589935,590495,7,560,2,7200,1.0125
589929,589942,590504,13,562,2,7200,1.0231316726
589951,589957,590501,6,544,2,7200,1.01102941176
589966,589972,590551,6,579,2,7200,1.0103626943
589981,589988,590557,7,569,2,7200,1.01230228471
589996,590004,590572,8,568,2,7200,1.01408450704
590015,590022,590592,7,570,2,7200,1.01228070175
590031,590037,590594,6,557,2,7200,1.01077199282
590033,590045,590586,12,541,2,7200,1.02218114603
590034,590050,590532,16,482,2,7200,1.03319502075
590035,590056,590613,21,557,2,7200,1.03770197487
590037,590061,590624,24,563,2,7200,1.04262877442
590053,590068,590607,15,539,2,7200,1.02782931354
590054,590073,590614,19,541,2,7200,1.03512014787
590056,590079,590649,23,570,2,7200,1.04035087719
590071,590086,590651,15,565,2,7200,1.02654867257
590129,590137,590704,8,567,2,7200,1.01410934744
590145,590151,590710,6,559,2,7200,1.01073345259
590178,590185,590722,7,537,2,7200,1.01303538175
590209,590215,590781,6,566,2,7200,1.01060070671
590224,590230,590794,6,564,2,7200,1.01063829787
590239,590245,590787,6,542,2,7200,1.0110701107
590240,590251,590815,11,564,2,7200,1.0195035461
590265,590271,590802,6,531,2,7200,1.01129943503
590286,590292,590858,6,566,2,7200,1.01060070671
590301,590308,590872,7,564,2,7200,1.01241134752
590303,590314,590843,11,529,2,7200,1.02079395085
590318,590324,590864,6,540,2,7200,1.01111111111
590319,590330,590887,11,557,2,7200,1.0197486535
590335,590341,590842,6,501,2,7200,1.0119760479
590336,590349,590904,13,555,2,7200,1.02342342342
590352,590358,590926,6,568,2,7200,1.01056338028
590367,590373,590910,6,537,2,7200,1.01117318436
590368,590380,590955,12,575,2,7200,1.02086956522
590408,590414,590981,6,567,2,7200,1.01058201058
590427,590433,590971,6,538,2,7200,1.01115241636
590442,590448,591018,6,570,2,7200,1.01052631579
590457,590463,591034,6,571,2,7200,1.01050788091
590472,590479,591046,7,567,2,7200,1.01234567901
590487,590493,590982,6,489,2,7200,1.01226993865
590502,590509,591050,7,541,2,7200,1.01293900185
590504,590515,591095,11,580,2,7200,1.01896551724
590519,590525,591031,6,506,2,7200,1.01185770751
590534,590541,591082,7,541,2,7200,1.01293900185
590552,590559,591126,7,567,2,7200,1.01234567901
590567,590573,591135,6,562,2,7200,1.01067615658
590582,590588,591130,6,542,2,7200,1.0110701107
590598,590605,591133,7,528,2,7200,1.01325757576
590599,590612,591181,13,569,2,7200,1.02284710018
590601,590617,591181,16,564,2,7200,1.02836879433
590616,590623,591131,7,508,2,7200,1.01377952756
590617,590629,591204,12,575,2,7200,1.02086956522
590619,590636,591192,17,556,2,7200,1.03057553957
590634,590643,591218,9,575,2,7200,1.01565217391
590649,590655,591211,6,556,2,7200,1.01079136691
590664,590670,591247,6,577,2,7200,1.01039861352
590707,590714,591293,7,579,2,7200,1.01208981002
590722,590728,591290,6,562,2,7200,1.01067615658
590723,590734,591293,11,559,2,7200,1.01967799642
590785,590792,591296,7,504,2,7200,1.01388888889
590800,590806,591370,6,564,2,7200,1.01063829787
590802,590812,591344,10,532,2,7200,1.01879699248
590817,590823,591390,6,567,2,7200,1.01058201058
590818,590830,591368,12,538,2,7200,1.02230483271
590846,590858,591409,12,551,2,7200,1.02177858439
590848,590863,591423,15,560,2,7200,1.02678571429
590863,590869,591413,6,544,2,7200,1.01102941176
590878,590885,591428,7,543,2,7200,1.01289134438
590879,590892,591451,13,559,2,7200,1.02325581395
590895,590902,591431,7,529,2,7200,1.01323251418
590910,590916,591410,6,494,2,7200,1.01214574899
590912,590924,591491,12,567,2,7200,1.02116402116
590927,590934,591500,7,566,2,7200,1.01236749117
590957,590965,591530,8,565,2,7200,1.01415929204
590973,590979,591556,6,577,2,7200,1.01039861352
590988,590994,591558,6,564,2,7200,1.01063829787
590989,591001,591568,12,567,2,7200,1.02116402116
591020,591027,591568,7,541,2,7200,1.01293900185
591035,591042,591583,7,541,2,7200,1.01293900185
591037,591049,591611,12,562,2,7200,1.02135231317
591052,591059,591535,7,476,2,7200,1.01470588235
591054,591066,591596,12,530,2,7200,1.02264150943
591084,591091,591633,7,542,2,7200,1.01291512915
591100,591106,591673,6,567,2,7200,1.01058201058
591131,591137,591710,6,573,2,7200,1.01047120419
591132,591144,591681,12,537,2,7200,1.02234636872
591148,591155,591721,7,566,2,7200,1.01236749117
591149,591162,591730,13,568,2,7200,1.02288732394
591151,591167,591749,16,582,2,7200,1.02749140893
591185,591191,591733,6,542,2,7200,1.0110701107
591186,591197,591782,11,585,2,7200,1.0188034188
591201,591208,591795,7,587,2,7200,1.01192504259
591216,591223,591734,7,511,2,7200,1.01369863014
591218,591230,591780,12,550,2,7200,1.02181818182
591226,591237,591515,11,278,1,7200,1.03956834532
591233,591244,591809,11,565,2,7200,1.01946902655
591248,591255,591721,7,466,2,7200,1.01502145923
591291,591297,591862,6,565,2,7200,1.01061946903
591306,591313,591880,7,567,2,7200,1.01234567901
591308,591320,591830,12,510,2,7200,1.02352941176
591309,591325,591885,16,560,2,7200,1.02857142857
591323,591332,592350,9,1018,2,3600,1.00884086444
591346,591352,591912,6,560,2,7200,1.01071428571
591371,591377,591952,6,575,2,7200,1.01043478261
591372,591384,591943,12,559,2,7200,1.02146690519
591393,591401,591966,8,565,2,7200,1.01415929204
591412,591419,591912,7,493,2,7200,1.01419878296
591414,591426,591997,12,571,2,7200,1.02101576182
591429,591435,592002,6,567,2,7200,1.01058201058
591431,591442,591956,11,514,2,7200,1.02140077821
591432,591448,591984,16,536,2,7200,1.02985074627
591447,591454,592022,7,568,2,7200,1.01232394366
591462,591468,592029,6,561,2,7200,1.01069518717
591493,591500,592065,7,565,2,7200,1.01238938053
591508,591514,592085,6,571,2,7200,1.01050788091
591532,591538,592108,6,570,2,7200,1.01052631579
591533,591548,591549,15,1,2,3540,1.6
591547,591555,592124,8,569,2,7200,1.01405975395
591563,591569,592120,6,551,2,7200,1.0108892922
591564,591575,592126,11,551,2,7200,1.01996370236
591579,591586,592150,7,564,2,7200,1.01241134752
591581,591593,592130,12,537,2,7200,1.02234636872
591596,591603,592156,7,553,2,7200,1.01265822785
591612,591618,592186,6,568,2,7200,1.01056338028
591613,591626,592135,13,509,2,7200,1.02554027505
591634,591641,592185,7,544,2,7200,1.01286764706
591674,591681,592206,7,525,2,7200,1.01333333333
591689,591696,592262,7,566,2,7200,1.01236749117
591713,591721,592258,8,537,2,7200,1.01489757914
591729,591736,592317,7,581,2,7200,1.01204819277
591730,591743,592293,13,550,2,7200,1.02363636364
591746,591753,592317,7,564,2,7200,1.01241134752
591747,591759,592307,12,548,2,7200,1.02189781022
591749,591765,592324,16,559,2,7200,1.02862254025
591764,591771,592336,7,565,2,7200,1.01238938053
591782,591788,592352,6,564,2,7200,1.01063829787
591797,591804,592382,7,578,2,7200,1.01211072664
591799,591811,592377,12,566,2,7200,1.02120141343
591814,591820,592346,6,526,2,7200,1.01140684411
591824,591831,592139,7,308,1,7200,1.02272727273
591832,591839,592420,7,581,2,7200,1.01204819277
591863,591870,592397,7,527,2,7200,1.01328273245
591881,591887,592445,6,558,2,7200,1.01075268817
591896,591902,592377,6,475,2,7200,1.01263157895
591915,591922,592483,7,561,2,7200,1.01247771836
591916,591929,592457,13,528,2,7200,1.02462121212
591947,591954,592512,7,558,2,7200,1.01254480287
591962,591969,592521,7,552,2,7200,1.01268115942
591963,591976,592441,13,465,2,7200,1.02795698925
591978,591986,592522,8,536,2,7200,1.01492537313
591995,592002,592506,7,504,2,7200,1.01388888889
592010,592016,592563,6,547,2,7200,1.01096892139
592011,592023,592576,12,553,2,7200,1.02169981917
592027,592033,592555,6,522,2,7200,1.01149425287
592042,592049,592597,7,548,2,7200,1.01277372263
592066,592072,592638,6,566,2,7200,1.01060070671
592087,592094,592631,7,537,2,7200,1.01303538175
592109,592116,592671,7,555,2,7200,1.01261261261
592124,592130,592680,6,550,2,7200,1.01090909091
592140,592146,592738,6,592,2,7200,1.01013513514
592141,592153,592739,12,586,2,7200,1.0204778157
592143,592158,592743,15,585,2,7200,1.02564102564
592144,592163,592733,19,570,2,7200,1.03333333333
592159,592170,592733,11,563,2,7200,1.01953818828
592161,592175,592741,14,566,2,7200,1.02473498233
592188,592195,592761,7,566,2,7200,1.01236749117
592190,592202,592766,12,564,2,7200,1.02127659574
592208,592214,592771,6,557,2,7200,1.01077199282
592260,592266,592825,6,559,2,7200,1.01073345259
592275,592282,592841,7,559,2,7200,1.01252236136
592294,592301,592855,7,554,2,7200,1.01263537906
592309,592315,592880,6,565,2,7200,1.01061946903
592324,592330,592907,6,577,2,7200,1.01039861352
592326,592338,592881,12,543,2,7200,1.02209944751
592327,592343,592895,16,552,2,7200,1.02898550725
592342,592350,592922,8,572,2,7200,1.01398601399
592358,592364,592931,6,567,2,7200,1.01058201058
592359,592370,592904,11,534,2,7200,1.02059925094
592381,592388,592953,7,565,2,7200,1.01238938053
592382,592395,592957,13,562,2,7200,1.0231316726
592398,592404,592909,6,505,2,7200,1.01188118812
592400,592411,592981,11,570,2,7200,1.01929824561
592421,592427,592993,6,566,2,7200,1.01060070671
592442,592449,593025,7,576,2,7200,1.01215277778
592458,592465,593028,7,563,2,7200,1.01243339254
592459,592472,593025,13,553,2,7200,1.02350813743
592487,592494,593059,7,565,2,7200,1.01238938053
592508,592514,593049,6,535,2,7200,1.01121495327
592524,592530,592993,6,463,2,7200,1.01295896328
592525,592538,593048,13,510,2,7200,1.02549019608
592527,592543,593066,16,523,2,7200,1.03059273423
592557,592563,593113,6,550,2,7200,1.01090909091
592573,592580,593133,7,553,2,7200,1.01265822785
592588,592594,593134,6,540,2,7200,1.01111111111
592603,592610,593185,7,575,2,7200,1.01217391304
592633,592640,593206,7,566,2,7200,1.01236749117
592648,592655,593180,7,525,2,7200,1.01333333333
592673,592679,593200,6,521,2,7200,1.01151631478
592688,592694,593257,6,563,2,7200,1.01065719361
592734,592740,593306,6,566,2,7200,1.01060070671
592736,592747,593316,11,569,2,7200,1.01933216169
592751,592757,593316,6,559,2,7200,1.01073345259
592753,592764,593272,11,508,2,7200,1.02165354331
592754,592770,593339,16,569,2,7200,1.02811950791
592755,592775,593346,20,571,2,7200,1.0350262697
592771,592782,593296,11,514,2,7200,1.02140077821
592773,592787,593342,14,555,2,7200,1.02522522523
592774,592793,593359,19,566,2,7200,1.03356890459
592826,592832,593400,6,568,2,7200,1.01056338028
592841,592848,593429,7,581,2,7200,1.01204819277
592857,592864,593427,7,563,2,7200,1.01243339254
592881,592888,593414,7,526,2,7200,1.01330798479
592883,592895,593441,12,546,2,7200,1.02197802198
592898,592906,593466,8,560,2,7200,1.01428571429
592914,592921,593411,7,490,2,7200,1.01428571429
592916,592928,593457,12,529,2,7200,1.02268431002
592917,592933,593509,16,576,2,7200,1.02777777778
592932,592940,593486,8,546,2,7200,1.01465201465
592934,592947,593485,13,538,2,7200,1.02416356877
592955,592961,593466,6,505,2,7200,1.01188118812
592970,592978,593537,8,559,2,7200,1.01431127013
592986,592993,593527,7,534,2,7200,1.01310861423
593001,593007,593577,6,570,2,7200,1.01052631579
593003,593014,593575,11,561,2,7200,1.01960784314
593027,593034,593601,7,567,2,7200,1.01234567901
593029,593041,593572,12,531,2,7200,1.02259887006
593044,593051,593618,7,567,2,7200,1.01234567901
593060,593066,593629,6,563,2,7200,1.01065719361
593061,593073,593631,12,558,2,7200,1.02150537634
593062,593078,593586,16,508,2,7200,1.03149606299
593078,593085,593662,7,577,2,7200,1.01213171577
593085,593091,593763,6,672,1,7200,1.00892857143
593114,593122,593690,8,568,2,7200,1.01408450704
593136,593143,593724,7,581,2,7200,1.01204819277
593138,593150,593711,12,561,2,7200,1.02139037433
593181,593188,593758,7,570,2,7200,1.01228070175
593196,593203,593751,7,548,2,7200,1.01277372263
593211,593217,593795,6,578,2,7200,1.01038062284
593213,593223,593793,10,570,2,7200,1.01754385965
593258,593266,593741,8,475,2,7200,1.01684210526
593274,593281,593836,7,555,2,7200,1.01261261261
593298,593304,593872,6,568,2,7200,1.01056338028
593313,593319,593852,6,533,2,7200,1.01125703565
593329,593336,593897,7,561,2,7200,1.01247771836
593330,593343,593853,13,510,2,7200,1.02549019608
593346,593352,593929,6,577,2,7200,1.01039861352
593347,593359,593928,12,569,2,7200,1.02108963093
593363,593370,593934,7,564,2,7200,1.01241134752
593364,593376,593919,12,543,2,7200,1.02209944751
593401,593408,593976,7,568,2,7200,1.01232394366
593417,593423,593929,6,506,2,7200,1.01185770751
593418,593430,593897,12,467,2,7200,1.02569593148
593434,593441,594005,7,564,2,7200,1.01241134752
593435,593448,594014,13,566,2,7200,1.02296819788
593450,593456,594030,6,574,2,7200,1.01045296167
593466,593473,594024,7,551,2,7200,1.01270417423
593467,593480,594049,13,569,2,7200,1.02284710018
593469,593485,594061,16,576,2,7200,1.02777777778
593487,593494,594023,7,529,2,7200,1.01323251418
593489,593501,594050,12,549,2,7200,1.0218579235
593510,593517,594088,7,571,2,7200,1.0122591944
593529,593536,594113,7,577,2,7200,1.01213171577
593544,593550,594112,6,562,2,7200,1.01067615658
593574,593581,594083,7,502,2,7200,1.01394422311
593590,593597,594162,7,565,2,7200,1.01238938053
593592,593603,594171,11,568,2,7200,1.01936619718
593593,593609,594152,16,543,2,7200,1.02946593002
593609,593616,594189,7,573,2,7200,1.01221640489
593624,593630,594216,6,586,2,7200,1.01023890785
593639,593645,594175,6,530,2,7200,1.01132075472
593641,593652,594213,11,561,2,7200,1.01960784314
593665,593672,594238,7,566,2,7200,1.01236749117
593693,593700,594207,7,507,2,7200,1.01380670611
593714,593721,594285,7,564,2,7200,1.01241134752
593729,593735,594314,6,579,2,7200,1.0103626943
593744,593752,594296,8,544,2,7200,1.01470588235
593760,593766,594319,6,553,2,7200,1.01084990958
593761,593773,594338,12,565,2,7200,1.02123893805
593795,593801,594349,6,548,2,7200,1.01094890511
593796,593808,594296,12,488,2,7200,1.02459016393
593839,593847,594417,8,570,2,7200,1.01403508772
593843,593854,594865,11,1011,1,7200,1.01088031652
593855,593862,594421,7,559,2,7200,1.01252236136
593856,593869,594433,13,564,2,7200,1.02304964539
593874,593881,594438,7,557,2,7200,1.01256732496
593899,593906,594476,7,570,2,7200,1.01228070175
593900,593913,594442,13,529,2,7200,1.02457466919
593922,593928,594475,6,547,2,7200,1.01096892139
593938,593945,594514,7,569,2,7200,1.01230228471
593939,593952,594514,13,562,2,7200,1.0231316726
593940,593957,594522,17,565,2,7200,1.03008849558
593942,593962,594470,20,508,2,7200,1.03937007874
593978,593986,594504,8,518,2,7200,1.01544401544
594006,594012,594538,6,526,2,7200,1.01140684411
594021,594028,594556,7,528,2,7200,1.01325757576
594037,594043,594584,6,541,2,7200,1.01109057301
594038,594050,594545,12,495,2,7200,1.02424242424
594039,594055,594624,16,569,2,7200,1.02811950791
594055,594061,594615,6,554,2,7200,1.01083032491
594056,594069,594633,13,564,2,7200,1.02304964539
594071,594077,594565,6,488,2,7200,1.01229508197
594086,594094,594663,8,569,2,7200,1.01405975395
594102,594108,594695,6,587,2,7200,1.01022146508
594117,594124,594657,7,533,2,7200,1.01313320826
594118,594130,594694,12,564,2,7200,1.02127659574
594155,594161,594720,6,559,2,7200,1.01073345259
594171,594177,594744,6,567,2,7200,1.01058201058
594186,594193,594773,7,580,2,7200,1.01206896552
594187,594200,594723,13,523,2,7200,1.02485659656
594202,594209,594744,7,535,2,7200,1.01308411215
594218,594224,594787,6,563,2,7200,1.01065719361
594220,594231,594776,11,545,2,7200,1.02018348624
594221,594237,594770,16,533,2,7200,1.03001876173
594239,594246,594751,7,505,2,7200,1.01386138614
594285,594291,594858,6,567,2,7200,1.01058201058
594300,594307,594880,7,573,2,7200,1.01221640489
594302,594314,594881,12,567,2,7200,1.02116402116
594317,594324,594910,7,586,2,7200,1.01194539249
594332,594338,594880,6,542,2,7200,1.0110701107
594347,594354,594919,7,565,2,7200,1.01238938053
594362,594370,594910,8,540,2,7200,1.01481481481
594418,594424,594992,6,568,2,7200,1.01056338028
594433,594440,595014,7,574,2,7200,1.01219512195
594435,594447,595017,12,570,2,7200,1.02105263158
594450,594457,595020,7,563,2,7200,1.01243339254
594452,594463,595012,11,549,2,7200,1.02003642987
594473,594479,595048,6,569,2,7200,1.01054481547
594488,594494,595006,6,512,2,7200,1.01171875
594490,594502,595063,12,561,2,7200,1.02139037433
594508,594515,595078,7,563,2,7200,1.01243339254
594524,594531,595094,7,563,2,7200,1.01243339254
594525,594538,595071,13,533,2,7200,1.0243902439
594527,594543,595072,16,529,2,7200,1.03024574669
594542,594550,595084,8,534,2,7200,1.01498127341
594557,594563,595141,6,578,2,7200,1.01038062284
594558,594570,595094,12,524,2,7200,1.02290076336
594574,594580,595117,6,537,2,7200,1.01117318436
594589,594595,595172,6,577,2,7200,1.01039861352
594616,594623,595144,7,521,2,7200,1.01343570058
594631,594638,595140,7,502,2,7200,1.01394422311
594647,594654,595203,7,549,2,7200,1.01275045537
594662,594668,595204,6,536,2,7200,1.01119402985
594677,594683,595234,6,551,2,7200,1.0108892922
594696,594702,595286,6,584,2,7200,1.0102739726
594697,594709,595273,12,564,2,7200,1.02127659574
594722,594729,595310,7,581,2,7200,1.01204819277
594737,594743,595297,6,554,2,7200,1.01083032491
594752,594758,595278,6,520,2,7200,1.01153846154
594754,594765,595330,11,565,2,7200,1.01946902655
594755,594771,595334,16,563,2,7200,1.02841918295
594773,594781,595349,8,568,2,7200,1.01408450704
594775,594786,595352,11,566,2,7200,1.01943462898
594790,594797,595363,7,566,2,7200,1.01236749117
594792,594803,595297,11,494,2,7200,1.02226720648
594859,594865,595370,6,505,2,7200,1.01188118812
594881,594887,595407,6,520,2,7200,1.01153846154
594882,594895,595462,13,567,2,7200,1.02292768959
594897,594904,595479,7,575,2,7200,1.01217391304
594913,594919,595457,6,538,2,7200,1.01115241636
594914,594926,595501,12,575,2,7200,1.02086956522
594929,594935,595512,6,577,2,7200,1.01039861352
594991,594997,595479,6,482,2,7200,1.01244813278
595009,595015,595556,6,541,2,7200,1.01109057301
595025,595032,595556,7,524,2,7200,1.01335877863
595026,595038,595582,12,544,2,7200,1.02205882353
595027,595044,595542,17,498,2,7200,1.03413654618
595029,595049,595509,20,460,2,7200,1.04347826087
595050,595056,595575,6,519,2,7200,1.01156069364
595065,595072,595636,7,564,2,7200,1.01241134752
595069,595079,596387,10,1308,1,7200,1.00764525994
595081,595087,595652,6,565,2,7200,1.01061946903
595082,595093,595645,11,552,2,7200,1.01992753623
595084,595099,595645,15,546,2,7200,1.02747252747
595100,595106,595680,6,574,2,7200,1.01045296167
595101,595113,595681,12,568,2,7200,1.02112676056
595102,595118,595674,16,556,2,7200,1.02877697842
595121,595128,595614,7,486,2,7200,1.01440329218
595142,595149,595712,7,563,2,7200,1.01243339254
595144,595155,595720,11,565,2,7200,1.01946902655
595159,595166,595728,7,562,2,7200,1.01245551601
595174,595180,595747,6,567,2,7200,1.01058201058
595205,595211,595777,6,566,2,7200,1.01060070671
595206,595217,595770,11,553,2,7200,1.0198915009
595237,595244,595811,7,567,2,7200,1.01234567901
595274,595280,595845,6,565,2,7200,1.01061946903
595289,595295,595856,6,561,2,7200,1.01069518717
595291,595302,595839,11,537,2,7200,1.02048417132
595306,595312,595821,6,509,2,7200,1.01178781925
595307,595319,595844,12,525,2,7200,1.02285714286
595322,595329,595808,7,479,2,7200,1.01461377871
595338,595345,595909,7,564,2,7200,1.01241134752
595339,595352,595906,13,554,2,7200,1.02346570397
595355,595361,595893,6,532,2,7200,1.01127819549
595356,595368,595897,12,529,2,7200,1.02268431002
595372,595378,595930,6,552,2,7200,1.01086956522
595373,595385,595962,12,577,2,7200,1.02079722704
595410,595416,595985,6,569,2,7200,1.01054481547
595459,595465,596033,6,568,2,7200,1.01056338028
595474,595481,596007,7,526,2,7200,1.01330798479
595489,595495,596063,6,568,2,7200,1.01056338028
595490,595501,596070,11,569,2,7200,1.01933216169
595492,595507,596185,15,678,1,7200,1.02212389381
595506,595514,596079,8,565,2,7200,1.01415929204
595521,595527,596065,6,538,2,7200,1.01115241636
595522,595533,596112,11,579,2,7200,1.01899827288
595544,595550,596129,6,579,2,7200,1.0103626943
595559,595566,596110,7,544,2,7200,1.01286764706
595561,595573,596104,12,531,2,7200,1.02259887006
595576,595583,596147,7,564,2,7200,1.01241134752
595591,595597,596143,6,546,2,7200,1.01098901099
595616,595623,596176,7,553,2,7200,1.01265822785
595640,595646,596232,6,586,2,7200,1.01023890785
595656,595662,596229,6,567,2,7200,1.01058201058
595657,595669,596252,12,583,2,7200,1.02058319039
595658,595674,596223,16,549,2,7200,1.029143898
595677,595684,596187,7,503,2,7200,1.01391650099
595692,595699,596265,7,566,2,7200,1.01236749117
595694,595706,596269,12,563,2,7200,1.02131438721
595715,595722,596166,7,444,2,7200,1.01576576577
595730,595737,596316,7,579,2,7200,1.01208981002
595732,595744,596300,12,556,2,7200,1.02158273381
595747,595754,596316,7,562,2,7200,1.01245551601
595772,595779,596342,7,563,2,7200,1.01243339254
595787,595793,596307,6,514,2,7200,1.01167315175
595811,595819,596382,8,563,2,7200,1.01420959147
595813,595826,596388,13,562,2,7200,1.0231316726
595829,595835,596372,6,537,2,7200,1.01117318436
595844,595851,596420,7,569,2,7200,1.01230228471
595846,595858,596384,12,526,2,7200,1.02281368821
595861,595868,596436,7,568,2,7200,1.01232394366
595863,595875,596397,12,522,2,7200,1.02298850575
595897,595903,596466,6,563,2,7200,1.01065719361
595899,595910,596480,11,570,2,7200,1.01929824561
595914,595921,596486,7,565,2,7200,1.01238938053
595916,595928,596497,12,569,2,7200,1.02108963093
595931,595938,596505,7,567,2,7200,1.01234567901
595965,595972,596532,7,560,2,7200,1.0125
595986,595993,596556,7,563,2,7200,1.01243339254
596008,596014,596580,6,566,2,7200,1.01060070671
596035,596042,596608,7,566,2,7200,1.01236749117
596066,596073,596593,7,520,2,7200,1.01346153846
596068,596080,596634,12,554,2,7200,1.02166064982
596083,596090,596658,7,568,2,7200,1.01232394366
596085,596097,596628,12,531,2,7200,1.02259887006
596106,596112,596597,6,485,2,7200,1.01237113402
596122,596128,596681,6,553,2,7200,1.01084990958
596123,596134,596648,11,514,2,7200,1.02140077821
596138,596144,596678,6,534,2,7200,1.01123595506
596154,596160,596710,6,550,2,7200,1.01090909091
596155,596166,596721,11,555,2,7200,1.01981981982
596170,596177,596749,7,572,2,7200,1.01223776224
596185,596192,596752,7,560,2,7200,1.0125
596200,596207,596790,7,583,2,7200,1.01200686106
596225,596232,596801,7,569,2,7200,1.01230228471
596240,596247,596808,7,561,2,7200,1.01247771836
596242,596254,596731,12,477,2,7200,1.0251572327
596257,596264,596759,7,495,2,7200,1.01414141414
596272,596279,596861,7,582,2,7200,1.01202749141
596274,596286,596851,12,565,2,7200,1.02123893805
596301,596307,596876,6,569,2,7200,1.01054481547
596317,596324,596874,7,550,2,7200,1.01272727273
596319,596331,596912,12,581,2,7200,1.02065404475
596320,596336,596822,16,486,2,7200,1.0329218107
596345,596351,596916,6,565,2,7200,1.01061946903
596372,596380,596948,8,568,2,7200,1.01408450704
596388,596395,596926,7,531,2,7200,1.0131826742
596390,596402,596970,12,568,2,7200,1.02112676056
596391,596407,596944,16,537,2,7200,1.02979515829
596406,596414,596926,8,512,2,7200,1.015625
596421,596428,596988,7,560,2,7200,1.0125
596437,596444,597009,7,565,2,7200,1.01238938053
596467,596475,597018,8,543,2,7200,1.01473296501
596483,596489,597026,6,537,2,7200,1.01117318436
596498,596504,597047,6,543,2,7200,1.01104972376
596499,596511,597057,12,546,2,7200,1.02197802198
596507,596696,599189,189,2493,8,7200,1.07581227437
596515,596522,597091,7,569,2,7200,1.01230228471
596533,596540,597108,7,568,2,7200,1.01232394366
596557,596564,597105,7,541,2,7200,1.01293900185
596582,596588,597146,6,558,2,7200,1.01075268817
596597,596604,597142,7,538,2,7200,1.01301115242
596613,596619,597184,6,565,2,7200,1.01061946903
596614,596626,597135,12,509,2,7200,1.02357563851
596629,596637,597178,8,541,2,7200,1.01478743068
596645,596651,597193,6,542,2,7200,1.0110701107
596660,596667,597233,7,566,2,7200,1.01236749117
596661,596674,597235,13,561,2,7200,1.02317290553
596680,596687,597231,7,544,2,7200,1.01286764706
596695,596703,597248,8,545,2,7200,1.01467889908
596713,596719,597287,6,568,2,7200,1.01056338028
596716,656374,656418,59658,44,32,60,1356.86363636
596730,596736,597292,6,556,2,7200,1.01079136691
596745,596752,597331,7,579,2,7200,1.01208981002
596761,596768,597293,7,525,2,7200,1.01333333333
596762,596775,597284,13,509,2,7200,1.02554027505
596763,596780,597362,17,582,2,7200,1.02920962199
596791,596798,597373,7,575,2,7200,1.01217391304
596807,596813,597355,6,542,2,7200,1.0110701107
596822,596828,597389,6,561,2,7200,1.01069518717
596837,596843,597405,6,562,2,7200,1.01067615658
596852,596859,597379,7,520,2,7200,1.01346153846
596867,596874,597439,7,565,2,7200,1.01238938053
596883,596890,597462,7,572,2,7200,1.01223776224
596884,596896,597435,12,539,2,7200,1.02226345083
596915,596922,597504,7,582,2,7200,1.01202749141
596930,596937,597459,7,522,2,7200,1.01340996169
596932,596945,597514,13,569,2,7200,1.02284710018
596933,596950,597477,17,527,2,7200,1.03225806452
596949,596957,597455,8,498,2,7200,1.01606425703
596950,596962,597511,12,549,2,7200,1.0218579235
596972,596978,597542,6,564,2,7200,1.01063829787
596990,596997,597567,7,570,2,7200,1.01228070175
597011,597018,597587,7,569,2,7200,1.01230228471
597027,597034,597555,7,521,2,7200,1.01343570058
597028,597041,597597,13,556,2,7200,1.02338129496
597050,597057,597603,7,546,2,7200,1.01282051282
597065,597072,597618,7,546,2,7200,1.01282051282
597092,597099,597666,7,567,2,7200,1.01234567901
597108,597115,597681,7,566,2,7200,1.01236749117
597123,597130,597709,7,579,2,7200,1.01208981002
597138,597145,597712,7,567,2,7200,1.01234567901
597154,597160,597642,6,482,2,7200,1.01244813278
597155,597167,597704,12,537,2,7200,1.02234636872
597180,597187,597770,7,583,2,7200,1.01200686106
597195,597202,597780,7,578,2,7200,1.01211072664
597197,597209,597776,12,567,2,7200,1.02116402116
597234,597240,597818,6,578,2,7200,1.01038062284
597235,597247,597770,12,523,2,7200,1.02294455067
597251,597258,597747,7,489,2,7200,1.01431492843
597252,597264,597842,12,578,2,7200,1.02076124567
597286,597292,597865,6,573,2,7200,1.01047120419
597302,597308,597875,6,567,2,7200,1.01058201058
597303,597314,597886,11,572,2,7200,1.01923076923
597304,597320,597816,16,496,2,7200,1.03225806452
597332,597338,597834,6,496,2,7200,1.01209677419
597356,597363,597922,7,559,2,7200,1.01252236136
597372,597379,597921,7,542,2,7200,1.01291512915
597387,597393,597904,6,511,2,7200,1.01174168297
597388,597399,597908,11,509,2,7200,1.02161100196
597404,597416,599375,12,1959,1,7200,1.00612557427
597404,597411,597976,7,565,2,7200,1.01238938053
597419,597425,597997,6,572,2,7200,1.01048951049
597437,597444,598026,7,582,2,7200,1.01202749141
597452,597459,598007,7,548,2,7200,1.01277372263
597468,597474,598043,6,569,2,7200,1.01054481547
597469,597482,598062,13,580,2,7200,1.0224137931
597470,597487,598058,17,571,2,7200,1.02977232925
597486,597494,597997,8,503,2,7200,1.01590457256
597507,597514,598088,7,574,2,7200,1.01219512195
597522,597529,598105,7,576,2,7200,1.01215277778
597524,597535,598058,11,523,2,7200,1.02103250478
597545,597552,598069,7,517,2,7200,1.01353965184
597560,597566,598131,6,565,2,7200,1.01061946903
597576,597583,598161,7,578,2,7200,1.01211072664
597591,597597,598159,6,562,2,7200,1.01067615658
597606,597612,598178,6,566,2,7200,1.01060070671
597608,597618,598172,10,554,2,7200,1.01805054152
597625,597632,598193,7,561,2,7200,1.01247771836
597643,597649,598157,6,508,2,7200,1.01181102362
597668,597674,598217,6,543,2,7200,1.01104972376
597683,597690,598265,7,575,2,7200,1.01217391304
597707,597713,598281,6,568,2,7200,1.01056338028
597723,597730,598309,7,579,2,7200,1.01208981002
597724,597736,598301,12,565,2,7200,1.02123893805
597748,597755,598323,7,568,2,7200,1.01232394366
597773,597780,598343,7,563,2,7200,1.01243339254
597774,597787,598357,13,570,2,7200,1.02280701754
597790,597796,598354,6,558,2,7200,1.01075268817
597791,597802,598310,11,508,2,7200,1.02165354331
597819,597825,598367,6,542,2,7200,1.0110701107
597820,597832,598397,12,565,2,7200,1.02123893805
597836,597842,598412,6,570,2,7200,1.01052631579
597851,597857,598361,6,504,2,7200,1.0119047619
597866,597873,598439,7,566,2,7200,1.01236749117
597881,597888,598468,7,580,2,7200,1.01206896552
597896,597903,598429,7,526,2,7200,1.01330798479
597911,597918,598483,7,565,2,7200,1.01238938053
597912,597925,598464,13,539,2,7200,1.0241187384
597928,597934,598493,6,559,2,7200,1.01073345259
597929,597941,598504,12,563,2,7200,1.02131438721
597978,597984,598564,6,580,2,7200,1.01034482759
597999,598005,598570,6,565,2,7200,1.01061946903
598000,598012,598576,12,564,2,7200,1.02127659574
598015,598022,598584,7,562,2,7200,1.01245551601
598031,598037,598623,6,586,2,7200,1.01023890785
598046,598053,598636,7,583,2,7200,1.01200686106
598061,598067,598615,6,548,2,7200,1.01094890511
598063,598074,598613,11,539,2,7200,1.02040816327
598078,598085,598663,7,578,2,7200,1.01211072664
598079,598092,598646,13,554,2,7200,1.02346570397
598094,598101,598651,7,550,2,7200,1.01272727273
598109,598116,598686,7,570,2,7200,1.01228070175
598134,598141,598697,7,556,2,7200,1.01258992806
598158,598165,598732,7,567,2,7200,1.01234567901
598159,598172,598736,13,564,2,7200,1.02304964539
598175,598182,598760,7,578,2,7200,1.01211072664
598176,598189,598635,13,446,2,7200,1.02914798206
598192,598198,598746,6,548,2,7200,1.01094890511
598207,598213,598787,6,574,2,7200,1.01045296167
598222,598228,598746,6,518,2,7200,1.01158301158
598267,598274,598848,7,574,2,7200,1.01219512195
598283,598289,598868,6,579,2,7200,1.0103626943
598304,598311,598847,7,536,2,7200,1.01305970149
598319,598325,598896,6,571,2,7200,1.01050788091
598320,598332,598885,12,553,2,7200,1.02169981917
598335,598343,598908,8,565,2,7200,1.01415929204
598350,598357,598927,7,570,2,7200,1.01228070175
598366,598373,598909,7,536,2,7200,1.01305970149
598367,598380,598947,13,567,2,7200,1.02292768959
598369,598385,598945,16,560,2,7200,1.02857142857
598384,598391,598979,7,588,2,7200,1.0119047619
598399,598405,598972,6,567,2,7200,1.01058201058
598414,598421,598980,7,559,2,7200,1.01252236136
598432,598438,599010,6,572,2,7200,1.01048951049
598447,598454,599015,7,561,2,7200,1.01247771836
598465,598472,599015,7,543,2,7200,1.01289134438
598480,598488,599015,8,527,2,7200,1.01518026565
598496,598502,599004,6,502,2,7200,1.01195219124
598497,598508,599015,11,507,2,7200,1.02169625247
598512,598520,599015,8,495,2,7200,1.01616161616
598567,598573,599015,6,442,2,7200,1.01357466063
598583,598589,599015,6,426,2,7200,1.01408450704
598584,598596,599015,12,419,2,7200,1.02863961814
598599,598605,599015,6,410,2,7200,1.01463414634
598614,598622,599015,8,393,2,7200,1.0203562341
599060,599066,599098,6,32,2,7200,1.1875
599061,599072,599104,11,32,2,7200,1.34375
599062,599078,599110,16,32,2,7200,1.5
599064,599083,599115,19,32,2,7200,1.59375
599065,599088,599120,23,32,2,7200,1.71875
599066,599094,599126,28,32,2,7200,1.875
599068,599101,599133,33,32,2,7200,2.03125
599069,599106,599138,37,32,2,7200,2.15625
599071,599111,599143,40,32,2,7200,2.25
599072,599117,599149,45,32,2,7200,2.40625
599073,599122,599154,49,32,2,7200,2.53125
599075,599127,599159,52,32,2,7200,2.625
599076,599132,599165,56,33,2,7200,2.69696969697
599078,599138,599172,60,34,2,7200,2.76470588235
599079,599143,599176,64,33,2,7200,2.93939393939
599080,599148,599180,68,32,2,7200,3.125
599082,599154,599186,72,32,2,7200,3.25
599083,599159,599191,76,32,2,7200,3.375
599085,599164,599196,79,32,2,7200,3.46875
599086,599170,599202,84,32,2,7200,3.625
599088,599175,599208,87,33,2,7200,3.63636363636
599089,599180,599215,91,35,2,7200,3.6
599096,599188,599219,92,31,2,7200,3.96774193548
599097,599193,599224,96,31,2,7200,4.09677419355
599099,599198,599224,99,26,2,7200,4.80769230769
599100,599204,599224,104,20,2,7200,6.2
599102,599209,599224,107,15,2,7200,8.13333333333
599103,599214,599224,111,10,2,7200,12.1
599104,599220,599224,116,4,2,7200,12.0
599106,599225,599226,119,1,2,7200,12.0
599107,599230,599231,123,1,2,7200,12.4
599109,599235,599236,126,1,2,7200,12.7
599110,599241,599242,131,1,2,7200,13.2
599299,599305,599338,6,33,2,7200,1.18181818182
599300,599311,599344,11,33,2,7200,1.33333333333
599302,599317,599350,15,33,2,7200,1.45454545455
599303,599322,599355,19,33,2,7200,1.57575757576
599304,599328,599361,24,33,2,7200,1.72727272727
599306,599334,599367,28,33,2,7200,1.84848484848
599307,599339,599372,32,33,2,7200,1.9696969697
599309,599344,599377,35,33,2,7200,2.06060606061
599310,599350,599383,40,33,2,7200,2.21212121212
599311,599355,599388,44,33,2,7200,2.33333333333
599313,599360,599393,47,33,2,7200,2.42424242424
599314,599366,599399,52,33,2,7200,2.57575757576
599315,599371,599404,56,33,2,7200,2.69696969697
599317,599376,599409,59,33,2,7200,2.78787878788
599318,599382,599414,64,32,2,7200,3.0
599320,599387,599420,67,33,2,7200,3.0303030303
599321,599392,599425,71,33,2,7200,3.15151515152
599322,599398,599431,76,33,2,7200,3.30303030303
599324,599403,599436,79,33,2,7200,3.39393939394
599325,599408,599441,83,33,2,7200,3.51515151515
599326,599414,599447,88,33,2,7200,3.66666666667
599328,599419,599452,91,33,2,7200,3.75757575758
599329,599427,599460,98,33,2,7200,3.9696969697
599331,599432,599465,101,33,2,7200,4.06060606061
599332,599438,599470,106,32,2,7200,4.3125
599333,599443,599476,110,33,2,7200,4.33333333333
599335,599448,599482,113,34,2,7200,4.32352941176
599336,599454,599486,118,32,2,7200,4.6875
599337,599459,599492,122,33,2,7200,4.69696969697
599339,599465,599497,126,32,2,7200,4.9375
599340,599470,599503,130,33,2,7200,4.93939393939
599342,599475,599508,133,33,2,7200,5.0303030303
599343,599481,599514,138,33,2,7200,5.18181818182
599344,599486,599519,142,33,2,7200,5.30303030303
599346,599492,599524,146,32,2,7200,5.5625
599347,599497,599530,150,33,2,7200,5.54545454545
599348,599502,599535,154,33,2,7200,5.66666666667
599350,599508,599540,158,32,2,7200,5.9375
599351,599513,599546,162,33,2,7200,5.90909090909
599353,599518,599552,165,34,2,7200,5.85294117647
599662,599668,600214,6,546,2,7200,1.01098901099
599663,599675,600201,12,526,2,7200,1.02281368821
599665,599680,600224,15,544,2,7200,1.02757352941
599666,599685,600216,19,531,2,7200,1.03578154426
599667,599691,600219,24,528,2,7200,1.04545454545
599669,599698,600235,29,537,2,7200,1.05400372439
599670,599703,600249,33,546,2,7200,1.06043956044
599672,599708,600251,36,543,2,7200,1.06629834254
599673,599714,600248,41,534,2,7200,1.07677902622
599675,599719,600256,44,537,2,7200,1.08193668529
599676,599725,600264,49,539,2,7200,1.09090909091
599678,599730,600277,52,547,2,7200,1.09506398537
599679,599736,600250,57,514,2,7200,1.11089494163
599681,599741,600266,60,525,2,7200,1.11428571429
599682,599746,600287,64,541,2,7200,1.11829944547
599683,599752,600296,69,544,2,7200,1.12683823529
599685,599757,600299,72,542,2,7200,1.13284132841
599686,599763,600291,77,528,2,7200,1.14583333333
599688,599768,600310,80,542,2,7200,1.14760147601
599689,599773,600308,84,535,2,7200,1.15700934579
599690,599779,600299,89,520,2,7200,1.17115384615
599692,599786,600328,94,542,2,7200,1.17343173432
599693,599791,600324,98,533,2,7200,1.18386491557
599695,599796,600332,101,536,2,7200,1.18843283582
599696,599802,600353,106,551,2,7200,1.19237749546
599698,599807,600355,109,548,2,7200,1.19890510949
599699,600213,600745,514,532,2,7200,1.96616541353
599700,600226,600774,526,548,2,7200,1.9598540146
599702,600233,600778,531,545,2,7200,1.97431192661
599704,600238,600774,534,536,2,7200,1.99626865672
599705,600245,600793,540,548,2,7200,1.98540145985
599707,600252,600798,545,546,2,7200,1.99816849817
599708,600259,600792,551,533,2,7200,2.03377110694
599709,600267,600800,558,533,2,7200,2.0469043152
599711,600272,600810,561,538,2,7200,2.04275092937
599712,600278,600806,566,528,2,7200,2.07196969697
599714,600285,600822,571,537,2,7200,2.06331471136
599715,600290,600835,575,545,2,7200,2.05504587156
599717,600295,600844,578,549,2,7200,2.05282331512
599718,600303,600844,585,541,2,7200,2.08133086876
599900,600308,600563,408,255,2,3600,2.6
599901,600314,600571,413,257,2,3600,2.60700389105
600113,600120,600391,7,271,1,7200,1.0258302583
600202,600321,600862,119,541,2,7200,1.21996303142
600217,600326,600862,109,536,2,7200,1.20335820896
600218,600332,600871,114,539,2,7200,1.21150278293
600233,600337,600898,104,561,2,7200,1.18538324421
600235,600344,600887,109,543,2,7200,1.20073664825
600250,600349,600894,99,545,2,7200,1.18165137615
600252,600355,600890,103,535,2,7200,1.19252336449
600253,600360,600898,107,538,2,7200,1.19888475836
600255,600367,600917,112,550,2,7200,1.20363636364
600270,600372,600913,102,541,2,7200,1.18853974122
600272,600576,601103,304,527,2,7200,1.57685009488
600273,600583,601105,310,522,2,7200,1.5938697318
600275,600756,601299,481,543,2,7200,1.88581952118
600290,600786,601306,496,520,2,7200,1.95384615385
600291,600791,601348,500,557,2,7200,1.89766606822
600307,600797,601334,490,537,2,7200,1.91247672253
600308,600804,601351,496,547,2,7200,1.90676416819
600310,600809,601338,499,529,2,7200,1.94328922495
600311,600815,601354,504,539,2,7200,1.93506493506
600326,600821,601355,495,534,2,7200,1.92696629213
600328,600828,601364,500,536,2,7200,1.9328358209
600329,600833,601361,504,528,2,7200,1.95454545455
600344,600839,601379,495,540,2,7200,1.91666666667
600345,600848,601393,503,545,2,7200,1.92293577982
600360,600873,601409,513,536,2,7200,1.95708955224
600362,600878,601420,516,542,2,7200,1.9520295203
600721,672270,672570,71549,300,64,600,239.496666667
600736,672588,672670,71852,82,64,180,877.243902439
600746,600885,601421,139,536,2,7200,1.25932835821
600776,600890,601421,114,531,2,7200,1.21468926554
600777,600895,601446,118,551,2,7200,1.21415607985
600793,600903,601443,110,540,2,7200,1.2037037037
600794,600908,601430,114,522,2,7200,1.2183908046
600809,600915,601470,106,555,2,7200,1.19099099099
600811,600920,601462,109,542,2,7200,1.20110701107
600812,600925,601455,113,530,2,7200,1.21320754717
600813,600932,601462,119,530,2,7200,1.22452830189
600828,600937,601480,109,543,2,7200,1.20073664825
600830,601115,601643,285,528,2,7200,1.53977272727
600845,601122,601658,277,536,2,7200,1.51679104478
600846,601310,601842,464,532,2,7200,1.87218045113
600847,601318,601854,471,536,2,7200,1.87873134328
600866,601345,601883,479,538,2,7200,1.89033457249
600867,601353,601857,486,504,2,7200,1.96428571429
600882,601360,601869,478,509,2,7200,1.93909626719
600897,601366,601912,469,546,2,7200,1.85897435897
600899,601372,601915,473,543,2,7200,1.87108655617
600900,601377,601906,477,529,2,7200,1.90170132325
600915,601384,601924,469,540,2,7200,1.86851851852
600917,601389,601932,472,543,2,7200,1.86924493554
600918,601396,601950,478,554,2,7200,1.86281588448
600932,601405,601929,473,524,2,7200,1.90267175573
601105,601421,601976,316,555,2,7200,1.56936936937
601107,601432,601993,325,561,2,7200,1.57932263815
601299,601439,601984,140,545,2,7200,1.25688073394
601314,601444,601995,130,551,2,7200,1.23593466425
601335,601451,601978,116,527,2,7200,1.22011385199
601350,601457,602001,107,544,2,7200,1.19669117647
601351,601463,602005,112,542,2,7200,1.20664206642
601366,601470,602017,104,547,2,7200,1.19012797075
601368,601477,602009,109,532,2,7200,1.20488721805
601369,601482,602028,113,546,2,7200,1.20695970696
601370,601489,602023,119,534,2,7200,1.22284644195
601372,601496,602050,124,554,2,7200,1.2238267148
601386,601654,602215,268,561,2,7200,1.47771836007
601401,601670,602215,269,545,2,7200,1.49357798165
601416,601854,602408,438,554,2,7200,1.79061371841
601431,601866,602431,435,565,2,7200,1.76991150442
601433,601872,602403,439,531,2,7200,1.82674199623
601434,601881,602399,447,518,2,7200,1.86293436293
601435,601894,602429,459,535,2,7200,1.85794392523
601450,601917,602453,467,536,2,7200,1.87126865672
601452,601924,602462,472,538,2,7200,1.87732342007
601467,601931,602480,464,549,2,7200,1.84517304189
601468,601937,602508,469,571,2,7200,1.82136602452
601469,601944,602465,475,521,2,7200,1.91170825336
601484,601949,602499,465,550,2,7200,1.84545454545
601486,601962,602521,476,559,2,7200,1.85152057245
601643,601989,602547,346,558,2,7200,1.62007168459
601661,601995,602527,334,532,2,7200,1.62781954887
601845,602000,602547,155,547,2,7200,1.28336380256
601860,602008,602564,148,556,2,7200,1.26618705036
601861,602013,602562,152,549,2,7200,1.27686703097
601876,602020,602585,144,565,2,7200,1.25486725664
601890,602025,602588,135,563,2,7200,1.23978685613
601908,602032,602562,124,530,2,7200,1.23396226415
601923,602037,602586,114,549,2,7200,1.20765027322
601925,602044,602584,119,540,2,7200,1.22037037037
601940,602049,602607,109,558,2,7200,1.19534050179
601941,602061,602610,120,549,2,7200,1.21857923497
601943,602227,602773,284,546,2,7200,1.52014652015
601957,602232,602798,275,566,2,7200,1.48586572438
601978,602411,602953,433,542,2,7200,1.79889298893
601980,602418,602951,438,533,2,7200,1.82176360225
601995,602425,602970,430,545,2,7200,1.78899082569
601996,602441,602988,445,547,2,7200,1.81352833638
602012,602448,602997,436,549,2,7200,1.7941712204
602013,602465,603007,452,542,2,7200,1.83394833948
602014,602473,603024,459,551,2,7200,1.83303085299
602016,602480,603020,464,540,2,7200,1.85925925926
602031,602494,603024,463,530,2,7200,1.87358490566
602032,602511,603062,479,551,2,7200,1.86932849365
602034,602520,603066,486,546,2,7200,1.89010989011
602052,602533,603091,481,558,2,7200,1.86200716846
602069,602076,602309,7,233,1,7200,1.03004291845
602216,602540,603085,324,545,2,7200,1.59449541284
602217,602558,603112,341,554,2,7200,1.6155234657
602344,602350,602360,6,10,1,240,1.6
602401,602571,603117,170,546,2,7200,1.31135531136
602416,602579,603136,163,557,2,7200,1.29263913824
602417,602584,603135,167,551,2,7200,1.30308529946
602432,602589,603124,157,535,2,7200,1.29345794393
602434,602596,603160,162,564,2,7200,1.28723404255
602455,602601,603152,146,551,2,7200,1.26497277677
602469,602608,603154,139,546,2,7200,1.25457875458
602471,602613,603152,142,539,2,7200,1.26345083488
602475,602487,602745,12,258,1,7200,1.04651162791
602486,602620,603169,134,549,2,7200,1.24408014572
602500,602627,603168,127,541,2,7200,1.23475046211
602515,602785,603334,270,549,2,7200,1.49180327869
602530,602810,603357,280,547,2,7200,1.51188299817
602531,602962,603535,431,573,2,7200,1.75218150087
602549,602969,603501,420,532,2,7200,1.78947368421
602550,602981,603509,431,528,2,7200,1.81628787879
602565,603000,603534,435,534,2,7200,1.81460674157
602567,603010,603574,443,564,2,7200,1.78546099291
602568,603018,603567,450,549,2,7200,1.81967213115
602586,603032,603574,446,542,2,7200,1.82287822878
602588,603039,603599,451,560,2,7200,1.80535714286
602589,603044,603592,455,548,2,7200,1.8302919708
602604,603074,603601,470,527,2,7200,1.89184060721
602619,603081,603616,462,535,2,7200,1.86355140187
602621,603097,603640,476,543,2,7200,1.87661141805
602775,603104,603657,329,553,2,7200,1.59493670886
602799,603124,603688,325,564,2,7200,1.57624113475
602847,602853,603136,6,283,1,7200,1.02120141343
602952,603131,603670,179,539,2,7200,1.33209647495
602967,603138,603692,171,554,2,7200,1.30866425993
602981,603147,603705,166,558,2,7200,1.29749103943
602996,603154,603698,158,544,2,7200,1.29044117647
603012,603164,603720,152,556,2,7200,1.27338129496
603014,603169,603731,155,562,2,7200,1.27580071174
603029,603176,603731,147,555,2,7200,1.26486486486
603030,603181,603741,151,560,2,7200,1.26964285714
603032,603188,603730,156,542,2,7200,1.28782287823
603065,603193,603736,128,543,2,7200,1.23572744015
603079,603346,603908,267,562,2,7200,1.47508896797
603094,603369,603931,275,562,2,7200,1.48932384342
603096,603514,604084,418,570,2,7200,1.73333333333
603113,603521,604049,408,528,2,7200,1.77272727273
603128,603546,604093,418,547,2,7200,1.76416819013
603130,603553,604086,423,533,2,7200,1.79362101313
603145,603580,604134,435,554,2,7200,1.78519855596
603146,603587,604157,441,570,2,7200,1.77368421053
603161,603592,604117,431,525,2,7200,1.82095238095
603163,603604,604170,441,566,2,7200,1.77915194346
603164,603611,604167,447,556,2,7200,1.80395683453
603166,603618,604175,452,557,2,7200,1.81149012567
603181,603629,604180,448,551,2,7200,1.81306715064
603182,603653,604218,471,565,2,7200,1.83362831858
603257,603264,603591,7,327,1,7200,1.02140672783
603337,603669,604226,332,557,2,7200,1.5960502693
603358,603682,604209,324,527,2,7200,1.61480075901
603502,603701,604267,199,566,2,7200,1.35159010601
603517,603708,604248,191,540,2,7200,1.3537037037
603535,603714,604251,179,537,2,7200,1.33333333333
603550,603721,604291,171,570,2,7200,1.3
603571,603732,604297,161,565,2,7200,1.28495575221
603586,603742,604299,156,557,2,7200,1.28007181329
603587,603749,604294,162,545,2,7200,1.29724770642
603602,603754,604312,152,558,2,7200,1.27240143369
603604,603760,604311,156,551,2,7200,1.2831215971
603605,603767,604325,162,558,2,7200,1.29032258065
603620,603919,604461,299,542,2,7200,1.55166051661
603641,603943,604497,302,554,2,7200,1.54512635379
603659,604062,604630,403,568,2,7200,1.70950704225
603674,604095,604657,421,562,2,7200,1.74911032028
603691,604102,604645,411,543,2,7200,1.75690607735
603706,604109,604664,403,555,2,7200,1.72612612613
603708,604129,604672,421,543,2,7200,1.77532228361
603709,604146,604715,437,569,2,7200,1.76801405975
603724,604169,604711,445,542,2,7200,1.82103321033
603740,604178,604726,438,548,2,7200,1.79927007299
603741,604186,604738,445,552,2,7200,1.80615942029
603742,604192,604757,450,565,2,7200,1.79646017699
603744,604198,604751,454,553,2,7200,1.82097649186
603759,604222,604778,463,556,2,7200,1.83273381295
603910,604229,604773,319,544,2,7200,1.58639705882
603934,604238,604804,304,566,2,7200,1.5371024735
604051,604260,604816,209,556,2,7200,1.37589928058
604087,604267,604803,180,536,2,7200,1.33582089552
604088,604279,604830,191,551,2,7200,1.34664246824
604103,604303,604851,200,548,2,7200,1.36496350365
604118,604310,604863,192,553,2,7200,1.34719710669
604136,604315,604874,179,559,2,7200,1.32021466905
604160,604321,604862,161,541,2,7200,1.29759704251
604175,604328,604884,153,556,2,7200,1.27517985612
604177,604333,604881,156,548,2,7200,1.28467153285
604191,604340,604868,149,528,2,7200,1.2821969697
604193,604472,605029,279,557,2,7200,1.50089766607
604211,604508,605077,297,569,2,7200,1.52196836555
604226,604643,605185,417,542,2,7200,1.76937269373
604240,604657,605221,417,564,2,7200,1.73936170213
604255,604670,605224,415,554,2,7200,1.74909747292
604257,604677,605221,420,544,2,7200,1.77205882353
604271,604683,605251,412,568,2,7200,1.72535211268
604292,604723,605281,431,558,2,7200,1.77240143369
604307,604731,605279,424,548,2,7200,1.77372262774
604309,604738,605282,429,544,2,7200,1.78860294118
604310,604750,605312,440,562,2,7200,1.78291814947
604325,604763,605292,438,529,2,7200,1.82797731569
604326,604769,605319,443,550,2,7200,1.80545454545
604328,604785,605354,457,569,2,7200,1.80316344464
604464,604792,605353,328,561,2,7200,1.58467023173
604500,604815,605368,315,553,2,7200,1.56962025316
604632,604821,605374,189,553,2,7200,1.3417721519
604647,604829,605403,182,574,2,7200,1.31707317073
604661,604842,605407,181,565,2,7200,1.3203539823
604676,604864,605409,188,545,2,7200,1.34495412844
604677,604874,605426,197,552,2,7200,1.35688405797
604714,604881,605449,167,568,2,7200,1.29401408451
604729,604886,605440,157,554,2,7200,1.28339350181
604730,604893,605429,163,536,2,7200,1.30410447761
604745,604898,605460,153,562,2,7200,1.27224199288
604760,604905,605453,145,548,2,7200,1.26459854015
604761,605041,605598,280,557,2,7200,1.5026929982
604776,605089,605648,313,559,2,7200,1.55992844365
604790,605197,605750,407,553,2,7200,1.73598553345
