SubmitTime,StartTime,EndTime,QueuedTime,RunTime,NodesRequested,walltime,bslowdown
68,1805,4809,1737,3004,2,7200,1.57822902796
394,1928,4818,1534,2890,2,7200,1.53079584775
506,1934,4835,1428,2901,2,7200,1.49224405377
646,2092,5034,1446,2942,2,7200,1.49150237933
779,2150,5091,1371,2941,2,7200,1.46616797008
815,2411,5146,1596,2735,2,7200,1.58354661792
936,3197,6036,2261,2839,2,7200,1.79640718563
988,3454,6546,2466,3092,2,7200,1.79754204398
1112,3659,6595,2547,2936,2,7200,1.86750681199
1194,3751,6674,2557,2923,2,7200,1.87478617858
1327,3820,6670,2493,2850,2,7200,1.87473684211
1566,3827,6815,2261,2988,2,7200,1.75669344043
1675,3861,6851,2186,2990,2,7200,1.73110367893
1763,4147,7103,2384,2956,2,7200,1.80649526387
1796,4299,7316,2503,3017,2,7200,1.82963208485
1920,4154,7115,2234,2961,2,7200,1.75447483958
1922,4527,7385,2605,2858,2,7200,1.91147655703
2082,4380,7417,2298,3037,2,7200,1.75666776424
2140,4889,7830,2749,2941,2,7200,1.93471608296
2403,4836,7541,2433,2705,2,7200,1.89944547135
3189,4820,7953,1631,3133,2,7200,1.52058729652
3446,4829,7809,1383,2980,2,7200,1.46409395973
3649,4846,7748,1197,2902,2,7200,1.41247415575
3742,5045,8070,1303,3025,2,7200,1.43074380165
3809,5104,8032,1295,2928,2,7200,1.44228142077
3824,5157,8166,1333,3009,2,7200,1.44300432037
3851,6047,9068,2196,3021,2,7200,1.72691161867
4139,6557,9441,2418,2884,2,7200,1.83841886269
4154,6606,9610,2452,3004,2,7200,1.81624500666
4291,6689,9541,2398,2852,2,7200,1.84081346424
4372,6682,9556,2310,2874,2,7200,1.80375782881
4518,6826,9592,2308,2766,2,7200,1.83441793203
4811,6863,9942,2052,3079,2,7200,1.66645014615
4826,7114,9851,2288,2737,2,7200,1.83595177201
4828,7126,9992,2298,2866,2,7200,1.80181437544
4843,7327,10130,2484,2803,2,7200,1.88619336425
4879,7428,10406,2549,2978,2,7200,1.8559435863
5037,7396,10184,2359,2788,2,7200,1.84612625538
5094,7964,10719,2870,2755,2,7200,2.04174228675
5149,7820,11021,2671,3201,2,7200,1.83442674164
6037,7552,10539,1515,2987,2,7200,1.50719785738
6548,7759,10768,1211,3009,2,7200,1.4024592888
6597,7841,10748,1244,2907,2,7200,1.42793257654
6673,8082,11079,1409,2997,2,7200,1.47013680347
6688,8047,11002,1359,2955,2,7200,1.45989847716
6818,8177,11380,1359,3203,2,7200,1.42428972838
6854,9079,12010,2225,2931,2,7200,1.75912657796
7105,9453,12431,2348,2978,2,7200,1.78844862324
7120,9622,12533,2502,2911,2,7200,1.85949845414
7317,9567,12491,2250,2924,2,7200,1.76949384405
7387,9552,12414,2165,2862,2,7200,1.75646401118
7420,9604,12509,2184,2905,2,7200,1.75180722892
7544,9953,12881,2409,2928,2,7200,1.82274590164
7750,9863,12856,2113,2993,2,7200,1.70598062145
7810,10003,12940,2193,2937,2,7200,1.74668028601
7832,10141,13035,2309,2894,2,7200,1.79785763649
7956,10195,13201,2239,3006,2,7200,1.74484364604
8035,10417,13337,2382,2920,2,7200,1.81575342466
8071,10550,13744,2479,3194,2,7200,1.77614276769
8168,10779,13806,2611,3027,2,7200,1.86257020152
8856,8862,8871,6,9,1,3600,1.5
9001,9008,9138,7,130,1,3600,1.05384615385
9069,11032,13995,1963,2963,2,7200,1.6625042187
9271,9278,9629,7,351,1,3600,1.01994301994
9444,10759,13709,1315,2950,2,7200,1.44576271186
9544,10731,13752,1187,3021,2,7200,1.3929162529
9559,11018,14258,1459,3240,2,7200,1.45030864198
9595,11090,14025,1495,2935,2,7200,1.50936967632
9613,11391,14447,1778,3056,2,7200,1.58180628272
9852,12022,14896,2170,2874,2,7200,1.75504523312
9892,9898,10566,6,668,1,3600,1.00898203593
9943,12442,15578,2499,3136,2,7200,1.796875
9995,12425,15332,2430,2907,2,7200,1.83591331269
10131,12503,15544,2372,3041,2,7200,1.78000657678
10186,12520,15329,2334,2809,2,7200,1.8309006764
10407,12545,15490,2138,2945,2,7200,1.7259762309
10540,12867,15982,2327,3115,2,7200,1.74703049759
10722,12892,15801,2170,2909,2,7200,1.74596081128
10749,12951,15882,2202,2931,2,7200,1.75127942682
10770,13046,16178,2276,3132,2,7200,1.72669220945
11004,13212,16231,2208,3019,2,7200,1.73136800265
11025,13348,16361,2323,3013,2,7200,1.77099236641
11083,13755,16641,2672,2886,2,7200,1.92584892585
11132,11138,11148,6,10,1,3600,1.6
11278,11285,11367,7,82,1,3600,1.08536585366
11382,13763,16694,2381,2931,2,7200,1.81235073354
11497,11504,11775,7,271,1,3600,1.0258302583
12014,13720,16620,1706,2900,2,7200,1.58827586207
12132,12138,12665,6,527,1,3600,1.01138519924
12416,13817,16720,1401,2903,2,7200,1.48260420255
12434,14271,17224,1837,2953,2,7200,1.62207924145
12494,14006,17153,1512,3147,2,7200,1.48045757865
12513,14036,17029,1523,2993,2,7200,1.50885399265
12537,14458,17341,1921,2883,2,7200,1.66631980576
12561,12568,12576,7,8,1,1800,1.5
12733,12740,12831,7,91,1,1800,1.07692307692
12778,12784,12937,6,153,1,3600,1.03921568627
12857,14907,17886,2050,2979,2,7200,1.68815038604
12882,15347,18207,2465,2860,2,7200,1.86188811189
12942,15590,18397,2648,2807,2,7200,1.94335589597
13036,15555,18450,2519,2895,2,7200,1.8701208981
13097,13105,13269,8,164,1,1800,1.0487804878
13110,13117,13438,7,321,1,3600,1.02180685358
13203,15340,18302,2137,2962,2,7200,1.72147197839
13340,15502,18204,2162,2702,2,7200,1.80014803849
13712,15994,19030,2282,3036,2,7200,1.75164690382
13731,13738,14446,7,708,1,3600,1.00988700565
13746,15812,18905,2066,3093,2,7200,1.66795990947
13761,15893,18823,2132,2930,2,7200,1.72764505119
13809,16189,19131,2380,2942,2,7200,1.80897348742
13931,13938,14374,7,436,1,1800,1.01605504587
13997,16242,19496,2245,3254,2,7200,1.68992009834
14021,16372,19666,2351,3294,2,7200,1.71372191864
14260,16632,19711,2372,3079,2,7200,1.7703799935
14448,16652,19504,2204,2852,2,7200,1.77279102384
14898,16706,19730,1808,3024,2,7200,1.59788359788
15186,15192,15222,6,30,1,1800,1.2
15399,15405,15453,6,48,1,1800,1.125
15556,15563,15683,7,120,1,3600,1.05833333333
15696,15702,15816,6,114,1,1800,1.05263157895
15845,15851,16149,6,298,1,3600,1.02013422819
16442,16450,17024,8,574,1,3600,1.01393728223
16472,16479,16852,7,373,1,1800,1.01876675603
20118,20124,20209,6,85,1,1800,1.07058823529
20476,20483,20614,7,131,1,1800,1.0534351145
21137,21144,21587,7,443,1,1800,1.0158013544
22871,22877,22933,6,56,1,1800,1.10714285714
23185,23191,23291,6,100,1,1800,1.06
23932,23938,24267,6,329,1,1800,1.01823708207
29811,29817,49843,6,20026,3,21600,1.00029961051
31063,31070,41174,7,10104,4,111600,1.00069279493
31338,31345,41890,7,10545,4,72060,1.00066382172
31648,31654,70803,6,39149,32,43200,1.00015326062
32154,32160,32277,6,117,4,126000,1.05128205128
32288,32294,41013,6,8719,4,126000,1.00068815231
32693,32699,291946,6,259247,3,259200,1.00002314395
33114,33120,35985,6,2865,2,7200,1.00209424084
33115,33126,35866,11,2740,2,7200,1.00401459854
33117,33132,35934,15,2802,2,7200,1.00535331906
33118,33137,36097,19,2960,2,7200,1.00641891892
33120,33142,36147,22,3005,2,7200,1.00732113145
33121,33149,35686,28,2537,2,7200,1.01103665747
33122,33155,35993,33,2838,2,7200,1.01162790698
33124,33160,36145,36,2985,2,7200,1.01206030151
33125,33165,36168,40,3003,2,7200,1.01332001332
33127,33171,36249,44,3078,2,7200,1.01429499675
33128,33176,36345,48,3169,2,7200,1.01514673399
33129,33181,36218,52,3037,2,7200,1.01712216003
33131,33187,36197,56,3010,2,7200,1.01860465116
33132,33192,36153,60,2961,2,7200,1.02026342452
33134,33198,36369,64,3171,2,7200,1.0201829076
33135,33203,36178,68,2975,2,7200,1.02285714286
33136,33208,36149,72,2941,2,7200,1.02448146889
33138,33214,36220,76,3006,2,7200,1.0252827678
33139,33219,36110,80,2891,2,7200,1.02767208578
33141,33224,36162,83,2938,2,7200,1.02825051055
33142,35997,38876,2855,2879,2,7200,1.99166377214
33143,35877,38814,2734,2937,2,7200,1.93088185223
33145,35946,38954,2801,3008,2,7200,1.93118351064
33146,36108,38989,2962,2881,2,7200,2.02811523776
33147,36163,39112,3016,2949,2,7200,2.02271956595
33149,35697,38781,2548,3084,2,7200,1.8261997406
33150,36004,39072,2854,3068,2,7200,1.93024771838
33152,36156,39245,3004,3089,2,7200,1.97248300421
33153,36187,39234,3034,3047,2,7200,1.99573350837
33154,36261,39363,3107,3102,2,7200,2.00161186331
33156,36360,39062,3204,2702,2,7200,2.18578830496
33157,36229,39349,3072,3120,2,7200,1.98461538462
33158,36209,39313,3051,3104,2,7200,1.98292525773
33160,36175,39161,3015,2986,2,7200,2.00971198928
35422,35428,40023,6,4595,4,75600,1.00130576714
35687,36380,39342,693,2962,2,7200,1.23396353815
35868,36194,39237,326,3043,2,7200,1.1071311206
35935,36169,39068,234,2899,2,7200,1.08071748879
35972,35979,36115,7,136,4,120,1.05147058824
35987,36236,39280,249,3044,2,7200,1.08180026281
36002,36122,38952,120,2830,2,7200,1.04240282686
36099,36181,39019,82,2838,2,7200,1.02889358703
36114,38792,41687,2678,2895,2,7200,1.92504317789
36148,38826,41725,2678,2899,2,7200,1.92376681614
36149,38970,41941,2821,2971,2,7200,1.94951194884
36166,38887,41660,2721,2773,2,7200,1.98124774612
36167,39089,41904,2922,2815,2,7200,2.03801065719
36168,39001,41645,2833,2644,2,7200,2.07148260212
36184,38963,41904,2779,2941,2,7200,1.944916695
36185,39260,42156,3075,2896,2,7200,2.06180939227
36201,39123,41937,2922,2814,2,7200,2.03837953092
36219,39082,42034,2863,2952,2,7200,1.96985094851
36234,39172,42199,2938,3027,2,7200,1.97059795177
36239,36245,36371,6,126,4,120,1.04761904762
36253,39030,41963,2777,2933,2,7200,1.94681213774
36347,39246,42078,2899,2832,2,7200,2.02365819209
36371,39253,42171,2882,2918,2,7200,1.98766278273
36435,36442,36501,7,59,4,120,1.1186440678
36503,36511,36624,8,113,4,120,1.07079646018
36622,36628,36784,6,156,4,120,1.03846153846
36838,36844,36869,6,25,4,120,1.24
36894,36900,37059,6,159,4,120,1.03773584906
37180,37187,37330,7,143,4,120,1.04895104895
38309,38317,38374,8,57,4,120,1.14035087719
38661,38667,38825,6,158,4,120,1.03797468354
38698,38705,66587,7,27882,1,28800,1.00025105803
38783,39325,42302,542,2977,2,7200,1.18206247901
38818,39459,42594,641,3135,2,7200,1.20446570973
38862,38869,39005,7,136,4,120,1.05147058824
38878,39292,42325,414,3033,2,7200,1.13649851632
38954,39464,42436,510,2972,2,7200,1.17160161507
38956,39075,42074,119,2999,2,7200,1.0396798933
38993,39469,42523,476,3054,2,7200,1.15586116568
39003,39010,41890,7,2880,4,72060,1.00243055556
39018,41699,44821,2681,3122,2,7200,1.85874439462
39064,41742,44621,2678,2879,2,7200,1.9301840917
39079,41672,44668,2593,2996,2,7200,1.86548731642
39081,41915,44870,2834,2955,2,7200,1.95905245347
39115,41955,44629,2840,2674,2,7200,2.06207928197
39163,41657,44713,2494,3056,2,7200,1.81609947644
39236,41974,44938,2738,2964,2,7200,1.92375168691
39251,42087,44708,2836,2621,2,7200,2.08202975963
39253,42045,45098,2792,3053,2,7200,1.91451031772
39284,41921,44973,2637,3052,2,7200,1.86402359109
39314,41948,44848,2634,2900,2,7200,1.90827586207
39332,39351,41516,19,2165,1,3600,1.00877598152
39332,39344,41360,12,2016,1,3600,1.00595238095
39332,39338,40589,6,1251,1,3600,1.00479616307
39333,39356,41919,23,2563,1,3600,1.00897385876
39333,39368,41894,35,2526,1,3600,1.01385589865
39333,39362,42816,29,3454,1,3600,1.00839606254
39334,39385,41472,51,2087,1,3600,1.0244369909
39334,39374,42590,40,3216,1,3600,1.01243781095
39334,39379,42292,45,2913,1,3600,1.01544799176
39334,39391,42998,57,3607,1,3600,1.01580260604
39335,39402,42857,67,3455,1,3600,1.01939218524
39335,39397,40930,62,1533,1,3600,1.04044357469
39335,39408,43054,73,3646,1,3600,1.02002194185
39336,39428,41906,92,2478,1,3600,1.03712671509
39336,39434,43064,98,3630,1,3600,1.02699724518
39336,39415,41617,79,2202,1,3600,1.03587647593
39336,39423,43044,87,3621,1,3600,1.02402651201
39337,39440,43086,103,3646,1,3600,1.02825013714
39337,39452,43078,115,3626,1,3600,1.03171538886
39337,39446,42837,109,3391,1,3600,1.03214391035
39345,42210,45239,2865,3029,2,7200,1.94585671839
39360,42094,44932,2734,2838,2,7200,1.96335447498
39375,42182,45068,2807,2886,2,7200,1.97262647263
41424,41430,43124,6,1694,1,7200,1.00354191263
41648,42167,45179,519,3012,2,7200,1.17231075697
41663,42336,45277,673,2941,2,7200,1.22883373002
41690,42313,45197,623,2884,2,7200,1.21601941748
41727,42452,45308,725,2856,2,7200,1.25385154062
41729,41736,83303,7,41567,8,43200,1.00016840282
41906,42605,45440,699,2835,2,7200,1.24656084656
41907,42534,45424,627,2890,2,7200,1.2169550173
41942,44729,47621,2787,2892,2,7200,1.96369294606
41943,44679,47632,2736,2953,2,7200,1.92651540806
41966,44833,47946,2867,3113,2,7200,1.92097654995
42035,44632,47535,2597,2903,2,7200,1.89459180158
42078,44984,47951,2906,2967,2,7200,1.9794405123
42080,44882,47740,2802,2858,2,7200,1.98040587824
42157,44859,47931,2702,3072,2,7200,1.87955729167
42172,44642,47629,2470,2987,2,7200,1.82691663877
42202,44950,47719,2748,2769,2,7200,1.99241603467
42305,45109,48166,2804,3057,2,7200,1.91723912332
42326,44722,47830,2396,3108,2,7200,1.77091377091
42440,44943,48024,2503,3081,2,7200,1.81239857189
42440,42446,122333,6,79887,4,111600,1.00007510609
42525,45190,48274,2665,3084,2,7200,1.86413748379
42569,42576,122165,7,79589,4,111720,1.00008795185
42595,45079,48077,2484,2998,2,7200,1.82855236825
42691,42699,122235,8,79536,4,111780,1.00010058338
42768,42775,122409,7,79634,4,111840,1.00008790215
42885,42891,57284,6,14393,4,111960,1.00041686931
43577,43583,121546,6,77963,4,104400,1.00007695958
43773,43780,122402,7,78622,4,104460,1.0000890336
44036,44042,51344,6,7302,4,7260,1.00082169269
44319,44327,57852,8,13525,4,100860,1.00059149723
44623,45250,47962,627,2712,2,7200,1.23119469027
44640,45209,48124,569,2915,2,7200,1.19519725557
44670,45289,48221,619,2932,2,7200,1.21111869031
44710,45319,48311,609,2992,2,7200,1.20354278075
44725,45435,48533,710,3098,2,7200,1.2291801162
44831,44841,45003,10,162,16,120,1.06172839506
44849,45451,48522,602,3071,2,7200,1.19602735265
44874,47547,50424,2673,2877,2,7200,1.92909280501
44934,47640,50574,2706,2934,2,7200,1.92229038855
44949,47647,50646,2698,2999,2,7200,1.89963321107
44974,47843,50632,2869,2789,2,7200,2.02868411617
45062,47633,50789,2571,3156,2,7200,1.81463878327
45101,47958,51002,2857,3044,2,7200,1.93856767411
45181,47942,50944,2761,3002,2,7200,1.91972018654
45199,47751,50523,2552,2772,2,7200,1.92063492063
45241,48035,51114,2794,3079,2,7200,1.9074374797
45281,47731,50538,2450,2807,2,7200,1.87281795511
45311,47965,50838,2654,2873,2,7200,1.92377305952
45427,48088,51249,2661,3161,2,7200,1.84182220816
45442,48177,51105,2735,2928,2,7200,1.93408469945
45535,45542,45605,7,63,16,120,1.11111111111
45578,45585,47256,7,1671,1,7200,1.00418910832
45626,46519,131132,893,84613,16,108000,1.01055393379
46047,46053,46733,6,680,1,7200,1.00882352941
46145,46152,46923,7,771,1,3600,1.00907911803
46146,46163,46923,17,760,1,3600,1.02236842105
46146,46170,46923,24,753,1,3600,1.03187250996
46146,46157,46923,11,766,1,3600,1.01436031332
46147,46182,46923,35,741,1,3600,1.04723346829
46147,46187,46923,40,736,1,3600,1.05434782609
46147,46176,46923,29,747,1,3600,1.03882195448
46147,46193,46923,46,730,1,3600,1.06301369863
46148,46745,46923,597,178,1,3600,4.35393258427
46148,46524,46923,376,399,1,3600,1.94235588972
46148,46530,46923,382,393,1,3600,1.97201017812
46407,46944,47322,537,378,1,3600,2.42063492063
46825,46939,47663,114,724,1,7200,1.15745856354
47039,47045,48123,6,1078,1,7200,1.00556586271
47039,47051,48837,12,1786,1,7200,1.00671892497
47040,47068,49861,28,2793,1,7200,1.01002506266
47040,47056,49017,16,1961,1,7200,1.0081591025
47040,47063,48716,23,1653,1,7200,1.01391409558
47041,47073,48726,32,1653,1,7200,1.01935874168
47041,47084,49726,43,2642,1,7200,1.01627554883
47041,47090,48853,49,1763,1,7200,1.02779353375
47041,47079,49946,38,2867,1,7200,1.01325427276
47042,48733,51305,1691,2572,1,7200,1.65746500778
47042,47334,48930,292,1596,1,7200,1.18295739348
47042,47268,51040,226,3772,1,7200,1.05991516437
47043,48870,51959,1827,3089,1,7200,1.59145354484
47043,48742,51408,1699,2666,1,7200,1.63728432108
47043,48853,50379,1810,1526,1,7200,2.18610747051
47043,48877,50133,1834,1256,1,7200,2.4601910828
47044,49861,53657,2817,3796,1,7200,1.74209694415
47044,49855,51265,2811,1410,1,7200,2.99361702128
47044,48947,51900,1903,2953,1,7200,1.64442939384
47044,49294,51406,2250,2112,1,7200,2.06534090909
47412,47675,49282,263,1607,1,7200,1.16365899191
47462,49866,50454,2404,588,1,3600,5.08843537415
47538,48285,51155,747,2870,2,7200,1.26027874564
47623,48136,51232,513,3096,2,7200,1.16569767442
47638,47973,51024,335,3051,2,7200,1.10980006555
47640,48233,51034,593,2801,2,7200,1.21171010353
47722,48323,51227,601,2904,2,7200,1.20695592287
47742,48544,51302,802,2758,2,7200,1.29079042785
47822,48144,48859,322,715,1,7200,1.45034965035
47833,48533,51491,700,2958,2,7200,1.23664638269
47935,50436,53440,2501,3004,2,7200,1.83255659121
47950,50800,53640,2850,2840,2,7200,2.00352112676
47965,50585,53689,2620,3104,2,7200,1.84407216495
47967,50657,53559,2690,2902,2,7200,1.92694693315
48024,50550,53270,2526,2720,2,7200,1.92867647059
48079,50535,53265,2456,2730,2,7200,1.89963369963
48128,50643,53766,2515,3123,2,7200,1.80531540186
48167,50955,54010,2788,3055,2,7200,1.91260229133
48222,51013,53994,2791,2981,2,7200,1.93626299899
48277,50849,53781,2572,2932,2,7200,1.87721691678
48313,51036,54279,2723,3243,2,7200,1.83965464076
48525,51125,54144,2600,3019,2,7200,1.86121232196
48541,51260,54247,2719,2987,2,7200,1.91027787077
48988,49033,50255,45,1222,1,7200,1.03682487725
49497,49742,51581,245,1839,1,7200,1.13322457858
50427,51245,53919,818,2674,2,7200,1.30590875093
50524,51117,53906,593,2789,2,7200,1.21262101112
50539,51045,53840,506,2795,2,7200,1.18103756708
50568,50576,51798,8,1222,1,7200,1.00654664484
50576,51166,54333,590,3167,2,7200,1.18629617935
50633,51238,54064,605,2826,2,7200,1.21408351026
50648,51502,54667,854,3165,2,7200,1.26982622433
50791,51313,54228,522,2915,2,7200,1.17907375643
50839,53451,56457,2612,3006,2,7200,1.86892880905
50945,53277,56156,2332,2879,2,7200,1.81000347343
51003,53284,56497,2281,3213,2,7200,1.70992841581
51027,53701,56790,2674,3089,2,7200,1.86565231466
51042,53778,56642,2736,2864,2,7200,1.95530726257
51106,53570,56576,2464,3006,2,7200,1.81969394544
51121,53651,56687,2530,3036,2,7200,1.83333333333
51158,53792,56669,2634,2877,2,7200,1.91553701773
51231,54022,57026,2791,3004,2,7200,1.92909454061
51246,54005,57106,2759,3101,2,7200,1.88971299581
51261,54291,57240,3030,2949,2,7200,2.02746693795
51303,53851,56990,2548,3139,2,7200,1.81172347881
51494,53918,56680,2424,2762,2,7200,1.87762490949
51680,51688,52562,8,874,1,5420,1.00915331808
52732,52739,54578,7,1839,1,7200,1.00380641653
52991,52998,54235,7,1237,1,7200,1.00565885206
53266,54155,57129,889,2974,2,7200,1.29892400807
53281,54345,57079,1064,2734,2,7200,1.38917337235
53441,54075,56861,634,2786,2,7200,1.22756640345
53563,53931,56868,368,2937,2,7200,1.12529792305
53641,54258,57188,617,2930,2,7200,1.21058020478
53693,54239,57014,546,2775,2,7200,1.19675675676
53768,54679,57586,911,2907,2,7200,1.31338149295
53784,56167,59065,2383,2898,2,7200,1.82229123533
53841,56508,59635,2667,3127,2,7200,1.85289414775
53908,56468,59586,2560,3118,2,7200,1.82103912765
53923,56588,59471,2665,2883,2,7200,1.92438432189
53996,56698,59695,2702,2997,2,7200,1.9015682349
54017,56801,59877,2784,3076,2,7200,1.90507152146
54065,56653,59640,2588,2987,2,7200,1.86642115835
54083,54090,54282,7,192,1,7200,1.03645833333
54147,56681,59708,2534,3027,2,7200,1.8371324744
54229,57002,59933,2773,2931,2,7200,1.94609348345
54250,56691,59530,2441,2839,2,7200,1.85980979218
54277,56879,59858,2602,2979,2,7200,1.87344746559
54335,57118,60191,2783,3073,2,7200,1.90562967784
54669,57037,60143,2368,3106,2,7200,1.76239536381
54772,54778,56114,6,1336,1,7200,1.00449101796
54777,54785,75934,8,21149,1,72000,1.00037826848
54846,54851,55276,5,425,1,7200,1.01176470588
55315,55321,55504,6,183,1,7200,1.03278688525
55657,55664,56070,7,406,1,7200,1.01724137931
55801,55808,57803,7,1995,1,7200,1.00350877193
56160,56872,59811,712,2939,2,7200,1.24225927186
56362,56369,57484,7,1115,1,7200,1.00627802691
56459,57140,60219,681,3079,2,7200,1.2211757064
56498,57026,60059,528,3033,2,7200,1.17408506429
56577,57200,60144,623,2944,2,7200,1.21161684783
56644,57252,60233,608,2981,2,7200,1.20395840322
56671,57090,60209,419,3119,2,7200,1.13433792882
56686,57598,60412,912,2814,2,7200,1.32409381663
56702,59076,62131,2374,3055,2,7200,1.77708674304
56792,59597,62615,2805,3018,2,7200,1.92942345924
56862,59646,62450,2784,2804,2,7200,1.99286733238
56877,59482,62526,2605,3044,2,7200,1.85578186597
56992,59653,62604,2661,2951,2,7200,1.90172822772
57016,59720,62707,2704,2987,2,7200,1.90525610981
57033,59542,62455,2509,2913,2,7200,1.86131136286
57081,59706,62890,2625,3184,2,7200,1.82443467337
57116,59888,62882,2772,2994,2,7200,1.92585170341
57131,59822,62857,2691,3035,2,7200,1.88665568369
57191,59869,62827,2678,2958,2,7200,1.90534144692
57243,59944,62963,2701,3019,2,7200,1.89466710831
57589,60070,63071,2481,3001,2,7200,1.82672442519
57632,57638,58688,6,1050,1,7200,1.00571428571
57859,57866,60906,7,3040,1,7200,1.00230263158
58666,58673,60382,7,1709,1,7200,1.00409596255
59067,60154,63068,1087,2914,2,7200,1.37302676733
59472,60220,62972,748,2752,2,7200,1.27180232558
59533,60202,63280,669,3078,2,7200,1.21734892788
59588,60230,63298,642,3068,2,7200,1.20925684485
59637,60160,63014,523,2854,2,7200,1.18325157673
59652,60245,63214,593,2969,2,7200,1.19973054901
59697,60423,63224,726,2801,2,7200,1.25919314531
59712,62142,65246,2430,3104,2,7200,1.78286082474
59812,62537,65557,2725,3020,2,7200,1.90231788079
59861,62468,65568,2607,3100,2,7200,1.84096774194
59879,62626,65474,2747,2848,2,7200,1.96453651685
59933,62461,65487,2528,3026,2,7200,1.83542630535
60061,62615,65574,2554,2959,2,7200,1.86312943562
60146,62903,65926,2757,3023,2,7200,1.91200793913
60147,62719,65542,2572,2823,2,7200,1.91108749557
60193,62868,65898,2675,3030,2,7200,1.88283828383
60211,62838,65739,2627,2901,2,7200,1.90554981041
60226,62894,65697,2668,2803,2,7200,1.95183731716
60241,62975,65952,2734,2977,2,7200,1.91837420222
60414,63086,66070,2672,2984,2,7200,1.89544235925
62133,63079,65819,946,2740,2,7200,1.34525547445
62175,62181,62325,6,144,4,120,1.04166666667
62451,63025,65948,574,2923,2,7200,1.19637358878
62466,63292,66333,826,3041,2,7200,1.27162117724
62527,62984,65907,457,2923,2,7200,1.15634621964
62606,63309,66336,703,3027,2,7200,1.23224314503
62621,63225,65837,604,2612,2,7200,1.23124042879
62708,63236,66239,528,3003,2,7200,1.17582417582
62779,62786,65537,7,2751,1,7200,1.00254452926
62830,65257,68139,2427,2882,2,7200,1.84212352533
62860,65498,68630,2638,3132,2,7200,1.84227330779
62864,62876,65991,12,3115,1,7200,1.00385232745
62882,62888,63048,6,160,4,120,1.0375
62884,65579,68452,2695,2873,2,7200,1.9380438566
62899,65568,68643,2669,3075,2,7200,1.86796747967
62966,65586,68568,2620,2982,2,7200,1.87860496311
62981,65485,68479,2504,2994,2,7200,1.83633934536
63017,65553,68488,2536,2935,2,7200,1.86405451448
63072,65750,68735,2678,2985,2,7200,1.89715242881
63073,65910,68921,2837,3011,2,7200,1.94221188974
63106,63112,70225,6,7113,4,18000,1.00084352594
63216,65709,68692,2493,2983,2,7200,1.83573583641
63231,65938,68888,2707,2950,2,7200,1.91762711864
63283,65967,68844,2684,2877,2,7200,1.93291623219
63301,65919,68819,2618,2900,2,7200,1.90275862069
64046,64053,64145,7,92,4,120,1.07608695652
64162,64169,64292,7,123,4,120,1.05691056911
64384,64391,64523,7,132,4,120,1.05303030303
65247,65960,68942,713,2982,2,7200,1.23910127431
65477,65830,68726,353,2896,2,7200,1.12189226519
65492,66081,68607,589,2526,2,7200,1.23317498021
65509,65515,65545,6,30,4,104880,1.2
65543,65850,68733,307,2883,2,7200,1.10648629899
65558,66250,69144,692,2894,2,7200,1.2391154112
65574,66344,69137,770,2793,2,7200,1.27568922306
65589,66351,69387,762,3036,2,7200,1.25098814229
65625,65631,66550,6,919,1,7200,1.00652883569
65644,65651,119958,7,54307,4,104880,1.00012889683
65698,68150,71198,2452,3048,2,7200,1.80446194226
65741,68491,71756,2750,3265,2,7200,1.84226646248
65820,68641,71688,2821,3047,2,7200,1.92582868395
65841,68499,71416,2658,2917,2,7200,1.91121014741
65901,68654,71475,2753,2821,2,7200,1.97589507267
65916,68468,71267,2552,2799,2,7200,1.91175419793
65931,68579,71494,2648,2915,2,7200,1.90840480274
65950,68703,71493,2753,2790,2,7200,1.98673835125
65951,68751,71724,2800,2973,2,7200,1.94180961991
66060,66067,66297,7,230,1,7200,1.03043478261
66073,68738,71591,2665,2853,2,7200,1.93410445145
66155,66162,72003,7,5841,4,104940,1.00119842493
66240,68744,71775,2504,3031,2,7200,1.8261299901
66317,66324,68271,7,1947,1,7200,1.00359527478
66334,68932,71835,2598,2903,2,7200,1.89493627282
66349,68830,71771,2481,2941,2,7200,1.84359061544
66352,66359,72612,7,6253,4,104700,1.00111946266
66354,66365,67574,11,1209,1,7200,1.00909842845
66354,66376,68523,22,2147,1,7200,1.01024685608
66354,66382,68446,28,2064,1,7200,1.01356589147
66354,66371,68360,17,1989,1,7200,1.00854700855
66355,66464,68725,109,2261,1,7200,1.04820875719
66355,66458,69918,103,3460,1,7200,1.02976878613
66355,66469,69772,114,3303,1,7200,1.03451407811
66356,66562,68611,206,2049,1,7200,1.10053684724
66356,66476,69877,120,3401,1,7200,1.03528374008
66356,68075,69500,1719,1425,1,7200,2.20631578947
66356,66600,70860,244,4260,1,7200,1.05727699531
66357,68539,70424,2182,1885,1,7200,2.1575596817
66357,68283,71375,1926,3092,1,7200,1.62289780078
66357,68377,71653,2020,3276,1,7200,1.61660561661
66358,69789,73749,3431,3960,1,7200,1.86641414141
66358,68627,72517,2269,3890,1,7200,1.58329048843
66358,69893,72653,3535,2760,1,7200,2.28079710145
66358,69517,71032,3159,1515,1,7200,3.08514851485
66359,70237,75412,3878,5175,1,7200,1.74937198068
66359,69934,71599,3575,1665,1,7200,3.14714714715
66664,67590,68063,926,473,1,7200,2.9577167019
68140,68899,71846,759,2947,2,7200,1.2575500509
68443,68461,71439,18,2978,1,7200,1.00604432505
68455,68953,71802,498,2849,2,7200,1.1747981748
68482,68857,71705,375,2848,2,7200,1.13167134831
68497,68619,71694,122,3075,2,7200,1.03967479675
68570,69155,72169,585,3014,2,7200,1.19409422694
68609,69148,72150,539,3002,2,7200,1.17954696869
68631,69399,72251,768,2852,2,7200,1.26928471248
68646,71210,74216,2564,3006,2,7200,1.85296074518
68662,68759,74189,97,5430,1,5420,1.01786372007
68694,71278,74322,2584,3044,2,7200,1.84888304862
68728,71767,74611,3039,2844,2,7200,2.06856540084
68743,71427,74400,2684,2973,2,7200,1.9027917928
68744,71511,74663,2767,3152,2,7200,1.87785532995
68820,71706,74601,2886,2895,2,7200,1.99689119171
68847,71699,74804,2852,3105,2,7200,1.91851851852
68890,71486,74453,2596,2967,2,7200,1.8749578699
68923,71504,74591,2581,3087,2,7200,1.83608681568
68945,71603,74544,2658,2941,2,7200,1.90377422645
69139,71789,74831,2650,3042,2,7200,1.8711374096
69154,71735,74824,2581,3089,2,7200,1.83554548398
69390,71782,74600,2392,2818,2,7200,1.84882895671
71038,71045,119908,7,48863,4,105060,1.00014325768
71148,71154,119789,6,48635,4,105120,1.00012336794
71202,71717,74706,515,2989,2,7200,1.17229842757
71268,71857,74890,589,3033,2,7200,1.19419716452
71417,71846,74774,429,2928,2,7200,1.14651639344
71477,71813,75055,336,3242,2,7200,1.10363972856
71496,72161,75153,665,2992,2,7200,1.22225935829
71497,72181,75047,684,2866,2,7200,1.23866015352
71516,71524,72701,8,1177,1,7200,1.00679694138
71594,72263,75361,669,3098,2,7200,1.21594577147
71691,74227,77184,2536,2957,2,7200,1.85762597227
71707,74333,77352,2626,3019,2,7200,1.86982444518
71708,74411,77476,2703,3065,2,7200,1.88189233279
71726,74464,77352,2738,2888,2,7200,1.94806094183
71757,74603,77512,2846,2909,2,7200,1.97834307322
71772,74674,77684,2902,3010,2,7200,1.96411960133
71787,74555,77515,2768,2960,2,7200,1.93513513514
71805,74820,77949,3015,3129,2,7200,1.96356663471
71835,74618,77533,2783,2915,2,7200,1.95471698113
71851,74717,77870,2866,3153,2,7200,1.90897557881
72098,72105,120971,7,48866,4,104940,1.00014324888
72154,74835,77681,2681,2846,2,7200,1.94202389318
72172,74625,77555,2453,2930,2,7200,1.83720136519
72230,72237,115035,7,42798,4,105480,1.00016355904
72254,74611,77646,2357,3035,2,7200,1.7766062603
72683,72690,120734,7,48044,4,104700,1.00014569978
72825,72831,120793,6,47962,4,105300,1.00012509904
73088,73094,73104,6,10,2,3540,1.6
73295,73301,75636,6,2335,1,7200,1.00256959315
73725,73732,120524,7,46792,4,101700,1.00014959822
73857,73864,114937,7,41073,4,101640,1.00017042826
74208,74215,79738,7,5523,1,5420,1.00126742712
74219,74845,77887,626,3042,2,7200,1.20578566732
74325,75066,77848,741,2782,2,7200,1.26635514019
74400,74786,77770,386,2984,2,7200,1.12935656836
74455,74901,77891,446,2990,2,7200,1.1491638796
74546,75164,78022,618,2858,2,7200,1.21623512946
74594,75058,78022,464,2964,2,7200,1.15654520918
74610,75373,78228,763,2855,2,7200,1.26725043783
74611,77196,80208,2585,3012,2,7200,1.85823373174
74627,77364,80334,2737,2970,2,7200,1.92154882155
74667,77487,80343,2820,2856,2,7200,1.98739495798
74709,77369,80298,2660,2929,2,7200,1.9081597815
74776,77531,80347,2755,2816,2,7200,1.97833806818
74807,77524,80400,2717,2876,2,7200,1.94471488178
74807,74814,75079,7,265,1,3600,1.02641509434
74825,77657,80386,2832,2729,2,7200,2.03774276292
74840,77544,80447,2704,2903,2,7200,1.93145022391
74892,77566,80484,2674,2918,2,7200,1.91638108293
75050,77695,80616,2645,2921,2,7200,1.90551181102
75065,77881,80813,2816,2932,2,7200,1.96043656207
75099,75106,75699,7,593,1,3600,1.01180438449
75156,77782,80730,2626,2948,2,7200,1.8907734057
75362,77960,81023,2598,3063,2,7200,1.84818805093
77186,77701,80625,515,2924,2,7200,1.17612859097
77270,77278,78290,8,1012,1,3600,1.00790513834
77356,77898,80993,542,3095,2,7200,1.17512116317
77357,77905,80884,548,2979,2,7200,1.1839543471
77479,78033,80880,554,2847,2,7200,1.19459079733
77516,77860,80993,344,3133,2,7200,1.10979891478
77517,78038,81155,521,3117,2,7200,1.16714789862
77535,78239,80987,704,2748,2,7200,1.25618631732
77557,80220,83084,2663,2864,2,7200,1.92981843575
77648,80309,83141,2661,2832,2,7200,1.93961864407
77685,80345,83258,2660,2913,2,7200,1.91314795743
77686,80355,83454,2669,3099,2,7200,1.86124556308
77771,80411,83344,2640,2933,2,7200,1.90010228435
77850,80362,83251,2512,2889,2,7200,1.86950501904
77871,80458,83190,2587,2732,2,7200,1.94692532943
77890,80496,83495,2606,2999,2,7200,1.86895631877
77905,80398,83357,2493,2959,2,7200,1.84251436296
77951,80627,83755,2676,3128,2,7200,1.85549872123
78024,80636,83731,2612,3095,2,7200,1.84394184168
78025,80741,83739,2716,2998,2,7200,1.90593729153
78231,81005,83944,2774,2939,2,7200,1.94385845526
79299,79423,165856,124,86433,24,86400,1.00143463723
79788,79795,83982,7,4187,1,5420,1.00167184141
80211,80825,83773,614,2948,2,7200,1.20827679783
80299,81011,84135,712,3124,2,7200,1.22791293214
80335,80896,83808,561,2912,2,7200,1.1926510989
80351,81035,83690,684,2655,2,7200,1.25762711864
80352,81166,84230,814,3064,2,7200,1.26566579634
80389,80901,83780,512,2879,2,7200,1.17783952761
80404,80998,83948,594,2950,2,7200,1.2013559322
80449,83095,86142,2646,3047,2,7200,1.86839514276
80485,83153,86070,2668,2917,2,7200,1.91463832705
80619,83269,86247,2650,2978,2,7200,1.88985896575
80634,83465,86507,2831,3042,2,7200,1.93063773833
80731,83262,86075,2531,2813,2,7200,1.89975115535
80816,83369,86306,2553,2937,2,7200,1.86925434116
80884,83355,86356,2471,3001,2,7200,1.8233922026
80885,83201,86123,2316,2922,2,7200,1.79260780287
80989,83507,86656,2518,3149,2,7200,1.79961892664
81004,83766,86650,2762,2884,2,7200,1.95769764216
81005,83743,86591,2738,2848,2,7200,1.96137640449
81027,83750,86727,2723,2977,2,7200,1.91467920726
81157,83785,86698,2628,2913,2,7200,1.90216271885
82840,82847,87835,7,4988,1,7200,1.00140336808
83087,83819,86983,732,3164,2,7200,1.23135271808
83145,83792,86608,647,2816,2,7200,1.22975852273
83190,83963,86888,773,2925,2,7200,1.26427350427
83254,84146,87291,892,3145,2,7200,1.28362480127
83269,83956,86940,687,2984,2,7200,1.23022788204
83345,83703,86862,358,3159,2,7200,1.11332700222
83360,84241,87234,881,2993,2,7200,1.29435349148
83457,86153,89428,2696,3275,2,7200,1.82320610687
83497,86082,89107,2585,3025,2,7200,1.85454545455
83675,83682,118317,7,34635,4,43200,1.00020210769
83694,86134,89013,2440,2879,2,7200,1.84751649878
83730,83737,83738,7,1,1,240,1.0
83733,86089,89121,2356,3032,2,7200,1.77704485488
83748,86258,89089,2510,2831,2,7200,1.88661250442
83763,86368,89414,2605,3046,2,7200,1.8552199606
83779,86317,89264,2538,2947,2,7200,1.86121479471
83794,86518,89703,2724,3185,2,7200,1.85525902669
83813,86669,89314,2856,2645,2,7200,2.0797731569
83946,86873,89741,2927,2868,2,7200,2.02057182706
83948,86602,89389,2654,2787,2,7200,1.95227843559
84136,86739,89652,2603,2913,2,7200,1.8935805012
84227,86663,89482,2436,2819,2,7200,1.86413621852
86071,86710,89701,639,2991,2,7200,1.21364092277
86086,86620,89540,534,2920,2,7200,1.18287671233
86126,86995,89824,869,2829,2,7200,1.30717568045
86144,86951,89777,807,2826,2,7200,1.2855626327
86250,86899,89807,649,2908,2,7200,1.22317744154
86308,87303,90150,995,2847,2,7200,1.34949069196
86359,87245,90422,886,3177,2,7200,1.27887944602
86508,89118,92037,2610,2919,2,7200,1.89414182939
86593,89132,92050,2539,2918,2,7200,1.87011651816
86611,89024,92227,2413,3203,2,7200,1.75335622854
86653,89439,92154,2786,2715,2,7200,2.02615101289
86668,89100,92064,2432,2964,2,7200,1.82051282051
86702,89276,92333,2574,3057,2,7200,1.84200196271
86729,89425,92546,2696,3121,2,7200,1.86382569689
86863,89719,92698,2856,2979,2,7200,1.95871097684
86890,89400,92591,2510,3191,2,7200,1.78658727672
86942,89552,92468,2610,2916,2,7200,1.8950617284
86984,89493,92416,2509,2923,2,7200,1.85836469381
87236,89325,92415,2089,3090,2,7200,1.67605177994
87294,89712,92589,2418,2877,2,7200,1.84045881126
89014,89664,92566,650,2902,2,7200,1.22398345968
89090,89752,92843,662,3091,2,7200,1.21417017147
89108,89818,92639,710,2821,2,7200,1.25168380007
89123,89789,92654,666,2865,2,7200,1.23246073298
89266,89835,92825,569,2990,2,7200,1.19030100334
89317,90434,93538,1117,3104,2,7200,1.35985824742
89390,90162,93145,772,2983,2,7200,1.25879986591
89417,92238,95118,2821,2880,2,7200,1.97951388889
89432,92075,95181,2643,3106,2,7200,1.85093367675
89484,92048,94905,2564,2857,2,7200,1.89744487224
89542,92062,95064,2520,3002,2,7200,1.83944037308
89654,92344,95122,2690,2778,2,7200,1.9683225342
89703,92427,95140,2724,2713,2,7200,2.00405455216
89705,92608,95652,2903,3044,2,7200,1.95367936925
89744,92557,95539,2813,2982,2,7200,1.94332662643
89781,92166,94845,2385,2679,2,7200,1.89025755879
89808,92432,95291,2624,2859,2,7200,1.91780342777
89824,92479,95603,2655,3124,2,7200,1.84987195903
90152,92577,95488,2425,2911,2,7200,1.83304706286
90424,92601,95551,2177,2950,2,7200,1.73796610169
92039,92709,95681,670,2972,2,7200,1.22543741588
92054,92854,95985,800,3131,2,7200,1.25550942191
92069,92665,95714,596,3049,2,7200,1.19547392588
92156,92651,95648,495,2997,2,7200,1.16516516517
92229,92836,96008,607,3172,2,7200,1.19136191677
92335,93157,96316,822,3159,2,7200,1.26020892688
92417,93549,96524,1132,2975,2,7200,1.38050420168
92418,94917,97708,2499,2791,2,7200,1.89537800072
92470,95075,97841,2605,2766,2,7200,1.94179320318
92549,95192,98033,2643,2841,2,7200,1.9303062302
92567,94856,97829,2289,2973,2,7200,1.76992936428
92592,95130,98067,2538,2937,2,7200,1.86414708887
92593,95137,98054,2544,2917,2,7200,1.87212889955
92642,95151,98250,2509,3099,2,7200,1.80961600516
92657,95303,98052,2646,2749,2,7200,1.96253182976
92700,95615,98563,2915,2948,2,7200,1.98880597015
92827,95550,98578,2723,3028,2,7200,1.89927344782
92845,95499,98480,2654,2981,2,7200,1.89030526669
93149,95562,98426,2413,2864,2,7200,1.84252793296
93539,95666,98626,2127,2960,2,7200,1.71858108108
94744,94750,109164,6,14414,1,14400,1.00041626197
94744,109170,123594,14426,14424,1,14400,2.00013865779
94745,123601,138047,28856,14446,1,14400,2.99750796068
94746,138054,152484,43308,14430,1,14400,4.00124740125
94747,165881,180310,71134,14429,1,14400,5.92993277427
94747,192327,206732,97580,14405,1,14400,7.77403679278
94748,206739,221171,111991,14432,1,14400,8.75990853659
94749,221178,235606,126429,14428,1,14400,9.76275298032
94750,250058,264466,155308,14408,1,14400,11.7792892837
94750,235617,250051,140867,14434,1,14400,10.7593875572
94845,95659,98621,814,2962,2,7200,1.27481431465
94909,95725,98661,816,2936,2,7200,1.27792915531
95066,95693,98519,627,2826,2,7200,1.22186836518
95121,96019,98976,898,2957,2,7200,1.30368616841
95136,95996,99261,860,3265,2,7200,1.26339969372
95151,96327,99305,1176,2978,2,7200,1.39489590329
95184,96535,99752,1351,3217,2,7200,1.41995648119
95213,95221,95231,8,10,1,3600,1.8
95293,97840,100671,2547,2831,2,7200,1.89968209113
95353,95361,95502,8,141,1,3600,1.05673758865
95490,97720,100721,2230,3001,2,7200,1.74308563812
95542,97852,100848,2310,2996,2,7200,1.77102803738
95557,98078,101083,2521,3005,2,7200,1.83893510815
95607,98070,101049,2463,2979,2,7200,1.82678751259
95649,98261,101182,2612,2921,2,7200,1.89421431017
95657,95672,95985,15,313,1,3600,1.04792332268
95664,98045,100993,2381,2948,2,7200,1.80766621438
95683,98063,100947,2380,2884,2,7200,1.82524271845
95716,98491,101420,2775,2929,2,7200,1.94742232844
95986,98589,101690,2603,3101,2,7200,1.83940664302
96010,98437,101423,2427,2986,2,7200,1.81279303416
96263,96269,96885,6,616,1,3600,1.00974025974
96323,98575,101478,2252,2903,2,7200,1.77574922494
96526,98632,101571,2106,2939,2,7200,1.71657026199
97494,97500,97506,6,6,1,3600,1.2
97614,97621,97708,7,87,1,3600,1.08045977011
97712,98639,101581,927,2942,2,7200,1.3150917743
97830,98530,101568,700,3038,2,7200,1.23041474654
97845,98672,101756,827,3084,2,7200,1.26815823606
97847,97859,98144,12,285,1,3600,1.04210526316
98036,99272,102212,1236,2940,2,7200,1.42040816327
98051,98987,101835,936,2848,2,7200,1.32865168539
98067,99317,102236,1250,2919,2,7200,1.4282288455
98068,99764,102742,1696,2978,2,7200,1.56950973808
98253,100733,103800,2480,3067,2,7200,1.80860776003
98428,100682,103628,2254,2946,2,7200,1.76510522743
98483,100859,104072,2376,3213,2,7200,1.73949579832
98522,101004,103909,2482,2905,2,7200,1.85438898451
98565,100959,103960,2394,3001,2,7200,1.79773408864
98580,101061,104027,2481,2966,2,7200,1.83648010789
98619,98626,99170,7,544,1,3600,1.01286764706
98622,101094,104092,2472,2998,2,7200,1.8245496998
98637,101194,104250,2557,3056,2,7200,1.83671465969
98662,101438,104309,2776,2871,2,7200,1.96691048415
98977,101431,104386,2454,2955,2,7200,1.83045685279
99209,99216,99224,7,8,1,1800,1.5
99265,101579,104534,2314,2955,2,7200,1.78307952623
99307,101489,104452,2182,2963,2,7200,1.7364157948
99379,99387,99503,8,116,1,1800,1.06896551724
99385,99394,99552,9,158,1,3600,1.05696202532
99704,99711,100092,7,381,1,3600,1.01837270341
99755,101701,104846,1946,3145,2,7200,1.61875993641
99767,99774,99952,7,178,1,1800,1.0393258427
100436,100443,101176,7,733,1,3600,1.00954979536
100541,100547,101007,6,460,1,1800,1.01304347826
100672,101586,104470,914,2884,2,7200,1.31692094313
100723,101593,104619,870,3026,2,7200,1.28750826173
100851,101768,104781,917,3013,2,7200,1.30434782609
100951,101846,104901,895,3055,2,7200,1.29296235679
100990,102223,105253,1233,3030,2,7200,1.40693069307
101051,102247,105010,1196,2763,2,7200,1.43286283026
101084,102754,105548,1670,2794,2,7200,1.59770937724
101184,103640,106732,2456,3092,2,7200,1.79430789133
101421,103811,106702,2390,2891,2,7200,1.82670356278
101436,104084,107005,2648,2921,2,7200,1.90653885656
101479,103971,107097,2492,3126,2,7200,1.79718490083
101570,103920,106895,2350,2975,2,7200,1.78991596639
101585,104038,106997,2453,2959,2,7200,1.82899628253
101587,104103,107171,2516,3068,2,7200,1.82007822686
101693,104261,107232,2568,2971,2,7200,1.86435543588
101759,104397,107486,2638,3089,2,7200,1.85399805762
101838,104321,107297,2483,2976,2,7200,1.83434139785
101892,101898,101906,6,8,1,1800,1.4
102067,102074,102141,7,67,1,1800,1.10447761194
102127,102133,102283,6,150,1,3600,1.04
102215,104463,107387,2248,2924,2,7200,1.76880984952
102239,104545,107386,2306,2841,2,7200,1.81168602605
102443,102450,102769,7,319,1,3600,1.02194357367
102462,102469,102635,7,166,1,1800,1.0421686747
102745,104481,107365,1736,2884,2,7200,1.60194174757
103140,103147,103698,7,551,1,3600,1.01270417423
103372,103379,103689,7,310,1,1800,1.02258064516
103631,104631,107560,1000,2929,2,7200,1.34141345169
103801,104857,107833,1056,2976,2,7200,1.35483870968
103911,104793,107663,882,2870,2,7200,1.30731707317
103963,104912,107735,949,2823,2,7200,1.33616719802
104029,105264,108321,1235,3057,2,7200,1.40399084069
104075,105022,107960,947,2938,2,7200,1.32232811436
104093,105559,108587,1466,3028,2,7200,1.48414795244
104251,106743,109844,2492,3101,2,7200,1.80361173815
104311,106713,109754,2402,3041,2,7200,1.78987175271
104387,106907,110069,2520,3162,2,7200,1.79696394687
104454,107108,109984,2654,2876,2,7200,1.92280945758
104472,107008,109887,2536,2879,2,7200,1.88086141021
104536,107017,110126,2481,3109,2,7200,1.79800578964
104621,107183,110169,2562,2986,2,7200,1.85800401875
104785,107243,110237,2458,2994,2,7200,1.8209752839
104848,107309,110341,2461,3032,2,7200,1.81167546174
104903,107497,110352,2594,2855,2,7200,1.90858143608
105012,107404,110429,2392,3025,2,7200,1.79074380165
105255,107376,110423,2121,3047,2,7200,1.6960945192
105549,107397,110406,1848,3009,2,7200,1.61415752742
106524,106532,106665,8,133,1,1800,1.06015037594
106704,107571,110531,867,2960,2,7200,1.29290540541
106735,107674,110649,939,2975,2,7200,1.3156302521
106898,107844,110895,946,3051,2,7200,1.31006227466
106922,106929,107047,7,118,1,1800,1.0593220339
106998,107746,110619,748,2873,2,7200,1.26035502959
107013,107971,111025,958,3054,2,7200,1.31368696791
107098,108332,111251,1234,2919,2,7200,1.42274751627
107174,108598,111548,1424,2950,2,7200,1.48271186441
107235,109766,112867,2531,3101,2,7200,1.81618832635
107299,109855,112920,2556,3065,2,7200,1.8339314845
107366,110081,112920,2715,2839,2,7200,1.95632264882
107388,109898,112878,2510,2980,2,7200,1.84228187919
107389,110137,113086,2748,2949,2,7200,1.93184130214
107490,109996,112863,2506,2867,2,7200,1.87408440879
107563,110180,113144,2617,2964,2,7200,1.88292847503
107594,107601,108018,7,417,1,1800,1.01678657074
107666,110248,113102,2582,2854,2,7200,1.90469516468
107736,110352,113496,2616,3144,2,7200,1.8320610687
107837,110434,113461,2597,3027,2,7200,1.85794516022
107961,110418,113398,2457,2980,2,7200,1.8244966443
108322,110441,113290,2119,2849,2,7200,1.74376974377
108588,110363,113379,1775,3016,2,7200,1.58852785146
108638,108645,108658,7,13,2,600,1.53846153846
108676,137852,137866,29176,14,64,4500,2085.0
109428,109434,109509,6,75,1,1800,1.08
109757,110543,113612,786,3069,2,7200,1.25610948192
109818,109824,109935,6,111,1,1800,1.05405405405
109845,110660,113557,815,2897,2,7200,1.28132550915
109888,110631,113571,743,2940,2,7200,1.25272108844
109897,109906,138750,9,28844,4,28800,1.0003120233
109897,148164,176971,38267,28807,4,28800,2.32839240462
109898,192322,221161,82424,28839,4,28800,3.85807413572
109899,221167,249969,111268,28802,4,28800,4.86320394417
109900,298613,327444,188713,28831,4,28800,7.54548923034
109900,249980,278814,140080,28834,4,28800,5.8581535687
109901,327451,356297,217550,28846,4,28800,8.54177355613
109902,356303,385138,246401,28835,4,28800,9.54520547945
109903,385145,413984,275242,28839,4,28800,10.5440896009
109903,413991,442829,304088,28838,4,28800,11.544697968
109988,110906,113767,918,2861,2,7200,1.32086682978
110073,111036,113916,963,2880,2,7200,1.334375
110128,111263,114242,1135,2979,2,7200,1.38100033568
110170,111559,114531,1389,2972,2,7200,1.46736204576
110240,112881,115709,2641,2828,2,7200,1.93387553041
110343,112931,115877,2588,2946,2,7200,1.87847929396
110358,112889,115832,2531,2943,2,7200,1.86000679579
110407,112875,115849,2468,2974,2,7200,1.82985877606
110425,112937,115983,2512,3046,2,7200,1.82468811556
110440,113097,116133,2657,3036,2,7200,1.87516469038
110534,113156,116039,2622,2883,2,7200,1.90946930281
110622,113113,116118,2491,3005,2,7200,1.82895174709
110650,113508,116480,2858,2972,2,7200,1.96164199192
110664,110670,111014,6,344,1,1800,1.01744186047
110896,113390,116035,2494,2645,2,7200,1.94291115312
111027,113409,116365,2382,2956,2,7200,1.80581867388
111254,113472,116297,2218,2825,2,7200,1.78513274336
111551,113301,116131,1750,2830,2,7200,1.6183745583
112867,113623,116478,756,2855,2,7200,1.26479859895
112869,113582,116469,713,2887,2,7200,1.24696917215
112884,113568,116385,684,2817,2,7200,1.2428115016
112920,113778,116712,858,2934,2,7200,1.29243353783
112921,113928,116909,1007,2981,2,7200,1.33780610533
113088,114253,117156,1165,2903,2,7200,1.4013089907
113103,114542,117286,1439,2744,2,7200,1.52441690962
113145,115860,119013,2715,3153,2,7200,1.86108468126
113291,115730,118574,2439,2844,2,7200,1.85759493671
113379,115844,119065,2465,3221,2,7200,1.76529028252
113401,115994,118876,2593,2882,2,7200,1.89972241499
113464,115888,118939,2424,3051,2,7200,1.79449360865
113498,116149,118979,2651,2830,2,7200,1.93674911661
113558,116129,119083,2571,2954,2,7200,1.87034529452
113574,116053,119141,2479,3088,2,7200,1.80278497409
113613,116142,119183,2529,3041,2,7200,1.83163433081
113668,113674,125886,6,12212,1,32400,1.00049132001
113768,116047,119206,2279,3159,2,7200,1.72143083254
113919,116376,119449,2457,3073,2,7200,1.79954441913
114244,116308,119232,2064,2924,2,7200,1.70588235294
114531,116497,119493,1966,2996,2,7200,1.6562082777
115725,116397,119038,672,2641,2,7200,1.25444907232
115834,116481,119148,647,2667,2,7200,1.24259467567
115852,116490,119460,638,2970,2,7200,1.21481481481
115880,116723,119639,843,2916,2,7200,1.28909465021
115986,116920,119767,934,2847,2,7200,1.32806462943
116037,117168,120022,1131,2854,2,7200,1.39628591451
116052,117297,120144,1245,2847,2,7200,1.4373024236
116119,118585,121373,2466,2788,2,7200,1.88450502152
116135,119076,121952,2941,2876,2,7200,2.02260083449
116136,119024,121878,2888,2854,2,7200,2.01191310441
116302,118950,121855,2648,2905,2,7200,1.91153184165
116372,118888,121764,2516,2876,2,7200,1.87482614743
116389,119218,122237,2829,3019,2,7200,1.9370652534
116481,119153,122164,2672,3011,2,7200,1.88741281966
116483,119095,121965,2612,2870,2,7200,1.91010452962
116498,119195,122200,2697,3005,2,7200,1.89750415973
116713,118991,122103,2278,3112,2,7200,1.73200514139
116911,119243,122065,2332,2822,2,7200,1.82636428065
117159,119461,122401,2302,2940,2,7200,1.78299319728
117286,119051,122016,1765,2965,2,7200,1.59527824621
118577,119161,122137,584,2976,2,7200,1.19623655914
118635,118641,119003,6,362,2,1800,1.01657458564
118778,118785,119134,7,349,1,1800,1.02005730659
118863,118870,119277,7,407,4,1800,1.0171990172
118879,119472,122438,593,2966,2,7200,1.19993256912
118906,118921,119315,15,394,8,1800,1.03807106599
118926,118933,119105,7,172,1,1800,1.04069767442
118940,119504,122503,564,2999,2,7200,1.18806268756
118982,119650,122918,668,3268,2,7200,1.20440636475
119016,119778,122678,762,2900,2,7200,1.26275862069
119041,120033,122878,992,2845,2,7200,1.34868189807
119066,120156,123327,1090,3171,2,7200,1.34374014506
119084,121384,124345,2300,2961,2,7200,1.77676460655
119145,121775,124630,2630,2855,2,7200,1.92119089317
119162,121866,124746,2704,2880,2,7200,1.93888888889
119186,122114,124884,2928,2770,2,7200,2.05703971119
119207,121889,124624,2682,2735,2,7200,1.98062157221
119235,122027,124947,2792,2920,2,7200,1.95616438356
119462,121964,125112,2502,3148,2,7200,1.79479034307
119464,121976,124928,2512,2952,2,7200,1.85094850949
119502,122176,124923,2674,2747,2,7200,1.97342555515
119649,122148,125235,2499,3087,2,7200,1.80952380952
119770,122212,125296,2442,3084,2,7200,1.79182879377
119841,119848,136939,7,17091,4,105120,1.00040957229
119911,119918,136939,7,17021,4,105060,1.00041125668
119974,119980,136939,6,16959,4,104880,1.00035379445
119989,119995,120410,6,415,2,1800,1.01445783133
120022,122249,125197,2227,2948,2,7200,1.75542740841
120027,120038,120044,11,6,4,7200,1.7
120147,122077,125078,1930,3001,2,7200,1.64311896035
120370,120377,120468,7,91,4,7200,1.07692307692
120678,120685,136939,7,16254,4,101700,1.00043066322
120716,120722,136939,6,16217,4,65640,1.00036998212
120750,120756,136939,6,16183,4,104700,1.00037075944
120794,120986,136939,192,15953,4,105300,1.01203535385
120797,122862,132855,2065,9993,16,36000,1.20664465126
120849,122405,122850,1556,445,16,1800,4.49662921348
121061,121437,136939,376,15502,4,105480,1.02425493485
121092,121098,128516,6,7418,1,14400,1.00080884335
121169,121176,126659,7,5483,1,5420,1.00127667335
121194,121558,136939,364,15381,4,104940,1.02366556141
121376,122413,125182,1037,2769,2,7200,1.37450343084
121766,122450,125526,684,3076,2,7200,1.22236671001
121858,122516,125372,658,2856,2,7200,1.23039215686
121879,122929,125869,1050,2940,2,7200,1.35714285714
121955,122689,125915,734,3226,2,7200,1.22752634842
121970,122889,125857,919,2968,2,7200,1.3096361186
122019,123339,126348,1320,3009,2,7200,1.43868394816
122067,124357,127275,2290,2918,2,7200,1.7847840987
122104,124642,127969,2538,3327,2,7200,1.76284941389
122140,124757,127658,2617,2901,2,7200,1.9021027232
122168,124635,127648,2467,3013,2,7200,1.81878526386
122202,125123,128056,2921,2933,2,7200,1.99590862598
122238,124941,127814,2703,2873,2,7200,1.94082840237
122402,124958,127940,2556,2982,2,7200,1.85714285714
122442,125089,127945,2647,2856,2,7200,1.92682072829
122506,124895,127842,2389,2947,2,7200,1.81065490329
122679,125246,128221,2567,2975,2,7200,1.86285714286
122879,124934,127872,2055,2938,2,7200,1.69945541184
122919,125308,128364,2389,3056,2,7200,1.7817408377
122942,122949,124196,7,1247,1,7200,1.00561347233
123331,125208,128136,1877,2928,2,7200,1.64105191257
123820,125071,217726,1251,92655,12,129600,1.01350169985
123839,137883,319754,14044,181871,2,604800,1.07721956772
123867,267294,438726,143427,171432,2,604800,1.83664076718
124234,124241,124759,7,518,1,7200,1.01351351351
124251,132872,222706,8621,89834,12,129600,1.09596589265
124349,125193,128143,844,2950,2,7200,1.28610169492
124624,125538,128494,914,2956,2,7200,1.30920162382
124640,125383,128369,743,2986,2,7200,1.24882786336
124749,125927,129015,1178,3088,2,7200,1.38147668394
124885,125868,128589,983,2721,2,7200,1.36126424109
124892,124902,124903,10,1,24,7200,1.1
124925,125881,128764,956,2883,2,7200,1.33159902879
124940,126359,129524,1419,3165,2,7200,1.44834123223
124955,127286,130499,2331,3213,2,7200,1.72549019608
125079,127659,130654,2580,2995,2,7200,1.86143572621
125114,127981,131088,2867,3107,2,7200,1.9227550692
125183,127670,130597,2487,2927,2,7200,1.8496754356
125198,127854,130679,2656,2825,2,7200,1.94017699115
125238,127883,130963,2645,3080,2,7200,1.85876623377
125299,127825,130892,2526,3067,2,7200,1.82360612977
125375,127951,130855,2576,2904,2,7200,1.8870523416
125527,127958,130904,2431,2946,2,7200,1.82518669382
125537,125545,125558,8,13,2,1200,1.61538461538
125860,128068,130933,2208,2865,2,7200,1.77068062827
125875,128154,131191,2279,3037,2,7200,1.75041159039
125918,128147,131260,2229,3113,2,7200,1.71602955349
126031,126037,126282,6,245,1,7200,1.02448979592
126302,126309,126936,7,627,1,7200,1.01116427432
126351,128233,131148,1882,2915,2,7200,1.64562607204
126669,126676,127570,7,894,1,5420,1.00782997763
126982,262164,337337,135182,75173,4,288000,2.79827863728
127046,127052,127420,6,368,1,7200,1.01630434783
127080,127088,130736,8,3648,1,3600,1.00219298246
127277,128375,131304,1098,2929,2,7200,1.37487196996
127429,132045,136939,4616,4894,4,94140,1.9431957499
127431,127438,127722,7,284,1,7200,1.02464788732
127538,127546,199565,8,72019,1,86400,1.0001110818
127649,128382,131406,733,3024,2,7200,1.24239417989
127665,128506,131276,841,2770,2,7200,1.3036101083
127684,132055,204075,4371,72020,1,75600,1.06069147459
127724,127730,127956,6,226,1,7200,1.02654867257
127817,128600,131342,783,2742,2,7200,1.28555798687
127844,128775,131793,931,3018,2,7200,1.3084824387
127875,129027,132122,1152,3095,2,7200,1.37221324717
127942,129535,132525,1593,2990,2,7200,1.53277591973
127957,130510,133335,2553,2825,2,7200,1.90371681416
127964,127970,128497,6,527,1,7200,1.01138519924
127972,130665,133645,2693,2980,2,7200,1.90369127517
128060,130608,133568,2548,2960,2,7200,1.86081081081
128139,130903,133893,2764,2990,2,7200,1.92441471572
128154,130691,133458,2537,2767,2,7200,1.91687748464
128221,130974,133903,2753,2929,2,7200,1.9399112325
128368,130866,134006,2498,3140,2,7200,1.79554140127
128383,130915,133855,2532,2940,2,7200,1.8612244898
128385,128392,128630,7,238,1,7200,1.02941176471
128498,131099,133936,2601,2837,2,7200,1.91681353542
128538,128545,128593,7,48,2,1200,1.14583333333
128538,132061,149622,3523,17561,3,18000,1.20061499915
128581,132066,150072,3485,18006,3,18000,1.19354659558
128592,130945,133786,2353,2841,2,7200,1.82822949666
128629,136967,155016,8338,18049,3,18000,1.46196465178
128642,128649,129055,7,406,1,7200,1.01724137931
128696,128704,128790,8,86,1,1800,1.09302325581
128765,131271,134139,2506,2868,2,7200,1.87377963738
128895,128902,128947,7,45,1,7200,1.15555555556
129016,131203,133933,2187,2730,2,7200,1.8010989011
129030,129037,129079,7,42,1,7200,1.16666666667
129286,129294,129336,8,42,2,1200,1.19047619048
129331,129339,129402,8,63,1,7200,1.12698412698
129499,129505,129621,6,116,2,1200,1.05172413793
129519,131159,134103,1640,2944,2,7200,1.55706521739
129608,129615,129765,7,150,1,1800,1.04666666667
130097,132050,136939,1953,4889,4,97500,1.3994681939
130501,131316,134231,815,2915,2,7200,1.27958833619
130598,131417,134353,819,2936,2,7200,1.27895095368
130657,131288,134256,631,2968,2,7200,1.21260107817
130681,131353,134253,672,2900,2,7200,1.23172413793
130739,130746,134466,7,3720,1,3600,1.00188172043
130857,131804,134801,947,2997,2,7200,1.31598264932
130893,132133,135140,1240,3007,2,7200,1.41237113402
130908,132537,135538,1629,3001,2,7200,1.54281906031
130936,133347,136246,2411,2899,2,7200,1.83166609176
130966,133580,136532,2614,2952,2,7200,1.88550135501
131091,133656,136545,2565,2889,2,7200,1.88785046729
131117,132867,136939,1750,4072,4,105420,1.42976424361
131151,133469,136400,2318,2931,2,7200,1.79085636302
131194,134019,136899,2825,2880,2,7200,1.98090277778
131260,133905,136806,2645,2901,2,7200,1.91175456739
131279,133866,136843,2587,2977,2,7200,1.86899563319
131306,133797,136674,2491,2877,2,7200,1.86583246437
131346,133914,136883,2568,2969,2,7200,1.86493768946
131409,133951,137040,2542,3089,2,7200,1.82292003885
131794,134117,137239,2323,3122,2,7200,1.74407431134
132124,133944,136879,1820,2935,2,7200,1.62010221465
132321,132327,132729,6,402,1,7200,1.01492537313
132527,134150,137102,1623,2952,2,7200,1.54979674797
132825,132833,132878,8,45,1,7200,1.17777777778
133296,133302,133338,6,36,1,7200,1.16666666667
133338,134272,137270,934,2998,2,7200,1.31154102735
133360,133366,133458,6,92,1,7200,1.0652173913
133459,134243,137212,784,2969,2,7200,1.26406197373
133471,133478,133694,7,216,1,7200,1.03240740741
133572,134265,137290,693,3025,2,7200,1.22909090909
133648,134364,137186,716,2822,2,7200,1.25372076541
133702,133709,134662,7,953,2,1200,1.0073452256
133763,133771,133805,8,34,1,7200,1.23529411765
133787,134821,137854,1034,3033,2,7200,1.34091658424
133823,133829,133832,6,3,1,7200,1.0
133857,135151,138157,1294,3006,2,7200,1.43047238856
133896,135549,138460,1653,2911,2,7200,1.567846101
133912,136259,139214,2347,2955,2,7200,1.79424703892
133912,133921,133993,9,72,1,7200,1.125
133934,136411,139267,2477,2856,2,7200,1.86729691877
133949,136543,139486,2594,2943,2,7200,1.88141352362
134010,136556,139416,2546,2860,2,7200,1.89020979021
134104,136685,139547,2581,2862,2,7200,1.90181691125
134104,134111,134164,7,53,1,7200,1.1320754717
134140,136854,139849,2714,2995,2,7200,1.9061769616
134185,134192,134530,7,338,1,7200,1.02071005917
134235,136818,139889,2583,3071,2,7200,1.84109410615
134256,136897,139727,2641,2830,2,7200,1.9332155477
134271,136890,139856,2619,2966,2,7200,1.8830074174
134350,137051,140066,2701,3015,2,7200,1.89585406302
134710,134716,139184,6,4468,1,7200,1.00134288272
134771,136951,137476,2180,525,32,1800,5.15238095238
134794,137878,138419,3084,541,64,1800,6.70055452865
134803,136911,139876,2108,2965,2,7200,1.71096121417
134958,134964,135346,6,382,4,1800,1.01570680628
134968,134975,135378,7,403,8,1800,1.01736972705
134994,136976,137960,1982,984,2,14400,3.01422764228
135022,135029,135577,7,548,1,7200,1.01277372263
135142,137250,140309,2108,3059,2,7200,1.68911408957
135542,137113,139927,1571,2814,2,7200,1.55828002843
136251,137223,140129,972,2906,2,7200,1.33448038541
136266,136273,137975,7,1702,1,7200,1.00411280846
136402,137301,140273,899,2972,2,7200,1.30248990579
136536,137281,140324,745,3043,2,7200,1.24482418666
136551,137198,140207,647,3009,2,7200,1.21502160186
136593,136957,137019,364,62,1,7200,6.87096774194
136675,137865,140914,1190,3049,2,7200,1.39029189898
136809,138170,141154,1361,2984,2,7200,1.45609919571
136845,138471,141460,1626,2989,2,7200,1.54399464704
136882,139225,142256,2343,3031,2,7200,1.77301220719
136897,139278,142144,2381,2866,2,7200,1.83077459874
136913,139497,142272,2584,2775,2,7200,1.93117117117
136914,136962,137436,48,474,1,7200,1.10126582278
137027,170169,228975,33142,58806,4,94140,1.56358194742
137043,139428,142303,2385,2875,2,7200,1.82956521739
137055,192263,200083,55208,7820,4,105420,8.05984654731
137104,139559,142403,2455,2844,2,7200,1.86322081575
137182,192269,297224,55087,104955,4,104940,1.52486303654
137189,139901,142403,2712,2502,2,7200,2.08393285372
137213,139861,142403,2648,2542,2,7200,2.04169944925
137240,139868,142403,2628,2535,2,7200,2.03668639053
137251,192274,293984,55023,101710,4,101700,1.54097925474
137256,137263,137336,7,73,1,7200,1.09589041096
137273,139738,142403,2465,2665,2,7200,1.92495309568
137292,139887,142403,2595,2516,2,7200,2.0313990461
137382,192279,206264,54897,13985,4,105480,4.92542009296
137552,137558,144347,6,6789,1,10800,1.00088378259
137591,147346,183354,9755,36008,16,36000,1.27091201955
137601,147352,183390,9751,36038,16,36000,1.27057550364
137613,147357,181834,9744,34477,16,36000,1.28262319807
137614,137622,137631,8,9,1,7200,1.7
137621,147362,183388,9741,36026,16,36000,1.27038805307
137634,155030,191049,17396,36019,16,36000,1.4829673228
137641,165870,201915,28229,36045,16,36000,1.78315993897
137647,192242,228280,54595,36038,16,36000,2.51492868639
137662,192247,228256,54585,36009,16,36000,2.51587103224
137670,137677,138445,7,768,1,7200,1.00911458333
137674,192253,228298,54579,36045,16,36000,2.51419059509
137684,192258,228297,54574,36039,16,36000,2.5143039485
137721,137728,137880,7,152,1,7200,1.04605263158
137849,192285,206085,54436,13800,4,65640,4.94463768116
137856,140078,142403,2222,2325,2,7200,1.95569892473
137924,137977,137982,53,5,2,1800,5.8
138158,139939,142404,1781,2465,2,7200,1.72251521298
138164,138176,138564,12,388,1,7200,1.03092783505
138264,138270,138282,6,12,2,1800,1.5
138271,138294,138298,23,4,2,1800,2.7
138382,138389,138655,7,266,2,1800,1.02631578947
138389,138431,138742,42,311,2,1800,1.13504823151
138397,138436,138776,39,340,2,1800,1.11470588235
138461,140218,142403,1757,2185,2,7200,1.80411899314
138804,138811,138871,7,60,1,7200,1.11666666667
139033,267306,292282,128273,24976,6,172800,6.1358504164
139062,292293,324483,153231,32190,6,172800,5.76020503262
139062,139068,139403,6,335,1,7200,1.01791044776
139091,267288,267292,128197,4,8,259200,12820.1
139215,140143,142403,928,2260,2,7200,1.41061946903
139270,140321,142403,1051,2082,2,7200,1.50480307397
139415,139422,139553,7,131,1,7200,1.0534351145
139418,140336,142403,918,2067,2,7200,1.44412191582
139488,140284,142403,796,2119,2,7200,1.37564889099
139549,140925,142403,1376,1478,2,7200,1.93098782138
139567,192290,205499,52723,13209,4,72480,4.99144522674
139572,139578,139811,6,233,1,7200,1.02575107296
139619,192295,198184,52676,5889,4,104880,9.94481236203
139728,141166,142403,1438,1237,2,7200,2.16248989491
139852,141475,142403,1623,928,2,7200,2.74892241379
139867,142267,142403,2400,136,2,7200,18.6470588235
139882,142155,142403,2273,248,2,7200,10.1653225806
139897,142319,142403,2422,84,2,7200,29.8333333333
139926,139932,139975,6,43,64,600,1.13953488372
139928,142283,142403,2355,120,2,7200,20.625
140023,140029,140093,6,64,1,7200,1.09375
140130,140137,140463,7,326,4,18000,1.02147239264
140240,140247,140295,7,48,1,7200,1.14583333333
140366,192301,297021,51935,104720,4,104700,1.49594155844
140383,192306,205931,51923,13625,4,105300,4.81086238532
141023,141029,141653,6,624,1,14400,1.00961538462
141042,192311,289840,51269,97529,4,97500,1.52567954147
141153,141160,141502,7,342,4,18000,1.02046783626
141214,141221,141586,7,365,4,18000,1.01917808219
141393,192317,227328,50924,35011,4,97320,2.45451429551
141461,141468,145963,7,4495,1,5420,1.00155728587
141550,141557,141622,7,65,1,7200,1.10769230769
141557,141563,142067,6,504,4,1200,1.0119047619
141637,141644,142015,7,371,4,18000,1.01886792453
142012,142025,142026,13,1,2,3600,1.4
142012,142019,142023,7,4,3,3600,1.1
142012,142037,142038,25,1,4,3600,2.6
142012,142030,142031,18,1,1,3600,1.9
142093,142100,146328,7,4228,4,18000,1.00165562914
142172,142179,214219,7,72040,1,75600,1.00009716824
142315,165887,237918,23572,72031,1,75600,1.32724799045
142685,142691,145546,6,2855,2,7200,1.00210157618
142686,142698,145546,12,2848,2,7200,1.00421348315
142687,142703,145464,16,2761,2,7200,1.00579500181
142689,142709,145795,20,3086,2,7200,1.0064808814
142690,142714,145432,24,2718,2,7200,1.00883002208
142691,142719,145775,28,3056,2,7200,1.00916230366
142693,142726,145522,33,2796,2,7200,1.01180257511
142694,142731,145665,37,2934,2,7200,1.01261077028
142695,142737,145710,42,2973,2,7200,1.0141271443
142697,142742,145546,45,2804,2,7200,1.01604850214
142698,142747,145513,49,2766,2,7200,1.01771511208
142699,142753,145697,54,2944,2,7200,1.0183423913
142701,142758,145510,57,2752,2,7200,1.0207122093
142702,142763,145868,61,3105,2,7200,1.01964573269
142704,142769,145942,65,3173,2,7200,1.0204853451
142705,142774,145711,69,2937,2,7200,1.02349336057
142707,142779,145731,72,2952,2,7200,1.0243902439
142708,142785,145696,77,2911,2,7200,1.02645139127
142710,142790,145738,80,2948,2,7200,1.02713704206
142713,142795,145743,82,2948,2,7200,1.02781546811
142715,145559,148657,2844,3098,2,7200,1.9180116204
142716,145565,148549,2849,2984,2,7200,1.95475871314
142718,145476,148522,2758,3046,2,7200,1.90544977019
142719,145806,148717,3087,2911,2,7200,2.06046032291
142720,145444,148347,2724,2903,2,7200,1.93833964864
142722,145787,148875,3065,3088,2,7200,1.99255181347
142723,145538,148481,2815,2943,2,7200,1.95650696568
142724,145679,148620,2955,2941,2,7200,2.00476028562
142726,145724,148832,2998,3108,2,7200,1.96460746461
142727,145570,148367,2843,2797,2,7200,2.01644619235
142729,145530,148599,2801,3069,2,7200,1.91267513848
142730,145714,148457,2984,2743,2,7200,2.08786000729
142731,145523,148326,2792,2803,2,7200,1.99607563325
142733,145879,148774,3146,2895,2,7200,2.08670120898
142734,145954,149033,3220,3079,2,7200,2.04579408899
142736,145730,148728,2994,2998,2,7200,1.99866577718
142737,145742,148469,3005,2727,2,7200,2.10194352769
142739,145708,148772,2969,3064,2,7200,1.96899477807
142740,145749,148847,3009,3098,2,7200,1.97127178825
142741,145756,148785,3015,3029,2,7200,1.99537801255
142743,148668,151761,5925,3093,2,7200,2.91561590689
142744,148561,151571,5817,3010,2,7200,2.93255813953
142745,148534,151578,5789,3044,2,7200,2.9017739816
142747,148728,151825,5981,3097,2,7200,2.93122376493
142748,148358,151111,5610,2753,2,7200,3.03777697058
142750,148886,151430,6136,2544,2,7200,3.41194968553
142751,148495,151299,5744,2804,2,7200,3.0485021398
142752,148632,151681,5880,3049,2,7200,2.92850114792
142761,148843,151641,6082,2798,2,7200,3.17369549678
142762,148379,151423,5617,3044,2,7200,2.84526938239
142763,148623,151588,5860,2965,2,7200,2.97639123103
142765,148469,151354,5704,2885,2,7200,2.97712305026
142766,148338,151339,5572,3001,2,7200,2.85671442852
142768,148788,151596,6020,2808,2,7200,3.14387464387
142769,149044,151848,6275,2804,2,7200,3.23787446505
142771,148739,151920,5968,3181,2,7200,2.87613957875
142772,148482,151283,5710,2801,2,7200,3.03855765798
142773,148794,151678,6021,2884,2,7200,3.08772538141
142775,148859,151692,6084,2833,2,7200,3.14754677021
142776,148801,151625,6025,2824,2,7200,3.13349858357
142777,151773,154459,8996,2686,2,7200,4.34921816828
142779,151584,154523,8805,2939,2,7200,3.99591697856
142780,151592,154773,8812,3181,2,7200,3.77019805093
142782,151836,154914,9054,3078,2,7200,3.94152046784
142783,151122,154119,8339,2997,2,7200,3.78244911578
142784,151444,154301,8660,2857,2,7200,4.03115155758
142786,151311,154268,8525,2957,2,7200,3.8829895164
142787,151699,154556,8912,2857,2,7200,4.1193559678
142789,151652,154556,8863,2904,2,7200,4.05199724518
142790,151437,154477,8647,3040,2,7200,3.84440789474
142791,151602,154546,8811,2944,2,7200,3.99286684783
142793,151367,154287,8574,2920,2,7200,3.93630136986
142794,151352,154311,8558,2959,2,7200,3.89219330855
142795,151609,154585,8814,2976,2,7200,3.96169354839
142797,151859,154601,9062,2742,2,7200,4.30488694384
143363,143371,143937,8,566,12,21600,1.01413427562
143397,143404,143745,7,341,12,21600,1.02052785924
144370,144378,147052,8,2674,4,3600,1.00299177263
145434,151931,155218,6497,3287,2,7200,2.97657438394
145466,151296,154082,5830,2786,2,7200,3.09260588658
145511,151691,154535,6180,2844,2,7200,3.17299578059
145526,151706,154660,6180,2954,2,7200,3.09207853758
145527,151636,154607,6109,2971,2,7200,3.05621003029
145548,154132,156908,8584,2776,2,7200,4.09221902017
145549,154784,157719,9235,2935,2,7200,4.1465076661
145551,154322,157357,8771,3035,2,7200,3.88995057661
145668,154557,157686,8889,3129,2,7200,3.84084372004
145698,154279,157290,8581,3011,2,7200,3.84988375955
145700,154470,157406,8770,2936,2,7200,3.98705722071
145714,154535,157630,8821,3095,2,7200,3.85008077544
145716,154489,157580,8773,3091,2,7200,3.83824005176
145734,154567,157424,8833,2857,2,7200,4.09170458523
145748,154546,157359,8798,2813,2,7200,4.12762175613
145750,154299,157315,8549,3016,2,7200,3.83454907162
145765,147341,184341,1576,37000,32,43200,1.04259459459
145777,154573,157621,8796,3048,2,7200,3.88582677165
145797,155229,158381,9432,3152,2,7200,3.9923857868
145869,154093,157151,8224,3058,2,7200,3.68933943754
145894,145902,145956,8,54,2,1200,1.14814814815
145944,154671,157584,8727,2913,2,7200,3.99588053553
146083,146090,146180,7,90,2,1200,1.07777777778
146202,146210,146910,8,700,1,7200,1.01142857143
146925,146932,147082,7,150,1,7200,1.04666666667
147111,147120,147317,9,197,1,7200,1.04568527919
147634,147644,147709,10,65,1,7200,1.15384615385
147715,147722,147774,7,52,2,1200,1.13461538462
147779,147787,147831,8,44,1,7200,1.18181818182
147863,147871,147882,8,11,1,7200,1.72727272727
147889,147897,147936,8,39,1,7200,1.20512820513
147970,147978,148022,8,44,1,7200,1.18181818182
148100,148107,148150,7,43,1,7200,1.16279069767
148255,148263,148326,8,63,4,3600,1.12698412698
148283,148290,148365,7,75,1,7200,1.09333333333
148322,180322,180761,32000,439,16,1800,73.8929384966
148327,180773,181180,32446,407,16,1800,80.7199017199
148328,154619,157544,6291,2925,2,7200,3.15076923077
148349,154313,157307,5964,2994,2,7200,2.99198396794
148370,154926,158068,6556,3142,2,7200,3.08656906429
148384,148391,166494,7,18103,4,18000,1.00038667624
148457,154597,157628,6140,3031,2,7200,3.02573408116
148472,154612,157757,6140,3145,2,7200,2.95230524642
148475,148488,148544,13,56,1,7200,1.23214285714
148487,157368,160289,8881,2921,2,7200,4.04039712427
148523,156919,159793,8396,2874,2,7200,3.92136395268
148550,157591,160413,9041,2822,2,7200,4.20375620128
148602,157329,160130,8727,2801,2,7200,4.11567297394
148623,157162,160055,8539,2893,2,7200,3.95160732803
148659,157302,160291,8643,2989,2,7200,3.89160254266
148678,148687,148722,9,35,1,7200,1.25714285714
148719,157730,160648,9011,2918,2,7200,4.0880740233
148734,157649,160530,8915,2881,2,7200,4.09441166262
148775,148782,148815,7,33,1,7200,1.21212121212
148776,157697,160531,8921,2834,2,7200,4.14784756528
148777,157435,160362,8658,2927,2,7200,3.95797745132
148792,157418,160439,8626,3021,2,7200,3.85534591195
148835,158080,160949,9245,2869,2,7200,4.22237713489
148849,158393,161113,9544,2720,2,7200,4.50882352941
148877,157641,160514,8764,2873,2,7200,4.0504698921
149033,157376,160426,8343,3050,2,7200,3.73540983607
149060,149069,149119,9,50,1,7200,1.18
149285,149292,150753,7,1461,1,5420,1.00479123888
149371,149378,150626,7,1248,2,1200,1.00560897436
149893,149901,149911,8,10,1,7200,1.8
150083,150090,150102,7,12,1,7200,1.58333333333
150332,150340,150573,8,233,1,7200,1.03433476395
150853,150860,151504,7,644,1,7200,1.01086956522
151114,157555,160326,6441,2771,2,7200,3.32443161314
151285,157633,160909,6348,3276,2,7200,2.93772893773
151300,157600,160558,6300,2958,2,7200,3.12981744422
151342,157322,160154,5980,2832,2,7200,3.1115819209
151357,157769,160859,6412,3090,2,7200,3.07508090615
151426,159804,162904,8378,3100,2,7200,3.70258064516
151441,160066,163043,8625,2977,2,7200,3.89721195835
151447,151456,151469,9,13,1,7200,1.69230769231
151567,151575,151579,8,4,1,7200,1.2
151574,160307,163345,8733,3038,2,7200,3.8745885451
151589,160300,163111,8711,2811,2,7200,4.09889718961
151590,160141,163163,8551,3022,2,7200,3.82958305758
151605,160424,163477,8819,3053,2,7200,3.88863413036
151626,160165,162959,8539,2794,2,7200,4.05619183966
151636,151644,152087,8,443,1,7200,1.01805869074
151644,160543,163444,8899,2901,2,7200,4.06756290934
151680,160659,163718,8979,3059,2,7200,3.93527296502
151695,160549,163621,8854,3072,2,7200,3.88216145833
151697,160525,163569,8828,3044,2,7200,3.90013140604
151763,160338,163234,8575,2896,2,7200,3.96098066298
151827,160921,163958,9094,3037,2,7200,3.99440237076
151850,160437,163618,8587,3181,2,7200,3.69946557686
151886,151894,151919,8,25,1,7200,1.32
151923,160374,163462,8451,3088,2,7200,3.73672279793
152275,152282,153352,7,1070,1,5420,1.00654205607
152790,152798,153225,8,427,1,7200,1.018735363
154083,160569,163543,6486,2974,2,7200,3.18090114324
154123,160451,163488,6328,3037,2,7200,3.08363516628
154270,160961,163791,6691,2830,2,7200,3.36431095406
154288,160870,163816,6582,2946,2,7200,3.23421588595
154303,161124,164042,6821,2918,2,7200,3.33755997258
154318,163054,166041,8736,2987,2,7200,3.92467358554
154462,162915,165834,8453,2919,2,7200,3.89585474478
154480,163356,166237,8876,2881,2,7200,4.08087469629
154525,163175,166128,8650,2953,2,7200,3.92922451744
154540,162971,166189,8431,3218,2,7200,3.61995027968
154556,163123,166031,8567,2908,2,7200,3.94601100413
154571,163499,166550,8928,3051,2,7200,3.92625368732
154572,163489,166566,8917,3077,2,7200,3.89795255119
154587,163456,166441,8869,2985,2,7200,3.97118927973
154602,163630,166753,9028,3123,2,7200,3.89081011848
154617,163638,166721,9021,3083,2,7200,3.92604605903
154662,163474,166543,8812,3069,2,7200,3.87129358097
154774,163971,167061,9197,3090,2,7200,3.97637540453
154916,163580,166392,8664,2812,2,7200,4.08108108108
154973,154980,156111,7,1131,1,5420,1.00618921309
155014,165899,166942,10885,1043,1,18000,11.4362416107
155218,163827,166883,8609,3056,2,7200,3.81708115183
156078,156121,156670,43,549,1,7200,1.07832422587
156140,156684,157088,544,404,1,7200,2.34653465347
156913,163246,166052,6333,2806,2,7200,3.25694939416
157153,163555,166368,6402,2813,2,7200,3.27586206897
157292,163730,166670,6438,2940,2,7200,3.18979591837
157311,163804,166709,6493,2905,2,7200,3.23511187608
157325,164055,166905,6730,2850,2,7200,3.36140350877
157359,165845,168978,8486,3133,2,7200,3.70858601979
157374,166052,169095,8678,3043,2,7200,3.85179099573
157407,166248,169000,8841,2752,2,7200,4.21257267442
157425,166201,169253,8776,3052,2,7200,3.875491481
157545,166139,169229,8594,3090,2,7200,3.78122977346
157581,166042,169231,8461,3189,2,7200,3.65318281593
157596,166764,169511,9168,2747,2,7200,4.33745904623
157623,166561,169544,8938,2983,2,7200,3.99631243714
157638,166554,169486,8916,2932,2,7200,4.04092769441
157640,166063,169222,8423,3159,2,7200,3.66635011079
157688,166577,169598,8889,3021,2,7200,3.94240317776
157721,166379,169112,8658,2733,2,7200,4.16794731065
157760,167072,170139,9312,3067,2,7200,4.03619171829
158071,166403,169520,8332,3117,2,7200,3.67308309272
158384,166452,169455,8068,3003,2,7200,3.68664668665
158889,192333,210366,33444,18033,5,18000,2.85459990018
159536,165876,165886,6340,10,2,3540,635.0
159795,166732,169856,6937,3124,2,7200,3.22055057618
159963,159971,160604,8,633,1,7200,1.01263823065
160057,166681,169511,6624,2830,2,7200,3.3406360424
160132,166895,169953,6763,3058,2,7200,3.21157619359
160155,166721,170005,6566,3284,2,7200,2.9993909866
160291,166917,170074,6626,3157,2,7200,3.09882800127
160293,168989,171931,8696,2942,2,7200,3.95581237254
160329,169107,172054,8778,2947,2,7200,3.97862232779
160365,169240,172172,8875,2932,2,7200,4.02694406548
160413,169264,172203,8851,2939,2,7200,4.01156856073
160428,169249,172205,8821,2956,2,7200,3.98410013532
160443,169012,171886,8569,2874,2,7200,3.98155880306
160515,169233,172481,8718,3248,2,7200,3.68411330049
160534,169497,172603,8963,3106,2,7200,3.88570508693
160535,169609,172700,9074,3091,2,7200,3.9356195406
160559,169522,172497,8963,2975,2,7200,4.01277310924
160649,169555,172443,8906,2888,2,7200,4.08379501385
160861,169534,172468,8673,2934,2,7200,3.95603271984
160911,169466,172282,8555,2816,2,7200,4.03799715909
160951,169867,172907,8916,3040,2,7200,3.93289473684
161113,169124,172159,8011,3035,2,7200,3.63953871499
162907,169527,172517,6620,2990,2,7200,3.21404682274
162961,169964,172824,7003,2860,2,7200,3.4486013986
163045,170150,173230,7105,3080,2,7200,3.30681818182
163114,170016,173279,6902,3263,2,7200,3.11523138216
163165,170086,173078,6921,2992,2,7200,3.3131684492
163235,171942,174846,8707,2904,2,7200,3.99827823691
163346,172214,175293,8868,3079,2,7200,3.88015589477
163446,172065,174996,8619,2931,2,7200,3.9406345957
163464,172221,175111,8757,2890,2,7200,4.03010380623
163479,172184,175226,8705,3042,2,7200,3.86160420776
163494,172492,175458,8998,2966,2,7200,4.03371544167
163544,171898,175011,8354,3113,2,7200,3.68358496627
163571,172294,175259,8723,2965,2,7200,3.94198988196
163620,172614,175439,8994,2825,2,7200,4.18371681416
163635,172508,175671,8873,3163,2,7200,3.80524818211
163719,172454,175480,8735,3026,2,7200,3.88664904164
163794,172171,175102,8377,2931,2,7200,3.85806891846
163819,172479,175441,8660,2962,2,7200,3.92370020257
163961,172528,175469,8567,2941,2,7200,3.91295477729
164046,172712,175759,8666,3047,2,7200,3.84410895963
168367,168374,169500,7,1126,1,7200,1.00621669627
169719,169726,170072,7,346,1,1800,1.02023121387
169725,169734,170077,9,343,1,1800,1.02623906706
169731,169741,170101,10,360,2,1800,1.02777777778
169736,169748,170107,12,359,2,1800,1.03342618384
169744,169755,170156,11,401,4,1800,1.02743142145
169749,170131,170611,382,480,4,1800,1.79583333333
169756,176985,177540,7229,555,8,1800,14.0252252252
169761,177554,178029,7793,475,8,1800,17.4063157895
169773,184354,184887,14581,533,32,1800,28.3564727955
169781,184555,185059,14774,504,32,1800,30.3134920635
169800,183402,183957,13602,555,64,1800,25.5081081081
169807,183969,184542,14162,573,64,1800,25.7155322862
169815,191062,191678,21247,616,128,1800,35.4918831169
169821,191690,192230,21869,540,128,1800,41.4981481481
169863,172919,175992,3056,3073,2,7200,1.99446794663
169953,172835,175753,2882,2918,2,7200,1.98766278273
170008,173295,176089,3287,2794,2,7200,2.17644953472
170063,170114,170119,51,5,4,1200,5.6
170077,173090,175932,3013,2842,2,7200,2.06016889514
170140,173241,176048,3101,2807,2,7200,2.10473815461
170243,170250,170252,7,2,1,240,1.0
170499,170623,171285,124,662,4,1200,1.18731117825
171888,175022,177929,3134,2907,2,7200,2.0780873753
171933,174858,177601,2925,2743,2,7200,2.0663507109
172057,175007,178070,2950,3063,2,7200,1.96310806399
172162,175113,178051,2951,2938,2,7200,2.00442477876
172178,175238,178224,3060,2986,2,7200,2.02478231748
172205,175304,178243,3099,2939,2,7200,2.05444028581
172207,175122,178159,2915,3037,2,7200,1.9598287784
172282,175271,178304,2989,3033,2,7200,1.98549291131
172445,175492,178651,3047,3159,2,7200,1.96454574232
172469,175457,178330,2988,2873,2,7200,2.04002784546
172484,175469,178378,2985,2909,2,7200,2.02612581643
172499,175682,178768,3183,3086,2,7200,2.03143227479
172520,175480,178574,2960,3094,2,7200,1.95669036846
172604,175450,178359,2846,2909,2,7200,1.97834307322
172704,175771,178986,3067,3215,2,7200,1.95396578538
172716,172723,172781,7,58,1,7200,1.12068965517
172827,175764,178627,2937,2863,2,7200,2.02584701362
172865,172872,172922,7,50,1,7200,1.14
172909,176005,179047,3096,3042,2,7200,2.01775147929
172985,172993,173100,8,107,1,7200,1.07476635514
173081,175943,178757,2862,2814,2,7200,2.0170575693
173143,173150,173201,7,51,1,7200,1.13725490196
173232,176059,178938,2827,2879,2,7200,1.98193817298
173280,176100,179067,2820,2967,2,7200,1.95045500506
173281,173289,175309,8,2020,1,7200,1.00396039604
173386,173393,174619,7,1226,1,7200,1.0057096248
174847,177612,180548,2765,2936,2,7200,1.94175749319
174998,178081,181071,3083,2990,2,7200,2.03110367893
175012,177940,181049,2928,3109,2,7200,1.94178192345
175103,178062,181191,2959,3129,2,7200,1.94566954298
175118,178170,181274,3052,3104,2,7200,1.98324742268
175229,178237,181539,3008,3302,2,7200,1.9109630527
175263,178315,181295,3052,2980,2,7200,2.02416107383
175295,178255,181574,2960,3319,2,7200,1.89183489003
175440,178371,181474,2931,3103,2,7200,1.94456977119
175455,178342,181119,2887,2777,2,7200,2.03961109111
175470,178389,181383,2919,2994,2,7200,1.9749498998
175471,178585,181568,3114,2983,2,7200,2.04391552129
175486,178663,181602,3177,2939,2,7200,2.08097992514
175673,178780,181797,3107,3017,2,7200,2.02983095791
175755,178639,181703,2884,3064,2,7200,1.94125326371
175769,178997,181795,3228,2798,2,7200,2.15368120086
175933,178768,181690,2835,2922,2,7200,1.97022587269
175993,179058,181941,3065,2883,2,7200,2.0631286854
176050,178949,181945,2899,2996,2,7200,1.967623498
176092,179079,182094,2987,3015,2,7200,1.99071310116
177604,180559,183698,2955,3139,2,7200,1.94138260593
177923,181061,184228,3138,3167,2,7200,1.99084306915
178053,181202,184037,3149,2835,2,7200,2.11075837743
178071,181083,184186,3012,3103,2,7200,1.97067354173
178161,181285,184179,3124,2894,2,7200,2.0794747754
178227,181551,184581,3324,3030,2,7200,2.09702970297
178245,181586,184671,3341,3085,2,7200,2.0829821718
178305,181306,183910,3001,2604,2,7200,2.1524577573
178333,181130,183887,2797,2757,2,7200,2.01450852376
178360,181486,184643,3126,3157,2,7200,1.99018055116
178381,181395,184325,3014,2930,2,7200,2.02866894198
178575,181579,184612,3004,3033,2,7200,1.99043850973
178629,181718,184916,3089,3198,2,7200,1.96591619762
178653,181614,184406,2961,2792,2,7200,2.06053008596
178759,181702,184774,2943,3072,2,7200,1.9580078125
178775,181814,184948,3039,3134,2,7200,1.96968730057
178940,181960,184915,3020,2955,2,7200,2.02199661591
178988,181807,184825,2819,3018,2,7200,1.93406229291
179049,181953,184819,2904,2866,2,7200,2.01325889742
179070,182105,185116,3035,3011,2,7200,2.00797077383
180549,183709,186574,3160,2865,2,7200,2.10296684119
181052,184239,187280,3187,3041,2,7200,2.04801052285
181073,184199,187119,3126,2920,2,7200,2.07054794521
181121,183899,186727,2778,2828,2,7200,1.98231966054
181194,184048,187110,2854,3062,2,7200,1.93207054213
181275,184190,187179,2915,2989,2,7200,1.97524255604
181296,183922,186929,2626,3007,2,7200,1.8732956435
181386,184336,187253,2950,2917,2,7200,2.0113129928
181476,184654,187615,3178,2961,2,7200,2.07328605201
181543,184592,187381,3049,2789,2,7200,2.09322337755
181570,184644,187592,3074,2948,2,7200,2.04274084125
181584,184682,187538,3098,2856,2,7200,2.08473389356
181605,184418,187385,2813,2967,2,7200,1.94809571958
181693,184785,187721,3092,2936,2,7200,2.05313351499
181705,181712,181725,7,13,1,3600,1.53846153846
181708,184927,188018,3219,3091,2,7200,2.04141054675
181798,184838,187846,3040,3008,2,7200,2.01063829787
181800,184959,187836,3159,2877,2,7200,2.09801876955
181876,181883,182082,7,199,1,3600,1.0351758794
181945,184831,187922,2886,3091,2,7200,1.93367842122
181960,184932,188036,2972,3104,2,7200,1.9574742268
182096,185127,188215,3031,3088,2,7200,1.98154145078
182256,182263,182982,7,719,1,3600,1.00973574409
183312,183319,185118,7,1799,1,3600,1.00389105058
183700,186585,189579,2885,2994,2,7200,1.96359385438
183890,186738,189614,2848,2876,2,7200,1.99026425591
183911,186940,189834,3029,2894,2,7200,2.04664823773
184037,187121,189913,3084,2792,2,7200,2.10458452722
184182,187190,190171,3008,2981,2,7200,2.0090573633
184197,187130,190043,2933,2913,2,7200,2.00686577412
184230,187292,190247,3062,2955,2,7200,2.03620981387
184326,187264,190295,2938,3031,2,7200,1.96931705708
184408,187399,190455,2991,3056,2,7200,1.97873036649
184583,187392,190339,2809,2947,2,7200,1.95317271802
184648,187603,190689,2955,3086,2,7200,1.95755022683
184672,187626,190679,2954,3053,2,7200,1.96757287914
184774,187549,190616,2775,3067,2,7200,1.90479295729
184822,187733,190722,2911,2989,2,7200,1.97390431582
184837,187933,191003,3096,3070,2,7200,2.00846905537
184919,187857,190803,2938,2946,2,7200,1.9972844535
184920,188048,191000,3128,2952,2,7200,2.05962059621
184950,188029,190799,3079,2770,2,7200,2.11155234657
185116,187848,190763,2732,2915,2,7200,1.9372212693
185689,185696,185714,7,18,1,1800,1.38888888889
185819,185826,186060,7,234,1,3600,1.02991452991
185870,185877,186002,7,125,1,1800,1.056
185993,186000,186006,7,6,1,3600,1.3
186137,186144,186293,7,149,1,3600,1.04697986577
186236,186242,187187,6,945,1,3600,1.00634920635
186458,186464,187122,6,658,1,3600,1.00911854103
186506,186513,186692,7,179,1,1800,1.03910614525
186575,188226,191108,1651,2882,2,7200,1.57286606523
186729,189590,192490,2861,2900,2,7200,1.98655172414
186930,189625,192771,2695,3146,2,7200,1.85664335664
187111,189845,192962,2734,3117,2,7200,1.87712544113
187126,189925,192993,2799,3068,2,7200,1.91232073012
187181,190054,193211,2873,3157,2,7200,1.91004117833
187256,190182,193217,2926,3035,2,7200,1.96408566722
187283,190306,193388,3023,3082,2,7200,1.98085658663
187382,190258,193251,2876,2993,2,7200,1.96090878717
187397,190350,193297,2953,2947,2,7200,2.00203596878
187454,192338,193480,4884,1142,1,3600,5.27670753065
187478,192343,193364,4865,1021,1,3600,5.76493633692
187539,190466,193534,2927,3068,2,7200,1.95404172099
187543,187555,188015,12,460,1,1800,1.02608695652
187593,190627,193560,3034,2933,2,7200,2.03443573133
187617,190701,193581,3084,2880,2,7200,2.07083333333
187723,190690,193492,2967,2802,2,7200,2.05888650964
187838,190734,193858,2896,3124,2,7200,1.92701664533
187853,190774,193870,2921,3096,2,7200,1.9434754522
188019,190817,193487,2798,2670,2,7200,2.04794007491
188037,191018,194080,2981,3062,2,7200,1.9735467015
188218,190810,193971,2592,3161,2,7200,1.81999367289
188881,188888,188910,7,22,1,1800,1.31818181818
189103,189110,189178,7,68,1,1800,1.10294117647
189580,191011,194163,1431,3152,2,7200,1.45399746193
189593,192349,192509,2756,160,1,1800,18.225
189616,191120,194258,1504,3138,2,7200,1.47928616953
189836,192501,195540,2665,3039,2,7200,1.87693320171
189914,192783,195694,2869,2911,2,7200,1.9855719684
190044,192973,195604,2929,2631,2,7200,2.11326491828
190173,193004,195985,2831,2981,2,7200,1.94968131499
190249,193223,196197,2974,2974,2,7200,2.0
190297,193230,196309,2933,3079,2,7200,1.95258200715
190342,193262,196262,2920,3000,2,7200,1.97333333333
190456,193400,196135,2944,2735,2,7200,2.07641681901
190619,193309,196148,2690,2839,2,7200,1.94751673124
190682,193545,196474,2863,2929,2,7200,1.97746671219
190697,193571,196617,2874,3046,2,7200,1.94353250164
190724,193505,196545,2781,3040,2,7200,1.91480263158
190763,193593,196781,2830,3188,2,7200,1.88770388959
190799,193869,196638,3070,2769,2,7200,2.10870350307
190814,193881,196888,3067,3007,2,7200,2.01995344197
191001,193983,197013,2982,3030,2,7200,1.98415841584
191016,193498,196654,2482,3156,2,7200,1.78643852978
191110,194174,197082,3064,2908,2,7200,2.05364511692
192492,194091,197212,1599,3121,2,7200,1.51233578981
192772,194269,197121,1497,2852,2,7200,1.52489481066
192965,195555,198691,2590,3136,2,7200,1.82589285714
192995,195705,198683,2710,2978,2,7200,1.91000671592
193212,195615,198438,2403,2823,2,7200,1.85122210414
193227,195996,199088,2769,3092,2,7200,1.89553686934
193242,193249,193496,7,247,1,1800,1.02834008097
193254,196208,199157,2954,2949,2,7200,2.00169549
193299,196320,199321,3021,3001,2,7200,2.00666444518
193389,196273,199215,2884,2942,2,7200,1.98028552005
193421,193428,193507,7,79,1,1800,1.08860759494
193486,196160,199189,2674,3029,2,7200,1.88279960383
193501,196146,198990,2645,2844,2,7200,1.9300281294
193537,196665,199993,3128,3328,2,7200,1.93990384615
193561,196557,199648,2996,3091,2,7200,1.96926560984
193583,196485,199606,2902,3121,2,7200,1.92983018263
193831,193838,194012,7,174,1,1800,1.04022988506
193860,196629,200029,2769,3400,2,7200,1.81441176471
193875,196792,199751,2917,2959,2,7200,1.98580601555
193975,196650,199611,2675,2961,2,7200,1.90341100979
194084,196900,199600,2816,2700,2,7200,2.04296296296
194165,197026,199912,2861,2886,2,7200,1.99133749134
194261,197224,200285,2963,3061,2,7200,1.96798431885
194578,194584,194748,6,164,1,3600,1.03658536585
194723,194731,195209,8,478,1,1800,1.01673640167
194908,194915,195188,7,273,1,3600,1.02564102564
195540,197094,199939,1554,2845,2,7200,1.54622144112
195542,195549,196247,7,698,1,3600,1.0100286533
195607,197132,200212,1525,3080,2,7200,1.49512987013
195697,198702,201893,3005,3191,2,7200,1.94171106236
195986,198450,201465,2464,3015,2,7200,1.81724709784
196137,198694,201765,2557,3071,2,7200,1.83262780853
196152,199099,202125,2947,3026,2,7200,1.97389292796
196201,199002,202085,2801,3083,2,7200,1.90853065196
196264,199200,202100,2936,2900,2,7200,2.0124137931
196309,199168,202174,2859,3006,2,7200,1.95109780439
196475,199226,202132,2751,2906,2,7200,1.94666207846
196547,199332,202290,2785,2958,2,7200,1.94151453685
196620,199618,202474,2998,2856,2,7200,2.04971988796
196638,199659,202859,3021,3200,2,7200,1.9440625
196656,200040,202781,3384,2741,2,7200,2.23458591755
196677,196683,196752,6,69,1,1800,1.08695652174
196783,199625,202651,2842,3026,2,7200,1.93919365499
196892,200005,203023,3113,3018,2,7200,2.03147779987
197013,197020,197136,7,116,1,1800,1.06034482759
197016,199763,202687,2747,2924,2,7200,1.93946648427
197085,199611,202614,2526,3003,2,7200,1.84115884116
197119,199924,203021,2805,3097,2,7200,1.90571520827
197215,199950,202770,2735,2820,2,7200,1.96985815603
197770,197777,198106,7,329,1,1800,1.02127659574
198440,200223,203170,1783,2947,2,7200,1.60502205633
198684,200296,203317,1612,3021,2,7200,1.53359814631
198699,201477,204275,2778,2798,2,7200,1.99285203717
198992,201776,204836,2784,3060,2,7200,1.90980392157
199091,201904,204944,2813,3040,2,7200,1.92532894737
199158,202096,205032,2938,2936,2,7200,2.00068119891
199191,202136,204948,2945,2812,2,7200,2.0472972973
199215,202185,204847,2970,2662,2,7200,2.11570247934
199324,202111,204897,2787,2786,2,7200,2.00035893754
199601,202143,205210,2542,3067,2,7200,1.82882295403
199617,202301,205371,2684,3070,2,7200,1.87426710098
199618,202625,205692,3007,3067,2,7200,1.98043690903
199651,202486,205527,2835,3041,2,7200,1.93225912529
199753,202662,205742,2909,3080,2,7200,1.94448051948
199780,199787,202396,7,2609,1,18000,1.00268302031
199914,202871,205997,2957,3126,2,7200,1.94593730006
199941,202699,205761,2758,3062,2,7200,1.90071848465
199995,203034,206000,3039,2966,2,7200,2.02461227242
200031,202782,205838,2751,3056,2,7200,1.90019633508
200212,203040,206100,2828,3060,2,7200,1.92418300654
200288,202793,205844,2505,3051,2,7200,1.82104228122
201401,201927,274205,526,72278,24,86400,1.00727745649
201467,203181,206221,1714,3040,2,7200,1.56381578947
201768,203331,206396,1563,3065,2,7200,1.50995106036
201895,204287,207214,2392,2927,2,7200,1.81721899556
202420,202427,202712,7,285,1,18000,1.02456140351
202776,204847,207937,2071,3090,2,7200,1.67022653722
202791,204955,207911,2164,2956,2,7200,1.73207036536
202869,205043,208006,2174,2963,2,7200,1.73371582855
203023,204909,207963,1886,3054,2,7200,1.61755075311
203024,204962,207862,1938,2900,2,7200,1.66827586207
203173,205223,208289,2050,3066,2,7200,1.66862361383
203318,204858,208249,1540,3391,2,7200,1.45414332055
204277,205382,208477,1105,3095,2,7200,1.35702746365
204837,205538,208492,701,2954,2,7200,1.23730534868
204852,205703,208446,851,2743,2,7200,1.31024425811
204900,205753,208696,853,2943,2,7200,1.28984029901
204946,205772,208655,826,2883,2,7200,1.28650711065
204961,205851,208731,890,2880,2,7200,1.30902777778
205033,205857,208777,824,2920,2,7200,1.28219178082
205151,205157,205173,6,16,1,7200,1.375
205210,205217,208496,7,3279,1,7200,1.00213479719
205211,206008,209150,797,3142,2,7200,1.25366008912
205375,206015,208906,640,2891,2,7200,1.22137668627
205529,206112,209206,583,3094,2,7200,1.18842921784
205613,205620,205720,7,100,4,72480,1.07
205677,205683,210720,6,5037,4,73020,1.00119118523
205695,206232,209305,537,3073,2,7200,1.17474780345
205724,205946,274855,222,68909,4,68880,1.00322164013
205743,206411,209609,668,3198,2,7200,1.20888055034
205764,207225,210329,1461,3104,2,7200,1.47068298969
205772,206122,212884,350,6762,4,72480,1.05175983437
205782,337348,553350,131566,216002,4,216000,1.60909621207
205839,207949,211182,2110,3233,2,7200,1.65264460254
205854,208261,211458,2407,3197,2,7200,1.7528933375
205999,207975,210714,1976,2739,2,7200,1.72143117926
206014,207923,211022,1909,3099,2,7200,1.61600516296
206101,207874,210805,1773,2931,2,7200,1.60491299898
206222,208017,211085,1795,3068,2,7200,1.58507170795
206397,208301,211475,1904,3174,2,7200,1.59987397606
206971,206977,235889,6,28912,2,28800,1.00020752629
207218,208488,211280,1270,2792,2,7200,1.45487106017
207863,208504,211549,641,3045,2,7200,1.2105090312
207916,208457,211248,541,2791,2,7200,1.19383733429
207941,208707,211611,766,2904,2,7200,1.26377410468
207942,217739,243299,9797,25560,16,36000,1.3832942097
207965,208666,211835,701,3169,2,7200,1.22120542758
207969,222717,234634,14748,11917,16,36000,2.23755978854
208007,208742,211797,735,3055,2,7200,1.24058919804
208075,228269,243296,20194,15027,16,36000,2.34384774073
208119,228296,241390,20177,13094,16,36000,2.54093477929
208150,228309,264347,20159,36038,16,36000,1.55938176369
208185,208191,216354,6,8163,4,72300,1.00073502389
208251,208788,211837,537,3049,2,7200,1.17612331912
208287,208295,216304,8,8009,4,18120,1.00099887626
208292,208918,211999,626,3081,2,7200,1.20318078546
208407,208414,212031,7,3617,2,3600,1.0019353055
208826,208833,209244,7,411,1,7200,1.01703163017
208895,210378,216919,1483,6541,4,10800,1.22672374255
209053,209060,209418,7,358,1,7200,1.01955307263
209310,209316,212366,6,3050,2,7200,1.00196721311
209350,209356,213164,6,3808,1,7200,1.00157563025
209611,209618,212448,7,2830,2,7200,1.00247349823
209727,209734,209971,7,237,1,7200,1.02953586498
209990,209996,210342,6,346,1,7200,1.01734104046
210332,210338,213434,6,3096,2,7200,1.0019379845
210622,210629,210981,7,352,1,7200,1.01988636364
210703,210710,210948,7,238,1,7200,1.02941176471
210717,210723,213677,6,2954,2,7200,1.00203114421
210808,210814,213908,6,3094,2,7200,1.00193923723
210836,210842,212589,6,1747,1,7200,1.00343445907
210924,210932,211447,8,515,1,7200,1.01553398058
211025,211031,213980,6,2949,2,7200,1.002034588
211085,211091,214165,6,3074,2,7200,1.00195185426
211185,211191,214133,6,2942,2,7200,1.00203942896
211251,211257,214210,6,2953,2,7200,1.00203183204
211281,211287,214211,6,2924,2,7200,1.00205198358
211326,228316,228468,16990,152,16,1800,112.776315789
211364,228480,228624,17116,144,16,1800,119.861111111
211439,211445,211792,6,347,1,7200,1.01729106628
211459,211465,214704,6,3239,2,7200,1.00185242359
211477,211483,214572,6,3089,2,7200,1.00194237617
211491,228636,228642,17145,6,16,1800,1715.1
211549,211556,214612,7,3056,2,7200,1.00229057592
211558,228655,228662,17097,7,16,1800,1710.4
211598,228674,228681,17076,7,16,1800,1708.3
211613,211619,214389,6,2770,2,7200,1.00216606498
211673,211679,220351,6,8672,4,18480,1.00069188192
211800,211806,214794,6,2988,2,7200,1.00200803213
211828,212042,219817,214,7775,4,72060,1.02752411576
211836,211842,214928,6,3086,2,7200,1.00194426442
211851,211857,214810,6,2953,2,7200,1.00203183204
211953,213797,223601,1844,9804,4,73020,1.18808649531
212002,212008,214950,6,2942,2,7200,1.00203942896
212174,212182,212186,8,4,2,3600,1.2
212235,212242,218956,7,6714,2,36000,1.00104259756
212374,212380,215148,6,2768,2,7200,1.00216763006
212449,212456,215266,7,2810,2,7200,1.0024911032
212700,212708,213800,8,1092,1,3600,1.00732600733
212762,212769,213857,7,1088,1,3600,1.00643382353
212805,213176,213635,371,459,1,7200,1.8082788671
213306,213648,214241,342,593,1,7200,1.57672849916
213351,228693,228807,15342,114,16,1800,135.578947368
213385,213812,214217,427,405,1,7200,2.05432098765
213436,213442,216444,6,3002,2,7200,1.00199866755
213680,213686,216715,6,3029,2,7200,1.00198085177
213909,213916,216888,7,2972,2,7200,1.00235531629
213951,213959,214474,8,515,1,7200,1.01553398058
213982,213988,217031,6,3043,2,7200,1.00197173842
214033,214235,214688,202,453,1,7200,1.44591611479
214138,214144,217228,6,3084,2,7200,1.00194552529
214168,214174,216976,6,2802,2,7200,1.00214132762
214214,214221,217206,7,2985,2,7200,1.00234505863
214215,214228,217239,13,3011,2,7200,1.00431750249
214331,214337,214846,6,509,1,7200,1.01178781925
214400,214406,217491,6,3085,2,7200,1.00194489465
214411,214417,214787,6,370,1,7200,1.01621621622
214488,214495,215110,7,615,1,7200,1.01138211382
214545,214701,215318,156,617,1,7200,1.2528363047
214575,214581,217522,6,2941,2,7200,1.00204012241
214615,214621,217416,6,2795,2,7200,1.00214669052
214639,216843,288992,2204,72149,4,72120,1.03054789394
214705,214711,217644,6,2933,2,7200,1.00204568701
214768,214799,215308,31,509,1,7200,1.06090373281
214796,214805,218061,9,3256,2,7200,1.00276412776
214811,214817,217908,6,3091,2,7200,1.00194111938
214815,214858,215333,43,475,1,7200,1.09052631579
214886,215121,215412,235,291,1,7200,1.80756013746
214928,214935,218284,7,3349,2,7200,1.00209017617
214952,214959,218058,7,3099,2,7200,1.00225879316
215152,215158,218251,6,3093,2,7200,1.00193986421
215269,215276,218104,7,2828,2,7200,1.00247524752
215353,215359,216018,6,659,1,7200,1.0091047041
215952,215959,216831,7,872,1,43200,1.00802752294
216300,216307,219406,7,3099,2,7200,1.00225879316
216302,216455,219389,153,2934,2,7200,1.05214723926
216447,216727,219851,280,3124,2,7200,1.08962868118
216717,216929,224518,212,7589,4,14400,1.02793516932
216718,216899,219553,181,2654,2,7200,1.06819894499
216723,243331,279665,26608,36334,32,43200,1.73231683822
216890,216987,219957,97,2970,2,7200,1.03265993266
216977,217042,220120,65,3078,2,7200,1.02111760884
217032,217240,220155,208,2915,2,7200,1.07135506003
217065,217217,232356,152,15139,1,18000,1.01004029328
217207,217223,220304,16,3081,2,7200,1.00519311912
217231,217251,220273,20,3022,2,7200,1.00661813369
217246,217427,220217,181,2790,2,7200,1.06487455197
217418,217502,220402,84,2900,2,7200,1.02896551724
217491,298580,406619,81089,108039,16,108000,1.75055304103
217493,217534,220290,41,2756,2,7200,1.0148766328
217523,217655,220442,132,2787,2,7200,1.04736275565
217647,218069,220975,422,2906,2,7200,1.14521679284
217910,217919,220804,9,2885,2,7200,1.00311958406
218061,218075,220958,14,2883,2,7200,1.00485605272
218076,218115,221064,39,2949,2,7200,1.01322482197
218106,218295,221331,189,3036,2,7200,1.06225296443
218254,218262,221181,8,2919,2,7200,1.00274066461
218287,218967,222166,680,3199,2,7200,1.21256642701
218626,218632,219316,6,684,1,7200,1.00877192982
218933,218940,219290,7,350,1,36000,1.02
219010,219018,221463,8,2445,1,36000,1.00327198364
219105,220730,226618,1625,5888,2,36000,1.27598505435
219227,219303,219852,76,549,1,7200,1.13843351548
219391,219400,222259,9,2859,2,7200,1.00314795383
219409,219418,222476,9,3058,2,7200,1.00294310007
219419,219425,220102,6,677,1,7200,1.00886262925
219545,219869,220481,324,612,1,7200,1.52941176471
219557,219565,222639,8,3074,2,7200,1.00260247235
219762,220114,220579,352,465,1,7200,1.75698924731
219831,220366,223538,535,3172,4,72060,1.16866330391
219853,219863,222786,10,2923,2,7200,1.00342114266
219958,219968,222899,10,2931,2,7200,1.00341180484
220121,220131,223005,10,2874,2,7200,1.00347947112
220158,220166,223223,8,3057,2,7200,1.00261694472
220218,220228,223346,10,3118,2,7200,1.00320718409
220275,220284,223107,9,2823,2,7200,1.00318809777
220293,220302,223383,9,3081,2,7200,1.0029211295
220308,220315,223208,7,2893,2,7200,1.0024196336
220336,220493,221107,157,614,1,7200,1.25570032573
220405,220413,223352,8,2939,2,7200,1.00272201429
220444,220454,223510,10,3056,2,7200,1.00327225131
220807,220815,223616,8,2801,2,7200,1.00285612281
220961,220969,224047,8,3078,2,7200,1.00259909032
220976,220986,224064,10,3078,2,7200,1.0032488629
221066,221075,224022,9,2947,2,7200,1.00305395317
221184,221192,224223,8,3031,2,7200,1.00263939294
221335,221343,224394,8,3051,2,7200,1.00262209112
222168,222177,225153,9,2976,2,7200,1.00302419355
222262,222270,225361,8,3091,2,7200,1.00258815917
222476,222487,225650,11,3163,2,7200,1.00347771103
222642,222650,225334,8,2684,2,7200,1.00298062593
222789,222797,225853,8,3056,2,7200,1.00261780105
222901,222910,226054,9,3144,2,7200,1.00286259542
223007,223016,225903,9,2887,2,7200,1.00311742293
223111,223118,226147,7,3029,2,7200,1.00231099373
223211,223219,226229,8,3010,2,7200,1.00265780731
223226,223234,226161,8,2927,2,7200,1.0027331739
223348,223357,226300,9,2943,2,7200,1.00305810398
223363,223369,226193,6,2824,2,7200,1.00212464589
223384,223395,226348,11,2953,2,7200,1.0037250254
223511,223521,226585,10,3064,2,7200,1.00326370757
223525,224451,228446,926,3995,4,18480,1.23178973717
223568,224514,290542,946,66028,4,72060,1.0143272551
223578,223585,223587,7,2,1,3600,1.0
223579,228824,228827,5245,3,4,3600,524.8
223579,226630,226632,3051,2,2,3600,305.3
223579,228835,228836,5256,1,3,3600,525.7
223611,228853,228854,5242,1,3,3600,524.3
223611,228830,228831,5219,1,4,3600,522.0
223620,223627,226477,7,2850,2,7200,1.00245614035
223628,225431,290695,1803,65264,4,73020,1.02762625644
223951,223959,224075,8,116,1,7200,1.06896551724
224026,224033,227037,7,3004,2,7200,1.00233022636
224032,224086,224696,54,610,1,7200,1.08852459016
224047,224058,227062,11,3004,2,7200,1.00366178429
224065,224076,227051,11,2975,2,7200,1.00369747899
224125,224707,225317,582,610,1,7200,1.95409836066
224143,290707,363283,66564,72576,4,72540,1.91716269841
224225,224235,227359,10,3124,2,7200,1.00320102433
224259,225329,226560,1070,1231,1,7200,1.86921202275
224281,228241,242644,3960,14403,4,14400,1.27494272027
224380,298586,370783,74206,72197,4,72180,2.027826641
224396,224405,227682,9,3277,2,7200,1.0027464144
224970,226572,227119,1602,547,1,7200,3.92870201097
225154,225165,228250,11,3085,2,7200,1.00356564019
225165,319767,322308,94602,2541,1,360000,38.2302243211
225178,319773,322445,94595,2672,1,360000,36.4023203593
225195,322320,324716,97125,2396,1,360000,41.5363105175
225262,322458,324871,97196,2413,1,360000,41.2801491919
225335,225345,228374,10,3029,2,7200,1.00330141961
225362,225372,228342,10,2970,2,7200,1.00336700337
225652,225661,228726,9,3065,2,7200,1.00293637847
225740,228457,250081,2717,21624,4,21600,1.12564742878
225854,225864,228827,10,2963,2,7200,1.00337495781
225906,225914,228733,8,2819,2,7200,1.00283788578
226021,298591,370868,72570,72277,4,72240,2.00405384839
226057,226065,229185,8,3120,2,7200,1.00256410256
226151,226158,228987,7,2829,2,7200,1.00247437257
226165,226172,229089,7,2917,2,7200,1.00239972575
226195,226205,229100,10,2895,2,7200,1.00345423143
226232,226240,229410,8,3170,2,7200,1.00252365931
226301,226312,229567,11,3255,2,7200,1.00337941628
226349,226359,229494,10,3135,2,7200,1.00318979266
226473,228864,228920,2391,56,2,18000,43.6964285714
226479,226488,229492,9,3004,2,7200,1.00299600533
226588,226596,229536,8,2940,2,7200,1.00272108844
226607,226656,262670,49,36014,1,39600,1.001360582
226635,226661,227141,26,480,1,7200,1.05416666667
226728,227130,227444,402,314,1,7200,2.28025477707
227040,227050,230011,10,2961,2,7200,1.00337723742
227055,227062,230346,7,3284,2,7200,1.00213154689
227057,227073,229954,16,2881,2,7200,1.00555362721
227207,227213,227290,6,77,1,6600,1.07792207792
227304,227311,227831,7,520,1,7200,1.01346153846
227359,227455,227842,96,387,1,7200,1.2480620155
227362,227370,230296,8,2926,2,7200,1.002734108
227537,227842,228276,305,434,1,7200,1.70276497696
227618,227854,227919,236,65,1,7200,4.63076923077
227685,227693,230538,8,2845,2,7200,1.00281195079
227897,227931,228894,34,963,1,7200,1.03530633437
228131,228289,229829,158,1540,1,7200,1.1025974026
228215,228869,229864,654,995,2,18000,1.65728643216
228254,228261,231180,7,2919,2,7200,1.00239808153
228345,228353,231343,8,2990,2,7200,1.00267558528
228375,228386,231501,11,3115,2,7200,1.00353130016
228461,228819,229441,358,622,4,14880,1.57556270096
228503,228841,229259,338,418,1,7200,1.80861244019
228608,228875,228954,267,79,1,600,4.37974683544
228728,228737,231483,9,2746,2,7200,1.00327749454
228743,228749,231775,6,3026,2,7200,1.0019828156
228819,243336,279357,14517,36021,16,36000,1.40301490797
228824,228858,228861,34,3,2,3600,3.7
228827,228848,231917,21,3069,2,7200,1.00684261975
228845,243341,261200,14496,17859,16,36000,1.81169158408
228891,243347,261648,14456,18301,16,36000,1.78990219114
228920,261212,297238,32292,36026,16,36000,1.89635263421
228979,228986,229434,7,448,4,14880,1.015625
228980,228991,229404,11,413,4,14880,1.02663438257
228981,229003,229406,22,403,4,14880,1.05459057072
228990,228998,231936,8,2938,2,7200,1.00272294078
229091,229101,232126,10,3025,2,7200,1.00330578512
229104,229111,229374,7,263,1,7200,1.02661596958
229106,229117,232174,11,3057,2,7200,1.00359829899
229166,229173,229477,7,304,1,7200,1.02302631579
229188,229197,232132,9,2935,2,7200,1.00306643952
229213,229271,229748,58,477,1,7200,1.1215932914
229384,229390,229393,6,3,1,1800,1.0
229412,229422,232528,10,3106,2,7200,1.00321957502
229440,229447,239184,7,9737,4,14880,1.00071890726
229443,229453,229853,10,400,1,7200,1.025
229494,229503,232360,9,2857,2,7200,1.00315015751
229495,229510,232523,15,3013,2,7200,1.00497842682
229524,229531,229949,7,418,1,7200,1.01674641148
229538,229549,232581,11,3032,2,7200,1.00362796834
229556,229563,229607,7,44,4,18000,1.15909090909
229568,229578,232519,10,2941,2,7200,1.00340020401
229653,229660,230079,7,419,1,7200,1.01670644391
229694,229701,231661,7,1960,10,14400,1.00357142857
229697,229708,230123,11,415,1,7200,1.0265060241
229777,229840,236650,63,6810,2,18000,1.00925110132
229893,229900,230116,7,216,1,7200,1.03240740741
229957,229965,232989,8,3024,2,7200,1.00264550265
230012,230022,233048,10,3026,2,7200,1.00330469266
230298,230308,233287,10,2979,2,7200,1.00335683115
230350,230357,233378,7,3021,2,7200,1.00231711354
230530,230537,230539,7,2,1,14400,1.0
230540,230550,233612,10,3062,2,7200,1.00326583932
230603,230610,230612,7,2,1,14400,1.0
230629,230636,231027,7,391,1,7200,1.0179028133
230690,230696,235399,6,4703,1,14400,1.00127578142
231108,231115,267149,7,36034,1,39600,1.00019426098
231183,231191,234193,8,3002,2,7200,1.00266489007
231347,231354,234326,7,2972,2,7200,1.00235531629
231486,231495,234579,9,3084,2,7200,1.00291828794
231504,231513,234385,9,2872,2,7200,1.00313370474
231631,231638,231961,7,323,1,1800,1.02167182663
231677,231683,232018,6,335,1,7200,1.01791044776
231778,231787,234853,9,3066,2,7200,1.00293542074
231843,243308,243315,11465,7,64,4500,1147.2
231882,231889,232600,7,711,1,3600,1.00984528833
231920,231928,235147,8,3219,2,7200,1.00248524386
231938,231947,234847,9,2900,2,7200,1.00310344828
232128,232137,235036,9,2899,2,7200,1.0031045188
232143,232149,235213,6,3064,2,7200,1.00195822454
232177,232185,235374,8,3189,2,7200,1.00250862339
232190,232198,232262,8,64,1,7200,1.125
232297,232304,233877,7,1573,1,5420,1.00445009536
232361,232376,235175,15,2799,2,7200,1.00535905681
232363,232369,236025,6,3656,4,3600,1.00164113786
232377,232384,232689,7,305,2,9000,1.02295081967
232377,232389,232689,12,300,2,9000,1.04
232388,232401,232689,13,288,2,9000,1.04513888889
232388,232395,232689,7,294,2,9000,1.02380952381
232399,232538,232689,139,151,2,9000,1.92052980132
232400,232613,232689,213,76,2,9000,3.80263157895
232520,232530,235430,10,2900,2,7200,1.00344827586
232536,232544,235704,8,3160,2,7200,1.00253164557
232537,232592,235374,55,2782,2,7200,1.01976994968
232582,232701,235633,119,2932,2,7200,1.04058663029
232650,232706,232920,56,214,1,3600,1.26168224299
232799,232805,234974,6,2169,2,9000,1.00276625173
232799,232811,234876,12,2065,2,9000,1.00581113801
232810,232817,234997,7,2180,2,9000,1.00321100917
232811,232823,235020,12,2197,2,9000,1.00546199363
232821,232931,235074,110,2143,2,9000,1.05132991134
232822,234865,236937,2043,2072,2,9000,1.986003861
232934,234888,236995,1954,2107,2,9000,1.92738490745
232990,233000,235988,10,2988,2,7200,1.00334672021
233050,233059,236077,9,3018,2,7200,1.00298210736
233237,233887,234222,650,335,1,7200,2.94029850746
233288,233298,236429,10,3131,2,7200,1.00319386777
233379,233389,236429,10,3040,2,7200,1.00328947368
233439,235536,236021,2097,485,8,1800,5.32371134021
233444,235541,235922,2097,381,8,1800,6.50393700787
233450,234647,235083,1197,436,16,1800,3.74541284404
233455,235095,235524,1640,429,16,1800,4.82284382284
233614,233623,236608,9,2985,2,7200,1.00301507538
234192,234234,234303,42,69,1,180,1.60869565217
234194,234204,237114,10,2910,2,7200,1.00343642612
234330,234338,237277,8,2939,2,7200,1.00272201429
234359,234365,234768,6,403,1,7200,1.01488833747
234387,234396,237459,9,3063,2,7200,1.00293829579
234580,234590,237651,10,3061,2,7200,1.00326690624
234848,234858,237856,10,2998,2,7200,1.00333555704
234863,235158,237951,295,2793,2,7200,1.10562119585
234901,234986,236611,85,1625,2,9000,1.05230769231
234984,235010,236631,26,1621,2,9000,1.0160394818
235015,235032,236694,17,1662,2,9000,1.01022864019
235036,235086,236726,50,1640,2,9000,1.03048780488
235038,235048,238109,10,3061,2,7200,1.00326690624
235087,235411,237052,324,1641,2,9000,1.19744058501
235148,235187,238170,39,2983,2,7200,1.01307408649
235179,235224,237949,45,2725,2,7200,1.01651376147
235212,235385,238447,173,3062,2,7200,1.05649902025
235375,235391,238266,16,2875,2,7200,1.00556521739
235377,235441,238560,64,3119,2,7200,1.02051939724
235415,235899,237490,484,1591,2,9000,1.30421118793
235431,235716,238598,285,2882,2,7200,1.09888965996
235636,235645,238598,9,2953,2,7200,1.00304774805
235705,236000,238826,295,2826,2,7200,1.10438782732
235896,235934,237563,38,1629,2,9000,1.0233271946
235937,235944,237571,7,1627,2,9000,1.00430239705
235948,235954,237599,6,1645,2,9000,1.00364741641
235959,235965,237600,6,1635,2,9000,1.00366972477
235969,236035,237672,66,1637,2,9000,1.04031765425
235992,236088,239125,96,3037,2,7200,1.03161014159
236027,236042,239783,15,3741,4,3600,1.0040096231
236031,236047,237706,16,1659,2,9000,1.00964436407
236052,236059,237664,7,1605,2,9000,1.00436137072
236063,236069,237687,6,1618,2,9000,1.00370828183
236073,236627,238239,554,1612,2,9000,1.34367245658
236079,236441,239427,362,2986,2,7200,1.12123241795
236430,236447,239458,17,3011,2,7200,1.0056459648
236432,236620,239494,188,2874,2,7200,1.06541405706
236611,236948,240190,337,3242,2,7200,1.10394818014
236626,236662,238275,36,1613,2,9000,1.02231866088
236667,236707,238318,40,1611,2,9000,1.02482929857
236709,236739,238342,30,1603,2,9000,1.01871490954
236740,236954,238595,214,1641,2,9000,1.13040828763
236946,237007,238597,61,1590,2,9000,1.03836477987
236956,237064,238690,108,1626,2,9000,1.06642066421
237008,237502,239112,494,1610,2,9000,1.30683229814
237060,237575,239213,515,1638,2,9000,1.31440781441
237118,237125,240193,7,3068,2,7200,1.00228161669
237267,241580,241957,4313,377,8,1800,12.4403183024
237272,241969,242360,4697,391,8,1800,13.0127877238
237276,241403,241822,4127,419,16,1800,10.8496420048
237277,237288,240348,11,3060,2,7200,1.00359477124
237281,241835,242364,4554,529,16,1800,9.60869565217
237461,237471,240661,10,3190,2,7200,1.00313479624
237500,237584,239237,84,1653,2,9000,1.05081669691
237572,237611,239309,39,1698,2,9000,1.02296819788
237582,237618,239271,36,1653,2,9000,1.02177858439
237614,237684,239324,70,1640,2,9000,1.04268292683
237614,237675,239335,61,1660,2,9000,1.03674698795
237655,237663,240651,8,2988,2,7200,1.00267737617
237676,237699,239290,23,1591,2,9000,1.01445631678
237687,237719,239357,32,1638,2,9000,1.01953601954
237697,237968,239591,271,1623,2,9000,1.16697473814
237718,238251,239868,533,1617,2,9000,1.32962275819
237860,237868,240859,8,2991,2,7200,1.00267469074
237950,237960,240820,10,2860,2,7200,1.0034965035
237964,238286,239919,322,1633,2,9000,1.19718309859
237965,238120,241187,155,3067,2,7200,1.050537985
238007,238014,238017,7,3,1,3000,1.0
238110,238181,241219,71,3038,2,7200,1.02337063858
238173,238459,241543,286,3084,2,7200,1.09273670558
238270,238277,241307,7,3030,2,7200,1.00231023102
238292,238330,239990,38,1660,2,9000,1.02289156627
238333,238354,240040,21,1686,2,9000,1.01245551601
238354,238608,240229,254,1621,2,9000,1.15669339914
238450,238571,241622,121,3051,2,7200,1.03965912815
238562,238615,241914,53,3299,2,7200,1.01606547439
238602,238620,241563,18,2943,2,7200,1.00611620795
238603,238837,242001,234,3164,2,7200,1.07395701643
238621,238628,240278,7,1650,2,9000,1.00424242424
238631,238701,240344,70,1643,2,9000,1.04260499087
238703,239124,240763,421,1639,2,9000,1.25686394143
238827,239136,241962,309,2826,2,7200,1.1093418259
239123,239196,240870,73,1674,2,9000,1.04360812425
239129,239440,242305,311,2865,2,7200,1.10855148342
239135,298629,304804,59494,6175,1,86400,10.6346558704
239195,239203,240852,8,1649,2,9000,1.00485142511
239205,239225,240811,20,1586,2,9000,1.01261034048
239226,239249,240852,23,1603,2,9000,1.01434809732
239247,239284,240888,37,1604,2,9000,1.02306733167
239289,239302,240920,13,1618,2,9000,1.00803461063
239299,239321,240967,22,1646,2,9000,1.01336573512
239320,239336,240985,16,1649,2,9000,1.00970285021
239341,239348,241006,7,1658,2,9000,1.00422195416
239352,239369,241024,17,1655,2,9000,1.01027190332
239373,239793,241524,420,1731,2,9000,1.24263431542
239434,239469,242492,35,3023,2,7200,1.01157790275
239461,239506,242481,45,2975,2,7200,1.01512605042
239498,239603,242675,105,3072,2,7200,1.0341796875
239609,239799,241410,190,1611,2,9000,1.11793916822
239793,239879,241481,86,1602,2,9000,1.05368289638
239875,239932,241563,57,1631,2,9000,1.03494788473
239927,240002,241624,75,1622,2,9000,1.04623921085
239999,240053,241699,54,1646,2,9000,1.03280680437
240051,240209,241864,158,1655,2,9000,1.09546827795
240192,240202,243260,10,3058,2,7200,1.00327011118
240205,240241,241911,36,1670,2,9000,1.02155688623
240207,240361,243326,154,2965,2,7200,1.05193929174
240287,240294,241967,7,1673,2,9000,1.00418410042
240349,240355,242004,6,1649,2,9000,1.00363856883
240351,240673,243848,322,3175,2,7200,1.10141732283
240653,240662,243749,9,3087,2,7200,1.0029154519
240666,240776,242391,110,1615,2,9000,1.06811145511
240668,240833,243638,165,2805,2,7200,1.05882352941
240820,240827,242470,7,1643,2,9000,1.00426049909
240822,240870,243724,48,2854,2,7200,1.01681850035
240861,241198,244253,337,3055,2,7200,1.11031096563
240872,240878,242510,6,1632,2,9000,1.00367647059
240883,240890,242584,7,1694,2,9000,1.0041322314
240893,240900,242546,7,1646,2,9000,1.0042527339
240904,240911,242564,7,1653,2,9000,1.00423472474
240925,240932,242602,7,1670,2,9000,1.00419161677
240977,240984,242632,7,1648,2,9000,1.00424757282
240987,240997,242682,10,1685,2,9000,1.0059347181
241008,241018,242664,10,1646,2,9000,1.00607533414
241029,241035,242656,6,1621,2,9000,1.00370141888
241189,241230,244327,41,3097,2,7200,1.01323861802
241223,241319,244259,96,2940,2,7200,1.03265306122
241310,241555,244515,245,2960,2,7200,1.08277027027
241418,242668,244346,1250,1678,2,9000,1.74493444577
241545,241574,244694,29,3120,2,7200,1.00929487179
241566,241634,244744,68,3110,2,7200,1.02186495177
241623,241875,244908,252,3033,2,7200,1.08308605341
241879,243313,244955,1434,1642,2,9000,1.87332521315
241916,241925,244899,9,2974,2,7200,1.0030262273
241964,241975,244876,11,2901,2,7200,1.00379179593
242003,242012,244775,9,2763,2,7200,1.00325732899
242280,242287,242668,7,381,1,7200,1.01837270341
242305,242316,245510,11,3194,2,7200,1.00344395742
242313,243324,248612,1011,5288,2,18000,1.19118759455
242483,242492,245631,9,3139,2,7200,1.00286715514
242498,242504,245599,6,3095,2,7200,1.00193861066
242667,243318,244963,651,1645,2,9000,1.39574468085
242676,242686,245764,10,3078,2,7200,1.0032488629
243261,243271,246187,10,2916,2,7200,1.00342935528
243312,243352,244929,40,1577,2,9000,1.02536461636
243323,243357,245003,34,1646,2,9000,1.02065613609
243328,243364,246318,36,2954,2,7200,1.01218686527
243357,244272,245923,915,1651,2,9000,1.55420956996
243360,244359,245981,999,1622,2,9000,1.61590628853
243638,243649,246705,11,3056,2,7200,1.00359947644
243726,243736,246654,10,2918,2,7200,1.0034270048
243750,243760,246689,10,2929,2,7200,1.00341413452
243850,243860,246699,10,2839,2,7200,1.00352236703
244254,244264,247186,10,2922,2,7200,1.00342231348
244268,244940,246564,672,1624,2,9000,1.41379310345
244269,244338,247197,69,2859,2,7200,1.0241343127
244329,244526,247294,197,2768,2,7200,1.07117052023
244516,244705,247764,189,3059,2,7200,1.06178489703
244697,244755,247643,58,2888,2,7200,1.02008310249
244745,244786,247698,41,2912,2,7200,1.01407967033
244778,244887,247709,109,2822,2,7200,1.03862508859
244878,244920,248053,42,3133,2,7200,1.01340568146
244902,244910,247895,8,2985,2,7200,1.002680067
244917,245522,248400,605,2878,2,7200,1.21021542738
244943,244967,246604,24,1637,2,9000,1.01466096518
244964,244975,246592,11,1617,2,9000,1.00680272109
244975,245015,246641,40,1626,2,9000,1.024600246
245016,245992,247586,976,1594,2,9000,1.61229611041
245512,245642,248708,130,3066,2,7200,1.04240052185
245602,245610,248596,8,2986,2,7200,1.00267916946
245632,245775,248691,143,2916,2,7200,1.04903978052
245765,245934,248785,169,2851,2,7200,1.05927744651
245799,253134,253135,7335,1,2,3540,733.6
245936,246576,248204,640,1628,2,9000,1.39312039312
245984,258019,260233,12035,2214,2,18000,6.43586269196
245988,246604,248222,616,1618,2,9000,1.38071693449
246191,246198,249006,7,2808,2,7200,1.00249287749
246320,246329,249410,9,3081,2,7200,1.0029211295
246571,246616,248239,45,1623,2,9000,1.02772643253
246602,246653,248273,51,1620,2,9000,1.03148148148
246613,246711,248353,98,1642,2,9000,1.05968331303
246654,247598,249237,944,1639,2,9000,1.5759609518
246656,246665,249642,9,2977,2,7200,1.0030231777
246692,246700,249805,8,3105,2,7200,1.00257648953
246707,246734,249710,27,2976,2,7200,1.00907258065
246708,247198,250334,490,3136,2,7200,1.15625
247188,247209,249908,21,2699,2,7200,1.0077806595
247203,247305,250199,102,2894,2,7200,1.03524533518
247297,247720,250634,423,2914,2,7200,1.14516129032
247603,248216,249849,613,1633,2,9000,1.37538273117
247647,247655,250561,8,2906,2,7200,1.00275292498
247701,247709,250709,8,3000,2,7200,1.00266666667
247715,247775,250926,60,3151,2,7200,1.0190415741
247767,247906,250837,139,2931,2,7200,1.04742408734
247896,248064,251126,168,3062,2,7200,1.05486610059
248056,248364,251455,308,3091,2,7200,1.09964412811
248217,248234,249841,17,1607,2,9000,1.01057871811
248238,248251,249901,13,1650,2,9000,1.00787878788
248248,248286,249907,38,1621,2,9000,1.02344231956
248290,248624,250256,334,1632,2,9000,1.20465686275
248362,249249,250856,887,1607,2,9000,1.55196017424
248403,248411,251393,8,2982,2,7200,1.00268276325
248599,248607,251508,8,2901,2,7200,1.00275766977
248628,249852,251469,1224,1617,2,9000,1.75695732839
248692,248702,251728,10,3026,2,7200,1.00330469266
248710,248719,251793,9,3074,2,7200,1.00292778139
248789,248797,251988,8,3191,2,7200,1.00250705108
249009,249017,252254,8,3237,2,7200,1.00247142416
249252,249861,251488,609,1627,2,9000,1.37430854333
249416,249422,252547,6,3125,2,7200,1.00192
249645,249653,252658,8,3005,2,7200,1.00266222962
249712,249721,252930,9,3209,2,7200,1.00280461203
249809,249816,252588,7,2772,2,7200,1.00252525253
249856,249912,251534,56,1622,2,9000,1.03452527744
249866,249919,251536,53,1617,2,9000,1.03277674706
249908,250094,251773,186,1679,2,9000,1.11078022633
249908,249925,252922,17,2997,2,7200,1.00567233901
249929,250099,251712,170,1613,2,9000,1.10539367638
250093,250267,251866,174,1599,2,9000,1.10881801126
250103,250868,252463,765,1595,2,9000,1.47962382445
250201,250210,253147,9,2937,2,7200,1.00306435138
250267,251481,253062,1214,1581,2,9000,1.7678684377
250337,250345,253427,8,3082,2,7200,1.00259571707
250563,250573,253446,10,2873,2,7200,1.00348068221
250576,261232,261525,10656,293,16,1800,37.3686006826
250635,250645,253722,10,3077,2,7200,1.00324991875
250642,261537,261593,10895,56,16,1800,195.553571429
250711,250720,253643,9,2923,2,7200,1.0030790284
250841,250849,253779,8,2930,2,7200,1.00273037543
250871,251501,253123,630,1622,2,9000,1.38840937115
250928,250937,253678,9,2741,2,7200,1.00328347318
251127,251137,253861,10,2724,2,7200,1.00367107195
251396,251404,254346,8,2942,2,7200,1.00271923861
251456,251467,254486,11,3019,2,7200,1.00364359059
251487,251545,253115,58,1570,2,9000,1.03694267516
251497,251552,253117,55,1565,2,9000,1.03514376997
251510,251519,254475,9,2956,2,7200,1.00304465494
251549,251786,253422,237,1636,2,9000,1.14486552567
251549,251723,253305,174,1582,2,9000,1.10998735777
251724,251878,253474,154,1596,2,9000,1.09649122807
251731,251740,254540,9,2800,2,7200,1.00321428571
251785,252474,254060,689,1586,2,9000,1.43442622951
251794,251804,254780,10,2976,2,7200,1.00336021505
251878,252941,254561,1063,1620,2,9000,1.65617283951
251990,251999,255060,9,3061,2,7200,1.00294021562
252246,261605,261634,9359,29,16,1800,323.724137931
252256,252265,255302,9,3037,2,7200,1.00296345077
252270,261645,261673,9375,28,16,1800,335.821428571
252474,253074,254693,600,1619,2,9000,1.37059913527
252548,252558,255657,10,3099,2,7200,1.00322684737
252590,252600,255667,10,3067,2,7200,1.00326051516
252660,252669,255579,9,2910,2,7200,1.00309278351
252925,252933,256086,8,3153,2,7200,1.0025372661
252940,253158,256364,218,3206,2,7200,1.06799750468
253078,253127,254730,49,1603,2,9000,1.03056768559
253129,253141,254769,12,1628,2,9000,1.00737100737
253140,253147,254769,7,1622,2,9000,1.00431565968
253148,253441,256463,293,3022,2,7200,1.0969556585
253161,253317,254918,156,1601,2,9000,1.09743910056
253314,253435,255028,121,1593,2,9000,1.07595731325
253426,253457,256464,31,3007,2,7200,1.01030927835
253437,253486,255117,49,1631,2,9000,1.03004291845
253447,253689,256747,242,3058,2,7200,1.07913669065
253489,254071,255682,582,1611,2,9000,1.36126629423
253646,253655,256727,9,3072,2,7200,1.0029296875
253679,253733,256936,54,3203,2,7200,1.01685919451
253724,253790,256703,66,2913,2,7200,1.02265705458
253781,253872,256953,91,3081,2,7200,1.02953586498
253863,254357,257496,494,3139,2,7200,1.15737496018
254072,254705,256341,633,1636,2,9000,1.3869193154
254349,254497,257569,148,3072,2,7200,1.04817708333
254475,254486,257602,11,3116,2,7200,1.00353016688
254490,254551,257554,61,3003,2,7200,1.02031302031
254541,254572,257580,31,3008,2,7200,1.01030585106
254573,254742,256357,169,1615,2,9000,1.10464396285
254706,254780,256411,74,1631,2,9000,1.04537093807
254737,254786,256422,49,1636,2,9000,1.02995110024
254779,254929,256545,150,1616,2,9000,1.09282178218
254782,254792,257681,10,2889,2,7200,1.00346140533
254789,255040,256639,251,1599,2,9000,1.15697310819
254933,255129,256684,196,1555,2,9000,1.12604501608
255036,255679,257228,643,1549,2,9000,1.41510652034
255060,255071,257978,11,2907,2,7200,1.00378396973
255133,255693,257299,560,1606,2,9000,1.34869240349
255304,255313,258253,9,2940,2,7200,1.00306122449
255582,255590,258431,8,2841,2,7200,1.00281590989
255660,255668,258728,8,3060,2,7200,1.00261437908
255675,256097,259075,422,2978,2,7200,1.14170584285
255699,256353,257963,654,1610,2,9000,1.40621118012
256089,256375,259605,286,3230,2,7200,1.08854489164
256353,256369,258000,16,1631,2,9000,1.00980993256
256366,256474,259260,108,2786,2,7200,1.03876525485
256374,256422,258051,48,1629,2,9000,1.02946593002
256425,256435,258007,10,1572,2,9000,1.00636132316
256436,256558,258143,122,1585,2,9000,1.07697160883
256466,256481,259540,15,3059,2,7200,1.00490356326
256467,256715,259684,248,2969,2,7200,1.08352980802
256559,256650,258269,91,1619,2,9000,1.05620753552
256652,256696,258281,44,1585,2,9000,1.02776025237
256693,257312,258917,619,1605,2,9000,1.38566978193
256705,256738,259858,33,3120,2,7200,1.01057692308
256729,256758,259837,29,3079,2,7200,1.00941864242
256748,256947,259724,199,2777,2,7200,1.07166006482
256938,256964,259883,26,2919,2,7200,1.00890715999
256956,257239,260448,283,3209,2,7200,1.08818946712
257235,257592,259186,357,1594,2,9000,1.22396486826
257307,257975,259585,668,1610,2,9000,1.4149068323
257496,257507,260698,11,3191,2,7200,1.00344719524
257557,257565,260604,8,3039,2,7200,1.00263244488
257572,257580,260614,8,3034,2,7200,1.00263678312
257587,257613,260629,26,3016,2,7200,1.00862068966
257605,257692,260635,87,2943,2,7200,1.02956167176
257683,257990,261054,307,3064,2,7200,1.10019582245
257972,258012,259596,40,1584,2,9000,1.02525252525
257979,258264,261312,285,3048,2,7200,1.09350393701
258014,258063,259664,49,1601,2,9000,1.03060587133
258065,258154,259752,89,1598,2,9000,1.05569461827
258158,258281,259923,123,1642,2,9000,1.07490864799
258255,258442,261233,187,2791,2,7200,1.06700107488
258281,258294,259956,13,1662,2,9000,1.00782190132
258291,258928,260587,637,1659,2,9000,1.38396624473
258433,258739,261971,306,3232,2,7200,1.09467821782
258729,259086,261974,357,2888,2,7200,1.12361495845
258926,259596,261212,670,1616,2,9000,1.4146039604
259077,259197,262243,120,3046,2,7200,1.03939592909
259202,259607,261228,405,1621,2,9000,1.24984577421
259262,259271,262125,9,2854,2,7200,1.00315346882
259543,259552,262567,9,3015,2,7200,1.00298507463
259601,259675,261312,74,1637,2,9000,1.04520464264
259606,259617,262515,11,2898,2,7200,1.00379572119
259622,259764,261423,142,1659,2,9000,1.08559373116
259674,259934,261572,260,1638,2,9000,1.15873015873
259688,259695,262844,7,3149,2,7200,1.00222292791
259727,259735,262631,8,2896,2,7200,1.00276243094
259766,259967,261510,201,1543,2,9000,1.13026571614
259838,259848,262800,10,2952,2,7200,1.00338753388
259859,259869,262768,10,2899,2,7200,1.00344946533
259887,259894,262910,7,3016,2,7200,1.00232095491
259930,260245,261890,315,1645,2,9000,1.1914893617
259971,260600,262217,629,1617,2,9000,1.38899196042
260248,260625,262284,377,1659,2,9000,1.22724532851
260450,260460,263464,10,3004,2,7200,1.00332889481
260595,261225,262830,630,1605,2,9000,1.39252336449
260607,260616,263551,9,2935,2,7200,1.00306643952
260622,260640,263676,18,3036,2,7200,1.00592885375
260637,260647,263785,10,3138,2,7200,1.00318674315
260637,261237,262891,600,1654,2,9000,1.36275695284
260638,260709,263684,71,2975,2,7200,1.02386554622
260701,261065,263908,364,2843,2,7200,1.12803376715
261055,261323,264286,268,2963,2,7200,1.09044886939
261234,261244,264004,10,2760,2,7200,1.00362318841
261240,261250,262859,10,1609,2,9000,1.0062150404
261251,261258,262872,7,1614,2,9000,1.00433705081
261261,261329,262945,68,1616,2,9000,1.04207920792
261313,261982,265086,669,3104,2,7200,1.21552835052
261333,261435,263046,102,1611,2,9000,1.06331471136
261436,261521,263136,85,1615,2,9000,1.05263157895
261518,261584,263199,66,1615,2,9000,1.04086687307
261580,261659,263262,79,1603,2,9000,1.04928259513
261662,261669,263215,7,1546,2,9000,1.00452781371
261673,261679,263296,6,1617,2,9000,1.00371057514
261683,261691,263316,8,1625,2,9000,1.00492307692
261694,261701,263329,7,1628,2,9000,1.0042997543
261705,261712,263301,7,1589,2,9000,1.00440528634
261716,261723,263329,7,1606,2,9000,1.00435865504
261726,261732,263346,6,1614,2,9000,1.00371747212
261737,261744,263366,7,1622,2,9000,1.00431565968
261747,261754,263359,7,1605,2,9000,1.00436137072
261891,261897,263537,6,1640,2,9000,1.00365853659
261972,261989,265057,17,3068,2,7200,1.0055410691
261984,261995,263604,11,1609,2,9000,1.00683654444
261987,262254,265159,267,2905,2,7200,1.09191049914
262126,262136,265249,10,3113,2,7200,1.00321233537
262244,262295,265335,51,3040,2,7200,1.01677631579
262291,262301,263929,10,1628,2,9000,1.00614250614
262301,262309,263913,8,1604,2,9000,1.00498753117
262312,262318,263921,6,1603,2,9000,1.00374298191
262323,262330,263933,7,1603,2,9000,1.00436681223
262334,262340,263952,6,1612,2,9000,1.00372208437
262344,262350,263957,6,1607,2,9000,1.00373366521
262355,262362,264009,7,1647,2,9000,1.00425015179
262366,262373,264004,7,1631,2,9000,1.00429184549
262376,262382,263999,6,1617,2,9000,1.00371057514
262387,262393,263985,6,1592,2,9000,1.00376884422
262398,262404,264000,6,1596,2,9000,1.0037593985
262408,262415,264004,7,1589,2,9000,1.00440528634
262419,262426,264016,7,1590,2,9000,1.00440251572
262430,262436,264049,6,1613,2,9000,1.00371977681
262440,262683,264283,243,1600,2,9000,1.151875
262517,262527,265634,10,3107,2,7200,1.00321853878
262568,262578,265727,10,3149,2,7200,1.00317561131
262635,262644,265531,9,2887,2,7200,1.00311742293
262687,262842,264471,155,1629,2,9000,1.09515039902
262771,262780,265754,9,2974,2,7200,1.0030262273
262801,262811,265827,10,3016,2,7200,1.00331564987
262841,262872,264522,31,1650,2,9000,1.01878787879
262847,262856,265791,9,2935,2,7200,1.00306643952
262872,262884,264483,12,1599,2,9000,1.00750469043
262882,262903,264528,21,1625,2,9000,1.01292307692
262903,262957,264550,54,1593,2,9000,1.03389830508
262911,262921,265956,10,3035,2,7200,1.00329489292
262956,263058,264655,102,1597,2,9000,1.06386975579
263059,263148,264740,89,1592,2,9000,1.05590452261
263152,263210,264832,58,1622,2,9000,1.03575832306
263214,263227,264835,13,1608,2,9000,1.00808457711
263224,263274,264901,50,1627,2,9000,1.0307314075
263276,263308,264921,32,1613,2,9000,1.01983880967
263307,263315,264922,8,1607,2,9000,1.00497822029
263318,263329,264945,11,1616,2,9000,1.00680693069
263329,263340,264932,11,1592,2,9000,1.00690954774
263339,263346,264938,7,1592,2,9000,1.00439698492
263350,263358,264933,8,1575,2,9000,1.00507936508
263354,263371,265033,17,1662,2,9000,1.01022864019
263375,263381,264992,6,1611,2,9000,1.00372439479
263385,263549,265108,164,1559,2,9000,1.10519563823
263466,263475,266518,9,3043,2,7200,1.00295760762
263549,263616,265143,67,1527,2,9000,1.04387688278
263550,263562,266617,12,3055,2,7200,1.00392798691
263611,263696,265237,85,1541,2,9000,1.05515898767
263677,263687,266746,10,3059,2,7200,1.00326904217
263692,263797,266851,105,3054,2,7200,1.03438113949
263788,263919,266938,131,3019,2,7200,1.04339185161
263909,264015,266840,106,2825,2,7200,1.03752212389
264006,264301,267250,295,2949,2,7200,1.1000339098
264289,264295,265948,6,1653,2,9000,1.00362976407
264290,265097,268165,807,3068,2,7200,1.26303780965
264484,264490,266043,6,1553,2,9000,1.00386349002
264525,264531,266088,6,1557,2,9000,1.00385356455
264536,264542,266069,6,1527,2,9000,1.00392927308
264557,264563,266106,6,1543,2,9000,1.00388852884
264660,264666,266233,6,1567,2,9000,1.00382897256
264742,264749,266316,7,1567,2,9000,1.00446713465
264834,264841,266418,7,1577,2,9000,1.00443880786
264845,264851,266436,6,1585,2,9000,1.00378548896
264907,264914,266529,7,1615,2,9000,1.00433436533
264928,264935,266572,7,1637,2,9000,1.00427611484
264939,264945,266600,6,1655,2,9000,1.00362537764
264949,264955,266536,6,1581,2,9000,1.00379506641
264960,264966,266488,6,1522,2,9000,1.00394218134
264971,264978,266499,7,1521,2,9000,1.00460223537
264982,264988,266527,6,1539,2,9000,1.00389863548
265002,265010,266559,8,1549,2,9000,1.00516462234
265034,265040,266607,6,1567,2,9000,1.00382897256
265059,265069,267931,10,2862,2,7200,1.0034940601
265089,265249,268156,160,2907,2,7200,1.05503955968
265116,265123,266694,7,1571,2,9000,1.00445576066
265147,265153,266740,6,1587,2,9000,1.00378071834
265162,265171,268166,9,2995,2,7200,1.00300500835
265239,265255,266847,16,1592,2,9000,1.01005025126
265250,265267,266872,17,1605,2,9000,1.01059190031
265252,265261,268336,9,3075,2,7200,1.00292682927
265271,265277,266944,6,1667,2,9000,1.00359928014
265282,265289,266940,7,1651,2,9000,1.00423985463
265292,265300,266941,8,1641,2,9000,1.00487507617
265303,265309,266840,6,1531,2,9000,1.00391900718
265336,265343,266874,7,1531,2,9000,1.00457217505
265347,265353,266882,6,1529,2,9000,1.00392413342
265357,265364,266904,7,1540,2,9000,1.00454545455
265368,265374,266908,6,1534,2,9000,1.00391134289
265379,265385,266927,6,1542,2,9000,1.00389105058
265390,265397,266985,7,1588,2,9000,1.00440806045
265400,265406,266975,6,1569,2,9000,1.00382409178
265411,265418,267020,7,1602,2,9000,1.00436953808
265422,265428,267078,6,1650,2,9000,1.00363636364
265432,265439,267079,7,1640,2,9000,1.00426829268
265443,265450,267120,7,1670,2,9000,1.00419161677
265454,265460,267008,6,1548,2,9000,1.00387596899
265464,265472,267030,8,1558,2,9000,1.00513478819
265475,265481,267001,6,1520,2,9000,1.00394736842
265486,265494,267005,8,1511,2,9000,1.00529450695
265496,265503,267037,7,1534,2,9000,1.00456323338
265507,265514,267070,7,1556,2,9000,1.00449871465
265518,265525,267076,7,1551,2,9000,1.00451321728
265529,265960,267550,431,1590,2,9000,1.27106918239
265534,265542,268460,8,2918,2,7200,1.00274160384
265636,265645,268491,9,2846,2,7200,1.0031623331
265730,265739,268637,9,2898,2,7200,1.00310559006
265757,265765,269100,8,3335,2,7200,1.0023988006
265793,265802,268694,9,2892,2,7200,1.0031120332
265829,265839,268843,10,3004,2,7200,1.00332889481
265959,266055,267673,96,1618,2,9000,1.05933250927
265959,265968,269210,9,3242,2,7200,1.00277606416
266051,266081,267593,30,1512,2,9000,1.01984126984
266083,266100,267613,17,1513,2,9000,1.01123595506
266104,266118,267639,14,1521,2,9000,1.00920447074
266114,266245,267789,131,1544,2,9000,1.08484455959
266248,266328,267910,80,1582,2,9000,1.05056890013
266330,266431,268003,101,1572,2,9000,1.06424936387
266433,266447,268092,14,1645,2,9000,1.0085106383
266444,266500,268158,56,1658,2,9000,1.03377563329
266496,266511,268138,15,1627,2,9000,1.00921942225
266506,266539,268156,33,1617,2,9000,1.02040816327
266520,266529,269743,9,3214,2,7200,1.00280024891
266537,266546,268045,9,1499,2,9000,1.00600400267
266548,266554,268106,6,1552,2,9000,1.00386597938
266559,266571,268097,12,1526,2,9000,1.00786369594
266570,266585,268149,15,1564,2,9000,1.00959079284
266580,266611,268172,31,1561,2,9000,1.0198590647
266611,266618,268194,7,1576,2,9000,1.00444162437
266620,266628,269653,8,3025,2,7200,1.0026446281
266633,266706,268359,73,1653,2,9000,1.04416212946
266705,266752,268415,47,1663,2,9000,1.02826217679
266746,266758,269696,12,2938,2,7200,1.00408441116
266756,266857,268514,101,1657,2,9000,1.06095353048
266843,266851,269800,8,2949,2,7200,1.00271278399
266858,266863,269828,5,2965,2,7200,1.00168634064
266859,266871,268357,12,1486,2,9000,1.00807537012
266870,266884,268396,14,1512,2,9000,1.00925925926
266880,266891,268396,11,1505,2,9000,1.0073089701
266891,266897,268431,6,1534,2,9000,1.00391134289
266902,266916,268456,14,1540,2,9000,1.00909090909
266913,266923,268463,10,1540,2,9000,1.00649350649
266923,266939,268577,16,1638,2,9000,1.00976800977
266934,266957,268604,23,1647,2,9000,1.01396478446
266939,266949,269915,10,2966,2,7200,1.00337154417
266955,266964,268625,9,1661,2,9000,1.00541842264
266966,266972,268612,6,1640,2,9000,1.00365853659
266976,266986,268633,10,1647,2,9000,1.00607164542
266987,266996,268491,9,1495,2,9000,1.00602006689
266998,267013,268537,15,1524,2,9000,1.00984251969
267019,267028,268530,9,1502,2,9000,1.00599201065
267029,267037,268581,8,1544,2,9000,1.00518134715
267040,267047,268569,7,1522,2,9000,1.00459921156
267051,267058,268698,7,1640,2,9000,1.00426829268
267062,267069,268720,7,1651,2,9000,1.00423985463
267072,267082,268741,10,1659,2,9000,1.00602772755
267083,267091,268766,8,1675,2,9000,1.0047761194
267094,267101,268717,7,1616,2,9000,1.00433168317
267105,267113,268639,8,1526,2,9000,1.00524246396
267116,267133,268643,17,1510,2,9000,1.01125827815
267137,267160,268684,23,1524,2,9000,1.01509186352
267157,267299,268821,142,1522,2,9000,1.09329829172
267251,267261,270289,10,3028,2,7200,1.00330250991
267301,267313,268960,12,1647,2,9000,1.0072859745
267312,267319,269007,7,1688,2,9000,1.00414691943
267323,267330,268894,7,1564,2,9000,1.00447570332
267334,267340,268824,6,1484,2,9000,1.00404312668
267344,267355,268823,11,1468,2,9000,1.00749318801
267355,267562,269064,207,1502,2,9000,1.13781624501
267560,267609,269138,49,1529,2,9000,1.0320470896
267612,267625,269073,13,1448,2,9000,1.00897790055
267623,267651,269148,28,1497,2,9000,1.01870407482
267654,267685,269206,31,1521,2,9000,1.02038132807
267685,267801,269249,116,1448,2,9000,1.08011049724
267799,267923,269534,124,1611,2,9000,1.07697082557
267851,268111,268118,260,7,1,3600,26.7
267922,268015,269639,93,1624,2,9000,1.05726600985
267933,267942,271127,9,3185,2,7200,1.00282574568
268015,268057,269634,42,1577,2,9000,1.02663284718
268056,268103,269723,47,1620,2,9000,1.02901234568
268108,268117,269752,9,1635,2,9000,1.00550458716
268119,268128,269739,9,1611,2,9000,1.00558659218
268129,268150,269765,21,1615,2,9000,1.01300309598
268150,268161,269743,11,1582,2,9000,1.00695322377
268159,268168,271411,9,3243,2,7200,1.00277520814
268171,268177,269790,6,1613,2,9000,1.00371977681
268174,268183,271199,9,3016,2,7200,1.00298408488
268175,268189,271079,14,2890,2,7200,1.00484429066
268192,268198,269809,6,1611,2,9000,1.00372439479
268203,268210,269836,7,1626,2,9000,1.00430504305
268214,268220,269837,6,1617,2,9000,1.00371057514
268225,268369,269969,144,1600,2,9000,1.09
268226,268413,268560,187,147,1,3600,2.27210884354
268338,268347,271429,9,3082,2,7200,1.0029201817
268369,268375,269980,6,1605,2,9000,1.00373831776
268379,268408,270023,29,1615,2,9000,1.01795665635
268411,268428,270030,17,1602,2,9000,1.01061173533
268432,268443,270055,11,1612,2,9000,1.00682382134
268442,268468,270087,26,1619,2,9000,1.01605929586
268462,268474,271470,12,2996,2,7200,1.00400534045
268474,268481,270123,7,1642,2,9000,1.00426309379
268485,268508,270130,23,1622,2,9000,1.01418002466
268492,268502,271620,10,3118,2,7200,1.00320718409
268506,268527,270129,21,1602,2,9000,1.01310861423
268527,268542,270155,15,1613,2,9000,1.00929944203
268537,268548,270164,11,1616,2,9000,1.00680693069
268548,268570,270193,22,1623,2,9000,1.01355514479
268569,268582,270231,13,1649,2,9000,1.0078835658
268580,268588,270187,8,1599,2,9000,1.00500312695
268591,268597,270184,6,1587,2,9000,1.00378071834
268601,268615,270259,14,1644,2,9000,1.00851581509
268613,268624,270238,11,1614,2,9000,1.00681536555
268623,268637,270235,14,1598,2,9000,1.00876095119
268634,268645,270247,11,1602,2,9000,1.00686641698
268640,268651,271685,11,3034,2,7200,1.0036255768
268655,268662,270256,7,1594,2,9000,1.00439146801
268666,268672,270285,6,1613,2,9000,1.00371977681
268677,268697,270345,20,1648,2,9000,1.01213592233
268688,268846,269376,158,530,1,3600,1.29811320755
268698,268705,271781,7,3076,2,7200,1.0022756827
268698,268713,270364,15,1651,2,9000,1.00908540279
268708,268729,270350,21,1621,2,9000,1.01295496607
268729,268736,270371,7,1635,2,9000,1.00428134557
268740,268753,270353,13,1600,2,9000,1.008125
268751,268778,270426,27,1648,2,9000,1.01638349515
268782,268834,270468,52,1634,2,9000,1.03182374541
268834,268840,270456,6,1616,2,9000,1.00371287129
268845,268906,270518,61,1612,2,9000,1.03784119107
268846,268855,271914,9,3059,2,7200,1.00294213795
268907,268973,270576,66,1603,2,9000,1.041172801
268969,269018,270615,49,1597,2,9000,1.03068252974
269000,269006,269239,6,233,1,7200,1.02575107296
269020,269076,270704,56,1628,2,9000,1.0343980344
269072,269084,270721,12,1637,2,9000,1.00733048259
269083,269150,270770,67,1620,2,9000,1.04135802469
269102,269111,271976,9,2865,2,7200,1.00314136126
269155,269161,270778,6,1617,2,9000,1.00371057514
269166,269218,270784,52,1566,2,9000,1.03320561941
269212,269224,272243,12,3019,2,7200,1.0039748261
269228,269262,270887,34,1625,2,9000,1.02092307692
269259,269386,271034,127,1648,2,9000,1.0770631068
269383,269546,271153,163,1607,2,9000,1.10143123833
269544,269647,271234,103,1587,2,9000,1.06490233144
269606,269764,270942,158,1178,1,3600,1.13412563667
269647,269654,271288,7,1634,2,9000,1.00428396573
269656,269664,272636,8,2972,2,7200,1.00269179004
269668,269735,271358,67,1623,2,9000,1.04128157733
269698,269707,272724,9,3017,2,7200,1.00298309579
269730,269751,271379,21,1628,2,9000,1.0128992629
269746,269759,272835,13,3076,2,7200,1.00422626788
269762,269771,271379,9,1608,2,9000,1.00559701493
269772,269780,271425,8,1645,2,9000,1.00486322188
269783,269802,271421,19,1619,2,9000,1.01173563928
269804,269813,272885,9,3072,2,7200,1.0029296875
269828,269835,271476,7,1641,2,9000,1.00426569165
269831,269841,272722,10,2881,2,7200,1.00347101701
269839,269849,271471,10,1622,2,9000,1.00616522811
269850,269856,271482,6,1626,2,9000,1.0036900369
269861,269980,271609,119,1629,2,9000,1.0730509515
269918,269926,272896,8,2970,2,7200,1.00269360269
269984,269992,271601,8,1609,2,9000,1.00497203232
269995,270035,271631,40,1596,2,9000,1.02506265664
270036,270042,271670,6,1628,2,9000,1.00368550369
270047,270067,271671,20,1604,2,9000,1.01246882793
270068,270099,271711,31,1612,2,9000,1.01923076923
270099,270136,271751,37,1615,2,9000,1.02291021672
270134,270143,271737,9,1594,2,9000,1.00564617315
270145,270152,271722,7,1570,2,9000,1.00445859873
270156,270167,271740,11,1573,2,9000,1.00699300699
270166,270177,271784,11,1607,2,9000,1.00684505289
270177,270195,271774,18,1579,2,9000,1.01139962001
270198,270204,271850,6,1646,2,9000,1.00364520049
270209,270216,271796,7,1580,2,9000,1.00443037975
270219,270243,271829,24,1586,2,9000,1.01513240858
270240,270250,271831,10,1581,2,9000,1.00632511069
270251,270258,271811,7,1553,2,9000,1.00450740502
270262,270268,271819,6,1551,2,9000,1.00386847195
270273,270279,271899,6,1620,2,9000,1.0037037037
270283,270290,271904,7,1614,2,9000,1.00433705081
270290,270300,273187,10,2887,2,7200,1.00346380326
270304,270311,271910,7,1599,2,9000,1.00437773609
270315,270356,271957,41,1601,2,9000,1.02560899438
270356,270363,271953,7,1590,2,9000,1.00440251572
270367,270374,271954,7,1580,2,9000,1.00443037975
270378,270384,271908,6,1524,2,9000,1.00393700787
270388,270396,272032,8,1636,2,9000,1.00488997555
270399,270438,272071,39,1633,2,9000,1.02388242498
270441,270468,272103,27,1635,2,9000,1.01651376147
270472,270481,272127,9,1646,2,9000,1.00546780073
270482,270530,272153,48,1623,2,9000,1.02957486137
270534,270588,272250,54,1662,2,9000,1.03249097473
270586,270626,272255,40,1629,2,9000,1.02455494168
270627,270716,272379,89,1663,2,9000,1.05351773903
270720,270733,272390,13,1657,2,9000,1.00784550392
270731,270783,272415,52,1632,2,9000,1.0318627451
270782,270789,272466,7,1677,2,9000,1.00417412045
270793,270799,272441,6,1642,2,9000,1.00365408039
270804,270898,272558,94,1660,2,9000,1.05662650602
270896,270952,272610,56,1658,2,9000,1.03377563329
270948,271046,272671,98,1625,2,9000,1.06030769231
271051,271165,272818,114,1653,2,9000,1.06896551724
271080,271091,274021,11,2930,2,7200,1.00375426621
271128,271138,274193,10,3055,2,7200,1.00327332242
271164,271246,272890,82,1644,2,9000,1.0498783455
271201,271210,274009,9,2799,2,7200,1.00321543408
271242,271300,272919,58,1619,2,9000,1.03582458308
271304,271369,272978,65,1609,2,9000,1.04039776259
271369,271390,273008,21,1618,2,9000,1.0129789864
271390,271397,273015,7,1618,2,9000,1.0043263288
271400,271432,273053,32,1621,2,9000,1.01974090068
271415,271422,274486,7,3064,2,7200,1.0022845953
271430,271440,274216,10,2776,2,7200,1.00360230548
271442,271449,273071,7,1622,2,9000,1.00431565968
271453,271488,273081,35,1593,2,9000,1.02197112367
271472,271481,274619,9,3138,2,7200,1.00286806883
271482,271493,275099,11,3606,1,3600,1.00305047144
271484,271500,273105,16,1605,2,9000,1.00996884735
271486,271505,271513,19,8,1,1800,2.7
271505,271613,273223,108,1610,2,9000,1.06708074534
271618,271625,273226,7,1601,2,9000,1.00437226733
271623,271631,274605,8,2974,2,7200,1.00268997983
271629,271642,273228,13,1586,2,9000,1.00819672131
271639,271682,273260,43,1578,2,9000,1.02724968314
271681,271690,273259,9,1569,2,9000,1.00573613767
271689,271696,274747,7,3051,2,7200,1.00229432973
271702,271723,273306,21,1583,2,9000,1.01326595073
271723,271735,273339,12,1604,2,9000,1.00748129676
271733,271749,273346,16,1597,2,9000,1.01001878522
271744,271755,273344,11,1589,2,9000,1.00692259283
271755,271762,273366,7,1604,2,9000,1.00436408978
271766,271789,273400,23,1611,2,9000,1.01427684668
271775,271782,271991,7,209,1,3600,1.03349282297
271782,271795,274702,13,2907,2,7200,1.00447196422
271797,271803,273406,6,1603,2,9000,1.00374298191
271808,271814,273401,6,1587,2,9000,1.00378071834
271818,271826,273422,8,1596,2,9000,1.00501253133
271829,271835,273434,6,1599,2,9000,1.00375234522
271840,271847,273464,7,1617,2,9000,1.00432900433
271851,271857,273468,6,1611,2,9000,1.00372439479
271862,271869,273467,7,1598,2,9000,1.00438047559
271872,271911,273514,39,1603,2,9000,1.02432938241
271875,271920,272002,45,82,1,1800,1.5487804878
271914,271932,273534,18,1602,2,9000,1.01123595506
271915,271927,275083,12,3156,2,7200,1.00380228137
271935,271941,273549,6,1608,2,9000,1.00373134328
271946,271965,273578,19,1613,2,9000,1.01177929324
271967,271974,273607,7,1633,2,9000,1.0042865891
271977,271984,273575,7,1591,2,9000,1.00439974859
271979,271991,275048,12,3057,2,7200,1.00392541708
271988,272001,273628,13,1627,2,9000,1.00799016595
271999,272045,273671,46,1626,2,9000,1.0282902829
272040,272083,273702,43,1619,2,9000,1.02655960469
272082,272115,273725,33,1610,2,9000,1.02049689441
272113,272139,273748,26,1609,2,9000,1.01615910503
272123,272129,272842,6,713,1,3600,1.00841514727
272144,272165,273748,21,1583,2,9000,1.01326595073
272165,272262,273849,97,1587,2,9000,1.06112161311
272244,272254,275163,10,2909,2,7200,1.00343760743
272258,272269,273882,11,1613,2,9000,1.00681959082
272269,272391,274027,122,1636,2,9000,1.07457212714
272386,272854,273678,468,824,1,14400,1.56796116505
272392,272402,274027,10,1625,2,9000,1.00615384615
272403,272428,274036,25,1608,2,9000,1.01554726368
272424,272453,274066,29,1613,2,9000,1.01797892126
272455,272478,274107,23,1629,2,9000,1.01411909147
272476,272570,274174,94,1604,2,9000,1.05860349127
272569,272623,274188,54,1565,2,9000,1.03450479233
272621,272684,274289,63,1605,2,9000,1.03925233645
272640,272647,275745,7,3098,2,7200,1.00225952227
272683,272831,274449,148,1618,2,9000,1.09147095179
272690,273026,273130,336,104,1,1800,4.23076923077
272724,272735,275598,11,2863,2,7200,1.00384212365
272726,272741,275691,15,2950,2,7200,1.00508474576
272827,272904,274516,77,1612,2,9000,1.04776674938
272838,272846,275808,8,2962,2,7200,1.00270087779
272886,272896,275973,10,3077,2,7200,1.00324991875
272901,272910,275855,9,2945,2,7200,1.00305602716
272909,272932,274555,23,1623,2,9000,1.01417128774
272930,272989,274610,59,1621,2,9000,1.03639728563
272992,273020,274634,28,1614,2,9000,1.01734820322
273023,273065,274674,42,1609,2,9000,1.02610316967
273065,273085,274697,20,1612,2,9000,1.01240694789
273071,273078,274136,7,1058,1,3600,1.00661625709
273086,273093,274713,7,1620,2,9000,1.00432098765
273096,273117,274709,21,1592,2,9000,1.01319095477
273117,273236,274827,119,1591,2,9000,1.07479572596
273190,273199,276178,9,2979,2,7200,1.00302114804
273241,273248,274868,7,1620,2,9000,1.00432098765
273251,273258,274912,7,1654,2,9000,1.00423216445
273262,273272,274900,10,1628,2,9000,1.00614250614
273273,273280,274883,7,1603,2,9000,1.00436681223
273284,273319,274933,35,1614,2,9000,1.02168525403
273315,273351,274984,36,1633,2,9000,1.02204531537
273356,273363,274982,7,1619,2,9000,1.00432365658
273367,273373,275005,6,1632,2,9000,1.00367647059
273378,273384,274982,6,1598,2,9000,1.00375469337
273388,273412,275005,24,1593,2,9000,1.01506591337
273409,273419,275001,10,1582,2,9000,1.00632111252
273420,273426,275029,6,1603,2,9000,1.00374298191
273431,273437,275036,6,1599,2,9000,1.00375234522
273441,273448,275067,7,1619,2,9000,1.00432365658
273452,273475,275092,23,1617,2,9000,1.01422387137
273473,273482,275113,9,1631,2,9000,1.00551808706
273484,273491,275119,7,1628,2,9000,1.0042997543
273495,273526,275127,31,1601,2,9000,1.01936289819
273526,273547,275146,21,1599,2,9000,1.01313320826
273547,273561,275166,14,1605,2,9000,1.00872274143
273558,273587,275160,29,1573,2,9000,1.01843610935
273589,273595,275180,6,1585,2,9000,1.00378548896
273599,273619,275228,20,1609,2,9000,1.0124300808
273621,273640,275251,19,1611,2,9000,1.01179391682
273641,273683,275308,42,1625,2,9000,1.02584615385
273683,273689,275313,6,1624,2,9000,1.00369458128
273694,273715,275339,21,1624,2,9000,1.01293103448
273715,273737,275374,22,1637,2,9000,1.01343921808
273736,273759,275388,23,1629,2,9000,1.01411909147
273756,273765,275371,9,1606,2,9000,1.00560398506
273767,273861,275470,94,1609,2,9000,1.05842137974
273860,273894,275482,34,1588,2,9000,1.02141057935
273891,274040,275625,149,1585,2,9000,1.09400630915
273918,274050,274431,132,381,1,1800,1.34645669291
273988,274045,274136,57,91,1,14400,1.62637362637
274011,274020,277291,9,3271,2,7200,1.00275145216
274026,274032,277106,6,3074,2,7200,1.00195185426
274045,274058,275634,13,1576,2,9000,1.00824873096
274056,274078,275662,22,1584,2,9000,1.01388888889
274077,274119,275750,42,1631,2,9000,1.02575107296
274118,274149,275772,31,1623,2,9000,1.0191004313
274150,274186,275807,36,1621,2,9000,1.02220851326
274191,274200,275830,9,1630,2,9000,1.00552147239
274194,274206,277031,12,2825,2,7200,1.00424778761
274202,274218,275837,16,1619,2,9000,1.00988264361
274218,274227,277054,9,2827,2,7200,1.00318358684
274233,274240,275854,7,1614,2,9000,1.00433705081
274244,274251,275859,7,1608,2,9000,1.00435323383
274254,274261,275855,7,1594,2,9000,1.00439146801
274265,274272,275852,7,1580,2,9000,1.00443037975
274276,274282,275868,6,1586,2,9000,1.00378310214
274286,274295,275844,9,1549,2,9000,1.00581020013
274297,274303,275903,6,1600,2,9000,1.00375
274308,274315,275913,7,1598,2,9000,1.00438047559
274319,274325,275947,6,1622,2,9000,1.00369913687
274329,274336,275969,7,1633,2,9000,1.0042865891
274340,274347,275961,7,1614,2,9000,1.00433705081
274351,274357,275995,6,1638,2,9000,1.00366300366
274362,274461,276072,99,1611,2,9000,1.06145251397
274465,274497,276084,32,1587,2,9000,1.02016383113
274487,278110,281199,3623,3089,2,7200,2.17287147944
274608,274616,277642,8,3026,2,7200,1.00264375413
274622,274630,277685,8,3055,2,7200,1.00261865794
274704,274715,277588,11,2873,2,7200,1.00382875044
274749,274758,277897,9,3139,2,7200,1.00286715514
275031,275038,275274,7,236,1,3600,1.02966101695
275051,275060,278140,9,3080,2,7200,1.00292207792
275084,275094,278036,10,2942,2,7200,1.00339904827
275134,275140,275147,6,7,1,1800,1.3
275166,275171,278182,5,3011,2,7200,1.00166057788
275208,275215,275363,7,148,1,3600,1.0472972973
275355,275362,275404,7,42,1,1800,1.16666666667
275398,275405,275770,7,365,1,3600,1.01917808219
275499,275506,275789,7,283,1,3600,1.02473498233
275599,275606,277183,7,1577,2,9000,1.00443880786
275600,275612,278609,12,2997,2,7200,1.004004004
275630,275637,275721,7,84,1,1800,1.08333333333
275640,275647,277230,7,1583,2,9000,1.00442198358
275672,275678,277263,6,1585,2,9000,1.00378548896
275693,275705,277300,12,1595,2,9000,1.00752351097
275694,275699,278766,5,3067,2,7200,1.00163025758
275748,275754,278875,6,3121,2,7200,1.00192246075
275775,275782,277333,7,1551,2,9000,1.00451321728
275813,275818,278825,5,3007,2,7200,1.00166278683
275816,275825,277401,9,1576,2,9000,1.0057106599
275837,275844,277428,7,1584,2,9000,1.00441919192
275848,275855,277431,7,1576,2,9000,1.00444162437
275858,275864,278932,6,3068,2,7200,1.00195567145
275869,275875,277457,6,1582,2,9000,1.00379266751
275880,275886,277473,6,1587,2,9000,1.00378071834
275890,275898,277491,8,1593,2,9000,1.00502197112
275901,275907,277489,6,1582,2,9000,1.00379266751
275912,275919,277500,7,1581,2,9000,1.00442757748
275923,275930,277504,7,1574,2,9000,1.00444726811
275933,275940,277532,7,1592,2,9000,1.00439698492
275944,275951,277542,7,1591,2,9000,1.00439974859
275955,275962,277548,7,1586,2,9000,1.00441361917
275965,275973,277566,8,1593,2,9000,1.00502197112
275975,275982,279074,7,3092,2,7200,1.00226390686
275986,275993,277585,7,1592,2,9000,1.00439698492
275997,276004,277605,7,1601,2,9000,1.00437226733
276039,276046,276756,7,710,1,3600,1.00985915493
276074,276082,276657,8,575,1,3600,1.01391304348
276079,276089,277681,10,1592,2,9000,1.00628140704
276090,276096,277696,6,1600,2,9000,1.00375
276181,276187,279293,6,3106,2,7200,1.00193174501
276384,276391,276657,7,266,1,1800,1.02631578947
277035,277041,280062,6,3021,2,7200,1.00198609732
277056,277062,280120,6,3058,2,7200,1.00196206671
277107,277113,280029,6,2916,2,7200,1.00205761317
277184,277191,278760,7,1569,2,9000,1.00446144041
277236,277242,278831,6,1589,2,9000,1.00377595972
277267,277274,278871,7,1597,2,9000,1.00438321853
277294,277300,280300,6,3000,2,7200,1.002
277309,277315,278910,6,1595,2,9000,1.00376175549
277340,277347,278931,7,1584,2,9000,1.00441919192
277401,277408,279021,7,1613,2,9000,1.00433973962
277432,277439,279039,7,1600,2,9000,1.004375
277443,277449,279053,6,1604,2,9000,1.00374064838
277464,277470,279059,6,1589,2,9000,1.00377595972
277475,277481,279080,6,1599,2,9000,1.00375234522
277496,277502,279095,6,1593,2,9000,1.00376647834
277506,277513,279120,7,1607,2,9000,1.00435594275
277517,277523,279106,6,1583,2,9000,1.00379027164
277528,277535,279116,7,1581,2,9000,1.00442757748
277538,277545,279145,7,1600,2,9000,1.004375
277549,277555,279128,6,1573,2,9000,1.00381436745
277560,277567,279149,7,1582,2,9000,1.00442477876
277570,277576,279162,6,1586,2,9000,1.00378310214
277589,277595,280613,6,3018,2,7200,1.00198807157
277591,277603,279189,12,1586,2,9000,1.00756620429
277612,277618,279227,6,1609,2,9000,1.00372902424
277643,277649,279250,6,1601,2,9000,1.00374765771
277645,277655,280581,10,2926,2,7200,1.003417635
277686,277692,280695,6,3003,2,7200,1.001998002
277705,277712,279307,7,1595,2,9000,1.00438871473
277900,277907,279498,7,1591,2,9000,1.00439974859
277901,277914,280845,13,2931,2,7200,1.0044353463
278037,278043,281187,6,3144,2,7200,1.00190839695
278115,278121,279701,6,1580,2,9000,1.00379746835
278126,278132,279698,6,1566,2,9000,1.00383141762
278136,278144,279702,8,1558,2,9000,1.00513478819
278143,278150,281083,7,2933,2,7200,1.00238663484
278147,278157,279736,10,1579,2,9000,1.00633312223
278158,278165,279761,7,1596,2,9000,1.00438596491
278168,278176,279784,8,1608,2,9000,1.00497512438
278179,278186,279774,7,1588,2,9000,1.00440806045
278185,278192,281075,7,2883,2,7200,1.00242802636
278190,278199,279808,9,1609,2,9000,1.00559353636
278200,278208,279804,8,1596,2,9000,1.00501253133
278211,278217,279826,6,1609,2,9000,1.00372902424
278222,278229,279815,7,1586,2,9000,1.00441361917
278232,278240,279832,8,1592,2,9000,1.00502512563
278243,278250,279852,7,1602,2,9000,1.00436953808
278254,278261,279834,7,1573,2,9000,1.00445009536
278265,278272,279878,7,1606,2,9000,1.00435865504
278275,278282,279869,7,1587,2,9000,1.00441083806
278286,278292,279879,6,1587,2,9000,1.00378071834
278297,278304,279891,7,1587,2,9000,1.00441083806
278307,278314,279906,7,1592,2,9000,1.00439698492
278318,278325,279904,7,1579,2,9000,1.00443318556
278329,278336,279916,7,1580,2,9000,1.00443037975
278339,278347,279953,8,1606,2,9000,1.00498132005
278350,278356,279941,6,1585,2,9000,1.00378548896
278361,278367,279916,6,1549,2,9000,1.00387346675
278371,278379,279957,8,1578,2,9000,1.00506970849
278382,278388,279974,6,1586,2,9000,1.00378310214
278393,278400,280001,7,1601,2,9000,1.00437226733
278404,278410,280036,6,1626,2,9000,1.0036900369
278414,278420,280048,6,1628,2,9000,1.00368550369
278425,278432,280041,7,1609,2,9000,1.00435052828
278436,278443,280034,7,1591,2,9000,1.00439974859
278446,278453,280037,7,1584,2,9000,1.00441919192
278457,278463,280059,6,1596,2,9000,1.0037593985
278468,278475,280086,7,1611,2,9000,1.00434512725
278479,278485,280070,6,1585,2,9000,1.00378548896
278489,278496,280088,7,1592,2,9000,1.00439698492
278500,278506,280112,6,1606,2,9000,1.00373599004
278511,278517,280117,6,1600,2,9000,1.00375
278521,278529,280139,8,1610,2,9000,1.0049689441
278532,278538,280137,6,1599,2,9000,1.00375234522
278543,278550,280153,7,1603,2,9000,1.00436681223
278554,278561,280188,7,1627,2,9000,1.00430239705
278564,278622,280232,58,1610,2,9000,1.03602484472
278611,282231,284935,3620,2704,2,7200,2.33875739645
278768,282389,285272,3621,2883,2,7200,2.25598335068
278828,282443,285335,3615,2892,2,7200,2.25
278876,278882,281894,6,3012,2,7200,1.00199203187
278933,278940,282033,7,3093,2,7200,1.00226317491
279074,279080,279161,6,81,1,1800,1.07407407407
279075,279087,282098,12,3011,2,7200,1.00398538691
279295,279301,282312,6,3011,2,7200,1.00199269346
279391,279398,279488,7,90,1,1800,1.07777777778
279961,279967,280328,6,361,1,1800,1.01662049861
280031,280037,283025,6,2988,2,7200,1.00200803213
280064,280070,283058,6,2988,2,7200,1.00200803213
280121,280127,282963,6,2836,2,7200,1.00211565585
280302,280308,283286,6,2978,2,7200,1.00201477502
280583,280589,283529,6,2940,2,7200,1.00204081633
280616,280622,283535,6,2913,2,7200,1.00205973223
280698,280704,283737,6,3033,2,7200,1.00197823937
280848,280855,283878,7,3023,2,7200,1.00231558055
281078,281084,284197,6,3113,2,7200,1.00192740122
281093,281099,284160,6,3061,2,7200,1.00196014374
281189,281195,284180,6,2985,2,7200,1.00201005025
281204,281210,284415,6,3205,2,7200,1.00187207488
281533,281539,281578,6,39,1,1800,1.15384615385
281844,281850,281924,6,74,1,1800,1.08108108108
281895,281901,284924,6,3023,2,7200,1.00198478333
282034,282040,285235,6,3195,2,7200,1.00187793427
282097,282103,285149,6,3046,2,7200,1.00196979645
282315,282321,285279,6,2958,2,7200,1.00202839757
282394,282400,283941,6,1541,2,9000,1.0038935756
282404,282411,284033,7,1622,2,9000,1.00431565968
282415,282421,284035,6,1614,2,9000,1.00371747212
282426,282433,284041,7,1608,2,9000,1.00435323383
282436,282449,284001,13,1552,2,9000,1.00837628866
282447,282455,284029,8,1574,2,9000,1.00508259212
282448,282461,284088,13,1627,2,9000,1.00799016595
282458,282468,284053,10,1585,2,9000,1.00630914826
282459,282473,284009,14,1536,2,9000,1.00911458333
282471,282479,284077,8,1598,2,9000,1.00500625782
282472,282485,284083,13,1598,2,9000,1.00813516896
282483,282491,284078,8,1587,2,9000,1.00504095778
282483,282497,284118,14,1621,2,9000,1.00863664405
282494,282503,284112,9,1609,2,9000,1.00559353636
282494,282509,284136,15,1627,2,9000,1.00921942225
282505,282515,284136,10,1621,2,9000,1.00616903146
282506,282521,284141,15,1620,2,9000,1.00925925926
282516,282527,284139,11,1612,2,9000,1.00682382134
282517,282533,284124,16,1591,2,9000,1.0100565682
282526,282550,282802,24,252,1,1800,1.09523809524
282528,282539,284174,11,1635,2,9000,1.00672782875
282528,282545,284178,17,1633,2,9000,1.01041028781
282539,282557,284162,18,1605,2,9000,1.01121495327
282560,282567,284168,7,1601,2,9000,1.00437226733
282570,282577,284196,7,1619,2,9000,1.00432365658
282581,282589,284221,8,1632,2,9000,1.00490196078
282592,282599,284188,7,1589,2,9000,1.00440528634
282603,282610,284208,7,1598,2,9000,1.00438047559
282613,282625,284234,12,1609,2,9000,1.00745804848
282624,282631,284232,7,1601,2,9000,1.00437226733
282635,282642,284239,7,1597,2,9000,1.00438321853
282646,282652,284245,6,1593,2,9000,1.00376647834
282656,282664,284285,8,1621,2,9000,1.00493522517
282667,282673,284269,6,1596,2,9000,1.0037593985
282678,282685,284272,7,1587,2,9000,1.00441083806
282689,282696,284313,7,1617,2,9000,1.00432900433
282699,282707,284287,8,1580,2,9000,1.00506329114
282710,282717,284332,7,1615,2,9000,1.00433436533
282721,282727,284257,6,1530,2,9000,1.00392156863
282732,282738,284292,6,1554,2,9000,1.00386100386
282742,282750,284317,8,1567,2,9000,1.00510529675
282753,282759,284342,6,1583,2,9000,1.00379027164
282764,282770,284333,6,1563,2,9000,1.00383877159
282775,282781,284386,6,1605,2,9000,1.00373831776
282785,282792,284385,7,1593,2,9000,1.00439422473
282796,282803,284427,7,1624,2,9000,1.00431034483
282807,282814,284443,7,1629,2,9000,1.00429711479
282818,282825,284454,7,1629,2,9000,1.00429711479
282829,282835,284409,6,1574,2,9000,1.00381194409
282839,282845,284407,6,1562,2,9000,1.00384122919
282850,282856,284501,6,1645,2,9000,1.00364741641
282861,282867,284511,6,1644,2,9000,1.00364963504
282872,282879,284538,7,1659,2,9000,1.00421940928
282882,282890,284529,8,1639,2,9000,1.00488102502
282893,282900,284528,7,1628,2,9000,1.0042997543
282904,282910,284545,6,1635,2,9000,1.00366972477
282915,282922,284555,7,1633,2,9000,1.0042865891
282925,282932,284566,7,1634,2,9000,1.00428396573
282936,282942,284569,6,1627,2,9000,1.0036877689
282947,282954,284528,7,1574,2,9000,1.00444726811
282958,282965,284588,7,1623,2,9000,1.00431300062
282964,282972,286054,8,3082,2,7200,1.00259571707
282969,282979,284609,10,1630,2,9000,1.00613496933
282979,282985,284606,6,1621,2,9000,1.00370141888
282990,282996,284632,6,1636,2,9000,1.00366748166
283001,283008,284647,7,1639,2,9000,1.00427089689
283013,283031,284641,18,1610,2,9000,1.01118012422
283025,286684,289943,3659,3259,2,7200,2.1227370359
283061,286690,289362,3629,2672,2,7200,2.35815868263
283287,286927,289751,3640,2824,2,7200,2.28895184136
283531,287176,289977,3645,2801,2,7200,2.3013209568
283546,283552,286491,6,2939,2,7200,1.00204151072
283740,287352,290228,3612,2876,2,7200,2.25591098748
283878,283885,286729,7,2844,2,7200,1.00246132208
284162,284168,287014,6,2846,2,7200,1.00210822207
284183,284189,287040,6,2851,2,7200,1.00210452473
284200,284207,287005,7,2798,2,7200,1.00250178699
284418,284424,287542,6,3118,2,7200,1.00192431046
284925,284931,287811,6,2880,2,7200,1.00208333333
284940,284946,287997,6,3051,2,7200,1.00196656834
285152,285158,288070,6,2912,2,7200,1.00206043956
285236,285242,288151,6,2909,2,7200,1.00206256446
285243,285249,285549,6,300,16,1800,1.02
285272,285279,288313,7,3034,2,7200,1.00230718523
285288,285294,288254,6,2960,2,7200,1.00202702703
285339,285345,288343,6,2998,2,7200,1.00200133422
285376,286013,286612,637,599,128,1800,2.06343906511
285376,285382,286000,6,618,128,1800,1.00970873786
286055,286061,289251,6,3190,2,7200,1.00188087774
286492,286498,289175,6,2677,2,7200,1.0022413149
286542,298608,313088,12066,14480,4,14400,1.83328729282
286731,286737,289732,6,2995,2,7200,1.0020033389
287005,287011,289741,6,2730,2,7200,1.0021978022
287020,287026,290052,6,3026,2,7200,1.0019828156
287041,287048,290065,7,3017,2,7200,1.00232018561
287175,287183,288795,8,1612,2,9000,1.00496277916
287186,287192,288783,6,1591,2,9000,1.00377121307
287196,287202,288816,6,1614,2,9000,1.00371747212
287207,287214,288803,7,1589,2,9000,1.00440528634
287217,287225,288776,8,1551,2,9000,1.0051579626
287228,287235,288847,7,1612,2,9000,1.00434243176
287239,287245,288862,6,1617,2,9000,1.00371057514
287249,287256,288856,7,1600,2,9000,1.004375
287260,287266,288897,6,1631,2,9000,1.00367872471
287271,287277,288905,6,1628,2,9000,1.00368550369
287281,287288,288907,7,1619,2,9000,1.00432365658
287292,287298,288918,6,1620,2,9000,1.0037037037
287303,287309,288913,6,1604,2,9000,1.00374064838
287313,287320,288932,7,1612,2,9000,1.00434243176
287324,287331,288939,7,1608,2,9000,1.00435323383
287335,287342,288923,7,1581,2,9000,1.00442757748
287345,287358,288926,13,1568,2,9000,1.00829081633
287356,287364,288880,8,1516,2,9000,1.00527704485
287357,287370,288958,13,1588,2,9000,1.00818639798
287367,287376,289008,9,1632,2,9000,1.00551470588
287368,287381,288994,13,1613,2,9000,1.00805951643
287378,287389,289009,11,1620,2,9000,1.00679012346
287389,287395,289013,6,1618,2,9000,1.00370828183
287400,287406,289026,6,1620,2,9000,1.0037037037
287410,287417,289039,7,1622,2,9000,1.00431565968
287421,287427,289023,6,1596,2,9000,1.0037593985
287432,287438,289036,6,1598,2,9000,1.00375469337
287442,287450,289017,8,1567,2,9000,1.00510529675
287453,287459,289059,6,1600,2,9000,1.00375
287464,287471,289043,7,1572,2,9000,1.00445292621
287475,287482,288992,7,1510,2,9000,1.00463576159
287485,287491,288991,6,1500,2,9000,1.004
287496,287502,288912,6,1410,2,9000,1.00425531915
287507,287513,289154,6,1641,2,9000,1.00365630713
287531,287538,289137,7,1599,2,9000,1.00437773609
287542,287554,289161,12,1607,2,9000,1.00746733043
287543,287548,290536,5,2988,2,7200,1.00167336011
287553,287561,289167,8,1606,2,9000,1.00498132005
287563,287569,289176,6,1607,2,9000,1.00373366521
287574,287580,289201,6,1621,2,9000,1.00370141888
287585,287592,289184,7,1592,2,9000,1.00439698492
287595,287602,289190,7,1588,2,9000,1.00440806045
287606,287613,289210,7,1597,2,9000,1.00438321853
287617,287624,289233,7,1609,2,9000,1.00435052828
287627,287635,289208,8,1573,2,9000,1.00508582327
287638,287644,289232,6,1588,2,9000,1.00377833753
287649,287656,289181,7,1525,2,9000,1.00459016393
287660,287666,289169,6,1503,2,9000,1.00399201597
287670,287677,289093,7,1416,2,9000,1.00494350282
287681,287687,289306,6,1619,2,9000,1.00370599135
287692,287698,289315,6,1617,2,9000,1.00371057514
287703,287710,289303,7,1593,2,9000,1.00439422473
287713,287720,289322,7,1602,2,9000,1.00436953808
287724,287731,289353,7,1622,2,9000,1.00431565968
287735,287744,289321,9,1577,2,9000,1.00570703868
287746,287752,289351,6,1599,2,9000,1.00375234522
287757,287764,289436,7,1672,2,9000,1.00418660287
287767,287774,289418,7,1644,2,9000,1.00425790754
287778,287784,289435,6,1651,2,9000,1.00363416111
287789,287795,289444,6,1649,2,9000,1.00363856883
287800,287807,289443,7,1636,2,9000,1.00427872861
287811,287817,289471,6,1654,2,9000,1.00362756953
287815,287824,290835,9,3011,2,7200,1.00298904019
287822,287832,289500,10,1668,2,9000,1.00599520384
287832,287839,289460,7,1621,2,9000,1.00431832202
287843,287850,289491,7,1641,2,9000,1.00426569165
287854,287861,289492,7,1631,2,9000,1.00429184549
287865,287872,289520,7,1648,2,9000,1.00424757282
287875,287883,289514,8,1631,2,9000,1.00490496628
287886,287892,289546,6,1654,2,9000,1.00362756953
287897,287903,289555,6,1652,2,9000,1.00363196126
287908,287914,289557,6,1643,2,9000,1.00365185636
287920,287927,289579,7,1652,2,9000,1.00423728814
287931,287937,289589,6,1652,2,9000,1.00363196126
287943,287950,289662,7,1712,2,9000,1.00408878505
287954,287960,289615,6,1655,2,9000,1.00362537764
287965,287972,289634,7,1662,2,9000,1.00421179302
287976,287983,289597,7,1614,2,9000,1.00433705081
287988,287994,289660,6,1666,2,9000,1.00360144058
287999,288006,289634,7,1628,2,9000,1.0042997543
288001,291655,294386,3654,2731,2,7200,2.33797143903
288076,291721,294641,3645,2920,2,7200,2.24828767123
288152,291788,294824,3636,3036,2,7200,2.1976284585
288255,291864,294622,3609,2758,2,7200,2.30855692531
288317,291930,294926,3613,2996,2,7200,2.20594125501
288345,292148,295220,3803,3072,2,7200,2.23795572917
289178,289184,291838,6,2654,2,7200,1.00226073851
289254,289260,292137,6,2877,2,7200,1.00208550574
289360,289366,292099,6,2733,2,7200,1.00219538968
289735,289741,292903,6,3162,2,7200,1.00189753321
289750,289756,292759,6,3003,2,7200,1.001998002
289765,289771,292781,6,3010,2,7200,1.00199335548
289859,298634,298791,8775,157,1,14400,56.8917197452
289948,289955,293070,7,3115,2,7200,1.00224719101
289979,289985,293062,6,3077,2,7200,1.00194995125
290059,290065,293087,6,3022,2,7200,1.00198544011
290078,290084,292820,6,2736,2,7200,1.00219298246
290231,290237,293397,6,3160,2,7200,1.00189873418
290538,290544,293604,6,3060,2,7200,1.00196078431
290838,290845,293888,7,3043,2,7200,1.00230036149
291109,298602,367952,7493,69350,4,69300,1.10804614275
291842,291849,294779,7,2930,2,7200,1.0023890785
291932,291938,293543,6,1605,2,9000,1.00373831776
291943,291950,293544,7,1594,2,9000,1.00439146801
291953,293562,295156,1609,1594,2,9000,2.00941028858
292102,292111,294981,9,2870,2,7200,1.0031358885
292137,292805,295993,668,3188,2,7200,1.2095357591
292763,292771,295591,8,2820,2,7200,1.00283687943
292782,292799,293134,17,335,1,1800,1.05074626866
292782,292794,293132,12,338,1,1800,1.03550295858
292783,292827,293168,44,341,2,1800,1.12903225806
292783,292789,293124,6,335,2,1800,1.01791044776
292783,293509,293916,726,407,4,1800,2.78378378378
292784,293769,294200,985,431,8,1800,3.28538283063
292784,293774,294220,990,446,8,1800,3.2197309417
292784,293928,294354,1144,426,4,1800,3.68544600939
292784,292833,295845,49,3012,2,7200,1.01626826029
292785,293944,294482,1159,538,32,1800,3.15427509294
292785,293938,294517,1153,579,32,1800,2.99136442142
292785,292822,293216,37,394,16,1800,1.09390862944
292785,293228,293756,443,528,16,1800,1.83901515152
292786,292816,293323,30,507,64,1800,1.05917159763
292786,292811,293492,25,681,128,1800,1.03671071953
292786,293503,294187,717,684,128,1800,2.04824561404
292786,293335,293926,549,591,64,1800,1.92893401015
292821,292914,295935,93,3021,2,7200,1.03078450844
292905,293082,295862,177,2780,2,7200,1.06366906475
293065,293074,296302,9,3228,2,7200,1.00278810409
293080,293098,296017,18,2919,2,7200,1.00616649538
293095,293408,296555,313,3147,2,7200,1.09945980299
293400,293554,296395,154,2841,2,7200,1.0542062654
293557,295168,296751,1611,1583,2,9000,2.0176879343
293558,296768,298331,3210,1563,2,9000,3.0537428023
293606,293616,296458,10,2842,2,7200,1.00351864884
293890,293899,296755,9,2856,2,7200,1.0031512605
294389,294397,297429,8,3032,2,7200,1.00263852243
294624,294634,297779,10,3145,2,7200,1.00317965024
294642,294653,297593,11,2940,2,7200,1.0037414966
294781,294790,297970,9,3180,2,7200,1.00283018868
294827,294835,297719,8,2884,2,7200,1.0027739251
294930,294937,297933,7,2996,2,7200,1.0023364486
294984,294992,298185,8,3193,2,7200,1.00250548074
295027,464368,727725,169341,263357,3,604800,1.64300929916
295169,298343,299919,3174,1576,2,9000,3.01395939086
295223,295231,298379,8,3148,2,7200,1.00254129606
295594,295602,298356,8,2754,2,7200,1.00290486565
295746,298640,298884,2894,244,1,1800,12.8606557377
295848,295857,299012,9,3155,2,7200,1.0028526149
295862,295873,298722,11,2849,2,7200,1.00386100386
295938,295946,299086,8,3140,2,7200,1.0025477707
295995,296004,298869,9,2865,2,7200,1.00314136126
296020,296028,299202,8,3174,2,7200,1.00252047889
296246,461601,462329,165355,728,256,1800,228.135989011
296303,296313,299186,10,2873,2,7200,1.00348068221
296397,296407,299597,10,3190,2,7200,1.00313479624
296434,298597,306173,2163,7576,8,14400,1.28550686378
296460,296469,299614,9,3145,2,7200,1.00286168521
296557,296566,299567,9,3001,2,7200,1.00299900033
296756,296762,299930,6,3168,2,7200,1.00189393939
296764,298618,300187,1854,1569,2,9000,2.18164435946
297430,297440,300178,10,2738,2,7200,1.00365230095
297440,298645,299068,1205,423,1,7200,3.84869976359
297596,297605,300434,9,2829,2,7200,1.00318133616
297719,297730,300958,11,3228,2,7200,1.00340768278
297780,297790,300891,10,3101,2,7200,1.0032247662
297934,297944,301118,10,3174,2,7200,1.00315059861
297971,297981,301064,10,3083,2,7200,1.0032435939
298189,298197,301219,8,3022,2,7200,1.00264725347
298346,298624,300200,278,1576,2,9000,1.17639593909
298360,298367,301351,7,2984,2,7200,1.0023458445
298382,298390,301389,8,2999,2,7200,1.00266755585
298615,298651,300219,36,1568,2,9000,1.02295918367
298625,298657,300231,32,1574,2,9000,1.02033036849
298656,298663,300248,7,1585,2,9000,1.00441640379
298657,298669,300284,12,1615,2,9000,1.00743034056
298667,298675,300258,8,1583,2,9000,1.00505369551
298668,298681,300263,13,1582,2,9000,1.00821744627
298680,298687,300252,7,1565,2,9000,1.00447284345
298680,298692,300275,12,1583,2,9000,1.00758054327
298691,298699,300270,8,1571,2,9000,1.0050922979
298692,298704,300240,12,1536,2,9000,1.0078125
298702,298711,300301,9,1590,2,9000,1.00566037736
298703,298717,300302,14,1585,2,9000,1.00883280757
298713,298723,298730,10,7,8,14400,1.7
298714,298729,300309,15,1580,2,9000,1.00949367089
298714,298734,300302,20,1568,2,9000,1.01275510204
298724,298740,301550,16,2810,2,7200,1.00569395018
298735,298747,300349,12,1602,2,9000,1.0074906367
298746,298755,300338,9,1583,2,9000,1.00568540745
298746,298760,300351,14,1591,2,9000,1.00879949717
298757,298771,300309,14,1538,2,9000,1.00910273082
298757,298766,300315,9,1549,2,9000,1.00581020013
298768,298779,300404,11,1625,2,9000,1.00676923077
298779,298786,300381,7,1595,2,9000,1.00438871473
298789,298795,300376,6,1581,2,9000,1.00379506641
298800,298806,300394,6,1588,2,9000,1.00377833753
298811,298817,300384,6,1567,2,9000,1.00382897256
298822,298829,300365,7,1536,2,9000,1.00455729167
298832,298838,300451,6,1613,2,9000,1.00371977681
298843,298850,300431,7,1581,2,9000,1.00442757748
298854,298860,300468,6,1608,2,9000,1.00373134328
298864,298871,300467,7,1596,2,9000,1.00438596491
298872,298881,301793,9,2912,2,7200,1.00309065934
298885,298893,300486,8,1593,2,9000,1.00502197112
298896,298902,300498,6,1596,2,9000,1.0037593985
298907,298919,300452,12,1533,2,9000,1.00782778865
298918,298926,300551,8,1625,2,9000,1.00492307692
298929,298935,300562,6,1627,2,9000,1.0036877689
298940,298946,300549,6,1603,2,9000,1.00374298191
298950,298957,300538,7,1581,2,9000,1.00442757748
298961,298968,300559,7,1591,2,9000,1.00439974859
298972,298979,300544,7,1565,2,9000,1.00447284345
298982,298989,300547,7,1558,2,9000,1.00449293967
298993,298999,300528,6,1529,2,9000,1.00392413342
299004,299010,300618,6,1608,2,9000,1.00373134328
299015,299021,300641,6,1620,2,9000,1.0037037037
299015,299027,302043,12,3016,2,7200,1.00397877984
299025,299034,300636,9,1602,2,9000,1.00561797753
299036,299042,300640,6,1598,2,9000,1.00375469337
299047,299053,300620,6,1567,2,9000,1.00382897256
299058,299065,300651,7,1586,2,9000,1.00441361917
299068,299075,300663,7,1588,2,9000,1.00440806045
299079,299085,300628,6,1543,2,9000,1.00388852884
299083,299092,299518,9,426,1,36000,1.02112676056
299088,299098,302135,10,3037,2,7200,1.00329272308
299100,299106,300654,6,1548,2,9000,1.00387596899
299111,299117,300653,6,1536,2,9000,1.00390625
299122,299128,300720,6,1592,2,9000,1.00376884422
299133,299139,300727,6,1588,2,9000,1.00377833753
299144,299151,300748,7,1597,2,9000,1.00438321853
299155,299167,301163,12,1996,1,36000,1.00601202405
299155,299162,300752,7,1590,2,9000,1.00440251572
299165,299173,300772,8,1599,2,9000,1.00500312695
299176,299183,300751,7,1568,2,9000,1.00446428571
299187,299193,300803,6,1610,2,9000,1.00372670807
299188,299200,302196,12,2996,2,7200,1.00400534045
299195,299213,299383,18,170,1,36000,1.10588235294
299198,299208,300789,10,1581,2,9000,1.00632511069
299204,299219,302124,15,2905,2,7200,1.00516351119
299219,299226,300802,7,1576,2,9000,1.00444162437
299230,299237,300824,7,1587,2,9000,1.00441083806
299233,299243,299248,10,5,1,36000,1.5
299241,299249,300834,8,1585,2,9000,1.00504731861
299251,299257,300846,6,1589,2,9000,1.00377595972
299262,299268,300865,6,1597,2,9000,1.00375704446
299267,299275,299879,8,604,1,36000,1.01324503311
299273,299282,300883,9,1601,2,9000,1.00562148657
299284,299291,300898,7,1607,2,9000,1.00435594275
299295,299301,300896,6,1595,2,9000,1.00376175549
299306,299312,300838,6,1526,2,9000,1.00393184797
299317,299323,300969,6,1646,2,9000,1.00364520049
299327,299335,300973,8,1638,2,9000,1.00488400488
299338,299345,300992,7,1647,2,9000,1.00425015179
299347,299353,299357,6,4,1,36000,1.0
299349,299359,300975,10,1616,2,9000,1.00618811881
299360,299367,300985,7,1618,2,9000,1.0043263288
299371,299378,300987,7,1609,2,9000,1.00435052828
299382,299389,300976,7,1587,2,9000,1.00441083806
299393,299399,300971,6,1572,2,9000,1.00381679389
299397,299405,300031,8,626,1,36000,1.01277955272
299403,299413,300996,10,1583,2,9000,1.00631711939
299414,299422,301027,8,1605,2,9000,1.00498442368
299425,299432,301067,7,1635,2,9000,1.00428134557
299436,299580,301197,144,1617,2,9000,1.08905380334
299455,299461,340911,6,41450,3,86400,1.00014475271
299563,299569,461590,6,162021,6,162000,1.00003703224
299571,303234,306356,3663,3122,2,7200,2.1732863549
299598,303239,306280,3641,3041,2,7200,2.19730351858
299617,303245,306382,3628,3137,2,7200,2.15651896717
299660,299668,315369,8,15701,16,36000,1.00050952169
299935,303544,306523,3609,2979,2,7200,2.21148036254
300179,303839,306974,3660,3135,2,7200,2.16746411483
300436,300442,303344,6,2902,2,7200,1.00206753963
300893,300900,303960,7,3060,2,7200,1.0022875817
300960,300967,303881,7,2914,2,7200,1.00240219629
301066,301072,304220,6,3148,2,7200,1.00190597205
301121,301127,304195,6,3068,2,7200,1.00195567145
301222,301228,304427,6,3199,2,7200,1.00187558612
301346,301353,335664,7,34311,1,39600,1.0002040162
301352,301359,304320,7,2961,2,7200,1.00236406619
301358,301365,335761,7,34396,1,39600,1.00020351204
301394,301400,304437,6,3037,2,7200,1.00197563385
301521,301527,301959,6,432,1,7200,1.01388888889
301553,301559,304632,6,3073,2,7200,1.00195248942
301601,301607,301615,6,8,8,14400,1.4
301795,301802,304749,7,2947,2,7200,1.00237529691
302047,302053,305058,6,3005,2,7200,1.00199667221
302125,302132,304880,7,2748,2,7200,1.00254730713
302140,302146,305104,6,2958,2,7200,1.00202839757
302198,302204,305068,6,2864,2,7200,1.00209497207
303348,303354,306492,6,3138,2,7200,1.00191204589
303542,303550,305197,8,1647,2,9000,1.00485731633
303553,303559,305202,6,1643,2,9000,1.00365185636
303564,303570,305211,6,1641,2,9000,1.00365630713
303574,303581,305214,7,1633,2,9000,1.0042865891
303585,303591,305202,6,1611,2,9000,1.00372439479
303596,303602,305228,6,1626,2,9000,1.0036900369
303606,303613,305254,7,1641,2,9000,1.00426569165
303617,303624,305207,7,1583,2,9000,1.00442198358
303628,303634,305221,6,1587,2,9000,1.00378071834
303638,303645,305223,7,1578,2,9000,1.00443599493
303649,303655,305233,6,1578,2,9000,1.00380228137
303660,303666,305268,6,1602,2,9000,1.00374531835
303670,303677,305322,7,1645,2,9000,1.00425531915
303681,303687,305323,6,1636,2,9000,1.00366748166
303692,303698,305311,6,1613,2,9000,1.00371977681
303703,303709,305335,6,1626,2,9000,1.0036900369
303714,303720,305348,6,1628,2,9000,1.00368550369
303724,303732,305365,8,1633,2,9000,1.00489895897
303735,303741,305358,6,1617,2,9000,1.00371057514
303746,303752,305347,6,1595,2,9000,1.00376175549
303756,303763,305332,7,1569,2,9000,1.00446144041
303767,303773,305335,6,1562,2,9000,1.00384122919
303839,303847,305418,8,1571,2,9000,1.0050922979
303844,303853,376898,9,73045,4,73020,1.00012321172
303850,303860,305494,10,1634,2,9000,1.00611995104
303861,303867,305522,6,1655,2,9000,1.00362537764
303871,303878,305489,7,1611,2,9000,1.00434512725
303882,303894,305531,12,1637,2,9000,1.00733048259
303882,303888,307086,6,3198,2,7200,1.00187617261
303893,303900,305529,7,1629,2,9000,1.00429711479
303903,303909,305550,6,1641,2,9000,1.00365630713
303914,303921,305560,7,1639,2,9000,1.00427089689
303925,303931,305587,6,1656,2,9000,1.00362318841
303935,303942,305587,7,1645,2,9000,1.00425531915
303946,303952,305606,6,1654,2,9000,1.00362756953
303957,303964,305542,7,1578,2,9000,1.00443599493
303961,303970,307083,9,3113,2,7200,1.00289110183
303968,303978,305564,10,1586,2,9000,1.00630517024
303978,303985,305538,7,1553,2,9000,1.00450740502
303989,303995,305589,6,1594,2,9000,1.00376411543
303996,304003,379873,7,75870,4,75840,1.00009226308
304000,304009,305638,9,1629,2,9000,1.00552486188
304011,304017,305630,6,1613,2,9000,1.00371977681
304021,304028,305640,7,1612,2,9000,1.00434243176
304032,304038,305657,6,1619,2,9000,1.00370599135
304043,304049,305700,6,1651,2,9000,1.00363416111
304054,304061,305710,7,1649,2,9000,1.00424499697
304064,304071,305695,7,1624,2,9000,1.00431034483
304075,304082,305733,7,1651,2,9000,1.00423985463
304086,304093,305738,7,1645,2,9000,1.00425531915
304097,304104,305732,7,1628,2,9000,1.0042997543
304107,304114,305729,7,1615,2,9000,1.00433436533
304118,304125,305728,7,1603,2,9000,1.00436681223
304129,304136,305724,7,1588,2,9000,1.00440806045
304140,304146,378330,6,74184,4,76140,1.00008087997
304140,304152,305756,12,1604,2,9000,1.00748129676
304150,304159,305782,9,1623,2,9000,1.00554528651
304161,304168,305790,7,1622,2,9000,1.00431565968
304172,304179,305806,7,1627,2,9000,1.00430239705
304182,304190,305812,8,1622,2,9000,1.00493218249
304193,304199,305833,6,1634,2,9000,1.00367197062
304196,304205,307280,9,3075,2,7200,1.00292682927
304204,304213,305803,9,1590,2,9000,1.00566037736
304215,304222,305862,7,1640,2,9000,1.00426829268
304223,304230,307100,7,2870,2,7200,1.00243902439
304236,304243,305878,7,1635,2,9000,1.00428134557
304247,304253,305865,6,1612,2,9000,1.00372208437
304257,304264,305890,7,1626,2,9000,1.00430504305
304268,304274,305914,6,1640,2,9000,1.00365853659
304279,304285,305913,6,1628,2,9000,1.00368550369
304290,304297,305863,7,1566,2,9000,1.00446998723
304300,304308,305860,8,1552,2,9000,1.00515463918
304311,304317,305928,6,1611,2,9000,1.00372439479
304322,304329,305965,7,1636,2,9000,1.00427872861
304323,307963,310852,3640,2889,2,7200,2.25995154033
304425,304432,306068,7,1636,1,10800,1.00427872861
304429,308081,310940,3652,2859,2,7200,2.27736970969
304443,308087,311008,3644,2921,2,7200,2.2475179733
304476,304483,306117,7,1634,1,10800,1.00428396573
304634,308256,311008,3622,2752,2,7200,2.31613372093
304753,308384,311008,3631,2624,2,7200,2.3837652439
304883,308535,311008,3652,2473,2,7200,2.47674888799
305061,308678,311008,3617,2330,2,7200,2.55236051502
305076,305082,308118,6,3036,2,7200,1.00197628458
305106,305112,308002,6,2890,2,7200,1.00207612457
305761,305767,307394,6,1627,1,14400,1.0036877689
306005,306011,306018,6,7,8,14400,1.3
306284,306290,309365,6,3075,2,7200,1.00195121951
306345,306351,306357,6,6,8,14400,1.2
306359,306365,309333,6,2968,2,7200,1.00202156334
306383,306389,309444,6,3055,2,7200,1.00196399345
306495,306501,309542,6,3041,2,7200,1.00197303519
306525,306531,309539,6,3008,2,7200,1.00199468085
306910,306916,307223,6,307,4,900,1.01954397394
306975,306981,310138,6,3157,2,7200,1.00190053849
307028,307034,307576,6,542,8,3600,1.0110701107
307085,307091,310110,6,3019,2,7200,1.00198741305
307100,307106,310141,6,3035,2,7200,1.00197693575
307101,307112,310251,11,3139,2,7200,1.00350430073
307137,307143,307632,6,489,1,7200,1.01226993865
307143,307151,307253,8,102,2,1800,1.07843137255
307282,307288,310175,6,2887,2,7200,1.00207828195
307598,307604,308009,6,405,16,1800,1.01481481481
307830,307836,308462,6,626,32,600,1.00958466454
308005,308011,310941,6,2930,2,7200,1.00204778157
308089,308096,315301,7,7205,9,7200,1.00097154754
308121,308127,311008,6,2881,2,7200,1.0020826102
308533,308542,310159,9,1617,2,9000,1.00556586271
308544,308550,310140,6,1590,2,9000,1.00377358491
308555,308561,310184,6,1623,2,9000,1.00369685767
308565,308571,310177,6,1606,2,9000,1.00373599004
308576,308582,310197,6,1615,2,9000,1.00371517028
308586,308593,310205,7,1612,2,9000,1.00434243176
308597,308603,310199,6,1596,2,9000,1.0037593985
308608,308614,310214,6,1600,2,9000,1.00375
308618,308625,310243,7,1618,2,9000,1.0043263288
308629,308635,310242,6,1607,2,9000,1.00373366521
308640,308646,310260,6,1614,2,9000,1.00371747212
308650,308657,310253,7,1596,2,9000,1.00438596491
308661,308667,310256,6,1589,2,9000,1.00377595972
308671,308684,310290,13,1606,2,9000,1.00809464508
308682,308690,310335,8,1645,2,9000,1.00486322188
308682,308696,310291,14,1595,2,9000,1.00877742947
308693,308702,310289,9,1587,2,9000,1.0056710775
308694,308708,310338,14,1630,2,9000,1.00858895706
308704,308714,310307,10,1593,2,9000,1.0062774639
308705,308720,310324,15,1604,2,9000,1.00935162095
308715,308727,310346,12,1619,2,9000,1.00741198271
308716,308732,310309,16,1577,2,9000,1.01014584654
308737,308743,310365,6,1622,2,9000,1.00369913687
308747,308754,310329,7,1575,2,9000,1.00444444444
308758,308764,310349,6,1585,2,9000,1.00378548896
308769,308775,310352,6,1577,2,9000,1.00380469245
308779,308786,310376,7,1590,2,9000,1.00440251572
308790,308797,310385,7,1588,2,9000,1.00440806045
308800,308808,310406,8,1598,2,9000,1.00500625782
308808,308815,309451,7,636,64,600,1.01100628931
308811,308821,310414,10,1593,2,9000,1.0062774639
308822,308828,310424,6,1596,2,9000,1.0037593985
308832,308839,310430,7,1591,2,9000,1.00439974859
308843,308850,310425,7,1575,2,9000,1.00444444444
308854,308860,310445,6,1585,2,9000,1.00378548896
308865,308871,310458,6,1587,2,9000,1.00378071834
308875,308881,310460,6,1579,2,9000,1.00379987334
308886,308893,310466,7,1573,2,9000,1.00445009536
308897,308904,310501,7,1597,2,9000,1.00438321853
308907,308914,310511,7,1597,2,9000,1.00438321853
308918,308925,310550,7,1625,2,9000,1.00430769231
308929,308935,310533,6,1598,2,9000,1.00375469337
308939,308945,310527,6,1582,2,9000,1.00379266751
308950,308956,310556,6,1600,2,9000,1.00375
308961,308967,310555,6,1588,2,9000,1.00377833753
308971,308979,310576,8,1597,2,9000,1.00500939261
308982,308988,310580,6,1592,2,9000,1.00376884422
308993,308999,310596,6,1597,2,9000,1.00375704446
309003,309011,310608,8,1597,2,9000,1.00500939261
309014,309021,310617,7,1596,2,9000,1.00438596491
309025,309031,310623,6,1592,2,9000,1.00376884422
309035,309559,311167,524,1608,2,9000,1.32587064677
309335,309344,311008,9,1664,2,7200,1.00540865385
309366,309376,311008,10,1632,2,7200,1.00612745098
309444,309455,311008,11,1553,2,7200,1.00708306504
309457,309462,310041,5,579,64,1800,1.00863557858
309488,310058,310872,570,814,1,10800,1.70024570025
309509,310053,310424,544,371,4,1800,2.46630727763
309529,310063,310857,534,794,1,10800,1.6725440806
309541,309551,311008,10,1457,2,7200,1.00686341798
309556,310150,311013,594,863,2,7200,1.68829663963
309569,464395,554510,154826,90115,4,288000,2.71809354713
309595,310069,310558,474,489,1,7200,1.96932515337
310111,310121,311013,10,892,2,7200,1.01121076233
310138,310158,311013,20,855,2,7200,1.02339181287
310153,310263,311013,110,750,2,7200,1.14666666667
310153,310165,311773,12,1608,2,9000,1.00746268657
310177,310186,311013,9,827,2,7200,1.01088270859
310253,310570,311013,317,443,2,7200,1.71557562077
310295,310301,311606,6,1305,64,1800,1.00459770115
310430,310437,312052,7,1615,2,9000,1.00433436533
310441,310448,312043,7,1595,2,9000,1.00438871473
310452,310458,312079,6,1621,2,9000,1.00370141888
310462,310470,312057,8,1587,2,9000,1.00504095778
310473,310479,312055,6,1576,2,9000,1.0038071066
310484,310491,312058,7,1567,2,9000,1.00446713465
310495,310501,312095,6,1594,2,9000,1.00376411543
310505,310512,312096,7,1584,2,9000,1.00441919192
310516,310523,312085,7,1562,2,9000,1.00448143406
310537,310543,312112,6,1569,2,9000,1.00382409178
310548,310555,312114,7,1559,2,9000,1.00449005773
310558,310564,312162,6,1598,2,9000,1.00375469337
310569,310578,312168,9,1590,2,9000,1.00566037736
310569,310583,312168,14,1585,2,9000,1.00883280757
310580,310590,312155,10,1565,2,9000,1.00638977636
310581,310596,312189,15,1593,2,9000,1.00941619586
310592,310603,312194,11,1591,2,9000,1.00691389063
310603,310610,312203,7,1593,2,9000,1.00439422473
310613,310619,312209,6,1590,2,9000,1.00377358491
310624,310631,312228,7,1597,2,9000,1.00438321853
310635,310641,312206,6,1565,2,9000,1.00383386581
310645,310652,312228,7,1576,2,9000,1.00444162437
310656,310663,312232,7,1569,2,9000,1.00446144041
310667,310674,312231,7,1557,2,9000,1.00449582531
310677,310684,312224,7,1540,2,9000,1.00454545455
310688,310695,312280,7,1585,2,9000,1.00441640379
310699,310705,312232,6,1527,2,9000,1.00392927308
310710,310716,312296,6,1580,2,9000,1.00379746835
310721,310727,312319,6,1592,2,9000,1.00376884422
310731,310737,312327,6,1590,2,9000,1.00377358491
310742,310749,312309,7,1560,2,9000,1.00448717949
310753,310760,312342,7,1582,2,9000,1.00442477876
310763,310770,312356,7,1586,2,9000,1.00441361917
310774,310781,312344,7,1563,2,9000,1.00447856686
310785,310792,312384,7,1592,2,9000,1.00439698492
310796,310803,312347,7,1544,2,9000,1.00453367876
310806,310812,312367,6,1555,2,9000,1.0038585209
310817,310824,312349,7,1525,2,9000,1.00459016393
310828,310835,312353,7,1518,2,9000,1.0046113307
310838,310846,312403,8,1557,2,9000,1.00513808606
310849,310856,312401,7,1545,2,9000,1.00453074434
310854,310863,311013,9,150,2,7200,1.06
310860,310871,312433,11,1562,2,9000,1.00704225352
310871,310878,312476,7,1598,2,9000,1.00438047559
310881,310889,312472,8,1583,2,9000,1.00505369551
310892,310898,312478,6,1580,2,9000,1.00379746835
310903,310910,312486,7,1576,2,9000,1.00444162437
310913,310921,312473,8,1552,2,9000,1.00515463918
310924,310930,312496,6,1566,2,9000,1.00383141762
310935,311020,312595,85,1575,2,9000,1.05396825397
310942,310952,311013,10,61,2,7200,1.16393442623
310943,310957,311013,14,56,2,7200,1.25
311018,311027,312582,9,1555,2,9000,1.00578778135
311029,311035,312595,6,1560,2,9000,1.00384615385
311039,311047,312600,8,1553,2,9000,1.00515132003
311050,311056,312592,6,1536,2,9000,1.00390625
311061,311067,312583,6,1516,2,9000,1.00395778364
311071,311077,312661,6,1584,2,9000,1.00378787879
311079,311085,314009,6,2924,2,7200,1.00205198358
311081,311092,314145,11,3053,2,7200,1.00360301343
311082,311097,314206,15,3109,2,7200,1.00482470248
311083,311103,314128,20,3025,2,7200,1.00661157025
311085,311108,313910,23,2802,2,7200,1.00820842256
311086,311113,314238,27,3125,2,7200,1.00864
311088,311120,314162,32,3042,2,7200,1.01051939513
311089,311126,314184,37,3058,2,7200,1.01209941138
311090,311131,314268,41,3137,2,7200,1.01306981192
311092,311136,314262,44,3126,2,7200,1.01407549584
311093,311142,314254,49,3112,2,7200,1.01574550129
311094,311147,314398,53,3251,2,7200,1.0163026761
311096,311178,314020,82,2842,2,7200,1.02885292048
311097,312594,315443,1497,2849,2,7200,1.52544752545
311099,312600,315612,1501,3012,2,7200,1.49833997344
311100,312606,315857,1506,3251,2,7200,1.46324207936
311101,312611,315699,1510,3088,2,7200,1.48898963731
311103,312617,315655,1514,3038,2,7200,1.49835418038
311104,312623,315641,1519,3018,2,7200,1.50331345262
311106,312672,315707,1566,3035,2,7200,1.51598023064
311107,313921,316947,2814,3026,2,7200,1.92994051553
311109,314020,317265,2911,3245,2,7200,1.89707241911
311301,311618,312095,317,477,1,7200,1.66457023061
311956,311963,319297,7,7334,2,14400,1.00095445869
312306,312312,312563,6,251,1,10800,1.02390438247
312341,312348,312598,7,250,1,10800,1.028
312386,312392,320196,6,7804,2,14400,1.00076883649
312927,312934,313404,7,470,1,7200,1.01489361702
313096,313103,318629,7,5526,4,5400,1.00126673905
313644,313650,324359,6,10709,2,43200,1.0005602764
313735,313742,314196,7,454,1,7200,1.0154185022
313911,314031,317102,120,3071,2,7200,1.0390752198
314010,314157,317140,147,2983,2,7200,1.04927924908
314025,314217,317305,192,3088,2,7200,1.0621761658
314130,314140,317009,10,2869,2,7200,1.00348553503
314147,314249,317472,102,3223,2,7200,1.03164753335
314162,314173,317090,11,2917,2,7200,1.0037709976
314186,314195,317368,9,3173,2,7200,1.0028364324
314207,314279,317368,72,3089,2,7200,1.02330851408
314240,314273,317331,33,3058,2,7200,1.01079136691
314255,314265,317204,10,2939,2,7200,1.00340251786
314269,314409,317638,140,3229,2,7200,1.04335707649
314271,315454,318558,1183,3104,2,7200,1.38112113402
314401,315627,318607,1226,2980,2,7200,1.41140939597
315083,315089,315495,6,406,1,7200,1.01477832512
315182,315189,324422,7,9233,2,36000,1.00075815011
315443,315653,318656,210,3003,2,7200,1.06993006993
315461,315467,315490,6,23,4,14400,1.26086956522
315478,315485,315662,7,177,3,36000,1.0395480226
315488,315495,337122,7,21627,4,21600,1.00032366949
315614,315621,333662,7,18041,4,18000,1.0003880051
315615,315869,319038,254,3169,2,7200,1.08015146734
315628,315635,316044,7,409,1,7200,1.01711491443
315642,315710,318781,68,3071,2,7200,1.02214262455
315657,315666,318704,9,3038,2,7200,1.00296247531
315674,315681,316911,7,1230,3,36000,1.00569105691
315702,315718,318751,16,3033,2,7200,1.00527530498
315716,316958,319977,1242,3019,2,7200,1.41139450149
315717,315726,317281,9,1555,2,9000,1.00578778135
315790,315797,331231,7,15434,4,15420,1.00045354412
315860,317101,319878,1241,2777,2,7200,1.44688512784
316012,316018,316272,6,254,1,10800,1.02362204724
316034,316040,316291,6,251,1,10800,1.02390438247
316263,316269,318435,6,2166,1,7200,1.0027700831
316310,316317,316860,7,543,1,7200,1.01289134438
316360,316368,322849,8,6481,2,14400,1.00123437741
316455,316462,317069,7,607,1,7200,1.01153212521
316559,316565,323815,6,7250,1,7200,1.00082758621
316626,316632,317098,6,466,1,7200,1.01287553648
316666,316672,317152,6,480,1,7200,1.0125
316682,316689,317133,7,444,1,7200,1.01576576577
316692,316698,323331,6,6633,2,14400,1.00090456807
316721,316728,317146,7,418,1,7200,1.01674641148
316740,316747,317490,7,743,1,7200,1.00942126514
316800,316807,317339,7,532,1,7200,1.01315789474
316820,316827,317245,7,418,1,7200,1.01674641148
316948,317215,320319,267,3104,2,7200,1.08601804124
317011,317021,320021,10,3000,2,7200,1.00333333333
317072,317078,317496,6,418,3,36000,1.01435406699
317092,317113,320084,21,2971,2,7200,1.00706832716
317107,317151,320240,44,3089,2,7200,1.01424409194
317143,317276,320509,133,3233,2,7200,1.04113826168
317154,317160,319443,6,2283,1,7200,1.00262812089
317206,317342,320432,136,3090,2,7200,1.04401294498
317266,317316,320561,50,3245,2,7200,1.01540832049
317308,317382,320480,74,3098,2,7200,1.02388637831
317330,317336,317595,6,259,1,10800,1.02316602317
317331,317483,320547,152,3064,2,7200,1.04960835509
317343,317350,317606,7,256,1,10800,1.02734375
317369,317376,318120,7,744,3,36000,1.00940860215
317370,317388,320604,18,3216,2,7200,1.00559701493
317372,317649,320760,277,3111,2,7200,1.08903889425
317424,317431,320764,7,3333,1,7200,1.00210021002
317463,317470,320186,7,2716,1,7200,1.00257731959
317474,318569,321633,1095,3064,2,7200,1.35737597911
317536,317543,318359,7,816,3,36000,1.00857843137
317640,318619,321602,979,2983,2,7200,1.3281930942
317692,317700,337605,8,19905,3,36000,1.00040190907
317968,317975,325599,7,7624,2,14400,1.0009181532
318560,318667,321702,107,3035,2,7200,1.0352553542
318611,318716,321723,105,3007,2,7200,1.03491852345
318659,318792,321958,133,3166,2,7200,1.04200884397
318707,318762,321868,55,3106,2,7200,1.01770766259
318752,319050,321967,298,2917,2,7200,1.10215975317
318782,319988,322861,1206,2873,2,7200,1.41977027497
318865,318873,319596,8,723,3,36000,1.01106500692
319042,320033,323230,991,3197,2,7200,1.30997810447
319067,319074,338470,7,19396,3,36000,1.00036089915
319111,319118,319725,7,607,1,7200,1.01153212521
319133,319139,319556,6,417,1,7200,1.01438848921
319346,319353,326429,7,7076,2,14400,1.00098925947
319753,319761,338196,8,18435,3,36000,1.00043395715
319880,319890,322679,10,2789,2,7200,1.00358551452
319980,320095,323067,115,2972,2,7200,1.03869448183
320025,320251,323519,226,3268,2,7200,1.06915544676
320085,320330,323218,245,2888,2,7200,1.08483379501
320242,320520,323684,278,3164,2,7200,1.08786346397
320320,320572,323614,252,3042,2,7200,1.08284023669
320434,320444,323475,10,3031,2,7200,1.00329924117
320449,320456,321989,7,1533,1,7200,1.00456621005
320483,320491,323378,8,2887,2,7200,1.0027710426
320509,320615,323796,106,3181,2,7200,1.03332285445
320549,320558,323743,9,3185,2,7200,1.00282574568
320563,320772,323952,209,3180,2,7200,1.06572327044
320567,320578,323248,11,2670,1,7200,1.00411985019
320587,320594,327820,7,7226,1,7200,1.00096872405
320605,321644,324782,1039,3138,2,7200,1.33110261313
320762,321613,324751,851,3138,2,7200,1.27119184194
320842,320848,325805,6,4957,2,14400,1.00121040952
320985,320991,321016,6,25,1,7200,1.24
321040,321048,322830,8,1782,1,7200,1.00448933782
321088,321094,321810,6,716,1,7200,1.00837988827
321603,321713,324824,110,3111,2,7200,1.03535840566
321633,321734,324736,101,3002,2,7200,1.03364423718
321703,321880,324771,177,2891,2,7200,1.0612244898
321723,321969,325081,246,3112,2,7200,1.07904884319
321868,321978,325096,110,3118,2,7200,1.03527902502
321907,321915,328968,8,7053,2,43200,1.00113426911
321961,322691,325868,730,3177,2,7200,1.22977651873
321973,321985,323642,12,1657,1,7200,1.00724200362
321976,322873,325856,897,2983,2,7200,1.30070398927
322062,322069,323637,7,1568,1,7200,1.00446428571
322681,323241,326303,560,3062,2,7200,1.18288700196
322862,323079,325804,217,2725,2,7200,1.07963302752
322886,322892,332797,6,9905,2,14400,1.00060575467
323070,323534,326432,464,2898,2,7200,1.16011042098
323145,323152,327244,7,4092,2,14400,1.00171065494
323220,323229,326298,9,3069,2,7200,1.00293255132
323235,323486,326695,251,3209,2,7200,1.07821751324
323379,323389,326392,10,3003,2,7200,1.00333000333
323475,323695,326842,220,3147,2,7200,1.06990784874
323521,323754,326959,233,3205,2,7200,1.07269890796
323522,323528,327976,6,4448,1,7200,1.00134892086
323598,323605,325457,7,1852,1,7200,1.00377969762
323617,323626,326602,9,2976,2,7200,1.00302419355
323687,323808,326808,121,3000,2,7200,1.04033333333
323744,323963,326934,219,2971,2,7200,1.0737125547
323798,324747,327656,949,2909,2,7200,1.32622894465
323955,324762,327775,807,3013,2,7200,1.26783936276
323984,324883,709909,899,385026,2,432000,1.00233490725
324738,324794,327911,56,3117,2,7200,1.01796599294
324753,324835,327763,82,2928,2,7200,1.02800546448
324774,324782,327682,8,2900,2,7200,1.00275862069
324789,325092,328090,303,2998,2,7200,1.10106737825
324825,325107,328083,282,2976,2,7200,1.09475806452
325084,325879,329005,795,3126,2,7200,1.25431861804
325098,325867,329096,769,3229,2,7200,1.23815422731
325807,325815,329079,8,3264,2,7200,1.00245098039
325858,326310,329575,452,3265,2,7200,1.13843797856
325873,326317,329627,444,3310,2,7200,1.13413897281
326301,326403,329475,102,3072,2,7200,1.033203125
326316,326707,329674,391,2967,2,7200,1.13178294574
326394,326443,329302,49,2859,2,7200,1.01713885974
326433,326613,329833,180,3220,2,7200,1.05590062112
326605,326853,329945,248,3092,2,7200,1.08020698577
326698,326970,329971,272,3001,2,7200,1.09063645452
326809,326819,329717,10,2898,2,7200,1.00345065562
326843,326945,329829,102,2884,2,7200,1.03536754508
326936,327667,330606,731,2939,2,7200,1.2487240558
326960,327786,330887,826,3101,2,7200,1.26636568849
327656,327693,330818,37,3125,2,7200,1.01184
327683,327923,330963,240,3040,2,7200,1.07894736842
327764,327774,330928,10,3154,2,7200,1.00317057705
327779,328101,331269,322,3168,2,7200,1.10164141414
327915,328094,331216,179,3122,2,7200,1.05733504164
328086,329090,332217,1004,3127,2,7200,1.32107451231
328101,329107,332183,1006,3076,2,7200,1.32704811443
329005,329016,331954,11,2938,2,7200,1.00374404357
329081,329313,332453,232,3140,2,7200,1.07388535032
329099,329587,332613,488,3026,2,7200,1.16126900198
329303,329639,332825,336,3186,2,7200,1.1054613936
329478,329486,332593,8,3107,2,7200,1.00257483103
329578,329847,332805,269,2958,2,7200,1.09093982421
329629,329685,332726,56,3041,2,7200,1.01841499507
329677,329728,332794,51,3066,2,7200,1.01663405088
329719,329956,333077,237,3121,2,7200,1.07593719962
329831,329840,333013,9,3173,2,7200,1.0028364324
329845,329982,333134,137,3152,2,7200,1.04346446701
329948,330618,333781,670,3163,2,7200,1.21182421752
329972,330829,333954,857,3125,2,7200,1.27424
330378,330385,330478,7,93,4,7200,1.0752688172
330514,330521,331170,7,649,4,7200,1.01078582435
330608,330939,333883,331,2944,2,7200,1.11243206522
330819,330898,334058,79,3160,2,7200,1.025
330888,330974,333917,86,2943,2,7200,1.02922188243
330930,331227,334200,297,2973,2,7200,1.09989909183
330966,331280,334313,314,3033,2,7200,1.1035278602
331219,331965,335266,746,3301,2,7200,1.2259921236
331271,332229,335393,958,3164,2,7200,1.30278128951
331956,332194,335171,238,2977,2,7200,1.07994625462
332185,332464,335621,279,3157,2,7200,1.08837503959
332218,332605,335593,387,2988,2,7200,1.12951807229
332230,332236,332238,6,2,2,3540,1.0
332453,332625,335748,172,3123,2,7200,1.05507524816
332594,332817,335783,223,2966,2,7200,1.07518543493
332615,332737,335716,122,2979,2,7200,1.04095334005
332727,332805,335915,78,3110,2,7200,1.02508038585
332797,332837,335827,40,2990,2,7200,1.01337792642
332811,333024,336174,213,3150,2,7200,1.06761904762
332826,333089,336263,263,3174,2,7200,1.08286074354
333016,333145,336125,129,2980,2,7200,1.0432885906
333079,333793,336910,714,3117,2,7200,1.22906641001
333137,333965,336951,828,2986,2,7200,1.27729403885
333782,334069,337276,287,3207,2,7200,1.08949173683
333884,333894,337121,10,3227,2,7200,1.00309885342
333920,333928,337008,8,3080,2,7200,1.0025974026
333956,334211,337372,255,3161,2,7200,1.08067067384
334058,334324,337388,266,3064,2,7200,1.08681462141
334203,335277,338282,1074,3005,2,7200,1.35740432612
334315,335182,338184,867,3002,2,7200,1.28880746169
335065,335072,342305,7,7233,4,7200,1.00096778653
335174,335404,338416,230,3012,2,7200,1.07636122178
335267,335632,338465,365,2833,2,7200,1.1288386869
335393,335604,338707,211,3103,2,7200,1.06799871092
335595,335759,338707,164,2948,2,7200,1.05563093623
335622,335728,338884,106,3156,2,7200,1.03358681876
335718,335926,338765,208,2839,2,7200,1.07326523424
335751,335795,338726,44,2931,2,7200,1.01501194132
335784,335839,338828,55,2989,2,7200,1.01840080294
335829,336185,339341,356,3156,2,7200,1.11280101394
335835,335846,371861,11,36015,1,39600,1.00030542829
335916,336275,339498,359,3223,2,7200,1.11138690661
336127,336136,339286,9,3150,2,7200,1.00285714286
336175,336921,340039,746,3118,2,7200,1.23925593329
336266,337133,340407,867,3274,2,7200,1.26481368357
336911,337019,340199,108,3180,2,7200,1.03396226415
336953,336962,340026,9,3064,2,7200,1.00293733681
337010,337288,340446,278,3158,2,7200,1.08803039899
337124,337383,340355,259,2972,2,7200,1.08714670256
337278,337399,340510,121,3111,2,7200,1.03889424622
337330,337336,337346,6,10,2,600,1.6
337374,338195,341285,821,3090,2,7200,1.26569579288
337389,338293,341291,904,2998,2,7200,1.30153435624
337820,337826,343807,6,5981,3,36000,1.00100317673
337876,337882,337899,6,17,2,600,1.35294117647
338188,338428,341542,240,3114,2,7200,1.07707129094
338284,338718,341952,434,3234,2,7200,1.1341991342
338340,338347,354935,7,16588,3,36000,1.0004219918
338420,338477,341401,57,2924,2,7200,1.01949384405
338468,338895,342060,427,3165,2,7200,1.13491311216
338652,338658,339031,6,373,3,36000,1.01608579088
338709,338723,341871,14,3148,2,7200,1.00444726811
338710,338737,341979,27,3242,2,7200,1.00832819247
338729,338839,341760,110,2921,2,7200,1.03765833619
338768,338776,341882,8,3106,2,7200,1.00257566001
338828,339297,342543,469,3246,2,7200,1.14448552064
338886,339352,342451,466,3099,2,7200,1.15037108745
339129,339135,339154,6,19,3,36000,1.31578947368
339173,339179,340524,6,1345,3,36000,1.00446096654
339286,339509,342497,223,2988,2,7200,1.07463186078
339343,340050,343067,707,3017,2,7200,1.2343387471
339500,340037,343064,537,3027,2,7200,1.17740336967
340027,340211,343265,184,3054,2,7200,1.06024885396
340042,340418,343374,376,2956,2,7200,1.12719891746
340202,340457,343493,255,3036,2,7200,1.08399209486
340358,340366,343310,8,2944,2,7200,1.0027173913
340409,340521,343691,112,3170,2,7200,1.03533123028
340448,341296,344419,848,3123,2,7200,1.27153378162
340511,341302,344511,791,3209,2,7200,1.24649423496
340594,340601,376632,7,36031,3,36000,1.00019427715
341233,341239,341256,6,17,2,600,1.35294117647
341286,341553,344559,267,3006,2,7200,1.08882235529
341301,341414,344340,113,2926,2,7200,1.03861927546
341354,341361,341377,7,16,2,600,1.4375
341402,341408,341417,6,9,2,600,1.5
341403,341771,344629,368,2858,2,7200,1.12876137159
341514,341520,377532,6,36012,1,39600,1.00016661113
341542,341894,344845,352,2951,2,7200,1.11928159946
341762,341882,345036,120,3154,2,7200,1.03804692454
341873,341964,344917,91,2953,2,7200,1.0308161192
341888,341990,345110,102,3120,2,7200,1.03269230769
341954,342071,345097,117,3026,2,7200,1.03866490416
341981,342555,345593,574,3038,2,7200,1.18894009217
342062,342463,345579,401,3116,2,7200,1.12869062901
342399,342405,342413,6,8,2,1800,1.4
342429,342435,342444,6,9,4,1800,1.5
342455,342508,345506,53,2998,2,7200,1.0176784523
342497,343075,346177,578,3102,2,7200,1.1863313991
342546,343082,346145,536,3063,2,7200,1.17499183807
342642,462340,462968,119698,628,256,1800,191.601910828
342647,462979,463657,120332,678,256,1800,178.480825959
342649,463668,464357,121019,689,256,1800,176.644412192
342938,342944,343100,6,156,1,39600,1.03846153846
342991,342998,343004,7,6,2,1800,1.3
343040,343047,343048,7,1,1,240,1.0
343068,343277,346412,209,3135,2,7200,1.06666666667
343069,343321,346077,252,2756,2,7200,1.09143686502
343161,343167,379180,6,36013,1,75600,1.0001666065
343265,343385,346700,120,3315,2,7200,1.03619909502
343313,343504,346754,191,3250,2,7200,1.05876923077
343341,343347,343663,6,316,3,600,1.01898734177
343377,343703,346690,326,2987,2,7200,1.10913960495
343494,344430,347551,936,3121,2,7200,1.29990387696
343526,343532,343690,6,158,3,600,1.03797468354
343693,344523,347460,830,2937,2,7200,1.28260129384
343934,343941,379968,7,36027,1,39600,1.00019429872
344341,344351,347637,10,3286,2,7200,1.00304321363
344422,344570,347649,148,3079,2,7200,1.0480675544
344512,344640,347517,128,2877,2,7200,1.04449078902
344561,345047,348060,486,3013,2,7200,1.16130102887
344630,344856,347827,226,2971,2,7200,1.07606866375
344847,344928,348060,81,3132,2,7200,1.02586206897
344919,345121,348056,202,2935,2,7200,1.06882453152
345037,345108,348079,71,2971,2,7200,1.02389767755
345100,345591,348738,491,3147,2,7200,1.15602160788
345115,345517,348429,402,2912,2,7200,1.13804945055
345330,345337,345953,7,616,3,600,1.01136363636
345366,345372,345991,6,619,3,600,1.00969305331
345507,345605,348660,98,3055,2,7200,1.03207855974
345582,346089,349201,507,3112,2,7200,1.16291773779
345597,346188,349235,591,3047,2,7200,1.19396127338
346079,346156,349367,77,3211,2,7200,1.02398006851
346148,346424,349634,276,3210,2,7200,1.08598130841
346178,346711,349812,533,3101,2,7200,1.1718800387
346413,346766,349784,353,3018,2,7200,1.1169648774
346693,346701,349800,8,3099,2,7200,1.0025814779
346708,347529,350584,821,3055,2,7200,1.26873977087
346756,347648,350651,892,3003,2,7200,1.29703629704
347462,347471,350662,9,3191,2,7200,1.00282043247
347519,347562,350548,43,2986,2,7200,1.01440053583
347552,347660,350736,108,3076,2,7200,1.03511053316
347640,347838,350879,198,3041,2,7200,1.06511016113
347654,348067,351210,413,3143,2,7200,1.13140311804
347829,348074,351328,245,3254,2,7200,1.07529194837
348055,348080,351121,25,3041,2,7200,1.00822097994
348071,348090,351259,19,3169,2,7200,1.0059955822
348072,348440,351415,368,2975,2,7200,1.12369747899
348087,348749,351916,662,3167,2,7200,1.20903062835
348430,348671,351763,241,3092,2,7200,1.07794307891
348663,349212,352149,549,2937,2,7200,1.18692543412
348741,349379,352366,638,2987,2,7200,1.21359223301
349204,349246,352181,42,2935,2,7200,1.01431005111
349237,349645,352781,408,3136,2,7200,1.13010204082
349370,349811,352956,441,3145,2,7200,1.14022257552
349635,349824,352927,189,3103,2,7200,1.06090879794
349786,349795,352832,9,3037,2,7200,1.00296345077
349801,350674,353740,873,3066,2,7200,1.28473581213
349816,350596,353813,780,3217,2,7200,1.24246192104
350548,350559,353523,11,2964,2,7200,1.00371120108
350588,350663,353761,75,3098,2,7200,1.0242091672
350654,350747,353794,93,3047,2,7200,1.03052182475
350669,350891,354134,222,3243,2,7200,1.06845513414
350738,351221,354282,483,3061,2,7200,1.15779157138
350882,351339,354429,457,3090,2,7200,1.14789644013
351124,351132,354094,8,2962,2,7200,1.00270087779
351211,351270,354399,59,3129,2,7200,1.01885586449
351260,351426,354654,166,3228,2,7200,1.05142503098
351329,351775,355039,446,3264,2,7200,1.13664215686
351416,351927,354778,511,2851,2,7200,1.17923535602
351766,352160,355317,394,3157,2,7200,1.12480202724
351917,352192,355262,275,3070,2,7200,1.08957654723
352149,352377,355615,228,3238,2,7200,1.0704138357
352182,352792,356061,610,3269,2,7200,1.18660140716
352369,352843,356058,474,3215,2,7200,1.14743390358
352782,352967,355928,185,2961,2,7200,1.06247889227
352833,352938,355744,105,2806,2,7200,1.03741981468
352929,353534,356532,605,2998,2,7200,1.2018012008
352956,353824,356686,868,2862,2,7200,1.30328441649
353523,353772,356902,249,3130,2,7200,1.07955271565
353743,353751,356887,8,3136,2,7200,1.00255102041
353765,353805,356911,40,3106,2,7200,1.01287830006
353795,354145,357086,350,2941,2,7200,1.11900714043
353816,354105,357164,289,3059,2,7200,1.09447531873
354096,354294,357289,198,2995,2,7200,1.06611018364
354135,354410,357513,275,3103,2,7200,1.08862391234
354269,354275,354282,6,7,1,3600,1.3
354283,354440,357553,157,3113,2,7200,1.05043366527
354390,354397,354512,7,115,1,3600,1.06086956522
354401,354665,357619,264,2954,2,7200,1.08937034529
354431,355050,358057,619,3007,2,7200,1.20585300964
354643,354650,354909,7,259,1,3600,1.02702702703
354654,354789,357926,135,3137,2,7200,1.04303474657
354778,355328,358517,550,3189,2,7200,1.17246785826
355041,355273,358328,232,3055,2,7200,1.0759410802
355149,355156,355728,7,572,1,3600,1.01223776224
355264,355626,358709,362,3083,2,7200,1.11741809925
355318,356075,359163,757,3088,2,7200,1.24514248705
355616,356069,359084,453,3015,2,7200,1.15024875622
355746,355756,358882,10,3126,2,7200,1.00319897633
355930,355939,359111,9,3172,2,7200,1.00283732661
356060,356543,359748,483,3205,2,7200,1.15070202808
356071,356083,357682,12,1599,2,9000,1.00750469043
356075,356697,359875,622,3178,2,7200,1.19572057898
356273,356280,359885,7,3605,1,3600,1.00194174757
356533,356899,360063,366,3164,2,7200,1.11567635904
356687,356913,360087,226,3174,2,7200,1.07120352867
356889,356923,359860,34,2937,2,7200,1.01157643854
356904,357175,360175,271,3000,2,7200,1.09033333333
356919,357097,359964,178,2867,2,7200,1.06208580398
357088,357300,360497,212,3197,2,7200,1.06631216766
357166,357524,360610,358,3086,2,7200,1.11600777706
357290,357564,360701,274,3137,2,7200,1.08734459675
357513,357630,360702,117,3072,2,7200,1.0380859375
357556,357937,361110,381,3173,2,7200,1.1200756382
357622,358068,361221,446,3153,2,7200,1.14145258484
357827,357833,357842,6,9,1,1800,1.5
357927,358339,361479,412,3140,2,7200,1.13121019108
357988,357995,358074,7,79,1,1800,1.08860759494
358059,358528,361738,469,3210,2,7200,1.146105919
358189,358196,358314,7,118,1,3600,1.0593220339
358289,358296,358397,7,101,1,1800,1.06930693069
358330,358721,361859,391,3138,2,7200,1.12460165711
358444,358451,358707,7,256,1,3600,1.02734375
358517,358893,361992,376,3099,2,7200,1.12132946112
358710,359122,362057,412,2935,2,7200,1.14037478705
358848,358854,359235,6,381,1,1800,1.0157480315
358882,359096,362120,214,3024,2,7200,1.07076719577
358938,358945,359527,7,582,1,3600,1.01202749141
359087,359175,362165,88,2990,2,7200,1.02943143813
359114,359760,362798,646,3038,2,7200,1.21263989467
359166,359871,362743,705,2872,2,7200,1.2454735376
359751,359891,362972,140,3081,2,7200,1.04543979228
359863,360074,363322,211,3248,2,7200,1.06496305419
359878,360098,363218,220,3120,2,7200,1.07051282051
359878,359885,359892,7,7,1,1800,1.4
359965,359975,363140,10,3165,2,7200,1.00315955766
359989,359996,360084,7,88,1,3600,1.07954545455
360028,360035,360079,7,44,1,1800,1.15909090909
360065,360186,363320,121,3134,2,7200,1.03860880664
360089,360508,363621,419,3113,2,7200,1.13459685191
360176,360622,363569,446,2947,2,7200,1.15134034611
360214,360221,360523,7,302,1,3600,1.02317880795
360325,360332,360406,7,74,1,1800,1.09459459459
360367,360373,360490,6,117,1,3600,1.05128205128
360499,360713,363806,214,3093,2,7200,1.06918849014
360608,360614,360858,6,244,1,3600,1.02459016393
360614,360719,363641,105,2922,2,7200,1.03593429158
360704,361121,364079,417,2958,2,7200,1.14097363083
360706,361233,364250,527,3017,2,7200,1.17467683129
360815,360821,361422,6,601,1,3600,1.00998336106
361056,361063,361323,7,260,1,1800,1.02692307692
361113,361491,364506,378,3015,2,7200,1.12537313433
361140,361147,361640,7,493,1,3600,1.01419878296
361224,361750,364896,526,3146,2,7200,1.16719643992
361480,361870,365096,390,3226,2,7200,1.12089274644
361740,362003,364790,263,2787,2,7200,1.09436670255
361861,362131,365233,270,3102,2,7200,1.08704061896
361959,361966,363040,7,1074,4,4500,1.00651769088
361993,362068,365236,75,3168,2,7200,1.02367424242
362060,362176,365159,116,2983,2,7200,1.03888702648
362124,362809,366027,685,3218,2,7200,1.21286513362
362166,362754,365817,588,3063,2,7200,1.19196865818
362745,362983,365989,238,3006,2,7200,1.07917498337
362799,363152,366215,353,3063,2,7200,1.11524649037
362974,363338,366467,364,3129,2,7200,1.1163310962
363061,363067,365369,6,2302,2,4500,1.00260642919
363143,363230,366210,87,2980,2,7200,1.02919463087
363221,363331,366318,110,2987,2,7200,1.03682624707
363321,363632,366836,311,3204,2,7200,1.09706616729
363335,363345,364893,10,1548,2,9000,1.00645994832
363336,363580,366586,244,3006,2,7200,1.08117099135
363571,363652,366750,81,3098,2,7200,1.02614590058
363622,363818,366923,196,3105,2,7200,1.06312399356
363644,364090,367413,446,3323,2,7200,1.13421606982
363809,364262,367399,453,3137,2,7200,1.14440548295
364081,364518,367683,437,3165,2,7200,1.13807266983
364253,364908,368119,655,3211,2,7200,1.2039862971
364509,365107,368227,598,3120,2,7200,1.19166666667
364792,364802,367805,10,3003,2,7200,1.00333000333
364898,365251,368488,353,3237,2,7200,1.10905159098
365097,365244,368460,147,3216,2,7200,1.04570895522
365160,365170,368339,10,3169,2,7200,1.00315556958
365235,365829,368845,594,3016,2,7200,1.19694960212
365250,366038,369290,788,3252,2,7200,1.24231242312
365449,365457,365538,8,81,1,1800,1.0987654321
365772,365778,365869,6,91,1,1800,1.06593406593
365821,366001,369070,180,3069,2,7200,1.05865102639
365993,366228,369157,235,2929,2,7200,1.08023216115
365995,366007,374400,12,8393,4,9000,1.0014297629
366029,366221,369198,192,2977,2,7200,1.06449445751
366213,366330,369505,117,3175,2,7200,1.0368503937
366225,366235,367846,10,1611,2,9000,1.00620732464
366228,366478,369551,250,3073,2,7200,1.081353726
366321,366597,369630,276,3033,2,7200,1.09099901088
366353,366360,366731,7,371,1,1800,1.01886792453
366469,366847,370207,378,3360,2,7200,1.1125
366590,366762,369780,172,3018,2,7200,1.05699138502
366753,366934,370141,181,3207,2,7200,1.0564390396
366837,367425,370448,588,3023,2,7200,1.19450876613
366925,367410,370679,485,3269,2,7200,1.14836341389
367401,367695,370860,294,3165,2,7200,1.09289099526
367416,367816,370973,400,3157,2,7200,1.12670256573
367684,368130,371300,446,3170,2,7200,1.14069400631
367808,368238,371358,430,3120,2,7200,1.13782051282
367856,367862,367907,6,45,1,1800,1.13333333333
368121,368351,371624,230,3273,2,7200,1.07027192178
368143,368150,368231,7,81,1,1800,1.08641975309
368230,368471,371420,241,2949,2,7200,1.08172261784
368342,368499,371711,157,3212,2,7200,1.04887920299
368462,368856,372101,394,3245,2,7200,1.12141756549
368489,369081,372031,592,2950,2,7200,1.2006779661
368835,368841,369090,6,249,1,1800,1.02409638554
368848,369301,372075,453,2774,2,7200,1.16330209084
369072,369209,372099,137,2890,2,7200,1.04740484429
369159,369168,372227,9,3059,2,7200,1.00294213795
369198,369516,372550,318,3034,2,7200,1.1048121292
369292,369562,372824,270,3262,2,7200,1.08277130595
369506,369641,372525,135,2884,2,7200,1.04680998613
369554,369792,373016,238,3224,2,7200,1.07382133995
369632,370218,373130,586,2912,2,7200,1.20123626374
369783,370152,373095,369,2943,2,7200,1.125382263
370142,370690,373936,548,3246,2,7200,1.16882316697
370209,370459,373593,250,3134,2,7200,1.07977026165
370450,370872,374101,422,3229,2,7200,1.13069061629
370682,370984,374062,302,3078,2,7200,1.09811565952
370863,371311,374250,448,2939,2,7200,1.15243280027
370974,371370,374394,396,3024,2,7200,1.13095238095
371173,371180,373836,7,2656,1,14400,1.00263554217
371303,371636,374736,333,3100,2,7200,1.10741935484
371361,371431,374584,70,3153,2,7200,1.02220107834
371421,371723,374585,302,2862,2,7200,1.10552061495
371626,372086,375286,460,3200,2,7200,1.14375
371713,372042,375200,329,3158,2,7200,1.10417986067
372033,372117,375241,84,3124,2,7200,1.02688860435
372078,372238,375385,160,3147,2,7200,1.05084207181
372103,372110,375172,7,3062,2,7200,1.00228608752
372104,372561,375721,457,3160,2,7200,1.14462025316
372228,372835,375959,607,3124,2,7200,1.1943021767
372344,372351,374269,7,1918,4,9000,1.00364963504
372527,372536,375671,9,3135,2,7200,1.0028708134
372551,373027,376094,476,3067,2,7200,1.15520052168
372825,373106,376100,281,2994,2,7200,1.09385437542
372967,464417,637233,91450,172816,4,172800,1.5291755393
373018,373141,376159,123,3018,2,7200,1.0407554672
373097,373604,376736,507,3132,2,7200,1.16187739464
373133,373947,377012,814,3065,2,7200,1.26557911909
373595,374112,376977,517,2865,2,7200,1.18045375218
373938,374073,377171,135,3098,2,7200,1.04357650097
374065,374261,377489,196,3228,2,7200,1.06071871128
374104,374405,377527,301,3122,2,7200,1.09641255605
374252,374596,377926,344,3330,2,7200,1.1033033033
374397,374747,377861,350,3114,2,7200,1.11239563263
374475,374482,374532,7,50,1,14400,1.14
374498,464437,637274,89939,172837,4,172800,1.52036890249
374575,374581,374613,6,32,1,14400,1.1875
374587,374602,377624,15,3022,2,7200,1.00496360026
374589,375211,378245,622,3034,2,7200,1.20500988794
374645,374652,376602,7,1950,1,14400,1.00358974359
374737,375297,378122,560,2825,2,7200,1.1982300885
375174,375183,378062,9,2879,2,7200,1.00312608545
375201,375252,378223,51,2971,2,7200,1.01716593739
375243,375396,378296,153,2900,2,7200,1.05275862069
375282,375682,378604,400,2922,2,7200,1.13689253936
375388,375732,378759,344,3027,2,7200,1.11364387182
375675,375970,379109,295,3139,2,7200,1.0939789742
375723,376105,379316,382,3211,2,7200,1.11896605419
375961,376112,379283,151,3171,2,7200,1.04761904762
376096,376170,379209,74,3039,2,7200,1.02435011517
376111,376747,380028,636,3281,2,7200,1.19384334044
376163,377023,379970,860,2947,2,7200,1.29182219206
376739,377183,380336,444,3153,2,7200,1.14081826832
376977,376988,380023,11,3035,2,7200,1.00362438221
377014,377500,380652,486,3152,2,7200,1.15418781726
377174,377538,380445,364,2907,2,7200,1.12521499828
377242,377250,377624,8,374,3,36000,1.02139037433
377387,377393,380391,6,2998,2,14400,1.00200133422
377490,377635,380640,145,3005,2,7200,1.04825291181
377529,377937,380884,408,2947,2,7200,1.13844587716
377626,377872,380794,246,2922,2,7200,1.0841889117
377677,377683,378414,6,731,3,36000,1.00820793434
377694,377701,378171,7,470,3,36000,1.01489361702
377858,378073,381175,215,3102,2,7200,1.0693101225
377928,378256,380998,328,2742,2,7200,1.11962071481
378064,378234,381196,170,2962,2,7200,1.05739365294
378124,378134,381327,10,3193,2,7200,1.00313185092
378203,378210,396795,7,18585,4,18540,1.00037664783
378223,378307,381401,84,3094,2,7200,1.02714932127
378247,378615,381504,368,2889,2,7200,1.12737971616
378299,378770,381840,471,3070,2,7200,1.15342019544
378334,378341,393331,7,14990,4,14940,1.00046697799
378498,378505,382802,7,4297,3,36000,1.00162904352
378606,379121,382264,515,3143,2,7200,1.16385618836
378704,378710,393148,6,14438,1,14400,1.00041557002
378761,379327,382589,566,3262,2,7200,1.1735131821
379110,379295,382369,185,3074,2,7200,1.06018217306
379210,379220,382336,10,3116,2,7200,1.00320924262
379285,380041,383153,756,3112,2,7200,1.24293059126
379319,380034,383204,715,3170,2,7200,1.22555205047
379444,379451,380033,7,582,1,14400,1.01202749141
379445,379468,379858,23,390,1,14400,1.05897435897
379445,379479,380542,34,1063,1,14400,1.03198494826
379445,379474,379475,29,1,1,14400,3.0
379445,379462,380508,17,1046,1,14400,1.01625239006
379445,379457,379458,12,1,1,14400,1.3
379446,379496,381003,50,1507,1,14400,1.03317850033
379446,379501,380372,55,871,1,14400,1.06314580941
379446,379485,380820,39,1335,1,14400,1.02921348315
379446,379490,380333,44,843,1,14400,1.0521945433
379447,379517,380501,70,984,1,14400,1.07113821138
379447,379507,380060,60,553,1,14400,1.10849909584
379447,379512,380013,65,501,1,14400,1.12974051896
379447,379523,380795,76,1272,1,14400,1.05974842767
379448,379534,380371,86,837,1,14400,1.1027479092
379448,379529,380364,81,835,1,14400,1.09700598802
379448,379545,380524,97,979,1,14400,1.09908069459
379449,379567,380764,118,1197,1,14400,1.09857978279
379449,379551,380929,102,1378,1,14400,1.0740203193
379449,379556,380096,107,540,1,14400,1.19814814815
379449,379561,379820,112,259,1,14400,1.43243243243
379450,379572,380306,122,734,1,14400,1.16621253406
379450,379583,381717,133,2134,1,14400,1.06232427366
379450,379578,380859,128,1281,1,14400,1.09992193599
379451,379594,380243,143,649,1,14400,1.22033898305
379451,379599,380205,148,606,1,14400,1.24422442244
379451,379589,381070,138,1481,1,14400,1.09318028359
379452,379616,380733,164,1117,1,14400,1.14682184423
379452,379605,380744,153,1139,1,14400,1.13432835821
379452,379610,380792,158,1182,1,14400,1.13367174281
379453,379626,379627,173,1,1,14400,17.4
379453,379637,380021,184,384,1,14400,1.47916666667
379453,379632,380184,179,552,1,14400,1.32427536232
379453,379621,380498,168,877,1,14400,1.19156214367
379454,379659,380779,205,1120,1,14400,1.18303571429
379454,379643,381442,189,1799,1,14400,1.10505836576
379454,379654,381205,200,1551,1,14400,1.12894906512
379454,379648,381132,194,1484,1,14400,1.1307277628
379455,379681,382131,226,2450,1,14400,1.09224489796
379455,379675,380411,220,736,1,14400,1.29891304348
379455,379670,380295,215,625,1,14400,1.344
379455,379664,379665,209,1,1,14400,21.0
379456,379702,380141,246,439,1,14400,1.56036446469
379456,379686,381100,230,1414,1,14400,1.16265912306
379456,379691,380952,235,1261,1,14400,1.18636003172
379456,379697,380899,241,1202,1,14400,1.20049916805
379457,379713,380490,256,777,1,14400,1.32947232947
379457,379708,381073,251,1365,1,14400,1.18388278388
379457,379718,382178,261,2460,1,14400,1.10609756098
379458,379724,384704,266,4980,1,14400,1.05341365462
379458,379729,381632,271,1903,1,14400,1.14240672622
379489,379736,386873,247,7137,2,18000,1.03460837887
379974,379981,382991,7,3010,2,7200,1.0023255814
380026,380347,383123,321,2776,2,7200,1.11563400576
380041,380685,383841,644,3156,2,7200,1.20405576679
380339,380651,383672,312,3021,2,7200,1.10327706058
380381,380393,380395,12,2,1,14400,1.4
380381,380388,380985,7,597,1,14400,1.01172529313
380382,380405,380811,23,406,1,14400,1.05665024631
380382,380400,382407,18,2007,1,14400,1.00896860987
380382,380410,380411,28,1,1,14400,2.9
380383,380416,382340,33,1924,1,14400,1.01715176715
380383,380432,382849,49,2417,1,14400,1.02027306578
380383,380426,382006,43,1580,1,14400,1.02721518987
380383,380421,384885,38,4464,1,14400,1.0085125448
380384,380450,380906,66,456,1,14400,1.14473684211
380384,380456,382258,72,1802,1,14400,1.03995560488
380384,380445,380943,61,498,1,14400,1.12248995984
380384,380440,381538,56,1098,1,14400,1.05100182149
380385,380466,381507,81,1041,1,14400,1.07780979827
380385,380477,380478,92,1,1,14400,9.3
380385,380483,382894,98,2411,1,14400,1.04064703443
380385,380472,382942,87,2470,1,14400,1.03522267206
380385,380461,394545,76,14084,1,14400,1.00539619426
380386,380499,380821,113,322,1,14400,1.35093167702
380386,380488,386936,102,6448,1,14400,1.01581885856
380386,380493,382438,107,1945,1,14400,1.05501285347
380386,380509,382471,123,1962,1,14400,1.0626911315
380387,380525,382800,138,2275,1,14400,1.06065934066
380387,380514,381592,127,1078,1,14400,1.11781076067
380387,380519,384783,132,4264,1,14400,1.03095684803
380388,380536,381244,148,708,1,14400,1.20903954802
380388,380541,383849,153,3308,1,14400,1.04625151149
380388,380530,391657,142,11127,1,14400,1.0127617507
380389,380557,382816,168,2259,1,14400,1.07436918991
380389,380546,382071,157,1525,1,14400,1.10295081967
380389,380552,383185,163,2633,1,14400,1.06190657045
380390,380568,380569,178,1,1,14400,17.9
380390,380573,381080,183,507,1,14400,1.36094674556
380390,380578,380994,188,416,1,14400,1.45192307692
380390,380562,382763,172,2201,1,14400,1.07814629714
380391,380589,382005,198,1416,1,14400,1.13983050847
380391,380600,381715,209,1115,1,14400,1.18744394619
380391,380595,382410,204,1815,1,14400,1.11239669421
380391,380584,383742,193,3158,1,14400,1.06111462951
380392,380617,381248,225,631,1,14400,1.35657686212
380392,380611,380895,219,284,1,14400,1.77112676056
380392,380622,382761,230,2139,1,14400,1.10752688172
380393,380644,381121,251,477,1,14400,1.52620545073
380393,380638,383776,245,3138,1,14400,1.07807520714
380393,380627,383724,234,3097,1,14400,1.07555699064
380393,380633,384067,240,3434,1,14400,1.06988934188
380394,380656,382336,262,1680,1,14400,1.15595238095
380394,380662,382983,268,2321,1,14400,1.11546747092
380394,380667,382806,273,2139,1,14400,1.12762973352
380395,380673,390041,278,9368,1,14400,1.02967549103
380395,380678,382547,283,1869,1,14400,1.15141787052
380447,380690,383888,243,3198,2,7200,1.07598499062
380471,464374,896383,83903,432009,20,432000,1.19421586124
380505,464379,896386,83874,432007,20,432000,1.19414963183
380557,464385,896435,83828,432050,20,432000,1.19402383983
380598,464390,896433,83792,432043,20,432000,1.19394365839
380644,380805,383887,161,3082,2,7200,1.05223880597
380659,380895,383930,236,3035,2,7200,1.07775947282
380795,381009,384201,214,3192,2,7200,1.06704260652
380885,381187,384181,302,2994,2,7200,1.10086840347
381000,381339,384372,339,3033,2,7200,1.11177052423
381063,381071,384696,8,3625,25,3600,1.00220689655
381178,381208,384136,30,2928,2,7200,1.01024590164
381199,381412,384477,213,3065,2,7200,1.06949429038
381329,381515,384653,186,3138,2,7200,1.05927342256
381404,381851,384690,447,2839,2,7200,1.15744980627
381506,382275,385367,769,3092,2,7200,1.24870633894
381725,381731,381788,6,57,4,10800,1.10526315789
381792,381798,387766,6,5968,1,10800,1.00100536193
381841,382347,385488,506,3141,2,7200,1.16109519261
381863,381869,386563,6,4694,2,18000,1.00127822752
382266,382380,385596,114,3216,2,7200,1.03544776119
382338,382610,385719,272,3109,2,7200,1.08748793824
382371,383002,385935,631,2933,2,7200,1.21513808387
382468,382480,382888,12,408,1,14400,1.02941176471
382468,382475,382791,7,316,1,14400,1.02215189873
382469,382485,382882,16,397,1,14400,1.040302267
382469,382502,382503,33,1,1,14400,3.4
382469,382492,382881,23,389,1,14400,1.05912596401
382470,382524,382919,54,395,1,14400,1.13670886076
382470,382518,383018,48,500,1,14400,1.096
382470,382513,382740,43,227,1,14400,1.18942731278
382470,382529,383893,59,1364,1,14400,1.04325513196
382471,382550,383540,79,990,1,14400,1.0797979798
382471,382540,382852,69,312,1,14400,1.22115384615
382471,382545,382807,74,262,1,14400,1.28244274809
382471,382534,382957,63,423,1,14400,1.14893617021
382472,382577,382841,105,264,1,14400,1.39772727273
382472,382566,382877,94,311,1,14400,1.30225080386
382472,382571,382834,99,263,1,14400,1.37642585551
382472,382561,382764,89,203,1,14400,1.43842364532
382472,382556,385558,84,3002,1,14400,1.02798134577
382473,382582,382583,109,1,1,14400,11.0
382473,382598,383113,125,515,1,14400,1.2427184466
382473,382587,382849,114,262,1,14400,1.43511450382
382473,382593,382856,120,263,1,14400,1.45627376426
382474,382603,382604,129,1,1,14400,13.0
382540,382616,382763,76,147,1,14400,1.51700680272
382540,382621,382803,81,182,1,14400,1.44505494505
382541,382627,382844,86,217,1,14400,1.39631336406
382541,382632,382852,91,220,1,14400,1.41363636364
382541,382642,382643,101,1,1,14400,10.2
382541,382637,382638,96,1,1,14400,9.7
382542,382653,382813,111,160,1,14400,1.69375
382542,382669,382670,127,1,1,14400,12.8
382542,382658,382659,116,1,1,14400,11.7
382543,382680,382843,137,163,1,14400,1.84049079755
382543,382696,382815,153,119,1,14400,2.28571428571
382543,382691,382846,148,155,1,14400,1.95483870968
382543,382685,382841,142,156,1,14400,1.91025641026
382543,382675,382896,132,221,1,14400,1.59728506787
382544,382701,382879,157,178,1,14400,1.88202247191
382544,382707,382860,163,153,1,14400,2.06535947712
382544,382723,382724,179,1,1,14400,18.0
382544,382712,382864,168,152,1,14400,2.10526315789
382544,382717,382868,173,151,1,14400,2.14569536424
382545,382739,384463,194,1724,1,14400,1.11252900232
382545,382728,382881,183,153,1,14400,2.19607843137
382545,382733,382886,188,153,1,14400,2.22875816993
382546,382744,382745,198,1,1,14400,19.9
382591,383216,386365,625,3149,2,7200,1.19847570657
382881,464412,752417,81531,288005,4,288000,1.28308883526
382992,383164,386330,172,3166,2,7200,1.05432722678
383125,383134,386274,9,3140,2,7200,1.00286624204
383155,383683,386863,528,3180,2,7200,1.16603773585
383206,383852,386914,646,3062,2,7200,1.21097322012
383674,383905,387034,231,3129,2,7200,1.07382550336
383842,383898,387205,56,3307,2,7200,1.01693377684
383891,383941,386813,50,2872,2,7200,1.01740947075
383892,384212,387163,320,2951,2,7200,1.10843781769
383932,384193,387238,261,3045,2,7200,1.08571428571
384137,384147,387339,10,3192,2,7200,1.00313283208
384163,384171,385905,8,1734,1,7200,1.00461361015
384182,384384,387630,202,3246,2,7200,1.06223043746
384190,384200,385814,10,1614,1,7200,1.00619578686
384203,384489,387515,286,3026,2,7200,1.09451421018
384301,384308,389006,7,4698,1,7200,1.00148999574
384360,384367,388920,7,4553,1,7200,1.00153744784
384376,384664,387454,288,2790,2,7200,1.10322580645
384460,384467,393635,7,9168,2,18000,1.00076352531
384478,384701,387885,223,3184,2,7200,1.07003768844
384656,385378,388507,722,3129,2,7200,1.23074464685
384678,384684,389355,6,4671,2,18000,1.00128452152
384692,385499,388734,807,3235,2,7200,1.24945904173
385018,385025,392251,7,7226,9,7200,1.00096872405
385049,385055,386871,6,1816,1,7200,1.00330396476
385067,385074,385133,7,59,16,7200,1.1186440678
385235,385242,392025,7,6783,16,7200,1.00103199174
385288,385294,392980,6,7686,2,18000,1.00078064012
385371,385607,388681,236,3074,2,7200,1.07677293429
385491,385730,388847,239,3117,2,7200,1.07667629131
385597,385947,388942,350,2995,2,7200,1.11686143573
385720,386285,389294,565,3009,2,7200,1.18777002326
385937,386341,389336,404,2995,2,7200,1.13489148581
386275,386376,389530,101,3154,2,7200,1.03202282815
386301,386308,422323,7,36015,1,36000,1.00019436346
386333,386991,390200,658,3209,2,7200,1.20504830165
386369,386996,390238,627,3242,2,7200,1.19339913634
386370,438738,582783,52368,144045,1,144000,1.36355305634
386379,386387,388307,8,1920,1,7200,1.00416666667
386402,386409,387906,7,1497,1,7200,1.0046760187
386585,386591,390016,6,3425,8,3600,1.00175182482
386655,386679,388064,24,1385,1,14400,1.01732851986
386655,386661,386946,6,285,1,7200,1.02105263158
386655,386667,387127,12,460,1,14400,1.02608695652
386655,386672,387795,17,1123,1,14400,1.01513802315
386656,386695,387899,39,1204,1,14400,1.03239202658
386656,386684,387673,28,989,1,14400,1.02831142568
386656,386689,387716,33,1027,1,14400,1.03213242454
386657,386700,387213,43,513,1,14400,1.08382066277
386657,386711,387781,54,1070,1,14400,1.05046728972
386657,386705,387917,48,1212,1,14400,1.0396039604
386657,386716,387615,59,899,1,14400,1.06562847608
386657,386721,386722,64,1,1,14400,6.5
386658,386727,387382,69,655,1,14400,1.10534351145
386658,386732,387841,74,1109,1,14400,1.06672678088
386658,386743,387654,85,911,1,14400,1.09330406147
386658,386737,386738,79,1,1,14400,8.0
386659,386759,388113,100,1354,1,14400,1.07385524372
386659,386764,387664,105,900,1,14400,1.11666666667
386659,386769,388058,110,1289,1,14400,1.08533747091
386659,386753,389438,94,2685,1,14400,1.03500931099
386659,386748,388040,89,1292,1,14400,1.06888544892
386660,386780,389472,120,2692,1,14400,1.04457652303
386660,386791,388647,131,1856,1,14400,1.07058189655
386660,386775,387700,115,925,1,14400,1.12432432432
386660,386785,387149,125,364,1,14400,1.34340659341
386661,386807,389362,146,2555,1,14400,1.05714285714
386661,386801,387384,140,583,1,14400,1.24013722127
386661,386796,390019,135,3223,1,14400,1.0418864412
386661,386812,387830,151,1018,1,14400,1.14833005894
386662,386833,386834,171,1,1,14400,17.2
386662,386828,387799,166,971,1,14400,1.17095777549
386662,386817,387278,155,461,1,14400,1.33622559653
386662,386823,388420,161,1597,1,14400,1.1008140263
386663,386850,394099,187,7249,1,14400,1.02579666161
386663,386855,387310,192,455,1,14400,1.42197802198
386664,386877,387372,213,495,1,14400,1.4303030303
386664,386860,388219,196,1359,1,14400,1.14422369389
386664,386871,387367,207,496,1,14400,1.41733870968
386665,386887,387674,222,787,1,14400,1.28208386277
386665,386893,388267,228,1374,1,14400,1.16593886463
386665,386898,388968,233,2070,1,14400,1.11256038647
386665,386882,390001,217,3119,1,14400,1.06957358128
386666,386919,399658,253,12739,1,14400,1.01986027161
386666,386914,389838,248,2924,1,14400,1.08481532148
386666,386903,388304,237,1401,1,14400,1.16916488223
386666,386925,393232,259,6307,1,14400,1.0410654828
386667,386935,387917,268,982,1,14400,1.27291242363
386667,386941,388234,274,1293,1,14400,1.21191028616
386667,386930,388001,263,1071,1,14400,1.24556489262
386668,386957,401379,289,14422,1,14400,1.02003882957
386668,386951,389764,283,2813,1,14400,1.10060433701
386668,386962,391931,294,4969,1,14400,1.05916683437
386668,386946,388169,278,1223,1,14400,1.2273098937
386669,386984,388245,315,1261,1,14400,1.24980174465
386669,386978,393543,309,6565,1,14400,1.0470677837
386669,386968,387948,299,980,1,14400,1.30510204082
386669,386973,387812,304,839,1,14400,1.36233611442
386815,387002,390111,187,3109,2,7200,1.06014795754
386842,387013,388113,171,1100,1,14400,1.15545454545
386842,387008,387681,166,673,1,14400,1.24665676077
386842,387019,387827,177,808,1,14400,1.21905940594
386843,387029,387958,186,929,1,14400,1.20021528525
386843,387024,388138,181,1114,1,14400,1.16247755835
386843,387035,388810,192,1775,1,14400,1.10816901408
386843,387040,390087,197,3047,1,14400,1.06465375779
386845,387073,388093,228,1020,1,14400,1.22352941176
386845,387067,390396,222,3329,1,14400,1.0666866927
386845,387078,387079,233,1,1,14400,23.4
386845,387089,390761,244,3672,1,14400,1.06644880174
386845,387084,388020,239,936,1,14400,1.25534188034
386846,387111,394811,265,7700,1,14400,1.03441558442
386846,387106,390117,260,3011,1,14400,1.08635004982
386846,387100,388474,254,1374,1,14400,1.18486171761
386846,387095,389888,249,2793,1,14400,1.08915145005
386847,387133,390140,286,3007,1,14400,1.09511140672
386847,387139,388807,292,1668,1,14400,1.17505995204
386847,387122,389262,275,2140,1,14400,1.1285046729
386847,387128,388878,281,1750,1,14400,1.16057142857
386847,387117,388160,270,1043,1,14400,1.25886864813
386848,387150,390047,302,2897,1,14400,1.10424577149
386848,387144,387575,296,431,1,14400,1.686774942
386848,387155,390709,307,3554,1,14400,1.08638154192
386848,387161,387825,313,664,1,14400,1.47138554217
386849,387177,388756,328,1579,1,14400,1.20772640912
386849,387166,389560,317,2394,1,14400,1.13241436926
386849,387171,388550,322,1379,1,14400,1.23350253807
386849,387182,389450,333,2268,1,14400,1.14682539683
386850,387199,387855,349,656,1,14400,1.53201219512
386850,387204,388603,354,1399,1,14400,1.2530378842
386850,387193,390362,343,3169,1,14400,1.1082360366
386850,387188,389366,338,2178,1,14400,1.1551882461
386851,387226,389351,375,2125,1,14400,1.17647058824
386851,387220,389208,369,1988,1,14400,1.18561368209
386851,387215,388992,364,1777,1,14400,1.20483961733
386851,387209,387211,358,2,1,14400,36.0
386852,387271,389925,419,2654,1,14400,1.1578749058
386852,387232,387797,380,565,1,14400,1.67256637168
386852,387242,388750,390,1508,1,14400,1.25862068966
386852,387237,388318,385,1081,1,14400,1.35615171138
386853,387282,396360,429,9078,1,14400,1.04725710509
386853,387298,389220,445,1922,1,14400,1.23152965661
386853,387293,389293,440,2000,1,14400,1.22
386853,387287,390597,434,3310,1,14400,1.13111782477
386854,387314,390042,460,2728,1,14400,1.16862170088
386854,387309,388511,455,1202,1,14400,1.37853577371
386854,387327,389921,473,2594,1,14400,1.18234387047
386854,387304,388739,450,1435,1,14400,1.31358885017
386854,387332,389971,478,2639,1,14400,1.18112921561
386855,387379,391630,524,4251,1,14400,1.12326511409
386855,387386,390487,531,3101,1,14400,1.17123508546
386855,387338,395306,483,7968,1,14400,1.06061746988
386856,387401,389081,545,1680,1,14400,1.3244047619
386856,387394,389409,538,2015,1,14400,1.26699751861
386866,387254,390345,388,3091,2,7200,1.12552571983
386914,387260,389924,346,2664,2,7200,1.12987987988
387035,387249,390324,214,3075,2,7200,1.06959349593
387040,387266,387631,226,365,12,50400,1.61917808219
387165,387351,390463,186,3112,2,7200,1.05976863753
387207,387321,390384,114,3063,2,7200,1.03721841332
387240,387642,390634,402,2992,2,7200,1.13435828877
387340,387527,390458,187,2931,2,7200,1.0638007506
387414,387420,390524,6,3104,2,14400,1.00193298969
387455,387465,390376,10,2911,2,7200,1.00343524562
387515,387896,390871,381,2975,2,7200,1.12806722689
387633,388518,391447,885,2929,2,7200,1.30215090475
387673,387681,387683,8,2,1,900,1.0
387887,388745,391869,858,3124,2,7200,1.27464788732
388105,388112,388115,7,3,8,21600,1.0
388110,388119,388514,9,395,8,3600,1.02278481013
388158,388165,388437,7,272,1,3600,1.02573529412
388165,388172,388570,7,398,8,3600,1.0175879397
388173,388179,390020,6,1841,1,7200,1.00325909832
388184,388191,388583,7,392,8,3600,1.01785714286
388194,388200,398551,6,10351,2,43200,1.00057965414
388202,388209,388604,7,395,8,3600,1.01772151899
388215,388221,389977,6,1756,1,7200,1.00341685649
388218,388227,388622,9,395,8,3600,1.02278481013
388243,388255,388285,12,30,1,3600,1.4
388243,388260,388577,17,317,1,3600,1.05362776025
388243,388268,388606,25,338,1,3600,1.07396449704
388243,388250,388285,7,35,1,3600,1.2
388244,388289,388606,45,317,1,3600,1.14195583596
388244,388284,388606,40,322,1,3600,1.12422360248
388244,388278,388606,34,328,1,3600,1.10365853659
388244,388294,388606,50,312,1,3600,1.16025641026
388244,388273,388606,29,333,1,3600,1.08708708709
388245,388300,388606,55,306,1,3600,1.17973856209
388271,388307,388703,36,396,8,3600,1.09090909091
388282,388312,388812,30,500,1,10800,1.06
388286,388318,388807,32,489,1,10800,1.0654396728
388292,388323,389212,31,889,3,3600,1.03487064117
388392,388400,388685,8,285,1,14400,1.02807017544
388508,388693,391812,185,3119,2,7200,1.05931388265
388639,388645,388702,6,57,1,3600,1.10526315789
388682,388858,391785,176,2927,2,7200,1.06012982576
388708,388714,388737,6,23,1,3600,1.26086956522
388737,388953,392001,216,3048,2,7200,1.07086614173
388803,388810,389028,7,218,1,3600,1.03211009174
388848,389305,392325,457,3020,2,7200,1.15132450331
388889,388896,389073,7,177,6,3600,1.0395480226
388945,389347,392568,402,3221,2,7200,1.12480596088
389099,389107,391681,8,2574,1,14400,1.00310800311
389293,389299,389491,6,192,6,3600,1.03125
389299,389542,392488,243,2946,2,7200,1.08248472505
389337,389937,393169,600,3232,2,7200,1.18564356436
389346,389355,390034,9,679,8,21600,1.01325478645
389387,389393,390012,6,619,8,21600,1.00969305331
389442,389448,389497,6,49,4,7200,1.12244897959
389533,390249,393461,716,3212,2,7200,1.22291407223
389763,389769,390070,6,301,12,3600,1.01993355482
389793,389800,389847,7,47,1,3600,1.14893617021
389850,393154,407591,3304,14437,1,14400,1.22885641061
389856,410380,424795,20524,14415,1,14400,2.42379465834
389862,424802,439234,34940,14432,1,14400,3.42100886918
389865,439240,453656,49375,14416,1,14400,4.42501387347
389868,464497,478909,74629,14412,1,14400,6.17825423258
389871,478920,493354,89049,14434,1,14400,7.16939171401
389874,493366,507798,103492,14432,1,14400,8.17100886918
389914,389931,390115,17,184,1,3600,1.09239130435
389914,389943,390115,29,172,1,3600,1.16860465116
389914,389926,390115,12,189,1,3600,1.06349206349
389914,389920,389948,6,28,1,3600,1.21428571429
389915,389967,390115,52,148,1,3600,1.35135135135
389915,389972,390130,57,158,1,3600,1.36075949367
389915,389956,390115,41,159,1,3600,1.25786163522
389915,389948,390115,33,167,1,3600,1.19760479042
389915,389961,390115,46,154,1,3600,1.2987012987
389916,389977,390130,61,153,1,3600,1.39869281046
389928,390211,393438,283,3227,2,7200,1.08769755191
390017,390023,390025,6,2,8,21600,1.0
390112,390122,393289,10,3167,2,7200,1.00315756236
390148,390154,390234,6,80,1,3600,1.075
390148,390177,390234,29,57,1,3600,1.50877192982
390148,390171,390234,23,63,1,3600,1.36507936508
390148,390165,390234,17,69,1,3600,1.24637681159
390148,390159,390234,11,75,1,3600,1.14666666667
390149,390182,390234,33,52,1,3600,1.63461538462
390149,390198,390247,49,49,1,3600,2.0
390149,390193,390247,44,54,1,3600,1.81481481481
390149,390187,390234,38,47,1,3600,1.8085106383
390150,390203,390247,53,44,1,3600,2.20454545455
390202,390356,393623,154,3267,2,7200,1.04713804714
390224,390231,390609,7,378,8,21600,1.01851851852
390238,390339,393485,101,3146,2,7200,1.03210425938
390326,390395,393452,69,3057,2,7200,1.02257114818
390326,390333,390334,7,1,1,3600,1.0
390347,390476,393536,129,3060,2,7200,1.04215686275
390377,390388,393492,11,3104,2,7200,1.00354381443
390391,390402,392029,11,1627,2,9000,1.00676090965
390392,390469,393660,77,3191,2,7200,1.02413036666
390395,390407,390409,12,2,1,3600,1.4
390412,390419,390447,7,28,1,3600,1.25
390424,390430,390432,6,2,1,3600,1.0
390438,390445,390447,7,2,1,3600,1.0
390461,390648,393813,187,3165,2,7200,1.05908372828
390473,390484,392131,11,1647,2,9000,1.00667880996
390476,390882,393990,406,3108,2,7200,1.13063063063
390566,390572,390598,6,26,1,3600,1.23076923077
390583,390595,390598,12,3,1,3600,1.5
390583,390590,391496,7,906,8,21600,1.00772626932
390607,390614,390657,7,43,1,3600,1.16279069767
390635,390642,391581,7,939,8,21600,1.00745473908
390636,391459,394662,823,3203,2,7200,1.25694661255
390739,390746,390937,7,191,1,3600,1.03664921466
390740,390751,390937,11,186,1,3600,1.05913978495
390740,390756,390962,16,206,1,3600,1.07766990291
390740,390764,390962,24,198,1,3600,1.12121212121
390740,390769,390962,29,193,1,3600,1.15025906736
390741,390785,390962,44,177,1,3600,1.24858757062
390741,390774,390962,33,188,1,3600,1.17553191489
390741,390780,390962,39,182,1,3600,1.21428571429
390742,390796,390962,54,166,1,3600,1.32530120482
390742,390791,390962,49,171,1,3600,1.2865497076
390872,391823,395021,951,3198,2,7200,1.29737335835
390913,390920,391380,7,460,16,3600,1.0152173913
391023,391040,391080,17,40,1,3600,1.425
391023,391046,391082,23,36,1,3600,1.63888888889
391023,391053,391089,30,36,1,3600,1.83333333333
391023,391035,391074,12,39,1,3600,1.30769230769
391023,391029,391078,6,49,1,3600,1.12244897959
391024,391058,391095,34,37,1,3600,1.91891891892
391024,391064,391100,40,36,1,3600,2.11111111111
391024,391074,391111,50,37,1,3600,2.35135135135
391024,391069,391106,45,37,1,3600,2.21621621622
391025,391080,391116,55,36,1,3600,2.52777777778
391053,391087,391250,34,163,4,7200,1.20858895706
391142,391148,397620,6,6472,8,21600,1.00092707046
391370,391376,395009,6,3633,25,3600,1.00165152766
391451,391880,394793,429,2913,2,7200,1.14727085479
391453,391465,391508,12,43,8,7200,1.27906976744
391540,391547,391633,7,86,2,3600,1.08139534884
391573,391581,391592,8,11,4,7200,1.72727272727
391620,464423,603870,72803,139447,4,172800,1.52208365902
391673,391681,391799,8,118,1,3600,1.06779661017
391789,391797,394846,8,3049,2,7200,1.00262381109
391813,392015,394905,202,2890,2,7200,1.06989619377
391863,391869,391922,6,53,1,7200,1.11320754717
391870,392337,395183,467,2846,2,7200,1.16408995081
391950,391956,391970,6,14,4,7200,1.42857142857
392002,392008,392045,6,37,2,7200,1.16216216216
392003,392579,395712,576,3133,2,7200,1.18384934568
392258,392264,392512,6,248,1,10800,1.02419354839
392268,392275,392529,7,254,1,10800,1.02755905512
392326,392499,395522,173,3023,2,7200,1.05722791929
392363,392370,392604,7,234,8,7200,1.02991452991
392418,392426,392716,8,290,1,7200,1.0275862069
392461,392468,392713,7,245,2,7200,1.02857142857
392484,464428,470421,71944,5993,4,172800,13.0046721175
392490,393181,396385,691,3204,2,7200,1.21566791511
392570,393300,396568,730,3268,2,7200,1.22337821297
392605,392611,400587,6,7976,8,10800,1.00075225677
392768,392774,394920,6,2146,1,7200,1.00279589935
393097,393104,397122,7,4018,1,7200,1.00174216028
393115,393122,397580,7,4458,1,7200,1.00157021086
393171,393449,396643,278,3194,2,7200,1.08703819662
393275,393281,402472,6,9191,8,21600,1.00065281253
393292,393463,396293,171,2830,2,7200,1.06042402827
393351,393359,396824,8,3465,1,7200,1.00230880231
393439,393472,396607,33,3135,2,7200,1.01052631579
393454,393496,396664,42,3168,2,7200,1.01325757576
393469,393480,395127,11,1647,2,9000,1.00667880996
393469,393634,396595,165,2961,2,7200,1.05572441743
393487,393503,396592,16,3089,2,7200,1.0051796698
393500,393511,395141,11,1630,2,9000,1.00674846626
393502,393672,396804,170,3132,2,7200,1.05427841635
393538,393547,396426,9,2879,2,7200,1.00312608545
393626,393824,396702,198,2878,2,7200,1.06879777623
393662,394002,396780,340,2778,2,7200,1.12239020878
393736,393743,393987,7,244,1,10800,1.02868852459
393754,393761,394006,7,245,1,10800,1.02857142857
393816,394674,397762,858,3088,2,7200,1.27784974093
393971,393979,403341,8,9362,8,21600,1.00085451827
393991,394857,397916,866,3059,2,7200,1.28309905198
394170,394178,403400,8,9222,8,21600,1.00086749078
394423,394430,403517,7,9087,8,21600,1.00077033124
394665,395033,398262,368,3229,2,7200,1.1139671725
394794,394804,397783,10,2979,2,7200,1.00335683115
394848,394917,397978,69,3061,2,7200,1.02254165305
394908,395195,398313,287,3118,2,7200,1.09204618345
395023,395533,398655,510,3122,2,7200,1.16335682255
395186,395723,398759,537,3036,2,7200,1.17687747036
395366,395372,397276,6,1904,1,7200,1.0031512605
395447,395453,401846,6,6393,32,43200,1.00093852651
395525,396304,399406,779,3102,2,7200,1.25112830432
395573,395581,395974,8,393,8,3600,1.0203562341
395715,396396,399440,681,3044,2,7200,1.22371879106
396294,396437,399459,143,3022,2,7200,1.04731965586
396387,396579,399752,192,3173,2,7200,1.06051055783
396430,396603,399810,173,3207,2,7200,1.05394449641
396568,396610,399841,42,3231,2,7200,1.01299907149
396592,396654,399824,62,3170,2,7200,1.01955835962
396608,396618,399647,10,3029,2,7200,1.00330141961
396609,396675,399720,66,3045,2,7200,1.02167487685
396645,396816,399975,171,3159,2,7200,1.05413105413
396666,396714,399733,48,3019,2,7200,1.01589930441
396705,396791,399791,86,3000,2,7200,1.02866666667
396782,397773,400714,991,2941,2,7200,1.33696021761
396806,397794,400861,988,3067,2,7200,1.32213889795
397055,397061,399087,6,2026,1,7200,1.00296150049
397079,397085,398310,6,1225,1,7200,1.00489795918
397144,397151,402716,7,5565,8,21600,1.00125786164
397440,397447,398410,7,963,8,21600,1.00726895119
397469,397476,400300,7,2824,8,21600,1.00247875354
397529,397536,402179,7,4643,1,7200,1.00150764592
397738,397744,398138,6,394,8,3600,1.0152284264
397765,397927,401067,162,3140,2,7200,1.05159235669
397783,397989,401031,206,3042,2,7200,1.06771860618
397912,397919,399626,7,1707,1,7200,1.00410076157
397919,398273,400974,354,2701,2,7200,1.13106256942
397979,398324,401372,345,3048,2,7200,1.11318897638
398142,398149,398153,7,4,8,3600,1.1
398207,398214,398314,7,100,1,7200,1.07
398237,398244,398318,7,74,1,7200,1.09459459459
398263,398666,401645,403,2979,2,7200,1.1352802954
398314,398770,401968,456,3198,2,7200,1.1425891182
398347,398354,399864,7,1510,1,7200,1.00463576159
398354,398360,398364,6,4,8,3600,1.0
398367,398373,399930,6,1557,1,7200,1.00385356455
398419,398427,398656,8,229,2,3600,1.03493449782
398658,399418,402428,760,3010,2,7200,1.25249169435
398708,398715,398719,7,4,9,7200,1.1
398725,398733,398734,8,1,9,7200,1.0
398761,399452,402500,691,3048,2,7200,1.22670603675
398816,398823,408995,7,10172,8,21600,1.00068816359
398835,398842,398847,7,5,8,3600,1.2
398997,399003,399330,6,327,8,3600,1.01834862385
399409,399470,402670,61,3200,2,7200,1.0190625
399442,399658,402546,216,2888,2,7200,1.07479224377
399460,399731,402649,271,2918,2,7200,1.09287183002
399647,399744,403087,97,3343,2,7200,1.02901585402
399722,399764,402851,42,3087,2,7200,1.01360544218
399737,399802,402781,65,2979,2,7200,1.02181940248
399752,399821,402897,69,3076,2,7200,1.02243172952
399791,399852,402792,61,2940,2,7200,1.02074829932
399812,399835,402969,23,3134,2,7200,1.00733886407
399827,399987,403106,160,3119,2,7200,1.05129849311
399842,400725,403819,883,3094,2,7200,1.28539107951
399860,399866,410044,6,10178,8,21600,1.00058950678
399884,399890,401515,6,1625,1,7200,1.00369230769
399914,399921,401304,7,1383,1,7200,1.00506146059
399978,400872,404086,894,3214,2,7200,1.27815805849
400048,400053,407279,5,7226,6,7200,1.00069194575
400197,400205,401889,8,1684,1,7200,1.00475059382
400223,400231,401899,8,1668,1,7200,1.00479616307
400495,400502,402104,7,1602,1,7200,1.00436953808
400537,400544,402384,7,1840,1,7200,1.00380434783
400598,400605,406561,7,5956,8,14400,1.00117528543
400646,400653,401921,7,1268,1,7200,1.00552050473
400684,400690,402008,6,1318,1,7200,1.00455235205
400717,401078,403991,361,2913,2,7200,1.12392722279
400862,401043,404193,181,3150,2,7200,1.05746031746
400921,400927,401178,6,251,1,10800,1.02390438247
400935,400942,401188,7,246,1,10800,1.02845528455
400976,400986,404132,10,3146,2,7200,1.00317863954
401020,401028,401118,8,90,8,21600,1.08888888889
401034,401383,404367,349,2984,2,7200,1.11695710456
401056,401063,401471,7,408,8,14400,1.01715686275
401070,401657,404790,587,3133,2,7200,1.18736035748
401078,401086,402874,8,1788,1,7200,1.00447427293
401373,401979,405273,606,3294,2,7200,1.1839708561
401437,401444,419389,7,17945,8,57600,1.0003900808
401649,402439,405574,790,3135,2,7200,1.25199362041
401731,401738,403149,7,1411,1,7200,1.00496102055
401768,401775,403343,7,1568,1,7200,1.00446428571
401819,401826,401851,7,25,1,7200,1.28
401915,401922,403682,7,1760,1,7200,1.00397727273
401968,402516,405680,548,3164,2,7200,1.17319848293
402026,402033,409596,7,7563,72,43200,1.00092555864
402105,402112,403934,7,1822,1,7200,1.00384193194
402135,402142,403793,7,1651,1,7200,1.00423985463
402219,402226,403502,7,1276,1,7200,1.00548589342
402243,402249,403674,6,1425,1,7200,1.00421052632
402344,402351,402637,7,286,1,3600,1.02447552448
402347,402357,406862,10,4505,1,7200,1.00221975583
402430,402681,405855,251,3174,2,7200,1.0790800252
402476,402483,404198,7,1715,1,7200,1.00408163265
402488,402496,412647,8,10151,8,21600,1.00078809969
402502,402557,405489,55,2932,2,7200,1.0187585266
402503,402510,402907,7,397,8,3600,1.01763224181
402513,402524,404241,11,1717,1,7200,1.00640652301
402521,402530,412548,9,10018,8,21600,1.00089838291
402549,402660,405759,111,3099,2,7200,1.03581800581
402582,402589,402984,7,395,8,3600,1.01772151899
402618,402624,403022,6,398,8,3600,1.01507537688
402651,402803,405739,152,2936,2,7200,1.05177111717
402672,403099,406049,427,2950,2,7200,1.14474576271
402756,402763,410484,7,7721,8,21600,1.00090661831
402784,402792,405825,8,3033,2,7200,1.00263765249
402799,402863,406003,64,3140,2,7200,1.02038216561
402853,402908,405936,55,3028,2,7200,1.01816380449
402898,402980,405896,82,2916,2,7200,1.02812071331
402970,403118,406049,148,2931,2,7200,1.0504947117
402990,402997,420912,7,17915,8,57600,1.00039073402
403088,403830,406049,742,2219,2,7200,1.33438485804
403109,404003,406049,894,2046,2,7200,1.43695014663
403210,403217,404691,7,1474,1,14400,1.00474898236
403325,403331,404699,6,1368,1,7200,1.00438596491
403483,403491,403927,8,436,3,36000,1.01834862385
403650,403658,414055,8,10397,8,21600,1.00076945273
403815,403822,413851,7,10029,8,21600,1.00069797587
403821,404098,406049,277,1951,2,7200,1.14197847258
403839,403846,403884,7,38,1,39600,1.18421052632
403934,403941,414351,7,10410,8,21600,1.00067243036
403993,404143,406049,150,1906,2,7200,1.07869884575
404090,404207,406049,117,1842,2,7200,1.06351791531
404123,404129,414738,6,10609,8,21600,1.00056555755
404135,404379,406049,244,1670,2,7200,1.14610778443
404137,404149,405710,12,1561,1,7200,1.00768737988
404170,404176,411545,6,7369,1,18000,1.00081422174
404194,404201,405924,7,1723,1,7200,1.00406268137
404195,404801,406049,606,1248,2,7200,1.48557692308
404370,405284,406049,914,765,2,7200,2.19477124183
404525,404532,406270,7,1738,1,7200,1.00402761795
404544,404551,405494,7,943,3,36000,1.00742311771
404553,404559,406332,6,1773,1,7200,1.00338409475
404682,404689,405052,7,363,1,15000,1.01928374656
404728,404734,404938,6,204,1,15000,1.02941176471
404781,404787,406329,6,1542,1,7200,1.00389105058
404792,405585,406049,793,464,2,7200,2.70905172414
404975,404982,406793,7,1811,1,7200,1.00386526781
404999,405006,406559,7,1553,1,7200,1.00450740502
405095,405102,406879,7,1777,1,7200,1.00393922341
405114,405121,407166,7,2045,1,7200,1.00342298289
405275,405691,406049,416,358,2,7200,2.16201117318
405315,405322,406423,7,1101,1,7200,1.00635785649
405492,405501,406049,9,548,2,7200,1.01642335766
405511,405518,425691,7,20173,3,36000,1.00034699846
405529,405536,406914,7,1378,1,7200,1.00507982583
405577,405751,406049,174,298,2,7200,1.58389261745
405682,405770,406049,88,279,2,7200,1.31541218638
405743,405866,406049,123,183,2,7200,1.67213114754
405761,405836,406049,75,213,2,7200,1.35211267606
405828,406014,406049,186,35,2,7200,6.31428571429
405858,405948,406049,90,101,2,7200,1.89108910891
405897,405907,406049,10,142,2,7200,1.07042253521
405946,405955,407590,9,1635,2,9000,1.00550458716
405957,405963,407614,6,1651,2,9000,1.00363416111
405967,405974,407608,7,1634,2,9000,1.00428396573
405975,406062,446405,87,40343,16,86400,1.00215650794
406019,406025,407648,6,1623,2,9000,1.00369685767
406075,406082,411587,7,5505,2,36000,1.0012715713
406133,406140,439244,7,33104,16,86400,1.00021145481
406146,406153,407704,7,1551,1,7200,1.00451321728
407021,439256,472814,32235,33558,16,86400,1.96057571965
407196,407213,407980,17,767,1,10800,1.0221642764
407196,407202,407442,6,240,1,10800,1.025
407196,407208,408214,12,1006,1,10800,1.01192842942
407196,407219,408163,23,944,1,10800,1.02436440678
407197,407230,408009,33,779,1,10800,1.04236200257
407197,407236,407832,39,596,1,10800,1.06543624161
407197,407241,407864,44,623,1,10800,1.07062600321
407197,407225,407953,28,728,1,10800,1.03846153846
407198,407258,407729,60,471,1,10800,1.12738853503
407198,407263,408158,65,895,1,10800,1.07262569832
407198,407246,407653,48,407,1,10800,1.11793611794
407198,407252,407784,54,532,1,10800,1.1015037594
407199,407274,407457,75,183,1,10800,1.40983606557
407199,407284,407518,85,234,1,10800,1.36324786325
407199,407279,408344,80,1065,1,10800,1.07511737089
407199,407268,408132,69,864,1,10800,1.07986111111
407200,407295,407523,95,228,1,10800,1.41666666667
407200,407300,407522,100,222,1,10800,1.45045045045
407200,407306,407535,106,229,1,10800,1.46288209607
407200,407311,408431,111,1120,1,10800,1.09910714286
407200,407290,407513,90,223,1,10800,1.40358744395
407201,407333,408069,132,736,1,10800,1.17934782609
407201,407327,407961,126,634,1,10800,1.19873817035
407201,407316,407955,115,639,1,10800,1.1799687011
407201,407322,407910,121,588,1,10800,1.20578231293
407202,407343,408448,141,1105,1,10800,1.12760180995
407202,407349,408823,147,1474,1,10800,1.09972862958
407202,407338,408218,136,880,1,10800,1.15454545455
407202,407354,407823,152,469,1,10800,1.32409381663
407202,407359,407837,157,478,1,10800,1.32845188285
407203,407365,408477,162,1112,1,10800,1.14568345324
407203,407370,408303,167,933,1,10800,1.17899249732
407203,407375,407623,172,248,1,10800,1.6935483871
407204,407391,408638,187,1247,1,10800,1.14995990377
407204,407397,408156,193,759,1,10800,1.25428194993
407204,407381,408491,177,1110,1,10800,1.15945945946
407204,407386,408945,182,1559,1,10800,1.11674150096
407205,407402,407888,197,486,1,10800,1.40534979424
407205,407418,408167,213,749,1,10800,1.28437917223
407205,407413,407797,208,384,1,10800,1.54166666667
407205,407407,408096,202,689,1,10800,1.29317851959
407206,407429,408471,223,1042,1,10800,1.21401151631
407206,407423,408459,217,1036,1,10800,1.20945945946
407206,407440,408848,234,1408,1,10800,1.16619318182
407206,407434,408260,228,826,1,10800,1.27602905569
407207,407461,408028,254,567,1,10800,1.44797178131
407207,407456,408013,249,557,1,10800,1.44703770197
407207,407445,408147,238,702,1,10800,1.33903133903
407207,407450,407727,243,277,1,10800,1.87725631769
407208,407477,407705,269,228,1,10800,2.1798245614
407208,407472,408192,264,720,1,10800,1.36666666667
407208,407466,408395,258,929,1,10800,1.27771797632
407209,407504,408162,295,658,1,10800,1.44832826748
407209,407483,407711,274,228,1,10800,2.20175438596
407209,407488,407718,279,230,1,10800,2.21304347826
407209,407493,408346,284,853,1,10800,1.33294255569
407209,407499,408570,290,1071,1,10800,1.27077497666
407210,407515,409410,305,1895,1,10800,1.16094986807
407210,407509,408176,299,667,1,10800,1.44827586207
407210,407525,407790,315,265,1,10800,2.18867924528
407210,407520,407950,310,430,1,10800,1.72093023256
407211,407531,407904,320,373,1,10800,1.85790884718
407211,407536,408971,325,1435,1,10800,1.22648083624
407211,409035,409289,1824,254,1,10800,8.1811023622
407211,409048,409296,1837,248,1,10800,8.40725806452
407212,409086,409669,1874,583,1,10800,4.21440823328
407212,409069,409759,1857,690,1,10800,3.69130434783
407212,409054,410040,1842,986,1,10800,2.86815415822
407212,409120,410716,1908,1596,1,10800,2.1954887218
407212,409113,409949,1901,836,1,10800,3.27392344498
407213,409272,410220,2059,948,1,10800,3.17194092827
407213,409408,410608,2195,1200,1,10800,2.82916666667
407213,409128,410477,1915,1349,1,10800,2.41957005189
407213,409363,410206,2150,843,1,10800,3.55041518387
407214,407549,410296,335,2747,1,10800,1.12195121951
407214,407559,410027,345,2468,1,10800,1.13978930308
407214,407554,408387,340,833,1,10800,1.40816326531
407214,407543,409053,329,1510,1,10800,1.2178807947
407215,407581,407833,366,252,1,10800,2.45238095238
407215,407570,408584,355,1014,1,10800,1.35009861933
407215,407565,408563,350,998,1,10800,1.35070140281
407215,407575,408262,360,687,1,10800,1.52401746725
407216,407602,408108,386,506,1,10800,1.7628458498
407216,407586,408127,370,541,1,10800,1.68391866913
407216,407596,408430,380,834,1,10800,1.45563549161
407216,407591,408437,375,846,1,10800,1.44326241135
407216,407609,408457,393,848,1,10800,1.46344339623
407217,407625,408343,408,718,1,10800,1.56824512535
407217,407615,409992,398,2377,1,10800,1.16743794699
407217,407632,408159,415,527,1,10800,1.78747628083
407217,407620,407942,403,322,1,10800,2.25155279503
407218,407662,408226,444,564,1,10800,1.78723404255
407218,407637,407869,419,232,1,10800,2.80603448276
407218,407648,408384,430,736,1,10800,1.58423913043
407218,407642,407903,424,261,1,10800,2.6245210728
407218,407655,409159,437,1504,1,10800,1.29055851064
407219,407722,408426,503,704,1,10800,1.71448863636
407219,407675,408476,456,801,1,10800,1.56928838951
407219,407729,408345,510,616,1,10800,1.82792207792
407219,407667,408512,448,845,1,10800,1.53017751479
407219,407717,409145,498,1428,1,10800,1.3487394958
407220,407747,408266,527,519,1,10800,2.01541425819
407220,407735,408290,515,555,1,10800,1.92792792793
407220,407742,408261,522,519,1,10800,2.00578034682
407221,407796,408091,575,295,1,10800,2.94915254237
407221,407803,408279,582,476,1,10800,2.22268907563
407221,407844,408066,623,222,1,10800,3.80630630631
407221,407810,409256,589,1446,1,10800,1.40733056708
407221,407835,408237,614,402,1,10800,2.52736318408
407222,407883,408130,661,247,1,10800,3.67611336032
407222,407850,408072,628,222,1,10800,3.82882882883
407222,407876,408124,654,248,1,10800,3.63709677419
407222,407856,408265,634,409,1,10800,2.55012224939
407222,407901,411428,679,3527,1,10800,1.19251488517
407223,407928,409747,705,1819,1,10800,1.38757559098
407223,407954,408786,731,832,1,10800,1.87860576923
407223,407916,408285,693,369,1,10800,2.87804878049
407223,407921,409070,698,1149,1,10800,1.60748476936
407224,407993,408329,769,336,1,10800,3.28869047619
407224,408040,408999,816,959,1,10800,1.85088633994
407224,408029,408902,805,873,1,10800,1.92210767468
407224,407962,408856,738,894,1,10800,1.8255033557
407224,408078,409294,854,1216,1,10800,1.70230263158
407225,408103,408371,878,268,1,10800,4.27611940299
407225,408110,408455,885,345,1,10800,3.5652173913
407225,408121,408920,896,799,1,10800,2.12140175219
407226,408204,408676,978,472,1,10800,3.07203389831
407226,408136,408413,910,277,1,10800,4.28519855596
407226,408150,409310,924,1160,1,10800,1.79655172414
407226,408160,408558,934,398,1,10800,3.34673366834
407226,408168,408446,942,278,1,10800,4.38848920863
407227,408272,408983,1045,711,1,10800,2.46976090014
407227,408234,408751,1007,517,1,10800,2.94777562863
407227,408249,409778,1022,1529,1,10800,1.66841072596
407227,408241,409930,1014,1689,1,10800,1.60035523979
407227,408227,408881,1000,654,1,10800,2.52905198777
407228,408304,408747,1076,443,1,10800,3.42889390519
407228,408315,410244,1087,1929,1,10800,1.56350440643
407228,408284,408821,1056,537,1,10800,2.96648044693
407228,408290,408695,1062,405,1,10800,3.62222222222
407229,408383,409452,1154,1069,1,10800,2.07951356408
407229,408341,408848,1112,507,1,10800,3.1932938856
407229,408367,409797,1138,1430,1,10800,1.7958041958
407229,408355,408836,1126,481,1,10800,3.34095634096
407230,408403,408657,1173,254,1,10800,5.61811023622
407230,408410,408678,1180,268,1,10800,5.40298507463
407230,408396,409026,1166,630,1,10800,2.85079365079
407230,408425,408837,1195,412,1,10800,3.90048543689
407231,408452,409482,1221,1030,1,10800,2.1854368932
407231,408459,409469,1228,1010,1,10800,2.21584158416
407231,408438,408751,1207,313,1,10800,4.85623003195
407231,408466,409097,1235,631,1,10800,2.95721077655
407232,408524,409738,1292,1214,1,10800,2.06425041186
407232,408503,409510,1271,1007,1,10800,2.26216484608
407232,408478,408937,1246,459,1,10800,3.71459694989
407232,408485,409112,1253,627,1,10800,2.99840510367
407233,408570,409215,1337,645,1,10800,3.07286821705
407233,408577,408864,1344,287,1,10800,5.68292682927
407233,408597,409176,1364,579,1,10800,3.35578583765
407233,408584,408800,1351,216,1,10800,7.25462962963
407234,408688,409125,1454,437,1,10800,4.32723112128
407234,408695,409198,1461,503,1,10800,3.90457256461
407234,408670,410922,1436,2252,1,10800,1.63765541741
407234,408650,409019,1416,369,1,10800,4.83739837398
407235,408817,409613,1582,796,1,10800,2.98743718593
407235,408707,408962,1472,255,1,10800,6.77254901961
407235,408802,409024,1567,222,1,10800,8.05855855856
407235,408759,408980,1524,221,1,10800,7.89592760181
407236,408852,410257,1616,1405,1,10800,2.15017793594
407236,408838,409747,1602,909,1,10800,2.76237623762
407236,408845,409839,1609,994,1,10800,2.61871227364
407236,408859,409772,1623,913,1,10800,2.77765607886
407237,408918,409284,1681,366,1,10800,5.59289617486
407237,408897,410071,1660,1174,1,10800,2.4139693356
407237,408880,409716,1643,836,1,10800,2.96531100478
407237,408873,410544,1636,1671,1,10800,1.97905445841
407238,408961,409988,1723,1027,1,10800,2.67770204479
407238,408937,409657,1699,720,1,10800,3.35972222222
407238,408978,409102,1740,124,1,10800,15.0322580645
407238,408987,409232,1749,245,1,10800,8.1387755102
407238,408953,409440,1715,487,1,10800,4.52156057495
407239,409024,409880,1785,856,1,10800,3.08528037383
407239,409019,409540,1780,521,1,10800,4.41650671785
407239,409001,409979,1762,978,1,10800,2.80163599182
407239,408994,410352,1755,1358,1,10800,2.29234167894
407240,409192,409351,1952,159,1,10800,13.2767295597
407240,409142,409609,1902,467,1,10800,5.07280513919
407240,409176,410022,1936,846,1,10800,3.28841607565
407240,409030,409396,1790,366,1,10800,5.89071038251
407240,409161,409792,1921,631,1,10800,4.04437400951
407241,409427,409649,2186,222,1,10800,10.8468468468
407241,409214,409703,1973,489,1,10800,5.03476482618
407241,409231,416156,1990,6925,1,10800,1.28736462094
407242,409296,409932,2054,636,1,10800,4.22955974843
407242,409327,409756,2085,429,1,10800,5.86013986014
407242,409244,409689,2002,445,1,10800,5.49887640449
407242,409303,410003,2061,700,1,10800,3.94428571429
407243,409485,410352,2242,867,1,10800,3.58592848904
407243,409526,410007,2283,481,1,10800,5.74636174636
407243,409453,409943,2210,490,1,10800,5.51020408163
407243,409498,409982,2255,484,1,10800,5.65909090909
407243,409468,409889,2225,421,1,10800,6.28503562945
407244,409556,410041,2312,485,1,10800,5.76701030928
407244,409629,410295,2385,666,1,10800,4.58108108108
407244,409661,409922,2417,261,1,10800,10.2605363985
407244,409622,409795,2378,173,1,10800,14.7456647399
407245,409702,412725,2457,3023,1,10800,1.81276877274
407245,409716,410370,2471,654,1,10800,4.77828746177
407245,409675,410298,2430,623,1,10800,4.90048154093
407245,409688,410036,2443,348,1,10800,8.02011494253
407246,409784,410375,2538,591,1,10800,5.29441624365
407246,409761,410005,2515,244,1,10800,11.3073770492
407246,409729,410189,2483,460,1,10800,6.39782608696
407246,409775,411072,2529,1297,1,10800,2.9498843485
407246,409754,411054,2508,1300,1,10800,2.92923076923
407247,409851,410976,2604,1125,1,10800,3.31466666667
407247,409794,410225,2547,431,1,10800,6.90951276102
407247,409815,410076,2568,261,1,10800,10.8390804598
407248,409951,410071,2703,120,1,10800,23.525
407248,409934,410052,2686,118,1,10800,23.7627118644
407248,409892,410123,2644,231,1,10800,12.4458874459
407248,409944,410568,2696,624,1,10800,5.32051282051
407248,409906,410026,2658,120,1,10800,23.15
407249,409958,410202,2709,244,1,10800,12.1024590164
407249,409965,410375,2716,410,1,10800,7.6243902439
407249,409998,410462,2749,464,1,10800,6.92456896552
407249,409991,410437,2742,446,1,10800,7.14798206278
407250,410052,411078,2802,1026,1,10800,3.73099415205
407250,410071,410351,2821,280,1,10800,11.075
407250,410010,410459,2760,449,1,10800,7.14699331849
407250,410045,410644,2795,599,1,10800,5.66611018364
407250,410057,410615,2807,558,1,10800,6.03046594982
407251,410076,410300,2825,224,1,10800,13.6116071429
407251,410092,410454,2841,362,1,10800,8.84806629834
407251,410081,410291,2830,210,1,10800,14.4761904762
407251,410087,410353,2836,266,1,10800,11.6616541353
407252,410114,410934,2862,820,1,10800,4.49024390244
407252,410103,410470,2851,367,1,10800,8.76839237057
407252,410108,410407,2856,299,1,10800,10.5518394649
407252,410097,410098,2845,1,1,10800,284.6
407253,410126,410345,2873,219,1,10800,14.1187214612
407253,410137,410365,2884,228,1,10800,13.649122807
407253,410119,410478,2866,359,1,10800,8.98328690808
407253,410131,410132,2878,1,1,10800,287.9
407254,410154,410155,2900,1,1,10800,290.1
407254,410149,410707,2895,558,1,10800,6.18817204301
407254,410142,412869,2888,2727,1,10800,2.05903923726
407255,410201,410424,2946,223,1,10800,14.2107623318
407256,410227,410228,2971,1,1,10800,297.2
407256,410215,410994,2959,779,1,10800,4.79845956354
407256,410222,410604,2966,382,1,10800,8.76439790576
407256,410235,410464,2979,229,1,10800,14.0087336245
407257,410242,410475,2985,233,1,10800,13.8111587983
407257,410247,410248,2990,1,1,10800,299.1
407257,410260,410941,3003,681,1,10800,5.40969162996
407258,410303,410489,3045,186,1,10800,17.3709677419
407258,410272,411213,3014,941,1,10800,4.20297555792
407259,410332,410800,3073,468,1,10800,7.56623931624
407259,410327,410775,3068,448,1,10800,7.84821428571
407259,410308,410309,3049,1,1,10800,305.0
407259,410321,410701,3062,380,1,10800,9.05789473684
407260,410337,410603,3077,266,1,10800,12.5676691729
407260,410363,410793,3103,430,1,10800,8.21627906977
407261,410375,410598,3114,223,1,10800,14.9641255605
407261,410368,410666,3107,298,1,10800,11.4261744966
407957,407969,409489,12,1520,2,9000,1.00789473684
407968,407976,409517,8,1541,2,9000,1.00519143413
407979,407986,409534,7,1548,2,9000,1.00452196382
407990,408000,409521,10,1521,2,9000,1.00657462196
408000,408008,409557,8,1549,2,9000,1.00516462234
408011,408022,409554,11,1532,2,9000,1.00718015666
408022,408085,409653,63,1568,2,9000,1.04017857143
408033,408181,411689,148,3508,2,14400,1.04218928164
408084,408143,409667,59,1524,2,9000,1.03871391076
408147,408175,409682,28,1507,2,9000,1.01857996019
408178,408188,409694,10,1506,2,9000,1.00664010624
408189,408279,409783,90,1504,2,9000,1.05984042553
408282,408297,409816,15,1519,2,9000,1.00987491771
408293,408362,409884,69,1522,2,9000,1.04533508541
408343,409014,414087,671,5073,2,14400,1.13226887443
408365,408445,409987,80,1542,2,9000,1.05188067445
408448,408473,410009,25,1536,2,9000,1.01627604167
408469,408492,410049,23,1557,2,9000,1.01477199743
408490,408766,410304,276,1538,2,9000,1.17945383615
408768,408866,410369,98,1503,2,9000,1.06520292748
408871,409008,410578,137,1570,2,9000,1.0872611465
409005,409043,410572,38,1529,2,9000,1.024852845
409046,409310,410845,264,1535,2,9000,1.17198697068
409202,409808,416434,606,6626,2,36000,1.09145789315
409314,409505,411079,191,1574,2,9000,1.12134688691
409509,409533,411027,24,1494,2,9000,1.01606425703
409530,409540,411041,10,1501,2,9000,1.00666222518
409541,409549,411054,8,1505,2,9000,1.00531561462
409552,409567,411090,15,1523,2,9000,1.00984898227
409563,409574,411101,11,1527,2,9000,1.00720366732
409573,409668,411216,95,1548,2,9000,1.06136950904
409666,409682,411196,16,1514,2,9000,1.0105680317
409687,409695,411241,8,1546,2,9000,1.00517464424
409698,409709,411247,11,1538,2,9000,1.00715214564
409709,409768,411284,59,1516,2,9000,1.0389182058
409771,409801,411351,30,1550,2,9000,1.01935483871
409801,410024,417111,223,7087,2,14400,1.03146606463
409802,409828,411371,26,1543,2,9000,1.01685029164
409834,409899,411378,65,1479,2,9000,1.04394861393
409896,410005,411487,109,1482,2,9000,1.07354925776
410009,410018,411535,9,1517,2,9000,1.00593276203
410020,410031,411588,11,1557,2,9000,1.00706486834
410031,410038,411562,7,1524,2,9000,1.00459317585
410051,410065,411587,14,1522,2,9000,1.00919842313
410308,410316,411862,8,1546,2,9000,1.00517464424
410370,410388,411937,18,1549,2,9000,1.01162040026
410392,410435,410440,43,5,8,3600,4.8
410501,410508,410512,7,4,8,3600,1.1
410575,410583,412053,8,1470,2,9000,1.00544217687
410582,410590,410595,8,5,8,3600,1.3
410586,410597,412075,11,1478,2,9000,1.00744248985
410852,410859,412392,7,1533,2,9000,1.00456621005
411037,411043,412568,6,1525,2,9000,1.00393442623
411048,411055,412577,7,1522,2,9000,1.00459921156
411058,411065,412603,7,1538,2,9000,1.00455136541
411089,411097,412655,8,1558,2,9000,1.00513478819
411100,411106,412670,6,1564,2,9000,1.00383631714
411111,411123,412666,12,1543,2,9000,1.00777705768
411111,411118,411121,7,3,8,3600,1.0
411203,411210,412753,7,1543,2,9000,1.00453661698
411214,411221,411225,7,4,8,3600,1.1
411224,411231,412801,7,1570,2,9000,1.00445859873
411245,411251,412734,6,1483,2,9000,1.004045853
411256,411262,412734,6,1472,2,9000,1.00407608696
411263,411270,411273,7,3,8,3600,1.0
411287,411294,412786,7,1492,2,9000,1.00469168901
411359,411366,412874,7,1508,2,9000,1.00464190981
411369,411376,411380,7,4,8,3600,1.1
411380,411387,412907,7,1520,2,9000,1.00460526316
411391,411398,412925,7,1527,2,9000,1.00458415193
411493,411500,413052,7,1552,2,9000,1.00451030928
411545,411551,413086,6,1535,2,9000,1.00390879479
411566,411572,413110,6,1538,2,9000,1.00390117035
411597,411604,413174,7,1570,2,9000,1.00445859873
411607,411615,413174,8,1559,2,9000,1.00513149455
411863,411869,413350,6,1481,2,9000,1.00405131668
411945,411953,413423,8,1470,2,9000,1.00544217687
412058,412065,413560,7,1495,2,9000,1.00468227425
412079,412086,413586,7,1500,2,9000,1.00466666667
412396,412403,413937,7,1534,2,9000,1.00456323338
412421,412428,412433,7,5,32,43200,1.2
412501,412506,449756,5,37250,32,43200,1.00013422819
412571,412577,414127,6,1550,2,9000,1.00387096774
412581,412588,414148,7,1560,2,9000,1.00448717949
412613,412620,414181,7,1561,2,9000,1.00448430493
412664,412671,414217,7,1546,2,9000,1.00452781371
412675,412681,414215,6,1534,2,9000,1.00391134289
412686,412693,414150,7,1457,2,9000,1.00480439259
412693,412700,416395,7,3695,8,14400,1.00189445196
412718,412724,416422,6,3698,8,14400,1.00162249865
412737,412744,414251,7,1507,2,9000,1.00464499005
412748,412755,414239,7,1484,2,9000,1.00471698113
412759,412765,414258,6,1493,2,9000,1.00401875419
412790,412797,414311,7,1514,2,9000,1.00462351387
412799,412806,416499,7,3693,8,14400,1.00189547793
412811,412818,414331,7,1513,2,9000,1.00462656973
412883,412890,414421,7,1531,2,9000,1.00457217505
412914,412921,414455,7,1534,2,9000,1.00456323338
412935,412942,414476,7,1534,2,9000,1.00456323338
413058,413065,414600,7,1535,2,9000,1.00456026059
413089,413096,414658,7,1562,2,9000,1.00448143406
413121,413128,414683,7,1555,2,9000,1.00450160772
413182,413190,414745,8,1555,2,9000,1.00514469453
413193,413199,414738,6,1539,2,9000,1.00389863548
413357,413363,414831,6,1468,2,9000,1.00408719346
413429,413435,414928,6,1493,2,9000,1.00401875419
413562,413569,415055,7,1486,2,9000,1.00471063257
413594,413601,415115,7,1514,2,9000,1.00462351387
413850,413857,417571,7,3714,8,14400,1.00188476037
413890,413896,417592,6,3696,8,14400,1.00162337662
413937,413944,417640,7,3696,8,14400,1.00189393939
413941,413951,415481,10,1530,2,9000,1.00653594771
414136,414142,415682,6,1540,2,9000,1.0038961039
414157,414163,415699,6,1536,2,9000,1.00390625
414168,414174,415735,6,1561,2,9000,1.00384368994
414189,414196,415718,7,1522,2,9000,1.00459921156
414220,414227,415699,7,1472,2,9000,1.00475543478
414230,414236,415742,6,1506,2,9000,1.00398406375
414241,414247,415753,6,1506,2,9000,1.00398406375
414252,414258,415815,6,1557,2,9000,1.00385356455
414262,414268,415768,6,1500,2,9000,1.004
414314,414320,415825,6,1505,2,9000,1.00398671096
414335,414342,415893,7,1551,2,9000,1.00451321728
414427,414434,415980,7,1546,2,9000,1.00452781371
414458,414465,416005,7,1540,2,9000,1.00454545455
414479,414486,416040,7,1554,2,9000,1.0045045045
414602,414608,416165,6,1557,2,9000,1.00385356455
414664,414670,416219,6,1549,2,9000,1.00387346675
414684,414692,416231,8,1539,2,9000,1.00519818064
414746,414752,416310,6,1558,2,9000,1.00385109114
414757,414763,416258,6,1495,2,9000,1.00401337793
414839,414845,416340,6,1495,2,9000,1.00401337793
414932,414939,416461,7,1522,2,9000,1.00459921156
415043,415049,415053,6,4,7,7200,1.0
415065,415072,416598,7,1526,2,9000,1.00458715596
415107,415113,415115,6,2,7,7200,1.0
415116,415123,416629,7,1506,2,9000,1.00464807437
415121,415130,416720,9,1590,7,7200,1.00566037736
415156,415162,421979,6,6817,1,7200,1.00088015256
415306,415313,416869,7,1556,1,7200,1.00449871465
415347,415354,417308,7,1954,1,7200,1.00358239509
415442,415449,416968,7,1519,1,7200,1.00460829493
415485,415491,417039,6,1548,2,9000,1.00387596899
415610,415616,417424,6,1808,1,7200,1.00331858407
415653,415659,417374,6,1715,1,7200,1.00349854227
415689,415697,417238,8,1541,2,9000,1.00519143413
415700,415707,417251,7,1544,2,9000,1.00453367876
415711,415718,417197,7,1479,2,9000,1.00473292765
415721,415727,417244,6,1517,2,9000,1.00395517469
415742,415748,417250,6,1502,2,9000,1.00399467377
415753,415759,417282,6,1523,2,9000,1.00393959291
415763,415771,417278,8,1507,2,9000,1.00530856005
415770,415778,416836,8,1058,1,7200,1.00756143667
415774,415785,417308,11,1523,2,9000,1.007222587
415816,415823,417341,7,1518,2,9000,1.0046113307
415826,415834,417351,8,1517,2,9000,1.00527356625
415875,415881,417025,6,1144,1,7200,1.00524475524
415899,415905,417421,6,1516,2,9000,1.00395778364
415981,415987,417519,6,1532,2,9000,1.00391644909
415988,415995,417349,7,1354,1,7200,1.00516986706
416012,416018,417586,6,1568,2,9000,1.00382653061
416043,416049,417599,6,1550,2,9000,1.00387096774
416095,416102,417662,7,1560,1,7200,1.00448717949
416166,416173,417718,7,1545,2,9000,1.00453074434
416196,416203,421408,7,5205,1,7200,1.00134486071
416228,416234,417756,6,1522,2,9000,1.00394218134
416239,416246,417769,7,1523,2,9000,1.00459619173
416241,416252,417925,11,1673,1,7200,1.00657501494
416260,416267,417780,7,1513,2,9000,1.00462656973
416311,416318,417825,7,1507,2,9000,1.00464499005
416342,416349,417870,7,1521,2,9000,1.00460223537
416465,416472,417993,7,1521,2,9000,1.00460223537
416599,416606,418144,7,1538,2,9000,1.00455136541
416630,416636,418177,6,1541,2,9000,1.0038935756
417049,417056,418605,7,1549,2,9000,1.00451904454
417159,417165,417727,6,562,1,14400,1.01067615658
417159,417171,418449,12,1278,1,14400,1.00938967136
417159,417176,418784,17,1608,1,14400,1.0105721393
417159,417183,418737,24,1554,1,14400,1.01544401544
417159,417188,418862,29,1674,1,14400,1.01732377539
417159,417194,422172,35,4978,1,14400,1.00703093612
417160,417216,418254,56,1038,1,14400,1.05394990366
417160,417199,418808,39,1609,1,14400,1.02423865755
417160,417210,418366,50,1156,1,14400,1.04325259516
417160,417205,418654,45,1449,1,14400,1.03105590062
417161,417237,417832,76,595,1,14400,1.12773109244
417161,417226,418670,65,1444,1,14400,1.04501385042
417161,417232,422715,71,5483,1,14400,1.01294911545
417161,417221,418320,60,1099,1,14400,1.05459508644
417162,417248,417827,86,579,1,14400,1.14853195164
417162,417242,419537,80,2295,1,14400,1.0348583878
417162,417264,418675,102,1411,1,14400,1.07228915663
417162,417259,418675,97,1416,1,14400,1.06850282486
417162,417253,418667,91,1414,1,14400,1.06435643564
417163,417269,418680,106,1411,1,14400,1.07512402551
417163,417280,419522,117,2242,1,14400,1.05218554862
417163,417285,420408,122,3123,1,14400,1.0390650016
417163,417275,418480,112,1205,1,14400,1.09294605809
417164,417301,419592,137,2291,1,14400,1.05979921432
417164,417312,421872,148,4560,1,14400,1.03245614035
417164,417291,418766,127,1475,1,14400,1.08610169492
417164,417296,419661,132,2365,1,14400,1.05581395349
417164,417307,419454,143,2147,1,14400,1.06660456451
417165,417323,418732,158,1409,1,14400,1.11213626686
417165,417333,418921,168,1588,1,14400,1.10579345088
417165,417317,418409,152,1092,1,14400,1.13919413919
417165,417328,421446,163,4118,1,14400,1.03958232152
417166,417344,420016,178,2672,1,14400,1.06661676647
417166,417355,420376,189,3021,1,14400,1.06256206554
417166,417339,417617,173,278,1,14400,1.62230215827
417166,417350,421410,184,4060,1,14400,1.04532019704
417167,417382,419108,215,1726,1,14400,1.12456546929
417167,417376,423260,209,5884,1,14400,1.03552005438
417167,417366,418596,199,1230,1,14400,1.16178861789
417167,417371,419076,204,1705,1,14400,1.11964809384
417167,417360,418336,193,976,1,14400,1.19774590164
417168,417398,419146,230,1748,1,14400,1.13157894737
417168,417387,419313,219,1926,1,14400,1.11370716511
417168,417403,418986,235,1583,1,14400,1.14845230575
417168,417392,419492,224,2100,1,14400,1.10666666667
417169,417410,418810,241,1400,1,14400,1.17214285714
417169,417421,419816,252,2395,1,14400,1.10521920668
417169,417427,420507,258,3080,1,14400,1.08376623377
417169,417416,418925,247,1509,1,14400,1.16368455931
417170,417448,418863,278,1415,1,14400,1.1964664311
417170,417453,418873,283,1420,1,14400,1.19929577465
417170,417443,418858,273,1415,1,14400,1.19293286219
417170,417437,419642,267,2205,1,14400,1.12108843537
417170,417432,419397,262,1965,1,14400,1.13333333333
417171,417459,418809,288,1350,1,14400,1.21333333333
417171,417469,419325,298,1856,1,14400,1.16056034483
417171,417464,421451,293,3987,1,14400,1.07348883873
417172,417475,422516,303,5041,1,14400,1.0601071216
417172,417486,418642,314,1156,1,14400,1.27162629758
417172,417480,419245,308,1765,1,14400,1.17450424929
417172,417491,418384,319,893,1,14400,1.35722284434
417172,417496,418220,324,724,1,14400,1.44751381215
417173,417502,420812,329,3310,1,14400,1.09939577039
417173,417512,419105,339,1593,1,14400,1.21280602637
417173,417507,419227,334,1720,1,14400,1.19418604651
417173,417518,418717,345,1199,1,14400,1.28773978315
417174,417523,418692,349,1169,1,14400,1.29854576561
417174,417545,420580,371,3035,1,14400,1.12224052718
417174,417528,418649,354,1121,1,14400,1.31578947368
417174,417534,418351,360,817,1,14400,1.44063647491
417174,417539,418924,365,1385,1,14400,1.26353790614
417175,417566,423201,391,5635,1,14400,1.0693877551
417175,417555,421543,380,3988,1,14400,1.09528585757
417175,417550,418672,375,1122,1,14400,1.33422459893
417175,417561,419889,386,2328,1,14400,1.16580756014
417176,417582,420610,406,3028,1,14400,1.13408190225
417176,417571,418737,395,1166,1,14400,1.33876500858
417176,417587,420284,411,2697,1,14400,1.15239154616
417176,417577,419146,401,1569,1,14400,1.25557680051
417176,417593,419500,417,1907,1,14400,1.21866806502
417177,417622,419393,445,1771,1,14400,1.25127046866
417177,417606,419303,429,1697,1,14400,1.25279905716
417177,417612,420059,435,2447,1,14400,1.17776869636
417177,417617,420837,440,3220,1,14400,1.13664596273
417178,417628,419046,450,1418,1,14400,1.317348378
417178,417639,420968,461,3329,1,14400,1.13848002403
417178,417633,418801,455,1168,1,14400,1.38955479452
417178,417644,419875,466,2231,1,14400,1.20887494397
417179,417649,420196,470,2547,1,14400,1.18453082057
417179,417655,420000,476,2345,1,14400,1.20298507463
417179,417665,418245,486,580,1,14400,1.83793103448
417179,417660,419217,481,1557,1,14400,1.30892742453
417180,417687,420089,507,2402,1,14400,1.21107410491
417180,417676,419619,496,1943,1,14400,1.2552753474
417180,417671,418554,491,883,1,14400,1.55605889015
417180,417681,419579,501,1898,1,14400,1.26396206533
417181,417692,419336,511,1644,1,14400,1.31082725061
417181,417697,419836,516,2139,1,14400,1.2412342216
417181,417703,419846,522,2143,1,14400,1.24358376108
417181,417708,420358,527,2650,1,14400,1.19886792453
417182,417854,419814,672,1960,1,14400,1.34285714286
417182,417720,419619,538,1899,1,14400,1.28330700369
417182,418232,420280,1050,2048,1,14400,1.5126953125
417182,417744,419821,562,2077,1,14400,1.27058257102
417182,417842,421911,660,4069,1,14400,1.16220201524
417183,418332,419868,1149,1536,1,14400,1.748046875
417183,418257,420981,1074,2724,1,14400,1.39427312775
417183,418266,421315,1083,3049,1,14400,1.35519842571
417184,418396,420497,1212,2101,1,14400,1.57686815802
417184,418421,420011,1237,1590,1,14400,1.77798742138
417184,418378,423378,1194,5000,1,14400,1.2388
417184,418364,419655,1180,1291,1,14400,1.91402013943
417184,418348,419641,1164,1293,1,14400,1.90023201856
417185,418492,419339,1307,847,1,14400,2.54309327037
417185,418461,419906,1276,1445,1,14400,1.8830449827
417185,418566,420918,1381,2352,1,14400,1.58715986395
417185,418608,424079,1423,5471,1,14400,1.26009870225
417186,418661,421073,1475,2412,1,14400,1.61152570481
417186,418667,419029,1481,362,1,14400,5.09116022099
417186,418679,419553,1493,874,1,14400,2.70823798627
417186,418686,420206,1500,1520,1,14400,1.98684210526
417186,418654,420671,1468,2017,1,14400,1.72781358453
417187,418704,420708,1517,2004,1,14400,1.75698602794
417187,418692,421873,1505,3181,1,14400,1.47312165986
417187,418710,423484,1523,4774,1,14400,1.31901968999
417187,418697,419050,1510,353,1,14400,5.2776203966
417188,418744,420526,1556,1782,1,14400,1.87317620651
417188,418756,420386,1568,1630,1,14400,1.96196319018
417188,418751,419947,1563,1196,1,14400,2.30685618729
417188,418715,420011,1527,1296,1,14400,2.17824074074
417188,418729,423289,1541,4560,1,14400,1.33793859649
417189,418813,422028,1624,3215,1,14400,1.50513219285
417189,418796,421854,1607,3058,1,14400,1.52550686723
417189,418779,420399,1590,1620,1,14400,1.98148148148
417190,418838,420773,1648,1935,1,14400,1.85167958656
417190,418871,420178,1681,1307,1,14400,2.28615149197
417190,418832,421452,1642,2620,1,14400,1.62671755725
417190,418820,421619,1630,2799,1,14400,1.58235083959
417190,418878,422593,1688,3715,1,14400,1.45437415882
417191,418940,420146,1749,1206,1,14400,2.45024875622
417191,418884,420305,1693,1421,1,14400,2.19141449683
417191,418891,419923,1700,1032,1,14400,2.64728682171
417191,418933,419765,1742,832,1,14400,3.09375
417192,419066,422734,1874,3668,1,14400,1.51090512541
417192,418998,419932,1806,934,1,14400,2.93361884368
417192,419041,420545,1849,1504,1,14400,2.22938829787
417192,419058,420696,1866,1638,1,14400,2.13919413919
417192,418946,421969,1754,3023,1,14400,1.58021832617
417193,419158,424057,1965,4899,1,14400,1.40110226577
417193,419118,421117,1925,1999,1,14400,1.96298149075
417193,419125,420390,1932,1265,1,14400,2.52727272727
417193,419089,421359,1896,2270,1,14400,1.83524229075
417194,419163,420033,1969,870,1,14400,3.2632183908
417194,419239,421570,2045,2331,1,14400,1.87730587731
417194,419257,423045,2063,3788,1,14400,1.54461457233
417194,419229,424066,2035,4837,1,14400,1.42071531941
417195,419315,420626,2120,1311,1,14400,2.61708619375
417195,419348,420410,2153,1062,1,14400,3.02730696798
417195,419339,420306,2144,967,1,14400,3.21716649431
417195,419325,420355,2130,1030,1,14400,3.06796116505
417196,419355,420197,2159,842,1,14400,3.56413301663
417196,419507,421839,2311,2332,1,14400,1.9909948542
417196,419466,421199,2270,1733,1,14400,2.30986728217
417196,419408,421237,2212,1829,1,14400,2.20940404593
417196,419422,420759,2226,1337,1,14400,2.66492146597
417197,419539,420905,2342,1366,1,14400,2.71449487555
417197,419520,420796,2323,1276,1,14400,2.82053291536
417197,419565,420058,2368,493,1,14400,5.80324543611
417197,419553,421713,2356,2160,1,14400,2.09074074074
417197,419591,423218,2394,3627,1,14400,1.66004962779
417198,419604,422431,2406,2827,1,14400,1.85107888221
417198,419637,423788,2439,4151,1,14400,1.58756926042
417198,419631,422774,2433,3143,1,14400,1.77410117722
417198,419653,424297,2455,4644,1,14400,1.52863910422
417199,419675,421149,2476,1474,1,14400,2.67978290366
417199,419667,420616,2468,949,1,14400,3.60063224447
417199,419660,422456,2461,2796,1,14400,1.88018597997
417199,419826,422149,2627,2323,1,14400,2.13086526044
417199,419777,420278,2578,501,1,14400,6.14570858283
417200,419859,422486,2659,2627,1,14400,2.01218119528
417200,419840,420322,2640,482,1,14400,6.47717842324
417200,419845,420395,2645,550,1,14400,5.80909090909
417200,419852,421838,2652,1986,1,14400,2.33534743202
417201,419901,422365,2700,2464,1,14400,2.09577922078
417201,419880,422274,2679,2394,1,14400,2.11904761905
417201,419887,421588,2686,1701,1,14400,2.57907113463
417201,419919,421793,2718,1874,1,14400,2.45037353255
417202,420012,421283,2810,1271,1,14400,3.21085759245
417202,419944,421377,2742,1433,1,14400,2.91346824843
417202,419935,423495,2733,3560,1,14400,1.76769662921
417202,419959,420256,2757,297,1,14400,10.2828282828
417202,420023,421059,2821,1036,1,14400,3.72297297297
417203,417601,419178,398,1577,2,9000,1.25237793278
417203,420035,421170,2832,1135,1,14400,3.49515418502
417203,420070,421666,2867,1596,1,14400,2.79636591479
417203,420028,422378,2825,2350,1,14400,2.20212765957
417203,420045,422310,2842,2265,1,14400,2.25474613687
417204,420158,421027,2954,869,1,14400,4.39930955121
417204,420101,422571,2897,2470,1,14400,2.17287449393
417204,420318,421232,3114,914,1,14400,4.40700218818
417204,420190,425860,2986,5670,1,14400,1.5266313933
417204,420077,420889,2873,812,1,14400,4.5381773399
417205,420334,422097,3129,1763,1,14400,2.77481565513
417205,420323,421328,3118,1005,1,14400,4.10248756219
417205,420208,420608,3003,400,1,14400,8.5075
417206,420290,421103,3084,813,1,14400,4.79335793358
417206,420216,426834,3010,6618,1,14400,1.45482018737
417206,420269,422199,3063,1930,1,14400,2.58704663212
417206,420298,424551,3092,4253,1,14400,1.72701622384
417206,420224,421110,3018,886,1,14400,4.40632054176
417207,420374,422732,3167,2358,1,14400,2.34308736217
417207,420367,421039,3160,672,1,14400,5.70238095238
417207,420304,425908,3097,5604,1,14400,1.55264097074
417207,420388,420935,3181,547,1,14400,6.81535648995
417208,420418,421303,3210,885,1,14400,4.62711864407
417208,420406,421270,3198,864,1,14400,4.70138888889
417208,420413,425853,3205,5440,1,14400,1.58915441176
417208,420398,426585,3190,6187,1,14400,1.51559721998
417209,420509,420958,3300,449,1,14400,8.34966592428
417209,420538,422570,3329,2032,1,14400,2.63828740157
417209,420426,421779,3217,1353,1,14400,3.37767923134
417209,420519,420979,3310,460,1,14400,8.19565217391
417209,420431,421004,3222,573,1,14400,6.62303664921
417210,420620,424844,3410,4224,1,14400,1.80729166667
417210,420592,421138,3382,546,1,14400,7.19413919414
417210,420627,422217,3417,1590,1,14400,3.14905660377
417210,420557,421026,3347,469,1,14400,8.13646055437
417211,420683,423842,3472,3159,1,14400,2.09908198797
417211,420640,422161,3429,1521,1,14400,3.25443786982
417211,420633,420895,3422,262,1,14400,14.0610687023
417211,420708,421906,3497,1198,1,14400,3.91903171953
417212,420825,421135,3613,310,1,14400,12.6548387097
417212,420808,422680,3596,1872,1,14400,2.92094017094
417212,420785,421384,3573,599,1,14400,6.96494156928
417212,420776,424936,3564,4160,1,14400,1.85673076923
417212,420720,422319,3508,1599,1,14400,3.19387116948
417213,420914,423362,3701,2448,1,14400,2.51184640523
417213,420921,422866,3708,1945,1,14400,2.90642673522
417213,420849,425220,3636,4371,1,14400,1.83184625944
417213,420901,424525,3688,3624,1,14400,2.01766004415
417214,420989,422254,3775,1265,1,14400,3.98418972332
417214,420953,422264,3739,1311,1,14400,3.85202135774
417214,420976,424243,3762,3267,1,14400,2.15151515152
417214,420931,427129,3717,6198,1,14400,1.59970958374
417215,421026,422774,3811,1748,1,14400,3.18020594966
417215,421168,426791,3953,5623,1,14400,1.70300551307
417215,421007,431610,3792,10603,1,14400,1.35763463171
417215,421002,422235,3787,1233,1,14400,4.07137064071
417215,421046,422502,3831,1456,1,14400,3.63118131868
417216,421065,421988,3849,923,1,14400,5.17009750813
417216,421078,422532,3862,1454,1,14400,3.65612104539
417216,421052,423976,3836,2924,1,14400,2.31190150479
417217,421090,421905,3873,815,1,14400,5.75214723926
417217,421141,421686,3924,545,1,14400,8.2
417217,421128,422667,3911,1539,1,14400,3.5412605588
417217,421115,422655,3898,1540,1,14400,3.53116883117
417218,421182,422013,3964,831,1,14400,5.77015643803
417218,421160,424598,3942,3438,1,14400,2.14659685864
417218,421153,421853,3935,700,1,14400,6.62142857143
417218,421211,425058,3993,3847,1,14400,2.03795165064
417219,421245,422108,4026,863,1,14400,5.6651216686
417219,421315,421957,4096,642,1,14400,7.3800623053
417219,421282,421587,4063,305,1,14400,14.3213114754
417219,421252,422427,4033,1175,1,14400,4.43234042553
417219,421295,421900,4076,605,1,14400,7.73719008264
417220,421327,422194,4107,867,1,14400,5.73702422145
417220,421394,422863,4174,1469,1,14400,3.8413886998
417220,421340,423092,4120,1752,1,14400,3.35159817352
417220,421372,422696,4152,1324,1,14400,4.13595166163
417221,421401,422093,4180,692,1,14400,7.04046242775
417221,421422,422338,4201,916,1,14400,5.58624454148
417221,421458,422033,4237,575,1,14400,8.36869565217
417222,421471,422431,4249,960,1,14400,5.42604166667
417222,421555,422916,4333,1361,1,14400,4.18368846436
417222,421465,422339,4243,874,1,14400,5.85469107551
417605,417715,419311,110,1596,2,9000,1.06892230576
417710,464401,572433,46691,108032,16,108000,1.432196016
417719,417728,419347,9,1619,2,9000,1.00555898703
417730,417737,419356,7,1619,2,9000,1.00432365658
417741,417751,419365,10,1614,2,9000,1.00619578686
417752,417758,419363,6,1605,2,9000,1.00373831776
417763,417770,419358,7,1588,2,9000,1.00440806045
417774,417781,419379,7,1598,2,9000,1.00438047559
417785,417792,419401,7,1609,2,9000,1.00435052828
417796,417802,419395,6,1593,2,9000,1.00376647834
417807,417818,419401,11,1583,2,9000,1.00694883133
417817,417825,419412,8,1587,2,9000,1.00504095778
417828,417834,419420,6,1586,2,9000,1.00378310214
417839,417849,419441,10,1592,2,9000,1.00628140704
417850,417861,419465,11,1604,2,9000,1.00685785536
417861,417869,419452,8,1583,2,9000,1.00505369551
417872,417879,419464,7,1585,2,9000,1.00441640379
417883,417889,419491,6,1602,2,9000,1.00374531835
417894,417901,419507,7,1606,2,9000,1.00435865504
417905,417912,419504,7,1592,2,9000,1.00439698492
417998,418005,419567,7,1562,2,9000,1.00448143406
418154,418160,419748,6,1588,2,9000,1.00377833753
418185,418192,419820,7,1628,2,9000,1.0042997543
418609,418616,420162,7,1546,2,9000,1.00452781371
418813,418825,418827,12,2,2,3540,1.4
419187,419194,420757,7,1563,2,9000,1.00447856686
419320,419332,420895,12,1563,2,9000,1.00767754319
419351,419362,420922,11,1560,2,9000,1.00705128205
419362,419369,420929,7,1560,2,9000,1.00448717949
419373,419380,420926,7,1546,2,9000,1.00452781371
419384,419390,420948,6,1558,2,9000,1.00385109114
419394,419401,420965,7,1564,2,9000,1.00447570332
419405,419417,420962,12,1545,2,9000,1.00776699029
419416,419429,420993,13,1564,2,9000,1.00831202046
419427,419436,420976,9,1540,2,9000,1.00584415584
419437,419445,420957,8,1512,2,9000,1.00529100529
419449,419456,421009,7,1553,2,9000,1.00450740502
419460,419473,421022,13,1549,2,9000,1.0083925113
419471,419480,421043,9,1563,2,9000,1.00575815739
419481,419489,421041,8,1552,2,9000,1.00515463918
419492,419500,421065,8,1565,2,9000,1.00511182109
419503,419514,421068,11,1554,2,9000,1.00707850708
419514,419527,421097,13,1570,2,9000,1.00828025478
419525,419534,421090,9,1556,2,9000,1.0057840617
419536,419546,421137,10,1591,2,9000,1.00628535512
419577,419584,421152,7,1568,2,9000,1.00446428571
419723,419730,455741,7,36011,1,39600,1.00019438505
419753,419760,421357,7,1597,2,9000,1.00438321853
419825,419834,421370,9,1536,2,9000,1.005859375
420165,420172,421744,7,1572,2,9000,1.00445292621
420250,420257,456280,7,36023,1,39600,1.0001943203
420459,420466,423210,7,2744,8,3540,1.00255102041
420470,420477,421143,7,666,4,3540,1.01051051051
420474,420484,420490,10,6,4,3540,1.6
420762,420769,422324,7,1555,2,9000,1.00450160772
420896,420908,422466,12,1558,2,9000,1.00770218228
420927,420939,422489,12,1550,2,9000,1.00774193548
420938,420946,422491,8,1545,2,9000,1.00517799353
420949,420960,422528,11,1568,2,9000,1.00701530612
420959,420968,422506,9,1538,2,9000,1.00585175553
420970,420983,422506,13,1523,2,9000,1.00853578464
420981,420997,422560,16,1563,2,9000,1.01023672425
421002,421014,422579,12,1565,2,9000,1.00766773163
421013,421021,422599,8,1578,2,9000,1.00506970849
421023,421033,422621,10,1588,2,9000,1.00629722922
421034,421041,422599,7,1558,2,9000,1.00449293967
421045,421060,422634,15,1574,2,9000,1.00952986023
421056,421072,422662,16,1590,2,9000,1.01006289308
421077,421085,422652,8,1567,2,9000,1.00510529675
421087,421098,422663,11,1565,2,9000,1.00702875399
421098,421106,422683,8,1577,2,9000,1.00507292327
421109,421122,422688,13,1566,2,9000,1.00830140485
421120,421135,422686,15,1551,2,9000,1.00967117988
421141,421148,422712,7,1564,2,9000,1.00447570332
421162,421175,422706,13,1531,2,9000,1.00849118223
421367,421379,422965,12,1586,2,9000,1.00756620429
421378,421386,422964,8,1578,2,9000,1.00506970849
421748,421755,423327,7,1572,2,9000,1.00445292621
422332,422339,423873,7,1534,2,9000,1.00456323338
422476,422483,424085,7,1602,2,9000,1.00436953808
422497,422503,424081,6,1578,2,9000,1.00380228137
422507,422515,424111,8,1596,2,9000,1.00501253133
422518,422524,424123,6,1599,2,9000,1.00375234522
422529,422535,424133,6,1598,2,9000,1.00375469337
422539,422546,424151,7,1605,2,9000,1.00436137072
422571,422577,424178,6,1601,2,9000,1.00374765771
422581,422589,424179,8,1590,2,9000,1.00503144654
422602,422609,424196,7,1587,2,9000,1.00441083806
422613,422620,424201,7,1581,2,9000,1.00442757748
422624,422631,424215,7,1584,2,9000,1.00441919192
422645,422652,424227,7,1575,2,9000,1.00444444444
422655,422661,424265,6,1604,2,9000,1.00374064838
422666,422672,424276,6,1604,2,9000,1.00374064838
422677,422683,424275,6,1592,2,9000,1.00376884422
422687,422695,424255,8,1560,2,9000,1.00512820513
422698,422705,424306,7,1601,2,9000,1.00437226733
422709,422716,424308,7,1592,2,9000,1.00439698492
422719,422726,424343,7,1617,2,9000,1.00432900433
422730,422737,424319,7,1582,2,9000,1.00442477876
422966,422973,424555,7,1582,2,9000,1.00442477876
422976,422984,424585,8,1601,2,9000,1.00499687695
423335,423342,424935,7,1593,2,9000,1.00439422473
423877,423883,425476,6,1593,2,9000,1.00376647834
424082,424088,425677,6,1589,2,9000,1.00377595972
424092,424100,425693,8,1593,2,9000,1.00502197112
424113,424120,425721,7,1601,2,9000,1.00437226733
424124,424130,425716,6,1586,2,9000,1.00378310214
424135,424142,425720,7,1578,2,9000,1.00443599493
424156,424162,425738,6,1576,2,9000,1.0038071066
424187,424194,425789,7,1595,2,9000,1.00438871473
424197,424205,425796,8,1591,2,9000,1.0050282841
424208,424215,425822,7,1607,2,9000,1.00435594275
424219,424226,425825,7,1599,2,9000,1.00437773609
424230,424236,425829,6,1593,2,9000,1.00376647834
424240,424246,425839,6,1593,2,9000,1.00376647834
424261,424269,425878,8,1609,2,9000,1.00497203232
424272,424278,425882,6,1604,2,9000,1.00374064838
424282,424289,425902,7,1613,2,9000,1.00433973962
424293,424299,425894,6,1595,2,9000,1.00376175549
424314,424321,425910,7,1589,2,9000,1.00440528634
424325,424331,425937,6,1606,2,9000,1.00373599004
424335,424342,425938,7,1596,2,9000,1.00438596491
424346,424353,425946,7,1593,2,9000,1.00439422473
424561,424569,426165,8,1596,2,9000,1.00501253133
424592,424598,426177,6,1579,2,9000,1.00379987334
424941,424947,426565,6,1618,2,9000,1.00370828183
425483,425490,427111,7,1621,2,9000,1.00431832202
425688,425695,427296,7,1601,2,9000,1.00437226733
425698,425705,427276,7,1571,2,9000,1.00445576066
425719,425726,427320,7,1594,2,9000,1.00439146801
425730,425737,427342,7,1605,2,9000,1.00436137072
425741,425747,427306,6,1559,2,9000,1.00384862091
425751,425757,427305,6,1548,2,9000,1.00387596899
425793,425799,427366,6,1567,2,9000,1.00382897256
425803,425811,427400,8,1589,2,9000,1.00503461296
425824,425831,427402,7,1571,2,9000,1.00445576066
425835,425842,427397,7,1555,2,9000,1.00450160772
425846,425852,427437,6,1585,2,9000,1.00378548896
425856,425863,427468,7,1605,2,9000,1.00436137072
425888,425894,427509,6,1615,2,9000,1.00371517028
425898,425905,427535,7,1630,2,9000,1.00429447853
425909,425915,427561,6,1646,2,9000,1.00364520049
425920,425927,427564,7,1637,2,9000,1.00427611484
425930,425936,427578,6,1642,2,9000,1.00365408039
425941,425948,427562,7,1614,2,9000,1.00433705081
425952,425958,427574,6,1616,2,9000,1.00371287129
425962,425968,427591,6,1623,2,9000,1.00369685767
426167,426173,427753,6,1580,2,9000,1.00379746835
426178,426185,427759,7,1574,2,9000,1.00444726811
426566,426573,428178,7,1605,2,9000,1.00436137072
427118,427125,428756,7,1631,2,9000,1.00429184549
427282,427290,428895,8,1605,2,9000,1.00498442368
427303,427309,428870,6,1561,2,9000,1.00384368994
427314,427321,428894,7,1573,2,9000,1.00445009536
427325,427331,428900,6,1569,2,9000,1.00382409178
427335,427342,428936,7,1594,2,9000,1.00439146801
427346,427353,428950,7,1597,2,9000,1.00438321853
427367,427373,428957,6,1584,2,9000,1.00378787879
427398,427405,429017,7,1612,2,9000,1.00434243176
427409,427415,429038,6,1623,2,9000,1.00369685767
427419,427426,429019,7,1593,2,9000,1.00439422473
427440,427447,429020,7,1573,2,9000,1.00445009536
427471,427477,429079,6,1602,2,9000,1.00374531835
427513,427520,429126,7,1606,2,9000,1.00435865504
427544,427550,429152,6,1602,2,9000,1.00374531835
427565,427572,429180,7,1608,2,9000,1.00435323383
427575,427583,429201,8,1618,2,9000,1.00494437577
427586,427593,429248,7,1655,2,9000,1.00422960725
427597,427603,429224,6,1621,2,9000,1.00370141888
427608,427615,429262,7,1647,2,9000,1.00425015179
427618,427625,429275,7,1650,2,9000,1.00424242424
427762,427769,429417,7,1648,2,9000,1.00424757282
427772,427780,429420,8,1640,2,9000,1.00487804878
428181,428188,429718,7,1530,2,9000,1.0045751634
428764,428770,430420,6,1650,2,9000,1.00363636364
428877,428884,430538,7,1654,2,9000,1.00423216445
428898,428905,430563,7,1658,2,9000,1.00422195416
428908,428916,430547,8,1631,2,9000,1.00490496628
428919,428926,430552,7,1626,2,9000,1.00430504305
428940,428946,430547,6,1601,2,9000,1.00374765771
428951,428958,430574,7,1616,2,9000,1.00433168317
428961,428969,430573,8,1604,2,9000,1.00498753117
429023,429030,430656,7,1626,2,9000,1.00430504305
429034,429041,430677,7,1636,2,9000,1.00427872861
429044,429052,430711,8,1659,2,9000,1.00482218204
429055,429061,430706,6,1645,2,9000,1.00364741641
429086,429094,430756,8,1662,2,9000,1.00481347774
429128,429134,430775,6,1641,2,9000,1.00365630713
429159,429165,430804,6,1639,2,9000,1.00366076876
429190,429196,430842,6,1646,2,9000,1.00364520049
429211,429218,430860,7,1642,2,9000,1.00426309379
429232,429238,430870,6,1632,2,9000,1.00367647059
429252,429259,430886,7,1627,2,9000,1.00430239705
429263,429269,430851,6,1582,2,9000,1.00379266751
429284,429290,430912,6,1622,2,9000,1.00369913687
429417,429424,431067,7,1643,2,9000,1.00426049909
429428,429434,431084,6,1650,2,9000,1.00363636364
429643,429650,429651,7,1,1,240,1.0
429725,429731,431381,6,1650,2,9000,1.00363636364
430430,430437,432075,7,1638,2,9000,1.00427350427
430543,430550,432206,7,1656,2,9000,1.00422705314
430553,430561,432201,8,1640,2,9000,1.00487804878
430564,430570,432214,6,1644,2,9000,1.00364963504
430574,430582,432231,8,1649,2,9000,1.00485142511
430585,430591,432231,6,1640,2,9000,1.00365853659
430596,430602,432236,6,1634,2,9000,1.00367197062
430607,430613,432228,6,1615,2,9000,1.00371517028
430658,430665,432312,7,1647,2,9000,1.00425015179
430679,430686,432303,7,1617,2,9000,1.00432900433
430710,430716,432372,6,1656,2,9000,1.00362318841
430721,430728,432372,7,1644,2,9000,1.00425790754
430762,430770,432421,8,1651,2,9000,1.00484554815
430783,430790,432460,7,1670,2,9000,1.00419161677
430814,430821,432462,7,1641,2,9000,1.00426569165
430845,430852,432498,7,1646,2,9000,1.0042527339
430856,430863,432472,7,1609,2,9000,1.00435052828
430867,430874,432497,7,1623,2,9000,1.00431300062
430877,430885,432500,8,1615,2,9000,1.00495356037
430888,430895,432548,7,1653,2,9000,1.00423472474
430919,430925,432569,6,1644,2,9000,1.00364963504
431073,431079,432726,6,1647,2,9000,1.00364298725
431093,431100,432738,7,1638,2,9000,1.00427350427
431390,431396,432998,6,1602,2,9000,1.00374531835
432075,432081,433726,6,1645,2,9000,1.00364741641
432209,432216,433841,7,1625,2,9000,1.00430769231
432219,432226,433781,7,1555,2,9000,1.00450160772
432230,432237,433845,7,1608,2,9000,1.00435323383
432241,432247,433871,6,1624,2,9000,1.00369458128
432251,432258,433884,7,1626,2,9000,1.00430504305
432262,432269,433889,7,1620,2,9000,1.00432098765
432273,432279,433899,6,1620,2,9000,1.0037037037
432304,432310,433932,6,1622,2,9000,1.00369913687
432315,432321,433945,6,1624,2,9000,1.00369458128
432376,432383,434000,7,1617,2,9000,1.00432900433
432387,432393,434006,6,1613,2,9000,1.00371977681
432428,432434,434076,6,1642,2,9000,1.00365408039
432470,432477,434095,7,1618,2,9000,1.0043263288
432480,432486,434105,6,1619,2,9000,1.00370599135
432491,432498,434130,7,1632,2,9000,1.00428921569
432502,432508,434115,6,1607,2,9000,1.00373366521
432512,432519,434139,7,1620,2,9000,1.00432098765
432523,432530,434153,7,1623,2,9000,1.00431300062
432554,432561,434178,7,1617,2,9000,1.00432900433
432575,432582,434206,7,1624,2,9000,1.00431034483
432728,432736,434358,8,1622,2,9000,1.00493218249
432739,432745,434362,6,1617,2,9000,1.00371057514
433005,433011,434629,6,1618,2,9000,1.00370828183
433731,433738,435349,7,1611,2,9000,1.00434512725
433783,433790,435412,7,1622,2,9000,1.00431565968
433844,433852,435462,8,1610,2,9000,1.0049689441
433855,433862,435475,7,1613,2,9000,1.00433973962
433876,433882,435502,6,1620,2,9000,1.0037037037
433887,433894,435508,7,1614,2,9000,1.00433705081
433898,433905,435502,7,1597,2,9000,1.00438321853
433909,433915,435558,6,1643,2,9000,1.00365185636
433940,433947,435594,7,1647,2,9000,1.00425015179
433951,433957,435586,6,1629,2,9000,1.00368324125
434002,434009,435644,7,1635,2,9000,1.00428134557
434013,434020,435660,7,1640,2,9000,1.00426829268
434085,434091,435733,6,1642,2,9000,1.00365408039
434096,434103,435746,7,1643,2,9000,1.00426049909
434106,434114,435745,8,1631,2,9000,1.00490496628
434117,434124,435773,7,1649,2,9000,1.00424499697
434138,434144,435768,6,1624,2,9000,1.00369458128
434149,434155,435796,6,1641,2,9000,1.00365630713
434159,434166,435804,7,1638,2,9000,1.00427350427
434180,434187,435836,7,1649,2,9000,1.00424499697
434211,434218,435861,7,1643,2,9000,1.00426049909
434365,434372,436003,7,1631,2,9000,1.00429184549
434376,434383,436021,7,1638,2,9000,1.00427350427
434632,434639,436294,7,1655,2,9000,1.00422960725
435358,435364,437011,6,1647,2,9000,1.00364298725
435420,435427,437059,7,1632,2,9000,1.00428921569
435471,435477,437129,6,1652,2,9000,1.00363196126
435482,435488,437131,6,1643,2,9000,1.00365185636
435503,435509,437143,6,1634,2,9000,1.00367197062
435513,435519,437131,6,1612,2,9000,1.00372208437
435524,435531,437181,7,1650,2,9000,1.00424242424
435565,435572,437218,7,1646,2,9000,1.0042527339
435596,435608,437259,12,1651,2,9000,1.00726832223
435607,435615,437247,8,1632,2,9000,1.00490196078
435649,435655,437318,6,1663,2,9000,1.00360793746
435670,435677,437312,7,1635,2,9000,1.00428134557
435742,435748,437375,6,1627,2,9000,1.0036877689
435753,435759,437389,6,1630,2,9000,1.0036809816
435763,435770,437398,7,1628,2,9000,1.0042997543
435774,435780,437405,6,1625,2,9000,1.00369230769
435785,435792,437427,7,1635,2,9000,1.00428134557
435795,438743,779666,2948,340923,1,576000,1.00864711386
435806,435812,437442,6,1630,2,9000,1.0036809816
435816,435823,437461,7,1638,2,9000,1.00427350427
435837,435843,437473,6,1630,2,9000,1.0036809816
435868,435875,437539,7,1664,2,9000,1.00420673077
436012,436019,437616,7,1597,2,9000,1.00438321853
436023,436030,437640,7,1610,2,9000,1.00434782609
436299,436306,437933,7,1627,2,9000,1.00430239705
437015,437022,438654,7,1632,2,9000,1.00428921569
437066,437074,438705,8,1631,2,9000,1.00490496628
437138,437144,438753,6,1609,2,9000,1.00372902424
437149,437155,438773,6,1618,2,9000,1.00370828183
437160,437167,438759,7,1592,2,9000,1.00439698492
437170,437177,438793,7,1616,2,9000,1.00433168317
437191,437197,438800,6,1603,2,9000,1.00374298191
437222,437229,438855,7,1626,2,9000,1.00430504305
437253,437260,438892,7,1632,2,9000,1.00428921569
437264,437271,438894,7,1623,2,9000,1.00431300062
437316,437323,438956,7,1633,2,9000,1.0042865891
437326,437333,438953,7,1620,2,9000,1.00432098765
437378,437385,439034,7,1649,2,9000,1.00424499697
437399,437405,439050,6,1645,2,9000,1.00364741641
437410,437417,439051,7,1634,2,9000,1.00428396573
437420,437427,439043,7,1616,2,9000,1.00433168317
437431,437438,439062,7,1624,2,9000,1.00431034483
437452,437459,439074,7,1615,2,9000,1.00433436533
437463,437469,439089,6,1620,2,9000,1.0037037037
437484,437491,439090,7,1599,2,9000,1.00437773609
437545,437553,439170,8,1617,2,9000,1.00494743352
437617,437624,439246,7,1622,2,9000,1.00431565968
437649,437655,439278,6,1623,2,9000,1.00369685767
437935,437942,439569,7,1627,2,9000,1.00430239705
437974,437982,437984,8,2,8,7200,1.0
438263,464448,500464,26185,36016,1,36000,1.72703798312
438273,438279,438281,6,2,8,7200,1.0
438661,438668,440289,7,1621,2,9000,1.00431832202
438712,438720,440336,8,1616,2,9000,1.00495049505
438754,438760,440393,6,1633,2,9000,1.00367421923
438764,438771,440403,7,1632,2,9000,1.00428921569
438775,438782,440409,7,1627,2,9000,1.00430239705
438796,438802,440421,6,1619,2,9000,1.00370599135
438807,438813,440459,6,1646,2,9000,1.00364520049
438858,438866,440488,8,1622,2,9000,1.00493218249
438900,438905,440544,5,1639,2,9000,1.00305064063
438910,438916,440540,6,1624,2,9000,1.00369458128
438962,438968,440596,6,1628,2,9000,1.00368550369
438973,438979,440600,6,1621,2,9000,1.00370141888
439044,439052,440661,8,1609,2,9000,1.00497203232
439055,439062,440691,7,1629,2,9000,1.00429711479
439066,439072,440680,6,1608,2,9000,1.00373134328
439077,439083,440683,6,1600,2,9000,1.00375
439087,439094,440709,7,1615,2,9000,1.00433436533
439098,439105,440722,7,1617,2,9000,1.00432900433
439108,439116,440740,8,1624,2,9000,1.00492610837
439119,439126,440756,7,1630,2,9000,1.00429447853
439149,464454,821189,25305,356735,1,576000,1.07093500778
439171,439178,440806,7,1628,2,9000,1.0042997543
439253,439263,440890,10,1627,2,9000,1.0061462815
439253,439268,440914,15,1646,2,9000,1.00911300122
439264,439275,440911,11,1636,2,9000,1.00672371638
439275,439281,440904,6,1623,2,9000,1.00369685767
439285,439293,440896,8,1603,2,9000,1.00499064255
439296,439303,440914,7,1611,2,9000,1.00434512725
439307,439313,440928,6,1615,2,9000,1.00371517028
439317,439327,440952,10,1625,2,9000,1.00615384615
439328,439335,440950,7,1615,2,9000,1.00433436533
439339,439345,440956,6,1611,2,9000,1.00372439479
439349,439357,440956,8,1599,2,9000,1.00500312695
439360,439366,440980,6,1614,2,9000,1.00371747212
439371,439377,441020,6,1643,2,9000,1.00365185636
439382,439388,441021,6,1633,2,9000,1.00367421923
439392,439399,441021,7,1622,2,9000,1.00431565968
439403,439410,441051,7,1641,2,9000,1.00426569165
439414,439421,441056,7,1635,2,9000,1.00428134557
439424,439431,441066,7,1635,2,9000,1.00428134557
439435,439442,441056,7,1614,2,9000,1.00433705081
439446,439453,441020,7,1567,2,9000,1.00446713465
439456,439463,441083,7,1620,2,9000,1.00432098765
439467,439473,441068,6,1595,2,9000,1.00376175549
439478,439485,441103,7,1618,2,9000,1.0043263288
439488,439494,441112,6,1618,2,9000,1.00370828183
439499,439505,441100,6,1595,2,9000,1.00376175549
439510,439517,441133,7,1616,2,9000,1.00433168317
439520,439528,441147,8,1619,2,9000,1.0049413218
439531,439538,441162,7,1624,2,9000,1.00431034483
439542,439549,441156,7,1607,2,9000,1.00435594275
439553,439560,441179,7,1619,2,9000,1.00432365658
439563,439570,441183,7,1613,2,9000,1.00433973962
439574,439581,441206,7,1625,2,9000,1.00430769231
439585,439592,441229,7,1637,2,9000,1.00427611484
439595,439602,441246,7,1644,2,9000,1.00425790754
439606,439613,441195,7,1582,2,9000,1.00442477876
439617,439623,441221,6,1598,2,9000,1.00375469337
439627,439635,441240,8,1605,2,9000,1.00498442368
439638,439644,441245,6,1601,2,9000,1.00374765771
439649,439656,441250,7,1594,2,9000,1.00439146801
439659,439667,441285,8,1618,2,9000,1.00494437577
439670,439676,441307,6,1631,2,9000,1.00367872471
439681,439687,441304,6,1617,2,9000,1.00371057514
439692,439699,441307,7,1608,2,9000,1.00435323383
439702,439710,441335,8,1625,2,9000,1.00492307692
439713,439719,441332,6,1613,2,9000,1.00371977681
439724,439730,441343,6,1613,2,9000,1.00371977681
439735,439742,441348,7,1606,2,9000,1.00435865504
439745,439753,441380,8,1627,2,9000,1.0049170252
439756,439763,441386,7,1623,2,9000,1.00431300062
439767,439774,441349,7,1575,2,9000,1.00444444444
439778,439784,441414,6,1630,2,9000,1.0036809816
439788,439796,441418,8,1622,2,9000,1.00493218249
439799,439806,441422,7,1616,2,9000,1.00433168317
439810,439817,441418,7,1601,2,9000,1.00437226733
439821,439827,441437,6,1610,2,9000,1.00372670807
439831,439839,441447,8,1608,2,9000,1.00497512438
439842,439849,441448,7,1599,2,9000,1.00437773609
439853,439860,441460,7,1600,2,9000,1.004375
439855,439867,439868,12,1,8,7200,1.3
439864,439874,441489,10,1615,2,9000,1.00619195046
439873,439881,447117,8,7236,8,7200,1.0011055832
439874,439886,441492,12,1606,2,9000,1.00747198007
439885,439893,441539,8,1646,2,9000,1.00486026731
439896,439903,441517,7,1614,2,9000,1.00433705081
439906,439914,441515,8,1601,2,9000,1.00499687695
439917,439924,441495,7,1571,2,9000,1.00445576066
439928,439934,441517,6,1583,2,9000,1.00379027164
439973,439979,441429,6,1450,2,9000,1.00413793103
439983,439991,441450,8,1459,2,9000,1.00548320768
439994,440001,441467,7,1466,2,9000,1.00477489768
440005,440011,441492,6,1481,2,9000,1.00405131668
440016,440023,441513,7,1490,2,9000,1.00469798658
440026,440034,441556,8,1522,2,9000,1.00525624179
440037,440044,441555,7,1511,2,9000,1.00463269358
440048,440054,441573,6,1519,2,9000,1.00394996708
440059,440066,441579,7,1513,2,9000,1.00462656973
440069,440077,441594,8,1517,2,9000,1.00527356625
440080,440087,441607,7,1520,2,9000,1.00460526316
440091,440098,441641,7,1543,2,9000,1.00453661698
440102,440301,441853,199,1552,2,9000,1.12822164948
440297,440348,441882,51,1534,2,9000,1.0332464146
440349,440405,441871,56,1466,2,9000,1.03819918145
440401,440415,441881,14,1466,2,9000,1.00954979536
440412,440422,441884,10,1462,2,9000,1.00683994528
440422,440433,441899,11,1466,2,9000,1.00750341064
440433,440471,441949,38,1478,2,9000,1.02571041949
440475,440500,442005,25,1505,2,9000,1.01661129568
440496,440552,442042,56,1490,2,9000,1.03758389262
440548,440559,442021,11,1462,2,9000,1.00752393981
440558,440608,442099,50,1491,2,9000,1.03353454058
440610,440617,442093,7,1476,2,9000,1.00474254743
440621,440674,442157,53,1483,2,9000,1.03573836817
440673,440692,442197,19,1505,2,9000,1.01262458472
440687,440699,440705,12,6,1,3600,1.8
440694,440706,442241,12,1535,2,9000,1.00781758958
440705,440715,442176,10,1461,2,9000,1.00684462697
440716,440722,442202,6,1480,2,9000,1.00405405405
440726,440734,442207,8,1473,2,9000,1.00543109301
440737,440752,442239,15,1487,2,9000,1.01008742434
440748,440768,442279,20,1511,2,9000,1.01323626737
440769,440818,442346,49,1528,2,9000,1.03206806283
440816,440825,440972,9,147,1,3600,1.0612244898
440821,440902,442436,81,1534,2,9000,1.05280312907
440903,440911,442430,8,1519,2,9000,1.00526662278
440914,440921,442467,7,1546,2,9000,1.00452781371
440925,440932,442478,7,1546,2,9000,1.00452781371
440936,440943,442424,7,1481,2,9000,1.00472653612
440946,440953,442428,7,1475,2,9000,1.00474576271
440957,440965,442449,8,1484,2,9000,1.00539083558
440968,440975,442446,7,1471,2,9000,1.00475866757
440979,440985,442462,6,1477,2,9000,1.00406228842
440989,440996,442497,7,1501,2,9000,1.00466355763
441000,441007,442538,7,1531,2,9000,1.00457217505
441011,441018,442556,7,1538,2,9000,1.00455136541
441022,441032,442598,10,1566,2,9000,1.00638569604
441033,441041,442564,8,1523,2,9000,1.00525279054
441044,441051,442523,7,1472,2,9000,1.00475543478
441054,441062,442544,8,1482,2,9000,1.00539811066
441065,441073,442569,8,1496,2,9000,1.00534759358
441076,441083,442614,7,1531,2,9000,1.00457217505
441087,441094,442559,7,1465,2,9000,1.004778157
441096,441104,441466,8,362,1,3600,1.02209944751
441098,441111,442635,13,1524,2,9000,1.00853018373
441109,441118,442658,9,1540,2,9000,1.00584415584
441119,441127,442675,8,1548,2,9000,1.00516795866
441130,441137,442599,7,1462,2,9000,1.0047879617
441141,441148,442664,7,1516,2,9000,1.00461741425
441152,441159,442688,7,1529,2,9000,1.00457815566
441163,441169,442742,6,1573,2,9000,1.00381436745
441174,441181,442711,7,1530,2,9000,1.0045751634
441184,441191,442731,7,1540,2,9000,1.00454545455
441195,441202,442646,7,1444,2,9000,1.00484764543
441206,441213,442706,7,1493,2,9000,1.00468854655
441217,441224,442761,7,1537,2,9000,1.00455432661
441228,441235,442756,7,1521,2,9000,1.00460223537
441239,441246,442780,7,1534,2,9000,1.00456323338
441250,441257,442792,7,1535,2,9000,1.00456026059
441260,441268,442801,8,1533,2,9000,1.00521852577
441271,441278,442778,7,1500,2,9000,1.00466666667
441282,441289,442812,7,1523,2,9000,1.00459619173
441293,441300,442820,7,1520,2,9000,1.00460526316
441304,441311,442846,7,1535,2,9000,1.00456026059
441314,441322,442859,8,1537,2,9000,1.0052049447
441325,441332,442879,7,1547,2,9000,1.00452488688
441336,441343,442890,7,1547,2,9000,1.00452488688
441347,441354,442874,7,1520,2,9000,1.00460526316
441358,441365,442899,7,1534,2,9000,1.00456323338
441369,441376,442912,7,1536,2,9000,1.00455729167
441380,441387,442926,7,1539,2,9000,1.00454840806
441390,441398,442934,8,1536,2,9000,1.00520833333
441401,441408,442935,7,1527,2,9000,1.00458415193
441412,441419,442953,7,1534,2,9000,1.00456323338
441423,441430,443022,7,1592,2,9000,1.00439698492
441434,441441,443054,7,1613,2,9000,1.00433973962
441444,441451,443047,7,1596,2,9000,1.00438596491
441455,441462,443094,7,1632,2,9000,1.00428921569
441466,441476,443063,10,1587,2,9000,1.00630119723
441477,441485,443053,8,1568,2,9000,1.00510204082
441488,441495,443036,7,1541,2,9000,1.00454250487
441499,441506,443067,7,1561,2,9000,1.00448430493
441510,441517,443077,7,1560,2,9000,1.00448717949
441520,441528,443107,8,1579,2,9000,1.00506649778
441531,441538,443090,7,1552,2,9000,1.00451030928
441542,441549,443113,7,1564,2,9000,1.00447570332
441553,441560,443116,7,1556,2,9000,1.00449871465
441564,441570,443138,6,1568,2,9000,1.00382653061
441574,441582,443150,8,1568,2,9000,1.00510204082
441585,441592,443141,7,1549,2,9000,1.00451904454
441596,441603,443122,7,1519,2,9000,1.00460829493
441607,441614,443118,7,1504,2,9000,1.00465425532
441618,441625,443180,7,1555,2,9000,1.00450160772
441629,441636,443205,7,1569,2,9000,1.00446144041
441639,441647,443220,8,1573,2,9000,1.00508582327
441650,441657,443220,7,1563,2,9000,1.00447856686
441661,441668,443235,7,1567,2,9000,1.00446713465
441672,441679,443242,7,1563,2,9000,1.00447856686
441683,441690,443251,7,1561,2,9000,1.00448430493
441694,441701,443276,7,1575,2,9000,1.00444444444
441697,441708,443254,11,1546,1,3600,1.00711513583
441704,441715,443303,11,1588,2,9000,1.00692695214
441715,441722,443313,7,1591,2,9000,1.00439974859
441726,441865,443465,139,1600,2,9000,1.086875
441870,441883,443462,13,1579,2,9000,1.0082330589
441881,441893,443479,12,1586,2,9000,1.00756620429
441892,441900,443478,8,1578,2,9000,1.00506970849
441903,441910,443462,7,1552,2,9000,1.00451030928
441914,441921,443493,7,1572,2,9000,1.00445292621
441924,441961,443534,37,1573,2,9000,1.02352193261
441966,442017,443598,51,1581,2,9000,1.03225806452
442018,442033,443616,15,1583,2,9000,1.00947567909
442029,442054,443653,25,1599,2,9000,1.01563477173
442050,442106,443698,56,1592,2,9000,1.0351758794
442112,442119,443706,7,1587,2,9000,1.00441083806
442122,442170,443770,48,1600,2,9000,1.03
442174,442188,443773,14,1585,2,9000,1.00883280757
442185,442209,443792,24,1583,2,9000,1.01516108654
442206,442216,443792,10,1576,2,9000,1.00634517766
442217,442225,443807,8,1582,2,9000,1.00505689001
442228,442251,443857,23,1606,2,9000,1.01432129514
442249,442258,443863,9,1605,2,9000,1.00560747664
442260,442291,443891,31,1600,2,9000,1.019375
442291,442359,443971,68,1612,2,9000,1.04218362283
442363,442436,444022,73,1586,2,9000,1.04602774275
442436,442443,444051,7,1608,2,9000,1.00435323383
442447,442454,444070,7,1616,2,9000,1.00433168317
442458,442464,444052,6,1588,2,9000,1.00377833753
442468,442475,444064,7,1589,2,9000,1.00440528634
442479,442486,444056,7,1570,2,9000,1.00445859873
442490,442497,444061,7,1564,2,9000,1.00447570332
442501,442508,444118,7,1610,2,9000,1.00434782609
442511,442519,444129,8,1610,2,9000,1.0049689441
442522,442528,444139,6,1611,2,9000,1.00372439479
442533,442540,444117,7,1577,2,9000,1.00443880786
442544,442552,444124,8,1572,2,9000,1.00508905852
442555,442562,444144,7,1582,2,9000,1.00442477876
442565,442573,444161,8,1588,2,9000,1.00503778338
442576,442584,444167,8,1583,2,9000,1.00505369551
442587,442594,444205,7,1611,2,9000,1.00434512725
442598,442605,444257,7,1652,2,9000,1.00423728814
442609,442616,444254,7,1638,2,9000,1.00427350427
442619,442626,444247,7,1621,2,9000,1.00431832202
442630,442637,444253,7,1616,2,9000,1.00433168317
442641,442649,444253,8,1604,2,9000,1.00498753117
442652,442660,444309,8,1649,2,9000,1.00485142511
442663,442670,444305,7,1635,2,9000,1.00428134557
442674,442681,444300,7,1619,2,9000,1.00432365658
442684,442692,444315,8,1623,2,9000,1.00492914356
442695,442703,444305,8,1602,2,9000,1.0049937578
442706,442719,444332,13,1613,2,9000,1.00805951643
442717,442726,444340,9,1614,2,9000,1.00557620818
442728,442743,444372,15,1629,2,9000,1.00920810313
442738,442754,444389,16,1635,2,9000,1.00978593272
442759,442767,444423,8,1656,2,9000,1.00483091787
442770,442777,444424,7,1647,2,9000,1.00425015179
442781,442791,444403,10,1612,2,9000,1.00620347395
442792,442800,444465,8,1665,2,9000,1.0048048048
442803,442810,444464,7,1654,2,9000,1.00423216445
442814,442821,444446,7,1625,2,9000,1.00430769231
442824,442832,444456,8,1624,2,9000,1.00492610837
442835,442843,444426,8,1583,2,9000,1.00505369551
442846,442858,444463,12,1605,2,9000,1.00747663551
442857,442872,444499,15,1627,2,9000,1.00921942225
442868,442886,444537,18,1651,2,9000,1.01090248334
442889,442896,444530,7,1634,2,9000,1.00428396573
442900,442907,444556,7,1649,2,9000,1.00424499697
442910,442918,444551,8,1633,2,9000,1.00489895897
442921,442928,444568,7,1640,2,9000,1.00426829268
442933,442939,444545,6,1606,2,9000,1.00373599004
442943,442949,444558,6,1609,2,9000,1.00372902424
442954,442961,444599,7,1638,2,9000,1.00427350427
442965,442972,444601,7,1629,2,9000,1.00429711479
442976,443034,444695,58,1661,2,9000,1.03491872366
443038,443049,444687,11,1638,2,9000,1.00671550672
443049,443059,444687,10,1628,2,9000,1.00614250614
443060,443068,444677,8,1609,2,9000,1.00497203232
443070,443077,444705,7,1628,2,9000,1.0042997543
443081,443088,444706,7,1618,2,9000,1.0043263288
443092,443099,444712,7,1613,2,9000,1.00433973962
443103,443110,444730,7,1620,2,9000,1.00432098765
443114,443120,444738,6,1618,2,9000,1.00370828183
443124,443131,444754,7,1623,2,9000,1.00431300062
443135,443142,444775,7,1633,2,9000,1.0042865891
443146,443153,444767,7,1614,2,9000,1.00433705081
443157,443164,444776,7,1612,2,9000,1.00434243176
443168,443175,444818,7,1643,2,9000,1.00426049909
443179,443186,444821,7,1635,2,9000,1.00428134557
443190,443196,444837,6,1641,2,9000,1.00365630713
443200,443208,444850,8,1642,2,9000,1.00487210719
443211,443219,444864,8,1645,2,9000,1.00486322188
443222,443228,444874,6,1646,2,9000,1.00364520049
443233,443240,444887,7,1647,2,9000,1.00425015179
443244,443250,444910,6,1660,2,9000,1.00361445783
443254,443261,444895,7,1634,2,9000,1.00428396573
443265,443272,444911,7,1639,2,9000,1.00427089689
443276,443283,444920,7,1637,2,9000,1.00427611484
443287,443294,444903,7,1609,2,9000,1.00435052828
443298,443305,444923,7,1618,2,9000,1.0043263288
443308,443315,444956,7,1641,2,9000,1.00426569165
443319,443327,444973,8,1646,2,9000,1.00486026731
443330,443474,445156,144,1682,2,9000,1.08561236623
443474,443481,445116,7,1635,2,9000,1.00428134557
443485,443491,445114,6,1623,2,9000,1.00369685767
443496,443503,445131,7,1628,2,9000,1.0042997543
443507,443514,445115,7,1601,2,9000,1.00437226733
443517,443525,445149,8,1624,2,9000,1.00492610837
443528,443546,445187,18,1641,2,9000,1.01096892139
443549,443610,445225,61,1615,2,9000,1.03777089783
443611,443628,445251,17,1623,2,9000,1.01047443007
443632,443665,445275,33,1610,2,9000,1.02049689441
443664,443710,445339,46,1629,2,9000,1.02823818293
443705,443719,445332,14,1613,2,9000,1.00867947923
443716,443782,445408,66,1626,2,9000,1.0405904059
443777,443789,445310,12,1521,2,9000,1.00788954635
443788,443804,445413,16,1609,2,9000,1.00994406464
443800,443811,445432,11,1621,2,9000,1.00678593461
443818,443825,443830,7,5,1,3600,1.2
443944,443950,444187,6,237,1,3600,1.0253164557
444310,444317,445228,7,911,1,3600,1.00768386389
444428,444435,444452,7,17,1,1800,1.41176470588
444612,444618,445054,6,436,1,3600,1.01376146789
444840,444847,444947,7,100,1,1800,1.07
445189,445196,446404,7,1208,1,3600,1.00579470199
445263,445270,445370,7,100,1,1800,1.07
445534,445541,446832,7,1291,1,3600,1.00542215337
446453,446459,446846,6,387,1,1800,1.01550387597
446639,446645,447796,6,1151,1,3600,1.00521285838
447663,447670,447676,7,6,1,1800,1.3
447828,447834,447884,6,50,1,1800,1.12
448199,448205,448281,6,76,1,1800,1.07894736842
448746,448752,448934,6,182,1,3600,1.03296703297
448909,448915,449176,6,261,1,1800,1.02298850575
449064,449070,449312,6,242,1,3600,1.02479338843
449622,449628,450088,6,460,1,3600,1.01304347826
452115,452122,452213,7,91,1,1800,1.07692307692
452462,464491,486268,12029,21777,4,28800,1.55237176838
452555,452561,452651,6,90,1,1800,1.06666666667
453517,453523,453883,6,360,1,1800,1.01666666667
455038,455044,455085,6,41,1,1800,1.14634146341
455321,455328,455395,7,67,1,1800,1.10447761194
455866,464407,501323,8541,36916,32,43200,1.23136309459
456003,456010,456255,7,245,1,1800,1.02857142857
456402,456409,458617,7,2208,2,9000,1.00317028986
456403,456414,458634,11,2220,2,9000,1.00495495495
456413,456425,458582,12,2157,2,9000,1.00556328234
456414,456430,458562,16,2132,2,9000,1.00750469043
456424,456436,458622,12,2186,2,9000,1.0054894785
456435,456442,458513,7,2071,2,9000,1.00338000966
456435,456448,458637,13,2189,2,9000,1.00593878483
456446,456459,458537,13,2078,2,9000,1.0062560154
456446,456454,458566,8,2112,2,9000,1.00378787879
456457,456471,458603,14,2132,2,9000,1.00656660413
456457,456466,458607,9,2141,2,9000,1.00420364316
456468,456478,458579,10,2101,2,9000,1.00475963827
456468,458525,460667,2057,2142,2,9000,1.96031746032
456479,458549,460936,2070,2387,2,9000,1.86719731881
458542,458573,460193,31,1620,2,9000,1.01913580247
458553,458579,460204,26,1625,2,9000,1.016
458574,458590,460215,16,1625,2,9000,1.00984615385
458585,458597,460212,12,1615,2,9000,1.00743034056
458595,458615,460243,20,1628,2,9000,1.01228501229
458596,458621,460266,25,1645,2,9000,1.01519756839
458617,458628,460273,11,1645,2,9000,1.00668693009
458617,458634,460270,17,1636,2,9000,1.01039119804
458628,458645,460237,17,1592,2,9000,1.01067839196
458638,458651,460277,13,1626,2,9000,1.00799507995
458649,460216,461837,1567,1621,2,9000,1.9666872301
458649,460205,461838,1556,1633,2,9000,1.9528475199
459477,459485,459930,8,445,243,300,1.01797752809
460206,460223,461740,17,1517,2,9000,1.01120632828
460216,460229,461732,13,1503,2,9000,1.00864936793
460227,460255,461713,28,1458,2,9000,1.01920438957
460227,460248,461732,21,1484,2,9000,1.0141509434
460248,460277,461777,29,1500,2,9000,1.01933333333
460259,460284,461763,25,1479,2,9000,1.01690331305
460280,460291,461727,11,1436,2,9000,1.00766016713
460280,460296,461855,16,1559,2,9000,1.0102629891
460291,460948,462446,657,1498,2,9000,1.43858477971
460291,460678,462233,387,1555,2,9000,1.24887459807
460680,461725,463244,1045,1519,2,9000,1.68795260039
460953,461738,463292,785,1554,2,9000,1.50514800515
461729,461745,463320,16,1575,2,9000,1.01015873016
461740,461752,463308,12,1556,2,9000,1.00771208226
461741,461757,463333,16,1576,2,9000,1.01015228426
461751,461775,463364,24,1589,2,9000,1.01510383889
461762,461788,463350,26,1562,2,9000,1.0166453265
461773,461850,463442,77,1592,2,9000,1.04836683417
461784,461855,463443,71,1588,2,9000,1.04471032746
461852,461867,463293,15,1426,2,9000,1.01051893408
461853,462244,463671,391,1427,2,9000,1.27400140154
461864,462459,463889,595,1430,2,9000,1.41608391608
461928,464470,467440,2542,2970,2,14400,1.85589225589
462206,464502,464666,2296,164,1,3540,15.0
462240,464508,465576,2268,1068,1,3540,3.12359550562
462242,463257,464708,1015,1451,2,9000,1.69951757409
462261,464513,464644,2252,131,1,3540,18.1908396947
462282,464519,464692,2237,173,1,3540,13.9306358382
462318,464524,468112,2206,3588,1,3540,1.61482720178
462336,464530,464878,2194,348,1,3540,7.30459770115
462353,464535,464810,2182,275,1,3540,8.93454545455
462371,464541,464895,2170,354,1,3540,7.12994350282
462385,464546,464891,2161,345,1,3540,7.26376811594
462400,464551,464904,2151,353,1,3540,7.09348441926
462415,464557,464895,2142,338,1,3540,7.33727810651
462431,464562,464921,2131,359,1,3540,6.93593314763
462457,463303,464772,846,1469,2,9000,1.57590197413
462495,464568,464837,2073,269,1,3540,8.7063197026
462543,464475,472769,1932,8294,2,14400,1.23293947432
462581,464573,464741,1992,168,1,3540,12.8571428571
462680,464579,464659,1899,80,1,3540,24.7375
462696,464584,464660,1888,76,1,3540,25.8421052632
463190,464443,464466,1253,23,32,300,55.4782608696
463254,463310,464812,56,1502,2,9000,1.03728362184
463306,463319,464796,13,1477,2,9000,1.00880162492
463306,463332,464815,26,1483,2,9000,1.01753202967
463317,463345,464849,28,1504,2,9000,1.01861702128
463327,463363,464861,36,1498,2,9000,1.02403204272
463348,463376,464863,28,1487,2,9000,1.01882985878
463359,463454,464897,95,1443,2,9000,1.06583506584
463380,463460,464932,80,1472,2,9000,1.05434782609
463452,463683,465127,231,1444,2,9000,1.15997229917
463463,463901,465371,438,1470,2,9000,1.29795918367
463688,464459,465972,771,1513,2,9000,1.50958360872
463903,464464,465993,561,1529,2,9000,1.36690647482
464023,464480,472612,457,8132,2,14400,1.05619773733
464247,464486,472156,239,7670,2,14400,1.03116036506
464459,464590,466067,131,1477,2,9000,1.08869329722
464469,464596,466087,127,1491,2,9000,1.08517773307
464593,464608,466097,15,1489,2,9000,1.01007387508
464593,464602,466114,9,1512,2,9000,1.00595238095
464604,464619,466141,15,1522,2,9000,1.00985545335
464604,464614,466109,10,1495,2,9000,1.00668896321
464615,464632,466161,17,1529,2,9000,1.01111837802
464615,464626,466167,11,1541,2,9000,1.00713822193
464626,464638,466166,12,1528,2,9000,1.00785340314
464637,464650,466144,13,1494,2,9000,1.00870147256
464637,464644,466167,7,1523,2,9000,1.00459619173
464648,464656,466104,8,1448,2,9000,1.00552486188
464649,464662,466129,13,1467,2,9000,1.00886162236
464659,464668,466140,9,1472,2,9000,1.00611413043
464660,464674,466157,14,1483,2,9000,1.00944032367
464670,464680,466173,10,1493,2,9000,1.00669792364
464671,464686,466176,15,1490,2,9000,1.01006711409
464682,464692,466180,10,1488,2,9000,1.00672043011
464682,464698,466186,16,1488,2,9000,1.01075268817
464703,464709,466221,6,1512,2,9000,1.00396825397
464714,464720,466250,6,1530,2,9000,1.00392156863
464725,464731,466255,6,1524,2,9000,1.00393700787
464735,464741,466260,6,1519,2,9000,1.00394996708
464746,464752,466281,6,1529,2,9000,1.00392413342
464757,464763,466257,6,1494,2,9000,1.00401606426
464768,464774,466261,6,1487,2,9000,1.00403496974
464778,464784,466283,6,1499,2,9000,1.00400266845
464789,464795,466270,6,1475,2,9000,1.00406779661
464800,464806,466303,6,1497,2,9000,1.00400801603
464810,464817,466315,7,1498,2,9000,1.0046728972
464821,464827,466351,6,1524,2,9000,1.00393700787
464832,464838,466325,6,1487,2,9000,1.00403496974
464840,464847,470226,7,5379,3,36000,1.00130135713
464843,464853,466349,10,1496,2,9000,1.00668449198
464853,464859,466382,6,1523,2,9000,1.00393959291
464864,464870,466404,6,1534,2,9000,1.00391134289
464875,464882,466431,7,1549,2,9000,1.00451904454
464886,464892,466417,6,1525,2,9000,1.00393442623
464897,464903,466420,6,1517,2,9000,1.00395517469
464908,464914,466407,6,1493,2,9000,1.00401875419
464918,464925,466399,7,1474,2,9000,1.00474898236
464929,464935,466402,6,1467,2,9000,1.00408997955
464940,464946,466431,6,1485,2,9000,1.00404040404
464951,464957,466440,6,1483,2,9000,1.004045853
464961,464967,466452,6,1485,2,9000,1.00404040404
464972,464978,466482,6,1504,2,9000,1.0039893617
464983,464989,466484,6,1495,2,9000,1.00401337793
464994,465000,466501,6,1501,2,9000,1.00399733511
465004,465010,466536,6,1526,2,9000,1.00393184797
465015,465138,466676,123,1538,2,9000,1.0799739922
465138,465383,466909,245,1526,2,9000,1.16055045872
465385,465983,467426,598,1443,2,9000,1.41441441441
465570,465576,466280,6,704,1,14400,1.00852272727
465570,466163,472667,593,6504,1,14400,1.09117466175
465570,466128,473114,558,6986,1,14400,1.07987403378
465570,465989,467476,419,1487,1,14400,1.28177538668
465570,466122,467348,552,1226,1,14400,1.45024469821
465571,466186,470276,615,4090,1,14400,1.15036674817
465571,466181,469280,610,3099,1,14400,1.19683768958
465571,466199,467510,628,1311,1,14400,1.47902364607
465571,466169,471369,598,5200,1,14400,1.115
465572,466205,467311,633,1106,1,14400,1.57233273056
465572,466210,467116,638,906,1,14400,1.70419426049
465572,466221,468658,649,2437,1,14400,1.26631103816
465572,466216,468652,644,2436,1,14400,1.26436781609
465573,466227,466933,654,706,1,14400,1.92634560907
465573,466244,467077,671,833,1,14400,1.80552220888
465573,466238,467092,665,854,1,14400,1.77868852459
465573,466232,468157,659,1925,1,14400,1.34233766234
465574,466279,468963,705,2684,1,14400,1.26266766021
465574,466261,467092,687,831,1,14400,1.82671480144
465574,466249,467082,675,833,1,14400,1.81032412965
465574,466267,467095,693,828,1,14400,1.83695652174
465575,466290,472745,715,6455,1,14400,1.11076684741
465575,466295,468416,720,2121,1,14400,1.33946251768
465575,466301,468710,726,2409,1,14400,1.30136986301
465575,466306,468153,731,1847,1,14400,1.39577693557
465575,466285,469214,710,2929,1,14400,1.2424035507
465576,466335,469031,759,2696,1,14400,1.28152818991
465576,466312,468191,736,1879,1,14400,1.39169771155
465576,466329,467255,753,926,1,14400,1.813174946
465576,466317,475848,741,9531,1,14400,1.07774630154
465577,466356,469635,779,3279,1,14400,1.23757243062
465577,466340,470635,763,4295,1,14400,1.17764842841
465577,466345,467952,768,1607,1,14400,1.47790914748
465577,466362,471325,785,4963,1,14400,1.15817046141
465577,466351,467344,774,993,1,14400,1.77945619335
465578,466435,469929,857,3494,1,14400,1.24527761878
465578,466412,469835,834,3423,1,14400,1.24364592463
465578,466374,468356,796,1982,1,14400,1.40161453078
465578,466429,467105,851,676,1,14400,2.25887573964
465579,466464,468965,885,2501,1,14400,1.35385845662
465579,466486,468391,907,1905,1,14400,1.47611548556
465579,466446,467374,867,928,1,14400,1.93426724138
465579,466469,470206,890,3737,1,14400,1.23815895103
465579,466440,467291,861,851,1,14400,2.01175088132
465580,466945,469236,1365,2291,1,14400,1.59580969009
465580,467090,467941,1510,851,1,14400,2.77438307873
465580,467097,468614,1517,1517,1,14400,2.0
465580,466492,470055,912,3563,1,14400,1.25596407522
465581,467118,469818,1537,2700,1,14400,1.56925925926
465581,467111,468025,1530,914,1,14400,2.67396061269
465581,467267,468097,1686,830,1,14400,3.0313253012
465581,467128,467680,1547,552,1,14400,3.80253623188
465582,467357,469098,1775,1741,1,14400,2.01952900632
465582,467303,468133,1721,830,1,14400,3.0734939759
465582,467364,474997,1782,7633,1,14400,1.23345997642
465582,467324,468155,1742,831,1,14400,3.09626955475
465583,467692,469028,2109,1336,1,14400,2.57859281437
465583,467386,473135,1803,5749,1,14400,1.31361975996
465583,467488,468819,1905,1331,1,14400,2.43125469572
465583,467522,470270,1939,2748,1,14400,1.70560407569
465584,468109,471097,2525,2988,1,14400,1.84504685408
465584,467972,469132,2388,1160,1,14400,3.05862068966
465584,468038,471705,2454,3667,1,14400,1.66921188983
465584,467953,469654,2369,1701,1,14400,2.39271017049
465584,468124,470093,2540,1969,1,14400,2.28999492128
465585,468368,472792,2783,4424,1,14400,1.62906871609
465585,468145,471291,2560,3146,1,14400,1.81373172282
465585,468203,473673,2618,5470,1,14400,1.47861060329
465585,468165,470117,2580,1952,1,14400,2.32172131148
465586,468428,470781,2842,2353,1,14400,2.2078198045
465586,468626,469776,3040,1150,1,14400,3.64347826087
465586,468664,470036,3078,1372,1,14400,3.24344023324
465586,468403,471333,2817,2930,1,14400,1.9614334471
465587,468975,471108,3388,2133,1,14400,2.58837318331
465587,468722,469458,3135,736,1,14400,5.25951086957
465587,468831,470460,3244,1629,1,14400,2.99140577041
465587,468671,472283,3084,3612,1,14400,1.85382059801
465588,469040,469647,3452,607,1,14400,6.68698517298
465588,468982,472202,3394,3220,1,14400,2.05403726708
465588,469047,470428,3459,1381,1,14400,3.50470673425
465588,469110,471866,3522,2756,1,14400,2.27793904209
465589,469227,469984,3638,757,1,14400,5.80581241744
465589,469248,471530,3659,2282,1,14400,2.60341805434
465589,469292,472701,3703,3409,1,14400,2.08624229979
465589,469144,472886,3555,3742,1,14400,1.95002672368
465590,469650,470423,4060,773,1,14400,6.25226390686
465590,469659,472418,4069,2759,1,14400,2.47480971366
465590,469471,470998,3881,1527,1,14400,3.54158480681
465590,469666,471248,4076,1582,1,14400,3.57648546144
465591,469830,471143,4239,1313,1,14400,4.2284843869
465591,469848,470644,4257,796,1,14400,6.34798994975
465591,469941,471510,4350,1569,1,14400,3.7724665392
465591,469788,473624,4197,3836,1,14400,2.0941084463
465592,470067,471587,4475,1520,1,14400,3.94407894737
465592,470105,471991,4513,1886,1,14400,3.39289501591
465592,470130,472258,4538,2128,1,14400,3.13251879699
465592,470002,470933,4410,931,1,14400,5.73684210526
465592,470051,473332,4459,3281,1,14400,2.359036879
465593,470290,476632,4697,6342,1,14400,1.74061810155
465593,470243,474498,4650,4255,1,14400,2.0928319624
465593,470218,472494,4625,2276,1,14400,3.03207381371
465593,470283,473083,4690,2800,1,14400,2.675
465594,470797,472294,5203,1497,1,14400,4.47561790247
465594,470472,471364,4878,892,1,14400,6.46860986547
465594,470945,474022,5351,3077,1,14400,2.73903152421
465594,470656,472801,5062,2145,1,14400,3.35990675991
465594,470648,471602,5054,954,1,14400,6.29769392034
465595,471156,474164,5561,3008,1,14400,2.84873670213
465595,471120,471951,5525,831,1,14400,7.64861612515
465595,471109,471937,5514,828,1,14400,7.65942028986
465595,471010,473451,5415,2441,1,14400,3.21835313396
465596,471345,472778,5749,1433,1,14400,5.01186322401
465596,471337,473396,5741,2059,1,14400,3.78824672171
465596,471303,473562,5707,2259,1,14400,3.52633908809
465596,471260,473362,5664,2102,1,14400,3.69457659372
465597,471618,473257,6021,1639,1,14400,4.6735814521
465597,471522,476382,5925,4860,1,14400,2.21913580247
465597,471547,475913,5950,4366,1,14400,2.36280348145
465597,471608,473865,6011,2257,1,14400,3.6632698272
465598,471954,475414,6356,3460,1,14400,2.83699421965
465598,472007,472550,6409,543,1,14400,12.802946593
465598,471722,472707,6124,985,1,14400,7.21725888325
465598,471973,473156,6375,1183,1,14400,6.3888419273
465598,471886,473176,6288,1290,1,14400,5.87441860465
465599,472436,477594,6837,5158,1,14400,2.32551376503
465599,472511,474782,6912,2271,1,14400,4.04359313078
465599,472294,473451,6695,1157,1,14400,6.78651685393
465599,472443,474130,6844,1687,1,14400,5.05690574985
465600,472629,474317,7029,1688,1,14400,5.16409952607
465600,472566,474889,6966,2323,1,14400,3.99870856651
465600,472624,473175,7024,551,1,14400,13.7477313975
465600,472673,474624,7073,1951,1,14400,4.62532034854
465601,472697,473252,7096,555,1,14400,13.7855855856
465601,472808,474821,7207,2013,1,14400,4.58022851465
465601,472691,476213,7090,3522,1,14400,3.01306076093
465601,472686,473701,7085,1015,1,14400,7.9802955665
465601,472678,474079,7077,1401,1,14400,6.05139186296
465602,472724,473134,7122,410,1,14400,18.3707317073
465602,472704,473872,7102,1168,1,14400,7.08047945205
465602,472710,473589,7108,879,1,14400,9.08646188851
465602,472717,473621,7115,904,1,14400,8.87057522124
465603,472792,473886,7189,1094,1,14400,7.57129798903
465603,472761,473578,7158,817,1,14400,9.76132190942
465603,472780,474970,7177,2190,1,14400,4.27716894977
465603,472785,474575,7182,1790,1,14400,5.01229050279
465604,472849,475923,7245,3074,1,14400,3.35686402082
465604,472803,473788,7199,985,1,14400,8.30862944162
465604,472815,475873,7211,3058,1,14400,3.35807717462
465604,472797,473900,7193,1103,1,14400,7.52130553037
465605,473004,475793,7399,2789,1,14400,3.65292219433
465605,472831,474260,7226,1429,1,14400,6.0566829951
465605,472843,475161,7238,2318,1,14400,4.12251941329
465605,472826,473973,7221,1147,1,14400,7.29555361813
465605,472821,474510,7216,1689,1,14400,5.27235050326
465606,472914,475678,7308,2764,1,14400,3.64399421129
465606,472902,476540,7296,3638,1,14400,3.00549752611
465606,472999,473828,7393,829,1,14400,9.917973462
465606,472909,485135,7303,12226,1,14400,1.59733355145
465607,473131,474477,7524,1346,1,14400,6.58989598811
465607,473173,474460,7566,1287,1,14400,6.87878787879
465607,473100,473981,7493,881,1,14400,9.50510783201
465607,473153,474886,7546,1733,1,14400,5.35429890364
465607,473146,474793,7539,1647,1,14400,5.57741347905
465608,473194,474732,7586,1538,1,14400,5.93237971391
465608,473230,474064,7622,834,1,14400,10.139088729
465608,473225,474057,7617,832,1,14400,10.1550480769
465608,473187,475678,7579,2491,1,14400,4.04255319149
465608,473273,475402,7665,2129,1,14400,4.60028182245
465609,473348,476174,7739,2826,1,14400,3.73849964614
465609,473332,475286,7723,1954,1,14400,4.95240532242
465609,473265,474971,7656,1706,1,14400,5.4876905041
465609,473337,475587,7728,2250,1,14400,4.43466666667
465610,473373,474567,7763,1194,1,14400,7.50167504188
465610,473386,476917,7776,3531,1,14400,3.20220900595
465610,473366,474694,7756,1328,1,14400,6.84036144578
465610,473361,475156,7751,1795,1,14400,5.31810584958
465611,473379,475517,7768,2138,1,14400,4.63330215154
465611,473393,475031,7782,1638,1,14400,5.75091575092
465611,473412,473751,7801,339,1,14400,24.01179941
465611,473398,474516,7787,1118,1,14400,7.96511627907
465612,473441,474911,7829,1470,1,14400,6.32585034014
465612,473467,475388,7855,1921,1,14400,5.08901613743
465612,473462,478016,7850,4554,1,14400,2.72375933245
465612,473475,475033,7863,1558,1,14400,6.04685494223
465612,473436,474286,7824,850,1,14400,10.2047058824
465613,473480,474983,7867,1503,1,14400,6.23419827013
465613,473594,475253,7981,1659,1,14400,5.81072935503
465613,473524,474760,7911,1236,1,14400,7.40048543689
465613,473578,475702,7965,2124,1,14400,4.75
465614,473542,475527,7928,1985,1,14400,4.99395465995
465614,473518,474438,7904,920,1,14400,9.59130434783
465614,473486,473860,7872,374,1,14400,22.0481283422
465614,473536,475749,7922,2213,1,14400,4.57975598735
465614,473491,474319,7877,828,1,14400,10.5132850242
465615,473652,474963,8037,1311,1,14400,7.13043478261
465615,473627,475327,8012,1700,1,14400,5.71294117647
465615,473605,476605,7990,3000,1,14400,3.66333333333
465616,473632,474960,8016,1328,1,14400,7.03614457831
465616,473684,475975,8068,2291,1,14400,4.52160628546
465616,473639,475311,8023,1672,1,14400,5.79844497608
465616,473728,474814,8112,1086,1,14400,8.46961325967
465616,473662,474782,8046,1120,1,14400,8.18392857143
465617,473667,475469,8050,1802,1,14400,5.46725860155
465617,473692,475836,8075,2144,1,14400,4.76632462687
465617,473679,474118,8062,439,1,14400,19.3644646925
465617,473733,474817,8116,1084,1,14400,8.48708487085
465617,473718,476583,8101,2865,1,14400,3.82757417103
465618,473768,476477,8150,2709,1,14400,4.00849021779
465618,473836,475237,8218,1401,1,14400,6.86581013562
465618,473759,474961,8141,1202,1,14400,7.77287853577
465618,473806,474828,8188,1022,1,14400,9.01174168297
465619,473879,475157,8260,1278,1,14400,7.46322378717
465619,473849,475615,8230,1766,1,14400,5.66024915062
465619,473872,474766,8253,894,1,14400,10.2315436242
465619,473886,481810,8267,7924,1,14400,2.04328621908
465619,473841,474707,8222,866,1,14400,10.4942263279
465620,473990,475636,8370,1646,1,14400,6.08505467801
465620,473899,476960,8279,3061,1,14400,3.70467167592
465620,473906,474757,8286,851,1,14400,10.7367802585
465620,473916,474236,8296,320,1,14400,26.925
465621,474033,474887,8412,854,1,14400,10.850117096
465621,473951,475030,8330,1079,1,14400,8.72011121409
465621,474039,478957,8418,4918,1,14400,2.71167141114
465621,473997,474317,8376,320,1,14400,27.175
465621,473946,474270,8325,324,1,14400,26.6944444444
465622,474046,475454,8424,1408,1,14400,6.98295454545
465622,474103,477026,8481,2923,1,14400,3.90147109134
465622,474081,475706,8459,1625,1,14400,6.20553846154
465622,474073,474701,8451,628,1,14400,14.4570063694
465622,474095,475705,8473,1610,1,14400,6.26273291925
465623,474108,476599,8485,2491,1,14400,4.40626254516
465623,474134,475040,8511,906,1,14400,10.3940397351
465623,474147,475955,8524,1808,1,14400,5.71460176991
465623,474180,474651,8557,471,1,14400,19.1677282378
465624,474283,475168,8659,885,1,14400,10.784180791
465624,474454,475056,8830,602,1,14400,15.6677740864
465624,474276,474844,8652,568,1,14400,16.2323943662
465624,474253,475450,8629,1197,1,14400,8.20885547201
465624,474476,476137,8852,1661,1,14400,6.32931968694
465625,474342,476404,8717,2062,1,14400,5.22744907856
465625,474302,481390,8677,7088,1,14400,2.22418171558
465625,474336,475456,8711,1120,1,14400,8.77767857143
465625,474329,475012,8704,683,1,14400,13.7437774524
465626,474493,475582,8867,1089,1,14400,9.14233241506
465626,474534,475561,8908,1027,1,14400,9.67380720545
465626,474809,475641,9183,832,1,14400,12.0372596154
465626,474514,475804,8888,1290,1,14400,7.88992248062
465626,474527,478937,8901,4410,1,14400,3.01836734694
465627,474583,475822,8956,1239,1,14400,8.22841000807
465627,474838,475708,9211,870,1,14400,11.5873563218
465627,474845,475676,9218,831,1,14400,12.0926594465
465627,474833,477106,9206,2273,1,14400,5.05015398152
465628,474640,475812,9012,1172,1,14400,8.68941979522
465628,474663,475512,9035,849,1,14400,11.6419316843
465628,474591,480916,8963,6325,1,14400,2.41707509881
465628,474710,476420,9082,1710,1,14400,6.31111111111
465629,474780,476209,9151,1429,1,14400,7.40377886634
465629,474724,475905,9095,1181,1,14400,8.70110076207
465629,474773,476094,9144,1321,1,14400,7.92202876609
465629,474749,476194,9120,1445,1,14400,7.31141868512
465629,474717,475126,9088,409,1,14400,23.2200488998
465630,474851,475293,9221,442,1,14400,21.8619909502
465630,474863,478852,9233,3989,1,14400,3.31461519178
465630,474858,475435,9228,577,1,14400,16.993067591
465630,474787,475157,9157,370,1,14400,25.7486486486
465631,474868,476015,9237,1147,1,14400,9.05318221447
465631,474906,475912,9275,1006,1,14400,10.2196819085
465631,474927,476660,9296,1733,1,14400,6.3641084824
465631,474899,476427,9268,1528,1,14400,7.06544502618
465631,474911,477064,9280,2153,1,14400,5.31026474686
465632,474996,475830,9364,834,1,14400,12.2278177458
465632,474984,476264,9352,1280,1,14400,8.30625
465632,474977,475798,9345,821,1,14400,12.3824604141
465632,474989,476077,9357,1088,1,14400,9.60018382353
465982,466005,467497,23,1492,2,9000,1.0154155496
466003,466078,467589,75,1511,2,9000,1.04963600265
466076,466098,467614,22,1516,2,9000,1.01451187335
466097,466109,467633,12,1524,2,9000,1.00787401575
466108,466115,467628,7,1513,2,9000,1.00462656973
466119,466134,467645,15,1511,2,9000,1.00992720053
466130,466141,467604,11,1463,2,9000,1.00751879699
466141,466151,467621,10,1470,2,9000,1.00680272109
466152,466158,467625,6,1467,2,9000,1.00408997955
466163,466175,467669,12,1494,2,9000,1.00803212851
466174,466194,467688,20,1494,2,9000,1.01338688086
466195,466256,467742,61,1486,2,9000,1.04104979812
466258,466274,467777,16,1503,2,9000,1.01064537591
466280,466324,467860,44,1536,2,9000,1.02864583333
466322,466369,467880,47,1511,2,9000,1.03110522833
466374,466380,467904,6,1524,2,9000,1.00393700787
466385,466391,467909,6,1518,2,9000,1.00395256917
466396,466402,467893,6,1491,2,9000,1.00402414487
466407,466424,467883,17,1459,2,9000,1.01165181631
466407,466418,467909,11,1491,2,9000,1.00737759893
466418,466453,467930,35,1477,2,9000,1.02369668246
466429,466458,467950,29,1492,2,9000,1.01943699732
466451,466475,467956,24,1481,2,9000,1.01620526671
466461,466481,467943,20,1462,2,9000,1.01367989056
466472,466499,467998,27,1499,2,9000,1.01801200801
466483,466504,468012,21,1508,2,9000,1.01392572944
466495,466512,468032,17,1520,2,9000,1.01118421053
466506,466548,468070,42,1522,2,9000,1.02759526938
466517,466689,468204,172,1515,2,9000,1.11353135314
466549,466921,468401,372,1480,2,9000,1.25135135135
466694,467104,468545,410,1441,2,9000,1.28452463567
466864,475001,475334,8137,333,1,1800,25.4354354354
466865,470438,470771,3573,333,2,1800,11.7297297297
466865,470396,470734,3531,338,2,1800,11.4467455621
466865,475015,475343,8150,328,1,1800,25.8475609756
466865,467633,467966,768,333,2,1800,3.30630630631
466865,475008,475336,8143,328,1,1800,25.8262195122
466866,476886,477272,10020,386,8,1800,26.9585492228
466866,468473,468834,1607,361,4,1800,5.45152354571
466866,468017,468460,1151,443,4,1800,3.59819413093
466866,467640,468005,774,365,4,1800,3.12054794521
466867,526845,527311,59978,466,16,1800,129.708154506
466867,527323,527790,60456,467,16,1800,130.456102784
466867,527801,528305,60934,504,16,1800,121.900793651
466867,477076,477446,10209,370,8,1800,28.5918918919
466867,477170,477541,10303,371,8,1800,28.7708894879
466868,491296,491922,24428,626,32,1800,40.0223642173
466868,620647,621137,153779,490,64,1800,314.834693878
466868,490786,491284,23918,498,32,1800,49.0281124498
466868,491934,492490,25066,556,32,1800,46.0827338129
466869,665250,665918,198381,668,128,1800,297.97754491
466869,621148,621630,154279,482,64,1800,321.080912863
466869,664524,665237,197655,713,128,1800,278.21598878
466869,663880,664512,197011,632,128,1800,312.726265823
466869,621642,622170,154773,528,64,1800,294.130681818
466870,897042,897672,430172,630,256,1800,683.812698413
466870,897684,898320,430814,636,256,1800,678.380503145
466870,896447,897029,429577,582,256,1800,739.104810997
466921,467438,468939,517,1501,2,9000,1.34443704197
467254,475073,475402,7819,329,1,1800,24.7659574468
467254,475055,475386,7801,331,1,1800,24.5679758308
467254,475025,475358,7771,333,1,1800,24.3363363363
467255,475254,475588,7999,334,1,1800,24.9491017964
467255,470450,470793,3195,343,2,1800,10.3148688047
467255,470862,471206,3607,344,2,1800,11.4854651163
467255,475138,475477,7883,339,1,1800,24.2536873156
467255,475169,475505,7914,336,1,1800,24.5535714286
467256,472315,472661,5059,346,2,1800,15.6213872832
467256,470892,471253,3636,361,2,1800,11.0720221607
467256,471028,471375,3772,347,2,1800,11.8703170029
467256,472176,472530,4920,354,2,1800,14.8983050847
467256,468846,469240,1590,394,4,1800,5.03553299492
467257,469969,470376,2712,407,4,1800,7.66339066339
467257,469632,470027,2375,395,4,1800,7.01265822785
467257,469510,469957,2253,447,4,1800,6.04026845638
467257,469255,469616,1998,361,4,1800,6.53462603878
467257,469117,469498,1860,381,4,1800,5.88188976378
467258,477236,477659,9978,423,8,1800,24.5886524823
467258,478002,478488,10744,486,8,1800,23.1069958848
467258,477553,478143,10295,590,8,1800,18.4491525424
467258,477441,477833,10183,392,8,1800,26.9770408163
467258,477458,477902,10200,444,8,1800,23.972972973
467259,478035,478420,10776,385,8,1800,28.9896103896
467259,528318,528783,61059,465,16,1800,132.309677419
467259,528796,529241,61537,445,16,1800,139.285393258
467259,529253,529734,61994,481,16,1800,129.885654886
467259,529746,530296,62487,550,16,1800,114.612727273
467260,493627,494203,26367,576,32,1800,46.7760416667
467260,492502,493059,25242,557,32,1800,46.3177737882
467260,493071,493615,25811,544,32,1800,48.4466911765
467260,530308,530762,63048,454,16,1800,139.872246696
467260,530774,531221,63514,447,16,1800,143.089485459
467261,495313,495843,28052,530,32,1800,53.9283018868
467261,622794,623381,155533,587,64,1800,265.962521295
467261,622183,622782,154922,599,64,1800,259.634390651
467261,494215,494775,26954,560,32,1800,49.1321428571
467261,494787,495301,27526,514,32,1800,54.5525291829
467262,623954,624500,156692,546,64,1800,287.981684982
467262,624513,625006,157251,493,64,1800,319.967545639
467262,623394,623942,156132,548,64,1800,285.912408759
467262,625018,625555,157756,537,64,1800,294.772811918
467263,668442,669020,201179,578,128,1800,349.060553633
467263,667858,668429,200595,571,128,1800,352.304728546
467263,666552,667173,199289,621,128,1800,321.91626409
467263,667185,667844,199922,659,128,1800,304.371775417
467263,665930,666540,198667,610,128,1800,326.683606557
467264,669032,669719,201768,687,128,1800,294.694323144
467264,898332,898981,431068,649,256,1800,665.203389831
467264,898994,899614,431730,620,256,1800,697.338709677
467264,899626,900253,432362,627,256,1800,690.572567783
467264,900265,900940,433001,675,256,1800,642.482962963
467265,900956,901610,433691,654,256,1800,664.136085627
467265,901622,902298,434357,676,256,1800,643.539940828
467428,467452,468937,24,1485,2,9000,1.01616161616
467450,467509,468993,59,1484,2,9000,1.0397574124
467512,467601,469071,89,1470,2,9000,1.06054421769
467606,467617,469099,11,1482,2,9000,1.00742240216
467617,467626,469101,9,1475,2,9000,1.00610169492
467628,467656,469162,28,1506,2,9000,1.01859229748
467628,467647,469143,19,1496,2,9000,1.01270053476
467650,467681,469189,31,1508,2,9000,1.02055702918
467661,467700,469205,39,1505,2,9000,1.02591362126
467682,467754,469243,72,1489,2,9000,1.0483546004
467703,467789,469283,86,1494,2,9000,1.05756358768
467755,467873,469327,118,1454,2,9000,1.08115543329
467787,467892,469375,105,1483,2,9000,1.07080242751
467870,467899,469397,29,1498,2,9000,1.01935914553
467892,467906,469428,14,1522,2,9000,1.00919842313
467903,467916,469390,13,1474,2,9000,1.00881953867
467903,467923,469407,20,1484,2,9000,1.01347708895
467914,467928,469414,14,1486,2,9000,1.00942126514
467925,467942,469422,17,1480,2,9000,1.01148648649
467926,467960,469482,34,1522,2,9000,1.0223390276
467947,467967,469502,20,1535,2,9000,1.01302931596
467958,467979,469478,21,1499,2,9000,1.01400933956
467969,467984,469460,15,1476,2,9000,1.01016260163
467980,468010,469463,30,1453,2,9000,1.02064693737
467986,468024,469577,38,1553,2,9000,1.02446877012
468007,468045,469612,38,1567,2,9000,1.02425015954
468029,468082,469631,53,1549,2,9000,1.03421562298
468050,468172,469735,122,1563,2,9000,1.07805502239
468082,468216,469785,134,1569,2,9000,1.08540471638
468207,468413,469958,206,1545,2,9000,1.13333333333
468405,468557,469983,152,1426,2,9000,1.10659186536
468515,475272,476583,6757,1311,1,7200,6.15408085431
468550,468949,470371,399,1422,2,9000,1.2805907173
468711,475302,477158,6591,1856,1,7200,4.55118534483
468820,475309,476495,6489,1186,1,7200,6.47133220911
468930,475327,476480,6397,1153,1,7200,6.54813529922
468944,469006,470428,62,1422,2,9000,1.04360056259
468944,468956,470357,12,1401,2,9000,1.00856531049
468980,475344,476874,6364,1530,1,7200,5.15947712418
468997,469083,470494,86,1411,2,9000,1.06094968108
469080,469156,470568,76,1412,2,9000,1.05382436261
469088,475358,476950,6270,1592,1,7200,4.93844221106
469101,469174,470582,73,1408,2,9000,1.05184659091
469154,469201,470599,47,1398,2,9000,1.03361945637
469175,469217,470603,42,1386,2,9000,1.0303030303
469196,469260,470690,64,1430,2,9000,1.04475524476
469217,469299,470709,82,1410,2,9000,1.05815602837
469259,469340,470738,81,1398,2,9000,1.05793991416
469301,469387,470761,86,1374,2,9000,1.06259097525
469343,469402,470824,59,1422,2,9000,1.04149085795
469385,469409,470778,24,1369,2,9000,1.01753104456
469407,469426,470808,19,1382,2,9000,1.01374819103
469407,469419,470809,12,1390,2,9000,1.00863309353
469418,469434,470810,16,1376,2,9000,1.01162790698
469429,469441,470842,12,1401,2,9000,1.00856531049
469430,469478,470852,48,1374,2,9000,1.03493449782
469440,469483,470879,43,1396,2,9000,1.03080229226
469482,469490,470861,8,1371,2,9000,1.00583515682
469483,469497,470864,14,1367,2,9000,1.01024140454
469494,469517,470903,23,1386,2,9000,1.01659451659
469494,469589,470966,95,1377,2,9000,1.06899055919
469516,469625,471009,109,1384,2,9000,1.07875722543
469589,469643,471012,54,1369,2,9000,1.03944485026
469630,469747,471120,117,1373,2,9000,1.08521485798
469636,476512,476513,6876,1,2,60,687.7
469642,469798,471185,156,1387,2,9000,1.11247296323
469681,475370,481429,5689,6059,1,7200,1.93893381746
469745,469976,471352,231,1376,2,9000,1.16787790698
469798,469995,471362,197,1367,2,9000,1.14411119239
469974,470044,471418,70,1374,2,9000,1.05094614265
469995,470039,471407,44,1368,2,9000,1.03216374269
470037,470238,471590,201,1352,2,9000,1.14866863905
470234,470369,471793,135,1424,2,9000,1.09480337079
470368,470384,471835,16,1451,2,9000,1.01102687802
470379,470391,471833,12,1442,2,9000,1.00832177531
470390,470433,471930,43,1497,2,9000,1.0287241149
470432,470445,471858,13,1413,2,9000,1.00920028309
470443,470506,471956,63,1450,2,9000,1.04344827586
470506,470580,472013,74,1433,2,9000,1.05163991626
470579,470594,472047,15,1453,2,9000,1.01032346869
470590,470611,472079,21,1468,2,9000,1.01430517711
470611,470618,472089,7,1471,2,9000,1.00475866757
470622,470703,472164,81,1461,2,9000,1.05544147844
470649,470827,470847,178,20,2,3600,9.9
470705,470722,472204,17,1482,2,9000,1.01147098516
470726,470746,472234,20,1488,2,9000,1.01344086022
470747,470755,472275,8,1520,2,9000,1.00526315789
470758,470774,472297,16,1523,2,9000,1.01050558109
470769,470783,472316,14,1533,2,9000,1.00913242009
470780,470789,472209,9,1420,2,9000,1.00633802817
470791,470806,472254,15,1448,2,9000,1.01035911602
470802,470820,472282,18,1462,2,9000,1.0123119015
470823,470833,472305,10,1472,2,9000,1.00679347826
470834,470841,472272,7,1431,2,9000,1.00489168414
470845,470855,472285,10,1430,2,9000,1.00699300699
470856,470869,472401,13,1532,2,9000,1.00848563969
470867,470876,472380,9,1504,2,9000,1.00598404255
470878,470885,472358,7,1473,2,9000,1.00475220638
470889,470915,472344,26,1429,2,9000,1.01819454164
470920,470978,472419,58,1441,2,9000,1.04024982651
470983,471021,472462,38,1441,2,9000,1.02637057599
471025,471132,472599,107,1467,2,9000,1.07293796864
471068,471374,471394,306,20,2,3600,16.3
471128,471198,472670,70,1472,2,9000,1.04755434783
471201,471218,472692,17,1474,2,9000,1.01153324288
471223,471267,472674,44,1407,2,9000,1.03127221038
471264,471364,472782,100,1418,2,9000,1.07052186178
471292,471852,471866,560,14,2,3600,41.0
471368,471381,472767,13,1386,2,9000,1.00937950938
471379,471388,472776,9,1388,2,9000,1.00648414986
471390,471406,472815,16,1409,2,9000,1.01135557133
471411,471418,472896,7,1478,2,9000,1.00473612991
471422,471431,472795,9,1364,2,9000,1.00659824047
471433,471602,472987,169,1385,2,9000,1.12202166065
471525,507804,522229,36279,14425,1,14400,3.51500866551
471537,522235,536645,50698,14410,1,14400,4.51825121443
471537,574972,589382,103435,14410,1,14400,8.17800138793
471538,589394,603827,117856,14433,1,14400,9.16573131019
471538,618247,632681,146709,14434,1,14400,11.1641263683
471538,603833,618239,132295,14406,1,14400,10.1833263918
471539,632687,647099,161148,14412,1,14400,12.1815154038
471539,661535,675968,189996,14433,1,14400,14.1639991686
471539,647106,661523,175567,14417,1,14400,13.1777762364
471542,675975,690421,204433,14446,1,14400,15.1515298352
471599,471805,473213,206,1408,2,9000,1.14630681818
471806,471845,473320,39,1475,2,9000,1.02644067797
471848,471870,473359,22,1489,2,9000,1.01477501679
471869,471879,473377,10,1498,2,9000,1.00667556742
471880,471942,473449,62,1507,2,9000,1.04114134041
471942,471967,473349,25,1382,2,9000,1.01808972504
471964,472026,473424,62,1398,2,9000,1.0443490701
472026,472059,473461,33,1402,2,9000,1.02353780314
472058,472091,473506,33,1415,2,9000,1.02332155477
472089,472101,473513,12,1412,2,9000,1.00849858357
472100,472169,473614,69,1445,2,9000,1.04775086505
472173,472216,473590,43,1374,2,9000,1.03129548763
472185,472228,480104,43,7876,1,10800,1.00545962417
472213,472274,481118,61,8844,1,10800,1.00689733152
472215,472223,473628,8,1405,2,9000,1.00569395018
472226,472247,473649,21,1402,2,9000,1.014978602
472247,472266,473667,19,1401,2,9000,1.01356174161
472268,472285,473700,17,1415,2,9000,1.01201413428
472289,472301,473746,12,1445,2,9000,1.00830449827
472300,472308,473758,8,1450,2,9000,1.00551724138
472311,472322,473752,11,1430,2,9000,1.00769230769
472322,472329,473715,7,1386,2,9000,1.00505050505
472333,472339,473735,6,1396,2,9000,1.00429799427
472344,472357,473772,13,1415,2,9000,1.00918727915
472355,472370,473785,15,1415,2,9000,1.01060070671
472366,472393,473824,27,1431,2,9000,1.01886792453
472397,472413,473864,16,1451,2,9000,1.01102687802
472408,472431,473860,23,1429,2,9000,1.01609517145
472430,472474,473934,44,1460,2,9000,1.0301369863
472471,472543,474017,72,1474,2,9000,1.04884667571
472544,472612,474091,68,1479,2,9000,1.04597701149
472592,472838,476650,246,3812,16,86400,1.06453305352
473233,478155,481849,4922,3694,8,14400,2.33243096914
473271,478432,482125,5161,3693,8,14400,2.39750880043
473328,478504,482207,5176,3703,8,14400,2.39778557926
473402,481861,485551,8459,3690,8,14400,3.29241192412
474762,474798,474846,36,48,2,3600,1.75
475025,475032,476424,7,1392,2,9000,1.00502873563
475026,475038,476441,12,1403,2,9000,1.0085531005
475037,475045,476441,8,1396,2,9000,1.00573065903
475037,475050,476449,13,1399,2,9000,1.00929235168
475048,475068,476471,20,1403,2,9000,1.0142551675
475048,475063,476451,15,1388,2,9000,1.01080691643
475059,475080,476468,21,1388,2,9000,1.015129683
475070,475085,476486,15,1401,2,9000,1.01070663812
475081,475092,476463,11,1371,2,9000,1.00802334063
475081,475097,476470,16,1373,2,9000,1.01165331391
475092,475103,476514,11,1411,2,9000,1.00779588944
475103,475116,476490,13,1374,2,9000,1.00946142649
475103,475110,476487,7,1377,2,9000,1.00508351489
475114,475123,476526,9,1403,2,9000,1.00641482537
475114,475176,476566,62,1390,2,9000,1.04460431655
475125,475183,476605,58,1422,2,9000,1.04078762307
475177,475351,476735,174,1384,2,9000,1.12572254335
475188,475404,476800,216,1396,2,9000,1.1547277937
475352,475419,476847,67,1428,2,9000,1.04691876751
475396,476468,476469,1072,1,2,3600,107.3
475404,475447,476830,43,1383,2,9000,1.03109182936
475415,475466,476861,51,1395,2,9000,1.03655913978
475446,475485,476874,39,1389,2,9000,1.02807775378
475467,475518,476905,51,1387,2,9000,1.03677000721
475488,475533,476953,45,1420,2,9000,1.03169014085
475519,475573,476964,54,1391,2,9000,1.03882099209
475530,475600,476990,70,1390,2,9000,1.05035971223
475572,475631,477023,59,1392,2,9000,1.04238505747
475603,475653,477052,50,1399,2,9000,1.03573981415
475634,475694,477094,60,1400,2,9000,1.04285714286
475655,475717,477132,62,1415,2,9000,1.04381625442
475697,475724,477135,27,1411,2,9000,1.01913536499
475718,475765,477171,47,1406,2,9000,1.03342816501
475728,475811,477212,83,1401,2,9000,1.05924339757
475737,490792,526833,15055,36041,16,36000,1.41771870925
475747,495873,531920,20126,36047,16,36000,1.55832662912
475758,495879,531065,20121,35186,16,36000,1.57184675723
475811,475824,477223,13,1399,2,9000,1.00929235168
475822,475842,477222,20,1380,2,9000,1.01449275362
475843,475864,477271,21,1407,2,9000,1.01492537313
475864,475917,477312,53,1395,2,9000,1.03799283154
475915,475931,477338,16,1407,2,9000,1.01137171286
475936,475967,477376,31,1409,2,9000,1.02200141945
475968,476027,477429,59,1402,2,9000,1.04208273894
476030,476107,477493,77,1386,2,9000,1.05555555556
476112,476190,477594,78,1404,2,9000,1.05555555556
476195,476221,477637,26,1416,2,9000,1.01836158192
476226,476276,477704,50,1428,2,9000,1.0350140056
476278,476416,477817,138,1401,2,9000,1.09850107066
476412,476435,477844,23,1409,2,9000,1.01632363378
476433,476443,477839,10,1396,2,9000,1.00716332378
476443,476453,477859,10,1406,2,9000,1.00711237553
476454,476460,477838,6,1378,2,9000,1.00435413643
476465,476475,477846,10,1371,2,9000,1.00729394602
476476,476487,477874,11,1387,2,9000,1.00793078587
476486,476494,477893,8,1399,2,9000,1.00571837026
476497,476505,477881,8,1376,2,9000,1.00581395349
476508,476519,477908,11,1389,2,9000,1.00791936645
476519,476525,477916,6,1391,2,9000,1.00431344357
476529,476537,477938,8,1401,2,9000,1.005710207
476540,476547,477946,7,1399,2,9000,1.00500357398
476551,476558,477959,7,1401,2,9000,1.00499643112
476562,476569,477967,7,1398,2,9000,1.00500715308
476572,476580,477989,8,1409,2,9000,1.00567778566
476583,476590,477985,7,1395,2,9000,1.00501792115
476594,476601,478011,7,1410,2,9000,1.00496453901
476605,476611,477997,6,1386,2,9000,1.00432900433
476615,476622,477965,7,1343,2,9000,1.00521221147
476626,476632,478001,6,1369,2,9000,1.00438276114
476637,476643,478023,6,1380,2,9000,1.00434782609
476688,476696,563106,8,86410,1,86400,1.00009258188
476719,476725,563148,6,86423,1,86400,1.00006942596
476769,476775,476792,6,17,10,86400,1.35294117647
476809,476821,490770,12,13949,10,86400,1.00086027672
476809,476816,490770,7,13954,10,86400,1.00050164827
476810,477285,490771,475,13486,10,86400,1.0352217114
476810,476976,490770,166,13794,10,86400,1.01203421778
476810,477671,490771,861,13100,10,86400,1.06572519084
476811,477845,490771,1034,12926,10,86400,1.07999381092
476811,477915,490771,1104,12856,10,86400,1.08587429994
476811,477859,490771,1048,12912,10,86400,1.08116480793
477478,477505,479198,27,1693,1,7200,1.01594802126
477664,477676,484568,12,6892,1,7200,1.00174114916
477776,477783,564192,7,86409,1,86400,1.00008101008
477820,477827,479720,7,1893,1,7200,1.00369783413
477925,477933,479866,8,1933,1,7200,1.00413864459
478648,478654,480021,6,1367,2,9000,1.00438917337
478658,478665,480034,7,1369,2,9000,1.00511322133
478669,478682,480062,13,1380,2,9000,1.00942028986
478680,478689,480078,9,1389,2,9000,1.00647948164
478690,478697,480070,7,1373,2,9000,1.00509832484
478701,478707,480081,6,1374,2,9000,1.00436681223
478712,478718,480100,6,1382,2,9000,1.00434153401
478722,478729,480132,7,1403,2,9000,1.00498930862
478733,478863,480235,130,1372,2,9000,1.09475218659
478867,478969,480340,102,1371,2,9000,1.07439824945
478902,480111,480142,1209,31,2,3600,40.0
478969,479732,481098,763,1366,2,9000,1.55856515373
479227,482147,482177,2920,30,2,3600,98.3333333333
479737,480034,481454,297,1420,2,9000,1.20915492958
480034,480046,481437,12,1391,2,9000,1.00862688713
480045,480074,481419,29,1345,2,9000,1.02156133829
480076,480083,481451,7,1368,2,9000,1.00511695906
480087,480093,481467,6,1374,2,9000,1.00436681223
480098,480105,481492,7,1387,2,9000,1.00504686373
480108,480117,481516,9,1399,2,9000,1.00643316655
480119,480144,481565,25,1421,2,9000,1.01759324419
480140,480155,481556,15,1401,2,9000,1.01070663812
480151,480247,481621,96,1374,2,9000,1.06986899563
480197,480927,482851,730,1924,1,7200,1.37941787942
480243,480352,481756,109,1404,2,9000,1.07763532764
480335,481129,483171,794,2042,1,7200,1.388834476
480356,481109,482525,753,1416,2,9000,1.53177966102
480433,481402,488646,969,7244,1,7200,1.13376587521
480740,482229,488527,1489,6298,2,14400,1.23642426167
481113,481431,482811,318,1380,2,9000,1.23043478261
481431,481449,482836,18,1387,2,9000,1.0129776496
481452,481463,482882,11,1419,2,9000,1.00775193798
481462,481470,482852,8,1382,2,9000,1.00578871201
481473,481479,482889,6,1410,2,9000,1.00425531915
481484,481504,482919,20,1415,2,9000,1.01413427562
481505,481528,482947,23,1419,2,9000,1.0162085976
481526,481569,482978,43,1409,2,9000,1.03051809794
481567,481577,482976,10,1399,2,9000,1.00714796283
481576,483747,484336,2171,589,2,14400,4.68590831919
481578,481634,482970,56,1336,2,9000,1.04191616766
481630,481769,483138,139,1369,2,9000,1.1015339664
481773,481825,483225,52,1400,2,9000,1.03714285714
481825,482142,483522,317,1380,2,9000,1.22971014493
482067,482137,482810,70,673,4,3540,1.10401188707
482116,485030,491820,2914,6790,2,14400,1.42916053019
482142,482189,483593,47,1404,2,9000,1.03347578348
482183,482219,482899,36,680,4,3540,1.05294117647
482194,482224,483639,30,1415,2,9000,1.02120141343
482225,482537,483951,312,1414,2,9000,1.22065063649
482324,482822,483561,498,739,4,3540,1.67388362652
482391,482911,483730,520,819,4,3540,1.63492063492
482416,486285,492156,3869,5871,2,14400,1.65900187362
482533,482829,484194,296,1365,2,9000,1.21684981685
482542,485562,489256,3020,3694,8,14400,1.81754195994
482560,489268,492963,6708,3695,8,14400,2.81542625169
482587,490797,494501,8210,3704,8,14400,3.21652267819
482718,483573,484333,855,760,4,3540,2.125
482830,482848,484221,18,1373,2,9000,1.01310997815
482851,482865,484263,14,1398,2,9000,1.01001430615
482861,482893,484286,32,1393,2,9000,1.02297200287
482893,482902,484307,9,1405,2,9000,1.00640569395
482905,482931,484335,26,1404,2,9000,1.01851851852
482936,482958,484342,22,1384,2,9000,1.01589595376
482953,482987,488591,34,5604,1,7200,1.00606709493
482957,482982,484381,25,1399,2,9000,1.01786990708
482978,482994,484407,16,1413,2,9000,1.01132342534
482999,483006,484409,7,1403,2,9000,1.00498930862
483010,483150,484563,140,1413,2,9000,1.09907997169
483153,483237,484575,84,1338,2,9000,1.06278026906
483235,483533,484902,298,1369,2,9000,1.2176771366
483533,483606,484977,73,1371,2,9000,1.05324580598
483605,483651,485050,46,1399,2,9000,1.03288062902
483646,483742,485136,96,1394,2,9000,1.06886657102
483739,483964,485360,225,1396,2,9000,1.1611747851
483773,484345,485012,572,667,4,3540,1.85757121439
483964,484206,485550,242,1344,2,9000,1.18005952381
483979,483985,502022,6,18037,1,18000,1.00033264955
484211,484233,485608,22,1375,2,9000,1.016
484232,484275,485645,43,1370,2,9000,1.03138686131
484273,484298,485668,25,1370,2,9000,1.01824817518
484294,484319,485693,25,1374,2,9000,1.01819505095
484315,484352,485733,37,1381,2,9000,1.02679217958
484357,484363,485701,6,1338,2,9000,1.00448430493
484367,484373,485719,6,1346,2,9000,1.0044576523
484378,484393,485751,15,1358,2,9000,1.01104565538
484389,484420,485807,31,1387,2,9000,1.02235039654
484420,484426,485779,6,1353,2,9000,1.0044345898
484431,484575,485930,144,1355,2,9000,1.10627306273
484575,484587,485952,12,1365,2,9000,1.00879120879
484585,484915,486255,330,1340,2,9000,1.24626865672
484628,484635,486579,7,1944,1,7200,1.00360082305
484914,484989,486329,75,1340,2,9000,1.05597014925
484986,485025,486405,39,1380,2,9000,1.02826086957
485027,485062,486442,35,1380,2,9000,1.02536231884
485058,485148,486528,90,1380,2,9000,1.0652173913
485151,485372,486698,221,1326,2,9000,1.16666666667
485376,485567,486914,191,1347,2,9000,1.141796585
485571,485620,486991,49,1371,2,9000,1.03574033552
485623,485657,487026,34,1369,2,9000,1.02483564646
485654,485680,487054,26,1374,2,9000,1.01892285298
485675,485705,487061,30,1356,2,9000,1.02212389381
485707,485713,487135,6,1422,2,9000,1.00421940928
485717,485731,487166,14,1435,2,9000,1.00975609756
485728,485744,487210,16,1466,2,9000,1.01091405184
485749,485764,487189,15,1425,2,9000,1.01052631579
485760,485794,487201,34,1407,2,9000,1.02416488984
485765,485772,485999,7,227,1,3540,1.03083700441
485791,485819,487278,28,1459,2,9000,1.01919122687
485822,485942,487393,120,1451,2,9000,1.08270158511
485946,485964,487326,18,1362,2,9000,1.01321585903
485967,486267,487628,300,1361,2,9000,1.22042615724
486112,486119,488136,7,2017,1,3540,1.00347050074
486186,486591,486765,405,174,1,3540,3.3275862069
486232,486778,487013,546,235,1,3540,3.32340425532
486264,486280,487700,16,1420,2,9000,1.01126760563
486285,486341,487754,56,1413,2,9000,1.03963198868
486337,486417,487842,80,1425,2,9000,1.05614035088
486419,486454,487883,35,1429,2,9000,1.0244926522
486450,486540,487997,90,1457,2,9000,1.06177076184
486543,486710,488158,167,1448,2,9000,1.11533149171
486707,486926,488386,219,1460,2,9000,1.15
486767,487025,490615,258,3590,1,3540,1.07186629526
486818,488149,488604,1331,455,1,3540,3.92527472527
486889,488604,488964,1715,360,1,3540,5.76388888889
486927,487003,488423,76,1420,2,9000,1.05352112676
486935,488618,489097,1683,479,1,3540,4.51356993737
486981,488659,489118,1678,459,1,3540,4.65577342048
486999,487042,488447,43,1405,2,9000,1.03060498221
487030,488976,489456,1946,480,1,3540,5.05416666667
487041,487067,488490,26,1423,2,9000,1.01827125791
487072,487078,488513,6,1435,2,9000,1.00418118467
487077,489109,489572,2032,463,1,3540,5.38876889849
487083,487147,488565,64,1418,2,9000,1.04513399154
487123,489130,489613,2007,483,1,3540,5.15527950311
487145,487178,488596,33,1418,2,9000,1.02327221439
487176,487201,488637,25,1436,2,9000,1.01740947075
487197,487213,488674,16,1461,2,9000,1.01095140315
487200,489468,489987,2268,519,1,3540,5.36994219653
487211,487222,488623,11,1401,2,9000,1.00785153462
487222,487291,488729,69,1438,2,9000,1.04798331015
487294,487338,488787,44,1449,2,9000,1.0303657695
487335,487405,488871,70,1466,2,9000,1.04774897681
487394,489584,489806,2190,222,1,3540,10.8648648649
487407,487641,489085,234,1444,2,9000,1.1620498615
487643,487713,489205,70,1492,2,9000,1.04691689008
487715,487766,489275,51,1509,2,9000,1.0337972167
487767,487854,489378,87,1524,2,9000,1.05708661417
487818,489625,489728,1807,103,1,3540,18.5436893204
487849,487901,489430,52,1529,2,9000,1.03400915631
487868,489740,489835,1872,95,1,3540,20.7052631579
487901,488009,489459,108,1450,2,9000,1.07448275862
487914,490998,490999,3084,1,2,600,308.5
488014,488170,489637,156,1467,2,9000,1.1063394683
488168,488398,489851,230,1453,2,9000,1.15829318651
488394,488440,489928,46,1488,2,9000,1.03091397849
488435,488459,489967,24,1508,2,9000,1.01591511936
488456,488502,490028,46,1526,2,9000,1.03014416776
488498,488524,490066,26,1542,2,9000,1.0168612192
488529,488540,490062,11,1522,2,9000,1.00722733246
488540,488577,490117,37,1540,2,9000,1.02402597403
488581,488611,490064,30,1453,2,9000,1.02064693737
488612,488635,490132,23,1497,2,9000,1.01536406146
488633,488649,490146,16,1497,2,9000,1.01068804275
488644,488686,490184,42,1498,2,9000,1.02803738318
488686,488741,490234,55,1493,2,9000,1.03683858004
488737,488799,490301,62,1502,2,9000,1.04127829561
488799,488883,490365,84,1482,2,9000,1.05668016194
488882,489098,490594,216,1496,2,9000,1.14438502674
489087,490083,506429,996,16346,2,108000,1.06093233819
489097,489217,490742,120,1525,2,9000,1.07868852459
489220,489287,490767,67,1480,2,9000,1.04527027027
489282,489390,490872,108,1482,2,9000,1.07287449393
489345,531077,545515,41732,14438,12,14400,3.89042803712
489385,489442,490957,57,1515,2,9000,1.03762376238
489447,489475,490986,28,1511,2,9000,1.01853077432
489478,489649,491172,171,1523,2,9000,1.1122783979
489594,490779,507218,1185,16439,2,108000,1.07208467668
489653,489847,491342,194,1495,2,9000,1.12976588629
489680,494514,498221,4834,3707,8,14400,2.30401942271
489848,489862,491376,14,1514,2,9000,1.00924702774
489859,489940,491506,81,1566,2,9000,1.05172413793
489878,490802,492618,924,1816,2,1800,1.50881057269
489941,489980,491517,39,1537,2,9000,1.0253741054
489983,490040,491587,57,1547,2,9000,1.03684550743
490045,490074,491556,29,1482,2,9000,1.01956815115
490051,490884,491028,833,144,2,54000,6.78472222222
490076,490089,491580,13,1491,2,9000,1.00871898055
490087,490129,491627,42,1498,2,9000,1.02803738318
490128,490144,491646,16,1502,2,9000,1.01065246338
490149,490158,491663,9,1505,2,9000,1.00598006645
490160,490196,491719,36,1523,2,9000,1.02363755745
490201,490246,491755,45,1509,2,9000,1.02982107356
490242,490313,491825,71,1512,2,9000,1.04695767196
490314,490377,491905,63,1528,2,9000,1.04123036649
490376,490606,492121,230,1515,2,9000,1.15181518152
490536,490969,490987,433,18,2,3600,25.0555555556
490602,490754,492290,152,1536,2,9000,1.09895833333
490615,490621,685586,6,194965,1,360000,1.00003077475
490798,490810,490913,12,103,20,86400,1.11650485437
490931,490937,588788,6,97851,10,129600,1.00006131772
490932,491354,589968,422,98614,10,129600,1.00427931125
490932,491592,589396,660,97804,10,129600,1.00674819026
490932,490943,588899,11,97956,10,129600,1.00011229532
490933,492133,589631,1200,97498,10,129600,1.01230794478
490933,492975,589583,2042,96608,10,129600,1.02113696588
490933,491731,589477,798,97746,10,129600,1.00816401694
490934,531233,628284,40299,97051,10,129600,1.41523528866
491148,491156,502954,8,11798,2,108000,1.00067808103
491678,491684,491704,6,20,2,3600,1.3
492388,492395,496920,7,4525,2,108000,1.00154696133
492740,492746,501772,6,9026,2,9000,1.00066474629
493106,493112,493476,6,364,1,7200,1.01648351648
493192,496933,534504,3741,37571,2,144000,1.099571478
493267,502414,502451,9147,37,2,14400,248.216216216
493267,502534,503334,9267,800,2,14400,12.58375
493267,502463,502521,9196,58,2,14400,159.551724138
493268,503013,503074,9745,61,2,14400,160.754098361
493268,502966,503000,9698,34,2,14400,286.235294118
493268,503346,503392,10078,46,2,14400,220.086956522
493268,503086,504453,9818,1367,2,14400,8.18215069495
493269,503492,504138,10223,646,2,14400,16.8250773994
493269,503404,503480,10135,76,2,14400,134.355263158
493269,504207,504281,10938,74,2,14400,148.810810811
493269,504293,505027,11024,734,2,14400,16.0190735695
493269,504150,504195,10881,45,2,14400,242.8
493270,504466,504521,11196,55,2,14400,204.563636364
493270,504532,504617,11262,85,2,14400,133.494117647
493270,505040,505077,11770,37,2,14400,319.108108108
493270,505089,505156,11819,67,2,14400,177.402985075
493270,504629,505291,11359,662,2,14400,18.1586102719
493271,505303,505351,12032,48,2,14400,251.666666667
493271,505363,505484,12092,121,2,14400,100.933884298
493271,506158,506222,12887,64,2,14400,202.359375
493271,505496,507379,12225,1883,2,14400,7.49229952204
493271,505168,506147,11897,979,2,14400,13.1521961185
493272,506679,508078,13407,1399,2,14400,10.583273767
493272,506530,506667,13258,137,2,14400,97.7737226277
493272,506442,506517,13170,75,2,14400,176.6
493272,506234,506365,12962,131,2,14400,99.9465648855
493272,506377,512284,13105,5907,2,14400,3.21855425766
493273,507562,507708,14289,146,2,14400,98.8698630137
493273,507479,507550,14206,71,2,14400,201.084507042
493273,507320,507467,14047,147,2,14400,96.5578231293
493273,507391,509141,14118,1750,2,14400,9.06742857143
493273,507230,507307,13957,77,2,14400,182.25974026
493274,508339,510345,15065,2006,2,14400,8.50997008973
493274,508996,509092,15722,96,2,14400,164.770833333
493274,508179,508326,14905,147,2,14400,102.394557823
493274,508090,508167,14816,77,2,14400,193.415584416
493274,507720,508984,14446,1264,2,14400,12.4287974684
493275,509154,514219,15879,5065,2,14400,4.13504442251
493275,509104,509407,15829,303,2,14400,53.2409240924
493275,509419,509517,16144,98,2,14400,165.734693878
493275,509529,509830,16254,301,2,14400,55.0
493276,511468,511624,18192,156,2,14400,117.615384615
493276,510507,510839,17231,332,2,14400,52.9006024096
493276,510357,510495,17081,138,2,14400,124.775362319
493276,509843,523277,16567,13434,2,14400,2.23321423254
493276,510852,514439,17576,3587,2,14400,5.89991636465
493277,511636,511998,18359,362,2,14400,51.7154696133
493277,512904,516075,19627,3171,2,14400,7.18953011668
493277,512535,512892,19258,357,2,14400,54.943977591
493277,512296,512523,19019,227,2,14400,84.7841409692
493277,512010,516464,18733,4454,2,14400,5.20588235294
493278,514451,520139,21173,5688,2,14400,4.72239803094
493278,514415,514789,21137,374,2,14400,57.5160427807
493278,514838,514898,21560,60,2,14400,360.333333333
493278,514801,514825,21523,24,2,14400,897.791666667
493278,514231,514403,20953,172,2,14400,122.819767442
493279,514910,515662,21631,752,2,14400,29.7646276596
493279,515790,517227,22511,1437,2,14400,16.6652748782
493279,515674,515701,22395,27,2,14400,830.444444444
493279,516087,516132,22808,45,2,14400,507.844444444
493279,515713,515778,22434,65,2,14400,346.138461538
493280,516476,516519,23196,43,2,14400,540.441860465
493280,516144,516225,22864,81,2,14400,283.271604938
493280,516532,516612,23252,80,2,14400,291.65
493280,516238,516883,22958,645,2,14400,36.5937984496
493280,516624,517457,23344,833,2,14400,29.0240096038
493281,520072,520149,26791,77,2,14400,348.935064935
493281,520020,520060,26739,40,2,14400,669.475
493281,520161,520198,26880,37,2,14400,727.486486486
493281,520211,520290,26930,79,2,14400,341.886075949
493281,520151,520735,26870,584,2,14400,47.0102739726
493282,520348,520461,27066,113,2,14400,240.522123894
493282,520473,522012,27191,1539,2,14400,18.6679662118
493282,520302,520336,27020,34,2,14400,795.705882353
493282,520747,520783,27465,36,2,14400,763.916666667
493282,520293,521291,27011,998,2,14400,28.0651302605
493283,520795,520911,27512,116,2,14400,238.172413793
493283,521171,521320,27888,149,2,14400,188.167785235
493283,521303,522609,28020,1306,2,14400,22.4548238897
493283,521092,521158,27809,66,2,14400,422.348484848
493283,520922,523622,27639,2700,2,14400,11.2366666667
493284,526169,526225,32885,56,2,14400,588.232142857
493284,533089,534863,39805,1774,2,14400,23.4379932356
493284,521332,521391,28048,59,2,14400,476.389830508
493284,526451,526584,33167,133,2,14400,250.37593985
493284,524922,525067,31638,145,2,14400,219.193103448
493285,529222,529366,35937,144,2,14400,250.5625
493285,529378,531354,36093,1976,2,14400,19.2656882591
493285,527928,529141,34643,1213,2,14400,29.5597691674
493285,529436,529501,36151,65,2,14400,557.169230769
493285,529153,529209,35868,56,2,14400,641.5
493286,530522,530835,37236,313,2,14400,119.96485623
493286,530433,530510,37147,77,2,14400,483.428571429
493286,529881,534420,36595,4539,2,14400,9.06234853492
493286,529753,530046,36467,293,2,14400,125.460750853
493287,536493,536591,43206,98,2,14400,441.87755102
493287,530847,541834,37560,10987,2,14400,4.41858560117
493287,531196,534851,37909,3655,2,14400,11.3718194254
493287,531088,531413,37801,325,2,14400,117.310769231
493287,531082,531184,37795,102,2,14400,371.539215686
493288,531243,536194,37955,4951,2,14400,8.66612805494
493288,531249,531356,37961,107,2,14400,355.775700935
493288,531426,535066,38138,3640,2,14400,11.4774725275
493288,531373,531715,38085,342,2,14400,112.359649123
493288,531238,531599,37950,361,2,14400,106.12465374
493289,531505,531609,38216,104,2,14400,368.461538462
493289,532805,533150,39516,345,2,14400,115.539130435
493289,533162,533215,39873,53,2,14400,753.320754717
493289,533048,533077,39759,29,2,14400,1372.0
493289,533036,538746,39747,5710,2,14400,7.96094570928
493290,533891,535425,40601,1534,2,14400,27.4674054759
493290,533169,533878,39879,709,2,14400,57.2468265162
493290,533903,533945,40613,42,2,14400,967.976190476
493290,533791,533822,40501,31,2,14400,1307.48387097
493290,533835,533891,40545,56,2,14400,725.017857143
493291,534658,535314,41367,656,2,14400,64.0594512195
493291,534510,535063,41219,553,2,14400,75.5370705244
493291,534577,534646,41286,69,2,14400,599.347826087
493291,534517,534564,41226,47,2,14400,878.14893617
493291,534432,534498,41141,66,2,14400,624.348484848
493292,535081,535130,41789,49,2,14400,853.836734694
493292,534875,534925,41583,50,2,14400,832.66
493292,535368,535432,42076,64,2,14400,658.4375
493292,535008,535518,41716,510,2,14400,82.7960784314
493292,534938,534996,41646,58,2,14400,719.034482759
493293,535444,536126,42151,682,2,14400,62.8049853372
493293,536138,536185,42845,47,2,14400,912.595744681
493293,536603,536700,43310,97,2,14400,447.494845361
493293,537601,539176,44308,1575,2,14400,29.1320634921
493294,538463,538602,45169,139,2,14400,325.956834532
493294,538322,538412,45028,90,2,14400,501.311111111
493294,537965,538066,44671,101,2,14400,443.287128713
493294,537610,537664,44316,54,2,14400,821.666666667
493294,538211,541689,44917,3478,2,14400,13.9146060955
493295,538758,539965,45463,1207,2,14400,38.6661143331
493295,539982,540080,46687,98,2,14400,477.397959184
493295,540702,540768,47407,66,2,14400,719.287878788
493295,540611,540753,47316,142,2,14400,334.211267606
493295,540629,542235,47334,1606,2,14400,30.4732254047
493296,541635,542961,48339,1326,2,14400,37.4547511312
493296,540780,541857,47484,1077,2,14400,45.0891364903
493296,540765,540881,47469,116,2,14400,410.215517241
493296,547156,547238,53860,82,2,14400,657.829268293
493296,541570,541702,48274,132,2,14400,366.712121212
493297,541847,542075,48550,228,2,14400,213.938596491
493297,541701,541777,48404,76,2,14400,637.894736842
493297,542335,542559,49038,224,2,14400,219.919642857
493297,542087,545618,48790,3531,2,14400,14.8176154064
493297,542248,542322,48951,74,2,14400,662.5
493298,545865,548911,52567,3046,2,14400,18.2577150361
493298,542571,548018,49273,5447,2,14400,10.0458968239
493298,545538,545852,52240,314,2,14400,167.369426752
493298,547180,547322,53882,142,2,14400,380.450704225
493298,542653,542811,49355,158,2,14400,313.373417722
493299,546451,549236,53152,2785,2,14400,20.0850987433
493299,546409,546673,53110,264,2,14400,202.174242424
493299,546198,549691,52899,3493,2,14400,16.1442885772
493299,546138,546439,52839,301,2,14400,176.544850498
493299,546267,546390,52968,123,2,14400,431.634146341
493300,547058,547112,53758,54,2,14400,996.518518519
493300,546956,550557,53656,3601,2,14400,15.9003054707
493300,547022,547047,53722,25,2,14400,2149.88
493300,546685,546944,53385,259,2,14400,207.11969112
493300,546628,546746,53328,118,2,14400,452.93220339
493301,550817,552738,57516,1921,2,14400,30.9406559084
493301,547124,547791,53823,667,2,14400,81.6941529235
493301,551916,551956,58615,40,2,14400,1466.375
493301,559056,559110,65755,54,2,14400,1218.68518519
493301,547304,547331,54003,27,2,14400,2001.11111111
493302,554599,554677,61297,78,2,14400,786.858974359
493302,553211,553728,59909,517,2,14400,116.878143133
493302,552474,552540,59172,66,2,14400,897.545454545
493302,553367,553415,60065,48,2,14400,1252.35416667
493302,555163,555824,61861,661,2,14400,94.58698941
493303,555347,555381,62044,34,2,14400,1825.82352941
493303,555393,555453,62090,60,2,14400,1035.83333333
493303,556039,556113,62736,74,2,14400,848.783783784
493303,555727,556230,62424,503,2,14400,125.103379722
493303,555923,555958,62620,35,2,14400,1790.14285714
493304,556566,557302,63262,736,2,14400,86.9538043478
493304,557041,557133,63737,92,2,14400,693.793478261
493304,557145,558588,63841,1443,2,14400,45.2418572419
493304,557299,557340,63995,41,2,14400,1561.85365854
493304,556975,557015,63671,40,2,14400,1592.775
493305,557400,557450,64095,50,2,14400,1282.9
493305,557315,557413,64010,98,2,14400,654.163265306
493305,557352,560890,64047,3538,2,14400,19.1026003392
493305,557462,558532,64157,1070,2,14400,60.9598130841
493305,557426,557532,64121,106,2,14400,605.91509434
493306,557806,559155,64500,1349,2,14400,48.8131949592
493306,558856,558912,65550,56,2,14400,1171.53571429
493306,557653,557761,64347,108,2,14400,596.805555556
493306,557526,557579,64220,53,2,14400,1212.69811321
493307,558979,559039,65672,60,2,14400,1095.53333333
493307,559122,559236,65815,114,2,14400,578.324561404
493307,558948,560079,65641,1131,2,14400,59.0380194518
493308,559051,559168,65743,117,2,14400,562.905982906
493308,564545,564771,71237,226,2,14400,316.207964602
493308,560090,564239,66782,4149,2,14400,17.0959267293
493308,559968,561813,66660,1845,2,14400,37.1300813008
493308,560024,560099,66716,75,2,14400,890.546666667
493309,560547,560691,67238,144,2,14400,467.930555556
493309,560348,560590,67039,242,2,14400,278.020661157
493309,560112,560195,66803,83,2,14400,805.855421687
493309,560353,570987,67044,10634,2,14400,7.30468309197
493309,560573,560870,67264,297,2,14400,227.478114478
493310,560603,563773,67293,3170,2,14400,22.2280757098
493310,560902,561037,67592,135,2,14400,501.681481481
493310,560909,561197,67599,288,2,14400,235.71875
493310,560993,565268,67683,4275,2,14400,16.8322807018
493311,562123,562224,68812,101,2,14400,682.306930693
493311,562684,562951,69373,267,2,14400,260.823970037
493311,561332,561594,68021,262,2,14400,260.622137405
493311,561209,561320,67898,111,2,14400,612.693693694
493311,561607,564526,68296,2919,2,14400,24.3970537855
493312,563576,563848,70264,272,2,14400,259.323529412
493312,562963,567816,69651,4853,2,14400,15.3521533072
493312,563785,564023,70473,238,2,14400,297.105042017
493312,564252,564469,70940,217,2,14400,327.912442396
493312,564177,564502,70865,325,2,14400,219.046153846
493313,564600,564754,71287,154,2,14400,463.902597403
493313,564581,564682,71268,101,2,14400,706.623762376
493313,564454,564957,71141,503,2,14400,142.433399602
493313,564481,572476,71168,7995,2,14400,9.90156347717
493313,564514,564588,71201,74,2,14400,963.175675676
493314,564859,567165,71545,2306,2,14400,32.0255854293
493314,564766,564842,71452,76,2,14400,941.157894737
493314,566058,566163,72744,105,2,14400,693.8
493314,566545,566615,73231,70,2,14400,1047.15714286
493315,566772,566841,73457,69,2,14400,1065.5942029
493315,566677,566759,73362,82,2,14400,895.658536585
493315,567399,567540,74084,141,2,14400,526.418439716
493315,566819,566923,73504,104,2,14400,707.769230769
493315,566905,568924,73590,2019,2,14400,37.4487369985
493316,566910,569559,73594,2649,2,14400,28.7818044545
493316,566935,567516,73619,581,2,14400,127.710843373
493316,567404,573019,74088,5615,2,14400,14.1946571683
493316,566916,567346,73600,430,2,14400,172.162790698
493317,568239,582651,74922,14412,2,14400,6.19858451291
493317,567410,568158,74093,748,2,14400,100.054812834
493317,568250,568411,74933,161,2,14400,466.422360248
493317,570470,570756,77153,286,2,14400,270.765734266
493317,568244,568376,74927,132,2,14400,568.628787879
493318,571161,571336,77843,175,2,14400,445.817142857
493318,568266,568546,74948,280,2,14400,268.671428571
493318,568272,576804,74954,8532,2,14400,9.78504453821
493319,569024,569199,75705,175,2,14400,433.6
493319,568277,568423,74958,146,2,14400,514.410958904
493319,570459,570777,77140,318,2,14400,243.578616352
493319,570464,570613,77145,149,2,14400,518.751677852
493320,572062,572308,78742,246,2,14400,321.089430894
493320,571265,579928,77945,8663,2,14400,9.99746046404
493320,572450,586863,79130,14413,2,14400,6.49018247416
493320,571428,585439,78108,14011,2,14400,6.57476268646
493320,572322,586743,79002,14421,2,14400,6.47826086957
493321,572466,574205,79145,1739,2,14400,46.5117883841
493321,573539,587956,80218,14417,2,14400,6.56412568496
493321,572456,586474,79135,14018,2,14400,6.64524183193
493321,572461,586911,79140,14450,2,14400,6.476816609
493321,572472,574041,79151,1569,2,14400,51.4467813894
493322,572477,574767,79155,2290,2,14400,35.5655021834
493322,572482,579966,79160,7484,2,14400,11.577231427
493322,572494,586914,79172,14420,2,14400,6.49042995839
493322,572500,586914,79178,14414,2,14400,6.49313167754
493323,574217,588632,80894,14415,2,14400,6.6117932709
493323,574557,578318,81234,3761,2,14400,22.5990428078
493323,574391,577580,81068,3189,2,14400,26.4211351521
493323,573600,576478,80277,2878,2,14400,28.8933287005
493323,573708,576553,80385,2845,2,14400,29.2548330404
493324,574362,574379,81038,17,2,14400,4767.94117647
493324,574577,574596,81253,19,2,14400,4277.47368421
493324,574609,574631,81285,22,2,14400,3695.77272727
493324,574224,588641,80900,14417,2,14400,6.61143094957
493324,574643,574658,81319,15,2,14400,5422.26666667
493325,574671,574684,81346,13,2,14400,6258.38461538
493325,574759,574774,81434,15,2,14400,5429.93333333
493325,574659,574728,81334,69,2,14400,1179.75362319
493325,574733,574753,81408,20,2,14400,4071.4
493326,574726,574741,81400,15,2,14400,5427.66666667
493326,574696,574714,81370,18,2,14400,4521.55555556
493326,574714,574728,81388,14,2,14400,5814.42857143
493326,574747,574775,81421,28,2,14400,2908.89285714
493326,574753,574767,81427,14,2,14400,5817.21428571
493327,574779,574792,81452,13,2,14400,6266.53846154
493327,574764,574778,81437,14,2,14400,5817.92857143
493327,574791,574814,81464,23,2,14400,3542.91304348
493327,574771,574787,81444,16,2,14400,5091.25
493327,574784,574798,81457,14,2,14400,5819.35714286
493328,574802,574838,81474,36,2,14400,2264.16666667
493328,574814,574845,81486,31,2,14400,2629.58064516
493328,574796,574818,81468,22,2,14400,3704.09090909
493328,574809,574834,81481,25,2,14400,3260.24
493328,574822,574853,81494,31,2,14400,2629.83870968
493329,574836,574849,81507,13,2,14400,6270.76923077
493329,574853,574877,81524,24,2,14400,3397.83333333
493329,574860,574874,81531,14,2,14400,5824.64285714
493329,574846,574865,81517,19,2,14400,4291.36842105
493329,574829,575019,81500,190,2,14400,429.947368421
493330,574872,574944,81542,72,2,14400,1133.52777778
493330,574908,574931,81578,23,2,14400,3547.86956522
493330,574903,574921,81573,18,2,14400,4532.83333333
493330,574877,574891,81547,14,2,14400,5825.78571429
493330,574865,574886,81535,21,2,14400,3883.61904762
493331,574896,574977,81565,81,2,14400,1007.97530864
493331,574891,574913,81560,22,2,14400,3708.27272727
493331,574884,574899,81553,15,2,14400,5437.86666667
493551,495855,495862,2304,7,32,10800,231.1
493711,493717,494532,6,815,1,7200,1.00736196319
494009,501477,511456,7468,9979,2,144000,1.74837158032
494440,531937,546362,37497,14425,8,14400,3.59944540728
494440,512675,527106,18235,14431,8,14400,2.26359919617
494440,527118,541551,32678,14433,8,14400,3.2641169542
494440,498234,512663,3794,14429,8,14400,1.26294268487
494440,531932,546366,37492,14434,8,14400,3.59747817653
494441,537995,552441,43554,14446,8,14400,4.01495223591
494441,541563,555997,47122,14434,8,14400,4.26465290287
494441,538000,552437,43559,14437,8,14400,4.01717808409
494441,538005,552438,43564,14433,8,14400,4.01836070117
494441,538011,552438,43570,14427,8,14400,4.02003188466
494442,546382,560810,51940,14428,8,14400,4.59994455226
494442,545527,559961,51085,14434,8,14400,4.53921296938
494442,552454,566882,58012,14428,8,14400,5.02079290269
494442,552449,566883,58007,14434,8,14400,5.01877511431
494442,546375,560811,51933,14436,8,14400,4.59746467165
494443,556009,570442,61566,14433,8,14400,5.26564123883
494443,552467,566883,58024,14416,8,14400,5.02497225305
494443,552462,566886,58019,14424,8,14400,5.0223932335
494766,501784,501805,7018,21,2,3600,335.19047619
494842,494849,494852,7,3,1,7200,1.0
494912,559975,563668,65063,3693,8,14400,18.6179258056
494930,560823,564517,65893,3694,8,14400,18.8378451543
495004,560828,564540,65824,3712,8,14400,18.7327586207
495031,563680,567382,68649,3702,8,14400,19.5437601297
495045,564529,568222,69484,3693,8,14400,19.8150555104
495069,564553,568249,69484,3696,8,14400,19.7997835498
495397,501818,502092,6421,274,2,72000,24.4343065693
495858,502104,502402,6246,298,2,54000,21.9597315436
495885,495891,495893,6,2,1,7200,1.0
495918,495924,495926,6,2,1,7200,1.0
496019,496025,496349,6,324,1,7200,1.01851851852
496362,496368,496799,6,431,1,7200,1.01392111369
496666,501335,537983,4669,36648,32,43200,1.12740122244
497003,497010,497032,7,22,1,7200,1.31818181818
497058,497065,498311,7,1246,1,7200,1.00561797753
500068,500075,501464,7,1389,1,7200,1.00503959683
508895,508902,510388,7,1486,1,7200,1.00471063257
508932,510401,511799,1469,1398,1,7200,2.05078683834
510467,511811,513491,1344,1680,1,7200,1.8
515884,515890,515900,6,10,1,240,1.6
516224,566894,566900,50670,6,8,10800,5067.6
516657,516895,518271,238,1376,2,9000,1.17296511628
516894,517239,518628,345,1389,2,9000,1.24838012959
517235,517469,518874,234,1405,2,9000,1.1665480427
517473,518283,519691,810,1408,2,9000,1.57528409091
518287,518640,520007,353,1367,2,9000,1.25822970007
518638,518886,520281,248,1395,2,9000,1.17777777778
518885,519703,521080,818,1377,2,9000,1.59404502542
519700,521403,522758,1703,1355,2,9000,2.25682656827
521402,522024,523470,622,1446,2,9000,1.43015214385
522021,522622,524029,601,1407,2,9000,1.42714996446
522619,522770,524140,151,1370,2,9000,1.1102189781
522774,523289,524699,515,1410,2,9000,1.36524822695
523289,523483,524910,194,1427,2,9000,1.1359495445
523485,523634,525045,149,1411,2,9000,1.10559886605
524031,524042,525460,11,1418,2,9000,1.0077574048
524145,524151,525563,6,1412,2,9000,1.00424929178
524701,524711,526157,10,1446,2,9000,1.00691562932
524918,525057,526439,139,1382,2,9000,1.1005788712
525052,525079,526508,27,1429,2,9000,1.0188943317
525465,525471,526897,6,1426,2,9000,1.00420757363
525569,525575,526992,6,1417,2,9000,1.00423429781
525788,552271,567880,26483,15609,1,72000,2.69664936895
525788,541453,557312,15665,15859,1,72000,1.98776719844
525788,536657,552259,10869,15602,1,72000,1.69664145622
525788,525794,541441,6,15647,1,72000,1.00038346009
525789,557324,573065,31535,15741,1,72000,3.00336700337
525789,563160,578818,37371,15658,1,72000,3.38670328267
525789,563119,578802,37330,15683,1,72000,3.38028438437
525790,564204,580035,38414,15831,1,72000,3.42650495863
525790,574915,590749,49125,15834,1,72000,4.10250094733
525790,573079,588659,47289,15580,1,72000,4.03523748395
525790,567892,583586,42102,15694,1,72000,3.68268127947
525791,574920,590571,49129,15651,1,72000,4.13903264967
525791,574931,590585,49140,15654,1,72000,4.13913376773
525791,574926,590604,49135,15678,1,72000,4.13400943998
525791,574938,590660,49147,15722,1,72000,4.12600178094
525792,574954,590510,49162,15556,1,72000,4.16032399074
525792,574949,590700,49157,15751,1,72000,4.12088121389
525792,574961,590651,49169,15690,1,72000,4.13377947737
525792,574943,590638,49151,15695,1,72000,4.13163427843
525793,574966,590602,49173,15636,1,72000,4.14485801995
526167,526237,527600,70,1363,2,9000,1.05135730007
526445,526520,527916,75,1396,2,9000,1.05372492837
526518,526596,528007,78,1411,2,9000,1.0552799433
526900,526910,528325,10,1415,2,9000,1.00706713781
526993,527004,528430,11,1426,2,9000,1.00771388499
527602,527612,528992,10,1380,2,9000,1.00724637681
527922,528019,529424,97,1405,2,9000,1.06903914591
528015,528337,529739,322,1402,2,9000,1.22967189729
528335,528442,529869,107,1427,2,9000,1.07498248073
528439,529004,530420,565,1416,2,9000,1.39901129944
529006,529513,530932,507,1419,2,9000,1.35729386892
529511,530059,531493,548,1434,2,9000,1.38214783821
530058,530944,532357,886,1413,2,9000,1.62703467799
530944,531366,532792,422,1426,2,9000,1.29593267882
531367,531611,533036,244,1425,2,9000,1.17122807018
531615,531621,533023,6,1402,2,9000,1.00427960057
531625,531727,533151,102,1424,2,9000,1.07162921348
531729,532370,533779,641,1409,2,9000,1.4549325763
532367,533227,534635,860,1408,2,9000,1.61079545455
533222,533957,535356,735,1399,2,9000,1.52537526805
533954,534647,536064,693,1417,2,9000,1.48906139732
534644,534863,536269,219,1406,2,9000,1.15576102418
534861,535074,536481,213,1407,2,9000,1.15138592751
535078,535142,536565,64,1423,2,9000,1.04497540408
535140,535326,536733,186,1407,2,9000,1.13219616205
535326,535437,536830,111,1393,2,9000,1.07968413496
535440,535531,536948,91,1417,2,9000,1.06422018349
535533,536076,537513,543,1437,2,9000,1.37787056367
536079,536197,537589,118,1392,2,9000,1.08477011494
536193,536206,537598,13,1392,2,9000,1.00933908046
536204,536281,537675,77,1394,2,9000,1.05523672884
536276,536577,537953,301,1376,2,9000,1.21875
536576,536713,538232,137,1519,2,9000,1.09019091508
536710,536745,538199,35,1454,2,9000,1.02407152682
536741,536842,538310,101,1468,2,9000,1.06880108992
536845,536960,538451,115,1491,2,9000,1.07712944333
536959,537525,539060,566,1535,2,9000,1.36872964169
537525,537676,539112,151,1436,2,9000,1.10515320334
537680,537686,539151,6,1465,2,9000,1.00409556314
537691,538077,539557,386,1480,2,9000,1.26081081081
538083,538244,539747,161,1503,2,9000,1.10711909514
538248,538424,539964,176,1540,2,9000,1.11428571429
538424,538614,540155,190,1541,2,9000,1.12329656067
538609,539072,540617,463,1545,2,9000,1.2996763754
539073,539124,540599,51,1475,2,9000,1.03457627119
539125,539164,540671,39,1507,2,9000,1.02587923026
539166,539188,540690,22,1502,2,9000,1.01464713715
539187,539569,541075,382,1506,2,9000,1.25365205843
539568,539758,541298,190,1540,2,9000,1.12337662338
539754,539976,541555,222,1579,2,9000,1.14059531349
539981,540092,541538,111,1446,2,9000,1.07676348548
540094,540167,541623,73,1456,2,9000,1.05013736264
540167,540684,542165,517,1481,2,9000,1.34908845375
540682,540893,542432,211,1539,2,9000,1.13710201429
540898,541087,542641,189,1554,2,9000,1.12162162162
541084,541310,542751,226,1441,2,9000,1.15683553088
541311,541550,543061,239,1511,2,9000,1.1581733951
541548,541714,543183,166,1469,2,9000,1.11300204221
541713,541789,543324,76,1535,2,9000,1.04951140065
541785,541869,543390,84,1521,2,9000,1.05522682446
541868,542177,543714,309,1537,2,9000,1.20104098894
542177,542444,544003,267,1559,2,9000,1.17126363053
542445,542763,544202,318,1439,2,9000,1.22098679639
542764,542824,544299,60,1475,2,9000,1.0406779661
542826,542973,544439,147,1466,2,9000,1.1002728513
542970,543073,544572,103,1499,2,9000,1.06871247498
543074,543195,544763,121,1568,2,9000,1.07716836735
543197,543336,544893,139,1557,2,9000,1.08927424534
543332,543402,544798,70,1396,2,9000,1.05014326648
543404,543726,545129,322,1403,2,9000,1.22950819672
543723,544015,545482,292,1467,2,9000,1.19904567144
544012,544214,545688,202,1474,2,9000,1.13704206242
544218,544311,545847,93,1536,2,9000,1.060546875
544311,544452,545995,141,1543,2,9000,1.09138042774
544455,544584,546126,129,1542,2,9000,1.08365758755
544579,544775,546186,196,1411,2,9000,1.13890857548
544775,544810,546255,35,1445,2,9000,1.02422145329
544806,544905,546391,99,1486,2,9000,1.0666218035
544910,545141,546616,231,1475,2,9000,1.15661016949
545136,545495,547011,359,1516,2,9000,1.23680738786
545497,545532,547047,35,1515,2,9000,1.02310231023
545528,545630,547168,102,1538,2,9000,1.06631989597
545632,545700,547144,68,1444,2,9000,1.04709141274
545704,545859,547292,155,1433,2,9000,1.10816468946
545859,546007,547442,148,1435,2,9000,1.1031358885
546003,546402,547864,399,1462,2,9000,1.27291381669
546405,546758,548282,353,1524,2,9000,1.23162729659
546755,547064,548598,309,1534,2,9000,1.20143415906
547064,547250,548707,186,1457,2,9000,1.12765957447
547250,547335,548804,85,1469,2,9000,1.05786249149
547333,547344,548851,11,1507,2,9000,1.00729927007
547344,547454,548942,110,1488,2,9000,1.07392473118
547457,547803,549327,346,1524,2,9000,1.22703412073
547807,547877,549395,70,1518,2,9000,1.04611330698
547880,548030,549553,150,1523,2,9000,1.09848982272
548035,548294,549709,259,1415,2,9000,1.18303886926
548292,548610,550059,318,1449,2,9000,1.21946169772
548611,548719,550209,108,1490,2,9000,1.07248322148
548714,548816,550328,102,1512,2,9000,1.06746031746
548818,548863,550383,45,1520,2,9000,1.02960526316
548860,548923,550423,63,1500,2,9000,1.042
548922,548954,550492,32,1538,2,9000,1.02080624187
548977,549248,550639,271,1391,2,9000,1.19482386772
549245,549339,550734,94,1395,2,9000,1.06738351254
549338,549408,550805,70,1397,2,9000,1.05010737294
549411,549565,550976,154,1411,2,9000,1.10914245216
549566,549704,551100,138,1396,2,9000,1.09885386819
549700,549721,551151,21,1430,2,9000,1.01468531469
549721,550072,551463,351,1391,2,9000,1.2523364486
550071,550221,551607,150,1386,2,9000,1.10822510823
550225,550341,551736,116,1395,2,9000,1.08315412186
550339,550395,551788,56,1393,2,9000,1.04020100503
550391,550435,551843,44,1408,2,9000,1.03125
550433,550505,551897,72,1392,2,9000,1.05172413793
550505,550569,551900,64,1331,2,9000,1.04808414726
550568,550652,552008,84,1356,2,9000,1.06194690265
550650,550746,552112,96,1366,2,9000,1.07027818448
550743,550988,552309,245,1321,2,9000,1.1854655564
550991,551113,552459,122,1346,2,9000,1.09063893016
551115,551163,552516,48,1353,2,9000,1.0354767184
551167,551475,552821,308,1346,2,9000,1.22882615156
551476,551619,552906,143,1287,2,9000,1.11111111111
551620,551749,553088,129,1339,2,9000,1.09634055265
551754,551800,553198,46,1398,2,9000,1.03290414878
551796,551855,553250,59,1395,2,9000,1.04229390681
551858,551909,553387,51,1478,2,9000,1.03450608931
551910,551968,553437,58,1469,2,9000,1.03948264125
551973,552020,553371,47,1351,2,9000,1.03478904515
552025,552125,553493,100,1368,2,9000,1.0730994152
552129,552321,553689,192,1368,2,9000,1.14035087719
552324,552528,553914,204,1386,2,9000,1.14718614719
552531,552552,553946,21,1394,2,9000,1.01506456241
552552,552750,554157,198,1407,2,9000,1.1407249467
552748,552833,554192,85,1359,2,9000,1.0625459897
552830,552918,554308,88,1390,2,9000,1.06330935252
552913,553101,554505,188,1404,2,9000,1.1339031339
553099,553262,554664,163,1402,2,9000,1.11626248217
553264,553362,554782,98,1420,2,9000,1.06901408451
553367,553383,554765,16,1382,2,9000,1.01157742402
553388,553399,554792,11,1393,2,9000,1.00789662599
553399,553427,554806,28,1379,2,9000,1.02030456853
553430,553449,554859,19,1410,2,9000,1.0134751773
553451,553506,554909,55,1403,2,9000,1.03920171062
553503,553701,555111,198,1410,2,9000,1.14042553191
553609,554525,554581,916,56,4,1800,17.3571428571
553699,553740,555151,41,1411,2,9000,1.02905740609
553741,553926,555335,185,1409,2,9000,1.13129879347
553926,553958,555320,32,1362,2,9000,1.0234948605
553958,554169,555540,211,1371,2,9000,1.15390226112
554174,554204,555606,30,1402,2,9000,1.02139800285
554206,554320,555715,114,1395,2,9000,1.08172043011
554319,554518,555911,199,1393,2,9000,1.14285714286
554515,554594,556024,79,1430,2,9000,1.05524475524
554598,554676,556102,78,1426,2,9000,1.05469845722
554681,554690,556020,9,1330,2,9000,1.00676691729
554692,554777,556156,85,1379,2,9000,1.06163886875
554774,554794,556184,20,1390,2,9000,1.01438848921
554796,554805,556203,9,1398,2,9000,1.00643776824
554806,554819,556227,13,1408,2,9000,1.00923295455
554817,554871,556276,54,1405,2,9000,1.0384341637
554869,554921,556340,52,1419,2,9000,1.03664552502
554921,555123,556554,202,1431,2,9000,1.14116002795
555127,555332,556650,205,1318,2,9000,1.15553869499
555334,555465,556842,131,1377,2,9000,1.09513435004
555468,555552,556963,84,1411,2,9000,1.05953224663
555550,555618,557029,68,1411,2,9000,1.04819277108
555623,555837,557241,214,1404,2,9000,1.15242165242
555722,566923,639046,11201,72123,24,86400,1.15530413322
555839,555970,557287,131,1317,2,9000,1.09946848899
555974,556032,557388,58,1356,2,9000,1.04277286136
556036,556114,557488,78,1374,2,9000,1.05676855895
556118,556124,557513,6,1389,2,9000,1.00431965443
556129,556168,557566,39,1398,2,9000,1.02789699571
556171,556197,557609,26,1412,2,9000,1.01841359773
556202,556215,557634,13,1419,2,9000,1.00916138125
556213,556239,557636,26,1397,2,9000,1.01861130995
556234,556246,557689,12,1443,2,9000,1.00831600832
556245,556288,557734,43,1446,2,9000,1.02973720609
556287,556352,557793,65,1441,2,9000,1.04510756419
556349,556662,558073,313,1411,2,9000,1.22182849043
556372,575006,577404,18634,2398,1,7200,8.77064220183
556446,575013,576577,18567,1564,1,7200,12.871483376
556563,575018,576714,18455,1696,1,7200,11.8814858491
556658,556855,558213,197,1358,2,9000,1.14506627393
556854,557027,558428,173,1401,2,9000,1.12348322627
557029,557253,558673,224,1420,2,9000,1.15774647887
557256,557500,558899,244,1399,2,9000,1.17441029307
557269,575527,612414,18258,36887,32,43200,1.49497112804
557503,557544,558843,41,1299,2,9000,1.03156274057
557545,557579,558936,34,1357,2,9000,1.02505526898
557576,557591,558966,15,1375,2,9000,1.01090909091
557587,557621,558994,34,1373,2,9000,1.02476329206
557618,557646,559038,28,1392,2,9000,1.02011494253
557650,557701,559084,51,1383,2,9000,1.03687635575
557702,557746,559145,44,1399,2,9000,1.03145103645
557743,557773,559190,30,1417,2,9000,1.02117148906
557774,558085,559487,311,1402,2,9000,1.22182596291
558083,558225,559558,142,1333,2,9000,1.10652663166
558227,558441,559839,214,1398,2,9000,1.1530758226
558444,558544,559956,100,1412,2,9000,1.07082152975
558547,558600,560012,53,1412,2,9000,1.03753541076
558599,558685,560103,86,1418,2,9000,1.06064880113
558681,558912,560334,231,1422,2,9000,1.16244725738
558908,558924,560328,16,1404,2,9000,1.0113960114
558929,559006,560333,77,1327,2,9000,1.0580256217
559001,559096,560437,95,1341,2,9000,1.07084265474
559094,559157,560535,63,1378,2,9000,1.04571843251
559156,559167,560561,11,1394,2,9000,1.00789096126
559167,559180,560598,13,1418,2,9000,1.00916784203
559178,559201,560577,23,1376,2,9000,1.01671511628
559199,559248,560645,49,1397,2,9000,1.03507516106
559251,559499,560892,248,1393,2,9000,1.17803302225
559498,559570,560981,72,1411,2,9000,1.05102763997
559570,559852,561273,282,1421,2,9000,1.19845179451
559848,560119,561418,271,1299,2,9000,1.20862201694
560115,560207,561605,92,1398,2,9000,1.06580829757
560208,560341,561734,133,1393,2,9000,1.09547738693
560342,560450,561821,108,1371,2,9000,1.07877461707
560446,560589,561963,143,1374,2,9000,1.10407569141
560590,560610,562005,20,1395,2,9000,1.01433691756
560611,560657,562064,46,1407,2,9000,1.03269367448
560652,560703,562111,51,1408,2,9000,1.03622159091
560704,560881,562173,177,1292,2,9000,1.13699690402
560879,561049,562407,170,1358,2,9000,1.12518409426
561044,561286,562672,242,1386,2,9000,1.1746031746
561291,561431,562830,140,1399,2,9000,1.10007147963
561435,561617,563037,182,1420,2,9000,1.12816901408
561621,561746,563125,125,1379,2,9000,1.09064539521
561744,561825,563186,81,1361,2,9000,1.05951506245
561827,561833,563194,6,1361,2,9000,1.00440852314
561837,561975,563362,138,1387,2,9000,1.09949531363
561971,562017,563398,46,1381,2,9000,1.03330919623
562013,562076,563461,63,1385,2,9000,1.04548736462
562075,562186,563564,111,1378,2,9000,1.08055152395
562188,562237,563613,49,1376,2,9000,1.03561046512
562240,562419,563802,179,1383,2,9000,1.12942877802
562415,562842,564165,427,1323,2,9000,1.32275132275
562847,563050,564442,203,1392,2,9000,1.14583333333
563053,563137,564530,84,1393,2,9000,1.06030150754
563135,563198,564603,63,1405,2,9000,1.04483985765
563197,563206,564568,9,1362,2,9000,1.00660792952
563208,563374,564840,166,1466,2,9000,1.11323328786
563373,563410,564867,37,1457,2,9000,1.02539464653
563415,563473,564985,58,1512,2,9000,1.03835978836
563477,563625,565097,148,1472,2,9000,1.10054347826
563621,563815,565319,194,1504,2,9000,1.1289893617
563817,563860,565392,43,1532,2,9000,1.02806788512
563858,564034,565485,176,1451,2,9000,1.12129565817
564033,564538,566045,505,1507,2,9000,1.33510285335
564068,574977,578128,10909,3151,1,176400,4.46207553158
564537,564615,566038,78,1423,2,9000,1.05481377372
564619,564694,566144,75,1450,2,9000,1.05172413793
564691,564784,566242,93,1458,2,9000,1.06378600823
564784,564852,566315,68,1463,2,9000,1.04647983595
564856,564880,566406,24,1526,2,9000,1.01572739187
564877,564969,566493,92,1524,2,9000,1.06036745407
564970,564997,566533,27,1536,2,9000,1.017578125
565002,565109,566665,107,1556,2,9000,1.06876606684
565105,565280,566692,175,1412,2,9000,1.12393767705
565280,565331,566808,51,1477,2,9000,1.03452945159
565331,565404,566900,73,1496,2,9000,1.04879679144
565404,565497,566977,93,1480,2,9000,1.06283783784
565498,566051,567574,553,1523,2,9000,1.36309914642
566053,566156,567603,103,1447,2,9000,1.07118175536
566156,566176,567655,20,1479,2,9000,1.01352265044
566177,566254,567765,77,1511,2,9000,1.05095962938
566249,566327,567864,78,1537,2,9000,1.0507482108
566332,566419,567985,87,1566,2,9000,1.05555555556
566424,566505,568068,81,1563,2,9000,1.05182341651
566507,566628,568052,121,1424,2,9000,1.08497191011
566630,566704,568142,74,1438,2,9000,1.05146036161
566703,566853,568296,150,1443,2,9000,1.10395010395
566857,566900,568389,43,1489,2,9000,1.02887844191
566898,566928,568462,30,1534,2,9000,1.01955671447
566930,566989,568544,59,1555,2,9000,1.03794212219
566992,567178,568729,186,1551,2,9000,1.11992263056
567177,567358,568809,181,1451,2,9000,1.12474155755
567362,567394,568911,32,1517,2,9000,1.021094265
567393,567528,569012,135,1484,2,9000,1.0909703504
567426,575081,575197,7655,116,1,1800,66.9913793103
567527,567552,569092,25,1540,2,9000,1.01623376623
567548,567586,569117,38,1531,2,9000,1.02482037884
567590,567616,569005,26,1389,2,9000,1.01871850252
567621,567668,569096,47,1428,2,9000,1.03291316527
567673,567777,569240,104,1463,2,9000,1.07108680793
567776,567828,569325,52,1497,2,9000,1.03473613894
567828,567876,569382,48,1506,2,9000,1.03187250996
567879,567997,569534,118,1537,2,9000,1.07677293429
567993,568064,569468,71,1404,2,9000,1.05056980057
568065,568080,569525,15,1445,2,9000,1.01038062284
568076,568154,569599,78,1445,2,9000,1.05397923875
568159,568170,569642,11,1472,2,9000,1.00747282609
568169,568234,569733,65,1499,2,9000,1.04336224149
568231,568261,569779,30,1518,2,9000,1.01976284585
568263,568308,569817,45,1509,2,9000,1.02982107356
568279,575094,747927,6815,172833,1,172800,1.03943112716
568304,568389,569926,85,1537,2,9000,1.05530253741
568318,575099,747927,6781,172828,1,172800,1.03923554054
568387,568401,569906,14,1505,2,9000,1.00930232558
568398,568423,569807,25,1384,2,9000,1.01806358382
568419,568435,569837,16,1402,2,9000,1.01141226819
568440,568475,569888,35,1413,2,9000,1.02476999292
568471,568556,569998,85,1442,2,9000,1.05894590846
568554,568563,570044,9,1481,2,9000,1.00607697502
568564,568741,570231,177,1490,2,9000,1.11879194631
568739,568822,570304,83,1482,2,9000,1.05600539811
568822,568923,570322,101,1399,2,9000,1.07219442459
568925,568936,570404,11,1468,2,9000,1.00749318801
568936,569017,570457,81,1440,2,9000,1.05625
569018,569104,570566,86,1462,2,9000,1.05882352941
569101,569111,570583,10,1472,2,9000,1.00679347826
569112,569129,570616,17,1487,2,9000,1.01143241426
569133,569211,570678,78,1467,2,9000,1.05316973415
569214,569253,570663,39,1410,2,9000,1.02765957447
569256,569337,570742,81,1405,2,9000,1.05765124555
569293,574989,638301,5696,63312,1,172800,1.08996714683
569338,569394,570807,56,1413,2,9000,1.03963198868
569390,569480,570896,90,1416,2,9000,1.06355932203
569483,569537,570947,54,1410,2,9000,1.03829787234
569535,569546,570886,11,1340,2,9000,1.00820895522
569545,569571,570933,26,1362,2,9000,1.01908957416
569566,569611,570980,45,1369,2,9000,1.03287070855
569608,569654,571053,46,1399,2,9000,1.03288062902
569650,569746,571083,96,1337,2,9000,1.07180254301
569743,569790,571169,47,1379,2,9000,1.0340826686
569794,569819,571140,25,1321,2,9000,1.01892505678
569815,569829,571149,14,1320,2,9000,1.01060606061
569826,569849,571171,23,1322,2,9000,1.017397882
569847,569900,571245,53,1345,2,9000,1.03940520446
569899,569918,571253,19,1335,2,9000,1.01423220974
569920,569938,571411,18,1473,2,9000,1.01221995927
569942,570010,571411,68,1401,2,9000,1.04853675946
570014,570057,571450,43,1393,2,9000,1.03086862886
570056,570243,571641,187,1398,2,9000,1.13376251788
570241,570316,571665,75,1349,2,9000,1.05559673832
570313,570334,571746,21,1412,2,9000,1.01487252125
570334,570416,571848,82,1432,2,9000,1.05726256983
570417,570454,571791,37,1337,2,9000,1.02767389678
570458,570477,571876,19,1399,2,9000,1.01358112938
570479,570578,572004,99,1426,2,9000,1.06942496494
570578,574994,575324,4416,330,1,1800,14.3818181818
570583,570595,571985,12,1390,2,9000,1.00863309353
570584,575001,575329,4417,328,1,1800,14.4664634146
570593,570625,572042,32,1417,2,9000,1.02258292167
570625,570632,572049,7,1417,2,9000,1.00494001411
570636,570675,572115,39,1440,2,9000,1.02708333333
570677,570690,572110,13,1420,2,9000,1.00915492958
570688,570754,572139,66,1385,2,9000,1.0476534296
570750,570769,572145,19,1376,2,9000,1.01380813953
570771,570789,572205,18,1416,2,9000,1.01271186441
570792,570820,572246,28,1426,2,9000,1.01963534362
570824,570898,572318,74,1420,2,9000,1.05211267606
570896,570908,572274,12,1366,2,9000,1.00878477306
570907,570945,572276,38,1331,2,9000,1.02854996243
570948,570959,572304,11,1345,2,9000,1.00817843866
570959,570992,572360,33,1368,2,9000,1.02412280702
570991,570998,572405,7,1407,2,9000,1.00497512438
571001,571065,572476,64,1411,2,9000,1.0453579022
571063,571096,572474,33,1378,2,9000,1.02394775036
571095,571153,572564,58,1411,2,9000,1.04110559887
571157,571181,572590,24,1409,2,9000,1.01703335699
571178,571188,572578,10,1390,2,9000,1.0071942446
571189,571256,572667,67,1411,2,9000,1.04748405386
571261,571348,572746,87,1398,2,9000,1.06223175966
571344,571423,572730,79,1307,2,9000,1.06044376435
571426,571462,572825,36,1363,2,9000,1.02641232575
571457,571653,573060,196,1407,2,9000,1.13930348259
571653,571678,573098,25,1420,2,9000,1.0176056338
571674,571758,573156,84,1398,2,9000,1.06008583691
571757,571803,573191,46,1388,2,9000,1.03314121037
571798,571859,573259,61,1400,2,9000,1.04357142857
571860,571888,573291,28,1403,2,9000,1.0199572345
571892,571997,573423,105,1426,2,9000,1.07363253857
571995,572016,573361,21,1345,2,9000,1.0156133829
572016,572054,573451,38,1397,2,9000,1.02720114531
572057,572123,573522,66,1399,2,9000,1.04717655468
572119,572130,573529,11,1399,2,9000,1.00786275911
572130,572151,573564,21,1413,2,9000,1.01486199575
572151,572158,573521,7,1363,2,9000,1.00513573001
572162,572217,573587,55,1370,2,9000,1.0401459854
572214,572258,573641,44,1383,2,9000,1.03181489516
572255,572286,573676,31,1390,2,9000,1.02230215827
572287,572293,573677,6,1384,2,9000,1.00433526012
572297,572315,573735,18,1420,2,9000,1.01267605634
572318,572330,573581,12,1251,2,9000,1.00959232614
572329,572372,573761,43,1389,2,9000,1.0309575234
572371,572417,573839,46,1422,2,9000,1.0323488045
572412,572445,573823,33,1378,2,9000,1.02394775036
572444,572489,573812,45,1323,2,9000,1.03401360544
572485,572576,573966,91,1390,2,9000,1.0654676259
572578,572590,573928,12,1338,2,9000,1.00896860987
572589,572602,573989,13,1387,2,9000,1.00937274694
572600,572679,574081,79,1402,2,9000,1.05634807418
572682,572742,574102,60,1360,2,9000,1.04411764706
572744,572758,574209,14,1451,2,9000,1.00964851826
572755,572838,574350,83,1512,2,9000,1.05489417989
572838,573032,574545,194,1513,2,9000,1.12822207535
573033,573072,574565,39,1493,2,9000,1.02612190221
573075,573110,574647,35,1537,2,9000,1.02277163305
573106,573168,574703,62,1535,2,9000,1.04039087948
573168,573203,574730,35,1527,2,9000,1.02292075966
573200,573270,574847,70,1577,2,9000,1.04438807863
573272,573303,574721,31,1418,2,9000,1.02186177715
573303,573373,574893,70,1520,2,9000,1.04605263158
573376,573435,574996,59,1561,2,9000,1.03779628443
573438,573463,575009,25,1546,2,9000,1.01617076326
573459,573534,575099,75,1565,2,9000,1.04792332268
573531,573546,574979,15,1433,2,9000,1.01046755059
573542,573576,575024,34,1448,2,9000,1.02348066298
573573,573593,575002,20,1409,2,9000,1.01419446416
573581,573689,573691,108,2,4,1200,11.0
573594,573653,575124,59,1471,2,9000,1.04010876954
573656,573703,575123,47,1420,2,9000,1.03309859155
573708,573747,575192,39,1445,2,9000,1.02698961938
573749,573773,575265,24,1492,2,9000,1.01608579088
573770,573824,575293,54,1469,2,9000,1.03675970048
573822,573835,575353,13,1518,2,9000,1.00856389987
573834,573851,575366,17,1515,2,9000,1.01122112211
573855,573940,575347,85,1407,2,9000,1.06041222459
573944,573978,575394,34,1416,2,9000,1.02401129944
573975,574002,575378,27,1376,2,9000,1.01962209302
574006,574054,575457,48,1403,2,9000,1.034212402
574058,574093,575515,35,1422,2,9000,1.02461322082
574089,574114,575614,25,1500,2,9000,1.01666666667
574270,574740,574742,470,2,4,1200,47.2
574393,575088,575701,695,613,1,3600,2.13376835237
574955,575025,575027,70,2,4,1200,7.2
575477,575484,575575,7,91,1,3600,1.07692307692
575711,575717,575968,6,251,1,3600,1.02390438247
575714,575723,576114,9,391,1,1800,1.02301790281
575938,576121,576129,183,8,4,1200,19.1
576272,576278,576756,6,478,1,3600,1.01255230126
576293,576300,579906,7,3606,1,3600,1.0019412091
576510,576516,576519,6,3,4,1200,1.0
576740,576747,576748,7,1,4,1200,1.0
576907,576913,578675,6,1762,1,7200,1.00340522134
576935,576941,578642,6,1701,1,7200,1.00352733686
576988,576994,576999,6,5,4,1200,1.1
577087,577094,577096,7,2,4,1200,1.0
577278,577284,577286,6,2,4,1200,1.0
577291,577297,577344,6,47,1,1800,1.12765957447
577511,577517,578041,6,524,4,1200,1.01145038168
577572,577578,577670,6,92,1,1800,1.0652173913
577880,577887,579753,7,1866,1,7200,1.00375133976
578149,578156,578188,7,32,4,1200,1.21875
578271,578278,578556,7,278,1,1800,1.02517985612
578291,578298,578592,7,294,4,1200,1.02380952381
578532,709921,1141938,131389,432017,2,432000,1.30412923566
578834,781220,1213233,202386,432013,2,432000,1.46847201357
578897,856077,1288106,277180,432029,2,432000,1.64157730152
579009,904223,1336227,325214,432004,2,432000,1.75280321479
579011,579018,579046,7,28,4,1200,1.25
579070,579077,579140,7,63,2,36000,1.11111111111
579095,904228,1336257,325133,432029,2,432000,1.75257216529
579190,904234,1336276,325044,432042,2,432000,1.75234352216
579190,579196,579199,6,3,4,36000,1.0
579271,579278,579628,7,350,4,36000,1.02
579471,904239,1336260,324768,432021,2,432000,1.7517412348
579531,904244,1336258,324713,432014,2,432000,1.75162610471
579559,579566,579727,7,161,4,1200,1.04347826087
579624,904250,1336259,324626,432009,2,432000,1.75143341921
579750,904255,1336265,324505,432010,2,432000,1.75115159371
579772,579779,579813,7,34,4,1200,1.20588235294
579812,904260,1336310,324448,432050,2,432000,1.75095012151
579864,904266,1336304,324402,432038,2,432000,1.75086450729
579983,904271,1336307,324288,432036,2,432000,1.75060411632
579988,579994,580458,6,464,4,36000,1.01293103448
580017,580023,580111,6,88,1,3600,1.06818181818
580067,904276,1336297,324209,432021,2,432000,1.75044731622
580102,580108,580299,6,191,4,1200,1.03141361257
580130,904282,1336306,324152,432024,2,432000,1.75031016795
580250,580257,580509,7,252,1,3600,1.02777777778
580317,580323,580362,6,39,4,1200,1.15384615385
580424,580430,582483,6,2053,2,9000,1.00292255236
580435,580442,582535,7,2093,2,9000,1.00334448161
580445,580470,582476,25,2006,2,9000,1.01246261216
580467,580476,582581,9,2105,2,9000,1.00427553444
580477,580707,582820,230,2113,2,9000,1.10884997634
580532,580640,580695,108,55,4,1200,2.96363636364
580705,580714,582823,9,2109,2,9000,1.00426742532
580715,580726,583010,11,2284,2,9000,1.00481611208
580726,580732,582874,6,2142,2,9000,1.00280112045
580737,581275,583312,538,2037,2,9000,1.26411389298
580773,581216,581260,443,44,4,1200,11.0681818182
580799,580806,581291,7,485,1,3600,1.01443298969
580807,904353,1336374,323546,432021,2,432000,1.7489126686
580925,904358,1336397,323433,432039,2,432000,1.74861991626
581026,904363,1336392,323337,432029,2,432000,1.74841503695
581271,581281,582917,10,1636,2,9000,1.00611246944
581282,582207,583820,925,1613,2,9000,1.57346559206
581413,582173,582195,760,22,4,1200,35.5454545455
582205,582213,583840,8,1627,2,9000,1.0049170252
582215,582488,584117,273,1629,2,9000,1.16758747698
582492,582499,584080,7,1581,2,9000,1.00442757748
582503,582548,584138,45,1590,2,9000,1.02830188679
582544,582594,584208,50,1614,2,9000,1.03097893432
582596,582663,584284,67,1621,2,9000,1.0413325108
582668,582795,584416,127,1621,2,9000,1.07834669957
582791,582832,584455,41,1623,2,9000,1.02526186075
582832,582839,584454,7,1615,2,9000,1.00433436533
582843,582886,584509,43,1623,2,9000,1.02649414664
582884,582929,584548,45,1619,2,9000,1.02779493515
582926,583022,584634,96,1612,2,9000,1.05955334988
583018,583323,584934,305,1611,2,9000,1.18932340161
583326,583832,585451,506,1619,2,9000,1.31253860408
583813,584466,584536,653,70,4,1200,10.3285714286
583827,583853,585473,26,1620,2,9000,1.01604938272
583848,584092,585705,244,1613,2,9000,1.15127092374
584094,584129,585772,35,1643,2,9000,1.02130249544
584126,584150,585794,24,1644,2,9000,1.01459854015
584147,584221,585856,74,1635,2,9000,1.04525993884
584219,584296,585881,77,1585,2,9000,1.04858044164
584301,584428,586062,127,1634,2,9000,1.07772337821
584424,584521,586151,97,1630,2,9000,1.05950920245
584517,584560,586172,43,1612,2,9000,1.02667493797
584558,584646,586269,88,1623,2,9000,1.05422057917
584605,585449,585528,844,79,4,1200,11.6835443038
584651,584946,586573,295,1627,2,9000,1.18131530424
584948,585456,587094,508,1638,2,9000,1.31013431013
585459,585466,587072,7,1606,2,9000,1.00435865504
585470,585485,587101,15,1616,2,9000,1.00928217822
585480,585543,587167,63,1624,2,9000,1.03879310345
585542,585550,587175,8,1625,2,9000,1.00492307692
585553,585718,587347,165,1629,2,9000,1.10128913444
585717,585785,587413,68,1628,2,9000,1.04176904177
585789,585806,587436,17,1630,2,9000,1.01042944785
585810,585868,587484,58,1616,2,9000,1.03589108911
585872,585893,587514,21,1621,2,9000,1.01295496607
585893,586074,587699,181,1625,2,9000,1.11138461538
586077,586163,587772,86,1609,2,9000,1.05344934742
586159,586184,587816,25,1632,2,9000,1.01531862745
586180,586282,587962,102,1680,2,9000,1.06071428571
586236,586930,594159,694,7229,4,7200,1.09600221331
586283,586486,588123,203,1637,2,9000,1.12400733048
586488,586585,588216,97,1631,2,9000,1.05947271613
586581,586755,588373,174,1618,2,9000,1.10754017305
586755,586876,588490,121,1614,2,9000,1.07496902107
586878,586923,588573,45,1650,2,9000,1.02727272727
586920,587084,588720,164,1636,2,9000,1.10024449878
587084,587106,588728,22,1622,2,9000,1.01356350185
587105,587113,588718,8,1605,2,9000,1.00498442368
587115,587179,588814,64,1635,2,9000,1.03914373089
587177,587188,588810,11,1622,2,9000,1.00678175092
587188,587359,588990,171,1631,2,9000,1.1048436542
587362,587425,589061,63,1636,2,9000,1.03850855746
587424,587448,589071,24,1623,2,9000,1.01478743068
587445,587497,589126,52,1629,2,9000,1.03192142419
587497,587526,589160,29,1634,2,9000,1.01774785802
587528,587711,589342,183,1631,2,9000,1.11220110362
587712,587785,589464,73,1679,2,9000,1.04347826087
587784,587828,589413,44,1585,2,9000,1.02776025237
587826,587968,589609,142,1641,2,9000,1.08653260207
587969,587977,589672,8,1695,2,9000,1.00471976401
587980,588135,589752,155,1617,2,9000,1.09585652443
588080,588086,589742,6,1656,1,7200,1.00362318841
588134,588228,589843,94,1615,2,9000,1.05820433437
588135,588653,590435,518,1782,1,7200,1.29068462402
588226,588385,590018,159,1633,2,9000,1.09736680955
588380,588502,590134,122,1632,2,9000,1.07475490196
588504,588585,590209,81,1624,2,9000,1.04987684729
588586,588644,590260,58,1616,2,9000,1.03589108911
588648,588671,590296,23,1625,2,9000,1.01415384615
588669,588730,590374,61,1644,2,9000,1.03710462287
588731,588738,590359,7,1621,2,9000,1.00431832202
588741,588749,590369,8,1620,2,9000,1.0049382716
588752,588801,590415,49,1614,2,9000,1.03035935564
588804,588811,590456,7,1645,2,9000,1.00425531915
588815,588821,590438,6,1617,2,9000,1.00371057514
588825,588832,590449,7,1617,2,9000,1.00432900433
588836,588843,590454,7,1611,2,9000,1.00434512725
588847,588853,590477,6,1624,2,9000,1.00369458128
588858,588865,590482,7,1617,2,9000,1.00432900433
588868,588912,590544,44,1632,2,9000,1.02696078431
588884,589413,591308,529,1895,1,7200,1.27915567282
588910,588919,590540,9,1621,2,9000,1.00555212832
588920,588928,590570,8,1642,2,9000,1.00487210719
588931,588938,590581,7,1643,2,9000,1.00426049909
588942,588948,590574,6,1626,2,9000,1.0036900369
588952,589002,590610,50,1608,2,9000,1.03109452736
589004,589073,590692,69,1619,2,9000,1.04261890056
589076,589083,590715,7,1632,2,9000,1.00428921569
589087,589138,590765,51,1627,2,9000,1.03134603565
589139,589172,590884,33,1712,2,9000,1.01927570093
589170,589354,591004,184,1650,2,9000,1.11151515152
589354,589408,591025,54,1617,2,9000,1.03339517625
589406,589421,591072,15,1651,2,9000,1.00908540279
589417,589428,591074,11,1646,2,9000,1.00668286756
589427,589435,591079,8,1644,2,9000,1.00486618005
589438,589445,591061,7,1616,2,9000,1.00433168317
589449,589476,591084,27,1608,2,9000,1.01679104478
589480,589489,591107,9,1618,2,9000,1.00556242274
589491,589498,591099,7,1601,2,9000,1.00437226733
589501,589509,591175,8,1666,2,9000,1.00480192077
589513,589519,591188,6,1669,2,9000,1.00359496705
589523,589529,591207,6,1678,2,9000,1.00357568534
589534,589594,591209,60,1615,2,9000,1.03715170279
589596,589603,591275,7,1672,2,9000,1.00418660287
589607,589613,591270,6,1657,2,9000,1.00362100181
589617,589624,591236,7,1612,2,9000,1.00434243176
589628,589635,591267,7,1632,2,9000,1.00428921569
589639,589645,591287,6,1642,2,9000,1.00365408039
589649,589655,591305,6,1650,2,9000,1.00363636364
589660,589666,591304,6,1638,2,9000,1.00366300366
589671,589677,591333,6,1656,2,9000,1.00362318841
589681,589688,591318,7,1630,2,9000,1.00429447853
589692,589699,591342,7,1643,2,9000,1.00426049909
589703,589710,591280,7,1570,2,9000,1.00445859873
589713,589754,591388,41,1634,2,9000,1.02509179927
589755,589764,591435,9,1671,2,9000,1.00538599641
589766,589855,591516,89,1661,2,9000,1.05358217941
589858,589980,591660,122,1680,2,9000,1.07261904762
589982,589989,591678,7,1689,2,9000,1.00414446418
589992,589999,591618,7,1619,2,9000,1.00432365658
590003,590009,591638,6,1629,2,9000,1.00368324125
590014,590020,591686,6,1666,2,9000,1.00360144058
590025,590031,591678,6,1647,2,9000,1.00364298725
590035,590146,591809,111,1663,2,9000,1.06674684305
590149,590221,591854,72,1633,2,9000,1.04409063074
590221,590272,591911,51,1639,2,9000,1.03111653447
590272,590308,591903,36,1595,2,9000,1.02257053292
590304,590371,592032,67,1661,2,9000,1.0403371463
590376,590382,592070,6,1688,2,9000,1.00355450237
590387,590393,592033,6,1640,2,9000,1.00365853659
590397,590427,592045,30,1618,2,9000,1.01854140915
590429,590451,592144,22,1693,2,9000,1.01299468399
590450,590461,592152,11,1691,2,9000,1.00650502661
590460,590468,592132,8,1664,2,9000,1.00480769231
590471,590478,592140,7,1662,2,9000,1.00421179302
590482,590489,592193,7,1704,2,9000,1.00410798122
590493,590499,592133,6,1634,2,9000,1.00367197062
590503,590523,592188,20,1665,2,9000,1.01201201201
590536,590552,592200,16,1648,2,9000,1.00970873786
590550,590559,592147,9,1588,2,9000,1.0056675063
590560,590582,592199,22,1617,2,9000,1.01360544218
590581,590589,592176,8,1587,2,9000,1.00504095778
590592,590600,592190,8,1590,2,9000,1.00503144654
590603,590610,592200,7,1590,2,9000,1.00440251572
590614,590621,592207,7,1586,2,9000,1.00441361917
590624,590630,592229,6,1599,2,9000,1.00375234522
590635,590663,592234,28,1571,2,9000,1.01782304265
590666,590705,592280,39,1575,2,9000,1.02476190476
590708,590714,592313,6,1599,2,9000,1.00375234522
590719,590727,592320,8,1593,2,9000,1.00502197112
590729,590778,592383,49,1605,2,9000,1.03052959502
590781,590897,592501,116,1604,2,9000,1.072319202
590894,591016,592621,122,1605,2,9000,1.07601246106
591018,591037,592567,19,1530,2,9000,1.01241830065
591039,591073,592677,34,1604,2,9000,1.02119700748
591070,591085,592656,15,1571,2,9000,1.00954805856
591081,591092,592683,11,1591,2,9000,1.00691389063
591091,591099,592684,8,1585,2,9000,1.00504731861
591102,591108,592686,6,1578,2,9000,1.00380228137
591113,591119,592691,6,1572,2,9000,1.00381679389
591123,591131,592737,8,1606,2,9000,1.00498132005
591134,591187,592764,53,1577,2,9000,1.03360811668
591186,591200,592834,14,1634,2,9000,1.00856793146
591197,591219,592756,22,1537,2,9000,1.01431359792
591218,591226,592804,8,1578,2,9000,1.00506970849
591228,591248,592810,20,1562,2,9000,1.01280409731
591249,591278,592852,29,1574,2,9000,1.01842439644
591280,591288,592870,8,1582,2,9000,1.00505689001
591291,591297,592912,6,1615,2,9000,1.00371517028
591302,591308,592901,6,1593,2,9000,1.00376647834
591313,591320,592913,7,1593,2,9000,1.00439422473
591323,591330,592944,7,1614,2,9000,1.00433705081
591327,591337,591338,10,1,2,3540,1.1
591334,591344,592964,10,1620,2,9000,1.00617283951
591345,591351,592971,6,1620,2,9000,1.0037037037
591355,591362,592883,7,1521,2,9000,1.00460223537
591366,591372,592938,6,1566,2,9000,1.00383141762
591377,591383,592944,6,1561,2,9000,1.00384368994
591388,591400,592978,12,1578,2,9000,1.00760456274
591398,591447,593022,49,1575,2,9000,1.03111111111
591450,591528,593094,78,1566,2,9000,1.04980842912
591533,591630,593216,97,1586,2,9000,1.06116015132
591625,591650,593256,25,1606,2,9000,1.01556662516
591646,591672,593281,26,1609,2,9000,1.01615910503
591667,591690,593299,23,1609,2,9000,1.01429459291
591688,591696,593293,8,1597,2,9000,1.00500939261
591699,591706,593313,7,1607,2,9000,1.00435594275
591710,591821,593341,111,1520,2,9000,1.07302631579
591823,591866,593436,43,1570,2,9000,1.02738853503
591864,591915,593488,51,1573,2,9000,1.03242212333
591916,591923,593521,7,1598,2,9000,1.00438047559
591927,592044,593650,117,1606,2,9000,1.07285180573
592040,592051,593642,11,1591,2,9000,1.00691389063
592051,592058,593659,7,1601,2,9000,1.00437226733
592062,592082,593663,20,1581,2,9000,1.01265022138
592083,592144,593759,61,1615,2,9000,1.03777089783
592145,592151,593787,6,1636,2,9000,1.00366748166
592155,592161,593762,6,1601,2,9000,1.00374765771
592166,592172,593714,6,1542,2,9000,1.00389105058
592177,592183,593757,6,1574,2,9000,1.00381194409
592188,592194,593797,6,1603,2,9000,1.00374298191
592198,592205,593803,7,1598,2,9000,1.00438047559
592209,592215,593812,6,1597,2,9000,1.00375704446
592220,592227,593819,7,1592,2,9000,1.00439698492
592231,592237,593846,6,1609,2,9000,1.00372902424
592241,592249,593849,8,1600,2,9000,1.005
592252,592259,593879,7,1620,2,9000,1.00432098765
592263,592269,593885,6,1616,2,9000,1.00371287129
592274,592281,593904,7,1623,2,9000,1.00431300062
592284,592292,593905,8,1613,2,9000,1.00495970242
592295,592302,593929,7,1627,2,9000,1.00430239705
592306,592312,593884,6,1572,2,9000,1.00381679389
592317,592325,593921,8,1596,2,9000,1.00501253133
592328,592334,593941,6,1607,2,9000,1.00373366521
592338,592395,594012,57,1617,2,9000,1.03525046382
592400,592513,594107,113,1594,2,9000,1.07089084065
592514,592579,594183,65,1604,2,9000,1.04052369077
592576,592633,594234,57,1601,2,9000,1.03560274828
592638,592668,594291,30,1623,2,9000,1.01848428835
592669,592689,594319,20,1630,2,9000,1.01226993865
592690,592698,594325,8,1627,2,9000,1.0049170252
592701,592707,594358,6,1651,2,9000,1.00363416111
592712,592719,594340,7,1621,2,9000,1.00431832202
592723,592730,594356,7,1626,2,9000,1.00430504305
592733,592749,594339,16,1590,2,9000,1.01006289308
592754,592768,594382,14,1614,2,9000,1.00867410161
592765,592777,594385,12,1608,2,9000,1.00746268657
592776,592816,594441,40,1625,2,9000,1.02461538462
592818,592825,594432,7,1607,2,9000,1.00435594275
592828,592846,594456,18,1610,2,9000,1.01118012422
592849,592864,594459,15,1595,2,9000,1.00940438871
592860,592882,594478,22,1596,2,9000,1.01378446115
592881,592895,594513,14,1618,2,9000,1.0086526576
592892,592914,594551,22,1637,2,9000,1.01343921808
592913,592924,594546,11,1622,2,9000,1.00678175092
592924,592930,594557,6,1627,2,9000,1.0036877689
592935,592950,594560,15,1610,2,9000,1.00931677019
592945,592957,594550,12,1593,2,9000,1.00753295669
592956,592964,594541,8,1577,2,9000,1.00507292327
592967,592976,594576,9,1600,2,9000,1.005625
592978,592985,594587,7,1602,2,9000,1.00436953808
592989,592996,594624,7,1628,2,9000,1.0042997543
592999,593035,594647,36,1612,2,9000,1.0223325062
593031,593106,594714,75,1608,2,9000,1.04664179104
593103,593228,594829,125,1601,2,9000,1.07807620237
593227,593268,594927,41,1659,2,9000,1.02471368294
593268,593293,594921,25,1628,2,9000,1.01535626536
593289,593305,594922,16,1617,2,9000,1.00989486704
593310,593318,594944,8,1626,2,9000,1.0049200492
593321,593327,594930,6,1603,2,9000,1.00374298191
593332,593353,594933,21,1580,2,9000,1.01329113924
593353,593448,595025,95,1577,2,9000,1.06024096386
593446,593500,595104,54,1604,2,9000,1.03366583541
593497,593533,595145,36,1612,2,9000,1.0223325062
593529,593654,595250,125,1596,2,9000,1.07832080201
593652,593663,595280,11,1617,2,9000,1.00680272109
593663,593672,595268,9,1596,2,9000,1.00563909774
593674,593681,595285,7,1604,2,9000,1.00436408978
593684,593726,595340,42,1614,2,9000,1.02602230483
593726,593769,595355,43,1586,2,9000,1.02711223203
593767,593776,595410,9,1634,2,9000,1.00550795594
593778,593785,595391,7,1606,2,9000,1.00435865504
593789,593799,595419,10,1620,2,9000,1.00617283951
593800,593809,595412,9,1603,2,9000,1.00561447286
593810,593818,595353,8,1535,2,9000,1.00521172638
593821,593828,595429,7,1601,2,9000,1.00437226733
593832,593838,595451,6,1613,2,9000,1.00371977681
593842,593858,595456,16,1598,2,9000,1.01001251564
593863,593870,595480,7,1610,2,9000,1.00434782609
593874,593891,595487,17,1596,2,9000,1.01065162907
593895,593902,595511,7,1609,2,9000,1.00435052828
593906,593913,595521,7,1608,2,9000,1.00435323383
593917,593924,595533,7,1609,2,9000,1.00435052828
593927,593934,595557,7,1623,2,9000,1.00431300062
593938,593945,595519,7,1574,2,9000,1.00444726811
593949,593956,595588,7,1632,2,9000,1.00428921569
593960,593967,595529,7,1562,2,9000,1.00448143406
593970,594023,595640,53,1617,2,9000,1.03277674706
594022,594120,595739,98,1619,2,9000,1.06053119209
594125,594171,595792,46,1621,2,9000,1.02837754473
594167,594177,595782,10,1605,2,9000,1.0062305296
594178,594195,595832,17,1637,2,9000,1.01038485034
594199,594246,595868,47,1622,2,9000,1.02897657213
594250,594304,595943,54,1639,2,9000,1.03294691885
594302,594331,595965,29,1634,2,9000,1.01774785802
594333,594339,595940,6,1601,2,9000,1.00374765771
594344,594350,595945,6,1595,2,9000,1.00376175549
594355,594361,595923,6,1562,2,9000,1.00384122919
594365,594372,595963,7,1591,2,9000,1.00439974859
594376,594383,595968,7,1585,2,9000,1.00441640379
594387,594394,596005,7,1611,2,9000,1.00434512725
594398,594404,596021,6,1617,2,9000,1.00371057514
594408,594445,596068,37,1623,2,9000,1.02279728897
594450,594457,596076,7,1619,2,9000,1.00432365658
594461,594468,596082,7,1614,2,9000,1.00433705081
594471,594479,596097,8,1618,2,9000,1.00494437577
594482,594490,596102,8,1612,2,9000,1.00496277916
594493,594525,596111,32,1586,2,9000,1.02017654477
594524,594553,596161,29,1608,2,9000,1.01803482587
594555,594562,596155,7,1593,2,9000,1.00439422473
594566,594573,596174,7,1601,2,9000,1.00437226733
594577,594584,596165,7,1581,2,9000,1.00442757748
594587,594593,596255,6,1662,2,9000,1.0036101083
594591,594601,596229,10,1628,2,9000,1.00614250614
594601,594609,596225,8,1616,2,9000,1.00495049505
594612,594619,596244,7,1625,2,9000,1.00430769231
594623,594636,596235,13,1599,2,9000,1.0081300813
594634,594659,596274,25,1615,2,9000,1.01547987616
594655,594726,596333,71,1607,2,9000,1.04418170504
594727,594841,596465,114,1624,2,9000,1.07019704433
594840,594933,596558,93,1625,2,9000,1.05723076923
594933,594940,596588,7,1648,2,9000,1.00424757282
594944,594951,596558,7,1607,2,9000,1.00435594275
594955,594962,596566,7,1604,2,9000,1.00436408978
594965,594972,596596,7,1624,2,9000,1.00431034483
594976,594982,596603,6,1621,2,9000,1.00370141888
594987,595037,596643,50,1606,2,9000,1.03113325031
595039,595116,596730,77,1614,2,9000,1.04770755886
595121,595157,596774,36,1617,2,9000,1.02226345083
595152,595263,596851,111,1588,2,9000,1.06989924433
595265,595280,596879,15,1599,2,9000,1.00938086304
595276,595292,596926,16,1634,2,9000,1.00979192166
595297,595304,596917,7,1613,2,9000,1.00433973962
595308,595352,596967,44,1615,2,9000,1.02724458204
595349,595365,596987,16,1622,2,9000,1.00986436498
595370,595376,596996,6,1620,2,9000,1.0037037037
595381,595404,597031,23,1627,2,9000,1.01413644745
595402,595422,597023,20,1601,2,9000,1.01249219238
595423,595430,597043,7,1613,2,9000,1.00433973962
595434,595441,597064,7,1623,2,9000,1.00431300062
595444,595452,597060,8,1608,2,9000,1.00497512438
595455,595464,597072,9,1608,2,9000,1.00559701493
595466,595472,597100,6,1628,2,9000,1.00368550369
595477,595492,597104,15,1612,2,9000,1.00930521092
595487,595499,597116,12,1617,2,9000,1.00742115028
595498,595524,597118,26,1594,2,9000,1.01631116688
595519,595530,597134,11,1604,2,9000,1.00685785536
595530,595537,597149,7,1612,2,9000,1.00434243176
595540,595548,597158,8,1610,2,9000,1.0049689441
595551,595558,597155,7,1597,2,9000,1.00438321853
595562,595568,597176,6,1608,2,9000,1.00373134328
595573,595600,597162,27,1562,2,9000,1.01728553137
595604,595652,597209,48,1557,2,9000,1.03082851638
595656,595751,597388,95,1637,2,9000,1.05803298717
595748,595794,597406,46,1612,2,9000,1.02853598015
595790,595804,597432,14,1628,2,9000,1.0085995086
595801,595844,597456,43,1612,2,9000,1.02667493797
595842,595880,597479,38,1599,2,9000,1.02376485303
595884,595935,597551,51,1616,2,9000,1.03155940594
595935,595952,597578,17,1626,2,9000,1.01045510455
595956,595964,597579,8,1615,2,9000,1.00495356037
595967,595974,597575,7,1601,2,9000,1.00437226733
595978,595985,597600,7,1615,2,9000,1.00433436533
595989,595996,597606,7,1610,2,9000,1.00434782609
595999,596006,597595,7,1589,2,9000,1.00440528634
596010,596017,597587,7,1570,2,9000,1.00445859873
596021,596033,597598,12,1565,2,9000,1.00766773163
596032,596080,597665,48,1585,2,9000,1.03028391167
596083,596091,597727,8,1636,2,9000,1.00488997555
596094,596100,597742,6,1642,2,9000,1.00365408039
596105,596112,597747,7,1635,2,9000,1.00428134557
596139,596146,597715,7,1569,2,9000,1.00446144041
596149,596156,597811,7,1655,2,9000,1.00422960725
596160,596167,597808,7,1641,2,9000,1.00426569165
596171,596178,597789,7,1611,2,9000,1.00434512725
596182,596189,597780,7,1591,2,9000,1.00439974859
596193,596200,597797,7,1597,2,9000,1.00438321853
596203,596237,597815,34,1578,2,9000,1.02154626109
596235,596244,597810,9,1566,2,9000,1.00574712644
596245,596252,597839,7,1587,2,9000,1.00441083806
596256,596262,597867,6,1605,2,9000,1.00373831776
596267,596273,597883,6,1610,2,9000,1.00372670807
596278,596287,597898,9,1611,2,9000,1.00558659218
596289,596345,597944,56,1599,2,9000,1.03502188868
596340,596477,598040,137,1563,2,9000,1.08765195138
596474,596570,598156,96,1586,2,9000,1.0605296343
596567,596576,598175,9,1599,2,9000,1.00562851782
596578,596586,598173,8,1587,2,9000,1.00504095778
596589,596600,598191,11,1591,2,9000,1.00691389063
596599,596609,598196,10,1587,2,9000,1.00630119723
596610,596618,598211,8,1593,2,9000,1.00502197112
596621,596655,598240,34,1585,2,9000,1.0214511041
596652,596742,598335,90,1593,2,9000,1.05649717514
596745,596786,598384,41,1598,2,9000,1.02565707134
596786,596864,598450,78,1586,2,9000,1.04918032787
596869,596891,598521,22,1630,2,9000,1.01349693252
596890,596929,598515,39,1586,2,9000,1.02459016393
596931,596938,598541,7,1603,2,9000,1.00436681223
596942,596979,598567,37,1588,2,9000,1.02329974811
596984,596999,598593,15,1594,2,9000,1.00941028858
596995,597008,598595,13,1587,2,9000,1.0081915564
597005,597036,598622,31,1586,2,9000,1.01954602774
597037,597043,598659,6,1616,2,9000,1.00371287129
597047,597056,598681,9,1625,2,9000,1.00553846154
597058,597072,598667,14,1595,2,9000,1.00877742947
597069,597079,598666,10,1587,2,9000,1.00630119723
597079,597086,598697,7,1611,2,9000,1.00434512725
597090,597113,598709,23,1596,2,9000,1.01441102757
597111,597120,598730,9,1610,2,9000,1.00559006211
597122,597129,598729,7,1600,2,9000,1.004375
597133,597140,598762,7,1622,2,9000,1.00431565968
597143,597151,598749,8,1598,2,9000,1.00500625782
597154,597161,598775,7,1614,2,9000,1.00433705081
597165,597173,598766,8,1593,2,9000,1.00502197112
597176,597182,598788,6,1606,2,9000,1.00373599004
597186,597193,598776,7,1583,2,9000,1.00442198358
597197,597204,598803,7,1599,2,9000,1.00437773609
597208,597221,598817,13,1596,2,9000,1.00814536341
597219,597400,599007,181,1607,2,9000,1.11263223398
597404,597418,599013,14,1595,2,9000,1.00877742947
597415,597444,599064,29,1620,2,9000,1.01790123457
597446,597469,599068,23,1599,2,9000,1.01438398999
597467,597490,599111,23,1621,2,9000,1.01418877236
597488,597563,599185,75,1622,2,9000,1.04623921085
597560,597587,599204,27,1617,2,9000,1.01669758813
597591,597599,599181,8,1582,2,9000,1.00505689001
597602,597608,599221,6,1613,2,9000,1.00371977681
597613,597620,599231,7,1611,2,9000,1.00434512725
597624,597631,599222,7,1591,2,9000,1.00439974859
597634,597641,599228,7,1587,2,9000,1.00441083806
597645,597652,599253,7,1601,2,9000,1.00437226733
597656,597662,599269,6,1607,2,9000,1.00373366521
597667,597678,599288,11,1610,2,9000,1.00683229814
597678,597728,599343,50,1615,2,9000,1.03095975232
597729,597739,599362,10,1623,2,9000,1.00616142945
597740,597754,599368,14,1614,2,9000,1.00867410161
597751,597761,599345,10,1584,2,9000,1.00631313131
597762,597792,599378,30,1586,2,9000,1.01891551072
597793,597802,599396,9,1594,2,9000,1.00564617315
597803,597811,599395,8,1584,2,9000,1.00505050505
597814,597821,599410,7,1589,2,9000,1.00440528634
597825,597831,599410,6,1579,2,9000,1.00379987334
597836,597843,599426,7,1583,2,9000,1.00442198358
597847,597853,599443,6,1590,2,9000,1.00377358491
597857,597865,599476,8,1611,2,9000,1.00496585971
597868,597878,599471,10,1593,2,9000,1.0062774639
597879,597896,599506,17,1610,2,9000,1.01055900621
597900,597910,599526,10,1616,2,9000,1.00618811881
597910,597957,599552,47,1595,2,9000,1.02946708464
597962,598052,599655,90,1603,2,9000,1.05614472863
598055,598168,599756,113,1588,2,9000,1.07115869018
598168,598185,599787,17,1602,2,9000,1.01061173533
598189,598195,599797,6,1602,2,9000,1.00374531835
598200,598207,599783,7,1576,2,9000,1.00444162437
598210,598217,599830,7,1613,2,9000,1.00433973962
598221,598227,599845,6,1618,2,9000,1.00370828183
598232,598253,599866,21,1613,2,9000,1.01301921885
598253,598347,599950,94,1603,2,9000,1.05864004991
598346,598397,599991,51,1594,2,9000,1.03199498118
598397,598462,600054,65,1592,2,9000,1.04082914573
598459,598528,600118,69,1590,2,9000,1.04339622642
598531,598539,600150,8,1611,2,9000,1.00496585971
598542,598554,600133,12,1579,2,9000,1.00759974668
598553,598580,600183,27,1603,2,9000,1.01684341859
598584,598605,600175,21,1570,2,9000,1.01337579618
598605,598612,600197,7,1585,2,9000,1.00441640379
598616,598634,600242,18,1608,2,9000,1.01119402985
598637,598672,600303,35,1631,2,9000,1.02145922747
598668,598678,600284,10,1606,2,9000,1.00622665006
598679,598686,600300,7,1614,2,9000,1.00433705081
598690,598697,600295,7,1598,2,9000,1.00438047559
598700,598709,600333,9,1624,2,9000,1.00554187192
598711,598721,600324,10,1603,2,9000,1.00623830318
598722,598741,600352,19,1611,2,9000,1.01179391682
598743,598749,600355,6,1606,2,9000,1.00373599004
598754,598761,600336,7,1575,2,9000,1.00444444444
598764,598774,600355,10,1581,2,9000,1.00632511069
598775,598782,600393,7,1611,2,9000,1.00434512725
598786,598792,600393,6,1601,2,9000,1.00374765771
598796,598804,600406,8,1602,2,9000,1.0049937578
598807,598814,600425,7,1611,2,9000,1.00434512725
598818,598825,600444,7,1619,2,9000,1.00432365658
598829,598836,600438,7,1602,2,9000,1.00436953808
598839,599020,600625,181,1605,2,9000,1.11277258567
599024,599031,600627,7,1596,2,9000,1.00438596491
599035,599076,600673,41,1597,2,9000,1.02567313713
599077,599083,600665,6,1582,2,9000,1.00379266751
599087,599123,600710,36,1587,2,9000,1.02268431002
599121,599193,600767,72,1574,2,9000,1.0457433291
599193,599199,600794,6,1595,2,9000,1.00376175549
599204,599216,600791,12,1575,2,9000,1.00761904762
599215,599233,600768,18,1535,2,9000,1.01172638436
599236,599243,600829,7,1586,2,9000,1.00441361917
599246,599252,600821,6,1569,2,9000,1.00382409178
599257,599263,600856,6,1593,2,9000,1.00376647834
599268,599274,600840,6,1566,2,9000,1.00383141762
599279,599286,600877,7,1591,2,9000,1.00439974859
599289,599300,600911,11,1611,2,9000,1.00682805711
599300,599355,600950,55,1595,2,9000,1.03448275862
599352,599362,600929,10,1567,2,9000,1.00638162093
599363,599375,600890,12,1515,2,9000,1.00792079208
599369,599390,601094,21,1704,1,7200,1.01232394366
599374,599382,600986,8,1604,2,9000,1.00498753117
599384,599407,601005,23,1598,2,9000,1.01439299124
599405,599414,600997,9,1583,2,9000,1.00568540745
599414,599421,601116,7,1695,1,7200,1.00412979351
599416,599428,601019,12,1591,2,9000,1.00754242615
599427,599435,601008,8,1573,2,9000,1.00508582327
599438,599445,600986,7,1541,2,9000,1.00454250487
599449,599455,601082,6,1627,2,9000,1.0036877689
599455,600320,601930,865,1610,1,7200,1.53726708075
599459,599483,601089,24,1606,2,9000,1.01494396015
599480,599490,601073,10,1583,2,9000,1.00631711939
599491,599518,601110,27,1592,2,9000,1.01695979899
599523,599538,601112,15,1574,2,9000,1.00952986023
599544,599564,601081,20,1517,2,9000,1.01318391562
599565,599667,601192,102,1525,2,9000,1.0668852459
599668,599768,601358,100,1590,2,9000,1.06289308176
599771,599795,601369,24,1574,2,9000,1.01524777637
599792,599802,601373,10,1571,2,9000,1.00636537237
599803,599809,601349,6,1540,2,9000,1.0038961039
599813,599842,601371,29,1529,2,9000,1.01896664487
599845,599857,601390,12,1533,2,9000,1.00782778865
599855,599878,601453,23,1575,2,9000,1.0146031746
599876,599962,601545,86,1583,2,9000,1.05432722678
599959,600003,601581,44,1578,2,9000,1.0278833967
600000,600066,601655,66,1589,2,9000,1.04153555695
600063,600130,601717,67,1587,2,9000,1.04221802142
600136,600145,601725,9,1580,2,9000,1.00569620253
600146,600163,601730,17,1567,2,9000,1.01084875558
600167,600187,601769,20,1582,2,9000,1.01264222503
600188,600195,601773,7,1578,2,9000,1.00443599493
600199,600209,601795,10,1586,2,9000,1.00630517024
600210,600255,601817,45,1562,2,9000,1.02880921895
600252,600296,601886,44,1590,2,9000,1.02767295597
600293,600307,601892,14,1585,2,9000,1.00883280757
600304,600314,601912,10,1598,2,9000,1.00625782228
600315,600341,601917,26,1576,2,9000,1.01649746193
600336,600348,601915,12,1567,2,9000,1.00765794512
600347,600355,601949,8,1594,2,9000,1.00501882058
600357,600364,601969,7,1605,2,9000,1.00436137072
600368,600374,601967,6,1593,2,9000,1.00376647834
600379,600385,601956,6,1571,2,9000,1.00381922342
600389,600405,601982,16,1577,2,9000,1.01014584654
600400,600412,601979,12,1567,2,9000,1.00765794512
600411,600419,602004,8,1585,2,9000,1.00504731861
600422,600437,602018,15,1581,2,9000,1.00948766603
600432,600450,602044,18,1594,2,9000,1.0112923463
600454,600465,602053,11,1588,2,9000,1.00692695214
600465,600637,602219,172,1582,2,9000,1.10872313527
600640,600647,602251,7,1604,2,9000,1.00436408978
600650,600677,602270,27,1593,2,9000,1.01694915254
600682,600689,602272,7,1583,2,9000,1.00442198358
600692,600722,602326,30,1604,2,9000,1.0187032419
600723,600779,602361,56,1582,2,9000,1.03539823009
600775,600786,602387,11,1601,2,9000,1.00687070581
600786,600803,602389,17,1586,2,9000,1.01071878941
600807,600813,602399,6,1586,2,9000,1.00378310214
600818,600833,602414,15,1581,2,9000,1.00948766603
600829,600841,602434,12,1593,2,9000,1.00753295669
600839,600853,602433,14,1580,2,9000,1.00886075949
600850,600868,602469,18,1601,2,9000,1.01124297314
600871,600889,602487,18,1598,2,9000,1.0112640801
600892,600902,602490,10,1588,2,9000,1.00629722922
600903,600923,602483,20,1560,2,9000,1.01282051282
600924,600942,602528,18,1586,2,9000,1.01134930643
600945,600962,602538,17,1576,2,9000,1.01078680203
600966,600998,602576,32,1578,2,9000,1.02027883397
600998,601004,602598,6,1594,2,9000,1.00376411543
601008,601015,602605,7,1590,2,9000,1.00440251572
601019,601026,602628,7,1602,2,9000,1.00436953808
601030,601037,602638,7,1601,2,9000,1.00437226733
601041,601048,602624,7,1576,2,9000,1.00444162437
601051,601085,602684,34,1599,2,9000,1.02126328956
601083,601094,602675,11,1581,2,9000,1.00695762176
601094,601101,602697,7,1596,2,9000,1.00438596491
601104,601110,602679,6,1569,2,9000,1.00382409178
601115,601122,602675,7,1553,2,9000,1.00450740502
601126,601133,602755,7,1622,2,9000,1.00431565968
601137,601144,602706,7,1562,2,9000,1.00448143406
601147,601204,602752,57,1548,2,9000,1.03682170543
601209,601361,602989,152,1628,2,9000,1.09336609337
601364,601370,603007,6,1637,2,9000,1.0036652413
601375,601382,603003,7,1621,2,9000,1.00431832202
601385,601392,603033,7,1641,2,9000,1.00426569165
601396,601403,603033,7,1630,2,9000,1.00429447853
601407,601414,603033,7,1619,2,9000,1.00432365658
601418,601465,603132,47,1667,2,9000,1.02819436113
601469,601558,603218,89,1660,2,9000,1.05361445783
601563,601593,603273,30,1680,2,9000,1.01785714286
601594,601667,603340,73,1673,2,9000,1.04363419008
601666,601730,603358,64,1628,2,9000,1.03931203931
601728,601737,603348,9,1611,2,9000,1.00558659218
601739,601745,603377,6,1632,2,9000,1.00367647059
601742,601782,603419,40,1637,2,9000,1.02443494197
601783,601790,603397,7,1607,2,9000,1.00435594275
601794,601807,603451,13,1644,2,9000,1.00790754258
601805,601829,603473,24,1644,2,9000,1.01459854015
601826,601898,603541,72,1643,2,9000,1.04382227632
601899,601905,603548,6,1643,2,9000,1.00365185636
601909,601924,603571,15,1647,2,9000,1.00910746812
601920,601931,603582,11,1651,2,9000,1.00666262871
601926,601943,603675,17,1732,1,7200,1.00981524249
601931,601938,603610,7,1672,2,9000,1.00418660287
601941,601961,603579,20,1618,2,9000,1.01236093943
601962,601970,603649,8,1679,2,9000,1.00476474092
601973,601981,603599,8,1618,2,9000,1.00494437577
601984,601991,603640,7,1649,2,9000,1.00424499697
601995,602001,603638,6,1637,2,9000,1.0036652413
601997,602009,603639,12,1630,1,7200,1.00736196319
602006,602016,603638,10,1622,2,9000,1.00616522811
602016,602022,603658,6,1636,2,9000,1.00366748166
602027,602033,603676,6,1643,2,9000,1.00365185636
602038,602057,603699,19,1642,2,9000,1.01157125457
602059,602067,603732,8,1665,2,9000,1.0048048048
602070,602232,603887,162,1655,2,9000,1.09788519637
602072,602508,604105,436,1597,1,7200,1.27301189731
602200,602545,602547,345,2,1,240,34.7
602236,602264,603934,28,1670,2,9000,1.01676646707
602267,602282,603907,15,1625,2,9000,1.00923076923
602278,602289,603919,11,1630,2,9000,1.00674846626
602315,602338,603905,23,1567,2,9000,1.01467772814
602336,602373,603958,37,1585,2,9000,1.02334384858
602378,602399,603991,21,1592,2,9000,1.01319095477
602399,602406,604027,7,1621,2,9000,1.00431832202
602409,602415,604026,6,1611,2,9000,1.00372439479
602420,602427,604026,7,1599,2,9000,1.00437773609
602431,602445,604051,14,1606,2,9000,1.00871731009
602441,602452,604061,11,1609,2,9000,1.00683654444
602452,602481,604062,29,1581,2,9000,1.018342821
602483,602496,604097,13,1601,2,9000,1.00811992505
602494,602503,604094,9,1591,2,9000,1.00565681961
602505,602540,604142,35,1602,2,9000,1.02184769039
602536,602552,604140,16,1588,2,9000,1.01007556675
602547,602588,604179,41,1591,2,9000,1.025769956
602589,602611,604209,22,1598,2,9000,1.01376720901
602610,602618,604205,8,1587,2,9000,1.00504095778
602621,602636,604225,15,1589,2,9000,1.00943989931
602631,602643,604258,12,1615,2,9000,1.00743034056
602642,602649,604248,7,1599,2,9000,1.00437773609
602653,602687,604304,34,1617,2,9000,1.02102659246
602684,602694,604296,10,1602,2,9000,1.00624219725
602695,602703,604286,8,1583,2,9000,1.00505369551
602706,602713,604321,7,1608,2,9000,1.00435323383
602716,602724,604316,8,1592,2,9000,1.00502512563
602727,602733,604331,6,1598,2,9000,1.00375469337
602738,602764,604360,26,1596,2,9000,1.01629072682
602769,602775,604364,6,1589,2,9000,1.00377595972
602780,603002,604586,222,1584,2,9000,1.14015151515
603006,603016,604631,10,1615,2,9000,1.00619195046
603017,603025,604605,8,1580,2,9000,1.00506329114
603028,603044,604623,16,1579,2,9000,1.01013299557
603049,603057,604683,8,1626,2,9000,1.0049200492
603060,603067,604654,7,1587,2,9000,1.00441083806
603071,603144,604749,73,1605,2,9000,1.04548286604
603143,603230,604829,87,1599,2,9000,1.05440900563
603226,603285,604890,59,1605,2,9000,1.03676012461
603289,603352,604950,63,1598,2,9000,1.03942428035
603351,603361,604943,10,1582,2,9000,1.00632111252
603362,603371,604995,9,1624,2,9000,1.00554187192
603373,603389,604979,16,1590,2,9000,1.01006289308
603394,603410,604999,16,1589,2,9000,1.01006922593
603415,603431,605019,16,1588,2,9000,1.01007556675
603436,603464,605057,28,1593,2,9000,1.01757689893
603467,603485,605070,18,1585,2,9000,1.01135646688
603490,603553,605136,63,1583,2,9000,1.03979785218
603552,603560,605146,8,1586,2,9000,1.00504413619
603563,603583,605175,20,1592,2,9000,1.01256281407
603584,603590,605174,6,1584,2,9000,1.00378787879
603594,603602,605205,8,1603,2,9000,1.00499064255
603605,603613,605201,8,1588,2,9000,1.00503778338
603616,603624,605223,8,1599,2,9000,1.00500312695
603627,603650,605246,23,1596,2,9000,1.01441102757
603648,603657,605252,9,1595,2,9000,1.00564263323
603659,603666,605235,7,1569,2,9000,1.00446144041
603670,603677,605272,7,1595,2,9000,1.00438871473
603680,603687,605271,7,1584,2,9000,1.00441919192
603691,603698,605272,7,1574,2,9000,1.00444726811
603702,603709,605296,7,1587,2,9000,1.00441083806
603713,603720,605301,7,1581,2,9000,1.00442757748
603723,603744,605329,21,1585,2,9000,1.01324921136
603744,603883,605472,139,1589,2,9000,1.08747640025
603830,603841,605551,11,1710,1,7200,1.00643274854
603878,603889,605497,11,1608,2,9000,1.00684079602
603889,603899,605486,10,1587,2,9000,1.00630119723
603900,603917,605490,17,1573,2,9000,1.01080737444
603912,603924,605488,12,1564,1,7200,1.00767263427
603921,603930,605515,9,1585,2,9000,1.00567823344
603931,603946,605547,15,1601,2,9000,1.00936914428
603942,603970,605564,28,1594,2,9000,1.01756587202
603973,604003,605570,30,1567,2,9000,1.0191448628
604005,604038,605615,33,1577,2,9000,1.0209258085
604036,604044,605624,8,1580,2,9000,1.00506329114
604047,604054,605639,7,1585,2,9000,1.00441640379
604057,604065,605674,8,1609,2,9000,1.00497203232
604061,604117,618597,56,14480,4,172800,1.00386740331
604068,604074,605678,6,1604,2,9000,1.00374064838
604079,604086,605671,7,1585,2,9000,1.00441640379
604090,604107,605687,17,1580,2,9000,1.01075949367
604111,604152,605747,41,1595,2,9000,1.02570532915
604152,604159,605769,7,1610,2,9000,1.00434782609
604163,604191,605795,28,1604,2,9000,1.0174563591
604194,604217,605813,23,1596,2,9000,1.01441102757
604215,604224,605813,9,1589,2,9000,1.00566393958
604226,604237,605831,11,1594,2,9000,1.00690087829
604238,604260,605859,22,1599,2,9000,1.01375859912
604260,604271,605885,11,1614,2,9000,1.00681536555
604270,604298,605893,28,1595,2,9000,1.01755485893
604296,604317,605899,21,1582,1,7200,1.01327433628
604301,604308,605899,7,1591,2,9000,1.00439974859
604312,604328,605901,16,1573,2,9000,1.01017164654
604333,604339,605938,6,1599,2,9000,1.00375234522
604344,604350,605946,6,1596,2,9000,1.0037593985
604355,604372,605973,17,1601,2,9000,1.01061836352
604376,604383,605972,7,1589,2,9000,1.00440528634
604386,604598,606179,212,1581,2,9000,1.13409234662
604401,625568,661610,21167,36042,64,36000,1.58728705399
604602,604617,606187,15,1570,2,9000,1.00955414013
604613,604635,606229,22,1594,2,9000,1.01380175659
604634,604644,606209,10,1565,2,9000,1.00638977636
604645,604666,606262,21,1596,2,9000,1.01315789474
604666,604695,606267,29,1572,2,9000,1.01844783715
604671,604677,605008,6,331,1,1800,1.01812688822
604672,605825,606228,1153,403,4,1800,3.86104218362
604672,605220,605489,548,269,1,1800,3.03717472119
604672,605505,605872,833,367,4,1800,3.26975476839
604672,605021,605405,349,384,1,1800,1.90885416667
604673,612849,613246,8176,397,16,1800,21.5944584383
604673,612432,612938,7759,506,16,1800,16.3339920949
604673,612427,612836,7754,409,16,1800,19.9584352078
604673,605905,606271,1232,366,4,1800,4.36612021858
604674,628877,629543,24203,666,64,1800,37.3408408408
604674,629555,630028,24881,473,64,1800,53.6025369979
604674,628296,628865,23622,569,64,1800,42.5149384886
604697,604761,606318,64,1557,2,9000,1.0411046885
604759,604841,606419,82,1578,2,9000,1.05196451204
