SubmitTime,StartTime,EndTime,QueuedTime,RunTime,NodesRequested,walltime,bslowdown
26,33,219,7,186,1,3540,1.0376344086
94,101,236,7,135,1,3540,1.05185185185
460,2236,3756,1776,1520,5,14400,2.16842105263
1938,2477,3845,539,1368,5,14400,1.39400584795
2237,2817,4290,580,1473,5,14400,1.39375424304
2473,6154,7706,3681,1552,5,14400,3.37177835052
2823,3121,4556,298,1435,5,14400,1.20766550523
3121,3437,5008,316,1571,5,14400,1.20114576703
3440,3767,5167,327,1400,5,14400,1.23357142857
3769,3856,5281,87,1425,5,14400,1.06105263158
3862,4301,5776,439,1475,5,14400,1.29762711864
4304,4567,5964,263,1397,5,14400,1.18826055834
4572,5019,6500,447,1481,5,14400,1.30182309251
5024,5178,6541,154,1363,5,14400,1.11298606016
5179,5292,6720,113,1428,5,14400,1.07913165266
5292,5787,7219,495,1432,5,14400,1.34567039106
5786,5975,7364,189,1389,5,14400,1.13606911447
5971,6512,7992,541,1480,5,14400,1.36554054054
6156,6552,7975,396,1423,5,14400,1.27828531272
6516,6731,8182,215,1451,5,14400,1.14817367333
6557,7230,8664,673,1434,5,14400,1.46931659693
6732,7375,8795,643,1420,5,14400,1.45281690141
7236,7717,9160,481,1443,5,14400,1.33333333333
7380,8003,9460,623,1457,5,14400,1.42759094029
7719,7986,9417,267,1431,5,14400,1.18658280922
7986,8193,9606,207,1413,5,14400,1.14649681529
8007,8675,10217,668,1542,5,14400,1.43320363165
8193,8806,10229,613,1423,5,14400,1.43078004216
8633,8641,12248,8,3607,1,3600,1.00221790962
8675,9171,10654,496,1483,5,14400,1.33445718139
8809,9428,10863,619,1435,5,14400,1.43135888502
9169,9471,10904,302,1433,5,14400,1.21074668528
9426,9617,11057,191,1440,5,14400,1.13263888889
9467,10228,11694,761,1466,5,14400,1.51909959072
9622,10240,11669,618,1429,5,14400,1.43247025892
10228,10665,12182,437,1517,5,14400,1.28806855636
10238,10874,12356,636,1482,5,14400,1.42914979757
10670,10915,12422,245,1507,5,14400,1.16257465163
10876,11068,12486,192,1418,5,14400,1.13540197461
10917,11706,13125,789,1419,5,14400,1.55602536998
11072,11681,13154,609,1473,5,14400,1.41344195519
11678,12193,13560,515,1367,5,14400,1.37673738113
11709,12373,13867,664,1494,5,14400,1.44444444444
12192,12200,12209,8,9,1,1800,1.7
12192,12434,14010,242,1576,5,14400,1.15355329949
12243,38814,65259,26571,26445,24,32400,2.00476460579
12360,12366,12440,6,74,1,1800,1.08108108108
12366,12379,12489,13,110,1,3600,1.11818181818
12377,12498,13972,121,1474,5,14400,1.08208955224
12439,13166,14622,727,1456,5,14400,1.49931318681
12501,13136,14679,635,1543,5,14400,1.41153596889
12630,12637,12893,7,256,1,3600,1.02734375
12664,12670,12760,6,90,1,1800,1.06666666667
13138,13571,15018,433,1447,5,14400,1.2992398065
13148,13154,13725,6,571,1,3600,1.01050788091
13169,13878,15275,709,1397,5,14400,1.50751610594
13234,13240,13616,6,376,1,1800,1.01595744681
13570,14021,15495,451,1474,5,14400,1.30597014925
13879,13983,15427,104,1444,5,14400,1.07202216066
13982,14690,16245,708,1555,5,14400,1.45530546624
14023,14633,16045,610,1412,5,14400,1.43201133144
14269,14276,14282,7,6,1,3600,1.3
14282,14292,14298,10,6,1,1800,1.6
14399,14406,14484,7,78,1,3600,1.08974358974
14450,14456,14496,6,40,1,1800,1.15
14632,14640,14875,8,235,1,3600,1.03404255319
14639,15029,16455,390,1426,5,14400,1.27349228612
14691,15287,16730,596,1443,5,14400,1.41302841303
14728,14734,14809,6,75,1,1800,1.08
15030,15441,16875,411,1434,5,14400,1.28661087866
15188,15194,15652,6,458,1,3600,1.01310043668
15287,15506,16948,219,1442,5,14400,1.15187239945
15427,15434,15684,7,250,1,1800,1.028
15442,16056,17492,614,1436,5,14400,1.42757660167
15504,16257,17817,753,1560,5,14400,1.48269230769
16058,16467,17969,409,1502,5,14400,1.27230359521
16254,16741,18261,487,1520,5,14400,1.32039473684
16470,16887,18454,417,1567,5,14400,1.26611359285
16737,16960,18329,223,1369,5,14400,1.16289262235
16891,17503,18926,612,1423,5,14400,1.43007730148
16964,17828,19277,864,1449,5,14400,1.59627329193
17508,17980,19574,472,1594,5,14400,1.29611041405
17826,18272,19760,446,1488,5,14400,1.2997311828
17980,18465,19890,485,1425,5,14400,1.34035087719
18268,18341,19814,73,1473,5,14400,1.04955872369
18341,18937,20388,596,1451,5,14400,1.41075120606
18464,19288,20770,824,1482,5,14400,1.55600539811
18937,19585,21035,648,1450,5,14400,1.44689655172
19286,19771,21273,485,1502,5,14400,1.32290279627
19584,19825,21248,241,1423,5,14400,1.16936050597
19770,19903,21354,133,1451,5,14400,1.0916609235
19822,20399,21841,577,1442,5,14400,1.40013869626
19905,20781,22215,876,1434,5,14400,1.61087866109
20398,21047,22628,649,1581,5,14400,1.41049968374
20778,21284,22642,506,1358,5,14400,1.37260677467
21046,21259,22787,213,1528,5,14400,1.13939790576
21262,21365,22899,103,1534,5,14400,1.06714471969
21283,21852,23363,569,1511,5,14400,1.37657180675
21365,22226,23748,861,1522,5,14400,1.56570302234
21858,22639,24097,781,1458,5,14400,1.53566529492
22228,22798,24248,570,1450,5,14400,1.39310344828
22638,22653,24096,15,1443,5,14400,1.0103950104
22649,22910,24377,261,1467,5,14400,1.17791411043
22804,23374,24872,570,1498,5,14400,1.38050734312
22907,23759,25219,852,1460,5,14400,1.58356164384
23379,24114,25552,735,1438,5,14400,1.51112656467
23759,24107,25563,348,1456,5,14400,1.23901098901
24109,24259,25739,150,1480,5,14400,1.10135135135
24120,24389,25829,269,1440,5,14400,1.18680555556
24264,24884,26321,620,1437,5,14400,1.43145441893
24387,25230,26692,843,1462,5,14400,1.57660738714
24880,25574,27021,694,1447,5,14400,1.4796129924
25230,25563,27073,333,1510,5,14400,1.22052980132
25569,25750,27269,181,1519,5,14400,1.11915734036
25580,25840,27290,260,1450,5,14400,1.17931034483
25755,26332,27841,577,1509,5,14400,1.38237243207
25846,26703,39736,857,13033,5,16200,1.06575615745
26328,27084,39322,756,12238,5,16200,1.0617747998
26708,27033,39814,325,12781,5,16200,1.02542837024
27037,27280,40463,243,13183,5,16200,1.01843283016
27089,27301,40306,212,13005,5,16200,1.01630142253
27284,27853,37033,569,9180,5,16200,1.06198257081
27305,37044,50495,9739,13451,5,16200,1.7240353877
27849,39334,47147,11485,7813,5,16200,2.4699859209
33834,999101,1003719,965267,4618,6,604800,210.022737116
34442,34448,53251,6,18803,20,86399,1.00031909802
34516,34522,45345,6,10823,20,10799,1.00055437494
35763,999113,1003721,963350,4608,6,604800,210.060329861
37045,39747,49404,2702,9657,5,16200,1.27979703842
38816,65265,91718,26449,26453,24,32400,1.99984878842
39332,39825,54579,493,14754,5,16200,1.03341466721
39743,40474,49340,731,8866,5,16200,1.08244980826
39826,40318,48415,492,8097,5,16200,1.06076324565
40017,40024,73421,7,33397,32,108000,1.00020959966
40318,48427,64130,8109,15703,5,16200,1.51639814048
40473,47159,55959,6686,8800,5,16200,1.75977272727
42922,42929,65388,7,22459,24,36000,1.00031167906
47158,49352,60490,2194,11138,5,16200,1.19698330041
48430,50506,60625,2076,10119,5,16200,1.20515861251
49354,49415,57066,61,7651,5,16200,1.00797281401
49416,54590,64688,5174,10098,5,16200,1.51237868885
50504,55971,65484,5467,9513,5,16200,1.57468727005
54586,57077,72606,2491,15529,5,16200,1.16040955631
55971,64142,75909,8171,11767,5,16200,1.69439959208
57079,60501,71001,3422,10500,5,16200,1.3259047619
57520,57527,77896,7,20369,20,86399,1.00034365948
57660,57666,58680,6,1014,20,10799,1.00591715976
57953,57959,69570,6,11611,20,86399,1.00051675136
57986,57992,77352,6,19360,20,86399,1.00030991736
58047,58053,70965,6,12912,20,86399,1.00046468401
58112,58118,64587,6,6469,15,82799,1.00092750039
58212,58691,69492,479,10801,20,10799,1.04434774558
60505,60636,73670,131,13034,5,16200,1.0100506368
60639,64699,76446,4060,11747,5,16200,1.34562015834
64146,65496,79546,1350,14050,5,16200,1.09608540925
64701,72617,87155,7916,14538,5,16200,1.54450405833
65269,91727,124175,26458,32448,24,32400,1.8153969428
65501,71012,78621,5511,7609,5,16200,1.72427388619
71018,73682,85672,2664,11990,5,16200,1.2221851543
72618,75920,87212,3302,11292,5,16200,1.29241941197
73685,76458,84509,2773,8051,5,16200,1.34442926345
74943,74949,77124,6,2175,4,18000,1.00275862069
75854,75860,183883,6,108023,16,108000,1.00005554373
75922,79558,87155,3636,7597,5,16200,1.47860997762
76272,76278,77070,6,792,24,36000,1.00757575758
76382,76388,76398,6,10,1,3600,1.6
76456,78632,88453,2176,9821,5,16200,1.22156603197
76459,76465,76547,6,82,1,3600,1.07317073171
76940,76946,83279,6,6333,20,10799,1.00094741829
78638,84521,94549,5883,10028,5,16200,1.58665735939
79561,87166,95205,7605,8039,5,16200,1.94601318572
83635,83642,83643,7,1,1,7200,1.0
83636,83647,83698,11,51,1,7200,1.21568627451
83636,83659,83908,23,249,1,7200,1.09236947791
83637,83664,83760,27,96,1,7200,1.28125
83637,83670,83682,33,12,1,7200,3.75
83637,83675,83676,38,1,1,7200,3.9
83638,83697,90926,59,7229,1,7200,1.00816157145
83638,83681,84041,43,360,1,7200,1.11944444444
83638,83692,85588,54,1896,1,7200,1.02848101266
83638,83686,84287,48,601,1,7200,1.07986688852
83639,83714,83715,75,1,1,7200,7.6
83639,83720,83722,81,2,1,7200,8.3
83639,83709,85958,70,2249,1,7200,1.03112494442
83639,83703,83704,64,1,1,7200,6.5
83640,83767,83774,127,7,1,7200,13.4
83640,83725,87759,85,4034,1,7200,1.02107089737
83641,83778,83780,137,2,1,7200,13.9
83641,83785,83787,144,2,1,7200,14.6
83641,83796,91034,155,7238,1,7200,1.02141475546
83642,83801,85017,159,1216,1,7200,1.13075657895
83642,83809,83811,167,2,1,7200,16.9
83643,83814,84924,171,1110,1,7200,1.15405405405
83643,83819,83850,176,31,1,7200,6.67741935484
83643,83830,83831,187,1,1,7200,18.8
83643,83825,83838,182,13,1,7200,15.0
83644,83844,84221,200,377,1,7200,1.53050397878
83644,83837,83839,193,2,1,7200,19.5
83644,83856,84697,212,841,1,7200,1.25208085612
83645,83868,83870,223,2,1,7200,22.5
83646,83882,83984,236,102,1,7200,3.3137254902
83646,83889,83890,243,1,1,7200,24.4
83646,83902,84200,256,298,1,7200,1.85906040268
83646,83920,85892,274,1972,1,7200,1.13894523327
83647,83996,84009,349,13,1,7200,27.8461538462
83647,84021,84022,374,1,1,7200,37.5
83648,84053,85357,405,1304,1,7200,1.31058282209
83649,84233,84696,584,463,1,7200,2.26133909287
83649,84213,84214,564,1,1,7200,56.5
83649,84073,85191,424,1118,1,7200,1.37924865832
83651,84299,84312,648,13,1,7200,50.8461538462
83652,84304,84306,652,2,1,7200,65.4
83652,84317,84318,665,1,1,7200,66.6
83652,84325,86435,673,2110,1,7200,1.31895734597
83653,83738,83759,85,21,1,7200,5.04761904762
83653,83749,84568,96,819,1,7200,1.11721611722
83653,83732,83750,79,18,1,7200,5.38888888889
83653,83743,83745,90,2,1,7200,9.2
83654,83754,83790,100,36,1,7200,3.77777777778
83655,84386,91618,731,7232,1,7200,1.10107853982
83655,84345,84359,690,14,1,7200,50.2857142857
83655,84372,84374,717,2,1,7200,71.9
83656,84580,85154,924,574,1,7200,2.60975609756
83656,84715,91926,1059,7211,1,7200,1.14685896547
83656,84708,84885,1052,177,1,7200,6.94350282486
83657,84897,92102,1240,7205,1,7200,1.17210270645
83657,84937,84940,1280,3,1,7200,128.3
83657,85029,85075,1372,46,1,7200,30.8260869565
83657,84952,86333,1295,1381,1,7200,1.9377262853
83658,85087,85335,1429,248,1,7200,6.76209677419
83658,85166,85167,1508,1,1,7200,150.9
83659,85191,85307,1532,116,1,7200,14.2068965517
83659,85217,85291,1558,74,1,7200,22.0540540541
83659,85203,85205,1544,2,1,7200,154.6
83660,85322,87576,1662,2254,1,7200,1.73735581189
83661,85348,85350,1687,2,1,7200,168.9
83662,85368,85369,1706,1,1,7200,170.7
83662,85362,85692,1700,330,1,7200,6.15151515152
83663,85374,85376,1711,2,1,7200,171.3
83663,85388,86116,1725,728,1,7200,3.36950549451
83665,85484,85573,1819,89,1,7200,21.4382022472
83665,85457,85459,1792,2,1,7200,179.4
83666,85585,85658,1919,73,1,7200,27.2876712329
83666,85678,86369,2012,691,1,7200,3.91172214182
83666,85601,86944,1935,1343,1,7200,2.44080416977
83667,85704,85732,2037,28,1,7200,73.75
83667,85847,85849,2180,2,1,7200,218.2
83667,85746,85834,2079,88,1,7200,24.625
83668,85861,85940,2193,79,1,7200,28.7594936709
83668,85904,86653,2236,749,1,7200,3.98531375167
83669,85972,86071,2303,99,1,7200,24.2626262626
83670,86021,86174,2351,153,1,7200,16.3660130719
83670,86084,86222,2414,138,1,7200,18.4927536232
83671,86142,86160,2471,18,1,7200,138.277777778
83671,86128,86129,2457,1,1,7200,245.8
83671,86172,86173,2501,1,1,7200,250.2
83672,86191,86192,2519,1,1,7200,252.0
83672,86186,86360,2514,174,1,7200,15.4482758621
83673,86237,86238,2564,1,1,7200,256.5
83673,86230,89367,2557,3137,1,7200,1.81510997769
83676,86346,86348,2670,2,1,7200,267.2
83677,86379,86490,2702,111,1,7200,25.3423423423
83678,86391,86557,2713,166,1,7200,17.343373494
83678,86397,86534,2719,137,1,7200,20.8467153285
83678,86404,86501,2726,97,1,7200,29.1030927835
83679,86493,86998,2814,505,1,7200,6.57227722772
83679,86467,86481,2788,14,1,7200,200.142857143
83679,86447,86455,2768,8,1,7200,277.6
83680,86513,86707,2833,194,1,7200,15.6030927835
83680,86546,86782,2866,236,1,7200,13.1440677966
83680,86503,86938,2823,435,1,7200,7.48965517241
83680,86569,87637,2889,1068,1,7200,3.70505617978
83681,86736,86826,3055,90,1,7200,34.9444444444
83681,86665,86759,2984,94,1,7200,32.7446808511
83681,86720,86724,3039,4,1,7200,304.3
83682,86804,87002,3122,198,1,7200,16.7676767677
83682,86771,86792,3089,21,1,7200,148.095238095
83682,86795,86851,3113,56,1,7200,56.5892857143
83683,86866,94087,3183,7221,1,7200,1.44079767345
83683,86838,86847,3155,9,1,7200,316.4
83683,86907,87304,3224,397,1,7200,9.12090680101
83683,86859,86895,3176,36,1,7200,89.2222222222
83684,86950,94154,3266,7204,1,7200,1.45335924486
83684,87010,90671,3326,3661,1,7200,1.90849494674
83684,86957,89144,3273,2187,1,7200,2.49657064472
83685,87096,87511,3411,415,1,7200,9.21927710843
83685,87316,88054,3631,738,1,7200,5.92005420054
83685,87017,87084,3332,67,1,7200,50.7313432836
83686,87524,88255,3838,731,1,7200,6.25034199726
83686,87588,93327,3902,5739,1,7200,1.67990939188
83686,87650,88080,3964,430,1,7200,10.2186046512
83687,88066,88283,4379,217,1,7200,21.1797235023
83687,88092,88093,4405,1,1,7200,440.6
83687,87772,88621,4085,849,1,7200,5.81154299176
83689,88295,89020,4606,725,1,7200,7.35310344828
83689,88154,91435,4465,3281,1,7200,2.36086558976
83689,88268,95514,4579,7246,1,7200,1.63193486061
83689,88634,88900,4945,266,1,7200,19.5902255639
83690,88934,88964,5244,30,1,7200,175.8
83690,88913,88922,5223,9,1,7200,523.2
83690,88977,89280,5287,303,1,7200,18.4488448845
83691,89156,89333,5465,177,1,7200,31.8757062147
83691,89033,89038,5342,5,1,7200,534.7
83691,89051,89343,5360,292,1,7200,19.3561643836
83692,89346,89410,5654,64,1,7200,89.34375
83692,89355,96561,5663,7206,1,7200,1.78587288371
83692,89292,89793,5600,501,1,7200,12.1776447106
83693,89379,89380,5686,1,1,7200,568.7
83694,89443,89521,5749,78,1,7200,74.7051282051
83694,89424,96658,5730,7234,1,7200,1.79209289466
83697,89618,89697,5921,79,1,7200,75.9493670886
83700,89810,90029,6110,219,1,7200,28.899543379
83706,90042,90077,6336,35,1,7200,182.028571429
83708,90092,94321,6384,4229,1,7200,2.50957673209
83723,90683,90859,6960,176,1,7200,40.5454545455
83728,90877,90927,7149,50,1,7200,143.98
83730,90939,91026,7209,87,1,7200,83.8620689655
83730,90944,91044,7214,100,1,7200,73.14
83733,91049,91059,7316,10,1,7200,732.6
83733,91042,91083,7309,41,1,7200,179.268292683
83734,91061,91077,7327,16,1,7200,458.9375
83734,91075,91406,7341,331,1,7200,23.1782477341
83735,91089,91211,7354,122,1,7200,61.2786885246
83735,91096,91972,7361,876,1,7200,9.40296803653
83739,91229,91298,7490,69,1,7200,109.550724638
83741,91315,91338,7574,23,1,7200,330.304347826
83743,91353,92127,7610,774,1,7200,10.8320413437
83745,91419,91454,7674,35,1,7200,220.257142857
83746,91448,91451,7702,3,1,7200,770.5
83746,91463,91464,7717,1,1,7200,771.8
83746,91470,91472,7724,2,1,7200,772.6
83747,91482,91483,7735,1,1,7200,773.6
83747,91489,91490,7742,1,1,7200,774.3
83748,91501,93714,7753,2213,1,7200,4.50338906462
83748,91508,91509,7760,1,1,7200,776.1
83749,91521,91522,7772,1,1,7200,777.3
83750,91535,91585,7785,50,1,7200,156.7
83751,91597,91599,7846,2,1,7200,784.8
83752,91611,91612,7859,1,1,7200,786.0
83753,91625,91626,7872,1,1,7200,787.3
83753,91632,91709,7879,77,1,7200,103.324675325
83753,91644,91925,7891,281,1,7200,29.0818505338
83756,91737,91747,7981,10,1,7200,799.1
83756,91744,91746,7988,2,1,7200,799.0
83756,91721,91726,7965,5,1,7200,797.0
83757,91830,91833,8073,3,1,7200,807.6
83757,91758,92287,8001,529,1,7200,16.1247637051
83757,91845,91862,8088,17,1,7200,476.764705882
83757,91765,91818,8008,53,1,7200,152.094339623
83758,91874,91876,8116,2,1,7200,811.8
83758,91888,91895,8130,7,1,7200,813.7
83758,91937,91939,8179,2,1,7200,818.1
83758,91907,99136,8149,7229,1,7200,2.12726518191
83759,91944,91955,8185,11,1,7200,745.090909091
83759,91951,91967,8192,16,1,7200,513.0
83759,91967,91968,8208,1,1,7200,820.9
83760,91980,91987,8220,7,1,7200,822.7
83760,91993,91995,8233,2,1,7200,823.5
83760,91985,92505,8225,520,1,7200,16.8173076923
83761,92007,92011,8246,4,1,7200,825.0
83761,92023,92024,8262,1,1,7200,826.3
83761,92000,92028,8239,28,1,7200,295.25
83761,92036,92226,8275,190,1,7200,44.5526315789
83762,92057,92065,8295,8,1,7200,830.3
83762,92043,92044,8281,1,1,7200,828.2
83763,92114,92186,8351,72,1,7200,116.986111111
83763,92119,92120,8356,1,1,7200,835.7
83763,92078,92102,8315,24,1,7200,347.458333333
83764,92155,92156,8391,1,1,7200,839.2
83764,92140,92143,8376,3,1,7200,837.9
83765,92169,92170,8404,1,1,7200,840.5
83766,92183,92184,8417,1,1,7200,841.8
83766,92197,94815,8431,2618,1,7200,4.22039724981
83766,92204,92359,8438,155,1,7200,55.4387096774
83768,92241,92244,8473,3,1,7200,847.6
83768,92257,92339,8489,82,1,7200,104.524390244
83769,92299,92301,8530,2,1,7200,853.2
83770,92327,92328,8557,1,1,7200,855.8
83770,92313,92315,8543,2,1,7200,854.5
83771,92341,92349,8570,8,1,7200,857.8
83772,92367,92368,8595,1,1,7200,859.6
83772,92355,92371,8583,16,1,7200,537.4375
83772,92362,92397,8590,35,1,7200,246.428571429
83773,92388,92399,8615,11,1,7200,784.181818182
83773,92374,92377,8601,3,1,7200,860.4
83774,92416,92431,8642,15,1,7200,577.133333333
83774,92400,92401,8626,1,1,7200,862.7
83774,92395,92472,8621,77,1,7200,112.961038961
83774,92409,92431,8635,22,1,7200,393.5
83775,92442,92444,8667,2,1,7200,866.9
83776,92462,92465,8686,3,1,7200,868.9
83777,92487,92523,8710,36,1,7200,242.944444444
83777,92482,92483,8705,1,1,7200,870.6
83778,92506,92507,8728,1,1,7200,872.9
83779,92526,93734,8747,1208,1,7200,8.24089403974
83780,92537,93263,8757,726,1,7200,13.0619834711
83781,92549,92910,8768,361,1,7200,25.2880886427
83787,92687,92688,8900,1,1,7200,890.1
83798,92931,93139,9133,208,1,7200,44.9086538462
83808,93154,93173,9346,19,1,7200,492.894736842
83808,93187,100409,9379,7222,1,7200,2.29867072833
83810,93192,93193,9382,1,1,7200,938.3
83813,93276,100479,9463,7203,1,7200,2.31375815632
83814,93281,93282,9467,1,1,7200,946.8
83817,93350,93557,9533,207,1,7200,47.0531400966
84527,85685,96151,1158,10466,5,16200,1.11064399006
85013,85019,85331,6,312,1,3540,1.01923076923
85483,85490,87594,7,2104,1,3540,1.0033269962
85563,85569,85756,6,187,1,3540,1.0320855615
85612,85618,85892,6,274,1,3540,1.02189781022
85661,85671,85963,10,292,1,3540,1.03424657534
85689,87171,95042,1482,7871,5,16200,1.18828611358
85732,85738,85981,6,243,1,3540,1.02469135802
85783,85789,86091,6,302,1,3540,1.01986754967
85833,85839,86345,6,506,1,3540,1.01185770751
85882,85888,86421,6,533,1,3540,1.01125703565
85931,85937,86438,6,501,1,3540,1.0119760479
85982,85988,86510,6,522,1,3540,1.01149425287
86059,86065,86626,6,561,1,3540,1.01069518717
86263,86269,86540,6,271,1,3540,1.0221402214
86523,86529,86714,6,185,1,3540,1.03243243243
86594,86601,86730,7,129,1,3540,1.05426356589
87171,87224,102652,53,15428,5,16200,1.00343531242
87172,88465,99679,1293,11214,5,16200,1.1153023007
87225,94560,109558,7335,14998,5,16200,1.48906520869
88463,95053,102842,6590,7789,5,16200,1.84606496341
94556,96163,103936,1607,7773,5,16200,1.20674128393
95025,95031,95039,6,8,1,3600,1.4
95049,95216,108490,167,13274,5,16200,1.01258098538
95155,95162,95273,7,111,1,3600,1.06306306306
95161,103231,132063,8070,28832,16,28800,1.27989733629
95162,160896,189723,65734,28827,16,28800,3.28029278107
95162,132069,160878,36907,28809,16,28800,2.28109271408
95163,189729,189750,94566,21,16,28800,4504.14285714
95164,189756,218597,94592,28841,16,28800,4.27977531986
95165,218636,247440,123471,28804,16,28800,5.28659213998
95166,295811,324625,200645,28814,16,28800,7.9634552648
95166,264065,292912,168899,28847,16,28800,6.85499358685
95167,330870,359847,235703,28977,16,28800,9.13414087035
95168,359853,360203,264685,350,16,28800,757.242857143
95214,102663,110634,7449,7971,5,16200,1.9345126082
95407,95413,95666,6,253,1,3600,1.02371541502
95913,95920,96495,7,575,1,3600,1.01217391304
96168,99691,107369,3523,7678,5,16200,1.45884344881
97034,97040,97047,6,7,1,3600,1.3
97164,97170,97248,6,78,1,3600,1.07692307692
97386,97392,97629,6,237,1,3600,1.0253164557
97931,97937,98398,6,461,1,3600,1.01301518438
98589,98595,98603,6,8,1,1800,1.4
98754,98760,98832,6,72,1,1800,1.08333333333
99046,99053,99143,7,90,1,1800,1.07777777778
99598,99604,99977,6,373,1,1800,1.01608579088
99696,103947,118649,4251,14702,5,16200,1.2891443341
100602,100609,100615,7,6,1,1800,1.3
100771,100778,100815,7,37,1,1800,1.18918918919
101036,101042,101116,6,74,1,1800,1.08108108108
101715,101721,101969,6,248,1,1800,1.02419354839
102660,102853,113239,193,10386,5,16200,1.01858270749
102855,107380,120041,4525,12661,5,16200,1.35739673012
103503,103509,104174,6,665,16,14400,1.00902255639
103953,109570,120023,5617,10453,5,16200,1.53735769636
107378,108501,120610,1123,12109,5,16200,1.09274093649
108506,110649,118387,2143,7738,5,16200,1.27694494701
109573,113250,123035,3677,9785,5,16200,1.37577925396
110650,118398,128068,7748,9670,5,16200,1.8012409514
113247,118661,129752,5414,11091,5,16200,1.48814353981
118401,120034,127421,1633,7387,5,16200,1.22106403141
118634,118640,224472,6,105832,1,172800,1.00005669363
118658,120052,131052,1394,11000,5,16200,1.12672727273
120031,120622,131000,591,10378,5,16200,1.05694738871
120053,123046,135550,2993,12504,5,16200,1.23936340371
120627,127432,142760,6805,15328,5,16200,1.44395876827
121714,121720,138628,6,16908,20,86399,1.0003548616
122103,122109,132918,6,10809,20,10799,1.00055509298
122422,122428,129524,6,7096,15,21599,1.00084554679
122968,122974,138139,6,15165,20,86399,1.00039564787
123046,128079,141680,5033,13601,5,16200,1.37004632012
127170,127182,127190,12,8,8,32400,2.0
127170,127187,127193,17,6,8,32400,2.3
127170,127192,127197,22,5,8,32400,2.7
127170,127176,127189,6,13,8,32400,1.46153846154
127171,127199,127203,28,4,8,32400,3.2
127171,127205,127209,34,4,8,32400,3.8
127171,127210,127213,39,3,8,32400,4.2
127172,127215,127219,43,4,8,32400,4.7
127172,127221,127226,49,5,8,32400,5.4
127172,127226,127229,54,3,8,32400,5.7
127432,129763,141866,2331,12103,5,16200,1.19259687681
127582,127588,127590,6,2,1,2040,1.0
128078,131063,139885,2985,8822,5,16200,1.33835864883
128134,128140,128141,6,1,8,32400,1.0
128135,128151,128152,16,1,8,32400,1.7
128135,128156,128157,21,1,8,32400,2.2
128136,128189,128190,53,1,8,32400,5.4
128136,128173,128174,37,1,8,32400,3.8
128136,128184,128187,48,3,8,32400,5.1
128864,128870,128873,6,3,1,2040,1.0
129085,129091,129092,6,1,8,32400,1.0
129086,129102,129103,16,1,8,32400,1.7
129086,129119,129120,33,1,8,32400,3.4
129087,129135,129136,48,1,8,32400,4.9
129276,129287,152958,11,23671,8,32400,1.00046470365
129276,129282,161713,6,32431,8,32400,1.00018500817
129276,129293,161721,17,32428,8,32400,1.00052423831
129276,129298,161743,22,32445,8,32400,1.00067807058
129276,129304,160530,28,31226,8,32400,1.00089668866
129277,129310,161722,33,32412,8,32400,1.00101814143
129277,129315,161737,38,32422,8,32400,1.00117204367
129277,129320,161748,43,32428,8,32400,1.00132601456
129278,129326,159607,48,30281,8,32400,1.00158515241
129278,129331,161776,53,32445,8,32400,1.00163353367
129760,131012,138929,1252,7917,5,16200,1.15814070986
131015,135561,147797,4546,12236,5,16200,1.37152664269
131067,138941,150982,7874,12041,5,16200,1.65393239764
131319,131325,131376,6,51,1,3600,1.11764705882
132477,132483,324317,6,191834,18,198000,1.00003127704
133379,133385,144203,6,10818,16,36000,1.00055463117
135560,139897,148516,4337,8619,5,16200,1.50319062536
138027,138033,162761,6,24728,20,82799,1.00024263992
138702,138709,138751,7,42,20,86399,1.16666666667
138937,142781,150626,3844,7845,5,16200,1.48999362651
139089,139106,141893,17,2787,1,21600,1.00609974883
139089,139100,142130,11,3030,1,21600,1.00363036304
139089,139095,140300,6,1205,1,21600,1.00497925311
139090,139123,140100,33,977,1,21600,1.03377686796
139090,139118,142446,28,3328,1,21600,1.00841346154
139090,139112,140834,22,1722,1,21600,1.01277584204
139091,139129,140614,38,1485,1,21600,1.02558922559
139091,139140,140882,49,1742,1,21600,1.02812858783
139091,139135,140951,44,1816,1,21600,1.02422907489
139092,139151,140332,59,1181,1,21600,1.049957663
139092,139146,140803,54,1657,1,21600,1.03258901629
139092,139157,142491,65,3334,1,21600,1.01949610078
139093,139168,140285,75,1117,1,21600,1.06714413608
139093,139174,140179,81,1005,1,21600,1.08059701493
139093,139162,140083,69,921,1,21600,1.07491856678
139094,139179,140691,85,1512,1,21600,1.05621693122
139094,139190,148250,96,9060,1,21600,1.01059602649
139094,139185,145345,91,6160,1,21600,1.01477272727
139095,139196,139954,101,758,1,21600,1.13324538259
139095,139201,140320,106,1119,1,21600,1.09472743521
139096,139217,140499,121,1282,1,21600,1.09438377535
139096,139212,140844,116,1632,1,21600,1.07107843137
139096,139207,140158,111,951,1,21600,1.1167192429
139097,139234,141656,137,2422,1,21600,1.05656482246
139097,139223,140962,126,1739,1,21600,1.07245543416
139097,139228,142251,131,3023,1,21600,1.04333443599
139098,139239,141032,141,1793,1,21600,1.07863915226
139098,139250,141363,152,2113,1,21600,1.07193563654
139098,139245,144105,147,4860,1,21600,1.03024691358
139099,139267,141308,168,2041,1,21600,1.08231259187
139099,139262,141607,163,2345,1,21600,1.06950959488
139099,139256,142505,157,3249,1,21600,1.04832256079
139100,139289,139739,189,450,1,21600,1.42
139100,139272,141539,172,2267,1,21600,1.07587119541
139100,139283,139537,183,254,1,21600,1.72047244094
139100,139278,142486,178,3208,1,21600,1.05548628429
139101,139300,139670,199,370,1,21600,1.53783783784
139101,139294,139589,193,295,1,21600,1.65423728814
139102,139305,142207,203,2902,1,21600,1.06995175741
139102,139316,139897,214,581,1,21600,1.36833046472
139102,139311,139863,209,552,1,21600,1.37862318841
139103,139322,139816,219,494,1,21600,1.44331983806
139103,139327,140133,224,806,1,21600,1.27791563275
139103,139333,139927,230,594,1,21600,1.38720538721
139104,139344,139906,240,562,1,21600,1.42704626335
139104,139338,140962,234,1624,1,21600,1.14408866995
139105,139355,139858,250,503,1,21600,1.49701789264
139105,139361,139941,256,580,1,21600,1.44137931034
139105,139367,141371,262,2004,1,21600,1.13073852295
139105,139350,139821,245,471,1,21600,1.52016985138
139106,139378,139918,272,540,1,21600,1.5037037037
139106,139372,140124,266,752,1,21600,1.35372340426
139106,139383,140153,277,770,1,21600,1.35974025974
139107,139395,144545,288,5150,1,21600,1.0559223301
139107,139390,140359,283,969,1,21600,1.29205366357
139108,139412,140380,304,968,1,21600,1.31404958678
139108,139406,140543,298,1137,1,21600,1.26209322779
139108,139401,140543,293,1142,1,21600,1.25656742557
139109,139428,140113,319,685,1,21600,1.46569343066
139109,139423,140462,314,1039,1,21600,1.30221366699
139109,139417,140007,308,590,1,21600,1.52203389831
139110,139434,141435,324,2001,1,21600,1.16191904048
139110,139445,141232,335,1787,1,21600,1.18746502518
139110,139440,140935,330,1495,1,21600,1.22073578595
139111,139601,142297,490,2696,1,21600,1.18175074184
139111,139683,140588,572,905,1,21600,1.6320441989
139111,139549,141909,438,2360,1,21600,1.18559322034
139112,139752,140920,640,1168,1,21600,1.54794520548
139112,139828,141516,716,1688,1,21600,1.42417061611
139113,139835,143276,722,3441,1,21600,1.20982272595
139113,139870,141980,757,2110,1,21600,1.35876777251
139114,139908,141178,794,1270,1,21600,1.62519685039
139114,139877,142469,763,2592,1,21600,1.29436728395
139114,139918,141130,804,1212,1,21600,1.66336633663
139115,139939,140417,824,478,1,21600,2.72384937238
139115,139930,141068,815,1138,1,21600,1.71616871705
139116,139966,141413,850,1447,1,21600,1.58742225294
139116,140019,140776,903,757,1,21600,2.1928665786
139116,139953,140339,837,386,1,21600,3.16839378238
139117,140125,141926,1008,1801,1,21600,1.55968906163
139117,140112,140930,995,818,1,21600,2.21638141809
139117,140095,140871,978,776,1,21600,2.26030927835
139118,140136,141710,1018,1574,1,21600,1.64675984752
139119,140172,140636,1053,464,1,21600,3.26939655172
139119,140145,140863,1026,718,1,21600,2.42896935933
139119,140165,140857,1046,692,1,21600,2.51156069364
139120,140192,140865,1072,673,1,21600,2.59286775632
139120,140297,140928,1177,631,1,21600,2.86529318542
139121,140332,141565,1211,1233,1,21600,1.98215733982
139121,140311,141209,1190,898,1,21600,2.32516703786
139121,140344,142411,1223,2067,1,21600,1.59167876149
139122,140351,141253,1229,902,1,21600,2.36252771619
139122,140392,144916,1270,4524,1,21600,1.2807250221
139122,140372,143782,1250,3410,1,21600,1.36656891496
139123,140474,141672,1351,1198,1,21600,2.12771285476
139123,140511,141803,1388,1292,1,21600,2.07430340557
139123,140429,141606,1306,1177,1,21600,2.10960067969
139124,140554,144539,1430,3985,1,21600,1.35884567127
139124,140560,141890,1436,1330,1,21600,2.07969924812
139125,140626,141709,1501,1083,1,21600,2.38596491228
139125,140600,141484,1475,884,1,21600,2.6685520362
139125,140647,142177,1522,1530,1,21600,1.99477124183
139126,140788,142090,1662,1302,1,21600,2.27649769585
139126,140704,141870,1578,1166,1,21600,2.35334476844
139127,140846,144169,1719,3323,1,21600,1.51730364129
139127,140814,142147,1687,1333,1,21600,2.2655663916
139127,140856,142381,1729,1525,1,21600,2.1337704918
139128,140882,143589,1754,2707,1,21600,1.64794975988
139128,140876,142057,1748,1181,1,21600,2.48010160881
139128,140869,146507,1741,5638,1,21600,1.3087974459
139129,140888,141685,1759,797,1,21600,3.20702634881
139129,140933,142111,1804,1178,1,21600,2.53140916808
139129,140894,142598,1765,1704,1,21600,2.03579812207
139130,140947,142057,1817,1110,1,21600,2.63693693694
139130,140940,144654,1810,3714,1,21600,1.4873451804
139131,140963,141658,1832,695,1,21600,3.63597122302
139131,140974,142168,1843,1194,1,21600,2.54355108878
139131,140952,142768,1821,1816,1,21600,2.00275330396
139132,141044,142348,1912,1304,1,21600,2.46625766871
139132,140979,142000,1847,1021,1,21600,2.80901077375
139133,141190,142116,2057,926,1,21600,3.22138228942
139133,141080,142966,1947,1886,1,21600,2.03234358431
139133,141142,141801,2009,659,1,21600,4.04855842185
139134,141266,144359,2132,3093,1,21600,1.68929841578
139134,141222,142649,2088,1427,1,21600,2.46320953048
139134,141244,142317,2110,1073,1,21600,2.96644920783
139135,141384,142749,2249,1365,1,21600,2.64761904762
139135,141320,142311,2185,991,1,21600,3.20484359233
139135,141375,142580,2240,1205,1,21600,2.85892116183
139136,141447,142272,2311,825,1,21600,3.80121212121
139136,141425,142752,2289,1327,1,21600,2.72494348154
139136,141497,143296,2361,1799,1,21600,2.31239577543
139137,141577,142447,2440,870,1,21600,3.80459770115
139137,141551,143118,2414,1567,1,21600,2.54052329292
139137,141528,142857,2391,1329,1,21600,2.79909706546
139138,141668,143681,2530,2013,1,21600,2.25683060109
139138,141625,142808,2487,1183,1,21600,3.10228233305
139138,141618,142786,2480,1168,1,21600,3.12328767123
139139,141684,142608,2545,924,1,21600,3.75432900433
139139,141699,142739,2560,1040,1,21600,3.46153846154
139139,141675,143848,2536,2173,1,21600,2.16705016107
139316,141721,142806,2405,1085,1,21600,3.21658986175
139317,141820,145766,2503,3946,1,21600,1.63431322859
139317,141728,143712,2411,1984,1,21600,2.21522177419
139317,141813,142929,2496,1116,1,21600,3.23655913978
139318,141885,143252,2567,1367,1,21600,2.87783467447
139318,141909,142763,2591,854,1,21600,4.03395784543
139318,141902,142790,2584,888,1,21600,3.90990990991
139319,141938,148689,2619,6751,1,21600,1.38794252703
139319,141992,142555,2673,563,1,21600,5.74777975133
139319,141921,142899,2602,978,1,21600,3.66053169734
139320,142074,142755,2754,681,1,21600,5.04405286344
139320,142069,142730,2749,661,1,21600,5.15885022693
139320,142012,142677,2692,665,1,21600,5.04812030075
139321,142130,144053,2809,1923,1,21600,2.46073842954
139321,142123,146140,2802,4017,1,21600,1.69753547423
139321,142102,144554,2781,2452,1,21600,2.13417618271
139322,142142,143908,2820,1766,1,21600,2.59682899207
139322,142159,143414,2837,1255,1,21600,3.26055776892
139323,142189,144130,2866,1941,1,21600,2.47655847501
139323,142219,143969,2896,1750,1,21600,2.65485714286
139323,142180,143362,2857,1182,1,21600,3.41708967851
139324,142309,143342,2985,1033,1,21600,3.88964181994
139324,142284,143230,2960,946,1,21600,4.1289640592
139324,142263,143242,2939,979,1,21600,4.00204290092
139325,142323,145858,2998,3535,1,21600,1.84809052334
139325,142330,145186,3005,2856,1,21600,2.05217086835
139325,142360,146302,3035,3942,1,21600,1.76991374937
139326,142466,146020,3140,3554,1,21600,1.8835115363
139326,142393,143247,3067,854,1,21600,4.59133489461
139326,142423,143251,3097,828,1,21600,4.74033816425
139327,142481,144069,3154,1588,1,21600,2.98614609572
139327,142498,143264,3171,766,1,21600,5.13968668407
139327,142459,143359,3132,900,1,21600,4.48
139328,142505,143302,3177,797,1,21600,4.98619824341
139328,142620,143306,3292,686,1,21600,5.79883381924
139328,142517,143157,3189,640,1,21600,5.9828125
139329,142592,144413,3263,1821,1,21600,2.79187259747
139329,142610,144347,3281,1737,1,21600,2.88888888889
139329,142567,144455,3238,1888,1,21600,2.71504237288
139330,142661,143629,3331,968,1,21600,4.44111570248
139330,142742,143710,3412,968,1,21600,4.52479338843
139330,142689,143778,3359,1089,1,21600,4.08448117539
139331,142751,144443,3420,1692,1,21600,3.02127659574
139331,142786,143916,3455,1130,1,21600,4.05752212389
139332,142768,146017,3436,3249,1,21600,2.05755617113
139332,142792,144167,3460,1375,1,21600,3.51636363636
139332,142761,144546,3429,1785,1,21600,2.92100840336
139333,142774,144287,3441,1513,1,21600,3.27428949108
139333,142799,144808,3466,2009,1,21600,2.72523643604
139334,142978,144200,3644,1222,1,21600,3.98199672668
139334,142819,144956,3485,2137,1,21600,2.63079082826
139334,142806,144677,3472,1871,1,21600,2.85569214324
139335,142826,143528,3491,702,1,21600,5.97293447293
139335,142869,143570,3534,701,1,21600,6.04136947218
139336,143130,143824,3794,694,1,21600,6.46685878963
139336,142941,143563,3605,622,1,21600,6.79581993569
139336,142912,143607,3576,695,1,21600,6.14532374101
139337,143242,144300,3905,1058,1,21600,4.69092627599
139337,143169,143805,3832,636,1,21600,7.0251572327
139337,143254,144324,3917,1070,1,21600,4.66074766355
139338,143273,144644,3935,1371,1,21600,3.87016776076
139338,143268,144381,3930,1113,1,21600,4.53099730458
139338,143261,144360,3923,1099,1,21600,4.56960873521
139339,143280,144425,3941,1145,1,21600,4.44192139738
139339,143288,144925,3949,1637,1,21600,3.41233964569
139340,143309,144879,3969,1570,1,21600,3.52802547771
139340,143316,144491,3976,1175,1,21600,4.38382978723
139341,143354,144582,4013,1228,1,21600,4.26791530945
139341,143371,144617,4030,1246,1,21600,4.23434991974
139341,143323,144597,3982,1274,1,21600,4.12558869702
139342,143541,144171,4199,630,1,21600,7.66507936508
139342,143426,144627,4084,1201,1,21600,4.40049958368
139342,143378,145909,4036,2531,1,21600,2.59462662979
139343,143729,144473,4386,744,1,21600,6.89516129032
139343,143722,144388,4379,666,1,21600,7.57507507508
139344,143790,144526,4446,736,1,21600,7.04076086957
139345,143920,144628,4575,708,1,21600,7.46186440678
139345,143929,144961,4584,1032,1,21600,5.44186046512
139346,143582,144693,4236,1111,1,21600,4.81278127813
139346,143575,144756,4229,1181,1,21600,4.58086367485
139347,143602,144540,4255,938,1,21600,5.53624733475
139347,143642,144242,4295,600,1,21600,8.15833333333
139347,143620,145579,4273,1959,1,21600,3.18121490556
139348,143694,146326,4346,2632,1,21600,2.65121580547
139348,143981,145187,4633,1206,1,21600,4.8416252073
139349,143797,145336,4448,1539,1,21600,3.89018843405
139349,144065,145671,4716,1606,1,21600,3.93648816936
139349,144081,145501,4732,1420,1,21600,4.3323943662
139350,143817,145189,4467,1372,1,21600,4.25583090379
139350,143836,145194,4486,1358,1,21600,4.30338733432
139351,144117,146071,4766,1954,1,21600,3.43909928352
139351,144142,145322,4791,1180,1,21600,5.06016949153
139351,143860,145377,4509,1517,1,21600,3.97231377719
139352,144179,145224,4827,1045,1,21600,5.61913875598
139352,144191,145252,4839,1061,1,21600,5.56079170594
139352,144186,145353,4834,1167,1,21600,5.14224507284
139353,144378,145180,5025,802,1,21600,7.26558603491
139353,144371,145122,5018,751,1,21600,7.68175765646
139353,144551,146541,5198,1990,1,21600,3.61206030151
139354,144656,146807,5302,2151,1,21600,3.46490004649
139354,144213,145252,4859,1039,1,21600,5.67661212705
139354,144393,145288,5039,895,1,21600,6.63016759777
139355,144255,145149,4900,894,1,21600,6.48098434004
139355,144312,145749,4957,1437,1,21600,4.44954766875
139355,144299,146033,4944,1734,1,21600,3.85121107266
139356,144359,145994,5003,1635,1,21600,4.05993883792
139356,144337,145934,4981,1597,1,21600,4.11897307451
139357,144426,146678,5069,2252,1,21600,3.25088809947
139357,144400,145302,5043,902,1,21600,6.59090909091
139357,144438,145435,5081,997,1,21600,6.0962888666
139358,144456,146172,5098,1716,1,21600,3.97086247086
139358,144467,145790,5109,1323,1,21600,4.86167800454
139358,144485,145629,5127,1144,1,21600,5.48164335664
139359,144504,146627,5145,2123,1,21600,3.42345737164
139359,144538,145808,5179,1270,1,21600,5.07795275591
139360,144569,146157,5209,1588,1,21600,4.28022670025
139360,144563,146065,5203,1502,1,21600,4.46404793609
139360,144558,145562,5198,1004,1,21600,6.17729083665
139361,144576,146077,5215,1501,1,21600,4.47435043304
139361,144594,146374,5233,1780,1,21600,3.93988764045
139362,144609,146654,5247,2045,1,21600,3.56577017115
139362,144629,146359,5267,1730,1,21600,4.04450867052
139362,144639,146558,5277,1919,1,21600,3.74986972381
139363,144646,145495,5283,849,1,21600,7.22261484099
139363,144820,145661,5457,841,1,21600,7.4887039239
139364,144705,145569,5341,864,1,21600,7.18171296296
139364,144694,145649,5330,955,1,21600,6.58115183246
139364,144666,145528,5302,862,1,21600,7.15081206497
139365,144929,148064,5564,3135,1,21600,2.77480063796
139365,144768,147586,5403,2818,1,21600,2.91731724627
139365,144892,148557,5527,3665,1,21600,2.50804911323
139366,145128,149366,5762,4238,1,21600,2.3596035866
139366,145149,149382,5783,4233,1,21600,2.36617056461
139366,144937,146797,5571,1860,1,21600,3.99516129032
139367,144968,148622,5601,3654,1,21600,2.5328407225
139368,144975,151842,5607,6867,1,21600,1.81651376147
139368,145122,148025,5754,2903,1,21600,2.98208749569
139368,145117,145336,5749,219,1,21600,27.2511415525
139369,145144,146420,5775,1276,1,21600,5.52586206897
139369,145138,145822,5769,684,1,21600,9.43421052632
139369,145133,145751,5764,618,1,21600,10.3268608414
139370,145160,145466,5790,306,1,21600,19.9215686275
139370,145165,146795,5795,1630,1,21600,4.55521472393
139370,145155,145467,5785,312,1,21600,19.5416666667
139371,145171,145477,5800,306,1,21600,19.954248366
139371,145182,145403,5811,221,1,21600,27.2941176471
139371,145176,145462,5805,286,1,21600,21.2972027972
139372,145264,145736,5892,472,1,21600,13.4830508475
139372,145187,145385,5815,198,1,21600,30.3686868687
139372,145269,145937,5897,668,1,21600,9.82784431138
139373,145300,145929,5927,629,1,21600,10.4228934817
139373,145198,145987,5825,789,1,21600,8.38276299113
139373,145192,146985,5819,1793,1,21600,4.24539877301
139374,145210,145892,5836,682,1,21600,9.55718475073
139374,145216,145862,5842,646,1,21600,10.0433436533
139374,145221,145979,5847,758,1,21600,8.71372031662
139375,145232,145558,5857,326,1,21600,18.9662576687
139375,145237,145586,5862,349,1,21600,17.7965616046
139375,145227,145636,5852,409,1,21600,15.3080684597
139376,145245,146121,5869,876,1,21600,7.6997716895
139376,145315,145658,5939,343,1,21600,18.3148688047
139377,145250,145958,5873,708,1,21600,9.29519774011
139377,145334,145691,5957,357,1,21600,17.6862745098
139377,145347,147006,5970,1659,1,21600,4.59855334539
139378,145360,145603,5982,243,1,21600,25.6172839506
139378,145353,145687,5975,334,1,21600,18.8892215569
139379,145389,145810,6010,421,1,21600,15.2755344418
139379,145367,145790,5988,423,1,21600,15.1560283688
139380,145486,145821,6106,335,1,21600,19.2268656716
139380,145481,145877,6101,396,1,21600,16.4065656566
139381,145448,146418,6067,970,1,21600,7.25463917526
139381,145398,145696,6017,298,1,21600,21.1912751678
139381,145416,145918,6035,502,1,21600,13.0219123506
139382,145591,146366,6209,775,1,21600,9.01161290323
139382,145474,146513,6092,1039,1,21600,6.86333012512
139382,145493,146313,6111,820,1,21600,8.45243902439
139383,145507,146896,6124,1389,1,21600,5.40892728582
139383,145514,146254,6131,740,1,21600,9.28513513514
139383,145598,146634,6215,1036,1,21600,6.99903474903
139384,145540,147611,6156,2071,1,21600,3.97247706422
139384,145570,146930,6186,1360,1,21600,5.54852941176
139385,145577,146940,6192,1363,1,21600,5.54292002935
139385,145584,146989,6199,1405,1,21600,5.41209964413
139386,145661,147262,6275,1601,1,21600,4.91942535915
139386,145684,146082,6298,398,1,21600,16.824120603
139387,145615,145950,6228,335,1,21600,19.5910447761
139387,145642,146933,6255,1291,1,21600,5.8450813323
139388,145670,146486,6282,816,1,21600,8.69852941176
139388,145649,145963,6261,314,1,21600,20.9394904459
139389,145699,146417,6310,718,1,21600,9.78830083565
139389,145706,147071,6317,1365,1,21600,5.62783882784
139389,145677,146442,6288,765,1,21600,9.21960784314
139390,145749,148035,6359,2286,1,21600,3.78171478565
139390,145713,146481,6323,768,1,21600,9.23307291667
139391,145768,146659,6377,891,1,21600,8.15712682379
139391,145761,146558,6370,797,1,21600,8.99247176913
139392,145802,146577,6410,775,1,21600,9.27096774194
139392,145807,146556,6415,749,1,21600,9.56475300401
139392,145778,147284,6386,1506,1,21600,5.24037184595
139393,145834,146936,6441,1102,1,21600,6.84482758621
139393,145820,146511,6427,691,1,21600,10.3010130246
139393,145827,147181,6434,1354,1,21600,5.75184638109
139394,145839,148969,6445,3130,1,21600,3.05910543131
139394,146029,148871,6635,2842,1,21600,3.33462350457
139395,145877,147634,6482,1757,1,21600,4.68924302789
139395,145870,149414,6475,3544,1,21600,2.82703160271
139395,145889,146364,6494,475,1,21600,14.6715789474
139396,145921,146327,6525,406,1,21600,17.0714285714
139396,145904,146321,6508,417,1,21600,16.6067146283
139397,145952,146966,6555,1014,1,21600,7.46449704142
139397,145945,146879,6548,934,1,21600,8.01070663812
139397,145931,146770,6534,839,1,21600,8.78784266985
139398,145964,148802,6566,2838,1,21600,3.31360112755
139398,145957,149809,6559,3852,1,21600,2.70275181724
139398,145971,146617,6573,646,1,21600,11.1749226006
139399,145991,147234,6592,1243,1,21600,6.30329847144
139399,145978,146954,6579,976,1,21600,7.74077868852
139399,145999,148287,6600,2288,1,21600,3.88461538462
139400,146036,148011,6636,1975,1,21600,4.36
139400,146045,146580,6645,535,1,21600,13.4205607477
139400,146006,150050,6606,4044,1,21600,2.63353115727
139401,146077,146566,6676,489,1,21600,14.6523517382
139401,146084,146540,6683,456,1,21600,15.6557017544
139402,146091,146784,6689,693,1,21600,10.6522366522
139402,146628,147211,7226,583,1,21600,13.3945111492
139402,146098,146775,6696,677,1,21600,10.8906942393
139403,146169,146686,6766,517,1,21600,14.087040619
139403,146153,146686,6750,533,1,21600,13.6641651032
139403,146133,146615,6730,482,1,21600,14.9626556017
139404,146184,146723,6780,539,1,21600,13.5788497217
139404,146633,146943,7229,310,1,21600,24.3193548387
139404,146266,147026,6862,760,1,21600,10.0289473684
139405,146333,146658,6928,325,1,21600,22.3169230769
139405,146314,146622,6909,308,1,21600,23.4318181818
139405,146326,149027,6921,2701,1,21600,3.56238430211
139406,146345,147072,6939,727,1,21600,10.5447042641
139406,146371,147146,6965,775,1,21600,9.98709677419
139406,146340,148762,6934,2422,1,21600,3.86292320396
139407,146383,147108,6976,725,1,21600,10.6220689655
139407,146378,148582,6971,2204,1,21600,4.16288566243
139408,146429,147119,7021,690,1,21600,11.1753623188
139408,146390,147250,6982,860,1,21600,9.11860465116
139408,146435,147194,7027,759,1,21600,10.2582345191
139409,146442,147164,7033,722,1,21600,10.7409972299
139409,146454,147417,7045,963,1,21600,8.31568016615
139410,146501,147780,7091,1279,1,21600,6.54417513683
139410,146494,147386,7084,892,1,21600,8.94170403587
139410,146519,147309,7109,790,1,21600,9.99873417722
139411,146531,147356,7120,825,1,21600,9.6303030303
139411,146526,147348,7115,822,1,21600,9.65571776156
139411,146552,147314,7141,762,1,21600,10.3713910761
139412,146559,148711,7147,2152,1,21600,4.32109665428
139412,146568,147092,7156,524,1,21600,14.6564885496
139413,146594,148897,7181,2303,1,21600,4.11810681719
139413,146580,148387,7167,1807,1,21600,4.9662423907
139413,146586,147028,7173,442,1,21600,17.2285067873
139414,146605,146853,7191,248,1,21600,29.9959677419
139414,146640,147251,7226,611,1,21600,12.8265139116
139414,146599,146976,7185,377,1,21600,20.0583554377
139415,146666,147296,7251,630,1,21600,12.5095238095
139415,146646,147388,7231,742,1,21600,10.7452830189
139415,146653,147430,7238,777,1,21600,10.3153153153
139416,146690,147290,7274,600,1,21600,13.1233333333
139416,146673,147287,7257,614,1,21600,12.819218241
139416,146678,147229,7262,551,1,21600,14.1796733212
139417,146698,147152,7281,454,1,21600,17.0374449339
139417,146704,147330,7287,626,1,21600,12.6405750799
139417,146735,149367,7318,2632,1,21600,3.78039513678
139418,146782,147274,7364,492,1,21600,15.9674796748
139419,146797,149858,7378,3061,1,21600,3.41032342372
139419,146807,149433,7388,2626,1,21600,3.81340441736
139419,146789,147404,7370,615,1,21600,12.9837398374
139420,146814,147941,7394,1127,1,21600,7.56078083407
139420,146865,148447,7445,1582,1,21600,5.70606826802
139420,146821,150311,7401,3490,1,21600,3.12063037249
139421,146943,148167,7522,1224,1,21600,7.1454248366
139421,146891,152849,7470,5958,1,21600,2.25377643505
139421,146908,147974,7487,1066,1,21600,8.0234521576
139422,146955,149334,7533,2379,1,21600,4.16645649433
139422,146950,148251,7528,1301,1,21600,6.78631821676
139423,146975,147631,7552,656,1,21600,12.512195122
139423,146968,147760,7545,792,1,21600,10.5265151515
139423,146963,147724,7540,761,1,21600,10.9080157687
139424,146989,148383,7565,1394,1,21600,6.42682926829
139424,146982,147558,7558,576,1,21600,14.1215277778
139425,146997,149035,7572,2038,1,21600,4.71540726202
139425,147004,147640,7579,636,1,21600,12.9166666667
139425,147018,147784,7593,766,1,21600,10.9125326371
139426,147038,147962,7612,924,1,21600,9.2380952381
139426,147083,149565,7657,2482,1,21600,4.08501208703
139426,147045,147690,7619,645,1,21600,12.8124031008
139427,147104,147527,7677,423,1,21600,19.1489361702
139427,147090,147820,7663,730,1,21600,11.497260274
139428,147120,147556,7692,436,1,21600,18.6422018349
139428,147132,147784,7704,652,1,21600,12.8159509202
139428,147158,147717,7730,559,1,21600,14.8282647585
139429,147165,147753,7736,588,1,21600,14.156462585
139430,147176,148577,7746,1401,1,21600,6.52890792291
139430,147193,148329,7763,1136,1,21600,7.83362676056
139431,147206,148324,7775,1118,1,21600,7.95438282648
139431,147224,148153,7793,929,1,21600,9.38858988159
139432,147248,149460,7816,2212,1,21600,4.53345388788
139432,147241,148360,7809,1119,1,21600,7.97855227882
139433,147269,148318,7836,1049,1,21600,8.46997140133
139433,147276,148236,7843,960,1,21600,9.16979166667
139433,147261,148569,7828,1308,1,21600,6.98470948012
139434,147286,148351,7852,1065,1,21600,8.37276995305
139435,147303,148471,7868,1168,1,21600,7.73630136986
139435,147296,148430,7861,1134,1,21600,7.93209876543
139436,147308,147955,7872,647,1,21600,13.1669242658
139436,147315,147983,7879,668,1,21600,12.7949101796
139436,147322,147991,7886,669,1,21600,12.7877428999
139437,147329,149628,7892,2299,1,21600,4.4327968682
139437,147359,148070,7922,711,1,21600,12.1420534459
139437,147342,148052,7905,710,1,21600,12.1338028169
139438,147368,148070,7930,702,1,21600,12.2962962963
139438,147399,148434,7961,1035,1,21600,8.69178743961
139439,147430,148121,7991,691,1,21600,12.5643994211
139439,147406,148167,7967,761,1,21600,11.4691195795
139439,147416,148132,7977,716,1,21600,12.1410614525
139440,147442,148140,8002,698,1,21600,12.4641833811
139440,147568,149379,8128,1811,1,21600,5.48812810602
139440,147539,148640,8099,1101,1,21600,8.35603996367
139441,147598,150571,8157,2973,1,21600,3.74369323915
139441,147575,149053,8134,1478,1,21600,6.50338294993
139442,147703,148977,8261,1274,1,21600,7.48430141287
139442,147737,149055,8295,1318,1,21600,7.29362670713
139442,147729,148907,8287,1178,1,21600,8.03480475382
139443,147643,149111,8200,1468,1,21600,6.58583106267
139443,147623,148824,8180,1201,1,21600,7.81099084097
139443,147650,148862,8207,1212,1,21600,7.77145214521
139444,147657,149020,8213,1363,1,21600,7.02567865004
139444,147765,148685,8321,920,1,21600,10.0445652174
139444,147773,150312,8329,2539,1,21600,4.28042536432
139445,147793,149663,8348,1870,1,21600,5.46417112299
139445,147800,149874,8355,2074,1,21600,5.02844744455
139446,147953,148478,8507,525,1,21600,17.2038095238
139446,147805,148276,8359,471,1,21600,18.7473460722
139446,147833,148341,8387,508,1,21600,17.5098425197
139447,147967,149716,8520,1749,1,21600,5.87135506003
139447,147987,150060,8540,2073,1,21600,5.11963338157
139447,147974,149251,8527,1277,1,21600,7.6773688332
139448,147995,149675,8547,1680,1,21600,6.0875
139448,148372,148847,8924,475,1,21600,19.7873684211
139449,148023,149114,8574,1091,1,21600,8.85884509624
139449,148003,148456,8554,453,1,21600,19.8830022075
139450,148065,150586,8615,2521,1,21600,4.41729472432
139450,148048,148943,8598,895,1,21600,10.6067039106
139450,148037,149061,8587,1024,1,21600,9.3857421875
139451,148083,148926,8632,843,1,21600,11.2396204033
139451,148088,149137,8637,1049,1,21600,9.2335557674
139451,148076,148972,8625,896,1,21600,10.6261160714
139452,148144,149019,8692,875,1,21600,10.9337142857
139452,148152,149082,8700,930,1,21600,10.3548387097
139452,148133,148949,8681,816,1,21600,11.6384803922
139453,148165,149623,8712,1458,1,21600,6.97530864198
139453,148184,149045,8731,861,1,21600,11.1405342625
139453,148179,151486,8726,3307,1,21600,3.63864529785
139454,148248,150780,8794,2532,1,21600,4.47314375987
139454,148262,149302,8808,1040,1,21600,9.46923076923
139455,148288,148822,8833,534,1,21600,17.5411985019
139455,148269,148844,8814,575,1,21600,16.3286956522
139455,148299,148897,8844,598,1,21600,15.7892976589
139456,148337,148774,8881,437,1,21600,21.3226544622
139456,148402,149678,8946,1276,1,21600,8.01097178683
139456,148330,148927,8874,597,1,21600,15.864321608
139457,148442,149568,8985,1126,1,21600,8.97957371226
139457,148580,149418,9123,838,1,21600,11.8866348449
139457,148344,149465,8887,1121,1,21600,8.92774308653
139458,148353,149499,8895,1146,1,21600,8.76178010471
139458,148364,149681,8906,1317,1,21600,7.76233864844
139459,148395,149864,8936,1469,1,21600,7.08304969367
139459,148589,149158,9130,569,1,21600,17.0456942004
139459,148449,149037,8990,588,1,21600,16.2891156463
139460,148459,148944,8999,485,1,21600,19.5546391753
139460,148468,150100,9008,1632,1,21600,6.51960784314
139460,148484,149047,9024,563,1,21600,17.0284191829
139461,148596,150057,9135,1461,1,21600,7.25256673511
139461,148491,149863,9030,1372,1,21600,7.58163265306
139461,148569,149686,9108,1117,1,21600,9.15398388541
139462,148652,150092,9190,1440,1,21600,7.38194444444
139462,148634,151901,9172,3267,1,21600,3.80746862565
139463,148704,149820,9241,1116,1,21600,9.28046594982
139463,148697,150058,9234,1361,1,21600,7.78471711976
139463,148723,150056,9260,1333,1,21600,7.94673668417
139464,148814,149475,9350,661,1,21600,15.1452344932
139464,148774,150412,9310,1638,1,21600,6.68376068376
139464,148786,150596,9322,1810,1,21600,6.15027624309
139465,148842,149473,9377,631,1,21600,15.8605388273
139465,148856,149496,9391,640,1,21600,15.6734375
139465,148835,149455,9370,620,1,21600,16.1129032258
139466,148874,149362,9408,488,1,21600,20.2786885246
139466,148863,149499,9397,636,1,21600,15.7751572327
139467,148908,151783,9441,2875,1,21600,4.28382608696
139467,148884,149454,9417,570,1,21600,17.5210526316
139468,148921,150291,9453,1370,1,21600,7.9
139468,148938,150207,9470,1269,1,21600,8.46256895193
139468,148914,150348,9446,1434,1,21600,7.58716875872
139469,148945,150600,9476,1655,1,21600,6.72567975831
139469,148955,150104,9486,1149,1,21600,9.25587467363
139469,148962,149919,9493,957,1,21600,10.9195402299
139470,148982,151061,9512,2079,1,21600,5.57527657528
139470,148988,149771,9518,783,1,21600,13.1558109834
139470,148967,149757,9497,790,1,21600,13.0215189873
139471,149031,149868,9560,837,1,21600,12.421744325
139471,148994,150490,9523,1496,1,21600,7.36564171123
139471,149038,150021,9567,983,1,21600,10.7324516785
139472,149045,150130,9573,1085,1,21600,9.82304147465
139472,149052,150012,9580,960,1,21600,10.9791666667
139472,149057,150142,9585,1085,1,21600,9.83410138249
139473,149064,151428,9591,2364,1,21600,5.05710659898
139473,149069,149566,9596,497,1,21600,20.3078470825
139473,149076,149579,9603,503,1,21600,20.0914512922
139474,149095,149601,9621,506,1,21600,20.0138339921
139474,149081,149609,9607,528,1,21600,19.1950757576
139474,149087,149487,9613,400,1,21600,25.0325
139475,149346,150315,9871,969,1,21600,11.1867905057
139475,149123,149706,9648,583,1,21600,17.5488850772
139475,149314,150403,9839,1089,1,21600,10.0348943985
139476,149130,150294,9654,1164,1,21600,9.29381443299
139476,149374,150445,9898,1071,1,21600,10.2418300654
139477,149263,150443,9786,1180,1,21600,9.29322033898
139477,149172,150458,9695,1286,1,21600,8.53888024883
139477,149149,151871,9672,2722,1,21600,4.55326965467
139478,149433,153205,9955,3772,1,21600,3.63918345705
139478,149381,150651,9903,1270,1,21600,8.79763779528
139479,149446,150481,9967,1035,1,21600,10.6299516908
139479,149466,153417,9987,3951,1,21600,3.52771450266
139480,149393,152325,9913,2932,1,21600,4.3809686221
139480,149400,150555,9920,1155,1,21600,9.58874458874
139480,149386,150741,9906,1355,1,21600,8.31070110701
139481,149473,150305,9992,832,1,21600,13.0096153846
139481,149426,150271,9945,845,1,21600,12.7692307692
139482,149478,150519,9996,1041,1,21600,10.6023054755
139482,149516,150307,10034,791,1,21600,13.6852085967
139482,149511,150521,10029,1010,1,21600,10.9297029703
139483,149521,152892,10038,3371,1,21600,3.97775140908
139483,149490,150345,10007,855,1,21600,12.7040935673
139483,149485,150159,10002,674,1,21600,15.8397626113
139484,149504,153727,10020,4223,1,21600,3.37272081459
139484,149497,150172,10013,675,1,21600,15.8340740741
139485,149584,152344,10099,2760,1,21600,4.65905797101
139485,149577,152725,10092,3148,1,21600,4.20584498094
139485,149589,152111,10104,2522,1,21600,5.00634417129
139486,149596,151754,10110,2158,1,21600,5.68489341983
139486,149614,151567,10128,1953,1,21600,6.18586789555
139486,149621,150821,10135,1200,1,21600,9.44583333333
139487,149636,150905,10149,1269,1,21600,8.99763593381
139551,149675,151346,10124,1671,1,21600,7.05864751646
139551,149687,151521,10136,1834,1,21600,6.52671755725
139551,149643,150914,10092,1271,1,21600,8.94020456334
139552,149694,155790,10142,6096,1,21600,2.66371391076
139552,149699,151358,10147,1659,1,21600,7.11633514165
139552,149707,151273,10155,1566,1,21600,7.4846743295
139553,149770,155683,10217,5913,1,21600,2.72788770506
139553,149734,151002,10181,1268,1,21600,9.02917981073
139553,149718,151030,10165,1312,1,21600,8.74771341463
139554,149784,150580,10230,796,1,21600,13.851758794
139554,149821,150697,10267,876,1,21600,12.7203196347
139554,149832,153616,10278,3784,1,21600,3.71617336152
139555,149883,152584,10328,2701,1,21600,4.82376897445
139555,149871,150805,10316,934,1,21600,12.0449678801
139555,149878,152359,10323,2481,1,21600,5.16082224909
139556,149895,151837,10339,1942,1,21600,6.32389289392
139556,149890,153022,10334,3132,1,21600,4.29948914432
139557,149932,152087,10375,2155,1,21600,5.81438515081
139557,150024,151640,10467,1616,1,21600,7.4771039604
139557,150033,152595,10476,2562,1,21600,5.08899297424
139558,150069,152548,10511,2479,1,21600,5.24001613554
139558,150074,151659,10516,1585,1,21600,7.63470031546
139558,150062,152358,10504,2296,1,21600,5.57491289199
139559,150081,151491,10522,1410,1,21600,8.46241134752
139559,150086,152000,10527,1914,1,21600,6.5
139559,150104,152495,10545,2391,1,21600,5.41028858218
139560,150112,152900,10552,2788,1,21600,4.78479196557
139560,150119,152862,10559,2743,1,21600,4.84943492526
139561,150342,151782,10781,1440,1,21600,8.48680555556
139561,150154,151779,10593,1625,1,21600,7.51876923077
139561,150141,151652,10580,1511,1,21600,8.00198544011
139562,150184,155377,10622,5193,1,21600,3.04544579241
139562,150171,152208,10609,2037,1,21600,6.20814923908
139563,150284,150519,10721,235,1,21600,46.6212765957
139563,150220,151773,10657,1553,1,21600,7.86220218931
139564,150310,152578,10746,2268,1,21600,5.7380952381
139564,150317,153221,10753,2904,1,21600,4.70282369146
139564,150303,152342,10739,2039,1,21600,6.26679744973
139565,150324,153221,10759,2897,1,21600,4.71384190542
139565,150329,152164,10764,1835,1,21600,6.8659400545
139566,150364,153942,10798,3578,1,21600,4.01788708776
139566,150357,153449,10791,3092,1,21600,4.48997412678
139566,150335,153680,10769,3345,1,21600,4.21943198804
139567,150415,153103,10848,2688,1,21600,5.03571428571
139567,150424,152195,10857,1771,1,21600,7.13043478261
139568,150470,153466,10902,2996,1,21600,4.6388518024
139568,150463,160764,10895,10301,1,21600,2.05766430444
139568,150456,154214,10888,3758,1,21600,3.89728579031
139569,150502,153054,10933,2552,1,21600,5.28409090909
139569,150530,152606,10961,2076,1,21600,6.27986512524
139569,150494,153526,10925,3032,1,21600,4.60323218997
139570,150536,153097,10966,2561,1,21600,5.28192112456
139570,150543,151342,10973,799,1,21600,14.733416771
139571,150567,151409,10996,842,1,21600,14.0593824228
139571,150608,151367,11037,759,1,21600,15.5415019763
139571,150583,151340,11012,757,1,21600,15.5468956407
139572,150599,151550,11027,951,1,21600,12.5951629863
139572,150592,151418,11020,826,1,21600,14.3414043584
139573,150663,151643,11090,980,1,21600,12.3163265306
139573,150615,151817,11042,1202,1,21600,10.1863560732
139573,150709,151777,11136,1068,1,21600,11.4269662921
139574,150753,151988,11179,1235,1,21600,10.0518218623
139574,150792,152053,11218,1261,1,21600,9.89611419508
139575,150817,153786,11242,2969,1,21600,4.78646008757
139575,150918,153245,11343,2327,1,21600,5.87451654491
139575,151042,153879,11467,2837,1,21600,5.04194571731
139576,151285,154087,11709,2802,1,21600,5.17880085653
139576,150833,153594,11257,2761,1,21600,5.07714596161
139576,150926,152235,11350,1309,1,21600,9.67074102368
139577,151014,152097,11437,1083,1,21600,11.5604801477
139577,151073,153635,11496,2562,1,21600,5.48711943794
139577,151375,152810,11798,1435,1,21600,9.22160278746
139578,151363,152129,11785,766,1,21600,16.3851174935
139578,151351,152115,11773,764,1,21600,16.4096858639
139578,151358,152160,11780,802,1,21600,15.6882793017
139579,151382,152212,11803,830,1,21600,15.2204819277
139579,151422,152231,11843,809,1,21600,15.6390605686
139580,151498,152575,11918,1077,1,21600,12.0659238626
139580,151440,152894,11860,1454,1,21600,9.1568088033
139580,151429,152409,11849,980,1,21600,13.0908163265
139581,151533,154177,11952,2644,1,21600,5.52042360061
139581,151505,152913,11924,1408,1,21600,9.46875
139581,151562,152608,11981,1046,1,21600,12.4541108987
139582,151579,154496,11997,2917,1,21600,5.11278711004
139582,151809,156207,12227,4398,1,21600,3.7801273306
139583,151856,154166,12273,2310,1,21600,6.31298701299
139583,151849,154585,12266,2736,1,21600,5.4831871345
139583,151829,155552,12246,3723,1,21600,4.28928283642
139584,151884,156291,12300,4407,1,21600,3.79101429544
139584,151913,156285,12329,4372,1,21600,3.81999085087
139584,151652,154120,12068,2468,1,21600,5.88978930308
139585,151666,154921,12081,3255,1,21600,4.71152073733
139585,151673,152925,12088,1252,1,21600,10.6549520767
139585,151659,153937,12074,2278,1,21600,6.30026338894
139586,151785,152941,12199,1156,1,21600,11.5527681661
139586,151767,152983,12181,1216,1,21600,11.0172697368
139587,151792,153097,12205,1305,1,21600,10.3524904215
139587,151797,153371,12210,1574,1,21600,8.75730622618
139587,151804,154453,12217,2649,1,21600,5.61192902982
139588,152012,154721,12424,2709,1,21600,5.58619416759
139588,152065,153565,12477,1500,1,21600,9.318
139588,152000,153721,12412,1721,1,21600,8.21208599651
139589,152099,153619,12510,1520,1,21600,9.23026315789
139589,152109,163040,12520,10931,1,21600,2.14536638917
139589,152123,154574,12534,2451,1,21600,6.11383108935
139590,152130,154076,12540,1946,1,21600,7.44398766701
139590,152172,153226,12582,1054,1,21600,12.9373814042
139590,152141,154142,12551,2001,1,21600,7.27236381809
139591,152207,153524,12616,1317,1,21600,10.5793470008
139591,152220,154327,12629,2107,1,21600,6.99383009018
139591,152179,154814,12588,2635,1,21600,5.77722960152
139592,152243,155204,12651,2961,1,21600,5.27254305978
139592,152227,154418,12635,2191,1,21600,6.76677316294
139593,152337,153858,12744,1521,1,21600,9.37869822485
139593,152250,161603,12657,9353,1,21600,2.3532556399
139593,152377,154119,12784,1742,1,21600,8.33869115959
139594,152420,155743,12826,3323,1,21600,4.85976527234
139594,152354,155026,12760,2672,1,21600,5.7754491018
139594,152361,154735,12767,2374,1,21600,6.37784330244
139595,152370,156253,12775,3883,1,21600,4.2899819727
139595,152560,157569,12965,5009,1,21600,3.58834098622
139595,152507,157275,12912,4768,1,21600,3.70805369128
139596,152587,155002,12991,2415,1,21600,6.37929606625
139596,152594,155601,12998,3007,1,21600,5.32258064516
139597,152608,153540,13011,932,1,21600,14.9603004292
139597,152600,153771,13003,1171,1,21600,12.1041844577
139597,152618,153508,13021,890,1,21600,15.6303370787
139598,152737,171816,13139,19079,1,21600,1.68866292783
139598,152625,153565,13027,940,1,21600,14.8585106383
139599,152918,153346,13319,428,1,21600,32.1191588785
139599,152822,160885,13223,8063,1,21600,2.63996031254
139599,152911,158323,13312,5412,1,21600,3.45971914265
139600,152874,158042,13274,5168,1,21600,3.56849845201
139600,152904,159614,13304,6710,1,21600,2.9827123696
139600,152861,157797,13261,4936,1,21600,3.68658833063
139601,152938,153703,13337,765,1,21600,18.4339869281
139601,152953,155241,13352,2288,1,21600,6.83566433566
139601,152925,160755,13324,7830,1,21600,2.70166028097
139602,152971,153595,13369,624,1,21600,22.4246794872
139602,152976,153849,13374,873,1,21600,16.3195876289
139603,152981,154314,13378,1333,1,21600,11.0360090023
139603,152992,154152,13389,1160,1,21600,12.5422413793
139603,152987,154081,13384,1094,1,21600,13.2340036563
139604,153009,153592,13405,583,1,21600,23.9931389365
139604,152998,155248,13394,2250,1,21600,6.95288888889
139604,153003,153463,13399,460,1,21600,30.1282608696
139605,153016,153905,13411,889,1,21600,16.0854893138
139605,153066,153600,13461,534,1,21600,26.2078651685
139605,153034,153429,13429,395,1,21600,34.9974683544
139606,153114,153876,13508,762,1,21600,18.7270341207
139606,153109,153770,13503,661,1,21600,21.4281391831
139606,153121,153526,13515,405,1,21600,34.3703703704
139607,153233,153855,13626,622,1,21600,22.9067524116
139607,153217,156083,13610,2866,1,21600,5.74877878576
139608,153238,153937,13630,699,1,21600,20.4992846924
139608,153246,154596,13638,1350,1,21600,11.1022222222
139608,153556,154693,13948,1137,1,21600,13.2673702726
139609,153257,154283,13648,1026,1,21600,14.3021442495
139609,153358,154073,13749,715,1,21600,20.2293706294
139609,153383,154187,13774,804,1,21600,18.131840796
139610,153442,155068,13832,1626,1,21600,9.50676506765
139610,153461,154343,13851,882,1,21600,16.7040816327
139610,153430,154184,13820,754,1,21600,19.3289124668
139611,153605,154471,13994,866,1,21600,17.1593533487
139611,153482,154040,13871,558,1,21600,25.8584229391
139611,153475,156427,13864,2952,1,21600,5.69647696477
139612,153543,154661,13931,1118,1,21600,13.4606440072
139612,153520,154374,13908,854,1,21600,17.2857142857
139612,153536,154670,13924,1134,1,21600,13.278659612
139613,153577,154336,13964,759,1,21600,19.3978919631
139613,153549,155746,13936,2197,1,21600,7.34319526627
139613,153582,154550,13969,968,1,21600,15.430785124
139614,153693,156922,14079,3229,1,21600,5.36017342831
139614,153733,155105,14119,1372,1,21600,11.2908163265
139615,153612,155240,13997,1628,1,21600,9.59766584767
139615,153740,155471,14125,1731,1,21600,9.16002310803
139615,153617,155269,14002,1652,1,21600,9.47578692494
139616,153622,155547,14006,1925,1,21600,8.27584415584
139617,153630,155169,14013,1539,1,21600,10.1052631579
139617,153637,155006,14020,1369,1,21600,11.2410518627
139617,153647,155398,14030,1751,1,21600,9.012564249
139618,153888,157695,14270,3807,1,21600,4.74835828737
139618,153895,157119,14277,3224,1,21600,5.42834987593
139618,153716,156222,14098,2506,1,21600,6.62569832402
139619,153917,155626,14298,1709,1,21600,9.36629607958
139619,153788,154384,14169,596,1,21600,24.7734899329
139619,153783,154676,14164,893,1,21600,16.8611422172
139620,153949,154645,14329,696,1,21600,21.5876436782
139620,153799,154557,14179,758,1,21600,19.7058047493
139620,153861,154605,14241,744,1,21600,20.1411290323
139621,153954,154754,14333,800,1,21600,18.91625
139621,153868,154690,14247,822,1,21600,18.3321167883
139621,153875,155860,14254,1985,1,21600,8.18085642317
139622,154085,156513,14463,2428,1,21600,6.95675453048
139622,154052,154959,14430,907,1,21600,16.9095920617
139622,153961,154697,14339,736,1,21600,20.4823369565
139623,154098,154943,14475,845,1,21600,18.1301775148
139623,154092,155886,14469,1794,1,21600,9.0652173913
139623,154131,156875,14508,2744,1,21600,6.28717201166
139624,154104,155050,14480,946,1,21600,16.3065539112
139624,154138,155371,14514,1233,1,21600,12.7712895377
139624,154154,155231,14530,1077,1,21600,14.4911792015
139625,154178,155295,14553,1117,1,21600,14.0286481647
139625,154190,155207,14565,1017,1,21600,15.3215339233
139625,154164,155754,14539,1590,1,21600,10.1440251572
139626,154204,154812,14578,608,1,21600,24.9769736842
139626,154197,155607,14571,1410,1,21600,11.3340425532
139626,154226,154863,14600,637,1,21600,23.9199372057
139627,154396,156174,14769,1778,1,21600,9.30652418448
139627,154295,155404,14668,1109,1,21600,14.2263300271
139627,154431,156333,14804,1902,1,21600,8.78338590957
139628,154570,156571,14942,2001,1,21600,8.46726636682
139628,154326,158451,14698,4125,1,21600,4.56315151515
139628,154586,156836,14958,2250,1,21600,7.648
139629,154348,155421,14719,1073,1,21600,14.7176141659
139629,154355,155733,14726,1378,1,21600,11.6865021771
139629,154339,155692,14710,1353,1,21600,11.8721359941
139630,154386,156603,14756,2217,1,21600,7.65584122688
139630,154596,155730,14966,1134,1,21600,14.1975308642
139630,154465,156264,14835,1799,1,21600,9.24624791551
139631,154484,155480,14853,996,1,21600,15.9126506024
139631,154563,155360,14932,797,1,21600,19.7352572146
139631,154508,157364,14877,2856,1,21600,6.20903361345
139632,154733,156541,15101,1808,1,21600,9.35232300885
139632,154608,155508,14976,900,1,21600,17.64
139632,154618,155518,14986,900,1,21600,17.6511111111
139633,154682,155622,15049,940,1,21600,17.0095744681
139633,154657,154820,15024,163,1,21600,93.1717791411
139633,154673,155724,15040,1051,1,21600,15.3101807802
139634,154689,156065,15055,1376,1,21600,11.9411337209
139634,154701,155505,15067,804,1,21600,19.7400497512
139635,154708,155303,15073,595,1,21600,26.3327731092
139635,154747,157048,15112,2301,1,21600,7.56757931334
139635,154714,154851,15079,137,1,21600,111.065693431
139636,154824,157382,15188,2558,1,21600,6.9374511337
139636,155243,156289,15607,1046,1,21600,15.9206500956
139636,154766,156812,15130,2046,1,21600,8.39491691105
139637,155372,156538,15735,1166,1,21600,14.4948542024
139637,155383,158128,15746,2745,1,21600,6.73624772313
139637,154831,155794,15194,963,1,21600,16.7777777778
139638,154863,157321,15225,2458,1,21600,7.19406021155
139638,154838,155907,15200,1069,1,21600,15.2188961646
139638,154875,156029,15237,1154,1,21600,14.2036395147
139639,154955,156269,15316,1314,1,21600,12.6560121766
139639,154933,155968,15294,1035,1,21600,15.7768115942
139640,155021,158439,15381,3418,1,21600,5.5
139640,154971,155966,15331,995,1,21600,16.408040201
139640,155014,156356,15374,1342,1,21600,12.4560357675
139641,155038,158018,15397,2980,1,21600,6.16677852349
139641,155080,156970,15439,1890,1,21600,9.16878306878
139641,155062,156436,15421,1374,1,21600,12.2234352256
139642,155217,156044,15575,827,1,21600,19.8331318017
139642,155181,156138,15539,957,1,21600,17.237199582
139642,155118,157600,15476,2482,1,21600,7.23529411765
139643,155224,156228,15581,1004,1,21600,16.5189243028
139643,155390,158024,15747,2634,1,21600,6.97835990888
139643,155252,156695,15609,1443,1,21600,11.817047817
139644,155265,156201,15621,936,1,21600,17.6891025641
139644,155258,156220,15614,962,1,21600,17.2307692308
139644,155282,157131,15638,1849,1,21600,9.45754461871
139645,155315,156342,15670,1027,1,21600,16.2580331061
139645,155307,156363,15662,1056,1,21600,15.8314393939
139645,155483,156857,15838,1374,1,21600,12.5269286754
139646,155421,156639,15775,1218,1,21600,13.9515599343
139646,155415,156676,15769,1261,1,21600,13.5051546392
139647,155517,158931,15870,3414,1,21600,5.64850615114
139647,155433,156695,15786,1262,1,21600,13.5087163233
139647,155496,156616,15849,1120,1,21600,15.1508928571
139648,155530,156802,15882,1272,1,21600,13.4858490566
139648,155524,156359,15876,835,1,21600,20.0131736527
139648,155559,158459,15911,2900,1,21600,6.48655172414
139649,155744,158096,16095,2352,1,21600,7.8431122449
139649,155566,155834,15917,268,1,21600,60.3917910448
139649,155613,157488,15964,1875,1,21600,9.51413333333
139650,155751,157509,16101,1758,1,21600,10.1587030717
139650,155758,157626,16108,1868,1,21600,9.62312633833
139650,155809,157415,16159,1606,1,21600,11.0616438356
139651,155620,162637,15969,7017,1,21600,3.27575887131
139651,155634,157208,15983,1574,1,21600,11.1543837357
139651,155641,158219,15990,2578,1,21600,7.20248254461
139652,155705,157243,16053,1538,1,21600,11.4375812744
139652,155737,156850,16085,1113,1,21600,15.4519317161
139652,155695,156979,16043,1284,1,21600,13.4945482866
139653,155763,157677,16110,1914,1,21600,9.41692789969
139653,155846,156913,16193,1067,1,21600,16.1761949391
139653,155770,158572,16117,2802,1,21600,6.75196288365
139654,155872,157396,16218,1524,1,21600,11.6417322835
139654,155802,157345,16148,1543,1,21600,11.4653272845
139655,155898,157319,16243,1421,1,21600,12.4306826179
139655,155920,157442,16265,1522,1,21600,11.6865965834
139656,156150,156818,16494,668,1,21600,25.6916167665
139656,156095,157163,16439,1068,1,21600,16.3923220974
139656,156077,158482,16421,2405,1,21600,7.82785862786
139657,155984,156750,16327,766,1,21600,22.3146214099
139658,156056,156221,16398,165,1,21600,100.381818182
139658,156041,157038,16383,997,1,21600,17.4322968907
139658,155989,157153,16331,1164,1,21600,15.0300687285
139659,156220,158064,16561,1844,1,21600,9.98101952278
139659,156186,157695,16527,1509,1,21600,11.9522862823
139659,156213,160493,16554,4280,1,21600,4.86775700935
139660,156239,159586,16579,3347,1,21600,5.9533910965
139660,156245,160585,16585,4340,1,21600,4.82142857143
139660,156232,158015,16572,1783,1,21600,10.2944475603
139661,156304,159186,16643,2882,1,21600,6.77480916031
139661,156309,158098,16648,1789,1,21600,10.3057574064
139662,156252,157671,16590,1419,1,21600,12.6913319239
139662,156354,158991,16692,2637,1,21600,7.32992036405
139662,156346,157820,16684,1474,1,21600,12.3188602442
139663,156277,157402,16614,1125,1,21600,15.768
139663,156265,158321,16602,2056,1,21600,9.07490272374
139664,156367,159179,16703,2812,1,21600,6.93990042674
139664,156284,158646,16620,2362,1,21600,8.03640982218
139664,156297,157991,16633,1694,1,21600,10.818772137
139665,156439,158480,16774,2041,1,21600,9.21852033317
139665,156374,157510,16709,1136,1,21600,15.7086267606
139665,156379,157804,16714,1425,1,21600,12.729122807
139666,156525,158153,16859,1628,1,21600,11.3556511057
139666,156449,158731,16783,2282,1,21600,8.35451358457
139667,156550,158467,16883,1917,1,21600,9.80699008868
139667,156557,158784,16890,2227,1,21600,8.58419398294
139667,156713,158350,17046,1637,1,21600,11.4129505192
139668,156616,158823,16948,2207,1,21600,8.67920253738
139668,156629,158734,16961,2105,1,21600,9.05748218527
139668,156583,157667,16915,1084,1,21600,16.6042435424
139669,156708,158993,17039,2285,1,21600,8.45689277899
139669,156689,158716,17020,2027,1,21600,9.3966452886
139669,156651,160128,16982,3477,1,21600,5.88409548461
139670,156814,159467,17144,2653,1,21600,7.46211835658
139670,156926,159243,17256,2317,1,21600,8.44756150194
139670,156762,158765,17092,2003,1,21600,9.5332001997
139671,156848,161227,17177,4379,1,21600,4.92258506508
139671,156831,158390,17160,1559,1,21600,12.007055805
139671,156824,158635,17153,1811,1,21600,10.4715626726
139672,156887,161111,17215,4224,1,21600,5.07552083333
139672,156870,163793,17198,6923,1,21600,3.48418315759
139672,156863,158977,17191,2114,1,21600,9.13197729423
139673,156934,157441,17261,507,1,21600,35.0453648915
139673,157061,157721,17388,660,1,21600,27.3454545455
139674,156981,158940,17307,1959,1,21600,9.83460949464
139674,157132,158027,17458,895,1,21600,20.5061452514
139674,156991,160935,17317,3944,1,21600,5.39072008114
139675,157050,159862,17375,2812,1,21600,7.17887624467
139675,157143,159009,17468,1866,1,21600,10.3612004287
139675,157165,158040,17490,875,1,21600,20.9885714286
139676,157175,158356,17499,1181,1,21600,15.817104149
139676,157220,158290,17544,1070,1,21600,17.3962616822
139676,157255,158239,17579,984,1,21600,18.8648373984
139677,157287,158207,17610,920,1,21600,20.1413043478
139677,157346,158292,17669,946,1,21600,19.677589852
139677,157341,158323,17664,982,1,21600,18.9877800407
139678,157357,158148,17679,791,1,21600,23.3501896334
139678,157377,158299,17699,922,1,21600,20.1963123644
139679,157395,158223,17716,828,1,21600,22.3961352657
139679,157415,159117,17736,1702,1,21600,11.4206815511
139679,157408,158407,17729,999,1,21600,18.7467467467
139680,157453,160222,17773,2769,1,21600,7.418562658
139680,157427,161331,17747,3904,1,21600,5.54585040984
139681,157460,158715,17779,1255,1,21600,15.1665338645
139681,157500,158677,17819,1177,1,21600,16.1393372982
139681,157521,158461,17840,940,1,21600,19.9787234043
139682,157528,158545,17846,1017,1,21600,18.5476892822
139682,157613,158808,17931,1195,1,21600,16.0050209205
139682,157580,158396,17898,816,1,21600,22.9338235294
139683,157679,160287,17996,2608,1,21600,7.90030674847
139683,157686,159956,18003,2270,1,21600,8.93083700441
139683,157639,158681,17956,1042,1,21600,18.2322456814
139684,157708,160032,18024,2324,1,21600,8.75559380379
139684,157693,161055,18009,3362,1,21600,6.35663295657
139685,157713,161392,18028,3679,1,21600,5.90024463169
139685,157733,159976,18048,2243,1,21600,9.04636647347
139685,158076,159680,18391,1604,1,21600,12.4657107232
139686,158109,158916,18423,807,1,21600,23.8289962825
139686,157832,160138,18146,2306,1,21600,8.86903729402
139686,158039,158665,18353,626,1,21600,30.3178913738
139687,158116,161065,18429,2949,1,21600,7.2492370295
139687,158168,159658,18481,1490,1,21600,13.4033557047
139687,158161,158846,18474,685,1,21600,27.9693430657
139688,158236,159319,18548,1083,1,21600,18.1265004617
139688,158220,159552,18532,1332,1,21600,14.9129129129
139689,158301,160894,18612,2593,1,21600,8.17778634786
139689,158734,160175,19045,1441,1,21600,14.2165163081
139689,158309,159317,18620,1008,1,21600,19.4722222222
139690,158316,159581,18626,1265,1,21600,15.7241106719
139690,158744,160172,19054,1428,1,21600,14.3431372549
139691,158362,160493,18671,2131,1,21600,9.7616142656
139691,158369,160932,18678,2563,1,21600,8.28755364807
139691,158335,159569,18644,1234,1,21600,16.1085899514
139692,158403,159419,18711,1016,1,21600,19.4163385827
139692,158419,159914,18727,1495,1,21600,13.5264214047
139692,158451,159552,18759,1101,1,21600,18.038147139
139693,158479,159560,18786,1081,1,21600,18.3783533765
139693,158471,159473,18778,1002,1,21600,19.7405189621
139694,158647,159446,18953,799,1,21600,24.7209011264
139694,158678,160961,18984,2283,1,21600,9.31537450723
139694,158766,162814,19072,4048,1,21600,5.71146245059
139695,158750,161412,19055,2662,1,21600,8.15815176559
139695,158761,160464,19066,1703,1,21600,12.1955372871
139695,158755,161593,19060,2838,1,21600,7.71599718111
139696,158777,160017,19081,1240,1,21600,16.3879032258
139696,158782,159893,19086,1111,1,21600,18.1791179118
139696,158772,160304,19076,1532,1,21600,13.4516971279
139697,158788,159832,19091,1044,1,21600,19.2863984674
139697,158793,161456,19096,2663,1,21600,8.17085993241
139697,158799,159989,19102,1190,1,21600,17.0521008403
139698,158874,159907,19176,1033,1,21600,19.5634075508
139698,158804,160176,19106,1372,1,21600,14.9256559767
139698,158879,160117,19181,1238,1,21600,16.4935379645
139699,158886,160510,19187,1624,1,21600,12.8146551724
139699,158809,160456,19110,1647,1,21600,12.6029143898
139700,158815,160623,19115,1808,1,21600,11.5724557522
139701,158820,163491,19119,4671,1,21600,5.09312780989
139701,158825,159541,19124,716,1,21600,27.7094972067
139702,158836,161968,19134,3132,1,21600,7.1091954023
139702,158831,159498,19129,667,1,21600,29.6791604198
139703,158847,160429,19144,1582,1,21600,13.1011378003
139703,158842,159414,19139,572,1,21600,34.4597902098
139703,158852,160259,19149,1407,1,21600,14.6098081023
139704,158858,160282,19154,1424,1,21600,14.4508426966
139705,158868,160377,19163,1509,1,21600,13.6991385023
139705,158863,160761,19158,1898,1,21600,11.0937829294
139706,158897,165204,19191,6307,1,21600,4.04280957666
139706,158891,160430,19185,1539,1,21600,13.4658869396
139706,158902,160463,19196,1561,1,21600,13.2972453555
139707,158989,160349,19282,1360,1,21600,15.1779411765
139707,158907,159904,19200,997,1,21600,20.25777332
139708,158928,160212,19220,1284,1,21600,15.968847352
139708,158942,159864,19234,922,1,21600,21.8611713666
139709,159003,160448,19294,1445,1,21600,14.3522491349
139709,158952,160293,19243,1341,1,21600,15.3497390007
139709,159010,164349,19301,5339,1,21600,4.61509646001
139710,159129,160286,19419,1157,1,21600,17.7839239412
139710,159191,160298,19481,1107,1,21600,18.5980126468
139710,159020,160445,19310,1425,1,21600,14.550877193
139711,159198,160776,19487,1578,1,21600,13.3491761724
139711,159256,160569,19545,1313,1,21600,15.8857578065
139711,159329,160734,19618,1405,1,21600,14.9629893238
139712,159336,167765,19624,8429,1,21600,3.32815280579
139712,159433,160876,19721,1443,1,21600,14.6666666667
139712,159426,160418,19714,992,1,21600,20.872983871
139713,159480,164053,19767,4573,1,21600,5.32254537503
139713,159487,160935,19774,1448,1,21600,14.6560773481
139713,159459,164215,19746,4756,1,21600,5.15180824222
139714,159553,163420,19839,3867,1,21600,6.13033359193
139714,159564,163364,19850,3800,1,21600,6.22368421053
139714,159510,162498,19796,2988,1,21600,7.62516733601
139715,159583,162418,19868,2835,1,21600,8.00811287478
139715,159569,161226,19854,1657,1,21600,12.9818949909
139715,159576,161262,19861,1686,1,21600,12.7799525504
139902,141692,149715,1790,8023,5,16200,1.22310856288
140533,159593,167970,19060,8377,1,21600,3.27527754566
140534,159619,160891,19085,1272,1,21600,16.0039308176
140534,159600,160770,19066,1170,1,21600,17.2957264957
140534,159629,161034,19095,1405,1,21600,14.590747331
140534,159624,160892,19090,1268,1,21600,16.0552050473
140535,159640,161012,19105,1372,1,21600,14.9249271137
140535,159905,161415,19370,1510,1,21600,13.8278145695
140535,159635,161772,19100,2137,1,21600,9.93776321947
140536,159651,161682,19115,2031,1,21600,10.4116198917
140536,159657,161088,19121,1431,1,21600,14.3619846261
140536,159646,160898,19110,1252,1,21600,16.2635782748
140537,159664,161117,19127,1453,1,21600,14.1637990365
140537,159845,161933,19308,2088,1,21600,10.2471264368
140537,159692,161270,19155,1578,1,21600,13.13878327
140537,159671,162250,19134,2579,1,21600,8.41915471113
140538,159882,161441,19344,1559,1,21600,13.4079538165
140538,159875,161090,19337,1215,1,21600,16.9152263374
140538,159916,161076,19378,1160,1,21600,17.7051724138
140539,159930,161434,19391,1504,1,21600,13.8929521277
140539,160044,163683,19505,3639,1,21600,6.35998900797
140539,160029,161860,19490,1831,1,21600,11.6444565811
140539,159923,161331,19384,1408,1,21600,14.7670454545
140540,159988,163817,19448,3829,1,21600,6.07913293288
140540,160002,161756,19462,1754,1,21600,12.0957810718
140540,159968,162417,19428,2449,1,21600,8.93303389138
140541,160129,163217,19588,3088,1,21600,7.3432642487
140541,160140,163318,19599,3178,1,21600,7.16708621775
140541,160224,167148,19683,6924,1,21600,3.84272097054
140542,160184,163928,19642,3744,1,21600,6.24626068376
140542,160150,162909,19608,2759,1,21600,8.10692279812
140542,160234,162784,19692,2550,1,21600,8.72235294118
140542,160191,164724,19649,4533,1,21600,5.33465696007
140543,160271,162095,19728,1824,1,21600,11.8157894737
140543,160294,163810,19751,3516,1,21600,6.61746302617
140543,160197,161997,19654,1800,1,21600,11.9188888889
140544,160318,161368,19774,1050,1,21600,19.8323809524
140544,160313,161187,19769,874,1,21600,23.618993135
140544,160301,161183,19757,882,1,21600,23.4002267574
140544,160306,161064,19762,758,1,21600,27.0712401055
140545,160945,161760,20400,815,1,21600,26.0306748466
140545,160926,161726,20381,800,1,21600,26.47625
140545,160952,161871,20407,919,1,21600,23.2056583243
140546,160361,161458,19815,1097,1,21600,19.0628988149
140546,160325,162137,19779,1812,1,21600,11.9155629139
140546,160389,164586,19843,4197,1,21600,5.72790088158
140547,160957,164689,20410,3732,1,21600,6.46891747053
140547,160441,162535,19894,2094,1,21600,10.5004775549
140547,160430,162750,19883,2320,1,21600,9.57025862069
140548,160448,163140,19900,2692,1,21600,8.39227340267
140548,160457,161076,19909,619,1,21600,33.1631663974
140548,160471,163156,19923,2685,1,21600,8.42011173184
140548,160464,161178,19916,714,1,21600,28.893557423
140549,160483,161096,19934,613,1,21600,33.5187601958
140549,160478,161073,19929,595,1,21600,34.4941176471
140550,160510,162879,19960,2369,1,21600,9.42549598987
140550,160542,161692,19992,1150,1,21600,18.3843478261
140550,160522,161899,19972,1377,1,21600,15.5039941903
140550,160505,161675,19955,1170,1,21600,18.0555555556
140551,160558,161750,20007,1192,1,21600,17.7843959732
140551,160553,161634,20002,1081,1,21600,19.5032377428
140551,160547,161839,19996,1292,1,21600,16.4767801858
140552,160635,162861,20083,2226,1,21600,10.0220125786
140552,160746,164787,20194,4041,1,21600,5.99727790151
140552,160580,161556,20028,976,1,21600,21.5204918033
140552,160597,166352,20045,5755,1,21600,4.48305821025
140553,160774,161721,20221,947,1,21600,22.3526927138
140553,160781,161722,20228,941,1,21600,22.4962805526
140553,160767,161621,20214,854,1,21600,24.6697892272
140554,160793,162724,20239,1931,1,21600,11.4810978767
140554,160787,161654,20233,867,1,21600,24.3367935409
140554,160889,163758,20335,2869,1,21600,8.08783548275
140555,160908,162122,20353,1214,1,21600,17.7652388797
140555,160901,162498,20346,1597,1,21600,13.7401377583
140556,160913,162920,20357,2007,1,21600,11.1429995017
140556,160919,162119,20363,1200,1,21600,17.9691666667
140556,160973,162020,20417,1047,1,21600,20.5004775549
140557,161046,162527,20489,1481,1,21600,14.8345712357
140557,161068,161951,20511,883,1,21600,24.2287655719
140557,161024,162232,20467,1208,1,21600,17.9428807947
140558,161082,163278,20524,2196,1,21600,10.3460837887
140558,161077,162498,20519,1421,1,21600,15.4398311049
140559,161100,162766,20541,1666,1,21600,13.3295318127
140559,161094,161943,20535,849,1,21600,25.1872791519
140559,161089,161854,20530,765,1,21600,27.8366013072
140560,161112,162937,20552,1825,1,21600,12.261369863
140560,161107,162996,20547,1889,1,21600,11.8771836951
140560,161118,162771,20558,1653,1,21600,13.4367816092
140561,161125,162170,20564,1045,1,21600,20.6784688995
140561,161190,162241,20629,1051,1,21600,20.6279733587
140561,161132,163478,20571,2346,1,21600,9.76854219949
140562,161204,162758,20642,1554,1,21600,14.2831402831
140562,161197,162244,20635,1047,1,21600,20.7086914995
140562,161238,162370,20676,1132,1,21600,19.2650176678
140563,161273,163063,20710,1790,1,21600,12.5698324022
140563,161245,163063,20682,1818,1,21600,12.3762376238
140563,161343,163083,20780,1740,1,21600,12.9425287356
140563,161282,162970,20719,1688,1,21600,13.2742890995
140564,161348,162942,20784,1594,1,21600,14.0388958595
140564,161380,163045,20816,1665,1,21600,13.5021021021
140564,161404,163239,20840,1835,1,21600,12.3569482289
140565,161432,164664,20867,3232,1,21600,7.45637376238
140565,161445,168596,20880,7151,1,21600,3.91987134666
140565,161425,163258,20860,1833,1,21600,12.3802509547
140566,161453,163153,20887,1700,1,21600,13.2864705882
140566,161568,163737,21002,2169,1,21600,10.6828031351
140566,161476,164127,20910,2651,1,21600,8.88758958883
140566,161469,164764,20903,3295,1,21600,7.34385432473
140567,161633,165840,21066,4207,1,21600,6.00736867126
140567,161616,165655,21049,4039,1,21600,6.21143847487
140567,161605,165170,21038,3565,1,21600,6.90126227209
140568,161688,162717,21120,1029,1,21600,21.5247813411
140568,161646,163097,21078,1451,1,21600,15.5265334252
140568,161666,162629,21098,963,1,21600,22.9086188993
140569,161733,162799,21164,1066,1,21600,20.8536585366
140569,161694,162780,21125,1086,1,21600,20.4521178637
140569,161704,162608,21135,904,1,21600,24.3794247788
140570,161769,164537,21199,2768,1,21600,8.6585982659
140570,161740,162673,21170,933,1,21600,23.6902465166
140570,161745,164622,21175,2877,1,21600,8.3600973236
140570,161762,164665,21192,2903,1,21600,8.30003444712
140571,161776,164908,21205,3132,1,21600,7.77043422733
140571,161784,165456,21213,3672,1,21600,6.77696078431
140571,161851,166163,21280,4312,1,21600,5.93506493506
140572,161883,165892,21311,4009,1,21600,6.31578947368
140572,161873,165068,21301,3195,1,21600,7.66697965571
140572,161866,165733,21294,3867,1,21600,6.50659425912
140573,161963,162599,21390,636,1,21600,34.6320754717
140573,161945,165778,21372,3833,1,21600,6.57578919906
140573,161956,162806,21383,850,1,21600,26.1564705882
140573,161912,165612,21339,3700,1,21600,6.7672972973
140574,162009,162490,21435,481,1,21600,45.5634095634
140574,162033,162521,21459,488,1,21600,44.9733606557
140574,161980,162417,21406,437,1,21600,49.9839816934
140575,162131,162710,21556,579,1,21600,38.2297063903
140575,162138,163011,21563,873,1,21600,25.6998854525
140575,162107,162556,21532,449,1,21600,48.9554565702
140576,162182,162943,21606,761,1,21600,29.3915900131
140576,162244,162643,21668,399,1,21600,55.305764411
140576,162150,162964,21574,814,1,21600,27.5036855037
140577,162253,162644,21676,391,1,21600,56.4373401535
140577,162267,162788,21690,521,1,21600,42.6314779271
140577,162260,162664,21683,404,1,21600,54.6707920792
140578,162441,163439,21863,998,1,21600,22.9068136273
140578,162382,162972,21804,590,1,21600,37.9559322034
140578,162434,163021,21856,587,1,21600,38.2333901193
140578,162429,162993,21851,564,1,21600,39.7429078014
140579,162515,163140,21936,625,1,21600,36.0976
140579,162509,163083,21930,574,1,21600,39.2055749129
140579,162503,163053,21924,550,1,21600,40.8618181818
140580,162533,163151,21953,618,1,21600,36.5226537217
140580,162540,162866,21960,326,1,21600,68.3619631902
140580,162520,164663,21940,2143,1,21600,11.2379841344
140581,162612,163216,22031,604,1,21600,37.4751655629
140581,162569,162996,21988,427,1,21600,52.4941451991
140581,162548,164101,21967,1553,1,21600,15.1448808757
140582,162650,163816,22068,1166,1,21600,19.9262435678
140582,162642,163286,22060,644,1,21600,35.2546583851
140582,162620,163305,22038,685,1,21600,33.1722627737
140583,162677,163793,22094,1116,1,21600,20.7974910394
140583,162662,163749,22079,1087,1,21600,21.3118675253
140583,162657,165546,22074,2889,1,21600,8.64070612669
140583,162685,163615,22102,930,1,21600,24.7655913978
140584,162736,164157,22152,1421,1,21600,16.5890218156
140584,162729,164265,22145,1536,1,21600,15.4173177083
140584,162722,164226,22138,1504,1,21600,15.7194148936
140585,162778,165841,22193,3063,1,21600,8.24551093699
140585,162762,164851,22177,2089,1,21600,11.6160842508
140585,162770,164223,22185,1453,1,21600,16.2684101858
140586,162799,164409,22213,1610,1,21600,14.7968944099
140586,162792,165308,22206,2516,1,21600,9.82591414944
140586,162785,164104,22199,1319,1,21600,17.8301743745
140587,162813,163620,22226,807,1,21600,28.541511772
140587,162806,164949,22219,2143,1,21600,11.368175455
140587,162890,163466,22303,576,1,21600,39.7204861111
140587,162820,163516,22233,696,1,21600,32.9439655172
140588,162874,163524,22286,650,1,21600,35.2861538462
140588,162881,163552,22293,671,1,21600,34.2235469449
140588,162827,163571,22239,744,1,21600,30.8911290323
140589,162921,164530,22332,1609,1,21600,14.8794282163
140589,162933,163669,22344,736,1,21600,31.3586956522
140589,162949,164293,22360,1344,1,21600,17.6369047619
140590,162961,163607,22371,646,1,21600,35.6300309598
140590,162976,164715,22386,1739,1,21600,13.8729154687
140590,163024,163412,22434,388,1,21600,58.8195876289
140590,162956,165202,22366,2246,1,21600,10.9581478183
140591,163052,166519,22461,3467,1,21600,7.47851168157
140591,163059,163964,22468,905,1,21600,25.826519337
140591,163033,163868,22442,835,1,21600,27.8766467066
140592,162988,164651,22396,1663,1,21600,14.4672279014
140592,163012,165520,22420,2508,1,21600,9.93939393939
140592,163005,165534,22413,2529,1,21600,9.86239620403
140592,162983,163867,22391,884,1,21600,26.3291855204
140593,163017,164334,22424,1317,1,21600,18.0265755505
140593,163075,163795,22482,720,1,21600,32.225
140593,163066,163978,22473,912,1,21600,25.6414473684
140594,163080,163820,22486,740,1,21600,31.3864864865
140594,163100,163759,22506,659,1,21600,35.1517450683
140594,163095,163696,22501,601,1,21600,38.4392678869
140595,163110,163872,22515,762,1,21600,30.5472440945
140595,163152,163779,22557,627,1,21600,36.976076555
140595,163157,164207,22562,1050,1,21600,22.4876190476
140596,163176,164159,22580,983,1,21600,23.9704984741
140596,163164,164038,22568,874,1,21600,26.8215102975
140596,163228,163880,22632,652,1,21600,35.7116564417
140596,163171,164348,22575,1177,1,21600,20.1801189465
140597,163270,164183,22673,913,1,21600,25.8335158817
140597,163235,163951,22638,716,1,21600,32.6173184358
140597,163251,164055,22654,804,1,21600,29.1766169154
140598,163331,165169,22733,1838,1,21600,13.3683351469
140598,163317,164809,22719,1492,1,21600,16.2272117962
140598,163290,164053,22692,763,1,21600,30.7404980341
140598,163298,163956,22700,658,1,21600,35.4984802432
140599,163376,164978,22777,1602,1,21600,15.2178526841
140599,163424,164785,22825,1361,1,21600,17.7707567965
140600,163479,164337,22879,858,1,21600,27.6655011655
140600,163451,164578,22851,1127,1,21600,21.2759538598
140600,163432,164049,22832,617,1,21600,38.0048622366
140601,163490,164887,22889,1397,1,21600,17.3843951324
140601,163529,164643,22928,1114,1,21600,21.5816876122
140601,163503,164217,22902,714,1,21600,33.0756302521
140602,163565,164170,22963,605,1,21600,38.9553719008
140602,163536,165868,22934,2332,1,21600,10.8344768439
140603,163627,164403,23024,776,1,21600,30.6701030928
140603,163583,164255,22980,672,1,21600,35.1964285714
140603,163620,164396,23017,776,1,21600,30.6610824742
140604,163681,164527,23077,846,1,21600,28.2777777778
140604,163634,165726,23030,2092,1,21600,12.0086042065
140604,163695,164565,23091,870,1,21600,27.5413793103
140605,163708,164556,23103,848,1,21600,28.2441037736
140605,163749,165546,23144,1797,1,21600,13.8792431831
140605,163770,166182,23165,2412,1,21600,10.6040630182
140606,163762,164732,23156,970,1,21600,24.8721649485
140606,163777,163978,23171,201,1,21600,116.278606965
140606,163792,164930,23186,1138,1,21600,21.374340949
140607,163811,164599,23204,788,1,21600,30.4467005076
140607,163805,164876,23198,1071,1,21600,22.660130719
140607,163818,164615,23211,797,1,21600,30.1229611041
140608,163832,166695,23224,2863,1,21600,9.11177086972
140608,163825,164651,23217,826,1,21600,29.107748184
140608,163837,164887,23229,1050,1,21600,23.1228571429
140609,163886,164732,23277,846,1,21600,28.5141843972
140609,163843,165825,23234,1982,1,21600,12.7225025227
140609,163879,164704,23270,825,1,21600,29.2060606061
140610,163891,165186,23281,1295,1,21600,18.9776061776
140610,163963,165178,23353,1215,1,21600,20.2205761317
140610,163898,164486,23288,588,1,21600,40.6054421769
140610,163940,164647,23330,707,1,21600,33.9985855728
140611,163989,165354,23378,1365,1,21600,18.1267399267
140611,163977,164740,23366,763,1,21600,31.623853211
140611,163970,164502,23359,532,1,21600,44.9078947368
140612,164990,166964,24378,1974,1,21600,13.3495440729
140612,165010,166039,24398,1029,1,21600,24.7103984451
140612,163995,164923,23383,928,1,21600,26.1971982759
140613,165050,165275,24437,225,1,21600,109.608888889
140613,165080,165849,24467,769,1,21600,32.8166449935
140613,165060,165827,24447,767,1,21600,32.8735332464
140614,165092,165839,24478,747,1,21600,33.7684069612
140614,165153,166346,24539,1193,1,21600,21.5691533948
140614,165160,166048,24546,888,1,21600,28.6418918919
140614,165167,166359,24553,1192,1,21600,21.5981543624
140615,165195,166095,24580,900,1,21600,28.3111111111
140615,165188,166184,24573,996,1,21600,25.671686747
140615,165181,166102,24566,921,1,21600,27.6731813246
140616,165215,166171,24599,956,1,21600,26.7311715481
140616,165200,167657,24584,2457,1,21600,11.0056980057
140616,165208,166491,24592,1283,1,21600,20.1675759938
140617,165222,167065,24605,1843,1,21600,14.3505154639
140617,165274,171156,24657,5882,1,21600,5.19194151649
140617,165265,169327,24648,4062,1,21600,7.06794682422
140617,165287,168203,24670,2916,1,21600,9.46021947874
140618,165303,166776,24685,1473,1,21600,17.7583163612
140618,165320,166955,24702,1635,1,21600,16.1082568807
140618,165294,166380,24676,1086,1,21600,23.7219152855
140619,165366,166691,24747,1325,1,21600,19.6769811321
140619,165337,166088,24718,751,1,21600,33.913448735
140619,165391,166184,24772,793,1,21600,32.2383354351
140619,165396,166212,24777,816,1,21600,31.3639705882
140620,165416,166311,24796,895,1,21600,28.705027933
140620,165465,166440,24845,975,1,21600,26.4820512821
140620,165405,167216,24785,1811,1,21600,14.6858089453
140621,165484,167968,24863,2484,1,21600,11.0092592593
140621,165477,166515,24856,1038,1,21600,24.9460500963
140621,165472,166432,24851,960,1,21600,26.8864583333
140622,165519,166536,24897,1017,1,21600,25.4808259587
140622,165513,166821,24891,1308,1,21600,20.0298165138
140622,165496,167751,24874,2255,1,21600,12.0305986696
140623,165533,166574,24910,1041,1,21600,24.9289145053
140623,165526,166723,24903,1197,1,21600,21.8045112782
140623,165550,166738,24927,1188,1,21600,21.9823232323
140623,165543,168590,24920,3047,1,21600,9.17853626518
140624,165563,167041,24939,1478,1,21600,17.8734776725
140624,165589,167082,24965,1493,1,21600,17.7213663764
140624,165557,167851,24933,2294,1,21600,11.868788143
140625,165605,166980,24980,1375,1,21600,19.1672727273
140625,165625,168167,25000,2542,1,21600,10.8347757671
140625,165674,169416,25049,3742,1,21600,7.69401389631
140625,165667,170995,25042,5328,1,21600,5.70007507508
140626,165708,167324,25082,1616,1,21600,16.521039604
140626,165717,167489,25091,1772,1,21600,15.1597065463
140626,165681,166893,25055,1212,1,21600,21.6724422442
140627,165738,168242,25111,2504,1,21600,11.0283546326
140627,165763,167061,25136,1298,1,21600,20.3651771957
140627,165746,167697,25119,1951,1,21600,13.8749359303
140628,165768,167154,25140,1386,1,21600,19.1385281385
140628,165775,168490,25147,2715,1,21600,10.2622467772
140628,165780,167679,25152,1899,1,21600,14.2448657188
140629,165790,167862,25161,2072,1,21600,13.1433397683
140629,165837,167575,25208,1738,1,21600,15.504027618
140629,165849,167788,25220,1939,1,21600,14.0067044868
140629,165844,167687,25215,1843,1,21600,14.6814975583
140630,165861,167787,25231,1926,1,21600,14.1002076843
140630,165856,167684,25226,1828,1,21600,14.7997811816
140630,165867,167285,25237,1418,1,21600,18.7976022567
140631,165872,168100,25241,2228,1,21600,12.328994614
140631,165879,169759,25248,3880,1,21600,7.50721649485
140631,165884,167423,25253,1539,1,21600,17.4087069526
140631,165891,170324,25260,4433,1,21600,6.69817279495
140632,165903,166442,25271,539,1,21600,47.8849721707
140632,165941,169093,25309,3152,1,21600,9.02950507614
140632,165896,167669,25264,1773,1,21600,15.2492949803
140633,166101,170133,25468,4032,1,21600,7.31646825397
140633,166061,168859,25428,2798,1,21600,10.0879199428
140633,166051,168348,25418,2297,1,21600,12.065737919
140634,164068,166650,23434,2582,1,21600,10.0759101472
140634,164051,168752,23417,4701,1,21600,5.9812805786
140634,164061,164794,23427,733,1,21600,32.9604365621
140635,164079,165462,23444,1383,1,21600,17.9515545915
140635,164113,164962,23478,849,1,21600,28.6537102473
140635,164073,164830,23438,757,1,21600,31.9616908851
140636,164120,164857,23484,737,1,21600,32.8643147897
140636,164139,164798,23503,659,1,21600,36.6646433991
140636,164170,164998,23534,828,1,21600,29.422705314
140637,164177,166338,23540,2161,1,21600,11.893105044
140637,164219,170344,23582,6125,1,21600,4.85012244898
140637,164195,166558,23558,2363,1,21600,10.9695302581
140637,164184,167439,23547,3255,1,21600,8.23410138249
140638,164234,165080,23596,846,1,21600,28.8912529551
140638,164239,165048,23601,809,1,21600,30.173053152
140638,164227,167146,23589,2919,1,21600,9.08119218911
140639,164305,165253,23666,948,1,21600,25.9641350211
140639,164247,165278,23608,1031,1,21600,23.898157129
140639,164278,165758,23639,1480,1,21600,16.9722972973
140639,164267,165038,23628,771,1,21600,31.6459143969
140640,164353,164961,23713,608,1,21600,40.0016447368
140640,164360,164504,23720,144,1,21600,165.722222222
140640,164346,168416,23706,4070,1,21600,6.82457002457
140641,164367,165178,23726,811,1,21600,30.2552404439
140641,164408,165145,23767,737,1,21600,33.2483039349
140641,164415,165141,23774,726,1,21600,33.7465564738
140642,164498,165750,23856,1252,1,21600,20.054313099
140642,164422,168579,23780,4157,1,21600,6.72047149387
140642,164514,165752,23872,1238,1,21600,20.2827140549
140643,164539,167826,23896,3287,1,21600,8.2698509279
140643,164545,166678,23902,2133,1,21600,12.2058134083
140643,164521,166365,23878,1844,1,21600,13.9490238612
140644,164568,168080,23924,3512,1,21600,7.81207289294
140644,164590,165262,23946,672,1,21600,36.6339285714
140644,164553,168197,23909,3644,1,21600,7.56119648738
140644,164577,166418,23933,1841,1,21600,14.0
140645,164611,165393,23966,782,1,21600,31.6470588235
140645,164627,165514,23982,887,1,21600,28.0372040586
140645,164598,165152,23953,554,1,21600,44.2364620939
140646,164662,165379,24016,717,1,21600,34.4951185495
140646,164635,165502,23989,867,1,21600,28.6689734717
140646,164655,165458,24009,803,1,21600,30.899128269
140647,164669,165325,24022,656,1,21600,37.618902439
140647,164674,165379,24027,705,1,21600,35.0808510638
140647,164681,165290,24034,609,1,21600,40.4646962233
140648,164701,166711,24053,2010,1,21600,12.9666666667
140648,164687,165404,24039,717,1,21600,34.5271966527
140648,164692,165453,24044,761,1,21600,32.5952693824
140649,164737,167117,24088,2380,1,21600,11.1210084034
140649,164728,165502,24079,774,1,21600,32.1098191214
140649,164716,165484,24067,768,1,21600,32.3372395833
140650,164744,165531,24094,787,1,21600,31.6149936468
140650,164749,165577,24099,828,1,21600,30.1050724638
140651,164804,166334,24153,1530,1,21600,16.7862745098
140651,164797,165929,24146,1132,1,21600,22.3303886926
140651,164756,165839,24105,1083,1,21600,23.2576177285
140651,164776,165847,24125,1071,1,21600,23.5256769374
140652,164816,167828,24164,3012,1,21600,9.02257636122
140652,164823,167271,24171,2448,1,21600,10.8737745098
140652,164811,167195,24159,2384,1,21600,11.1338087248
140653,164863,165665,24210,802,1,21600,31.187032419
140653,164843,166910,24190,2067,1,21600,12.7029511369
140653,164870,166590,24217,1720,1,21600,15.0796511628
140654,164898,166263,24244,1365,1,21600,18.7611721612
140654,164888,165750,24234,862,1,21600,29.1136890951
140654,164904,168538,24250,3634,1,21600,7.67308750688
140655,164942,165696,24287,754,1,21600,33.2108753316
140655,164921,165876,24266,955,1,21600,26.4094240838
140655,164935,165660,24280,725,1,21600,34.4896551724
140656,164973,165593,24317,620,1,21600,40.2209677419
140656,164980,165704,24324,724,1,21600,34.5966850829
140656,164961,165831,24305,870,1,21600,28.9367816092
140657,166176,167104,25519,928,1,21600,28.4989224138
140657,166115,167038,25458,923,1,21600,28.5817984832
140657,166183,167809,25526,1626,1,21600,16.6986469865
140657,166108,167106,25451,998,1,21600,26.502004008
140658,166201,168193,25543,1992,1,21600,13.8227911647
140658,166194,167786,25536,1592,1,21600,17.040201005
140658,166206,167017,25548,811,1,21600,32.5018495684
140659,166322,169379,25663,3057,1,21600,9.39483153418
140659,166275,167082,25616,807,1,21600,32.7422552664
140659,166225,167079,25566,854,1,21600,30.9367681499
140660,166360,167116,25700,756,1,21600,34.9947089947
140660,166353,167820,25693,1467,1,21600,18.5139740968
140660,166346,167162,25686,816,1,21600,32.4779411765
140661,166374,167165,25713,791,1,21600,33.5069532238
140661,166367,167106,25706,739,1,21600,35.7848443843
140661,166381,169465,25720,3084,1,21600,9.33981841764
140662,166393,167292,25731,899,1,21600,29.6218020022
140662,166587,167966,25925,1379,1,21600,19.7998549674
140662,166445,169633,25783,3188,1,21600,9.08751568381
140662,166429,167363,25767,934,1,21600,28.5877944325
140663,166452,167485,25789,1033,1,21600,25.9651500484
140663,166503,167881,25840,1378,1,21600,19.7518142235
140663,166459,167554,25796,1095,1,21600,24.5579908676
140664,166527,167786,25863,1259,1,21600,21.5424940429
140664,166534,167399,25870,865,1,21600,30.9075144509
140664,166548,167463,25884,915,1,21600,29.2885245902
140665,166750,167866,26085,1116,1,21600,24.373655914
140665,166602,167750,25937,1148,1,21600,23.5932055749
140665,166570,167440,25905,870,1,21600,30.775862069
140666,166711,171179,26045,4468,1,21600,6.82923008057
140666,166704,170670,26038,3966,1,21600,7.56530509329
140666,166662,167843,25996,1181,1,21600,23.0118543607
140666,166690,170990,26024,4300,1,21600,7.05209302326
140667,166735,172232,26068,5497,1,21600,5.74222303074
140667,166787,168048,26120,1261,1,21600,21.7137192704
140667,166723,167815,26056,1092,1,21600,24.8608058608
140668,166923,167646,26255,723,1,21600,37.3139695712
140668,166833,168130,26165,1297,1,21600,21.1734772552
140668,166905,169096,26237,2191,1,21600,12.9748973072
140669,167073,167843,26404,770,1,21600,35.2909090909
140669,167029,167739,26360,710,1,21600,38.1267605634
140669,166968,168103,26299,1135,1,21600,24.1709251101
140669,166976,167744,26307,768,1,21600,35.25390625
140670,167057,168060,26387,1003,1,21600,27.3080757727
140670,167050,167996,26380,946,1,21600,28.8858350951
140670,166992,167944,26322,952,1,21600,28.6491596639
140671,167080,168012,26409,932,1,21600,29.3358369099
140756,167097,168021,26341,924,1,21600,29.5075757576
140756,167102,167983,26346,881,1,21600,30.9046538025
140756,167090,182296,26334,15206,1,21600,2.73181638827
140757,167170,168219,26413,1049,1,21600,26.1792183031
140757,167122,168256,26365,1134,1,21600,24.2495590829
140757,167165,168071,26408,906,1,21600,30.1479028698
140757,167127,167963,26370,836,1,21600,32.543062201
140758,167140,168470,26382,1330,1,21600,20.8360902256
140758,167132,168323,26374,1191,1,21600,23.1444164568
140758,167177,168314,26419,1137,1,21600,24.2357080035
140759,167159,170941,26400,3782,1,21600,7.980433633
140759,167183,169011,26424,1828,1,21600,15.4551422319
140759,167145,168274,26386,1129,1,21600,24.3711248893
140760,167283,168404,26523,1121,1,21600,24.6601248885
140760,167228,168903,26468,1675,1,21600,16.8017910448
140760,167207,170786,26447,3579,1,21600,8.38949427214
140761,167305,167928,26544,623,1,21600,43.606741573
140761,167377,168160,26616,783,1,21600,34.9923371648
140761,167297,168232,26536,935,1,21600,29.3807486631
140761,167336,168102,26575,766,1,21600,35.6932114883
140762,167411,168551,26649,1140,1,21600,24.3763157895
140762,167450,169128,26688,1678,1,21600,16.9046483909
140762,167435,168425,26673,990,1,21600,27.9424242424
140763,167497,168746,26734,1249,1,21600,22.4043234588
140763,167458,168287,26695,829,1,21600,33.2014475271
140763,167476,168630,26713,1154,1,21600,24.1481802426
140764,167504,168869,26740,1365,1,21600,20.5897435897
140764,167589,170015,26825,2426,1,21600,12.0572959604
140764,167566,169247,26802,1681,1,21600,16.9440809042
140764,167658,169693,26894,2035,1,21600,14.2157248157
140765,167670,170257,26905,2587,1,21600,11.4000773096
140765,167691,169406,26926,1715,1,21600,16.7002915452
140765,167681,169811,26916,2130,1,21600,13.6366197183
140766,167705,168824,26939,1119,1,21600,25.0741733691
140766,167698,169563,26932,1865,1,21600,15.4407506702
140766,167712,168540,26946,828,1,21600,33.5434782609
140767,167751,168371,26984,620,1,21600,44.5225806452
140767,167765,168357,26998,592,1,21600,46.6047297297
140767,167758,168356,26991,598,1,21600,46.135451505
140768,167797,168788,27029,991,1,21600,28.2744702321
140768,167778,168408,27010,630,1,21600,43.873015873
140768,167770,168385,27002,615,1,21600,44.9056910569
140769,167810,169415,27041,1605,1,21600,17.8479750779
140769,167803,170100,27034,2297,1,21600,12.7692642577
140769,167815,169469,27046,1654,1,21600,17.3518742443
140770,167836,169958,27066,2122,1,21600,13.7549481621
140770,167822,169319,27052,1497,1,21600,19.0708082832
140770,167829,169324,27059,1495,1,21600,19.0996655518
140771,167848,168438,27077,590,1,21600,46.893220339
140771,167855,168427,27084,572,1,21600,48.3496503497
140771,167843,169384,27072,1541,1,21600,18.5678131084
140771,167860,170261,27089,2401,1,21600,12.2823823407
140772,167867,168433,27095,566,1,21600,48.871024735
140772,167975,168536,27203,561,1,21600,49.4901960784
140772,167987,169070,27215,1083,1,21600,26.1292705448
140773,169128,171579,28355,2451,1,21600,12.56874745
140773,169135,170143,28362,1008,1,21600,29.1369047619
140773,169351,170428,28578,1077,1,21600,27.5348189415
140774,169389,170231,28615,842,1,21600,34.9845605701
140774,169382,170224,28608,842,1,21600,34.9762470309
140774,169375,170256,28601,881,1,21600,33.4642451759
140774,169356,169957,28582,601,1,21600,48.5574043261
140775,169406,170639,28631,1233,1,21600,24.2206001622
140775,169394,170647,28619,1253,1,21600,23.8403830806
140775,169401,170891,28626,1490,1,21600,20.2120805369
140776,169417,170057,28641,640,1,21600,45.7515625
140776,169412,170156,28636,744,1,21600,39.4892473118
140776,169424,170224,28648,800,1,21600,36.81
140777,169429,170134,28652,705,1,21600,41.6411347518
140777,169441,170444,28664,1003,1,21600,29.5782652044
140777,169436,170464,28659,1028,1,21600,28.8784046693
140778,169473,170382,28695,909,1,21600,32.5676567657
140778,169480,170362,28702,882,1,21600,33.5419501134
140778,169486,171310,28708,1824,1,21600,16.7390350877
140779,169504,170915,28725,1411,1,21600,21.357902197
140779,169497,170477,28718,980,1,21600,30.3040816327
140779,169492,170497,28713,1005,1,21600,29.5701492537
140780,169536,170226,28756,690,1,21600,42.6753623188
140780,169509,170730,28729,1221,1,21600,24.5290745291
140780,169575,171710,28795,2135,1,21600,14.4871194379
140780,169549,170571,28769,1022,1,21600,29.1497064579
140781,169603,170321,28822,718,1,21600,41.1420612813
140781,169610,170647,28829,1037,1,21600,28.8003857281
140782,169642,172324,28860,2682,1,21600,11.7606263982
140782,169636,170755,28854,1119,1,21600,26.7855227882
140782,169621,170431,28839,810,1,21600,36.6037037037
140783,169660,170358,28877,698,1,21600,42.3710601719
140783,169655,170513,28872,858,1,21600,34.6503496503
140783,169648,173728,28865,4080,1,21600,8.07475490196
140784,169669,170452,28885,783,1,21600,37.8901660281
140784,169684,170598,28900,914,1,21600,32.6192560175
140784,169676,170630,28892,954,1,21600,31.285115304
140785,169696,171923,28911,2227,1,21600,13.982038617
140785,169689,170430,28904,741,1,21600,40.0067476383
140785,169701,170726,28916,1025,1,21600,29.2107317073
140786,169733,171204,28947,1471,1,21600,20.678450034
140786,169706,175687,28920,5981,1,21600,5.83531182077
140786,169714,170816,28928,1102,1,21600,27.2504537205
140787,169757,170557,28970,800,1,21600,37.2125
140787,169741,173590,28954,3849,1,21600,8.52247336971
140787,169750,171332,28963,1582,1,21600,19.3078381795
140788,169764,173221,28976,3457,1,21600,9.38183396008
140788,169787,171335,28999,1548,1,21600,19.7332041344
140788,169771,170842,28983,1071,1,21600,28.0616246499
140789,169806,171553,29017,1747,1,21600,17.6096164854
140789,169813,171578,29024,1765,1,21600,17.4441926346
140789,169822,172348,29033,2526,1,21600,12.4936658749
140790,169852,170787,29062,935,1,21600,32.0823529412
140790,169835,175671,29045,5836,1,21600,5.97686771761
140790,169829,172120,29039,2291,1,21600,13.6752509821
140790,169840,173528,29050,3688,1,21600,8.87689804772
140791,169903,170567,29112,664,1,21600,44.843373494
140791,169896,170677,29105,781,1,21600,38.2663252241
140791,169910,170719,29119,809,1,21600,36.9938195303
140792,169965,170874,29173,909,1,21600,33.0935093509
140792,169948,170682,29156,734,1,21600,40.7220708447
140792,169941,170719,29149,778,1,21600,38.4665809769
140793,170018,171836,29225,1818,1,21600,17.0753575358
140793,169973,172402,29180,2429,1,21600,13.0131741457
140793,169978,172324,29185,2346,1,21600,13.4403239557
140794,170026,172893,29232,2867,1,21600,11.1960237182
140794,170034,179879,29240,9845,1,21600,3.97003555104
140794,170065,174028,29271,3963,1,21600,8.38607115821
140795,170112,173315,29317,3203,1,21600,10.1529815798
140795,170071,178041,29276,7970,1,21600,4.67327478043
140795,170145,174463,29350,4318,1,21600,7.79712830014
140796,170157,173447,29361,3290,1,21600,9.92431610942
140796,170168,170444,29372,276,1,21600,107.420289855
140796,170150,173724,29354,3574,1,21600,9.21320649133
140797,167886,168106,27089,220,1,21600,124.131818182
140797,167893,168743,27096,850,1,21600,32.8776470588
140797,167879,168077,27082,198,1,21600,137.777777778
140798,167957,168524,27159,567,1,21600,48.8994708995
140798,167992,169048,27194,1056,1,21600,26.7518939394
140798,167940,168527,27142,587,1,21600,47.2385008518
140799,168005,169116,27206,1111,1,21600,25.4878487849
140799,167998,169591,27199,1593,1,21600,18.0740740741
140799,168012,168868,27213,856,1,21600,32.7908878505
140799,168024,168285,27225,261,1,21600,105.310344828
140800,168060,168545,27260,485,1,21600,57.206185567
140800,168033,168303,27233,270,1,21600,101.862962963
140800,168072,168713,27272,641,1,21600,43.5460218409
140801,168083,168807,27282,724,1,21600,38.682320442
140801,168097,168411,27296,314,1,21600,87.9299363057
140801,168090,168700,27289,610,1,21600,45.7360655738
140802,168112,168429,27310,317,1,21600,87.1514195584
140802,168130,168773,27328,643,1,21600,43.500777605
140802,168124,168794,27322,670,1,21600,41.7791044776
140802,168119,168458,27317,339,1,21600,81.581120944
140803,168172,168797,27369,625,1,21600,44.7904
140803,168179,168395,27376,216,1,21600,127.740740741
140803,168143,169659,27340,1516,1,21600,19.0343007916
140804,168205,169537,27401,1332,1,21600,21.5713213213
140804,168224,168621,27420,397,1,21600,70.0680100756
140804,168212,168460,27408,248,1,21600,111.516129032
140805,168244,168577,27439,333,1,21600,83.3993993994
140805,168269,168885,27464,616,1,21600,45.5844155844
140805,168254,168888,27449,634,1,21600,44.2949526814
140805,168232,168611,27427,379,1,21600,73.3667546174
140806,168286,168878,27480,592,1,21600,47.4189189189
140806,168297,168868,27491,571,1,21600,49.1453590193
140806,168304,168901,27498,597,1,21600,47.0603015075
140807,168316,169374,27509,1058,1,21600,27.0009451796
140807,168335,168922,27528,587,1,21600,47.8960817717
140807,168326,169813,27519,1487,1,21600,19.5063887021
140808,168360,169376,27552,1016,1,21600,28.1181102362
140808,168368,169721,27560,1353,1,21600,21.36954915
140808,168375,170379,27567,2004,1,21600,14.755988024
140809,168407,169631,27598,1224,1,21600,23.5473856209
140809,168383,169800,27574,1417,1,21600,20.4594213126
140809,168397,171121,27588,2724,1,21600,11.127753304
140810,168435,169254,27625,819,1,21600,34.7301587302
140810,168428,168764,27618,336,1,21600,83.1964285714
140810,168416,169931,27606,1515,1,21600,19.2217821782
140810,168422,168731,27612,309,1,21600,90.359223301
140811,168442,170987,27631,2545,1,21600,11.8569744597
140811,168453,170561,27642,2108,1,21600,14.1129032258
140811,168447,169194,27636,747,1,21600,37.9959839357
140812,168460,169818,27648,1358,1,21600,21.3593519882
140812,168465,169403,27653,938,1,21600,30.4808102345
140812,168472,170501,27660,2029,1,21600,14.6323311976
140813,168502,169071,27689,569,1,21600,49.6625659051
140813,168477,169138,27664,661,1,21600,42.8517397882
140813,168484,169016,27671,532,1,21600,53.0131578947
140814,168536,168804,27722,268,1,21600,104.440298507
140814,168543,168912,27729,369,1,21600,76.1463414634
140814,168549,170166,27735,1617,1,21600,18.1521335807
140815,168574,169625,27759,1051,1,21600,27.4119885823
140815,168567,169469,27752,902,1,21600,31.7671840355
140815,168562,172017,27747,3455,1,21600,9.03096960926
140815,168555,169635,27740,1080,1,21600,26.6851851852
140816,168604,169256,27788,652,1,21600,43.6196319018
140816,168597,169330,27781,733,1,21600,38.9004092769
140816,168590,169385,27774,795,1,21600,35.9358490566
140817,168611,169252,27794,641,1,21600,44.360374415
140817,168622,169254,27805,632,1,21600,44.9952531646
140817,168634,169057,27817,423,1,21600,66.7612293144
140818,168726,169167,27908,441,1,21600,64.283446712
140818,168713,169123,27895,410,1,21600,69.0365853659
140818,168642,169072,27824,430,1,21600,65.7069767442
140819,168743,170005,27924,1262,1,21600,23.1267828843
140819,168762,170052,27943,1290,1,21600,22.6612403101
140819,168755,169894,27936,1139,1,21600,25.5267778753
140820,168785,169388,27965,603,1,21600,47.3764510779
140820,168800,169333,27980,533,1,21600,53.4953095685
140820,168776,169256,27956,480,1,21600,59.2416666667
140820,168769,172866,27949,4097,1,21600,7.82182084452
140821,168813,169137,27992,324,1,21600,87.3950617284
140821,168821,169120,28000,299,1,21600,94.6454849498
140821,168807,169461,27986,654,1,21600,43.7920489297
140822,168826,170512,28004,1686,1,21600,17.6097271649
140822,168872,169491,28050,619,1,21600,46.3150242326
140822,168835,171381,28013,2546,1,21600,12.0027494108
140823,168891,169258,28068,367,1,21600,77.4795640327
140823,168885,169259,28062,374,1,21600,76.0320855615
140823,168880,169180,28057,300,1,21600,94.5233333333
140824,168903,169367,28079,464,1,21600,61.5150862069
140824,168910,169524,28086,614,1,21600,46.7426710098
140824,168898,169363,28074,465,1,21600,61.3741935484
140825,168922,171101,28097,2179,1,21600,13.894446994
140825,168917,169475,28092,558,1,21600,51.3440860215
140825,168929,169672,28104,743,1,21600,38.8250336474
140826,168936,171080,28110,2144,1,21600,14.1110074627
140826,169030,169684,28204,654,1,21600,44.125382263
140826,169023,169930,28197,907,1,21600,32.0882028666
140827,169069,169674,28242,605,1,21600,47.6809917355
140827,169082,169817,28255,735,1,21600,39.4421768707
140827,169060,171089,28233,2029,1,21600,14.9147363233
140828,169105,171268,28277,2163,1,21600,14.0730466944
140828,169087,169673,28259,586,1,21600,49.2235494881
140828,169094,169747,28266,653,1,21600,44.2863705972
140829,169112,169794,28283,682,1,21600,42.4706744868
140829,170179,170873,29350,694,1,21600,43.2910662824
140830,170230,171203,29400,973,1,21600,31.2158273381
140830,170237,170975,29407,738,1,21600,40.8468834688
140830,170242,171143,29412,901,1,21600,33.6437291898
140831,170249,171160,29418,911,1,21600,33.2919868277
140831,170254,170817,29423,563,1,21600,53.2611012433
140832,169147,170022,28315,875,1,21600,33.36
140832,169154,169884,28322,730,1,21600,39.797260274
140832,169140,171954,28308,2814,1,21600,11.0597014925
140833,169159,169953,28326,794,1,21600,36.6750629723
140833,169179,170217,28346,1038,1,21600,28.3082851638
140834,169191,170574,28357,1383,1,21600,21.5039768619
140834,169207,169488,28373,281,1,21600,101.971530249
140834,169259,169624,28425,365,1,21600,78.8767123288
140834,169265,169889,28431,624,1,21600,46.5625
140835,169276,169657,28441,381,1,21600,75.6482939633
140835,169283,169598,28448,315,1,21600,91.3111111111
140835,169271,169608,28436,337,1,21600,85.3798219585
140836,169299,169775,28463,476,1,21600,60.7962184874
140836,169294,169840,28458,546,1,21600,53.1208791209
140836,169288,169677,28452,389,1,21600,74.1413881748
140837,169332,169745,28495,413,1,21600,69.995157385
140837,169344,169738,28507,394,1,21600,73.3527918782
140837,169338,169728,28501,390,1,21600,74.0794871795
140838,170280,170937,29442,657,1,21600,45.8127853881
140838,170333,170955,29495,622,1,21600,48.4196141479
140838,170268,170658,29430,390,1,21600,76.4615384615
140838,170275,170727,29437,452,1,21600,66.1261061947
140839,170356,170828,29517,472,1,21600,63.5360169492
140839,170340,170997,29501,657,1,21600,45.902587519
140839,170369,170873,29530,504,1,21600,59.5912698413
140840,170397,170981,29557,584,1,21600,51.6113013699
140840,170440,171862,29600,1422,1,21600,21.8157524613
140840,170377,172654,29537,2277,1,21600,13.9718928415
140840,170390,170948,29550,558,1,21600,53.9569892473
140841,170447,172378,29606,1931,1,21600,16.3319523563
140841,170471,172732,29630,2261,1,21600,14.1048208757
140842,170459,171605,29617,1146,1,21600,26.8438045375
140842,170452,175296,29610,4844,1,21600,7.11271676301
140842,170464,173048,29622,2584,1,21600,12.463622291
140842,170478,173160,29636,2682,1,21600,12.0499627144
140843,170490,170906,29647,416,1,21600,72.2668269231
140843,170516,170959,29673,443,1,21600,67.9819413093
140843,170509,171137,29666,628,1,21600,48.2388535032
140844,170524,170933,29680,409,1,21600,73.5672371638
140844,170529,171698,29685,1169,1,21600,26.3934987169
140844,170568,171067,29724,499,1,21600,60.5671342685
140845,170582,171118,29737,536,1,21600,56.4794776119
140845,170588,171228,29743,640,1,21600,47.4734375
140845,170576,171109,29731,533,1,21600,56.7804878049
140846,170611,171702,29765,1091,1,21600,28.2823098075
140846,170651,171238,29805,587,1,21600,51.7751277683
140846,170641,171241,29795,600,1,21600,50.6583333333
140846,170595,171991,29749,1396,1,21600,22.3101719198
140847,170665,171238,29818,573,1,21600,53.0383944154
140847,170660,171248,29813,588,1,21600,51.7023809524
140847,170672,171375,29825,703,1,21600,43.4253200569
140848,170689,172609,29841,1920,1,21600,16.5421875
140848,170682,171387,29834,705,1,21600,43.3177304965
140848,170697,171362,29849,665,1,21600,45.8857142857
140849,170736,174095,29887,3359,1,21600,9.89758856803
140849,170731,171403,29882,672,1,21600,45.4672619048
140849,170743,172178,29894,1435,1,21600,21.8320557491
140850,170767,172756,29917,1989,1,21600,16.0412267471
140850,170748,172785,29898,2037,1,21600,15.677466863
140850,170753,171301,29903,548,1,21600,55.5675182482
140851,170797,172786,29946,1989,1,21600,16.0558069382
140851,170805,171712,29954,907,1,21600,34.0253583241
140852,170827,172549,29975,1722,1,21600,18.4070847851
140852,170855,171761,30003,906,1,21600,34.1158940397
140852,170834,172671,29982,1837,1,21600,17.3211758302
140852,170842,171670,29990,828,1,21600,37.2198067633
140853,170884,174498,30031,3614,1,21600,9.3096292197
140853,170897,171811,30044,914,1,21600,33.8708971554
140853,170890,171937,30037,1047,1,21600,29.6886341929
140854,170918,172011,30064,1093,1,21600,28.505946935
140854,170927,172024,30073,1097,1,21600,28.4138559708
140854,170904,172621,30050,1717,1,21600,18.501456028
140855,170959,172059,30104,1100,1,21600,28.3672727273
140855,170951,174031,30096,3080,1,21600,10.7714285714
140855,170945,172091,30090,1146,1,21600,27.2565445026
140856,170976,171916,30120,940,1,21600,33.0425531915
140856,170964,173091,30108,2127,1,21600,15.1551480959
140856,170987,174184,30131,3197,1,21600,10.4247732249
140856,170971,172350,30115,1379,1,21600,22.8382886149
140857,171001,171450,30144,449,1,21600,68.135857461
140857,171008,172408,30151,1400,1,21600,22.5364285714
140857,170994,172491,30137,1497,1,21600,21.1315965264
140858,171020,172522,30162,1502,1,21600,21.0812250333
140858,171079,172564,30221,1485,1,21600,21.3508417508
140858,171013,175558,30155,4545,1,21600,7.63476347635
140859,171101,171535,30242,434,1,21600,70.6820276498
140859,171092,172777,30233,1685,1,21600,18.9424332344
140859,171114,172815,30255,1701,1,21600,18.7865961199
140860,171121,171959,30261,838,1,21600,37.1109785203
140860,171130,172168,30270,1038,1,21600,30.161849711
140860,171137,172086,30277,949,1,21600,32.904109589
140861,171149,171833,30288,684,1,21600,45.2807017544
140861,171156,171787,30295,631,1,21600,49.0110935024
140861,171170,172024,30309,854,1,21600,36.4906323185
140862,171177,172898,30315,1721,1,21600,18.6147588611
140862,171191,173263,30329,2072,1,21600,15.6375482625
140862,171215,172839,30353,1624,1,21600,19.690270936
140863,171240,172770,30377,1530,1,21600,20.854248366
140863,171222,173011,30359,1789,1,21600,17.9698155394
140863,171250,172141,30387,891,1,21600,35.1043771044
140864,171273,172113,30409,840,1,21600,37.2011904762
140864,171267,172005,30403,738,1,21600,42.1964769648
140864,171255,172184,30391,929,1,21600,33.7136706136
140865,171280,172151,30415,871,1,21600,35.9196326062
140865,171313,172292,30448,979,1,21600,32.1011235955
140865,171322,173488,30457,2166,1,21600,15.0614035088
140866,171374,172026,30508,652,1,21600,47.7914110429
140866,171344,171707,30478,363,1,21600,84.9614325069
140866,171351,171893,30485,542,1,21600,57.2453874539
140866,171388,171880,30522,492,1,21600,63.0365853659
140867,171395,171966,30528,571,1,21600,54.4640980736
140867,171415,171917,30548,502,1,21600,61.8525896414
140867,171402,173938,30535,2536,1,21600,13.040615142
140868,171548,172507,30680,959,1,21600,32.9916579771
140868,171462,172652,30594,1190,1,21600,26.7092436975
140868,171566,172646,30698,1080,1,21600,29.4240740741
140869,171616,172856,30747,1240,1,21600,25.7959677419
140869,171597,173102,30728,1505,1,21600,21.4172757475
140869,171590,173223,30721,1633,1,21600,19.8126148194
140870,171683,172704,30813,1021,1,21600,31.1792360431
140870,171717,172134,30847,417,1,21600,74.9736211031
140870,171710,172159,30840,449,1,21600,69.6859688196
140871,171734,172327,30863,593,1,21600,53.0455311973
140871,171729,172311,30858,582,1,21600,54.0206185567
140871,171723,172117,30852,394,1,21600,79.3045685279
140872,171827,172277,30955,450,1,21600,69.7888888889
140872,171800,172639,30928,839,1,21600,37.862932062
140872,171774,172601,30902,827,1,21600,38.3663845224
140873,171853,172469,30980,616,1,21600,51.2922077922
140873,171833,172581,30960,748,1,21600,42.3903743316
140873,171846,172379,30973,533,1,21600,59.1106941839
140874,171906,172494,31032,588,1,21600,53.7755102041
140874,171892,172475,31018,583,1,21600,54.2041166381
140874,171874,172429,31000,555,1,21600,56.8558558559
140875,171934,173910,31059,1976,1,21600,16.7181174089
140875,171928,172843,31053,915,1,21600,34.937704918
140875,171941,172743,31066,802,1,21600,39.7356608479
140876,171967,175085,31091,3118,1,21600,10.9714560616
140876,171954,174432,31078,2478,1,21600,13.5415657789
140877,171981,173325,31104,1344,1,21600,24.1428571429
140877,171974,173086,31097,1112,1,21600,28.9649280576
140878,172005,173336,31127,1331,1,21600,24.3861758077
140878,172017,173339,31139,1322,1,21600,24.5544629349
140878,172031,173488,31153,1457,1,21600,22.3816060398
140878,172023,174540,31145,2517,1,21600,13.3738577672
140879,172038,173317,31159,1279,1,21600,25.3620015637
140879,172043,172734,31164,691,1,21600,46.0998552822
140879,172048,172716,31169,668,1,21600,47.6601796407
140880,172098,173347,31218,1249,1,21600,25.9943955164
140880,172105,174274,31225,2169,1,21600,15.3960350392
140880,172076,172871,31196,795,1,21600,40.2402515723
140881,172128,173295,31247,1167,1,21600,27.7754927164
140881,172140,172481,31259,341,1,21600,92.6686217009
140881,172135,172486,31254,351,1,21600,90.0427350427
140882,172154,172616,31272,462,1,21600,68.6883116883
140882,172146,172640,31264,494,1,21600,64.2874493927
140882,172163,172673,31281,510,1,21600,62.3352941176
140883,172183,172847,31300,664,1,21600,48.1385542169
140883,172176,173247,31293,1071,1,21600,30.218487395
140884,172198,173643,31314,1445,1,21600,22.6705882353
140884,172191,172945,31307,754,1,21600,42.5212201592
140884,172289,173210,31405,921,1,21600,35.098805646
140885,172360,172893,31475,533,1,21600,60.052532833
140885,172244,173145,31359,901,1,21600,35.8046614872
140885,172304,172739,31419,435,1,21600,73.2275862069
140886,172347,172895,31461,548,1,21600,58.4105839416
140886,172340,172942,31454,602,1,21600,53.2491694352
140886,172335,174359,31449,2024,1,21600,16.5380434783
140886,172327,172795,31441,468,1,21600,68.1816239316
140887,172396,172945,31509,549,1,21600,58.393442623
140887,172390,172921,31503,531,1,21600,60.3276836158
140887,172367,172944,31480,577,1,21600,55.5580589255
140888,172441,173476,31553,1035,1,21600,31.4859903382
140888,172415,174868,31527,2453,1,21600,13.8524256013
140888,172422,173180,31534,758,1,21600,42.6015831135
140889,172481,173408,31592,927,1,21600,35.0798274002
140889,172488,173406,31599,918,1,21600,35.4215686275
140890,172508,173491,31618,983,1,21600,33.1648016277
140890,172495,173653,31605,1158,1,21600,28.292746114
140890,172501,173758,31611,1257,1,21600,26.1479713604
140891,172513,173598,31622,1085,1,21600,30.1447004608
140891,172613,173589,31722,976,1,21600,33.5020491803
140891,172593,173644,31702,1051,1,21600,31.1636536632
140891,172576,173426,31685,850,1,21600,38.2764705882
140892,172534,173558,31642,1024,1,21600,31.900390625
140892,172561,173841,31669,1280,1,21600,25.74140625
140892,172520,176186,31628,3666,1,21600,9.6273867976
140893,172620,174760,31727,2140,1,21600,15.8257009346
140893,172628,174839,31735,2211,1,21600,15.3532338308
140893,172634,180471,31741,7837,1,21600,5.05014673982
140894,172657,175718,31763,3061,1,21600,11.3766742894
140894,172662,174495,31768,1833,1,21600,18.3311511184
140894,172650,174864,31756,2214,1,21600,15.3432700994
140895,172675,175235,31780,2560,1,21600,13.4140625
140895,172670,174831,31775,2161,1,21600,15.7038408144
140895,172683,173260,31788,577,1,21600,56.0918544194
140896,172690,173435,31794,745,1,21600,43.6765100671
140896,172716,173250,31820,534,1,21600,60.5880149813
140896,172729,173296,31833,567,1,21600,57.1428571429
140896,172744,173279,31848,535,1,21600,60.5289719626
140897,172751,173412,31854,661,1,21600,49.1906202723
140897,172763,173485,31866,722,1,21600,45.135734072
140897,172756,173498,31859,742,1,21600,43.9366576819
140898,172770,173542,31872,772,1,21600,42.2849740933
141699,141878,149153,179,7275,5,16200,1.024604811
141879,147812,157168,5933,9356,5,16200,1.63413852074
142788,149165,159745,6377,10580,5,16200,1.60274102079
147818,148528,164083,710,15555,5,16200,1.0456444873
148536,150994,158920,2458,7926,5,16200,1.31011859702
149168,149727,163115,559,13388,5,16200,1.04175380938
149724,150638,163560,914,12922,5,16200,1.07073208482
150640,157182,168995,6542,11813,5,16200,1.55379666469
150991,158934,167968,7943,9034,5,16200,1.87923400487
157186,164094,172205,6908,8111,5,16200,1.85168289977
157799,158727,158739,928,12,24,32400,78.3333333333
158941,159757,169911,816,10154,5,16200,1.08036241875
159757,163127,171146,3370,8019,5,16200,1.42025190173
163126,163572,171241,446,7669,5,16200,1.05815621333
163568,169006,184077,5438,15071,5,16200,1.36082542632
163581,163590,190313,9,26723,24,32400,1.00033678853
163592,190319,222727,26727,32408,24,32400,1.82470377685
164096,167981,180541,3885,12560,5,16200,1.30931528662
167980,169923,178454,1943,8531,5,16200,1.22775758997
169008,171162,179555,2154,8393,5,16200,1.25664244013
169925,171262,179594,1337,8332,5,16200,1.16046567451
171161,172217,185897,1056,13680,5,16200,1.07719298246
171265,178465,193492,7200,15027,5,16200,1.47913755241
171400,171408,171673,8,265,1,3540,1.03018867925
171814,171821,173990,7,2169,1,3540,1.00322729368
171892,171899,172088,7,189,1,3540,1.03703703704
171942,171949,172227,7,278,1,3540,1.02517985612
171991,171998,172290,7,292,1,3540,1.02397260274
172065,172070,172314,5,244,1,3540,1.02049180328
172115,172121,172423,6,302,1,3540,1.01986754967
172163,172170,172665,7,495,1,3540,1.01414141414
172213,172224,172759,11,535,1,3540,1.02056074766
172216,179566,191803,7350,12237,5,16200,1.60063741113
172263,172270,172772,7,502,1,3540,1.01394422311
172313,172320,172845,7,525,1,3540,1.01333333333
172390,172403,172967,13,564,1,3540,1.02304964539
172593,172599,172871,6,272,1,3540,1.02205882353
172849,172856,173053,7,197,1,3540,1.03553299492
172922,172928,173064,6,136,1,3540,1.04411764706
178466,179605,195277,1139,15672,5,16200,1.07267738642
179563,180552,190061,989,9509,5,16200,1.10400673047
179605,184088,200232,4483,16144,5,16200,1.27768830525
180548,185909,197734,5361,11825,5,16200,1.4533615222
181433,181439,185047,6,3608,1,3600,1.00166297118
184085,190073,201698,5988,11625,5,16200,1.51509677419
185002,185008,185017,6,9,1,1800,1.5
185160,185167,185241,7,74,1,1800,1.09459459459
185162,185173,185284,11,111,1,3600,1.0990990991
185424,185431,185683,7,252,1,3600,1.02777777778
185462,185468,185557,6,89,1,1800,1.06741573034
185909,193504,204948,7595,11444,5,16200,1.66366655016
185937,185943,186501,6,558,1,3600,1.01075268817
186016,186022,186400,6,378,1,1800,1.01587301587
187044,187050,187059,6,9,1,3600,1.5
187046,187057,187064,11,7,1,1800,1.8
187178,187184,187262,6,78,1,3600,1.07692307692
187211,187218,187256,7,38,1,1800,1.18421052632
187406,187412,187649,6,237,1,3600,1.0253164557
187477,187483,187558,6,75,1,1800,1.08
187959,187966,188366,7,400,1,3600,1.0175
188156,188162,188363,6,201,1,1800,1.02985074627
190069,191815,200727,1746,8912,5,16200,1.19591561939
191812,195289,204948,3477,9659,5,16200,1.35997515271
193502,200244,212471,6742,12227,5,16200,1.55140263352
195286,197745,207944,2459,10199,5,16200,1.24110206883
197745,201710,210935,3965,9225,5,16200,1.4298102981
200245,200739,208969,494,8230,5,16200,1.06002430134
200736,204961,206541,4225,1580,5,14400,3.67405063291
201710,204966,206409,3256,1443,5,14400,3.25641025641
204959,206420,207888,1461,1468,5,14400,1.99523160763
204970,206552,207999,1582,1447,5,14400,2.09329647547
205221,205227,234136,6,28909,8,28800,1.00020754782
206381,206387,206467,6,80,2,1200,1.075
206425,207899,209243,1474,1344,5,14400,2.09672619048
206548,208009,209409,1461,1400,5,14400,2.04357142857
206714,206721,206753,7,32,2,1800,1.21875
207759,207765,246611,6,38846,1,345000,1.00015445606
207903,208044,209533,141,1489,5,14400,1.09469442579
207911,207918,207920,7,2,1,7200,1.0
207912,207935,208197,23,262,1,7200,1.08778625954
207912,207929,207930,17,1,1,7200,1.8
207912,207923,208038,11,115,1,7200,1.09565217391
207913,207947,207967,34,20,1,7200,2.7
207913,207941,208035,28,94,1,7200,1.29787234043
207914,207958,208323,44,365,1,7200,1.12054794521
207914,207952,207953,38,1,1,7200,3.9
207914,207963,208500,49,537,1,7200,1.09124767225
207915,207974,215196,59,7222,1,7200,1.00816948214
207915,207968,215194,53,7226,1,7200,1.00733462497
207915,207980,207981,65,1,1,7200,6.6
207916,207991,207992,75,1,1,7200,7.6
207916,207985,209989,69,2004,1,7200,1.03443113772
207917,208050,208060,133,10,1,7200,14.3
207917,208002,211690,85,3688,1,7200,1.02304772234
207917,207997,207999,80,2,1,7200,8.2
207918,208061,208063,143,2,1,7200,14.5
207918,208067,208068,149,1,1,7200,15.0
207918,208074,208076,156,2,1,7200,15.8
207919,208091,208092,172,1,1,7200,17.3
207919,208080,215318,161,7238,1,7200,1.02224371373
207919,208085,209340,166,1255,1,7200,1.13227091633
207920,208109,208120,189,11,1,7200,18.1818181818
207920,208103,208132,183,29,1,7200,7.31034482759
207920,208098,209050,178,952,1,7200,1.18697478992
207920,208115,208117,195,2,1,7200,19.7
207921,208129,208131,208,2,1,7200,21.0
207921,208143,208217,222,74,1,7200,4.0
207921,208136,208484,215,348,1,7200,1.61781609195
207922,208209,208211,287,2,1,7200,28.9
207922,208150,208915,228,765,1,7200,1.29803921569
207923,208237,208317,314,80,1,7200,4.925
207923,208222,208223,299,1,1,7200,30.0
207926,208329,209537,403,1208,1,7200,1.33360927152
207927,208334,208335,407,1,1,7200,40.8
207927,208342,209841,415,1499,1,7200,1.27685123416
207929,208445,208470,516,25,1,7200,21.64
207930,208015,208027,85,12,1,7200,8.08333333333
207930,208021,208032,91,11,1,7200,9.27272727273
207931,208037,210083,106,2046,1,7200,1.05180840665
207931,208032,208917,101,885,1,7200,1.11412429379
207931,208026,208027,95,1,1,7200,9.6
207932,208483,208501,551,18,1,7200,31.6111111111
207932,208496,208521,564,25,1,7200,23.56
207932,208512,208514,580,2,1,7200,58.2
207933,208519,209260,586,741,1,7200,1.79082321188
207933,208526,208570,593,44,1,7200,14.4772727273
207933,208533,208535,600,2,1,7200,60.2
207934,208547,208548,613,1,1,7200,61.4
207935,208582,208958,647,376,1,7200,2.72074468085
207945,208928,208930,983,2,1,7200,98.5
207945,208940,208944,995,4,1,7200,99.9
207946,208953,209034,1007,81,1,7200,13.4320987654
207947,208966,210409,1019,1443,1,7200,1.70616770617
207948,208978,209009,1030,31,1,7200,34.2258064516
207949,209024,209857,1075,833,1,7200,2.29051620648
207950,209064,211854,1114,2790,1,7200,1.39928315412
207950,209050,209170,1100,120,1,7200,10.1666666667
207954,209188,210349,1234,1161,1,7200,2.06287683032
207956,209271,209273,1315,2,1,7200,131.7
207957,209286,209292,1329,6,1,7200,133.5
207958,209304,209561,1346,257,1,7200,6.2373540856
207959,209357,210371,1398,1014,1,7200,2.37869822485
207960,209552,209703,1592,151,1,7200,11.5430463576
207960,209364,209539,1404,175,1,7200,9.02285714286
207960,209557,209667,1597,110,1,7200,15.5181818182
207964,209679,209785,1715,106,1,7200,17.179245283
207965,209717,209728,1752,11,1,7200,160.272727273
207966,209743,210205,1777,462,1,7200,4.84632034632
207968,209797,210231,1829,434,1,7200,5.21428571429
207969,209853,210750,1884,897,1,7200,3.10033444816
207970,209869,210280,1899,411,1,7200,5.6204379562
207973,210007,210012,2034,5,1,7200,203.9
207974,210023,210209,2049,186,1,7200,12.0161290323
207977,210098,210940,2121,842,1,7200,3.5190023753
207980,210220,210657,2240,437,1,7200,6.12585812357
207981,210232,210234,2251,2,1,7200,225.3
207981,210246,210274,2265,28,1,7200,81.8928571429
207982,210263,210470,2281,207,1,7200,12.0193236715
207983,210289,211658,2306,1369,1,7200,2.68444119795
207983,210296,210297,2313,1,1,7200,231.4
207986,210356,210397,2370,41,1,7200,58.8048780488
207986,210363,210364,2377,1,1,7200,237.8
207987,210388,210447,2401,59,1,7200,41.6949152542
207989,210419,210453,2430,34,1,7200,72.4705882353
207990,210431,210453,2441,22,1,7200,111.954545455
207992,210470,210488,2478,18,1,7200,138.666666667
207993,210481,217712,2488,7231,1,7200,1.34407412529
207994,210504,212802,2510,2298,1,7200,2.09225413403
207994,210493,210494,2499,1,1,7200,250.0
207995,210516,210517,2521,1,1,7200,252.2
207995,210522,210530,2527,8,1,7200,253.5
207997,210557,211254,2560,697,1,7200,4.67288378766
207997,210551,210552,2554,1,1,7200,255.5
208002,210635,210636,2633,1,1,7200,263.4
208003,210660,210661,2657,1,1,7200,265.8
208003,210672,210673,2669,1,1,7200,267.0
208003,210678,210872,2675,194,1,7200,14.7886597938
208004,210690,210747,2686,57,1,7200,48.1228070175
208005,210701,210702,2696,1,1,7200,269.7
208007,209254,210668,1247,1414,5,14400,1.88189533239
208008,210775,210776,2767,1,1,7200,276.8
208008,210764,211039,2756,275,1,7200,11.0218181818
208008,210769,210770,2761,1,1,7200,276.2
208009,210799,210800,2790,1,1,7200,279.1
208010,210811,210812,2801,1,1,7200,280.2
208012,210847,210848,2835,1,1,7200,283.6
208014,210895,210896,2881,1,1,7200,288.2
208015,210901,210944,2886,43,1,7200,68.1162790698
208017,210943,210944,2926,1,1,7200,292.7
208019,210980,210981,2961,1,1,7200,296.2
208019,210986,210995,2967,9,1,7200,297.6
208020,211009,211010,2989,1,1,7200,299.0
208022,211039,211241,3017,202,1,7200,15.9356435644
208024,211070,214300,3046,3230,1,7200,1.94303405573
208024,211062,211063,3038,1,1,7200,303.9
208026,211098,211099,3072,1,1,7200,307.3
208027,211116,211117,3089,1,1,7200,309.0
208028,211134,211135,3106,1,1,7200,310.7
208029,211163,211234,3134,71,1,7200,45.1408450704
208029,211152,211321,3123,169,1,7200,19.4792899408
208029,211158,211382,3129,224,1,7200,14.96875
208034,211286,211287,3252,1,1,7200,325.3
208034,211280,211301,3246,21,1,7200,155.571428571
208035,211304,211305,3269,1,1,7200,327.0
208036,211322,211503,3286,181,1,7200,19.1546961326
208037,211334,211335,3297,1,1,7200,329.8
208037,211345,211346,3308,1,1,7200,330.9
208037,211352,211353,3315,1,1,7200,331.6
208042,211423,211425,3381,2,1,7200,338.3
208048,211516,211552,3468,36,1,7200,97.3333333333
208049,211535,211537,3486,2,1,7200,348.8
208049,211540,211541,3491,1,1,7200,349.2
208049,208985,210528,936,1543,5,14400,1.60661049903
208051,211564,211575,3513,11,1,7200,320.363636364
208052,211594,211619,3542,25,1,7200,142.68
208053,211601,211602,3548,1,1,7200,354.9
208053,211612,211765,3559,153,1,7200,24.2614379085
208054,211635,211636,3581,1,1,7200,358.2
208056,211664,211668,3608,4,1,7200,361.2
208057,211677,211678,3620,1,1,7200,362.1
208057,211688,211689,3631,1,1,7200,363.2
208059,211717,211718,3658,1,1,7200,365.9
208060,211723,211725,3663,2,1,7200,366.5
208062,211758,211759,3696,1,1,7200,369.7
208063,211782,211783,3719,1,1,7200,372.0
208064,211806,211816,3742,10,1,7200,375.2
208064,211793,211797,3729,4,1,7200,373.3
208065,211811,211812,3746,1,1,7200,374.7
208065,211817,211948,3752,131,1,7200,29.641221374
208066,211823,211852,3757,29,1,7200,130.551724138
208066,211834,211835,3768,1,1,7200,376.9
208066,211828,211829,3762,1,1,7200,376.3
208067,211857,219094,3790,7237,1,7200,1.52369766478
208067,211852,214847,3785,2995,1,7200,2.26377295492
208067,211839,211840,3772,1,1,7200,377.3
208067,211846,211856,3779,10,1,7200,378.9
208068,211870,211887,3802,17,1,7200,224.647058824
208068,211863,211878,3795,15,1,7200,254.0
208069,211881,211882,3812,1,1,7200,381.3
208069,211876,211894,3807,18,1,7200,212.5
208069,211887,211888,3818,1,1,7200,381.9
208070,211905,211908,3835,3,1,7200,383.8
208070,211892,211893,3822,1,1,7200,382.3
208070,211899,213493,3829,1594,1,7200,3.40213299875
208071,211915,211916,3844,1,1,7200,384.5
208071,211910,211916,3839,6,1,7200,384.5
208071,211923,211925,3852,2,1,7200,385.4
208072,211946,211948,3874,2,1,7200,387.6
208072,211929,211964,3857,35,1,7200,111.2
208072,211941,213157,3869,1216,1,7200,4.18174342105
208072,211934,211937,3862,3,1,7200,386.5
208073,211964,213718,3891,1754,1,7200,3.21835803877
208073,211959,211961,3886,2,1,7200,388.8
208073,211952,212049,3879,97,1,7200,40.9896907216
208074,211972,211975,3898,3,1,7200,390.1
208074,211979,213151,3905,1172,1,7200,4.3319112628
208075,211984,212225,3909,241,1,7200,17.2199170124
208075,211991,212523,3916,532,1,7200,8.36090225564
208075,212061,219295,3986,7234,1,7200,1.55100912358
208076,212237,212249,4161,12,1,7200,347.75
208076,212535,212539,4459,4,1,7200,446.3
208076,212261,214158,4185,1897,1,7200,3.20611491829
208077,212552,212553,4475,1,1,7200,447.6
208077,212565,215014,4488,2449,1,7200,2.83258472846
208077,212814,212847,4737,33,1,7200,144.545454545
208078,213184,215214,5106,2030,1,7200,3.51527093596
208078,212859,214832,4781,1973,1,7200,3.42321338064
208078,213170,213172,5092,2,1,7200,509.4
208078,213163,213353,5085,190,1,7200,27.7631578947
208079,214679,215172,6600,493,1,7200,14.3874239351
208079,213365,213475,5286,110,1,7200,49.0545454545
208082,214769,214770,6687,1,1,7200,668.8
208085,214849,215603,6764,754,1,7200,9.97082228117
208086,214867,214868,6781,1,1,7200,678.2
208086,214880,214884,6794,4,1,7200,679.8
208087,214886,214978,6799,92,1,7200,74.902173913
208088,214910,214911,6822,1,1,7200,682.3
208089,214934,215057,6845,123,1,7200,56.6504065041
208092,214987,214988,6895,1,1,7200,689.6
208092,215000,215191,6908,191,1,7200,37.167539267
208094,213487,213565,5393,78,1,7200,70.141025641
208094,215032,215102,6938,70,1,7200,100.114285714
208095,213519,214858,5424,1339,1,7200,5.05078416729
208095,213505,213507,5410,2,1,7200,541.2
208095,213578,217330,5483,3752,1,7200,2.46135394456
208096,213730,213803,5634,73,1,7200,78.1780821918
208096,213829,213851,5733,22,1,7200,261.590909091
208096,213815,213817,5719,2,1,7200,572.1
208097,213924,213974,5827,50,1,7200,117.54
208097,213904,213906,5807,2,1,7200,580.9
208097,213865,213892,5768,27,1,7200,214.62962963
208098,213986,214613,5888,627,1,7200,10.3907496013
208098,214187,214562,6089,375,1,7200,17.2373333333
208098,214171,214175,6073,4,1,7200,607.7
208099,214313,214314,6214,1,1,7200,621.5
208107,214575,214859,6468,284,1,7200,23.7746478873
208108,214625,214635,6517,10,1,7200,652.7
208109,214651,214666,6542,15,1,7200,437.133333333
208112,215077,216380,6965,1303,1,7200,6.34535686876
208112,215082,215087,6970,5,1,7200,697.5
208113,215118,215120,7005,2,1,7200,700.7
208113,215099,215100,6986,1,1,7200,698.7
208114,215123,215129,7009,6,1,7200,701.5
208115,215137,215298,7022,161,1,7200,44.6149068323
208153,208160,208291,7,131,2,1200,1.0534351145
208405,208421,208422,16,1,1,3030,1.7
208405,208416,208417,11,1,1,463830,1.2
208406,208426,208427,20,1,1,3030,2.1
208406,208432,208433,26,1,1,3030,2.7
208421,208439,208543,18,104,20,86399,1.17307692308
208989,209420,210840,431,1420,5,14400,1.30352112676
209092,209101,317126,9,108025,16,108000,1.00008331405
209253,209544,210965,291,1421,5,14400,1.20478536242
209325,209331,215519,6,6188,20,10799,1.00096961862
209386,209392,209394,6,2,1,147030,1.0
209421,210546,212024,1125,1478,5,14400,1.76116373478
209499,209506,209532,7,26,2,1200,1.26923076923
209548,210685,212097,1137,1412,5,14400,1.8052407932
209774,209780,296212,6,86432,20,86399,1.00006941873
209832,209838,254084,6,44246,4,432000,1.00013560548
209879,209886,226216,7,16330,4,345600,1.00042865891
210250,210257,315954,7,105697,2,216000,1.00006622705
210343,210351,210447,8,96,2,144000,1.08333333333
210543,210854,212338,311,1484,5,14400,1.20956873315
210652,210667,210668,15,1,1,165030,1.6
210690,212482,213842,1792,1360,5,14400,2.31764705882
210851,210872,270231,21,59359,1,85800,1.00035377954
210857,210951,212358,94,1407,5,14400,1.06680881308
210952,210993,212409,41,1416,5,14400,1.02895480226
210994,212035,213432,1041,1397,5,14400,1.74516821761
211135,211147,211213,12,66,20,82799,1.18181818182
211271,215149,215402,3878,253,1,7200,16.3280632411
211272,215187,215226,3915,39,1,7200,101.384615385
211273,215204,216239,3931,1035,1,7200,4.79806763285
211274,215216,215217,3942,1,1,7200,394.3
211274,215222,222441,3948,7219,1,7200,1.54689015099
211275,215250,215252,3975,2,1,7200,397.7
211277,215303,215304,4026,1,1,7200,402.7
211277,215291,215292,4014,1,1,7200,401.5
211278,215326,215327,4048,1,1,7200,404.9
211279,215337,215361,4058,24,1,7200,170.083333333
211279,215332,216346,4053,1014,1,7200,4.99704142012
211280,215349,215350,4069,1,1,7200,407.0
211280,215355,215356,4075,1,1,7200,407.6
211281,215365,215366,4084,1,1,7200,408.5
211282,215389,215391,4107,2,1,7200,410.9
211282,215378,215379,4096,1,1,7200,409.7
211283,215401,215402,4118,1,1,7200,411.9
211284,215424,215425,4140,1,1,7200,414.1
211285,215440,218263,4155,2823,1,7200,2.47183846971
211285,215435,215436,4150,1,1,7200,415.1
211286,215458,218888,4172,3430,1,7200,2.21632653061
211286,215464,217936,4178,2472,1,7200,2.69012944984
211286,215453,215454,4167,1,1,7200,416.8
211287,215474,216756,4187,1282,1,7200,4.26599063963
211287,215469,215470,4182,1,1,7200,418.3
211287,215481,215482,4194,1,1,7200,419.5
211288,215487,215488,4199,1,1,7200,420.0
211288,215501,215558,4213,57,1,7200,74.9122807018
211290,215542,215543,4252,1,1,7200,425.3
211291,215600,217566,4309,1966,1,7200,3.19175991862
211291,215576,215621,4285,45,1,7200,96.2222222222
211292,215633,215634,4341,1,1,7200,434.2
211292,215616,215715,4324,99,1,7200,44.6767676768
211293,215659,215697,4366,38,1,7200,115.894736842
211294,215728,215950,4434,222,1,7200,20.972972973
211301,215962,215963,4661,1,1,7200,466.2
211307,216066,216067,4759,1,1,7200,476.0
211309,216114,216130,4805,16,1,7200,301.3125
211309,216120,216121,4811,1,1,7200,481.2
211309,216142,218173,4833,2031,1,7200,3.37961595273
211313,216252,216253,4939,1,1,7200,494.0
211314,216266,220667,4952,4401,1,7200,2.12519881845
211319,216411,216412,5092,1,1,7200,509.3
211320,216441,216442,5121,1,1,7200,512.2
211331,216632,216633,5301,1,1,7200,530.2
211334,216711,216712,5377,1,1,7200,537.8
211336,216734,216735,5398,1,1,7200,539.9
211338,216782,217518,5444,736,1,7200,8.39673913043
211339,216800,216801,5461,1,1,7200,546.2
211342,216867,216961,5525,94,1,7200,59.7765957447
211346,216948,216949,5602,1,1,7200,560.3
211347,216955,216956,5608,1,1,7200,560.9
211366,217302,222006,5936,4704,1,7200,2.2619047619
211366,217296,217297,5930,1,1,7200,593.1
211369,217347,217553,5978,206,1,7200,30.0194174757
211370,217372,217373,6002,1,1,7200,600.3
211371,217400,217401,6029,1,1,7200,603.0
211376,217515,217516,6139,1,1,7200,614.0
211377,217535,217703,6158,168,1,7200,37.6547619048
211379,217573,217602,6194,29,1,7200,214.586206897
211380,217590,217591,6210,1,1,7200,621.1
211380,217585,217600,6205,15,1,7200,414.666666667
211382,217628,218694,6246,1066,1,7200,6.85928705441
211382,217622,217629,6240,7,1,7200,624.7
211384,217652,217788,6268,136,1,7200,47.0882352941
211385,217682,217683,6297,1,1,7200,629.8
211388,217728,217729,6340,1,1,7200,634.1
211389,217746,217811,6357,65,1,7200,98.8
211390,217758,217759,6368,1,1,7200,636.9
211391,217793,217794,6402,1,1,7200,640.3
211392,217806,217808,6414,2,1,7200,641.6
211393,217824,217825,6431,1,1,7200,643.2
211395,217861,217862,6466,1,1,7200,646.7
211395,217849,217864,6454,15,1,7200,431.266666667
211396,217872,217873,6476,1,1,7200,647.7
211397,217896,217898,6499,2,1,7200,650.1
211398,217908,217909,6510,1,1,7200,651.1
211399,217932,217933,6533,1,1,7200,653.4
211399,217919,217920,6520,1,1,7200,652.1
211400,217943,217944,6543,1,1,7200,654.4
211403,218067,218068,6664,1,1,7200,666.5
211403,218078,218081,6675,3,1,7200,667.8
211404,217973,217974,6569,1,1,7200,657.0
211405,217996,217997,6591,1,1,7200,659.2
211406,218002,218579,6596,577,1,7200,12.431542461
211411,218124,218130,6713,6,1,7200,671.9
211411,218113,218114,6702,1,1,7200,670.3
211412,218136,218137,6724,1,1,7200,672.5
211414,218165,218166,6751,1,1,7200,675.2
211414,218176,218177,6762,1,1,7200,676.3
211416,218211,218212,6795,1,1,7200,679.6
211416,218235,218236,6819,1,1,7200,682.0
211417,218246,218247,6829,1,1,7200,683.0
211417,218252,218357,6835,105,1,7200,66.0952380952
211418,218264,218265,6846,1,1,7200,684.7
211418,218275,218276,6857,1,1,7200,685.8
211420,218309,218310,6889,1,1,7200,689.0
211421,218315,218481,6894,166,1,7200,42.5301204819
211421,218327,218328,6906,1,1,7200,690.7
211422,218338,218339,6916,1,1,7200,691.7
211423,218356,218357,6933,1,1,7200,693.4
211426,218391,218392,6965,1,1,7200,696.6
211426,218397,218399,6971,2,1,7200,697.3
211429,218449,218450,7020,1,1,7200,702.1
211429,218455,218460,7026,5,1,7200,703.1
211431,218478,218479,7047,1,1,7200,704.8
211432,218489,218490,7057,1,1,7200,705.8
211433,218519,218522,7086,3,1,7200,708.9
211434,218537,218538,7103,1,1,7200,710.4
211434,218524,218525,7090,1,1,7200,709.1
211437,218583,218584,7146,1,1,7200,714.7
211439,218612,218613,7173,1,1,7200,717.4
211440,218641,218642,7201,1,1,7200,720.2
211440,218623,218627,7183,4,1,7200,718.7
211442,218674,218675,7232,1,1,7200,723.3
211444,218715,225954,7271,7239,1,7200,2.00442050007
211445,218721,219303,7276,582,1,7200,13.5017182131
211446,218739,218740,7293,1,1,7200,729.4
211447,218756,221049,7309,2293,1,7200,4.18752725687
211447,218773,218774,7326,1,1,7200,732.7
211448,218784,218785,7336,1,1,7200,733.7
211449,218795,218796,7346,1,1,7200,734.7
211450,218808,218809,7358,1,1,7200,735.9
211451,218837,218838,7386,1,1,7200,738.7
211452,218848,218849,7396,1,1,7200,739.7
211453,218866,218867,7413,1,1,7200,741.4
211454,218877,218878,7423,1,1,7200,742.4
211457,218947,219167,7490,220,1,7200,35.0454545455
211460,218994,218995,7534,1,1,7200,753.5
211461,219005,219006,7544,1,1,7200,754.5
211462,219034,219035,7572,1,1,7200,757.3
211464,219063,219064,7599,1,1,7200,760.0
211465,219081,219082,7616,1,1,7200,761.7
211467,219110,219111,7643,1,1,7200,764.4
211469,219144,219145,7675,1,1,7200,767.6
211469,219155,219156,7686,1,1,7200,768.7
211470,219166,219250,7696,84,1,7200,92.619047619
211471,219201,219212,7730,11,1,7200,703.727272727
211471,219207,219311,7736,104,1,7200,75.3846153846
211471,219196,221224,7725,2028,1,7200,4.80917159763
211472,219218,219223,7746,5,1,7200,775.1
211472,219212,219220,7740,8,1,7200,774.8
211473,219223,221064,7750,1841,1,7200,5.20966865834
211473,219236,219237,7763,1,1,7200,776.4
211473,219247,219952,7774,705,1,7200,12.0269503546
211473,219242,219390,7769,148,1,7200,53.4932432432
211475,219271,219272,7796,1,1,7200,779.7
211477,219320,219321,7843,1,1,7200,784.4
211478,219331,219332,7853,1,1,7200,785.4
211767,211800,241974,33,30174,10,57600,1.00109365679
212036,212108,213590,72,1482,5,14400,1.04858299595
212112,212350,213794,238,1444,5,14400,1.1648199446
212150,212156,248146,6,35990,10,57600,1.00016671298
212349,212369,213779,20,1410,5,14400,1.01418439716
212363,212375,216353,12,3978,2,43200,1.00301659125
212372,212421,213839,49,1418,5,14400,1.03455571227
212393,212400,222493,7,10093,20,86399,1.00069354999
212427,213445,214842,1018,1397,5,14400,1.7287043665
212446,212452,220650,6,8198,2,43200,1.00073188583
212482,213602,215090,1120,1488,5,14400,1.75268817204
212567,212574,212915,7,341,2,43200,1.02052785924
212665,212671,213203,6,532,2,43200,1.01127819549
213423,213430,213435,7,5,2,43200,1.2
213451,213805,215204,354,1399,5,14400,1.2530378842
213602,213790,215217,188,1427,5,14400,1.13174491941
213622,213629,213638,7,9,10,172800,1.6
213647,213654,246684,7,33030,8,72000,1.00021192855
213669,213675,213708,6,33,10,172800,1.18181818182
213710,213716,237493,6,23777,2,43200,1.0002523447
213787,213850,215276,63,1426,5,14400,1.04417952314
213809,213858,215263,49,1405,5,14400,1.03487544484
213853,214856,216276,1003,1420,5,14400,1.70633802817
213854,215106,216589,1252,1483,5,14400,1.84423465947
213860,213872,213876,12,4,10,172800,1.6
213910,213916,215040,6,1124,10,172800,1.00533807829
214382,214392,228556,10,14164,2,43200,1.00070601525
214861,215228,216702,367,1474,5,14400,1.24898236092
215061,215071,215180,10,109,10,172800,1.09174311927
215107,215234,216643,127,1409,5,14400,1.09013484741
215225,215298,216719,73,1421,5,14400,1.05137227305
215237,215275,216693,38,1418,5,14400,1.02679830748
215280,216291,217649,1011,1358,5,14400,1.74447717231
215302,216609,218153,1307,1544,5,14400,1.84650259067
215423,215447,215455,24,8,10,172800,3.2
215537,215550,215558,13,8,10,172800,2.1
215588,215594,215693,6,99,2,144000,1.06060606061
215654,215665,230580,11,14915,10,172800,1.00073751257
216103,216109,216163,6,54,4,216000,1.11111111111
216290,216723,218169,433,1446,5,14400,1.29944674965
216614,216664,218155,50,1491,5,14400,1.03353454058
216669,216706,218155,37,1449,5,14400,1.02553485162
216702,216742,218178,40,1436,5,14400,1.0278551532
216725,217671,219089,946,1418,5,14400,1.66713681241
216747,218184,219578,1437,1394,5,14400,2.03084648494
216846,216856,216903,10,47,1,600,1.21276595745
217278,217291,247324,13,30033,2,43200,1.00043285719
217676,218189,219947,513,1758,5,14400,1.29180887372
218189,218219,219720,30,1501,5,14400,1.01998667555
218190,218224,219753,34,1529,5,14400,1.02223675605
218223,219105,220597,882,1492,5,14400,1.59115281501
218223,218259,219729,36,1470,5,14400,1.02448979592
218255,219589,221020,1334,1431,5,14400,1.9322152341
219108,219740,221172,632,1432,5,14400,1.44134078212
219150,219174,219225,24,51,5,21600,1.47058823529
219151,219179,219222,28,43,5,21600,1.6511627907
219152,219185,233412,33,14227,5,21600,1.00231953328
219153,219190,233207,37,14017,5,21600,1.00263965185
219591,219731,221171,140,1440,5,14400,1.09722222222
219733,219958,221382,225,1424,5,14400,1.15800561798
219745,219764,221271,19,1507,5,14400,1.01260783013
219766,220609,222033,843,1424,5,14400,1.59199438202
219955,221035,222462,1080,1427,5,14400,1.75683251577
220351,220357,220362,6,5,2,1200,1.1
220584,220590,220656,6,66,2,1200,1.09090909091
220612,221183,222600,571,1417,5,14400,1.40296400847
220993,221000,221094,7,94,5,28800,1.07446808511
220994,221005,221006,11,1,5,28800,1.2
220995,221012,221094,17,82,5,28800,1.20731707317
221022,221028,221031,6,3,8,72000,1.0
221041,221189,222614,148,1425,5,14400,1.10385964912
221118,221125,221209,7,84,5,28800,1.08333333333
221120,221137,221209,17,72,5,28800,1.23611111111
221189,221284,222729,95,1445,5,14400,1.06574394464
221189,221393,222856,204,1463,5,14400,1.13943950786
221233,221239,254723,6,33484,8,72000,1.00017919006
221265,221271,221272,6,1,5,28800,1.0
221265,221277,221278,12,1,5,28800,1.3
221286,222046,223601,760,1555,5,14400,1.48874598071
221367,221373,223891,6,2518,5,28800,1.00238284353
221368,221379,221380,11,1,5,28800,1.2
221391,222474,223929,1083,1455,5,14400,1.74432989691
221683,221689,221690,6,1,5,28800,1.0
221684,221695,234875,11,13180,5,28800,1.00083459788
222044,222611,224047,567,1436,5,14400,1.39484679666
222148,222155,222205,7,50,2,600,1.14
222474,222480,234875,6,12395,5,28800,1.00048406616
222475,222487,230152,12,7665,5,28800,1.00156555773
222486,222625,224173,139,1548,5,14400,1.08979328165
222610,222740,224080,130,1340,5,14400,1.09701492537
222630,222636,230283,6,7647,5,28800,1.00078462142
222642,222867,224318,225,1451,5,14400,1.15506547209
222642,222648,230305,6,7657,5,28800,1.00078359671
222745,223612,225112,867,1500,5,14400,1.578
222771,222777,222779,6,2,8,28800,1.0
222869,223940,225424,1071,1484,5,14400,1.72169811321
222950,222956,222957,6,1,24,32400,1.0
222964,222971,222976,7,5,8,28800,1.2
222989,222995,230138,6,7143,8,28800,1.0008399832
223071,223077,223081,6,4,8,28800,1.0
223553,223559,223618,6,59,2,1200,1.10169491525
223608,224058,225549,450,1491,5,14400,1.30181086519
223699,223705,263276,6,39571,8,72000,1.00015162619
223726,223732,223737,6,5,8,28800,1.1
223839,223845,275564,6,51719,20,86399,1.00011601152
223916,223922,223930,6,8,8,28800,1.4
223936,224185,225656,249,1471,5,14400,1.16927260367
224060,224091,225506,31,1415,5,14400,1.02190812721
224091,224330,225765,239,1435,5,14400,1.16655052265
224184,225124,226589,940,1465,5,14400,1.64163822526
224328,225435,226887,1107,1452,5,14400,1.76239669421
224400,237648,237654,13248,6,8,28800,1325.4
224655,237659,244246,13004,6587,8,28800,2.97419158949
224655,237680,237681,13025,1,8,28800,1302.6
224655,237692,237694,13037,2,8,28800,1303.9
224655,237666,237668,13011,2,8,28800,1301.3
224655,237654,247434,12999,9780,8,28800,2.32914110429
224656,237719,237720,13063,1,8,28800,1306.4
224656,237705,237707,13049,2,8,28800,1305.1
224656,237732,237733,13076,1,8,28800,1307.7
224787,230169,264053,5382,33884,20,86399,1.1588360288
225045,225052,225109,7,57,2,1200,1.12280701754
225121,225561,227055,440,1494,5,14400,1.29451137885
225128,225134,239765,6,14631,2,25200,1.00041008817
225439,225517,226932,78,1415,5,14400,1.05512367491
225522,225667,227115,145,1448,5,14400,1.10013812155
225564,225777,227261,213,1484,5,14400,1.1435309973
225642,225648,225687,6,39,2,600,1.15384615385
225667,226600,228038,933,1438,5,14400,1.6488178025
225780,226898,228352,1118,1454,5,14400,1.7689133425
226457,226464,333778,7,107314,1,172800,1.00006522914
226511,230317,336145,3806,105828,1,172800,1.03596401708
226575,231492,317925,4917,86433,20,86399,1.05688799417
226602,226943,228309,341,1366,5,14400,1.24963396779
226903,227066,228579,163,1513,5,14400,1.10773298083
226957,227127,228627,170,1500,5,14400,1.11333333333
227070,227272,228741,202,1469,5,14400,1.13750850919
227132,228049,229488,917,1439,5,14400,1.63724808895
227272,228363,229796,1091,1433,5,14400,1.76133984648
228055,228325,229781,270,1456,5,14400,1.18543956044
228323,228590,230049,267,1459,5,14400,1.1830020562
228364,228639,230090,275,1451,5,14400,1.18952446589
228591,228753,230184,162,1431,5,14400,1.11320754717
228643,229499,230932,856,1433,5,14400,1.59734822052
228756,229792,231225,1036,1433,5,14400,1.72295882763
229097,229104,229433,7,329,1,3600,1.02127659574
229496,229807,231233,311,1426,5,14400,1.21809256662
229532,246427,253610,16895,7183,2,43200,3.35208130308
229794,230061,231517,267,1456,5,14400,1.18337912088
229805,230101,231581,296,1480,5,14400,1.2
229845,253621,259322,23776,5701,2,43200,5.17049640414
230062,230195,231632,133,1437,5,14400,1.0925539318
230104,230943,232398,839,1455,5,14400,1.57663230241
230155,230162,230175,7,13,2,600,1.53846153846
230197,231236,232684,1039,1448,5,14400,1.71754143646
230405,230411,230421,6,10,2,600,1.6
230608,248159,256357,17551,8198,10,172800,3.14088802147
230929,230935,230936,6,1,1,30,1.0
230946,231244,232747,298,1503,5,14400,1.19827012641
231202,231209,231216,7,7,2,600,1.4
231234,231529,233027,295,1498,5,14400,1.19692923899
231245,231593,233062,348,1469,5,14400,1.23689584752
231532,231643,233144,111,1501,5,14400,1.07395069953
231593,232411,245055,818,12644,5,16200,1.06469471686
231645,232696,244674,1051,11978,5,16200,1.0877441977
232112,232119,232121,7,2,1,7200,1.0
232113,232145,232712,32,567,1,7200,1.05643738977
232113,232398,232574,285,176,1,7200,2.61931818182
232113,232125,232386,12,261,1,7200,1.04597701149
232113,232132,232133,19,1,1,7200,2.0
232114,232587,232615,473,28,1,7200,17.8928571429
232114,232647,233316,533,669,1,7200,1.79671150972
232114,232628,232635,514,7,1,7200,52.1
232115,233230,240441,1115,7211,1,7200,1.15462487866
232115,233224,238137,1109,4913,1,7200,1.22572766131
232115,233235,233236,1120,1,1,7200,112.1
232115,232724,233490,609,766,1,7200,1.79503916449
232116,233248,236351,1132,3103,1,7200,1.36480825008
232116,233328,233330,1212,2,1,7200,121.4
232116,233338,233341,1222,3,1,7200,122.5
232117,233344,240579,1227,7235,1,7200,1.16959225985
232117,233351,233358,1234,7,1,7200,124.1
232118,233375,233377,1257,2,1,7200,125.9
232118,233391,240609,1273,7218,1,7200,1.17636464395
232118,233370,233372,1252,2,1,7200,125.4
232119,234152,236107,2033,1955,1,7200,2.03989769821
232119,233398,235339,1279,1941,1,7200,1.6589386914
232119,234146,234148,2027,2,1,7200,202.9
232120,234168,234169,2048,1,1,7200,204.9
232120,234163,234181,2043,18,1,7200,114.5
232120,234157,234201,2037,44,1,7200,47.2954545455
232121,234184,234185,2063,1,1,7200,206.4
232121,234174,234175,2053,1,1,7200,205.4
232121,234179,234816,2058,637,1,7200,4.23076923077
232121,234192,235548,2071,1356,1,7200,2.52728613569
232122,234203,234204,2081,1,1,7200,208.2
232122,234210,234212,2088,2,1,7200,209.0
232123,234235,237323,2112,3088,1,7200,1.68393782383
232123,234216,234353,2093,137,1,7200,16.2773722628
232123,234229,234493,2106,264,1,7200,8.97727272727
232123,234221,234222,2098,1,1,7200,209.9
232124,234240,234257,2116,17,1,7200,125.470588235
232124,234260,234261,2136,1,1,7200,213.7
232125,234276,236405,2151,2129,1,7200,2.0103334899
232125,234269,234271,2144,2,1,7200,214.6
232125,234296,236714,2171,2418,1,7200,1.89784946237
232126,234505,234507,2379,2,1,7200,238.1
232126,234366,236045,2240,1679,1,7200,2.33412745682
232134,234829,234925,2695,96,1,7200,29.0729166667
232135,237953,238030,5818,77,1,7200,76.5584415584
232136,237958,237959,5822,1,1,7200,582.3
232136,237969,241128,5833,3159,1,7200,2.84647040203
232137,237975,238132,5838,157,1,7200,38.1847133758
232137,237980,238086,5843,106,1,7200,56.1226415094
232137,237985,237986,5848,1,1,7200,584.9
232137,237991,238135,5854,144,1,7200,41.6527777778
232138,238008,238009,5870,1,1,7200,587.1
232138,237998,238715,5860,717,1,7200,9.17294281729
232139,238023,239488,5884,1465,1,7200,5.01638225256
232143,238109,238143,5966,34,1,7200,176.470588235
232144,238149,238151,6005,2,1,7200,600.7
232145,238168,241881,6023,3713,1,7200,2.62213843253
232145,238157,238158,6012,1,1,7200,601.3
232146,238186,238187,6040,1,1,7200,604.1
232147,238204,238205,6057,1,1,7200,605.8
232148,238228,238229,6080,1,1,7200,608.1
232150,238263,238365,6113,102,1,7200,60.931372549
232151,238276,238277,6125,1,1,7200,612.6
232152,238294,238295,6142,1,1,7200,614.3
232153,238333,238334,6180,1,1,7200,618.1
232154,238359,238360,6205,1,1,7200,620.6
232155,238372,238373,6217,1,1,7200,621.8
232156,238385,238386,6229,1,1,7200,623.0
232159,238457,238458,6298,1,1,7200,629.9
232160,238475,238476,6315,1,1,7200,631.6
232161,238493,238494,6332,1,1,7200,633.3
232162,238511,238512,6349,1,1,7200,635.0
232163,238529,238530,6366,1,1,7200,636.7
232164,238547,238548,6383,1,1,7200,638.4
232164,238565,238566,6401,1,1,7200,640.2
232165,238583,238584,6418,1,1,7200,641.9
232171,238709,238710,6538,1,1,7200,653.9
232172,238727,238728,6555,1,1,7200,655.6
232173,238746,238835,6573,89,1,7200,74.8539325843
232177,238823,238824,6646,1,1,7200,664.7
232178,238860,238861,6682,1,1,7200,668.3
232178,238846,238847,6668,1,1,7200,666.9
232180,238894,238895,6714,1,1,7200,671.5
232181,238918,238919,6737,1,1,7200,673.8
232183,238942,238943,6759,1,1,7200,676.0
232185,239002,239003,6817,1,1,7200,681.8
232185,238989,238990,6804,1,1,7200,680.5
232187,239037,239038,6850,1,1,7200,685.1
232188,239050,239051,6862,1,1,7200,686.3
232190,239084,239085,6894,1,1,7200,689.5
232190,239097,239098,6907,1,1,7200,690.8
232191,239121,239122,6930,1,1,7200,693.1
232193,239144,239145,6951,1,1,7200,695.2
232194,239167,239168,6973,1,1,7200,697.4
232195,239190,239191,6995,1,1,7200,699.6
232197,239232,239233,7035,1,1,7200,703.6
232197,239224,239225,7027,1,1,7200,702.8
232198,239248,239249,7050,1,1,7200,705.1
232199,239261,239262,7062,1,1,7200,706.3
232201,239314,239315,7113,1,1,7200,711.4
232203,239343,239344,7140,1,1,7200,714.1
232204,239356,239357,7152,1,1,7200,715.3
232206,239380,239381,7174,1,1,7200,717.5
232207,239404,239405,7197,1,1,7200,719.8
232209,239439,239440,7230,1,1,7200,723.1
232209,239447,239448,7238,1,1,7200,723.9
232214,239519,239520,7305,1,1,7200,730.6
232215,239536,239590,7321,54,1,7200,136.574074074
232217,239577,239578,7360,1,1,7200,736.1
232218,239596,239597,7378,1,1,7200,737.9
232219,239607,239608,7388,1,1,7200,738.9
232220,239625,239626,7405,1,1,7200,740.6
232221,239636,240683,7415,1047,1,7200,8.08213944604
232222,239649,239650,7427,1,1,7200,742.8
232224,239689,239690,7465,1,1,7200,746.6
232226,239721,239722,7495,1,1,7200,749.6
232227,239745,239746,7518,1,1,7200,751.9
232233,239841,239842,7608,1,1,7200,760.9
232236,239889,239890,7653,1,1,7200,765.4
232237,239913,239914,7676,1,1,7200,767.7
232239,239937,239938,7698,1,1,7200,769.9
232239,239948,239949,7709,1,1,7200,771.0
232243,240009,240010,7766,1,1,7200,776.7
232244,240033,240034,7789,1,1,7200,779.0
232247,240081,240082,7834,1,1,7200,783.5
232247,240073,240074,7826,1,1,7200,782.7
232248,240092,240093,7844,1,1,7200,784.5
232248,240105,240106,7857,1,1,7200,785.8
232249,240116,240117,7867,1,1,7200,786.8
232251,240153,240154,7902,1,1,7200,790.3
232257,240621,240640,8364,19,1,7200,441.210526316
232257,240241,240242,7984,1,1,7200,798.5
232258,240652,240653,8394,1,1,7200,839.5
232259,240691,241288,8432,597,1,7200,15.1239530988
232259,241301,241302,9042,1,1,7200,904.3
232279,241996,242102,9717,106,1,7200,92.6698113208
232283,242117,242118,9834,1,1,7200,983.5
232411,232758,245092,347,12334,5,16200,1.0281336144
232613,233424,234998,811,1574,1,2100,1.51524777637
232699,233038,246088,339,13050,5,16200,1.02597701149
232764,233074,245114,310,12040,5,16200,1.02574750831
232848,233219,233326,371,107,2,1200,4.46728971963
233040,233155,242279,115,9124,5,16200,1.012604121
233073,242292,256485,9219,14193,5,16200,1.64954555062
233158,245072,253074,11914,8002,5,16200,2.48887778055
233588,237632,237637,4044,5,24,32400,404.9
234346,253627,360005,19281,106378,1,172800,1.18124988249
235798,240591,246412,4793,5821,5,28800,1.82339804157
237757,241985,251643,4228,9658,2,25200,1.4377717954
237818,241991,262808,4173,20817,2,25200,1.20046116155
237945,247452,295661,9507,48209,24,86399,1.19720384161
237968,248128,295661,10160,47533,24,86399,1.21374623945
241228,244258,244867,3030,609,1,32400,5.97536945813
242289,244699,254906,2410,10207,5,16200,1.23611247183
244636,244647,244826,11,179,1,7200,1.06145251397
244636,244665,244832,29,167,1,7200,1.17365269461
244637,244681,245402,44,721,1,7200,1.06102635229
244637,244675,244676,38,1,1,7200,3.9
244637,244670,244690,33,20,1,7200,2.65
244638,244686,245582,48,896,1,7200,1.05357142857
244638,244692,249701,54,5009,1,7200,1.01078059493
244639,244727,244728,88,1,1,7200,8.9
244639,244715,247297,76,2582,1,7200,1.02943454686
244640,244733,250522,93,5789,1,7200,1.01606495077
244644,244842,245964,198,1122,1,7200,1.17647058824
244645,244861,244862,216,1,1,7200,21.7
244646,244873,244874,227,1,1,7200,22.8
244646,244887,247644,241,2757,1,7200,1.08741385564
244646,244892,244908,246,16,1,7200,16.375
244648,244932,247041,284,2109,1,7200,1.13466097677
244653,245043,245044,390,1,1,7200,39.1
244655,245111,245112,456,1,1,7200,45.7
244656,245131,245132,475,1,1,7200,47.6
244668,245432,245433,764,1,1,7200,76.5
244668,245419,247577,751,2158,1,7200,1.34800741427
244675,245600,252836,925,7236,1,7200,1.12783305694
244676,245613,245614,937,1,1,7200,93.8
244691,245985,245986,1294,1,1,7200,129.5
244691,245980,247087,1289,1107,1,7200,2.16440831075
244696,246110,246111,1414,1,1,7200,141.5
244700,245106,258703,406,13597,5,16200,1.02985952784
244709,246432,246433,1723,1,1,7200,172.4
244709,246438,246905,1729,467,1,7200,4.70235546039
244710,246449,246469,1739,20,1,7200,87.95
244712,246491,246492,1779,1,1,7200,178.0
244712,246497,248871,1785,2374,1,7200,1.75189553496
244714,246540,246541,1826,1,1,7200,182.7
244714,246527,246528,1813,1,1,7200,181.4
244715,246553,246554,1838,1,1,7200,183.9
244716,246579,246580,1863,1,1,7200,186.4
244717,246605,246606,1888,1,1,7200,188.9
244718,246626,253837,1908,7211,1,7200,1.26459575648
244719,246649,246650,1930,1,1,7200,193.1
244720,246662,246663,1942,1,1,7200,194.3
244720,246675,246676,1955,1,1,7200,195.6
244721,246701,253922,1980,7221,1,7200,1.27420024927
244721,246688,246689,1967,1,1,7200,196.8
244722,246707,246727,1985,20,1,7200,100.25
244724,246745,246985,2021,240,1,7200,9.42083333333
244731,246925,247773,2194,848,1,7200,3.58726415094
244735,247007,247243,2272,236,1,7200,10.6271186441
244737,247062,247067,2325,5,1,7200,233.0
244737,247074,247075,2337,1,1,7200,233.8
244738,247088,247090,2350,2,1,7200,235.2
244738,247100,247101,2362,1,1,7200,236.3
244739,247114,247115,2375,1,1,7200,237.6
244739,247119,247147,2380,28,1,7200,86.0
244741,247144,247417,2403,273,1,7200,9.8021978022
244742,247170,247172,2428,2,1,7200,243.0
244744,247223,247263,2479,40,1,7200,62.975
244746,247262,247264,2516,2,1,7200,251.8
244746,247275,247276,2529,1,1,7200,253.0
244747,247294,247390,2547,96,1,7200,27.53125
244748,247312,247317,2564,5,1,7200,256.9
244749,247330,247792,2581,462,1,7200,6.58658008658
244749,247324,247325,2575,1,1,7200,257.6
244750,247348,247349,2598,1,1,7200,259.9
244751,247373,247427,2622,54,1,7200,49.5555555556
244751,247360,247361,2609,1,1,7200,261.0
244752,247386,247387,2634,1,1,7200,263.5
244753,247414,247415,2661,1,1,7200,266.2
244753,247426,247427,2673,1,1,7200,267.4
244754,247445,248116,2691,671,1,7200,5.01043219076
244754,247440,247453,2686,13,1,7200,207.615384615
244755,248883,248884,4128,1,1,7200,412.9
244755,248897,248925,4142,28,1,7200,148.928571429
244755,248937,248941,4182,4,1,7200,418.6
244756,249201,249206,4445,5,1,7200,445.0
244756,248965,249176,4209,211,1,7200,20.9478672986
244756,249188,249189,4432,1,1,7200,443.3
244757,249219,249240,4462,21,1,7200,213.476190476
244757,249253,249327,4496,74,1,7200,61.7567567568
244757,249340,249400,4583,60,1,7200,77.3833333333
244758,249412,249469,4654,57,1,7200,82.649122807
244758,249482,249483,4724,1,1,7200,472.5
244759,249521,256742,4762,7221,1,7200,1.659465448
244759,249712,249713,4953,1,1,7200,495.4
244779,250537,257749,5758,7212,1,7200,1.79839156961
244803,251491,251492,6688,1,1,7200,668.9
244805,251599,251600,6794,1,1,7200,679.5
244807,251655,251656,6848,1,1,7200,684.9
244807,251661,252933,6854,1272,1,7200,6.38836477987
244808,251681,251741,6873,60,1,7200,115.55
245070,246105,255025,1035,8920,5,16200,1.11603139013
245102,245126,252931,24,7805,5,16200,1.00307495195
245124,252943,268022,7819,15079,5,16200,1.51853571192
246101,253086,261870,6985,8784,5,16200,1.79519581056
247753,257760,290196,10007,32436,24,32400,1.30851522999
252946,255036,266245,2090,11209,5,16200,1.18645731109
253015,390708,402153,137693,11445,1,151200,13.030843163
253024,259340,346938,6316,87598,1,151200,1.07210210279
253030,390658,402156,137628,11498,1,151200,12.9697338668
253034,390647,402159,137613,11512,1,151200,12.9538742182
253090,254918,264576,1828,9658,5,16200,1.18927314144
253752,390652,402193,136900,11541,1,172800,12.8620570141
253799,390663,402196,136864,11533,1,172800,12.8671637909
253803,390669,402199,136866,11530,1,172800,12.8704249783
253814,390674,402201,136860,11527,1,172800,12.8729938405
253942,253948,254562,6,614,1,32400,1.00977198697
254915,256496,264016,1581,7520,5,16200,1.2102393617
255039,258714,267879,3675,9165,5,16200,1.40098199673
256495,264028,274570,7533,10542,5,16200,1.71457029027
257777,262821,263081,5044,260,1,3540,20.4
258183,262826,264923,4643,2097,1,3540,3.21411540296
258260,263093,263277,4833,184,1,3540,27.2663043478
258309,263288,263563,4979,275,1,3540,19.1054545455
258358,263293,263582,4935,289,1,3540,18.0761245675
258431,263299,263532,4868,233,1,3540,21.8927038627
258482,263304,263598,4822,294,1,3540,17.4013605442
258531,263309,263800,4778,491,1,3540,10.7311608961
258579,263315,263835,4736,520,1,3540,10.1076923077
258629,263320,263810,4691,490,1,3540,10.5734693878
258678,263544,264067,4866,523,1,3540,10.3040152964
258719,261881,277377,3162,15496,5,16200,1.20405265875
258754,263575,264138,4821,563,1,3540,9.56305506217
258953,263594,263862,4641,268,1,3540,18.3171641791
259206,263610,263793,4404,183,1,3540,25.0655737705
259274,263805,263929,4531,124,1,3540,37.5403225806
261878,268033,279849,6155,11816,5,16200,1.52090385917
264032,264587,274896,555,10309,5,16200,1.05383645358
264586,266256,279053,1670,12797,5,16200,1.13049933578
265379,265386,346266,7,80880,4,216000,1.00008654797
266258,267890,279546,1632,11656,5,16200,1.14001372684
267837,267843,271451,6,3608,1,3600,1.00166297118
267888,277388,292361,9500,14973,5,16200,1.63447538903
268032,274581,288819,6549,14238,5,16200,1.4599662874
271413,271420,271430,7,10,1,1800,1.7
271567,271573,271957,6,384,1,3600,1.015625
271634,271640,271714,6,74,1,1800,1.08108108108
272098,272105,272536,7,431,1,3600,1.0162412993
272149,272155,272248,6,93,1,1800,1.06451612903
272768,272774,273155,6,381,1,1800,1.0157480315
272792,272798,273807,6,1009,1,3600,1.00594648167
273569,273575,273734,6,159,1,120,1.03773584906
273867,273874,274005,7,131,2,120,1.0534351145
273897,274016,274027,119,11,1,1800,11.8181818182
274198,274204,274243,6,39,1,1800,1.15384615385
274368,274374,274381,6,7,1,3600,1.3
274494,274500,274576,6,76,1,1800,1.07894736842
274500,274507,274591,7,84,1,3600,1.08333333333
274583,274908,283117,325,8209,5,16200,1.03959069314
274735,274741,274983,6,242,1,3600,1.02479338843
274912,279065,290671,4153,11606,5,16200,1.35783215578
275184,275190,275464,6,274,1,1800,1.02189781022
275192,275198,275226,6,28,1,120,1.21428571429
275294,275300,275795,6,495,1,3600,1.01212121212
275338,275474,275506,136,32,1,300,5.25
276280,276286,276307,6,21,1,900,1.28571428571
277392,279557,290551,2165,10994,5,16200,1.19692559578
279064,279861,288060,797,8199,5,16200,1.09720697646
279556,288071,295732,8515,7661,5,16200,2.11147369795
279864,283130,292560,3266,9430,5,16200,1.34634146341
283125,288831,298792,5706,9961,5,16200,1.57283405281
285195,285201,285205,6,4,8,28800,1.0
285288,285294,289025,6,3731,8,28800,1.00160814795
285409,285416,286990,7,1574,8,28800,1.00444726811
285554,287001,293650,1447,6649,8,28800,1.21762671078
285663,289037,301879,3374,12842,8,28800,1.26273166173
285714,290209,310513,4495,20304,8,28800,1.22138494878
285759,290214,293395,4455,3181,8,28800,2.40050298648
285805,290219,301360,4414,11141,8,28800,1.3961942375
286585,296224,325149,9639,28925,8,28800,1.33324114088
288077,290564,298164,2487,7600,5,16200,1.32723684211
288836,292373,301960,3537,9587,5,16200,1.36893710233
290569,290682,298792,113,8110,5,16200,1.01393341554
290682,292571,306710,1889,14139,5,16200,1.1336020935
290774,291516,335519,742,44003,10,172800,1.01686248665
290981,290987,291111,6,124,2,600,1.04838709677
291050,293661,320360,2611,26699,24,32400,1.09779392487
291419,292930,300511,1511,7581,5,28800,1.19931407466
292570,295744,306674,3174,10930,5,16200,1.29039341263
292688,292826,292843,138,17,2,600,9.11764705882
292819,292924,328956,105,36032,20,86399,1.00291407638
292929,298806,312117,5877,13311,5,16200,1.44151453685
293051,293057,293084,6,27,2,600,1.22222222222
293665,320372,339285,26707,18913,24,32400,2.41209749907
294292,294304,294459,12,155,1,1500,1.07741935484
294292,294298,294465,6,167,1,1500,1.03592814371
294293,294316,294452,23,136,1,1500,1.16911764706
294293,294310,294455,17,145,1,1500,1.11724137931
294545,294551,295249,6,698,1,1500,1.00859598854
294545,294557,295260,12,703,1,1500,1.01706970128
294547,294569,295271,22,702,1,1500,1.03133903134
294547,294563,295265,16,702,1,1500,1.02279202279
294548,295817,296539,1269,722,1,1500,2.75761772853
294548,295822,296570,1274,748,1,1500,2.70320855615
294548,296229,296940,1681,711,1,1500,3.36427566807
294549,296240,296935,1691,695,1,1500,3.43309352518
294549,296234,296944,1685,710,1,1500,3.37323943662
294549,296245,296940,1696,695,1,1500,3.44028776978
294789,296289,296290,1500,1,1,7200,150.1
294790,296308,296802,1518,494,1,7200,4.07287449393
294790,296314,296502,1524,188,1,7200,9.10638297872
294790,296298,296480,1508,182,1,7200,9.28571428571
294790,296303,296304,1513,1,1,7200,151.4
294791,296339,297129,1548,790,1,7200,2.95949367089
294791,296326,296327,1535,1,1,7200,153.6
294791,296321,296349,1530,28,1,7200,55.6428571429
294792,296552,296553,1760,1,1,7200,176.1
294792,296514,303741,1722,7227,1,7200,1.23827314238
294792,296492,302159,1700,5667,1,7200,1.29998235398
294792,296361,297374,1569,1013,1,7200,2.54886475814
294793,296582,296583,1789,1,1,7200,179.0
294793,296565,299907,1772,3342,1,7200,1.5302214243
294793,296595,296597,1802,2,1,7200,180.4
294794,296848,296849,2054,1,1,7200,205.5
294794,296835,296836,2041,1,1,7200,204.2
294794,296814,296823,2020,9,1,7200,202.9
294794,296609,303849,1815,7240,1,7200,1.25069060773
294795,296980,296981,2185,1,1,7200,218.6
294795,296975,299274,2180,2299,1,7200,1.94823836451
294795,296888,304121,2093,7233,1,7200,1.28936817365
294796,296998,297017,2202,19,1,7200,116.894736842
294796,296985,297059,2189,74,1,7200,30.5810810811
294796,297029,297031,2233,2,1,7200,223.5
294796,296991,297038,2195,47,1,7200,47.7021276596
294797,297051,297700,2254,649,1,7200,4.47303543914
294797,297044,297046,2247,2,1,7200,224.9
294797,297070,297145,2273,75,1,7200,31.3066666667
294799,297144,300745,2345,3601,1,7200,1.65120799778
294803,297234,297235,2431,1,1,7200,243.2
294807,297428,297725,2621,297,1,7200,9.82491582492
294807,297435,297850,2628,415,1,7200,7.33253012048
294807,297386,298212,2579,826,1,7200,4.12227602906
294807,297712,297790,2905,78,1,7200,38.2435897436
294808,297788,297789,2980,1,1,7200,298.1
294808,297793,300547,2985,2754,1,7200,2.08387799564
294808,297741,304947,2933,7206,1,7200,1.40702192617
294808,297801,297907,2993,106,1,7200,29.2358490566
294810,297839,297840,3029,1,1,7200,303.0
294811,297882,297883,3071,1,1,7200,307.2
294812,297894,297895,3082,1,1,7200,308.3
294813,297923,299506,3110,1583,1,7200,2.9646241314
294814,297946,297948,3132,2,1,7200,313.4
294815,297982,298054,3167,72,1,7200,44.9861111111
294816,297994,297995,3178,1,1,7200,317.9
294820,298095,298096,3275,1,1,7200,327.6
294824,298187,298188,3363,1,1,7200,336.4
294826,298234,298546,3408,312,1,7200,11.9230769231
294827,298252,298253,3425,1,1,7200,342.6
294833,298386,298387,3553,1,1,7200,355.4
294834,298411,298412,3577,1,1,7200,357.8
294836,298478,298479,3642,1,1,7200,364.3
294837,298508,298509,3671,1,1,7200,367.2
294839,298562,298563,3723,1,1,7200,372.4
294840,298581,299271,3741,690,1,7200,6.42173913043
294849,298798,298799,3949,1,1,7200,395.0
294851,298847,298848,3996,1,1,7200,399.7
294851,298860,298861,4009,1,1,7200,401.0
294853,298895,298896,4042,1,1,7200,404.3
294856,298962,298963,4106,1,1,7200,410.7
294862,299119,299120,4257,1,1,7200,425.8
294864,299156,299157,4292,1,1,7200,429.3
294869,299295,299296,4426,1,1,7200,442.7
294869,299290,299311,4421,21,1,7200,211.523809524
294869,299306,304913,4437,5607,1,7200,1.79133226324
294871,299342,299343,4471,1,1,7200,447.2
294871,299337,299459,4466,122,1,7200,37.606557377
294872,299353,299354,4481,1,1,7200,448.2
294872,299370,299371,4498,1,1,7200,449.9
294873,299401,299402,4528,1,1,7200,452.9
294875,299442,299443,4567,1,1,7200,456.8
294877,299473,299965,4596,492,1,7200,10.3414634146
294877,299478,299479,4601,1,1,7200,460.2
294878,299506,299507,4628,1,1,7200,462.9
294879,299524,299525,4645,1,1,7200,464.6
294879,299537,299538,4658,1,1,7200,465.9
294880,299566,299567,4686,1,1,7200,468.7
294880,299554,299624,4674,70,1,7200,67.7714285714
294881,299589,299590,4708,1,1,7200,470.9
294882,299607,299608,4725,1,1,7200,472.6
294883,299630,299631,4747,1,1,7200,474.8
294884,299654,300287,4770,633,1,7200,8.5355450237
294886,299689,299690,4803,1,1,7200,480.4
294887,299707,299708,4820,1,1,7200,482.1
294888,299730,299731,4842,1,1,7200,484.3
294888,299743,299744,4855,1,1,7200,485.6
294892,299841,299842,4949,1,1,7200,495.0
294892,299823,299824,4931,1,1,7200,493.2
294896,299940,299942,5044,2,1,7200,504.6
294898,299988,299989,5090,1,1,7200,509.1
294898,299981,299982,5083,1,1,7200,508.4
294898,299975,299976,5077,1,1,7200,507.8
294901,300056,300057,5155,1,1,7200,515.6
294901,300032,300131,5131,99,1,7200,52.8282828283
294902,300074,300075,5172,1,1,7200,517.3
294903,300097,300098,5194,1,1,7200,519.5
294904,300128,300129,5224,1,1,7200,522.5
294905,300151,300152,5246,1,1,7200,524.7
294907,300526,300527,5619,1,1,7200,562.0
294907,300555,300556,5648,1,1,7200,564.9
294907,300532,300533,5625,1,1,7200,562.6
294908,300606,300674,5698,68,1,7200,84.7941176471
294908,300600,300617,5692,17,1,7200,335.823529412
294909,300643,300644,5734,1,1,7200,573.5
294910,300665,300685,5755,20,1,7200,288.75
294910,300683,300684,5773,1,1,7200,577.4
294911,300712,300713,5801,1,1,7200,580.2
294911,300694,300695,5783,1,1,7200,578.4
294912,300729,300769,5817,40,1,7200,146.425
294912,300723,300725,5811,2,1,7200,581.3
294914,300765,300766,5851,1,1,7200,585.2
294915,300787,301461,5872,674,1,7200,9.71216617211
294915,300793,308019,5878,7226,1,7200,1.81345142541
294916,300828,300874,5912,46,1,7200,129.52173913
294916,300822,300823,5906,1,1,7200,590.7
294917,300841,300842,5924,1,1,7200,592.5
294917,300833,303380,5916,2547,1,7200,3.32273262662
294919,300916,300918,5997,2,1,7200,599.9
294919,300886,300887,5967,1,1,7200,596.8
294920,300168,300176,5248,8,1,7200,525.6
294921,300180,300181,5259,1,1,7200,526.0
294922,300225,300357,5303,132,1,7200,41.1742424242
294922,300209,300210,5287,1,1,7200,528.8
294923,300238,300239,5315,1,1,7200,531.6
294924,300254,300255,5330,1,1,7200,533.1
294924,300267,300268,5343,1,1,7200,534.4
294925,300285,300286,5360,1,1,7200,536.1
294926,300301,300302,5375,1,1,7200,537.6
294927,300330,300771,5403,441,1,7200,13.2517006803
294928,300353,300354,5425,1,1,7200,542.6
294929,300371,300372,5442,1,1,7200,544.3
294930,300411,300412,5481,1,1,7200,548.2
294930,300394,300395,5464,1,1,7200,546.5
294931,300429,300430,5498,1,1,7200,549.9
294932,300452,300453,5520,1,1,7200,552.1
294933,300481,300482,5548,1,1,7200,554.9
294934,300497,300498,5563,1,1,7200,556.4
294936,300624,300625,5688,1,1,7200,568.9
294937,300923,300924,5986,1,1,7200,598.7
294937,300910,300911,5973,1,1,7200,597.4
294939,300963,300964,6024,1,1,7200,602.5
294939,300974,301100,6035,126,1,7200,48.8968253968
295167,295272,295286,105,14,2,600,8.5
295345,295394,302469,49,7075,4,345600,1.00692579505
295387,295806,318717,419,22911,20,86399,1.01828815853
295677,999175,1043706,703498,44531,4,432000,16.7979385147
295750,298182,306276,2432,8094,5,16200,1.30046948357
295768,296251,297402,483,1151,1,1740,1.41963509991
295769,296256,297409,487,1153,1,1740,1.42237640937
295770,296261,297412,491,1151,1,1740,1.42658557776
295771,296267,297418,496,1151,1,1740,1.43092962641
295772,296272,296276,500,4,1,1740,50.4
295774,1354208,1435628,1058434,81420,6,432000,13.9996806681
295814,1354214,1435628,1058400,81414,6,432000,14.0002210922
296110,296278,296285,168,7,4,216000,17.5
296430,296956,296963,526,7,4,216000,53.3
297335,297421,297771,86,350,4,216000,1.24571428571
297552,297783,297805,231,22,2,3600,11.5
298069,298090,299264,21,1174,1,1740,1.01788756388
298178,298811,306561,633,7750,5,16200,1.08167741935
298585,298606,298639,21,33,1,3600,1.63636363636
298808,301972,315444,3164,13472,5,16200,1.23485748219
298809,306287,314347,7478,8060,5,16200,1.92779156328
299172,299188,299296,16,108,1,3600,1.14814814815
299225,329258,339287,30033,10029,20,86399,3.99461561472
299714,299738,299804,24,66,1,3600,1.36363636364
299860,299872,299923,12,51,1,3600,1.23529411765
299937,299947,299996,10,49,1,3600,1.20408163265
300016,300040,300108,24,68,1,3600,1.35294117647
300022,390641,407790,90619,17149,24,86399,6.28421482302
300035,317141,338863,17106,21722,24,86399,1.78749654728
300135,300566,300606,431,40,1,3600,11.775
300922,302482,308206,1560,5724,4,345600,1.27253668763
301500,303862,303918,2362,56,4,216000,43.1785714286
301970,306572,314211,4602,7639,5,16200,1.60243487367
302518,329586,358639,27068,29053,10,57600,1.93167659106
302621,329592,360072,26971,30480,10,57600,1.88487532808
303066,317936,330859,14870,12923,20,86399,2.15066161108
303871,303877,303903,6,26,2,600,1.23076923077
304415,304421,304470,6,49,4,216000,1.12244897959
304690,304697,304788,7,91,4,216000,1.07692307692
305058,305064,336172,6,31108,4,216000,1.00019287643
306288,306721,321269,433,14548,5,16200,1.02976354138
306576,306685,317538,109,10853,5,16200,1.010043306
306689,312129,324864,5440,12735,5,16200,1.42716921869
306720,314233,324805,7513,10572,5,16200,1.71065077563
306975,308218,322658,1243,14440,3,14400,1.08608033241
307554,307561,307737,7,176,2,1200,1.03977272727
308125,308131,308210,6,79,3,1200,1.07594936709
308126,308137,308210,11,73,4,1200,1.15068493151
308223,310607,310670,2384,63,12,1200,38.8412698413
308223,310524,310595,2301,71,12,1200,33.4084507042
308224,311037,311126,2813,89,12,1200,32.606741573
308224,310761,310830,2537,69,12,1200,37.768115942
308224,310681,310749,2457,68,12,1200,37.1323529412
308224,310842,310928,2618,86,12,1200,31.4418604651
308224,310940,311025,2716,85,12,1200,32.9529411765
308230,308240,308341,10,101,6,1200,1.09900990099
308230,308609,308720,379,111,4,1200,4.41441441441
308232,308365,308366,133,1,8,1200,13.4
308232,308378,308450,146,72,8,1200,3.02777777778
308233,308475,308479,242,4,8,1200,24.6
308233,308503,308504,270,1,8,1200,27.1
308651,311138,335864,2487,24726,2,43200,1.10058238292
309389,309397,309399,8,2,4,3600,1.0
309926,309932,309933,6,1,4,3600,1.0
310148,310154,312246,6,2092,4,3600,1.00286806883
311266,318729,329575,7463,10846,20,10799,1.68808777429
311658,311664,312045,6,381,1,600,1.0157480315
312127,315456,327285,3329,11829,5,16200,1.28142700144
312344,312351,312680,7,329,1,600,1.02127659574
312646,312653,313155,7,502,4,1800,1.01394422311
312675,312682,312689,7,7,1,600,1.4
312712,312718,312826,6,108,1,600,1.05555555556
312943,312949,312979,6,30,2,600,1.2
314221,314227,314934,6,707,1,1500,1.00848656294
314232,314359,322196,127,7837,5,16200,1.01620518055
314243,314249,314957,6,708,1,1500,1.00847457627
314356,317550,327332,3194,9782,5,16200,1.32651809446
314895,314901,314905,6,4,5,3600,1.0
314973,314984,315208,11,224,3,1200,1.04910714286
314973,314979,315214,6,235,3,1200,1.02553191489
314973,314990,315221,17,231,3,1200,1.07359307359
314974,314999,315235,25,236,3,1200,1.10593220339
314974,315220,315684,246,464,3,1200,1.53017241379
315261,315273,315394,12,121,4,1200,1.09917355372
315261,315268,315379,7,111,4,1200,1.06306306306
315262,315406,315504,144,98,4,1200,2.4693877551
315262,315392,315502,130,110,4,1200,2.18181818182
315454,321281,331047,5827,9766,5,16200,1.59666188818
315475,315513,315624,38,111,6,1200,1.34234234234
315476,315636,315733,160,97,6,1200,2.64948453608
315476,315744,315963,268,219,6,1200,2.22374429224
315476,315807,316014,331,207,6,1200,2.59903381643
315476,316026,316232,550,206,6,1200,3.66990291262
315476,315697,315796,221,99,6,1200,3.23232323232
317505,324335,329167,6830,4832,8,25200,2.41349337748
317521,324638,326683,7117,2045,8,25200,4.48019559902
317544,324643,325834,7099,1191,8,25200,6.96053736356
317550,322207,335794,4657,13587,5,16200,1.34275410319
317558,325159,327380,7601,2221,8,25200,4.42233228276
317571,325845,330485,8274,4640,8,25200,2.78318965517
317589,326694,327713,9105,1019,8,25200,9.93523061825
317614,327391,328573,9777,1182,8,25200,9.27157360406
317626,327725,329852,10099,2127,8,25200,5.74800188058
317636,328584,336781,10948,8197,8,25200,2.33561058924
317867,317942,318318,75,376,6,3600,1.19946808511
318361,330496,359988,12135,29492,16,108000,1.41146751661
318571,329268,337429,10697,8161,6,10800,2.31074623208
318683,318690,318692,7,2,1,600,1.0
318691,335532,335688,16841,156,6,14400,108.955128205
319667,360209,360414,40542,205,16,28800,198.765853659
319667,360421,360782,40754,361,16,28800,113.891966759
319668,360788,360972,41120,184,16,28800,224.47826087
319669,361199,361530,41530,331,16,28800,126.468277946
319669,360978,361193,41309,215,16,28800,193.134883721
319670,361537,361693,41867,156,16,28800,269.378205128
319671,361699,362002,42028,303,16,28800,139.706270627
319672,362008,362137,42336,129,16,28800,329.186046512
319673,362404,362558,42731,154,16,28800,278.474025974
319673,362143,362398,42470,255,16,28800,167.549019608
319720,319727,319826,7,99,2,1200,1.07070707071
320080,320087,320206,7,119,2,1200,1.05882352941
320831,324329,346684,3498,22355,20,86399,1.15647506151
320837,390697,402166,69860,11469,1,162000,7.09120237161
320844,390702,402169,69858,11467,1,162000,7.09209034621
320849,390680,402175,69831,11495,1,162000,7.07490213136
320854,330881,360452,10027,29571,1,162000,1.33908220892
320866,390686,402182,69820,11496,1,162000,7.07341684064
320873,390691,402185,69818,11494,1,162000,7.07429963459
320878,333790,336100,12912,2310,1,162000,6.58961038961
320886,335547,335625,14661,78,1,162000,188.961538462
321285,324875,332351,3590,7476,5,16200,1.48020331728
322210,324816,336158,2606,11342,5,16200,1.22976547346
323200,323206,323267,6,61,2,1200,1.09836065574
323471,329155,329176,5684,21,2,1200,271.666666667
323839,328973,329062,5134,89,8,1200,58.6853932584
323839,328967,329047,5128,80,8,1200,65.1
323839,329058,329137,5219,79,8,1200,67.0632911392
323840,329073,329146,5233,73,8,1200,72.6849315068
323840,329149,329237,5309,88,8,1200,61.3295454545
323840,329161,329246,5321,85,8,1200,63.6
323840,329178,329256,5338,78,8,1200,69.4358974359
324221,335704,335988,11483,284,2,216000,41.4330985915
324259,335537,335616,11278,79,1,28800,143.759493671
324824,327296,336907,2472,9611,5,16200,1.25720528561
324876,327343,341250,2467,13907,5,16200,1.17739267995
327295,331058,347537,3763,16479,5,16200,1.22835123491
327347,332362,347120,5015,14758,5,16200,1.33981569318
331057,335805,352313,4748,16508,5,16200,1.28761812455
332360,336171,352644,3811,16473,5,16200,1.23134826686
337212,337219,354782,7,17563,1,28800,1.00039856517
390155,390161,390164,6,3,20,3600,1.0
390841,390847,390849,6,2,1,7200,1.0
390841,390865,391188,24,323,1,7200,1.07430340557
390841,390853,390964,12,111,1,7200,1.10810810811
390842,390876,390895,34,19,1,7200,2.78947368421
390842,390871,391006,29,135,1,7200,1.21481481481
390843,390893,391582,50,689,1,7200,1.07256894049
390843,390899,393397,56,2498,1,7200,1.02241793435
390843,390882,390883,39,1,1,7200,4.0
390843,390888,391452,45,564,1,7200,1.07978723404
390844,390905,398119,61,7214,1,7200,1.00845578043
390844,390910,390911,66,1,1,7200,6.7
390844,390916,393332,72,2416,1,7200,1.0298013245
390845,390933,396902,88,5969,1,7200,1.014742838
390845,390968,390977,123,9,1,7200,13.2
390845,390927,390929,82,2,1,7200,8.4
390845,390922,390923,77,1,1,7200,7.8
390846,390973,390974,127,1,1,7200,12.8
390846,390985,390987,139,2,1,7200,14.1
390846,390979,390980,133,1,1,7200,13.4
390847,391008,391010,161,2,1,7200,16.3
390847,390996,398201,149,7205,1,7200,1.02068008328
390847,391003,392509,156,1506,1,7200,1.10358565737
390848,391014,392434,166,1420,1,7200,1.11690140845
390848,391019,391055,171,36,1,7200,5.75
390849,391026,391043,177,17,1,7200,11.4117647059
390849,391045,391532,196,487,1,7200,1.40246406571
390849,391037,391038,188,1,1,7200,18.9
390849,391031,391034,182,3,1,7200,18.5
390850,391060,392172,210,1112,1,7200,1.18884892086
390851,391086,391184,235,98,1,7200,3.39795918367
390851,391072,391074,221,2,1,7200,22.3
390851,391078,391079,227,1,1,7200,22.8
390852,391196,393653,344,2457,1,7200,1.14000814001
390852,391229,391230,377,1,1,7200,37.8
390852,391203,391217,351,14,1,7200,26.0714285714
390852,391105,391456,253,351,1,7200,1.7207977208
390854,391486,392673,632,1187,1,7200,1.53243470935
390854,391266,392886,412,1620,1,7200,1.25432098765
390854,391479,393106,625,1627,1,7200,1.38414259373
390855,391558,392216,703,658,1,7200,2.06838905775
390855,391545,391546,690,1,1,7200,69.1
390855,391594,391714,739,120,1,7200,7.15833333333
390856,391741,391936,885,195,1,7200,5.53846153846
390856,391948,391983,1092,35,1,7200,32.2
390856,391727,391729,871,2,1,7200,87.3
390857,392021,392031,1164,10,1,7200,117.4
390857,392051,393158,1194,1107,1,7200,2.07859078591
390857,391994,392009,1137,15,1,7200,76.8
390857,392044,392046,1187,2,1,7200,118.9
390858,392057,394432,1199,2375,1,7200,1.50484210526
390858,392185,392205,1327,20,1,7200,67.35
390858,392217,392245,1359,28,1,7200,49.5357142857
390859,390939,390940,80,1,1,7200,8.1
390859,390950,390996,91,46,1,7200,2.97826086957
390859,390945,392036,86,1091,1,7200,1.07882676444
390860,392228,392246,1368,18,1,7200,77.0
390860,390961,390962,101,1,1,7200,10.2
390861,392257,392259,1396,2,1,7200,139.8
390861,392263,392737,1402,474,1,7200,3.95780590717
390861,392271,392459,1410,188,1,7200,8.5
390862,392521,399739,1659,7218,1,7200,1.22984206151
390862,392446,392654,1584,208,1,7200,8.61538461538
390862,392470,393079,1608,609,1,7200,3.64039408867
390863,392679,393689,1816,1010,1,7200,2.79801980198
390863,392749,393005,1886,256,1,7200,8.3671875
390863,392686,392748,1823,62,1,7200,30.4032258065
390863,392665,392667,1802,2,1,7200,180.4
390864,392898,400143,2034,7245,1,7200,1.28074534161
390864,392760,399962,1896,7202,1,7200,1.2632602055
390864,393018,393157,2154,139,1,7200,16.4964028777
390865,393091,393093,2226,2,1,7200,222.8
390865,393109,400330,2244,7221,1,7200,1.31076028251
390866,393119,393120,2253,1,1,7200,225.4
390866,393169,400409,2303,7240,1,7200,1.31809392265
390866,393132,393581,2266,449,1,7200,6.04677060134
390867,393310,393380,2443,70,1,7200,35.9
390867,393344,393345,2477,1,1,7200,247.8
390867,393358,393512,2491,154,1,7200,17.1753246753
390867,393176,393298,2309,122,1,7200,19.9262295082
390868,393394,393820,2526,426,1,7200,6.92957746479
390868,393524,393525,2656,1,1,7200,265.7
390868,393414,400634,2546,7220,1,7200,1.35263157895
390869,393593,394531,2724,938,1,7200,3.90405117271
390869,393665,393666,2796,1,1,7200,279.7
390869,393537,396639,2668,3102,1,7200,1.86009026435
390869,393679,393686,2810,7,1,7200,281.7
390870,393705,393706,2835,1,1,7200,283.6
390871,393733,393832,2862,99,1,7200,29.9090909091
390871,393719,393720,2848,1,1,7200,284.9
390872,393832,395651,2960,1819,1,7200,2.62726772952
390872,393740,393827,2868,87,1,7200,33.9655172414
390872,393839,394966,2967,1127,1,7200,3.63265306122
390873,393845,393876,2972,31,1,7200,96.8709677419
390873,393991,393992,3118,1,1,7200,311.9
390873,393889,393979,3016,90,1,7200,34.5111111111
390873,394005,400013,3132,6008,1,7200,1.52130492676
390874,394568,394569,3694,1,1,7200,369.5
390874,394543,394555,3669,12,1,7200,306.75
390874,394444,396578,3570,2134,1,7200,2.67291471415
390875,394978,398165,4103,3187,1,7200,2.28741763414
390875,394724,399563,3849,4839,1,7200,1.79541227526
390875,394581,394712,3706,131,1,7200,29.2900763359
390875,395663,395664,4788,1,1,7200,478.9
390876,396014,396015,5138,1,1,7200,513.9
390876,395677,395924,4801,247,1,7200,20.4372469636
390876,395936,396002,5060,66,1,7200,77.6666666667
390877,396064,396065,5187,1,1,7200,518.8
390877,396028,396052,5151,24,1,7200,215.625
390878,396402,396403,5524,1,1,7200,552.5
390878,396078,396390,5200,312,1,7200,17.6666666667
390879,396590,399810,5711,3220,1,7200,2.77360248447
390879,396651,396883,5772,232,1,7200,25.8793103448
390879,396439,398652,5560,2213,1,7200,3.51242657027
390880,396917,396993,6037,76,1,7200,80.4342105263
390880,396910,397585,6030,675,1,7200,9.93333333333
390880,396896,396898,6016,2,1,7200,601.8
390881,397275,397276,6394,1,1,7200,639.5
390881,397005,397263,6124,258,1,7200,24.7364341085
390881,397289,397581,6408,292,1,7200,22.9452054795
390882,397593,397598,6711,5,1,7200,671.6
390882,397600,397684,6718,84,1,7200,80.9761904762
390883,397697,397704,6814,7,1,7200,682.1
390883,397928,405174,7045,7246,1,7200,1.97226055755
390883,397717,397936,6834,219,1,7200,32.2054794521
390883,397610,397916,6727,306,1,7200,22.9836601307
390884,398131,398317,7247,186,1,7200,39.9623655914
390884,397952,398079,7068,127,1,7200,56.6535433071
390884,398095,399016,7211,921,1,7200,8.82953311618
390885,398177,398327,7292,150,1,7200,49.6133333333
390885,398329,398341,7444,12,1,7200,621.333333333
390885,398339,398352,7454,13,1,7200,574.384615385
390885,398213,398342,7328,129,1,7200,57.8062015504
390886,398353,398886,7467,533,1,7200,15.009380863
390886,398359,398884,7473,525,1,7200,15.2342857143
390886,398367,398650,7481,283,1,7200,27.4346289753
390887,398669,398982,7782,313,1,7200,25.8626198083
390887,398896,398993,8009,97,1,7200,83.5670103093
390887,398662,399015,7775,353,1,7200,23.0254957507
390888,398995,399020,8107,25,1,7200,325.28
390888,398918,399041,8030,123,1,7200,66.2845528455
390888,398903,398906,8015,3,1,7200,801.8
390889,399005,399065,8116,60,1,7200,136.266666667
390889,399027,399238,8138,211,1,7200,39.5687203791
390889,399039,399086,8150,47,1,7200,174.404255319
390889,399034,399040,8145,6,1,7200,815.1
390890,399080,406300,8190,7220,1,7200,2.13434903047
390890,399053,406258,8163,7205,1,7200,2.13296321999
390890,399058,399616,8168,558,1,7200,15.6379928315
390891,399627,400191,8736,564,1,7200,16.4893617021
390891,399250,403743,8359,4493,1,7200,2.86044958825
390891,399099,401435,8208,2336,1,7200,4.51369863014
390891,399575,399678,8684,103,1,7200,85.3106796117
390892,399691,400659,8799,968,1,7200,10.0898760331
390892,399751,400691,8859,940,1,7200,10.4244680851
390892,399823,399824,8931,1,1,7200,893.2
390893,399853,400773,8960,920,1,7200,10.7391304348
390893,399974,400210,9081,236,1,7200,39.4788135593
390894,400155,401011,9261,856,1,7200,11.8189252336
390894,400025,400511,9131,486,1,7200,19.7880658436
390895,400223,400530,9328,307,1,7200,31.3843648208
390895,400204,400328,9309,124,1,7200,76.0725806452
390895,400344,406136,9449,5792,1,7200,2.63138812155
390895,400349,405800,9454,5451,1,7200,2.73436066777
390896,400646,400653,9750,7,1,7200,975.7
390896,400421,407623,9525,7202,1,7200,2.32254929186
390896,400542,400732,9646,190,1,7200,51.7684210526
390896,400523,400908,9627,385,1,7200,26.0051948052
390897,400672,400988,9775,316,1,7200,31.9335443038
390897,400700,400705,9803,5,1,7200,980.8
390897,400665,400688,9768,23,1,7200,425.695652174
390898,400717,400907,9819,190,1,7200,52.6789473684
390898,400744,401107,9846,363,1,7200,28.1239669421
390898,400707,401017,9809,310,1,7200,32.6419354839
390899,400785,400849,9886,64,1,7200,155.46875
390899,400861,408099,9962,7238,1,7200,2.3763470572
390899,400919,402665,10020,1746,1,7200,6.73883161512
390900,401000,401157,10100,157,1,7200,65.3312101911
390900,400954,402315,10054,1361,1,7200,8.38721528288
390900,400926,400942,10026,16,1,7200,627.625
390901,401119,401141,10218,22,1,7200,465.454545455
390901,401029,401452,10128,423,1,7200,24.9432624113
390901,401022,408243,10121,7221,1,7200,2.4016064257
390902,401440,401451,10538,11,1,7200,959.0
390902,401153,401217,10251,64,1,7200,161.171875
390902,401229,401485,10327,256,1,7200,41.33984375
390902,401173,401428,10271,255,1,7200,41.2784313725
390903,401470,401649,10567,179,1,7200,60.0335195531
390903,401464,402112,10561,648,1,7200,17.2978395062
390903,401449,401559,10546,110,1,7200,96.8727272727
390904,401497,402326,10593,829,1,7200,13.7780458384
390904,401662,401890,10758,228,1,7200,48.1842105263
390904,401571,402308,10667,737,1,7200,15.473541384
390905,402005,402388,11100,383,1,7200,29.9817232376
390905,402124,404175,11219,2051,1,7200,6.47001462701
390905,401902,401992,10997,90,1,7200,123.188888889
390906,402346,402377,11440,31,1,7200,370.032258065
390906,402334,402696,11428,362,1,7200,32.5690607735
390906,402341,403936,11435,1595,1,7200,8.16927899687
390907,402400,402643,11493,243,1,7200,48.2962962963
390907,402655,402671,11748,16,1,7200,735.25
390907,402389,403229,11482,840,1,7200,14.669047619
390908,402684,402774,11776,90,1,7200,131.844444444
390908,402708,402776,11800,68,1,7200,174.529411765
390908,402786,402806,11878,20,1,7200,594.9
390908,402677,409904,11769,7227,1,7200,2.62847654628
390909,402793,410039,11884,7246,1,7200,2.64007728402
390909,402818,404204,11909,1386,1,7200,9.59235209235
390911,403582,403698,12671,116,1,7200,110.232758621
390911,403710,404544,12799,834,1,7200,16.3465227818
390911,403289,403569,12378,280,1,7200,45.2071428571
390912,403756,403809,12844,53,1,7200,243.339622642
390912,403822,403829,12910,7,1,7200,1291.7
390912,403841,408590,12929,4749,1,7200,3.72246788798
390913,403950,404004,13037,54,1,7200,242.425925926
390913,404017,404151,13104,134,1,7200,98.7910447761
390913,404163,404203,13250,40,1,7200,332.25
390913,404190,409975,13277,5785,1,7200,3.29507346586
390914,404222,411431,13308,7209,1,7200,2.84602580108
390914,404556,404631,13642,75,1,7200,182.893333333
390914,404215,404861,13301,646,1,7200,21.5897832817
390915,404873,404897,13958,24,1,7200,582.583333333
390915,404909,404919,13994,10,1,7200,1400.4
390915,404644,410752,13729,6108,1,7200,3.24770792403
390915,404932,412157,14017,7225,1,7200,2.94006920415
390916,406149,406687,15233,538,1,7200,29.3141263941
390916,405188,405429,14272,241,1,7200,60.2199170124
390916,406154,406557,15238,403,1,7200,38.8114143921
390917,406160,409933,15243,3773,1,7200,5.04002120329
390917,406270,406347,15353,77,1,7200,200.38961039
390917,406313,406650,15396,337,1,7200,46.6854599407
390918,406389,410173,15471,3784,1,7200,5.08853065539
390918,406359,406377,15441,18,1,7200,858.833333333
390918,406570,406584,15652,14,1,7200,1119.0
390919,406699,406731,15780,32,1,7200,494.125
390919,406623,413827,15704,7204,1,7200,3.17990005552
390919,406596,406611,15677,15,1,7200,1046.13333333
390919,406662,407743,15743,1081,1,7200,15.5633672525
390920,407355,407375,16435,20,1,7200,822.75
390920,407193,407343,16273,150,1,7200,109.486666667
390920,406744,407181,15824,437,1,7200,37.2105263158
390921,407387,409021,16466,1634,1,7200,11.0771113831
390921,407755,408242,16834,487,1,7200,35.5667351129
390921,407636,407841,16715,205,1,7200,82.5365853659
390921,407853,408193,16932,340,1,7200,50.8
390922,408205,408210,17283,5,1,7200,1728.8
390922,408112,408220,17190,108,1,7200,160.166666667
390923,408222,408553,17299,331,1,7200,53.2628398792
390923,408258,408263,17335,5,1,7200,1734.0
390923,408232,411421,17309,3189,1,7200,6.42772028849
390923,408263,409394,17340,1131,1,7200,16.3315649867
390924,408275,408353,17351,78,1,7200,223.448717949
390924,408365,408421,17441,56,1,7200,312.446428571
390924,408434,408437,17510,3,1,7200,1751.3
390925,408449,408465,17524,16,1,7200,1096.25
390925,408565,408669,17640,104,1,7200,170.615384615
390925,408477,408769,17552,292,1,7200,61.1095890411
390926,408692,411241,17766,2549,1,7200,7.96979207532
390926,408602,408676,17676,74,1,7200,239.864864865
390926,408685,408806,17759,121,1,7200,147.768595041
390927,408781,408789,17854,8,1,7200,1786.2
390927,408803,408821,17876,18,1,7200,994.111111111
390927,408818,411533,17891,2715,1,7200,7.58968692449
390927,408833,408882,17906,49,1,7200,366.428571429
390928,408963,411892,18035,2929,1,7200,7.15739160123
390928,409033,409126,18105,93,1,7200,195.677419355
390928,408895,408950,17967,55,1,7200,327.672727273
390929,409488,409594,18559,106,1,7200,176.08490566
390929,409138,409475,18209,337,1,7200,55.0326409496
390929,409406,416620,18477,7214,1,7200,3.56126975326
390930,409606,409624,18676,18,1,7200,1038.55555556
390930,409683,410487,18753,804,1,7200,24.3246268657
390930,409916,410159,18986,243,1,7200,79.1316872428
390930,409637,409671,18707,34,1,7200,551.205882353
390931,409987,410023,19056,36,1,7200,530.333333333
390931,409945,417191,19014,7246,1,7200,3.62406845156
390931,410036,410077,19105,41,1,7200,466.975609756
390931,410051,410118,19120,67,1,7200,286.373134328
390932,410130,410458,19198,328,1,7200,59.5304878049
390932,410089,410855,19157,766,1,7200,26.0091383812
390932,410170,417416,19238,7246,1,7200,3.65498205907
390933,410305,410466,19372,161,1,7200,121.322981366
390933,410470,410492,19537,22,1,7200,889.045454545
390933,410185,410293,19252,108,1,7200,179.259259259
390934,410499,411272,19565,773,1,7200,26.3104786546
390934,410506,410913,19572,407,1,7200,49.0884520885
390934,410478,410493,19544,15,1,7200,1303.93333333
390935,410511,410740,19576,229,1,7200,86.4847161572
390935,410815,411040,19880,225,1,7200,89.3555555556
390935,410764,410884,19829,120,1,7200,166.241666667
390935,410753,410803,19818,50,1,7200,397.36
390936,410926,411536,19990,610,1,7200,33.7704918033
390936,410897,411065,19961,168,1,7200,119.81547619
390936,410866,410956,19930,90,1,7200,222.444444444
390937,410968,411060,20031,92,1,7200,218.72826087
390937,411052,411196,20115,144,1,7200,140.6875
390937,411076,411298,20139,222,1,7200,91.7162162162
390937,411082,411122,20145,40,1,7200,504.625
390938,411134,411160,20196,26,1,7200,777.769230769
390938,411173,411179,20235,6,1,7200,2024.1
390938,411192,411201,20254,9,1,7200,2026.3
390939,411231,418455,20292,7224,1,7200,3.80897009967
390939,411216,411262,20277,46,1,7200,441.804347826
390939,411209,411218,20270,9,1,7200,2027.9
390939,411253,411288,20314,35,1,7200,581.4
390940,411274,411282,20334,8,1,7200,2034.2
390940,411294,411305,20354,11,1,7200,1851.36363636
390940,411285,411946,20345,661,1,7200,31.7791225416
390941,411301,411336,20360,35,1,7200,582.714285714
390941,411317,411465,20376,148,1,7200,138.675675676
390941,411310,411649,20369,339,1,7200,61.0855457227
390942,411433,412101,20491,668,1,7200,31.6751497006
390942,411348,411472,20406,124,1,7200,165.564516129
390942,411476,418693,20534,7217,1,7200,3.84522654843
390942,411443,412189,20501,746,1,7200,28.481233244
390943,411484,411500,20541,16,1,7200,1284.8125
390943,411546,411934,20603,388,1,7200,54.1005154639
390943,411512,411516,20569,4,1,7200,2057.3
390943,411529,414221,20586,2692,1,7200,8.647102526
390944,411595,411665,20651,70,1,7200,296.014285714
390944,411553,411555,20609,2,1,7200,2061.1
390944,411567,411583,20623,16,1,7200,1289.9375
390945,411661,412232,20716,571,1,7200,37.2802101576
390945,411677,411709,20732,32,1,7200,648.875
390946,411904,411950,20958,46,1,7200,456.608695652
390946,411808,412008,20862,200,1,7200,105.31
390946,411721,411796,20775,75,1,7200,278.0
390946,411946,412196,21000,250,1,7200,85.0
390947,412020,412444,21073,424,1,7200,50.7004716981
390947,411958,412303,21011,345,1,7200,61.9014492754
390947,411965,419211,21018,7246,1,7200,3.90063483301
390948,412199,412204,21251,5,1,7200,2125.6
390948,412113,412668,21165,555,1,7200,39.1351351351
390948,412206,412281,21258,75,1,7200,284.44
390948,412169,412186,21221,17,1,7200,1249.29411765
390949,412213,412312,21264,99,1,7200,215.787878788
390949,412220,413020,21271,800,1,7200,27.58875
390949,412244,412247,21295,3,1,7200,2129.8
390950,412258,412418,21308,160,1,7200,134.175
390950,412315,413086,21365,771,1,7200,28.7107652399
390950,412293,412309,21343,16,1,7200,1334.9375
390951,412329,412354,21378,25,1,7200,856.12
390951,412336,412736,21385,400,1,7200,54.4625
390952,412367,412368,21415,1,1,7200,2141.6
390952,412381,412382,21429,1,1,7200,2143.0
390952,412432,412433,21480,1,1,7200,2148.1
390952,412395,412616,21443,221,1,7200,98.0271493213
390953,412475,412476,21522,1,1,7200,2152.3
390953,412455,412733,21502,278,1,7200,78.345323741
390954,412488,412493,21534,5,1,7200,2153.9
390954,412629,412630,21675,1,1,7200,2167.6
390954,412505,415329,21551,2824,1,7200,8.63137393768
390955,412667,419906,21712,7239,1,7200,3.99930929686
390955,412680,412717,21725,37,1,7200,588.162162162
390956,412730,412732,21774,2,1,7200,2177.6
390957,412749,412750,21792,1,1,7200,2179.3
390957,412756,412829,21799,73,1,7200,299.616438356
390957,412761,412838,21804,77,1,7200,284.168831169
390958,412781,412801,21823,20,1,7200,1092.15
390958,412813,412814,21855,1,1,7200,2185.6
390959,412852,412855,21893,3,1,7200,2189.6
390959,412845,412917,21886,72,1,7200,304.972222222
390959,412857,413186,21898,329,1,7200,67.5592705167
390960,412867,412871,21907,4,1,7200,2191.1
390961,412930,412931,21969,1,1,7200,2197.0
390961,412908,413390,21947,482,1,7200,46.5331950207
390961,412943,413022,21982,79,1,7200,279.253164557
390961,413032,413034,22071,2,1,7200,2207.3
390962,413039,413043,22077,4,1,7200,2208.1
390962,413056,413743,22094,687,1,7200,33.1601164483
390963,413099,413100,22136,1,1,7200,2213.7
390963,413062,413117,22099,55,1,7200,402.8
390963,413112,413127,22149,15,1,7200,1477.6
390964,413139,413144,22175,5,1,7200,2218.0
390964,413146,420392,22182,7246,1,7200,4.06127518631
390964,413130,413131,22166,1,1,7200,2216.7
390965,413168,413180,22203,12,1,7200,1851.25
390965,413192,413207,22227,15,1,7200,1482.8
390966,413220,413946,22254,726,1,7200,31.652892562
390966,413232,413233,22266,1,1,7200,2226.7
390966,413199,413201,22233,2,1,7200,2223.5
390966,413213,413220,22247,7,1,7200,2225.4
390967,413402,413407,22435,5,1,7200,2244.0
390967,413245,413560,22278,315,1,7200,71.7238095238
390968,413432,413664,22464,232,1,7200,97.8275862069
390968,413572,413574,22604,2,1,7200,2260.6
390969,413586,413594,22617,8,1,7200,2262.5
390969,413606,413631,22637,25,1,7200,906.48
390969,413643,413726,22674,83,1,7200,274.180722892
390969,413676,413733,22707,57,1,7200,399.368421053
390970,413745,413746,22775,1,1,7200,2277.6
390970,413756,413757,22786,1,1,7200,2278.7
390970,413738,413805,22768,67,1,7200,340.820895522
390971,413793,421018,22822,7225,1,7200,4.15875432526
390971,413774,421020,22803,7246,1,7200,4.14697764284
390971,413780,413781,22809,1,1,7200,2281.0
390972,413817,413819,22845,2,1,7200,2284.7
390972,413839,416289,22867,2450,1,7200,10.3334693878
390972,413831,414227,22859,396,1,7200,58.7247474747
390973,413959,414501,22986,542,1,7200,43.4095940959
390973,414240,414244,23267,4,1,7200,2327.1
390973,414233,414235,23260,2,1,7200,2326.2
390975,414271,414357,23296,86,1,7200,271.88372093
390975,414369,414385,23394,16,1,7200,1463.125
390975,414397,414398,23422,1,1,7200,2342.3
390975,414278,414543,23303,265,1,7200,88.9358490566
390976,414423,414517,23447,94,1,7200,250.436170213
390976,414513,414515,23537,2,1,7200,2353.9
390977,414534,414535,23557,1,1,7200,2355.8
390977,414541,414544,23564,3,1,7200,2356.7
390978,414569,414614,23591,45,1,7200,525.244444444
390978,414548,414553,23570,5,1,7200,2357.5
390978,414555,414556,23577,1,1,7200,2357.8
390978,414562,414578,23584,16,1,7200,1475.0
390979,414574,414575,23595,1,1,7200,2359.6
390979,414594,414595,23615,1,1,7200,2361.6
390980,414608,418084,23628,3476,1,7200,7.79746835443
390980,414618,421849,23638,7231,1,7200,4.26898077721
390980,414600,414606,23620,6,1,7200,2362.6
390981,414627,414645,23646,18,1,7200,1314.66666667
390981,414657,414674,23676,17,1,7200,1393.70588235
390982,414686,414708,23704,22,1,7200,1078.45454545
390982,414720,414721,23738,1,1,7200,2373.9
390983,415341,415345,24358,4,1,7200,2436.2
390983,414758,416419,23775,1661,1,7200,15.313666466
390983,415356,415357,24373,1,1,7200,2437.4
390984,415438,415440,24454,2,1,7200,2445.6
390984,415392,415425,24408,33,1,7200,740.636363636
390985,415578,415579,24593,1,1,7200,2459.4
390985,415452,415566,24467,114,1,7200,215.622807018
390985,415592,415707,24607,115,1,7200,214.973913043
390986,415719,415721,24733,2,1,7200,2473.5
390986,416301,416302,25315,1,1,7200,2531.6
390986,415733,417290,24747,1557,1,7200,16.894026975
390987,416567,417011,25580,444,1,7200,58.6126126126
390987,416314,416828,25327,514,1,7200,50.2743190661
390987,416431,416555,25444,124,1,7200,206.193548387
390988,416856,418351,25868,1495,1,7200,18.3030100334
390988,417023,417025,26035,2,1,7200,2603.7
390988,416840,416844,25852,4,1,7200,2585.6
390988,416632,423865,25644,7233,1,7200,4.54541683949
390989,417203,417228,26214,25,1,7200,1049.56
390989,417050,419563,26061,2513,1,7200,11.3704735376
390990,417240,419003,26250,1763,1,7200,15.88939308
390990,417303,417340,26313,37,1,7200,712.162162162
390990,417353,417354,26363,1,1,7200,2636.4
390991,417557,418204,26566,647,1,7200,42.0602782071
390991,417366,418523,26375,1157,1,7200,23.7960242005
390991,417428,417544,26437,116,1,7200,228.905172414
390992,418124,418139,27132,15,1,7200,1809.8
390992,418096,418099,27104,3,1,7200,2710.7
390993,418377,418378,27384,1,1,7200,2738.5
390993,418217,418479,27224,262,1,7200,104.908396947
390993,418151,425364,27158,7213,1,7200,4.76514626369
390993,418364,418365,27371,1,1,7200,2737.2
390994,418467,419054,27473,587,1,7200,47.8023850085
390994,418390,418778,27396,388,1,7200,71.6082474227
390994,418491,418498,27497,7,1,7200,2750.4
390995,418510,419698,27515,1188,1,7200,24.1607744108
390995,418550,418552,27555,2,1,7200,2755.7
390995,418535,418538,27540,3,1,7200,2754.3
390995,418564,419548,27569,984,1,7200,29.0172764228
390996,419560,419628,28564,68,1,7200,421.058823529
390996,418705,419224,27709,519,1,7200,54.3892100193
390996,419015,419017,28019,2,1,7200,2802.1
390997,419066,419355,28069,289,1,7200,98.124567474
390997,418790,426022,27793,7232,1,7200,4.84305862832
390997,419034,419035,28037,1,1,7200,2803.8
390997,419048,419122,28051,74,1,7200,380.067567568
390998,419223,420470,28225,1247,1,7200,23.6343223737
390998,419237,419238,28239,1,1,7200,2824.0
390998,419133,419697,28135,564,1,7200,50.884751773
390999,419278,419279,28279,1,1,7200,2828.0
390999,419251,419266,28252,15,1,7200,1884.46666667
390999,419291,422153,28292,2862,1,7200,10.8853948288
391000,419368,419473,28368,105,1,7200,271.171428571
391000,419485,419489,28485,4,1,7200,2848.9
391001,419575,419578,28574,3,1,7200,2857.7
391001,419590,419591,28589,1,1,7200,2859.0
391001,419514,419938,28513,424,1,7200,68.2476415094
391002,419603,419931,28601,328,1,7200,88.1981707317
391002,419654,419808,28652,154,1,7200,187.051948052
391002,419709,419721,28707,12,1,7200,2393.25
391002,419640,419641,28638,1,1,7200,2863.9
391003,419747,420187,28744,440,1,7200,66.3272727273
391003,419715,419989,28712,274,1,7200,105.788321168
391003,419734,419735,28731,1,1,7200,2873.2
391004,419943,420034,28939,91,1,7200,319.010989011
391004,419919,420075,28915,156,1,7200,186.352564103
391004,419820,427027,28816,7207,1,7200,4.99833495213
391005,420002,420004,28997,2,1,7200,2899.9
391005,419951,420033,28946,82,1,7200,354.0
391005,420045,423858,29040,3813,1,7200,8.61605035405
391005,420016,421865,29011,1849,1,7200,16.6901027582
391006,420088,420108,29082,20,1,7200,1455.1
391006,420051,420126,29045,75,1,7200,388.266666667
391006,420137,420139,29131,2,1,7200,2913.3
391007,420158,420205,29151,47,1,7200,621.234042553
391007,420120,420145,29113,25,1,7200,1165.52
391007,420165,420926,29158,761,1,7200,39.3153745072
391008,420199,420769,29191,570,1,7200,52.2122807018
391008,420231,420233,29223,2,1,7200,2922.5
391008,420217,420218,29209,1,1,7200,2921.0
391009,420245,427456,29236,7211,1,7200,5.05436139232
391009,420404,420545,29395,141,1,7200,209.475177305
391009,420641,420642,29632,1,1,7200,2963.3
391010,420482,420678,29472,196,1,7200,151.367346939
391010,420557,420559,29547,2,1,7200,2954.9
391011,420583,420585,29572,2,1,7200,2957.4
391011,420597,420598,29586,1,1,7200,2958.7
391011,420654,420768,29643,114,1,7200,261.026315789
391011,420610,420629,29599,19,1,7200,1558.84210526
391012,422152,422155,31140,3,1,7200,3114.3
391012,421861,429094,30849,7233,1,7200,5.26503525508
391012,420690,420692,29678,2,1,7200,2968.0
391013,420704,421005,29691,301,1,7200,99.6411960133
391013,420779,420875,29766,96,1,7200,311.0625
391013,420787,420788,29774,1,1,7200,2977.5
391013,420800,421417,29787,617,1,7200,49.2771474878
391014,420888,421019,29874,131,1,7200,229.045801527
391014,420938,420939,29924,1,1,7200,2992.5
391015,421030,421421,30015,391,1,7200,77.7647058824
391015,421035,421103,30020,68,1,7200,442.470588235
391015,421017,421019,30002,2,1,7200,3000.4
391015,420951,421411,29936,460,1,7200,66.0782608696
391016,421042,422386,30026,1344,1,7200,23.3407738095
391016,421069,421194,30053,125,1,7200,241.424
391016,421116,421125,30100,9,1,7200,3010.9
391016,421047,421056,30031,9,1,7200,3004.0
391017,421206,421208,30189,2,1,7200,3019.1
391017,421137,421143,30120,6,1,7200,3012.6
391017,421155,422237,30138,1082,1,7200,28.853974122
391018,421219,421220,30201,1,1,7200,3020.2
391018,422172,422206,31154,34,1,7200,917.294117647
391018,422218,422277,31200,59,1,7200,529.813559322
391018,422165,422526,31147,361,1,7200,87.2797783934
391020,421268,422633,30248,1365,1,7200,23.1597069597
391020,421423,421427,30403,4,1,7200,3040.7
391020,421437,421438,30417,1,1,7200,3041.8
391020,421430,422579,30410,1149,1,7200,27.4664926023
391021,421444,422800,30423,1356,1,7200,23.435840708
391021,421463,421468,30442,5,1,7200,3044.7
391022,421877,422139,30855,262,1,7200,118.767175573
391022,421480,423757,30458,2277,1,7200,14.3763724199
391374,391380,399409,6,8029,5,16200,1.00074729107
391375,391386,402977,11,11591,5,16200,1.00094901216
391386,391392,404319,6,12927,5,16200,1.00046414481
391386,391397,399999,11,8602,5,16200,1.00127877238
391398,391410,399358,12,7948,5,16200,1.00150981379
391398,391404,399662,6,8258,5,16200,1.00072656818
391409,399369,406952,7960,7583,5,16200,2.04971647105
391410,399420,408239,8010,8819,5,16200,1.90826624334
391438,391444,427448,6,36004,4,36000,1.00016664815
391453,391460,427486,7,36026,4,36000,1.00019430411
391464,391474,427499,10,36025,4,36000,1.00027758501
391992,392002,428030,10,36028,4,36000,1.0002775619
392078,392085,428121,7,36036,2,36000,1.00019425019
392454,392460,428494,6,36034,2,36000,1.00016650941
392642,392648,421462,6,28814,4,28800,1.00020823211
392760,392766,428800,6,36034,4,36000,1.00016650941
392831,392838,428844,7,36006,2,36000,1.00019441204
393402,393408,582021,6,188613,18,198000,1.00003181117
394122,394128,610166,6,216038,2,216000,1.00002777289
394199,394205,394823,6,618,8,7200,1.00970873786
394279,394286,426461,7,32175,4,216000,1.00021756022
394581,394589,397723,8,3134,16,10800,1.00255264837
394613,394621,397825,8,3204,16,10800,1.0024968789
394649,394655,397824,6,3169,16,10800,1.00189334175
395108,395116,395125,8,9,2,7200,1.7
395227,395234,396014,7,780,2,7200,1.00897435897
395383,395390,396588,7,1198,2,7200,1.00584307179
395445,395451,449894,6,54443,4,172800,1.00011020701
395535,395541,481456,6,85915,4,172800,1.00006983647
396096,396103,398030,7,1927,1,1800,1.00363258952
397131,397137,397193,6,56,2,1200,1.10714285714
397192,397199,397254,7,55,2,1200,1.12727272727
397274,397281,398665,7,1384,16,14400,1.00505780347
397379,397387,398874,8,1487,16,14400,1.00537995965
397484,397491,398974,7,1483,16,14400,1.00472016183
398069,398075,428949,6,30874,10,57600,1.00019433828
398081,398087,408855,6,10768,10,57600,1.00055720654
398741,398748,400159,7,1411,16,14400,1.00496102055
398881,398888,399594,7,706,2,7200,1.00991501416
399057,399065,404058,8,4993,4,14400,1.00160224314
399067,399073,399430,6,357,16,600,1.01680672269
399367,399673,410554,306,10881,5,16200,1.02812241522
399419,400010,415833,591,15823,5,16200,1.03735069203
399457,399463,399620,6,157,32,600,1.03821656051
399498,399504,404469,6,4965,4,14400,1.00120845921
399503,399512,404511,9,4999,4,14400,1.00180036007
399508,399518,404308,10,4790,4,14400,1.00208768267
399615,399621,400035,6,414,2,43200,1.01449275362
399669,402989,411057,3320,8068,5,16200,1.41150223104
399841,399847,427402,6,27555,2,43200,1.00021774633
399916,399923,423069,7,23146,2,43200,1.00030242807
399970,399981,431115,11,31134,2,43200,1.00035331149
400012,404331,417538,4319,13207,5,16200,1.32702354812
400309,400316,432988,7,32672,32,39600,1.00021425073
400330,400336,433469,6,33133,32,39600,1.00018108834
400350,400533,433075,183,32542,32,39600,1.00562350194
401161,401168,413000,7,11832,1,85800,1.00059161596
402250,402256,476449,6,74193,1,86400,1.00008087016
402259,402266,476499,7,74233,1,86400,1.00009429768
402264,402273,476378,9,74105,1,86400,1.00012144929
402269,402285,476362,16,74077,1,86400,1.00021599147
402303,402310,476676,7,74366,1,86400,1.00009412904
402308,402316,476483,8,74167,1,86400,1.00010786468
402313,402323,476438,10,74115,1,86400,1.00013492545
402318,402329,476438,11,74109,1,86400,1.00014843002
402408,402416,564438,8,162022,1,162000,1.00004937601
402416,402423,564443,7,162020,1,162000,1.00004320454
402420,402430,564443,10,162013,1,162000,1.00006172344
402425,402436,564459,11,162023,1,162000,1.0000678916
402436,402444,564490,8,162046,1,162000,1.0000493687
402446,402453,564498,7,162045,1,162000,1.00004319788
402452,402460,564484,8,162024,1,162000,1.0000493754
402457,402467,564488,10,162021,1,162000,1.00006172039
402474,402481,564495,7,162014,1,162000,1.00004320614
402480,402488,564494,8,162006,1,162000,1.00004938089
402485,402496,564514,11,162018,1,162000,1.00006789369
402490,402503,564535,13,162032,1,162000,1.00008023107
402994,406963,420709,3969,13746,5,16200,1.28873854212
403227,403234,420343,7,17109,10,57600,1.00040914139
404169,404176,404996,7,820,2,7200,1.00853658537
404330,408250,419783,3920,11533,5,16200,1.3398942166
405336,405343,409151,7,3808,4,25200,1.00183823529
406960,410565,419917,3605,9352,5,16200,1.38547904192
408254,415845,423561,7591,7716,5,16200,1.98379989632
408458,408465,408470,7,5,1,1790,1.2
408671,408678,408703,7,25,1,1790,1.28
408761,408768,412120,7,3352,4,25200,1.00208830549
409067,409074,409078,7,4,1,1790,1.1
409267,409274,409276,7,2,1,1790,1.0
409333,409339,409342,6,3,1,1790,1.0
409784,409790,420103,6,10313,4,25200,1.00058178997
410215,410222,410247,7,25,1,1790,1.28
410568,411069,423385,501,12316,5,16200,1.04067879182
410898,410904,413756,6,2852,8,10800,1.00210378682
411074,417549,425493,6475,7944,5,16200,1.81508056395
412024,412030,412691,6,661,4,25200,1.00907715582
412943,412950,413050,7,100,4,25200,1.07
413067,413074,413992,7,918,4,25200,1.00762527233
413761,413768,414783,7,1015,16,7200,1.00689655172
414786,414793,414801,7,8,8,10800,1.5
414976,414983,415916,7,933,4,25200,1.00750267953
415843,420720,428447,4877,7727,5,16200,1.63116345283
417555,419794,435880,2239,16086,5,16200,1.13918935721
419002,419008,419016,6,8,8,3600,1.4
419020,419027,421590,7,2563,16,3600,1.0027311744
419688,419695,420129,7,434,4,25200,1.01612903226
419798,419928,433191,130,13263,5,16200,1.00980170399
419931,423396,431434,3465,8038,5,16200,1.43107738243
420170,420176,420909,6,733,4,25200,1.00818553888
420717,423572,431389,2855,7817,5,16200,1.36522962773
423053,423060,424009,7,949,4,25200,1.00737618546
423392,425505,434051,2113,8546,5,16200,1.24725017552
423576,428459,441748,4883,13289,5,16200,1.36744676048
425507,431400,446413,5893,15013,5,16200,1.39252647705
425634,425640,450865,6,25225,4,25200,1.00023785927
428457,431445,443047,2988,11602,5,16200,1.25754180314
431397,435891,450442,4494,14551,5,16200,1.30884475294
431449,433202,442624,1753,9422,5,16200,1.18605391637
433205,434062,449803,857,15741,5,16200,1.05444380916
434063,441760,454510,7697,12750,5,16200,1.60368627451
435890,442636,454139,6746,11503,5,16200,1.58645570721
441758,446425,458355,4667,11930,5,16200,1.39119865884
442635,443058,451386,423,8328,5,16200,1.0507925072
443054,449823,459894,6769,10071,5,16200,1.67212789197
446422,450453,462926,4031,12473,5,16200,1.32317806462
449545,449552,449558,7,6,1,7200,1.3
449545,449557,449562,12,5,1,7200,1.7
449546,449570,450227,24,657,1,7200,1.03652968037
449546,449563,449565,17,2,1,7200,1.9
449546,449576,449578,30,2,1,7200,3.2
449547,449592,449594,45,2,1,7200,4.7
449547,449581,449582,34,1,1,7200,3.5
449547,449587,449588,40,1,1,7200,4.1
449548,449604,449606,56,2,1,7200,5.8
449548,449598,449599,50,1,1,7200,5.1
449549,449621,449970,72,349,1,7200,1.20630372493
449549,449615,449704,66,89,1,7200,1.74157303371
449549,449626,449627,77,1,1,7200,7.8
449550,449637,449638,87,1,1,7200,8.8
449550,449713,449981,163,268,1,7200,1.60820895522
449550,449708,449741,158,33,1,7200,5.78787878788
449551,449736,449753,185,17,1,7200,11.8823529412
449551,449719,449867,168,148,1,7200,2.13513513514
449551,449724,449728,173,4,1,7200,17.7
449552,449747,449749,195,2,1,7200,19.7
449552,449741,449742,189,1,1,7200,19.0
449553,449759,449846,206,87,1,7200,3.36781609195
449553,449770,452348,217,2578,1,7200,1.08417377812
449553,449752,449753,199,1,1,7200,20.0
449553,449765,450254,212,489,1,7200,1.43353783231
449554,449776,453075,222,3299,1,7200,1.06729311913
449554,449787,455455,233,5668,1,7200,1.04110797459
449554,449781,449796,227,15,1,7200,16.1333333333
449555,449794,457022,239,7228,1,7200,1.03306585501
449555,449805,457023,250,7218,1,7200,1.03463563314
449555,449799,449800,244,1,1,7200,24.5
449556,449831,454623,275,4792,1,7200,1.05738731219
449556,449817,449819,261,2,1,7200,26.3
449556,449812,449813,256,1,1,7200,25.7
449557,449849,449858,292,9,1,7200,30.1
449557,449836,449837,279,1,1,7200,28.0
449557,449858,449861,301,3,1,7200,30.4
449558,449870,449871,312,1,1,7200,31.3
449558,449884,449887,326,3,1,7200,32.9
449559,449889,455336,330,5447,1,7200,1.0605838076
449559,449903,449921,344,18,1,7200,20.1111111111
449560,449937,449975,377,38,1,7200,10.9210526316
449560,449944,449977,384,33,1,7200,12.6363636364
449560,449910,449918,350,8,1,7200,35.8
449560,449930,449931,370,1,1,7200,37.1
449561,449990,450138,429,148,1,7200,3.89864864865
449561,449983,449986,422,3,1,7200,42.5
449561,449995,449999,434,4,1,7200,43.8
449562,450003,450006,441,3,1,7200,44.4
449562,450009,450564,447,555,1,7200,1.80540540541
449562,450016,452506,454,2490,1,7200,1.18232931727
449563,449651,449680,88,29,1,7200,4.03448275862
449563,449657,449658,94,1,1,7200,9.5
449563,449662,449663,99,1,1,7200,10.0
449563,449646,449665,83,19,1,7200,5.36842105263
449564,449667,449668,103,1,1,7200,10.4
449564,449678,449679,114,1,1,7200,11.5
449564,449673,449678,109,5,1,7200,11.4
449565,449689,456935,124,7246,1,7200,1.01711288987
449565,449695,451575,130,1880,1,7200,1.06914893617
449565,449684,449694,119,10,1,7200,12.9
449566,449700,449701,134,1,1,7200,13.5
449566,450042,450078,476,36,1,7200,14.2222222222
449566,450023,450029,457,6,1,7200,46.3
449567,450106,451653,539,1547,1,7200,1.34841628959
449567,450201,450219,634,18,1,7200,36.2222222222
449567,450150,450188,583,38,1,7200,16.3421052632
449567,450090,450094,523,4,1,7200,52.7
449568,450240,450242,672,2,1,7200,67.4
449568,450231,450235,663,4,1,7200,66.7
449568,450247,450248,679,1,1,7200,68.0
449569,450254,450684,685,430,1,7200,2.59302325581
449569,450268,450270,699,2,1,7200,70.1
449570,450289,450291,719,2,1,7200,72.1
449571,450303,450335,732,32,1,7200,23.875
449571,450310,450311,739,1,1,7200,74.0
449572,450347,450349,775,2,1,7200,77.7
449572,450335,451235,763,900,1,7200,1.84777777778
449572,450361,450362,789,1,1,7200,79.0
449573,450400,450514,827,114,1,7200,8.25438596491
449573,450526,450529,953,3,1,7200,95.6
449574,450577,450808,1003,231,1,7200,5.34199134199
449574,450590,453934,1016,3344,1,7200,1.3038277512
449574,450541,450578,967,37,1,7200,27.1351351351
449575,450753,450755,1178,2,1,7200,118.0
449575,450729,450741,1154,12,1,7200,97.1666666667
449575,450696,450717,1121,21,1,7200,54.380952381
449576,450779,450780,1203,1,1,7200,120.4
449576,450805,452247,1229,1442,1,7200,1.85228848821
449577,450848,452281,1271,1433,1,7200,1.88695045359
449577,450820,450823,1243,3,1,7200,124.6
449578,451260,452304,1682,1044,1,7200,2.61111111111
449578,451247,451248,1669,1,1,7200,167.0
449578,451587,451589,2009,2,1,7200,201.1
449579,451614,452147,2035,533,1,7200,4.81801125704
449579,451665,451704,2086,39,1,7200,54.4871794872
449579,451717,451898,2138,181,1,7200,12.8121546961
449580,451910,451914,2330,4,1,7200,233.4
449581,452123,452139,2542,16,1,7200,159.875
449581,452151,452153,2570,2,1,7200,257.2
449581,451951,452095,2370,144,1,7200,17.4583333333
449581,452107,452110,2526,3,1,7200,252.9
449582,452166,452179,2584,13,1,7200,199.769230769
449582,452159,452196,2577,37,1,7200,70.6486486486
449583,452205,452215,2622,10,1,7200,263.2
449583,452212,452220,2629,8,1,7200,263.7
449583,452228,452232,2645,4,1,7200,264.9
449584,452259,452262,2675,3,1,7200,267.8
449584,452244,454886,2660,2642,1,7200,2.00681302044
449584,452235,453619,2651,1384,1,7200,2.91546242775
449585,452304,452306,2719,2,1,7200,272.1
449585,452316,452318,2731,2,1,7200,273.3
449585,452293,452320,2708,27,1,7200,101.296296296
449585,452274,452292,2689,18,1,7200,150.388888889
449586,452338,452381,2752,43,1,7200,65.0
449586,452331,452332,2745,1,1,7200,274.6
449586,452324,453288,2738,964,1,7200,3.84024896266
449587,452365,452383,2778,18,1,7200,155.333333333
449588,452372,452373,2784,1,1,7200,278.5
449588,452385,452386,2797,1,1,7200,279.8
449588,452393,452904,2805,511,1,7200,6.48923679061
449589,452406,452589,2817,183,1,7200,16.393442623
449589,452413,452613,2824,200,1,7200,15.12
449589,452400,452401,2811,1,1,7200,281.2
449590,452519,452522,2929,3,1,7200,293.2
449590,452546,453113,2956,567,1,7200,6.21340388007
449591,452625,452628,3034,3,1,7200,303.7
449591,452640,452641,3049,1,1,7200,305.0
449591,452601,459814,3010,7213,1,7200,1.41730209344
449592,452677,452680,3085,3,1,7200,308.8
449592,452692,452693,3100,1,1,7200,310.1
449593,452718,452737,3125,19,1,7200,165.473684211
449594,453087,453326,3493,239,1,7200,15.6150627615
449594,452916,452984,3322,68,1,7200,49.8529411765
449594,452997,453088,3403,91,1,7200,38.3956043956
449594,452750,453774,3156,1024,1,7200,4.08203125
449595,453125,453128,3530,3,1,7200,353.3
449595,453100,453101,3505,1,1,7200,350.6
449596,453160,453165,3564,5,1,7200,356.9
449596,453140,456524,3544,3384,1,7200,2.04728132388
449597,453204,453340,3607,136,1,7200,27.5220588235
449597,453178,453179,3581,1,1,7200,358.2
449598,453338,460584,3740,7246,1,7200,1.51614683964
449598,453300,453303,3702,3,1,7200,370.5
449599,453352,453354,3753,2,1,7200,375.5
449600,453631,453747,4031,116,1,7200,35.75
449600,453366,453822,3766,456,1,7200,9.25877192982
449600,453373,459064,3773,5691,1,7200,1.66297662977
449601,453786,453789,4185,3,1,7200,418.8
449601,453758,453820,4157,62,1,7200,68.0483870968
449601,453801,453943,4200,142,1,7200,30.5774647887
449602,453839,461041,4237,7202,1,7200,1.58830880311
449602,453947,453948,4345,1,1,7200,434.6
449602,453832,454263,4230,431,1,7200,10.8143851508
449603,453956,456830,4353,2874,1,7200,2.51461377871
449603,454275,454277,4672,2,1,7200,467.4
449603,453963,454863,4360,900,1,7200,5.84444444444
449604,454289,454296,4685,7,1,7200,469.2
449605,454384,454386,4779,2,1,7200,478.1
449605,454370,454371,4765,1,1,7200,476.6
449605,454333,454357,4728,24,1,7200,198.0
449606,454518,454520,4912,2,1,7200,491.4
449606,454531,454532,4925,1,1,7200,492.6
449606,454411,454506,4805,95,1,7200,51.5789473684
449607,454649,455737,5042,1088,1,7200,5.63419117647
449607,454635,456351,5028,1716,1,7200,3.93006993007
449607,454556,454637,4949,81,1,7200,62.0987654321
449607,454543,454544,4936,1,1,7200,493.7
449608,454898,454901,5290,3,1,7200,529.3
449608,454875,454905,5267,30,1,7200,176.566666667
449608,454913,455000,5305,87,1,7200,61.9770114943
449609,455013,455017,5404,4,1,7200,540.8
449609,454920,454922,5311,2,1,7200,531.3
449609,454967,461783,5358,6816,1,7200,1.7860915493
449609,454934,454954,5325,20,1,7200,267.25
449610,455041,455979,5431,938,1,7200,6.78997867804
449611,455348,455361,5737,13,1,7200,442.307692308
449611,455373,455374,5762,1,1,7200,576.3
449611,455399,455525,5788,126,1,7200,46.9365079365
449612,455468,455471,5856,3,1,7200,585.9
449612,455537,458831,5925,3294,1,7200,2.79872495446
449612,455483,460592,5871,5109,1,7200,2.14914856136
449613,455749,455751,6136,2,1,7200,613.8
449613,455763,455976,6150,213,1,7200,29.8732394366
449613,455988,455990,6375,2,1,7200,637.7
449613,455995,455996,6382,1,1,7200,638.3
449614,456002,456061,6388,59,1,7200,109.271186441
449614,456021,456041,6407,20,1,7200,321.35
449615,456073,456096,6458,23,1,7200,281.782608696
449615,456053,456054,6438,1,1,7200,643.9
449616,456080,456360,6464,280,1,7200,24.0857142857
449616,456108,456109,6492,1,1,7200,649.3
449617,456147,458398,6530,2251,1,7200,3.9009329187
449617,456364,460040,6747,3676,1,7200,2.83541893362
449617,456372,456585,6755,213,1,7200,32.7136150235
449618,456537,456538,6919,1,1,7200,692.0
449619,456604,456946,6985,342,1,7200,21.4239766082
449619,456597,456600,6978,3,1,7200,698.1
449620,456612,456616,6992,4,1,7200,699.6
449620,456629,456723,7009,94,1,7200,75.5638297872
449620,456736,456738,7116,2,1,7200,711.8
449621,456766,457094,7145,328,1,7200,22.7835365854
449621,456750,456754,7129,4,1,7200,713.3
449621,456842,456848,7221,6,1,7200,722.7
449622,456958,456960,7336,2,1,7200,733.8
449622,456860,457082,7238,222,1,7200,33.6036036036
449622,456947,464180,7325,7233,1,7200,2.01271948016
449623,457034,457035,7411,1,1,7200,741.2
449623,456999,457128,7376,129,1,7200,58.1782945736
449623,456973,456974,7350,1,1,7200,735.1
449624,457041,457042,7417,1,1,7200,741.8
449624,457055,458024,7431,969,1,7200,8.66873065015
449625,457075,457076,7450,1,1,7200,745.1
449625,457089,457090,7464,1,1,7200,746.5
449626,457103,457306,7477,203,1,7200,37.8325123153
449626,457110,457280,7484,170,1,7200,45.0235294118
449626,457096,457100,7470,4,1,7200,747.4
449627,457117,457120,7490,3,1,7200,749.3
449627,457132,457160,7505,28,1,7200,269.035714286
449627,457141,457143,7514,2,1,7200,751.6
449628,457175,457186,7547,11,1,7200,687.090909091
449628,457168,457313,7540,145,1,7200,53.0
449629,457228,457232,7599,4,1,7200,760.3
449629,457292,457840,7663,548,1,7200,14.9835766423
449629,457244,457791,7615,547,1,7200,14.9213893967
449629,457199,457216,7570,17,1,7200,446.294117647
449630,457326,457560,7696,234,1,7200,33.8888888889
449630,457333,457343,7703,10,1,7200,771.3
449630,457319,457321,7689,2,1,7200,769.1
449631,457586,457888,7955,302,1,7200,27.3410596026
449631,457368,457717,7737,349,1,7200,23.1690544413
449631,457572,457574,7941,2,1,7200,794.3
449632,457803,457805,8171,2,1,7200,817.3
449632,457729,457826,8097,97,1,7200,84.4742268041
449633,457839,457849,8206,10,1,7200,821.6
449634,457853,457854,8219,1,1,7200,822.0
449634,457860,457864,8226,4,1,7200,823.0
449635,457872,457875,8237,3,1,7200,824.0
449635,457867,457883,8232,16,1,7200,515.5
449635,457887,457911,8252,24,1,7200,344.833333333
449635,457879,457984,8244,105,1,7200,79.5142857143
449636,457915,458120,8279,205,1,7200,41.3853658537
449636,457902,457903,8266,1,1,7200,826.7
449636,457895,457958,8259,63,1,7200,132.095238095
449637,457963,457964,8326,1,1,7200,832.7
449637,457924,457932,8287,8,1,7200,829.5
449637,457945,457951,8308,6,1,7200,831.4
449637,457970,458017,8333,47,1,7200,178.29787234
449638,457997,458002,8359,5,1,7200,836.4
449638,457977,465215,8339,7238,1,7200,2.1521138436
449639,458042,460471,8403,2429,1,7200,4.45944833265
449639,458035,465248,8396,7213,1,7200,2.16400942742
449639,458028,458600,8389,572,1,7200,15.6660839161
449640,458132,458150,8492,18,1,7200,472.777777778
449640,458162,462314,8522,4152,1,7200,3.05250481696
449641,458523,458525,8882,2,1,7200,888.4
449641,458411,458511,8770,100,1,7200,88.7
449642,458660,458663,9018,3,1,7200,902.1
449642,458628,458647,8986,19,1,7200,473.947368421
449642,458550,459112,8908,562,1,7200,16.8505338078
449642,458612,458616,8970,4,1,7200,897.4
449643,458675,458705,9032,30,1,7200,302.066666667
449643,458730,458742,9087,12,1,7200,758.25
449643,458717,458718,9074,1,1,7200,907.5
449644,458784,459732,9140,948,1,7200,10.641350211
449644,458767,458772,9123,5,1,7200,912.8
449644,458754,458755,9110,1,1,7200,911.1
449645,458843,459775,9198,932,1,7200,10.8690987124
449645,459076,459346,9431,270,1,7200,35.9296296296
449645,459358,459469,9713,111,1,7200,88.5045045045
449645,459124,463689,9479,4565,1,7200,3.07645125958
449646,459481,459921,9835,440,1,7200,23.3522727273
449646,459744,460722,10098,978,1,7200,11.3251533742
449647,459801,459802,10154,1,1,7200,1015.5
449647,459814,460067,10167,253,1,7200,41.185770751
449647,459787,459789,10140,2,1,7200,1014.2
449648,459826,459828,10178,2,1,7200,1018.0
449649,459889,460408,10240,519,1,7200,20.7302504817
449649,459933,459934,10284,1,1,7200,1028.5
449653,460052,460054,10399,2,1,7200,1040.1
449654,460085,460302,10431,217,1,7200,49.069124424
449654,460093,460098,10439,5,1,7200,1044.4
449655,460147,460151,10492,4,1,7200,1049.6
449655,460098,460100,10443,2,1,7200,1044.5
449655,460110,460135,10455,25,1,7200,419.2
449655,460117,460457,10462,340,1,7200,31.7705882353
449656,460175,460520,10519,345,1,7200,31.4898550725
449656,460315,460522,10659,207,1,7200,52.4927536232
449657,460420,460422,10763,2,1,7200,1076.5
449657,460469,460538,10812,69,1,7200,157.695652174
449657,460434,460776,10777,342,1,7200,32.5116959064
449658,460532,462129,10874,1597,1,7200,7.8090169067
449658,460483,460498,10825,15,1,7200,722.666666667
449658,460511,467721,10853,7210,1,7200,2.5052704577
449659,460562,460573,10903,11,1,7200,992.181818182
449659,460585,460602,10926,17,1,7200,643.705882353
449659,460550,460727,10891,177,1,7200,62.5310734463
449660,460641,467880,10981,7239,1,7200,2.51692222683
449660,460605,460629,10945,24,1,7200,457.041666667
449660,460596,461785,10936,1189,1,7200,10.1976450799
449660,460614,460760,10954,146,1,7200,76.0273972603
449661,460742,460743,11081,1,1,7200,1108.2
449661,460735,460737,11074,2,1,7200,1107.6
449662,460763,460783,11101,20,1,7200,556.05
449662,460773,460852,11111,79,1,7200,141.64556962
449662,460756,461150,11094,394,1,7200,29.1573604061
449663,460788,460806,11125,18,1,7200,619.055555556
449663,460808,460810,11145,2,1,7200,1114.7
449663,460819,461039,11156,220,1,7200,51.7090909091
449663,460795,460796,11132,1,1,7200,1113.3
449664,460865,460875,11201,10,1,7200,1121.1
449664,460887,460971,11223,84,1,7200,134.607142857
449664,460826,461062,11162,236,1,7200,48.2966101695
449665,460983,461538,11318,555,1,7200,21.3927927928
449665,461071,461800,11406,729,1,7200,16.646090535
449665,461058,461059,11393,1,1,7200,1139.4
449665,461051,461196,11386,145,1,7200,79.524137931
449666,461162,461375,11496,213,1,7200,54.9718309859
449666,461078,461079,11412,1,1,7200,1141.3
449666,461092,461729,11426,637,1,7200,18.9372056515
449667,461391,461707,11724,316,1,7200,38.1012658228
449667,461311,461337,11644,26,1,7200,448.846153846
449667,461208,461299,11541,91,1,7200,127.824175824
449667,461350,463299,11683,1949,1,7200,6.99435608004
449668,461551,461553,11883,2,1,7200,1188.5
449668,461565,463068,11897,1503,1,7200,8.91550232868
449669,461756,461757,12087,1,1,7200,1208.8
449669,461763,461766,12094,3,1,7200,1209.7
449669,461720,461751,12051,31,1,7200,389.741935484
449669,461742,461744,12073,2,1,7200,1207.5
449670,461791,462009,12121,218,1,7200,56.6009174312
449670,461770,462568,12100,798,1,7200,16.1629072682
449671,461798,461815,12127,17,1,7200,714.352941176
449671,461813,461815,12142,2,1,7200,1214.4
449672,461839,461920,12167,81,1,7200,151.209876543
449672,461827,469058,12155,7231,1,7200,2.68095699073
449672,461832,461833,12160,1,1,7200,1216.1
449672,461820,461821,12148,1,1,7200,1214.9
449673,461846,461847,12173,1,1,7200,1217.4
449673,461871,461872,12198,1,1,7200,1219.9
449674,461884,461948,12210,64,1,7200,191.78125
449674,461933,461937,12259,4,1,7200,1226.3
449675,461967,469179,12292,7212,1,7200,2.70438158625
449675,461992,461995,12317,3,1,7200,1232.0
449675,461960,461980,12285,20,1,7200,615.25
449676,462007,463298,12331,1291,1,7200,10.551510457
449676,462060,462062,12384,2,1,7200,1238.6
449676,462037,462047,12361,10,1,7200,1237.1
449676,462021,462025,12345,4,1,7200,1234.9
449677,462100,462170,12423,70,1,7200,178.471428571
449677,462087,462088,12410,1,1,7200,1241.1
449678,462182,462328,12504,146,1,7200,86.6438356164
449678,462340,462971,12662,631,1,7200,21.0665610143
449678,462141,462395,12463,254,1,7200,50.0669291339
449678,462327,462332,12649,5,1,7200,1265.4
449679,462347,462639,12668,292,1,7200,44.3835616438
449679,465456,465458,15777,2,1,7200,1577.9
449680,465482,465483,15802,1,1,7200,1580.3
449680,465489,465553,15809,64,1,7200,248.015625
449680,465470,465476,15790,6,1,7200,1579.6
449681,465530,465776,15849,246,1,7200,65.4268292683
449681,465508,465511,15827,3,1,7200,1583.0
449682,465537,465585,15855,48,1,7200,331.3125
449682,465565,465572,15883,7,1,7200,1589.0
449683,465602,465603,15919,1,1,7200,1592.0
449683,465597,465599,15914,2,1,7200,1591.6
449683,465611,465721,15928,110,1,7200,145.8
449684,465623,465627,15939,4,1,7200,1594.3
449684,465629,465680,15945,51,1,7200,313.647058824
449684,465648,465649,15964,1,1,7200,1596.5
449685,465707,465744,16022,37,1,7200,434.027027027
449685,465664,465775,15979,111,1,7200,144.954954955
449685,465734,465736,16049,2,1,7200,1605.1
449686,465910,465914,16224,4,1,7200,1622.8
449686,465756,465826,16070,70,1,7200,230.571428571
449686,465748,465750,16062,2,1,7200,1606.4
449686,465835,466187,16149,352,1,7200,46.8778409091
449687,465941,465944,16254,3,1,7200,1625.7
449687,465926,471703,16239,5777,1,7200,3.81097455427
449687,465957,465963,16270,6,1,7200,1627.6
449688,465967,465969,16279,2,1,7200,1628.1
449688,465975,465977,16287,2,1,7200,1628.9
449688,465982,466211,16294,229,1,7200,72.1528384279
449689,466200,466202,16511,2,1,7200,1651.3
449689,465989,466580,16300,591,1,7200,28.5803722504
449689,466215,466330,16526,115,1,7200,144.704347826
449689,466223,466225,16534,2,1,7200,1653.6
449690,466513,466515,16823,2,1,7200,1682.5
449690,466520,469217,16830,2697,1,7200,7.24026696329
449691,467083,467084,17392,1,1,7200,1739.3
449692,467137,467190,17445,53,1,7200,330.150943396
449693,467253,467279,17560,26,1,7200,676.384615385
449693,467295,467298,17602,3,1,7200,1760.5
449693,467202,473115,17509,5913,1,7200,3.96110265517
449694,467310,474549,17616,7239,1,7200,3.43348528802
449694,467302,467313,17608,11,1,7200,1601.72727273
449694,467325,467583,17631,258,1,7200,69.3372093023
449695,467734,471546,18039,3812,1,7200,5.73216159496
449695,467586,468191,17891,605,1,7200,30.5719008264
449695,467595,467975,17900,380,1,7200,48.1052631579
449696,467776,467851,18080,75,1,7200,242.066666667
449696,467892,467906,18196,14,1,7200,1300.71428571
449696,467863,468254,18167,391,1,7200,47.462915601
449697,468032,468034,18335,2,1,7200,1833.7
449697,467918,471929,18221,4011,1,7200,5.5427574171
449697,467987,467989,18290,2,1,7200,1829.2
449697,468001,468019,18304,18,1,7200,1017.88888889
449698,468075,475298,18377,7223,1,7200,3.54423369791
449698,468203,469393,18505,1190,1,7200,16.5504201681
449698,468046,468063,18348,17,1,7200,1080.29411765
449699,468267,468269,18568,2,1,7200,1857.0
449699,468285,468318,18586,33,1,7200,564.212121212
449699,468330,468833,18631,503,1,7200,38.0397614314
449700,468846,468992,19146,146,1,7200,132.136986301
449700,469005,469006,19305,1,1,7200,1930.6
449700,469031,469051,19331,20,1,7200,967.55
449701,462407,462409,12706,2,1,7200,1270.8
449701,462421,462422,12720,1,1,7200,1272.1
449701,462435,464016,12734,1581,1,7200,9.05439595193
449702,462618,462984,12916,366,1,7200,36.2896174863
449702,462580,462582,12878,2,1,7200,1288.0
449703,462651,462804,12948,153,1,7200,85.6274509804
449703,462816,462821,13113,5,1,7200,1311.8
449704,462983,464969,13279,1986,1,7200,7.6863041289
449704,462833,462834,13129,1,1,7200,1313.0
449704,462859,463200,13155,341,1,7200,39.57771261
449705,463012,463013,13307,1,1,7200,1330.8
449705,463025,463026,13320,1,1,7200,1332.1
449705,463038,463041,13333,3,1,7200,1333.6
449705,462997,462999,13292,2,1,7200,1329.4
449706,463067,464499,13361,1432,1,7200,10.3303072626
449706,463080,463081,13374,1,1,7200,1337.5
449706,463053,463055,13347,2,1,7200,1334.9
449707,463192,463195,13485,3,1,7200,1348.8
449707,463207,463259,13500,52,1,7200,260.615384615
449707,463094,463180,13387,86,1,7200,156.662790698
449707,463215,463217,13508,2,1,7200,1351.0
449708,463229,463231,13521,2,1,7200,1352.3
449708,463243,463261,13535,18,1,7200,752.944444444
449708,463272,463274,13564,2,1,7200,1356.6
449709,463286,463386,13577,100,1,7200,136.77
449709,463310,463383,13601,73,1,7200,187.315068493
449709,463279,463585,13570,306,1,7200,45.3464052288
449710,463317,463318,13607,1,1,7200,1360.8
449710,463331,463336,13621,5,1,7200,1362.6
449710,463349,463350,13639,1,1,7200,1364.0
449711,463379,463380,13668,1,1,7200,1366.9
449711,463399,463401,13688,2,1,7200,1369.0
449711,463362,463367,13651,5,1,7200,1365.6
449712,463404,463518,13692,114,1,7200,121.105263158
449712,463444,463462,13732,18,1,7200,763.888888889
449712,463424,463431,13712,7,1,7200,1371.9
449712,463412,466615,13700,3203,1,7200,5.27724008742
449713,463474,463488,13761,14,1,7200,983.928571429
449713,463501,463503,13788,2,1,7200,1379.0
449713,463516,463517,13803,1,1,7200,1380.4
449714,463543,463544,13829,1,1,7200,1383.0
449714,463536,464110,13822,574,1,7200,25.0801393728
449715,463556,463606,13841,50,1,7200,277.82
449715,463618,463620,13903,2,1,7200,1390.5
449715,463597,463657,13882,60,1,7200,232.366666667
449716,463632,467240,13916,3608,1,7200,4.85698447894
449716,463670,463672,13954,2,1,7200,1395.6
449716,463697,463698,13981,1,1,7200,1398.2
449717,463704,463705,13987,1,1,7200,1398.8
449717,463711,463813,13994,102,1,7200,138.196078431
449718,463731,464133,14013,402,1,7200,35.8582089552
449718,463825,471053,14107,7228,1,7200,2.95171555064
449718,464029,464031,14311,2,1,7200,1431.3
449718,464043,464140,14325,97,1,7200,148.680412371
449719,464123,464125,14404,2,1,7200,1440.6
449719,464137,464138,14418,1,1,7200,1441.9
449720,464171,464172,14451,1,1,7200,1445.2
449720,464158,464159,14438,1,1,7200,1443.9
449720,464146,464162,14426,16,1,7200,902.625
449720,464153,464180,14433,27,1,7200,535.555555556
449721,464185,464455,14464,270,1,7200,54.5703703704
449721,464192,471410,14471,7218,1,7200,3.00484898864
449721,464178,465124,14457,946,1,7200,16.2822410148
449722,464197,464199,14475,2,1,7200,1447.7
449722,464211,464359,14489,148,1,7200,98.8986486486
449722,464385,464527,14663,142,1,7200,104.26056338
449723,464467,464510,14744,43,1,7200,343.88372093
449723,464511,464513,14788,2,1,7200,1479.0
449723,464522,464600,14799,78,1,7200,190.730769231
449724,464546,464923,14822,377,1,7200,40.3156498674
449724,464539,465444,14815,905,1,7200,17.3701657459
449725,464935,464958,15210,23,1,7200,662.304347826
449725,464626,471860,14901,7234,1,7200,3.05985623445
449725,464612,464614,14887,2,1,7200,1488.9
449726,464988,464989,15262,1,1,7200,1526.3
449726,464981,464982,15255,1,1,7200,1525.6
449726,464970,464974,15244,4,1,7200,1524.8
449727,464995,465166,15268,171,1,7200,90.2865497076
449728,465080,465081,15352,1,1,7200,1535.3
449728,465040,465067,15312,27,1,7200,568.111111111
449728,465093,465094,15365,1,1,7200,1536.6
449729,465143,467574,15414,2431,1,7200,7.34060057589
449729,465106,465125,15377,19,1,7200,810.315789474
449729,465136,465138,15407,2,1,7200,1540.9
449730,465179,465470,15449,291,1,7200,54.089347079
449730,465228,465230,15498,2,1,7200,1550.0
449730,465150,465602,15420,452,1,7200,35.1150442478
449731,465242,465307,15511,65,1,7200,239.630769231
449731,465320,465323,15589,3,1,7200,1559.2
449731,465260,465400,15529,140,1,7200,111.921428571
449732,465334,465335,15602,1,1,7200,1560.3
449732,465347,465606,15615,259,1,7200,61.2895752896
449732,465412,465517,15680,105,1,7200,150.333333333
449733,465692,465695,15959,3,1,7200,1596.2
449733,465763,465764,16030,1,1,7200,1603.1
449733,465641,465822,15908,181,1,7200,88.8895027624
449734,465794,465897,16060,103,1,7200,156.922330097
449734,465787,466500,16053,713,1,7200,23.5147265077
449734,465799,465954,16065,155,1,7200,104.64516129
449735,466306,466333,16571,27,1,7200,614.740740741
449735,466292,466294,16557,2,1,7200,1655.9
449735,465842,465929,16107,87,1,7200,186.137931034
449735,466237,466280,16502,43,1,7200,384.76744186
449736,466342,466349,16606,7,1,7200,1661.3
449736,466349,466360,16613,11,1,7200,1511.27272727
449737,466379,466429,16642,50,1,7200,333.84
449737,466361,466362,16624,1,1,7200,1662.5
449737,466372,466383,16635,11,1,7200,1513.27272727
449738,466441,466482,16703,41,1,7200,408.390243902
449738,466408,473651,16670,7243,1,7200,3.30153251415
449738,466494,466502,16756,8,1,7200,1676.4
449739,466610,466624,16871,14,1,7200,1206.07142857
449739,466592,466593,16853,1,1,7200,1685.4
449739,466540,467288,16801,748,1,7200,23.4612299465
449740,466637,467014,16897,377,1,7200,45.8196286472
449740,466677,466810,16937,133,1,7200,128.345864662
449740,466627,466665,16887,38,1,7200,445.394736842
449741,466840,466975,17099,135,1,7200,127.659259259
449741,466824,466826,17083,2,1,7200,1708.5
449741,466987,467764,17246,777,1,7200,23.1956241956
449742,469063,469967,19321,904,1,7200,22.3727876106
449742,467040,467041,17298,1,1,7200,1729.9
449742,467026,467028,17284,2,1,7200,1728.6
449743,469123,469124,19380,1,1,7200,1938.1
449743,469070,469071,19327,1,1,7200,1932.8
449743,469137,476348,19394,7211,1,7200,3.68950214949
449744,469209,469314,19465,105,1,7200,186.380952381
449744,469096,469111,19352,15,1,7200,1291.13333333
449744,469230,469676,19486,446,1,7200,44.6905829596
449744,469192,469197,19448,5,1,7200,1945.3
449745,469326,469330,19581,4,1,7200,1958.5
449745,469342,469358,19597,16,1,7200,1225.8125
449745,469371,469448,19626,77,1,7200,255.883116883
449746,469421,470081,19675,660,1,7200,30.8106060606
449746,469459,469494,19713,35,1,7200,564.228571429
449746,469506,469596,19760,90,1,7200,220.555555556
449746,469406,469409,19660,3,1,7200,1966.3
449747,470454,470456,20707,2,1,7200,2070.9
449747,469688,469739,19941,51,1,7200,392.0
449747,469608,469843,19861,235,1,7200,85.514893617
449748,470481,470759,20733,278,1,7200,75.5791366906
449748,470460,470685,20712,225,1,7200,93.0533333333
449749,472525,472526,22776,1,1,7200,2277.7
449749,472579,472963,22830,384,1,7200,60.453125
449749,472553,479792,22804,7239,1,7200,4.15015886172
449749,472572,472573,22823,1,1,7200,2282.4
449750,472604,472620,22854,16,1,7200,1429.375
449750,472584,473060,22834,476,1,7200,48.9705882353
449750,472637,472642,22887,5,1,7200,2289.2
449751,472679,472747,22928,68,1,7200,338.176470588
449752,472859,472909,23107,50,1,7200,463.14
449752,472922,473647,23170,725,1,7200,32.9586206897
449752,469751,469754,19999,3,1,7200,2000.2
449752,472758,472847,23006,89,1,7200,259.494382022
449753,469765,469766,20012,1,1,7200,2001.3
449753,469778,469779,20025,1,1,7200,2002.6
449753,469791,469980,20038,189,1,7200,107.021164021
449754,469979,469980,20225,1,1,7200,2022.6
449754,469891,470713,20137,822,1,7200,25.49756691
449754,469856,469875,20102,19,1,7200,1059.0
449755,469997,470441,20242,444,1,7200,46.5900900901
449755,470050,470051,20295,1,1,7200,2029.6
449755,470036,470038,20281,2,1,7200,2028.3
449755,469992,470024,20237,32,1,7200,633.40625
449756,470114,470115,20358,1,1,7200,2035.9
449756,470063,470322,20307,259,1,7200,79.4054054054
449756,470137,470138,20381,1,1,7200,2038.2
449757,470151,470441,20394,290,1,7200,71.324137931
449757,470334,470336,20577,2,1,7200,2057.9
449757,470359,470364,20602,5,1,7200,2060.7
449758,470375,472440,20617,2065,1,7200,10.9840193705
449758,472531,472532,22773,1,1,7200,2277.4
449759,473119,473120,23360,1,1,7200,2336.1
449759,472975,480221,23216,7246,1,7200,4.20397460668
449759,473072,473106,23313,34,1,7200,686.676470588
449760,473157,473233,23397,76,1,7200,308.855263158
449760,473144,473145,23384,1,1,7200,2338.5
449761,473246,473324,23485,78,1,7200,302.08974359
449761,473337,473338,23576,1,1,7200,2357.7
449761,473351,473373,23590,22,1,7200,1073.27272727
449762,473385,473386,23623,1,1,7200,2362.4
449762,473425,473501,23663,76,1,7200,312.355263158
449763,473513,473517,23750,4,1,7200,2375.4
449763,473659,473670,23896,11,1,7200,2173.36363636
449763,473529,473842,23766,313,1,7200,76.9297124601
449765,473719,474117,23954,398,1,7200,61.1859296482
449765,473854,473855,24089,1,1,7200,2409.0
449766,473942,473943,24176,1,1,7200,2417.7
449766,473868,473929,24102,61,1,7200,396.114754098
449766,473956,473960,24190,4,1,7200,2419.4
449767,474129,474174,24362,45,1,7200,542.377777778
449767,474191,474193,24424,2,1,7200,2442.6
449767,473984,474513,24217,529,1,7200,46.7788279773
449768,474205,474218,24437,13,1,7200,1880.76923077
449768,474230,474231,24462,1,1,7200,2446.3
449768,474243,474247,24475,4,1,7200,2447.9
449768,474259,481470,24491,7211,1,7200,4.39633892664
449769,474526,474528,24757,2,1,7200,2475.9
449770,474562,474575,24792,13,1,7200,1908.07692308
449770,474587,474589,24817,2,1,7200,2481.9
449770,474540,474550,24770,10,1,7200,2478.0
449771,474812,474813,25041,1,1,7200,2504.2
449771,474601,474606,24830,5,1,7200,2483.5
449771,474618,475157,24847,539,1,7200,47.0983302412
449772,475170,475174,25398,4,1,7200,2540.2
449772,474824,475392,25052,568,1,7200,45.1056338028
449773,475413,475419,25640,6,1,7200,2564.6
449773,475199,475401,25426,202,1,7200,126.871287129
449773,475420,475441,25647,21,1,7200,1222.28571429
449773,475404,475405,25631,1,1,7200,2563.2
449774,475431,475497,25657,66,1,7200,389.742424242
449774,475453,475500,25679,47,1,7200,547.361702128
449774,475509,475560,25735,51,1,7200,505.607843137
449775,475554,482800,25779,7246,1,7200,4.55768699972
449775,475516,475517,25741,1,1,7200,2574.2
449776,475585,482800,25809,7215,1,7200,4.57713097713
449776,475572,475573,25796,1,1,7200,2579.7
449777,476374,476375,26597,1,1,7200,2659.8
449777,476387,476646,26610,259,1,7200,103.741312741
449777,476394,478729,26617,2335,1,7200,12.399143469
449777,476450,476663,26673,213,1,7200,126.225352113
449778,476470,476474,26692,4,1,7200,2669.6
449778,476455,476456,26677,1,1,7200,2667.8
449779,476500,476577,26721,77,1,7200,348.025974026
449780,476518,476533,26738,15,1,7200,1783.53333333
449780,476505,476718,26725,213,1,7200,126.469483568
449781,476546,476619,26765,73,1,7200,367.643835616
449782,476589,476592,26807,3,1,7200,2681.0
449783,476594,476598,26811,4,1,7200,2681.5
449783,476630,476643,26847,13,1,7200,2066.15384615
449784,476660,476661,26876,1,1,7200,2687.7
449784,476638,476677,26854,39,1,7200,689.564102564
449785,476679,483925,26894,7246,1,7200,4.71156500138
449785,476672,479777,26887,3105,1,7200,9.65925925926
449785,476666,476672,26881,6,1,7200,2688.7
449786,476691,476703,26905,12,1,7200,2243.08333333
449786,476696,476716,26910,20,1,7200,1346.5
449786,476684,476701,26898,17,1,7200,1583.23529412
449787,476725,478049,26938,1324,1,7200,21.3459214502
449788,476748,476749,26960,1,1,7200,2696.1
449788,476737,476739,26949,2,1,7200,2695.1
449788,476732,476734,26944,2,1,7200,2694.6
449789,476756,476780,26967,24,1,7200,1124.625
449789,476761,476762,26972,1,1,7200,2697.3
449790,476779,476887,26989,108,1,7200,250.898148148
449790,476766,476783,26976,17,1,7200,1587.82352941
449790,476773,476774,26983,1,1,7200,2698.4
449791,476793,478296,27002,1503,1,7200,18.9654025283
449791,476805,477298,27014,493,1,7200,55.7951318458
449791,476812,476937,27021,125,1,7200,217.168
449792,477311,477314,27519,3,1,7200,2752.2
449792,476900,477314,27108,414,1,7200,66.4782608696
449792,476949,484154,27157,7205,1,7200,4.76918806384
449793,477326,478765,27533,1439,1,7200,20.1334259903
449793,477331,477334,27538,3,1,7200,2754.1
449794,478098,479743,28304,1645,1,7200,18.2060790274
449794,477358,479814,27564,2456,1,7200,12.2231270358
449794,478061,478086,28267,25,1,7200,1131.68
449795,478308,478346,28513,38,1,7200,751.342105263
449795,478741,478834,28946,93,1,7200,312.247311828
449795,478358,478359,28563,1,1,7200,2856.4
449795,478371,479654,28576,1283,1,7200,23.2727981294
449796,478777,479364,28981,587,1,7200,50.3713798978
449796,478846,478848,29050,2,1,7200,2905.2
449797,478872,478886,29075,14,1,7200,2077.78571429
449797,479376,479583,29579,207,1,7200,143.893719807
449797,478905,486117,29108,7212,1,7200,5.03605102607
449797,479594,479596,29797,2,1,7200,2979.9
449798,479666,480213,29868,547,1,7200,55.6032906764
449798,479619,479989,29821,370,1,7200,81.5972972973
449799,479755,479761,29956,6,1,7200,2996.2
449799,479789,479792,29990,3,1,7200,2999.3
449799,479826,479829,30027,3,1,7200,3003.0
449799,479773,480887,29974,1114,1,7200,27.9066427289
449800,480002,480741,30202,739,1,7200,41.8687415426
449800,480225,480226,30425,1,1,7200,3042.6
449800,479842,480763,30042,921,1,7200,33.6188925081
449801,480238,480283,30437,45,1,7200,677.377777778
449801,480768,480837,30967,69,1,7200,449.797101449
449801,480753,480756,30952,3,1,7200,3095.5
449801,480295,487529,30494,7234,1,7200,5.21537185513
449802,480775,481054,30973,279,1,7200,112.014336918
449802,480899,481826,31097,927,1,7200,34.5458468177
449802,480849,481394,31047,545,1,7200,57.9669724771
449803,481067,481068,31264,1,1,7200,3126.5
449803,481080,481093,31277,13,1,7200,2406.92307692
449803,481105,481106,31302,1,1,7200,3130.3
449803,481118,483793,31315,2675,1,7200,12.7065420561
449804,481406,481512,31602,106,1,7200,299.132075472
449804,481472,481473,31668,1,1,7200,3166.9
449804,481466,481469,31662,3,1,7200,3166.5
449805,481490,481491,31685,1,1,7200,3168.6
449805,481483,481486,31678,3,1,7200,3168.1
449805,481477,481545,31672,68,1,7200,466.764705882
449806,481495,481816,31689,321,1,7200,99.7196261682
449806,481508,481661,31702,153,1,7200,208.202614379
449806,481501,481502,31695,1,1,7200,3169.6
449807,481513,481524,31706,11,1,7200,2883.36363636
449807,481527,481528,31720,1,1,7200,3172.1
449807,481520,481779,31713,259,1,7200,123.444015444
449808,481543,488749,31735,7206,1,7200,5.40396891479
449808,481558,481716,31750,158,1,7200,201.949367089
449808,481536,482260,31728,724,1,7200,44.8232044199
449809,481772,483454,31963,1682,1,7200,20.0029726516
449809,481729,481800,31920,71,1,7200,450.577464789
449809,481673,481746,31864,73,1,7200,437.493150685
449809,481758,481759,31949,1,1,7200,3195.0
449810,481791,486225,31981,4434,1,7200,8.21267478575
449811,481813,481887,32002,74,1,7200,433.459459459
449811,481838,481857,32027,19,1,7200,1686.63157895
449811,481828,481829,32017,1,1,7200,3201.8
449812,481869,481870,32057,1,1,7200,3205.8
449812,481844,481870,32032,26,1,7200,1233.0
449813,481899,481902,32086,3,1,7200,3208.9
449813,481914,482363,32101,449,1,7200,72.4944320713
449813,481887,482612,32074,725,1,7200,45.24
449813,481882,481927,32069,45,1,7200,713.644444444
449814,481940,481942,32126,2,1,7200,3212.8
449814,481966,489195,32152,7229,1,7200,5.44764144418
449815,482037,482170,32222,133,1,7200,243.270676692
449815,484993,485130,35178,137,1,7200,257.773722628
449816,485005,485006,35189,1,1,7200,3519.0
449816,485013,485015,35197,2,1,7200,3519.9
449816,485020,485021,35204,1,1,7200,3520.5
449817,485139,485142,35322,3,1,7200,3532.5
449817,485028,485043,35211,15,1,7200,2348.4
449817,485035,485126,35218,91,1,7200,388.010989011
449817,485055,492265,35238,7210,1,7200,5.88737864078
449818,485146,485148,35328,2,1,7200,3533.0
449818,485154,485424,35336,270,1,7200,131.874074074
449819,485267,485680,35448,413,1,7200,86.8305084746
449819,485436,485453,35617,17,1,7200,2096.11764706
449819,485161,485242,35342,81,1,7200,437.320987654
449819,485254,485255,35435,1,1,7200,3543.6
449820,485708,485984,35888,276,1,7200,131.028985507
449820,485478,485718,35658,240,1,7200,149.575
449820,485465,485466,35645,1,1,7200,3564.6
449820,485692,485697,35872,5,1,7200,3587.7
449821,485801,486925,35980,1124,1,7200,33.0106761566
449821,485996,486005,36175,9,1,7200,3618.4
449821,485730,485789,35909,59,1,7200,609.627118644
449822,486151,487023,36329,872,1,7200,42.6616972477
449822,486129,486138,36307,9,1,7200,3631.6
449822,486017,486132,36195,115,1,7200,315.739130435
449823,486182,486515,36359,333,1,7200,110.186186186
449824,486357,493579,36533,7222,1,7200,6.05857103295
449824,486527,486608,36703,81,1,7200,454.12345679
449824,486288,486345,36464,57,1,7200,640.719298246
449824,486238,486276,36414,38,1,7200,959.263157895
449825,486635,487772,36810,1137,1,7200,33.3746701847
449825,486937,486942,37112,5,1,7200,3711.7
449825,486620,486623,36795,3,1,7200,3679.8
449826,486954,487853,37128,899,1,7200,42.2992213571
449826,487036,487037,37210,1,1,7200,3721.1
449826,451397,460539,1571,9142,5,16200,1.1718442354
449827,487798,487802,37971,4,1,7200,3797.5
449827,487814,487865,37987,51,1,7200,745.843137255
449827,487785,487786,37958,1,1,7200,3795.9
449827,487049,488090,37222,1041,1,7200,36.7560038425
449828,487865,488039,38037,174,1,7200,219.603448276
450451,454524,463781,4073,9257,5,16200,1.43999135789
451403,454150,462189,2747,8039,5,16200,1.34170916781
454154,458367,459818,4213,1451,5,14400,3.90351481737
454525,459832,461286,5307,1454,5,14400,4.64993122421
458372,459905,461372,1533,1467,5,14400,2.04498977505
459829,461297,462764,1468,1467,5,14400,2.00068166326
459903,460556,461908,653,1352,5,14400,1.48298816568
460552,461383,462805,831,1422,5,14400,1.58438818565
461295,461920,463403,625,1483,5,14400,1.4214430209
461379,462776,464203,1397,1427,5,14400,1.97897687456
461923,462200,463786,277,1586,5,14400,1.17465321564
462205,462822,464233,617,1411,5,14400,1.43727852587
462620,462626,491463,6,28837,8,28800,1.00020806603
462779,462938,464416,159,1478,5,14400,1.10757780785
462822,463792,465315,970,1523,5,14400,1.63690085358
462937,463418,464877,481,1459,5,14400,1.32967786155
463415,463799,465285,384,1486,5,14400,1.25841184388
463460,463467,476596,7,13129,32,18000,1.00053317084
463790,464217,465601,427,1384,5,14400,1.30852601156
463801,464244,465645,443,1401,5,14400,1.31620271235
464216,464427,465838,211,1411,5,14400,1.14953933381
464248,464888,466298,640,1410,5,14400,1.45390070922
464425,465327,466821,902,1494,5,14400,1.60374832664
464891,465297,466714,406,1417,5,14400,1.28652081863
465074,465085,466526,11,1441,1,1790,1.00763358779
465296,465618,467041,322,1423,5,14400,1.22628250176
465327,465656,467091,329,1435,5,14400,1.22926829268
465618,465849,467276,231,1427,5,14400,1.16187806587
465660,466313,467747,653,1434,5,14400,1.45536959554
465847,466726,468125,879,1399,5,14400,1.62830593281
466312,466832,468268,520,1436,5,14400,1.36211699164
466598,466605,493007,7,26402,24,32400,1.00026513143
466725,467052,468413,327,1361,5,14400,1.24026451139
466829,467103,468562,274,1459,5,14400,1.18779986292
467057,467287,468741,230,1454,5,14400,1.15818431912
467099,467758,469240,659,1482,5,14400,1.44466936572
467285,468136,469560,851,1424,5,14400,1.59761235955
467459,467483,640318,24,172835,1,172800,1.00013886076
467459,467477,640317,18,172840,1,172800,1.00010414256
467459,467471,640304,12,172833,1,172800,1.00006943119
467459,467466,640281,7,172815,1,172800,1.00004050574
467760,468279,469680,519,1401,5,14400,1.3704496788
468058,468066,478897,8,10831,20,10799,1.00073862063
468142,468424,469871,282,1447,5,14400,1.19488597097
468277,468573,469993,296,1420,5,14400,1.20845070423
468326,468336,468341,10,5,1,1740,1.5
468422,468752,470175,330,1423,5,14400,1.23190442727
468433,468440,469660,7,1220,1,1740,1.00573770492
468577,469251,470738,674,1487,5,14400,1.45326160054
468753,469571,471030,818,1459,5,14400,1.56065798492
469248,469694,471162,446,1468,5,14400,1.3038147139
469301,944504,953621,475203,9117,4,216000,53.1227377427
469567,469883,471318,316,1435,5,14400,1.22020905923
469691,470004,471432,313,1428,5,14400,1.21918767507
469747,469758,496021,11,26263,10,57600,1.00041884019
469870,469877,499160,7,29283,1,172200,1.00023904655
469888,470186,471657,298,1471,5,14400,1.20258327668
470001,470750,472101,749,1351,5,14400,1.55440414508
470058,470069,500573,11,30504,16,32400,1.00036060844
470058,470075,470078,17,3,16,32400,2.0
470059,470091,499075,32,28984,16,32400,1.00110405741
470059,470086,502493,27,32407,16,32400,1.00083315333
470059,470097,501253,38,31156,16,32400,1.00121966876
470059,470080,499879,21,29799,16,32400,1.00070472163
470060,470125,470126,65,1,16,32400,6.6
470060,470144,470145,84,1,16,32400,8.5
470060,470102,494924,42,24822,16,32400,1.00169204738
470060,470109,470113,49,4,16,32400,5.3
470187,471041,472618,854,1577,5,14400,1.54153455929
470246,470252,477999,6,7747,2,14400,1.00077449335
470506,470512,474795,6,4283,10,57600,1.00140088723
470728,470734,470764,6,30,1,1740,1.2
470754,471174,472656,420,1482,5,14400,1.28340080972
471043,471330,472831,287,1501,5,14400,1.19120586276
471065,471077,472486,12,1409,1,1790,1.0085166785
471065,471071,472496,6,1425,1,1790,1.00421052632
471069,472509,500008,1440,27499,10,57600,1.05236554057
471177,471443,472915,266,1472,5,14400,1.18070652174
471332,471668,473187,336,1519,5,14400,1.22119815668
471446,472112,473554,666,1442,5,14400,1.46185852982
471579,476614,478882,5035,2268,20,10799,3.22001763668
471613,476620,478862,5007,2242,20,10799,3.23327386262
471636,478878,482007,7242,3129,20,10799,3.31447746884
471673,472629,474035,956,1406,5,14400,1.679943101
471735,472514,503904,779,31390,2,43200,1.02481682064
471832,472519,472561,687,42,2,43200,17.3571428571
472116,472672,474174,556,1502,5,14400,1.37017310253
472503,472537,472541,34,4,1,17400,3.8
472631,472843,474268,212,1425,5,14400,1.14877192982
472673,472928,474454,255,1526,5,14400,1.16710353866
472848,473199,474624,351,1425,5,14400,1.24631578947
472931,473566,475015,635,1449,5,14400,1.43823326432
473202,474046,489508,844,15462,5,16200,1.05458543526
473299,474807,491409,1508,16602,2,43200,1.09083242983
473563,474185,486461,622,12276,5,16200,1.05066797002
474046,474279,482586,233,8307,5,16200,1.02804863368
474189,474465,475891,276,1426,5,14400,1.1935483871
474282,474635,476047,353,1412,5,14400,1.25
474367,478894,504555,4527,25661,16,32400,1.17641557227
474368,484981,511006,10613,26025,16,32400,1.40780019212
474368,478913,505130,4545,26217,16,32400,1.17336079643
474368,491470,523171,17102,31701,16,32400,1.5394782499
474384,474390,475602,6,1212,1,1740,1.00495049505
474468,475030,476492,562,1462,5,14400,1.38440492476
474633,475903,477621,1270,1718,5,14400,1.73923166473
475005,475017,476382,12,1365,1,1790,1.00879120879
475005,475011,476379,6,1368,1,1790,1.00438596491
475006,475023,476388,17,1365,1,1790,1.01245421245
475034,476059,477620,1025,1561,5,14400,1.65663036515
475181,482026,508434,6845,26408,10,57600,1.25920175704
475907,476512,478025,605,1513,5,14400,1.39986781229
476062,477632,479067,1570,1435,5,14400,2.09407665505
476199,476625,498431,426,21806,4,36000,1.01953590755
476514,477638,479216,1124,1578,5,14400,1.71229404309
477300,478918,484968,1618,6050,4,21600,1.26743801653
477316,482031,499317,4715,17286,4,36000,1.27276408654
477338,478010,484974,672,6964,2,21600,1.09649626651
477355,479804,515830,2449,36026,2,36000,1.06797868206
477378,478899,484981,1521,6082,4,21600,1.2500822098
477492,496032,524979,18540,28947,8,28920,1.64048087885
477631,478036,479404,405,1368,5,14400,1.29605263158
477642,479078,480523,1436,1445,5,14400,1.9937716263
477983,487878,546191,9895,58313,1,72000,1.16968771972
478032,479228,480663,1196,1435,5,14400,1.83344947735
479077,479416,480929,339,1513,5,14400,1.22405816259
479231,480534,482010,1303,1476,5,14400,1.88279132791
479416,480674,482111,1258,1437,5,14400,1.87543493389
480532,480940,482359,408,1419,5,14400,1.28752642706
480676,482043,483466,1367,1423,5,14400,1.96064652143
480943,482122,483543,1179,1421,5,14400,1.8296973962
481265,482020,483232,755,1212,1,1800,1.62293729373
482048,482370,483823,322,1453,5,14400,1.22161046111
482120,482597,484078,477,1481,5,14400,1.32207967589
482366,483477,484904,1111,1427,5,14400,1.77855641205
482602,483555,484974,953,1419,5,14400,1.67159971811
483348,493019,496024,9671,3005,20,10799,4.21830282862
483474,494937,498793,11463,3856,20,10799,3.97276970954
483482,483835,485299,353,1464,5,14400,1.24112021858
483512,496040,499437,12528,3397,20,10799,4.68795996467
483554,484089,485521,535,1432,5,14400,1.37360335196
483709,498804,508422,15095,9618,20,10799,2.56945310875
483731,488051,576299,4320,88248,1,108000,1.04895295078
483840,484915,486505,1075,1590,5,14400,1.67610062893
483919,488102,490310,4183,2208,1,35400,2.89447463768
484086,484987,486370,901,1383,5,14400,1.65148228489
484761,499086,500805,14325,1719,20,86399,9.33333333333
484915,485310,486785,395,1475,5,14400,1.26779661017
484987,485532,487038,545,1506,5,14400,1.36188579017
485315,486381,487837,1066,1456,5,14400,1.73214285714
485530,489520,491019,3990,1499,5,14400,3.66177451634
486040,492278,539776,6238,47498,4,86400,1.13133184555
486177,486189,487774,12,1585,1,1800,1.00757097792
486381,486472,487928,91,1456,5,14400,1.0625
486473,486517,487962,44,1445,5,14400,1.03044982699
486515,486797,488249,282,1452,5,14400,1.19421487603
486801,487055,488500,254,1445,5,14400,1.17577854671
486943,944679,944680,457736,1,1,252000,45773.7
487057,487849,489347,792,1498,5,14400,1.52870493992
487854,487940,489394,86,1454,5,14400,1.05914718019
487936,487973,489432,37,1459,5,14400,1.0253598355
487978,488260,489702,282,1442,5,14400,1.19556171983
488112,488118,488125,6,7,6,600,1.3
488148,488154,488789,6,635,6,600,1.0094488189
488260,488268,490200,8,1932,1,1800,1.00414078675
488264,488511,490075,247,1564,5,14400,1.15792838875
488442,488762,562193,320,73431,1,172200,1.00435783252
488448,499329,499828,10881,499,8,21600,22.8056112224
488509,489358,490783,849,1425,5,14400,1.59578947368
488551,999371,1037375,510820,38004,1,208200,14.441216714
489358,489405,490911,47,1506,5,14400,1.03120849934
489409,489445,490885,36,1440,5,14400,1.025
489451,489714,491188,263,1474,5,14400,1.17842605156
489523,490086,491602,563,1516,5,14400,1.37137203166
489710,490794,492300,1084,1506,5,14400,1.7197875166
490089,490922,492363,833,1441,5,14400,1.57807078418
490206,490322,491043,116,721,1,1800,1.16088765603
490794,490896,492423,102,1527,5,14400,1.06679764244
490895,491031,503829,136,12798,5,16200,1.01062666042
490926,491199,504292,273,13093,5,16200,1.02085083632
491029,491617,505262,588,13645,5,16200,1.04309270795
491203,492311,507084,1108,14773,5,16200,1.07500169228
491236,491242,491804,6,562,1,1800,1.01067615658
491622,492434,505895,812,13461,5,16200,1.0603224129
492307,492374,502172,67,9798,5,16200,1.00683813023
492379,502183,517927,9804,15744,5,16200,1.62271341463
492430,503840,511315,11410,7475,5,16200,2.52642140468
493093,493101,494398,8,1297,1,1740,1.00616808019
494728,499449,536918,4721,37469,20,86399,1.12599749126
495118,495125,495126,7,1,1,7200,1.0
495153,495160,495286,7,126,1,7200,1.05555555556
495293,495299,496091,6,792,1,7200,1.00757575758
495430,505141,538663,9711,33522,32,39600,1.2896903526
495450,508515,509115,13065,600,32,39600,22.775
495790,499891,509125,4101,9234,20,86399,1.44411955815
496310,500585,587022,4275,86437,20,86399,1.04945798674
496976,500818,507895,3842,7077,16,7200,1.54288540342
497018,507907,513240,10889,5333,16,7200,3.04181511344
497053,501265,508504,4212,7239,16,7200,1.58184832159
497103,502505,509742,5402,7237,16,7200,1.74644189581
497125,503916,506952,6791,3036,16,7200,3.23682476943
497161,507931,515160,10770,7229,16,7200,2.48983261862
497232,509754,512781,12522,3027,16,7200,5.1367690783
497284,511018,517136,13734,6118,16,7200,3.24485125858
497312,512825,520043,15513,7218,16,7200,3.14921030756
497343,523184,530415,25841,7231,16,7200,4.57364126677
497723,497735,498534,12,799,1,1790,1.01501877347
497723,497729,498535,6,806,1,1790,1.00744416873
497724,498449,499244,725,795,1,1790,1.91194968553
497724,497741,498539,17,798,1,1790,1.02130325815
497724,498443,499244,719,801,1,1790,1.89762796504
502184,504303,514809,2119,10506,5,16200,1.20169426994
503838,505274,518922,1436,13648,5,16200,1.10521688159
504308,507095,515062,2787,7967,5,16200,1.34981799925
505278,505907,513095,629,7188,5,16200,1.08750695604
505554,506964,507921,1410,957,8,3600,2.47335423197
505912,513106,527569,7194,14463,5,16200,1.49740717693
507096,511326,519715,4230,8389,5,16200,1.50423173203
508685,509143,512035,458,2892,20,10799,1.15836791148
508739,509151,511983,412,2832,20,10799,1.14548022599
508795,509156,512757,361,3601,20,10799,1.10024993057
509377,512053,546804,2676,34751,32,39600,1.07700497827
509382,517148,550935,7766,33787,32,39600,1.22985171812
509388,521038,555278,11650,34240,32,39600,1.3402453271
511323,515073,526057,3750,10984,5,16200,1.34140568099
512022,512028,581539,6,69511,1,115200,1.00008631727
512022,512034,588877,12,76843,1,115200,1.00015616257
512034,512041,581574,7,69533,1,115200,1.00010067162
512035,512046,588899,11,76853,1,115200,1.00014313039
512040,512058,581457,18,69399,1,115200,1.00025936973
512041,512064,588878,23,76814,1,115200,1.00029942458
512046,512074,587554,28,75480,1,115200,1.00037095919
512046,512069,579979,23,67910,1,115200,1.00033868355
512061,512087,589313,26,77226,1,115200,1.00033667418
512061,512082,581923,21,69841,1,115200,1.00030068298
512073,512093,581990,20,69897,1,115200,1.00028613531
512073,512098,589441,25,77343,1,115200,1.00032323546
512080,512104,581892,24,69788,1,115200,1.00034389866
512081,512110,589279,29,77169,1,115200,1.00037579857
512094,512768,581095,674,68327,1,115200,1.00986432889
512095,512774,588359,679,75585,1,115200,1.00898326388
512107,512779,582299,672,69520,1,115200,1.00966628308
512108,512785,589790,677,77005,1,115200,1.00879163691
512116,512790,582340,674,69550,1,115200,1.00969086988
512116,512796,589750,680,76954,1,115200,1.00883644775
512121,512801,582315,680,69514,1,115200,1.00978220215
512122,512807,589705,685,76898,1,115200,1.00890790398
512126,512812,580787,686,67975,1,115200,1.01009194557
512127,512818,588311,691,75493,1,115200,1.00915316652
513110,514820,525046,1710,10226,5,16200,1.1672208097
513356,513363,514593,7,1230,8,3600,1.00569105691
514570,514577,519471,7,4894,16,7200,1.00143032284
514817,517938,525297,3121,7359,5,16200,1.42410653621
515072,518935,528723,3863,9788,5,16200,1.39466693911
517942,519727,530181,1785,10454,5,16200,1.17074803903
517982,517993,517994,11,1,1,7200,1.2
517982,517988,517990,6,2,1,7200,1.0
517982,518006,518529,24,523,1,7200,1.04588910134
517982,517999,518000,17,1,1,7200,1.8
517983,518011,518012,28,1,1,7200,2.9
517983,518022,518023,39,1,1,7200,4.0
517984,518033,518034,49,1,1,7200,5.0
517985,518044,518045,59,1,1,7200,6.0
517985,518055,518345,70,290,1,7200,1.24137931034
517985,518050,518125,65,75,1,7200,1.86666666667
517986,518114,518115,128,1,1,7200,12.9
517986,518119,518120,133,1,1,7200,13.4
517987,518147,518150,160,3,1,7200,16.3
517987,518136,518208,149,72,1,7200,3.06944444444
517987,518141,518273,154,132,1,7200,2.16666666667
517987,518130,518147,143,17,1,7200,9.41176470588
517988,518160,518178,172,18,1,7200,10.5555555556
517989,518165,518167,176,2,1,7200,17.8
517989,518176,518177,187,1,1,7200,18.8
517989,518182,518238,193,56,1,7200,4.44642857143
517990,518195,518875,205,680,1,7200,1.30147058824
517990,518190,518700,200,510,1,7200,1.39215686275
517990,518201,520346,211,2145,1,7200,1.09836829837
517991,518217,519646,226,1429,1,7200,1.15815255423
517991,518212,523715,221,5503,1,7200,1.04015991277
517991,518206,518219,215,13,1,7200,17.5384615385
517992,518225,518227,233,2,1,7200,23.5
517992,518237,518238,245,1,1,7200,24.6
517992,518230,525435,238,7205,1,7200,1.03303261624
517993,518264,518272,271,8,1,7200,27.9
517993,518251,520661,258,2410,1,7200,1.10705394191
517993,518257,518258,264,1,1,7200,26.5
517994,518284,518285,290,1,1,7200,29.1
517994,518271,518272,277,1,1,7200,27.8
517995,518297,518299,302,2,1,7200,30.4
517995,518302,523658,307,5356,1,7200,1.0573188947
517996,518325,518332,329,7,1,7200,33.6
517996,518317,518336,321,19,1,7200,17.8947368421
517996,518345,518346,349,1,1,7200,35.0
517997,518365,518368,368,3,1,7200,37.1
517997,518353,518382,356,29,1,7200,13.275862069
517997,518360,518389,363,29,1,7200,13.5172413793
517998,518408,518952,410,544,1,7200,1.75367647059
517998,518394,518396,396,2,1,7200,39.8
517998,518380,518472,382,92,1,7200,5.15217391304
517999,518068,518072,69,4,1,7200,7.3
517999,518062,518084,63,22,1,7200,3.86363636364
517999,518074,518102,75,28,1,7200,3.67857142857
518000,518079,518080,79,1,1,7200,8.0
518000,518090,518091,90,1,1,7200,9.1
518001,518106,518117,105,11,1,7200,10.5454545455
518001,518095,518100,94,5,1,7200,9.9
518002,518541,518543,539,2,1,7200,54.1
518002,518485,519787,483,1302,1,7200,1.37096774194
518002,518416,525652,414,7236,1,7200,1.05721393035
518002,518556,518563,554,7,1,7200,56.1
518003,518617,519752,614,1135,1,7200,1.540969163
518003,518575,518590,572,15,1,7200,39.1333333333
518003,518603,518604,600,1,1,7200,60.1
518004,518788,518791,784,3,1,7200,78.7
518004,518803,518804,799,1,1,7200,80.0
518004,518712,518746,708,34,1,7200,21.8235294118
518004,518758,518775,754,17,1,7200,45.3529411765
518005,518830,519235,825,405,1,7200,3.03703703704
518005,518816,518817,811,1,1,7200,81.2
518005,518888,518890,883,2,1,7200,88.5
518007,518966,518999,959,33,1,7200,30.0606060606
518007,518944,518946,937,2,1,7200,93.9
518008,518998,519896,990,898,1,7200,2.10244988864
518008,519011,519012,1003,1,1,7200,100.4
518009,519064,519141,1055,77,1,7200,14.7012987013
518009,519038,519039,1029,1,1,7200,103.0
518009,519025,519026,1016,1,1,7200,101.7
518010,519207,519429,1197,222,1,7200,6.39189189189
518010,519168,519195,1158,27,1,7200,43.8888888889
518010,519154,519155,1144,1,1,7200,114.5
518010,519248,521606,1238,2358,1,7200,1.52502120441
518011,519468,519481,1457,13,1,7200,113.076923077
518011,519442,519456,1431,14,1,7200,103.214285714
518012,519492,519494,1480,2,1,7200,148.2
518012,519487,519488,1475,1,1,7200,147.6
518012,519499,519500,1487,1,1,7200,148.8
518013,519510,519511,1497,1,1,7200,149.8
518013,519522,521026,1509,1504,1,7200,2.00332446809
518013,519505,521023,1492,1518,1,7200,1.98287220026
518013,519517,519518,1504,1,1,7200,150.5
518014,519542,519543,1528,1,1,7200,152.9
518014,519529,519530,1515,1,1,7200,151.6
518014,519535,520556,1521,1021,1,7200,2.48971596474
518015,519567,520108,1552,541,1,7200,3.86876155268
518015,519659,519696,1644,37,1,7200,45.4324324324
518016,519709,519818,1693,109,1,7200,16.5321100917
518016,519789,519790,1773,1,1,7200,177.4
518016,519764,519765,1748,1,1,7200,174.9
518017,519799,519957,1782,158,1,7200,12.2784810127
518018,519844,519878,1826,34,1,7200,54.7058823529
518018,519819,519839,1801,20,1,7200,91.05
518018,519830,519831,1812,1,1,7200,181.3
518019,519890,519904,1871,14,1,7200,134.642857143
518019,519851,519866,1832,15,1,7200,123.133333333
518020,519921,522229,1901,2308,1,7200,1.82365684575
518020,519895,519902,1875,7,1,7200,188.2
518020,519915,521094,1895,1179,1,7200,2.60729431722
518020,519909,519910,1889,1,1,7200,189.0
518021,519942,519963,1921,21,1,7200,92.4761904762
518021,519969,519998,1948,29,1,7200,68.1724137931
518021,519928,519929,1907,1,1,7200,190.8
518022,520001,521019,1979,1018,1,7200,2.94400785855
518022,519975,519976,1953,1,1,7200,195.4
518023,520082,520083,2059,1,1,7200,206.0
518023,520024,520070,2001,46,1,7200,44.5
518023,520010,520011,1987,1,1,7200,198.8
518024,520134,520136,2110,2,1,7200,211.2
518024,520108,520128,2084,20,1,7200,105.2
518024,520120,520121,2096,1,1,7200,209.7
518025,520141,520627,2116,486,1,7200,5.35390946502
518025,520160,520353,2135,193,1,7200,12.0621761658
518026,520358,520581,2332,223,1,7200,11.4573991031
518026,520365,520367,2339,2,1,7200,234.1
518027,520594,520595,2567,1,1,7200,256.8
518027,520391,521002,2364,611,1,7200,4.86906710311
518027,520573,527807,2546,7234,1,7200,1.35194912911
518029,520640,520644,2611,4,1,7200,261.5
518029,520647,520648,2618,1,1,7200,261.9
518029,520656,520657,2627,1,1,7200,262.8
518030,520670,521606,2640,936,1,7200,3.82051282051
518030,520677,520746,2647,69,1,7200,39.3623188406
518030,520663,520682,2633,19,1,7200,139.578947368
518031,520758,520989,2727,231,1,7200,12.8051948052
518031,520797,520799,2766,2,1,7200,276.8
518031,520694,520785,2663,91,1,7200,30.2637362637
518032,520835,520837,2803,2,1,7200,280.5
518032,521001,521003,2969,2,1,7200,297.1
518032,520849,522365,2817,1516,1,7200,2.85817941953
518033,521015,521022,2982,7,1,7200,298.9
518033,521020,521021,2987,1,1,7200,298.8
518034,521043,521175,3009,132,1,7200,23.7954545455
518034,521051,521053,3017,2,1,7200,301.9
518034,521031,521032,2997,1,1,7200,299.8
518035,521107,521108,3072,1,1,7200,307.3
518035,521089,528335,3054,7246,1,7200,1.42147391664
518036,521145,521528,3109,383,1,7200,9.11749347258
518036,521188,523529,3152,2341,1,7200,2.34643314823
518037,521623,521624,3586,1,1,7200,358.7
518037,521540,521644,3503,104,1,7200,34.6826923077
518037,521618,521679,3581,61,1,7200,59.7049180328
518038,521636,521765,3598,129,1,7200,28.8914728682
518038,521692,528913,3654,7221,1,7200,1.50602409639
518038,521655,522016,3617,361,1,7200,11.0193905817
518039,521791,524587,3752,2796,1,7200,2.34191702432
518039,522029,522873,3990,844,1,7200,5.72748815166
518039,521777,521778,3738,1,1,7200,373.9
518040,522255,522262,4215,7,1,7200,422.2
518040,522241,522242,4201,1,1,7200,420.2
518041,522349,522351,4308,2,1,7200,431.0
518041,522335,522337,4294,2,1,7200,429.6
518041,522299,522323,4258,24,1,7200,178.416666667
518042,522383,522384,4341,1,1,7200,434.2
518042,522363,522364,4321,1,1,7200,432.2
518042,522376,522470,4334,94,1,7200,47.1063829787
518044,522456,522485,4412,29,1,7200,153.137931034
518045,522482,522485,4437,3,1,7200,444.0
518045,522502,522503,4457,1,1,7200,445.8
518045,522515,522533,4470,18,1,7200,249.333333333
518045,522497,522579,4452,82,1,7200,55.2926829268
518046,522545,528544,4499,5999,1,7200,1.74995832639
518046,522592,522597,4546,5,1,7200,455.1
518046,522608,522609,4562,1,1,7200,456.3
518047,522621,523498,4574,877,1,7200,6.21550741163
518047,522911,522912,4864,1,1,7200,486.5
518047,522886,522899,4839,13,1,7200,373.230769231
518048,523083,527982,5035,4899,1,7200,2.0277607675
518048,522938,523055,4890,117,1,7200,42.7948717949
518048,523068,523071,5020,3,1,7200,502.3
518049,523541,523543,5492,2,1,7200,549.4
518049,523671,523673,5622,2,1,7200,562.4
518049,523555,523749,5506,194,1,7200,29.381443299
518049,523511,526593,5462,3082,1,7200,2.77222582738
518050,523686,523687,5636,1,1,7200,563.7
518050,523699,523752,5649,53,1,7200,107.58490566
518051,523761,523762,5710,1,1,7200,571.1
518051,523768,523769,5717,1,1,7200,571.8
518051,523729,523730,5678,1,1,7200,567.9
518051,523743,523760,5692,17,1,7200,335.823529412
518052,523780,524057,5728,277,1,7200,21.678700361
518052,523775,523795,5723,20,1,7200,287.15
518053,523815,526027,5762,2212,1,7200,3.60488245931
518053,523808,523810,5755,2,1,7200,575.7
518053,523822,527002,5769,3180,1,7200,2.8141509434
518054,524599,524661,6545,62,1,7200,106.564516129
518054,524286,524287,6232,1,1,7200,623.3
518054,524069,524273,6015,204,1,7200,30.4852941176
518054,524300,524935,6246,635,1,7200,10.8362204724
518055,524674,524885,6619,211,1,7200,32.3696682464
518055,524897,524898,6842,1,1,7200,684.3
518055,524910,524912,6855,2,1,7200,685.7
518056,524924,525221,6868,297,1,7200,24.1245791246
518056,524991,524992,6935,1,1,7200,693.6
518056,524948,524953,6892,5,1,7200,689.7
518056,524965,525067,6909,102,1,7200,68.7352941176
518057,525002,525316,6945,314,1,7200,23.1178343949
518057,524996,525000,6939,4,1,7200,694.3
518058,525079,525082,7021,3,1,7200,702.4
518058,525027,528683,6969,3656,1,7200,2.90618161926
518058,525009,525015,6951,6,1,7200,695.7
518058,525016,525234,6958,218,1,7200,32.9174311927
518059,525119,525255,7060,136,1,7200,52.9117647059
518059,525094,525095,7035,1,1,7200,703.6
518060,525259,526241,7199,982,1,7200,8.33095723014
518060,525233,525234,7173,1,1,7200,717.4
518060,525246,525247,7186,1,1,7200,718.7
518061,525273,525276,7212,3,1,7200,721.5
518062,525288,525290,7226,2,1,7200,722.8
518062,525295,525484,7233,189,1,7200,39.2698412698
518062,525302,525459,7240,157,1,7200,47.1146496815
518063,525382,525384,7319,2,1,7200,732.1
518063,525345,525370,7282,25,1,7200,292.28
518063,525328,525332,7265,4,1,7200,726.9
518064,525408,525529,7344,121,1,7200,61.694214876
518064,525447,525456,7383,9,1,7200,739.2
518065,525469,525484,7404,15,1,7200,494.6
518065,525476,525480,7411,4,1,7200,741.5
518065,525499,526076,7434,577,1,7200,13.883882149
518065,525492,526023,7427,531,1,7200,14.9868173258
518066,525517,525763,7451,246,1,7200,31.2886178862
518066,525541,525550,7475,9,1,7200,748.4
518066,525504,525505,7438,1,1,7200,743.9
518067,525575,525922,7508,347,1,7200,22.6368876081
518067,525664,525665,7597,1,1,7200,759.8
518068,525883,525885,7815,2,1,7200,781.7
518068,525775,525870,7707,95,1,7200,82.1263157895
518068,525677,525964,7609,287,1,7200,27.512195122
518069,525897,525898,7828,1,1,7200,782.9
518069,525922,525931,7853,9,1,7200,786.2
518070,525957,525972,7887,15,1,7200,526.8
518070,525934,525936,7864,2,1,7200,786.6
518070,525950,525952,7880,2,1,7200,788.2
518071,525983,526011,7912,28,1,7200,283.571428571
518071,525964,525967,7893,3,1,7200,789.6
518071,525976,526080,7905,104,1,7200,77.0096153846
518072,526036,526227,7964,191,1,7200,42.6963350785
518072,526023,526024,7951,1,1,7200,795.2
518072,525990,526053,7918,63,1,7200,126.682539683
518073,526074,526119,8001,45,1,7200,178.8
518073,526049,526055,7976,6,1,7200,798.2
518073,526041,526050,7968,9,1,7200,797.7
518074,526087,526091,8013,4,1,7200,801.7
518074,526080,533293,8006,7213,1,7200,2.10994038542
518075,526094,526095,8019,1,1,7200,802.0
518075,526112,528417,8037,2305,1,7200,4.48676789588
518075,526099,526632,8024,533,1,7200,16.0544090056
518075,526107,533353,8032,7246,1,7200,2.10847364063
518076,526240,526339,8164,99,1,7200,83.4646464646
518076,526253,526256,8177,3,1,7200,818.0
518076,526131,526147,8055,16,1,7200,504.4375
518076,526159,530062,8083,3903,1,7200,3.07097104791
518077,526351,526355,8274,4,1,7200,827.8
518077,526281,526807,8204,526,1,7200,16.5969581749
518078,526367,526385,8289,18,1,7200,461.5
518078,526413,526442,8335,29,1,7200,288.413793103
518078,526397,526400,8319,3,1,7200,832.2
518079,526454,526455,8375,1,1,7200,837.6
518079,526467,526479,8388,12,1,7200,700.0
518079,526491,526492,8412,1,1,7200,841.3
518080,526605,527477,8525,872,1,7200,10.7763761468
518080,526504,526509,8424,5,1,7200,842.9
518080,526521,527427,8441,906,1,7200,10.3167770419
518081,526900,527011,8819,111,1,7200,80.4504504505
518081,527014,527509,8933,495,1,7200,19.0464646465
518081,526644,526888,8563,244,1,7200,36.0942622951
518081,526819,531484,8738,4665,1,7200,2.87309753483
518082,527023,527917,8941,894,1,7200,11.0011185682
518082,527439,527440,9357,1,1,7200,935.8
518083,527453,527454,9370,1,1,7200,937.1
518083,527466,527681,9383,215,1,7200,44.6418604651
518083,527490,527491,9407,1,1,7200,940.8
518084,527524,527525,9440,1,1,7200,944.1
518085,527545,528364,9460,819,1,7200,12.5506715507
518086,527590,527591,9504,1,1,7200,950.5
518087,527693,527709,9606,16,1,7200,601.375
518087,527619,527725,9532,106,1,7200,90.9245283019
518087,527722,527726,9635,4,1,7200,963.9
518087,527603,527607,9516,4,1,7200,952.0
518088,527743,532425,9655,4682,1,7200,3.0621529261
518088,527819,532395,9731,4576,1,7200,3.12652972028
518088,527738,527938,9650,200,1,7200,49.25
518089,527943,535176,9854,7233,1,7200,2.36236692935
518089,527951,528335,9862,384,1,7200,26.6822916667
518089,527929,527930,9840,1,1,7200,984.1
518089,527995,528179,9906,184,1,7200,54.8369565217
518090,528222,528242,10132,20,1,7200,507.6
518090,528191,528197,10101,6,1,7200,1010.7
518091,528254,528524,10163,270,1,7200,38.6407407407
518091,528352,528353,10261,1,1,7200,1026.2
518091,528347,528351,10256,4,1,7200,1026.0
518092,528370,528544,10278,174,1,7200,60.0689655172
518092,528377,528379,10285,2,1,7200,1028.7
518092,528363,528638,10271,275,1,7200,38.3490909091
518092,528391,528715,10299,324,1,7200,32.787037037
518093,528429,528493,10336,64,1,7200,162.5
518093,528530,535770,10437,7240,1,7200,2.44157458564
518093,528506,528518,10413,12,1,7200,868.75
518094,528561,528696,10467,135,1,7200,78.5333333333
518094,528556,528558,10462,2,1,7200,1046.4
518094,528537,529847,10443,1310,1,7200,8.97175572519
518094,528570,528580,10476,10,1,7200,1048.6
518095,528650,528672,10555,22,1,7200,480.772727273
518095,528684,528810,10589,126,1,7200,85.0396825397
518095,528619,529657,10524,1038,1,7200,11.1387283237
518095,528591,528606,10496,15,1,7200,700.733333333
518096,528695,535917,10599,7222,1,7200,2.46759900305
518096,528709,528710,10613,1,1,7200,1061.4
518097,528729,528730,10632,1,1,7200,1063.3
518097,528748,528767,10651,19,1,7200,561.578947368
518097,528741,529088,10644,347,1,7200,31.674351585
518098,528779,528835,10681,56,1,7200,191.732142857
518098,528823,528839,10725,16,1,7200,671.3125
518098,528847,528848,10749,1,1,7200,1075.0
518099,528925,528936,10826,11,1,7200,985.181818182
518099,528861,529054,10762,193,1,7200,56.7616580311
518099,528854,528856,10755,2,1,7200,1075.7
518099,528868,529070,10769,202,1,7200,54.3118811881
518100,529065,529194,10965,129,1,7200,86.0
518100,528948,529013,10848,65,1,7200,167.892307692
518100,529026,529530,10926,504,1,7200,22.6785714286
518101,529097,529738,10996,641,1,7200,18.1544461778
518101,529082,529084,10981,2,1,7200,1098.3
518101,529104,529105,11003,1,1,7200,1100.4
518102,529206,529397,11104,191,1,7200,59.1361256545
518102,529410,529481,11308,71,1,7200,160.267605634
518102,529494,529514,11392,20,1,7200,570.6
518102,529117,529676,11015,559,1,7200,20.7048300537
518103,529543,529815,11440,272,1,7200,43.0588235294
518103,529669,529673,11566,4,1,7200,1157.0
518103,529526,531240,11423,1714,1,7200,7.66452742124
518104,529692,529718,11588,26,1,7200,446.692307692
518104,529744,529745,11640,1,1,7200,1164.1
518104,529685,530946,11581,1261,1,7200,10.1839809675
518104,529730,529732,11626,2,1,7200,1162.8
518105,529751,529754,11646,3,1,7200,1164.9
518105,529758,530425,11653,667,1,7200,18.4707646177
518106,529855,529856,11749,1,1,7200,1175.0
518106,529828,529843,11722,15,1,7200,782.466666667
518106,529779,529969,11673,190,1,7200,62.4368421053
518107,529862,529863,11755,1,1,7200,1175.6
518107,529876,537098,11769,7222,1,7200,2.62960398782
518107,529869,529870,11762,1,1,7200,1176.3
518108,529977,529979,11869,2,1,7200,1187.1
518108,529895,529965,11787,70,1,7200,169.385714286
518109,529984,529985,11875,1,1,7200,1187.6
518109,529998,530051,11889,53,1,7200,225.320754717
518110,530032,530048,11922,16,1,7200,746.125
518110,530005,530007,11895,2,1,7200,1189.7
518110,530060,537287,11950,7227,1,7200,2.65352151654
518111,530067,530068,11956,1,1,7200,1195.7
518111,530075,531276,11964,1201,1,7200,10.9616985845
518111,530082,530085,11971,3,1,7200,1197.4
518112,530097,530106,11985,9,1,7200,1199.4
518112,530118,530120,12006,2,1,7200,1200.8
518112,530144,530145,12032,1,1,7200,1203.3
518113,530226,530469,12113,243,1,7200,50.8477366255
518113,530437,530577,12324,140,1,7200,89.0285714286
518113,530157,530214,12044,57,1,7200,212.298245614
518114,530482,530485,12368,3,1,7200,1237.1
518114,530497,530691,12383,194,1,7200,64.8298969072
518114,530589,530820,12475,231,1,7200,55.0043290043
518115,530703,530704,12588,1,1,7200,1258.9
518115,530716,530721,12601,5,1,7200,1260.6
518116,530745,530809,12629,64,1,7200,198.328125
518116,530821,530822,12705,1,1,7200,1270.6
518116,530832,530835,12716,3,1,7200,1271.9
518117,530854,530894,12737,40,1,7200,319.425
518117,530907,530913,12790,6,1,7200,1279.6
518117,530847,531096,12730,249,1,7200,52.124497992
518118,530937,530938,12819,1,1,7200,1282.0
518118,530950,530951,12832,1,1,7200,1283.3
518118,530958,531085,12840,127,1,7200,102.102362205
518119,531035,531037,12916,2,1,7200,1291.8
518119,530980,531023,12861,43,1,7200,300.093023256
518119,530965,530967,12846,2,1,7200,1284.8
518120,531049,531151,12929,102,1,7200,127.754901961
518120,531097,531130,12977,33,1,7200,394.242424242
518121,531108,531110,12987,2,1,7200,1298.9
518121,531122,531124,13001,2,1,7200,1300.3
518121,531136,531202,13015,66,1,7200,198.196969697
518121,531143,531413,13022,270,1,7200,49.2296296296
518122,531178,536553,13056,5375,1,7200,3.42902325581
518122,531215,531218,13093,3,1,7200,1309.6
518122,531163,531166,13041,3,1,7200,1304.4
518123,531254,531256,13131,2,1,7200,1313.3
518123,531261,531454,13138,193,1,7200,69.0725388601
518123,531230,531235,13107,5,1,7200,1311.2
518124,531302,531397,13178,95,1,7200,139.715789474
518124,531289,531290,13165,1,1,7200,1316.6
518124,531268,531763,13144,495,1,7200,27.5535353535
518125,531430,535496,13305,4066,1,7200,4.27225774717
518125,531409,531410,13284,1,1,7200,1328.5
518125,531423,531424,13298,1,1,7200,1329.9
518126,531463,531464,13337,1,1,7200,1333.8
518126,531450,531451,13324,1,1,7200,1332.5
518126,531470,531472,13344,2,1,7200,1334.6
518127,531477,531478,13350,1,1,7200,1335.1
518127,531491,531535,13364,44,1,7200,304.727272727
518128,531504,531525,13376,21,1,7200,637.952380952
518128,531538,531541,13410,3,1,7200,1341.3
518128,531498,536780,13370,5282,1,7200,3.53123816736
518129,531554,534524,13425,2970,1,7200,5.5202020202
518129,531547,531555,13418,8,1,7200,1342.6
518129,531568,531794,13439,226,1,7200,60.4646017699
518130,531806,532141,13676,335,1,7200,41.823880597
518130,532153,535320,14023,3167,1,7200,5.42784970003
518130,532261,532315,14131,54,1,7200,262.685185185
518130,531776,532249,13646,473,1,7200,29.8498942918
518131,532408,532418,14277,10,1,7200,1428.7
518131,532327,532640,14196,313,1,7200,46.3546325879
518132,532438,532439,14306,1,1,7200,1430.7
518132,532451,532466,14319,15,1,7200,955.6
518132,532478,532480,14346,2,1,7200,1434.8
518132,532431,536144,14299,3713,1,7200,4.85106382979
518133,532652,533594,14519,942,1,7200,16.4129511677
518133,532492,532504,14359,12,1,7200,1197.58333333
518133,532516,539762,14383,7246,1,7200,2.98495721778
518134,533354,533706,15220,352,1,7200,44.2386363636
518134,533365,533485,15231,120,1,7200,127.925
518134,533320,533342,15186,22,1,7200,691.272727273
518134,533306,533307,15172,1,1,7200,1517.3
518135,533498,533500,15363,2,1,7200,1536.5
518135,533525,533544,15390,19,1,7200,811.0
518135,533556,533557,15421,1,1,7200,1542.2
518135,533512,533513,15377,1,1,7200,1537.8
518136,533569,533570,15433,1,1,7200,1543.4
518136,533583,534946,15447,1363,1,7200,12.3330887748
518136,533606,533685,15470,79,1,7200,196.82278481
518137,533718,533719,15581,1,1,7200,1558.2
518137,533697,534144,15560,447,1,7200,35.8098434004
518137,533732,534054,15595,322,1,7200,49.4316770186
518138,534179,534181,16041,2,1,7200,1604.3
518138,534066,534162,15928,96,1,7200,166.916666667
518138,534157,534161,16019,4,1,7200,1602.3
518139,534193,536030,16054,1837,1,7200,9.73924877518
518139,534187,534459,16048,272,1,7200,60.0
518139,534472,534473,16333,1,1,7200,1633.4
518140,534511,534514,16371,3,1,7200,1637.4
518140,534526,534527,16386,1,1,7200,1638.7
518140,534498,534499,16358,1,1,7200,1635.9
518141,534555,534621,16414,66,1,7200,249.696969697
518141,534536,535630,16395,1094,1,7200,15.9862888483
518141,534634,534637,16493,3,1,7200,1649.6
518142,534649,534699,16507,50,1,7200,331.14
518142,534711,534713,16569,2,1,7200,1657.1
518143,534767,534768,16624,1,1,7200,1662.5
518143,534780,535033,16637,253,1,7200,66.7588932806
518143,534739,534755,16596,16,1,7200,1038.25
518143,534725,534726,16582,1,1,7200,1658.3
518144,534958,535039,16814,81,1,7200,208.580246914
518144,535053,535055,16909,2,1,7200,1691.1
518144,535067,535070,16923,3,1,7200,1692.6
518144,535045,535100,16901,55,1,7200,308.290909091
518145,535095,535099,16950,4,1,7200,1695.4
518145,535082,535083,16937,1,1,7200,1693.8
518146,535118,535119,16972,1,1,7200,1697.3
518146,535139,537664,16993,2525,1,7200,7.7299009901
518146,535132,535241,16986,109,1,7200,156.834862385
518147,535207,535221,17060,14,1,7200,1219.57142857
518147,535188,535195,17041,7,1,7200,1704.8
518147,535234,535246,17087,12,1,7200,1424.91666667
518147,535253,535254,17106,1,1,7200,1710.7
518148,535274,535807,17126,533,1,7200,33.1313320826
518149,535294,535332,17145,38,1,7200,452.184210526
518149,535333,535383,17184,50,1,7200,344.68
518149,535281,535282,17132,1,1,7200,1713.3
518150,535395,535396,17245,1,1,7200,1724.6
518150,535358,538435,17208,3077,1,7200,6.5924601885
518150,535345,535346,17195,1,1,7200,1719.6
518151,535643,535644,17492,1,1,7200,1749.3
518152,535701,536079,17549,378,1,7200,47.4259259259
518153,535432,542659,17279,7227,1,7200,3.39089525391
518153,535522,535598,17369,76,1,7200,229.539473684
518153,535611,535612,17458,1,1,7200,1745.9
518153,535508,535510,17355,2,1,7200,1735.7
518154,535663,535686,17509,23,1,7200,762.260869565
518154,535636,535648,17482,12,1,7200,1457.83333333
518155,535803,536613,17648,810,1,7200,22.787654321
518156,535930,543163,17774,7233,1,7200,3.4573482649
518156,535819,536057,17663,238,1,7200,75.2142857143
518157,535782,535783,17625,1,1,7200,1762.6
518157,535721,535787,17564,66,1,7200,267.121212121
518157,535796,535925,17639,129,1,7200,137.736434109
518158,535937,535968,17779,31,1,7200,574.516129032
518158,535980,536021,17822,41,1,7200,435.682926829
518158,536042,536043,17884,1,1,7200,1788.5
518158,536034,536101,17876,67,1,7200,267.805970149
518159,536068,536394,17909,326,1,7200,55.9355828221
518159,536055,536837,17896,782,1,7200,23.8849104859
518159,536091,536093,17932,2,1,7200,1793.4
518160,536106,543344,17946,7238,1,7200,3.47941420282
518160,536184,536205,18024,21,1,7200,859.285714286
518161,536278,536280,18117,2,1,7200,1811.9
518161,536113,536114,17952,1,1,7200,1795.3
518161,536217,536220,18056,3,1,7200,1805.9
518162,536157,536159,17995,2,1,7200,1799.7
518162,536126,536285,17964,159,1,7200,113.981132075
518162,536232,536233,18070,1,1,7200,1807.1
518163,536299,536300,18136,1,1,7200,1813.7
518163,536245,536266,18082,21,1,7200,862.047619048
518164,536306,536325,18142,19,1,7200,955.842105263
518164,536337,536769,18173,432,1,7200,43.0671296296
518164,536326,538796,18162,2470,1,7200,8.35303643725
518165,536407,536651,18242,244,1,7200,75.762295082
518165,536566,536567,18401,1,1,7200,1840.2
518165,536580,536632,18415,52,1,7200,355.134615385
518166,536625,536751,18459,126,1,7200,147.5
518166,536644,536646,18478,2,1,7200,1848.0
518167,536672,536759,18505,87,1,7200,213.701149425
518167,536763,536764,18596,1,1,7200,1859.7
518167,536665,536887,18498,222,1,7200,84.3243243243
518168,536771,536944,18603,173,1,7200,108.531791908
518168,536777,536779,18609,2,1,7200,1861.1
518168,536785,536786,18617,1,1,7200,1861.8
518168,536792,536793,18624,1,1,7200,1862.5
518169,536850,536929,18681,79,1,7200,237.46835443
518169,536804,536901,18635,97,1,7200,193.113402062
518169,536811,536956,18642,145,1,7200,129.565517241
518169,536797,537416,18628,619,1,7200,31.0936995153
518170,536913,536914,18743,1,1,7200,1874.4
518170,536899,536936,18729,37,1,7200,507.189189189
518170,536926,536948,18756,22,1,7200,853.545454545
518171,536957,536958,18786,1,1,7200,1878.7
518171,536948,536958,18777,10,1,7200,1878.7
518171,536941,536946,18770,5,1,7200,1877.5
518172,536964,536973,18792,9,1,7200,1880.1
518172,536969,537016,18797,47,1,7200,400.936170213
518172,536976,536977,18804,1,1,7200,1880.5
518173,536981,544212,18808,7231,1,7200,3.60102337159
518173,536994,537001,18821,7,1,7200,1882.8
518173,536987,537025,18814,38,1,7200,496.105263158
518174,536999,537000,18825,1,1,7200,1882.6
518174,537028,537041,18854,13,1,7200,1451.30769231
518174,537012,537645,18838,633,1,7200,30.7598736177
518175,537042,537359,18867,317,1,7200,60.5173501577
518175,537035,537071,18860,36,1,7200,524.888888889
518175,537053,537163,18878,110,1,7200,172.618181818
518176,537175,537176,18999,1,1,7200,1900.0
518176,537096,537204,18920,108,1,7200,176.185185185
518176,537110,537788,18934,678,1,7200,28.9262536873
518176,537083,537084,18907,1,1,7200,1890.8
518177,537201,537887,19024,686,1,7200,28.7317784257
518177,537216,537217,19039,1,1,7200,1904.0
518178,537299,537300,19121,1,1,7200,1912.2
518178,537229,544467,19051,7238,1,7200,3.63208068527
518179,537373,537738,19194,365,1,7200,53.5863013699
518179,537366,537466,19187,100,1,7200,192.87
518179,537349,537354,19170,5,1,7200,1917.5
518179,537325,537337,19146,12,1,7200,1596.5
518180,537469,537539,19289,70,1,7200,276.557142857
518180,537478,537479,19298,1,1,7200,1929.9
518180,537442,537456,19262,14,1,7200,1376.85714286
518180,537428,537431,19248,3,1,7200,1925.1
518181,537551,537583,19370,32,1,7200,606.3125
518181,537491,538019,19310,528,1,7200,37.571969697
518181,537595,537666,19414,71,1,7200,274.436619718
518182,537684,537685,19502,1,1,7200,1950.3
518182,537677,537720,19495,43,1,7200,454.372093023
518182,537658,537852,19476,194,1,7200,101.391752577
518182,537698,537948,19516,250,1,7200,79.064
518183,537746,538051,19563,305,1,7200,65.1409836066
518183,537767,544989,19584,7222,1,7200,3.71171420659
518183,537732,537734,19549,2,1,7200,1955.1
518183,537753,537754,19570,1,1,7200,1957.1
518184,537816,538243,19632,427,1,7200,46.9765807963
518184,537801,537803,19617,2,1,7200,1961.9
518184,537865,538425,19681,560,1,7200,36.1446428571
518185,537899,537900,19714,1,1,7200,1971.5
518185,537912,537930,19727,18,1,7200,1096.94444444
518185,537941,537947,19756,6,1,7200,1976.2
518186,537973,538046,19787,73,1,7200,272.054794521
518186,537966,537968,19780,2,1,7200,1978.2
518187,538059,538895,19872,836,1,7200,24.7703349282
518187,538031,538053,19844,22,1,7200,903.0
518187,537980,538083,19793,103,1,7200,193.165048544
518188,538087,538206,19899,119,1,7200,168.218487395
518188,538080,538081,19892,1,1,7200,1989.3
518188,538071,538072,19883,1,1,7200,1988.4
518188,538066,538068,19878,2,1,7200,1988.0
518189,538101,538863,19912,762,1,7200,27.1312335958
518189,538135,538161,19946,26,1,7200,768.153846154
518189,538094,538108,19905,14,1,7200,1422.78571429
518189,538121,538122,19932,1,1,7200,1993.3
518190,538219,538221,20029,2,1,7200,2003.1
518190,538173,538582,19983,409,1,7200,49.858190709
518191,538255,538256,20064,1,1,7200,2006.5
518191,538233,538234,20042,1,1,7200,2004.3
518191,538246,538473,20055,227,1,7200,89.3480176211
518192,538282,538562,20090,280,1,7200,72.75
518192,538447,538448,20255,1,1,7200,2025.6
518192,538438,538440,20246,2,1,7200,2024.8
518192,538454,538459,20262,5,1,7200,2026.7
518193,538485,538486,20292,1,1,7200,2029.3
518193,538461,541413,20268,2952,1,7200,7.86585365854
518193,538476,538477,20283,1,1,7200,2028.4
518194,538499,545712,20305,7213,1,7200,3.81505614862
518194,538555,538557,20361,2,1,7200,2036.3
518194,538506,538542,20312,36,1,7200,565.222222222
518195,538576,538577,20381,1,1,7200,2038.2
518195,538583,538659,20388,76,1,7200,269.263157895
518196,538597,538599,20401,2,1,7200,2040.3
518196,538590,538676,20394,86,1,7200,238.139534884
518197,538644,538645,20447,1,1,7200,2044.8
518197,538611,538632,20414,21,1,7200,973.095238095
518198,538684,538687,20486,3,1,7200,2048.9
518198,538670,538671,20472,1,1,7200,2047.3
518198,538676,538756,20478,80,1,7200,256.975
518199,538691,539026,20492,335,1,7200,62.1701492537
518199,538699,538704,20500,5,1,7200,2050.5
518199,538716,538717,20517,1,1,7200,2051.8
518200,538755,539208,20555,453,1,7200,46.3752759382
518200,538769,538770,20569,1,1,7200,2057.0
518201,538808,538809,20607,1,1,7200,2060.8
518201,538782,538852,20581,70,1,7200,295.014285714
518202,538851,539564,20649,713,1,7200,29.9607293128
518202,538821,538826,20619,5,1,7200,2062.4
518202,538864,538919,20662,55,1,7200,376.672727273
518203,538888,538904,20685,16,1,7200,1293.8125
518203,538907,538908,20704,1,1,7200,2070.5
518203,538875,538876,20672,1,1,7200,2067.3
518204,538923,546159,20719,7236,1,7200,3.8633222775
518204,538916,538921,20712,5,1,7200,2071.7
518204,538931,538933,20727,2,1,7200,2072.9
518205,538945,538959,20740,14,1,7200,1482.42857143
518205,538962,538963,20757,1,1,7200,2075.8
518205,538938,538950,20733,12,1,7200,1728.75
518206,539004,541172,20798,2168,1,7200,10.5931734317
518206,538978,539716,20772,738,1,7200,29.1463414634
518206,538990,538992,20784,2,1,7200,2078.6
518206,538971,538978,20765,7,1,7200,2077.2
518207,539038,539043,20831,5,1,7200,2083.6
518208,539068,539320,20860,252,1,7200,83.7777777778
518208,539221,539223,21013,2,1,7200,2101.5
518208,539236,539248,21028,12,1,7200,1753.33333333
518208,539260,539285,21052,25,1,7200,843.08
518209,539332,539392,21123,60,1,7200,353.05
518209,539297,539386,21088,89,1,7200,237.943820225
518209,539403,539477,21194,74,1,7200,287.405405405
518210,539451,546664,21241,7213,1,7200,3.94482184944
518210,539411,539413,21201,2,1,7200,2120.3
518210,539438,539439,21228,1,1,7200,2122.9
518211,539490,539492,21279,2,1,7200,2128.1
518211,539576,539578,21365,2,1,7200,2136.7
518211,539504,546706,21293,7202,1,7200,3.95653985004
518212,539590,539968,21378,378,1,7200,57.5555555556
518212,539774,540313,21562,539,1,7200,41.0037105751
518212,539729,541752,21517,2023,1,7200,11.6361838853
518213,540007,540012,21794,5,1,7200,2179.9
518213,539980,539981,21767,1,1,7200,2176.8
518214,540063,540164,21849,101,1,7200,217.326732673
518214,540037,540038,21823,1,1,7200,2182.4
518214,540024,540025,21810,1,1,7200,2181.1
518215,540354,540355,22139,1,1,7200,2214.0
518215,540325,540342,22110,17,1,7200,1301.58823529
518215,540177,540453,21962,276,1,7200,80.5724637681
518216,540380,540471,22164,91,1,7200,244.56043956
518216,540466,540468,22250,2,1,7200,2225.2
518217,540501,540505,22284,4,1,7200,2228.8
518217,540494,540498,22277,4,1,7200,2228.1
518217,540487,540488,22270,1,1,7200,2227.1
518218,540545,540546,22327,1,1,7200,2232.8
518218,540517,540532,22299,15,1,7200,1487.6
518218,540524,540569,22306,45,1,7200,496.688888889
518220,541185,541204,22965,19,1,7200,1209.68421053
518220,540581,540587,22361,6,1,7200,2236.7
518220,540588,543993,22368,3405,1,7200,7.56916299559
518220,540599,547839,22379,7240,1,7200,4.09102209945
518221,541217,541234,22996,17,1,7200,1353.70588235
518221,541283,541284,23062,1,1,7200,2306.3
518221,541247,541271,23026,24,1,7200,960.416666667
518222,541321,542841,23099,1520,1,7200,16.1967105263
518222,541426,541428,23204,2,1,7200,2320.6
518224,541478,541508,23254,30,1,7200,776.133333333
518224,541520,541522,23296,2,1,7200,2329.8
518224,541534,541553,23310,19,1,7200,1227.84210526
518224,541564,541566,23340,2,1,7200,2334.2
518226,541578,541699,23352,121,1,7200,193.991735537
518226,541711,541713,23485,2,1,7200,2348.7
518227,541725,543278,23498,1553,1,7200,16.1307147457
518227,541764,541765,23537,1,1,7200,2353.8
518227,541777,542345,23550,568,1,7200,42.4612676056
518227,542358,542481,24131,123,1,7200,197.18699187
518228,542671,549878,24443,7207,1,7200,4.39156375746
518228,542493,542932,24265,439,1,7200,56.2733485194
518228,542854,542858,24626,4,1,7200,2463.0
518229,542870,544313,24641,1443,1,7200,18.0762300762
518229,542971,545416,24742,2445,1,7200,11.1194274029
518229,542944,542947,24715,3,1,7200,2471.8
518230,543291,543329,25061,38,1,7200,660.5
518230,543342,543343,25112,1,1,7200,2511.3
518230,543214,544903,24984,1689,1,7200,15.7921847247
518230,543176,543202,24946,26,1,7200,960.461538462
518231,543489,544115,25258,626,1,7200,41.3482428115
518231,543355,544529,25124,1174,1,7200,22.4003407155
518231,543362,543477,25131,115,1,7200,219.530434783
518232,544034,544047,25802,13,1,7200,1985.76923077
518232,544006,544009,25774,3,1,7200,2577.7
518233,544224,544225,25991,1,1,7200,2599.2
518233,544128,544344,25895,216,1,7200,120.884259259
518233,544059,551305,25826,7246,1,7200,4.56417333701
518234,544356,544363,26122,7,1,7200,2612.9
518234,544325,544887,26091,562,1,7200,47.4252669039
518234,544251,544619,26017,368,1,7200,71.6983695652
518235,544375,545499,26140,1124,1,7200,24.256227758
518235,544480,544483,26245,3,1,7200,2624.8
518235,544495,544497,26260,2,1,7200,2626.2
518236,544644,544689,26408,45,1,7200,587.844444444
518236,544631,544632,26395,1,1,7200,2639.6
518236,544541,544968,26305,427,1,7200,62.6042154567
518236,544510,545446,26274,936,1,7200,29.0705128205
518237,544701,551907,26464,7206,1,7200,4.67249514294
518237,544920,545216,26683,296,1,7200,91.1452702703
518237,544900,544903,26663,3,1,7200,2666.6
518237,544914,544985,26677,71,1,7200,376.732394366
518238,545003,545004,26765,1,1,7200,2676.6
518238,544979,545497,26741,518,1,7200,52.6235521236
518238,544996,546013,26758,1017,1,7200,27.3107177974
518239,545016,545029,26777,13,1,7200,2060.76923077
518239,545055,547828,26816,2773,1,7200,10.6703930761
518239,545041,545042,26802,1,1,7200,2680.3
518240,545228,545333,26988,105,1,7200,258.028571429
518240,545345,545348,27105,3,1,7200,2710.8
518241,545429,545433,27188,4,1,7200,2719.2
518241,545372,545440,27131,68,1,7200,399.985294118
518242,545464,545616,27222,152,1,7200,180.092105263
518242,545452,545774,27210,322,1,7200,85.5031055901
518243,545494,545757,27251,263,1,7200,104.615969582
518243,545472,545482,27229,10,1,7200,2723.9
518243,545510,545511,27267,1,1,7200,2726.8
518244,545628,545775,27384,147,1,7200,187.285714286
518244,545724,545796,27480,72,1,7200,382.666666667
518244,545524,552765,27280,7241,1,7200,4.76743543709
518244,545517,546199,27273,682,1,7200,40.9897360704
518245,545786,545787,27541,1,1,7200,2754.2
518245,545793,547561,27548,1768,1,7200,16.5814479638
518245,545770,545848,27525,78,1,7200,353.884615385
518246,545860,545861,27614,1,1,7200,2761.5
518246,545809,545886,27563,77,1,7200,358.961038961
518246,545800,550212,27554,4412,1,7200,7.24524025385
518247,545918,545964,27671,46,1,7200,602.543478261
518247,545873,545891,27626,18,1,7200,1535.77777778
518247,545898,545923,27651,25,1,7200,1107.04
518248,545976,545979,27728,3,1,7200,2773.1
518248,545991,546436,27743,445,1,7200,63.3438202247
518248,545936,546641,27688,705,1,7200,40.2737588652
518249,546025,546026,27776,1,1,7200,2777.7
518249,546051,553277,27802,7226,1,7200,4.84749515638
518249,546171,546304,27922,133,1,7200,210.939849624
518250,546211,546390,27961,179,1,7200,157.206703911
518250,546317,546319,28067,2,1,7200,2806.9
518251,546343,546345,28092,2,1,7200,2809.4
518251,546357,546358,28106,1,1,7200,2810.7
518252,546370,546388,28118,18,1,7200,1563.11111111
518252,546407,553620,28155,7213,1,7200,4.90336891723
518252,546448,546452,28196,4,1,7200,2820.0
518252,546400,546509,28148,109,1,7200,259.23853211
518253,546464,546465,28211,1,1,7200,2821.2
518253,546477,546774,28224,297,1,7200,96.0303030303
518253,546522,546616,28269,94,1,7200,301.734042553
518254,546628,546629,28374,1,1,7200,2837.5
518254,546642,547166,28388,524,1,7200,55.1755725191
518254,546676,546677,28422,1,1,7200,2842.3
518254,546653,546673,28399,20,1,7200,1420.95
518255,546707,547060,28452,353,1,7200,81.6005665722
518255,546692,546694,28437,2,1,7200,2843.9
518255,546685,546993,28430,308,1,7200,93.3051948052
518256,546806,546817,28550,11,1,7200,2596.45454545
518256,546829,546949,28573,120,1,7200,239.108333333
518256,546787,548096,28531,1309,1,7200,22.7960275019
518256,546718,546794,28462,76,1,7200,375.5
518257,546961,546962,28704,1,1,7200,2870.5
518258,547004,547081,28746,77,1,7200,374.324675325
518258,547012,547381,28754,369,1,7200,78.9241192412
518259,547114,554318,28855,7204,1,7200,5.00541365908
518259,547072,547102,28813,30,1,7200,961.433333333
518259,547094,547155,28835,61,1,7200,473.704918033
518260,547178,547180,28918,2,1,7200,2892.0
518260,547192,548507,28932,1315,1,7200,23.0015209125
518260,547167,547255,28907,88,1,7200,329.488636364
518260,547268,547272,29008,4,1,7200,2901.2
518261,547393,547395,29132,2,1,7200,2913.4
518261,547284,548383,29023,1099,1,7200,27.4085532302
518261,547407,548723,29146,1316,1,7200,23.1474164134
518262,547604,547669,29342,65,1,7200,452.415384615
518262,547587,547592,29325,5,1,7200,2933.0
518262,547682,547925,29420,243,1,7200,122.069958848
518262,547573,547574,29311,1,1,7200,2931.2
518942,525309,540519,6367,15210,5,16200,1.41860618014
519727,525058,537511,5331,12453,5,16200,1.42808961696
525058,527583,538458,2525,10875,5,16200,1.23218390805
525312,526069,539386,757,13317,5,16200,1.05684463468
526073,528735,540667,2662,11932,5,16200,1.2230975528
527589,530193,544826,2604,14633,5,16200,1.17795393973
528732,537523,552004,8791,14481,5,16200,1.60707133485
530196,538470,546133,8274,7663,5,16200,2.07973378572
532588,532594,561445,6,28851,16,28800,1.00020796506
532704,561452,590267,28748,28815,16,28800,1.99767482214
532715,590274,619104,57559,28830,16,28800,2.99649670482
537519,540530,552420,3011,11890,5,16200,1.25323801514
538467,539398,550582,931,11184,5,16200,1.08324391989
539402,540678,548554,1276,7876,5,16200,1.16201117318
540532,544837,551653,4305,6816,5,16200,1.63160211268
540676,548565,557715,7889,9150,5,16200,1.86218579235
544674,544681,544694,7,13,2,3600,1.53846153846
544696,544708,548338,12,3630,2,3600,1.00330578512
544836,546144,555949,1308,9805,5,16200,1.13340132585
546147,551664,559018,5517,7354,5,16200,1.75020397063
548012,548019,619927,7,71908,10,86400,1.00009734661
548569,550593,561031,2024,10438,5,16200,1.19390687871
550591,552016,559509,1425,7493,5,16200,1.190177499
551664,552431,566988,767,14557,5,16200,1.05268942777
552012,555961,567383,3949,11422,5,16200,1.34573629837
552431,557727,572490,5296,14763,5,16200,1.35873467452
553954,553961,580533,7,26572,24,32400,1.00026343519
554166,554178,554179,12,1,1,7200,1.3
554166,554173,554174,7,1,1,7200,1.0
554167,554196,554197,29,1,1,7200,3.0
554167,554191,554727,24,536,1,7200,1.0447761194
554168,554212,554213,44,1,1,7200,4.5
554168,554218,554219,50,1,1,7200,5.1
554168,554207,554208,39,1,1,7200,4.0
554169,554229,554230,60,1,1,7200,6.1
554169,554234,554306,65,72,1,7200,1.90277777778
554169,554240,554521,71,281,1,7200,1.25266903915
554170,554321,554337,151,16,1,7200,10.4375
554170,554256,554257,86,1,1,7200,8.7
554170,554251,554252,81,1,1,7200,8.2
554170,554245,554246,75,1,1,7200,7.6
554171,554326,554400,155,74,1,7200,3.09459459459
554171,554332,554473,161,141,1,7200,2.14184397163
554171,554337,554342,166,5,1,7200,17.1
554172,554348,554366,176,18,1,7200,10.7777777778
554172,554354,554355,182,1,1,7200,18.3
554173,554359,554360,186,1,1,7200,18.7
554173,554372,554429,199,57,1,7200,4.49122807018
554174,554383,555042,209,659,1,7200,1.31714719272
554174,554389,556607,215,2218,1,7200,1.09693417493
554174,554378,554911,204,533,1,7200,1.38273921201
554175,554407,554982,232,575,1,7200,1.40347826087
554175,554401,559974,226,5573,1,7200,1.04055266463
554175,554394,554407,219,13,1,7200,17.8461538462
554175,554412,554413,237,1,1,7200,23.8
554176,554430,554431,254,1,1,7200,25.5
554176,554418,555840,242,1422,1,7200,1.17018284107
554176,554425,554427,249,2,1,7200,25.1
554177,554436,556758,259,2322,1,7200,1.11154177433
554177,554443,554444,266,1,1,7200,26.7
554177,554448,554457,271,9,1,7200,28.0
554178,554454,554455,276,1,1,7200,27.7
554178,554461,554462,283,1,1,7200,28.4
554178,554475,554477,297,2,1,7200,29.9
554179,554480,559851,301,5371,1,7200,1.05604170546
554179,554487,554488,308,1,1,7200,30.9
554180,554498,554508,318,10,1,7200,32.8
554180,554492,554512,312,20,1,7200,16.6
554180,554519,554550,339,31,1,7200,11.935483871
554181,554531,554534,350,3,1,7200,35.3
554181,554526,554555,345,29,1,7200,12.8965517241
554181,554539,554624,358,85,1,7200,5.21176470588
554182,554573,554606,391,33,1,7200,12.8484848485
554182,554566,555142,384,576,1,7200,1.66666666667
554182,554546,554547,364,1,1,7200,36.5
554183,554596,554637,413,41,1,7200,11.0731707317
554183,554619,554621,436,2,1,7200,43.8
554183,554578,554584,395,6,1,7200,40.1
554184,554270,554275,86,5,1,7200,9.1
554184,554264,554265,80,1,1,7200,8.1
554185,554291,555615,106,1324,1,7200,1.08006042296
554185,554286,561503,101,7217,1,7200,1.01399473465
554185,554280,554290,95,10,1,7200,10.5
554186,554308,554320,122,12,1,7200,11.1666666667
554186,554302,554308,116,6,1,7200,12.2
554186,554297,554298,111,1,1,7200,11.2
554187,554640,555893,453,1253,1,7200,1.36153232243
554187,554647,554687,460,40,1,7200,12.5
554187,554313,554314,126,1,1,7200,12.7
554188,554706,554707,518,1,1,7200,51.9
554188,554699,554703,511,4,1,7200,51.5
554188,554686,554688,498,2,1,7200,50.0
554188,554654,554674,466,20,1,7200,24.3
554189,554715,555155,526,440,1,7200,2.19545454545
554190,554741,554743,551,2,1,7200,55.3
554190,554748,554749,558,1,1,7200,55.9
554190,554755,554757,565,2,1,7200,56.7
554191,554790,554791,599,1,1,7200,60.0
554191,554770,554803,579,33,1,7200,18.5454545455
554192,554830,554831,638,1,1,7200,63.9
554192,554803,555759,611,956,1,7200,1.63912133891
554192,554816,554818,624,2,1,7200,62.6
554193,554869,554957,676,88,1,7200,8.68181818182
554193,554856,554857,663,1,1,7200,66.4
554193,554924,554926,731,2,1,7200,73.3
554193,554843,554844,650,1,1,7200,65.1
554194,554978,557214,784,2236,1,7200,1.35062611807
554194,554970,555206,776,236,1,7200,4.28813559322
554194,554938,554965,744,27,1,7200,28.5555555556
554195,555048,555049,853,1,1,7200,85.4
554195,555024,555036,829,12,1,7200,70.0833333333
554195,554995,555012,800,17,1,7200,48.0588235294
554196,555062,555063,866,1,1,7200,86.7
554197,555076,556518,879,1442,1,7200,1.60957004161
554198,555167,556185,969,1018,1,7200,1.95186640472
554198,555108,556549,910,1441,1,7200,1.63150589868
554198,555155,555157,957,2,1,7200,95.9
554198,555174,555175,976,1,1,7200,97.7
554199,555218,555261,1019,43,1,7200,24.6976744186
554199,555200,555767,1001,567,1,7200,2.76543209877
554200,555273,555389,1073,116,1,7200,10.25
554200,555401,555403,1201,2,1,7200,120.3
554201,555607,555608,1406,1,1,7200,140.7
554201,555621,555637,1420,16,1,7200,89.75
554201,555441,555595,1240,154,1,7200,9.05194805195
554202,555628,555629,1426,1,1,7200,142.7
554202,555642,555671,1440,29,1,7200,50.6551724138
554203,555650,555664,1447,14,1,7200,104.357142857
554203,555683,555695,1480,12,1,7200,124.333333333
554203,555690,555696,1487,6,1,7200,149.3
554204,555721,557912,1517,2191,1,7200,1.69237790963
554204,555707,555709,1503,2,1,7200,150.5
554204,555714,556762,1510,1048,1,7200,2.44083969466
554205,555787,555814,1582,27,1,7200,59.5925925926
554205,555772,555775,1567,3,1,7200,157.0
554205,555780,555800,1575,20,1,7200,79.75
554206,555812,555814,1606,2,1,7200,160.8
554206,555826,555828,1620,2,1,7200,162.2
554206,555840,555841,1634,1,1,7200,163.5
554206,555831,556715,1625,884,1,7200,2.83823529412
554207,555852,555897,1645,45,1,7200,37.5555555556
554207,555857,555858,1650,1,1,7200,165.1
554208,555913,555915,1705,2,1,7200,170.7
554208,555906,555907,1698,1,1,7200,169.9
554208,555870,555871,1662,1,1,7200,166.3
554208,555883,555900,1675,17,1,7200,99.5294117647
554209,555919,556354,1710,435,1,7200,4.93103448276
554209,555931,556108,1722,177,1,7200,10.7288135593
554210,555938,556135,1728,197,1,7200,9.77157360406
554211,556212,556213,2001,1,1,7200,200.2
554211,556146,556720,1935,574,1,7200,4.37108013937
554211,556198,556200,1987,2,1,7200,198.9
554211,556153,563394,1942,7241,1,7200,1.26819500069
554212,556225,556226,2013,1,1,7200,201.4
554212,556238,556239,2026,1,1,7200,202.7
554212,556251,556254,2039,3,1,7200,204.2
554213,556266,556267,2053,1,1,7200,205.4
554213,556279,556280,2066,1,1,7200,206.7
554213,556292,556310,2079,18,1,7200,116.5
554214,556322,557235,2108,913,1,7200,3.30887185104
554214,556367,556432,2153,65,1,7200,34.1230769231
554214,556444,556533,2230,89,1,7200,26.0561797753
554215,556545,556546,2330,1,1,7200,233.1
554215,556565,556567,2350,2,1,7200,235.2
554215,556531,556753,2316,222,1,7200,11.4324324324
554216,556579,558136,2363,1557,1,7200,2.51766217084
554217,556620,556622,2403,2,1,7200,240.5
554217,556627,556757,2410,130,1,7200,19.5384615385
554218,556634,556636,2416,2,1,7200,241.8
554219,556727,556729,2508,2,1,7200,251.0
554219,556673,563911,2454,7238,1,7200,1.33904393479
554220,556755,559282,2535,2527,1,7200,2.00316580926
554220,556734,556735,2514,1,1,7200,251.5
554220,556748,557153,2528,405,1,7200,7.24197530864
554221,556765,556883,2544,118,1,7200,22.5593220339
554221,556785,556930,2564,145,1,7200,18.6827586207
554221,556772,556836,2551,64,1,7200,40.859375
554222,556792,557196,2570,404,1,7200,7.36138613861
554222,556895,556896,2673,1,1,7200,267.4
554222,556848,564072,2626,7224,1,7200,1.36351052049
554223,556942,557757,2719,815,1,7200,4.33619631902
554223,556909,559653,2686,2744,1,7200,1.97886297376
554223,557179,557186,2956,7,1,7200,296.3
554223,557165,557167,2942,2,1,7200,294.4
554224,557198,557199,2974,1,1,7200,297.5
554224,557208,557209,2984,1,1,7200,298.5
554225,557215,557237,2990,22,1,7200,136.909090909
554225,557229,557232,3004,3,1,7200,300.7
554226,557244,557342,3018,98,1,7200,31.7959183673
554226,557257,557258,3031,1,1,7200,303.2
554226,557251,557253,3025,2,1,7200,302.7
554227,557282,558350,3055,1068,1,7200,3.86048689139
554227,557269,557354,3042,85,1,7200,36.7882352941
554227,557275,558929,3048,1654,1,7200,2.84280532044
554227,557262,557263,3035,1,1,7200,303.6
554228,557381,557464,3153,83,1,7200,38.9879518072
554228,557366,557369,3138,3,1,7200,314.1
554228,557354,557384,3126,30,1,7200,105.2
554229,557442,563605,3213,6163,1,7200,1.5213370112
554229,557410,557430,3181,20,1,7200,160.05
554229,557396,557398,3167,2,1,7200,316.9
554230,557770,557783,3540,13,1,7200,273.307692308
554230,557506,558426,3276,920,1,7200,4.56086956522
554230,557477,557480,3247,3,1,7200,325.0
554231,557821,557941,3590,120,1,7200,30.9166666667
554231,557795,557796,3564,1,1,7200,356.5
554232,558148,558149,3916,1,1,7200,391.7
554232,557953,561151,3721,3198,1,7200,2.16353971232
554232,557924,557927,3692,3,1,7200,369.5
554232,557939,562885,3707,4946,1,7200,1.74949454104
554234,558197,558259,3963,62,1,7200,64.9193548387
554234,558318,558320,4084,2,1,7200,408.6
554234,558285,558305,4051,20,1,7200,203.55
554234,558272,558273,4038,1,1,7200,403.9
554235,558345,558367,4110,22,1,7200,187.818181818
554236,558363,558644,4127,281,1,7200,15.6868327402
554236,558379,558380,4143,1,1,7200,414.4
554237,558438,561609,4201,3171,1,7200,2.32481866919
554237,558656,558849,4419,193,1,7200,23.896373057
554237,558418,560611,4181,2193,1,7200,2.90652074783
554238,558861,558862,4623,1,1,7200,462.4
554238,559010,559236,4772,226,1,7200,22.1150442478
554238,558875,559511,4637,636,1,7200,8.29088050314
554238,558941,558997,4703,56,1,7200,84.9821428571
554239,559276,559560,5037,284,1,7200,18.735915493
554239,559262,559263,5023,1,1,7200,502.4
554239,559248,559250,5009,2,1,7200,501.1
554240,559294,559299,5054,5,1,7200,505.9
554240,559311,559400,5071,89,1,7200,57.9775280899
554241,559528,559533,5287,5,1,7200,529.2
554241,559425,559428,5184,3,1,7200,518.7
554241,559440,559721,5199,281,1,7200,19.5017793594
554241,559412,559413,5171,1,1,7200,517.2
554242,559572,561352,5330,1780,1,7200,3.99438202247
554242,559546,559753,5304,207,1,7200,26.6231884058
554242,559665,559668,5423,3,1,7200,542.6
554243,559706,559835,5463,129,1,7200,43.3488372093
554243,559680,559681,5437,1,1,7200,543.8
554244,559733,559735,5489,2,1,7200,549.1
554245,559786,559788,5541,2,1,7200,554.3
554245,559766,560699,5521,933,1,7200,6.91747052519
554246,559813,559815,5567,2,1,7200,556.9
554246,559827,560016,5581,189,1,7200,30.5291005291
554247,559918,559920,5671,2,1,7200,567.3
554247,559881,559905,5634,24,1,7200,235.75
554247,559864,559868,5617,4,1,7200,562.1
554247,559847,560003,5600,156,1,7200,36.8974358974
554248,559945,560062,5697,117,1,7200,49.6923076923
554248,559987,559997,5739,10,1,7200,574.9
554249,560028,560551,5779,523,1,7200,12.0497131931
554249,560035,560565,5786,530,1,7200,11.9169811321
554249,560009,560023,5760,14,1,7200,412.428571429
554249,560016,560019,5767,3,1,7200,577.0
554250,560040,560041,5790,1,1,7200,579.1
554250,560053,560272,5803,219,1,7200,27.497716895
554250,560074,560083,5824,9,1,7200,583.3
554251,560108,560444,5857,336,1,7200,18.431547619
554251,560095,560096,5844,1,1,7200,584.5
554252,560285,560286,6033,1,1,7200,603.4
554252,560457,560554,6205,97,1,7200,64.9690721649
554252,560563,560564,6311,1,1,7200,631.2
554252,560299,560585,6047,286,1,7200,22.1433566434
554253,560582,560590,6329,8,1,7200,633.7
554253,560570,560571,6317,1,1,7200,631.8
554254,560607,560623,6353,16,1,7200,398.0625
554254,560594,560595,6340,1,1,7200,634.1
554254,560601,560604,6347,3,1,7200,635.0
554255,560619,560722,6364,103,1,7200,62.786407767
554255,560614,560617,6359,3,1,7200,636.2
554255,560626,560649,6371,23,1,7200,278.0
554256,560643,560843,6387,200,1,7200,32.935
554256,560638,560639,6382,1,1,7200,638.3
554256,560631,560695,6375,64,1,7200,100.609375
554257,560680,560727,6423,47,1,7200,137.659574468
554257,560661,560668,6404,7,1,7200,641.1
554257,560671,560672,6414,1,1,7200,641.5
554257,560651,560658,6394,7,1,7200,640.1
554258,560714,560715,6456,1,1,7200,645.7
554258,560707,560712,6449,5,1,7200,645.4
554258,560687,567897,6429,7210,1,7200,1.89167822469
554259,560724,561287,6465,563,1,7200,12.4831261101
554259,560731,567960,6472,7229,1,7200,1.89528288837
554260,560738,563084,6478,2346,1,7200,3.76129582268
554260,560856,560963,6596,107,1,7200,62.6448598131
554260,560775,564780,6515,4005,1,7200,2.62671660424
554260,560745,560763,6485,18,1,7200,361.277777778
554261,560975,560978,6714,3,1,7200,671.7
554261,561003,561574,6742,571,1,7200,12.8073555166
554262,561163,561168,6901,5,1,7200,690.6
554262,561180,561198,6918,18,1,7200,385.333333333
554262,561210,561213,6948,3,1,7200,695.1
554262,561226,561257,6964,31,1,7200,225.64516129
554263,561299,561301,7036,2,1,7200,703.8
554263,561284,561297,7021,13,1,7200,541.076923077
554263,561270,561272,7007,2,1,7200,700.9
554264,561317,562239,7053,922,1,7200,8.64967462039
554264,561310,561315,7046,5,1,7200,705.1
554265,561364,561625,7099,261,1,7200,28.1992337165
554265,561327,562237,7062,910,1,7200,8.76043956044
554265,561515,565572,7250,4057,1,7200,2.78703475474
554266,561638,562491,7372,853,1,7200,9.64243845252
554266,561621,562109,7355,488,1,7200,16.0717213115
554266,561586,561699,7320,113,1,7200,65.7787610619
554266,561711,561712,7445,1,1,7200,744.6
554267,561961,561963,7694,2,1,7200,769.6
554267,561738,561949,7471,211,1,7200,36.4075829384
554267,561725,561726,7458,1,1,7200,745.9
554269,562121,562122,7852,1,1,7200,785.3
554269,562026,562436,7757,410,1,7200,19.9195121951
554271,562182,562186,7911,4,1,7200,791.5
554271,562198,562296,7927,98,1,7200,81.887755102
554271,562259,562264,7988,5,1,7200,799.3
554271,562249,562255,7978,6,1,7200,798.4
554272,562267,562466,7995,199,1,7200,41.175879397
554272,562309,566854,8037,4545,1,7200,2.76831683168
554272,562277,566844,8005,4567,1,7200,2.75279176702
554273,562463,569678,8190,7215,1,7200,2.13513513514
554273,562478,562853,8205,375,1,7200,22.88
554273,562503,562683,8230,180,1,7200,46.7222222222
554273,562449,562451,8176,2,1,7200,817.8
554274,562695,562701,8421,6,1,7200,842.7
554274,562760,563041,8486,281,1,7200,31.1992882562
554274,562727,562748,8453,21,1,7200,403.523809524
554275,562865,562869,8590,4,1,7200,859.4
554276,563068,563406,8792,338,1,7200,27.0118343195
554276,562894,563181,8618,287,1,7200,31.0278745645
554276,562901,563069,8625,168,1,7200,52.3392857143
554276,563054,563056,8778,2,1,7200,878.0
554277,563122,570348,8845,7226,1,7200,2.22405203432
554277,563082,563141,8805,59,1,7200,150.237288136
554277,563096,563110,8819,14,1,7200,630.928571429
554278,563154,564470,8876,1316,1,7200,7.74468085106
554278,563193,563195,8915,2,1,7200,891.7
554278,563207,563354,8929,147,1,7200,61.7414965986
554278,563367,563378,9089,11,1,7200,827.272727273
554279,563423,563546,9144,123,1,7200,75.3414634146
554279,563390,563403,9111,13,1,7200,701.846153846
554279,563416,563441,9137,25,1,7200,366.48
554279,563406,564410,9127,1004,1,7200,10.0906374502
554280,563558,563559,9278,1,1,7200,927.9
554280,563572,563573,9292,1,1,7200,929.3
554280,563454,570681,9174,7227,1,7200,2.26940639269
554281,563598,563934,9317,336,1,7200,28.7291666667
554281,563618,563637,9337,19,1,7200,492.421052632
554282,563757,563759,9475,2,1,7200,947.7
554282,563649,563705,9367,56,1,7200,168.267857143
554282,563717,563731,9435,14,1,7200,674.928571429
554282,563744,563745,9462,1,1,7200,946.3
554283,563947,563956,9664,9,1,7200,967.3
554283,563771,563964,9488,193,1,7200,50.1606217617
554283,563923,564126,9640,203,1,7200,48.4876847291
554284,563968,564038,9684,70,1,7200,139.342857143
554284,564084,564086,9800,2,1,7200,980.2
554284,564051,564190,9767,139,1,7200,71.2661870504
554284,563977,564466,9693,489,1,7200,20.8220858896
554285,564098,564735,9813,637,1,7200,16.4050235479
554285,564152,564696,9867,544,1,7200,19.1378676471
554285,564139,564140,9854,1,1,7200,985.5
554286,564396,564472,10110,76,1,7200,134.026315789
554286,564203,564384,9917,181,1,7200,55.7900552486
554287,564479,564755,10192,276,1,7200,37.9275362319
554287,564458,566040,10171,1582,1,7200,7.42920353982
554287,564422,564445,10135,23,1,7200,441.652173913
554288,564491,565706,10203,1215,1,7200,9.3975308642
554288,564498,564525,10210,27,1,7200,379.148148148
554289,564551,564552,10262,1,1,7200,1026.3
554289,564564,564566,10275,2,1,7200,1027.7
554289,564577,565202,10288,625,1,7200,17.4608
554289,564537,564539,10248,2,1,7200,1025.0
554290,564747,564762,10457,15,1,7200,698.133333333
554290,564722,564917,10432,195,1,7200,54.4974358974
554290,564709,564710,10419,1,1,7200,1042.0
554291,564768,564769,10477,1,1,7200,1047.8
554291,564775,564776,10484,1,1,7200,1048.5
554291,564782,564783,10491,1,1,7200,1049.2
554291,564789,571993,10498,7204,1,7200,2.45724597446
554292,564796,564797,10504,1,1,7200,1050.5
554292,564801,564869,10509,68,1,7200,155.544117647
554293,564849,564900,10556,51,1,7200,207.980392157
554293,564810,564811,10517,1,1,7200,1051.8
554293,564836,564837,10543,1,1,7200,1054.4
554294,564909,564924,10615,15,1,7200,708.666666667
554294,564881,564885,10587,4,1,7200,1059.1
554295,564929,564930,10634,1,1,7200,1063.5
554295,564936,566031,10641,1095,1,7200,10.7178082192
554295,564916,572152,10621,7236,1,7200,2.46779988944
554296,564943,564946,10647,3,1,7200,1065.0
554296,564958,564966,10662,8,1,7200,1067.0
554296,564979,564981,10683,2,1,7200,1068.5
554297,565006,565007,10709,1,1,7200,1071.0
554297,565019,565078,10722,59,1,7200,182.728813559
554298,565214,565215,10916,1,1,7200,1091.7
554298,565090,565326,10792,236,1,7200,46.7288135593
554299,565275,565279,10976,4,1,7200,1098.0
554300,565292,565293,10992,1,1,7200,1099.3
554300,565338,565339,11038,1,1,7200,1103.9
554300,565305,565364,11005,59,1,7200,187.525423729
554301,565376,565601,11075,225,1,7200,50.2222222222
554301,565383,565423,11082,40,1,7200,278.05
554301,565352,565354,11051,2,1,7200,1105.3
554302,565436,565442,11134,6,1,7200,1114.0
554303,565585,565588,11282,3,1,7200,1128.5
554303,565493,565606,11190,113,1,7200,100.026548673
554304,565613,565615,11309,2,1,7200,1131.1
554304,565600,565638,11296,38,1,7200,298.263157895
554304,565627,565656,11323,29,1,7200,391.448275862
554304,565620,565712,11316,92,1,7200,124.0
554305,565672,565734,11367,62,1,7200,184.338709677
554305,565651,565653,11346,2,1,7200,1134.8
554305,565665,565667,11360,2,1,7200,1136.2
554306,565679,565943,11373,264,1,7200,44.0795454545
554306,565733,565735,11427,2,1,7200,1142.9
554306,565725,570380,11419,4655,1,7200,3.45306122449
554306,565718,565721,11412,3,1,7200,1141.5
554307,565746,565752,11439,6,1,7200,1144.5
554307,565751,565752,11444,1,1,7200,1144.5
554307,565764,565766,11457,2,1,7200,1145.9
554308,569029,569529,14721,500,1,7200,30.442
554308,568620,568621,14312,1,1,7200,1431.3
554309,569554,569644,15245,90,1,7200,170.388888889
554309,569541,569542,15232,1,1,7200,1523.3
554309,569711,569712,15402,1,1,7200,1540.3
554310,570270,570271,15960,1,1,7200,1596.1
554310,569718,572569,15408,2851,1,7200,6.40441950193
554312,570635,576089,16323,5454,1,7200,3.99284928493
554312,570597,570644,16285,47,1,7200,347.489361702
554312,570680,570702,16368,22,1,7200,745.0
554313,570699,571438,16386,739,1,7200,23.1732070365
554313,570706,570932,16393,226,1,7200,73.5353982301
554313,570694,570703,16381,9,1,7200,1639.0
554313,570687,570688,16374,1,1,7200,1637.5
554314,565769,566202,11455,433,1,7200,27.454965358
554314,565778,566091,11464,313,1,7200,37.6261980831
554314,565955,569232,11641,3277,1,7200,4.55233445224
554315,566103,566114,11788,11,1,7200,1072.63636364
554315,566052,566353,11737,301,1,7200,39.9933554817
554315,566043,566094,11728,51,1,7200,230.960784314
554315,566110,569838,11795,3728,1,7200,4.16389484979
554316,566126,566127,11810,1,1,7200,1181.1
554316,566139,566152,11823,13,1,7200,910.461538462
554317,566165,566167,11848,2,1,7200,1185.0
554317,566179,566190,11862,11,1,7200,1079.36363636
554317,566203,573418,11886,7215,1,7200,2.6474012474
554317,566214,567210,11897,996,1,7200,12.9447791165
554318,566366,566368,12048,2,1,7200,1205.0
554318,566380,566404,12062,24,1,7200,503.583333333
554318,566416,566817,12098,401,1,7200,31.1695760599
554319,566875,566895,12556,20,1,7200,628.8
554319,566856,566857,12537,1,1,7200,1253.8
554319,566870,566872,12551,2,1,7200,1255.3
554319,566829,566966,12510,137,1,7200,92.3138686131
554320,566915,567002,12595,87,1,7200,145.770114943
554320,566908,568316,12588,1408,1,7200,9.94034090909
554320,566896,566898,12576,2,1,7200,1257.8
554321,567015,567016,12694,1,1,7200,1269.5
554321,566977,567421,12656,444,1,7200,29.5045045045
554322,567359,567360,13037,1,1,7200,1303.8
554322,567222,567339,12900,117,1,7200,111.256410256
554322,567029,567343,12707,314,1,7200,41.4681528662
554322,567352,567356,13030,4,1,7200,1303.4
554323,567433,567435,13110,2,1,7200,1311.2
554323,567376,567681,13053,305,1,7200,43.7967213115
554323,567383,569244,13060,1861,1,7200,8.01773240193
554324,567460,567461,13136,1,1,7200,1313.7
554324,567473,567476,13149,3,1,7200,1315.2
554325,567488,567490,13163,2,1,7200,1316.5
554325,567694,567695,13369,1,1,7200,1337.0
554325,567708,567775,13383,67,1,7200,200.746268657
554325,567502,568607,13177,1105,1,7200,12.9248868778
554326,567872,567874,13546,2,1,7200,1354.8
554326,567788,567790,13462,2,1,7200,1346.4
554326,567858,567859,13532,1,1,7200,1353.3
554326,567802,567845,13476,43,1,7200,314.395348837
554327,567886,567902,13559,16,1,7200,848.4375
554327,567909,567910,13582,1,1,7200,1358.3
554328,567923,568005,13595,82,1,7200,166.792682927
554328,568017,568019,13689,2,1,7200,1369.1
554328,567973,568029,13645,56,1,7200,244.660714286
554328,567916,568167,13588,251,1,7200,55.1354581673
554329,568041,568043,13712,2,1,7200,1371.4
554329,568048,568052,13719,4,1,7200,1372.3
554329,568031,568035,13702,4,1,7200,1370.6
554330,568078,568178,13748,100,1,7200,138.48
554331,568180,568187,13849,7,1,7200,1385.6
554331,568191,568206,13860,15,1,7200,925.0
554331,568085,570577,13754,2492,1,7200,6.51926163724
554332,568199,568210,13867,11,1,7200,1261.63636364
554332,568218,568220,13886,2,1,7200,1388.8
554333,568225,568226,13892,1,1,7200,1389.3
554333,568239,568757,13906,518,1,7200,27.8455598456
554333,568245,568246,13912,1,1,7200,1391.3
554334,568310,568358,13976,48,1,7200,292.166666667
554334,568328,568329,13994,1,1,7200,1399.5
554334,568259,568297,13925,38,1,7200,367.447368421
554335,568370,568373,14035,3,1,7200,1403.8
554335,568341,571270,14006,2929,1,7200,5.78183680437
554336,568421,568508,14085,87,1,7200,162.896551724
554336,568519,568521,14183,2,1,7200,1418.5
554337,568533,568846,14196,313,1,7200,46.3546325879
554339,568720,568744,14381,24,1,7200,600.208333333
554339,568693,568707,14354,14,1,7200,1026.28571429
554339,568756,568757,14417,1,1,7200,1441.8
554339,568769,568770,14430,1,1,7200,1443.1
554340,568859,576096,14519,7237,1,7200,3.00621804615
554340,568774,569543,14434,769,1,7200,19.7698309493
554340,568782,569016,14442,234,1,7200,62.7179487179
554341,569244,569245,14903,1,1,7200,1490.4
554341,569256,569340,14915,84,1,7200,178.55952381
554342,569353,569383,15011,30,1,7200,501.366666667
554342,569276,569404,14934,128,1,7200,117.671875
554342,569395,569431,15053,36,1,7200,419.138888889
554343,569443,569444,15100,1,1,7200,1510.1
554343,569416,569479,15073,63,1,7200,240.253968254
554343,569457,570200,15114,743,1,7200,21.3418573351
554344,569573,576776,15229,7203,1,7200,3.11425794808
554344,569560,569561,15216,1,1,7200,1521.7
554344,569492,569793,15148,301,1,7200,51.3255813953
554345,569657,569676,15312,19,1,7200,806.894736842
554345,569689,569692,15344,3,1,7200,1534.7
554345,569696,569697,15351,1,1,7200,1535.2
554346,569763,569912,15417,149,1,7200,104.469798658
554346,569806,569807,15460,1,1,7200,1546.1
554347,569852,569853,15505,1,1,7200,1550.6
554347,569845,569866,15498,21,1,7200,739.0
554348,569883,569884,15535,1,1,7200,1553.6
554348,569878,569894,15530,16,1,7200,971.625
554348,569897,573158,15549,3261,1,7200,5.76816927323
554349,569925,570166,15576,241,1,7200,65.6307053942
554349,570178,570179,15829,1,1,7200,1583.0
554349,569906,570330,15557,424,1,7200,37.6910377358
554350,570191,570244,15841,53,1,7200,299.886792453
554350,570256,570258,15906,2,1,7200,1590.8
554350,570212,570340,15862,128,1,7200,124.921875
554351,570334,570572,15983,238,1,7200,68.1554621849
554351,570352,570353,16001,1,1,7200,1600.2
554351,570342,570424,15991,82,1,7200,196.012195122
554352,570367,570368,16015,1,1,7200,1601.6
554352,570360,570530,16008,170,1,7200,95.1647058824
554353,570405,570505,16052,100,1,7200,161.52
554353,570397,570968,16044,571,1,7200,29.0980735552
554354,570437,570550,16083,113,1,7200,143.327433628
554354,570517,570584,16163,67,1,7200,242.23880597
554355,570577,570599,16222,22,1,7200,738.363636364
554355,570585,570590,16230,5,1,7200,1623.5
554355,570542,570578,16187,36,1,7200,450.638888889
554355,570563,570564,16208,1,1,7200,1620.9
554356,570604,570605,16248,1,1,7200,1624.9
554356,570609,570619,16253,10,1,7200,1626.3
554356,570592,570602,16236,10,1,7200,1624.6
554357,570617,570661,16260,44,1,7200,370.545454545
554357,570628,577863,16271,7235,1,7200,3.24892881824
554357,570640,570676,16283,36,1,7200,453.305555556
554358,570656,570664,16298,8,1,7200,1630.6
554358,570673,570674,16315,1,1,7200,1631.6
554358,570714,571333,16356,619,1,7200,27.4232633279
554359,570804,571115,16445,311,1,7200,53.8778135048
554359,570721,570722,16362,1,1,7200,1636.3
554359,570734,570746,16375,12,1,7200,1365.58333333
554359,570758,570791,16399,33,1,7200,497.939393939
554360,570980,570981,16620,1,1,7200,1662.1
554360,570994,571101,16634,107,1,7200,156.457943925
554360,570944,571048,16584,104,1,7200,160.461538462
554361,571060,571685,16699,625,1,7200,27.7184
554361,571127,571128,16766,1,1,7200,1676.7
554361,571282,571284,16921,2,1,7200,1692.3
554362,571113,571841,16751,728,1,7200,24.0096153846
554362,571153,578387,16791,7234,1,7200,3.32112247719
554363,571322,571335,16959,13,1,7200,1305.53846154
554363,571345,571349,16982,4,1,7200,1698.6
554364,571450,571453,17086,3,1,7200,1708.9
554364,571361,571735,16997,374,1,7200,46.4465240642
554364,571352,571450,16988,98,1,7200,174.346938776
554365,571470,571540,17105,70,1,7200,245.357142857
554365,571491,571493,17126,2,1,7200,1712.8
554365,571651,572169,17286,518,1,7200,34.3706563707
554365,571463,571479,17098,16,1,7200,1069.625
554366,571593,571638,17227,45,1,7200,383.822222222
554366,571747,571777,17381,30,1,7200,580.366666667
554366,571505,571581,17139,76,1,7200,226.513157895
554366,571552,571747,17186,195,1,7200,89.1333333333
554367,571710,571950,17343,240,1,7200,73.2625
554367,571697,571698,17330,1,1,7200,1733.1
554368,571789,571790,17421,1,1,7200,1742.2
554368,571773,572076,17405,303,1,7200,58.4422442244
554368,571803,579013,17435,7210,1,7200,3.41816920943
554368,571760,571761,17392,1,1,7200,1739.3
554369,571853,571856,17484,3,1,7200,1748.7
554369,572005,572006,17636,1,1,7200,1763.7
554369,571868,572289,17499,421,1,7200,42.5653206651
554369,571963,572520,17594,557,1,7200,32.5870736086
554370,572050,572051,17680,1,1,7200,1768.1
554370,572076,572080,17706,4,1,7200,1771.0
554370,572019,572038,17649,19,1,7200,929.894736842
554371,572164,572181,17793,17,1,7200,1047.64705882
554371,572088,572163,17717,75,1,7200,237.226666667
554371,572095,572197,17724,102,1,7200,174.764705882
554372,572182,572183,17810,1,1,7200,1781.1
554372,572194,572195,17822,1,1,7200,1782.3
554372,572175,572968,17803,793,1,7200,23.4501891551
554373,572234,572343,17861,109,1,7200,164.862385321
554373,572201,572202,17828,1,1,7200,1782.9
554373,572208,572222,17835,14,1,7200,1274.92857143
554374,572220,572222,17846,2,1,7200,1784.8
554374,572239,572267,17865,28,1,7200,639.035714286
554374,572215,572993,17841,778,1,7200,23.9318766067
554374,572279,572686,17905,407,1,7200,44.9926289926
554375,572329,572566,17954,237,1,7200,76.7552742616
554375,572302,572304,17927,2,1,7200,1792.9
554375,572316,572317,17941,1,1,7200,1794.2
554376,572381,572666,18005,285,1,7200,64.1754385965
554376,572355,572356,17979,1,1,7200,1798.0
554377,572558,572563,18181,5,1,7200,1818.6
554377,572532,572533,18155,1,1,7200,1815.6
554378,572575,575137,18197,2562,1,7200,8.10265417642
554378,572582,572583,18204,1,1,7200,1820.5
554378,572587,572588,18209,1,1,7200,1821.0
554379,572609,572645,18230,36,1,7200,507.388888889
554379,572602,579810,18223,7208,1,7200,3.52816315205
554380,572657,572658,18277,1,1,7200,1827.8
554380,572678,572679,18298,1,1,7200,1829.9
554380,572699,572769,18319,70,1,7200,262.7
554381,572685,572756,18304,71,1,7200,258.802816901
554381,572706,572725,18325,19,1,7200,965.473684211
554382,572771,572841,18389,70,1,7200,263.7
554382,572737,572739,18355,2,1,7200,1835.7
554383,572778,572780,18395,2,1,7200,1839.7
554383,572793,572797,18410,4,1,7200,1841.4
554383,572785,573098,18402,313,1,7200,59.7923322684
554384,572809,572810,18425,1,1,7200,1842.6
554385,572853,572854,18468,1,1,7200,1846.9
554385,572867,572935,18482,68,1,7200,272.794117647
554385,572846,573244,18461,398,1,7200,47.3844221106
554386,572947,572948,18561,1,1,7200,1856.2
554386,572961,572965,18575,4,1,7200,1857.9
554387,573006,573007,18619,1,1,7200,1862.0
554387,572984,573615,18597,631,1,7200,30.4722662441
554387,572991,573039,18604,48,1,7200,388.583333333
554388,573020,573033,18632,13,1,7200,1434.23076923
554388,573046,573047,18658,1,1,7200,1865.9
554388,573053,573057,18665,4,1,7200,1866.9
554389,573082,573090,18693,8,1,7200,1870.1
554389,573060,580284,18671,7224,1,7200,3.58457918051
554390,573131,573774,18741,643,1,7200,30.1461897356
554390,573124,573129,18734,5,1,7200,1873.9
554390,573102,573115,18712,13,1,7200,1440.38461538
554390,573110,573111,18720,1,1,7200,1872.1
554391,573155,574703,18764,1548,1,7200,13.1214470284
554391,573142,573143,18751,1,1,7200,1875.2
554391,573170,573173,18779,3,1,7200,1878.2
554392,573199,573425,18807,226,1,7200,84.2168141593
554392,573256,573257,18864,1,1,7200,1886.5
554393,573327,573402,18934,75,1,7200,253.453333333
554393,573289,573314,18896,25,1,7200,756.84
554393,573270,573277,18877,7,1,7200,1888.4
554394,573415,573465,19021,50,1,7200,381.42
554394,573436,573438,19042,2,1,7200,1904.4
554394,573430,573491,19036,61,1,7200,313.06557377
554395,573475,580715,19080,7240,1,7200,3.63535911602
554395,573482,573483,19087,1,1,7200,1908.8
554396,573516,573825,19120,309,1,7200,62.8770226537
554396,573495,580715,19099,7220,1,7200,3.64529085873
554396,573503,573504,19107,1,1,7200,1910.8
554397,573787,573978,19390,191,1,7200,102.518324607
554397,573628,575414,19231,1786,1,7200,11.7676371781
554397,573837,573838,19440,1,1,7200,1944.1
554398,573863,573867,19465,4,1,7200,1946.9
554399,573917,573999,19518,82,1,7200,239.024390244
554400,574040,574041,19640,1,1,7200,1964.1
554400,573990,574256,19590,266,1,7200,74.6466165414
554400,574011,574027,19611,16,1,7200,1226.6875
554401,574173,574174,19772,1,1,7200,1977.3
554401,574065,574160,19664,95,1,7200,207.989473684
554402,574186,574187,19784,1,1,7200,1978.5
554403,574227,574232,19824,5,1,7200,1982.9
554403,574244,574245,19841,1,1,7200,1984.2
554403,574211,574215,19808,4,1,7200,1981.2
554404,574268,574312,19864,44,1,7200,452.454545455
554404,574284,574285,19880,1,1,7200,1988.1
554404,574257,574272,19853,15,1,7200,1324.53333333
554406,574342,581565,19936,7223,1,7200,3.76007199225
554406,574324,574330,19918,6,1,7200,1992.4
554406,574329,577769,19923,3440,1,7200,6.79156976744
554407,574715,574733,20308,18,1,7200,1129.22222222
554407,574745,574763,20338,18,1,7200,1130.88888889
554408,574826,574827,20418,1,1,7200,2041.9
554408,574812,574814,20404,2,1,7200,2040.6
554408,574775,574799,20367,24,1,7200,849.625
554409,575150,575153,20741,3,1,7200,2074.4
554409,574852,576239,20443,1387,1,7200,15.7390050469
554410,575202,575232,20792,30,1,7200,694.066666667
554410,575244,575246,20834,2,1,7200,2083.6
554411,575258,575276,20847,18,1,7200,1159.16666667
554411,575289,575290,20878,1,1,7200,2087.9
554411,575303,575417,20892,114,1,7200,184.263157895
554412,575434,577046,21022,1612,1,7200,14.040942928
554412,575454,576009,21042,555,1,7200,38.9135135135
554412,575427,575429,21015,2,1,7200,2101.7
554413,576102,576572,21689,470,1,7200,47.1468085106
554413,576022,576139,21609,117,1,7200,185.692307692
554414,576167,577740,21753,1573,1,7200,14.8289891926
554414,576151,576155,21737,4,1,7200,2174.1
554414,576109,583342,21695,7233,1,7200,3.99944697912
554414,576252,576255,21838,3,1,7200,2184.1
554415,576584,576612,22169,28,1,7200,792.75
554415,576279,578825,21864,2546,1,7200,9.58758837392
554415,576624,578371,22209,1747,1,7200,13.7126502576
554416,576840,576841,22424,1,1,7200,2242.5
554416,576788,576828,22372,40,1,7200,560.3
554416,576853,577916,22437,1063,1,7200,22.10724365
554417,577057,577172,22640,115,1,7200,197.869565217
554417,577752,577755,23335,3,1,7200,2333.8
554417,577185,577788,22768,603,1,7200,38.7578772803
554418,577779,577793,23361,14,1,7200,1669.64285714
554418,577786,584995,23368,7209,1,7200,4.24150367596
554418,577800,578015,23382,215,1,7200,109.753488372
554419,577833,578220,23414,387,1,7200,61.5012919897
554420,577875,578467,23455,592,1,7200,40.6199324324
554420,577947,579262,23527,1315,1,7200,18.8912547529
554420,577928,577935,23508,7,1,7200,2351.5
554421,578042,578044,23621,2,1,7200,2362.3
554421,578057,579022,23636,965,1,7200,25.4932642487
554421,578028,578030,23607,2,1,7200,2360.9
554422,578232,578694,23810,462,1,7200,52.5367965368
554422,578383,578385,23961,2,1,7200,2396.3
554422,578398,578446,23976,48,1,7200,500.5
554423,578459,578462,24036,3,1,7200,2403.9
554423,578474,578549,24051,75,1,7200,321.68
554423,578405,585632,23982,7227,1,7200,4.31838937318
554424,578706,579746,24282,1040,1,7200,24.3480769231
554424,578794,578795,24370,1,1,7200,2437.1
554424,578561,579075,24137,514,1,7200,47.9591439689
554424,578481,578781,24057,300,1,7200,81.19
554425,578807,578819,24382,12,1,7200,2032.83333333
554425,578831,578832,24406,1,1,7200,2440.7
554426,578838,581930,24412,3092,1,7200,8.89521345408
554426,578963,578967,24537,4,1,7200,2454.1
554426,578845,578951,24419,106,1,7200,231.367924528
554427,578991,579057,24564,66,1,7200,373.181818182
554427,579034,579035,24607,1,1,7200,2460.8
554427,579025,579028,24598,3,1,7200,2460.1
554428,579060,579215,24632,155,1,7200,159.916129032
554428,579041,579389,24613,348,1,7200,71.7270114943
554429,579088,579378,24659,290,1,7200,86.0310344828
554429,579070,579082,24641,12,1,7200,2054.41666667
554429,579094,579095,24665,1,1,7200,2466.6
554429,579107,579276,24678,169,1,7200,147.023668639
554430,579227,586467,24797,7240,1,7200,4.425
554430,579275,579431,24845,156,1,7200,160.262820513
554430,579289,579369,24859,80,1,7200,311.7375
554431,579382,579455,24951,73,1,7200,342.794520548
554431,579390,579391,24959,1,1,7200,2496.0
554432,579443,579513,25011,70,1,7200,358.3
554432,579467,579469,25035,2,1,7200,2503.7
554432,579408,584282,24976,4874,1,7200,6.12433319655
554432,579401,581484,24969,2083,1,7200,12.9870379261
554433,579480,579498,25047,18,1,7200,1392.5
554433,579524,579526,25091,2,1,7200,2509.3
554433,579510,579534,25077,24,1,7200,1045.875
554434,579538,579583,25104,45,1,7200,558.866666667
554434,579547,580348,25113,801,1,7200,32.3520599251
554434,579595,579598,25161,3,1,7200,2516.4
554435,579610,580075,25175,465,1,7200,55.1397849462
554435,579759,579761,25324,2,1,7200,2532.6
554435,579785,587025,25350,7240,1,7200,4.50138121547
554436,580087,580089,25651,2,1,7200,2565.3
554436,579823,579988,25387,165,1,7200,154.860606061
554436,580000,580205,25564,205,1,7200,125.702439024
554437,580114,580117,25677,3,1,7200,2568.0
554437,580129,580130,25692,1,1,7200,2569.3
554438,580218,587464,25780,7246,1,7200,4.5578250069
554438,580177,580310,25739,133,1,7200,194.526315789
554438,580142,580165,25704,23,1,7200,1118.56521739
554439,580312,580313,25873,1,1,7200,2587.4
554439,580295,580300,25856,5,1,7200,2586.1
554439,580322,580672,25883,350,1,7200,74.9514285714
554440,580374,581008,25934,634,1,7200,41.905362776
554440,580360,580362,25920,2,1,7200,2592.2
554440,580329,580445,25889,116,1,7200,224.181034483
554440,580456,580481,26016,25,1,7200,1041.64
554441,580493,580495,26052,2,1,7200,2605.4
554441,580685,580687,26244,2,1,7200,2624.6
554441,580507,580856,26066,349,1,7200,75.6876790831
554442,580732,582260,26290,1528,1,7200,18.2054973822
554442,580834,580847,26392,13,1,7200,2031.15384615
554442,580727,580821,26285,94,1,7200,280.627659574
554442,580700,581078,26258,378,1,7200,70.4656084656
554443,580869,580878,26426,9,1,7200,2643.5
554443,580859,580974,26416,115,1,7200,230.704347826
554444,580907,582082,26463,1175,1,7200,23.5217021277
554444,580890,580896,26446,6,1,7200,2645.2
554444,580987,580988,26543,1,1,7200,2654.4
554445,581020,581051,26575,31,1,7200,858.258064516
554445,581026,581027,26581,1,1,7200,2658.2
554446,581063,581064,26617,1,1,7200,2661.8
554446,581051,581124,26605,73,1,7200,365.452054795
554447,581090,581094,26643,4,1,7200,2664.7
554447,581137,581138,26690,1,1,7200,2669.1
554447,581077,582653,26630,1576,1,7200,17.8972081218
554447,581106,582402,26659,1296,1,7200,21.5702160494
554448,581151,582730,26703,1579,1,7200,17.9113362888
554448,581497,581498,27049,1,1,7200,2705.0
554448,581511,581518,27063,7,1,7200,2707.0
554449,581577,581883,27128,306,1,7200,89.6535947712
554449,581530,581610,27081,80,1,7200,339.5125
555963,561042,568532,5079,7490,5,16200,1.67810413885
557731,559029,566269,1298,7240,5,16200,1.17928176796
559035,559520,573228,485,13708,5,16200,1.03538079953
559522,566280,573216,6758,6936,5,16200,1.97433679354
561043,566999,574350,5956,7351,5,16200,1.81022990069
566276,567396,581946,1120,14550,5,16200,1.07697594502
566309,566316,569571,7,3255,20,10799,1.00215053763
566347,566354,569102,7,2748,20,10799,1.00254730713
566387,566393,568741,6,2348,20,10799,1.00255536627
566536,566543,652945,7,86402,20,86399,1.00008101664
566618,566626,607620,8,40994,20,82799,1.00019515051
566722,566728,585747,6,19019,20,86399,1.000315474
567005,568543,578598,1538,10055,5,16200,1.152958727
567400,572502,585187,5102,12685,5,16200,1.40220733149
567473,567480,652284,7,84804,4,86400,1.00008254328
568543,573240,583298,4697,10058,5,16200,1.46699144959
572498,573228,585328,730,12100,5,16200,1.06033057851
573228,574361,581549,1133,7188,5,16200,1.15762381747
573239,581560,591516,8321,9956,5,16200,1.83577742065
574367,578609,587638,4242,9029,5,16200,1.46981947059
578164,578170,585497,6,7327,8,7200,1.00081888904
578176,578182,619995,6,41813,10,86400,1.00014349604
578607,581957,597069,3350,15112,5,16200,1.22167813658
581561,583309,590122,1748,6813,5,16200,1.25656832526
581960,585198,595757,3238,10559,5,16200,1.30665782745
583308,585339,593509,2031,8170,5,16200,1.24859241126
585197,587649,601666,2452,14017,5,16200,1.17493044161
585340,590133,604948,4793,14815,5,16200,1.32352345596
586746,586753,586755,7,2,1,7200,1.0
586747,586770,587373,23,603,1,7200,1.03814262023
586747,586758,586759,11,1,1,7200,1.2
586748,586781,586782,33,1,1,7200,3.4
586748,586786,586788,38,2,1,7200,4.0
586748,586775,586776,27,1,1,7200,2.8
586749,586792,586793,43,1,1,7200,4.4
586749,586803,586804,54,1,1,7200,5.5
586749,586798,586799,49,1,1,7200,5.0
586749,586809,586811,60,2,1,7200,6.2
586750,586884,586885,134,1,1,7200,13.5
586750,586814,586895,64,81,1,7200,1.79012345679
586750,586819,587142,69,323,1,7200,1.21362229102
586751,586895,586897,144,2,1,7200,14.6
586751,586906,586982,155,76,1,7200,3.03947368421
586751,586901,586918,150,17,1,7200,9.82352941176
586752,586919,586923,167,4,1,7200,17.1
586752,586924,586925,172,1,1,7200,17.3
586752,586930,586951,178,21,1,7200,9.47619047619
586752,586913,587067,161,154,1,7200,2.04545454545
586753,586935,586936,182,1,1,7200,18.3
586754,586964,587759,210,795,1,7200,1.2641509434
586754,586959,587527,205,568,1,7200,1.36091549296
586754,586946,586947,192,1,1,7200,19.3
586754,586953,587010,199,57,1,7200,4.49122807018
586755,586975,586987,220,12,1,7200,19.3333333333
586755,586970,589511,215,2541,1,7200,1.08461235734
586755,586982,594207,227,7225,1,7200,1.03141868512
586756,586987,587647,231,660,1,7200,1.35
586756,586993,586994,237,1,1,7200,23.8
586756,587000,587835,244,835,1,7200,1.29221556886
586756,587006,587007,250,1,1,7200,25.1
586757,587012,587013,255,1,1,7200,25.6
586757,587026,587028,269,2,1,7200,27.1
586757,587019,589576,262,2557,1,7200,1.10246382479
586758,587032,587040,274,8,1,7200,28.2
586758,587039,587040,281,1,1,7200,28.2
586758,587046,587047,288,1,1,7200,28.9
586758,587053,587054,295,1,1,7200,29.6
586759,586827,586829,68,2,1,7200,7.0
586759,586838,586839,79,1,1,7200,8.0
586759,586833,593408,74,6575,1,7200,1.01125475285
586760,586860,586884,100,24,1,7200,5.16666666667
586760,586844,586860,84,16,1,7200,6.25
586760,586849,586855,89,6,1,7200,9.5
586761,586877,586942,116,65,1,7200,2.78461538462
586761,586865,586892,104,27,1,7200,4.85185185185
586761,586871,586873,110,2,1,7200,11.2
586762,587071,587797,309,726,1,7200,1.42561983471
586762,587078,587109,316,31,1,7200,11.1935483871
586762,587059,587060,297,1,1,7200,29.8
586763,587083,587088,320,5,1,7200,32.5
586763,587100,587101,337,1,1,7200,33.8
586763,587091,587130,328,39,1,7200,9.41025641026
586764,587122,587124,358,2,1,7200,36.0
586764,587136,587137,372,1,1,7200,37.3
586764,587129,587137,365,8,1,7200,37.3
586764,587143,587161,379,18,1,7200,22.0555555556
586765,587155,588771,390,1616,1,7200,1.24133663366
586765,587150,594369,385,7219,1,7200,1.05333148636
586766,587180,587199,414,19,1,7200,22.7894736842
586766,587173,587182,407,9,1,7200,41.6
586766,587163,587164,397,1,1,7200,39.8
586766,587194,587195,428,1,1,7200,42.9
586767,587214,587263,447,49,1,7200,10.1224489796
586767,587275,587297,508,22,1,7200,24.0909090909
586767,587207,588767,440,1560,1,7200,1.28205128205
586768,587309,587312,541,3,1,7200,54.4
586768,587352,587899,584,547,1,7200,2.0676416819
586768,587324,587325,556,1,1,7200,55.7
586768,587338,587340,570,2,1,7200,57.2
586769,587386,587388,617,2,1,7200,61.9
586769,587400,587401,631,1,1,7200,63.2
586770,587438,587440,668,2,1,7200,67.0
586770,587465,587503,695,38,1,7200,19.2894736842
586771,587476,587477,705,1,1,7200,70.6
586771,587502,588624,731,1122,1,7200,1.65151515152
586772,587515,587517,743,2,1,7200,74.5
586772,587529,587530,757,1,1,7200,75.8
586772,587540,587542,768,2,1,7200,77.0
586772,587547,587548,775,1,1,7200,77.6
586773,587554,587670,781,116,1,7200,7.73275862069
586773,587561,587562,788,1,1,7200,78.9
586773,587574,587615,801,41,1,7200,20.5365853659
586773,587627,587954,854,327,1,7200,3.61162079511
586774,587714,587732,940,18,1,7200,53.2222222222
586774,587682,587702,908,20,1,7200,46.4
586774,587659,590044,885,2385,1,7200,1.37106918239
586775,587771,587773,996,2,1,7200,99.8
586775,587745,587746,970,1,1,7200,97.1
586775,587776,587778,1001,2,1,7200,100.3
586776,587785,589346,1009,1561,1,7200,1.6463805253
586777,587812,589371,1035,1559,1,7200,1.66388710712
586778,587831,589012,1053,1181,1,7200,1.8916172735
586778,587847,587850,1069,3,1,7200,107.2
586778,587874,588546,1096,672,1,7200,2.63095238095
586779,587966,588114,1187,148,1,7200,9.02027027027
586779,587979,587981,1200,2,1,7200,120.2
586779,587912,587966,1133,54,1,7200,21.9814814815
586780,588019,588244,1239,225,1,7200,6.50666666667
586780,588127,588128,1347,1,1,7200,134.8
586781,588140,588166,1359,26,1,7200,53.2692307692
586781,588178,588179,1397,1,1,7200,139.8
586782,588192,588225,1410,33,1,7200,43.7272727273
586782,588256,588258,1474,2,1,7200,147.6
586782,588264,588277,1482,13,1,7200,115.0
586782,588237,588252,1455,15,1,7200,98.0
586783,588271,588278,1488,7,1,7200,149.5
586783,588304,590945,1521,2641,1,7200,1.5759182128
586783,588296,589353,1513,1057,1,7200,2.43140964995
586783,588289,588292,1506,3,1,7200,150.9
586784,588559,588562,1775,3,1,7200,177.8
586784,588574,588592,1790,18,1,7200,100.444444444
586784,588605,588635,1821,30,1,7200,61.7
586785,588637,588638,1852,1,1,7200,185.3
586785,588647,588648,1862,1,1,7200,186.3
586785,588654,589519,1869,865,1,7200,3.16069364162
586786,588661,588662,1875,1,1,7200,187.6
586786,588674,588720,1888,46,1,7200,42.0434782609
586786,588732,588733,1946,1,1,7200,194.7
586786,588746,588747,1960,1,1,7200,196.1
586787,588759,588776,1972,17,1,7200,117.0
586787,588780,588782,1993,2,1,7200,199.5
586788,588794,589226,2006,432,1,7200,5.64351851852
586788,588787,588789,1999,2,1,7200,200.1
586788,588800,588801,2012,1,1,7200,201.3
586788,588807,588985,2019,178,1,7200,12.3426966292
586789,588814,589009,2025,195,1,7200,11.3846153846
586789,588997,588999,2208,2,1,7200,221.0
586790,589046,589047,2256,1,1,7200,225.7
586790,589028,596274,2238,7246,1,7200,1.30886006072
586790,589021,589616,2231,595,1,7200,4.74957983193
586791,589085,589088,2294,3,1,7200,229.7
586791,589072,589073,2281,1,1,7200,228.2
586792,589100,589101,2308,1,1,7200,230.9
586792,589113,589114,2321,1,1,7200,232.2
586792,589126,589143,2334,17,1,7200,138.294117647
586793,589358,589706,2565,348,1,7200,8.37068965517
586793,589155,590388,2362,1233,1,7200,2.91565287916
586793,589239,589303,2446,64,1,7200,39.21875
586793,589315,589408,2522,93,1,7200,28.1182795699
586794,589383,589385,2589,2,1,7200,259.1
586794,589366,596604,2572,7238,1,7200,1.35534678088
586795,589410,589414,2615,4,1,7200,261.9
586795,589421,589422,2626,1,1,7200,262.7
586796,589456,589649,2660,193,1,7200,14.7823834197
586797,589499,596745,2702,7246,1,7200,1.37289539056
586798,589523,589525,2725,2,1,7200,272.7
586798,589531,589533,2733,2,1,7200,273.5
586799,589545,590154,2746,609,1,7200,5.50903119869
586799,589552,593071,2753,3519,1,7200,1.78232452401
586799,589589,589768,2790,179,1,7200,16.5865921788
586800,589628,589719,2828,91,1,7200,32.0769230769
586800,589675,589863,2875,188,1,7200,16.2925531915
586800,589661,589663,2861,2,1,7200,286.3
586801,589732,596964,2931,7232,1,7200,1.40528207965
586801,589781,589784,2980,3,1,7200,298.3
586801,589719,590339,2918,620,1,7200,5.7064516129
586802,589796,593319,2994,3523,1,7200,1.84984388305
586802,590057,590059,3255,2,1,7200,325.7
586802,590071,590081,3269,10,1,7200,327.9
586802,589875,591050,3073,1175,1,7200,3.61531914894
586803,590094,590095,3291,1,1,7200,329.2
586804,590119,590154,3315,35,1,7200,95.7142857143
586804,590166,590168,3362,2,1,7200,336.4
586804,590171,590176,3367,5,1,7200,337.2
586805,590189,590343,3384,154,1,7200,22.974025974
586806,590207,590209,3401,2,1,7200,340.3
586806,590234,590374,3428,140,1,7200,25.4857142857
586806,590352,592653,3546,2301,1,7200,2.54106910039
586807,590386,590425,3579,39,1,7200,92.7692307692
586807,590359,591750,3552,1391,1,7200,3.55355859094
586807,590401,590406,3594,5,1,7200,359.9
586808,590452,590476,3644,24,1,7200,152.833333333
586808,590438,590440,3630,2,1,7200,363.2
586808,590418,590536,3610,118,1,7200,31.593220339
586809,590488,597734,3679,7246,1,7200,1.50772840188
586809,590548,590552,3739,4,1,7200,374.3
586810,590957,590974,4147,17,1,7200,244.941176471
586810,590577,591825,3767,1248,1,7200,4.01842948718
586810,590986,590988,4176,2,1,7200,417.8
586811,591062,591066,4251,4,1,7200,425.5
586811,591078,597116,4267,6038,1,7200,1.70669095727
586811,591013,591181,4202,168,1,7200,26.0119047619
586812,591838,591852,5026,14,1,7200,360.0
586812,591776,592061,4964,285,1,7200,18.4175438596
586812,591193,595168,4381,3975,1,7200,2.10213836478
586812,591762,591764,4950,2,1,7200,495.2
586813,591877,591951,5064,74,1,7200,69.4324324324
586813,591864,591865,5051,1,1,7200,505.2
586813,591977,592002,5164,25,1,7200,207.56
586813,591963,591965,5150,2,1,7200,515.2
586814,592015,592018,5201,3,1,7200,520.4
586814,592030,592031,5216,1,1,7200,521.7
586815,592043,592069,5228,26,1,7200,202.076923077
586815,592074,592348,5259,274,1,7200,20.1934306569
586815,592081,592082,5266,1,1,7200,526.7
586816,592360,596042,5544,3682,1,7200,2.50570342205
586816,592119,594608,5303,2489,1,7200,3.13057452792
586816,592665,592915,5849,250,1,7200,24.396
586817,592928,592930,6111,2,1,7200,611.3
586817,592942,593739,6125,797,1,7200,8.68506900878
586817,593084,593155,6267,71,1,7200,89.2676056338
586818,593360,593653,6542,293,1,7200,23.3276450512
586818,593346,593348,6528,2,1,7200,653.0
586818,593168,593441,6350,273,1,7200,24.2600732601
586818,593332,593333,6514,1,1,7200,651.5
586819,593437,593524,6618,87,1,7200,77.0689655172
586819,593468,593471,6649,3,1,7200,665.2
586819,593454,593455,6635,1,1,7200,663.6
586819,593420,593425,6601,5,1,7200,660.6
586820,593555,593758,6735,203,1,7200,34.1773399015
586820,593536,593542,6716,6,1,7200,672.2
586820,593483,593768,6663,285,1,7200,24.3789473684
586821,593753,593756,6932,3,1,7200,693.5
586821,593768,593769,6947,1,1,7200,694.8
586821,593665,596867,6844,3202,1,7200,3.13741411618
586822,593775,593777,6953,2,1,7200,695.5
586822,593787,593789,6965,2,1,7200,696.7
586822,593782,593934,6960,152,1,7200,46.7894736842
586823,593802,593803,6979,1,1,7200,698.0
586823,593809,595132,6986,1323,1,7200,6.28042328042
586824,593829,593831,7005,2,1,7200,700.7
586824,593856,593858,7032,2,1,7200,703.4
586824,593816,593817,6992,1,1,7200,699.3
586825,593870,594119,7045,249,1,7200,29.2931726908
586825,594131,594136,7306,5,1,7200,731.1
586825,593946,594177,7121,231,1,7200,31.8268398268
586826,594188,594190,7362,2,1,7200,736.4
586826,594195,594197,7369,2,1,7200,737.1
586826,594148,594175,7322,27,1,7200,272.185185185
586827,594202,594385,7375,183,1,7200,41.3005464481
586827,594209,594220,7382,11,1,7200,672.090909091
586827,594232,594238,7405,6,1,7200,741.1
586827,594219,594238,7392,19,1,7200,390.052631579
586828,594381,594383,7553,2,1,7200,755.5
586828,594250,594924,7422,674,1,7200,12.0118694362
586828,594255,595046,7427,791,1,7200,10.389380531
586829,594402,594413,7573,11,1,7200,689.454545455
586829,594395,594707,7566,312,1,7200,25.25
586830,594620,594623,7790,3,1,7200,779.3
586830,594437,594888,7607,451,1,7200,17.866962306
586830,594635,595018,7805,383,1,7200,21.3785900783
586831,594866,594868,8035,2,1,7200,803.7
586831,594880,594881,8049,1,1,7200,805.0
586831,594719,594854,7888,135,1,7200,59.4296296296
586832,594920,594921,8088,1,1,7200,808.9
586832,594900,594913,8068,13,1,7200,621.615384615
586833,594934,594969,8101,35,1,7200,232.457142857
586833,594941,594959,8108,18,1,7200,451.444444444
586833,594927,594931,8094,4,1,7200,809.8
586834,594982,595054,8148,72,1,7200,114.166666667
586834,594953,595075,8119,122,1,7200,67.5491803279
586834,594971,594998,8137,27,1,7200,302.37037037
586835,595010,595012,8175,2,1,7200,817.7
586835,595024,595232,8189,208,1,7200,40.3701923077
586835,595031,595040,8196,9,1,7200,820.5
586835,595053,595060,8218,7,1,7200,822.5
586836,595060,595062,8224,2,1,7200,822.6
586836,595067,595117,8231,50,1,7200,165.62
586836,595074,602313,8238,7239,1,7200,2.13800248653
586837,595087,595088,8250,1,1,7200,825.1
586837,595079,595084,8242,5,1,7200,824.7
586837,595104,602317,8267,7213,1,7200,2.14612505199
586837,595097,595694,8260,597,1,7200,14.8358458961
586838,595176,599544,8338,4368,1,7200,2.90888278388
586838,595129,597576,8291,2447,1,7200,4.38823048631
586838,595144,595164,8306,20,1,7200,416.3
586839,595244,595247,8405,3,1,7200,840.8
586839,595259,595260,8420,1,1,7200,842.1
586839,595183,595296,8344,113,1,7200,74.8407079646
586840,595272,595875,8432,603,1,7200,14.9834162521
586840,595325,595347,8485,22,1,7200,386.681818182
586840,595308,595313,8468,5,1,7200,847.3
586841,595436,595449,8595,13,1,7200,662.153846154
586841,595422,595423,8581,1,1,7200,858.2
586841,595376,595409,8535,33,1,7200,259.636363636
586841,595360,595364,8519,4,1,7200,852.3
586842,595474,595479,8632,5,1,7200,863.7
586842,595461,595462,8619,1,1,7200,862.0
586842,595492,596525,8650,1033,1,7200,9.37366892546
586842,595706,596682,8864,976,1,7200,10.0819672131
586843,595887,596178,9044,291,1,7200,32.0790378007
586843,596055,596056,9212,1,1,7200,921.3
586844,596093,596976,9249,883,1,7200,11.4745186863
586845,596219,596443,9374,224,1,7200,42.8482142857
586845,596205,596206,9360,1,1,7200,936.1
586845,596286,596287,9441,1,1,7200,944.2
586845,596190,596192,9345,2,1,7200,934.7
586846,596300,596301,9454,1,1,7200,945.5
586846,596313,596314,9467,1,1,7200,946.8
586846,596339,596340,9493,1,1,7200,949.4
586847,596456,597327,9609,871,1,7200,12.0321469575
586847,596352,596810,9505,458,1,7200,21.7532751092
586847,596538,596539,9691,1,1,7200,969.2
586848,596625,596630,9777,5,1,7200,978.2
586848,596616,596617,9768,1,1,7200,976.9
586848,596564,596612,9716,48,1,7200,203.416666667
586848,596551,596552,9703,1,1,7200,970.4
586849,596642,596648,9793,6,1,7200,979.9
586849,596632,596753,9783,121,1,7200,81.8512396694
586849,596660,596665,9811,5,1,7200,981.6
586850,596694,601379,9844,4685,1,7200,3.10117395945
586850,596757,601449,9907,4692,1,7200,3.11146632566
586850,596682,596887,9832,205,1,7200,48.9609756098
586851,596880,597088,10029,208,1,7200,49.2163461538
586851,596822,597260,9971,438,1,7200,23.7648401826
586851,596784,604030,9933,7246,1,7200,2.37082528291
586851,596771,596772,9920,1,1,7200,992.1
586852,596899,596907,10047,8,1,7200,1005.5
586852,596976,597294,10124,318,1,7200,32.8364779874
586852,596937,596964,10085,27,1,7200,374.518518519
586853,596997,597313,10144,316,1,7200,33.1012658228
586853,596981,596984,10128,3,1,7200,1013.1
586853,596988,596989,10135,1,1,7200,1013.6
586854,597115,597480,10261,365,1,7200,29.1123287671
586854,597100,597103,10246,3,1,7200,1024.9
586854,597004,597186,10150,182,1,7200,56.7692307692
586854,597129,597203,10275,74,1,7200,139.851351351
586855,597215,604444,10360,7229,1,7200,2.43311661364
586855,597224,598597,10369,1373,1,7200,8.55207574654
586855,597198,597212,10343,14,1,7200,739.785714286
586856,597286,597461,10430,175,1,7200,60.6
586856,597272,597273,10416,1,1,7200,1041.7
586856,597307,597319,10451,12,1,7200,871.916666667
586857,597356,597499,10499,143,1,7200,74.4195804196
586857,597325,597343,10468,18,1,7200,582.555555556
586857,597339,597362,10482,23,1,7200,456.739130435
586857,597332,598349,10475,1017,1,7200,11.2999016716
586858,597473,597474,10615,1,1,7200,1061.6
586858,597374,604585,10516,7211,1,7200,2.45832755512
586858,597493,597494,10635,1,1,7200,1063.6
586859,597500,597843,10641,343,1,7200,32.0233236152
586859,597514,597569,10655,55,1,7200,194.727272727
586859,597507,597525,10648,18,1,7200,592.555555556
586860,597578,597579,10718,1,1,7200,1071.9
586860,597565,597566,10705,1,1,7200,1070.6
586860,597537,597553,10677,16,1,7200,668.3125
586861,597599,597608,10738,9,1,7200,1074.7
586861,597621,597691,10760,70,1,7200,154.714285714
586861,597592,597797,10731,205,1,7200,53.3463414634
586861,597585,597780,10724,195,1,7200,55.9948717949
586862,597703,598184,10841,481,1,7200,23.5384615385
586862,597792,597794,10930,2,1,7200,1093.2
586862,597746,597883,10884,137,1,7200,80.4452554745
586863,597856,598045,10993,189,1,7200,59.164021164
586863,597828,598360,10965,532,1,7200,21.6109022556
586863,597807,598420,10944,613,1,7200,18.8531810767
586863,597814,597815,10951,1,1,7200,1095.2
586864,597895,597978,11031,83,1,7200,133.903614458
586864,597991,598015,11127,24,1,7200,464.625
586864,598027,599611,11163,1584,1,7200,8.04734848485
586865,598196,598197,11331,1,1,7200,1133.2
586865,598058,598324,11193,266,1,7200,43.0789473684
586865,598337,598360,11472,23,1,7200,499.782608696
586865,598210,599363,11345,1153,1,7200,10.8395490026
586866,598361,598363,11495,2,1,7200,1149.7
586866,598372,598373,11506,1,1,7200,1150.7
586867,598385,598997,11518,612,1,7200,19.8202614379
586867,598390,598391,11523,1,1,7200,1152.4
586867,598377,598379,11510,2,1,7200,1151.2
586868,598397,598577,11529,180,1,7200,65.05
586868,598404,598417,11536,13,1,7200,888.384615385
586868,598429,598431,11561,2,1,7200,1156.3
586869,598443,598444,11574,1,1,7200,1157.5
586869,598450,605696,11581,7246,1,7200,2.59826110958
586869,598436,598437,11567,1,1,7200,1156.8
586870,598470,598534,11600,64,1,7200,182.25
586870,598547,598548,11677,1,1,7200,1167.8
586871,598574,598575,11703,1,1,7200,1170.4
586871,598594,598597,11723,3,1,7200,1172.6
586871,598609,598610,11738,1,1,7200,1173.9
586871,598587,598635,11716,48,1,7200,245.083333333
586872,598642,598644,11770,2,1,7200,1177.2
586872,598614,598630,11742,16,1,7200,734.875
586872,598623,605861,11751,7238,1,7200,2.62351478309
586873,598671,598680,11798,9,1,7200,1180.7
586873,598649,599726,11776,1077,1,7200,11.9340761374
586873,598656,598659,11783,3,1,7200,1178.6
586874,598732,598785,11858,53,1,7200,224.735849057
586874,598692,598693,11818,1,1,7200,1181.9
586874,598719,598720,11845,1,1,7200,1184.6
586875,599009,599010,12134,1,1,7200,1213.5
586875,598797,599019,11922,222,1,7200,54.7027027027
586876,599032,599215,12156,183,1,7200,67.4262295082
586877,599064,599069,12187,5,1,7200,1219.2
586877,599094,599154,12217,60,1,7200,204.616666667
586877,599166,599168,12289,2,1,7200,1229.1
586878,599180,599182,12302,2,1,7200,1230.4
586878,599207,599430,12329,223,1,7200,56.2869955157
586879,599280,599286,12401,6,1,7200,1240.7
586879,599227,599268,12348,41,1,7200,302.170731707
586880,599337,599449,12457,112,1,7200,112.223214286
586880,599324,599325,12444,1,1,7200,1244.5
586881,599443,599445,12562,2,1,7200,1256.4
586881,599374,599378,12493,4,1,7200,1249.7
586881,599390,599432,12509,42,1,7200,298.833333333
586881,599450,599551,12569,101,1,7200,125.445544554
586882,599478,599480,12596,2,1,7200,1259.8
586882,599457,599486,12575,29,1,7200,434.620689655
586882,599464,599466,12582,2,1,7200,1258.4
586883,599556,599560,12673,4,1,7200,1267.7
586883,599492,599558,12609,66,1,7200,192.045454545
586883,599563,604219,12680,4656,1,7200,3.72336769759
586883,599499,599784,12616,285,1,7200,45.2666666667
586884,599570,599573,12686,3,1,7200,1268.9
586884,599577,599582,12693,5,1,7200,1269.8
586884,599585,599586,12701,1,1,7200,1270.2
586885,599601,599791,12716,190,1,7200,67.9263157895
586885,599608,600120,12723,512,1,7200,25.849609375
586885,599594,599596,12709,2,1,7200,1271.1
586885,599624,599626,12739,2,1,7200,1274.1
586886,599751,599753,12865,2,1,7200,1286.7
586886,599739,599741,12853,2,1,7200,1285.5
586886,599638,599739,12752,101,1,7200,127.257425743
586887,599758,602540,12871,2782,1,7200,5.62652767793
586887,599778,599779,12891,1,1,7200,1289.2
586888,599791,599792,12903,1,1,7200,1290.4
586888,599798,599799,12910,1,1,7200,1291.1
586888,599805,599806,12917,1,1,7200,1291.8
586888,599811,599812,12923,1,1,7200,1292.4
586889,599817,599863,12928,46,1,7200,282.043478261
586889,599823,605095,12934,5272,1,7200,3.4533383915
586889,599830,599852,12941,22,1,7200,589.227272727
586890,599865,599868,12975,3,1,7200,1297.8
586890,599875,599884,12985,9,1,7200,1299.4
586890,599882,600553,12992,671,1,7200,20.3621460507
586891,599897,600129,13006,232,1,7200,57.0603448276
586891,600141,600473,13250,332,1,7200,40.9096385542
586891,600132,600606,13241,474,1,7200,28.9345991561
586892,600629,600640,13737,11,1,7200,1249.81818182
586892,600486,603624,13594,3138,1,7200,5.33205863607
586892,600566,600617,13674,51,1,7200,269.117647059
586892,600618,600927,13726,309,1,7200,45.4207119741
586893,600653,604332,13760,3679,1,7200,4.74014677902
586893,600939,600941,14046,2,1,7200,1404.8
586893,600953,600968,14060,15,1,7200,938.333333333
586894,600994,601005,14100,11,1,7200,1282.81818182
586894,601390,602303,14496,913,1,7200,16.8773274918
586894,601018,608240,14124,7222,1,7200,2.95569094434
586894,600980,600981,14086,1,1,7200,1408.7
586895,601476,601497,14581,21,1,7200,695.333333333
586895,601509,601905,14614,396,1,7200,37.904040404
586895,601462,601464,14567,2,1,7200,1456.9
586896,601917,602045,15021,128,1,7200,118.3515625
586896,602057,602058,15161,1,1,7200,1516.2
586897,602083,602100,15186,17,1,7200,894.294117647
586897,602112,602113,15215,1,1,7200,1521.6
586897,602138,603471,15241,1333,1,7200,12.4336084021
586897,602125,602126,15228,1,1,7200,1522.9
586898,602315,602399,15417,84,1,7200,184.535714286
586898,602346,602635,15448,289,1,7200,54.4532871972
586898,602325,602726,15427,401,1,7200,39.4713216958
586898,602332,602333,15434,1,1,7200,1543.5
586899,602411,602514,15512,103,1,7200,151.601941748
586899,602526,602530,15627,4,1,7200,1563.1
586900,602559,602839,15659,280,1,7200,56.925
586900,602552,602553,15652,1,1,7200,1565.3
586900,602566,604421,15666,1855,1,7200,9.44528301887
586900,602648,602650,15748,2,1,7200,1575.0
586901,602688,602690,15787,2,1,7200,1578.9
586901,602675,602676,15774,1,1,7200,1577.5
586902,602751,603765,15849,1014,1,7200,16.6301775148
586902,602771,602772,15869,1,1,7200,1587.0
586902,602703,602705,15801,2,1,7200,1580.3
586903,602738,602739,15835,1,1,7200,1583.6
586903,602717,602759,15814,42,1,7200,377.523809524
586903,602825,602890,15922,65,1,7200,245.953846154
586903,603133,603135,16230,2,1,7200,1623.2
586904,602784,602786,15880,2,1,7200,1588.2
586904,602798,602813,15894,15,1,7200,1060.6
586904,602851,602852,15947,1,1,7200,1594.8
586904,602865,603121,15961,256,1,7200,63.34765625
586905,602996,603054,16091,58,1,7200,278.431034483
586905,602903,602983,15998,80,1,7200,200.975
586905,603067,603068,16162,1,1,7200,1616.3
586906,603081,603085,16175,4,1,7200,1617.9
586906,603126,603127,16220,1,1,7200,1622.1
586906,603110,603114,16204,4,1,7200,1620.8
586906,603097,603098,16191,1,1,7200,1619.2
586907,603155,603250,16248,95,1,7200,172.031578947
586908,603263,603270,16355,7,1,7200,1636.2
586908,603162,605491,16254,2329,1,7200,7.97896092744
586908,603282,603296,16374,14,1,7200,1170.57142857
586909,603308,603319,16399,11,1,7200,1491.81818182
586909,603332,603333,16423,1,1,7200,1642.4
586910,603371,603885,16461,514,1,7200,33.0252918288
586910,603484,603486,16574,2,1,7200,1657.6
586910,603497,603534,16587,37,1,7200,449.297297297
586910,603358,603359,16448,1,1,7200,1644.9
586911,603620,606507,16709,2887,1,7200,6.78766886041
586911,603546,603593,16635,47,1,7200,354.936170213
586911,603606,603608,16695,2,1,7200,1669.7
586912,603636,603637,16724,1,1,7200,1672.5
586913,603687,603767,16774,80,1,7200,210.675
586913,603777,603778,16864,1,1,7200,1686.5
586914,603784,604097,16870,313,1,7200,54.8977635783
586915,604055,604068,17140,13,1,7200,1319.46153846
586915,604042,604044,17127,2,1,7200,1712.9
586915,603897,603898,16982,1,1,7200,1698.3
586915,603815,603900,16900,85,1,7200,199.823529412
586916,603916,603918,17000,2,1,7200,1700.2
586916,604080,604105,17164,25,1,7200,687.56
586916,603911,603912,16995,1,1,7200,1699.6
586917,604117,604118,17200,1,1,7200,1720.1
586917,603930,604175,17013,245,1,7200,70.4408163265
586917,604109,611326,17192,7217,1,7200,3.38215324927
586917,603923,604682,17006,759,1,7200,23.4057971014
586918,604186,604188,17268,2,1,7200,1727.0
586918,604200,604335,17282,135,1,7200,129.014814815
586918,604130,604233,17212,103,1,7200,168.106796117
586919,604231,604266,17312,35,1,7200,495.628571429
586919,604244,604281,17325,37,1,7200,469.243243243
586919,604279,604340,17360,61,1,7200,285.590163934
586920,604345,604650,17425,305,1,7200,58.131147541
586920,604306,605043,17386,737,1,7200,24.5902306649
586920,604293,604294,17373,1,1,7200,1737.4
586921,604357,611603,17436,7246,1,7200,3.40629312724
586921,604366,604384,17445,18,1,7200,970.166666667
586921,604398,604401,17477,3,1,7200,1748.0
586921,604352,604354,17431,2,1,7200,1743.3
586922,604413,604414,17491,1,1,7200,1749.2
586922,604433,604581,17511,148,1,7200,119.317567568
586922,604426,604427,17504,1,1,7200,1750.5
586923,604467,604489,17544,22,1,7200,798.454545455
586923,604453,604454,17530,1,1,7200,1753.1
586923,604460,604462,17537,2,1,7200,1753.9
586924,604500,604518,17576,18,1,7200,977.444444444
586924,604487,604488,17563,1,1,7200,1756.4
586924,604474,604475,17550,1,1,7200,1755.1
586925,604521,604530,17596,9,1,7200,1760.5
586925,604530,604962,17605,432,1,7200,41.7523148148
586925,604507,604509,17582,2,1,7200,1758.4
586926,604543,604795,17617,252,1,7200,70.9087301587
586926,604600,604656,17674,56,1,7200,316.607142857
586926,604593,604595,17667,2,1,7200,1766.9
586927,604663,604665,17736,2,1,7200,1773.8
586927,604607,604739,17680,132,1,7200,134.939393939
586927,604670,604671,17743,1,1,7200,1774.4
586927,604678,604927,17751,249,1,7200,72.2891566265
586928,604695,604864,17767,169,1,7200,106.130177515
586928,604752,604754,17824,2,1,7200,1782.6
586928,604702,604801,17774,99,1,7200,180.535353535
586929,604793,605363,17864,570,1,7200,32.3403508772
586929,604780,604781,17851,1,1,7200,1785.2
586930,604808,604899,17878,91,1,7200,197.461538462
586930,604815,604926,17885,111,1,7200,162.126126126
586930,604877,604949,17947,72,1,7200,250.263888889
586931,604911,604946,17980,35,1,7200,514.714285714
586931,604952,604956,18021,4,1,7200,1802.5
586931,604945,604967,18014,22,1,7200,819.818181818
586931,604938,604939,18007,1,1,7200,1800.8
586932,604959,604969,18027,10,1,7200,1803.7
586932,604978,604987,18046,9,1,7200,1805.5
586932,604971,604973,18039,2,1,7200,1804.1
586933,604996,612210,18063,7214,1,7200,3.50388134184
586933,604989,604990,18056,1,1,7200,1805.7
586933,604984,605029,18051,45,1,7200,402.133333333
586933,605002,605038,18069,36,1,7200,502.916666667
586934,605064,605065,18130,1,1,7200,1813.1
586934,605057,605064,18123,7,1,7200,1813.0
586934,605070,605690,18136,620,1,7200,30.2516129032
586935,605014,605047,18079,33,1,7200,548.848484848
586935,605009,605019,18074,10,1,7200,1808.4
586936,605050,605051,18114,1,1,7200,1811.5
586936,605041,605154,18105,113,1,7200,161.221238938
586936,605032,605353,18096,321,1,7200,57.3738317757
586937,605090,605736,18153,646,1,7200,29.100619195
586937,605107,605109,18170,2,1,7200,1817.2
586937,605082,605193,18145,111,1,7200,164.468468468
586938,605121,605122,18183,1,1,7200,1818.4
586938,605134,605854,18196,720,1,7200,26.2722222222
586938,605167,605169,18229,2,1,7200,1823.1
586938,605181,612413,18243,7232,1,7200,3.52253871681
586939,605206,605208,18267,2,1,7200,1826.9
586939,605233,605246,18294,13,1,7200,1408.23076923
586939,605259,605263,18320,4,1,7200,1832.4
586939,605220,605221,18281,1,1,7200,1828.2
586940,605365,605745,18425,380,1,7200,49.4868421053
586940,605275,605375,18335,100,1,7200,184.35
586940,605376,605379,18436,3,1,7200,1843.9
586941,605387,605403,18446,16,1,7200,1153.875
586941,605416,605417,18475,1,1,7200,1847.6
586941,605394,605468,18453,74,1,7200,250.364864865
586942,605480,605512,18538,32,1,7200,580.3125
586942,605504,605578,18562,74,1,7200,251.837837838
586942,605430,605948,18488,518,1,7200,36.6911196911
586943,605664,605888,18721,224,1,7200,84.5758928571
586943,605525,605725,18582,200,1,7200,93.91
586943,605591,605638,18648,47,1,7200,397.765957447
586943,605650,605652,18707,2,1,7200,1870.9
586944,605710,606004,18766,294,1,7200,64.8299319728
586944,605730,612949,18786,7219,1,7200,3.60229948746
586944,605703,605705,18759,2,1,7200,1876.1
586945,605755,606321,18810,566,1,7200,34.2332155477
586945,605748,606174,18803,426,1,7200,45.1384976526
586945,605737,605739,18792,2,1,7200,1879.4
586946,605822,605823,18876,1,1,7200,1887.7
586946,605762,605765,18816,3,1,7200,1881.9
586946,605777,605793,18831,16,1,7200,1177.9375
586946,605805,605810,18859,5,1,7200,1886.4
586947,605848,605925,18901,77,1,7200,246.467532468
586947,605867,605967,18920,100,1,7200,190.2
586948,605901,606686,18953,785,1,7200,25.1439490446
586948,605874,605893,18926,19,1,7200,997.105263158
586948,605908,605909,18960,1,1,7200,1896.1
586949,605935,605936,18986,1,1,7200,1898.7
586949,605942,606058,18993,116,1,7200,164.732758621
586950,605961,606724,19011,763,1,7200,25.9161205767
586950,605983,606011,19033,28,1,7200,680.75
586950,605976,605978,19026,2,1,7200,1902.8
586950,605949,605963,18999,14,1,7200,1358.07142857
586951,605990,606385,19039,395,1,7200,49.2
586951,606016,606018,19065,2,1,7200,1906.7
586951,606023,606024,19072,1,1,7200,1907.3
586951,606030,606268,19079,238,1,7200,81.1638655462
586952,606063,606341,19111,278,1,7200,69.7446043165
586952,606070,606071,19118,1,1,7200,1911.9
586953,606114,608833,19161,2719,1,7200,8.04707613093
586953,606084,606085,19131,1,1,7200,1913.2
586953,606097,606102,19144,5,1,7200,1914.9
586954,606201,606202,19247,1,1,7200,1924.8
586954,606187,606189,19233,2,1,7200,1923.5
586955,606280,606316,19325,36,1,7200,537.805555556
586955,606329,606330,19374,1,1,7200,1937.5
586955,606336,606337,19381,1,1,7200,1938.2
586955,606227,613439,19272,7212,1,7200,3.67221297837
586956,606357,606438,19401,81,1,7200,240.518518519
586956,606350,606425,19394,75,1,7200,259.586666667
586956,606343,606344,19387,1,1,7200,1938.8
586957,606376,606397,19419,21,1,7200,925.714285714
586957,606363,606364,19406,1,1,7200,1940.7
586957,606397,606399,19440,2,1,7200,1944.2
586958,606416,606417,19458,1,1,7200,1945.9
586958,606423,606499,19465,76,1,7200,257.118421053
586958,606409,606410,19451,1,1,7200,1945.2
586959,606430,606433,19471,3,1,7200,1947.4
586959,606438,606769,19479,331,1,7200,59.8489425982
586959,606445,606449,19486,4,1,7200,1949.0
586960,606461,606462,19501,1,1,7200,1950.2
586960,606452,606453,19492,1,1,7200,1949.3
586961,606495,606562,19534,67,1,7200,292.552238806
586961,606511,606513,19550,2,1,7200,1955.2
586961,606475,606903,19514,428,1,7200,46.5934579439
586962,606536,607216,19574,680,1,7200,29.7852941176
586962,606519,606524,19557,5,1,7200,1956.2
586963,606605,606608,19642,3,1,7200,1964.5
586963,606588,606603,19625,15,1,7200,1309.33333333
586963,606543,606593,19580,50,1,7200,392.6
586963,606574,606576,19611,2,1,7200,1961.3
586964,606615,606621,19651,6,1,7200,1965.7
586964,606622,613851,19658,7229,1,7200,3.71932494121
586965,606634,606635,19669,1,1,7200,1967.0
586965,606647,606656,19682,9,1,7200,1969.1
586965,606668,606683,19703,15,1,7200,1314.53333333
586965,606695,606697,19730,2,1,7200,1973.2
586966,606702,606709,19736,7,1,7200,1974.3
586966,606722,606724,19756,2,1,7200,1975.8
586966,606709,607405,19743,696,1,7200,29.3663793103
586967,606736,607445,19769,709,1,7200,28.8829337094
586967,606742,606747,19775,5,1,7200,1978.0
586967,606759,606760,19792,1,1,7200,1979.3
586968,606781,606783,19813,2,1,7200,1981.5
586968,606772,607018,19804,246,1,7200,81.5040650407
586968,606795,606804,19827,9,1,7200,1983.6
586968,606816,606848,19848,32,1,7200,621.25
586969,606915,606973,19946,58,1,7200,344.896551724
586969,606962,607028,19993,66,1,7200,303.924242424
586969,606860,606950,19891,90,1,7200,222.011111111
586970,606985,606987,20015,2,1,7200,2001.7
586970,607012,607013,20042,1,1,7200,2004.3
586970,606999,607000,20029,1,1,7200,2003.0
586971,607041,614252,20070,7211,1,7200,3.78324781584
586971,607025,614238,20054,7213,1,7200,3.78025786774
586971,607032,607034,20061,2,1,7200,2006.3
586972,607229,607390,20257,161,1,7200,126.819875776
586972,607061,607394,20089,333,1,7200,61.3273273273
586972,607048,607049,20076,1,1,7200,2007.7
586972,607402,607608,20430,206,1,7200,100.174757282
586973,607409,607410,20436,1,1,7200,2043.7
586973,607432,607433,20459,1,1,7200,2046.0
586973,607425,607429,20452,4,1,7200,2045.6
586973,607418,607419,20445,1,1,7200,2044.6
586974,607442,607443,20468,1,1,7200,2046.9
586974,607463,607731,20489,268,1,7200,77.4514925373
586974,607449,607450,20475,1,1,7200,2047.6
586974,607456,607548,20482,92,1,7200,223.630434783
586975,607499,607501,20524,2,1,7200,2052.6
586975,607513,607514,20538,1,1,7200,2053.9
586975,607469,607486,20494,17,1,7200,1206.52941176
586976,607588,607589,20612,1,1,7200,2061.3
586976,607575,607576,20599,1,1,7200,2060.0
586976,607561,607563,20585,2,1,7200,2058.7
586976,607526,607619,20550,93,1,7200,221.967741935
586977,607601,607605,20624,4,1,7200,2062.8
586977,607617,607622,20640,5,1,7200,2064.5
586978,607643,607645,20665,2,1,7200,2066.7
586978,607624,607625,20646,1,1,7200,2064.7
586978,607638,607686,20660,48,1,7200,431.416666667
586978,607631,607647,20653,16,1,7200,1291.8125
586979,607671,607677,20692,6,1,7200,2069.8
586979,607664,607666,20685,2,1,7200,2068.7
586980,607689,614919,20709,7230,1,7200,3.8643153527
586980,607698,607718,20718,20,1,7200,1036.9
586980,607678,611245,20698,3567,1,7200,6.80263526773
586981,607730,607751,20749,21,1,7200,989.047619048
586981,607763,607765,20782,2,1,7200,2078.4
586981,607743,607768,20762,25,1,7200,831.48
586982,607784,607786,20802,2,1,7200,2080.4
586982,607798,607801,20816,3,1,7200,2081.9
586982,607791,609271,20809,1480,1,7200,15.0601351351
586983,607852,607886,20869,34,1,7200,614.794117647
586983,607826,607827,20843,1,1,7200,2084.4
586983,607813,607814,20830,1,1,7200,2083.1
586984,607912,607931,20928,19,1,7200,1102.47368421
586984,607898,607900,20914,2,1,7200,2091.6
586984,607944,607946,20960,2,1,7200,2096.2
586985,608252,608254,21267,2,1,7200,2126.9
586985,608113,609792,21128,1679,1,7200,13.5836807624
586985,608099,608101,21114,2,1,7200,2111.6
586985,607958,608087,20973,129,1,7200,163.581395349
586986,608845,608962,21859,117,1,7200,187.829059829
586986,608975,616204,21989,7229,1,7200,4.04177617928
586986,608885,609327,21899,442,1,7200,50.5452488688
586986,608266,608873,21280,607,1,7200,36.057660626
586987,609339,609342,22352,3,1,7200,2235.5
586987,609283,609287,22296,4,1,7200,2230.0
586987,609299,610935,22312,1636,1,7200,14.6381418093
586988,609805,609833,22817,28,1,7200,815.892857143
586988,609367,611992,22379,2625,1,7200,9.52533333333
586989,609845,611659,22856,1814,1,7200,13.5997794928
586989,610947,610987,23958,40,1,7200,599.95
586989,611013,612194,24024,1181,1,7200,21.3420829805
586989,610999,611001,24010,2,1,7200,2401.2
586990,611371,611374,24381,3,1,7200,2438.4
586990,611258,611359,24268,101,1,7200,241.277227723
586990,611338,611958,24348,620,1,7200,40.2709677419
586991,611425,618655,24434,7230,1,7200,4.37952973721
586991,611399,611413,24408,14,1,7200,1744.42857143
586991,611616,611834,24625,218,1,7200,113.958715596
586992,611698,612084,24706,386,1,7200,65.0051813472
586992,611685,611686,24693,1,1,7200,2469.4
586992,611671,611672,24679,1,1,7200,2468.0
586993,611970,611977,24977,7,1,7200,2498.4
586993,611846,612411,24853,565,1,7200,44.9876106195
586993,612004,612011,25011,7,1,7200,2501.8
586993,611989,613177,24996,1188,1,7200,22.0404040404
586994,612096,612543,25102,447,1,7200,57.1565995526
586994,612023,612026,25029,3,1,7200,2503.2
586994,612038,613031,25044,993,1,7200,26.2205438066
586995,612227,619455,25232,7228,1,7200,4.49086884339
586995,612220,612266,25225,46,1,7200,549.369565217
586995,612206,612208,25211,2,1,7200,2521.3
586996,612378,612675,25382,297,1,7200,86.4612794613
586996,612293,612366,25297,73,1,7200,347.534246575
586996,612424,612947,25428,523,1,7200,49.6195028681
586996,612278,612281,25282,3,1,7200,2528.5
586997,612431,613389,25434,958,1,7200,27.5490605428
586997,612555,612557,25558,2,1,7200,2556.0
586997,612569,612583,25572,14,1,7200,1827.57142857
586998,612595,612597,25597,2,1,7200,2559.9
586998,612613,615415,25615,2802,1,7200,10.1416845111
586998,612688,612801,25690,113,1,7200,228.345132743
586998,612814,612818,25816,4,1,7200,2582.0
586999,612926,612930,25927,4,1,7200,2593.1
586999,612844,612913,25845,69,1,7200,375.565217391
587000,612968,613114,25968,146,1,7200,178.863013699
587000,612955,613263,25955,308,1,7200,85.2694805195
587000,612962,612963,25962,1,1,7200,2596.3
587001,612976,612987,25975,11,1,7200,2362.36363636
587001,612999,613247,25998,248,1,7200,105.830645161
587001,613043,613044,26042,1,1,7200,2604.3
587002,613057,613163,26055,106,1,7200,246.801886792
587002,613176,613323,26174,147,1,7200,179.054421769
587002,613127,620336,26125,7209,1,7200,4.62394229435
587003,613190,613266,26187,76,1,7200,345.565789474
587003,613275,613276,26272,1,1,7200,2627.3
587003,613259,613333,26256,74,1,7200,355.810810811
587004,613289,617957,26285,4668,1,7200,6.63089117395
587004,613335,613411,26331,76,1,7200,347.460526316
587004,613282,615113,26278,1831,1,7200,15.3517203714
587004,613345,613346,26341,1,1,7200,2634.2
587005,613401,613402,26396,1,1,7200,2639.7
587005,613391,613417,26386,26,1,7200,1015.84615385
587005,613359,613379,26354,20,1,7200,1318.7
587006,613414,613462,26408,48,1,7200,551.166666667
587006,613445,613902,26439,457,1,7200,58.8533916849
587006,613423,614173,26417,750,1,7200,36.2226666667
587006,613430,613432,26424,2,1,7200,2642.6
587007,613452,613454,26445,2,1,7200,2644.7
587008,613481,613610,26473,129,1,7200,206.217054264
587008,613474,620693,26466,7219,1,7200,4.66615874775
587008,613622,613798,26614,176,1,7200,152.215909091
587009,613810,613813,26801,3,1,7200,2680.4
587009,613825,613826,26816,1,1,7200,2681.7
587009,613838,613840,26829,2,1,7200,2683.1
587009,613853,613854,26844,1,1,7200,2684.5
587010,613896,621142,26886,7246,1,7200,4.71046094397
587010,613863,613884,26853,21,1,7200,1279.71428571
587010,613914,613918,26904,4,1,7200,2690.8
587010,613871,613981,26861,110,1,7200,245.190909091
587011,613993,614091,26982,98,1,7200,276.326530612
587011,613944,614245,26933,301,1,7200,90.4784053156
587011,613930,613931,26919,1,1,7200,2692.0
587012,614104,614105,27092,1,1,7200,2709.3
587012,614184,614203,27172,19,1,7200,1431.10526316
587012,614118,614665,27106,547,1,7200,50.5539305302
587013,614258,614614,27245,356,1,7200,77.5308988764
587013,614250,614253,27237,3,1,7200,2724.0
587013,614231,614540,27218,309,1,7200,89.0841423948
587013,614217,614219,27204,2,1,7200,2720.6
587014,614265,614339,27251,74,1,7200,369.256756757
587014,614351,614362,27337,11,1,7200,2486.18181818
587014,614270,615592,27256,1322,1,7200,21.6172465961
587015,614374,614496,27359,122,1,7200,225.254098361
587015,614508,614509,27493,1,1,7200,2749.4
587016,614553,614629,27537,76,1,7200,363.328947368
587016,614570,614946,27554,376,1,7200,74.2819148936
587016,614545,614558,27529,13,1,7200,2118.61538462
587017,614642,614702,27625,60,1,7200,461.416666667
587017,614627,614658,27610,31,1,7200,891.64516129
587017,614671,621910,27654,7239,1,7200,4.82014090344
587018,614715,614717,27697,2,1,7200,2769.9
587018,614729,616100,27711,1371,1,7200,21.2122538293
587018,614678,614762,27660,84,1,7200,330.285714286
587018,614774,614779,27756,5,1,7200,2776.1
587019,614945,616297,27926,1352,1,7200,21.6553254438
587019,614791,615920,27772,1129,1,7200,25.5987599646
587019,614931,614933,27912,2,1,7200,2791.4
587020,614972,614978,27952,6,1,7200,2795.8
587020,615070,615334,28050,264,1,7200,107.25
587020,614958,614959,27938,1,1,7200,2793.9
587020,614990,615058,27970,68,1,7200,412.323529412
587650,591528,605497,3878,13969,5,16200,1.2776147183
590135,593521,606808,3386,13287,5,16200,1.25483555355
590637,999240,1066239,408603,66999,1,86400,7.09864326333
590637,999253,1073424,408616,74171,1,86400,6.50910733305
590647,999281,1073445,408634,74164,1,86400,6.5098700178
590647,999266,1066190,408619,66924,1,86400,7.10571693264
590655,999309,1073508,408654,74199,1,86400,6.50754053289
590655,999295,1066219,408640,66924,1,86400,7.10603072142
591530,597080,604379,5550,7299,5,16200,1.76037813399
593523,595768,603970,2245,8202,5,16200,1.27371372836
595773,601677,613285,5904,11608,5,16200,1.50861474845
596668,596675,599448,7,2773,20,10799,1.00252434187
596756,596764,599589,8,2825,20,10799,1.00283185841
596923,596930,599217,7,2287,20,10799,1.00306077831
597082,603982,616120,6900,12138,5,16200,1.56846267919
597749,597755,599831,6,2076,8,7200,1.00289017341
599879,599888,603591,9,3703,16,3600,1.00243046179
600090,600097,626709,7,26612,24,32400,1.00026303923
601680,604391,612596,2711,8205,5,16200,1.33040828763
603751,603758,612521,7,8763,16,10800,1.00079881319
603979,604965,613009,986,8044,5,16200,1.12257583292
604043,615125,615128,11082,3,1,7200,1108.5
604044,615166,615831,11122,665,1,7200,17.7248120301
604045,615372,615373,11327,1,1,7200,1132.8
604045,615346,615347,11301,1,1,7200,1130.2
604046,615398,615399,11352,1,1,7200,1135.3
604046,615385,615386,11339,1,1,7200,1134.0
604046,615424,615425,11378,1,1,7200,1137.9
604046,615411,615412,11365,1,1,7200,1136.6
604047,615548,615550,11501,2,1,7200,1150.3
604047,615431,615536,11384,105,1,7200,109.419047619
604047,615438,615830,11391,392,1,7200,30.0586734694
604048,615605,615700,11557,95,1,7200,122.652631579
604048,615562,615563,11514,1,1,7200,1151.5
604048,615588,615608,11540,20,1,7200,578.0
604049,615713,615718,11664,5,1,7200,1166.9
604049,615621,615798,11572,177,1,7200,66.3785310734
604050,615775,615776,11725,1,1,7200,1172.6
604050,615743,615762,11693,19,1,7200,616.421052632
604051,615811,615874,11760,63,1,7200,187.666666667
604051,615818,616371,11767,553,1,7200,22.2784810127
604052,615848,618269,11796,2421,1,7200,5.87236679058
604052,615843,616569,11791,726,1,7200,17.241046832
604052,615886,615900,11834,14,1,7200,846.285714286
604053,615933,616570,11880,637,1,7200,19.6499215071
604053,615913,621683,11860,5770,1,7200,3.0554592721
604053,616126,616923,12073,797,1,7200,16.148055207
604053,616112,616114,12059,2,1,7200,1206.1
604054,616244,618699,12190,2455,1,7200,5.96537678208
604054,616231,616232,12177,1,1,7200,1217.8
604054,616216,616219,12162,3,1,7200,1216.5
604055,616341,616342,12286,1,1,7200,1228.7
604055,616323,616329,12268,6,1,7200,1227.4
604055,616309,616311,12254,2,1,7200,1225.6
604056,616367,616368,12311,1,1,7200,1231.2
604056,616354,616355,12298,1,1,7200,1229.9
604056,616380,616382,12324,2,1,7200,1232.6
604057,616407,616427,12350,20,1,7200,618.5
604057,616387,621943,12330,5556,1,7200,3.2192224622
604058,616475,616508,12417,33,1,7200,377.272727273
604058,616440,616449,12382,9,1,7200,1239.1
604058,616461,616463,12403,2,1,7200,1240.5
604059,616520,616552,12461,32,1,7200,390.40625
604059,616564,616567,12505,3,1,7200,1250.8
604059,616579,616659,12520,80,1,7200,157.5
604060,616600,617194,12540,594,1,7200,22.1111111111
604060,616586,616588,12526,2,1,7200,1252.8
604060,616591,616592,12531,1,1,7200,1253.2
604061,616607,616641,12546,34,1,7200,370.0
604061,616676,616677,12615,1,1,7200,1261.6
604061,616670,616711,12609,41,1,7200,308.536585366
604061,616653,616658,12592,5,1,7200,1259.7
604062,616717,616724,12655,7,1,7200,1266.2
604062,616690,616692,12628,2,1,7200,1263.0
604062,616704,616705,12642,1,1,7200,1264.3
604063,616743,623982,12680,7239,1,7200,2.75162315237
604063,616724,616726,12661,2,1,7200,1266.3
604063,616736,616750,12673,14,1,7200,906.214285714
604064,616951,616958,12887,7,1,7200,1289.4
604064,616970,616986,12906,16,1,7200,807.625
604064,616763,618172,12699,1409,1,7200,10.0127750177
604064,616936,616939,12872,3,1,7200,1287.5
604065,616998,616999,12933,1,1,7200,1293.4
604065,617206,617245,13141,39,1,7200,337.948717949
604065,617012,618320,12947,1308,1,7200,10.8983180428
604066,617258,617276,13192,18,1,7200,733.888888889
604066,617289,617291,13223,2,1,7200,1322.5
604066,617303,617304,13237,1,1,7200,1323.8
604067,617822,617823,13755,1,1,7200,1375.6
604067,617330,617810,13263,480,1,7200,28.63125
604067,617316,617318,13249,2,1,7200,1325.1
604068,617835,617837,13767,2,1,7200,1376.9
604068,617862,617863,13794,1,1,7200,1379.5
604068,617875,617877,13807,2,1,7200,1380.9
604069,617889,617890,13820,1,1,7200,1382.1
604069,617941,617942,13872,1,1,7200,1387.3
604069,617902,617929,13833,27,1,7200,513.333333333
604070,617974,617975,13904,1,1,7200,1390.5
604070,617967,618920,13897,953,1,7200,15.5823714586
604071,618026,618101,13955,75,1,7200,187.066666667
604071,618001,618002,13930,1,1,7200,1393.1
604071,617988,617989,13917,1,1,7200,1391.8
604072,618128,618156,14056,28,1,7200,503.0
604072,618184,620494,14112,2310,1,7200,7.10909090909
604072,618114,618116,14042,2,1,7200,1404.4
604072,618168,618396,14096,228,1,7200,62.8245614035
604073,618282,618295,14209,13,1,7200,1094.0
604073,618332,618333,14259,1,1,7200,1426.0
604073,618308,618320,14235,12,1,7200,1187.25
604074,618346,618347,14272,1,1,7200,1427.3
604074,618337,618338,14263,1,1,7200,1426.4
604075,618360,619919,14285,1559,1,7200,10.1629249519
604076,618408,618409,14332,1,1,7200,1433.3
604076,618393,619971,14317,1578,1,7200,10.0728770596
604076,618421,619553,14345,1132,1,7200,13.6722614841
604077,618667,618670,14590,3,1,7200,1459.3
604077,618695,619295,14618,600,1,7200,25.3633333333
604078,618900,618902,14822,2,1,7200,1482.4
604078,618711,618755,14633,44,1,7200,333.568181818
604078,618767,618887,14689,120,1,7200,123.408333333
604079,618927,618928,14848,1,1,7200,1484.9
604079,618934,619104,14855,170,1,7200,88.3823529412
604080,618954,618974,14874,20,1,7200,744.7
604080,618987,618989,14907,2,1,7200,1490.9
604080,618941,618942,14861,1,1,7200,1486.2
604081,619092,619104,15011,12,1,7200,1251.91666667
604081,619001,619039,14920,38,1,7200,393.631578947
604081,619079,619080,14998,1,1,7200,1499.9
604081,619052,619067,14971,15,1,7200,999.066666667
604082,619143,621327,15061,2184,1,7200,7.89606227106
604082,619124,619125,15042,1,1,7200,1504.3
604082,619118,619125,15036,7,1,7200,1504.3
604082,619137,620206,15055,1069,1,7200,15.0832553789
604083,619356,619386,15273,30,1,7200,510.1
604083,619323,619343,15240,20,1,7200,763.0
604083,619308,619311,15225,3,1,7200,1522.8
604084,619467,619469,15383,2,1,7200,1538.5
604084,619412,619413,15328,1,1,7200,1532.9
604084,619425,620308,15341,883,1,7200,18.3737259343
604084,619398,619399,15314,1,1,7200,1531.5
604085,619481,619524,15396,43,1,7200,359.046511628
604085,619550,619551,15465,1,1,7200,1546.6
604085,619537,619538,15452,1,1,7200,1545.3
604086,619563,619580,15477,17,1,7200,911.411764706
604086,619570,619572,15484,2,1,7200,1548.6
604086,619585,619586,15499,1,1,7200,1550.0
604086,619593,620048,15507,455,1,7200,35.0813186813
604087,619600,619601,15513,1,1,7200,1551.4
604087,619813,620005,15726,192,1,7200,82.90625
604087,619613,619800,15526,187,1,7200,84.0267379679
604088,619931,619932,15843,1,1,7200,1584.4
604088,619957,620498,15869,541,1,7200,30.3327171904
604088,619984,627222,15896,7238,1,7200,3.19618679193
604089,620031,620032,15942,1,1,7200,1594.3
604089,620018,620019,15929,1,1,7200,1593.0
604090,620080,620081,15990,1,1,7200,1599.1
604090,620064,620067,15974,3,1,7200,1597.7
604090,620071,620072,15981,1,1,7200,1598.2
604091,620094,621011,16003,917,1,7200,18.4514721919
604091,620119,620178,16028,59,1,7200,272.661016949
604091,620087,620107,15996,20,1,7200,800.8
604092,620292,620293,16200,1,1,7200,1620.1
604092,620219,620443,16127,224,1,7200,72.9955357143
604092,620190,620279,16098,89,1,7200,181.876404494
604093,620324,620327,16231,3,1,7200,1623.4
604094,620353,620354,16259,1,1,7200,1626.0
604094,620359,620360,16265,1,1,7200,1626.6
604094,620346,620350,16252,4,1,7200,1625.6
604095,620371,620374,16276,3,1,7200,1627.9
604095,620366,620500,16271,134,1,7200,122.425373134
604096,620393,627630,16297,7237,1,7200,3.25189995855
604097,620437,620840,16340,403,1,7200,41.5459057072
604097,620424,620425,16327,1,1,7200,1632.8
604097,620456,623169,16359,2713,1,7200,7.0298562477
604098,620513,620578,16415,65,1,7200,253.538461538
604098,620518,620519,16420,1,1,7200,1642.1
604098,620506,620625,16408,119,1,7200,138.882352941
604099,620531,620685,16432,154,1,7200,107.701298701
604099,620638,627884,16539,7246,1,7200,3.28250069004
604099,620591,620995,16492,404,1,7200,41.8217821782
604100,620705,623661,16605,2956,1,7200,6.61738836265
604100,620712,621598,16612,886,1,7200,19.7494356659
604100,620697,620700,16597,3,1,7200,1660.0
604101,620867,620874,16766,7,1,7200,1677.3
604101,620853,620855,16752,2,1,7200,1675.4
604102,620912,620935,16810,23,1,7200,731.869565217
604102,620948,620950,16846,2,1,7200,1684.8
604102,620962,620964,16860,2,1,7200,1686.2
604103,621007,621009,16904,2,1,7200,1690.6
604103,620989,621089,16886,100,1,7200,169.86
604104,621028,621030,16924,2,1,7200,1692.6
604104,621021,621022,16917,1,1,7200,1691.8
604105,621042,622913,16937,1871,1,7200,10.0523784073
604105,621035,621122,16930,87,1,7200,195.597701149
604105,621101,622262,16996,1161,1,7200,15.6391042205
604106,621171,621262,17065,91,1,7200,188.527472527
604106,621178,621180,17072,2,1,7200,1707.4
604106,621134,621164,17028,30,1,7200,568.6
604106,621154,621158,17048,4,1,7200,1705.2
604107,621274,621278,17167,4,1,7200,1717.1
604107,621225,627683,17118,6458,1,7200,3.65066584082
604107,621192,621213,17085,21,1,7200,814.571428571
604108,621303,622343,17195,1040,1,7200,17.5336538462
604108,621339,621353,17231,14,1,7200,1231.78571429
604108,621365,621367,17257,2,1,7200,1725.9
604109,621379,621380,17270,1,1,7200,1727.1
604109,621542,621546,17433,4,1,7200,1743.7
604109,621392,621529,17283,137,1,7200,127.153284672
604110,621610,625125,17500,3515,1,7200,5.9786628734
604110,621559,626747,17449,5188,1,7200,4.3633384734
604110,621695,621698,17585,3,1,7200,1758.8
604111,621922,621924,17811,2,1,7200,1781.3
604111,621710,621971,17599,261,1,7200,68.4291187739
604111,621936,621937,17825,1,1,7200,1782.6
604112,621949,622018,17837,69,1,7200,259.507246377
604112,621970,621995,17858,25,1,7200,715.32
604112,621956,621958,17844,2,1,7200,1784.6
604113,622008,622036,17895,28,1,7200,640.107142857
604113,621983,621985,17870,2,1,7200,1787.2
604114,622047,622048,17933,1,1,7200,1793.4
604114,622015,622326,17901,311,1,7200,58.5594855305
604114,622034,622036,17920,2,1,7200,1792.2
604115,622053,622054,17938,1,1,7200,1793.9
604115,622067,625792,17952,3725,1,7200,5.81932885906
604115,622060,624343,17945,2283,1,7200,8.86027157249
604116,622353,623043,18237,690,1,7200,27.4304347826
604116,622360,622428,18244,68,1,7200,269.294117647
604116,622274,622504,18158,230,1,7200,79.947826087
604116,622339,622340,18223,1,1,7200,1822.4
604117,622530,622532,18413,2,1,7200,1841.5
604117,622516,622518,18399,2,1,7200,1840.1
604117,622441,622702,18324,261,1,7200,71.2068965517
604118,622714,622719,18596,5,1,7200,1860.1
604118,622731,622818,18613,87,1,7200,214.942528736
604118,622544,622847,18426,303,1,7200,61.8118811881
604119,622859,623149,18740,290,1,7200,65.6206896552
604119,622844,622847,18725,3,1,7200,1872.8
604119,622864,622870,18745,6,1,7200,1875.1
604119,622830,622831,18711,1,1,7200,1871.2
604120,622882,623090,18762,208,1,7200,91.2019230769
604120,623056,623060,18936,4,1,7200,1894.0
604120,622925,625661,18805,2736,1,7200,7.87317251462
604121,623098,623229,18977,131,1,7200,145.86259542
604121,623105,623106,18984,1,1,7200,1898.5
604121,623085,623086,18964,1,1,7200,1896.5
604121,623072,623073,18951,1,1,7200,1895.2
604122,623143,624107,19021,964,1,7200,20.7313278008
604123,623182,623183,19059,1,1,7200,1906.0
604123,623175,623176,19052,1,1,7200,1905.3
604123,623161,623162,19038,1,1,7200,1903.9
604123,623189,623191,19066,2,1,7200,1906.8
604124,623196,623389,19072,193,1,7200,99.8186528497
604124,623203,623363,19079,160,1,7200,120.24375
604125,623294,623297,19169,3,1,7200,1917.2
604125,623258,623282,19133,24,1,7200,798.208333333
604125,623242,623246,19117,4,1,7200,1912.1
604126,623398,623413,19272,15,1,7200,1285.8
604126,623322,623444,19196,122,1,7200,158.344262295
604126,623375,623385,19249,10,1,7200,1925.9
604127,623405,623408,19278,3,1,7200,1928.1
604127,623421,623958,19294,537,1,7200,36.9292364991
604127,623428,623978,19301,550,1,7200,36.0927272727
604128,623456,623458,19328,2,1,7200,1933.0
604128,623674,623682,19546,8,1,7200,1955.4
604128,623470,623702,19342,232,1,7200,84.3706896552
604129,623714,623716,19585,2,1,7200,1958.7
604129,623707,624064,19578,357,1,7200,55.8403361345
604129,623728,624043,19599,315,1,7200,63.219047619
604130,623990,623991,19860,1,1,7200,1986.1
604130,623997,623998,19867,1,1,7200,1986.8
604130,623970,624063,19840,93,1,7200,214.333333333
604131,624011,624020,19880,9,1,7200,1988.9
604132,624045,624060,19913,15,1,7200,1328.53333333
604132,624038,624041,19906,3,1,7200,1990.9
604132,624053,624056,19921,3,1,7200,1992.4
604133,624068,624093,19935,25,1,7200,798.4
604133,624075,624143,19942,68,1,7200,294.264705882
604133,624060,624169,19927,109,1,7200,183.816513761
604134,624080,624081,19946,1,1,7200,1994.7
604134,624095,624103,19961,8,1,7200,1996.9
604134,624105,624112,19971,7,1,7200,1997.8
604134,624088,624282,19954,194,1,7200,103.855670103
604135,624129,631375,19994,7246,1,7200,3.75931548441
604135,624122,624169,19987,47,1,7200,426.255319149
604136,624165,631411,20029,7246,1,7200,3.76414573558
604136,624134,624138,19998,4,1,7200,2000.2
604136,624151,624152,20015,1,1,7200,2001.6
604136,624158,624724,20022,566,1,7200,36.3745583039
604137,624180,626532,20043,2352,1,7200,9.52168367347
604137,624213,628236,20076,4023,1,7200,5.99030574198
604137,624186,624201,20049,15,1,7200,1337.6
604138,624294,624402,20156,108,1,7200,187.62962963
604138,624385,624948,20247,563,1,7200,36.9626998224
604138,624372,624373,20234,1,1,7200,2023.5
604138,624356,624359,20218,3,1,7200,2022.1
604139,624415,624419,20276,4,1,7200,2028.0
604139,624431,624450,20292,19,1,7200,1069.0
604139,624465,624468,20326,3,1,7200,2032.9
604140,624562,624563,20422,1,1,7200,2042.3
604140,624537,624549,20397,12,1,7200,1700.75
604140,624481,624511,20341,30,1,7200,679.033333333
604140,624523,624525,20383,2,1,7200,2038.5
604141,624592,625530,20451,938,1,7200,22.802771855
604141,624736,625639,20595,903,1,7200,23.8073089701
604141,624575,624580,20434,5,1,7200,2043.9
604142,624960,625218,20818,258,1,7200,81.6899224806
604142,625230,625341,21088,111,1,7200,190.981981982
604142,625138,629272,20996,4134,1,7200,6.07885824867
604142,625353,625904,21211,551,1,7200,39.4954627949
604143,625543,626419,21400,876,1,7200,25.4292237443
604143,625651,625652,21508,1,1,7200,2150.9
604143,625664,625665,21521,1,1,7200,2152.2
604144,625674,625887,21530,213,1,7200,102.079812207
604145,625746,626179,21601,433,1,7200,50.8868360277
604145,625720,625721,21575,1,1,7200,2157.6
604146,625805,625806,21659,1,1,7200,2166.0
604148,625899,625904,21751,5,1,7200,2175.6
604149,625916,630611,21767,4695,1,7200,5.63620873269
604149,625921,625922,21772,1,1,7200,2177.3
604151,625970,625991,21819,21,1,7200,1040.0
604152,626031,626317,21879,286,1,7200,77.5
604152,626003,626006,21851,3,1,7200,2185.4
604152,626018,626019,21866,1,1,7200,2186.7
604152,625977,626263,21825,286,1,7200,77.3111888112
604153,626289,626608,22136,319,1,7200,70.3918495298
604153,626192,626365,22039,173,1,7200,128.393063584
604153,626275,626277,22122,2,1,7200,2212.4
604154,626403,633613,22249,7210,1,7200,4.08585298197
604154,626329,626391,22175,62,1,7200,358.661290323
604154,626378,626393,22224,15,1,7200,1482.6
604154,626410,627775,22256,1365,1,7200,17.3047619048
604155,626431,626433,22276,2,1,7200,2227.8
604155,626445,626593,22290,148,1,7200,151.608108108
604156,626569,626584,22413,15,1,7200,1495.2
604156,626545,626556,22389,11,1,7200,2036.36363636
604156,626596,627632,22440,1036,1,7200,22.6602316602
604157,626605,626629,22448,24,1,7200,936.333333333
604157,626620,626752,22463,132,1,7200,171.174242424
604157,626760,626762,22603,2,1,7200,2260.5
604157,626641,633851,22484,7210,1,7200,4.11844660194
604158,626781,627130,22623,349,1,7200,65.8223495702
604158,626767,626768,22609,1,1,7200,2261.0
604159,626788,626806,22629,18,1,7200,1258.16666667
604159,626917,626918,22758,1,1,7200,2275.9
604159,626889,626905,22730,16,1,7200,1421.625
604159,626818,626876,22659,58,1,7200,391.672413793
604160,626930,626933,22770,3,1,7200,2277.3
604160,627142,627344,22982,202,1,7200,114.772277228
604160,626945,627140,22785,195,1,7200,117.846153846
604161,627174,627244,23013,70,1,7200,329.757142857
604161,627235,627712,23074,477,1,7200,49.3731656184
604161,627152,627162,22991,10,1,7200,2300.1
604162,627256,627395,23094,139,1,7200,167.143884892
604162,627408,627409,23246,1,1,7200,2324.7
604162,627357,627359,23195,2,1,7200,2319.7
604162,627371,627966,23209,595,1,7200,40.0067226891
604163,627421,627936,23258,515,1,7200,46.1611650485
604163,627642,627822,23479,180,1,7200,131.438888889
604163,627649,627725,23486,76,1,7200,310.026315789
604164,627739,627740,23575,1,1,7200,2357.6
604164,627696,627720,23532,24,1,7200,981.5
604164,627732,628017,23568,285,1,7200,83.6947368421
604164,627724,629352,23560,1628,1,7200,15.4717444717
604165,627753,629006,23588,1253,1,7200,19.8252194733
604165,627787,627814,23622,27,1,7200,875.888888889
604165,627827,627829,23662,2,1,7200,2366.4
604166,627848,628525,23682,677,1,7200,35.9807976366
604166,627841,627842,23675,1,1,7200,2367.6
604166,627834,627835,23668,1,1,7200,2366.9
604167,627923,627924,23756,1,1,7200,2375.7
604167,627867,628053,23700,186,1,7200,128.419354839
604167,627896,627911,23729,15,1,7200,1582.93333333
604168,627949,627950,23781,1,1,7200,2378.2
604168,627954,635175,23786,7221,1,7200,4.29400360061
604169,627983,627985,23814,2,1,7200,2381.6
604169,627976,628040,23807,64,1,7200,372.984375
604170,628029,628033,23859,4,1,7200,2386.3
604170,628023,628073,23853,50,1,7200,478.06
604171,628059,635305,23888,7246,1,7200,4.2967154292
604171,628052,628068,23881,16,1,7200,1493.5625
604172,628066,628068,23894,2,1,7200,2389.6
604172,628080,629227,23908,1147,1,7200,21.8439407149
604172,628085,628089,23913,4,1,7200,2391.7
604173,628092,628101,23919,9,1,7200,2392.8
604173,628113,628114,23940,1,1,7200,2394.1
604174,628197,628330,24023,133,1,7200,181.62406015
604174,628118,628120,23944,2,1,7200,2394.6
604174,628126,628184,23952,58,1,7200,413.965517241
604174,628133,628365,23959,232,1,7200,104.271551724
604175,628249,628254,24074,5,1,7200,2407.9
604175,628342,628590,24167,248,1,7200,98.4475806452
604175,628377,628379,24202,2,1,7200,2420.4
604175,628266,628462,24091,196,1,7200,123.913265306
604176,628392,628397,24216,5,1,7200,2422.1
604176,628409,628410,24233,1,1,7200,2423.4
604176,628422,628487,24246,65,1,7200,374.015384615
604177,628475,628477,24298,2,1,7200,2430.0
604177,628499,628500,24322,1,1,7200,2432.3
604177,628489,628491,24312,2,1,7200,2431.4
604178,628538,628539,24360,1,1,7200,2436.1
604178,628513,628556,24335,43,1,7200,566.930232558
604178,628506,628732,24328,226,1,7200,108.646017699
604179,628584,628588,24405,4,1,7200,2440.9
604179,628570,628572,24391,2,1,7200,2439.3
604180,628591,628635,24411,44,1,7200,555.795454545
604180,628600,628601,24420,1,1,7200,2442.1
604180,628607,628708,24427,101,1,7200,242.851485149
604181,628647,628649,24466,2,1,7200,2446.8
604181,628614,628647,24433,33,1,7200,741.393939394
604181,628659,628662,24478,3,1,7200,2448.1
604182,628720,628723,24538,3,1,7200,2454.1
604182,628674,628961,24492,287,1,7200,86.3379790941
604182,628666,628731,24484,65,1,7200,377.676923077
604183,628750,628755,24567,5,1,7200,2457.2
604183,628743,628746,24560,3,1,7200,2456.3
604183,628758,628759,24575,1,1,7200,2457.6
604183,628735,633465,24552,4730,1,7200,6.19069767442
604184,628782,629260,24598,478,1,7200,52.460251046
604184,628768,628770,24584,2,1,7200,2458.6
604184,628775,628968,24591,193,1,7200,128.414507772
604185,628974,628976,24789,2,1,7200,2479.1
604185,628988,628989,24803,1,1,7200,2480.4
604185,629001,629002,24816,1,1,7200,2481.7
604185,628981,629074,24796,93,1,7200,267.623655914
604186,629022,629024,24836,2,1,7200,2483.8
604186,629015,631635,24829,2620,1,7200,10.4767175573
604186,629036,629037,24850,1,1,7200,2485.1
604187,629049,629050,24862,1,1,7200,2486.3
604187,629076,629077,24889,1,1,7200,2489.0
604188,629086,629087,24898,1,1,7200,2489.9
604188,629093,629139,24905,46,1,7200,542.413043478
604188,629105,634456,24917,5351,1,7200,5.65651280135
604189,629200,629210,25011,10,1,7200,2502.1
604189,629186,629188,24997,2,1,7200,2499.9
604189,629223,629570,25034,347,1,7200,73.144092219
604189,629151,629174,24962,23,1,7200,1086.30434783
604190,629239,629462,25049,223,1,7200,113.32735426
604190,629273,629749,25083,476,1,7200,53.6953781513
604190,629284,629619,25094,335,1,7200,75.9074626866
604191,629364,632586,25173,3222,1,7200,8.81284916201
604191,629543,629849,25352,306,1,7200,83.8496732026
604191,629474,629530,25283,56,1,7200,452.482142857
604192,629583,629595,25391,12,1,7200,2116.91666667
604192,629607,633328,25415,3721,1,7200,7.83015318463
604192,629632,629633,25440,1,1,7200,2544.1
604193,629710,636925,25517,7215,1,7200,4.53665973666
604193,629645,629660,25452,15,1,7200,1697.8
604193,629686,629698,25493,12,1,7200,2125.41666667
604193,629673,629674,25480,1,1,7200,2548.1
604194,629862,629864,25668,2,1,7200,2567.0
604194,629876,629900,25682,24,1,7200,1071.08333333
604194,629761,630755,25567,994,1,7200,26.7213279678
604195,629912,630332,25717,420,1,7200,62.230952381
604195,630344,630474,26149,130,1,7200,202.146153846
604196,630550,630551,26354,1,1,7200,2635.5
604196,630492,630493,26296,1,1,7200,2629.7
604196,630519,630537,26323,18,1,7200,1463.38888889
604197,630624,630706,26427,82,1,7200,323.280487805
604197,630576,631947,26379,1371,1,7200,20.2407002188
604197,630563,630564,26366,1,1,7200,2636.7
604198,630718,631156,26520,438,1,7200,61.5479452055
604198,630782,631092,26584,310,1,7200,86.7548387097
604198,630768,630769,26570,1,1,7200,2657.1
604199,631105,631205,26906,100,1,7200,270.06
604199,631169,631173,26970,4,1,7200,2697.4
604200,631213,631499,27013,286,1,7200,95.451048951
604200,631387,631389,27187,2,1,7200,2718.9
604200,631220,633099,27020,1879,1,7200,15.379989356
604201,631423,631427,27222,4,1,7200,2722.6
604201,631414,631415,27213,1,1,7200,2721.4
604202,631430,631432,27228,2,1,7200,2723.0
604202,631439,632580,27237,1141,1,7200,24.8711656442
604203,631526,631572,27323,46,1,7200,594.97826087
604203,631538,631539,27335,1,1,7200,2733.6
604203,631458,631525,27255,67,1,7200,407.791044776
604203,631511,631514,27308,3,1,7200,2731.1
604204,631584,631586,27380,2,1,7200,2738.2
604204,631566,631581,27362,15,1,7200,1825.13333333
604204,631552,631554,27348,2,1,7200,2735.0
604205,631600,631681,27395,81,1,7200,339.209876543
604205,631593,631858,27388,265,1,7200,104.350943396
604205,631647,631707,27442,60,1,7200,458.366666667
604206,631694,631695,27488,1,1,7200,2748.9
604206,631708,631712,27502,4,1,7200,2750.6
604206,631719,631720,27513,1,1,7200,2751.4
604207,631743,631744,27536,1,1,7200,2753.7
604207,631726,631731,27519,5,1,7200,2752.4
604208,631757,631858,27549,101,1,7200,273.762376238
604208,631871,631878,27663,7,1,7200,2767.0
604208,631764,634322,27556,2558,1,7200,11.7724784988
604209,631877,631895,27668,18,1,7200,1538.11111111
604209,631890,631901,27681,11,1,7200,2517.45454545
604209,631908,631910,27699,2,1,7200,2770.1
604210,631915,631916,27705,1,1,7200,2770.6
604210,631929,632454,27719,525,1,7200,53.7980952381
604211,631949,631992,27738,43,1,7200,646.069767442
604211,631959,632011,27748,52,1,7200,534.615384615
604211,632004,632006,27793,2,1,7200,2779.5
604211,631936,631937,27725,1,1,7200,2772.6
604212,632025,632026,27813,1,1,7200,2781.4
604212,632018,634997,27806,2979,1,7200,10.3340046996
604213,632077,632162,27864,85,1,7200,328.811764706
604214,632188,632501,27974,313,1,7200,90.3738019169
604214,632174,632175,27960,1,1,7200,2796.1
604214,632466,639678,28252,7212,1,7200,4.91735995563
604215,632592,632593,28377,1,1,7200,2837.8
604215,632513,632514,28298,1,1,7200,2829.9
604215,632599,632600,28384,1,1,7200,2838.5
604215,632527,632603,28312,76,1,7200,373.526315789
604216,632620,632621,28404,1,1,7200,2840.5
604216,632613,632633,28397,20,1,7200,1420.85
604217,632648,639868,28431,7220,1,7200,4.93781163435
604217,632634,633445,28417,811,1,7200,36.0394574599
604217,632625,632626,28408,1,1,7200,2840.9
604218,632667,632819,28449,152,1,7200,188.164473684
604219,632994,633026,28775,32,1,7200,900.21875
604219,633089,633159,28870,70,1,7200,413.428571429
604219,632844,632981,28625,137,1,7200,209.941605839
604219,633039,633077,28820,38,1,7200,759.421052632
604220,633111,633113,28891,2,1,7200,2889.3
604220,633125,633891,28905,766,1,7200,38.7349869452
604220,633171,633506,28951,335,1,7200,87.4208955224
604221,633341,633343,29120,2,1,7200,2912.2
604221,633457,633475,29236,18,1,7200,1625.22222222
604221,633355,640588,29134,7233,1,7200,5.02792755427
604222,633501,633646,29279,145,1,7200,202.924137931
604222,633478,633481,29256,3,1,7200,2925.9
604222,633487,633488,29265,1,1,7200,2926.6
604223,633518,633519,29295,1,1,7200,2929.6
604223,633532,633552,29309,20,1,7200,1466.45
604224,633564,633581,29340,17,1,7200,1726.88235294
604225,633583,633592,29358,9,1,7200,2936.7
604225,633593,634010,29368,417,1,7200,71.4268585132
604225,633569,633571,29344,2,1,7200,2934.6
604226,633625,633627,29399,2,1,7200,2940.1
604226,633605,633851,29379,246,1,7200,120.426829268
604227,633639,633695,29412,56,1,7200,526.214285714
604227,633707,633709,29480,2,1,7200,2948.2
604227,633658,633794,29431,136,1,7200,217.404411765
604228,633863,633864,29635,1,1,7200,2963.6
604228,633734,633968,29506,234,1,7200,127.094017094
604228,633806,633891,29578,85,1,7200,348.976470588
604229,633868,634042,29639,174,1,7200,171.33908046
604229,633876,633877,29647,1,1,7200,2964.8
604229,633902,633903,29673,1,1,7200,2967.4
604230,633920,634047,29690,127,1,7200,234.779527559
604230,633915,634019,29685,104,1,7200,286.432692308
604230,633907,634514,29677,607,1,7200,49.8912685338
604231,634023,634059,29792,36,1,7200,828.555555556
604231,634044,634068,29813,24,1,7200,1243.20833333
604231,633980,634055,29749,75,1,7200,397.653333333
604231,634031,634032,29800,1,1,7200,2980.1
604232,634054,634060,29822,6,1,7200,2982.8
604232,634068,634069,29836,1,1,7200,2983.7
604232,634061,634071,29829,10,1,7200,2983.9
604233,634075,634083,29842,8,1,7200,2985.0
604233,634094,641315,29861,7221,1,7200,5.13529981997
604233,634080,634124,29847,44,1,7200,679.340909091
604233,634088,634090,29855,2,1,7200,2985.7
604234,634106,634113,29872,7,1,7200,2987.9
604234,634111,634112,29877,1,1,7200,2987.8
604234,634099,634137,29865,38,1,7200,786.921052632
604235,634138,634150,29903,12,1,7200,2492.91666667
604235,634124,634713,29889,589,1,7200,51.7453310696
604236,634152,634464,29916,312,1,7200,96.8846153846
604236,634145,634179,29909,34,1,7200,880.676470588
604236,634163,634277,29927,114,1,7200,263.51754386
604237,634191,634192,29954,1,1,7200,2995.5
604237,634289,634905,30052,616,1,7200,49.7857142857
604237,634205,634316,29968,111,1,7200,270.981981982
604238,634329,634331,30091,2,1,7200,3009.3
604238,634336,634337,30098,1,1,7200,3009.9
604238,634343,635054,30105,711,1,7200,43.3417721519
604239,634363,641609,30124,7246,1,7200,5.15732818107
604240,634468,634470,30228,2,1,7200,3023.0
604240,634476,634477,30236,1,1,7200,3023.7
604240,634483,634496,30243,13,1,7200,2327.38461538
604241,634512,634888,30271,376,1,7200,81.5079787234
604241,634505,634603,30264,98,1,7200,309.816326531
604241,634490,634493,30249,3,1,7200,3025.2
604242,634526,634529,30284,3,1,7200,3028.7
604242,634615,634617,30373,2,1,7200,3037.5
604242,634571,634641,30329,70,1,7200,434.271428571
604242,634542,634558,30300,16,1,7200,1894.75
604243,634653,634686,30410,33,1,7200,922.515151515
604243,634698,634773,30455,75,1,7200,407.066666667
604243,634629,635180,30386,551,1,7200,56.1470054446
604244,634859,635103,30615,244,1,7200,126.471311475
604244,634725,634928,30481,203,1,7200,151.15270936
604244,634786,634833,30542,47,1,7200,650.829787234
604244,634845,634847,30601,2,1,7200,3060.3
604245,634900,634902,30655,2,1,7200,3065.7
604245,634921,634923,30676,2,1,7200,3067.8
604245,634914,635220,30669,306,1,7200,101.225490196
604246,634942,634944,30696,2,1,7200,3069.8
604246,634935,642176,30689,7241,1,7200,5.23822676426
604246,634957,635388,30711,431,1,7200,72.2552204176
604247,635010,635577,30763,567,1,7200,55.2557319224
604247,635067,635069,30820,2,1,7200,3082.2
604247,635081,635099,30834,18,1,7200,1714.0
604248,635111,635117,30863,6,1,7200,3086.9
604248,635129,635130,30881,1,1,7200,3088.2
604248,635136,635209,30888,73,1,7200,424.123287671
604249,635143,635241,30894,98,1,7200,316.244897959
604249,635188,635208,30939,20,1,7200,1547.95
604249,635195,635995,30946,800,1,7200,39.6825
604250,635220,635222,30970,2,1,7200,3097.2
604250,635234,635235,30984,1,1,7200,3098.5
604250,635227,635228,30977,1,1,7200,3097.8
604251,635253,636028,31002,775,1,7200,41.0025806452
604251,635247,635262,30996,15,1,7200,2067.4
604251,635240,635265,30989,25,1,7200,1240.56
604252,635274,635300,31022,26,1,7200,1194.15384615
604252,635260,635262,31008,2,1,7200,3101.0
604252,635280,635693,31028,413,1,7200,76.1283292978
604253,635300,635301,31047,1,1,7200,3104.8
604253,635287,635288,31034,1,1,7200,3103.5
604253,635312,635556,31059,244,1,7200,128.290983607
604253,635319,635320,31066,1,1,7200,3106.7
604254,635324,635325,31070,1,1,7200,3107.1
604254,635333,635625,31079,292,1,7200,107.434931507
604255,635382,638134,31127,2752,1,7200,12.3106831395
604255,635364,635370,31109,6,1,7200,3111.5
604255,635400,635402,31145,2,1,7200,3114.7
604256,635568,635603,31312,35,1,7200,895.628571429
604256,635414,635415,31158,1,1,7200,3115.9
604256,635427,635428,31171,1,1,7200,3117.2
604256,635440,642666,31184,7226,1,7200,5.31552726266
604257,635615,635617,31358,2,1,7200,3136.0
604257,635589,635591,31332,2,1,7200,3133.4
604258,635637,635639,31379,2,1,7200,3138.1
604258,635621,635696,31363,75,1,7200,419.173333333
604258,635630,635708,31372,78,1,7200,403.205128205
604259,635651,635666,31392,15,1,7200,2093.8
604259,635679,635680,31420,1,1,7200,3142.1
604259,635693,635694,31434,1,1,7200,3143.5
604260,635711,635793,31451,82,1,7200,384.548780488
604260,635718,635721,31458,3,1,7200,3146.1
604260,635705,635707,31445,2,1,7200,3144.7
604261,635748,635749,31487,1,1,7200,3148.8
604261,635731,635736,31470,5,1,7200,3147.5
604261,635725,636064,31464,339,1,7200,93.814159292
604262,635762,636194,31500,432,1,7200,73.9166666667
604263,635834,635835,31571,1,1,7200,3157.2
604263,635818,635822,31555,4,1,7200,3155.9
604263,635805,635806,31542,1,1,7200,3154.3
604263,635782,635853,31519,71,1,7200,444.929577465
604264,635865,635921,31601,56,1,7200,565.303571429
604264,635934,635936,31670,2,1,7200,3167.2
604264,635847,636533,31583,686,1,7200,47.0393586006
604265,635976,635978,31711,2,1,7200,3171.3
604265,635949,635963,31684,14,1,7200,2264.14285714
604265,636007,643228,31742,7221,1,7200,5.39579005678
604265,635990,635995,31725,5,1,7200,3173.0
604266,636040,636055,31774,15,1,7200,2119.26666667
604266,636026,636034,31760,8,1,7200,3176.8
604266,636013,636014,31747,1,1,7200,3174.8
604267,636067,636781,31800,714,1,7200,45.5378151261
604267,636047,636048,31780,1,1,7200,3178.1
604267,636060,636066,31793,6,1,7200,3179.9
604268,636083,636921,31815,838,1,7200,38.9653937947
604268,636076,636078,31808,2,1,7200,3181.0
604268,636090,636094,31822,4,1,7200,3182.6
604269,636207,636209,31938,2,1,7200,3194.0
604269,636119,636360,31850,241,1,7200,133.157676349
604269,636221,636230,31952,9,1,7200,3196.1
604270,636372,636432,32102,60,1,7200,536.033333333
604270,636280,636362,32010,82,1,7200,391.365853659
604270,636242,636268,31972,26,1,7200,1230.69230769
604271,636379,636449,32108,70,1,7200,459.685714286
604271,636445,636447,32174,2,1,7200,3217.6
604271,636466,636468,32195,2,1,7200,3219.7
604272,636480,636481,32208,1,1,7200,3220.9
604272,636493,643719,32221,7226,1,7200,5.45903681151
604272,636473,643691,32201,7218,1,7200,5.46120809088
604273,636546,636548,32273,2,1,7200,3227.5
604273,636560,636893,32287,333,1,7200,97.957957958
604273,636794,637671,32521,877,1,7200,38.0820980616
604273,636905,637098,32632,193,1,7200,170.077720207
604274,636934,636935,32660,1,1,7200,3266.1
604274,636941,636942,32667,1,1,7200,3266.8
604275,636948,636952,32673,4,1,7200,3267.7
604276,636978,637064,32702,86,1,7200,381.255813953
604276,637077,637095,32801,18,1,7200,1823.27777778
604276,636985,637250,32709,265,1,7200,124.430188679
604277,637107,637108,32830,1,1,7200,3283.1
604277,637114,637115,32837,1,1,7200,3283.8
604277,637121,637211,32844,90,1,7200,365.933333333
604278,637166,637170,32888,4,1,7200,3289.2
604279,637199,637200,32920,1,1,7200,3292.1
604279,637182,637187,32903,5,1,7200,3290.8
604279,637212,637226,32933,14,1,7200,2353.35714286
604279,637226,637270,32947,44,1,7200,749.795454545
604280,637251,637252,32971,1,1,7200,3297.2
604280,637238,637239,32958,1,1,7200,3295.9
604281,637295,644536,33014,7241,1,7200,5.55931501174
604281,637277,637283,32996,6,1,7200,3300.2
604281,637290,640707,33009,3417,1,7200,10.6602282704
604282,637363,637386,33081,23,1,7200,1439.30434783
604282,637332,637350,33050,18,1,7200,1837.11111111
604282,637302,637320,33020,18,1,7200,1835.44444444
604283,637438,638830,33155,1392,1,7200,24.8182471264
604283,637398,637400,33115,2,1,7200,3311.7
604284,637698,637699,33414,1,1,7200,3341.5
604284,637683,637686,33399,3,1,7200,3340.2
604285,637778,637781,33493,3,1,7200,3349.6
604285,637737,637767,33452,30,1,7200,1116.06666667
604286,637824,637825,33538,1,1,7200,3353.9
604286,637793,637811,33507,18,1,7200,1862.5
604286,637837,637954,33551,117,1,7200,287.760683761
604287,637966,637968,33679,2,1,7200,3368.1
604287,638146,638149,33859,3,1,7200,3386.2
604287,637980,639588,33693,1608,1,7200,21.953358209
604288,638161,638720,33873,559,1,7200,61.595706619
604288,638732,638851,34444,119,1,7200,290.445378151
604289,639297,640828,35008,1531,1,7200,23.8661005879
604289,638842,639269,34553,427,1,7200,81.9203747073
604289,639281,639285,34992,4,1,7200,3499.6
604289,638864,646067,34575,7203,1,7200,5.80008329863
604290,639600,639603,35310,3,1,7200,3531.3
604290,639627,642163,35337,2536,1,7200,14.934148265
604291,639729,641503,35438,1774,1,7200,20.97632469
604291,639690,639716,35399,26,1,7200,1362.5
604291,639880,639920,35589,40,1,7200,890.725
604292,639946,640986,35654,1040,1,7200,35.2826923077
604292,640601,640704,36309,103,1,7200,353.514563107
604292,639932,639933,35640,1,1,7200,3564.1
604293,640751,640765,36458,14,1,7200,2605.14285714
604293,640724,640726,36431,2,1,7200,3643.3
604293,640717,641393,36424,676,1,7200,54.8816568047
604294,640840,641073,36546,233,1,7200,157.849785408
604294,640778,648003,36484,7225,1,7200,6.04968858131
604294,640999,641000,36705,1,1,7200,3670.6
604295,641085,641670,36790,585,1,7200,63.8888888889
604295,641025,641434,36730,409,1,7200,90.804400978
604296,641327,641334,37031,7,1,7200,3703.8
604296,641346,642491,37050,1145,1,7200,33.3580786026
604296,641421,641423,37125,2,1,7200,3712.7
604296,641406,641409,37110,3,1,7200,3711.3
604297,641435,642407,37138,972,1,7200,39.20781893
604297,641516,641517,37219,1,1,7200,3722.0
604297,641446,641922,37149,476,1,7200,79.0441176471
604298,641621,641624,37323,3,1,7200,3732.6
604298,641530,641578,37232,48,1,7200,776.666666667
604298,641590,648813,37292,7223,1,7200,6.16295168213
604299,641682,641975,37383,293,1,7200,128.587030717
604299,641636,641710,37337,74,1,7200,505.554054054
604299,641723,642237,37424,514,1,7200,73.8093385214
604299,641935,642931,37636,996,1,7200,38.7871485944
604300,641988,641989,37688,1,1,7200,3768.9
604300,642026,642027,37726,1,1,7200,3772.7
604300,642001,642014,37701,13,1,7200,2901.07692308
604301,642040,644891,37739,2851,1,7200,14.237109786
604301,642176,642280,37875,104,1,7200,365.182692308
604301,642188,642193,37887,5,1,7200,3789.2
604302,642217,642283,37915,66,1,7200,575.46969697
604302,642249,642252,37947,3,1,7200,3795.0
604303,642292,642293,37989,1,1,7200,3799.0
604303,642276,642593,37973,317,1,7200,120.788643533
604304,642306,642316,38002,10,1,7200,3801.2
604304,642299,642453,37995,154,1,7200,247.720779221
604304,642328,642587,38024,259,1,7200,147.810810811
604305,642465,649697,38160,7232,1,7200,6.27654867257
604305,642419,642420,38114,1,1,7200,3811.5
604305,642432,642542,38127,110,1,7200,347.609090909
604306,642554,642627,38248,73,1,7200,524.945205479
604306,642504,642655,38198,151,1,7200,253.966887417
604306,642599,642671,38293,72,1,7200,532.847222222
604307,642640,647127,38333,4487,1,7200,9.54312458213
604307,642619,644420,38312,1801,1,7200,22.2726263187
604308,642668,642741,38360,73,1,7200,526.479452055
604308,642692,642718,38384,26,1,7200,1477.30769231
604308,642685,642703,38377,18,1,7200,2133.05555556
604308,642678,642679,38370,1,1,7200,3837.1
604309,642729,642773,38420,44,1,7200,874.181818182
604309,642715,642716,38406,1,1,7200,3840.7
604309,642736,643465,38427,729,1,7200,53.7119341564
604310,642785,642786,38475,1,1,7200,3847.6
604310,642753,642756,38443,3,1,7200,3844.6
604310,642768,643213,38458,445,1,7200,87.4224719101
604311,643093,643274,38782,181,1,7200,215.26519337
604311,642811,650045,38500,7234,1,7200,6.32209012994
604311,642944,643080,38633,136,1,7200,285.066176471
604312,643226,643227,38914,1,1,7200,3891.5
604312,643246,643250,38934,4,1,7200,3893.8
604313,643269,643376,38956,107,1,7200,365.074766355
604313,643253,643254,38940,1,1,7200,3894.1
604313,643262,643280,38949,18,1,7200,2164.83333333
604313,643286,650492,38973,7206,1,7200,6.40840965862
604314,643321,643625,39007,304,1,7200,129.3125
604314,643293,643296,38979,3,1,7200,3898.2
604314,643308,643309,38994,1,1,7200,3899.5
604315,643387,643482,39072,95,1,7200,412.284210526
604315,643477,643478,39162,1,1,7200,3916.3
604315,643498,643517,39183,19,1,7200,2063.26315789
604315,643491,644007,39176,516,1,7200,76.9224806202
604316,643529,643531,39213,2,1,7200,3921.5
604316,643638,643641,39322,3,1,7200,3932.5
604316,643543,643847,39227,304,1,7200,130.036184211
604317,643731,645060,39414,1329,1,7200,30.6568848758
604317,643786,643797,39469,11,1,7200,3589.09090909
604317,643703,643774,39386,71,1,7200,555.732394366
604317,643653,643995,39336,342,1,7200,116.01754386
604318,643809,643922,39491,113,1,7200,350.477876106
604318,643880,643885,39562,5,1,7200,3956.7
604318,643860,643868,39542,8,1,7200,3955.0
604319,643934,643935,39615,1,1,7200,3961.6
604319,643897,644967,39578,1070,1,7200,37.9887850467
604320,643983,644043,39663,60,1,7200,662.05
604320,644007,651246,39687,7239,1,7200,6.48238707004
604321,644055,644057,39734,2,1,7200,3973.6
604321,644019,644104,39698,85,1,7200,468.035294118
604321,644069,645413,39748,1344,1,7200,30.5744047619
604322,644133,645275,39811,1142,1,7200,35.8607705779
604322,644433,644435,40111,2,1,7200,4011.3
604322,644447,645744,40125,1297,1,7200,31.9367771781
604322,644117,644121,39795,4,1,7200,3979.9
604323,644548,644550,40225,2,1,7200,4022.7
604323,644562,644568,40239,6,1,7200,4024.5
604323,644580,644643,40257,63,1,7200,640.0
604324,644655,644908,40331,253,1,7200,160.411067194
604387,605510,612786,1123,7276,5,16200,1.15434304563
