SubmitTime,StartTime,EndTime,QueuedTime,RunTime,NodesRequested,walltime,bslowdown
1,21,432,20,411,2,7200,1.04866180049
15,26,494,11,468,2,7200,1.0235042735
22,40,523,18,483,2,7200,1.03726708075
24,61,568,37,507,2,7200,1.07297830375
38,68,614,30,546,2,7200,1.05494505495
62,75,567,13,492,2,7200,1.02642276423
79,108,617,29,509,2,7200,1.05697445972
81,342,867,261,525,2,7200,1.49714285714
106,367,841,261,474,2,7200,1.55063291139
338,425,926,87,501,2,7200,1.17365269461
363,443,958,80,515,2,7200,1.15533980583
421,450,921,29,471,2,7200,1.06157112527
440,455,948,15,493,2,7200,1.03042596349
448,462,968,14,506,2,7200,1.02766798419
455,469,939,14,470,2,7200,1.02978723404
463,478,953,15,475,2,7200,1.03157894737
465,495,988,30,493,2,7200,1.06085192698
478,502,996,24,494,2,7200,1.04858299595
491,509,1030,18,521,2,7200,1.03454894434
499,514,1041,15,527,2,7200,1.0284629981
506,522,993,16,471,2,7200,1.03397027601
514,527,1038,13,511,2,7200,1.02544031311
521,536,1014,15,478,2,7200,1.03138075314
523,561,1034,38,473,2,7200,1.08033826638
537,566,1014,29,448,2,7200,1.06473214286
561,573,1054,12,481,2,7200,1.02494802495
578,585,1093,7,508,2,7200,1.01377952756
580,592,1074,12,482,2,7200,1.02489626556
582,597,1077,15,480,2,7200,1.03125
589,626,1136,37,510,2,7200,1.07254901961
597,633,1108,36,475,2,7200,1.07578947368
627,853,1334,226,481,2,7200,1.46985446985
629,880,1339,251,459,2,7200,1.54684095861
850,934,1412,84,478,2,7200,1.17573221757
879,941,1425,62,484,2,7200,1.12809917355
932,951,1447,19,496,2,7200,1.03830645161
939,960,1468,21,508,2,7200,1.04133858268
947,967,1451,20,484,2,7200,1.04132231405
960,974,1463,14,489,2,7200,1.02862985685
968,981,1457,13,476,2,7200,1.02731092437
969,1000,1509,31,509,2,7200,1.06090373281
977,1007,1490,30,483,2,7200,1.06211180124
1001,1014,1503,13,489,2,7200,1.02658486708
1003,1026,1508,23,482,2,7200,1.04771784232
1010,1042,1554,32,512,2,7200,1.0625
1027,1056,1530,29,474,2,7200,1.0611814346
1040,1061,1553,21,492,2,7200,1.04268292683
1053,1086,1576,33,490,2,7200,1.06734693878
1061,1093,1584,32,491,2,7200,1.06517311609
1085,1120,1608,35,488,2,7200,1.07172131148
1092,1148,1658,56,510,2,7200,1.10980392157
1116,1347,1822,231,475,2,7200,1.48631578947
1146,1354,1840,208,486,2,7200,1.42798353909
1343,1424,1936,81,512,2,7200,1.158203125
1350,1437,1963,87,526,2,7200,1.16539923954
1424,1459,1957,35,498,2,7200,1.0702811245
1437,1466,1923,29,457,2,7200,1.06345733042
1456,1473,1977,17,504,2,7200,1.03373015873
1463,1480,1967,17,487,2,7200,1.03490759754
1471,1485,1979,14,494,2,7200,1.02834008097
1478,1501,1992,23,491,2,7200,1.04684317719
1495,1515,2012,20,497,2,7200,1.04024144869
1502,1522,2003,20,481,2,7200,1.04158004158
1515,1527,1999,12,472,2,7200,1.02542372881
1523,1542,2046,19,504,2,7200,1.0376984127
1525,1565,2063,40,498,2,7200,1.08032128514
1538,1572,2031,34,459,2,7200,1.07407407407
1562,1588,2094,26,506,2,7200,1.05138339921
1569,1596,2096,27,500,2,7200,1.054
1588,1620,2131,32,511,2,7200,1.0626223092
1595,1671,2181,76,510,2,7200,1.14901960784
1620,1834,2289,214,455,2,7200,1.47032967033
1672,1852,2338,180,486,2,7200,1.37037037037
1830,1935,2431,105,496,2,7200,1.21169354839
1849,1948,2432,99,484,2,7200,1.20454545455
1935,1969,2437,34,468,2,7200,1.07264957265
1948,1976,2457,28,481,2,7200,1.05821205821
1967,1983,2475,16,492,2,7200,1.0325203252
1974,1990,2459,16,469,2,7200,1.03411513859
1982,1997,2478,15,481,2,7200,1.03118503119
1990,2004,2527,14,523,2,7200,1.02676864245
2008,2014,2502,6,488,2,7200,1.01229508197
2010,2021,2496,11,475,2,7200,1.02315789474
2012,2029,2543,17,514,2,7200,1.03307392996
2019,2043,2516,24,473,2,7200,1.05073995772
2027,2058,2575,31,517,2,7200,1.05996131528
2040,2075,2573,35,498,2,7200,1.0702811245
2059,2106,2592,47,486,2,7200,1.09670781893
2072,2113,2628,41,515,2,7200,1.07961165049
2107,2143,2641,36,498,2,7200,1.07228915663
2109,2194,2697,85,503,2,7200,1.1689860835
2139,2301,2809,162,508,2,7200,1.3188976378
2192,2351,2833,159,482,2,7200,1.32987551867
2300,2443,2932,143,489,2,7200,1.29243353783
2347,2450,2928,103,478,2,7200,1.21548117155
2439,2455,2925,16,470,2,7200,1.03404255319
2447,2469,2967,22,498,2,7200,1.04417670683
2454,2476,2957,22,481,2,7200,1.04573804574
2467,2487,2960,20,473,2,7200,1.0422832981
2475,2494,2958,19,464,2,7200,1.04094827586
2483,2509,3009,26,500,2,7200,1.052
2490,2515,2983,25,468,2,7200,1.05341880342
2509,2527,3007,18,480,2,7200,1.0375
2527,2539,2988,12,449,2,7200,1.02672605791
2529,2555,3068,26,513,2,7200,1.05068226121
2537,2585,3044,48,459,2,7200,1.1045751634
2555,2592,3052,37,460,2,7200,1.08043478261
2585,2603,3085,18,482,2,7200,1.03734439834
2593,2640,3167,47,527,2,7200,1.08918406072
2601,2653,3142,52,489,2,7200,1.1063394683
2636,2709,3190,73,481,2,7200,1.15176715177
2650,2821,3311,171,490,2,7200,1.34897959184
2708,2861,3347,153,486,2,7200,1.31481481481
2822,2937,3424,115,487,2,7200,1.23613963039
2857,2949,3459,92,510,2,7200,1.18039215686
2938,2956,3441,18,485,2,7200,1.03711340206
2945,2969,3426,24,457,2,7200,1.05251641138
2953,2976,3452,23,476,2,7200,1.04831932773
2966,2981,3443,15,462,2,7200,1.03246753247
2974,2987,3483,13,496,2,7200,1.02620967742
2981,2995,3459,14,464,2,7200,1.03017241379
2989,3002,3459,13,457,2,7200,1.0284463895
2991,3020,3485,29,465,2,7200,1.0623655914
3009,3027,3562,18,535,2,7200,1.03364485981
3016,3056,3579,40,523,2,7200,1.07648183556
3024,3065,3579,41,514,2,7200,1.07976653696
3054,3080,3566,26,486,2,7200,1.05349794239
3061,3097,3563,36,466,2,7200,1.07725321888
3080,3154,3713,74,559,2,7200,1.13237924866
3093,3179,3658,86,479,2,7200,1.17954070981
3151,3202,3695,51,493,2,7200,1.10344827586
3176,3323,3827,147,504,2,7200,1.29166666667
3200,3359,3839,159,480,2,7200,1.33125
3320,3436,3916,116,480,2,7200,1.24166666667
3355,3442,3943,87,501,2,7200,1.17365269461
3436,3453,3954,17,501,2,7200,1.03393213573
3443,3460,3952,17,492,2,7200,1.03455284553
3451,3467,3994,16,527,2,7200,1.03036053131
3459,3474,3940,15,466,2,7200,1.0321888412
3466,3479,3965,13,486,2,7200,1.02674897119
3474,3486,4010,12,524,2,7200,1.02290076336
3476,3496,3999,20,503,2,7200,1.03976143141
3483,3503,3987,20,484,2,7200,1.04132231405
3500,3575,4079,75,504,2,7200,1.14880952381
3502,3580,4060,78,480,2,7200,1.1625
3572,3587,4090,15,503,2,7200,1.02982107356
3579,3593,4090,14,497,2,7200,1.02816901408
3587,3598,4075,11,477,2,7200,1.02306079665
3594,3676,4147,82,471,2,7200,1.17409766454
3596,3707,4220,111,513,2,7200,1.21637426901
3677,3725,4220,48,495,2,7200,1.09696969697
3707,3839,4338,132,499,2,7200,1.26452905812
3725,3851,4318,126,467,2,7200,1.26980728051
3840,3928,4400,88,472,2,7200,1.18644067797
3847,3952,4425,105,473,2,7200,1.22198731501
3927,3959,4482,32,523,2,7200,1.06118546845
3952,3965,4455,13,490,2,7200,1.02653061224
3959,3971,4477,12,506,2,7200,1.02371541502
3961,3978,4462,17,484,2,7200,1.03512396694
3969,4004,4514,35,510,2,7200,1.06862745098
3976,4011,4488,35,477,2,7200,1.07337526205
4001,4016,4491,15,475,2,7200,1.03157894737
4008,4023,4544,15,521,2,7200,1.02879078695
4026,4072,4577,46,505,2,7200,1.09108910891
4028,4088,4588,60,500,2,7200,1.12
4069,4095,4594,26,499,2,7200,1.05210420842
4088,4102,4629,14,527,2,7200,1.0265654649
4095,4109,4619,14,510,2,7200,1.02745098039
4103,4160,4678,57,518,2,7200,1.11003861004
4110,4232,4709,122,477,2,7200,1.25576519916
4157,4237,4717,80,480,2,7200,1.16666666667
4232,4331,4808,99,477,2,7200,1.20754716981
4234,4356,4784,122,428,2,7200,1.28504672897
4331,4412,4913,81,501,2,7200,1.16167664671
4355,4437,4922,82,485,2,7200,1.16907216495
4413,4467,5005,54,538,2,7200,1.10037174721
4437,4473,4978,36,505,2,7200,1.07128712871
4467,4489,4948,22,459,2,7200,1.04793028322
4475,4496,4995,21,499,2,7200,1.04208416834
4488,4503,4966,15,463,2,7200,1.03239740821
4495,4508,4957,13,449,2,7200,1.0289532294
4505,4526,5022,21,496,2,7200,1.04233870968
4522,4556,5055,34,499,2,7200,1.06813627255
4524,4589,5127,65,538,2,7200,1.12081784387
4554,4600,5094,46,494,2,7200,1.09311740891
4590,4607,5119,17,512,2,7200,1.033203125
4597,4631,5108,34,477,2,7200,1.071278826
4605,4641,5101,36,460,2,7200,1.07826086957
4629,4691,5190,62,499,2,7200,1.12424849699
4637,4721,5210,84,489,2,7200,1.1717791411
4689,4730,5184,41,454,2,7200,1.09030837004
4719,4797,5315,78,518,2,7200,1.15057915058
4726,4820,5303,94,483,2,7200,1.19461697723
4795,4931,5424,136,493,2,7200,1.27586206897
4820,4937,5420,117,483,2,7200,1.24223602484
4928,4960,5507,32,547,2,7200,1.05850091408
4936,4969,5436,33,467,2,7200,1.07066381156
4960,4978,5485,18,507,2,7200,1.03550295858
4968,4990,5477,22,487,2,7200,1.04517453799
4975,5008,5481,33,473,2,7200,1.06976744186
4988,5017,5488,29,471,2,7200,1.06157112527
5012,5034,5505,22,471,2,7200,1.04670912951
5014,5067,5551,53,484,2,7200,1.10950413223
5032,5106,5652,74,546,2,7200,1.13553113553
5068,5112,5620,44,508,2,7200,1.08661417323
5104,5119,5614,15,495,2,7200,1.0303030303
5111,5132,5668,21,536,2,7200,1.03917910448
5119,5139,5629,20,490,2,7200,1.04081632653
5132,5196,5698,64,502,2,7200,1.12749003984
5139,5203,5695,64,492,2,7200,1.13008130081
5192,5222,5733,30,511,2,7200,1.05870841487
5199,5315,5803,116,488,2,7200,1.23770491803
5218,5333,5820,115,487,2,7200,1.23613963039
5315,5432,5886,117,454,2,7200,1.2577092511
5334,5439,5909,105,470,2,7200,1.22340425532
5431,5448,5916,17,468,2,7200,1.03632478632
5439,5489,6012,50,523,2,7200,1.09560229446
5446,5496,5985,50,489,2,7200,1.10224948875
5488,5503,5972,15,469,2,7200,1.03198294243
5495,5508,5978,13,470,2,7200,1.02765957447
5513,5520,5993,7,473,2,7200,1.01479915433
5515,5532,6016,17,484,2,7200,1.03512396694
5517,5564,6098,47,534,2,7200,1.08801498127
5530,5630,6131,100,501,2,7200,1.1996007984
5560,5637,6128,77,491,2,7200,1.15682281059
5629,5643,6143,14,500,2,7200,1.028
5637,5669,6126,32,457,2,7200,1.07002188184
5644,5681,6173,37,492,2,7200,1.07520325203
5669,5707,6236,38,529,2,7200,1.07183364839
5682,5714,6228,32,514,2,7200,1.06225680934
5706,5746,6238,40,492,2,7200,1.08130081301
5714,5815,6357,101,542,2,7200,1.18634686347
5744,5832,6329,88,497,2,7200,1.17706237425
5813,5898,6371,85,473,2,7200,1.17970401691
5832,5921,6419,89,498,2,7200,1.17871485944
5895,5928,6401,33,473,2,7200,1.06976744186
5920,5984,6510,64,526,2,7200,1.1216730038
5927,5991,6515,64,524,2,7200,1.12213740458
5985,5998,6456,13,458,2,7200,1.02838427948
5987,6005,6495,18,490,2,7200,1.03673469388
5995,6024,6523,29,499,2,7200,1.05811623246
6012,6031,6522,19,491,2,7200,1.03869653768
6020,6110,6610,90,500,2,7200,1.18
6027,6138,6604,111,466,2,7200,1.23819742489
6108,6145,6650,37,505,2,7200,1.07326732673
6138,6150,6506,12,356,2,7200,1.03370786517
6145,6157,6587,12,430,2,7200,1.02790697674
6147,6185,6665,38,480,2,7200,1.07916666667
6155,6241,6790,86,549,2,7200,1.15664845173
6185,6247,6742,62,495,2,7200,1.12525252525
6237,6255,6732,18,477,2,7200,1.03773584906
6245,6341,6823,96,482,2,7200,1.19917012448
6252,6370,6866,118,496,2,7200,1.23790322581
6338,6383,6876,45,493,2,7200,1.09127789047
6368,6413,6908,45,495,2,7200,1.09090909091
6381,6431,6900,50,469,2,7200,1.1066098081
6411,6468,6948,57,480,2,7200,1.11875
6430,6507,7000,77,493,2,7200,1.15618661258
6466,6517,7062,51,545,2,7200,1.09357798165
6505,6524,7028,19,504,2,7200,1.0376984127
6518,6532,7008,14,476,2,7200,1.02941176471
6526,6539,7018,13,479,2,7200,1.02713987474
6528,6544,7001,16,457,2,7200,1.03501094092
6535,6600,7034,65,434,2,7200,1.14976958525
6543,6616,7092,73,476,2,7200,1.15336134454
6601,6623,7093,22,470,2,7200,1.04680851064
6614,6663,7155,49,492,2,7200,1.09959349593
6621,6677,7189,56,512,2,7200,1.109375
6662,6744,7242,82,498,2,7200,1.16465863454
6676,6753,7291,77,538,2,7200,1.14312267658
6745,6802,7286,57,484,2,7200,1.11776859504
6752,6835,7307,83,472,2,7200,1.17584745763
6799,6878,7231,79,353,2,7200,1.22379603399
6834,6888,7395,54,507,2,7200,1.10650887574
6875,6912,7428,37,516,2,7200,1.07170542636
6888,6920,7398,32,478,2,7200,1.06694560669
6913,6960,7463,47,503,2,7200,1.09343936382
6930,7012,7532,82,520,2,7200,1.15769230769
6960,7018,7549,58,531,2,7200,1.10922787194
7012,7025,7538,13,513,2,7200,1.0253411306
7019,7032,7556,13,524,2,7200,1.02480916031
7021,7040,7525,19,485,2,7200,1.03917525773
7029,7052,7518,23,466,2,7200,1.04935622318
7036,7074,7568,38,494,2,7200,1.07692307692
7050,7104,7595,54,491,2,7200,1.1099796334
7074,7110,7634,36,524,2,7200,1.06870229008
7104,7168,7652,64,484,2,7200,1.13223140496
7111,7201,7667,90,466,2,7200,1.19313304721
7169,7243,7765,74,522,2,7200,1.14176245211
7199,7254,7787,55,533,2,7200,1.10318949343
7240,7298,7780,58,482,2,7200,1.12033195021
7253,7305,7793,52,488,2,7200,1.10655737705
7294,7324,7816,30,492,2,7200,1.06097560976
7302,7412,7871,110,459,2,7200,1.23965141612
7320,7419,7922,99,503,2,7200,1.19681908549
7416,7440,7960,24,520,2,7200,1.04615384615
7418,7475,8007,57,532,2,7200,1.10714285714
7437,7530,8009,93,479,2,7200,1.19415448852
7472,7536,8051,64,515,2,7200,1.12427184466
7530,7543,8056,13,513,2,7200,1.0253411306
7537,7551,8042,14,491,2,7200,1.02851323829
7545,7561,8048,16,487,2,7200,1.03285420945
7552,7568,8059,16,491,2,7200,1.03258655804
7560,7580,8058,20,478,2,7200,1.04184100418
7567,7607,8114,40,507,2,7200,1.07889546351
7580,7646,8137,66,491,2,7200,1.13441955193
7605,7664,8137,59,473,2,7200,1.12473572939
7646,7679,8177,33,498,2,7200,1.06626506024
7664,7777,8294,113,517,2,7200,1.21856866538
7678,7792,8236,114,444,2,7200,1.25675675676
7774,7798,8268,24,470,2,7200,1.05106382979
7788,7805,8274,17,469,2,7200,1.03624733475
7795,7828,8315,33,487,2,7200,1.06776180698
7803,7883,8414,80,531,2,7200,1.15065913371
7831,7933,8428,102,495,2,7200,1.20606060606
7883,7972,8426,89,454,2,7200,1.19603524229
7930,8019,8503,89,484,2,7200,1.18388429752
7971,8026,8517,55,491,2,7200,1.11201629328
8017,8054,8587,37,533,2,7200,1.06941838649
8025,8061,8538,36,477,2,7200,1.07547169811
8055,8068,8550,13,482,2,7200,1.02697095436
8057,8073,8588,16,515,2,7200,1.03106796117
8064,8080,8578,16,498,2,7200,1.03212851406
8072,8085,8582,13,497,2,7200,1.02615694165
8079,8127,8631,48,504,2,7200,1.09523809524
8081,8149,8602,68,453,2,7200,1.15011037528
8128,8154,8635,26,481,2,7200,1.05405405405
8147,8189,8647,42,458,2,7200,1.09170305677
8154,8248,8780,94,532,2,7200,1.17669172932
8190,8280,8824,90,544,2,7200,1.16544117647
8248,8287,8786,39,499,2,7200,1.07815631263
8277,8306,8816,29,510,2,7200,1.0568627451
8295,8327,8834,32,507,2,7200,1.06311637081
8302,8426,8942,124,516,2,7200,1.24031007752
8327,8439,8957,112,518,2,7200,1.21621621622
8423,8445,8943,22,498,2,7200,1.04417670683
8437,8515,8988,78,473,2,7200,1.16490486258
8444,8529,9009,85,480,2,7200,1.17708333333
8513,8551,9045,38,494,2,7200,1.07692307692
8526,8562,9083,36,521,2,7200,1.06909788868
8550,8590,9066,40,476,2,7200,1.08403361345
8558,8597,9080,39,483,2,7200,1.08074534161
8588,8604,9159,16,555,2,7200,1.02882882883
8595,8609,9111,14,502,2,7200,1.02788844622
8603,8616,9095,13,479,2,7200,1.02713987474
8610,8644,9142,34,498,2,7200,1.06827309237
8612,8651,9117,39,466,2,7200,1.08369098712
8642,8658,9160,16,502,2,7200,1.03187250996
8649,8793,9310,144,517,2,7200,1.27852998066
8657,8800,9327,143,527,2,7200,1.27134724858
8791,8828,9298,37,470,2,7200,1.07872340426
8799,8835,9312,36,477,2,7200,1.07547169811
8829,8846,9318,17,472,2,7200,1.03601694915
8836,8955,9438,119,483,2,7200,1.24637681159
8844,8960,9443,116,483,2,7200,1.24016563147
8952,8969,9482,17,513,2,7200,1.03313840156
8959,9000,9546,41,546,2,7200,1.07509157509
8967,9021,9510,54,489,2,7200,1.11042944785
8996,9057,9575,61,518,2,7200,1.11776061776
9021,9078,9578,57,500,2,7200,1.114
9056,9092,9562,36,470,2,7200,1.07659574468
9075,9099,9612,24,513,2,7200,1.04678362573
9088,9108,9615,20,507,2,7200,1.03944773176
9096,9123,9632,27,509,2,7200,1.05304518664
9109,9130,9616,21,486,2,7200,1.04320987654
9122,9154,9628,32,474,2,7200,1.06751054852
9129,9171,9666,42,495,2,7200,1.08484848485
9154,9177,9658,23,481,2,7200,1.04781704782
9167,9310,9813,143,503,2,7200,1.28429423459
9184,9322,9784,138,462,2,7200,1.2987012987
9309,9328,9820,19,492,2,7200,1.03861788618
9322,9335,9827,13,492,2,7200,1.02642276423
9330,9342,9805,12,463,2,7200,1.02591792657
9332,9451,9929,119,478,2,7200,1.2489539749
9339,9458,9921,119,463,2,7200,1.25701943844
9447,9494,9991,47,497,2,7200,1.09456740443
9455,9522,9992,67,470,2,7200,1.14255319149
9490,9558,10009,68,451,2,7200,1.15077605322
9520,9574,10083,54,509,2,7200,1.10609037328
9555,9588,10094,33,506,2,7200,1.0652173913
9574,9595,10076,21,481,2,7200,1.04365904366
9587,9624,10139,37,515,2,7200,1.07184466019
9595,9631,10121,36,490,2,7200,1.07346938776
9625,9636,10150,11,514,2,7200,1.02140077821
9632,9643,10129,11,486,2,7200,1.02263374486
9634,9650,10125,16,475,2,7200,1.03368421053
9642,9671,10123,29,452,2,7200,1.06415929204
9659,9678,10193,19,515,2,7200,1.03689320388
9672,9796,10277,124,481,2,7200,1.2577962578
9674,9818,10352,144,534,2,7200,1.26966292135
9793,9824,10292,31,468,2,7200,1.06623931624
9818,9832,10308,14,476,2,7200,1.02941176471
9825,9839,10291,14,452,2,7200,1.03097345133
9833,9933,10423,100,490,2,7200,1.20408163265
9835,9941,10450,106,509,2,7200,1.20825147348
9932,10003,10478,71,475,2,7200,1.14947368421
9939,10010,10521,71,511,2,7200,1.13894324853
10002,10024,10491,22,467,2,7200,1.04710920771
10010,10088,10571,78,483,2,7200,1.16149068323
10023,10095,10536,72,441,2,7200,1.16326530612
10086,10106,10600,20,494,2,7200,1.04048582996
10093,10133,10634,40,501,2,7200,1.07984031936
10107,10140,10664,33,524,2,7200,1.06297709924
10131,10145,10683,14,538,2,7200,1.02602230483
10138,10152,10647,14,495,2,7200,1.02828282828
10146,10157,10632,11,475,2,7200,1.02315789474
10163,10170,10610,7,440,2,7200,1.01590909091
10165,10206,10658,41,452,2,7200,1.0907079646
10167,10289,10781,122,492,2,7200,1.24796747967
10203,10303,10781,100,478,2,7200,1.20920502092
10288,10308,10796,20,488,2,7200,1.04098360656
10301,10320,10805,19,485,2,7200,1.03917525773
10309,10364,10852,55,488,2,7200,1.11270491803
10316,10435,10927,119,492,2,7200,1.2418699187
10363,10462,10955,99,493,2,7200,1.20081135903
10432,10490,10981,58,491,2,7200,1.11812627291
10461,10504,10982,43,478,2,7200,1.089958159
10486,10533,11052,47,519,2,7200,1.09055876686
10504,10547,11080,43,533,2,7200,1.08067542214
10529,10584,11074,55,490,2,7200,1.11224489796
10547,10614,11098,67,484,2,7200,1.13842975207
10583,10623,11094,40,471,2,7200,1.08492569002
10612,10645,11114,33,469,2,7200,1.07036247335
10620,10651,11193,31,542,2,7200,1.05719557196
10644,10658,11076,14,418,2,7200,1.03349282297
10652,10671,11197,19,526,2,7200,1.036121673
10669,10678,11164,9,486,2,7200,1.01851851852
10671,10696,11183,25,487,2,7200,1.05133470226
10678,10793,11308,115,515,2,7200,1.22330097087
10697,10798,11290,101,492,2,7200,1.20528455285
10793,10808,11318,15,510,2,7200,1.02941176471
10795,10817,11324,22,507,2,7200,1.04339250493
10809,10865,11389,56,524,2,7200,1.10687022901
10816,10939,11475,123,536,2,7200,1.22947761194
10863,10967,11438,104,471,2,7200,1.22080679406
10937,10994,11471,57,477,2,7200,1.11949685535
10967,10999,11496,32,497,2,7200,1.06438631791
10991,11064,11550,73,486,2,7200,1.15020576132
10998,11086,11616,88,530,2,7200,1.16603773585
11062,11093,11549,31,456,2,7200,1.06798245614
11086,11098,11565,12,467,2,7200,1.02569593148
11094,11107,11613,13,506,2,7200,1.0256916996
11095,11114,11633,19,519,2,7200,1.0366088632
11103,11126,11619,23,493,2,7200,1.04665314402
11110,11176,11685,66,509,2,7200,1.12966601179
11124,11197,11718,73,521,2,7200,1.14011516315
11174,11205,11682,31,477,2,7200,1.06498951782
11193,11212,11690,19,478,2,7200,1.03974895397
11206,11302,11783,96,481,2,7200,1.19958419958
11208,11321,11803,113,482,2,7200,1.23443983402
11299,11330,11809,31,479,2,7200,1.06471816284
11317,11337,11813,20,476,2,7200,1.04201680672
11330,11401,11886,71,485,2,7200,1.14639175258
11338,11451,11943,113,492,2,7200,1.22967479675
11401,11483,11985,82,502,2,7200,1.16334661355
11447,11490,11962,43,472,2,7200,1.09110169492
11483,11509,11973,26,464,2,7200,1.05603448276
11490,11561,12060,71,499,2,7200,1.14228456914
11509,11567,12053,58,486,2,7200,1.11934156379
11561,11577,12057,16,480,2,7200,1.03333333333
11568,11625,12140,57,515,2,7200,1.11067961165
11576,11632,12136,56,504,2,7200,1.11111111111
11623,11637,12109,14,472,2,7200,1.02966101695
11630,11645,12156,15,511,2,7200,1.02935420744
11648,11694,12185,46,491,2,7200,1.09368635438
11650,11701,12228,51,527,2,7200,1.09677419355
11691,11708,12208,17,500,2,7200,1.034
11698,11730,12240,32,510,2,7200,1.06274509804
11706,11795,12272,89,477,2,7200,1.18658280922
11730,11815,12331,85,516,2,7200,1.16472868217
11793,11822,12315,29,493,2,7200,1.05882352941
11811,11829,12319,18,490,2,7200,1.03673469388
11819,11903,12418,84,515,2,7200,1.16310679612
11826,11956,12489,130,533,2,7200,1.24390243902
11901,11974,12494,73,520,2,7200,1.14038461538
11952,11985,12360,33,375,2,7200,1.088
11971,11997,12490,26,493,2,7200,1.05273833671
11984,12066,12463,82,397,2,7200,1.20654911839
11997,12073,12556,76,483,2,7200,1.15734989648
12066,12078,12545,12,467,2,7200,1.02569593148
12073,12122,12641,49,519,2,7200,1.09441233141
12075,12148,12620,73,472,2,7200,1.15466101695
12122,12155,12668,33,513,2,7200,1.06432748538
12151,12168,12660,17,492,2,7200,1.03455284553
12153,12197,12677,44,480,2,7200,1.09166666667
12166,12220,12711,54,491,2,7200,1.1099796334
12195,12240,12742,45,502,2,7200,1.08964143426
12220,12252,12759,32,507,2,7200,1.06311637081
12238,12285,12800,47,515,2,7200,1.09126213592
12251,12327,12787,76,460,2,7200,1.1652173913
12254,22342,22350,10088,8,1,1800,1009.6
12281,12334,12836,53,502,2,7200,1.10557768924
12328,12343,12838,15,495,2,7200,1.0303030303
12329,12372,12868,43,496,2,7200,1.08669354839
12343,12430,12943,87,513,2,7200,1.16959064327
12372,12475,12969,103,494,2,7200,1.20850202429
12430,12501,12978,71,477,2,7200,1.14884696017
12476,12508,13027,32,519,2,7200,1.06165703276
12500,12513,12998,13,485,2,7200,1.02680412371
12508,12557,13083,49,526,2,7200,1.09315589354
12510,12568,13070,58,502,2,7200,1.11553784861
12556,12633,13142,77,509,2,7200,1.15127701375
12564,12654,13157,90,503,2,7200,1.17892644135
12637,12673,13162,36,489,2,7200,1.0736196319
12650,12680,13168,30,488,2,7200,1.06147540984
12674,12689,13225,15,536,2,7200,1.02798507463
12676,12723,13208,47,485,2,7200,1.09690721649
12689,12754,13238,65,484,2,7200,1.13429752066
12719,12771,13287,52,516,2,7200,1.1007751938
12754,12799,13285,45,486,2,7200,1.09259259259
12767,12817,13296,50,479,2,7200,1.10438413361
12797,12848,13391,51,543,2,7200,1.09392265193
12816,12855,13323,39,468,2,7200,1.08333333333
12845,12884,13383,39,499,2,7200,1.07815631263
12853,12960,13424,107,464,2,7200,1.23060344828
12883,12981,13488,98,507,2,7200,1.1932938856
12956,12991,13533,35,542,2,7200,1.06457564576
12981,13010,13539,29,529,2,7200,1.05482041588
12988,13039,13511,51,472,2,7200,1.10805084746
13006,13082,13595,76,513,2,7200,1.14814814815
13036,13095,13545,59,450,2,7200,1.13111111111
13081,13154,13662,73,508,2,7200,1.1437007874
13094,13175,13642,81,467,2,7200,1.17344753747
13151,13180,13647,29,467,2,7200,1.06209850107
13175,13187,13694,12,507,2,7200,1.02366863905
13177,13220,13731,43,511,2,7200,1.08414872798
13185,13238,13713,53,475,2,7200,1.11157894737
13220,13250,13771,30,521,2,7200,1.0575815739
13238,13297,13765,59,468,2,7200,1.12606837607
13246,13304,13799,58,495,2,7200,1.11717171717
13298,13311,13815,13,504,2,7200,1.02579365079
13305,13335,13833,30,498,2,7200,1.06024096386
13307,13395,13905,88,510,2,7200,1.17254901961
13331,13404,13881,73,477,2,7200,1.15303983229
13394,13437,13923,43,486,2,7200,1.08847736626
13401,13500,13991,99,491,2,7200,1.2016293279
13436,13523,14016,87,493,2,7200,1.17647058824
13499,13545,14023,46,478,2,7200,1.09623430962
13523,13552,14061,29,509,2,7200,1.05697445972
13547,13559,14020,12,461,2,7200,1.02603036876
13549,13607,14115,58,508,2,7200,1.11417322835
13556,13654,14168,98,514,2,7200,1.1906614786
13602,13660,14181,58,521,2,7200,1.1113243762
13654,13674,14153,20,479,2,7200,1.04175365344
13662,13706,14242,44,536,2,7200,1.08208955224
13675,13725,14230,50,505,2,7200,1.09900990099
13704,13743,14226,39,483,2,7200,1.08074534161
13723,13777,14258,54,481,2,7200,1.11226611227
13741,13784,14303,43,519,2,7200,1.08285163776
13776,13816,14327,40,511,2,7200,1.0782778865
13783,13827,14297,44,470,2,7200,1.09361702128
13813,13845,14316,32,471,2,7200,1.06794055202
13826,13893,14360,67,467,2,7200,1.14346895075
13844,13917,14419,73,502,2,7200,1.14541832669
13890,13935,14414,45,479,2,7200,1.09394572025
13914,14003,14496,89,493,2,7200,1.18052738337
13933,14028,14472,95,444,2,7200,1.21396396396
14001,14034,14495,33,461,2,7200,1.0715835141
14025,14040,14555,15,515,2,7200,1.02912621359
14043,14073,14550,30,477,2,7200,1.06289308176
14045,14127,14603,82,476,2,7200,1.17226890756
14074,14165,14693,91,528,2,7200,1.17234848485
14126,14180,14661,54,481,2,7200,1.11226611227
14161,14193,14658,32,465,2,7200,1.0688172043
14179,14239,14697,60,458,2,7200,1.13100436681
14192,14246,14749,54,503,2,7200,1.10735586481
14238,14255,14766,17,511,2,7200,1.03326810176
14246,14270,14758,24,488,2,7200,1.04918032787
14253,14309,14811,56,502,2,7200,1.11155378486
14266,14316,14804,50,488,2,7200,1.10245901639
14307,14328,14797,21,469,2,7200,1.0447761194
14314,14339,14881,25,542,2,7200,1.04612546125
14327,14372,14842,45,470,2,7200,1.09574468085
14334,14426,14936,92,510,2,7200,1.18039215686
14369,14433,14947,64,514,2,7200,1.12451361868
14427,14484,14966,57,482,2,7200,1.11825726141
14434,14507,15013,73,506,2,7200,1.1442687747
14480,14513,14989,33,476,2,7200,1.06932773109
14508,14563,15046,55,483,2,7200,1.11387163561
14510,14570,15040,60,470,2,7200,1.12765957447
14562,14616,15127,54,511,2,7200,1.10567514677
14569,14670,15163,101,493,2,7200,1.20486815416
14615,14677,15171,62,494,2,7200,1.12550607287
14667,14705,15100,38,395,2,7200,1.09620253165
14674,14712,15221,38,509,2,7200,1.07465618861
14704,14761,15290,57,529,2,7200,1.10775047259
14711,14769,15273,58,504,2,7200,1.11507936508
14757,14779,15247,22,468,2,7200,1.04700854701
14770,14810,15305,40,495,2,7200,1.08080808081
14779,14817,15325,38,508,2,7200,1.07480314961
14808,14829,15287,21,458,2,7200,1.04585152838
14816,14854,15330,38,476,2,7200,1.07983193277
14829,14893,15423,64,530,2,7200,1.12075471698
14853,14948,15439,95,491,2,7200,1.19348268839
14893,14959,15476,66,517,2,7200,1.12765957447
14945,14978,15417,33,439,2,7200,1.07517084282
14958,15002,15529,44,527,2,7200,1.0834914611
14981,15025,15502,44,477,2,7200,1.09224318658
14999,15052,15537,53,485,2,7200,1.10927835052
15023,15059,15548,36,489,2,7200,1.0736196319
15053,15113,15586,60,473,2,7200,1.12684989429
15055,15139,15625,84,486,2,7200,1.17283950617
15112,15178,15709,66,531,2,7200,1.12429378531
15136,15185,15672,49,487,2,7200,1.10061601643
15176,15233,15665,57,432,2,7200,1.13194444444
15184,15259,15742,75,483,2,7200,1.15527950311
15230,15286,15753,56,467,2,7200,1.1199143469
15259,15299,15775,40,476,2,7200,1.08403361345
15283,15306,15819,23,513,2,7200,1.04483430799
15296,15317,15821,21,504,2,7200,1.04166666667
15303,15338,15823,35,485,2,7200,1.07216494845
15316,15345,15860,29,515,2,7200,1.05631067961
15335,15429,15906,94,477,2,7200,1.19706498952
15342,15436,15971,94,535,2,7200,1.17570093458
15427,15451,15944,24,493,2,7200,1.04868154158
15444,15488,16032,44,544,2,7200,1.08088235294
15451,15515,16025,64,510,2,7200,1.12549019608
15486,15541,15983,55,442,2,7200,1.12443438914
15516,15550,16057,34,507,2,7200,1.06706114398
15540,15559,16039,19,480,2,7200,1.03958333333
15547,15598,16078,51,480,2,7200,1.10625
15560,15638,16169,78,531,2,7200,1.14689265537
15595,15677,16191,82,514,2,7200,1.15953307393
15635,15684,16197,49,513,2,7200,1.0955165692
15676,15722,16193,46,471,2,7200,1.09766454352
15683,15755,16249,72,494,2,7200,1.14574898785
15718,15766,16303,48,537,2,7200,1.08938547486
15753,15787,16238,34,451,2,7200,1.07538802661
15766,15832,16294,66,462,2,7200,1.14285714286
15785,15839,16348,54,509,2,7200,1.10609037328
15831,15844,16390,13,546,2,7200,1.02380952381
15838,15873,16356,35,483,2,7200,1.07246376812
15840,15918,16391,78,473,2,7200,1.16490486258
15870,15956,16477,86,521,2,7200,1.1650671785
15920,15983,16521,63,538,2,7200,1.11710037175
15955,15996,16496,41,500,2,7200,1.082
15979,16037,16544,58,507,2,7200,1.11439842209
15992,16043,16563,51,520,2,7200,1.09807692308
16033,16052,16566,19,514,2,7200,1.03696498054
16040,16069,16570,29,501,2,7200,1.05788423154
16047,16090,16569,43,479,2,7200,1.08977035491
16066,16181,16693,115,512,2,7200,1.224609375
16090,16203,16695,113,492,2,7200,1.22967479675
16180,16210,16717,30,507,2,7200,1.05917159763
16204,16222,16742,18,520,2,7200,1.03461538462
16206,16250,16748,44,498,2,7200,1.08835341365
16219,16261,16763,42,502,2,7200,1.08366533865
16248,16307,16825,59,518,2,7200,1.1138996139
16261,16315,16795,54,480,2,7200,1.1125
16308,16360,16830,52,470,2,7200,1.11063829787
16315,16369,16869,54,500,2,7200,1.108
16356,16402,16862,46,460,2,7200,1.1
16373,16409,16888,36,479,2,7200,1.0751565762
16403,16489,16965,86,476,2,7200,1.18067226891
16404,16508,17052,104,544,2,7200,1.19117647059
16489,16534,17051,45,517,2,7200,1.08704061896
16507,16557,17025,50,468,2,7200,1.10683760684
16531,16575,17099,44,524,2,7200,1.08396946565
16555,16582,17085,27,503,2,7200,1.05367793241
16574,16587,17057,13,470,2,7200,1.02765957447
16581,16594,17089,13,495,2,7200,1.02626262626
16583,16705,17199,122,494,2,7200,1.24696356275
16591,16712,17230,121,518,2,7200,1.23359073359
16703,16728,17221,25,493,2,7200,1.05070993915
16710,16754,17246,44,492,2,7200,1.08943089431
16729,16761,17275,32,514,2,7200,1.06225680934
16753,16776,17288,23,512,2,7200,1.044921875
16760,16808,17307,48,499,2,7200,1.09619238477
16773,16837,17324,64,487,2,7200,1.13141683778
16809,16843,17331,34,488,2,7200,1.06967213115
16837,16874,17383,37,509,2,7200,1.07269155206
16844,16881,17350,37,469,2,7200,1.078891258
16874,16901,17391,27,490,2,7200,1.05510204082
16881,16977,17479,96,502,2,7200,1.19123505976
16900,17037,17547,137,510,2,7200,1.26862745098
16973,17063,17576,90,513,2,7200,1.17543859649
17036,17070,17528,34,458,2,7200,1.07423580786
17060,17075,17554,15,479,2,7200,1.03131524008
17067,17097,17603,30,506,2,7200,1.05928853755
17074,17104,17489,30,385,2,7200,1.07792207792
17093,17111,17617,18,506,2,7200,1.03557312253
17100,17211,17680,111,469,2,7200,1.23667377399
17108,17233,17789,125,556,2,7200,1.22482014388
17209,17243,17769,34,526,2,7200,1.06463878327
17232,17259,17738,27,479,2,7200,1.05636743215
17240,17287,17774,47,487,2,7200,1.09650924025
17258,17300,17800,42,500,2,7200,1.084
17288,17319,17784,31,465,2,7200,1.06666666667
17301,17336,17819,35,483,2,7200,1.07246376812
17318,17342,17839,24,497,2,7200,1.04828973843
17336,17362,17777,26,415,2,7200,1.06265060241
17343,17395,17863,52,468,2,7200,1.11111111111
17362,17404,17915,42,511,2,7200,1.08219178082
17391,17491,17977,100,486,2,7200,1.20576131687
17404,17501,18018,97,517,2,7200,1.18762088975
17489,17540,18025,51,485,2,7200,1.10515463918
17501,17559,18046,58,487,2,7200,1.11909650924
17536,17565,18086,29,521,2,7200,1.0556621881
17555,17588,18036,33,448,2,7200,1.07366071429
17562,17615,18103,53,488,2,7200,1.10860655738
17586,17629,18121,43,492,2,7200,1.08739837398
17615,17693,18175,78,482,2,7200,1.16182572614
17628,17750,18262,122,512,2,7200,1.23828125
17691,17781,18253,90,472,2,7200,1.1906779661
17748,17788,18275,40,487,2,7200,1.08213552361
17777,17795,18315,18,520,2,7200,1.03461538462
17784,17802,18352,18,550,2,7200,1.03272727273
17802,17814,18351,12,537,2,7200,1.02234636872
17804,17819,18374,15,555,2,7200,1.02702702703
17811,17831,18284,20,453,2,7200,1.04415011038
17819,17851,18372,32,521,2,7200,1.06142034549
17832,17875,18394,43,519,2,7200,1.08285163776
17850,17927,18407,77,480,2,7200,1.16041666667
17874,17989,18498,115,509,2,7200,1.22593320236
17925,18030,18538,105,508,2,7200,1.20669291339
17988,18037,18520,49,483,2,7200,1.10144927536
18028,18049,18528,21,479,2,7200,1.04384133612
18035,18058,18573,23,515,2,7200,1.04466019417
18048,18099,18540,51,441,2,7200,1.1156462585
18056,18115,18618,59,503,2,7200,1.11729622266
18096,18134,18663,38,529,2,7200,1.07183364839
18114,18187,18666,73,479,2,7200,1.15240083507
18133,18265,18802,132,537,2,7200,1.24581005587
18184,18274,18763,90,489,2,7200,1.18404907975
18263,18288,18760,25,472,2,7200,1.05296610169
18270,18295,18800,25,505,2,7200,1.0495049505
18288,18328,18836,40,508,2,7200,1.07874015748
18296,18363,18846,67,483,2,7200,1.13871635611
18329,18370,18838,41,468,2,7200,1.08760683761
18364,18384,18839,20,455,2,7200,1.04395604396
18366,18391,18874,25,483,2,7200,1.05175983437
18384,18406,18864,22,458,2,7200,1.0480349345
18392,18419,18895,27,476,2,7200,1.05672268908
18404,18510,19046,106,536,2,7200,1.19776119403
18417,18532,19008,115,476,2,7200,1.24159663866
18507,18541,19057,34,516,2,7200,1.06589147287
18531,18550,19074,19,524,2,7200,1.03625954198
18538,18557,19095,19,538,2,7200,1.03531598513
18546,18585,19096,39,511,2,7200,1.07632093933
18553,18630,19150,77,520,2,7200,1.14807692308
18582,18676,19216,94,540,2,7200,1.17407407407
18628,18682,19167,54,485,2,7200,1.11134020619
18674,18772,19267,98,495,2,7200,1.19797979798
18681,18779,19325,98,546,2,7200,1.17948717949
18771,18812,19363,41,551,2,7200,1.07441016334
18779,18818,19325,39,507,2,7200,1.07692307692
18812,18848,19357,36,509,2,7200,1.07072691552
18819,18855,19392,36,537,2,7200,1.06703910615
18843,18860,19343,17,483,2,7200,1.03519668737
18851,18867,19377,16,510,2,7200,1.03137254902
18858,18876,19375,18,499,2,7200,1.03607214429
18866,18886,19364,20,478,2,7200,1.04184100418
18873,18907,19435,34,528,2,7200,1.06439393939
18886,19020,19527,134,507,2,7200,1.26429980276
18904,19058,19544,154,486,2,7200,1.31687242798
19016,19069,19591,53,522,2,7200,1.10153256705
19057,19089,19575,32,486,2,7200,1.0658436214
19070,19108,19577,38,469,2,7200,1.08102345416
19088,19113,19631,25,518,2,7200,1.04826254826
19106,19162,19650,56,488,2,7200,1.11475409836
19114,19179,19657,65,478,2,7200,1.1359832636
19160,19228,19783,68,555,2,7200,1.12252252252
19178,19279,19780,101,501,2,7200,1.20159680639
19224,19337,19831,113,494,2,7200,1.22874493927
19275,19342,19826,67,484,2,7200,1.13842975207
19336,19355,19830,19,475,2,7200,1.04
19338,19369,19879,31,510,2,7200,1.06078431373
19351,19376,19855,25,479,2,7200,1.05219206681
19370,19381,19909,11,528,2,7200,1.02083333333
19377,19388,19874,11,486,2,7200,1.02263374486
19379,19395,19889,16,494,2,7200,1.03238866397
19386,19404,19909,18,505,2,7200,1.03564356436
19394,19448,19964,54,516,2,7200,1.10465116279
19401,19538,20048,137,510,2,7200,1.26862745098
19447,19557,20052,110,495,2,7200,1.22222222222
19537,19588,20120,51,532,2,7200,1.09586466165
19555,19595,20070,40,475,2,7200,1.08421052632
19585,19604,20132,19,528,2,7200,1.03598484848
19592,19643,20137,51,494,2,7200,1.1032388664
19605,19662,20176,57,514,2,7200,1.11089494163
19640,19669,20137,29,468,2,7200,1.06196581197
19658,19791,20268,133,477,2,7200,1.27882599581
19665,19804,20230,139,426,2,7200,1.32629107981
19788,19838,20349,50,511,2,7200,1.09784735812
19805,19845,20331,40,486,2,7200,1.08230452675
19835,19850,20379,15,529,2,7200,1.02835538752
19842,19868,20360,26,492,2,7200,1.05284552846
19850,19886,20361,36,475,2,7200,1.07578947368
19868,19892,20360,24,468,2,7200,1.05128205128
19886,19905,20382,19,477,2,7200,1.03983228512
19888,19921,20399,33,478,2,7200,1.0690376569
19901,19926,20428,25,502,2,7200,1.04980079681
19920,19976,20468,56,492,2,7200,1.11382113821
19927,20060,20594,133,534,2,7200,1.24906367041
19973,20067,20562,94,495,2,7200,1.1898989899
20057,20082,20612,25,530,2,7200,1.04716981132
20065,20132,20652,67,520,2,7200,1.12884615385
20083,20144,20641,61,497,2,7200,1.12273641851
20125,22347,22427,2222,80,1,1800,28.775
20129,20151,20650,22,499,2,7200,1.04408817635
20142,20156,20648,14,492,2,7200,1.02845528455
20149,20188,20619,39,431,2,7200,1.09048723898
20157,20243,20751,86,508,2,7200,1.16929133858
20191,20281,20733,90,452,2,7200,1.19911504425
20242,20344,20836,102,492,2,7200,1.20731707317
20277,20361,20892,84,531,2,7200,1.1581920904
20345,20372,20864,27,492,2,7200,1.05487804878
20358,20377,20874,19,497,2,7200,1.03822937626
20371,20385,20868,14,483,2,7200,1.02898550725
20378,20392,20877,14,485,2,7200,1.02886597938
20385,20399,20937,14,538,2,7200,1.02602230483
20393,20413,20885,20,472,2,7200,1.04237288136
20400,20440,20974,40,534,2,7200,1.07490636704
20413,20481,20980,68,499,2,7200,1.13627254509
20437,20574,21072,137,498,2,7200,1.27510040161
20477,20606,21080,129,474,2,7200,1.27215189873
20573,20624,21124,51,500,2,7200,1.102
20602,20631,21115,29,484,2,7200,1.05991735537
20621,20653,21167,32,514,2,7200,1.06225680934
20628,20660,21061,32,401,2,7200,1.07980049875
20652,20667,21148,15,481,2,7200,1.03118503119
20670,20676,21222,6,546,2,7200,1.01098901099
20672,20744,21249,72,505,2,7200,1.14257425743
20674,20763,21279,89,516,2,7200,1.17248062016
20741,20849,21353,108,504,2,7200,1.21428571429
20760,20876,21367,116,491,2,7200,1.23625254582
20844,20883,21367,39,484,2,7200,1.0805785124
20874,20889,21350,15,461,2,7200,1.03253796095
20881,20895,21384,14,489,2,7200,1.02862985685
20888,20902,21457,14,555,2,7200,1.02522522523
20896,20909,21406,13,497,2,7200,1.02615694165
20898,20950,21415,52,465,2,7200,1.11182795699
20905,20986,21478,81,492,2,7200,1.16463414634
20945,20993,21525,48,532,2,7200,1.09022556391
20986,21073,21477,87,404,2,7200,1.21534653465
20993,21084,21588,91,504,2,7200,1.18055555556
21072,21091,21604,19,513,2,7200,1.03703703704
21085,21127,21628,42,501,2,7200,1.08383233533
21092,21136,21611,44,475,2,7200,1.09263157895
21127,21160,21657,33,497,2,7200,1.06639839034
21134,21185,21611,51,426,2,7200,1.11971830986
21162,21240,21796,78,556,2,7200,1.14028776978
21181,21246,21728,65,482,2,7200,1.13485477178
21237,21253,21735,16,482,2,7200,1.03319502075
21245,21261,21795,16,534,2,7200,1.02996254682
21252,21291,21814,39,523,2,7200,1.07456978967
21259,21362,21854,103,492,2,7200,1.2093495935
21289,21368,21804,79,436,2,7200,1.18119266055
21362,21379,21894,17,515,2,7200,1.03300970874
21364,21384,21894,20,510,2,7200,1.03921568627
21377,21397,21866,20,469,2,7200,1.04264392324
21384,21418,21931,34,513,2,7200,1.06627680312
21397,21427,21921,30,494,2,7200,1.06072874494
21415,21469,21963,54,494,2,7200,1.10931174089
21423,21490,22012,67,522,2,7200,1.12835249042
21469,21495,21922,26,427,2,7200,1.06088992974
21487,21537,22025,50,488,2,7200,1.10245901639
21494,21600,22096,106,496,2,7200,1.21370967742
21535,21616,22081,81,465,2,7200,1.17419354839
21601,21622,22094,21,472,2,7200,1.04449152542
21614,21629,22155,15,526,2,7200,1.02851711027
21621,21640,22093,19,453,2,7200,1.04194260486
21628,21668,22146,40,478,2,7200,1.08368200837
21636,21740,22209,104,469,2,7200,1.22174840085
21665,21746,22277,81,531,2,7200,1.15254237288
21739,21807,22261,68,454,2,7200,1.14977973568
21746,21814,22327,68,513,2,7200,1.13255360624
21803,21821,22322,18,501,2,7200,1.03592814371
21810,21828,22315,18,487,2,7200,1.03696098563
21818,21866,22393,48,527,2,7200,1.09108159393
21825,21879,22367,54,488,2,7200,1.1106557377
21865,21905,22404,40,499,2,7200,1.08016032064
21878,21910,22386,32,476,2,7200,1.06722689076
21902,21933,22426,31,493,2,7200,1.06288032454
21909,21939,22464,30,525,2,7200,1.05714285714
21933,21946,22445,13,499,2,7200,1.02605210421
21940,21975,22511,35,536,2,7200,1.06529850746
21942,22024,22532,82,508,2,7200,1.16141732283
21971,22037,22485,66,448,2,7200,1.14732142857
22023,22093,22620,70,527,2,7200,1.13282732448
22036,22105,22608,69,503,2,7200,1.13717693837
22092,22112,22614,20,502,2,7200,1.03984063745
22105,22117,22607,12,490,2,7200,1.02448979592
22113,22158,22640,45,482,2,7200,1.09336099585
22114,22167,22686,53,519,2,7200,1.1021194605
22155,22220,22754,65,534,2,7200,1.12172284644
22168,22273,22760,105,487,2,7200,1.21560574949
22219,22289,22804,70,515,2,7200,1.1359223301
22270,22328,22804,58,476,2,7200,1.1218487395
22289,22335,22828,46,493,2,7200,1.09330628803
22323,22352,22847,29,495,2,7200,1.05858585859
22331,22379,22912,48,533,2,7200,1.09005628518
22349,22399,22926,50,527,2,7200,1.09487666034
22377,22406,22897,29,491,2,7200,1.05906313646
22395,22417,22914,22,497,2,7200,1.04426559356
22403,22439,22918,36,479,2,7200,1.0751565762
22415,22457,22964,42,507,2,7200,1.08284023669
22439,22476,22940,37,464,2,7200,1.07974137931
22458,22497,22993,39,496,2,7200,1.07862903226
22476,22527,23024,51,497,2,7200,1.10261569416
22494,22544,23063,50,519,2,7200,1.09633911368
22508,22520,22597,12,77,1,1800,1.15584415584
22524,22619,23112,95,493,2,7200,1.19269776876
22542,22626,23087,84,461,2,7200,1.18221258134
22615,22631,23116,16,485,2,7200,1.03298969072
22623,22638,23148,15,510,2,7200,1.02941176471
22630,22652,23194,22,542,2,7200,1.0405904059
22637,22699,23197,62,498,2,7200,1.12449799197
22650,22767,23254,117,487,2,7200,1.24024640657
22656,22666,22769,10,103,1,1800,1.09708737864
22696,22774,23286,78,512,2,7200,1.15234375
22768,22816,23264,48,448,2,7200,1.10714285714
22775,22821,23317,46,496,2,7200,1.09274193548
22815,22840,23306,25,466,2,7200,1.05364806867
22817,22827,22926,10,99,1,1800,1.10101010101
22817,22859,23326,42,467,2,7200,1.08993576017
22835,22910,23419,75,509,2,7200,1.14734774067
22859,22924,23379,65,455,2,7200,1.14285714286
22911,22931,23450,20,519,2,7200,1.03853564547
22923,22936,23412,13,476,2,7200,1.02731092437
22931,22943,23457,12,514,2,7200,1.0233463035
22933,22952,23447,19,495,2,7200,1.03838383838
22940,22976,23460,36,484,2,7200,1.07438016529
22953,22994,23463,41,469,2,7200,1.08742004264
22977,23006,23483,29,477,2,7200,1.0607966457
22989,23037,23519,48,482,2,7200,1.09958506224
23002,23076,23479,74,403,2,7200,1.18362282878
23037,23099,23614,62,515,2,7200,1.12038834951
23072,23123,23620,51,497,2,7200,1.10261569416
23099,23131,23625,32,494,2,7200,1.06477732794
23123,23206,23722,83,516,2,7200,1.16085271318
23131,23160,23713,29,553,2,7200,1.05244122966
23160,23213,23669,53,456,2,7200,1.11622807018
23206,23270,23728,64,458,2,7200,1.13973799127
23213,23278,23774,65,496,2,7200,1.1310483871
23259,23265,23644,6,379,1,1800,1.01583113456
23270,23298,23811,28,513,2,7200,1.05458089669
23277,23318,23801,41,483,2,7200,1.08488612836
23295,23329,23845,34,516,2,7200,1.06589147287
23314,23337,23827,23,490,2,7200,1.04693877551
23326,23395,23868,69,473,2,7200,1.14587737844
23334,23424,23901,90,477,2,7200,1.18867924528
23382,23388,23786,6,398,1,1800,1.01507537688
23390,23430,23933,40,503,2,7200,1.07952286282
23420,23459,23927,39,468,2,7200,1.08333333333
23427,23466,23985,39,519,2,7200,1.07514450867
23461,23473,23966,12,493,2,7200,1.02434077079
23463,23478,24003,15,525,2,7200,1.02857142857
23471,23486,24027,15,541,2,7200,1.02772643253
23478,23493,23975,15,482,2,7200,1.03112033195
23485,23499,24026,14,527,2,7200,1.0265654649
23493,23531,24021,38,490,2,7200,1.07755102041
23500,23626,24169,126,543,2,7200,1.2320441989
23530,23633,24127,103,494,2,7200,1.20850202429
23625,23640,24123,15,483,2,7200,1.03105590062
23632,23681,24162,49,481,2,7200,1.10187110187
23639,23725,24180,86,455,2,7200,1.18901098901
23680,23735,24245,55,510,2,7200,1.10784313725
23726,23742,24186,16,444,2,7200,1.03603603604
23733,23786,24263,53,477,2,7200,1.11111111111
23740,23813,24327,73,514,2,7200,1.1420233463
23786,23823,24269,37,446,2,7200,1.08295964126
23810,23839,24223,29,384,2,7200,1.07552083333
23823,23858,24356,35,498,2,7200,1.0702811245
23840,23880,24406,40,526,2,7200,1.07604562738
23858,23913,24423,55,510,2,7200,1.10784313725
23877,23939,24416,62,477,2,7200,1.12997903564
23911,23946,24429,35,483,2,7200,1.07246376812
23935,23978,24531,43,553,2,7200,1.07775768535
23943,23986,24418,43,432,2,7200,1.09953703704
23977,23997,24530,20,533,2,7200,1.03752345216
23985,24015,24533,30,518,2,7200,1.05791505792
23998,24033,24517,35,484,2,7200,1.07231404959
24011,24040,24545,29,505,2,7200,1.05742574257
24030,24045,24562,15,517,2,7200,1.02901353965
24037,24136,24670,99,534,2,7200,1.18539325843
24044,24143,24658,99,515,2,7200,1.19223300971
24134,24175,24717,41,542,2,7200,1.07564575646
24141,24181,24704,40,523,2,7200,1.07648183556
24175,24196,24703,21,507,2,7200,1.04142011834
24182,24203,24706,21,503,2,7200,1.04174950298
24195,24235,24717,40,482,2,7200,1.08298755187
24203,24257,24753,54,496,2,7200,1.10887096774
24232,24275,24755,43,480,2,7200,1.08958333333
24256,24282,24773,26,491,2,7200,1.05295315682
24274,24340,24848,66,508,2,7200,1.12992125984
24282,24368,24845,86,477,2,7200,1.18029350105
24339,24418,24885,79,467,2,7200,1.16916488223
24368,24428,24800,60,372,2,7200,1.16129032258
24414,24435,24945,21,510,2,7200,1.04117647059
24423,32075,32084,7652,9,1,1800,766.1
24426,24440,24927,14,487,2,7200,1.02874743326
24434,24447,24941,13,494,2,7200,1.02631578947
24441,24528,25044,87,516,2,7200,1.16860465116
24443,24542,25024,99,482,2,7200,1.20539419087
24527,24549,25057,22,508,2,7200,1.04330708661
24544,24556,25044,12,488,2,7200,1.02459016393
24546,24563,25039,17,476,2,7200,1.03571428571
24553,24573,25053,20,480,2,7200,1.04166666667
24561,24670,25148,109,478,2,7200,1.2280334728
24573,24682,25160,109,478,2,7200,1.2280334728
24668,24715,25139,47,424,2,7200,1.1108490566
24681,24721,25204,40,483,2,7200,1.08281573499
24716,24728,25219,12,491,2,7200,1.02443991853
24718,24733,25219,15,486,2,7200,1.03086419753
24725,24740,25240,15,500,2,7200,1.03
24732,24765,25250,33,485,2,7200,1.06804123711
24740,24772,25287,32,515,2,7200,1.06213592233
24764,24785,25288,21,503,2,7200,1.04174950298
24771,24812,25307,41,495,2,7200,1.08282828283
24784,24857,25320,73,463,2,7200,1.15766738661
24788,32093,32150,7305,57,1,1800,129.157894737
24807,24864,25391,57,527,2,7200,1.10815939279
24853,24896,25374,43,478,2,7200,1.089958159
24870,24938,25415,68,477,2,7200,1.14255765199
24894,24954,25450,60,496,2,7200,1.12096774194
24939,24961,25490,22,529,2,7200,1.0415879017
24952,25036,25491,84,455,2,7200,1.18461538462
24959,25051,25525,92,474,2,7200,1.194092827
25032,25058,25546,26,488,2,7200,1.05327868852
25051,25063,25583,12,520,2,7200,1.02307692308
25058,25070,25470,12,400,2,7200,1.03
25060,25075,25555,15,480,2,7200,1.03125
25067,25151,25600,84,449,2,7200,1.18708240535
25075,25160,25644,85,484,2,7200,1.17561983471
25148,25172,25678,24,506,2,7200,1.04743083004
25160,25216,25661,56,445,2,7200,1.12584269663
25168,25231,25710,63,479,2,7200,1.13152400835
25214,25236,25743,22,507,2,7200,1.04339250493
25230,25252,25726,22,474,2,7200,1.04641350211
25232,25262,25775,30,513,2,7200,1.05847953216
25251,25299,25802,48,503,2,7200,1.09542743539
25258,25306,25811,48,505,2,7200,1.09504950495
25298,25319,25792,21,473,2,7200,1.044397463
25306,25332,25818,26,486,2,7200,1.05349794239
25318,25386,25899,68,513,2,7200,1.13255360624
25331,25404,25952,73,548,2,7200,1.13321167883
25382,25427,25922,45,495,2,7200,1.09090909091
25401,25463,25977,62,514,2,7200,1.12062256809
25424,25482,25969,58,487,2,7200,1.11909650924
25459,25502,26023,43,521,2,7200,1.08253358925
25483,25508,26027,25,519,2,7200,1.04816955684
25501,25537,26051,36,514,2,7200,1.07003891051
25508,25558,26048,50,490,2,7200,1.10204081633
25538,25567,26049,29,482,2,7200,1.0601659751
25561,25595,26109,34,514,2,7200,1.06614785992
25562,25627,26144,65,517,2,7200,1.12572533849
25592,25656,26140,64,484,2,7200,1.13223140496
25626,25673,26171,47,498,2,7200,1.09437751004
25655,25690,26211,35,521,2,7200,1.06717850288
25674,25721,26173,47,452,2,7200,1.10398230088
25686,25738,26132,52,394,2,7200,1.13197969543
25721,25754,26283,33,529,2,7200,1.06238185255
25739,25787,26256,48,469,2,7200,1.10234541578
25752,25803,26337,51,534,2,7200,1.09550561798
25787,25813,26323,26,510,2,7200,1.05098039216
25800,25823,26323,23,500,2,7200,1.046
25812,25830,26295,18,465,2,7200,1.03870967742
25820,25911,26372,91,461,2,7200,1.19739696312
25827,25935,26422,108,487,2,7200,1.22176591376
25911,25964,26437,53,473,2,7200,1.11205073996
25934,25981,26431,47,450,2,7200,1.10444444444
25963,25988,26507,25,519,2,7200,1.04816955684
25982,26043,26502,61,459,2,7200,1.13289760349
25989,26036,26553,47,517,2,7200,1.09090909091
26034,26060,26590,26,530,2,7200,1.04905660377
26042,26066,26561,24,495,2,7200,1.04848484848
26060,26072,26559,12,487,2,7200,1.02464065708
26062,26120,26640,58,520,2,7200,1.11153846154
26069,26144,26649,75,505,2,7200,1.14851485149
26120,26152,26650,32,498,2,7200,1.06425702811
26144,26158,26719,14,561,2,7200,1.02495543672
26151,26183,26714,32,531,2,7200,1.06026365348
26159,26190,26662,31,472,2,7200,1.0656779661
26183,26268,26740,85,472,2,7200,1.18008474576
26190,26222,26714,32,492,2,7200,1.06504065041
26223,26295,26827,72,532,2,7200,1.13533834586
26269,26308,26797,39,489,2,7200,1.07975460123
26292,26335,26867,43,532,2,7200,1.08082706767
26305,26340,26786,35,446,2,7200,1.07847533632
26334,26348,26824,14,476,2,7200,1.02941176471
26336,26383,26890,47,507,2,7200,1.09270216963
26349,26434,26900,85,466,2,7200,1.18240343348
26384,26442,26804,58,362,2,7200,1.16022099448
26430,26449,26914,19,465,2,7200,1.04086021505
26442,26514,27002,72,488,2,7200,1.14754098361
26450,26521,26990,71,469,2,7200,1.15138592751
26512,26565,27089,53,524,2,7200,1.10114503817
26519,26571,27047,52,476,2,7200,1.10924369748
26565,26578,27106,13,528,2,7200,1.02462121212
26572,26601,27121,29,520,2,7200,1.05576923077
26589,26653,27176,64,523,2,7200,1.1223709369
26602,26661,27155,59,494,2,7200,1.11943319838
26653,26667,27145,14,478,2,7200,1.02928870293
26661,26674,27159,13,485,2,7200,1.02680412371
26668,26725,27242,57,517,2,7200,1.11025145068
26675,26731,27230,56,499,2,7200,1.1122244489
26726,26737,27206,11,469,2,7200,1.02345415778
26728,26751,27258,23,507,2,7200,1.04536489152
26735,26798,27313,63,515,2,7200,1.12233009709
26748,26809,27215,61,406,2,7200,1.15024630542
26794,26815,27318,21,503,2,7200,1.04174950298
26807,26837,27325,30,488,2,7200,1.06147540984
26808,32098,32223,5290,125,1,3600,43.32
26814,26844,27373,30,529,2,7200,1.05671077505
26838,26879,27286,41,407,2,7200,1.10073710074
26839,26902,27414,63,512,2,7200,1.123046875
26878,26912,27412,34,500,2,7200,1.068
26902,26926,27428,24,502,2,7200,1.04780876494
26909,27002,27515,93,513,2,7200,1.18128654971
26922,27015,27524,93,509,2,7200,1.18271119843
27000,27059,27445,59,386,2,7200,1.15284974093
27013,27101,27607,88,506,2,7200,1.17391304348
27059,27119,27637,60,518,2,7200,1.11583011583
27099,27133,27641,34,508,2,7200,1.06692913386
27117,27157,27659,40,502,2,7200,1.0796812749
27130,27168,27684,38,516,2,7200,1.07364341085
27154,27175,27648,21,473,2,7200,1.044397463
27167,27189,27691,22,502,2,7200,1.0438247012
27174,27218,27747,44,529,2,7200,1.0831758034
27187,27228,27749,41,521,2,7200,1.07869481766
27195,32111,32395,4916,284,1,3600,18.3098591549
27216,27242,27744,26,502,2,7200,1.05179282869
27234,27254,27746,20,492,2,7200,1.0406504065
27241,27270,27821,29,551,2,7200,1.05263157895
27254,27298,27779,44,481,2,7200,1.09147609148
27267,27325,27809,58,484,2,7200,1.11983471074
27296,27331,27822,35,491,2,7200,1.07128309572
27325,27337,27800,12,463,2,7200,1.02591792657
27327,27385,27882,58,497,2,7200,1.11670020121
27334,27425,27878,91,453,2,7200,1.20088300221
27386,27432,27910,46,478,2,7200,1.09623430962
27426,27440,27989,14,549,2,7200,1.02550091075
27428,27457,27962,29,505,2,7200,1.05742574257
27440,27528,28008,88,480,2,7200,1.18333333333
27453,27536,28058,83,522,2,7200,1.15900383142
27526,27619,28105,93,486,2,7200,1.19135802469
27533,27650,28131,117,481,2,7200,1.24324324324
27617,27657,28121,40,464,2,7200,1.08620689655
27651,27664,28194,13,530,2,7200,1.02452830189
27653,27671,28170,18,499,2,7200,1.03607214429
27660,27696,28178,36,482,2,7200,1.07468879668
27667,27703,28188,36,485,2,7200,1.07422680412
27697,27756,28204,59,448,2,7200,1.13169642857
27699,27763,28229,64,466,2,7200,1.13733905579
27755,27768,28218,13,450,2,7200,1.02888888889
27763,27776,28251,13,475,2,7200,1.02736842105
27764,27790,28286,26,496,2,7200,1.05241935484
27772,27812,28337,40,525,2,7200,1.07619047619
27790,27821,28292,31,471,2,7200,1.06581740977
27808,27833,28314,25,481,2,7200,1.05197505198
27821,27840,28344,19,504,2,7200,1.0376984127
27829,27890,28400,61,510,2,7200,1.11960784314
27836,27897,28426,61,529,2,7200,1.11531190926
27887,27922,28446,35,524,2,7200,1.06679389313
27894,27974,28471,80,497,2,7200,1.16096579477
27922,28001,28466,79,465,2,7200,1.16989247312
27973,28020,28459,47,439,2,7200,1.10706150342
27997,28070,28559,73,489,2,7200,1.14928425358
28021,28117,28607,96,490,2,7200,1.19591836735
28066,28133,28654,67,521,2,7200,1.12859884837
28117,28143,28662,26,519,2,7200,1.05009633911
28130,28188,28700,58,512,2,7200,1.11328125
28143,28195,28722,52,527,2,7200,1.09867172676
28188,28202,28707,14,505,2,7200,1.02772277228
28196,28208,28765,12,557,2,7200,1.02154398564
28198,28216,28745,18,529,2,7200,1.03402646503
28205,28230,28727,25,497,2,7200,1.05030181087
28212,28241,28731,29,490,2,7200,1.05918367347
28230,28263,28780,33,517,2,7200,1.06382978723
28238,28299,28824,61,525,2,7200,1.11619047619
28266,28305,28804,39,499,2,7200,1.07815631263
28295,28326,28821,31,495,2,7200,1.06262626263
28302,28349,28822,47,473,2,7200,1.09936575053
28326,28356,28847,30,491,2,7200,1.06109979633
28350,28411,28867,61,456,2,7200,1.13377192982
28357,28437,28944,80,507,2,7200,1.15779092702
28408,28458,28941,50,483,2,7200,1.10351966874
28437,28470,28963,33,493,2,7200,1.06693711968
28456,28477,28972,21,495,2,7200,1.04242424242
28468,28483,29018,15,535,2,7200,1.02803738318
28476,28572,29049,96,477,2,7200,1.20125786164
28483,28619,29060,136,441,2,7200,1.30839002268
28572,28666,29153,94,487,2,7200,1.19301848049
28618,28674,29199,56,525,2,7200,1.10666666667
28663,28712,29214,49,502,2,7200,1.09760956175
28680,28718,29183,38,465,2,7200,1.08172043011
28710,28735,29241,25,506,2,7200,1.04940711462
28717,28742,29248,25,506,2,7200,1.04940711462
28735,28748,29256,13,508,2,7200,1.02559055118
28743,28761,29256,18,495,2,7200,1.03636363636
28744,28776,29294,32,518,2,7200,1.06177606178
28757,28792,29292,35,500,2,7200,1.07
28775,28816,29300,41,484,2,7200,1.0847107438
28788,28833,29369,45,536,2,7200,1.08395522388
28812,28840,29308,28,468,2,7200,1.05982905983
28830,28845,29288,15,443,2,7200,1.03386004515
28838,28859,29347,21,488,2,7200,1.04303278689
28845,28879,29383,34,504,2,7200,1.06746031746
28858,28953,29460,95,507,2,7200,1.18737672584
28876,28960,29441,84,481,2,7200,1.17463617464
28955,28975,29459,20,484,2,7200,1.04132231405
28957,28984,29483,27,499,2,7200,1.05410821643
28975,29030,29540,55,510,2,7200,1.10784313725
28982,29061,29560,79,499,2,7200,1.15831663327
29028,29072,29586,44,514,2,7200,1.08560311284
29057,29165,29701,108,536,2,7200,1.20149253731
29070,29194,29694,124,500,2,7200,1.248
29165,29211,29727,46,516,2,7200,1.08914728682
29194,29226,29601,32,375,2,7200,1.08533333333
29207,29252,29744,45,492,2,7200,1.09146341463
29225,29259,29814,34,555,2,7200,1.06126126126
29248,29267,29755,19,488,2,7200,1.03893442623
29256,29273,29743,17,470,2,7200,1.03617021277
29268,29300,29697,32,397,2,7200,1.08060453401
29270,29307,29755,37,448,2,7200,1.08258928571
29299,29312,29818,13,506,2,7200,1.0256916996
29317,29323,29844,6,521,2,7200,1.01151631478
29318,29330,29860,12,530,2,7200,1.02264150943
29320,29359,29839,39,480,2,7200,1.08125
29328,29381,29882,53,501,2,7200,1.10578842315
29357,29395,29837,38,442,2,7200,1.08597285068
29381,29453,29952,72,499,2,7200,1.14428857715
29393,29471,29995,78,524,2,7200,1.14885496183
29450,29478,30012,28,534,2,7200,1.05243445693
29468,29495,29982,27,487,2,7200,1.05544147844
29475,29552,30032,77,480,2,7200,1.16041666667
29494,29572,30118,78,546,2,7200,1.14285714286
29550,29598,30104,48,506,2,7200,1.09486166008
29569,29613,30147,44,534,2,7200,1.08239700375
29598,29707,30199,109,492,2,7200,1.22154471545
29611,29714,30217,103,503,2,7200,1.20477137177
29705,29719,30204,14,485,2,7200,1.02886597938
29713,29740,30217,27,477,2,7200,1.05660377358
29720,29755,30215,35,460,2,7200,1.07608695652
29743,29762,30261,19,499,2,7200,1.0380761523
29756,29769,30252,13,483,2,7200,1.02691511387
29757,29774,30250,17,476,2,7200,1.03571428571
29765,29826,30378,61,552,2,7200,1.11050724638
29772,29833,30352,61,519,2,7200,1.11753371869
29823,29849,30369,26,520,2,7200,1.05
29830,29855,30364,25,509,2,7200,1.04911591356
29849,29861,30327,12,466,2,7200,1.02575107296
29856,29872,30429,16,557,2,7200,1.02872531418
29858,29894,30405,36,511,2,7200,1.07045009785
29871,29964,30451,93,487,2,7200,1.1909650924
29894,29994,30355,100,361,2,7200,1.27700831025
29962,30008,30494,46,486,2,7200,1.09465020576
29991,30030,30506,39,476,2,7200,1.08193277311
30004,30044,30531,40,487,2,7200,1.08213552361
30032,30119,30613,87,494,2,7200,1.17611336032
30044,30129,30641,85,512,2,7200,1.166015625
30069,32048,32145,1979,97,8,3600,21.4020618557
30117,30159,30676,42,517,2,7200,1.08123791103
30130,30211,30723,81,512,2,7200,1.158203125
30135,32160,37804,2025,5644,8,7200,1.35878809355
30159,30218,30713,59,495,2,7200,1.11919191919
30184,37800,43481,7616,5681,8,7200,2.3406090477
30210,30227,30770,17,543,2,7200,1.03130755064
30218,30234,30739,16,505,2,7200,1.03168316832
30225,30239,30732,14,493,2,7200,1.02839756592
30232,30267,30771,35,504,2,7200,1.06944444444
30240,30272,30763,32,491,2,7200,1.06517311609
30264,30279,30773,15,494,2,7200,1.03036437247
30271,30338,30858,67,520,2,7200,1.12884615385
30278,30364,30881,86,517,2,7200,1.166344294
30335,30370,30901,35,531,2,7200,1.065913371
30364,30377,30892,13,515,2,7200,1.02524271845
30381,30388,30882,7,494,2,7200,1.01417004049
30383,30395,30888,12,493,2,7200,1.02434077079
30385,30418,30945,33,527,2,7200,1.06261859583
30392,30440,30930,48,490,2,7200,1.09795918367
30416,30464,30948,48,484,2,7200,1.09917355372
30440,30506,30990,66,484,2,7200,1.13636363636
30463,30519,31031,56,512,2,7200,1.109375
30504,30543,31065,39,522,2,7200,1.07471264368
30516,30625,31155,109,530,2,7200,1.20566037736
30540,30653,31161,113,508,2,7200,1.22244094488
30624,30688,31193,64,505,2,7200,1.12673267327
30653,30725,31203,72,478,2,7200,1.15062761506
30688,30736,31204,48,468,2,7200,1.10256410256
30722,30750,31248,28,498,2,7200,1.0562248996
30735,30757,31164,22,407,2,7200,1.05405405405
30748,30775,31251,27,476,2,7200,1.05672268908
30755,30781,31290,26,509,2,7200,1.0510805501
30773,30788,31288,15,500,2,7200,1.03
30791,30798,31267,7,469,2,7200,1.01492537313
30793,30870,31333,77,463,2,7200,1.16630669546
30795,30893,31419,98,526,2,7200,1.18631178707
30868,30900,31417,32,517,2,7200,1.06189555126
30891,30905,31357,14,452,2,7200,1.03097345133
30899,30912,31367,13,455,2,7200,1.02857142857
30906,30919,31418,13,499,2,7200,1.02605210421
30908,30942,31429,34,487,2,7200,1.06981519507
30915,30957,31435,42,478,2,7200,1.08786610879
30939,30963,31481,24,518,2,7200,1.04633204633
30957,31002,31539,45,537,2,7200,1.08379888268
30959,31043,31583,84,540,2,7200,1.15555555556
30999,31077,31551,78,474,2,7200,1.16455696203
31039,31167,31624,128,457,2,7200,1.28008752735
31074,31174,31703,100,529,2,7200,1.18903591682
31163,31181,31685,18,504,2,7200,1.03571428571
31170,31206,31711,36,505,2,7200,1.07128712871
31188,31216,31698,28,482,2,7200,1.05809128631
31206,31221,31673,15,452,2,7200,1.03318584071
31213,31260,31740,47,480,2,7200,1.09791666667
31221,31267,31728,46,461,2,7200,1.09978308026
31261,31279,31791,18,512,2,7200,1.03515625
31268,31300,31831,32,531,2,7200,1.06026365348
31275,31307,31783,32,476,2,7200,1.06722689076
31299,31345,31852,46,507,2,7200,1.09072978304
31306,31369,31867,63,498,2,7200,1.1265060241
31341,31379,31896,38,517,2,7200,1.07350096712
31365,31429,31904,64,475,2,7200,1.13473684211
31378,31436,31973,58,537,2,7200,1.10800744879
31429,31441,31957,12,516,2,7200,1.02325581395
31436,31448,31943,12,495,2,7200,1.02424242424
31438,31453,31933,15,480,2,7200,1.03125
31455,31493,31975,38,482,2,7200,1.07883817427
31457,31551,32040,94,489,2,7200,1.19222903885
31491,31563,32086,72,523,2,7200,1.13766730402
31510,34461,34464,2951,3,8,600,295.4
31548,31595,32096,47,501,2,7200,1.09381237525
31561,31636,32156,75,520,2,7200,1.14423076923
31595,31686,32171,91,485,2,7200,1.18762886598
31613,37425,46461,5812,9036,64,9000,1.64320495795
31635,31697,32141,62,444,2,7200,1.13963963964
31686,31713,32211,27,498,2,7200,1.05421686747
31693,31720,32201,27,481,2,7200,1.05613305613
31712,31732,32241,20,509,2,7200,1.03929273084
31719,31741,32216,22,475,2,7200,1.04631578947
31732,31752,32269,20,517,2,7200,1.03868471954
31739,31795,32315,56,520,2,7200,1.10769230769
31752,31803,32275,51,472,2,7200,1.10805084746
31792,31844,32315,52,471,2,7200,1.11040339703
31799,31867,32369,68,502,2,7200,1.13545816733
31843,31879,32396,36,517,2,7200,1.06963249516
31867,31908,32382,41,474,2,7200,1.0864978903
31880,31916,32391,36,475,2,7200,1.07578947368
31903,31948,32494,45,546,2,7200,1.08241758242
31916,31954,32481,38,527,2,7200,1.07210626186
31945,31970,32465,25,495,2,7200,1.05050505051
31953,31985,32489,32,504,2,7200,1.06349206349
31971,31992,32499,21,507,2,7200,1.04142011834
31984,32053,32568,69,515,2,7200,1.13398058252
31991,32058,32555,67,497,2,7200,1.13480885312
32053,32082,32624,29,542,2,7200,1.05350553506
32055,32088,32588,33,500,2,7200,1.066
32078,32106,32626,28,520,2,7200,1.05384615385
32086,32118,32604,32,486,2,7200,1.0658436214
32104,32153,32649,49,496,2,7200,1.09879032258
32121,32165,32642,44,477,2,7200,1.09224318658
32134,114376,243998,82242,129622,25,129599,1.63447562914
32150,32172,32671,22,499,2,7200,1.04408817635
32163,32184,32699,21,515,2,7200,1.04077669903
32170,32217,32694,47,477,2,7200,1.09853249476
32183,32223,32705,40,482,2,7200,1.08298755187
32217,32230,32768,13,538,2,7200,1.02416356877
32219,32235,32725,16,490,2,7200,1.03265306122
32226,32253,32649,27,396,2,7200,1.06818181818
32234,32260,32711,26,451,2,7200,1.05764966741
32252,33189,33243,937,54,1,1800,18.3518518519
32252,32282,32774,30,492,2,7200,1.06097560976
32259,32288,32789,29,501,2,7200,1.05788423154
32278,32330,32839,52,509,2,7200,1.1021611002
32294,32335,32788,41,453,2,7200,1.09050772627
32328,32385,32892,57,507,2,7200,1.1124260355
32336,32394,32953,58,559,2,7200,1.10375670841
32381,33711,33995,1330,284,1,3600,5.68309859155
32381,32403,32897,22,494,2,7200,1.04453441296
32394,32415,32903,21,488,2,7200,1.04303278689
32401,32480,32938,79,458,2,7200,1.17248908297
32414,32493,32949,79,456,2,7200,1.17324561404
32415,34466,34565,2051,99,1,1800,21.7171717172
32475,32500,33010,25,510,2,7200,1.04901960784
32494,32508,33018,14,510,2,7200,1.02745098039
32510,32519,33012,9,493,2,7200,1.01825557809
32512,32573,33081,61,508,2,7200,1.12007874016
32519,32580,33041,61,461,2,7200,1.13232104121
32570,32600,33090,30,490,2,7200,1.0612244898
32578,32616,33115,38,499,2,7200,1.07615230461
32596,32636,33161,40,525,2,7200,1.07619047619
32614,32643,33142,29,499,2,7200,1.05811623246
32632,32655,33136,23,481,2,7200,1.04781704782
32639,32662,33134,23,472,2,7200,1.04872881356
32652,32667,33150,15,483,2,7200,1.03105590062
32659,32683,33199,24,516,2,7200,1.04651162791
32665,34807,35390,2142,583,1,3600,4.67409948542
32676,32710,33167,34,457,2,7200,1.07439824945
32683,32716,33224,33,508,2,7200,1.06496062992
32707,32722,33273,15,551,2,7200,1.02722323049
32714,32729,33228,15,499,2,7200,1.03006012024
32721,32737,33157,16,420,2,7200,1.0380952381
32729,32780,33265,51,485,2,7200,1.10515463918
32736,32787,33301,51,514,2,7200,1.09922178988
32776,32800,33273,24,473,2,7200,1.05073995772
32783,32807,33309,24,502,2,7200,1.04780876494
32796,32851,33321,55,470,2,7200,1.1170212766
32812,32904,33397,92,493,2,7200,1.18661257606
32847,32911,33424,64,513,2,7200,1.12475633528
32903,32918,33423,15,505,2,7200,1.0297029703
32910,32950,33481,40,531,2,7200,1.07532956685
32918,32961,33416,43,455,2,7200,1.09450549451
32947,32968,33481,21,513,2,7200,1.04093567251
32959,33023,33463,64,440,2,7200,1.14545454545
32967,33029,33521,62,492,2,7200,1.12601626016
33023,33036,33541,13,505,2,7200,1.02574257426
33040,33053,33492,13,439,2,7200,1.02961275626
33041,33093,33570,52,477,2,7200,1.10901467505
33049,33102,33555,53,453,2,7200,1.11699779249
33088,33127,33627,39,500,2,7200,1.078
33101,33146,33637,45,491,2,7200,1.0916496945
33125,33153,33550,28,397,2,7200,1.07052896725
33143,33160,33696,17,536,2,7200,1.03171641791
33150,33167,33671,17,504,2,7200,1.03373015873
33157,33179,33691,22,512,2,7200,1.04296875
33165,33184,33675,19,491,2,7200,1.03869653768
33182,33211,33718,29,507,2,7200,1.05719921105
33184,33236,33746,52,510,2,7200,1.10196078431
33207,33242,33724,35,482,2,7200,1.07261410788
33236,33283,33788,47,505,2,7200,1.09306930693
33243,33290,33687,47,397,2,7200,1.11838790932
33283,33295,33797,12,502,2,7200,1.02390438247
33290,33314,33851,24,537,2,7200,1.04469273743
33292,33320,33865,28,545,2,7200,1.05137614679
33310,33334,33830,24,496,2,7200,1.04838709677
33318,33409,33944,91,535,2,7200,1.17009345794
33330,33428,33924,98,496,2,7200,1.19758064516
33406,33434,33958,28,524,2,7200,1.0534351145
33425,33447,33927,22,480,2,7200,1.04583333333
33432,33475,33958,43,483,2,7200,1.08902691511
33444,33493,34017,49,524,2,7200,1.09351145038
33473,33498,33977,25,479,2,7200,1.05219206681
33486,34472,34565,986,93,1,1800,11.6021505376
33492,33505,34002,13,497,2,7200,1.02615694165
33499,33533,33991,34,458,2,7200,1.07423580786
33501,33553,34062,52,509,2,7200,1.1021611002
33530,33562,34023,32,461,2,7200,1.0694143167
33553,33569,34098,16,529,2,7200,1.03024574669
33570,33583,34083,13,500,2,7200,1.026
33571,33639,34139,68,500,2,7200,1.136
33579,33650,34147,71,497,2,7200,1.14285714286
33635,33683,34177,48,494,2,7200,1.0971659919
33647,33690,34191,43,501,2,7200,1.08582834331
33680,46479,52718,12799,6239,32,28800,3.05145055297
33682,33699,34189,17,490,2,7200,1.03469387755
33689,33706,34182,17,476,2,7200,1.03571428571
33697,33718,34235,21,517,2,7200,1.04061895551
33704,33730,34267,26,537,2,7200,1.04841713222
33716,33737,34259,21,522,2,7200,1.04022988506
33729,33758,34262,29,504,2,7200,1.05753968254
33746,33800,34298,54,498,2,7200,1.10843373494
33754,33809,34333,55,524,2,7200,1.10496183206
33799,33846,34375,47,529,2,7200,1.08884688091
33806,33868,34369,62,501,2,7200,1.12375249501
33846,33880,34430,34,550,2,7200,1.06181818182
33864,33936,34423,72,487,2,7200,1.14784394251
33877,33943,34456,66,513,2,7200,1.12865497076
33933,33956,34461,23,505,2,7200,1.04554455446
33940,33970,34466,30,496,2,7200,1.06048387097
33953,33975,34472,22,497,2,7200,1.04426559356
33969,33989,34499,20,510,2,7200,1.03921568627
33971,34012,34531,41,519,2,7200,1.07899807322
33989,34019,34411,30,392,2,7200,1.07653061224
34008,34035,34525,27,490,2,7200,1.05510204082
34015,34040,34562,25,522,2,7200,1.04789272031
34033,34074,34533,41,459,2,7200,1.08932461874
34040,34095,34589,55,494,2,7200,1.11133603239
34074,34111,34611,37,500,2,7200,1.074
34093,34154,34629,61,475,2,7200,1.12842105263
34111,34161,34666,50,505,2,7200,1.09900990099
34151,34190,34692,39,502,2,7200,1.07768924303
34167,34197,34718,30,521,2,7200,1.0575815739
34191,34204,34728,13,524,2,7200,1.02480916031
34198,34211,34687,13,476,2,7200,1.02731092437
34200,34252,34756,52,504,2,7200,1.10317460317
34207,34272,34743,65,471,2,7200,1.13800424628
34253,34279,34763,26,484,2,7200,1.05371900826
34261,35778,36371,1517,593,1,3600,3.55817875211
34271,34284,34809,13,525,2,7200,1.02476190476
34278,34310,34788,32,478,2,7200,1.06694560669
34285,34345,34848,60,503,2,7200,1.11928429423
34309,34382,34856,73,474,2,7200,1.15400843882
34348,34388,34903,40,515,2,7200,1.07766990291
34382,34423,34961,41,538,2,7200,1.07620817844
34384,34435,34923,51,488,2,7200,1.10450819672
34424,34442,34908,18,466,2,7200,1.03862660944
34431,34479,34963,48,484,2,7200,1.09917355372
34438,34485,34995,47,510,2,7200,1.09215686275
34480,34503,34986,23,483,2,7200,1.04761904762
34482,34508,35035,26,527,2,7200,1.04933586338
34500,34521,34999,21,478,2,7200,1.04393305439
34507,34537,35038,30,501,2,7200,1.05988023952
34524,34543,35037,19,494,2,7200,1.03846153846
34537,34550,35034,13,484,2,7200,1.02685950413
34544,34574,35104,30,530,2,7200,1.05660377358
34546,34601,35107,55,506,2,7200,1.10869565217
34575,34623,35117,48,494,2,7200,1.0971659919
34598,34641,35156,43,515,2,7200,1.08349514563
34622,34678,35174,56,496,2,7200,1.11290322581
34640,34699,35208,59,509,2,7200,1.11591355599
34674,34706,35203,32,497,2,7200,1.06438631791
34698,34731,35217,33,486,2,7200,1.06790123457
34714,34740,35253,26,513,2,7200,1.05068226121
34727,34754,35232,27,478,2,7200,1.05648535565
34740,34774,35275,34,501,2,7200,1.06786427146
34753,34781,35258,28,477,2,7200,1.05870020964
34771,34802,35260,31,458,2,7200,1.06768558952
34778,34821,35284,43,463,2,7200,1.09287257019
34802,34860,35329,58,469,2,7200,1.1236673774
34820,34868,35347,48,479,2,7200,1.10020876827
34859,34915,35403,56,488,2,7200,1.11475409836
34867,34922,35434,55,512,2,7200,1.107421875
34916,34935,35474,19,539,2,7200,1.03525046382
34918,34973,35435,55,462,2,7200,1.11904761905
34930,34980,35464,50,484,2,7200,1.10330578512
34951,46911,47987,11960,1076,16,32760,12.1152416357
34970,34998,35508,28,510,2,7200,1.05490196078
34973,48002,48316,13029,314,16,32820,42.4936305732
34977,35007,35515,30,508,2,7200,1.05905511811
34996,35014,35491,18,477,2,7200,1.03773584906
35003,35046,35590,43,544,2,7200,1.07904411765
35010,35053,35574,43,521,2,7200,1.08253358925
35044,35058,35546,14,488,2,7200,1.02868852459
35051,35065,35542,14,477,2,7200,1.02935010482
35059,35116,35569,57,453,2,7200,1.12582781457
35075,35123,35683,48,560,2,7200,1.08571428571
35115,35130,35662,15,532,2,7200,1.02819548872
35122,35168,35665,46,497,2,7200,1.09255533199
35129,35186,35709,57,523,2,7200,1.10898661568
35164,35215,35703,51,488,2,7200,1.10450819672
35182,35222,35748,40,526,2,7200,1.07604562738
35184,35193,35463,9,270,1,1800,1.03333333333
35189,35200,35463,11,263,1,1800,1.04182509506
35211,35229,35730,18,501,2,7200,1.03592814371
35218,35244,35707,26,463,2,7200,1.05615550756
35225,35265,35748,40,483,2,7200,1.08281573499
35243,35272,35751,29,479,2,7200,1.06054279749
35265,35277,35767,12,490,2,7200,1.02448979592
35273,35287,35804,14,517,2,7200,1.02707930368
35275,35296,35799,21,503,2,7200,1.04174950298
35287,35341,35813,54,472,2,7200,1.11440677966
35294,35359,35855,65,496,2,7200,1.1310483871
35340,35415,35881,75,466,2,7200,1.16094420601
35358,35452,35984,94,532,2,7200,1.17669172932
35414,35457,35984,43,527,2,7200,1.08159392789
35448,35477,35980,29,503,2,7200,1.05765407555
35455,35487,36007,32,520,2,7200,1.06153846154
35473,35503,36024,30,521,2,7200,1.0575815739
35486,35520,36025,34,505,2,7200,1.06732673267
35502,45220,113650,9718,68430,16,288000,1.14201373667
35502,35527,36050,25,523,2,7200,1.04780114723
35520,35555,36058,35,503,2,7200,1.06958250497
35527,35562,36060,35,498,2,7200,1.0702811245
35551,35582,36096,31,514,2,7200,1.06031128405
35558,35589,36102,31,513,2,7200,1.0604288499
35582,35602,36071,20,469,2,7200,1.04264392324
35589,35674,36208,85,534,2,7200,1.15917602996
35602,35681,36162,79,481,2,7200,1.16424116424
35674,35695,36236,21,541,2,7200,1.03881700555
35681,35715,36223,34,508,2,7200,1.06692913386
35697,35722,36228,25,506,2,7200,1.04940711462
35715,35728,36211,13,483,2,7200,1.02691511387
35723,35742,36280,19,538,2,7200,1.03531598513
35724,35760,36272,36,512,2,7200,1.0703125
35742,35765,36236,23,471,2,7200,1.04883227176
35761,35773,36275,12,502,2,7200,1.02390438247
35762,35785,36283,23,498,2,7200,1.04618473896
35770,35816,36204,46,388,2,7200,1.11855670103
35782,35821,36381,39,560,2,7200,1.06964285714
35817,35829,36339,12,510,2,7200,1.02352941176
35833,35868,36366,35,498,2,7200,1.0702811245
35835,35894,36377,59,483,2,7200,1.12215320911
35864,35992,36516,128,524,2,7200,1.24427480916
35892,35999,36538,107,539,2,7200,1.19851576994
35992,36005,36479,13,474,2,7200,1.02742616034
35999,36019,36506,20,487,2,7200,1.04106776181
36001,36039,36562,38,523,2,7200,1.07265774379
36019,36044,36429,25,385,2,7200,1.06493506494
36037,36062,36539,25,477,2,7200,1.05241090147
36044,36071,36585,27,514,2,7200,1.05252918288
36062,36078,36551,16,473,2,7200,1.03382663848
36079,36085,36587,6,502,2,7200,1.01195219124
36080,36108,36473,28,365,2,7200,1.07671232877
36082,36115,36645,33,530,2,7200,1.06226415094
36106,36173,36588,67,415,2,7200,1.16144578313
36113,36216,36736,103,520,2,7200,1.19807692308
36174,36222,36619,48,397,2,7200,1.12090680101
36214,36228,36734,14,506,2,7200,1.02766798419
36221,36234,36712,13,478,2,7200,1.02719665272
36228,36241,36757,13,516,2,7200,1.02519379845
36235,36248,36761,13,513,2,7200,1.0253411306
36242,36254,36782,12,528,2,7200,1.02272727273
36244,36284,36764,40,480,2,7200,1.08333333333
36260,36291,36780,31,489,2,7200,1.06339468303
36284,36297,36777,13,480,2,7200,1.02708333333
36291,36303,36824,12,521,2,7200,1.02303262956
36298,36351,36846,53,495,2,7200,1.10707070707
36300,36378,36890,78,512,2,7200,1.15234375
36350,36383,36900,33,517,2,7200,1.06382978723
36369,37579,37669,1210,90,1,3600,14.4444444444
36374,36390,36905,16,515,2,7200,1.03106796117
36381,36397,36929,16,532,2,7200,1.03007518797
36388,36442,36919,54,477,2,7200,1.11320754717
36395,36487,36959,92,472,2,7200,1.19491525424
36444,36494,37029,50,535,2,7200,1.09345794393
36484,36518,37022,34,504,2,7200,1.06746031746
36491,36528,36978,37,450,2,7200,1.08222222222
36514,36550,37056,36,506,2,7200,1.07114624506
36527,36556,37059,29,503,2,7200,1.05765407555
36550,36563,37025,13,462,2,7200,1.02813852814
36557,36574,37082,17,508,2,7200,1.03346456693
36559,36597,37139,38,542,2,7200,1.07011070111
36572,36604,37102,32,498,2,7200,1.06425702811
36599,36611,37123,12,512,2,7200,1.0234375
36601,36632,37117,31,485,2,7200,1.06391752577
36608,36658,37133,50,475,2,7200,1.10526315789
36632,36725,37184,93,459,2,7200,1.20261437908
36655,36747,37230,92,483,2,7200,1.19047619048
36721,36753,37274,32,521,2,7200,1.06142034549
36745,36771,37290,26,519,2,7200,1.05009633911
36752,36778,37276,26,498,2,7200,1.05220883534
36770,36783,37277,13,494,2,7200,1.02631578947
36777,36790,37280,13,490,2,7200,1.02653061224
36779,36797,37161,18,364,2,7200,1.04945054945
36795,36804,37298,9,494,2,7200,1.01821862348
36797,36837,37312,40,475,2,7200,1.08421052632
36804,36858,37384,54,526,2,7200,1.10266159696
36833,36903,37454,70,551,2,7200,1.12704174229
36857,36912,37400,55,488,2,7200,1.11270491803
36902,36919,37454,17,535,2,7200,1.03177570093
36909,36931,37435,22,504,2,7200,1.04365079365
36916,36940,37479,24,539,2,7200,1.04452690167
36928,36970,37468,42,498,2,7200,1.0843373494
36941,36991,37484,50,493,2,7200,1.1014198783
36966,37827,37833,861,6,1,3600,86.7
36970,37034,37557,64,523,2,7200,1.1223709369
36991,37041,37604,50,563,2,7200,1.08880994671
37031,37046,37547,15,501,2,7200,1.02994011976
37038,37068,37552,30,484,2,7200,1.06198347107
37045,37075,37564,30,489,2,7200,1.06134969325
37069,37094,37610,25,516,2,7200,1.0484496124
37076,37114,37636,38,522,2,7200,1.07279693487
37094,37129,37636,35,507,2,7200,1.06903353057
37112,37136,37636,24,500,2,7200,1.048
37130,37145,37668,15,523,2,7200,1.02868068834
37147,37153,37695,6,542,2,7200,1.0110701107
37148,37173,37680,25,507,2,7200,1.04930966469
37150,37196,37699,46,503,2,7200,1.09145129225
37173,37243,37759,70,516,2,7200,1.13565891473
37191,37286,37781,95,495,2,7200,1.19191919192
37242,37293,37825,51,532,2,7200,1.09586466165
37281,37298,37824,17,526,2,7200,1.03231939163
37294,37311,37804,17,493,2,7200,1.03448275862
37296,37316,37857,20,541,2,7200,1.03696857671
37308,37323,37822,15,499,2,7200,1.03006012024
37315,37330,37818,15,488,2,7200,1.03073770492
37333,37396,37893,63,497,2,7200,1.12676056338
37335,37412,37915,77,503,2,7200,1.15308151093
37396,37447,37930,51,483,2,7200,1.10559006211
37409,37465,37957,56,492,2,7200,1.11382113821
37443,37471,37947,28,476,2,7200,1.05882352941
37466,37485,37899,19,414,2,7200,1.04589371981
37468,37492,37992,24,500,2,7200,1.048
37481,37499,37986,18,487,2,7200,1.03696098563
37488,37560,38114,72,554,2,7200,1.12996389892
37495,37566,38073,71,507,2,7200,1.14003944773
37560,37574,38064,14,490,2,7200,1.02857142857
37567,37586,38079,19,493,2,7200,1.03853955375
37575,37616,38146,41,530,2,7200,1.07735849057
37582,37622,38100,40,478,2,7200,1.08368200837
37616,37647,38167,31,520,2,7200,1.05961538462
37623,37652,38202,29,550,2,7200,1.05272727273
37646,37658,38167,12,509,2,7200,1.02357563851
37648,37686,38193,38,507,2,7200,1.07495069034
37655,37693,38183,38,490,2,7200,1.07755102041
37684,37708,38205,24,497,2,7200,1.04828973843
37691,37715,38100,24,385,2,7200,1.06233766234
37707,37771,38249,64,478,2,7200,1.13389121339
37715,37793,38275,78,482,2,7200,1.16182572614
37770,37816,38357,46,541,2,7200,1.08502772643
37794,37821,38348,27,527,2,7200,1.05123339658
37805,37832,38086,27,254,1,3600,1.1062992126
37812,37845,38342,33,497,2,7200,1.06639839034
37819,37850,38395,31,545,2,7200,1.05688073394
37843,37857,38368,14,511,2,7200,1.02739726027
37850,37869,38375,19,506,2,7200,1.03754940711
37857,37905,38393,48,488,2,7200,1.09836065574
37869,37912,38385,43,473,2,7200,1.09090909091
37902,37927,38441,25,514,2,7200,1.0486381323
37910,37943,38484,33,541,2,7200,1.06099815157
37927,37960,38478,33,518,2,7200,1.06370656371
37940,37969,38470,29,501,2,7200,1.05788423154
37949,38488,38579,539,91,1,3600,6.92307692308
37958,37998,38545,40,547,2,7200,1.0731261426
37965,38005,38459,40,454,2,7200,1.08810572687
37994,38080,38605,86,525,2,7200,1.16380952381
38001,38087,38601,86,514,2,7200,1.1673151751
38079,38096,38651,17,555,2,7200,1.03063063063
38086,38112,38629,26,517,2,7200,1.0502901354
38099,49230,111183,11131,61953,16,216000,1.17966845835
38102,38117,38579,15,462,2,7200,1.03246753247
38109,38126,38623,17,497,2,7200,1.03420523139
38117,38154,38622,37,468,2,7200,1.07905982906
38124,38161,38660,37,499,2,7200,1.07414829659
38152,38181,38625,29,444,2,7200,1.06531531532
38160,38187,38693,27,506,2,7200,1.05335968379
38178,38194,38695,16,501,2,7200,1.03193612774
38180,53468,111183,15288,57715,16,216000,1.26488781079
38185,38205,38687,20,482,2,7200,1.04149377593
38192,38215,38695,23,480,2,7200,1.04791666667
38205,38222,38717,17,495,2,7200,1.03434343434
38212,38261,38695,49,434,2,7200,1.11290322581
38228,38288,38808,60,520,2,7200,1.11538461538
38257,38354,38834,97,480,2,7200,1.20208333333
38277,54355,254308,16078,199953,16,216000,1.08040889609
38286,38361,38840,75,479,2,7200,1.15657620042
38352,38370,38886,18,516,2,7200,1.03488372093
38360,38380,38897,20,517,2,7200,1.03868471954
38367,38387,38877,20,490,2,7200,1.04081632653
38374,39235,39846,861,611,1,3600,2.40916530278
38379,38399,38884,20,485,2,7200,1.0412371134
38387,38406,38943,19,537,2,7200,1.03538175047
38403,38413,38939,10,526,2,7200,1.01901140684
38405,38453,38980,48,527,2,7200,1.09108159393
38412,38471,38882,59,411,2,7200,1.14355231144
38452,38482,38993,30,511,2,7200,1.05870841487
38470,38495,38981,25,486,2,7200,1.05144032922
38482,38507,39001,25,494,2,7200,1.05060728745
38495,38557,39117,62,560,2,7200,1.11071428571
38507,38596,39089,89,493,2,7200,1.18052738337
38558,38613,39090,55,477,2,7200,1.11530398323
38592,38620,39148,28,528,2,7200,1.05303030303
38613,38634,39112,21,478,2,7200,1.04393305439
38615,38641,39121,26,480,2,7200,1.05416666667
38618,113600,119276,74982,5676,8,7200,14.210359408
38633,38647,39137,14,490,2,7200,1.02857142857
38640,38659,39130,19,471,2,7200,1.04033970276
38648,38671,39195,23,524,2,7200,1.04389312977
38655,38678,39148,23,470,2,7200,1.04893617021
38667,38699,39137,32,438,2,7200,1.07305936073
38674,38706,39223,32,517,2,7200,1.06189555126
38698,38711,39200,13,489,2,7200,1.02658486708
38715,38725,39198,10,473,2,7200,1.02114164905
38717,38733,39270,16,537,2,7200,1.02979515829
38724,39240,39624,516,384,1,3600,2.34375
38724,38742,39202,18,460,2,7200,1.03913043478
38731,38820,39327,89,507,2,7200,1.17554240631
38738,38846,39379,108,533,2,7200,1.20262664165
38739,111271,111276,72532,5,16,216000,7253.7
38816,38853,39325,37,472,2,7200,1.07838983051
38839,45571,51071,6732,5500,16,68520,2.224
38844,38889,39392,45,503,2,7200,1.08946322068
38852,38895,39565,43,670,2,7200,1.06417910448
38886,38901,39362,15,461,2,7200,1.03253796095
38893,38908,39398,15,490,2,7200,1.0306122449
38900,38915,39427,15,512,2,7200,1.029296875
38916,46689,51077,7773,4388,16,68460,2.77142206016
38917,38952,39565,35,613,2,7200,1.05709624796
38919,38959,39427,40,468,2,7200,1.08547008547
38953,38992,39565,39,573,2,7200,1.06806282723
38955,38997,39565,42,568,2,7200,1.07394366197
38989,39006,39403,17,397,2,7200,1.04282115869
38996,39013,39565,17,552,2,7200,1.03079710145
39003,39101,39565,98,464,2,7200,1.21120689655
39010,39108,39638,98,530,2,7200,1.18490566038
39098,39124,39626,26,502,2,7200,1.05179282869
39114,39131,39600,17,469,2,7200,1.03624733475
39121,39138,39612,17,474,2,7200,1.0358649789
39129,39145,39644,16,499,2,7200,1.03206412826
39136,39152,39649,16,497,2,7200,1.03219315895
39143,39157,39643,14,486,2,7200,1.02880658436
39150,39164,39648,14,484,2,7200,1.02892561983
39157,39169,39712,12,543,2,7200,1.02209944751
39164,39207,39702,43,495,2,7200,1.08686868687
39166,39214,39713,48,499,2,7200,1.09619238477
39204,39219,39715,15,496,2,7200,1.03024193548
39211,39283,39881,72,598,2,7200,1.12040133779
39218,39304,39949,86,645,2,7200,1.13333333333
39279,39374,39875,95,501,2,7200,1.18962075848
39303,39396,39875,93,479,2,7200,1.19415448852
39374,39415,39898,41,483,2,7200,1.08488612836
39392,39570,40125,178,555,2,7200,1.32072072072
39399,39410,39564,11,154,2,615,1.07142857143
39416,39578,40090,162,512,2,7200,1.31640625
39570,39583,40121,13,538,2,7200,1.02416356877
39577,39600,40082,23,482,2,7200,1.04771784232
39584,39606,40122,22,516,2,7200,1.04263565891
39602,39613,40110,11,497,2,7200,1.02213279678
39603,39618,40127,15,509,2,7200,1.02946954813
39611,39625,40124,14,499,2,7200,1.02805611222
39618,39638,40148,20,510,2,7200,1.03921568627
39625,39654,40158,29,504,2,7200,1.05753968254
39637,39661,40187,24,526,2,7200,1.04562737643
39655,39667,40158,12,491,2,7200,1.02443991853
39662,39696,40233,34,537,2,7200,1.06331471136
39664,39725,40138,61,413,2,7200,1.14769975787
39692,39730,40236,38,506,2,7200,1.07509881423
39721,39737,40200,16,463,2,7200,1.03455723542
39728,39806,40287,78,481,2,7200,1.16216216216
39735,39887,40379,152,492,2,7200,1.30894308943
39806,39892,40414,86,522,2,7200,1.16475095785
39883,39899,40357,16,458,2,7200,1.03493449782
39890,39910,40409,20,499,2,7200,1.04008016032
39897,39961,40448,64,487,2,7200,1.13141683778
39910,40075,40550,165,475,2,7200,1.34736842105
39923,39929,40417,6,488,1,3600,1.01229508197
39959,40095,40572,136,477,2,7200,1.28511530398
40073,40101,40610,28,509,2,7200,1.05500982318
40091,40122,40494,31,372,2,7200,1.08333333333
40098,40135,40605,37,470,2,7200,1.07872340426
40121,40141,40639,20,498,2,7200,1.04016064257
40134,40147,40604,13,457,2,7200,1.0284463895
40141,40153,40618,12,465,2,7200,1.02580645161
40148,40160,40573,12,413,2,7200,1.02905569007
40150,40165,40671,15,506,2,7200,1.02964426877
40157,40172,40712,15,540,2,7200,1.02777777778
40164,40177,40654,13,477,2,7200,1.02725366876
40171,40184,40678,13,494,2,7200,1.02631578947
40178,40199,40726,21,527,2,7200,1.03984819734
40180,40212,40752,32,540,2,7200,1.05925925926
40197,40245,40775,48,530,2,7200,1.09056603774
40210,40257,40775,47,518,2,7200,1.09073359073
40243,40299,40814,56,515,2,7200,1.10873786408
40255,40369,40867,114,498,2,7200,1.22891566265
40294,40391,40878,97,487,2,7200,1.19917864476
40366,40420,40803,54,383,2,7200,1.1409921671
40389,40427,40925,38,498,2,7200,1.07630522088
40418,40460,40936,42,476,2,7200,1.08823529412
40425,40506,41023,81,517,2,7200,1.15667311412
40458,40562,41011,104,449,2,7200,1.23162583519
40503,40584,41098,81,514,2,7200,1.15758754864
40558,40591,41081,33,490,2,7200,1.06734693878
40582,40616,41152,34,536,2,7200,1.06343283582
40589,40622,41147,33,525,2,7200,1.06285714286
40612,40629,41116,17,487,2,7200,1.03490759754
40619,40636,41157,17,521,2,7200,1.03262955854
40626,40652,41155,26,503,2,7200,1.05168986083
40633,40666,41190,33,524,2,7200,1.06297709924
40650,40683,41177,33,494,2,7200,1.06680161943
40662,40689,41155,27,466,2,7200,1.05793991416
40680,40725,41211,45,486,2,7200,1.09259259259
40687,40738,41297,51,559,2,7200,1.09123434705
40721,40764,41242,43,478,2,7200,1.089958159
40734,40786,41272,52,486,2,7200,1.10699588477
40762,40792,41269,30,477,2,7200,1.06289308176
40785,40815,41271,30,456,2,7200,1.06578947368
40793,40826,41340,33,514,2,7200,1.06420233463
40810,40880,41385,70,505,2,7200,1.13861386139
40823,40890,41407,67,517,2,7200,1.12959381044
40878,40937,41382,59,445,2,7200,1.13258426966
40890,40948,41428,58,480,2,7200,1.12083333333
40935,41023,41535,88,512,2,7200,1.171875
40948,41035,41506,87,471,2,7200,1.1847133758
41024,41093,41599,69,506,2,7200,1.13636363636
41031,41110,41590,79,480,2,7200,1.16458333333
41091,41127,41607,36,480,2,7200,1.075
41109,41159,41687,50,528,2,7200,1.0946969697
41127,41166,41682,39,516,2,7200,1.07558139535
41156,41173,41680,17,507,2,7200,1.03353057199
41163,41178,41646,15,468,2,7200,1.03205128205
41170,41185,41699,15,514,2,7200,1.02918287938
41177,41192,41732,15,540,2,7200,1.02777777778
41184,41207,41758,23,551,2,7200,1.04174228675
41191,41223,41731,32,508,2,7200,1.06299212598
41204,41254,41732,50,478,2,7200,1.10460251046
41221,41281,41769,60,488,2,7200,1.12295081967
41250,41288,41760,38,472,2,7200,1.08050847458
41278,41293,41786,15,493,2,7200,1.03042596349
41297,41309,41797,12,488,2,7200,1.02459016393
41299,41352,41858,53,506,2,7200,1.104743083
41306,41394,41904,88,510,2,7200,1.17254901961
41350,41401,41876,51,475,2,7200,1.10736842105
41389,41419,41924,30,505,2,7200,1.05940594059
41402,41440,41909,38,469,2,7200,1.08102345416
41420,41476,41954,56,478,2,7200,1.11715481172
41437,41482,42032,45,550,2,7200,1.08181818182
41477,41519,41990,42,471,2,7200,1.08917197452
41479,41548,41996,69,448,2,7200,1.15401785714
41518,41602,42102,84,500,2,7200,1.168
41547,41611,42085,64,474,2,7200,1.13502109705
41602,41620,42144,18,524,2,7200,1.03435114504
41609,41659,42146,50,487,2,7200,1.10266940452
41616,41692,42171,76,479,2,7200,1.15866388309
41655,41699,42189,44,490,2,7200,1.08979591837
41694,41706,42216,12,510,2,7200,1.02352941176
41696,41713,42224,17,511,2,7200,1.03326810176
41703,41743,42236,40,493,2,7200,1.08113590264
41710,41749,42230,39,481,2,7200,1.08108108108
41739,41756,42240,17,484,2,7200,1.03512396694
41746,41770,42296,24,526,2,7200,1.04562737643
41753,41777,42301,24,524,2,7200,1.04580152672
41765,41784,42305,19,521,2,7200,1.03646833013
41773,41798,42314,25,516,2,7200,1.0484496124
41785,41809,42294,24,485,2,7200,1.04948453608
41798,41870,42387,72,517,2,7200,1.13926499033
41805,41889,42387,84,498,2,7200,1.1686746988
41871,41916,42401,45,485,2,7200,1.09278350515
41889,41923,42381,34,458,2,7200,1.07423580786
41912,41935,42438,23,503,2,7200,1.04572564612
41929,41966,42508,37,542,2,7200,1.06826568266
41936,42003,42515,67,512,2,7200,1.130859375
41958,48117,297017,6159,248900,3,432000,1.02474487746
41964,42010,42490,46,480,2,7200,1.09583333333
42003,42044,42535,41,491,2,7200,1.08350305499
42005,42102,42572,97,470,2,7200,1.20638297872
42045,42114,42655,69,541,2,7200,1.12754158965
42061,46695,46899,4634,204,16,288000,23.7156862745
42100,42156,42645,56,489,2,7200,1.1145194274
42112,42163,42659,51,496,2,7200,1.10282258065
42152,42184,42657,32,473,2,7200,1.06765327696
42159,42201,42740,42,539,2,7200,1.07792207792
42162,79840,80005,37678,165,4,18000,229.351515152
42182,42229,42742,47,513,2,7200,1.09161793372
42200,42236,42733,36,497,2,7200,1.07243460765
42216,111309,111312,69093,3,16,36000,6909.6
42229,42243,42743,14,500,2,7200,1.028
42236,42255,42715,19,460,2,7200,1.04130434783
42253,42262,42768,9,506,2,7200,1.01778656126
42255,42306,42728,51,422,2,7200,1.12085308057
42262,42313,42835,51,522,2,7200,1.09770114943
42306,42318,42828,12,510,2,7200,1.02352941176
42314,42325,42796,11,471,2,7200,1.02335456476
42315,42338,42860,23,522,2,7200,1.04406130268
42322,42394,42878,72,484,2,7200,1.14876033058
42335,42401,42932,66,531,2,7200,1.12429378531
42390,42406,42908,16,502,2,7200,1.03187250996
42397,42413,42921,16,508,2,7200,1.03149606299
42404,42450,42919,46,469,2,7200,1.09808102345
42412,42502,43008,90,506,2,7200,1.17786561265
42451,42520,43017,69,497,2,7200,1.13883299799
42501,42526,43047,25,521,2,7200,1.04798464491
42519,42552,43054,33,502,2,7200,1.06573705179
42535,42584,43023,49,439,2,7200,1.11161731207
42548,42657,43162,109,505,2,7200,1.21584158416
42582,42667,43172,85,505,2,7200,1.16831683168
42653,42674,43162,21,488,2,7200,1.04303278689
42666,42679,43200,13,521,2,7200,1.02495201536
42673,42727,43195,54,468,2,7200,1.11538461538
42680,42741,43226,61,485,2,7200,1.12577319588
42724,42748,43205,24,457,2,7200,1.05251641138
42737,42755,43222,18,467,2,7200,1.03854389722
42744,42760,43218,16,458,2,7200,1.03493449782
42751,42767,43297,16,530,2,7200,1.03018867925
42758,42781,43261,23,480,2,7200,1.04791666667
42765,42808,43329,43,521,2,7200,1.08253358925
42782,42840,43288,58,448,2,7200,1.12946428571
42805,42846,43282,41,436,2,7200,1.09403669725
42839,42873,43349,34,476,2,7200,1.07142857143
42846,42890,43373,44,483,2,7200,1.09109730849
42857,46473,46676,3616,203,64,9000,18.8128078818
42869,42919,43389,50,470,2,7200,1.10638297872
42887,42931,43421,44,490,2,7200,1.08979591837
42916,42938,43420,22,482,2,7200,1.04564315353
42930,42945,43490,15,545,2,7200,1.02752293578
42937,43021,43558,84,537,2,7200,1.15642458101
42944,43028,43524,84,496,2,7200,1.16935483871
43021,43035,43554,14,519,2,7200,1.02697495183
43028,43059,43556,31,497,2,7200,1.06237424547
43035,43066,43496,31,430,2,7200,1.07209302326
43057,43174,43712,117,538,2,7200,1.21747211896
43064,43179,43718,115,539,2,7200,1.2133580705
43173,43186,43676,13,490,2,7200,1.02653061224
43180,43207,43666,27,459,2,7200,1.05882352941
43182,43214,43696,32,482,2,7200,1.06639004149
43205,43221,43726,16,505,2,7200,1.03168316832
43212,43230,43719,18,489,2,7200,1.03680981595
43219,43237,43730,18,493,2,7200,1.03651115619
43226,43244,43716,18,472,2,7200,1.03813559322
43233,43274,43771,41,497,2,7200,1.08249496982
43240,43294,43804,54,510,2,7200,1.10588235294
43274,43301,43820,27,519,2,7200,1.05202312139
43292,43308,43787,16,479,2,7200,1.03340292276
43299,43341,43840,42,499,2,7200,1.08416833667
43316,43362,43893,46,531,2,7200,1.08662900188
43339,43386,43902,47,516,2,7200,1.09108527132
43362,43402,43885,40,483,2,7200,1.08281573499
43385,43433,43957,48,524,2,7200,1.09160305344
43398,43438,43911,40,473,2,7200,1.08456659619
43432,43502,44023,70,521,2,7200,1.13435700576
43439,43509,43983,70,474,2,7200,1.14767932489
43499,43537,44031,38,494,2,7200,1.07692307692
43506,43566,44093,60,527,2,7200,1.11385199241
43535,43573,44087,38,514,2,7200,1.07392996109
43563,43578,44100,15,522,2,7200,1.02873563218
43570,43678,44150,108,472,2,7200,1.22881355932
43577,43687,44181,110,494,2,7200,1.22267206478
43681,43708,44154,27,446,2,7200,1.06053811659
43688,43724,44227,36,503,2,7200,1.07157057654
43706,43731,44168,25,437,2,7200,1.05720823799
43723,43736,44232,13,496,2,7200,1.02620967742
43731,43743,44260,12,517,2,7200,1.02321083172
43732,43748,44279,16,531,2,7200,1.03013182674
43739,43754,44240,15,486,2,7200,1.03086419753
43746,43783,44311,37,528,2,7200,1.07007575758
43753,43799,44316,46,517,2,7200,1.08897485493
43782,43817,44330,35,513,2,7200,1.06822612086
43800,43832,44314,32,482,2,7200,1.06639004149
43817,43853,44353,36,500,2,7200,1.072
43830,43897,44413,67,516,2,7200,1.12984496124
43853,43904,44413,51,509,2,7200,1.10019646365
43896,43917,44372,21,455,2,7200,1.04615384615
43903,43924,44439,21,515,2,7200,1.04077669903
43916,43970,44414,54,444,2,7200,1.12162162162
43923,43996,44486,73,490,2,7200,1.14897959184
43967,44036,44532,69,496,2,7200,1.13911290323
43996,44043,44576,47,533,2,7200,1.08818011257
44035,44098,44616,63,518,2,7200,1.12162162162
44042,44106,44594,64,488,2,7200,1.13114754098
44097,44113,44624,16,511,2,7200,1.0313111546
44104,44162,44647,58,485,2,7200,1.11958762887
44111,44168,44645,57,477,2,7200,1.11949685535
44161,44180,44692,19,512,2,7200,1.037109375
44168,44193,44676,25,483,2,7200,1.05175983437
44181,44240,44736,59,496,2,7200,1.1189516129
44197,44247,44771,50,524,2,7200,1.09541984733
44236,44254,44756,18,502,2,7200,1.03585657371
44243,44272,44806,29,534,2,7200,1.0543071161
44251,44291,44785,40,494,2,7200,1.08097165992
44268,44324,44807,56,483,2,7200,1.11594202899
44291,44331,44815,40,484,2,7200,1.0826446281
44320,44336,44829,16,493,2,7200,1.03245436105
44327,44343,44847,16,504,2,7200,1.03174603175
44334,44365,44884,31,519,2,7200,1.05973025048
44341,44384,44919,43,535,2,7200,1.08037383178
44364,44425,44936,61,511,2,7200,1.11937377691
44382,44430,44913,48,483,2,7200,1.09937888199
44421,44437,44946,16,509,2,7200,1.03143418468
44439,44450,44983,11,533,2,7200,1.02063789869
44441,44497,44970,56,473,2,7200,1.11839323467
44448,44545,45065,97,520,2,7200,1.18653846154
44498,44588,45052,90,464,2,7200,1.19396551724
44542,44606,45047,64,441,2,7200,1.14512471655
44587,44631,45128,44,497,2,7200,1.08853118712
44605,44638,45093,33,455,2,7200,1.07252747253
44628,44657,45151,29,494,2,7200,1.05870445344
44635,44664,45150,29,486,2,7200,1.05967078189
44658,44688,45173,30,485,2,7200,1.0618556701
44659,44704,45240,45,536,2,7200,1.08395522388
44688,44748,45201,60,453,2,7200,1.13245033113
44700,44769,45177,69,408,2,7200,1.16911764706
44745,44783,45259,38,476,2,7200,1.07983193277
44767,44803,45302,36,499,2,7200,1.07214428858
44779,44819,45351,40,532,2,7200,1.07518796992
44802,44824,45317,22,493,2,7200,1.04462474645
44814,44831,45341,17,510,2,7200,1.03333333333
44822,44841,45368,19,527,2,7200,1.03605313093
44829,44859,45390,30,531,2,7200,1.05649717514
44841,44896,45434,55,538,2,7200,1.10223048327
44859,44925,45447,66,522,2,7200,1.12643678161
44893,44932,45410,39,478,2,7200,1.08158995816
44921,44948,45411,27,463,2,7200,1.05831533477
44928,44958,45446,30,488,2,7200,1.06147540984
44946,44983,45429,37,446,2,7200,1.08295964126
44958,44995,45505,37,510,2,7200,1.07254901961
44987,45062,45540,75,478,2,7200,1.15690376569
44994,45069,45573,75,504,2,7200,1.14880952381
45059,45077,45587,18,510,2,7200,1.03529411765
45066,45105,45556,39,451,2,7200,1.08647450111
45074,45140,45574,66,434,2,7200,1.15207373272
45102,45162,45672,60,510,2,7200,1.11764705882
45136,45169,45604,33,435,2,7200,1.07586206897
45159,45186,45658,27,472,2,7200,1.05720338983
45166,45193,45678,27,485,2,7200,1.05567010309
45184,45213,45751,29,538,2,7200,1.05390334572
45191,45253,45756,62,503,2,7200,1.12326043738
45214,45271,45665,57,394,2,7200,1.14467005076
45253,45314,45725,61,411,2,7200,1.14841849148
45271,45329,45675,58,346,2,7200,1.1676300578
45315,45353,45799,38,446,2,7200,1.08520179372
45327,45363,45881,36,518,2,7200,1.0694980695
45351,45381,45860,30,479,2,7200,1.06263048017
45363,45403,45878,40,475,2,7200,1.08421052632
45381,45423,45927,42,504,2,7200,1.08333333333
45404,45446,45955,42,509,2,7200,1.08251473477
45422,45458,45983,36,525,2,7200,1.06857142857
45445,45465,45944,20,479,2,7200,1.04175365344
45457,45552,46046,95,494,2,7200,1.19230769231
45464,45585,46083,121,498,2,7200,1.24297188755
45552,45592,45951,40,359,2,7200,1.11142061281
45585,45599,46086,14,487,2,7200,1.02874743326
45592,45616,46077,24,461,2,7200,1.05206073753
45610,45670,46190,60,520,2,7200,1.11538461538
45617,45677,46149,60,472,2,7200,1.12711864407
45666,45684,46168,18,484,2,7200,1.03719008264
45673,45691,46196,18,505,2,7200,1.03564356436
45681,45696,46224,15,528,2,7200,1.02840909091
45688,45737,46222,49,485,2,7200,1.10103092784
45695,45764,46299,69,535,2,7200,1.12897196262
45734,45771,46251,37,480,2,7200,1.07708333333
45762,45811,46296,49,485,2,7200,1.10103092784
45769,45872,46356,103,484,2,7200,1.21280991736
45808,45891,46357,83,466,2,7200,1.17811158798
45869,45898,46407,29,509,2,7200,1.05697445972
45887,45939,46448,52,509,2,7200,1.1021611002
45894,45957,46441,63,484,2,7200,1.13016528926
45938,45969,46468,31,499,2,7200,1.0621242485
45956,45974,46480,18,506,2,7200,1.03557312253
45969,45995,46483,26,488,2,7200,1.05327868852
45970,46058,46559,88,501,2,7200,1.17564870259
45994,46089,46560,95,471,2,7200,1.2016985138
46054,46096,46556,42,460,2,7200,1.09130434783
46088,46103,46612,15,509,2,7200,1.02946954813
46095,46161,46669,66,508,2,7200,1.12992125984
46102,46180,46748,78,568,2,7200,1.13732394366
46157,46203,46713,46,510,2,7200,1.09019607843
46180,46210,46702,30,492,2,7200,1.06097560976
46203,46235,46795,32,560,2,7200,1.05714285714
46205,46241,46771,36,530,2,7200,1.0679245283
46234,46263,46801,29,538,2,7200,1.05390334572
46241,46309,46800,68,491,2,7200,1.13849287169
46258,46316,46832,58,516,2,7200,1.11240310078
46308,46368,46916,60,548,2,7200,1.10948905109
46315,46375,46823,60,448,2,7200,1.13392857143
46365,46419,46877,54,458,2,7200,1.11790393013
46372,46453,46969,81,516,2,7200,1.15697674419
46416,46460,46917,44,457,2,7200,1.09628008753
46455,46484,46956,29,472,2,7200,1.06144067797
46456,46491,47028,35,537,2,7200,1.06517690875
46485,46498,46994,13,496,2,7200,1.02620967742
46487,46503,46952,16,449,2,7200,1.03563474388
46494,46569,47087,75,518,2,7200,1.14478764479
46501,46576,47112,75,536,2,7200,1.13992537313
46566,46581,47073,15,492,2,7200,1.03048780488
46573,46624,47146,51,522,2,7200,1.09770114943
46580,46683,47231,103,548,2,7200,1.18795620438
46619,46714,47231,95,517,2,7200,1.18375241779
46680,46724,47226,44,502,2,7200,1.08764940239
46698,89512,89517,42814,5,8,600,4281.9
46713,46760,47252,47,492,2,7200,1.09552845528
46720,46783,47266,63,483,2,7200,1.13043478261
46759,46806,47322,47,516,2,7200,1.09108527132
46782,46813,47324,31,511,2,7200,1.06066536204
46805,46818,47331,13,513,2,7200,1.0253411306
46812,46834,47357,22,523,2,7200,1.04206500956
46814,46845,47357,31,512,2,7200,1.060546875
46838,46888,47380,50,492,2,7200,1.10162601626
46840,46927,47484,87,557,2,7200,1.15619389587
46884,46935,47405,51,470,2,7200,1.1085106383
46923,46963,47474,40,511,2,7200,1.0782778865
46930,46970,47411,40,441,2,7200,1.09070294785
46964,46981,47488,17,507,2,7200,1.03353057199
46966,47006,47515,40,509,2,7200,1.07858546169
46978,47040,47573,62,533,2,7200,1.11632270169
47006,47085,47585,79,500,2,7200,1.158
47040,47099,47575,59,476,2,7200,1.12394957983
47084,47123,47600,39,477,2,7200,1.08176100629
47097,47158,47654,61,496,2,7200,1.12298387097
47120,47237,47739,117,502,2,7200,1.23306772908
47159,47245,47703,86,458,2,7200,1.18777292576
47235,47250,47745,15,495,2,7200,1.0303030303
47242,47264,47713,22,449,2,7200,1.04899777283
47249,47278,47777,29,499,2,7200,1.05811623246
47266,47334,47799,68,465,2,7200,1.14623655914
47279,47340,47863,61,523,2,7200,1.11663479924
47334,47347,47814,13,467,2,7200,1.0278372591
47341,47368,47878,27,510,2,7200,1.05294117647
47343,47373,47900,30,527,2,7200,1.0569259962
47366,47393,47872,27,479,2,7200,1.05636743215
47373,47417,47956,44,539,2,7200,1.08163265306
47390,47423,47928,33,505,2,7200,1.06534653465
47413,47485,48013,72,528,2,7200,1.13636363636
47420,47496,48010,76,514,2,7200,1.14785992218
47486,47502,47977,16,475,2,7200,1.03368421053
47493,47527,48005,34,478,2,7200,1.07112970711
47500,47585,48098,85,513,2,7200,1.1656920078
47523,47592,48105,69,513,2,7200,1.13450292398
47583,47598,48070,15,472,2,7200,1.03177966102
47590,47611,48115,21,504,2,7200,1.04166666667
47609,47666,48176,57,510,2,7200,1.11176470588
47611,47715,48208,104,493,2,7200,1.21095334686
47666,47725,48242,59,517,2,7200,1.11411992263
47715,47750,48284,35,534,2,7200,1.06554307116
47722,47757,48273,35,516,2,7200,1.06782945736
47751,47789,48330,38,541,2,7200,1.07024029575
47758,47810,48307,52,497,2,7200,1.1046277666
47786,47827,48325,41,498,2,7200,1.08232931727
47809,47874,48410,65,536,2,7200,1.12126865672
47827,47883,48390,56,507,2,7200,1.11045364892
47871,47890,48390,19,500,2,7200,1.038
47884,47912,48346,28,434,2,7200,1.06451612903
47891,47940,48407,49,467,2,7200,1.10492505353
47908,47967,48513,59,546,2,7200,1.10805860806
47937,47989,48470,52,481,2,7200,1.10810810811
47965,48017,48496,52,479,2,7200,1.10855949896
47988,48023,48512,35,489,2,7200,1.07157464213
48017,48029,48511,12,482,2,7200,1.02489626556
48019,48082,48518,63,436,2,7200,1.14449541284
48026,48109,48606,83,497,2,7200,1.16700201207
48081,48131,48615,50,484,2,7200,1.10330578512
48109,48188,48673,79,485,2,7200,1.16288659794
48127,48220,48689,93,469,2,7200,1.19829424307
48181,111293,112396,63112,1103,16,32760,58.2184950136
48187,48253,48730,66,477,2,7200,1.13836477987
48215,48284,48800,69,516,2,7200,1.13372093023
48254,48296,48822,42,526,2,7200,1.07984790875
48283,48318,48804,35,486,2,7200,1.07201646091
48295,48337,48878,42,541,2,7200,1.07763401109
48318,48344,48880,26,536,2,7200,1.04850746269
48325,111304,111314,62979,10,16,32820,6298.9
48336,48358,48864,22,506,2,7200,1.04347826087
48343,48401,48871,58,470,2,7200,1.12340425532
48355,48406,48902,51,496,2,7200,1.10282258065
48399,48419,48958,20,539,2,7200,1.03710575139
48406,48426,48966,20,540,2,7200,1.03703703704
48418,48482,48990,64,508,2,7200,1.12598425197
48435,48508,49027,73,519,2,7200,1.14065510597
48479,48523,49016,44,493,2,7200,1.0892494929
48508,48530,49040,22,510,2,7200,1.0431372549
48520,48535,49077,15,542,2,7200,1.02767527675
48527,48541,49045,14,504,2,7200,1.02777777778
48534,48618,49086,84,468,2,7200,1.17948717949
48541,48628,49159,87,531,2,7200,1.16384180791
48617,48685,49199,68,514,2,7200,1.13229571984
48625,48701,49160,76,459,2,7200,1.16557734205
48685,48743,49283,58,540,2,7200,1.10740740741
48697,48813,49327,116,514,2,7200,1.22568093385
48742,48819,49325,77,506,2,7200,1.15217391304
48813,48834,49373,21,539,2,7200,1.03896103896
48820,48876,49372,56,496,2,7200,1.11290322581
48832,48882,49373,50,491,2,7200,1.10183299389
48871,48890,49441,19,551,2,7200,1.03448275862
48879,48897,49414,18,517,2,7200,1.03481624758
48897,48914,49447,17,533,2,7200,1.03189493433
48899,48969,49440,70,471,2,7200,1.14861995754
48911,48979,49479,68,500,2,7200,1.136
48966,49002,49514,36,512,2,7200,1.0703125
48979,49028,49534,49,506,2,7200,1.09683794466
49002,49039,49511,37,472,2,7200,1.07838983051
49025,49052,49550,27,498,2,7200,1.05421686747
49037,49059,49512,22,453,2,7200,1.04856512141
49049,49089,49572,40,483,2,7200,1.08281573499
49056,49098,49574,42,476,2,7200,1.08823529412
49085,49171,49682,86,511,2,7200,1.16829745597
49097,49176,49652,79,476,2,7200,1.16596638655
49168,49211,49709,43,498,2,7200,1.08634538153
49175,49295,49788,120,493,2,7200,1.24340770791
49209,49337,49836,128,499,2,7200,1.25651302605
49291,49344,49854,53,510,2,7200,1.10392156863
49335,49384,49905,49,521,2,7200,1.09404990403
49342,49391,49896,49,505,2,7200,1.09702970297
49387,49398,49903,11,505,2,7200,1.02178217822
49388,49431,49888,43,457,2,7200,1.09409190372
49395,49456,49960,61,504,2,7200,1.12103174603
49429,49461,49977,32,516,2,7200,1.06201550388
49452,49468,50013,16,545,2,7200,1.02935779817
49459,49491,49993,32,502,2,7200,1.06374501992
49466,49523,50002,57,479,2,7200,1.11899791232
49489,49530,50015,41,485,2,7200,1.08453608247
49523,49535,50016,12,481,2,7200,1.02494802495
49530,49549,50028,19,479,2,7200,1.03966597077
49532,49562,50024,30,462,2,7200,1.06493506494
49544,49584,50085,40,501,2,7200,1.07984031936
49562,49591,50122,29,531,2,7200,1.05461393597
49580,49663,50177,83,514,2,7200,1.16147859922
49587,49694,50126,107,432,2,7200,1.24768518519
49663,49720,50214,57,494,2,7200,1.11538461538
49691,49799,50308,108,509,2,7200,1.21218074656
49720,49848,50365,128,517,2,7200,1.24758220503
49796,49866,50283,70,417,2,7200,1.16786570743
49851,49900,50374,49,474,2,7200,1.10337552743
49863,49908,50396,45,488,2,7200,1.09221311475
49897,49914,50406,17,492,2,7200,1.03455284553
49904,49921,50431,17,510,2,7200,1.03333333333
49911,49972,50470,61,498,2,7200,1.12248995984
49918,49988,50477,70,489,2,7200,1.14314928425
49967,50004,50499,37,495,2,7200,1.07474747475
49985,50015,50554,30,539,2,7200,1.05565862709
50003,50024,50520,21,496,2,7200,1.04233870968
50015,50032,50577,17,545,2,7200,1.03119266055
50022,50037,50496,15,459,2,7200,1.03267973856
50029,50044,50569,15,525,2,7200,1.02857142857
50036,50049,50545,13,496,2,7200,1.02620967742
50043,50098,50503,55,405,2,7200,1.13580246914
50045,50135,50615,90,480,2,7200,1.1875
50094,50141,50648,47,507,2,7200,1.09270216963
50133,50189,50686,56,497,2,7200,1.11267605634
50151,50225,50692,74,467,2,7200,1.15845824411
50185,50295,50796,110,501,2,7200,1.21956087824
50224,50321,50815,97,494,2,7200,1.1963562753
50295,50377,50880,82,503,2,7200,1.16302186879
50318,50391,50937,73,546,2,7200,1.1336996337
50372,50408,50917,36,509,2,7200,1.07072691552
50390,50419,50938,29,519,2,7200,1.05587668593
50408,50442,50943,34,501,2,7200,1.06786427146
50415,50482,50988,67,506,2,7200,1.13241106719
50443,50488,51003,45,515,2,7200,1.08737864078
50482,50507,50995,25,488,2,7200,1.0512295082
50484,50514,50971,30,457,2,7200,1.06564551422
50507,50519,50992,12,473,2,7200,1.02536997886
50514,50532,51041,18,509,2,7200,1.03536345776
50515,50556,51061,41,505,2,7200,1.08118811881
50528,50566,51053,38,487,2,7200,1.07802874743
50556,50581,51074,25,493,2,7200,1.05070993915
50574,50588,51080,14,492,2,7200,1.02845528455
50581,50626,51153,45,527,2,7200,1.08538899431
50588,50659,51166,71,507,2,7200,1.14003944773
50627,50698,51245,71,547,2,7200,1.12979890311
50656,50705,51188,49,483,2,7200,1.10144927536
50695,50809,51214,114,405,2,7200,1.28148148148
50702,50827,51193,125,366,2,7200,1.34153005464
50804,50892,51388,88,496,2,7200,1.17741935484
50827,50928,51428,101,500,2,7200,1.202
50887,50949,51450,62,501,2,7200,1.12375249501
50926,50956,51466,30,510,2,7200,1.05882352941
50949,50961,51437,12,476,2,7200,1.02521008403
50956,50982,51513,26,531,2,7200,1.04896421846
50958,51000,51480,42,480,2,7200,1.0875
50981,51006,51540,25,534,2,7200,1.0468164794
50999,51012,51454,13,442,2,7200,1.02941176471
51006,51019,51536,13,517,2,7200,1.0251450677
51013,51054,51511,41,457,2,7200,1.08971553611
51029,51065,51575,36,510,2,7200,1.07058823529
51052,51073,51535,21,462,2,7200,1.04545454545
51065,51086,51546,21,460,2,7200,1.04565217391
51072,51093,51527,21,434,2,7200,1.04838709677
51084,51165,51638,81,473,2,7200,1.17124735729
51085,51983,53456,898,1473,16,68520,1.60964019009
51091,51177,51682,86,505,2,7200,1.1702970297
51118,52001,53443,883,1442,16,68460,1.61234396671
51162,51200,51766,38,566,2,7200,1.06713780919
51174,51207,51669,33,462,2,7200,1.07142857143
51197,51226,51731,29,505,2,7200,1.05742574257
51204,51256,51810,52,554,2,7200,1.09386281588
51227,51400,51941,173,541,2,7200,1.31977818854
51255,51439,51934,184,495,2,7200,1.37171717172
51400,51449,51953,49,504,2,7200,1.09722222222
51439,51462,51975,23,513,2,7200,1.04483430799
51446,51469,51940,23,471,2,7200,1.04883227176
51458,51477,52010,19,533,2,7200,1.03564727955
51465,51491,51960,26,469,2,7200,1.05543710021
51483,51523,51992,40,469,2,7200,1.08528784648
51491,51535,52032,44,497,2,7200,1.08853118712
51519,51542,51945,23,403,2,7200,1.0570719603
51531,51548,52096,17,548,2,7200,1.03102189781
51538,51554,52038,16,484,2,7200,1.03305785124
51545,51561,52079,16,518,2,7200,1.03088803089
51552,51566,52053,14,487,2,7200,1.02874743326
51559,51586,52087,27,501,2,7200,1.05389221557
51566,51650,52130,84,480,2,7200,1.175
51584,51681,52189,97,508,2,7200,1.19094488189
51649,51693,52196,44,503,2,7200,1.08747514911
51678,51742,52231,64,489,2,7200,1.1308793456
51690,51779,52268,89,489,2,7200,1.18200408998
51739,51821,52298,82,477,2,7200,1.17190775681
51778,51945,52443,167,498,2,7200,1.33534136546
51817,51952,52456,135,504,2,7200,1.26785714286
51946,51958,52479,12,521,2,7200,1.02303262956
51948,51964,52447,16,483,2,7200,1.033126294
51967,51988,52440,21,452,2,7200,1.04646017699
51969,52006,52514,37,508,2,7200,1.07283464567
51986,52013,52496,27,483,2,7200,1.05590062112
52004,52027,52538,23,511,2,7200,1.04500978474
52011,52043,52538,32,495,2,7200,1.06464646465
52023,52051,52528,28,477,2,7200,1.05870020964
52041,52065,52566,24,501,2,7200,1.04790419162
52048,52090,52502,42,412,2,7200,1.10194174757
52066,52099,52586,33,487,2,7200,1.06776180698
52089,52107,52577,18,470,2,7200,1.03829787234
52096,52141,52629,45,488,2,7200,1.09221311475
52108,52201,52707,93,506,2,7200,1.1837944664
52142,52207,52718,65,511,2,7200,1.12720156556
52197,52242,52756,45,514,2,7200,1.08754863813
52204,52280,52770,76,490,2,7200,1.15510204082
52243,52309,52813,66,504,2,7200,1.13095238095
52276,52452,52975,176,523,2,7200,1.33652007648
52310,52458,52942,148,484,2,7200,1.30578512397
52450,52464,52991,14,527,2,7200,1.0265654649
52457,52471,52989,14,518,2,7200,1.02702702703
52476,52491,53008,15,517,2,7200,1.02901353965
52477,52508,53029,31,521,2,7200,1.05950095969
52490,52515,53027,25,512,2,7200,1.048828125
52507,52526,53011,19,485,2,7200,1.03917525773
52515,52539,53008,24,469,2,7200,1.05117270789
52522,52549,53062,27,513,2,7200,1.05263157895
52539,52555,53038,16,483,2,7200,1.033126294
52546,52578,53101,32,523,2,7200,1.06118546845
52553,52589,53087,36,498,2,7200,1.07228915663
52576,52598,53119,22,521,2,7200,1.04222648752
52589,52642,53131,53,489,2,7200,1.10838445808
52596,52720,53178,124,458,2,7200,1.27074235808
52640,52734,53229,94,495,2,7200,1.1898989899
52702,53630,53657,928,27,32,28800,35.3703703704
52716,52769,53260,53,491,2,7200,1.10794297352
52734,52782,53343,48,561,2,7200,1.08556149733
52767,52825,53330,58,505,2,7200,1.11485148515
52780,52954,53464,174,510,2,7200,1.34117647059
52824,52987,53518,163,531,2,7200,1.30696798493
52953,53001,53517,48,516,2,7200,1.09302325581
52987,53008,53545,21,537,2,7200,1.03910614525
52999,53020,53425,21,405,2,7200,1.05185185185
53007,53025,53557,18,532,2,7200,1.03383458647
53019,53032,53534,13,502,2,7200,1.02589641434
53026,53044,53577,18,533,2,7200,1.03377110694
53028,53049,53549,21,500,2,7200,1.042
53040,53056,53540,16,484,2,7200,1.03305785124
53047,53074,53537,27,463,2,7200,1.05831533477
53054,53099,53590,45,491,2,7200,1.0916496945
53072,53113,53622,41,509,2,7200,1.08055009823
53095,53131,53557,36,426,2,7200,1.08450704225
53113,53144,53648,31,504,2,7200,1.06150793651
53130,53189,53653,59,464,2,7200,1.12715517241
53143,53240,53757,97,517,2,7200,1.18762088975
53187,53271,53757,84,486,2,7200,1.17283950617
53236,53341,53830,105,489,2,7200,1.21472392638
53270,53355,53862,85,507,2,7200,1.16765285996
53341,53437,53897,96,460,2,7200,1.20869565217
53360,53475,53957,115,482,2,7200,1.23858921162
53436,53529,54065,93,536,2,7200,1.17350746269
53466,53679,111252,213,57573,16,68460,1.00369965088
53475,53535,54046,60,511,2,7200,1.11741682975
53485,53684,119502,199,65818,16,68520,1.00302348902
53529,53548,54056,19,508,2,7200,1.0374015748
53531,53554,54058,23,504,2,7200,1.04563492063
53549,53561,54084,12,523,2,7200,1.02294455067
53550,53566,54049,16,483,2,7200,1.033126294
53557,53573,54099,16,526,2,7200,1.03041825095
53564,53578,54070,14,492,2,7200,1.02845528455
53571,53584,54014,13,430,2,7200,1.03023255814
53578,53591,54079,13,488,2,7200,1.02663934426
53580,53603,54088,23,485,2,7200,1.04742268041
53587,53637,54145,50,508,2,7200,1.09842519685
53599,53659,54152,60,493,2,7200,1.12170385396
53633,53667,54155,34,488,2,7200,1.06967213115
53656,53769,54046,113,277,2,7200,1.40794223827
53663,53774,54273,111,499,2,7200,1.22244488978
53765,53842,54350,77,508,2,7200,1.15157480315
53783,53873,54373,90,500,2,7200,1.18
53838,53909,54420,71,511,2,7200,1.13894324853
53871,53970,54481,99,511,2,7200,1.19373776908
53910,54025,54513,115,488,2,7200,1.2356557377
53970,54057,54508,87,451,2,7200,1.19290465632
54025,54063,54567,38,504,2,7200,1.0753968254
54053,54070,54589,17,519,2,7200,1.03275529865
54060,54075,54598,15,523,2,7200,1.02868068834
54067,54082,54589,15,507,2,7200,1.02958579882
54074,54087,54537,13,450,2,7200,1.02888888889
54081,54094,54594,13,500,2,7200,1.026
54088,54099,54471,11,372,2,7200,1.02956989247
54089,54106,54608,17,502,2,7200,1.03386454183
54096,54111,54611,15,500,2,7200,1.03
54103,54118,54653,15,535,2,7200,1.02803738318
54110,54156,54658,46,502,2,7200,1.09163346614
54117,54163,54695,46,532,2,7200,1.08646616541
54156,54170,54707,14,537,2,7200,1.0260707635
54174,54285,54812,111,527,2,7200,1.21062618596
54176,54363,54920,187,557,2,7200,1.33572710952
54284,54386,54935,102,549,2,7200,1.18579234973
54360,54432,54943,72,511,2,7200,1.14090019569
54383,54483,54994,100,511,2,7200,1.19569471624
54432,54494,55006,62,512,2,7200,1.12109375
54481,54520,55034,39,514,2,7200,1.07587548638
54494,54527,55023,33,496,2,7200,1.06653225806
54517,54549,55029,32,480,2,7200,1.06666666667
54523,54578,55097,55,519,2,7200,1.10597302505
54546,54601,55095,55,494,2,7200,1.11133603239
54574,54606,55107,32,501,2,7200,1.06387225549
54597,54612,55131,15,519,2,7200,1.0289017341
54604,54618,55139,14,521,2,7200,1.02687140115
54611,54624,55131,13,507,2,7200,1.02564102564
54618,54630,55056,12,426,2,7200,1.02816901408
54625,54665,55169,40,504,2,7200,1.07936507937
54627,54671,55165,44,494,2,7200,1.08906882591
54660,54706,55244,46,538,2,7200,1.08550185874
54678,54720,55229,42,509,2,7200,1.08251473477
54706,54823,55337,117,514,2,7200,1.22762645914
54719,54932,55432,213,500,2,7200,1.426
54821,54946,55432,125,486,2,7200,1.25720164609
54929,54954,55522,25,568,2,7200,1.04401408451
54946,55007,55465,61,458,2,7200,1.13318777293
54953,55018,55561,65,543,2,7200,1.1197053407
55003,55035,55527,32,492,2,7200,1.06504065041
55015,55042,55504,27,462,2,7200,1.05844155844
55033,55049,55552,16,503,2,7200,1.03180914513
55040,55068,55558,28,490,2,7200,1.05714285714
55047,55106,55616,59,510,2,7200,1.11568627451
55064,55114,55579,50,465,2,7200,1.10752688172
55103,55121,55616,18,495,2,7200,1.03636363636
55110,55142,55634,32,492,2,7200,1.06504065041
55117,55147,55641,30,494,2,7200,1.06072874494
55140,55154,55664,14,510,2,7200,1.02745098039
55147,55178,55652,31,474,2,7200,1.06540084388
55165,55185,55719,20,534,2,7200,1.03745318352
55177,55241,55730,64,489,2,7200,1.1308793456
55184,55255,55783,71,528,2,7200,1.13446969697
55239,55349,55858,110,509,2,7200,1.21611001965
55251,55444,55938,193,494,2,7200,1.39068825911
55348,55449,56008,101,559,2,7200,1.18067978533
55440,55477,55985,37,508,2,7200,1.07283464567
55446,55516,56020,70,504,2,7200,1.13888888889
55475,55535,56051,60,516,2,7200,1.11627906977
55514,55543,56007,29,464,2,7200,1.0625
55531,55568,56059,37,491,2,7200,1.07535641548
55543,55575,56057,32,482,2,7200,1.06639004149
55566,55580,56093,14,513,2,7200,1.02729044834
55573,55590,56093,17,503,2,7200,1.0337972167
55580,55628,56105,48,477,2,7200,1.10062893082
55587,55633,56125,46,492,2,7200,1.09349593496
55626,55646,56182,20,536,2,7200,1.03731343284
55633,55653,56164,20,511,2,7200,1.03913894325
55651,55665,56140,14,475,2,7200,1.02947368421
55653,55675,56083,22,408,2,7200,1.05392156863
55665,55734,56229,69,495,2,7200,1.13939393939
55672,55742,56242,70,500,2,7200,1.14
55732,55794,56179,62,385,2,7200,1.16103896104
55739,55870,56403,131,533,2,7200,1.24577861163
55794,55950,56352,156,402,2,7200,1.38805970149
55870,55996,56499,126,503,2,7200,1.25049701789
55946,56019,56494,73,475,2,7200,1.15368421053
55996,56025,56551,29,526,2,7200,1.05513307985
56019,56031,56560,12,529,2,7200,1.02268431002
56020,56063,56580,43,517,2,7200,1.083172147
56027,56070,56476,43,406,2,7200,1.10591133005
56061,56077,56592,16,515,2,7200,1.03106796117
56068,56095,56599,27,504,2,7200,1.05357142857
56075,56105,56591,30,486,2,7200,1.06172839506
56093,56110,56631,17,521,2,7200,1.03262955854
56105,56117,56618,12,501,2,7200,1.02395209581
56107,56137,56652,30,515,2,7200,1.05825242718
56125,56152,56634,27,482,2,7200,1.05601659751
56138,56177,56678,39,501,2,7200,1.07784431138
56150,56191,56672,41,481,2,7200,1.08523908524
56173,56198,56704,25,506,2,7200,1.04940711462
56191,56240,56729,49,489,2,7200,1.10020449898
56198,56255,56777,57,522,2,7200,1.1091954023
56236,56365,56848,129,483,2,7200,1.26708074534
56254,56415,56877,161,462,2,7200,1.34848484848
56362,56488,56956,126,468,2,7200,1.26923076923
56411,56506,57000,95,494,2,7200,1.19230769231
56487,56513,57009,26,496,2,7200,1.05241935484
56505,56563,57085,58,522,2,7200,1.11111111111
56512,56572,57076,60,504,2,7200,1.11904761905
56561,56592,57131,31,539,2,7200,1.05751391466
56568,56604,57088,36,484,2,7200,1.07438016529
56591,56609,57057,18,448,2,7200,1.04017857143
56604,56616,57075,12,459,2,7200,1.02614379085
56605,56630,57122,25,492,2,7200,1.05081300813
56624,56643,57094,19,451,2,7200,1.0421286031
56626,56649,57132,23,483,2,7200,1.04761904762
56643,56664,57189,21,525,2,7200,1.04
56645,56683,57230,38,547,2,7200,1.06946983547
56663,56691,57154,28,463,2,7200,1.06047516199
56680,56716,57245,36,529,2,7200,1.06805293006
56687,56742,57219,55,477,2,7200,1.11530398323
56716,56790,57249,74,459,2,7200,1.16122004357
56738,56859,57335,121,476,2,7200,1.25420168067
56788,56889,57266,101,377,2,7200,1.26790450928
56858,56967,57456,109,489,2,7200,1.22290388548
56887,57011,57533,124,522,2,7200,1.23754789272
56968,57021,57539,53,518,2,7200,1.10231660232
57012,57068,57562,56,494,2,7200,1.11336032389
57019,57086,57591,67,505,2,7200,1.13267326733
57057,61171,78573,4114,17402,32,28800,1.23640960809
57068,57094,57579,26,485,2,7200,1.05360824742
57086,57101,57624,15,523,2,7200,1.02868068834
57093,57106,57627,13,521,2,7200,1.02495201536
57100,57113,57565,13,452,2,7200,1.02876106195
57118,57134,57618,16,484,2,7200,1.03305785124
57120,57143,57627,23,484,2,7200,1.04752066116
57132,57150,57667,18,517,2,7200,1.03481624758
57139,57168,57704,29,536,2,7200,1.05410447761
57146,57201,57690,55,489,2,7200,1.11247443763
57169,57230,57736,61,506,2,7200,1.12055335968
57197,57242,57757,45,515,2,7200,1.08737864078
57231,57257,57709,26,452,2,7200,1.05752212389
57238,57263,57776,25,513,2,7200,1.04873294347
57255,57278,57793,23,515,2,7200,1.04466019417
57262,57347,57878,85,531,2,7200,1.16007532957
57275,57468,58005,193,537,2,7200,1.35940409683
57345,57545,58060,200,515,2,7200,1.38834951456
57469,57551,58022,82,471,2,7200,1.17409766454
57545,57578,58089,33,511,2,7200,1.06457925636
57551,57584,58107,33,523,2,7200,1.06309751434
57574,57590,58135,16,545,2,7200,1.02935779817
57581,57603,58077,22,474,2,7200,1.04641350211
57588,57630,58100,42,470,2,7200,1.08936170213
57607,57636,58155,29,519,2,7200,1.05587668593
57630,57643,58129,13,486,2,7200,1.02674897119
57637,57649,58085,12,436,2,7200,1.02752293578
57639,57679,58253,40,574,2,7200,1.06968641115
57645,57702,58193,57,491,2,7200,1.11608961303
57679,57716,58238,37,522,2,7200,1.07088122605
57702,57722,58215,20,493,2,7200,1.04056795132
57714,57747,58258,33,511,2,7200,1.06457925636
57721,57769,58292,48,523,2,7200,1.09177820268
57744,57789,58301,45,512,2,7200,1.087890625
57767,57809,58314,42,505,2,7200,1.08316831683
57785,57890,58382,105,492,2,7200,1.21341463415
57807,58017,58507,210,490,2,7200,1.42857142857
57889,58035,58529,146,494,2,7200,1.2955465587
58017,58073,58542,56,469,2,7200,1.11940298507
58035,58088,58579,53,491,2,7200,1.10794297352
58068,58096,58609,28,513,2,7200,1.05458089669
58086,58102,58608,16,506,2,7200,1.03162055336
58104,58112,58591,8,479,2,7200,1.01670146138
58106,58118,58622,12,504,2,7200,1.02380952381
58108,58141,58684,33,543,2,7200,1.06077348066
58115,58147,58670,32,523,2,7200,1.06118546845
58138,58167,58685,29,518,2,7200,1.05598455598
58144,58205,58682,61,477,2,7200,1.12788259958
58167,58227,58738,60,511,2,7200,1.11741682975
58201,58249,58766,48,517,2,7200,1.09284332689
58224,58265,58747,41,482,2,7200,1.08506224066
58247,58271,58783,24,512,2,7200,1.046875
58264,58305,58857,41,552,2,7200,1.07427536232
58271,58314,58800,43,486,2,7200,1.08847736626
58305,58326,58848,21,522,2,7200,1.04022988506
58312,58393,58881,81,488,2,7200,1.16598360656
58324,58519,58972,195,453,2,7200,1.43046357616
58389,58540,59000,151,460,2,7200,1.32826086957
58518,58553,59081,35,528,2,7200,1.06628787879
58541,58591,59097,50,506,2,7200,1.09881422925
58553,58602,59123,49,521,2,7200,1.09404990403
58592,58620,59123,28,503,2,7200,1.05566600398
58610,58626,59137,16,511,2,7200,1.0313111546
58617,58639,59132,22,493,2,7200,1.04462474645
58624,58682,59065,58,383,2,7200,1.15143603133
58636,58695,59199,59,504,2,7200,1.11706349206
58680,58702,59199,22,497,2,7200,1.04426559356
58693,58707,59215,14,508,2,7200,1.02755905512
58700,58751,59214,51,463,2,7200,1.1101511879
58706,58759,59271,53,512,2,7200,1.103515625
58751,58778,59305,27,527,2,7200,1.05123339658
58757,58794,59287,37,493,2,7200,1.07505070994
58775,58812,59281,37,469,2,7200,1.078891258
58793,58860,59375,67,515,2,7200,1.13009708738
58810,58869,59411,59,542,2,7200,1.10885608856
58859,58893,59400,34,507,2,7200,1.06706114398
58866,58984,59475,118,491,2,7200,1.24032586558
58889,59014,59489,125,475,2,7200,1.26315789474
58981,59076,59620,95,544,2,7200,1.17463235294
59014,59093,59636,79,543,2,7200,1.14548802947
59074,59108,59621,34,513,2,7200,1.06627680312
59092,59135,59630,43,495,2,7200,1.08686868687
59104,59140,59635,36,495,2,7200,1.07272727273
59132,59147,59638,15,491,2,7200,1.03054989817
59139,59153,59639,14,486,2,7200,1.02880658436
59146,59211,59695,65,484,2,7200,1.13429752066
59153,59216,59735,63,519,2,7200,1.12138728324
59208,59226,59760,18,534,2,7200,1.03370786517
59215,59232,59712,17,480,2,7200,1.03541666667
59221,59284,59685,63,401,2,7200,1.15710723192
59228,59292,59777,64,485,2,7200,1.13195876289
59283,59300,59794,17,494,2,7200,1.03441295547
59290,59316,59821,26,505,2,7200,1.05148514851
59297,59386,59897,89,511,2,7200,1.17416829746
59314,59416,59867,102,451,2,7200,1.22616407982
59385,59422,59906,37,484,2,7200,1.07644628099
59413,59487,59900,74,413,2,7200,1.17917675545
59420,59501,60032,81,531,2,7200,1.15254237288
59485,59632,60158,147,526,2,7200,1.27946768061
59503,59638,60143,135,505,2,7200,1.26732673267
59632,59645,60140,13,495,2,7200,1.02626262626
59634,59652,60132,18,480,2,7200,1.0375
59641,59657,60144,16,487,2,7200,1.03285420945
59648,59665,60153,17,488,2,7200,1.03483606557
59655,59670,60148,15,478,2,7200,1.03138075314
59662,59697,60186,35,489,2,7200,1.07157464213
59669,59707,60217,38,510,2,7200,1.07450980392
59697,59729,60261,32,532,2,7200,1.06015037594
59704,59747,60228,43,481,2,7200,1.0893970894
59727,59771,60271,44,500,2,7200,1.088
59744,59790,60282,46,492,2,7200,1.09349593496
59767,59807,60339,40,532,2,7200,1.07518796992
59790,59833,60320,43,487,2,7200,1.08829568789
59803,59879,60400,76,521,2,7200,1.14587332054
59831,59909,60341,78,432,2,7200,1.18055555556
59875,59916,60433,41,517,2,7200,1.07930367505
59908,59923,60447,15,524,2,7200,1.0286259542
59927,60045,60469,118,424,2,7200,1.27830188679
59929,60144,60705,215,561,2,7200,1.38324420677
60041,60152,60692,111,540,2,7200,1.20555555556
60143,60159,60667,16,508,2,7200,1.03149606299
60150,60164,60671,14,507,2,7200,1.02761341223
60157,60171,60689,14,518,2,7200,1.02702702703
60164,60177,60658,13,481,2,7200,1.02702702703
60172,60183,60688,11,505,2,7200,1.02178217822
60173,60198,60609,25,411,2,7200,1.06082725061
60180,60204,60683,24,479,2,7200,1.05010438413
60198,60228,60725,30,497,2,7200,1.06036217304
60205,60240,60758,35,518,2,7200,1.06756756757
60228,60274,60799,46,525,2,7200,1.08761904762
60240,60288,60808,48,520,2,7200,1.09230769231
60274,60295,60826,21,531,2,7200,1.0395480226
60286,60332,60837,46,505,2,7200,1.09108910891
60293,60351,60834,58,483,2,7200,1.12008281573
60332,60358,60865,26,507,2,7200,1.05128205128
60349,60412,60864,63,452,2,7200,1.13938053097
60367,60444,60967,77,523,2,7200,1.14722753346
60411,60458,60993,47,535,2,7200,1.08785046729
60445,60480,60893,35,413,2,7200,1.08474576271
60457,60620,61127,163,507,2,7200,1.32149901381
60480,60669,61190,189,521,2,7200,1.36276391555
60620,60678,61175,58,497,2,7200,1.11670020121
60669,60686,61051,17,365,2,7200,1.04657534247
60676,60695,61176,19,481,2,7200,1.0395010395
60683,60703,61119,20,416,2,7200,1.04807692308
60695,60708,61193,13,485,2,7200,1.02680412371
60702,60715,61243,13,528,2,7200,1.02462121212
60704,60722,61231,18,509,2,7200,1.03536345776
60711,60736,61228,25,492,2,7200,1.05081300813
60717,60769,61267,52,498,2,7200,1.10441767068
60735,60811,61311,76,500,2,7200,1.152
60768,60820,61291,52,471,2,7200,1.11040339703
60807,60838,61383,31,545,2,7200,1.05688073394
60825,60846,61369,21,523,2,7200,1.04015296367
60838,60852,61330,14,478,2,7200,1.02928870293
60845,60876,61381,31,505,2,7200,1.06138613861
60852,60883,61391,31,508,2,7200,1.06102362205
60874,60905,61402,31,497,2,7200,1.06237424547
60881,60978,61447,97,469,2,7200,1.20682302772
60904,61005,61502,101,497,2,7200,1.2032193159
60974,61063,61555,89,492,2,7200,1.18089430894
61003,61131,61656,128,525,2,7200,1.24380952381
61062,61139,61627,77,488,2,7200,1.15778688525
61127,61187,61670,60,483,2,7200,1.12422360248
61134,61193,61715,59,522,2,7200,1.11302681992
61172,111288,111290,50116,2,32,28800,5011.8
61184,61201,61706,17,505,2,7200,1.03366336634
61191,61239,61761,48,522,2,7200,1.09195402299
61197,61209,61694,12,485,2,7200,1.02474226804
61204,61247,61743,43,496,2,7200,1.08669354839
61238,61255,61721,17,466,2,7200,1.0364806867
61256,61279,61794,23,515,2,7200,1.04466019417
61258,61302,61808,44,506,2,7200,1.08695652174
61275,61323,61796,48,473,2,7200,1.10147991543
61298,61342,61852,44,510,2,7200,1.0862745098
61321,61380,61910,59,530,2,7200,1.11132075472
61338,61392,61917,54,525,2,7200,1.10285714286
61374,80017,81833,18643,1816,5,1800,11.265969163
61377,61400,61908,23,508,2,7200,1.04527559055
61389,61407,61905,18,498,2,7200,1.03614457831
61396,61413,61903,17,490,2,7200,1.03469387755
61403,61458,61925,55,467,2,7200,1.11777301927
61410,61514,62051,104,537,2,7200,1.19366852886
61454,61567,62079,113,512,2,7200,1.220703125
61514,61640,62105,126,465,2,7200,1.27096774194
61563,61667,62193,104,526,2,7200,1.19771863118
61639,61682,62139,43,457,2,7200,1.09409190372
61667,61705,62190,38,485,2,7200,1.07835051546
61679,61717,62229,38,512,2,7200,1.07421875
61702,61727,62231,25,504,2,7200,1.0496031746
61721,61734,62231,13,497,2,7200,1.02615694165
61722,61755,62246,33,491,2,7200,1.06720977597
61729,61773,62265,44,492,2,7200,1.08943089431
61752,61805,62309,53,504,2,7200,1.10515873016
61769,61813,62301,44,488,2,7200,1.09016393443
61803,61819,62327,16,508,2,7200,1.03149606299
61810,61864,62391,54,527,2,7200,1.10246679317
61817,61914,62389,97,475,2,7200,1.20421052632
61861,61921,62304,60,383,2,7200,1.15665796345
61915,61926,62465,11,539,2,7200,1.02040816327
61917,61934,62436,17,502,2,7200,1.03386454183
61924,61939,62419,15,480,2,7200,1.03125
61931,61946,62443,15,497,2,7200,1.03018108652
61937,62064,62612,127,548,2,7200,1.23175182482
61944,62090,62574,146,484,2,7200,1.30165289256
62062,62117,62654,55,537,2,7200,1.10242085661
62090,62152,62645,62,493,2,7200,1.12576064909
62113,62201,62698,88,497,2,7200,1.17706237425
62152,62208,62676,56,468,2,7200,1.11965811966
62202,62240,62708,38,468,2,7200,1.0811965812
62203,62247,62749,44,502,2,7200,1.08764940239
62237,62253,62770,16,517,2,7200,1.03094777563
62243,62260,62749,17,489,2,7200,1.03476482618
62250,62278,62811,28,533,2,7200,1.05253283302
62257,62313,62794,56,481,2,7200,1.11642411642
62275,62320,62836,45,516,2,7200,1.08720930233
62308,62326,62774,18,448,2,7200,1.04017857143
62320,62339,62835,19,496,2,7200,1.03830645161
62322,62401,62895,79,494,2,7200,1.15991902834
62339,62408,62847,69,439,2,7200,1.15717539863
62399,62431,62917,32,486,2,7200,1.0658436214
62406,62448,62928,42,480,2,7200,1.0875
62429,62454,62930,25,476,2,7200,1.0525210084
62447,62477,62993,30,516,2,7200,1.05813953488
62454,62587,63082,133,495,2,7200,1.26868686869
62477,62624,63079,147,455,2,7200,1.32307692308
62584,62662,63176,78,514,2,7200,1.15175097276
62623,62668,63165,45,497,2,7200,1.09054325956
62662,62687,63214,25,527,2,7200,1.04743833017
62663,62709,63162,46,453,2,7200,1.10154525386
62686,62720,63173,34,453,2,7200,1.07505518764
62709,62761,63291,52,530,2,7200,1.09811320755
62716,62766,63221,50,455,2,7200,1.10989010989
62760,62782,63313,22,531,2,7200,1.04143126177
62767,62789,63267,22,478,2,7200,1.0460251046
62779,62806,63287,27,481,2,7200,1.05613305613
62786,62823,63255,37,432,2,7200,1.08564814815
62803,62846,63346,43,500,2,7200,1.086
62821,62852,63362,31,510,2,7200,1.06078431373
62844,62859,63315,15,456,2,7200,1.03289473684
62851,62906,63428,55,522,2,7200,1.10536398467
62857,62930,63369,73,439,2,7200,1.16628701595
62907,62939,63456,32,517,2,7200,1.06189555126
62930,62946,63398,16,452,2,7200,1.03539823009
62937,63005,63498,68,493,2,7200,1.13793103448
62944,63091,63606,147,515,2,7200,1.2854368932
63004,63098,63590,94,492,2,7200,1.19105691057
63090,63174,63714,84,540,2,7200,1.15555555556
63097,63181,63701,84,520,2,7200,1.16153846154
63173,63188,63681,15,493,2,7200,1.03042596349
63180,63193,63711,13,518,2,7200,1.0250965251
63187,63227,63773,40,546,2,7200,1.07326007326
63193,63233,63719,40,486,2,7200,1.08230452675
63227,63267,63781,40,514,2,7200,1.07782101167
63234,63280,63773,46,493,2,7200,1.09330628803
63267,63299,63785,32,486,2,7200,1.0658436214
63279,63305,63775,26,470,2,7200,1.05531914894
63297,63325,63830,28,505,2,7200,1.05544554455
63304,63332,63848,28,516,2,7200,1.05426356589
63330,63358,63715,28,357,2,7200,1.07843137255
63332,63374,63873,42,499,2,7200,1.08416833667
63355,63380,63862,25,482,2,7200,1.05186721992
63372,63410,63917,38,507,2,7200,1.07495069034
63379,63440,63964,61,524,2,7200,1.11641221374
63407,63467,63949,60,482,2,7200,1.1244813278
63435,63510,63997,75,487,2,7200,1.15400410678
63463,63602,64123,139,521,2,7200,1.26679462572
63507,63618,64119,111,501,2,7200,1.22155688623
63599,63693,64110,94,417,2,7200,1.22541966427
63616,63713,64185,97,472,2,7200,1.20550847458
63688,63724,64196,36,472,2,7200,1.07627118644
63711,63730,64217,19,487,2,7200,1.03901437372
63724,63735,64238,11,503,2,7200,1.02186878728
63731,63742,64230,11,488,2,7200,1.02254098361
63732,63784,64331,52,547,2,7200,1.09506398537
63739,63790,64311,51,521,2,7200,1.09788867562
63754,81966,168121,18212,86155,4,86400,1.21138645465
63783,63797,64175,14,378,2,7200,1.03703703704
63802,63810,64339,8,529,2,7200,1.01512287335
63804,63817,64326,13,509,2,7200,1.02554027505
63806,63842,64355,36,513,2,7200,1.0701754386
63813,63860,64376,47,516,2,7200,1.09108527132
63841,63874,64363,33,489,2,7200,1.06748466258
63858,63885,64447,27,562,2,7200,1.04804270463
63871,63928,64226,57,298,2,7200,1.19127516779
63883,63962,64442,79,480,2,7200,1.16458333333
63927,63975,64480,48,505,2,7200,1.09504950495
63960,64009,64510,49,501,2,7200,1.09780439122
63973,64127,64660,154,533,2,7200,1.28893058161
64006,64134,64632,128,498,2,7200,1.25702811245
64124,64140,64664,16,524,2,7200,1.03053435115
64130,64187,64722,57,535,2,7200,1.10654205607
64137,64197,64694,60,497,2,7200,1.12072434608
64187,64208,64697,21,489,2,7200,1.04294478528
64193,64228,64750,35,522,2,7200,1.06704980843
64206,64237,64740,31,503,2,7200,1.06163021869
64228,64245,64726,17,481,2,7200,1.03534303534
64235,64251,64742,16,491,2,7200,1.03258655804
64253,64322,64838,69,516,2,7200,1.13372093023
64255,64337,64788,82,451,2,7200,1.18181818182
64320,64344,64835,24,491,2,7200,1.04887983707
64337,64350,64777,13,427,2,7200,1.03044496487
64339,64366,64860,27,494,2,7200,1.05465587045
64346,64380,64876,34,496,2,7200,1.0685483871
64364,64387,64890,23,503,2,7200,1.04572564612
64376,64454,64918,78,464,2,7200,1.16810344828
64388,64461,64912,73,451,2,7200,1.16186252772
64453,64492,64977,39,485,2,7200,1.08041237113
64460,64521,65029,61,508,2,7200,1.12007874016
64488,64643,65155,155,512,2,7200,1.302734375
64521,64672,65199,151,527,2,7200,1.28652751423
64644,64678,65166,34,488,2,7200,1.06967213115
64672,64706,65191,34,485,2,7200,1.07010309278
64679,64712,65210,33,498,2,7200,1.06626506024
64702,64734,65288,32,554,2,7200,1.05776173285
64709,64740,65137,31,397,2,7200,1.07808564232
64739,64755,65214,16,459,2,7200,1.0348583878
64740,64760,65331,20,571,2,7200,1.0350262697
64752,64766,65233,14,467,2,7200,1.02997858672
64759,64788,65309,29,521,2,7200,1.0556621881
64764,81854,81955,17090,101,5,1800,170.207920792
64766,64802,65286,36,484,2,7200,1.07438016529
64789,64850,65408,61,558,2,7200,1.10931899642
64801,64856,65302,55,446,2,7200,1.12331838565
64850,64871,65364,21,493,2,7200,1.04259634888
64852,64888,65403,36,515,2,7200,1.06990291262
64869,64901,65396,32,495,2,7200,1.06464646465
64887,64925,65473,38,548,2,7200,1.06934306569
64899,64931,65463,32,532,2,7200,1.06015037594
64922,64989,65440,67,451,2,7200,1.14855875831
64929,65040,65588,111,548,2,7200,1.20255474453
64988,65148,65667,160,519,2,7200,1.30828516378
65037,65166,65665,129,499,2,7200,1.25851703407
65144,65178,65637,34,459,2,7200,1.07407407407
65167,65202,65685,35,483,2,7200,1.07246376812
65186,65211,65718,25,507,2,7200,1.04930966469
65198,65222,65740,24,518,2,7200,1.04633204633
65210,65228,65751,18,523,2,7200,1.034416826
65217,65244,65734,27,490,2,7200,1.05510204082
65224,65298,65815,74,517,2,7200,1.14313346228
65241,65305,65809,64,504,2,7200,1.12698412698
65296,65313,65784,17,471,2,7200,1.03609341826
65303,65320,65789,17,469,2,7200,1.03624733475
65310,65342,65877,32,535,2,7200,1.05981308411
65317,65375,65815,58,440,2,7200,1.13181818182
65339,65409,65884,70,475,2,7200,1.14736842105
65373,65415,65932,42,517,2,7200,1.08123791103
65406,65422,65914,16,492,2,7200,1.0325203252
65413,65452,65931,39,479,2,7200,1.08141962422
65420,65475,65945,55,470,2,7200,1.1170212766
65448,65484,65972,36,488,2,7200,1.0737704918
65470,65600,65948,130,348,2,7200,1.37356321839
65489,65648,66137,159,489,2,7200,1.32515337423
65596,65677,66175,81,498,2,7200,1.16265060241
65645,65684,66162,39,478,2,7200,1.08158995816
65673,65697,66188,24,491,2,7200,1.04887983707
65680,65729,66247,49,518,2,7200,1.09459459459
65692,65746,66260,54,514,2,7200,1.10505836576
65726,65754,66228,28,474,2,7200,1.05907172996
65743,65763,66265,20,502,2,7200,1.03984063745
65750,65797,66320,47,523,2,7200,1.08986615679
65762,65804,66271,42,467,2,7200,1.08993576017
65795,65821,66296,26,475,2,7200,1.05473684211
65802,65827,66269,25,442,2,7200,1.05656108597
65820,65833,66304,13,471,2,7200,1.02760084926
65827,65888,66388,61,500,2,7200,1.122
65828,65895,66324,67,429,2,7200,1.15617715618
65888,65925,66428,37,503,2,7200,1.07355864811
65895,65943,66428,48,485,2,7200,1.09896907216
65928,65949,66468,21,519,2,7200,1.04046242775
65941,65962,66455,21,493,2,7200,1.04259634888
65948,65968,66489,20,521,2,7200,1.03838771593
65960,65983,66470,23,487,2,7200,1.04722792608
65967,66149,66713,182,564,2,7200,1.32269503546
65979,66177,66652,198,475,2,7200,1.41684210526
66098,111149,262914,45051,151765,16,288000,1.29684709913
66149,66186,66677,37,491,2,7200,1.07535641548
66177,66200,66682,23,482,2,7200,1.04771784232
66184,66241,66731,57,490,2,7200,1.11632653061
66196,66264,66756,68,492,2,7200,1.13821138211
66240,66271,66750,31,479,2,7200,1.06471816284
66262,66277,66759,15,482,2,7200,1.03112033195
66269,66285,66809,16,524,2,7200,1.03053435115
66276,66290,66759,14,469,2,7200,1.02985074627
66283,66308,66784,25,476,2,7200,1.0525210084
66290,66315,66780,25,465,2,7200,1.05376344086
66307,66331,66843,24,512,2,7200,1.046875
66327,66338,66846,11,508,2,7200,1.02165354331
66328,66399,66947,71,548,2,7200,1.1295620438
66335,66439,66926,104,487,2,7200,1.2135523614
66400,66444,66939,44,495,2,7200,1.08888888889
66438,66467,66955,29,488,2,7200,1.05942622951
66440,66480,66956,40,476,2,7200,1.08403361345
66463,66486,67038,23,552,2,7200,1.04166666667
66480,66501,66998,21,497,2,7200,1.04225352113
66482,66664,67158,182,494,2,7200,1.36842105263
66499,66690,67205,191,515,2,7200,1.37087378641
66664,66696,67222,32,526,2,7200,1.0608365019
66687,66726,67270,39,544,2,7200,1.07169117647
66694,66743,67262,49,519,2,7200,1.09441233141
66722,66761,67270,39,509,2,7200,1.07662082515
66739,66768,67266,29,498,2,7200,1.05823293173
66762,66775,67294,13,519,2,7200,1.02504816956
66769,66782,67275,13,493,2,7200,1.02636916836
66771,66793,67320,22,527,2,7200,1.04174573055
66778,66800,67294,22,494,2,7200,1.04453441296
66798,66821,67324,23,503,2,7200,1.04572564612
66799,66854,67366,55,512,2,7200,1.107421875
66817,66862,67334,45,472,2,7200,1.09533898305
66850,66939,67445,89,506,2,7200,1.17588932806
66857,66952,67502,95,550,2,7200,1.17272727273
66938,66959,67492,21,533,2,7200,1.03939962477
66950,66967,67519,17,552,2,7200,1.03079710145
66957,66974,67464,17,490,2,7200,1.03469387755
66964,67012,67506,48,494,2,7200,1.0971659919
66971,67050,67551,79,501,2,7200,1.15768463074
67009,67175,67684,166,509,2,7200,1.32612966601
67048,67216,67716,168,500,2,7200,1.336
67171,67234,67716,63,482,2,7200,1.13070539419
67214,67273,67742,59,469,2,7200,1.12579957356
67232,67281,67834,49,553,2,7200,1.08860759494
67270,67287,67729,17,442,2,7200,1.03846153846
67277,67293,67787,16,494,2,7200,1.03238866397
67284,67300,67785,16,485,2,7200,1.03298969072
67304,67311,67776,7,465,2,7200,1.01505376344
67306,67318,67786,12,468,2,7200,1.02564102564
67308,67332,67872,24,540,2,7200,1.04444444444
67314,67338,67864,24,526,2,7200,1.04562737643
67332,67350,67868,18,518,2,7200,1.03474903475
67334,67377,67836,43,459,2,7200,1.09368191721
67351,67457,67947,106,490,2,7200,1.21632653061
67374,67475,67954,101,479,2,7200,1.2108559499
67455,67504,68019,49,515,2,7200,1.09514563107
67472,67514,68017,42,503,2,7200,1.08349900596
67500,67520,67979,20,459,2,7200,1.04357298475
67512,67531,68047,19,516,2,7200,1.03682170543
67519,67564,68053,45,489,2,7200,1.09202453988
67526,67697,68248,171,551,2,7200,1.31034482759
67559,67728,68258,169,530,2,7200,1.31886792453
67692,67733,68217,41,484,2,7200,1.0847107438
67726,67740,68137,14,397,2,7200,1.03526448363
67732,67754,68292,22,538,2,7200,1.04089219331
67739,67788,68265,49,477,2,7200,1.10272536688
67751,67796,68321,45,525,2,7200,1.08571428571
67792,67804,68310,12,506,2,7200,1.02371541502
67794,67809,68298,15,489,2,7200,1.03067484663
67800,67847,68363,47,516,2,7200,1.09108527132
67807,67853,68363,46,510,2,7200,1.09019607843
67845,67876,68297,31,421,2,7200,1.07363420428
67852,67882,68381,30,499,2,7200,1.06012024048
67874,67888,68412,14,524,2,7200,1.02671755725
67881,67959,68417,78,458,2,7200,1.17030567686
67888,67965,68452,77,487,2,7200,1.15811088296
67958,67990,68498,32,508,2,7200,1.06299212598
67965,68028,68502,63,474,2,7200,1.13291139241
67988,68035,68527,47,492,2,7200,1.09552845528
68026,68058,68521,32,463,2,7200,1.06911447084
68033,68065,68493,32,428,2,7200,1.07476635514
68056,68150,68601,94,451,2,7200,1.20842572062
68063,68230,68712,167,482,2,7200,1.34647302905
68148,68261,68743,113,482,2,7200,1.23443983402
68229,68269,68772,40,503,2,7200,1.07952286282
68257,68276,68788,19,512,2,7200,1.037109375
68269,68303,68809,34,506,2,7200,1.06719367589
68288,68310,68816,22,506,2,7200,1.04347826087
68300,68316,68862,16,546,2,7200,1.0293040293
68307,68323,68844,16,521,2,7200,1.03071017274
68314,68333,68811,19,478,2,7200,1.03974895397
68321,68374,68850,53,476,2,7200,1.11134453782
68333,68379,68898,46,519,2,7200,1.08863198459
68371,68393,68888,22,495,2,7200,1.04444444444
68378,68404,68890,26,486,2,7200,1.05349794239
68390,68423,68909,33,486,2,7200,1.06790123457
68402,68431,68912,29,481,2,7200,1.06029106029
68420,68464,68992,44,528,2,7200,1.08333333333
68427,68511,68921,84,410,2,7200,1.20487804878
68460,68516,69008,56,492,2,7200,1.11382113821
68509,68522,69008,13,486,2,7200,1.02674897119
68516,68532,69022,16,490,2,7200,1.03265306122
68523,68538,69029,15,491,2,7200,1.03054989817
68529,68612,69100,83,488,2,7200,1.17008196721
68548,68723,69242,175,519,2,7200,1.33718689788
68612,68754,69293,142,539,2,7200,1.26345083488
68719,68783,69273,64,490,2,7200,1.1306122449
68752,68799,69266,47,467,2,7200,1.10064239829
68780,68821,69308,41,487,2,7200,1.0841889117
68797,68828,69324,31,496,2,7200,1.0625
68820,68833,69395,13,562,2,7200,1.0231316726
68827,68855,69400,28,545,2,7200,1.05137614679
68829,68862,69310,33,448,2,7200,1.07366071429
68851,68874,69416,23,542,2,7200,1.04243542435
68858,68899,69390,41,491,2,7200,1.08350305499
68870,68907,69462,37,555,2,7200,1.06666666667
68898,68914,69431,16,517,2,7200,1.03094777563
68905,68920,69375,15,455,2,7200,1.03296703297
68912,68927,69416,15,489,2,7200,1.03067484663
68919,68934,69451,15,517,2,7200,1.02901353965
68938,69009,69354,71,345,2,7200,1.20579710145
68939,69023,69513,84,490,2,7200,1.17142857143
69009,69028,69562,19,534,2,7200,1.03558052434
69022,69034,69558,12,524,2,7200,1.02290076336
69028,69042,69584,14,542,2,7200,1.0258302583
69030,69111,69593,81,482,2,7200,1.16804979253
69042,69253,69720,211,467,2,7200,1.45182012848
69112,69277,69789,165,512,2,7200,1.322265625
69250,69284,69784,34,500,2,7200,1.068
69278,69304,69813,26,509,2,7200,1.0510805501
69285,69319,69862,34,543,2,7200,1.06261510129
69302,69325,69713,23,388,2,7200,1.05927835052
69319,69335,69819,16,484,2,7200,1.03305785124
69321,69365,69887,44,522,2,7200,1.08429118774
69333,69386,69891,53,505,2,7200,1.10495049505
69366,69401,69908,35,507,2,7200,1.06903353057
69383,69409,69894,26,485,2,7200,1.05360824742
69398,72936,74767,3538,1831,1,1800,2.93227744402
69403,69416,69896,13,480,2,7200,1.02708333333
69405,69427,69968,22,541,2,7200,1.04066543438
69412,69432,69904,20,472,2,7200,1.04237288136
69424,69443,69948,19,505,2,7200,1.03762376238
69431,69462,69933,31,471,2,7200,1.06581740977
69443,69474,69963,31,489,2,7200,1.06339468303
69460,69524,70058,64,534,2,7200,1.11985018727
69472,69570,70083,98,513,2,7200,1.1910331384
69521,69576,70078,55,502,2,7200,1.10956175299
69570,69595,70062,25,467,2,7200,1.05353319058
69571,69604,70081,33,477,2,7200,1.06918238994
69594,69725,70245,131,520,2,7200,1.25192307692
69601,69731,70185,130,454,2,7200,1.28634361233
69723,69795,70247,72,452,2,7200,1.1592920354
69730,69802,70362,72,560,2,7200,1.12857142857
69795,69825,70330,30,505,2,7200,1.05940594059
69801,69831,70331,30,500,2,7200,1.06
69824,69873,70401,49,528,2,7200,1.0928030303
69843,69898,70384,55,486,2,7200,1.11316872428
69871,69905,70382,34,477,2,7200,1.071278826
69899,69917,70402,18,485,2,7200,1.03711340206
69900,69922,70267,22,345,2,7200,1.06376811594
69912,69929,70427,17,498,2,7200,1.03413654618
69919,69934,70424,15,490,2,7200,1.0306122449
69926,69945,70464,19,519,2,7200,1.0366088632
69933,69960,70369,27,409,2,7200,1.06601466993
69945,69974,70490,29,516,2,7200,1.05620155039
69957,69980,70521,23,541,2,7200,1.04251386322
69975,70070,70575,95,505,2,7200,1.18811881188
69976,70077,70539,101,462,2,7200,1.21861471861
70067,70089,70493,22,404,2,7200,1.05445544554
70074,70095,70585,21,490,2,7200,1.04285714286
70086,70101,70593,15,492,2,7200,1.03048780488
70093,70201,70737,108,536,2,7200,1.20149253731
70112,70257,70712,145,455,2,7200,1.31868131868
70197,70263,70757,66,494,2,7200,1.13360323887
70257,70280,70791,23,511,2,7200,1.04500978474
70258,70342,70889,84,547,2,7200,1.15356489945
70276,70348,70793,72,445,2,7200,1.16179775281
70341,70374,70868,33,494,2,7200,1.06680161943
70348,70380,70809,32,429,2,7200,1.07459207459
70370,70393,70903,23,510,2,7200,1.04509803922
70377,70401,70897,24,496,2,7200,1.04838709677
70389,70413,70911,24,498,2,7200,1.04819277108
70396,70425,70905,29,480,2,7200,1.06041666667
70408,70436,70944,28,508,2,7200,1.05511811024
70420,70443,70915,23,472,2,7200,1.04872881356
70433,70476,70954,43,478,2,7200,1.089958159
70439,70507,71013,68,506,2,7200,1.13438735178
70473,70512,71023,39,511,2,7200,1.07632093933
70507,70532,71001,25,469,2,7200,1.05330490405
70509,70551,71063,42,512,2,7200,1.08203125
70532,70587,71085,55,498,2,7200,1.11044176707
70549,70597,71076,48,479,2,7200,1.10020876827
70582,70609,71084,27,475,2,7200,1.05684210526
70594,70724,71154,130,430,2,7200,1.3023255814
70607,70748,71218,141,470,2,7200,1.3
70724,70754,71292,30,538,2,7200,1.05576208178
70744,111989,111996,41245,7,6,7200,4125.2
70747,70769,71258,22,489,2,7200,1.04498977505
70753,70802,71324,49,522,2,7200,1.0938697318
70765,70809,71305,44,496,2,7200,1.08870967742
70796,112007,112081,41211,74,6,7200,557.905405405
70799,70826,71343,27,517,2,7200,1.05222437137
70805,70880,71373,75,493,2,7200,1.15212981744
70823,70901,71405,78,504,2,7200,1.15476190476
70877,70908,71458,31,550,2,7200,1.05636363636
70900,70916,71447,16,531,2,7200,1.03013182674
70907,70921,71418,14,497,2,7200,1.02816901408
70926,70932,71444,6,512,2,7200,1.01171875
70928,70945,71440,17,495,2,7200,1.03434343434
70929,70958,71467,29,509,2,7200,1.05697445972
70941,70965,71487,24,522,2,7200,1.04597701149
70959,71013,71517,54,504,2,7200,1.10714285714
70966,71025,71483,59,458,2,7200,1.1288209607
71009,71034,71540,25,506,2,7200,1.04940711462
71021,71075,71568,54,493,2,7200,1.10953346856
71034,71088,71582,54,494,2,7200,1.10931174089
71072,71096,71632,24,536,2,7200,1.0447761194
71084,71103,71600,19,497,2,7200,1.03822937626
71096,71166,71640,70,474,2,7200,1.14767932489
71103,71229,71775,126,546,2,7200,1.23076923077
71163,71270,71666,107,396,2,7200,1.2702020202
71227,71303,71688,76,385,2,7200,1.1974025974
71266,71317,71714,51,397,2,7200,1.12846347607
71299,71337,71855,38,518,2,7200,1.07335907336
71316,71355,71854,39,499,2,7200,1.07815631263
71343,71385,71923,42,538,2,7200,1.0780669145
71355,71416,71952,61,536,2,7200,1.11380597015
71383,71431,71976,48,545,2,7200,1.0880733945
71416,71452,71934,36,482,2,7200,1.07468879668
71428,71458,71907,30,449,2,7200,1.06681514477
71451,71463,71962,12,499,2,7200,1.02404809619
71458,71469,71979,11,510,2,7200,1.02156862745
71460,71478,71988,18,510,2,7200,1.03529411765
71466,71495,71991,29,496,2,7200,1.05846774194
71479,71501,72001,22,500,2,7200,1.044
71491,71529,72051,38,522,2,7200,1.07279693487
71498,71552,72065,54,513,2,7200,1.10526315789
71525,71579,72054,54,475,2,7200,1.11368421053
71548,71593,72105,45,512,2,7200,1.087890625
71576,71612,72066,36,454,2,7200,1.07929515419
71594,71643,72137,49,494,2,7200,1.0991902834
71611,71651,72139,40,488,2,7200,1.08196721311
71639,71678,72170,39,492,2,7200,1.07926829268
71651,71700,72204,49,504,2,7200,1.09722222222
71674,71725,72218,51,493,2,7200,1.10344827586
71697,71792,72307,95,515,2,7200,1.18446601942
71724,71865,72347,141,482,2,7200,1.29253112033
71789,71872,72333,83,461,2,7200,1.18004338395
71864,71918,72450,54,532,2,7200,1.1015037594
71871,71935,72339,64,404,2,7200,1.15841584158
71915,71945,72487,30,542,2,7200,1.05535055351
71932,71963,72458,31,495,2,7200,1.06262626263
71944,71973,72429,29,456,2,7200,1.06359649123
71962,71987,72544,25,557,2,7200,1.04488330341
71974,71994,72491,20,497,2,7200,1.04024144869
71993,72001,72476,8,475,2,7200,1.01684210526
71995,72008,72543,13,535,2,7200,1.02429906542
71996,72015,72462,19,447,2,7200,1.04250559284
72003,72062,72586,59,524,2,7200,1.11259541985
72015,72068,72562,53,494,2,7200,1.10728744939
72059,72077,72612,18,535,2,7200,1.03364485981
72066,72083,72523,17,440,2,7200,1.03863636364
72073,72116,72598,43,482,2,7200,1.08921161826
72079,72149,72625,70,476,2,7200,1.14705882353
72113,72156,72666,43,510,2,7200,1.08431372549
72146,72181,72518,35,337,2,7200,1.10385756677
72152,72216,72725,64,509,2,7200,1.1257367387
72180,72230,72686,50,456,2,7200,1.10964912281
72211,111324,111972,39113,648,16,3600,61.3595679012
72213,72318,72848,105,530,2,7200,1.19811320755
72231,72345,72768,114,423,2,7200,1.2695035461
72316,72351,72852,35,501,2,7200,1.06986027944
72344,72358,72854,14,496,2,7200,1.02822580645
72351,72442,72946,91,504,2,7200,1.18055555556
72370,72463,72951,93,488,2,7200,1.19057377049
72439,72469,72911,30,442,2,7200,1.06787330317
72462,72475,72947,13,472,2,7200,1.02754237288
72469,72488,72860,19,372,2,7200,1.05107526882
72471,72499,73012,28,513,2,7200,1.05458089669
72488,72505,73020,17,515,2,7200,1.03300970874
72495,72530,73045,35,515,2,7200,1.06796116505
72502,72536,73032,34,496,2,7200,1.0685483871
72530,72555,73042,25,487,2,7200,1.05133470226
72531,72561,73082,30,521,2,7200,1.0575815739
72554,72574,73051,20,477,2,7200,1.04192872117
72561,72597,73091,36,494,2,7200,1.07287449393
72573,72609,73152,36,543,2,7200,1.06629834254
72595,72623,73120,28,497,2,7200,1.05633802817
72608,72637,73064,29,427,2,7200,1.06791569087
72625,72677,73210,52,533,2,7200,1.09756097561
72637,72697,73179,60,482,2,7200,1.1244813278
72675,72736,73214,61,478,2,7200,1.12761506276
72698,72779,73293,81,514,2,7200,1.15758754864
72736,72859,73382,123,523,2,7200,1.23518164436
72780,72871,73393,91,522,2,7200,1.17432950192
72855,72877,73333,22,456,2,7200,1.04824561404
72867,72883,73361,16,478,2,7200,1.03347280335
72874,72922,73405,48,483,2,7200,1.09937888199
72881,72957,73486,76,529,2,7200,1.14366729679
72919,72963,73524,44,561,2,7200,1.07843137255
72957,72969,73462,12,493,2,7200,1.02434077079
72959,73024,73511,65,487,2,7200,1.13347022587
72966,73032,73525,66,493,2,7200,1.13387423935
73020,73042,73537,22,495,2,7200,1.04444444444
73039,73049,73546,10,497,2,7200,1.02012072435
73041,73056,73568,15,512,2,7200,1.029296875
73048,73062,73397,14,335,2,7200,1.04179104478
73054,73068,73591,14,523,2,7200,1.02676864245
73061,73076,73562,15,486,2,7200,1.03086419753
73068,73093,73593,25,500,2,7200,1.05
73075,73102,73593,27,491,2,7200,1.0549898167
73092,73132,73648,40,516,2,7200,1.07751937984
73099,73163,73658,64,495,2,7200,1.12929292929
73127,73190,73693,63,503,2,7200,1.12524850895
73160,73221,73654,61,433,2,7200,1.14087759815
73188,73227,73767,39,540,2,7200,1.07222222222
73221,73249,73742,28,493,2,7200,1.05679513185
73228,73304,73791,76,487,2,7200,1.15605749487
73245,73345,73724,100,379,2,7200,1.26385224274
73305,73373,73880,68,507,2,7200,1.13412228797
73344,73393,73896,49,503,2,7200,1.09741550696
73350,77634,77637,4284,3,2,3540,428.7
73371,73404,73928,33,524,2,7200,1.06297709924
73389,73410,73926,21,516,2,7200,1.04069767442
73401,73418,73921,17,503,2,7200,1.0337972167
73408,73473,73982,65,509,2,7200,1.12770137525
73415,73497,73954,82,457,2,7200,1.17943107221
73474,73524,74021,50,497,2,7200,1.10060362173
73496,73531,74071,35,540,2,7200,1.06481481481
73524,73538,74081,14,543,2,7200,1.02578268877
73526,73543,74003,17,460,2,7200,1.03695652174
73538,73549,74026,11,477,2,7200,1.02306079665
73540,73557,74072,17,515,2,7200,1.03300970874
73547,73574,74049,27,475,2,7200,1.05684210526
73563,73580,74109,17,529,2,7200,1.03213610586
73570,73603,74079,33,476,2,7200,1.06932773109
73577,73609,74097,32,488,2,7200,1.06557377049
73599,73615,74078,16,463,2,7200,1.03455723542
73606,73659,74172,53,513,2,7200,1.10331384016
73613,73665,74164,52,499,2,7200,1.10420841683
73656,73672,74185,16,513,2,7200,1.03118908382
73663,73706,74197,43,491,2,7200,1.08757637475
73670,73736,74237,66,501,2,7200,1.13173652695
73703,73755,74242,52,487,2,7200,1.1067761807
73731,73778,74271,47,493,2,7200,1.0953346856
73754,73803,74304,49,501,2,7200,1.09780439122
73776,73892,74377,116,485,2,7200,1.23917525773
73805,73907,74428,102,521,2,7200,1.19577735125
73891,73933,74450,42,517,2,7200,1.08123791103
73908,73939,74447,31,508,2,7200,1.06102362205
73931,73945,74461,14,516,2,7200,1.02713178295
73938,73966,74462,28,496,2,7200,1.0564516129
73945,73994,74522,49,528,2,7200,1.0928030303
73962,74015,74492,53,477,2,7200,1.11111111111
73990,74033,74555,43,522,2,7200,1.08237547893
74012,74040,74536,28,496,2,7200,1.0564516129
74030,74060,74538,30,478,2,7200,1.06276150628
74037,74083,74545,46,462,2,7200,1.09956709957
74059,74090,74592,31,502,2,7200,1.06175298805
74084,74095,74558,11,463,2,7200,1.02375809935
74085,74102,74615,17,513,2,7200,1.03313840156
74092,74107,74584,15,477,2,7200,1.03144654088
74099,74114,74595,15,481,2,7200,1.03118503119
74106,74120,74613,14,493,2,7200,1.02839756592
74113,74177,74701,64,524,2,7200,1.12213740458
74120,74183,74713,63,530,2,7200,1.11886792453
74174,74197,74706,23,509,2,7200,1.04518664047
74181,74209,74703,28,494,2,7200,1.05668016194
74193,74249,74755,56,506,2,7200,1.11067193676
74205,74255,74744,50,489,2,7200,1.10224948875
74249,74284,74764,35,480,2,7200,1.07291666667
74250,74316,74832,66,516,2,7200,1.12790697674
74283,74389,74934,106,545,2,7200,1.19449541284
74311,74440,74923,129,483,2,7200,1.26708074534
74386,74460,74969,74,509,2,7200,1.14538310413
74441,74466,74994,25,528,2,7200,1.04734848485
74459,74473,74967,14,494,2,7200,1.02834008097
74465,74478,75000,13,522,2,7200,1.02490421456
74472,74505,74998,33,493,2,7200,1.06693711968
74474,74535,75002,61,467,2,7200,1.13062098501
74502,74548,75062,46,514,2,7200,1.08949416342
74535,74555,75072,20,517,2,7200,1.03868471954
74547,74561,75036,14,475,2,7200,1.02947368421
74554,74569,75077,15,508,2,7200,1.02952755906
74561,74576,75086,15,510,2,7200,1.02941176471
74568,74596,75113,28,517,2,7200,1.05415860735
74575,74604,75087,29,483,2,7200,1.06004140787
74599,74611,75097,12,486,2,7200,1.02469135802
74601,74625,75146,24,521,2,7200,1.04606525912
74607,74631,75127,24,496,2,7200,1.04838709677
74625,74712,75226,87,514,2,7200,1.16926070039
74632,74720,75216,88,496,2,7200,1.17741935484
74712,74725,75245,13,520,2,7200,1.025
74719,74732,75252,13,520,2,7200,1.025
74721,74756,75234,35,478,2,7200,1.07322175732
74728,74766,75212,38,446,2,7200,1.08520179372
74756,74776,75259,20,483,2,7200,1.04140786749
74763,74782,75300,19,518,2,7200,1.03667953668
74775,74844,75377,69,533,2,7200,1.12945590994
74782,74934,75306,152,372,2,7200,1.40860215054
74841,74945,75384,104,439,2,7200,1.23690205011
74938,74978,75463,40,485,2,7200,1.0824742268
74945,74985,75488,40,503,2,7200,1.07952286282
74978,75005,75478,27,473,2,7200,1.05708245243
74985,75013,75464,28,451,2,7200,1.06208425721
75002,75018,75517,16,499,2,7200,1.03206412826
75009,75024,75569,15,545,2,7200,1.02752293578
75016,75049,75527,33,478,2,7200,1.0690376569
75023,75073,75568,50,495,2,7200,1.10101010101
75045,75084,75608,39,524,2,7200,1.07442748092
75073,75090,75624,17,534,2,7200,1.03183520599
75080,75097,75586,17,489,2,7200,1.03476482618
75087,75103,75636,16,533,2,7200,1.03001876173
75105,75112,75617,7,505,2,7200,1.01386138614
75107,75124,75589,17,465,2,7200,1.03655913978
75109,75139,75630,30,491,2,7200,1.06109979633
75121,75158,75676,37,518,2,7200,1.07142857143
75138,75223,75648,85,425,2,7200,1.2
75155,75231,75720,76,489,2,7200,1.1554192229
75220,75237,75756,17,519,2,7200,1.03275529865
75227,75245,75726,18,481,2,7200,1.03742203742
75234,75257,75756,23,499,2,7200,1.04609218437
75246,75263,75725,17,462,2,7200,1.0367965368
75253,75271,75733,18,462,2,7200,1.03896103896
75260,75311,75820,51,509,2,7200,1.10019646365
75272,75318,75801,46,483,2,7200,1.09523809524
75311,75389,75877,78,488,2,7200,1.15983606557
75318,75396,75919,78,523,2,7200,1.14913957935
75387,75475,75974,88,499,2,7200,1.17635270541
75394,75481,75970,87,489,2,7200,1.17791411043
75475,75489,75968,14,479,2,7200,1.02922755741
75481,75499,76022,18,523,2,7200,1.034416826
75488,75529,76035,41,506,2,7200,1.08102766798
75495,75539,76056,44,517,2,7200,1.08510638298
75528,75579,76039,51,460,2,7200,1.11086956522
75535,75586,76129,51,543,2,7200,1.09392265193
75579,75597,76128,18,531,2,7200,1.03389830508
75586,75603,76082,17,479,2,7200,1.03549060543
75603,75619,76116,16,497,2,7200,1.03219315895
75604,75628,76144,24,516,2,7200,1.04651162791
75617,75635,76014,18,379,2,7200,1.04749340369
75629,75642,76157,13,515,2,7200,1.02524271845
75636,75649,76127,13,478,2,7200,1.02719665272
75637,75660,76179,23,519,2,7200,1.04431599229
75644,75687,76153,43,466,2,7200,1.09227467811
75656,75731,76260,75,529,2,7200,1.14177693762
75684,75738,76256,54,518,2,7200,1.10424710425
75728,75743,76255,15,512,2,7200,1.029296875
75735,75749,76229,14,480,2,7200,1.02916666667
75741,75767,76237,26,470,2,7200,1.05531914894
75760,75773,76296,13,523,2,7200,1.02485659656
75766,75812,76291,46,479,2,7200,1.09603340292
75773,75832,76348,59,516,2,7200,1.11434108527
75812,75889,76386,77,497,2,7200,1.15492957746
75829,75931,76461,102,530,2,7200,1.19245283019
75888,75979,76447,91,468,2,7200,1.19444444444
75927,75986,76511,59,525,2,7200,1.11238095238
75976,75991,76519,15,528,2,7200,1.02840909091
75982,76025,76519,43,494,2,7200,1.08704453441
75989,76033,76523,44,490,2,7200,1.08979591837
76022,76046,76555,24,509,2,7200,1.04715127701
76029,76053,76540,24,487,2,7200,1.04928131417
76047,76068,76547,21,479,2,7200,1.04384133612
76064,76093,76607,29,514,2,7200,1.05642023346
76066,76127,76612,61,485,2,7200,1.12577319588
76094,76139,76589,45,450,2,7200,1.1
76127,76144,76554,17,410,2,7200,1.04146341463
76139,76151,76664,12,513,2,7200,1.02339181287
76140,76158,76702,18,544,2,7200,1.03308823529
76147,76164,76653,17,489,2,7200,1.03476482618
76154,76170,76661,16,491,2,7200,1.03258655804
76161,76190,76686,29,496,2,7200,1.05846774194
76168,76242,76768,74,526,2,7200,1.14068441065
76190,76248,76734,58,486,2,7200,1.11934156379
76239,76267,76802,28,535,2,7200,1.0523364486
76258,76273,76745,15,472,2,7200,1.03177966102
76264,76279,76795,15,516,2,7200,1.02906976744
76271,76303,76781,32,478,2,7200,1.06694560669
76278,76310,76793,32,483,2,7200,1.06625258799
76301,76359,76850,58,491,2,7200,1.11812627291
76307,76397,76879,90,482,2,7200,1.1867219917
76356,76459,76914,103,455,2,7200,1.22637362637
76395,76473,76964,78,491,2,7200,1.15885947047
76459,76522,77043,63,521,2,7200,1.12092130518
76471,76531,77069,60,538,2,7200,1.11152416357
76520,76536,77047,16,511,2,7200,1.0313111546
76527,76542,77010,15,468,2,7200,1.03205128205
76534,76552,77086,18,534,2,7200,1.03370786517
76552,76558,77067,6,509,2,7200,1.01178781925
76553,76565,77073,12,508,2,7200,1.02362204724
76555,76572,77120,17,548,2,7200,1.03102189781
76562,76601,77104,39,503,2,7200,1.07753479125
76569,76618,77134,49,516,2,7200,1.09496124031
76597,76625,77112,28,487,2,7200,1.05749486653
76614,76665,77173,51,508,2,7200,1.10039370079
76621,76672,77099,51,427,2,7200,1.11943793911
76665,76680,77192,15,512,2,7200,1.029296875
76671,76699,77138,28,439,2,7200,1.06378132118
76678,76713,77224,35,511,2,7200,1.06849315068
76696,76745,77219,49,474,2,7200,1.10337552743
76713,76757,77269,44,512,2,7200,1.0859375
76747,76779,77301,32,522,2,7200,1.06130268199
76753,76793,77258,40,465,2,7200,1.08602150538
76776,76805,77282,29,477,2,7200,1.0607966457
76793,76812,77339,19,527,2,7200,1.03605313093
76800,76818,77304,18,486,2,7200,1.03703703704
76807,76861,77311,54,450,2,7200,1.12
76814,76890,77376,76,486,2,7200,1.15637860082
76858,76926,77393,68,467,2,7200,1.14561027837
76891,76975,77488,84,513,2,7200,1.16374269006
76924,77021,77527,97,506,2,7200,1.19169960474
76973,77055,77554,82,499,2,7200,1.16432865731
77021,77061,77576,40,515,2,7200,1.07766990291
77055,77078,77616,23,538,2,7200,1.04275092937
77057,77085,77577,28,492,2,7200,1.05691056911
77074,77090,77602,16,512,2,7200,1.03125
77081,77097,77595,16,498,2,7200,1.03212851406
77088,77110,77580,22,470,2,7200,1.04680851064
77095,77117,77571,22,454,2,7200,1.04845814978
77107,77125,77597,18,472,2,7200,1.03813559322
77114,77131,77641,17,510,2,7200,1.03333333333
77121,77146,77659,25,513,2,7200,1.04873294347
77128,77153,77641,25,488,2,7200,1.0512295082
77145,77184,77613,39,429,2,7200,1.09090909091
77152,77203,77742,51,539,2,7200,1.09461966605
77186,77230,77752,44,522,2,7200,1.08429118774
77203,77237,77754,34,517,2,7200,1.06576402321
77231,77269,77711,38,442,2,7200,1.08597285068
77232,77280,77768,48,488,2,7200,1.09836065574
77266,77294,77765,28,471,2,7200,1.05944798301
77278,77313,77875,35,562,2,7200,1.06227758007
77290,77319,77866,29,547,2,7200,1.05301645338
77312,77326,77792,14,466,2,7200,1.03004291845
77319,77350,77817,31,467,2,7200,1.06638115632
77326,77387,77869,61,482,2,7200,1.1265560166
77349,77404,77847,55,443,2,7200,1.12415349887
77389,77500,78007,111,507,2,7200,1.21893491124
77401,77538,78033,137,495,2,7200,1.27676767677
77497,77565,78061,68,496,2,7200,1.13709677419
77535,77583,78073,48,490,2,7200,1.09795918367
77563,77591,78067,28,476,2,7200,1.05882352941
77580,77596,78086,16,490,2,7200,1.03265306122
77587,77603,78038,16,435,2,7200,1.0367816092
77594,77610,78081,16,471,2,7200,1.03397027601
77601,77615,78115,14,500,2,7200,1.028
77608,77622,78121,14,499,2,7200,1.02805611222
77615,77629,78163,14,534,2,7200,1.02621722846
77633,77648,78145,15,497,2,7200,1.03018108652
77635,77655,78152,20,497,2,7200,1.04024144869
77647,77660,78158,13,498,2,7200,1.02610441767
77654,77671,78168,17,497,2,7200,1.03420523139
77661,77724,78258,63,534,2,7200,1.11797752809
77668,77753,78263,85,510,2,7200,1.16666666667
77722,77763,78278,41,515,2,7200,1.07961165049
77750,77771,78267,21,496,2,7200,1.04233870968
77762,77777,78265,15,488,2,7200,1.03073770492
77769,77784,78292,15,508,2,7200,1.02952755906
77776,77804,78341,28,537,2,7200,1.052141527
77782,77829,78334,47,505,2,7200,1.09306930693
77800,77859,78373,59,514,2,7200,1.11478599222
77828,77878,78368,50,490,2,7200,1.10204081633
77856,77885,78389,29,504,2,7200,1.05753968254
77879,77891,78330,12,439,2,7200,1.02733485194
77881,78020,78501,139,481,2,7200,1.28898128898
77888,78044,78575,156,531,2,7200,1.29378531073
78015,78052,78532,37,480,2,7200,1.07708333333
78043,78072,78579,29,507,2,7200,1.05719921105
78050,78079,78591,29,512,2,7200,1.056640625
78073,78085,78589,12,504,2,7200,1.02380952381
78079,78092,78577,13,485,2,7200,1.02680412371
78081,78099,78591,18,492,2,7200,1.03658536585
78099,78126,78627,27,501,2,7200,1.05389221557
78101,78134,78531,33,397,2,7200,1.08312342569
78124,78157,78550,33,393,2,7200,1.08396946565
78130,78163,78679,33,516,2,7200,1.06395348837
78153,78169,78667,16,498,2,7200,1.03212851406
78160,78175,78686,15,511,2,7200,1.02935420744
78167,78182,78699,15,517,2,7200,1.02901353965
78174,78270,78797,96,527,2,7200,1.18216318786
78181,78276,78724,95,448,2,7200,1.21205357143
78266,78282,78743,16,461,2,7200,1.03470715835
78273,78289,78793,16,504,2,7200,1.03174603175
78280,78296,78832,16,536,2,7200,1.02985074627
78298,78304,78821,6,517,2,7200,1.01160541586
78300,78342,78806,42,464,2,7200,1.09051724138
78301,78349,78843,48,494,2,7200,1.0971659919
78340,78356,78876,16,520,2,7200,1.03076923077
78347,78379,78842,32,463,2,7200,1.06911447084
78354,78387,78902,33,515,2,7200,1.0640776699
78376,78401,78896,25,495,2,7200,1.05050505051
78383,78512,79023,129,511,2,7200,1.25244618395
78400,78542,79071,142,529,2,7200,1.26843100189
78512,78549,79075,37,526,2,7200,1.07034220532
78528,78534,78618,6,84,1,1800,1.07142857143
78540,78562,79087,22,525,2,7200,1.0419047619
78547,78592,79090,45,498,2,7200,1.09036144578
78559,78597,79022,38,425,2,7200,1.08941176471
78593,78604,79107,11,503,2,7200,1.02186878728
78595,78609,79065,14,456,2,7200,1.03070175439
78602,78615,79121,13,506,2,7200,1.0256916996
78609,78621,79107,12,486,2,7200,1.02469135802
78615,78637,79113,22,476,2,7200,1.04621848739
78617,78643,79162,26,519,2,7200,1.05009633911
78634,78678,79138,44,460,2,7200,1.09565217391
78638,82627,84432,3989,1805,4,1800,3.20997229917
78641,78690,79176,49,486,2,7200,1.10082304527
78674,78697,79202,23,505,2,7200,1.04554455446
78686,78711,79183,25,472,2,7200,1.05296610169
78693,78735,79260,42,525,2,7200,1.08
78711,78755,79259,44,504,2,7200,1.0873015873
78733,78806,79333,73,527,2,7200,1.1385199241
78756,78813,79306,57,493,2,7200,1.11561866126
78805,78819,79283,14,464,2,7200,1.03017241379
78811,78832,79362,21,530,2,7200,1.03962264151
78829,78843,79336,14,493,2,7200,1.02839756592
78831,78854,79345,23,491,2,7200,1.04684317719
78843,78859,79323,16,464,2,7200,1.03448275862
78850,78888,79410,38,522,2,7200,1.07279693487
78856,78907,79411,51,504,2,7200,1.10119047619
78884,78913,79441,29,528,2,7200,1.05492424242
78907,79034,79549,127,515,2,7200,1.24660194175
78914,79039,79519,125,480,2,7200,1.26041666667
79031,79076,79585,45,509,2,7200,1.0884086444
79038,79083,79558,45,475,2,7200,1.09473684211
79076,79089,79591,13,502,2,7200,1.02589641434
79095,79101,79658,6,557,2,7200,1.01077199282
79096,79108,79567,12,459,2,7200,1.02614379085
79098,79118,79571,20,453,2,7200,1.04415011038
79105,79124,79642,19,518,2,7200,1.03667953668
79117,79130,79604,13,474,2,7200,1.02742616034
79124,79136,79541,12,405,2,7200,1.02962962963
79125,79149,79635,24,486,2,7200,1.04938271605
79132,79174,79539,42,365,2,7200,1.11506849315
79150,79188,79703,38,515,2,7200,1.07378640777
79172,79195,79682,23,487,2,7200,1.04722792608
79184,79213,79721,29,508,2,7200,1.05708661417
79191,79271,79806,80,535,2,7200,1.14953271028
79214,79276,79762,62,486,2,7200,1.12757201646
79274,79294,79823,20,529,2,7200,1.03780718336
79275,79317,79766,42,449,2,7200,1.09354120267
79293,79335,79825,42,490,2,7200,1.08571428571
79315,79345,79827,30,482,2,7200,1.0622406639
79333,79351,79841,18,490,2,7200,1.03673469388
79345,79358,79807,13,449,2,7200,1.0289532294
79346,79374,79857,28,483,2,7200,1.05797101449
79353,79422,79948,69,526,2,7200,1.13117870722
79370,79428,79918,58,490,2,7200,1.11836734694
79419,79452,79954,33,502,2,7200,1.06573705179
79426,79530,80064,104,534,2,7200,1.19475655431
79454,79552,80049,98,497,2,7200,1.19718309859
79529,79558,80028,29,470,2,7200,1.06170212766
79552,79564,80070,12,506,2,7200,1.02371541502
79553,79570,80095,17,525,2,7200,1.03238095238
79560,79579,80098,19,519,2,7200,1.0366088632
79567,79585,80047,18,462,2,7200,1.03896103896
79574,79596,80139,22,543,2,7200,1.04051565378
79581,79603,80082,22,479,2,7200,1.04592901879
79593,79615,80083,22,468,2,7200,1.04700854701
79600,79646,80115,46,469,2,7200,1.09808102345
79617,79653,80206,36,553,2,7200,1.0650994575
79645,79671,80168,26,497,2,7200,1.0523138833
79652,79694,80207,42,513,2,7200,1.08187134503
79670,79714,80230,44,516,2,7200,1.08527131783
79692,79734,80161,42,427,2,7200,1.09836065574
79715,79774,80237,59,463,2,7200,1.12742980562
79732,79780,80311,48,531,2,7200,1.09039548023
79770,79818,80337,48,519,2,7200,1.09248554913
79777,79824,80288,47,464,2,7200,1.10129310345
79815,79834,80296,19,462,2,7200,1.04112554113
79832,79853,80348,21,495,2,7200,1.04242424242
79834,79869,80378,35,509,2,7200,1.06876227898
79851,79929,80464,78,535,2,7200,1.14579439252
79869,79960,80473,91,513,2,7200,1.17738791423
79928,79967,80459,39,492,2,7200,1.07926829268
79961,80039,80562,78,523,2,7200,1.14913957935
79963,80058,80550,95,492,2,7200,1.19308943089
80038,80064,80595,26,531,2,7200,1.04896421846
80055,80076,80603,21,527,2,7200,1.03984819734
80062,80083,80562,21,479,2,7200,1.04384133612
80074,80094,80576,20,482,2,7200,1.04149377593
80081,80099,80424,18,325,2,7200,1.05538461538
80093,80107,80650,14,543,2,7200,1.02578268877
80111,80117,80548,6,431,2,7200,1.01392111369
80113,80127,80641,14,514,2,7200,1.02723735409
80115,80150,80633,35,483,2,7200,1.07246376812
80127,80172,80680,45,508,2,7200,1.08858267717
80149,80181,80622,32,441,2,7200,1.07256235828
80172,80217,80735,45,518,2,7200,1.08687258687
80179,80223,80685,44,462,2,7200,1.09523809524
80217,80241,80724,24,483,2,7200,1.04968944099
80219,80250,80741,31,491,2,7200,1.06313645621
80241,80299,80765,58,466,2,7200,1.12446351931
80248,80307,80811,59,504,2,7200,1.11706349206
80297,80323,80856,26,533,2,7200,1.0487804878
80304,80349,80904,45,555,2,7200,1.08108108108
80321,80360,80834,39,474,2,7200,1.08227848101
80350,80389,80768,39,379,2,7200,1.10290237467
80357,80435,80924,78,489,2,7200,1.15950920245
80390,80470,80988,80,518,2,7200,1.15444015444
80433,80478,80968,45,490,2,7200,1.09183673469
80466,80484,80980,18,496,2,7200,1.03629032258
80473,80559,81072,86,513,2,7200,1.16764132554
80480,80566,81045,86,479,2,7200,1.17954070981
80555,80574,81078,19,504,2,7200,1.0376984127
80564,80579,81109,15,530,2,7200,1.02830188679
80570,80587,81070,17,483,2,7200,1.03519668737
80577,80606,81112,29,506,2,7200,1.05731225296
80584,80615,81094,31,479,2,7200,1.06471816284
80607,80634,81141,27,507,2,7200,1.05325443787
80625,80645,81136,20,491,2,7200,1.04073319756
80632,80652,81164,20,512,2,7200,1.0390625
80644,80662,81142,18,480,2,7200,1.0375
80651,80692,81156,41,464,2,7200,1.08836206897
80663,80699,81182,36,483,2,7200,1.07453416149
80692,80736,81215,44,479,2,7200,1.09185803758
80699,80747,81227,48,480,2,7200,1.1
80737,80753,81225,16,472,2,7200,1.03389830508
80744,80776,81303,32,527,2,7200,1.06072106262
80751,80784,81294,33,510,2,7200,1.06470588235
80773,80822,81323,49,501,2,7200,1.09780439122
80780,80846,81387,66,541,2,7200,1.12199630314
80819,80867,81228,48,361,2,7200,1.13296398892
80847,80916,81446,69,530,2,7200,1.13018867925
80864,80935,81467,71,532,2,7200,1.13345864662
80914,80979,81443,65,464,2,7200,1.1400862069
80931,80991,81476,60,485,2,7200,1.12371134021
80975,81000,81487,25,487,2,7200,1.05133470226
80987,81057,81563,70,506,2,7200,1.13833992095
80999,81082,81600,83,518,2,7200,1.16023166023
81055,81089,81572,34,483,2,7200,1.07039337474
81077,81096,81632,19,536,2,7200,1.03544776119
81084,81105,81582,21,477,2,7200,1.04402515723
81091,81121,81601,30,480,2,7200,1.0625
81103,81128,81636,25,508,2,7200,1.04921259843
81121,81149,81627,28,478,2,7200,1.05857740586
81128,81156,81649,28,493,2,7200,1.05679513185
81146,81161,81711,15,550,2,7200,1.02727272727
81153,81167,81661,14,494,2,7200,1.02834008097
81160,81173,81667,13,494,2,7200,1.02631578947
81166,81179,81671,13,492,2,7200,1.02642276423
81173,81193,81707,20,514,2,7200,1.03891050584
81180,81227,81713,47,486,2,7200,1.09670781893
81192,81238,81727,46,489,2,7200,1.09406952965
81225,81245,81766,20,521,2,7200,1.03838771593
81238,81250,81712,12,462,2,7200,1.02597402597
81244,81305,81814,61,509,2,7200,1.11984282908
81246,81314,81830,68,516,2,7200,1.13178294574
81306,81334,81863,28,529,2,7200,1.05293005671
81313,81400,81914,87,514,2,7200,1.16926070039
81330,81455,81982,125,527,2,7200,1.23719165085
81400,81462,81972,62,510,2,7200,1.12156862745
81454,81479,81973,25,494,2,7200,1.05060728745
81461,81487,82012,26,525,2,7200,1.04952380952
81478,81499,81979,21,480,2,7200,1.04375
81485,81575,82060,90,485,2,7200,1.18556701031
81497,81585,82121,88,536,2,7200,1.16417910448
81572,81594,82035,22,441,2,7200,1.04988662132
81584,81612,82129,28,517,2,7200,1.05415860735
81591,81618,82146,27,528,2,7200,1.05113636364
81615,81639,82147,24,508,2,7200,1.04724409449
81616,81645,82159,29,514,2,7200,1.05642023346
81639,81652,82077,13,425,2,7200,1.03058823529
81646,81661,82152,15,491,2,7200,1.03054989817
81647,81673,82101,26,428,2,7200,1.06074766355
81660,81679,82155,19,476,2,7200,1.03991596639
81672,81686,82184,14,498,2,7200,1.0281124498
81679,81719,82220,40,501,2,7200,1.07984031936
81685,81727,82246,42,519,2,7200,1.08092485549
81718,81732,82216,14,484,2,7200,1.02892561983
81725,81738,82216,13,478,2,7200,1.02719665272
81732,81744,82228,12,484,2,7200,1.02479338843
81750,81777,82273,27,496,2,7200,1.05443548387
81752,81826,82328,74,502,2,7200,1.14741035857
81774,81843,82343,69,500,2,7200,1.138
81823,81874,82369,51,495,2,7200,1.10303030303
81840,81926,82397,86,471,2,7200,1.18259023355
81873,81983,82507,110,524,2,7200,1.20992366412
81922,81990,82551,68,561,2,7200,1.12121212121
81981,81996,82510,15,514,2,7200,1.02918287938
81988,82003,82488,15,485,2,7200,1.03092783505
81995,82024,82517,29,493,2,7200,1.05882352941
82002,82048,82586,46,538,2,7200,1.08550185874
82019,82071,82585,52,514,2,7200,1.10116731518
82047,82089,82608,42,519,2,7200,1.08092485549
82052,112092,116448,30040,4356,6,7200,7.89623507805
82070,82113,82597,43,484,2,7200,1.08884297521
82087,82132,82610,45,478,2,7200,1.09414225941
82093,113605,117991,31512,4386,6,10800,8.18467852257
82110,82141,82638,31,497,2,7200,1.06237424547
82132,82157,82644,25,487,2,7200,1.05133470226
82139,82164,82651,25,487,2,7200,1.05133470226
82157,82170,82619,13,449,2,7200,1.0289532294
82163,82176,82696,13,520,2,7200,1.025
82168,111983,119210,29815,7227,10,7200,5.12550159126
82170,82182,82609,12,427,2,7200,1.0281030445
82172,82195,82684,23,489,2,7200,1.04703476483
82179,82227,82765,48,538,2,7200,1.08921933086
82196,82233,82664,37,431,2,7200,1.08584686775
82224,82240,82781,16,541,2,7200,1.02957486137
82231,82245,82739,14,494,2,7200,1.02834008097
82238,82258,82734,20,476,2,7200,1.04201680672
82245,82286,82757,41,471,2,7200,1.08704883227
82257,82339,82777,82,438,2,7200,1.18721461187
82285,82355,82869,70,514,2,7200,1.13618677043
82339,82380,82924,41,544,2,7200,1.07536764706
82351,82409,82891,58,482,2,7200,1.12033195021
82379,82499,82992,120,493,2,7200,1.24340770791
82407,82518,83045,111,527,2,7200,1.21062618596
82504,82525,83007,21,482,2,7200,1.04356846473
82517,82532,83055,15,523,2,7200,1.02868068834
82523,82562,83072,39,510,2,7200,1.07647058824
82530,82596,83140,66,544,2,7200,1.12132352941
82558,82604,83096,46,492,2,7200,1.09349593496
82596,82611,83081,15,470,2,7200,1.03191489362
82603,82620,83148,17,528,2,7200,1.0321969697
82610,82633,83087,23,454,2,7200,1.05066079295
82617,82651,83101,34,450,2,7200,1.07555555556
82629,82657,83150,28,493,2,7200,1.05679513185
82646,82664,83149,18,485,2,7200,1.03711340206
82665,82675,83147,10,472,2,7200,1.02118644068
82666,82696,83170,30,474,2,7200,1.06329113924
82673,82707,83056,34,349,2,7200,1.09742120344
82696,82746,83237,50,491,2,7200,1.10183299389
82708,82752,83266,44,514,2,7200,1.08560311284
82746,82768,83217,22,449,2,7200,1.04899777283
82748,82777,83263,29,486,2,7200,1.05967078189
82765,82790,83272,25,482,2,7200,1.05186721992
82777,82797,83290,20,493,2,7200,1.04056795132
82789,82880,83347,91,467,2,7200,1.1948608137
82796,82902,83408,106,506,2,7200,1.20948616601
82876,82923,83435,47,512,2,7200,1.091796875
82899,82936,83386,37,450,2,7200,1.08222222222
82921,83004,83498,83,494,2,7200,1.16801619433
82940,83019,83516,79,497,2,7200,1.15895372233
83004,83056,83576,52,520,2,7200,1.1
83017,83066,83581,49,515,2,7200,1.09514563107
83055,83073,83585,18,512,2,7200,1.03515625
83067,83085,83610,18,525,2,7200,1.03428571429
83068,83093,83619,25,526,2,7200,1.04752851711
83081,83099,83584,18,485,2,7200,1.03711340206
83093,83107,83625,14,518,2,7200,1.02702702703
83094,83113,83605,19,492,2,7200,1.03861788618
83106,83152,83696,46,544,2,7200,1.08455882353
83113,83158,83653,45,495,2,7200,1.09090909091
83151,83166,83641,15,475,2,7200,1.03157894737
83170,83176,83651,6,475,2,7200,1.01263157895
83172,83183,83683,11,500,2,7200,1.022
83173,83189,83678,16,489,2,7200,1.0327198364
83180,83228,83606,48,378,2,7200,1.12698412698
83187,83248,83736,61,488,2,7200,1.125
83194,93617,102655,10423,9038,64,9000,2.15324186767
83203,102666,111331,19463,8665,64,9000,3.2461627236
83225,83275,83752,50,477,2,7200,1.10482180294
83248,83282,83757,34,475,2,7200,1.07157894737
83270,83289,83769,19,480,2,7200,1.03958333333
83277,83303,83812,26,509,2,7200,1.0510805501
83289,83360,83847,71,487,2,7200,1.14579055441
83301,83398,83893,97,495,2,7200,1.19595959596
83355,83419,83898,64,479,2,7200,1.13361169102
83394,83446,83927,52,481,2,7200,1.10810810811
83416,83510,84067,94,557,2,7200,1.16876122083
83444,83528,84062,84,534,2,7200,1.15730337079
83510,83588,84096,78,508,2,7200,1.15354330709
83527,83594,84084,67,490,2,7200,1.13673469388
83586,83601,84119,15,518,2,7200,1.02895752896
83593,83607,84074,14,467,2,7200,1.02997858672
83600,83618,84149,18,531,2,7200,1.03389830508
83607,83623,84124,16,501,2,7200,1.03193612774
83614,83629,84120,15,491,2,7200,1.03054989817
83621,83637,84098,16,461,2,7200,1.03470715835
83628,83642,84129,14,487,2,7200,1.02874743326
83634,83653,84056,19,403,2,7200,1.04714640199
83641,83663,84160,22,497,2,7200,1.04426559356
83648,83670,84149,22,479,2,7200,1.04592901879
83667,83689,84185,22,496,2,7200,1.04435483871
83669,83697,84205,28,508,2,7200,1.05511811024
83686,83708,84182,22,474,2,7200,1.04641350211
83693,83748,84287,55,539,2,7200,1.10204081633
83705,83764,84269,59,505,2,7200,1.11683168317
83743,83771,84278,28,507,2,7200,1.05522682446
83760,83780,84317,20,537,2,7200,1.03724394786
83767,83824,84305,57,481,2,7200,1.1185031185
83779,83859,84348,80,489,2,7200,1.163599182
83823,83905,84372,82,467,2,7200,1.1755888651
83856,83911,84451,55,540,2,7200,1.10185185185
83905,83939,84419,34,480,2,7200,1.07083333333
83911,84068,84570,157,502,2,7200,1.31274900398
83940,84076,84560,136,484,2,7200,1.28099173554
84068,84082,84496,14,414,2,7200,1.03381642512
84074,84090,84608,16,518,2,7200,1.03088803089
84081,84097,84639,16,542,2,7200,1.0295202952
84088,84107,84594,19,487,2,7200,1.03901437372
84095,84114,84640,19,526,2,7200,1.036121673
84107,84131,84611,24,480,2,7200,1.05
84114,84136,84646,22,510,2,7200,1.0431372549
84131,84142,84641,11,499,2,7200,1.02204408818
84133,84148,84652,15,504,2,7200,1.02976190476
84140,84161,84708,21,547,2,7200,1.03839122486
84147,84166,84643,19,477,2,7200,1.03983228512
84165,84173,84712,8,539,2,7200,1.01484230056
84167,84193,84683,26,490,2,7200,1.05306122449
84168,84199,84705,31,506,2,7200,1.06126482213
84191,84216,84755,25,539,2,7200,1.04638218924
84198,84281,84771,83,490,2,7200,1.1693877551
84215,84291,84806,76,515,2,7200,1.14757281553
84280,84300,84685,20,385,2,7200,1.05194805195
84286,84317,84851,31,534,2,7200,1.05805243446
84299,84329,84832,30,503,2,7200,1.05964214712
84316,84359,84854,43,495,2,7200,1.08686868687
84328,84384,84890,56,506,2,7200,1.11067193676
84356,84431,84935,75,504,2,7200,1.14880952381
84384,84444,84964,60,520,2,7200,1.11538461538
84427,84449,84993,22,544,2,7200,1.04044117647
84445,84462,84966,17,504,2,7200,1.03373015873
84447,84507,85023,60,516,2,7200,1.11627906977
84459,84572,85064,113,492,2,7200,1.22967479675
84508,84581,85064,73,483,2,7200,1.15113871636
84572,84607,85108,35,501,2,7200,1.06986027944
84579,84620,85083,41,463,2,7200,1.08855291577
84607,84627,85127,20,500,2,7200,1.04
84619,84651,85105,32,454,2,7200,1.0704845815
84626,84657,85066,31,409,2,7200,1.07579462103
84649,84663,85206,14,543,2,7200,1.02578268877
84656,84669,85092,13,423,2,7200,1.03073286052
84674,84680,85127,6,447,2,7200,1.01342281879
84676,84686,85198,10,512,2,7200,1.01953125
84677,84695,85141,18,446,2,7200,1.04035874439
84684,84701,85222,17,521,2,7200,1.03262955854
84691,84718,85227,27,509,2,7200,1.05304518664
84698,84725,85212,27,487,2,7200,1.05544147844
84715,84730,85253,15,523,2,7200,1.02868068834
84722,84767,85283,45,516,2,7200,1.08720930233
84729,84783,85288,54,505,2,7200,1.10693069307
84762,84817,85309,55,492,2,7200,1.11178861789
84780,84844,85361,64,517,2,7200,1.12379110251
84818,84863,85373,45,510,2,7200,1.08823529412
84841,84870,85360,29,490,2,7200,1.05918367347
84864,84903,85391,39,488,2,7200,1.07991803279
84866,84947,85453,81,506,2,7200,1.16007905138
84899,84976,85509,77,533,2,7200,1.14446529081
84942,84983,85262,41,279,2,7200,1.14695340502
84975,85006,85496,31,490,2,7200,1.06326530612
84982,85035,85489,53,454,2,7200,1.11674008811
85005,85075,85533,70,458,2,7200,1.15283842795
85033,85081,85595,48,514,2,7200,1.09338521401
85071,85088,85594,17,506,2,7200,1.03359683794
85078,85094,85545,16,451,2,7200,1.0354767184
85085,85104,85562,19,458,2,7200,1.04148471616
85103,85117,85620,14,503,2,7200,1.02783300199
85105,85123,85483,18,360,2,7200,1.05
85117,85139,85657,22,518,2,7200,1.04247104247
85124,85144,85672,20,528,2,7200,1.03787878788
85136,85153,85632,17,479,2,7200,1.03549060543
85143,85209,85691,66,482,2,7200,1.13692946058
85150,85218,85735,68,517,2,7200,1.13152804642
85209,85225,85714,16,489,2,7200,1.0327198364
85216,85234,85753,18,519,2,7200,1.03468208092
85223,85241,85786,18,545,2,7200,1.03302752294
85230,85265,85760,35,495,2,7200,1.07070707071
85247,85273,85758,26,485,2,7200,1.05360824742
85265,85294,85809,29,515,2,7200,1.05631067961
85272,85302,85785,30,483,2,7200,1.06211180124
85294,85321,85768,27,447,2,7200,1.06040268456
85301,85372,85860,71,488,2,7200,1.14549180328
85319,85378,85770,59,392,2,7200,1.15051020408
85373,85385,85862,12,477,2,7200,1.0251572327
85374,85403,85869,29,466,2,7200,1.06223175966
85381,85464,85945,83,481,2,7200,1.17255717256
85399,85496,86010,97,514,2,7200,1.18871595331
85464,85503,86006,39,503,2,7200,1.07753479125
85492,85510,85957,18,447,2,7200,1.04026845638
85499,85521,85996,22,475,2,7200,1.04631578947
85506,85545,86075,39,530,2,7200,1.07358490566
85518,85558,86107,40,549,2,7200,1.07285974499
85541,85574,86060,33,486,2,7200,1.06790123457
85558,85606,86085,48,479,2,7200,1.10020876827
85570,85613,86106,43,493,2,7200,1.08722109533
85603,85625,86118,22,493,2,7200,1.04462474645
85610,85632,86117,22,485,2,7200,1.04536082474
85628,85644,86122,16,478,2,7200,1.03347280335
85630,85669,86189,39,520,2,7200,1.075
85642,85684,86076,42,392,2,7200,1.10714285714
85665,85703,86229,38,526,2,7200,1.07224334601
85682,85725,86240,43,515,2,7200,1.08349514563
85699,85747,86232,48,485,2,7200,1.09896907216
85722,85765,86253,43,488,2,7200,1.0881147541
85745,85772,86274,27,502,2,7200,1.05378486056
85756,86729,89499,973,2770,5,3600,1.35126353791
85762,85777,86281,15,504,2,7200,1.02976190476
85769,85784,86300,15,516,2,7200,1.02906976744
85786,85793,86304,7,511,2,7200,1.01369863014
85788,85800,86317,12,517,2,7200,1.02321083172
85789,85805,86282,16,477,2,7200,1.03354297694
85796,85820,86358,24,538,2,7200,1.04460966543
85803,85872,86359,69,487,2,7200,1.14168377823
85820,85879,86368,59,489,2,7200,1.12065439673
85869,85886,86378,17,492,2,7200,1.03455284553
85876,85956,86446,80,490,2,7200,1.16326530612
85883,85968,86467,85,499,2,7200,1.17034068136
85952,86008,86353,56,345,2,7200,1.16231884058
85965,86017,86489,52,472,2,7200,1.11016949153
86008,86025,86537,17,512,2,7200,1.033203125
86015,86072,86540,57,468,2,7200,1.12179487179
86033,86087,86594,54,507,2,7200,1.10650887574
86071,86093,86527,22,434,2,7200,1.05069124424
86083,86100,86583,17,483,2,7200,1.03519668737
86090,86118,86648,28,530,2,7200,1.05283018868
86097,86125,86594,28,469,2,7200,1.05970149254
86114,86132,86632,18,500,2,7200,1.036
86121,86137,86653,16,516,2,7200,1.03100775194
86128,86143,86661,15,518,2,7200,1.02895752896
86135,86201,86718,66,517,2,7200,1.12765957447
86152,86240,86717,88,477,2,7200,1.18448637317
86196,86247,86705,51,458,2,7200,1.11135371179
86240,86254,86778,14,524,2,7200,1.02671755725
86246,86265,86777,19,512,2,7200,1.037109375
86253,86285,86745,32,460,2,7200,1.06956521739
86260,86294,86727,34,433,2,7200,1.07852193995
86283,86299,86808,16,509,2,7200,1.03143418468
86290,86312,86832,22,520,2,7200,1.04230769231
86296,86319,86823,23,504,2,7200,1.04563492063
86314,86330,86822,16,492,2,7200,1.0325203252
86316,86364,86868,48,504,2,7200,1.09523809524
86328,86372,86825,44,453,2,7200,1.09713024283
86361,86377,86881,16,504,2,7200,1.03174603175
86368,86383,86892,15,509,2,7200,1.02946954813
86375,86390,86865,15,475,2,7200,1.03157894737
86381,86457,86968,76,511,2,7200,1.14872798434
86388,86478,86970,90,492,2,7200,1.18292682927
86453,86502,87004,49,502,2,7200,1.09760956175
86475,86539,87009,64,470,2,7200,1.13617021277
86504,86548,87033,44,485,2,7200,1.09072164948
86537,86555,87050,18,495,2,7200,1.03636363636
86544,86594,87106,50,512,2,7200,1.09765625
86551,86606,87093,55,487,2,7200,1.11293634497
86594,86611,87120,17,509,2,7200,1.03339882122
86606,86644,87144,38,500,2,7200,1.076
86608,86660,87127,52,467,2,7200,1.1113490364
86641,86672,87168,31,496,2,7200,1.0625
86658,86716,87260,58,544,2,7200,1.10661764706
86677,86736,87232,59,496,2,7200,1.1189516129
86715,86742,87213,27,471,2,7200,1.05732484076
86733,86756,87239,23,483,2,7200,1.04761904762
86739,86788,87308,49,520,2,7200,1.09423076923
86757,86796,87299,39,503,2,7200,1.07753479125
86784,86821,87336,37,515,2,7200,1.07184466019
86791,86834,87326,43,492,2,7200,1.08739837398
86819,86841,87349,22,508,2,7200,1.04330708661
86831,86847,87342,16,495,2,7200,1.03232323232
86838,86876,87414,38,538,2,7200,1.07063197026
86859,86882,87391,23,509,2,7200,1.04518664047
86877,86893,87422,16,529,2,7200,1.03024574669
86878,86905,87390,27,485,2,7200,1.05567010309
86890,86980,87503,90,523,2,7200,1.17208413002
86902,86987,87496,85,509,2,7200,1.16699410609
86977,87016,87513,39,497,2,7200,1.07847082495
86984,87022,87504,38,482,2,7200,1.07883817427
87012,87045,87531,33,486,2,7200,1.06790123457
87019,87062,87542,43,480,2,7200,1.08958333333
87041,87105,87559,64,454,2,7200,1.140969163
87059,87118,87593,59,475,2,7200,1.12421052632
87102,87131,87641,29,510,2,7200,1.0568627451
87120,87138,87615,18,477,2,7200,1.03773584906
87127,87156,87650,29,494,2,7200,1.05870445344
87134,87180,87691,46,511,2,7200,1.09001956947
87151,87226,87650,75,424,2,7200,1.17688679245
87179,87243,87772,64,529,2,7200,1.12098298677
87223,87250,87692,27,442,2,7200,1.06108597285
87240,87272,87728,32,456,2,7200,1.0701754386
87247,87310,87770,63,460,2,7200,1.13695652174
87269,87320,87810,51,490,2,7200,1.10408163265
87308,87337,87843,29,506,2,7200,1.05731225296
87320,87348,87795,28,447,2,7200,1.06263982103
87337,87354,87831,17,477,2,7200,1.035639413
87356,87363,87879,7,516,2,7200,1.01356589147
87357,87402,87777,45,375,2,7200,1.12
87359,87408,87897,49,489,2,7200,1.10020449898
87397,87426,87901,29,475,2,7200,1.06105263158
87404,87434,87939,30,505,2,7200,1.05940594059
87421,87507,87997,86,490,2,7200,1.17551020408
87434,87515,88071,81,556,2,7200,1.14568345324
87503,87521,87978,18,457,2,7200,1.03938730853
87510,87529,88001,19,472,2,7200,1.04025423729
87517,87543,88031,26,488,2,7200,1.05327868852
87529,87554,87964,25,410,2,7200,1.06097560976
87541,87571,88082,30,511,2,7200,1.05870841487
87553,87604,88091,51,487,2,7200,1.10472279261
87571,87627,88121,56,494,2,7200,1.11336032389
87605,87652,88062,47,410,2,7200,1.11463414634
87627,87662,88161,35,499,2,7200,1.07014028056
87650,87667,88158,17,491,2,7200,1.03462321792
87662,87703,88221,41,518,2,7200,1.07915057915
87664,87709,88191,45,482,2,7200,1.09336099585
87702,87740,88223,38,483,2,7200,1.07867494824
87709,87781,88289,72,508,2,7200,1.14173228346
87737,87788,88281,51,493,2,7200,1.10344827586
87780,87793,88296,13,503,2,7200,1.02584493042
87787,87806,88300,19,494,2,7200,1.03846153846
87789,87821,88310,32,489,2,7200,1.0654396728
87806,87844,88351,38,507,2,7200,1.07495069034
87825,87856,88390,31,534,2,7200,1.05805243446
87842,87891,88393,49,502,2,7200,1.09760956175
87854,87909,88400,55,491,2,7200,1.11201629328
87887,87916,88324,29,408,2,7200,1.07107843137
87904,87951,88450,47,499,2,7200,1.09418837675
87911,87976,88461,65,485,2,7200,1.13402061856
87949,87989,88487,40,498,2,7200,1.08032128514
87972,88009,88480,37,471,2,7200,1.07855626327
87989,88016,88533,27,517,2,7200,1.05222437137
88007,88043,88556,36,513,2,7200,1.0701754386
88013,88073,88589,60,516,2,7200,1.11627906977
88041,88083,88597,42,514,2,7200,1.08171206226
88075,88093,88566,18,473,2,7200,1.03805496829
88082,88102,88585,20,483,2,7200,1.04140786749
88089,88133,88606,44,473,2,7200,1.09302325581
88101,88170,88651,69,481,2,7200,1.14345114345
88129,88177,88633,48,456,2,7200,1.10526315789
88167,88202,88748,35,546,2,7200,1.0641025641
88174,88233,88704,59,471,2,7200,1.12526539278
88202,88240,88723,38,483,2,7200,1.07867494824
88230,88294,88778,64,484,2,7200,1.13223140496
88237,88300,88813,63,513,2,7200,1.12280701754
88291,88307,88808,16,501,2,7200,1.03193612774
88298,88313,88790,15,477,2,7200,1.03144654088
88304,88320,88890,16,570,2,7200,1.02807017544
88323,88329,88841,6,512,2,7200,1.01171875
88325,88336,88850,11,514,2,7200,1.02140077821
88326,88363,88844,37,481,2,7200,1.07692307692
88333,88403,88922,70,519,2,7200,1.13487475915
88361,88410,88934,49,524,2,7200,1.09351145038
88399,88417,88897,18,480,2,7200,1.0375
88406,88462,88936,56,474,2,7200,1.11814345992
88413,88473,88968,60,495,2,7200,1.12121212121
88462,88492,89028,30,536,2,7200,1.05597014925
88469,88499,89017,30,518,2,7200,1.05791505792
88491,88545,89058,54,513,2,7200,1.10526315789
88498,88568,89079,70,511,2,7200,1.13698630137
88542,88577,89115,35,538,2,7200,1.06505576208
88571,88597,89018,26,421,2,7200,1.06175771971
88573,88604,89136,31,532,2,7200,1.05827067669
88596,88611,89098,15,487,2,7200,1.03080082136
88603,88617,89153,14,536,2,7200,1.02611940299
88609,88645,89161,36,516,2,7200,1.06976744186
88616,88663,89138,47,475,2,7200,1.09894736842
88644,88716,89222,72,506,2,7200,1.14229249012
88661,88735,89209,74,474,2,7200,1.15611814346
88715,88760,89249,45,489,2,7200,1.09202453988
88733,88791,89271,58,480,2,7200,1.12083333333
88755,88803,89312,48,509,2,7200,1.09430255403
88788,88821,89316,33,495,2,7200,1.06666666667
88807,88828,89325,21,497,2,7200,1.04225352113
88819,88853,89345,34,492,2,7200,1.06910569106
88826,88860,89357,34,497,2,7200,1.06841046278
88849,88867,89382,18,515,2,7200,1.03495145631
88856,88902,89398,46,496,2,7200,1.09274193548
88863,88908,89427,45,519,2,7200,1.08670520231
88901,88934,89422,33,488,2,7200,1.06762295082
88908,88946,89413,38,467,2,7200,1.08137044968
88930,88953,89461,23,508,2,7200,1.04527559055
88943,88979,89494,36,515,2,7200,1.06990291262
88949,89029,89510,80,481,2,7200,1.16632016632
88984,89036,89554,52,518,2,7200,1.10038610039
89027,89043,89519,16,476,2,7200,1.03361344538
89034,89070,89582,36,512,2,7200,1.0703125
89041,89091,89557,50,466,2,7200,1.10729613734
89069,89109,89603,40,494,2,7200,1.08097165992
89091,89128,89606,37,478,2,7200,1.07740585774
89109,89147,89643,38,496,2,7200,1.07661290323
89126,89154,89686,28,532,2,7200,1.05263157895
89143,89164,89678,21,514,2,7200,1.04085603113
89150,89172,89660,22,488,2,7200,1.04508196721
89162,89221,89771,59,550,2,7200,1.10727272727
89180,89233,89731,53,498,2,7200,1.10642570281
89218,89261,89653,43,392,2,7200,1.10969387755
89230,89283,89766,53,483,2,7200,1.10973084886
89258,89323,89822,65,499,2,7200,1.13026052104
89281,89331,89819,50,488,2,7200,1.10245901639
89319,89337,89865,18,528,2,7200,1.03409090909
89331,89356,89870,25,514,2,7200,1.0486381323
89338,89369,89876,31,507,2,7200,1.06114398422
89355,89393,89896,38,503,2,7200,1.07554671968
89367,89410,89932,43,522,2,7200,1.08237547893
89390,89424,89961,34,537,2,7200,1.06331471136
89414,89433,89916,19,483,2,7200,1.03933747412
89421,89440,89909,19,469,2,7200,1.04051172708
89433,89473,89968,40,495,2,7200,1.08080808081
89440,89505,90026,65,521,2,7200,1.12476007678
89473,89522,90076,49,554,2,7200,1.08844765343
89501,89531,90028,30,497,2,7200,1.06036217304
89518,89566,90068,48,502,2,7200,1.09561752988
89530,89573,90081,43,508,2,7200,1.08464566929
89563,89593,90103,30,510,2,7200,1.05882352941
89570,89615,90118,45,503,2,7200,1.08946322068
89593,89621,90176,28,555,2,7200,1.05045045045
89617,89655,90122,38,467,2,7200,1.08137044968
89618,89665,90160,47,495,2,7200,1.09494949495
89651,89672,90191,21,519,2,7200,1.04046242775
89663,89690,90206,27,516,2,7200,1.0523255814
89670,89697,90062,27,365,2,7200,1.07397260274
89687,89743,90229,56,486,2,7200,1.11522633745
89694,89777,90254,83,477,2,7200,1.17400419287
89743,89785,90298,42,513,2,7200,1.08187134503
89776,89830,90355,54,525,2,7200,1.10285714286
89783,89837,90354,54,517,2,7200,1.10444874275
89827,89878,90377,51,499,2,7200,1.10220440882
89834,89885,90332,51,447,2,7200,1.11409395973
89879,89892,90384,13,492,2,7200,1.02642276423
89881,89907,90402,26,495,2,7200,1.05252525253
89888,89922,90381,34,459,2,7200,1.07407407407
89905,89928,90442,23,514,2,7200,1.04474708171
89922,89944,90416,22,472,2,7200,1.04661016949
89924,89973,90442,49,469,2,7200,1.10447761194
89941,89979,90409,38,430,2,7200,1.08837209302
89969,90038,90584,69,546,2,7200,1.12637362637
89975,90045,90433,70,388,2,7200,1.18041237113
90035,90074,90568,39,494,2,7200,1.07894736842
90041,90080,90652,39,572,2,7200,1.06818181818
90069,90087,90565,18,478,2,7200,1.03765690377
90076,90093,90593,17,500,2,7200,1.034
90094,90114,90607,20,493,2,7200,1.04056795132
90096,90129,90582,33,453,2,7200,1.07284768212
90113,90136,90633,23,497,2,7200,1.046277666
90125,90171,90559,46,388,2,7200,1.11855670103
90132,90188,90690,56,502,2,7200,1.11155378486
90170,90204,90757,34,553,2,7200,1.06148282098
90188,90218,90706,30,488,2,7200,1.06147540984
90200,90241,90730,41,489,2,7200,1.08384458078
90217,90266,90742,49,476,2,7200,1.10294117647
90240,90309,90786,69,477,2,7200,1.14465408805
90263,90344,90874,81,530,2,7200,1.15283018868
90306,90365,90875,59,510,2,7200,1.11568627451
90345,90372,90838,27,466,2,7200,1.05793991416
90362,90389,90835,27,446,2,7200,1.06053811659
90369,90396,90929,27,533,2,7200,1.05065666041
90386,90401,90875,15,474,2,7200,1.03164556962
90393,90413,90950,20,537,2,7200,1.03724394786
90399,90892,90916,493,24,4,18000,21.5416666667
90400,90420,90923,20,503,2,7200,1.03976143141
90412,90429,90953,17,524,2,7200,1.03244274809
90419,90445,90930,26,485,2,7200,1.05360824742
90426,90453,90963,27,510,2,7200,1.05294117647
90443,90459,90961,16,502,2,7200,1.03187250996
90450,90571,90970,121,399,2,7200,1.30325814536
90468,90579,91064,111,485,2,7200,1.22886597938
90570,90586,91021,16,435,2,7200,1.0367816092
90576,90594,91081,18,487,2,7200,1.03696098563
90583,90601,91078,18,477,2,7200,1.03773584906
90590,90607,91145,17,538,2,7200,1.03159851301
90597,90619,91127,22,508,2,7200,1.04330708661
90604,90645,91148,41,503,2,7200,1.08151093439
90616,90664,91159,48,495,2,7200,1.09696969697
90644,90702,91169,58,467,2,7200,1.12419700214
90661,90717,91230,56,513,2,7200,1.10916179337
90699,90742,91228,43,486,2,7200,1.08847736626
90717,90754,91259,37,505,2,7200,1.07326732673
90740,90769,91220,29,451,2,7200,1.06430155211
90752,90798,91291,46,493,2,7200,1.09330628803
90769,90848,91353,79,505,2,7200,1.15643564356
90797,90855,91380,58,525,2,7200,1.11047619048
90846,90886,91385,40,499,2,7200,1.08016032064
90853,90927,91411,74,484,2,7200,1.15289256198
90886,90933,91440,47,507,2,7200,1.09270216963
90924,90939,91468,15,529,2,7200,1.02835538752
90931,90947,91427,16,480,2,7200,1.03333333333
90938,90952,91463,14,511,2,7200,1.02739726027
90957,90964,91471,7,507,2,7200,1.01380670611
90958,90970,91368,12,398,2,7200,1.03015075377
90960,90977,91461,17,484,2,7200,1.03512396694
90967,90982,91526,15,544,2,7200,1.02757352941
90974,90988,91502,14,514,2,7200,1.02723735409
90980,91032,91500,52,468,2,7200,1.11111111111
90987,91075,91582,88,507,2,7200,1.17357001972
91031,91089,91617,58,528,2,7200,1.10984848485
91074,91096,91577,22,481,2,7200,1.04573804574
91086,91139,91611,53,472,2,7200,1.11228813559
91093,91157,91659,64,502,2,7200,1.12749003984
91137,91163,91642,26,479,2,7200,1.05427974948
91154,91170,91666,16,496,2,7200,1.03225806452
91161,91182,91659,21,477,2,7200,1.04402515723
91179,91232,91605,53,373,2,7200,1.14209115282
91181,91240,91719,59,479,2,7200,1.12317327766
91230,91247,91758,17,511,2,7200,1.03326810176
91236,91272,91767,36,495,2,7200,1.07272727273
91243,91303,91767,60,464,2,7200,1.12931034483
91271,91365,91847,94,482,2,7200,1.19502074689
91299,91380,91925,81,545,2,7200,1.14862385321
91363,91391,91898,28,507,2,7200,1.05522682446
91376,91398,91924,22,526,2,7200,1.04182509506
91388,91422,91926,34,504,2,7200,1.06746031746
91394,91438,91974,44,536,2,7200,1.08208955224
91422,91451,91902,29,451,2,7200,1.06430155211
91441,91473,91937,32,464,2,7200,1.06896551724
91448,91479,91964,31,485,2,7200,1.06391752577
91471,91485,92015,14,530,2,7200,1.02641509434
91478,91492,91957,14,465,2,7200,1.03010752688
91484,91513,92004,29,491,2,7200,1.05906313646
91491,91520,92006,29,486,2,7200,1.05967078189
91509,91538,92098,29,560,2,7200,1.05178571429
91515,91589,92093,74,504,2,7200,1.14682539683
91538,91596,92143,58,547,2,7200,1.10603290676
91586,91616,92160,30,544,2,7200,1.05514705882
91593,91624,92115,31,491,2,7200,1.06313645621
91616,91630,92098,14,468,2,7200,1.02991452991
91623,91653,92158,30,505,2,7200,1.05940594059
91630,91671,92144,41,473,2,7200,1.0866807611
91653,91676,92183,23,507,2,7200,1.04536489152
91670,91683,92202,13,519,2,7200,1.02504816956
91672,91731,92216,59,485,2,7200,1.12164948454
91678,91770,92310,92,540,2,7200,1.17037037037
91727,91779,92268,52,489,2,7200,1.1063394683
91765,91784,92335,19,551,2,7200,1.03448275862
91778,91859,92317,81,458,2,7200,1.1768558952
91784,91909,92423,125,514,2,7200,1.24319066148
91854,91917,92419,63,502,2,7200,1.12549800797
91909,91936,92424,27,488,2,7200,1.05532786885
91916,91943,92469,27,526,2,7200,1.05133079848
91934,91948,92476,14,528,2,7200,1.02651515152
91941,91955,92467,14,512,2,7200,1.02734375
91947,91970,92476,23,506,2,7200,1.04545454545
91954,91977,92493,23,516,2,7200,1.04457364341
91967,91986,92486,19,500,2,7200,1.038
91973,92016,92511,43,495,2,7200,1.08686868687
91986,92024,92532,38,508,2,7200,1.07480314961
92014,92031,92529,17,498,2,7200,1.03413654618
92020,92106,92634,86,528,2,7200,1.16287878788
92027,92113,92610,86,497,2,7200,1.17303822938
92109,92120,92623,11,503,2,7200,1.02186878728
92110,92126,92591,16,465,2,7200,1.03440860215
92117,92155,92700,38,545,2,7200,1.06972477064
92124,92162,92704,38,542,2,7200,1.07011070111
92152,92169,92656,17,487,2,7200,1.03490759754
92159,92177,92601,18,424,2,7200,1.04245283019
92166,92195,92698,29,503,2,7200,1.05765407555
92173,92214,92656,41,442,2,7200,1.092760181
92190,92229,92740,39,511,2,7200,1.07632093933
92213,92280,92699,67,419,2,7200,1.15990453461
92225,92322,92792,97,470,2,7200,1.20638297872
92279,92328,92866,49,538,2,7200,1.09107806691
92317,92347,92818,30,471,2,7200,1.06369426752
92336,92431,92890,95,459,2,7200,1.20697167756
92342,92438,92932,96,494,2,7200,1.19433198381
92403,92409,92423,6,14,1,2400,1.42857142857
92428,92443,92954,15,511,2,7200,1.02935420744
92435,92479,92929,44,450,2,7200,1.09777777778
92442,92486,92980,44,494,2,7200,1.08906882591
92475,92493,92992,18,499,2,7200,1.03607214429
92482,92498,92986,16,488,2,7200,1.03278688525
92489,92505,92977,16,472,2,7200,1.03389830508
92496,92510,92998,14,488,2,7200,1.02868852459
92503,92524,92910,21,386,2,7200,1.05440414508
92509,92541,93029,32,488,2,7200,1.06557377049
92528,92548,93053,20,505,2,7200,1.0396039604
92540,92604,93129,64,525,2,7200,1.1219047619
92547,92613,93120,66,507,2,7200,1.13017751479
92601,92623,93171,22,548,2,7200,1.0401459854
92608,92635,93144,27,509,2,7200,1.05304518664
92620,92646,93195,26,549,2,7200,1.04735883424
92632,92669,93132,37,463,2,7200,1.07991360691
92644,92674,93185,30,511,2,7200,1.05870841487
92667,92710,93225,43,515,2,7200,1.08349514563
92668,92681,92879,13,198,1,2400,1.06565656566
92674,92717,93203,43,486,2,7200,1.08847736626
92707,92722,93234,15,512,2,7200,1.029296875
92726,92732,93221,6,489,2,7200,1.01226993865
92728,92753,93275,25,522,2,7200,1.04789272031
92729,92804,93280,75,476,2,7200,1.15756302521
92752,92830,93284,78,454,2,7200,1.1718061674
92801,92878,93228,77,350,2,7200,1.22
92829,92902,93406,73,504,2,7200,1.14484126984
92877,92922,93363,45,441,2,7200,1.10204081633
92900,92941,93446,41,505,2,7200,1.08118811881
92918,92947,93430,29,483,2,7200,1.06004140787
92940,92966,93484,26,518,2,7200,1.05019305019
92947,92990,93504,43,514,2,7200,1.08365758755
92965,92997,93498,32,501,2,7200,1.06387225549
92987,93004,93536,17,532,2,7200,1.03195488722
93006,93012,93390,6,378,2,7200,1.01587301587
93008,93018,93531,10,513,2,7200,1.01949317739
93009,93040,93530,31,490,2,7200,1.06326530612
93016,93064,93549,48,485,2,7200,1.09896907216
93039,93131,93672,92,541,2,7200,1.17005545287
93061,93141,93646,80,505,2,7200,1.15841584158
93131,93148,93647,17,499,2,7200,1.03406813627
93138,93155,93660,17,505,2,7200,1.03366336634
93145,93183,93680,38,497,2,7200,1.07645875252
93152,93197,93615,45,418,2,7200,1.10765550239
93179,93207,93701,28,494,2,7200,1.05668016194
93197,93215,93701,18,486,2,7200,1.03703703704
93204,93232,93700,28,468,2,7200,1.05982905983
93210,93239,93649,29,410,2,7200,1.07073170732
93234,93247,93745,13,498,2,7200,1.02610441767
93235,93252,93769,17,517,2,7200,1.03288201161
93242,93286,93756,44,470,2,7200,1.09361702128
93249,93293,93750,44,457,2,7200,1.09628008753
93282,93300,93801,18,501,2,7200,1.03592814371
93289,93375,93886,86,511,2,7200,1.16829745597
93296,93402,93869,106,467,2,7200,1.22698072805
93371,93418,93887,47,469,2,7200,1.10021321962
93399,93441,93922,42,481,2,7200,1.08731808732
93416,93458,93968,42,510,2,7200,1.08235294118
93439,93496,93971,57,475,2,7200,1.12
93456,93509,94048,53,539,2,7200,1.09833024119
93494,93517,94009,23,492,2,7200,1.04674796748
93514,93541,94027,27,486,2,7200,1.05555555556
93515,93548,94037,33,489,2,7200,1.06748466258
93538,93554,94039,16,485,2,7200,1.03298969072
93545,93560,94081,15,521,2,7200,1.02879078695
93552,93627,94146,75,519,2,7200,1.14450867052
93558,93657,94136,99,479,2,7200,1.20668058455
93625,93664,94167,39,503,2,7200,1.07753479125
93658,93671,94152,13,481,2,7200,1.02702702703
93660,93677,94175,17,498,2,7200,1.03413654618
93666,93684,94187,18,503,2,7200,1.03578528827
93673,93692,94191,19,499,2,7200,1.0380761523
93680,93711,94185,31,474,2,7200,1.06540084388
93696,93718,94235,22,517,2,7200,1.04255319149
93709,93723,94144,14,421,2,7200,1.03325415677
93715,93756,94265,41,509,2,7200,1.08055009823
93722,93764,94298,42,534,2,7200,1.07865168539
93755,93771,94235,16,464,2,7200,1.03448275862
93762,93780,94289,18,509,2,7200,1.03536345776
93769,93813,94385,44,572,2,7200,1.07692307692
93781,93880,94387,99,507,2,7200,1.19526627219
93809,93898,94380,89,482,2,7200,1.1846473029
93878,93905,94397,27,492,2,7200,1.05487804878
93896,93933,94425,37,492,2,7200,1.07520325203
93913,93979,94421,66,442,2,7200,1.14932126697
93931,93986,94471,55,485,2,7200,1.11340206186
93980,94021,94508,41,487,2,7200,1.0841889117
93981,94039,94441,58,402,2,7200,1.14427860697
94019,94048,94570,29,522,2,7200,1.05555555556
94037,94055,94610,18,555,2,7200,1.03243243243
94049,94061,94559,12,498,2,7200,1.02409638554
94051,94093,94580,42,487,2,7200,1.08624229979
94057,94147,94594,90,447,2,7200,1.20134228188
94090,94155,94661,65,506,2,7200,1.12845849802
94144,94162,94676,18,514,2,7200,1.03501945525
94163,94170,94649,7,479,2,7200,1.01461377871
94165,94179,94624,14,445,2,7200,1.03146067416
94166,94188,94667,22,479,2,7200,1.04592901879
94178,94197,94698,19,501,2,7200,1.0379241517
94185,94204,94724,19,520,2,7200,1.03653846154
94192,94209,94695,17,486,2,7200,1.03497942387
94204,94247,94730,43,483,2,7200,1.08902691511
94206,94252,94740,46,488,2,7200,1.09426229508
94244,94277,94774,33,497,2,7200,1.06639839034
94251,94301,94821,50,520,2,7200,1.09615384615
94274,94309,94821,35,512,2,7200,1.068359375
94301,94392,94918,91,526,2,7200,1.17300380228
94308,94399,94780,91,381,2,7200,1.23884514436
94395,94405,94813,10,408,2,7200,1.02450980392
94396,94413,94893,17,480,2,7200,1.03541666667
94403,94432,94939,29,507,2,7200,1.05719921105
94410,94439,94948,29,509,2,7200,1.05697445972
94433,94452,94960,19,508,2,7200,1.0374015748
94434,94482,95025,48,543,2,7200,1.08839779006
94451,94519,94950,68,431,2,7200,1.15777262181
94479,94570,95045,91,475,2,7200,1.19157894737
94518,94581,95094,63,513,2,7200,1.12280701754
94566,94592,95096,26,504,2,7200,1.05158730159
94578,94606,95123,28,517,2,7200,1.05415860735
94590,94621,95044,31,423,2,7200,1.07328605201
94602,94636,95131,34,495,2,7200,1.06868686869
94621,94661,95140,40,479,2,7200,1.08350730689
94633,94673,95189,40,516,2,7200,1.07751937984
94660,94679,95104,19,425,2,7200,1.04470588235
94672,94689,95167,17,478,2,7200,1.03556485356
94679,94706,95220,27,514,2,7200,1.05252918288
94686,94713,95234,27,521,2,7200,1.05182341651
94703,94736,95193,33,457,2,7200,1.07221006565
94710,94742,95244,32,502,2,7200,1.06374501992
94733,94752,95204,19,452,2,7200,1.04203539823
94740,94786,95162,46,376,2,7200,1.12234042553
94752,94792,95341,40,549,2,7200,1.07285974499
94786,94825,95272,39,447,2,7200,1.08724832215
94787,94832,95350,45,518,2,7200,1.08687258687
94820,94838,95326,18,488,2,7200,1.0368852459
94832,94905,95405,73,500,2,7200,1.146
94834,94929,95450,95,521,2,7200,1.18234165067
94904,94950,95486,46,536,2,7200,1.08582089552
94926,94959,95461,33,502,2,7200,1.06573705179
94949,94966,95454,17,488,2,7200,1.03483606557
94956,94973,95472,17,499,2,7200,1.03406813627
94963,95037,95546,74,509,2,7200,1.14538310413
94969,95055,95539,86,484,2,7200,1.17768595041
95034,95062,95550,28,488,2,7200,1.05737704918
95058,95106,95587,48,481,2,7200,1.09979209979
95059,95112,95623,53,511,2,7200,1.10371819961
95071,95078,185947,7,90869,1,360000,1.00007703397
95103,95119,95526,16,407,2,7200,1.03931203931
95106,101472,101479,6366,7,1,3600,637.3
95109,95136,95625,27,489,2,7200,1.05521472393
95116,95142,95615,26,473,2,7200,1.05496828753
95134,95152,95636,18,484,2,7200,1.03719008264
95141,95173,95704,32,531,2,7200,1.06026365348
95147,95179,95694,32,515,2,7200,1.06213592233
95170,95200,95669,30,469,2,7200,1.06396588486
95177,95206,95727,29,521,2,7200,1.0556621881
95199,95216,95765,17,549,2,7200,1.03096539162
95206,95231,95707,25,476,2,7200,1.0525210084
95224,95247,95746,23,499,2,7200,1.04609218437
95231,95256,95820,25,564,2,7200,1.04432624113
95243,95285,95759,42,474,2,7200,1.08860759494
95255,95339,95819,84,480,2,7200,1.175
95283,95353,95848,70,495,2,7200,1.14141414141
95337,95362,95783,25,421,2,7200,1.0593824228
95349,95416,95936,67,520,2,7200,1.12884615385
95361,95462,95920,101,458,2,7200,1.22052401747
95402,101467,120923,6065,19456,1,36000,1.31172902961
95416,95469,95976,53,507,2,7200,1.10453648915
95459,95476,96004,17,528,2,7200,1.0321969697
95466,95484,95973,18,489,2,7200,1.03680981595
95473,95498,95950,25,452,2,7200,1.05530973451
95491,95538,95943,47,405,2,7200,1.11604938272
95498,95551,96063,53,512,2,7200,1.103515625
95537,95558,96062,21,504,2,7200,1.04166666667
95549,95565,96098,16,533,2,7200,1.03001876173
95556,95600,96132,44,532,2,7200,1.08270676692
95563,95628,96129,65,501,2,7200,1.12974051896
95596,95634,96132,38,498,2,7200,1.07630522088
95624,95641,96141,17,500,2,7200,1.034
95631,95647,96154,16,507,2,7200,1.0315581854
95638,95680,96213,42,533,2,7200,1.07879924953
95644,95706,96234,62,528,2,7200,1.11742424242
95678,95717,96226,39,509,2,7200,1.07662082515
95706,95724,96152,18,428,2,7200,1.04205607477
95713,95739,96243,26,504,2,7200,1.05158730159
95720,95758,96244,38,486,2,7200,1.07818930041
95737,95770,96225,33,455,2,7200,1.07252747253
95755,95777,96248,22,471,2,7200,1.04670912951
95767,95794,96329,27,535,2,7200,1.05046728972
95774,95831,96317,57,486,2,7200,1.11728395062
95791,95838,96346,47,508,2,7200,1.09251968504
95830,95860,96366,30,506,2,7200,1.05928853755
95837,95932,96407,95,475,2,7200,1.2
95859,95948,96475,89,527,2,7200,1.16888045541
95929,95954,96449,25,495,2,7200,1.05050505051
95947,95962,96407,15,445,2,7200,1.03370786517
95954,95985,96492,31,507,2,7200,1.06114398422
95961,95992,96490,31,498,2,7200,1.06224899598
95984,96017,96496,33,479,2,7200,1.06889352818
95991,96074,96571,83,497,2,7200,1.16700201207
96013,96081,96570,68,489,2,7200,1.1390593047
96073,96110,96617,37,507,2,7200,1.07297830375
96080,96141,96663,61,522,2,7200,1.11685823755
96108,96147,96652,39,505,2,7200,1.07722772277
96141,96152,96664,11,512,2,7200,1.021484375
96148,96160,96675,12,515,2,7200,1.02330097087
96149,96167,96677,18,510,2,7200,1.03529411765
96167,96173,96652,6,479,2,7200,1.01252609603
96169,96225,96752,56,527,2,7200,1.10626185958
96171,96236,96783,65,547,2,7200,1.11882998172
96225,96243,96699,18,456,2,7200,1.03947368421
96237,96249,96734,12,485,2,7200,1.02474226804
96239,96257,96767,18,510,2,7200,1.03529411765
96245,96262,96638,17,376,2,7200,1.04521276596
96252,96269,96802,17,533,2,7200,1.03189493433
96259,96329,96860,70,531,2,7200,1.131826742
96266,96340,96884,74,544,2,7200,1.13602941176
96326,96359,96828,33,469,2,7200,1.07036247335
96338,96377,96800,39,423,2,7200,1.09219858156
96355,96418,96947,63,529,2,7200,1.1190926276
96379,96424,96886,45,462,2,7200,1.0974025974
96417,96487,96982,70,495,2,7200,1.14141414141
96424,96460,96940,36,480,2,7200,1.075
96457,96503,96967,46,464,2,7200,1.09913793103
96485,96508,97063,23,555,2,7200,1.04144144144
96502,96515,96933,13,418,2,7200,1.03110047847
96504,96581,97009,77,428,2,7200,1.17990654206
96510,96588,97068,78,480,2,7200,1.1625
96580,96629,97101,49,472,2,7200,1.10381355932
96587,96650,97180,63,530,2,7200,1.11886792453
96625,96663,97169,38,506,2,7200,1.07509881423
96649,96669,97172,20,503,2,7200,1.03976143141
96661,96675,97203,14,528,2,7200,1.02651515152
96668,96681,97165,13,484,2,7200,1.02685950413
96675,96688,97211,13,523,2,7200,1.02485659656
96676,96695,97169,19,474,2,7200,1.04008438819
96683,96711,97242,28,531,2,7200,1.0527306968
96690,96745,97274,55,529,2,7200,1.10396975425
96707,96764,97283,57,519,2,7200,1.1098265896
96746,96778,97302,32,524,2,7200,1.06106870229
96763,96794,97286,31,492,2,7200,1.06300813008
96775,96812,97308,37,496,2,7200,1.07459677419
96794,96819,97286,25,467,2,7200,1.05353319058
96811,96839,97396,28,557,2,7200,1.05026929982
96818,96871,97378,53,507,2,7200,1.10453648915
96835,96896,97365,61,469,2,7200,1.13006396588
96868,96902,97397,34,495,2,7200,1.06868686869
96896,96946,97483,50,537,2,7200,1.09310986965
96903,96953,97464,50,511,2,7200,1.09784735812
96941,96960,97442,19,482,2,7200,1.03941908714
96948,96979,97511,31,532,2,7200,1.05827067669
96960,96994,97464,34,470,2,7200,1.07234042553
96977,97020,97510,43,490,2,7200,1.08775510204
96996,97075,97486,79,411,2,7200,1.19221411192
97018,97082,97599,64,517,2,7200,1.12379110251
97072,97113,97613,41,500,2,7200,1.082
97079,97176,97640,97,464,2,7200,1.20905172414
97112,97182,97686,70,504,2,7200,1.13888888889
97177,97189,97690,12,501,2,7200,1.02395209581
97178,97195,97646,17,451,2,7200,1.0376940133
97185,97202,97700,17,498,2,7200,1.03413654618
97192,97215,97766,23,551,2,7200,1.04174228675
97199,97223,97740,24,517,2,7200,1.04642166344
97211,97253,97762,42,509,2,7200,1.08251473477
97229,97285,97802,56,517,2,7200,1.1083172147
97252,97294,97744,42,450,2,7200,1.09333333333
97285,97302,97826,17,524,2,7200,1.03244274809
97292,97307,97815,15,508,2,7200,1.02952755906
97298,97314,97728,16,414,2,7200,1.038647343
97305,97321,97831,16,510,2,7200,1.03137254902
97312,97376,97872,64,496,2,7200,1.12903225806
97319,97389,97883,70,494,2,7200,1.14170040486
97373,97407,97904,34,497,2,7200,1.06841046278
97385,97414,97825,29,411,2,7200,1.07055961071
97408,97453,97929,45,476,2,7200,1.09453781513
97426,97475,97981,49,506,2,7200,1.09683794466
97449,97481,97921,32,440,2,7200,1.07272727273
97472,97494,98007,22,513,2,7200,1.04288499025
97478,97501,97981,23,480,2,7200,1.04791666667
97490,97521,98056,31,535,2,7200,1.05794392523
97497,97529,98066,32,537,2,7200,1.05959031657
97520,97612,98160,92,548,2,7200,1.16788321168
97527,97624,98074,97,450,2,7200,1.21555555556
97612,97651,98161,39,510,2,7200,1.07647058824
97624,97658,98183,34,525,2,7200,1.06476190476
97647,97697,98214,50,517,2,7200,1.09671179884
97665,97705,98195,40,490,2,7200,1.08163265306
97693,97711,98204,18,493,2,7200,1.03651115619
97705,97739,98288,34,549,2,7200,1.06193078324
97707,97752,98113,45,361,2,7200,1.12465373961
97740,97758,98284,18,526,2,7200,1.03422053232
97752,97774,98296,22,522,2,7200,1.04214559387
97753,97780,98324,27,544,2,7200,1.04963235294
97771,97813,98307,42,494,2,7200,1.08502024291
97778,97827,98308,49,481,2,7200,1.10187110187
97811,97837,98259,26,422,2,7200,1.06161137441
97828,97844,98332,16,488,2,7200,1.03278688525
97846,97852,98351,6,499,2,7200,1.0120240481
97848,97883,98362,35,479,2,7200,1.07306889353
97849,97894,98371,45,477,2,7200,1.09433962264
97882,97915,98387,33,472,2,7200,1.06991525424
97894,97933,98418,39,485,2,7200,1.08041237113
97912,97941,98463,29,522,2,7200,1.05555555556
97929,97992,98472,63,480,2,7200,1.13125
97941,97997,98482,56,485,2,7200,1.11546391753
97990,98019,98523,29,504,2,7200,1.05753968254
97997,98067,98546,70,479,2,7200,1.14613778706
98014,98077,98569,63,492,2,7200,1.12804878049
98063,98085,98593,22,508,2,7200,1.04330708661
98075,98124,98671,49,547,2,7200,1.08957952468
98093,98171,98675,78,504,2,7200,1.15476190476
98121,98179,98693,58,514,2,7200,1.11284046693
98170,98194,98722,24,528,2,7200,1.04545454545
98177,98208,98688,31,480,2,7200,1.06458333333
98194,98215,98708,21,493,2,7200,1.04259634888
98206,98225,98748,19,523,2,7200,1.03632887189
98213,98270,98772,57,502,2,7200,1.11354581673
98225,98295,98858,70,563,2,7200,1.1243339254
98269,98303,98812,34,509,2,7200,1.06679764244
98291,98309,98655,18,346,2,7200,1.05202312139
98298,98319,98819,21,500,2,7200,1.042
98317,98325,98861,8,536,2,7200,1.01492537313
98319,98336,98900,17,564,2,7200,1.03014184397
98320,98343,98835,23,492,2,7200,1.04674796748
98332,98363,98878,31,515,2,7200,1.06019417476
98339,98374,98896,35,522,2,7200,1.06704980843
98362,98383,98867,21,484,2,7200,1.04338842975
98374,98398,98887,24,489,2,7200,1.0490797546
98381,98429,98910,48,481,2,7200,1.09979209979
98398,98474,98935,76,461,2,7200,1.16485900217
98426,98483,98982,57,499,2,7200,1.11422845691
98475,98494,99011,19,517,2,7200,1.03675048356
98482,98536,99097,54,561,2,7200,1.09625668449
98494,98559,99107,65,548,2,7200,1.11861313869
98538,98580,99018,42,438,2,7200,1.09589041096
98555,98605,99092,50,487,2,7200,1.10266940452
98578,98667,99053,89,386,2,7200,1.23056994819
98601,98682,99182,81,500,2,7200,1.162
98665,98689,99179,24,490,2,7200,1.04897959184
98682,98700,99104,18,404,2,7200,1.04455445545
98689,98706,99147,17,441,2,7200,1.03854875283
98696,98719,99214,23,495,2,7200,1.04646464646
98703,98735,99238,32,503,2,7200,1.06361829026
98715,98760,99259,45,499,2,7200,1.09018036072
98720,101489,101497,2769,8,1,1800,277.7
98732,98783,99300,51,517,2,7200,1.09864603482
98761,98825,99313,64,488,2,7200,1.13114754098
98784,98831,99221,47,390,2,7200,1.12051282051
98822,98847,99342,25,495,2,7200,1.05050505051
98829,98869,99397,40,528,2,7200,1.07575757576
98847,98876,99344,29,468,2,7200,1.06196581197
98869,98882,99386,13,504,2,7200,1.02579365079
98876,98890,99362,14,472,2,7200,1.02966101695
98878,98899,99363,21,464,2,7200,1.04525862069
98890,98908,99423,18,515,2,7200,1.03495145631
98897,98914,99398,17,484,2,7200,1.03512396694
98903,98922,99461,19,539,2,7200,1.03525046382
98922,98946,99460,24,514,2,7200,1.046692607
98924,98994,99505,70,511,2,7200,1.13698630137
98946,99024,99489,78,465,2,7200,1.16774193548
98990,99031,99495,41,464,2,7200,1.08836206897
99023,99065,99555,42,490,2,7200,1.08571428571
99030,99103,99624,73,521,2,7200,1.14011516315
99063,99111,99611,48,500,2,7200,1.096
99083,101507,101626,2424,119,1,3600,21.3697478992
99102,99118,99627,16,509,2,7200,1.03143418468
99109,99125,99573,16,448,2,7200,1.03571428571
99116,99159,99677,43,518,2,7200,1.08301158301
99122,99191,99680,69,489,2,7200,1.14110429448
99156,99197,99588,41,391,2,7200,1.10485933504
99190,99226,99748,36,522,2,7200,1.06896551724
99197,99232,99751,35,519,2,7200,1.06743737958
99225,99249,99774,24,525,2,7200,1.04571428571
99231,99271,99771,40,500,2,7200,1.08
99249,99313,99830,64,517,2,7200,1.12379110251
99266,99325,99808,59,483,2,7200,1.12215320911
99310,99355,99825,45,470,2,7200,1.09574468085
99322,99361,99858,39,497,2,7200,1.07847082495
99355,99374,99904,19,530,2,7200,1.0358490566
99362,99380,99929,18,549,2,7200,1.03278688525
99374,99397,99934,23,537,2,7200,1.04283054004
99376,99408,99887,32,479,2,7200,1.06680584551
99402,99415,99932,13,517,2,7200,1.0251450677
99409,99434,99942,25,508,2,7200,1.04921259843
99416,99472,100026,56,554,2,7200,1.10108303249
99433,99478,99954,45,476,2,7200,1.09453781513
99472,99500,99991,28,491,2,7200,1.05702647658
99479,99508,99967,29,459,2,7200,1.06318082789
99496,99516,99988,20,472,2,7200,1.04237288136
99508,99567,100020,59,453,2,7200,1.13024282561
99515,99585,100009,70,424,2,7200,1.16509433962
99564,99600,100110,36,510,2,7200,1.07058823529
99582,99623,100146,41,523,2,7200,1.07839388145
99599,99636,100135,37,499,2,7200,1.07414829659
99622,99643,100136,21,493,2,7200,1.04259634888
99641,99689,100242,48,553,2,7200,1.08679927667
99642,99696,100221,54,525,2,7200,1.10285714286
99686,99760,100266,74,506,2,7200,1.14624505929
99693,99766,100199,73,433,2,7200,1.16859122402
99757,99783,100296,26,513,2,7200,1.05068226121
99764,99790,100325,26,535,2,7200,1.04859813084
99782,99821,100332,39,511,2,7200,1.07632093933
99788,99837,100366,49,529,2,7200,1.09262759924
99816,99844,100342,28,498,2,7200,1.0562248996
99834,99870,100383,36,513,2,7200,1.0701754386
99841,99898,100377,57,479,2,7200,1.11899791232
99869,99917,100359,48,442,2,7200,1.10859728507
99903,99941,100419,38,478,2,7200,1.07949790795
99915,99949,100448,34,499,2,7200,1.06813627255
99937,99954,100404,17,450,2,7200,1.03777777778
99944,99961,100416,17,455,2,7200,1.03736263736
99951,99967,100484,16,517,2,7200,1.03094777563
99958,99979,100490,21,511,2,7200,1.04109589041
99965,100000,100510,35,510,2,7200,1.06862745098
99977,100006,100525,29,519,2,7200,1.05587668593
100000,100020,100534,20,514,2,7200,1.03891050584
100002,100031,100522,29,491,2,7200,1.05906313646
100019,100039,100562,20,523,2,7200,1.03824091778
100037,100121,100654,84,533,2,7200,1.15759849906
100039,100146,100642,107,496,2,7200,1.21572580645
100119,100153,100578,34,425,2,7200,1.08
100147,100160,100657,13,497,2,7200,1.02615694165
100149,100210,100727,61,517,2,7200,1.11798839458
100156,100232,100680,76,448,2,7200,1.16964285714
100210,100253,100699,43,446,2,7200,1.09641255605
100232,100277,100748,45,471,2,7200,1.09554140127
100249,100307,100824,58,517,2,7200,1.11218568665
100277,100338,100878,61,540,2,7200,1.11296296296
100305,100344,100734,39,390,2,7200,1.1
100338,100354,100855,16,501,2,7200,1.03193612774
100356,100371,100821,15,450,2,7200,1.03333333333
100358,100377,100887,19,510,2,7200,1.03725490196
100370,100389,100890,19,501,2,7200,1.0379241517
100377,100396,100923,19,527,2,7200,1.03605313093
100389,100415,100907,26,492,2,7200,1.05284552846
100396,100427,100936,31,509,2,7200,1.06090373281
100413,100434,100938,21,504,2,7200,1.04166666667
100425,100460,100978,35,518,2,7200,1.06756756757
100432,100495,100938,63,443,2,7200,1.14221218962
100460,100502,101004,42,502,2,7200,1.08366533865
100493,100522,101015,29,493,2,7200,1.05882352941
100500,100533,101028,33,495,2,7200,1.06666666667
100523,100540,101045,17,505,2,7200,1.03366336634
100530,100547,101088,17,541,2,7200,1.0314232902
100537,100573,100996,36,423,2,7200,1.08510638298
100544,100590,101102,46,512,2,7200,1.08984375
100572,100654,101174,82,520,2,7200,1.15769230769
100589,100666,101205,77,539,2,7200,1.14285714286
100654,100672,101098,18,426,2,7200,1.04225352113
100666,100693,101116,27,423,2,7200,1.06382978723
100667,100710,101235,43,525,2,7200,1.0819047619
100690,100739,101231,49,492,2,7200,1.09959349593
100707,100745,101246,38,501,2,7200,1.07584830339
100741,100759,101290,18,531,2,7200,1.03389830508
100743,100833,101338,90,505,2,7200,1.17821782178
100760,100839,101339,79,500,2,7200,1.158
100830,100866,101371,36,505,2,7200,1.07128712871
100837,100889,101365,52,476,2,7200,1.10924369748
100865,100898,101382,33,484,2,7200,1.06818181818
100887,100906,101397,19,491,2,7200,1.03869653768
100894,100920,101433,26,513,2,7200,1.05068226121
100906,100934,101433,28,499,2,7200,1.05611222445
100918,100948,101416,30,468,2,7200,1.0641025641
100930,100954,101445,24,491,2,7200,1.04887983707
100948,100959,101436,11,477,2,7200,1.02306079665
100966,100990,101438,24,448,2,7200,1.05357142857
100968,101007,101374,39,367,2,7200,1.10626702997
100990,101016,101509,26,493,2,7200,1.05273833671
101008,101027,101516,19,489,2,7200,1.03885480573
101014,101040,101483,26,443,2,7200,1.05869074492
101027,101058,101597,31,539,2,7200,1.05751391466
101039,101099,101630,60,531,2,7200,1.11299435028
101056,101109,101636,53,527,2,7200,1.10056925996
101100,101117,101610,17,493,2,7200,1.03448275862
101106,101127,101618,21,491,2,7200,1.04276985743
101113,101185,101675,72,490,2,7200,1.14693877551
101125,101216,101703,91,487,2,7200,1.18685831622
101186,101243,101576,57,333,2,7200,1.17117117117
101213,101251,101806,38,555,2,7200,1.06846846847
101241,101257,101816,16,559,2,7200,1.02862254025
101248,101302,101815,54,513,2,7200,1.10526315789
101255,101349,101866,94,517,2,7200,1.18181818182
101298,101357,101836,59,479,2,7200,1.12317327766
101347,101376,101879,29,503,2,7200,1.05765407555
101354,101383,101865,29,482,2,7200,1.0601659751
101377,101389,101843,12,454,2,7200,1.02643171806
101378,101396,101893,18,497,2,7200,1.03621730382
101385,101408,101956,23,548,2,7200,1.04197080292
101404,101427,101917,23,490,2,7200,1.04693877551
101405,101445,101956,40,511,2,7200,1.0782778865
101428,101450,101957,22,507,2,7200,1.04339250493
101445,101456,101919,11,463,2,7200,1.02375809935
101447,101462,101951,15,489,2,7200,1.03067484663
101454,101496,101874,42,378,2,7200,1.11111111111
101460,101521,102021,61,500,2,7200,1.122
101493,101528,102020,35,492,2,7200,1.07113821138
101521,101587,102092,66,505,2,7200,1.13069306931
101528,101609,102138,81,529,2,7200,1.15311909263
101587,101623,102113,36,490,2,7200,1.07346938776
101592,101637,101874,45,237,1,3600,1.18987341772
101605,101629,102082,24,453,2,7200,1.05298013245
101623,101644,102200,21,556,2,7200,1.03776978417
101625,101650,102137,25,487,2,7200,1.05133470226
101642,101686,102177,44,491,2,7200,1.08961303462
101647,101888,101971,241,83,1,1800,3.90361445783
101649,101714,102250,65,536,2,7200,1.12126865672
101682,101818,102301,136,483,2,7200,1.28157349896
101710,101826,102286,116,460,2,7200,1.25217391304
101751,101980,102317,229,337,1,3600,1.67952522255
101816,101833,102348,17,515,2,7200,1.03300970874
101823,101849,102374,26,525,2,7200,1.04952380952
101830,101856,102345,26,489,2,7200,1.05316973415
101847,101877,102400,30,523,2,7200,1.05736137667
101854,101883,102386,29,503,2,7200,1.05765407555
101877,101895,102413,18,518,2,7200,1.03474903475
101878,101900,102446,22,546,2,7200,1.04029304029
101897,101906,102373,9,467,2,7200,1.01927194861
101898,101930,102393,32,463,2,7200,1.06911447084
101905,101936,102320,31,384,2,7200,1.08072916667
101928,101963,102340,35,377,2,7200,1.09283819629
101934,101970,102481,36,511,2,7200,1.07045009785
101962,101975,102487,13,512,2,7200,1.025390625
101969,101987,102494,18,507,2,7200,1.03550295858
101971,102031,102538,60,507,2,7200,1.11834319527
101983,102038,102568,55,530,2,7200,1.10377358491
102015,102327,102601,312,274,1,3600,2.13868613139
102032,102094,102595,62,501,2,7200,1.12375249501
102033,102103,102609,70,506,2,7200,1.13833992095
102092,102124,102585,32,461,2,7200,1.0694143167
102099,102149,102694,50,545,2,7200,1.09174311927
102122,102156,102695,34,539,2,7200,1.06307977737
102151,102189,102680,38,491,2,7200,1.07739307536
102153,102212,102711,59,499,2,7200,1.11823647295
102186,102261,102746,75,485,2,7200,1.15463917526
102208,102297,102809,89,512,2,7200,1.173828125
102226,102412,102521,186,109,1,1800,2.70642201835
102257,102313,102718,56,405,2,7200,1.13827160494
102295,102333,102831,38,498,2,7200,1.07630522088
102313,102352,102890,39,538,2,7200,1.07249070632
102330,102358,102907,28,549,2,7200,1.05100182149
102347,102365,102879,18,514,2,7200,1.03501945525
102354,102385,102869,31,484,2,7200,1.06404958678
102361,102391,102909,30,518,2,7200,1.05791505792
102384,102398,102860,14,462,2,7200,1.0303030303
102391,102404,102934,13,530,2,7200,1.02452830189
102409,102425,102940,16,515,2,7200,1.03106796117
102411,102458,102891,47,433,2,7200,1.10854503464
102423,102492,102982,69,490,2,7200,1.14081632653
102456,102499,102977,43,478,2,7200,1.089958159
102489,102505,103027,16,522,2,7200,1.030651341
102496,102531,103068,35,537,2,7200,1.06517690875
102503,102550,103046,47,496,2,7200,1.09475806452
102526,102580,103064,54,484,2,7200,1.11157024793
102548,102598,103086,50,488,2,7200,1.10245901639
102566,102613,103246,47,633,1,3600,1.07424960506
102576,102607,103052,31,445,2,7200,1.06966292135
102593,102621,103107,28,486,2,7200,1.05761316872
102606,102692,103219,86,527,2,7200,1.16318785579
102618,102706,103254,88,548,2,7200,1.16058394161
102688,102712,103182,24,470,2,7200,1.05106382979
102706,102723,103231,17,508,2,7200,1.03346456693
102708,102729,103193,21,464,2,7200,1.04525862069
102720,102758,103316,38,558,2,7200,1.06810035842
102727,102821,103339,94,518,2,7200,1.18146718147
102755,102842,103327,87,485,2,7200,1.1793814433
102819,102871,103396,52,525,2,7200,1.09904761905
102842,102881,103377,39,496,2,7200,1.07862903226
102859,103256,103852,397,596,1,3600,1.66610738255
102870,102890,103419,20,529,2,7200,1.03780718336
102877,102901,103356,24,455,2,7200,1.05274725275
102889,102909,103405,20,496,2,7200,1.04032258065
102901,102919,103414,18,495,2,7200,1.03636363636
102908,102925,103418,17,493,2,7200,1.03448275862
102915,102946,103467,31,521,2,7200,1.05950095969
102933,102953,103437,20,484,2,7200,1.04132231405
102945,102989,103353,44,364,2,7200,1.12087912088
102952,102996,103461,44,465,2,7200,1.09462365591
102985,103039,103522,54,483,2,7200,1.11180124224
102992,103862,104254,870,392,1,1800,3.2193877551
102992,103057,103529,65,472,2,7200,1.13771186441
103036,103064,103568,28,504,2,7200,1.05555555556
103053,103076,103623,23,547,2,7200,1.04204753199
103060,103083,103534,23,451,2,7200,1.05099778271
103072,103097,103576,25,479,2,7200,1.05219206681
103079,103119,103569,40,450,2,7200,1.08888888889
103097,103194,103738,97,544,2,7200,1.17830882353
103114,103205,103648,91,443,2,7200,1.20541760722
103196,103231,103758,35,527,2,7200,1.06641366224
103202,103243,103744,41,501,2,7200,1.08183632735
103230,103267,103764,37,497,2,7200,1.07444668008
103243,103327,103868,84,541,2,7200,1.15526802218
103265,103339,103830,74,491,2,7200,1.15071283096
103325,103351,103877,26,526,2,7200,1.04942965779
103337,103365,103884,28,519,2,7200,1.05394990366
103349,103372,103862,23,490,2,7200,1.04693877551
103361,103389,103822,28,433,2,7200,1.06466512702
103368,103408,103902,40,494,2,7200,1.08097165992
103386,103417,103912,31,495,2,7200,1.06262626263
103408,103426,103935,18,509,2,7200,1.03536345776
103415,103433,103911,18,478,2,7200,1.03765690377
103435,103441,103930,6,489,2,7200,1.01226993865
103437,103448,103918,11,470,2,7200,1.02340425532
103438,103474,103936,36,462,2,7200,1.07792207792
103445,103481,103992,36,511,2,7200,1.07045009785
103473,103534,104003,61,469,2,7200,1.13006396588
103480,103541,104069,61,528,2,7200,1.11553030303
103534,103547,104075,13,528,2,7200,1.02462121212
103541,103580,104069,39,489,2,7200,1.07975460123
103543,103586,104073,43,487,2,7200,1.08829568789
103576,103592,104065,16,473,2,7200,1.03382663848
103583,103634,104153,51,519,2,7200,1.09826589595
103590,103659,104140,69,481,2,7200,1.14345114345
103633,103749,104265,116,516,2,7200,1.22480620155
103656,103756,104269,100,513,2,7200,1.19493177388
103753,103769,104253,16,484,2,7200,1.03305785124
103755,103776,104293,21,517,2,7200,1.04061895551
103767,103833,104291,66,458,2,7200,1.14410480349
103774,103843,104373,69,530,2,7200,1.13018867925
103833,103875,104341,42,466,2,7200,1.09012875536
103840,103881,104391,41,510,2,7200,1.08039215686
103873,103888,104424,15,536,2,7200,1.02798507463
103880,103895,104416,15,521,2,7200,1.02879078695
103887,103914,104427,27,513,2,7200,1.05263157895
103894,103923,104446,29,523,2,7200,1.05544933078
103911,103928,104372,17,444,2,7200,1.03828828829
103918,103935,104452,17,517,2,7200,1.03288201161
103925,103941,104412,16,471,2,7200,1.03397027601
103943,103950,104453,7,503,2,7200,1.01391650099
103945,103956,104361,11,405,2,7200,1.02716049383
103947,104003,104532,56,529,2,7200,1.10586011342
103954,104016,104494,62,478,2,7200,1.12970711297
104002,104076,104595,74,519,2,7200,1.14258188825
104014,104082,104592,68,510,2,7200,1.13333333333
104074,104088,104577,14,489,2,7200,1.02862985685
104081,104095,104572,14,477,2,7200,1.02935010482
104087,104100,104609,13,509,2,7200,1.02554027505
104094,104152,104635,58,483,2,7200,1.12008281573
104096,104165,104710,69,545,2,7200,1.12660550459
104150,104270,104766,120,496,2,7200,1.24193548387
104162,104277,104723,115,446,2,7200,1.25784753363
104213,104264,104352,51,88,1,3600,1.57954545455
104269,104284,104816,15,532,2,7200,1.02819548872
104276,104303,104846,27,543,2,7200,1.04972375691
104294,104309,104771,15,462,2,7200,1.03246753247
104301,104352,104850,51,498,2,7200,1.10240963855
104308,104372,104826,64,454,2,7200,1.140969163
104352,104383,104893,31,510,2,7200,1.06078431373
104369,104391,104896,22,505,2,7200,1.04356435644
104381,104402,104821,21,419,2,7200,1.05011933174
104388,104424,104879,36,455,2,7200,1.07912087912
104400,104431,104935,31,504,2,7200,1.06150793651
104423,104437,104937,14,500,2,7200,1.028
104430,104445,104934,15,489,2,7200,1.03067484663
104436,104457,104947,21,490,2,7200,1.04285714286
104443,104470,104946,27,476,2,7200,1.05672268908
104452,104463,104468,11,5,1,3600,1.6
104455,104475,105020,20,545,2,7200,1.03669724771
104467,104505,104959,38,454,2,7200,1.08370044053
104483,104489,104733,6,244,1,3600,1.02459016393
104485,104543,105024,58,481,2,7200,1.12058212058
104503,104583,105081,80,498,2,7200,1.16064257028
104541,104589,105087,48,498,2,7200,1.09638554217
104578,104743,104830,165,87,1,3600,2.89655172414
104580,104603,105063,23,460,2,7200,1.05
104586,104610,105076,24,466,2,7200,1.05150214592
104604,104620,105086,16,466,2,7200,1.03433476395
104605,104646,105149,41,503,2,7200,1.08151093439
104618,104722,105208,104,486,2,7200,1.21399176955
104645,104734,105237,89,503,2,7200,1.17693836978
104720,104777,105265,57,488,2,7200,1.11680327869
104732,104784,105269,52,485,2,7200,1.10721649485
104776,104827,105320,51,493,2,7200,1.10344827586
104794,104833,105356,39,523,2,7200,1.07456978967
104827,104839,105332,12,493,2,7200,1.02434077079
104829,104857,105331,28,474,2,7200,1.05907172996
104836,104864,105355,28,491,2,7200,1.05702647658
104853,104890,105401,37,511,2,7200,1.07240704501
104865,104905,105406,40,501,2,7200,1.07984031936
104888,104911,105356,23,445,2,7200,1.05168539326
104905,104946,105455,41,509,2,7200,1.08055009823
104912,104952,105475,40,523,2,7200,1.07648183556
104933,104939,104946,6,7,1,1800,1.3
104945,104957,105437,12,480,2,7200,1.025
104952,104964,105488,12,524,2,7200,1.02290076336
104953,104970,105440,17,470,2,7200,1.03617021277
104961,104976,105227,15,251,1,3600,1.05976095618
104972,104983,105516,11,533,2,7200,1.02063789869
104974,105033,105543,59,510,2,7200,1.11568627451
104980,105039,105540,59,501,2,7200,1.11776447106
105029,105074,105580,45,506,2,7200,1.08893280632
105030,105237,105727,207,490,1,3600,1.42244897959
105036,105087,105615,51,528,2,7200,1.09659090909
105074,105093,105578,19,485,2,7200,1.03917525773
105086,105099,105593,13,494,2,7200,1.02631578947
105093,105105,105519,12,414,2,7200,1.02898550725
105095,105161,105701,66,540,2,7200,1.12222222222
105096,105738,105781,642,43,1,1800,15.9302325581
105102,105220,105706,118,486,2,7200,1.24279835391
105161,105249,105706,88,457,2,7200,1.19256017505
105215,105276,105766,61,490,2,7200,1.12448979592
105248,105283,105782,35,499,2,7200,1.07014028056
105276,105331,105843,55,512,2,7200,1.107421875
105294,105343,105865,49,522,2,7200,1.0938697318
105327,105349,105845,22,496,2,7200,1.04435483871
105339,105366,105845,27,479,2,7200,1.05636743215
105346,105373,105872,27,499,2,7200,1.05410821643
105363,105379,105899,16,520,2,7200,1.03076923077
105370,105413,105888,43,475,2,7200,1.09052631579
105377,105419,105969,42,550,2,7200,1.07636363636
105410,105448,105990,38,542,2,7200,1.07011070111
105417,105456,105958,39,502,2,7200,1.07768924303
105445,105467,105958,22,491,2,7200,1.04480651731
105451,105487,105888,36,401,2,7200,1.0897755611
105464,105499,106037,35,538,2,7200,1.06505576208
105488,105528,106015,40,487,2,7200,1.08213552361
105500,105534,106035,34,501,2,7200,1.06786427146
105528,105552,106049,24,497,2,7200,1.04828973843
105530,105559,106081,29,522,2,7200,1.05555555556
105538,105792,106280,254,488,1,3600,1.52049180328
105552,105590,106100,38,510,2,7200,1.07450980392
105559,105597,106087,38,490,2,7200,1.07755102041
105587,105605,106082,18,477,2,7200,1.03773584906
105594,105626,106128,32,502,2,7200,1.06374501992
105601,105713,106152,112,439,2,7200,1.25512528474
105623,105720,106188,97,468,2,7200,1.20726495726
105709,105725,106227,16,502,2,7200,1.03187250996
105716,105779,106273,63,494,2,7200,1.12753036437
105734,105799,106297,65,498,2,7200,1.13052208835
105777,105854,106372,77,518,2,7200,1.14864864865
105795,105861,106338,66,477,2,7200,1.13836477987
105854,105866,106375,12,509,2,7200,1.02357563851
105861,105877,106383,16,506,2,7200,1.03162055336
105863,105883,106384,20,501,2,7200,1.03992015968
105875,105899,106406,24,507,2,7200,1.04733727811
105882,105905,106394,23,489,2,7200,1.04703476483
105899,105911,106429,12,518,2,7200,1.02316602317
105901,105969,106466,68,497,2,7200,1.13682092555
105908,105974,106478,66,504,2,7200,1.13095238095
105967,105980,106516,13,536,2,7200,1.02425373134
105985,106001,106525,16,524,2,7200,1.03053435115
105987,106026,106485,39,459,2,7200,1.08496732026
105999,106046,106548,47,502,2,7200,1.09362549801
106023,106292,106380,269,88,1,1800,4.05681818182
106027,106052,106517,25,465,2,7200,1.05376344086
106044,106060,106602,16,542,2,7200,1.0295202952
106051,106092,106614,41,522,2,7200,1.0785440613
106058,106098,106624,40,526,2,7200,1.07604562738
106091,106104,106595,13,491,2,7200,1.02647657841
106098,106113,106588,15,475,2,7200,1.03157894737
106099,106139,106656,40,517,2,7200,1.07736943907
106111,106164,106658,53,494,2,7200,1.10728744939
106139,106201,106581,62,380,2,7200,1.16315789474
106162,106239,106752,77,513,2,7200,1.15009746589
106201,106285,106787,84,502,2,7200,1.16733067729
106234,106309,106868,75,559,2,7200,1.13416815742
106283,106350,106881,67,531,2,7200,1.12617702448
106306,106385,106877,79,492,2,7200,1.16056910569
106350,106392,106894,42,502,2,7200,1.08366533865
106383,106399,106921,16,522,2,7200,1.030651341
106390,106404,106904,14,500,2,7200,1.028
106397,106411,106958,14,547,2,7200,1.02559414991
106403,106417,106961,14,544,2,7200,1.02573529412
106410,106442,106935,32,493,2,7200,1.06490872211
106417,106478,106964,61,486,2,7200,1.12551440329
106423,106429,106511,6,82,1,1800,1.07317073171
106440,106490,106996,50,506,2,7200,1.09881422925
106479,106497,107007,18,510,2,7200,1.03529411765
106486,106528,107037,42,509,2,7200,1.08251473477
106493,106535,107088,42,553,2,7200,1.07594936709
106526,106541,107092,15,551,2,7200,1.02722323049
106533,106560,107063,27,503,2,7200,1.05367793241
106540,106593,107062,53,469,2,7200,1.11300639659
106558,106599,107093,41,494,2,7200,1.08299595142
106591,106607,107115,16,508,2,7200,1.03149606299
106598,106613,107128,15,515,2,7200,1.02912621359
106604,106625,107171,21,546,2,7200,1.03846153846
106611,106636,107118,25,482,2,7200,1.05186721992
106624,106667,107151,43,484,2,7200,1.08884297521
106642,106675,107129,33,454,2,7200,1.07268722467
106665,106767,107273,102,506,2,7200,1.20158102767
106672,106799,107286,127,487,2,7200,1.26078028747
106753,106760,106864,7,104,1,1800,1.06730769231
106763,106880,107385,117,505,2,7200,1.23168316832
106796,106889,107382,93,493,2,7200,1.18864097363
106877,106895,107380,18,485,2,7200,1.03711340206
106889,106906,107387,17,481,2,7200,1.03534303534
106891,106916,107395,25,479,2,7200,1.05219206681
106903,106933,107466,30,533,2,7200,1.05628517824
106915,106947,107478,32,531,2,7200,1.06026365348
106932,106970,107477,38,507,2,7200,1.07495069034
106945,106977,107417,32,440,2,7200,1.07272727273
106975,106983,107431,8,448,2,7200,1.01785714286
106977,107007,107479,30,472,2,7200,1.06355932203
106979,107020,107516,41,496,2,7200,1.08266129032
106994,107000,107270,6,270,1,1800,1.02222222222
107006,107049,107575,43,526,2,7200,1.08174904943
107019,107073,107609,54,536,2,7200,1.10074626866
107047,107080,107593,33,513,2,7200,1.06432748538
107069,107101,107578,32,477,2,7200,1.06708595388
107076,107108,107605,32,497,2,7200,1.06438631791
107099,107113,107655,14,542,2,7200,1.0258302583
107106,107126,107570,20,444,2,7200,1.04504504505
107113,107133,107625,20,492,2,7200,1.0406504065
107125,107140,107606,15,466,2,7200,1.0321888412
107132,107147,107623,15,476,2,7200,1.03151260504
107139,107163,107670,24,507,2,7200,1.04733727811
107157,107182,107667,25,485,2,7200,1.05154639175
107164,107285,107806,121,521,2,7200,1.23224568138
107181,107297,107788,116,491,2,7200,1.23625254582
107282,107391,107929,109,538,2,7200,1.20260223048
107295,107397,107864,102,467,2,7200,1.21841541756
107360,107365,107759,5,394,1,1800,1.01269035533
107391,107403,107886,12,483,2,7200,1.0248447205
107397,107410,107853,13,443,2,7200,1.02934537246
107399,107415,107919,16,504,2,7200,1.03174603175
107406,107428,107926,22,498,2,7200,1.04417670683
107413,107444,107962,31,518,2,7200,1.05984555985
107425,107478,107989,53,511,2,7200,1.10371819961
107442,107488,107982,46,494,2,7200,1.09311740891
107475,107496,107980,21,484,2,7200,1.04338842975
107494,107502,108005,8,503,2,7200,1.01590457256
107496,107527,108052,31,525,2,7200,1.05904761905
107498,107581,108075,83,494,2,7200,1.16801619433
107526,107588,108157,62,569,2,7200,1.10896309315
107580,107594,108066,14,472,2,7200,1.02966101695
107587,107604,108009,17,405,2,7200,1.04197530864
107593,107616,108127,23,511,2,7200,1.04500978474
107600,107624,108117,24,493,2,7200,1.04868154158
107612,107629,108118,17,489,2,7200,1.03476482618
107619,107636,108127,17,491,2,7200,1.03462321792
107626,107642,108150,16,508,2,7200,1.03149606299
107633,107668,108144,35,476,2,7200,1.07352941176
107640,107679,108188,39,509,2,7200,1.07662082515
107667,107686,108183,19,497,2,7200,1.03822937626
107686,107799,108234,113,435,2,7200,1.25977011494
107687,107817,108316,130,499,2,7200,1.26052104208
107799,107864,108387,65,523,2,7200,1.12428298279
107816,107875,108369,59,494,2,7200,1.11943319838
107860,107897,108392,37,495,2,7200,1.07474747475
107872,107931,108471,59,540,2,7200,1.10925925926
107895,107938,108343,43,405,2,7200,1.10617283951
107928,107944,108435,16,491,2,7200,1.03258655804
107935,107974,108452,39,478,2,7200,1.08158995816
107942,107991,108513,49,522,2,7200,1.0938697318
107969,107998,108466,29,468,2,7200,1.06196581197
107992,108005,108518,13,513,2,7200,1.0253411306
107994,108016,108507,22,491,2,7200,1.04480651731
108012,108024,108547,12,523,2,7200,1.02294455067
108014,108064,108572,50,508,2,7200,1.09842519685
108021,108077,108577,56,500,2,7200,1.112
108059,108086,108600,27,514,2,7200,1.05252918288
108077,108129,108602,52,473,2,7200,1.10993657505
108083,108135,108668,52,533,2,7200,1.09756097561
108127,108142,108631,15,489,2,7200,1.03067484663
108134,108147,108620,13,473,2,7200,1.02748414376
108141,108156,108645,15,489,2,7200,1.03067484663
108142,108162,108660,20,498,2,7200,1.04016064257
108155,108169,108699,14,530,2,7200,1.02641509434
108161,108194,108626,33,432,2,7200,1.07638888889
108168,108201,108725,33,524,2,7200,1.06297709924
108191,108246,108697,55,451,2,7200,1.12195121951
108209,108328,108850,119,522,2,7200,1.22796934866
108242,108354,108883,112,529,2,7200,1.21172022684
108328,108380,108930,52,550,2,7200,1.09454545455
108350,108399,108901,49,502,2,7200,1.09760956175
108378,108406,108913,28,507,2,7200,1.05522682446
108396,108447,108972,51,525,2,7200,1.09714285714
108402,108463,108974,61,511,2,7200,1.11937377691
108446,108477,109026,31,549,2,7200,1.05646630237
108463,108485,108990,22,505,2,7200,1.04356435644
108475,108519,109024,44,505,2,7200,1.08712871287
108482,108526,108999,44,473,2,7200,1.09302325581
108515,108532,109069,17,537,2,7200,1.03165735568
108534,108559,109064,25,505,2,7200,1.0495049505
108535,108583,109051,48,468,2,7200,1.10256410256
108558,108590,109112,32,522,2,7200,1.06130268199
108580,108611,109132,31,521,2,7200,1.05950095969
108587,108618,109137,31,519,2,7200,1.05973025048
108610,108631,109113,21,482,2,7200,1.04356846473
108617,108637,109131,20,494,2,7200,1.04048582996
108629,108643,109128,14,485,2,7200,1.02886597938
108636,108657,109182,21,525,2,7200,1.04
108642,108671,109166,29,495,2,7200,1.05858585859
108654,108681,109131,27,450,2,7200,1.06
108672,108709,109258,37,549,2,7200,1.06739526412
108679,108715,109213,36,498,2,7200,1.07228915663
108714,108737,109267,23,530,2,7200,1.04339622642
108716,108861,109366,145,505,2,7200,1.28712871287
108733,108894,109408,161,514,2,7200,1.31322957198
108860,108913,109379,53,466,2,7200,1.11373390558
108894,108924,109430,30,506,2,7200,1.05928853755
108895,108901,108941,6,40,1,1800,1.15
108911,108941,109366,30,425,2,7200,1.07058823529
108923,108983,109488,60,505,2,7200,1.11881188119
108940,108990,109471,50,481,2,7200,1.10395010395
108979,109001,109482,22,481,2,7200,1.04573804574
108986,109010,109534,24,524,2,7200,1.04580152672
108998,109035,109490,37,455,2,7200,1.08131868132
109010,109043,109524,33,481,2,7200,1.06860706861
109033,109062,109550,29,488,2,7200,1.05942622951
109049,109075,109565,26,490,2,7200,1.05306122449
109061,109082,109614,21,532,2,7200,1.03947368421
109073,109124,109646,51,522,2,7200,1.09770114943
109080,109130,109613,50,483,2,7200,1.10351966874
109124,109139,109634,15,495,2,7200,1.0303030303
109126,109146,109654,20,508,2,7200,1.03937007874
109138,109151,109635,13,484,2,7200,1.02685950413
109145,109158,109673,13,515,2,7200,1.02524271845
109151,109163,109682,12,519,2,7200,1.02312138728
109153,109178,109695,25,517,2,7200,1.04835589942
109160,109193,109576,33,383,2,7200,1.0861618799
109174,109184,109262,10,78,1,1800,1.12820512821
109177,109224,109739,47,515,2,7200,1.09126213592
109195,109271,109769,76,498,2,7200,1.15261044177
109223,109278,109819,55,541,2,7200,1.10166358595
109266,109377,109878,111,501,2,7200,1.22155688623
109278,109382,109881,104,499,2,7200,1.20841683367
109374,109390,109885,16,495,2,7200,1.03232323232
109381,109419,109915,38,496,2,7200,1.07661290323
109388,109441,109931,53,490,2,7200,1.10816326531
109416,109483,110020,67,537,2,7200,1.12476722533
109438,109493,109980,55,487,2,7200,1.11293634497
109482,109500,109975,18,475,2,7200,1.03789473684
109489,109507,110026,18,519,2,7200,1.03468208092
109496,109535,110051,39,516,2,7200,1.07558139535
109514,109546,110033,32,487,2,7200,1.06570841889
109531,109562,110081,31,519,2,7200,1.05973025048
109543,109576,110080,33,504,2,7200,1.06547619048
109561,109587,110099,26,512,2,7200,1.05078125
109573,109624,110101,51,477,2,7200,1.10691823899
109585,109631,110129,46,498,2,7200,1.09236947791
109623,109646,110130,23,484,2,7200,1.04752066116
109630,109651,110209,21,558,2,7200,1.0376344086
109642,109657,110103,15,446,2,7200,1.033632287
109649,109666,110176,17,510,2,7200,1.03333333333
109656,109684,110167,28,483,2,7200,1.05797101449
109663,109693,110237,30,544,2,7200,1.05514705882
109686,109706,110236,20,530,2,7200,1.03773584906
109693,109750,110253,57,503,2,7200,1.11332007952
109705,109780,110314,75,534,2,7200,1.1404494382
109749,109831,110312,82,481,2,7200,1.17047817048
109777,109890,110381,113,491,2,7200,1.23014256619
109831,109897,110404,66,507,2,7200,1.13017751479
109858,109865,110113,7,248,1,1800,1.02822580645
109890,109903,110394,13,491,2,7200,1.02647657841
109897,109927,110304,30,377,2,7200,1.07957559682
109899,109943,110457,44,514,2,7200,1.08560311284
109927,109987,110442,60,455,2,7200,1.13186813187
109939,109994,110472,55,478,2,7200,1.11506276151
109988,110031,110540,43,509,2,7200,1.08447937132
109995,110039,110540,44,501,2,7200,1.0878243513
110033,110046,110540,13,494,2,7200,1.02631578947
110035,110063,110583,28,520,2,7200,1.05384615385
110042,110092,110606,50,514,2,7200,1.09727626459
110059,110098,110608,39,510,2,7200,1.07647058824
110087,110110,110616,23,506,2,7200,1.04545454545
110094,110118,110611,24,493,2,7200,1.04868154158
110106,110123,110608,17,485,2,7200,1.03505154639
110118,110140,110657,22,517,2,7200,1.04255319149
110120,110148,110689,28,541,2,7200,1.05175600739
110137,110178,110700,41,522,2,7200,1.0785440613
110144,110189,110739,45,550,2,7200,1.08181818182
110177,110221,110629,44,408,2,7200,1.10784313725
110184,110248,110727,64,479,2,7200,1.13361169102
110217,110255,110771,38,516,2,7200,1.07364341085
110252,110265,110759,13,494,2,7200,1.02631578947
110254,110315,110797,61,482,2,7200,1.1265560166
110261,110324,110870,63,546,2,7200,1.11538461538
110315,110331,110852,16,521,2,7200,1.03071017274
110322,110393,110902,71,509,2,7200,1.1394891945
110328,110405,110838,77,433,2,7200,1.17782909931
110393,110415,110875,22,460,2,7200,1.04782608696
110405,110453,110927,48,474,2,7200,1.10126582278
110412,110469,110975,57,506,2,7200,1.11264822134
110450,110483,110968,33,485,2,7200,1.06804123711
110468,110551,111068,83,517,2,7200,1.16054158607
110480,110557,111043,77,486,2,7200,1.15843621399
110550,110564,111079,14,515,2,7200,1.02718446602
110567,110595,111082,28,487,2,7200,1.05749486653
110569,110618,111147,49,529,2,7200,1.09262759924
110591,110625,111096,34,471,2,7200,1.07218683652
110614,110630,111117,16,487,2,7200,1.03285420945
110621,110637,111107,16,470,2,7200,1.03404255319
110628,110642,111160,14,518,2,7200,1.02702702703
110635,110648,111176,13,528,2,7200,1.02462121212
110642,110669,111178,27,509,2,7200,1.05304518664
110649,110700,111245,51,545,2,7200,1.09357798165
110666,110711,111241,45,530,2,7200,1.08490566038
110699,110738,111224,39,486,2,7200,1.08024691358
110711,110751,111244,40,493,2,7200,1.08113590264
110734,110771,111242,37,471,2,7200,1.07855626327
110751,110783,111250,32,467,2,7200,1.06852248394
110769,110808,111354,39,546,2,7200,1.07142857143
110781,110850,111340,69,490,2,7200,1.14081632653
110809,110863,111390,54,527,2,7200,1.10246679317
110847,110881,111354,34,473,2,7200,1.07188160677
110859,110888,111398,29,510,2,7200,1.0568627451
110882,110914,111318,32,404,2,7200,1.07920792079
110883,110938,111460,55,522,2,7200,1.10536398467
110911,110981,111485,70,504,2,7200,1.13888888889
110939,110987,111506,48,519,2,7200,1.09248554913
110977,111054,111526,77,472,2,7200,1.16313559322
110984,111079,111611,95,532,2,7200,1.17857142857
111053,111090,111640,37,550,2,7200,1.06727272727
111076,111097,111609,21,512,2,7200,1.041015625
111088,111107,111595,19,488,2,7200,1.03893442623
111095,111119,111587,24,468,2,7200,1.05128205128
111107,111129,111488,22,359,2,7200,1.06128133705
111119,111159,111658,40,499,2,7200,1.08016032064
111126,111171,111172,45,1,2,7200,4.6
111159,111183,111184,24,1,2,7200,2.5
111171,111190,111827,19,637,2,7200,1.02982731554
111183,111195,111675,12,480,2,7200,1.025
111190,111207,111827,17,620,2,7200,1.02741935484
111192,111235,111827,43,592,2,7200,1.07263513514
111208,111252,111827,44,575,2,7200,1.07652173913
111236,111259,111260,23,1,2,7200,2.4
111248,111264,111827,16,563,2,7200,1.02841918295
111255,111276,111658,21,382,2,7200,1.05497382199
111262,111281,111827,19,546,2,7200,1.0347985348
111274,111298,111827,24,529,2,7200,1.04536862004
111281,111336,111836,55,500,2,7200,1.11
111298,111351,111845,53,494,2,7200,1.10728744939
111336,111366,111877,30,511,2,7200,1.05870841487
111349,111371,111850,22,479,2,7200,1.04592901879
111365,111401,111914,36,513,2,7200,1.0701754386
111367,111409,111896,42,487,2,7200,1.08624229979
111400,111471,111981,71,510,2,7200,1.13921568627
111407,111496,111979,89,483,2,7200,1.18426501035
111471,111502,112013,31,511,2,7200,1.06066536204
111494,111517,112116,23,599,2,7200,1.03839732888
111500,111538,112155,38,617,2,7200,1.06158833063
111518,111598,112137,80,539,2,7200,1.14842300557
111521,111527,133598,6,22071,1,360000,1.00027184994
111535,111606,112121,71,515,2,7200,1.13786407767
111594,111620,112149,26,529,2,7200,1.04914933837
111611,111627,112180,16,553,2,7200,1.02893309222
111618,111651,112128,33,477,2,7200,1.06918238994
111625,111669,112177,44,508,2,7200,1.08661417323
111648,111675,112145,27,470,2,7200,1.05744680851
111665,111686,112177,21,491,2,7200,1.04276985743
111672,111839,112378,167,539,2,7200,1.30983302412
111684,111844,112326,160,482,2,7200,1.33195020747
111837,111851,112346,14,495,2,7200,1.02828282828
111844,111856,112337,12,481,2,7200,1.02494802495
111851,111863,112302,12,439,2,7200,1.02733485194
111853,111868,112339,15,471,2,7200,1.03184713376
111871,111877,112374,6,497,2,7200,1.01207243461
111872,111883,112314,11,431,2,7200,1.02552204176
111874,111889,112382,15,493,2,7200,1.03042596349
111881,111895,112421,14,526,2,7200,1.02661596958
111887,111901,112377,14,476,2,7200,1.02941176471
111894,111907,112434,13,527,2,7200,1.02466793169
111901,111925,112376,24,451,2,7200,1.05321507761
111903,111996,112522,93,526,2,7200,1.17680608365
111925,112001,112477,76,476,2,7200,1.15966386555
111995,112025,112508,30,483,2,7200,1.06211180124
111996,112129,112604,133,475,2,7200,1.28
112024,112135,112619,111,484,2,7200,1.22933884298
112125,112141,112642,16,501,2,7200,1.03193612774
112132,112149,112627,17,478,2,7200,1.03556485356
112149,112156,112650,7,494,2,7200,1.01417004049
112151,112164,112617,13,453,2,7200,1.02869757174
112152,112170,112645,18,475,2,7200,1.03789473684
112159,112189,112705,30,516,2,7200,1.05813953488
112166,112194,112727,28,533,2,7200,1.05253283302
112171,112243,114364,72,2121,64,9000,1.03394625177
112189,112200,112719,11,519,2,7200,1.02119460501
112190,112314,112796,124,482,2,7200,1.25726141079
112197,112327,112853,130,526,2,7200,1.24714828897
112314,112338,112792,24,454,2,7200,1.05286343612
112326,112349,112874,23,525,2,7200,1.04380952381
112338,112355,112892,17,537,2,7200,1.03165735568
112354,112362,112860,8,498,2,7200,1.01606425703
112356,112385,112892,29,507,2,7200,1.05719921105
112358,112392,112810,34,418,2,7200,1.08133971292
112380,112416,112422,36,6,16,216000,4.2
112385,112397,112855,12,458,2,7200,1.02620087336
112387,112403,112915,16,512,2,7200,1.03125
112394,112409,112786,15,377,2,7200,1.03978779841
112401,112438,112927,37,489,2,7200,1.07566462168
112408,112444,112953,36,509,2,7200,1.07072691552
112418,112433,113555,15,1122,16,216000,1.01336898396
112435,112489,112990,54,501,2,7200,1.10778443114
112442,112520,113001,78,481,2,7200,1.16216216216
112467,113567,113573,1100,6,16,216000,110.6
112486,112533,112964,47,431,2,7200,1.1090487239
112491,113586,113588,1095,2,16,216000,109.7
112518,112616,113116,98,500,2,7200,1.196
112530,112628,113118,98,490,2,7200,1.2
112615,112634,113038,19,404,2,7200,1.04702970297
112627,112640,113159,13,519,2,7200,1.02504816956
112634,112654,113164,20,510,2,7200,1.03921568627
112641,112661,113106,20,445,2,7200,1.04494382022
112653,112666,113175,13,509,2,7200,1.02554027505
112660,112716,113216,56,500,2,7200,1.112
112667,112730,113240,63,510,2,7200,1.12352941176
112714,112739,113202,25,463,2,7200,1.05399568035
112727,112797,113336,70,539,2,7200,1.12987012987
112739,112804,113357,65,553,2,7200,1.11754068716
112798,112810,113193,12,383,2,7200,1.03133159269
112799,112822,113273,23,451,2,7200,1.05099778271
112806,112864,113386,58,522,2,7200,1.11111111111
112818,112871,113364,53,493,2,7200,1.10750507099
112862,112877,113368,15,491,2,7200,1.03054989817
112869,112885,113373,16,488,2,7200,1.03278688525
112885,112903,113407,18,504,2,7200,1.03571428571
112887,112909,113434,22,525,2,7200,1.0419047619
112899,112927,113461,28,534,2,7200,1.05243445693
112906,112938,113418,32,480,2,7200,1.06666666667
112923,112964,113451,41,487,2,7200,1.0841889117
112935,112976,113510,41,534,2,7200,1.07677902622
112963,113001,113556,38,555,2,7200,1.06846846847
112975,113012,113490,37,478,2,7200,1.07740585774
112998,113049,113554,51,505,2,7200,1.10099009901
113010,113117,113639,107,522,2,7200,1.20498084291
113047,113127,113597,80,470,2,7200,1.17021276596
113117,113135,113518,18,383,2,7200,1.04699738903
113124,113171,113698,47,527,2,7200,1.08918406072
113131,113178,113678,47,500,2,7200,1.094
113169,113186,113719,17,533,2,7200,1.03189493433
113176,113205,113698,29,493,2,7200,1.05882352941
113183,113213,113728,30,515,2,7200,1.05825242718
113200,113228,113719,28,491,2,7200,1.05702647658
113212,113252,113723,40,471,2,7200,1.08492569002
113229,113284,113776,55,492,2,7200,1.11178861789
113251,113348,113857,97,509,2,7200,1.1905697446
113284,113368,113871,84,503,2,7200,1.16699801193
113344,113376,113909,32,533,2,7200,1.06003752345
113366,113382,113895,16,513,2,7200,1.03118908382
113373,113389,113897,16,508,2,7200,1.03149606299
113380,113397,113932,17,535,2,7200,1.03177570093
113387,113420,113943,33,523,2,7200,1.06309751434
113393,113430,113920,37,490,2,7200,1.07551020408
113421,113446,113977,25,531,2,7200,1.04708097928
113428,113463,113948,35,485,2,7200,1.07216494845
113445,113474,113984,29,510,2,7200,1.0568627451
113463,113502,114033,39,531,2,7200,1.07344632768
113469,113522,114035,53,513,2,7200,1.10331384016
113497,113529,113530,32,1,2,7200,3.3
113520,113542,114037,22,495,2,7200,1.04444444444
113527,113572,114033,45,461,2,7200,1.09761388286
113539,113579,114117,40,538,2,7200,1.07434944238
113572,113610,114060,38,450,2,7200,1.08444444444
113588,113617,114140,29,523,2,7200,1.05544933078
113611,113651,114138,40,487,2,7200,1.08213552361
113613,113662,114146,49,484,2,7200,1.10123966942
113651,113668,114166,17,498,2,7200,1.03413654618
113658,113674,114154,16,480,2,7200,1.03333333333
113665,113680,114190,15,510,2,7200,1.02941176471
113672,113686,114187,14,501,2,7200,1.02794411178
113679,113692,114214,13,522,2,7200,1.02490421456
113695,113701,114203,6,502,2,7200,1.01195219124
113696,113708,114243,12,535,2,7200,1.02242990654
113699,113713,114198,14,485,2,7200,1.02886597938
113715,113722,114210,7,488,2,7200,1.0143442623
113717,113729,114229,12,500,2,7200,1.024
113733,113739,114172,6,433,2,7200,1.01385681293
113734,113746,114240,12,494,2,7200,1.02429149798
113736,113751,114283,15,532,2,7200,1.02819548872
113743,113758,114270,15,512,2,7200,1.029296875
113777,113787,114281,10,494,2,7200,1.02024291498
113859,113869,114374,10,505,2,7200,1.0198019802
113875,113883,114384,8,501,2,7200,1.01596806387
113899,113906,114234,7,328,2,7200,1.02134146341
113901,113914,114409,13,495,2,7200,1.02626262626
113917,113923,114454,6,531,2,7200,1.01129943503
113932,113939,114475,7,536,2,7200,1.01305970149
113948,113954,114367,6,413,2,7200,1.01452784504
113950,113961,114477,11,516,2,7200,1.02131782946
113952,113966,114467,14,501,2,7200,1.02794411178
113980,113989,114483,9,494,2,7200,1.01821862348
113995,114001,114508,6,507,2,7200,1.01183431953
114035,114045,114529,10,484,2,7200,1.02066115702
114037,114050,114546,13,496,2,7200,1.02620967742
114053,114060,114599,7,539,2,7200,1.01298701299
114055,114066,114525,11,459,2,7200,1.02396514161
114070,114077,114580,7,503,2,7200,1.01391650099
114119,114129,114632,10,503,2,7200,1.01988071571
114141,114149,114673,8,524,2,7200,1.01526717557
114143,114156,114650,13,494,2,7200,1.02631578947
114159,114166,114709,7,543,2,7200,1.01289134438
114161,114172,114680,11,508,2,7200,1.02165354331
114176,114184,114698,8,514,2,7200,1.01556420233
114178,114190,114695,12,505,2,7200,1.02376237624
114194,114200,114687,6,487,2,7200,1.01232032854
114196,114207,114680,11,473,2,7200,1.02325581395
114212,114218,114725,6,507,2,7200,1.01183431953
114214,114226,114725,12,499,2,7200,1.02404809619
114215,114231,114685,16,454,2,7200,1.03524229075
114231,114237,114772,6,535,2,7200,1.01121495327
114233,114244,114732,11,488,2,7200,1.02254098361
114249,114255,114781,6,526,2,7200,1.01140684411
114250,114262,114768,12,506,2,7200,1.02371541502
114252,114267,114783,15,516,2,7200,1.02906976744
114274,114282,114730,8,448,2,7200,1.01785714286
114290,114296,114755,6,459,2,7200,1.01307189542
114291,114302,114784,11,482,2,7200,1.02282157676
114371,114383,114860,12,477,2,7200,1.0251572327
114387,114393,114893,6,500,2,7200,1.012
114389,114400,114903,11,503,2,7200,1.02186878728
114413,114419,114900,6,481,2,7200,1.01247401247
114456,114463,114944,7,481,2,7200,1.01455301455
114472,114478,115019,6,541,2,7200,1.01109057301
114488,114494,114975,6,481,2,7200,1.01247401247
114489,114500,115006,11,506,2,7200,1.02173913043
114491,114506,114999,15,493,2,7200,1.03042596349
114510,114517,115010,7,493,2,7200,1.01419878296
114529,114535,115032,6,497,2,7200,1.01207243461
114530,114542,115071,12,529,2,7200,1.02268431002
114549,114555,115081,6,526,2,7200,1.01140684411
114583,114589,115109,6,520,2,7200,1.01153846154
114602,114609,115094,7,485,2,7200,1.01443298969
114636,114643,115159,7,516,2,7200,1.01356589147
114651,114658,115142,7,484,2,7200,1.01446280992
114676,114682,115139,6,457,2,7200,1.01312910284
114692,114698,115134,6,436,2,7200,1.01376146789
114694,114704,115239,10,535,2,7200,1.01869158879
114695,114710,115211,15,501,2,7200,1.02994011976
114702,114717,115165,15,448,2,7200,1.03348214286
114718,114724,115231,6,507,2,7200,1.01183431953
114720,114731,115247,11,516,2,7200,1.02131782946
114721,114737,115241,16,504,2,7200,1.03174603175
114737,114743,115256,6,513,2,7200,1.01169590643
114739,114750,115227,11,477,2,7200,1.02306079665
114740,114756,115219,16,463,2,7200,1.03455723542
114747,114762,115286,15,524,2,7200,1.0286259542
114764,114770,115269,6,499,2,7200,1.0120240481
114779,114785,115309,6,524,2,7200,1.01145038168
114781,114791,115274,10,483,2,7200,1.02070393375
114797,114803,115298,6,495,2,7200,1.01212121212
114799,114811,115333,12,522,2,7200,1.02298850575
114800,114816,115244,16,428,2,7200,1.03738317757
114861,114867,115315,6,448,2,7200,1.01339285714
114895,114901,115395,6,494,2,7200,1.01214574899
114911,114917,115401,6,484,2,7200,1.01239669421
114912,114923,115389,11,466,2,7200,1.02360515021
114946,114954,115417,8,463,2,7200,1.01727861771
114977,114983,115478,6,495,2,7200,1.01212121212
115002,115008,115510,6,502,2,7200,1.01195219124
115015,129978,129983,14963,5,32,28800,1496.8
115017,115024,115564,7,540,2,7200,1.01296296296
115019,115031,115541,12,510,2,7200,1.02352941176
115035,115041,115598,6,557,2,7200,1.01077199282
115037,115049,115528,12,479,2,7200,1.02505219207
115073,115079,115527,6,448,2,7200,1.01339285714
115089,115095,115608,6,513,2,7200,1.01169590643
115104,115111,115617,7,506,2,7200,1.01383399209
115120,115126,115640,6,514,2,7200,1.01167315175
115139,115145,115553,6,408,2,7200,1.01470588235
115154,115160,115657,6,497,2,7200,1.01207243461
115156,115167,115718,11,551,2,7200,1.01996370236
115171,115178,115663,7,485,2,7200,1.01443298969
115173,115184,115664,11,480,2,7200,1.02291666667
115213,115220,115764,7,544,2,7200,1.01286764706
115229,115235,115781,6,546,2,7200,1.01098901099
115231,115242,115249,11,7,16,216000,1.8
115231,115247,115760,16,513,2,7200,1.03118908382
115247,115254,115755,7,501,2,7200,1.01397205589
115249,115260,115778,11,518,2,7200,1.02123552124
115251,115266,115826,15,560,2,7200,1.02678571429
115258,115273,115764,15,491,2,7200,1.03054989817
115274,115281,115731,7,450,2,7200,1.01555555556
115275,115288,115792,13,504,2,7200,1.02579365079
115277,115293,115809,16,516,2,7200,1.03100775194
115282,116360,254297,1078,137937,16,216000,1.00781516199
115295,115302,115808,7,506,2,7200,1.01383399209
115297,115309,115814,12,505,2,7200,1.02376237624
115313,115320,115820,7,500,2,7200,1.014
115314,115326,115819,12,493,2,7200,1.02434077079
115330,115336,115782,6,446,2,7200,1.0134529148
115346,115353,115840,7,487,2,7200,1.01437371663
115391,115398,115948,7,550,2,7200,1.01272727273
115407,115413,115924,6,511,2,7200,1.01174168297
115409,115420,115944,11,524,2,7200,1.02099236641
115424,115431,115986,7,555,2,7200,1.01261261261
115434,116495,254292,1061,137797,16,216000,1.00769973221
115479,115486,115998,7,512,2,7200,1.013671875
115513,115519,116038,6,519,2,7200,1.01156069364
115526,116658,254287,1132,137629,16,216000,1.00822501072
115529,115536,116066,7,530,2,7200,1.01320754717
115531,115542,116028,11,486,2,7200,1.02263374486
115546,115552,116069,6,517,2,7200,1.01160541586
115562,115568,116113,6,545,2,7200,1.01100917431
115577,115584,116090,7,506,2,7200,1.01383399209
115602,115609,116083,7,474,2,7200,1.01476793249
115618,115624,116121,6,497,2,7200,1.01207243461
115620,115632,116169,12,537,2,7200,1.02234636872
115645,115652,116087,7,435,2,7200,1.01609195402
115660,115667,116203,7,536,2,7200,1.01305970149
115676,115682,116184,6,502,2,7200,1.01195219124
115678,115690,116152,12,462,2,7200,1.02597402597
115720,115727,116184,7,457,2,7200,1.01531728665
115736,115742,116283,6,541,2,7200,1.01109057301
115758,115764,116253,6,489,2,7200,1.01226993865
115774,115780,116325,6,545,2,7200,1.01100917431
115775,115786,116259,11,473,2,7200,1.02325581395
115777,115792,116300,15,508,2,7200,1.02952755906
115793,115800,116303,7,503,2,7200,1.01391650099
115795,115807,116224,12,417,2,7200,1.02877697842
115797,115812,116354,15,542,2,7200,1.02767527675
115804,115818,116309,14,491,2,7200,1.02851323829
115820,115827,116348,7,521,2,7200,1.01343570058
115822,115834,116353,12,519,2,7200,1.02312138728
115823,115839,116328,16,489,2,7200,1.0327198364
115830,115846,116346,16,500,2,7200,1.032
115837,115851,116345,14,494,2,7200,1.02834008097
115854,115860,116365,6,505,2,7200,1.01188118812
115856,115868,116387,12,519,2,7200,1.02312138728
115908,116786,121965,878,5179,16,14400,1.16953079745
115926,115932,116410,6,478,2,7200,1.01255230126
115945,115951,116439,6,488,2,7200,1.01229508197
115960,115967,116478,7,511,2,7200,1.01369863014
115988,115994,116478,6,484,2,7200,1.01239669421
116004,116010,116509,6,499,2,7200,1.0120240481
116032,116039,116549,7,510,2,7200,1.0137254902
116048,116055,116549,7,494,2,7200,1.01417004049
116069,116076,116551,7,475,2,7200,1.01473684211
116071,116083,116613,12,530,2,7200,1.02264150943
116087,116093,116578,6,485,2,7200,1.01237113402
116105,116112,116623,7,511,2,7200,1.01369863014
116107,116118,116621,11,503,2,7200,1.02186878728
116123,116129,116599,6,470,2,7200,1.01276595745
116125,116135,116646,10,511,2,7200,1.01956947162
116155,116162,116699,7,537,2,7200,1.01303538175
116172,116178,116737,6,559,2,7200,1.01073345259
116188,116195,116725,7,530,2,7200,1.01320754717
116189,116202,116688,13,486,2,7200,1.02674897119
116205,116211,116726,6,515,2,7200,1.01165048544
116227,116233,116773,6,540,2,7200,1.01111111111
116254,116262,116676,8,414,2,7200,1.0193236715
116270,116277,116803,7,526,2,7200,1.01330798479
116285,116292,116792,7,500,2,7200,1.014
116291,116298,128081,7,11783,5,16200,1.00059407621
116291,116304,128013,13,11709,5,16200,1.00111025707
116302,116310,129480,8,13170,5,16200,1.00060744115
116303,116316,126012,13,9696,5,16200,1.00134075908
116310,116323,116714,13,391,2,7200,1.03324808184
116322,116329,116872,7,543,2,7200,1.01289134438
116333,116339,129717,6,13378,5,16200,1.00044849753
116344,116399,127695,55,11296,5,16200,1.00486898017
116344,116350,128474,6,12124,5,16200,1.00049488618
116396,116489,127231,93,10742,5,16200,1.00865760566
116396,126023,134123,9627,8100,5,16200,2.18851851852
116550,127242,138877,10692,11635,5,16200,1.91895143962
116550,127706,136902,11156,9196,5,16200,2.21313614615
116597,116603,119398,6,2795,1,5400,1.00214669052
116597,116614,119935,17,3321,1,5400,1.00511894008
116597,116609,122025,12,5416,1,5400,1.00221565731
116597,116620,122043,23,5423,1,5400,1.00424119491
116598,119947,125383,3349,5436,1,5400,1.61607799853
116598,122040,124945,5442,2905,1,5400,2.87332185886
116598,119410,122527,2812,3117,1,5400,1.90214950273
116599,124958,130395,8359,5437,1,5400,2.53742872908
116599,122540,125352,5941,2812,1,5400,3.1127311522
116599,122055,127468,5456,5413,1,5400,2.00794383891
116600,125394,130828,8794,5434,1,5400,2.61832903938
116600,126677,127776,10077,1099,1,5400,10.169244768
116600,125364,126665,8764,1301,1,5400,7.73635664873
116601,127787,128785,11186,998,1,5400,12.2084168337
116601,127480,132286,10879,4806,1,5400,3.26362879734
116601,130407,134797,13806,4390,1,5400,4.14487471526
116602,130903,134746,14301,3843,1,5400,4.72131147541
116602,131775,132538,15173,763,1,5400,20.8859764089
116602,130839,131764,14237,925,1,5400,16.3913513514
116603,132299,135905,15696,3606,1,5400,5.35274542429
116603,133168,135993,16565,2825,1,5400,6.86371681416
116603,132550,133157,15947,607,1,5400,27.2718286656
116604,135917,136182,19313,265,1,5400,73.879245283
116604,135159,136004,18555,845,1,5400,22.9585798817
116604,134808,135147,18204,339,1,5400,54.6991150442
116604,136005,136646,19401,641,1,5400,31.2667706708
116746,116752,116755,6,3,1,480,1.0
116987,116993,117004,6,11,1,480,1.54545454545
117039,117046,117047,7,1,1,480,1.0
117191,117197,117697,6,500,1,480,1.012
117224,117231,117753,7,522,1,480,1.01340996169
117929,117936,117939,7,3,1,480,1.0
118001,118589,225241,588,106652,16,288000,1.00551325807
118051,118058,118060,7,2,1,480,1.0
118099,118106,118109,7,3,1,480,1.0
118140,118147,118161,7,14,1,480,1.5
118205,118211,118732,6,521,1,480,1.01151631478
118856,118863,119191,7,328,1,720,1.02134146341
119001,122507,129961,3506,7454,64,9000,1.47035148913
119381,119388,119733,7,345,1,720,1.02028985507
119764,129995,254286,10231,124291,16,133200,1.08231489006
119967,119974,120277,7,303,1,720,1.02310231023
120214,120934,121076,720,142,6,7200,6.07042253521
120297,120304,120587,7,283,1,720,1.02473498233
120602,120609,120914,7,305,1,720,1.02295081967
120838,169410,299019,48572,129609,25,129599,1.37475792576
120969,120976,121258,7,282,1,720,1.02482269504
121280,121286,121593,6,307,1,720,1.01954397394
121617,121624,121911,7,287,1,720,1.0243902439
122025,122033,122120,8,87,1,720,1.09195402299
122217,122223,122248,6,25,1,720,1.24
122300,122306,122318,6,12,1,720,1.5
123140,130000,130529,6860,529,16,32760,13.9678638941
123161,130540,131399,7379,859,16,32820,9.59022118743
123291,123297,123740,6,443,5,172800,1.01354401806
124933,235304,285434,110371,50130,25,86399,3.20169559146
125625,170983,178911,45358,7928,10,14400,6.72124117053
126151,126157,450197,6,324040,5,324000,1.00001851623
127135,127142,130887,7,3745,4,3600,1.00186915888
127170,129972,151591,2802,21619,32,21600,1.129608215
127239,128091,139650,852,11559,5,16200,1.07370879834
127416,128626,132253,1210,3627,4,3600,1.33360904329
127581,132264,258303,4683,126039,3,126000,1.03715516626
127707,128024,136647,317,8623,5,16200,1.03676214774
127791,145182,749993,17391,604811,3,604800,1.02875443734
127794,128797,145164,1003,16367,3,108000,1.06128184762
127949,130897,145171,2948,14274,3,108000,1.20652935407
128025,128485,136289,460,7804,5,16200,1.05894413121
128089,129491,141364,1402,11873,5,16200,1.11808304557
128489,129729,138563,1240,8834,5,16200,1.14036676477
128721,138888,226297,10167,87409,5,172800,1.11631525358
129484,133610,136818,4126,3208,2,7200,2.286159601
129727,134134,143275,4407,9141,5,16200,1.48211355432
129767,131411,167420,1644,36009,16,36000,1.04565525285
130649,169165,169173,38516,8,10,600,3852.4
131527,151604,169025,20077,17421,32,28800,2.1524596751
133970,169171,169393,35201,222,8,3600,159.563063063
134043,169176,169398,35133,222,8,3600,159.256756757
134099,169181,169402,35082,221,8,3600,159.742081448
134136,136300,144898,2164,8598,5,16200,1.25168643871
134161,178923,179145,44762,222,8,3600,202.630630631
134368,134757,138473,389,3716,1,3600,1.10468245425
134492,179157,182599,44665,3442,8,3600,13.9764671702
134935,136223,150529,1288,14306,2,28800,1.09003215434
135295,136997,151425,1702,14428,2,14400,1.11796506792
135604,137002,155022,1398,18020,2,18000,1.07758046615
135830,136830,152447,1000,15617,2,28800,1.06403278479
135946,136193,136212,247,19,2,600,14.0
136241,174240,192286,37999,18046,2,18000,3.10567438768
136301,136658,148700,357,12042,5,16200,1.02964623817
136415,176196,194236,39781,18040,2,18000,3.20515521064
136556,178928,196952,42372,18024,2,18000,3.35086551265
136660,136913,146203,253,9290,5,16200,1.0272335845
136844,182611,183498,45767,887,8,7200,52.5975197294
136902,179378,197412,42476,18034,2,18000,3.35532882333
136916,138574,147589,1658,9015,5,16200,1.18391569606
138475,138483,142182,8,3699,1,3600,1.00216274669
138717,150541,179366,11824,28825,2,28800,1.41019947962
140238,183510,184041,43272,531,8,3600,82.4915254237
140313,140319,151227,6,10908,5,16200,1.00055005501
140313,141375,148837,1062,7462,5,16200,1.14232109354
140314,143286,152408,2972,9122,5,16200,1.32580574435
140695,142192,174228,1497,32036,1,72000,1.04672868023
140983,168646,174138,27663,5492,1,7200,6.03696285506
140983,171861,178024,30878,6163,1,7200,6.01022229434
140983,168621,170972,27638,2351,1,7200,12.7558485751
140983,169385,172099,28402,2714,1,7200,11.4649963154
140984,172111,177948,31127,5837,1,7200,6.33270515676
140984,171970,174606,30986,2636,1,7200,12.7549317147
140984,176518,178749,35534,2231,1,7200,16.9273868221
140984,174618,179826,33634,5208,1,7200,7.45814132104
140984,174151,176506,33167,2355,1,7200,15.0836518047
140985,178762,183382,37777,4620,1,7200,9.17683982684
140985,178037,179196,37052,1159,1,7200,32.9689387403
140985,179208,180112,38223,904,1,7200,43.282079646
140985,179838,183627,38853,3789,1,7200,11.2541567696
140985,177960,183014,36975,5054,1,7200,8.31598733676
140986,181008,184456,40022,3448,1,7200,12.6073085847
140986,183042,183793,42056,751,1,7200,57.0
140986,183552,186707,42566,3155,1,7200,14.4916006339
140986,180124,180996,39138,872,1,7200,45.8830275229
140987,184137,187124,43150,2987,1,7200,15.4459323736
140987,184469,186676,43482,2207,1,7200,20.7018577254
140987,183640,184295,42653,655,1,7200,66.1190839695
140987,184307,184817,43320,510,1,7200,85.9411764706
140988,186232,186795,45244,563,1,7200,81.3623445826
140988,185961,186220,44973,259,1,7200,174.640926641
140988,185122,185942,44134,820,1,7200,54.8219512195
140988,184829,185109,43841,280,1,7200,157.575
141379,144909,156870,3530,11961,5,16200,1.2951258256
141380,148711,158503,7331,9792,5,16200,1.74867238562
142377,145175,230950,2798,85775,3,108000,1.03262022734
143929,168138,168179,24209,41,1,3540,591.463414634
144008,198089,198112,54081,23,3,72000,2352.34782609
144280,168143,168185,23863,42,1,3540,569.166666667
144357,168192,168228,23835,36,1,3540,663.083333333
144398,168199,168235,23801,36,1,3540,662.138888889
144438,168241,168325,23803,84,1,3540,284.369047619
144514,168248,168334,23734,86,1,3540,276.976744186
144556,168337,168419,23781,82,1,3540,291.012195122
144596,168346,168428,23750,82,1,3540,290.634146341
144610,168132,171851,23522,3719,1,3600,7.3248184996
144637,168431,168514,23794,83,1,3540,287.674698795
144677,168441,168523,23764,82,1,3540,290.804878049
144718,168472,168562,23754,90,1,3540,264.933333333
144808,168531,168566,23723,35,1,3540,678.8
144842,198123,253131,53281,55008,3,90000,1.96860456661
144909,146214,154891,1305,8677,5,16200,1.15039760286
145111,168538,168634,23427,96,1,3540,245.03125
145153,168574,168609,23421,35,1,3540,670.171428571
145768,151437,166810,5669,15373,2,28800,1.36876341638
146212,147601,159264,1389,11663,5,16200,1.11909457258
146289,167439,485179,21150,317740,4,604800,1.06656385724
146302,152460,176184,6158,23724,2,28800,1.25956836958
146357,244010,766954,97653,522944,6,604800,1.18673701199
147164,147427,154663,263,7236,32,7200,1.03634604754
147198,154675,161903,7477,7228,32,7200,2.03444936359
147208,161914,169153,14706,7239,32,7200,3.03149606299
147212,186440,193661,39228,7221,32,7200,6.43248857499
147216,204521,211763,57305,7242,32,7200,8.9128693731
147220,211775,219002,64555,7227,32,7200,9.93247543932
147224,219014,226247,71790,7233,32,7200,10.9253421817
147228,235312,242548,88084,7236,32,7200,13.17302377
147233,242561,249793,95328,7232,32,7200,14.1814159292
147598,148848,158449,1250,9601,5,16200,1.13019477138
147598,151239,158879,3641,7640,5,16200,1.47657068063
147725,167433,198834,19708,31401,16,32760,1.6276233241
148846,152419,164619,3573,12200,5,16200,1.29286885246
149804,184054,184329,34250,275,8,3600,125.545454545
149941,184341,188082,34400,3741,7,3600,10.1954022989
150068,155033,168460,4965,13427,2,28800,1.36977731437
150605,157356,171958,6751,14602,2,28800,1.46233392686
151236,156881,168975,5645,12094,5,16200,1.46676037705
151606,169037,186428,17431,17391,32,28800,2.00230004025
152415,154903,163095,2488,8192,5,16200,1.3037109375
153501,168581,169373,15080,792,1,18000,20.0404040404
154900,158460,168514,3560,10054,5,16200,1.3540879252
156880,159276,169681,2396,10405,5,16200,1.23027390678
158458,158514,165754,56,7240,5,16200,1.00773480663
158520,158891,166348,371,7457,5,16200,1.04975191096
158520,164630,176125,6110,11495,5,16200,1.5315354502
159276,163107,170796,3831,7689,5,16200,1.49824424503
163108,165765,178484,2657,12719,5,16200,1.20890007076
164631,166360,176858,1729,10498,5,16200,1.16469803772
165766,168987,180494,3221,11507,5,16200,1.27991657252
166360,168525,176901,2165,8376,5,16200,1.25847659981
168525,169692,180049,1167,10357,5,16200,1.11267741624
168987,170807,182824,1820,12017,5,16200,1.15145210951
169038,204526,221950,35488,17424,32,28800,3.03673094582
169429,198845,201834,29416,2989,64,9000,10.8414185346
169693,176136,184651,6443,8515,5,16200,1.75666470934
169775,186718,198077,16943,11359,2,14400,2.49159256977
169811,192298,200466,22487,8168,2,18000,3.75306072478
170712,170718,170719,6,1,1,240,1.0
170807,178495,185930,7688,7435,5,16200,2.03402824479
174605,186688,187413,12083,725,1,7200,17.6662068966
176133,176869,188089,736,11220,5,16200,1.06559714795
176133,176913,184583,780,7670,5,16200,1.10169491525
176910,180505,189448,3595,8943,5,16200,1.40199038354
178494,180061,191181,1567,11120,5,16200,1.14091726619
180057,182835,191666,2778,8831,5,16200,1.31457366097
180503,184594,195884,4091,11290,5,16200,1.36235606732
181449,183025,183032,1576,7,1,3600,158.3
182835,184662,195959,1827,11297,5,16200,1.1617243516
183139,183394,183542,255,148,1,3600,2.72297297297
183670,183805,184127,135,322,1,3600,1.41925465839
184362,184369,184992,7,623,1,3600,1.01123595506
184592,188100,196345,3508,8245,5,16200,1.42546998181
184657,185941,197619,1284,11678,5,16200,1.10995033396
185036,185044,185052,8,8,1,1800,1.6
185199,185207,185299,8,92,1,1800,1.08695652174
185378,185385,185501,7,116,1,3600,1.06034482759
185505,185511,185612,6,101,1,1800,1.05940594059
185522,185622,185629,100,7,1,3600,10.7
185630,185640,186199,10,559,1,3600,1.01788908766
185740,185954,186100,214,146,1,3600,2.46575342466
185940,191193,199854,5253,8661,5,16200,1.60651195012
186231,186238,186603,7,365,1,3600,1.01917808219
186238,186245,186630,7,385,1,1800,1.01818181818
186428,186613,188556,185,1943,1,3600,1.09521358724
186909,186915,188469,6,1554,1,3600,1.00386100386
187434,187440,187447,6,7,1,1800,1.3
188078,188085,188127,7,42,1,1800,1.16666666667
188104,191678,202411,3574,10733,5,16200,1.33299170782
188104,189460,200290,1356,10830,5,16200,1.12520775623
188765,188771,188864,6,93,1,1800,1.06451612903
189484,189490,189608,6,118,1,3600,1.05084745763
189636,189642,189850,6,208,1,1800,1.02884615385
189731,189737,189983,6,246,1,3600,1.0243902439
190016,190023,191258,7,1235,1,3600,1.00566801619
190017,190028,192475,11,2447,1,3600,1.00449530037
190017,190034,191205,17,1171,1,3600,1.0145175064
190017,191217,191226,1200,9,1,3600,120.9
190017,190040,192385,23,2345,1,3600,1.00980810235
190018,191238,193343,1220,2105,1,3600,1.57957244656
190018,191270,191272,1252,2,1,3600,125.4
190018,191284,192997,1266,1713,1,3600,1.73905429072
190019,192397,192400,2378,3,1,3600,238.1
190019,192488,192492,2469,4,1,3600,247.3
190019,192503,193908,2484,1405,1,3600,2.76797153025
190019,192412,193941,2393,1529,1,3600,2.56507521256
190020,193009,193011,2989,2,1,3600,299.1
190020,193356,193359,3336,3,1,3600,333.9
190020,193023,194340,3003,1317,1,3600,3.28018223235
190021,193371,194385,3350,1014,1,3600,4.30374753452
190021,193920,193930,3899,10,1,3600,390.9
190021,193942,193947,3921,5,1,3600,392.6
190021,193953,193957,3932,4,1,3600,393.6
190022,193959,193963,3937,4,1,3600,394.1
190263,190271,190810,8,539,1,3600,1.01484230056
191189,195895,203011,4706,7116,5,16200,1.66132658797
191675,195971,207802,4296,11831,5,16200,1.36311385344
193052,193059,193144,7,85,1,1800,1.08235294118
193409,193416,193504,7,88,1,1800,1.07954545455
194091,194098,194468,7,370,1,1800,1.01891891892
195541,195549,195588,8,39,1,1800,1.20512820513
195811,195818,195894,7,76,1,1800,1.09210526316
195895,197631,206678,1736,9047,5,16200,1.19188681331
195970,196356,208458,386,12102,5,16200,1.03189555445
196354,200302,212823,3948,12521,5,16200,1.31531027873
196478,196485,196744,7,259,1,1800,1.02702702703
197627,199866,212152,2239,12286,5,16200,1.18223994791
199864,202422,215532,2558,13110,5,16200,1.19511823036
200272,222949,223265,22677,316,4,1800,72.7626582278
200303,203022,216530,2719,13508,5,16200,1.20128812556
201857,202746,204507,889,1761,64,9000,1.50482680295
202421,206689,219419,4268,12730,5,16200,1.33527101335
203024,207814,216232,4790,8418,5,16200,1.5690187693
203300,203306,235807,6,32501,2,32400,1.0001846097
203339,235817,248687,32478,12870,2,18000,3.52354312354
203360,244032,259651,40672,15619,2,28800,3.60400793905
203465,244021,272828,40556,28807,2,28800,2.40785225813
203524,244026,272872,40502,28846,2,28800,2.40407682174
203587,244037,272841,40450,28804,2,28800,2.4043188446
203631,228118,229223,24487,1105,1,3600,23.1601809955
203631,226940,228106,23309,1166,1,3600,20.9905660377
203631,226945,229259,23314,2314,1,3600,11.0751944685
203631,226929,228173,23298,1244,1,3600,19.7282958199
203631,226934,229374,23303,2440,1,3600,10.5504098361
203632,229236,230149,25604,913,1,3600,29.0438116101
203632,228185,230290,24553,2105,1,3600,12.6641330166
203632,229271,230986,25639,1715,1,3600,15.9498542274
203632,229387,230220,25755,833,1,3600,31.9183673469
203633,230998,232320,27365,1322,1,3600,21.6996974281
203633,230161,231703,26528,1542,1,3600,18.2036316472
203633,230988,231703,27355,715,1,3600,39.2587412587
203633,230303,231736,26670,1433,1,3600,19.6113049546
203633,230231,230976,26598,745,1,3600,36.7020134228
203634,254298,255431,50664,1133,1,3600,45.7166813769
203634,254309,254954,50675,645,1,3600,79.5658914729
203634,254315,255067,50681,752,1,3600,68.3949468085
203634,254304,256709,50670,2405,1,3600,22.0686070686
203635,255001,255493,51366,492,1,3600,105.402439024
203635,255360,256407,51725,1047,1,3600,50.4030563515
203840,221961,222937,18121,976,8,1800,19.5665983607
204527,254322,272307,49795,17985,32,28800,3.76869613567
204564,225592,226879,21028,1287,16,32760,17.3387723388
204575,226258,235293,21683,9035,64,9000,3.39988931931
206690,208469,220395,1779,11926,5,16200,1.14916988093
207535,226903,241318,19368,14415,8,14400,2.34360041623
207812,212163,223202,4351,11039,5,16200,1.39414802065
208333,221967,224366,13634,2399,8,3600,6.68320133389
208469,212834,224972,4365,12138,5,16200,1.35961443401
208481,221977,225432,13496,3455,8,4200,4.90622286541
208516,221972,225579,13456,3607,8,3600,4.73052398115
208756,249811,253254,41055,3443,8,3600,12.9241940168
208905,245836,249279,36931,3443,8,3600,11.7264013941
208996,245842,249285,36846,3443,8,3600,11.7017136218
209670,235318,271352,25648,36034,16,36000,1.71177221513
210617,249816,254167,39199,4351,8,7200,10.0091932889
211304,226892,240981,15588,14089,1,14400,2.10639505998
212159,215544,223818,3385,8274,5,16200,1.40911288373
212830,216541,224408,3711,7867,5,16200,1.47171730011
213587,226897,227741,13310,844,1,7200,16.7701421801
214574,241331,243038,26757,1707,2,10800,16.6748681898
215418,243050,250406,27632,7356,2,10800,4.75638934203
215480,254351,290563,38871,36212,4,86400,2.07342869767
215548,219430,227216,3882,7786,5,16200,1.49858720781
215548,216243,225029,695,8786,5,16200,1.0791031186
215891,246423,250368,30532,3945,2,14400,8.73941698352
216183,248700,252621,32517,3921,2,14400,9.29303749044
216539,220407,231643,3868,11236,5,16200,1.344250623
219427,223213,231768,3786,8555,5,16200,1.44254821742
220060,223830,223834,3770,4,5,172800,377.4
220060,223846,223850,3786,4,5,172800,379.0
220060,223862,223866,3802,4,5,172800,380.6
220061,223894,223898,3833,4,5,172800,383.7
220061,223878,223882,3817,4,5,172800,382.1
221090,244043,246411,22953,2368,2,10800,10.6929898649
221955,249827,299534,27872,49707,3,72000,1.5607258535
223892,223909,233091,17,9182,5,16200,1.00185144849
223905,224420,235851,515,11431,5,16200,1.04505292625
223921,249822,250185,25901,363,8,3600,72.3526170799
224062,253266,253629,29204,363,8,3600,81.4517906336
224418,224983,233208,565,8225,5,16200,1.06869300912
224528,224534,225009,6,475,4,1200,1.01263157895
224980,225040,233159,60,8119,5,16200,1.00739007267
225040,226308,236017,1268,9709,5,16200,1.13060047379
225155,225161,225165,6,4,6,900,1.0
225479,250385,254094,24906,3709,8,14400,7.71501752494
225505,250391,254099,24886,3708,8,14400,7.71143473571
225526,254107,257812,28581,3705,8,14400,8.71417004049
225968,254112,258714,28144,4602,8,5400,7.11560191221
226278,231655,239262,5377,7607,5,16200,1.70684895491
226278,227228,235678,950,8450,5,16200,1.1124260355
226290,231780,231784,5490,4,5,172800,549.4
226290,231796,231800,5506,4,5,172800,551.0
226291,231854,231859,5563,5,5,172800,556.8
226291,231828,231842,5537,14,5,172800,396.5
226291,231812,231816,5521,4,5,172800,552.5
226292,249806,249811,23514,5,5,172800,2351.9
226313,226908,226912,595,4,6,900,59.9
226494,226924,230547,430,3623,2,3600,1.11868617168
228046,230963,234697,2917,3734,4,3600,1.78119978575
228319,228325,231065,6,2740,1,3600,1.00218978102
229189,254356,257712,25167,3356,2,53400,8.49910607867
230289,254119,257741,23830,3622,4,3600,7.57923799006
231370,231376,242575,6,11199,1,18000,1.00053576212
231497,252682,254988,21185,2306,1,7200,10.1869037294
231497,252687,257758,21190,5071,1,7200,5.1786629856
231497,245058,250373,13561,5315,1,7200,3.55145813735
231497,242700,245045,11203,2345,1,7200,5.77739872068
231498,254124,258869,22626,4745,1,7200,5.76838777661
231498,254129,256011,22631,1882,1,7200,13.0249734325
231498,253148,255347,21650,2199,1,7200,10.8453842656
231498,254135,258095,22637,3960,1,7200,6.71641414141
231499,254179,257714,22680,3535,1,7200,7.41584158416
231499,254184,255717,22685,1533,1,7200,15.7977821265
231499,254140,255817,22641,1677,1,7200,14.5008944544
231500,254200,257091,22700,2891,1,7200,8.85195434106
231500,254206,254759,22706,553,1,7200,42.0596745027
231500,254189,257450,22689,3261,1,7200,7.95768169273
231500,254195,255568,22695,1373,1,7200,17.5294974508
231501,254211,255516,22710,1305,1,7200,18.4022988506
231501,254217,254523,22716,306,1,7200,75.2352941176
231501,254333,255729,22832,1396,1,7200,17.3553008596
231502,254344,255420,22842,1076,1,7200,22.2286245353
231502,254339,254852,22837,513,1,7200,45.5165692008
231853,231870,241819,17,9949,5,16200,1.00170871444
231869,233102,242671,1233,9569,5,16200,1.12885358972
232186,244016,245824,11830,1808,16,32760,7.54314159292
232754,250418,253212,17664,2794,2,10800,7.32211882606
233102,233170,242004,68,8834,5,16200,1.00769753226
233167,233220,244331,53,11111,5,16200,1.0047700477
233219,235689,247613,2470,11924,5,16200,1.20714525327
233323,253143,263981,19820,10838,2,10800,2.82875069201
233917,253224,262557,19307,9333,2,10800,3.06868102432
234403,252633,252670,18230,37,2,3600,493.702702703
235121,240993,241063,5872,70,1,1800,84.8857142857
235692,235863,243788,171,7925,5,16200,1.02157728707
235866,236028,248216,162,12188,5,16200,1.01329176239
236030,239273,248384,3243,9111,5,16200,1.35594336516
239272,241830,252630,2558,10800,5,16200,1.23685185185
241829,242015,250436,186,8421,5,16200,1.02208763805
242014,242682,253404,668,10722,5,16200,1.06230180936
242047,242587,242688,540,101,1,3540,6.34653465347
242678,243799,252272,1121,8473,5,16200,1.13230260829
243798,244344,256093,546,11749,5,16200,1.04647204017
244341,247624,256935,3283,9311,5,16200,1.35259370637
245653,254328,254341,8675,13,4,36000,668.307692308
246412,249834,249841,3422,7,2,3540,342.9
247622,248229,255603,607,7374,5,16200,1.08231624627
248045,249298,282090,1253,32792,16,32760,1.03821053916
248225,248396,263015,171,14619,5,16200,1.01169710651
248395,252285,260951,3890,8666,5,16200,1.44888068313
249808,250448,259329,640,8881,5,16200,1.07206395676
250452,252642,265215,2190,12573,5,16200,1.17418277261
252285,253417,264548,1132,11131,5,16200,1.10169796065
252644,255614,267562,2970,11948,5,16200,1.24857716773
253421,256104,263949,2683,7845,5,16200,1.3420012747
254328,272490,272491,18162,1,32,28800,1816.3
254683,254689,513890,6,259201,16,259200,1.00002314806
254738,254744,254749,6,5,4,600,1.1
254751,254757,513975,6,259218,16,259200,1.00002314654
254829,255828,515073,999,259245,16,259200,1.00385349766
254869,257825,517048,2956,259223,16,259200,1.01140330912
254901,254908,254915,7,7,4,600,1.4
254948,272423,531632,17475,259209,16,259200,1.06741664063
255615,256947,264825,1332,7878,5,16200,1.16907844631
256106,263026,274032,6920,11006,5,16200,1.62874795566
256858,257103,257105,245,2,4,600,24.7
256943,259351,272881,2408,13530,5,16200,1.17797487066
257039,257046,257047,7,1,1,240,1.0
257454,257460,257462,6,2,4,600,1.0
257519,257526,257529,7,3,4,600,1.0
257522,258118,259795,596,1677,6,3600,1.35539654144
257790,257830,257833,40,3,4,600,4.3
258036,258043,258046,7,3,4,600,1.0
258105,258726,259057,621,331,8,3600,2.87613293051
258110,272319,272364,14209,45,64,1800,316.755555556
258190,259068,259399,878,331,8,3600,3.65256797583
258473,259412,263024,939,3612,5,3600,1.25996677741
258788,272375,272409,13587,34,64,1800,400.617647059
259352,260962,271462,1610,10500,5,16200,1.15333333333
260959,263961,273832,3002,9871,5,16200,1.30412318914
261541,261547,262697,6,1150,1,7200,1.0052173913
261541,261553,263965,12,2412,1,7200,1.00497512438
261541,261558,262218,17,660,1,7200,1.02575757576
261542,261565,262968,23,1403,1,7200,1.01639344262
261542,261575,262649,33,1074,1,7200,1.03072625698
261542,261570,262077,28,507,1,7200,1.05522682446
263022,264837,277998,1815,13161,5,16200,1.13790745384
263961,264559,273563,598,9004,5,16200,1.0664149267
264144,272324,303789,8180,31465,4,36000,1.25997139679
264558,265227,277269,669,12042,5,16200,1.05555555556
264835,267573,277489,2738,9916,5,16200,1.27611940299
265224,272893,283198,7669,10305,5,16200,1.74420184377
266621,266633,280521,12,13888,1,14400,1.0008640553
266621,266638,273435,17,6797,1,14400,1.00250110343
266621,266627,272155,6,5528,1,14400,1.0010853835
266622,266650,273321,28,6671,1,14400,1.00419727177
266622,266645,281089,23,14444,1,14400,1.00159235669
266622,266655,281070,33,14415,1,14400,1.002289282
266622,266661,272697,39,6036,1,14400,1.0064612326
266623,266677,280171,54,13494,1,14400,1.00400177857
266623,266672,272403,49,5731,1,14400,1.00854999128
266623,266666,280462,43,13796,1,14400,1.00311684546
266624,266688,279167,64,12479,1,14400,1.00512861608
266624,266682,272202,58,5520,1,14400,1.01050724638
266624,266693,271307,69,4614,1,14400,1.01495448635
266624,266698,276938,74,10240,1,14400,1.0072265625
266625,266709,275719,84,9010,1,14400,1.00932297447
266625,266720,274977,95,8257,1,14400,1.01150538937
266625,266704,270886,79,4182,1,14400,1.01889048302
266625,266715,270478,90,3763,1,14400,1.02391708743
266626,266731,274033,105,7302,1,14400,1.01437962202
266626,266741,272771,115,6030,1,14400,1.01907131012
266626,266736,269310,110,2574,1,14400,1.04273504274
266626,266725,270105,99,3380,1,14400,1.02928994083
266627,266752,270099,125,3347,1,14400,1.0373468778
266627,266757,267814,130,1057,1,14400,1.12298959319
266627,266747,268122,120,1375,1,14400,1.08727272727
266628,266763,269215,135,2452,1,14400,1.05505709625
267575,271473,279976,3898,8503,5,16200,1.45842643773
267861,267870,271477,9,3607,1,3600,1.00249514832
269795,269803,273744,8,3941,2,14400,1.00202994164
271471,274043,284470,2572,10427,5,16200,1.24666730603
271523,271529,271538,6,9,1,1800,1.5
271585,271591,271737,6,146,1,3600,1.04109589041
271709,271716,271796,7,80,1,1800,1.0875
271790,271797,271916,7,119,1,3600,1.05882352941
271871,271878,272298,7,420,1,3600,1.01666666667
272045,272051,272697,6,646,1,3600,1.0092879257
272109,272116,272216,7,100,1,1800,1.07
272542,272548,273193,6,645,1,3600,1.00930232558
272794,272800,273183,6,383,1,1800,1.01566579634
272892,273844,287000,952,13156,5,16200,1.07236242019
272893,273574,282716,681,9142,5,16200,1.07449135856
272930,272936,273712,6,776,1,3600,1.00773195876
273157,273163,273166,6,3,1,36000,1.0
273743,273749,277355,6,3606,1,3600,1.00166389351
273841,278009,290042,4168,12033,5,16200,1.34638078617
273880,273886,273893,6,7,1,1800,1.3
274043,274050,274092,7,42,1,1800,1.16666666667
274046,277280,288190,3234,10910,5,16200,1.29642529789
274493,274500,274579,7,79,1,1800,1.08860759494
274641,274647,274763,6,116,1,3600,1.05172413793
274889,274896,275261,7,365,1,3600,1.01917808219
275207,275213,275471,6,258,1,1800,1.02325581395
275548,275555,276025,7,470,1,3600,1.01489361702
276563,276570,279655,7,3085,1,14400,1.00226904376
277277,277500,286768,223,9268,5,16200,1.02406128615
277465,277471,277558,6,87,1,3600,1.06896551724
277502,279988,291669,2486,11681,5,16200,1.2128242445
277690,277696,278214,6,518,1,3600,1.01158301158
278013,283209,291388,5196,8179,5,16200,1.63528548722
278013,282727,289718,4714,6991,5,16200,1.67429552282
278516,278522,279481,6,959,1,3600,1.00625651721
279103,279109,279662,6,553,1,3600,1.01084990958
279204,279211,279292,7,81,1,1800,1.08641975309
279463,279469,279476,6,7,2,600,1.3
279521,279527,279627,6,100,1,1800,1.06
279673,279679,280261,6,582,64,1800,1.01030927835
280101,280107,280481,6,374,1,1800,1.01604278075
280485,280491,281170,6,679,64,1800,1.0088365243
281487,281494,282078,7,584,64,1800,1.01198630137
281572,281578,281621,6,43,1,1800,1.13953488372
281849,281855,281929,6,74,1,1800,1.08108108108
282138,282145,282731,7,586,64,1800,1.01194539249
282551,282557,282810,6,253,1,1800,1.02371541502
282723,286779,298122,4056,11343,5,16200,1.35757736049
282724,284481,293170,1757,8689,5,16200,1.20220969041
282897,282903,283064,6,161,64,1800,1.03726708075
283154,283160,283163,6,3,1,36000,1.0
283189,283195,283197,6,2,1,36000,1.0
283326,283332,284010,6,678,64,1800,1.00884955752
283960,283966,413590,6,129624,25,129599,1.00004628772
284201,284207,284789,6,582,64,1800,1.01030927835
284478,287011,297552,2533,10541,5,16200,1.2402997818
284978,284984,285656,6,672,64,1800,1.00892857143
285943,285949,286118,6,169,64,1800,1.03550295858
286227,286233,293821,6,7588,2,32400,1.00079072219
286227,286239,307938,12,21699,1,32400,1.00055302088
286228,286251,287295,23,1044,4,32400,1.02203065134
286228,286245,287288,17,1043,8,32400,1.0162991371
286456,286462,287427,6,965,1,32400,1.00621761658
286456,286467,306507,11,20040,1,32400,1.0005489022
286456,286490,286636,34,146,2,32400,1.23287671233
286456,286473,308322,17,21849,1,32400,1.00077806765
286457,286485,286618,28,133,4,32400,1.21052631579
286457,286479,287364,22,885,8,32400,1.02485875706
286776,288201,297380,1425,9179,5,16200,1.15524566946
287011,289729,298501,2718,8772,5,16200,1.3098495212
287046,287052,287109,6,57,16,144000,1.10526315789
287684,287690,295746,6,8056,1,14400,1.00074478649
287684,287696,295126,12,7430,1,14400,1.00161507402
287966,287972,287974,6,2,64,1800,1.0
288014,288020,288021,6,1,64,1800,1.0
288054,288060,288291,6,231,64,1800,1.02597402597
288199,290053,299782,1854,9729,5,16200,1.19056429232
288462,288468,390115,6,101647,5,172800,1.00005902781
288463,288480,391108,17,102628,5,172800,1.0001656468
288463,288486,390635,23,102149,5,172800,1.00022516128
288463,288474,389603,11,101129,5,172800,1.00010877196
288464,288496,390593,32,102097,5,172800,1.00031342743
288464,288491,391558,27,103067,5,172800,1.00026196552
288662,290575,290957,1913,382,64,1800,6.00785340314
289328,289334,295436,6,6102,4,32400,1.00098328417
289733,291680,302816,1947,11136,5,16200,1.17483836207
290050,291399,299076,1349,7677,5,16200,1.17571968217
290677,290972,291028,295,56,16,144000,6.26785714286
290711,290977,291006,266,29,6,3600,10.1724137931
290856,290983,313526,127,22543,4,108000,1.00563367786
290952,290988,291570,36,582,4,108000,1.0618556701
291007,291014,291572,7,558,4,108000,1.01254480287
291022,291028,295844,6,4816,6,7200,1.00124584718
291331,291338,292421,7,1083,8,3600,1.00646352724
291398,293182,301233,1784,8051,5,16200,1.22158738045
291684,297391,305855,5707,8464,5,16200,1.67426748582
291815,291821,327991,6,36170,4,108000,1.00016588333
291862,291868,338337,6,46469,4,108000,1.00012911834
293178,298133,310456,4955,12323,5,16200,1.40209364603
293972,293979,297447,7,3468,2,43200,1.00201845444
294068,299031,299910,4963,879,64,1800,6.64618885097
294139,294146,299657,7,5511,2,43200,1.0012701869
294283,294289,294305,6,16,16,360,1.375
294428,294434,294447,6,13,16,360,1.46153846154
294882,300010,345510,5128,45500,25,86399,1.1127032967
294921,294928,294941,7,13,16,360,1.53846153846
294939,299924,328763,4985,28839,32,28800,1.17285620167
295144,295151,296101,7,950,3,1200,1.00736842105
295166,295444,439482,278,144038,16,144000,1.00193004624
295568,299929,299962,4361,33,32,28800,133.151515152
295910,295917,295935,7,18,16,360,1.38888888889
296718,296726,299033,8,2307,1,14400,1.00346770698
296815,369503,729534,72688,360031,6,360000,1.20189372582
296840,299669,301557,2829,1888,8,5400,2.49841101695
297178,297459,316070,281,18611,1,604800,1.0150985976
297209,299044,330169,1835,31125,1,604800,1.05895582329
297275,297281,297328,6,47,1,1800,1.12765957447
297387,297563,308049,176,10486,5,16200,1.01678428381
297473,297480,297707,7,227,1,600,1.03083700441
297560,298512,307058,952,8546,5,16200,1.11139714486
297564,297570,299001,6,1431,1,7200,1.00419287212
297738,413601,543246,115863,129645,25,129599,1.8936943191
297796,299071,299079,1275,8,3,36000,128.3
297935,297943,297948,8,5,4,600,1.3
298136,299793,312554,1657,12761,5,16200,1.12984875793
298514,299088,307677,574,8589,5,16200,1.06682966585
298714,299975,389547,1261,89572,4,504000,1.01407806011
299065,299077,299324,12,247,1,3600,1.04858299595
299086,302827,314877,3741,12050,5,16200,1.31045643154
299378,299385,303035,7,3650,1,3600,1.00191780822
299442,422916,469676,123474,46760,16,129600,3.64059024808
299790,301245,310410,1455,9165,5,16200,1.15875613748
300004,303801,309960,3797,6159,1,14400,1.61649618445
300005,305209,312465,5204,7256,1,14400,1.71719955899
300005,305215,319626,5210,14411,1,14400,1.36152938727
300005,305199,312655,5194,7456,1,14400,1.69662017167
300005,305193,319630,5188,14437,1,14400,1.35935443652
300005,305204,319635,5199,14431,1,14400,1.36026609383
300006,305225,319675,5219,14450,1,14400,1.36117647059
300006,305231,311629,5225,6398,1,14400,1.81666145671
300006,305220,311814,5214,6594,1,14400,1.7907188353
300006,307375,313443,7369,6068,1,14400,2.21440342782
300006,306520,320946,6514,14426,1,14400,1.45154582005
300007,308334,319640,8327,11306,1,14400,1.73651158677
300007,311826,316403,11819,4577,1,14400,3.5822591217
300007,312477,322690,12470,10213,1,14400,2.22099285225
300007,307951,312891,7944,4940,1,14400,2.60809716599
300007,312552,316618,12545,4066,1,14400,4.08534185932
300007,307382,321073,7375,13691,1,14400,1.538675042
300008,322701,324236,22693,1535,1,14400,15.783713355
300008,312667,321791,12659,9124,1,14400,2.38743971942
300008,321085,324013,21077,2928,1,14400,8.19842896175
300008,321803,328355,21795,6552,1,14400,4.32646520147
300008,312904,316522,12896,3618,1,14400,4.56440022112
300008,319784,328083,19776,8299,1,14400,3.38293770334
300009,324249,326935,24240,2686,1,14400,10.0245718541
300009,323070,326866,23061,3796,1,14400,7.07507903056
300009,324026,325178,24017,1152,1,14400,21.8480902778
300099,300105,300109,6,4,1,900,1.0
300106,345545,369485,45439,23940,32,28800,2.89803675856
300625,305172,313126,4547,7954,2,43200,1.57166205683
300640,300647,300650,7,3,1,900,1.0
300997,305177,331991,4180,26814,2,43200,1.15588871485
301033,305183,313274,4150,8091,2,43200,1.51291558522
301061,305188,307345,4127,2157,2,43200,2.91330551692
301245,305866,314593,4621,8727,5,16200,1.5295061304
302122,515147,707853,213025,192706,18,198000,2.10544041182
302173,515153,705307,212980,190154,18,198000,2.12003954689
302247,325854,387917,23607,62063,1,259200,1.38037155793
302338,326948,393375,24610,66427,1,259200,1.37048188237
302580,302586,305158,6,2572,2,3600,1.00233281493
302831,307069,319376,4238,12307,5,16200,1.34435687007
302832,307689,315477,4857,7788,5,16200,1.62365177196
305252,319654,319673,14402,19,16,36000,759.0
305335,332255,368287,26920,36032,3,36000,1.74711367673
305695,313287,315096,7592,1809,1,1800,5.19679380873
305798,307357,307358,1559,1,2,1800,156.0
306408,313538,313542,7130,4,4,600,713.4
306624,344843,347009,38219,2166,4,36000,18.6449676824
307069,308060,318976,991,10916,5,16200,1.09078417003
307681,347021,779074,39340,432053,20,432000,1.09105364388
307688,310421,324187,2733,13766,5,16200,1.19853261659
307697,369726,801776,62029,432050,20,432000,1.14356903136
307829,313138,314598,5309,1460,2,7200,4.63630136986
308056,310468,323730,2412,13262,5,16200,1.18187302066
309224,319686,346784,10462,27098,16,36000,1.38608015352
309229,332003,344826,22774,12823,16,36000,2.77602745067
309324,328786,339634,19462,10848,15,10800,2.79406342183
309362,309973,310548,611,575,1,82800,2.06260869565
309604,344849,370452,35245,25603,4,36000,2.3765964926
310109,310560,313370,451,2810,1,82800,1.16049822064
310420,312565,321125,2145,8560,5,16200,1.25058411215
310471,314888,326670,4417,11782,5,16200,1.37489390596
310471,314604,324143,4133,9539,5,16200,1.43327392808
310978,311641,312540,663,899,1,82800,1.73748609566
312267,353293,404706,41026,51413,2,361800,1.79796938517
312682,515158,544908,202476,29750,16,108000,7.80591596639
312723,423116,423120,110393,4,16,108000,11039.7
313120,316630,318332,3510,1702,1,28800,3.06227967098
313266,318344,319991,5078,1647,1,28800,4.0831815422
313519,319693,321447,6174,1754,1,43200,4.51995438997
313725,320003,325207,6278,5204,1,43200,2.20637970792
314507,328792,355601,14285,26809,2,43200,1.5328434481
314609,319387,330078,4778,10691,5,16200,1.44691796838
314631,325219,325829,10588,610,2,7200,18.3573770492
314885,315488,325427,603,9939,5,16200,1.06067008753
315488,318987,332084,3499,13097,5,16200,1.26716041842
315664,320958,323412,5294,2454,1,7200,3.15729421353
316100,316106,319774,6,3668,1,3600,1.00163576881
317156,345528,352422,28372,6894,2,43200,5.11546272121
317170,321459,323058,4289,1599,1,43200,3.6823014384
318606,328008,332243,9402,4235,2,82800,3.22007083825
318609,347027,353281,28418,6254,2,82800,5.54397185801
318718,328003,331464,9285,3461,4,3600,3.6827506501
318988,321136,328813,2148,7677,5,16200,1.27979679562
319164,325841,325842,6677,1,2,7200,667.8
319387,324199,331961,4812,7762,5,16200,1.61994331358
321134,323741,332784,2607,9043,5,16200,1.28828928453
322042,328776,337487,6734,8711,8,9000,1.77304557456
322209,328781,328783,6572,2,8,14400,657.4
323474,325191,325201,1717,10,1,21600,172.7
323740,324155,333262,415,9107,5,16200,1.04556934226
324153,326682,334933,2529,8251,5,16200,1.30650830202
324198,325439,334885,1241,9446,5,16200,1.13137836121
324331,344854,380861,20523,36007,3,36000,1.56997250535
324360,344859,380905,20499,36046,3,36000,1.56869000721
324539,339646,342162,15107,2516,24,14400,7.00437201908
325436,328824,337899,3388,9075,5,16200,1.37333333333
325818,342175,342187,16357,12,16,36060,1364.08333333
325916,342199,378220,16283,36021,16,36000,1.45204186447
326102,345523,345534,19421,11,16,36120,1766.54545455
326636,326879,327196,243,317,2,14400,1.7665615142
326681,331972,340385,5291,8413,5,16200,1.62890764293
328828,330089,339829,1261,9740,5,16200,1.1294661191
330087,332095,341717,2008,9622,5,16200,1.20868842237
331314,369509,681408,38195,311899,4,360000,1.12245951414
331969,332796,344282,827,11486,5,16200,1.0720006965
332092,333273,344832,1181,11559,5,16200,1.10217146812
332748,338349,338351,5601,2,2,3540,560.3
332797,334896,344507,2099,9611,5,16200,1.21839558839
333269,334944,343554,1675,8610,5,16200,1.19454123113
334360,344838,366445,10478,21607,1,21600,1.48493543759
334896,337910,349523,3014,11613,5,16200,1.25953672608
334940,339840,347411,4900,7571,5,16200,1.64720644565
337909,340396,350711,2487,10315,5,16200,1.24110518662
339836,341728,352659,1892,10931,5,16200,1.17308571951
340396,343565,351790,3169,8225,5,16200,1.3852887538
341728,344294,355104,2566,10810,5,16200,1.23737280296
343495,343502,343503,7,1,1,240,1.0
343569,344866,353908,1297,9042,5,16200,1.14344171643
344295,344518,352115,223,7597,5,16200,1.02935369225
344519,349534,362745,5015,13211,5,16200,1.37960790251
344867,347423,355329,2556,7906,5,16200,1.32329876044
347425,350722,359558,3297,8836,5,16200,1.3731326392
348551,369514,542335,20963,172821,4,172800,1.12129891622
349536,352126,362942,2590,10816,5,16200,1.23946005917
350720,351802,360800,1082,8998,5,16200,1.12024894421
351801,352670,360771,869,8101,5,16200,1.10727070732
352128,355115,366979,2987,11864,5,16200,1.25177006069
352669,353919,362851,1250,8932,5,16200,1.13994626064
353915,355341,363542,1426,8201,5,16200,1.173881234
354254,354261,357863,7,3602,1,3600,1.0019433648
355119,360782,369882,5663,9100,5,16200,1.62230769231
355344,359569,373130,4225,13561,5,16200,1.31155519504
355410,355416,371658,6,16242,1,16200,1.00036941263
355410,355422,371661,12,16239,1,16200,1.00073896176
357802,357809,357816,7,7,1,1800,1.4
357955,357962,358040,7,78,1,1800,1.08974358974
357969,357976,358093,7,117,1,3600,1.05982905983
358163,358171,358320,8,149,1,3600,1.05369127517
358218,358225,358488,7,263,1,3600,1.02661596958
358249,358255,358356,6,101,1,1800,1.05940594059
358451,358457,358745,6,288,1,3600,1.02083333333
358732,358739,359375,7,636,1,3600,1.01100628931
358811,358817,359201,6,384,1,1800,1.015625
358974,358982,359704,8,722,1,3600,1.01108033241
359569,362756,376009,3187,13253,5,16200,1.24047385498
359860,359866,359873,6,7,1,1800,1.3
359914,359921,359927,7,6,1,3600,1.3
360029,360036,360362,7,326,1,3600,1.02147239264
360071,360077,360120,6,43,1,1800,1.13953488372
360494,360501,361586,7,1085,1,3600,1.0064516129
360581,360587,360660,6,73,1,1800,1.08219178082
360583,360594,360887,11,293,1,3600,1.03754266212
360785,360811,371602,26,10791,5,16200,1.00240941525
360816,362953,374830,2137,11877,5,16200,1.17992759114
361018,361025,361820,7,795,1,3600,1.00880503145
361764,361771,362034,7,263,1,1800,1.02661596958
361886,361893,362683,7,790,1,3600,1.00886075949
362107,362114,362734,7,620,1,3600,1.01129032258
362759,362862,372567,103,9705,5,16200,1.01061308604
362862,366990,380973,4128,13983,5,16200,1.29521561897
362955,363553,375040,598,11487,5,16200,1.05205884913
363558,372578,382753,9020,10175,5,16200,1.88648648649
365746,365752,365831,6,79,1,1800,1.07594936709
366033,369498,369602,3465,104,15,60,34.3173076923
366070,366077,366170,7,93,1,1800,1.0752688172
366638,366645,367019,7,374,1,1800,1.01871657754
366994,369894,381877,2900,11983,5,16200,1.24200951348
368199,368205,368244,6,39,1,1800,1.15384615385
368532,368538,368613,6,75,1,1800,1.08
369470,369477,369716,7,239,1,1800,1.02928870293
369898,371613,384155,1715,12542,5,16200,1.13674055175
371225,423122,437558,51897,14436,15,14400,4.59497090607
371616,373141,382280,1525,9139,5,16200,1.16686727213
372577,374841,384988,2264,10147,5,16200,1.22312013403
373715,405031,431472,31316,26441,1,360000,2.18437275443
373871,373878,381105,7,7227,1,7200,1.00096859001
373872,373883,381111,11,7228,1,7200,1.00152185944
374520,410203,410210,35683,7,1,360000,3569.0
374578,374585,374601,7,16,1,3600,1.4375
375247,375255,375476,8,221,2,2700,1.03619909502
375561,375568,377137,7,1569,8,2400,1.00446144041
376025,410625,410658,34600,33,64,43200,1049.48484848
377220,378236,405883,1016,27647,16,36060,1.03674901436
377248,381117,405883,3869,24766,16,36120,1.15622224017
377551,381124,386110,3573,4986,1,72000,1.71660649819
377883,448936,458566,71053,9630,2,43200,8.37829698858
378270,426283,427424,48013,1141,2,43200,43.0797546012
378386,394803,395228,16417,425,1,604800,39.6282352941
378656,386123,394421,7467,8298,1,43200,1.89985538684
378796,387929,389523,9133,1594,1,43200,6.72961104141
378844,378851,378856,7,5,4,600,1.2
379308,389535,394791,10227,5256,1,43200,2.94577625571
381107,515164,575124,134057,59960,16,144000,3.23577384923
381308,389615,393349,8307,3734,4,3600,3.22469201928
382034,431485,431486,49451,1,1,540000,4945.2
382997,442497,641888,59500,199391,2,216000,1.29840865435
383217,389620,391827,6403,2207,1,21600,3.90122338015
383339,402180,402638,18841,458,1,36000,42.1375545852
384105,395252,405019,11147,9767,1,82800,2.14129210607
384267,390647,390650,6380,3,10,600,638.3
384984,515169,603438,130185,88269,16,144000,2.47486660096
386644,410669,410788,24025,119,64,21600,202.890756303
386806,390127,400972,3321,10845,2,10800,1.30622406639
387432,390605,390608,3173,3,8,10800,317.6
388215,390132,396326,1917,6194,2,14400,1.3094930578
389114,532393,554656,143279,22263,16,144000,7.43574540718
389140,389151,395109,11,5958,5,172800,1.00184625713
389140,389146,395218,6,6072,5,172800,1.00098814229
389141,390464,412095,1323,21631,2,21600,1.06116222089
389569,553251,712851,163682,159600,4,504000,2.0255764411
390803,390810,391880,7,1070,2,7200,1.00654205607
390866,390872,394579,6,3707,4,3600,1.00161855948
391410,391416,391915,6,499,2,7200,1.0120240481
391412,391424,391958,12,534,2,7200,1.02247191011
391413,391429,391922,16,493,2,7200,1.03245436105
391420,391435,391960,15,525,2,7200,1.02857142857
391427,391441,391928,14,487,2,7200,1.02874743326
391433,391448,391969,15,521,2,7200,1.02879078695
391440,391453,391943,13,490,2,7200,1.02653061224
391447,391459,391980,12,521,2,7200,1.02303262956
391448,391465,391950,17,485,2,7200,1.03505154639
391455,391472,392001,17,529,2,7200,1.03213610586
391462,391477,391963,15,486,2,7200,1.03086419753
391469,391484,392029,15,545,2,7200,1.02752293578
391476,391489,391977,13,488,2,7200,1.02663934426
391482,391495,391962,13,467,2,7200,1.0278372591
391489,391501,391988,12,487,2,7200,1.02464065708
391496,391508,392007,12,499,2,7200,1.02404809619
391497,391513,392056,16,543,2,7200,1.02946593002
391504,391519,392008,15,489,2,7200,1.03067484663
391512,391525,392059,13,534,2,7200,1.02434456929
391519,391532,392031,13,499,2,7200,1.02605210421
391520,391537,392088,17,551,2,7200,1.03085299456
391527,391571,392128,44,557,2,7200,1.078994614
391534,391576,392120,42,544,2,7200,1.07720588235
391567,391840,392276,273,436,2,7200,1.62614678899
391574,391892,392420,318,528,2,7200,1.60227272727
391681,399045,399049,7364,4,8,10800,736.8
391836,391927,392438,91,511,2,7200,1.17808219178
391890,391933,392432,43,499,2,7200,1.08617234469
391923,391940,392416,17,476,2,7200,1.03571428571
391930,391955,392482,25,527,2,7200,1.04743833017
391937,391961,392459,24,498,2,7200,1.04819277108
391954,391970,392496,16,526,2,7200,1.03041825095
391961,391977,392510,16,533,2,7200,1.03001876173
391968,391982,392475,14,493,2,7200,1.02839756592
391975,391989,392475,14,486,2,7200,1.02880658436
391981,391994,392519,13,525,2,7200,1.02476190476
391999,392006,392484,7,478,2,7200,1.01464435146
392000,392012,392552,12,540,2,7200,1.02222222222
392002,392018,392516,16,498,2,7200,1.03212851406
392009,392025,392577,16,552,2,7200,1.02898550725
392016,392030,392509,14,479,2,7200,1.02922755741
392022,392037,392547,15,510,2,7200,1.02941176471
392029,392044,392558,15,514,2,7200,1.02918287938
392036,392049,392556,13,507,2,7200,1.02564102564
392043,392068,392538,25,470,2,7200,1.05319148936
392050,392075,392564,25,489,2,7200,1.05112474438
392067,392100,392653,33,553,2,7200,1.05967450271
392074,392132,392447,58,315,2,7200,1.18412698413
392096,392140,392644,44,504,2,7200,1.0873015873
392135,392289,392838,154,549,2,7200,1.28051001821
392136,392429,392924,293,495,2,7200,1.59191919192
392289,392436,392913,147,477,2,7200,1.30817610063
392423,422924,423103,30501,179,32,28800,171.396648045
392427,392445,392923,18,478,2,7200,1.03765690377
392434,392452,392975,18,523,2,7200,1.034416826
392441,392459,392992,18,533,2,7200,1.03377110694
392447,392471,392857,24,386,2,7200,1.0621761658
392454,392487,393035,33,548,2,7200,1.0602189781
392466,392492,393007,26,515,2,7200,1.05048543689
392484,392499,392991,15,492,2,7200,1.03048780488
392501,392507,392986,6,479,2,7200,1.01252609603
392503,392514,392865,11,351,2,7200,1.03133903134
392504,392520,393074,16,554,2,7200,1.02888086643
392506,393396,393694,890,298,1,7200,3.98657718121
392507,393608,393927,1101,319,1,7200,4.45141065831
392511,392527,393018,16,491,2,7200,1.03258655804
392518,392534,393040,16,506,2,7200,1.03162055336
392525,392539,393084,14,545,2,7200,1.02568807339
392532,392551,393006,19,455,2,7200,1.04175824176
392538,392559,393050,21,491,2,7200,1.04276985743
392551,392566,393077,15,511,2,7200,1.02935420744
392557,392573,393077,16,504,2,7200,1.03174603175
392564,392578,393055,14,477,2,7200,1.02935010482
392571,392585,393091,14,506,2,7200,1.02766798419
392588,392595,393116,7,521,2,7200,1.01343570058
392589,392656,393106,67,450,2,7200,1.14888888889
392591,392665,393159,74,494,2,7200,1.14979757085
392655,392850,393375,195,525,2,7200,1.37142857143
392662,392869,393368,207,499,2,7200,1.41482965932
392846,392878,393368,32,490,2,7200,1.06530612245
392869,392925,393413,56,488,2,7200,1.11475409836
392875,392935,393427,60,492,2,7200,1.12195121951
392924,392940,393482,16,542,2,7200,1.0295202952
392931,392987,393531,56,544,2,7200,1.10294117647
392937,392998,393472,61,474,2,7200,1.12869198312
392985,393005,393529,20,524,2,7200,1.03816793893
392997,393010,393476,13,466,2,7200,1.02789699571
393004,393018,393567,14,549,2,7200,1.02550091075
393006,393023,393542,17,519,2,7200,1.03275529865
393018,393030,393462,12,432,2,7200,1.02777777778
393019,393047,393576,28,529,2,7200,1.05293005671
393026,393054,393551,28,497,2,7200,1.05633802817
393044,393062,393576,18,514,2,7200,1.03501945525
393051,393069,393567,18,498,2,7200,1.03614457831
393067,393086,393572,19,486,2,7200,1.03909465021
393069,393093,393573,24,480,2,7200,1.05
393086,393098,393573,12,475,2,7200,1.02526315789
393093,393105,393598,12,493,2,7200,1.02434077079
393095,393110,393600,15,490,2,7200,1.0306122449
393101,393119,393596,18,477,2,7200,1.03773584906
393108,393128,393646,20,518,2,7200,1.03861003861
393115,393172,393725,57,553,2,7200,1.10307414105
393127,393359,393867,232,508,2,7200,1.45669291339
393170,393365,393854,195,489,2,7200,1.39877300613
393355,393379,393882,24,503,2,7200,1.04771371769
393362,393384,393875,22,491,2,7200,1.04480651731
393380,393391,393881,11,490,2,7200,1.02244897959
393381,393425,393936,44,511,2,7200,1.08610567515
393388,393438,393925,50,487,2,7200,1.10266940452
393421,393475,393962,54,487,2,7200,1.11088295688
393438,393484,394050,46,566,2,7200,1.08127208481
393471,393491,393998,20,507,2,7200,1.03944773176
393488,393497,394033,9,536,2,7200,1.01679104478
393489,393541,394022,52,481,2,7200,1.10810810811
393496,393548,394076,52,528,2,7200,1.09848484848
393540,393555,394061,15,506,2,7200,1.02964426877
393547,393563,394104,16,541,2,7200,1.02957486137
393553,393579,394062,26,483,2,7200,1.05383022774
393560,393584,394104,24,520,2,7200,1.04615384615
393562,399060,407750,5498,8690,8,10800,1.63268124281
393578,393591,394129,13,538,2,7200,1.02416356877
393584,393596,394069,12,473,2,7200,1.02536997886
393602,393615,394090,13,475,2,7200,1.02736842105
393604,393620,394130,16,510,2,7200,1.03137254902
393611,393627,394123,16,496,2,7200,1.03225806452
393618,393632,394018,14,386,2,7200,1.03626943005
393624,393639,394156,15,517,2,7200,1.02901353965
393631,393658,394175,27,517,2,7200,1.05222437137
393638,393706,394237,68,531,2,7200,1.12806026365
393655,393737,394149,82,412,2,7200,1.19902912621
393665,450209,470350,56544,20141,2,21600,3.80740777518
393680,394589,397588,909,2999,4,3600,1.30310103368
393704,393866,394396,162,530,2,7200,1.30566037736
393737,393879,394428,142,549,2,7200,1.25865209472
393863,393887,394298,24,411,2,7200,1.05839416058
393875,393894,394434,19,540,2,7200,1.03518518519
393882,393899,394368,17,469,2,7200,1.03624733475
393889,393936,394435,47,499,2,7200,1.09418837675
393905,393947,394506,42,559,2,7200,1.07513416816
393933,393974,394475,41,501,2,7200,1.08183632735
393945,394010,394527,65,517,2,7200,1.12572533849
393972,394030,394528,58,498,2,7200,1.11646586345
394005,394037,394532,32,495,2,7200,1.06464646465
394028,394045,394549,17,504,2,7200,1.03373015873
394034,394062,394562,28,500,2,7200,1.056
394051,394073,394585,22,512,2,7200,1.04296875
394057,394080,394586,23,506,2,7200,1.04545454545
394069,394087,394579,18,492,2,7200,1.03658536585
394076,394094,394594,18,500,2,7200,1.036
394083,394102,394604,19,502,2,7200,1.03784860558
394090,394115,394513,25,398,2,7200,1.06281407035
394102,394121,394590,19,469,2,7200,1.04051172708
394114,394136,394518,22,382,2,7200,1.05759162304
394131,394143,394639,12,496,2,7200,1.02419354839
394132,394148,394667,16,519,2,7200,1.03082851638
394139,394161,394653,22,492,2,7200,1.04471544715
394146,394168,394653,22,485,2,7200,1.04536082474
394158,394187,394514,29,327,2,7200,1.08868501529
394164,394248,394757,84,509,2,7200,1.16502946955
394187,394311,394803,124,492,2,7200,1.25203252033
394246,394380,394896,134,516,2,7200,1.25968992248
394310,394408,394870,98,462,2,7200,1.21212121212
394379,394433,394934,54,501,2,7200,1.10778443114
394406,394439,394914,33,475,2,7200,1.06947368421
394429,394446,394967,17,521,2,7200,1.03262955854
394436,394453,394942,17,489,2,7200,1.03476482618
394443,394487,395030,44,543,2,7200,1.08103130755
394449,394518,395028,69,510,2,7200,1.13529411765
394482,394525,394924,43,399,2,7200,1.10776942356
394515,394532,395063,17,531,2,7200,1.03201506591
394533,394540,395032,7,492,2,7200,1.01422764228
394535,394546,395039,11,493,2,7200,1.02231237323
394536,394553,395063,17,510,2,7200,1.03333333333
394537,450214,451788,55677,1574,2,21600,36.372935197
394543,394558,395089,15,531,2,7200,1.02824858757
394550,394565,395086,15,521,2,7200,1.02879078695
394557,394574,395111,17,537,2,7200,1.03165735568
394564,394596,395137,32,541,2,7200,1.05914972274
394570,394603,395094,33,491,2,7200,1.06720977597
394593,394608,395120,15,512,2,7200,1.029296875
394600,394615,395076,15,461,2,7200,1.03253796095
394607,394620,395062,13,442,2,7200,1.02941176471
394624,394630,395104,6,474,2,7200,1.01265822785
394626,394651,395144,25,493,2,7200,1.05070993915
394627,394665,395176,38,511,2,7200,1.07436399217
394646,410799,412611,16153,1812,64,1800,9.91445916115
394650,394670,395173,20,503,2,7200,1.03976143141
394662,394680,395135,18,455,2,7200,1.03956043956
394669,394769,402015,100,7246,2,7200,1.01380071764
394676,394815,402054,139,7239,2,7200,1.01920154718
394766,394883,402106,117,7223,2,7200,1.01619825557
394814,394908,402126,94,7218,2,7200,1.01302299806
394830,397599,397603,2769,4,4,600,277.3
394883,394926,402165,43,7239,2,7200,1.00594004697
394895,412623,412784,17728,161,64,1800,111.111801242
394906,394936,402175,30,7239,2,7200,1.00414421881
394908,395617,399259,709,3642,2,3600,1.19467325645
394923,394946,402168,23,7222,2,7200,1.00318471338
394935,394954,402188,19,7234,2,7200,1.00262648604
394942,394980,402201,38,7221,2,7200,1.00526242903
394959,395040,402259,81,7219,2,7200,1.01122039064
394977,395047,402282,70,7235,2,7200,1.00967519005
395036,395052,402293,16,7241,2,7200,1.00220963955
395043,395059,402290,16,7231,2,7200,1.00221269534
395050,395074,402291,24,7217,2,7200,1.0033254815
395056,395081,402327,25,7246,2,7200,1.00345017941
395073,395086,402327,13,7241,2,7200,1.00179533214
395080,395093,402331,13,7238,2,7200,1.00179607626
395087,395100,395605,13,505,2,7200,1.02574257426
395094,395107,402348,13,7241,2,7200,1.00179533214
395095,395112,395647,17,535,2,7200,1.03177570093
395107,395118,395657,11,539,2,7200,1.02040816327
395109,395126,402343,17,7217,2,7200,1.0023555494
395116,395131,395649,15,518,2,7200,1.02895752896
395132,395139,395676,7,537,2,7200,1.01303538175
395134,395146,395663,12,517,2,7200,1.02321083172
395136,395153,395630,17,477,2,7200,1.035639413
395143,395158,395728,15,570,2,7200,1.02631578947
395145,451800,455006,56655,3206,2,21600,18.6715533375
395149,395165,395666,16,501,2,7200,1.03193612774
395156,395185,395701,29,516,2,7200,1.05620155039
395163,395192,395687,29,495,2,7200,1.05858585859
395184,395235,395268,51,33,2,7200,2.54545454545
395191,395240,395273,49,33,2,7200,2.48484848485
395235,395247,395741,12,494,2,7200,1.02429149798
395236,395280,395313,44,33,2,7200,2.33333333333
395243,395289,395321,46,32,2,7200,2.4375
395282,395325,395357,43,32,2,7200,2.34375
395292,395337,395369,45,32,2,7200,2.40625
395324,395369,395401,45,32,2,7200,2.40625
395665,402650,424266,6985,21616,1,21600,1.32314026647
395750,455019,461082,59269,6063,2,21600,10.7755236682
395768,395774,402426,6,6652,5,172800,1.00090198437
395768,395780,402205,12,6425,5,172800,1.00186770428
395884,395891,399964,7,4073,5,28800,1.00171863491
395885,395897,400227,12,4330,5,28800,1.00277136259
395886,399976,403870,4090,3894,5,28800,2.05033384694
396289,396296,399119,7,2823,1,7200,1.0024796316
396289,396301,399033,12,2732,1,7200,1.00439238653
397069,458578,461515,61509,2937,2,21600,21.9427987743
397777,461096,462288,63319,1192,2,21600,54.119966443
398356,410222,411670,11866,1448,1,43200,9.19475138122
398567,404718,433551,6151,28833,2,28800,1.21333194603
399044,400985,400991,1941,6,4,600,194.7
399383,399390,403108,7,3718,1,3600,1.00188273265
399991,448931,481332,48940,32401,2,32400,2.51044720842
400669,401003,402870,334,1867,4,3600,1.1788966256
400807,402294,402521,1487,227,12,2400,7.55066079295
401803,402213,402232,410,19,8,10800,22.5789473684
403291,461527,475737,58236,14210,2,28800,5.09824067558
403837,427437,449060,23600,21623,2,21600,2.09143042131
404145,432980,454604,28835,21624,2,21600,2.33347206807
404499,423128,427972,18629,4844,1,14400,4.84578860446
404500,427984,440033,23484,12049,1,14400,2.94904141423
404500,437602,450630,33102,13028,1,14400,3.54083512435
404500,432986,438589,28486,5603,1,14400,6.08406210958
404500,437608,443024,33108,5416,1,14400,7.1129985229
404501,437613,450676,33112,13063,1,14400,3.53479292659
404501,438602,443638,34101,5036,1,14400,7.77144559174
404501,439494,450537,34993,11043,1,14400,4.16879471158
404501,439220,444100,34719,4880,1,14400,8.11454918033
404501,439215,450554,34714,11339,1,14400,4.06146926537
404502,439504,449802,35002,10298,1,14400,4.39891241018
404502,439515,448167,35013,8652,1,14400,5.04680998613
404502,439510,443382,35008,3872,1,14400,10.041322314
404502,439499,444028,34997,4529,1,14400,8.7273128726
404503,439537,446497,35034,6960,1,14400,6.03362068966
404503,439526,447327,35023,7801,1,14400,5.48955262146
404503,439542,442292,35039,2750,1,14400,13.7414545455
404503,439520,443008,35017,3488,1,14400,11.0392775229
404503,439531,442577,35028,3046,1,14400,12.4996717006
404504,439547,445715,35043,6168,1,14400,6.68142023346
404504,439563,440739,35059,1176,1,14400,30.8120748299
404504,439553,441755,35049,2202,1,14400,16.916893733
404504,439558,444782,35054,5224,1,14400,7.71018376723
404505,440045,442177,35540,2132,1,14400,17.669793621
404505,439574,440486,35069,912,1,14400,39.4528508772
404505,439569,442483,35064,2914,1,14400,13.0329444063
404509,431498,462555,26989,31057,1,604800,1.86901503687
404581,404588,404590,7,2,24,3600,1.0
404647,433568,450825,28921,17257,2,21600,2.67589963493
404764,404771,406808,7,2037,4,3600,1.00343642612
404818,434741,456352,29923,21611,2,21600,2.38461894406
405016,405024,405030,8,6,4,600,1.4
405096,434746,456350,29650,21604,2,21600,2.37243103129
405177,426278,432969,21101,6691,3,36000,4.15363921686
405200,413607,431653,8407,18046,3,18000,1.46586501164
405218,431670,448919,26452,17249,3,18000,2.53353817613
405382,434751,456372,29369,21621,2,21600,2.35835530271
405490,405496,409713,6,4217,20,4800,1.00142281243
405601,544919,545137,139318,218,16,144000,640.073394495
405668,406796,408646,1128,1850,32,1800,1.60972972973
405701,434757,456402,29056,21645,2,21600,2.34238854239
405989,434762,456385,28773,21623,2,21600,2.33066642002
407718,554667,554713,146949,46,16,108000,3195.54347826
407748,554725,554767,146977,42,16,108000,3500.45238095
408077,434767,445117,26690,10350,2,14400,3.57874396135
408733,437570,451370,28837,13800,2,14400,3.08963768116
408871,408877,408896,6,19,1,600,1.31578947368
408907,408913,408934,6,21,1,600,1.28571428571
409066,437575,450262,28509,12687,2,14400,3.24710333412
409198,409204,409226,6,22,1,600,1.27272727273
409446,437581,447082,28135,9501,2,14400,3.96126723503
409714,503238,508846,93524,5608,24,7200,17.6768901569
409741,437586,451993,27845,14407,2,14400,2.93274102867
410015,437592,437605,27577,13,2,14400,2122.30769231
410087,410094,410127,7,33,1,600,1.21212121212
410196,412795,422905,2599,10110,64,28800,1.25707220574
410286,437597,448117,27311,10520,2,14400,3.5961026616
413077,422929,458949,9852,36020,16,36000,1.27351471405
416762,416774,423637,12,6863,5,172800,1.00174850648
416762,416768,423802,6,7034,5,172800,1.00085299972
416774,416780,417335,6,555,2,7200,1.01081081081
416791,416799,417305,8,506,2,7200,1.01581027668
416793,416806,417284,13,478,2,7200,1.02719665272
416795,416811,417293,16,482,2,7200,1.03319502075
416801,416817,417307,16,490,2,7200,1.03265306122
416808,416823,417331,15,508,2,7200,1.02952755906
416815,416829,417313,14,484,2,7200,1.02892561983
416822,416835,417351,13,516,2,7200,1.02519379845
416828,416842,417332,14,490,2,7200,1.02857142857
416830,416847,417349,17,502,2,7200,1.03386454183
416842,416854,417403,12,549,2,7200,1.0218579235
416844,416859,417374,15,515,2,7200,1.02912621359
416850,416866,417411,16,545,2,7200,1.02935779817
416857,416871,417366,14,495,2,7200,1.02828282828
416864,416877,417265,13,388,2,7200,1.03350515464
416871,417277,417780,406,503,2,7200,1.80715705765
417268,417295,417812,27,517,2,7200,1.05222437137
417287,417304,417788,17,484,2,7200,1.03512396694
417302,417317,417782,15,465,2,7200,1.03225806452
417319,417324,417781,5,457,2,7200,1.01094091904
417320,417332,417889,12,557,2,7200,1.02154398564
417322,417343,417794,21,451,2,7200,1.0465631929
417338,417349,417885,11,536,2,7200,1.02052238806
417339,417355,417892,16,537,2,7200,1.02979515829
417346,417362,417838,16,476,2,7200,1.03361344538
417362,417368,417855,6,487,2,7200,1.01232032854
417364,417378,417874,14,496,2,7200,1.02822580645
417380,417387,417881,7,494,2,7200,1.01417004049
417381,417415,417902,34,487,2,7200,1.06981519507
417406,417423,417876,17,453,2,7200,1.03752759382
417422,417792,418280,370,488,2,7200,1.75819672131
417783,417798,418311,15,513,2,7200,1.02923976608
417790,417804,418197,14,393,2,7200,1.03562340967
417797,417811,418322,14,511,2,7200,1.02739726027
417814,417821,418324,7,503,2,7200,1.01391650099
417815,417827,418328,12,501,2,7200,1.02395209581
417817,417850,418313,33,463,2,7200,1.07127429806
417842,417867,418338,25,471,2,7200,1.05307855626
417857,417886,418276,29,390,2,7200,1.07435897436
417876,417892,418396,16,504,2,7200,1.03174603175
417883,417897,418428,14,531,2,7200,1.0263653484
417900,417907,418411,7,504,2,7200,1.01388888889
417902,417914,418442,12,528,2,7200,1.02272727273
417903,417919,418392,16,473,2,7200,1.03382663848
417910,417925,418476,15,551,2,7200,1.02722323049
417926,418208,418721,282,513,2,7200,1.54970760234
418200,418287,418789,87,502,2,7200,1.17330677291
418280,418295,418809,15,514,2,7200,1.02918287938
418296,418323,418836,27,513,2,7200,1.05263157895
418312,418329,418852,17,523,2,7200,1.03250478011
418328,418336,418851,8,515,2,7200,1.01553398058
418330,418342,418869,12,527,2,7200,1.02277039848
418337,418348,418860,11,512,2,7200,1.021484375
418338,418356,418855,18,499,2,7200,1.03607214429
418354,418403,418910,49,507,2,7200,1.0966469428
418394,418411,418910,17,499,2,7200,1.03406813627
418410,418423,418938,13,515,2,7200,1.02524271845
418425,418440,418853,15,413,2,7200,1.03631961259
418441,418453,418955,12,502,2,7200,1.02390438247
418457,418488,419006,31,518,2,7200,1.05984555985
418479,418733,419190,254,457,2,7200,1.55579868709
418725,418801,419324,76,523,2,7200,1.14531548757
418792,418820,419328,28,508,2,7200,1.05511811024
418813,418848,419384,35,536,2,7200,1.06529850746
418838,418863,419264,25,401,2,7200,1.06234413965
418854,418870,419348,16,478,2,7200,1.03347280335
418861,418875,419295,14,420,2,7200,1.03333333333
418868,418882,419335,14,453,2,7200,1.03090507726
418884,418891,419390,7,499,2,7200,1.01402805611
418886,418897,419430,11,533,2,7200,1.02063789869
418887,418921,419446,34,525,2,7200,1.06476190476
418912,418926,419406,14,480,2,7200,1.02916666667
418919,418950,419470,31,520,2,7200,1.05961538462
418941,418967,419461,26,494,2,7200,1.05263157895
418956,419019,419510,63,491,2,7200,1.1283095723
419009,419202,419724,193,522,2,7200,1.36973180077
419191,419275,419761,84,486,2,7200,1.17283950617
419267,419307,419838,40,531,2,7200,1.07532956685
419299,419336,419784,37,448,2,7200,1.08258928571
419327,419343,419845,16,502,2,7200,1.03187250996
419343,419350,419869,7,519,2,7200,1.01348747592
419344,419360,419745,16,385,2,7200,1.04155844156
419360,419397,419894,37,497,2,7200,1.07444668008
419388,419404,419924,16,520,2,7200,1.03076923077
419403,419418,419899,15,481,2,7200,1.03118503119
419419,419442,419980,23,538,2,7200,1.04275092937
419435,419457,419943,22,486,2,7200,1.04526748971
419451,419473,419937,22,464,2,7200,1.0474137931
419467,419482,420005,15,523,2,7200,1.02868068834
419482,419522,420025,40,503,2,7200,1.07952286282
419513,419736,420231,223,495,2,7200,1.45050505051
419516,423140,423142,3624,2,2,3540,362.6
419726,419757,420293,31,536,2,7200,1.0578358209
419748,419773,420255,25,482,2,7200,1.05186721992
419763,419796,420291,33,495,2,7200,1.06666666667
419785,419850,420344,65,494,2,7200,1.13157894737
419840,419858,420366,18,508,2,7200,1.03543307087
419856,419881,420338,25,457,2,7200,1.05470459519
419871,419905,420422,34,517,2,7200,1.06576402321
419896,419913,420454,17,541,2,7200,1.0314232902
419911,419935,420478,24,543,2,7200,1.04419889503
419927,419949,420468,22,519,2,7200,1.04238921002
419943,419955,420388,12,433,2,7200,1.02771362587
419959,419992,420450,33,458,2,7200,1.07205240175
419983,420017,420502,34,485,2,7200,1.07010309278
420008,420036,420563,28,527,2,7200,1.05313092979
420027,420243,420757,216,514,2,7200,1.42023346304
420234,420266,420755,32,489,2,7200,1.0654396728
420259,420303,420757,44,454,2,7200,1.09691629956
420292,420310,420813,18,503,2,7200,1.03578528827
420308,420350,420865,42,515,2,7200,1.08155339806
420339,420356,420884,17,528,2,7200,1.0321969697
420355,420378,420888,23,510,2,7200,1.04509803922
420370,420400,420920,30,520,2,7200,1.05769230769
420392,420435,420909,43,474,2,7200,1.09071729958
420426,420462,420989,36,527,2,7200,1.06831119545
420453,420469,421002,16,533,2,7200,1.03001876173
420469,420479,421001,10,522,2,7200,1.01915708812
420471,420490,420997,19,507,2,7200,1.03747534517
420486,420513,421001,27,488,2,7200,1.05532786885
420505,420575,421097,70,522,2,7200,1.13409961686
420566,420767,421272,201,505,2,7200,1.39801980198
420758,420774,421260,16,486,2,7200,1.0329218107
420765,420779,421273,14,494,2,7200,1.02834008097
420772,420825,421332,53,507,2,7200,1.10453648915
420815,420876,421381,61,505,2,7200,1.12079207921
420867,420896,421441,29,545,2,7200,1.05321100917
420888,420903,421407,15,504,2,7200,1.02976190476
420904,420921,421367,17,446,2,7200,1.03811659193
420920,420932,421445,12,513,2,7200,1.02339181287
420922,421001,421527,79,526,2,7200,1.15019011407
420992,421009,421518,17,509,2,7200,1.03339882122
421009,421015,421525,6,510,2,7200,1.01176470588
421010,421022,421548,12,526,2,7200,1.02281368821
421012,421027,421546,15,519,2,7200,1.0289017341
421019,421109,421627,90,518,2,7200,1.17374517375
421101,421272,421785,171,513,2,7200,1.33333333333
421262,421284,421853,22,569,2,7200,1.03866432337
421278,421291,421806,13,515,2,7200,1.02524271845
421280,421344,421850,64,506,2,7200,1.12648221344
421335,421378,421925,43,547,2,7200,1.07861060329
421369,421393,421916,24,523,2,7200,1.04588910134
421384,421419,421935,35,516,2,7200,1.06782945736
421409,421454,421936,45,482,2,7200,1.09336099585
421443,421460,421974,17,514,2,7200,1.03307392996
421458,421530,422077,72,547,2,7200,1.13162705667
421519,421537,422050,18,513,2,7200,1.0350877193
421535,421543,422027,8,484,2,7200,1.01652892562
421537,421559,422084,22,525,2,7200,1.0419047619
421553,421566,422109,13,543,2,7200,1.02394106814
421554,421639,422154,85,515,2,7200,1.16504854369
421631,421796,422316,165,520,2,7200,1.31730769231
421789,421818,422296,29,478,2,7200,1.06066945607
421808,421861,422346,53,485,2,7200,1.10927835052
421854,421867,422380,13,513,2,7200,1.0253411306
421861,421928,422432,67,504,2,7200,1.13293650794
421919,421937,422403,18,466,2,7200,1.03862660944
421935,421947,422458,12,511,2,7200,1.02348336595
421937,421954,422437,17,483,2,7200,1.03519668737
421952,421986,422500,34,514,2,7200,1.06614785992
421977,422039,422508,62,469,2,7200,1.13219616205
422029,422062,422438,33,376,2,7200,1.08776595745
422054,422089,422583,35,494,2,7200,1.07085020243
422079,422095,422505,16,410,2,7200,1.03902439024
422094,422121,422526,27,405,2,7200,1.06666666667
422113,422165,422718,52,553,2,7200,1.09403254973
422156,422308,422779,152,471,2,7200,1.32271762208
422299,422329,422811,30,482,2,7200,1.0622406639
422318,422358,422846,40,488,2,7200,1.08196721311
422348,422392,422878,44,486,2,7200,1.09053497942
422382,422415,422912,33,497,2,7200,1.06639839034
422407,422443,422943,36,500,2,7200,1.072
422435,422451,422926,16,475,2,7200,1.03368421053
422451,422458,422928,7,470,2,7200,1.01489361702
422452,422470,422952,18,482,2,7200,1.03734439834
422468,422513,423008,45,495,2,7200,1.09090909091
422502,422519,423049,17,530,2,7200,1.0320754717
422518,422525,423033,7,508,2,7200,1.01377952756
422519,422538,423056,19,518,2,7200,1.03667953668
422535,422595,423127,60,532,2,7200,1.11278195489
422585,422731,423229,146,498,2,7200,1.29317269076
422722,422791,423236,69,445,2,7200,1.15505617978
422780,422824,423335,44,511,2,7200,1.08610567515
422814,422857,423390,43,533,2,7200,1.08067542214
422848,422891,423388,43,497,2,7200,1.08651911469
422882,422937,423455,55,518,2,7200,1.10617760618
422916,422943,423477,27,534,2,7200,1.05056179775
422937,422948,423467,11,519,2,7200,1.02119460501
422938,422955,423388,17,433,2,7200,1.03926096998
422954,422965,423340,11,375,2,7200,1.02933333333
422956,423019,423489,63,470,2,7200,1.13404255319
423011,423045,423534,34,489,2,7200,1.06952965235
423036,423061,423544,25,483,2,7200,1.05175983437
423052,423068,423589,16,521,2,7200,1.03071017274
423067,423135,423629,68,494,2,7200,1.13765182186
423131,423147,423636,16,489,2,7200,1.0327198364
423220,426273,434728,3053,8455,12,31200,1.36108811354
423232,423239,423736,7,497,2,7200,1.01408450704
423248,423255,423754,7,499,2,7200,1.01402805611
423339,423346,423762,7,416,2,7200,1.01682692308
423355,423362,423831,7,469,2,7200,1.01492537313
423392,423400,423931,8,531,2,7200,1.01506591337
423394,423407,423914,13,507,2,7200,1.02564102564
423396,423412,423910,16,498,2,7200,1.03212851406
423457,423463,423811,6,348,2,7200,1.01724137931
423473,423479,423842,6,363,2,7200,1.01652892562
423489,423495,424045,6,550,2,7200,1.01090909091
423491,423503,424017,12,514,2,7200,1.0233463035
423537,423544,424035,7,491,2,7200,1.01425661914
423552,423560,424061,8,501,2,7200,1.01596806387
423592,423600,424051,8,451,2,7200,1.0177383592
423632,423639,424138,7,499,2,7200,1.01402805611
423648,423654,424140,6,486,2,7200,1.01234567901
423739,423747,424237,8,490,2,7200,1.01632653061
423758,423764,424289,6,525,2,7200,1.01142857143
423774,423781,424253,7,472,2,7200,1.01483050847
423813,423820,424371,7,551,2,7200,1.01270417423
423835,423841,424362,6,521,2,7200,1.01151631478
423851,423858,424368,7,510,2,7200,1.0137254902
423912,423918,424415,6,497,2,7200,1.01207243461
423928,423934,424456,6,522,2,7200,1.01149425287
423943,423949,424440,6,491,2,7200,1.01221995927
424020,424026,424521,6,495,2,7200,1.01212121212
424038,424045,424530,7,485,2,7200,1.01443298969
424054,424061,424565,7,504,2,7200,1.01388888889
424056,424068,424516,12,448,2,7200,1.02678571429
424072,424078,424595,6,517,2,7200,1.01160541586
424139,424147,424682,8,535,2,7200,1.01495327103
424155,424161,424667,6,506,2,7200,1.01185770751
424240,424247,424763,7,516,2,7200,1.01356589147
424256,424262,424789,6,527,2,7200,1.01138519924
424292,424299,424807,7,508,2,7200,1.01377952756
424366,424373,424901,7,528,2,7200,1.01325757576
424381,424389,424901,8,512,2,7200,1.015625
424383,424395,424904,12,509,2,7200,1.02357563851
424417,424423,424942,6,519,2,7200,1.01156069364
424442,424448,424985,6,537,2,7200,1.01117318436
424460,424468,424980,8,512,2,7200,1.015625
424519,424525,424969,6,444,2,7200,1.01351351351
424535,424541,425014,6,473,2,7200,1.01268498943
424536,424547,425083,11,536,2,7200,1.02052238806
424567,424574,425063,7,489,2,7200,1.01431492843
424598,424605,425096,7,491,2,7200,1.01425661914
424671,424677,425171,6,494,2,7200,1.01214574899
424687,424694,425217,7,523,2,7200,1.01338432122
424766,424772,425230,6,458,2,7200,1.01310043668
424791,424797,425284,6,487,2,7200,1.01232032854
424810,424817,425280,7,463,2,7200,1.0151187905
424905,424912,425359,7,447,2,7200,1.01565995526
424906,424919,425464,13,545,2,7200,1.02385321101
424908,424924,425421,16,497,2,7200,1.03219315895
424945,424951,425449,6,498,2,7200,1.01204819277
424973,424979,425480,6,501,2,7200,1.0119760479
424988,424995,425487,7,492,2,7200,1.01422764228
424990,425002,425527,12,525,2,7200,1.02285714286
425018,425024,425525,6,501,2,7200,1.0119760479
425067,425074,425603,7,529,2,7200,1.01323251418
425085,425091,425603,6,512,2,7200,1.01171875
425101,425107,425520,6,413,2,7200,1.01452784504
425174,425180,425677,6,497,2,7200,1.01207243461
425220,425227,425743,7,516,2,7200,1.01356589147
425236,425242,425703,6,461,2,7200,1.01301518438
425282,425288,425793,6,505,2,7200,1.01188118812
425298,425305,425791,7,486,2,7200,1.01440329218
425362,425368,425847,6,479,2,7200,1.01252609603
425423,425430,425923,7,493,2,7200,1.01419878296
425451,425458,425936,7,478,2,7200,1.01464435146
425466,425472,425934,6,462,2,7200,1.01298701299
425482,425488,425973,6,485,2,7200,1.01237113402
425498,425505,426033,7,528,2,7200,1.01325757576
425522,425528,426006,6,478,2,7200,1.01255230126
425538,425545,426057,7,512,2,7200,1.013671875
425540,425551,426112,11,561,2,7200,1.01960784314
425607,425613,426135,6,522,2,7200,1.01149425287
425609,425620,426112,11,492,2,7200,1.02235772358
425679,425685,426071,6,386,2,7200,1.01554404145
425707,425714,426209,7,495,2,7200,1.01414141414
425747,425754,426223,7,469,2,7200,1.01492537313
425793,425800,426315,7,515,2,7200,1.01359223301
425809,425816,426320,7,504,2,7200,1.01388888889
425849,425855,426356,6,501,2,7200,1.0119760479
425925,425931,426408,6,477,2,7200,1.01257861635
425941,425947,426449,6,502,2,7200,1.01195219124
425943,425954,426475,11,521,2,7200,1.02111324376
425976,425983,426483,7,500,2,7200,1.014
426010,426016,426491,6,475,2,7200,1.01263157895
426035,426042,426570,7,528,2,7200,1.01325757576
426060,426067,426552,7,485,2,7200,1.01443298969
426075,426082,426601,7,519,2,7200,1.01348747592
426115,426121,426648,6,527,2,7200,1.01138519924
426117,426128,426598,11,470,2,7200,1.02340425532
426139,426145,426603,6,458,2,7200,1.01310043668
426212,426218,426731,6,513,2,7200,1.01169590643
426228,426235,426719,7,484,2,7200,1.01446280992
426265,515086,515136,88821,50,128,1800,1777.42
426319,426325,426842,6,517,2,7200,1.01160541586
426335,426342,426764,7,422,2,7200,1.01658767773
426359,426365,426871,6,506,2,7200,1.01185770751
426405,458962,502189,32557,43227,64,43200,1.75316353205
426411,426418,426935,7,517,2,7200,1.01353965184
426451,426458,426894,7,436,2,7200,1.01605504587
426479,426485,426959,6,474,2,7200,1.01265822785
426495,426501,427026,6,525,2,7200,1.01142857143
426497,426508,427049,11,541,2,7200,1.02033271719
426555,426561,427053,6,492,2,7200,1.01219512195
426573,426581,427043,8,462,2,7200,1.01731601732
426601,426609,427108,8,499,2,7200,1.01603206413
426603,426616,427135,13,519,2,7200,1.02504816956
426619,426626,427124,7,498,2,7200,1.0140562249
426650,426658,427147,8,489,2,7200,1.0163599182
426721,426727,427222,6,495,2,7200,1.01212121212
426737,426743,427254,6,511,2,7200,1.01174168297
426768,426775,427252,7,477,2,7200,1.01467505241
426787,502200,502555,75413,355,64,1800,213.430985915
426844,426851,427374,7,523,2,7200,1.01338432122
426872,426879,427301,7,422,2,7200,1.01658767773
426897,426904,427447,7,543,2,7200,1.01289134438
426937,426944,427399,7,455,2,7200,1.01538461538
426962,426968,427482,6,514,2,7200,1.01167315175
427029,427035,427519,6,484,2,7200,1.01239669421
427044,427050,427546,6,496,2,7200,1.01209677419
427060,427066,427555,6,489,2,7200,1.01226993865
427062,427073,427415,11,342,2,7200,1.03216374269
427111,427118,427607,7,489,2,7200,1.01431492843
427127,427133,427590,6,457,2,7200,1.01312910284
427142,427149,427687,7,538,2,7200,1.01301115242
427158,427164,427670,6,506,2,7200,1.01185770751
427225,427231,427755,6,524,2,7200,1.01145038168
427256,427262,427802,6,540,2,7200,1.01111111111
427258,427269,427774,11,505,2,7200,1.02178217822
427304,427310,427786,6,476,2,7200,1.01260504202
427377,427384,427899,7,515,2,7200,1.01359223301
427402,427408,427915,6,507,2,7200,1.01183431953
427417,427424,427907,7,483,2,7200,1.01449275362
427448,427455,427954,7,499,2,7200,1.01402805611
427485,427491,428012,6,521,2,7200,1.01151631478
427522,427528,428030,6,502,2,7200,1.01195219124
427550,427557,428047,7,490,2,7200,1.01428571429
427567,427573,428053,6,480,2,7200,1.0125
427592,427599,428032,7,433,2,7200,1.01616628176
427611,427617,428111,6,494,2,7200,1.01214574899
427672,427679,428194,7,515,2,7200,1.01359223301
427691,427698,428227,7,529,2,7200,1.01323251418
427758,427764,428293,6,529,2,7200,1.01134215501
427776,427784,428305,8,521,2,7200,1.01535508637
427792,427798,428276,6,478,2,7200,1.01255230126
427808,427814,428282,6,468,2,7200,1.01282051282
427902,427908,428388,6,480,2,7200,1.0125
427918,427925,428418,7,493,2,7200,1.01419878296
427919,427932,428442,13,510,2,7200,1.02549019608
427957,427964,428466,7,502,2,7200,1.01394422311
428015,428022,428525,7,503,2,7200,1.01391650099
428034,428042,428563,8,521,2,7200,1.01535508637
428036,428049,428555,13,506,2,7200,1.0256916996
428052,428058,428585,6,527,2,7200,1.01138519924
428067,428074,428576,7,502,2,7200,1.01394422311
428113,428120,428585,7,465,2,7200,1.01505376344
428132,451849,451853,23717,4,10,600,2372.1
428199,428205,428724,6,519,2,7200,1.01156069364
428230,428237,428730,7,493,2,7200,1.01419878296
428279,428285,428819,6,534,2,7200,1.01123595506
428294,428301,428851,7,550,2,7200,1.01272727273
428296,428308,428787,12,479,2,7200,1.02505219207
428311,428319,428823,8,504,2,7200,1.01587301587
428390,428398,428868,8,470,2,7200,1.0170212766
428421,428427,428930,6,503,2,7200,1.01192842942
428443,428449,428962,6,513,2,7200,1.01169590643
428468,428475,429001,7,526,2,7200,1.01330798479
428526,428532,429015,6,483,2,7200,1.01242236025
428557,428564,429088,7,524,2,7200,1.01335877863
428572,428579,429070,7,491,2,7200,1.01425661914
428588,428595,429094,7,499,2,7200,1.01402805611
428590,428603,429082,13,479,2,7200,1.02713987474
428592,428608,429144,16,536,2,7200,1.02985074627
428726,428733,429207,7,474,2,7200,1.01476793249
428741,428747,429260,6,513,2,7200,1.01169590643
428790,428797,429296,7,499,2,7200,1.01402805611
428821,428828,429322,7,494,2,7200,1.01417004049
428836,428844,429353,8,509,2,7200,1.01571709234
428855,428862,429407,7,545,2,7200,1.0128440367
428871,428878,429296,7,418,2,7200,1.01674641148
428932,428939,429401,7,462,2,7200,1.01515151515
428966,428972,429474,6,502,2,7200,1.01195219124
429002,429010,429518,8,508,2,7200,1.0157480315
429018,429025,429484,7,459,2,7200,1.01525054466
429073,429079,429432,6,353,2,7200,1.01699716714
429089,429095,429602,6,507,2,7200,1.01183431953
429091,429102,429599,11,497,2,7200,1.02213279678
429106,429113,429631,7,518,2,7200,1.01351351351
429146,429153,429631,7,478,2,7200,1.01464435146
429210,429217,429701,7,484,2,7200,1.01446280992
429262,429268,429752,6,484,2,7200,1.01239669421
429299,429307,429808,8,501,2,7200,1.01596806387
429302,429314,429797,12,483,2,7200,1.0248447205
429324,429331,429853,7,522,2,7200,1.01340996169
429355,429362,429831,7,469,2,7200,1.01492537313
429404,429411,429970,7,559,2,7200,1.01252236136
429419,429425,429918,6,493,2,7200,1.0121703854
429435,429441,429938,6,497,2,7200,1.01207243461
429478,429484,430008,6,524,2,7200,1.01145038168
429493,429499,430034,6,535,2,7200,1.01121495327
429521,429528,430040,7,512,2,7200,1.013671875
429600,429607,430070,7,463,2,7200,1.0151187905
429616,429623,430139,7,516,2,7200,1.01356589147
429635,429642,430120,7,478,2,7200,1.01464435146
429636,429648,430165,12,517,2,7200,1.02321083172
429704,429710,430211,6,501,2,7200,1.0119760479
429756,429763,430247,7,484,2,7200,1.01446280992
429799,429805,430272,6,467,2,7200,1.01284796574
429815,429821,430360,6,539,2,7200,1.01113172542
429828,440798,440800,10970,2,1,240,1097.2
429833,429839,430367,6,528,2,7200,1.01136363636
429855,429862,430352,7,490,2,7200,1.01428571429
429919,429925,430394,6,469,2,7200,1.01279317697
429941,429947,430438,6,491,2,7200,1.01221995927
429972,429979,430525,7,546,2,7200,1.01282051282
430012,430018,430553,6,535,2,7200,1.01121495327
430036,430043,430445,7,402,2,7200,1.01741293532
430052,430058,430517,6,459,2,7200,1.01307189542
430074,430081,430542,7,461,2,7200,1.01518438178
430122,430129,430600,7,471,2,7200,1.01486199575
430141,430148,430708,7,560,2,7200,1.0125
430169,430176,430649,7,473,2,7200,1.01479915433
430212,430218,430779,6,561,2,7200,1.01069518717
430249,430255,430622,6,367,2,7200,1.01634877384
430274,430281,430778,7,497,2,7200,1.01408450704
430356,430362,430866,6,504,2,7200,1.0119047619
430372,430379,430909,7,530,2,7200,1.01320754717
430374,430385,430880,11,495,2,7200,1.02222222222
430399,430406,430903,7,497,2,7200,1.01408450704
430441,430449,430972,8,523,2,7200,1.01529636711
430457,430463,430991,6,528,2,7200,1.01136363636
430521,430528,431015,7,487,2,7200,1.01437371663
430537,430543,431022,6,479,2,7200,1.01252609603
430552,430559,431046,7,487,2,7200,1.01437371663
430568,430575,431072,7,497,2,7200,1.01408450704
430602,430608,431127,6,519,2,7200,1.01156069364
430624,430631,431170,7,539,2,7200,1.01298701299
430651,430658,431120,7,462,2,7200,1.01515151515
430713,430720,431192,7,472,2,7200,1.01483050847
430780,430787,431302,7,515,2,7200,1.01359223301
430782,430794,431300,12,506,2,7200,1.02371541502
430870,430878,431411,8,533,2,7200,1.01500938086
430886,430892,431439,6,547,2,7200,1.01096892139
430905,430912,431367,7,455,2,7200,1.01538461538
430920,430927,431467,7,540,2,7200,1.01296296296
430975,430982,431434,7,452,2,7200,1.01548672566
430994,431000,431505,6,505,2,7200,1.01188118812
431019,431025,431558,6,533,2,7200,1.01125703565
431035,431042,431599,7,557,2,7200,1.01256732496
431050,431056,431581,6,525,2,7200,1.01142857143
431075,431081,431645,6,564,2,7200,1.01063829787
431124,431130,431637,6,507,2,7200,1.01183431953
431139,431146,431646,7,500,2,7200,1.014
431173,431180,431664,7,484,2,7200,1.01446280992
431195,431202,431688,7,486,2,7200,1.01440329218
431302,431308,431731,6,423,2,7200,1.01418439716
431317,431324,431823,7,499,2,7200,1.01402805611
431369,431376,431914,7,538,2,7200,1.01301115242
431415,431421,431970,6,549,2,7200,1.01092896175
431437,431443,431970,6,527,2,7200,1.01138519924
431453,431459,431952,6,493,2,7200,1.0121703854
431469,431476,431976,7,500,2,7200,1.014
431509,431516,432021,7,505,2,7200,1.01386138614
431561,431568,432000,7,432,2,7200,1.0162037037
431582,431588,432039,6,451,2,7200,1.0133037694
431601,431608,432108,7,500,2,7200,1.014
431641,431647,432156,6,509,2,7200,1.01178781925
431656,431664,432167,8,503,2,7200,1.01590457256
431658,431676,432185,18,509,2,7200,1.03536345776
431673,431683,432186,10,503,2,7200,1.01988071571
431689,431695,432239,6,544,2,7200,1.01102941176
431732,431739,432251,7,512,2,7200,1.013671875
431826,431834,432322,8,488,2,7200,1.01639344262
431918,431924,432453,6,529,2,7200,1.01134215501
431955,431961,432455,6,494,2,7200,1.01214574899
431974,431980,432479,6,499,2,7200,1.0120240481
431976,431987,432484,11,497,2,7200,1.02213279678
431991,431997,432507,6,510,2,7200,1.01176470588
432007,432013,432507,6,494,2,7200,1.01214574899
432022,432029,432537,7,508,2,7200,1.01377952756
432041,432047,432512,6,465,2,7200,1.01290322581
432111,432118,432635,7,517,2,7200,1.01353965184
432160,432167,432712,7,545,2,7200,1.0128440367
432175,432183,432681,8,498,2,7200,1.01606425703
432191,432199,432653,8,454,2,7200,1.01762114537
432193,432206,432767,13,561,2,7200,1.02317290553
432242,432249,432736,7,487,2,7200,1.01437371663
432257,432265,432772,8,507,2,7200,1.0157790927
432325,432331,432692,6,361,2,7200,1.01662049861
432456,432462,432915,6,453,2,7200,1.01324503311
432458,432470,432982,12,512,2,7200,1.0234375
432482,432490,432991,8,501,2,7200,1.01596806387
432498,432505,432998,7,493,2,7200,1.01419878296
432514,432520,433005,6,485,2,7200,1.01237113402
432516,432528,433047,12,519,2,7200,1.02312138728
432517,432533,433043,16,510,2,7200,1.03137254902
432539,432546,432988,7,442,2,7200,1.01583710407
432640,432647,433163,7,516,2,7200,1.01356589147
432655,432662,433165,7,503,2,7200,1.01391650099
432683,432690,433084,7,394,2,7200,1.01776649746
432699,432705,433210,6,505,2,7200,1.01188118812
432714,432721,433238,7,517,2,7200,1.01353965184
432739,432746,433201,7,455,2,7200,1.01538461538
432770,432776,433283,6,507,2,7200,1.01183431953
432785,432791,433310,6,519,2,7200,1.01156069364
432916,432922,433434,6,512,2,7200,1.01171875
432983,432993,433511,10,518,2,7200,1.01930501931
432999,433006,433467,7,461,2,7200,1.01518438178
433001,433013,433475,12,462,2,7200,1.02597402597
433002,433018,433518,16,500,2,7200,1.032
433018,433025,433514,7,489,2,7200,1.01431492843
433046,433052,433551,6,499,2,7200,1.0120240481
433062,433068,433551,6,483,2,7200,1.01242236025
433087,433093,433592,6,499,2,7200,1.0120240481
433166,433173,433653,7,480,2,7200,1.01458333333
433168,433180,433670,12,490,2,7200,1.02448979592
433205,433212,433698,7,486,2,7200,1.01440329218
433220,433226,433760,6,534,2,7200,1.01123595506
433242,433248,433753,6,505,2,7200,1.01188118812
433285,433292,433793,7,501,2,7200,1.01397205589
433312,433318,433869,6,551,2,7200,1.0108892922
433437,433444,433931,7,487,2,7200,1.01437371663
433470,433477,433967,7,490,2,7200,1.01428571429
433486,433493,433987,7,494,2,7200,1.01417004049
433513,433520,434024,7,504,2,7200,1.01388888889
433529,433535,434062,6,527,2,7200,1.01138519924
433530,433542,434060,12,518,2,7200,1.02316602317
433555,433561,434022,6,461,2,7200,1.01301518438
433557,433573,434091,16,518,2,7200,1.03088803089
433594,433601,434096,7,495,2,7200,1.01414141414
433654,433661,434145,7,484,2,7200,1.01446280992
433675,433681,434167,6,486,2,7200,1.01234567901
433702,433709,434100,7,391,2,7200,1.0179028133
433754,433761,434064,7,303,2,7200,1.02310231023
433770,433777,434304,7,527,2,7200,1.01328273245
433794,433800,434189,6,389,2,7200,1.01542416452
433873,433879,434381,6,502,2,7200,1.01195219124
433934,433941,434475,7,534,2,7200,1.01310861423
433968,433975,434222,7,247,2,7200,1.02834008097
433989,433997,434513,8,516,2,7200,1.01550387597
434023,434029,434507,6,478,2,7200,1.01255230126
434038,434045,434537,7,492,2,7200,1.01422764228
434064,434071,434580,7,509,2,7200,1.0137524558
434066,434078,434636,12,558,2,7200,1.02150537634
434067,434083,434511,16,428,2,7200,1.03738317757
434096,434103,434576,7,473,2,7200,1.01479915433
434111,434117,434455,6,338,2,7200,1.01775147929
434113,434125,434637,12,512,2,7200,1.0234375
434147,434154,434641,7,487,2,7200,1.01437371663
434169,434176,434672,7,496,2,7200,1.01411290323
434190,434197,434695,7,498,2,7200,1.0140562249
434224,434230,434742,6,512,2,7200,1.01171875
434307,434313,434685,6,372,2,7200,1.01612903226
434383,434390,434881,7,491,2,7200,1.01425661914
434456,434463,434965,7,502,2,7200,1.01394422311
434478,434485,434959,7,474,2,7200,1.01476793249
434509,434515,435038,6,523,2,7200,1.01147227533
434525,434531,435030,6,499,2,7200,1.0120240481
434526,434539,435057,13,518,2,7200,1.0250965251
434542,434549,435036,7,487,2,7200,1.01437371663
434579,434586,435085,7,499,2,7200,1.01402805611
434594,434601,435086,7,485,2,7200,1.01443298969
434641,434648,435176,7,528,2,7200,1.01325757576
434642,434655,435106,13,451,2,7200,1.0288248337
434658,434665,435158,7,493,2,7200,1.01419878296
434677,434684,435138,7,454,2,7200,1.0154185022
434692,434698,435173,6,475,2,7200,1.01263157895
434708,434714,435208,6,494,2,7200,1.01214574899
434744,434775,435331,31,556,2,7200,1.05575539568
434885,434892,435386,7,494,2,7200,1.01417004049
434960,434968,435402,8,434,2,7200,1.01843317972
434976,434982,435477,6,495,2,7200,1.01212121212
435034,435040,435585,6,545,2,7200,1.01100917431
435049,435055,435571,6,516,2,7200,1.01162790698
435051,435062,435563,11,501,2,7200,1.02195608782
435066,435072,435561,6,489,2,7200,1.01226993865
435088,435094,435600,6,506,2,7200,1.01185770751
435090,435102,435575,12,473,2,7200,1.02536997886
435108,435115,435650,7,535,2,7200,1.01308411215
435139,435145,435692,6,547,2,7200,1.01096892139
435161,435168,435636,7,468,2,7200,1.01495726496
435176,435183,435698,7,515,2,7200,1.01359223301
435178,435190,435735,12,545,2,7200,1.02201834862
435212,435219,435678,7,459,2,7200,1.01525054466
435333,435341,435875,8,534,2,7200,1.01498127341
435388,435396,435911,8,515,2,7200,1.01553398058
435404,435410,435922,6,512,2,7200,1.01171875
435480,435486,436001,6,515,2,7200,1.01165048544
435562,435568,436081,6,513,2,7200,1.01169590643
435578,435584,436066,6,482,2,7200,1.01244813278
435579,435592,435952,13,360,2,7200,1.03611111111
435581,435597,436117,16,520,2,7200,1.03076923077
435596,435604,436065,8,461,2,7200,1.01735357918
435611,435618,436043,7,425,2,7200,1.01647058824
435639,435645,436157,6,512,2,7200,1.01171875
435654,435661,436206,7,545,2,7200,1.0128440367
435679,435685,436143,6,458,2,7200,1.01310043668
435695,435701,436204,6,503,2,7200,1.01192842942
435710,435716,436199,6,483,2,7200,1.01242236025
435738,435745,436232,7,487,2,7200,1.01437371663
435877,435883,436407,6,524,2,7200,1.01145038168
435914,435920,436413,6,493,2,7200,1.0121703854
435930,435937,436419,7,482,2,7200,1.01452282158
435955,435962,436428,7,466,2,7200,1.01502145923
436003,436011,436510,8,499,2,7200,1.01603206413
436046,436054,436622,8,568,2,7200,1.01408450704
436068,436074,436598,6,524,2,7200,1.01145038168
436070,436081,436592,11,511,2,7200,1.02152641879
436085,436092,436631,7,539,2,7200,1.01298701299
436119,436125,436599,6,474,2,7200,1.01265822785
436147,436154,436677,7,523,2,7200,1.01338432122
436163,436171,436681,8,510,2,7200,1.01568627451
436203,436210,436708,7,498,2,7200,1.0140562249
436218,436226,436738,8,512,2,7200,1.015625
436220,436233,436748,13,515,2,7200,1.02524271845
436236,436243,436745,7,502,2,7200,1.01394422311
436409,436416,436924,7,508,2,7200,1.01377952756
436425,436431,436920,6,489,2,7200,1.01226993865
436427,436438,436984,11,546,2,7200,1.02014652015
436442,436448,436957,6,509,2,7200,1.01178781925
436512,436518,436863,6,345,2,7200,1.01739130435
436594,436602,437078,8,476,2,7200,1.01680672269
436610,436616,437148,6,532,2,7200,1.01127819549
436612,436623,437147,11,524,2,7200,1.02099236641
436627,436634,437112,7,478,2,7200,1.01464435146
436643,436650,437101,7,451,2,7200,1.0155210643
436680,436687,437214,7,527,2,7200,1.01328273245
436695,436701,437180,6,479,2,7200,1.01252609603
436711,436718,437261,7,543,2,7200,1.01289134438
436742,436749,437256,7,507,2,7200,1.01380670611
436757,436765,437315,8,550,2,7200,1.01454545455
436759,436772,437283,13,511,2,7200,1.02544031311
436866,436873,437355,7,482,2,7200,1.01452282158
436924,436930,437451,6,521,2,7200,1.01151631478
436940,436946,437492,6,546,2,7200,1.01098901099
436958,436964,437533,6,569,2,7200,1.01054481547
436986,436992,437505,6,513,2,7200,1.01169590643
437080,437088,437572,8,484,2,7200,1.01652892562
437102,437108,437522,6,414,2,7200,1.01449275362
437118,437123,437616,5,493,2,7200,1.01014198783
437148,437155,437676,7,521,2,7200,1.01343570058
437150,437162,437651,12,489,2,7200,1.0245398773
437181,437188,437696,7,508,2,7200,1.01377952756
437218,437225,437727,7,502,2,7200,1.01394422311
437258,437264,437743,6,479,2,7200,1.01252609603
437273,437280,437744,7,464,2,7200,1.0150862069
437289,437295,437785,6,490,2,7200,1.01224489796
437316,437323,437831,7,508,2,7200,1.01377952756
437356,437362,437810,6,448,2,7200,1.01339285714
437454,437461,437949,7,488,2,7200,1.0143442623
437493,437500,437970,7,470,2,7200,1.01489361702
437509,437515,438028,6,513,2,7200,1.01169590643
437525,437531,438042,6,511,2,7200,1.01174168297
437540,437546,438028,6,482,2,7200,1.01244813278
437574,437621,438160,47,539,2,7200,1.08719851577
437620,437628,438125,8,497,2,7200,1.01609657948
437654,437661,438159,7,498,2,7200,1.0140562249
437679,437685,438062,6,377,2,7200,1.01591511936
437697,437703,438206,6,503,2,7200,1.01192842942
437731,437738,438249,7,511,2,7200,1.01369863014
437747,437754,438303,7,549,2,7200,1.01275045537
437748,437761,438279,13,518,2,7200,1.0250965251
437788,437795,438287,7,492,2,7200,1.01422764228
437813,437820,438296,7,476,2,7200,1.01470588235
437835,437842,438323,7,481,2,7200,1.01455301455
437951,437958,438393,7,435,2,7200,1.01609195402
437972,437980,438459,8,479,2,7200,1.01670146138
438031,438037,438551,6,514,2,7200,1.01167315175
438033,438045,438508,12,463,2,7200,1.02591792657
438048,438055,438591,7,536,2,7200,1.01305970149
438064,438070,438565,6,495,2,7200,1.01212121212
438128,438134,438579,6,445,2,7200,1.01348314607
438162,438168,438649,6,481,2,7200,1.01247401247
438164,438175,438650,11,475,2,7200,1.02315789474
438210,438217,438694,7,477,2,7200,1.01467505241
438252,438259,438795,7,536,2,7200,1.01305970149
438280,438287,438776,7,489,2,7200,1.01431492843
438297,438303,438778,6,475,2,7200,1.01263157895
438298,438310,438807,12,497,2,7200,1.02414486922
438314,438321,438790,7,469,2,7200,1.01492537313
438330,438336,438836,6,500,2,7200,1.012
438397,438403,438953,6,550,2,7200,1.01090909091
438461,438468,439015,7,547,2,7200,1.01279707495
438510,438518,439013,8,495,2,7200,1.01616161616
438553,438560,439098,7,538,2,7200,1.01301115242
438569,438575,439085,6,510,2,7200,1.01176470588
438584,438591,439047,7,456,2,7200,1.01535087719
438600,438609,439089,9,480,2,7200,1.01875
438652,438658,439165,6,507,2,7200,1.01183431953
438654,438665,439200,11,535,2,7200,1.02056074766
438697,438704,439220,7,516,2,7200,1.01356589147
438779,438786,439310,7,524,2,7200,1.01335877863
438781,438793,439265,12,472,2,7200,1.02542372881
438797,438803,439316,6,513,2,7200,1.01169590643
438798,438810,439335,12,525,2,7200,1.02285714286
438816,438822,439331,6,509,2,7200,1.01178781925
438838,438845,439356,7,511,2,7200,1.01369863014
438956,438963,439457,7,494,2,7200,1.01417004049
439015,439021,439519,6,498,2,7200,1.01204819277
439030,439037,439560,7,523,2,7200,1.01338432122
439049,439056,439589,7,533,2,7200,1.01313320826
439089,439095,439593,6,498,2,7200,1.01204819277
439104,439111,439600,7,489,2,7200,1.01431492843
439106,439117,439615,11,498,2,7200,1.02208835341
439167,439173,439638,6,465,2,7200,1.01290322581
439201,439207,439673,6,466,2,7200,1.01287553648
439222,439229,439737,7,508,2,7200,1.01377952756
439268,439274,439737,6,463,2,7200,1.01295896328
439311,439318,439840,7,522,2,7200,1.01340996169
439327,439334,439821,7,487,2,7200,1.01437371663
439343,439350,439854,7,504,2,7200,1.01388888889
439344,439356,439895,12,539,2,7200,1.02226345083
439360,439366,439924,6,558,2,7200,1.01075268817
439460,439468,439968,8,500,2,7200,1.016
439522,439581,440110,59,529,2,7200,1.11153119093
439561,439586,440050,25,464,2,7200,1.05387931034
439592,439599,440094,7,495,2,7200,1.01414141414
439608,439615,440128,7,513,2,7200,1.01364522417
439610,439622,440003,12,381,2,7200,1.03149606299
439625,439632,440132,7,500,2,7200,1.014
439641,439648,440170,7,522,2,7200,1.01340996169
439675,439681,440207,6,526,2,7200,1.01140684411
439739,439745,440306,6,561,2,7200,1.01069518717
439740,439752,440256,12,504,2,7200,1.02380952381
439823,439829,440284,6,455,2,7200,1.01318681319
439842,439848,440302,6,454,2,7200,1.01321585903
439857,439863,440379,6,516,2,7200,1.01162790698
439857,440765,440770,908,5,1,360000,91.3
439897,439903,440399,6,496,2,7200,1.01209677419
439928,439934,440400,6,466,2,7200,1.01287553648
439971,439978,440470,7,492,2,7200,1.01422764228
440005,440012,440524,7,512,2,7200,1.013671875
440008,440498,474404,490,33906,1,360000,1.01445171946
440054,440061,440563,7,502,2,7200,1.01394422311
440097,440104,440571,7,467,2,7200,1.01498929336
440112,440119,440466,7,347,2,7200,1.02017291066
440131,440138,440629,7,491,2,7200,1.01425661914
440146,440153,440652,7,499,2,7200,1.01402805611
440171,440178,440714,7,536,2,7200,1.01305970149
440211,440217,440708,6,491,2,7200,1.01221995927
440260,440266,440749,6,483,2,7200,1.01242236025
440287,440294,440785,7,491,2,7200,1.01425661914
440303,440310,440777,7,467,2,7200,1.01498929336
440319,440326,440859,7,533,2,7200,1.01313320826
440383,440390,440897,7,507,2,7200,1.01380670611
440402,440409,440929,7,520,2,7200,1.01346153846
440403,440416,440909,13,493,2,7200,1.02636916836
440468,440474,440974,6,500,2,7200,1.012
440483,440489,440997,6,508,2,7200,1.01181102362
440526,440533,441038,7,505,2,7200,1.01386138614
440566,440572,440966,6,394,2,7200,1.0152284264
440581,440587,441103,6,516,2,7200,1.01162790698
440630,440637,441125,7,488,2,7200,1.0143442623
440634,440781,440788,147,7,1,3600,15.4
440655,440662,441172,7,510,2,7200,1.0137254902
440664,440751,440753,87,2,1,180000,8.9
440710,440716,441253,6,537,2,7200,1.01117318436
440725,440732,441235,7,503,2,7200,1.01391650099
440750,440757,441280,7,523,2,7200,1.01338432122
440781,440788,441257,7,469,2,7200,1.01492537313
440796,440806,441294,10,488,2,7200,1.02049180328
440860,440867,441350,7,483,2,7200,1.01449275362
440894,440900,441024,6,124,1,3600,1.04838709677
440900,440906,441452,6,546,2,7200,1.01098901099
440916,440923,441428,7,505,2,7200,1.01386138614
440931,440938,441446,7,508,2,7200,1.01377952756
440968,440975,441508,7,533,2,7200,1.01313320826
440983,440991,441458,8,467,2,7200,1.01713062099
440999,441006,441524,7,518,2,7200,1.01351351351
441039,441046,441518,7,472,2,7200,1.01483050847
441106,441113,441613,7,500,2,7200,1.014
441128,441134,441629,6,495,2,7200,1.01212121212
441149,441156,441415,7,259,1,3600,1.02702702703
441174,441180,441662,6,482,2,7200,1.01244813278
441238,441244,441799,6,555,2,7200,1.01081081081
441257,441263,441753,6,490,2,7200,1.01224489796
441259,441271,441778,12,507,2,7200,1.02366863905
441284,441291,441740,7,449,2,7200,1.01559020045
441299,441306,441819,7,513,2,7200,1.01364522417
441351,441359,441855,8,496,2,7200,1.01612903226
441431,441437,441927,6,490,2,7200,1.01224489796
441449,441456,441935,7,479,2,7200,1.01461377871
441465,441472,441951,7,479,2,7200,1.01461377871
441466,441479,441962,13,483,2,7200,1.02691511387
441510,441516,442012,6,496,2,7200,1.01209677419
441526,441533,441984,7,451,2,7200,1.0155210643
441528,441540,442076,12,536,2,7200,1.0223880597
441616,441624,442122,8,498,2,7200,1.01606425703
441632,441639,442165,7,526,2,7200,1.01330798479
441633,441646,442068,13,422,1,3600,1.0308056872
441666,441673,442161,7,488,2,7200,1.0143442623
441742,441749,442233,7,484,2,7200,1.01446280992
441758,441765,442220,7,455,2,7200,1.01538461538
441780,441786,442312,6,526,2,7200,1.01140684411
441801,441809,442305,8,496,2,7200,1.01612903226
441823,441829,442330,6,501,2,7200,1.0119760479
441857,441863,442371,6,508,2,7200,1.01181102362
441904,442078,442080,174,2,1,180000,17.6
441930,441936,442471,6,535,2,7200,1.01121495327
441946,441953,442483,7,530,2,7200,1.01320754717
441961,441967,442484,6,517,2,7200,1.01160541586
441977,441983,442464,6,481,2,7200,1.01247401247
441992,441998,442486,6,488,2,7200,1.01229508197
442014,442021,442514,7,493,2,7200,1.01419878296
442078,442085,442562,7,477,2,7200,1.01467505241
442124,442130,442543,6,413,2,7200,1.01452784504
442164,442170,442683,6,513,2,7200,1.01169590643
442179,442186,442629,7,443,2,7200,1.0158013544
442222,442228,442787,6,559,2,7200,1.01073345259
442238,442245,442731,7,486,2,7200,1.01440329218
442308,442315,442829,7,514,2,7200,1.01361867704
442323,442329,442804,6,475,2,7200,1.01263157895
442339,442345,442856,6,511,2,7200,1.01174168297
442373,442379,442950,6,571,2,7200,1.01050788091
442467,442474,443024,7,550,2,7200,1.01272727273
442483,442490,443021,7,531,2,7200,1.0131826742
442498,442505,442913,7,408,2,7200,1.01715686275
442500,442512,443018,12,506,2,7200,1.02371541502
442502,442518,443011,16,493,2,7200,1.03245436105
442517,442525,443002,8,477,2,7200,1.01677148847
442545,442552,443062,7,510,2,7200,1.0137254902
442564,442571,443078,7,507,2,7200,1.01380670611
442572,442589,442595,17,6,1,3600,2.3
442630,442637,443164,7,527,2,7200,1.01328273245
442686,442692,443206,6,514,2,7200,1.01167315175
442701,442803,442919,102,116,1,3600,1.87931034483
442735,442741,443293,6,552,2,7200,1.01086956522
442790,442796,443311,6,515,2,7200,1.01165048544
442808,442815,443324,7,509,2,7200,1.0137524558
442830,442836,443303,6,467,2,7200,1.01284796574
442858,442864,443356,6,492,2,7200,1.01219512195
442916,442923,443436,7,513,2,7200,1.01364522417
442953,442959,443419,6,460,2,7200,1.01304347826
443005,443012,443512,7,500,2,7200,1.014
443021,443028,443555,7,527,2,7200,1.01328273245
443022,443035,443535,13,500,2,7200,1.026
443038,443044,443535,6,491,2,7200,1.01221995927
443040,443052,443565,12,513,2,7200,1.02339181287
443042,443179,443878,137,699,1,3600,1.19599427754
443065,443071,443571,6,500,2,7200,1.012
443080,443087,443555,7,468,2,7200,1.01495726496
443166,443172,443661,6,489,2,7200,1.01226993865
443208,443215,443708,7,493,2,7200,1.01419878296
443297,443303,443734,6,431,2,7200,1.01392111369
443313,443319,443836,6,517,2,7200,1.01160541586
443314,443326,443872,12,546,2,7200,1.02197802198
443330,443336,443849,6,513,2,7200,1.01169590643
443358,443365,443814,7,449,2,7200,1.01559020045
443422,443429,443902,7,473,2,7200,1.01479915433
443437,443445,443960,8,515,2,7200,1.01553398058
443514,443520,444047,6,527,2,7200,1.01138519924
443539,443545,444058,6,513,2,7200,1.01169590643
443540,443553,444104,13,551,2,7200,1.02359346642
443559,443566,443991,7,425,2,7200,1.01647058824
443561,443573,444096,12,523,2,7200,1.02294455067
443577,443583,444084,6,501,2,7200,1.0119760479
443578,443590,444102,12,512,2,7200,1.0234375
443664,443671,444193,7,522,2,7200,1.01340996169
443713,443720,444192,7,472,2,7200,1.01483050847
443738,443745,444209,7,464,2,7200,1.0150862069
443817,443823,444272,6,449,2,7200,1.01336302895
443838,443845,444338,7,493,2,7200,1.01419878296
443854,443861,444349,7,488,2,7200,1.0143442623
443876,443883,444403,7,520,2,7200,1.01346153846
443907,443914,444454,7,540,2,7200,1.01296296296
443962,443968,444453,6,485,2,7200,1.01237113402
443992,443999,444539,7,540,2,7200,1.01296296296
444050,444056,444554,6,498,2,7200,1.01204819277
444066,444073,444571,7,498,2,7200,1.0140562249
444088,444094,444588,6,494,2,7200,1.01214574899
444091,444108,445061,17,953,1,3600,1.01783840504
444104,444115,444632,11,517,2,7200,1.02127659574
444105,444120,444626,15,506,2,7200,1.02964426877
444121,444128,444652,7,524,2,7200,1.01335877863
444194,444200,444686,6,486,2,7200,1.01234567901
444196,444207,444679,11,472,2,7200,1.02330508475
444211,444218,444723,7,505,2,7200,1.01386138614
444275,444282,444663,7,381,2,7200,1.01837270341
444304,444361,444369,57,8,1,1800,6.5
444340,444347,444900,7,553,2,7200,1.01265822785
444355,444367,444833,12,466,2,7200,1.02575107296
444404,444412,444888,8,476,2,7200,1.01680672269
444456,444464,444951,8,487,2,7200,1.01642710472
444458,444471,444997,13,526,2,7200,1.0247148289
444516,444524,444823,8,299,1,3600,1.02675585284
444529,444557,444637,28,80,1,1800,1.35
444543,444550,445060,7,510,2,7200,1.0137254902
444559,444565,445054,6,489,2,7200,1.01226993865
444574,444581,445099,7,518,2,7200,1.01351351351
444590,444597,445048,7,451,2,7200,1.0155210643
444630,444636,445119,6,483,2,7200,1.01242236025
444646,444652,445158,6,506,2,7200,1.01185770751
444661,444667,445154,6,487,2,7200,1.01232032854
444677,444683,445198,6,515,2,7200,1.01165048544
444693,444699,445172,6,473,2,7200,1.01268498943
444694,444705,445190,11,485,2,7200,1.02268041237
444725,444731,445257,6,526,2,7200,1.01140684411
444835,444841,445348,6,507,2,7200,1.01183431953
444890,444897,445389,7,492,2,7200,1.01422764228
444900,444907,445006,7,99,1,1800,1.07070707071
444906,444915,445461,9,546,2,7200,1.01648351648
444937,444944,445627,7,683,1,3600,1.0102489019
444955,444962,445449,7,487,2,7200,1.01437371663
445001,445008,445509,7,501,2,7200,1.01397205589
445050,445057,445539,7,482,2,7200,1.01452282158
445066,445072,445577,6,505,2,7200,1.01188118812
445067,445078,445520,11,442,2,7200,1.02488687783
445101,445107,445600,6,493,2,7200,1.0121703854
445123,445129,445660,6,531,2,7200,1.01129943503
445157,445164,445656,7,492,2,7200,1.01422764228
445173,445180,445719,7,539,2,7200,1.01298701299
445175,445187,445704,12,517,2,7200,1.02321083172
445193,445200,445707,7,507,2,7200,1.01380670611
445209,445215,445697,6,482,2,7200,1.01244813278
445258,445265,445803,7,538,2,7200,1.01301115242
445352,445359,445869,7,510,2,7200,1.0137254902
445392,445398,445894,6,496,2,7200,1.01209677419
445450,445456,445930,6,474,2,7200,1.01265822785
445466,445473,445993,7,520,2,7200,1.01346153846
445512,445518,446064,6,546,2,7200,1.01098901099
445527,445534,445976,7,442,2,7200,1.01583710407
445531,445556,445563,25,7,1,3600,3.2
445543,445549,446043,6,494,2,7200,1.01214574899
445579,445587,446105,8,518,2,7200,1.01544401544
445601,445607,446119,6,512,2,7200,1.01171875
445659,445666,446162,7,496,2,7200,1.01411290323
445661,445673,446174,12,501,2,7200,1.02395209581
445664,445678,445882,14,204,1,3600,1.06862745098
445701,445708,446180,7,472,2,7200,1.01483050847
445717,445724,446235,7,511,2,7200,1.01369863014
445718,445731,446213,13,482,2,7200,1.02697095436
445734,445740,446229,6,489,2,7200,1.01226993865
445807,445814,446304,7,490,2,7200,1.01428571429
445838,445892,446852,54,960,1,3600,1.05625
445871,445877,446386,6,509,2,7200,1.01178781925
445896,445903,446423,7,520,2,7200,1.01346153846
445933,445939,446461,6,522,2,7200,1.01149425287
445979,445986,446497,7,511,2,7200,1.01369863014
445997,446005,446494,8,489,2,7200,1.0163599182
446007,446121,446686,114,565,1,3600,1.2017699115
446017,446126,446347,109,221,1,1800,1.49321266968
446046,446053,446615,7,562,2,7200,1.01245551601
446068,446075,446636,7,561,2,7200,1.01247771836
446108,446114,446625,6,511,2,7200,1.01174168297
446123,446133,446647,10,514,2,7200,1.01945525292
446163,446169,446717,6,548,2,7200,1.01094890511
446179,446185,446738,6,553,2,7200,1.01084990958
446194,446201,446694,7,493,2,7200,1.01419878296
446216,446222,446722,6,500,2,7200,1.012
446232,446238,446702,6,464,2,7200,1.01293103448
446247,446253,446762,6,509,2,7200,1.01178781925
446308,446315,446706,7,391,2,7200,1.0179028133
446388,446395,446867,7,472,2,7200,1.01483050847
446425,446431,446917,6,486,2,7200,1.01234567901
446464,446472,446964,8,492,2,7200,1.0162601626
446498,446506,447074,8,568,2,7200,1.01408450704
446500,446513,446921,13,408,2,7200,1.0318627451
446619,446626,447159,7,533,2,7200,1.01313320826
446634,446640,447152,6,512,2,7200,1.01171875
446650,446657,447184,7,527,2,7200,1.01328273245
446651,446664,447123,13,459,2,7200,1.02832244009
446698,446705,447188,7,483,2,7200,1.01449275362
446713,446719,447241,6,522,2,7200,1.01149425287
446715,446727,447238,12,511,2,7200,1.02348336595
446731,446738,447173,7,435,2,7200,1.01609195402
446732,446745,447265,13,520,2,7200,1.025
446748,446754,447253,6,499,2,7200,1.0120240481
446764,446770,447289,6,519,2,7200,1.01156069364
446870,446877,447395,7,518,2,7200,1.01351351351
446888,446894,447323,6,429,1,3600,1.01398601399
446919,446926,447430,7,504,2,7200,1.01388888889
446935,446941,447453,6,512,2,7200,1.01171875
446959,446965,446972,6,7,1,1800,1.3
446966,446973,447430,7,457,2,7200,1.01531728665
447075,447082,447425,7,343,2,7200,1.02040816327
447101,447107,447153,6,46,1,1800,1.13043478261
447124,447131,447671,7,540,2,7200,1.01296296296
447155,447163,447668,8,505,2,7200,1.01584158416
447170,447176,447666,6,490,2,7200,1.01224489796
447186,447193,447680,7,487,2,7200,1.01437371663
447188,447200,447702,12,502,2,7200,1.02390438247
447203,447210,447762,7,552,2,7200,1.01268115942
447240,447246,447759,6,513,2,7200,1.01169590643
447256,447263,447727,7,464,2,7200,1.0150862069
447257,447270,447794,13,524,2,7200,1.02480916031
447273,447280,447754,7,474,2,7200,1.01476793249
447292,447298,447802,6,504,2,7200,1.0119047619
447341,447347,447434,6,87,1,1800,1.06896551724
447398,447404,447804,6,400,2,7200,1.015
447429,447435,447940,6,505,2,7200,1.01188118812
447445,447452,447968,7,516,2,7200,1.01356589147
447446,447458,447951,12,493,2,7200,1.02434077079
447462,447468,447945,6,477,2,7200,1.01257861635
447649,447656,447739,7,83,1,3600,1.0843373494
447669,447675,448177,6,502,2,7200,1.01195219124
447670,447681,448159,11,478,2,7200,1.0230125523
447686,447692,448246,6,554,2,7200,1.01083032491
447688,447698,448224,10,526,2,7200,1.01901140684
447703,447710,448250,7,540,2,7200,1.01296296296
447731,447738,448282,7,544,2,7200,1.01286764706
447756,447763,448252,7,489,2,7200,1.01431492843
447771,447779,448295,8,516,2,7200,1.01550387597
447773,447786,448261,13,475,2,7200,1.02736842105
447785,447793,447798,8,5,1,3600,1.3
447798,447804,448218,6,414,2,7200,1.01449275362
447813,447820,448367,7,547,2,7200,1.01279707495
447815,447826,448350,11,524,2,7200,1.02099236641
447847,447853,448091,6,238,1,3600,1.02521008403
447855,447957,448119,102,162,1,1800,1.62962962963
447900,447962,448047,62,85,1,3600,1.72941176471
447943,447950,448465,7,515,2,7200,1.01359223301
447959,447969,448500,10,531,2,7200,1.01883239171
447960,447974,448461,14,487,2,7200,1.02874743326
447976,447982,448473,6,491,2,7200,1.01221995927
448161,448168,448662,7,494,2,7200,1.01417004049
448165,448175,448459,10,284,1,3600,1.03521126761
448180,448187,448667,7,480,2,7200,1.01458333333
448220,448227,448722,7,495,2,7200,1.01414141414
448235,448243,448712,8,469,2,7200,1.0170575693
448251,448258,448646,7,388,2,7200,1.01804123711
448253,448265,448759,12,494,2,7200,1.02429149798
448269,448276,448795,7,519,2,7200,1.01348747592
448270,448282,448755,12,473,2,7200,1.02536997886
448286,448293,448806,7,513,2,7200,1.01364522417
448302,448309,448826,7,517,2,7200,1.01353965184
448353,448361,448865,8,504,2,7200,1.01587301587
448369,448381,448839,12,458,1,3600,1.02620087336
448369,448375,448889,6,514,2,7200,1.01167315175
448464,448471,448966,7,495,2,7200,1.01414141414
448480,448486,448968,6,482,2,7200,1.01244813278
448481,448493,448998,12,505,2,7200,1.02376237624
448503,448510,449060,7,550,2,7200,1.01272727273
448649,448656,449122,7,466,2,7200,1.01502145923
448664,448671,449110,7,439,2,7200,1.0159453303
448680,448686,449178,6,492,2,7200,1.01219512195
448701,448707,449121,6,414,1,3600,1.01449275362
448714,448720,449231,6,511,2,7200,1.01174168297
448730,448737,449262,7,525,2,7200,1.01333333333
448758,448765,449290,7,525,2,7200,1.01333333333
448759,448772,449262,13,490,2,7200,1.02653061224
448799,448805,449288,6,483,2,7200,1.01242236025
448815,448822,449319,7,497,2,7200,1.01408450704
448831,448837,449325,6,488,2,7200,1.01229508197
448867,448875,449332,8,457,2,7200,1.01750547046
448892,448899,449350,7,451,2,7200,1.0155210643
448969,448976,449509,7,533,2,7200,1.01313320826
448970,448983,449407,13,424,2,7200,1.03066037736
449001,449008,449494,7,486,2,7200,1.01440329218
449062,449068,449575,6,507,2,7200,1.01183431953
449111,449118,449592,7,474,2,7200,1.01476793249
449127,449133,449620,6,487,2,7200,1.01232032854
449179,449185,449719,6,534,2,7200,1.01123595506
449234,449241,449744,7,503,2,7200,1.01391650099
449265,449272,449770,7,498,2,7200,1.0140562249
449266,449278,449783,12,505,2,7200,1.02376237624
449291,449299,449775,8,476,2,7200,1.01680672269
449293,449306,449814,13,508,2,7200,1.02559055118
449321,449327,449831,6,504,2,7200,1.0119047619
449337,449344,449837,7,493,2,7200,1.01419878296
449338,449351,449875,13,524,2,7200,1.02480916031
449354,449361,449810,7,449,2,7200,1.01559020045
449409,449415,449919,6,504,2,7200,1.0119047619
449497,449503,450038,6,535,2,7200,1.01121495327
449513,449519,450054,6,535,2,7200,1.01121495327
449577,449584,450102,7,518,2,7200,1.01351351351
449595,449603,450063,8,460,2,7200,1.01739130435
449623,449629,450125,6,496,2,7200,1.01209677419
449721,449727,450232,6,505,2,7200,1.01188118812
449745,449752,450237,7,485,2,7200,1.01443298969
449773,449780,450282,7,502,2,7200,1.01394422311
449789,449797,450312,8,515,2,7200,1.01553398058
449791,449802,450302,11,500,2,7200,1.022
449812,449818,450292,6,474,2,7200,1.01265822785
449828,449835,450363,7,528,2,7200,1.01325757576
449843,449851,450384,8,533,2,7200,1.01500938086
449845,449858,450367,13,509,2,7200,1.02554027505
449879,449885,450384,6,499,2,7200,1.0120240481
449922,449929,450444,7,515,2,7200,1.01359223301
450041,450048,450549,7,501,2,7200,1.01397205589
450056,450064,450520,8,456,2,7200,1.01754385965
450072,450078,450428,6,350,2,7200,1.01714285714
450106,450113,450663,7,550,2,7200,1.01272727273
450127,450133,450609,6,476,2,7200,1.01260504202
450234,450241,450725,7,484,2,7200,1.01446280992
450249,450255,450735,6,480,2,7200,1.0125
450286,450293,450809,7,516,2,7200,1.01356589147
450302,450309,450781,7,472,2,7200,1.01483050847
450318,450324,450841,6,517,2,7200,1.01160541586
450319,450330,450846,11,516,2,7200,1.02131782946
450365,450372,450864,7,492,2,7200,1.01422764228
450380,450388,450894,8,506,2,7200,1.01581027668
450396,450402,450928,6,526,2,7200,1.01140684411
450398,450409,450789,11,380,2,7200,1.02894736842
450432,450439,450913,7,474,2,7200,1.01476793249
450447,450454,450950,7,496,2,7200,1.01411290323
450523,450531,451002,8,471,2,7200,1.016985138
450551,450558,451049,7,491,2,7200,1.01425661914
450612,450620,451189,8,569,2,7200,1.01405975395
450664,450671,451135,7,464,2,7200,1.0150862069
450729,450735,451270,6,535,2,7200,1.01121495327
450744,450750,451325,6,575,2,7200,1.01043478261
450784,450790,451317,6,527,2,7200,1.01138519924
450799,450807,451339,8,532,2,7200,1.01503759398
450815,450822,451287,7,465,2,7200,1.01505376344
450843,450850,451329,7,479,2,7200,1.01461377871
450858,450866,451404,8,538,2,7200,1.01486988848
450874,450881,451393,7,512,2,7200,1.013671875
450895,450903,451425,8,522,2,7200,1.0153256705
450914,450920,451385,6,465,2,7200,1.01290322581
450930,450936,451435,6,499,2,7200,1.0120240481
450951,450958,451501,7,543,2,7200,1.01289134438
451003,451010,451483,7,473,2,7200,1.01479915433
451053,451060,451586,7,526,2,7200,1.01330798479
451138,451144,451637,6,493,2,7200,1.0121703854
451190,451197,451694,7,497,2,7200,1.01408450704
451272,451278,451818,6,540,2,7200,1.01111111111
451288,451294,451823,6,529,2,7200,1.01134215501
451318,451325,451695,7,370,2,7200,1.01891891892
451334,451340,451859,6,519,2,7200,1.01156069364
451336,451346,451832,10,486,2,7200,1.02057613169
451351,451359,451884,8,525,2,7200,1.01523809524
451388,451394,451885,6,491,2,7200,1.01221995927
451404,451410,451921,6,511,2,7200,1.01174168297
451419,451426,451915,7,489,2,7200,1.01431492843
451435,451441,451948,6,507,2,7200,1.01183431953
451451,451458,452014,7,556,2,7200,1.01258992806
451485,451492,452013,7,521,2,7200,1.01343570058
451503,451510,452036,7,526,2,7200,1.01330798479
451589,451596,452096,7,500,2,7200,1.014
451641,451648,452148,7,500,2,7200,1.014
451696,451703,452221,7,518,2,7200,1.01351351351
451698,451710,452190,12,480,2,7200,1.025
451819,451827,452305,8,478,2,7200,1.01673640167
451835,451841,452241,6,400,2,7200,1.015
451837,451854,452358,17,504,2,7200,1.03373015873
451862,451868,452376,6,508,2,7200,1.01181102362
451887,451894,452417,7,523,2,7200,1.01338432122
451888,451901,452370,13,469,2,7200,1.02771855011
451919,451926,452451,7,525,2,7200,1.01333333333
451935,451941,452410,6,469,2,7200,1.01279317697
451950,451957,452439,7,482,2,7200,1.01452282158
452018,452025,452537,7,512,2,7200,1.013671875
452019,452031,452504,12,473,2,7200,1.02536997886
452038,452044,452532,6,488,2,7200,1.01229508197
452099,452106,452617,7,511,2,7200,1.01369863014
452151,452158,452689,7,531,2,7200,1.0131826742
452194,452200,452715,6,515,2,7200,1.01165048544
452222,452229,452714,7,485,2,7200,1.01443298969
452244,452251,452710,7,459,2,7200,1.01525054466
452276,452282,452362,6,80,1,1800,1.075
452308,452314,452806,6,492,2,7200,1.01219512195
452360,452367,452812,7,445,2,7200,1.01573033708
452376,452382,452839,6,457,2,7200,1.01312910284
452391,452399,452856,8,457,2,7200,1.01750547046
452413,452420,452932,7,512,2,7200,1.013671875
452429,452436,452951,7,515,2,7200,1.01359223301
452444,452450,452926,6,476,2,7200,1.01260504202
452460,452467,452961,7,494,2,7200,1.01417004049
452506,452513,452883,7,370,2,7200,1.01891891892
452534,452540,453058,6,518,2,7200,1.01158301158
452549,452556,453050,7,494,2,7200,1.01417004049
452580,452587,452676,7,89,1,1800,1.07865168539
452619,452626,453137,7,511,2,7200,1.01369863014
452693,452700,453118,7,418,2,7200,1.01674641148
452711,452718,453192,7,474,2,7200,1.01476793249
452727,452734,453272,7,538,2,7200,1.01301115242
452729,452741,453239,12,498,2,7200,1.02409638554
452808,452814,453319,6,505,2,7200,1.01188118812
452823,452830,453340,7,510,2,7200,1.0137254902
452842,452849,453309,7,460,2,7200,1.0152173913
452858,452865,453351,7,486,2,7200,1.01440329218
452885,452892,453413,7,521,2,7200,1.01343570058
452928,452936,453504,8,568,2,7200,1.01408450704
452944,452951,453461,7,510,2,7200,1.0137254902
452960,452966,453487,6,521,2,7200,1.01151631478
452975,452982,453502,7,520,2,7200,1.01346153846
453051,453058,453522,7,464,2,7200,1.0150862069
453067,453073,453542,6,469,2,7200,1.01279317697
453122,453128,453605,6,477,2,7200,1.01257861635
453140,453146,453636,6,490,2,7200,1.01224489796
453195,453203,453752,8,549,2,7200,1.014571949
453241,453248,453730,7,482,2,7200,1.01452282158
453275,453282,453791,7,509,2,7200,1.0137524558
453312,453319,453868,7,549,2,7200,1.01275045537
453327,453335,453644,8,309,2,7200,1.02588996764
453343,453349,453823,6,474,2,7200,1.01265822785
453359,453365,453859,6,494,2,7200,1.01214574899
453417,453424,453967,7,543,2,7200,1.01289134438
453463,453469,453963,6,494,2,7200,1.01214574899
453490,453498,453994,8,496,2,7200,1.01612903226
453506,453513,454021,7,508,2,7200,1.01377952756
453508,453520,453948,12,428,2,7200,1.02803738318
453523,453531,454069,8,538,2,7200,1.01486988848
453545,453552,453939,7,387,2,7200,1.0180878553
453550,453559,453917,9,358,1,1800,1.0251396648
453606,453613,454098,7,485,2,7200,1.01443298969
453640,453647,454144,7,497,2,7200,1.01408450704
453656,453663,454068,7,405,2,7200,1.01728395062
453732,453738,454242,6,504,2,7200,1.0119047619
453754,453760,454108,6,348,2,7200,1.01724137931
453794,453800,454300,6,500,2,7200,1.012
453825,453832,454334,7,502,2,7200,1.01394422311
453861,453868,454396,7,528,2,7200,1.01325757576
453877,453883,454389,6,506,2,7200,1.01185770751
453941,453948,454403,7,455,2,7200,1.01538461538
453957,453964,454504,7,540,2,7200,1.01296296296
453972,453978,454468,6,490,2,7200,1.01224489796
453974,453985,454516,11,531,2,7200,1.02071563089
453996,454002,454518,6,516,2,7200,1.01162790698
454023,454030,454541,7,511,2,7200,1.01369863014
454070,454076,454463,6,387,2,7200,1.01550387597
454071,454083,454546,12,463,2,7200,1.02591792657
454099,454105,454602,6,497,2,7200,1.01207243461
454115,454121,454664,6,543,2,7200,1.01104972376
454146,454153,454547,7,394,2,7200,1.01776649746
454243,454250,454742,7,492,2,7200,1.01422764228
454305,454312,454805,7,493,2,7200,1.01419878296
454335,454343,454786,8,443,2,7200,1.01805869074
454390,454398,454864,8,466,2,7200,1.01716738197
454406,454412,454886,6,474,2,7200,1.01265822785
454408,454418,454941,10,523,2,7200,1.01912045889
454466,454472,454990,6,518,2,7200,1.01158301158
454481,454487,455044,6,557,2,7200,1.01077199282
454506,454513,455043,7,530,2,7200,1.01320754717
454522,454530,454899,8,369,2,7200,1.0216802168
454524,454535,455017,11,482,2,7200,1.02282157676
454542,454549,455065,7,516,2,7200,1.01356589147
454558,454564,455022,6,458,2,7200,1.01310043668
454560,454571,455083,11,512,2,7200,1.021484375
454606,454613,455138,7,525,2,7200,1.01333333333
454667,454674,455165,7,491,2,7200,1.01425661914
454746,454753,455280,7,527,2,7200,1.01328273245
454789,454796,455291,7,495,2,7200,1.01414141414
454808,454814,455311,6,497,2,7200,1.01207243461
454866,454873,455360,7,487,2,7200,1.01437371663
454887,454894,455387,7,493,2,7200,1.01419878296
454903,454909,455385,6,476,2,7200,1.01260504202
454943,454950,455441,7,491,2,7200,1.01425661914
454992,454998,455499,6,501,2,7200,1.0119760479
455020,455026,455515,6,489,2,7200,1.01226993865
455035,455041,455596,6,555,2,7200,1.01081081081
455051,455057,455589,6,532,2,7200,1.01127819549
455053,455063,455550,10,487,2,7200,1.0205338809
455068,455075,455632,7,557,2,7200,1.01256732496
455087,455093,455604,6,511,2,7200,1.01174168297
455142,455148,455653,6,505,2,7200,1.01188118812
455156,455162,455200,6,38,1,1800,1.15789473684
455167,455173,455718,6,545,2,7200,1.01100917431
455283,455289,455760,6,471,2,7200,1.0127388535
455298,455304,455786,6,482,2,7200,1.01244813278
455314,455320,455813,6,493,2,7200,1.0121703854
455363,455370,455722,7,352,2,7200,1.01988636364
455387,455394,455871,7,477,2,7200,1.01467505241
455389,455401,455943,12,542,2,7200,1.0221402214
455421,455427,455498,6,71,1,1800,1.08450704225
455444,455451,455973,7,522,2,7200,1.01340996169
455502,455509,456031,7,522,2,7200,1.01340996169
455518,455524,456019,6,495,2,7200,1.01212121212
455552,455559,455982,7,423,2,7200,1.01654846336
455592,455599,456086,7,487,2,7200,1.01437371663
455607,455615,456102,8,487,2,7200,1.01642710472
455609,455621,456126,12,505,2,7200,1.02376237624
455634,455640,456155,6,515,2,7200,1.01165048544
455656,455663,456196,7,533,2,7200,1.01313320826
455720,455726,456230,6,504,2,7200,1.0119047619
455736,455743,456280,7,537,2,7200,1.01303538175
455763,455769,456136,6,367,2,7200,1.01634877384
455788,455794,456284,6,490,2,7200,1.01224489796
455816,455822,456337,6,515,2,7200,1.01165048544
455874,455881,456409,7,528,2,7200,1.01325757576
455944,455952,456345,8,393,2,7200,1.0203562341
455975,455982,456447,7,465,2,7200,1.01505376344
455991,455997,456507,6,510,2,7200,1.01176470588
456021,456028,456528,7,500,2,7200,1.014
456037,456043,456565,6,522,2,7200,1.01149425287
456074,456081,456320,7,239,1,1800,1.02928870293
456089,456095,456540,6,445,2,7200,1.01348314607
456105,456111,456597,6,486,2,7200,1.01234567901
456130,456136,456642,6,506,2,7200,1.01185770751
456145,456151,456597,6,446,2,7200,1.0134529148
456161,456167,456611,6,444,2,7200,1.01351351351
456197,456204,456680,7,476,2,7200,1.01470588235
456234,456241,456761,7,520,2,7200,1.01346153846
456235,502569,502705,46334,136,64,1800,341.691176471
456283,456290,456753,7,463,2,7200,1.0151187905
456299,456306,456832,7,526,2,7200,1.01330798479
456339,456346,456836,7,490,2,7200,1.01428571429
456354,456360,456884,6,524,2,7200,1.01145038168
456412,456419,456933,7,514,2,7200,1.01361867704
456449,456455,456951,6,496,2,7200,1.01209677419
456510,456517,457014,7,497,2,7200,1.01408450704
456532,456538,456890,6,352,2,7200,1.01704545455
456547,456555,457043,8,488,2,7200,1.01639344262
456566,456573,457084,7,511,2,7200,1.01369863014
456600,456607,457130,7,523,2,7200,1.01338432122
456602,456614,456999,12,385,2,7200,1.03116883117
456617,456624,457111,7,487,2,7200,1.01437371663
456645,456651,457210,6,559,2,7200,1.01073345259
456682,456689,457165,7,476,2,7200,1.01470588235
456755,456761,457252,6,491,2,7200,1.01221995927
456771,456778,457290,7,512,2,7200,1.013671875
456835,456842,457358,7,516,2,7200,1.01356589147
456850,456857,457374,7,517,2,7200,1.01353965184
456887,456895,457440,8,545,2,7200,1.01467889908
456903,456910,457428,7,518,2,7200,1.01351351351
456937,456944,457474,7,530,2,7200,1.01320754717
456952,456960,457496,8,536,2,7200,1.01492537313
457001,457009,457535,8,526,2,7200,1.01520912548
457017,457023,457528,6,505,2,7200,1.01188118812
457045,457051,457559,6,508,2,7200,1.01181102362
457088,457094,457650,6,556,2,7200,1.01079136691
457112,457119,457640,7,521,2,7200,1.01343570058
457131,457137,457561,6,424,2,7200,1.0141509434
457168,457174,457692,6,518,2,7200,1.01158301158
457214,457220,457736,6,516,2,7200,1.01162790698
457254,457260,457752,6,492,2,7200,1.01219512195
457294,457300,457782,6,482,2,7200,1.01244813278
457362,457367,457884,5,517,2,7200,1.00967117988
457377,457383,457874,6,491,2,7200,1.01221995927
457432,457439,457941,7,502,2,7200,1.01394422311
457448,457454,458008,6,554,2,7200,1.01083032491
457475,457482,457984,7,502,2,7200,1.01394422311
457500,457506,457999,6,493,2,7200,1.0121703854
457531,457537,458069,6,532,2,7200,1.01127819549
457546,457553,458031,7,478,2,7200,1.01464435146
457562,457569,458068,7,499,2,7200,1.01402805611
457564,457576,458057,12,481,2,7200,1.02494802495
457643,457649,458075,6,426,2,7200,1.01408450704
457659,457666,458178,7,512,2,7200,1.013671875
457695,457702,458202,7,500,2,7200,1.014
457738,457746,458229,8,483,2,7200,1.016563147
457754,457760,458253,6,493,2,7200,1.0121703854
457785,457791,458259,6,468,2,7200,1.01282051282
457876,457883,458376,7,493,2,7200,1.01419878296
457892,457898,458446,6,548,2,7200,1.01094890511
457944,457951,458473,7,522,2,7200,1.01340996169
457987,457994,458475,7,481,2,7200,1.01455301455
458002,458010,458521,8,511,2,7200,1.0156555773
458018,458025,458535,7,510,2,7200,1.0137254902
458034,458041,458520,7,479,2,7200,1.01461377871
458061,458067,458591,6,524,2,7200,1.01145038168
458077,458083,458596,6,513,2,7200,1.01169590643
458079,458089,458609,10,520,2,7200,1.01923076923
458080,458095,458559,15,464,2,7200,1.03232758621
458181,458188,458649,7,461,2,7200,1.01518438178
458206,458212,458720,6,508,2,7200,1.01181102362
458231,458238,458752,7,514,2,7200,1.01361867704
458255,458261,458756,6,495,2,7200,1.01212121212
458271,458278,458780,7,502,2,7200,1.01394422311
458380,458386,458900,6,514,2,7200,1.01167315175
458447,458454,458957,7,503,2,7200,1.01391650099
458475,458482,459004,7,522,2,7200,1.01340996169
458477,458489,458987,12,498,2,7200,1.02409638554
458523,458529,459008,6,479,2,7200,1.01252609603
458525,458536,459054,11,518,2,7200,1.02123552124
458540,458547,459017,7,470,2,7200,1.01489361702
458562,458569,459065,7,496,2,7200,1.01411290323
458593,458599,459082,6,483,2,7200,1.01242236025
458608,458614,459127,6,513,2,7200,1.01169590643
458624,458630,459124,6,494,2,7200,1.01214574899
458652,458658,459179,6,521,2,7200,1.01151631478
458722,458728,459228,6,500,2,7200,1.012
458756,458763,459231,7,468,2,7200,1.01495726496
458771,458777,459300,6,523,2,7200,1.01147227533
458787,458794,459251,7,457,2,7200,1.01531728665
458902,458909,459423,7,514,2,7200,1.01361867704
458961,458968,459451,7,483,2,7200,1.01449275362
458991,458998,459513,7,515,2,7200,1.01359223301
459007,459013,459510,6,497,2,7200,1.01207243461
459023,459029,459517,6,488,2,7200,1.01229508197
459025,459037,459517,12,480,2,7200,1.025
459056,459063,459542,7,479,2,7200,1.01461377871
459071,459078,459568,7,490,2,7200,1.01428571429
459087,459093,459604,6,511,2,7200,1.01174168297
459127,459134,459622,7,488,2,7200,1.0143442623
459142,459149,459669,7,520,2,7200,1.01346153846
459182,459188,459682,6,494,2,7200,1.01214574899
459231,459238,459697,7,459,2,7200,1.01525054466
459233,459245,459795,12,550,2,7200,1.02181818182
459255,459261,459737,6,476,2,7200,1.01260504202
459304,459311,459816,7,505,2,7200,1.01386138614
459365,464355,476409,4990,12054,1,14400,1.41397046624
459365,462567,467367,3202,4800,1,14400,1.66708333333
459366,469703,482710,10337,13007,1,14400,1.79472591681
459366,469715,482254,10349,12539,1,14400,1.82534492384
459366,469708,475125,10342,5417,1,14400,2.90917482001
459366,467379,472961,8013,5582,1,14400,2.43550698674
459367,469736,481246,10369,11510,1,14400,1.90086880973
459367,469725,481154,10358,11429,1,14400,1.90629101409
459367,469731,474549,10364,4818,1,14400,3.15110004151
459367,469720,474794,10353,5074,1,14400,3.04040204966
459368,469747,480083,10379,10336,1,14400,2.00416021672
459368,469752,473723,10384,3971,1,14400,3.61495844875
459368,469742,474355,10374,4613,1,14400,3.24886191199
459368,472973,481380,13605,8407,1,14400,2.61829427858
459369,474373,481843,15004,7470,1,14400,3.00856760375
459369,474419,477551,15050,3132,1,14400,5.80523627075
459369,473735,477156,14366,3421,1,14400,5.19935691318
459369,474442,481182,15073,6740,1,14400,3.23635014837
459370,475137,477371,15767,2234,1,14400,8.05774395703
459370,474811,480911,15441,6100,1,14400,3.53131147541
459370,474562,477261,15192,2699,1,14400,6.6287513894
459370,476421,481486,17051,5065,1,14400,4.36643632774
459371,477174,478352,17803,1178,1,14400,16.1129032258
459371,477383,478279,18012,896,1,14400,21.1026785714
459371,477564,479639,18193,2075,1,14400,9.76771084337
459371,477274,480155,17903,2881,1,14400,7.21416174939
459426,459433,459924,7,491,2,7200,1.01425661914
459453,459461,459937,8,476,2,7200,1.01680672269
459515,459522,460062,7,540,2,7200,1.01296296296
459516,459528,460023,12,495,2,7200,1.02424242424
459532,459538,460017,6,479,2,7200,1.01252609603
459534,459545,459830,11,285,2,7200,1.03859649123
459549,459556,459942,7,386,2,7200,1.01813471503
459571,459578,460090,7,512,2,7200,1.013671875
459608,459615,460146,7,531,2,7200,1.0131826742
459623,459630,460159,7,529,2,7200,1.01323251418
459673,459679,460150,6,471,2,7200,1.0127388535
459688,459696,460145,8,449,2,7200,1.01781737194
459704,459712,460188,8,476,2,7200,1.01680672269
459741,459747,460242,6,495,2,7200,1.01212121212
459796,459802,460284,6,482,2,7200,1.01244813278
459818,459825,460243,7,418,2,7200,1.01674641148
459833,459839,460337,6,498,2,7200,1.01204819277
459928,459935,460447,7,512,2,7200,1.013671875
459944,459950,460409,6,459,2,7200,1.01307189542
459945,459957,460422,12,465,2,7200,1.02580645161
460019,460026,460526,7,500,2,7200,1.014
460034,460040,460540,6,500,2,7200,1.012
460065,460071,460565,6,494,2,7200,1.01214574899
460093,460099,460601,6,502,2,7200,1.01195219124
460148,460154,460635,6,481,2,7200,1.01247401247
460150,460162,460722,12,560,2,7200,1.02142857143
460166,460172,460695,6,523,2,7200,1.01147227533
460167,460178,460648,11,470,2,7200,1.02340425532
460192,460199,460691,7,492,2,7200,1.01422764228
460244,460250,460790,6,540,2,7200,1.01111111111
460246,460258,460731,12,473,2,7200,1.02536997886
460286,460293,460797,7,504,2,7200,1.01388888889
460341,460347,460883,6,536,2,7200,1.01119402985
460411,460418,460915,7,497,2,7200,1.01408450704
460426,460433,460954,7,521,2,7200,1.01343570058
460448,460454,460926,6,472,2,7200,1.01271186441
460527,460535,461024,8,489,2,7200,1.0163599182
460543,460549,461078,6,529,2,7200,1.01134215501
460568,460575,461120,7,545,2,7200,1.0128440367
460605,460612,461003,7,391,2,7200,1.0179028133
460639,460645,461142,6,497,2,7200,1.01207243461
460654,460661,461157,7,496,2,7200,1.01411290323
460694,460700,461209,6,509,2,7200,1.01178781925
460710,460717,461148,7,431,2,7200,1.0162412993
460725,460732,461087,7,355,2,7200,1.01971830986
460741,460747,461257,6,510,2,7200,1.01176470588
460793,460800,461327,7,527,2,7200,1.01328273245
460808,460815,461377,7,562,2,7200,1.01245551601
460885,460891,461379,6,488,2,7200,1.01229508197
460919,460926,461439,7,513,2,7200,1.01364522417
460934,460940,461430,6,490,2,7200,1.01224489796
460956,460963,461411,7,448,2,7200,1.015625
461005,461011,461495,6,484,2,7200,1.01239669421
461027,461034,461574,7,540,2,7200,1.01296296296
461082,461089,461586,7,497,2,7200,1.01408450704
461097,461103,461583,6,480,2,7200,1.0125
461122,461129,461612,7,483,2,7200,1.01449275362
461144,461150,461668,6,518,2,7200,1.01158301158
461159,461166,461679,7,513,2,7200,1.01364522417
461161,461174,461677,13,503,2,7200,1.02584493042
461213,461220,461693,7,473,2,7200,1.01479915433
461259,461265,461795,6,530,2,7200,1.01132075472
461329,461336,461807,7,471,2,7200,1.01486199575
461378,461386,461754,8,368,2,7200,1.02173913043
461394,461401,461924,7,523,2,7200,1.01338432122
461413,461419,461896,6,477,2,7200,1.01257861635
461431,461439,461897,8,458,2,7200,1.01746724891
461447,461454,461825,7,371,2,7200,1.01886792453
461496,461503,462017,7,514,2,7200,1.01361867704
461575,461583,462019,8,436,2,7200,1.01834862385
461591,461598,462108,7,510,2,7200,1.0137254902
461593,461605,462072,12,467,2,7200,1.02569593148
461615,461622,462119,7,497,2,7200,1.01408450704
461670,461677,462199,7,522,2,7200,1.01340996169
461685,461693,462197,8,504,2,7200,1.01587301587
461687,461700,462196,13,496,2,7200,1.02620967742
461703,461710,462229,7,519,2,7200,1.01348747592
461758,461765,462303,7,538,2,7200,1.01301115242
461798,461805,462304,7,499,2,7200,1.01402805611
461813,461821,462311,8,490,2,7200,1.01632653061
461829,461835,462360,6,525,2,7200,1.01142857143
461892,461898,565789,6,103891,5,172800,1.00005775284
461893,461914,565205,21,103291,5,172800,1.0002033091
461900,461907,462453,7,546,2,7200,1.01282051282
461907,461936,462468,29,532,2,7200,1.0545112782
461928,462029,462558,101,529,2,7200,1.19092627599
462020,462036,462433,16,397,2,7200,1.040302267
462027,462084,462563,57,479,2,7200,1.11899791232
462076,462120,462623,44,503,2,7200,1.08747514911
462110,462132,462638,22,506,2,7200,1.04347826087
462125,462208,462714,83,506,2,7200,1.16403162055
462199,462213,462761,14,548,2,7200,1.02554744526
462206,462220,462736,14,516,2,7200,1.02713178295
462221,462241,462766,20,525,2,7200,1.0380952381
462237,462300,462803,63,503,2,7200,1.12524850895
462307,462315,462850,8,535,2,7200,1.01495327103
462309,462322,462818,13,496,2,7200,1.02620967742
462325,462331,462844,6,513,2,7200,1.01169590643
462365,462372,462828,7,456,2,7200,1.01535087719
462435,462445,462902,10,457,2,7200,1.02188183807
462457,462466,462950,9,484,2,7200,1.01859504132
462472,462481,462971,9,490,2,7200,1.01836734694
462561,462574,463014,13,440,2,7200,1.02954545455
462577,462583,463079,6,496,2,7200,1.01209677419
462626,462635,463119,9,484,2,7200,1.01859504132
462641,462649,463179,8,530,2,7200,1.01509433962
462718,462727,463256,9,529,2,7200,1.01701323251
462739,462748,463264,9,516,2,7200,1.01744186047
462764,462774,463303,10,529,2,7200,1.01890359168
462780,462786,463340,6,554,2,7200,1.01083032491
462805,462814,463250,9,436,2,7200,1.02064220183
462820,462831,463329,11,498,2,7200,1.02208835341
462836,462842,463395,6,553,2,7200,1.01084990958
462852,462858,463386,6,528,2,7200,1.01136363636
462853,462865,463362,12,497,2,7200,1.02414486922
462905,462913,463413,8,500,2,7200,1.016
462955,462962,463432,7,470,2,7200,1.01489361702
462973,462983,463493,10,510,2,7200,1.01960784314
463016,463027,463469,11,442,2,7200,1.02488687783
463081,463091,463519,10,428,2,7200,1.02336448598
463120,463131,463644,11,513,2,7200,1.02144249513
463176,463191,463697,15,506,2,7200,1.02964426877
463252,463263,463826,11,563,2,7200,1.01953818828
463268,463275,463796,7,521,2,7200,1.01343570058
463269,463282,463771,13,489,2,7200,1.02658486708
463306,463315,463803,9,488,2,7200,1.01844262295
463331,463341,463896,10,555,2,7200,1.01801801802
463347,463353,463889,6,536,2,7200,1.01119402985
463365,463374,463898,9,524,2,7200,1.01717557252
463390,463399,463902,9,503,2,7200,1.01789264414
463406,463412,463864,6,452,2,7200,1.01327433628
463421,463428,463930,7,502,2,7200,1.01394422311
463437,463443,463960,6,517,2,7200,1.01160541586
463471,463481,463986,10,505,2,7200,1.0198019802
463496,463505,463990,9,485,2,7200,1.01855670103
463501,469686,469689,6185,3,8,3600,618.8
463521,463531,464080,10,549,2,7200,1.01821493625
463646,463656,464146,10,490,2,7200,1.02040816327
463698,463708,464242,10,534,2,7200,1.01872659176
463774,463783,464266,9,483,2,7200,1.01863354037
463799,463808,464328,9,520,2,7200,1.01730769231
463814,463822,464342,8,520,2,7200,1.01538461538
463830,463838,464338,8,500,2,7200,1.016
463867,463876,464382,9,506,2,7200,1.01778656126
463892,463902,464409,10,507,2,7200,1.01972386588
463908,463915,464304,7,389,2,7200,1.01799485861
463910,463921,464396,11,475,2,7200,1.02315789474
463911,463928,464449,17,521,2,7200,1.03262955854
463933,463941,464443,8,502,2,7200,1.01593625498
463964,463972,464459,8,487,2,7200,1.01642710472
463989,463998,464511,9,513,2,7200,1.01754385965
464004,464010,464489,6,479,2,7200,1.01252609603
464056,469692,483077,5636,13385,4,14400,1.4210683601
464084,464093,464578,9,485,2,7200,1.01855670103
464148,464157,464650,9,493,2,7200,1.01825557809
464208,464350,474430,142,10080,1,43200,1.01408730159
464246,464254,464756,8,502,2,7200,1.01593625498
464271,464278,464811,7,533,2,7200,1.01313320826
464308,464316,464812,8,496,2,7200,1.01612903226
464329,464340,464848,11,508,2,7200,1.02165354331
464345,464361,464852,16,491,2,7200,1.03258655804
464347,464394,464918,47,524,2,7200,1.08969465649
464384,464408,464966,24,558,2,7200,1.04301075269
464399,464421,464918,22,497,2,7200,1.04426559356
464415,464455,464960,40,505,2,7200,1.07920792079
464446,464462,464932,16,470,2,7200,1.03404255319
464461,464471,464914,10,443,2,7200,1.02257336343
464463,464500,464914,37,414,2,7200,1.08937198068
464483,470362,486099,5879,15737,2,43200,1.37357819152
464491,464523,465062,32,539,2,7200,1.05936920223
464513,464591,465125,78,534,2,7200,1.14606741573
464580,464661,465171,81,510,2,7200,1.15882352941
464653,464767,465270,114,503,2,7200,1.22664015905
464720,517073,841117,52353,324044,5,324000,1.1615613929
464760,464823,465271,63,448,2,7200,1.140625
464815,464828,465294,13,466,2,7200,1.02789699571
464822,464861,465388,39,527,2,7200,1.07400379507
464850,464868,465379,18,511,2,7200,1.03522504892
464865,464927,465423,62,496,2,7200,1.125
464918,464932,465472,14,540,2,7200,1.02592592593
464925,464939,465453,14,514,2,7200,1.02723735409
464941,464947,465446,6,499,2,7200,1.0120240481
464943,464953,465432,10,479,2,7200,1.02087682672
464944,464972,465427,28,455,2,7200,1.06153846154
464963,464979,465365,16,386,2,7200,1.0414507772
464979,465074,465548,95,474,2,7200,1.20042194093
465064,465137,465648,73,511,2,7200,1.14285714286
465129,465184,465700,55,516,2,7200,1.10658914729
465175,465282,465743,107,461,2,7200,1.23210412148
465272,465288,465743,16,455,2,7200,1.03516483516
465279,465306,465789,27,483,2,7200,1.05590062112
465298,465377,465894,79,517,2,7200,1.15280464217
465368,465390,465933,22,543,2,7200,1.04051565378
465384,465400,465897,16,497,2,7200,1.03219315895
465399,465435,465907,36,472,2,7200,1.07627118644
465427,465442,465989,15,547,2,7200,1.02742230347
465434,465449,465816,15,367,2,7200,1.0408719346
465451,465457,466002,6,545,2,7200,1.01100917431
465452,465466,465950,14,484,2,7200,1.02892561983
465468,465484,466000,16,516,2,7200,1.03100775194
465484,465560,466078,76,518,2,7200,1.14671814672
465551,465660,466118,109,458,2,7200,1.23799126638
465649,465713,466208,64,495,2,7200,1.12929292929
465704,465756,466272,52,516,2,7200,1.1007751938
465747,465761,466149,14,388,2,7200,1.03608247423
465754,465800,466274,46,474,2,7200,1.0970464135
465785,551925,569312,86140,17387,32,28800,5.95427618336
465790,465828,466349,38,521,2,7200,1.07293666027
465818,465905,466410,87,505,2,7200,1.17227722772
465897,465912,466412,15,500,2,7200,1.03
465913,465920,466422,7,502,2,7200,1.01394422311
465915,465945,466415,30,470,2,7200,1.06382978723
465934,465963,466322,29,359,2,7200,1.08077994429
465952,466000,466399,48,399,2,7200,1.12030075188
465992,466012,466475,20,463,2,7200,1.04319654428
466008,466019,466402,11,383,2,7200,1.02872062663
466010,466094,466593,84,499,2,7200,1.16833667335
466080,466130,466604,50,474,2,7200,1.10548523207
466120,466160,466578,40,418,2,7200,1.0956937799
466151,466220,466732,69,512,2,7200,1.134765625
466209,466284,466758,75,474,2,7200,1.1582278481
466274,466291,466800,17,509,2,7200,1.03339882122
466289,466335,466878,46,543,2,7200,1.0847145488
466314,555062,555092,88748,30,10,604800,2959.26666667
466326,466361,466719,35,358,2,7200,1.09776536313
466351,466412,466891,61,479,2,7200,1.12734864301
466403,466419,466902,16,483,2,7200,1.033126294
466410,466426,466929,16,503,2,7200,1.03180914513
466426,466433,466929,7,496,2,7200,1.01411290323
466428,466440,466929,12,489,2,7200,1.0245398773
466430,466445,466909,15,464,2,7200,1.03232758621
466436,466487,467002,51,515,2,7200,1.09902912621
466476,466591,467084,115,493,2,7200,1.23326572008
466580,466605,467100,25,495,2,7200,1.05050505051
466596,466616,467149,20,533,2,7200,1.03752345216
466611,466734,467286,123,552,2,7200,1.22282608696
466613,555068,566466,88455,11398,4,172800,8.76057203018
466647,555103,566475,88456,11372,4,172800,8.77840309532
466721,466745,467230,24,485,2,7200,1.04948453608
466738,466770,467288,32,518,2,7200,1.06177606178
466759,466813,467314,54,501,2,7200,1.10778443114
466802,466891,467307,89,416,2,7200,1.21394230769
466881,466903,467450,22,547,2,7200,1.04021937843
466897,466914,467401,17,487,2,7200,1.03490759754
466913,466920,467361,7,441,2,7200,1.01587301587
466915,466940,467457,25,517,2,7200,1.04835589942
466931,466946,467420,15,474,2,7200,1.03164556962
466937,466953,467519,16,566,2,7200,1.02826855124
466944,467015,467509,71,494,2,7200,1.14372469636
467006,467097,467589,91,492,2,7200,1.18495934959
467088,467112,467577,24,465,2,7200,1.05161290323
467103,467162,467663,59,501,2,7200,1.11776447106
467153,467242,467745,89,503,2,7200,1.17693836978
467174,481447,481452,14273,5,3,3600,1427.8
467232,467298,467829,66,531,2,7200,1.12429378531
467287,467305,467822,18,517,2,7200,1.03481624758
467303,467319,467769,16,450,2,7200,1.03555555556
467319,467325,467815,6,490,2,7200,1.01224489796
467320,467373,467875,53,502,2,7200,1.10557768924
467363,467413,467938,50,525,2,7200,1.09523809524
467403,467432,467896,29,464,2,7200,1.0625
467422,467462,467943,40,481,2,7200,1.08316008316
467453,467469,467954,16,485,2,7200,1.03298969072
467468,467522,468067,54,545,2,7200,1.09908256881
467511,467531,468019,20,488,2,7200,1.04098360656
467527,467589,468118,62,529,2,7200,1.11720226843
467579,467601,468086,22,485,2,7200,1.04536082474
467595,467675,468109,80,434,2,7200,1.18433179724
467600,478291,478294,10691,3,1,300,1069.4
467665,467756,468226,91,470,2,7200,1.19361702128
467748,467780,468247,32,467,2,7200,1.06852248394
467772,467828,468327,56,499,2,7200,1.1122244489
467818,467835,468339,17,504,2,7200,1.03373015873
467834,467842,468262,8,420,2,7200,1.01904761905
467835,467887,468405,52,518,2,7200,1.10038610039
467879,467908,468445,29,537,2,7200,1.05400372439
467897,467951,468465,54,514,2,7200,1.10505836576
467940,467958,468458,18,500,2,7200,1.036
467956,467966,468510,10,544,2,7200,1.01838235294
467957,468031,468570,74,539,2,7200,1.13729128015
467968,478306,478316,10338,10,1,300,1034.8
468022,468078,468517,56,439,2,7200,1.12756264237
468070,468099,468643,29,544,2,7200,1.05330882353
468089,468121,468556,32,435,2,7200,1.07356321839
468111,468130,468640,19,510,2,7200,1.03725490196
468126,468238,468707,112,469,2,7200,1.23880597015
468230,468259,468737,29,478,2,7200,1.06066945607
468248,468274,468754,26,480,2,7200,1.05416666667
468264,468339,468869,75,530,2,7200,1.14150943396
468328,468350,468856,22,506,2,7200,1.04347826087
468344,468417,468934,73,517,2,7200,1.14119922631
468392,569326,692166,100934,122840,25,129599,1.82167046565
468408,468457,468983,49,526,2,7200,1.09315589354
468448,468470,468977,22,507,2,7200,1.04339250493
468464,468477,469010,13,533,2,7200,1.0243902439
468479,468522,469039,43,517,2,7200,1.083172147
468513,468529,469026,16,497,2,7200,1.03219315895
468529,468569,469075,40,506,2,7200,1.0790513834
468560,468582,469130,22,548,2,7200,1.0401459854
468575,468652,469154,77,502,2,7200,1.15338645418
468642,468660,469185,18,525,2,7200,1.03428571429
468658,468719,469215,61,496,2,7200,1.12298387097
468710,468749,469275,39,526,2,7200,1.07414448669
468741,468766,469245,25,479,2,7200,1.05219206681
468756,468868,469396,112,528,2,7200,1.21212121212
468827,554780,554831,85953,51,16,108000,1686.35294118
468860,468882,469363,22,481,2,7200,1.04573804574
468876,468946,469415,70,469,2,7200,1.14925373134
468937,468988,469518,51,530,2,7200,1.09622641509
468980,468996,469498,16,502,2,7200,1.03187250996
468995,469022,469517,27,495,2,7200,1.05454545455
469014,469039,469595,25,556,2,7200,1.04496402878
469029,469051,469541,22,490,2,7200,1.04489795918
469039,478364,478366,9325,2,1,300,932.7
469040,479186,479187,10146,1,1,300,1014.7
469045,469087,469615,42,528,2,7200,1.07954545455
469046,480719,480721,11673,2,1,300,1167.5
469047,480736,480737,11689,1,1,300,1169.0
469051,480755,480765,11704,10,1,300,1171.4
469052,480777,480786,11725,9,1,300,1173.4
469076,469142,469651,66,509,2,7200,1.12966601179
469131,469165,469655,34,490,2,7200,1.0693877551
469156,469198,469715,42,517,2,7200,1.08123791103
469187,469228,469738,41,510,2,7200,1.08039215686
469218,469258,469756,40,498,2,7200,1.08032128514
469248,469287,469774,39,487,2,7200,1.08008213552
469276,469375,469876,99,501,2,7200,1.19760479042
469365,469407,469917,42,510,2,7200,1.08235294118
469399,469427,469903,28,476,2,7200,1.05882352941
469417,469510,470020,93,510,2,7200,1.18235294118
469463,479651,562137,10188,82486,1,360000,1.12351186868
469500,469529,470015,29,486,2,7200,1.05967078189
469519,469536,470083,17,547,2,7200,1.0310786106
469525,469553,470025,28,472,2,7200,1.0593220339
469544,469606,470116,62,510,2,7200,1.12156862745
469596,469626,470139,30,513,2,7200,1.05847953216
469618,469664,470166,46,502,2,7200,1.09163346614
469655,469671,470218,16,547,2,7200,1.02925045704
469670,469697,470156,27,459,2,7200,1.05882352941
469717,469759,470282,42,523,2,7200,1.08030592734
469738,469765,470259,27,494,2,7200,1.05465587045
469757,469772,470262,15,490,2,7200,1.0306122449
469776,469786,470292,10,506,2,7200,1.01976284585
469880,469888,470398,8,510,2,7200,1.01568627451
469907,469914,470438,7,524,2,7200,1.01335877863
469923,469930,470422,7,492,2,7200,1.01422764228
470018,470028,470529,10,501,2,7200,1.01996007984
470033,470041,470535,8,494,2,7200,1.01619433198
470035,470048,470583,13,535,2,7200,1.02429906542
470087,470096,470623,9,527,2,7200,1.01707779886
470118,470128,470657,10,529,2,7200,1.01890359168
470143,470151,470574,8,423,2,7200,1.01891252955
470159,470168,470653,9,485,2,7200,1.01855670103
470175,470181,470698,6,517,2,7200,1.01160541586
470221,470230,470699,9,469,2,7200,1.01918976546
470261,470271,470729,10,458,2,7200,1.02183406114
470276,470283,470781,7,498,2,7200,1.0140562249
470292,470298,470785,6,487,2,7200,1.01232032854
470308,470314,470821,6,507,2,7200,1.01183431953
470402,470411,470878,9,467,2,7200,1.01927194861
470424,470434,470972,10,538,2,7200,1.01858736059
470440,470450,470980,10,530,2,7200,1.01886792453
470531,470540,471029,9,489,2,7200,1.01840490798
470547,470553,471046,6,493,2,7200,1.0121703854
470577,470586,471118,9,532,2,7200,1.01691729323
470593,470599,471077,6,478,2,7200,1.01255230126
470624,470634,471118,10,484,2,7200,1.02066115702
470655,470665,471174,10,509,2,7200,1.01964636542
470670,470678,471175,8,497,2,7200,1.01609657948
470695,579135,584695,108440,5560,16,86400,20.5035971223
470701,470711,471211,10,500,2,7200,1.02
470703,470716,471217,13,501,2,7200,1.02594810379
470731,470741,471246,10,505,2,7200,1.0198019802
470783,470792,471296,9,504,2,7200,1.01785714286
470799,470806,471301,7,495,2,7200,1.01414141414
470823,470833,471376,10,543,2,7200,1.01841620626
470882,470889,471360,7,471,2,7200,1.01486199575
470973,470984,471522,11,538,2,7200,1.02044609665
470989,470995,471493,6,498,2,7200,1.01204819277
471023,520019,520156,48996,137,4,37800,358.635036496
471032,471040,471518,8,478,2,7200,1.01673640167
471047,471058,471555,11,497,2,7200,1.02213279678
471078,471088,471589,10,501,2,7200,1.01996007984
471121,471129,471605,8,476,2,7200,1.01680672269
471123,471136,471683,13,547,2,7200,1.02376599634
471178,471189,471700,11,511,2,7200,1.02152641879
471180,471194,471689,14,495,2,7200,1.02828282828
471214,471224,471670,10,446,2,7200,1.02242152466
471229,471237,471730,8,493,2,7200,1.01622718053
471248,471257,471742,9,485,2,7200,1.01855670103
471300,471309,471798,9,489,2,7200,1.01840490798
471316,471322,471824,6,502,2,7200,1.01195219124
471362,471372,471881,10,509,2,7200,1.01964636542
471380,471388,471842,8,454,2,7200,1.01762114537
471448,481464,665545,10016,184081,1,259200,1.05441083002
471496,471505,472037,9,532,2,7200,1.01691729323
471521,471529,472035,8,506,2,7200,1.01581027668
471537,471544,472035,7,491,2,7200,1.01425661914
471548,481499,481502,9951,3,1,259200,995.4
471558,471568,472006,10,438,2,7200,1.02283105023
471559,475749,734702,4190,258953,2,259200,1.01618054242
471592,471600,472054,8,454,2,7200,1.01762114537
471608,471617,472089,9,472,2,7200,1.01906779661
471672,471682,472173,10,491,2,7200,1.02036659878
471687,471694,472237,7,543,2,7200,1.01289134438
471703,471709,472241,6,532,2,7200,1.01127819549
471705,471716,472085,11,369,2,7200,1.0298102981
471732,471741,472247,9,506,2,7200,1.01778656126
471748,471754,472258,6,504,2,7200,1.0119047619
471800,471810,472287,10,477,2,7200,1.02096436059
471825,471836,472322,11,486,2,7200,1.02263374486
471844,471854,472362,10,508,2,7200,1.01968503937
471884,471893,472378,9,485,2,7200,1.01855670103
472008,472018,472568,10,550,2,7200,1.01818181818
472040,472047,472512,7,465,2,7200,1.01505376344
472041,472054,472581,13,527,2,7200,1.02466793169
472043,472059,472545,16,486,2,7200,1.0329218107
472058,472066,472558,8,492,2,7200,1.0162601626
472089,472096,472663,7,567,2,7200,1.01234567901
472105,472111,472582,6,471,2,7200,1.0127388535
472175,472184,472677,9,493,2,7200,1.01825557809
472239,472249,472761,10,512,2,7200,1.01953125
472255,472261,472721,6,460,2,7200,1.01304347826
472257,472269,472756,12,487,2,7200,1.02464065708
472272,472278,472767,6,489,2,7200,1.01226993865
472291,472299,472818,8,519,2,7200,1.01541425819
472325,472334,472863,9,529,2,7200,1.01701323251
472365,472374,472865,9,491,2,7200,1.0183299389
472380,472390,472903,10,513,2,7200,1.01949317739
472515,472525,473049,10,524,2,7200,1.01908396947
472549,472558,473056,9,498,2,7200,1.01807228916
472564,472572,473030,8,458,2,7200,1.01746724891
472580,472587,472970,7,383,2,7200,1.0182767624
472596,472603,473078,7,475,2,7200,1.01473684211
472597,472609,473123,12,514,2,7200,1.0233463035
472664,472675,473152,11,477,2,7200,1.02306079665
472680,472688,473156,8,468,2,7200,1.01709401709
472723,472732,473264,9,532,2,7200,1.01691729323
472760,472769,473290,9,521,2,7200,1.01727447217
472775,472783,473280,8,497,2,7200,1.01609657948
472777,472789,473288,12,499,2,7200,1.02404809619
472820,472830,473346,10,516,2,7200,1.01937984496
472866,472875,473357,9,482,2,7200,1.01867219917
472868,472882,473350,14,468,2,7200,1.02991452991
472908,472915,473457,7,542,2,7200,1.01291512915
472972,472983,473461,11,478,2,7200,1.0230125523
473033,473042,473547,9,505,2,7200,1.01782178218
473052,473061,473553,9,492,2,7200,1.01829268293
473067,473074,473542,7,468,2,7200,1.01495726496
473083,473089,473599,6,510,2,7200,1.01176470588
473126,473135,473669,9,534,2,7200,1.01685393258
473154,473165,473656,11,491,2,7200,1.02240325866
473169,473176,473728,7,552,2,7200,1.01268115942
473267,473276,473791,9,515,2,7200,1.01747572816
473283,473292,473787,9,495,2,7200,1.01818181818
473298,473305,473828,7,523,2,7200,1.01338432122
473300,473312,473815,12,503,2,7200,1.02385685885
473349,473358,473859,9,501,2,7200,1.01796407186
473365,473372,473876,7,504,2,7200,1.01388888889
473366,473378,473832,12,454,2,7200,1.02643171806
473461,473474,473961,13,487,2,7200,1.02669404517
473463,473479,473990,16,511,2,7200,1.0313111546
473546,473555,474091,9,536,2,7200,1.01679104478
473561,473568,474117,7,549,2,7200,1.01275045537
473563,473575,474108,12,533,2,7200,1.02251407129
473600,473627,474115,27,488,2,7200,1.05532786885
473658,473668,474165,10,497,2,7200,1.02012072435
473674,473680,474198,6,518,2,7200,1.01158301158
473731,473742,474205,11,463,2,7200,1.02375809935
473759,515176,536810,41417,21634,32,21600,2.91444023297
473759,502206,509456,28447,7250,16,7200,4.92372413793
473790,473799,474266,9,467,2,7200,1.01927194861
473805,473813,474335,8,522,2,7200,1.0153256705
473821,473828,474260,7,432,2,7200,1.0162037037
473837,473845,474349,8,504,2,7200,1.01587301587
473839,473850,474324,11,474,2,7200,1.02320675105
473863,473871,474386,8,515,2,7200,1.01553398058
473879,473888,474374,9,486,2,7200,1.01851851852
473965,473974,474502,9,528,2,7200,1.01704545455
473992,474002,474523,10,521,2,7200,1.01919385797
474093,474109,474614,16,505,2,7200,1.03168316832
474109,474120,474642,11,522,2,7200,1.02107279693
474125,474131,474638,6,507,2,7200,1.01183431953
474127,474139,474572,12,433,2,7200,1.02771362587
474167,474177,474671,10,494,2,7200,1.02024291498
474201,474210,474728,9,518,2,7200,1.01737451737
474216,474224,474735,8,511,2,7200,1.0156555773
474262,474272,474773,10,501,2,7200,1.01996007984
474278,474291,474763,13,472,2,7200,1.02754237288
474327,474337,474840,10,503,2,7200,1.01988071571
474343,474350,474803,7,453,2,7200,1.01545253863
474358,474366,474711,8,345,2,7200,1.0231884058
474377,474385,474909,8,524,2,7200,1.01526717557
474393,474405,474906,12,501,2,7200,1.02395209581
474506,474514,474994,8,480,2,7200,1.01666666667
474524,474535,475041,11,506,2,7200,1.02173913043
474575,474584,475070,9,486,2,7200,1.01851851852
474618,474627,475126,9,499,2,7200,1.01803607214
474640,474650,475128,10,478,2,7200,1.02092050209
474656,474662,475150,6,488,2,7200,1.01229508197
474675,474683,475200,8,517,2,7200,1.01547388781
474715,474723,475217,8,494,2,7200,1.01619433198
474730,474739,475299,9,560,2,7200,1.01607142857
474747,474755,475265,8,510,2,7200,1.01568627451
474768,474796,475254,28,458,2,7200,1.06113537118
474784,474803,475309,19,506,2,7200,1.03754940711
474806,474818,475315,12,497,2,7200,1.02414486922
474843,474853,475369,10,516,2,7200,1.01937984496
474913,474920,475422,7,502,2,7200,1.01394422311
474914,474927,475449,13,522,2,7200,1.02490421456
474997,475006,475496,9,490,2,7200,1.01836734694
475045,475054,475561,9,507,2,7200,1.01775147929
475078,475084,475580,6,496,2,7200,1.01209677419
475132,475144,475679,12,535,2,7200,1.02242990654
475134,475149,475655,15,506,2,7200,1.02964426877
475152,475162,475624,10,462,2,7200,1.02164502165
475202,475212,475717,10,505,2,7200,1.0198019802
475221,475229,475717,8,488,2,7200,1.01639344262
475257,475265,475715,8,450,2,7200,1.01777777778
475273,475280,475771,7,491,2,7200,1.01425661914
475301,475311,475797,10,486,2,7200,1.02057613169
475317,475323,475844,6,521,2,7200,1.01151631478
475318,475330,475829,12,499,2,7200,1.02404809619
475371,475381,475910,10,529,2,7200,1.01890359168
475426,475434,475964,8,530,2,7200,1.01509433962
475451,475461,475827,10,366,2,7200,1.02732240437
475500,475509,476042,9,533,2,7200,1.01688555347
475565,475574,476071,9,497,2,7200,1.01810865191
475584,475593,476107,9,514,2,7200,1.01750972763
475628,475637,476156,9,519,2,7200,1.01734104046
475659,475668,476070,9,402,2,7200,1.0223880597
475681,475691,476180,10,489,2,7200,1.02044989775
475719,475727,476268,8,541,2,7200,1.01478743068
475720,475734,476238,14,504,2,7200,1.02777777778
475727,475739,476218,12,479,2,7200,1.02505219207
475773,475783,476301,10,518,2,7200,1.01930501931
475801,475809,476295,8,486,2,7200,1.01646090535
475830,475838,476318,8,480,2,7200,1.01666666667
475831,475846,476331,15,485,2,7200,1.03092783505
475847,475857,476340,10,483,2,7200,1.02070393375
475912,475922,476315,10,393,2,7200,1.02544529262
475967,475976,476465,9,489,2,7200,1.01840490798
476044,476054,476398,10,344,2,7200,1.02906976744
476075,476082,476608,7,526,2,7200,1.01330798479
476076,476089,476601,13,512,2,7200,1.025390625
476110,476120,476619,10,499,2,7200,1.02004008016
476159,476169,476677,10,508,2,7200,1.01968503937
476184,476193,476679,9,486,2,7200,1.01851851852
476221,476230,476734,9,504,2,7200,1.01785714286
476240,476250,476721,10,471,2,7200,1.02123142251
476271,476280,476794,9,514,2,7200,1.01750972763
476299,476307,476765,8,458,2,7200,1.01746724891
476314,476321,476776,7,455,2,7200,1.01538461538
476330,476337,476807,7,470,2,7200,1.01489361702
476332,476344,476850,12,506,2,7200,1.02371541502
476348,476354,476868,6,514,2,7200,1.01167315175
476350,476361,476854,11,493,2,7200,1.02231237323
476402,476411,476879,9,468,2,7200,1.01923076923
476469,476477,476982,8,505,2,7200,1.01584158416
476604,476614,477162,10,548,2,7200,1.01824817518
476619,476626,477161,7,535,2,7200,1.01308411215
476621,476633,477100,12,467,2,7200,1.02569593148
476680,476689,477194,9,505,2,7200,1.01782178218
476695,476702,477184,7,482,2,7200,1.01452282158
476723,476733,477225,10,492,2,7200,1.02032520325
476739,476745,477300,6,555,2,7200,1.01081081081
476767,476777,477155,10,378,2,7200,1.02645502646
476782,476790,477233,8,443,2,7200,1.01805869074
476798,476806,477336,8,530,2,7200,1.01509433962
476814,476822,477338,8,516,2,7200,1.01550387597
476855,476862,477399,7,537,2,7200,1.01303538175
476856,476869,477354,13,485,2,7200,1.02680412371
476872,476880,477435,8,555,2,7200,1.01441441441
476888,476895,477421,7,526,2,7200,1.01330798479
476986,476995,477529,9,534,2,7200,1.01685393258
477102,477112,477592,10,480,2,7200,1.02083333333
477157,477167,477660,10,493,2,7200,1.02028397566
477173,477180,477700,7,520,2,7200,1.01346153846
477175,477188,477677,13,489,2,7200,1.02658486708
477191,477197,477715,6,518,2,7200,1.01158301158
477206,477213,477677,7,464,2,7200,1.0150862069
477228,477237,477719,9,482,2,7200,1.01867219917
477244,477250,477762,6,512,2,7200,1.01171875
477302,477312,477848,10,536,2,7200,1.01865671642
477339,477347,477736,8,389,2,7200,1.0205655527
477341,477354,477843,13,489,2,7200,1.02658486708
477357,477366,477864,9,498,2,7200,1.01807228916
477404,477411,477892,7,481,2,7200,1.01455301455
477423,477433,477991,10,558,2,7200,1.01792114695
477438,477447,477967,9,520,2,7200,1.01730769231
477533,477540,478089,7,549,2,7200,1.01275045537
477594,477604,478151,10,547,2,7200,1.01828153565
477665,477672,478031,7,359,2,7200,1.01949860724
477681,477690,478210,9,520,2,7200,1.01730769231
477682,477695,478187,13,492,2,7200,1.02642276423
477704,477713,478231,9,518,2,7200,1.01737451737
477720,477727,478229,7,502,2,7200,1.01394422311
477722,477734,478246,12,512,2,7200,1.0234375
477738,477748,478073,10,325,2,7200,1.03076923077
477766,477774,478243,8,469,2,7200,1.0170575693
477846,477855,478328,9,473,2,7200,1.01902748414
477861,477867,478365,6,498,2,7200,1.01204819277
477877,477884,478371,7,487,2,7200,1.01437371663
477895,477904,478418,9,514,2,7200,1.01750972763
477969,477980,478509,11,529,2,7200,1.02079395085
477994,478003,478481,9,478,2,7200,1.01882845188
478034,478043,478546,9,503,2,7200,1.01789264414
478077,478085,478609,8,524,2,7200,1.01526717557
478093,478102,478596,9,494,2,7200,1.01821862348
478154,478163,478627,9,464,2,7200,1.01939655172
478191,478200,478669,9,469,2,7200,1.01918976546
478213,478222,478712,9,490,2,7200,1.01836734694
478232,478244,478755,12,511,2,7200,1.02348336595
478233,478249,478767,16,518,2,7200,1.03088803089
478249,478256,478744,7,488,2,7200,1.0143442623
478251,478263,478641,12,378,2,7200,1.03174603175
478331,478340,478862,9,522,2,7200,1.01724137931
478365,478384,479186,19,802,1,7200,1.02369077307
478368,478377,478891,9,514,2,7200,1.01750972763
478383,478391,478896,8,505,2,7200,1.01584158416
478421,478430,478924,9,494,2,7200,1.01821862348
478483,479181,479912,698,731,1,7200,1.95485636115
478485,478493,479012,8,519,2,7200,1.01541425819
478513,478521,478972,8,451,2,7200,1.0177383592
478550,478558,479090,8,532,2,7200,1.01503759398
478599,478609,479162,10,553,2,7200,1.01808318264
478615,478621,479110,6,489,2,7200,1.01226993865
478630,478639,479140,9,501,2,7200,1.01796407186
478646,478652,479167,6,515,2,7200,1.01165048544
478671,478681,479188,10,507,2,7200,1.01972386588
478714,478724,479237,10,513,2,7200,1.01949317739
478748,478755,479229,7,474,2,7200,1.01476793249
478763,478770,479323,7,553,2,7200,1.01265822785
478779,478786,479288,7,502,2,7200,1.01394422311
478865,478874,479306,9,432,2,7200,1.02083333333
478893,478903,479394,10,491,2,7200,1.02036659878
478908,478915,479405,7,490,2,7200,1.01428571429
478927,478936,479493,9,557,2,7200,1.01615798923
478973,478984,479448,11,464,2,7200,1.02370689655
479013,479024,479534,11,510,2,7200,1.02156862745
479093,479102,479557,9,455,2,7200,1.01978021978
479111,479122,479684,11,562,2,7200,1.01957295374
479118,481515,481520,2397,5,1,36000,240.2
479142,479152,479673,10,521,2,7200,1.01919385797
479164,479174,479678,10,504,2,7200,1.01984126984
479180,479198,479667,18,469,2,7200,1.03837953092
479195,479205,479577,10,372,2,7200,1.02688172043
479232,479242,479755,10,513,2,7200,1.01949317739
479245,481533,481535,2288,2,1,36000,229.0
479248,479254,479782,6,528,2,7200,1.01136363636
479256,479929,479933,673,4,1,3600,67.7
479270,481547,481549,2277,2,1,36000,227.9
479291,479300,479790,9,490,2,7200,1.01836734694
479310,479318,479859,8,541,2,7200,1.01478743068
479325,479335,479818,10,483,2,7200,1.02070393375
479396,479406,479909,10,503,2,7200,1.01988071571
479411,479419,479920,8,501,2,7200,1.01596806387
479452,479461,479943,9,482,2,7200,1.01867219917
479495,479505,480022,10,517,2,7200,1.01934235977
479538,479547,480024,9,477,2,7200,1.01886792453
479560,479570,480086,10,516,2,7200,1.01937984496
479578,479588,480155,10,567,2,7200,1.0176366843
479670,479680,480183,10,503,2,7200,1.01988071571
479686,479693,480209,7,516,2,7200,1.01356589147
479687,479699,480210,12,511,2,7200,1.02348336595
479689,479705,480207,16,502,2,7200,1.03187250996
479693,479945,480707,252,762,1,7200,1.33070866142
479729,480366,481166,637,800,1,7200,1.79625
479757,479767,480258,10,491,2,7200,1.02036659878
479784,479794,480331,10,537,2,7200,1.01862197393
479800,479807,480331,7,524,2,7200,1.01335877863
479819,479830,480326,11,496,2,7200,1.02217741935
479862,479871,480349,9,478,2,7200,1.01882845188
479868,480799,480809,931,10,1,300,94.1
479869,480968,480978,1099,10,1,300,110.9
479869,480923,480934,1054,11,1,300,96.8181818182
479869,480946,480956,1077,10,1,300,108.7
479869,480824,480834,955,10,1,300,96.5
479870,481035,481045,1165,10,1,300,117.5
479870,481057,481067,1187,10,1,300,119.7
479870,480991,481001,1121,10,1,300,113.1
479870,481013,481023,1143,10,1,300,115.3
479871,481079,481089,1208,10,1,300,121.8
479890,481101,481102,1211,1,1,300,121.2
479890,481118,481119,1228,1,1,300,122.9
479890,481131,481132,1241,1,1,300,124.2
479890,481144,481145,1254,1,1,300,125.5
479891,481157,481158,1266,1,1,300,126.7
479891,481173,481174,1282,1,1,300,128.3
479891,481180,481181,1289,1,1,300,129.0
479891,481259,481261,1368,2,1,300,137.0
479892,481281,481282,1389,1,1,300,139.0
479892,481349,481352,1457,3,1,300,146.0
479895,480169,489632,274,9463,2,14400,1.02895487689
479911,479921,480458,10,537,2,7200,1.01862197393
479912,481355,481356,1443,1,1,300,144.4
479914,481409,481411,1495,2,1,300,149.7
479914,481421,481422,1507,1,1,300,150.8
479927,479936,480442,9,506,2,7200,1.01778656126
479946,479955,480465,9,510,2,7200,1.01764705882
480026,480034,480535,8,501,2,7200,1.01596806387
480027,480042,480422,15,380,2,7200,1.03947368421
480089,480100,480601,11,501,2,7200,1.02195608782
480156,480162,480699,6,537,2,7200,1.01117318436
480187,480196,480716,9,520,2,7200,1.01730769231
480209,480218,480723,9,505,2,7200,1.01782178218
480211,480225,480729,14,504,2,7200,1.02777777778
480227,480234,480805,7,571,2,7200,1.0122591944
480261,480270,480765,9,495,2,7200,1.01818181818
480311,481561,481563,1250,2,1,36000,125.2
480328,480338,480821,10,483,2,7200,1.02070393375
480344,480352,480848,8,496,2,7200,1.01612903226
480346,480358,480827,12,469,2,7200,1.02558635394
480362,480372,480754,10,382,2,7200,1.02617801047
480426,480435,480884,9,449,2,7200,1.02004454343
480445,480454,480968,9,514,2,7200,1.01750972763
480460,480470,480985,10,515,2,7200,1.01941747573
480476,480483,481012,7,529,2,7200,1.01323251418
480538,480547,481026,9,479,2,7200,1.01878914405
480605,480613,481099,8,486,2,7200,1.01646090535
480606,526322,534391,45716,8069,16,36000,6.66563390755
480636,532369,532381,51733,12,16,36000,4312.08333333
480647,554843,554853,74196,10,16,36000,7420.6
480658,554864,554956,74206,92,16,36000,807.586956522
480703,480712,481163,9,451,2,7200,1.0199556541
480718,480729,481269,11,540,2,7200,1.02037037037
480734,480742,481265,8,523,2,7200,1.01529636711
480736,480748,481157,12,409,2,7200,1.0293398533
480758,480767,481308,9,541,2,7200,1.01663585952
480773,480783,481280,10,497,2,7200,1.02012072435
480808,480817,481348,9,531,2,7200,1.01694915254
480823,480833,481334,10,501,2,7200,1.01996007984
480839,480845,481337,6,492,2,7200,1.01219512195
480855,480861,481371,6,510,2,7200,1.01176470588
480886,480896,481372,10,476,2,7200,1.02100840336
480971,480981,481513,10,532,2,7200,1.01879699248
480987,480998,481476,11,478,2,7200,1.0230125523
481015,481025,481497,10,472,2,7200,1.02118644068
481031,481042,481528,11,486,2,7200,1.02263374486
481074,481194,482594,120,1400,2,3600,1.08571428571
481101,481111,481595,10,484,2,7200,1.02066115702
481159,481166,481684,7,518,2,7200,1.01351351351
481175,481187,481689,12,502,2,7200,1.02390438247
481189,515091,517984,33902,2893,2,145800,12.7186311787
481267,481273,481780,6,507,2,7200,1.01183431953
481283,481289,481793,6,504,2,7200,1.0119047619
481285,481297,481822,12,525,2,7200,1.02285714286
481309,481316,481829,7,513,2,7200,1.01364522417
481337,481344,481711,7,367,2,7200,1.01907356948
481339,481362,481856,23,494,2,7200,1.04655870445
481355,481367,481929,12,562,2,7200,1.02135231317
481374,481386,481908,12,522,2,7200,1.02298850575
481376,481391,481874,15,483,2,7200,1.03105590062
481480,481487,481987,7,500,2,7200,1.014
481498,481506,482035,8,529,2,7200,1.01512287335
481517,481524,482027,7,503,2,7200,1.01391650099
481533,481539,481979,6,440,2,7200,1.01363636364
481597,481603,482098,6,495,2,7200,1.01212121212
481686,481693,482192,7,499,2,7200,1.01402805611
481701,481708,482229,7,521,2,7200,1.01343570058
481717,481725,482258,8,533,2,7200,1.01500938086
481781,481787,482325,6,538,2,7200,1.01115241636
481797,481804,482277,7,473,2,7200,1.01479915433
481825,481831,482290,6,459,2,7200,1.01307189542
481840,481847,482367,7,520,2,7200,1.01346153846
481859,481865,482349,6,484,2,7200,1.01239669421
481878,481885,482386,7,501,2,7200,1.01397205589
481912,481918,482469,6,551,2,7200,1.0108892922
481931,481938,482473,7,535,2,7200,1.01308411215
481983,481990,482530,7,540,2,7200,1.01296296296
481998,482006,482520,8,514,2,7200,1.01556420233
482030,482037,482560,7,523,2,7200,1.01338432122
482045,482051,482500,6,449,2,7200,1.01336302895
482100,482106,482601,6,495,2,7200,1.01212121212
482195,482202,482697,7,495,2,7200,1.01414141414
482232,482239,482752,7,513,2,7200,1.01364522417
482260,482268,482792,8,524,2,7200,1.01526717557
482279,482285,482808,6,523,2,7200,1.01147227533
482294,482301,482810,7,509,2,7200,1.0137524558
482328,482335,482829,7,494,2,7200,1.01417004049
482353,482360,482836,7,476,2,7200,1.01470588235
482369,482375,482903,6,528,2,7200,1.01136363636
482390,482398,482909,8,511,2,7200,1.0156555773
482473,482486,482949,13,463,2,7200,1.02807775378
482489,482496,482986,7,490,2,7200,1.01428571429
482505,482512,482952,7,440,2,7200,1.01590909091
482523,482530,483047,7,517,2,7200,1.01353965184
482539,482546,483040,7,494,2,7200,1.01417004049
482564,482570,483002,6,432,2,7200,1.01388888889
482605,482611,483126,6,515,2,7200,1.01165048544
482633,482639,721933,6,239294,1,259200,1.00002507376
482700,482707,483181,7,474,2,7200,1.01476793249
482752,482758,483259,6,501,2,7200,1.0119760479
482795,482802,483323,7,521,2,7200,1.01343570058
482811,482817,483378,6,561,2,7200,1.01069518717
482812,482824,483315,12,491,2,7200,1.02443991853
482831,482839,483341,8,502,2,7200,1.01593625498
482834,482846,483647,12,801,1,7200,1.01498127341
482847,482854,483313,7,459,2,7200,1.01525054466
482888,482894,483729,6,835,1,7200,1.00718562874
482905,482911,483390,6,479,2,7200,1.01252609603
482921,482928,483411,7,483,2,7200,1.01449275362
482950,482967,483798,17,831,1,7200,1.02045728039
482952,482960,483468,8,508,2,7200,1.0157480315
482968,482975,483464,7,489,2,7200,1.01431492843
482989,482996,483518,7,522,2,7200,1.01340996169
483005,483012,483472,7,460,2,7200,1.0152173913
483042,483048,483532,6,484,2,7200,1.01239669421
483058,483065,483571,7,506,2,7200,1.01383399209
483128,483135,483696,7,561,2,7200,1.01247771836
483184,483190,483704,6,514,2,7200,1.01167315175
483263,483269,483774,6,505,2,7200,1.01188118812
483315,483321,483837,6,516,2,7200,1.01162790698
483317,483328,483806,11,478,2,7200,1.0230125523
483333,483339,483849,6,510,2,7200,1.01176470588
483348,483356,483897,8,541,2,7200,1.01478743068
483382,483389,483874,7,485,2,7200,1.01443298969
483398,483405,483889,7,484,2,7200,1.01446280992
483414,483420,483842,6,422,2,7200,1.01421800948
483466,483472,483985,6,513,2,7200,1.01169590643
483482,483489,483998,7,509,2,7200,1.0137524558
483483,483496,483974,13,478,2,7200,1.02719665272
483520,483528,484040,8,512,2,7200,1.015625
483536,483542,484020,6,478,2,7200,1.01255230126
483573,483579,484079,6,500,2,7200,1.012
483698,483705,484131,7,426,2,7200,1.01643192488
483714,483720,484220,6,500,2,7200,1.012
483778,483784,484280,6,496,2,7200,1.01209677419
483803,483809,483941,6,132,1,7200,1.04545454545
483809,483817,484308,8,491,2,7200,1.01629327902
483840,483846,484365,6,519,2,7200,1.01156069364
483856,483862,484342,6,480,2,7200,1.0125
483857,483870,484358,13,488,2,7200,1.02663934426
483876,483882,484407,6,525,2,7200,1.01142857143
483882,483890,485226,8,1336,1,7200,1.00598802395
483886,483897,498313,11,14416,2,14400,1.00076304107
483892,483903,484422,11,519,2,7200,1.02119460501
483908,483915,484413,7,498,2,7200,1.0140562249
483971,483977,484732,6,755,1,7200,1.00794701987
483978,483984,484514,6,530,2,7200,1.01132075472
483987,483993,484753,6,760,1,7200,1.00789473684
483994,484001,484434,7,433,2,7200,1.01616628176
484010,484017,484534,7,517,2,7200,1.01353965184
484025,484032,484592,7,560,2,7200,1.0125
484041,484047,484509,6,462,2,7200,1.01298701299
484081,484088,484584,7,496,2,7200,1.01411290323
484133,484141,484631,8,490,2,7200,1.01632653061
484146,484154,484156,8,2,1,300,1.0
484147,484168,484169,21,1,1,300,2.2
484148,484187,484188,39,1,1,300,4.0
484149,484200,484201,51,1,1,300,5.2
484150,484212,484213,62,1,1,300,6.3
484221,484228,484757,7,529,2,7200,1.01323251418
484282,484289,484766,7,477,2,7200,1.01467505241
484310,484317,484848,7,531,2,7200,1.0131826742
484346,484352,484870,6,518,2,7200,1.01158301158
484361,484369,484881,8,512,2,7200,1.015625
484371,484377,484430,6,53,1,300,1.11320754717
484373,484389,484441,16,52,1,300,1.30769230769
484374,484444,484496,70,52,1,300,2.34615384615
484375,484458,484510,83,52,1,300,2.59615384615
484376,484508,484560,132,52,1,300,3.53846153846
484377,484384,484918,7,534,2,7200,1.01310861423
484407,484413,484902,6,489,2,7200,1.01226993865
484423,484429,484915,6,486,2,7200,1.01234567901
484424,484437,484930,13,493,2,7200,1.02636916836
484440,484451,484979,11,528,2,7200,1.02083333333
484513,484520,484988,7,468,2,7200,1.01495726496
484529,484536,485030,7,494,2,7200,1.01417004049
484544,484551,485049,7,498,2,7200,1.0140562249
484588,484594,485137,6,543,2,7200,1.01104972376
484603,484609,485110,6,501,2,7200,1.0119760479
484634,484641,485197,7,556,2,7200,1.01258992806
484759,484767,485301,8,534,2,7200,1.01498127341
484775,484782,485260,7,478,2,7200,1.01464435146
484851,484859,485353,8,494,2,7200,1.01619433198
484873,484880,485433,7,553,2,7200,1.01265822785
484889,484895,485406,6,511,2,7200,1.01174168297
484905,484912,485391,7,479,2,7200,1.01461377871
484921,484927,485404,6,477,2,7200,1.01257861635
484922,484934,485425,12,491,2,7200,1.02443991853
484931,484940,485756,9,816,1,7200,1.01102941176
484938,484948,485464,10,516,2,7200,1.01937984496
484971,484978,485769,7,791,1,7200,1.00884955752
484986,484992,485523,6,531,2,7200,1.01129943503
485002,485009,485489,7,480,2,7200,1.01458333333
485020,485768,504294,748,18526,1,86400,1.04037568822
485033,485039,485542,6,503,2,7200,1.01192842942
485051,485058,485570,7,512,2,7200,1.013671875
485099,485782,505520,683,19738,1,86400,1.03460330327
485113,485119,485643,6,524,2,7200,1.01145038168
485141,485147,485669,6,522,2,7200,1.01149425287
485159,486123,511747,964,25624,1,86400,1.03762098033
485199,485206,485710,7,504,2,7200,1.01388888889
485212,498325,527567,13113,29242,1,86400,1.44843033992
485263,485269,485740,6,471,2,7200,1.0127388535
485278,504306,535810,19028,31504,1,86400,1.60398679533
485303,485310,485845,7,535,2,7200,1.01308411215
485326,485333,502636,7,17303,2,21600,1.00040455412
485341,505532,543367,20191,37835,1,86400,1.53365931016
485356,485363,485871,7,508,2,7200,1.01377952756
485394,511760,552743,26366,40983,1,86400,1.64333992143
485396,485403,485890,7,487,2,7200,1.01437371663
485411,485418,485931,7,513,2,7200,1.01364522417
485413,485424,485950,11,526,2,7200,1.02091254753
485429,485436,485929,7,493,2,7200,1.01419878296
485444,485451,485905,7,454,2,7200,1.0154185022
485466,485472,485959,6,487,2,7200,1.01232032854
485491,485498,486047,7,549,2,7200,1.01275045537
485525,485531,485997,6,466,2,7200,1.01287553648
485543,485550,486099,7,549,2,7200,1.01275045537
485571,485578,486100,7,522,2,7200,1.01340996169
485645,485652,486142,7,490,2,7200,1.01428571429
485673,485680,486173,7,493,2,7200,1.01419878296
485713,485719,486208,6,489,2,7200,1.01226993865
485744,485750,486292,6,542,2,7200,1.0110701107
485848,485854,486287,6,433,2,7200,1.01385681293
485873,485880,486407,7,527,2,7200,1.01328273245
485894,485901,486410,7,509,2,7200,1.0137524558
485910,485916,486408,6,492,2,7200,1.01219512195
485932,485938,486444,6,506,2,7200,1.01185770751
485934,485946,486434,12,488,2,7200,1.02459016393
485953,485959,486519,6,560,2,7200,1.01071428571
485968,485974,486470,6,496,2,7200,1.01209677419
485999,486005,486532,6,527,2,7200,1.01138519924
486053,486059,486444,6,385,2,7200,1.01558441558
486104,486111,486530,7,419,2,7200,1.01670644391
486105,486118,486595,13,477,2,7200,1.02725366876
486145,486152,486657,7,505,2,7200,1.01386138614
486176,486183,486682,7,499,2,7200,1.01402805611
486210,486216,486727,6,511,2,7200,1.01174168297
486290,486297,486760,7,463,2,7200,1.0151187905
486305,486311,486821,6,510,2,7200,1.01176470588
486411,486418,486876,7,458,2,7200,1.01528384279
486413,486425,486925,12,500,2,7200,1.024
486414,486430,487002,16,572,2,7200,1.02797202797
486436,486443,486924,7,481,2,7200,1.01455301455
486452,486458,486957,6,499,2,7200,1.0120240481
486454,486466,486944,12,478,2,7200,1.02510460251
486473,486480,486995,7,515,2,7200,1.01359223301
486473,486485,487393,12,908,1,7200,1.01321585903
486498,486504,487740,6,1236,1,7200,1.00485436893
486523,486530,487019,7,489,2,7200,1.01431492843
486526,486536,490304,10,3768,1,7200,1.00265392781
486540,486546,487038,6,492,2,7200,1.01219512195
486541,486553,487101,12,548,2,7200,1.02189781022
486598,486605,487140,7,535,2,7200,1.01308411215
486660,486667,487160,7,493,2,7200,1.01419878296
486661,486674,486736,13,62,1,300,1.20967741935
486662,486747,486809,85,62,1,300,2.37096774194
486662,486775,486838,113,63,1,300,2.79365079365
486662,486821,486883,159,62,1,300,3.56451612903
486663,486837,486899,174,62,1,300,3.8064516129
486684,486692,487218,8,526,2,7200,1.01520912548
486731,486737,487193,6,456,2,7200,1.01315789474
486761,486768,487237,7,469,2,7200,1.01492537313
486801,502719,502845,15918,126,20,7199,127.333333333
486823,486830,487333,7,503,2,7200,1.01391650099
486878,486884,487403,6,519,2,7200,1.01156069364
486916,502724,503226,15808,502,20,7199,32.4900398406
486928,486935,487382,7,447,2,7200,1.01565995526
486929,486942,487422,13,480,2,7200,1.02708333333
486948,486954,487388,6,434,2,7200,1.01382488479
486964,486971,487480,7,509,2,7200,1.0137524558
486998,487005,487487,7,482,2,7200,1.01452282158
487013,487019,487429,6,410,2,7200,1.01463414634
487029,487035,487509,6,474,2,7200,1.01265822785
487045,487052,487539,7,487,2,7200,1.01437371663
487076,487328,487415,252,87,1,300,3.89655172414
487076,487399,487493,323,94,1,300,4.43617021277
487076,487406,487496,330,90,1,300,4.66666666667
487076,487192,487316,116,124,1,300,1.93548387097
487076,487082,487180,6,98,1,300,1.0612244898
487103,487109,487622,6,513,2,7200,1.01169590643
487144,487151,487500,7,349,2,7200,1.02005730659
487163,487170,487678,7,508,2,7200,1.01377952756
487197,487203,487707,6,504,2,7200,1.0119047619
487222,487229,487740,7,511,2,7200,1.01369863014
487241,487248,487674,7,426,2,7200,1.01643192488
487337,487344,487828,7,484,2,7200,1.01446280992
487386,487392,487880,6,488,2,7200,1.01229508197
487402,487413,487928,11,515,2,7200,1.0213592233
487418,487425,487930,7,505,2,7200,1.01386138614
487433,487441,487959,8,518,2,7200,1.01544401544
487435,487447,487945,12,498,2,7200,1.02409638554
487485,487492,487968,7,476,2,7200,1.01470588235
487500,487507,488031,7,524,2,7200,1.01335877863
487502,487515,487900,13,385,2,7200,1.03376623377
487518,487524,488041,6,517,2,7200,1.01160541586
487543,487549,488009,6,460,2,7200,1.01304347826
487626,487633,488134,7,501,2,7200,1.01397205589
487647,487653,488552,6,899,1,7200,1.00667408231
487669,487676,488601,7,925,1,7200,1.00756756757
487678,487685,488161,7,476,2,7200,1.01470588235
487694,487700,488183,6,483,2,7200,1.01242236025
487709,487716,488228,7,512,2,7200,1.013671875
487743,487749,488256,6,507,2,7200,1.01183431953
487832,487839,488322,7,483,2,7200,1.01449275362
487881,487888,488400,7,512,2,7200,1.013671875
487903,487910,488446,7,536,2,7200,1.01305970149
487931,487938,488476,7,538,2,7200,1.01301115242
487933,487945,488423,12,478,2,7200,1.02510460251
487942,502730,502901,14788,171,20,7199,87.4795321637
487949,487956,488478,7,522,2,7200,1.01340996169
487965,487971,488508,6,537,2,7200,1.01117318436
487980,487986,488520,6,534,2,7200,1.01123595506
488011,488017,488537,6,520,2,7200,1.01153846154
488025,502858,503376,14833,518,20,7199,29.6351351351
488033,488039,488563,6,524,2,7200,1.01145038168
488037,488047,489543,10,1496,1,7200,1.00668449198
488049,488056,488598,7,542,2,7200,1.01291512915
488138,488145,488681,7,536,2,7200,1.01305970149
488166,488173,488681,7,508,2,7200,1.01377952756
488187,488195,488707,8,512,2,7200,1.015625
488231,488238,488745,7,507,2,7200,1.01380670611
488259,488265,488770,6,505,2,7200,1.01188118812
488326,488333,488787,7,454,2,7200,1.0154185022
488402,488410,488874,8,464,2,7200,1.01724137931
488427,488434,488965,7,531,2,7200,1.0131826742
488449,488456,488939,7,483,2,7200,1.01449275362
488480,488487,489005,7,518,2,7200,1.01351351351
488482,488494,488998,12,504,2,7200,1.02380952381
488510,488516,489001,6,485,2,7200,1.01237113402
488526,488532,489031,6,499,2,7200,1.0120240481
488541,488548,489031,7,483,2,7200,1.01449275362
488566,488572,489114,6,542,2,7200,1.0110701107
488594,488601,489139,7,538,2,7200,1.01301115242
488683,488690,489171,7,481,2,7200,1.01455301455
488685,488697,489219,12,522,2,7200,1.02298850575
488710,488716,489266,6,550,2,7200,1.01090909091
488735,517066,517122,28331,56,1,36000,506.910714286
488747,488753,489311,6,558,2,7200,1.01075268817
488772,488779,489232,7,453,2,7200,1.01545253863
488791,488798,489199,7,401,2,7200,1.0174563591
488876,488883,489384,7,501,2,7200,1.01397205589
488943,488949,489380,6,431,2,7200,1.01392111369
488968,488974,489456,6,482,2,7200,1.01244813278
489003,489009,489474,6,465,2,7200,1.01290322581
489004,489016,489500,12,484,2,7200,1.02479338843
489020,489026,489538,6,512,2,7200,1.01171875
489036,489043,489575,7,532,2,7200,1.01315789474
489038,489050,489532,12,482,2,7200,1.02489626556
489117,489123,489628,6,505,2,7200,1.01188118812
489142,489149,489656,7,507,2,7200,1.01380670611
489173,489180,489717,7,537,2,7200,1.01303538175
489201,489207,489713,6,506,2,7200,1.01185770751
489223,489229,489722,6,493,2,7200,1.0121703854
489239,489247,489751,8,504,2,7200,1.01587301587
489270,489276,489788,6,512,2,7200,1.01171875
489313,489320,489757,7,437,2,7200,1.01601830664
489383,489389,489901,6,512,2,7200,1.01171875
489399,489406,489887,7,481,2,7200,1.01455301455
489457,489464,489993,7,529,2,7200,1.01323251418
489476,489483,489962,7,479,2,7200,1.01461377871
489504,489510,490070,6,560,2,7200,1.01071428571
489535,489541,490044,6,503,2,7200,1.01192842942
489550,489557,489893,7,336,2,7200,1.02083333333
489578,489584,490091,6,507,2,7200,1.01183431953
489630,489637,490115,7,478,2,7200,1.01464435146
489658,489666,490178,8,512,2,7200,1.015625
489717,489723,490214,6,491,2,7200,1.01221995927
489733,489739,490243,6,504,2,7200,1.0119047619
489734,489746,490234,12,488,2,7200,1.02459016393
489753,489760,490266,7,506,2,7200,1.01383399209
489769,489776,490293,7,517,2,7200,1.01353965184
489791,489798,490330,7,532,2,7200,1.01315789474
489888,489896,490414,8,518,2,7200,1.01544401544
489904,489911,490406,7,495,2,7200,1.01414141414
489906,489918,490444,12,526,2,7200,1.02281368821
489964,489970,490428,6,458,2,7200,1.01310043668
489992,489998,490498,6,500,2,7200,1.012
490048,490054,490564,6,510,2,7200,1.01176470588
490072,490078,490579,6,501,2,7200,1.0119760479
490094,490100,490599,6,499,2,7200,1.0120240481
490119,490126,490612,7,486,2,7200,1.01440329218
490180,490187,490707,7,520,2,7200,1.01346153846
490217,490224,490736,7,512,2,7200,1.013671875
490236,490243,490754,7,511,2,7200,1.01369863014
490252,490259,490764,7,505,2,7200,1.01386138614
490270,490278,490685,8,407,2,7200,1.01965601966
490295,490303,490755,8,452,2,7200,1.01769911504
490323,490330,495431,7,5101,1,7200,1.00137227995
490332,490339,490861,7,522,2,7200,1.01340996169
490347,490353,491281,6,928,1,7200,1.00646551724
490375,490382,496715,7,6333,1,7200,1.00110532133
490409,490415,490950,6,535,2,7200,1.01121495327
490409,490421,491352,12,931,1,7200,1.01288936627
490425,490432,490933,7,501,2,7200,1.01397205589
490440,490446,490959,6,513,2,7200,1.01169590643
490456,490462,490969,6,507,2,7200,1.01183431953
490502,490508,491008,6,500,2,7200,1.012
490566,490572,491092,6,520,2,7200,1.01153846154
490582,490588,490981,6,393,2,7200,1.01526717557
490601,490607,491143,6,536,2,7200,1.01119402985
490617,490624,491114,7,490,2,7200,1.01428571429
490687,490694,491143,7,449,2,7200,1.01559020045
490709,490715,491223,6,508,2,7200,1.01181102362
490740,490747,491272,7,525,2,7200,1.01333333333
490756,490763,491262,7,499,2,7200,1.01402805611
490757,490770,491240,13,470,2,7200,1.02765957447
490773,490779,491287,6,508,2,7200,1.01181102362
490800,513987,624492,23187,110505,3,259200,1.20982760961
490862,490869,491289,7,420,2,7200,1.01666666667
490935,490941,491481,6,540,2,7200,1.01111111111
490954,490961,491498,7,537,2,7200,1.01303538175
490970,490976,491486,6,510,2,7200,1.01176470588
490972,490983,491386,11,403,2,7200,1.02729528536
490987,490995,491474,8,479,2,7200,1.01670146138
491009,491015,491503,6,488,2,7200,1.01229508197
491024,517212,553239,26188,36027,2,36000,1.72689926999
491095,491102,491603,7,501,2,7200,1.01397205589
491116,491123,491603,7,480,2,7200,1.01458333333
491145,491151,491594,6,443,2,7200,1.01354401806
491146,491159,491606,13,447,2,7200,1.02908277405
491209,517060,526309,25851,9249,15,14400,3.79500486539
491226,491233,491705,7,472,2,7200,1.01483050847
491242,491248,491738,6,490,2,7200,1.01224489796
491267,491274,491769,7,495,2,7200,1.01414141414
491282,491289,491784,7,495,2,7200,1.01414141414
491298,491304,491783,6,479,2,7200,1.01252609603
491300,491311,491834,11,523,2,7200,1.02103250478
491388,491395,491851,7,456,2,7200,1.01535087719
491477,491483,491988,6,505,2,7200,1.01188118812
491493,491499,491987,6,488,2,7200,1.01229508197
491495,491507,491992,12,485,2,7200,1.02474226804
491511,491518,491907,7,389,2,7200,1.01799485861
491513,491525,492024,12,499,2,7200,1.02404809619
491598,491606,492122,8,516,2,7200,1.01550387597
491615,491624,492138,9,514,2,7200,1.01750972763
491616,491629,492127,13,498,2,7200,1.02610441767
491623,491635,492104,12,469,2,7200,1.02558635394
491709,491716,492237,7,521,2,7200,1.01343570058
491740,491746,492268,6,522,2,7200,1.01149425287
491771,491777,492269,6,492,2,7200,1.01219512195
491787,491794,492264,7,470,2,7200,1.01489361702
491788,491801,492320,13,519,2,7200,1.02504816956
491838,491845,492393,7,548,2,7200,1.01277372263
491854,491860,492362,6,502,2,7200,1.01195219124
491909,491916,492377,7,461,2,7200,1.01518438178
491989,491995,492528,6,533,2,7200,1.01125703565
491991,492003,492478,12,475,2,7200,1.02526315789
492006,492013,492528,7,515,2,7200,1.01359223301
492025,492032,492513,7,481,2,7200,1.01455301455
492034,517389,551914,25355,34525,2,36000,1.73439536568
492108,492115,492631,7,516,2,7200,1.01356589147
492124,492131,492661,7,530,2,7200,1.01320754717
492139,492147,492626,8,479,2,7200,1.01670146138
492141,492154,492654,13,500,2,7200,1.026
492239,492246,492793,7,547,2,7200,1.01279707495
492267,492274,492822,7,548,2,7200,1.01277372263
492283,492290,492793,7,503,2,7200,1.01391650099
492284,492296,492808,12,512,2,7200,1.0234375
492324,492331,492862,7,531,2,7200,1.0131826742
492364,492372,492871,8,499,2,7200,1.01603206413
492380,492386,492883,6,497,2,7200,1.01207243461
492396,492402,492900,6,498,2,7200,1.01204819277
492482,492489,493012,7,523,2,7200,1.01338432122
492515,492522,493031,7,509,2,7200,1.0137524558
492531,492538,493038,7,500,2,7200,1.014
492533,492545,493061,12,516,2,7200,1.02325581395
492628,492634,493143,6,509,2,7200,1.01178781925
492643,492650,493113,7,463,2,7200,1.0151187905
492659,492665,493185,6,520,2,7200,1.01153846154
492671,591322,607723,98651,16401,2,28800,7.01493811353
492675,492681,493156,6,475,2,7200,1.01263157895
492797,492804,493320,7,516,2,7200,1.01356589147
492799,492811,493335,12,524,2,7200,1.02290076336
492815,492821,493321,6,500,2,7200,1.012
492830,492837,493321,7,484,2,7200,1.01446280992
492864,492872,493376,8,504,2,7200,1.01587301587
492880,492887,493378,7,491,2,7200,1.01425661914
492896,492903,493394,7,491,2,7200,1.01425661914
492911,492917,493439,6,522,2,7200,1.01149425287
493015,493022,493370,7,348,2,7200,1.02011494253
493034,493040,493488,6,448,2,7200,1.01339285714
493051,493058,493585,7,527,2,7200,1.01328273245
493067,493075,493603,8,528,2,7200,1.01515151515
493116,493123,493632,7,509,2,7200,1.0137524558
493147,493154,493652,7,498,2,7200,1.0140562249
493163,493170,493659,7,489,2,7200,1.01431492843
493188,493195,493709,7,514,2,7200,1.01361867704
493266,520169,556199,26903,36030,2,36000,1.74668331946
493322,493329,493825,7,496,2,7200,1.01411290323
493324,493336,493830,12,494,2,7200,1.02429149798
493325,493347,494352,22,1005,1,900,1.02189054726
493326,493341,493729,15,388,2,7200,1.03865979381
493342,493354,493821,12,467,2,7200,1.02569593148
493373,493379,493896,6,517,2,7200,1.01160541586
493388,493395,493892,7,497,2,7200,1.01408450704
493390,493403,493973,13,570,2,7200,1.02280701754
493406,493419,493945,13,526,2,7200,1.0247148289
493443,493449,493929,6,480,2,7200,1.0125
493492,493499,493949,7,450,2,7200,1.01555555556
493587,493593,494093,6,500,2,7200,1.012
493606,493613,494136,7,523,2,7200,1.01338432122
493634,493640,494168,6,528,2,7200,1.01136363636
493655,493662,494168,7,506,2,7200,1.01383399209
493671,493678,494157,7,479,2,7200,1.01461377871
493711,493718,494235,7,517,2,7200,1.01353965184
493733,493740,494224,7,484,2,7200,1.01446280992
493825,493831,494337,6,506,2,7200,1.01185770751
493841,493848,494360,7,512,2,7200,1.013671875
493842,493855,494394,13,539,2,7200,1.0241187384
493852,520174,553220,26322,33046,2,36000,1.79652605459
493894,493901,494400,7,499,2,7200,1.01402805611
493910,493917,494421,7,504,2,7200,1.01388888889
493932,493939,494472,7,533,2,7200,1.01313320826
493948,493954,494451,6,497,2,7200,1.01207243461
493963,493970,494450,7,480,2,7200,1.01458333333
493979,493987,494480,8,493,2,7200,1.01622718053
494081,494088,497710,7,3622,1,3600,1.0019326339
494095,494102,494601,7,499,2,7200,1.01402805611
494138,494144,494659,6,515,2,7200,1.01165048544
494160,494167,494685,7,518,2,7200,1.01351351351
494176,494183,494676,7,493,2,7200,1.01419878296
494178,494189,494595,11,406,2,7200,1.02709359606
494227,494234,494701,7,467,2,7200,1.01498929336
494243,494250,494797,7,547,2,7200,1.01279707495
494340,494346,494865,6,519,2,7200,1.01156069364
494362,494371,494860,9,489,2,7200,1.01840490798
494370,494377,496240,7,1863,1,7200,1.00375738057
494396,494403,494900,7,497,2,7200,1.01408450704
494403,494410,495309,7,899,1,7200,1.00778642937
494412,494419,494977,7,558,2,7200,1.01254480287
494427,494433,494921,6,488,2,7200,1.01229508197
494452,494459,494826,7,367,2,7200,1.01907356948
494454,494466,494940,12,474,2,7200,1.0253164557
494476,494483,494976,7,493,2,7200,1.01419878296
494489,527585,563628,33096,36043,2,36000,1.91823655079
494491,494498,494965,7,467,2,7200,1.01498929336
494598,494605,495089,7,484,2,7200,1.01446280992
494614,494620,495099,6,479,2,7200,1.01252609603
494663,494672,495176,9,504,2,7200,1.01785714286
494679,494685,495211,6,526,2,7200,1.01140684411
494695,494701,495200,6,499,2,7200,1.0120240481
494710,494717,495224,7,507,2,7200,1.01380670611
494799,494805,495331,6,526,2,7200,1.01140684411
494830,494837,495300,7,463,2,7200,1.0151187905
494864,494871,495360,7,489,2,7200,1.01431492843
494879,494886,495401,7,515,2,7200,1.01359223301
494904,494912,495381,8,469,2,7200,1.0170575693
494923,494930,495448,7,518,2,7200,1.01351351351
494942,494948,495474,6,526,2,7200,1.01140684411
494967,494978,495470,11,492,2,7200,1.02235772358
494983,494990,495456,7,466,2,7200,1.01502145923
494984,494996,495519,12,523,2,7200,1.02294455067
495092,495099,495574,7,475,2,7200,1.01473684211
495109,495116,495593,7,477,2,7200,1.01467505241
495180,495186,495674,6,488,2,7200,1.01229508197
495201,495209,495710,8,501,2,7200,1.01596806387
495217,495224,495657,7,433,2,7200,1.01616628176
495233,495239,495625,6,386,2,7200,1.01554404145
495245,495252,495330,7,78,3,1800,1.08974358974
495303,495311,495811,8,500,2,7200,1.016
495334,495342,495865,8,523,2,7200,1.01529636711
495362,495369,495742,7,373,2,7200,1.01876675603
495384,495391,495929,7,538,2,7200,1.01301115242
495403,495410,495864,7,454,2,7200,1.0154185022
495452,495460,495929,8,469,2,7200,1.0170575693
495468,495475,495988,7,513,2,7200,1.01364522417
495484,495491,495975,7,484,2,7200,1.01446280992
495486,495531,496023,45,492,2,7200,1.09146341463
495490,496254,497371,764,1117,1,7200,1.68397493286
495523,495586,496068,63,482,2,7200,1.13070539419
495578,495605,496108,27,503,2,7200,1.05367793241
495591,555073,591113,59482,36040,2,36000,2.65044395117
495597,495636,496155,39,519,2,7200,1.07514450867
495628,495669,496194,41,525,2,7200,1.0780952381
495633,554967,555050,59334,83,16,72000,715.86746988
495659,495687,496193,28,506,2,7200,1.05533596838
495678,495722,496234,44,512,2,7200,1.0859375
495682,497888,505106,2206,7218,3,7200,1.30562482682
495712,495755,496229,43,474,2,7200,1.09071729958
495746,495823,496277,77,454,2,7200,1.16960352423
495813,495876,496326,63,450,2,7200,1.14
495868,495883,496378,15,495,2,7200,1.0303030303
495875,495941,496315,66,374,2,7200,1.17647058824
495931,495946,496442,15,496,2,7200,1.03024193548
495938,495987,496538,49,551,2,7200,1.0889292196
495978,496000,496507,22,507,2,7200,1.04339250493
495994,496035,496556,41,521,2,7200,1.07869481766
496024,496080,496555,56,475,2,7200,1.11789473684
496067,555114,591139,59047,36025,2,36000,2.63905621096
496071,496121,496629,50,508,2,7200,1.09842519685
496111,496167,496678,56,511,2,7200,1.1095890411
496157,496205,496698,48,493,2,7200,1.09736308316
496197,496210,496660,13,450,2,7200,1.02888888889
496204,496241,496727,37,486,2,7200,1.07613168724
496232,496248,496746,16,498,2,7200,1.03212851406
496248,496289,496734,41,445,2,7200,1.09213483146
496279,496328,496828,49,500,2,7200,1.098
496319,496338,496792,19,454,2,7200,1.04185022026
496334,496390,496907,56,517,2,7200,1.1083172147
496381,496454,497008,73,554,2,7200,1.13176895307
496445,496520,497019,75,499,2,7200,1.1503006012
496459,556211,592244,59752,36033,2,36000,2.65825770821
496509,496550,497064,41,514,2,7200,1.07976653696
496540,496567,497110,27,543,2,7200,1.04972375691
496560,496574,497104,14,530,2,7200,1.02641509434
496566,496640,497130,74,490,2,7200,1.15102040816
496631,496672,497177,41,505,2,7200,1.08118811881
496662,496690,497217,28,527,2,7200,1.05313092979
496680,496710,497197,30,487,2,7200,1.06160164271
496699,496740,497286,41,546,2,7200,1.07509157509
496730,496747,497220,17,473,2,7200,1.03594080338
496746,496758,497268,12,510,2,7200,1.02352941176
496762,496803,497311,41,508,2,7200,1.08070866142
496796,496839,497269,43,430,2,7200,1.1
496830,496919,497447,89,528,2,7200,1.16856060606
496840,564701,578181,67861,13480,2,36000,6.03419881306
496909,497020,497537,111,517,2,7200,1.21470019342
497007,497031,497526,24,495,2,7200,1.04848484848
497023,497076,497460,53,384,2,7200,1.13802083333
497066,497117,497612,51,495,2,7200,1.10303030303
497106,497124,497638,18,514,2,7200,1.03501945525
497122,497142,497673,20,531,2,7200,1.03766478343
497137,497189,497710,52,521,2,7200,1.09980806142
497180,497209,497704,29,495,2,7200,1.05858585859
497199,497230,497717,31,487,2,7200,1.0636550308
497221,497237,497731,16,494,2,7200,1.03238866397
497228,497280,497835,52,555,2,7200,1.09369369369
497272,497285,497749,13,464,2,7200,1.02801724138
497278,497298,497816,20,518,2,7200,1.03861003861
497294,497323,497832,29,509,2,7200,1.05697445972
497313,497383,497875,70,492,2,7200,1.14227642276
497450,497459,497948,9,489,2,7200,1.01840490798
497466,497472,497976,6,504,2,7200,1.0119047619
497530,497538,498025,8,487,2,7200,1.01642710472
497546,497553,498032,7,479,2,7200,1.01461377871
497613,497624,498130,11,506,2,7200,1.02173913043
497641,497650,498164,9,514,2,7200,1.01750972763
497675,497685,498188,10,503,2,7200,1.01988071571
497706,497716,498155,10,439,2,7200,1.02277904328
497722,497729,498232,7,503,2,7200,1.01391650099
497724,497735,498136,11,401,2,7200,1.02743142145
497739,497746,498305,7,559,2,7200,1.01252236136
497755,497762,498253,7,491,2,7200,1.01425661914
497819,497828,498330,9,502,2,7200,1.01792828685
497835,497847,498347,12,500,2,7200,1.024
497837,497852,498410,15,558,2,7200,1.02688172043
497877,497960,498470,83,510,2,7200,1.16274509804
497951,497988,498410,37,422,2,7200,1.08767772512
497979,498037,498587,58,550,2,7200,1.10545454545
498029,498045,498409,16,364,2,7200,1.04395604396
498044,498142,498584,98,442,2,7200,1.22171945701
498133,498150,498639,17,489,2,7200,1.03476482618
498148,498167,498675,19,508,2,7200,1.0374015748
498164,498176,498535,12,359,2,7200,1.03342618384
498166,498200,498710,34,510,2,7200,1.06666666667
498190,498245,498738,55,493,2,7200,1.11156186613
498234,498265,498628,31,363,2,7200,1.08539944904
498255,498318,498813,63,495,2,7200,1.12727272727
498307,498342,498846,35,504,2,7200,1.06944444444
498332,498359,498873,27,514,2,7200,1.05252918288
498348,498421,498931,73,510,2,7200,1.1431372549
498413,498428,498925,15,497,2,7200,1.03018108652
498420,498433,498924,13,491,2,7200,1.02647657841
498426,498483,498979,57,496,2,7200,1.11491935484
498473,498547,499029,74,482,2,7200,1.15352697095
498537,498597,499086,60,489,2,7200,1.1226993865
498586,498604,499135,18,531,2,7200,1.03389830508
498602,498641,499147,39,506,2,7200,1.07707509881
498630,498652,499193,22,541,2,7200,1.04066543438
498646,498687,499233,41,546,2,7200,1.07509157509
498677,498722,499231,45,509,2,7200,1.0884086444
498714,498751,499275,37,524,2,7200,1.07061068702
498742,498825,499317,83,492,2,7200,1.16869918699
498815,498858,499379,43,521,2,7200,1.08253358925
498849,498885,499390,36,505,2,7200,1.07128712871
498874,498936,499438,62,502,2,7200,1.1235059761
498927,498943,499411,16,468,2,7200,1.03418803419
498934,498948,499453,14,505,2,7200,1.02772277228
498950,498991,499505,41,514,2,7200,1.07976653696
498981,499042,499531,61,489,2,7200,1.12474437628
499033,499098,499581,65,483,2,7200,1.13457556936
499088,499148,499640,60,492,2,7200,1.12195121951
499138,499159,499631,21,472,2,7200,1.04449152542
499153,499205,499704,52,499,2,7200,1.10420841683
499196,499243,499766,47,523,2,7200,1.08986615679
499233,499250,499765,17,515,2,7200,1.03300970874
499249,499287,499794,38,507,2,7200,1.07495069034
499277,499329,499787,52,458,2,7200,1.1135371179
499320,499391,499875,71,484,2,7200,1.14669421488
499382,499401,499912,19,511,2,7200,1.03718199609
499397,499423,499923,26,500,2,7200,1.052
499413,499450,499924,37,474,2,7200,1.07805907173
499441,499466,499988,25,522,2,7200,1.04789272031
499456,499518,500015,62,497,2,7200,1.12474849095
499509,499543,500060,34,517,2,7200,1.06576402321
499534,499593,500141,59,548,2,7200,1.10766423358
499583,499643,500115,60,472,2,7200,1.12711864407
499632,499652,500170,20,518,2,7200,1.03861003861
499648,499716,500261,68,545,2,7200,1.1247706422
499706,499777,500275,71,498,2,7200,1.14257028112
499768,499784,500239,16,455,2,7200,1.03516483516
499775,499799,500339,24,540,2,7200,1.04444444444
499790,499807,500312,17,505,2,7200,1.03366336634
499806,499887,500413,81,526,2,7200,1.15399239544
499876,499925,500378,49,453,2,7200,1.10816777042
499914,499935,500429,21,494,2,7200,1.04251012146
499930,499941,500463,11,522,2,7200,1.02107279693
499931,500000,500549,69,549,2,7200,1.12568306011
499993,500027,500427,34,400,2,7200,1.085
500018,500073,500595,55,522,2,7200,1.10536398467
500064,500126,500526,62,400,2,7200,1.155
500119,500153,500639,34,486,2,7200,1.06995884774
500144,500182,500639,38,457,2,7200,1.08315098468
500172,500251,500798,79,547,2,7200,1.14442413163
500242,500273,500785,31,512,2,7200,1.060546875
500264,500287,500732,23,445,2,7200,1.05168539326
500280,500324,500836,44,512,2,7200,1.0859375
500314,500351,500830,37,479,2,7200,1.07724425887
500342,500390,500901,48,511,2,7200,1.0939334638
500382,500425,500930,43,505,2,7200,1.08514851485
500416,500438,500918,22,480,2,7200,1.04583333333
500432,500445,500955,13,510,2,7200,1.02549019608
500439,500475,500991,36,516,2,7200,1.06976744186
500467,500539,500999,72,460,2,7200,1.15652173913
500528,500562,500999,34,437,2,7200,1.07780320366
500553,500608,501062,55,454,2,7200,1.12114537445
500599,500652,501203,53,551,2,7200,1.09618874773
500643,500657,501190,14,533,2,7200,1.02626641651
500649,500744,501243,95,499,2,7200,1.19038076152
500735,500797,501304,62,507,2,7200,1.12228796844
500787,500809,501269,22,460,2,7200,1.04782608696
500803,500842,501313,39,471,2,7200,1.08280254777
500834,500849,501330,15,481,2,7200,1.03118503119
500849,500913,501447,64,534,2,7200,1.11985018727
500905,500930,501354,25,424,2,7200,1.05896226415
500920,500942,501454,22,512,2,7200,1.04296875
500936,500968,501452,32,484,2,7200,1.06611570248
500958,501003,501532,45,529,2,7200,1.08506616257
500998,501011,501550,13,539,2,7200,1.0241187384
501014,501020,501532,6,512,2,7200,1.01171875
501015,501074,501500,59,426,2,7200,1.13849765258
501065,501202,501660,137,458,2,7200,1.29912663755
501193,501215,501725,22,510,2,7200,1.0431372549
501209,501255,501760,46,505,2,7200,1.09108910891
501246,501281,501776,35,495,2,7200,1.07070707071
501274,501319,501847,45,528,2,7200,1.08522727273
501305,501326,501697,21,371,2,7200,1.05660377358
501321,501342,501810,21,468,2,7200,1.04487179487
501336,501366,501869,30,503,2,7200,1.05964214712
501355,501459,501813,104,354,2,7200,1.29378531073
501450,501466,501979,16,513,2,7200,1.03118908382
501466,501472,501993,6,521,2,7200,1.01151631478
501468,501512,501995,44,483,2,7200,1.09109730849
501502,501545,502004,43,459,2,7200,1.09368191721
501536,501550,502080,14,530,2,7200,1.02641509434
501543,501561,502064,18,503,2,7200,1.03578528827
501559,501672,502182,113,510,2,7200,1.22156862745
501663,501708,502198,45,490,2,7200,1.09183673469
501700,501737,502245,37,508,2,7200,1.07283464567
501728,501772,502278,44,506,2,7200,1.08695652174
501762,501789,502272,27,483,2,7200,1.05590062112
501778,501822,502325,44,503,2,7200,1.08747514911
501812,501829,502330,17,501,2,7200,1.03393213573
501828,501860,502365,32,505,2,7200,1.06336633663
501850,501882,502373,32,491,2,7200,1.06517311609
501871,501991,502504,120,513,2,7200,1.23391812865
501981,502005,502504,24,499,2,7200,1.04809619238
501997,502012,502536,15,524,2,7200,1.0286259542
502004,502019,502552,15,533,2,7200,1.02814258912
502020,502077,502429,57,352,2,7200,1.16193181818
502067,502093,502600,26,507,2,7200,1.05128205128
502082,502194,502738,112,544,2,7200,1.20588235294
502183,502213,502700,30,487,2,7200,1.06160164271
502199,502258,502783,59,525,2,7200,1.11238095238
502248,502285,502778,37,493,2,7200,1.07505070994
502276,502292,502755,16,463,2,7200,1.03455723542
502292,502338,502781,46,443,2,7200,1.10383747178
502329,502345,502768,16,423,2,7200,1.0378250591
502344,502377,502871,33,494,2,7200,1.06680161943
502369,502385,502892,16,507,2,7200,1.0315581854
502385,502442,502969,57,527,2,7200,1.10815939279
502431,502517,503047,86,530,2,7200,1.16226415094
502508,502522,503025,14,503,2,7200,1.02783300199
502515,502548,503050,33,502,2,7200,1.06573705179
502540,502563,503073,23,510,2,7200,1.04509803922
502556,502612,503129,56,517,2,7200,1.1083172147
502602,502648,503094,46,446,2,7200,1.10313901345
502703,502712,503196,9,484,2,7200,1.01859504132
502741,502747,503260,6,513,2,7200,1.01169590643
502759,502767,503330,8,563,2,7200,1.01420959147
502775,502781,503350,6,569,2,7200,1.01054481547
502791,502802,503284,11,482,2,7200,1.02282157676
502793,502807,503246,14,439,2,7200,1.03189066059
502800,502814,503297,14,483,2,7200,1.02898550725
502873,502883,503379,10,496,2,7200,1.02016129032
502895,502901,503382,6,481,2,7200,1.01247401247
502972,502978,503465,6,487,2,7200,1.01232032854
503027,503033,503566,6,533,2,7200,1.01125703565
503049,503056,503533,7,477,2,7200,1.01467505241
503065,503071,503530,6,459,2,7200,1.01307189542
503081,503087,503583,6,496,2,7200,1.01209677419
503096,503104,503622,8,518,2,7200,1.01544401544
503130,503137,503667,7,530,2,7200,1.01320754717
503198,503204,503717,6,513,2,7200,1.01169590643
503250,503256,503781,6,525,2,7200,1.01142857143
503266,503274,503762,8,488,2,7200,1.01639344262
503288,503294,503797,6,503,2,7200,1.01192842942
503304,503310,503856,6,546,2,7200,1.01098901099
503332,503338,503881,6,543,2,7200,1.01104972376
503354,503360,503911,6,551,2,7200,1.0108892922
503382,503390,503796,8,406,2,7200,1.0197044335
503397,503405,503750,8,345,2,7200,1.0231884058
503468,503474,503973,6,499,2,7200,1.0120240481
503533,503540,504039,7,499,2,7200,1.01402805611
503548,503555,504055,7,500,2,7200,1.014
503567,503573,504066,6,493,2,7200,1.0121703854
503586,503592,504071,6,479,2,7200,1.01252609603
503626,503633,504111,7,478,2,7200,1.01464435146
503670,503677,504186,7,509,2,7200,1.0137524558
503719,503725,504190,6,465,2,7200,1.01290322581
503753,503759,504260,6,501,2,7200,1.0119760479
503769,503776,504286,7,510,2,7200,1.0137254902
503787,503794,504313,7,519,2,7200,1.01348747592
503803,503810,504326,7,516,2,7200,1.01356589147
503805,503816,504185,11,369,2,7200,1.0298102981
503857,503863,504365,6,502,2,7200,1.01195219124
503885,503891,504387,6,496,2,7200,1.01209677419
503913,503919,504418,6,499,2,7200,1.0120240481
503975,503982,504477,7,495,2,7200,1.01414141414
504042,504049,504547,7,498,2,7200,1.0140562249
504058,504065,504560,7,495,2,7200,1.01414141414
504074,504081,504579,7,498,2,7200,1.0140562249
504075,504088,504607,13,519,2,7200,1.02504816956
504113,504119,504552,6,433,2,7200,1.01385681293
504189,504195,504714,6,519,2,7200,1.01156069364
504191,504203,504667,12,464,2,7200,1.02586206897
504207,504214,504762,7,548,2,7200,1.01277372263
504262,504269,504772,7,503,2,7200,1.01391650099
504290,504297,504833,7,536,2,7200,1.01305970149
504315,504322,504763,7,441,2,7200,1.01587301587
504330,504337,504811,7,474,2,7200,1.01476793249
504367,504374,504858,7,484,2,7200,1.01446280992
504389,504397,504955,8,558,2,7200,1.01433691756
504420,504426,504911,6,485,2,7200,1.01237113402
504478,504485,504961,7,476,2,7200,1.01470588235
504549,504556,505065,7,509,2,7200,1.0137524558
504565,504572,504907,7,335,2,7200,1.02089552239
504567,504579,505071,12,492,2,7200,1.0243902439
504582,504589,505088,7,499,2,7200,1.01402805611
504610,504618,505139,8,521,2,7200,1.01535508637
504669,504675,505195,6,520,2,7200,1.01153846154
504718,504725,505283,7,558,2,7200,1.01254480287
504761,504768,505241,7,473,2,7200,1.01479915433
504777,504784,505291,7,507,2,7200,1.01380670611
504779,504790,505282,11,492,2,7200,1.02235772358
504813,504820,505320,7,500,2,7200,1.014
504835,504842,505304,7,462,2,7200,1.01515151515
504860,504866,505351,6,485,2,7200,1.01237113402
504909,504916,505404,7,488,2,7200,1.0143442623
504924,504931,505422,7,491,2,7200,1.01425661914
504959,504966,505484,7,518,2,7200,1.01351351351
504974,504980,505490,6,510,2,7200,1.01176470588
505069,505076,505629,7,553,2,7200,1.01265822785
505085,505091,505613,6,522,2,7200,1.01149425287
505100,505107,505583,7,476,2,7200,1.01470588235
505144,505151,505512,7,361,2,7200,1.01939058172
505199,505206,505748,7,542,2,7200,1.01291512915
505245,505252,505777,7,525,2,7200,1.01333333333
505286,505293,505768,7,475,2,7200,1.01473684211
505287,505300,505796,13,496,2,7200,1.02620967742
505303,505309,505762,6,453,2,7200,1.01324503311
505319,505325,505875,6,550,2,7200,1.01090909091
505334,505341,505877,7,536,2,7200,1.01305970149
505353,505360,505851,7,491,2,7200,1.01425661914
505406,505412,505929,6,517,2,7200,1.01160541586
505424,505430,505937,6,507,2,7200,1.01183431953
505483,505489,505992,6,503,2,7200,1.01192842942
505498,505506,505981,8,475,2,7200,1.01684210526
505515,505522,506075,7,553,2,7200,1.01265822785
505538,505544,505546,6,2,2,3540,1.0
505585,505591,506101,6,510,2,7200,1.01176470588
505616,505622,506155,6,533,2,7200,1.01125703565
505632,505638,506175,6,537,2,7200,1.01117318436
505751,505758,506255,7,497,2,7200,1.01408450704
505766,505774,506309,8,535,2,7200,1.01495327103
505782,505788,506250,6,462,2,7200,1.01298701299
505784,505796,506280,12,484,2,7200,1.02479338843
505800,505807,506302,7,495,2,7200,1.01414141414
505855,505861,506327,6,466,2,7200,1.01287553648
505877,505883,506424,6,541,2,7200,1.01109057301
505893,505900,506406,7,506,2,7200,1.01383399209
505933,505939,506472,6,533,2,7200,1.01125703565
505949,505956,506475,7,519,2,7200,1.01348747592
505983,505990,506510,7,520,2,7200,1.01346153846
505999,506006,506502,7,496,2,7200,1.01411290323
506079,506086,506641,7,555,2,7200,1.01261261261
506104,506110,506567,6,457,2,7200,1.01312910284
506159,506166,506676,7,510,2,7200,1.0137254902
506178,506185,506659,7,474,2,7200,1.01476793249
506251,506257,506763,6,506,2,7200,1.01185770751
506267,506273,506755,6,482,2,7200,1.01244813278
506283,506290,506777,7,487,2,7200,1.01437371663
506305,506311,506803,6,492,2,7200,1.01219512195
506321,506328,506809,7,481,2,7200,1.01455301455
506336,506343,506813,7,470,2,7200,1.01489361702
506407,506413,506914,6,501,2,7200,1.0119760479
506429,506436,506968,7,532,2,7200,1.01315789474
506475,506481,506964,6,483,2,7200,1.01242236025
506491,506497,506932,6,435,2,7200,1.01379310345
506507,506514,507012,7,498,2,7200,1.0140562249
506522,506529,507043,7,514,2,7200,1.01361867704
506568,506576,507072,8,496,2,7200,1.01612903226
506645,506652,507191,7,539,2,7200,1.01298701299
506661,506668,507203,7,535,2,7200,1.01308411215
506680,506686,507184,6,498,2,7200,1.01204819277
506757,506764,507241,7,477,2,7200,1.01467505241
506772,506778,507316,6,538,2,7200,1.01115241636
506788,506795,507226,7,431,2,7200,1.0162412993
506804,506810,507361,6,551,2,7200,1.0108892922
506819,506826,507322,7,496,2,7200,1.01411290323
506821,506833,507366,12,533,2,7200,1.02251407129
506916,506922,507305,6,383,2,7200,1.01566579634
506935,506942,507427,7,485,2,7200,1.01443298969
506966,506973,507419,7,446,2,7200,1.01569506726
506981,506989,507339,8,350,2,7200,1.02285714286
507016,507022,507566,6,544,2,7200,1.01102941176
507047,507054,507542,7,488,2,7200,1.0143442623
507075,507082,507558,7,476,2,7200,1.01470588235
507152,543262,578844,36110,35582,64,43200,2.01483896352
507185,507191,507710,6,519,2,7200,1.01156069364
507201,507207,507714,6,507,2,7200,1.01183431953
507216,507224,507711,8,487,2,7200,1.01642710472
507232,507238,507733,6,495,2,7200,1.01212121212
507248,507255,507701,7,446,2,7200,1.01569506726
507309,507316,507820,7,504,2,7200,1.01388888889
507325,507332,507842,7,510,2,7200,1.0137254902
507327,507339,507887,12,548,2,7200,1.02189781022
507343,507350,507858,7,508,2,7200,1.01377952756
507365,507371,507910,6,539,2,7200,1.01113172542
507380,507387,507862,7,475,2,7200,1.01473684211
507423,507429,507811,6,382,2,7200,1.01570680628
507439,507446,507954,7,508,2,7200,1.01377952756
507546,507553,508129,7,576,2,7200,1.01215277778
507562,507569,508054,7,485,2,7200,1.01443298969
507577,507585,508036,8,451,2,7200,1.0177383592
507703,507709,508142,6,433,2,7200,1.01385681293
507719,507725,508252,6,527,2,7200,1.01138519924
507720,507731,508247,11,516,2,7200,1.02131782946
507722,507737,508229,15,492,2,7200,1.03048780488
507738,507745,508221,7,476,2,7200,1.01470588235
507814,507820,508316,6,496,2,7200,1.01209677419
507830,507837,508357,7,520,2,7200,1.01346153846
507846,507852,508396,6,544,2,7200,1.01102941176
507861,507869,508350,8,481,2,7200,1.01663201663
507877,507883,508392,6,509,2,7200,1.01178781925
507893,507899,508403,6,504,2,7200,1.0119047619
507912,507919,508417,7,498,2,7200,1.0140562249
507958,507965,508388,7,423,2,7200,1.01654846336
508038,508045,508548,7,503,2,7200,1.01391650099
508057,508063,508560,6,497,2,7200,1.01207243461
508133,508141,508633,8,492,2,7200,1.0162601626
508149,508156,508645,7,489,2,7200,1.01431492843
508226,508232,508790,6,558,2,7200,1.01075268817
508241,508248,508730,7,482,2,7200,1.01452282158
508257,508263,508746,6,483,2,7200,1.01242236025
508259,508270,508846,11,576,2,7200,1.01909722222
508317,508362,508874,45,512,2,7200,1.087890625
508351,508368,508787,17,419,2,7200,1.04057279236
508367,508400,508913,33,513,2,7200,1.06432748538
508392,508407,508921,15,514,2,7200,1.02918287938
508399,508412,508888,13,476,2,7200,1.02731092437
508416,508423,508938,7,515,2,7200,1.01359223301
508417,508430,508908,13,478,2,7200,1.02719665272
508433,508561,509111,128,550,2,7200,1.23272727273
508552,508572,509084,20,512,2,7200,1.0390625
508568,508645,509210,77,565,2,7200,1.13628318584
508636,508657,509160,21,503,2,7200,1.04174950298
508651,508742,509245,91,503,2,7200,1.18091451292
508734,508758,509231,24,473,2,7200,1.05073995772
508750,508800,509268,50,468,2,7200,1.10683760684
508790,508807,509312,17,505,2,7200,1.03366336634
508806,508858,509332,52,474,2,7200,1.10970464135
508849,508886,509388,37,502,2,7200,1.07370517928
508877,508899,509289,22,390,2,7200,1.05641025641
508893,508920,509409,27,489,2,7200,1.05521472393
508912,508927,509410,15,483,2,7200,1.03105590062
508929,508936,509446,7,510,2,7200,1.0137254902
508930,508950,509456,20,506,2,7200,1.0395256917
508946,509096,509456,150,360,2,7200,1.41666666667
509086,509123,509610,37,487,2,7200,1.07597535934
509115,509173,509658,58,485,2,7200,1.11958762887
509164,509222,509718,58,496,2,7200,1.11693548387
509213,509243,509778,30,535,2,7200,1.05607476636
509235,509257,509801,22,544,2,7200,1.04044117647
509251,509280,509770,29,490,2,7200,1.05918367347
509270,509300,509782,30,482,2,7200,1.0622406639
509292,509324,509809,32,485,2,7200,1.06597938144
509317,509344,509829,27,485,2,7200,1.05567010309
509335,509400,509893,65,493,2,7200,1.13184584178
509391,509421,509926,30,505,2,7200,1.05940594059
509413,509428,509928,15,500,2,7200,1.03
509420,509458,509932,38,474,2,7200,1.08016877637
509448,509468,509965,20,497,2,7200,1.04024144869
509464,509475,510048,11,573,2,7200,1.01919720768
509465,509622,510103,157,481,2,7200,1.3264033264
509612,509671,510180,59,509,2,7200,1.11591355599
509661,509731,510176,70,445,2,7200,1.15730337079
509720,509781,510300,61,519,2,7200,1.11753371869
509772,509790,510295,18,505,2,7200,1.03564356436
509788,509796,510312,8,516,2,7200,1.01550387597
509790,509812,510320,22,508,2,7200,1.04330708661
509806,509821,510323,15,502,2,7200,1.02988047809
509821,509842,510363,21,521,2,7200,1.04030710173
509837,509905,510424,68,519,2,7200,1.13102119461
509896,509938,510436,42,498,2,7200,1.0843373494
509930,509945,510440,15,495,2,7200,1.0303030303
509937,509950,510433,13,483,2,7200,1.02691511387
509953,509977,510499,24,522,2,7200,1.04597701149
509969,510060,510566,91,506,2,7200,1.17984189723
510051,510115,510621,64,506,2,7200,1.12648221344
510107,510187,510699,80,512,2,7200,1.15625
510180,510195,510713,15,518,2,7200,1.02895752896
510187,510307,510824,120,517,2,7200,1.23210831721
510297,510314,510778,17,464,2,7200,1.03663793103
510313,510324,510848,11,524,2,7200,1.02099236641
510315,510332,510823,17,491,2,7200,1.03462321792
510331,510338,510880,7,542,2,7200,1.01291512915
510332,510374,510860,42,486,2,7200,1.08641975309
510367,510437,510948,70,511,2,7200,1.13698630137
510428,510445,510962,17,517,2,7200,1.03288201161
510444,510451,510945,7,494,2,7200,1.01417004049
510446,510458,510960,12,502,2,7200,1.02390438247
510447,510511,511018,64,507,2,7200,1.12623274162
510503,510578,511071,75,493,2,7200,1.15212981744
510570,510633,511093,63,460,2,7200,1.13695652174
510623,510711,511055,88,344,2,7200,1.25581395349
510702,510724,511215,22,491,2,7200,1.04480651731
510718,510790,511313,72,523,2,7200,1.13766730402
510783,510836,511358,53,522,2,7200,1.10153256705
510826,510841,511326,15,485,2,7200,1.03092783505
510833,510861,511367,28,506,2,7200,1.05533596838
510852,510872,511387,20,515,2,7200,1.03883495146
510867,510892,511384,25,492,2,7200,1.05081300813
510883,510957,511439,74,482,2,7200,1.15352697095
510948,510964,511343,16,379,2,7200,1.04221635884
510964,510972,511465,8,493,2,7200,1.01622718053
510966,510979,511487,13,508,2,7200,1.02559055118
510972,511030,511422,58,392,2,7200,1.14795918367
511021,511068,511537,47,469,2,7200,1.10021321962
511049,515181,520007,4132,4826,3,14400,1.85619560713
511059,511083,511632,24,549,2,7200,1.04371584699
511074,511105,511641,31,536,2,7200,1.0578358209
511096,511227,511704,131,477,2,7200,1.27463312369
511218,511325,511714,107,389,2,7200,1.27506426735
511316,511338,511829,22,491,2,7200,1.04480651731
511332,511354,511872,22,518,2,7200,1.04247104247
511348,511370,511815,22,445,2,7200,1.04943820225
511363,511380,511899,17,519,2,7200,1.03275529865
511379,511395,511887,16,492,2,7200,1.0325203252
511395,511403,511915,8,512,2,7200,1.015625
511397,511434,511938,37,504,2,7200,1.07341269841
511424,511451,511949,27,498,2,7200,1.05421686747
511443,511477,511863,34,386,2,7200,1.08808290155
511468,511499,512027,31,528,2,7200,1.05871212121
511490,511548,512068,58,520,2,7200,1.11153846154
511539,511644,512175,105,531,2,7200,1.19774011299
511634,511653,512158,19,505,2,7200,1.03762376238
511650,511716,512226,66,510,2,7200,1.12941176471
511705,511727,512269,22,542,2,7200,1.0405904059
511721,511827,512311,106,484,2,7200,1.21900826446
511816,511842,512240,26,398,2,7200,1.06532663317
511832,511875,512364,43,489,2,7200,1.08793456033
511866,511883,512371,17,488,2,7200,1.03483606557
511881,511899,512418,18,519,2,7200,1.03468208092
511897,511910,512409,13,499,2,7200,1.02605210421
511913,511927,512442,14,515,2,7200,1.02718446602
511929,511950,512486,21,536,2,7200,1.03917910448
511945,511961,512489,16,528,2,7200,1.0303030303
511960,512039,512557,79,518,2,7200,1.15250965251
512031,512080,512605,49,525,2,7200,1.09333333333
512071,512170,512685,99,515,2,7200,1.19223300971
512160,512187,512643,27,456,2,7200,1.05921052632
512178,512239,512752,61,513,2,7200,1.11890838207
512230,512252,512760,22,508,2,7200,1.04330708661
512246,512281,512785,35,504,2,7200,1.06944444444
512270,512323,512808,53,485,2,7200,1.10927835052
512313,512376,512876,63,500,2,7200,1.126
512366,512384,512858,18,474,2,7200,1.03797468354
512381,512421,512931,40,510,2,7200,1.07843137255
512412,512430,512943,18,513,2,7200,1.0350877193
512428,512454,513007,26,553,2,7200,1.04701627486
512443,512498,513006,55,508,2,7200,1.10826771654
512489,512505,513000,16,495,2,7200,1.03232323232
512496,512569,513013,73,444,2,7200,1.16441441441
512560,512617,513108,57,491,2,7200,1.11608961303
512606,512656,513148,50,492,2,7200,1.10162601626
512647,512697,513100,50,403,2,7200,1.12406947891
512687,512764,513273,77,509,2,7200,1.15127701375
512754,512773,513289,19,516,2,7200,1.03682170543
512770,512797,513282,27,485,2,7200,1.05567010309
512789,512820,513368,31,548,2,7200,1.05656934307
512811,512870,513409,59,539,2,7200,1.1094619666
512860,512889,513342,29,453,2,7200,1.06401766004
512879,512943,513411,64,468,2,7200,1.13675213675
512934,512955,513443,21,488,2,7200,1.04303278689
512950,513012,513519,62,507,2,7200,1.12228796844
513002,513019,513489,17,470,2,7200,1.03617021277
513018,513026,513558,8,532,2,7200,1.01503759398
513020,513032,513552,12,520,2,7200,1.02307692308
513022,513112,513600,90,488,2,7200,1.18442622951
513104,513120,513598,16,478,2,7200,1.03347280335
513120,513160,513684,40,524,2,7200,1.07633587786
513151,513286,513800,135,514,2,7200,1.2626459144
513277,513294,513816,17,522,2,7200,1.03256704981
513293,513301,513786,8,485,2,7200,1.01649484536
513295,513354,513853,59,499,2,7200,1.11823647295
513344,513380,513889,36,509,2,7200,1.07072691552
513372,513421,513931,49,510,2,7200,1.09607843137
513412,513428,513941,16,513,2,7200,1.03118908382
513419,513455,513911,36,456,2,7200,1.07894736842
513447,513501,513957,54,456,2,7200,1.11842105263
513491,513531,514025,40,494,2,7200,1.08097165992
513522,513565,514080,43,515,2,7200,1.08349514563
513556,513572,514066,16,494,2,7200,1.03238866397
513572,513610,514097,38,487,2,7200,1.07802874743
513600,513617,514120,17,503,2,7200,1.0337972167
513616,513696,514187,80,491,2,7200,1.16293279022
513686,513798,514264,112,466,2,7200,1.24034334764
513790,513812,514324,22,512,2,7200,1.04296875
513806,513828,514338,22,510,2,7200,1.0431372549
513822,513865,514378,43,513,2,7200,1.08382066277
513856,513901,514370,45,469,2,7200,1.09594882729
513893,513923,514409,30,486,2,7200,1.06172839506
513915,513943,514432,28,489,2,7200,1.0572597137
513934,513954,514339,20,385,2,7200,1.05194805195
513950,513969,514502,19,533,2,7200,1.03564727955
513966,514037,514572,71,535,2,7200,1.13271028037
514027,514078,514595,51,517,2,7200,1.09864603482
514070,514092,514611,22,519,2,7200,1.04238921002
514086,514109,514534,23,425,2,7200,1.05411764706
514102,514132,514683,30,551,2,7200,1.05444646098
514124,514200,514714,76,514,2,7200,1.14785992218
514191,514276,514793,85,517,2,7200,1.16441005803
514268,514336,514820,68,484,2,7200,1.14049586777
514326,514350,514861,24,511,2,7200,1.0469667319
514342,514356,514864,14,508,2,7200,1.02755905512
514349,514383,514910,34,527,2,7200,1.06451612903
514374,514390,514900,16,510,2,7200,1.03137254902
514390,514421,514910,31,489,2,7200,1.06339468303
514412,514444,514802,32,358,2,7200,1.08938547486
514434,514514,515034,80,520,2,7200,1.15384615385
514504,514547,515034,43,487,2,7200,1.08829568789
514538,514583,515090,45,507,2,7200,1.08875739645
514575,514608,515142,33,534,2,7200,1.06179775281
514597,514623,514986,26,363,2,7200,1.07162534435
514613,514696,515138,83,442,2,7200,1.18778280543
514687,514727,515219,40,492,2,7200,1.08130081301
514718,514805,515302,87,497,2,7200,1.17505030181
514797,514814,515298,17,484,2,7200,1.03512396694
514813,514831,515288,18,457,2,7200,1.03938730853
514829,514873,515360,44,487,2,7200,1.09034907598
514863,514880,515295,17,415,2,7200,1.04096385542
514878,514912,515430,34,518,2,7200,1.06563706564
514904,514921,515447,17,526,2,7200,1.03231939163
514919,514928,515416,9,488,2,7200,1.01844262295
514921,514997,515519,76,522,2,7200,1.14559386973
514988,515045,515514,57,469,2,7200,1.12153518124
515041,515053,515559,12,506,2,7200,1.02371541502
515043,515102,515630,59,528,2,7200,1.11174242424
515056,563642,564689,48586,1047,2,82800,47.4049665712
515092,515187,515696,95,509,2,7200,1.18664047151
515142,515192,515664,50,472,2,7200,1.10593220339
515184,515199,515700,15,501,2,7200,1.02994011976
515221,515227,515743,6,516,2,7200,1.01162790698
515291,515298,515789,7,491,2,7200,1.01425661914
515307,515314,515814,7,500,2,7200,1.014
515309,515321,515865,12,544,2,7200,1.02205882353
515310,515326,515820,16,494,2,7200,1.03238866397
515363,515369,515903,6,534,2,7200,1.01123595506
515418,515424,515896,6,472,2,7200,1.01271186441
515434,515441,515969,7,528,2,7200,1.01325757576
515450,515457,515950,7,493,2,7200,1.01419878296
515517,515524,516033,7,509,2,7200,1.0137524558
515533,515539,516024,6,485,2,7200,1.01237113402
515547,578193,580048,62646,1855,2,43200,34.7714285714
515561,515567,516093,6,526,2,7200,1.01140684411
515632,515639,516126,7,487,2,7200,1.01437371663
515661,588838,588846,73177,8,2,43200,7318.5
515666,515672,516216,6,544,2,7200,1.01102941176
515700,515706,516222,6,516,2,7200,1.01162790698
515716,515722,516220,6,498,2,7200,1.01204819277
515747,515753,516256,6,503,2,7200,1.01192842942
515793,515799,516306,6,507,2,7200,1.01183431953
515818,515825,516378,7,553,2,7200,1.01265822785
515834,515841,516327,7,486,2,7200,1.01440329218
515868,515875,516354,7,479,2,7200,1.01461377871
515871,588858,589413,72987,555,2,43200,132.508108108
515899,515906,516400,7,494,2,7200,1.01417004049
515915,515922,516444,7,522,2,7200,1.01340996169
515952,515959,516423,7,464,2,7200,1.0150862069
515971,515978,516473,7,495,2,7200,1.01414141414
516026,516033,516534,7,501,2,7200,1.01397205589
516029,589425,591311,73396,1886,2,43200,39.9162248144
516042,516048,516534,6,486,2,7200,1.01234567901
516094,516101,516609,7,508,2,7200,1.01377952756
516129,516136,516683,7,547,2,7200,1.01279707495
516221,516228,516725,7,497,2,7200,1.01408450704
516222,516235,516750,13,515,2,7200,1.02524271845
516238,516245,516739,7,494,2,7200,1.01417004049
516260,516267,516756,7,489,2,7200,1.01431492843
516280,516286,516296,6,10,1,240,1.6
516310,516316,516825,6,509,2,7200,1.01178781925
516328,516334,516871,6,537,2,7200,1.01117318436
516356,516363,516825,7,462,2,7200,1.01515151515
516381,516387,516891,6,504,2,7200,1.0119047619
516403,516410,516892,7,482,2,7200,1.01452282158
516425,516431,516904,6,473,2,7200,1.01268498943
516447,516453,516956,6,503,2,7200,1.01192842942
516475,516482,516993,7,511,2,7200,1.01369863014
516537,516543,517058,6,515,2,7200,1.01165048544
516539,516551,517074,12,523,2,7200,1.02294455067
516612,516619,517085,7,466,2,7200,1.01502145923
516686,516692,517146,6,454,2,7200,1.01321585903
516730,516736,517239,6,503,2,7200,1.01192842942
516745,516753,517260,8,507,2,7200,1.0157790927
516761,516768,517278,7,510,2,7200,1.0137254902
516763,516775,517280,12,505,2,7200,1.02376237624
516828,516834,517195,6,361,2,7200,1.01662049861
516830,516842,517369,12,527,2,7200,1.02277039848
516873,516880,517376,7,496,2,7200,1.01411290323
516895,516902,517382,7,480,2,7200,1.01458333333
516897,516909,517454,12,545,2,7200,1.02201834862
516913,516920,517413,7,493,2,7200,1.01419878296
516959,516967,517474,8,507,2,7200,1.0157790927
516997,517004,517537,7,533,2,7200,1.01313320826
517061,517078,517589,17,511,2,7200,1.03326810176
517077,517086,517611,9,525,2,7200,1.01714285714
517093,517100,517595,7,495,2,7200,1.01414141414
517148,517154,517628,6,474,2,7200,1.01265822785
517198,517204,517702,6,498,2,7200,1.01204819277
517241,517251,517758,10,507,2,7200,1.01972386588
517263,517272,517762,9,490,2,7200,1.01836734694
517282,517290,517789,8,499,2,7200,1.01603206413
517284,517297,517796,13,499,2,7200,1.02605210421
517373,517382,517885,9,503,2,7200,1.01789264414
517389,517396,517925,7,529,2,7200,1.01323251418
517390,517425,517907,35,482,2,7200,1.07261410788
517415,517466,517993,51,527,2,7200,1.09677419355
517459,517487,518009,28,522,2,7200,1.05363984674
517477,517549,518060,72,511,2,7200,1.14090019569
517539,517602,518079,63,477,2,7200,1.1320754717
517591,517609,518115,18,506,2,7200,1.03557312253
517607,517624,518121,17,497,2,7200,1.03420523139
517622,517639,518172,17,533,2,7200,1.03189493433
517638,517715,518187,77,472,2,7200,1.16313559322
517706,517770,518289,64,519,2,7200,1.12331406551
517761,517777,518280,16,503,2,7200,1.03180914513
517777,517802,518272,25,470,2,7200,1.05319148936
517793,517809,518285,16,476,2,7200,1.03361344538
517808,517898,518387,90,489,2,7200,1.18404907975
517888,517919,518421,31,502,2,7200,1.06175298805
517910,517937,518443,27,506,2,7200,1.05335968379
517929,518006,518550,77,544,2,7200,1.14154411765
517941,555109,584973,37168,29864,3,361800,2.24457540852
517996,518021,518574,25,553,2,7200,1.0452079566
518012,518072,518434,60,362,2,7200,1.16574585635
518061,518092,518570,31,478,2,7200,1.06485355649
518083,518128,518622,45,494,2,7200,1.09109311741
518117,518135,518610,18,475,2,7200,1.03789473684
518133,518183,518689,50,506,2,7200,1.09881422925
518173,518200,518727,27,527,2,7200,1.05123339658
518189,518284,518793,95,509,2,7200,1.18664047151
518275,518292,518782,17,490,2,7200,1.03469387755
518291,518299,518817,8,518,2,7200,1.01544401544
518293,518306,518781,13,475,2,7200,1.02736842105
518294,518399,518785,105,386,2,7200,1.27202072539
518390,518434,518903,44,469,2,7200,1.09381663113
518424,518445,518932,21,487,2,7200,1.0431211499
518439,518454,518936,15,482,2,7200,1.03112033195
518454,518561,519112,107,551,2,7200,1.1941923775
518552,518583,519110,31,527,2,7200,1.05882352941
518574,518590,519108,16,518,2,7200,1.03088803089
518581,518622,519123,41,501,2,7200,1.08183632735
518612,518633,519179,21,546,2,7200,1.03846153846
518628,518701,519181,73,480,2,7200,1.15208333333
518692,518739,519253,47,514,2,7200,1.09143968872
518728,518793,519305,65,512,2,7200,1.126953125
518784,518800,519326,16,526,2,7200,1.03041825095
518791,518805,519216,14,411,2,7200,1.03406326034
518807,518813,519329,6,516,2,7200,1.01162790698
518808,518830,519333,22,503,2,7200,1.04373757455
518824,518897,519412,73,515,2,7200,1.14174757282
518906,518915,519466,9,551,2,7200,1.01633393829
518934,518944,519462,10,518,2,7200,1.01930501931
518949,518956,519468,7,512,2,7200,1.013671875
519111,519120,519591,9,471,2,7200,1.01910828025
519113,519127,519538,14,411,2,7200,1.03406326034
519129,519137,519691,8,554,2,7200,1.01444043321
519131,519144,519627,13,483,2,7200,1.02691511387
519181,519191,519678,10,487,2,7200,1.0205338809
519196,519202,519710,6,508,2,7200,1.01181102362
519218,519228,519785,10,557,2,7200,1.01795332136
519255,519265,519710,10,445,2,7200,1.02247191011
519307,519317,519805,10,488,2,7200,1.02049180328
519330,519339,519837,9,498,2,7200,1.01807228916
519346,519353,519838,7,485,2,7200,1.01443298969
519347,519360,519891,13,531,2,7200,1.02448210923
519415,519424,519954,9,530,2,7200,1.01698113208
519464,519474,519968,10,494,2,7200,1.02024291498
519480,519486,519984,6,498,2,7200,1.01204819277
519482,519493,519993,11,500,2,7200,1.022
519540,519550,520057,10,507,2,7200,1.01972386588
519596,519603,520093,7,490,2,7200,1.01428571429
519630,519639,520090,9,451,2,7200,1.0199556541
519682,519690,520215,8,525,2,7200,1.01523809524
519698,519704,520235,6,531,2,7200,1.01129943503
519714,519722,520214,8,492,2,7200,1.0162601626
519715,519727,520220,12,493,2,7200,1.02434077079
519789,519798,520359,9,561,2,7200,1.01604278075
519808,519817,520308,9,491,2,7200,1.0183299389
519839,519848,520343,9,495,2,7200,1.01818181818
519841,519855,520415,14,560,2,7200,1.025
519894,519903,520228,9,325,2,7200,1.02769230769
519955,519966,520467,11,501,2,7200,1.02195608782
519971,519980,520472,9,492,2,7200,1.01829268293
519986,519996,520468,10,472,2,7200,1.02118644068
520002,520009,520510,7,501,2,7200,1.01397205589
520061,520070,520603,9,533,2,7200,1.01688555347
520092,520101,520620,9,519,2,7200,1.01734104046
520107,520114,520596,7,482,2,7200,1.01452282158
520218,520226,520719,8,493,2,7200,1.01622718053
520220,520233,520708,13,475,2,7200,1.02736842105
520236,520243,520749,7,506,2,7200,1.01383399209
520238,520250,520741,12,491,2,7200,1.02443991853
520240,520255,520739,15,484,2,7200,1.03099173554
520311,520321,520808,10,487,2,7200,1.0205338809
520345,520355,520882,10,527,2,7200,1.01897533207
520364,520371,520874,7,503,2,7200,1.01391650099
520419,520428,520907,9,479,2,7200,1.01878914405
520472,520479,520963,7,484,2,7200,1.01446280992
520474,520486,520906,12,420,2,7200,1.02857142857
520490,520497,520977,7,480,2,7200,1.01458333333
520512,520522,521026,10,504,2,7200,1.01984126984
520601,520608,521171,7,563,2,7200,1.01243339254
520616,520622,521134,6,512,2,7200,1.01171875
520632,520638,521002,6,364,2,7200,1.01648351648
520712,520721,521220,9,499,2,7200,1.01803607214
520727,520733,521230,6,497,2,7200,1.01207243461
520743,520751,521184,8,433,2,7200,1.01847575058
520745,520758,521234,13,476,2,7200,1.02731092437
520761,520768,521263,7,495,2,7200,1.01414141414
520810,520821,521351,11,530,2,7200,1.02075471698
520877,520886,521284,9,398,2,7200,1.02261306533
520897,520905,521360,8,455,2,7200,1.01758241758
520913,520919,521424,6,505,2,7200,1.01188118812
520915,520926,521397,11,471,2,7200,1.02335456476
520964,520975,521487,11,512,2,7200,1.021484375
520980,520989,521484,9,495,2,7200,1.01818181818
521005,521014,521475,9,461,2,7200,1.01952277657
521030,521038,521531,8,493,2,7200,1.01622718053
521137,521145,521570,8,425,2,7200,1.01882352941
521174,521182,521686,8,504,2,7200,1.01587301587
521190,521198,521691,8,493,2,7200,1.01622718053
521226,521233,521753,7,520,2,7200,1.01346153846
521242,521248,521633,6,385,2,7200,1.01558441558
521244,521255,521763,11,508,2,7200,1.02165354331
521266,521275,521786,9,511,2,7200,1.01761252446
521288,521296,521782,8,486,2,7200,1.01646090535
521355,521362,521879,7,517,2,7200,1.01353965184
521371,521377,521876,6,499,2,7200,1.0120240481
521399,521408,521822,9,414,2,7200,1.02173913043
521427,521436,522000,9,564,2,7200,1.01595744681
521477,521487,522011,10,524,2,7200,1.01908396947
521493,521499,522029,6,530,2,7200,1.01132075472
521494,521505,521998,11,493,2,7200,1.02231237323
521531,521542,522045,11,503,2,7200,1.02186878728
521572,521582,522100,10,518,2,7200,1.01930501931
521599,523492,523652,1893,160,1,3600,12.83125
521636,521646,522117,10,471,2,7200,1.02123142251
521689,521698,522234,9,536,2,7200,1.01679104478
521704,521710,522205,6,495,2,7200,1.01212121212
521757,521765,522303,8,538,2,7200,1.01486988848
521772,521778,522276,6,498,2,7200,1.01204819277
521788,521795,522334,7,539,2,7200,1.01298701299
521790,521803,522262,13,459,2,7200,1.02832244009
521824,521835,522326,11,491,2,7200,1.02240325866
521880,521888,522377,8,489,2,7200,1.0163599182
521881,521895,522413,14,518,2,7200,1.02702702703
522001,522010,522525,9,515,2,7200,1.01747572816
522002,522017,522526,15,509,2,7200,1.02946954813
522018,522024,522572,6,548,2,7200,1.01094890511
522034,522040,522558,6,518,2,7200,1.01158301158
522050,522057,522551,7,494,2,7200,1.01417004049
522102,522111,522626,9,515,2,7200,1.01747572816
522121,522129,522468,8,339,2,7200,1.02359882006
522207,522217,522789,10,572,2,7200,1.01748251748
522238,522247,522742,9,495,2,7200,1.01818181818
522266,522274,522841,8,567,2,7200,1.01410934744
522282,522288,522859,6,571,2,7200,1.01050788091
522307,522315,522814,8,499,2,7200,1.01603206413
522329,522338,522833,9,495,2,7200,1.01818181818
522345,522351,522906,6,555,2,7200,1.01081081081
522379,522388,522796,9,408,2,7200,1.02205882353
522416,522425,522927,9,502,2,7200,1.01792828685
522471,522480,522974,9,494,2,7200,1.01821862348
522527,522537,523045,10,508,2,7200,1.01968503937
522529,522542,522988,13,446,2,7200,1.02914798206
522554,522563,523036,9,473,2,7200,1.01902748414
522570,522576,523114,6,538,2,7200,1.01115241636
522585,522591,523130,6,539,2,7200,1.01113172542
522629,522638,523134,9,496,2,7200,1.01814516129
522745,522754,523192,9,438,2,7200,1.02054794521
522791,522801,523316,10,515,2,7200,1.01941747573
522807,522814,523272,7,458,2,7200,1.01528384279
522823,522829,523367,6,538,2,7200,1.01115241636
522839,522845,523344,6,499,2,7200,1.0120240481
522854,522860,523306,6,446,2,7200,1.0134529148
522870,522877,523429,7,552,2,7200,1.01268115942
522910,522919,523440,9,521,2,7200,1.01727447217
522929,522940,523473,11,533,2,7200,1.02063789869
522978,522986,523478,8,492,2,7200,1.0162601626
522994,523000,523478,6,478,2,7200,1.01255230126
523037,523048,523559,11,511,2,7200,1.02152641879
523053,523059,523550,6,491,2,7200,1.01221995927
523118,523126,523667,8,541,2,7200,1.01478743068
523133,523142,523615,9,473,2,7200,1.01902748414
523149,523156,523617,7,461,2,7200,1.01518438178
523195,523203,523696,8,493,2,7200,1.01622718053
523275,523284,523857,9,573,2,7200,1.01570680628
523309,523318,523804,9,486,2,7200,1.01851851852
523325,523331,523851,6,520,2,7200,1.01153846154
523347,523357,523850,10,493,2,7200,1.02028397566
523369,523379,523883,10,504,2,7200,1.01984126984
523431,523441,523897,10,456,2,7200,1.02192982456
523446,523453,523978,7,525,2,7200,1.01333333333
523475,523485,523868,10,383,2,7200,1.02610966057
523490,523498,523872,8,374,2,7200,1.02139037433
523492,523563,524009,71,446,2,7200,1.15919282511
523553,523571,524102,18,531,2,7200,1.03389830508
523569,523628,524119,59,491,2,7200,1.12016293279
523619,523635,524194,16,559,2,7200,1.02862254025
523625,523664,524163,39,499,2,7200,1.07815631263
523668,523679,524173,11,494,2,7200,1.02226720648
523700,523708,524202,8,494,2,7200,1.01619433198
523807,523816,524301,9,485,2,7200,1.01855670103
523850,523862,524355,12,493,2,7200,1.02434077079
523866,523873,524372,7,499,2,7200,1.01402805611
523868,523879,524339,11,460,2,7200,1.02391304348
523872,524702,524911,830,209,1,3600,4.97129186603
523883,524707,524916,824,209,1,3600,4.94258373206
523884,523891,524400,7,509,2,7200,1.0137524558
523886,523898,524439,12,541,2,7200,1.02218114603
523888,523903,524397,15,494,2,7200,1.03036437247
523896,524924,525110,1028,186,1,3600,6.52688172043
523903,523910,524424,7,514,2,7200,1.01361867704
523934,524931,525098,997,167,1,3600,6.97005988024
523980,523990,524499,10,509,2,7200,1.01964636542
524011,524021,524457,10,436,2,7200,1.02293577982
524104,524115,524623,11,508,2,7200,1.02165354331
524123,524131,524629,8,498,2,7200,1.01606425703
524166,524175,524688,9,513,2,7200,1.01754385965
524182,524189,524683,7,494,2,7200,1.01417004049
524198,524206,524632,8,426,2,7200,1.01877934272
524213,524221,524790,8,569,2,7200,1.01405975395
524305,524314,524824,9,510,2,7200,1.01764705882
524342,524351,524842,9,491,2,7200,1.0183299389
524358,524367,524902,9,535,2,7200,1.01682242991
524374,524384,524853,10,469,2,7200,1.02132196162
524399,524409,524898,10,489,2,7200,1.02044989775
524415,524422,524951,7,529,2,7200,1.01323251418
524431,524437,524988,6,551,2,7200,1.0108892922
524446,524453,524922,7,469,2,7200,1.01492537313
524462,524469,524997,7,528,2,7200,1.01325757576
524500,524511,525048,11,537,2,7200,1.02048417132
524625,524634,525144,9,510,2,7200,1.01764705882
524641,524648,525098,7,450,2,7200,1.01555555556
524643,524655,525207,12,552,2,7200,1.02173913043
524686,524695,525182,9,487,2,7200,1.01848049281
524702,524803,525296,101,493,2,7200,1.20486815416
524793,524836,525283,43,447,2,7200,1.09619686801
524828,524854,525370,26,516,2,7200,1.0503875969
524843,524865,525252,22,387,2,7200,1.05684754522
524859,524910,525354,51,444,2,7200,1.11486486486
524903,524917,525320,14,403,2,7200,1.03473945409
524909,524938,525430,29,492,2,7200,1.05894308943
524925,524963,525489,38,526,2,7200,1.07224334601
524953,525000,525503,47,503,2,7200,1.09343936382
524991,525009,525521,18,512,2,7200,1.03515625
525006,525060,525541,54,481,2,7200,1.11226611227
525022,603457,672131,78435,68674,8,259200,2.14213530594
525050,525111,525545,61,434,2,7200,1.14055299539
525102,525156,525627,54,471,2,7200,1.11464968153
525107,525117,525268,10,151,1,3600,1.06622516556
525145,525195,525697,50,502,2,7200,1.09960159363
525155,525162,525313,7,151,1,3600,1.04635761589
525185,525219,525727,34,508,2,7200,1.06692913386
525210,525263,525767,53,504,2,7200,1.10515873016
525254,525295,525807,41,512,2,7200,1.080078125
525285,525308,525793,23,485,2,7200,1.04742268041
525301,525332,525818,31,486,2,7200,1.06378600823
525322,525367,525903,45,536,2,7200,1.08395522388
525357,525381,525887,24,506,2,7200,1.04743083004
525372,525442,525795,70,353,2,7200,1.19830028329
525434,525501,526072,67,571,2,7200,1.1173380035
525492,525514,526038,22,524,2,7200,1.04198473282
525508,525534,525912,26,378,2,7200,1.06878306878
525524,525553,526065,29,512,2,7200,1.056640625
525546,525559,526048,13,489,2,7200,1.02658486708
525553,525640,526120,87,480,2,7200,1.18125
525630,525710,526215,80,505,2,7200,1.15841584158
525700,525739,526264,39,525,2,7200,1.07428571429
525728,525779,526278,51,499,2,7200,1.10220440882
525772,525806,526281,34,475,2,7200,1.07157894737
525797,525813,526343,16,530,2,7200,1.03018867925
525804,525820,526302,16,482,2,7200,1.03319502075
525820,525830,526327,10,497,2,7200,1.02012072435
525821,525899,526414,78,515,2,7200,1.15145631068
525892,525914,526443,22,529,2,7200,1.0415879017
525907,525925,526447,18,522,2,7200,1.03448275862
525923,526051,526575,128,524,2,7200,1.24427480916
526040,526060,526537,20,477,2,7200,1.04192872117
526055,526077,526579,22,502,2,7200,1.0438247012
526071,526083,526595,12,512,2,7200,1.0234375
526087,526132,526637,45,505,2,7200,1.08910891089
526121,526227,526749,106,522,2,7200,1.2030651341
526219,526276,526784,57,508,2,7200,1.11220472441
526269,526290,526800,21,510,2,7200,1.04117647059
526284,526296,526781,12,485,2,7200,1.02474226804
526286,526314,526830,28,516,2,7200,1.05426356589
526305,526339,526869,34,530,2,7200,1.0641509434
526330,526355,526852,25,497,2,7200,1.05030181087
526346,526427,526963,81,536,2,7200,1.15111940299
526416,526455,526973,39,518,2,7200,1.07528957529
526444,526461,526972,17,511,2,7200,1.03326810176
526460,526549,527046,89,497,2,7200,1.17907444668
526540,526587,527088,47,501,2,7200,1.09381237525
526577,526594,527112,17,518,2,7200,1.03281853282
526593,526607,527089,14,482,2,7200,1.02904564315
526609,526649,527144,40,495,2,7200,1.08080808081
526640,526762,527236,122,474,2,7200,1.25738396624
526753,526793,527282,40,489,2,7200,1.081799591
526784,526800,527296,16,496,2,7200,1.03225806452
526800,526812,527257,12,445,2,7200,1.02696629213
526816,526843,527360,27,517,2,7200,1.05222437137
526832,526864,527374,32,510,2,7200,1.06274509804
526854,526882,527367,28,485,2,7200,1.05773195876
526873,526975,527469,102,494,2,7200,1.20647773279
526965,526983,527486,18,503,2,7200,1.03578528827
526981,526990,527482,9,492,2,7200,1.01829268293
526982,527058,527556,76,498,2,7200,1.15261044177
527050,527100,527566,50,466,2,7200,1.10729613734
527090,527107,527608,17,501,2,7200,1.03393213573
527097,527124,527611,27,487,2,7200,1.05544147844
527116,527156,527638,40,482,2,7200,1.08298755187
527147,527248,527799,101,551,2,7200,1.1833030853
527239,527272,527811,33,539,2,7200,1.0612244898
527261,527294,527672,33,378,2,7200,1.0873015873
527286,527307,527740,21,433,2,7200,1.04849884527
527302,527372,527882,70,510,2,7200,1.13725490196
527364,527379,527884,15,505,2,7200,1.0297029703
527380,527386,527896,6,510,2,7200,1.01176470588
527381,527481,528006,100,525,2,7200,1.19047619048
527473,527494,527890,21,396,2,7200,1.05303030303
527489,527501,528013,12,512,2,7200,1.0234375
527491,527568,528079,77,511,2,7200,1.15068493151
527558,527578,528090,20,512,2,7200,1.0390625
527574,527619,528100,45,481,2,7200,1.09355509356
527611,527626,528047,15,421,2,7200,1.03562945368
527627,527650,528200,23,550,2,7200,1.04181818182
527643,527685,528173,42,488,2,7200,1.08606557377
527674,527753,528246,79,493,2,7200,1.16024340771
527708,618730,618734,91022,4,8,259200,9102.6
527742,527811,528309,69,498,2,7200,1.13855421687
527803,527823,528328,20,505,2,7200,1.0396039604
527819,527894,528390,75,496,2,7200,1.15120967742
527884,527901,528409,17,508,2,7200,1.03346456693
527900,527907,528404,7,497,2,7200,1.01408450704
527901,527913,528394,12,481,2,7200,1.02494802495
527903,528018,528562,115,544,2,7200,1.21139705882
528007,528026,528540,19,514,2,7200,1.03696498054
528023,528059,528620,36,561,2,7200,1.06417112299
528051,528091,528543,40,452,2,7200,1.08849557522
528082,528101,528599,19,498,2,7200,1.03815261044
528097,528112,528612,15,500,2,7200,1.03
528113,528185,528652,72,467,2,7200,1.15417558887
528178,528211,528730,33,519,2,7200,1.06358381503
528203,528258,528755,55,497,2,7200,1.1106639839
528249,528321,528827,72,506,2,7200,1.14229249012
528311,528340,528829,29,489,2,7200,1.05930470348
528329,528403,528900,74,497,2,7200,1.14889336016
528394,528410,528923,16,513,2,7200,1.03118908382
528401,528417,528933,16,516,2,7200,1.03100775194
528417,528423,528919,6,496,2,7200,1.01209677419
528419,528552,529046,133,494,2,7200,1.26923076923
528544,528560,529059,16,499,2,7200,1.03206412826
528551,528573,529065,22,492,2,7200,1.04471544715
528567,528612,529119,45,507,2,7200,1.08875739645
528601,528623,529079,22,456,2,7200,1.04824561404
528617,528632,529093,15,461,2,7200,1.03253796095
528633,528664,529069,31,405,2,7200,1.07654320988
528655,528742,529245,87,503,2,7200,1.17296222664
528734,528767,529260,33,493,2,7200,1.06693711968
528756,528840,529382,84,542,2,7200,1.15498154982
528830,528847,529361,17,514,2,7200,1.03307392996
528837,528912,529398,75,486,2,7200,1.15432098765
528902,528931,529419,29,488,2,7200,1.05942622951
528921,528938,529432,17,494,2,7200,1.03441295547
528937,528945,529471,8,526,2,7200,1.01520912548
528938,529058,529553,120,495,2,7200,1.24242424242
529048,529071,529613,23,542,2,7200,1.04243542435
529064,529078,529620,14,542,2,7200,1.0258302583
529081,529087,529534,6,447,2,7200,1.01342281879
529083,529094,529604,11,510,2,7200,1.02156862745
529084,529105,529634,21,529,2,7200,1.03969754253
529100,529130,529681,30,551,2,7200,1.05444646098
529122,529257,529763,135,506,2,7200,1.26679841897
529247,529272,529788,25,516,2,7200,1.0484496124
529263,529374,529888,111,514,2,7200,1.21595330739
529364,529395,529912,31,517,2,7200,1.05996131528
529386,529410,529958,24,548,2,7200,1.04379562044
529402,529431,529908,29,477,2,7200,1.0607966457
529421,529444,529974,23,530,2,7200,1.04339622642
529436,529483,530034,47,551,2,7200,1.08529945554
529474,529546,530043,72,497,2,7200,1.14486921529
529538,529566,530047,28,481,2,7200,1.05821205821
529557,529616,530059,59,443,2,7200,1.13318284424
529607,529625,530118,18,493,2,7200,1.03651115619
529623,529631,530138,8,507,2,7200,1.0157790927
529624,529645,530158,21,513,2,7200,1.04093567251
529640,529693,530169,53,476,2,7200,1.11134453782
529683,529775,530282,92,507,2,7200,1.18145956607
529766,529800,530328,34,528,2,7200,1.06439393939
529791,529900,530434,109,534,2,7200,1.20411985019
529892,529920,530450,28,530,2,7200,1.05283018868
529911,529927,530435,16,508,2,7200,1.03149606299
529927,529971,530456,44,485,2,7200,1.09072164948
529961,529986,530500,25,514,2,7200,1.0486381323
529977,530046,530571,69,525,2,7200,1.13142857143
530035,530055,530543,20,488,2,7200,1.04098360656
530051,530061,530593,10,532,2,7200,1.01879699248
530053,530072,530565,19,493,2,7200,1.03853955375
530068,530130,530640,62,510,2,7200,1.12156862745
530121,530150,530613,29,463,2,7200,1.0626349892
530140,530171,530601,31,430,2,7200,1.07209302326
530162,530181,530673,19,492,2,7200,1.03861788618
530178,530295,530773,117,478,2,7200,1.24476987448
530285,530340,530836,55,496,2,7200,1.11088709677
530331,530446,530983,115,537,2,7200,1.21415270019
530435,530451,530970,16,519,2,7200,1.03082851638
530442,530462,530986,20,524,2,7200,1.03816793893
530458,530469,530964,11,495,2,7200,1.02222222222
530460,530513,530993,53,480,2,7200,1.11041666667
530503,530556,531079,53,523,2,7200,1.10133843212
530547,530577,531084,30,507,2,7200,1.05917159763
530569,530584,531074,15,490,2,7200,1.0306122449
530584,530605,531138,21,533,2,7200,1.03939962477
530600,530613,531135,13,522,2,7200,1.02490421456
530616,530625,531175,9,550,2,7200,1.01636363636
530618,530653,531130,35,477,2,7200,1.07337526205
530643,530685,531189,42,504,2,7200,1.08333333333
530674,530785,531217,111,432,2,7200,1.25694444444
530681,531650,531658,969,8,1,1800,97.7
530775,530848,531278,73,430,2,7200,1.16976744186
530840,530976,531471,136,495,2,7200,1.27474747475
530968,530983,531485,15,502,2,7200,1.02988047809
530984,530996,531490,12,494,2,7200,1.02429149798
530986,531003,531468,17,465,2,7200,1.03655913978
531002,531010,531549,8,539,2,7200,1.01484230056
531004,531087,531604,83,517,2,7200,1.16054158607
531024,531655,531865,631,210,1,3600,4.00476190476
531078,531094,531576,16,482,2,7200,1.03319502075
531093,531100,531626,7,526,2,7200,1.01330798479
531095,531142,531612,47,470,2,7200,1.1
531132,531149,531657,17,508,2,7200,1.03346456693
531148,531156,531679,8,523,2,7200,1.01529636711
531150,531187,531682,37,495,2,7200,1.07474747475
531178,531200,531682,22,482,2,7200,1.04564315353
531194,531229,531719,35,490,2,7200,1.07142857143
531219,531291,531819,72,528,2,7200,1.13636363636
531281,531480,531983,199,503,2,7200,1.39562624254
531470,531487,531979,17,492,2,7200,1.03455284553
531486,531497,531994,11,497,2,7200,1.02213279678
531488,531503,532013,15,510,2,7200,1.02941176471
531504,531560,532031,56,471,2,7200,1.11889596603
531550,531588,532110,38,522,2,7200,1.07279693487
531578,531616,532116,38,500,2,7200,1.076
531606,531624,532111,18,487,2,7200,1.03696098563
531622,531638,532214,16,576,2,7200,1.02777777778
531637,531645,532155,8,510,2,7200,1.01568627451
531659,531669,532200,10,531,2,7200,1.01883239171
531682,531692,532185,10,493,2,7200,1.02028397566
531697,531705,532191,8,486,2,7200,1.01646090535
531699,531712,532249,13,537,2,7200,1.02420856611
531721,531731,532232,10,501,2,7200,1.01996007984
531822,531831,532329,9,498,2,7200,1.01807228916
531870,531876,531967,6,91,1,1800,1.06593406593
531981,531991,532514,10,523,2,7200,1.01912045889
531991,531997,532360,6,363,1,3600,1.01652892562
531997,532003,532492,6,489,2,7200,1.01226993865
531999,532011,532548,12,537,2,7200,1.02234636872
532015,532025,532538,10,513,2,7200,1.01949317739
532033,532042,532545,9,503,2,7200,1.01789264414
532113,532122,532610,9,488,2,7200,1.01844262295
532115,532129,532563,14,434,2,7200,1.03225806452
532131,532137,532646,6,509,2,7200,1.01178781925
532156,532199,532702,43,503,2,7200,1.08548707753
532185,532192,532293,7,101,1,1800,1.06930693069
532187,532206,532712,19,506,2,7200,1.03754940711
532203,532213,532695,10,482,2,7200,1.02074688797
532205,532226,532714,21,488,2,7200,1.04303278689
532221,532244,532715,23,471,2,7200,1.04883227176
532236,532262,532790,26,528,2,7200,1.04924242424
532252,532341,532888,89,547,2,7200,1.16270566728
532332,532505,532993,173,488,2,7200,1.35450819672
532494,532526,532934,32,408,2,7200,1.07843137255
532516,532551,533039,35,488,2,7200,1.07172131148
532541,532558,533060,17,502,2,7200,1.03386454183
532557,532565,533079,8,514,2,7200,1.01556420233
532559,532575,533107,16,532,2,7200,1.03007518797
532574,532622,533113,48,491,2,7200,1.09775967413
532599,534408,535555,1809,1147,1,3600,2.57715780296
532612,532658,533136,46,478,2,7200,1.09623430962
532649,532707,533240,58,533,2,7200,1.10881801126
532698,532714,533201,16,487,2,7200,1.03285420945
532715,532725,533220,10,495,2,7200,1.0202020202
532716,532732,533214,16,482,2,7200,1.03319502075
532723,532737,533240,14,503,2,7200,1.02783300199
532739,532802,533284,63,482,2,7200,1.13070539419
532792,532900,533382,108,482,2,7200,1.22406639004
532799,534413,534626,1614,213,1,1800,8.57746478873
532890,532947,533475,57,528,2,7200,1.10795454545
532936,533004,533559,68,555,2,7200,1.12252252252
532998,533052,533466,54,414,2,7200,1.13043478261
533041,533072,533602,31,530,2,7200,1.05849056604
533063,533091,533570,28,479,2,7200,1.05845511482
533082,533119,533643,37,524,2,7200,1.07061068702
533110,533126,533599,16,473,2,7200,1.03382663848
533125,533147,533656,22,509,2,7200,1.04322200393
533141,533213,533677,72,464,2,7200,1.15517241379
533203,533225,533682,22,457,2,7200,1.04814004376
533219,533232,533720,13,488,2,7200,1.02663934426
533234,533252,533761,18,509,2,7200,1.03536345776
533250,533258,533797,8,539,2,7200,1.01484230056
533252,533296,533814,44,518,2,7200,1.08494208494
533286,533395,533871,109,476,2,7200,1.22899159664
533384,533478,533931,94,453,2,7200,1.20750551876
533470,533487,533987,17,500,2,7200,1.034
533486,533571,534046,85,475,2,7200,1.17894736842
533562,533582,534072,20,490,2,7200,1.04081632653
533578,533611,534116,33,505,2,7200,1.06534653465
533603,533617,534122,14,505,2,7200,1.02772277228
533610,533656,534170,46,514,2,7200,1.08949416342
533647,533668,534221,21,553,2,7200,1.03797468354
533663,533689,534165,26,476,2,7200,1.05462184874
533679,533696,534247,17,551,2,7200,1.03085299456
533694,533732,534271,38,539,2,7200,1.07050092764
533722,533773,534282,51,509,2,7200,1.10019646365
533763,533808,534311,45,503,2,7200,1.08946322068
533800,533826,534325,26,499,2,7200,1.05210420842
533816,533883,534406,67,523,2,7200,1.12810707457
533874,533943,534442,69,499,2,7200,1.13827655311
533933,534000,534495,67,495,2,7200,1.13535353535
533991,534058,534594,67,536,2,7200,1.125
534050,534085,534576,35,491,2,7200,1.07128309572
534075,534127,534621,52,494,2,7200,1.10526315789
534118,534135,534643,17,508,2,7200,1.03346456693
534134,534177,534693,43,516,2,7200,1.08333333333
534168,534184,534663,16,479,2,7200,1.03340292276
534184,534233,534738,49,505,2,7200,1.09702970297
534224,534259,534759,35,500,2,7200,1.07
534249,534283,534639,34,356,2,7200,1.09550561798
534274,534294,534799,20,505,2,7200,1.0396039604
534290,534323,534786,33,463,2,7200,1.07127429806
534315,534337,534810,22,473,2,7200,1.04651162791
534330,534403,534910,73,507,2,7200,1.14398422091
534410,534420,534967,10,547,2,7200,1.01828153565
534444,534450,534828,6,378,2,7200,1.01587301587
534500,534506,535036,6,530,2,7200,1.01132075472
534580,534587,535095,7,508,2,7200,1.01377952756
534598,534606,535188,8,582,2,7200,1.01374570447
534624,534630,535112,6,482,2,7200,1.01244813278
534643,534649,535205,6,556,2,7200,1.01079136691
534659,534665,535188,6,523,2,7200,1.01147227533
534674,534680,535140,6,460,2,7200,1.01304347826
534696,534702,535195,6,493,2,7200,1.0121703854
534743,534750,535273,7,523,2,7200,1.01338432122
534762,534768,535273,6,505,2,7200,1.01188118812
534790,534797,535340,7,543,2,7200,1.01289134438
534805,534812,535306,7,494,2,7200,1.01417004049
534821,534827,535307,6,480,2,7200,1.0125
534837,534844,535206,7,362,2,7200,1.01933701657
534914,534921,535377,7,456,2,7200,1.01535087719
534969,534975,535453,6,478,2,7200,1.01255230126
535037,535044,535588,7,544,2,7200,1.01286764706
535099,535105,535545,6,440,2,7200,1.01363636364
535114,535122,535617,8,495,2,7200,1.01616161616
535143,535149,535601,6,452,2,7200,1.01327433628
535192,535199,535713,7,514,2,7200,1.01361867704
535194,535207,535691,13,484,2,7200,1.02685950413
535211,535217,535730,6,513,2,7200,1.01169590643
535212,535223,535724,11,501,2,7200,1.02195608782
535214,535229,535726,15,497,2,7200,1.03018108652
535276,535283,535763,7,480,2,7200,1.01458333333
535277,535290,535790,13,500,2,7200,1.026
535309,535315,535814,6,499,2,7200,1.0120240481
535310,535322,535830,12,508,2,7200,1.02362204724
535342,535349,535888,7,539,2,7200,1.01298701299
535379,535386,535914,7,528,2,7200,1.01325757576
535456,535462,535963,6,501,2,7200,1.0119760479
535482,535494,535502,12,8,1,1800,2.0
535548,535554,536080,6,526,2,7200,1.01140684411
535591,535598,536102,7,504,2,7200,1.01388888889
535607,535613,536118,6,505,2,7200,1.01188118812
535623,535629,536175,6,546,2,7200,1.01098901099
535691,535698,535757,7,59,1,1800,1.1186440678
535694,535704,536139,10,435,2,7200,1.02298850575
535716,535723,536260,7,537,2,7200,1.01303538175
535732,535738,536242,6,504,2,7200,1.0119047619
535733,535745,536212,12,467,2,7200,1.02569593148
535735,535750,536243,15,493,2,7200,1.03042596349
535766,535774,536258,8,484,2,7200,1.01652892562
535795,535802,536313,7,511,2,7200,1.01369863014
535817,535824,536285,7,461,2,7200,1.01518438178
535832,535839,536289,7,450,2,7200,1.01555555556
535891,535897,536424,6,527,2,7200,1.01138519924
535919,535925,536410,6,485,2,7200,1.01237113402
535965,535972,536468,7,496,2,7200,1.01411290323
536085,536091,536532,6,441,2,7200,1.01360544218
536102,536110,536194,8,84,1,1800,1.09523809524
536103,536115,536618,12,503,2,7200,1.02385685885
536122,536128,536631,6,503,2,7200,1.01192842942
536141,536148,536699,7,551,2,7200,1.01270417423
536178,536185,536663,7,478,2,7200,1.01464435146
536216,536222,536714,6,492,2,7200,1.01219512195
536247,536254,536793,7,539,2,7200,1.01298701299
536248,536261,536749,13,488,2,7200,1.02663934426
536265,536271,536666,6,395,2,7200,1.01518987342
536266,536298,536793,32,495,2,7200,1.06464646465
536288,536305,536836,17,531,2,7200,1.03201506591
536304,536324,536843,20,519,2,7200,1.03853564547
536320,536422,536895,102,473,2,7200,1.2156448203
536415,536436,536929,21,493,2,7200,1.04259634888
536431,536481,537018,50,537,2,7200,1.09310986965
536471,536544,536988,73,444,2,7200,1.16441441441
536478,536487,536576,9,89,1,3600,1.10112359551
536536,536630,537168,94,538,2,7200,1.17472118959
536622,536643,537177,21,534,2,7200,1.0393258427
536637,536675,537196,38,521,2,7200,1.07293666027
536666,536682,537170,16,488,2,7200,1.03278688525
536677,536689,536853,12,164,1,1800,1.07317073171
536681,536715,537233,34,518,2,7200,1.06563706564
536700,536726,537230,26,504,2,7200,1.05158730159
536703,536710,536960,7,250,1,3600,1.028
536716,536760,537263,44,503,2,7200,1.08747514911
536753,536805,537329,52,524,2,7200,1.09923664122
536797,536810,537298,13,488,2,7200,1.02663934426
536803,536848,537399,45,551,2,7200,1.08166969147
536838,536856,537243,18,387,2,7200,1.04651162791
536853,536906,537382,53,476,2,7200,1.11134453782
536896,536944,537514,48,570,2,7200,1.08421052632
536931,537001,537527,70,526,2,7200,1.13307984791
536992,537029,537564,37,535,2,7200,1.0691588785
537020,537180,537579,160,399,2,7200,1.40100250627
537170,537187,537686,17,499,2,7200,1.03406813627
537186,537194,537614,8,420,2,7200,1.01904761905
537188,537209,537673,21,464,2,7200,1.04525862069
537203,537242,537752,39,510,2,7200,1.07647058824
537231,537248,537775,17,527,2,7200,1.03225806452
537247,537255,537743,8,488,2,7200,1.01639344262
537249,537275,537830,26,555,2,7200,1.04684684685
537255,537262,538100,7,838,1,3600,1.00835322196
537265,537310,537768,45,458,2,7200,1.09825327511
537302,537342,537719,40,377,2,7200,1.10610079576
537333,537394,537888,61,494,2,7200,1.12348178138
537386,537411,537949,25,538,2,7200,1.04646840149
537401,537526,537992,125,466,2,7200,1.26824034335
537515,537540,538035,25,495,2,7200,1.05050505051
537530,537577,538097,47,520,2,7200,1.09038461538
537568,537590,538090,22,500,2,7200,1.044
537583,537627,538168,44,541,2,7200,1.08133086876
537618,537685,538177,67,492,2,7200,1.13617886179
537676,537698,538186,22,488,2,7200,1.04508196721
537691,537731,538261,40,530,2,7200,1.07547169811
537723,537756,538231,33,475,2,7200,1.06947368421
537745,537764,538260,19,496,2,7200,1.03830645161
537760,537780,538306,20,526,2,7200,1.03802281369
537776,537786,538288,10,502,2,7200,1.01992031873
537778,537842,538333,64,491,2,7200,1.13034623218
537831,537900,538385,69,485,2,7200,1.14226804124
537890,537961,538457,71,496,2,7200,1.14314516129
537952,538005,538494,53,489,2,7200,1.10838445808
537995,538048,538602,53,554,2,7200,1.09566787004
538038,538102,538588,64,486,2,7200,1.1316872428
538093,538110,538626,17,516,2,7200,1.03294573643
538109,538180,538671,71,491,2,7200,1.14460285132
538171,538189,538744,18,555,2,7200,1.03243243243
538187,538199,538702,12,503,2,7200,1.02385685885
538202,538243,538790,41,547,2,7200,1.07495429616
538234,538272,538798,38,526,2,7200,1.07224334601
538265,538278,538781,13,503,2,7200,1.02584493042
538272,538300,538712,28,412,2,7200,1.06796116505
538291,538319,538794,28,475,2,7200,1.05894736842
538310,538345,538881,35,536,2,7200,1.06529850746
538335,538397,538889,62,492,2,7200,1.12601626016
538387,538469,539001,82,532,2,7200,1.15413533835
538461,538506,539015,45,509,2,7200,1.0884086444
538498,538600,539120,102,520,2,7200,1.19615384615
538513,538520,538601,7,81,1,1800,1.08641975309
538590,538615,539096,25,481,2,7200,1.05197505198
538606,538638,539172,32,534,2,7200,1.05992509363
538628,538683,539166,55,483,2,7200,1.11387163561
538674,538714,539228,40,514,2,7200,1.07782101167
538706,538724,539229,18,505,2,7200,1.03564356436
538721,538757,539244,36,487,2,7200,1.07392197125
538746,538793,539346,47,553,2,7200,1.08499095841
538783,538802,539337,19,535,2,7200,1.03551401869
538800,538809,539260,9,451,2,7200,1.0199556541
538801,538816,539337,15,521,2,7200,1.02879078695
538808,538893,539455,85,562,2,7200,1.1512455516
538823,538831,538922,8,91,1,1800,1.08791208791
538885,538901,539346,16,445,2,7200,1.03595505618
538901,539012,539514,111,502,2,7200,1.22111553785
539002,539027,539527,25,500,2,7200,1.05
539018,539108,539605,90,497,2,7200,1.18108651911
539098,539132,539653,34,521,2,7200,1.06525911708
539123,539178,539687,55,509,2,7200,1.10805500982
539169,539185,539754,16,569,2,7200,1.02811950791
539185,539240,539718,55,478,2,7200,1.11506276151
539231,539246,539754,15,508,2,7200,1.02952755906
539238,539256,539745,18,489,2,7200,1.03680981595
539254,539271,539760,17,489,2,7200,1.03476482618
539270,539349,539850,79,501,2,7200,1.15768463074
539341,539354,539833,13,479,2,7200,1.02713987474
539348,539361,539863,13,502,2,7200,1.02589641434
539364,539370,539847,6,477,2,7200,1.01257861635
539366,539468,539982,102,514,2,7200,1.19844357977
539458,539525,540056,67,531,2,7200,1.12617702448
539516,539538,540001,22,463,2,7200,1.0475161987
539532,539617,540123,85,506,2,7200,1.16798418972
539608,539664,540146,56,482,2,7200,1.11618257261
539655,539699,540203,44,504,2,7200,1.0873015873
539692,539730,540227,38,497,2,7200,1.07645875252
539720,539757,540257,37,500,2,7200,1.074
539748,539766,540277,18,511,2,7200,1.03522504892
539764,539772,540293,8,521,2,7200,1.01535508637
539766,539777,540239,11,462,2,7200,1.02380952381
539767,539845,540367,78,522,2,7200,1.14942528736
539835,539860,540333,25,473,2,7200,1.05285412262
539851,539867,540404,16,537,2,7200,1.02979515829
539858,539875,540358,17,483,2,7200,1.03519668737
539873,539994,540472,121,478,2,7200,1.25313807531
539984,540013,540541,29,528,2,7200,1.05492424242
540003,540069,540578,66,509,2,7200,1.12966601179
540058,540134,540649,76,515,2,7200,1.14757281553
540126,540158,540648,32,490,2,7200,1.06530612245
540148,540215,540692,67,477,2,7200,1.14046121593
540206,540238,540725,32,487,2,7200,1.06570841889
540228,540250,540783,22,533,2,7200,1.04127579737
540244,540269,540773,25,504,2,7200,1.0496031746
540260,540289,540739,29,450,2,7200,1.06444444444
540279,540304,540784,25,480,2,7200,1.05208333333
540294,540345,540856,51,511,2,7200,1.09980430528
540317,540323,540684,6,361,1,1800,1.01662049861
540335,540369,540878,34,509,2,7200,1.06679764244
540360,540380,540877,20,497,2,7200,1.04024144869
540375,540417,540901,42,484,2,7200,1.0867768595
540407,540484,540992,77,508,2,7200,1.15157480315
540474,540554,541067,80,513,2,7200,1.1559454191
540545,540591,541094,46,503,2,7200,1.09145129225
540582,540660,541156,78,496,2,7200,1.15725806452
540650,540666,541037,16,371,2,7200,1.04312668464
540657,540704,541219,47,515,2,7200,1.09126213592
540694,540738,541213,44,475,2,7200,1.09263157895
540728,540751,541253,23,502,2,7200,1.04581673307
540744,540786,541309,42,523,2,7200,1.08030592734
540775,540796,541287,21,491,2,7200,1.04276985743
540791,540802,541319,11,517,2,7200,1.02127659574
540792,540868,541388,76,520,2,7200,1.14615384615
540857,540889,541385,32,496,2,7200,1.06451612903
540879,540894,541399,15,505,2,7200,1.0297029703
540886,540913,541410,27,497,2,7200,1.05432595573
540905,541004,541454,99,450,2,7200,1.22
540994,541049,541481,55,432,2,7200,1.12731481481
541040,541079,541568,39,489,2,7200,1.07975460123
541068,541106,541636,38,530,2,7200,1.07169811321
541096,541167,541668,71,501,2,7200,1.14171656687
541158,541224,541718,66,494,2,7200,1.13360323887
541217,541230,541699,13,469,2,7200,1.02771855011
541233,541265,541791,32,526,2,7200,1.0608365019
541254,541299,541808,45,509,2,7200,1.0884086444
541289,541321,541808,32,487,2,7200,1.06570841889
541310,541332,541832,22,500,2,7200,1.044
541326,541398,541915,72,517,2,7200,1.13926499033
541388,541405,541945,17,540,2,7200,1.03148148148
541404,541412,541897,8,485,2,7200,1.01649484536
541405,541422,541911,17,489,2,7200,1.03476482618
541421,541465,541951,44,486,2,7200,1.09053497942
541455,541493,542038,38,545,2,7200,1.06972477064
541483,541581,541980,98,399,2,7200,1.24561403509
541572,541648,542176,76,528,2,7200,1.14393939394
541640,541679,542196,39,517,2,7200,1.07543520309
541671,541711,542266,40,555,2,7200,1.07207207207
541702,541731,542227,29,496,2,7200,1.05846774194
541721,541804,542306,83,502,2,7200,1.16533864542
541794,541819,542328,25,509,2,7200,1.04911591356
541810,541825,542309,15,484,2,7200,1.03099173554
541817,541843,542359,26,516,2,7200,1.0503875969
541836,541908,542426,72,518,2,7200,1.138996139
541894,541901,541945,7,44,1,1800,1.15909090909
541901,541923,542413,22,490,2,7200,1.04489795918
541917,541930,542424,13,494,2,7200,1.02631578947
541919,541957,542507,38,550,2,7200,1.06909090909
541947,541964,542503,17,539,2,7200,1.03153988868
541963,541992,542524,29,532,2,7200,1.0545112782
541985,542050,542559,65,509,2,7200,1.12770137525
542040,542187,542729,147,542,2,7200,1.27121771218
542174,542181,542255,7,74,1,1800,1.09459459459
542178,542209,542723,31,514,2,7200,1.06031128405
542200,542239,542754,39,515,2,7200,1.07572815534
542231,542278,542820,47,542,2,7200,1.08671586716
542268,542318,542833,50,515,2,7200,1.09708737864
542309,542325,542878,16,553,2,7200,1.02893309222
542324,542340,542779,16,439,2,7200,1.03644646925
542340,542347,542874,7,527,2,7200,1.01328273245
542361,542371,542905,10,534,2,7200,1.01872659176
542417,542425,542903,8,478,2,7200,1.01673640167
542433,542439,542930,6,491,2,7200,1.01221995927
542434,542445,542933,11,488,2,7200,1.02254098361
542505,542514,543032,9,518,2,7200,1.01737451737
542521,542528,543045,7,517,2,7200,1.01353965184
542537,542543,543056,6,513,2,7200,1.01169590643
542562,542571,543102,9,531,2,7200,1.01694915254
542727,542735,543243,8,508,2,7200,1.0157480315
542742,542749,543078,7,329,2,7200,1.02127659574
542758,542766,543273,8,507,2,7200,1.0157790927
542783,542791,543287,8,496,2,7200,1.01612903226
542823,542833,543302,10,469,2,7200,1.02132196162
542839,542845,543329,6,484,2,7200,1.01239669421
542842,542852,543107,10,255,1,1800,1.03921568627
542876,542886,543364,10,478,2,7200,1.02092050209
542892,542900,543410,8,510,2,7200,1.01568627451
542908,542915,543452,7,537,2,7200,1.01303538175
542910,542921,543421,11,500,2,7200,1.022
542932,542942,543421,10,479,2,7200,1.02087682672
542948,542954,543440,6,486,2,7200,1.01234567901
543034,543044,543541,10,497,2,7200,1.02012072435
543049,543057,543575,8,518,2,7200,1.01544401544
543065,543072,543590,7,518,2,7200,1.01351351351
543081,543090,543628,9,538,2,7200,1.01672862454
543106,543114,543639,8,525,2,7200,1.01523809524
543247,543256,543665,9,409,2,7200,1.02200488998
543275,543282,543842,7,560,2,7200,1.0125
543291,543298,543772,7,474,2,7200,1.01476793249
543306,543314,543798,8,484,2,7200,1.01652892562
543331,543339,543884,8,545,2,7200,1.01467889908
543366,543372,543892,6,520,2,7200,1.01153846154
543412,543418,543914,6,496,2,7200,1.01209677419
543428,543434,543917,6,483,2,7200,1.01242236025
543430,543441,543917,11,476,2,7200,1.0231092437
543445,543451,543970,6,519,2,7200,1.01156069364
543461,543467,543980,6,513,2,7200,1.01169590643
543544,543551,544034,7,483,2,7200,1.01449275362
543578,543585,544092,7,507,2,7200,1.01380670611
543594,543600,544133,6,533,2,7200,1.01125703565
543631,543638,544196,7,558,2,7200,1.01254480287
543647,543654,544177,7,523,2,7200,1.01338432122
543669,543675,544197,6,522,2,7200,1.01149425287
543776,543782,544303,6,521,2,7200,1.01151631478
543801,543808,544299,7,491,2,7200,1.01425661914
543845,543852,544368,7,516,2,7200,1.01356589147
543888,543894,544396,6,502,2,7200,1.01195219124
543904,543910,544475,6,565,2,7200,1.01061946903
543920,543926,544423,6,497,2,7200,1.01207243461
543922,543934,544422,12,488,2,7200,1.02459016393
543923,543939,544446,16,507,2,7200,1.0315581854
543973,543980,544486,7,506,2,7200,1.01383399209
543989,543995,544483,6,488,2,7200,1.01229508197
544038,544044,544477,6,433,2,7200,1.01385681293
544096,544103,544500,7,397,2,7200,1.01763224181
544137,544144,544665,7,521,2,7200,1.01343570058
544180,544186,544738,6,552,2,7200,1.01086956522
544199,544205,544715,6,510,2,7200,1.01176470588
544201,544212,544702,11,490,2,7200,1.02244897959
544302,544309,544810,7,501,2,7200,1.01397205589
544318,544325,544841,7,516,2,7200,1.01356589147
544370,544376,544887,6,511,2,7200,1.01174168297
544398,544405,544974,7,569,2,7200,1.01230228471
544423,544430,544920,7,490,2,7200,1.01428571429
544439,544445,544958,6,513,2,7200,1.01169590643
544455,544461,544966,6,505,2,7200,1.01188118812
544477,544483,544985,6,502,2,7200,1.01195219124
544493,544499,545002,6,503,2,7200,1.01192842942
544495,544506,545028,11,522,2,7200,1.02107279693
544496,544511,544992,15,481,2,7200,1.03118503119
544512,544518,545016,6,498,2,7200,1.01204819277
544668,544675,545182,7,507,2,7200,1.01380670611
544706,544713,545216,7,503,2,7200,1.01391650099
544721,544728,545246,7,518,2,7200,1.01351351351
544740,544748,545202,8,454,2,7200,1.01762114537
544814,544821,545346,7,525,2,7200,1.01333333333
544845,544851,545379,6,528,2,7200,1.01136363636
544891,544898,545409,7,511,2,7200,1.01369863014
544922,544929,545449,7,520,2,7200,1.01346153846
544959,544966,545475,7,509,2,7200,1.0137524558
544975,544982,545491,7,509,2,7200,1.0137524558
544977,544989,545495,12,506,2,7200,1.02371541502
544993,545000,545523,7,523,2,7200,1.01338432122
544995,545006,545507,11,501,2,7200,1.02195608782
545011,545017,545520,6,503,2,7200,1.01192842942
545026,545033,545546,7,513,2,7200,1.01364522417
545042,545048,545542,6,494,2,7200,1.01214574899
545186,545193,545627,7,434,2,7200,1.01612903226
545205,545211,545711,6,500,2,7200,1.012
545221,545227,545735,6,508,2,7200,1.01181102362
545249,545255,545767,6,512,2,7200,1.01171875
545351,545358,545869,7,511,2,7200,1.01369863014
545382,545390,545848,8,458,2,7200,1.01746724891
545414,545421,545912,7,491,2,7200,1.01425661914
545453,545459,546007,6,548,2,7200,1.01094890511
545478,545484,545969,6,485,2,7200,1.01237113402
545494,545501,546021,7,520,2,7200,1.01346153846
545511,545518,546052,7,534,2,7200,1.01310861423
545512,545525,546041,13,516,2,7200,1.02519379845
545530,545536,546094,6,558,2,7200,1.01075268817
545532,545543,546036,11,493,2,7200,1.02231237323
545550,545557,546098,7,541,2,7200,1.01293900185
545552,545564,546112,12,548,2,7200,1.02189781022
545629,545636,546130,7,494,2,7200,1.01417004049
545715,545721,546228,6,507,2,7200,1.01183431953
545737,545744,546120,7,376,2,7200,1.01861702128
545771,545778,546283,7,505,2,7200,1.01386138614
545852,545858,546325,6,467,2,7200,1.01284796574
545871,545877,546390,6,513,2,7200,1.01169590643
545888,545894,560434,6,14540,1,14400,1.00041265475
545915,545922,546404,7,482,2,7200,1.01452282158
545973,545979,546475,6,496,2,7200,1.01209677419
546010,546017,546535,7,518,2,7200,1.01351351351
546026,546033,546437,7,404,2,7200,1.01732673267
546042,546050,546542,8,492,2,7200,1.0162601626
546044,546057,546556,13,499,2,7200,1.02605210421
546060,546067,546598,7,531,2,7200,1.0131826742
546098,546105,546591,7,486,2,7200,1.01440329218
546114,546120,546543,6,423,2,7200,1.01418439716
546115,546127,546605,12,478,2,7200,1.02510460251
546132,546139,546583,7,444,2,7200,1.01576576577
546133,546145,546632,12,487,2,7200,1.02464065708
546231,546238,546721,7,483,2,7200,1.01449275362
546287,546293,546795,6,502,2,7200,1.01195219124
546327,546333,546837,6,504,2,7200,1.0119047619
546392,546398,546932,6,534,2,7200,1.01123595506
546407,546415,546901,8,486,2,7200,1.01646090535
546439,546449,546955,10,506,2,7200,1.01976284585
546479,546547,547075,68,528,2,7200,1.12878787879
546537,546553,547067,16,514,2,7200,1.03112840467
546553,546561,547076,8,515,2,7200,1.01553398058
546555,546568,547138,13,570,2,7200,1.02280701754
546571,546595,547084,24,489,2,7200,1.0490797546
546587,546602,547117,15,515,2,7200,1.02912621359
546603,546610,547095,7,485,2,7200,1.01443298969
546604,546616,547141,12,525,2,7200,1.02285714286
546620,546644,547148,24,504,2,7200,1.04761904762
546636,546733,547219,97,486,2,7200,1.19958847737
546725,546808,547342,83,534,2,7200,1.15543071161
546799,546849,547341,50,492,2,7200,1.10162601626
546839,546913,547425,74,512,2,7200,1.14453125
546903,546945,547307,42,362,2,7200,1.11602209945
546934,546966,547458,32,492,2,7200,1.06504065041
546960,547079,547631,119,552,2,7200,1.21557971014
547070,547087,547591,17,504,2,7200,1.03373015873
547086,547094,547651,8,557,2,7200,1.01436265709
547088,547101,547603,13,502,2,7200,1.02589641434
547089,547108,547609,19,501,2,7200,1.0379241517
547105,547129,547627,24,498,2,7200,1.04819277108
547121,547150,547700,29,550,2,7200,1.05272727273
547140,547157,547650,17,493,2,7200,1.03448275862
547156,547163,547673,7,510,2,7200,1.0137254902
547157,547232,547771,75,539,2,7200,1.13914656772
547222,547319,547821,97,502,2,7200,1.19322709163
547311,547353,547828,42,475,2,7200,1.08842105263
547345,547360,547838,15,478,2,7200,1.03138075314
547352,547437,547941,85,504,2,7200,1.16865079365
547429,547470,547970,41,500,2,7200,1.082
547460,547603,548096,143,493,2,7200,1.29006085193
547594,547615,548121,21,506,2,7200,1.04150197628
547610,547621,548068,11,447,2,7200,1.02460850112
547612,547638,548166,26,528,2,7200,1.04924242424
547631,547645,548137,14,492,2,7200,1.02845528455
547638,547662,548155,24,493,2,7200,1.04868154158
547654,547669,548173,15,504,2,7200,1.02976190476
547661,547685,548177,24,492,2,7200,1.0487804878
547677,547712,548193,35,481,2,7200,1.07276507277
547702,547783,548283,81,500,2,7200,1.162
547773,547833,548322,60,489,2,7200,1.1226993865
547825,547840,548305,15,465,2,7200,1.03225806452
547842,547850,548378,8,528,2,7200,1.01515151515
547843,547958,548463,115,505,2,7200,1.22772277228
547941,547982,548453,41,471,2,7200,1.08704883227
547946,547952,548035,6,83,1,3600,1.07228915663
547973,548080,548598,107,518,2,7200,1.20656370656
548071,548113,548666,42,553,2,7200,1.07594936709
548099,548133,548628,34,495,2,7200,1.06868686869
548100,548107,548114,7,7,1,3600,1.4
548124,548149,548700,25,551,2,7200,1.04537205082
548140,548167,548655,27,488,2,7200,1.05532786885
548159,548178,548695,19,517,2,7200,1.03675048356
548175,548184,548711,9,527,2,7200,1.01707779886
548177,548191,548667,14,476,2,7200,1.02941176471
548193,548205,548712,12,507,2,7200,1.02366863905
548204,548212,548219,8,7,1,3600,1.5
548209,548297,548742,88,445,2,7200,1.19775280899
548243,548250,548257,7,7,1,3600,1.4
548283,548290,549660,7,1370,1,3600,1.00510948905
548286,548317,548832,31,515,2,7200,1.06019417476
548308,548335,548845,27,510,2,7200,1.05294117647
548324,548391,548922,67,531,2,7200,1.12617702448
548380,548465,548938,85,473,2,7200,1.17970401691
548456,548475,548984,19,509,2,7200,1.0373280943
548472,548611,548998,139,387,2,7200,1.35917312661
548600,548640,549037,40,397,2,7200,1.10075566751
548632,548667,549180,35,513,2,7200,1.06822612086
548657,548678,549145,21,467,2,7200,1.04496788009
548673,548685,549042,12,357,2,7200,1.03361344538
548675,548707,549218,32,511,2,7200,1.0626223092
548700,548714,549237,14,523,2,7200,1.02676864245
548717,548723,549194,6,471,2,7200,1.0127388535
548718,548730,549258,12,528,2,7200,1.02272727273
548720,548754,549235,34,481,2,7200,1.07068607069
548745,548845,549389,100,544,2,7200,1.18382352941
548834,548856,549349,22,493,2,7200,1.04462474645
548850,548934,549411,84,477,2,7200,1.17610062893
548924,548950,549434,26,484,2,7200,1.05371900826
548940,548996,549384,56,388,2,7200,1.14432989691
548986,549010,549514,24,504,2,7200,1.04761904762
549002,549050,549549,48,499,2,7200,1.09619238477
549040,549057,549549,17,492,2,7200,1.03455284553
549056,549157,549644,101,487,2,7200,1.20739219713
549148,549193,549667,45,474,2,7200,1.09493670886
549182,549206,549729,24,523,2,7200,1.04588910134
549198,549230,549717,32,487,2,7200,1.06570841889
549220,549247,549773,27,526,2,7200,1.05133079848
549239,549253,549710,14,457,2,7200,1.0306345733
549246,549271,549754,25,483,2,7200,1.05175983437
549262,549361,549729,99,368,2,7200,1.26902173913
549351,549396,549897,45,501,2,7200,1.08982035928
549388,549403,549817,15,414,2,7200,1.03623188406
549404,549422,549927,18,505,2,7200,1.03564356436
549419,549445,549988,26,543,2,7200,1.04788213628
549438,549527,550054,89,527,2,7200,1.16888045541
549518,549561,550040,43,479,2,7200,1.08977035491
549552,549566,550086,14,520,2,7200,1.02692307692
549559,549656,550174,97,518,2,7200,1.18725868726
549645,549679,550195,34,516,2,7200,1.06589147287
549671,549721,550266,50,545,2,7200,1.09174311927
549714,549729,550128,15,399,2,7200,1.03759398496
549730,549741,550238,11,497,2,7200,1.02213279678
549732,549746,550250,14,504,2,7200,1.02777777778
549739,549767,550267,28,500,2,7200,1.056
549758,549784,550309,26,525,2,7200,1.04952380952
549778,549829,550369,51,540,2,7200,1.09444444444
549821,549908,550440,87,532,2,7200,1.16353383459
549901,549939,550428,38,489,2,7200,1.07770961145
549929,550000,550528,71,528,2,7200,1.13446969697
549991,550052,550552,61,500,2,7200,1.122
550044,550066,550555,22,489,2,7200,1.04498977505
550060,550098,550597,38,499,2,7200,1.07615230461
550088,550140,550609,52,469,2,7200,1.11087420043
550131,550186,550669,55,483,2,7200,1.11387163561
550178,550207,550698,29,491,2,7200,1.05906313646
550197,550249,550766,52,517,2,7200,1.10058027079
550240,550262,550772,22,510,2,7200,1.0431372549
550256,550278,550818,22,540,2,7200,1.04074074074
550272,550284,550782,12,498,2,7200,1.02409638554
550274,550321,550846,47,525,2,7200,1.08952380952
550311,550381,550833,70,452,2,7200,1.15486725664
550372,550441,550940,69,499,2,7200,1.13827655311
550431,550452,550939,21,487,2,7200,1.0431211499
550447,550540,550983,93,443,2,7200,1.20993227991
550530,550564,551083,34,519,2,7200,1.0655105973
550555,550571,550932,16,361,2,7200,1.04432132964
550562,550609,551098,47,489,2,7200,1.09611451943
550599,550621,551170,22,549,2,7200,1.04007285974
550615,550681,551129,66,448,2,7200,1.14732142857
550671,550710,551217,39,507,2,7200,1.07692307692
550702,550779,551304,77,525,2,7200,1.14666666667
550770,550785,551262,15,477,2,7200,1.03144654088
550786,550794,551330,8,536,2,7200,1.01492537313
550787,550830,551320,43,490,2,7200,1.08775510204
550822,550844,551343,22,499,2,7200,1.04408817635
550838,550858,551392,20,534,2,7200,1.03745318352
550854,550943,551441,89,498,2,7200,1.17871485944
550937,550951,551374,14,423,2,7200,1.03309692671
550953,550960,551445,7,485,2,7200,1.01443298969
550954,550996,551494,42,498,2,7200,1.0843373494
550985,551095,551599,110,504,2,7200,1.21825396825
551087,551109,551658,22,549,2,7200,1.04007285974
551103,551141,551656,38,515,2,7200,1.07378640777
551131,551183,551679,52,496,2,7200,1.10483870968
551174,551230,551609,56,379,2,7200,1.14775725594
551220,551274,551764,54,490,2,7200,1.11020408163
551264,551317,551833,53,516,2,7200,1.10271317829
551307,551331,551863,24,532,2,7200,1.04511278195
551323,551341,551883,18,542,2,7200,1.0332103321
551339,551354,551835,15,481,2,7200,1.03118503119
551354,551385,551869,31,484,2,7200,1.06404958678
551376,551404,551903,28,499,2,7200,1.05611222445
551395,551451,551914,56,463,2,7200,1.12095032397
551445,551459,551974,14,515,2,7200,1.02718446602
551461,551506,552010,45,504,2,7200,1.08928571429
551495,551611,552169,116,558,2,7200,1.20788530466
551603,551621,552116,18,495,2,7200,1.03636363636
551619,551668,552101,49,433,2,7200,1.11316397229
551659,551674,552184,15,510,2,7200,1.02941176471
551666,551691,552182,25,491,2,7200,1.05091649695
551682,551776,552275,94,499,2,7200,1.18837675351
551768,551845,552277,77,432,2,7200,1.17824074074
551836,551852,552342,16,490,2,7200,1.03265306122
551843,551875,552376,32,501,2,7200,1.06387225549
551865,551881,552315,16,434,2,7200,1.03686635945
551881,551895,552418,14,523,2,7200,1.02676864245
551896,551915,552440,19,525,2,7200,1.03619047619
551913,551931,552457,18,526,2,7200,1.03422053232
551928,551985,552464,57,479,2,7200,1.11899791232
551928,588822,606176,36894,17354,32,28800,3.12596519534
551978,552021,552468,43,447,2,7200,1.09619686801
552012,552112,552568,100,456,2,7200,1.21929824561
552104,552128,552618,24,490,2,7200,1.04897959184
552120,552181,552668,61,487,2,7200,1.12525667351
552173,552194,552720,21,526,2,7200,1.03992395437
552189,552201,552678,12,477,2,7200,1.0251572327
552190,552286,552808,96,522,2,7200,1.18390804598
552279,552294,552793,15,499,2,7200,1.03006012024
552286,552328,552866,42,538,2,7200,1.0780669145
552318,552354,552793,36,439,2,7200,1.08200455581
552346,552388,552909,42,521,2,7200,1.08061420345
552380,552430,552922,50,492,2,7200,1.10162601626
552420,552452,552977,32,525,2,7200,1.06095238095
552442,552470,553001,28,531,2,7200,1.0527306968
552461,552477,552931,16,454,2,7200,1.03524229075
552477,552483,552984,6,501,2,7200,1.0119760479
552479,552580,553077,101,497,2,7200,1.2032193159
552571,552630,553036,59,406,2,7200,1.14532019704
552620,552680,553186,60,506,2,7200,1.1185770751
552670,552690,553189,20,499,2,7200,1.04008016032
552686,552732,553206,46,474,2,7200,1.0970464135
552723,552820,553349,97,529,2,7200,1.18336483932
552797,552825,553312,28,487,2,7200,1.05749486653
552819,552831,553360,12,529,2,7200,1.02268431002
552835,552878,553360,43,482,2,7200,1.08921161826
552869,552921,553459,52,538,2,7200,1.09665427509
552913,552934,553442,21,508,2,7200,1.04133858268
552929,552942,553474,13,532,2,7200,1.02443609023
552945,552989,553480,44,491,2,7200,1.08961303462
552979,552996,553517,17,521,2,7200,1.03262955854
552995,553013,553530,18,517,2,7200,1.03481624758
553011,553049,553597,38,548,2,7200,1.06934306569
553039,553089,553625,50,536,2,7200,1.09328358209
553079,553198,553703,119,505,2,7200,1.23564356436
553190,553205,553696,15,491,2,7200,1.03054989817
553197,553218,553708,21,490,2,7200,1.04285714286
553213,553324,553796,111,472,2,7200,1.23516949153
553314,553360,553797,46,437,2,7200,1.10526315789
553351,553372,553863,21,491,2,7200,1.04276985743
553367,553379,553852,12,473,2,7200,1.02536997886
553369,553454,553982,85,528,2,7200,1.16098484848
553446,553470,553989,24,519,2,7200,1.04624277457
553462,553487,553987,25,500,2,7200,1.05
553478,553494,553995,16,501,2,7200,1.03193612774
553493,553529,553987,36,458,2,7200,1.07860262009
553518,553541,554025,23,484,2,7200,1.04752066116
553534,553610,554100,76,490,2,7200,1.15510204082
553599,553637,554079,38,442,2,7200,1.08597285068
553627,553708,554196,81,488,2,7200,1.16598360656
553698,553715,554272,17,557,2,7200,1.03052064632
553714,553723,554251,9,528,2,7200,1.01704545455
553715,553807,554254,92,447,2,7200,1.20581655481
553798,553814,554237,16,423,2,7200,1.0378250591
553805,553863,554396,58,533,2,7200,1.10881801126
553855,553877,554423,22,546,2,7200,1.04029304029
553870,553993,554405,123,412,2,7200,1.29854368932
553984,554000,554489,16,489,2,7200,1.0327198364
554000,554008,554471,8,463,2,7200,1.01727861771
554002,554013,554492,11,479,2,7200,1.02296450939
554003,554020,554532,17,512,2,7200,1.033203125
554010,554037,554558,27,521,2,7200,1.05182341651
554029,554091,554590,62,499,2,7200,1.12424849699
554082,554112,554578,30,466,2,7200,1.0643776824
554104,554208,554649,104,441,2,7200,1.2358276644
554199,554249,554770,50,521,2,7200,1.09596928983
554239,554263,554790,24,527,2,7200,1.04554079696
554255,554269,554757,14,488,2,7200,1.02868852459
554262,554283,554777,21,494,2,7200,1.04251012146
554278,554407,554884,129,477,2,7200,1.27044025157
554398,554416,554878,18,462,2,7200,1.03896103896
554413,554434,554924,21,490,2,7200,1.04285714286
554430,554482,554973,52,491,2,7200,1.10590631365
554473,554501,554907,28,406,2,7200,1.06896551724
554492,554508,554998,16,490,2,7200,1.03265306122
554508,554543,555063,35,520,2,7200,1.06730769231
554536,554570,555067,34,497,2,7200,1.06841046278
554561,554589,555126,28,537,2,7200,1.052141527
554580,554602,555055,22,453,2,7200,1.04856512141
554597,554660,555201,63,541,2,7200,1.11645101664
554652,554769,555266,117,497,2,7200,1.23541247485
554760,554787,555302,27,515,2,7200,1.05242718447
554777,554794,555340,17,546,2,7200,1.03113553114
554784,554801,555325,17,524,2,7200,1.03244274809
554800,554889,555451,89,562,2,7200,1.15836298932
554880,554896,555412,16,516,2,7200,1.03100775194
554895,554918,555409,23,491,2,7200,1.04684317719
554911,554935,555436,24,501,2,7200,1.04790419162
554927,554984,555481,57,497,2,7200,1.11468812877
554977,555009,555508,32,499,2,7200,1.06412825651
555002,555080,555559,78,479,2,7200,1.16283924843
555058,555085,555438,27,353,2,7200,1.07648725212
555079,555091,555625,12,534,2,7200,1.02247191011
555081,555119,555605,38,486,2,7200,1.07818930041
555127,555138,555558,11,420,2,7200,1.02619047619
555204,555212,555726,8,514,2,7200,1.01556420233
555269,555278,555767,9,489,2,7200,1.01840490798
555306,555312,555807,6,495,2,7200,1.01212121212
555328,555336,555850,8,514,2,7200,1.01556420233
555344,555351,555818,7,467,2,7200,1.01498929336
555412,555420,555921,8,501,2,7200,1.01596806387
555427,555433,555990,6,557,2,7200,1.01077199282
555443,555449,555896,6,447,2,7200,1.01342281879
555445,555455,555958,10,503,2,7200,1.01988071571
555461,555467,555947,6,480,2,7200,1.0125
555483,555492,555987,9,495,2,7200,1.01818181818
555511,555519,556041,8,522,2,7200,1.0153256705
555560,555569,556071,9,502,2,7200,1.01792828685
555562,555575,556047,13,472,2,7200,1.02754237288
555608,555616,556152,8,536,2,7200,1.01492537313
555627,555636,556161,9,525,2,7200,1.01714285714
555729,555739,556282,10,543,2,7200,1.01841620626
555769,555779,556264,10,485,2,7200,1.0206185567
555809,555819,556326,10,507,2,7200,1.01972386588
555825,555831,556250,6,419,2,7200,1.01431980907
555853,555861,556403,8,542,2,7200,1.0147601476
555899,555907,556437,8,530,2,7200,1.01509433962
555924,555933,556466,9,533,2,7200,1.01688555347
555949,555958,556458,9,500,2,7200,1.018
555965,555971,556499,6,528,2,7200,1.01136363636
555991,555998,556545,7,547,2,7200,1.01279707495
555992,556004,556506,12,502,2,7200,1.02390438247
556045,556053,556501,8,448,2,7200,1.01785714286
556060,556067,556593,7,526,2,7200,1.01330798479
556076,556082,556576,6,494,2,7200,1.01214574899
556156,556163,556716,7,553,2,7200,1.01265822785
556172,556178,556593,6,415,2,7200,1.01445783133
556252,556262,556820,10,558,2,7200,1.01792114695
556268,556276,556784,8,508,2,7200,1.0157480315
556283,556294,556765,11,471,2,7200,1.02335456476
556330,556337,556846,7,509,2,7200,1.0137524558
556407,556415,556908,8,493,2,7200,1.01622718053
556441,556449,556981,8,532,2,7200,1.01503759398
556460,556470,556950,10,480,2,7200,1.02083333333
556476,556482,556996,6,514,2,7200,1.01167315175
556501,556510,557026,9,516,2,7200,1.01744186047
556503,556517,557021,14,504,2,7200,1.02777777778
556519,556526,557036,7,510,2,7200,1.0137254902
556548,556558,557055,10,497,2,7200,1.02012072435
556579,556587,557082,8,495,2,7200,1.01616161616
556595,556666,557142,71,476,2,7200,1.14915966387
556597,556671,557156,74,485,2,7200,1.15257731959
556720,556728,557285,8,557,2,7200,1.01436265709
556769,556777,557281,8,504,2,7200,1.01587301587
556788,556796,557323,8,527,2,7200,1.01518026565
556822,556831,557355,9,524,2,7200,1.01717557252
556851,556857,557361,6,504,2,7200,1.0119047619
556912,556919,557450,7,531,2,7200,1.0131826742
556952,556962,557408,10,446,2,7200,1.02242152466
556983,556992,557470,9,478,2,7200,1.01882845188
556999,557008,557474,9,466,2,7200,1.01931330472
557024,557032,557528,8,496,2,7200,1.01612903226
557041,557047,557561,6,514,2,7200,1.01167315175
557042,557053,557561,11,508,2,7200,1.02165354331
557058,557066,557574,8,508,2,7200,1.0157480315
557086,557095,557601,9,506,2,7200,1.01778656126
557144,557154,557497,10,343,2,7200,1.02915451895
557160,557167,557666,7,499,2,7200,1.01402805611
557283,557292,557819,9,527,2,7200,1.01707779886
557299,557305,557792,6,487,2,7200,1.01232032854
557327,557335,557819,8,484,2,7200,1.01652892562
557358,557366,557841,8,475,2,7200,1.01684210526
557374,557380,557907,6,527,2,7200,1.01138519924
557411,557420,557952,9,532,2,7200,1.01691729323
557452,557461,558002,9,541,2,7200,1.01663585952
557474,557481,557977,7,496,2,7200,1.01411290323
557490,557496,558023,6,527,2,7200,1.01138519924
557505,557511,558051,6,540,2,7200,1.01111111111
557530,557539,558049,9,510,2,7200,1.01764705882
557565,557572,558092,7,520,2,7200,1.01346153846
557566,557577,558003,11,426,2,7200,1.02582159624
557582,557588,558127,6,539,2,7200,1.01113172542
557604,557612,558111,8,499,2,7200,1.01603206413
557669,557678,558156,9,478,2,7200,1.01882845188
557794,557803,558314,9,511,2,7200,1.01761252446
557799,580061,580403,22262,342,16,144000,66.0935672515
557822,557830,558343,8,513,2,7200,1.01559454191
557824,557849,558330,25,481,2,7200,1.05197505198
557843,557856,558367,13,511,2,7200,1.02544031311
557911,557919,558405,8,486,2,7200,1.01646090535
557954,557963,558459,9,496,2,7200,1.01814516129
557979,557988,558514,9,526,2,7200,1.01711026616
558004,558015,558503,11,488,2,7200,1.02254098361
558006,558020,558456,14,436,2,7200,1.03211009174
558025,558035,558561,10,526,2,7200,1.01901140684
558051,558060,558569,9,509,2,7200,1.01768172888
558066,558072,558594,6,522,2,7200,1.01149425287
558094,558103,558650,9,547,2,7200,1.01645338208
558113,558122,558574,9,452,2,7200,1.01991150442
558129,558138,558636,9,498,2,7200,1.01807228916
558157,558167,558659,10,492,2,7200,1.02032520325
558317,558325,558852,8,527,2,7200,1.01518026565
558332,558341,558884,9,543,2,7200,1.01657458564
558348,558354,558917,6,563,2,7200,1.01065719361
558370,558378,558895,8,517,2,7200,1.01547388781
558408,558416,558881,8,465,2,7200,1.01720430108
558461,558467,558975,6,508,2,7200,1.01181102362
558463,558474,558962,11,488,2,7200,1.02254098361
558506,558514,558945,8,431,2,7200,1.01856148492
558522,558528,558974,6,446,2,7200,1.0134529148
558562,558572,559068,10,496,2,7200,1.02016129032
558578,558584,559044,6,460,2,7200,1.01304347826
558580,558591,559081,11,490,2,7200,1.02244897959
558595,558606,559100,11,494,2,7200,1.02226720648
558639,558647,559131,8,484,2,7200,1.01652892562
558654,558661,559108,7,447,2,7200,1.01565995526
558670,558676,559153,6,477,2,7200,1.01257861635
558689,559989,646415,1300,86426,1,86400,1.01504176984
558714,562149,648560,3435,86411,1,86400,1.03975188344
558741,562453,646780,3712,84327,1,86400,1.04401911606
558769,580066,661320,21297,81254,1,86400,1.26210401949
558788,581718,659167,22930,77449,1,86400,1.29606579814
558803,566479,573729,7676,7250,2,7200,2.05875862069
558809,588844,661512,30035,72668,1,86400,1.41331810425
558826,591669,659239,32843,67570,1,86400,1.48605890188
558854,558863,559440,9,577,2,7200,1.01559792028
558886,558892,559382,6,490,2,7200,1.01224489796
558887,558898,559408,11,510,2,7200,1.02156862745
558903,558909,559296,6,387,2,7200,1.01550387597
558919,558928,559348,9,420,2,7200,1.02142857143
558947,558956,559484,9,528,2,7200,1.01704545455
558966,558974,559477,8,503,2,7200,1.01590457256
558982,558989,559451,7,462,2,7200,1.01515151515
558984,558995,559482,11,487,2,7200,1.02258726899
559046,559055,559555,9,500,2,7200,1.018
559070,559079,559577,9,498,2,7200,1.01807228916
559086,559092,559592,6,500,2,7200,1.012
559102,559111,559621,9,510,2,7200,1.01764705882
559120,559126,559664,6,538,2,7200,1.01115241636
559136,559142,559698,6,556,2,7200,1.01079136691
559155,559164,559666,9,502,2,7200,1.01792828685
559299,559308,559817,9,509,2,7200,1.01768172888
559352,559361,559856,9,495,2,7200,1.01818181818
559386,559393,559870,7,477,2,7200,1.01467505241
559411,559419,559905,8,486,2,7200,1.01646090535
559442,559451,559978,9,527,2,7200,1.01707779886
559458,559464,559968,6,504,2,7200,1.0119047619
559480,559489,559977,9,488,2,7200,1.01844262295
559496,559502,559984,6,482,2,7200,1.01244813278
559497,559509,559988,12,479,2,7200,1.02505219207
559559,559566,559995,7,429,2,7200,1.01631701632
559581,559588,560079,7,491,2,7200,1.01425661914
559597,559603,560113,6,510,2,7200,1.01176470588
559625,559632,560157,7,525,2,7200,1.01333333333
559666,559675,560151,9,476,2,7200,1.01890756303
559681,559687,560177,6,490,2,7200,1.01224489796
559700,559709,560238,9,529,2,7200,1.01701323251
559819,559829,560334,10,505,2,7200,1.0198019802
559843,692177,821782,132334,129605,25,129599,2.02105628641
559860,559868,560355,8,487,2,7200,1.01642710472
559876,559881,560398,5,517,2,7200,1.00967117988
559907,559916,560453,9,537,2,7200,1.01675977654
559971,559980,560531,9,551,2,7200,1.01633393829
559988,559997,560497,9,500,2,7200,1.018
559989,560002,560511,13,509,2,7200,1.02554027505
559996,560009,560490,13,481,2,7200,1.02702702703
560012,560018,560471,6,453,2,7200,1.01324503311
560014,560091,560645,77,554,2,7200,1.13898916968
560081,560125,560660,44,535,2,7200,1.08224299065
560116,560163,560710,47,547,2,7200,1.08592321755
560153,560169,560677,16,508,2,7200,1.03149606299
560169,560189,560684,20,495,2,7200,1.0404040404
560185,560249,560751,64,502,2,7200,1.12749003984
560240,560347,560888,107,541,2,7200,1.1977818854
560338,560367,560916,29,549,2,7200,1.05282331512
560357,560410,560846,53,436,2,7200,1.12155963303
560401,560440,560943,39,503,2,7200,1.07753479125
560456,560465,560953,9,488,2,7200,1.01844262295
560475,560482,561009,7,527,2,7200,1.01328273245
560495,560501,561024,6,523,2,7200,1.01147227533
560511,560517,561020,6,503,2,7200,1.01192842942
560527,560533,561075,6,542,2,7200,1.0110701107
560542,560548,561033,6,485,2,7200,1.01237113402
560643,560656,561131,13,475,2,7200,1.02736842105
560662,560671,561179,9,508,2,7200,1.01771653543
560682,560688,561183,6,495,2,7200,1.01212121212
560697,560703,561238,6,535,2,7200,1.01121495327
560713,560721,561205,8,484,2,7200,1.01652892562
560753,560762,561252,9,490,2,7200,1.01836734694
560848,560858,561403,10,545,2,7200,1.01834862385
560892,560900,561414,8,514,2,7200,1.01556420233
560920,560927,561428,7,501,2,7200,1.01397205589
560945,560954,561342,9,388,2,7200,1.02319587629
560961,560967,561477,6,510,2,7200,1.01176470588
561015,561021,561512,6,491,2,7200,1.01221995927
561031,561037,561565,6,528,2,7200,1.01136363636
561033,561043,561535,10,492,2,7200,1.02032520325
561048,561055,561487,7,432,2,7200,1.0162037037
561076,561086,561609,10,523,2,7200,1.01912045889
561135,561142,561643,7,501,2,7200,1.01397205589
561181,561190,561682,9,492,2,7200,1.01829268293
561197,561203,561707,6,504,2,7200,1.0119047619
561213,561219,561756,6,537,2,7200,1.01117318436
561241,561250,561761,9,511,2,7200,1.01761252446
561257,561263,561802,6,539,2,7200,1.01113172542
561346,561357,561885,11,528,2,7200,1.02083333333
561407,561416,561945,9,529,2,7200,1.01701323251
561423,561429,561934,6,505,2,7200,1.01188118812
561439,561446,561870,7,424,2,7200,1.01650943396
561479,561489,561995,10,506,2,7200,1.01976284585
561495,561502,562033,7,531,2,7200,1.0131826742
561514,561524,562075,10,551,2,7200,1.01814882033
561539,561546,561995,7,449,2,7200,1.01559020045
561567,561577,562038,10,461,2,7200,1.02169197397
561611,561620,562139,9,519,2,7200,1.01734104046
561645,561656,562177,11,521,2,7200,1.02111324376
561686,561694,562213,8,519,2,7200,1.01541425819
561711,561719,562234,8,515,2,7200,1.01553398058
561761,561767,562297,6,530,2,7200,1.01132075472
561776,561782,562293,6,511,2,7200,1.01174168297
561804,561814,562334,10,520,2,7200,1.01923076923
561872,561882,562429,10,547,2,7200,1.01828153565
561888,561896,562441,8,545,2,7200,1.01467889908
561937,561945,562488,8,543,2,7200,1.01473296501
561953,561959,562460,6,501,2,7200,1.0119760479
561996,562007,562511,11,504,2,7200,1.02182539683
561998,562012,562491,14,479,2,7200,1.02922755741
562035,562045,562559,10,514,2,7200,1.01945525292
562051,562057,562547,6,490,2,7200,1.01224489796
562080,562088,562563,8,475,2,7200,1.01684210526
562145,562156,562645,11,489,2,7200,1.02249488753
562180,562189,562698,9,509,2,7200,1.01768172888
562218,562224,562722,6,498,2,7200,1.01204819277
562237,562246,562754,9,508,2,7200,1.01771653543
562295,562304,562828,9,524,2,7200,1.01717557252
562311,562317,562791,6,474,2,7200,1.01265822785
562336,562346,562871,10,525,2,7200,1.01904761905
562431,562441,562933,10,492,2,7200,1.02032520325
562447,562472,562946,25,474,2,7200,1.05274261603
562463,562500,562987,37,487,2,7200,1.07597535934
562491,562507,562999,16,492,2,7200,1.0325203252
562507,562524,562988,17,464,2,7200,1.03663793103
562523,562559,563056,36,497,2,7200,1.07243460765
562551,562571,563093,20,522,2,7200,1.03831417625
562567,562578,563079,11,501,2,7200,1.02195608782
562568,562656,563064,88,408,2,7200,1.21568627451
562648,562710,563215,62,505,2,7200,1.12277227723
562701,562734,563262,33,528,2,7200,1.0625
562726,562765,563260,39,495,2,7200,1.07878787879
562757,562803,563317,46,514,2,7200,1.08949416342
562794,562841,563353,47,512,2,7200,1.091796875
562832,562883,563395,51,512,2,7200,1.099609375
562875,562944,563448,69,504,2,7200,1.1369047619
562937,562958,563490,21,532,2,7200,1.03947368421
562953,562999,563547,46,548,2,7200,1.08394160584
562990,563006,563507,16,501,2,7200,1.03193612774
562997,563012,563509,15,497,2,7200,1.03018108652
562999,580415,719706,17416,139291,16,144000,1.12503320387
563013,563068,563576,55,508,2,7200,1.10826771654
563025,584705,644947,21680,60242,16,144000,1.35988181003
563059,563076,563591,17,515,2,7200,1.03300970874
563075,563091,563579,16,488,2,7200,1.03278688525
563090,563105,563572,15,467,2,7200,1.03211991435
563106,563228,563623,122,395,2,7200,1.30886075949
563217,563272,563726,55,454,2,7200,1.12114537445
563264,563280,563820,16,540,2,7200,1.02962962963
563271,563329,563839,58,510,2,7200,1.1137254902
563320,563364,563891,44,527,2,7200,1.0834914611
563358,563408,563887,50,479,2,7200,1.10438413361
563398,563460,563901,62,441,2,7200,1.14058956916
563450,563502,564033,52,531,2,7200,1.09792843691
563493,563519,564023,26,504,2,7200,1.05158730159
563509,563526,564049,17,523,2,7200,1.03250478011
563525,563559,564081,34,522,2,7200,1.06513409962
563550,563585,564098,35,513,2,7200,1.06822612086
563576,563592,564099,16,507,2,7200,1.0315581854
563592,563599,564144,7,545,2,7200,1.0128440367
563594,563606,564073,12,467,2,7200,1.02569593148
563595,563635,564148,40,513,2,7200,1.07797270955
563627,563738,564259,111,521,2,7200,1.21305182342
563728,563832,564368,104,536,2,7200,1.19402985075
563823,563852,564358,29,506,2,7200,1.05731225296
563842,563899,564355,57,456,2,7200,1.125
563889,563906,564433,17,527,2,7200,1.03225806452
563905,563913,564419,8,506,2,7200,1.01581027668
563906,564035,564526,129,491,2,7200,1.26272912424
564026,564045,564563,19,518,2,7200,1.03667953668
564041,564061,564542,20,481,2,7200,1.04158004158
564057,564084,564627,27,543,2,7200,1.04972375691
564076,564093,564598,17,505,2,7200,1.03366336634
564091,588827,656950,24736,68123,16,72000,1.36310790776
564092,564110,564633,18,523,2,7200,1.034416826
564108,564117,564632,9,515,2,7200,1.01747572816
564109,564155,564663,46,508,2,7200,1.0905511811
564147,564163,564647,16,484,2,7200,1.03305785124
564162,564270,564811,108,541,2,7200,1.19963031423
564261,564367,564877,106,510,2,7200,1.20784313725
564359,564374,564878,15,504,2,7200,1.02976190476
564366,564381,564767,15,386,2,7200,1.03886010363
564382,564431,564928,49,497,2,7200,1.0985915493
564423,564445,564953,22,508,2,7200,1.04330708661
564438,564538,565039,100,501,2,7200,1.1996007984
564530,564554,565080,24,526,2,7200,1.04562737643
564546,564574,565062,28,488,2,7200,1.05737704918
564565,564609,565139,44,530,2,7200,1.08301886792
564602,564639,565191,37,552,2,7200,1.06702898551
564631,564646,565190,15,544,2,7200,1.02757352941
564647,564653,565086,6,433,2,7200,1.01385681293
564649,564661,565196,12,535,2,7200,1.02242990654
564664,564674,565171,10,497,2,7200,1.02012072435
564666,564778,565305,112,527,2,7200,1.21252371917
564771,564823,565342,52,519,2,7200,1.10019267823
564814,564889,565379,75,490,2,7200,1.15306122449
564879,564896,565400,17,504,2,7200,1.03373015873
564886,564939,565428,53,489,2,7200,1.10838445808
564932,564965,565458,33,493,2,7200,1.06693711968
564954,565051,565551,97,500,2,7200,1.194
565040,565074,565545,34,471,2,7200,1.07218683652
565065,565092,565611,27,519,2,7200,1.05202312139
565081,565099,565597,18,498,2,7200,1.03614457831
565097,565151,565631,54,480,2,7200,1.1125
565140,565183,565702,43,519,2,7200,1.08285163776
565175,565202,565727,27,525,2,7200,1.05142857143
565194,565209,565727,15,518,2,7200,1.02895752896
565201,565214,565725,13,511,2,7200,1.02544031311
565217,565223,565693,6,470,2,7200,1.01276595745
565309,565315,565806,6,491,2,7200,1.01221995927
565346,565353,565870,7,517,2,7200,1.01353965184
565381,565387,565735,6,348,2,7200,1.01724137931
565403,565410,565942,7,532,2,7200,1.01315789474
565431,565437,565924,6,487,2,7200,1.01232032854
565462,565469,566007,7,538,2,7200,1.01301115242
565548,565554,566091,6,537,2,7200,1.01117318436
565564,565570,566070,6,500,2,7200,1.012
565601,565607,566142,6,535,2,7200,1.01121495327
565617,565624,566128,7,504,2,7200,1.01388888889
565633,565640,566133,7,493,2,7200,1.01419878296
565695,565702,566179,7,477,2,7200,1.01467505241
565710,565718,566133,8,415,2,7200,1.01927710843
565730,565736,566224,6,488,2,7200,1.01229508197
565731,565743,566244,12,501,2,7200,1.02395209581
565733,565748,566215,15,467,2,7200,1.03211991435
565749,565757,566258,8,501,2,7200,1.01596806387
565811,565818,566345,7,527,2,7200,1.01328273245
565872,565879,566398,7,519,2,7200,1.01348747592
565925,565931,566437,6,506,2,7200,1.01185770751
565944,565950,566438,6,488,2,7200,1.01229508197
566009,566016,566538,7,522,2,7200,1.01340996169
566073,566080,566600,7,520,2,7200,1.01346153846
566092,566098,566601,6,503,2,7200,1.01192842942
566129,566137,566656,8,519,2,7200,1.01541425819
566146,566153,566617,7,464,2,7200,1.0150862069
566147,566159,566707,12,548,2,7200,1.02189781022
566149,566165,566664,16,499,2,7200,1.03206412826
566183,566189,566738,6,549,2,7200,1.01092896175
566217,566224,566719,7,495,2,7200,1.01414141414
566233,566240,566701,7,461,2,7200,1.01518438178
566249,566255,566757,6,502,2,7200,1.01195219124
566265,566271,566771,6,500,2,7200,1.012
566348,566354,566801,6,447,2,7200,1.01342281879
566401,566407,566929,6,522,2,7200,1.01149425287
566438,566445,566871,7,426,2,7200,1.01643192488
566440,566452,566977,12,525,2,7200,1.02285714286
566541,566547,567059,6,512,2,7200,1.01171875
566603,566609,567133,6,524,2,7200,1.01145038168
566604,566617,567125,13,508,2,7200,1.02559055118
566620,566627,567137,7,510,2,7200,1.0137254902
566657,566664,567183,7,519,2,7200,1.01348747592
566673,566680,567195,7,515,2,7200,1.01359223301
566704,566710,567215,6,505,2,7200,1.01188118812
566720,566727,567209,7,482,2,7200,1.01452282158
566722,566734,567235,12,501,2,7200,1.02395209581
566741,566747,567194,6,447,2,7200,1.01342281879
566760,566766,567274,6,508,2,7200,1.01181102362
566777,566783,567295,6,512,2,7200,1.01171875
566805,566812,567311,7,499,2,7200,1.01402805611
566875,566882,567347,7,465,2,7200,1.01505376344
566931,566938,567394,7,456,2,7200,1.01535087719
566981,566987,567467,6,480,2,7200,1.0125
567064,567071,567550,7,479,2,7200,1.01461377871
567128,567136,567666,8,530,2,7200,1.01509433962
567144,567151,567652,7,501,2,7200,1.01397205589
567146,567158,567633,12,475,2,7200,1.02526315789
567187,567193,567661,6,468,2,7200,1.01282051282
567203,567209,567704,6,495,2,7200,1.01212121212
567205,567217,567766,12,549,2,7200,1.0218579235
567221,567227,567705,6,478,2,7200,1.01255230126
567222,567234,567771,12,537,2,7200,1.02234636872
567238,567245,567725,7,480,2,7200,1.01458333333
567276,567283,567802,7,519,2,7200,1.01348747592
567298,567305,567797,7,492,2,7200,1.01422764228
567314,567320,567738,6,418,2,7200,1.01435406699
567351,567357,567829,6,472,2,7200,1.01271186441
567398,567404,567883,6,479,2,7200,1.01252609603
567469,567475,568018,6,543,2,7200,1.01104972376
567552,567559,568076,7,517,2,7200,1.01353965184
567635,567641,568037,6,396,2,7200,1.01515151515
567654,567660,568184,6,524,2,7200,1.01145038168
567670,567676,568209,6,533,2,7200,1.01125703565
567671,567683,568231,12,548,2,7200,1.02189781022
567706,567712,568217,6,505,2,7200,1.01188118812
567707,567719,568263,12,544,2,7200,1.02205882353
567730,567736,568256,6,520,2,7200,1.01153846154
567745,567753,568234,8,481,2,7200,1.01663201663
567767,567774,568301,7,527,2,7200,1.01328273245
567783,567790,568257,7,467,2,7200,1.01498929336
567799,567805,568333,6,528,2,7200,1.01136363636
567815,567821,568342,6,521,2,7200,1.01151631478
567831,567837,568331,6,494,2,7200,1.01214574899
567886,567894,568411,8,517,2,7200,1.01547388781
568021,568028,568513,7,485,2,7200,1.01443298969
568040,568048,568543,8,495,2,7200,1.01616161616
568081,568087,568600,6,513,2,7200,1.01169590643
568188,568194,568734,6,540,2,7200,1.01111111111
568213,568220,568680,7,460,2,7200,1.0152173913
568229,568236,568731,7,495,2,7200,1.01414141414
568244,568252,568761,8,509,2,7200,1.01571709234
568246,568258,568765,12,507,2,7200,1.02366863905
568262,568269,568781,7,512,2,7200,1.013671875
568264,568276,568818,12,542,2,7200,1.0221402214
568280,568286,568781,6,495,2,7200,1.01212121212
568305,568312,568803,7,491,2,7200,1.01425661914
568333,568340,568862,7,522,2,7200,1.01340996169
568335,568346,568823,11,477,2,7200,1.02306079665
568351,568357,568876,6,519,2,7200,1.01156069364
568416,568423,568902,7,479,2,7200,1.01461377871
568517,568525,569007,8,482,2,7200,1.01659751037
568545,568552,569039,7,487,2,7200,1.01437371663
568604,568610,569110,6,500,2,7200,1.012
568684,568690,569197,6,507,2,7200,1.01183431953
568733,568739,569248,6,509,2,7200,1.01178781925
568749,568755,569261,6,506,2,7200,1.01185770751
568765,568772,569300,7,528,2,7200,1.01325757576
568767,568779,569335,12,556,2,7200,1.02158273381
568783,568789,569275,6,486,2,7200,1.01234567901
568785,568797,569284,12,487,2,7200,1.02464065708
568807,568813,569315,6,502,2,7200,1.01195219124
568823,568829,569352,6,523,2,7200,1.01147227533
568839,568846,569358,7,512,2,7200,1.013671875
568864,568870,569429,6,559,2,7200,1.01073345259
568880,568887,569369,7,482,2,7200,1.01452282158
568905,568912,569418,7,506,2,7200,1.01383399209
569004,569010,569520,6,510,2,7200,1.01176470588
569041,569048,569584,7,536,2,7200,1.01305970149
569112,569119,569654,7,535,2,7200,1.01308411215
569201,569208,569706,7,498,2,7200,1.0140562249
569250,569257,569712,7,455,2,7200,1.01538461538
569266,569272,569767,6,495,2,7200,1.01212121212
569282,569288,569786,6,498,2,7200,1.01204819277
569298,569304,569825,6,521,2,7200,1.01151631478
569313,569320,569850,7,530,2,7200,1.01320754717
569329,569336,569794,7,458,2,7200,1.01528384279
569345,569352,569797,7,445,2,7200,1.01573033708
569361,569367,569865,6,498,2,7200,1.01204819277
569362,569374,569871,12,497,2,7200,1.02414486922
569378,569385,569889,7,504,2,7200,1.01388888889
569422,569429,569899,7,470,2,7200,1.01489361702
569437,569444,569951,7,507,2,7200,1.01380670611
569524,569531,570041,7,510,2,7200,1.0137254902
569589,569596,569992,7,396,2,7200,1.01767676768
569656,569663,570148,7,485,2,7200,1.01443298969
569709,569715,570257,6,542,2,7200,1.0110701107
569725,569731,570263,6,532,2,7200,1.01127819549
569771,569778,570297,7,519,2,7200,1.01348747592
569790,569797,570280,7,483,2,7200,1.01449275362
569806,569813,570261,7,448,2,7200,1.015625
569808,569820,570320,12,500,2,7200,1.024
569827,569834,570361,7,527,2,7200,1.01328273245
569852,569859,570303,7,444,2,7200,1.01576576577
569868,569874,570254,6,380,2,7200,1.01578947368
569884,569890,570403,6,513,2,7200,1.01169590643
569900,569906,570399,6,493,2,7200,1.0121703854
569901,569913,570426,12,513,2,7200,1.02339181287
569954,569961,570443,7,482,2,7200,1.01452282158
569994,570001,570472,7,471,2,7200,1.01486199575
570044,570051,570536,7,485,2,7200,1.01443298969
570151,570157,570638,6,481,2,7200,1.01247401247
570259,570265,570672,6,407,2,7200,1.01474201474
570260,570272,570799,12,527,2,7200,1.02277039848
570277,570283,570775,6,492,2,7200,1.01219512195
570278,570290,570837,12,547,2,7200,1.02193784278
570294,570301,570846,7,545,2,7200,1.0128440367
570310,570317,570703,7,386,2,7200,1.01813471503
570312,570323,570743,11,420,2,7200,1.02619047619
570328,570335,570839,7,504,2,7200,1.01388888889
570362,570369,570846,7,477,2,7200,1.01467505241
570402,570408,570937,6,529,2,7200,1.01134215501
570418,570424,570934,6,510,2,7200,1.01176470588
570434,570440,570951,6,511,2,7200,1.01174168297
570450,570457,570973,7,516,2,7200,1.01356589147
570475,570481,570960,6,479,2,7200,1.01252609603
570540,570547,571082,7,535,2,7200,1.01308411215
570641,570647,570987,6,340,2,7200,1.01764705882
570675,570681,571192,6,511,2,7200,1.01174168297
570706,570712,571109,6,397,2,7200,1.01511335013
570747,570754,571311,7,557,2,7200,1.01256732496
570778,570784,571280,6,496,2,7200,1.01209677419
570803,570810,571327,7,517,2,7200,1.01353965184
570841,570848,571345,7,497,2,7200,1.01408450704
570842,570855,571404,13,549,2,7200,1.02367941712
570858,570866,571372,8,506,2,7200,1.01581027668
570860,570873,571387,13,514,2,7200,1.02529182879
570937,570944,571453,7,509,2,7200,1.0137524558
570939,570951,571464,12,513,2,7200,1.02339181287
570955,570962,571499,7,537,2,7200,1.01303538175
570971,570978,571428,7,450,2,7200,1.01555555556
570987,570993,571484,6,491,2,7200,1.01221995927
571003,571010,571465,7,455,2,7200,1.01538461538
571087,571094,571613,7,519,2,7200,1.01348747592
571112,571118,571647,6,529,2,7200,1.01134215501
571195,571201,571686,6,485,2,7200,1.01237113402
571281,571288,571796,7,508,2,7200,1.01377952756
571315,571322,571778,7,456,2,7200,1.01535087719
571331,571338,571908,7,570,2,7200,1.01228070175
571347,571354,571852,7,498,2,7200,1.0140562249
571375,571381,571876,6,495,2,7200,1.01212121212
571391,571398,571870,7,472,2,7200,1.01483050847
571407,571413,571888,6,475,2,7200,1.01263157895
571432,571439,571944,7,505,2,7200,1.01386138614
571457,571463,571984,6,521,2,7200,1.01151631478
571473,571480,572004,7,524,2,7200,1.01335877863
571475,571486,571948,11,462,2,7200,1.02380952381
571491,571497,571929,6,432,2,7200,1.01388888889
571507,571513,571894,6,381,2,7200,1.0157480315
571617,571624,572103,7,479,2,7200,1.01461377871
571648,571655,572131,7,476,2,7200,1.01470588235
571689,571696,572199,7,503,2,7200,1.01391650099
571781,571787,572306,6,519,2,7200,1.01156069364
571800,571806,572319,6,513,2,7200,1.01169590643
571855,571861,572358,6,497,2,7200,1.01207243461
571874,571882,572341,8,459,2,7200,1.0174291939
571891,571897,572412,6,515,2,7200,1.01165048544
571892,571904,572256,12,352,2,7200,1.03409090909
571908,571914,572413,6,499,2,7200,1.0120240481
571924,571930,572430,6,500,2,7200,1.012
571940,571946,572443,6,497,2,7200,1.01207243461
571956,571962,572493,6,531,2,7200,1.01129943503
571957,571968,572461,11,493,2,7200,1.02231237323
571986,571993,572458,7,465,2,7200,1.01505376344
572008,572015,572537,7,522,2,7200,1.01340996169
572106,572113,572609,7,496,2,7200,1.01411290323
572135,572141,572637,6,496,2,7200,1.01209677419
572202,572209,572703,7,494,2,7200,1.01417004049
572258,572264,572790,6,526,2,7200,1.01140684411
572310,572318,572841,8,523,2,7200,1.01529636711
572326,572333,572827,7,494,2,7200,1.01417004049
572342,572349,572868,7,519,2,7200,1.01348747592
572361,572367,572858,6,491,2,7200,1.01221995927
572417,572423,572909,6,486,2,7200,1.01234567901
572418,572431,572927,13,496,2,7200,1.02620967742
572434,572440,572917,6,477,2,7200,1.01257861635
572449,572457,572960,8,503,2,7200,1.01590457256
572465,572472,572982,7,510,2,7200,1.0137254902
572466,572478,572992,12,514,2,7200,1.0233463035
572497,572504,572974,7,470,2,7200,1.01489361702
572540,572547,573042,7,495,2,7200,1.01414141414
572611,572618,573151,7,533,2,7200,1.01313320826
572642,572649,573136,7,487,2,7200,1.01437371663
572707,572714,573225,7,511,2,7200,1.01369863014
572793,572800,573318,7,518,2,7200,1.01351351351
572830,572837,573313,7,476,2,7200,1.01470588235
572846,572853,573364,7,511,2,7200,1.01369863014
572862,572868,573361,6,493,2,7200,1.0121703854
572877,572884,573418,7,534,2,7200,1.01310861423
572912,572918,573397,6,479,2,7200,1.01252609603
572928,572935,573413,7,478,2,7200,1.01464435146
572929,572942,573432,13,490,2,7200,1.02653061224
572964,572971,573473,7,502,2,7200,1.01394422311
572979,572987,573467,8,480,2,7200,1.01666666667
572996,573002,573525,6,523,2,7200,1.01147227533
572998,573009,573521,11,512,2,7200,1.021484375
573044,573051,573528,7,477,2,7200,1.01467505241
573140,573146,573664,6,518,2,7200,1.01158301158
573155,573162,573669,7,507,2,7200,1.01380670611
573226,573232,573718,6,486,2,7200,1.01234567901
573282,578855,588807,5573,9952,64,14400,1.55998794212
573315,573322,573822,7,500,2,7200,1.014
573331,573337,573713,6,376,2,7200,1.01595744681
573366,573373,573861,7,488,2,7200,1.0143442623
573367,573380,573786,13,406,2,7200,1.03201970443
573402,573409,573922,7,513,2,7200,1.01364522417
573418,573424,573908,6,484,2,7200,1.01239669421
573434,573440,573921,6,481,2,7200,1.01247401247
573436,573446,573860,10,414,2,7200,1.02415458937
573470,573477,573966,7,489,2,7200,1.01431492843
573486,573492,574005,6,513,2,7200,1.01169590643
573523,573530,574016,7,486,2,7200,1.01440329218
573539,573545,574032,6,487,2,7200,1.01232032854
573541,573552,574039,11,487,2,7200,1.02258726899
573667,573674,574170,7,496,2,7200,1.01411290323
573683,573690,574184,7,494,2,7200,1.01417004049
573717,573723,574241,6,518,2,7200,1.01158301158
573733,573739,574230,6,491,2,7200,1.01221995927
573788,573794,574218,6,424,2,7200,1.0141509434
573825,573832,574357,7,525,2,7200,1.01333333333
573863,573869,574345,6,476,2,7200,1.01260504202
573864,573877,574362,13,485,2,7200,1.02680412371
573911,573917,574432,6,515,2,7200,1.01165048544
573927,573934,574470,7,536,2,7200,1.01305970149
573929,573940,574425,11,485,2,7200,1.02268041237
573969,573975,574467,6,492,2,7200,1.01219512195
574006,574012,574520,6,508,2,7200,1.01181102362
574022,574029,574528,7,499,2,7200,1.01402805611
574038,574045,574604,7,559,2,7200,1.01252236136
574054,574060,574575,6,515,2,7200,1.01165048544
574174,574181,574630,7,449,2,7200,1.01559020045
574189,574196,574711,7,515,2,7200,1.01359223301
574221,574228,574708,7,480,2,7200,1.01458333333
574237,574244,574750,7,506,2,7200,1.01383399209
574252,574260,574806,8,546,2,7200,1.01465201465
574347,574354,574877,7,523,2,7200,1.01338432122
574364,574370,574896,6,526,2,7200,1.01140684411
574365,574377,574883,12,506,2,7200,1.02371541502
574427,574433,574935,6,502,2,7200,1.01195219124
574443,574450,574926,7,476,2,7200,1.01470588235
574471,574478,574983,7,505,2,7200,1.01386138614
574473,574485,575007,12,522,2,7200,1.02298850575
574523,574530,575020,7,490,2,7200,1.01428571429
574538,574546,575099,8,553,2,7200,1.01446654611
574579,574585,574996,6,411,2,7200,1.01459854015
574607,574614,575108,7,494,2,7200,1.01417004049
574632,574639,575121,7,482,2,7200,1.01452282158
574712,574720,575188,8,468,2,7200,1.01709401709
574714,574726,575245,12,519,2,7200,1.02312138728
574754,574761,575283,7,522,2,7200,1.01340996169
574810,574817,575310,7,493,2,7200,1.01419878296
574878,574884,575373,6,489,2,7200,1.01226993865
574894,574900,575409,6,509,2,7200,1.01178781925
574909,574917,575442,8,525,2,7200,1.01523809524
574928,574935,575461,7,526,2,7200,1.01330798479
574944,574950,575412,6,462,2,7200,1.01298701299
574984,574990,575515,6,525,2,7200,1.01142857143
575000,575006,575510,6,504,2,7200,1.0119047619
575016,575023,575502,7,479,2,7200,1.01461377871
575032,575039,575527,7,488,2,7200,1.0143442623
575103,575109,575646,6,537,2,7200,1.01117318436
575119,575125,575661,6,536,2,7200,1.01119402985
575135,575141,575648,6,507,2,7200,1.01183431953
575190,575197,575700,7,503,2,7200,1.01391650099
575249,575256,575763,7,507,2,7200,1.01380670611
575286,575292,575757,6,465,2,7200,1.01290322581
575314,575320,575840,6,520,2,7200,1.01153846154
575376,575382,575904,6,522,2,7200,1.01149425287
575413,575420,575929,7,509,2,7200,1.0137524558
575415,575427,575950,12,523,2,7200,1.02294455067
575446,575452,576009,6,557,2,7200,1.01077199282
575465,575472,576014,7,542,2,7200,1.01291512915
575506,575513,576028,7,515,2,7200,1.01359223301
575522,575529,576001,7,472,2,7200,1.01483050847
575523,575535,576067,12,532,2,7200,1.02255639098
575539,575545,576046,6,501,2,7200,1.0119760479
575650,575656,576156,6,500,2,7200,1.012
575651,575663,576165,12,502,2,7200,1.02390438247
575667,575675,576233,8,558,2,7200,1.01433691756
575702,575709,576219,7,510,2,7200,1.0137254902
575760,575766,576271,6,505,2,7200,1.01188118812
575776,575782,576231,6,449,2,7200,1.01336302895
575844,575851,576326,7,475,2,7200,1.01473684211
575906,575913,576440,7,527,2,7200,1.01328273245
575931,575937,576429,6,492,2,7200,1.01219512195
575953,575959,576507,6,548,2,7200,1.01094890511
576005,576012,576524,7,512,2,7200,1.013671875
576021,576028,576541,7,513,2,7200,1.01364522417
576023,576034,576569,11,535,2,7200,1.02056074766
576039,576046,576557,7,511,2,7200,1.01369863014
576054,576062,576448,8,386,2,7200,1.0207253886
576070,576077,576447,7,370,2,7200,1.01891891892
576160,576166,576650,6,484,2,7200,1.01239669421
576175,576182,576674,7,492,2,7200,1.01422764228
576222,576228,576743,6,515,2,7200,1.01165048544
576238,576244,576710,6,466,2,7200,1.01287553648
576240,576252,576767,12,515,2,7200,1.02330097087
576274,576280,576680,6,400,2,7200,1.015
576329,576337,576831,8,494,2,7200,1.01619433198
576431,576438,576966,7,528,2,7200,1.01325757576
576447,576454,576886,7,432,2,7200,1.0162037037
576463,576469,576963,6,494,2,7200,1.01214574899
576465,576477,576989,12,512,2,7200,1.0234375
576511,576517,577014,6,497,2,7200,1.01207243461
576527,576533,577009,6,476,2,7200,1.01260504202
576543,576550,577073,7,523,2,7200,1.01338432122
576562,576569,577107,7,538,2,7200,1.01301115242
576578,576585,577101,7,516,2,7200,1.01356589147
576655,576662,577154,7,492,2,7200,1.01422764228
576677,576683,577186,6,503,2,7200,1.01192842942
576693,576700,577175,7,475,2,7200,1.01473684211
576712,576719,577244,7,525,2,7200,1.01333333333
576746,576753,577276,7,523,2,7200,1.01338432122
576771,576777,577306,6,529,2,7200,1.01134215501
576833,576840,577387,7,547,2,7200,1.01279707495
576888,576895,577372,7,477,2,7200,1.01467505241
576966,576973,577503,7,530,2,7200,1.01320754717
576982,576988,577486,6,498,2,7200,1.01204819277
576998,577005,577459,7,454,2,7200,1.0154185022
577014,577020,577530,6,510,2,7200,1.01176470588
577016,577028,577545,12,517,2,7200,1.02321083172
577078,577084,577591,6,507,2,7200,1.01183431953
577103,577110,577625,7,515,2,7200,1.01359223301
577119,577125,577641,6,516,2,7200,1.01162790698
577156,577162,577641,6,479,2,7200,1.01252609603
577178,577185,577608,7,423,2,7200,1.01654846336
577194,577201,577670,7,469,2,7200,1.01492537313
577246,577253,577720,7,467,2,7200,1.01498929336
577280,577288,577791,8,503,2,7200,1.01590457256
577309,577315,577794,6,479,2,7200,1.01252609603
577373,577381,577870,8,489,2,7200,1.0163599182
577389,577396,577870,7,474,2,7200,1.01476793249
577460,577466,577938,6,472,2,7200,1.01271186441
577488,577494,578011,6,517,2,7200,1.01160541586
577507,577514,578037,7,523,2,7200,1.01338432122
577532,577538,578045,6,507,2,7200,1.01183431953
577548,577554,578039,6,485,2,7200,1.01237113402
577594,577601,578116,7,515,2,7200,1.01359223301
577610,577617,578145,7,528,2,7200,1.01325757576
577629,577636,578125,7,489,2,7200,1.01431492843
577645,577651,578109,6,458,2,7200,1.01310043668
577647,577659,578173,12,514,2,7200,1.0233463035
577672,577679,578215,7,536,2,7200,1.01305970149
577721,577727,578176,6,449,2,7200,1.01336302895
577795,577802,578325,7,523,2,7200,1.01338432122
577797,577809,578340,12,531,2,7200,1.02259887006
577874,577881,578369,7,488,2,7200,1.0143442623
577876,577888,578391,12,503,2,7200,1.02385685885
577941,577948,578434,7,486,2,7200,1.01440329218
578015,578022,578573,7,551,2,7200,1.01270417423
578040,578047,578532,7,485,2,7200,1.01443298969
578042,578054,578566,12,512,2,7200,1.0234375
578058,578064,578612,6,548,2,7200,1.01094890511
578114,578120,578614,6,494,2,7200,1.01214574899
578130,578136,578634,6,498,2,7200,1.01204819277
578131,578142,578684,11,542,2,7200,1.02029520295
578147,578154,578554,7,400,2,7200,1.0175
578176,578183,578719,7,536,2,7200,1.01305970149
578191,578200,578682,9,482,2,7200,1.01867219917
578220,578227,578758,7,531,2,7200,1.0131826742
578327,578334,578828,7,494,2,7200,1.01417004049
578343,578350,578847,7,497,2,7200,1.01408450704
578372,578378,578917,6,539,2,7200,1.01113172542
578394,578401,578895,7,494,2,7200,1.01417004049
578437,578443,578982,6,539,2,7200,1.01113172542
578535,578542,579055,7,513,2,7200,1.01364522417
578557,578563,579112,6,549,2,7200,1.01092896175
578573,578580,579133,7,553,2,7200,1.01265822785
578575,578587,579094,12,507,2,7200,1.02366863905
578604,578611,581703,7,3092,1,7200,1.00226390686
578616,578623,579110,7,487,2,7200,1.01437371663
578617,578630,579123,13,493,2,7200,1.02636916836
578636,578642,579133,6,491,2,7200,1.01221995927
578686,578693,579152,7,459,2,7200,1.01525054466
578687,578700,579129,13,429,2,7200,1.0303030303
578721,578728,579260,7,532,2,7200,1.01315789474
578762,578769,579257,7,488,2,7200,1.0143442623
578833,578840,579360,7,520,2,7200,1.01346153846
578852,578863,579346,11,483,2,7200,1.02277432712
578898,578905,579402,7,497,2,7200,1.01408450704
578920,578928,579465,8,537,2,7200,1.01489757914
578985,578992,579501,7,509,2,7200,1.0137524558
579059,579065,579578,6,513,2,7200,1.01169590643
579096,579102,579599,6,497,2,7200,1.01207243461
579112,579118,579639,6,521,2,7200,1.01151631478
579129,579140,579670,11,530,2,7200,1.02075471698
579130,579148,579619,18,471,2,7200,1.03821656051
579146,579154,579665,8,511,2,7200,1.0156555773
579148,579159,579643,11,484,2,7200,1.02272727273
579150,579166,579642,16,476,2,7200,1.03361344538
579165,579172,579633,7,461,2,7200,1.01518438178
579261,579267,579788,6,521,2,7200,1.01151631478
579262,579275,579710,13,435,2,7200,1.02988505747
579349,579355,579900,6,545,2,7200,1.01100917431
579365,579371,579875,6,504,2,7200,1.0119047619
579405,579411,579887,6,476,2,7200,1.01260504202
579466,579474,579923,8,449,2,7200,1.01781737194
579504,579511,579993,7,482,2,7200,1.01452282158
579580,579588,580078,8,490,2,7200,1.01632653061
579603,579609,580082,6,473,2,7200,1.01268498943
579621,579629,580108,8,479,2,7200,1.01670146138
579637,579645,580115,8,470,2,7200,1.0170212766
579654,579660,580105,6,445,2,7200,1.01348314607
579655,579668,580153,13,485,2,7200,1.02680412371
579657,579673,580182,16,509,2,7200,1.03143418468
579673,579680,580207,7,527,2,7200,1.01328273245
579674,579687,580222,13,535,2,7200,1.02429906542
579712,579723,580160,11,437,2,7200,1.02517162471
579792,579798,580233,6,435,2,7200,1.01379310345
579878,579884,580392,6,508,2,7200,1.01181102362
579894,579900,580433,6,533,2,7200,1.01125703565
579910,579916,580460,6,544,2,7200,1.01102941176
579926,579933,580420,7,487,2,7200,1.01437371663
579996,580003,580476,7,473,2,7200,1.01479915433
580079,580087,580612,8,525,2,7200,1.01523809524
580095,580102,580637,7,535,2,7200,1.01308411215
580111,580118,580602,7,484,2,7200,1.01446280992
580113,580124,580510,11,386,2,7200,1.02849740933
580129,580136,580517,7,381,2,7200,1.01837270341
580157,580163,580646,6,483,2,7200,1.01242236025
580173,580179,580670,6,491,2,7200,1.01221995927
580188,580196,580618,8,422,2,7200,1.01895734597
580211,580218,580752,7,534,2,7200,1.01310861423
580227,580233,580731,6,498,2,7200,1.01204819277
580242,580249,580716,7,467,2,7200,1.01498929336
580396,580402,580897,6,495,2,7200,1.01212121212
580421,580427,580969,6,542,2,7200,1.0110701107
580437,580444,580943,7,499,2,7200,1.01402805611
580462,580469,580993,7,524,2,7200,1.01335877863
580478,580484,581000,6,516,2,7200,1.01162790698
580512,580519,580942,7,423,2,7200,1.01654846336
580528,580534,581053,6,519,2,7200,1.01156069364
580605,580611,581089,6,478,2,7200,1.01255230126
580621,580628,581169,7,541,2,7200,1.01293900185
580622,580635,581126,13,491,2,7200,1.02647657841
580641,580647,581100,6,453,2,7200,1.01324503311
580657,580663,581165,6,502,2,7200,1.01195219124
580673,580680,581202,7,522,2,7200,1.01340996169
580719,580726,581252,7,526,2,7200,1.01330798479
580735,580741,581244,6,503,2,7200,1.01192842942
580754,580761,581243,7,482,2,7200,1.01452282158
580901,580909,581398,8,489,2,7200,1.0163599182
580945,580951,581486,6,535,2,7200,1.01121495327
580947,580958,581427,11,469,2,7200,1.02345415778
580972,580978,581510,6,532,2,7200,1.01127819549
580997,581003,581497,6,494,2,7200,1.01214574899
581013,581020,581498,7,478,2,7200,1.01464435146
581056,581062,581578,6,516,2,7200,1.01162790698
581094,581101,581547,7,446,2,7200,1.01569506726
581109,581117,581490,8,373,2,7200,1.02144772118
581128,581136,581661,8,525,2,7200,1.01523809524
581169,581175,581571,6,396,2,7200,1.01515151515
581184,581191,581672,7,481,2,7200,1.01455301455
581204,581211,581701,7,490,2,7200,1.01428571429
581247,581254,581764,7,510,2,7200,1.0137254902
581249,581261,581773,12,512,2,7200,1.0234375
581265,581271,581789,6,518,2,7200,1.01158301158
581403,581410,581947,7,537,2,7200,1.01303538175
581431,581438,581878,7,440,2,7200,1.01590909091
581490,581496,582005,6,509,2,7200,1.01178781925
581506,581512,582063,6,551,2,7200,1.0108892922
581507,581519,582034,12,515,2,7200,1.02330097087
581509,581524,582043,15,519,2,7200,1.0289017341
581525,581532,582021,7,489,2,7200,1.01431492843
581550,581557,582100,7,543,2,7200,1.01289134438
581576,581583,582089,7,506,2,7200,1.01383399209
581591,581599,582068,8,469,2,7200,1.0170575693
581665,581673,582152,8,479,2,7200,1.01670146138
581681,581687,582106,6,419,2,7200,1.01431980907
581703,581711,582214,8,503,2,7200,1.01590457256
581768,581775,582202,7,427,2,7200,1.01639344262
581784,581791,582326,7,535,2,7200,1.01308411215
581800,581807,582285,7,478,2,7200,1.01464435146
581880,581886,582323,6,437,2,7200,1.01372997712
581948,581954,582479,6,525,2,7200,1.01142857143
582010,582016,582406,6,390,2,7200,1.01538461538
582026,582032,582538,6,506,2,7200,1.01185770751
582042,582048,582560,6,512,2,7200,1.01171875
582057,582065,582615,8,550,2,7200,1.01454545455
582074,582080,582516,6,436,2,7200,1.01376146789
582075,582087,582583,12,496,2,7200,1.02419354839
582091,582097,582597,6,500,2,7200,1.012
582107,582113,582611,6,498,2,7200,1.01204819277
582109,582120,582603,11,483,2,7200,1.02277432712
582155,582162,582593,7,431,2,7200,1.0162412993
582205,582212,582653,7,441,2,7200,1.01587301587
582221,582226,582692,5,466,2,7200,1.01072961373
582289,582295,582820,6,525,2,7200,1.01142857143
582326,582332,582786,6,454,2,7200,1.01321585903
582342,582349,582693,7,344,2,7200,1.02034883721
582410,582415,582854,5,439,2,7200,1.01138952164
582483,582490,582996,7,506,2,7200,1.01383399209
582518,582525,583092,7,567,2,7200,1.01234567901
582540,582546,583017,6,471,2,7200,1.0127388535
582562,582569,583053,7,484,2,7200,1.01446280992
582584,582591,583111,7,520,2,7200,1.01346153846
582600,582606,583095,6,489,2,7200,1.01226993865
582602,582613,583101,11,488,2,7200,1.02254098361
582618,582624,583017,6,393,2,7200,1.01526717557
582619,582630,583112,11,482,2,7200,1.02282157676
582621,582636,583142,15,506,2,7200,1.02964426877
582655,582662,583164,7,502,2,7200,1.01394422311
582696,582703,583183,7,480,2,7200,1.01458333333
582698,582710,583244,12,534,2,7200,1.02247191011
582790,582797,583289,7,492,2,7200,1.01422764228
582815,582821,583336,6,515,2,7200,1.01165048544
582856,582862,583371,6,509,2,7200,1.01178781925
582989,588833,667821,5844,78988,16,144000,1.07398592191
582999,583006,583509,7,503,2,7200,1.01391650099
583019,583025,583530,6,505,2,7200,1.01188118812
583020,583032,583478,12,446,2,7200,1.0269058296
583055,583062,583550,7,488,2,7200,1.0143442623
583095,583102,583600,7,498,2,7200,1.0140562249
583112,583118,583631,6,513,2,7200,1.01169590643
583113,583125,583558,12,433,2,7200,1.02771362587
583115,583130,583649,15,519,2,7200,1.0289017341
583131,583137,583656,6,519,2,7200,1.01156069364
583147,583153,583649,6,496,2,7200,1.01209677419
583166,583173,583676,7,503,2,7200,1.01391650099
583185,583191,583638,6,447,2,7200,1.01342281879
583247,583253,583788,6,535,2,7200,1.01121495327
583293,583299,583824,6,525,2,7200,1.01142857143
583340,583347,583827,7,480,2,7200,1.01458333333
583374,583380,583872,6,492,2,7200,1.01219512195
583481,583488,584014,7,526,2,7200,1.01330798479
583512,583519,584040,7,521,2,7200,1.01343570058
583535,583542,584069,7,527,2,7200,1.01328273245
583554,583561,584052,7,491,2,7200,1.01425661914
583569,583575,584120,6,545,2,7200,1.01100917431
583604,583610,584123,6,513,2,7200,1.01169590643
583635,583642,584109,7,467,2,7200,1.01498929336
583651,583657,584149,6,492,2,7200,1.01219512195
583653,583665,584103,12,438,2,7200,1.02739726027
583654,583670,584114,16,444,2,7200,1.03603603604
583670,583677,584219,7,542,2,7200,1.01291512915
583686,583693,584216,7,523,2,7200,1.01338432122
583733,584984,585383,1251,399,1,7200,4.13533834586
583790,583797,584330,7,533,2,7200,1.01313320826
583828,583835,584382,7,547,2,7200,1.01279707495
583829,583841,584377,12,536,2,7200,1.0223880597
583876,583883,584383,7,500,2,7200,1.014
584016,584024,584533,8,509,2,7200,1.01571709234
584045,584051,584567,6,516,2,7200,1.01162790698
584060,584068,584527,8,459,2,7200,1.0174291939
584076,584083,584611,7,528,2,7200,1.01325757576
584107,584114,584627,7,513,2,7200,1.01364522417
584124,584131,584639,7,508,2,7200,1.01377952756
584125,584138,584625,13,487,2,7200,1.02669404517
584127,584143,584633,16,490,2,7200,1.03265306122
584134,584150,584639,16,489,2,7200,1.0327198364
584153,584160,584630,7,470,2,7200,1.01489361702
584218,584225,584735,7,510,2,7200,1.0137254902
584234,584240,584678,6,438,2,7200,1.01369863014
584332,584339,584899,7,560,2,7200,1.0125
584344,584990,588039,646,3049,1,7200,1.21187274516
584382,584389,584849,7,460,2,7200,1.0152173913
584398,584404,584946,6,542,2,7200,1.0110701107
584400,584411,584879,11,468,2,7200,1.0235042735
584528,584534,585061,6,527,2,7200,1.01138519924
584544,584550,585049,6,499,2,7200,1.0120240481
584569,584576,585067,7,491,2,7200,1.01425661914
584613,584619,585075,6,456,2,7200,1.01315789474
584629,584636,585149,7,513,2,7200,1.01364522417
584631,584643,585174,12,531,2,7200,1.02259887006
584647,584653,585140,6,487,2,7200,1.01232032854
584649,584660,585161,11,501,2,7200,1.02195608782
584650,584665,585186,15,521,2,7200,1.02879078695
584657,584671,585169,14,498,2,7200,1.0281124498
584682,584689,585156,7,467,2,7200,1.01498929336
584738,584745,585211,7,466,2,7200,1.01502145923
584851,584859,585408,8,549,2,7200,1.014571949
584883,584890,585375,7,485,2,7200,1.01443298969
584902,584909,585402,7,493,2,7200,1.01419878296
584948,584955,585370,7,415,2,7200,1.01686746988
585052,585060,585577,8,517,2,7200,1.01547388781
585069,585075,585549,6,474,2,7200,1.01265822785
585071,585082,585615,11,533,2,7200,1.02063789869
585086,585094,585530,8,436,2,7200,1.01834862385
585142,585149,585590,7,441,2,7200,1.01587301587
585158,585164,585709,6,545,2,7200,1.01100917431
585160,585172,585669,12,497,2,7200,1.02414486922
585176,585183,585682,7,499,2,7200,1.01402805611
585178,585190,585656,12,466,2,7200,1.02575107296
585179,585195,585684,16,489,2,7200,1.0327198364
585195,585201,585671,6,470,2,7200,1.01276595745
585214,585222,585723,8,501,2,7200,1.01596806387
585374,585381,585884,7,503,2,7200,1.01391650099
585390,585397,585896,7,499,2,7200,1.01402805611
585406,585412,585878,6,466,2,7200,1.01287553648
585422,585428,585997,6,569,2,7200,1.01054481547
585532,585539,586084,7,545,2,7200,1.0128440367
585551,585558,586076,7,518,2,7200,1.01351351351
585579,585586,586163,7,577,2,7200,1.01213171577
585595,585601,586089,6,488,2,7200,1.01229508197
585617,585623,586181,6,558,2,7200,1.01075268817
585660,585667,586165,7,498,2,7200,1.0140562249
585676,585682,586197,6,515,2,7200,1.01165048544
585678,585688,586199,10,511,2,7200,1.01956947162
585694,585700,586185,6,485,2,7200,1.01237113402
585695,585706,586218,11,512,2,7200,1.021484375
585711,585718,586270,7,552,2,7200,1.01268115942
585727,585733,586253,6,520,2,7200,1.01153846154
585880,585887,586380,7,493,2,7200,1.01419878296
585897,585903,586404,6,501,2,7200,1.0119760479
585898,585910,586412,12,502,2,7200,1.02390438247
586000,586007,586538,7,531,2,7200,1.0131826742
586080,586087,586590,7,503,2,7200,1.01391650099
586096,586102,586561,6,459,2,7200,1.01307189542
586098,586108,586602,10,494,2,7200,1.02024291498
586165,586171,586658,6,487,2,7200,1.01232032854
586181,586188,586632,7,444,2,7200,1.01576576577
586183,586195,586659,12,464,2,7200,1.02586206897
586200,586207,586688,7,481,2,7200,1.01455301455
586201,586214,586718,13,504,2,7200,1.02579365079
586203,586219,586739,16,520,2,7200,1.03076923077
586222,586229,586669,7,440,2,7200,1.01590909091
586256,586262,586689,6,427,2,7200,1.01405152225
586272,586278,586799,6,521,2,7200,1.01151631478
586383,586389,586877,6,488,2,7200,1.01229508197
586408,586414,586915,6,501,2,7200,1.0119760479
586424,586430,586906,6,476,2,7200,1.01260504202
586540,586546,587037,6,491,2,7200,1.01221995927
586562,586569,586916,7,347,2,7200,1.02017291066
586593,586601,587092,8,491,2,7200,1.01629327902
586609,586615,587146,6,531,2,7200,1.01129943503
586634,586640,587158,6,518,2,7200,1.01158301158
586660,586666,587155,6,489,2,7200,1.01226993865
586661,586673,586999,12,326,2,7200,1.03680981595
586677,586683,587184,6,501,2,7200,1.0119760479
586693,586700,587200,7,500,2,7200,1.014
586695,586706,587220,11,514,2,7200,1.02140077821
586720,586727,587241,7,514,2,7200,1.01361867704
586742,586748,587244,6,496,2,7200,1.01209677419
586801,586807,587316,6,509,2,7200,1.01178781925
586881,586887,587409,6,522,2,7200,1.01149425287
586909,586915,587409,6,494,2,7200,1.01214574899
586925,586932,587445,7,513,2,7200,1.01364522417
586927,586938,587468,11,530,2,7200,1.02075471698
587001,587008,587510,7,502,2,7200,1.01394422311
587041,587048,587469,7,421,2,7200,1.01662707838
587093,587100,587590,7,490,2,7200,1.01428571429
587149,587155,587529,6,374,2,7200,1.01604278075
587165,587171,587695,6,524,2,7200,1.01145038168
587167,587178,587669,11,491,2,7200,1.02240325866
587186,587193,587721,7,528,2,7200,1.01325757576
587202,587208,587692,6,484,2,7200,1.01239669421
587224,587230,587756,6,526,2,7200,1.01140684411
587243,587250,587641,7,391,2,7200,1.0179028133
587258,587265,587758,7,493,2,7200,1.01419878296
587320,587326,587856,6,530,2,7200,1.01132075472
587413,587420,587901,7,481,2,7200,1.01455301455
587414,587427,587916,13,489,2,7200,1.02658486708
587449,587455,587933,6,478,2,7200,1.01255230126
587471,587477,587970,6,493,2,7200,1.0121703854
587473,587485,587961,12,476,2,7200,1.02521008403
587513,587519,588063,6,544,2,7200,1.01102941176
587532,587538,588051,6,513,2,7200,1.01169590643
587593,587600,588099,7,499,2,7200,1.01402805611
587646,587653,588129,7,476,2,7200,1.01470588235
587671,587678,588172,7,494,2,7200,1.01417004049
587696,587704,588225,8,521,2,7200,1.01535508637
587698,587711,588192,13,481,2,7200,1.02702702703
587723,587730,588211,7,481,2,7200,1.01455301455
587758,587764,588153,6,389,2,7200,1.01542416452
587774,587780,588271,6,491,2,7200,1.01221995927
587860,587866,588312,6,446,2,7200,1.0134529148
587903,587911,588436,8,525,2,7200,1.01523809524
587919,587925,588431,6,506,2,7200,1.01185770751
587935,587942,588336,7,394,2,7200,1.01776649746
587963,587970,588450,7,480,2,7200,1.01458333333
587979,587986,588516,7,530,2,7200,1.01320754717
588053,588059,588556,6,497,2,7200,1.01207243461
588069,588075,588533,6,458,2,7200,1.01310043668
588100,588106,588637,6,531,2,7200,1.01129943503
588131,588137,588493,6,356,2,7200,1.01685393258
588156,588162,588653,6,491,2,7200,1.01221995927
588172,588178,588672,6,494,2,7200,1.01214574899
588194,588200,588742,6,542,2,7200,1.0110701107
588213,588219,588620,6,401,2,7200,1.01496259352
588229,588235,588697,6,462,2,7200,1.01298701299
588260,591150,598384,2890,7234,2,7200,1.39950235001
588272,588280,588765,8,485,2,7200,1.01649484536
588316,588322,588856,6,534,2,7200,1.01123595506
588338,588344,588799,6,455,2,7200,1.01318681319
588433,588440,588904,7,464,2,7200,1.0150862069
588449,588456,588986,7,530,2,7200,1.01320754717
588465,588472,588981,7,509,2,7200,1.0137524558
588496,588502,589012,6,510,2,7200,1.01176470588
588518,588524,589032,6,508,2,7200,1.01181102362
588534,588540,589013,6,473,2,7200,1.01268498943
588559,588566,589072,7,506,2,7200,1.01383399209
588624,588630,589142,6,512,2,7200,1.01171875
588640,588647,589135,7,488,2,7200,1.0143442623
588656,588662,589085,6,423,2,7200,1.01418439716
588675,588682,589167,7,485,2,7200,1.01443298969
588700,588706,589222,6,516,2,7200,1.01162790698
588747,588754,589279,7,525,2,7200,1.01333333333
588769,588775,589271,6,496,2,7200,1.01209677419
588803,588810,589332,7,522,2,7200,1.01340996169
588824,606187,623666,17363,17479,32,28800,1.99336346473
588859,588866,589342,7,476,2,7200,1.01470588235
588908,588915,589396,7,481,2,7200,1.01455301455
588986,588993,589478,7,485,2,7200,1.01443298969
589001,589009,589502,8,493,2,7200,1.01622718053
589018,589024,589514,6,490,2,7200,1.01224489796
589019,589031,589520,12,489,2,7200,1.0245398773
589035,589042,589499,7,457,2,7200,1.01531728665
589076,589083,589597,7,514,2,7200,1.01361867704
589092,589098,589608,6,510,2,7200,1.01176470588
589138,589144,589689,6,545,2,7200,1.01100917431
589154,589161,589671,7,510,2,7200,1.0137254902
589170,589176,589692,6,516,2,7200,1.01162790698
589226,589233,589736,7,503,2,7200,1.01391650099
589272,589278,589770,6,492,2,7200,1.01219512195
589288,589294,589779,6,485,2,7200,1.01237113402
589335,589341,589875,6,534,2,7200,1.01123595506
589350,589357,589914,7,557,2,7200,1.01256732496
589400,589406,589870,6,464,2,7200,1.01293103448
589480,589486,589967,6,481,2,7200,1.01247401247
589502,589509,589969,7,460,2,7200,1.0152173913
589504,589516,590054,12,538,2,7200,1.02230483271
589520,589526,590050,6,524,2,7200,1.01145038168
589522,589532,590020,10,488,2,7200,1.02049180328
589602,589608,590135,6,527,2,7200,1.01138519924
589618,589624,590134,6,510,2,7200,1.01176470588
589673,589680,590184,7,504,2,7200,1.01388888889
589693,589699,590224,6,525,2,7200,1.01142857143
589694,589705,590171,11,466,2,7200,1.02360515021
589738,589744,590254,6,510,2,7200,1.01176470588
589772,589778,590298,6,520,2,7200,1.01153846154
589788,589794,590293,6,499,2,7200,1.0120240481
589874,589880,590400,6,520,2,7200,1.01153846154
589890,589896,590259,6,363,2,7200,1.01652892562
589918,589925,590429,7,504,2,7200,1.01388888889
589971,589977,590460,6,483,2,7200,1.01242236025
589973,589984,590497,11,513,2,7200,1.02144249513
590022,590028,590550,6,522,2,7200,1.01149425287
590054,590060,590582,6,522,2,7200,1.01149425287
590070,590077,590597,7,520,2,7200,1.01346153846
590138,590144,590581,6,437,2,7200,1.01372997712
590139,590150,590629,11,479,2,7200,1.02296450939
590174,590180,590652,6,472,2,7200,1.01271186441
590190,590195,590732,5,537,2,7200,1.00931098696
590227,590233,590723,6,490,2,7200,1.01224489796
590255,590261,590774,6,513,2,7200,1.01169590643
590271,590277,590783,6,506,2,7200,1.01185770751
590296,590302,590832,6,530,2,7200,1.01132075472
590312,590318,590831,6,513,2,7200,1.01169590643
590401,590407,590942,6,535,2,7200,1.01121495327
590433,590439,590950,6,511,2,7200,1.01174168297
590464,590470,590938,6,468,2,7200,1.01282051282
590495,590501,590987,6,486,2,7200,1.01234567901
590554,590560,591080,6,520,2,7200,1.01153846154
590585,590591,591100,6,509,2,7200,1.01178781925
590587,590597,591108,10,511,2,7200,1.01956947162
590603,590608,591094,5,486,2,7200,1.01028806584
590631,590637,591130,6,493,2,7200,1.0121703854
590656,590662,591178,6,516,2,7200,1.01162790698
590727,590733,591273,6,540,2,7200,1.01111111111
590743,590749,591250,6,501,2,7200,1.0119760479
590777,590783,591254,6,471,2,7200,1.0127388535
590793,590799,591304,6,505,2,7200,1.01188118812
590833,590840,591344,7,504,2,7200,1.01388888889
590835,590846,591280,11,434,2,7200,1.02534562212
590943,590949,591450,6,501,2,7200,1.0119760479
590944,590957,591459,13,502,2,7200,1.02589641434
590960,590967,591482,7,515,2,7200,1.01359223301
590989,590995,591519,6,524,2,7200,1.01145038168
591084,591090,591595,6,505,2,7200,1.01188118812
591100,591106,591621,6,515,2,7200,1.01165048544
591116,591122,591522,6,400,2,7200,1.015
591118,591129,591655,11,526,2,7200,1.02091254753
591134,591140,591594,6,454,2,7200,1.01321585903
591180,591187,591685,7,498,2,7200,1.0140562249
591254,591261,591727,7,466,2,7200,1.01502145923
591256,591267,591821,11,554,2,7200,1.01985559567
591272,591278,591820,6,542,2,7200,1.0110701107
591288,591294,591805,6,511,2,7200,1.01174168297
591307,591313,591814,6,501,2,7200,1.0119760479
591348,591354,591843,6,489,2,7200,1.01226993865
591455,591461,591953,6,492,2,7200,1.01219512195
591471,591477,591970,6,493,2,7200,1.0121703854
591487,591493,592021,6,528,2,7200,1.01136363636
591521,591527,592016,6,489,2,7200,1.01226993865
591537,591543,592056,6,513,2,7200,1.01169590643
591599,591605,592131,6,526,2,7200,1.01140684411
591600,591611,592099,11,488,2,7200,1.02254098361
591622,591628,592120,6,492,2,7200,1.01219512195
591657,591663,592169,6,506,2,7200,1.01185770751
591688,591694,592234,6,540,2,7200,1.01111111111
591729,591735,592248,6,513,2,7200,1.01169590643
591809,591815,592306,6,491,2,7200,1.01221995927
591825,591831,592315,6,484,2,7200,1.01239669421
591827,591837,592341,10,504,2,7200,1.01984126984
591828,591843,592355,15,512,2,7200,1.029296875
591847,591853,592341,6,488,2,7200,1.01229508197
591877,592256,592258,379,2,2,3540,38.1
591955,591961,592488,6,527,2,7200,1.01138519924
591974,591980,592469,6,489,2,7200,1.01226993865
592017,592024,592528,7,504,2,7200,1.01388888889
592033,592039,592501,6,462,2,7200,1.01298701299
592058,592065,592560,7,495,2,7200,1.01414141414
592102,592108,592597,6,489,2,7200,1.01226993865
592124,592130,592491,6,361,2,7200,1.01662049861
592140,592146,592622,6,476,2,7200,1.01260504202
592171,592177,592695,6,518,2,7200,1.01158301158
592233,592240,592744,7,504,2,7200,1.01388888889
592252,592263,592750,11,487,2,7200,1.02258726899
592311,592318,592829,7,511,2,7200,1.01369863014
592327,592334,592858,7,524,2,7200,1.01335877863
592343,592350,592865,7,515,2,7200,1.01359223301
592345,592357,592863,12,506,2,7200,1.02371541502
592361,592367,592884,6,517,2,7200,1.01160541586
592471,592477,592981,6,504,2,7200,1.0119047619
592490,592497,592961,7,464,2,7200,1.0150862069
592506,592512,592950,6,438,2,7200,1.01369863014
592508,592519,593034,11,515,2,7200,1.0213592233
592530,592537,593055,7,518,2,7200,1.01351351351
592561,592568,593072,7,504,2,7200,1.01388888889
592602,592608,593123,6,515,2,7200,1.01165048544
592627,592633,593157,6,524,2,7200,1.01145038168
592698,592704,593211,6,507,2,7200,1.01183431953
592748,592754,593322,6,568,2,7200,1.01056338028
592764,592770,593298,6,528,2,7200,1.01136363636
592832,592838,593395,6,557,2,7200,1.01077199282
592863,592869,593378,6,509,2,7200,1.01178781925
592879,592886,593417,7,531,2,7200,1.0131826742
592880,592892,593391,12,499,2,7200,1.02404809619
592896,592902,593291,6,389,2,7200,1.01542416452
592952,592958,593491,6,533,2,7200,1.01125703565
592968,592974,593482,6,508,2,7200,1.01181102362
592984,592990,593508,6,518,2,7200,1.01158301158
593036,593042,593586,6,544,2,7200,1.01102941176
593058,593064,593559,6,495,2,7200,1.01212121212
593074,593080,593578,6,498,2,7200,1.01204819277
593123,593130,593612,7,482,2,7200,1.01452282158
593161,593167,593672,6,505,2,7200,1.01188118812
593214,593221,593745,7,524,2,7200,1.01335877863
593294,593300,593801,6,501,2,7200,1.0119760479
593309,593316,593828,7,512,2,7200,1.013671875
593325,593331,593821,6,490,2,7200,1.01224489796
593381,593387,593881,6,494,2,7200,1.01214574899
593397,593403,593894,6,491,2,7200,1.01221995927
593399,593410,593945,11,535,2,7200,1.02056074766
593421,593427,593888,6,461,2,7200,1.01301518438
593485,593492,593854,7,362,2,7200,1.01933701657
593501,593507,593961,6,454,2,7200,1.01321585903
593517,593523,594036,6,513,2,7200,1.01169590643
593561,593567,593989,6,422,2,7200,1.01421800948
593583,593589,594095,6,506,2,7200,1.01185770751
593598,593605,594097,7,492,2,7200,1.01422764228
593614,593621,594145,7,524,2,7200,1.01335877863
593676,593682,594178,6,496,2,7200,1.01209677419
593747,598910,598923,5163,13,4,361800,398.153846154
593750,593756,594236,6,480,2,7200,1.0125
593806,593812,594277,6,465,2,7200,1.01290322581
593825,593831,594380,6,549,2,7200,1.01092896175
593841,593847,594356,6,509,2,7200,1.01178781925
593857,593863,594353,6,490,2,7200,1.01224489796
593885,593891,594351,6,460,2,7200,1.01304347826
593901,593907,594438,6,531,2,7200,1.01129943503
593903,593914,594343,11,429,2,7200,1.02564102564
593949,593955,594380,6,425,2,7200,1.01411764706
593965,593971,594486,6,515,2,7200,1.01165048544
593993,593999,594482,6,483,2,7200,1.01242236025
594040,594046,594561,6,515,2,7200,1.01165048544
594099,594105,594653,6,548,2,7200,1.01094890511
594101,594112,594607,11,495,2,7200,1.02222222222
594147,594153,594665,6,512,2,7200,1.01171875
594181,594188,594705,7,517,2,7200,1.01353965184
594240,594246,594723,6,477,2,7200,1.01257861635
594280,594286,594825,6,539,2,7200,1.01113172542
594345,594351,594853,6,502,2,7200,1.01195219124
594361,594368,594880,7,512,2,7200,1.013671875
594363,594374,594880,11,506,2,7200,1.02173913043
594364,594380,594899,16,519,2,7200,1.03082851638
594384,594391,594907,7,516,2,7200,1.01356589147
594385,594398,594860,13,462,2,7200,1.02813852814
594441,594447,594950,6,503,2,7200,1.01192842942
594484,594491,595048,7,557,2,7200,1.01256732496
594500,594506,595029,6,523,2,7200,1.01147227533
594562,594568,595075,6,507,2,7200,1.01183431953
594612,594618,595144,6,526,2,7200,1.01140684411
594655,594661,595188,6,527,2,7200,1.01138519924
594671,594677,595198,6,521,2,7200,1.01151631478
594709,594715,595244,6,529,2,7200,1.01134215501
594725,594731,595234,6,503,2,7200,1.01192842942
594829,594836,595328,7,492,2,7200,1.01422764228
594854,594860,595350,6,490,2,7200,1.01224489796
594870,594876,595385,6,509,2,7200,1.01178781925
594886,594892,595381,6,489,2,7200,1.01226993865
594888,594899,595371,11,472,2,7200,1.02330508475
594904,594910,595414,6,504,2,7200,1.0119047619
594919,594926,595439,7,513,2,7200,1.01364522417
594954,594960,595475,6,515,2,7200,1.01165048544
595017,603452,607188,8435,3736,6,3600,3.25776231263
595031,595037,595552,6,515,2,7200,1.01165048544
595050,595056,595521,6,465,2,7200,1.01290322581
595078,595084,595583,6,499,2,7200,1.0120240481
595146,595152,595673,6,521,2,7200,1.01151631478
595192,595198,595670,6,472,2,7200,1.01271186441
595208,595214,595718,6,504,2,7200,1.0119047619
595236,595242,595741,6,499,2,7200,1.0120240481
595252,595258,595746,6,488,2,7200,1.01229508197
595332,595338,595735,6,397,2,7200,1.01511335013
595354,595361,595874,7,513,2,7200,1.01364522417
595373,595379,595922,6,543,2,7200,1.01104972376
595389,595395,595928,6,533,2,7200,1.01125703565
595390,595401,595878,11,477,2,7200,1.02306079665
595418,595425,595922,7,497,2,7200,1.01408450704
595443,595450,596006,7,556,2,7200,1.01258992806
595478,595484,596010,6,526,2,7200,1.01140684411
595524,595530,596080,6,550,2,7200,1.01090909091
595555,595562,596098,7,536,2,7200,1.01305970149
595587,595593,596049,6,456,2,7200,1.01315789474
595673,595679,596170,6,491,2,7200,1.01221995927
595689,595695,596154,6,459,2,7200,1.01307189542
595720,595726,596250,6,524,2,7200,1.01145038168
595739,595745,596223,6,478,2,7200,1.01255230126
595755,595761,596308,6,547,2,7200,1.01096892139
595757,595767,596188,10,421,2,7200,1.02375296912
595877,595884,596377,7,493,2,7200,1.01419878296
595892,595898,596279,6,381,2,7200,1.0157480315
595924,595930,596448,6,518,2,7200,1.01158301158
595926,595937,596407,11,470,2,7200,1.02340425532
595942,595949,596483,7,534,2,7200,1.01310861423
596010,596016,596517,6,501,2,7200,1.0119760479
596011,596023,596496,12,473,2,7200,1.02536997886
596052,596058,596554,6,496,2,7200,1.01209677419
596083,596090,596603,7,513,2,7200,1.01364522417
596102,596109,596624,7,515,2,7200,1.01359223301
596155,596161,596578,6,417,2,7200,1.01438848921
596174,596181,596660,7,479,2,7200,1.01461377871
596190,596197,596702,7,505,2,7200,1.01386138614
596225,596231,596735,6,504,2,7200,1.0119047619
596253,596259,596764,6,505,2,7200,1.01188118812
596281,596288,596679,7,391,2,7200,1.0179028133
596309,596315,596835,6,520,2,7200,1.01153846154
596380,596386,596889,6,503,2,7200,1.01192842942
596411,596417,596899,6,482,2,7200,1.01244813278
596451,596457,596946,6,489,2,7200,1.01226993865
596485,596491,596970,6,479,2,7200,1.01252609603
596501,596507,597054,6,547,2,7200,1.01096892139
596520,596526,597016,6,490,2,7200,1.01224489796
596557,596563,597003,6,440,2,7200,1.01363636364
596582,596588,597121,6,533,2,7200,1.01125703565
596607,596613,597116,6,503,2,7200,1.01192842942
596625,596632,596957,7,325,2,7200,1.02153846154
596663,596669,597154,6,485,2,7200,1.01237113402
596681,596687,597106,6,419,2,7200,1.01431980907
596706,596712,597230,6,518,2,7200,1.01158301158
596737,596743,597227,6,484,2,7200,1.01239669421
596768,596774,597288,6,514,2,7200,1.01167315175
596839,596845,597350,6,505,2,7200,1.01188118812
596891,596897,597450,6,553,2,7200,1.01084990958
596907,596914,597402,7,488,2,7200,1.0143442623
596950,596956,597463,6,507,2,7200,1.01183431953
596966,596972,597486,6,514,2,7200,1.01167315175
596982,596988,597504,6,516,2,7200,1.01162790698
597007,597013,597423,6,410,2,7200,1.01463414634
597022,597029,597555,7,526,2,7200,1.01330798479
597057,597063,597564,6,501,2,7200,1.0119760479
597109,597116,597628,7,512,2,7200,1.013671875
597126,597131,597585,5,454,2,7200,1.01101321586
597127,597138,597680,11,542,2,7200,1.02029520295
597158,597165,597672,7,507,2,7200,1.01380670611
597230,597236,597706,6,470,2,7200,1.01276595745
597246,597252,597767,6,515,2,7200,1.01165048544
597289,597295,597805,6,510,2,7200,1.01176470588
597354,597360,597883,6,523,2,7200,1.01147227533
597404,597410,597919,6,509,2,7200,1.01178781925
597426,597432,597928,6,496,2,7200,1.01209677419
597451,597457,597957,6,500,2,7200,1.012
597467,597473,597974,6,501,2,7200,1.0119760479
597489,597495,597987,6,492,2,7200,1.01219512195
597508,597515,598025,7,510,2,7200,1.0137254902
597557,597564,598087,7,523,2,7200,1.01338432122
597573,597579,598102,6,523,2,7200,1.01147227533
597589,597595,598102,6,507,2,7200,1.01183431953
597633,597639,598110,6,471,2,7200,1.0127388535
597676,597682,598171,6,489,2,7200,1.01226993865
597692,597698,598220,6,522,2,7200,1.01149425287
597708,597714,598192,6,478,2,7200,1.01255230126
597770,597776,598292,6,516,2,7200,1.01162790698
597807,597813,598388,6,575,2,7200,1.01043478261
597887,597893,598392,6,499,2,7200,1.0120240481
597921,597927,598433,6,506,2,7200,1.01185770751
597937,597943,598447,6,504,2,7200,1.0119047619
597959,597965,598498,6,533,2,7200,1.01125703565
597975,597982,598360,7,378,2,7200,1.01851851852
597991,597997,598497,6,500,2,7200,1.012
598029,598035,598535,6,500,2,7200,1.012
598090,598098,598626,8,528,2,7200,1.01515151515
598107,598113,598666,6,553,2,7200,1.01084990958
598108,598119,598580,11,461,2,7200,1.02386117137
598124,598130,598632,6,502,2,7200,1.01195219124
598174,598180,598696,6,516,2,7200,1.01162790698
598196,598202,598718,6,516,2,7200,1.01162790698
598224,598230,598767,6,537,2,7200,1.01117318436
598295,598301,598777,6,476,2,7200,1.01260504202
598363,598369,598939,6,570,2,7200,1.01052631579
598391,598397,598897,6,500,2,7200,1.012
598407,598413,598893,6,480,2,7200,1.0125
598435,598441,598923,6,482,2,7200,1.01244813278
598451,598457,598952,6,495,2,7200,1.01212121212
598500,598507,599053,7,546,2,7200,1.01282051282
598502,598515,598973,13,458,2,7200,1.02838427948
598537,598543,599066,6,523,2,7200,1.01147227533
598583,598589,599064,6,475,2,7200,1.01263157895
598630,598636,599135,6,499,2,7200,1.0120240481
598646,598652,599142,6,490,2,7200,1.01224489796
598668,598674,599185,6,511,2,7200,1.01174168297
598699,598705,599162,6,457,2,7200,1.01312910284
598721,598727,599260,6,533,2,7200,1.01125703565
598771,598777,599235,6,458,2,7200,1.01310043668
598786,598793,599306,7,513,2,7200,1.01364522417
598897,598903,599412,6,509,2,7200,1.01178781925
598899,598916,599394,17,478,2,7200,1.03556485356
598927,598933,599414,6,481,2,7200,1.01247401247
598943,598949,599469,6,520,2,7200,1.01153846154
598959,598965,599484,6,519,2,7200,1.01156069364
598975,598981,599499,6,518,2,7200,1.01158301158
599055,599061,599575,6,514,2,7200,1.01167315175
599071,599077,599575,6,498,2,7200,1.01204819277
599073,599083,599572,10,489,2,7200,1.02044989775
599137,599144,599659,7,515,2,7200,1.01359223301
599153,599160,599682,7,522,2,7200,1.01340996169
599169,599175,599669,6,494,2,7200,1.01214574899
599188,599194,599762,6,568,2,7200,1.01056338028
599238,599244,599764,6,520,2,7200,1.01153846154
599263,599269,599803,6,534,2,7200,1.01123595506
599310,599316,599859,6,543,2,7200,1.01104972376
599396,599402,599901,6,499,2,7200,1.0120240481
599415,599422,599878,7,456,2,7200,1.01535087719
599417,599429,599922,12,493,2,7200,1.02434077079
599473,599479,599950,6,471,2,7200,1.0127388535
599489,599495,599997,6,502,2,7200,1.01195219124
599505,599511,600039,6,528,2,7200,1.01136363636
599576,599582,600082,6,500,2,7200,1.012
599578,599588,600113,10,525,2,7200,1.01904761905
599579,599594,600086,15,492,2,7200,1.03048780488
599663,599669,600064,6,395,2,7200,1.01518987342
599679,599686,600168,7,482,2,7200,1.01452282158
599695,599701,600191,6,490,2,7200,1.01224489796
599763,599769,600272,6,503,2,7200,1.01192842942
599779,599785,600296,6,511,2,7200,1.01174168297
599807,599814,600284,7,470,2,7200,1.01489361702
599863,599870,600367,7,497,2,7200,1.01408450704
599882,599889,600296,7,407,2,7200,1.0171990172
599904,599910,600432,6,522,2,7200,1.01149425287
599927,599934,600449,7,515,2,7200,1.01359223301
599952,599959,600317,7,358,2,7200,1.01955307263
599998,600005,600576,7,571,2,7200,1.0122591944
600042,600048,600500,6,452,2,7200,1.01327433628
600067,600073,600565,6,492,2,7200,1.01219512195
600087,600093,600615,6,522,2,7200,1.01149425287
600088,600099,600610,11,511,2,7200,1.02152641879
600117,600123,600625,6,502,2,7200,1.01195219124
600172,600179,600705,7,526,2,7200,1.01330798479
600194,600201,600729,7,528,2,7200,1.01325757576
600275,600281,600824,6,543,2,7200,1.01104972376
600291,600296,600797,5,501,2,7200,1.00998003992
600307,600313,600817,6,504,2,7200,1.0119047619
600309,600319,600871,10,552,2,7200,1.01811594203
600324,600331,600791,7,460,2,7200,1.0152173913
600371,600377,600893,6,516,2,7200,1.01162790698
600436,600442,600969,6,527,2,7200,1.01138519924
600452,600458,600963,6,505,2,7200,1.01188118812
600501,600507,601021,6,514,2,7200,1.01167315175
600569,600575,601130,6,555,2,7200,1.01081081081
600585,600591,601138,6,547,2,7200,1.01096892139
600613,600619,601130,6,511,2,7200,1.01174168297
600629,600635,601135,6,500,2,7200,1.012
600631,600641,601143,10,502,2,7200,1.01992031873
600708,600715,601227,7,512,2,7200,1.013671875
600733,600739,601251,6,512,2,7200,1.01171875
600795,600801,601251,6,450,2,7200,1.01333333333
600811,600817,601298,6,481,2,7200,1.01247401247
600827,600833,601321,6,488,2,7200,1.01229508197
600828,600840,601351,12,511,2,7200,1.02348336595
600875,600881,601355,6,474,2,7200,1.01265822785
600897,600903,601424,6,521,2,7200,1.01151631478
600965,600972,601480,7,508,2,7200,1.01377952756
600981,600987,601414,6,427,2,7200,1.01405152225
601025,601031,601540,6,509,2,7200,1.01178781925
601132,601138,601623,6,485,2,7200,1.01237113402
601134,601145,601672,11,527,2,7200,1.02087286528
601150,601156,601616,6,460,2,7200,1.01304347826
601152,601163,601646,11,483,2,7200,1.02277432712
601153,601169,601658,16,489,2,7200,1.0327198364
601230,601236,601743,6,507,2,7200,1.01183431953
601249,601255,601740,6,485,2,7200,1.01237113402
601251,601262,601810,11,548,2,7200,1.0200729927
601300,601307,601838,7,531,2,7200,1.0131826742
601323,601329,601759,6,430,2,7200,1.01395348837
601354,601360,601877,6,517,2,7200,1.01160541586
601370,601376,601854,6,478,2,7200,1.01255230126
601416,601423,601935,7,512,2,7200,1.013671875
601432,601438,601909,6,471,2,7200,1.0127388535
601482,601488,602030,6,542,2,7200,1.0110701107
601544,601550,602036,6,486,2,7200,1.01234567901
601621,601627,602116,6,489,2,7200,1.01226993865
601637,601643,602111,6,468,2,7200,1.01282051282
601653,601658,602160,5,502,2,7200,1.00996015936
601669,601675,602138,6,463,2,7200,1.01295896328
601684,601691,602159,7,468,2,7200,1.01495726496
601743,601750,602242,7,492,2,7200,1.01422764228
601745,601756,602216,11,460,2,7200,1.02391304348
601761,601767,602242,6,475,2,7200,1.01263157895
601814,601821,602338,7,517,2,7200,1.01353965184
601842,601848,602229,6,381,2,7200,1.0157480315
601858,601864,602360,6,496,2,7200,1.01209677419
601880,601886,602380,6,494,2,7200,1.01214574899
601911,601918,602391,7,473,2,7200,1.01479915433
601937,601943,602481,6,538,2,7200,1.01115241636
602032,602038,602546,6,508,2,7200,1.01181102362
602048,602054,602563,6,509,2,7200,1.01178781925
602116,602122,602641,6,519,2,7200,1.01156069364
602132,602138,602639,6,501,2,7200,1.0119760479
602148,602154,602570,6,416,2,7200,1.01442307692
602164,602170,602523,6,353,2,7200,1.01699716714
602165,602176,602723,11,547,2,7200,1.02010968921
602218,602224,602689,6,465,2,7200,1.01290322581
602234,602240,602747,6,507,2,7200,1.01183431953
602250,602256,602741,6,485,2,7200,1.01237113402
602252,602262,602748,10,486,2,7200,1.02057613169
602341,602347,602866,6,519,2,7200,1.01156069364
602363,602369,602888,6,519,2,7200,1.01156069364
602382,602389,602875,7,486,2,7200,1.01440329218
602398,602404,602896,6,492,2,7200,1.01219512195
602484,602490,602985,6,495,2,7200,1.01212121212
602527,602534,603077,7,543,2,7200,1.01289134438
602550,602556,603024,6,468,2,7200,1.01282051282
602566,602572,603001,6,429,2,7200,1.01398601399
602581,602588,603088,7,500,2,7200,1.014
602618,602907,602914,289,7,1,240,29.6
602643,602649,603159,6,510,2,7200,1.01176470588
602645,602657,603134,12,477,2,7200,1.0251572327
602691,602698,603198,7,500,2,7200,1.014
602726,602732,603233,6,501,2,7200,1.0119760479
602745,602751,603218,6,467,2,7200,1.01284796574
602761,602768,603264,7,496,2,7200,1.01411290323
602763,602774,603263,11,489,2,7200,1.02249488753
602870,602877,603387,7,510,2,7200,1.0137254902
602886,602892,603364,6,472,2,7200,1.01271186441
602902,602913,603416,11,503,2,7200,1.02186878728
602904,602919,603277,15,358,2,7200,1.04189944134
602987,602993,603479,6,486,2,7200,1.01234567901
603003,603009,603516,6,507,2,7200,1.01183431953
603025,603033,603571,8,538,2,7200,1.01486988848
603081,603087,603592,6,505,2,7200,1.01188118812
603097,603103,603593,6,490,2,7200,1.01224489796
603138,603144,603612,6,468,2,7200,1.01282051282
603163,603170,603660,7,490,2,7200,1.01428571429
603200,603207,603729,7,522,2,7200,1.01340996169
603220,603227,603721,7,494,2,7200,1.01417004049
603236,603242,603706,6,464,2,7200,1.01293103448
603267,603274,603816,7,542,2,7200,1.01291512915
603269,603280,603769,11,489,2,7200,1.02249488753
603285,603291,603788,6,497,2,7200,1.01207243461
603368,603374,603924,6,550,2,7200,1.01090909091
603390,603397,603883,7,486,2,7200,1.01440329218
603418,603424,603914,6,490,2,7200,1.01224489796
603483,603489,603970,6,481,2,7200,1.01247401247
603517,603525,604029,8,504,2,7200,1.01587301587
603573,603579,604080,6,501,2,7200,1.0119760479
603595,603603,604073,8,470,2,7200,1.0170212766
603597,603609,604136,12,527,2,7200,1.02277039848
603616,603623,604141,7,518,2,7200,1.01351351351
603663,603669,604194,6,525,2,7200,1.01142857143
603709,603715,604210,6,495,2,7200,1.01212121212
603725,603731,604233,6,502,2,7200,1.01195219124
603741,603747,604256,6,509,2,7200,1.01178781925
603772,603778,604297,6,519,2,7200,1.01156069364
603791,603797,604255,6,458,2,7200,1.01310043668
603819,603825,604326,6,501,2,7200,1.0119760479
603887,603893,604381,6,488,2,7200,1.01229508197
603918,603924,604439,6,515,2,7200,1.01165048544
603934,603940,604441,6,501,2,7200,1.0119760479
603971,603977,604450,6,473,2,7200,1.01268498943
604033,604039,604562,6,523,2,7200,1.01147227533
604076,604083,604589,7,506,2,7200,1.01383399209
604092,604098,604547,6,449,2,7200,1.01336302895
604139,604145,604630,6,485,2,7200,1.01237113402
604155,604161,604660,6,499,2,7200,1.0120240481
604195,604201,604663,6,462,2,7200,1.01298701299
604214,604220,604719,6,499,2,7200,1.0120240481
604236,604242,604743,6,501,2,7200,1.0119760479
604258,604265,604755,7,490,2,7200,1.01428571429
604260,604272,604775,12,503,2,7200,1.02385685885
604300,604307,604861,7,554,2,7200,1.01263537906
604328,604335,604843,7,508,2,7200,1.01377952756
604384,604390,604856,6,466,2,7200,1.01287553648
604443,604449,604885,6,436,2,7200,1.01376146789
604445,604455,604946,10,491,2,7200,1.02036659878
604461,604467,604932,6,465,2,7200,1.01290322581
604550,604556,605048,6,492,2,7200,1.01219512195
604566,604572,605035,6,463,2,7200,1.01295896328
604594,604600,605099,6,499,2,7200,1.0120240481
604631,604637,605110,6,473,2,7200,1.01268498943
604663,604669,605222,6,553,2,7200,1.01084990958
604678,604685,605181,7,496,2,7200,1.01411290323
604722,604728,605242,6,514,2,7200,1.01167315175
604747,604753,605312,6,559,2,7200,1.01073345259
604763,604769,605260,6,491,2,7200,1.01221995927
604779,604785,605304,6,519,2,7200,1.01156069364
