SubmitTime,StartTime,EndTime,QueuedTime,RunTime,NodesRequested,walltime,bslowdown
139,145,268,6,123,4,3540,1.0487804878
309,316,789,7,473,4,3540,1.01479915433
360,367,488,7,121,1,3540,1.05785123967
3106,3112,85337,6,82225,30,504000,1.00007297051
3193,3200,3392,7,192,4,7200,1.03645833333
5963,285697,421303,279734,135606,4,345600,3.06284382697
7761,7768,7891,7,123,16,3600,1.05691056911
8665,8672,8678,7,6,1,3600,1.3
8795,8802,8908,7,106,1,3600,1.06603773585
8974,8980,44999,6,36019,16,36000,1.00016657875
9041,9047,9292,6,245,1,3600,1.02448979592
9540,9547,10104,7,557,1,3600,1.01256732496
10625,10632,10640,7,8,1,3600,1.5
10758,10765,10843,7,78,1,3600,1.08974358974
10977,10983,11210,6,227,1,3600,1.02643171806
11512,11518,11970,6,452,1,3600,1.01327433628
12221,12227,12234,6,7,1,1800,1.3
12374,12382,12452,8,70,1,1800,1.11428571429
12650,12657,12746,7,89,1,1800,1.07865168539
12697,12704,12779,7,75,1,3600,1.09333333333
12911,12917,13134,6,217,1,3600,1.02764976959
13179,13185,13567,6,382,1,1800,1.01570680628
13424,13431,13864,7,433,1,3600,1.01616628176
14194,14201,14206,7,5,1,1800,1.2
14351,14359,14395,8,36,1,1800,1.22222222222
14598,14605,14676,7,71,1,1800,1.0985915493
15254,15261,15508,7,247,1,1800,1.02834008097
28898,28904,101008,6,72104,4,72060,1.00008321314
29017,29027,101067,10,72040,4,72000,1.00013881177
29247,29254,65348,7,36094,4,36060,1.00019393805
29395,29402,101746,7,72344,4,72300,1.00009675992
34494,34501,42057,7,7556,4,21600,1.00092641609
36285,285702,789740,249417,504038,6,504000,1.49483769081
36403,285707,789708,249304,504001,6,504000,1.4946498122
36582,36589,46864,7,10275,1,216000,1.00068126521
44331,44337,44338,6,1,8,57600,1.0
44515,44521,44524,6,3,8,57600,1.0
46484,46491,60534,7,14043,4,21600,1.00049846899
51604,51611,114500,7,62889,1,172800,1.00011130722
51698,51705,118632,7,66927,1,172800,1.00010459157
51701,51712,51719,11,7,1,172800,1.8
51768,51775,118317,7,66542,1,172800,1.00010519672
51781,51788,117315,7,65527,1,172800,1.00010682619
51832,51838,102799,6,50961,1,172800,1.00011773709
51842,51850,97475,8,45625,1,172800,1.00017534247
51874,51882,113680,8,61798,1,172800,1.00012945403
52100,52107,67864,7,15757,1,129600,1.000444247
52145,52151,69667,6,17516,1,129600,1.00034254396
52215,52222,63907,7,11685,1,129600,1.00059905862
52260,52268,52797,8,529,1,129600,1.01512287335
54997,55004,78047,7,23043,1,129600,1.00030377989
55890,285713,298269,229823,12556,4,345600,19.3038388022
56320,56327,154783,7,98456,1,129600,1.00007109775
65819,65826,81082,7,15256,1,151200,1.00045883587
65826,65833,71757,7,5924,1,151200,1.00118163403
65829,65840,113491,11,47651,1,151200,1.0002308451
65832,65845,117798,13,51953,1,151200,1.00025022617
65836,65853,108828,17,42975,1,151200,1.00039557882
65840,65858,74338,18,8480,1,151200,1.00212264151
69964,69971,124117,7,54146,1,86400,1.00012928009
70030,70037,119418,7,49381,1,86400,1.00014175493
70070,70076,114021,6,43945,1,86400,1.0001365343
71637,71643,74462,6,2819,4,21600,1.00212841433
71790,71796,78352,6,6556,1,151200,1.00091519219
72779,72786,72794,7,8,1,240,1.5
74355,74362,133768,7,59406,1,151200,1.00011783322
78385,78392,83776,7,5384,1,151200,1.00130014859
81136,81144,83604,8,2460,1,151200,1.00325203252
83672,83680,207580,8,123900,1,151200,1.0000645682
83796,83804,136545,8,52741,1,151200,1.00015168465
83975,83982,137528,7,53546,1,151200,1.00013072872
84789,84796,137436,7,52640,1,151200,1.00013297872
84908,84915,85161,7,246,1,3540,1.02845528455
85263,85270,87287,7,2017,1,3540,1.00347050074
85337,85344,85519,7,175,1,3540,1.04
85384,85391,85652,7,261,1,3540,1.02681992337
85420,85427,316822,7,231395,30,504000,1.0000302513
85434,85441,85917,7,476,1,3540,1.01470588235
85505,85511,85870,6,359,1,3540,1.01671309192
85520,85527,128063,7,42536,1,151200,1.00016456648
85546,85553,135595,7,50042,1,151200,1.0001398825
85552,85560,86064,8,504,1,3540,1.01587301587
85577,85585,128885,8,43300,1,151200,1.00018475751
85600,85607,86083,7,476,1,3540,1.01470588235
85614,85621,128793,7,43172,1,151200,1.00016214213
85647,85654,86154,7,500,1,3540,1.014
85694,85701,86176,7,475,1,3540,1.01473684211
85741,85749,86250,8,501,1,3540,1.01596806387
85938,85944,86204,6,260,1,3540,1.02307692308
86185,86192,86370,7,178,1,3540,1.0393258427
86358,86365,86555,7,190,4,3540,1.03684210526
86529,86535,86658,6,123,4,3540,1.0487804878
86698,86706,87183,8,477,4,3540,1.01677148847
86747,86754,86877,7,123,1,3540,1.05691056911
95063,95070,95076,7,6,1,3600,1.3
95193,95201,95308,8,107,1,3600,1.07476635514
95441,95449,95725,8,276,1,3600,1.02898550725
95974,95981,96539,7,558,1,3600,1.01254480287
97065,97072,97080,7,8,1,3600,1.5
97199,97206,97282,7,76,1,3600,1.09210526316
97418,97425,97652,7,227,1,3600,1.03083700441
97956,97963,98833,7,870,1,3600,1.00804597701
98819,98826,98832,7,6,1,1800,1.3
99005,99012,99083,7,71,1,1800,1.0985915493
99309,99316,99406,7,90,1,1800,1.07777777778
99896,99903,100278,7,375,1,1800,1.01866666667
100893,100900,100906,7,6,1,1800,1.3
101051,101058,101098,7,40,1,1800,1.175
101299,101305,101382,6,77,1,1800,1.07792207792
101961,101968,102217,7,249,1,1800,1.0281124498
110626,110633,153604,7,42971,1,151200,1.00016290056
110772,110780,162158,8,51378,1,151200,1.00015570867
113989,113996,150888,7,36892,1,86400,1.00018974303
116179,116186,126071,7,9885,4,21600,1.00070814365
116441,116448,149403,7,32955,2,72000,1.00021241086
117243,117249,117251,6,2,8,57600,1.0
117282,117289,178312,7,61023,2,72000,1.00011471085
120389,120395,192426,6,72031,4,72000,1.00008329747
120804,120811,207588,7,86777,1,151200,1.00008066654
121013,121021,121243,8,222,16,21600,1.03603603604
121190,121196,121211,6,15,1,7200,1.4
121304,121311,134260,7,12949,16,21600,1.00054058228
121467,121474,174314,7,52840,1,151200,1.0001324754
121744,121757,125130,13,3373,1,28799,1.00385413578
121744,121762,124540,18,2778,1,28799,1.00647948164
121744,121768,125084,24,3316,1,28799,1.00723763571
121745,121779,127016,34,5237,1,28799,1.00649226656
121745,121785,130016,40,8231,1,28799,1.00485967683
121745,121773,125502,28,3729,1,28799,1.00750871547
121746,121796,142295,50,20499,1,28799,1.00243914337
121746,121790,135755,44,13965,1,28799,1.00315073398
121823,121830,126081,7,4251,4,21600,1.00164667137
122032,122040,207591,8,85551,1,151200,1.00009351147
122219,122226,207589,7,85363,1,151200,1.00008200274
122327,122334,207591,7,85257,1,151200,1.0000821047
122427,122433,194478,6,72045,4,72000,1.00008328128
122971,122978,144600,7,21622,4,21600,1.00032374433
122973,122985,124164,12,1179,1,151200,1.01017811705
123053,123060,124166,7,1106,1,151200,1.00632911392
123274,123282,144890,8,21608,4,21600,1.00037023325
123657,123663,125831,6,2168,4,21600,1.00276752768
124232,124239,127321,7,3082,1,151200,1.00227125243
124255,124262,127324,7,3062,1,151200,1.00228608752
125692,125699,139926,7,14227,4,72300,1.00049202221
125799,125806,131686,7,5880,4,10800,1.00119047619
126073,126080,435365,7,309285,1,345600,1.00002263285
126268,126276,134168,8,7892,4,21600,1.00101368474
126474,126481,138857,7,12376,4,21600,1.00056561086
126834,126841,129550,7,2709,1,28799,1.00258397933
126835,126859,130654,24,3795,1,28799,1.00632411067
126835,126852,129697,17,2845,1,28799,1.00597539543
126835,126846,129416,11,2570,1,28799,1.00428015564
126836,126870,133108,34,6238,1,28799,1.00545046489
126836,126864,131803,28,4939,1,28799,1.0056691638
126837,126875,138639,38,11764,1,28799,1.00323019381
126837,126881,146928,44,20047,1,28799,1.00219484212
127387,127394,132356,7,4962,1,151200,1.00141072148
127416,127423,132411,7,4988,1,151200,1.00140336808
127507,127514,156318,7,28804,4,28800,1.0002430218
127704,127710,127726,6,16,4,72060,1.375
127836,127844,127858,8,14,4,72060,1.57142857143
127890,127897,128132,7,235,4,72060,1.02978723404
128066,128074,128081,8,7,4,72060,1.5
128310,128317,139929,7,11612,4,72060,1.00060282466
128418,128425,128460,7,35,1,3540,1.2
129091,129097,135893,6,6796,4,21600,1.00088287228
129257,129264,159688,7,30424,1,129600,1.00023008151
129328,129335,153757,7,24422,1,129600,1.00028662681
129574,129580,137915,6,8335,16,18000,1.00071985603
129674,129680,130031,6,351,2,3540,1.01709401709
129712,129719,129793,7,74,1,3540,1.09459459459
129787,129794,129931,7,137,1,3540,1.05109489051
129827,129834,130059,7,225,1,3540,1.03111111111
129860,129867,130001,7,134,1,3540,1.05223880597
129966,129974,130053,8,79,1,3540,1.10126582278
131662,131669,132088,7,419,4,1800,1.01670644391
133379,133385,143701,6,10316,4,14400,1.00058162078
133448,133455,138406,7,4951,1,151200,1.00141385579
133457,133463,139537,6,6074,4,14400,1.00098781692
134146,192433,264478,58287,72045,4,72000,1.80903601915
134259,134266,139049,7,4783,16,21600,1.00146351662
135619,135626,164214,7,28588,10,43200,1.00024485798
136766,136773,149051,7,12278,10,43200,1.00057012543
138070,138077,145898,7,7821,4,21600,1.00089502621
138643,138650,147442,7,8792,4,14400,1.00079617834
138935,138942,140593,7,1651,11,36000,1.00423985463
139084,139091,143405,7,4314,16,21600,1.00162262401
139089,139098,143200,9,4102,8,43200,1.00219405168
139219,139225,153665,6,14440,2,14400,1.00041551247
139257,139263,139347,6,84,2,1200,1.07142857143
139680,139686,139722,6,36,2,1200,1.16666666667
139968,139975,212078,7,72103,4,72060,1.00009708334
139995,140001,212344,6,72343,4,72300,1.00008293822
141019,141026,163794,7,22768,2,43200,1.00030744905
142365,142371,228793,6,86422,4,86400,1.00006942677
142424,142431,142433,7,2,8,57600,1.0
142478,142485,228921,7,86436,4,86400,1.00008098477
142598,142605,229006,7,86401,4,86400,1.00008101758
142805,194484,266498,51679,72014,4,72000,1.71762435082
143564,143571,186845,7,43274,1,108000,1.00016175995
144039,184718,288121,40679,103403,1,129600,1.3934025125
145785,145791,161785,6,15994,4,25200,1.00037514068
146101,146108,149614,7,3506,8,43200,1.0019965773
146487,146494,148634,7,2140,4,21600,1.00327102804
146500,146507,146759,7,252,1,1450,1.02777777778
146813,146820,147061,7,241,1,1450,1.02904564315
147593,147600,176188,7,28588,8,57600,1.00024485798
147617,147624,147633,7,9,20,21599,1.6
148055,148062,148072,7,10,2,3600,1.7
148459,148465,148777,6,312,4,3600,1.01923076923
149600,149607,167508,7,17901,4,21600,1.00039103961
150405,150412,157313,7,6901,4,10800,1.00101434575
150920,150926,164861,6,13935,20,21599,1.00043057051
151744,151751,158468,7,6717,4,21600,1.0010421319
152651,152657,160149,6,7492,4,21600,1.00080085424
159190,159197,159198,7,1,1,240,1.0
159556,159563,163160,7,3597,4,21600,1.00194606617
164795,164802,178575,7,13773,16,43199,1.00050824076
167610,167617,167629,7,12,4,21600,1.58333333333
167694,167701,196394,7,28693,4,86400,1.00024396194
169202,169209,234500,7,65291,20,82799,1.00010721233
169228,169235,173350,7,4115,4,18000,1.00170109356
169565,169572,171759,7,2187,4,18000,1.0032007316
169884,169890,173526,6,3636,4,18000,1.00165016502
169927,169934,169935,7,1,1,240,1.0
170394,170402,171583,8,1181,4,18000,1.00677392041
170597,170603,172042,6,1439,4,18000,1.0041695622
170712,170718,171017,6,299,4,18000,1.02006688963
170922,170928,171517,6,589,4,18000,1.01018675722
171205,171211,171735,6,524,4,18000,1.01145038168
171287,171294,172831,7,1537,4,18000,1.00455432661
171323,171330,171576,7,246,1,3540,1.02845528455
171683,171690,173731,7,2041,1,3540,1.00342969133
171763,171769,171948,6,179,1,3540,1.03351955307
171811,171818,172080,7,262,1,3540,1.02671755725
171858,171866,172346,8,480,1,3540,1.01666666667
171930,171937,172299,7,362,1,3540,1.01933701657
171978,171985,172493,7,508,1,3540,1.01377952756
172026,172033,172514,7,481,1,3540,1.01455301455
172074,172081,172589,7,508,1,3540,1.01377952756
172122,172128,172604,6,476,1,3540,1.01260504202
172171,172178,172690,7,512,1,3540,1.013671875
172368,172375,172635,7,260,1,3540,1.02692307692
172594,172601,190619,7,18018,4,18000,1.00038850039
172616,172623,172804,7,181,1,3540,1.03867403315
172793,172799,172996,6,197,4,3540,1.03045685279
172807,172814,178505,7,5691,4,18000,1.0012300123
172973,172980,173104,7,124,4,3540,1.0564516129
173044,173050,174965,6,1915,4,18000,1.00313315927
173148,173155,173630,7,475,4,3540,1.01473684211
173198,173204,173332,6,128,1,3540,1.046875
181491,181497,181504,6,7,1,3600,1.3
181621,181627,181737,6,110,1,3600,1.05454545455
181871,181877,182124,6,247,1,3600,1.02429149798
182375,182381,182936,6,555,1,3600,1.01081081081
183473,183479,183485,6,6,1,3600,1.2
183604,183610,183686,6,76,1,3600,1.07894736842
183823,183829,184059,6,230,1,3600,1.02608695652
184367,184373,184889,6,516,1,3600,1.01162790698
185093,185099,185106,6,7,1,1800,1.3
185279,185285,185358,6,73,1,1800,1.08219178082
185509,185516,185624,7,108,1,3600,1.06481481481
185742,185749,185845,7,96,1,1800,1.07291666667
185758,185764,186230,6,466,1,3600,1.01287553648
186340,186346,186736,6,390,1,1800,1.01538461538
186523,186529,187174,6,645,1,3600,1.00930232558
187390,187397,187403,7,6,1,1800,1.3
187549,187555,187593,6,38,1,1800,1.15789473684
187797,187804,187877,7,73,1,1800,1.09589041096
188457,188463,188665,6,202,1,1800,1.0297029703
193036,193043,193114,7,71,1,1800,1.0985915493
193111,193118,193203,7,85,1,1800,1.08235294118
193243,193249,193327,6,78,1,1800,1.07692307692
193520,193527,193653,7,126,1,1800,1.05555555556
193768,193774,194124,6,350,1,1800,1.01714285714
194132,194139,194173,7,34,1,1800,1.20588235294
196952,287334,298155,90382,10821,4,86400,9.35246280381
201497,201504,264434,7,62930,1,86400,1.00011123471
201651,229185,293175,27534,63990,1,86400,1.43028598218
201805,230136,278498,28331,48362,1,172800,1.58581117406
203270,207600,260542,4330,52942,2,72000,1.08178761664
204780,204787,204949,7,162,8,3600,1.04320987654
205154,205160,233939,6,28779,8,57600,1.00020848535
206373,207608,212475,1235,4867,2,72000,1.25374974317
206444,206451,208115,7,1664,4,21600,1.00420673077
207160,207168,230321,8,23153,1,53999,1.00034552758
207266,212488,229172,5222,16684,2,72000,1.31299448573
207867,286376,360194,78509,73818,4,73800,2.06354818608
207901,207907,208007,6,100,4,120,1.06
208005,208012,208135,7,123,4,120,1.05691056911
208081,230616,244464,22535,13848,2,72000,2.627310803
208761,279206,295466,70445,16260,2,72000,5.33241082411
208775,208781,208786,6,5,4,57600,1.1
208844,208851,208854,7,3,4,57600,1.0
208904,208910,243726,6,34816,4,57600,1.00017233456
209507,209514,223307,7,13793,20,21599,1.00050750381
209747,209755,267377,8,57622,4,57600,1.00013883586
210693,210701,221399,8,10698,4,18000,1.00074780333
210770,210778,214980,8,4202,4,18000,1.00190385531
210857,210866,211023,9,157,4,18000,1.05732484076
210900,210908,211028,8,120,4,18000,1.06666666667
210970,210977,211029,7,52,4,18000,1.13461538462
211031,211039,222933,8,11894,4,25200,1.00067260804
211071,211079,211362,8,283,4,18000,1.02826855124
211079,211087,211386,8,299,4,18000,1.02675585284
211084,211094,216010,10,4916,4,18000,1.00203417413
211128,211136,213748,8,2612,4,18000,1.00306278714
211203,211211,215615,8,4404,4,18000,1.00181653043
212557,230121,230124,17564,3,1,216000,1756.7
212967,287317,404757,74350,117440,4,604800,1.63308923706
212993,287324,394116,74331,106792,4,604800,1.69603528354
213517,213526,231372,9,17846,2,43200,1.00050431469
213759,213766,238982,7,25216,10,43200,1.00027760152
214061,214068,217853,7,3785,2,14400,1.00184940555
215171,287347,304841,72176,17494,2,72000,5.12575740254
215912,215919,220295,7,4376,2,28800,1.00159963437
216054,216063,218432,9,2369,4,21600,1.00379907134
216444,216453,237813,9,21360,10,43200,1.00042134831
218473,218480,219388,7,908,80,1800,1.0077092511
219280,219287,221124,7,1837,4,1800,1.0038105607
219673,219681,219685,8,4,1,43200,1.2
222093,222101,222935,8,834,1,43200,1.00959232614
222255,222262,222579,7,317,2,1800,1.02208201893
222641,222649,222740,8,91,2,1800,1.08791208791
222710,287339,394140,64629,106801,4,604800,1.60513478338
223014,223021,223665,7,644,8,3600,1.01086956522
223665,223673,224340,8,667,4,3600,1.011994003
223914,223923,223930,9,7,1,1800,1.6
224034,224041,224672,7,631,1,1800,1.01109350238
224069,224077,224746,8,669,51,1200,1.01195814649
224129,224136,234889,7,10753,1,43200,1.00065098112
224238,224245,224427,7,182,2,1800,1.03846153846
224302,224310,259438,8,35128,8,3600,1.00022773856
224462,224469,224662,7,193,2,1800,1.03626943005
224713,224720,225005,7,285,1,1800,1.02456140351
225017,225024,261106,7,36082,4,36060,1.00019400255
225310,225317,225525,7,208,10,3600,1.03365384615
225533,225541,226818,8,1277,10,10800,1.00626468285
225598,225606,226272,8,666,51,1200,1.01201201201
226128,226135,226324,7,189,64,3600,1.03703703704
226820,226828,230201,8,3373,10,10800,1.00237177587
226885,226893,270121,8,43228,2,43200,1.00018506524
227062,286359,718371,59297,432012,20,432000,1.13725776136
227547,227555,270801,8,43246,2,43200,1.00018498821
227954,227961,227962,7,1,1,2700,1.0
228214,228222,229274,8,1052,1,2700,1.00760456274
228256,228264,229068,8,804,2,900,1.00995024876
228268,228275,229329,7,1054,2,2700,1.00664136622
229320,229327,235383,7,6056,20,21599,1.00115587847
229365,229373,265408,8,36035,2,36000,1.00022200638
229445,231385,232403,1940,1018,2,2700,2.90569744597
229445,229458,230468,13,1010,1,2700,1.01287128713
229445,229492,230603,47,1111,2,2700,1.04230423042
229445,229463,230469,18,1006,1,2700,1.01789264414
229445,229452,230466,7,1014,1,2700,1.00690335306
229446,229481,230737,35,1256,8,2700,1.02786624204
229446,229486,230695,40,1209,4,2700,1.03308519438
229446,232418,233434,2972,1016,2,2700,3.92519685039
229446,233934,235330,4488,1396,4,2700,4.21489971347
229446,235343,236634,5897,1291,4,2700,5.56777691712
229447,233928,235275,4481,1347,8,2700,4.32665181886
229447,235288,236933,5841,1645,8,2700,4.55075987842
229448,229475,231163,27,1688,32,2700,1.01599526066
229448,238993,240468,9545,1475,16,2700,7.47118644068
229448,235769,237302,6321,1533,16,2700,5.12328767123
229448,237315,238980,7867,1665,16,2700,5.72492492492
229449,239406,241080,9957,1674,64,2700,6.94802867384
229449,237445,239072,7996,1627,32,2700,5.91456668715
229449,229470,231294,21,1824,64,2700,1.01151315789
229449,235763,237432,6314,1669,32,2700,4.78310365488
229450,235758,237703,6308,1945,128,2700,4.24318766067
229450,239412,241069,9962,1657,64,2700,7.01207000604
229450,233922,235745,4472,1823,128,2700,3.45309928689
229451,237716,239394,8265,1678,128,2700,5.92550655542
229451,279194,281094,49743,1900,256,2700,27.1805263158
229451,277093,279183,47642,2090,256,2700,23.795215311
229451,281106,283031,51655,1925,256,2700,27.8337662338
229652,286925,373365,57273,86440,4,86400,1.66257519667
229723,241093,241741,11370,648,51,1200,18.5462962963
229753,286930,299508,57177,12578,4,86400,5.54579424392
230046,233446,276656,3400,43210,2,43200,1.07868548947
232094,233939,277151,1845,43212,2,43200,1.0426964732
233166,236648,254904,3482,18256,4,21600,1.1907318142
233171,236946,254907,3775,17961,4,21600,1.21017760704
233196,287352,307329,54156,19977,2,72000,3.71091755519
233253,236952,254910,3699,17958,4,21600,1.20598062145
234540,286909,314660,52369,27751,20,82799,2.88710316745
235205,237832,239560,2627,1728,2,28800,2.52025462963
235379,237826,254912,2447,17086,4,21600,1.14321666862
235635,286935,301759,51300,14824,4,72000,4.46060442526
235961,240481,240813,4520,332,64,3600,14.6144578313
237783,237791,239811,8,2020,1,5340,1.00396039604
240808,241082,241622,274,540,64,3600,1.50740740741
240933,241098,241286,165,188,4,3540,1.87765957447
241101,241108,241573,7,465,4,3540,1.01505376344
245582,245589,245590,7,1,1,240,1.0
252872,252879,254176,7,1297,4,18000,1.00539707016
252936,252945,254436,9,1491,4,18000,1.0060362173
253504,253512,254925,8,1413,4,18000,1.00566171267
253524,253532,258665,8,5133,4,18000,1.00155854276
253549,253556,256811,7,3255,4,18000,1.00215053763
253576,253584,255187,8,1603,4,18000,1.00499064255
253606,253613,255578,7,1965,4,18000,1.00356234097
253651,253659,253987,8,328,4,18000,1.0243902439
253671,253679,253875,8,196,4,18000,1.04081632653
257722,257730,257979,8,249,1,3540,1.03212851406
258081,258088,260110,7,2022,1,3540,1.00346191889
258159,258167,258342,8,175,1,3540,1.04571428571
258207,258214,258477,7,263,1,3540,1.02661596958
258256,258263,258745,7,482,1,3540,1.01452282158
258327,258336,258698,9,362,1,3540,1.02486187845
258375,258383,258892,8,509,1,3540,1.01571709234
258423,258431,258910,8,479,1,3540,1.01670146138
258471,258479,258989,8,510,1,3540,1.01568627451
258519,258527,259006,8,479,1,3540,1.01670146138
258568,258575,259081,7,506,1,3540,1.01383399209
258764,258772,259031,8,259,1,3540,1.03088803089
259016,259024,259203,8,179,1,3540,1.04469273743
259194,259201,259397,7,196,4,3540,1.03571428571
259368,259375,259499,7,124,4,3540,1.0564516129
259542,259549,260064,7,515,4,3540,1.01359223301
259592,259599,259723,7,124,1,3540,1.0564516129
260311,260318,260329,7,11,1,7200,1.63636363636
267904,267911,267917,7,6,1,3600,1.3
268034,268041,268148,7,107,1,3600,1.06542056075
268282,268291,268537,9,246,1,3600,1.03658536585
268788,268796,269357,8,561,1,3600,1.01426024955
269043,286241,826245,17198,540004,16,540000,1.03184791224
269899,269906,269911,7,5,1,3600,1.2
270030,270037,270112,7,75,1,3600,1.09333333333
270249,270257,270485,8,228,1,3600,1.0350877193
270793,270800,271256,7,456,1,3600,1.01535087719
271419,271426,271433,7,7,1,1800,1.4
271576,271583,271656,7,73,1,1800,1.09589041096
271856,271863,271954,7,91,1,1800,1.07692307692
271924,271932,272008,8,76,1,3600,1.10526315789
272139,272147,272372,8,225,1,3600,1.03555555556
272384,272392,272777,8,385,1,1800,1.02077922078
272662,272669,273110,7,441,1,3600,1.01587301587
273394,273401,273406,7,5,1,1800,1.2
273553,273560,273596,7,36,1,1800,1.19444444444
273802,273810,273885,8,75,1,1800,1.10666666667
274465,274472,274722,7,250,1,1800,1.028
279995,287385,287729,7390,344,1,1800,22.4825581395
279995,287379,287710,7384,331,1,1800,23.3081570997
279995,287374,287702,7379,328,1,1800,23.4969512195
279996,287358,287862,7362,504,2,1800,15.6071428571
279996,287368,287711,7372,343,2,1800,22.4927113703
279996,287363,287695,7367,332,2,1800,23.1897590361
279997,286948,287339,6951,391,4,1800,18.7774936061
279997,286370,286906,6373,536,8,1800,12.8899253731
279997,287311,287679,7314,368,4,1800,20.875
279997,286943,287305,6946,362,4,1800,20.1878453039
279998,286914,287299,6916,385,8,1800,18.9636363636
279998,286885,287375,6887,490,16,1800,15.0551020408
279998,286919,287321,6921,402,8,1800,18.2164179104
279998,286891,287445,6893,554,16,1800,13.4422382671
279999,286365,286873,6366,508,32,1800,13.531496063
279999,286815,287332,6816,517,32,1800,14.1837524178
279999,286903,287340,6904,437,16,1800,16.7986270023
280000,286229,286890,6229,661,64,1800,10.4236006051
280000,286821,287420,6821,599,32,1800,12.387312187
280000,285718,286346,5718,628,64,1800,10.1050955414
280000,286235,286802,6235,567,64,1800,11.9964726631
280001,285016,285601,5015,585,128,1800,9.57264957265
280001,285011,285657,5010,646,128,1800,8.75541795666
280001,285613,286217,5612,604,128,1800,10.2913907285
280002,284338,284999,4336,661,256,1800,7.55975794251
280002,283043,283695,3041,652,256,1800,5.66411042945
280002,283708,284326,3706,618,256,1800,6.99676375405
286564,287396,310415,832,23019,1,172800,1.03614405491
286798,287390,294598,592,7208,1,129600,1.08213096559
289310,289317,334830,7,45513,2,72000,1.00015380221
289941,289949,326026,8,36077,4,36060,1.00022174793
290256,290263,333485,7,43222,2,43200,1.00016195456
290840,290848,334071,8,43223,2,43200,1.00018508664
291036,291043,291051,7,8,1,600,1.5
291186,291193,291194,7,1,1,600,1.0
291381,291389,291390,8,1,1,600,1.0
293200,293207,293653,7,446,4,1800,1.01569506726
293269,293277,336503,8,43226,2,43200,1.0001850738
293348,293355,293459,7,104,4,1800,1.06730769231
293640,293647,293649,7,2,5,539940,1.0
294127,294134,294394,7,260,64,3600,1.02692307692
294240,294248,294249,8,1,5,539940,1.0
294394,294406,294836,12,430,64,3600,1.02790697674
294495,294502,798519,7,504017,8,504000,1.00001388842
294549,294556,798560,7,504004,8,504000,1.00001388878
294573,294580,294586,7,6,1,600,1.3
295025,295033,295035,8,2,1,600,1.0
295099,295106,295279,7,173,4,1800,1.04046242775
295102,295113,295238,11,125,4,1800,1.088
295154,295161,295176,7,15,1,600,1.46666666667
295169,295176,302274,7,7098,1,36000,1.00098619329
295796,295803,304713,7,8910,4,21600,1.00078563412
295890,295898,306755,8,10857,4,21600,1.0007368518
296681,296688,296855,7,167,8,1800,1.04191616766
296831,296838,298590,7,1752,1,43200,1.00399543379
296892,296899,296901,7,2,1,3600,1.0
296976,296983,297211,7,228,64,3600,1.03070175439
297233,298124,298649,891,525,64,3600,2.69714285714
297573,297580,303537,7,5957,1,151200,1.00117508813
297616,297623,297624,7,1,2,7200,1.0
297636,297644,303568,8,5924,1,151200,1.00135043889
297748,297755,297757,7,2,1,3600,1.0
297763,297770,303745,7,5975,1,151200,1.00117154812
297842,297849,303825,7,5976,1,151200,1.00117135207
297943,297950,304032,7,6082,1,151200,1.00115093719
298448,298455,299499,7,1044,8,3600,1.00670498084
298608,298615,299794,7,1179,1,43200,1.00593723494
298709,298716,298720,7,4,16,10800,1.1
298912,298920,303759,8,4839,16,10800,1.00165323414
299055,299063,299081,8,18,1,600,1.44444444444
299223,299230,302581,7,3351,16,10800,1.00208892868
299356,299363,356638,7,57275,4,86400,1.00012221737
299364,299372,310189,8,10817,16,10800,1.00073957659
299731,299738,314046,7,14308,4,345600,1.00048923679
299821,299828,321187,7,21359,1,43200,1.0003277307
299859,299866,303033,7,3167,8,7200,1.00221029365
299918,299925,300172,7,247,1,151200,1.02834008097
300181,300189,321184,8,20995,1,151200,1.00038104311
300280,300287,318324,7,18037,2,18000,1.00038809115
300395,300403,646018,8,345615,4,345600,1.00002314714
300451,300458,646063,7,345605,4,345600,1.00002025434
300673,300681,300694,8,13,4,86400,1.61538461538
300704,300711,646331,7,345620,4,345600,1.00002025346
301044,301051,303751,7,2700,2,14400,1.00259259259
301483,301491,301530,8,39,2,1200,1.20512820513
301592,307147,331209,5555,24062,10,43200,1.23086193999
301812,303837,305616,2025,1779,4,72000,2.13827993255
302225,302232,308138,7,5906,2,14400,1.00118523535
302848,303580,375666,732,72086,4,72060,1.01015453764
303621,307153,307387,3532,234,8,7200,16.094017094
305142,305149,310958,7,5809,4,36000,1.00120502668
306314,307158,447063,844,139905,6,172800,1.00603266502
306730,306737,308112,7,1375,4,72000,1.00509090909
306745,306752,307134,7,382,50,2400,1.01832460733
307028,307035,323048,7,16013,2,72000,1.00043714482
307498,307505,331682,7,24177,4,25200,1.00028953137
308178,308185,357220,7,49035,1,172800,1.00014275517
308211,308218,380255,7,72037,4,72000,1.00009717229
308214,308226,382276,12,74050,1,172800,1.00016205267
308378,308385,308428,7,43,8,3600,1.16279069767
308442,308449,308607,7,158,8,3600,1.04430379747
308727,308734,332313,7,23579,2,72000,1.00029687434
309212,309219,309269,7,50,2,7200,1.14
309488,309495,309500,7,5,2,600,1.2
309979,309986,340283,7,30297,1,216000,1.00023104598
310000,310008,312909,8,2901,32,14400,1.00275766977
310211,310218,311523,7,1305,4,72000,1.00536398467
311079,311086,311243,7,157,2,7200,1.04458598726
311116,311123,312269,7,1146,4,36000,1.00610820244
311289,311296,312269,7,973,4,36000,1.0071942446
311519,312922,330384,1403,17462,16,18000,1.08034589394
311678,312928,317573,1250,4645,16,10800,1.2691065662
312411,312418,321175,7,8757,4,36000,1.00079936051
312420,312427,321178,7,8751,4,36000,1.00079990858
312701,314672,329727,1971,15055,10,43200,1.13091996015
312715,312723,316302,8,3579,4,3600,1.00223526125
312733,313188,325892,455,12704,2,72000,1.03581549118
312800,313182,314448,382,1266,4,72000,1.30173775671
313099,313193,335982,94,22789,2,43200,1.00412479705
313275,314678,314909,1403,231,8,1800,7.07359307359
313517,314058,314069,541,11,2,600,50.1818181818
314192,314199,344566,7,30367,2,86400,1.00023051339
314944,314951,316162,7,1211,4,72000,1.00578034682
314974,314981,321177,7,6196,1,43200,1.00112976114
316547,316554,388604,7,72050,4,72000,1.00009715475
316997,317004,320600,7,3596,4,4800,1.00194660734
318610,318617,318622,7,5,10,86400,1.2
318808,318815,318818,7,3,10,86400,1.0
318937,318944,318948,7,4,10,86400,1.1
318973,318981,319096,8,115,2,18000,1.06956521739
319245,319252,319256,7,4,10,86400,1.1
319255,319262,492084,7,172822,1,172800,1.0000405041
319390,319398,319403,8,5,10,86400,1.3
319577,319584,319587,7,3,4,86400,1.0
319733,319740,355769,7,36029,4,36000,1.00019428793
319887,319894,322158,7,2264,2,54000,1.00309187279
320027,320034,332312,7,12278,2,104400,1.00057012543
320128,320135,320136,7,1,1,3600,1.0
320407,320414,320415,7,1,1,3600,1.0
320432,320439,349255,7,28816,2,28800,1.0002429206
320446,320454,320457,8,3,1,3540,1.1
320469,320477,320710,8,233,8,1800,1.03433476395
320562,320569,320571,7,2,1,3540,1.0
320588,320595,320597,7,2,1,3600,1.0
320656,320663,320665,7,2,1,3600,1.0
320661,320670,321728,9,1058,1,3540,1.00850661626
320732,320739,320740,7,1,1,3600,1.0
320839,320846,320921,7,75,1,3600,1.09333333333
321092,321099,325728,7,4629,2,14400,1.00151220566
321202,321209,364424,7,43215,1,43200,1.00016198079
321223,321230,324063,7,2833,2,54000,1.00247087893
321227,321237,364459,10,43222,4,43200,1.00023136366
321231,321243,324137,12,2894,2,54000,1.00414651002
321281,321288,340614,7,19326,2,43200,1.00036220635
321566,321573,322544,7,971,2,14400,1.00720906282
321613,321620,322051,7,431,4,18000,1.0162412993
321865,321872,322551,7,679,2,7200,1.01030927835
321913,321920,321955,7,35,2,600,1.2
322017,322025,322099,8,74,4,3600,1.10810810811
322122,322129,327355,7,5226,4,18000,1.00133945656
322268,322276,336919,8,14643,4,18000,1.00054633613
322479,322486,378142,7,55656,1,151200,1.0001257726
323622,323629,323673,7,44,1,3540,1.15909090909
323829,323836,323924,7,88,1,3540,1.07954545455
323950,323957,336922,7,12965,4,18000,1.00053991516
324043,324050,325174,7,1124,1,3540,1.00622775801
324384,324391,324392,7,1,1,3540,1.0
324434,324442,325194,8,752,1,3540,1.01063829787
324456,325206,329868,750,4662,16,10800,1.16087516088
324706,324713,324750,7,37,1,3540,1.18918918919
325301,325741,326109,440,368,2,3540,2.19565217391
325341,325905,325985,564,80,1,3540,8.05
325421,325910,326050,489,140,1,3540,4.49285714286
325533,325997,326085,464,88,1,3540,6.27272727273
325571,326043,326184,472,141,1,3540,4.3475177305
325615,326048,326284,433,236,1,3540,2.83474576271
328285,328292,328790,7,498,1,3540,1.0140562249
331991,331998,331999,7,1,1,240,1.0
334914,334921,334982,7,61,18,7200,1.11475409836
335057,335065,335067,8,2,1,60,1.0
335210,335217,337299,7,2082,18,7200,1.00336215178
336161,336169,336176,8,7,1,60,1.5
336393,336401,336406,8,5,1,30,1.3
336625,336633,336640,8,7,1,30,1.5
336836,336843,336850,7,7,1,30,1.4
336972,336979,336989,7,10,1,30,1.7
337077,337084,355093,7,18009,4,18000,1.00038869454
337085,337092,337864,7,772,4,18000,1.00906735751
337147,337155,337172,8,17,2,30,1.47058823529
337298,337307,337322,9,15,4,30,1.6
338936,338943,341041,7,2098,18,7200,1.00333651096
339913,339920,340948,7,1028,4,18000,1.00680933852
339963,339970,341170,7,1200,4,18000,1.00583333333
340032,340039,341256,7,1217,4,18000,1.00575184881
340074,340081,341390,7,1309,4,18000,1.00534759358
341620,341628,342059,8,431,4,18000,1.01856148492
342246,342253,342290,7,37,1,3540,1.18918918919
343057,343064,343433,7,369,2,3540,1.0189701897
343166,343173,343314,7,141,1,3540,1.04964539007
343218,343225,343459,7,234,1,3540,1.02991452991
343261,343268,343409,7,141,1,3540,1.04964539007
343308,343315,343393,7,78,1,3540,1.08974358974
343437,343445,343532,8,87,1,3540,1.09195402299
344130,344138,344387,8,249,1,3540,1.03212851406
344491,344498,346527,7,2029,1,3540,1.00344997536
344568,344576,344751,8,175,1,3540,1.04571428571
344616,344623,344886,7,263,1,3540,1.02661596958
344665,344673,345159,8,486,1,3540,1.01646090535
344738,344745,345108,7,363,1,3540,1.01928374656
344785,344792,345302,7,510,1,3540,1.0137254902
344834,344842,345321,8,479,1,3540,1.01670146138
344884,344891,345405,7,514,1,3540,1.01361867704
344931,344938,345421,7,483,1,3540,1.01449275362
344981,344989,345502,8,513,1,3540,1.01559454191
345179,345186,345450,7,264,1,3540,1.02651515152
345432,345439,345619,7,180,1,3540,1.03888888889
345612,345619,345813,7,194,4,3540,1.03608247423
345785,345792,345912,7,120,4,3540,1.05833333333
345820,345827,369564,7,23737,20,86399,1.00029489826
345856,345864,369255,8,23391,20,86399,1.00034201188
345872,345879,346605,7,726,20,86399,1.00964187328
345912,345919,365716,7,19797,20,86399,1.00035358893
345958,345965,346489,7,524,4,3540,1.01335877863
346009,346017,346148,8,131,1,3540,1.06106870229
352307,352314,352828,7,514,4,86400,1.01361867704
352405,352413,352833,8,420,4,36000,1.01904761905
352893,352901,396137,8,43236,8,43200,1.00018503099
352898,352908,396140,10,43232,8,43200,1.00023131014
354273,354280,354287,7,7,1,3600,1.4
354402,354409,354513,7,104,1,3600,1.06730769231
354646,354653,354893,7,240,1,3600,1.02916666667
355140,355147,355724,7,577,1,3600,1.01213171577
356256,356264,356270,8,6,1,3600,1.4
356389,356396,356472,7,76,1,3600,1.09210526316
356610,356618,356845,8,227,1,3600,1.03524229075
357152,357159,357610,7,451,1,3600,1.0155210643
357835,357842,357849,7,7,1,1800,1.4
357991,357998,358071,7,73,1,1800,1.09589041096
358276,358283,358371,7,88,1,1800,1.07954545455
358381,358388,358465,7,77,1,3600,1.09090909091
358601,358608,358827,7,219,1,3600,1.03196347032
358811,358818,359203,7,385,1,1800,1.01818181818
359120,359127,359565,7,438,1,3600,1.01598173516
359832,359839,359845,7,6,1,1800,1.3
359991,359999,360037,8,38,1,1800,1.21052631579
360244,360251,360324,7,73,1,1800,1.09589041096
360906,360913,361167,7,254,1,1800,1.02755905512
368077,368084,368086,7,2,1,3600,1.0
368285,368292,368294,7,2,1,3600,1.0
368599,368606,368608,7,2,1,3600,1.0
376984,376991,376997,7,6,8,36000,1.3
377024,377031,383693,7,6662,8,36000,1.00105073551
377432,377439,507062,7,129623,1,129600,1.00005400276
379815,379823,380559,8,736,51,10800,1.01086956522
381120,395121,405948,14001,10827,116,10800,2.29315599889
382405,382412,395113,7,12701,10,12600,1.00055113771
382744,396163,655408,13419,259245,4,259200,1.0517618469
383464,419769,445830,36305,26061,20,43199,2.39307777906
383540,383547,383800,7,253,2,3600,1.02766798419
383714,383721,383742,7,21,8,7200,1.33333333333
383766,383773,384021,7,248,8,7200,1.02822580645
383812,383820,383961,8,141,2,3600,1.05673758865
384137,384145,384514,8,369,8,7200,1.0216802168
384681,396150,482578,11469,86428,8,86400,1.13270005091
385061,385068,387364,7,2296,18,7200,1.00304878049
385726,385733,386086,7,353,2,3600,1.01983002833
385957,394130,400610,8173,6480,4,36060,2.2612654321
386231,395054,395083,8823,29,4,36060,305.24137931
386944,428878,456635,41934,27757,10,43200,2.51075404402
387209,428884,453966,41675,25082,10,43200,2.66155011562
388234,430168,456664,41934,26496,10,43200,2.58265398551
388760,388767,388770,7,3,4,3600,1.0
388844,388852,389009,8,157,1,3600,1.05095541401
389037,389045,389127,8,82,1,3600,1.09756097561
389163,389170,389173,7,3,2,300,1.0
389253,419774,447215,30521,27441,20,86399,2.11224080755
389278,419779,446313,30501,26534,20,86399,2.14950629381
389327,419785,425084,30458,5299,20,86399,6.74787695792
389342,425097,430156,35755,5059,20,86399,8.06760229294
389394,419758,428866,30364,9108,20,86399,4.33377250769
389408,419763,502176,30355,82413,20,86399,1.36832781236
389679,395095,400484,5416,5389,4,36000,2.00501020598
390164,390171,390172,7,1,1,180,1.0
390254,390261,390262,7,1,1,180,1.0
390332,390339,390520,7,181,1,180,1.03867403315
390610,445858,472866,55248,27008,4,43200,3.04561611374
390615,390622,391228,7,606,1,600,1.01155115512
391755,405960,412484,14205,6524,16,10800,3.177345187
392275,392282,392893,7,611,1,600,1.01145662848
392319,405966,410817,13647,4851,16,10800,3.81323438466
392453,405971,412518,13518,6547,16,10800,3.06476248664
395709,396157,400610,448,4453,4,34200,1.10060633281
396305,405982,406195,9677,213,8,3600,46.4319248826
397931,430203,463750,32272,33547,1,151200,1.96199362089
398962,400623,410384,1661,9761,4,34260,1.17016699109
399341,405669,420071,6328,14402,4,14400,1.43938341897
399834,405988,413686,6154,7698,4,18000,1.79942842297
400004,405993,412835,5989,6842,4,14400,1.87532885121
400533,401397,437407,864,36010,4,36000,1.02399333518
400708,401523,411210,815,9687,4,34200,1.08413337463
400780,421316,457423,20536,36107,4,36060,1.56875398122
401851,437420,509452,35569,72032,4,72000,1.4937944247
402664,418464,419737,15800,1273,128,23400,13.4116260801
404273,502995,575026,98722,72031,4,72000,2.37054879149
405725,405998,410289,273,4291,4,14400,1.06362153344
405823,406004,418452,181,12448,4,14400,1.01454048843
405845,419790,455858,13945,36068,4,36060,1.38663080847
405979,419796,455900,13817,36104,4,36060,1.38269997784
406316,420083,456160,13767,36077,4,36060,1.38160046567
408709,408716,408791,7,75,1,60,1.09333333333
411277,411283,411905,6,622,2,3600,1.00964630225
412017,412024,412320,7,296,2,3600,1.02364864865
412445,412452,412593,7,141,2,3600,1.04964539007
412896,412904,412945,8,41,2,3600,1.19512195122
413125,413132,413281,7,149,2,3600,1.04697986577
415781,445864,454571,30083,8707,4,14400,4.45503617779
418391,418398,418399,7,1,1,240,1.0
420012,490725,744036,70713,253311,10,360000,1.27915487286
420231,430185,430232,9954,47,1,90,212.787234043
421799,430245,463367,8446,33122,1,151200,1.25499667894
425818,430174,466187,4356,36013,4,36000,1.12095632133
425867,430179,466202,4312,36023,4,36000,1.11970130195
427236,482591,490707,55355,8116,128,23400,7.82047806801
429158,430190,430191,1032,1,1,240,103.3
430516,435377,435624,4861,247,1,3540,20.6801619433
430872,435638,437666,4766,2028,1,3540,3.35009861933
430952,437679,437854,6727,175,1,3540,39.44
431000,437866,438125,6866,259,1,3540,27.5096525097
431047,438138,438614,7091,476,1,3540,15.8970588235
431119,438627,438985,7508,358,1,3540,21.9720670391
431168,438997,439555,7829,558,1,3540,15.0304659498
431214,439567,440041,8353,474,1,3540,18.6223628692
431261,440054,440557,8793,503,1,3540,18.4811133201
431308,440570,441048,9262,478,1,3540,20.3765690377
431355,441061,441563,9706,502,1,3540,20.3346613546
431550,441576,441835,10026,259,1,3540,39.7104247104
431795,441847,442027,10052,180,1,3540,56.8444444444
431968,445842,446045,13874,203,4,3540,69.3448275862
432139,445848,445968,13709,120,4,3540,115.241666667
432313,445853,446367,13540,514,4,3540,27.3424124514
432361,442039,442160,9678,121,1,3540,80.9834710744
436965,436972,669043,7,232071,30,504000,1.00003016318
440686,442172,442179,1486,7,1,3600,149.3
442295,442302,442408,7,106,1,3600,1.06603773585
442542,442549,442789,7,240,1,3600,1.02916666667
443027,443035,443438,8,403,1,3600,1.01985111663
443993,443999,444004,6,5,1,3600,1.1
444123,444130,444203,7,73,1,3600,1.09589041096
444217,444224,444231,7,7,1,1800,1.4
444339,444346,444570,7,224,1,3600,1.03125
444374,444580,444654,206,74,1,1800,3.78378378378
444788,444795,444899,7,104,1,3600,1.06730769231
444827,444909,445269,82,360,1,3600,1.22777777778
444853,445279,445374,426,95,1,1800,5.48421052632
445033,445384,445605,351,221,1,3600,2.58823529412
445765,445773,445780,8,7,1,3600,1.5
445826,445833,446054,7,221,1,1800,1.03167420814
445894,445980,446576,86,596,1,3600,1.14429530201
445895,445986,446123,91,137,1,3600,1.66423357664
446261,446268,446518,7,250,1,3600,1.028
446671,446678,446685,7,7,1,1800,1.4
446762,446769,447237,7,468,1,3600,1.01495726496
446831,446838,446878,7,40,1,1800,1.175
447110,447117,447194,7,77,1,1800,1.09090909091
447775,447782,447939,7,157,1,1800,1.04458598726
447776,447788,447793,12,5,1,3600,1.7
447912,447919,447995,7,76,1,3600,1.09210526316
448131,448138,448372,7,234,1,3600,1.02991452991
448627,448634,448999,7,365,1,3600,1.01917808219
448769,455913,455914,7144,1,1,144000,714.5
450921,450928,450930,7,2,10,18000,1.0
451111,455926,455927,4815,1,1,144000,481.6
451149,455939,455940,4790,1,1,144000,479.1
451180,455952,455953,4772,1,1,144000,477.3
458468,458475,458476,7,1,1,144000,1.0
458544,458552,602570,8,144018,1,144000,1.00005554861
458550,463763,607777,5213,144014,1,144000,1.03619786965
458563,467886,611935,9323,144049,1,144000,1.06472103243
458573,524134,668166,65561,144032,1,144000,1.45518357032
461397,463380,467872,1983,4492,1,36000,1.44145146928
465641,466214,477017,573,10803,116,10800,1.05304082199
467043,472973,473008,5930,35,1,60,170.428571429
467964,472938,472976,4974,38,1,90,131.894736842
468020,472933,472967,4913,34,1,90,145.5
468095,503604,532482,35509,28878,4,28860,2.2296211649
468194,472927,472961,4733,34,2,90,140.205882353
468263,472879,472915,4616,36,4,90,129.222222222
468318,492100,498194,23782,6094,1,36000,4.90252707581
468452,501558,514110,33106,12552,16,18000,3.63750796686
468724,501563,528870,32839,27307,16,36000,2.20258541766
470742,520946,549899,50204,28953,1,72000,2.73398266155
471282,501595,530043,30313,28448,10,43200,2.06555821147
471711,499353,520913,27642,21560,2,43200,2.28209647495
472141,502984,526133,30843,23149,10,43200,2.33236856884
473381,506813,521487,33432,14674,12,129600,3.27831538776
474273,524209,819852,49936,295643,1,345600,1.16890641754
474363,501579,502264,27216,685,20,7199,40.7313868613
474677,502188,502886,27511,698,20,7199,40.4140401146
474752,502276,502972,27524,696,20,7199,40.5459770115
474945,502898,503586,27953,688,20,7199,41.6293604651
478536,501585,1041604,23049,540019,10,540000,1.04268183157
478654,501590,1041628,22936,540038,10,540000,1.04247108537
478917,490730,490766,11813,36,2,18000,329.138888889
480649,490719,501545,10070,10826,116,10800,1.9301681138
482110,482117,482131,7,14,2,60,1.5
482367,482374,482376,7,2,2,60,1.0
482368,482381,482389,13,8,2,60,2.1
482401,482408,482411,7,3,2,60,1.0
482666,524620,590977,41954,66357,1,172800,1.63224678632
483685,521499,557516,37814,36017,4,36000,2.04989310603
484571,501568,573580,16997,72012,16,72000,1.23603010609
484642,501574,537612,16932,36038,16,36000,1.46983739386
484808,521505,557578,36697,36073,4,36060,2.01729825631
484932,490778,490781,5846,3,2,60,584.9
485110,490793,499340,5683,8547,2,12600,1.66491166491
486465,502990,872583,16525,369593,6,432000,1.04471134464
487975,501966,674777,13991,172811,2,172800,1.0809612814
488671,522388,522389,33717,1,1,604800,3371.8
488710,522382,522387,33672,5,3,604800,3367.7
488734,522400,522404,33666,4,3,604800,3367.0
491194,522407,522443,31213,36,1,3540,868.027777778
491452,498206,565204,6754,66998,1,205200,1.10080897937
491538,507079,585212,15541,78133,1,205200,1.19890443219
491592,520940,647798,29348,126858,1,205200,1.2313452837
492933,522416,522491,29483,75,1,3540,394.106666667
493034,522422,522649,29388,227,1,3540,130.462555066
493081,522427,522564,29346,137,1,3540,215.204379562
493200,522456,522535,29256,79,1,3540,371.329113924
493239,522503,522635,29264,132,1,3540,222.696969697
493286,501601,501954,8315,353,2,3540,24.5552407932
494440,524218,527822,29778,3604,1,3600,9.26248612653
500293,506818,542842,6525,36024,4,36000,1.18112924717
500299,509464,545497,9165,36033,4,36000,1.254350179
503504,503598,506736,94,3138,16,18000,1.0299553856
503662,506749,506801,3087,52,16,3600,60.3653846154
504798,526145,526146,21347,1,1,240,2134.8
506191,520925,520928,14734,3,2,60,1473.7
507882,514122,550145,6240,36023,16,36000,1.1732226633
515623,526151,526152,10528,1,1,240,1052.9
516910,522547,522793,5637,246,1,3540,23.9146341463
517270,522576,524608,5306,2032,1,3540,3.61122047244
517345,522648,522823,5303,175,1,3540,31.3028571429
517392,522661,522923,5269,262,1,3540,21.1106870229
517444,522805,523282,5361,477,1,3540,12.2389937107
517516,522835,523193,5319,358,1,3540,15.8575418994
517563,522935,523442,5372,507,1,3540,11.5956607495
517611,523206,523680,5595,474,1,3540,12.8037974684
517657,523294,523798,5637,504,1,3540,12.1845238095
517704,523454,523931,5750,477,1,3540,13.0545073375
517751,523692,524197,5941,505,1,3540,12.7643564356
517947,523811,524071,5864,260,1,3540,23.5538461538
518194,523943,524122,5749,179,1,3540,33.1173184358
518372,521510,521708,3138,198,4,3540,16.8484848485
518544,521720,521840,3176,120,4,3540,27.4666666667
518716,521852,522370,3136,518,4,3540,7.05405405405
518765,524083,524206,5318,123,1,3540,44.2357723577
527062,527069,527075,7,6,1,3600,1.3
527192,527199,527396,7,197,1,3600,1.03553299492
527529,527536,527838,7,302,1,3600,1.02317880795
528076,528083,528470,7,387,1,3600,1.0180878553
528999,529006,529012,7,6,1,3600,1.3
529131,529138,529214,7,76,1,3600,1.09210526316
529350,529358,529585,8,227,1,3600,1.03524229075
529841,529849,530185,8,336,1,3600,1.02380952381
530674,530681,530689,7,8,1,1800,1.5
530682,530689,530696,7,7,1,3600,1.4
530814,530821,530957,7,136,1,3600,1.05147058824
530893,530901,530977,8,76,1,1800,1.10526315789
531091,531098,531491,7,393,1,3600,1.01781170483
531208,531215,531307,7,92,1,1800,1.07608695652
531729,531736,532201,7,465,1,3600,1.01505376344
531817,531824,532024,7,200,1,1800,1.035
532675,532683,532689,8,6,1,1800,1.4
532732,532739,532745,7,6,1,3600,1.3
532835,532842,532881,7,39,1,1800,1.17948717949
532864,532871,532949,7,78,1,3600,1.08974358974
533084,533091,533165,7,74,1,1800,1.09459459459
533085,533097,533385,12,288,1,3600,1.04166666667
533640,533648,534078,8,430,1,3600,1.01860465116
533715,533722,533880,7,158,1,1800,1.04430379747
538435,538442,538466,7,24,1,1800,1.29166666667
538587,538595,538634,8,39,1,1800,1.20512820513
538718,538725,538806,7,81,1,1800,1.08641975309
538769,538776,538855,7,79,1,1800,1.08860759494
538919,538926,539012,7,86,1,1800,1.08139534884
539495,539502,539745,7,243,1,1800,1.02880658436
554434,554441,559205,7,4764,1,7200,1.00146935348
568454,568461,640511,7,72050,4,72000,1.00009715475
581700,581706,582329,6,623,20,7199,1.00963081862
581832,581839,582447,7,608,20,7199,1.01151315789
581931,581939,582538,8,599,20,7199,1.01335559265
582037,582043,582630,6,587,20,7199,1.01022146508
582724,582731,582733,7,2,10,18000,1.0
582843,582850,582851,7,1,5,540000,1.0
583069,583075,583090,6,15,4,36060,1.4
583163,583169,583197,6,28,4,36060,1.21428571429
583191,583198,583199,7,1,5,540000,1.0
583273,583280,583281,7,1,4,540000,1.0
583304,583318,619398,14,36080,4,36060,1.00038802661
583534,583541,1123558,7,540017,5,540000,1.00001296255
583563,583570,619577,7,36007,4,36000,1.00019440664
583734,583741,619831,7,36090,4,36060,1.00019395955
591708,591715,599189,7,7474,16,36000,1.00093658014
595852,595859,724906,7,129047,4,604800,1.0000542438
599417,599424,603048,7,3624,16,3600,1.00193156733
602828,602835,603378,7,543,20,7199,1.01289134438
602877,602884,603412,7,528,20,7199,1.01325757576
602945,602952,603508,7,556,20,7199,1.01258992806
603000,603060,603417,60,357,20,7199,1.16806722689
603052,603390,689821,338,86431,20,86399,1.00391063392
603310,603317,603563,7,246,1,3540,1.02845528455
603665,603671,605707,6,2036,1,3540,1.00294695481
603739,603747,603922,8,175,1,3540,1.04571428571
603787,603794,604054,7,260,1,3540,1.02692307692
603836,603843,604369,7,526,1,3540,1.01330798479
603908,603916,604325,8,409,1,3540,1.0195599022
603956,603963,604471,7,508,1,3540,1.01377952756
604004,604010,604490,6,480,1,3540,1.0125
604053,604059,604566,6,507,1,3540,1.01183431953
604100,604107,604581,7,474,1,3540,1.01476793249
604148,604155,604658,7,503,1,3540,1.01391650099
604345,604351,604612,6,261,1,3540,1.02298850575
604525,604532,604689,7,157,16,3600,1.04458598726
604595,604601,604780,6,179,1,3540,1.03351955307
604771,604777,604971,6,194,4,3540,1.03092783505
