SubmitTime,StartTime,EndTime,QueuedTime,RunTime,NodesRequested,walltime,bslowdown
335,392,2049,57,1657,2,9000,1.0343995172
396,407,2061,11,1654,2,9000,1.00665054414
407,420,2073,13,1653,2,9000,1.00786448881
417,440,2114,23,1674,2,9000,1.013739546
438,447,2079,9,1632,2,9000,1.00551470588
449,1036,2719,587,1683,2,9000,1.34878193702
1039,1053,2726,14,1673,2,9000,1.00836820084
1049,1059,2697,10,1638,2,9000,1.00610500611
1060,1097,2726,37,1629,2,9000,1.02271332106
1102,1120,2775,18,1655,2,9000,1.01087613293
1122,1154,2777,32,1623,2,9000,1.01971657425
1154,1161,2789,7,1628,2,9000,1.0042997543
1164,1170,2808,6,1638,2,9000,1.00366300366
1175,1181,2810,6,1629,2,9000,1.00368324125
1186,1191,2813,5,1622,2,9000,1.00308261406
1196,1202,2818,6,1616,2,9000,1.00371287129
1207,1213,2851,6,1638,2,9000,1.00366300366
1218,1224,2873,6,1649,2,9000,1.00363856883
1228,1234,2883,6,1649,2,9000,1.00363856883
1239,1245,2897,6,1652,2,9000,1.00363196126
1250,1256,2893,6,1637,2,9000,1.0036652413
1260,1267,2919,7,1652,2,9000,1.00423728814
1271,1277,2915,6,1638,2,9000,1.00366300366
1282,1288,2923,6,1635,2,9000,1.00366972477
1292,1299,2961,7,1662,2,9000,1.00421179302
1303,1309,2986,6,1677,2,9000,1.00357781753
1314,1320,2966,6,1646,2,9000,1.00364520049
1325,1331,2989,6,1658,2,9000,1.00361881785
1335,1341,2986,6,1645,2,9000,1.00364741641
1346,1352,3003,6,1651,2,9000,1.00363416111
1357,1363,3012,6,1649,2,9000,1.00363856883
1367,1373,2987,6,1614,2,9000,1.00371747212
1378,1384,3051,6,1667,2,9000,1.00359928014
1389,1395,3029,6,1634,2,9000,1.00367197062
1399,1406,3041,7,1635,2,9000,1.00428134557
1410,1416,3054,6,1638,2,9000,1.00366300366
1421,1427,3081,6,1654,2,9000,1.00362756953
1431,1437,3053,6,1616,2,9000,1.00371287129
1442,1448,3099,6,1651,2,9000,1.00363416111
1453,1459,3084,6,1625,2,9000,1.00369230769
1463,1470,3120,7,1650,2,9000,1.00424242424
1474,1480,3134,6,1654,2,9000,1.00362756953
1485,1491,3122,6,1631,2,9000,1.00367872471
1495,1501,3134,6,1633,2,9000,1.00367421923
1506,1512,3140,6,1628,2,9000,1.00368550369
1517,1523,3177,6,1654,2,9000,1.00362756953
1527,1534,3186,7,1652,2,9000,1.00423728814
1538,1544,3199,6,1655,2,9000,1.00362537764
1549,1555,3188,6,1633,2,9000,1.00367421923
1559,1566,3223,7,1657,2,9000,1.00422450211
1570,1576,3193,6,1617,2,9000,1.00371057514
1581,1808,3426,227,1618,2,9000,1.14029666255
1806,1814,3474,8,1660,2,9000,1.00481927711
1817,1823,3475,6,1652,2,9000,1.00363196126
1828,1977,3629,149,1652,2,9000,1.0901937046
1982,2060,3691,78,1631,2,9000,1.04782342121
2064,2073,3721,9,1648,2,9000,1.00546116505
2075,2085,3738,10,1653,2,9000,1.00604960678
2086,2092,3757,6,1665,2,9000,1.0036036036
2096,2126,3774,30,1648,2,9000,1.0182038835
2128,2708,4354,580,1646,2,9000,1.35236938032
2711,2730,4385,19,1655,2,9000,1.01148036254
2732,2738,4387,6,1649,2,9000,1.00363856883
2743,2749,4396,6,1647,2,9000,1.00364298725
2754,2787,4435,33,1648,2,9000,1.02002427184
2785,2794,4470,9,1676,2,9000,1.0053699284
2795,2801,4427,6,1626,2,9000,1.0036900369
2806,2819,4460,13,1641,2,9000,1.00792199878
2817,2827,4487,10,1660,2,9000,1.00602409639
2828,2833,4485,5,1652,2,9000,1.00302663438
2838,2844,4501,6,1657,2,9000,1.00362100181
2849,2862,4465,13,1603,2,9000,1.00810979414
2860,2884,4488,24,1604,2,9000,1.01496259352
2881,2894,4502,13,1608,2,9000,1.00808457711
2891,2904,4502,13,1598,2,9000,1.00813516896
2902,2910,4565,8,1655,2,9000,1.00483383686
2913,2926,4588,13,1662,2,9000,1.00782190132
2923,2932,4599,9,1667,2,9000,1.00539892022
2934,2940,4632,6,1692,2,9000,1.00354609929
2945,2973,4637,28,1664,2,9000,1.01682692308
2976,2982,4639,6,1657,2,9000,1.00362100181
2987,2997,4649,10,1652,2,9000,1.00605326877
2997,3004,4687,7,1683,2,9000,1.00415923945
3008,3014,4636,6,1622,2,9000,1.00369913687
3019,3025,4661,6,1636,2,9000,1.00366748166
3029,3036,4626,7,1590,2,9000,1.00440251572
3040,3046,4691,6,1645,2,9000,1.00364741641
3051,3057,4693,6,1636,2,9000,1.00366748166
3062,3068,4669,6,1601,2,9000,1.00374765771
3072,3078,4682,6,1604,2,9000,1.00374064838
3083,3089,4745,6,1656,2,9000,1.00362318841
3094,3100,4764,6,1664,2,9000,1.00360576923
3104,3110,4752,6,1642,2,9000,1.00365408039
3115,3121,4764,6,1643,2,9000,1.00365185636
3126,3131,4777,5,1646,2,9000,1.00303766707
3136,3142,4770,6,1628,2,9000,1.00368550369
3147,3153,4774,6,1621,2,9000,1.00370141888
3158,3164,4804,6,1640,2,9000,1.00365853659
3168,3175,4806,7,1631,2,9000,1.00429184549
3179,3185,4791,6,1606,2,9000,1.00373599004
3190,3196,4810,6,1614,2,9000,1.00371747212
3200,3207,4789,7,1582,2,9000,1.00442477876
3211,3217,4779,6,1562,2,9000,1.00384122919
3222,3228,4831,6,1603,2,9000,1.00374298191
3233,3239,4839,6,1600,2,9000,1.00375
3296,3302,4910,6,1608,2,9000,1.00373134328
3306,3438,5042,132,1604,2,9000,1.08229426434
3440,3486,5100,46,1614,2,9000,1.02850061958
3492,3498,5148,6,1650,2,9000,1.00363636364
3502,3641,5256,139,1615,2,9000,1.08606811146
3646,3704,5312,58,1608,2,9000,1.03606965174
3708,3732,5352,24,1620,2,9000,1.01481481481
3729,3750,5386,21,1636,2,9000,1.01283618582
3750,3766,5409,16,1643,2,9000,1.00973828363
3771,3785,5379,14,1594,2,9000,1.00878293601
3781,4365,5967,584,1602,2,9000,1.3645443196
4365,4397,5987,32,1590,2,9000,1.02012578616
4396,4403,5988,7,1585,2,9000,1.00441640379
4407,4413,6002,6,1589,2,9000,1.00377595972
4418,4438,6044,20,1606,2,9000,1.01245330012
4439,4446,6042,7,1596,2,9000,1.00438596491
4449,4471,6074,22,1603,2,9000,1.013724267
4470,4477,6085,7,1608,2,9000,1.00435323383
4481,4487,6102,6,1615,2,9000,1.00371517028
4492,4498,6101,6,1603,2,9000,1.00374298191
4502,4508,6096,6,1588,2,9000,1.00377833753
4513,4519,6125,6,1606,2,9000,1.00373599004
4524,4530,6119,6,1589,2,9000,1.00377595972
4534,4541,6115,7,1574,2,9000,1.00444726811
4545,4551,6142,6,1591,2,9000,1.00377121307
4556,4578,6168,22,1590,2,9000,1.01383647799
4577,4599,6186,22,1587,2,9000,1.0138626339
4598,4611,6203,13,1592,2,9000,1.00816582915
4608,4638,6245,30,1607,2,9000,1.01866832607
4639,4646,6243,7,1597,2,9000,1.00438321853
4650,4656,6256,6,1600,2,9000,1.00375
4661,4667,6260,6,1593,2,9000,1.00376647834
4672,4678,6276,6,1598,2,9000,1.00375469337
4682,4688,6286,6,1598,2,9000,1.00375469337
4693,4699,6298,6,1599,2,9000,1.00375234522
4704,4710,6302,6,1592,2,9000,1.00376884422
4714,4720,6318,6,1598,2,9000,1.00375469337
4725,4731,6333,6,1602,2,9000,1.00374531835
4736,4742,6318,6,1576,2,9000,1.0038071066
4746,4753,6350,7,1597,2,9000,1.00438321853
4757,4763,6348,6,1585,2,9000,1.00378548896
4768,4774,6355,6,1581,2,9000,1.00379506641
4778,4785,6376,7,1591,2,9000,1.00439974859
4789,4795,6396,6,1601,2,9000,1.00374765771
4800,4806,6422,6,1616,2,9000,1.00371287129
4811,4817,6433,6,1616,2,9000,1.00371287129
4821,4827,6431,6,1604,2,9000,1.00374064838
4832,4838,6450,6,1612,2,9000,1.00372208437
4843,4849,6459,6,1610,2,9000,1.00372670807
4853,4859,6452,6,1593,2,9000,1.00376647834
4864,4870,6466,6,1596,2,9000,1.0037593985
4875,4881,6492,6,1611,2,9000,1.00372439479
4885,4891,6486,6,1595,2,9000,1.00376175549
4896,4902,6538,6,1636,2,9000,1.00366748166
4907,4913,6509,6,1596,2,9000,1.0037593985
4917,4924,6532,7,1608,2,9000,1.00435323383
4928,4934,6558,6,1624,2,9000,1.00369458128
4939,4945,6578,6,1633,2,9000,1.00367421923
4949,5054,6673,105,1619,2,9000,1.06485484867
5052,5111,6750,59,1639,2,9000,1.03599755949
5114,5160,6806,46,1646,2,9000,1.02794653706
5155,5268,6890,113,1622,2,9000,1.06966707768
5270,5323,6972,53,1649,2,9000,1.03214069133
5321,5363,6981,42,1618,2,9000,1.02595797281
5363,5391,7024,28,1633,2,9000,1.0171463564
5394,5400,7015,6,1615,2,9000,1.00371517028
5405,5421,7052,16,1631,2,9000,1.00980993256
5426,5979,7603,553,1624,2,9000,1.34051724138
5979,5999,7610,20,1611,2,9000,1.01241464929
6000,6005,7630,5,1625,2,9000,1.00307692308
6010,6017,7643,7,1626,2,9000,1.00430504305
6021,6053,7673,32,1620,2,9000,1.01975308642
6052,6059,7694,7,1635,2,9000,1.00428134557
6063,6085,7708,22,1623,2,9000,1.01355514479
6084,6097,7718,13,1621,2,9000,1.0080197409
6095,6107,7744,12,1637,2,9000,1.00733048259
6105,6113,7744,8,1631,2,9000,1.00490496628
6116,6122,7751,6,1629,2,9000,1.00368324125
6127,6133,7756,6,1623,2,9000,1.00369685767
6137,6144,7778,7,1634,2,9000,1.00428396573
6148,6154,7787,6,1633,2,9000,1.00367421923
6159,6165,7794,6,1629,2,9000,1.00368324125
6169,6180,7796,11,1616,2,9000,1.00680693069
6180,6197,7821,17,1624,2,9000,1.0104679803
6201,6215,7845,14,1630,2,9000,1.00858895706
6212,6254,7878,42,1624,2,9000,1.02586206897
6253,6261,7880,8,1619,2,9000,1.0049413218
6264,6270,7902,6,1632,2,9000,1.00367647059
6274,6281,7882,7,1601,2,9000,1.00437226733
6285,6291,7913,6,1622,2,9000,1.00369913687
6296,6302,7936,6,1634,2,9000,1.00367197062
6307,6313,7936,6,1623,2,9000,1.00369685767
6317,6323,7954,6,1631,2,9000,1.00367872471
6328,6334,7953,6,1619,2,9000,1.00370599135
6339,6344,7941,5,1597,2,9000,1.00313087038
6349,6356,7975,7,1619,2,9000,1.00432365658
6360,6366,7965,6,1599,2,9000,1.00375234522
6371,6377,8014,6,1637,2,9000,1.0036652413
6381,6387,8013,6,1626,2,9000,1.0036900369
6392,6398,8028,6,1630,2,9000,1.0036809816
6403,6409,8032,6,1623,2,9000,1.00369685767
6413,6433,8049,20,1616,2,9000,1.01237623762
6434,6442,8077,8,1635,2,9000,1.00489296636
6445,6451,8059,6,1608,2,9000,1.00373134328
6456,6462,8094,6,1632,2,9000,1.00367647059
6466,6473,8077,7,1604,2,9000,1.00436408978
6477,6483,8119,6,1636,2,9000,1.00366748166
6488,6494,8114,6,1620,2,9000,1.0037037037
6499,6505,8095,6,1590,2,9000,1.00377358491
6509,6515,8122,6,1607,2,9000,1.00373366521
6520,6526,8117,6,1591,2,9000,1.00377121307
6531,6543,8134,12,1591,2,9000,1.00754242615
6544,6550,8235,6,1685,2,9000,1.00356083086
6555,6569,8120,14,1551,2,9000,1.00902643456
6566,6590,8165,24,1575,2,9000,1.01523809524
6587,6684,8269,97,1585,2,9000,1.06119873817
6690,6761,8357,71,1596,2,9000,1.04448621554
6762,6818,8455,56,1637,2,9000,1.03420891875
6814,6901,8501,87,1600,2,9000,1.054375
6906,6983,8623,77,1640,2,9000,1.04695121951
6989,6995,8611,6,1616,2,9000,1.00371287129
6999,7026,8661,27,1635,2,9000,1.01651376147
7030,7036,8704,6,1668,2,9000,1.0035971223
7041,7064,8741,23,1677,2,9000,1.0137149672
7062,7614,9289,552,1675,2,9000,1.32955223881
7615,7621,9259,6,1638,2,9000,1.00366300366
7626,7642,9282,16,1640,2,9000,1.00975609756
7647,7655,9333,8,1678,2,9000,1.00476758045
7658,7685,9346,27,1661,2,9000,1.01625526791
7689,7705,9392,16,1687,2,9000,1.00948429164
7710,7719,9363,9,1644,2,9000,1.00547445255
7721,7730,9348,9,1618,2,9000,1.00556242274
7731,7756,9398,25,1642,2,9000,1.01522533496
7752,7762,9431,10,1669,2,9000,1.00599161174
7763,7769,9408,6,1639,2,9000,1.00366076876
7774,7780,9446,6,1666,2,9000,1.00360144058
7784,7790,9479,6,1689,2,9000,1.00355239787
7795,7801,9475,6,1674,2,9000,1.00358422939
7806,7812,9476,6,1664,2,9000,1.00360576923
7816,7823,9501,7,1678,2,9000,1.0041716329
7827,7833,9452,6,1619,2,9000,1.00370599135
7838,7844,9459,6,1615,2,9000,1.00371517028
7849,7855,9498,6,1643,2,9000,1.00365185636
7859,7865,9504,6,1639,2,9000,1.00366076876
7870,7876,9519,6,1643,2,9000,1.00365185636
7881,7890,9559,9,1669,2,9000,1.00539245057
7891,7897,9600,6,1703,2,9000,1.00352319436
7902,7908,9618,6,1710,2,9000,1.00350877193
7913,7919,9650,6,1731,2,9000,1.00346620451
7923,7930,9669,7,1739,2,9000,1.0040253019
7934,7947,9606,13,1659,2,9000,1.00783604581
7945,7953,9594,8,1641,2,9000,1.00487507617
7956,7962,9600,6,1638,2,9000,1.00366300366
7966,7972,9616,6,1644,2,9000,1.00364963504
7977,7983,9618,6,1635,2,9000,1.00366972477
7988,7994,9663,6,1669,2,9000,1.00359496705
7998,8004,9658,6,1654,2,9000,1.00362756953
8009,8025,9677,16,1652,2,9000,1.00968523002
8030,8037,9726,7,1689,2,9000,1.00414446418
8041,8048,9732,7,1684,2,9000,1.0041567696
8051,8057,9755,6,1698,2,9000,1.0035335689
8062,8068,9751,6,1683,2,9000,1.00356506239
8073,8079,9807,6,1728,2,9000,1.00347222222
8083,8090,9718,7,1628,2,9000,1.0042997543
8094,8100,9721,6,1621,2,9000,1.00370141888
8105,8111,9737,6,1626,2,9000,1.0036900369
8117,8123,9757,6,1634,2,9000,1.00367197062
8128,8134,9759,6,1625,2,9000,1.00369230769
8139,8145,9818,6,1673,2,9000,1.00358637179
8149,8155,9812,6,1657,2,9000,1.00362100181
8160,8166,9851,6,1685,2,9000,1.00356083086
8172,8178,9907,6,1729,2,9000,1.003470214
8183,8189,9843,6,1654,2,9000,1.00362756953
8194,8200,9883,6,1683,2,9000,1.00356506239
8205,8246,10001,41,1755,2,9000,1.02336182336
8246,8280,10043,34,1763,2,9000,1.01928530913
8277,8293,9900,16,1607,2,9000,1.00995644057
8288,8369,9980,81,1611,2,9000,1.05027932961
8370,8466,10100,96,1634,2,9000,1.05875152999
8463,8512,10144,49,1632,2,9000,1.0300245098
8514,8623,10246,109,1623,2,9000,1.06715958102
8627,8635,10339,8,1704,2,9000,1.00469483568
8638,8673,10328,35,1655,2,9000,1.02114803625
8660,9302,9308,642,6,1,3600,64.8
8669,8715,10362,46,1647,2,9000,1.02792956891
8711,8752,10429,41,1677,2,9000,1.0244484198
8752,9271,10984,519,1713,2,9000,1.30297723292
9275,9294,10927,19,1633,2,9000,1.01163502756
9296,9318,10925,22,1607,2,9000,1.01369010579
9317,9344,11010,27,1666,2,9000,1.01620648259
9348,9357,11038,9,1681,2,9000,1.00535395598
9359,9365,11054,6,1689,2,9000,1.00355239787
9369,9375,11052,6,1677,2,9000,1.00357781753
9380,9404,11064,24,1660,2,9000,1.01445783133
9401,9410,11084,9,1674,2,9000,1.00537634409
9412,9419,11053,7,1634,2,9000,1.00428396573
9417,9499,9616,82,117,1,3600,1.70085470085
9422,9442,11136,20,1694,2,9000,1.01180637544
9443,9458,11136,15,1678,2,9000,1.00893921335
9454,9466,11114,12,1648,2,9000,1.0072815534
9465,9472,11082,7,1610,2,9000,1.00434782609
9476,9486,11087,10,1601,2,9000,1.00624609619
9486,9493,11118,7,1625,2,9000,1.00430769231
9497,9510,11139,13,1629,2,9000,1.00798035605
9508,9516,11165,8,1649,2,9000,1.00485142511
9518,9525,11154,7,1629,2,9000,1.00429711479
9529,9535,11207,6,1672,2,9000,1.00358851675
9540,9571,11231,31,1660,2,9000,1.0186746988
9571,9607,11260,36,1653,2,9000,1.02177858439
9602,9614,11261,12,1647,2,9000,1.0072859745
9613,9620,11289,7,1669,2,9000,1.00419412822
9624,9631,11291,7,1660,2,9000,1.00421686747
9635,9641,11285,6,1644,2,9000,1.00364963504
9646,9652,11256,6,1604,2,9000,1.00374064838
9656,9662,11265,6,1603,2,9000,1.00374298191
9667,9673,11293,6,1620,2,9000,1.0037037037
9678,9684,11306,6,1622,2,9000,1.00369913687
9689,9695,11318,6,1623,2,9000,1.00369685767
9699,9705,11340,6,1635,2,9000,1.00366972477
9710,9716,11364,6,1648,2,9000,1.0036407767
9721,9727,11397,6,1670,2,9000,1.00359281437
9731,9739,11401,8,1662,2,9000,1.00481347774
9742,9749,11383,7,1634,2,9000,1.00428396573
9743,11070,11336,1327,266,1,3600,5.98872180451
9753,9759,11411,6,1652,2,9000,1.00363196126
9764,9769,11463,5,1694,2,9000,1.00295159386
9774,9781,11421,7,1640,2,9000,1.00426829268
9785,9791,11464,6,1673,2,9000,1.00358637179
9796,9802,11389,6,1587,2,9000,1.00378071834
9807,9813,11413,6,1600,2,9000,1.00375
9817,9823,11437,6,1614,2,9000,1.00371747212
9828,9834,11492,6,1658,2,9000,1.00361881785
9839,9845,11507,6,1662,2,9000,1.0036101083
9850,9856,11496,6,1640,2,9000,1.00365853659
9860,9867,11496,7,1629,2,9000,1.00429711479
9871,9877,11558,6,1681,2,9000,1.00356930399
9882,9894,11558,12,1664,2,9000,1.00721153846
9892,9911,11555,19,1644,2,9000,1.01155717762
9913,9920,11527,7,1607,2,9000,1.00435594275
9924,9991,11622,67,1631,2,9000,1.04107909258
9996,10012,11617,16,1605,2,9000,1.00996884735
10017,10054,11677,37,1623,2,9000,1.02279728897
10059,10111,11746,52,1635,2,9000,1.03180428135
10110,10155,11816,45,1661,2,9000,1.02709211318
10152,10257,11889,105,1632,2,9000,1.06433823529
10255,10341,11960,86,1619,2,9000,1.05311920939
10337,10350,12006,13,1656,2,9000,1.00785024155
10348,10373,12096,25,1723,2,9000,1.01450957632
10369,10440,12120,71,1680,2,9000,1.04226190476
10441,10936,12518,495,1582,2,9000,1.31289506953
10933,10942,12549,9,1607,2,9000,1.00560049782
10943,10996,12658,53,1662,2,9000,1.03188929001
10995,11022,12656,27,1634,2,9000,1.01652386781
11026,11049,12677,23,1628,2,9000,1.01412776413
11047,11064,12704,17,1640,2,9000,1.01036585366
11068,11077,12722,9,1645,2,9000,1.00547112462
11079,11085,12770,6,1685,2,9000,1.00356083086
11089,11095,12720,6,1625,2,9000,1.00369230769
11100,11106,12684,6,1578,2,9000,1.00380228137
11114,11120,12736,6,1616,2,9000,1.00371287129
11124,11131,12734,7,1603,2,9000,1.00436681223
11135,11141,12748,6,1607,2,9000,1.00373366521
11146,11152,12755,6,1603,2,9000,1.00374298191
11157,11163,12776,6,1613,2,9000,1.00371977681
11168,11174,12770,6,1596,2,9000,1.0037593985
11171,11180,12872,9,1692,2,9000,1.00531914894
11182,11187,12873,5,1686,2,9000,1.00296559905
11193,11218,12906,25,1688,2,9000,1.01481042654
11216,11242,12892,26,1650,2,9000,1.01575757576
11248,11267,12914,19,1647,2,9000,1.01153612629
11270,11276,12900,6,1624,2,9000,1.00369458128
11280,11287,12921,7,1634,2,9000,1.00428396573
11291,11297,12924,6,1627,2,9000,1.0036877689
11302,11308,12939,6,1631,2,9000,1.00367872471
11313,11318,12919,5,1601,2,9000,1.00312304809
11323,11329,12949,6,1620,2,9000,1.0037037037
11334,11340,12939,6,1599,2,9000,1.00375234522
11345,11351,12982,6,1631,2,9000,1.00367872471
11356,11362,13074,6,1712,2,9000,1.0035046729
11367,11373,13126,6,1753,2,9000,1.00342270394
11377,11383,13083,6,1700,2,9000,1.00352941176
11388,11394,13096,6,1702,2,9000,1.00352526439
11399,11405,13157,6,1752,2,9000,1.00342465753
11409,11416,13153,7,1737,2,9000,1.00402993667
11420,11426,13190,6,1764,2,9000,1.00340136054
11431,11437,13151,6,1714,2,9000,1.00350058343
11495,11501,13085,6,1584,2,9000,1.00378787879
11506,11513,13114,7,1601,2,9000,1.00437226733
11517,11523,13134,6,1611,2,9000,1.00372439479
11527,11533,13139,6,1606,2,9000,1.00373599004
11538,11544,13153,6,1609,2,9000,1.00372902424
11549,11555,13175,6,1620,2,9000,1.0037037037
11559,11566,13167,7,1601,2,9000,1.00437226733
11570,11576,13163,6,1587,2,9000,1.00378071834
11575,11582,12165,7,583,1,3600,1.01200686106
11581,11588,13198,7,1610,2,9000,1.00434782609
11592,11598,13205,6,1607,2,9000,1.00373366521
11602,11608,13228,6,1620,2,9000,1.0037037037
11613,11619,13228,6,1609,2,9000,1.00372902424
11624,11630,13254,6,1624,2,9000,1.00369458128
11634,11641,13255,7,1614,2,9000,1.00433705081
11645,11651,13268,6,1617,2,9000,1.00371057514
11656,11689,13321,33,1632,2,9000,1.02022058824
11687,11757,13350,70,1593,2,9000,1.04394224733
11761,11828,13446,67,1618,2,9000,1.0414091471
11825,11900,13502,75,1602,2,9000,1.0468164794
11897,11971,13571,74,1600,2,9000,1.04625
11969,12017,13649,48,1632,2,9000,1.02941176471
12021,12107,13715,86,1608,2,9000,1.05348258706
12113,12131,13769,18,1638,2,9000,1.01098901099
12134,12175,13784,41,1609,2,9000,1.02548166563
12176,12529,14158,353,1629,2,9000,1.21669736034
12244,12696,12704,452,8,1,1800,46.0
12534,12560,14190,26,1630,2,9000,1.01595092025
12565,12667,14285,102,1618,2,9000,1.0630407911
12587,12706,12826,119,120,1,3600,1.99166666667
12668,12674,14262,6,1588,2,9000,1.00377833753
12679,12689,14263,10,1574,2,9000,1.00635324015
12690,12715,14324,25,1609,2,9000,1.01553760099
12711,12731,14357,20,1626,2,9000,1.012300123
12721,12737,12742,16,5,1,3600,2.1
12732,12743,14367,11,1624,2,9000,1.00677339901
12743,12750,14364,7,1614,2,9000,1.00433705081
12753,12759,14367,6,1608,2,9000,1.00373134328
12764,12770,14389,6,1619,2,9000,1.00370599135
12774,12781,14352,7,1571,2,9000,1.00445576066
12785,12791,14362,6,1571,2,9000,1.00381922342
12796,12802,14385,6,1583,2,9000,1.00379027164
12806,12812,14426,6,1614,2,9000,1.00371747212
12817,12836,14445,19,1609,2,9000,1.01180857676
12838,12883,14479,45,1596,2,9000,1.02819548872
12850,12927,13012,77,85,1,3600,1.90588235294
12865,12932,13010,67,78,1,1800,1.85897435897
12879,12891,14488,12,1597,2,9000,1.00751408892
12890,12903,14481,13,1578,2,9000,1.0082382763
12901,12913,14509,12,1596,2,9000,1.00751879699
12911,12920,14550,9,1630,2,9000,1.00552147239
12922,12939,14586,17,1647,2,9000,1.01032179721
12943,12949,14587,6,1638,2,9000,1.00366300366
12954,12965,13262,11,297,1,3600,1.03703703704
12954,12960,14611,6,1651,2,9000,1.00363416111
12965,12972,14556,7,1584,2,9000,1.00441919192
12975,12982,14575,7,1593,2,9000,1.00439422473
12986,12994,14623,8,1629,2,9000,1.00491098834
12998,13020,14599,22,1579,2,9000,1.0139328689
13020,13085,14668,65,1583,2,9000,1.04106127606
13082,13095,14683,13,1588,2,9000,1.00818639798
13092,13101,14682,9,1581,2,9000,1.00569259962
13103,13109,14719,6,1610,2,9000,1.00372670807
13114,13126,14735,12,1609,2,9000,1.00745804848
13124,13137,14758,13,1621,2,9000,1.0080197409
13135,13145,14749,10,1604,2,9000,1.00623441397
13146,13152,14768,6,1616,2,9000,1.00371287129
13148,13181,13458,33,277,1,3600,1.11913357401
13156,13162,14807,6,1645,2,9000,1.00364741641
13167,13174,14808,7,1634,2,9000,1.00428396573
13178,13188,14870,10,1682,2,9000,1.00594530321
13189,13195,14825,6,1630,2,9000,1.0036809816
13200,13206,14794,6,1588,2,9000,1.00377833753
13210,13216,14828,6,1612,2,9000,1.00372208437
13221,13228,14846,7,1618,2,9000,1.0043263288
13232,13239,14873,7,1634,2,9000,1.00428396573
13242,13248,14879,6,1631,2,9000,1.00367872471
13253,13259,14871,6,1612,2,9000,1.00372208437
13264,13272,14934,8,1662,2,9000,1.00481347774
13276,13282,14886,6,1604,2,9000,1.00374064838
13283,13289,13394,6,105,1,1800,1.05714285714
13287,13295,14906,8,1611,2,9000,1.00496585971
13297,13303,14936,6,1633,2,9000,1.00367421923
13308,13314,14928,6,1614,2,9000,1.00371747212
13319,13332,14946,13,1614,2,9000,1.00805452292
13329,13362,14994,33,1632,2,9000,1.02022058824
13361,13458,15079,97,1621,2,9000,1.05983960518
13464,13470,15199,6,1729,2,9000,1.003470214
13474,13514,15116,40,1602,2,9000,1.02496878901
13498,14281,14851,783,570,1,3600,2.37368421053
13515,13584,15176,69,1592,2,9000,1.04334170854
13587,13661,15299,74,1638,2,9000,1.04517704518
13659,13727,15371,68,1644,2,9000,1.04136253041
13731,13781,15437,50,1656,2,9000,1.03019323671
13760,14286,14765,526,479,1,3600,2.09812108559
13782,13795,15426,13,1631,2,9000,1.0079705702
13793,14169,15824,376,1655,2,9000,1.22719033233
13884,14370,14758,486,388,1,1800,2.25257731959
14172,14201,15762,29,1561,2,9000,1.01857783472
14203,14273,15905,70,1632,2,9000,1.04289215686
14275,14297,15922,22,1625,2,9000,1.01353846154
14296,14335,15962,39,1627,2,9000,1.02397049785
14338,14363,16015,25,1652,2,9000,1.01513317191
14369,14378,16013,9,1635,2,9000,1.00550458716
14380,14386,16034,6,1648,2,9000,1.0036407767
14390,14396,16078,6,1682,2,9000,1.00356718193
14401,14408,16032,7,1624,2,9000,1.00431034483
14412,14418,16055,6,1637,2,9000,1.0036652413
14422,14429,16112,7,1683,2,9000,1.00415923945
14433,14440,16055,7,1615,2,9000,1.00433436533
14444,14457,16029,13,1572,2,9000,1.0082697201
14455,14491,16111,36,1620,2,9000,1.02222222222
14496,14502,16117,6,1615,2,9000,1.00371517028
14507,14513,16140,6,1627,2,9000,1.0036877689
14517,14524,16178,7,1654,2,9000,1.00423216445
14528,14561,16224,33,1663,2,9000,1.01984365604
14559,14568,16221,9,1653,2,9000,1.0054446461
14570,14587,16322,17,1735,2,9000,1.00979827089
14591,14598,16236,7,1638,2,9000,1.00427350427
14602,14608,16290,6,1682,2,9000,1.00356718193
14612,14619,16307,7,1688,2,9000,1.00414691943
14623,14629,16270,6,1641,2,9000,1.00365630713
14634,14640,16235,6,1595,2,9000,1.00376175549
14645,14680,16330,35,1650,2,9000,1.02121212121
14676,14694,16275,18,1581,2,9000,1.01138519924
14697,14703,16302,6,1599,2,9000,1.00375234522
14708,14731,16336,23,1605,2,9000,1.01433021807
14728,14747,16384,19,1637,2,9000,1.01160659743
14749,14760,16409,11,1649,2,9000,1.00667070952
14760,14768,16406,8,1638,2,9000,1.00488400488
14772,14778,16419,6,1641,2,9000,1.00365630713
14782,14789,16437,7,1648,2,9000,1.00424757282
14793,14806,16473,13,1667,2,9000,1.00779844031
14804,14818,16527,14,1709,2,9000,1.0081919251
14815,14824,16469,9,1645,2,9000,1.00547112462
14825,14836,16501,11,1665,2,9000,1.00660660661
14836,14842,16481,6,1639,2,9000,1.00366076876
14847,14861,16546,14,1685,2,9000,1.00830860534
14858,14868,16480,10,1612,2,9000,1.00620347395
14869,14881,16459,12,1578,2,9000,1.00760456274
14880,14888,16480,8,1592,2,9000,1.00502512563
14891,14897,16530,6,1633,2,9000,1.00367421923
14901,14908,16549,7,1641,2,9000,1.00426569165
14912,14918,16552,6,1634,2,9000,1.00367197062
14923,14929,16564,6,1635,2,9000,1.00366972477
14933,14940,16571,7,1631,2,9000,1.00429184549
14944,14950,16579,6,1629,2,9000,1.00368324125
14955,14961,16628,6,1667,2,9000,1.00359928014
14965,14971,16620,6,1649,2,9000,1.00363856883
14976,15006,16708,30,1702,2,9000,1.01762632197
15007,15091,16734,84,1643,2,9000,1.05112598904
15089,15128,16766,39,1638,2,9000,1.02380952381
15130,15187,16817,57,1630,2,9000,1.03496932515
15440,15446,15452,6,6,1,1800,1.2
15615,15621,15663,6,42,1,1800,1.14285714286
15739,15745,15832,6,87,1,3600,1.06896551724
15901,15907,15994,6,87,1,1800,1.06896551724
15962,15968,16306,6,338,1,3600,1.01775147929
16597,16603,17082,6,479,1,3600,1.01252609603
16622,16628,16897,6,269,1,1800,1.02230483271
19893,19899,19977,6,78,1,1800,1.07692307692
20218,20225,20318,7,93,1,1800,1.0752688172
20822,20829,21189,7,360,1,1800,1.01944444444
22331,22337,22375,6,38,1,1800,1.15789473684
22620,22626,22701,6,75,1,1800,1.08
23327,23333,23573,6,240,1,1800,1.025
28395,28406,29992,11,1586,2,9000,1.00693568726
28395,28401,29998,6,1597,2,9000,1.00375704446
28406,28412,30001,6,1589,2,9000,1.00377595972
28406,28417,29991,11,1574,2,9000,1.00698856417
28417,28424,30010,7,1586,2,9000,1.00441361917
28417,28430,30011,13,1581,2,9000,1.0082226439
28428,28441,30005,13,1564,2,9000,1.00831202046
28428,28436,30020,8,1584,2,9000,1.00505050505
28439,28448,30005,9,1557,2,9000,1.00578034682
28440,28454,30045,14,1591,2,9000,1.00879949717
28450,28460,30016,10,1556,2,9000,1.00642673522
28451,28466,30042,15,1576,2,9000,1.0095177665
28461,28472,30042,11,1570,2,9000,1.00700636943
28462,28477,30061,15,1584,2,9000,1.00946969697
28473,28484,30068,11,1584,2,9000,1.00694444444
28473,28489,30075,16,1586,2,9000,1.01008827238
28484,28496,30077,12,1581,2,9000,1.00759013283
28494,28502,30077,8,1575,2,9000,1.00507936508
28495,28507,30067,12,1560,2,9000,1.00769230769
28505,28513,30060,8,1547,2,9000,1.00517129929
28506,28519,30074,13,1555,2,9000,1.00836012862
28516,28525,30099,9,1574,2,9000,1.00571791614
28517,28531,30070,14,1539,2,9000,1.00909681611
28528,28537,30093,9,1556,2,9000,1.0057840617
28528,28543,30117,15,1574,2,9000,1.00952986023
28539,28554,30112,15,1558,2,9000,1.00962772786
28539,28549,30091,10,1542,2,9000,1.00648508431
28550,28567,30097,17,1530,2,9000,1.01111111111
28550,28561,30139,11,1578,2,9000,1.00697084918
28561,28573,30117,12,1544,2,9000,1.00777202073
28572,28579,30137,7,1558,2,9000,1.00449293967
28572,28584,30137,12,1553,2,9000,1.00772698004
28583,28591,30145,8,1554,2,9000,1.00514800515
28583,28597,30171,14,1574,2,9000,1.00889453621
28594,28609,30137,15,1528,2,9000,1.00981675393
28594,28603,30186,9,1583,2,9000,1.00568540745
28605,28621,30182,16,1561,2,9000,1.01024983985
28605,28615,30198,10,1583,2,9000,1.00631711939
28616,28633,30209,17,1576,2,9000,1.01078680203
28616,28627,30222,11,1595,2,9000,1.00689655172
28627,28639,30207,12,1568,2,9000,1.00765306122
28638,28645,30220,7,1575,2,9000,1.00444444444
28648,28655,30230,7,1575,2,9000,1.00444444444
28659,28665,30227,6,1562,2,9000,1.00384122919
28670,28676,30247,6,1571,2,9000,1.00381922342
28680,28687,30265,7,1578,2,9000,1.00443599493
28691,28697,30229,6,1532,2,9000,1.00391644909
28702,28708,30261,6,1553,2,9000,1.00386349002
28712,28719,30271,7,1552,2,9000,1.00451030928
28723,28729,30263,6,1534,2,9000,1.00391134289
28734,28740,30328,6,1588,2,9000,1.00377833753
28744,28751,30345,7,1594,2,9000,1.00439146801
28755,28761,30363,6,1602,2,9000,1.00374531835
28766,28772,30364,6,1592,2,9000,1.00376884422
28776,28783,30396,7,1613,2,9000,1.00433973962
28787,28793,30384,6,1591,2,9000,1.00377121307
28798,28804,30433,6,1629,2,9000,1.00368324125
28809,28815,30420,6,1605,2,9000,1.00373831776
28819,28825,30422,6,1597,2,9000,1.00375704446
28830,28836,30437,6,1601,2,9000,1.00374765771
28841,28847,30433,6,1586,2,9000,1.00378310214
28851,28858,30446,7,1588,2,9000,1.00440806045
28862,28868,30454,6,1586,2,9000,1.00378310214
28873,28879,30462,6,1583,2,9000,1.00379027164
28884,28890,30456,6,1566,2,9000,1.00383141762
28894,28900,30492,6,1592,2,9000,1.00376884422
28905,28911,30527,6,1616,2,9000,1.00371287129
28916,28922,30515,6,1593,2,9000,1.00376647834
28927,28933,30534,6,1601,2,9000,1.00374765771
28937,30004,31630,1067,1626,2,9000,1.65621156212
28984,28990,67024,6,38034,1,86400,1.00015775359
29125,30016,33028,891,3012,1,86400,1.29581673307
30003,30011,31621,8,1610,2,9000,1.0049689441
30013,30023,31646,10,1623,2,9000,1.00616142945
30024,30030,31618,6,1588,2,9000,1.00377833753
30035,30041,31644,6,1603,2,9000,1.00374298191
30046,30052,31676,6,1624,2,9000,1.00369458128
30056,30062,31669,6,1607,2,9000,1.00373366521
30067,30073,31676,6,1603,2,9000,1.00374298191
30078,30084,31690,6,1606,2,9000,1.00373599004
30088,30095,31710,7,1615,2,9000,1.00433436533
30099,30105,31704,6,1599,2,9000,1.00375234522
30110,30116,31723,6,1607,2,9000,1.00373366521
30121,30127,31719,6,1592,2,9000,1.00376884422
30131,30138,31743,7,1605,2,9000,1.00436137072
30142,30148,31738,6,1590,2,9000,1.00377358491
30153,30159,31742,6,1583,2,9000,1.00379027164
30164,30170,31774,6,1604,2,9000,1.00374064838
30174,30180,31784,6,1604,2,9000,1.00374064838
30185,30191,31807,6,1616,2,9000,1.00371287129
30196,30202,31817,6,1615,2,9000,1.00371517028
30206,30213,31821,7,1608,2,9000,1.00435323383
30217,30223,31817,6,1594,2,9000,1.00376411543
30228,30234,31848,6,1614,2,9000,1.00371747212
30238,30245,31844,7,1599,2,9000,1.00437773609
30249,30255,31879,6,1624,2,9000,1.00369458128
30260,30266,31883,6,1617,2,9000,1.00371057514
30271,30276,31886,5,1610,2,9000,1.00310559006
30281,30287,31898,6,1611,2,9000,1.00372439479
30292,30298,31906,6,1608,2,9000,1.00373134328
30301,30307,34355,6,4048,12,14400,1.00148221344
30303,30313,31919,10,1606,2,9000,1.00622665006
30313,30320,31908,7,1588,2,9000,1.00440806045
30324,30330,31938,6,1608,2,9000,1.00373134328
30335,30341,31959,6,1618,2,9000,1.00370828183
30346,30352,31971,6,1619,2,9000,1.00370599135
30356,30362,31974,6,1612,2,9000,1.00372208437
30367,30373,32001,6,1628,2,9000,1.00368550369
30378,30384,32001,6,1617,2,9000,1.00371057514
30388,30395,32008,7,1613,2,9000,1.00433973962
30399,30405,32016,6,1611,2,9000,1.00372439479
30421,30427,32040,6,1613,2,9000,1.00371977681
30432,30438,32053,6,1615,2,9000,1.00371517028
30442,30448,32058,6,1610,2,9000,1.00372670807
30453,30459,32056,6,1597,2,9000,1.00375704446
30464,30470,32081,6,1611,2,9000,1.00372439479
30474,30481,32090,7,1609,2,9000,1.00435052828
30485,30491,32104,6,1613,2,9000,1.00371977681
30496,30502,32125,6,1623,2,9000,1.00369685767
30507,30513,32123,6,1610,2,9000,1.00372670807
30510,30541,34638,31,4097,12,14400,1.00756651208
30517,30524,32142,7,1618,2,9000,1.0043263288
30528,30534,32147,6,1613,2,9000,1.00371977681
30539,30547,32158,8,1611,2,9000,1.00496585971
30549,30556,32172,7,1616,2,9000,1.00433168317
30560,30566,32179,6,1613,2,9000,1.00371977681
30571,30577,32177,6,1600,2,9000,1.00375
30582,30588,32219,6,1631,2,9000,1.00367872471
30592,30599,32215,7,1616,2,9000,1.00433168317
30603,30975,32588,372,1613,2,9000,1.23062616243
30972,30981,32597,9,1616,2,9000,1.00556930693
30982,31629,33246,647,1617,2,9000,1.40012368584
30996,31737,60562,741,28825,4,28800,1.02570685169
30997,60578,89407,29581,28829,4,28800,2.02608484512
30997,89413,118224,58416,28811,4,28800,3.02755891847
30998,118230,147039,87232,28809,4,28800,4.02794265681
30999,147063,175881,116064,28818,4,28800,5.02748282324
30999,175887,204720,144888,28833,4,28800,6.0250754344
31000,204726,233530,173726,28804,4,28800,7.03131509513
31001,233541,262374,202540,28833,4,28800,8.02458987965
31002,298873,327707,267871,28834,4,28800,10.2901088992
31002,262380,291227,231378,28847,4,28800,9.02086872118
31628,31637,33242,9,1605,2,9000,1.00560747664
31638,31644,33256,6,1612,2,9000,1.00372208437
31649,31655,33269,6,1614,2,9000,1.00371747212
31660,31666,33271,6,1605,2,9000,1.00373831776
31671,31680,33283,9,1603,2,9000,1.00561447286
31681,31687,33293,6,1606,2,9000,1.00373599004
31692,31699,33325,7,1626,2,9000,1.00430504305
31703,31709,33324,6,1615,2,9000,1.00371517028
31713,31720,33326,7,1606,2,9000,1.00435865504
31724,31730,33348,6,1618,2,9000,1.00370828183
31735,31750,33378,15,1628,2,9000,1.00921375921
31746,31757,33378,11,1621,2,9000,1.00678593461
31756,31763,33350,7,1587,2,9000,1.00441083806
31767,31787,33401,20,1614,2,9000,1.01239157373
31788,31796,33420,8,1624,2,9000,1.00492610837
31799,31819,33453,20,1634,2,9000,1.01223990208
31820,31829,33454,9,1625,2,9000,1.00553846154
31831,31837,33448,6,1611,2,9000,1.00372439479
31841,31847,33491,6,1644,2,9000,1.00364963504
31852,31858,33486,6,1628,2,9000,1.00368550369
31863,31869,33487,6,1618,2,9000,1.00370828183
31873,31890,33492,17,1602,2,9000,1.01061173533
31894,31901,33511,7,1610,2,9000,1.00434782609
31905,31911,33492,6,1581,2,9000,1.00379506641
31916,31922,33528,6,1606,2,9000,1.00373599004
31927,31933,33537,6,1604,2,9000,1.00374064838
31937,31944,33554,7,1610,2,9000,1.00434782609
31948,31954,33562,6,1608,2,9000,1.00373134328
31959,31965,33577,6,1612,2,9000,1.00372208437
31970,31977,33587,7,1610,2,9000,1.00434782609
31980,31986,33598,6,1612,2,9000,1.00372208437
31991,31997,33548,6,1551,2,9000,1.00386847195
32002,32012,33559,10,1547,2,9000,1.00646412411
32013,32019,33585,6,1566,2,9000,1.00383141762
32023,32029,33586,6,1557,2,9000,1.00385356455
32034,32041,33619,7,1578,2,9000,1.00443599493
32045,32051,33609,6,1558,2,9000,1.00385109114
32055,32064,33651,9,1587,2,9000,1.0056710775
32066,32072,33640,6,1568,2,9000,1.00382653061
32077,32083,33673,6,1590,2,9000,1.00377358491
32088,32093,33678,5,1585,2,9000,1.00315457413
32098,32105,33727,7,1622,2,9000,1.00431565968
32109,32115,33710,6,1595,2,9000,1.00376175549
32120,32134,33734,14,1600,2,9000,1.00875
32131,32142,33727,11,1585,2,9000,1.00694006309
32141,32154,33710,13,1556,2,9000,1.00835475578
32152,32162,33704,10,1542,2,9000,1.00648508431
32163,32169,33723,6,1554,2,9000,1.00386100386
32174,32185,33752,11,1567,2,9000,1.00701978302
32184,32192,33752,8,1560,2,9000,1.00512820513
32195,32201,33769,6,1568,2,9000,1.00382653061
32206,32226,33793,20,1567,2,9000,1.01276324186
32227,32233,33803,6,1570,2,9000,1.00382165605
32238,32599,34149,361,1550,2,9000,1.23290322581
32596,32608,34211,12,1603,2,9000,1.00748596382
32607,32707,34307,100,1600,2,9000,1.0625
32710,33039,34594,329,1555,2,9000,1.2115755627
33038,33253,34809,215,1556,2,9000,1.1381748072
33066,33268,60088,202,26820,1,86400,1.00753169277
33253,33260,34811,7,1551,2,9000,1.00451321728
33264,33281,34827,17,1546,2,9000,1.01099611902
33285,33291,34894,6,1603,2,9000,1.00374298191
33296,33302,34891,6,1589,2,9000,1.00377595972
33306,33313,34898,7,1585,2,9000,1.00441640379
33317,33335,34908,18,1573,2,9000,1.01144310235
33338,33344,34922,6,1578,2,9000,1.00380228137
33349,33355,34878,6,1523,2,9000,1.00393959291
33360,33366,34928,6,1562,2,9000,1.00384122919
33370,33376,34952,6,1576,2,9000,1.0038071066
33381,33389,34971,8,1582,2,9000,1.00505689001
33392,33398,34989,6,1591,2,9000,1.00377121307
33402,33412,35003,10,1591,2,9000,1.00628535512
33413,33432,35038,19,1606,2,9000,1.01183063512
33434,33458,35075,24,1617,2,9000,1.01484230056
33455,33464,35096,9,1632,2,9000,1.00551470588
33466,33472,35085,6,1613,2,9000,1.00371977681
33477,33483,35093,6,1610,2,9000,1.00372670807
33487,33497,35072,10,1575,2,9000,1.00634920635
33498,33504,35115,6,1611,2,9000,1.00372439479
33509,33515,35176,6,1661,2,9000,1.00361228176
33519,33526,35153,7,1627,2,9000,1.00430239705
33530,33536,35166,6,1630,2,9000,1.0036809816
33541,33547,35166,6,1619,2,9000,1.00370599135
33552,33558,35173,6,1615,2,9000,1.00371517028
33562,33568,35186,6,1618,2,9000,1.00370828183
33573,33579,35160,6,1581,2,9000,1.00379506641
33584,33590,35194,6,1604,2,9000,1.00374064838
33594,33601,35201,7,1600,2,9000,1.004375
33605,33611,35241,6,1630,2,9000,1.0036809816
33616,33622,35234,6,1612,2,9000,1.00372208437
33627,33633,35259,6,1626,2,9000,1.0036900369
33637,33643,35247,6,1604,2,9000,1.00374064838
33648,33654,35228,6,1574,2,9000,1.00381194409
33659,33665,35278,6,1613,2,9000,1.00371977681
33669,33676,35283,7,1607,2,9000,1.00435594275
33680,33686,35303,6,1617,2,9000,1.00371057514
33691,33697,35295,6,1598,2,9000,1.00375469337
33702,33708,35340,6,1632,2,9000,1.00367647059
33712,33719,35318,7,1599,2,9000,1.00437773609
33723,33729,35324,6,1595,2,9000,1.00376175549
33734,33740,35350,6,1610,2,9000,1.00372670807
33745,33751,35357,6,1606,2,9000,1.00373599004
33755,33761,35360,6,1599,2,9000,1.00375234522
33766,33772,35365,6,1593,2,9000,1.00376647834
33777,33783,35391,6,1608,2,9000,1.00373134328
33787,33794,35380,7,1586,2,9000,1.00441361917
33798,33804,35409,6,1605,2,9000,1.00373831776
33809,33815,35388,6,1573,2,9000,1.00381436745
33820,33826,35430,6,1604,2,9000,1.00374064838
33830,33837,35438,7,1601,2,9000,1.00437226733
33841,33847,35459,6,1612,2,9000,1.00372208437
33852,33858,35440,6,1582,2,9000,1.00379266751
33863,34088,35672,225,1584,2,9000,1.14204545455
34088,34095,35702,7,1607,2,9000,1.00435594275
34099,34105,35713,6,1608,2,9000,1.00373134328
34110,34117,35731,7,1614,2,9000,1.00433705081
34121,34127,35733,6,1606,2,9000,1.00373599004
34131,34137,35781,6,1644,2,9000,1.00364963504
34142,34160,35778,18,1618,2,9000,1.01112484549
34163,34373,35991,210,1618,2,9000,1.12978986403
34203,34368,38331,165,3963,12,14400,1.04163512491
34368,34380,35969,12,1589,2,9000,1.00755191945
34379,34605,36189,226,1584,2,9000,1.14267676768
34605,34650,36236,45,1586,2,9000,1.02837326608
34647,34657,36231,10,1574,2,9000,1.00635324015
34657,34663,36275,6,1612,2,9000,1.00372208437
34668,34674,36277,6,1603,2,9000,1.00374298191
34679,34685,36296,6,1611,2,9000,1.00372439479
34690,34697,36312,7,1615,2,9000,1.00433436533
34700,34821,36412,121,1591,2,9000,1.07605279698
34824,34830,36430,6,1600,2,9000,1.00375
34835,34842,36462,7,1620,2,9000,1.00432098765
34845,34890,36480,45,1590,2,9000,1.02830188679
34887,34902,36501,15,1599,2,9000,1.00938086304
34908,34914,36493,6,1579,2,9000,1.00379987334
34919,34925,36494,6,1569,2,9000,1.00382409178
34929,34936,36506,7,1570,2,9000,1.00445859873
34940,34946,36547,6,1601,2,9000,1.00374765771
34951,34958,36583,7,1625,2,9000,1.00430769231
34962,34968,36563,6,1595,2,9000,1.00376175549
34972,34983,36592,11,1609,2,9000,1.00683654444
34983,35001,36590,18,1589,2,9000,1.01132787917
35004,35014,36629,10,1615,2,9000,1.00619195046
35015,35051,36656,36,1605,2,9000,1.02242990654
35046,35083,36681,37,1598,2,9000,1.02315394243
35088,35094,36697,6,1603,2,9000,1.00374298191
35098,35104,36706,6,1602,2,9000,1.00374531835
35109,35115,36716,6,1601,2,9000,1.00374765771
35120,35126,36727,6,1601,2,9000,1.00374765771
35131,35137,36725,6,1588,2,9000,1.00377833753
35141,35165,36749,24,1584,2,9000,1.01515151515
35162,35171,36752,9,1581,2,9000,1.00569259962
35173,35179,36770,6,1591,2,9000,1.00377121307
35184,35190,36788,6,1598,2,9000,1.00375469337
35195,35201,36784,6,1583,2,9000,1.00379027164
35205,35211,36817,6,1606,2,9000,1.00373599004
35216,35222,36841,6,1619,2,9000,1.00370599135
35227,35233,36861,6,1628,2,9000,1.00368550369
35237,35244,36863,7,1619,2,9000,1.00432365658
35248,35254,36900,6,1646,2,9000,1.00364520049
35259,35266,36923,7,1657,2,9000,1.00422450211
35270,35276,36948,6,1672,2,9000,1.00358851675
35280,35287,36946,7,1659,2,9000,1.00421940928
35291,35297,36939,6,1642,2,9000,1.00365408039
35302,35308,36964,6,1656,2,9000,1.00362318841
35312,35319,36930,7,1611,2,9000,1.00434512725
35323,35329,36926,6,1597,2,9000,1.00375704446
35334,35340,36913,6,1573,2,9000,1.00381436745
35345,35352,36941,7,1589,2,9000,1.00440528634
35355,35361,36964,6,1603,2,9000,1.00374298191
35366,35372,36995,6,1623,2,9000,1.00369685767
35377,35383,37002,6,1619,2,9000,1.00370599135
35388,35394,37043,6,1649,2,9000,1.00363856883
35398,35404,37078,6,1674,2,9000,1.00358422939
35409,35415,37082,6,1667,2,9000,1.00359928014
35420,35426,37077,6,1651,2,9000,1.00363416111
35431,35437,37057,6,1620,2,9000,1.0037037037
35441,35447,37095,6,1648,2,9000,1.0036407767
35452,35458,37140,6,1682,2,9000,1.00356718193
35463,35469,37131,6,1662,2,9000,1.0036101083
35473,35480,37178,7,1698,2,9000,1.00412249706
35484,35490,37167,6,1677,2,9000,1.00357781753
35495,35501,37168,6,1667,2,9000,1.00359928014
35506,35683,37337,177,1654,2,9000,1.10701330109
35680,35714,37341,34,1627,2,9000,1.0208973571
35711,35725,37365,14,1640,2,9000,1.00853658537
35722,35742,37370,20,1628,2,9000,1.01228501229
35743,35749,37399,6,1650,2,9000,1.00363636364
35754,35790,37459,36,1669,2,9000,1.02156980228
35785,35797,37441,12,1644,2,9000,1.00729927007
35796,35980,37665,184,1685,2,9000,1.10919881306
35981,36003,37662,22,1659,2,9000,1.0132610006
36002,36250,37904,248,1654,2,9000,1.14993954051
36151,36294,37294,143,1000,1,14400,1.143
36162,36242,39939,80,3697,4,72000,1.02163916689
36166,36299,36938,133,639,1,14400,1.20813771518
36249,36286,37946,37,1660,2,9000,1.02228915663
36291,36307,37990,16,1683,2,9000,1.00950683304
36312,36323,37981,11,1658,2,9000,1.0066344994
36323,36423,38091,100,1668,2,9000,1.05995203837
36426,36441,38076,15,1635,2,9000,1.00917431193
36447,36473,38129,26,1656,2,9000,1.01570048309
36478,36492,38141,14,1649,2,9000,1.00848999394
36489,36504,38155,15,1651,2,9000,1.00908540279
36510,36516,38148,6,1632,2,9000,1.00367647059
36520,36527,38144,7,1617,2,9000,1.00432900433
36531,36537,38169,6,1632,2,9000,1.00367647059
36542,36559,38185,17,1626,2,9000,1.01045510455
36563,36575,38205,12,1630,2,9000,1.00736196319
36574,36595,38233,21,1638,2,9000,1.01282051282
36595,36602,38193,7,1591,2,9000,1.00439974859
36605,36612,38234,7,1622,2,9000,1.00431565968
36616,36640,38268,24,1628,2,9000,1.01474201474
36637,36668,38282,31,1614,2,9000,1.01920693928
36668,36693,38303,25,1610,2,9000,1.01552795031
36689,36709,38311,20,1602,2,9000,1.01248439451
36710,36717,38312,7,1595,2,9000,1.00438871473
36721,36727,38331,6,1604,2,9000,1.00374064838
36732,36738,38341,6,1603,2,9000,1.00374298191
36743,36749,38331,6,1582,2,9000,1.00379266751
36753,36760,38389,7,1629,2,9000,1.00429711479
36764,36770,38361,6,1591,2,9000,1.00377121307
36775,36781,38368,6,1587,2,9000,1.00378071834
36786,36795,38389,9,1594,2,9000,1.00564617315
36796,36802,38379,6,1577,2,9000,1.00380469245
36810,36830,38419,20,1589,2,9000,1.01258653241
36831,36852,38450,21,1598,2,9000,1.01314142678
36852,36873,38443,21,1570,2,9000,1.01337579618
36873,36880,38444,7,1564,2,9000,1.00447570332
36884,36912,38500,28,1588,2,9000,1.01763224181
36915,36924,38512,9,1588,2,9000,1.0056675063
36926,36934,38541,8,1607,2,9000,1.00497822029
36937,36943,38529,6,1586,2,9000,1.00378310214
36947,36954,38520,7,1566,2,9000,1.00446998723
36958,36964,38518,6,1554,2,9000,1.00386100386
36969,36975,38546,6,1571,2,9000,1.00381922342
36980,36986,38600,6,1614,2,9000,1.00371747212
36990,36996,38611,6,1615,2,9000,1.00371517028
37001,37007,38608,6,1601,2,9000,1.00374765771
37012,37018,38615,6,1597,2,9000,1.00375704446
37022,37029,38623,7,1594,2,9000,1.00439146801
37033,37039,38638,6,1599,2,9000,1.00375234522
37044,37054,38664,10,1610,2,9000,1.00621118012
37055,37069,38665,14,1596,2,9000,1.00877192982
37065,37088,38680,23,1592,2,9000,1.01444723618
37086,37095,38682,9,1587,2,9000,1.0056710775
37097,37103,38664,6,1561,2,9000,1.00384368994
37108,37114,38689,6,1575,2,9000,1.00380952381
37119,37142,38792,23,1650,2,9000,1.01393939394
37140,37151,38784,11,1633,2,9000,1.00673606859
37150,37179,38817,29,1638,2,9000,1.0177045177
37181,37188,38825,7,1637,2,9000,1.00427611484
37192,37198,38813,6,1615,2,9000,1.00371517028
37203,37304,38915,101,1611,2,9000,1.0626939789
37306,37349,38951,43,1602,2,9000,1.02684144819
37347,37355,38961,8,1606,2,9000,1.00498132005
37358,37378,38964,20,1586,2,9000,1.01261034048
37379,37385,38970,6,1585,2,9000,1.00378548896
37390,37410,38989,20,1579,2,9000,1.01266624446
37411,37453,39017,42,1564,2,9000,1.02685421995
37452,37470,39110,18,1640,2,9000,1.01097560976
37473,37674,39298,201,1624,2,9000,1.12376847291
37679,37685,39320,6,1635,2,9000,1.00366972477
37689,37915,39543,226,1628,2,9000,1.13882063882
37915,37957,39585,42,1628,2,9000,1.0257985258
37956,37993,39597,37,1604,2,9000,1.02306733167
37998,38004,39602,6,1598,2,9000,1.00375469337
38009,38089,39687,80,1598,2,9000,1.05006257822
38091,38102,39701,11,1599,2,9000,1.00687929956
38102,38141,39758,39,1617,2,9000,1.0241187384
38143,38153,39792,10,1639,2,9000,1.00610128127
38154,38160,39792,6,1632,2,9000,1.00367647059
38165,38171,39799,6,1628,2,9000,1.00368550369
38176,38183,39815,7,1632,2,9000,1.00428921569
38186,38193,39832,7,1639,2,9000,1.00427089689
38197,38203,39815,6,1612,2,9000,1.00372208437
38208,38214,39824,6,1610,2,9000,1.00372670807
38219,38225,39871,6,1646,2,9000,1.00364520049
38229,38244,39873,15,1629,2,9000,1.00920810313
38240,38251,39871,11,1620,2,9000,1.00679012346
38251,38279,39899,28,1620,2,9000,1.01728395062
38282,38295,39895,13,1600,2,9000,1.008125
38293,38315,39918,22,1603,2,9000,1.013724267
38314,38322,39922,8,1600,2,9000,1.005
38325,38331,39968,6,1637,2,9000,1.0036652413
38335,38343,39993,8,1650,2,9000,1.00484848485
38346,38353,39982,7,1629,2,9000,1.00429711479
38357,38363,39998,6,1635,2,9000,1.00366972477
38367,38374,40009,7,1635,2,9000,1.00428134557
38378,38384,40002,6,1618,2,9000,1.00370828183
38389,38396,39986,7,1590,2,9000,1.00440251572
38400,38406,40022,6,1616,2,9000,1.00371287129
38410,38417,40039,7,1622,2,9000,1.00431565968
38421,38428,40035,7,1607,2,9000,1.00435594275
38432,38438,40025,6,1587,2,9000,1.00378071834
38443,38449,40048,6,1599,2,9000,1.00375234522
38453,38460,40071,7,1611,2,9000,1.00434512725
38464,38470,40131,6,1661,2,9000,1.00361228176
38475,38481,40130,6,1649,2,9000,1.00363856883
38486,38492,40133,6,1641,2,9000,1.00365630713
38496,38502,40157,6,1655,2,9000,1.00362537764
38498,38509,38513,11,4,3,259200,1.5
38508,38515,40219,7,1704,2,9000,1.00410798122
38519,38525,40208,6,1683,2,9000,1.00356506239
38530,38537,40154,7,1617,2,9000,1.00432900433
38541,38548,40155,7,1607,2,9000,1.00435594275
38551,38557,40217,6,1660,2,9000,1.00361445783
38562,38568,40189,6,1621,2,9000,1.00370141888
38573,38579,40174,6,1595,2,9000,1.00376175549
38583,38590,40173,7,1583,2,9000,1.00442198358
38594,38600,40220,6,1620,2,9000,1.0037037037
38605,38612,40250,7,1638,2,9000,1.00427350427
38616,38622,40281,6,1659,2,9000,1.00361663653
38626,38633,40285,7,1652,2,9000,1.00423728814
38637,38644,40314,7,1670,2,9000,1.00419161677
38648,38654,40315,6,1661,2,9000,1.00361228176
38659,38665,40326,6,1661,2,9000,1.00361228176
38670,38676,40306,6,1630,2,9000,1.0036809816
38680,38686,40296,6,1610,2,9000,1.00372670807
38691,38698,40342,7,1644,2,9000,1.00425790754
38702,38708,40314,6,1606,2,9000,1.00373599004
38713,38720,40287,7,1567,2,9000,1.00446713465
38723,38729,40307,6,1578,2,9000,1.00380228137
38734,38797,40442,63,1645,2,9000,1.03829787234
38796,38803,40469,7,1666,2,9000,1.00420168067
38807,38825,40473,18,1648,2,9000,1.0109223301
38828,38834,40509,6,1675,2,9000,1.00358208955
38839,38845,40518,6,1673,2,9000,1.00358637179
38850,38926,40568,76,1642,2,9000,1.04628501827
38923,38962,40578,39,1616,2,9000,1.02413366337
38965,38973,40579,8,1606,2,9000,1.00498132005
38976,38982,40610,6,1628,2,9000,1.00368550369
38987,38993,40590,6,1597,2,9000,1.00375704446
38997,39003,40604,6,1601,2,9000,1.00374765771
39008,39028,40672,20,1644,2,9000,1.01216545012
39029,39121,40786,92,1665,2,9000,1.05525525526
39122,39309,40971,187,1662,2,9000,1.11251504212
39307,39331,40969,24,1638,2,9000,1.01465201465
39328,39554,41231,226,1677,2,9000,1.13476446035
39554,39597,41183,43,1586,2,9000,1.02711223203
39595,39608,41214,13,1606,2,9000,1.00809464508
39606,39616,41269,10,1653,2,9000,1.00604960678
39617,39699,41363,82,1664,2,9000,1.04927884615
39699,39712,41379,13,1667,2,9000,1.00779844031
39710,39771,41440,61,1669,2,9000,1.03654883164
39772,39804,41477,32,1673,2,9000,1.0191273162
39803,39811,41470,8,1659,2,9000,1.00482218204
39814,39820,41463,6,1643,2,9000,1.00365185636
39825,39831,41408,6,1577,2,9000,1.00380469245
39835,39841,41431,6,1590,2,9000,1.00377358491
39846,39852,41497,6,1645,2,9000,1.00364741641
39857,39864,41532,7,1668,2,9000,1.00419664269
39868,39882,41539,14,1657,2,9000,1.00844900422
39878,39888,41603,10,1715,2,9000,1.00583090379
39889,39895,41550,6,1655,2,9000,1.00362537764
39900,39907,41552,7,1645,2,9000,1.00425531915
39911,39917,41506,6,1589,2,9000,1.00377595972
39921,39929,41543,8,1614,2,9000,1.00495662949
39932,39938,41601,6,1663,2,9000,1.00360793746
39943,39950,41636,7,1686,2,9000,1.00415183867
39954,39960,41611,6,1651,2,9000,1.00363416111
39964,39980,41635,16,1655,2,9000,1.00966767372
39975,39993,41612,18,1619,2,9000,1.01111797406
39996,40002,41624,6,1622,2,9000,1.00369913687
40007,40014,41619,7,1605,2,9000,1.00436137072
40018,40024,41684,6,1660,2,9000,1.00361445783
40029,40035,41676,6,1641,2,9000,1.00365630713
40040,40046,41684,6,1638,2,9000,1.00366300366
40050,40056,41720,6,1664,2,9000,1.00360576923
40061,40067,41689,6,1622,2,9000,1.00369913687
40072,40078,41658,6,1580,2,9000,1.00379746835
40083,40089,41745,6,1656,2,9000,1.00362318841
40093,40100,41740,7,1640,2,9000,1.00426829268
40104,40110,41719,6,1609,2,9000,1.00372902424
40115,40141,41746,26,1605,2,9000,1.01619937695
40146,40153,41771,7,1618,2,9000,1.0043263288
40157,40163,41747,6,1584,2,9000,1.00378787879
40168,40174,41780,6,1606,2,9000,1.00373599004
40178,40185,41797,7,1612,2,9000,1.00434243176
40189,40195,41804,6,1609,2,9000,1.00372902424
40200,40206,41793,6,1587,2,9000,1.00378071834
40210,40217,41830,7,1613,2,9000,1.00433973962
40221,40228,41805,7,1577,2,9000,1.00443880786
40232,40238,41918,6,1680,2,9000,1.00357142857
40243,40249,41917,6,1668,2,9000,1.0035971223
40253,40260,41915,7,1655,2,9000,1.00422960725
40264,40270,41856,6,1586,2,9000,1.00378310214
40275,40282,41885,7,1603,2,9000,1.00436681223
40286,40293,41917,7,1624,2,9000,1.00431034483
40296,40303,41913,7,1610,2,9000,1.00434782609
40307,40320,41899,13,1579,2,9000,1.0082330589
40318,40326,41899,8,1573,2,9000,1.00508582327
40329,40335,41921,6,1586,2,9000,1.00378310214
40339,40345,41948,6,1603,2,9000,1.00374298191
40350,40356,41941,6,1585,2,9000,1.00378548896
40361,40367,41956,6,1589,2,9000,1.00377595972
40372,40378,42041,6,1663,2,9000,1.00360793746
40382,40388,42054,6,1666,2,9000,1.00360144058
40393,40399,42049,6,1650,2,9000,1.00363636364
40404,40453,42095,49,1642,2,9000,1.02984165652
40455,40480,42078,25,1598,2,9000,1.01564455569
40476,40487,42099,11,1612,2,9000,1.00682382134
40487,40521,42132,34,1611,2,9000,1.02110490379
40518,40529,42132,11,1603,2,9000,1.0068621335
40529,40580,42179,51,1599,2,9000,1.03189493433
40581,40589,42195,8,1606,2,9000,1.00498132005
40592,40598,42188,6,1590,2,9000,1.00377358491
40602,40609,42185,7,1576,2,9000,1.00444162437
40613,40619,42168,6,1549,2,9000,1.00387346675
40624,40630,42267,6,1637,2,9000,1.0036652413
40635,40684,42347,49,1663,2,9000,1.02946482261
40686,40797,42454,111,1657,2,9000,1.06698853349
40799,40980,42606,181,1626,2,9000,1.11131611316
40984,40990,42608,6,1618,2,9000,1.00370828183
40995,41195,42819,200,1624,2,9000,1.12315270936
41190,41225,42823,35,1598,2,9000,1.02190237797
41221,41242,42829,21,1587,2,9000,1.01323251418
41242,41281,42875,39,1594,2,9000,1.02446675031
41284,41374,42934,90,1560,2,9000,1.05769230769
41377,41391,43040,14,1649,2,9000,1.00848999394
41387,41421,43058,34,1637,2,9000,1.02076970067
41419,41442,43096,23,1654,2,9000,1.01390568319
41440,41452,43109,12,1657,2,9000,1.00724200362
41450,41475,43135,25,1660,2,9000,1.01506024096
41471,41481,43091,10,1610,2,9000,1.00621118012
41482,41488,43123,6,1635,2,9000,1.00366972477
41493,41508,43145,15,1637,2,9000,1.00916310324
41504,41518,43132,14,1614,2,9000,1.00867410161
41514,41545,43166,31,1621,2,9000,1.01912399753
41546,41552,43165,6,1613,2,9000,1.00371977681
41557,41563,43154,6,1591,2,9000,1.00377121307
41567,41573,43160,6,1587,2,9000,1.00378071834
41578,41584,43211,6,1627,2,9000,1.0036877689
41589,41613,43266,24,1653,2,9000,1.01451905626
41610,41620,43281,10,1661,2,9000,1.0060204696
41621,41627,43293,6,1666,2,9000,1.00360144058
41631,41638,43270,7,1632,2,9000,1.00428921569
41642,41649,43258,7,1609,2,9000,1.00435052828
41653,41659,43269,6,1610,2,9000,1.00372670807
41664,41670,43289,6,1619,2,9000,1.00370599135
41674,41681,43301,7,1620,2,9000,1.00432098765
41685,41691,43274,6,1583,2,9000,1.00379027164
41696,41703,43306,7,1603,2,9000,1.00436681223
41707,41713,43310,6,1597,2,9000,1.00375704446
41718,41724,43352,6,1628,2,9000,1.00368550369
41728,41735,43405,7,1670,2,9000,1.00419161677
41739,41745,43399,6,1654,2,9000,1.00362756953
41750,41756,43418,6,1662,2,9000,1.0036101083
41761,41767,43422,6,1655,2,9000,1.00362537764
41771,41779,43409,8,1630,2,9000,1.00490797546
41782,41788,43426,6,1638,2,9000,1.00366300366
41793,41799,43386,6,1587,2,9000,1.00378071834
41804,41818,43435,14,1617,2,9000,1.00865800866
41830,41837,43450,7,1613,2,9000,1.00433973962
41841,41847,43455,6,1608,2,9000,1.00373134328
41852,41858,43456,6,1598,2,9000,1.00375469337
41862,41869,43538,7,1669,2,9000,1.00419412822
41873,41879,43568,6,1689,2,9000,1.00355239787
41884,41890,43607,6,1717,2,9000,1.00349446709
41895,41902,43586,7,1684,2,9000,1.0041567696
41905,41912,43616,7,1704,2,9000,1.00410798122
41916,41922,43577,6,1655,2,9000,1.00362537764
41927,41933,43563,6,1630,2,9000,1.0036809816
41938,41944,43569,6,1625,2,9000,1.00369230769
41948,41955,43566,7,1611,2,9000,1.00434512725
41959,41966,43544,7,1578,2,9000,1.00443599493
41970,41976,43559,6,1583,2,9000,1.00379027164
41981,41987,43690,6,1703,2,9000,1.00352319436
41992,41998,43672,6,1674,2,9000,1.00358422939
42002,42008,43718,6,1710,2,9000,1.00350877193
42013,42019,43690,6,1671,2,9000,1.00359066427
42024,42030,43736,6,1706,2,9000,1.00351699883
42034,42052,43748,18,1696,2,9000,1.01061320755
42056,42061,43699,5,1638,2,9000,1.00305250305
42066,42072,43665,6,1593,2,9000,1.00376647834
42077,42089,43671,12,1582,2,9000,1.00758533502
42088,42106,43659,18,1553,2,9000,1.01159047006
42133,42140,43725,7,1585,2,9000,1.00441640379
42144,42151,43833,7,1682,2,9000,1.00416171225
42154,42160,43829,6,1669,2,9000,1.00359496705
42165,42179,43858,14,1679,2,9000,1.00833829661
42176,42191,43895,15,1704,2,9000,1.0088028169
42197,42203,43881,6,1678,2,9000,1.00357568534
42208,42215,43895,7,1680,2,9000,1.00416666667
42218,42226,43900,8,1674,2,9000,1.00477897252
42229,42278,43831,49,1553,2,9000,1.03155183516
42281,42359,43928,78,1569,2,9000,1.04971319312
42363,42465,44029,102,1564,2,9000,1.0652173913
42466,42619,44304,153,1685,2,9000,1.09080118694
42621,42627,44255,6,1628,2,9000,1.00368550369
42631,42831,44493,200,1662,2,9000,1.12033694344
42827,42838,44468,11,1630,2,9000,1.00674846626
42837,42845,44396,8,1551,2,9000,1.0051579626
42848,42886,44443,38,1557,2,9000,1.0244059088
42890,42947,44590,57,1643,2,9000,1.03469263542
42952,43051,44714,99,1663,2,9000,1.05953096813
43055,43070,44722,15,1652,2,9000,1.00907990315
43076,43102,44742,26,1640,2,9000,1.01585365854
43107,43113,44667,6,1554,2,9000,1.00386100386
43117,43124,44676,7,1552,2,9000,1.00451030928
43128,43134,44797,6,1663,2,9000,1.00360793746
43139,43145,44771,6,1626,2,9000,1.0036900369
43150,43156,44763,6,1607,2,9000,1.00373366521
43161,43168,44743,7,1575,2,9000,1.00444444444
43171,43179,44764,8,1585,2,9000,1.00504731861
43182,43188,44795,6,1607,2,9000,1.00373366521
43193,43199,44762,6,1563,2,9000,1.00383877159
43204,43210,44838,6,1628,2,9000,1.00368550369
43215,43222,44872,7,1650,2,9000,1.00424242424
43226,43269,44940,43,1671,2,9000,1.02573309396
43267,43278,44966,11,1688,2,9000,1.00651658768
43278,43284,45018,6,1734,2,9000,1.00346020761
43288,43295,45008,7,1713,2,9000,1.00408639813
43299,43305,45079,6,1774,2,9000,1.00338218715
43310,43316,45125,6,1809,2,9000,1.00331674959
43321,43327,45166,6,1839,2,9000,1.00326264274
43331,43338,45090,7,1752,2,9000,1.00399543379
43342,43348,45247,6,1899,2,9000,1.00315955766
43353,43359,44986,6,1627,2,9000,1.0036877689
43364,43370,45025,6,1655,2,9000,1.00362537764
43374,43380,45076,6,1696,2,9000,1.00353773585
43385,43398,45099,13,1701,2,9000,1.0076425632
43396,43411,45123,15,1712,2,9000,1.00876168224
43407,43418,45175,11,1757,2,9000,1.0062606716
43417,43424,45196,7,1772,2,9000,1.0039503386
43428,43435,45209,7,1774,2,9000,1.00394588501
43439,43445,45193,6,1748,2,9000,1.00343249428
43449,43456,45397,7,1941,2,9000,1.00360638846
43460,43466,45351,6,1885,2,9000,1.00318302387
43471,43478,45266,7,1788,2,9000,1.00391498881
43482,43488,45144,6,1656,2,9000,1.00362318841
43492,43500,45142,8,1642,2,9000,1.00487210719
43503,43550,45202,47,1652,2,9000,1.0284503632
43555,43561,45213,6,1652,2,9000,1.00363196126
43566,43572,45211,6,1639,2,9000,1.00366076876
43576,43583,45300,7,1717,2,9000,1.00407687828
43587,43593,45312,6,1719,2,9000,1.0034904014
43598,43604,45363,6,1759,2,9000,1.00341102899
43608,43615,45355,7,1740,2,9000,1.00402298851
43619,43625,45386,6,1761,2,9000,1.00340715503
43630,43636,45485,6,1849,2,9000,1.0032449973
43641,43648,45440,7,1792,2,9000,1.00390625
43651,43658,45474,7,1816,2,9000,1.00385462555
43662,43670,45658,8,1988,2,9000,1.00402414487
43673,43680,45308,7,1628,2,9000,1.0042997543
43684,43690,45315,6,1625,2,9000,1.00369230769
43694,43701,45357,7,1656,2,9000,1.00422705314
43705,43711,45359,6,1648,2,9000,1.0036407767
43716,43722,45366,6,1644,2,9000,1.00364963504
43727,43733,45386,6,1653,2,9000,1.00362976407
43737,43743,45379,6,1636,2,9000,1.00366748166
43748,43754,45406,6,1652,2,9000,1.00363196126
43759,43765,45551,6,1786,2,9000,1.00335946249
43769,43776,45529,7,1753,2,9000,1.00399315459
43780,43841,45634,61,1793,2,9000,1.03402119353
43842,43849,45806,7,1957,2,9000,1.00357690342
43853,43859,45738,6,1879,2,9000,1.00319318787
43864,43870,45761,6,1891,2,9000,1.00317292438
43874,43892,45812,18,1920,2,9000,1.009375
43895,43906,45530,11,1624,2,9000,1.00677339901
43906,43913,45576,7,1663,2,9000,1.00420926037
43917,43923,45583,6,1660,2,9000,1.00361445783
43928,43940,45607,12,1667,2,9000,1.00719856029
43938,44041,45691,103,1650,2,9000,1.06242424242
44041,44267,45963,226,1696,2,9000,1.13325471698
44097,44104,67575,7,23471,1,212400,1.00029824038
44233,44779,58834,546,14055,1,248400,1.03884738527
44267,44315,46127,48,1812,2,9000,1.02649006623
44319,44408,46258,89,1850,2,9000,1.04810810811
44412,44454,46324,42,1870,2,9000,1.02245989305
44413,44785,70146,372,25361,1,68400,1.01466819132
44453,44479,46440,26,1961,2,9000,1.01325854156
44485,44504,46457,19,1953,2,9000,1.00972862263
44506,44602,46682,96,2080,2,9000,1.04615384615
44598,44679,46310,81,1631,2,9000,1.04966278357
44681,44687,46356,6,1669,2,9000,1.00359496705
44691,44725,46413,34,1688,2,9000,1.02014218009
44723,44734,46378,11,1644,2,9000,1.00669099757
44733,44753,46433,20,1680,2,9000,1.0119047619
44754,44760,46477,6,1717,2,9000,1.00349446709
44765,44774,46457,9,1683,2,9000,1.00534759358
44776,44792,46524,16,1732,2,9000,1.00923787529
44797,44803,46570,6,1767,2,9000,1.00339558574
44808,44814,46624,6,1810,2,9000,1.00331491713
44818,44825,46743,7,1918,2,9000,1.00364963504
44829,44849,46740,20,1891,2,9000,1.0105764146
44850,44884,46959,34,2075,2,9000,1.01638554217
44881,44952,47075,71,2123,2,9000,1.0334432407
44954,44979,46630,25,1651,2,9000,1.01514233798
44975,44997,46663,22,1666,2,9000,1.01320528211
44996,45020,46729,24,1709,2,9000,1.01404330018
45017,45030,46749,13,1719,2,9000,1.00756253636
45027,45037,46728,10,1691,2,9000,1.00591366056
45038,45088,46783,50,1695,2,9000,1.02949852507
45090,45096,46809,6,1713,2,9000,1.00350262697
45101,45107,46830,6,1723,2,9000,1.00348229832
45112,45119,46982,7,1863,2,9000,1.00375738057
45122,45135,47122,13,1987,2,9000,1.00654252642
45133,45143,47053,10,1910,2,9000,1.00523560209
45144,45154,47079,10,1925,2,9000,1.00519480519
45155,45161,47051,6,1890,2,9000,1.00317460317
45165,45178,47226,13,2048,2,9000,1.00634765625
45176,45188,46865,12,1677,2,9000,1.00715563506
45187,45205,46868,18,1663,2,9000,1.01082381239
45208,45214,46931,6,1717,2,9000,1.00349446709
45219,45225,46968,6,1743,2,9000,1.00344234079
45229,45236,46927,7,1691,2,9000,1.00413956239
45240,45246,46980,6,1734,2,9000,1.00346020761
45251,45258,47005,7,1747,2,9000,1.00400686892
45262,45269,47113,7,1844,2,9000,1.00379609544
45272,45279,47107,7,1828,2,9000,1.00382932166
45283,45312,47152,29,1840,2,9000,1.01576086957
45314,45322,47249,8,1927,2,9000,1.00415153088
45325,45332,47282,7,1950,2,9000,1.00358974359
45336,45342,47211,6,1869,2,9000,1.00321027287
45347,45364,47036,17,1672,2,9000,1.01016746411
45368,45374,47089,6,1715,2,9000,1.00349854227
45379,45386,47072,7,1686,2,9000,1.00415183867
45389,45397,47174,8,1777,2,9000,1.00450196961
45400,45406,47157,6,1751,2,9000,1.00342661336
45411,45418,47134,7,1716,2,9000,1.00407925408
45422,45429,47226,7,1797,2,9000,1.00389538119
45432,45440,47290,8,1850,2,9000,1.00432432432
45443,45449,47394,6,1945,2,9000,1.0030848329
45454,45461,47366,7,1905,2,9000,1.00367454068
45465,45471,47364,6,1893,2,9000,1.00316957211
45475,45482,47459,7,1977,2,9000,1.00354071826
45486,45492,47169,6,1677,2,9000,1.00357781753
45497,45503,47150,6,1647,2,9000,1.00364298725
45508,45541,47211,33,1670,2,9000,1.01976047904
45539,45548,47249,9,1701,2,9000,1.00529100529
45550,45563,47353,13,1790,2,9000,1.00726256983
45561,45588,47264,27,1676,2,9000,1.0161097852
45592,45599,47396,7,1797,2,9000,1.00389538119
45603,45619,47519,16,1900,2,9000,1.00842105263
45624,45645,47383,21,1738,2,9000,1.01208285386
45645,45670,47694,25,2024,2,9000,1.01235177866
45666,45703,47716,37,2013,2,9000,1.01838052658
45707,45750,47451,43,1701,2,9000,1.0252792475
45749,45774,47485,25,1711,2,9000,1.0146113384
45770,45818,47517,48,1699,2,9000,1.02825191289
45822,45829,47559,7,1730,2,9000,1.00404624277
45832,45975,47706,143,1731,2,9000,1.08261120739
45976,46139,47965,163,1826,2,9000,1.08926615553
46141,46270,48231,129,1961,2,9000,1.0657827639
46274,46322,48047,48,1725,2,9000,1.02782608696
46326,46335,48055,9,1720,2,9000,1.00523255814
46337,46369,48084,32,1715,2,9000,1.01865889213
46368,46390,48114,22,1724,2,9000,1.01276102088
46389,46425,48115,36,1690,2,9000,1.02130177515
46420,46446,48386,26,1940,2,9000,1.01340206186
46441,46453,48220,12,1767,2,9000,1.00679117148
46452,46469,48295,17,1826,2,9000,1.00930996714
46473,46479,48448,6,1969,2,9000,1.0030472321
46484,46490,48218,6,1728,2,9000,1.00347222222
46495,46535,48292,40,1757,2,9000,1.02276607854
46536,46581,48266,45,1685,2,9000,1.02670623145
46578,46636,48325,58,1689,2,9000,1.03433984606
46632,46643,48408,11,1765,2,9000,1.00623229462
46643,46675,48405,32,1730,2,9000,1.01849710983
46674,46693,48521,19,1828,2,9000,1.01039387309
46695,46741,48411,46,1670,2,9000,1.02754491018
46737,46748,48457,11,1709,2,9000,1.00643651258
46747,46755,48487,8,1732,2,9000,1.00461893764
46758,46764,48506,6,1742,2,9000,1.00344431688
46769,46776,48582,7,1806,2,9000,1.00387596899
46780,46795,48552,15,1757,2,9000,1.00853727945
46861,46868,48483,7,1615,2,9000,1.00433436533
46872,46879,48490,7,1611,2,9000,1.00434512725
46883,46889,48492,6,1603,2,9000,1.00374298191
46894,46900,48489,6,1589,2,9000,1.00377595972
46905,46939,48531,34,1592,2,9000,1.02135678392
46936,46946,48534,10,1588,2,9000,1.00629722922
46947,46970,48529,23,1559,2,9000,1.01475304682
46968,46980,48550,12,1570,2,9000,1.0076433121
46978,46993,48556,15,1563,2,9000,1.00959692898
46989,47000,48562,11,1562,2,9000,1.00704225352
47000,47017,48595,17,1578,2,9000,1.01077313054
47021,47048,48601,27,1553,2,9000,1.01738570509
47053,47063,48682,10,1619,2,9000,1.00617665225
47066,47072,48637,6,1565,2,9000,1.00383386581
47076,47083,48654,7,1571,2,9000,1.00445576066
47087,47093,48656,6,1563,2,9000,1.00383877159
47098,47105,48674,7,1569,2,9000,1.00446144041
47109,47116,48685,7,1569,2,9000,1.00446144041
47119,47127,48669,8,1542,2,9000,1.00518806744
47130,47136,48702,6,1566,2,9000,1.00383141762
47141,47148,48717,7,1569,2,9000,1.00446144041
47152,47158,48698,6,1540,2,9000,1.0038961039
47162,47169,48711,7,1542,2,9000,1.00453955901
47173,47179,48773,6,1594,2,9000,1.00376411543
47184,47190,48795,6,1605,2,9000,1.00373831776
47195,47201,48802,6,1601,2,9000,1.00374765771
47205,47216,48819,11,1603,2,9000,1.0068621335
47216,47222,48838,6,1616,2,9000,1.00371287129
47227,47234,48849,7,1615,2,9000,1.00433436533
47238,47245,48840,7,1595,2,9000,1.00438871473
47248,47255,48851,7,1596,2,9000,1.00438596491
47259,47265,48865,6,1600,2,9000,1.00375
47270,47278,48850,8,1572,2,9000,1.00508905852
47281,47287,48910,6,1623,2,9000,1.00369685767
47291,47298,48912,7,1614,2,9000,1.00433705081
47302,47308,48916,6,1608,2,9000,1.00373134328
47313,47366,48984,53,1618,2,9000,1.03275648949
47364,47375,48995,11,1620,2,9000,1.00679012346
47375,47383,48990,8,1607,2,9000,1.00497822029
47386,47395,48996,9,1601,2,9000,1.00562148657
47397,47406,49032,9,1626,2,9000,1.00553505535
47407,47415,49035,8,1620,2,9000,1.0049382716
47418,47463,49046,45,1583,2,9000,1.02842703727
47460,47472,49047,12,1575,2,9000,1.00761904762
47471,47497,49074,26,1577,2,9000,1.01648700063
47502,47529,49073,27,1544,2,9000,1.01748704663
47533,47539,49085,6,1546,2,9000,1.00388098318
47544,47571,49123,27,1552,2,9000,1.01739690722
47575,47706,49296,131,1590,2,9000,1.08238993711
47709,47718,49288,9,1570,2,9000,1.00573248408
47720,47727,49315,7,1588,2,9000,1.00440806045
47730,47977,49554,247,1577,2,9000,1.15662650602
47977,48059,49668,82,1609,2,9000,1.05096333126
48059,48066,49647,7,1581,2,9000,1.00442757748
48070,48095,49704,25,1609,2,9000,1.01553760099
48091,48126,49737,35,1611,2,9000,1.02172563625
48122,48133,49796,11,1663,2,9000,1.00661455201
48133,48230,49888,97,1658,2,9000,1.05850422195
48226,48236,49905,10,1669,2,9000,1.00599161174
48237,48243,49891,6,1648,2,9000,1.0036407767
48239,48279,49900,40,1621,2,9000,1.02467612585
48281,48304,49955,23,1651,2,9000,1.01393095094
48302,48311,50169,9,1858,2,9000,1.00484391819
48313,48337,50031,24,1694,2,9000,1.01416765053
48334,48397,50075,63,1678,2,9000,1.03754469607
48396,48417,50112,21,1695,2,9000,1.01238938053
48418,48426,50165,8,1739,2,9000,1.00460034503
48429,48435,50095,6,1660,2,9000,1.00361445783
48440,48460,50143,20,1683,2,9000,1.0118835413
48461,48470,50181,9,1711,2,9000,1.00526008182
48472,48495,50175,23,1680,2,9000,1.01369047619
48493,48502,50170,9,1668,2,9000,1.00539568345
48504,48511,50174,7,1663,2,9000,1.00420926037
48515,48521,50116,6,1595,2,9000,1.00376175549
48526,48533,50122,7,1589,2,9000,1.00440528634
48536,48543,50182,7,1639,2,9000,1.00427089689
48547,48554,50178,7,1624,2,9000,1.00431034483
48558,48564,50205,6,1641,2,9000,1.00365630713
48569,48575,50217,6,1642,2,9000,1.00365408039
48579,48587,50222,8,1635,2,9000,1.00489296636
48590,48596,50225,6,1629,2,9000,1.00368324125
48601,48608,50209,7,1601,2,9000,1.00437226733
48612,48618,50275,6,1657,2,9000,1.00362100181
48623,48630,50244,7,1614,2,9000,1.00433705081
48633,48640,50269,7,1629,2,9000,1.00429711479
48644,48651,50296,7,1645,2,9000,1.00425531915
48655,48661,50295,6,1634,2,9000,1.00367197062
48666,48673,50305,7,1632,2,9000,1.00428921569
48676,48683,50306,7,1623,2,9000,1.00431300062
48687,48693,50333,6,1640,2,9000,1.00365853659
48698,48704,50319,6,1615,2,9000,1.00371517028
48709,48716,50346,7,1630,2,9000,1.00429447853
48719,48727,50376,8,1649,2,9000,1.00485142511
48730,48737,50389,7,1652,2,9000,1.00423728814
48741,48748,50384,7,1636,2,9000,1.00427872861
48752,48758,50399,6,1641,2,9000,1.00365630713
48762,48770,50386,8,1616,2,9000,1.00495049505
48773,48779,50430,6,1651,2,9000,1.00363416111
48784,48790,50471,6,1681,2,9000,1.00356930399
48795,48807,50466,12,1659,2,9000,1.00723327306
48806,48815,50440,9,1625,2,9000,1.00553846154
48816,48831,50415,15,1584,2,9000,1.00946969697
48827,48850,50476,23,1626,2,9000,1.01414514145
48848,48857,50477,9,1620,2,9000,1.00555555556
48859,48865,50507,6,1642,2,9000,1.00365408039
48870,48876,50529,6,1653,2,9000,1.00362976407
48881,48887,50510,6,1623,2,9000,1.00369685767
48891,48897,50538,6,1641,2,9000,1.00365630713
48902,48922,50553,20,1631,2,9000,1.0122624157
48923,48931,50557,8,1626,2,9000,1.0049200492
48934,48940,50565,6,1625,2,9000,1.00369230769
48945,48997,50638,52,1641,2,9000,1.03168799512
48996,49004,50624,8,1620,2,9000,1.0049382716
49008,49014,50642,6,1628,2,9000,1.00368550369
49019,49026,50654,7,1628,2,9000,1.0042997543
49029,49044,50671,15,1627,2,9000,1.00921942225
49040,49050,50679,10,1629,2,9000,1.00613873542
49051,49057,50716,6,1659,2,9000,1.00361663653
49062,49069,50702,7,1633,2,9000,1.0042865891
49072,49085,50715,13,1630,2,9000,1.00797546012
49083,49092,50731,9,1639,2,9000,1.00549115314
49094,49101,50752,7,1651,2,9000,1.00423985463
49105,49135,50781,30,1646,2,9000,1.01822600243
49136,49300,50943,164,1643,2,9000,1.09981740718
49301,49307,50939,6,1632,2,9000,1.00367647059
49311,49327,50976,16,1649,2,9000,1.00970285021
49322,49566,51202,244,1636,2,9000,1.14914425428
49569,49659,51287,90,1628,2,9000,1.05528255528
49661,49680,51325,19,1645,2,9000,1.01155015198
49683,49716,51345,33,1629,2,9000,1.02025782689
49715,49749,51392,34,1643,2,9000,1.02069385271
49746,49809,51446,63,1637,2,9000,1.0384850336
49808,49899,51538,91,1639,2,9000,1.05552165955
49901,49907,51542,6,1635,2,9000,1.00366972477
49918,49926,51559,8,1633,2,9000,1.00489895897
49929,49935,51562,6,1627,2,9000,1.0036877689
49940,49966,51604,26,1638,2,9000,1.01587301587
49971,50043,51677,72,1634,2,9000,1.04406364749
50043,50086,51711,43,1625,2,9000,1.02646153846
50085,50107,51719,22,1612,2,9000,1.01364764268
50106,50123,51744,17,1621,2,9000,1.01048735349
50127,50134,51736,7,1602,2,9000,1.00436953808
50138,50144,51776,6,1632,2,9000,1.00367647059
50148,50156,51741,8,1585,2,9000,1.00504731861
50159,50177,51783,18,1606,2,9000,1.01120797011
50180,50186,51852,6,1666,2,9000,1.00360144058
50191,50197,51843,6,1646,2,9000,1.00364520049
50202,50208,51841,6,1633,2,9000,1.00367421923
50212,50220,51838,8,1618,2,9000,1.00494437577
50223,50230,51839,7,1609,2,9000,1.00435052828
50234,50241,51862,7,1621,2,9000,1.00431832202
50245,50251,51801,6,1550,2,9000,1.00387096774
50255,50262,51833,7,1571,2,9000,1.00445576066
50266,50273,51887,7,1614,2,9000,1.00433705081
50277,50283,51923,6,1640,2,9000,1.00365853659
50288,50294,51900,6,1606,2,9000,1.00373599004
50298,50305,51945,7,1640,2,9000,1.00426829268
50309,50315,51949,6,1634,2,9000,1.00367197062
50320,50327,51951,7,1624,2,9000,1.00431034483
50331,50338,51957,7,1619,2,9000,1.00432365658
50341,50349,51971,8,1622,2,9000,1.00493218249
50352,50360,51986,8,1626,2,9000,1.0049200492
50363,50370,52006,7,1636,2,9000,1.00427872861
50374,50380,52021,6,1641,2,9000,1.00365630713
50384,50390,52013,6,1623,2,9000,1.00369685767
50395,50401,52030,6,1629,2,9000,1.00368324125
50406,50413,52038,7,1625,2,9000,1.00430769231
50417,50424,52060,7,1636,2,9000,1.00427872861
50427,50434,52065,7,1631,2,9000,1.00429184549
50438,50445,52074,7,1629,2,9000,1.00429711479
50449,50456,52102,7,1646,2,9000,1.0042527339
50460,50467,52102,7,1635,2,9000,1.00428134557
50470,50477,52110,7,1633,2,9000,1.0042865891
50481,50487,52129,6,1642,2,9000,1.00365408039
50492,50499,52146,7,1647,2,9000,1.00425015179
50503,50509,52146,6,1637,2,9000,1.0036652413
50513,50521,52165,8,1644,2,9000,1.00486618005
50522,51844,106462,1322,54618,64,72000,1.02420447472
50524,50532,52176,8,1644,2,9000,1.00486618005
50535,50541,52185,6,1644,2,9000,1.00364963504
50546,50552,52178,6,1626,2,9000,1.0036900369
50556,50565,52191,9,1626,2,9000,1.00553505535
50567,50577,52196,10,1619,2,9000,1.00617665225
50578,50636,52258,58,1622,2,9000,1.03575832306
50640,50650,52298,10,1648,2,9000,1.00606796117
50650,50657,52322,7,1665,2,9000,1.0042042042
50661,50668,52308,7,1640,2,9000,1.00426829268
50672,50683,52319,11,1636,2,9000,1.00672371638
50683,50714,52342,31,1628,2,9000,1.01904176904
50714,50729,52366,15,1637,2,9000,1.00916310324
50725,50952,52574,227,1622,2,9000,1.13995067818
50951,51852,53486,901,1634,2,9000,1.55140758874
51883,51895,53480,12,1585,2,9000,1.00757097792
51883,51889,53497,6,1608,2,9000,1.00373134328
51894,51901,53482,7,1581,2,9000,1.00442757748
51895,51906,53480,11,1574,2,9000,1.00698856417
51905,51913,53488,8,1575,2,9000,1.00507936508
51916,51922,53502,6,1580,2,9000,1.00379746835
51927,51933,53513,6,1580,2,9000,1.00379746835
51937,51944,53552,7,1608,2,9000,1.00435323383
51948,51956,53555,8,1599,2,9000,1.00500312695
51959,51965,53567,6,1602,2,9000,1.00374531835
51970,51977,53575,7,1598,2,9000,1.00438047559
51980,51986,53579,6,1593,2,9000,1.00376647834
51991,51997,53599,6,1602,2,9000,1.00374531835
52002,52008,53599,6,1591,2,9000,1.00377121307
52012,52019,53609,7,1590,2,9000,1.00440251572
52023,52029,53619,6,1590,2,9000,1.00377358491
52034,52040,53619,6,1579,2,9000,1.00379987334
52044,52051,53646,7,1595,2,9000,1.00438871473
52055,52061,53654,6,1593,2,9000,1.00376647834
52066,52072,53668,6,1596,2,9000,1.0037593985
52077,52084,53660,7,1576,2,9000,1.00444162437
52087,52094,53679,7,1585,2,9000,1.00441640379
52098,52113,53705,15,1592,2,9000,1.00942211055
52119,52126,53705,7,1579,2,9000,1.00443318556
52130,52136,53733,6,1597,2,9000,1.00375704446
52140,52147,53767,7,1620,2,9000,1.00432098765
52151,52157,53753,6,1596,2,9000,1.0037593985
52162,52169,53760,7,1591,2,9000,1.00439974859
52172,52180,53772,8,1592,2,9000,1.00502512563
52183,52189,53787,6,1598,2,9000,1.00375469337
52194,52200,53783,6,1583,2,9000,1.00379027164
52205,52211,53791,6,1580,2,9000,1.00379746835
52215,52222,53787,7,1565,2,9000,1.00447284345
52226,52233,53798,7,1565,2,9000,1.00447284345
52237,52270,53830,33,1560,2,9000,1.02115384615
52268,52309,53944,41,1635,2,9000,1.0250764526
52309,52319,53932,10,1613,2,9000,1.00619962802
52320,52331,53977,11,1646,2,9000,1.00668286756
52331,52337,53972,6,1635,2,9000,1.00366972477
52342,52354,53975,12,1621,2,9000,1.00740283775
52352,52379,53997,27,1618,2,9000,1.01668726823
52384,52585,54198,201,1613,2,9000,1.12461252325
52588,53491,55089,903,1598,2,9000,1.56508135169
53495,53501,55150,6,1649,2,9000,1.00363856883
53495,53507,55128,12,1621,2,9000,1.00740283775
53506,53513,55129,7,1616,2,9000,1.00433168317
53506,53518,55147,12,1629,2,9000,1.0073664825
53518,53524,55130,6,1606,2,9000,1.00373599004
53529,53536,55136,7,1600,2,9000,1.004375
53539,53546,55152,7,1606,2,9000,1.00435865504
53550,53565,55184,15,1619,2,9000,1.00926497838
53561,53572,55182,11,1610,2,9000,1.00683229814
53571,53578,55217,7,1639,2,9000,1.00427089689
53582,53588,55234,6,1646,2,9000,1.00364520049
53593,53600,55234,7,1634,2,9000,1.00428396573
53604,53610,55264,6,1654,2,9000,1.00362756953
53614,53620,55270,6,1650,2,9000,1.00363636364
53625,53631,55279,6,1648,2,9000,1.0036407767
53636,53643,55281,7,1638,2,9000,1.00427350427
53646,53652,55283,6,1631,2,9000,1.00367872471
53657,53663,55293,6,1630,2,9000,1.0036809816
53668,53674,55291,6,1617,2,9000,1.00371057514
53678,53685,55306,7,1621,2,9000,1.00431832202
53689,53695,55339,6,1644,2,9000,1.00364963504
53700,53706,55314,6,1608,2,9000,1.00373134328
53711,53718,55312,7,1594,2,9000,1.00439146801
53721,53727,55390,6,1663,2,9000,1.00360793746
53732,53745,55385,13,1640,2,9000,1.00792682927
53743,53765,55415,22,1650,2,9000,1.01333333333
53764,53771,55406,7,1635,2,9000,1.00428134557
53774,53780,55438,6,1658,2,9000,1.00361881785
53785,53792,55437,7,1645,2,9000,1.00425531915
53796,53808,55449,12,1641,2,9000,1.00731261426
53796,53802,55446,6,1644,2,9000,1.00364963504
53807,53814,55427,7,1613,2,9000,1.00433973962
53818,53824,55424,6,1600,2,9000,1.00375
53828,53836,55489,8,1653,2,9000,1.00483968542
53839,53845,55443,6,1598,2,9000,1.00375469337
53850,53944,55528,94,1584,2,9000,1.05934343434
53942,53955,55530,13,1575,2,9000,1.00825396825
53953,53983,55634,30,1651,2,9000,1.01817080557
53984,53991,55633,7,1642,2,9000,1.00426309379
53995,54001,55648,6,1647,2,9000,1.00364298725
54006,54013,55669,7,1656,2,9000,1.00422705314
54016,54211,55847,195,1636,2,9000,1.11919315403
54211,55100,56754,889,1654,2,9000,1.53748488513
55102,55139,56783,37,1644,2,9000,1.02250608273
55143,55149,56781,6,1632,2,9000,1.00367647059
55154,55166,56810,12,1644,2,9000,1.00729927007
55154,55161,56800,7,1639,2,9000,1.00427089689
55165,55173,56801,8,1628,2,9000,1.00491400491
55176,55183,56818,7,1635,2,9000,1.00428134557
55186,55193,56800,7,1607,2,9000,1.00435594275
55197,55203,56814,6,1611,2,9000,1.00372439479
55208,55215,56802,7,1587,2,9000,1.00441083806
55218,55228,56794,10,1566,2,9000,1.00638569604
55229,55245,56826,16,1581,2,9000,1.0101201771
55250,55256,56904,6,1648,2,9000,1.0036407767
55261,55275,56924,14,1649,2,9000,1.00848999394
55272,55282,56945,10,1663,2,9000,1.0060132291
55282,55291,56950,9,1659,2,9000,1.00542495479
55293,55305,56962,12,1657,2,9000,1.00724200362
55293,55299,56969,6,1670,2,9000,1.00359281437
55304,55311,56928,7,1617,2,9000,1.00432900433
55315,55321,56942,6,1621,2,9000,1.00370141888
55315,55326,56957,11,1631,2,9000,1.00674432863
55326,55333,56910,7,1577,2,9000,1.00443880786
55337,55343,56899,6,1556,2,9000,1.00385604113
55347,55355,56912,8,1557,2,9000,1.00513808606
55358,55397,57062,39,1665,2,9000,1.02342342342
55400,55407,57055,7,1648,2,9000,1.00424757282
55410,55417,57069,7,1652,2,9000,1.00423728814
55421,55427,57040,6,1613,2,9000,1.00371977681
55432,55438,57079,6,1641,2,9000,1.00365630713
55442,55448,57076,6,1628,2,9000,1.00368550369
55453,55465,57067,12,1602,2,9000,1.0074906367
55453,55460,57074,7,1614,2,9000,1.00433705081
55464,55471,57066,7,1595,2,9000,1.00438871473
55475,55481,57064,6,1583,2,9000,1.00379027164
55486,55492,57066,6,1574,2,9000,1.00381194409
55496,55503,57143,7,1640,2,9000,1.00426829268
55507,55539,57164,32,1625,2,9000,1.01969230769
55538,55545,57190,7,1645,2,9000,1.00425531915
55549,55644,57299,95,1655,2,9000,1.05740181269
55641,55651,57264,10,1613,2,9000,1.00619962802
55652,55660,57284,8,1624,2,9000,1.00492610837
55663,55681,57298,18,1617,2,9000,1.01113172542
55684,55859,57442,175,1583,2,9000,1.11054958939
55858,55930,57495,72,1565,2,9000,1.04600638978
55930,55937,57608,7,1671,2,9000,1.00418910832
55941,55948,57590,7,1642,2,9000,1.00426309379
55952,55959,57621,7,1662,2,9000,1.00421179302
55963,55969,57624,6,1655,2,9000,1.00362537764
55973,56253,57911,280,1658,2,9000,1.16887816647
56017,385570,432783,329553,47213,10,540000,7.9801325906
56252,56259,57835,7,1576,2,9000,1.00444162437
56263,56269,57848,6,1579,2,9000,1.00379987334
56274,56280,57911,6,1631,2,9000,1.00367872471
56285,56291,57954,6,1663,2,9000,1.00360793746
56295,56766,58391,471,1625,2,9000,1.28984615385
56302,385575,385689,329273,114,10,540000,2889.35964912
56766,56793,58375,27,1582,2,9000,1.01706700379
56798,56804,58503,6,1699,2,9000,1.00353148911
56808,56815,58481,7,1666,2,9000,1.00420168067
56819,56826,58443,7,1617,2,9000,1.00432900433
56830,56836,58444,6,1608,2,9000,1.00373134328
56841,56847,58428,6,1581,2,9000,1.00379506641
56851,56858,58430,7,1572,2,9000,1.00445292621
56862,56869,58430,7,1561,2,9000,1.00448430493
56873,56879,58428,6,1549,2,9000,1.00387346675
56884,56891,58494,7,1603,2,9000,1.00436681223
56895,56901,58518,6,1617,2,9000,1.00371057514
56906,56913,58448,7,1535,2,9000,1.00456026059
56916,56923,58508,7,1585,2,9000,1.00441640379
56927,56934,58504,7,1570,2,9000,1.00445859873
56938,56945,58562,7,1617,2,9000,1.00432900433
56948,56955,58650,7,1695,2,9000,1.00412979351
56959,56965,58610,6,1645,2,9000,1.00364741641
56970,56976,58656,6,1680,2,9000,1.00357142857
56981,56988,58574,7,1586,2,9000,1.00441361917
56991,56998,58619,7,1621,2,9000,1.00431832202
57002,57009,58657,7,1648,2,9000,1.00424757282
57013,57020,58662,7,1642,2,9000,1.00426309379
57023,57030,58665,7,1635,2,9000,1.00428134557
57034,57051,58706,17,1655,2,9000,1.01027190332
57055,57067,58735,12,1668,2,9000,1.0071942446
57066,57073,58892,7,1819,2,9000,1.00384826828
57077,57083,58679,6,1596,2,9000,1.0037593985
57087,57095,58703,8,1608,2,9000,1.00497512438
57098,57105,58739,7,1634,2,9000,1.00428396573
57109,57115,58749,6,1634,2,9000,1.00367197062
57120,57127,58787,7,1660,2,9000,1.00421686747
57130,57137,58787,7,1650,2,9000,1.00424242424
57141,57148,58829,7,1681,2,9000,1.00416418798
57152,57158,58811,6,1653,2,9000,1.00362976407
57162,57170,58861,8,1691,2,9000,1.00473092844
57173,57179,58775,6,1596,2,9000,1.0037593985
57184,57201,58821,17,1620,2,9000,1.01049382716
57205,57275,58940,70,1665,2,9000,1.04204204204
57277,57296,58892,19,1596,2,9000,1.0119047619
57298,57311,58982,13,1671,2,9000,1.00777977259
57309,57317,58978,8,1661,2,9000,1.00481637568
57319,57454,59110,135,1656,2,9000,1.08152173913
57453,57507,59186,54,1679,2,9000,1.03216200119
57505,57602,59250,97,1648,2,9000,1.0588592233
57597,57621,59214,24,1593,2,9000,1.01506591337
57618,57632,59259,14,1627,2,9000,1.0086047941
57629,57640,59263,11,1623,2,9000,1.0067775724
57640,57847,59480,207,1633,2,9000,1.12676056338
57845,57860,59509,15,1649,2,9000,1.00909642207
57856,57922,59572,66,1650,2,9000,1.04
57918,57928,59634,10,1706,2,9000,1.00586166471
57928,57966,59651,38,1685,2,9000,1.02255192878
57970,58387,60092,417,1705,2,9000,1.24457478006
58391,58403,60087,12,1684,2,9000,1.00712589074
58401,58440,60099,39,1659,2,9000,1.02350813743
58443,58450,60176,7,1726,2,9000,1.00405561993
58454,58461,60155,7,1694,2,9000,1.0041322314
58464,58471,60184,7,1713,2,9000,1.00408639813
58475,58481,60147,6,1666,2,9000,1.00360144058
58486,58492,60240,6,1748,2,9000,1.00343249428
58496,58503,60251,7,1748,2,9000,1.00400457666
58507,58513,60090,6,1577,2,9000,1.00380469245
58518,58525,60151,7,1626,2,9000,1.00430504305
58529,58535,60157,6,1622,2,9000,1.00369913687
58539,58546,60203,7,1657,2,9000,1.00422450211
58550,58557,60237,7,1680,2,9000,1.00416666667
58561,58568,60225,7,1657,2,9000,1.00422450211
58572,58579,60246,7,1667,2,9000,1.00419916017
58582,58588,60249,6,1661,2,9000,1.00361228176
58593,58622,60287,29,1665,2,9000,1.01741741742
58624,58630,60358,6,1728,2,9000,1.00347222222
58635,58662,60410,27,1748,2,9000,1.01544622426
58666,58672,60401,6,1729,2,9000,1.003470214
58677,58684,60364,7,1680,2,9000,1.00416666667
58688,58694,60294,6,1600,2,9000,1.00375
58698,58704,60339,6,1635,2,9000,1.00366972477
58709,58716,60346,7,1630,2,9000,1.00429447853
58720,58726,60351,6,1625,2,9000,1.00369230769
58730,58737,60422,7,1685,2,9000,1.00415430267
58741,58747,60423,6,1676,2,9000,1.00357995227
58752,58759,60415,7,1656,2,9000,1.00422705314
58762,58770,60472,8,1702,2,9000,1.00470035253
58773,58788,60489,15,1701,2,9000,1.00881834215
58784,58799,60509,15,1710,2,9000,1.00877192982
58795,58806,60510,11,1704,2,9000,1.00645539906
58805,58824,60549,19,1725,2,9000,1.01101449275
58826,58833,60548,7,1715,2,9000,1.00408163265
58837,58843,60438,6,1595,2,9000,1.00376175549
58848,58872,60500,24,1628,2,9000,1.01474201474
58869,58904,60550,35,1646,2,9000,1.0212636695
58900,58910,60558,10,1648,2,9000,1.00606796117
58911,58951,60616,40,1665,2,9000,1.02402402402
58952,58990,60673,38,1683,2,9000,1.02257872846
58993,59000,60701,7,1701,2,9000,1.00411522634
59004,59122,60820,118,1698,2,9000,1.06949352179
59127,59198,60930,71,1732,2,9000,1.04099307159
59200,59225,60885,25,1660,2,9000,1.01506024096
59231,59262,60984,31,1722,2,9000,1.01800232288
59262,59271,60970,9,1699,2,9000,1.00529723367
59273,59280,60931,7,1651,2,9000,1.00423985463
59283,59491,61108,208,1617,2,9000,1.12863327149
59489,59522,61183,33,1661,2,9000,1.01986754967
59520,59584,61255,64,1671,2,9000,1.03830041891
59582,59645,61300,63,1655,2,9000,1.03806646526
59644,59662,61330,18,1668,2,9000,1.01079136691
59665,60099,61776,434,1677,2,9000,1.2587954681
60095,60106,61794,11,1688,2,9000,1.00651658768
60106,60124,61800,18,1676,2,9000,1.0107398568
60142,60152,61785,10,1633,2,9000,1.00612369871
60153,60160,61801,7,1641,2,9000,1.00426569165
60164,60171,61783,7,1612,2,9000,1.00434243176
60175,60182,61854,7,1672,2,9000,1.00418660287
60185,60191,61893,6,1702,2,9000,1.00352526439
60196,60203,61890,7,1687,2,9000,1.00414937759
60207,60214,61881,7,1667,2,9000,1.00419916017
60217,60224,61929,7,1705,2,9000,1.00410557185
60414,60426,62019,12,1593,2,9000,1.00753295669
60414,60420,62057,6,1637,2,9000,1.0036652413
60425,60438,62036,13,1598,2,9000,1.00813516896
60425,60433,62064,8,1631,2,9000,1.00490496628
60436,60445,62040,9,1595,2,9000,1.00564263323
60437,60450,62056,13,1606,2,9000,1.00809464508
60447,60457,62075,10,1618,2,9000,1.00618046972
60458,60465,62103,7,1638,2,9000,1.00427350427
60469,60475,62103,6,1628,2,9000,1.00368550369
60480,60487,62097,7,1610,2,9000,1.00434782609
60490,60496,62095,6,1599,2,9000,1.00375234522
60501,60508,62121,7,1613,2,9000,1.00433973962
60512,60518,62141,6,1623,2,9000,1.00369685767
60522,60529,62162,7,1633,2,9000,1.0042865891
60533,60539,62151,6,1612,2,9000,1.00372208437
60544,60550,62182,6,1632,2,9000,1.00367647059
60554,60561,62172,7,1611,2,9000,1.00434512725
60565,60571,62171,6,1600,2,9000,1.00375
60576,60585,62184,9,1599,2,9000,1.00562851782
60587,60593,62235,6,1642,2,9000,1.00365408039
60597,60605,62272,8,1667,2,9000,1.00479904019
60608,60614,62254,6,1640,2,9000,1.00365853659
60619,60625,62245,6,1620,2,9000,1.0037037037
60630,60636,62276,6,1640,2,9000,1.00365853659
60640,60646,62248,6,1602,2,9000,1.00374531835
60651,60661,62273,10,1612,2,9000,1.00620347395
60662,60668,62308,6,1640,2,9000,1.00365853659
60672,60679,62299,7,1620,2,9000,1.00432098765
60683,60689,62307,6,1618,2,9000,1.00370828183
60694,60700,62316,6,1616,2,9000,1.00371287129
60705,60711,62323,6,1612,2,9000,1.00372208437
60737,60743,62350,6,1607,2,9000,1.00373366521
60747,60833,62455,86,1622,2,9000,1.05302096178
60830,60896,62529,66,1633,2,9000,1.04041641151
60902,60942,62563,40,1621,2,9000,1.02467612585
60943,60949,62562,6,1613,2,9000,1.00371977681
60954,60982,62606,28,1624,2,9000,1.01724137931
60985,60996,62656,11,1660,2,9000,1.00662650602
60996,61120,62750,124,1630,2,9000,1.07607361963
61122,61195,62780,73,1585,2,9000,1.04605678233
61194,61267,62870,73,1603,2,9000,1.04553961323
61266,61315,62906,49,1591,2,9000,1.0307982401
61339,61345,62940,6,1595,2,9000,1.00376175549
61349,61788,63380,439,1592,2,9000,1.27575376884
61791,61797,63430,6,1633,2,9000,1.00367421923
61802,61808,63491,6,1683,2,9000,1.00356506239
61812,61819,63429,7,1610,2,9000,1.00434782609
61823,61830,63468,7,1638,2,9000,1.00427350427
61834,61840,63481,6,1641,2,9000,1.00365630713
61845,61865,63496,20,1631,2,9000,1.0122624157
61865,61892,63532,27,1640,2,9000,1.01646341463
61897,61904,63525,7,1621,2,9000,1.00431832202
61932,61939,63564,7,1625,2,9000,1.00430769231
61943,61949,63547,6,1598,2,9000,1.00375469337
61953,62031,63608,78,1577,2,9000,1.0494610019
62036,62049,63645,13,1596,2,9000,1.00814536341
62047,62056,63631,9,1575,2,9000,1.00571428571
62057,62068,63706,11,1638,2,9000,1.00671550672
62068,62074,63733,6,1659,2,9000,1.00361663653
62079,62085,63733,6,1648,2,9000,1.0036407767
62089,62096,63735,7,1639,2,9000,1.00427089689
62100,62106,63733,6,1627,2,9000,1.0036877689
62111,62117,63750,6,1633,2,9000,1.00367421923
62122,62128,63757,6,1629,2,9000,1.00368324125
62132,62139,63793,7,1654,2,9000,1.00423216445
62143,62149,63784,6,1635,2,9000,1.00366972477
62154,62161,63797,7,1636,2,9000,1.00427872861
62164,62170,63806,6,1636,2,9000,1.00366748166
62175,62182,63820,7,1638,2,9000,1.00427350427
62186,62192,63828,6,1636,2,9000,1.00366748166
62197,62203,63835,6,1632,2,9000,1.00367647059
62223,62229,63865,6,1636,2,9000,1.00366748166
62233,62240,63875,7,1635,2,9000,1.00428134557
62244,62250,63803,6,1553,2,9000,1.00386349002
62255,62261,63895,6,1634,2,9000,1.00367197062
62265,62273,63907,8,1634,2,9000,1.00489596083
62276,62282,63920,6,1638,2,9000,1.00366300366
62287,62294,63936,7,1642,2,9000,1.00426309379
62298,62304,63922,6,1618,2,9000,1.00370828183
62308,62316,63936,8,1620,2,9000,1.0049382716
62319,62325,63901,6,1576,2,9000,1.0038071066
62330,62336,63903,6,1567,2,9000,1.00382897256
62340,62347,63983,7,1636,2,9000,1.00427872861
62351,62358,64003,7,1645,2,9000,1.00425531915
62362,62368,64020,6,1652,2,9000,1.00363196126
62373,62379,64023,6,1644,2,9000,1.00364963504
62383,62467,64108,84,1641,2,9000,1.05118829982
62466,62540,64187,74,1647,2,9000,1.04493017608
62574,62580,64218,6,1638,2,9000,1.00366300366
62584,62592,64212,8,1620,2,9000,1.0049382716
62595,62617,64209,22,1592,2,9000,1.01381909548
62616,62667,64247,51,1580,2,9000,1.03227848101
62668,62709,64281,41,1572,2,9000,1.02608142494
62709,62762,64398,53,1636,2,9000,1.03239608802
62761,62792,64441,31,1649,2,9000,1.01879927229
62792,62882,64531,90,1649,2,9000,1.05457853244
62884,62919,64554,35,1635,2,9000,1.02140672783
62916,62951,64596,35,1645,2,9000,1.02127659574
62947,63392,65034,445,1642,2,9000,1.27101096224
63393,63441,65065,48,1624,2,9000,1.02955665025
63441,63449,65083,8,1634,2,9000,1.00489596083
63452,63480,65123,28,1643,2,9000,1.01704199635
63483,63493,65137,10,1644,2,9000,1.00608272506
63494,63503,65141,9,1638,2,9000,1.00549450549
63505,63511,65167,6,1656,2,9000,1.00362318841
63516,63537,65153,21,1616,2,9000,1.0129950495
63537,63543,65184,6,1641,2,9000,1.00365630713
63547,63559,65223,12,1664,2,9000,1.00721153846
63558,63575,65204,17,1629,2,9000,1.01043585021
63579,63609,65252,30,1643,2,9000,1.0182592818
63610,63616,65266,6,1650,2,9000,1.00363636364
63621,63627,65306,6,1679,2,9000,1.00357355569
63632,63639,65255,7,1616,2,9000,1.00433168317
63643,63649,65299,6,1650,2,9000,1.00363636364
63653,63660,65303,7,1643,2,9000,1.00426049909
63664,63670,65305,6,1635,2,9000,1.00366972477
63675,63682,65369,7,1687,2,9000,1.00414937759
63685,63693,65348,8,1655,2,9000,1.00483383686
63696,63702,65321,6,1619,2,9000,1.00370599135
63733,63741,65358,8,1617,2,9000,1.00494743352
63744,63750,65436,6,1686,2,9000,1.00355871886
63755,63761,65422,6,1661,2,9000,1.00361228176
63766,63772,65434,6,1662,2,9000,1.0036101083
63776,63782,65425,6,1643,2,9000,1.00365185636
63787,63793,65418,6,1625,2,9000,1.00369230769
63798,63804,65454,6,1650,2,9000,1.00363636364
63809,63815,65488,6,1673,2,9000,1.00358637179
63820,63827,65528,7,1701,2,9000,1.00411522634
63830,63837,65533,7,1696,2,9000,1.00412735849
63841,63848,65445,7,1597,2,9000,1.00438321853
63852,63859,65450,7,1591,2,9000,1.00439974859
63863,63870,65475,7,1605,2,9000,1.00436137072
63873,63881,65498,8,1617,2,9000,1.00494743352
63884,63890,65567,6,1677,2,9000,1.00357781753
63895,63902,65559,7,1657,2,9000,1.00422450211
63906,63912,65617,6,1705,2,9000,1.00351906158
63916,63923,65587,7,1664,2,9000,1.00420673077
63927,63933,65682,6,1749,2,9000,1.00343053173
63938,63945,65592,7,1647,2,9000,1.00425015179
63948,63955,65653,7,1698,2,9000,1.00412249706
63959,63965,65621,6,1656,2,9000,1.00362318841
63970,63976,65717,6,1741,2,9000,1.00344629523
63981,63988,65612,7,1624,2,9000,1.00431034483
63991,63998,65619,7,1621,2,9000,1.00431832202
64002,64011,65698,9,1687,2,9000,1.00533491405
64020,64027,65726,7,1699,2,9000,1.00412007063
64031,64037,65740,6,1703,2,9000,1.00352319436
64041,64048,65738,7,1690,2,9000,1.00414201183
64052,64059,65790,7,1731,2,9000,1.00404390526
64063,64070,65773,7,1703,2,9000,1.00411039342
64073,64080,65770,7,1690,2,9000,1.00414201183
64084,64091,65774,7,1683,2,9000,1.00415923945
64095,64101,65830,6,1729,2,9000,1.003470214
64106,64112,65839,6,1727,2,9000,1.00347423277
64116,64124,65855,8,1731,2,9000,1.00462160601
64127,64133,65772,6,1639,2,9000,1.00366076876
64138,64144,65777,6,1633,2,9000,1.00367421923
64149,64155,65830,6,1675,2,9000,1.00358208955
64159,64166,65836,7,1670,2,9000,1.00419161677
64170,64177,65885,7,1708,2,9000,1.00409836066
64181,64199,65886,18,1687,2,9000,1.0106698281
64202,64222,65901,20,1679,2,9000,1.01191185229
64223,64231,65921,8,1690,2,9000,1.00473372781
64234,64241,65942,7,1701,2,9000,1.00411522634
64244,64260,65961,16,1701,2,9000,1.00940623163
64255,64293,66013,38,1720,2,9000,1.02209302326
64296,64410,66130,114,1720,2,9000,1.06627906977
64410,64453,66213,43,1760,2,9000,1.02443181818
64452,64543,66191,91,1648,2,9000,1.0552184466
64544,64566,66247,22,1681,2,9000,1.01308744795
64565,64607,66275,42,1668,2,9000,1.02517985612
64622,65046,66729,424,1683,2,9000,1.25193107546
65052,65077,66815,25,1738,2,9000,1.01438434983
65073,65095,66820,22,1725,2,9000,1.01275362319
65094,65134,66811,40,1677,2,9000,1.02385211688
65135,65148,66895,13,1747,2,9000,1.00744132799
65146,65156,66781,10,1625,2,9000,1.00615384615
65157,65165,66824,8,1659,2,9000,1.00482218204
65167,65179,66836,12,1657,2,9000,1.00724200362
65178,65196,66851,18,1655,2,9000,1.01087613293
65199,65223,66888,24,1665,2,9000,1.01441441441
65223,65235,66939,12,1704,2,9000,1.00704225352
65234,65264,66998,30,1734,2,9000,1.01730103806
65265,65272,66975,7,1703,2,9000,1.00411039342
65276,65283,67049,7,1766,2,9000,1.00396375991
65287,65311,67025,24,1714,2,9000,1.01400233372
65308,65318,67003,10,1685,2,9000,1.0059347181
65319,65325,66995,6,1670,2,9000,1.00359281437
65329,65336,66968,7,1632,2,9000,1.00428921569
65340,65347,66994,7,1647,2,9000,1.00425015179
65351,65360,67043,9,1683,2,9000,1.00534759358
65361,65371,67056,10,1685,2,9000,1.0059347181
65372,65382,67099,10,1717,2,9000,1.00582411182
65383,65430,67136,47,1706,2,9000,1.02754982415
65435,65442,67124,7,1682,2,9000,1.00416171225
65445,65453,67177,8,1724,2,9000,1.00464037123
65456,65463,67157,7,1694,2,9000,1.0041322314
65467,65473,67209,6,1736,2,9000,1.0034562212
65478,65485,67193,7,1708,2,9000,1.00409836066
65486,65492,67134,6,1642,2,9000,1.00365408039
65496,65502,67138,6,1636,2,9000,1.00366748166
65538,65544,67192,6,1648,2,9000,1.0036407767
65549,65556,67216,7,1660,2,9000,1.00421686747
65560,65566,67198,6,1632,2,9000,1.00367647059
65570,65576,67229,6,1653,2,9000,1.00362976407
65581,65587,67236,6,1649,2,9000,1.00363856883
65592,65598,67248,6,1650,2,9000,1.00363636364
65603,65609,67245,6,1636,2,9000,1.00366748166
65613,65621,67260,8,1639,2,9000,1.00488102502
65624,65631,67331,7,1700,2,9000,1.00411764706
65635,65641,67289,6,1648,2,9000,1.0036407767
65646,65653,67284,7,1631,2,9000,1.00429184549
65649,65659,67282,10,1623,2,9000,1.00616142945
65660,65666,67331,6,1665,2,9000,1.0036036036
65671,65678,67331,7,1653,2,9000,1.00423472474
65682,65694,67334,12,1640,2,9000,1.00731707317
65693,65710,67331,17,1621,2,9000,1.01048735349
65714,65729,67363,15,1634,2,9000,1.00917992656
65724,65738,67369,14,1631,2,9000,1.00858369099
65735,65750,67383,15,1633,2,9000,1.00918554807
65746,65757,67392,11,1635,2,9000,1.00672782875
65757,65783,67397,26,1614,2,9000,1.01610904585
65763,65898,95117,135,29219,1,36000,1.00462028132
65788,65795,67451,7,1656,2,9000,1.00422705314
65799,65805,67419,6,1614,2,9000,1.00371747212
65799,65903,91371,104,25468,1,86400,1.00408355583
65830,65837,67433,7,1596,2,9000,1.00438596491
65841,65848,67462,7,1614,2,9000,1.00433705081
65852,65858,67486,6,1628,2,9000,1.00368550369
65863,65870,67487,7,1617,2,9000,1.00432900433
65873,65880,67500,7,1620,2,9000,1.00432098765
65884,65890,67510,6,1620,2,9000,1.0037037037
65895,65910,67537,15,1627,2,9000,1.00921942225
65906,65916,67503,10,1587,2,9000,1.00630119723
65916,65924,67541,8,1617,2,9000,1.00494743352
65927,65933,67541,6,1608,2,9000,1.00373134328
65938,65944,67549,6,1605,2,9000,1.00373831776
65948,65956,67543,8,1587,2,9000,1.00504095778
65959,65973,67571,14,1598,2,9000,1.00876095119
65970,66024,67624,54,1600,2,9000,1.03375
66022,66142,67716,120,1574,2,9000,1.07623888183
66140,66203,67848,63,1645,2,9000,1.03829787234
66202,66224,67851,22,1627,2,9000,1.0135218193
66223,66259,67894,36,1635,2,9000,1.02201834862
66264,66286,67904,22,1618,2,9000,1.01359703337
66285,66741,68360,456,1619,2,9000,1.2816553428
66737,66792,68371,55,1579,2,9000,1.03483217226
66789,66823,68421,34,1598,2,9000,1.02127659574
66820,66831,68395,11,1564,2,9000,1.00703324808
66831,66837,68361,6,1524,2,9000,1.00393700787
66842,66847,68355,5,1508,2,9000,1.00331564987
66853,66859,68459,6,1600,2,9000,1.00375
66863,66870,68495,7,1625,2,9000,1.00430769231
66874,66900,68560,26,1660,2,9000,1.0156626506
66895,66907,68484,12,1577,2,9000,1.00760938491
66906,66951,68592,45,1641,2,9000,1.02742230347
66948,66980,68617,32,1637,2,9000,1.01954795357
66979,66986,68633,7,1647,2,9000,1.00425015179
66990,67006,68735,16,1729,2,9000,1.00925390399
67025,67032,68746,7,1714,2,9000,1.004084014
67036,67042,68702,6,1660,2,9000,1.00361445783
67046,67053,68693,7,1640,2,9000,1.00426829268
67057,67064,68832,7,1768,2,9000,1.00395927602
67068,67075,68928,7,1853,2,9000,1.00377765785
67079,67086,68900,7,1814,2,9000,1.00385887541
67089,67096,68732,7,1636,2,9000,1.00427872861
67100,67111,68739,11,1628,2,9000,1.00675675676
67111,67136,68738,25,1602,2,9000,1.01560549313
67132,67145,68745,13,1600,2,9000,1.008125
67143,67153,68769,10,1616,2,9000,1.00618811881
67154,67160,68793,6,1633,2,9000,1.00367421923
67165,67171,69005,6,1834,2,9000,1.00327153762
67175,67189,69146,14,1957,2,9000,1.00715380685
67186,67204,68834,18,1630,2,9000,1.01104294479
67207,67213,68805,6,1592,2,9000,1.00376884422
67218,67225,68843,7,1618,2,9000,1.0043263288
67229,67236,69028,7,1792,2,9000,1.00390625
67239,67246,69140,7,1894,2,9000,1.00369588173
67250,67257,69239,7,1982,2,9000,1.00353178607
67261,67267,68882,6,1615,2,9000,1.00371517028
67272,67278,68884,6,1606,2,9000,1.00373599004
67283,67289,69035,6,1746,2,9000,1.00343642612
67293,67300,69020,7,1720,2,9000,1.00406976744
67304,67310,69000,6,1690,2,9000,1.00355029586
67337,67344,69077,7,1733,2,9000,1.00403923832
67348,67355,69144,7,1789,2,9000,1.00391280045
67359,67366,69260,7,1894,2,9000,1.00369588173
67369,67375,69006,6,1631,2,9000,1.00367872471
67380,67386,68972,6,1586,2,9000,1.00378310214
67391,67398,69065,7,1667,2,9000,1.00419916017
67402,67408,69071,6,1663,2,9000,1.00360793746
67412,67419,69220,7,1801,2,9000,1.00388672959
67423,67430,69302,7,1872,2,9000,1.00373931624
67434,67440,69328,6,1888,2,9000,1.0031779661
67445,67451,69289,6,1838,2,9000,1.00326441785
67455,67461,69265,6,1804,2,9000,1.00332594235
67466,67472,69543,6,2071,2,9000,1.00289715113
67477,67483,69144,6,1661,2,9000,1.00361228176
67488,67494,69090,6,1596,2,9000,1.0037593985
67498,67505,69140,7,1635,2,9000,1.00428134557
67509,67515,69140,6,1625,2,9000,1.00369230769
67520,67527,69106,7,1579,2,9000,1.00443318556
67531,67537,69240,6,1703,2,9000,1.00352319436
67541,67549,69286,8,1737,2,9000,1.00460564191
67552,67558,69310,6,1752,2,9000,1.00342465753
67563,67569,69375,6,1806,2,9000,1.00332225914
67574,67581,69437,7,1856,2,9000,1.00377155172
67585,67592,69444,7,1852,2,9000,1.00377969762
67595,67603,69669,8,2066,2,9000,1.00387221684
67606,67616,69602,10,1986,2,9000,1.00503524673
67638,67645,69680,7,2035,2,9000,1.00343980344
67649,67656,69452,7,1796,2,9000,1.00389755011
67652,67663,69367,11,1704,2,9000,1.00645539906
67663,67728,69517,65,1789,2,9000,1.03633314701
67725,67860,69785,135,1925,2,9000,1.07012987013
67859,67867,69843,8,1976,2,9000,1.004048583
67869,67907,69791,38,1884,2,9000,1.02016985138
67929,67935,69803,6,1868,2,9000,1.00321199143
67940,68366,70344,426,1978,2,9000,1.21536905966
68370,68376,70479,6,2103,2,9000,1.00285306705
68370,68382,70575,12,2193,1,21600,1.00547195622
68382,68388,70049,6,1661,2,9000,1.00361228176
68393,68407,70068,14,1661,2,9000,1.00842865744
68403,68433,70092,30,1659,2,9000,1.01808318264
68435,68474,70132,39,1658,2,9000,1.02352231604
68460,68466,70662,6,2196,1,21600,1.00273224044
68473,68496,70198,23,1702,2,9000,1.01351351351
68494,68507,70216,13,1709,2,9000,1.0076067876
68504,68572,70267,68,1695,2,9000,1.0401179941
68568,68604,70314,36,1710,2,9000,1.02105263158
68599,68629,70354,30,1725,2,9000,1.01739130435
68630,68644,70367,14,1723,2,9000,1.00812536274
68641,68705,70432,64,1727,2,9000,1.03705848292
68703,68715,70458,12,1743,2,9000,1.00688468158
68714,68744,70475,30,1731,2,9000,1.01733102253
68745,68751,70456,6,1705,2,9000,1.00351906158
68756,68762,70530,6,1768,2,9000,1.00339366516
68767,68773,70479,6,1706,2,9000,1.00351699883
68777,68785,70621,8,1836,2,9000,1.00435729847
68788,68794,70591,6,1797,2,9000,1.00333889816
68799,68805,70527,6,1722,2,9000,1.00348432056
68860,68868,70473,8,1605,2,9000,1.00498442368
68871,68877,70464,6,1587,2,9000,1.00378071834
68882,68889,70533,7,1644,2,9000,1.00425790754
68893,68900,70544,7,1644,2,9000,1.00425790754
68903,68910,70542,7,1632,2,9000,1.00428921569
68914,68921,70566,7,1645,2,9000,1.00425531915
68925,68932,70574,7,1642,2,9000,1.00426309379
68936,68942,70576,6,1634,2,9000,1.00367197062
68947,68954,70582,7,1628,2,9000,1.0042997543
68958,68984,70671,26,1687,2,9000,1.01541197392
68989,69012,70705,23,1693,2,9000,1.01358535145
69010,69019,70701,9,1682,2,9000,1.00535077289
69021,69028,70691,7,1663,2,9000,1.00420926037
69032,69038,70650,6,1612,2,9000,1.00372208437
69043,69049,70660,6,1611,2,9000,1.00372439479
69054,69061,70649,7,1588,2,9000,1.00440806045
69064,69076,70693,12,1617,2,9000,1.00742115028
69075,69083,70671,8,1588,2,9000,1.00503778338
69079,69089,70900,10,1811,2,9000,1.00552181115
69090,69101,71149,11,2048,2,9000,1.00537109375
69101,69145,71061,44,1916,2,9000,1.02296450939
69148,69155,71091,7,1936,2,9000,1.00361570248
69158,69165,71177,7,2012,2,9000,1.00347912525
69752,70490,150191,738,79701,64,86400,1.00925960778
70912,70918,157328,6,86410,1,86400,1.00006943641
73081,73087,73089,6,2,2,3540,1.0
74531,74537,75519,6,982,5,36000,1.00610997963
74542,74548,75466,6,918,5,36000,1.00653594771
74549,74555,75416,6,861,5,36000,1.00696864111
74550,74560,75351,10,791,5,36000,1.01264222503
74581,74587,76162,6,1575,2,9000,1.00380952381
74581,74592,76170,11,1578,2,9000,1.00697084918
74592,74605,76182,13,1577,2,9000,1.00824350032
74592,74599,76192,7,1593,2,9000,1.00439422473
74603,74611,76178,8,1567,2,9000,1.00510529675
74603,74617,76207,14,1590,2,9000,1.00880503145
74614,74623,76205,9,1582,2,9000,1.00568900126
74615,74628,76178,13,1550,2,9000,1.00838709677
74625,74635,76214,10,1579,2,9000,1.00633312223
74626,74641,76203,15,1562,2,9000,1.00960307298
74636,75363,76911,727,1548,2,9000,1.46963824289
74637,75369,76923,732,1554,2,9000,1.47104247104
75363,75427,76984,64,1557,2,9000,1.0411046885
75373,75433,77031,60,1598,2,9000,1.03754693367
75425,75439,77023,14,1584,2,9000,1.00883838384
75435,75477,77035,42,1558,2,9000,1.026957638
75436,75483,77071,47,1588,2,9000,1.02959697733
75477,75530,77087,53,1557,2,9000,1.03403982017
75488,75536,77109,48,1573,2,9000,1.03051493961
75529,75542,77064,13,1522,2,9000,1.0085413929
75540,76174,77728,634,1554,2,9000,1.40797940798
75540,76181,77723,641,1542,2,9000,1.41569390402
76174,76189,77731,15,1542,2,9000,1.00972762646
76185,76196,77803,11,1607,2,9000,1.00684505289
76185,76202,77791,17,1589,2,9000,1.01069855255
76196,76208,77814,12,1606,2,9000,1.00747198007
76207,76215,77780,8,1565,2,9000,1.00511182109
76207,76221,77769,14,1548,2,9000,1.00904392765
76218,76228,77795,10,1567,2,9000,1.00638162093
76218,76234,77843,16,1609,2,9000,1.00994406464
76229,76922,78516,693,1594,2,9000,1.4347553325
76230,76934,78510,704,1576,2,9000,1.44670050761
76925,76995,78594,70,1599,2,9000,1.04377736085
76935,77043,78648,108,1605,2,9000,1.06728971963
76997,77035,78635,38,1600,2,9000,1.02375
77038,77049,78647,11,1598,2,9000,1.00688360451
77039,77075,78695,36,1620,2,9000,1.02222222222
77050,77082,78660,32,1578,2,9000,1.02027883397
77081,77120,78703,39,1583,2,9000,1.02463676563
77081,77098,78679,17,1581,2,9000,1.01075268817
77102,77742,79345,640,1603,2,9000,1.39925140362
77123,77735,79330,612,1595,2,9000,1.38369905956
77736,77748,79343,12,1595,2,9000,1.00752351097
77747,77781,79372,34,1591,2,9000,1.02137020742
77748,77791,79390,43,1599,2,9000,1.02689180738
77779,77808,79408,29,1600,2,9000,1.018125
77789,77802,79412,13,1610,2,9000,1.00807453416
77800,77814,79408,14,1594,2,9000,1.00878293601
77811,77826,79438,15,1612,2,9000,1.00930521092
77811,77855,79461,44,1606,2,9000,1.02739726027
77822,78528,80147,706,1619,2,9000,1.43607164917
77853,78521,80139,668,1618,2,9000,1.41285537701
78163,78169,81786,6,3617,1,21600,1.00165883329
78169,78175,81786,6,3611,1,21600,1.00166158959
78525,78605,80217,80,1612,2,9000,1.04962779156
78525,78646,80242,121,1596,2,9000,1.07581453634
78607,78659,80257,52,1598,2,9000,1.03254067584
78649,78664,80275,15,1611,2,9000,1.00931098696
78660,78671,80285,11,1614,2,9000,1.00681536555
78660,78707,80313,47,1606,2,9000,1.02926525529
78671,78690,80303,19,1613,2,9000,1.01177929324
78692,78714,80340,22,1626,2,9000,1.0135301353
78713,79341,80951,628,1610,2,9000,1.3900621118
78713,79361,80993,648,1632,2,9000,1.39705882353
79347,79354,80952,7,1598,2,9000,1.00438047559
79357,79384,80980,27,1596,2,9000,1.01691729323
79358,79401,81026,43,1625,2,9000,1.02646153846
79389,79419,81038,30,1619,2,9000,1.01852995676
79400,79425,81087,25,1662,2,9000,1.01504211793
79421,79449,81061,28,1612,2,9000,1.01736972705
79421,79431,81046,10,1615,2,9000,1.00619195046
79432,79472,81086,40,1614,2,9000,1.02478314746
79453,80150,81762,697,1612,2,9000,1.432382134
79474,80158,81767,684,1609,2,9000,1.42510876321
80148,80228,81831,80,1603,2,9000,1.04990642545
80159,80254,81868,95,1614,2,9000,1.05885997522
80231,80286,81886,55,1600,2,9000,1.034375
80252,80268,81859,16,1591,2,9000,1.0100565682
80273,80297,81906,24,1609,2,9000,1.01491609695
80284,80314,81920,30,1606,2,9000,1.01867995019
80294,80324,81906,30,1582,2,9000,1.01896333755
80315,80351,81941,36,1590,2,9000,1.02264150943
80326,80963,82549,637,1586,2,9000,1.40163934426
80347,80968,82568,621,1600,2,9000,1.388125
80960,81004,82626,44,1622,2,9000,1.0271270037
80971,80991,82607,20,1616,2,9000,1.01237623762
80992,81037,82610,45,1573,2,9000,1.02860775588
81003,81049,82648,46,1599,2,9000,1.02876797999
81034,81057,82673,23,1616,2,9000,1.01423267327
81055,81103,82727,48,1624,2,9000,1.02955665025
81055,81072,82697,17,1625,2,9000,1.01046153846
81076,81097,82714,21,1617,2,9000,1.01298701299
81097,81773,83372,676,1599,2,9000,1.42276422764
81108,81779,83365,671,1586,2,9000,1.42307692308
81776,81843,83458,67,1615,2,9000,1.04148606811
81777,81879,83494,102,1615,2,9000,1.06315789474
81849,81870,83480,21,1610,2,9000,1.01304347826
81870,81898,83511,28,1613,2,9000,1.01735895846
81880,81917,83516,37,1599,2,9000,1.02313946216
81901,81923,83560,22,1637,2,9000,1.01343921808
81922,81931,83527,9,1596,2,9000,1.00563909774
81923,81952,83563,29,1611,2,9000,1.01800124146
81933,82561,84178,628,1617,2,9000,1.38837353123
81954,82579,84189,625,1610,2,9000,1.38819875776
82171,82177,106465,6,24288,12,50400,1.00024703557
82407,82414,110654,7,28240,12,50400,1.00024787535
82557,82618,84227,61,1609,2,9000,1.03791174643
82578,82625,84233,47,1608,2,9000,1.02922885572
82620,82637,84241,17,1604,2,9000,1.01059850374
82630,82659,84263,29,1604,2,9000,1.0180798005
82641,82685,84295,44,1610,2,9000,1.02732919255
82662,82708,84323,46,1615,2,9000,1.02848297214
82683,82725,84346,42,1621,2,9000,1.02590993214
82704,82738,84331,34,1593,2,9000,1.02134337728
82725,83384,84981,659,1597,2,9000,1.41264871634
82735,83376,85006,641,1630,2,9000,1.39325153374
83381,83470,85308,89,1838,2,9000,1.04842219804
83382,83491,85383,109,1892,2,9000,1.05761099366
83474,83505,85402,31,1897,2,9000,1.01634159199
83495,83522,85375,27,1853,2,9000,1.014570966
83506,83528,85237,22,1709,2,9000,1.01287302516
83527,83571,85283,44,1712,2,9000,1.02570093458
83527,83538,85303,11,1765,2,9000,1.00623229462
83538,83578,85367,40,1789,2,9000,1.0223588597
83569,84190,86101,621,1911,2,9000,1.32496075353
83580,84201,85990,621,1789,2,9000,1.34712129681
83725,83732,83741,7,9,1,240,1.6
83899,385564,745596,301665,360032,35,360000,1.83788385477
84193,84238,86066,45,1828,2,9000,1.02461706783
84204,84245,86178,41,1933,2,9000,1.02121055354
84235,84252,85943,17,1691,2,9000,1.01005322295
84246,84274,85989,28,1715,2,9000,1.01632653061
84256,84307,86150,51,1843,2,9000,1.02767227347
84277,84334,86211,57,1877,2,9000,1.03036760788
84308,84342,86147,34,1805,2,9000,1.0188365651
84340,84357,86333,17,1976,2,9000,1.00860323887
84340,85018,86737,678,1719,2,9000,1.39441535777
84361,84993,86721,632,1728,2,9000,1.36574074074
84992,85248,87138,256,1890,2,9000,1.13544973545
85024,85294,87023,270,1729,2,9000,1.15615962984
85249,85315,87051,66,1736,2,9000,1.03801843318
85292,85322,86974,30,1652,2,9000,1.0181598063
85313,85378,87021,65,1643,2,9000,1.03956177724
85324,85387,87042,63,1655,2,9000,1.03806646526
85376,85394,87035,18,1641,2,9000,1.01096892139
85386,85413,87059,27,1646,2,9000,1.01640340219
85397,85954,87601,557,1647,2,9000,1.33819064967
85418,86000,87677,582,1677,2,9000,1.34704830054
85950,86007,87703,57,1696,2,9000,1.03360849057
86004,86112,87748,108,1636,2,9000,1.06601466993
86005,86077,87717,72,1640,2,9000,1.04390243902
86077,86158,87811,81,1653,2,9000,1.04900181488
86108,86164,87811,56,1647,2,9000,1.03400121433
86159,86189,87846,30,1657,2,9000,1.01810500905
86170,86223,87874,53,1651,2,9000,1.03210175651
86191,86345,87982,154,1637,2,9000,1.09407452657
86222,86732,88374,510,1642,2,9000,1.31059683313
86345,86748,88378,403,1630,2,9000,1.2472392638
86734,86985,88640,251,1655,2,9000,1.15166163142
86744,87032,88671,288,1639,2,9000,1.17571690055
86990,87038,88689,48,1651,2,9000,1.02907328892
87031,87046,88699,15,1653,2,9000,1.00907441016
87042,87053,88692,11,1639,2,9000,1.0067114094
87043,87070,88722,27,1652,2,9000,1.01634382567
87053,87062,88722,9,1660,2,9000,1.00542168675
87064,87149,88791,85,1642,2,9000,1.05176613886
87075,87612,89253,537,1641,2,9000,1.32723948812
87147,87688,89333,541,1645,2,9000,1.32887537994
87617,87715,89356,98,1641,2,9000,1.05971968312
87689,87728,89351,39,1623,2,9000,1.02402957486
87720,87759,89381,39,1622,2,9000,1.02404438964
87731,87822,89457,91,1635,2,9000,1.05565749235
87762,87828,89462,66,1634,2,9000,1.04039167687
87824,87857,89501,33,1644,2,9000,1.0200729927
87824,87885,89523,61,1638,2,9000,1.03724053724
87855,87993,89634,138,1641,2,9000,1.08409506399
87886,88385,90024,499,1639,2,9000,1.30445393533
87989,88392,90033,403,1641,2,9000,1.24558196222
88388,88651,90269,263,1618,2,9000,1.16254635352
88388,88682,90340,294,1658,2,9000,1.17732207479
88654,88700,90340,46,1640,2,9000,1.02804878049
88686,88706,90338,20,1632,2,9000,1.01225490196
88696,88712,90343,16,1631,2,9000,1.00980993256
88707,88733,90359,26,1626,2,9000,1.0159901599
88718,88739,90354,21,1615,2,9000,1.01300309598
88739,88802,90443,63,1641,2,9000,1.03839122486
88739,89264,90897,525,1633,2,9000,1.32149418249
88801,89345,90978,544,1633,2,9000,1.33312921004
89261,89369,90988,108,1619,2,9000,1.06670784435
89343,89362,91002,19,1640,2,9000,1.01158536585
89364,89393,91012,29,1619,2,9000,1.01791229154
89365,89468,91091,103,1623,2,9000,1.06346272335
89396,89475,91085,79,1610,2,9000,1.04906832298
89468,89512,91115,44,1603,2,9000,1.027448534
89478,89534,91158,56,1624,2,9000,1.03448275862
89510,89645,91267,135,1622,2,9000,1.08323057953
89531,90035,91659,504,1624,2,9000,1.31034482759
89643,90044,91647,401,1603,2,9000,1.25015595758
90032,90280,91878,248,1598,2,9000,1.15519399249
90043,90350,91958,307,1608,2,9000,1.19092039801
90278,90357,91993,79,1636,2,9000,1.04828850856
90350,90363,91975,13,1612,2,9000,1.00806451613
90360,90369,91994,9,1625,2,9000,1.00553846154
90361,90375,92002,14,1627,2,9000,1.0086047941
90372,90381,92017,9,1636,2,9000,1.00550122249
90372,90454,92057,82,1603,2,9000,1.05115408609
90383,90908,92534,525,1626,2,9000,1.32287822878
90455,90989,92615,534,1626,2,9000,1.32841328413
90905,91018,92656,113,1638,2,9000,1.06898656899
90987,90999,92636,12,1637,2,9000,1.00733048259
90997,91024,92659,27,1635,2,9000,1.01651376147
91018,91102,92743,84,1641,2,9000,1.05118829982
91029,91096,92750,67,1654,2,9000,1.04050785973
91101,91170,92800,69,1630,2,9000,1.04233128834
91101,91126,92761,25,1635,2,9000,1.01529051988
91122,91278,92921,156,1643,2,9000,1.09494826537
91174,91670,93311,496,1641,2,9000,1.30225472273
91276,91659,93274,383,1615,2,9000,1.23715170279
91656,91890,93555,234,1665,2,9000,1.14054054054
91667,91969,93631,302,1662,2,9000,1.1817087846
91892,92004,93662,112,1658,2,9000,1.06755126659
91974,91987,93639,13,1652,2,9000,1.00786924939
91985,92011,93679,26,1668,2,9000,1.01558752998
92006,92017,93672,11,1655,2,9000,1.00664652568
92016,92028,93699,12,1671,2,9000,1.00718132855
92017,92068,93706,51,1638,2,9000,1.03113553114
92028,92545,94193,517,1648,2,9000,1.31371359223
92069,92626,94256,557,1630,2,9000,1.34171779141
92549,92647,94311,98,1664,2,9000,1.05889423077
92632,92667,94296,35,1629,2,9000,1.02148557397
92652,92674,94316,22,1642,2,9000,1.01339829476
92663,92761,94403,98,1642,2,9000,1.05968331303
92674,92754,94394,80,1640,2,9000,1.0487804878
92756,92772,94434,16,1662,2,9000,1.00962695548
92767,92811,94442,44,1631,2,9000,1.02697731453
92777,92932,94585,155,1653,2,9000,1.09376890502
92809,93285,94918,476,1633,2,9000,1.29148805879
92932,93322,94995,390,1673,2,9000,1.23311416617
93289,93566,95227,277,1661,2,9000,1.16676700783
93321,93642,95288,321,1646,2,9000,1.195018226
93566,93650,95283,84,1633,2,9000,1.0514390692
93638,93673,95337,35,1664,2,9000,1.02103365385
93649,93690,95342,41,1652,2,9000,1.02481840194
93670,93683,95340,13,1657,2,9000,1.00784550392
93681,93710,95356,29,1646,2,9000,1.01761846902
93691,93718,95367,27,1649,2,9000,1.01637355973
93712,94204,95852,492,1648,2,9000,1.29854368932
93723,94267,95926,544,1659,2,9000,1.32790837854
94204,94322,95958,118,1636,2,9000,1.07212713936
94265,94308,95943,43,1635,2,9000,1.02629969419
94307,94328,95985,21,1657,2,9000,1.01267350634
94317,94405,96064,88,1659,2,9000,1.05304400241
94328,94414,96059,86,1645,2,9000,1.05227963526
94410,94445,96069,35,1624,2,9000,1.02155172414
94411,94454,96067,43,1613,2,9000,1.0266584005
94442,94596,96235,154,1639,2,9000,1.09395973154
94453,94929,96550,476,1621,2,9000,1.29364589759
94596,95006,96642,410,1636,2,9000,1.25061124694
94928,95239,96879,311,1640,2,9000,1.18963414634
95010,95300,96900,290,1600,2,9000,1.18125
95063,95069,98677,6,3608,1,3600,1.00166297118
95235,95294,96932,59,1638,2,9000,1.03601953602
95297,95354,96973,57,1619,2,9000,1.03520691785
95297,95348,96977,51,1629,2,9000,1.03130755064
95349,95360,97000,11,1640,2,9000,1.00670731707
95359,95367,96978,8,1611,2,9000,1.00496585971
95360,95378,96929,18,1551,2,9000,1.01160541586
95371,95863,97502,492,1639,2,9000,1.30018303844
95382,95938,97612,556,1674,2,9000,1.3321385902
95576,110012,124436,14436,14424,1,14400,2.00083194676
95576,95583,110005,7,14422,1,14400,1.00048536957
95577,124447,138883,28870,14436,1,14400,2.99986145747
95578,138889,153335,43311,14446,1,14400,3.99813097051
95579,153342,167775,57763,14433,1,14400,5.00214785561
95580,167782,181898,72202,14116,1,14400,6.11490507226
95863,95954,97741,91,1787,2,9000,1.0509233352
95935,95970,97845,35,1875,2,9000,1.01866666667
95956,95996,98041,40,2045,2,9000,1.0195599022
95967,96076,98027,109,1951,2,9000,1.05586878524
95998,96070,98184,72,2114,2,9000,1.03405865658
96070,96083,97687,13,1604,2,9000,1.00810473815
96080,96090,97713,10,1623,2,9000,1.00616142945
96081,96246,97926,165,1680,2,9000,1.09821428571
96091,96561,98285,470,1724,2,9000,1.27262180974
96245,96653,98436,408,1783,2,9000,1.22882781828
96562,96890,98853,328,1963,2,9000,1.16709118696
96655,96940,99079,285,2139,2,9000,1.1332398317
96890,96911,98536,21,1625,2,9000,1.01292307692
96911,96947,98630,36,1683,2,9000,1.02139037433
96943,96991,98718,48,1727,2,9000,1.02779386219
96943,96984,98684,41,1700,2,9000,1.02411764706
96984,96997,98927,13,1930,2,9000,1.0067357513
96995,97012,98900,17,1888,2,9000,1.00900423729
96995,97513,99478,518,1965,2,9000,1.26361323155
97016,97624,99723,608,2099,2,9000,1.28966174369
97518,97698,99373,180,1675,2,9000,1.10746268657
97620,97724,99519,104,1795,2,9000,1.05793871866
97702,97752,99571,50,1819,2,9000,1.02748763057
97723,97856,99710,133,1854,2,9000,1.07173678533
97754,97937,99885,183,1948,2,9000,1.09394250513
97857,98038,100044,181,2006,2,9000,1.09022931206
97939,98053,100181,114,2128,2,9000,1.05357142857
98042,98196,100337,154,2141,2,9000,1.07192900514
98053,98296,99946,243,1650,2,9000,1.14727272727
98197,98447,100198,250,1751,2,9000,1.14277555682
98299,98644,100538,345,1894,2,9000,1.18215417107
98443,98547,100558,104,2011,2,9000,1.0517155644
98544,98695,100827,151,2132,2,9000,1.07082551595
98631,98638,98646,7,8,1,1800,1.5
98647,98729,100863,82,2134,2,9000,1.03842549203
98698,98864,101056,166,2192,2,9000,1.07572992701
98729,98911,101119,182,2208,2,9000,1.08242753623
98784,98790,98905,6,115,1,3600,1.05217391304
98794,98800,98876,6,76,1,1800,1.07894736842
98863,99091,100755,228,1664,2,9000,1.13701923077
98915,98938,100620,23,1682,2,9000,1.01367419738
98936,99384,101192,448,1808,2,9000,1.24778761062
99002,99008,99156,6,148,1,3600,1.04054054054
99024,99030,99502,6,472,1,3600,1.01271186441
99089,99489,101435,400,1946,2,9000,1.20554984584
99158,99166,99267,8,101,1,1800,1.07920792079
99285,99292,99733,7,441,1,3600,1.01587301587
99386,99734,101475,348,1741,2,9000,1.19988512349
99489,99530,101372,41,1842,2,9000,1.02225841477
99530,99583,101585,53,2002,2,9000,1.02647352647
99581,99721,101389,140,1668,2,9000,1.08393285372
99725,99897,101561,172,1664,2,9000,1.10336538462
99735,99957,101687,222,1730,2,9000,1.12832369942
99741,99748,100503,7,755,1,3600,1.00927152318
99899,100055,101870,156,1815,2,9000,1.08595041322
99908,99914,100291,6,377,1,1800,1.01591511936
99961,100192,102023,231,1831,2,9000,1.126160568
99966,99972,100595,6,623,1,3600,1.00963081862
100053,100350,102063,297,1713,2,9000,1.17338003503
100133,100343,100361,210,18,8,57600,12.6666666667
100133,100139,100302,6,163,8,57600,1.03680981595
100133,100308,100337,175,29,8,57600,7.03448275862
100134,100367,100387,233,20,8,57600,12.65
100135,100393,100412,258,19,8,57600,14.5789473684
100197,100209,102068,12,1859,2,9000,1.00645508338
100208,100569,102356,361,1787,2,9000,1.20201454952
100351,100549,102566,198,2017,2,9000,1.09816559246
100394,100401,120149,7,19748,1,36000,1.00035446628
100546,100631,102274,85,1643,2,9000,1.05173463177
100567,100766,102428,199,1662,2,9000,1.11973525872
100628,100838,102542,210,1704,2,9000,1.12323943662
100772,100874,102700,102,1826,2,9000,1.05585980285
100813,170775,171434,69962,659,8,57600,107.163884674
100813,158469,170769,57656,12300,8,57600,5.6874796748
100813,100819,158462,6,57643,8,57600,1.00010408896
100814,171441,171489,70627,48,8,57600,1472.39583333
100815,171495,171573,70680,78,8,57600,907.153846154
100843,101067,102803,224,1736,2,9000,1.12903225806
100875,101131,102844,256,1713,2,9000,1.1494454174
100971,100977,100985,6,8,1,1800,1.4
100998,101004,101011,6,7,1,3600,1.3
101069,101203,103042,134,1839,2,9000,1.07286568787
101114,101120,101207,6,87,1,3600,1.06896551724
101131,101400,103409,269,2009,2,9000,1.13389746142
101134,101140,101186,6,46,1,1800,1.13043478261
101203,101384,103354,181,1970,2,9000,1.09187817259
101328,101334,101571,6,237,1,3600,1.0253164557
101387,101446,103049,59,1603,2,9000,1.03680598877
101398,101596,103227,198,1631,2,9000,1.12139791539
101407,101413,101499,6,86,1,3600,1.06976744186
101414,101421,101502,7,81,1,1800,1.08641975309
101449,101486,103212,37,1726,2,9000,1.0214368482
101490,101572,103295,82,1723,2,9000,1.04759141033
101572,101698,103404,126,1706,2,9000,1.07385697538
101593,101882,103615,289,1733,2,9000,1.16676283901
101621,101628,101869,7,241,1,3600,1.02904564315
101696,102034,103811,338,1777,2,9000,1.19020821609
101864,101870,102349,6,479,1,3600,1.01252609603
101880,102082,104061,202,1979,2,9000,1.10207175341
102034,102075,104006,41,1931,2,9000,1.02123252201
102075,102290,104273,215,1983,2,9000,1.10842158346
102086,102577,104417,491,1840,2,9000,1.26684782609
102151,102157,102621,6,464,1,3600,1.01293103448
102152,102163,102413,11,250,1,1800,1.044
102295,102367,104005,72,1638,2,9000,1.04395604396
102367,102439,104104,72,1665,2,9000,1.04324324324
102440,102553,104226,113,1673,2,9000,1.06754333533
102553,102711,104447,158,1736,2,9000,1.09101382488
102574,102814,104659,240,1845,2,9000,1.13008130081
102708,102855,104798,147,1943,2,9000,1.07565620175
102810,103053,105004,243,1951,2,9000,1.12455151205
102852,103060,105025,208,1965,2,9000,1.1058524173
103057,103238,104928,181,1690,2,9000,1.10710059172
103057,103223,104882,166,1659,2,9000,1.10006027728
103221,103307,105089,86,1782,2,9000,1.04826038159
103242,103365,105301,123,1936,2,9000,1.06353305785
103303,103422,105223,119,1801,2,9000,1.06607440311
103365,103415,105283,50,1868,2,9000,1.02676659529
103417,103626,105479,209,1853,2,9000,1.11279007016
103427,103823,105723,396,1900,2,9000,1.20842105263
103622,104016,105966,394,1950,2,9000,1.20205128205
103827,104022,105676,195,1654,2,9000,1.11789600967
104011,104072,105790,61,1718,2,9000,1.03550640279
104022,104284,106112,262,1828,2,9000,1.14332603939
104073,104115,105934,42,1819,2,9000,1.02308960968
104114,104238,106022,124,1784,2,9000,1.06950672646
104239,104428,106317,189,1889,2,9000,1.10005293806
104280,104458,106424,178,1966,2,9000,1.09053916582
104434,104670,106581,236,1911,2,9000,1.12349555207
104454,104809,106742,355,1933,2,9000,1.18365235385
104669,104893,106632,224,1739,2,9000,1.12880966072
104813,104939,106633,126,1694,2,9000,1.07438016529
104895,105015,106799,120,1784,2,9000,1.06726457399
104936,105036,106925,100,1889,2,9000,1.05293806247
105018,105100,107034,82,1934,2,9000,1.0423991727
105039,105234,107178,195,1944,2,9000,1.10030864198
105101,105312,107251,211,1939,2,9000,1.10881897886
105234,105294,107241,60,1947,2,9000,1.03081664099
105296,105490,107361,194,1871,2,9000,1.10368786745
105316,105687,107327,371,1640,2,9000,1.2262195122
105491,105734,107400,243,1666,2,9000,1.14585834334
105685,105978,107778,293,1800,2,9000,1.16277777778
105736,105801,107605,65,1804,2,9000,1.03603104213
105798,105946,107913,148,1967,2,9000,1.07524148449
105942,106033,107929,91,1896,2,9000,1.04799578059
105983,106123,108036,140,1913,2,9000,1.07318348144
106034,106328,108242,294,1914,2,9000,1.15360501567
106127,106435,108324,308,1889,2,9000,1.1630492324
106304,106311,106390,7,79,1,1800,1.08860759494
106332,106593,108365,261,1772,2,9000,1.14729119639
106434,106647,108607,213,1960,2,9000,1.10867346939
106598,106653,108612,55,1959,2,9000,1.02807554875
106635,106641,106740,6,99,1,1800,1.06060606061
106650,106810,108716,160,1906,2,9000,1.08394543547
106650,106753,108567,103,1814,2,9000,1.05678059537
106753,106936,108750,183,1814,2,9000,1.10088202867
106813,107045,108708,232,1663,2,9000,1.13950691521
106936,107190,108836,254,1646,2,9000,1.15431348724
107049,107256,108896,207,1640,2,9000,1.1262195122
107193,107263,108901,70,1638,2,9000,1.04273504274
107243,107250,107616,7,366,1,1800,1.01912568306
107254,107372,109013,118,1641,2,9000,1.07190737355
107265,107339,108962,74,1623,2,9000,1.04559457794
107337,107411,109029,74,1618,2,9000,1.0457354759
107368,107616,109260,248,1644,2,9000,1.15085158151
107409,107925,109587,516,1662,2,9000,1.31046931408
107614,107790,109434,176,1644,2,9000,1.10705596107
107788,107940,109601,152,1661,2,9000,1.09151113787
107921,108047,109701,126,1654,2,9000,1.0761789601
107942,108253,109913,311,1660,2,9000,1.18734939759
108045,108335,109965,290,1630,2,9000,1.17791411043
108250,108376,110020,126,1644,2,9000,1.07664233577
108332,108578,110246,246,1668,2,9000,1.14748201439
108373,108624,110275,251,1651,2,9000,1.15202907329
108578,108618,110243,40,1625,2,9000,1.02461538462
108619,108719,110356,100,1637,2,9000,1.06108735492
108620,108727,110369,107,1642,2,9000,1.06516443362
108724,108847,110485,123,1638,2,9000,1.07509157509
108724,108761,110376,37,1615,2,9000,1.02291021672
108761,108768,108808,7,40,1,1800,1.175
108765,108908,110538,143,1630,2,9000,1.08773006135
108848,108915,110533,67,1618,2,9000,1.0414091471
108909,108973,110591,64,1618,2,9000,1.03955500618
108920,109024,110664,104,1640,2,9000,1.06341463415
108971,109040,110686,69,1646,2,9000,1.04191980559
109023,109271,110904,248,1633,2,9000,1.15186772811
109044,109445,111062,401,1617,2,9000,1.24799010513
109054,109062,109133,8,71,1,1800,1.11267605634
109269,109598,111220,329,1622,2,9000,1.20283600493
109443,109612,111236,169,1624,2,9000,1.10406403941
109596,109712,111337,116,1625,2,9000,1.07138461538
109617,109924,111540,307,1616,2,9000,1.18997524752
109710,109976,111605,266,1629,2,9000,1.16329036219
109760,109767,110011,7,244,1,1800,1.02868852459
109924,110031,111668,107,1637,2,9000,1.06536346976
109976,110261,111896,285,1635,2,9000,1.17431192661
110027,110254,111882,227,1628,2,9000,1.13943488943
110253,110287,111917,34,1630,2,9000,1.02085889571
110263,110368,111992,105,1624,2,9000,1.06465517241
110284,110380,112027,96,1647,2,9000,1.05828779599
110366,110387,112014,21,1627,2,9000,1.01290719115
110377,110496,112126,119,1630,2,9000,1.07300613497
110387,110551,112178,164,1627,2,9000,1.10079901659
110500,110544,112165,44,1621,2,9000,1.02714373843
110544,110602,112238,58,1636,2,9000,1.03545232274
110555,110676,112333,121,1657,2,9000,1.07302353651
110607,110697,112327,90,1630,2,9000,1.05521472393
110678,110915,112548,237,1633,2,9000,1.14513165952
110699,111073,112712,374,1639,2,9000,1.22818791946
110914,111231,112884,317,1653,2,9000,1.19177253479
111078,111247,112907,169,1660,2,9000,1.10180722892
111232,111348,112967,116,1619,2,9000,1.07164916615
111253,111551,113187,298,1636,2,9000,1.18215158924
111345,111616,113245,271,1629,2,9000,1.1663597299
111550,111679,113336,129,1657,2,9000,1.07785153893
111612,111894,113546,282,1652,2,9000,1.17070217918
111642,111649,128445,7,16796,12,86400,1.0004167659
111683,111907,113539,224,1632,2,9000,1.13725490196
111744,111750,139626,6,27876,12,86400,1.00021523892
111900,111928,113544,28,1616,2,9000,1.01732673267
111911,112003,113661,92,1658,2,9000,1.05548854041
111931,112038,113655,107,1617,2,9000,1.06617192331
112003,112025,113676,22,1651,2,9000,1.01332525742
112024,112137,113765,113,1628,2,9000,1.06941031941
112035,112176,113820,141,1644,2,9000,1.08576642336
112141,112189,113815,48,1626,2,9000,1.0295202952
112173,112249,113892,76,1643,2,9000,1.04625684723
112194,112344,113997,150,1653,2,9000,1.09074410163
112246,112338,113998,92,1660,2,9000,1.05542168675
112340,112559,114208,219,1649,2,9000,1.13280776228
112341,112723,114370,382,1647,2,9000,1.23193685489
112558,112895,114513,337,1618,2,9000,1.20828182942
112724,112918,114535,194,1617,2,9000,1.11997526283
112898,112978,114613,80,1635,2,9000,1.04892966361
112919,113198,114842,279,1644,2,9000,1.1697080292
112980,113256,114892,276,1636,2,9000,1.16870415648
113195,113347,114985,152,1638,2,9000,1.0927960928
113257,113557,115175,300,1618,2,9000,1.18541409147
113349,113550,115215,201,1665,2,9000,1.12072072072
113398,113405,113949,7,544,1,36000,1.01286764706
113553,113564,115183,11,1619,2,9000,1.00679431748
113554,113666,115298,112,1632,2,9000,1.06862745098
113564,113673,115321,109,1648,2,9000,1.0661407767
113667,113687,115312,20,1625,2,9000,1.01230769231
113678,113777,115414,99,1637,2,9000,1.06047648137
113688,113832,115444,144,1612,2,9000,1.08933002481
113781,113826,115436,45,1610,2,9000,1.02795031056
113822,113903,115512,81,1609,2,9000,1.05034182722
113833,114009,115629,176,1620,2,9000,1.10864197531
113905,114015,115668,110,1653,2,9000,1.06654567453
114008,114219,115825,211,1606,2,9000,1.13138231631
114018,114382,116004,364,1622,2,9000,1.22441430333
114049,114055,114340,6,285,1,36000,1.02105263158
114223,114524,116128,301,1604,2,9000,1.18765586035
114362,114368,114636,6,268,1,36000,1.0223880597
114387,114546,116167,159,1621,2,9000,1.09808760025
114521,114625,116257,104,1632,2,9000,1.0637254902
114552,114854,116453,302,1599,2,9000,1.18886804253
114624,114904,116518,280,1614,2,9000,1.17348203222
114667,114673,115051,6,378,1,36000,1.01587301587
114859,114997,116569,138,1572,2,9000,1.08778625954
114901,115194,116799,293,1605,2,9000,1.18255451713
114993,115186,116807,193,1621,2,9000,1.11906230722
115089,115095,116055,6,960,1,36000,1.00625
115188,115226,116825,38,1599,2,9000,1.02376485303
115199,115312,116905,113,1593,2,9000,1.07093534212
115230,115332,116867,102,1535,2,9000,1.0664495114
115306,115323,117071,17,1748,2,9000,1.00972540046
115327,115426,117190,99,1764,2,9000,1.05612244898
115338,115448,117090,110,1642,2,9000,1.06699147381
115430,115456,117111,26,1655,2,9000,1.01570996979
115451,115523,117159,72,1636,2,9000,1.04400977995
115462,115641,117278,179,1637,2,9000,1.1093463653
115523,115679,117293,156,1614,2,9000,1.09665427509
115644,115836,117473,192,1637,2,9000,1.11728772144
115675,116015,117808,340,1793,2,9000,1.1896263246
115839,116139,117890,300,1751,2,9000,1.17133066819
116013,116178,117812,165,1634,2,9000,1.10097919217
116075,116081,117207,6,1126,1,36000,1.0053285968
116136,116268,117885,132,1617,2,9000,1.08163265306
116177,116464,118088,287,1624,2,9000,1.17672413793
116264,116529,118179,265,1650,2,9000,1.16060606061
116470,116580,118138,110,1558,2,9000,1.07060333761
116532,116818,118377,286,1559,2,9000,1.18345093008
116583,116811,118387,228,1576,2,9000,1.14467005076
116809,116836,118395,27,1559,2,9000,1.0173187941
116820,116878,118447,58,1569,2,9000,1.03696622052
116841,116917,118468,76,1551,2,9000,1.04900064475
116882,117082,118651,200,1569,2,9000,1.12746972594
116913,117202,118771,289,1569,2,9000,1.18419375398
117088,117102,118655,14,1553,2,9000,1.00901481005
117098,117122,118695,24,1573,2,9000,1.0152574698
117119,117176,118731,57,1555,2,9000,1.03665594855
117162,117169,123969,7,6800,4,32400,1.00102941176
117181,117289,118839,108,1550,2,9000,1.06967741935
117202,117305,118842,103,1537,2,9000,1.06701366298
117295,117484,119053,189,1569,2,9000,1.12045889101
117306,117819,119372,513,1553,2,9000,1.33032839665
117372,117378,118281,6,903,1,36000,1.00664451827
117480,117831,119388,351,1557,2,9000,1.22543352601
117812,117825,157843,13,40018,2,54000,1.00032485382
117818,117903,119480,85,1577,2,9000,1.05389980977
117828,117897,119446,69,1549,2,9000,1.04454486766
117901,118099,119674,198,1575,2,9000,1.12571428571
117901,118191,119760,290,1569,2,9000,1.18483110261
118097,118149,119746,52,1597,2,9000,1.03256105197
118149,118398,120002,249,1604,2,9000,1.15523690773
118190,118389,119995,199,1606,2,9000,1.12391033624
118214,118221,118227,7,6,4,28800,1.3
118262,118269,120502,7,2233,1,36000,1.00313479624
118264,118275,118281,11,6,4,28800,1.7
118316,118323,119322,7,999,1,36000,1.00700700701
118333,118340,119040,7,700,4,900,1.01
118385,118406,119997,21,1591,2,9000,1.01319924576
118395,118458,120039,63,1581,2,9000,1.03984819734
118406,118479,120101,73,1622,2,9000,1.04500616523
118407,118413,119349,6,936,1,3600,1.00641025641
118458,118662,120269,204,1607,2,9000,1.1269446173
118479,118669,120281,190,1612,2,9000,1.11786600496
118484,118491,118884,7,393,16,72000,1.01781170483
118663,118706,120302,43,1596,2,9000,1.02694235589
118674,118742,120339,68,1597,2,9000,1.04257983719
118705,118782,120377,77,1595,2,9000,1.04827586207
118746,118850,120452,104,1602,2,9000,1.06491885144
118778,118857,120456,79,1599,2,9000,1.04940587867
118846,118863,126488,17,7625,10,86400,1.0022295082
118850,119064,120626,214,1562,2,9000,1.13700384123
118860,119384,120975,524,1591,2,9000,1.32935260842
118915,118921,118970,6,49,16,180000,1.12244897959
119011,119017,123333,6,4316,20,86400,1.00139017609
119065,119399,120984,334,1585,2,9000,1.21072555205
119080,119087,124757,7,5670,20,86400,1.0012345679
119153,119160,119168,7,8,20,86400,1.5
119335,119342,123852,7,4510,20,172800,1.00155210643
119384,119457,121069,73,1612,2,9000,1.0452853598
119405,119491,121094,86,1603,2,9000,1.05364940736
119444,123348,123357,3904,9,20,172800,391.3
119456,119685,121270,229,1585,2,9000,1.14447949527
119474,119882,120598,408,716,16,72000,1.56983240223
119488,119757,121381,269,1624,2,9000,1.16564039409
119641,385592,508126,265951,122534,4,288000,3.17042616743
119641,119647,135160,6,15513,2,36000,1.00038677238
119653,119659,206068,6,86409,1,86400,1.00006943721
119690,119771,121403,81,1632,2,9000,1.04963235294
119762,120009,121617,247,1608,2,9000,1.15360696517
119773,120015,121682,242,1667,2,9000,1.14517096581
119870,119876,144825,6,24949,1,86400,1.0002404906
120014,120021,121620,7,1599,2,9000,1.00437773609
120014,120051,121659,37,1608,2,9000,1.02300995025
120025,120112,121714,87,1602,2,9000,1.0543071161
120056,120280,121894,224,1614,2,9000,1.13878562577
120094,120100,127587,6,7487,2,14400,1.00080138907
120108,120292,121901,184,1609,2,9000,1.11435674332
120196,122931,122937,2735,6,10,172800,274.1
120282,120313,121916,31,1603,2,9000,1.01933873986
120293,120350,121949,57,1599,2,9000,1.03564727955
120314,120388,121988,74,1600,2,9000,1.04625
120363,120463,122099,100,1636,2,9000,1.06112469438
120384,120470,122103,86,1633,2,9000,1.05266380894
120468,120638,122224,170,1586,2,9000,1.10718789407
120469,120986,122569,517,1583,2,9000,1.32659507265
120643,120995,122639,352,1644,2,9000,1.21411192214
120703,120709,130859,6,10150,2,28800,1.000591133
120992,121106,122903,114,1797,2,9000,1.06343906511
120992,121085,122914,93,1829,2,9000,1.05084745763
121073,122965,137407,1892,14442,1,14400,1.13100678576
121073,122970,137409,1897,14439,1,14400,1.13138028949
121073,121079,135518,6,14439,1,14400,1.00041554124
121085,121281,123199,196,1918,2,9000,1.10218978102
121106,121392,123360,286,1968,2,9000,1.14532520325
121280,121415,123087,135,1672,2,9000,1.08074162679
121393,121629,123420,236,1791,2,9000,1.13176996092
121394,121512,149169,118,27657,16,72000,1.00426655096
121414,121635,123372,221,1737,2,9000,1.1272308578
121631,121694,123692,63,1998,2,9000,1.03153153153
121631,121670,123628,39,1958,2,9000,1.01991828396
121638,122954,125472,1316,2518,2,28800,1.5226370135
121672,121725,123317,53,1592,2,9000,1.03329145729
121693,121905,123511,212,1606,2,9000,1.13200498132
121724,121912,123554,188,1642,2,9000,1.11449451888
121909,121960,123610,51,1650,2,9000,1.03090909091
121909,121927,123577,18,1650,2,9000,1.01090909091
121930,122000,123729,70,1729,2,9000,1.04048582996
121961,122110,123937,149,1827,2,9000,1.08155446086
122002,122116,123885,114,1769,2,9000,1.06444318824
122114,122235,124243,121,2008,2,9000,1.06025896414
122115,122580,124650,465,2070,2,9000,1.22463768116
122238,122650,124325,412,1675,2,9000,1.24597014925
122420,122959,134700,539,11741,2,28800,1.04590750362
122586,122925,124862,339,1937,2,9000,1.17501290656
122648,122914,124824,266,1910,2,9000,1.13926701571
122914,123159,125088,245,1929,2,9000,1.12700881286
122925,123210,124862,285,1652,2,9000,1.17251815981
122935,122949,123393,14,444,4,900,1.03153153153
123092,385581,728413,262489,342832,12,345600,1.76564906426
123160,123328,125016,168,1688,2,9000,1.09952606635
123212,123371,125066,159,1695,2,9000,1.09380530973
123325,123383,125213,58,1830,2,9000,1.03169398907
123377,123432,125279,55,1847,2,9000,1.02977801841
123387,123523,125392,136,1869,2,9000,1.07276618513
123461,123467,123685,6,218,1,7200,1.02752293578
123461,123473,123582,12,109,1,7200,1.11009174312
123462,123485,123574,23,89,1,7200,1.25842696629
123462,123479,123592,17,113,1,7200,1.15044247788
123463,123501,123572,38,71,1,7200,1.53521126761
123463,123490,123576,27,86,1,7200,1.31395348837
123463,123495,123569,32,74,1,7200,1.43243243243
123464,123506,123582,42,76,1,7200,1.55263157895
123464,123511,123572,47,61,1,7200,1.77049180328
123464,123517,123572,53,55,1,7200,1.96363636364
123486,123565,125132,79,1567,2,9000,1.05041480536
123527,123589,125133,62,1544,2,9000,1.04015544041
123551,385587,728896,262036,343309,12,345600,1.76326574602
123568,123622,125162,54,1540,2,9000,1.03506493506
123589,123639,125192,50,1553,2,9000,1.03219575016
123620,123703,125253,83,1550,2,9000,1.0535483871
123641,123740,125294,99,1554,2,9000,1.06370656371
123703,123948,125509,245,1561,2,9000,1.15695067265
123742,123896,125476,154,1580,2,9000,1.09746835443
123756,123762,123765,6,3,1,3600,1.0
123794,123800,123945,6,145,1,3600,1.04137931034
123840,123846,130054,6,6208,2,28800,1.00096649485
123898,124254,125876,356,1622,2,9000,1.21948212084
123949,124661,126246,712,1585,2,9000,1.44921135647
123957,123963,261214,6,137251,12,172800,1.00004371553
124054,124061,124184,7,123,1,3600,1.05691056911
124098,124104,160154,6,36050,1,36000,1.00016643551
124252,124262,124265,10,3,2,14400,1.3
124257,124336,125942,79,1606,2,9000,1.04919053549
124295,124301,297112,6,172811,4,172800,1.00003472001
124339,124835,126475,496,1640,2,9000,1.30243902439
124466,124472,124906,6,434,4,900,1.01382488479
124587,124593,124595,6,2,20,86400,1.0
124658,124873,126546,215,1673,2,9000,1.12851165571
124725,124733,277359,8,152626,20,172800,1.00005241571
124833,124878,126540,45,1662,2,9000,1.02707581227
124875,125099,126755,224,1656,2,9000,1.13526570048
124876,125027,126673,151,1646,2,9000,1.09173754557
124956,124963,204907,7,79944,20,172800,1.00008756129
125030,125077,126729,47,1652,2,9000,1.0284503632
125076,125144,126874,68,1730,2,9000,1.03930635838
125098,125151,126850,53,1699,2,9000,1.03119482048
125144,125174,126907,30,1733,2,9000,1.01731102135
125155,125203,126929,48,1726,2,9000,1.02780996524
125177,125224,126969,47,1745,2,9000,1.02693409742
125209,125265,126981,56,1716,2,9000,1.03263403263
125222,125290,127037,68,1747,2,9000,1.03892386949
125238,125245,129586,7,4341,8,14400,1.00161253167
125264,125403,127295,139,1892,2,9000,1.07346723044
125296,125306,127134,10,1828,2,9000,1.00547045952
125308,125488,127148,180,1660,2,9000,1.10843373494
125402,125520,127218,118,1698,2,9000,1.06949352179
125486,125887,127684,401,1797,2,9000,1.22314969393
125518,125953,127816,435,1863,2,9000,1.23349436393
125888,126257,127843,369,1586,2,9000,1.23266078184
125952,126487,128136,535,1649,2,9000,1.32443905397
126260,126558,128329,298,1771,2,9000,1.16826651609
126486,126551,128411,65,1860,2,9000,1.03494623656
126549,126687,128532,138,1845,2,9000,1.07479674797
126560,126740,128612,180,1872,2,9000,1.09615384615
126568,126575,131063,7,4488,4,10800,1.0015597148
126684,126766,128718,82,1952,2,9000,1.04200819672
126738,126885,128676,147,1791,2,9000,1.08207705193
126771,126861,128588,90,1727,2,9000,1.0521134916
126866,126918,128613,52,1695,2,9000,1.03067846608
126888,126940,128622,52,1682,2,9000,1.03091557669
126921,126981,128738,60,1757,2,9000,1.03414911781
126944,126992,128761,48,1769,2,9000,1.027133974
126988,127145,129030,157,1885,2,9000,1.08328912467
126988,127049,128904,61,1855,2,9000,1.03288409704
127051,127159,129134,108,1975,2,9000,1.0546835443
127509,127515,129144,6,1629,2,9000,1.00368324125
127509,127520,129173,11,1653,2,9000,1.00665456745
127520,127695,129321,175,1626,2,9000,1.10762607626
127525,127827,129502,302,1675,2,9000,1.18029850746
127693,127856,129500,163,1644,2,9000,1.09914841849
127826,128147,129820,321,1673,2,9000,1.19187089062
127858,128422,130100,564,1678,2,9000,1.33611442193
128034,128041,132185,7,4144,8,14400,1.00168918919
128077,128456,132616,379,4160,8,14400,1.09110576923
128149,128340,130044,191,1704,2,9000,1.11208920188
128345,128543,130284,198,1741,2,9000,1.11372774268
128428,128615,130291,187,1676,2,9000,1.111575179
128542,128623,130342,81,1719,2,9000,1.04712041885
128615,128630,130319,15,1689,2,9000,1.00888099467
128627,128637,130347,10,1710,2,9000,1.00584795322
128630,128730,130479,100,1749,2,9000,1.05717552887
128641,128687,130512,46,1825,2,9000,1.02520547945
128684,128750,130543,66,1793,2,9000,1.03680981595
128726,128772,130534,46,1762,2,9000,1.02610669694
128750,128916,130685,166,1769,2,9000,1.09383832674
128771,129041,130751,270,1710,2,9000,1.15789473684
128917,129145,130880,228,1735,2,9000,1.13141210375
129041,129155,130931,114,1776,2,9000,1.06418918919
129144,129184,130964,40,1780,2,9000,1.02247191011
129156,129332,131162,176,1830,2,9000,1.09617486339
129188,129519,131279,331,1760,2,9000,1.18806818182
129297,129303,137244,6,7941,1,57600,1.00075557235
129335,129512,131327,177,1815,2,9000,1.09752066116
129513,129831,131673,318,1842,2,9000,1.17263843648
129515,130055,131821,540,1766,2,9000,1.30577576444
129635,129641,133187,6,3546,12,14400,1.00169204738
129834,130111,131912,277,1801,2,9000,1.15380344253
130060,130295,132159,235,1864,2,9000,1.12607296137
130113,130302,132080,189,1778,2,9000,1.1062992126
130299,130330,132167,31,1837,2,9000,1.01687534023
130299,130353,132148,54,1795,2,9000,1.03008356546
130331,130359,132266,28,1907,2,9000,1.01468274777
130354,130523,132467,169,1944,2,9000,1.08693415638
130365,130490,132340,125,1850,2,9000,1.06756756757
130489,130554,132239,65,1685,2,9000,1.03857566766
130522,130545,132314,23,1769,2,9000,1.01300169587
130543,130696,132496,153,1800,2,9000,1.085
130554,130763,132723,209,1960,2,9000,1.10663265306
130699,130891,132824,192,1933,2,9000,1.09932747025
130763,130943,132836,180,1893,2,9000,1.09508716323
130897,130976,132808,79,1832,2,9000,1.04312227074
130941,131174,133094,233,1920,2,9000,1.12135416667
130974,131339,133200,365,1861,2,9000,1.19613111231
131172,131291,133157,119,1866,2,9000,1.06377277599
131290,131298,134997,8,3699,4,3600,1.00216274669
131296,131685,133498,389,1813,2,9000,1.21456150028
131339,131832,133601,493,1769,2,9000,1.27868852459
131689,131923,134019,234,2096,2,9000,1.11164122137
131834,132159,134150,325,1991,2,9000,1.1632345555
131927,132091,134025,164,1934,2,9000,1.0847983454
132095,132170,133994,75,1824,2,9000,1.04111842105
132157,132178,134068,21,1890,2,9000,1.01111111111
132168,132250,134063,82,1813,2,9000,1.04522890237
132179,132277,134220,98,1943,2,9000,1.05043746783
132252,132325,134324,73,1999,2,9000,1.03651825913
132274,132352,134187,78,1835,2,9000,1.04250681199
132301,132307,138158,6,5851,8,32400,1.00102546573
132329,132478,134326,149,1848,2,9000,1.08062770563
132351,132507,134410,156,1903,2,9000,1.08197582764
132477,132734,134759,257,2025,2,9000,1.12691358025
132508,132819,134787,311,1968,2,9000,1.15802845528
132736,132836,134750,100,1914,2,9000,1.05224660397
132820,132848,134882,28,2034,2,9000,1.01376597837
132835,133105,135091,270,1986,2,9000,1.13595166163
132847,133168,135164,321,1996,2,9000,1.16082164329
133106,133212,135146,106,1934,2,9000,1.05480868666
133168,133510,135420,342,1910,2,9000,1.17905759162
133215,133613,135506,398,1893,2,9000,1.21024828315
133335,133341,133779,6,438,4,900,1.01369863014
133512,134006,136027,494,2021,2,9000,1.24443344879
133616,134031,136042,415,2011,2,9000,1.20636499254
134009,134038,135917,29,1879,2,9000,1.01543374135
134033,134074,136006,41,1932,2,9000,1.02122153209
134043,134080,136055,37,1975,2,9000,1.01873417722
134076,134198,136055,122,1857,2,9000,1.06569736134
134076,134161,136086,85,1925,2,9000,1.04415584416
134160,134231,136269,71,2038,2,9000,1.03483807655
134202,134336,136293,134,1957,2,9000,1.06847215125
134234,134342,136255,108,1913,2,9000,1.05645582854
134338,134422,136478,84,2056,2,9000,1.04085603113
134340,134765,136873,425,2108,2,9000,1.20161290323
134424,134772,136884,348,2112,2,9000,1.16477272727
134466,134472,138658,6,4186,8,14400,1.00143334926
134508,134515,138654,7,4139,8,14400,1.00169122977
134531,134538,138658,7,4120,8,14400,1.00169902913
134646,135007,149436,361,14429,8,14400,1.02501905884
134763,134799,136611,36,1812,2,9000,1.01986754967
134775,134893,136796,118,1903,2,9000,1.06200735681
134797,135102,137037,305,1935,2,9000,1.15762273902
134892,135176,137166,284,1990,2,9000,1.14271356784
135107,135157,136999,50,1842,2,9000,1.02714440825
135160,135432,137365,272,1933,2,9000,1.14071391619
135182,135517,137454,335,1937,2,9000,1.17294785751
135232,137289,137786,2057,497,4,900,5.13883299799
135430,135928,137960,498,2032,2,9000,1.24507874016
135523,136017,138075,494,2058,2,9000,1.24003887269
135933,136038,137889,105,1851,2,9000,1.056726094
136018,136053,138022,35,1969,2,9000,1.01777552057
136041,136066,138044,25,1978,2,9000,1.01263902932
136052,136072,138063,20,1991,2,9000,1.01004520342
136064,136098,137758,34,1660,2,9000,1.02048192771
136075,136266,137889,191,1623,2,9000,1.11768330253
136097,136280,137912,183,1632,2,9000,1.11213235294
136262,136305,137925,43,1620,2,9000,1.02654320988
136284,136489,138113,205,1624,2,9000,1.12623152709
136306,136622,138249,316,1627,2,9000,1.19422249539
136383,138671,223999,2288,85328,24,86400,1.02681417589
136491,136807,138474,316,1667,2,9000,1.18956208758
136626,136884,138544,258,1660,2,9000,1.15542168675
136812,136895,138580,83,1685,2,9000,1.04925816024
136886,137052,138704,166,1652,2,9000,1.1004842615
136897,137010,138626,113,1616,2,9000,1.06992574257
137039,137046,137278,7,232,1,57600,1.03017241379
137355,137362,138991,7,1629,2,9000,1.00429711479
137357,137376,139049,19,1673,2,9000,1.01135684399
137405,137465,139100,60,1635,2,9000,1.03669724771
137407,137769,139408,362,1639,2,9000,1.22086638194
137469,137900,139538,431,1638,2,9000,1.26312576313
137645,137651,138442,6,791,1,57600,1.00758533502
137701,137708,137710,7,2,1,57600,1.0
137769,137906,139557,137,1651,2,9000,1.08298001211
137903,137923,139549,20,1626,2,9000,1.012300123
137904,137936,139592,32,1656,2,9000,1.0193236715
137926,137971,139602,45,1631,2,9000,1.02759043532
137938,138086,139728,148,1642,2,9000,1.09013398295
137971,138033,139696,62,1663,2,9000,1.03728202044
138033,138055,139734,22,1679,2,9000,1.01310303752
138054,138075,139740,21,1665,2,9000,1.01261261261
138080,138124,139783,44,1659,2,9000,1.02652200121
138092,138261,139832,169,1571,2,9000,1.10757479313
138124,138485,140161,361,1676,2,9000,1.21539379475
138125,138131,152567,6,14436,1,14400,1.0004156276
138125,138136,152586,11,14450,1,14400,1.00076124567
138125,138143,144141,18,5998,1,14400,1.00300100033
138259,138556,140178,297,1622,2,9000,1.18310727497
138487,138591,140276,104,1685,2,9000,1.06172106825
138560,138637,140280,77,1643,2,9000,1.04686548996
138593,138715,140336,122,1621,2,9000,1.07526218384
138636,139002,140623,366,1621,2,9000,1.22578655151
138720,139060,140727,340,1667,2,9000,1.20395920816
139008,139111,140699,103,1588,2,9000,1.06486146096
139060,139419,141001,359,1582,2,9000,1.22692793932
139113,139549,141195,436,1646,2,9000,1.26488456865
139423,139569,141180,146,1611,2,9000,1.09062693979
139533,139540,141792,7,2252,4,10800,1.00310834813
139548,139560,141195,12,1635,2,9000,1.00733944954
139559,139603,141237,44,1634,2,9000,1.02692778458
139570,139613,141227,43,1614,2,9000,1.02664188352
139602,139707,141337,105,1630,2,9000,1.06441717791
139617,139739,141307,122,1568,2,9000,1.07780612245
139710,139746,141296,36,1550,2,9000,1.02322580645
139744,139795,141418,51,1623,2,9000,1.0314232902
139744,139752,141432,8,1680,2,9000,1.00476190476
139755,139843,141449,88,1606,2,9000,1.05479452055
139778,139786,197442,8,57656,1,57600,1.00013875399
139797,140172,141757,375,1585,2,9000,1.23659305994
139841,140189,141760,348,1571,2,9000,1.22151495863
140171,140287,141970,116,1683,2,9000,1.06892453951
140192,140293,141943,101,1650,2,9000,1.06121212121
140289,140347,142000,58,1653,2,9000,1.0350877193
140290,140634,142279,344,1645,2,9000,1.20911854103
140354,140738,142365,384,1627,2,9000,1.23601720959
140631,140711,142355,80,1644,2,9000,1.04866180049
140691,140701,146685,10,5984,1,36000,1.00167112299
140715,141012,142659,297,1647,2,9000,1.18032786885
140738,141191,142845,453,1654,2,9000,1.2738814994
140965,140971,148210,6,7239,4,7200,1.00082884376
141016,141206,142849,190,1643,2,9000,1.11564211808
141191,141212,142858,21,1646,2,9000,1.0127582017
141202,141248,142903,46,1655,2,9000,1.02779456193
141214,141238,142930,24,1692,2,9000,1.01418439716
141236,141308,142954,72,1646,2,9000,1.04374240583
141247,141348,143010,101,1662,2,9000,1.06077015644
141311,141319,142989,8,1670,2,9000,1.00479041916
141322,141443,143134,121,1691,2,9000,1.07155529273
141354,141429,143110,75,1681,2,9000,1.04461629982
141427,141460,143143,33,1683,2,9000,1.01960784314
141449,141768,143428,319,1660,2,9000,1.1921686747
141463,141774,143423,311,1649,2,9000,1.188599151
141772,141982,143632,210,1650,2,9000,1.12727272727
141773,141955,143596,182,1641,2,9000,1.11090798294
141959,142011,143679,52,1668,2,9000,1.03117505995
141981,142290,143948,309,1658,2,9000,1.18636911942
142013,142366,144032,353,1666,2,9000,1.2118847539
142292,142377,144053,85,1676,2,9000,1.05071599045
142367,142671,144338,304,1667,2,9000,1.18236352729
142378,142856,144547,478,1691,2,9000,1.28267297457
142429,142436,144243,7,1807,2,21600,1.00387382402
142675,142863,144531,188,1668,2,9000,1.11270983213
142810,142817,146988,7,4171,12,14400,1.00167825462
142861,142941,144577,80,1636,2,9000,1.0488997555
142861,142870,144524,9,1654,2,9000,1.00544135429
142872,142915,144602,43,1687,2,9000,1.02548903379
142914,142965,144607,51,1642,2,9000,1.03105968331
142946,143001,144651,55,1650,2,9000,1.03333333333
142968,143021,144699,53,1678,2,9000,1.0315852205
143000,143121,144807,121,1686,2,9000,1.07176749703
143021,143145,144826,124,1681,2,9000,1.0737656157
143124,143154,144824,30,1670,2,9000,1.01796407186
143146,143441,145127,295,1686,2,9000,1.17497034401
143157,143434,145080,277,1646,2,9000,1.16828675577
143378,143384,150337,6,6953,2,21600,1.00086293686
143434,143608,145251,174,1643,2,9000,1.10590383445
143446,143644,145304,198,1660,2,9000,1.11927710843
143611,143690,145357,79,1667,2,9000,1.0473905219
143645,143959,145642,314,1683,2,9000,1.18657159834
143688,144044,145725,356,1681,2,9000,1.21177870315
143955,144064,145741,109,1677,2,9000,1.06499701849
144049,144349,146018,300,1669,2,9000,1.17974835231
144060,144535,146207,475,1672,2,9000,1.28409090909
144194,144200,156963,6,12763,2,28800,1.00047010891
144348,144542,146232,194,1690,2,9000,1.11479289941
144534,144559,146244,25,1685,2,9000,1.01483679525
144545,144613,146270,68,1657,2,9000,1.04103802052
144556,144588,146254,32,1666,2,9000,1.01920768307
144588,144620,146272,32,1652,2,9000,1.01937046005
144611,144662,146297,51,1635,2,9000,1.03119266055
144622,144710,146418,88,1708,2,9000,1.05152224824
144667,144818,146492,151,1674,2,9000,1.09020310633
144713,144843,146519,130,1676,2,9000,1.07756563246
144817,144836,146509,19,1673,2,9000,1.01135684399
144839,145091,146750,252,1659,2,9000,1.15189873418
144840,145138,146801,298,1663,2,9000,1.1791942273
145096,145262,146891,166,1629,2,9000,1.10190300798
145141,145316,146991,175,1675,2,9000,1.10447761194
145265,145368,147040,103,1672,2,9000,1.06160287081
145318,145653,147324,335,1671,2,9000,1.20047875524
145334,145340,146022,6,682,2,1800,1.00879765396
145370,145736,147423,366,1687,2,9000,1.21695317131
145427,145433,146606,6,1173,1,3600,1.00511508951
145427,146045,148221,618,2176,1,3600,1.28400735294
145427,146038,148066,611,2028,1,3600,1.30128205128
145427,146622,148415,1195,1793,1,3600,1.66648075851
145428,147020,149868,1592,2848,1,3600,1.55898876404
145428,147015,150619,1587,3604,1,3600,1.44034406215
145428,146697,150170,1269,3473,1,3600,1.36539015261
145429,147029,149705,1600,2676,1,3600,1.59790732436
145429,147040,150677,1611,3637,1,3600,1.44294748419
145429,147035,149056,1606,2021,1,3600,1.79465611084
145430,147080,149038,1650,1958,1,3600,1.84269662921
145430,147069,150538,1639,3469,1,3600,1.47247045258
145430,147074,150678,1644,3604,1,3600,1.45615982242
145430,147046,148966,1616,1920,1,3600,1.84166666667
145431,147085,150722,1654,3637,1,3600,1.45477041518
145431,148431,151172,3000,2741,1,3600,2.09449106166
145431,148082,149572,2651,1490,1,3600,2.77919463087
145431,148236,151844,2805,3608,1,3600,1.77743902439
145432,148982,150635,3550,1653,1,3600,3.14761040532
145432,149053,152699,3621,3646,1,3600,1.9931431706
145658,145752,147405,94,1653,2,9000,1.05686630369
145733,146031,147709,298,1678,2,9000,1.17759237187
145754,146218,147874,464,1656,2,9000,1.28019323671
146033,146243,147897,210,1654,2,9000,1.12696493349
146220,146256,147912,36,1656,2,9000,1.02173913043
146234,147005,155822,771,8817,2,36000,1.08744470908
146244,146265,147907,21,1642,2,9000,1.01278928136
146255,146282,147954,27,1672,2,9000,1.01614832536
146266,146288,147965,22,1677,2,9000,1.01311866428
146288,146308,147983,20,1675,2,9000,1.01194029851
146292,146430,148090,138,1660,2,9000,1.08313253012
146313,146503,148168,190,1665,2,9000,1.11411411411
146428,146520,148215,92,1695,2,9000,1.05427728614
146501,146530,148181,29,1651,2,9000,1.01756511205
146522,146761,148440,239,1679,2,9000,1.1423466349
146535,146812,148455,277,1643,2,9000,1.1685940353
146762,146903,148594,141,1691,2,9000,1.08338261384
146814,147053,148707,239,1654,2,9000,1.14449818622
146877,146999,147035,122,36,4,7200,4.38888888889
146909,147058,148737,149,1679,2,9000,1.08874329958
147055,147335,148990,280,1655,2,9000,1.16918429003
147057,147434,149131,377,1697,2,9000,1.2221567472
147335,147416,149102,81,1686,2,9000,1.04804270463
147419,147720,149390,301,1670,2,9000,1.18023952096
147430,147886,149603,456,1717,2,9000,1.26557949913
147434,150350,170398,2916,20048,3,21600,1.1454509178
147540,149071,182885,1531,33814,1,86400,1.04527710416
147558,149588,180840,2030,31252,1,86400,1.06495584283
147602,148220,155443,618,7223,4,7200,1.08556001661
147719,147908,149577,189,1669,2,9000,1.11324146195
147884,147926,149615,42,1689,2,9000,1.02486678508
147906,147919,149595,13,1676,2,9000,1.00775656325
147917,147965,149614,48,1649,2,9000,1.02910855064
147928,147976,149615,48,1639,2,9000,1.02928615009
147970,147994,149681,24,1687,2,9000,1.01422643746
147982,148101,149780,119,1679,2,9000,1.07087552114
147994,148180,149863,186,1683,2,9000,1.11051693405
148059,150693,151411,2634,718,2,1800,4.66852367688
148059,149181,150112,1122,931,16,1800,2.20515574651
148059,149721,150386,1662,665,1,1800,3.4992481203
148059,150131,151060,2072,929,8,1800,3.23035522067
148059,151077,151958,3018,881,4,1800,4.42565266742
148060,151692,152834,3632,1142,32,1800,4.18038528897
148060,150201,151675,2141,1474,64,1800,2.45251017639
148063,151970,160496,3907,8526,12,50400,1.45824536711
148100,150554,150665,2454,111,2,14400,23.1081081081
148102,148226,149874,124,1648,2,9000,1.07524271845
148177,148192,149864,15,1672,2,9000,1.00897129187
148188,148451,150107,263,1656,2,9000,1.15881642512
148230,148467,150127,237,1660,2,9000,1.14277108434
148285,149892,154881,1607,4989,1,7200,1.32210863901
148383,149449,163882,1066,14433,8,14400,1.07385851867
148448,148605,150292,157,1687,2,9000,1.09306461174
148469,148748,150425,279,1677,2,9000,1.16636851521
148605,148718,150388,113,1670,2,9000,1.06766467066
148721,149001,150656,280,1655,2,9000,1.16918429003
148754,149113,150749,359,1636,2,9000,1.21943765281
149002,149142,150801,140,1659,2,9000,1.08438818565
149117,149403,151052,286,1649,2,9000,1.17343844754
149141,149617,151243,476,1626,2,9000,1.29274292743
149141,151072,151096,1931,24,4,90000,81.4583333333
149359,150125,155607,766,5482,8,32400,1.13973002554
149399,149594,151273,195,1679,2,9000,1.11614055986
149590,150650,158644,1060,7994,2,54000,1.13259944959
149596,149607,151256,11,1649,2,9000,1.00667070952
149610,149626,151297,16,1671,2,9000,1.00957510473
149623,149638,151270,15,1632,2,9000,1.00919117647
149623,149632,151262,9,1630,2,9000,1.00552147239
149634,149693,151334,59,1641,2,9000,1.03595368678
149635,149792,151412,157,1620,2,9000,1.09691358025
149697,149875,151538,178,1663,2,9000,1.10703547805
149792,149880,151543,88,1663,2,9000,1.05291641612
149876,149886,151569,10,1683,2,9000,1.00594177065
149878,150118,151785,240,1667,2,9000,1.14397120576
149889,150138,151799,249,1661,2,9000,1.14990969296
150027,150677,160620,650,9943,2,54000,1.06537262396
150117,150303,151990,186,1687,2,9000,1.11025489034
150139,150399,152067,260,1668,2,9000,1.15587529976
150297,151687,208653,1390,56966,32,86400,1.02440051961
150305,150436,152110,131,1674,2,9000,1.07825567503
150400,150667,152320,267,1653,2,9000,1.16152450091
150442,150760,152408,318,1648,2,9000,1.19296116505
150669,150812,152460,143,1648,2,9000,1.08677184466
150764,151063,152713,299,1650,2,9000,1.18121212121
150816,151254,152915,438,1661,2,9000,1.26369656833
151064,151279,152917,215,1638,2,9000,1.13125763126
151252,151267,152917,15,1650,2,9000,1.00909090909
151264,151285,152893,21,1608,2,9000,1.01305970149
151277,151291,152902,14,1611,2,9000,1.0086902545
151283,152845,167262,1562,14417,20,14400,1.10834431574
151290,151308,152940,18,1632,2,9000,1.01102941176
151291,151345,152994,54,1649,2,9000,1.03274711947
151312,151424,153082,112,1658,2,9000,1.06755126659
151344,151549,153186,205,1637,2,9000,1.12522907758
151428,151556,153223,128,1667,2,9000,1.07678464307
151553,151581,153245,28,1664,2,9000,1.01682692308
151555,151796,153448,241,1652,2,9000,1.14588377724
151579,151812,153478,233,1666,2,9000,1.13985594238
151801,152001,153665,200,1664,2,9000,1.12019230769
151813,152078,153752,265,1674,2,9000,1.15830346476
152003,152121,153779,118,1658,2,9000,1.07117008444
152081,152331,153991,250,1660,2,9000,1.15060240964
152125,152420,154084,295,1664,2,9000,1.17728365385
152336,152471,154122,135,1651,2,9000,1.08176862508
152423,152725,154370,302,1645,2,9000,1.18358662614
152476,152904,154556,428,1652,2,9000,1.25907990315
152725,152733,152757,8,24,4,90000,1.33333333333
152729,152913,154567,184,1654,2,9000,1.11124546554
152908,152926,154573,18,1647,2,9000,1.01092896175
152909,152932,154593,23,1661,2,9000,1.01384708007
152931,152939,154598,8,1659,2,9000,1.00482218204
152932,152951,154602,19,1651,2,9000,1.01150817686
152943,153005,154653,62,1648,2,9000,1.03762135922
152955,153093,154750,138,1657,2,9000,1.08328304164
153009,153197,154864,188,1667,2,9000,1.11277744451
153095,153235,154879,140,1644,2,9000,1.08515815085
153202,153257,154904,55,1647,2,9000,1.03339404979
153235,153459,155107,224,1648,2,9000,1.1359223301
153258,153489,155149,231,1660,2,9000,1.13915662651
153353,153359,153391,6,32,4,90000,1.1875
153459,153676,155318,217,1642,2,9000,1.13215590743
153492,153763,155423,271,1660,2,9000,1.16325301205
153682,153790,155417,108,1627,2,9000,1.0663798402
153712,153719,153936,7,217,4,90000,1.03225806452
153765,154002,155682,237,1680,2,9000,1.14107142857
153787,154095,155755,308,1660,2,9000,1.18554216867
154005,154133,155791,128,1658,2,9000,1.07720144753
154099,154381,156046,282,1665,2,9000,1.16936936937
154132,154567,156249,435,1682,2,9000,1.25862068966
154385,154578,156231,193,1653,2,9000,1.11675741077
154563,154585,156248,22,1663,2,9000,1.01322910403
154575,154604,156244,29,1640,2,9000,1.01768292683
154586,154619,156244,33,1625,2,9000,1.02030769231
154620,154625,156263,5,1638,2,9000,1.00305250305
154620,154664,156327,44,1663,2,9000,1.02645820806
154621,154761,156395,140,1634,2,9000,1.08567931457
154664,154875,156483,211,1608,2,9000,1.13121890547
154767,154890,156524,123,1634,2,9000,1.0752753978
154872,154917,156557,45,1640,2,9000,1.02743902439
154894,155118,156768,224,1650,2,9000,1.13575757576
154916,155160,156802,244,1642,2,9000,1.14859926918
155123,155329,156999,206,1670,2,9000,1.12335329341
155162,155435,157091,273,1656,2,9000,1.16485507246
155329,155428,157109,99,1681,2,9000,1.05889351576
155433,155693,157367,260,1674,2,9000,1.15531660693
155434,155766,157557,332,1791,2,9000,1.18537130095
155692,155803,157498,111,1695,2,9000,1.06548672566
155766,156057,157711,291,1654,2,9000,1.17593712213
155810,156255,157946,445,1691,2,9000,1.26315789474
156057,156242,158064,185,1822,2,9000,1.10153677278
156243,156261,157922,18,1661,2,9000,1.01083684527
156255,156267,157945,12,1678,2,9000,1.00715137068
156257,156273,157976,16,1703,2,9000,1.00939518497
156268,156279,157971,11,1692,2,9000,1.00650118203
156272,156338,158071,66,1733,2,9000,1.03808424697
156283,156406,158105,123,1699,2,9000,1.07239552678
156336,156495,158221,159,1726,2,9000,1.09212050985
156410,156536,158212,126,1676,2,9000,1.07517899761
156493,156568,158276,75,1708,2,9000,1.04391100703
156538,156779,158447,241,1668,2,9000,1.14448441247
156570,156813,158500,243,1687,2,9000,1.14404267931
156777,157010,158866,233,1856,2,9000,1.1255387931
156810,157120,158816,310,1696,2,9000,1.18278301887
157016,157102,158801,86,1699,2,9000,1.05061801059
157101,157379,159072,278,1693,2,9000,1.16420555227
157122,157575,159330,453,1755,2,9000,1.25811965812
157380,157509,159167,129,1658,2,9000,1.07780458384
157506,157722,159380,216,1658,2,9000,1.1302774427
157579,157934,159629,355,1695,2,9000,1.20943952802
157725,157957,159600,232,1643,2,9000,1.1412051126
157933,157962,159669,29,1707,2,9000,1.01698886936
157955,157982,159670,27,1688,2,9000,1.01599526066
157967,157989,159653,22,1664,2,9000,1.01322115385
157979,158075,159717,96,1642,2,9000,1.05846528624
157992,158082,159841,90,1759,2,9000,1.05116543491
158076,158116,159764,40,1648,2,9000,1.02427184466
158078,158233,159941,155,1708,2,9000,1.09074941452
158121,158223,159887,102,1664,2,9000,1.06129807692
158226,158287,159901,61,1614,2,9000,1.03779429988
158238,158458,160014,220,1556,2,9000,1.14138817481
158292,158511,160173,219,1662,2,9000,1.13176895307
158311,158317,162009,6,3692,4,90000,1.00162513543
158461,158877,160488,416,1611,2,9000,1.25822470515
158515,158812,160430,297,1618,2,9000,1.18355995056
158819,158828,160500,9,1672,2,9000,1.00538277512
158832,159083,160720,251,1637,2,9000,1.15332926084
158876,159178,160835,302,1657,2,9000,1.18225709113
159086,159342,161045,256,1703,2,9000,1.15032295948
159181,159391,161047,210,1656,2,9000,1.1268115942
159340,159641,161213,301,1572,2,9000,1.19147582697
159394,159611,161201,217,1590,2,9000,1.13647798742
159437,159443,159446,6,3,2,3540,1.0
159614,159664,161250,50,1586,2,9000,1.0315258512
159648,159680,161228,32,1548,2,9000,1.02067183463
159667,159686,161348,19,1662,2,9000,1.01143200963
159680,159728,161379,48,1651,2,9000,1.02907328892
159692,159852,161401,160,1549,2,9000,1.10329244674
159727,159775,161403,48,1628,2,9000,1.02948402948
159781,159898,161544,117,1646,2,9000,1.07108140948
159855,159953,161537,98,1584,2,9000,1.06186868687
159900,159912,161602,12,1690,2,9000,1.00710059172
159911,160025,161615,114,1590,2,9000,1.07169811321
159927,159933,159935,6,2,4,90000,1.0
159955,160184,161784,229,1600,2,9000,1.143125
160030,160442,162055,412,1613,2,9000,1.25542467452
160187,160512,162487,325,1975,2,9000,1.16455696203
160440,160500,162588,60,2088,2,9000,1.02873563218
160504,160731,162770,227,2039,2,9000,1.11132908288
160516,160846,162891,330,2045,2,9000,1.16136919315
160730,161057,163095,327,2038,2,9000,1.16045142296
160827,160834,173342,7,12508,12,50400,1.00055964183
160847,161063,163066,216,2003,2,9000,1.10783824264
161056,161216,163294,160,2078,2,9000,1.07699711261
161067,161224,163278,157,2054,2,9000,1.07643622201
161215,161262,163281,47,2019,2,9000,1.02327885092
161228,161239,163180,11,1941,2,9000,1.00566718187
161237,161246,196520,9,35274,1,86400,1.00025514543
161240,161360,163457,120,2097,2,9000,1.05722460658
161265,161391,163458,126,2067,2,9000,1.06095791001
161305,161311,177274,6,15963,1,86400,1.0003758692
161360,161421,163400,61,1979,2,9000,1.03082364831
161392,161412,163494,20,2082,2,9000,1.00960614793
161418,161549,163662,131,2113,2,9000,1.06199716044
161419,161555,163554,136,1999,2,9000,1.06803401701
161546,161613,163623,67,2010,2,9000,1.03333333333
161558,161627,163574,69,1947,2,9000,1.03543913713
161612,161795,163857,183,2062,2,9000,1.08874878758
161625,162067,164201,442,2134,2,9000,1.20712277413
161794,162599,164662,805,2063,2,9000,1.39020843432
162066,162498,164564,432,2066,2,9000,1.20909970958
162499,162781,164859,282,2078,2,9000,1.13570741097
162598,162902,164919,304,2017,2,9000,1.15071888944
162787,163106,165225,319,2119,2,9000,1.15054270882
162927,163077,164725,150,1648,2,9000,1.09101941748
163074,163191,164853,117,1662,2,9000,1.07039711191
163332,163338,173931,6,10593,8,28800,1.00056641178
163538,163544,165229,6,1685,2,9000,1.00356083086
163539,163550,165235,11,1685,2,9000,1.00652818991
163550,163556,165237,6,1681,2,9000,1.00356930399
163552,163562,165211,10,1649,2,9000,1.00606428138
163553,163567,165142,14,1575,2,9000,1.00888888889
163565,163574,165249,9,1675,2,9000,1.00537313433
163567,163579,165190,12,1611,2,9000,1.00744878957
163568,163585,165545,17,1960,4,90000,1.00867346939
163578,163591,165225,13,1634,2,9000,1.00795593635
163579,163597,165274,18,1677,2,9000,1.01073345259
163593,163673,165292,80,1619,2,9000,1.04941321804
163594,163634,165220,40,1586,2,9000,1.02522068096
163631,163868,165468,237,1600,2,9000,1.148125
163674,163680,192488,6,28808,8,28800,1.00020827548
163674,164212,165765,538,1553,2,9000,1.34642627173
163873,164575,166233,702,1658,2,9000,1.42340168878
164216,164673,166330,457,1657,2,9000,1.2757996379
164577,164736,166405,159,1669,2,9000,1.09526662672
164671,164865,166520,194,1655,2,9000,1.11722054381
164734,164871,166553,137,1682,2,9000,1.08145065398
164869,164930,166576,61,1646,2,9000,1.03705953827
164870,165153,166801,283,1648,2,9000,1.17172330097
164933,165201,166859,268,1658,2,9000,1.16164053076
165159,165222,166862,63,1640,2,9000,1.03841463415
165202,165234,166891,32,1657,2,9000,1.01931200966
165228,165241,166894,13,1653,2,9000,1.00786448881
165240,165248,166929,8,1681,2,9000,1.00475907198
165244,165254,166915,10,1661,2,9000,1.0060204696
165246,165260,166894,14,1634,2,9000,1.00856793146
165259,165266,166930,7,1664,2,9000,1.00420673077
165260,165272,166928,12,1656,2,9000,1.00724637681
165271,165285,166950,14,1665,2,9000,1.00840840841
165272,165303,166950,31,1647,2,9000,1.01882210079
165283,165479,167154,196,1675,2,9000,1.11701492537
165305,165776,167435,471,1659,2,9000,1.28390596745
165484,166246,167919,762,1673,2,9000,1.45546921698
165782,166341,168007,559,1666,2,9000,1.33553421369
166246,166416,168057,170,1641,2,9000,1.10359536868
166340,166531,168186,191,1655,2,9000,1.11540785498
166413,166564,168221,151,1657,2,9000,1.09112854556
166529,166587,168264,58,1677,2,9000,1.03458556947
166561,166813,168460,252,1647,2,9000,1.15300546448
166584,166871,168534,287,1663,2,9000,1.17257967529
166810,166878,168565,68,1687,2,9000,1.04030823948
166874,166902,168569,28,1667,2,9000,1.01679664067
166875,166908,168550,33,1642,2,9000,1.02009744214
166907,166915,168565,8,1650,2,9000,1.00484848485
166908,166940,168597,32,1657,2,9000,1.01931200966
166920,166927,168591,7,1664,2,9000,1.00420673077
166931,166945,168607,14,1662,2,9000,1.00842358604
166942,166951,168613,9,1662,2,9000,1.00541516245
166944,166961,168628,17,1667,2,9000,1.01019796041
166955,166967,168628,12,1661,2,9000,1.00722456352
166967,167165,168808,198,1643,2,9000,1.12051125989
166968,167446,169093,478,1647,2,9000,1.29022465088
167164,167930,169575,766,1645,2,9000,1.46565349544
167443,168018,169699,575,1681,2,9000,1.34205829863
167933,168069,169737,136,1668,2,9000,1.08153477218
168019,168197,169859,178,1662,2,9000,1.10709987966
168072,168232,169872,160,1640,2,9000,1.09756097561
168196,168276,169932,80,1656,2,9000,1.04830917874
168229,168471,170121,242,1650,2,9000,1.14666666667
168281,168545,170203,264,1658,2,9000,1.15922798552
168467,168562,170199,95,1637,2,9000,1.05803298717
168551,168576,170238,25,1662,2,9000,1.01504211793
168563,168581,170243,18,1662,2,9000,1.01083032491
168574,168588,170244,14,1656,2,9000,1.00845410628
168586,168602,170247,16,1645,2,9000,1.00972644377
168586,168609,170260,23,1651,2,9000,1.01393095094
168608,168618,170286,10,1668,2,9000,1.00599520384
168608,168624,170303,16,1679,2,9000,1.00952948183
168620,168639,170288,19,1649,2,9000,1.01152213463
168621,168644,170266,23,1622,2,9000,1.01418002466
168643,168819,170487,176,1668,2,9000,1.10551558753
168644,169104,170768,460,1664,2,9000,1.27644230769
168819,169586,171249,767,1663,2,9000,1.46121467228
169108,169710,171388,602,1678,2,9000,1.35876042908
169584,169748,171383,164,1635,2,9000,1.1003058104
169709,169870,171507,161,1637,2,9000,1.09835064142
169751,169884,171521,133,1637,2,9000,1.08124618204
169869,169943,171590,74,1647,2,9000,1.04493017608
169883,170132,171815,249,1683,2,9000,1.14795008913
169946,170236,171917,290,1681,2,9000,1.17251635931
170111,170118,170119,7,1,1,240,1.0
170133,170219,171864,86,1645,2,9000,1.05227963526
170237,170249,171898,12,1649,2,9000,1.00727713766
170239,170256,171902,17,1646,2,9000,1.01032806804
170256,170262,171908,6,1646,2,9000,1.00364520049
170258,170268,171892,10,1624,2,9000,1.00615763547
170261,170274,171931,13,1657,2,9000,1.00784550392
170272,170281,171933,9,1652,2,9000,1.00544794189
170273,170298,171941,25,1643,2,9000,1.01521606817
170284,170305,171964,21,1659,2,9000,1.01265822785
170296,170314,171974,18,1660,2,9000,1.01084337349
170307,170498,172158,191,1660,2,9000,1.11506024096
170318,170781,172423,463,1642,2,9000,1.28197320341
170498,171260,172950,762,1690,2,9000,1.45088757396
170787,171401,173111,614,1710,2,9000,1.35906432749
171263,171394,173063,131,1669,2,9000,1.07849011384
171399,171532,173157,133,1625,2,9000,1.08184615385
171399,171518,173146,119,1628,2,9000,1.0730958231
171514,171601,173268,87,1667,2,9000,1.05218956209
171535,171826,173433,291,1607,2,9000,1.18108276291
171598,171875,173548,277,1673,2,9000,1.16557083084
171826,171904,173529,78,1625,2,9000,1.048
171878,171910,173589,32,1679,2,9000,1.01905896367
171900,171917,173514,17,1597,2,9000,1.0106449593
171914,171923,173472,9,1549,2,9000,1.00581020013
171917,171930,173551,13,1621,2,9000,1.0080197409
171928,171942,173639,14,1697,2,9000,1.00824985268
171929,171949,173570,20,1621,2,9000,1.01233806292
171942,171956,173475,14,1519,2,9000,1.00921658986
171954,171975,173577,21,1602,2,9000,1.01310861423
171955,171986,173583,31,1597,2,9000,1.01941139637
171976,172170,173661,194,1491,2,9000,1.13011401744
171988,172434,173963,446,1529,2,9000,1.29169391759
172173,172962,174541,789,1579,2,9000,1.49968334389
172431,173074,174665,643,1591,2,9000,1.40414833438
172964,173122,174659,158,1537,2,9000,1.10279765777
173078,173157,174807,79,1650,2,9000,1.04787878788
173120,173169,174849,49,1680,2,9000,1.02916666667
173163,173280,174931,117,1651,2,9000,1.07086614173
173174,173444,175209,270,1765,2,9000,1.15297450425
173278,173483,175096,205,1613,2,9000,1.12709237446
173444,173490,175152,46,1662,2,9000,1.02767749699
173486,173525,175233,39,1708,2,9000,1.02283372365
173487,173560,175244,73,1684,2,9000,1.04334916865
173523,173540,175250,17,1710,2,9000,1.00994152047
173544,173566,175276,22,1710,2,9000,1.01286549708
173566,173581,175245,15,1664,2,9000,1.00901442308
173568,173588,175192,20,1604,2,9000,1.01246882793
173579,173595,175210,16,1615,2,9000,1.00990712074
173590,173602,175220,12,1618,2,9000,1.00741656366
173591,173651,175277,60,1626,2,9000,1.036900369
173602,173672,175335,70,1663,2,9000,1.04209260373
173654,173974,175698,320,1724,2,9000,1.18561484919
173676,174553,176223,877,1670,2,9000,1.5251497006
173976,174677,176307,701,1630,2,9000,1.43006134969
174549,174670,176295,121,1625,2,9000,1.07446153846
174674,174860,176535,186,1675,2,9000,1.11104477612
174674,174818,176563,144,1745,2,9000,1.08252148997
174819,174942,176770,123,1828,2,9000,1.06728665208
174862,175203,176967,341,1764,2,9000,1.1933106576
174944,175108,176929,164,1821,2,9000,1.09006040637
175109,175163,176857,54,1694,2,9000,1.0318772137
175163,175220,176974,57,1754,2,9000,1.03249714937
175205,175226,177003,21,1777,2,9000,1.01181767023
175217,175233,176954,16,1721,2,9000,1.0092969204
175228,175248,176787,20,1539,2,9000,1.01299545159
175243,175255,177048,12,1793,2,9000,1.00669269381
175259,175266,176987,7,1721,2,9000,1.00406740267
175260,175271,177029,11,1758,2,9000,1.00625711035
175271,175287,177086,16,1799,2,9000,1.00889382991
175272,175294,177034,22,1740,2,9000,1.01264367816
175286,175346,177158,60,1812,2,9000,1.03311258278
175297,175709,177490,412,1781,2,9000,1.23133071308
175349,176234,178053,885,1819,2,9000,1.48653106102
175708,176306,178175,598,1869,2,9000,1.31995719636
176231,176318,178184,87,1866,2,9000,1.04662379421
176304,176575,178409,271,1834,2,9000,1.14776444929
176316,176547,178322,231,1775,2,9000,1.13014084507
176553,176781,178636,228,1855,2,9000,1.12291105121
176575,176798,178757,223,1959,2,9000,1.11383358857
176780,176941,178748,161,1807,2,9000,1.08909795241
176802,176868,178704,66,1836,2,9000,1.03594771242
176865,176965,178671,100,1706,2,9000,1.05861664713
176937,176979,178754,42,1775,2,9000,1.02366197183
176969,176986,178743,17,1757,2,9000,1.00967558338
176981,176998,178810,17,1812,2,9000,1.00938189845
176982,177014,178784,32,1770,2,9000,1.01807909605
177003,177047,178882,44,1835,2,9000,1.02397820163
177014,177040,178880,26,1840,2,9000,1.01413043478
177036,177059,178793,23,1734,2,9000,1.01326412918
177048,177097,178857,49,1760,2,9000,1.02784090909
177059,177169,179023,110,1854,2,9000,1.05933117584
177101,177501,179361,400,1860,2,9000,1.21505376344
177175,178064,179820,889,1756,2,9000,1.5062642369
177504,178186,180001,682,1815,2,9000,1.37575757576
178067,178195,180000,128,1805,2,9000,1.07091412742
178192,178333,180125,141,1792,2,9000,1.07868303571
178193,178420,180276,227,1856,2,9000,1.12230603448
178333,178647,180495,314,1848,2,9000,1.16991341991
178417,178682,180538,265,1856,2,9000,1.14278017241
178643,178754,180515,111,1761,2,9000,1.06303236797
178685,178715,180458,30,1743,2,9000,1.01721170396
178717,178761,180598,44,1837,2,9000,1.02395209581
178760,178767,180640,7,1873,2,9000,1.00373731981
178761,178774,180456,13,1682,2,9000,1.00772889417
178772,178795,180530,23,1735,2,9000,1.01325648415
178772,178804,180541,32,1737,2,9000,1.01842256765
178793,178821,180593,28,1772,2,9000,1.0158013544
178805,178868,180792,63,1924,2,9000,1.03274428274
178826,178891,180718,65,1827,2,9000,1.03557744937
178868,178898,180747,30,1849,2,9000,1.01622498648
178890,179034,180952,144,1918,2,9000,1.07507820647
178901,179372,181335,471,1963,2,9000,1.23993886908
179036,179832,181586,796,1754,2,9000,1.45381984036
179374,180018,181847,644,1829,2,9000,1.3521049754
179836,180011,181873,175,1862,2,9000,1.09398496241
180011,180136,182141,125,2005,2,9000,1.06234413965
180022,180287,182171,265,1884,2,9000,1.1406581741
180136,180467,182347,331,1880,2,9000,1.17606382979
180290,180473,182254,183,1781,2,9000,1.10275126334
180466,180506,182321,40,1815,2,9000,1.02203856749
180477,180542,182362,65,1820,2,9000,1.03571428571
180511,180527,182346,16,1819,2,9000,1.00879604178
180524,180549,182343,25,1794,2,9000,1.01393534002
180545,180555,182467,10,1912,2,9000,1.00523012552
180546,180604,182487,58,1883,2,9000,1.03080191184
180557,180610,182522,53,1912,2,9000,1.02771966527
180609,180651,182546,42,1895,2,9000,1.02216358839
180612,180803,182690,191,1887,2,9000,1.10121886592
180654,180730,182534,76,1804,2,9000,1.0421286031
180727,180759,182567,32,1808,2,9000,1.01769911504
180759,180963,182623,204,1660,2,9000,1.12289156627
180801,181346,183081,545,1735,2,9000,1.31412103746
180966,181598,183395,632,1797,2,9000,1.35169727323
181345,181884,183822,539,1938,2,9000,1.27812177503
181490,181496,181506,6,10,1,3600,1.6
181603,181858,183525,255,1667,2,9000,1.15296940612
181633,181639,181753,6,114,1,3600,1.05263157895
181861,182153,183827,292,1674,2,9000,1.17443249701
181883,182182,183849,299,1667,2,9000,1.17936412717
181891,181897,182181,6,284,1,3600,1.02112676056
182159,182354,184030,195,1676,2,9000,1.11634844869
182188,182265,183934,77,1669,2,9000,1.04613541043
182272,182332,183994,60,1662,2,9000,1.03610108303
182335,182360,184031,25,1671,2,9000,1.01496110114
182357,182366,184052,9,1686,2,9000,1.00533807829
182358,182374,184027,16,1653,2,9000,1.00967937084
182369,182478,184126,109,1648,2,9000,1.0661407767
182370,182499,184168,129,1669,2,9000,1.07729179149
182474,182533,184194,59,1661,2,9000,1.03552077062
182497,182545,184228,48,1683,2,9000,1.02852049911
182498,182507,183157,9,650,1,3600,1.01384615385
182539,182557,184243,18,1686,2,9000,1.01067615658
182550,182578,184216,28,1638,2,9000,1.01709401709
182562,182702,184363,140,1661,2,9000,1.08428657435
182583,182635,184293,52,1658,2,9000,1.03136308806
182636,183092,184762,456,1670,2,9000,1.27305389222
182704,183406,185042,702,1636,2,9000,1.42909535452
183094,183536,185186,442,1650,2,9000,1.26787878788
183403,183833,185479,430,1646,2,9000,1.26123936817
183538,183840,185499,302,1659,2,9000,1.18203737191
183836,183860,185482,24,1622,2,9000,1.01479654747
183838,183946,185609,108,1663,2,9000,1.06494287432
183845,183851,183863,6,12,1,3600,1.5
183860,184005,185629,145,1624,2,9000,1.08928571429
183944,184038,185698,94,1660,2,9000,1.05662650602
184007,184045,185673,38,1628,2,9000,1.02334152334
184018,184024,184126,6,102,1,3600,1.05882352941
184041,184051,185705,10,1654,2,9000,1.00604594921
184043,184064,185711,21,1647,2,9000,1.01275045537
184054,184137,185794,83,1657,2,9000,1.05009052505
184066,184180,185846,114,1666,2,9000,1.06842737095
184138,184205,185871,67,1666,2,9000,1.04021608643
184181,184227,185884,46,1657,2,9000,1.02776101388
184203,184239,185904,36,1665,2,9000,1.02162162162
184226,184254,185922,28,1668,2,9000,1.01678657074
184239,184304,185964,65,1660,2,9000,1.03915662651
184251,184374,185993,123,1619,2,9000,1.07597282273
184291,184297,184574,6,277,1,3600,1.02166064982
184303,184773,186401,470,1628,2,9000,1.2886977887
184377,185053,186711,676,1658,2,9000,1.40772014475
184777,185197,186848,420,1651,2,9000,1.25439127801
184890,184896,185472,6,576,1,3600,1.01041666667
185055,185490,187118,435,1628,2,9000,1.2671990172
185142,185148,185155,6,7,1,1800,1.3
185199,185497,187156,298,1659,2,9000,1.17962628089
185315,185322,185434,7,112,1,1800,1.0625
185489,185503,185656,14,153,1,3600,1.09150326797
185489,185512,187145,23,1633,2,9000,1.01408450704
185500,185621,187318,121,1697,2,9000,1.07130229817
185512,185640,187264,128,1624,2,9000,1.07881773399
185626,185709,187349,83,1640,2,9000,1.0506097561
185638,185684,187310,46,1626,2,9000,1.0282902829
185690,185717,187335,27,1618,2,9000,1.01668726823
185711,185723,187366,12,1643,2,9000,1.00730371272
185722,185806,187442,84,1636,2,9000,1.05134474328
185723,185857,187474,134,1617,2,9000,1.08286951144
185767,185773,185975,6,202,1,1800,1.0297029703
185793,185799,186146,6,347,1,3600,1.01729106628
185806,185883,187493,77,1610,2,9000,1.04782608696
185859,185896,187493,37,1597,2,9000,1.02316844083
185882,185915,187538,33,1623,2,9000,1.02033271719
185893,185933,187563,40,1630,2,9000,1.0245398773
185915,185975,187604,60,1629,2,9000,1.03683241252
185936,186004,187620,68,1616,2,9000,1.04207920792
185979,186412,188006,433,1594,2,9000,1.27164366374
186000,186722,188372,722,1650,2,9000,1.43757575758
186376,186382,187048,6,666,1,3600,1.00900900901
186411,186859,188453,448,1594,2,9000,1.28105395232
186529,186535,186973,6,438,1,1800,1.01369863014
186720,187129,188757,409,1628,2,9000,1.25122850123
186865,187167,188813,302,1646,2,9000,1.18347509113
187127,187136,190426,9,3290,1,36000,1.00273556231
187133,187157,188772,24,1615,2,9000,1.01486068111
187155,187330,188951,175,1621,2,9000,1.10795805059
187168,187275,188867,107,1592,2,9000,1.06721105528
187272,187322,189007,50,1685,2,9000,1.0296735905
187325,187361,188968,36,1607,2,9000,1.02240199129
187326,187346,188945,20,1599,2,9000,1.01250781739
187348,187378,188993,30,1615,2,9000,1.01857585139
187359,187453,189056,94,1603,2,9000,1.05864004991
187380,187485,189117,105,1632,2,9000,1.06433823529
187453,187504,189117,51,1613,2,9000,1.03161810291
187485,187510,189118,25,1608,2,9000,1.01554726368
187507,187549,189158,42,1609,2,9000,1.02610316967
187508,187575,189169,67,1594,2,9000,1.04203262233
187551,187626,189217,75,1591,2,9000,1.04714016342
187572,187633,189191,61,1558,2,9000,1.03915275995
187622,188017,189584,395,1567,2,9000,1.2520740268
187634,188384,189999,750,1615,2,9000,1.46439628483
187821,187827,187849,6,22,1,1800,1.27272727273
188013,188464,190079,451,1615,2,9000,1.27925696594
188036,188043,188121,7,78,1,1800,1.08974358974
188164,188170,188325,6,155,1,3600,1.03870967742
188384,188769,190334,385,1565,2,9000,1.24600638978
188388,188394,188534,6,140,1,1800,1.04285714286
188467,188783,190353,316,1570,2,9000,1.20127388535
188522,188528,188868,6,340,1,3600,1.01764705882
188775,188824,190435,49,1611,2,9000,1.03041589075
188786,188878,190444,92,1566,2,9000,1.05874840358
188828,188956,190644,128,1688,2,9000,1.07582938389
188881,188962,190678,81,1716,2,9000,1.0472027972
188954,189018,190714,64,1696,2,9000,1.03773584906
188965,188980,190668,15,1688,2,9000,1.00888625592
188976,189004,190704,28,1700,2,9000,1.01647058824
189008,189067,190765,59,1698,2,9000,1.0347467609
189019,189129,190852,110,1723,2,9000,1.06384213581
189073,189134,190847,61,1713,2,9000,1.03561004086
189126,189140,190827,14,1687,2,9000,1.00829875519
189137,189169,190850,32,1681,2,9000,1.01903628792
189138,189182,190847,44,1665,2,9000,1.02642642643
189166,189176,189774,10,598,1,3600,1.01672240803
189170,189229,190907,59,1678,2,9000,1.03516090584
189183,189202,190902,19,1700,2,9000,1.01117647059
189207,189595,191292,388,1697,2,9000,1.22863877431
189216,189222,189542,6,320,1,1800,1.01875
189230,190012,191698,782,1686,2,9000,1.46381969158
189599,190090,191779,491,1689,2,9000,1.29070455891
190012,190345,192021,333,1676,2,9000,1.19868735084
190095,190364,192066,269,1702,2,9000,1.1580493537
190342,190447,192128,105,1681,2,9000,1.06246281975
190364,190455,192188,91,1733,2,9000,1.0525100981
190446,190656,192354,210,1698,2,9000,1.12367491166
190458,190690,192382,232,1692,2,9000,1.13711583924
190653,190679,192381,26,1702,2,9000,1.01527614571
190685,190715,192464,30,1749,2,9000,1.01715265866
190686,190725,192447,39,1722,2,9000,1.02264808362
190720,190777,192382,57,1605,2,9000,1.03551401869
190721,190838,192506,117,1668,2,9000,1.07014388489
190773,190858,192434,85,1576,2,9000,1.05393401015
190837,190863,192448,26,1585,2,9000,1.01640378549
190862,190876,192545,14,1669,2,9000,1.00838825644
190862,190870,192530,8,1660,2,9000,1.00481927711
190873,190919,192603,46,1684,2,9000,1.02731591449
190874,190926,192585,52,1659,2,9000,1.03134418324
190921,191303,192976,382,1673,2,9000,1.22833233712
190932,191710,193259,778,1549,2,9000,1.50225952227
191302,191790,193421,488,1631,2,9000,1.29920294298
191707,192032,193702,325,1670,2,9000,1.19461077844
191790,192077,193760,287,1683,2,9000,1.17052881759
192038,192139,193721,101,1582,2,9000,1.06384323641
192080,192200,193781,120,1581,2,9000,1.07590132827
192142,192366,193971,224,1605,2,9000,1.13956386293
192206,192392,193997,186,1605,2,9000,1.11588785047
192372,192398,194047,26,1649,2,9000,1.01576713159
192394,192405,194112,11,1707,2,9000,1.0064440539
192396,192445,194127,49,1682,2,9000,1.02913198573
192406,192464,194106,58,1642,2,9000,1.0353227771
192448,192458,194125,10,1667,2,9000,1.00599880024
192460,192475,194163,15,1688,2,9000,1.00888625592
192461,192517,194231,56,1714,2,9000,1.03267211202
192472,192542,194235,70,1693,2,9000,1.0413467218
192514,192556,194254,42,1698,2,9000,1.02473498233
192547,192614,194327,67,1713,2,9000,1.03911266783
192558,192597,194213,39,1616,2,9000,1.02413366337
192601,192987,194607,386,1620,2,9000,1.23827160494
192614,193270,194891,656,1621,2,9000,1.40468846391
192866,192872,192950,6,78,1,1800,1.07692307692
192993,193432,195088,439,1656,2,9000,1.26509661836
193203,193210,193364,7,154,1,1800,1.04545454545
193270,193713,195352,443,1639,2,9000,1.27028676022
193429,193772,195460,343,1688,2,9000,1.20319905213
193717,193732,195448,15,1716,2,9000,1.00874125874
193730,193792,195528,62,1736,2,9000,1.03571428571
193772,193983,195589,211,1606,2,9000,1.13138231631
193794,194008,195606,214,1598,2,9000,1.13391739675
193915,193921,194332,6,411,1,1800,1.01459854015
193981,194058,195714,77,1656,2,9000,1.04649758454
194013,194118,195805,105,1687,2,9000,1.0622406639
194056,194125,195853,69,1728,2,9000,1.03993055556
194119,194136,195850,17,1714,2,9000,1.00991831972
194131,194142,195848,11,1706,2,9000,1.00644783118
194142,194175,195849,33,1674,2,9000,1.01971326165
194144,194224,195910,80,1686,2,9000,1.04744958482
194177,194242,195964,65,1722,2,9000,1.03774680604
194229,194248,195992,19,1744,2,9000,1.01089449541
194241,194265,195983,24,1718,2,9000,1.01396973225
194252,194338,196034,86,1696,2,9000,1.05070754717
194264,194618,196395,354,1777,2,9000,1.19921215532
194337,194902,196616,565,1714,2,9000,1.32963827305
194624,195099,196772,475,1673,2,9000,1.28392109982
194901,195363,197062,462,1699,2,9000,1.27192466157
195097,195459,197106,362,1647,2,9000,1.21979356406
195366,195471,197192,105,1721,2,9000,1.06101104009
195462,195540,197242,78,1702,2,9000,1.04582843713
195474,195600,197376,126,1776,2,9000,1.07094594595
195537,195617,197353,80,1736,2,9000,1.04608294931
195600,195726,197474,126,1748,2,9000,1.07208237986
195603,195610,195670,7,60,1,1800,1.11666666667
195622,195816,197477,194,1661,2,9000,1.11679711017
195726,195859,197524,133,1665,2,9000,1.07987987988
195819,195866,197587,47,1721,2,9000,1.02730970366
195862,195873,197625,11,1752,2,9000,1.00627853881
195863,195879,197639,16,1760,2,9000,1.00909090909
195874,195922,197644,48,1722,2,9000,1.02787456446
195875,195976,197696,101,1720,2,9000,1.05872093023
195928,196003,197698,75,1695,2,9000,1.04424778761
195929,195935,196004,6,69,1,1800,1.08695652174
195980,195995,197706,15,1711,2,9000,1.00876680304
195991,196045,197784,54,1739,2,9000,1.03105232892
196003,196406,198147,403,1741,2,9000,1.23147616312
196044,196627,198356,583,1729,2,9000,1.33718912666
196404,196783,198480,379,1697,2,9000,1.22333529758
196630,197073,198800,443,1727,2,9000,1.25651418645
196676,196682,196965,6,283,1,1800,1.02120141343
196785,197117,198889,332,1772,2,9000,1.18735891648
197073,197203,198912,130,1709,2,9000,1.07606787595
197115,197253,198963,138,1710,2,9000,1.08070175439
197209,197387,199087,178,1700,2,9000,1.10470588235
197251,197364,199087,113,1723,2,9000,1.06558328497
197364,197485,199267,121,1782,2,9000,1.06790123457
197386,197491,199221,105,1730,2,9000,1.06069364162
197490,197536,199215,46,1679,2,9000,1.02739726027
197491,197598,199248,107,1650,2,9000,1.06484848485
197533,197636,199409,103,1773,2,9000,1.05809362662
197596,197651,199357,55,1706,2,9000,1.03223915592
197638,197657,199325,19,1668,2,9000,1.01139088729
197651,197708,199502,57,1794,2,9000,1.03177257525
197662,197714,199471,52,1757,2,9000,1.02959590211
197704,197720,199471,16,1751,2,9000,1.00913763564
197716,197795,199538,79,1743,2,9000,1.04532415376
197717,198158,199885,441,1727,2,9000,1.25535610886
197799,198368,200083,569,1715,2,9000,1.33177842566
198158,198491,200255,333,1764,2,9000,1.1887755102
198364,198811,200579,447,1768,2,9000,1.2528280543
198488,198901,200716,413,1815,2,9000,1.22754820937
198817,198923,200702,106,1779,2,9000,1.05958403598
198901,198975,200739,74,1764,2,9000,1.04195011338
198925,199098,200818,173,1720,2,9000,1.10058139535
198977,199104,200897,127,1793,2,9000,1.07083100948
199101,199226,201037,125,1811,2,9000,1.06902263943
199102,199233,200965,131,1732,2,9000,1.07563510393
199227,199279,200970,52,1691,2,9000,1.03075103489
199238,199260,200986,22,1726,2,9000,1.01274623407
199259,199336,201022,77,1686,2,9000,1.04567022539
199282,199420,201226,138,1806,2,9000,1.07641196013
199337,199368,201150,31,1782,2,9000,1.01739618406
199370,199482,201252,112,1770,2,9000,1.06327683616
199423,199488,201271,65,1783,2,9000,1.03645541223
199485,199514,201257,29,1743,2,9000,1.01663798049
199486,199549,201331,63,1782,2,9000,1.03535353535
199517,199897,201663,380,1766,2,9000,1.21517553794
199549,200095,201814,546,1719,2,9000,1.31762652705
199898,200266,201992,368,1726,2,9000,1.21320973349
200095,200590,202291,495,1701,2,9000,1.29100529101
200262,200727,202602,465,1875,2,9000,1.248
200587,200714,202437,127,1723,2,9000,1.07370864771
200715,200750,202497,35,1747,2,9000,1.02003434459
200727,200908,202699,181,1791,2,9000,1.10106085985
200749,200829,202573,80,1744,2,9000,1.04587155963
200833,200982,202791,149,1809,2,9000,1.08236594804
200908,200975,202722,67,1747,2,9000,1.03835145965
200973,201048,202722,75,1674,2,9000,1.04480286738
200985,200998,202821,13,1823,2,9000,1.00713110258
200999,201033,202770,34,1737,2,9000,1.01957397812
201032,201161,202991,129,1830,2,9000,1.07049180328
201044,201238,203169,194,1931,2,9000,1.10046607975
201162,201270,203036,108,1766,2,9000,1.06115515289
201237,201263,203097,26,1834,2,9000,1.01417666303
201249,201255,201256,6,1,25,3600,1.0
201262,201283,203224,21,1941,2,9000,1.01081916538
201274,201342,203168,68,1826,2,9000,1.03723986857
201286,201674,203650,388,1976,2,9000,1.1963562753
201339,201826,203997,487,2171,2,9000,1.22432058959
201759,201766,201767,7,1,25,3600,1.0
201856,202003,203615,147,1612,2,9000,1.091191067
201857,202303,203968,446,1665,2,9000,1.26786786787
202395,202448,204095,53,1647,2,9000,1.0321797207
202396,202614,204260,218,1646,2,9000,1.13244228433
202450,202508,204178,58,1670,2,9000,1.03473053892
202514,202585,204233,71,1648,2,9000,1.04308252427
202588,202710,204341,122,1631,2,9000,1.07480073574
202610,202733,204403,123,1670,2,9000,1.07365269461
202706,202739,204398,33,1659,2,9000,1.0198915009
202739,202781,204432,42,1651,2,9000,1.0254391278
202741,202803,204460,62,1657,2,9000,1.03741701871
202784,202832,204501,48,1669,2,9000,1.02875973637
202806,203002,204635,196,1633,2,9000,1.12002449479
202828,203048,204704,220,1656,2,9000,1.13285024155
203007,203179,204841,172,1662,2,9000,1.10348977136
203050,203108,204767,58,1659,2,9000,1.03496081977
203114,203186,204841,72,1655,2,9000,1.04350453172
203179,203236,204877,57,1641,2,9000,1.03473491773
203191,203626,205282,435,1656,2,9000,1.26268115942
203235,203661,205313,426,1652,2,9000,1.25786924939
203631,204009,205669,378,1660,2,9000,1.22771084337
203664,203980,205643,316,1663,2,9000,1.19001803969
203787,203793,205594,6,1801,12,14400,1.00333148251
203861,203867,212818,6,8951,8,14400,1.00067031617
203985,204158,205808,173,1650,2,9000,1.10484848485
204009,204189,205859,180,1670,2,9000,1.10778443114
204025,204032,204301,7,269,1,3600,1.02602230483
204026,204050,204194,24,144,1,3600,1.16666666667
204026,204038,204214,12,176,1,3600,1.06818181818
204026,204043,204250,17,207,1,3600,1.08212560386
204027,204067,204361,40,294,1,3600,1.13605442177
204027,204055,204279,28,224,1,3600,1.125
204027,204061,204304,34,243,1,3600,1.13991769547
204028,204078,204349,50,271,1,3600,1.18450184502
204028,204072,204595,44,523,1,3600,1.08413001912
204028,204084,204517,56,433,1,3600,1.12933025404
204029,204098,204309,69,211,1,3600,1.32701421801
204029,204092,204707,63,615,1,3600,1.10243902439
204029,204103,204335,74,232,1,3600,1.31896551724
204030,204114,204774,84,660,1,3600,1.12727272727
204030,204119,204721,89,602,1,3600,1.14784053156
204030,204134,204663,104,529,1,3600,1.1965973535
204030,204127,204513,97,386,1,3600,1.25129533679
204031,204152,204969,121,817,1,3600,1.14810281518
204031,204147,204493,116,346,1,3600,1.33526011561
204031,204141,204492,110,351,1,3600,1.31339031339
204157,204244,205902,87,1658,2,9000,1.05247285887
204191,204271,205927,80,1656,2,9000,1.04830917874
204245,204352,205992,107,1640,2,9000,1.06524390244
204277,204415,206064,138,1649,2,9000,1.08368708308
204352,204409,206064,57,1655,2,9000,1.03444108761
204406,204443,206094,37,1651,2,9000,1.02241066021
204419,204472,206129,53,1657,2,9000,1.03198551599
204441,204450,207948,9,3498,12,36000,1.0025728988
204444,204512,206177,68,1665,2,9000,1.04084084084
204469,204646,206321,177,1675,2,9000,1.10567164179
204512,204715,206382,203,1667,2,9000,1.12177564487
204513,204519,205359,6,840,12,36000,1.00714285714
204649,204779,206409,130,1630,2,9000,1.07975460123
204713,204852,206519,139,1667,2,9000,1.08338332334
204721,204732,204812,11,80,4,90000,1.1375
204777,204857,206508,80,1651,2,9000,1.04845548153
204811,204817,204893,6,76,4,90000,1.07894736842
204852,204888,206573,36,1685,2,9000,1.02136498516
204855,205293,207012,438,1719,2,9000,1.25479930192
204890,205324,206949,434,1625,2,9000,1.26707692308
204951,204957,205896,6,939,4,90000,1.00638977636
204992,204998,214171,6,9173,8,14400,1.00065409354
205291,205654,207075,363,1421,2,9000,1.2554539057
205324,205680,207053,356,1373,2,9000,1.25928623452
205624,205630,206052,6,422,12,36000,1.01421800948
205658,205823,207296,165,1473,2,9000,1.11201629328
205681,205870,207340,189,1470,2,9000,1.12857142857
205741,205748,231961,7,26213,1,36000,1.00026704307
205751,205757,211051,6,5294,1,7200,1.00113335852
205752,205763,224004,11,18241,1,86400,1.00060303711
205810,205816,222732,6,16916,1,36000,1.00035469378
205828,205913,207402,85,1489,2,9000,1.05708529214
205872,205938,207318,66,1380,2,9000,1.04782608696
205914,206003,207391,89,1388,2,9000,1.06412103746
205938,206075,207428,137,1353,2,9000,1.10125646711
206000,206081,207632,81,1551,2,9000,1.05222437137
206004,206010,214704,6,8694,2,21600,1.00069013112
206030,206036,215248,6,9212,8,14400,1.00065132436
206074,206105,207686,31,1581,2,9000,1.01960784314
206085,206146,207672,61,1526,2,9000,1.03997378768
206107,206188,207698,81,1510,2,9000,1.05364238411
206115,206121,211813,6,5692,12,86400,1.00105411103
206133,206140,206143,7,3,25,3600,1.0
206138,206152,226684,14,20532,1,28800,1.00068186246
206151,206332,207782,181,1450,2,9000,1.12482758621
206169,206175,221071,6,14896,1,28800,1.0004027927
206193,206394,207759,201,1365,2,9000,1.14725274725
206225,206231,206314,6,83,1,28800,1.07228915663
206336,206422,207746,86,1324,2,9000,1.06495468278
206350,206356,206380,6,24,4,90000,1.25
206400,206519,208034,119,1515,2,9000,1.07854785479
206410,206416,212462,6,6046,4,90000,1.00099239166
206421,206532,208057,111,1525,2,9000,1.07278688525
206464,206470,213030,6,6560,4,28800,1.00091463415
206519,206526,206542,7,16,1,28800,1.4375
206526,206584,208055,58,1471,2,9000,1.03942895989
206538,207024,208476,486,1452,2,9000,1.3347107438
206587,206599,207777,12,1178,1,7200,1.01018675722
206587,206593,208188,6,1595,1,36000,1.00376175549
206588,206611,208752,23,2141,1,7200,1.01074264362
206588,206604,209677,16,3073,1,7200,1.00520663846
206588,206616,208424,28,1808,1,7200,1.01548672566
206589,206638,210668,49,4030,1,7200,1.01215880893
206589,206621,210671,32,4050,1,7200,1.00790123457
206589,206632,210232,43,3600,1,7200,1.01194444444
206589,206627,208942,38,2315,1,7200,1.01641468683
206590,206648,211077,58,4429,1,7200,1.01309550689
206590,206960,208389,370,1429,2,9000,1.2589223233
206590,206654,208350,64,1696,1,7200,1.03773584906
206590,206643,210462,53,3819,1,7200,1.01387797853
206591,206676,211601,85,4925,1,7200,1.01725888325
206591,206659,211615,68,4956,1,7200,1.01372074253
206591,206670,209945,79,3275,1,7200,1.0241221374
206591,206665,210108,74,3443,1,7200,1.02149288411
206592,206681,210124,89,3443,1,7200,1.02584954981
206592,206695,210739,103,4044,1,7200,1.02546983185
206592,206687,210640,95,3953,1,7200,1.02403238047
206593,206706,212301,113,5595,1,7200,1.02019660411
206593,206700,209353,107,2653,1,7200,1.04033169996
206960,207065,208555,105,1490,2,9000,1.07046979866
207374,207380,207392,6,12,25,3600,1.5
207438,207445,207529,7,84,1,28800,1.08333333333
207499,207505,209178,6,1673,2,9000,1.00358637179
207500,207511,209177,11,1666,2,9000,1.00660264106
207512,207518,209211,6,1693,2,9000,1.00354400473
207513,207524,209196,11,1672,2,9000,1.00657894737
207524,207531,209182,7,1651,2,9000,1.00423985463
207525,207537,209197,12,1660,2,9000,1.00722891566
207537,207543,209196,6,1653,2,9000,1.00362976407
207539,207643,209323,104,1680,2,9000,1.0619047619
207556,207697,209376,141,1679,2,9000,1.08397855867
207648,207688,209362,40,1674,2,9000,1.0238948626
207694,207710,209191,16,1481,2,9000,1.01080351114
207695,207758,209213,63,1455,2,9000,1.04329896907
207707,207793,209394,86,1601,2,9000,1.05371642723
207761,207770,209360,9,1590,2,9000,1.00566037736
207772,208045,209626,273,1581,2,9000,1.17267552182
207795,208073,209399,278,1326,2,9000,1.20965309201
208031,208039,208207,8,168,2,14400,1.04761904762
208049,208066,209481,17,1415,2,9000,1.01201413428
208071,208400,209691,329,1291,2,9000,1.25484120837
208073,208487,209744,414,1257,2,9000,1.32935560859
208289,208295,221105,6,12810,1,28800,1.00046838407
208319,208325,208955,6,630,2,600,1.00952380952
208399,208566,209985,167,1419,2,9000,1.11768851304
208453,208460,212034,7,3574,2,3600,1.00195858982
208484,209195,210600,711,1405,2,9000,1.50604982206
208568,209188,210607,620,1419,2,9000,1.43692741367
208679,208687,210120,8,1433,12,14400,1.00558269365
208848,208854,213326,6,4472,2,54000,1.00134168157
209117,209124,212732,7,3608,2,3600,1.00194013304
209206,209212,230777,6,21565,2,54000,1.00027822861
209374,209380,210666,6,1286,2,9000,1.00466562986
209375,209387,210914,12,1527,2,9000,1.00785854617
209376,209393,210905,17,1512,2,9000,1.01124338624
209388,209400,210899,12,1499,2,9000,1.00800533689
209389,209405,210889,16,1484,2,9000,1.01078167116
209403,209411,210831,8,1420,2,9000,1.00563380282
209408,209417,210793,9,1376,2,9000,1.00654069767
209408,209423,210804,15,1381,2,9000,1.01086169442
209420,209430,210700,10,1270,2,9000,1.00787401575
209422,209435,210974,13,1539,2,9000,1.00844704353
209434,209441,210956,7,1515,2,9000,1.00462046205
209448,209454,210895,6,1441,2,9000,1.00416377516
209449,209460,210907,11,1447,2,9000,1.00760193504
209451,209466,210911,15,1445,2,9000,1.01038062284
209463,209472,210871,9,1399,2,9000,1.00643316655
209463,209478,210868,15,1390,2,9000,1.01079136691
209474,209484,210888,10,1404,2,9000,1.00712250712
209476,209490,210801,14,1311,2,9000,1.01067887109
209489,209497,210836,8,1339,2,9000,1.00597460792
209491,209502,210828,11,1326,2,9000,1.00829562594
209502,209508,210837,6,1329,2,9000,1.00451467269
209503,209514,211086,11,1572,2,9000,1.00699745547
209514,209520,210997,6,1477,2,9000,1.00406228842
209515,209526,210924,11,1398,2,9000,1.0078683834
209516,209531,210893,15,1362,2,9000,1.01101321586
209528,209538,210860,10,1322,2,9000,1.00756429652
209529,209544,210855,15,1311,2,9000,1.0114416476
209541,209551,210855,10,1304,2,9000,1.00766871166
209542,209556,210844,14,1288,2,9000,1.01086956522
209553,209568,210925,15,1357,2,9000,1.01105379514
209553,209562,210879,9,1317,2,9000,1.00683371298
209565,209579,210937,14,1358,2,9000,1.01030927835
209567,209585,211126,18,1541,2,9000,1.0116807268
209577,209597,220001,20,10404,2,54000,1.00192233756
209580,209591,211094,11,1503,2,9000,1.00731869594
209600,209607,211088,7,1481,2,9000,1.00472653612
209611,209617,211087,6,1470,2,9000,1.00408163265
209622,209629,211014,7,1385,2,9000,1.00505415162
209653,209659,210975,6,1316,2,9000,1.00455927052
209664,209671,210961,7,1290,2,9000,1.00542635659
209680,209687,210999,7,1312,2,9000,1.00533536585
209692,209698,210997,6,1299,2,9000,1.00461893764
209707,209713,210975,6,1262,2,9000,1.00475435816
209718,209725,210999,7,1274,2,9000,1.00549450549
209729,209755,211089,26,1334,2,9000,1.01949025487
209752,209960,211244,208,1284,2,9000,1.16199376947
209836,210138,224190,302,14052,2,54000,1.02149160262
209961,209997,211485,36,1488,2,9000,1.02419354839
209996,210132,211567,136,1435,2,9000,1.09477351916
210132,210145,211616,13,1471,2,9000,1.00883752549
210144,210151,211531,7,1380,2,9000,1.00507246377
210155,210161,211495,6,1334,2,9000,1.00449775112
210166,210172,211484,6,1312,2,9000,1.00457317073
210178,210184,211518,6,1334,2,9000,1.00449775112
210189,210477,211777,288,1300,2,9000,1.22153846154
210476,210814,220289,338,9475,2,54000,1.03567282322
210485,210612,211947,127,1335,2,9000,1.09513108614
210610,210621,211949,11,1328,2,9000,1.00828313253
210624,210678,212372,54,1694,2,9000,1.0318772137
210677,210685,212390,8,1705,2,9000,1.00469208211
210689,210712,212404,23,1692,2,9000,1.01359338061
210711,210755,212433,44,1678,2,9000,1.02622169249
210754,210807,212503,53,1696,2,9000,1.03125
210779,210840,219999,61,9159,2,54000,1.00666011573
210824,210830,212499,6,1669,2,9000,1.00359496705
210836,210847,212526,11,1679,2,9000,1.00655151876
210851,210858,212600,7,1742,2,9000,1.00401836969
210864,210870,212511,6,1641,2,9000,1.00365630713
210876,210882,212596,6,1714,2,9000,1.00350058343
210878,210888,212635,10,1747,2,9000,1.00572409845
210890,210897,212597,7,1700,2,9000,1.00411764706
210903,210910,212613,7,1703,2,9000,1.00411039342
210920,210927,212656,7,1729,2,9000,1.004048583
210932,210939,212673,7,1734,2,9000,1.00403690888
210945,210951,212709,6,1758,2,9000,1.00341296928
210959,210971,211079,12,108,1,28800,1.11111111111
210959,210966,212684,7,1718,2,9000,1.00407450524
210971,210977,212770,6,1793,2,9000,1.0033463469
210993,211000,212703,7,1703,2,9000,1.00411039342
211006,211012,212716,6,1704,2,9000,1.00352112676
211008,211019,212724,11,1705,2,9000,1.0064516129
211011,211025,212759,14,1734,2,9000,1.00807381776
211083,211090,212774,7,1684,2,9000,1.0041567696
211084,211097,212781,13,1684,2,9000,1.00771971496
211099,211105,212763,6,1658,2,9000,1.00361881785
211099,211112,212789,13,1677,2,9000,1.00775193798
211111,211119,212807,8,1688,2,9000,1.00473933649
211111,211124,212809,13,1685,2,9000,1.00771513353
211123,211130,212822,7,1692,2,9000,1.00413711584
211135,211142,212801,7,1659,2,9000,1.00421940928
211147,211154,212804,7,1650,2,9000,1.00424242424
211158,211166,212847,8,1681,2,9000,1.00475907198
211170,211177,212845,7,1668,2,9000,1.00419664269
211182,211189,212859,7,1670,2,9000,1.00419161677
211193,211199,212851,6,1652,2,9000,1.00363196126
211205,211212,212868,7,1656,2,9000,1.00422705314
211216,211222,212892,6,1670,2,9000,1.00359281437
211218,211228,212884,10,1656,2,9000,1.00603864734
211230,211237,212918,7,1681,2,9000,1.00416418798
211241,211247,212892,6,1645,2,9000,1.00364741641
211253,211259,212925,6,1666,2,9000,1.00360144058
211265,211273,212908,8,1635,2,9000,1.00489296636
211277,211283,212926,6,1643,2,9000,1.00365185636
211288,211295,212981,7,1686,2,9000,1.00415183867
211299,211307,212970,8,1663,2,9000,1.00481058328
211311,211317,212959,6,1642,2,9000,1.00365408039
211323,211496,213130,173,1634,2,9000,1.105875153
211368,211507,211590,139,83,1,28800,2.67469879518
211503,211519,213182,16,1663,2,9000,1.00962116657
211503,211618,247657,115,36039,1,36000,1.00319098754
211514,211530,213169,16,1639,2,9000,1.00976205003
211526,211543,213208,17,1665,2,9000,1.01021021021
211528,211825,211863,297,38,4,36000,8.81578947368
211548,211579,213229,31,1650,2,9000,1.01878787879
211556,213040,227805,1484,14765,15,50399,1.10050795801
211581,211601,213273,20,1672,2,9000,1.01196172249
211586,211638,247670,52,36032,1,36000,1.00144316163
211604,211632,213299,28,1667,2,9000,1.01679664067
211636,211789,213470,153,1681,2,9000,1.09101725164
211720,211842,229319,122,17477,1,28800,1.00698060308
211732,211836,219762,104,7926,2,14400,1.0131213727
211794,211831,213517,37,1686,2,9000,1.02194543298
211836,211848,213506,12,1658,2,9000,1.00723763571
211848,211874,213524,26,1650,2,9000,1.01575757576
211880,211887,213578,7,1691,2,9000,1.00413956239
211891,211959,213599,68,1640,2,9000,1.04146341463
211931,298937,903761,87006,604824,3,604800,1.14385341852
211957,211966,213622,9,1656,2,9000,1.00543478261
211970,212046,213702,76,1656,2,9000,1.04589371981
211998,212005,213453,7,1448,8,3600,1.00483425414
212044,212318,213988,274,1670,2,9000,1.16407185629
212316,212385,214039,69,1654,2,9000,1.04171704958
212390,212401,214075,11,1674,2,9000,1.00657108722
212404,212416,214097,12,1681,2,9000,1.00713860797
212415,212445,214087,30,1642,2,9000,1.01827040195
212432,212473,212492,41,19,4,36000,3.15789473684
212448,212504,214187,56,1683,2,9000,1.03327391563
212501,212510,214170,9,1660,2,9000,1.00542168675
212512,212519,214192,7,1673,2,9000,1.00418410042
212523,212529,214186,6,1657,2,9000,1.00362100181
212536,212543,214192,7,1649,2,9000,1.00424499697
212547,212553,214242,6,1689,2,9000,1.00355239787
212558,212607,214287,49,1680,2,9000,1.02916666667
212611,212618,214283,7,1665,2,9000,1.0042042042
212623,212630,214321,7,1691,2,9000,1.00413956239
212634,212642,214307,8,1665,2,9000,1.0048048048
212648,212654,214311,6,1657,2,9000,1.00362100181
212659,212668,214353,9,1685,2,9000,1.00534124629
212671,212685,214359,14,1674,2,9000,1.00836320191
212683,212696,214418,13,1722,2,9000,1.00754936121
212695,212714,214369,19,1655,2,9000,1.01148036254
212717,212724,214404,7,1680,2,9000,1.00416666667
212731,212738,214396,7,1658,2,9000,1.00422195416
212743,212749,214374,6,1625,2,9000,1.00369230769
212754,212760,214464,6,1704,2,9000,1.00352112676
212765,212772,214485,7,1713,2,9000,1.00408639813
212767,212779,214469,12,1690,2,9000,1.00710059172
212779,212785,214473,6,1688,2,9000,1.00355450237
212790,212798,214495,8,1697,2,9000,1.00471420153
212802,212808,214483,6,1675,2,9000,1.00358208955
212814,212820,214499,6,1679,2,9000,1.00357355569
212826,212833,214551,7,1718,2,9000,1.00407450524
212837,212843,214554,6,1711,2,9000,1.00350672122
212848,212855,214536,7,1681,2,9000,1.00416418798
212860,212924,212945,64,21,4,36000,4.04761904762
212861,212867,214572,6,1705,2,9000,1.00351906158
212874,212880,214550,6,1670,2,9000,1.00359281437
212885,212892,214566,7,1674,2,9000,1.00418160096
212900,212906,214566,6,1660,2,9000,1.00361445783
212918,212929,214585,11,1656,2,9000,1.00664251208
212928,212936,212955,8,19,1,28800,1.42105263158
212930,212943,214595,13,1652,2,9000,1.00786924939
212943,212949,214614,6,1665,2,9000,1.0036036036
212954,212961,214631,7,1670,2,9000,1.00419161677
212967,212973,214655,6,1682,2,9000,1.00356718193
212969,212980,214660,11,1680,2,9000,1.00654761905
212980,212986,214652,6,1666,2,9000,1.00360144058
212992,212998,214669,6,1671,2,9000,1.00359066427
213003,213009,214665,6,1656,2,9000,1.00362318841
213015,213022,214671,7,1649,2,9000,1.00424499697
213027,213033,214752,6,1719,2,9000,1.0034904014
213038,213181,214857,143,1676,2,9000,1.0853221957
213077,213142,233178,65,20036,3,21600,1.00324416051
213185,213193,214862,8,1669,2,9000,1.00479328939
213197,213220,214871,23,1651,2,9000,1.01393095094
213219,213249,214945,30,1696,2,9000,1.01768867925
213251,213285,214971,34,1686,2,9000,1.02016607355
213276,214050,215377,774,1327,1,7200,1.58327053504
213287,213311,214977,24,1666,2,9000,1.0144057623
213311,213339,215014,28,1675,2,9000,1.01671641791
213344,213482,215160,138,1678,2,9000,1.08224076281
213481,213518,215208,37,1690,2,9000,1.02189349112
213491,213497,213734,6,237,8,3600,1.0253164557
213506,214056,214567,550,511,1,28800,2.07632093933
213515,213528,215223,13,1695,2,9000,1.00766961652
213527,213535,215174,8,1639,2,9000,1.00488102502
213539,213591,215229,52,1638,2,9000,1.03174603175
213569,214099,214145,530,46,4,36000,12.5217391304
213593,213611,215268,18,1657,2,9000,1.01086300543
213615,213634,215283,19,1649,2,9000,1.01152213463
213638,213714,215370,76,1656,2,9000,1.04589371981
213713,214000,215679,287,1679,2,9000,1.17093508041
213739,213747,214248,8,501,8,3600,1.01596806387
214106,214112,221023,6,6911,2,14400,1.00086818116
214252,214258,214260,6,2,8,3600,1.0
214265,214272,214564,7,292,8,3600,1.02397260274
214411,214418,215629,7,1211,2,9000,1.00578034682
214422,214429,215834,7,1405,2,9000,1.00498220641
214434,214441,215790,7,1349,2,9000,1.00518902891
214446,214452,215718,6,1266,2,9000,1.00473933649
214458,214464,215734,6,1270,2,9000,1.00472440945
214470,214477,215709,7,1232,2,9000,1.00568181818
214481,214489,216159,8,1670,2,9000,1.00479041916
214495,214501,216167,6,1666,2,9000,1.00360144058
214507,214514,216175,7,1661,2,9000,1.00421432872
214518,214525,216181,7,1656,2,9000,1.00422705314
214530,214537,216203,7,1666,2,9000,1.00420168067
214532,214544,216206,12,1662,2,9000,1.00722021661
214544,214551,216216,7,1665,2,9000,1.0042042042
214547,214560,216217,13,1657,2,9000,1.00784550392
214559,214567,216205,8,1638,2,9000,1.00488400488
214571,214577,216219,6,1642,2,9000,1.00365408039
214574,214584,216254,10,1670,2,9000,1.00598802395
214583,214590,214948,7,358,8,3600,1.01955307263
214586,214596,216274,10,1678,2,9000,1.00595947557
214601,214607,216263,6,1656,2,9000,1.00362318841
214613,214620,216297,7,1677,2,9000,1.00417412045
214625,214632,216297,7,1665,2,9000,1.0042042042
214638,214646,216325,8,1679,2,9000,1.00476474092
214650,214656,216317,6,1661,2,9000,1.00361228176
214662,214668,216329,6,1661,2,9000,1.00361228176
214675,214682,216319,7,1637,2,9000,1.00427611484
214687,214693,216363,6,1670,2,9000,1.00359281437
214698,214706,216375,8,1669,2,9000,1.00479328939
214709,214716,216390,7,1674,2,9000,1.00418160096
214721,214727,216404,6,1677,2,9000,1.00357781753
214738,214744,216386,6,1642,2,9000,1.00365408039
214749,214756,216392,7,1636,2,9000,1.00427872861
214761,214768,216454,7,1686,2,9000,1.00415183867
214772,214779,216421,7,1642,2,9000,1.00426309379
214784,214790,216440,6,1650,2,9000,1.00363636364
214795,214802,216482,7,1680,2,9000,1.00416666667
214807,214813,216454,6,1641,2,9000,1.00365630713
214819,214825,216444,6,1619,2,9000,1.00370599135
214830,214836,216514,6,1678,2,9000,1.00357568534
214830,214841,224933,11,10092,2,54000,1.00108997226
214842,214849,216500,7,1651,2,9000,1.00423985463
214853,214859,216500,6,1641,2,9000,1.00365630713
214865,214872,216525,7,1653,2,9000,1.00423472474
214879,214885,216535,6,1650,2,9000,1.00363636364
214890,214896,216528,6,1632,2,9000,1.00367647059
214902,214909,216588,7,1679,2,9000,1.0041691483
214914,214920,216547,6,1627,2,9000,1.0036877689
214925,214932,216601,7,1669,2,9000,1.00419412822
214937,214943,216586,6,1643,2,9000,1.00365185636
214948,214955,216618,7,1663,2,9000,1.00420926037
214952,214962,216622,10,1660,2,9000,1.00602409639
214961,214969,218704,8,3735,8,3600,1.00214190094
214963,215028,215090,65,62,1,14400,2.04838709677
214963,214990,215020,27,30,1,14400,1.9
214964,215102,215111,138,9,1,14400,14.7
214964,214975,216609,11,1634,2,9000,1.00673194614
214965,215125,215133,160,8,1,14400,16.8
214966,215166,215175,200,9,1,14400,20.9
214966,215146,215154,180,8,1,14400,18.8
214967,215191,215200,224,9,1,14400,23.3
214968,215213,215222,245,9,1,14400,25.4
214969,215234,215242,265,8,1,14400,27.3
214970,215265,215308,295,43,1,14400,7.86046511628
214976,214983,216654,7,1671,2,9000,1.00418910832
214988,214997,216633,9,1636,2,9000,1.00550122249
215000,215010,216688,10,1678,2,9000,1.00595947557
215011,215018,216670,7,1652,2,9000,1.00423728814
215024,215035,216707,11,1672,2,9000,1.00657894737
215035,215041,216687,6,1646,2,9000,1.00364520049
215046,215174,216828,128,1654,2,9000,1.07738814994
215173,215186,216795,13,1609,2,9000,1.00807955252
215185,215219,216839,34,1620,2,9000,1.02098765432
215218,215241,216892,23,1651,2,9000,1.01393095094
215241,215248,216923,7,1675,2,9000,1.00417910448
215253,215260,216925,7,1665,2,9000,1.0042042042
215265,215272,216922,7,1650,2,9000,1.00424242424
215277,215284,216937,7,1653,2,9000,1.00423472474
215289,215295,216956,6,1661,2,9000,1.00361228176
215300,215306,216939,6,1633,2,9000,1.00367421923
215311,215318,217011,7,1693,2,9000,1.00413467218
215323,215382,217022,59,1640,2,9000,1.03597560976
215358,215389,237609,31,22220,2,36000,1.00139513951
215387,215641,217294,254,1653,2,9000,1.1536600121
215639,215691,217340,52,1649,2,9000,1.03153426319
215692,215720,217377,28,1657,2,9000,1.01689800845
215711,215729,236191,18,20462,2,36000,1.00087967941
215726,215746,217406,20,1660,2,9000,1.01204819277
215749,215802,217458,53,1656,2,9000,1.03200483092
215803,215846,217475,43,1629,2,9000,1.02639656231
215846,216170,217810,324,1640,2,9000,1.19756097561
216000,216222,216276,222,54,4,36000,5.11111111111
216125,219623,221455,3498,1832,12,14400,2.90938864629
216171,216179,217812,8,1633,2,9000,1.00489895897
216182,216190,217813,8,1623,2,9000,1.00492914356
216194,216203,217863,9,1660,2,9000,1.00542168675
216206,216215,217843,9,1628,2,9000,1.00552825553
216218,216229,217900,11,1671,2,9000,1.0065828845
216232,216239,217887,7,1648,2,9000,1.00424757282
216243,216250,217893,7,1643,2,9000,1.00426049909
216254,216265,217935,11,1670,2,9000,1.00658682635
216266,216275,217927,9,1652,2,9000,1.00544794189
216278,216286,217912,8,1626,2,9000,1.0049200492
216290,216297,217918,7,1621,2,9000,1.00431832202
216301,216308,217972,7,1664,2,9000,1.00420673077
216312,216322,217984,10,1662,2,9000,1.00601684717
216324,216330,217955,6,1625,2,9000,1.00369230769
216327,298863,354424,82536,55561,12,86400,2.48550242076
216335,216341,218022,6,1681,2,9000,1.00356930399
216347,216353,218029,6,1676,2,9000,1.00357995227
216358,216368,218042,10,1674,2,9000,1.00597371565
216371,216378,217988,7,1610,2,9000,1.00434782609
216385,216391,218031,6,1640,2,9000,1.00365853659
216397,216403,218034,6,1631,2,9000,1.00367872471
216408,216414,218067,6,1653,2,9000,1.00362976407
216413,216421,218086,8,1665,2,9000,1.0048048048
216424,216437,218147,13,1710,2,9000,1.00760233918
216438,216445,218122,7,1677,2,9000,1.00417412045
216450,216456,218149,6,1693,2,9000,1.00354400473
216452,216463,218167,11,1704,2,9000,1.00645539906
216464,216475,218161,11,1686,2,9000,1.00652431791
216475,216482,218163,7,1681,2,9000,1.00416418798
216478,216488,218174,10,1686,2,9000,1.0059311981
216490,216496,218182,6,1686,2,9000,1.00355871886
216502,216513,218204,11,1691,2,9000,1.00650502661
216514,216521,218217,7,1696,2,9000,1.00412735849
216525,216532,218218,7,1686,2,9000,1.00415183867
216538,216551,218270,13,1719,2,9000,1.00756253636
216555,216561,218270,6,1709,2,9000,1.00351082504
216567,216573,218240,6,1667,2,9000,1.00359928014
216578,216585,218244,7,1659,2,9000,1.00421940928
216590,216598,218253,8,1655,2,9000,1.00483383686
216603,216610,218274,7,1664,2,9000,1.00420673077
216615,216622,218260,7,1638,2,9000,1.00427350427
216627,216633,218285,6,1652,2,9000,1.00363196126
216641,216648,227773,7,11125,1,28800,1.00062921348
216645,216654,218296,9,1642,2,9000,1.00548112058
216648,216941,217012,293,71,4,36000,5.12676056338
216658,216664,218320,6,1656,2,9000,1.00362318841
216670,216676,218303,6,1627,2,9000,1.0036877689
216682,216689,218382,7,1693,2,9000,1.00413467218
216695,216701,218345,6,1644,2,9000,1.00364963504
216707,216714,218350,7,1636,2,9000,1.00427872861
216709,216721,216734,12,13,1,14400,1.92307692308
216723,216729,218385,6,1656,2,9000,1.00362318841
216734,216807,218444,73,1637,2,9000,1.04459376909
216809,216840,218505,31,1665,2,9000,1.01861861862
216842,216851,218503,9,1652,2,9000,1.00544794189
216854,216903,218556,49,1653,2,9000,1.0296430732
216908,216934,218580,26,1646,2,9000,1.01579586877
216933,216949,218583,16,1634,2,9000,1.00979192166
216949,216957,218589,8,1632,2,9000,1.00490196078
216960,216968,218619,8,1651,2,9000,1.00484554815
216972,217023,218623,51,1600,2,9000,1.031875
217021,217029,231467,8,14438,1,14400,1.00055409336
217026,217035,218665,9,1630,2,9000,1.00552147239
217040,217047,218658,7,1611,2,9000,1.00434512725
217051,217059,218684,8,1625,2,9000,1.00492307692
217063,217306,218931,243,1625,2,9000,1.14953846154
217337,231572,245990,14235,14418,1,14400,1.98730753225
217342,246002,260432,28660,14430,1,14400,2.98613998614
217345,260438,274885,43093,14447,1,14400,3.98283380633
217348,274892,288132,57544,13240,1,14400,5.34622356495
217351,298927,313363,81576,14436,1,14400,6.65087281796
217383,217390,235709,7,18319,2,54000,1.00038211693
217416,217470,217616,54,146,4,36000,1.3698630137
217661,217667,227972,6,10305,1,36000,1.00058224163
217679,217686,219329,7,1643,2,9000,1.00426049909
217691,217697,219318,6,1621,2,9000,1.00370141888
217702,217708,219343,6,1635,2,9000,1.00366972477
217714,217822,219461,108,1639,2,9000,1.06589383771
217826,217832,219478,6,1646,2,9000,1.00364520049
217828,217838,219508,10,1670,2,9000,1.00598802395
217840,217855,219566,15,1711,2,9000,1.00876680304
217851,217875,219568,24,1693,2,9000,1.0141760189
217874,217899,219577,25,1678,2,9000,1.01489868892
217896,217906,219596,10,1690,2,9000,1.00591715976
217908,217915,219595,7,1680,2,9000,1.00416666667
217920,217926,219611,6,1685,2,9000,1.00356083086
217932,217939,219618,7,1679,2,9000,1.0041691483
217945,217952,219642,7,1690,2,9000,1.00414201183
217956,217962,219633,6,1671,2,9000,1.00359066427
217968,217974,219672,6,1698,2,9000,1.0035335689
217979,217985,219695,6,1710,2,9000,1.00350877193
217992,217999,219695,7,1696,2,9000,1.00412735849
218004,218011,219697,7,1686,2,9000,1.00415183867
218015,218035,219738,20,1703,2,9000,1.01174398121
218039,218046,219728,7,1682,2,9000,1.00416171225
218052,218059,219727,7,1668,2,9000,1.00419664269
218064,218071,219764,7,1693,2,9000,1.00413467218
218077,218085,219795,8,1710,2,9000,1.00467836257
218089,218096,219820,7,1724,2,9000,1.00406032483
218102,218108,219841,6,1733,2,9000,1.00346220427
218118,218282,219035,164,753,4,36000,1.21779548473
218119,218137,219769,18,1632,2,9000,1.01102941176
218141,218160,219782,19,1622,2,9000,1.01171393342
218164,218171,219782,7,1611,2,9000,1.00434512725
218176,218184,219802,8,1618,2,9000,1.00494437577
218189,218196,219824,7,1628,2,9000,1.0042997543
218201,218207,219807,6,1600,2,9000,1.00375
218213,218219,219828,6,1609,2,9000,1.00372902424
218225,218232,219823,7,1591,2,9000,1.00439974859
218237,218244,219835,7,1591,2,9000,1.00439974859
218249,218256,219841,7,1585,2,9000,1.00441640379
218264,218271,219821,7,1550,2,9000,1.00451612903
218277,218289,219846,12,1557,2,9000,1.00770712909
218288,218296,219999,8,1703,2,9000,1.00469759248
218300,218308,220022,8,1714,2,9000,1.00466744457
218306,298905,366508,80599,67603,1,86400,2.19223998935
218312,218319,220028,7,1709,2,9000,1.00409596255
218323,218331,220025,8,1694,2,9000,1.00472255018
218335,218341,220023,6,1682,2,9000,1.00356718193
218347,218354,220133,7,1779,2,9000,1.00393479483
218364,218371,220099,7,1728,2,9000,1.00405092593
218376,218383,220086,7,1703,2,9000,1.00411039342
218378,218403,219312,25,909,1,7200,1.02750275028
218389,218396,220095,7,1699,2,9000,1.00412007063
218401,218409,220097,8,1688,2,9000,1.00473933649
218412,218419,220119,7,1700,2,9000,1.00411764706
218424,218431,220121,7,1690,2,9000,1.00414201183
218435,218455,220151,20,1696,2,9000,1.01179245283
218457,218516,220218,59,1702,2,9000,1.03466509988
218512,218523,220227,11,1704,2,9000,1.00645539906
218526,218567,220349,41,1782,2,9000,1.02300785634
218569,218593,220271,24,1678,2,9000,1.01430274136
218592,218600,220290,8,1690,2,9000,1.00473372781
218604,218610,220280,6,1670,2,9000,1.00359281437
218615,218631,220313,16,1682,2,9000,1.00951248514
218627,218638,220339,11,1701,2,9000,1.00646678424
218639,218670,220344,31,1674,2,9000,1.01851851852
218675,218683,220392,8,1709,2,9000,1.00468110006
218686,218695,220394,9,1699,2,9000,1.00529723367
218700,218944,220668,244,1724,2,9000,1.14153132251
218942,219330,221010,388,1680,2,9000,1.23095238095
219044,219520,223918,476,4398,4,36000,1.1082310141
219328,219344,221041,16,1697,2,9000,1.00942840306
219351,219357,221019,6,1662,2,9000,1.0036101083
219362,219473,221136,111,1663,2,9000,1.06674684305
219376,219835,225033,459,5198,4,18000,1.08830319354
219377,219847,224684,470,4837,4,18000,1.09716766591
219378,219854,224838,476,4984,4,18000,1.09550561798
219379,220039,224979,660,4940,4,18000,1.13360323887
219379,219861,224878,482,5017,4,18000,1.09607335061
219380,220137,225340,757,5203,4,18000,1.14549298482
219381,220149,225241,768,5092,4,18000,1.15082482325
219382,220143,225190,761,5047,4,18000,1.15078264315
219382,220108,225092,726,4984,4,18000,1.14566613162
219828,219841,220967,13,1126,1,7200,1.01154529307
220124,220130,220145,6,15,4,36000,1.4
220146,220156,221963,10,1807,2,9000,1.00553403431
220147,220162,221819,15,1657,2,9000,1.00905250453
220159,220169,221836,10,1667,2,9000,1.00599880024
220161,220174,221860,13,1686,2,9000,1.00771055753
220172,220180,221886,8,1706,2,9000,1.00468933177
220173,220186,221881,13,1695,2,9000,1.00766961652
220184,220192,221888,8,1696,2,9000,1.00471698113
220196,220202,221907,6,1705,2,9000,1.00351906158
220207,220214,221954,7,1740,2,9000,1.00402298851
220219,220225,221984,6,1759,2,9000,1.00341102899
220231,220238,221983,7,1745,2,9000,1.00401146132
220242,220248,222028,6,1780,2,9000,1.00337078652
220253,220260,221905,7,1645,2,9000,1.00425531915
220265,220272,221943,7,1671,2,9000,1.00418910832
220268,220279,221940,11,1661,2,9000,1.00662251656
220280,220287,221963,7,1676,2,9000,1.00417661098
220291,220297,221974,6,1677,2,9000,1.00357781753
220302,220311,221993,9,1682,2,9000,1.00535077289
220314,220320,222015,6,1695,2,9000,1.00353982301
220325,220331,222070,6,1739,2,9000,1.00345025877
220337,220344,222081,7,1737,2,9000,1.00402993667
220348,220354,222192,6,1838,2,9000,1.00326441785
220353,220360,222080,7,1720,2,9000,1.00406976744
220365,220372,222221,7,1849,2,9000,1.00378583018
220377,220383,222159,6,1776,2,9000,1.00337837838
220389,220398,222067,9,1669,2,9000,1.00539245057
220401,220407,222058,6,1651,2,9000,1.00363416111
220412,220418,222057,6,1639,2,9000,1.00366076876
220423,220430,222091,7,1661,2,9000,1.00421432872
220434,220441,222092,7,1651,2,9000,1.00423985463
220446,220452,222111,6,1659,2,9000,1.00361663653
220458,220465,222183,7,1718,2,9000,1.00407450524
220471,220478,222200,7,1722,2,9000,1.00406504065
220482,220488,222176,6,1688,2,9000,1.00355450237
220493,220500,222202,7,1702,2,9000,1.00411280846
220505,220512,222332,7,1820,2,9000,1.00384615385
220516,220522,222250,6,1728,2,9000,1.00347222222
220527,220533,222352,6,1819,2,9000,1.00329851567
220538,220680,222461,142,1781,2,9000,1.07973048849
220591,220979,220980,388,1,1,7200,38.9
220591,220991,220992,400,1,1,7200,40.1
220591,221003,221004,412,1,1,7200,41.3
220682,221021,222691,339,1670,2,9000,1.20299401198
220946,221038,226354,92,5316,2,54000,1.0173062453
221021,221030,222707,9,1677,2,9000,1.0053667263
221033,221053,222729,20,1676,2,9000,1.01193317422
221055,221083,222728,28,1645,2,9000,1.0170212766
221086,221148,222835,62,1687,2,9000,1.03675163011
221119,221125,222260,6,1135,1,7200,1.00528634361
221148,221473,222451,325,978,1,7200,1.33231083845
221149,221468,223188,319,1720,2,9000,1.18546511628
221241,221478,221482,237,4,1,7200,24.1
221372,221484,221488,112,4,1,7200,11.6
221381,221489,221491,108,2,1,7200,11.0
221468,221497,223324,29,1827,2,9000,1.01587301587
221501,221507,223347,6,1840,2,9000,1.00326086957
221512,221518,223148,6,1630,2,9000,1.0036809816
221520,233196,346542,11676,113346,1,230400,1.1030120163
221523,221529,223157,6,1628,2,9000,1.00368550369
221535,221831,223472,296,1641,2,9000,1.1803778184
221609,221978,250806,369,28828,4,28800,1.0128000555
221609,222070,250887,461,28817,4,28800,1.01599750147
221609,222091,244696,482,22605,4,28800,1.02132271621
221675,221932,293964,257,72032,4,72000,1.00356785873
221827,221901,221917,74,16,4,36000,5.625
221834,221849,223505,15,1656,2,9000,1.00905797101
221846,221872,223549,26,1677,2,9000,1.01550387597
221869,221894,223612,25,1718,2,9000,1.01455180442
221897,221916,223590,19,1674,2,9000,1.01135005974
221919,221925,223674,6,1749,2,9000,1.00343053173
221930,221951,223791,21,1840,2,9000,1.01141304348
221952,221959,223710,7,1751,2,9000,1.00399771559
221964,221970,223712,6,1742,2,9000,1.00344431688
221975,221985,223789,10,1804,2,9000,1.00554323725
221986,221995,223919,9,1924,2,9000,1.00467775468
221986,222002,236283,16,14281,2,54000,1.00112036972
221997,222008,223646,11,1638,2,9000,1.00671550672
222008,222026,223702,18,1676,2,9000,1.0107398568
222029,222039,223706,10,1667,2,9000,1.00599880024
222042,222079,223725,37,1646,2,9000,1.02247873633
222085,222099,223769,14,1670,2,9000,1.00838323353
222096,222106,223797,10,1691,2,9000,1.00591366056
222107,222113,223839,6,1726,2,9000,1.00347624565
222119,222125,223878,6,1753,2,9000,1.00342270394
222130,222172,223915,42,1743,2,9000,1.02409638554
222173,222187,223921,14,1734,2,9000,1.00807381776
222185,222194,223995,9,1801,2,9000,1.00499722376
222200,222208,223994,8,1786,2,9000,1.00447928331
222213,222219,223985,6,1766,2,9000,1.00339750849
222224,222230,224007,6,1777,2,9000,1.00337647721
222235,222241,224054,6,1813,2,9000,1.00330943188
222246,222262,223957,16,1695,2,9000,1.00943952802
222267,222275,223974,8,1699,2,9000,1.00470865215
222279,222343,224004,64,1661,2,9000,1.03853100542
222347,222364,223996,17,1632,2,9000,1.01041666667
222355,222463,222972,108,509,1,7200,1.21218074656
222369,222473,224184,104,1711,2,9000,1.06078316774
222402,222740,229439,338,6699,4,36000,1.05045529183
222473,222702,224447,229,1745,2,9000,1.13123209169
222640,222747,223947,107,1200,1,7200,1.08916666667
222705,222718,224522,13,1804,2,9000,1.00720620843
222717,222847,224612,130,1765,2,9000,1.07365439093
222854,223161,225052,307,1891,2,9000,1.16234796404
223062,223169,232569,107,9400,2,36000,1.01138297872
223164,223200,224842,36,1642,2,9000,1.02192448234
223197,223335,224963,138,1628,2,9000,1.08476658477
223280,223286,228714,6,5428,1,28800,1.00110537951
223332,223358,225115,26,1757,2,9000,1.01479795105
223356,223483,225170,127,1687,2,9000,1.07528156491
223404,223726,230976,322,7250,1,7200,1.0444137931
223453,223721,224366,268,645,1,28800,1.41550387597
223480,223516,225248,36,1732,2,9000,1.0207852194
223512,223561,225329,49,1768,2,9000,1.02771493213
223565,223602,225360,37,1758,2,9000,1.02104664391
223598,223623,225417,25,1794,2,9000,1.01393534002
223620,223657,225430,37,1773,2,9000,1.02086858432
223663,223686,225554,23,1868,2,9000,1.01231263383
223686,223713,225441,27,1728,2,9000,1.015625
223718,223733,225370,15,1637,2,9000,1.00916310324
223729,223740,225440,11,1700,2,9000,1.00647058824
223740,223752,225380,12,1628,2,9000,1.00737100737
223752,223781,225431,29,1650,2,9000,1.01757575758
223784,223802,225492,18,1690,2,9000,1.01065088757
223806,223813,225535,7,1722,2,9000,1.00406504065
223808,223820,225539,12,1719,2,9000,1.00698080279
223819,223850,225575,31,1725,2,9000,1.01797101449
223852,223890,225651,38,1761,2,9000,1.0215786485
223895,223927,225771,32,1844,2,9000,1.01735357918
223928,223934,225748,6,1814,2,9000,1.0033076075
223939,223945,225791,6,1846,2,9000,1.00325027086
223950,223956,225885,6,1929,2,9000,1.00311041991
223952,223963,225873,11,1910,2,9000,1.0057591623
223964,223970,225649,6,1679,2,9000,1.00357355569
223967,224013,227999,46,3986,4,36000,1.01154039137
223976,223987,225665,11,1678,2,9000,1.00655542312
223987,223996,225641,9,1645,2,9000,1.00547112462
223999,224006,225668,7,1662,2,9000,1.00421179302
224011,224020,225732,9,1712,2,9000,1.00525700935
224022,224029,225872,7,1843,2,9000,1.00379815518
224030,224037,234154,7,10117,2,36000,1.00069190471
224033,224044,225883,11,1839,2,9000,1.00598151169
224044,224050,225909,6,1859,2,9000,1.00322754169
224055,224062,225916,7,1854,2,9000,1.00377562028
224066,224072,225931,6,1859,2,9000,1.00322754169
224078,224085,225958,7,1873,2,9000,1.00373731981
224089,224095,225873,6,1778,2,9000,1.00337457818
224101,224109,225906,8,1797,2,9000,1.00445186422
224112,224118,225826,6,1708,2,9000,1.00351288056
224123,224130,225800,7,1670,2,9000,1.00419161677
224134,224140,225870,6,1730,2,9000,1.00346820809
224146,224153,225858,7,1705,2,9000,1.00410557185
224153,224159,224523,6,364,8,7200,1.01648351648
224157,224165,225897,8,1732,2,9000,1.00461893764
224168,224175,225914,7,1739,2,9000,1.0040253019
224171,224208,225603,37,1395,1,7200,1.02652329749
224180,224196,225984,16,1788,2,9000,1.00894854586
224202,224378,226157,176,1779,2,9000,1.09893198426
224377,224459,226289,82,1830,2,9000,1.04480874317
224461,224535,226385,74,1850,2,9000,1.04
224483,225382,227959,899,2577,4,36000,1.34885525805
224537,224627,226213,90,1586,2,9000,1.05674653216
224631,224695,226275,64,1580,2,9000,1.04050632911
224694,224703,226277,9,1574,2,9000,1.00571791614
224706,224851,226487,145,1636,2,9000,1.08863080685
224707,225063,235738,356,10675,1,14400,1.03334894614
224851,224857,226516,6,1659,2,9000,1.00361663653
224862,224869,226535,7,1666,2,9000,1.00420168067
224874,224891,226528,17,1637,2,9000,1.01038485034
224896,224903,226554,7,1651,2,9000,1.00423985463
224907,224946,226562,39,1616,2,9000,1.02413366337
224950,224974,226600,24,1626,2,9000,1.0147601476
224972,224995,226655,23,1660,2,9000,1.01385542169
224981,224987,225695,6,708,8,10800,1.00847457627
224994,225002,226633,8,1631,2,9000,1.00490496628
225008,225045,226695,37,1650,2,9000,1.02242424242
225051,225057,226735,6,1678,2,9000,1.00357568534
225063,225104,226759,41,1655,2,9000,1.0247734139
225105,225112,226762,7,1650,2,9000,1.00424242424
225117,225128,226749,11,1621,2,9000,1.00678593461
225131,225182,226715,51,1533,2,9000,1.03326810176
225142,225259,227465,117,2206,1,7200,1.05303717135
225184,225202,226779,18,1577,2,9000,1.01141407736
225206,225212,226827,6,1615,2,9000,1.00371517028
225217,225341,227024,124,1683,2,9000,1.07367795603
225245,225252,230104,7,4852,4,18000,1.00144270404
225248,225351,230362,103,5011,4,18000,1.02055477949
225249,225909,230939,660,5030,4,18000,1.13121272366
225250,226289,231148,1039,4859,4,18000,1.21383000617
225251,226546,231625,1295,5079,4,18000,1.25497145107
225252,226566,231476,1314,4910,4,18000,1.26761710794
225256,226666,231432,1410,4766,4,18000,1.29584557281
225260,226746,231586,1486,4840,4,18000,1.30702479339
225264,226773,231833,1509,5060,4,18000,1.29822134387
225443,225449,226781,6,1332,2,14400,1.0045045045
225529,225535,234374,6,8839,8,14400,1.00067880982
225611,225618,234507,7,8889,8,14400,1.00078749016
225642,225653,234617,11,8964,8,14400,1.00122713075
225724,225731,227135,7,1404,1,7200,1.00498575499
225726,225738,226684,12,946,8,10800,1.01268498943
225936,225952,226109,16,157,1,3600,1.10191082803
225936,225958,226109,22,151,1,3600,1.14569536424
225936,225947,226186,11,239,1,3600,1.0460251046
225937,225963,226120,26,157,1,3600,1.16560509554
225937,225968,226122,31,154,1,3600,1.2012987013
225937,225979,226060,42,81,1,3600,1.51851851852
225937,225974,226241,37,267,1,3600,1.13857677903
225938,225984,226082,46,98,1,3600,1.4693877551
225938,226001,226075,63,74,1,3600,1.85135135135
225938,225995,226177,57,182,1,3600,1.31318681319
225938,225990,226094,52,104,1,3600,1.5
225939,226011,226131,72,120,1,3600,1.6
225939,226006,226175,67,169,1,3600,1.39644970414
225939,226017,226120,78,103,1,3600,1.7572815534
225940,226038,226222,98,184,1,3600,1.53260869565
225940,226033,226189,93,156,1,3600,1.59615384615
225940,226022,226152,82,130,1,3600,1.63076923077
225940,226027,226164,87,137,1,3600,1.63503649635
225941,226043,226282,102,239,1,3600,1.42677824268
225941,226051,226180,110,129,1,3600,1.85271317829
226142,226148,244535,6,18387,1,28800,1.00032631751
226386,226393,227519,7,1126,32,1800,1.00621669627
226663,226672,226674,9,2,1,6600,1.1
226688,226695,227711,7,1016,8,10800,1.00688976378
226746,226753,228429,7,1676,2,9000,1.00417661098
226758,226764,228426,6,1662,2,9000,1.0036101083
226771,226781,228452,10,1671,2,9000,1.00598444045
226771,226786,228442,15,1656,2,9000,1.00905797101
226783,226792,228351,9,1559,2,9000,1.00577293137
226784,226798,228460,14,1662,2,9000,1.00842358604
226795,226804,228426,9,1622,2,9000,1.0055487053
226797,226810,228488,13,1678,2,9000,1.00774731824
226809,226816,228498,7,1682,2,9000,1.00416171225
226813,226822,228492,9,1670,2,9000,1.00538922156
226814,226828,228466,14,1638,2,9000,1.00854700855
226826,226834,228472,8,1638,2,9000,1.00488400488
226827,226840,228482,13,1642,2,9000,1.00791717418
226832,226857,229274,25,2417,2,21600,1.01034340091
226838,226847,228541,9,1694,2,9000,1.00531286895
226839,226852,228498,13,1646,2,9000,1.00789793439
226850,226869,228550,19,1681,2,9000,1.01130279595
226850,226864,228522,14,1658,2,9000,1.00844390832
226861,226876,228564,15,1688,2,9000,1.00888625592
226873,227035,228709,162,1674,2,9000,1.09677419355
226873,226883,228536,10,1653,2,9000,1.00604960678
226886,227531,229180,645,1649,2,9000,1.39114614918
227035,227536,229237,501,1701,2,9000,1.29453262787
227237,227243,228861,6,1618,1,7200,1.00370828183
227506,227512,230218,6,2706,1,7200,1.0022172949
227528,227542,229162,14,1620,2,9000,1.00864197531
227540,227549,229188,9,1639,2,9000,1.00549115314
227551,227557,229193,6,1636,2,9000,1.00366748166
227562,227568,229254,6,1686,2,9000,1.00355871886
227573,227580,229790,7,2210,2,9000,1.00316742081
227585,227591,229762,6,2171,2,9000,1.00276370336
227596,227604,229809,8,2205,2,9000,1.00362811791
227608,227614,229626,6,2012,2,9000,1.00298210736
227619,227625,229739,6,2114,2,9000,1.00283822138
227630,227636,229881,6,2245,2,9000,1.00267260579
227641,227647,229801,6,2154,2,9000,1.00278551532
227653,227659,229854,6,2195,2,9000,1.00273348519
227664,227670,229797,6,2127,2,9000,1.00282087447
227675,227683,229802,8,2119,2,9000,1.00377536574
227686,227817,230008,131,2191,2,9000,1.05979005021
227713,227721,231012,8,3291,8,10800,1.00243087208
227793,227799,228717,6,918,1,3600,1.00653594771
227821,227827,230055,6,2228,2,9000,1.0026929982
227832,227839,230117,7,2278,2,9000,1.00307287094
227844,227851,229934,7,2083,2,9000,1.00336053769
227855,227862,229927,7,2065,2,9000,1.00338983051
227866,227873,230031,7,2158,2,9000,1.00324374421
227878,227885,230021,7,2136,2,9000,1.00327715356
227889,227988,230235,99,2247,2,9000,1.04405874499
227992,228363,230585,371,2222,2,9000,1.16696669667
228004,228438,228818,434,380,4,36000,2.14210526316
228015,228504,228818,489,314,4,36000,2.55732484076
228041,228487,242270,446,13783,1,28800,1.03235870275
228272,228463,237002,191,8539,2,54000,1.02236795878
228363,228444,230660,81,2216,2,9000,1.03655234657
228447,228457,230742,10,2285,2,9000,1.00437636761
228458,228472,230628,14,2156,2,9000,1.00649350649
228470,228480,230857,10,2377,2,9000,1.00420698359
228482,228493,230770,11,2277,2,9000,1.00483091787
228497,228511,230589,14,2078,2,9000,1.00673724735
228518,228525,230836,7,2311,2,9000,1.00302899178
228530,228536,230637,6,2101,2,9000,1.00285578296
228545,228551,230763,6,2212,2,9000,1.0027124774
228557,228563,230727,6,2164,2,9000,1.00277264325
228568,228574,230765,6,2191,2,9000,1.00273847558
228579,228586,230714,7,2128,2,9000,1.00328947368
228591,228721,230783,130,2062,2,9000,1.06304558681
228725,228732,230805,7,2073,2,9000,1.00337674867
228736,228830,231015,94,2185,2,9000,1.04302059497
228830,228836,230877,6,2041,2,9000,1.00293973542
228834,228842,230478,8,1636,2,9000,1.00488997555
228846,228853,230584,7,1731,2,9000,1.00404390526
228857,228872,230644,15,1772,2,9000,1.00846501129
228868,228879,230735,11,1856,2,9000,1.00592672414
228879,228885,230645,6,1760,2,9000,1.00340909091
228890,228912,230839,22,1927,2,9000,1.01141670991
228912,228919,230716,7,1797,2,9000,1.00389538119
228923,229175,231022,252,1847,2,9000,1.13643746616
229061,229206,265251,145,36045,4,36000,1.00402274934
229116,229331,229961,215,630,1,28800,1.34126984127
229172,229779,231384,607,1605,1,7200,1.37819314642
229172,229191,230988,19,1797,2,9000,1.01057317752
229195,229248,230866,53,1618,2,9000,1.03275648949
229248,229266,230839,18,1573,2,9000,1.01144310235
229253,229973,246699,720,16726,15,43199,1.04304675356
229269,229285,230874,16,1589,2,9000,1.01006922593
229291,229637,231304,346,1667,2,9000,1.2075584883
229364,229751,237925,387,8174,2,54000,1.04734524101
229388,229452,265462,64,36010,4,36000,1.00177728409
229450,229808,265830,358,36022,4,36000,1.009938371
229716,229774,241275,58,11501,1,28800,1.00504303974
230129,230137,240318,8,10181,2,54000,1.00078577743
230219,230225,231865,6,1640,2,9000,1.00365853659
230230,230236,231915,6,1679,2,9000,1.00357355569
230241,230248,231924,7,1676,2,9000,1.00417661098
230252,230259,231936,7,1677,2,9000,1.00417412045
230263,230270,231942,7,1672,2,9000,1.00418660287
230274,230282,231944,8,1662,2,9000,1.00481347774
230286,230292,231974,6,1682,2,9000,1.00356718193
230297,230375,232065,78,1690,2,9000,1.04615384615
230328,230335,231559,7,1224,1,7200,1.00571895425
230380,230386,232062,6,1676,2,9000,1.00357995227
230391,230490,232164,99,1674,2,9000,1.05913978495
230495,230597,232277,102,1680,2,9000,1.06071428571
230601,230608,232277,7,1669,2,9000,1.00419412822
230612,230620,232290,8,1670,2,9000,1.00479041916
230624,230640,232315,16,1675,2,9000,1.00955223881
230646,230653,232327,7,1674,2,9000,1.00418160096
230657,230663,232347,6,1684,2,9000,1.00356294537
230670,230677,232352,7,1675,2,9000,1.00417910448
230681,230687,232369,6,1682,2,9000,1.00356718193
230692,230725,232411,33,1686,2,9000,1.01957295374
230725,230731,232412,6,1681,2,9000,1.00356930399
230737,230744,232438,7,1694,2,9000,1.0041322314
230742,230751,231755,9,1004,1,57600,1.00896414343
230749,230758,232464,9,1706,2,9000,1.00527549824
230760,230775,232467,15,1692,2,9000,1.00886524823
230773,230781,232450,8,1669,2,9000,1.00479328939
230784,230790,232453,6,1663,2,9000,1.00360793746
230795,230802,232512,7,1710,2,9000,1.00409356725
230807,230813,232519,6,1706,2,9000,1.00351699883
230827,230834,232507,7,1673,2,9000,1.00418410042
230835,230848,232518,13,1670,2,9000,1.00778443114
230846,230855,232510,9,1655,2,9000,1.00543806647
230857,230864,232538,7,1674,2,9000,1.00418160096
230869,230876,232570,7,1694,2,9000,1.0041322314
230880,230887,232572,7,1685,2,9000,1.00415430267
230892,230899,232620,7,1721,2,9000,1.00406740267
230903,230910,232605,7,1695,2,9000,1.00412979351
230915,230950,232621,35,1671,2,9000,1.02094554159
230947,230958,232621,11,1663,2,9000,1.00661455201
230958,230988,232667,30,1679,2,9000,1.01786777844
230990,231000,232668,10,1668,2,9000,1.00599520384
231001,231027,232706,26,1679,2,9000,1.01548540798
231023,231034,232686,11,1652,2,9000,1.00665859564
231027,231044,231109,17,65,1,10800,1.26153846154
231035,231160,232815,125,1655,2,9000,1.07552870091
231135,231141,231773,6,632,8,10800,1.00949367089
231162,231169,232856,7,1687,2,9000,1.00414937759
231173,231316,232963,143,1647,2,9000,1.08682452945
231318,231444,233116,126,1672,2,9000,1.07535885167
231442,231450,233148,8,1698,2,9000,1.00471142521
231452,231479,233138,27,1659,2,9000,1.01627486438
231480,231957,231986,477,29,4,36000,17.4482758621
231485,231492,233172,7,1680,2,9000,1.00416666667
231496,231503,233150,7,1647,2,9000,1.00425015179
231504,231985,236757,481,4772,2,14400,1.10079631182
231507,231597,233260,90,1663,2,9000,1.05411906194
231600,231608,233254,8,1646,2,9000,1.00486026731
231612,231637,233292,25,1655,2,9000,1.01510574018
231613,231997,232026,384,29,4,36000,14.2413793103
231633,231644,233290,11,1646,2,9000,1.00668286756
231645,231845,233485,200,1640,2,9000,1.12195121951
231789,231795,232448,6,653,8,10800,1.00918836141
231841,231852,233496,11,1644,2,9000,1.00669099757
231853,231877,233538,24,1661,2,9000,1.01444912703
231875,231927,233607,52,1680,2,9000,1.03095238095
231928,231936,233590,8,1654,2,9000,1.00483675937
231939,231950,233633,11,1683,2,9000,1.00653594771
231951,231978,233676,27,1698,2,9000,1.01590106007
231983,232039,233693,56,1654,2,9000,1.0338573156
232037,232046,233709,9,1663,2,9000,1.00541190619
232048,232074,233732,26,1658,2,9000,1.01568154403
232072,232081,233731,9,1650,2,9000,1.00545454545
232083,232176,233824,93,1648,2,9000,1.05643203883
232106,232289,235662,183,3373,4,36000,1.05425437296
232177,232302,234005,125,1703,2,9000,1.07339988256
232262,232483,235386,221,2903,4,36000,1.0761281433
232295,232366,240945,71,8579,2,54000,1.00827602285
232305,232327,233999,22,1672,2,9000,1.01315789474
232327,232339,234010,12,1671,2,9000,1.00718132855
232339,232359,234025,20,1666,2,9000,1.01200480192
232360,232430,233912,70,1482,1,7200,1.04723346829
232361,232381,234022,20,1641,2,9000,1.01218769043
232383,232423,234096,40,1673,2,9000,1.02390914525
232426,232450,234112,24,1662,2,9000,1.01444043321
232448,232462,234137,14,1675,2,9000,1.00835820896
232461,232469,234118,8,1649,2,9000,1.00485142511
232471,232477,233302,6,825,8,10800,1.00727272727
232474,232519,234183,45,1664,2,9000,1.02704326923
232518,232526,234214,8,1688,2,9000,1.00473933649
232529,232535,234179,6,1644,2,9000,1.00364963504
232540,232547,234236,7,1689,2,9000,1.00414446418
232551,232557,234239,6,1682,2,9000,1.00356718193
232562,232569,234226,7,1657,2,9000,1.00422450211
232573,232580,234226,7,1646,2,9000,1.0042527339
232585,232592,234252,7,1660,2,9000,1.00421686747
232596,232602,234258,6,1656,2,9000,1.00362318841
232608,232618,234286,10,1668,2,9000,1.00599520384
232619,232632,234294,13,1662,2,9000,1.00782190132
232630,232639,234310,9,1671,2,9000,1.00538599641
232641,232648,234311,7,1663,2,9000,1.00420926037
232653,232679,234325,26,1646,2,9000,1.01579586877
232675,232686,234334,11,1648,2,9000,1.00667475728
232688,232698,234380,10,1682,2,9000,1.00594530321
232700,232718,234372,18,1654,2,9000,1.01088270859
232722,232827,234493,105,1666,2,9000,1.06302521008
232786,232792,233234,6,442,1,7200,1.01357466063
232827,232869,234531,42,1662,2,9000,1.02527075812
232870,232974,234625,104,1651,2,9000,1.06299212598
232974,233127,234800,153,1673,2,9000,1.09145248057
233129,233150,234784,21,1634,2,9000,1.01285189718
233150,233160,234801,10,1641,2,9000,1.00609384522
233162,233168,234820,6,1652,2,9000,1.00363196126
233173,233183,234844,10,1661,2,9000,1.0060204696
233184,233190,234894,6,1704,2,9000,1.00352112676
233186,233265,234926,79,1661,2,9000,1.04756170981
233269,233275,234947,6,1672,2,9000,1.00358851675
233280,233301,234977,21,1676,2,9000,1.01252983294
233302,233308,234973,6,1665,2,9000,1.0036036036
233310,233317,234277,7,960,8,10800,1.00729166667
233313,233497,235183,184,1686,2,9000,1.10913404508
233498,233507,235185,9,1678,2,9000,1.00536352801
233510,233550,235220,40,1670,2,9000,1.02395209581
233552,233603,235270,51,1667,2,9000,1.03059388122
233604,233619,235269,15,1650,2,9000,1.00909090909
233615,233647,235342,32,1695,2,9000,1.01887905605
233648,233689,235369,41,1680,2,9000,1.0244047619
233690,233705,235366,15,1661,2,9000,1.00903070439
233701,233720,235394,19,1674,2,9000,1.01135005974
233723,233743,235401,20,1658,2,9000,1.01206272618
233745,233751,235407,6,1656,2,9000,1.00362318841
233756,233835,235514,79,1679,2,9000,1.04705181656
233841,233924,235605,83,1681,2,9000,1.0493753718
233923,234011,235706,88,1695,2,9000,1.05191740413
234006,234017,235666,11,1649,2,9000,1.00667070952
234020,234027,235693,7,1666,2,9000,1.00420168067
234032,234039,235677,7,1638,2,9000,1.00427350427
234043,234050,235710,7,1660,2,9000,1.00421686747
234054,234108,235816,54,1708,2,9000,1.03161592506
234106,234124,235812,18,1688,2,9000,1.01066350711
234130,234137,235829,7,1692,2,9000,1.00413711584
234141,234149,235788,8,1639,2,9000,1.00488102502
234152,234167,235808,15,1641,2,9000,1.00914076782
234163,234194,235884,31,1690,2,9000,1.01834319527
234196,234202,235851,6,1649,2,9000,1.00363856883
234206,234225,235965,19,1740,2,9000,1.01091954023
234228,234238,235943,10,1705,2,9000,1.00586510264
234240,234246,235911,6,1665,2,9000,1.0036036036
234250,234257,235909,7,1652,2,9000,1.00423728814
234261,234267,235965,6,1698,2,9000,1.0035335689
234272,234280,235941,8,1661,2,9000,1.00481637568
234284,234291,235936,7,1645,2,9000,1.00425531915
234295,234302,236026,7,1724,2,9000,1.00406032483
234298,234308,245211,10,10903,2,10800,1.00091717876
234306,234316,235996,10,1680,2,9000,1.00595238095
234319,234325,235985,6,1660,2,9000,1.00361445783
234330,234336,236005,6,1669,2,9000,1.00359496705
234342,234349,236047,7,1698,2,9000,1.00412249706
234352,234358,236059,6,1701,2,9000,1.00352733686
234363,234384,236102,21,1718,2,9000,1.01222351572
234385,234393,236085,8,1692,2,9000,1.00472813239
234396,234403,236062,7,1659,2,9000,1.00421940928
234408,234414,236096,6,1682,2,9000,1.00356718193
234419,234425,236076,6,1651,2,9000,1.00363416111
234430,234437,236111,7,1674,2,9000,1.00418160096
234441,234504,236212,63,1708,2,9000,1.0368852459
234456,234524,251835,68,17311,2,54000,1.00392813818
234504,234519,236145,15,1626,2,9000,1.00922509225
234515,234530,236173,15,1643,2,9000,1.0091296409
234526,234538,236176,12,1638,2,9000,1.00732600733
234537,234545,236250,8,1705,2,9000,1.00469208211
234548,234630,236251,82,1621,2,9000,1.05058605799
234632,234639,236302,7,1663,2,9000,1.00420926037
234643,234649,236345,6,1696,2,9000,1.00353773585
234654,234661,236357,7,1696,2,9000,1.00412735849
234665,234671,236391,6,1720,2,9000,1.00348837209
234676,234812,236509,136,1697,2,9000,1.08014142605
234694,234818,239498,124,4680,4,18000,1.0264957265
234694,234856,239592,162,4736,4,18000,1.03420608108
234695,234958,239684,263,4726,4,18000,1.05564959797
234696,234988,239681,292,4693,4,18000,1.06222032815
234697,235281,239961,584,4680,4,18000,1.12478632479
234698,235380,240235,682,4855,4,18000,1.14047373841
234699,235418,240155,719,4737,4,18000,1.15178382943
234701,235922,240742,1221,4820,4,18000,1.25331950207
234702,236022,241144,1320,5122,4,18000,1.25771183132
234851,234906,234914,55,8,2,600,6.3
235975,235982,237679,7,1697,2,9000,1.00412492634
235986,235993,237652,7,1659,2,9000,1.00421940928
235998,236005,237690,7,1685,2,9000,1.00415430267
236009,236016,237731,7,1715,2,9000,1.00408163265
236020,236030,237734,10,1704,2,9000,1.0058685446
236031,236037,237711,6,1674,2,9000,1.00358422939
236041,236049,237742,8,1693,2,9000,1.00472533963
236053,236059,237813,6,1754,2,9000,1.00342075257
236063,236070,237732,7,1662,2,9000,1.00421179302
236067,236076,237745,9,1669,2,9000,1.00539245057
236078,236085,237757,7,1672,2,9000,1.00418660287
236090,236097,237768,7,1671,2,9000,1.00418910832
236101,236108,237784,7,1676,2,9000,1.00417661098
236113,236119,237804,6,1685,2,9000,1.00356083086
236125,236131,237805,6,1674,2,9000,1.00358422939
236136,236143,237801,7,1658,2,9000,1.00422195416
236148,236155,237815,7,1660,2,9000,1.00421686747
236159,236165,237836,6,1671,2,9000,1.00359066427
236170,236177,237855,7,1678,2,9000,1.0041716329
236181,236189,237873,8,1684,2,9000,1.00475059382
236194,236201,237887,7,1686,2,9000,1.00415183867
236196,236209,237857,13,1648,2,9000,1.00788834951
236212,236219,237850,7,1631,2,9000,1.00429184549
236223,236229,237850,6,1621,2,9000,1.00370141888
236234,236240,237880,6,1640,2,9000,1.00365853659
236245,236252,237905,7,1653,2,9000,1.00423472474
236259,236265,237914,6,1649,2,9000,1.00363856883
236270,236276,237936,6,1660,2,9000,1.00361445783
236281,236287,237932,6,1645,2,9000,1.00364741641
236292,236298,237947,6,1649,2,9000,1.00363856883
236294,236305,237919,11,1614,2,9000,1.00681536555
236305,236312,237938,7,1626,2,9000,1.00430504305
236316,236324,237942,8,1618,2,9000,1.00494437577
236320,236352,237164,32,812,1,7200,1.039408867
236320,236358,236771,38,413,1,7200,1.09200968523
236320,236345,236614,25,269,1,7200,1.09293680297
236320,236339,236584,19,245,1,7200,1.07755102041
236320,236334,236473,14,139,1,7200,1.10071942446
236321,236371,236964,50,593,1,7200,1.08431703204
236321,236382,237515,61,1133,1,7200,1.05383936452
236321,236363,237229,42,866,1,7200,1.04849884527
236321,236376,237506,55,1130,1,7200,1.04867256637
236322,236387,237151,65,764,1,7200,1.08507853403
236322,236393,237431,71,1038,1,7200,1.06840077071
236322,236404,237677,82,1273,1,7200,1.06441476826
236322,236399,238055,77,1656,1,7200,1.04649758454
236323,236429,237236,106,807,1,7200,1.13135068154
236323,236422,237751,99,1329,1,7200,1.07449209932
236323,236410,237417,87,1007,1,7200,1.08639523337
236323,236416,237144,93,728,1,7200,1.12774725275
236324,236458,238094,134,1636,1,7200,1.08190709046
236324,236440,238017,116,1577,1,7200,1.07355738744
236324,236434,236871,110,437,1,7200,1.25171624714
236329,236447,238089,118,1642,2,9000,1.071863581
236339,236452,244795,113,8343,2,36000,1.01354428863
236444,236465,238147,21,1682,2,9000,1.01248513674
236466,236473,238100,7,1627,2,9000,1.00430239705
236477,236484,238110,7,1626,2,9000,1.00430504305
236489,236495,238104,6,1609,2,9000,1.00372902424
236500,236507,238125,7,1618,2,9000,1.0043263288
236503,236513,238146,10,1633,2,9000,1.00612369871
236516,236523,238141,7,1618,2,9000,1.0043263288
236527,236533,238151,6,1618,2,9000,1.00370828183
236538,236545,238163,7,1618,2,9000,1.0043263288
236549,236557,238188,8,1631,2,9000,1.00490496628
236560,236567,238183,7,1616,2,9000,1.00433168317
236571,236578,238242,7,1664,2,9000,1.00420673077
236582,236588,238251,6,1663,2,9000,1.00360793746
236584,236594,238243,10,1649,2,9000,1.00606428138
236596,236603,238266,7,1663,2,9000,1.00420926037
236607,236613,238294,6,1681,2,9000,1.00356930399
236609,236619,238339,10,1720,2,9000,1.00581395349
236621,236630,238214,9,1584,2,9000,1.00568181818
236632,236680,238345,48,1665,2,9000,1.02882882883
236685,236693,238379,8,1686,2,9000,1.00474495848
236697,236704,238398,7,1694,2,9000,1.0041322314
236708,236716,238307,8,1591,2,9000,1.0050282841
236720,236726,238336,6,1610,2,9000,1.00372670807
236731,236737,238377,6,1640,2,9000,1.00365853659
236742,236749,238379,7,1630,2,9000,1.00429447853
236753,236759,238434,6,1675,2,9000,1.00358208955
236764,236772,238459,8,1687,2,9000,1.00474214582
236775,236887,238550,112,1663,2,9000,1.06734816597
236891,237014,238661,123,1647,2,9000,1.07468123862
237015,237160,238794,145,1634,2,9000,1.08873929009
237160,237180,238821,20,1641,2,9000,1.01218769043
237182,237253,238964,71,1711,2,9000,1.04149620105
237254,237447,239180,193,1733,2,9000,1.11136757069
237450,237531,239208,81,1677,2,9000,1.04830053667
237533,237621,239366,88,1745,2,9000,1.05042979943
237617,237665,239446,48,1781,2,9000,1.02695115104
237670,237691,239377,21,1686,2,9000,1.01245551601
237692,237702,239406,10,1704,2,9000,1.0058685446
237704,237723,239474,19,1751,2,9000,1.01085094232
237725,237743,239407,18,1664,2,9000,1.01081730769
237746,237753,239590,7,1837,2,9000,1.0038105607
237757,237765,239553,8,1788,2,9000,1.00447427293
237768,237775,239545,7,1770,2,9000,1.00395480226
237780,237786,239567,6,1781,2,9000,1.00336889388
237791,237797,239585,6,1788,2,9000,1.0033557047
237802,237808,239518,6,1710,2,9000,1.00350877193
237814,237820,239530,6,1710,2,9000,1.00350877193
237825,237831,239576,6,1745,2,9000,1.00343839542
237836,237843,239500,7,1657,2,9000,1.00422450211
237848,237855,239596,7,1741,2,9000,1.00402067777
237860,237867,239666,7,1799,2,9000,1.00389105058
237872,237879,239589,7,1710,2,9000,1.00409356725
237883,237890,239787,7,1897,2,9000,1.0036900369
237895,237902,239681,7,1779,2,9000,1.00393479483
237911,237918,239735,7,1817,2,9000,1.00385250413
237923,237930,239577,7,1647,2,9000,1.00425015179
237934,237941,239558,7,1617,2,9000,1.00432900433
237947,237953,239657,6,1704,2,9000,1.00352112676
237958,237966,239701,8,1735,2,9000,1.00461095101
237970,237976,239703,6,1727,2,9000,1.00347423277
237981,237988,239764,7,1776,2,9000,1.00394144144
237983,237994,266834,11,28840,16,28800,1.0003814147
237992,238000,239809,8,1809,2,9000,1.00442233278
238004,238072,239990,68,1918,2,9000,1.0354535975
238029,240134,268977,2105,28843,16,28800,1.07298131262
238076,238102,239912,26,1810,2,9000,1.01436464088
238098,238111,239853,13,1742,2,9000,1.00746268657
238110,238119,239891,9,1772,2,9000,1.00507900677
238121,238127,239857,6,1730,2,9000,1.00346820809
238133,238140,239843,7,1703,2,9000,1.00411039342
238144,238153,239919,9,1766,2,9000,1.00509626274
238156,238162,240042,6,1880,2,9000,1.00319148936
238168,238174,239921,6,1747,2,9000,1.00343445907
238179,238185,240042,6,1857,2,9000,1.00323101777
238191,238197,240049,6,1852,2,9000,1.00323974082
238201,238208,240096,7,1888,2,9000,1.00370762712
238212,238220,240044,8,1824,2,9000,1.00438596491
238224,238231,239913,7,1682,2,9000,1.00416171225
238236,238254,240042,18,1788,2,9000,1.01006711409
238257,238264,239909,7,1645,2,9000,1.00425531915
238268,238275,239987,7,1712,2,9000,1.00408878505
238279,238287,240041,8,1754,2,9000,1.00456100342
238284,243986,272807,5702,28821,16,28800,1.19784185143
238290,238305,240045,15,1740,2,9000,1.00862068966
238302,238320,240122,18,1802,2,9000,1.00998890122
238324,238347,240139,23,1792,2,9000,1.01283482143
238345,238355,240119,10,1764,2,9000,1.00566893424
238357,238364,240096,7,1732,2,9000,1.00404157044
238367,238389,240099,22,1710,2,9000,1.01286549708
238389,238395,240171,6,1776,2,9000,1.00337837838
238400,238407,240100,7,1693,2,9000,1.00413467218
238411,238419,240182,8,1763,2,9000,1.0045377198
238422,238445,240259,23,1814,2,9000,1.01267916207
238444,238471,240103,27,1632,2,9000,1.01654411765
238477,238562,240234,85,1672,2,9000,1.05083732057
238560,238672,240403,112,1731,2,9000,1.06470248411
238674,238806,240530,132,1724,2,9000,1.07656612529
238735,238839,240868,104,2029,1,3600,1.05125677674
238735,238845,241246,110,2401,1,3600,1.04581424406
238735,238742,240003,7,1261,1,3600,1.00555114988
238736,239550,241705,814,2155,1,3600,1.3777262181
238736,239523,243122,787,3599,1,3600,1.21867185329
238736,239518,241863,782,2345,1,3600,1.33347547974
238737,239559,242822,822,3263,1,3600,1.25191541526
238737,239571,242610,834,3039,1,3600,1.27443237907
238737,239577,242104,840,2527,1,3600,1.3324099723
238738,239595,241499,857,1904,1,3600,1.45010504202
238738,239608,243084,870,3476,1,3600,1.250287687
238738,239589,243209,851,3620,1,3600,1.23508287293
238738,239613,243235,875,3622,1,3600,1.24157923799
238739,239630,241442,891,1812,1,3600,1.4917218543
238739,239624,243227,885,3603,1,3600,1.2456286428
238739,239619,241899,880,2280,1,3600,1.38596491228
238740,239641,242643,901,3002,1,3600,1.3001332445
238740,239635,243248,895,3613,1,3600,1.24771657902
238740,239669,243303,929,3634,1,3600,1.25564116676
238740,239647,241539,907,1892,1,3600,1.47938689218
238808,238834,240598,26,1764,2,9000,1.01473922902
238830,238852,240749,22,1897,2,9000,1.01159725883
238851,238975,240932,124,1957,2,9000,1.06336228922
238976,239192,240850,216,1658,2,9000,1.1302774427
239194,239220,241053,26,1833,2,9000,1.01418439716
239217,239378,241039,161,1661,2,9000,1.09692956051
239382,239391,241161,9,1770,2,9000,1.00508474576
239393,239418,241077,25,1659,2,9000,1.01506931887
239416,239425,241068,9,1643,2,9000,1.00547778454
239427,239458,241272,31,1814,2,9000,1.0170893054
239459,239486,241352,27,1866,2,9000,1.01446945338
239492,239511,241289,19,1778,2,9000,1.01068616423
239513,239531,241445,18,1914,2,9000,1.00940438871
239535,239542,241303,7,1761,2,9000,1.0039750142
239547,239566,241260,19,1694,2,9000,1.01121605667
239569,239584,241299,15,1715,2,9000,1.00874635569
239580,239602,241363,22,1761,2,9000,1.01249290176
239602,239654,241489,52,1835,2,9000,1.02833787466
239655,239662,241532,7,1870,2,9000,1.00374331551
239666,239676,241374,10,1698,2,9000,1.00588928151
239679,239685,241403,6,1718,2,9000,1.00349243306
239696,298852,385267,59156,86415,24,86400,1.68455707921
239696,239702,241471,6,1769,2,9000,1.00339174675
239708,239715,241419,7,1704,2,9000,1.00410798122
239735,239742,241428,7,1686,2,9000,1.00415183867
239747,239754,241544,7,1790,2,9000,1.00391061453
239758,239764,241645,6,1881,2,9000,1.00318979266
239769,239776,241613,7,1837,2,9000,1.0038105607
239780,239788,241660,8,1872,2,9000,1.00427350427
239792,239798,241637,6,1839,2,9000,1.00326264274
239803,239809,241579,6,1770,2,9000,1.00338983051
239814,239820,241551,6,1731,2,9000,1.00346620451
239825,239831,241606,6,1775,2,9000,1.00338028169
239836,239856,241670,20,1814,2,9000,1.01102535832
239857,239867,241716,10,1849,2,9000,1.00540832883
239868,239875,241622,7,1747,2,9000,1.00400686892
239879,239903,241646,24,1743,2,9000,1.01376936317
239902,239926,241604,24,1678,2,9000,1.01430274136
239923,239933,241729,10,1796,2,9000,1.00556792873
239934,239941,241681,7,1740,2,9000,1.00402298851
239946,239953,241675,7,1722,2,9000,1.00406504065
239957,239963,241804,6,1841,2,9000,1.00325909832
239968,239975,241876,7,1901,2,9000,1.00368227249
239979,239986,241876,7,1890,2,9000,1.0037037037
239990,240000,241848,10,1848,2,9000,1.00541125541
240003,240009,241722,6,1713,2,9000,1.00350262697
240038,240044,241761,6,1717,2,9000,1.00349446709
240052,240059,241787,7,1728,2,9000,1.00405092593
240063,240070,241854,7,1784,2,9000,1.00392376682
240074,240081,241952,7,1871,2,9000,1.0037413148
240085,240092,241933,7,1841,2,9000,1.00380228137
240096,240103,241836,7,1733,2,9000,1.00403923832
240120,240126,241775,6,1649,2,9000,1.00363856883
240133,240151,242080,18,1929,2,9000,1.00933125972
240154,240168,241914,14,1746,2,9000,1.00801832761
240166,240175,241911,9,1736,2,9000,1.0051843318
240178,240184,241958,6,1774,2,9000,1.00338218715
240190,240198,241979,8,1781,2,9000,1.00449185851
240202,240246,241922,44,1676,2,9000,1.02625298329
240244,240253,242001,9,1748,2,9000,1.00514874142
240255,240262,242074,7,1812,2,9000,1.00386313466
240267,240273,242118,6,1845,2,9000,1.00325203252
240278,240329,242144,51,1815,2,9000,1.02809917355
240331,240414,242243,83,1829,2,9000,1.04537998907
240414,240544,242212,130,1668,2,9000,1.07793764988
240549,240611,242380,62,1769,2,9000,1.03504804975
240612,240755,242572,143,1817,2,9000,1.07870115575
240756,240763,242631,7,1868,2,9000,1.00374732334
240768,240774,242494,6,1720,2,9000,1.00348837209
240779,240863,242558,84,1695,2,9000,1.04955752212
240862,240943,242747,81,1804,2,9000,1.04490022173
240946,240957,242875,11,1918,2,9000,1.00573514077
240957,241051,243022,94,1971,2,9000,1.04769152714
241051,241065,242808,14,1743,2,9000,1.00803212851
241063,241080,242981,17,1901,2,9000,1.00894266176
241084,241090,242754,6,1664,2,9000,1.00360576923
241095,241156,243020,61,1864,2,9000,1.03272532189
241158,241165,242799,7,1634,2,9000,1.00428396573
241169,241176,242880,7,1704,2,9000,1.00410798122
241180,241263,243033,83,1770,2,9000,1.04689265537
241263,241271,243002,8,1731,2,9000,1.00462160601
241274,241283,243092,9,1809,2,9000,1.00497512438
241285,241300,243097,15,1797,2,9000,1.00834724541
241297,241311,243172,14,1861,2,9000,1.00752283718
241312,241318,243244,6,1926,2,9000,1.0031152648
241323,241365,243120,42,1755,2,9000,1.02393162393
241367,241374,243268,7,1894,2,9000,1.00369588173
241378,241387,243295,9,1908,2,9000,1.00471698113
241389,241416,243216,27,1800,2,9000,1.015
241421,241432,243209,11,1777,2,9000,1.00619020822
241434,241440,243195,6,1755,2,9000,1.00341880342
241445,241456,243265,11,1809,2,9000,1.00608070757
241456,241464,243359,8,1895,2,9000,1.00422163588
241467,241488,243437,21,1949,2,9000,1.01077475629
241491,241502,243488,11,1986,2,9000,1.0055387714
241508,241544,243357,36,1813,2,9000,1.01985659129
241540,241555,243418,15,1863,2,9000,1.00805152979
241553,241562,243359,9,1797,2,9000,1.00500834725
241564,241571,243463,7,1892,2,9000,1.00369978858
241575,241591,243309,16,1718,2,9000,1.00931315483
241596,241616,243251,20,1635,2,9000,1.0122324159
241621,241627,243187,6,1560,2,9000,1.00384615385
241632,241639,243297,7,1658,2,9000,1.00422195416
241645,241651,243445,6,1794,2,9000,1.00334448161
241656,241663,243489,7,1826,2,9000,1.00383351588
241668,241675,243661,7,1986,2,9000,1.00352467271
241681,241688,243553,7,1865,2,9000,1.00375335121
241693,241699,243677,6,1978,2,9000,1.00303336704
241704,241711,243620,7,1909,2,9000,1.00366684128
241715,241722,243561,7,1839,2,9000,1.00380641653
241726,241733,243629,7,1896,2,9000,1.00369198312
241737,241743,243612,6,1869,2,9000,1.00321027287
241749,241756,243649,7,1893,2,9000,1.00369783413
241760,241767,243585,7,1818,2,9000,1.00385038504
241772,241779,243331,7,1552,2,9000,1.00451030928
241783,241790,243494,7,1704,2,9000,1.00410798122
241795,241801,243368,6,1567,2,9000,1.00382897256
241806,241816,243572,10,1756,2,9000,1.00569476082
241817,241847,243597,30,1750,2,9000,1.01714285714
241849,241860,243669,11,1809,2,9000,1.00608070757
241861,241867,243743,6,1876,2,9000,1.00319829424
241872,241878,243654,6,1776,2,9000,1.00337837838
241884,241891,243698,7,1807,2,9000,1.00387382402
241895,241902,243771,7,1869,2,9000,1.00374531835
241907,241922,243793,15,1871,2,9000,1.00801710315
241918,241930,243682,12,1752,2,9000,1.00684931507
241930,241936,243780,6,1844,2,9000,1.0032537961
241941,241948,243757,7,1809,2,9000,1.00386954118
241952,241964,243834,12,1870,2,9000,1.0064171123
241964,241971,243426,7,1455,2,9000,1.00481099656
241976,241991,243797,15,1806,2,9000,1.00830564784
241987,242013,243859,26,1846,2,9000,1.01408450704
242010,242085,243828,75,1743,2,9000,1.0430292599
242084,242092,243887,8,1795,2,9000,1.00445682451
242097,242119,244001,22,1882,2,9000,1.01168969182
242119,242130,243974,11,1844,2,9000,1.00596529284
242130,242156,243977,26,1821,2,9000,1.0142778693
242152,242223,244104,71,1881,2,9000,1.03774587985
242225,242255,244131,30,1876,2,9000,1.01599147122
242256,242392,244209,136,1817,2,9000,1.07484865162
242392,242505,244382,113,1877,2,9000,1.06020245072
242507,242570,244366,63,1796,2,9000,1.035077951
242570,242585,244391,15,1806,2,9000,1.00830564784
242582,242627,244424,45,1797,2,9000,1.02504173623
242624,242643,244517,19,1874,2,9000,1.01013874066
242646,242759,244643,113,1884,2,9000,1.05997876858
242759,242766,244599,7,1833,2,9000,1.00381887616
242770,242812,244630,42,1818,2,9000,1.02310231023
242812,242819,244704,7,1885,2,9000,1.00371352785
242823,242837,244679,14,1842,2,9000,1.00760043431
242835,242887,244818,52,1931,2,9000,1.0269290523
242887,242895,244731,8,1836,2,9000,1.00435729847
242898,242992,244778,94,1786,2,9000,1.05263157895
242992,243014,244837,22,1823,2,9000,1.01206801975
243015,243032,244817,17,1785,2,9000,1.00952380952
243037,243044,244917,7,1873,2,9000,1.00373731981
243048,243054,244885,6,1831,2,9000,1.00327689787
243059,243104,244915,45,1811,2,9000,1.02484815019
243101,243111,244953,10,1842,2,9000,1.00542888165
243113,243132,244912,19,1780,2,9000,1.0106741573
243135,243143,245024,8,1881,2,9000,1.00425305688
243147,243183,245007,36,1824,2,9000,1.01973684211
243189,243199,245045,10,1846,2,9000,1.00541711809
243200,243208,244932,8,1724,2,9000,1.00464037123
243211,243221,245127,10,1906,2,9000,1.00524658972
243223,243230,245058,7,1828,2,9000,1.00382932166
243234,243246,244973,12,1727,2,9000,1.00694846555
243245,243257,245047,12,1790,2,9000,1.00670391061
243259,243266,245068,7,1802,2,9000,1.0038845727
243270,243277,245104,7,1827,2,9000,1.00383141762
243281,243288,245132,7,1844,2,9000,1.00379609544
243293,243300,245113,7,1813,2,9000,1.00386100386
243304,243311,245112,7,1801,2,9000,1.00388672959
243316,243323,245204,7,1881,2,9000,1.00372142477
243327,243334,245112,7,1778,2,9000,1.00393700787
243340,243347,245136,7,1789,2,9000,1.00391280045
243351,243369,245224,18,1855,2,9000,1.00970350404
243372,243380,245193,8,1813,2,9000,1.00441257584
243384,243391,245262,7,1871,2,9000,1.0037413148
243396,243403,245202,7,1799,2,9000,1.00389105058
243407,243430,245225,23,1795,2,9000,1.01281337047
243429,243437,245188,8,1751,2,9000,1.00456881782
243440,243449,245337,9,1888,2,9000,1.00476694915
243454,243461,245329,7,1868,2,9000,1.00374732334
243465,243475,245283,10,1808,2,9000,1.00553097345
243476,243500,245287,24,1787,2,9000,1.01343033016
243498,243507,245350,9,1843,2,9000,1.00488334238
243509,243515,245313,6,1798,2,9000,1.00333704116
243521,243564,245294,43,1730,2,9000,1.02485549133
243564,243574,245424,10,1850,2,9000,1.00540540541
243575,243585,245399,10,1814,2,9000,1.00551267916
243586,243598,245389,12,1791,2,9000,1.0067001675
243597,243610,245396,13,1786,2,9000,1.00727883539
243608,243623,245382,15,1759,2,9000,1.00852757248
243619,243633,245465,14,1832,2,9000,1.0076419214
243630,243642,245508,12,1866,2,9000,1.00643086817
243641,243661,245428,20,1767,2,9000,1.01131861913
243664,243671,245434,7,1763,2,9000,1.00397050482
243676,243683,245521,7,1838,2,9000,1.00380848749
243687,243694,245473,7,1779,2,9000,1.00393479483
244425,244432,246102,7,1670,2,9000,1.00419161677
244437,244443,246123,6,1680,2,9000,1.00357142857
244448,244455,246116,7,1661,2,9000,1.00421432872
244460,244467,246124,7,1657,2,9000,1.00422450211
244471,244478,246117,7,1639,2,9000,1.00427089689
244482,244488,246135,6,1647,2,9000,1.00364298725
244493,244501,246144,8,1643,2,9000,1.00486914181
244505,244511,246162,6,1651,2,9000,1.00363416111
244516,244523,246169,7,1646,2,9000,1.0042527339
244527,244533,246161,6,1628,2,9000,1.00368550369
244538,244544,246199,6,1655,2,9000,1.00362537764
244550,244557,246176,7,1619,2,9000,1.00432365658
244561,244567,246152,6,1585,2,9000,1.00378548896
244564,244574,246172,10,1598,2,9000,1.00625782228
244575,244581,246170,6,1589,2,9000,1.00377595972
244586,244593,246219,7,1626,2,9000,1.00430504305
244597,244603,246189,6,1586,2,9000,1.00378310214
244608,244615,246209,7,1594,2,9000,1.00439146801
244619,244641,246253,22,1612,2,9000,1.01364764268
244643,244656,246274,13,1618,2,9000,1.00803461063
244654,244691,246318,37,1627,2,9000,1.02274124155
244696,244708,246332,12,1624,2,9000,1.00738916256
244707,244714,246340,7,1626,2,9000,1.00430504305
244718,244725,246347,7,1622,2,9000,1.00431565968
244723,244743,246380,20,1637,2,9000,1.01221747098
244749,244791,246449,42,1658,2,9000,1.02533172497
244791,244807,246472,16,1665,2,9000,1.00960960961
244802,244829,246459,27,1630,2,9000,1.01656441718
244834,244840,246380,6,1540,2,9000,1.0038961039
244837,244848,246409,11,1561,2,9000,1.00704676489
244848,244897,246494,49,1597,2,9000,1.03068252974
244902,244924,246439,22,1515,2,9000,1.01452145215
244926,244932,246570,6,1638,2,9000,1.00366300366
244937,244943,246514,6,1571,2,9000,1.00381922342
244951,244958,246510,7,1552,2,9000,1.00451030928
244964,244970,246440,6,1470,2,9000,1.00408163265
244975,244985,246533,10,1548,2,9000,1.00645994832
244986,245020,246508,34,1488,2,9000,1.02284946237
245018,245035,246457,17,1422,2,9000,1.01195499297
245039,245057,246539,18,1482,2,9000,1.01214574899
245061,245067,246574,6,1507,2,9000,1.00398142004
245072,245079,246570,7,1491,2,9000,1.00469483568
245083,245089,246546,6,1457,2,9000,1.00411805079
245095,245116,246563,21,1447,2,9000,1.01451278507
245116,245123,246665,7,1542,2,9000,1.00453955901
245128,245135,246637,7,1502,2,9000,1.00466045273
245140,245147,246669,7,1522,2,9000,1.00459921156
245151,245157,246664,6,1507,2,9000,1.00398142004
245162,245169,246658,7,1489,2,9000,1.00470114171
245173,245180,246678,7,1498,2,9000,1.0046728972
245184,245200,246677,16,1477,2,9000,1.01083276913
245195,245207,246703,12,1496,2,9000,1.00802139037
245206,245215,246668,9,1453,2,9000,1.00619408121
245217,245224,246814,7,1590,2,9000,1.00440251572
245229,245238,246870,9,1632,2,9000,1.00551470588
245240,245247,246840,7,1593,2,9000,1.00439422473
245251,245273,246863,22,1590,2,9000,1.01383647799
245273,245294,246853,21,1559,2,9000,1.01347017319
245294,245302,246800,8,1498,2,9000,1.00534045394
245306,245313,246902,7,1589,2,9000,1.00440528634
245317,245325,246899,8,1574,2,9000,1.00508259212
245331,245341,246882,10,1541,2,9000,1.00648929267
245342,245351,246835,9,1484,2,9000,1.00606469003
245354,245361,246840,7,1479,2,9000,1.00473292765
245365,245393,246845,28,1452,2,9000,1.01928374656
245397,245403,246918,6,1515,2,9000,1.00396039604
245410,245417,246841,7,1424,2,9000,1.00491573034
245421,245428,246799,7,1371,2,9000,1.00510576222
245433,245440,246958,7,1518,2,9000,1.0046113307
245444,245452,246902,8,1450,2,9000,1.00551724138
245456,245463,246928,7,1465,2,9000,1.004778157
245467,245477,246925,10,1448,2,9000,1.00690607735
245478,245486,246976,8,1490,2,9000,1.00536912752
245489,245520,246959,31,1439,2,9000,1.02154273801
245521,245532,247155,11,1623,2,9000,1.0067775724
245532,246115,247670,583,1555,2,9000,1.37491961415
246118,246128,247643,10,1515,2,9000,1.00660066007
246132,246139,247679,7,1540,2,9000,1.00454545455
246144,246150,247543,6,1393,2,9000,1.00430725054
246155,246161,247782,6,1621,2,9000,1.00370141888
246166,246173,247731,7,1558,2,9000,1.00449293967
246177,246183,246187,6,4,2,3540,1.0
246179,246191,247701,12,1510,2,9000,1.00794701987
246190,246198,247683,8,1485,2,9000,1.00538720539
246201,246208,247664,7,1456,2,9000,1.00480769231
246212,246219,247803,7,1584,2,9000,1.00441919192
246223,246230,247820,7,1590,2,9000,1.00440251572
246234,246241,247751,7,1510,2,9000,1.00463576159
246245,246251,247731,6,1480,2,9000,1.00405405405
246256,246262,247742,6,1480,2,9000,1.00405405405
246267,246274,247711,7,1437,2,9000,1.00487125957
246278,246285,247869,7,1584,2,9000,1.00441919192
246289,246295,247798,6,1503,2,9000,1.00399201597
246300,246307,247907,7,1600,2,9000,1.004375
246311,246318,247820,7,1502,2,9000,1.00466045273
246322,246328,247805,6,1477,2,9000,1.00406228842
246333,246340,247839,7,1499,2,9000,1.00466977985
246344,246351,247791,7,1440,2,9000,1.00486111111
246356,246362,247982,6,1620,2,9000,1.0037037037
246367,246373,248002,6,1629,2,9000,1.00368324125
246379,246393,247931,14,1538,2,9000,1.00910273082
246390,246399,247995,9,1596,2,9000,1.00563909774
246401,246421,247965,20,1544,2,9000,1.01295336788
246422,246451,247887,29,1436,2,9000,1.02019498607
246454,246460,247928,6,1468,2,9000,1.00408719346
246466,246473,247851,7,1378,2,9000,1.00507982583
246468,246480,248096,12,1616,2,9000,1.00742574257
246480,246486,248086,6,1600,2,9000,1.00375
246493,246499,248141,6,1642,2,9000,1.00365408039
246504,246510,248073,6,1563,2,9000,1.00383877159
246515,246521,248053,6,1532,2,9000,1.00391644909
246532,246538,248036,6,1498,2,9000,1.00400534045
246543,246550,248196,7,1646,2,9000,1.0042527339
246554,246561,247991,7,1430,2,9000,1.0048951049
246565,246573,247977,8,1404,2,9000,1.0056980057
246577,246584,248027,7,1443,2,9000,1.00485100485
246588,246595,248318,7,1723,2,9000,1.00406268137
246599,246605,248196,6,1591,2,9000,1.00377121307
246611,246618,248259,7,1641,2,9000,1.00426569165
246622,246630,248254,8,1624,2,9000,1.00492610837
246635,246649,248254,14,1605,2,9000,1.00872274143
246647,246670,248395,23,1725,2,9000,1.01333333333
246670,246676,248268,6,1592,2,9000,1.00376884422
246681,246687,248250,6,1563,2,9000,1.00383877159
246692,246698,248219,6,1521,2,9000,1.00394477318
246703,246712,248297,9,1585,2,9000,1.00567823344
246723,246730,248262,7,1532,2,9000,1.0045691906
246735,246742,248311,7,1569,2,9000,1.00446144041
246746,246753,248286,7,1533,2,9000,1.00456621005
246757,246764,248203,7,1439,2,9000,1.00486448923
246768,246775,248232,7,1457,2,9000,1.00480439259
246779,246786,248425,7,1639,2,9000,1.00427089689
246790,246796,248523,6,1727,2,9000,1.00347423277
246801,246807,248492,6,1685,2,9000,1.00356083086
246813,246820,248392,7,1572,2,9000,1.00445292621
246824,246831,248371,7,1540,2,9000,1.00454545455
246836,246842,248486,6,1644,2,9000,1.00364963504
246849,246855,248390,6,1535,2,9000,1.00390879479
246860,246866,248393,6,1527,2,9000,1.00392927308
246871,246879,248436,8,1557,2,9000,1.00513808606
246884,246890,248428,6,1538,2,9000,1.00390117035
246895,246901,248424,6,1523,2,9000,1.00393959291
246907,246913,248515,6,1602,2,9000,1.00374531835
246919,246926,248543,7,1617,2,9000,1.00432900433
246930,246937,248444,7,1507,2,9000,1.00464499005
246941,246947,248405,6,1458,2,9000,1.00411522634
246952,246959,248723,7,1764,2,9000,1.00396825397
246964,246970,248731,6,1761,2,9000,1.00340715503
246976,246983,248642,7,1659,2,9000,1.00421940928
246988,246995,248593,7,1598,2,9000,1.00438047559
246999,247005,248539,6,1534,2,9000,1.00391134289
247010,247018,248590,8,1572,2,9000,1.00508905852
247021,247028,248583,7,1555,2,9000,1.00450160772
247033,247039,248599,6,1560,2,9000,1.00384615385
247044,247051,248500,7,1449,2,9000,1.00483091787
247055,247062,248592,7,1530,2,9000,1.0045751634
247066,247073,248458,7,1385,2,9000,1.00505415162
247077,247166,248808,89,1642,2,9000,1.05420219245
247170,247555,249116,385,1561,2,9000,1.2466367713
248035,248042,249507,7,1465,2,9000,1.004778157
248046,248053,249494,7,1441,2,9000,1.00485773768
248057,248063,249458,6,1395,2,9000,1.00430107527
248068,248076,249474,8,1398,2,9000,1.00572246066
248080,248086,249537,6,1451,2,9000,1.00413507926
248092,248099,249553,7,1454,2,9000,1.00481430536
248103,248110,249540,7,1430,2,9000,1.0048951049
248114,248121,249767,7,1646,2,9000,1.0042527339
248125,248131,249832,6,1701,2,9000,1.00352733686
248136,248144,249786,8,1642,2,9000,1.00487210719
248148,248155,249775,7,1620,2,9000,1.00432098765
248160,248167,249887,7,1720,2,9000,1.00406976744
248172,248179,249787,7,1608,2,9000,1.00435323383
248182,248188,249779,6,1591,2,9000,1.00377121307
248194,248201,249740,7,1539,2,9000,1.00454840806
248205,248212,249706,7,1494,2,9000,1.0046854083
248216,248224,249762,8,1538,2,9000,1.00520156047
248228,248234,249830,6,1596,2,9000,1.0037593985
248240,248246,250029,6,1783,2,9000,1.00336511497
248251,248258,249864,7,1606,2,9000,1.00435865504
248425,248431,251331,6,2900,2,7200,1.00206896552
248426,248437,251309,11,2872,2,7200,1.00383008357
248428,248443,251711,15,3268,2,7200,1.00458996328
248429,248448,251530,19,3082,2,7200,1.00616482803
248430,248453,251541,23,3088,2,7200,1.00744818653
248432,248459,251504,27,3045,2,7200,1.00886699507
248433,248465,251638,32,3173,2,7200,1.01008509297
248435,248471,251619,36,3148,2,7200,1.01143583227
248437,248476,251464,39,2988,2,7200,1.01305220884
248438,248481,251282,43,2801,2,7200,1.01535166012
248440,248487,251425,47,2938,2,7200,1.01599727706
248508,248515,251259,7,2744,2,7200,1.00255102041
248510,248521,251727,11,3206,2,7200,1.00343106675
248511,248527,251356,16,2829,2,7200,1.00565570873
248513,248551,251591,38,3040,2,7200,1.0125
248514,248595,251640,81,3045,2,7200,1.02660098522
248865,248871,250625,6,1754,2,9000,1.00342075257
248866,248877,250504,11,1627,2,9000,1.00676090965
248876,248883,250497,7,1614,2,9000,1.00433705081
248877,248889,250531,12,1642,2,9000,1.00730816078
248888,248896,250634,8,1738,2,9000,1.00460299194
248899,248905,250571,6,1666,2,9000,1.00360144058
248910,248917,250576,7,1659,2,9000,1.00421940928
248921,248928,250536,7,1608,2,9000,1.00435323383
248933,248940,250549,7,1609,2,9000,1.00435052828
248944,248950,250588,6,1638,2,9000,1.00366300366
248956,248963,250550,7,1587,2,9000,1.00441083806
248967,248974,250583,7,1609,2,9000,1.00435052828
248978,248985,250560,7,1575,2,9000,1.00444444444
248989,248996,250660,7,1664,2,9000,1.00420673077
249000,249007,250589,7,1582,2,9000,1.00442477876
249011,249018,250659,7,1641,2,9000,1.00426569165
249022,249030,250602,8,1572,2,9000,1.00508905852
249033,249039,250729,6,1690,2,9000,1.00355029586
249044,249050,250738,6,1688,2,9000,1.00355450237
249055,249062,250641,7,1579,2,9000,1.00443318556
249711,249718,251286,7,1568,2,9000,1.00446428571
249723,249729,251332,6,1603,2,9000,1.00374298191
249735,249742,251464,7,1722,2,9000,1.00406504065
249746,249753,251441,7,1688,2,9000,1.00414691943
249758,249765,251419,7,1654,2,9000,1.00423216445
249769,249775,251393,6,1618,2,9000,1.00370828183
249780,249786,251402,6,1616,2,9000,1.00371287129
249783,249793,251589,10,1796,2,9000,1.00556792873
250353,250360,251913,7,1553,2,9000,1.00450740502
250364,250371,251855,7,1484,2,9000,1.00471698113
250375,250382,251830,7,1448,2,9000,1.00483425414
250386,250393,251803,7,1410,2,9000,1.00496453901
250397,250404,251848,7,1444,2,9000,1.00484764543
250408,250415,251799,7,1384,2,9000,1.00505780347
250419,250426,251881,7,1455,2,9000,1.00481099656
250429,250436,251851,7,1415,2,9000,1.00494699647
250440,250447,251918,7,1471,2,9000,1.00475866757
250451,250457,251875,6,1418,2,9000,1.00423131171
250462,250469,251997,7,1528,2,9000,1.00458115183
250464,250475,250934,11,459,2,600,1.02396514161
250473,250482,251827,9,1345,2,9000,1.00669144981
250484,250491,251867,7,1376,2,9000,1.0050872093
250495,250503,251985,8,1482,2,9000,1.00539811066
250507,250514,251970,7,1456,2,9000,1.00480769231
250518,250524,251981,6,1457,2,9000,1.00411805079
250529,250536,251903,7,1367,2,9000,1.00512070227
250540,250547,251881,7,1334,2,9000,1.00524737631
250551,250557,251943,6,1386,2,9000,1.00432900433
250563,250570,251918,7,1348,2,9000,1.00519287834
250574,250581,251992,7,1411,2,9000,1.00496102055
250585,250592,252033,7,1441,2,9000,1.00485773768
250596,250603,252027,7,1424,2,9000,1.00491573034
250607,250620,251959,13,1339,2,9000,1.00970873786
250620,250626,252052,6,1426,2,9000,1.00420757363
250632,250640,252066,8,1426,2,9000,1.00561009818
250643,250651,252061,8,1410,2,9000,1.00567375887
250655,250662,252029,7,1367,2,9000,1.00512070227
250668,250675,252151,7,1476,2,9000,1.00474254743
250680,250686,252084,6,1398,2,9000,1.00429184549
250691,250698,252236,7,1538,2,9000,1.00455136541
250702,250708,252168,6,1460,2,9000,1.00410958904
250713,250719,252219,6,1500,2,9000,1.004
250723,250730,252231,7,1501,2,9000,1.00466355763
250736,250742,252200,6,1458,2,9000,1.00411522634
250748,250754,252076,6,1322,2,9000,1.00453857791
250759,250766,252165,7,1399,2,9000,1.00500357398
250771,250778,252186,7,1408,2,9000,1.00497159091
250782,250788,252211,6,1423,2,9000,1.00421644413
250793,250799,252249,6,1450,2,9000,1.00413793103
250804,250811,252190,7,1379,2,9000,1.00507614213
250815,250822,252251,7,1429,2,9000,1.00489853044
250826,250832,252255,6,1423,2,9000,1.00421644413
250837,250844,252331,7,1487,2,9000,1.00470746469
250848,250854,252217,6,1363,2,9000,1.00440205429
250859,250865,252294,6,1429,2,9000,1.00419874038
250870,250877,252150,7,1273,2,9000,1.00549882168
250882,250888,252301,6,1413,2,9000,1.0042462845
250892,250899,252316,7,1417,2,9000,1.00494001411
250903,250909,252319,6,1410,2,9000,1.00425531915
250914,250920,252355,6,1435,2,9000,1.00418118467
250925,250931,252414,6,1483,2,9000,1.004045853
250936,250942,252404,6,1462,2,9000,1.00410396717
250938,250949,252370,11,1421,2,9000,1.00774102745
250949,250955,252345,6,1390,2,9000,1.00431654676
250960,250967,252381,7,1414,2,9000,1.00495049505
250971,250978,252457,7,1479,2,9000,1.00473292765
250982,250988,252425,6,1437,2,9000,1.00417536534
250993,250999,252397,6,1398,2,9000,1.00429184549
251004,251011,252295,7,1284,2,9000,1.0054517134
251015,251022,252380,7,1358,2,9000,1.00515463918
251026,251033,252336,7,1303,2,9000,1.00537221796
251037,251044,252468,7,1424,2,9000,1.00491573034
251048,251272,252665,224,1393,2,9000,1.1608040201
251442,251448,254444,6,2996,2,7200,1.00200267023
251479,251485,254365,6,2880,2,7200,1.00208333333
251543,251549,254554,6,3005,2,7200,1.00199667221
251545,251555,254603,10,3048,2,7200,1.0032808399
251546,251561,254482,15,2921,2,7200,1.00513522766
251621,251628,254783,7,3155,2,7200,1.00221870048
251623,251635,254737,12,3102,2,7200,1.00386847195
251661,251667,254542,6,2875,2,7200,1.00208695652
251662,251674,254726,12,3052,2,7200,1.00393184797
251726,251732,254770,6,3038,2,7200,1.00197498354
251745,251751,254501,6,2750,2,7200,1.00218181818
254740,254751,256177,11,1426,2,9000,1.00771388499
254740,254746,255905,6,1159,2,9000,1.00517687662
254751,254763,256111,12,1348,2,9000,1.00890207715
254751,254758,256138,7,1380,2,9000,1.00507246377
254762,254769,256111,7,1342,2,9000,1.00521609538
254763,254774,256072,11,1298,2,9000,1.00847457627
254774,254780,256046,6,1266,2,9000,1.00473933649
254775,254787,256044,12,1257,2,9000,1.00954653938
254776,254793,256044,17,1251,2,9000,1.0135891287
254787,254799,256004,12,1205,2,9000,1.00995850622
254798,254806,256044,8,1238,2,9000,1.00646203554
254799,254812,256024,13,1212,2,9000,1.01072607261
254810,254818,255990,8,1172,2,9000,1.00682593857
254810,254824,256002,14,1178,2,9000,1.01188455008
254821,254830,256009,9,1179,2,9000,1.00763358779
254822,254835,256264,13,1429,2,9000,1.00909727082
254832,254842,256230,10,1388,2,9000,1.00720461095
254834,254848,256261,14,1413,2,9000,1.00990799717
254845,254854,256241,9,1387,2,9000,1.0064888248
254846,254860,256191,14,1331,2,9000,1.01051840721
254857,254867,256196,10,1329,2,9000,1.00752445448
254859,254872,256117,13,1245,2,9000,1.01044176707
254871,254884,256157,13,1273,2,9000,1.01021209741
254871,254878,256125,7,1247,2,9000,1.00561347233
254882,254891,256108,9,1217,2,9000,1.00739523418
254883,254896,256113,13,1217,2,9000,1.01068200493
254895,254902,256213,7,1311,2,9000,1.00533943555
254896,254908,256118,12,1210,2,9000,1.00991735537
254908,254915,256136,7,1221,2,9000,1.00573300573
254911,254927,256372,16,1445,2,9000,1.01107266436
254911,254921,256094,10,1173,2,9000,1.00852514919
254922,254933,256325,11,1392,2,9000,1.00790229885
254923,254939,256367,16,1428,2,9000,1.01120448179
254933,254945,256347,12,1402,2,9000,1.00855920114
254944,254951,256282,7,1331,2,9000,1.00525920361
254946,254958,256289,12,1331,2,9000,1.00901577761
254947,254968,256200,21,1232,2,9000,1.01704545455
254958,254975,256232,17,1257,2,9000,1.01352426412
254959,254980,256254,21,1274,2,9000,1.01648351648
254970,254987,256249,17,1262,2,9000,1.01347068146
254982,254993,256264,11,1271,2,9000,1.00865460268
254993,255000,256354,7,1354,2,9000,1.00516986706
255004,255010,256250,6,1240,2,9000,1.00483870968
255014,255021,256250,7,1229,2,9000,1.00569568755
255025,255032,256274,7,1242,2,9000,1.00563607085
255036,255043,256493,7,1450,2,9000,1.00482758621
255047,255053,256500,6,1447,2,9000,1.00414651002
255058,255065,256472,7,1407,2,9000,1.00497512438
255070,255076,256472,6,1396,2,9000,1.00429799427
255081,255088,256464,7,1376,2,9000,1.0050872093
255092,255099,256422,7,1323,2,9000,1.00529100529
255103,255123,256443,20,1320,2,9000,1.01515151515
255129,255135,256450,6,1315,2,9000,1.00456273764
255140,255147,256456,7,1309,2,9000,1.00534759358
255151,255157,256463,6,1306,2,9000,1.0045941807
255162,255168,256459,6,1291,2,9000,1.00464756003
255173,255180,256587,7,1407,2,9000,1.00497512438
255184,255191,256442,7,1251,2,9000,1.00559552358
255195,255203,256512,8,1309,2,9000,1.00611153552
255199,255210,256440,11,1230,2,9000,1.00894308943
255210,255216,256674,6,1458,2,9000,1.00411522634
255221,255228,256643,7,1415,2,9000,1.00494699647
255225,255234,258154,9,2920,2,7200,1.00308219178
255226,255239,258298,13,3059,2,7200,1.00424975482
255227,255245,258171,18,2926,2,7200,1.00615174299
255229,255251,258239,22,2988,2,7200,1.00736278447
255231,255256,258369,25,3113,2,7200,1.00803083842
255232,255262,258342,30,3080,2,7200,1.00974025974
255233,255267,258345,34,3078,2,7200,1.01104613385
255235,255272,258171,37,2899,2,7200,1.01276302173
255236,255278,258133,42,2855,2,7200,1.01471103327
255240,255283,258209,43,2926,2,7200,1.01469583049
255241,255288,258447,47,3159,2,7200,1.01487812599
255244,255294,258316,50,3022,2,7200,1.01654533422
255245,255299,258444,54,3145,2,7200,1.01717011129
255247,255305,258447,58,3142,2,7200,1.01845957989
255249,255311,258224,62,2913,2,7200,1.02128389976
255255,255316,258444,61,3128,2,7200,1.01950127877
255293,255321,258426,28,3105,2,7200,1.00901771337
255294,255327,258170,33,2843,2,7200,1.01160745691
255324,255333,256660,9,1327,2,9000,1.00678221552
255346,255352,256698,6,1346,2,9000,1.0044576523
255348,255359,256694,11,1335,2,9000,1.00823970037
255359,255366,256722,7,1356,2,9000,1.00516224189
255371,255378,256666,7,1288,2,9000,1.00543478261
255382,255389,256769,7,1380,2,9000,1.00507246377
255393,255400,256732,7,1332,2,9000,1.00525525526
255403,255409,256753,6,1344,2,9000,1.00446428571
255415,255918,257264,503,1346,2,9000,1.37369985141
255918,256003,257467,85,1464,2,9000,1.05806010929
256002,256014,257437,12,1423,2,9000,1.00843288826
256013,256021,257398,8,1377,2,9000,1.0058097313
256028,256035,257411,7,1376,2,9000,1.0050872093
256042,256048,257382,6,1334,2,9000,1.00449775112
256054,256060,257458,6,1398,2,9000,1.00429184549
256065,256071,257437,6,1366,2,9000,1.00439238653
256076,256083,257365,7,1282,2,9000,1.00546021841
256091,256098,257414,7,1316,2,9000,1.00531914894
256103,256111,257382,8,1271,2,9000,1.00629425649
256115,256121,257430,6,1309,2,9000,1.00458365164
256126,256134,257434,8,1300,2,9000,1.00615384615
256137,256144,257435,7,1291,2,9000,1.00542215337
256149,256155,257505,6,1350,2,9000,1.00444444444
256159,256167,257627,8,1460,2,9000,1.00547945205
256170,256178,257534,8,1356,2,9000,1.00589970501
256175,256185,257552,10,1367,2,9000,1.00731528895
256186,256194,257625,8,1431,2,9000,1.00559049616
256203,256209,257559,6,1350,2,9000,1.00444444444
256214,256221,257507,7,1286,2,9000,1.00544323484
256226,256232,257588,6,1356,2,9000,1.00442477876
256236,256243,257656,7,1413,2,9000,1.00495399858
256248,256255,257602,7,1347,2,9000,1.00519673348
256262,256268,257625,6,1357,2,9000,1.00442151805
256274,256280,257812,6,1532,2,9000,1.00391644909
256286,256292,257653,6,1361,2,9000,1.00440852314
256297,256303,257660,6,1357,2,9000,1.00442151805
256309,256315,257668,6,1353,2,9000,1.0044345898
256322,256328,257679,6,1351,2,9000,1.0044411547
256334,256342,257688,8,1346,2,9000,1.0059435364
256346,256352,257849,6,1497,2,9000,1.00400801603
256357,256364,257687,7,1323,2,9000,1.00529100529
256369,256375,257700,6,1325,2,9000,1.00452830189
256382,256389,257763,7,1374,2,9000,1.00509461426
256393,256400,257633,7,1233,2,9000,1.00567721006
256405,256412,257881,7,1469,2,9000,1.00476514636
256407,256419,257747,12,1328,2,9000,1.00903614458
256418,256425,257791,7,1366,2,9000,1.00512445095
256429,256436,257731,7,1295,2,9000,1.00540540541
256440,256446,257765,6,1319,2,9000,1.00454890068
256457,256464,257741,7,1277,2,9000,1.00548159749
256471,256476,257877,5,1401,2,9000,1.00356887937
256483,256490,257815,7,1325,2,9000,1.00528301887
256495,256502,257791,7,1289,2,9000,1.00543056633
256501,298911,298913,42410,2,1,43200,4241.2
256664,256671,256680,7,9,1,240,1.6
257167,257174,258446,7,1272,2,9000,1.00550314465
257178,257185,258424,7,1239,2,9000,1.00564971751
257189,257197,258425,8,1228,2,9000,1.00651465798
257200,257207,258420,7,1213,2,9000,1.00577081616
257211,257218,258548,7,1330,2,9000,1.00526315789
258169,258175,261350,6,3175,2,7200,1.00188976378
258170,258182,261055,12,2873,2,7200,1.00417681866
258243,258249,261305,6,3056,2,7200,1.00196335079
258247,258255,261069,8,2814,2,7200,1.00284292822
258248,258261,261256,13,2995,2,7200,1.00434056761
258250,258266,261232,16,2966,2,7200,1.00539447067
258251,258272,261259,21,2987,2,7200,1.00703046535
258352,258358,261495,6,3137,2,7200,1.0019126554
258354,258365,261353,11,2988,2,7200,1.00368139224
258355,258370,261335,15,2965,2,7200,1.00505902192
258356,258376,261376,20,3000,2,7200,1.00666666667
258443,258449,261535,6,3086,2,7200,1.00194426442
258445,258456,261525,11,3069,2,7200,1.00358422939
258495,258501,261626,6,3125,2,7200,1.00192
258496,258507,261439,11,2932,2,7200,1.00375170532
258498,258512,261475,14,2963,2,7200,1.00472494094
258499,258518,261695,19,3177,2,7200,1.00598048473
261077,261083,264081,6,2998,2,7200,1.00200133422
261078,261089,264131,11,3042,2,7200,1.00361604208
261251,261258,264179,7,2921,2,7200,1.00239643958
261275,261281,264236,6,2955,2,7200,1.00203045685
261276,261288,264203,12,2915,2,7200,1.00411663808
261340,261346,264313,6,2967,2,7200,1.00202224469
261342,261352,264490,10,3138,2,7200,1.00318674315
261389,261395,264134,6,2739,2,7200,1.0021905805
261390,261401,264539,11,3138,2,7200,1.00350541746
261392,261406,264595,14,3189,2,7200,1.00439009094
261444,261450,264438,6,2988,2,7200,1.00200803213
261489,261495,264287,6,2792,2,7200,1.00214899713
261535,261541,264339,6,2798,2,7200,1.00214438885
261536,261547,264446,11,2899,2,7200,1.00379441187
261569,261575,264675,6,3100,2,7200,1.00193548387
261629,261635,264461,6,2826,2,7200,1.00212314225
261712,261719,264725,7,3006,2,7200,1.00232867598
264084,264091,267174,7,3083,2,7200,1.00227051573
264148,264154,267267,6,3113,2,7200,1.00192740122
264150,264161,267250,11,3089,2,7200,1.00356102298
264197,264203,267037,6,2834,2,7200,1.00211714891
264237,264243,267151,6,2908,2,7200,1.00206327373
264259,264265,267328,6,3063,2,7200,1.00195886386
264301,264307,267371,6,3064,2,7200,1.00195822454
264344,264350,267426,6,3076,2,7200,1.00195058518
264346,264356,267176,10,2820,2,7200,1.00354609929
264445,264450,267582,5,3132,2,7200,1.00159642401
264481,264487,267535,6,3048,2,7200,1.00196850394
264482,264493,267388,11,2895,2,7200,1.00379965458
264518,264524,267525,6,3001,2,7200,1.00199933356
264549,264555,267447,6,2892,2,7200,1.0020746888
264610,264616,267590,6,2974,2,7200,1.00201748487
264695,264701,267539,6,2838,2,7200,1.0021141649
267051,267057,270025,6,2968,2,7200,1.00202156334
267174,267180,270166,6,2986,2,7200,1.00200937709
267175,267186,270110,11,2924,2,7200,1.0037619699
267210,267217,270257,7,3040,2,7200,1.00230263158
267264,267270,270245,6,2975,2,7200,1.00201680672
267292,267298,270014,6,2716,2,7200,1.00220913108
267320,346554,352606,79234,6052,1,144000,14.0922009253
267342,267348,270607,6,3259,2,7200,1.00184105554
267390,267396,270381,6,2985,2,7200,1.00201005025
267391,267402,270291,11,2889,2,7200,1.00380754586
267445,267451,270346,6,2895,2,7200,1.00207253886
267471,267477,270718,6,3241,2,7200,1.00185128047
267482,352617,400671,85135,48054,1,144000,2.77165272402
267537,267543,270516,6,2973,2,7200,1.00201816347
267538,267549,270441,11,2892,2,7200,1.00380359613
267591,267597,270752,6,3155,2,7200,1.00190174326
267592,267603,270557,11,2954,2,7200,1.00372376439
267594,267609,270701,15,3092,2,7200,1.00485122898
267838,267844,267851,6,7,1,3600,1.3
267959,267966,268081,7,115,1,3600,1.06086956522
268208,268214,268563,6,349,1,3600,1.01719197708
268796,268802,269373,6,571,1,3600,1.01050788091
269894,269900,269906,6,6,1,3600,1.2
270015,270021,270103,6,82,1,3600,1.07317073171
270043,270049,273117,6,3068,2,7200,1.00195567145
270044,270056,272921,12,2865,2,7200,1.00418848168
270122,270128,273285,6,3157,2,7200,1.00190053849
270182,270188,273258,6,3070,2,7200,1.00195439739
270232,270239,270480,7,241,1,3600,1.02904564315
270255,270261,273151,6,2890,2,7200,1.00207612457
270287,270293,273145,6,2852,2,7200,1.00210378682
270314,270320,273223,6,2903,2,7200,1.00206682742
270349,270355,273341,6,2986,2,7200,1.00200937709
270395,270401,273333,6,2932,2,7200,1.00204638472
270459,270465,273440,6,2975,2,7200,1.00201680672
270527,270533,273347,6,2814,2,7200,1.00213219616
270564,270571,273440,7,2869,2,7200,1.00243987452
270618,270624,273610,6,2986,2,7200,1.00200937709
270709,270715,273509,6,2794,2,7200,1.00214745884
270754,270761,273689,7,2928,2,7200,1.00239071038
270756,270768,273645,12,2877,2,7200,1.00417101147
270773,270780,271249,7,469,1,3600,1.01492537313
271559,271565,271574,6,9,1,1800,1.5
271732,271738,271817,6,79,1,1800,1.07594936709
271792,271798,271914,6,116,1,3600,1.05172413793
272033,272040,272481,7,441,1,3600,1.01587301587
272077,272083,272174,6,91,1,1800,1.06593406593
272700,272706,273270,6,564,1,3600,1.01063829787
272714,272720,273095,6,375,1,1800,1.016
272938,272944,275811,6,2867,2,7200,1.00209277991
273142,273149,276006,7,2857,2,7200,1.00245012251
273164,273170,276187,6,3017,2,7200,1.00198873053
273165,273176,276298,11,3122,2,7200,1.00352338245
273237,273243,276210,6,2967,2,7200,1.00202224469
273278,273284,276126,6,2842,2,7200,1.0021111893
273345,273352,276530,7,3178,2,7200,1.00220264317
273347,273358,276486,11,3128,2,7200,1.00351662404
273348,273363,276558,15,3195,2,7200,1.00469483568
273440,273447,276383,7,2936,2,7200,1.00238419619
273442,273454,276365,12,2911,2,7200,1.00412229474
273443,273460,276469,17,3009,2,7200,1.00564971751
273524,273530,276608,6,3078,2,7200,1.00194931774
273620,273627,276393,7,2766,2,7200,1.0025307303
273660,273667,276782,7,3115,2,7200,1.00224719101
273700,273706,276682,6,2976,2,7200,1.00201612903
273767,273774,273781,7,7,1,1800,1.4
273939,273945,273984,6,39,1,1800,1.15384615385
274114,274120,274202,6,82,1,3600,1.07317073171
274214,274220,274305,6,85,1,1800,1.07058823529
274331,274337,274612,6,275,1,3600,1.02181818182
274890,274899,275369,9,470,1,3600,1.01914893617
274965,274971,275227,6,256,1,1800,1.0234375
275826,275832,279004,6,3172,2,7200,1.00189155107
276028,276034,279275,6,3241,2,7200,1.00185128047
276141,276147,279202,6,3055,2,7200,1.00196399345
276215,276221,279087,6,2866,2,7200,1.00209351012
276218,276227,279056,9,2829,2,7200,1.00318133616
276313,276320,279295,7,2975,2,7200,1.00235294118
276389,276394,279408,5,3014,2,7200,1.00165892502
276390,276400,279302,10,2902,2,7200,1.00344589938
276440,276446,279376,6,2930,2,7200,1.00204778157
276491,276497,279514,6,3017,2,7200,1.00198873053
276494,276503,279368,9,2865,2,7200,1.00314136126
276532,276538,279686,6,3148,2,7200,1.00190597205
276575,276582,279681,7,3099,2,7200,1.00225879316
276620,276626,279408,6,2782,2,7200,1.00215672178
276696,276702,279570,6,2868,2,7200,1.00209205021
276786,276792,279625,6,2833,2,7200,1.00211789622
279005,279012,281908,7,2896,2,7200,1.00241712707
279060,279066,282157,6,3091,2,7200,1.00194111938
279090,279096,282180,6,3084,2,7200,1.00194552529
279204,279211,282384,7,3173,2,7200,1.00220611409
279242,279248,279327,6,79,1,1800,1.07594936709
279277,279283,282179,6,2896,2,7200,1.0020718232
279298,279304,282164,6,2860,2,7200,1.0020979021
279313,279319,282509,6,3190,2,7200,1.00188087774
279370,279377,282208,7,2831,2,7200,1.00247262451
279385,279391,282331,6,2940,2,7200,1.00204081633
279410,279416,282389,6,2973,2,7200,1.00201816347
279411,279422,282250,11,2828,2,7200,1.00388967468
279514,279520,282542,6,3022,2,7200,1.00198544011
279571,279578,282461,7,2883,2,7200,1.00242802636
279576,279584,279674,8,90,1,1800,1.08888888889
279629,279635,282653,6,3018,2,7200,1.00198807157
279683,279690,282655,7,2965,2,7200,1.0023608769
279698,279704,282697,6,2993,2,7200,1.00200467758
280191,280197,280557,6,360,1,1800,1.01666666667
281735,281741,281778,6,37,1,1800,1.16216216216
281910,281916,284634,6,2718,2,7200,1.00220750552
282027,282033,282104,6,71,1,1800,1.08450704225
282160,282166,285181,6,3015,2,7200,1.00199004975
282175,282181,285332,6,3151,2,7200,1.00190415741
282190,282197,285046,7,2849,2,7200,1.00245700246
282192,282203,285398,11,3195,2,7200,1.0034428795
282210,282216,285058,6,2842,2,7200,1.0021111893
282252,282258,285221,6,2963,2,7200,1.00202497469
282334,282340,285261,6,2921,2,7200,1.00205409106
282384,282391,285505,7,3114,2,7200,1.00224791265
282399,282405,285658,6,3253,2,7200,1.00184445128
282463,282469,285375,6,2906,2,7200,1.00206469374
282511,282517,285613,6,3096,2,7200,1.0019379845
282544,282550,285543,6,2993,2,7200,1.00200467758
282657,282663,285906,6,3243,2,7200,1.00185013876
282658,282669,285638,11,2969,2,7200,1.00370495116
282698,282704,285828,6,3124,2,7200,1.0019206146
282752,282758,282998,6,240,1,1800,1.025
284635,284641,287530,6,2889,2,7200,1.0020768432
285048,285054,288012,6,2958,2,7200,1.00202839757
285063,285069,288035,6,2966,2,7200,1.0020229265
285184,285190,288216,6,3026,2,7200,1.0019828156
285223,285229,288165,6,2936,2,7200,1.00204359673
285262,285268,288243,6,2975,2,7200,1.00201680672
285335,285341,288399,6,3058,2,7200,1.00196206671
285377,285383,288351,6,2968,2,7200,1.00202156334
285398,285405,288365,7,2960,2,7200,1.00236486486
285507,285513,288699,6,3186,2,7200,1.00188323917
285546,285552,288311,6,2759,2,7200,1.00217470098
285616,285622,288394,6,2772,2,7200,1.00216450216
285640,285646,288541,6,2895,2,7200,1.00207253886
285661,285667,288652,6,2985,2,7200,1.00201005025
285821,285828,288851,7,3023,2,7200,1.00231558055
285909,285915,288855,6,2940,2,7200,1.00204081633
286865,286871,288469,6,1598,2,9000,1.00375469337
286865,286876,288492,11,1616,2,9000,1.00680693069
286876,286884,288475,8,1591,2,9000,1.0050282841
286876,286889,288481,13,1592,2,9000,1.00816582915
286887,286895,288520,8,1625,2,9000,1.00492307692
286887,286901,288537,14,1636,2,9000,1.00855745721
286898,286907,288567,9,1660,2,9000,1.00542168675
286898,286913,288555,15,1642,2,9000,1.00913520097
286909,286919,288548,10,1629,2,9000,1.00613873542
286910,286924,288571,14,1647,2,9000,1.00850030358
286921,286937,288602,16,1665,2,9000,1.00960960961
286921,286931,288564,10,1633,2,9000,1.00612369871
286932,286948,288618,16,1670,2,9000,1.00958083832
286932,286943,288588,11,1645,2,9000,1.00668693009
286943,286955,288602,12,1647,2,9000,1.0072859745
286954,286967,288637,13,1670,2,9000,1.00778443114
286954,286961,288608,7,1647,2,9000,1.00425015179
286965,286979,288608,14,1629,2,9000,1.00859422959
286965,286973,288608,8,1635,2,9000,1.00489296636
286976,286990,288645,14,1655,2,9000,1.0084592145
286976,286985,288607,9,1622,2,9000,1.0055487053
286987,287002,288645,15,1643,2,9000,1.0091296409
286987,286997,288680,10,1683,2,9000,1.00594177065
286998,287009,288645,11,1636,2,9000,1.00672371638
287532,287538,290168,6,2630,2,7200,1.00228136882
288015,288022,291083,7,3061,2,7200,1.00228683437
288037,288043,290937,6,2894,2,7200,1.00207325501
288167,288173,291081,6,2908,2,7200,1.00206327373
288219,288225,291068,6,2843,2,7200,1.00211044671
288245,288251,291196,6,2945,2,7200,1.00203735144
288314,288320,291483,6,3163,2,7200,1.00189693329
288353,288359,291274,6,2915,2,7200,1.00205831904
288368,288374,291125,6,2751,2,7200,1.00218102508
288396,288402,291524,6,3122,2,7200,1.00192184497
288410,288416,291464,6,3048,2,7200,1.00196850394
288481,288487,290118,6,1631,2,9000,1.00367872471
288506,288512,290163,6,1651,2,9000,1.00363416111
288506,288517,290226,11,1709,2,9000,1.00643651258
288517,288530,290199,13,1669,2,9000,1.00778909527
288517,288524,290182,7,1658,2,9000,1.00422195416
288528,288537,290300,9,1763,2,9000,1.00510493477
288539,288545,290322,6,1777,2,9000,1.00337647721
288543,288551,291606,8,3055,2,7200,1.00261865794
288549,288558,290218,9,1660,2,9000,1.00542168675
288560,288567,290242,7,1675,2,9000,1.00417910448
288571,288577,290269,6,1692,2,9000,1.00354609929
288571,288583,290257,12,1674,2,9000,1.00716845878
288582,288590,290254,8,1664,2,9000,1.00480769231
288592,288599,290275,7,1676,2,9000,1.00417661098
288603,288609,290292,6,1683,2,9000,1.00356506239
288604,288615,290293,11,1678,2,9000,1.00655542312
288616,288622,290296,6,1674,2,9000,1.00358422939
288616,288628,290318,12,1690,2,9000,1.00710059172
288627,288640,290341,13,1701,2,9000,1.0076425632
288627,288634,290354,7,1720,2,9000,1.00406976744
288638,288646,290309,8,1663,2,9000,1.00481058328
288638,288652,290317,14,1665,2,9000,1.00840840841
288649,288664,290339,15,1675,2,9000,1.00895522388
288649,288659,290351,10,1692,2,9000,1.00591016548
288655,288670,291538,15,2868,2,7200,1.00523012552
288660,288676,290436,16,1760,2,9000,1.00909090909
288681,288688,290380,7,1692,2,9000,1.00413711584
288692,288699,290398,7,1699,2,9000,1.00412007063
288700,288707,291558,7,2851,2,7200,1.00245527885
288713,288720,290366,7,1646,2,9000,1.0042527339
288723,288731,290369,8,1638,2,9000,1.00488400488
288734,288740,290389,6,1649,2,9000,1.00363856883
288745,288751,290425,6,1674,2,9000,1.00358422939
288756,288762,290435,6,1673,2,9000,1.00358637179
288766,288772,290426,6,1654,2,9000,1.00362756953
288777,288783,290479,6,1696,2,9000,1.00353773585
288788,288794,290495,6,1701,2,9000,1.00352733686
288798,288805,290557,7,1752,2,9000,1.00399543379
288809,288816,290571,7,1755,2,9000,1.00398860399
288820,288826,290514,6,1688,2,9000,1.00355450237
288830,288838,290492,8,1654,2,9000,1.00483675937
288841,288847,290485,6,1638,2,9000,1.00366300366
288852,288859,290518,7,1659,2,9000,1.00421940928
288855,288865,291779,10,2914,2,7200,1.00343170899
288863,288873,290511,10,1638,2,9000,1.00610500611
288870,288879,291780,9,2901,2,7200,1.00310237849
288884,288891,290534,7,1643,2,9000,1.00426049909
288894,288901,290546,7,1645,2,9000,1.00425531915
288905,288912,290561,7,1649,2,9000,1.00424499697
288916,288922,290606,6,1684,2,9000,1.00356294537
288926,288934,290634,8,1700,2,9000,1.00470588235
288937,288944,290634,7,1690,2,9000,1.00414201183
288948,288955,290674,7,1719,2,9000,1.00407213496
288959,288966,290629,7,1663,2,9000,1.00420926037
288969,288976,290628,7,1652,2,9000,1.00423728814
288980,288986,290658,6,1672,2,9000,1.00358851675
288991,288997,290690,6,1693,2,9000,1.00354400473
289001,289008,290654,7,1646,2,9000,1.0042527339
289012,289019,290680,7,1661,2,9000,1.00421432872
289023,289030,290696,7,1666,2,9000,1.00420168067
289034,289041,290720,7,1679,2,9000,1.0041691483
289044,289051,290717,7,1666,2,9000,1.00420168067
289055,289062,290757,7,1695,2,9000,1.00412979351
289066,289073,290840,7,1767,2,9000,1.00396151669
289077,289083,290763,6,1680,2,9000,1.00357142857
289087,289094,290736,7,1642,2,9000,1.00426309379
289098,289104,290742,6,1638,2,9000,1.00366300366
289109,289116,290772,7,1656,2,9000,1.00422705314
289119,289127,290789,8,1662,2,9000,1.00481347774
289130,289136,290811,6,1675,2,9000,1.00358208955
289141,289148,290807,7,1659,2,9000,1.00421940928
289152,289158,290853,6,1695,2,9000,1.00353982301
289162,289169,290850,7,1681,2,9000,1.00416418798
289173,289180,290891,7,1711,2,9000,1.00409117475
289184,289191,290821,7,1630,2,9000,1.00429447853
289195,289201,290828,6,1627,2,9000,1.0036877689
289205,289213,290856,8,1643,2,9000,1.00486914181
289216,289222,290883,6,1661,2,9000,1.00361228176
289227,289234,290872,7,1638,2,9000,1.00427350427
289237,289245,290914,8,1669,2,9000,1.00479328939
289248,289255,290895,7,1640,2,9000,1.00426829268
289259,289266,290986,7,1720,2,9000,1.00406976744
289270,289276,291018,6,1742,2,9000,1.00344431688
289281,289288,290951,7,1663,2,9000,1.00420926037
289291,289298,290977,7,1679,2,9000,1.0041691483
289302,289308,290955,6,1647,2,9000,1.00364298725
289313,289320,291006,7,1686,2,9000,1.00415183867
289324,289330,290990,6,1660,2,9000,1.00361445783
289334,289342,291049,8,1707,2,9000,1.00468658465
289345,290131,291789,786,1658,2,9000,1.47406513872
290127,290175,291882,48,1707,2,9000,1.02811950791
290171,293896,297008,3725,3112,2,7200,2.19697943445
290594,298889,301773,8295,2884,2,14400,3.87621359223
290805,290811,292437,6,1626,2,9000,1.0036900369
290816,290822,292455,6,1633,2,9000,1.00367421923
290826,290832,292504,6,1672,2,9000,1.00358851675
290837,290843,292458,6,1615,2,9000,1.00371517028
290848,291895,293473,1047,1578,2,9000,1.66349809886
290940,290948,293885,8,2937,2,7200,1.00272386789
291070,291079,293936,9,2857,2,7200,1.00315015751
291085,291092,294124,7,3032,2,7200,1.00230870712
291085,298916,313334,7831,14418,1,14400,1.5431405188
291086,291099,293927,13,2828,2,7200,1.00459688826
291125,291136,294200,11,3064,2,7200,1.00359007833
291198,291207,294309,9,3102,2,7200,1.00290135397
291276,291285,294132,9,2847,2,7200,1.00316122234
291466,291476,294457,10,2981,2,7200,1.003354579
291485,291495,294471,10,2976,2,7200,1.00336021505
291527,291535,294493,8,2958,2,7200,1.00270453009
291542,291549,294606,7,3057,2,7200,1.00228982663
291560,291569,294516,9,2947,2,7200,1.00305395317
291608,291617,294673,9,3056,2,7200,1.00294502618
291752,298932,303161,7180,4229,1,10800,2.69780089856
291781,291790,294499,9,2709,2,7200,1.00332225914
291782,291797,294749,15,2952,2,7200,1.00508130081
291890,292448,294142,558,1694,2,9000,1.32939787485
292376,292382,292427,6,45,2,120,1.13333333333
292453,292466,294140,13,1674,2,9000,1.00776583035
292463,292474,294195,11,1721,2,9000,1.00639163277
292474,292515,294204,41,1689,2,9000,1.02427471877
292515,293485,295171,970,1686,2,9000,1.5753262159
292559,298895,303639,6336,4744,2,14400,2.33558178752
293485,294157,295852,672,1695,2,9000,1.39646017699
293889,293939,296934,50,2995,2,7200,1.01669449082
293931,293947,296928,16,2981,2,7200,1.0053673264
293945,294206,295856,261,1650,2,9000,1.15818181818
293946,294135,297021,189,2886,2,7200,1.06548856549
294073,298868,298938,4795,70,4,36000,69.5
294127,294144,296953,17,2809,2,7200,1.00605197579
294142,294151,297406,9,3255,2,7200,1.00276497696
294160,294220,295917,60,1697,2,9000,1.03535651149
294203,294213,297021,10,2808,2,7200,1.00356125356
294212,294512,296182,300,1670,2,9000,1.17964071856
294222,295865,297548,1643,1683,2,9000,1.97623291741
294311,294320,297239,9,2919,2,7200,1.00308324769
294434,294440,294526,6,86,16,120,1.06976744186
294459,294468,297427,9,2959,2,7200,1.0030415681
294474,294482,297478,8,2996,2,7200,1.00267022697
294496,294505,297438,9,2933,2,7200,1.00306853051
294509,295871,297528,1362,1657,2,9000,1.82196741098
294511,294527,297525,16,2998,2,7200,1.00533689126
294526,294617,297630,91,3013,2,7200,1.03020245602
294527,294533,294699,6,166,16,120,1.03614457831
294607,294684,297653,77,2969,2,7200,1.02593465813
294674,294760,297599,86,2839,2,7200,1.03029235646
294749,295182,298155,433,2973,2,7200,1.14564413051
294972,294978,295085,6,107,15,3599,1.05607476636
295096,298857,301310,3761,2453,15,21599,2.53322462291
295199,295206,295264,7,58,15,3599,1.12068965517
295868,296193,297872,325,1679,2,9000,1.19356759976
295868,295928,297600,60,1672,2,9000,1.03588516746
295930,296947,298633,1017,1686,2,9000,1.60320284698
296196,297560,299207,1364,1647,2,9000,1.82817243473
296817,298846,327652,2029,28806,16,28800,1.07043671457
296932,296939,299824,7,2885,2,7200,1.00242634315
296942,297618,299219,676,1601,2,9000,1.42223610244
296947,296965,299972,18,3007,2,7200,1.00598603259
296961,297208,300046,247,2838,2,7200,1.08703312192
296971,296983,297673,12,690,1,1800,1.01739130435
296971,296978,297547,7,569,1,1800,1.01230228471
296972,296990,298021,18,1031,1,1800,1.01745877789
296972,296995,297924,23,929,1,1800,1.02475780409
296972,297000,297929,28,929,1,1800,1.03013993541
296973,297011,298288,38,1277,1,1800,1.02975724354
296973,297006,298399,33,1393,1,1800,1.02368987796
296973,297017,298092,44,1075,1,1800,1.04093023256
296973,297022,298690,49,1668,1,1800,1.0293764988
296974,297028,298831,54,1803,1,1800,1.02995008319
296974,297044,298814,70,1770,1,1800,1.0395480226
296974,297033,297974,59,941,1,1800,1.06269925611
296974,297039,298206,65,1167,1,1800,1.05569837189
296975,297066,298468,91,1402,1,1800,1.06490727532
296975,297049,298442,74,1393,1,1800,1.05312275664
296975,297055,298347,80,1292,1,1800,1.06191950464
296975,297060,298832,85,1772,1,1800,1.04796839729
296976,297082,298908,106,1826,1,1800,1.05805038335
296976,297071,297857,95,786,1,1800,1.12086513995
296976,297076,298903,100,1827,1,1800,1.05473453749
296977,297087,297740,110,653,1,1800,1.1684532925
296977,297104,298748,127,1644,1,1800,1.07725060827
296977,297093,298119,116,1026,1,1800,1.11306042885
296977,297098,298782,121,1684,1,1800,1.07185273159
296978,297115,298900,137,1785,1,1800,1.07675070028
296978,297120,298493,142,1373,1,1800,1.10342316096
296978,297109,298769,131,1660,1,1800,1.07891566265
296979,297126,297714,147,588,1,1800,1.25
296979,297136,298950,157,1814,1,1800,1.08654906284
296979,297131,298801,152,1670,1,1800,1.09101796407
296979,297142,297672,163,530,1,1800,1.30754716981
296980,297164,298643,184,1479,1,1800,1.12440838404
296980,297158,298837,178,1679,1,1800,1.10601548541
296980,297153,298992,173,1839,1,1800,1.09407286569
296980,297147,298226,167,1079,1,1800,1.15477293791
296981,297185,299013,204,1828,1,1800,1.11159737418
296981,297169,298422,188,1253,1,1800,1.15003990423
296981,297180,297773,199,593,1,1800,1.33558178752
296981,297174,298217,193,1043,1,1800,1.18504314477
296982,297191,298996,209,1805,1,1800,1.11578947368
297010,297198,300142,188,2944,2,7200,1.06385869565
297025,297203,300385,178,3182,2,7200,1.05593966059
297026,297417,300350,391,2933,2,7200,1.13331060348
297241,297250,300294,9,3044,2,7200,1.00295663601
297407,297438,300355,31,2917,2,7200,1.01062735687
297428,297449,300430,21,2981,2,7200,1.0070446159
297443,297489,300448,46,2959,2,7200,1.0155457925
297479,297536,300725,57,3189,2,7200,1.01787394167
297527,297543,300537,16,2994,2,7200,1.00534402138
297557,297884,299540,327,1656,2,9000,1.19746376812
297600,297610,300496,10,2886,2,7200,1.00346500347
297618,298644,300294,1026,1650,2,9000,1.62181818182
297633,297641,300672,8,3031,2,7200,1.00263939294
297654,297664,300810,10,3146,2,7200,1.00317863954
297885,298879,300561,994,1682,2,9000,1.59096313912
298156,298166,301133,10,2967,2,7200,1.00337040782
298217,298921,299091,704,170,1,25200,5.14117647059
298582,298900,299420,318,520,2,14400,1.61153846154
298642,298884,300533,242,1649,2,9000,1.14675560946
298877,298945,300535,68,1590,2,9000,1.0427672956
298888,298950,300606,62,1656,2,9000,1.03743961353
298949,298957,300595,8,1638,2,9000,1.00488400488
298950,298962,300613,12,1651,2,9000,1.00726832223
298961,298974,300639,13,1665,2,9000,1.00780780781
298961,298968,300631,7,1663,2,9000,1.00420926037
298972,298980,300638,8,1658,2,9000,1.00482509047
298972,298986,300624,14,1638,2,9000,1.00854700855
298983,298997,300632,14,1635,2,9000,1.00856269113
298983,298992,300644,9,1652,2,9000,1.00544794189
298994,299005,300660,11,1655,2,9000,1.00664652568
298994,299010,300599,16,1589,2,9000,1.01006922593
299005,299017,300607,12,1590,2,9000,1.00754716981
299005,299022,300681,17,1659,2,9000,1.01024713683
299016,299029,300693,13,1664,2,9000,1.0078125
299027,299041,300717,14,1676,2,9000,1.00835322196
299027,299035,300693,8,1658,2,9000,1.00482509047
299038,299050,300694,12,1644,2,9000,1.00729927007
299038,299055,300715,17,1660,2,9000,1.01024096386
299059,299065,300721,6,1656,2,9000,1.00362318841
299070,299077,300705,7,1628,2,9000,1.0042997543
299081,299087,300739,6,1652,2,9000,1.00363196126
299091,299101,300741,10,1640,2,9000,1.00609756098
299102,299108,300753,6,1645,2,9000,1.00364741641
299113,299119,300747,6,1628,2,9000,1.00368550369
299119,299126,300807,7,1681,2,9000,1.00416418798
299130,299136,300803,6,1667,2,9000,1.00359928014
299140,299147,300788,7,1641,2,9000,1.00426569165
299159,299171,300807,12,1636,2,9000,1.00733496333
299170,299177,300840,7,1663,2,9000,1.00420926037
299180,299187,300848,7,1661,2,9000,1.00421432872
299191,299198,300845,7,1647,2,9000,1.00425015179
299202,299208,300898,6,1690,2,9000,1.00355029586
299212,299219,300905,7,1686,2,9000,1.00415183867
299223,299233,300888,10,1655,2,9000,1.00604229607
299234,299241,300909,7,1668,2,9000,1.00419664269
299244,299251,300923,7,1672,2,9000,1.00418660287
299255,299261,300932,6,1671,2,9000,1.00359066427
299266,299272,300963,6,1691,2,9000,1.00354819633
299276,299284,300961,8,1677,2,9000,1.00477042338
299287,299293,300947,6,1654,2,9000,1.00362756953
299298,299305,301039,7,1734,2,9000,1.00403690888
299308,299316,301012,8,1696,2,9000,1.00471698113
299319,299331,300982,12,1651,2,9000,1.00726832223
299330,299337,300994,7,1657,2,9000,1.00422450211
299340,299348,301025,8,1677,2,9000,1.00477042338
299351,299358,301017,7,1659,2,9000,1.00421940928
299362,299369,301010,7,1641,2,9000,1.00426569165
299372,299383,301035,11,1652,2,9000,1.00665859564
299383,299390,301059,7,1669,2,9000,1.00419412822
299394,299401,301070,7,1669,2,9000,1.00419412822
299405,299412,301060,7,1648,2,9000,1.00424757282
299415,299422,301076,7,1654,2,9000,1.00423216445
299423,299429,306843,6,7414,2,36000,1.00080927974
299426,299436,301118,10,1682,2,9000,1.00594530321
299437,299443,301126,6,1683,2,9000,1.00356506239
299447,299455,301119,8,1664,2,9000,1.00480769231
299458,299465,301116,7,1651,2,9000,1.00423985463
299469,299476,301133,7,1657,2,9000,1.00422450211
299480,299487,301143,7,1656,2,9000,1.00422705314
299490,299497,301179,7,1682,2,9000,1.00416171225
299499,299506,335521,7,36015,1,43200,1.00019436346
299501,299513,301170,12,1657,2,9000,1.00724200362
299517,299524,301192,7,1668,2,9000,1.00419664269
299528,299534,301158,6,1624,2,9000,1.00369458128
299539,299545,301204,6,1659,2,9000,1.00361663653
299550,299557,301215,7,1658,2,9000,1.00422195416
299560,299568,301246,8,1678,2,9000,1.00476758045
299571,299578,301254,7,1676,2,9000,1.00417661098
299582,299589,301252,7,1663,2,9000,1.00420926037
299593,299600,301270,7,1670,2,9000,1.00419161677
299603,299609,301280,6,1671,2,9000,1.00359066427
299614,299621,301262,7,1641,2,9000,1.00426569165
299625,299635,301274,10,1639,2,9000,1.00610128127
299636,299642,301281,6,1639,2,9000,1.00366076876
299646,299652,301289,6,1637,2,9000,1.0036652413
299657,299836,301488,179,1652,2,9000,1.1083535109
299741,300545,304281,804,3736,2,3600,1.21520342612
299826,303493,306293,3667,2800,2,7200,2.30964285714
299974,303594,306461,3620,2867,2,7200,2.26264387862
300046,303681,306730,3635,3049,2,7200,2.19219416202
300146,303779,306721,3633,2942,2,7200,2.23487423521
300297,303911,306914,3614,3003,2,7200,2.20346320346
300351,303959,307208,3608,3249,2,7200,2.11049553709
300366,303989,306699,3623,2710,2,7200,2.336900369
300387,304055,307064,3668,3009,2,7200,2.21900963775
300432,304061,306947,3629,2886,2,7200,2.25744975745
300451,304127,307210,3676,3083,2,7200,2.19234511839
300499,304133,307200,3634,3067,2,7200,2.18487120965
300538,304153,306942,3615,2789,2,7200,2.29616349946
300674,300685,303596,11,2911,2,7200,1.00377877018
300722,300729,300770,7,41,1,2400,1.17073170732
300728,300735,303631,7,2896,2,7200,1.00241712707
300810,300816,303864,6,3048,2,7200,1.00196850394
300817,300824,301972,7,1148,1,68400,1.00609756098
300919,300926,302075,7,1149,1,21600,1.00609225413
300940,300947,302077,7,1130,1,21600,1.00619469027
300959,300965,302160,6,1195,1,18000,1.0050209205
300978,300984,302139,6,1155,1,25200,1.00519480519
301136,301142,303951,6,2809,2,7200,1.00213599146
301623,301629,302860,6,1231,1,7200,1.00487408611
301623,301634,303518,11,1884,1,7200,1.00583864119
301623,301640,303906,17,2266,1,7200,1.00750220653
301623,301646,303973,23,2327,1,7200,1.00988397078
301624,301652,305242,28,3590,1,7200,1.0077994429
301624,301657,303702,33,2045,1,7200,1.01613691932
301624,301663,304712,39,3049,1,7200,1.01279107904
301625,301679,306043,54,4364,1,7200,1.01237396884
301625,301673,303836,48,2163,1,7200,1.02219140083
301625,301668,304603,43,2935,1,7200,1.01465076661
301625,301684,303250,59,1566,1,7200,1.03767560664
301626,301700,303666,74,1966,1,7200,1.03763987792
301626,301690,304855,64,3165,1,7200,1.02022116904
301626,301695,305038,69,3343,1,7200,1.02064014358
301626,301706,305583,80,3877,1,7200,1.02063451122
301627,301722,304386,95,2664,1,7200,1.03566066066
301627,301711,303254,84,1543,1,7200,1.05443940376
301627,301716,305568,89,3852,1,7200,1.02310488058
301628,301733,306513,105,4780,1,7200,1.0219665272
301628,301727,303356,99,1629,1,7200,1.06077348066
301739,301746,304773,7,3027,4,36000,1.00231252065
302304,302311,302322,7,11,4,36000,1.63636363636
302353,302359,302888,6,529,4,36000,1.01134215501
302479,302486,314426,7,11940,2,43200,1.00058626466
302942,302948,321182,6,18234,4,36000,1.00032905561
303599,303605,306562,6,2957,2,7200,1.00202908353
303632,303640,306479,8,2839,2,7200,1.00281789362
303865,303871,306772,6,2901,2,7200,1.00206825233
303952,303964,306777,12,2813,2,7200,1.00426590828
304136,304142,305801,6,1659,2,9000,1.00361663653
304147,304158,305822,11,1664,2,9000,1.00661057692
304157,304166,305821,9,1655,2,9000,1.00543806647
304158,304171,305836,13,1665,2,9000,1.00780780781
304168,304177,305805,9,1628,2,9000,1.00552825553
304169,304183,305853,14,1670,2,9000,1.00838323353
304180,304189,305846,9,1657,2,9000,1.00543150272
304180,304195,305842,15,1647,2,9000,1.00910746812
304191,304201,305834,10,1633,2,9000,1.00612369871
304191,304207,305833,16,1626,2,9000,1.0098400984
304202,304219,305909,17,1690,2,9000,1.0100591716
304202,304213,305834,11,1621,2,9000,1.00678593461
304213,304225,305896,12,1671,2,9000,1.00718132855
304224,304237,305884,13,1647,2,9000,1.00789313904
304224,304232,305898,8,1666,2,9000,1.00480192077
304235,304245,305890,10,1645,2,9000,1.00607902736
304235,304250,305912,15,1662,2,9000,1.00902527076
304246,304257,305942,11,1685,2,9000,1.00652818991
304247,304262,305909,15,1647,2,9000,1.00910746812
304257,304269,305929,12,1660,2,9000,1.00722891566
304258,304274,305917,16,1643,2,9000,1.00973828363
304268,304280,305909,12,1629,2,9000,1.0073664825
304279,304286,305922,7,1636,2,9000,1.00427872861
304280,304292,305921,12,1629,2,9000,1.0073664825
304290,304299,305921,9,1622,2,9000,1.0055487053
304301,304307,305933,6,1626,2,9000,1.0036900369
304363,304370,305980,7,1610,2,9000,1.00434782609
304374,304381,305986,7,1605,2,9000,1.00436137072
304384,304391,306026,7,1635,2,9000,1.00428134557
304395,304401,306029,6,1628,2,9000,1.00368550369
304406,304412,306037,6,1625,2,9000,1.00369230769
304416,304422,306053,6,1631,2,9000,1.00367872471
304427,304434,306061,7,1627,2,9000,1.00430239705
304437,304444,306064,7,1620,2,9000,1.00432098765
304448,304455,306081,7,1626,2,9000,1.00430504305
304459,304466,306099,7,1633,2,9000,1.0042865891
304469,304476,306092,7,1616,2,9000,1.00433168317
304480,304486,306099,6,1613,2,9000,1.00371977681
304491,304497,306110,6,1613,2,9000,1.00371977681
304501,304507,306111,6,1604,2,9000,1.00374064838
304512,304519,306136,7,1617,2,9000,1.00432900433
304523,304529,306132,6,1603,2,9000,1.00374298191
304533,304539,306148,6,1609,2,9000,1.00372902424
304544,304550,306152,6,1602,2,9000,1.00374531835
304555,304562,306161,7,1599,2,9000,1.00437773609
304565,304572,306195,7,1623,2,9000,1.00431300062
304576,304584,306199,8,1615,2,9000,1.00495356037
304587,304594,306201,7,1607,2,9000,1.00435594275
304597,304605,306217,8,1612,2,9000,1.00496277916
304608,304614,306229,6,1615,2,9000,1.00371517028
304619,304625,306228,6,1603,2,9000,1.00374298191
304630,304636,306251,6,1615,2,9000,1.00371517028
304640,304646,306257,6,1611,2,9000,1.00372439479
304651,304657,306270,6,1613,2,9000,1.00371977681
304662,304669,306277,7,1608,2,9000,1.00435323383
304672,304680,306267,8,1587,2,9000,1.00504095778
304683,304689,306280,6,1591,2,9000,1.00377121307
304694,304700,306279,6,1579,2,9000,1.00379987334
304705,304711,306322,6,1611,2,9000,1.00372439479
304715,304723,306324,8,1601,2,9000,1.00499687695
304726,304732,306343,6,1611,2,9000,1.00372439479
304737,304744,306347,7,1603,2,9000,1.00436681223
304747,304755,306371,8,1616,2,9000,1.00495049505
304758,304764,306363,6,1599,2,9000,1.00375234522
304769,304776,306390,7,1614,2,9000,1.00433705081
304780,304787,306392,7,1605,2,9000,1.00436137072
304790,304798,306403,8,1605,2,9000,1.00498442368
304801,304807,306407,6,1600,2,9000,1.00375
304812,304818,306429,6,1611,2,9000,1.00372439479
304822,304829,306438,7,1609,2,9000,1.00435052828
304833,304839,306445,6,1606,2,9000,1.00373599004
304844,304851,306447,7,1596,2,9000,1.00438596491
304855,304862,306472,7,1610,2,9000,1.00434782609
304865,304873,306463,8,1590,2,9000,1.00503144654
304876,304882,306448,6,1566,2,9000,1.00383141762
304887,304894,306465,7,1571,2,9000,1.00445576066
304898,304905,306503,7,1598,2,9000,1.00438047559
304912,304919,306529,7,1610,2,9000,1.00434782609
304922,304929,306525,7,1596,2,9000,1.00438596491
304933,304940,306534,7,1594,2,9000,1.00439146801
304944,304950,306545,6,1595,2,9000,1.00376175549
304955,304961,306596,6,1635,2,9000,1.00366972477
304965,304972,306580,7,1608,2,9000,1.00435323383
304976,305259,306878,283,1619,2,9000,1.1747992588
305051,305598,305766,547,168,2,14400,4.25595238095
305264,305813,307422,549,1609,2,9000,1.34120571784
305813,305820,307460,7,1640,2,9000,1.00426829268
305823,305833,307480,10,1647,2,9000,1.00607164542
305834,305840,307467,6,1627,2,9000,1.0036877689
305845,305852,307481,7,1629,2,9000,1.00429711479
305855,305862,307495,7,1633,2,9000,1.0042865891
305866,305873,307483,7,1610,2,9000,1.00434782609
305877,305884,307512,7,1628,2,9000,1.0042997543
305888,305894,307551,6,1657,2,9000,1.00362100181
305898,305905,307538,7,1633,2,9000,1.0042865891
305909,305917,307540,8,1623,2,9000,1.00492914356
305920,305927,307554,7,1627,2,9000,1.00430239705
305930,305937,307583,7,1646,2,9000,1.0042527339
305941,305947,307585,6,1638,2,9000,1.00366300366
305952,305958,307598,6,1640,2,9000,1.00365853659
305963,305973,307618,10,1645,2,9000,1.00607902736
305973,305980,307653,7,1673,2,9000,1.00418410042
305984,305990,307639,6,1649,2,9000,1.00363856883
305995,306001,307658,6,1657,2,9000,1.00362100181
306006,306013,307657,7,1644,2,9000,1.00425790754
306016,306024,307640,8,1616,2,9000,1.00495049505
306027,306033,307663,6,1630,2,9000,1.0036809816
306038,306045,307673,7,1628,2,9000,1.0042997543
306049,306055,307701,6,1646,2,9000,1.00364520049
306059,306067,307717,8,1650,2,9000,1.00484848485
306070,306077,307725,7,1648,2,9000,1.00424757282
306081,306088,307738,7,1650,2,9000,1.00424242424
306092,306099,307756,7,1657,2,9000,1.00422450211
306102,306110,307776,8,1666,2,9000,1.00480192077
306113,306119,307796,6,1677,2,9000,1.00357781753
306124,306133,307759,9,1626,2,9000,1.00553505535
306135,306141,307780,6,1639,2,9000,1.00366076876
306145,306151,307808,6,1657,2,9000,1.00362100181
306156,306163,307796,7,1633,2,9000,1.0042865891
306167,306177,307817,10,1640,2,9000,1.00609756098
306178,306184,307827,6,1643,2,9000,1.00365185636
306188,306201,307856,13,1655,2,9000,1.00785498489
306199,306208,307862,9,1654,2,9000,1.00544135429
306210,306216,307860,6,1644,2,9000,1.00364963504
306221,306227,307864,6,1637,2,9000,1.0036652413
306231,306237,307887,6,1650,2,9000,1.00363636364
306242,306248,307898,6,1650,2,9000,1.00363636364
306253,306260,307900,7,1640,2,9000,1.00426829268
306264,306274,307935,10,1661,2,9000,1.0060204696
306274,306281,307903,7,1622,2,9000,1.00431565968
306285,306293,307930,8,1637,2,9000,1.00488698839
306296,306302,307941,6,1639,2,9000,1.00366076876
306297,309946,312751,3649,2805,2,7200,2.3008912656
306463,306470,309580,7,3110,2,7200,1.00225080386
306481,306488,309496,7,3008,2,7200,1.00232712766
306563,306569,309513,6,2944,2,7200,1.00203804348
306701,306708,309820,7,3112,2,7200,1.00224935733
306722,306728,309625,6,2897,2,7200,1.00207110804
306737,306743,309861,6,3118,2,7200,1.00192431046
306747,306754,306933,7,179,2,14400,1.03910614525
306773,306779,309776,6,2997,2,7200,1.002002002
306787,306793,309797,6,3004,2,7200,1.00199733688
306917,306923,309961,6,3038,2,7200,1.00197498354
306938,306944,308535,6,1591,1,1820,1.00377121307
306944,306951,310050,7,3099,2,7200,1.00225879316
306959,306965,309938,6,2973,2,7200,1.00201816347
307065,307071,310062,6,2991,2,7200,1.00200601805
307204,307210,310189,6,2979,2,7200,1.00201409869
307218,307225,310241,7,3016,2,7200,1.00232095491
307220,307231,310177,11,2946,2,7200,1.00373387644
307470,307477,317947,7,10470,2,54000,1.00066857689
307594,307606,308778,12,1172,1,3600,1.01023890785
307594,307600,308892,6,1292,1,3600,1.00464396285
307595,307618,308720,23,1102,1,3600,1.02087114338
307595,307623,308727,28,1104,1,3600,1.02536231884
307595,307612,308700,17,1088,1,3600,1.015625
307596,307639,308726,43,1087,1,3600,1.03955841766
307596,307644,308742,48,1098,1,3600,1.04371584699
307596,307628,308693,32,1065,1,3600,1.03004694836
307596,307634,308652,38,1018,1,3600,1.0373280943
307597,307660,308722,63,1062,1,3600,1.0593220339
307597,307655,308674,58,1019,1,3600,1.0569185476
307597,307666,308729,69,1063,1,3600,1.06491063029
307597,307650,308762,53,1112,1,3600,1.0476618705
307598,307676,308727,78,1051,1,3600,1.0742150333
307598,307682,308726,84,1044,1,3600,1.08045977011
307598,307687,308735,89,1048,1,3600,1.08492366412
307598,307671,308719,73,1048,1,3600,1.06965648855
307599,307698,308774,99,1076,1,3600,1.09200743494
307599,307703,308774,104,1071,1,3600,1.09710550887
307599,307692,308755,93,1063,1,3600,1.08748824083
307676,307710,309369,34,1659,2,9000,1.02049427366
307700,307715,322264,15,14549,2,14400,1.00103099869
307707,307727,309354,20,1627,2,9000,1.012292563
307728,307734,309356,6,1622,2,9000,1.00369913687
307739,307745,309374,6,1629,2,9000,1.00368324125
307750,307757,309398,7,1641,2,9000,1.00426569165
307760,307767,309419,7,1652,2,9000,1.00423728814
307771,307777,309420,6,1643,2,9000,1.00365185636
307782,307788,309433,6,1645,2,9000,1.00364741641
307792,307798,309442,6,1644,2,9000,1.00364963504
307803,307809,309441,6,1632,2,9000,1.00367647059
307814,307820,309456,6,1636,2,9000,1.00366748166
307824,307832,309460,8,1628,2,9000,1.00491400491
307835,307842,309483,7,1641,2,9000,1.00426569165
307846,307853,309472,7,1619,2,9000,1.00432365658
307856,307863,309517,7,1654,2,9000,1.00423216445
307867,307873,309467,6,1594,2,9000,1.00376411543
307878,307884,309493,6,1609,2,9000,1.00372902424
307889,307895,309533,6,1638,2,9000,1.00366300366
307899,307906,309537,7,1631,2,9000,1.00429184549
307910,307917,309539,7,1622,2,9000,1.00431565968
307921,307927,309571,6,1644,2,9000,1.00364963504
307931,307937,309569,6,1632,2,9000,1.00367647059
307942,307949,309579,7,1630,2,9000,1.00429447853
307953,307959,309603,6,1644,2,9000,1.00364963504
307963,307969,309593,6,1624,2,9000,1.00369458128
308542,308549,313402,7,4853,1,5420,1.00144240676
308669,308676,327233,7,18557,4,36000,1.00037721614
308800,308807,308871,7,64,1,900,1.109375
309280,309286,310091,6,805,1,3600,1.00745341615
309359,309365,311002,6,1637,2,9000,1.0036652413
309369,309375,311009,6,1634,2,9000,1.00367197062
309380,309386,311004,6,1618,2,9000,1.00370828183
309391,309398,311006,7,1608,2,9000,1.00435323383
309401,309408,311032,7,1624,2,9000,1.00431034483
309429,309435,311022,6,1587,2,9000,1.00378071834
309440,309446,311062,6,1616,2,9000,1.00371287129
309450,309456,311079,6,1623,2,9000,1.00369685767
309461,309467,311097,6,1630,2,9000,1.0036809816
309472,309478,311131,6,1653,2,9000,1.00362976407
309482,309490,311121,8,1631,2,9000,1.00490496628
309485,309497,311137,12,1640,2,9000,1.00731707317
309496,309503,311186,7,1683,2,9000,1.00415923945
309499,309510,312370,11,2860,2,7200,1.00384615385
309507,309517,311172,10,1655,2,9000,1.00604229607
309514,309523,312499,9,2976,2,7200,1.00302419355
309528,309535,311182,7,1647,2,9000,1.00425015179
309539,309546,311188,7,1642,2,9000,1.00426309379
309550,309557,311187,7,1630,2,9000,1.00429447853
309560,309567,311220,7,1653,2,9000,1.00423472474
309571,309577,311229,6,1652,2,9000,1.00363196126
309582,309588,311205,6,1617,2,9000,1.00371057514
309583,309594,312501,11,2907,2,7200,1.00378396973
309593,309601,311231,8,1630,2,9000,1.00490797546
309603,309611,311258,8,1647,2,9000,1.00485731633
309614,309621,311264,7,1643,2,9000,1.00426049909
309625,309631,311238,6,1607,2,9000,1.00373366521
309629,309637,312618,8,2981,2,7200,1.0026836632
309635,309645,311335,10,1690,2,9000,1.00591715976
309731,309738,309739,7,1,10,1500,1.0
309777,309783,312736,6,2953,2,7200,1.00203183204
309798,309804,312796,6,2992,2,7200,1.00200534759
309822,309828,312701,6,2873,2,7200,1.00208840933
309864,309870,312945,6,3075,2,7200,1.00195121951
309876,309882,309883,6,1,10,1500,1.0
309940,309952,312711,12,2759,2,7200,1.00434940196
309953,309958,311640,5,1682,2,9000,1.00297265161
309963,309970,311607,7,1637,2,9000,1.00427611484
309964,309976,312861,12,2885,2,7200,1.00415944541
309974,309982,311632,8,1650,2,9000,1.00484848485
309984,309991,311691,7,1700,2,9000,1.00411764706
309995,310002,311696,7,1694,2,9000,1.0041322314
310006,310013,311765,7,1752,2,9000,1.00399543379
310016,310022,311656,6,1634,2,9000,1.00367197062
310027,310033,311682,6,1649,2,9000,1.00363856883
310038,310044,311698,6,1654,2,9000,1.00362756953
310048,310054,311716,6,1662,2,9000,1.0036101083
310051,310060,312948,9,2888,2,7200,1.00311634349
310059,310066,311711,7,1645,2,9000,1.00425531915
310066,310073,313055,7,2982,2,7200,1.00234741784
310070,310080,311757,10,1677,2,9000,1.00596302922
310076,310086,311597,10,1511,10,1500,1.00661813369
310080,310092,311791,12,1699,2,9000,1.00706297822
310091,310098,311789,7,1691,2,9000,1.00413956239
310102,310108,311812,6,1704,2,9000,1.00352112676
310112,310120,311765,8,1645,2,9000,1.00486322188
310123,310129,311775,6,1646,2,9000,1.00364520049
310134,310140,311793,6,1653,2,9000,1.00362976407
310144,310151,311784,7,1633,2,9000,1.0042865891
310155,310161,311833,6,1672,2,9000,1.00358851675
310166,310173,311864,7,1691,2,9000,1.00413956239
310177,310184,311885,7,1701,2,9000,1.00411522634
310178,310190,313012,12,2822,2,7200,1.00425230333
310187,310197,311865,10,1668,2,9000,1.00599520384
310193,310203,313286,10,3083,2,7200,1.0032435939
310208,310215,311913,7,1698,2,9000,1.00412249706
310219,310225,311942,6,1717,2,9000,1.00349446709
310230,310237,311878,7,1641,2,9000,1.00426569165
310240,310247,311905,7,1658,2,9000,1.00422195416
310243,310253,313117,10,2864,2,7200,1.00349162011
310251,310260,311923,9,1663,2,9000,1.00541190619
310262,310269,311898,7,1629,2,9000,1.00429711479
310272,310279,311957,7,1678,2,9000,1.0041716329
310283,310290,311960,7,1670,2,9000,1.00419161677
310294,310301,311983,7,1682,2,9000,1.00416171225
310305,310312,312002,7,1690,2,9000,1.00414201183
310315,310322,312010,7,1688,2,9000,1.00414691943
310326,310332,312036,6,1704,2,9000,1.00352112676
310337,310344,312057,7,1713,2,9000,1.00408639813
310348,310355,311969,7,1614,2,9000,1.00433705081
310358,310364,311997,6,1633,2,9000,1.00367421923
310369,310376,312023,7,1647,2,9000,1.00425015179
310380,310387,312042,7,1655,2,9000,1.00422960725
310390,310398,312057,8,1659,2,9000,1.00482218204
310401,310407,312081,6,1674,2,9000,1.00358422939
310412,310419,312117,7,1698,2,9000,1.00412249706
310423,310429,312089,6,1660,2,9000,1.00361445783
310433,310441,312142,8,1701,2,9000,1.00470311581
310444,310451,312148,7,1697,2,9000,1.00412492634
310455,310461,312174,6,1713,2,9000,1.00350262697
310466,310473,312206,7,1733,2,9000,1.00403923832
310476,310484,312110,8,1626,2,9000,1.0049200492
310487,310494,312140,7,1646,2,9000,1.0042527339
310498,310504,312152,6,1648,2,9000,1.0036407767
310509,310515,312149,6,1634,2,9000,1.00367197062
310519,311014,312699,495,1685,2,9000,1.29376854599
310619,312777,312864,2158,87,15,3599,25.8045977011
310681,311025,318506,344,7481,2,54000,1.04598315733
311014,311020,312715,6,1695,2,9000,1.00353982301
311025,311032,312760,7,1728,2,9000,1.00405092593
311036,311042,312744,6,1702,2,9000,1.00352526439
311047,311054,312681,7,1627,2,9000,1.00430239705
311057,311074,312739,17,1665,2,9000,1.01021021021
311078,311091,312765,13,1674,2,9000,1.00776583035
311089,311109,312775,20,1666,2,9000,1.01200480192
311110,311133,312773,23,1640,2,9000,1.01402439024
311131,311143,312792,12,1649,2,9000,1.00727713766
311142,311150,312860,8,1710,2,9000,1.00467836257
311153,311184,312857,31,1673,2,9000,1.01852958757
311184,311194,312884,10,1690,2,9000,1.00591715976
311195,311201,312879,6,1678,2,9000,1.00357568534
311205,311211,312854,6,1643,2,9000,1.00365185636
311216,311222,312929,6,1707,2,9000,1.00351493849
311227,311233,312903,6,1670,2,9000,1.00359281437
311237,311245,312865,8,1620,2,9000,1.0049382716
311248,311254,312894,6,1640,2,9000,1.00365853659
311259,311265,312906,6,1641,2,9000,1.00365630713
311270,311276,312961,6,1685,2,9000,1.00356083086
311280,311287,312900,7,1613,2,9000,1.00433973962
311291,311297,312942,6,1645,2,9000,1.00364741641
311302,311347,313009,45,1662,2,9000,1.02707581227
311343,311609,313270,266,1661,2,9000,1.16014449127
311612,311618,313349,6,1731,2,9000,1.00346620451
311623,311629,313316,6,1687,2,9000,1.00355660937
311634,311641,313325,7,1684,2,9000,1.0041567696
311645,311652,313274,7,1622,2,9000,1.00431565968
311656,311662,313299,6,1637,2,9000,1.0036652413
311667,311674,313293,7,1619,2,9000,1.00432365658
311677,311684,313329,7,1645,2,9000,1.00425531915
311688,311695,313369,7,1674,2,9000,1.00418160096
311699,311706,313363,7,1657,2,9000,1.00422450211
311709,311717,313415,8,1698,2,9000,1.00471142521
311721,311728,313408,7,1680,2,9000,1.00416666667
311731,311739,313416,8,1677,2,9000,1.00477042338
311743,311753,313459,10,1706,2,9000,1.00586166471
311754,311761,313401,7,1640,2,9000,1.00426829268
311765,311772,313435,7,1663,2,9000,1.00420926037
311776,311782,313445,6,1663,2,9000,1.00360793746
311786,311794,313424,8,1630,2,9000,1.00490797546
311797,311804,313417,7,1613,2,9000,1.00433973962
311809,311815,313455,6,1640,2,9000,1.00365853659
311820,311826,313469,6,1643,2,9000,1.00365185636
311831,311838,313476,7,1638,2,9000,1.00427350427
311842,311848,313506,6,1658,2,9000,1.00361881785
311852,311859,313530,7,1671,2,9000,1.00418910832
311863,311870,313584,7,1714,2,9000,1.004084014
311874,311881,313548,7,1667,2,9000,1.00419916017
311885,311891,313651,6,1760,2,9000,1.00340909091
311895,311902,313591,7,1689,2,9000,1.00414446418
311906,311913,313618,7,1705,2,9000,1.00410557185
311917,311924,313552,7,1628,2,9000,1.0042997543
311928,311935,313559,7,1624,2,9000,1.00431034483
311939,311946,313551,7,1605,2,9000,1.00436137072
311949,311955,313593,6,1638,2,9000,1.00366300366
311960,311967,313615,7,1648,2,9000,1.00424757282
311971,311978,313653,7,1675,2,9000,1.00417910448
311981,311987,313629,6,1642,2,9000,1.00365408039
311992,311998,313659,6,1661,2,9000,1.00361228176
312003,312010,313649,7,1639,2,9000,1.00427089689
312013,312020,313665,7,1645,2,9000,1.00425531915
312024,312031,313751,7,1720,2,9000,1.00406976744
312037,312043,313646,6,1603,2,9000,1.00374298191
312047,312054,313658,7,1604,2,9000,1.00436408978
312058,312064,313691,6,1627,2,9000,1.0036877689
312069,312075,313710,6,1635,2,9000,1.00366972477
312080,312086,313709,6,1623,2,9000,1.00369685767
312091,312097,313741,6,1644,2,9000,1.00364963504
312094,312104,313793,10,1689,2,9000,1.00592066311
312104,312112,313757,8,1645,2,9000,1.00486322188
312115,312122,313818,7,1696,2,9000,1.00412735849
312119,312129,313765,10,1636,2,9000,1.00611246944
312130,312153,313778,23,1625,2,9000,1.01415384615
312151,312160,313814,9,1654,2,9000,1.00544135429
312161,312169,313813,8,1644,2,9000,1.00486618005
312172,312179,313832,7,1653,2,9000,1.00423472474
312183,312189,313845,6,1656,2,9000,1.00362318841
312194,312200,313822,6,1622,2,9000,1.00369913687
312204,312219,313856,15,1637,2,9000,1.00916310324
312215,312384,314000,169,1616,2,9000,1.10457920792
312372,316021,318982,3649,2961,2,7200,2.23235393448
312505,316116,319095,3611,2979,2,7200,2.21215172877
312506,316121,318977,3615,2856,2,7200,2.26575630252
312621,316273,319306,3652,3033,2,7200,2.20408836136
312702,316319,319341,3617,3022,2,7200,2.19688947717
312717,316339,319299,3622,2960,2,7200,2.22364864865
312738,316354,319198,3616,2844,2,7200,2.27144866385
312753,316375,319466,3622,3091,2,7200,2.17178906503
312798,316418,319399,3620,2981,2,7200,2.21435759812
312862,312867,315919,5,3052,2,7200,1.00163826999
312946,312952,316135,6,3183,2,7200,1.00188501414
312961,312967,315830,6,2863,2,7200,1.00209570381
312973,312980,320816,7,7836,2,43200,1.00089331291
313013,313019,315765,6,2746,2,7200,1.00218499636
313058,313064,315774,6,2710,2,7200,1.00221402214
313119,313125,316025,6,2900,2,7200,1.00206896552
313287,313293,316365,6,3072,2,7200,1.001953125
313406,313412,317963,6,4551,1,5420,1.00131839156
314333,314339,314932,6,593,1,14400,1.01011804384
314515,314521,316057,6,1536,1,7200,1.00390625
314787,314793,316055,6,1262,10,1500,1.00475435816
315388,315395,315400,7,5,1,1800,1.2
315503,315509,324603,6,9094,2,54000,1.00065977568
315766,315772,318568,6,2796,2,7200,1.00214592275
315781,315787,318777,6,2990,2,7200,1.00200668896
315833,315839,318692,6,2853,2,7200,1.00210304942
315920,315926,319101,6,3175,2,7200,1.00188976378
316029,316035,318872,6,2837,2,7200,1.00211491012
316110,316127,316131,17,4,1,1800,2.1
316138,316144,318942,6,2798,2,7200,1.00214438885
316348,316360,316364,12,4,2,1800,1.6
316369,316380,319260,11,2880,2,7200,1.00381944444
316377,316388,318066,11,1678,2,9000,1.00655542312
316388,316395,318057,7,1662,2,9000,1.00421179302
316446,316452,316457,6,5,2,1800,1.1
316447,316458,316463,11,5,2,1800,1.6
316458,316465,318088,7,1623,2,9000,1.00431300062
316459,316470,318097,11,1627,2,9000,1.00676090965
316470,316482,318081,12,1599,2,9000,1.00750469043
316470,316487,318110,17,1623,2,9000,1.01047443007
316481,316493,318129,12,1636,2,9000,1.00733496333
316492,316504,318099,12,1595,2,9000,1.00752351097
316492,316509,318121,17,1612,2,9000,1.01054590571
316503,316515,318147,12,1632,2,9000,1.00735294118
316514,316521,318125,7,1604,2,9000,1.00436408978
316514,316527,318141,13,1614,2,9000,1.00805452292
316525,316534,318162,9,1628,2,9000,1.00552825553
316525,316539,318170,14,1631,2,9000,1.00858369099
316536,316551,318201,15,1650,2,9000,1.00909090909
316536,316545,318143,9,1598,2,9000,1.00563204005
316547,316563,318175,16,1612,2,9000,1.00992555831
316547,316557,318186,10,1629,2,9000,1.00613873542
316555,316580,316796,25,216,2,1800,1.11574074074
316558,316569,318181,11,1612,2,9000,1.00682382134
316559,316575,318206,16,1631,2,9000,1.00980993256
316569,316586,318200,17,1614,2,9000,1.01053283767
316580,316591,318245,11,1654,2,9000,1.00665054414
316591,316603,318233,12,1630,2,9000,1.00736196319
316591,316597,318228,6,1631,2,9000,1.00367872471
316602,316615,318244,13,1629,2,9000,1.00798035605
316612,316622,318223,10,1601,2,9000,1.00624609619
316623,316629,318241,6,1612,2,9000,1.00372208437
316631,316637,324904,6,8267,2,14400,1.00072577719
316634,316644,318243,10,1599,2,9000,1.00625390869
316645,316651,318284,6,1633,2,9000,1.00367421923
316655,316662,318291,7,1629,2,9000,1.00429711479
316666,316673,318293,7,1620,2,9000,1.00432098765
316677,316683,318303,6,1620,2,9000,1.0037037037
316687,316694,318316,7,1622,2,9000,1.00431565968
316698,316705,318326,7,1621,2,9000,1.00431832202
316709,316718,318338,9,1620,2,9000,1.00555555556
316720,316726,318377,6,1651,2,9000,1.00363416111
316730,316737,318356,7,1619,2,9000,1.00432365658
316741,316748,318369,7,1621,2,9000,1.00431832202
316752,316759,318404,7,1645,2,9000,1.00425531915
316762,316769,318403,7,1634,2,9000,1.00428396573
316773,316791,318383,18,1592,2,9000,1.01130653266
316775,316786,327717,11,10931,8,10800,1.00100631232
316794,316800,318420,6,1620,2,9000,1.0037037037
316805,316812,318405,7,1593,2,9000,1.00439422473
316815,316822,318446,7,1624,2,9000,1.00431034483
316826,316833,318451,7,1618,2,9000,1.0043263288
316837,316844,318481,7,1637,2,9000,1.00427611484
316848,316857,318513,9,1656,2,9000,1.00543478261
316858,316865,318490,7,1625,2,9000,1.00430769231
316869,316876,318503,7,1627,2,9000,1.00430239705
316880,316887,318517,7,1630,2,9000,1.00429447853
316891,316899,318529,8,1630,2,9000,1.00490797546
316901,316908,318540,7,1632,2,9000,1.00428921569
316905,316916,317062,11,146,6,7200,1.07534246575
316912,316924,318564,12,1640,2,9000,1.00731707317
316923,316930,318572,7,1642,2,9000,1.00426309379
316933,316941,318568,8,1627,2,9000,1.0049170252
316944,316950,318578,6,1628,2,9000,1.00368550369
316955,316961,318597,6,1636,2,9000,1.00366748166
316966,316973,318581,7,1608,2,9000,1.00435323383
316976,316993,318654,17,1661,2,9000,1.01023479831
316980,316988,317253,8,265,6,7200,1.03018867925
316997,317003,318629,6,1626,2,9000,1.0036900369
317008,317015,318647,7,1632,2,9000,1.00428921569
317019,317025,318657,6,1632,2,9000,1.00367647059
317029,317042,318656,13,1614,2,9000,1.00805452292
317040,317049,318679,9,1630,2,9000,1.00552147239
317051,317057,318680,6,1623,2,9000,1.00369685767
317062,317069,318705,7,1636,2,9000,1.00427872861
317072,317079,318710,7,1631,2,9000,1.00429184549
317083,317089,318710,6,1621,2,9000,1.00370141888
317094,317101,318724,7,1623,2,9000,1.00431300062
317105,317112,318742,7,1630,2,9000,1.00429447853
317115,317122,318762,7,1640,2,9000,1.00426829268
317126,317132,318759,6,1627,2,9000,1.0036877689
317137,317144,318759,7,1615,2,9000,1.00433436533
317148,317155,318776,7,1621,2,9000,1.00431832202
317158,317166,318801,8,1635,2,9000,1.00489296636
317169,317175,318794,6,1619,2,9000,1.00370599135
317180,317187,318751,7,1564,2,9000,1.00447570332
317191,317197,318781,6,1584,2,9000,1.00378787879
317202,317209,318763,7,1554,2,9000,1.0045045045
317213,317219,318795,6,1576,2,9000,1.0038071066
317223,317230,318830,7,1600,2,9000,1.004375
317234,317241,318818,7,1577,2,9000,1.00443880786
317245,317252,318824,7,1572,2,9000,1.00445292621
317256,317263,318866,7,1603,2,9000,1.00436681223
317267,318069,319677,802,1608,2,9000,1.49875621891
317340,317347,319300,7,1953,1,7200,1.00358422939
317489,317496,331942,7,14446,8,14400,1.0004845632
317521,317973,319864,452,1891,1,7200,1.23902696986
317712,318156,318559,444,403,6,3000,2.1017369727
317829,317958,337189,129,19231,2,54000,1.0067079195
318067,318077,319706,10,1629,2,9000,1.00613873542
318078,318093,319733,15,1640,2,9000,1.00914634146
318089,318099,319774,10,1675,2,9000,1.00597014925
318100,318110,319838,10,1728,2,9000,1.00578703704
318111,318117,319741,6,1624,2,9000,1.00369458128
318121,318128,319777,7,1649,2,9000,1.00424499697
318132,318140,319785,8,1645,2,9000,1.00486322188
318143,318149,319773,6,1624,2,9000,1.00369458128
318154,318163,319820,9,1657,2,9000,1.00543150272
318164,318174,319831,10,1657,2,9000,1.00603500302
318175,318181,319862,6,1681,2,9000,1.00356930399
318186,318192,319946,6,1754,2,9000,1.00342075257
318197,318204,319863,7,1659,2,9000,1.00421940928
318208,318214,319835,6,1621,2,9000,1.00370141888
318218,318225,319831,7,1606,2,9000,1.00435865504
318229,318235,319863,6,1628,2,9000,1.00368550369
318240,318246,319896,6,1650,2,9000,1.00363636364
318251,318258,319912,7,1654,2,9000,1.00423216445
318261,318269,319918,8,1649,2,9000,1.00485142511
318272,318279,319927,7,1648,2,9000,1.00424757282
318283,318289,319917,6,1628,2,9000,1.00368550369
318294,318300,319981,6,1681,2,9000,1.00356930399
318304,318311,320006,7,1695,2,9000,1.00412979351
318315,318321,319923,6,1602,2,9000,1.00374531835
318326,318332,319942,6,1610,2,9000,1.00372670807
318337,318343,319986,6,1643,2,9000,1.00365185636
318347,318354,319991,7,1637,2,9000,1.00427611484
318358,318364,320010,6,1646,2,9000,1.00364520049
318369,318376,320042,7,1666,2,9000,1.00420168067
318380,318387,320019,7,1632,2,9000,1.00428921569
318390,318397,320032,7,1635,2,9000,1.00428134557
318401,318408,320054,7,1646,2,9000,1.0042527339
318412,318419,320077,7,1658,2,9000,1.00422195416
318423,318429,320073,6,1644,2,9000,1.00364963504
318434,318441,320039,7,1598,2,9000,1.00438047559
318444,318450,320061,6,1611,2,9000,1.00372439479
318455,318461,320093,6,1632,2,9000,1.00367647059
318466,318473,320101,7,1628,2,9000,1.0042997543
318476,318483,320164,7,1681,2,9000,1.00416418798
318487,318494,320169,7,1675,2,9000,1.00417910448
318498,318505,320121,7,1616,2,9000,1.00433168317
318509,318515,320184,6,1669,2,9000,1.00359496705
318519,318527,320178,8,1651,2,9000,1.00484554815
318530,318536,320224,6,1688,2,9000,1.00355450237
318541,318548,320207,7,1659,2,9000,1.00421940928
318552,318559,320305,7,1746,2,9000,1.0040091638
318563,318570,320187,7,1617,2,9000,1.00432900433
318570,322222,325171,3652,2949,2,7200,2.23838589352
318694,322303,325393,3609,3090,2,7200,2.16796116505
318744,318750,327943,6,9193,2,54000,1.00065267051
318778,318785,321618,7,2833,2,7200,1.00247087893
318875,318881,321794,6,2913,2,7200,1.00205973223
318944,318950,321848,6,2898,2,7200,1.00207039337
318978,318984,321820,6,2836,2,7200,1.00211565585
318992,318999,321948,7,2949,2,7200,1.002373686
319098,319104,321993,6,2889,2,7200,1.0020768432
319113,319119,322267,6,3148,2,7200,1.00190597205
319200,319207,322267,7,3060,2,7200,1.0022875817
319261,319267,322267,6,3000,2,7200,1.002
319300,319309,322022,9,2713,2,7200,1.00331736086
319315,319321,322267,6,2946,2,7200,1.00203665988
319342,319349,322373,7,3024,2,7200,1.00231481481
319400,319406,322385,6,2979,2,7200,1.00201409869
319470,319476,322441,6,2965,2,7200,1.00202360877
319743,319749,328908,6,9159,2,36000,1.00065509335
320932,320938,334072,6,13134,4,14400,1.0004568296
321382,321389,357404,7,36015,16,36000,1.00019436346
321621,321627,324624,6,2997,2,7200,1.002002002
321796,321802,324703,6,2901,2,7200,1.00206825233
321823,321829,324907,6,3078,2,7200,1.00194931774
321850,321856,324648,6,2792,2,7200,1.00214899713
321863,321869,321875,6,6,2,1800,1.2
321950,321956,324853,6,2897,2,7200,1.00207110804
321995,322001,324939,6,2938,2,7200,1.00204220558
322025,322031,324943,6,2912,2,7200,1.00206043956
322088,322095,323957,7,1862,1,7200,1.0037593985
322266,322273,323907,7,1634,2,9000,1.00428396573
322271,322280,325235,9,2955,2,7200,1.00304568528
322272,322285,325360,13,3075,2,7200,1.00422764228
322274,322291,325179,17,2888,2,7200,1.00588642659
322275,322297,325171,22,2874,2,7200,1.00765483646
322297,322309,323957,12,1648,2,9000,1.0072815534
322308,322315,323959,7,1644,2,9000,1.00425790754
322309,322321,323970,12,1649,2,9000,1.00727713766
322320,322333,323995,13,1662,2,9000,1.00782190132
322320,322328,323988,8,1660,2,9000,1.00481927711
322331,322345,323964,14,1619,2,9000,1.00864731316
322331,322339,323985,8,1646,2,9000,1.00486026731
322342,322352,323942,10,1590,2,9000,1.00628930818
322343,322357,323957,14,1600,2,9000,1.00875
322353,322363,324011,10,1648,2,9000,1.00606796117
322354,322369,323994,15,1625,2,9000,1.00923076923
322364,322375,324017,11,1642,2,9000,1.00669914738
322365,322381,324041,16,1660,2,9000,1.00963855422
322375,322387,325125,12,2738,2,7200,1.00438276114
322384,322395,322470,11,75,4,36000,1.14666666667
322386,322405,324040,19,1635,2,9000,1.01162079511
322386,322400,324041,14,1641,2,9000,1.0085313833
322388,322411,326294,23,3883,2,14400,1.00592325522
322390,322417,325312,27,2895,2,7200,1.00932642487
322407,322423,324075,16,1652,2,9000,1.00968523002
322418,322429,324126,11,1697,2,9000,1.00648202711
322419,322435,324063,16,1628,2,9000,1.00982800983
322429,322441,324125,12,1684,2,9000,1.00712589074
322440,322454,324065,14,1611,2,9000,1.0086902545
322440,322449,324101,9,1652,2,9000,1.00544794189
322445,322460,325331,15,2871,2,7200,1.0052246604
322451,322466,324069,15,1603,2,9000,1.00935745477
322462,322478,324078,16,1600,2,9000,1.01
322462,322473,324092,11,1619,2,9000,1.00679431748
322477,322485,322709,8,224,4,36000,1.03571428571
322483,322491,324097,8,1606,2,9000,1.00498132005
322494,322500,324150,6,1650,2,9000,1.00363636364
322505,322512,324171,7,1659,2,9000,1.00421940928
322515,322523,324141,8,1618,2,9000,1.00494437577
322526,322532,324192,6,1660,2,9000,1.00361445783
322537,322543,324214,6,1671,2,9000,1.00359066427
322548,322554,324226,6,1672,2,9000,1.00358851675
322558,322566,324221,8,1655,2,9000,1.00483383686
322569,322576,324206,7,1630,2,9000,1.00429447853
322580,322587,324227,7,1640,2,9000,1.00426829268
322590,322598,324241,8,1643,2,9000,1.00486914181
322601,322608,324242,7,1634,2,9000,1.00428396573
322630,322639,324245,9,1606,2,9000,1.00560398506
322641,322647,324261,6,1614,2,9000,1.00371747212
322652,322659,324281,7,1622,2,9000,1.00431565968
322663,322669,324324,6,1655,2,9000,1.00362537764
322673,322680,324327,7,1647,2,9000,1.00425015179
322684,322691,324314,7,1623,2,9000,1.00431300062
322695,322701,324343,6,1642,2,9000,1.00365408039
322705,322712,324365,7,1653,2,9000,1.00423472474
322712,322718,329576,6,6858,2,14400,1.00087489064
322716,322724,324378,8,1654,2,9000,1.00483675937
322721,322730,323762,9,1032,4,36000,1.00872093023
322727,322736,324361,9,1625,2,9000,1.00553846154
322738,322745,324379,7,1634,2,9000,1.00428396573
322749,322755,324371,6,1616,2,9000,1.00371287129
322759,322767,324372,8,1605,2,9000,1.00498442368
322770,322777,324348,7,1571,2,9000,1.00445576066
322781,322788,324386,7,1598,2,9000,1.00438047559
322791,322799,324402,8,1603,2,9000,1.00499064255
322802,322809,324392,7,1583,2,9000,1.00442198358
322813,322819,324432,6,1613,2,9000,1.00371977681
322824,322830,324477,6,1647,2,9000,1.00364298725
322834,322840,324493,6,1653,2,9000,1.00362976407
322845,322851,324502,6,1651,2,9000,1.00363416111
322856,322863,324525,7,1662,2,9000,1.00421179302
322866,322874,324537,8,1663,2,9000,1.00481058328
322877,322883,324555,6,1672,2,9000,1.00358851675
322888,322894,324541,6,1647,2,9000,1.00364298725
322899,322906,324591,7,1685,2,9000,1.00415430267
322912,322920,324606,8,1686,2,9000,1.00474495848
322923,322929,324580,6,1651,2,9000,1.00363416111
322934,322941,324508,7,1567,2,9000,1.00446713465
322945,322952,324540,7,1588,2,9000,1.00440806045
322955,322962,324561,7,1599,2,9000,1.00437773609
322966,322973,324570,7,1597,2,9000,1.00438321853
322977,322984,324572,7,1588,2,9000,1.00440806045
322988,322995,324604,7,1609,2,9000,1.00435052828
322998,323622,325233,624,1611,2,9000,1.38733705773
323624,323630,325297,6,1667,2,9000,1.00359928014
323634,323774,325438,140,1664,2,9000,1.08413461538
323778,323785,325426,7,1641,2,9000,1.00426569165
323789,323919,325591,130,1672,2,9000,1.07775119617
323923,323954,325629,31,1675,2,9000,1.01850746269
323954,323968,325671,14,1703,2,9000,1.00822078685
323964,323975,325650,11,1675,2,9000,1.00656716418
323975,323982,325673,7,1691,2,9000,1.00413956239
323986,323992,325702,6,1710,2,9000,1.00350877193
323997,324004,325703,7,1699,2,9000,1.00412007063
324008,324015,325661,7,1646,2,9000,1.0042527339
324018,324025,325667,7,1642,2,9000,1.00426309379
324029,324036,325709,7,1673,2,9000,1.00418410042
324040,324046,325722,6,1676,2,9000,1.00357995227
324051,324057,325738,6,1681,2,9000,1.00356930399
324061,324068,325749,7,1681,2,9000,1.00416418798
324072,324078,325774,6,1696,2,9000,1.00353773585
324083,324090,325789,7,1699,2,9000,1.00412007063
324094,324101,325772,7,1671,2,9000,1.00418910832
324104,324111,325730,7,1619,2,9000,1.00432365658
324115,324121,325775,6,1654,2,9000,1.00362756953
324126,324133,325773,7,1640,2,9000,1.00426829268
324137,324144,325837,7,1693,2,9000,1.00413467218
324147,324155,325833,8,1678,2,9000,1.00476758045
324158,324165,325857,7,1692,2,9000,1.00413711584
324169,324175,325850,6,1675,2,9000,1.00358208955
324180,324187,325882,7,1695,2,9000,1.00412979351
324190,324197,325916,7,1719,2,9000,1.00407213496
324201,324207,325863,6,1656,2,9000,1.00362318841
324212,324218,325890,6,1672,2,9000,1.00358851675
324222,324230,325892,8,1662,2,9000,1.00481347774
324233,324239,325918,6,1679,2,9000,1.00357355569
324244,324250,325924,6,1674,2,9000,1.00358422939
324255,324261,325948,6,1687,2,9000,1.00355660937
324265,324272,325954,7,1682,2,9000,1.00416171225
324276,324282,325942,6,1660,2,9000,1.00361445783
324287,324295,325961,8,1666,2,9000,1.00480192077
324298,324305,325981,7,1676,2,9000,1.00417661098
324308,324315,325994,7,1679,2,9000,1.0041691483
324319,324325,325988,6,1663,2,9000,1.00360793746
324330,324336,325993,6,1657,2,9000,1.00362100181
324341,324347,326018,6,1671,2,9000,1.00359066427
324351,324359,326057,8,1698,2,9000,1.00471142521
324362,324369,326005,7,1636,2,9000,1.00427872861
324373,324380,326063,7,1683,2,9000,1.00415923945
324384,324390,326043,6,1653,2,9000,1.00362976407
324394,324402,326021,8,1619,2,9000,1.0049413218
324405,324411,326052,6,1641,2,9000,1.00365630713
324416,324422,326065,6,1643,2,9000,1.00365185636
324427,324433,326070,6,1637,2,9000,1.0036652413
324437,324443,326078,6,1635,2,9000,1.00366972477
324448,324455,326112,7,1657,2,9000,1.00422450211
324459,324465,326124,6,1659,2,9000,1.00361663653
324470,324477,326124,7,1647,2,9000,1.00425015179
324480,324487,326126,7,1639,2,9000,1.00427089689
324491,324497,326116,6,1619,2,9000,1.00370599135
324502,324509,326139,7,1630,2,9000,1.00429447853
324513,324519,326119,6,1600,2,9000,1.00375
324523,324529,326195,6,1666,2,9000,1.00360144058
324534,324541,326160,7,1619,2,9000,1.00432365658
324545,324551,326187,6,1636,2,9000,1.00366748166
324556,324562,326166,6,1604,2,9000,1.00374064838
324566,324573,326168,7,1595,2,9000,1.00438871473
324577,324583,326190,6,1607,2,9000,1.00373366521
324588,324595,326190,7,1595,2,9000,1.00438871473
324601,324608,326217,7,1609,2,9000,1.00435052828
324612,324618,326224,6,1606,2,9000,1.00373599004
324623,324629,326204,6,1575,2,9000,1.00380952381
324625,328252,331092,3627,2840,2,7200,2.27711267606
324649,328264,331200,3615,2936,2,7200,2.23126702997
324703,328317,331149,3614,2832,2,7200,2.2761299435
324855,328482,331763,3627,3281,2,7200,2.10545565376
324909,328567,331592,3658,3025,2,7200,2.20925619835
324943,328572,331507,3629,2935,2,7200,2.23645655877
324958,324964,328054,6,3090,2,7200,1.00194174757
325126,325133,328300,7,3167,2,7200,1.00221029365
325172,325178,328166,6,2988,2,7200,1.00200803213
325173,325185,328174,12,2989,2,7200,1.00401472064
325188,325195,328244,7,3049,2,7200,1.0022958347
325237,325243,328096,6,2853,2,7200,1.00210304942
325312,325318,328631,6,3313,2,7200,1.00181104739
325333,325339,328319,6,2980,2,7200,1.00201342282
325364,325370,328374,6,3004,2,7200,1.00199733688
325394,325400,328475,6,3075,2,7200,1.00195121951
326207,326213,328438,6,2225,4,36000,1.00269662921
327634,327641,327671,7,30,4,7200,1.23333333333
327711,327717,327768,6,51,4,7200,1.11764705882
327790,327796,328676,6,880,4,7200,1.00681818182
328056,328062,330988,6,2926,2,7200,1.002050581
328098,328104,331204,6,3100,2,7200,1.00193548387
328168,328174,331119,6,2945,2,7200,1.00203735144
328183,328189,331157,6,2968,2,7200,1.00202156334
328246,328257,331175,11,2918,2,7200,1.00376970528
328304,328310,331018,6,2708,2,7200,1.00221565731
328322,328328,331236,6,2908,2,7200,1.00206327373
328376,328382,331492,6,3110,2,7200,1.00192926045
328476,328487,331322,11,2835,2,7200,1.00388007055
328570,328580,330218,10,1638,2,9000,1.00610500611
328570,328585,330218,15,1633,2,9000,1.00918554807
328581,328591,330217,10,1626,2,9000,1.0061500615
328581,328597,330220,16,1623,2,9000,1.00985828712
328592,328604,330225,12,1621,2,9000,1.00740283775
328593,328609,330215,16,1606,2,9000,1.0099626401
328603,328615,330219,12,1604,2,9000,1.00748129676
328614,328622,330214,8,1592,2,9000,1.00502512563
328614,328627,330238,13,1611,2,9000,1.00806952204
328625,328634,330287,9,1653,2,9000,1.0054446461
328625,328640,330298,15,1658,2,9000,1.00904704463
328633,328646,331495,13,2849,2,7200,1.00456300456
328636,328652,330290,16,1638,2,9000,1.00976800977
328647,328659,330304,12,1645,2,9000,1.00729483283
328657,328665,330313,8,1648,2,9000,1.00485436893
328658,328671,330312,13,1641,2,9000,1.00792199878
328668,328678,330307,10,1629,2,9000,1.00613873542
328669,328683,330320,14,1637,2,9000,1.00855222969
328680,328690,330314,10,1624,2,9000,1.00615763547
328680,328695,330309,15,1614,2,9000,1.0092936803
328691,328701,330320,10,1619,2,9000,1.00617665225
328691,328707,330337,16,1630,2,9000,1.00981595092
328702,328719,330331,17,1612,2,9000,1.01054590571
328702,328713,330313,11,1600,2,9000,1.006875
328713,328730,330388,17,1658,2,9000,1.01025331725
328719,328725,335971,6,7246,4,7200,1.00082804306
328724,328737,330398,13,1661,2,9000,1.00782661048
328734,328744,330369,10,1625,2,9000,1.00615384615
328745,328751,330416,6,1665,2,9000,1.0036036036
328756,328762,330425,6,1663,2,9000,1.00360793746
328766,328774,330403,8,1629,2,9000,1.00491098834
328777,328783,330475,6,1692,2,9000,1.00354609929
328788,328795,330411,7,1616,2,9000,1.00433168317
328798,328806,330437,8,1631,2,9000,1.00490496628
328809,328815,330428,6,1613,2,9000,1.00371977681
328820,328826,330423,6,1597,2,9000,1.00375704446
328830,328837,330449,7,1612,2,9000,1.00434243176
328841,328847,330459,6,1612,2,9000,1.00372208437
328852,328859,330548,7,1689,2,9000,1.00414446418
328863,328870,330519,7,1649,2,9000,1.00424499697
328873,328879,330516,6,1637,2,9000,1.0036652413
328884,328891,330531,7,1640,2,9000,1.00426829268
328895,328901,330544,6,1643,2,9000,1.00365185636
328905,328911,330553,6,1642,2,9000,1.00365408039
328916,328923,330584,7,1661,2,9000,1.00421432872
328927,328934,330556,7,1622,2,9000,1.00431565968
328937,328944,330565,7,1621,2,9000,1.00431832202
328948,328955,330578,7,1623,2,9000,1.00431300062
328959,328965,330583,6,1618,2,9000,1.00370828183
328969,328977,330594,8,1617,2,9000,1.00494743352
328980,328987,330625,7,1638,2,9000,1.00427350427
328991,328997,330642,6,1645,2,9000,1.00364741641
329001,329009,330644,8,1635,2,9000,1.00489296636
329012,329019,330653,7,1634,2,9000,1.00428396573
329023,329029,330648,6,1619,2,9000,1.00370599135
329034,329041,330710,7,1669,2,9000,1.00419412822
329044,329054,330692,10,1638,2,9000,1.00610500611
329055,329061,330694,6,1633,2,9000,1.00367421923
329066,329072,330685,6,1613,2,9000,1.00371977681
329076,329084,330718,8,1634,2,9000,1.00489596083
329087,329093,330716,6,1623,2,9000,1.00369685767
329098,329105,330728,7,1623,2,9000,1.00431300062
329109,329115,330720,6,1605,2,9000,1.00373831776
329119,329127,330763,8,1636,2,9000,1.00488997555
329130,329137,330768,7,1631,2,9000,1.00429184549
329141,329147,330786,6,1639,2,9000,1.00366076876
329152,329159,330818,7,1659,2,9000,1.00421940928
329162,329168,330818,6,1650,2,9000,1.00363636364
329173,329179,330820,6,1641,2,9000,1.00365630713
329184,329191,330858,7,1667,2,9000,1.00419916017
329194,329202,330851,8,1649,2,9000,1.00485142511
329205,329212,330846,7,1634,2,9000,1.00428396573
329216,329222,330877,6,1655,2,9000,1.00362537764
329227,329234,330840,7,1606,2,9000,1.00435865504
329238,329245,330929,7,1684,2,9000,1.0041567696
329248,329255,330894,7,1639,2,9000,1.00427089689
329259,329266,330932,7,1666,2,9000,1.00420168067
329270,329277,330958,7,1681,2,9000,1.00416418798
329280,329287,330968,7,1681,2,9000,1.00416418798
329291,329298,330939,7,1641,2,9000,1.00426569165
329302,329309,330953,7,1644,2,9000,1.00425790754
329313,329320,330974,7,1654,2,9000,1.00423216445
329323,329330,330934,7,1604,2,9000,1.00436408978
329334,329340,330937,6,1597,2,9000,1.00375704446
329345,329352,330995,7,1643,2,9000,1.00426049909
329356,329363,331025,7,1662,2,9000,1.00421179302
329367,330226,331922,859,1696,2,9000,1.50648584906
330229,330236,331933,7,1697,2,9000,1.00412492634
330240,330247,331942,7,1695,2,9000,1.00412979351
330251,330258,331957,7,1699,2,9000,1.00412007063
330261,330268,331953,7,1685,2,9000,1.00415430267
330272,330278,331930,6,1652,2,9000,1.00363196126
330283,330289,331892,6,1603,2,9000,1.00374298191
330294,330300,331984,6,1684,2,9000,1.00356294537
330304,330311,331968,7,1657,2,9000,1.00422450211
330315,330322,332001,7,1679,2,9000,1.0041691483
330326,330333,331994,7,1661,2,9000,1.00421432872
330337,330343,332014,6,1671,2,9000,1.00359066427
330347,330353,332006,6,1653,2,9000,1.00362976407
330358,330364,331996,6,1632,2,9000,1.00367647059
330369,330375,332025,6,1650,2,9000,1.00363636364
330380,330387,332066,7,1679,2,9000,1.0041691483
330390,330398,332078,8,1680,2,9000,1.00476190476
330401,330408,332035,7,1627,2,9000,1.00430239705
330412,330419,332041,7,1622,2,9000,1.00431565968
330423,330430,332029,7,1599,2,9000,1.00437773609
330434,330440,332073,6,1633,2,9000,1.00367421923
330444,330452,332112,8,1660,2,9000,1.00481927711
330455,330461,332075,6,1614,2,9000,1.00371747212
330466,330472,332070,6,1598,2,9000,1.00375469337
330476,330484,332071,8,1587,2,9000,1.00504095778
330487,330493,332099,6,1606,2,9000,1.00373599004
330498,330505,332099,7,1594,2,9000,1.00439146801
330511,330517,332107,6,1590,2,9000,1.00377358491
330522,330528,332162,6,1634,2,9000,1.00367197062
330533,330539,332169,6,1630,2,9000,1.0036809816
330543,330551,332137,8,1586,2,9000,1.00504413619
330554,330561,332163,7,1602,2,9000,1.00436953808
330565,330571,332244,6,1673,2,9000,1.00358637179
330576,330583,332318,7,1735,2,9000,1.00403458213
330586,330593,332240,7,1647,2,9000,1.00425015179
330597,330603,332205,6,1602,2,9000,1.00374531835
330608,330615,332234,7,1619,2,9000,1.00432365658
330619,330626,332231,7,1605,2,9000,1.00436137072
330629,330636,332266,7,1630,2,9000,1.00429447853
330640,330647,332259,7,1612,2,9000,1.00434243176
330651,330657,332272,6,1615,2,9000,1.00371517028
330662,330669,332262,7,1593,2,9000,1.00439422473
330672,330679,332285,7,1606,2,9000,1.00435865504
330683,330689,332285,6,1596,2,9000,1.0037593985
330694,330701,332280,7,1579,2,9000,1.00443318556
330705,330711,332386,6,1675,2,9000,1.00358208955
330716,330723,332422,7,1699,2,9000,1.00412007063
330727,330733,332397,6,1664,2,9000,1.00360576923
330738,330745,332347,7,1602,2,9000,1.00436953808
330748,330756,332362,8,1606,2,9000,1.00498132005
330759,330766,332372,7,1606,2,9000,1.00435865504
330770,330777,332383,7,1606,2,9000,1.00435865504
330781,330787,332379,6,1592,2,9000,1.00376884422
330791,330798,332406,7,1608,2,9000,1.00435323383
330802,330808,332425,6,1617,2,9000,1.00371057514
330813,330820,332405,7,1585,2,9000,1.00441640379
330821,330828,330965,7,137,4,7200,1.05109489051
330824,330835,332429,11,1594,2,9000,1.00690087829
330834,330842,332438,8,1596,2,9000,1.00501253133
330845,330851,332505,6,1654,2,9000,1.00362756953
330856,330862,332527,6,1665,2,9000,1.0036036036
330867,330874,332553,7,1679,2,9000,1.0041691483
330877,330883,332508,6,1625,2,9000,1.00369230769
330888,330895,332530,7,1635,2,9000,1.00428134557
330899,330906,332508,7,1602,2,9000,1.00436953808
330909,330917,332509,8,1592,2,9000,1.00502512563
330920,330926,332555,6,1629,2,9000,1.00368324125
330931,330937,332531,6,1594,2,9000,1.00376411543
330942,330948,332584,6,1636,2,9000,1.00366748166
330952,330965,332570,13,1605,2,9000,1.00809968847
330953,330959,330986,6,27,4,7200,1.22222222222
330963,330972,332567,9,1595,2,9000,1.00564263323
330974,330980,332568,6,1588,2,9000,1.00377833753
330985,330992,332657,7,1665,2,9000,1.0042042042
330988,330999,331244,11,245,4,7200,1.04489795918
330991,334604,337371,3613,2767,2,7200,2.30574629563
331021,334636,337303,3615,2667,2,7200,2.35545556805
331094,334709,337576,3615,2867,2,7200,2.26089989536
331121,334776,337719,3655,2943,2,7200,2.2419300034
331151,334782,337833,3631,3051,2,7200,2.19010160603
331166,334787,337783,3621,2996,2,7200,2.20861148198
331181,334793,337824,3612,3031,2,7200,2.19168591224
331202,334860,337854,3658,2994,2,7200,2.22177688711
331217,331223,334325,6,3102,2,7200,1.00193423598
331238,334866,337732,3628,2866,2,7200,2.26587578507
331323,331329,334263,6,2934,2,7200,1.00204498978
331495,331502,334627,7,3125,2,7200,1.00224
331511,331517,334613,6,3096,2,7200,1.0019379845
331512,331523,334341,11,2818,2,7200,1.00390347764
331594,331600,334527,6,2927,2,7200,1.00204988042
331766,331772,334886,6,3114,2,7200,1.00192678227
332075,332081,332191,6,110,4,7200,1.05454545455
332159,332165,332167,6,2,2,3540,1.0
332672,332678,333561,6,883,1,3540,1.00679501699
332711,332717,332762,6,45,4,7200,1.13333333333
333053,333059,333523,6,464,4,7200,1.01293103448
333408,333415,333433,7,18,64,3600,1.38888888889
333518,333524,333530,6,6,64,3600,1.2
333581,333587,340800,6,7213,4,7200,1.00083183142
334004,334010,334035,6,25,4,36000,1.24
334082,334089,334096,7,7,64,3600,1.4
334156,334162,334767,6,605,1,3540,1.00991735537
334264,334270,337225,6,2955,2,7200,1.00203045685
334275,334281,334294,6,13,64,3600,1.46153846154
334328,334335,337334,7,2999,2,7200,1.00233411137
334343,334349,337315,6,2966,2,7200,1.0020229265
334497,334504,334901,7,397,64,3600,1.01763224181
334531,334537,337462,6,2925,2,7200,1.00205128205
334615,334621,337572,6,2951,2,7200,1.00203320908
334630,334642,337774,12,3132,2,7200,1.00383141762
334858,334872,336553,14,1681,2,9000,1.00832837597
334869,334879,336573,10,1694,2,9000,1.00590318772
334869,334885,336596,16,1711,2,9000,1.00935125658
334880,334897,336577,17,1680,2,9000,1.01011904762
334880,334891,336592,11,1701,2,9000,1.00646678424
334888,334903,337913,15,3010,2,7200,1.0049833887
334901,334916,336522,15,1606,2,9000,1.00933997509
334901,334910,336533,9,1623,2,9000,1.00554528651
334912,334928,336525,16,1597,2,9000,1.01001878522
334912,334923,336520,11,1597,2,9000,1.00688791484
334923,334935,336536,12,1601,2,9000,1.00749531543
334924,334940,336638,16,1698,2,9000,1.00942285041
334934,334946,336671,12,1725,2,9000,1.00695652174
334945,334954,336659,9,1705,2,9000,1.00527859238
334945,334959,336694,14,1735,2,9000,1.00806916427
334956,334966,336689,10,1723,2,9000,1.00580383053
334956,334971,336681,15,1710,2,9000,1.00877192982
334967,334977,336637,10,1660,2,9000,1.00602409639
334968,334982,336589,14,1607,2,9000,1.0087118855
334978,334990,336580,12,1590,2,9000,1.00754716981
334979,334995,336588,16,1593,2,9000,1.01004394225
334989,335001,336614,12,1613,2,9000,1.00743955363
335000,335007,336686,7,1679,2,9000,1.0041691483
335001,335013,336726,12,1713,2,9000,1.00700525394
335011,335019,336688,8,1669,2,9000,1.00479328939
335012,335025,336711,13,1686,2,9000,1.00771055753
335022,335031,336687,9,1656,2,9000,1.00543478261
335033,335039,336729,6,1690,2,9000,1.00355029586
335044,335050,336692,6,1642,2,9000,1.00365408039
335054,335062,336628,8,1566,2,9000,1.00510855683
335065,335071,336687,6,1616,2,9000,1.00371287129
335076,335082,336667,6,1585,2,9000,1.00378548896
335087,335094,336810,7,1716,2,9000,1.00407925408
335097,335104,336799,7,1695,2,9000,1.00412979351
335108,335114,336810,6,1696,2,9000,1.00353773585
335119,335125,336815,6,1690,2,9000,1.00355029586
335129,335136,336807,7,1671,2,9000,1.00418910832
335140,335147,336800,7,1653,2,9000,1.00423472474
335151,335157,336772,6,1615,2,9000,1.00371517028
335161,335167,336747,6,1580,2,9000,1.00379746835
335172,335179,336752,7,1573,2,9000,1.00445009536
335183,335189,336879,6,1690,2,9000,1.00355029586
335193,335201,336905,8,1704,2,9000,1.00469483568
335204,335211,336869,7,1658,2,9000,1.00422195416
335215,335222,336878,7,1656,2,9000,1.00422705314
335225,335232,336880,7,1648,2,9000,1.00424757282
335236,335243,336820,7,1577,2,9000,1.00443880786
335247,335254,336821,7,1567,2,9000,1.00446713465
335258,335265,336917,7,1652,2,9000,1.00423728814
335268,335276,336944,8,1668,2,9000,1.00479616307
335279,335286,336915,7,1629,2,9000,1.00429711479
335290,335296,336892,6,1596,2,9000,1.0037593985
335301,335308,336889,7,1581,2,9000,1.00442757748
335311,335319,336922,8,1603,2,9000,1.00499064255
335322,335330,336901,8,1571,2,9000,1.0050922979
335333,335341,337001,8,1660,2,9000,1.00481927711
335344,335351,336990,7,1639,2,9000,1.00427089689
335355,335361,337016,6,1655,2,9000,1.00362537764
335365,335372,337015,7,1643,2,9000,1.00426049909
335376,335383,337012,7,1629,2,9000,1.00429711479
335387,335394,337075,7,1681,2,9000,1.00416418798
335398,335405,337041,7,1636,2,9000,1.00427872861
335408,335415,337076,7,1661,2,9000,1.00421432872
335419,335426,337087,7,1661,2,9000,1.00421432872
335430,335437,337084,7,1647,2,9000,1.00425015179
335441,335448,337084,7,1636,2,9000,1.00427872861
335451,335458,337077,7,1619,2,9000,1.00432365658
335462,335469,337115,7,1646,2,9000,1.0042527339
335473,335479,337120,6,1641,2,9000,1.00365630713
335484,335820,337441,336,1621,2,9000,1.20727945713
335823,335829,337466,6,1637,2,9000,1.0036652413
335834,335841,337480,7,1639,2,9000,1.00427089689
335845,335851,337475,6,1624,2,9000,1.00369458128
335855,335862,337508,7,1646,2,9000,1.0042527339
335866,335872,337520,6,1648,2,9000,1.0036407767
335877,335883,337533,6,1650,2,9000,1.00363636364
335888,335895,337536,7,1641,2,9000,1.00426569165
335898,335906,337557,8,1651,2,9000,1.00484554815
335909,335916,337550,7,1634,2,9000,1.00428396573
335920,335927,337556,7,1629,2,9000,1.00429711479
335931,335938,337565,7,1627,2,9000,1.00430239705
335941,335948,337546,7,1598,2,9000,1.00438047559
335952,335959,337621,7,1662,2,9000,1.00421179302
335963,335970,337649,7,1679,2,9000,1.0041691483
335974,335981,337628,7,1647,2,9000,1.00425015179
335984,336533,338176,549,1643,2,9000,1.33414485697
336029,336036,336459,7,423,1,3540,1.01654846336
336507,336515,336516,8,1,1,3540,1.0
336528,336540,338384,12,1844,2,9000,1.00650759219
336539,336547,338335,8,1788,2,9000,1.00447427293
336550,336557,338317,7,1760,2,9000,1.00397727273
336561,336568,338299,7,1731,2,9000,1.00404390526
336572,336579,338277,7,1698,2,9000,1.00412249706
336582,336589,338338,7,1749,2,9000,1.00400228702
336593,336599,338288,6,1689,2,9000,1.00355239787
336604,336610,338337,6,1727,2,9000,1.00347423277
336615,336622,338340,7,1718,2,9000,1.00407450524
336625,336632,338342,7,1710,2,9000,1.00409356725
336636,336642,338402,6,1760,2,9000,1.00340909091
336647,336654,338415,7,1761,2,9000,1.0039750142
336658,336665,338381,7,1716,2,9000,1.00407925408
336668,336675,338459,7,1784,2,9000,1.00392376682
336679,336685,338464,6,1779,2,9000,1.00337268128
336690,336697,338401,7,1704,2,9000,1.00410798122
336701,336708,338411,7,1703,2,9000,1.00411039342
336703,336715,337010,12,295,1,3540,1.0406779661
336712,336722,338397,10,1675,2,9000,1.00597014925
336722,336729,338488,7,1759,2,9000,1.00397953383
336733,336739,338500,6,1761,2,9000,1.00340715503
336744,336750,338503,6,1753,2,9000,1.00342270394
336755,336762,338460,7,1698,2,9000,1.00412249706
336766,336773,338456,7,1683,2,9000,1.00415923945
336776,336783,338429,7,1646,2,9000,1.0042527339
336787,336794,338544,7,1750,2,9000,1.004
336798,336805,338555,7,1750,2,9000,1.004
336809,336815,338532,6,1717,2,9000,1.00349446709
336820,336827,338532,7,1705,2,9000,1.00410557185
336830,336838,338499,8,1661,2,9000,1.00481637568
336841,336848,338552,7,1704,2,9000,1.00410798122
336852,336859,338604,7,1745,2,9000,1.00401146132
336863,336869,338611,6,1742,2,9000,1.00344431688
336874,336881,338634,7,1753,2,9000,1.00399315459
336885,336891,338574,6,1683,2,9000,1.00356506239
336957,336965,338559,8,1594,2,9000,1.00501882058
336968,336974,338545,6,1571,2,9000,1.00381922342
336979,336985,338586,6,1601,2,9000,1.00374765771
336990,336996,338587,6,1591,2,9000,1.00377121307
337000,337008,338607,8,1599,2,9000,1.00500312695
337011,337017,338571,6,1554,2,9000,1.00386100386
337022,337028,338628,6,1600,2,9000,1.00375
337033,337039,338607,6,1568,2,9000,1.00382653061
337043,337050,338665,7,1615,2,9000,1.00433436533
337054,337060,338633,6,1573,2,9000,1.00381436745
337061,337068,337756,7,688,1,3540,1.0101744186
337065,337074,338657,9,1583,2,9000,1.00568540745
337075,337083,338651,8,1568,2,9000,1.00510204082
337086,337093,338658,7,1565,2,9000,1.00447284345
337097,337103,338703,6,1600,2,9000,1.00375
337108,337114,338685,6,1571,2,9000,1.00381922342
337118,337125,338695,7,1570,2,9000,1.00445859873
337129,337136,338714,7,1578,2,9000,1.00443599493
337140,337147,338713,7,1566,2,9000,1.00446998723
337150,337157,338731,7,1574,2,9000,1.00444726811
337161,337168,338726,7,1558,2,9000,1.00449293967
337172,337179,338755,7,1576,2,9000,1.00444162437
337183,337189,338750,6,1561,2,9000,1.00384368994
337193,337200,338765,7,1565,2,9000,1.00447284345
337204,337210,338782,6,1572,2,9000,1.00381679389
337215,337221,338796,6,1575,2,9000,1.00380952381
337226,337233,338812,7,1579,2,9000,1.00443318556
337228,340872,343728,3644,2856,2,7200,2.27591036415
337307,340979,343943,3672,2964,2,7200,2.23886639676
337321,340984,344199,3663,3215,2,7200,2.13934681182
337336,340990,343908,3654,2918,2,7200,2.25222755312
337373,340999,344103,3626,3104,2,7200,2.16817010309
337463,341074,344061,3611,2987,2,7200,2.20890525611
337575,337581,340313,6,2732,2,7200,1.00219619327
337590,337596,340634,6,3038,2,7200,1.00197498354
337720,337726,340609,6,2883,2,7200,1.00208116545
337735,337741,340661,6,2920,2,7200,1.00205479452
337777,337783,340660,6,2877,2,7200,1.00208550574
337792,337798,340896,6,3098,2,7200,1.00193673338
337794,337805,338564,11,759,1,3540,1.01449275362
337825,337831,340989,6,3158,2,7200,1.00189993667
337840,337846,340895,6,3049,2,7200,1.00196785831
337855,337861,340754,6,2893,2,7200,1.00207397166
337915,337921,340884,6,2963,2,7200,1.00202497469
339113,339119,339847,6,728,1,3540,1.00824175824
340315,340321,343302,6,2981,2,7200,1.0020127474
340601,340607,342201,6,1594,1,3540,1.00376411543
340611,340617,343530,6,2913,2,7200,1.00205973223
340629,340635,343702,6,3067,2,7200,1.0019563091
340663,340669,343735,6,3066,2,7200,1.00195694716
340664,340675,343684,11,3009,2,7200,1.00365569957
340755,340761,343988,6,3227,2,7200,1.00185931205
340885,340891,343896,6,3005,2,7200,1.00199667221
340900,340906,343733,6,2827,2,7200,1.00212239123
340902,340912,343641,10,2729,2,7200,1.00366434591
340993,341004,343929,11,2925,2,7200,1.00376068376
341004,341012,342603,8,1591,2,9000,1.0050282841
341015,341021,342613,6,1592,2,9000,1.00376884422
341026,341032,342613,6,1581,2,9000,1.00379506641
341036,341042,342681,6,1639,2,9000,1.00366076876
341047,341053,342656,6,1603,2,9000,1.00374298191
341058,341064,342694,6,1630,2,9000,1.0036809816
341068,341080,342709,12,1629,2,9000,1.0073664825
341079,341092,342761,13,1669,2,9000,1.00778909527
341079,341086,342698,7,1612,2,9000,1.00434243176
341090,341099,342718,9,1619,2,9000,1.00555898703
341090,341104,342709,14,1605,2,9000,1.00872274143
341101,341111,342737,10,1626,2,9000,1.0061500615
341101,341116,342734,15,1618,2,9000,1.00927070457
341112,341122,342755,10,1633,2,9000,1.00612369871
341113,341128,342727,15,1599,2,9000,1.00938086304
341123,341134,342777,11,1643,2,9000,1.00669506999
341124,341140,342739,16,1599,2,9000,1.01000625391
341134,341147,342727,13,1580,2,9000,1.0082278481
341145,341154,342756,9,1602,2,9000,1.00561797753
341145,341159,342776,14,1617,2,9000,1.00865800866
341156,341166,342793,10,1627,2,9000,1.0061462815
341157,341171,342815,14,1644,2,9000,1.00851581509
341167,341177,342796,10,1619,2,9000,1.00617665225
341168,341183,342798,15,1615,2,9000,1.0092879257
341178,341190,342812,12,1622,2,9000,1.00739827374
341189,341196,342813,7,1617,2,9000,1.00432900433
341200,341206,342816,6,1610,2,9000,1.00372670807
341212,341218,342830,6,1612,2,9000,1.00372208437
341223,341230,342865,7,1635,2,9000,1.00428134557
341233,341241,342843,8,1602,2,9000,1.0049937578
341244,341250,342844,6,1594,2,9000,1.00376411543
341255,341261,342861,6,1600,2,9000,1.00375
341265,341272,342864,7,1592,2,9000,1.00439698492
341276,341283,342872,7,1589,2,9000,1.00440528634
341287,341293,342896,6,1603,2,9000,1.00374298191
341297,341305,342916,8,1611,2,9000,1.00496585971
341308,341315,342940,7,1625,2,9000,1.00430769231
341319,341325,342940,6,1615,2,9000,1.00371517028
341329,341337,342957,8,1620,2,9000,1.0049382716
341340,341346,342986,6,1640,2,9000,1.00365853659
341351,341357,342965,6,1608,2,9000,1.00373134328
341361,341368,342976,7,1608,2,9000,1.00435323383
341372,341378,343005,6,1627,2,9000,1.0036877689
341383,341389,343010,6,1621,2,9000,1.00370141888
341394,341400,342999,6,1599,2,9000,1.00375234522
341404,341410,343011,6,1601,2,9000,1.00374765771
341415,341422,343022,7,1600,2,9000,1.004375
341426,341433,343045,7,1612,2,9000,1.00434243176
341436,341443,343043,7,1600,2,9000,1.004375
341447,341454,343039,7,1585,2,9000,1.00441640379
341458,341465,343075,7,1610,2,9000,1.00434782609
341468,341475,343088,7,1613,2,9000,1.00433973962
341479,341485,343102,6,1617,2,9000,1.00371057514
341490,341496,343124,6,1628,2,9000,1.00368550369
341500,341508,343125,8,1617,2,9000,1.00494743352
341511,341517,343141,6,1624,2,9000,1.00369458128
341522,341528,343152,6,1624,2,9000,1.00369458128
341533,341539,343172,6,1633,2,9000,1.00367421923
341543,341550,343156,7,1606,2,9000,1.00435865504
341554,341561,343180,7,1619,2,9000,1.00432365658
341565,341571,343196,6,1625,2,9000,1.00369230769
341575,341582,343192,7,1610,2,9000,1.00434782609
341586,341592,343194,6,1602,2,9000,1.00374531835
341597,341603,343220,6,1617,2,9000,1.00371057514
341607,341615,343243,8,1628,2,9000,1.00491400491
341618,341624,343248,6,1624,2,9000,1.00369458128
341629,341636,343254,7,1618,2,9000,1.0043263288
341640,341647,343269,7,1622,2,9000,1.00431565968
341650,341657,343272,7,1615,2,9000,1.00433436533
341661,341668,343272,7,1604,2,9000,1.00436408978
341672,341678,343312,6,1634,2,9000,1.00367197062
341683,341689,343317,6,1628,2,9000,1.00368550369
341693,341701,343312,8,1611,2,9000,1.00496585971
341704,341710,343336,6,1626,2,9000,1.0036900369
341715,341722,343326,7,1604,2,9000,1.00436408978
341725,341732,343340,7,1608,2,9000,1.00435323383
341736,341743,343345,7,1602,2,9000,1.00436953808
341747,341753,343366,6,1613,2,9000,1.00371977681
341758,341764,343418,6,1654,2,9000,1.00362756953
341768,341776,343393,8,1617,2,9000,1.00494743352
341779,341786,343408,7,1622,2,9000,1.00431565968
341790,341796,343412,6,1616,2,9000,1.00371287129
341801,341808,343431,7,1623,2,9000,1.00431300062
341826,341833,343485,7,1652,2,9000,1.00423728814
341837,342615,344238,778,1623,2,9000,1.47935921134
342616,342668,344289,52,1621,2,9000,1.0320789636
342668,342675,344314,7,1639,2,9000,1.00427089689
342679,342686,344299,7,1613,2,9000,1.00433973962
342690,342697,344331,7,1634,2,9000,1.00428396573
342700,342707,344331,7,1624,2,9000,1.00431034483
342711,342717,344326,6,1609,2,9000,1.00372902424
342722,342728,344365,6,1637,2,9000,1.0036652413
342733,342740,344369,7,1629,2,9000,1.00429711479
342743,342750,344373,7,1623,2,9000,1.00431300062
342754,342760,344386,6,1626,2,9000,1.0036900369
342765,342772,344388,7,1616,2,9000,1.00433168317
342776,342782,344405,6,1623,2,9000,1.00369685767
342786,342794,344408,8,1614,2,9000,1.00495662949
342797,342804,344425,7,1621,2,9000,1.00431832202
342808,342814,344431,6,1617,2,9000,1.00371057514
342819,342825,344468,6,1643,2,9000,1.00365185636
342829,342835,344453,6,1618,2,9000,1.00370828183
342840,342846,344476,6,1630,2,9000,1.0036809816
342851,342857,344495,6,1638,2,9000,1.00366300366
342862,342868,344490,6,1622,2,9000,1.00369913687
342872,342880,344435,8,1555,2,9000,1.00514469453
342883,342889,344456,6,1567,2,9000,1.00382897256
342894,342900,344489,6,1589,2,9000,1.00377595972
342905,342912,344484,7,1572,2,9000,1.00445292621
342916,342923,344493,7,1570,2,9000,1.00445859873
342926,342932,344481,6,1549,2,9000,1.00387346675
342937,342943,344524,6,1581,2,9000,1.00379506641
342948,342955,344564,7,1609,2,9000,1.00435052828
342959,342965,344546,6,1581,2,9000,1.00379506641
342969,342976,344582,7,1606,2,9000,1.00435865504
342980,342987,344585,7,1598,2,9000,1.00438047559
342991,342998,344621,7,1623,2,9000,1.00431300062
343001,343008,344591,7,1583,2,9000,1.00442198358
343012,343019,344610,7,1591,2,9000,1.00439974859
343023,343029,344624,6,1595,2,9000,1.00376175549
343034,343041,344609,7,1568,2,9000,1.00446428571
343044,343051,344587,7,1536,2,9000,1.00455729167
343055,343061,344622,6,1561,2,9000,1.00384368994
343066,343072,344659,6,1587,2,9000,1.00378071834
343077,343084,344676,7,1592,2,9000,1.00439698492
343087,343095,344662,8,1567,2,9000,1.00510529675
343098,343105,344700,7,1595,2,9000,1.00438871473
343109,343115,344695,6,1580,2,9000,1.00379746835
343120,343127,344702,7,1575,2,9000,1.00444444444
343130,343136,344734,6,1598,2,9000,1.00375469337
343141,343147,344753,6,1606,2,9000,1.00373599004
343152,343158,344745,6,1587,2,9000,1.00378071834
343162,343169,344782,7,1613,2,9000,1.00433973962
343173,343180,344785,7,1605,2,9000,1.00436137072
343184,343190,344784,6,1594,2,9000,1.00376411543
343195,343202,344794,7,1592,2,9000,1.00439698492
343205,343213,344784,8,1571,2,9000,1.0050922979
343216,343223,344763,7,1540,2,9000,1.00454545455
343227,343233,344812,6,1579,2,9000,1.00379987334
343237,343244,344828,7,1584,2,9000,1.00441919192
343248,343255,344832,7,1577,2,9000,1.00443880786
343259,343265,344837,6,1572,2,9000,1.00381679389
343268,343275,343276,7,1,1,240,1.0
343270,343282,344868,12,1586,2,9000,1.00756620429
343281,343289,344858,8,1569,2,9000,1.00509878904
343291,343297,344881,6,1584,2,9000,1.00378787879
343302,343309,344886,7,1577,2,9000,1.00443880786
343306,346917,350183,3611,3266,2,7200,2.10563380282
343532,343538,346649,6,3111,2,7200,1.00192864031
343644,343650,346760,6,3110,2,7200,1.00192926045
343686,343692,346514,6,2822,2,7200,1.00212615167
343704,343710,346573,6,2863,2,7200,1.00209570381
343731,343737,346484,6,2747,2,7200,1.00218420095
343746,343752,346649,6,2897,2,7200,1.00207110804
343748,343759,346689,11,2930,2,7200,1.00375426621
343898,343905,346670,7,2765,2,7200,1.00253164557
343915,343921,346917,6,2996,2,7200,1.00200267023
343933,343939,346907,6,2968,2,7200,1.00202156334
343948,343954,346964,6,3010,2,7200,1.00199335548
343990,343996,346792,6,2796,2,7200,1.00214592275
344062,344068,346984,6,2916,2,7200,1.00205761317
344105,344111,346823,6,2712,2,7200,1.00221238938
344202,344208,347214,6,3006,2,7200,1.00199600798
344632,344639,346231,7,1592,2,9000,1.00439698492
344643,344649,346251,6,1602,2,9000,1.00374531835
344664,344670,346284,6,1614,2,9000,1.00371747212
344674,344682,346290,8,1608,2,9000,1.00497512438
344685,344691,346315,6,1624,2,9000,1.00369458128
344696,344702,346328,6,1626,2,9000,1.0036900369
344707,344712,346336,5,1624,2,9000,1.00307881773
344717,344724,346355,7,1631,2,9000,1.00429184549
344738,344745,346374,7,1629,2,9000,1.00429711479
344749,344756,346358,7,1602,2,9000,1.00436953808
344759,344766,346377,7,1611,2,9000,1.00434512725
344770,344776,346407,6,1631,2,9000,1.00367872471
344791,344797,346436,6,1639,2,9000,1.00366076876
344802,344808,346419,6,1611,2,9000,1.00372439479
344812,344819,346414,7,1595,2,9000,1.00438871473
344823,344829,346462,6,1633,2,9000,1.00367421923
344834,344841,346440,7,1599,2,9000,1.00437773609
344844,344851,346464,7,1613,2,9000,1.00433973962
344855,344861,346483,6,1622,2,9000,1.00369913687
344866,344872,346490,6,1618,2,9000,1.00370828183
344876,344884,346497,8,1613,2,9000,1.00495970242
344887,344893,346529,6,1636,2,9000,1.00366748166
344898,344904,346519,6,1615,2,9000,1.00371517028
344908,344915,346560,7,1645,2,9000,1.00425531915
344919,344925,346533,6,1608,2,9000,1.00373134328
346241,346248,347849,7,1601,2,9000,1.00437226733
346252,346258,347898,6,1640,2,9000,1.00365853659
346293,346299,347955,6,1656,2,9000,1.00362318841
346304,346313,347924,9,1611,2,9000,1.00558659218
346325,346331,347914,6,1583,2,9000,1.00379027164
346335,346342,347955,7,1613,2,9000,1.00433973962
346346,346352,347963,6,1611,2,9000,1.00372439479
346357,346363,347968,6,1605,2,9000,1.00373831776
346367,346375,347997,8,1622,2,9000,1.00493218249
346378,346384,348020,6,1636,2,9000,1.00366748166
346389,346395,348013,6,1618,2,9000,1.00370828183
346410,346416,348041,6,1625,2,9000,1.00369230769
346420,346426,348028,6,1602,2,9000,1.00374531835
346431,346437,348042,6,1605,2,9000,1.00373831776
346442,346448,348077,6,1629,2,9000,1.00368324125
346452,346459,348064,7,1605,2,9000,1.00436137072
346463,346469,348090,6,1621,2,9000,1.00370141888
346474,346480,348069,6,1589,2,9000,1.00377595972
346484,346491,348088,7,1597,2,9000,1.00438321853
346487,346497,349554,10,3057,2,7200,1.0032711809
346495,346505,348088,10,1583,2,9000,1.00631711939
346506,346513,348113,7,1600,2,9000,1.004375
346517,346523,349565,6,3042,2,7200,1.00197238659
346517,346528,348153,11,1625,2,9000,1.00676923077
346537,346544,348157,7,1613,2,9000,1.00433973962
346548,346561,348175,13,1614,2,9000,1.00805452292
346569,346576,348200,7,1624,2,9000,1.00431034483
346575,346582,349519,7,2937,2,7200,1.00238338441
346650,346656,349323,6,2667,2,7200,1.00224971879
346652,346662,349658,10,2996,2,7200,1.00333778371
346672,346684,348284,12,1600,2,9000,1.0075
346673,346678,349623,5,2945,2,7200,1.00169779287
346691,346697,349738,6,3041,2,7200,1.00197303519
346763,346769,349686,6,2917,2,7200,1.00205690778
346793,346799,349599,6,2800,2,7200,1.00214285714
346824,346830,349756,6,2926,2,7200,1.002050581
346911,346923,350110,12,3187,2,7200,1.00376529652
346926,346932,350083,6,3151,2,7200,1.00190415741
346938,346944,348584,6,1640,2,9000,1.00365853659
346948,346954,348593,6,1639,2,9000,1.00366076876
346959,346966,348652,7,1686,2,9000,1.00415183867
346965,346972,350066,7,3094,2,7200,1.00226244344
346970,346980,348620,10,1640,2,9000,1.00609756098
346980,346986,348646,6,1660,2,9000,1.00361445783
346983,346998,348648,15,1650,2,9000,1.00909090909
346986,346992,349843,6,2851,2,7200,1.00210452473
346994,347005,348640,11,1635,2,9000,1.00672782875
347005,347012,348732,7,1720,2,9000,1.00406976744
347016,347023,348686,7,1663,2,9000,1.00420926037
347026,347034,348701,8,1667,2,9000,1.00479904019
347037,347044,348725,7,1681,2,9000,1.00416418798
347048,347055,348716,7,1661,2,9000,1.00421432872
347059,347065,348787,6,1722,2,9000,1.00348432056
347069,347076,348762,7,1686,2,9000,1.00415183867
347080,347087,348728,7,1641,2,9000,1.00426569165
347091,347097,348782,6,1685,2,9000,1.00356083086
347102,347109,348859,7,1750,2,9000,1.004
347112,347119,348799,7,1680,2,9000,1.00416666667
347123,347129,348715,6,1586,2,9000,1.00378310214
347134,347140,348727,6,1587,2,9000,1.00378071834
347144,347152,348729,8,1577,2,9000,1.00507292327
347155,347162,348733,7,1571,2,9000,1.00445576066
347166,347173,348745,7,1572,2,9000,1.00445292621
347176,347183,348752,7,1569,2,9000,1.00446144041
347187,347193,348779,6,1586,2,9000,1.00378310214
347198,347204,348779,6,1575,2,9000,1.00380952381
347209,347216,348814,7,1598,2,9000,1.00438047559
347216,347222,350086,6,2864,2,7200,1.00209497207
347219,347230,348878,11,1648,2,9000,1.00667475728
347230,347236,348882,6,1646,2,9000,1.00364520049
347241,347247,348875,6,1628,2,9000,1.00368550369
347252,347258,348868,6,1610,2,9000,1.00372670807
347262,347268,348856,6,1588,2,9000,1.00377833753
347273,347280,348902,7,1622,2,9000,1.00431565968
347284,347290,348879,6,1589,2,9000,1.00377595972
347294,347300,348894,6,1594,2,9000,1.00376411543
347305,347312,348920,7,1608,2,9000,1.00435323383
347316,347323,348907,7,1584,2,9000,1.00441919192
347326,347334,348950,8,1616,2,9000,1.00495049505
347337,347344,348924,7,1580,2,9000,1.00443037975
347348,347355,348922,7,1567,2,9000,1.00446713465
347359,347366,348988,7,1622,2,9000,1.00431565968
347369,347376,349039,7,1663,2,9000,1.00420926037
347380,347386,349025,6,1639,2,9000,1.00366076876
347391,347398,349041,7,1643,2,9000,1.00426049909
347401,347409,349036,8,1627,2,9000,1.0049170252
347412,347418,349041,6,1623,2,9000,1.00369685767
347423,347430,349059,7,1629,2,9000,1.00429711479
347434,347440,349053,6,1613,2,9000,1.00371977681
347444,347452,349059,8,1607,2,9000,1.00497822029
347455,347462,349055,7,1593,2,9000,1.00439422473
347466,347473,349082,7,1609,2,9000,1.00435052828
347477,347484,349047,7,1563,2,9000,1.00447856686
347488,347495,349067,7,1572,2,9000,1.00445292621
347498,347505,349116,7,1611,2,9000,1.00434512725
347511,347518,349151,7,1633,2,9000,1.0042865891
347522,347529,349173,7,1644,2,9000,1.00425790754
347533,347539,349182,6,1643,2,9000,1.00365185636
347544,347551,349191,7,1640,2,9000,1.00426829268
347555,347861,349508,306,1647,2,9000,1.18579234973
347862,347910,349549,48,1639,2,9000,1.02928615009
347914,347926,349584,12,1658,2,9000,1.00723763571
347925,347936,349606,11,1670,2,9000,1.00658682635
347936,347967,349601,31,1634,2,9000,1.01897184823
347967,347973,349628,6,1655,2,9000,1.00362537764
347977,347984,349609,7,1625,2,9000,1.00430769231
347988,347995,349639,7,1644,2,9000,1.00425790754
347999,348009,349646,10,1637,2,9000,1.00610873549
348010,348026,349671,16,1645,2,9000,1.00972644377
348031,348037,349675,6,1638,2,9000,1.00366300366
348041,348048,349690,7,1642,2,9000,1.00426309379
348052,348058,349684,6,1626,2,9000,1.0036900369
348063,348069,349728,6,1659,2,9000,1.00361663653
348074,348081,349720,7,1639,2,9000,1.00427089689
348084,348091,349727,7,1636,2,9000,1.00427872861
348095,348102,349774,7,1672,2,9000,1.00418660287
348106,348113,349729,7,1616,2,9000,1.00433168317
348117,348124,349762,7,1638,2,9000,1.00427350427
348127,348134,349810,7,1676,2,9000,1.00417661098
348138,348144,349781,6,1637,2,9000,1.0036652413
348149,348165,349804,16,1639,2,9000,1.00976205003
348170,348177,349834,7,1657,2,9000,1.00422450211
348181,348187,349855,6,1668,2,9000,1.0035971223
348191,348212,349862,21,1650,2,9000,1.01272727273
348212,348296,349942,84,1646,2,9000,1.0510328068
348295,348596,350206,301,1610,2,9000,1.18695652174
348596,348606,350264,10,1658,2,9000,1.00603136309
348607,348631,350304,24,1673,2,9000,1.01434548715
348628,348651,350309,23,1658,2,9000,1.0138721351
348649,348659,350299,10,1640,2,9000,1.00609756098
348660,348666,350304,6,1638,2,9000,1.00366300366
348670,348676,350319,6,1643,2,9000,1.00365185636
348681,348698,350346,17,1648,2,9000,1.01031553398
348702,348714,350381,12,1667,2,9000,1.00719856029
348713,348727,350364,14,1637,2,9000,1.00855222969
348724,348734,350377,10,1643,2,9000,1.00608642727
348734,348741,350397,7,1656,2,9000,1.00422705314
348745,348752,350383,7,1631,2,9000,1.00429184549
348756,348763,350398,7,1635,2,9000,1.00428134557
348767,348773,350429,6,1656,2,9000,1.00362318841
348777,348785,350432,8,1647,2,9000,1.00485731633
348788,348794,350450,6,1656,2,9000,1.00362318841
348799,348805,350456,6,1651,2,9000,1.00363416111
348810,348817,350458,7,1641,2,9000,1.00426569165
348820,348828,350459,8,1631,2,9000,1.00490496628
348831,348837,350483,6,1646,2,9000,1.00364520049
348842,348849,350473,7,1624,2,9000,1.00431034483
348853,348859,350502,6,1643,2,9000,1.00365185636
348863,348870,350525,7,1655,2,9000,1.00422960725
348874,348882,350530,8,1648,2,9000,1.00485436893
348885,348891,350545,6,1654,2,9000,1.00362756953
348896,348903,350567,7,1664,2,9000,1.00420673077
348906,348913,350559,7,1646,2,9000,1.0042527339
348917,348924,350562,7,1638,2,9000,1.00427350427
348928,348935,350594,7,1659,2,9000,1.00421940928
348939,348945,350594,6,1649,2,9000,1.00363856883
348949,348956,350602,7,1646,2,9000,1.0042527339
348960,348967,350592,7,1625,2,9000,1.00430769231
348971,348978,350619,7,1641,2,9000,1.00426569165
348982,348989,350631,7,1642,2,9000,1.00426309379
348992,348999,350643,7,1644,2,9000,1.00425790754
349003,349020,350658,17,1638,2,9000,1.01037851038
349027,349034,350674,7,1640,2,9000,1.00426829268
349037,349044,350694,7,1650,2,9000,1.00424242424
349048,349055,350709,7,1654,2,9000,1.00423216445
349059,349066,350678,7,1612,2,9000,1.00434243176
349070,349076,350725,6,1649,2,9000,1.00363856883
349080,349087,350769,7,1682,2,9000,1.00416171225
349091,349097,350742,6,1645,2,9000,1.00364741641
349102,349108,350766,6,1658,2,9000,1.00361881785
349113,349119,350748,6,1629,2,9000,1.00368324125
349123,349130,350772,7,1642,2,9000,1.00426309379
349134,349141,350753,7,1612,2,9000,1.00434243176
349145,349151,350772,6,1621,2,9000,1.00370141888
349156,349163,350782,7,1619,2,9000,1.00432365658
349166,349173,350783,7,1610,2,9000,1.00434782609
349177,349184,350790,7,1606,2,9000,1.00435865504
349188,349194,350823,6,1629,2,9000,1.00368324125
349199,349206,350784,7,1578,2,9000,1.00443599493
349209,349217,350806,8,1589,2,9000,1.00503461296
349220,349227,350829,7,1602,2,9000,1.00436953808
349231,349238,350819,7,1581,2,9000,1.00442757748
349242,349249,350832,7,1583,2,9000,1.00442198358
349252,349335,350902,83,1567,2,9000,1.05296745373
349325,352977,355926,3652,2949,2,7200,2.23838589352
349521,353164,355940,3643,2776,2,7200,2.31231988473
349557,353170,356214,3613,3044,2,7200,2.18692509855
349572,353180,356360,3608,3180,2,7200,2.13459119497
349603,353253,356239,3650,2986,2,7200,2.22237106497
349624,353258,356310,3634,3052,2,7200,2.19069462647
349660,353325,356171,3665,2846,2,7200,2.28777231202
349687,353330,356235,3643,2905,2,7200,2.25404475043
349738,349745,352840,7,3095,2,7200,1.00226171244
349760,349766,352570,6,2804,2,7200,1.00213980029
349844,349850,352816,6,2966,2,7200,1.0020229265
350068,350074,353173,6,3099,2,7200,1.00193610842
350086,350092,352993,6,2901,2,7200,1.00206825233
350101,350107,353442,6,3335,2,7200,1.00179910045
350116,350123,353076,7,2953,2,7200,1.00237047071
350185,350191,353083,6,2892,2,7200,1.0020746888
352573,352579,355668,6,3089,2,7200,1.00194237617
352817,352823,355739,6,2916,2,7200,1.00205761317
352842,352848,355744,6,2896,2,7200,1.0020718232
352996,353002,356106,6,3104,2,7200,1.00193298969
353077,353083,355893,6,2810,2,7200,1.00213523132
353092,353098,356288,6,3190,2,7200,1.00188087774
353174,353186,356112,12,2926,2,7200,1.004101162
353326,353337,354984,11,1647,2,9000,1.00667880996
353327,353343,354979,16,1636,2,9000,1.0097799511
353338,353349,354985,11,1636,2,9000,1.00672371638
353348,353356,354993,8,1637,2,9000,1.00488698839
353349,353361,355010,12,1649,2,9000,1.00727713766
353359,353368,355013,9,1645,2,9000,1.00547112462
353360,353374,355032,14,1658,2,9000,1.00844390832
353370,353380,355032,10,1652,2,9000,1.00605326877
353371,353386,355028,15,1642,2,9000,1.00913520097
353382,353393,355037,11,1644,2,9000,1.00669099757
353382,353398,355047,16,1649,2,9000,1.00970285021
353393,353410,355065,17,1655,2,9000,1.01027190332
353393,353405,355041,12,1636,2,9000,1.00733496333
353404,353416,355033,12,1617,2,9000,1.00742115028
353415,353423,355073,8,1650,2,9000,1.00484848485
353415,353428,355072,13,1644,2,9000,1.00790754258
353426,353435,355091,9,1656,2,9000,1.00543478261
353426,353440,355101,14,1661,2,9000,1.00842865744
353437,353446,355080,9,1634,2,9000,1.00550795594
353438,353452,355096,14,1644,2,9000,1.00851581509
353443,353458,356476,15,3018,2,7200,1.00497017893
353448,353464,355088,16,1624,2,9000,1.00985221675
353459,353470,355135,11,1665,2,9000,1.00660660661
353459,353476,355110,17,1634,2,9000,1.01040391677
353470,353482,355134,12,1652,2,9000,1.00726392252
353481,353489,355141,8,1652,2,9000,1.00484261501
353491,353498,355141,7,1643,2,9000,1.00426049909
353502,353508,355127,6,1619,2,9000,1.00370599135
353513,353519,355152,6,1633,2,9000,1.00367421923
353523,353530,355154,7,1624,2,9000,1.00431034483
353534,353541,355169,7,1628,2,9000,1.0042997543
353545,353551,355164,6,1613,2,9000,1.00371977681
353556,353562,355201,6,1639,2,9000,1.00366076876
353566,353572,355225,6,1653,2,9000,1.00362976407
353577,353583,355221,6,1638,2,9000,1.00366300366
353588,353594,355229,6,1635,2,9000,1.00366972477
353598,353605,355229,7,1624,2,9000,1.00431034483
353609,353615,355228,6,1613,2,9000,1.00371977681
353620,353626,355243,6,1617,2,9000,1.00371057514
353630,353638,355254,8,1616,2,9000,1.00495049505
353641,353648,355273,7,1625,2,9000,1.00430769231
353652,353659,355275,7,1616,2,9000,1.00433168317
353662,353669,355272,7,1603,2,9000,1.00436681223
353673,353679,355294,6,1615,2,9000,1.00371517028
353684,353690,355260,6,1570,2,9000,1.00382165605
353694,353701,355325,7,1624,2,9000,1.00431034483
353705,353711,355334,6,1623,2,9000,1.00369685767
353716,353723,355354,7,1631,2,9000,1.00429184549
353727,353733,355390,6,1657,2,9000,1.00362100181
353737,353744,355354,7,1610,2,9000,1.00434782609
353748,353755,355360,7,1605,2,9000,1.00436137072
353759,353765,355376,6,1611,2,9000,1.00372439479
353769,353777,355374,8,1597,2,9000,1.00500939261
353780,353786,355402,6,1616,2,9000,1.00371287129
353791,353798,355390,7,1592,2,9000,1.00439698492
353802,353809,355411,7,1602,2,9000,1.00436953808
353821,353828,355398,7,1570,2,9000,1.00445859873
353831,353838,355416,7,1578,2,9000,1.00443599493
353842,353849,355402,7,1553,2,9000,1.00450740502
353853,353860,355410,7,1550,2,9000,1.00451612903
353864,353870,355516,6,1646,2,9000,1.00364520049
353875,353881,355511,6,1630,2,9000,1.0036809816
353885,353893,355563,8,1670,2,9000,1.00479041916
353896,353903,355557,7,1654,2,9000,1.00423216445
353907,353913,355584,6,1671,2,9000,1.00359066427
353918,353925,355570,7,1645,2,9000,1.00425531915
353928,353935,355583,7,1648,2,9000,1.00424757282
353939,353946,355607,7,1661,2,9000,1.00421432872
353950,353957,355686,7,1729,2,9000,1.004048583
353961,353967,355799,6,1832,2,9000,1.00327510917
353971,353979,355730,8,1751,2,9000,1.00456881782
353982,353989,355743,7,1754,2,9000,1.00399087799
353993,354000,355845,7,1845,2,9000,1.00379403794
354004,354011,355840,7,1829,2,9000,1.00382722799
354014,354021,355732,7,1711,2,9000,1.00409117475
354025,354032,355793,7,1761,2,9000,1.0039750142
354036,354043,355781,7,1738,2,9000,1.00402761795
354047,354054,355767,7,1713,2,9000,1.00408639813
354057,354065,355900,8,1835,2,9000,1.00435967302
354068,354074,355860,6,1786,2,9000,1.00335946249
354079,354085,355946,6,1861,2,9000,1.00322407308
354090,354097,355810,7,1713,2,9000,1.00408639813
354100,354113,355892,13,1779,2,9000,1.00730747611
354117,354124,355799,7,1675,2,9000,1.00417910448
354128,354134,355864,6,1730,2,9000,1.00346820809
354139,354991,356778,852,1787,2,9000,1.47677672076
354241,354247,357854,6,3607,1,3600,1.00166343222
354990,354998,356867,8,1869,2,9000,1.00428036383
355001,355007,356952,6,1945,2,9000,1.0030848329
355012,355019,356728,7,1709,2,9000,1.00409596255
355023,355030,356702,7,1672,2,9000,1.00418660287
355033,355040,356778,7,1738,2,9000,1.00402761795
355044,355051,356825,7,1774,2,9000,1.00394588501
355055,355061,356878,6,1817,2,9000,1.0033021464
355066,355072,356925,6,1853,2,9000,1.00323799244
355076,355082,356948,6,1866,2,9000,1.00321543408
355087,355093,357018,6,1925,2,9000,1.00311688312
355098,355105,357151,7,2046,2,9000,1.00342130987
355109,355115,356831,6,1716,2,9000,1.0034965035
355119,355126,356855,7,1729,2,9000,1.004048583
355130,355137,356841,7,1704,2,9000,1.00410798122
355141,355147,356902,6,1755,2,9000,1.00341880342
355152,355159,356920,7,1761,2,9000,1.0039750142
355162,355169,357011,7,1842,2,9000,1.00380021716
355173,355180,357106,7,1926,2,9000,1.0036344756
355184,355190,357155,6,1965,2,9000,1.00305343511
355195,355202,357144,7,1942,2,9000,1.00360453141
355205,355211,357154,6,1943,2,9000,1.00308800823
355216,355223,356947,7,1724,2,9000,1.00406032483
355227,355233,356944,6,1711,2,9000,1.00350672122
355238,355244,356981,6,1737,2,9000,1.00345423143
355248,355255,356988,7,1733,2,9000,1.00403923832
355259,355265,357060,6,1795,2,9000,1.00334261838
355270,355277,357065,7,1788,2,9000,1.00391498881
355281,355288,357193,7,1905,2,9000,1.00367454068
355292,355298,357209,6,1911,2,9000,1.00313971743
355302,355310,357219,8,1909,2,9000,1.00419067575
355313,355320,357402,7,2082,2,9000,1.00336215178
355324,355331,357016,7,1685,2,9000,1.00415430267
355334,355342,357078,8,1736,2,9000,1.00460829493
355345,355351,357134,6,1783,2,9000,1.00336511497
355356,355363,357113,7,1750,2,9000,1.004
355367,355373,357065,6,1692,2,9000,1.00354609929
355377,355384,357104,7,1720,2,9000,1.00406976744
355388,355394,357191,6,1797,2,9000,1.00333889816
355399,355406,357333,7,1927,2,9000,1.00363258952
355410,355417,357300,7,1883,2,9000,1.00371747212
355420,355427,357271,7,1844,2,9000,1.00379609544
355431,355438,357264,7,1826,2,9000,1.00383351588
355442,355448,357501,6,2053,2,9000,1.00292255236
355453,355459,357169,6,1710,2,9000,1.00350877193
355463,355470,357204,7,1734,2,9000,1.00403690888
355474,355480,357182,6,1702,2,9000,1.00352526439
355485,355491,357242,6,1751,2,9000,1.00342661336
355496,355502,357248,6,1746,2,9000,1.00343642612
355506,355514,357254,8,1740,2,9000,1.00459770115
355517,355523,357255,6,1732,2,9000,1.00346420323
355528,355535,357277,7,1742,2,9000,1.00401836969
355539,355546,357478,7,1932,2,9000,1.00362318841
355549,355555,357560,6,2005,2,9000,1.0029925187
355560,355567,357533,7,1966,2,9000,1.00356052899
355571,355577,357574,6,1997,2,9000,1.00300450676
355582,355589,357317,7,1728,2,9000,1.00405092593
355592,355599,357291,7,1692,2,9000,1.00413711584
355603,355610,357376,7,1766,2,9000,1.00396375991
355614,355620,357417,6,1797,2,9000,1.00333889816
355625,355631,357379,6,1748,2,9000,1.00343249428
355635,355642,357389,7,1747,2,9000,1.00400686892
355646,355652,357414,6,1762,2,9000,1.00340522134
355657,355663,357532,6,1869,2,9000,1.00321027287
355668,355674,357516,6,1842,2,9000,1.00325732899
355669,359296,362245,3627,2949,2,7200,2.22990844354
355741,359348,362240,3607,2892,2,7200,2.24723374827
355756,359363,362298,3607,2935,2,7200,2.22896081772
355895,359502,362701,3607,3199,2,7200,2.12753985621
355928,355934,359076,6,3142,2,7200,1.00190961171
355943,355949,358870,6,2921,2,7200,1.00205409106
356109,356115,359186,6,3071,2,7200,1.00195376099
356124,356130,359083,6,2953,2,7200,1.00203183204
356172,356178,358970,6,2792,2,7200,1.00214899713
356218,356224,359221,6,2997,2,7200,1.002002002
356236,356242,359308,6,3066,2,7200,1.00195694716
356251,356257,359329,6,3072,2,7200,1.001953125
356290,356296,359179,6,2883,2,7200,1.00208116545
356311,356317,359350,6,3033,2,7200,1.00197823937
356362,356368,359425,6,3057,2,7200,1.00196270854
356477,356483,359313,6,2830,2,7200,1.00212014134
357962,357968,358235,6,267,1,3600,1.02247191011
358139,358146,358153,7,7,1,1800,1.4
358190,358196,358374,6,178,1,3600,1.03370786517
358367,358373,359143,6,770,1,3600,1.00779220779
358373,358379,358460,6,81,1,1800,1.07407407407
358508,358514,359768,6,1254,1,3600,1.004784689
358872,358878,362016,6,3138,2,7200,1.00191204589
358972,358978,361969,6,2991,2,7200,1.00200601805
359029,359035,359127,6,92,1,1800,1.0652173913
359078,359084,362095,6,3011,2,7200,1.00199269346
359093,359099,361929,6,2830,2,7200,1.00212014134
359180,359186,361962,6,2776,2,7200,1.00216138329
359195,359201,362359,6,3158,2,7200,1.00189993667
359222,359228,362140,6,2912,2,7200,1.00206043956
359312,359318,362284,6,2966,2,7200,1.0020229265
359327,359333,362381,6,3048,2,7200,1.00196850394
359342,359353,362405,11,3052,2,7200,1.00360419397
359357,359368,362265,11,2897,2,7200,1.00379703141
359367,359375,360997,8,1622,2,9000,1.00493218249
359378,359384,361017,6,1633,2,9000,1.00367421923
359389,359395,361055,6,1660,2,9000,1.00361445783
359395,359403,360944,8,1541,1,3600,1.00519143413
359399,359409,361038,10,1629,2,9000,1.00613873542
359410,359416,361027,6,1611,2,9000,1.00372439479
359421,359428,361043,7,1615,2,9000,1.00433436533
359427,359434,362340,7,2906,2,7200,1.00240880936
359431,359442,361037,11,1595,2,9000,1.00689655172
359442,359449,361060,7,1611,2,9000,1.00434512725
359453,359459,361054,6,1595,2,9000,1.00376175549
359464,359470,361061,6,1591,2,9000,1.00377121307
359475,359482,361076,7,1594,2,9000,1.00439146801
359485,359491,361086,6,1595,2,9000,1.00376175549
359496,359508,361114,12,1606,2,9000,1.00747198007
359499,359522,361102,23,1580,2,9000,1.01455696203
359517,359534,361113,17,1579,2,9000,1.01076630779
359517,359528,361089,11,1561,2,9000,1.00704676489
359528,359540,361124,12,1584,2,9000,1.00757575758
359539,359547,361118,8,1571,2,9000,1.0050922979
359539,359552,361125,13,1573,2,9000,1.00826446281
359550,359558,361151,8,1593,2,9000,1.00502197112
359550,359564,361125,14,1561,2,9000,1.00896860987
359561,359570,361124,9,1554,2,9000,1.00579150579
359561,359575,361143,14,1568,2,9000,1.00892857143
359572,359582,361136,10,1554,2,9000,1.00643500644
359573,359588,361133,15,1545,2,9000,1.00970873786
359583,359595,361176,12,1581,2,9000,1.00759013283
359594,359602,361150,8,1548,2,9000,1.00516795866
359605,359611,361179,6,1568,2,9000,1.00382653061
359615,359623,361202,8,1579,2,9000,1.00506649778
359626,359633,361191,7,1558,2,9000,1.00449293967
359637,359643,361198,6,1555,2,9000,1.0038585209
359647,359654,361194,7,1540,2,9000,1.00454545455
359658,359664,361226,6,1562,2,9000,1.00384122919
359669,359675,361233,6,1558,2,9000,1.00385109114
359679,359686,361241,7,1555,2,9000,1.00450160772
359690,359697,361273,7,1576,2,9000,1.00444162437
359701,359707,361285,6,1578,2,9000,1.00380228137
359711,359719,361270,8,1551,2,9000,1.0051579626
359722,359729,361285,7,1556,2,9000,1.00449871465
359733,359740,361293,7,1553,2,9000,1.00450740502
359743,359751,361312,8,1561,2,9000,1.00512491992
359754,359760,361316,6,1556,2,9000,1.00385604113
359765,359771,361323,6,1552,2,9000,1.00386597938
359776,359782,361336,6,1554,2,9000,1.00386100386
359786,359792,361374,6,1582,2,9000,1.00379266751
359797,359803,361354,6,1551,2,9000,1.00386847195
359808,359815,361364,7,1549,2,9000,1.00451904454
359818,359825,361374,7,1549,2,9000,1.00451904454
359829,359836,361419,7,1583,2,9000,1.00442198358
359840,359847,361427,7,1580,2,9000,1.00443037975
359850,359857,361444,7,1587,2,9000,1.00441083806
359861,359867,361466,6,1599,2,9000,1.00375234522
359872,359878,361479,6,1601,2,9000,1.00374765771
359883,359890,361484,7,1594,2,9000,1.00439146801
359893,359901,361495,8,1594,2,9000,1.00501882058
359904,359911,361505,7,1594,2,9000,1.00439146801
359915,359921,361514,6,1593,2,9000,1.00376647834
359925,359932,361530,7,1598,2,9000,1.00438047559
359936,359943,361525,7,1582,2,9000,1.00442477876
359947,359953,361536,6,1583,2,9000,1.00379027164
359958,359965,361582,7,1617,2,9000,1.00432900433
359969,359976,361597,7,1621,2,9000,1.00431832202
359979,359986,361610,7,1624,2,9000,1.00431034483
359990,359997,361618,7,1621,2,9000,1.00431832202
360001,360007,361648,6,1641,2,9000,1.00365630713
360008,360015,361452,7,1437,1,3600,1.00487125957
360011,360022,361639,11,1617,2,9000,1.00680272109
360022,360029,361656,7,1627,2,9000,1.00430239705
360033,360040,361631,7,1591,2,9000,1.00439974859
360044,360050,361633,6,1583,2,9000,1.00379027164
360055,360061,361651,6,1590,2,9000,1.00377358491
360065,360073,361664,8,1591,2,9000,1.0050282841
360076,360083,361680,7,1597,2,9000,1.00438321853
360087,360094,361706,7,1612,2,9000,1.00434243176
360098,360104,361717,6,1613,2,9000,1.00371977681
360111,360117,361728,6,1611,2,9000,1.00372439479
360122,360129,361723,7,1594,2,9000,1.00439146801
360133,360140,361731,7,1591,2,9000,1.00439974859
360144,360151,361710,7,1559,2,9000,1.00449005773
360154,360161,361768,7,1607,2,9000,1.00435594275
360165,360172,361767,7,1595,2,9000,1.00438871473
360176,360183,361775,7,1592,2,9000,1.00439698492
360187,360194,361801,7,1607,2,9000,1.00435594275
360197,360208,361816,11,1608,2,9000,1.00684079602
360208,360218,361835,10,1617,2,9000,1.0061842919
360219,361009,362635,790,1626,2,9000,1.48585485855
360285,360292,360675,7,383,1,1800,1.0182767624
361010,361029,362633,19,1604,2,9000,1.01184538653
361031,361038,362670,7,1632,2,9000,1.00428921569
361041,361048,362616,7,1568,2,9000,1.00446428571
361052,361058,362634,6,1576,2,9000,1.0038071066
361063,361070,362650,7,1580,2,9000,1.00443037975
361074,361081,362692,7,1611,2,9000,1.00434512725
361084,361091,362692,7,1601,2,9000,1.00437226733
361095,361102,362761,7,1659,2,9000,1.00421940928
361106,361112,362834,6,1722,2,9000,1.00348432056
361117,361123,362697,6,1574,2,9000,1.00381194409
361128,361134,362766,6,1632,2,9000,1.00367647059
361138,361145,362764,7,1619,2,9000,1.00432365658
361149,361156,362782,7,1626,2,9000,1.00430504305
361160,361166,362849,6,1683,2,9000,1.00356506239
361171,361178,362836,7,1658,2,9000,1.00422195416
361181,361188,362856,7,1668,2,9000,1.00419664269
361192,361199,362876,7,1677,2,9000,1.00417412045
361203,361209,362791,6,1582,2,9000,1.00379266751
361214,361220,362862,6,1642,2,9000,1.00365408039
361224,361231,362857,7,1626,2,9000,1.00430504305
361235,361241,362881,6,1640,2,9000,1.00365853659
361246,361252,362917,6,1665,2,9000,1.0036036036
361257,361264,362909,7,1645,2,9000,1.00425531915
361267,361274,362942,7,1668,2,9000,1.00419664269
361278,361285,363046,7,1761,2,9000,1.0039750142
361289,361296,363017,7,1721,2,9000,1.00406740267
361300,361307,362875,7,1568,2,9000,1.00446428571
361313,361321,362946,8,1625,2,9000,1.00492307692
361324,361331,362971,7,1640,2,9000,1.00426829268
361335,361341,362981,6,1640,2,9000,1.00365853659
361346,361353,363011,7,1658,2,9000,1.00422195416
361356,361364,363013,8,1649,2,9000,1.00485142511
361367,361374,363069,7,1695,2,9000,1.00412979351
361378,361385,363063,7,1678,2,9000,1.0041716329
361389,361396,363080,7,1684,2,9000,1.0041567696
361399,361406,363124,7,1718,2,9000,1.00407450524
361410,361417,362993,7,1576,2,9000,1.00444162437
361421,361428,363081,7,1653,2,9000,1.00423472474
361432,361438,363067,6,1629,2,9000,1.00368324125
361442,361449,363077,7,1628,2,9000,1.0042997543
361453,361460,363106,7,1646,2,9000,1.0042527339
361464,361470,363148,6,1678,2,9000,1.00357568534
361475,385635,421645,24160,36010,1,36000,1.67092474313
361475,361482,363204,7,1722,2,9000,1.00406504065
361476,361489,365095,13,3606,1,3600,1.00360510261
361485,361496,363144,11,1648,2,9000,1.00667475728
361496,361503,363251,7,1748,2,9000,1.00400457666
361500,361510,361516,10,6,1,1800,1.6
361507,361517,363266,10,1749,2,9000,1.00571755289
361518,361526,363225,8,1699,2,9000,1.00470865215
361528,361535,363122,7,1587,2,9000,1.00441083806
361539,361545,363193,6,1648,2,9000,1.0036407767
361550,361557,363209,7,1652,2,9000,1.00423728814
361561,361567,363245,6,1678,2,9000,1.00357568534
361571,361579,363242,8,1663,2,9000,1.00481058328
361582,361588,363277,6,1689,2,9000,1.00355239787
361593,361599,363273,6,1674,2,9000,1.00358422939
361604,361610,363361,6,1751,2,9000,1.00342661336
361614,361621,363257,7,1636,2,9000,1.00427872861
361625,361631,363309,6,1678,2,9000,1.00357568534
361636,361642,363297,6,1655,2,9000,1.00362537764
361647,361654,363334,7,1680,2,9000,1.00416666667
361658,361664,363247,6,1583,2,9000,1.00379027164
361668,361675,363316,7,1641,2,9000,1.00426569165
361679,361686,363324,7,1638,2,9000,1.00427350427
361681,361693,361736,12,43,1,1800,1.27906976744
361690,361700,363379,10,1679,2,9000,1.00595592615
361701,361708,363399,7,1691,2,9000,1.00413956239
361711,361718,363382,7,1664,2,9000,1.00420673077
361722,361729,363425,7,1696,2,9000,1.00412735849
361733,361739,363421,6,1682,2,9000,1.00356718193
361744,361751,363427,7,1676,2,9000,1.00417661098
361754,361761,363445,7,1684,2,9000,1.0041567696
361765,361772,363471,7,1699,2,9000,1.00412007063
361776,361782,363473,6,1691,2,9000,1.00354819633
361787,361793,363520,6,1727,2,9000,1.00347423277
361797,361803,363410,6,1607,2,9000,1.00373366521
361808,361814,363459,6,1645,2,9000,1.00364741641
361819,361826,363474,7,1648,2,9000,1.00424757282
361830,361837,363503,7,1666,2,9000,1.00420168067
361841,361847,363514,6,1667,2,9000,1.00359928014
361851,361858,363527,7,1669,2,9000,1.00419412822
361862,361869,363531,7,1662,2,9000,1.00421179302
361873,361880,363581,7,1701,2,9000,1.00411522634
361884,361890,363603,6,1713,2,9000,1.00350262697
361894,361901,363569,7,1668,2,9000,1.00419664269
361905,361912,363575,7,1663,2,9000,1.00420926037
361916,361941,363632,25,1691,2,9000,1.01478415139
361932,365576,368414,3644,2838,2,7200,2.28400281889
361965,365582,368525,3617,2943,2,7200,2.22901800883
361970,361976,362061,6,85,1,1800,1.07058823529
361980,365594,368437,3614,2843,2,7200,2.27119240239
362019,365660,368770,3641,3110,2,7200,2.17073954984
362097,365746,368576,3649,2830,2,7200,2.28939929329
362143,365758,368729,3615,2971,2,7200,2.21676203299
362243,365913,368824,3670,2911,2,7200,2.26073514256
362257,365919,368909,3662,2990,2,7200,2.22474916388
362272,365924,368956,3652,3032,2,7200,2.20448548813
362287,365929,368772,3642,2843,2,7200,2.28104115371
362302,365935,368845,3633,2910,2,7200,2.24845360825
362342,365955,368780,3613,2825,2,7200,2.2789380531
362360,365997,368884,3637,2887,2,7200,2.2597852442
362363,362370,362457,7,87,1,3600,1.08045977011
362381,366002,369153,3621,3151,2,7200,2.14915899714
362408,366023,369056,3615,3033,2,7200,2.1918892186
362581,362588,362831,7,243,1,3600,1.02880658436
362701,362707,365738,6,3031,2,7200,1.0019795447
362726,362733,362997,7,264,1,1800,1.02651515152
363118,363125,363627,7,502,1,3600,1.01394422311
365208,365215,365300,7,85,1,3600,1.08235294118
365436,365443,365689,7,246,1,3600,1.02845528455
365504,365509,365588,5,79,1,1800,1.06329113924
365740,365751,368623,11,2872,2,7200,1.00383008357
365841,365847,365949,6,102,1,1800,1.05882352941
365991,366008,366913,17,905,1,3600,1.01878453039
366006,366014,367757,8,1743,2,9000,1.00458978772
366017,366029,367744,12,1715,2,9000,1.00699708455
366028,366035,367800,7,1765,2,9000,1.00396600567
366028,366041,367683,13,1642,2,9000,1.00791717418
366039,366053,367704,14,1651,2,9000,1.00847970927
366039,366047,367687,8,1640,2,9000,1.00487804878
366050,366065,367774,15,1709,2,9000,1.00877706261
366050,366060,367715,10,1655,2,9000,1.00604229607
366061,366071,367777,10,1706,2,9000,1.00586166471
366062,366077,367725,15,1648,2,9000,1.00910194175
366072,366083,367789,11,1706,2,9000,1.00644783118
366073,366089,367830,16,1741,2,9000,1.00919012062
366083,366095,367866,12,1771,2,9000,1.00677583286
366094,366102,367832,8,1730,2,9000,1.00462427746
366094,366107,367814,13,1707,2,9000,1.00761570006
366105,366113,367753,8,1640,2,9000,1.00487804878
366106,366119,367751,13,1632,2,9000,1.00796568627
366116,366125,367788,9,1663,2,9000,1.00541190619
366117,366131,367799,14,1668,2,9000,1.00839328537
366127,366138,367857,11,1719,2,9000,1.00639906923
366128,366143,367836,15,1693,2,9000,1.00886001181
366139,366150,367905,11,1755,2,9000,1.00626780627
366139,366155,367888,16,1733,2,9000,1.00923254472
366150,366161,367915,11,1754,2,9000,1.0062713797
366160,366168,367887,8,1719,2,9000,1.00465386853
366171,366177,367945,6,1768,2,9000,1.00339366516
366182,366188,367893,6,1705,2,9000,1.00351906158
366192,366200,367907,8,1707,2,9000,1.00468658465
366203,366209,367852,6,1643,2,9000,1.00365185636
366214,366221,367861,7,1640,2,9000,1.00426829268
366224,366232,367917,8,1685,2,9000,1.00474777448
366235,366242,367897,7,1655,2,9000,1.00422960725
366246,366253,367951,7,1698,2,9000,1.00412249706
366257,366263,367932,6,1669,2,9000,1.00359496705
366267,366273,367997,6,1724,2,9000,1.00348027842
366278,366285,368015,7,1730,2,9000,1.00404624277
366289,366295,367993,6,1698,2,9000,1.0035335689
366299,366305,367968,6,1663,2,9000,1.00360793746
366310,366317,368041,7,1724,2,9000,1.00406032483
366321,366328,368024,7,1696,2,9000,1.00412735849
366331,366338,367968,7,1630,2,9000,1.00429447853
366342,366348,368008,6,1660,2,9000,1.00361445783
366353,366359,368021,6,1662,2,9000,1.0036101083
366364,366371,368050,7,1679,2,9000,1.0041691483
366374,366380,368101,6,1721,2,9000,1.00348634515
366385,366392,368071,7,1679,2,9000,1.0041691483
366396,366403,368190,7,1787,2,9000,1.00391717963
366406,366413,368140,7,1727,2,9000,1.00405327157
366417,366424,368166,7,1742,2,9000,1.00401836969
366428,366434,368142,6,1708,2,9000,1.00351288056
366438,366445,368185,7,1740,2,9000,1.00402298851
366446,366452,368114,6,1662,2,9000,1.0036101083
366457,366464,368091,7,1627,2,9000,1.00430239705
366468,366475,368108,7,1633,2,9000,1.0042865891
366478,366484,368178,6,1694,2,9000,1.00354191263
366489,366495,368137,6,1642,2,9000,1.00365408039
366500,366507,368149,7,1642,2,9000,1.00426309379
366511,366518,368191,7,1673,2,9000,1.00418410042
366522,366528,368173,6,1645,2,9000,1.00364741641
366532,366538,368178,6,1640,2,9000,1.00365853659
366543,366549,368195,6,1646,2,9000,1.00364520049
366554,366561,368216,7,1655,2,9000,1.00422960725
366565,366572,368232,7,1660,2,9000,1.00421686747
366576,366583,368222,7,1639,2,9000,1.00427089689
366579,366589,368239,10,1650,2,9000,1.00606060606
366589,366597,368242,8,1645,2,9000,1.00486322188
366600,366606,368256,6,1650,2,9000,1.00363636364
366611,366618,368191,7,1573,2,9000,1.00445009536
366622,366629,368279,7,1650,2,9000,1.00424242424
366633,366639,368222,6,1583,2,9000,1.00379027164
366643,366651,368248,8,1597,2,9000,1.00500939261
366650,366657,367037,7,380,1,1800,1.01842105263
366654,366664,368289,10,1625,2,9000,1.00615384615
366665,366672,368305,7,1633,2,9000,1.0042865891
366676,366682,368327,6,1645,2,9000,1.00364741641
366686,366694,368338,8,1644,2,9000,1.00486618005
366697,366704,368335,7,1631,2,9000,1.00429184549
366712,366718,368355,6,1637,2,9000,1.0036652413
366723,366730,368370,7,1640,2,9000,1.00426829268
366734,366740,368363,6,1623,2,9000,1.00369685767
366744,366751,368317,7,1566,2,9000,1.00446998723
366755,366762,368347,7,1585,2,9000,1.00441640379
366766,366772,368352,6,1580,2,9000,1.00379746835
366777,366784,368361,7,1577,2,9000,1.00443880786
366787,366795,368386,8,1591,2,9000,1.0050282841
366798,367695,369287,897,1592,2,9000,1.56344221106
367692,367702,369352,10,1650,2,9000,1.00606060606
367703,367716,369333,13,1617,2,9000,1.00803957947
367713,367727,369284,14,1557,2,9000,1.00899165061
367724,367737,369301,13,1564,2,9000,1.00831202046
367735,367757,369330,22,1573,2,9000,1.01398601399
367756,367764,369360,8,1596,2,9000,1.00501253133
367767,367773,369370,6,1597,2,9000,1.00375704446
367778,367784,369386,6,1602,2,9000,1.00374531835
367788,367795,369423,7,1628,2,9000,1.0042997543
367799,367806,369465,7,1659,2,9000,1.00421940928
367810,367817,369456,7,1639,2,9000,1.00427089689
367821,367828,369461,7,1633,2,9000,1.0042865891
367831,367839,369482,8,1643,2,9000,1.00486914181
367842,367849,369463,7,1614,2,9000,1.00433705081
367853,367859,369500,6,1641,2,9000,1.00365630713
367864,367870,369494,6,1624,2,9000,1.00369458128
367875,367881,369577,6,1696,2,9000,1.00353773585
367886,367892,369522,6,1630,2,9000,1.0036809816
367897,367904,369490,7,1586,2,9000,1.00441361917
367913,367919,369603,6,1684,2,9000,1.00356294537
367924,367930,369558,6,1628,2,9000,1.00368550369
367935,367942,369540,7,1598,2,9000,1.00438047559
367945,367951,369553,6,1602,2,9000,1.00374531835
367956,367962,369602,6,1640,2,9000,1.00365853659
367967,367973,369632,6,1659,2,9000,1.00361663653
367978,367985,369626,7,1641,2,9000,1.00426569165
367988,367995,369670,7,1675,2,9000,1.00417910448
367999,368007,369655,8,1648,2,9000,1.00485436893
368010,368017,369787,7,1770,2,9000,1.00395480226
368021,368027,369700,6,1673,2,9000,1.00358637179
368031,368038,369824,7,1786,2,9000,1.0039193729
368042,368049,369703,7,1654,2,9000,1.00423216445
368053,368059,369885,6,1826,2,9000,1.00328587076
368064,368070,369706,6,1636,2,9000,1.00366748166
368074,368081,369764,7,1683,2,9000,1.00415923945
368085,368092,369934,7,1842,2,9000,1.00380021716
368096,368103,369721,7,1618,2,9000,1.0043263288
368107,368113,369749,6,1636,2,9000,1.00366748166
368117,368124,369791,7,1667,2,9000,1.00419916017
368128,368134,369840,6,1706,2,9000,1.00351699883
368139,368145,370007,6,1862,2,9000,1.00322234157
368149,368157,370025,8,1868,2,9000,1.00428265525
368160,368166,369814,6,1648,2,9000,1.0036407767
368171,368178,369804,7,1626,2,9000,1.00430504305
368182,368189,369818,7,1629,2,9000,1.00429711479
368192,368200,369810,8,1610,2,9000,1.0049689441
368203,368209,369844,6,1635,2,9000,1.00366972477
368214,368221,369861,7,1640,2,9000,1.00426829268
368225,368232,369901,7,1669,2,9000,1.00419412822
368235,368241,369859,6,1618,2,9000,1.00370828183
368246,368252,369866,6,1614,2,9000,1.00371747212
368257,368263,369959,6,1696,2,9000,1.00353773585
368267,368275,370037,8,1762,2,9000,1.00454029512
368278,368284,369955,6,1671,2,9000,1.00359066427
368289,368295,370157,6,1862,2,9000,1.00322234157
368300,368306,370144,6,1838,2,9000,1.00326441785
368310,368317,370209,7,1892,2,9000,1.00369978858
368321,368327,369992,6,1665,2,9000,1.0036036036
368332,368338,370004,6,1666,2,9000,1.00360144058
368343,368349,369967,6,1618,2,9000,1.00370828183
368353,368361,369974,8,1613,2,9000,1.00495970242
368364,368370,370066,6,1696,2,9000,1.00353773585
368375,368381,370070,6,1689,2,9000,1.00355239787
368385,368392,370113,7,1721,2,9000,1.00406740267
368396,368403,370070,7,1667,2,9000,1.00419916017
368407,368414,370077,7,1663,2,9000,1.00420926037
368417,372034,374829,3617,2795,2,7200,2.29409660107
368438,368444,368488,6,44,1,1800,1.13636363636
368438,372049,375199,3611,3150,2,7200,2.14634920635
368526,372192,375156,3666,2964,2,7200,2.23684210526
368577,372197,375183,3620,2986,2,7200,2.2123241795
368625,368631,371515,6,2884,2,7200,1.00208044383
368731,368737,371671,6,2934,2,7200,1.00204498978
368770,368777,371587,7,2810,2,7200,1.0024911032
368772,368784,371660,12,2876,2,7200,1.00417246175
368787,368793,371814,6,3021,2,7200,1.00198609732
368795,368802,368877,7,75,1,1800,1.09333333333
368826,368833,371717,7,2884,2,7200,1.00242718447
368848,368854,371867,6,3013,2,7200,1.00199137073
368887,368893,371772,6,2879,2,7200,1.00208405696
368911,368917,371887,6,2970,2,7200,1.00202020202
368959,368966,371958,7,2992,2,7200,1.00233957219
369059,369065,372056,6,2991,2,7200,1.00200601805
369156,369162,372037,6,2875,2,7200,1.00208695652
369507,369514,369772,7,258,1,1800,1.02713178295
371517,371523,374503,6,2980,2,7200,1.00201342282
371590,371596,374680,6,3084,2,7200,1.00194552529
371662,371668,374692,6,3024,2,7200,1.00198412698
371677,371683,374750,6,3067,2,7200,1.0019563091
371719,371726,374963,7,3237,2,7200,1.00216249614
371774,371780,374672,6,2892,2,7200,1.0020746888
371816,371822,374681,6,2859,2,7200,1.00209863589
371870,371876,374850,6,2974,2,7200,1.00201748487
371888,371894,374826,6,2932,2,7200,1.00204638472
371961,371967,374810,6,2843,2,7200,1.00211044671
372037,372043,374957,6,2914,2,7200,1.00205902539
372058,372064,375117,6,3053,2,7200,1.00196528005
372191,372204,373889,13,1685,2,9000,1.00771513353
372201,372210,373892,9,1682,2,9000,1.00535077289
372202,372216,373963,14,1747,2,9000,1.00801373784
372212,372222,374101,10,1879,2,9000,1.00532197978
372213,372228,374153,15,1925,2,9000,1.00779220779
372223,372234,374134,11,1900,2,9000,1.00578947368
372224,372240,374110,16,1870,2,9000,1.00855614973
372235,372252,374051,17,1799,2,9000,1.00944969427
372235,372246,373973,11,1727,2,9000,1.00636942675
372246,372258,374194,12,1936,2,9000,1.00619834711
372257,372264,374323,7,2059,2,9000,1.0033997086
372257,372270,374332,13,2062,2,9000,1.00630455868
372268,372276,374311,8,2035,2,9000,1.00393120393
372268,372282,374452,14,2170,2,9000,1.0064516129
372279,372288,374016,9,1728,2,9000,1.00520833333
372282,372293,374184,11,1891,2,9000,1.00581702803
372293,372299,374317,6,2018,2,9000,1.00297324083
372294,372304,374419,10,2115,2,9000,1.00472813239
372304,372311,374431,7,2120,2,9000,1.00330188679
372305,372316,374417,11,2101,2,9000,1.00523560209
372316,372322,374477,6,2155,2,9000,1.00278422274
372316,372328,374544,12,2216,2,9000,1.00541516245
372327,372335,374505,8,2170,2,9000,1.00368663594
372339,372350,374021,11,1671,2,9000,1.0065828845
372339,372345,374036,6,1691,2,9000,1.00354819633
372350,372358,374036,8,1678,2,9000,1.00476758045
372360,372368,374047,8,1679,2,9000,1.00476474092
372371,372377,374022,6,1645,2,9000,1.00364741641
372382,372388,374052,6,1664,2,9000,1.00360576923
372393,372399,374050,6,1651,2,9000,1.00363416111
372403,372409,374071,6,1662,2,9000,1.0036101083
372414,372420,374109,6,1689,2,9000,1.00355239787
372425,372431,374109,6,1678,2,9000,1.00357568534
372436,372442,374120,6,1678,2,9000,1.00357568534
372446,372452,374080,6,1628,2,9000,1.00368550369
372457,372464,374119,7,1655,2,9000,1.00422960725
372464,372470,374220,6,1750,2,9000,1.00342857143
372518,372525,374121,7,1596,2,9000,1.00438596491
372529,372535,374159,6,1624,2,9000,1.00369458128
372539,372547,374141,8,1594,2,9000,1.00501882058
372550,372557,374166,7,1609,2,9000,1.00435052828
372561,372568,374142,7,1574,2,9000,1.00444726811
372572,372578,374145,6,1567,2,9000,1.00382897256
372582,372589,374176,7,1587,2,9000,1.00441083806
372593,372599,374201,6,1602,2,9000,1.00374531835
372604,372611,374212,7,1601,2,9000,1.00437226733
372614,372622,374217,8,1595,2,9000,1.00501567398
372625,372631,374258,6,1627,2,9000,1.0036877689
372636,372642,374258,6,1616,2,9000,1.00371287129
372647,372654,374267,7,1613,2,9000,1.00433973962
372657,372665,374285,8,1620,2,9000,1.0049382716
372668,372675,374277,7,1602,2,9000,1.00436953808
372679,372685,374296,6,1611,2,9000,1.00372439479
372690,372697,374307,7,1610,2,9000,1.00434782609
372700,372707,374313,7,1606,2,9000,1.00435865504
372711,372718,374324,7,1606,2,9000,1.00435865504
372722,372729,374333,7,1604,2,9000,1.00436408978
372733,372739,374337,6,1598,2,9000,1.00375469337
372743,372749,374374,6,1625,2,9000,1.00369230769
372754,372760,374365,6,1605,2,9000,1.00373831776
372765,372771,374350,6,1579,2,9000,1.00379987334
372776,372783,374370,7,1587,2,9000,1.00441083806
372786,372793,374399,7,1606,2,9000,1.00435865504
372797,372804,374404,7,1600,2,9000,1.004375
372808,372815,374407,7,1592,2,9000,1.00439698492
372819,372825,374434,6,1609,2,9000,1.00372902424
372829,372836,374422,7,1586,2,9000,1.00441361917
372840,372846,374467,6,1621,2,9000,1.00370141888
372851,372858,374455,7,1597,2,9000,1.00438321853
372861,372869,374446,8,1577,2,9000,1.00507292327
372872,372879,374445,7,1566,2,9000,1.00446998723
372883,372889,374461,6,1572,2,9000,1.00381679389
372894,372900,374531,6,1631,2,9000,1.00367872471
372904,372911,374555,7,1644,2,9000,1.00425790754
372915,372922,374557,7,1635,2,9000,1.00428134557
372926,372932,374570,6,1638,2,9000,1.00366300366
372937,372943,374577,6,1634,2,9000,1.00367197062
372947,372954,374554,7,1600,2,9000,1.004375
372958,372964,374562,6,1598,2,9000,1.00375469337
372969,372975,374584,6,1609,2,9000,1.00372902424
372980,372986,374575,6,1589,2,9000,1.00377595972
372990,372997,374607,7,1610,2,9000,1.00434782609
373001,373007,374606,6,1599,2,9000,1.00375234522
373012,373019,374610,7,1591,2,9000,1.00439974859
373023,373900,375518,877,1618,2,9000,1.54202719407
373906,373915,375546,9,1631,2,9000,1.00551808706
373917,373975,375617,58,1642,2,9000,1.0353227771
374004,374012,375661,8,1649,2,9000,1.00485142511
374015,374028,375671,13,1643,2,9000,1.00791235545
374026,374035,375691,9,1656,2,9000,1.00543478261
374037,374043,375699,6,1656,2,9000,1.00362318841
374048,374054,375703,6,1649,2,9000,1.00363856883
374058,374064,375731,6,1667,2,9000,1.00359928014
374069,374075,375690,6,1615,2,9000,1.00371517028
374080,374087,375728,7,1641,2,9000,1.00426569165
374091,374097,375716,6,1619,2,9000,1.00370599135
374101,374107,375722,6,1615,2,9000,1.00371517028
374112,374118,375727,6,1609,2,9000,1.00372902424
374123,374130,375757,7,1627,2,9000,1.00430239705
374134,374140,375780,6,1640,2,9000,1.00365853659
374144,374150,375848,6,1698,2,9000,1.0035335689
374155,374162,375796,7,1634,2,9000,1.00428396573
374166,374172,375826,6,1654,2,9000,1.00362756953
374177,374183,375835,6,1652,2,9000,1.00363196126
374187,374194,375831,7,1637,2,9000,1.00427611484
374198,374204,375830,6,1626,2,9000,1.0036900369
374209,374215,375834,6,1619,2,9000,1.00370599135
374219,374226,375860,7,1634,2,9000,1.00428396573
374230,374237,375878,7,1641,2,9000,1.00426569165
374241,374248,375872,7,1624,2,9000,1.00431034483
374252,374259,375875,7,1616,2,9000,1.00433168317
374262,374269,375889,7,1620,2,9000,1.00432098765
374273,374280,375907,7,1627,2,9000,1.00430239705
374284,374291,375935,7,1644,2,9000,1.00425790754
374295,374302,375941,7,1639,2,9000,1.00427089689
374305,374313,375951,8,1638,2,9000,1.00488400488
374316,374322,375978,6,1656,2,9000,1.00362318841
374327,374334,375970,7,1636,2,9000,1.00427872861
374338,374344,376005,6,1661,2,9000,1.00361228176
374348,374355,376015,7,1660,2,9000,1.00421686747
374359,374366,376024,7,1658,2,9000,1.00422195416
374370,374376,376000,6,1624,2,9000,1.00369458128
374380,374387,376018,7,1631,2,9000,1.00429184549
374391,374397,376035,6,1638,2,9000,1.00366300366
374402,374408,376031,6,1623,2,9000,1.00369685767
374413,374420,376036,7,1616,2,9000,1.00433168317
374423,374431,376036,8,1605,2,9000,1.00498442368
374434,374440,376094,6,1654,2,9000,1.00362756953
374445,374451,376098,6,1647,2,9000,1.00364298725
374456,374463,376114,7,1651,2,9000,1.00423985463
374466,374473,376116,7,1643,2,9000,1.00426049909
374477,374483,376154,6,1671,2,9000,1.00359066427
374488,374495,376143,7,1648,2,9000,1.00424757282
374499,374506,376141,7,1635,2,9000,1.00428134557
374506,378136,381198,3630,3062,2,7200,2.18549967342
374675,374681,377671,6,2990,2,7200,1.00200668896
374691,374697,377698,6,3001,2,7200,1.00199933356
374692,374703,377680,11,2977,2,7200,1.00369499496
374707,374713,377715,6,3002,2,7200,1.00199866755
374749,374755,377727,6,2972,2,7200,1.00201884253
374813,374819,377778,6,2959,2,7200,1.00202771206
374828,374834,377770,6,2936,2,7200,1.00204359673
374843,374849,378039,6,3190,2,7200,1.00188087774
374858,374864,377637,6,2773,2,7200,1.0021637216
374961,374967,377880,6,2913,2,7200,1.00205973223
374976,374982,377829,6,2847,2,7200,1.00210748156
375118,375124,378044,6,2920,2,7200,1.00205479452
375157,375163,378015,6,2852,2,7200,1.00210378682
375184,375190,378160,6,2970,2,7200,1.00202020202
375202,375208,378125,6,2917,2,7200,1.00205690778
375881,375889,377533,8,1644,2,9000,1.00486618005
375892,375898,377537,6,1639,2,9000,1.00366076876
375903,375909,377547,6,1638,2,9000,1.00366300366
375914,375920,377542,6,1622,2,9000,1.00369913687
375945,375952,377597,7,1645,2,9000,1.00425531915
375955,375962,377582,7,1620,2,9000,1.00432098765
375966,375972,377613,6,1641,2,9000,1.00365630713
375977,375984,377634,7,1650,2,9000,1.00424242424
375987,375994,377662,7,1668,2,9000,1.00419664269
376008,376014,377670,6,1656,2,9000,1.00362318841
376019,376025,377691,6,1666,2,9000,1.00360144058
376030,376035,377670,5,1635,2,9000,1.00305810398
376040,376046,377681,6,1635,2,9000,1.00366972477
376051,376057,377694,6,1637,2,9000,1.0036652413
376062,376068,377694,6,1626,2,9000,1.0036900369
376072,376080,377703,8,1623,2,9000,1.00492914356
376083,376089,377696,6,1607,2,9000,1.00373366521
376094,376100,377717,6,1617,2,9000,1.00371057514
376105,376111,377806,6,1695,2,9000,1.00353982301
376115,376121,377773,6,1652,2,9000,1.00363196126
376126,376132,377780,6,1648,2,9000,1.0036407767
376137,376143,377802,6,1659,2,9000,1.00361663653
376147,376153,377797,6,1644,2,9000,1.00364963504
376158,376164,377810,6,1646,2,9000,1.00364520049
376169,376175,377842,6,1667,2,9000,1.00359928014
376268,385608,394016,9340,8408,2,36000,2.11084681256
377538,377544,379148,6,1604,2,9000,1.00374064838
377548,377554,379148,6,1594,2,9000,1.00376411543
377559,377565,379155,6,1590,2,9000,1.00377358491
377570,377577,379156,7,1579,2,9000,1.00443318556
377591,377597,379242,6,1645,2,9000,1.00364741641
377601,377692,379337,91,1645,2,9000,1.05531914894
377640,377648,380626,8,2978,2,7200,1.00268636669
377674,377682,380731,8,3049,2,7200,1.00262381109
377689,377709,380575,20,2866,2,7200,1.00697836706
377704,377727,380809,23,3082,2,7200,1.00746268657
377719,377738,380794,19,3056,2,7200,1.00621727749
377734,377789,380736,55,2947,2,7200,1.01866304717
377773,377781,380866,8,3085,2,7200,1.00259319287
377786,379171,380807,1385,1636,2,9000,1.84657701711
377788,377840,380763,52,2923,2,7200,1.01778994184
377831,378027,381136,196,3109,2,7200,1.06304277903
377882,377891,380770,9,2879,2,7200,1.00312608545
378017,378051,381002,34,2951,2,7200,1.01152151813
378041,378057,380944,16,2887,2,7200,1.00554208521
378056,378171,381405,115,3234,2,7200,1.03555967842
378125,379159,382038,1034,2879,2,7200,1.3591524835
378162,379165,382189,1003,3024,2,7200,1.33167989418
378248,385614,394251,7366,8637,2,36000,1.85284242214
378252,378269,378359,17,90,1,3600,1.18888888889
378252,378258,378496,6,238,1,3600,1.02521008403
378252,378263,378408,11,145,1,3600,1.07586206897
378253,378275,378369,22,94,1,3600,1.23404255319
378253,378280,378379,27,99,1,3600,1.27272727273
378254,378285,378361,31,76,1,3600,1.40789473684
378254,378296,378386,42,90,1,3600,1.46666666667
378254,378291,378350,37,59,1,3600,1.62711864407
378255,378302,378380,47,78,1,3600,1.60256410256
378255,378313,378367,58,54,1,3600,2.07407407407
378255,378307,378364,52,57,1,3600,1.91228070175
378256,378318,378379,62,61,1,3600,2.01639344262
378256,378324,378380,68,56,1,3600,2.21428571429
378256,378329,378375,73,46,1,3600,2.58695652174
378257,378340,378392,83,52,1,3600,2.59615384615
378257,378334,378393,77,59,1,3600,2.30508474576
378258,378345,378384,87,39,1,3600,3.23076923077
378258,378351,378401,93,50,1,3600,2.86
378258,378356,378402,98,46,1,3600,3.13043478261
378259,378361,378398,102,37,1,3600,3.75675675676
378274,385656,400083,7382,14427,1,14400,1.51167948985
378274,400089,414521,21815,14432,1,14400,2.51157150776
378275,429964,436247,51689,6283,1,14400,9.22680248289
378275,414527,428969,36252,14442,1,14400,3.51017864562
378276,436253,436256,57977,3,1,14400,5798.0
378765,385646,391304,6881,5658,4,7200,2.21615411806
379103,385630,395593,6527,9963,2,36000,1.65512395865
379164,379177,380824,13,1647,2,9000,1.00789313904
379174,379254,380898,80,1644,2,9000,1.04866180049
379175,379348,380987,173,1639,2,9000,1.10555216595
379257,380750,382364,1493,1614,2,9000,1.92503097893
379350,380835,382406,1485,1571,2,9000,1.94525779758
380086,385651,414479,5565,28828,4,28800,1.19304148744
380087,443647,472545,63560,28898,4,28800,3.19946017025
380087,414490,443323,34403,28833,4,28800,2.19318142406
380088,484767,484890,104679,123,4,28800,852.048780488
380089,492259,492285,112170,26,4,28800,4315.23076923
380089,488423,488547,108334,124,4,28800,874.661290323
380090,506251,506332,126161,81,4,28800,1558.54320988
380091,506344,506361,126253,17,4,28800,7427.64705882
380092,506396,506406,126304,10,4,28800,12631.4
380092,506373,506385,126281,12,4,28800,10524.4166667
380429,380437,380461,8,24,4,3600,1.33333333333
380507,380513,380554,6,41,4,3600,1.14634146341
380577,380586,383338,9,2752,2,7200,1.00327034884
380613,380619,380809,6,190,4,3600,1.03157894737
380629,380637,383617,8,2980,2,7200,1.00268456376
380733,380743,383832,10,3089,2,7200,1.00323729362
380747,380774,383662,27,2888,2,7200,1.00934903047
380765,380782,383956,17,3174,2,7200,1.00535601764
380780,380819,383874,39,3055,2,7200,1.01276595745
380795,380805,383854,10,3049,2,7200,1.00327976386
380810,380825,383720,15,2895,2,7200,1.00518134715
380823,380909,382523,86,1614,2,9000,1.05328376704
380834,380998,382621,164,1623,2,9000,1.10104744301
380868,380878,383831,10,2953,2,7200,1.00338638673
380881,380888,381266,7,378,4,900,1.01851851852
380885,380894,380946,9,52,4,3600,1.17307692308
380906,382375,383973,1469,1598,2,9000,1.91927409262
380947,380955,383976,8,3021,2,7200,1.00264812976
380960,380966,381009,6,43,4,3600,1.13953488372
380999,382418,384041,1419,1623,2,9000,1.87430683919
381005,381014,384028,9,3014,2,7200,1.00298606503
381121,381127,381785,6,658,4,3600,1.00911854103
381138,381147,384128,9,2981,2,7200,1.0030191211
381199,381209,384003,10,2794,2,7200,1.00357909807
381390,381397,382146,7,749,1,3600,1.00934579439
381407,381417,384325,10,2908,2,7200,1.00343878955
381916,381922,382686,6,764,4,3300,1.00785340314
382039,382049,385310,10,3261,2,7200,1.003066544
382190,382200,384962,10,2762,2,7200,1.00362056481
382379,382534,384202,155,1668,2,9000,1.09292565947
382420,382632,384291,212,1659,2,9000,1.12778782399
382533,383991,385635,1458,1644,2,9000,1.88686131387
382635,384053,385706,1418,1653,2,9000,1.85783424077
382877,385640,393252,2763,7612,2,43200,1.36297950604
383341,383349,386441,8,3092,2,7200,1.00258732212
383619,383628,386645,9,3017,2,7200,1.00298309579
383665,383673,386762,8,3089,2,7200,1.0025898349
383722,383731,386736,9,3005,2,7200,1.00299500832
383822,385598,387521,1776,1923,1,7200,1.92355694228
383834,383842,386810,8,2968,2,7200,1.00269541779
383835,383848,386878,13,3030,2,7200,1.00429042904
383853,383865,386752,12,2887,2,7200,1.00415656391
383871,383885,386924,14,3039,2,7200,1.00460677855
383959,383968,386787,9,2819,2,7200,1.0031926215
383977,383984,387139,7,3155,2,7200,1.00221870048
383993,384213,385857,220,1644,2,9000,1.13381995134
384004,384014,387010,10,2996,2,7200,1.00333778371
384032,384039,386954,7,2915,2,7200,1.00240137221
384055,384303,385955,248,1652,2,9000,1.15012106538
384131,384139,387346,8,3207,2,7200,1.00249454319
384219,385619,387270,1400,1651,2,9000,1.84797092671
384301,385624,387291,1323,1667,2,9000,1.79364127175
384328,384336,387269,8,2933,2,7200,1.00272758268
384963,384973,387844,10,2871,2,7200,1.00348310693
385311,385321,388361,10,3040,2,7200,1.00328947368
385376,385603,389227,227,3624,16,3600,1.06263796909
385624,385663,387303,39,1640,2,9000,1.0237804878
385624,385668,387308,44,1640,2,9000,1.02682926829
385665,385675,387349,10,1674,2,9000,1.00597371565
385666,385680,387345,14,1665,2,9000,1.00840840841
385677,385687,387318,10,1631,2,9000,1.00613120785
385677,385693,387332,16,1639,2,9000,1.00976205003
385688,385699,387319,11,1620,2,9000,1.00679012346
385688,385705,387344,17,1639,2,9000,1.01037217816
385699,385711,387376,12,1665,2,9000,1.00720720721
385710,385723,387401,13,1678,2,9000,1.00774731824
385710,385717,387391,7,1674,2,9000,1.00418160096
385721,385729,387415,8,1686,2,9000,1.00474495848
385721,385734,387422,13,1688,2,9000,1.0077014218
385732,385741,387415,9,1674,2,9000,1.00537634409
385733,385747,387390,14,1643,2,9000,1.00852099817
385743,385753,387388,10,1635,2,9000,1.00611620795
385744,385759,387406,15,1647,2,9000,1.00910746812
385754,385765,387408,11,1643,2,9000,1.00669506999
385755,385770,387419,15,1649,2,9000,1.00909642207
385766,385777,387399,11,1622,2,9000,1.00678175092
385766,385783,387389,17,1606,2,9000,1.01058530511
385787,385793,387454,6,1661,2,9000,1.00361228176
385798,385804,387454,6,1650,2,9000,1.00363636364
385809,385815,387461,6,1646,2,9000,1.00364520049
385819,385825,387465,6,1640,2,9000,1.00365853659
385830,385836,387503,6,1667,2,9000,1.00359928014
385841,385847,387487,6,1640,2,9000,1.00365853659
385851,385858,387502,7,1644,2,9000,1.00425790754
385862,385868,387502,6,1634,2,9000,1.00367197062
385873,385879,387527,6,1648,2,9000,1.0036407767
385884,385890,387525,6,1635,2,9000,1.00366972477
385894,385902,387549,8,1647,2,9000,1.00485731633
385905,385912,387616,7,1704,2,9000,1.00410798122
385916,385922,387665,6,1743,2,9000,1.00344234079
385927,385933,387612,6,1679,2,9000,1.00357355569
385938,385944,387691,6,1747,2,9000,1.00343445907
385948,385955,387807,7,1852,2,9000,1.00377969762
385959,385965,387832,6,1867,2,9000,1.00321371184
385970,385976,387941,6,1965,2,9000,1.00305343511
385980,385987,387914,7,1927,2,9000,1.00363258952
385991,385998,387704,7,1706,2,9000,1.0041031653
386002,386008,387731,6,1723,2,9000,1.00348229832
386013,386019,387805,6,1786,2,9000,1.00335946249
386024,386030,387816,6,1786,2,9000,1.00335946249
386034,386040,387909,6,1869,2,9000,1.00321027287
386045,386051,388042,6,1991,2,9000,1.00301356102
386056,386062,388055,6,1993,2,9000,1.00301053688
386066,386073,387832,7,1759,2,9000,1.00397953383
386077,386083,387805,6,1722,2,9000,1.00348432056
386088,386094,387885,6,1791,2,9000,1.00335008375
386099,386105,387972,6,1867,2,9000,1.00321371184
386110,386116,387950,6,1834,2,9000,1.00327153762
386120,386126,388121,6,1995,2,9000,1.0030075188
386131,386137,388145,6,2008,2,9000,1.00298804781
386142,386148,387932,6,1784,2,9000,1.0033632287
386153,386159,387931,6,1772,2,9000,1.00338600451
386163,386170,387995,7,1825,2,9000,1.00383561644
386174,386180,388036,6,1856,2,9000,1.00323275862
386185,386191,388025,6,1834,2,9000,1.00327153762
386196,386208,386209,12,1,2,45000,1.3
386196,386202,388243,6,2041,2,9000,1.00293973542
386207,386214,387931,7,1717,2,9000,1.00407687828
386217,386223,388127,6,1904,2,9000,1.0031512605
386228,386234,388149,6,1915,2,9000,1.00313315927
386239,386247,388176,8,1929,2,9000,1.00414722654
386250,386256,388101,6,1845,2,9000,1.00325203252
386260,386267,388086,7,1819,2,9000,1.00384826828
386271,386277,388116,6,1839,2,9000,1.00326264274
386282,386288,388201,6,1913,2,9000,1.00313643492
386293,386299,388262,6,1963,2,9000,1.0030565461
386304,386310,388129,6,1819,2,9000,1.00329851567
386314,386321,388164,7,1843,2,9000,1.00379815518
386325,386331,388355,6,2024,2,9000,1.00296442688
386336,386342,388122,6,1780,2,9000,1.00337078652
386342,386349,387982,7,1633,2,9000,1.0042865891
386353,386359,388011,6,1652,2,9000,1.00363196126
386363,386369,388025,6,1656,2,9000,1.00362318841
386374,386452,388102,78,1650,2,9000,1.04727272727
386444,390077,392935,3633,2858,2,7200,2.27116864941
386647,390260,393326,3613,3066,2,7200,2.17840834964
386738,390387,393614,3649,3227,2,7200,2.1307716145
386753,390392,393303,3639,2911,2,7200,2.25008588114
386768,390398,393526,3630,3128,2,7200,2.1604859335
386789,390444,393300,3655,2856,2,7200,2.27976190476
386810,390450,393605,3640,3155,2,7200,2.15372424723
386880,390522,393502,3642,2980,2,7200,2.22214765101
386925,390588,393546,3663,2958,2,7200,2.238336714
386956,390593,393672,3637,3079,2,7200,2.18122767132
386960,387361,423373,401,36012,16,36000,1.01113517716
387013,390659,393713,3646,3054,2,7200,2.19384413883
387140,390786,393791,3646,3005,2,7200,2.21331114809
387232,387281,387748,49,467,1,7200,1.10492505353
387270,390792,393784,3522,2992,2,7200,2.17713903743
387349,387355,390436,6,3081,2,7200,1.00194741967
387635,387641,396622,6,8981,2,43200,1.00066807705
387847,387853,390923,6,3070,2,7200,1.00195439739
388363,388369,391312,6,2943,2,7200,1.00203873598
389004,389010,390865,6,1855,2,14400,1.00323450135
389226,389232,515662,6,126430,1,230400,1.00004745709
389588,389600,391727,12,2127,1,7200,1.00564174894
389588,389594,390899,6,1305,1,7200,1.00459770115
389589,389612,392900,23,3288,1,7200,1.00699513382
389589,389623,393653,34,4030,1,7200,1.00843672457
389589,389605,392832,16,3227,1,7200,1.00495816548
389589,389618,394156,29,4538,1,7200,1.00639048039
389590,389646,395843,56,6197,1,7200,1.00903663063
389590,389640,393512,50,3872,1,7200,1.01291322314
389590,389634,392407,44,2773,1,7200,1.01586729174
389590,389629,392556,39,2927,1,7200,1.01332422275
389591,389662,393561,71,3899,1,7200,1.01820979738
389591,389651,391753,60,2102,1,7200,1.02854424358
389591,389657,394588,66,4931,1,7200,1.01338470898
389592,389685,394320,93,4635,1,7200,1.02006472492
389592,389668,393332,76,3664,1,7200,1.02074235808
389592,389673,394995,81,5322,1,7200,1.01521984216
389592,389679,391367,87,1688,1,7200,1.05154028436
389593,389706,395043,113,5337,1,7200,1.0211729436
389593,389695,393673,102,3978,1,7200,1.02564102564
389593,389690,392974,97,3284,1,7200,1.02953714982
390438,390455,393448,17,2993,2,7200,1.00567991981
390788,390809,394458,21,3649,32,3600,1.00575500137
390790,390798,392435,8,1637,2,9000,1.00488698839
390790,390804,392461,14,1657,2,9000,1.00844900422
390801,390821,392465,20,1644,2,9000,1.01216545012
390801,390815,392469,14,1654,2,9000,1.0084643289
390812,390827,392484,15,1657,2,9000,1.00905250453
390823,390839,392510,16,1671,2,9000,1.00957510473
390823,390834,392488,11,1654,2,9000,1.00665054414
390834,390846,392469,12,1623,2,9000,1.00739371534
390845,390858,392523,13,1665,2,9000,1.00780780781
390845,390852,392465,7,1613,2,9000,1.00433973962
390856,390870,392523,14,1653,2,9000,1.00846944949
390856,390864,392501,8,1637,2,9000,1.00488698839
390867,390876,392513,9,1637,2,9000,1.00549786194
390867,390882,392519,15,1637,2,9000,1.00916310324
390878,390888,392537,10,1649,2,9000,1.00606428138
390879,390893,392537,14,1644,2,9000,1.00851581509
390889,390900,392543,11,1643,2,9000,1.00669506999
390890,390906,392536,16,1630,2,9000,1.00981595092
390901,390917,392562,16,1645,2,9000,1.00972644377
390901,390912,392542,11,1630,2,9000,1.00674846626
390912,390924,392554,12,1630,2,9000,1.00736196319
390913,390930,392546,17,1616,2,9000,1.01051980198
390924,390942,392550,18,1608,2,9000,1.01119402985
390926,390936,393659,10,2723,2,7200,1.00367242012
390935,390948,392554,13,1606,2,9000,1.00809464508
390945,390954,392553,9,1599,2,9000,1.00562851782
390956,390962,392584,6,1622,2,9000,1.00369913687
390967,390973,392576,6,1603,2,9000,1.00374298191
390977,390984,392599,7,1615,2,9000,1.00433436533
390988,390994,392623,6,1629,2,9000,1.00368324125
390999,391005,392642,6,1637,2,9000,1.0036652413
391022,391029,392673,7,1644,2,9000,1.00425790754
391033,391039,392688,6,1649,2,9000,1.00363856883
391044,391050,392714,6,1664,2,9000,1.00360576923
391055,391061,392679,6,1618,2,9000,1.00370828183
391065,391071,392714,6,1643,2,9000,1.00365185636
391076,391082,392714,6,1632,2,9000,1.00367647059
391087,391093,392745,6,1652,2,9000,1.00363196126
391097,391104,392754,7,1650,2,9000,1.00424242424
391108,391114,392760,6,1646,2,9000,1.00364520049
391119,391125,392831,6,1706,2,9000,1.00351699883
391130,391136,392792,6,1656,2,9000,1.00362318841
391140,391148,392787,8,1639,2,9000,1.00488102502
391151,391157,392787,6,1630,2,9000,1.0036809816
391162,391168,392799,6,1631,2,9000,1.00367872471
391173,391179,392820,6,1641,2,9000,1.00365630713
391183,391189,392834,6,1645,2,9000,1.00364741641
391194,391200,392830,6,1630,2,9000,1.0036809816
391205,391211,392850,6,1639,2,9000,1.00366076876
391215,391222,392870,7,1648,2,9000,1.00424757282
391226,391232,392896,6,1664,2,9000,1.00360576923
391237,391243,392875,6,1632,2,9000,1.00367647059
391248,391315,392973,67,1658,2,9000,1.04041013269
391316,391324,394357,8,3033,2,7200,1.00263765249
391320,391330,392983,10,1653,2,9000,1.00604960678
391331,391382,393048,51,1666,2,9000,1.0306122449
391382,391768,393437,386,1669,2,9000,1.2312762133
391773,392446,394118,673,1672,2,9000,1.40251196172
392450,392472,394109,22,1637,2,9000,1.01343921808
392471,392478,394141,7,1663,2,9000,1.00420926037
392482,392488,394147,6,1659,2,9000,1.00361663653
392492,392499,394117,7,1618,2,9000,1.0043263288
392503,392510,394170,7,1660,2,9000,1.00421686747
392514,392520,394179,6,1659,2,9000,1.00361663653
392525,392530,394174,5,1644,2,9000,1.00304136253
392535,392542,394204,7,1662,2,9000,1.00421179302
392546,392552,394193,6,1641,2,9000,1.00365630713
392557,392563,394229,6,1666,2,9000,1.00360144058
392568,392573,394226,5,1653,2,9000,1.00302480339
392578,392585,394228,7,1643,2,9000,1.00426049909
392589,392595,394252,6,1657,2,9000,1.00362100181
392600,392606,394249,6,1643,2,9000,1.00365185636
392610,392617,394287,7,1670,2,9000,1.00419161677
392621,392627,394276,6,1649,2,9000,1.00363856883
392632,392638,394291,6,1653,2,9000,1.00362976407
392643,392649,394309,6,1660,2,9000,1.00361445783
392653,392660,394316,7,1656,2,9000,1.00422705314
392664,392670,394332,6,1662,2,9000,1.0036101083
392675,392681,394318,6,1637,2,9000,1.0036652413
392686,392692,394347,6,1655,2,9000,1.00362537764
392696,392702,394347,6,1645,2,9000,1.00364741641
392707,392713,394387,6,1674,2,9000,1.00358422939
392718,392724,394352,6,1628,2,9000,1.00368550369
392728,392735,394406,7,1671,2,9000,1.00418910832
392739,392745,394387,6,1642,2,9000,1.00365408039
392750,392756,394411,6,1655,2,9000,1.00362537764
392761,392767,394433,6,1666,2,9000,1.00360144058
392771,392778,394454,7,1676,2,9000,1.00417661098
392782,392788,394461,6,1673,2,9000,1.00358637179
392793,392799,394483,6,1684,2,9000,1.00356294537
392804,392810,394464,6,1654,2,9000,1.00362756953
392814,392821,394476,7,1655,2,9000,1.00422960725
392825,392831,394490,6,1659,2,9000,1.00361663653
392836,392845,394474,9,1629,2,9000,1.00552486188
392847,392853,394501,6,1648,2,9000,1.0036407767
392857,392864,394527,7,1663,2,9000,1.00420926037
392868,392874,394528,6,1654,2,9000,1.00362756953
392879,392885,394546,6,1661,2,9000,1.00361228176
392890,392896,394545,6,1649,2,9000,1.00363856883
392900,392906,394559,6,1653,2,9000,1.00362976407
392911,392917,394580,6,1663,2,9000,1.00360793746
392922,392928,394592,6,1664,2,9000,1.00360576923
392932,392939,394593,7,1654,2,9000,1.00423216445
392937,392947,395780,10,2833,2,7200,1.00352982704
392943,392954,394595,11,1641,2,9000,1.00670322974
392954,392960,394616,6,1656,2,9000,1.00362318841
392965,392971,394630,6,1659,2,9000,1.00361663653
392975,392982,394628,7,1646,2,9000,1.0042527339
392986,392992,394627,6,1635,2,9000,1.00366972477
392997,393003,394647,6,1644,2,9000,1.00364963504
393008,393014,394663,6,1649,2,9000,1.00363856883
393018,393025,394667,7,1642,2,9000,1.00426309379
393029,393035,394684,6,1649,2,9000,1.00363856883
393040,393060,394712,20,1652,2,9000,1.01210653753
393061,393263,394934,202,1671,2,9000,1.12088569719
393267,393319,394974,52,1655,2,9000,1.03141993958
393303,393312,396275,9,2963,2,7200,1.00303746203
393323,393338,396280,15,2942,2,7200,1.0050985724
393323,393348,395002,25,1654,2,9000,1.01511487304
393338,393460,396460,122,3000,2,7200,1.04066666667
393450,393513,396593,63,3080,2,7200,1.02045454545
393505,393557,396474,52,2917,2,7200,1.01782653411
393528,393537,396358,9,2821,2,7200,1.00319035803
393549,393625,396624,76,2999,2,7200,1.02534178059
393606,393616,396602,10,2986,2,7200,1.00334896182
393621,393670,396442,49,2772,2,7200,1.01767676768
393660,393683,396587,23,2904,2,7200,1.00792011019
393676,393725,396482,49,2757,2,7200,1.0177729416
393715,393802,396903,87,3101,2,7200,1.02805546598
393788,393796,396738,8,2942,2,7200,1.00271923861
393803,394368,397280,565,2912,2,7200,1.19402472527
394043,394050,395930,7,1880,1,7200,1.00372340426
394360,394398,397466,38,3068,2,7200,1.01238591917
394402,394408,396041,6,1633,2,9000,1.00367421923
394413,394419,396056,6,1637,2,9000,1.0036652413
394424,394430,396114,6,1684,2,9000,1.00356294537
394434,394441,396098,7,1657,2,9000,1.00422450211
394445,394451,396045,6,1594,2,9000,1.00376411543
394456,394462,396056,6,1594,2,9000,1.00376411543
394467,394473,396115,6,1642,2,9000,1.00365408039
394477,394484,396103,7,1619,2,9000,1.00432365658
394488,394494,396114,6,1620,2,9000,1.0037037037
394499,394505,396160,6,1655,2,9000,1.00362537764
394510,394516,396133,6,1617,2,9000,1.00371057514
394520,394527,396190,7,1663,2,9000,1.00420926037
394531,394537,396150,6,1613,2,9000,1.00371977681
394542,394548,396163,6,1615,2,9000,1.00371517028
394553,394559,396166,6,1607,2,9000,1.00373366521
394564,394570,396215,6,1645,2,9000,1.00364741641
394574,394581,396289,7,1708,2,9000,1.00409836066
394585,394591,396304,6,1713,2,9000,1.00350262697
394596,394607,396298,11,1691,2,9000,1.00650502661
394607,394614,396277,7,1663,2,9000,1.00420926037
394617,394624,396313,7,1689,2,9000,1.00414446418
394628,394634,396295,6,1661,2,9000,1.00361228176
394639,394645,396290,6,1645,2,9000,1.00364741641
394650,394656,396270,6,1614,2,9000,1.00371747212
394660,394667,396281,7,1614,2,9000,1.00433705081
394671,394677,396270,6,1593,2,9000,1.00376647834
394682,394688,396405,6,1717,2,9000,1.00349446709
394693,394699,396314,6,1615,2,9000,1.00371517028
394703,394709,396349,6,1640,2,9000,1.00365853659
394714,394720,396311,6,1591,2,9000,1.00377121307
394725,394731,396374,6,1643,2,9000,1.00365185636
394735,394742,396551,7,1809,2,9000,1.00386954118
394746,394752,396469,6,1717,2,9000,1.00349446709
394757,394763,396446,6,1683,2,9000,1.00356506239
394768,394774,396497,6,1723,2,9000,1.00348229832
394778,394785,396531,7,1746,2,9000,1.0040091638
394789,394795,396426,6,1631,2,9000,1.00367872471
394792,394801,396724,9,1923,2,9000,1.00468018721
394803,394809,396829,6,2020,2,9000,1.00297029703
394814,394820,396938,6,2118,2,9000,1.00283286119
394825,394831,396798,6,1967,2,9000,1.00305033045
394836,394842,397088,6,2246,2,9000,1.00267141585
394854,394860,396588,6,1728,2,9000,1.00347222222
394865,394871,396613,6,1742,2,9000,1.00344431688
394870,394877,396845,7,1968,1,7200,1.00355691057
394875,394883,396582,8,1699,2,9000,1.00470865215
394886,394892,396621,6,1729,2,9000,1.003470214
394897,394903,396655,6,1752,2,9000,1.00342465753
394909,394917,396613,8,1696,2,9000,1.00471698113
394920,394926,396645,6,1719,2,9000,1.0034904014
394931,394937,396714,6,1777,2,9000,1.00337647721
394941,394947,396633,6,1686,2,9000,1.00355871886
394952,394958,396669,6,1711,2,9000,1.00350672122
394963,394969,396705,6,1736,2,9000,1.0034562212
395032,395038,396698,6,1660,2,9000,1.00361445783
395043,395049,396670,6,1621,2,9000,1.00370141888
395054,395060,396706,6,1646,2,9000,1.00364520049
395064,395070,396699,6,1629,2,9000,1.00368324125
395075,395081,396695,6,1614,2,9000,1.00371747212
395086,395092,396730,6,1638,2,9000,1.00366300366
395097,395103,396696,6,1593,2,9000,1.00376647834
395107,395114,396732,7,1618,2,9000,1.0043263288
395118,395124,396739,6,1615,2,9000,1.00371517028
395129,395135,396768,6,1633,2,9000,1.00367421923
395140,395146,396743,6,1597,2,9000,1.00375704446
395150,395157,396802,7,1645,2,9000,1.00425531915
395161,395167,396792,6,1625,2,9000,1.00369230769
395172,395178,396792,6,1614,2,9000,1.00371747212
395183,395189,396820,6,1631,2,9000,1.00367872471
395193,395200,396809,7,1609,2,9000,1.00435052828
395204,395210,396836,6,1626,2,9000,1.0036900369
395215,395221,396832,6,1611,2,9000,1.00372439479
395226,395232,396820,6,1588,2,9000,1.00377833753
395236,395243,396872,7,1629,2,9000,1.00429711479
395247,395253,396868,6,1615,2,9000,1.00371517028
395258,395264,396874,6,1610,2,9000,1.00372670807
395269,395275,396901,6,1626,2,9000,1.0036900369
395279,395286,396905,7,1619,2,9000,1.00432365658
395290,395296,396890,6,1594,2,9000,1.00376411543
395301,395307,396901,6,1594,2,9000,1.00376411543
395312,395318,396956,6,1638,2,9000,1.00366300366
395323,395798,397436,475,1638,2,9000,1.28998778999
395353,396067,396069,714,2,10,1500,71.6
395663,395669,395676,6,7,1,86400,1.3
395784,399433,402350,3649,2917,2,7200,2.2509427494
395786,395792,434695,6,38903,1,86400,1.00015422975
396208,396214,408978,6,12764,2,43200,1.00047007208
396276,396286,399424,10,3138,2,7200,1.00318674315
396291,396298,399583,7,3285,2,7200,1.00213089802
396343,396360,396491,17,131,1,3600,1.12977099237
396343,396349,396553,6,204,1,3600,1.02941176471
396343,396355,396487,12,132,1,3600,1.09090909091
396344,396377,396490,33,113,1,3600,1.29203539823
396344,396372,396534,28,162,1,3600,1.17283950617
396344,396367,396474,23,107,1,3600,1.21495327103
396345,396399,396521,54,122,1,3600,1.44262295082
396345,396394,396497,49,103,1,3600,1.47572815534
396345,396383,396459,38,76,1,3600,1.5
396345,396388,396488,43,100,1,3600,1.43
396346,396415,396520,69,105,1,3600,1.65714285714
396346,396422,396555,76,133,1,3600,1.57142857143
396346,396410,396563,64,153,1,3600,1.41830065359
396346,396404,396479,58,75,1,3600,1.77333333333
396347,396428,396526,81,98,1,3600,1.82653061224
396347,396433,396527,86,94,1,3600,1.91489361702
396347,396439,396516,92,77,1,3600,2.19480519481
396347,396444,396548,97,104,1,3600,1.93269230769
396348,396449,396577,101,128,1,3600,1.7890625
396348,396455,396581,107,126,1,3600,1.84920634921
396361,396462,399466,101,3004,2,7200,1.03362183755
396445,396467,399220,22,2753,2,7200,1.00799128224
396463,396473,399684,10,3211,2,7200,1.00311429461
396478,396486,399288,8,2802,2,7200,1.0028551035
396493,396499,399438,6,2939,2,7200,1.00204151072
396590,396600,399489,10,2889,2,7200,1.00346140533
396605,396611,399651,6,3040,2,7200,1.00197368421
396607,396617,399460,10,2843,2,7200,1.00351741119
396628,396635,399664,7,3029,2,7200,1.00231099373
396738,396744,398392,6,1648,2,9000,1.0036407767
396740,396750,399787,10,3037,2,7200,1.00329272308
396749,396756,398405,7,1649,2,9000,1.00424499697
396759,396766,398408,7,1642,2,9000,1.00426309379
396770,396776,398430,6,1654,2,9000,1.00362756953
396780,396786,398497,6,1711,1,7200,1.00350672122
396801,396807,398470,6,1663,2,9000,1.00360793746
396812,396818,398458,6,1640,2,9000,1.00365853659
396823,396829,398464,6,1635,2,9000,1.00366972477
396833,396839,398457,6,1618,2,9000,1.00370828183
396844,396852,398495,8,1643,2,9000,1.00486914181
396855,396861,398485,6,1624,2,9000,1.00369458128
396865,396871,398507,6,1636,2,9000,1.00366748166
396876,396882,398519,6,1637,2,9000,1.0036652413
396887,396893,398522,6,1629,2,9000,1.00368324125
396897,396903,398565,6,1662,2,9000,1.0036101083
396907,396913,399840,6,2927,2,7200,1.00204988042
396918,396925,398594,7,1669,2,9000,1.00419412822
396929,396935,398577,6,1642,2,9000,1.00365408039
396940,396946,398576,6,1630,2,9000,1.0036809816
396951,396957,398602,6,1645,2,9000,1.00364741641
396961,396968,398624,7,1656,2,9000,1.00422705314
396972,396978,398622,6,1644,2,9000,1.00364963504
396983,396989,398639,6,1650,2,9000,1.00363636364
396993,397000,398647,7,1647,2,9000,1.00425015179
397004,397010,398646,6,1636,2,9000,1.00366748166
397013,397019,397132,6,113,1,7200,1.05309734513
397045,397052,397602,7,550,2,18000,1.01272727273
397097,397103,398757,6,1654,2,9000,1.00362756953
397197,397203,399017,6,1814,4,36000,1.0033076075
397274,397280,397675,6,395,2,18000,1.01518987342
397281,397287,398918,6,1631,2,9000,1.00367872471
397282,397293,400203,11,2910,2,7200,1.00378006873
397467,397473,399078,6,1605,2,9000,1.00373831776
397469,397479,400470,10,2991,2,7200,1.00334336342
397744,397751,397769,7,18,2,18000,1.38888888889
398058,398064,411567,6,13503,2,36000,1.0004443457
398072,398078,398388,6,310,1,18000,1.01935483871
398140,398146,398611,6,465,2,18000,1.01290322581
398410,398417,400058,7,1641,2,9000,1.00426569165
398421,398427,400086,6,1659,2,9000,1.00361663653
398431,398437,400063,6,1626,2,9000,1.0036900369
398463,398468,400104,5,1636,2,9000,1.00305623472
398473,398479,400111,6,1632,2,9000,1.00367647059
398484,398490,400131,6,1641,2,9000,1.00365630713
398495,398501,400145,6,1644,2,9000,1.00364963504
398505,398512,400170,7,1658,2,9000,1.00422195416
398516,398522,400176,6,1654,2,9000,1.00362756953
398527,398533,400180,6,1647,2,9000,1.00364298725
398538,398544,400197,6,1653,2,9000,1.00362976407
398546,398552,399243,6,691,2,18000,1.00868306802
398548,398558,400215,10,1657,2,9000,1.00603500302
398550,398564,398570,14,6,1,3000,2.0
398552,398569,398626,17,57,2,7200,1.29824561404
398569,398576,400198,7,1622,2,9000,1.00431565968
398580,398586,400191,6,1605,2,9000,1.00373831776
398591,398597,400187,6,1590,2,9000,1.00377358491
398599,398605,398624,6,19,2,28800,1.31578947368
398602,398611,400202,9,1591,2,9000,1.00565681961
398612,398618,400273,6,1655,2,9000,1.00362537764
398623,398631,400285,8,1654,2,9000,1.00483675937
398634,398640,400296,6,1656,2,9000,1.00362318841
398641,398647,398802,6,155,2,7200,1.03870967742
398645,398653,400293,8,1640,2,9000,1.00487804878
398655,398661,400306,6,1645,2,9000,1.00364741641
398658,398667,398726,9,59,4,18000,1.15254237288
398666,398673,400320,7,1647,2,9000,1.00425015179
398716,398722,398725,6,3,1,3000,1.0
398759,398765,400417,6,1652,2,9000,1.00363196126
398797,398804,399690,7,886,3,18000,1.0079006772
398913,398919,398922,6,3,1,3000,1.0
398926,398933,400534,7,1601,2,9000,1.00437226733
399001,399008,400745,7,1737,1,7200,1.00402993667
399080,399086,400748,6,1662,2,9000,1.0036101083
399215,399222,406427,7,7205,1,7200,1.00097154754
399221,399228,402204,7,2976,2,7200,1.00235215054
399261,399267,399493,6,226,4,36000,1.02654867257
399269,399276,400540,7,1264,10,1500,1.00553797468
399278,399284,400280,6,996,3,18000,1.00602409639
399291,399297,402123,6,2826,2,7200,1.00212314225
399427,399439,402358,12,2919,2,7200,1.00411099692
399438,399445,401097,7,1652,2,9000,1.00423728814
399442,399451,402177,9,2726,2,7200,1.00330154072
399449,399457,401134,8,1677,2,9000,1.00477042338
399460,399466,401153,6,1687,2,9000,1.00355660937
399463,399472,402355,9,2883,2,7200,1.00312174818
399471,399478,401130,7,1652,2,9000,1.00423728814
399478,399484,402468,6,2984,2,7200,1.00201072386
399481,399490,401141,9,1651,2,9000,1.00545124167
399492,399503,401155,11,1652,2,9000,1.00665859564
399493,399498,402409,5,2911,2,7200,1.00171762281
399503,399510,401142,7,1632,2,9000,1.00428921569
399513,399519,401134,6,1615,2,9000,1.00371517028
399514,399525,399537,11,12,3,360000,1.91666666667
399524,399531,401126,7,1595,2,9000,1.00438871473
399535,399541,401087,6,1546,2,9000,1.00388098318
399546,399552,401214,6,1662,2,9000,1.0036101083
399557,399563,401180,6,1617,2,9000,1.00371057514
399568,399574,401192,6,1618,2,9000,1.00370828183
399579,399585,401192,6,1607,2,9000,1.00373366521
399586,399593,402850,7,3257,2,7200,1.00214921707
399589,399599,400286,10,687,4,36000,1.01455604076
399590,399605,401270,15,1665,2,9000,1.00900900901
399592,399610,712586,18,312976,3,360000,1.0000575124
399600,399616,401260,16,1644,2,9000,1.0097323601
399604,399622,399625,18,3,1,3000,2.1
399629,399636,401271,7,1635,2,9000,1.00428134557
399640,399646,401279,6,1633,2,9000,1.00367421923
399651,399657,401299,6,1642,2,9000,1.00365408039
399653,399663,402612,10,2949,2,7200,1.00339097999
399662,399670,401305,8,1635,2,9000,1.00489296636
399668,399676,402768,8,3092,2,7200,1.00258732212
399672,399683,401306,11,1623,2,9000,1.0067775724
399683,399689,401313,6,1624,2,9000,1.00369458128
399686,399698,402558,12,2860,2,7200,1.0041958042
399704,399710,401369,6,1659,2,9000,1.00361663653
399715,399721,401365,6,1644,2,9000,1.00364963504
399725,399732,401360,7,1628,2,9000,1.0042997543
399736,399742,401394,6,1652,2,9000,1.00363196126
399747,399753,401371,6,1618,2,9000,1.00370828183
399758,399764,401392,6,1628,2,9000,1.00368550369
399765,399771,399773,6,2,1,600,1.0
399768,399778,401424,10,1646,2,9000,1.00607533414
399779,399785,401405,6,1620,2,9000,1.0037037037
399788,399798,402724,10,2926,2,7200,1.003417635
399800,399806,401436,6,1630,2,9000,1.0036809816
399811,399817,401473,6,1656,2,9000,1.00362318841
399821,399828,401450,7,1622,2,9000,1.00431565968
399832,399838,401463,6,1625,2,9000,1.00369230769
399843,399852,402949,9,3097,2,7200,1.0029060381
399853,399859,401474,6,1615,2,9000,1.00371517028
399864,399870,401513,6,1643,2,9000,1.00365185636
399875,399881,401514,6,1633,2,9000,1.00367421923
399886,399892,401500,6,1608,2,9000,1.00373134328
399896,399903,401582,7,1679,2,9000,1.0041691483
399907,399913,401553,6,1640,2,9000,1.00365853659
399918,399924,401569,6,1645,2,9000,1.00364741641
399929,399935,401559,6,1624,2,9000,1.00369458128
399939,399946,401554,7,1608,2,9000,1.00435323383
399950,399956,401547,6,1591,2,9000,1.00377121307
399962,399968,401591,6,1623,2,9000,1.00369685767
399973,400070,401704,97,1634,2,9000,1.05936352509
400066,400076,401701,10,1625,2,9000,1.00615384615
400077,400097,401754,20,1657,2,9000,1.01207000604
400098,400116,401774,18,1658,2,9000,1.01085645356
400119,400126,401781,7,1655,2,9000,1.00422960725
400130,400142,401801,12,1659,2,9000,1.00723327306
400141,400156,401824,15,1668,2,9000,1.00899280576
400152,400185,401824,33,1639,2,9000,1.02013422819
400186,400192,401896,6,1704,2,9000,1.00352112676
400197,400203,402033,6,1830,2,9000,1.00327868852
400207,403793,406826,3586,3033,2,7200,2.18232772832
400306,400319,400968,13,649,3,18000,1.02003081664
400470,400476,403518,6,3042,2,7200,1.00197238659
400479,400486,401749,7,1263,10,1500,1.00554235946
400840,400846,400851,6,5,1,600,1.1
400926,400932,402334,6,1402,1,7200,1.00427960057
401002,401008,401102,6,94,3,18000,1.06382978723
401113,401119,401357,6,238,1,7200,1.02521008403
401160,401166,401178,6,12,12,3600,1.5
401191,401197,401991,6,794,1,7200,1.00755667506
401262,401268,401483,6,215,4,600,1.02790697674
401330,401336,401347,6,11,12,60,1.54545454545
401414,401420,403332,6,1912,1,7200,1.00313807531
401438,401444,403120,6,1676,2,9000,1.00357995227
401459,401465,403199,6,1734,2,9000,1.00346020761
401470,401476,403232,6,1756,2,9000,1.00341685649
401481,401487,403324,6,1837,2,9000,1.00326619488
401491,401498,403410,7,1912,2,9000,1.00366108787
401502,401508,403451,6,1943,2,9000,1.00308800823
401523,401529,403560,6,2031,2,9000,1.00295420975
401534,401540,403531,6,1991,2,9000,1.00301356102
401555,401561,403232,6,1671,2,9000,1.00359066427
401565,401571,403333,6,1762,2,9000,1.00340522134
401576,401584,403366,8,1782,2,9000,1.00448933782
401587,401593,403389,6,1796,2,9000,1.00334075724
401597,401603,403407,6,1804,2,9000,1.00332594235
401608,401614,403570,6,1956,2,9000,1.00306748466
401619,401625,403644,6,2019,2,9000,1.0029717682
401688,401694,402957,6,1263,10,1500,1.00475059382
401706,401712,403717,6,2005,2,9000,1.0029925187
401716,401723,403789,7,2066,2,9000,1.00338818974
401758,401764,403431,6,1667,2,9000,1.00359928014
401779,401785,403551,6,1766,2,9000,1.00339750849
401790,401796,403546,6,1750,2,9000,1.00342857143
401803,401820,402042,17,222,32,3600,1.07657657658
401820,401826,403688,6,1862,2,9000,1.00322234157
401831,401837,403662,6,1825,2,9000,1.00328767123
401842,401848,403785,6,1937,2,9000,1.00309757357
401904,401910,403815,6,1905,2,9000,1.0031496063
402038,402044,404042,6,1998,2,9000,1.003003003
402101,402107,402260,6,153,2,3600,1.03921568627
402127,402133,405015,6,2882,2,7200,1.00208188758
402178,402184,405007,6,2823,2,7200,1.00212539851
402198,402205,403083,7,878,32,3600,1.00797266515
402205,402212,405180,7,2968,2,7200,1.00235849057
402212,402218,404515,6,2297,1,7200,1.00261210274
402268,402274,403352,6,1078,1,3600,1.00556586271
402354,402360,405328,6,2968,2,7200,1.00202156334
402365,402372,404196,7,1824,2,9000,1.0038377193
402369,402378,405273,9,2895,2,7200,1.00310880829
402370,402383,405570,13,3187,2,7200,1.00407907123
402406,402412,405359,6,2947,1,7200,1.00203596878
402409,402418,405307,9,2889,2,7200,1.0031152648
402470,402476,405525,6,3049,2,7200,1.00196785831
402561,402568,405660,7,3092,2,7200,1.00226390686
402613,402619,405808,6,3189,2,7200,1.00188146754
402717,402724,402753,7,29,4,36000,1.24137931034
402725,402732,405647,7,2915,2,7200,1.00240137221
402752,402758,402786,6,28,4,36000,1.21428571429
402771,402777,405723,6,2946,2,7200,1.00203665988
402853,402859,405838,6,2979,2,7200,1.00201409869
402896,402903,404172,7,1269,10,1500,1.00551615445
402907,402913,438934,6,36021,1,43200,1.0001665695
402950,402956,406086,6,3130,2,7200,1.00191693291
403112,403118,403123,6,5,1,600,1.1
403200,403206,404875,6,1669,2,9000,1.00359496705
403220,403226,403227,6,1,1,600,1.0
403242,403248,404953,6,1705,2,9000,1.00351906158
403252,403259,405057,7,1798,2,9000,1.00389321468
403288,403294,403333,6,39,4,36000,1.15384615385
403326,403332,405098,6,1766,2,9000,1.00339750849
403337,403343,405229,6,1886,2,9000,1.00318133616
403368,403374,405185,6,1811,2,9000,1.00331308669
403388,403395,403399,7,4,1,600,1.1
403401,403407,405419,6,2012,2,9000,1.00298210736
403413,403419,405342,6,1923,2,9000,1.0031201248
403424,403430,405451,6,2021,2,9000,1.00296882731
403435,403441,405505,6,2064,2,9000,1.00290697674
403456,403462,405537,6,2075,2,9000,1.00289156627
403472,403478,403500,6,22,4,36000,1.27272727273
403485,403491,404045,6,554,64,3600,1.01083032491
403513,403520,403665,7,145,2,3600,1.04827586207
403522,403529,406490,7,2961,2,7200,1.00236406619
403542,403548,405595,6,2047,2,9000,1.00293111871
403553,403559,405235,6,1676,2,9000,1.00357995227
403564,403570,405228,6,1658,2,9000,1.00361881785
403574,403580,405328,6,1748,2,9000,1.00343249428
403577,403586,403714,9,128,4,36000,1.0703125
403585,403593,405349,8,1756,2,9000,1.00455580866
403612,403618,403622,6,4,1,600,1.0
403625,403632,405442,7,1810,1,7200,1.00386740331
403647,403653,405450,6,1797,2,9000,1.00333889816
403668,403674,405537,6,1863,2,9000,1.00322061192
403682,403688,403694,6,6,1,600,1.2
403689,403695,405579,6,1884,2,9000,1.00318471338
403720,403726,405711,6,1985,2,9000,1.00302267003
403792,403799,405636,7,1837,2,9000,1.0038105607
403792,403805,405720,13,1915,2,9000,1.00678851175
403803,403811,405806,8,1995,2,9000,1.00401002506
403814,403820,405786,6,1966,2,9000,1.00305188199
403825,403831,405849,6,2018,2,9000,1.00297324083
403835,403841,405820,6,1979,2,9000,1.00303183426
403846,403852,405438,6,1586,2,9000,1.00378310214
403857,403863,405594,6,1731,2,9000,1.00346620451
403867,403873,405579,6,1706,2,9000,1.00351699883
403878,403884,405627,6,1743,2,9000,1.00344234079
403889,403895,405687,6,1792,2,9000,1.00334821429
403899,403906,405746,7,1840,2,9000,1.00380434783
403912,403918,405757,6,1839,2,9000,1.00326264274
403922,403928,405863,6,1935,2,9000,1.00310077519
403933,403939,405949,6,2010,2,9000,1.00298507463
403944,403950,405940,6,1990,2,9000,1.00301507538
403951,403963,404239,12,276,1,3600,1.04347826087
403951,403969,404178,18,209,1,3600,1.08612440191
403951,403957,404248,6,291,1,3600,1.0206185567
403952,403981,404251,29,270,1,3600,1.10740740741
403952,404066,404298,114,232,1,3600,1.49137931034
403953,404071,404279,118,208,1,3600,1.56730769231
403953,404077,404241,124,164,1,3600,1.75609756098
403953,404082,404295,129,213,1,3600,1.60563380282
403953,404087,404296,134,209,1,3600,1.64114832536
403954,404098,404277,144,179,1,3600,1.80446927374
403954,404093,404282,139,189,1,3600,1.73544973545
403954,403975,405979,21,2004,2,9000,1.01047904192
403954,404104,404276,150,172,1,3600,1.87209302326
403955,404109,404286,154,177,1,3600,1.87005649718
403955,404116,404287,161,171,1,3600,1.94152046784
403955,404121,404303,166,182,1,3600,1.91208791209
403956,404138,404288,182,150,1,3600,2.21333333333
403956,404127,404293,171,166,1,3600,2.03012048193
403956,404132,404257,176,125,1,3600,2.408
403957,404143,404285,186,142,1,3600,2.30985915493
403957,404148,404265,191,117,1,3600,2.63247863248
403975,404053,406086,78,2033,2,9000,1.0383669454
404051,404060,406105,9,2045,2,9000,1.004400978
404062,404161,406288,99,2127,2,9000,1.04654442877
404106,404155,405417,49,1262,10,1500,1.03882725832
404126,404166,405397,40,1231,16,3600,1.03249390739
404166,404172,405933,6,1761,2,9000,1.00340715503
404176,404182,405965,6,1783,2,9000,1.00336511497
404187,404193,405999,6,1806,2,9000,1.00332225914
404198,404204,405962,6,1758,2,9000,1.00341296928
404209,404215,406063,6,1848,2,9000,1.00324675325
404220,404226,406137,6,1911,2,9000,1.00313971743
404230,404236,406149,6,1913,2,9000,1.00313643492
404241,404247,406234,6,1987,2,9000,1.00301962758
404252,404258,406268,6,2010,2,9000,1.00298507463
404263,404269,406408,6,2139,2,9000,1.00280504909
404273,404280,406353,7,2073,2,9000,1.00337674867
404284,404290,406355,6,2065,2,9000,1.00290556901
404295,404301,406409,6,2108,2,9000,1.00284629981
404298,404309,464150,11,59841,3,86400,1.00018382046
404305,404316,406489,11,2173,2,9000,1.00506212609
404306,404321,423120,15,18799,1,72000,1.00079791478
404316,404327,406323,11,1996,2,9000,1.00551102204
404327,404333,406163,6,1830,2,9000,1.00327868852
404338,404344,406201,6,1857,2,9000,1.00323101777
404349,404355,406216,6,1861,2,9000,1.00322407308
404359,404366,406268,7,1902,2,9000,1.00368033649
404370,404376,406232,6,1856,2,9000,1.00323275862
404381,404387,406295,6,1908,2,9000,1.00314465409
404392,404398,406352,6,1954,2,9000,1.00307062436
404402,404409,406491,7,2082,2,9000,1.00336215178
404413,404886,406870,473,1984,2,9000,1.23840725806
404458,405069,405207,611,138,4,36000,5.42753623188
404462,405218,406456,756,1238,4,14400,1.61066235864
404599,404606,413002,7,8396,1,72000,1.00083373035
404695,406648,410761,1953,4113,32,43200,1.47483588621
404889,405028,407018,139,1990,2,9000,1.06984924623
405013,405018,407991,5,2973,2,7200,1.00168180289
405023,405110,406987,87,1877,2,9000,1.0463505594
405028,405191,408136,163,2945,2,7200,1.05534804754
405182,405318,408225,136,2907,2,7200,1.04678362573
405215,405225,405230,10,5,1,600,1.5
405276,405284,408222,8,2938,2,7200,1.00272294078
405309,405340,408347,31,3007,2,7200,1.01030927835
405330,405360,408219,30,2859,2,7200,1.01049317943
405354,405366,405380,12,14,1,600,1.85714285714
405357,405373,406635,16,1262,10,1500,1.01267828843
405362,405378,407279,16,1901,2,9000,1.00841662283
405383,405409,407398,26,1989,2,9000,1.01307189542
405404,405415,407338,11,1923,2,9000,1.00572022881
405415,405422,407457,7,2035,2,9000,1.00343980344
405426,405432,407370,6,1938,2,9000,1.00309597523
405437,405451,407458,14,2007,2,9000,1.00697558545
405447,405461,407568,14,2107,2,9000,1.00664451827
405458,405468,407477,10,2009,2,9000,1.0049776008
405469,405554,407659,85,2105,2,9000,1.04038004751
405501,405548,405567,47,19,4,36000,3.47368421053
405512,405518,410597,6,5079,1,7200,1.00118133491
405527,405536,408570,9,3034,2,7200,1.00296638102
405551,405579,407714,28,2135,2,9000,1.0131147541
405573,405586,408627,13,3041,2,7200,1.00427490957
405583,405593,407403,10,1810,2,9000,1.00552486188
405594,405599,407402,5,1803,2,9000,1.00277315585
405604,405611,407607,7,1996,2,9000,1.00350701403
405615,405622,407598,7,1976,2,9000,1.00354251012
405626,405633,407534,7,1901,2,9000,1.00368227249
405638,405644,407791,6,2147,2,9000,1.00279459711
405649,405655,407643,6,1988,2,9000,1.00301810865
405649,405661,408368,12,2707,2,7200,1.00443295161
405660,405722,407722,62,2000,2,9000,1.031
405664,405671,408654,7,2983,2,7200,1.00234663091
405678,405701,407221,23,1520,1,7200,1.01513157895
405687,405694,405701,7,7,1,600,1.4
405722,405732,407833,10,2101,2,9000,1.00475963827
405724,405738,408693,14,2955,2,7200,1.00473773266
405743,405757,407823,14,2066,2,9000,1.00677637948
405754,405769,407914,15,2145,2,9000,1.00699300699
405763,405818,405825,55,7,4,36000,6.2
405764,405832,407839,68,2007,2,9000,1.03388141505
405810,405824,408986,14,3162,2,7200,1.00442757748
405837,405843,407951,6,2108,2,9000,1.00284629981
405841,405850,408890,9,3040,2,7200,1.00296052632
405848,405857,407672,9,1815,2,9000,1.00495867769
405859,405865,407713,6,1848,2,9000,1.00324675325
405869,405875,407841,6,1966,2,9000,1.00305188199
405880,405944,407955,64,2011,2,9000,1.03182496271
405918,405991,422366,73,16375,2,36000,1.00445801527
405942,405951,407958,9,2007,2,9000,1.00448430493
405953,405960,407915,7,1955,2,9000,1.00358056266
405964,406127,406995,163,868,1,3600,1.18778801843
405964,405973,407969,9,1996,2,9000,1.00450901804
405974,405980,407941,6,1961,2,9000,1.00305966344
405985,406010,408041,25,2031,2,9000,1.01230920729
406006,406074,408079,68,2005,2,9000,1.03391521197
406078,406117,408093,39,1976,2,9000,1.01973684211
406089,406097,409130,8,3033,2,7200,1.00263765249
406114,406160,406283,46,123,4,36000,1.37398373984
406120,406175,408250,55,2075,2,9000,1.0265060241
406172,406214,408129,42,1915,2,9000,1.02193211488
406214,406227,408224,13,1997,2,9000,1.00650976465
406225,406244,408230,19,1986,2,9000,1.00956696878
406247,406253,408279,6,2026,2,9000,1.00296150049
406258,406279,408280,21,2001,2,9000,1.01049475262
406279,406285,408434,6,2149,2,9000,1.00279199628
406290,406296,408301,6,2005,2,9000,1.0029925187
406300,406306,408344,6,2038,2,9000,1.00294406281
406311,406317,408433,6,2116,2,9000,1.00283553875
406322,406328,408343,6,2015,2,9000,1.00297766749
406333,406339,408426,6,2087,2,9000,1.00287494011
406335,406364,408036,29,1672,2,9000,1.01734449761
406366,406373,408050,7,1677,2,9000,1.00417412045
406377,406383,408032,6,1649,2,9000,1.00363856883
406388,406419,408095,31,1676,2,9000,1.01849642005
406419,406425,408092,6,1667,2,9000,1.00359928014
406430,407030,408700,600,1670,2,9000,1.35928143713
406455,406509,406650,54,141,4,36000,1.3829787234
406492,406501,409425,9,2924,2,7200,1.00307797538
406574,406998,408260,424,1262,10,1500,1.33597464342
406689,407290,416539,601,9249,4,36000,1.06497999784
406828,406837,410210,9,3373,2,7200,1.00266824785
407026,407374,409021,348,1647,2,9000,1.21129326047
407154,407161,407164,7,3,1,600,1.0
407197,407382,412723,185,5341,4,14400,1.03463770829
407221,407228,407235,7,7,1,600,1.4
407298,407355,407364,57,9,1,600,6.6
407343,407350,409330,7,1980,1,7200,1.00353535354
407379,407409,409080,30,1671,2,9000,1.01795332136
407411,407417,409101,6,1684,2,9000,1.00356294537
407422,407428,409095,6,1667,2,9000,1.00359928014
407432,407469,409124,37,1655,2,9000,1.02235649547
407474,407481,409115,7,1634,2,9000,1.00428396573
407485,407491,409142,6,1651,2,9000,1.00363416111
407496,407545,409222,49,1677,2,9000,1.02921884317
407548,407579,409243,31,1664,2,9000,1.01862980769
407579,407609,409250,30,1641,2,9000,1.01828153565
407611,407619,409264,8,1645,2,9000,1.00486322188
407621,407654,409303,33,1649,2,9000,1.02001212856
407653,407670,409333,17,1663,2,9000,1.01022248948
407674,407683,409348,9,1665,2,9000,1.00540540541
407684,407725,409362,41,1637,2,9000,1.02504581552
407727,407733,409401,6,1668,2,9000,1.0035971223
407737,407744,409389,7,1645,2,9000,1.00425531915
407748,407802,409431,54,1629,2,9000,1.03314917127
407756,407858,419905,102,12047,2,43200,1.00846683822
407800,407834,409464,34,1630,2,9000,1.02085889571
407832,407845,409486,13,1641,2,9000,1.00792199878
407842,407852,409500,10,1648,2,9000,1.00606796117
407853,407925,409566,72,1641,2,9000,1.04387568556
407926,407932,409558,6,1626,2,9000,1.0036900369
407937,407952,409596,15,1644,2,9000,1.00912408759
407958,407963,409597,5,1634,2,9000,1.00305997552
407968,407974,409606,6,1632,2,9000,1.00367647059
407979,407985,409609,6,1624,2,9000,1.00369458128
407989,407995,413019,6,5024,1,7200,1.00119426752
407990,408007,409653,17,1646,2,9000,1.01032806804
407995,408002,411033,7,3031,2,7200,1.00230946882
408011,408044,409703,33,1659,2,9000,1.0198915009
408042,408050,409710,8,1660,2,9000,1.00481927711
408053,408059,409707,6,1648,2,9000,1.0036407767
408063,408070,409722,7,1652,2,9000,1.00423728814
408074,408090,409755,16,1665,2,9000,1.00960960961
408095,408103,409744,8,1641,2,9000,1.00487507617
408106,408112,409770,6,1658,2,9000,1.00361881785
408117,408123,409769,6,1646,2,9000,1.00364520049
408127,408140,409800,13,1660,2,9000,1.0078313253
408137,408147,411004,10,2857,2,7200,1.00350017501
408148,408244,409898,96,1654,2,9000,1.05804111245
408200,408272,409534,72,1262,10,1500,1.05705229794
408222,408231,411213,9,2982,2,7200,1.00301810865
408223,408239,411028,16,2789,2,7200,1.00573682323
408238,408359,411207,121,2848,2,7200,1.04248595506
408350,408380,411287,30,2907,2,7200,1.01031991744
408371,408581,411774,210,3193,2,7200,1.0657688694
408459,408465,434803,6,26338,2,43200,1.00022780773
408572,408639,411697,67,3058,2,7200,1.02190974493
408630,408666,411504,36,2838,2,7200,1.01268498943
408657,408705,411729,48,3024,2,7200,1.01587301587
408698,408713,411679,15,2966,2,7200,1.00505731625
408724,408730,410383,6,1653,2,9000,1.00362976407
408735,408741,410399,6,1658,2,9000,1.00361881785
408746,408753,410409,7,1656,2,9000,1.00422705314
408756,408763,410421,7,1658,2,9000,1.00422195416
408767,408774,410415,7,1641,2,9000,1.00426569165
408778,408784,410425,6,1641,2,9000,1.00365630713
408789,408795,410449,6,1654,2,9000,1.00362756953
408799,408806,410452,7,1646,2,9000,1.0042527339
408810,408816,410468,6,1652,2,9000,1.00363196126
408821,408828,410482,7,1654,2,9000,1.00423216445
408832,408995,410652,163,1657,2,9000,1.09837054919
408892,408901,411982,9,3081,2,7200,1.0029211295
408989,409001,411914,12,2913,2,7200,1.00411946447
409007,409033,410675,26,1642,2,9000,1.01583434836
409038,409091,410743,53,1652,2,9000,1.03208232446
409090,409106,410763,16,1657,2,9000,1.00965600483
409111,409117,410780,6,1663,2,9000,1.00360793746
409122,409128,410760,6,1632,2,9000,1.00367647059
409131,409145,412250,14,3105,2,7200,1.00450885668
409143,409151,410803,8,1652,2,9000,1.00484261501
409154,409160,410796,6,1636,2,9000,1.00366748166
409164,409233,410861,69,1628,2,9000,1.04238329238
409237,409254,410902,17,1648,2,9000,1.01031553398
409258,409264,410917,6,1653,2,9000,1.00362976407
409268,409277,410919,9,1642,2,9000,1.00548112058
409279,409315,410962,36,1647,2,9000,1.0218579235
409321,409344,410976,23,1632,2,9000,1.01409313725
409342,409359,410988,17,1629,2,9000,1.01043585021
409363,409374,411001,11,1627,2,9000,1.00676090965
409373,409400,411052,27,1652,2,9000,1.01634382567
409405,409414,411069,9,1655,2,9000,1.00543806647
409415,409444,411087,29,1643,2,9000,1.01765063907
409428,409436,412034,8,2598,2,7200,1.00307929176
409447,409475,411095,28,1620,2,9000,1.01728395062
409473,409545,410807,72,1262,10,1500,1.05705229794
409478,409551,411203,73,1652,2,9000,1.04418886199
409550,409557,411217,7,1660,2,9000,1.00421686747
409561,409569,411213,8,1644,2,9000,1.00486618005
409572,409577,411244,5,1667,2,9000,1.00299940012
409582,409609,411262,27,1653,2,9000,1.01633393829
409603,409615,411256,12,1641,2,9000,1.00731261426
409614,409621,411275,7,1654,2,9000,1.00423216445
409625,409631,411289,6,1658,2,9000,1.00361881785
409636,409664,411333,28,1669,2,9000,1.01677651288
409667,409714,411378,47,1664,2,9000,1.02824519231
409719,409725,411372,6,1647,2,9000,1.00364298725
409729,409736,411383,7,1647,2,9000,1.00425015179
409740,409746,411400,6,1654,2,9000,1.00362756953
409751,409757,411405,6,1648,2,9000,1.0036407767
409762,409767,411405,5,1638,2,9000,1.00305250305
409772,409781,411422,9,1641,2,9000,1.00548446069
409783,409789,411464,6,1675,2,9000,1.00358208955
409794,409811,411442,17,1631,2,9000,1.01042305334
409815,409910,411561,95,1651,2,9000,1.05754088431
409818,410420,414992,602,4572,2,14400,1.13167104112
409911,410394,412049,483,1655,2,9000,1.2918429003
410165,410439,420172,274,9733,2,43200,1.02815164903
410215,410221,413285,6,3064,2,7200,1.00195822454
410395,410411,412033,16,1622,2,9000,1.00986436498
410416,410426,412045,10,1619,2,9000,1.00617665225
410427,410432,412090,5,1658,2,9000,1.00301568154
410437,410460,412127,23,1667,2,9000,1.01379724055
410458,410466,412105,8,1639,2,9000,1.00488102502
410469,410480,412126,11,1646,2,9000,1.00668286756
410480,410493,412135,13,1642,2,9000,1.00791717418
410491,410608,412254,117,1646,2,9000,1.07108140948
410604,410737,412363,133,1626,2,9000,1.08179581796
410615,410687,410726,72,39,4,36000,2.84615384615
410738,410744,412350,6,1606,2,9000,1.00373599004
410746,410816,412078,70,1262,10,1500,1.05546751189
410747,411153,449846,406,38693,32,43200,1.010492854
410749,410754,412364,5,1610,2,9000,1.00310559006
410759,410913,412568,154,1655,2,9000,1.09305135952
410915,410999,412632,84,1633,2,9000,1.0514390692
410998,411046,412692,48,1646,2,9000,1.02916160389
411007,411015,413865,8,2850,2,7200,1.00280701754
411032,411040,413977,8,2937,2,7200,1.00272386789
411047,411098,414017,51,2919,2,7200,1.0174717369
411101,411107,412753,6,1646,2,9000,1.00364520049
411112,411159,412799,47,1640,2,9000,1.02865853659
411163,411169,412814,6,1645,2,9000,1.00364741641
411174,411180,412788,6,1608,2,9000,1.00373134328
411185,411191,412785,6,1594,2,9000,1.00376411543
411196,411202,412800,6,1598,2,9000,1.00375469337
411207,411213,412831,6,1618,2,9000,1.00370828183
411210,411219,414105,9,2886,2,7200,1.00311850312
411218,411226,412838,8,1612,2,9000,1.00496277916
411225,411232,414095,7,2863,2,7200,1.00244498778
411228,411238,412873,10,1635,2,9000,1.00611620795
411239,411245,412870,6,1625,2,9000,1.00369230769
411250,411255,412895,5,1640,2,9000,1.00304878049
411261,411267,412901,6,1634,2,9000,1.00367197062
411271,411277,412922,6,1645,2,9000,1.00364741641
411273,411283,412919,10,1636,2,9000,1.00611246944
411283,411289,412992,6,1703,2,9000,1.00352319436
411289,411298,414446,9,3148,2,7200,1.00285895807
411294,411304,413047,10,1743,2,9000,1.00573723465
411307,411313,413027,6,1714,2,9000,1.00350058343
411317,411324,413219,7,1895,2,9000,1.0036939314
411328,411334,413173,6,1839,2,9000,1.00326264274
411339,411345,413287,6,1942,2,9000,1.00308959835
411350,411356,413325,6,1969,2,9000,1.0030472321
411361,411367,413495,6,2128,2,9000,1.00281954887
411372,411378,413388,6,2010,2,9000,1.00298507463
411382,411389,413590,7,2201,2,9000,1.00318037256
411393,411399,413026,6,1627,2,9000,1.0036877689
411404,411419,413040,15,1621,2,9000,1.00925354719
411422,411428,413107,6,1679,2,9000,1.00357355569
411432,411439,413188,7,1749,2,9000,1.00400228702
411443,411449,413175,6,1726,2,9000,1.00347624565
411454,411460,413237,6,1777,2,9000,1.00337647721
411465,411471,413319,6,1848,2,9000,1.00324675325
411476,411482,413439,6,1957,2,9000,1.00306591722
411486,411572,413635,86,2063,2,9000,1.04168686379
411506,411516,414455,10,2939,2,7200,1.00340251786
411569,411578,413686,9,2108,2,9000,1.00426944972
411579,412056,414107,477,2051,2,9000,1.2325694783
411682,411690,414731,8,3041,2,7200,1.00263071358
411701,411708,414878,7,3170,2,7200,1.00220820189
411731,411741,414552,10,2811,2,7200,1.00355745286
411777,411788,414907,11,3119,2,7200,1.0035267714
411917,411925,414852,8,2927,2,7200,1.0027331739
411984,411994,415208,10,3214,2,7200,1.00311138768
412018,412089,413351,71,1262,10,1500,1.05625990491
412036,412045,415157,9,3112,2,7200,1.00289203085
412053,412095,413899,42,1804,2,9000,1.02328159645
412095,412101,413904,6,1803,2,9000,1.00332778702
412106,412112,413992,6,1880,2,9000,1.00319148936
412117,412123,413975,6,1852,2,9000,1.00323974082
412128,412137,414050,9,1913,2,9000,1.00470465238
412139,412144,414092,5,1948,2,9000,1.00256673511
412149,412155,414213,6,2058,2,9000,1.0029154519
412160,412268,414432,108,2164,2,9000,1.04990757856
412251,412261,415360,10,3099,2,7200,1.00322684737
412274,412361,414019,87,1658,2,9000,1.05247285887
412360,412374,414059,14,1685,2,9000,1.00830860534
412370,412381,414143,11,1762,2,9000,1.00624290579
412381,412579,414347,198,1768,2,9000,1.11199095023
412577,412644,414489,67,1845,2,9000,1.03631436314
412649,412703,414722,54,2019,2,9000,1.02674591382
412701,412734,414702,33,1968,2,9000,1.01676829268
412733,412741,414824,8,2083,2,9000,1.0038406145
412744,412765,414859,21,2094,2,9000,1.0100286533
412765,412796,414916,31,2120,2,9000,1.01462264151
412797,412802,414928,5,2126,2,9000,1.00235183443
412808,412814,414534,6,1720,2,9000,1.00348837209
412818,412824,414490,6,1666,2,9000,1.00360144058
412829,412835,414608,6,1773,2,9000,1.00338409475
412840,412846,414679,6,1833,2,9000,1.00327332242
412851,412857,414751,6,1894,2,9000,1.00316789863
412862,412881,414863,19,1982,2,9000,1.00958627649
412883,412889,414897,6,2008,2,9000,1.00298804781
412894,412907,414956,13,2049,2,9000,1.00634455832
412905,412914,415124,9,2210,2,9000,1.00407239819
412916,412931,415093,15,2162,2,9000,1.00693802035
412937,412943,415189,6,2246,2,9000,1.00267141585
412947,413003,415191,56,2188,2,9000,1.02559414991
412999,413031,414770,32,1739,2,9000,1.0184013801
413030,413037,414791,7,1754,2,9000,1.00399087799
413041,413047,414828,6,1781,2,9000,1.00336889388
413052,413058,415016,6,1958,2,9000,1.00306435138
413063,413069,414918,6,1849,2,9000,1.0032449973
413073,413118,415074,45,1956,2,9000,1.02300613497
413115,413186,415292,71,2106,2,9000,1.03371320038
413187,413193,415329,6,2136,2,9000,1.00280898876
413198,413204,415395,6,2191,2,9000,1.00273847558
413209,413230,415370,21,2140,2,9000,1.00981308411
413230,413249,415428,19,2179,2,9000,1.00871959615
413251,413302,414966,51,1664,2,9000,1.03064903846
413289,413296,416232,7,2936,2,7200,1.00238419619
413291,413362,414624,71,1262,10,1500,1.05625990491
413302,413331,415000,29,1669,2,9000,1.01737567406
413334,413340,415035,6,1695,2,9000,1.00353982301
413344,413399,415084,55,1685,2,9000,1.03264094955
413396,413450,415153,54,1703,2,9000,1.03170874927
413448,413506,415363,58,1857,2,9000,1.03123317178
413511,413601,415335,90,1734,2,9000,1.05190311419
413605,413646,415404,41,1758,2,9000,1.02332195677
413646,413697,415499,51,1802,2,9000,1.02830188679
413698,413911,415759,213,1848,2,9000,1.11525974026
413867,413877,416604,10,2727,2,7200,1.00366703337
413913,413920,415583,7,1663,2,9000,1.00420926037
413924,413986,415669,62,1683,2,9000,1.03683897802
413979,413993,416875,14,2882,2,7200,1.00485773768
413997,414003,415704,6,1701,2,9000,1.00352733686
414008,414035,415727,27,1692,2,9000,1.01595744681
414018,414028,416997,10,2969,2,7200,1.00336813742
414039,414062,415803,23,1741,2,9000,1.01321079839
414060,414071,415763,11,1692,2,9000,1.00650118203
414071,414103,415868,32,1765,2,9000,1.01813031161
414098,414110,417050,12,2940,2,7200,1.00408163265
414114,414120,417084,6,2964,2,7200,1.0020242915
414125,414131,415943,6,1812,2,9000,1.00331125828
414136,414156,415999,20,1843,2,9000,1.01085187195
414157,414224,416174,67,1950,2,9000,1.03435897436
414229,414358,416270,129,1912,2,9000,1.06746861925
414363,414443,416069,80,1626,2,9000,1.049200492
414445,414466,416086,21,1620,2,9000,1.01296296296
414449,414457,417557,8,3100,2,7200,1.00258064516
414464,414563,417545,99,2982,2,7200,1.03319919517
414555,414733,417890,178,3157,2,7200,1.05638264175
414563,414635,415897,72,1262,10,1500,1.05705229794
414732,414739,416454,7,1715,2,9000,1.00408163265
414733,414746,417891,13,3145,2,7200,1.00413354531
414743,414752,416518,9,1766,2,9000,1.00509626274
414753,414760,416637,7,1877,2,9000,1.00372935535
414764,414770,416628,6,1858,2,9000,1.00322927879
414775,414781,416669,6,1888,2,9000,1.0031779661
414786,414792,416729,6,1937,2,9000,1.00309757357
414796,414804,416807,8,2003,2,9000,1.00399400899
414807,414813,416833,6,2020,2,9000,1.00297029703
414818,414824,416846,6,2022,2,9000,1.00296735905
414828,414835,416431,7,1596,2,9000,1.00438596491
414839,414845,416500,6,1655,2,9000,1.00362537764
414850,414872,416592,22,1720,2,9000,1.01279069767
414854,414864,417780,10,2916,2,7200,1.00342935528
414871,414879,416565,8,1686,2,9000,1.00474495848
414881,414889,417941,8,3052,2,7200,1.00262123198
414892,414908,416629,16,1721,2,9000,1.0092969204
414908,414918,417863,10,2945,2,7200,1.00339558574
414923,414929,416697,6,1768,2,9000,1.00339366516
414934,414940,416828,6,1888,2,9000,1.0031779661
414945,414951,416920,6,1969,2,9000,1.0030472321
414955,414967,416847,12,1880,2,9000,1.00638297872
414966,414977,417033,11,2056,2,9000,1.00535019455
414977,415003,416925,26,1922,2,9000,1.01352757544
415008,415014,416956,6,1942,2,9000,1.00308959835
415019,415027,417006,8,1979,2,9000,1.00404244568
415029,415046,416722,17,1676,2,9000,1.01014319809
415050,415085,416786,35,1701,2,9000,1.02057613169
415081,415095,416769,14,1674,2,9000,1.00836320191
415092,415105,416886,13,1781,2,9000,1.00729927007
415103,415136,416972,33,1836,2,9000,1.01797385621
415134,415165,416966,31,1801,2,9000,1.01721265963
415160,415171,418234,11,3063,2,7200,1.00359125041
415176,415200,417169,24,1969,2,9000,1.01218892839
415197,415206,417007,9,1801,2,9000,1.00499722376
415207,415303,417253,96,1950,2,9000,1.04923076923
415211,415219,418185,8,2966,2,7200,1.00269723533
415300,415342,417348,42,2006,2,9000,1.02093718843
415342,415348,417282,6,1934,2,9000,1.00310237849
415353,415378,417491,25,2113,2,9000,1.01183151917
415362,415371,418031,9,2660,2,7200,1.00338345865
415374,415384,417389,10,2005,2,9000,1.00498753117
415385,415406,417082,21,1676,2,9000,1.01252983294
415406,415415,417131,9,1716,2,9000,1.00524475524
415417,415439,417265,22,1826,2,9000,1.01204819277
415438,415510,417364,72,1854,2,9000,1.03883495146
415510,415594,417363,84,1769,2,9000,1.04748445449
415592,415680,417495,88,1815,2,9000,1.04848484848
415685,415715,417630,30,1915,2,9000,1.01566579634
415716,415738,417684,22,1946,2,9000,1.01130524152
415737,415770,417660,33,1890,2,9000,1.01746031746
415768,415777,417747,9,1970,2,9000,1.00456852792
415779,415814,417806,35,1992,2,9000,1.01757028112
415810,415880,417914,70,2034,2,9000,1.03441494592
415882,415910,417637,28,1727,2,9000,1.01621308628
415914,415920,417613,6,1693,2,9000,1.00354400473
415924,415931,417703,7,1772,2,9000,1.0039503386
415935,415941,417851,6,1910,2,9000,1.00314136126
415946,415952,417891,6,1939,2,9000,1.00309437855
415957,415963,417784,6,1821,2,9000,1.00329489292
415967,416011,418041,44,2030,2,9000,1.02167487685
416009,416082,417980,73,1898,2,9000,1.03846153846
416081,416097,418155,16,2058,2,9000,1.00777453839
416102,416186,418267,84,2081,2,9000,1.04036520903
416185,416281,418365,96,2084,2,9000,1.04606525912
416232,416243,419199,11,2956,2,7200,1.00372124493
416277,416442,418123,165,1681,2,9000,1.09815585961
416314,416513,416555,199,42,4,120,5.7380952381
416442,416529,418313,87,1784,2,9000,1.04876681614
416534,416566,418391,32,1825,2,9000,1.01753424658
416565,416572,418404,7,1832,2,9000,1.0038209607
416576,416582,418558,6,1976,2,9000,1.00303643725
416587,416606,418573,19,1967,2,9000,1.00965937977
416607,416615,419646,8,3031,2,7200,1.00263939294
416621,416639,418664,18,2025,2,9000,1.00888888889
416642,416648,418725,6,2077,2,9000,1.0028887819
416652,416659,418693,7,2034,2,9000,1.00344149459
416663,416680,418592,17,1912,2,9000,1.00889121339
416684,416708,418450,24,1742,2,9000,1.01377726751
416705,416734,418526,29,1792,2,9000,1.01618303571
416736,416742,418615,6,1873,2,9000,1.00320341698
416747,416781,418684,34,1903,2,9000,1.01786652654
416778,416797,418805,19,2008,2,9000,1.00946215139
416799,416818,418845,19,2027,2,9000,1.00937345831
416820,416839,418953,19,2114,2,9000,1.00898770104
416843,416849,418863,6,2014,2,9000,1.00297914598
416853,416860,418817,7,1957,2,9000,1.00357690342
416864,416870,418807,6,1937,2,9000,1.00309757357
416875,416897,418552,22,1655,2,9000,1.01329305136
416879,416886,419965,7,3079,2,7200,1.00227346541
416896,416931,418583,35,1652,2,9000,1.02118644068
416927,416937,418601,10,1664,2,9000,1.00600961538
416938,416967,418625,29,1658,2,9000,1.01749095296
416969,416977,418629,8,1652,2,9000,1.00484261501
416980,416986,418646,6,1660,2,9000,1.00361445783
416991,417017,418674,26,1657,2,9000,1.01569100785
417000,417008,419870,8,2862,2,7200,1.00279524808
417022,417028,418671,6,1643,2,9000,1.00365185636
417033,417044,418700,11,1656,2,9000,1.00664251208
417043,417093,418742,50,1649,2,9000,1.03032140691
417051,417061,420039,10,2978,2,7200,1.00335795836
417087,417100,419955,13,2855,2,7200,1.00455341506
417105,417142,418787,37,1645,2,9000,1.02249240122
417147,417180,418837,33,1657,2,9000,1.01991550996
417178,417265,418906,87,1641,2,9000,1.05301645338
417270,417276,418918,6,1642,2,9000,1.00365408039
417281,417293,418933,12,1640,2,9000,1.00731707317
417292,417359,419001,67,1642,2,9000,1.04080389769
417364,417374,419023,10,1649,2,9000,1.00606428138
417375,417381,419043,6,1662,2,9000,1.0036101083
417386,417400,419039,14,1639,2,9000,1.00854179378
417396,417451,419102,55,1651,2,9000,1.03331314355
417448,417458,419107,10,1649,2,9000,1.00606428138
417459,417502,419134,43,1632,2,9000,1.02634803922
417500,417509,419158,9,1649,2,9000,1.00545785324
417511,417625,419277,114,1652,2,9000,1.06900726392
417547,417556,420560,9,3004,2,7200,1.00299600533
417562,417569,420830,7,3261,2,7200,1.0021465808
417624,417642,419294,18,1652,2,9000,1.01089588378
417645,417652,419303,7,1651,2,9000,1.00423985463
417656,417671,419313,15,1642,2,9000,1.00913520097
417667,417695,419327,28,1632,2,9000,1.01715686275
417698,417727,419380,29,1653,2,9000,1.01754385965
417724,417759,419409,35,1650,2,9000,1.02121212121
417756,417798,419427,42,1629,2,9000,1.02578268877
417782,417792,420915,10,3123,2,7200,1.00320204931
417797,417817,419453,20,1636,2,9000,1.01222493888
417818,417862,419505,44,1643,2,9000,1.02678027998
417859,417875,419511,16,1636,2,9000,1.0097799511
417871,417901,420785,30,2884,2,7200,1.01040221914
417892,417908,420863,16,2955,2,7200,1.00541455161
417893,417952,420914,59,2962,2,7200,1.01991897367
417942,418042,420863,100,2821,2,7200,1.03544842255
418033,418166,421201,133,3035,2,7200,1.04382207578
418167,418173,419798,6,1625,2,9000,1.00369230769
418178,418184,419810,6,1626,2,9000,1.0036900369
418187,418197,421054,10,2857,2,7200,1.00350017501
418199,418205,419841,6,1636,2,9000,1.00366748166
418209,418216,419844,7,1628,2,9000,1.0042997543
418220,418226,419879,6,1653,2,9000,1.00362976407
418231,418278,419906,47,1628,2,9000,1.02886977887
418235,418246,421258,11,3012,2,7200,1.00365205843
418283,418324,419956,41,1632,2,9000,1.02512254902
418286,418415,418476,129,61,4,36000,3.11475409836
418324,418376,420018,52,1642,2,9000,1.03166869671
418376,418461,420090,85,1629,2,9000,1.05217925107
418461,418487,420113,26,1626,2,9000,1.0159901599
418492,418499,420142,7,1643,2,9000,1.00426049909
418503,418537,420189,34,1652,2,9000,1.0205811138
418534,418563,420203,29,1640,2,9000,1.01768292683
418538,418570,418572,32,2,2,3540,3.4
418566,418583,420219,17,1636,2,9000,1.01039119804
418587,418593,420220,6,1627,2,9000,1.0036877689
418597,418603,420221,6,1618,2,9000,1.00370828183
418608,418614,420253,6,1639,2,9000,1.00366076876
418619,418625,420250,6,1625,2,9000,1.00369230769
418630,418636,420259,6,1623,2,9000,1.00369685767
418640,418647,420286,7,1639,2,9000,1.00427089689
418651,418657,420293,6,1636,2,9000,1.00366748166
418662,418668,420307,6,1639,2,9000,1.00366076876
418673,418679,420318,6,1639,2,9000,1.00366076876
418683,418690,420316,7,1626,2,9000,1.00430504305
418694,418700,420312,6,1612,2,9000,1.00372208437
418705,418711,420379,6,1668,2,9000,1.0035971223
418716,418722,420365,6,1643,2,9000,1.00365185636
418726,418733,420379,7,1646,2,9000,1.0042527339
418737,418743,420378,6,1635,2,9000,1.00366972477
418748,418753,420375,5,1622,2,9000,1.00308261406
418758,418798,420440,40,1642,2,9000,1.02436053593
418800,418816,420442,16,1626,2,9000,1.0098400984
418821,418827,420467,6,1640,2,9000,1.00365853659
418832,418838,420478,6,1640,2,9000,1.00365853659
418842,418848,420479,6,1631,2,9000,1.00367872471
418853,418859,420503,6,1644,2,9000,1.00364963504
418864,418874,420491,10,1617,2,9000,1.0061842919
418875,418917,420557,42,1640,2,9000,1.0256097561
418916,418930,420589,14,1659,2,9000,1.00843881857
418927,418944,420546,17,1602,2,9000,1.01061173533
418948,418964,420599,16,1635,2,9000,1.00978593272
418969,419034,420673,65,1639,2,9000,1.03965832825
418973,419012,420852,39,1840,1,7200,1.02119565217
419031,419051,420703,20,1652,2,9000,1.01210653753
419052,419058,420712,6,1654,2,9000,1.00362756953
419063,419113,420753,50,1640,2,9000,1.03048780488
419114,419120,420748,6,1628,2,9000,1.00368550369
419125,419146,420801,21,1655,2,9000,1.01268882175
419146,419169,420808,23,1639,2,9000,1.01403294692
419167,419288,420912,121,1624,2,9000,1.07450738916
419204,419210,422120,6,2910,2,7200,1.00206185567
419292,419305,420976,13,1671,2,9000,1.00777977259
419303,419315,420929,12,1614,2,9000,1.00743494424
419313,419324,420966,11,1642,2,9000,1.00669914738
419324,419338,420971,14,1633,2,9000,1.0085731782
419335,419392,421049,57,1657,2,9000,1.0343995172
419347,419438,419473,91,35,4,36000,3.6
419360,419366,421093,6,1727,1,7200,1.00347423277
419397,419465,421095,68,1630,2,9000,1.04171779141
419469,419484,421218,15,1734,2,9000,1.00865051903
419480,419490,421151,10,1661,2,9000,1.0060204696
419491,419517,421156,26,1639,2,9000,1.0158633313
419522,419528,421206,6,1678,2,9000,1.00357568534
419533,419809,421438,276,1629,2,9000,1.16942909761
419648,419660,422505,12,2845,2,7200,1.00421792619
419810,419821,421476,11,1655,2,9000,1.00664652568
419820,419853,421496,33,1643,2,9000,1.02008520998
419852,419860,421487,8,1627,2,9000,1.0049170252
419862,419891,421530,29,1639,2,9000,1.01769371568
419872,419882,422909,10,3027,2,7200,1.00330360093
419894,419916,421559,22,1643,2,9000,1.01339013999
419915,419923,421569,8,1646,2,9000,1.00486026731
419926,419973,421655,47,1682,2,9000,1.02794292509
419956,419966,423196,10,3230,2,7200,1.00309597523
419971,419979,423046,8,3067,2,7200,1.00260841213
419977,420030,421663,53,1633,2,9000,1.03245560318
420029,420101,421753,72,1652,2,9000,1.04358353511
420041,420051,422901,10,2850,2,7200,1.00350877193
420101,420126,421803,25,1677,2,9000,1.01490757305
420122,420154,421813,32,1659,2,9000,1.01928872815
420154,420183,421832,29,1649,2,9000,1.01758641601
420185,420200,421848,15,1648,2,9000,1.00910194175
420206,420214,421869,8,1655,2,9000,1.00483383686
420217,420230,421885,13,1655,2,9000,1.00785498489
420227,420236,421886,9,1650,2,9000,1.00545454545
420238,420244,421888,6,1644,2,9000,1.00364963504
420249,420261,421906,12,1645,2,9000,1.00729483283
420260,420269,421906,9,1637,2,9000,1.00549786194
420270,420277,421926,7,1649,2,9000,1.00424499697
420281,420298,421944,17,1646,2,9000,1.01032806804
420302,420308,421924,6,1616,2,9000,1.00371287129
420313,420319,421952,6,1633,2,9000,1.00367421923
420316,420328,420410,12,82,4,36000,1.14634146341
420324,420334,421989,10,1655,2,9000,1.00604229607
420335,420377,422031,42,1654,2,9000,1.0253929867
420376,420386,422022,10,1636,2,9000,1.00611246944
420387,420393,422061,6,1668,2,9000,1.0035971223
420397,420404,422054,7,1650,2,9000,1.00424242424
420404,420410,425971,6,5561,1,5420,1.00107894264
420408,420421,422067,13,1646,2,9000,1.00789793439
420419,420428,422054,9,1626,2,9000,1.00553505535
420430,420451,422110,21,1659,2,9000,1.01265822785
420451,420458,422107,7,1649,2,9000,1.00424499697
420461,420478,422116,17,1638,2,9000,1.01037851038
420482,420489,422128,7,1639,2,9000,1.00427089689
420493,420499,422142,6,1643,2,9000,1.00365185636
420504,420510,422150,6,1640,2,9000,1.00365853659
420515,420521,422138,6,1617,2,9000,1.00371057514
420525,420557,422198,32,1641,2,9000,1.01950030469
420557,420568,422216,11,1648,2,9000,1.00667475728
420561,420575,423545,14,2970,2,7200,1.00471380471
420578,420600,422234,22,1634,2,9000,1.01346389229
420599,420611,422252,12,1641,2,9000,1.00731261426
420609,420685,422331,76,1646,2,9000,1.04617253949
420682,420717,422353,35,1636,2,9000,1.02139364303
420713,420723,422419,10,1696,2,9000,1.00589622642
420724,420760,422421,36,1661,2,9000,1.02167369055
420765,420771,422396,6,1625,2,9000,1.00369230769
420776,420812,422446,36,1634,2,9000,1.02203182375
420788,420796,423720,8,2924,2,7200,1.00273597811
420817,420823,422463,6,1640,2,9000,1.00365853659
420828,420863,422455,35,1592,2,9000,1.02198492462
420833,420842,423815,9,2973,2,7200,1.00302724521
420859,420923,422565,64,1642,2,9000,1.03897685749
420866,420875,424000,9,3125,2,7200,1.00288
420868,420881,423767,13,2886,2,7200,1.0045045045
420917,420930,423711,13,2781,2,7200,1.00467457749
420918,420935,424078,17,3143,2,7200,1.00540884505
420931,420941,422577,10,1636,2,9000,1.00611246944
420942,420977,422709,35,1732,2,9000,1.02020785219
420973,421060,422714,87,1654,2,9000,1.05259975816
420976,420987,422534,11,1547,4,36000,1.00711053652
421056,421106,422770,50,1664,2,9000,1.03004807692
421057,421066,423869,9,2803,2,7200,1.00321084552
421107,421162,422781,55,1619,2,9000,1.0339715874
421159,421169,422796,10,1627,2,9000,1.0061462815
421170,421220,422864,50,1644,2,9000,1.0304136253
421202,421213,424087,11,2874,2,7200,1.00382741823
421222,421229,422823,7,1594,2,9000,1.00439146801
421232,421450,423065,218,1615,2,9000,1.13498452012
421260,421269,424306,9,3037,2,7200,1.00296345077
421449,421488,423102,39,1614,2,9000,1.02416356877
421491,421498,423138,7,1640,2,9000,1.00426829268
421502,421508,423155,6,1647,2,9000,1.00364298725
421512,421541,423160,29,1619,2,9000,1.01791229154
421544,421571,423169,27,1598,2,9000,1.01689612015
421575,421581,423165,6,1584,2,9000,1.00378787879
421586,421657,423269,71,1612,2,9000,1.04404466501
421658,421666,423248,8,1582,2,9000,1.00505689001
421669,421674,423262,5,1588,2,9000,1.00314861461
421679,421765,423367,86,1602,2,9000,1.05368289638
421762,421818,423459,56,1641,2,9000,1.03412553321
421817,421824,423498,7,1674,2,9000,1.00418160096
421828,421843,423516,15,1673,2,9000,1.00896592947
421849,421859,423458,10,1599,2,9000,1.00625390869
421860,421880,423497,20,1617,2,9000,1.0123685838
421881,421897,423506,16,1609,2,9000,1.00994406464
421902,421908,423537,6,1629,2,9000,1.00368324125
421912,421919,423540,7,1621,2,9000,1.00431832202
421923,421929,423637,6,1708,2,9000,1.00351288056
421934,421940,423660,6,1720,2,9000,1.00348837209
421945,421951,423608,6,1657,2,9000,1.00362100181
421955,421962,423618,7,1656,2,9000,1.00422705314
421966,421972,423646,6,1674,2,9000,1.00358422939
421977,421983,423612,6,1629,2,9000,1.00368324125
421988,422000,423620,12,1620,2,9000,1.00740740741
421998,422072,423696,74,1624,2,9000,1.04556650246
422005,423385,509801,1380,86416,24,86400,1.01596926495
422071,422079,423744,8,1665,2,9000,1.0048048048
422081,422118,423741,37,1623,2,9000,1.02279728897
422121,422127,425035,6,2908,2,7200,1.00206327373
422123,422133,423832,10,1699,2,9000,1.00588581519
422134,422139,423843,5,1704,2,9000,1.0029342723
422144,422150,423881,6,1731,2,9000,1.00346620451
422155,422161,423820,6,1659,2,9000,1.00361663653
422166,422172,423827,6,1655,2,9000,1.00362537764
422176,422183,423862,7,1679,2,9000,1.0041691483
422187,422209,423874,22,1665,2,9000,1.01321321321
422208,422227,423821,19,1594,2,9000,1.01191969887
422229,422246,423901,17,1655,2,9000,1.01027190332
422250,422263,423912,13,1649,2,9000,1.0078835658
422261,422342,423990,81,1648,2,9000,1.04915048544
422343,422365,424043,22,1678,2,9000,1.01311084625
422364,422378,424117,14,1739,2,9000,1.0080506038
422375,422407,424145,32,1738,2,9000,1.01841196778
422406,422430,424211,24,1781,2,9000,1.01347557552
422427,422437,424084,10,1647,2,9000,1.00607164542
422438,422458,424118,20,1660,2,9000,1.01204819277
422459,422467,424167,8,1700,2,9000,1.00470588235
422470,422475,424170,5,1695,2,9000,1.00294985251
422480,422519,424183,39,1664,2,9000,1.0234375
422518,422638,424258,120,1620,2,9000,1.07407407407
422519,422876,425872,357,2996,2,7200,1.1191588785
422552,422588,422627,36,39,4,36000,1.92307692308
422671,422721,425097,50,2376,4,36000,1.02104377104
422877,422883,424561,6,1678,2,9000,1.00357568534
422887,422894,424689,7,1795,2,9000,1.00389972145
422898,422904,424656,6,1752,2,9000,1.00342465753
422903,422912,425862,9,2950,2,7200,1.00305084746
422909,422919,424594,10,1675,2,9000,1.00597014925
422918,422926,425859,8,2933,2,7200,1.00272758268
422930,422936,424603,6,1667,2,9000,1.00359928014
422941,423077,424745,136,1668,2,9000,1.08153477218
423048,423057,425866,9,2809,2,7200,1.00320398718
423074,423115,424865,41,1750,2,9000,1.02342857143
423116,423150,424845,34,1695,2,9000,1.02005899705
423147,423166,424791,19,1625,2,9000,1.01169230769
423168,423174,424864,6,1690,2,9000,1.00355029586
423179,423185,424904,6,1719,2,9000,1.0034904014
423189,423197,424937,8,1740,2,9000,1.00459770115
423199,423207,426340,8,3133,2,7200,1.00255346313
423210,423260,424976,50,1716,2,9000,1.02913752914
423262,423275,425075,13,1800,2,9000,1.00722222222
423273,423282,424952,9,1670,2,9000,1.00538922156
423284,423379,425054,95,1675,2,9000,1.05671641791
423376,423447,425132,71,1685,2,9000,1.04213649852
423449,423455,425192,6,1737,2,9000,1.00345423143
423460,423470,425195,10,1725,2,9000,1.00579710145
423470,423477,425229,7,1752,2,9000,1.00399543379
423481,423508,425157,27,1649,2,9000,1.01637355973
423513,423519,425226,6,1707,2,9000,1.00351493849
423523,423529,425217,6,1688,2,9000,1.00355450237
423534,423540,425271,6,1731,2,9000,1.00346620451
423545,423551,425249,6,1698,2,9000,1.0035335689
423548,423557,426485,9,2928,2,7200,1.00307377049
423556,423563,425245,7,1682,2,9000,1.00416171225
423566,423619,425336,53,1717,2,9000,1.03086779266
423618,423626,425318,8,1692,2,9000,1.00472813239
423629,423635,425339,6,1704,2,9000,1.00352112676
423640,423646,425414,6,1768,2,9000,1.00339366516
423650,423657,425341,7,1684,2,9000,1.0041567696
423661,423667,425421,6,1754,2,9000,1.00342075257
423672,423678,425339,6,1661,2,9000,1.00361228176
423683,423707,425397,24,1690,2,9000,1.01420118343
423704,423731,425506,27,1775,2,9000,1.01521126761
423714,423722,426752,8,3030,2,7200,1.00264026403
423729,423826,426797,97,2971,2,7200,1.03264893975
423769,423778,426833,9,3055,2,7200,1.00294599018
423817,423844,426824,27,2980,2,7200,1.00906040268
423848,423854,425528,6,1674,2,9000,1.00358422939
423859,423865,425549,6,1684,2,9000,1.00356294537
423869,423875,425610,6,1735,2,9000,1.00345821326
423872,423881,426938,9,3057,2,7200,1.00294406281
423880,423887,425614,7,1727,2,9000,1.00405327157
423891,423897,425602,6,1705,2,9000,1.00351906158
423902,423908,425678,6,1770,2,9000,1.00338983051
423913,423919,425690,6,1771,2,9000,1.00338791643
423923,423929,425760,6,1831,2,9000,1.00327689787
423934,423940,425603,6,1663,2,9000,1.00360793746
423945,423951,425640,6,1689,2,9000,1.00355239787
423956,423962,425670,6,1708,2,9000,1.00351288056
423966,424001,425679,35,1678,2,9000,1.02085816448
423997,424054,425781,57,1727,2,9000,1.03300521135
424002,424011,427171,9,3160,2,7200,1.00284810127
424059,424096,425845,37,1749,2,9000,1.02115494568
424075,424089,427001,14,2912,2,7200,1.00480769231
424090,424102,427107,12,3005,2,7200,1.00399334443
424101,424128,425879,27,1751,2,9000,1.01541976014
424132,424138,425911,6,1773,2,9000,1.00338409475
424143,424156,425887,13,1731,2,9000,1.00751010976
424154,424178,425991,24,1813,2,9000,1.01323772752
424175,424184,425933,9,1749,2,9000,1.0051457976
424185,424194,425936,9,1742,2,9000,1.00516647532
424196,424222,425973,26,1751,2,9000,1.01484865791
424227,424269,426004,42,1735,2,9000,1.0242074928
424269,424317,426067,48,1750,2,9000,1.02742857143
424321,424573,426343,252,1770,2,9000,1.14237288136
424386,424579,511001,193,86422,1,86400,1.00223322765
424387,426836,513259,2449,86423,1,86400,1.0283373639
424387,426841,513268,2454,86427,1,86400,1.02839390468
424578,424605,426393,27,1788,2,9000,1.01510067114
424607,426790,454090,2183,27300,4,86400,1.07996336996
424607,426796,513206,2189,86410,2,86400,1.02533271612
424609,424615,426368,6,1753,2,9000,1.00342270394
424609,425944,454078,1335,28134,8,86400,1.04745148219
424620,424667,426444,47,1777,2,9000,1.02644907147
424672,424700,426440,28,1740,2,9000,1.01609195402
424703,424756,426512,53,1756,2,9000,1.03018223235
424755,424802,426568,47,1766,2,9000,1.02661381653
424807,424857,426690,50,1833,2,9000,1.02727768685
424858,424875,426640,17,1765,2,9000,1.00963172805
424879,424886,426588,7,1702,2,9000,1.00411280846
424890,424915,426647,25,1732,2,9000,1.01443418014
424912,424948,426691,36,1743,2,9000,1.02065404475
424954,424963,426679,9,1716,2,9000,1.00524475524
424964,424988,426717,24,1729,2,9000,1.01388085599
424986,425065,426824,79,1759,2,9000,1.04491188175
425037,425046,427825,9,2779,2,7200,1.00323857503
425062,425087,427154,25,2067,2,9000,1.01209482342
425149,425155,426739,6,1584,2,9000,1.00378787879
425159,425165,426767,6,1602,2,9000,1.00374531835
425170,425176,426772,6,1596,2,9000,1.0037593985
425181,425187,426765,6,1578,2,9000,1.00380228137
425192,425203,426778,11,1575,2,9000,1.00698412698
425202,425210,426790,8,1580,2,9000,1.00506329114
425213,425228,426778,15,1550,2,9000,1.00967741935
425224,425238,426815,14,1577,2,9000,1.00887761573
425235,425245,426850,10,1605,2,9000,1.0062305296
425245,425261,426856,16,1595,2,9000,1.01003134796
425256,425267,426863,11,1596,2,9000,1.00689223058
425267,425282,426857,15,1575,2,9000,1.00952380952
425278,425329,426896,51,1567,2,9000,1.03254626675
425329,425347,426921,18,1574,2,9000,1.01143583227
425350,425357,426922,7,1565,2,9000,1.00447284345
425361,425367,426932,6,1565,2,9000,1.00383386581
425372,425378,426984,6,1606,2,9000,1.00373599004
425383,425409,426991,26,1582,2,9000,1.01643489254
425414,425425,427006,11,1581,2,9000,1.00695762176
425425,425432,427023,7,1591,2,9000,1.00439974859
425435,425517,427096,82,1579,2,9000,1.05193160228
425518,425539,427098,21,1559,2,9000,1.01347017319
425539,425560,427144,21,1584,2,9000,1.01325757576
425560,425613,427191,53,1578,2,9000,1.03358681876
425612,425620,427205,8,1585,2,9000,1.00504731861
425622,425629,427206,7,1577,2,9000,1.00443880786
425633,425639,427213,6,1574,2,9000,1.00381194409
425644,425652,427226,8,1574,2,9000,1.00508259212
425654,425681,427266,27,1585,2,9000,1.01703470032
425686,425692,427266,6,1574,2,9000,1.00381194409
425697,425703,427271,6,1568,2,9000,1.00382653061
425707,425713,427261,6,1548,2,9000,1.00387596899
425718,425771,427329,53,1558,2,9000,1.03401797176
425770,425792,427376,22,1584,2,9000,1.01388888889
425791,425857,427429,66,1572,2,9000,1.04198473282
425853,425883,427443,30,1560,2,9000,1.01923076923
425864,425870,428590,6,2720,2,7200,1.00220588235
425865,425877,428916,12,3039,2,7200,1.00394866732
425881,425889,428849,8,2960,2,7200,1.0027027027
425882,425951,428884,69,2933,2,7200,1.02352540061
425956,425984,427574,28,1590,2,9000,1.01761006289
425987,426002,427605,15,1603,2,9000,1.00935745477
425998,426015,427589,17,1574,2,9000,1.01080050826
426019,426079,427676,60,1597,2,9000,1.03757044458
426081,426379,427950,298,1571,2,9000,1.18968809675
426206,426212,428084,6,1872,1,5420,1.00320512821
426294,426358,427467,64,1109,1,7200,1.05770964833
426341,426351,429420,10,3069,2,7200,1.00325839036
426378,426409,427986,31,1577,2,9000,1.01965757768
426397,426403,430585,6,4182,1,7200,1.00143472023
426409,426451,428045,42,1594,2,9000,1.02634880803
426451,426458,428028,7,1570,2,9000,1.00445859873
426462,426523,428081,61,1558,2,9000,1.03915275995
426486,426496,429516,10,3020,2,7200,1.00331125828
426524,426579,428133,55,1554,2,9000,1.03539253539
426575,426600,428159,25,1559,2,9000,1.01603592046
426596,426651,428227,55,1576,2,9000,1.03489847716
426648,426658,428295,10,1637,2,9000,1.00610873549
426659,426690,428285,31,1595,2,9000,1.01943573668
426690,426701,428301,11,1600,2,9000,1.006875
426701,426708,428301,7,1593,2,9000,1.00439422473
426712,426728,428348,16,1620,2,9000,1.00987654321
426733,426750,428346,17,1596,2,9000,1.01065162907
426754,426776,428392,22,1616,2,9000,1.01361386139
426756,426764,429877,8,3113,2,7200,1.00256986829
426775,426783,428367,8,1584,2,9000,1.00505050505
426785,426802,428405,17,1603,2,9000,1.01060511541
426798,426810,429711,12,2901,2,7200,1.00413650465
426807,426826,428432,19,1606,2,9000,1.01183063512
426825,426847,429831,22,2984,2,7200,1.00737265416
426840,426853,429942,13,3089,2,7200,1.00420848171
426858,426864,428461,6,1597,2,9000,1.00375704446
426871,426877,428470,6,1593,2,9000,1.00376647834
426882,426888,428513,6,1625,2,9000,1.00369230769
426893,426899,428500,6,1601,2,9000,1.00374765771
426904,426910,428506,6,1596,2,9000,1.0037593985
426914,426932,428553,18,1621,2,9000,1.01110425663
426935,426942,428558,7,1616,2,9000,1.00433168317
426940,426949,429961,9,3012,2,7200,1.00298804781
426946,426955,428579,9,1624,2,9000,1.00554187192
426957,426995,428599,38,1604,2,9000,1.02369077307
426998,427005,428619,7,1614,2,9000,1.00433705081
427004,427012,429980,8,2968,2,7200,1.00269541779
427009,427018,428646,9,1628,2,9000,1.00552825553
427020,427034,428644,14,1610,2,9000,1.00869565217
427031,427107,428716,76,1609,2,9000,1.04723430702
427109,427119,430095,10,2976,2,7200,1.00336021505
427123,427129,428760,6,1631,2,9000,1.00367872471
427134,427155,428781,21,1626,2,9000,1.01291512915
427155,427165,428793,10,1628,2,9000,1.00614250614
427166,427203,428817,37,1614,2,9000,1.0229244114
427173,427182,430091,9,2909,2,7200,1.00309384668
427207,427216,428827,9,1611,2,9000,1.00558659218
427218,427224,428834,6,1610,2,9000,1.00372670807
427229,427235,428818,6,1583,2,9000,1.00379027164
427239,427246,428832,7,1586,2,9000,1.00441361917
427250,427272,428882,22,1610,2,9000,1.01366459627
427271,427279,428889,8,1610,2,9000,1.0049689441
427282,427288,428889,6,1601,2,9000,1.00374765771
427293,427299,428901,6,1602,2,9000,1.00374531835
427303,427340,428955,37,1615,2,9000,1.02291021672
427345,427387,429012,42,1625,2,9000,1.02584615385
427386,427440,429056,54,1616,2,9000,1.03341584158
427438,427454,429061,16,1607,2,9000,1.00995644057
427459,427585,429198,126,1613,2,9000,1.07811531308
427582,427600,429218,18,1618,2,9000,1.01112484549
427603,427617,429267,14,1650,2,9000,1.00848484848
427614,427687,429298,73,1611,2,9000,1.04531346989
427686,427961,429547,275,1586,2,9000,1.17339218159
427828,427836,430697,8,2861,2,7200,1.0027962251
427963,427997,429613,34,1616,2,9000,1.02103960396
427995,428039,429676,44,1637,2,9000,1.02687843616
428036,428056,429663,20,1607,2,9000,1.01244555072
428057,428090,429694,33,1604,2,9000,1.02057356608
428088,428096,429710,8,1614,2,9000,1.00495662949
428099,428144,429769,45,1625,2,9000,1.02769230769
428141,428171,429786,30,1615,2,9000,1.01857585139
428172,428238,429839,66,1601,2,9000,1.04122423485
428234,428306,429915,72,1609,2,9000,1.04474829086
428241,428296,428695,55,399,1,7200,1.13784461153
428306,428313,429920,7,1607,2,9000,1.00435594275
428317,428323,429942,6,1619,2,9000,1.00370599135
428328,428357,429945,29,1588,2,9000,1.01826196474
428359,428364,429978,5,1614,2,9000,1.00309789343
428369,428379,429973,10,1594,2,9000,1.00627352572
428380,428404,430018,24,1614,2,9000,1.01486988848
428401,428416,430031,15,1615,2,9000,1.0092879257
428412,428443,430050,31,1607,2,9000,1.01929060361
428443,428472,430085,29,1613,2,9000,1.01797892126
428475,428481,430102,6,1621,2,9000,1.00370141888
428485,428511,430126,26,1615,2,9000,1.01609907121
428516,428523,430134,7,1611,2,9000,1.00434512725
428527,428533,430146,6,1613,2,9000,1.00371977681
428538,428565,430190,27,1625,2,9000,1.01661538462
428569,428575,430175,6,1600,2,9000,1.00375
428580,428590,430167,10,1577,2,9000,1.00634115409
428591,428611,430201,20,1590,2,9000,1.01257861635
428592,428602,431634,10,3032,2,7200,1.00329815303
428612,428630,430248,18,1618,2,9000,1.01112484549
428633,428655,430258,22,1603,2,9000,1.013724267
428654,428661,430274,7,1613,2,9000,1.00433973962
428664,428706,430322,42,1616,2,9000,1.02599009901
428706,428727,430340,21,1613,2,9000,1.01301921885
428727,428772,430397,45,1625,2,9000,1.02769230769
428768,428792,430394,24,1602,2,9000,1.01498127341
428789,428805,430414,16,1609,2,9000,1.00994406464
428810,428829,430427,19,1598,2,9000,1.01188986233
428831,428837,430425,6,1588,2,9000,1.00377833753
428842,428848,430445,6,1597,2,9000,1.00375704446
428852,428860,431616,8,2756,2,7200,1.00290275762
428863,428869,430501,6,1632,2,9000,1.00367647059
428873,428880,430511,7,1631,2,9000,1.00429184549
428884,428893,430516,9,1623,2,9000,1.00554528651
428885,428900,431875,15,2975,2,7200,1.00504201681
428905,428911,430533,6,1622,2,9000,1.00369913687
428916,428927,430545,11,1618,2,9000,1.00679851669
428918,428933,431853,15,2920,2,7200,1.0051369863
428937,428943,430592,6,1649,2,9000,1.00363856883
428948,428980,430593,32,1613,2,9000,1.01983880967
428949,428967,430177,18,1210,1,7200,1.01487603306
428979,429023,430623,44,1600,2,9000,1.0275
429020,429068,430670,48,1602,2,9000,1.02996254682
429072,429078,430677,6,1599,2,9000,1.00375234522
429083,429209,430825,126,1616,2,9000,1.07797029703
429206,429230,430859,24,1629,2,9000,1.01473296501
429227,429278,430904,51,1626,2,9000,1.03136531365
429279,429310,430922,31,1612,2,9000,1.01923076923
429310,429558,431194,248,1636,2,9000,1.15158924205
429320,429939,429940,619,1,1,240,62.0
429358,429933,465951,575,36018,1,43200,1.0159642401
429423,429431,432331,8,2900,2,7200,1.00275862069
429520,429528,432365,8,2837,2,7200,1.00281988016
429556,429624,431234,68,1610,2,9000,1.04223602484
429628,429674,431294,46,1620,2,9000,1.02839506173
429670,429687,431316,17,1629,2,9000,1.01043585021
429691,429705,431334,14,1629,2,9000,1.00859422959
429702,429721,431341,19,1620,2,9000,1.01172839506
429713,429728,432685,15,2957,2,7200,1.00507270883
429733,429780,431416,47,1636,2,9000,1.02872860636
429785,429797,431417,12,1620,2,9000,1.00740740741
429795,429850,431447,55,1597,2,9000,1.0344395742
429831,429842,432908,11,3066,2,7200,1.00358773646
429847,429926,431535,79,1609,2,9000,1.04909881914
429880,429888,432728,8,2840,2,7200,1.00281690141
429929,429959,431579,30,1620,2,9000,1.01851851852
429944,429953,432913,9,2960,2,7200,1.00304054054
429961,429970,431588,9,1618,2,9000,1.00556242274
429962,429976,432861,14,2885,2,7200,1.00485268631
429982,429988,431602,6,1614,2,9000,1.00371747212
429983,429994,432887,11,2893,2,7200,1.00380228137
429992,430001,431619,9,1618,2,9000,1.00556242274
430003,430029,431657,26,1628,2,9000,1.01597051597
430034,430042,431679,8,1637,2,9000,1.00488698839
430045,430061,431672,16,1611,2,9000,1.00993171943
430047,430186,430914,139,728,1,3540,1.19093406593
430066,430096,431725,30,1629,2,9000,1.01841620626
430095,430103,433019,8,2916,2,7200,1.00274348422
430108,430113,431723,5,1610,2,9000,1.00310559006
430110,430120,433014,10,2894,2,7200,1.00345542502
430118,430137,431746,19,1609,2,9000,1.01180857676
430139,430145,431759,6,1614,2,9000,1.00371747212
430150,430158,431757,8,1599,2,9000,1.00500312695
430161,430178,431770,17,1592,2,9000,1.01067839196
430182,430193,431789,11,1596,2,9000,1.00689223058
430192,430201,431828,9,1627,2,9000,1.00553165335
430203,430212,431829,9,1617,2,9000,1.00556586271
430214,430259,431888,45,1629,2,9000,1.02762430939
430255,430269,431877,14,1608,2,9000,1.00870646766
430266,430285,431919,19,1634,2,9000,1.01162790698
430287,430333,431980,46,1647,2,9000,1.02792956891
430330,430352,431985,22,1633,2,9000,1.01347213717
430351,430405,432025,54,1620,2,9000,1.03333333333
430402,430412,432040,10,1628,2,9000,1.00614250614
430413,430426,432051,13,1625,2,9000,1.008
430424,430437,432056,13,1619,2,9000,1.00802964793
430435,430443,432099,8,1656,2,9000,1.00483091787
430446,430512,432135,66,1623,2,9000,1.04066543438
430451,430457,431831,6,1374,1,7200,1.00436681223
430508,430524,432138,16,1614,2,9000,1.00991325898
430529,430535,432134,6,1599,2,9000,1.00375234522
430535,430545,431627,10,1082,1,7200,1.00924214418
430540,430551,432189,11,1638,2,9000,1.00671550672
430550,430558,432215,8,1657,2,9000,1.00482800241
430561,430603,432250,42,1647,2,9000,1.02550091075
430603,430609,432236,6,1627,2,9000,1.0036877689
430613,430634,432256,21,1622,2,9000,1.01294697904
430634,430682,432329,48,1647,2,9000,1.029143898
430686,430692,432345,6,1653,2,9000,1.00362976407
430697,430836,432477,139,1641,2,9000,1.08470444851
430700,430708,433457,8,2749,2,7200,1.00291014915
430841,430870,432530,29,1660,2,9000,1.01746987952
430872,430915,432571,43,1656,2,9000,1.02596618357
430914,430925,432565,11,1640,2,9000,1.00670731707
430926,430933,432604,7,1671,2,9000,1.00418910832
430937,431205,432858,268,1653,2,9000,1.16212946158
431204,431245,432877,41,1632,2,9000,1.02512254902
431246,431305,432976,59,1671,2,9000,1.03530819868
431308,431327,432963,19,1636,2,9000,1.01161369193
431329,431346,432975,17,1629,2,9000,1.01043585021
431350,431356,433012,6,1656,2,9000,1.00362318841
431361,431427,433053,66,1626,2,9000,1.0405904059
431423,431433,433036,10,1603,2,9000,1.00623830318
431434,431458,433094,24,1636,2,9000,1.01466992665
431455,431547,433171,92,1624,2,9000,1.05665024631
431547,431590,433238,43,1648,2,9000,1.02609223301
431589,431599,433252,10,1653,2,9000,1.00604960678
431600,431614,433279,14,1665,2,9000,1.00840840841
431610,431634,433301,24,1667,2,9000,1.01439712058
431618,431627,434597,9,2970,2,7200,1.00303030303
431631,431668,433305,37,1637,2,9000,1.02260232132
431636,431645,434499,9,2854,2,7200,1.00315346882
431673,431683,433296,10,1613,2,9000,1.00619962802
431684,431690,433331,6,1641,2,9000,1.00365630713
431695,431734,433376,39,1642,2,9000,1.02375152253
431736,431742,433362,6,1620,2,9000,1.0037037037
431747,431757,433366,10,1609,2,9000,1.0062150404
431757,431768,433362,11,1594,2,9000,1.00690087829
431768,431774,433322,6,1548,2,9000,1.00387596899
431779,431785,433385,6,1600,2,9000,1.00375
431790,431801,433395,11,1594,2,9000,1.00690087829
431801,431840,433449,39,1609,2,9000,1.02423865755
431842,431848,433435,6,1587,2,9000,1.00378071834
431853,431859,433461,6,1602,2,9000,1.00374531835
431857,431865,434803,8,2938,2,7200,1.00272294078
431864,431893,433552,29,1659,2,9000,1.01748040989
431878,431886,434784,8,2898,2,7200,1.0027605245
431895,431901,433521,6,1620,2,9000,1.0037037037
431906,431930,433574,24,1644,2,9000,1.01459854015
431927,431991,433539,64,1548,2,9000,1.04134366925
431989,431997,433542,8,1545,2,9000,1.00517799353
431999,432036,433583,37,1547,2,9000,1.02391725921
432041,432052,433605,11,1553,2,9000,1.00708306504
432052,432062,433630,10,1568,2,9000,1.00637755102
432063,432068,433649,5,1581,2,9000,1.00316255534
432073,432111,433637,38,1526,2,9000,1.0249017038
432137,432145,433705,8,1560,2,9000,1.00512820513
432148,432154,433756,6,1602,2,9000,1.00374531835
432159,432165,433792,6,1627,2,9000,1.0036877689
432169,432200,433817,31,1617,2,9000,1.01917130489
432201,432226,433844,25,1618,2,9000,1.01545117429
432222,432248,433861,26,1613,2,9000,1.01611903286
432253,432261,433899,8,1638,2,9000,1.00488400488
432264,432270,433904,6,1634,2,9000,1.00367197062
432274,432340,434000,66,1660,2,9000,1.03975903614
432332,432347,435287,15,2940,2,7200,1.00510204082
432346,432356,434001,10,1645,2,9000,1.00607902736
432357,432488,434111,131,1623,2,9000,1.08071472582
432366,432376,435386,10,3010,2,7200,1.00332225914
432491,432542,434191,51,1649,2,9000,1.03092783505
432543,432576,434205,33,1629,2,9000,1.02025782689
432574,432582,434213,8,1631,2,9000,1.00490496628
432585,432615,434236,30,1621,2,9000,1.01850709439
432616,432802,434438,186,1636,2,9000,1.11369193154
432686,432696,435553,10,2857,2,7200,1.00350017501
432729,432739,435780,10,3041,2,7200,1.00328839198
432801,432809,434447,8,1638,2,9000,1.00488400488
432811,432817,434463,6,1646,2,9000,1.00364520049
432822,432828,434462,6,1634,2,9000,1.00367197062
432833,432839,434503,6,1664,2,9000,1.00360576923
432844,432869,434526,25,1657,2,9000,1.01508750754
432862,432875,435865,13,2990,2,7200,1.00434782609
432875,432888,434518,13,1630,2,9000,1.00797546012
432886,432926,434562,40,1636,2,9000,1.02444987775
432889,432898,435898,9,3000,2,7200,1.003
432910,432919,435668,9,2749,2,7200,1.00327391779
432925,433032,435984,107,2952,2,7200,1.03624661247
433016,433025,435948,9,2923,2,7200,1.0030790284
433029,433039,434701,10,1662,2,9000,1.00601684717
433031,433468,436371,437,2903,2,7200,1.15053393042
433460,433553,436506,93,2953,2,7200,1.03149339655
433549,433559,435196,10,1637,2,9000,1.00610873549
433560,433566,435254,6,1688,2,9000,1.00355450237
433571,433577,435239,6,1662,2,9000,1.0036101083
433581,433588,435254,7,1666,2,9000,1.00420168067
433592,433598,435240,6,1642,2,9000,1.00365408039
433603,433609,435256,6,1647,2,9000,1.00364298725
433614,433620,435312,6,1692,2,9000,1.00354609929
433624,433630,435277,6,1647,2,9000,1.00364298725
433635,433641,435282,6,1641,2,9000,1.00365630713
433646,433652,435302,6,1650,2,9000,1.00363636364
433656,433663,435312,7,1649,2,9000,1.00424499697
433667,433673,435327,6,1654,2,9000,1.00362756953
433678,433684,435362,6,1678,2,9000,1.00357568534
433681,433690,435142,9,1452,1,3540,1.00619834711
433689,433697,435359,8,1662,2,9000,1.00481347774
433699,433705,435346,6,1641,2,9000,1.00365630713
433710,433716,435361,6,1645,2,9000,1.00364741641
433721,433727,435375,6,1648,2,9000,1.0036407767
433731,433738,435363,7,1625,2,9000,1.00430769231
433742,433748,435417,6,1669,2,9000,1.00359496705
433753,433759,435426,6,1667,2,9000,1.00359928014
433764,433770,435431,6,1661,2,9000,1.00361228176
433774,433780,435436,6,1656,2,9000,1.00362318841
433785,433791,435437,6,1646,2,9000,1.00364520049
433796,433802,435438,6,1636,2,9000,1.00366748166
433807,433813,435453,6,1640,2,9000,1.00365853659
433817,433824,435477,7,1653,2,9000,1.00423472474
433828,433834,435492,6,1658,2,9000,1.00361881785
433839,433845,435490,6,1645,2,9000,1.00364741641
433850,433855,435470,5,1615,2,9000,1.00309597523
433860,433867,435510,7,1643,2,9000,1.00426049909
433871,433877,435512,6,1635,2,9000,1.00366972477
433882,433888,435542,6,1654,2,9000,1.00362756953
433893,433899,435583,6,1684,2,9000,1.00356294537
433903,433911,435563,8,1652,2,9000,1.00484261501
433923,433929,435570,6,1641,2,9000,1.00365630713
433933,433940,435594,7,1654,2,9000,1.00423216445
433944,433950,435599,6,1649,2,9000,1.00363856883
433955,433961,435609,6,1648,2,9000,1.0036407767
433966,433972,435618,6,1646,2,9000,1.00364520049
433977,433983,435666,6,1683,2,9000,1.00356506239
433987,434012,435667,25,1655,2,9000,1.01510574018
434008,434018,435711,10,1693,2,9000,1.00590667454
434019,434122,435762,103,1640,2,9000,1.06280487805
434122,434202,435836,80,1634,2,9000,1.04895960832
434204,434216,435864,12,1648,2,9000,1.0072815534
434215,434224,435867,9,1643,2,9000,1.00547778454
434226,434247,435898,21,1651,2,9000,1.0127195639
434247,434449,436096,202,1647,2,9000,1.1226472374
434453,434458,436083,5,1625,2,9000,1.00307692308
434463,434473,436137,10,1664,2,9000,1.00600961538
434474,434480,436123,6,1643,2,9000,1.00365185636
434485,434516,436176,31,1660,2,9000,1.0186746988
434500,434510,437680,10,3170,2,7200,1.00315457413
434516,434529,436185,13,1656,2,9000,1.00785024155
434527,434537,436166,10,1629,2,9000,1.00613873542
434538,434573,436202,35,1629,2,9000,1.02148557397
434569,434706,436360,137,1654,2,9000,1.08282950423
434599,434609,437585,10,2976,2,7200,1.00336021505
434703,434712,436378,9,1666,2,9000,1.00540216086
434713,434819,436482,106,1663,2,9000,1.0637402285
434787,434795,437716,8,2921,2,7200,1.00273878809
434805,434814,437740,9,2926,2,7200,1.0030758715
434816,435207,436880,391,1673,2,9000,1.2337118948
435206,435250,436903,44,1653,2,9000,1.02661826981
435247,435256,436891,9,1635,2,9000,1.00550458716
435258,435268,436894,10,1626,2,9000,1.0061500615
435269,435275,436939,6,1664,2,9000,1.00360576923
435280,435286,436944,6,1658,2,9000,1.00361881785
435289,435299,438474,10,3175,2,7200,1.0031496063
435301,435307,436970,6,1663,2,9000,1.00360793746
435311,435318,436983,7,1665,2,9000,1.0042042042
435322,435328,436972,6,1644,2,9000,1.00364963504
435333,435339,436982,6,1643,2,9000,1.00365185636
435344,435350,437018,6,1668,2,9000,1.0035971223
435354,435361,437021,7,1660,2,9000,1.00421686747
435368,435375,437017,7,1642,2,9000,1.00426309379
435379,435385,437033,6,1648,2,9000,1.0036407767
435388,435398,438373,10,2975,2,7200,1.00336134454
435400,435406,437049,6,1643,2,9000,1.00365185636
435411,435417,437076,6,1659,2,9000,1.00361663653
435422,435428,437078,6,1650,2,9000,1.00363636364
435432,435438,437084,6,1646,2,9000,1.00364520049
435443,435449,437112,6,1663,2,9000,1.00360793746
435454,435460,437142,6,1682,2,9000,1.00356718193
435465,435471,437112,6,1641,2,9000,1.00365630713
435475,435481,437135,6,1654,2,9000,1.00362756953
435486,435492,437151,6,1659,2,9000,1.00361663653
435497,435503,437144,6,1641,2,9000,1.00365630713
435508,435514,437172,6,1658,2,9000,1.00361881785
435518,435524,437167,6,1643,2,9000,1.00365185636
435529,435535,437163,6,1628,2,9000,1.00368550369
435540,435546,437189,6,1643,2,9000,1.00365185636
435550,435557,437198,7,1641,2,9000,1.00426569165
435555,435565,438510,10,2945,2,7200,1.00339558574
435561,435572,437230,11,1658,2,9000,1.0066344994
435572,435578,437217,6,1639,2,9000,1.00366076876
435583,435589,437256,6,1667,2,9000,1.00359928014
435593,435600,437228,7,1628,2,9000,1.0042997543
435608,435614,437249,6,1635,2,9000,1.00366972477
435619,435625,437254,6,1629,2,9000,1.00368324125
435630,435636,437297,6,1661,2,9000,1.00361228176
435640,435647,437293,7,1646,2,9000,1.0042527339
435651,435657,437311,6,1654,2,9000,1.00362756953
435662,435668,437325,6,1657,2,9000,1.00362100181
435669,435679,438621,10,2942,2,7200,1.00339904827
435683,435689,437332,6,1643,2,9000,1.00365185636
435694,435700,437334,6,1634,2,9000,1.00367197062
435704,435723,437364,19,1641,2,9000,1.01157830591
435725,435773,437422,48,1649,2,9000,1.02910855064
435777,435847,437508,70,1661,2,9000,1.04214328718
435781,435792,438663,11,2871,2,7200,1.00383141762
435849,435876,437541,27,1665,2,9000,1.01621621622
435866,435882,438807,16,2925,2,7200,1.00547008547
435881,435889,437523,8,1634,2,9000,1.00489596083
435891,435915,437537,24,1622,2,9000,1.01479654747
435899,435909,438995,10,3086,2,7200,1.0032404407
435912,436094,437728,182,1634,2,9000,1.11138310894
435951,435959,438922,8,2963,2,7200,1.00269996625
435987,435995,438847,8,2852,2,7200,1.00280504909
436097,436107,437746,10,1639,2,9000,1.00610128127
436108,436134,437806,26,1672,2,9000,1.01555023923
436139,436148,437838,9,1690,2,9000,1.00532544379
436150,436177,437825,27,1648,2,9000,1.01638349515
436181,436187,437839,6,1652,2,9000,1.00363196126
436192,436198,437834,6,1636,2,9000,1.00366748166
436203,436214,437874,11,1660,2,9000,1.00662650602
436213,436267,437914,54,1647,2,9000,1.03278688525
436265,436371,438028,106,1657,2,9000,1.06397103199
436368,436389,438032,21,1643,2,9000,1.01278149726
436374,436382,439321,8,2939,2,7200,1.00272201429
436389,436493,438153,104,1660,2,9000,1.06265060241
436492,436891,438542,399,1651,2,9000,1.24167171411
436507,436517,439354,10,2837,2,7200,1.00352485019
436892,436902,438539,10,1637,2,9000,1.00610873549
436903,436908,438554,5,1646,2,9000,1.00303766707
436913,436919,438596,6,1677,2,9000,1.00357781753
436924,436950,438591,26,1641,2,9000,1.01584399756
436955,436961,438596,6,1635,2,9000,1.00366972477
436966,436981,438628,15,1647,2,9000,1.00910746812
436977,436988,438630,11,1642,2,9000,1.00669914738
436987,436995,438646,8,1651,2,9000,1.00484554815
436998,437004,438652,6,1648,2,9000,1.0036407767
437009,437029,438674,20,1645,2,9000,1.01215805471
437030,437036,438683,6,1647,2,9000,1.00364298725
437041,437047,438691,6,1644,2,9000,1.00364963504
437051,437058,438714,7,1656,2,9000,1.00422705314
437055,437064,437828,9,764,1,3540,1.01178010471
437062,437087,438740,25,1653,2,9000,1.01512401694
437083,437094,438755,11,1661,2,9000,1.00662251656
437094,437100,438751,6,1651,2,9000,1.00363416111
437105,437123,438762,18,1639,2,9000,1.01098230628
437126,437132,438768,6,1636,2,9000,1.00366748166
437136,437146,438787,10,1641,2,9000,1.00609384522
437147,437155,438814,8,1659,2,9000,1.00482218204
437159,437166,438823,7,1657,2,9000,1.00422450211
437170,437176,438846,6,1670,2,9000,1.00359281437
437181,437187,438844,6,1657,2,9000,1.00362100181
437192,437198,438871,6,1673,2,9000,1.00358637179
437203,437209,438845,6,1636,2,9000,1.00366748166
437213,437219,438861,6,1642,2,9000,1.00365408039
437224,437230,438887,6,1657,2,9000,1.00362100181
437235,437241,438899,6,1658,2,9000,1.00361881785
437246,437252,438914,6,1662,2,9000,1.0036101083
437257,437264,438898,7,1634,2,9000,1.00428396573
437268,437274,438905,6,1631,2,9000,1.00367872471
437279,437285,438924,6,1639,2,9000,1.00366076876
437290,437296,438921,6,1625,2,9000,1.00369230769
437301,437307,438941,6,1634,2,9000,1.00367197062
437311,437317,438936,6,1619,2,9000,1.00370599135
437313,437324,439040,11,1716,2,9000,1.00641025641
437324,437336,439054,12,1718,2,9000,1.00698486612
437335,437343,439163,8,1820,2,9000,1.0043956044
437345,437352,439028,7,1676,2,9000,1.00417661098
437356,437376,439108,20,1732,2,9000,1.01154734411
437377,437433,439214,56,1781,2,9000,1.03144300955
437429,437520,439300,91,1780,2,9000,1.05112359551
437522,437534,439142,12,1608,2,9000,1.00746268657
437532,437548,439175,16,1627,2,9000,1.0098340504
437553,437560,439207,7,1647,2,9000,1.00425015179
437564,437740,439414,176,1674,2,9000,1.10513739546
437585,437596,440727,11,3131,2,7200,1.00351325455
437682,437691,440443,9,2752,2,7200,1.00327034884
437718,437728,440646,10,2918,2,7200,1.0034270048
437739,437758,439484,19,1726,2,9000,1.01100811124
437743,437752,440995,9,3243,2,7200,1.00277520814
437760,437817,439529,57,1712,2,9000,1.03329439252
437822,437836,439499,14,1663,2,9000,1.00841852075
437833,437842,439575,9,1733,2,9000,1.00519330641
437843,437849,439612,6,1763,2,9000,1.00340328985
437854,437860,439649,6,1789,2,9000,1.00335382895
437865,437871,439589,6,1718,2,9000,1.00349243306
437876,437885,439618,9,1733,2,9000,1.00519330641
437887,437925,439801,38,1876,2,9000,1.02025586354
437928,438040,439729,112,1689,2,9000,1.06631142688
438041,438047,439845,6,1798,2,9000,1.00333704116
438052,438164,440026,112,1862,2,9000,1.06015037594
438165,438550,440193,385,1643,2,9000,1.23432744979
438374,438384,441241,10,2857,2,7200,1.00350017501
438477,438485,441506,8,3021,2,7200,1.00264812976
438514,438521,441465,7,2944,2,7200,1.00237771739
438555,438561,440201,6,1640,2,9000,1.00365853659
438566,438572,440182,6,1610,2,9000,1.00372670807
438576,438602,440191,26,1589,2,9000,1.01636249213
438608,438614,440273,6,1659,2,9000,1.00361663653
438618,438624,440268,6,1644,2,9000,1.00364963504
438623,438632,441664,9,3032,2,7200,1.00296833773
438629,438639,440355,10,1716,2,9000,1.00582750583
438640,438646,440315,6,1669,2,9000,1.00359496705
438651,438657,440343,6,1686,2,9000,1.00355871886
438659,438674,441718,15,3044,2,7200,1.00492772668
438672,438681,440239,9,1558,2,9000,1.00577663671
438682,438689,440268,7,1579,2,9000,1.00443318556
438693,438699,440244,6,1545,2,9000,1.00388349515
438704,438710,440242,6,1532,2,9000,1.00391644909
438715,438725,440245,10,1520,2,9000,1.00657894737
438725,438752,440360,27,1608,2,9000,1.01679104478
438757,438762,440278,5,1516,2,9000,1.00329815303
438767,438773,440311,6,1538,2,9000,1.00390117035
438778,438784,440688,6,1904,2,9000,1.0031512605
438789,438795,440771,6,1976,2,9000,1.00303643725
438800,438806,440810,6,2004,2,9000,1.00299401198
438810,438818,441621,8,2803,2,7200,1.00285408491
438810,438828,440826,18,1998,2,9000,1.00900900901
438832,438838,440858,6,2020,2,9000,1.00297029703
438843,438855,440856,12,2001,2,9000,1.0059970015
438849,438863,441767,14,2904,2,7200,1.00482093664
438864,438870,440966,6,2096,2,9000,1.00286259542
438875,438881,440780,6,1899,2,9000,1.00315955766
438885,438892,440900,7,2008,2,9000,1.00348605578
438896,438902,440869,6,1967,2,9000,1.00305033045
438907,438913,440911,6,1998,2,9000,1.003003003
438918,438924,440963,6,2039,2,9000,1.00294261893
438923,438933,441880,10,2947,2,7200,1.0033932813
438939,438945,440966,6,2021,2,9000,1.00296882731
438950,438956,440888,6,1932,2,9000,1.00310559006
438960,438967,441026,7,2059,2,9000,1.0033997086
438971,438977,440988,6,2011,2,9000,1.00298359025
438982,438988,440891,6,1903,2,9000,1.00315291645
438993,438999,441054,6,2055,2,9000,1.00291970803
438998,439006,442032,8,3026,2,7200,1.00264375413
439003,439012,441055,9,2043,2,9000,1.00440528634
439014,439039,441056,25,2017,2,9000,1.01239464551
439035,439051,441123,16,2072,2,9000,1.00772200772
439056,439065,441074,9,2009,2,9000,1.00447984072
439067,439119,441190,52,2071,2,9000,1.02510864317
439119,439153,441260,34,2107,2,9000,1.01613668723
439150,439174,441179,24,2005,2,9000,1.01197007481
439171,439186,441117,15,1931,2,9000,1.00776799586
439192,439218,441262,26,2044,2,9000,1.01272015656
439223,439229,441338,6,2109,2,9000,1.00284495021
439234,439321,441314,87,1993,2,9000,1.04365278475
439321,439425,441528,104,2103,2,9000,1.04945316215
439322,439332,442364,10,3032,2,7200,1.00329815303
439356,439365,442395,9,3030,2,7200,1.00297029703
439424,439495,441499,71,2004,2,9000,1.03542914172
439497,439510,441514,13,2004,2,9000,1.00648702595
439510,439540,441216,30,1676,2,9000,1.01789976134
439541,439587,441256,46,1669,2,9000,1.02756141402
439583,439600,441261,17,1661,2,9000,1.01023479831
439604,439623,441277,19,1654,2,9000,1.01148730351
439625,439630,441325,5,1695,2,9000,1.00294985251
439635,439660,441332,25,1672,2,9000,1.01495215311
439656,439740,441401,84,1661,2,9000,1.05057194461
439739,439812,441475,73,1663,2,9000,1.04389657246
439811,439857,441522,46,1665,2,9000,1.02762762763
439853,440037,441705,184,1668,2,9000,1.1103117506
440039,440193,441845,154,1652,2,9000,1.09322033898
440190,440203,441858,13,1655,2,9000,1.00785498489
440200,440209,441871,9,1662,2,9000,1.00541516245
440211,440217,441843,6,1626,2,9000,1.0036900369
440222,440250,441888,28,1638,2,9000,1.01709401709
440253,440259,441897,6,1638,2,9000,1.00366300366
440264,440270,441879,6,1609,2,9000,1.00372902424
440275,440281,441935,6,1654,2,9000,1.00362756953
440286,440292,441929,6,1637,2,9000,1.0036652413
440296,440302,441898,6,1596,2,9000,1.0037593985
440307,440313,441940,6,1627,2,9000,1.0036877689
440318,440324,441902,6,1578,2,9000,1.00380228137
440329,440335,441971,6,1636,2,9000,1.00366748166
440339,440345,441964,6,1619,2,9000,1.00370599135
440350,440356,441891,6,1535,2,9000,1.00390879479
440361,440367,441985,6,1618,2,9000,1.00370828183
440372,440378,441982,6,1604,2,9000,1.00374064838
440382,440699,442313,317,1614,2,9000,1.19640644362
440446,440455,443190,9,2735,2,7200,1.00329067642
440649,440657,443668,8,3011,2,7200,1.00265692461
440700,440782,442392,82,1610,2,9000,1.05093167702
440727,440738,443698,11,2960,2,7200,1.00371621622
440744,440751,440761,7,10,1,3600,1.7
440783,440791,442406,8,1615,2,9000,1.00495356037
440793,440821,442349,28,1528,2,9000,1.01832460733
440825,440838,442435,13,1597,2,9000,1.00814026299
440835,440867,442459,32,1592,2,9000,1.02010050251
440867,440873,442473,6,1600,2,9000,1.00375
440877,440884,442502,7,1618,2,9000,1.0043263288
440888,440903,442516,15,1613,2,9000,1.00929944203
440890,440896,441065,6,169,1,3600,1.03550295858
440899,440910,442489,11,1579,2,9000,1.00696643445
440910,440916,442408,6,1492,2,9000,1.00402144772
440921,440927,442521,6,1594,2,9000,1.00376411543
440931,440975,442555,44,1580,2,9000,1.02784810127
440973,440982,442562,9,1580,2,9000,1.00569620253
440983,440990,442573,7,1583,2,9000,1.00442198358
440994,441000,442604,6,1604,2,9000,1.00374064838
440996,441006,443717,10,2711,2,7200,1.00368867577
441005,441038,442639,33,1601,2,9000,1.02061211743
441036,441065,442667,29,1602,2,9000,1.01810237203
441068,441074,442672,6,1598,2,9000,1.00375469337
441078,441085,442528,7,1443,2,9000,1.00485100485
441089,441095,442669,6,1574,2,9000,1.00381194409
441100,441129,442704,29,1575,2,9000,1.01841269841
441131,441137,442716,6,1579,2,9000,1.00379987334
441142,441190,442798,48,1608,2,9000,1.02985074627
441194,441201,442801,7,1600,2,9000,1.004375
441204,441228,442830,24,1602,2,9000,1.01498127341
441216,441222,441700,6,478,1,3600,1.01255230126
441225,441267,442860,42,1593,2,9000,1.0263653484
441244,441252,444383,8,3131,2,7200,1.00255509422
441267,441275,442870,8,1595,2,9000,1.00501567398
441278,441284,442858,6,1574,2,9000,1.00381194409
441289,441295,442938,6,1643,2,9000,1.00365185636
441299,441306,442921,7,1615,2,9000,1.00433436533
441310,441326,442977,16,1651,2,9000,1.00969109631
441321,441336,443039,15,1703,2,9000,1.00880798591
441332,441344,443031,12,1687,2,9000,1.00711321873
441342,441350,443044,8,1694,2,9000,1.00472255018
441353,441412,443101,59,1689,2,9000,1.03493191237
441415,441486,443194,71,1708,2,9000,1.04156908665
441468,441476,444102,8,2626,2,7200,1.00304645849
441488,441510,443175,22,1665,2,9000,1.01321321321
441508,441517,444581,9,3064,2,7200,1.00293733681
441519,441525,443215,6,1690,2,9000,1.00355029586
441530,441536,443213,6,1677,2,9000,1.00357781753
441540,441547,443224,7,1677,2,9000,1.00417412045
441551,441716,443403,165,1687,2,9000,1.09780675756
441622,441632,444609,10,2977,2,7200,1.00335908633
441665,441675,444532,10,2857,2,7200,1.00350017501
441716,441854,443559,138,1705,2,9000,1.08093841642
441719,441730,444441,11,2711,2,7200,1.00405754334
441771,441780,444595,9,2815,2,7200,1.00319715808
441860,441866,443514,6,1648,2,9000,1.0036407767
441870,441876,443574,6,1698,2,9000,1.0035335689
441881,441887,443542,6,1655,2,9000,1.00362537764
441883,441894,444799,11,2905,2,7200,1.00378657487
441892,441900,443602,8,1702,2,9000,1.00470035253
441902,441908,443629,6,1721,2,9000,1.00348634515
441913,441920,443666,7,1746,2,9000,1.0040091638
441924,441930,443636,6,1706,2,9000,1.00351699883
441935,441941,443605,6,1664,2,9000,1.00360576923
441946,441952,443633,6,1681,2,9000,1.00356930399
441956,441963,443661,7,1698,2,9000,1.00412249706
441967,441973,443659,6,1686,2,9000,1.00355871886
441978,441989,443173,11,1184,1,3600,1.00929054054
441978,441984,443664,6,1680,2,9000,1.00357142857
441989,441995,443675,6,1680,2,9000,1.00357142857
441999,442006,443701,7,1695,2,9000,1.00412979351
442010,442016,443702,6,1686,2,9000,1.00355871886
442021,442027,443714,6,1687,2,9000,1.00355660937
442032,442324,444029,292,1705,2,9000,1.17126099707
442035,442043,445081,8,3038,2,7200,1.00263331139
442323,442360,444013,37,1653,2,9000,1.02238354507
442365,442375,445469,10,3094,2,7200,1.00323206206
442365,442403,444064,38,1661,2,9000,1.02287778447
442396,442409,445627,13,3218,2,7200,1.00403977626
442406,442416,444125,10,1709,2,9000,1.00585137507
442417,442423,444153,6,1730,2,9000,1.00346820809
442428,442447,444153,19,1706,2,9000,1.01113716295
442449,442470,444175,21,1705,2,9000,1.01231671554
442470,442484,444165,14,1681,2,9000,1.00832837597
442481,442500,444175,19,1675,2,9000,1.01134328358
442504,442513,444168,9,1655,2,9000,1.00543806647
442515,442527,444100,12,1573,2,9000,1.0076287349
442525,442534,444128,9,1594,2,9000,1.00564617315
442536,442542,444139,6,1597,2,9000,1.00375704446
442547,442566,444230,19,1664,2,9000,1.01141826923
442568,442574,444239,6,1665,2,9000,1.0036036036
442579,442584,444259,5,1675,2,9000,1.00298507463
442589,442616,444295,27,1679,2,9000,1.0160810006
442621,442650,444272,29,1622,2,9000,1.01787916153
442652,442679,444341,27,1662,2,9000,1.01624548736
442683,442689,444390,6,1701,2,9000,1.00352733686
442694,442700,444333,6,1633,2,9000,1.00367421923
442705,442715,444454,10,1739,2,9000,1.00575043128
442715,442727,444424,12,1697,2,9000,1.0070713023
442726,442809,444522,83,1713,2,9000,1.04845300642
442809,442816,444565,7,1749,2,9000,1.00400228702
442820,442841,444480,21,1639,2,9000,1.01281269067
442841,442869,444570,28,1701,2,9000,1.01646090535
442872,442878,444690,6,1812,2,9000,1.00331125828
442883,442889,444768,6,1879,2,9000,1.00319318787
442894,442933,444592,39,1659,2,9000,1.02350813743
442935,442949,444661,14,1712,2,9000,1.00817757009
442946,442988,444743,42,1755,2,9000,1.02393162393
442987,443042,444827,55,1785,2,9000,1.03081232493
443039,443050,444873,11,1823,2,9000,1.00603400987
443050,443057,444680,7,1623,2,9000,1.00431300062
443060,443112,444874,52,1762,2,9000,1.02951191827
443112,443188,444912,76,1724,2,9000,1.04408352668
443184,443208,445057,24,1849,2,9000,1.01297998918
443191,443201,446026,10,2825,2,7200,1.00353982301
443205,443224,445118,19,1894,2,9000,1.01003167899
443226,443233,445278,7,2045,2,9000,1.00342298289
443237,443243,444988,6,1745,2,9000,1.00343839542
443248,443334,445060,86,1726,2,9000,1.04982618772
443330,443341,445072,11,1731,2,9000,1.00635470826
443341,443414,445134,73,1720,2,9000,1.04244186047
443413,443525,445430,112,1905,2,9000,1.05879265092
443526,443553,445355,27,1802,2,9000,1.01498335183
443557,443570,445557,13,1987,2,9000,1.00654252642
443568,443586,445641,18,2055,2,9000,1.00875912409
443589,443613,445365,24,1752,2,9000,1.01369863014
443610,443620,445341,10,1721,2,9000,1.00581057525
443621,443640,445432,19,1792,2,9000,1.01060267857
443642,443671,445563,29,1892,2,9000,1.01532769556
443671,443679,446722,8,3043,2,7200,1.00262898455
443683,443690,445461,7,1771,2,9000,1.00395256917
443688,443696,443697,8,1,1,900,1.0
443694,443702,445488,8,1786,2,9000,1.00447928331
443702,443710,446844,8,3134,2,7200,1.00255264837
443715,443721,445692,6,1971,2,9000,1.00304414003
443720,443728,446601,8,2873,2,7200,1.00278454577
443726,443734,445745,8,2011,2,9000,1.00397812034
443737,443743,445526,6,1783,2,9000,1.00336511497
443748,443754,445541,6,1787,2,9000,1.00335758254
443758,443770,443775,12,5,1,3600,1.7
443758,443764,445490,6,1726,2,9000,1.00347624565
443769,444024,445853,255,1829,2,9000,1.13942044833
443888,443894,444244,6,350,1,3600,1.01714285714
444025,444040,445905,15,1865,2,9000,1.00804289544
444036,444076,446016,40,1940,2,9000,1.0206185567
444078,444118,446155,40,2037,2,9000,1.01963672067
444103,444131,447131,28,3000,2,7200,1.00933333333
444127,444137,446249,10,2112,2,9000,1.00473484848
444137,444143,445898,6,1755,2,9000,1.00341880342
444148,444154,445980,6,1826,2,9000,1.00328587076
444160,444166,445935,6,1769,2,9000,1.00339174675
444171,444177,445911,6,1734,2,9000,1.00346020761
444182,444187,445953,5,1766,2,9000,1.00283125708
444192,444198,445959,6,1761,2,9000,1.00340715503
444203,444209,445972,6,1763,2,9000,1.00340328985
444214,444220,446046,6,1826,2,9000,1.00328587076
444224,444241,446112,17,1871,2,9000,1.00908605024
444246,444252,446151,6,1899,2,9000,1.00315955766
444256,444271,446108,15,1837,2,9000,1.00816548721
444267,444283,446253,16,1970,2,9000,1.00812182741
444288,444306,446284,18,1978,2,9000,1.00910010111
444309,444344,446464,35,2120,2,9000,1.01650943396
444340,444353,446108,13,1755,2,9000,1.00740740741
444351,444402,446182,51,1780,2,9000,1.02865168539
444360,444367,444389,7,22,1,1800,1.31818181818
444384,444395,447428,11,3033,2,7200,1.00362677217
444403,444439,446201,36,1762,2,9000,1.02043132804
444425,444433,445208,8,775,1,3600,1.01032258065
444442,444452,447351,10,2899,2,7200,1.00344946533
444454,444465,446208,11,1743,2,9000,1.00631095812
444465,444491,446178,26,1687,2,9000,1.01541197392
444496,444533,446252,37,1719,2,9000,1.02152414194
444533,444543,447602,10,3059,2,7200,1.00326904217
444548,444579,446278,31,1699,2,9000,1.01824602707
444580,444585,446465,5,1880,2,9000,1.00265957447
444584,444592,447541,8,2949,2,7200,1.00271278399
444590,444603,446432,13,1829,2,9000,1.00710770913
444599,444609,447513,10,2904,2,7200,1.00344352617
444611,444672,446624,61,1952,2,9000,1.03125
444615,444620,447603,5,2983,2,7200,1.00167616493
444673,444691,446584,18,1893,2,9000,1.00950871632
444694,444701,446602,7,1901,2,9000,1.00368227249
444705,444754,446948,49,2194,2,9000,1.02233363719
444753,444891,444971,138,80,1,1800,2.725
444757,444780,447071,23,2291,2,9000,1.01003928416
444778,444838,446814,60,1976,2,9000,1.03036437247
444802,444812,447725,10,2913,2,7200,1.00343288706
444840,444885,446632,45,1747,2,9000,1.02575844305
444879,444896,445556,17,660,1,3600,1.02575757576
444881,444924,446638,43,1714,2,9000,1.02508751459
444923,444999,446751,76,1752,2,9000,1.04337899543
444995,445070,446823,75,1753,2,9000,1.0427837992
445067,445077,446787,10,1710,2,9000,1.00584795322
445078,445084,446819,6,1735,2,9000,1.00345821326
445084,445092,448227,8,3135,2,7200,1.00255183413
445089,445129,446918,40,1789,2,9000,1.0223588597
445131,445146,446934,15,1788,2,9000,1.00838926174
445152,445214,447045,62,1831,2,9000,1.03386127799
445214,445289,447136,75,1847,2,9000,1.04060638874
445286,445353,447307,67,1954,2,9000,1.03428863869
445358,445366,447519,8,2153,2,9000,1.00371574547
445369,445376,447430,7,2054,2,9000,1.00340798442
445380,445442,447749,62,2307,2,9000,1.02687472909
445442,445448,447852,6,2404,2,9000,1.00249584027
445476,445482,448680,6,3198,2,7200,1.00187617261
445520,445526,445735,6,209,1,1800,1.02870813397
445542,445548,447119,6,1571,2,9000,1.00381922342
445552,445559,447145,7,1586,2,9000,1.00441361917
445563,445568,446244,5,676,1,3600,1.0073964497
445563,445575,447142,12,1567,2,9000,1.00765794512
445574,445582,447167,8,1585,2,9000,1.00504731861
445585,445591,447199,6,1608,2,9000,1.00373134328
445595,445602,447172,7,1570,2,9000,1.00445859873
445606,445653,447220,47,1567,2,9000,1.02999361838
445630,445638,448600,8,2962,2,7200,1.00270087779
445658,445703,447253,45,1550,2,9000,1.02903225806
445700,445745,447317,45,1572,2,9000,1.0286259542
445741,445756,447328,15,1572,2,9000,1.00954198473
445747,445970,446390,223,420,1,3600,1.53095238095
445752,445865,447449,113,1584,2,9000,1.07133838384
445865,445910,447495,45,1585,2,9000,1.02839116719
445907,445928,447547,21,1619,2,9000,1.01297096973
445927,445934,447525,7,1591,2,9000,1.00439974859
445937,445950,447564,13,1614,2,9000,1.00805452292
445948,445964,447585,16,1621,2,9000,1.00987045034
445969,445983,447595,14,1612,2,9000,1.00868486352
445980,445992,447609,12,1617,2,9000,1.00742115028
445991,446028,447579,37,1551,2,9000,1.02385557705
446024,446057,447653,33,1596,2,9000,1.02067669173
446026,446037,449171,11,3134,2,7200,1.00350989151
446055,446119,447743,64,1624,2,9000,1.039408867
446117,446125,447717,8,1592,2,9000,1.00502512563
446128,446134,447714,6,1580,2,9000,1.00379746835
446139,446162,447749,23,1587,2,9000,1.01449275362
446160,446169,447763,9,1594,2,9000,1.00564617315
446171,446189,447817,18,1628,2,9000,1.01105651106
446192,446198,447830,6,1632,2,9000,1.00367647059
446202,446212,447848,10,1636,2,9000,1.00611246944
446213,446219,447818,6,1599,2,9000,1.00375234522
446224,446254,447886,30,1632,2,9000,1.01838235294
446255,446261,447908,6,1647,2,9000,1.00364298725
446266,446272,447917,6,1645,2,9000,1.00364741641
446277,446283,447936,6,1653,2,9000,1.00362976407
446287,446294,447924,7,1630,2,9000,1.00429447853
446298,446304,447943,6,1639,2,9000,1.00366076876
446309,446444,448090,135,1646,2,9000,1.08201701094
446416,446422,446933,6,511,1,1800,1.01174168297
446443,446475,448093,32,1618,2,9000,1.01977750309
446474,446481,448126,7,1645,2,9000,1.00425531915
446485,446595,448231,110,1636,2,9000,1.06723716381
446598,446618,448282,20,1664,2,9000,1.01201923077
446604,446612,449543,8,2931,2,7200,1.00272944388
446619,446635,448282,16,1647,2,9000,1.00971463267
446640,446646,448315,6,1669,2,9000,1.00359496705
446651,446657,448334,6,1677,2,9000,1.00357781753
446661,446762,448427,101,1665,2,9000,1.06066066066
446666,446831,447849,165,1018,1,3600,1.16208251473
446725,446734,449855,9,3121,2,7200,1.00288369112
446764,446798,448421,34,1623,2,9000,1.02094886014
446796,446825,448482,29,1657,2,9000,1.01750150875
446827,446837,448519,10,1682,2,9000,1.00594530321
446838,446929,448586,91,1657,2,9000,1.05491852746
446845,446855,449792,10,2937,2,7200,1.00340483487
446930,446943,448597,13,1654,2,9000,1.00785973398
446941,446949,448594,8,1645,2,9000,1.00486322188
446953,446959,448595,6,1636,2,9000,1.00366748166
446964,447056,448689,92,1633,2,9000,1.05633802817
447057,447082,448745,25,1663,2,9000,1.01503307276
447078,447130,448783,52,1653,2,9000,1.03145795523
447132,447149,448765,17,1616,2,9000,1.01051980198
447133,447142,449980,9,2838,2,7200,1.00317124736
447153,447159,448729,6,1570,2,9000,1.00382165605
447164,447170,448662,6,1492,2,9000,1.00402144772
447174,447181,448713,7,1532,2,9000,1.0045691906
447185,447191,448857,6,1666,2,9000,1.00360144058
447196,447210,448875,14,1665,2,9000,1.00840840841
447207,447231,448913,24,1682,2,9000,1.01426872771
447228,447264,448955,36,1691,2,9000,1.021289178
447269,447319,448886,50,1567,2,9000,1.03190810466
447321,447328,449031,7,1703,2,9000,1.00411039342
447332,447339,448875,7,1536,2,9000,1.00455729167
447342,447447,448992,105,1545,2,9000,1.06796116505
447353,447362,450374,9,3012,2,7200,1.00298804781
447432,447440,450340,8,2900,2,7200,1.00275862069
447445,447461,449156,16,1695,2,9000,1.00943952802
447466,447506,449241,40,1735,2,9000,1.02305475504
447508,447531,449229,23,1698,2,9000,1.01354534747
447514,447524,450531,10,3007,2,7200,1.00332557366
447529,447537,449322,8,1785,2,9000,1.00448179272
447540,447559,449277,19,1718,2,9000,1.01105937136
447544,447553,450576,9,3023,2,7200,1.00297717499
447560,447577,449176,17,1599,2,9000,1.01063164478
447582,447591,449099,9,1508,2,9000,1.00596816976
447592,447598,449180,6,1582,2,9000,1.00379266751
447603,447609,449306,6,1697,2,9000,1.00353565115
447605,447615,450381,10,2766,2,7200,1.00361532899
447606,447621,450417,15,2796,2,7200,1.00536480687
447624,447630,449251,6,1621,2,9000,1.00370141888
447635,447664,449279,29,1615,2,9000,1.01795665635
447666,447725,449421,59,1696,2,9000,1.03478773585
447727,447736,450694,9,2958,2,7200,1.00304259635
447738,447744,449475,6,1731,2,9000,1.00346620451
447749,447755,449431,6,1676,2,9000,1.00357995227
447760,447766,449543,6,1777,2,9000,1.00337647721
447770,447777,449289,7,1512,2,9000,1.00462962963
447781,447787,449315,6,1528,2,9000,1.00392670157
447792,447829,449397,37,1568,2,9000,1.02359693878
447833,447839,449366,6,1527,2,9000,1.00392927308
447844,447850,449483,6,1633,2,9000,1.00367421923
447855,447861,449556,6,1695,2,9000,1.00353982301
447866,447872,449609,6,1737,2,9000,1.00345423143
447876,447898,449642,22,1744,2,9000,1.0126146789
447897,447919,449679,22,1760,2,9000,1.0125
447918,447929,449640,11,1711,2,9000,1.0064289889
447929,447937,449472,8,1535,2,9000,1.00521172638
447940,447947,449530,7,1583,2,9000,1.00442198358
447951,447957,449545,6,1588,2,9000,1.00377833753
447961,448101,449741,140,1640,2,9000,1.08536585366
448002,448009,448029,7,20,1,1800,1.35
448105,448111,449794,6,1683,2,9000,1.00356506239
448116,448137,449896,21,1759,2,9000,1.01193860148
448137,448246,449936,109,1690,2,9000,1.06449704142
448229,448239,450953,10,2714,2,7200,1.00368459838
448235,448252,448305,17,53,1,1800,1.32075471698
448250,448293,449969,43,1676,2,9000,1.02565632458
448291,448299,450048,8,1749,2,9000,1.00457404231
448302,448326,449908,24,1582,2,9000,1.01517067004
448323,448346,449887,23,1541,2,9000,1.01492537313
448344,448433,449990,89,1557,2,9000,1.05716120745
448437,448443,450098,6,1655,2,9000,1.00362537764
448448,448493,450134,45,1641,2,9000,1.02742230347
448489,448530,450178,41,1648,2,9000,1.02487864078
448531,448598,450309,67,1711,2,9000,1.03915838691
448601,448611,451576,10,2965,2,7200,1.00337268128
448613,448619,450412,6,1793,2,9000,1.0033463469
448624,448630,450243,6,1613,2,9000,1.00371977681
448635,448641,450481,6,1840,2,9000,1.00326086957
448646,448674,450317,28,1643,2,9000,1.01704199635
448677,448700,450374,23,1674,2,9000,1.013739546
448683,448691,451739,8,3048,2,7200,1.00262467192
448698,448724,450511,26,1787,2,9000,1.01454952434
448729,448741,450280,12,1539,2,9000,1.00779727096
448739,448748,448901,9,153,1,1800,1.05882352941
448740,448756,450325,16,1569,2,9000,1.01019757808
448761,448776,450410,15,1634,2,9000,1.00917992656
448772,448795,450505,23,1710,2,9000,1.0134502924
448793,448868,450577,75,1709,2,9000,1.04388531305
448865,448886,450676,21,1790,2,9000,1.01173184358
448886,448893,450609,7,1716,2,9000,1.00407925408
448897,448903,450612,6,1709,2,9000,1.00351082504
448911,448925,450612,14,1687,2,9000,1.00829875519
448921,448966,450766,45,1800,2,9000,1.025
448963,449007,450728,44,1721,2,9000,1.02556653109
448995,449001,449116,6,115,1,3600,1.05217391304
449004,449042,450782,38,1740,2,9000,1.02183908046
449046,449110,450793,64,1683,2,9000,1.03802733214
449108,449167,450751,59,1584,2,9000,1.03724747475
449170,449189,450759,19,1570,2,9000,1.01210191083
449173,449182,452135,9,2953,2,7200,1.00304774805
449191,449197,450818,6,1621,2,9000,1.00370141888
449202,449240,450838,38,1598,2,9000,1.02377972466
449241,449248,449752,7,504,1,3600,1.01388888889
449243,449254,450874,11,1620,2,9000,1.00679012346
449254,449262,450944,8,1682,2,9000,1.00475624257
449264,449288,451018,24,1730,2,9000,1.01387283237
449285,449295,451032,10,1737,2,9000,1.00575705239
449296,449302,451124,6,1822,2,9000,1.00329308452
449307,449317,450905,10,1588,2,9000,1.00629722922
449318,449326,451093,8,1767,2,9000,1.00452744765
449328,449335,451063,7,1728,2,9000,1.00405092593
449339,449377,451078,38,1701,2,9000,1.02233980012
449381,449409,451175,28,1766,2,9000,1.01585503964
449412,449433,451209,21,1776,2,9000,1.01182432432
449433,449442,451045,9,1603,2,9000,1.00561447286
449444,449483,451101,39,1618,2,9000,1.02410383189
449485,449491,451051,6,1560,2,9000,1.00384615385
449496,449502,451146,6,1644,2,9000,1.00364963504
449507,449542,451182,35,1640,2,9000,1.02134146341
449538,449560,451279,22,1719,2,9000,1.01279813845
449545,449554,452650,9,3096,2,7200,1.00290697674
449559,449566,451364,7,1798,2,9000,1.00389321468
449569,449576,451272,7,1696,2,9000,1.00412735849
449580,449620,451429,40,1809,2,9000,1.0221116639
449622,449651,451327,29,1676,2,9000,1.01730310263
449653,449659,451352,6,1693,2,9000,1.00354400473
449655,449762,450176,107,414,1,1800,1.25845410628
449664,449690,451341,26,1651,2,9000,1.0157480315
449695,449752,451466,57,1714,2,9000,1.03325554259
449757,449811,451526,54,1715,2,9000,1.03148688047
449793,449804,452999,11,3195,2,7200,1.0034428795
449812,449857,451509,45,1652,2,9000,1.02723970944
449853,449863,451556,10,1693,2,9000,1.00590667454
449856,449870,452838,14,2968,2,7200,1.00471698113
449874,449880,451539,6,1659,2,9000,1.00361663653
449885,449891,451620,6,1729,2,9000,1.003470214
449896,449902,451653,6,1751,2,9000,1.00342661336
449906,449912,451604,6,1692,2,9000,1.00354609929
449917,449923,451665,6,1742,2,9000,1.00344431688
449928,449934,451690,6,1756,2,9000,1.00341685649
449938,449945,451682,7,1737,2,9000,1.00402993667
449949,449955,451723,6,1768,2,9000,1.00339366516
449960,449966,451695,6,1729,2,9000,1.003470214
449971,449977,451725,6,1748,2,9000,1.00343249428
449981,449988,451659,7,1671,2,9000,1.00418910832
449983,453598,456772,3615,3174,2,7200,2.13894139887
450098,450104,450917,6,813,1,3600,1.0073800738
450344,450350,453364,6,3014,2,7200,1.00199071002
450377,450383,453590,6,3207,2,7200,1.00187090739
450392,450398,453655,6,3257,2,7200,1.00184218606
450419,450425,453385,6,2960,2,7200,1.00202702703
450534,450540,453608,6,3068,2,7200,1.00195567145
450580,450586,453629,6,3043,2,7200,1.00197173842
450697,450704,453507,7,2803,2,7200,1.0024973243
450955,450961,453928,6,2967,2,7200,1.00202224469
451150,451156,452850,6,1694,2,9000,1.00354191263
451181,451187,452871,6,1684,2,9000,1.00356294537
451192,451198,452868,6,1670,2,9000,1.00359281437
451213,451219,452996,6,1777,2,9000,1.00337647721
451275,451281,453071,6,1790,2,9000,1.00335195531
451288,451294,453055,6,1761,2,9000,1.00340715503
451330,451336,453031,6,1695,2,9000,1.00353982301
451351,451357,453047,6,1690,2,9000,1.00355029586
451361,451368,453098,7,1730,2,9000,1.00404624277
451372,451378,453028,6,1650,2,9000,1.00363636364
451434,451440,453211,6,1771,2,9000,1.00338791643
451475,451482,453186,7,1704,2,9000,1.00410798122
451517,451523,453163,6,1640,2,9000,1.00365853659
451528,451534,453258,6,1724,2,9000,1.00348027842
451548,451555,453227,7,1672,2,9000,1.00418660287
451559,451565,453253,6,1688,2,9000,1.00355450237
451577,451583,454657,6,3074,2,7200,1.00195185426
451620,451626,453384,6,1758,2,9000,1.00341296928
451631,451637,453389,6,1752,2,9000,1.00342465753
451662,451668,453443,6,1775,2,9000,1.00338028169
451672,451679,453437,7,1758,2,9000,1.0039817975
451683,451689,453413,6,1724,2,9000,1.00348027842
451694,451700,453423,6,1723,2,9000,1.00348229832
451704,451711,453463,7,1752,2,9000,1.00399543379
451715,451721,453486,6,1765,2,9000,1.00339943343
451726,451732,453551,6,1819,2,9000,1.00329851567
451737,451743,453429,6,1686,2,9000,1.00355871886
451740,451749,454689,9,2940,2,7200,1.00306122449
451992,451998,452190,6,192,1,1800,1.03125
452136,452142,455153,6,3011,2,7200,1.00199269346
452484,452491,452616,7,125,1,1800,1.056
452655,452661,455816,6,3155,2,7200,1.00190174326
452839,452845,455964,6,3119,2,7200,1.00192369349
452854,452860,454702,6,1842,2,9000,1.00325732899
452875,452881,454671,6,1790,2,9000,1.00335195531
452886,452892,454531,6,1639,2,9000,1.00366076876
452999,453005,454768,6,1763,2,9000,1.00340328985
453002,453011,456171,9,3160,2,7200,1.00284810127
453030,453036,454748,6,1712,2,9000,1.0035046729
453041,453047,454800,6,1753,2,9000,1.00342270394
453051,453058,454738,7,1680,2,9000,1.00416666667
453063,453069,454799,6,1730,2,9000,1.00346820809
453074,453080,454911,6,1831,2,9000,1.00327689787
453105,453111,454883,6,1772,2,9000,1.00338600451
453167,453173,455024,6,1851,2,9000,1.00324149109
453188,453194,455027,6,1833,2,9000,1.00327332242
453219,453225,454912,6,1687,2,9000,1.00355660937
453229,453235,453686,6,451,1,1800,1.0133037694
453230,453241,454890,11,1649,2,9000,1.00667070952
453261,453267,454993,6,1726,2,9000,1.00347624565
453272,453278,454916,6,1638,2,9000,1.00366300366
453364,453370,455016,6,1646,2,9000,1.00364520049
453365,453376,456546,11,3170,2,7200,1.00347003155
453386,453392,456447,6,3055,2,7200,1.00196399345
453395,453401,455049,6,1648,2,9000,1.0036407767
453416,453422,455051,6,1629,2,9000,1.00368324125
453427,453433,455096,6,1663,2,9000,1.00360793746
453438,453444,455083,6,1639,2,9000,1.00366076876
453448,453454,455122,6,1668,2,9000,1.0035971223
453459,453465,455109,6,1644,2,9000,1.00364963504
453470,453476,455128,6,1652,2,9000,1.00363196126
453491,453497,455173,6,1676,2,9000,1.00357995227
453510,453516,456397,6,2881,2,7200,1.0020826102
453554,453560,455212,6,1652,2,9000,1.00363196126
453592,453604,456810,12,3206,2,7200,1.00374298191
453607,453613,455269,6,1656,2,9000,1.00362318841
453610,453619,456538,9,2919,2,7200,1.00308324769
453617,453625,455279,8,1654,2,9000,1.00483675937
453628,453634,455296,6,1662,2,9000,1.0036101083
453631,453640,456583,9,2943,2,7200,1.00305810398
453639,453646,455292,7,1646,2,9000,1.0042527339
453649,453656,455309,7,1653,2,9000,1.00423472474
453659,453665,456471,6,2806,2,7200,1.00213827512
453670,453676,455323,6,1647,2,9000,1.00364298725
453681,453687,455311,6,1624,2,9000,1.00369458128
453692,453698,455330,6,1632,2,9000,1.00367647059
453702,453710,455339,8,1629,2,9000,1.00491098834
453715,453721,455369,6,1648,2,9000,1.0036407767
453726,453732,455384,6,1652,2,9000,1.00363196126
453736,453742,455390,6,1648,2,9000,1.0036407767
453747,453753,455409,6,1656,2,9000,1.00362318841
453758,453764,455408,6,1644,2,9000,1.00364963504
453768,453774,455419,6,1645,2,9000,1.00364741641
453779,453785,455424,6,1639,2,9000,1.00366076876
453790,453796,455420,6,1624,2,9000,1.00369458128
453800,453807,455444,7,1637,2,9000,1.00427611484
453811,453817,455487,6,1670,2,9000,1.00359281437
453822,453828,455476,6,1648,2,9000,1.0036407767
453833,453839,455461,6,1622,2,9000,1.00369913687
453843,453849,455480,6,1631,2,9000,1.00367872471
453854,453860,455488,6,1628,2,9000,1.00368550369
453865,453871,455505,6,1634,2,9000,1.00367197062
453875,453882,455525,7,1643,2,9000,1.00426049909
453886,453892,455527,6,1635,2,9000,1.00366972477
453897,453903,455549,6,1646,2,9000,1.00364520049
453908,453914,455535,6,1621,2,9000,1.00370141888
453918,453924,455552,6,1628,2,9000,1.00368550369
453929,453935,455578,6,1643,2,9000,1.00365185636
453931,453941,456733,10,2792,2,7200,1.00358166189
453940,453947,455568,7,1621,2,9000,1.00431832202
453951,453957,455622,6,1665,2,9000,1.0036036036
453961,453967,455600,6,1633,2,9000,1.00367421923
453972,453978,455616,6,1638,2,9000,1.00366300366
453983,453989,455627,6,1638,2,9000,1.00366300366
453993,454000,455644,7,1644,2,9000,1.00425790754
454004,454010,455630,6,1620,2,9000,1.0037037037
454015,454021,455653,6,1632,2,9000,1.00367647059
454026,454032,455651,6,1619,2,9000,1.00370599135
454036,454043,455681,7,1638,2,9000,1.00427350427
454047,454053,455730,6,1677,2,9000,1.00357781753
454058,454064,455721,6,1657,2,9000,1.00362100181
454069,454075,455714,6,1639,2,9000,1.00366076876
454079,454086,455753,7,1667,2,9000,1.00419916017
454090,454096,455775,6,1679,2,9000,1.00357355569
454101,454107,455781,6,1674,2,9000,1.00358422939
454112,454118,455747,6,1629,2,9000,1.00368324125
454122,454129,455762,7,1633,2,9000,1.0042865891
454133,454139,455787,6,1648,2,9000,1.0036407767
454144,454150,455782,6,1632,2,9000,1.00367647059
454155,454161,455809,6,1648,2,9000,1.0036407767
454165,454542,456193,377,1651,2,9000,1.22834645669
454545,454669,456333,124,1664,2,9000,1.07451923077
454657,458269,461344,3612,3075,2,7200,2.17463414634
454690,458305,461109,3615,2804,2,7200,2.2892296719
455155,455161,458132,6,2971,2,7200,1.00201952205
455425,455431,455534,6,103,1,1800,1.05825242718
455793,455799,455891,6,92,1,1800,1.0652173913
455817,455823,458730,6,2907,2,7200,1.00206398349
455968,455974,458768,6,2794,2,7200,1.00214745884
456174,456180,459119,6,2939,2,7200,1.00204151072
456401,456407,459278,6,2871,2,7200,1.00208986416
456426,456432,459614,6,3182,1,36000,1.00188560654
456449,456455,459336,6,2881,2,7200,1.0020826102
456473,456479,459473,6,2994,2,7200,1.00200400802
456473,456484,457346,11,862,32,43200,1.01276102088
456540,456546,459502,6,2956,2,7200,1.00202976996
456546,456554,456556,8,2,1,14400,1.0
456554,456560,459514,6,2954,2,7200,1.00203114421
456566,456572,456857,6,285,1,1800,1.02105263158
456572,456579,492606,7,36027,1,36000,1.00019429872
456585,456591,459425,6,2834,2,7200,1.00211714891
456736,456742,460015,6,3273,2,7200,1.00183318057
456775,456781,459754,6,2973,2,7200,1.00201816347
456811,456817,459750,6,2933,2,7200,1.00204568701
456848,456854,457580,6,726,1,3540,1.00826446281
458135,458141,461188,6,3047,2,7200,1.00196914998
458267,458275,459917,8,1642,2,9000,1.00487210719
458277,458284,459951,7,1667,2,9000,1.00419916017
458288,458294,459958,6,1664,2,9000,1.00360576923
458299,458311,459972,12,1661,2,9000,1.00722456352
458309,458317,459958,8,1641,2,9000,1.00487507617
458310,458322,459972,12,1650,2,9000,1.00727272727
458321,458329,460016,8,1687,2,9000,1.00474214582
458321,458334,459976,13,1642,2,9000,1.00791717418
458332,458341,460019,9,1678,2,9000,1.00536352801
458332,458347,459983,15,1636,2,9000,1.00916870416
458343,458353,460015,10,1662,2,9000,1.00601684717
458343,458358,460024,15,1666,2,9000,1.00900360144
458354,458370,460019,16,1649,2,9000,1.00970285021
458354,458365,460021,11,1656,2,9000,1.00664251208
458365,458377,460021,12,1644,2,9000,1.00729927007
458376,458383,460044,7,1661,2,9000,1.00421432872
458376,458388,460050,12,1662,2,9000,1.00722021661
458387,458400,460065,13,1665,2,9000,1.00780780781
458387,458395,460027,8,1632,2,9000,1.00490196078
458398,458406,460064,8,1658,2,9000,1.00482509047
458399,458411,460106,12,1695,2,9000,1.00707964602
458409,458418,460088,9,1670,2,9000,1.00538922156
458410,458424,460092,14,1668,2,9000,1.00839328537
458420,458430,460054,10,1624,2,9000,1.00615763547
458421,458435,460083,14,1648,2,9000,1.00849514563
458432,458442,460083,10,1641,2,9000,1.00609384522
458442,458448,460109,6,1661,2,9000,1.00361228176
458453,458459,460144,6,1685,2,9000,1.00356083086
458464,458470,460113,6,1643,2,9000,1.00365185636
458474,458481,460119,7,1638,2,9000,1.00427350427
458485,458491,460156,6,1665,2,9000,1.0036036036
458496,458502,460204,6,1702,2,9000,1.00352526439
458507,458514,460150,7,1636,2,9000,1.00427872861
458517,458523,460170,6,1647,2,9000,1.00364298725
458528,458534,460180,6,1646,2,9000,1.00364520049
458539,458545,460194,6,1649,2,9000,1.00363856883
458549,458556,460228,7,1672,2,9000,1.00418660287
458560,458566,460248,6,1682,2,9000,1.00356718193
458571,458577,460252,6,1675,2,9000,1.00358208955
458582,458588,460240,6,1652,2,9000,1.00363196126
458592,458598,460230,6,1632,2,9000,1.00367647059
458603,458609,460302,6,1693,2,9000,1.00354400473
458614,458620,460270,6,1650,2,9000,1.00363636364
458625,458631,460295,6,1664,2,9000,1.00360576923
458635,458641,460293,6,1652,2,9000,1.00363196126
458646,458652,460301,6,1649,2,9000,1.00363856883
458657,458663,460310,6,1647,2,9000,1.00364298725
458667,458674,460345,7,1671,2,9000,1.00418910832
458678,458684,460331,6,1647,2,9000,1.00364298725
458689,458695,460315,6,1620,2,9000,1.0037037037
458700,458706,460383,6,1677,2,9000,1.00357781753
458710,458717,460389,7,1672,2,9000,1.00418660287
458721,458727,460373,6,1646,2,9000,1.00364520049
458731,458737,461778,6,3041,2,7200,1.00197303519
458742,458748,460462,6,1714,2,9000,1.00350058343
458753,458759,460489,6,1730,2,9000,1.00346820809
458764,458770,460455,6,1685,2,9000,1.00356083086
458770,458777,461491,7,2714,2,7200,1.00257921887
458774,458783,460475,9,1692,2,9000,1.00531914894
458785,458791,460461,6,1670,2,9000,1.00359281437
458796,458802,460449,6,1647,2,9000,1.00364298725
458807,458813,460457,6,1644,2,9000,1.00364963504
458817,458824,460504,7,1680,2,9000,1.00416666667
458828,458834,460511,6,1677,2,9000,1.00357781753
458839,458845,460500,6,1655,2,9000,1.00362537764
458850,458856,460509,6,1653,2,9000,1.00362976407
458860,458867,460536,7,1669,2,9000,1.00419412822
458871,458877,460556,6,1679,2,9000,1.00357355569
458882,458888,460541,6,1653,2,9000,1.00362976407
458893,458899,460538,6,1639,2,9000,1.00366076876
458904,458910,460556,6,1646,2,9000,1.00364520049
458914,458920,460638,6,1718,2,9000,1.00349243306
458925,458931,460579,6,1648,2,9000,1.0036407767
458936,458942,460578,6,1636,2,9000,1.00366748166
458947,458953,460607,6,1654,2,9000,1.00362756953
458958,458964,460626,6,1662,2,9000,1.0036101083
458968,458975,460637,7,1662,2,9000,1.00421179302
458979,458985,460662,6,1677,2,9000,1.00357781753
458990,458996,460656,6,1660,2,9000,1.00361445783
459001,459007,460679,6,1672,2,9000,1.00358851675
459012,459018,460686,6,1668,2,9000,1.0035971223
459023,459032,460717,9,1685,2,9000,1.00534124629
459034,459131,460809,97,1678,2,9000,1.05780691299
459121,462746,465556,3625,2810,2,7200,2.29003558719
459176,459183,460288,7,1105,1,3540,1.00633484163
459182,459625,461944,443,2319,1,18000,1.19103061665
459281,462934,465859,3653,2925,2,7200,2.24888888889
459339,462940,465627,3601,2687,2,7200,2.34015630815
459426,462945,466080,3519,3135,2,7200,2.12248803828
459475,462950,465881,3475,2931,2,7200,2.18560218356
459505,462956,465970,3451,3014,2,7200,2.14499004645
459520,463150,466369,3630,3219,2,7200,2.12767940354
459665,459928,477426,263,17498,1,36000,1.01503028918
459753,463338,466433,3585,3095,2,7200,2.15831987076
459768,463344,466287,3576,2943,2,7200,2.21508664628
460019,460025,462935,6,2910,2,7200,1.00206185567
460372,460378,460907,6,529,1,3540,1.01134215501
461037,461043,464608,6,3565,1,3540,1.00168302945
461112,461118,464425,6,3307,2,7200,1.00181433323
461191,461197,464026,6,2829,2,7200,1.00212089077
461345,461351,464248,6,2897,2,7200,1.00207110804
461494,461500,464493,6,2993,2,7200,1.00200467758
461779,461785,464776,6,2991,2,7200,1.00200601805
462008,462014,462028,6,14,1,72000,1.42857142857
462360,462366,476794,6,14428,1,14400,1.00041585805
462360,484913,499360,22553,14447,1,14400,2.56108534644
462361,502875,517309,40514,14434,1,14400,3.80684494942
462362,520224,534675,57862,14451,1,14400,5.00401356308
462363,558158,572571,95795,14413,1,14400,7.64643030597
462363,543546,557986,81183,14440,1,14400,6.62209141274
462364,575171,589583,112807,14412,1,14400,8.8272966972
462365,589591,591020,127226,1429,1,14400,90.0314905528
462366,591026,591097,128660,71,1,14400,1813.11267606
462367,591126,591137,128759,11,1,14400,11706.3636364
462367,591103,591120,128736,17,1,14400,7573.70588235
462368,591143,591154,128775,11,1,14400,11707.8181818
462369,591160,591171,128791,11,1,14400,11709.2727273
462370,591177,591187,128807,10,1,14400,12881.7
462370,591193,591203,128823,10,1,14400,12883.3
462371,591209,591220,128838,11,1,14400,11713.5454545
462372,591226,591236,128854,10,1,14400,12886.4
462373,591243,591253,128870,10,1,14400,12888.0
462374,591275,591286,128901,11,1,14400,11719.2727273
462374,591259,591269,128885,10,1,14400,12889.5
462936,462962,466091,26,3129,2,7200,1.00830936401
463341,463350,465038,9,1688,2,9000,1.00533175355
463342,463356,465052,14,1696,2,9000,1.00825471698
463353,463362,465064,9,1702,2,9000,1.00528789659
463353,463367,465040,14,1673,2,9000,1.00836820084
463364,463380,465137,16,1757,2,9000,1.00910643142
463364,463374,465073,10,1699,2,9000,1.00588581519
463375,463392,465043,17,1651,2,9000,1.01029678982
463375,463386,465118,11,1732,2,9000,1.00635103926
463386,463398,465046,12,1648,2,9000,1.0072815534
463397,463409,465105,12,1696,2,9000,1.0070754717
463397,463404,465044,7,1640,2,9000,1.00426829268
463408,463415,465100,7,1685,2,9000,1.00415430267
463409,463421,465080,12,1659,2,9000,1.00723327306
463419,463427,465140,8,1713,2,9000,1.00467016929
463420,463432,465186,12,1754,2,9000,1.00684150513
463430,463438,465187,8,1749,2,9000,1.00457404231
463431,463444,465208,13,1764,2,9000,1.00736961451
463442,463455,465105,13,1650,2,9000,1.00787878788
463442,463450,465178,8,1728,2,9000,1.00462962963
463453,463461,465100,8,1639,2,9000,1.00488102502
463453,463466,465101,13,1635,2,9000,1.00795107034
463464,463478,465165,14,1687,2,9000,1.00829875519
463464,463473,465136,9,1663,2,9000,1.00541190619
463475,463485,465171,10,1686,2,9000,1.0059311981
463476,463491,465196,15,1705,2,9000,1.00879765396
463486,463497,465202,11,1705,2,9000,1.0064516129
463497,463503,465174,6,1671,2,9000,1.00359066427
463508,463514,465247,6,1733,2,9000,1.00346220427
463519,463525,465221,6,1696,2,9000,1.00353773585
463529,463535,465299,6,1764,2,9000,1.00340136054
463540,463546,465183,6,1637,2,9000,1.0036652413
463551,463557,465203,6,1646,2,9000,1.00364520049
463561,463568,465197,7,1629,2,9000,1.00429711479
463572,463578,465214,6,1636,2,9000,1.00366748166
463583,463589,465241,6,1652,2,9000,1.00363196126
463594,463600,465283,6,1683,2,9000,1.00356506239
463604,463611,465258,7,1647,2,9000,1.00425015179
463615,463621,465299,6,1678,2,9000,1.00357568534
463626,463632,465317,6,1685,2,9000,1.00356083086
463637,463643,465397,6,1754,2,9000,1.00342075257
463648,463654,465379,6,1725,2,9000,1.00347826087
463658,463664,465479,6,1815,2,9000,1.00330578512
463669,463675,465417,6,1742,2,9000,1.00344431688
463680,463686,465484,6,1798,2,9000,1.00333704116
463691,463697,465300,6,1603,2,9000,1.00374298191
463701,463707,465326,6,1619,2,9000,1.00370599135
463712,463718,465349,6,1631,2,9000,1.00367872471
463723,463729,465365,6,1636,2,9000,1.00366748166
463734,463740,465381,6,1641,2,9000,1.00365630713
463744,463750,465384,6,1634,2,9000,1.00367197062
463755,463761,465430,6,1669,2,9000,1.00359496705
463766,463772,465463,6,1691,2,9000,1.00354819633
463776,463783,465478,7,1695,2,9000,1.00412979351
463787,463793,465474,6,1681,2,9000,1.00356930399
463798,463804,465574,6,1770,2,9000,1.00338983051
463809,463815,465579,6,1764,2,9000,1.00340136054
463820,463826,465646,6,1820,2,9000,1.0032967033
463830,463836,465625,6,1789,2,9000,1.00335382895
463841,463847,465669,6,1822,2,9000,1.00329308452
463852,463858,465488,6,1630,2,9000,1.0036809816
463863,463869,465502,6,1633,2,9000,1.00367421923
463873,463879,465476,6,1597,2,9000,1.00375704446
463884,463890,465500,6,1610,2,9000,1.00372670807
463895,463901,465507,6,1606,2,9000,1.00373599004
463906,463913,465561,7,1648,2,9000,1.00424757282
463916,463923,465640,7,1717,2,9000,1.00407687828
463927,463933,465662,6,1729,2,9000,1.003470214
463938,463944,465653,6,1709,2,9000,1.00351082504
463949,463955,465704,6,1749,2,9000,1.00343053173
463960,463966,465723,6,1757,2,9000,1.00341491178
463970,463977,465748,7,1771,2,9000,1.00395256917
463981,463987,465888,6,1901,2,9000,1.00315623356
463992,463998,465732,6,1734,2,9000,1.00346020761
464003,464009,465835,6,1826,2,9000,1.00328587076
464013,464020,465633,7,1613,2,9000,1.00433973962
464024,464030,465654,6,1624,2,9000,1.00369458128
464028,467669,470534,3641,2865,2,7200,2.27085514834
464249,467849,470837,3600,2988,2,7200,2.20481927711
464257,464263,486128,6,21865,3,86400,1.00027441116
464404,464410,464465,6,55,4,36000,1.10909090909
464427,467855,470837,3428,2982,2,7200,2.14956405097
464494,467860,470949,3366,3089,2,7200,2.08967303334
464507,464516,464556,9,40,4,36000,1.225
464691,464697,500738,6,36041,4,36000,1.00016647707
464778,467865,470878,3087,3013,2,7200,2.02456023896
464971,464978,465020,7,42,4,36000,1.16666666667
465106,465112,465168,6,56,4,36000,1.10714285714
465263,465269,465400,6,131,4,36000,1.04580152672
465499,465505,465558,6,53,4,36000,1.11320754717
465558,465564,468584,6,3020,2,7200,1.00198675497
465627,465634,468496,7,2862,2,7200,1.00244584207
465773,465779,465882,6,103,4,36000,1.05825242718
465863,465869,469005,6,3136,2,7200,1.00191326531
465885,465891,468965,6,3074,2,7200,1.00195185426
465938,465944,466251,6,307,4,36000,1.01954397394
465972,465978,468950,6,2972,2,7200,1.00201884253
466081,466088,469025,7,2937,2,7200,1.00238338441
466097,466103,469265,6,3162,2,7200,1.00189753321
466291,466297,469248,6,2951,2,7200,1.00203320908
466373,466379,469423,6,3044,2,7200,1.00197109067
466436,466442,469340,6,2898,2,7200,1.00207039337
466589,466595,487500,6,20905,32,43200,1.00028701268
466801,466807,502018,6,35211,4,36000,1.0001704013
467272,467278,475863,6,8585,1,36000,1.00069889342
467352,467358,467407,6,49,6,172800,1.12244897959
467524,467530,467560,6,30,6,172800,1.2
467663,467674,478513,11,10839,1,10800,1.00101485377
467843,467871,467879,28,8,6,172800,3.6
467866,467883,469717,17,1834,2,9000,1.0092693566
467866,467877,469754,11,1877,2,9000,1.00586041556
467879,467889,469708,10,1819,2,9000,1.00549752611
467879,467895,469799,16,1904,2,9000,1.00840336134
467890,467901,469683,11,1782,2,9000,1.00617283951
467891,467906,469588,15,1682,2,9000,1.00891795482
467902,467912,469545,10,1633,2,9000,1.00612369871
467902,467917,469597,15,1680,2,9000,1.00892857143
467913,467924,469580,11,1656,2,9000,1.00664251208
467913,467929,469581,16,1652,2,9000,1.00968523002
467924,467936,469683,12,1747,2,9000,1.00686891815
467935,467942,469623,7,1681,2,9000,1.00416418798
467935,467948,469723,13,1775,2,9000,1.00732394366
467943,467965,482130,22,14165,2,43200,1.0015531239
467946,467960,469683,14,1723,2,9000,1.00812536274
467946,467954,469773,8,1819,2,9000,1.00439802089
467957,467977,469776,20,1799,2,9000,1.01111728738
467957,467971,469815,14,1844,2,9000,1.00759219089
467968,467983,469769,15,1786,2,9000,1.00839865622
467979,467989,469928,10,1939,2,9000,1.00515729758
467979,467995,469651,16,1656,2,9000,1.00966183575
467990,468006,469690,16,1684,2,9000,1.00950118765
467990,468001,469717,11,1716,2,9000,1.00641025641
468001,468013,469653,12,1640,2,9000,1.00731707317
468012,468024,469655,12,1631,2,9000,1.00735744942
468012,468019,469676,7,1657,2,9000,1.00422450211
468023,468031,469712,8,1681,2,9000,1.00475907198
468034,468040,469851,6,1811,2,9000,1.00331308669
468045,468051,469827,6,1776,2,9000,1.00337837838
468055,468061,469899,6,1838,2,9000,1.00326441785
468066,468072,469828,6,1756,2,9000,1.00341685649
468069,468078,470950,9,2872,1,7200,1.00313370474
468079,468085,469877,6,1792,2,9000,1.00334821429
468090,468096,469947,6,1851,2,9000,1.00324149109
468101,468107,469712,6,1605,2,9000,1.00373831776
468112,468118,469753,6,1635,2,9000,1.00366972477
468123,468129,469746,6,1617,2,9000,1.00371057514
468134,468140,470560,6,2420,2,9000,1.00247933884
468145,468151,470630,6,2479,2,9000,1.00242033078
468155,468162,470612,7,2450,2,9000,1.00285714286
468166,468173,470600,7,2427,2,9000,1.0028842192
468177,468183,470621,6,2438,2,9000,1.00246103363
468186,468192,508455,6,40263,6,172800,1.00014902019
468188,468198,470758,10,2560,2,9000,1.00390625
468202,468208,469875,6,1667,2,9000,1.00359928014
468213,468219,469950,6,1731,2,9000,1.00346620451
468223,468229,469931,6,1702,2,9000,1.00352526439
468234,468240,470018,6,1778,2,9000,1.00337457818
468245,468251,470134,6,1883,2,9000,1.00318640467
468256,468262,470132,6,1870,2,9000,1.00320855615
468266,468272,470117,6,1845,2,9000,1.00325203252
468277,468283,470159,6,1876,2,9000,1.00319829424
468288,468294,470102,6,1808,2,9000,1.00331858407
468298,468305,470229,7,1924,2,9000,1.00363825364
468309,468317,470231,8,1914,2,9000,1.00417972832
468320,468326,469988,6,1662,2,9000,1.0036101083
468331,468337,469974,6,1637,2,9000,1.0036652413
468342,468348,470060,6,1712,2,9000,1.0035046729
468352,469662,471377,1310,1715,2,9000,1.7638483965
468499,468508,471570,9,3062,2,7200,1.00293925539
468579,469593,480750,1014,11157,6,172800,1.09088464641
468586,468595,471540,9,2945,2,7200,1.00305602716
468808,469557,469578,749,21,1,300,36.6666666667
468952,468962,472035,10,3073,2,7200,1.00325414904
468967,468977,471963,10,2986,2,7200,1.00334896182
469006,469016,472177,10,3161,2,7200,1.00316355584
469028,469036,472048,8,3012,2,7200,1.0026560425
469046,469634,500631,588,30997,6,172800,1.0189695777
469251,469259,472069,8,2810,2,7200,1.00284697509
469268,469277,472188,9,2911,2,7200,1.00309172106
469341,469351,472289,10,2938,2,7200,1.00340367597
469426,469434,472525,8,3091,2,7200,1.00258815917
469665,469671,471586,6,1915,2,9000,1.00313315927
469675,469682,471492,7,1810,2,9000,1.00386740331
469686,469692,471535,6,1843,2,9000,1.00325556158
469697,469703,471528,6,1825,2,9000,1.00328767123
469708,469714,471606,6,1892,2,9000,1.00317124736
469716,469723,470429,7,706,2,14400,1.00991501416
469719,469729,471575,10,1846,2,9000,1.00541711809
469729,469735,471586,6,1851,2,9000,1.00324149109
469740,469746,471594,6,1848,2,9000,1.00324675325
469751,469757,471461,6,1704,2,9000,1.00352112676
469759,469840,866018,81,396178,20,432000,1.00020445355
469762,469768,471497,6,1729,2,9000,1.003470214
469772,469779,471623,7,1844,2,9000,1.00379609544
469785,470000,866953,215,396953,20,432000,1.00054162583
469786,469792,471684,6,1892,2,9000,1.00317124736
469797,470571,472363,774,1792,2,9000,1.43191964286
469830,470440,872077,610,401637,20,432000,1.00151878437
469858,471597,884809,1739,413212,20,432000,1.00420849346
470065,474375,479019,4310,4644,2,14400,1.92807924203
470125,470623,472476,498,1853,2,9000,1.26875337291
470536,470545,473425,9,2880,2,7200,1.003125
470576,470641,472385,65,1744,2,9000,1.0372706422
470627,471547,473414,920,1867,2,9000,1.49276914837
470638,471588,473376,950,1788,2,9000,1.53131991051
470839,470848,473819,9,2971,2,7200,1.00302928307
470840,470853,473752,13,2899,2,7200,1.00448430493
470880,470889,473864,9,2975,2,7200,1.00302521008
470953,470961,473765,8,2804,2,7200,1.00285306705
471188,471194,474324,6,3130,1,5420,1.00191693291
471542,471554,474544,12,2990,2,7200,1.00401337793
471556,471605,473345,49,1740,2,9000,1.02816091954
471573,471582,474378,9,2796,2,7200,1.00321888412
471587,471617,473447,30,1830,2,9000,1.01639344262
471612,471635,473481,23,1846,2,9000,1.01245937161
471613,471696,473423,83,1727,2,9000,1.04806022003
471634,472199,473991,565,1792,2,9000,1.31529017857
471696,472396,474280,700,1884,2,9000,1.37154989384
471746,475789,483074,4043,7285,2,43200,1.55497597804
471965,471974,475139,9,3165,2,7200,1.0028436019
472038,472047,475038,9,2991,2,7200,1.00300902708
472053,472059,474808,6,2749,2,7200,1.00218261186
472071,472080,475328,9,3248,2,7200,1.00277093596
472180,472189,474968,9,2779,2,7200,1.00323857503
472195,472300,475328,105,3028,2,7200,1.03467635403
472292,472374,475389,82,3015,2,7200,1.0271973466
472371,472488,474234,117,1746,2,9000,1.06701030928
472392,472557,474364,165,1807,2,9000,1.09131156613
472485,472564,474415,79,1851,2,9000,1.04267963263
472525,472536,475443,11,2907,2,7200,1.00378396973
472557,473357,475181,800,1824,2,9000,1.43859649123
472567,473387,475132,820,1745,2,9000,1.46991404011
473224,480767,480784,7543,17,1,72000,444.705882353
473355,473425,475275,70,1850,2,9000,1.03783783784
473386,473441,475267,55,1826,2,9000,1.03012048193
473426,473434,476354,8,2920,2,7200,1.00273972603
473438,473459,475261,21,1802,2,9000,1.01165371809
473439,473493,475305,54,1812,2,9000,1.0298013245
473442,475145,475149,1703,4,1,600,170.7
473460,474002,475822,542,1820,2,9000,1.2978021978
473463,479030,485643,5567,6613,2,36000,1.84182670498
473491,474245,476015,754,1770,2,9000,1.42598870056
473756,473764,476576,8,2812,2,7200,1.00284495021
473770,473776,476561,6,2785,2,7200,1.00215439856
473822,473830,476836,8,3006,2,7200,1.00266134398
473867,473875,476810,8,2935,2,7200,1.00272572402
474003,474291,476057,288,1766,2,9000,1.1630804077
474171,474334,476119,163,1785,1,7200,1.09131652661
474249,474427,476212,178,1785,2,9000,1.09971988796
474290,475280,477054,990,1774,2,9000,1.55806087937
474381,474390,477443,9,3053,2,7200,1.00294792008
474424,475316,477146,892,1830,2,9000,1.48743169399
474545,474555,477436,10,2881,2,7200,1.00347101701
474729,475287,475766,558,479,8,32400,2.16492693111
474811,474819,477741,8,2922,2,7200,1.00273785079
474971,474979,477871,8,2892,2,7200,1.00276625173
475040,475049,478104,9,3055,2,7200,1.00294599018
475140,475151,478285,11,3134,2,7200,1.00350989151
475286,475784,477534,498,1750,2,9000,1.28457142857
475317,475837,477642,520,1805,2,9000,1.28808864266
475331,475339,478286,8,2947,2,7200,1.00271462504
475332,475345,478373,13,3028,2,7200,1.00429326288
475393,475401,478480,8,3079,2,7200,1.00259824618
475444,475455,478452,11,2997,2,7200,1.003670337
475546,475778,475980,232,202,4,18000,2.14851485149
475788,476026,477703,238,1677,2,9000,1.14192009541
475824,478099,484745,2275,6646,8,32400,1.34231116461
475840,476069,477772,229,1703,2,9000,1.13446858485
476006,476805,492904,799,16099,4,18000,1.04963041183
476024,477067,478776,1043,1709,2,9000,1.61029842013
476065,477158,479008,1093,1850,2,9000,1.59081081081
476140,476146,478088,6,1942,1,7200,1.00308959835
476359,476365,479488,6,3123,2,7200,1.00192122959
476564,476572,479560,8,2988,2,7200,1.00267737617
476579,476587,479537,8,2950,2,7200,1.00271186441
476812,476822,479855,10,3033,2,7200,1.00329706561
476839,476847,479694,8,2847,2,7200,1.00280997541
477065,477455,478682,390,1227,2,9000,1.31784841076
477157,477714,478991,557,1277,2,9000,1.43617854346
477438,477447,480429,9,2982,2,7200,1.00301810865
477453,477653,480660,200,3007,2,7200,1.06651147323
477649,477783,479187,134,1404,2,9000,1.09544159544
477710,478694,480041,984,1347,2,9000,1.73051224944
477743,477752,480801,9,3049,2,7200,1.00295178747
477782,478789,480135,1007,1346,2,9000,1.74814264487
477873,477882,480694,9,2812,2,7200,1.00320056899
478106,478116,481071,10,2955,2,7200,1.00338409475
478255,902051,903369,423796,1318,243,1200,322.544764795
478288,478296,481236,8,2940,2,7200,1.00272108844
478289,478303,481266,14,2963,2,7200,1.00472494094
478374,478384,481352,10,2968,2,7200,1.00336927224
478452,478463,481515,11,3052,2,7200,1.00360419397
478483,478491,481564,8,3073,2,7200,1.00260331923
478693,479002,480239,309,1237,2,9000,1.24979789814
478785,479019,480279,234,1260,2,9000,1.18571428571
479001,479198,480604,197,1406,2,9000,1.14011379801
479022,480052,481441,1030,1389,2,9000,1.74154067675
479196,480146,481496,950,1350,2,9000,1.7037037037
479489,479500,482317,11,2817,2,7200,1.00390486333
479538,479548,482568,10,3020,2,7200,1.00331125828
479562,479571,482586,9,3015,2,7200,1.00298507463
479695,479705,482656,10,2951,2,7200,1.0033886818
479858,479867,482897,9,3030,2,7200,1.00297029703
480055,480250,481516,195,1266,2,9000,1.15402843602
480148,480291,481591,143,1300,2,9000,1.11
480250,480616,482271,366,1655,2,9000,1.22114803625
480292,480772,482379,480,1607,2,9000,1.29869321717
480372,480761,513166,389,32405,1,32400,1.01200432032
480433,480441,483586,8,3145,2,7200,1.00254372019
480620,480778,482416,158,1638,2,9000,1.09645909646
480662,480671,483867,9,3196,2,7200,1.00281602003
480695,480706,483873,11,3167,2,7200,1.0034733186
480773,480796,482452,23,1656,2,9000,1.01388888889
480774,481508,483153,734,1645,2,9000,1.4462006079
480795,481532,483159,737,1627,2,9000,1.45298094653
480801,480812,483537,11,2725,2,7200,1.00403669725
480929,483540,483543,2611,3,1,60,261.4
481067,481452,482547,385,1095,1,7200,1.35159817352
481073,481082,484041,9,2959,2,7200,1.0030415681
481237,481247,484257,10,3010,2,7200,1.00332225914
481267,481278,484291,11,3013,2,7200,1.00365084633
481355,481364,484457,9,3093,2,7200,1.00290979631
481440,488429,502863,6989,14434,1,72000,1.48420396287
481517,481602,483252,85,1650,2,9000,1.05151515152
481518,481527,484532,9,3005,2,7200,1.00299500832
481538,482282,483952,744,1670,2,9000,1.44550898204
481567,481575,484540,8,2965,2,7200,1.00269814503
481600,482390,484029,790,1639,2,9000,1.48200122026
481854,482141,485659,287,3518,1,5420,1.08158044343
481893,488434,493748,6541,5314,1,36000,2.23089951073
481970,483555,487171,1585,3616,1,3600,1.43832964602
481973,482147,483527,174,1380,1,7200,1.12608695652
482285,482427,484087,142,1660,2,9000,1.08554216867
482319,482328,485214,9,2886,2,7200,1.00311850312
482388,482463,484084,75,1621,2,9000,1.04626773597
482429,482560,484234,131,1674,2,9000,1.07825567503
482461,483086,484671,625,1585,2,9000,1.39432176656
482563,483164,484788,601,1624,2,9000,1.37007389163
482570,482579,485672,9,3093,2,7200,1.00290979631
482588,482597,485641,9,3044,2,7200,1.00295663601
482658,482667,485481,9,2814,2,7200,1.00319829424
482900,482908,485911,8,3003,2,7200,1.00266400266
483085,483171,484834,86,1663,2,9000,1.05171377029
483167,483263,484910,96,1647,2,9000,1.05828779599
483168,483885,485433,717,1548,2,9000,1.46317829457
483260,484102,485720,842,1618,2,9000,1.52039555006
483283,484041,487666,758,3625,2,3600,1.20910344828
483537,483548,486448,11,2900,2,7200,1.00379310345
483589,483597,486683,8,3086,2,7200,1.00259235256
483872,483878,486574,6,2696,2,7200,1.00222551929
483886,484246,485879,360,1633,2,9000,1.2204531537
483887,483963,486918,76,2955,2,7200,1.02571912014
484041,484052,486950,11,2898,2,7200,1.00379572119
484058,484096,488226,38,4130,1,7200,1.00920096852
484101,484553,486160,452,1607,2,9000,1.28126944617
484175,486139,486176,1964,37,1,1800,54.0810810811
484176,486155,486191,1979,36,1,1800,55.9722222222
484176,486188,486219,2012,31,1,1800,65.9032258065
484176,486145,486177,1969,32,1,1800,62.53125
484176,486150,486182,1974,32,1,1800,62.6875
484177,486195,486225,2018,30,1,1800,68.2666666667
484177,486200,486231,2023,31,1,1800,66.2580645161
484177,486207,486237,2030,30,1,1800,68.6666666667
484178,486251,486282,2073,31,1,1800,67.8709677419
484178,486238,486268,2060,30,1,1800,69.6666666667
484178,486231,486261,2053,30,1,1800,69.4333333333
484178,486245,486275,2067,30,1,1800,69.9
484179,486300,486330,2121,30,1,1800,71.7
484179,486274,486304,2095,30,1,1800,70.8333333333
484179,486281,486311,2102,30,1,1800,71.0666666667
484179,486288,486318,2109,30,1,1800,71.3
484180,486317,486347,2137,30,1,1800,72.2333333333
484180,486324,486355,2144,31,1,1800,70.1612903226
484180,486331,486361,2151,30,1,1800,72.7
484180,486342,486372,2162,30,1,1800,73.0666666667
484181,486360,486391,2179,31,1,1800,71.2903225806
484181,486367,486397,2186,30,1,1800,73.8666666667
484181,486374,486404,2193,30,1,1800,74.1
484181,486384,486414,2203,30,1,1800,74.4333333333
484182,486404,486434,2222,30,1,1800,75.0666666667
484182,486522,486565,2340,43,1,1800,55.4186046512
484182,486527,486575,2345,48,1,1800,49.8541666667
484183,488445,488485,4262,40,1,1800,107.55
484183,488439,488479,4256,40,1,1800,107.4
484183,486576,486626,2393,50,1,1800,48.86
484245,484756,486398,511,1642,2,9000,1.31120584653
484259,484269,487267,10,2998,2,7200,1.00333555704
484292,484302,487332,10,3030,2,7200,1.00330033003
484370,484682,488290,312,3608,2,3600,1.08647450111
484459,484468,487351,9,2883,2,7200,1.00312174818
484516,486503,486510,1987,7,2,3600,199.4
484534,484543,487433,9,2890,2,7200,1.00311418685
484549,484799,487839,250,3040,2,7200,1.08223684211
484729,484762,484768,33,6,2,14400,3.9
484757,484780,486438,23,1658,2,9000,1.0138721351
484778,484848,486279,70,1431,2,9000,1.04891684137
484799,484902,486491,103,1589,2,9000,1.06482064191
484853,484908,486511,55,1603,2,9000,1.0343106675
484904,484921,486557,17,1636,2,9000,1.01039119804
484905,485444,487075,539,1631,2,9000,1.330472103
484926,485669,487285,743,1616,2,9000,1.45977722772
485215,485225,488018,10,2793,2,7200,1.00358037952
485448,485732,487334,284,1602,2,9000,1.177278402
485481,485492,488618,11,3126,2,7200,1.00351887396
485642,485652,488774,10,3122,2,7200,1.00320307495
485644,485659,487674,15,2015,1,7200,1.00744416873
485663,486171,487773,508,1602,2,9000,1.31710362047
485673,485684,488599,11,2915,2,7200,1.00377358491
485735,486294,487892,559,1598,2,9000,1.34981226533
485852,486450,488053,598,1603,8,32400,1.37305053026
485912,485922,489162,10,3240,2,7200,1.00308641975
486176,486533,488164,357,1631,2,9000,1.21888412017
486213,487350,490261,1137,2911,8,7200,1.390587427
486245,551930,637190,65685,85260,3,604800,1.77040816327
486299,486568,488249,269,1681,2,9000,1.16002379536
486450,486459,489541,9,3082,2,7200,1.0029201817
486535,487086,488747,551,1661,2,9000,1.33172787477
486566,487678,489330,1112,1652,2,9000,1.67312348668
486577,486585,489632,8,3047,2,7200,1.00262553331
486686,486695,489639,9,2944,2,7200,1.00305706522
486919,486929,489918,10,2989,2,7200,1.00334560054
486952,486961,489903,9,2942,2,7200,1.00305914344
487092,487784,489446,692,1662,2,9000,1.41636582431
487270,487278,490526,8,3248,2,7200,1.00246305419
487333,487343,490494,10,3151,2,7200,1.00317359568
487354,487362,490103,8,2741,2,7200,1.00291864283
487436,487444,490301,8,2857,2,7200,1.00280014001
487675,487908,489562,233,1654,2,9000,1.14087061669
487788,488070,489752,282,1682,2,9000,1.16765755054
487841,487850,491072,9,3222,2,7200,1.00279329609
487869,488064,488172,195,108,2,3600,2.80555555556
487912,488075,489741,163,1666,2,9000,1.09783913565
488020,488029,490940,9,2911,2,7200,1.00309172106
488066,488081,489759,15,1678,2,9000,1.00893921335
488077,488184,489839,107,1655,2,9000,1.06465256798
488077,488176,489847,99,1671,2,9000,1.0592459605
488180,488267,489929,87,1662,2,9000,1.0523465704
488181,488413,490066,232,1653,2,9000,1.14035087719
488185,488302,491935,117,3633,2,3600,1.03220478943
488253,488259,489456,6,1197,1,7200,1.00501253133
488263,488418,490078,155,1660,2,9000,1.09337349398
488417,488451,490112,34,1661,2,9000,1.02046959663
488417,488457,490114,40,1657,2,9000,1.02414001207
488443,488462,560470,19,72008,1,72000,1.00026385957
488448,488468,490108,20,1640,2,9000,1.01219512195
488459,488474,490145,15,1671,2,9000,1.00897666068
488470,488489,490149,19,1660,2,9000,1.01144578313
488470,488484,490187,14,1703,2,9000,1.00822078685
488480,488495,492115,15,3620,2,3600,1.00414364641
488481,488501,490159,20,1658,2,9000,1.01206272618
488492,488507,490163,15,1656,2,9000,1.00905797101
488503,488520,490167,17,1647,2,9000,1.01032179721
488503,488515,490185,12,1670,2,9000,1.00718562874
488514,488558,490252,44,1694,2,9000,1.02597402597
488524,488564,490228,40,1664,2,9000,1.02403846154
488556,488758,490419,202,1661,2,9000,1.12161348585
488564,490283,505977,1719,15694,1,72000,1.10953230534
488564,490289,505938,1725,15649,1,72000,1.11023068567
488565,490294,505972,1729,15678,1,72000,1.11028192371
488565,490300,505960,1735,15660,1,72000,1.11079182631
488565,492205,507936,3640,15731,1,72000,1.23139024855
488565,492211,507990,3646,15779,1,72000,1.23106660752
488566,489458,491110,892,1652,2,9000,1.53995157385
488566,492235,508079,3669,15844,1,72000,1.23157031053
488566,492217,507959,3651,15742,1,72000,1.23192732817
488566,492223,507953,3657,15730,1,72000,1.23248569612
488566,492228,507903,3662,15675,1,72000,1.23362041467
488579,492264,507977,3685,15713,1,72000,1.23451918793
488579,492253,507922,3674,15669,1,72000,1.23447571638
488579,492241,507911,3662,15670,1,72000,1.23369495852
488579,492248,507846,3669,15598,1,72000,1.23522246442
488580,501451,517244,12871,15793,1,72000,1.81498132084
488580,492275,507968,3695,15693,1,72000,1.23545529854
488580,492269,507959,3689,15690,1,72000,1.2351179095
488581,489342,492300,761,2958,2,3600,1.25726842461
488581,538069,553751,49488,15682,1,72000,4.15571993368
488581,538063,553755,49482,15692,1,72000,4.15332653581
488581,501691,517370,13110,15679,1,72000,1.83615026469
488600,488610,491663,10,3053,2,7200,1.00327546675
488621,488631,491615,10,2984,2,7200,1.00335120643
488762,489576,491226,814,1650,2,9000,1.49333333333
488776,488785,491709,9,2924,2,7200,1.00307797538
488861,490134,497243,1273,7109,2,14400,1.17906878605
489166,489174,492138,8,2964,2,7200,1.00269905533
489461,489650,491314,189,1664,2,9000,1.11358173077
489489,491618,491809,2129,191,1,3540,12.1465968586
489541,489552,492589,11,3037,2,7200,1.00362199539
489574,489763,491421,189,1658,2,9000,1.11399276236
489635,489643,492726,8,3083,2,7200,1.00259487512
489637,490278,497400,641,7122,2,14400,1.0900028082
489646,489770,491423,124,1653,2,9000,1.07501512402
489650,489859,492858,209,2999,2,7200,1.06968989663
489688,489752,491606,64,1854,1,7200,1.03451995685
489771,489850,491531,79,1681,2,9000,1.04699583581
489830,489836,492982,6,3146,1,7200,1.00190718373
489853,489940,491593,87,1653,2,9000,1.05263157895
489864,490077,491723,213,1646,2,9000,1.12940461725
489904,489914,493081,10,3167,2,7200,1.00315756236
489919,489929,492872,10,2943,2,7200,1.00339789331
489936,490089,491743,153,1654,2,9000,1.09250302297
490081,490121,491783,40,1662,2,9000,1.02406738869
490092,490129,491795,37,1666,2,9000,1.02220888355
490103,490114,493062,11,2948,2,7200,1.00373134328
490123,490157,491790,34,1633,2,9000,1.02082057563
490134,490165,491829,31,1664,2,9000,1.01862980769
490158,490172,491871,14,1699,2,9000,1.00824014126
490169,490179,491864,10,1685,2,9000,1.0059347181
490169,490190,491844,21,1654,2,9000,1.01269649335
490184,490196,491862,12,1666,2,9000,1.00720288115
490195,490203,491847,8,1644,2,9000,1.00486618005
490195,490239,491883,44,1644,2,9000,1.02676399027
490206,490264,491906,58,1642,2,9000,1.0353227771
490237,490272,491946,35,1674,2,9000,1.02090800478
490268,490430,492096,162,1666,2,9000,1.09723889556
490269,491122,492801,853,1679,2,9000,1.5080405003
490303,490315,493294,12,2979,2,7200,1.00402819738
490435,491326,493014,891,1688,2,9000,1.5278436019
490499,490506,493443,7,2937,2,7200,1.00238338441
490529,490537,493638,8,3101,2,7200,1.00257981296
490818,491432,493931,614,2499,4,108000,1.24569827931
490859,491542,507165,683,15623,4,108000,1.04371759585
490875,492184,495087,1309,2903,4,108000,1.45091284878
490891,492189,522711,1298,30522,4,108000,1.04252670205
490944,490952,493979,8,3027,2,7200,1.00264288074
491074,491083,494390,9,3307,2,7200,1.00272149985
491122,491605,493283,483,1678,2,9000,1.28784266985
491328,491856,493499,528,1643,2,9000,1.32136335971
491458,491466,491479,8,13,1,60,1.61538461538
491541,492173,508133,632,15960,2,18000,1.03959899749
491552,492126,492162,574,36,32,43200,16.9444444444
491606,492108,493813,502,1705,2,9000,1.29442815249
491619,491628,494505,9,2877,2,7200,1.0031282586
491665,491675,494353,10,2678,2,7200,1.00373412995
491710,491720,494672,10,2952,2,7200,1.00338753388
491852,492195,493859,343,1664,2,9000,1.20612980769
491970,492179,499383,209,7204,2,7200,1.02901166019
492115,492200,493878,85,1678,2,9000,1.05065554231
492140,492149,495245,9,3096,2,7200,1.00290697674
492197,492302,493963,105,1661,2,9000,1.06321493076
492197,492813,494470,616,1657,2,9000,1.37175618588
492270,492296,499530,26,7234,2,7200,1.00359413879
492300,493026,494680,726,1654,2,9000,1.43893591294
492342,493218,493223,876,5,2,7200,88.1
492356,492618,495464,262,2846,1,7200,1.09205903022
492590,492601,495501,11,2900,2,7200,1.00379310345
492677,500643,505258,7966,4615,32,43200,2.72611050921
492729,492738,495665,9,2927,2,7200,1.00307482064
492812,493234,494896,422,1662,2,9000,1.25391095066
492859,492869,495850,10,2981,2,7200,1.003354579
492874,492883,495786,9,2903,2,7200,1.00310024113
492919,500749,536782,7830,36033,4,36000,1.21730080759
493027,493298,494940,271,1642,2,9000,1.16504263094
493065,493073,495975,8,2902,2,7200,1.0027567195
493083,493093,496015,10,2922,2,7200,1.00342231348
493199,506256,513673,13057,7417,2,14400,2.76041526224
493232,493511,495172,279,1661,2,9000,1.16797110175
493294,493651,495294,357,1643,2,9000,1.21728545344
493295,493306,496413,11,3107,2,7200,1.00354039266
493402,493817,494135,415,318,1,3540,2.30503144654
493446,493454,496518,8,3064,2,7200,1.00261096606
493495,500755,501680,7260,925,1,10800,8.84864864865
493510,493760,495430,250,1670,2,9000,1.1497005988
493647,493825,495522,178,1697,2,9000,1.10489098409
493760,493949,495598,189,1649,2,9000,1.11461491813
493804,493943,580450,139,86507,8,86400,1.00160680639
493822,493976,495662,154,1686,2,9000,1.09134045077
493945,494147,495796,202,1649,2,9000,1.12249848393
493976,494482,496127,506,1645,2,9000,1.30759878419
493982,493990,496890,8,2900,2,7200,1.00275862069
494151,494691,496350,540,1659,2,9000,1.32549728752
494354,494364,497311,10,2947,2,7200,1.0033932813
494393,494402,497358,9,2956,2,7200,1.00304465494
494478,494908,496560,430,1652,2,9000,1.2602905569
494511,494517,497594,6,3077,2,7200,1.00194995125
494674,494684,497738,10,3054,2,7200,1.00327439424
494696,494952,496610,256,1658,2,9000,1.15440289505
494741,543525,553004,48784,9479,2,43200,6.14653444456
494912,495184,496838,272,1654,2,9000,1.16444981862
494954,495306,496999,352,1693,2,9000,1.20791494389
495180,495537,497204,357,1667,2,9000,1.21415716857
495245,495256,498077,11,2821,2,7200,1.00389932648
495303,496139,497784,836,1645,2,9000,1.50820668693
495319,495325,497173,6,1848,1,7200,1.00324675325
495351,495358,498815,7,3457,1,3600,1.00202487706
495381,495387,497309,6,1922,1,7200,1.00312174818
495388,495395,495411,7,16,1,60,1.4375
495441,495449,497514,8,2065,1,7200,1.00387409201
495502,495512,498487,10,2975,2,7200,1.00336134454
495539,496362,498008,823,1646,2,9000,1.5
495647,495653,496901,6,1248,1,1200,1.00480769231
495666,495676,498538,10,2862,2,7200,1.0034940601
495789,495798,498744,9,2946,2,7200,1.00305498982
495808,506262,506265,10454,3,2,14400,1045.7
495853,495861,498713,8,2852,2,7200,1.00280504909
495977,495987,498944,10,2957,2,7200,1.00338180588
496017,496026,498932,9,2906,2,7200,1.00309704061
496143,496622,498283,479,1661,2,9000,1.28838049368
496304,506277,510062,9973,3785,2,14400,3.63487450462
496358,496850,498485,492,1635,2,9000,1.30091743119
496416,496424,499266,8,2842,2,7200,1.00281491907
496519,496529,499640,10,3111,2,7200,1.00321440051
496625,497011,498665,386,1654,2,9000,1.23337363966
496851,497215,498894,364,1679,2,9000,1.21679571173
496891,496901,499708,10,2807,2,7200,1.00356252227
497015,497797,499489,782,1692,2,9000,1.4621749409
497221,498020,499751,799,1731,2,9000,1.46158290006
497314,497322,500128,8,2806,2,7200,1.0028510335
497360,497369,500218,9,2849,2,7200,1.00315900316
497595,497605,500395,10,2790,2,7200,1.00358422939
497741,497750,500654,9,2904,2,7200,1.00309917355
497794,498295,499967,501,1672,2,9000,1.29964114833
498020,498504,500155,484,1651,2,9000,1.29315566323
498079,498088,501003,9,2915,2,7200,1.00308747856
498297,498677,500272,380,1595,2,9000,1.23824451411
498490,498496,501496,6,3000,2,7200,1.002
498502,498906,500568,404,1662,2,9000,1.24308062575
498542,498550,501552,8,3002,2,7200,1.00266489007
498677,498956,500662,279,1706,2,9000,1.16354044549
498714,498724,501597,10,2873,2,7200,1.00348068221
498748,498756,501741,8,2985,2,7200,1.002680067
498905,499763,501467,858,1704,2,9000,1.50352112676
498935,498944,501810,9,2866,2,7200,1.00314026518
498950,499277,502182,327,2905,2,7200,1.11256454389
499268,499500,502416,232,2916,2,7200,1.07956104252
499501,499979,501639,478,1660,2,9000,1.28795180723
499643,499651,502671,8,3020,2,7200,1.00264900662
499710,499719,502821,9,3102,2,7200,1.00290135397
499767,500168,501847,401,1679,2,9000,1.23883263848
499984,500284,501970,300,1686,2,9000,1.17793594306
500130,500139,503155,9,3016,2,7200,1.00298408488
500169,500580,502245,411,1665,2,9000,1.24684684685
500221,500229,503213,8,2984,2,7200,1.00268096515
500282,500675,502351,393,1676,2,9000,1.23448687351
500397,500406,503304,9,2898,2,7200,1.00310559006
500579,501479,503155,900,1676,2,9000,1.5369928401
500608,509812,544838,9204,35026,20,43200,1.26277622338
500657,500665,503783,8,3118,2,7200,1.00256574727
500671,501651,503319,980,1668,2,9000,1.58752997602
500693,508467,543503,7774,35036,50,43200,1.22188606005
501004,501014,503901,10,2887,2,7200,1.00346380326
501482,501859,503523,377,1664,2,9000,1.2265625
501497,501507,504520,10,3013,2,7200,1.00331895121
501555,501563,504630,8,3067,2,7200,1.00260841213
501600,501609,504748,9,3139,2,7200,1.00286715514
501646,501982,503691,336,1709,2,9000,1.19660620246
501742,501753,504640,11,2887,2,7200,1.00381018358
501812,501821,505079,9,3258,2,7200,1.00276243094
501856,502257,503868,401,1611,2,9000,1.24891371819
501886,502033,538052,147,36019,4,36000,1.00408117938
501979,502363,503964,384,1601,2,9000,1.23985009369
502184,502193,505068,9,2875,2,7200,1.00313043478
502256,503172,504801,916,1629,2,9000,1.56230816452
502359,503331,504967,972,1636,2,9000,1.59413202934
502417,502427,505265,10,2838,2,7200,1.00352360817
502675,502682,505686,7,3004,2,7200,1.00233022636
502823,502832,505789,9,2957,2,7200,1.0030436253
502904,505950,518900,3046,12950,1,36000,1.23521235521
503159,503167,506084,8,2917,2,7200,1.00274254371
503177,503535,505135,358,1600,2,9000,1.22375
503216,503225,506154,9,2929,2,7200,1.00307272107
503307,503315,506308,8,2993,2,7200,1.00267290344
503331,503704,505306,373,1602,2,9000,1.23283395755
503538,503880,505496,342,1616,2,9000,1.21163366337
503703,503976,505586,273,1610,2,9000,1.16956521739
503786,503794,506824,8,3030,2,7200,1.00264026403
503879,504651,506275,772,1624,2,9000,1.47536945813
503904,503913,506805,9,2892,2,7200,1.0031120332
503971,504979,506629,1008,1650,2,9000,1.61090909091
504488,505973,506193,1485,220,1,3540,7.75
504521,504531,507538,10,3007,2,7200,1.00332557366
504633,504642,507589,9,2947,2,7200,1.00305395317
504648,504759,507755,111,2996,2,7200,1.0370493992
504751,504812,507834,61,3022,2,7200,1.02018530774
504810,505984,507155,1174,1171,1,3540,2.00256191289
504817,505147,506745,330,1598,2,9000,1.20650813517
504869,505991,506169,1122,178,1,3540,7.30337078652
504903,506178,506362,1275,184,1,3540,7.92934782609
504982,505320,506895,338,1575,2,9000,1.2146031746
505020,506173,506174,1153,1,2,3540,115.4
505068,505079,507983,11,2904,2,7200,1.00378787879
505083,505091,508071,8,2980,2,7200,1.00268456376
505125,506183,509726,1058,3543,1,3540,1.29861699125
505146,505508,507139,362,1631,2,9000,1.2219497241
505158,506189,506480,1031,291,1,3540,4.54295532646
505217,506194,506430,977,236,1,3540,5.13983050847
505240,536794,575714,31554,38920,32,43200,1.81073997945
505246,506199,506506,953,307,1,3540,4.10423452769
505268,505276,508269,8,2993,2,7200,1.00267290344
505276,506205,506662,929,457,1,3540,3.03282275711
505306,506213,506681,907,468,1,3540,2.93803418803
505321,505598,507274,277,1676,2,9000,1.16527446301
505336,506219,506707,883,488,1,3540,2.80942622951
505366,506224,506694,858,470,1,3540,2.82553191489
505434,506229,506538,795,309,1,3540,3.57281553398
505505,506287,508076,782,1789,2,9000,1.4371157071
505531,506235,506505,704,270,1,3540,3.60740740741
505598,506418,508247,820,1829,2,9000,1.44833242209
505681,506240,506352,559,112,1,3540,5.99107142857
505688,505699,508688,11,2989,2,7200,1.00368016059
505716,506245,506369,529,124,1,3540,5.26612903226
505791,505801,508602,10,2801,2,7200,1.00357015352
506087,506095,509210,8,3115,2,7200,1.0025682183
506157,506165,509222,8,3057,2,7200,1.00261694472
506284,506423,508031,139,1608,2,9000,1.08644278607
506311,506320,509377,9,3057,2,7200,1.00294406281
506417,506641,508436,224,1795,2,9000,1.12479108635
506428,506757,508586,329,1829,2,9000,1.17987971569
506643,506907,508703,264,1796,2,9000,1.14699331849
506757,507151,509044,394,1893,2,9000,1.20813523508
506808,506829,509666,21,2837,2,7200,1.00740218541
506824,506836,509638,12,2802,2,7200,1.00428265525
506908,507176,509075,268,1899,2,9000,1.1411269089
507149,507182,508838,33,1656,2,9000,1.01992753623
507180,507286,509017,106,1731,2,9000,1.06123627961
507180,507858,509641,678,1783,2,9000,1.38025799215
507283,508091,509940,808,1849,2,9000,1.43699296917
507542,507549,510404,7,2855,2,7200,1.00245183888
507590,507600,510564,10,2964,2,7200,1.00337381916
507757,507766,510807,9,3041,2,7200,1.00295955278
507836,507845,510566,9,2721,2,7200,1.0033076075
507863,508448,510354,585,1906,2,9000,1.30692549843
507984,507994,510857,10,2863,2,7200,1.00349283968
508072,508083,511115,11,3032,2,7200,1.00362796834
508090,508598,510261,508,1663,2,9000,1.30547203848
508143,517447,551913,9304,34466,2,36000,1.26994719434
508160,536800,551915,28640,15115,2,36000,2.89480648363
508272,508280,511276,8,2996,2,7200,1.00267022697
508452,508714,510505,262,1791,2,9000,1.14628699051
508596,508850,510633,254,1783,2,9000,1.14245653393
508605,508616,511596,11,2980,2,7200,1.00369127517
508689,508699,511660,10,2961,2,7200,1.00337723742
508716,509030,510959,314,1929,2,9000,1.16277864178
508849,509056,510861,207,1805,2,9000,1.11468144044
509032,509087,510965,55,1878,2,9000,1.02928647497
509053,509234,510862,181,1628,2,9000,1.11117936118
509084,509657,511395,573,1738,2,9000,1.32968929804
509216,509222,512233,6,3011,2,7200,1.00199269346
509231,509388,512233,157,2845,2,7200,1.05518453427
509380,509677,512685,297,3008,2,7200,1.09873670213
509640,509649,512607,9,2958,2,7200,1.00304259635
509662,509818,511648,156,1830,2,9000,1.08524590164
509667,509952,513023,285,3071,2,7200,1.09280364702
509816,509825,511880,9,2055,2,9000,1.00437956204
509827,509833,511785,6,1952,2,9000,1.00307377049
509837,510075,511997,238,1922,2,9000,1.12382934443
509950,510272,512057,322,1785,2,9000,1.18039215686
510074,510366,512109,292,1743,2,9000,1.16752725186
510268,510517,512366,249,1849,2,9000,1.13466738778
510371,510582,512461,211,1879,2,9000,1.11229377328
510405,510418,513330,13,2912,2,7200,1.00446428571
510515,510645,512510,130,1865,2,9000,1.06970509383
510565,510575,513549,10,2974,2,7200,1.00336247478
510577,510881,512762,304,1881,2,9000,1.16161616162
510580,510818,513898,238,3080,2,7200,1.07727272727
510809,510868,513712,59,2844,2,7200,1.02074542897
510855,510875,513833,20,2958,2,7200,1.00676132522
510879,510978,512848,99,1870,2,9000,1.05294117647
510879,510971,512960,92,1989,2,9000,1.0462543992
510972,511016,512684,44,1668,2,9000,1.02637889688
510983,511407,513087,424,1680,2,9000,1.25238095238
511014,511661,513421,647,1760,2,9000,1.36761363636
511118,511126,514269,8,3143,2,7200,1.00254533885
511279,511287,514387,8,3100,2,7200,1.00258064516
511409,511796,513665,387,1869,2,9000,1.20706260032
511599,511607,514495,8,2888,2,7200,1.0027700831
511663,511671,514577,8,2906,2,7200,1.00275292498
511676,511891,513866,215,1975,2,9000,1.10886075949
511700,543514,544075,31814,561,8,21600,57.7094474153
511705,543520,543623,31815,103,8,21600,309.883495146
511800,512008,513911,208,1903,2,9000,1.10930110352
511893,512069,513955,176,1886,2,9000,1.09331919406
512006,512121,513825,115,1704,2,9000,1.06748826291
512068,512378,514136,310,1758,2,9000,1.1763367463
512120,512473,514238,353,1765,2,9000,1.2
512235,512244,515215,9,2971,2,7200,1.00302928307
512237,512250,515356,13,3106,2,7200,1.00418544752
512376,512529,514425,153,1896,2,9000,1.08069620253
512469,512696,514609,227,1913,2,9000,1.11866178777
512527,512775,514703,248,1928,2,9000,1.12863070539
512609,512619,515479,10,2860,2,7200,1.0034965035
512687,512702,515564,15,2862,2,7200,1.00524109015
512701,512860,514721,159,1861,2,9000,1.08543793659
512773,512971,514848,198,1877,2,9000,1.10548748002
512855,513099,515005,244,1906,2,9000,1.12801678909
512968,513218,514924,250,1706,2,9000,1.14654161782
513026,513034,516099,8,3065,2,7200,1.00261011419
513102,513272,515161,170,1889,2,9000,1.08999470619
513215,513434,515214,219,1780,2,9000,1.12303370787
513277,513676,515505,399,1829,2,9000,1.21815199563
513332,513342,516141,10,2799,2,7200,1.00357270454
513431,513685,515536,254,1851,2,9000,1.13722312264
513550,513560,516517,10,2957,2,7200,1.00338180588
513677,513838,515572,161,1734,2,9000,1.09284890427
513687,513877,515598,190,1721,2,9000,1.11040092969
513713,513723,516587,10,2864,2,7200,1.00349162011
513834,513844,516686,10,2842,2,7200,1.00351864884
513841,513923,515729,82,1806,2,9000,1.04540420819
513883,513967,515945,84,1978,2,9000,1.04246713852
513901,513909,516736,8,2827,2,7200,1.00282985497
513924,514147,515982,223,1835,2,9000,1.12152588556
513965,514249,516151,284,1902,2,9000,1.14931650894
514150,514438,516373,288,1935,2,9000,1.1488372093
514253,514621,516377,368,1756,2,9000,1.20956719818
514270,514280,517508,10,3228,2,7200,1.00309789343
514388,514398,517295,10,2897,2,7200,1.00345184674
514437,514715,516572,278,1857,2,9000,1.14970382337
514497,514507,517553,10,3046,2,7200,1.00328299409
514579,514589,517654,10,3065,2,7200,1.00326264274
514622,514733,516531,111,1798,2,9000,1.0617352614
514715,514860,516787,145,1927,2,9000,1.07524649715
514735,514936,516696,201,1760,2,9000,1.11420454545
514859,515017,516878,158,1861,2,9000,1.08490059108
514933,515173,516911,240,1738,2,9000,1.13808975834
515016,515226,517069,210,1843,2,9000,1.11394465545
515170,515516,517284,346,1768,2,9000,1.19570135747
515217,515232,518066,15,2834,2,7200,1.00529287227
515231,515548,517486,317,1938,2,9000,1.16357069143
515360,515368,518199,8,2831,2,7200,1.00282585659
515480,515490,518488,10,2998,2,7200,1.00333555704
515518,515584,517528,66,1944,2,9000,1.03395061728
515549,515609,517338,60,1729,2,9000,1.03470213997
515565,515575,518530,10,2955,2,7200,1.00338409475
515581,515674,517450,93,1776,2,9000,1.05236486486
515612,515741,517528,129,1787,2,9000,1.07218802462
515674,515956,517989,282,2033,2,9000,1.13871126414
515746,515995,517814,249,1819,2,9000,1.13688840022
515950,527913,530232,11963,2319,8,3540,6.15868909013
515961,516163,517926,202,1763,2,9000,1.11457742484
515992,516384,518092,392,1708,2,9000,1.22950819672
516052,517383,517384,1331,1,1,240,133.2
516102,516111,519176,9,3065,2,7200,1.00293637847
516144,516153,518919,9,2766,2,7200,1.0032537961
516166,516391,518147,225,1756,2,9000,1.12813211845
516249,517257,517435,1008,178,1,3540,6.66292134831
516378,517322,518937,944,1615,1,3540,1.58452012384
516382,516543,518067,161,1524,2,9000,1.10564304462
516393,516584,518186,191,1602,2,9000,1.11922596754
516415,518912,519067,2497,155,1,3540,17.1096774194
516438,518949,519156,2511,207,1,3540,13.1304347826
516519,516528,519344,9,2816,2,7200,1.00319602273
516547,516708,518287,161,1579,2,9000,1.10196326789
516588,516800,518354,212,1554,2,9000,1.13642213642
516589,516599,519549,10,2950,2,7200,1.00338983051
516633,519078,520631,2445,1553,1,3540,2.57437218287
516659,519168,519543,2509,375,1,3540,7.69066666667
516689,516697,519540,8,2843,2,7200,1.00281392895
516695,519573,519951,2878,378,1,3540,8.61375661376
516715,516890,518434,175,1544,2,9000,1.11334196891
516718,519578,520109,2860,531,1,3540,6.38606403013
516737,516749,519789,12,3040,2,7200,1.00394736842
516740,519599,520073,2859,474,1,3540,7.03164556962
516763,519604,520128,2841,524,1,3540,6.42175572519
516785,519695,520163,2910,468,1,3540,7.21794871795
516798,516922,518468,124,1546,2,9000,1.08020698577
516808,519965,520420,3157,455,1,3540,7.93846153846
516851,520085,520385,3234,300,1,3540,11.78
516890,517081,518600,191,1519,2,9000,1.12574061883
516921,517297,518814,376,1517,2,9000,1.24785761371
516923,520121,520300,3198,179,1,3540,18.8659217877
517030,520140,520212,3110,72,1,3540,44.1944444444
517058,520175,520273,3117,98,1,3540,32.806122449
517086,517350,518913,264,1563,2,9000,1.1689059501
517297,517306,520376,9,3070,2,7200,1.00293159609
517311,517462,519054,151,1592,2,9000,1.09484924623
517353,517498,519083,145,1585,2,9000,1.09148264984
517466,517540,518986,74,1446,2,9000,1.05117565698
517497,517545,519071,48,1526,2,9000,1.03145478375
517512,517519,520392,7,2873,2,7200,1.00243647755
517538,517826,519303,288,1477,2,9000,1.19498984428
517549,517938,519526,389,1588,2,9000,1.24496221662
517554,517564,520405,10,2841,2,7200,1.00351988736
517657,517666,520779,9,3113,2,7200,1.00289110183
517826,518002,519535,176,1533,2,9000,1.11480756686
517936,518085,519561,149,1476,2,9000,1.10094850949
517997,518104,519586,107,1482,2,9000,1.07219973009
518069,518077,521006,8,2929,2,7200,1.00273130761
518090,518160,519677,70,1517,2,9000,1.04614370468
518101,518199,519729,98,1530,2,9000,1.06405228758
518162,518299,519939,137,1640,2,9000,1.08353658537
518202,518210,521012,8,2802,2,7200,1.0028551035
518214,518365,519946,151,1581,2,9000,1.09550917141
518296,518446,520018,150,1572,2,9000,1.09541984733
518369,518479,520041,110,1562,2,9000,1.07042253521
518451,518612,520167,161,1555,2,9000,1.10353697749
518482,518826,520355,344,1529,2,9000,1.22498364944
518489,518499,521481,10,2982,2,7200,1.00335345406
518532,518541,521297,9,2756,2,7200,1.00326560232
518616,518925,520452,309,1527,2,9000,1.20235756385
518831,518998,520493,167,1495,2,9000,1.11170568562
518922,518931,521693,9,2762,2,7200,1.00325850833
518934,519065,520654,131,1589,2,9000,1.08244178729
518995,519085,520648,90,1563,2,9000,1.0575815739
519068,519095,520639,27,1544,2,9000,1.01748704663
519088,519314,520847,226,1533,2,9000,1.1474233529
519099,519537,521060,438,1523,2,9000,1.28759028234
519179,519187,522167,8,2980,2,7200,1.00268456376
519316,519547,520997,231,1450,2,9000,1.15931034483
519347,519355,522277,8,2922,2,7200,1.00273785079
519541,519560,521104,19,1544,2,9000,1.01230569948
519544,519553,522295,9,2742,2,7200,1.00328227571
519552,519741,521274,189,1533,2,9000,1.12328767123
519559,519689,522249,130,2560,2,7200,1.05078125
519685,519951,521489,266,1538,2,9000,1.17295188557
519737,519957,521533,220,1576,2,9000,1.13959390863
519792,519803,522931,11,3128,2,7200,1.00351662404
519952,520030,521491,78,1461,2,9000,1.05338809035
519963,520054,521506,91,1452,2,9000,1.06267217631
520035,520182,521771,147,1589,2,9000,1.09251101322
520056,520313,521890,257,1577,2,9000,1.16296766011
520179,520367,521907,188,1540,2,9000,1.12207792208
520314,520432,521982,118,1550,2,9000,1.07612903226
520365,520464,522009,99,1545,2,9000,1.0640776699
520379,520387,523321,8,2934,2,7200,1.00272665303
520395,520403,523431,8,3028,2,7200,1.00264200793
520410,520416,523513,6,3097,2,7200,1.00193735873
520427,520505,521962,78,1457,2,9000,1.05353466026
520469,520651,522092,182,1441,2,9000,1.12630117974
520510,520659,522273,149,1614,2,9000,1.09231722429
520654,520667,522223,13,1556,2,9000,1.00835475578
520665,520859,522413,194,1554,2,9000,1.12483912484
520665,521008,522554,343,1546,2,9000,1.22186287193
520781,520792,524057,11,3265,2,7200,1.00336906585
520860,521025,522526,165,1501,2,9000,1.10992671552
521008,521017,523913,9,2896,2,7200,1.00310773481
521014,521115,522703,101,1588,2,9000,1.06360201511
521023,521071,524086,48,3015,2,7200,1.01592039801
521076,521285,522930,209,1645,2,9000,1.12705167173
521117,521501,522998,384,1497,2,9000,1.25651302605
521282,521508,523157,226,1649,2,9000,1.13705275925
521299,521308,524483,9,3175,2,7200,1.00283464567
521484,521492,524371,8,2879,2,7200,1.00277874262
521498,521519,523079,21,1560,2,9000,1.01346153846
521508,521545,523134,37,1589,2,9000,1.02328508496
521519,521782,523312,263,1530,2,9000,1.17189542484
521540,521901,523432,361,1531,2,9000,1.23579359895
521696,521705,524848,9,3143,2,7200,1.0028635062
521786,521919,523465,133,1546,2,9000,1.08602846054
521899,521975,523450,76,1475,2,9000,1.05152542373
521920,521994,523524,74,1530,2,9000,1.04836601307
521972,522021,523518,49,1497,2,9000,1.03273213093
521992,522105,523800,113,1695,2,9000,1.06666666667
522024,522235,523801,211,1566,2,9000,1.13473818646
522106,522286,523830,180,1544,2,9000,1.11658031088
522171,522179,525075,8,2896,2,7200,1.00276243094
522239,522424,523946,185,1522,2,9000,1.12155059133
522253,522261,525195,8,2934,2,7200,1.00272665303
522280,522292,525171,12,2879,2,7200,1.00416811393
522291,522538,524064,247,1526,2,9000,1.16186107471
522298,522306,525292,8,2986,2,7200,1.00267916946
522424,522566,524112,142,1546,2,9000,1.09184993532
522537,522715,524231,178,1516,2,9000,1.11741424802
522569,522722,524265,153,1543,2,9000,1.09915748542
522712,522727,524340,15,1613,2,9000,1.00929944203
522723,522948,524565,225,1617,2,9000,1.13914656772
522723,523010,524630,287,1620,2,9000,1.17716049383
522934,522941,526027,7,3086,2,7200,1.00226830849
522949,523091,524575,142,1484,2,9000,1.09568733154
523011,523146,524626,135,1480,2,9000,1.09121621622
523093,523169,524633,76,1464,2,9000,1.05191256831
523144,523324,524760,180,1436,2,9000,1.12534818942
523165,523449,524993,284,1544,2,9000,1.18393782383
523320,523462,524965,142,1503,2,9000,1.09447771124
523321,523332,526191,11,2859,2,7200,1.00384749913
523433,523442,526521,9,3079,2,7200,1.00292302696
523454,523476,525076,22,1600,2,9000,1.01375
523464,523532,525110,68,1578,2,9000,1.04309252218
523475,523539,525124,64,1585,2,9000,1.0403785489
523515,523524,526463,9,2939,2,7200,1.00306226608
523537,523813,525429,276,1616,2,9000,1.17079207921
523537,523818,525389,281,1571,2,9000,1.17886696372
523814,523842,525348,28,1506,2,9000,1.01859229748
523815,523958,525445,143,1487,2,9000,1.09616677875
523846,524077,525488,231,1411,2,9000,1.16371367824
523914,523925,526970,11,3045,2,7200,1.00361247947
523959,524124,525687,165,1563,2,9000,1.10556621881
524059,524069,526994,10,2925,2,7200,1.00341880342
524082,524242,525903,160,1661,2,9000,1.09632751355
524087,524097,526821,10,2724,2,7200,1.00367107195
524123,524277,525941,154,1664,2,9000,1.09254807692
524247,524352,525938,105,1586,2,9000,1.06620428752
524278,524579,526101,301,1522,2,9000,1.19776609724
524350,524586,526182,236,1596,2,9000,1.14786967419
524374,524383,527035,9,2652,2,7200,1.00339366516
524486,524494,527310,8,2816,2,7200,1.00284090909
524577,524638,526082,61,1444,2,9000,1.04224376731
524588,524644,526078,56,1434,2,9000,1.03905160391
524640,524651,526066,11,1415,2,9000,1.00777385159
524640,524772,526252,132,1480,2,9000,1.08918918919
524651,524977,526440,326,1463,2,9000,1.22282980178
524774,525005,526608,231,1603,2,9000,1.14410480349
524849,524859,527823,10,2964,2,7200,1.00337381916
524979,525094,526696,115,1602,2,9000,1.07178526841
525010,525122,526646,112,1524,2,9000,1.07349081365
525076,525086,528241,10,3155,2,7200,1.00316957211
525093,525137,526660,44,1523,2,9000,1.028890348
525124,525359,526802,235,1443,2,9000,1.16285516286
525134,525402,526913,268,1511,2,9000,1.17736598279
525173,525183,528048,10,2865,2,7200,1.0034904014
525198,525207,528009,9,2802,2,7200,1.00321199143
525295,525303,528427,8,3124,2,7200,1.00256081946
525360,525440,526986,80,1546,2,9000,1.05174644243
525401,525458,527070,57,1612,2,9000,1.03535980149
525443,525501,526958,58,1457,2,9000,1.0398078243
525453,525700,527317,247,1617,2,9000,1.15275200989
525505,525914,527595,409,1681,2,9000,1.24330755503
525700,525950,527530,250,1580,2,9000,1.1582278481
525919,525956,527598,37,1642,2,9000,1.02253349574
525951,526078,527741,127,1663,2,9000,1.07636800962
525961,526090,527732,129,1642,2,9000,1.07856272838
526031,526038,528966,7,2928,2,7200,1.00239071038
526076,526097,527506,21,1409,2,9000,1.01490418737
526087,526114,527430,27,1316,2,9000,1.02051671733
526097,526194,527434,97,1240,2,9000,1.07822580645
526119,526264,527757,145,1493,2,9000,1.09711989283
526191,526453,527893,262,1440,2,9000,1.18194444444
526194,526202,529355,8,3153,2,7200,1.0025372661
526263,526620,528038,357,1418,2,9000,1.25176304654
526457,526658,527986,201,1328,2,9000,1.15135542169
526467,526475,529462,8,2987,2,7200,1.00267827251
526524,526532,529458,8,2926,2,7200,1.002734108
526621,526672,527901,51,1229,2,9000,1.04149715216
526663,526707,527889,44,1182,2,9000,1.0372250423
526674,526814,528053,140,1239,2,9000,1.11299435028
526705,526925,528178,220,1253,2,9000,1.17557861133
526818,526970,528207,152,1237,2,9000,1.12287793048
526824,526832,529810,8,2978,2,7200,1.00268636669
526924,526997,528273,73,1276,2,9000,1.05721003135
526965,527081,528444,116,1363,2,9000,1.08510638298
526972,526982,529733,10,2751,2,7200,1.0036350418
526996,527329,528646,333,1317,2,9000,1.25284738041
526997,527005,529816,8,2811,2,7200,1.00284596229
527036,527046,529980,10,2934,2,7200,1.00340831629
527079,527444,528642,365,1198,2,9000,1.30467445743
527311,527321,530338,10,3017,2,7200,1.00331455088
527325,527451,528693,126,1242,2,9000,1.10144927536
527448,527542,528777,94,1235,2,9000,1.07611336032
527448,527518,528782,70,1264,2,9000,1.05537974684
527520,527607,528790,87,1183,2,9000,1.07354184277
527521,527527,531156,6,3629,1,3600,1.00165334803
527542,527614,529259,72,1645,2,9000,1.04376899696
527604,527743,529389,139,1646,2,9000,1.08444714459
527614,528189,529830,575,1641,2,9000,1.35039609994
527748,528219,529847,471,1628,2,9000,1.28931203931
527826,527835,530984,9,3149,2,7200,1.00285805017
528010,528020,530916,10,2896,2,7200,1.00345303867
528050,528060,531062,10,3002,2,7200,1.00333111259
528188,528456,530093,268,1637,2,9000,1.16371411118
528219,528657,530279,438,1622,2,9000,1.27003699137
528243,528252,531203,9,2951,2,7200,1.00304981362
528428,528438,531336,10,2898,2,7200,1.00345065562
528455,528663,530308,208,1645,2,9000,1.126443769
528661,528802,530442,141,1640,2,9000,1.08597560976
528662,529476,531100,814,1624,2,9000,1.50123152709
528805,529859,531501,1054,1642,2,9000,1.6419001218
528970,528979,531931,9,2952,2,7200,1.00304878049
529357,529367,532057,10,2690,2,7200,1.00371747212
529460,529470,532617,10,3147,2,7200,1.00317762949
529475,529821,532527,346,2706,2,7200,1.12786400591
529735,529745,532581,10,2836,2,7200,1.00352609309
529811,529828,532857,17,3029,2,7200,1.00561241334
529826,529841,532720,15,2879,2,7200,1.00521014241
529838,530105,531565,267,1460,2,9000,1.18287671233
529858,530290,531905,432,1615,2,9000,1.26749226006
529983,529991,532877,8,2886,2,7200,1.00277200277
530106,530322,531940,216,1618,2,9000,1.13349814586
530291,530455,532068,164,1613,2,9000,1.10167389957
530322,531111,532724,789,1613,2,9000,1.48915065096
530341,530349,533332,8,2983,2,7200,1.0026818639
530455,531513,533123,1058,1610,2,9000,1.65714285714
530918,530928,533823,10,2895,2,7200,1.00345423143
530985,530996,533956,11,2960,2,7200,1.00371621622
531064,531073,534050,9,2977,2,7200,1.0030231777
531111,531578,533222,467,1644,2,9000,1.28406326034
531206,531215,534126,9,2911,2,7200,1.00309172106
531339,531347,534202,8,2855,2,7200,1.00280210158
531480,531487,531604,7,117,1,3600,1.05982905983
531510,531917,533571,407,1654,2,9000,1.24607013301
531530,531537,531545,7,8,1,1800,1.5
531582,531955,533601,373,1646,2,9000,1.22660996355
531767,531773,531853,6,80,1,1800,1.075
531885,531891,532239,6,348,1,3600,1.01724137931
531924,532080,533753,156,1673,2,9000,1.09324566647
531932,531942,534851,10,2909,2,7200,1.00343760743
531955,532739,534392,784,1653,2,9000,1.4742891712
532059,532068,535075,9,3007,2,7200,1.0029930163
532078,533135,534805,1057,1670,2,9000,1.63293413174
532151,532157,532369,6,212,1,3600,1.02830188679
532387,532393,532522,6,129,1,1800,1.04651162791
532528,532538,535395,10,2857,2,7200,1.00350017501
532583,532593,535628,10,3035,2,7200,1.00329489292
532616,532628,535470,12,2842,2,7200,1.00422237861
532722,532731,535685,9,2954,2,7200,1.00304671632
532739,532746,533270,7,524,1,3600,1.01335877863
532743,533234,534884,491,1650,2,9000,1.29757575758
532820,532827,533685,7,858,1,3600,1.00815850816
532858,532868,535694,10,2826,2,7200,1.00353857042
532880,532888,535784,8,2896,2,7200,1.00276243094
533132,533582,535229,450,1647,2,9000,1.27322404372
533234,533614,535257,380,1643,2,9000,1.23128423615
533334,533343,536209,9,2866,2,7200,1.00314026518
533583,533766,535408,183,1642,2,9000,1.11144945189
533614,534404,536057,790,1653,2,9000,1.47791893527
533767,533773,534256,6,483,1,1800,1.01242236025
533768,534817,536466,1049,1649,2,9000,1.63614311704
533823,533834,536774,11,2940,2,7200,1.0037414966
533960,533967,537147,7,3180,2,7200,1.00220125786
533962,542980,543721,9018,741,1,3600,13.1700404858
534054,534061,537140,7,3079,2,7200,1.00227346541
534129,534137,536878,8,2741,2,7200,1.00291864283
534205,534213,537251,8,3038,2,7200,1.00263331139
534402,534897,536539,495,1642,2,9000,1.30146163216
534821,535240,536872,419,1632,2,9000,1.25674019608
534853,534862,537877,9,3015,2,7200,1.00298507463
534893,535271,536919,378,1648,2,9000,1.22936893204
535030,543541,543560,8511,19,1,3600,448.947368421
535076,535086,537998,10,2912,2,7200,1.00343406593
535241,535419,537079,178,1660,2,9000,1.10722891566
535272,535706,537336,434,1630,2,9000,1.26625766871
535397,535406,538451,9,3045,2,7200,1.00295566502
535416,536478,538098,1062,1620,2,9000,1.65555555556
535470,535481,538411,11,2930,2,7200,1.00375426621
535630,535639,538523,9,2884,2,7200,1.00312066574
535688,535696,538571,8,2875,2,7200,1.0027826087
535702,536551,538177,849,1626,2,9000,1.5221402214
535703,535795,538827,92,3032,2,7200,1.03034300792
535784,536069,539003,285,2934,2,7200,1.09713701431
535810,543552,543591,7742,39,1,1800,199.512820513
536211,536221,539011,10,2790,2,7200,1.00358422939
536479,536883,538494,404,1611,2,9000,1.25077591558
536552,536930,538555,378,1625,2,9000,1.23261538462
536777,536785,539848,8,3063,2,7200,1.00261181848
536879,537091,538716,212,1625,2,9000,1.13046153846
536880,536890,539936,10,3046,2,7200,1.00328299409
536931,537159,538801,228,1642,2,9000,1.13885505481
537095,538074,539699,979,1625,2,9000,1.60246153846
537143,537151,540194,8,3043,2,7200,1.00262898455
537157,538110,539737,953,1627,2,9000,1.58574062692
537158,537262,540249,104,2987,2,7200,1.03481754268
537252,537347,540349,95,3002,2,7200,1.03164556962
537879,537888,540869,9,2981,2,7200,1.0030191211
538000,538013,540983,13,2970,2,7200,1.00437710438
538076,538189,539836,113,1647,2,9000,1.0686095932
538108,538506,540119,398,1613,2,9000,1.24674519529
538190,538570,540183,380,1613,2,9000,1.23558586485
538410,543557,543721,5147,164,1,1800,32.3841463415
538414,538423,541295,9,2872,2,7200,1.00313370474
538454,538462,541601,8,3139,2,7200,1.00254858235
538507,538728,540326,221,1598,2,9000,1.13829787234
538527,538535,541422,8,2887,2,7200,1.0027710426
538569,538813,540435,244,1622,2,9000,1.15043156597
538572,538582,541558,10,2976,2,7200,1.00336021505
538724,539023,540631,299,1608,2,9000,1.18594527363
538817,539712,541317,895,1605,2,9000,1.55763239875
538829,538838,541731,9,2893,2,7200,1.00311095748
539005,539015,541956,10,2941,2,7200,1.00340020401
539020,539749,542734,729,2985,2,7200,1.24422110553
539479,543568,554101,4089,10533,1,42000,1.38820848761
539479,543562,554100,4083,10538,1,42000,1.38745492503
539712,539847,541447,135,1600,2,9000,1.084375
539753,540130,541728,377,1598,2,9000,1.23591989987
539846,540197,541767,351,1570,2,9000,1.22356687898
539849,539859,542954,10,3095,2,7200,1.00323101777
539940,539948,542693,8,2745,2,7200,1.0029143898
540132,540337,541975,205,1638,2,9000,1.12515262515
540172,542975,550289,2803,7314,1,7200,1.38323762647
540194,540448,542110,254,1662,2,9000,1.15282791817
540197,540205,543204,8,2999,2,7200,1.00266755585
540251,540260,543398,9,3138,2,7200,1.00286806883
540337,540643,542293,306,1650,2,9000,1.18545454545
540351,540360,543548,9,3188,2,7200,1.00282308657
540450,541328,542963,878,1635,2,9000,1.5370030581
540645,541458,543076,813,1618,2,9000,1.50247218789
540872,540881,543837,9,2956,2,7200,1.00304465494
540984,540994,543960,10,2966,2,7200,1.00337154417
541298,541307,544181,9,2874,2,7200,1.00313152401
541327,541739,543389,412,1650,2,9000,1.2496969697
541425,541433,544342,8,2909,2,7200,1.00275008594
541460,541781,543388,321,1607,2,9000,1.19975108899
541561,541569,544465,8,2896,2,7200,1.00276243094
541604,541613,544581,9,2968,2,7200,1.00303234501
541734,541746,544715,12,2969,2,7200,1.0040417649
541746,541987,543575,241,1588,2,9000,1.15176322418
541778,542122,543725,344,1603,2,9000,1.21459762944
541958,541967,545029,9,3062,2,7200,1.00293925539
541986,542305,543886,319,1581,2,9000,1.20177103099
542119,543088,544688,969,1600,2,9000,1.605625
542304,543400,545019,1096,1619,2,9000,1.67696108709
542696,542704,545614,8,2910,2,7200,1.00274914089
542736,542746,545845,10,3099,2,7200,1.00322684737
542957,542965,546122,8,3157,2,7200,1.00253405131
543091,543407,545077,316,1670,2,9000,1.18922155689
543205,543216,546375,11,3159,2,7200,1.00348211459
543398,543530,545181,132,1651,2,9000,1.07995154452
543402,543413,546395,11,2982,2,7200,1.00368879946
543409,543536,545223,127,1687,2,9000,1.07528156491
543532,543580,545257,48,1677,2,9000,1.02862254025
543533,543585,545285,52,1700,2,9000,1.03058823529
543550,543574,546642,24,3068,2,7200,1.00782268579
543584,543591,545301,7,1710,2,9000,1.00409356725
543585,543597,545268,12,1671,2,9000,1.00718132855
543608,543620,545282,12,1662,2,9000,1.00722021661
543608,543614,545299,6,1685,2,9000,1.00356083086
543619,543626,545274,7,1648,2,9000,1.00424757282
543620,543632,545287,12,1655,2,9000,1.00725075529
543630,543638,545291,8,1653,2,9000,1.00483968542
543631,543644,545306,13,1662,2,9000,1.00782190132
543642,543655,545250,13,1595,2,9000,1.00815047022
543642,543650,545331,8,1681,2,9000,1.00475907198
543653,543668,545269,15,1601,2,9000,1.00936914428
543653,543662,545270,9,1608,2,9000,1.00559701493
543664,543674,545300,10,1626,2,9000,1.0061500615
543665,543679,545312,14,1633,2,9000,1.0085731782
543675,543687,545313,12,1626,2,9000,1.0073800738
543676,543731,545359,55,1628,2,9000,1.03378378378
543687,543738,545376,51,1638,2,9000,1.03113553114
543725,543897,545516,172,1619,2,9000,1.10623841878
543735,544087,545682,352,1595,2,9000,1.22068965517
543762,544098,544184,336,86,1,3600,4.90697674419
543822,544103,544148,281,45,1,1800,7.24444444444
543838,543848,546901,10,3053,2,7200,1.00327546675
543900,544093,545681,193,1588,2,9000,1.12153652393
543944,544114,555393,170,11279,1,18000,1.01507225818
543962,543971,546815,9,2844,2,7200,1.00316455696
544072,544109,544208,37,99,1,1800,1.37373737374
544094,544194,545794,100,1600,2,9000,1.0625
544183,544200,547140,17,2940,2,7200,1.00578231293
544197,544699,546307,502,1608,2,9000,1.31218905473
544299,544307,544606,8,299,1,3600,1.02675585284
544343,544353,547360,10,3007,2,7200,1.00332557366
544375,544617,544763,242,146,1,1800,2.65753424658
544468,544476,547461,8,2985,2,7200,1.002680067
544583,544593,547352,10,2759,2,7200,1.00362450163
544701,544850,546445,149,1595,2,9000,1.0934169279
544716,544726,547711,10,2985,2,7200,1.00335008375
544754,544773,545230,19,457,1,1800,1.04157549234
544845,544857,546452,12,1595,2,9000,1.00752351097
544856,544863,546453,7,1590,2,9000,1.00440251572
544867,544873,546456,6,1583,2,9000,1.00379027164
544877,544883,546491,6,1608,2,9000,1.00373134328
544887,544893,544992,6,99,1,3600,1.06060606061
544888,544900,546540,12,1640,2,9000,1.00731707317
544899,544907,546503,8,1596,2,9000,1.00501253133
544911,544917,546476,6,1559,2,9000,1.00384862091
544922,544929,546623,7,1694,2,9000,1.0041322314
544933,545002,546653,69,1651,2,9000,1.04179285282
544962,545242,545835,280,593,1,3600,1.47217537943
544995,545032,546609,37,1577,2,9000,1.02346227013
545031,545040,547863,9,2823,2,7200,1.00318809777
545037,545088,546699,51,1611,2,9000,1.03165735568
545088,545193,546720,105,1527,2,9000,1.06876227898
545148,545269,545622,121,353,1,3600,1.34277620397
545191,545234,546804,43,1570,2,9000,1.02738853503
545233,545263,546896,30,1633,2,9000,1.01837109614
545264,545281,546927,17,1646,2,9000,1.01032806804
545285,545291,546982,6,1691,2,9000,1.00354819633
545296,545302,546956,6,1654,2,9000,1.00362756953
545307,545313,546902,6,1589,2,9000,1.00377595972
545318,545323,546873,5,1550,2,9000,1.00322580645
545328,545334,546907,6,1573,2,9000,1.00381436745
545339,545345,546936,6,1591,2,9000,1.00377121307
545350,545356,546940,6,1584,2,9000,1.00378787879
545360,545367,547015,7,1648,2,9000,1.00424757282
545371,545377,547028,6,1651,2,9000,1.00363416111
545382,545388,547039,6,1651,2,9000,1.00363416111
545393,545399,547038,6,1639,2,9000,1.00366076876
545403,545411,547015,8,1604,2,9000,1.00498753117
545414,545420,546994,6,1574,2,9000,1.00381194409
545425,545431,546965,6,1534,2,9000,1.00391134289
545436,545443,546975,7,1532,2,9000,1.0045691906
545447,545453,547041,6,1588,2,9000,1.00377833753
545457,545527,547137,70,1610,2,9000,1.04347826087
545531,545692,547314,161,1622,2,9000,1.09926017263
545542,545548,545873,6,325,1,1800,1.01846153846
545614,545625,548942,11,3317,2,7200,1.00331624962
545695,545702,547345,7,1643,2,9000,1.00426049909
545706,545807,547434,101,1627,2,9000,1.06207744315
545809,545845,547411,36,1566,2,9000,1.02298850575
545840,546319,547820,479,1501,2,9000,1.31912058628
545847,545856,548787,9,2931,2,7200,1.00307062436
545934,545940,546478,6,538,1,3600,1.01115241636
546125,546134,549044,9,2910,2,7200,1.00309278351
546321,546457,548070,136,1613,2,9000,1.0843149411
546376,546386,549441,10,3055,2,7200,1.00327332242
546398,546406,549410,8,3004,2,7200,1.00266311585
546455,546464,548021,9,1557,2,9000,1.00578034682
546466,546472,548008,6,1536,2,9000,1.00390625
546476,546483,548086,7,1603,2,9000,1.00436681223
546487,546493,548088,6,1595,2,9000,1.00376175549
546498,546504,548085,6,1581,2,9000,1.00379506641
546509,546514,548107,5,1593,2,9000,1.00313873195
546519,546551,548164,32,1613,2,9000,1.01983880967
546551,546622,548197,71,1575,2,9000,1.04507936508
546623,546635,548185,12,1550,2,9000,1.00774193548
546631,546641,546707,10,66,1,1800,1.15151515152
546633,546664,548185,31,1521,2,9000,1.02038132807
546644,546653,549705,9,3052,2,7200,1.00294888598
546665,546711,548338,46,1627,2,9000,1.0282728949
546706,546732,548314,26,1582,2,9000,1.01643489254
546727,546815,548386,88,1571,2,9000,1.05601527689
546817,546826,549673,9,2847,2,7200,1.00316122234
546830,546885,548447,55,1562,2,9000,1.03521126761
546882,546908,548492,26,1584,2,9000,1.01641414141
546905,546914,549797,9,2883,2,7200,1.00312174818
546913,546922,548459,9,1537,2,9000,1.00585556278
546924,546930,548455,6,1525,2,9000,1.00393442623
546935,546941,548547,6,1606,2,9000,1.00373599004
546945,546951,548540,6,1589,2,9000,1.00377595972
546956,546962,548482,6,1520,2,9000,1.00394736842
546967,546973,548499,6,1526,2,9000,1.00393184797
546969,546980,547116,11,136,1,1800,1.08088235294
546978,546987,548509,9,1522,2,9000,1.00591327201
546988,546994,548504,6,1510,2,9000,1.00397350993
546999,547006,548628,7,1622,2,9000,1.00431565968
547010,547016,548645,6,1629,2,9000,1.00368324125
547021,547026,548615,5,1589,2,9000,1.0031466331
547031,547037,548561,6,1524,2,9000,1.00393700787
547042,547048,548525,6,1477,2,9000,1.00406228842
547053,547059,548622,6,1563,2,9000,1.00383877159
547064,547070,548629,6,1559,2,9000,1.00384862091
547074,547080,548642,6,1562,2,9000,1.00384122919
547085,547155,548697,70,1542,2,9000,1.04539559014
547141,547148,549999,7,2851,2,7200,1.00245527885
547157,547325,548801,168,1476,2,9000,1.11382113821
547324,547356,548902,32,1546,2,9000,1.02069857697
547355,547363,550319,8,2956,2,7200,1.00270635995
547356,547371,548901,15,1530,2,9000,1.00980392157
547370,547473,550361,103,2888,2,7200,1.03566481994
547464,547722,550755,258,3033,2,7200,1.08506429278
547710,547831,550706,121,2875,2,7200,1.04208695652
547781,547787,548087,6,300,1,1800,1.02
547827,547838,549477,11,1639,2,9000,1.0067114094
547838,547844,549472,6,1628,2,9000,1.00368550369
547850,548020,549595,170,1575,2,9000,1.10793650794
547865,547875,550877,10,3002,2,7200,1.00333111259
548023,548032,549614,9,1582,2,9000,1.00568900126
548034,548082,549787,48,1705,2,9000,1.02815249267
548085,548097,549676,12,1579,2,9000,1.00759974668
548096,548104,549657,8,1553,2,9000,1.00515132003
548106,548112,549649,6,1537,2,9000,1.00390370852
548117,548123,549823,6,1700,2,9000,1.00352941176
548128,548177,549737,49,1560,2,9000,1.03141025641
548179,548197,549789,18,1592,2,9000,1.01130653266
548200,548206,549749,6,1543,2,9000,1.00388852884
548210,548218,549768,8,1550,2,9000,1.00516129032
548221,548326,549933,105,1607,2,9000,1.06533914126
548324,548349,549957,25,1608,2,9000,1.01554726368
548355,548399,549930,44,1531,2,9000,1.02873938602
548396,548458,550066,62,1608,2,9000,1.03855721393
548455,548471,549218,16,747,3,18000,1.02141900937
548458,548477,550152,19,1675,2,9000,1.01134328358
548479,548495,550041,16,1546,2,9000,1.01034928849
548500,548506,550087,6,1581,2,9000,1.00379506641
548514,548520,550052,6,1532,2,9000,1.00391644909
548524,548531,550104,7,1573,2,9000,1.00445009536
548535,548541,550140,6,1599,2,9000,1.00375234522
548546,548552,550143,6,1591,2,9000,1.00377121307
548557,548563,550161,6,1598,2,9000,1.00375469337
548567,548573,550266,6,1693,2,9000,1.00354400473
548578,548585,550087,7,1502,2,9000,1.00466045273
548589,548627,550199,38,1572,2,9000,1.02417302799
548630,548637,550174,7,1537,2,9000,1.00455432661
548641,548647,550189,6,1542,2,9000,1.00389105058
548651,548657,550190,6,1533,2,9000,1.00391389432
548662,548669,550251,7,1582,2,9000,1.00442477876
548673,548679,550250,6,1571,2,9000,1.00381922342
548683,548709,550224,26,1515,2,9000,1.01716171617
548684,549484,549574,800,90,8,14400,9.88888888889
548704,548912,550429,208,1517,2,9000,1.13711272248
548791,548800,551773,9,2973,2,7200,1.00302724521
548909,549591,551281,682,1690,2,9000,1.40355029586
548945,548954,552014,9,3060,2,7200,1.00294117647
549038,549585,551304,547,1719,8,14400,1.31820826062
549048,549056,551959,8,2903,2,7200,1.00275576989
549290,549606,566431,316,16825,3,18000,1.01878157504
549411,549422,552520,11,3098,2,7200,1.00355067786
549445,549453,552309,8,2856,2,7200,1.00280112045
549595,549626,551222,31,1596,2,9000,1.0194235589
549627,549660,551227,33,1567,2,9000,1.02105934907
549658,549669,551281,11,1612,2,9000,1.00682382134
549669,549692,551269,23,1577,2,9000,1.01458465441
549675,549684,552802,9,3118,2,7200,1.00288646568
549690,549749,551303,59,1554,2,9000,1.03796653797
549709,549717,552949,8,3232,2,7200,1.00247524752
549751,549760,551315,9,1555,2,9000,1.00578778135
549762,549780,551372,18,1592,2,9000,1.01130653266
549783,549799,551350,16,1551,2,9000,1.01031592521
549800,549808,552714,8,2906,2,7200,1.00275292498
549804,549815,551429,11,1614,2,9000,1.00681536555
549815,549835,551454,20,1619,2,9000,1.01235330451
549836,549941,551546,105,1605,2,9000,1.06542056075
549939,549947,551551,8,1604,2,9000,1.00498753117
549949,549968,551492,19,1524,2,9000,1.0124671916
549970,550054,551493,84,1439,2,9000,1.05837387074
550000,550010,553010,10,3000,2,7200,1.00333333333
550053,550063,551504,10,1441,2,9000,1.00693962526
550063,550077,551668,14,1591,2,9000,1.00879949717
550074,550098,551694,24,1596,2,9000,1.01503759398
550095,550104,551670,9,1566,2,9000,1.00574712644
550106,550117,551644,11,1527,2,9000,1.00720366732
550117,550151,551619,34,1468,2,9000,1.02316076294
550148,550159,551683,11,1524,2,9000,1.00721784777
550157,550172,566534,15,16362,3,18000,1.00091675834
550159,550186,551642,27,1456,2,9000,1.01854395604
550190,550200,551640,10,1440,2,9000,1.00694444444
550201,550207,551599,6,1392,2,9000,1.00431034483
550212,550218,551753,6,1535,2,9000,1.00390879479
550222,550235,551650,13,1415,2,9000,1.00918727915
550233,550262,551618,29,1356,2,9000,1.02138643068
550264,550270,551845,6,1575,2,9000,1.00380952381
550275,550281,551798,6,1517,2,9000,1.00395517469
550286,550300,551715,14,1415,2,9000,1.00989399293
550297,550440,551799,143,1359,2,9000,1.10522442973
550321,550331,553354,10,3023,2,7200,1.00330797221
550363,550373,553321,10,2948,2,7200,1.00339213026
550440,551233,552676,793,1443,2,9000,1.54954954955
550459,551240,637691,781,86451,1,86400,1.00903401927
550460,551298,637714,838,86416,1,86400,1.00969727828
550460,551246,637688,786,86442,1,86400,1.00909280211
550709,550717,553726,8,3009,2,7200,1.00265869059
550757,550768,553862,11,3094,2,7200,1.00355526826
550880,550888,553986,8,3098,2,7200,1.00258231117
551237,551281,552705,44,1424,2,9000,1.0308988764
551278,551293,552658,15,1365,2,9000,1.01098901099
551289,551314,552799,25,1485,2,9000,1.01683501684
551320,551327,552761,7,1434,2,9000,1.00488145049
551331,551337,552700,6,1363,2,9000,1.00440205429
551341,551348,552627,7,1279,2,9000,1.0054730258
551352,551358,552885,6,1527,2,9000,1.00392927308
551363,551369,552853,6,1484,2,9000,1.00404312668
551374,551381,552667,7,1286,2,9000,1.00544323484
551384,551391,552900,7,1509,2,9000,1.00463883366
551395,551441,552980,46,1539,2,9000,1.02988953866
551446,551467,552922,21,1455,2,9000,1.01443298969
551467,551504,552795,37,1291,2,9000,1.02865995352
551513,551519,552825,6,1306,2,9000,1.0045941807
551524,551530,553001,6,1471,2,9000,1.00407885792
551534,551558,553022,24,1464,2,9000,1.01639344262
551555,551564,553043,9,1479,2,9000,1.0060851927
551566,551611,552963,45,1352,2,9000,1.03328402367
551607,551630,553058,23,1428,2,9000,1.01610644258
551628,551636,553211,8,1575,2,9000,1.00507936508
551639,551652,553178,13,1526,2,9000,1.00851900393
551650,551659,553059,9,1400,2,9000,1.00642857143
551660,551668,553136,8,1468,2,9000,1.00544959128
551671,551677,553327,6,1650,2,9000,1.00363636364
551682,551688,553312,6,1624,2,9000,1.00369458128
551693,551699,553325,6,1626,2,9000,1.0036900369
551703,551710,553222,7,1512,2,9000,1.00462962963
551714,551720,553355,6,1635,2,9000,1.00366972477
551725,551731,553311,6,1580,2,9000,1.00379746835
551736,551764,553356,28,1592,2,9000,1.0175879397
551767,551809,553430,42,1621,2,9000,1.02590993214
551774,551785,554716,11,2931,2,7200,1.00375298533
551808,551817,553529,9,1712,2,9000,1.00525700935
551819,551857,553510,38,1653,2,9000,1.02298850575
551861,552727,554522,866,1795,2,9000,1.48245125348
551900,552670,561920,770,9250,4,10800,1.08324324324
551962,551970,555030,8,3060,2,7200,1.00261437908
552016,552025,555154,9,3129,2,7200,1.00287631831
552176,552687,552745,511,58,4,108000,9.81034482759
552310,552320,555479,10,3159,2,7200,1.00316555872
552421,552427,556079,6,3652,1,3600,1.00164293538
552522,552531,555456,9,2925,2,7200,1.00307692308
552662,552716,635982,54,83266,4,108000,1.00064852401
552723,552806,555785,83,2979,2,7200,1.02786169856
552806,552819,555705,13,2886,2,7200,1.0045045045
552807,552813,554382,6,1569,2,9000,1.00382409178
552822,552828,554299,6,1471,2,9000,1.00407885792
552832,552839,554234,7,1395,2,9000,1.00501792115
552843,552849,554047,6,1198,2,9000,1.00500834725
552854,552860,554072,6,1212,2,9000,1.00495049505
552865,552871,554113,6,1242,2,9000,1.00483091787
552876,552897,554146,21,1249,2,9000,1.01681345076
552897,552912,554154,15,1242,2,9000,1.01207729469
552918,552934,554143,16,1209,2,9000,1.01323407775
552939,552975,554604,36,1629,2,9000,1.02209944751
552951,552961,555961,10,3000,2,7200,1.00333333333
552980,552992,554618,12,1626,2,9000,1.0073800738
552991,553013,554637,22,1624,2,9000,1.01354679803
553012,553027,556114,15,3087,2,7200,1.00485908649
553012,553021,554661,9,1640,2,9000,1.00548780488
553023,553035,554671,12,1636,2,9000,1.00733496333
553034,553054,554695,20,1641,2,9000,1.01218769043
553055,553069,554714,14,1645,2,9000,1.0085106383
553065,553077,554733,12,1656,2,9000,1.00724637681
553076,553148,554785,72,1637,2,9000,1.04398289554
553148,553189,554827,41,1638,2,9000,1.02503052503
553190,553222,554845,32,1623,2,9000,1.01971657425
553221,553234,554877,13,1643,2,9000,1.00791235545
553232,553323,554984,91,1661,2,9000,1.05478627333
553324,553332,556337,8,3005,2,7200,1.00266222962
553335,553341,554872,6,1531,2,9000,1.00391900718
553345,553352,554983,7,1631,2,9000,1.00429184549
553356,553362,554995,6,1633,2,9000,1.00367421923
553357,553369,556387,12,3018,2,7200,1.00397614314
553367,553375,554844,8,1469,2,9000,1.00544588155
553378,553384,555007,6,1623,2,9000,1.00369685767
553388,553442,555066,54,1624,2,9000,1.03325123153
553422,553762,636974,340,83212,4,108000,1.00408594914
553440,553541,555153,101,1612,2,9000,1.06265508685
553543,554112,555721,569,1609,2,9000,1.35363579863
553726,553737,556541,11,2804,2,7200,1.00392296719
553761,554083,589855,322,35772,4,108000,1.00900145365
553866,553874,556768,8,2894,2,7200,1.00276434001
553990,553998,556964,8,2966,2,7200,1.00269723533
554117,554124,555755,7,1631,2,9000,1.00429184549
554127,554154,555755,27,1601,2,9000,1.01686445971
554159,554165,555772,6,1607,2,9000,1.00373366521
554169,554177,555783,8,1606,2,9000,1.00498132005
554180,554534,556163,354,1629,2,9000,1.21731123389
554194,554310,589836,116,35526,4,108000,1.00326521421
554194,554688,594730,494,40042,1,40000,1.0123370461
554195,556529,596577,2334,40048,1,40000,1.05828006392
554282,554631,587718,349,33087,4,108000,1.01054794935
554532,554615,556263,83,1648,2,9000,1.05036407767
554614,554648,556305,34,1657,2,9000,1.02051901026
554625,554673,556320,48,1647,2,9000,1.029143898
554646,554682,556350,36,1668,2,9000,1.02158273381
554677,554706,556368,29,1662,2,9000,1.0174488568
554678,554727,556380,49,1653,2,9000,1.0296430732
554709,554744,556399,35,1655,2,9000,1.02114803625
554719,554733,557851,14,3118,2,7200,1.00449005773
554730,554797,556444,67,1647,2,9000,1.04068002429
554741,554838,556484,97,1646,2,9000,1.05893074119
554803,554855,556507,52,1652,2,9000,1.03147699758
554835,554862,556505,27,1643,2,9000,1.01643335362
554856,554884,556537,28,1653,2,9000,1.01693889897
554866,554891,556550,25,1659,2,9000,1.01506931887
554887,554995,556638,108,1643,2,9000,1.06573341449
554888,555000,556652,112,1652,2,9000,1.06779661017
554991,555006,556640,15,1634,2,9000,1.00917992656
555002,555018,556669,16,1651,2,9000,1.00969109631
555002,555077,556727,75,1650,2,9000,1.04545454545
555023,555171,556810,148,1639,2,9000,1.09029896278
555031,555041,557896,10,2855,2,7200,1.00350262697
555075,555766,557405,691,1639,2,9000,1.42159853569
555076,558010,568838,2934,10828,1,18000,1.27096416697
555120,555733,566611,613,10878,3,18000,1.05635227064
555155,555164,558188,9,3024,2,7200,1.00297619048
555170,555771,557414,601,1643,2,9000,1.36579427876
555458,555467,558498,9,3031,2,7200,1.00296931706
555482,555491,558526,9,3035,2,7200,1.00296540362
555706,555716,558595,10,2879,2,7200,1.00347342827
555764,555783,557419,19,1636,2,9000,1.01161369193
555775,555794,557430,19,1636,2,9000,1.01161369193
555786,556175,557802,389,1627,2,9000,1.23909035034
555788,555800,558773,12,2973,2,7200,1.00403632694
555796,556276,557907,480,1631,2,9000,1.2942979767
555963,555972,559002,9,3030,2,7200,1.00297029703
556118,556126,559002,8,2876,2,7200,1.00278164117
556175,556317,557952,142,1635,2,9000,1.08685015291
556280,556331,557986,51,1655,2,9000,1.03081570997
556321,556362,558006,41,1644,2,9000,1.02493917275
556332,556379,557993,47,1614,2,9000,1.02912019827
556339,556348,559388,9,3040,2,7200,1.00296052632
556363,556391,558025,28,1634,2,9000,1.01713586291
556384,556410,558035,26,1625,2,9000,1.016
556391,556398,559386,7,2988,2,7200,1.00234270415
556395,556455,558076,60,1621,2,9000,1.03701418877
556416,556496,558139,80,1643,2,9000,1.04869141814
556457,556516,558133,59,1617,2,9000,1.0364873222
556499,556523,558138,24,1615,2,9000,1.01486068111
556520,556549,558166,29,1617,2,9000,1.01793444651
556520,556563,558183,43,1620,2,9000,1.02654320988
556542,556555,559451,13,2896,2,7200,1.00448895028
556551,556650,558282,99,1632,2,9000,1.06066176471
556562,556656,558280,94,1624,2,9000,1.0578817734
556655,556664,558286,9,1622,2,9000,1.0055487053
556655,556681,558311,26,1630,2,9000,1.01595092025
556666,556739,558361,73,1622,2,9000,1.04500616523
556677,556821,558432,144,1611,2,9000,1.08938547486
556739,557417,559051,678,1634,2,9000,1.41493268054
556769,556779,559602,10,2823,2,7200,1.00354233085
556821,557426,559040,605,1614,2,9000,1.37484510533
556966,556975,559970,9,2995,2,7200,1.00300500835
557415,557432,559060,17,1628,2,9000,1.01044226044
557425,557442,559040,17,1598,2,9000,1.01063829787
557436,557813,559429,377,1616,2,9000,1.23329207921
557447,557920,559524,473,1604,2,9000,1.29488778055
557815,557963,559575,148,1612,2,9000,1.09181141439
557852,557862,560712,10,2850,2,7200,1.00350877193
557897,557907,560715,10,2808,2,7200,1.00356125356
557918,557997,559599,79,1602,2,9000,1.0493133583
557960,558004,559620,44,1616,2,9000,1.02722772277
558001,558017,559603,16,1586,2,9000,1.01008827238
558002,558036,559622,34,1586,2,9000,1.02143757881
558024,558047,559656,23,1609,2,9000,1.01429459291
558035,558087,559692,52,1605,2,9000,1.03239875389
558045,558145,559784,100,1639,2,9000,1.06101281269
558087,558153,559764,66,1611,2,9000,1.04096834264
558149,558177,559767,28,1590,2,9000,1.01761006289
558149,558194,559793,45,1599,2,9000,1.02814258912
558180,558292,559867,112,1575,2,9000,1.07111111111
558191,558201,561159,10,2958,2,7200,1.00338066261
558201,558298,559799,97,1501,2,9000,1.06462358428
558294,558305,559964,11,1659,2,9000,1.0066305003
558295,558322,559996,27,1674,2,9000,1.01612903226
558305,558372,560039,67,1667,2,9000,1.04019196161
558326,558443,560092,117,1649,2,9000,1.07095209218
558368,559051,560708,683,1657,2,9000,1.4121907061
558440,559056,560715,616,1659,2,9000,1.37130801688
558499,558510,561485,11,2975,2,7200,1.00369747899
558530,558537,561765,7,3228,2,7200,1.0021685254
558596,558606,561711,10,3105,2,7200,1.00322061192
558775,558784,561688,9,2904,2,7200,1.00309917355
559005,559013,562054,8,3041,2,7200,1.00263071358
559007,559018,562014,11,2996,2,7200,1.00367156208
559054,559062,560659,8,1597,2,9000,1.00500939261
559055,559072,560667,17,1595,2,9000,1.01065830721
559065,559404,561041,339,1637,2,9000,1.20708613317
559076,559535,561162,459,1627,2,9000,1.28211432084
559388,559397,562332,9,2935,2,7200,1.00306643952
559403,559440,562506,37,3066,2,7200,1.01206784083
559445,559587,561124,142,1537,2,9000,1.09238776838
559451,559462,562319,11,2857,2,7200,1.00385019251
559538,559610,561235,72,1625,2,9000,1.04430769231
559589,559623,561189,34,1566,2,9000,1.02171136654
559603,559617,562347,14,2730,2,7200,1.00512820513
559621,559632,561235,11,1603,2,9000,1.0068621335
559621,559638,561252,17,1614,2,9000,1.01053283767
559632,559668,561274,36,1606,2,9000,1.02241594022
559643,559703,561314,60,1611,2,9000,1.03724394786
559674,559776,561385,102,1609,2,9000,1.06339341206
559705,559783,561334,78,1551,2,9000,1.0502901354
559777,559795,561385,18,1590,2,9000,1.01132075472
559788,559805,561333,17,1528,2,9000,1.01112565445
559799,559812,561309,13,1497,2,9000,1.00868403474
559810,559878,561370,68,1492,2,9000,1.04557640751
559810,559977,561422,167,1445,2,9000,1.11557093426
559882,560007,561546,125,1539,2,9000,1.08122157245
559972,559983,562925,11,2942,2,7200,1.00373895309
559985,560050,561492,65,1442,2,9000,1.04507628294
560006,560103,561517,97,1414,2,9000,1.06859971711
560048,560481,561910,433,1429,2,9000,1.30300909727
560099,560670,561987,571,1317,2,9000,1.43356112377
560480,560678,562211,198,1533,2,9000,1.12915851272
560675,560719,562201,44,1482,2,9000,1.02968960864
560675,560731,562407,56,1676,2,9000,1.03341288783
560713,560726,563809,13,3083,2,7200,1.00421667207
560727,561052,562499,325,1447,2,9000,1.22460262612
560728,561136,562564,408,1428,2,9000,1.28571428571
560729,560738,563773,9,3035,2,7200,1.00296540362
561055,561177,562623,122,1446,2,9000,1.08437067773
561138,561200,562901,62,1701,2,9000,1.03644914756
561161,561170,563980,9,2810,2,7200,1.00320284698
561179,561246,562902,67,1656,2,9000,1.0404589372
561200,561252,563000,52,1748,2,9000,1.02974828375
561242,561263,562923,21,1660,2,9000,1.01265060241
561252,561285,562861,33,1576,2,9000,1.02093908629
561263,561320,562874,57,1554,2,9000,1.03667953668
561284,561327,562984,43,1657,2,9000,1.02595051298
561326,561344,562920,18,1576,2,9000,1.0114213198
561326,561350,562940,24,1590,2,9000,1.01509433962
561347,561396,563111,49,1715,2,9000,1.02857142857
561347,561381,562923,34,1542,2,9000,1.02204928664
561379,561401,563078,22,1677,2,9000,1.01311866428
561400,561433,563085,33,1652,2,9000,1.01997578692
561400,561503,563066,103,1563,2,9000,1.06589891235
561431,561528,563127,97,1599,2,9000,1.06066291432
561487,561497,564645,10,3148,2,7200,1.00317662008
561503,562512,564160,1009,1648,2,9000,1.61225728155
561524,562635,564267,1111,1632,2,9000,1.68075980392
561531,562832,586886,1301,24054,16,324000,1.0540866384
561690,561699,564726,9,3027,2,7200,1.00297324083
561712,561722,564746,10,3024,2,7200,1.00330687831
561766,561776,564832,10,3056,2,7200,1.00327225131
561793,561800,562081,7,281,1,3540,1.02491103203
561896,561904,563592,8,1688,1,3540,1.00473933649
561920,562885,589810,965,26925,4,36000,1.03584029712
561928,561935,562135,7,200,1,3540,1.035
561947,561954,562203,7,249,1,3540,1.0281124498
562017,562026,564876,9,2850,2,7200,1.00315789474
562057,562066,564868,9,2802,2,7200,1.00321199143
562121,562129,563802,8,1673,1,3540,1.00478182905
562146,562153,562416,7,263,1,3540,1.02661596958
562177,562183,562375,6,192,1,3540,1.03125
562189,562913,580963,724,18050,4,18000,1.04011080332
562195,562205,562498,10,293,1,3540,1.03412969283
562214,562220,562660,6,440,1,3540,1.01363636364
562233,562240,562731,7,491,1,3540,1.01425661914
562261,562268,562699,7,431,1,3540,1.0162412993
562280,562286,562770,6,484,1,3540,1.01239669421
562319,562325,562635,6,310,1,3540,1.01935483871
562320,562332,565120,12,2788,2,7200,1.00430416069
562336,562344,565469,8,3125,2,7200,1.00256
562351,562358,565245,7,2887,2,7200,1.00242466228
562352,562940,589115,588,26175,4,72000,1.02246418338
562382,562388,562558,6,170,1,3540,1.03529411765
562424,566448,566586,4024,138,1,3540,30.1594202899
562443,566598,566700,4155,102,1,3540,41.7352941176
562507,562946,564364,439,1418,2,9000,1.3095909732
562508,562518,565409,10,2891,2,7200,1.00345901072
562631,562953,564552,322,1599,2,9000,1.20137585991
562927,562934,566096,7,3162,2,7200,1.00221378874
562944,562997,564450,53,1453,2,9000,1.03647625602
562954,563011,564620,57,1609,2,9000,1.03542573027
562996,563077,564474,81,1397,2,9000,1.05798138869
563017,563089,564681,72,1592,2,9000,1.04522613065
563078,563096,564685,18,1589,2,9000,1.01132787917
563089,563122,564757,33,1635,2,9000,1.02018348624
563100,563139,564788,39,1649,2,9000,1.02365069739
563121,563814,565477,693,1663,2,9000,1.41671677691
563141,564171,565827,1030,1656,2,9000,1.62198067633
563774,563784,566774,10,2990,2,7200,1.00334448161
563810,563820,566622,10,2802,2,7200,1.00356887937
563816,564283,565900,467,1617,2,9000,1.28880643166
563983,563991,566996,8,3005,2,7200,1.00266222962
564176,564375,565980,199,1605,2,9000,1.12398753894
564279,564461,566073,182,1612,2,9000,1.11290322581
564371,564486,566075,115,1589,2,9000,1.07237256136
564464,564563,566236,99,1673,2,9000,1.05917513449
564485,564631,566220,146,1589,2,9000,1.0918816866
564567,564692,566320,125,1628,2,9000,1.07678132678
564629,564699,566311,70,1612,2,9000,1.04342431762
564648,564657,567687,9,3030,2,7200,1.00297029703
564690,564769,566385,79,1616,2,9000,1.04888613861
564701,564799,566459,98,1660,2,9000,1.05903614458
564727,564737,567583,10,2846,2,7200,1.00351370344
564748,564757,567655,9,2898,2,7200,1.00310559006
564773,564888,566540,115,1652,2,9000,1.0696125908
564805,565914,567569,1109,1655,2,9000,1.67009063444
564833,564843,567655,10,2812,2,7200,1.00355618777
564869,564881,567795,12,2914,2,7200,1.00411805079
564885,565131,567993,246,2862,2,7200,1.08595387841
564972,566084,782096,1112,216012,4,216000,1.00514786216
565112,566247,569840,1135,3593,4,108000,1.31589201225
565121,565480,568512,359,3032,2,7200,1.11840369393
565248,565256,568184,8,2928,2,7200,1.00273224044
565296,566396,684211,1100,117815,4,288000,1.0093366719
565411,565420,568271,9,2851,2,7200,1.00315678709
565472,565839,569045,367,3206,2,7200,1.11447286338
565844,565992,567444,148,1452,2,9000,1.10192837466
565918,566091,567370,173,1279,2,9000,1.13526192338
565990,566331,567895,341,1564,2,9000,1.21803069054
566093,566442,567795,349,1353,2,9000,1.25794530673
566099,566107,569285,8,3178,2,7200,1.00251730648
566328,566470,567862,142,1392,2,9000,1.10201149425
566441,566553,567965,112,1412,2,9000,1.07932011331
566472,567381,568784,909,1403,2,9000,1.64789736279
566517,566546,574506,29,7960,3,72000,1.00364321608
566554,567455,568889,901,1434,2,9000,1.62831241283
566594,566622,569128,28,2506,3,72000,1.01117318436
566625,566633,569523,8,2890,2,7200,1.00276816609
566777,566785,569707,8,2922,2,7200,1.00273785079
566997,567007,569780,10,2773,2,7200,1.00360620267
567382,567580,568864,198,1284,2,9000,1.15420560748
567454,567812,569206,358,1394,2,9000,1.25681492109
567577,567873,569164,296,1291,2,9000,1.2292796282
567584,567594,570571,10,2977,2,7200,1.00335908633
567657,567666,570514,9,2848,2,7200,1.00316011236
567659,567672,570405,13,2733,2,7200,1.00475667764
567689,567699,570592,10,2893,2,7200,1.00345661943
567787,567793,575004,6,7211,1,7200,1.00083206213
567798,567806,570777,8,2971,2,7200,1.00269269606
567813,567906,569191,93,1285,2,9000,1.07237354086
567851,568849,570665,998,1816,1,7200,1.54955947137
567875,567976,569352,101,1376,2,9000,1.07340116279
567906,568795,570008,889,1213,2,9000,1.7328936521
567978,568878,570144,900,1266,2,9000,1.71090047393
567995,568004,571116,9,3112,2,7200,1.00289203085
568186,568195,571293,9,3098,2,7200,1.00290510006
568274,568282,571228,8,2946,2,7200,1.0027155465
568513,568523,571217,10,2694,2,7200,1.00371195249
568796,568900,570355,104,1455,2,9000,1.07147766323
568879,569140,570612,261,1472,2,9000,1.17730978261
568900,569175,570551,275,1376,2,9000,1.19985465116
569046,569056,571911,10,2855,2,7200,1.00350262697
569145,569207,570474,62,1267,2,9000,1.04893449092
569176,569218,570570,42,1352,2,9000,1.03106508876
569207,569363,570683,156,1320,2,9000,1.11818181818
569218,569851,571206,633,1355,2,9000,1.46715867159
569288,569296,572364,8,3068,2,7200,1.00260756193
569362,569857,571251,495,1394,2,9000,1.35509325681
569527,569535,572671,8,3136,2,7200,1.00255102041
569709,569718,572610,9,2892,2,7200,1.0031120332
569782,569791,572972,9,3181,2,7200,1.00282929896
569853,570155,571569,302,1414,2,9000,1.21357850071
569853,570019,571485,166,1466,2,9000,1.11323328786
570017,570366,571739,349,1373,2,9000,1.25418790969
570154,570485,571816,331,1331,2,9000,1.2486851991
570369,570562,571891,193,1329,2,9000,1.14522197141
570405,570416,573427,11,3011,2,7200,1.00365327134
570482,570581,571971,99,1390,2,9000,1.07122302158
570514,570525,573606,11,3081,2,7200,1.00357026939
570564,570623,572058,59,1435,2,9000,1.04111498258
570575,570588,573723,13,3135,2,7200,1.00414673046
570585,570682,572147,97,1465,2,9000,1.0662116041
570593,570603,573513,10,2910,2,7200,1.00343642612
570627,570694,572185,67,1491,2,9000,1.04493628437
570678,571217,572604,539,1387,2,9000,1.38860850757
570699,571239,572644,540,1405,2,9000,1.38434163701
570781,570789,574002,8,3213,2,7200,1.00248988484
571117,571127,574171,10,3044,2,7200,1.00328515112
571220,571229,574196,9,2967,2,7200,1.00303336704
571231,571262,572655,31,1393,2,9000,1.02225412778
571235,571304,574266,69,2962,2,7200,1.0232950709
571263,571581,572983,318,1402,2,9000,1.22681883024
571296,571496,574354,200,2858,2,7200,1.0699790063
571498,571750,573042,252,1292,2,9000,1.19504643963
571580,571827,573320,247,1493,2,9000,1.165438714
571746,571902,573448,156,1546,2,9000,1.10090556274
571828,571982,573376,154,1394,2,9000,1.11047345768
571900,572069,573455,169,1386,2,9000,1.12193362193
571913,571923,574878,10,2955,2,7200,1.00338409475
571982,572158,573506,176,1348,2,9000,1.13056379822
572065,572196,573516,131,1320,2,9000,1.09924242424
572157,572615,573898,458,1283,2,9000,1.35697583788
572199,572655,574021,456,1366,2,9000,1.33382137628
572271,575016,575160,2745,144,1,18000,20.0625
572366,572375,575390,9,3015,2,7200,1.00298507463
572611,572622,575683,11,3061,2,7200,1.00359359686
572620,572667,574087,47,1420,2,9000,1.03309859155
572651,572995,574445,344,1450,2,9000,1.23724137931
572672,572682,575664,10,2982,2,7200,1.00335345406
572672,573053,574543,381,1490,2,9000,1.25570469799
572975,572984,575686,9,2702,2,7200,1.00333086603
573000,573331,574745,331,1414,2,9000,1.23408769448
573051,573387,574639,336,1252,2,9000,1.26837060703
573328,573459,574742,131,1283,2,9000,1.10210444271
573389,573467,574732,78,1265,2,9000,1.06166007905
573429,573438,576404,9,2966,2,7200,1.00303438975
573462,573531,574955,69,1424,2,9000,1.04845505618
573462,573518,574924,56,1406,2,9000,1.03982930299
573513,573524,576633,11,3109,2,7200,1.00353811515
573524,573909,575267,385,1358,2,9000,1.28350515464
573535,574032,575418,497,1386,2,9000,1.35858585859
573607,573618,576638,11,3020,2,7200,1.00364238411
573725,573734,576571,9,2837,2,7200,1.00317236517
573914,574098,575420,184,1322,2,9000,1.13918305598
574004,574014,576947,10,2933,2,7200,1.00340947835
574037,574460,575767,423,1307,2,9000,1.32364192808
574099,574517,575878,418,1361,2,9000,1.30712711242
574173,574182,577194,9,3012,2,7200,1.00298804781
574198,574207,576906,9,2699,2,7200,1.00333456836
574268,574278,577218,10,2940,2,7200,1.00340136054
574356,574365,577582,9,3217,2,7200,1.00279763755
574457,574523,575984,66,1461,2,9000,1.04517453799
574519,574555,575932,36,1377,2,9000,1.02614379085
574520,574651,576055,131,1404,2,9000,1.0933048433
574551,574743,576175,192,1432,2,9000,1.13407821229
574654,574754,576156,100,1402,2,9000,1.07132667618
574654,575725,576071,1071,346,3,72000,4.09537572254
574753,574761,576094,8,1333,2,9000,1.00600150038
574754,574937,576290,183,1353,2,9000,1.13525498891
574764,574966,576276,202,1310,2,9000,1.15419847328
574880,574889,577684,9,2795,2,7200,1.00322003578
574939,575278,576602,339,1324,2,9000,1.25604229607
574970,575430,576705,460,1275,2,9000,1.36078431373
575277,575436,576813,159,1377,2,9000,1.11546840959
575391,575401,578356,10,2955,2,7200,1.00338409475
575431,575702,577027,271,1325,2,9000,1.20452830189
575442,575731,577158,289,1427,2,9000,1.20252277505
575502,575741,575961,239,220,1,3540,2.08636363636
575669,575675,578742,6,3067,2,7200,1.0019563091
575684,575694,578763,10,3069,2,7200,1.00325839036
575698,575736,577062,38,1326,2,9000,1.02865761689
575699,575783,578849,84,3066,2,7200,1.02739726027
575739,575747,577045,8,1298,2,9000,1.0061633282
575750,575756,577073,6,1317,2,9000,1.00455580866
575760,575766,577040,6,1274,2,9000,1.00470957614
575771,575777,577133,6,1356,2,9000,1.00442477876
575782,575790,577170,8,1380,2,9000,1.00579710145
575782,575795,577189,13,1394,2,9000,1.00932568149
575793,575807,577133,14,1326,2,9000,1.01055806938
575793,575802,577226,9,1424,2,9000,1.00632022472
575804,575814,577242,10,1428,2,9000,1.00700280112
575805,575819,577147,14,1328,2,9000,1.01054216867
575815,575826,577169,11,1343,2,9000,1.00819061802
575816,575832,577191,16,1359,2,9000,1.01177336277
575837,576088,577275,251,1187,1,3540,1.21145745577
575837,575891,577185,54,1294,2,9000,1.04173106646
575906,576830,576986,924,156,1,3540,6.92307692308
575923,575972,579516,49,3544,1,3600,1.0138261851
575943,576998,577187,1055,189,1,3540,6.58201058201
575947,575953,577609,6,1656,2,9000,1.00362318841
575958,575995,577620,37,1625,2,9000,1.02276923077
575999,576066,577718,67,1652,2,9000,1.04055690073
576071,576082,577743,11,1661,2,9000,1.00662251656
576082,576105,577751,23,1646,2,9000,1.01397326853
576103,576167,577811,64,1644,2,9000,1.03892944039
576165,576186,577826,21,1640,2,9000,1.01280487805
576186,576288,577926,102,1638,2,9000,1.06227106227
576216,577193,580768,977,3575,1,3540,1.27328671329
576261,577217,577664,956,447,1,3540,3.13870246085
576289,576301,577953,12,1652,2,9000,1.00726392252
576300,576614,578239,314,1625,2,9000,1.19323076923
576332,577223,577589,891,366,1,3540,3.43442622951
576369,577228,577689,859,461,1,3540,2.86334056399
576405,578320,578714,1915,394,1,3540,5.86040609137
576408,576415,579451,7,3036,2,7200,1.00230566535
576440,578325,578726,1885,401,1,3540,5.70074812968
576476,578356,578740,1880,384,1,3540,5.89583333333
576513,578361,578754,1848,393,1,3540,5.70229007634
576571,576582,579624,11,3042,2,7200,1.00361604208
576615,578873,579178,2258,305,1,3540,8.40327868852
576618,576652,578257,34,1605,2,9000,1.02118380062
576637,576645,579836,8,3191,2,7200,1.00250705108
576649,576824,578408,175,1584,2,9000,1.11047979798
576652,576917,579870,265,2953,2,7200,1.08973924822
576728,578879,579165,2151,286,1,3540,8.52097902098
576799,579527,579627,2728,100,1,3540,28.28
576836,579626,579695,2790,69,1,3540,41.4347826087
576908,576959,579951,51,2992,2,7200,1.01704545455
576951,577039,580092,88,3053,2,7200,1.02882410744
577043,577052,578606,9,1554,2,9000,1.00579150579
577054,577059,578692,5,1633,2,9000,1.00306184936
577065,577075,578601,10,1526,2,9000,1.00655307995
577075,577084,578303,9,1219,2,9000,1.0073831009
577086,577144,578303,58,1159,2,9000,1.05004314064
577138,577149,578262,11,1113,2,9000,1.00988319856
577149,577159,578427,10,1268,2,9000,1.00788643533
577159,577169,578364,10,1195,2,9000,1.00836820084
577170,577181,578339,11,1158,2,9000,1.00949913644
577171,577187,578397,16,1210,2,9000,1.0132231405
577192,577212,578339,20,1127,2,9000,1.01774622893
577192,577200,578360,8,1160,2,9000,1.00689655172
577196,577206,580257,10,3051,2,7200,1.0032776139
577203,577241,578324,38,1083,2,9000,1.0350877193
577221,577234,580164,13,2930,2,7200,1.00443686007
577234,577253,578520,19,1267,2,9000,1.01499605367
577245,577600,578749,355,1149,2,9000,1.3089643168
577583,577621,578809,38,1188,2,9000,1.03198653199
577584,577593,580645,9,3052,2,7200,1.00294888598
577625,577631,578842,6,1211,2,9000,1.00495458299
577635,577702,578862,67,1160,2,9000,1.05775862069
577687,577695,580517,8,2822,2,7200,1.00283486889
577707,577729,578872,22,1143,2,9000,1.01924759405
577728,577755,578869,27,1114,2,9000,1.02423698384
577760,577766,579237,6,1471,2,9000,1.00407885792
577770,577822,579198,52,1376,2,9000,1.03779069767
577822,577837,579151,15,1314,2,9000,1.01141552511
577833,577937,579182,104,1245,2,9000,1.08353413655
577936,577965,579111,29,1146,2,9000,1.02530541012
577967,578250,579355,283,1105,2,9000,1.25610859729
578254,578268,579623,14,1355,2,9000,1.01033210332
578265,578275,579479,10,1204,2,9000,1.00830564784
578276,578314,579487,38,1173,2,9000,1.03239556692
578317,578336,579527,19,1191,2,9000,1.01595298069
578338,578350,579518,12,1168,2,9000,1.0102739726
578349,578375,579642,26,1267,2,9000,1.02052091555
578358,578367,581436,9,3069,2,7200,1.00293255132
578370,578381,579578,11,1197,2,9000,1.00918964077
578371,578408,579608,37,1200,2,9000,1.03083333333
578402,578419,579615,17,1196,2,9000,1.01421404682
578413,578438,579624,25,1186,2,9000,1.02107925801
578434,578612,579748,178,1136,2,9000,1.15669014085
578443,578532,650565,89,72033,1,86400,1.00123554482
578526,578620,579720,94,1100,2,9000,1.08545454545
578573,578579,650629,6,72050,1,86400,1.0000832755
578609,578704,580073,95,1369,2,9000,1.06939371804
578619,578737,579964,118,1227,2,9000,1.09616951915
578702,578762,579960,60,1198,2,9000,1.05008347245
578744,578768,579976,24,1208,2,9000,1.01986754967
578746,578754,581719,8,2965,2,7200,1.00269814503
578765,578821,579962,56,1141,2,9000,1.0490797546
578767,578775,581983,8,3208,2,7200,1.00249376559
578817,578853,580237,36,1384,2,9000,1.02601156069
578852,578863,581999,11,3136,2,7200,1.00350765306
578868,578885,580187,17,1302,2,9000,1.01305683564
578879,578890,580250,11,1360,2,9000,1.00808823529
578890,579122,580319,232,1197,2,9000,1.19381787803
579116,579162,580531,46,1369,2,9000,1.03360116874
579157,579189,580530,32,1341,2,9000,1.02386278896
579188,579197,580468,9,1271,2,9000,1.00708103855
579199,579210,580425,11,1215,2,9000,1.00905349794
579210,579248,580440,38,1192,2,9000,1.03187919463
579251,579366,580601,115,1235,2,9000,1.09311740891
579364,579491,580643,127,1152,2,9000,1.11024305556
579451,579462,582510,11,3048,2,7200,1.00360892388
579488,579499,580844,11,1345,2,9000,1.00817843866
579498,579533,580728,35,1195,2,9000,1.02928870293
579529,579539,580773,10,1234,2,9000,1.00810372771
579540,579590,580822,50,1232,2,9000,1.04058441558
579592,579620,580867,28,1247,2,9000,1.02245388933
579623,579640,580867,17,1227,2,9000,1.01385493073
579626,579635,582531,9,2896,2,7200,1.00310773481
579634,579647,580883,13,1236,2,9000,1.01051779935
579645,579653,580834,8,1181,2,9000,1.00677392041
579645,579659,581027,14,1368,2,9000,1.01023391813
579656,579732,581072,76,1340,2,9000,1.05671641791
579728,579760,580965,32,1205,2,9000,1.0265560166
579759,579971,581259,212,1288,2,9000,1.16459627329
579838,579847,582756,9,2909,2,7200,1.00309384668
579871,579881,582868,10,2987,2,7200,1.00334784064
579953,579963,582577,10,2614,2,7200,1.00382555471
579964,579977,581186,13,1209,2,9000,1.01075268817
579975,579983,581272,8,1289,2,9000,1.00620636152
579986,579992,581231,6,1239,2,9000,1.00484261501
579997,580085,581341,88,1256,2,9000,1.07006369427
580089,580198,581550,109,1352,2,9000,1.08062130178
580095,580103,582881,8,2778,2,7200,1.00287976962
580168,580176,583116,8,2940,2,7200,1.00272108844
580199,580331,582691,132,2360,4,108000,1.05593220339
580202,580249,581458,47,1209,2,9000,1.03887510339
580254,580436,581895,182,1459,2,9000,1.12474297464
580259,580268,583214,9,2946,2,7200,1.00305498982
580326,580451,581841,125,1390,2,9000,1.08992805755
580439,580460,581737,21,1277,2,9000,1.01644479248
580450,580466,581834,16,1368,2,9000,1.01169590643
580470,580477,581780,7,1303,2,9000,1.00537221796
580481,580487,581795,6,1308,2,9000,1.00458715596
580492,580499,581796,7,1297,2,9000,1.00539707016
580503,580541,581792,38,1251,2,9000,1.03037569944
580519,580528,583442,9,2914,2,7200,1.00308853809
580544,580550,581933,6,1383,2,9000,1.00433839479
580555,580612,581849,57,1237,2,9000,1.04607922393
580617,580655,581993,38,1338,2,9000,1.02840059791
580646,580662,583668,16,3006,2,7200,1.00532268796
580658,580741,582072,83,1331,2,9000,1.06235912847
580740,580779,582087,39,1308,2,9000,1.02981651376
580782,580788,582033,6,1245,2,9000,1.00481927711
580792,580833,582321,41,1488,2,9000,1.02755376344
580834,580845,582206,11,1361,2,9000,1.00808229243
580844,580855,582305,11,1450,2,9000,1.0075862069
580855,580882,582222,27,1340,2,9000,1.02014925373
580886,580892,582211,6,1319,2,9000,1.00454890068
580897,580903,582193,6,1290,2,9000,1.00465116279
580908,580976,582174,68,1198,2,9000,1.05676126878
580972,580983,582239,11,1256,2,9000,1.00875796178
580982,580989,582269,7,1280,2,9000,1.00546875
580993,581039,582280,46,1241,2,9000,1.03706688155
581045,581084,582340,39,1256,2,9000,1.03105095541
581086,581198,582474,112,1276,2,9000,1.08777429467
581199,581243,582501,44,1258,2,9000,1.03497615262
581240,581270,582448,30,1178,2,9000,1.02546689304
581359,581365,583000,6,1635,2,9000,1.00366972477
581370,581376,583036,6,1660,2,9000,1.00361445783
581381,581470,583143,89,1673,2,9000,1.05319784818
581440,581447,584457,7,3010,2,7200,1.0023255814
581473,581562,583159,89,1597,2,9000,1.0557294928
581566,581748,583337,182,1589,2,9000,1.11453744493
581722,581730,584763,8,3033,2,7200,1.00263765249
581751,581792,583342,41,1550,2,9000,1.0264516129
581793,581804,582933,11,1129,2,9000,1.00974313552
581803,581811,582939,8,1128,2,9000,1.00709219858
581814,581821,582962,7,1141,2,9000,1.00613496933
581825,581845,582994,20,1149,2,9000,1.01740644038
581846,581852,583321,6,1469,2,9000,1.00408441116
581857,581863,583260,6,1397,2,9000,1.00429491768
581868,581908,583089,40,1181,2,9000,1.03386960203
581909,581945,583091,36,1146,2,9000,1.03141361257
581940,582005,583216,65,1211,2,9000,1.05367464905
581985,581994,585366,9,3372,2,7200,1.00266903915
582000,582012,584948,12,2936,2,7200,1.00408719346
582012,582045,583190,33,1145,2,9000,1.0288209607
582043,582084,583288,41,1204,2,9000,1.03405315615
582085,582098,583314,13,1216,2,9000,1.01069078947
582096,582185,583392,89,1207,2,9000,1.07373653687
582188,582205,583425,17,1220,2,9000,1.01393442623
582209,582217,583395,8,1178,2,9000,1.00679117148
582270,582277,583726,7,1449,2,9000,1.00483091787
582519,582525,585126,6,2601,2,7200,1.00230680507
582534,582541,585505,7,2964,2,7200,1.00236167341
582580,582586,585449,6,2863,2,7200,1.00209570381
582758,582764,585907,6,3143,2,7200,1.00190900414
582870,582876,585677,6,2801,2,7200,1.00214209211
582885,582891,586253,6,3362,2,7200,1.00178465199
583118,583125,586009,7,2884,2,7200,1.00242718447
583215,583221,585907,6,2686,2,7200,1.00223380491
583445,583452,586424,7,2972,2,7200,1.00235531629
583669,583675,586527,6,2852,2,7200,1.00210378682
584458,584464,587527,6,3063,2,7200,1.00195886386
584763,584769,587584,6,2815,2,7200,1.00213143872
584951,584957,587685,6,2728,2,7200,1.00219941349
585129,585135,587910,6,2775,2,7200,1.00216216216
585368,585374,588430,6,3056,2,7200,1.00196335079
585453,585459,588526,6,3067,2,7200,1.0019563091
585507,585513,588488,6,2975,2,7200,1.00201680672
585679,585686,588609,7,2923,2,7200,1.00239479986
585910,585916,588822,6,2906,2,7200,1.00206469374
585911,585922,588827,11,2905,2,7200,1.00378657487
586011,586017,589145,6,3128,2,7200,1.00191815857
586256,586263,589364,7,3101,2,7200,1.00225733634
586426,586432,589351,6,2919,2,7200,1.00205549846
586529,586535,589396,6,2861,2,7200,1.00209716882
587529,587535,590497,6,2962,2,7200,1.00202565834
587587,587593,590580,6,2987,2,7200,1.00200870439
587686,587692,590543,6,2851,2,7200,1.00210452473
587882,587889,636344,7,48455,4,100800,1.00014446394
587913,587919,590823,6,2904,2,7200,1.0020661157
588154,588160,627169,6,39009,32,43200,1.00015381066
588427,588433,591470,6,3037,2,7200,1.00197563385
588490,588497,591745,7,3248,2,7200,1.00215517241
588512,588518,593359,6,4841,1,36000,1.00123941334
588527,588533,591579,6,3046,2,7200,1.00196979645
588614,588620,591496,6,2876,2,7200,1.00208623088
588628,588634,588683,6,49,1,18000,1.12244897959
588826,588832,591692,6,2860,2,7200,1.0020979021
588841,588847,591824,6,2977,2,7200,1.0020154518
588974,588980,589161,6,181,2,18000,1.03314917127
589146,589153,592027,7,2874,2,7200,1.00243562978
589156,589163,625202,7,36039,4,36000,1.00019423402
589158,589170,589213,12,43,1,18000,1.27906976744
589179,589185,591878,6,2693,4,18000,1.00222799851
589276,589283,589347,7,64,1,18000,1.109375
589352,589358,592168,6,2810,2,7200,1.00213523132
589356,589364,632590,8,43226,4,43200,1.0001850738
589367,589373,592281,6,2908,2,7200,1.00206327373
589398,589404,592248,6,2844,2,7200,1.00210970464
589579,589585,590321,6,736,1,18000,1.00815217391
589933,589939,634531,6,44592,4,61200,1.00013455328
590095,590101,634696,6,44595,4,68400,1.00013454423
590165,590171,639945,6,49774,4,75600,1.00012054486
590366,590372,591401,6,1029,1,18000,1.00583090379
590400,590407,626427,7,36020,4,36000,1.00019433648
590498,590504,593329,6,2825,2,7200,1.00212389381
590546,590553,593668,7,3115,2,7200,1.00224719101
590583,590589,593339,6,2750,2,7200,1.00218181818
590824,590831,593855,7,3024,2,7200,1.00231481481
591358,591364,591522,6,158,1,3600,1.03797468354
591471,591478,594348,7,2870,2,7200,1.00243902439
591499,591505,594411,6,2906,2,7200,1.00206469374
591580,591587,594501,7,2914,2,7200,1.00240219629
591695,591702,594655,7,2953,2,7200,1.00237047071
591747,591753,594849,6,3096,2,7200,1.0019379845
591751,591760,592028,9,268,1,3600,1.03358208955
591825,591832,594942,7,3110,2,7200,1.00225080386
591927,591933,591935,6,2,2,3540,1.0
592028,592034,594821,6,2787,2,7200,1.00215285253
592054,592060,592924,6,864,1,3600,1.00694444444
592170,592176,595172,6,2996,2,7200,1.00200267023
592253,592259,595266,6,3007,2,7200,1.0019953442
592283,592289,595302,6,3013,2,7200,1.00199137073
593332,593338,596328,6,2990,2,7200,1.00200668896
593347,593353,596389,6,3036,2,7200,1.00197628458
593670,593677,596743,7,3066,2,7200,1.00228310502
593858,593864,596784,6,2920,2,7200,1.00205479452
594351,594357,597285,6,2928,2,7200,1.00204918033
594414,594421,597578,7,3157,2,7200,1.0022172949
594502,594508,597713,6,3205,2,7200,1.00187207488
594656,594662,597428,6,2766,2,7200,1.0021691974
594823,594829,597828,6,2999,2,7200,1.00200066689
594850,594856,597673,6,2817,2,7200,1.00212992545
594944,594950,597897,6,2947,2,7200,1.00203596878
595174,595180,598195,6,3015,2,7200,1.00199004975
595267,595274,598054,7,2780,2,7200,1.00251798561
595303,595310,598299,7,2989,2,7200,1.00234192037
596331,596338,599235,7,2897,2,7200,1.00241629272
596392,596398,599351,6,2953,2,7200,1.00203183204
596745,596752,599625,7,2873,2,7200,1.00243647755
596785,596791,599727,6,2936,2,7200,1.00204359673
597287,597293,600258,6,2965,2,7200,1.00202360877
597429,597435,600351,6,2916,2,7200,1.00205761317
597580,597586,600585,6,2999,2,7200,1.00200066689
597674,597680,600719,6,3039,2,7200,1.00197433366
597717,597723,600657,6,2934,2,7200,1.00204498978
597829,597835,600872,6,3037,2,7200,1.00197563385
597898,597904,600771,6,2867,2,7200,1.00209277991
598056,598062,600818,6,2756,2,7200,1.00217706821
598198,598204,601191,6,2987,2,7200,1.00200870439
598301,598308,601141,7,2833,2,7200,1.00247087893
599239,599245,602103,6,2858,2,7200,1.00209937019
599354,599360,602297,6,2937,2,7200,1.00204290092
599626,599632,602438,6,2806,2,7200,1.00213827512
599729,599735,602675,6,2940,2,7200,1.00204081633
600261,600267,603304,6,3037,2,7200,1.00197563385
600355,600361,603338,6,2977,2,7200,1.0020154518
600588,600594,603616,6,3022,2,7200,1.00198544011
600661,600667,603726,6,3059,2,7200,1.0019614253
600721,600727,603687,6,2960,2,7200,1.00202702703
600773,600779,603573,6,2794,2,7200,1.00214745884
600821,600827,603863,6,3036,2,7200,1.00197628458
600873,600879,603709,6,2830,2,7200,1.00212014134
601145,601151,603863,6,2712,2,7200,1.00221238938
601194,601200,604213,6,3013,2,7200,1.00199137073
601761,601767,642915,6,41148,8,72000,1.00014581511
602107,602113,604865,6,2752,2,7200,1.00218023256
602300,602306,605305,6,2999,2,7200,1.00200066689
602397,602403,602413,6,10,1,240,1.6
602439,602445,605191,6,2746,2,7200,1.00218499636
602678,602684,605442,6,2758,2,7200,1.00217548949
602717,602723,605576,6,2853,2,7200,1.00210304942
602718,602729,605910,11,3181,2,7200,1.00345803207
602720,602735,605734,15,2999,2,7200,1.00500166722
602721,602740,605788,19,3048,2,7200,1.0062335958
602722,602745,605614,23,2869,2,7200,1.00801673057
602724,602751,605991,27,3240,2,7200,1.00833333333
602725,603315,606125,590,2810,2,7200,1.20996441281
602726,603349,606363,623,3014,2,7200,1.20670205707
602728,603627,606560,899,2933,2,7200,1.30651210365
602729,603738,606717,1009,2979,2,7200,1.33870426318
602730,603698,606594,968,2896,2,7200,1.33425414365
602732,603584,606474,852,2890,2,7200,1.29480968858
602733,603875,606881,1142,3006,2,7200,1.37990685296
602734,603721,606717,987,2996,2,7200,1.32943925234
602736,603882,606937,1146,3055,2,7200,1.37512274959
602737,604224,607200,1487,2976,2,7200,1.49966397849
602738,604876,607986,2138,3110,2,7200,1.68745980707
602740,605316,608448,2576,3132,2,7200,1.82247765006
602741,605203,608243,2462,3040,2,7200,1.80986842105
602743,605454,608540,2711,3086,2,7200,1.87848347375
603305,605587,608609,2282,3022,2,7200,1.75512905361
603339,605921,609088,2582,3167,2,7200,1.81528260183
603575,605745,608650,2170,2905,2,7200,1.74698795181
603617,605799,608935,2182,3136,2,7200,1.69579081633
603690,605625,608616,1935,2991,2,7200,1.64694082247
603711,606003,608940,2292,2937,2,7200,1.78038815117
603729,606137,609316,2408,3179,2,7200,1.7574709028
603865,606374,609169,2509,2795,2,7200,1.8976744186
603867,606485,609678,2618,3193,2,7200,1.81991857188
604215,606572,609621,2357,3049,2,7200,1.7730403411
