SubmitTime,StartTime,EndTime,QueuedTime,RunTime,NodesRequested,walltime,bslowdown
536,984,4191,448,3207,8,6000,1.13969441846
648,1846,1847,1198,1,8,6000,119.9
985,1858,1859,873,1,8,6000,87.4
1843,1870,1871,27,1,8,6000,2.8
1854,1882,1883,28,1,8,6000,2.9
1875,1894,1895,19,1,8,6000,2.0
1886,1906,1907,20,1,8,6000,2.1
1896,1918,1919,22,1,8,6000,2.3
1907,1930,1931,23,1,8,6000,2.4
1918,1942,5140,24,3198,8,6000,1.00750469043
1928,2014,2015,86,1,8,6000,8.7
1939,2026,2027,87,1,8,6000,8.8
2011,2032,2033,21,1,8,6000,2.2
2022,2038,2039,16,1,8,6000,1.7
2033,2044,2045,11,1,8,6000,1.2
2043,2050,5222,7,3172,8,6000,1.00220680958
2044,2056,2057,12,1,8,6000,1.3
2054,2068,2069,14,1,8,6000,1.5
2055,2080,2081,25,1,8,6000,2.6
2065,2092,2093,27,1,8,6000,2.8
2076,2104,2105,28,1,8,6000,2.9
2097,2116,2117,19,1,8,6000,2.0
2108,2128,2129,20,1,8,6000,2.1
2118,2140,2141,22,1,8,6000,2.3
2129,2152,2153,23,1,8,6000,2.4
2140,2164,2165,24,1,8,6000,2.5
2150,2176,2177,26,1,8,6000,2.7
2161,2188,2189,27,1,8,6000,2.8
2172,2200,2201,28,1,8,6000,2.9
2193,2212,2213,19,1,8,6000,2.0
2203,2224,2225,21,1,8,6000,2.2
2214,2236,2237,22,1,8,6000,2.3
2225,2248,2249,23,1,8,6000,2.4
2235,2260,2266,25,6,8,6000,3.1
2246,2277,2279,31,2,8,6000,3.3
2257,2290,5488,33,3198,8,6000,1.01031894934
2278,2373,2374,95,1,8,6000,9.6
2288,2385,2386,97,1,8,6000,9.8
2370,2397,2403,27,6,8,6000,3.3
2381,2414,2415,33,1,8,6000,3.4
2402,2426,2427,24,1,8,6000,2.5
2413,2438,2439,25,1,8,6000,2.6
2423,2450,2451,27,1,8,6000,2.8
2434,2462,2463,28,1,8,6000,2.9
2455,2474,2475,19,1,8,6000,2.0
2466,2486,5644,20,3158,8,6000,1.00633312223
2473,2683,2684,210,1,5,16200,21.1
2484,2695,2696,211,1,5,16200,21.2
2680,2707,2708,27,1,5,16200,2.8
2691,2719,2720,28,1,5,16200,2.9
2712,2731,2732,19,1,5,16200,2.0
2722,2743,2744,21,1,5,16200,2.2
2733,2766,2767,33,1,5,16200,3.4
2744,3226,3227,482,1,5,16200,48.3
2765,2836,7453,71,4617,5,16200,1.01537795105
2836,3236,3237,400,1,5,16200,40.1
3225,3242,3243,17,1,5,16200,1.8
3236,3248,3249,12,1,5,16200,1.3
3246,3254,3255,8,1,5,16200,1.0
3247,3260,3261,13,1,5,16200,1.4
3257,3266,3267,9,1,5,16200,1.0
3258,3272,3273,14,1,5,16200,1.5
3269,3284,3285,15,1,5,16200,1.6
3269,3278,3279,9,1,5,16200,1.0
3280,3295,7453,15,4158,5,16200,1.00360750361
3280,3290,3291,10,1,5,16200,1.1
3291,3302,3303,11,1,5,16200,1.2
3291,3307,3308,16,1,5,16200,1.7
3302,3313,3314,11,1,5,16200,1.2
3303,3319,3320,16,1,5,16200,1.7
3313,3325,7453,12,4128,5,16200,1.00290697674
3324,3331,3332,7,1,5,16200,1.0
3324,3343,3344,19,1,5,16200,2.0
3335,3355,3356,20,1,5,16200,2.1
3346,3367,3368,21,1,5,16200,2.2
3356,3379,3380,23,1,5,16200,2.4
3367,3391,3392,24,1,5,16200,2.5
3378,3403,3404,25,1,5,16200,2.6
3388,3415,3416,27,1,5,16200,2.8
3399,3427,3428,28,1,5,16200,2.9
3420,3439,3440,19,1,5,16200,2.0
3431,3451,3452,20,1,5,16200,2.1
3441,3463,3464,22,1,5,16200,2.3
3452,3475,3476,23,1,5,16200,2.4
3463,3487,3488,24,1,5,16200,2.5
3473,3499,3500,26,1,5,16200,2.7
3484,3511,3512,27,1,5,16200,2.8
3495,3523,3524,28,1,5,16200,2.9
3516,3535,3536,19,1,5,16200,2.0
3526,3547,3548,21,1,5,16200,2.2
3537,3559,3560,22,1,5,16200,2.3
3548,3571,3572,23,1,5,16200,2.4
3558,3583,3584,25,1,5,16200,2.6
3569,3595,3596,26,1,5,16200,2.7
3579,3607,3608,28,1,5,16200,2.9
3600,3619,3620,19,1,5,16200,2.0
3611,3631,7453,20,3822,5,16200,1.00523286238
3622,3756,3757,134,1,5,16200,13.5
3755,3768,3769,13,1,5,16200,1.4
3766,3774,3775,8,1,5,16200,1.0
3766,3780,3781,14,1,5,16200,1.5
3777,3792,3793,15,1,5,16200,1.6
3777,3786,3787,9,1,5,16200,1.0
3788,3798,3799,10,1,5,16200,1.1
3789,3804,3805,15,1,5,16200,1.6
3799,3810,3811,11,1,5,16200,1.2
3800,3816,7453,16,3637,5,16200,1.00439923013
3810,3822,3823,12,1,5,16200,1.3
3821,3833,7453,12,3620,5,16200,1.00331491713
3821,3828,3829,7,1,5,16200,1.0
3832,3840,3841,8,1,5,16200,1.0
3833,3845,3846,12,1,5,16200,1.3
3843,3852,3853,9,1,5,16200,1.0
3844,3858,3859,14,1,5,16200,1.5
3854,3864,3865,10,1,5,16200,1.1
3855,3870,3871,15,1,5,16200,1.6
3866,3882,3883,16,1,5,16200,1.7
3866,3876,3877,10,1,5,16200,1.1
3877,3888,3889,11,1,5,16200,1.2
3887,3894,3895,7,1,5,16200,1.0
3888,3900,3901,12,1,5,16200,1.3
3898,3906,3907,8,1,5,16200,1.0
3899,3912,3913,13,1,5,16200,1.4
3910,3924,7453,14,3529,5,16200,1.0039671295
3910,3918,3919,8,1,5,16200,1.0
3921,3930,3931,9,1,5,16200,1.0
3921,3942,3943,21,1,5,16200,2.2
3932,3954,3955,22,1,5,16200,2.3
3953,3966,3967,13,1,5,16200,1.4
3963,3978,3979,15,1,5,16200,1.6
3974,3990,3991,16,1,5,16200,1.7
3985,4002,4003,17,1,5,16200,1.8
3995,4014,4015,19,1,5,16200,2.0
4006,4026,4027,20,1,5,16200,2.1
4017,4038,4039,21,1,5,16200,2.2
4027,4050,4051,23,1,5,16200,2.4
4048,4062,4063,14,1,5,16200,1.5
4059,4074,4075,15,1,5,16200,1.6
4070,4086,4087,16,1,5,16200,1.7
4080,4098,4099,18,1,5,16200,1.9
4091,4110,4111,19,1,5,16200,2.0
4102,4122,4123,20,1,5,16200,2.1
4112,4145,4146,33,1,5,16200,3.4
4133,4221,7453,88,3232,5,16200,1.02722772277
4154,4215,7453,61,3238,5,16200,1.01883878938
6027,6033,6761,6,728,4,36000,1.00824175824
7516,7522,13496,6,5974,5,16200,1.00100435219
7517,7527,12892,10,5365,5,16200,1.0018639329
7527,7534,12764,7,5230,5,16200,1.00133843212
7528,7539,13344,11,5805,5,16200,1.00189491817
7539,7545,12333,6,4788,5,16200,1.00125313283
7539,7550,12057,11,4507,5,16200,1.00244064788
7550,7562,11387,12,3825,5,16200,1.0031372549
7550,7557,13288,7,5731,5,16200,1.00122142733
7561,7574,13368,13,5794,5,16200,1.00224370038
7561,7569,12160,8,4591,5,16200,1.00174253975
7572,7586,11552,14,3966,5,16200,1.00353000504
7572,7581,11541,9,3960,5,16200,1.00227272727
7583,7599,11884,16,4285,5,16200,1.00373395566
7583,7593,13677,10,6084,5,16200,1.00164365549
7594,7615,12605,21,4990,5,16200,1.00420841683
7595,7620,12272,25,4652,5,16200,1.00537403267
7616,11398,14574,3782,3176,5,16200,2.19080604534
8637,8643,12251,6,3608,1,3600,1.00166297118
9731,9737,10380,6,643,4,36000,1.00933125972
11395,11552,16303,157,4751,5,16200,1.03304567459
11548,11563,16156,15,4593,5,16200,1.00326583932
11559,11896,17895,337,5999,5,16200,1.05617602934
11888,12069,17117,181,5048,5,16200,1.03585578447
12061,12171,17228,110,5057,5,16200,1.02175202689
12164,12288,17663,124,5375,5,16200,1.02306976744
12197,12204,12212,7,8,1,1800,1.5
12276,12344,17507,68,5163,5,16200,1.01317063723
12338,12617,18074,279,5457,5,16200,1.05112699285
12351,12357,12436,6,79,1,1800,1.07594936709
12355,12374,12494,19,120,1,3600,1.15833333333
12423,12429,13460,6,1031,4,36000,1.00581959263
12558,12565,12742,7,177,1,3600,1.0395480226
12614,12775,18347,161,5572,5,16200,1.02889447236
12618,12624,12915,6,291,1,3600,1.0206185567
12648,12654,12755,6,101,1,1800,1.05940594059
12768,12908,16978,140,4070,5,16200,1.0343980344
12870,12876,13162,6,286,1,3600,1.02097902098
12901,13299,18239,398,4940,5,16200,1.08056680162
13154,13160,13765,6,605,1,3600,1.00991735537
13213,13219,13601,6,382,1,1800,1.01570680628
13289,13355,18216,66,4861,5,16200,1.0135774532
13351,13507,17481,156,3974,5,16200,1.03925515853
13371,13379,16635,8,3256,5,16200,1.00245700246
13392,13398,14009,6,611,1,3600,1.00981996727
13505,13689,18481,184,4792,5,16200,1.03839732888
13679,14585,19376,906,4791,5,16200,1.18910457107
13774,13781,208978,7,195197,6,360000,1.00003586121
14258,14268,17874,10,3606,1,3600,1.00277315585
14268,14280,14286,12,6,1,1800,1.8
14435,14441,14482,6,41,1,1800,1.14634146341
14578,16168,19983,1590,3815,5,16200,1.41677588467
14705,14711,14786,6,75,1,1800,1.08
14841,14848,14931,7,83,1,3600,1.0843373494
15054,15061,15358,7,297,1,3600,1.02356902357
15407,15413,15669,6,256,1,1800,1.0234375
15636,15652,16152,16,500,1,3600,1.032
16161,16316,20921,155,4605,5,16200,1.03365906623
16304,16646,20393,342,3747,5,16200,1.09127301841
16642,16990,23125,348,6135,5,16200,1.05672371638
16979,17128,22243,149,5115,5,16200,1.02913000978
17123,17239,22501,116,5262,5,16200,1.02204484987
17236,17493,21282,257,3789,5,16200,1.06782792293
17492,17518,21119,26,3601,5,16200,1.00722021661
17513,17678,23312,165,5634,5,16200,1.02928647497
17666,17906,21596,240,3690,5,16200,1.06504065041
17902,18085,21651,183,3566,5,16200,1.05131800337
17984,17990,18075,6,85,1,3600,1.07058823529
18075,18227,24265,152,6038,5,16200,1.02517389864
18205,18212,18455,7,243,1,3600,1.02880658436
18219,18359,22718,140,4359,5,16200,1.03211745813
18240,18252,23547,12,5295,5,16200,1.00226628895
18353,18492,23510,139,5018,5,16200,1.027700279
18486,19387,24179,901,4792,5,16200,1.18802170284
18737,18743,19449,6,706,1,3600,1.00849858357
19385,19994,24107,609,4113,5,16200,1.1480671043
19951,19957,20035,6,78,1,1800,1.07692307692
19989,20404,24894,415,4490,5,16200,1.09242761693
20263,20269,20359,6,90,1,1800,1.06666666667
20397,20932,25745,535,4813,5,16200,1.11115728236
20829,20835,21192,6,357,1,1800,1.01680672269
20929,21130,26387,201,5257,5,16200,1.03823473464
21123,21294,24357,171,3063,5,16200,1.05582761998
21287,21615,26390,328,4775,5,16200,1.06869109948
21604,21662,26552,58,4890,5,16200,1.0118609407
21656,22256,27972,600,5716,5,16200,1.10496850945
22248,22729,29677,481,6948,5,16200,1.06922855498
22280,22291,22329,11,38,1,1800,1.28947368421
22504,22512,28468,8,5956,5,16200,1.00134318334
22558,22564,22635,6,71,1,1800,1.08450704225
22729,23137,28493,408,5356,5,16200,1.07617625093
23127,23327,26763,200,3436,5,16200,1.05820721769
23227,23233,23487,6,254,1,1800,1.02362204724
23321,23521,27177,200,3656,5,16200,1.05470459519
23516,23558,28382,42,4824,5,16200,1.00870646766
23547,24119,29107,572,4988,5,16200,1.11467522053
24110,24277,28644,167,4367,5,16200,1.03824135562
24181,24190,27770,9,3580,5,16200,1.00251396648
24247,24253,81894,6,57641,12,57600,1.00010409257
24274,24368,27670,94,3302,5,16200,1.0284675954
24307,24313,67550,6,43237,12,43200,1.00013877003
24366,24905,27997,539,3092,5,16200,1.17432082794
24898,25757,30231,859,4474,5,16200,1.19199821189
25746,26398,31027,652,4629,5,16200,1.14085115576
26390,26405,32759,15,6354,5,16200,1.00236071766
26401,26563,30722,162,4159,5,16200,1.03895167107
26554,26774,32726,220,5952,5,16200,1.03696236559
26769,27189,33867,420,6678,5,16200,1.06289308176
27178,27682,33276,504,5594,5,16200,1.090096532
27679,27781,32601,102,4820,5,16200,1.02116182573
27772,27983,32046,211,4063,5,16200,1.0519320699
27977,28008,32738,31,4730,5,16200,1.00655391121
27997,28393,31965,396,3572,5,16200,1.11086226204
28386,28479,31645,93,3166,5,16200,1.02937460518
28478,28504,34529,26,6025,5,16200,1.0043153527
28499,28655,35147,156,6492,5,16200,1.02402957486
28653,29130,33375,477,4245,5,16200,1.11236749117
29125,29688,33434,563,3746,5,16200,1.15029364656
29687,30243,33877,556,3634,5,16200,1.15299944964
30239,30736,35749,497,5013,5,16200,1.0991422302
30444,30450,36114,6,5664,1,86400,1.00105932203
30692,30698,31174,6,476,16,9660,1.01260504202
30729,31038,37276,309,6238,5,16200,1.04953510741
30764,30770,30771,6,1,16,9660,1.0
31036,31661,36694,625,5033,5,16200,1.1241804093
31053,31059,31060,6,1,16,9660,1.0
31177,31183,36814,6,5631,16,9660,1.0010655301
31649,31976,38508,327,6532,5,16200,1.05006123699
31966,32057,36469,91,4412,5,16200,1.02062556664
32048,32612,38548,564,5936,5,16200,1.09501347709
32610,32737,37837,127,5100,5,16200,1.02490196078
32733,32749,37636,16,4887,5,16200,1.00327399222
32744,32770,37676,26,4906,5,16200,1.0052996331
32765,33287,37246,522,3959,5,16200,1.13185147765
33287,33387,38499,100,5112,5,16200,1.01956181534
33379,33445,38850,66,5405,5,16200,1.01221091582
33441,33878,38765,437,4887,5,16200,1.08942091263
33870,33888,38526,18,4638,5,16200,1.00388098318
33881,34541,38402,660,3861,5,16200,1.17094017094
34532,35760,38961,1228,3201,8,6000,1.38363011559
35156,36705,39904,1549,3199,8,6000,1.48421381682
35758,37257,40445,1499,3188,8,6000,1.47020075282
36709,37647,40806,938,3159,8,6000,1.29692940804
36817,36824,36830,7,6,16,9660,1.3
37261,37687,40862,426,3175,8,6000,1.13417322835
37650,38413,41621,763,3208,8,6000,1.23784289277
37845,38519,41782,674,3263,8,6000,1.20655838186
37997,38007,38479,10,472,16,9660,1.02118644068
38360,38367,38368,7,1,16,9660,1.0
38417,38538,41733,121,3195,8,6000,1.03787167449
38482,38488,44110,6,5622,16,9660,1.00106723586
38520,38776,41983,256,3207,8,6000,1.07982538198
38541,38861,42061,320,3200,8,6000,1.1
38777,38972,42169,195,3197,8,6000,1.06099468251
38971,39915,43064,944,3149,8,6000,1.29977770721
39911,40457,43681,546,3224,8,6000,1.16935483871
40070,40075,41749,5,1674,4,324000,1.00298685783
40079,40086,42314,7,2228,4,324000,1.00314183124
40234,40240,112267,6,72027,16,72000,1.0000833021
40240,40246,112278,6,72032,16,72000,1.00008329631
40453,40817,44063,364,3246,8,6000,1.11213801602
40811,40877,44052,66,3175,8,6000,1.02078740157
40873,41632,44792,759,3160,8,6000,1.24018987342
40983,40989,82398,6,41409,2,41400,1.00014489604
41158,41165,71673,7,30508,1,45000,1.00022944801
41375,41387,41392,12,5,1,172800,1.7
41428,41435,41439,7,4,1,172800,1.1
41473,41482,41486,9,4,1,158400,1.3
41498,41515,41518,17,3,1,86400,2.0
41629,41745,44915,116,3170,8,6000,1.03659305994
41726,41732,72818,6,31086,1,172800,1.00019301293
41742,41793,45006,51,3213,8,6000,1.01587301587
41780,41786,80883,6,39097,1,432000,1.00015346446
41784,41994,45156,210,3162,8,6000,1.06641366224
41988,42073,45277,85,3204,8,6000,1.02652933833
42071,42179,45340,108,3161,8,6000,1.03416640304
42173,43076,46281,903,3205,8,6000,1.28174726989
43073,43697,46945,624,3248,8,6000,1.1921182266
43438,43444,108283,6,64839,1,64800,1.0000925369
43507,43513,108358,6,64845,1,64800,1.00009252834
43637,43643,110630,6,66987,1,86400,1.00008956962
43686,44074,47351,388,3277,8,6000,1.1184009765
43690,43703,130153,13,86450,1,86400,1.00015037594
44054,44063,47281,9,3218,8,6000,1.00279676818
44065,44803,48043,738,3240,8,6000,1.22777777778
44113,44119,53669,6,9550,16,9660,1.00062827225
44801,44926,48138,125,3212,8,6000,1.03891656289
44924,45017,48245,93,3228,8,6000,1.02881040892
45006,45166,48317,160,3151,8,6000,1.05077753094
45160,45288,48530,128,3242,8,6000,1.03948180136
45284,45351,48539,67,3188,8,6000,1.02101631117
45346,46292,49461,946,3169,8,6000,1.2985168823
46286,46956,50199,670,3243,8,6000,1.20659882825
46950,47292,50462,342,3170,8,6000,1.10788643533
47288,47362,50570,74,3208,8,6000,1.02306733167
47360,48054,51229,694,3175,8,6000,1.21858267717
48045,48149,51414,104,3265,8,6000,1.03185298622
48148,48256,51458,108,3202,8,6000,1.03372891943
48251,48328,51541,77,3213,8,6000,1.02396514161
48323,48541,51776,218,3235,8,6000,1.06738794436
48537,48551,51778,14,3227,8,6000,1.00433839479
48548,49472,52695,924,3223,8,6000,1.2866894198
49468,50210,53361,742,3151,8,6000,1.23548079975
50204,50473,53674,269,3201,8,6000,1.08403623868
50470,50582,53764,112,3182,8,6000,1.03519798869
50572,51240,54488,668,3248,8,6000,1.20566502463
51237,51426,54677,189,3251,8,6000,1.05813595817
51421,51469,54659,48,3190,8,6000,1.01504702194
51463,51553,54736,90,3183,8,6000,1.02827521206
51545,51787,55017,242,3230,8,6000,1.07492260062
51781,51793,55016,12,3223,8,6000,1.00372323922
51791,52706,55905,915,3199,8,6000,1.2860268834
52701,53372,56608,671,3236,8,6000,1.20735475896
53366,53685,56928,319,3243,8,6000,1.09836571076
53683,53776,57045,93,3269,8,6000,1.02844906699
53765,54499,57654,734,3155,8,6000,1.23264659271
54491,54670,57869,179,3199,8,6000,1.05595498593
54665,54691,57878,26,3187,8,6000,1.00815814245
54686,54752,58017,66,3265,8,6000,1.0202143951
54738,55033,58213,295,3180,8,6000,1.0927672956
55017,55027,58252,10,3225,8,6000,1.00310077519
55028,55916,59143,888,3227,8,6000,1.27517818407
55914,56619,59849,705,3230,8,6000,1.21826625387
56353,56359,56843,6,484,16,13380,1.01239669421
56435,56442,56443,7,1,16,13380,1.0
56609,56939,60124,330,3185,8,6000,1.10361067504
56725,56731,56732,6,1,16,13380,1.0
56846,56852,62504,6,5652,16,13380,1.00106157113
56936,57056,60263,120,3207,8,6000,1.0374181478
57049,57666,60868,617,3202,8,6000,1.19269206746
57662,57880,61092,218,3212,8,6000,1.06787048568
57877,57889,61174,12,3285,8,6000,1.00365296804
57888,58029,61225,141,3196,8,6000,1.04411764706
58021,58263,61465,242,3202,8,6000,1.0755777639
58215,58224,61446,9,3222,8,6000,1.00279329609
58257,59154,62371,897,3217,8,6000,1.2788312092
58662,58676,216668,14,157992,1,172800,1.00008861208
58670,58683,217676,13,158993,1,172800,1.00008176461
58676,58689,228545,13,169856,1,172800,1.00007653542
58689,58695,231526,6,172831,1,172800,1.00003471599
58696,58702,216955,6,158253,1,172800,1.00003791397
58700,58719,217679,19,158960,1,172800,1.00011952693
59146,59860,63078,714,3218,8,6000,1.2218769422
59854,60135,63330,281,3195,8,6000,1.08794992175
60130,60274,63442,144,3168,8,6000,1.04545454545
60264,60879,64105,615,3226,8,6000,1.19063856169
60876,61103,64320,227,3217,8,6000,1.070562636
61102,61185,64412,83,3227,8,6000,1.02572048342
61184,61236,64484,52,3248,8,6000,1.01600985222
61225,61459,64650,234,3191,8,6000,1.07333124412
61451,61477,64674,26,3197,8,6000,1.00813262434
61471,62382,65620,911,3238,8,6000,1.28134651019
62381,63089,66322,708,3233,8,6000,1.21899164862
62507,62514,75790,7,13276,16,13380,1.00052726725
63087,63341,66606,254,3265,8,6000,1.07779479326
63333,63456,66651,123,3195,8,6000,1.03849765258
63446,64116,67413,670,3297,8,6000,1.20321504398
64110,64332,67534,222,3202,8,6000,1.06933166771
64326,64423,67658,97,3235,8,6000,1.02998454405
64418,64495,67662,77,3167,8,6000,1.02431323019
64490,64661,67830,171,3169,8,6000,1.05396023982
64652,64685,77451,33,12766,5,16200,1.00258499138
64683,65637,76094,954,10457,5,16200,1.09123075452
64683,65631,77444,948,11813,5,16200,1.0802505714
65634,66333,78733,699,12400,5,16200,1.05637096774
65635,66617,77622,982,11005,5,16200,1.0892321672
66330,66623,75969,293,9346,5,16200,1.03135031029
66617,66662,78452,45,11790,5,16200,1.00381679389
66627,66668,74565,41,7897,5,16200,1.005191845
66658,67424,76681,766,9257,5,16200,1.08274819056
67415,67545,79644,130,12099,5,16200,1.01074468964
67426,67550,75847,124,8297,5,16200,1.0149451609
67549,67675,80699,126,13024,5,16200,1.00967444717
67549,67669,76224,120,8555,5,16200,1.01402688486
67673,67841,78993,168,11152,5,16200,1.01506456241
67673,67681,76936,8,9255,5,16200,1.00086439762
67684,67847,77561,163,9714,5,16200,1.01677990529
67838,74576,82600,6738,8024,5,16200,1.83973080758
68315,68326,70160,11,1834,1,1800,1.00599781897
70364,70375,72415,11,2040,1,3600,1.00539215686
70852,70858,70860,6,2,1,1800,1.0
72281,72287,72288,6,1,1,1800,1.0
72585,72591,74435,6,1844,1,1800,1.0032537961
73560,73566,82305,6,8739,16,8700,1.00068657741
74257,74263,74265,6,2,2,3540,1.0
74572,75858,85085,1286,9227,5,16200,1.13937357754
75850,75981,85602,131,9621,5,16200,1.01361604823
75973,76105,89743,132,13638,5,16200,1.00967883854
76096,76235,87361,139,11126,5,16200,1.01249325903
76229,76696,86977,467,10281,5,16200,1.04542359693
76379,76385,81356,6,4971,1,14400,1.0012070006
76690,76947,87941,257,10994,5,16200,1.02337638712
76946,77463,89699,517,12236,5,16200,1.04225237006
77447,77456,90171,9,12715,5,16200,1.0007078254
77458,77572,90194,114,12622,5,16200,1.00903184915
77571,77633,87348,62,9715,5,16200,1.00638188369
77633,78463,90996,830,12533,5,16200,1.06622516556
78125,78131,78341,6,210,2,13380,1.02857142857
78221,78227,78642,6,415,1,13380,1.01445783133
78344,78350,80326,6,1976,1,13380,1.00303643725
78461,78746,89594,285,10848,5,16200,1.02627212389
78524,78530,80321,6,1791,1,13380,1.00335008375
78533,78539,80328,6,1789,8,13380,1.00335382895
78683,78699,80322,16,1623,1,13380,1.00985828712
78737,79004,87564,267,8560,5,16200,1.03119158879
79004,79655,87764,651,8109,5,16200,1.08028116907
79648,80710,90135,1062,9425,5,16200,1.11267904509
80700,82611,92601,1911,9990,5,16200,1.19129129129
82601,85096,93607,2495,8511,5,16200,1.29315004112
83597,83621,112448,24,28827,1,28800,1.00083255282
84056,84062,84072,6,10,1,240,1.6
84815,84821,120829,6,36008,4,36000,1.00016662964
85095,85613,95460,518,9847,5,16200,1.05260485427
85606,86988,95225,1382,8237,5,16200,1.16777953138
86672,86678,173128,6,86450,12,86400,1.00006940428
86986,87359,99846,373,12487,5,16200,1.02987106591
87355,87577,97967,222,10390,5,16200,1.02136669875
87365,87373,98469,8,11096,5,16200,1.00072098053
87570,87776,96372,206,8596,5,16200,1.02396463471
87765,87952,96283,187,8331,5,16200,1.02244628496
87949,89605,102685,1656,13080,5,16200,1.12660550459
89605,89710,97941,105,8231,5,16200,1.01275665168
89708,89754,97774,46,8020,5,16200,1.00573566085
89749,90146,103205,397,13059,5,16200,1.03040049008
90138,90182,100120,44,9938,5,16200,1.00442745019
90179,90205,102011,26,11806,5,16200,1.00220227003
90200,91007,101238,807,10231,5,16200,1.07887792005
90276,90285,123832,9,33547,4,36000,1.00026828032
90997,92613,104400,1616,11787,5,16200,1.13710019513
92612,93618,101552,1006,7934,5,16200,1.12679606756
93613,95236,104583,1623,9347,5,16200,1.17363860062
93967,93973,266177,6,172204,4,360000,1.0000348424
95047,95054,98666,7,3612,1,3600,1.0019379845
95230,95472,105340,242,9868,5,16200,1.02452371301
95466,96294,107183,828,10889,5,16200,1.07604004041
96284,96383,104004,99,7621,5,16200,1.0129904212
96377,97785,108751,1408,10966,5,16200,1.12839686303
97777,97952,107010,175,9058,5,16200,1.01931993818
97951,97978,109542,27,11564,5,16200,1.00233483224
97972,98481,110851,509,12370,5,16200,1.04114793856
98475,99857,113191,1382,13334,5,16200,1.10364481776
98648,98655,98664,7,9,1,1800,1.6
98769,98775,98890,6,115,1,3600,1.05217391304
98809,98815,98894,6,79,1,1800,1.07594936709
98969,98975,99094,6,119,1,3600,1.05042016807
99016,99022,99292,6,270,1,3600,1.02222222222
99117,99123,99226,6,103,1,1800,1.05825242718
99223,99230,99522,7,292,1,3600,1.02397260274
99528,99534,100113,6,579,1,3600,1.0103626943
99624,99630,142582,6,42952,1,72000,1.00013969082
99699,99706,100092,7,386,1,1800,1.01813471503
99743,99749,143871,6,44122,1,72000,1.00013598658
99752,99758,100330,6,572,1,3600,1.01048951049
99854,100131,112308,277,12177,5,16200,1.02274780324
100082,100098,100100,16,2,1,72000,1.8
100122,101249,109568,1127,8319,5,16200,1.13547301358
100216,100222,100226,6,4,1,72000,1.0
100257,100263,146570,6,46307,1,72000,1.00012957004
100326,100333,100338,7,5,1,72000,1.2
100535,100541,100543,6,2,1,72000,1.0
100607,100613,100615,6,2,1,72000,1.0
100618,100624,100630,6,6,1,3600,1.2
100717,100730,100731,13,1,1,72000,1.4
100734,100748,100832,14,84,1,3600,1.16666666667
100739,100754,100761,15,7,1,1800,2.2
100790,100796,100799,6,3,1,72000,1.0
100821,100830,100832,9,2,1,72000,1.1
100913,100919,100960,6,41,1,1800,1.14634146341
100919,100925,172936,6,72011,1,72000,1.0000833206
100953,100959,101265,6,306,1,3600,1.01960784314
101145,101151,101267,6,116,1,3600,1.05172413793
101193,101199,101281,6,82,1,1800,1.07317073171
101244,101566,110066,322,8500,5,16200,1.03788235294
101385,101391,101784,6,393,1,3600,1.01526717557
101550,101560,102237,10,677,1,3600,1.01477104874
101561,102022,112990,461,10968,5,16200,1.04203136397
102021,102696,115016,675,12320,5,16200,1.05478896104
102066,102072,102530,6,458,1,3600,1.01310043668
102092,102099,102353,7,254,1,1800,1.02755905512
102687,103217,112799,530,9582,5,16200,1.05531204341
103209,104015,112242,806,8227,5,16200,1.09797009846
104007,104412,112413,405,8001,5,16200,1.05061867267
104407,104595,112436,188,7841,5,16200,1.02397653361
104593,105352,113978,759,8626,5,16200,1.08798979828
105349,107021,118347,1672,11326,5,16200,1.14762493378
106285,106291,106369,6,78,1,1800,1.07692307692
106601,106607,106698,6,91,1,1800,1.06593406593
107017,107194,119498,177,12304,5,16200,1.01438556567
107191,108763,116907,1572,8144,5,16200,1.19302554028
107202,107208,107572,6,364,1,1800,1.01648351648
107883,136858,165709,28975,28851,4,28800,2.00429794461
107883,107889,136707,6,28818,4,28800,1.00020820321
107884,167504,175482,59620,7978,4,28800,8.47305088995
107885,175490,176949,67605,1459,4,28800,47.3365318711
107885,176955,178483,69070,1528,4,28800,46.2028795812
107886,178491,179934,70605,1443,4,28800,49.9293139293
107887,179941,181400,72054,1459,4,28800,50.3858807402
107888,181406,182789,73518,1383,4,28800,54.15835141
107888,182797,184363,74909,1566,4,28800,48.8346104725
107889,184381,185774,76492,1393,4,28800,55.911701364
108704,108716,108759,12,43,1,1800,1.27906976744
108754,109554,120423,800,10869,5,16200,1.0736038274
108994,109000,109074,6,74,1,1800,1.08108108108
109551,109579,122373,28,12794,5,16200,1.00218852587
109572,110078,120055,506,9977,5,16200,1.05071664829
109684,109691,109934,7,243,1,1800,1.02880658436
110074,110863,120855,789,9992,5,16200,1.07896317054
110862,112253,120300,1391,8047,5,16200,1.17285945073
112253,112319,122202,66,9883,5,16200,1.00667813417
112314,112424,120827,110,8403,5,16200,1.01309056289
112417,112447,120261,30,7814,5,16200,1.00383926286
112438,112810,127126,372,14316,5,16200,1.02598491199
112807,113205,126111,398,12906,5,16200,1.03083836975
112991,113002,121967,11,8965,5,16200,1.00122699387
113196,113989,122089,793,8100,5,16200,1.09790123457
113985,115027,123629,1042,8602,5,16200,1.12113461986
114919,114926,130415,7,15489,16,72000,1.00045193363
114926,114932,130405,6,15473,16,72000,1.00038777225
115017,116919,128411,1902,11492,5,16200,1.16550643926
116242,116248,116275,6,27,4,324000,1.22222222222
116295,116301,116678,6,377,4,324000,1.01591511936
116420,116426,163567,6,47141,4,324000,1.00012727774
116909,118358,132934,1449,14576,5,16200,1.09940998902
118351,119510,131251,1159,11741,5,16200,1.09871390853
119506,120066,131445,560,11379,5,16200,1.0492134634
119658,119665,119706,7,41,4,324000,1.17073170732
120058,120274,129241,216,8967,5,16200,1.02408832385
120235,120241,120280,6,39,4,324000,1.15384615385
120263,120311,134157,48,13846,5,16200,1.00346670519
120304,120434,130931,130,10497,5,16200,1.01238449081
120428,120842,130878,414,10036,5,16200,1.04125149462
120838,121982,133961,1144,11979,5,16200,1.09550045914
120858,120867,129286,9,8419,5,16200,1.00106901057
121060,121066,121105,6,39,4,324000,1.15384615385
121385,121391,121435,6,44,4,324000,1.13636363636
121900,121911,121953,11,42,4,324000,1.2619047619
121973,122101,131922,128,9821,5,16200,1.013033296
122096,122214,134308,118,12094,5,16200,1.00975690425
122209,122384,132071,175,9687,5,16200,1.01806544854
122278,122284,189864,6,67580,4,324000,1.00008878366
122383,123640,132086,1257,8446,5,16200,1.1488278475
123631,126122,134092,2491,7970,5,16200,1.31254705144
124001,124007,130751,6,6744,6,259200,1.00088967972
124089,124095,190155,6,66060,6,259200,1.00009082652
124212,124219,154019,7,29800,6,259200,1.00023489933
124287,124293,141022,6,16729,6,259200,1.00035865862
124329,124339,217930,10,93591,6,259200,1.00010684788
124392,124403,131796,11,7393,1,360000,1.00148789395
124409,124421,143186,12,18765,6,259200,1.00063948841
124695,124701,131457,6,6756,6,259200,1.00088809947
124733,124740,141077,7,16337,4,72000,1.00042847524
124742,124749,160600,7,35851,4,72000,1.00019525257
124748,124756,140338,8,15582,6,259200,1.00051341291
124784,124790,149178,6,24388,6,259200,1.00024602263
124819,124825,129169,6,4344,6,259200,1.00138121547
124886,124892,176013,6,51121,6,259200,1.0001173686
124968,124975,129483,7,4508,6,259200,1.00155279503
125021,125027,179746,6,54719,6,259200,1.00010965113
125051,125057,130345,6,5288,6,259200,1.00113464448
125080,125086,184074,6,58988,6,259200,1.0001017156
125485,125491,145929,6,20438,3,21600,1.0002935708
126712,126718,150657,6,23939,4,25200,1.00025063704
126951,126957,127057,6,100,1,9000,1.06
127220,127227,129144,7,1917,1,9000,1.00365153886
130134,130140,130213,6,73,1,9000,1.08219178082
130522,130528,131228,6,700,1,9000,1.00857142857
131039,131045,133329,6,2284,4,36000,1.00262697023
131332,131338,131371,6,33,1,86400,1.18181818182
131509,131516,174287,7,42771,1,86400,1.00016366229
132501,132512,204551,11,72039,16,72000,1.00015269507
132513,132519,138734,6,6215,2,21600,1.00096540628
133250,133258,306084,8,172826,1,172800,1.00004628933
133302,133308,140800,6,7492,2,21600,1.00080085424
133361,133368,151402,7,18034,1,36000,1.00038815571
133415,133421,134307,6,886,1,9000,1.00677200903
133423,133429,169465,6,36036,1,36000,1.00016650017
133611,133617,138882,6,5265,2,21600,1.00113960114
134555,134561,206593,6,72032,16,72000,1.00008329631
134866,134872,135946,6,1074,8,18000,1.00558659218
135432,135439,187864,7,52425,1,72000,1.00013352408
135437,135445,237639,8,102194,12,345600,1.00007828248
135550,135556,135589,6,33,2,7200,1.18181818182
135551,135562,135595,11,33,2,7200,1.33333333333
135552,135568,135600,16,32,2,7200,1.5
135554,135573,135607,19,34,2,7200,1.55882352941
135555,135579,135611,24,32,2,7200,1.75
135556,135584,135617,28,33,2,7200,1.84848484848
135558,135590,135623,32,33,2,7200,1.9696969697
135559,135595,135629,36,34,2,7200,2.05882352941
135561,135601,135634,40,33,2,7200,2.21212121212
135562,135606,135640,44,34,2,7200,2.29411764706
135563,135612,135645,49,33,2,7200,2.48484848485
135565,135617,135650,52,33,2,7200,2.57575757576
135566,135622,135660,56,38,2,7200,2.47368421053
135568,135628,135662,60,34,2,7200,2.76470588235
135570,135633,135666,63,33,2,7200,2.90909090909
135571,135639,135671,68,32,2,7200,3.125
135573,135644,135677,71,33,2,7200,3.15151515152
135574,135649,135682,75,33,2,7200,3.27272727273
135576,135655,135688,79,33,2,7200,3.39393939394
135577,135660,135690,83,30,2,7200,3.76666666667
135579,135666,135690,87,24,2,7200,4.625
135580,135671,135690,91,19,2,7200,5.78947368421
135581,135676,135690,95,14,2,7200,7.78571428571
135583,135682,135690,99,8,2,7200,10.7
135586,135695,135698,109,3,2,7200,11.2
135588,135700,135702,112,2,2,7200,11.4
135660,135777,137554,117,1777,1,7200,1.06584130557
135727,135783,138680,56,2897,2,7200,1.01933034173
135728,135789,138574,61,2785,2,7200,1.02190305206
135729,135794,138803,65,3009,2,7200,1.02160186108
135731,135800,138796,69,2996,2,7200,1.02303070761
135732,135805,139081,73,3276,2,7200,1.02228327228
135734,135810,138753,76,2943,2,7200,1.02582398913
135735,135816,138789,81,2973,2,7200,1.02724520686
135736,135821,138816,85,2995,2,7200,1.02838063439
135738,135826,138946,88,3120,2,7200,1.02820512821
135739,135832,138960,93,3128,2,7200,1.0297314578
135740,135837,138935,97,3098,2,7200,1.03131052292
135742,135843,138714,101,2871,2,7200,1.03517938001
135743,135848,138879,105,3031,2,7200,1.03464203233
135745,135853,138732,108,2879,2,7200,1.03751302536
135746,135859,138661,113,2802,2,7200,1.0403283369
135747,135864,138863,117,2999,2,7200,1.03901300433
135749,135869,139003,120,3134,2,7200,1.03828972559
135750,135875,138826,125,2951,2,7200,1.04235852253
135751,135880,138732,129,2852,2,7200,1.04523141655
135753,135885,139052,132,3167,2,7200,1.04167982318
135754,135891,138714,137,2823,2,7200,1.0485299327
135755,135896,138893,141,2997,2,7200,1.04704704705
135757,135901,138880,144,2979,2,7200,1.04833836858
135758,135907,139007,149,3100,2,7200,1.04806451613
135759,135912,138820,153,2908,2,7200,1.05261348006
135761,135917,138856,156,2939,2,7200,1.05307927867
135762,135923,138984,161,3061,2,7200,1.05259719046
135764,135928,138820,164,2892,2,7200,1.05670816044
135765,135933,138813,168,2880,2,7200,1.05833333333
135766,135939,138916,173,2977,2,7200,1.05811219348
135768,135944,139059,176,3115,2,7200,1.05650080257
135769,135949,138666,180,2717,2,7200,1.06624953993
135771,135955,138909,184,2954,2,7200,1.06228842248
135772,135960,139025,188,3065,2,7200,1.06133768352
135773,135965,138885,192,2920,2,7200,1.06575342466
135775,135971,138887,196,2916,2,7200,1.06721536351
135776,135976,139030,200,3054,2,7200,1.06548788474
135777,135981,139193,204,3212,2,7200,1.06351183064
135779,136009,138783,230,2774,2,7200,1.08291276136
135780,136015,139098,235,3083,2,7200,1.0762244567
135924,136025,167493,101,31468,2,86400,1.00320960976
135947,136020,139225,73,3205,2,43200,1.02277691108
135970,136032,228566,62,92534,1,129600,1.00067002399
135977,136042,228569,65,92527,1,129600,1.00070249765
135982,136047,228571,65,92524,1,129600,1.00070252043
135995,136053,228573,58,92520,1,129600,1.00062689148
136001,136723,228575,722,91852,1,129600,1.00786047119
136007,136728,228578,721,91850,1,129600,1.00784975504
136067,136733,136747,666,14,1,604800,48.5714285714
138185,138191,226658,6,88467,1,604800,1.0000678219
138354,138360,143349,6,4989,2,43200,1.00120264582
138579,138585,141600,6,3015,2,7200,1.00199004975
138664,138672,141825,8,3153,2,7200,1.0025372661
138679,138685,141623,6,2938,2,7200,1.00204220558
138693,138699,141663,6,2964,2,7200,1.0020242915
138717,138726,141584,9,2858,2,7200,1.00314905528
138719,138731,141820,12,3089,2,7200,1.00388475235
138732,138738,138745,6,7,4,3600,1.3
138734,138744,141913,10,3169,2,7200,1.00315556958
138736,138750,141782,14,3032,2,7200,1.00461741425
138747,138756,144115,9,5359,2,21600,1.0016794178
138754,138764,141899,10,3135,2,7200,1.00318979266
138759,138770,138774,11,4,4,3600,1.5
138784,138795,141773,11,2978,2,7200,1.0036937542
138799,138805,141729,6,2924,2,7200,1.00205198358
138800,138818,169818,18,31000,4,144000,1.00058064516
138801,138812,141543,11,2731,2,7200,1.00402782863
138816,138824,141976,8,3152,2,7200,1.00253807107
138818,138830,141767,12,2937,2,7200,1.00408580184
138833,138839,141701,6,2862,2,7200,1.00209643606
138835,138845,141717,10,2872,2,7200,1.00348189415
138836,138851,141849,15,2998,2,7200,1.00500333556
138837,138856,141759,19,2903,2,7200,1.0065449535
138860,138869,141917,9,3048,2,7200,1.00295275591
138874,138886,141665,12,2779,2,7200,1.00431810004
138890,138898,141952,8,3054,2,7200,1.00261951539
138892,138904,141858,12,2954,2,7200,1.00406228842
138893,138910,141919,17,3009,2,7200,1.00564971751
138894,138916,141992,22,3076,2,7200,1.00715214564
138911,138932,141730,21,2798,2,7200,1.00750536097
138913,138938,142001,25,3063,2,7200,1.00816193275
138918,139236,139294,318,58,4,3600,6.48275862069
138928,138950,142000,22,3050,2,7200,1.00721311475
138943,138955,141903,12,2948,2,7200,1.00407055631
138951,139306,139378,355,72,4,3600,5.93055555556
138958,138972,141850,14,2878,2,7200,1.00486448923
138973,139000,141978,27,2978,2,7200,1.00906648758
138988,139006,141827,18,2821,2,7200,1.00638071606
139006,139014,141955,8,2941,2,7200,1.00272016321
139021,139028,142094,7,3066,2,7200,1.00228310502
139036,139043,141973,7,2930,2,7200,1.0023890785
139037,139048,141977,11,2929,2,7200,1.00375554797
139059,139065,142001,6,2936,2,7200,1.00204359673
139074,139080,142276,6,3196,2,7200,1.00187734668
139088,139095,142067,7,2972,2,7200,1.00235531629
139103,139109,141974,6,2865,2,7200,1.00209424084
139195,139205,142254,10,3049,2,7200,1.00327976386
139384,140350,150365,966,10015,8,18000,1.09645531702
139772,141044,142174,1272,1130,1,86400,2.12566371681
139783,140810,164060,1027,23250,4,36000,1.04417204301
139916,141033,149942,1117,8909,2,43200,1.1253788304
140557,141088,142213,531,1125,1,432000,1.472
140730,141038,174531,308,33493,2,54000,1.00919595139
141001,141049,320522,48,179473,1,604800,1.0002674497
141150,143197,143714,2047,517,8,3600,4.95938104449
141252,143725,147370,2473,3645,8,3600,1.67846364883
141544,141554,144443,10,2889,2,7200,1.00346140533
141586,141596,144596,10,3000,2,7200,1.00333333333
141601,141611,144490,10,2879,2,7200,1.00347342827
141625,141634,144447,9,2813,2,7200,1.00319943121
141664,141674,144603,10,2929,2,7200,1.00341413452
141679,141685,144706,6,3021,2,7200,1.00198609732
141703,141712,144340,9,2628,2,7200,1.00342465753
141718,141728,144694,10,2966,2,7200,1.00337154417
141734,141740,144686,6,2946,2,7200,1.00203665988
141735,141747,144611,12,2864,2,7200,1.00418994413
141743,149195,281105,7452,131910,6,259200,1.05649306345
141760,141770,144573,10,2803,2,7200,1.00356760614
141761,149955,195945,8194,45990,6,259200,1.17816916721
141776,141783,144694,7,2911,2,7200,1.00240467193
141778,141790,144904,12,3114,2,7200,1.00385356455
141793,141802,144773,9,2971,2,7200,1.00302928307
141824,141831,144753,7,2922,2,7200,1.00239561944
141838,141845,144803,7,2958,2,7200,1.00236646383
141840,141851,144696,11,2845,2,7200,1.00386643234
141857,141863,144696,6,2833,2,7200,1.00211789622
141858,150663,292928,8805,142265,6,259200,1.06189154044
141859,141870,144841,11,2971,2,7200,1.00370245709
141874,141880,144894,6,3014,2,7200,1.00199071002
141884,154036,204288,12152,50252,6,259200,1.24182122105
141901,141910,145040,9,3130,2,7200,1.00287539936
141917,141923,144855,6,2932,2,7200,1.00204638472
141918,141930,144979,12,3049,2,7200,1.00393571663
141927,162150,317962,20223,155812,6,259200,1.12979103022
141934,141940,144719,6,2779,2,7200,1.00215905002
141935,141947,145054,12,3107,2,7200,1.00386224654
141951,162156,217826,20205,55670,6,259200,1.36294233878
141953,141964,144874,11,2910,2,7200,1.00378006873
141970,141976,144723,6,2747,2,7200,1.00218420095
141986,141992,144847,6,2855,2,7200,1.00210157618
141987,141999,145174,12,3175,2,7200,1.00377952756
141989,142005,144667,16,2662,2,7200,1.00601051841
141990,142010,145083,20,3073,2,7200,1.00650829808
141991,142015,145192,24,3177,2,7200,1.00755429651
142018,142029,145057,11,3028,2,7200,1.0036327609
142019,142035,144809,16,2774,2,7200,1.00576784427
142021,142040,144917,19,2877,2,7200,1.00660410149
142022,142045,144873,23,2828,2,7200,1.00813295615
142068,142084,144940,16,2856,2,7200,1.0056022409
142096,142106,144995,10,2889,2,7200,1.00346140533
142186,143883,176438,1697,32555,1,158400,1.05212716941
142211,144127,145379,1916,1252,1,432000,2.5303514377
142241,142248,168102,7,25854,4,36000,1.00027075114
142265,142271,145369,6,3098,2,7200,1.00193673338
142280,142287,145082,7,2795,2,7200,1.00250447227
142641,143730,154136,1089,10406,2,43200,1.10465116279
144112,144132,175416,20,31284,1,230400,1.00063930444
144217,145991,220746,1774,74755,1,280800,1.02373085412
144236,145996,158596,1760,12600,1,230400,1.13968253968
144342,144352,147363,10,3011,2,7200,1.00332115576
144444,144460,147472,16,3012,2,7200,1.00531208499
144459,144466,147507,7,3041,2,7200,1.00230187438
144492,144501,147534,9,3033,2,7200,1.00296735905
144573,144584,147589,11,3005,2,7200,1.00366056572
144597,144607,147597,10,2990,2,7200,1.00334448161
144612,144623,147617,11,2994,2,7200,1.0036740147
144614,144629,147603,15,2974,2,7200,1.00504371217
144648,145985,224382,1337,78397,2,86400,1.01705422401
144668,144679,147602,11,2923,2,7200,1.00376325693
144689,144697,147735,8,3038,2,7200,1.00263331139
144705,144711,147711,6,3000,2,7200,1.002
144707,144717,147574,10,2857,2,7200,1.00350017501
144708,144723,147527,15,2804,2,7200,1.00534950071
144709,144728,147559,19,2831,2,7200,1.0067114094
144725,144745,147634,20,2889,2,7200,1.00692281066
144726,144751,147739,25,2988,2,7200,1.00836680054
144728,144756,147890,28,3134,2,7200,1.0089342693
144755,144765,147728,10,2963,2,7200,1.00337495781
144776,144784,147796,8,3012,2,7200,1.0026560425
144808,145941,145974,1133,33,4,72000,35.3333333333
144809,144814,147664,5,2850,2,7200,1.00175438596
144823,144830,147756,7,2926,2,7200,1.0023923445
144841,144852,147925,11,3073,2,7200,1.00357956394
144857,144863,147822,6,2959,2,7200,1.00202771206
144858,144870,147767,12,2897,2,7200,1.00414221609
144876,144885,147757,9,2872,2,7200,1.00313370474
144877,144891,147870,14,2979,2,7200,1.00469956361
144897,144905,148097,8,3192,2,7200,1.00250626566
144914,144920,147881,6,2961,2,7200,1.00202634245
144928,144934,147957,6,3023,2,7200,1.00198478333
144943,144951,147816,8,2865,2,7200,1.00279232112
144983,144991,147904,8,2913,2,7200,1.00274630965
144998,145006,147977,8,2971,2,7200,1.00269269606
145044,145056,148028,12,2972,2,7200,1.00403768506
145059,145065,147802,6,2737,2,7200,1.00219218122
145060,145071,148012,11,2941,2,7200,1.00374022441
145085,145101,148046,16,2945,2,7200,1.00543293718
145087,145095,147986,8,2891,2,7200,1.00276720858
145175,145185,148161,10,2976,2,7200,1.00336021505
145193,145206,148386,13,3180,2,7200,1.00408805031
145372,145386,148190,14,2804,2,7200,1.00499286733
146141,147393,167744,1252,20351,1,151200,1.06152031841
146243,147382,155399,1139,8017,2,72000,1.14207309467
147120,147388,219434,268,72046,2,72000,1.00371984565
147379,147400,150329,21,2929,2,7200,1.00716968249
147490,147496,150519,6,3023,2,7200,1.00198478333
147522,147529,150663,7,3134,2,7200,1.00223356733
147538,147544,150460,6,2916,2,7200,1.00205761317
147539,147550,150469,11,2919,2,7200,1.00376841384
147572,147578,150407,6,2829,2,7200,1.00212089077
147603,147609,150600,6,2991,2,7200,1.00200601805
147604,147615,150420,11,2805,2,7200,1.00392156863
147606,147621,150564,15,2943,2,7200,1.00509683996
147628,147634,150529,6,2895,2,7200,1.00207253886
147629,147641,150919,12,3278,2,7200,1.00366076876
147630,147647,150761,17,3114,2,7200,1.00545921644
147645,147653,150442,8,2789,2,7200,1.00286841162
147666,147675,150684,9,3009,2,7200,1.00299102692
147723,147729,150625,6,2896,2,7200,1.0020718232
147753,147762,150547,9,2785,2,7200,1.00323159785
147754,147767,150587,13,2820,2,7200,1.00460992908
147756,147772,150944,16,3172,2,7200,1.00504413619
147773,147779,150745,6,2966,2,7200,1.0020229265
147774,147790,150764,16,2974,2,7200,1.00537995965
147775,147795,150637,20,2842,2,7200,1.00703729768
147797,147807,151020,10,3213,2,7200,1.00311235605
147812,147818,151009,6,3191,2,7200,1.00188028831
147828,147833,150736,5,2903,2,7200,1.00172235618
147829,147839,151065,10,3226,2,7200,1.00309981401
147881,147887,150824,6,2937,2,7200,1.00204290092
147907,147913,151115,6,3202,2,7200,1.00187382886
147909,147919,151021,10,3102,2,7200,1.00322372663
147910,147925,151083,15,3158,2,7200,1.00474984167
147926,147936,150893,10,2957,2,7200,1.00338180588
147968,147975,151068,7,3093,2,7200,1.00226317491
147986,147992,151200,6,3208,2,7200,1.00187032419
148001,148008,150878,7,2870,2,7200,1.00243902439
148022,148030,151038,8,3008,2,7200,1.00265957447
148037,148043,151195,6,3152,2,7200,1.0019035533
148052,148058,151100,6,3042,2,7200,1.00197238659
148116,148122,151378,6,3256,2,7200,1.00184275184
148166,148172,151231,6,3059,2,7200,1.0019614253
148199,148205,151083,6,2878,2,7200,1.0020847811
148393,148399,151595,6,3196,2,7200,1.00187734668
150103,150376,176116,273,25740,4,36000,1.01060606061
150335,150341,153300,6,2959,2,7200,1.00202771206
150411,150420,153411,9,2991,2,7200,1.00300902708
150426,150438,153525,12,3087,2,7200,1.00388726919
150444,150453,153422,9,2969,2,7200,1.00303132368
150463,150471,153506,8,3035,2,7200,1.00263591433
150477,150484,153573,7,3089,2,7200,1.00226610554
150517,150530,153581,13,3051,2,7200,1.00426089807
150532,150540,153603,8,3063,2,7200,1.00261181848
150550,150558,153529,8,2971,2,7200,1.00269269606
150567,150575,153572,8,2997,2,7200,1.002669336
150583,154155,159994,3572,5839,2,28800,1.61174858709
150589,150598,153629,9,3031,2,7200,1.00296931706
150603,150612,153663,9,3051,2,7200,1.00294985251
150627,150636,153835,9,3199,2,7200,1.00281337918
150642,150651,153872,9,3221,2,7200,1.0027941633
150667,150675,153767,8,3092,2,7200,1.00258732212
150685,150696,153534,11,2838,2,7200,1.00387596899
150739,150749,153838,10,3089,2,7200,1.00323729362
150754,150760,153655,6,2895,2,7200,1.00207253886
150769,150774,153597,5,2823,2,7200,1.00177116543
150770,150782,153719,12,2937,2,7200,1.00408580184
150821,163586,171620,12765,8034,2,28800,2.58887229276
150824,150835,154129,11,3294,2,7200,1.00333940498
150878,150889,153782,11,2893,2,7200,1.00380228137
150893,150904,153950,11,3046,2,7200,1.0036112935
150920,150930,153889,10,2959,2,7200,1.00337952011
150947,150956,153976,9,3020,2,7200,1.00298013245
151011,151026,154041,15,3015,2,7200,1.00497512438
151026,151033,154328,7,3295,2,7200,1.00212443096
151027,151039,154182,12,3143,2,7200,1.00381800827
151043,151049,154050,6,3001,2,7200,1.00199933356
151067,151076,154019,9,2943,2,7200,1.00305810398
151068,151089,154308,21,3219,2,7200,1.00652376514
151086,151100,154024,14,2924,2,7200,1.0047879617
151088,151106,154270,18,3164,2,7200,1.00568900126
151102,151117,154146,15,3029,2,7200,1.00495212942
151117,151126,154181,9,3055,2,7200,1.00294599018
151195,151206,154123,11,2917,2,7200,1.0037709976
151211,151217,154178,6,2961,2,7200,1.00202634245
151235,151243,154180,8,2937,2,7200,1.00272386789
151379,151389,154258,10,2869,2,7200,1.00348553503
151597,151606,154750,9,3144,2,7200,1.00286259542
153302,153314,156369,12,3055,2,7200,1.00392798691
153367,163591,164501,10224,910,2,68400,12.2351648352
153413,153422,156502,9,3080,2,7200,1.00292207792
153428,153436,156558,8,3122,2,7200,1.00256245996
153509,153518,156644,9,3126,2,7200,1.00287907869
153528,153536,156499,8,2963,2,7200,1.00269996625
153532,164072,164979,10540,907,2,284400,12.6207276736
153543,153549,156713,6,3164,2,7200,1.00189633375
153544,153556,156569,12,3013,2,7200,1.00398274145
153575,153583,156764,8,3181,2,7200,1.00251493241
153576,153589,156514,13,2925,2,7200,1.00444444444
153591,153599,156581,8,2982,2,7200,1.00268276325
153606,153612,156786,6,3174,2,7200,1.00189035917
153608,153619,156757,11,3138,2,7200,1.00350541746
153632,153641,156720,9,3079,2,7200,1.00292302696
153656,153668,156707,12,3039,2,7200,1.00394866732
153671,153681,156651,10,2970,2,7200,1.00336700337
153722,153730,156741,8,3011,2,7200,1.00265692461
153770,153779,156828,9,3049,2,7200,1.00295178747
153785,153794,156888,9,3094,2,7200,1.00290885585
153836,153852,156838,16,2986,2,7200,1.00535833891
153851,153858,156941,7,3083,2,7200,1.00227051573
153875,153884,157198,9,3314,2,7200,1.00271575136
153890,153900,156868,10,2968,2,7200,1.00336927224
153951,153962,157073,11,3111,2,7200,1.00353584057
153978,153987,157017,9,3030,2,7200,1.00297029703
154020,154031,156897,11,2866,2,7200,1.00383810188
154034,154044,157162,10,3118,2,7200,1.00320718409
154049,154055,156918,6,2863,2,7200,1.00209570381
154051,154062,157342,11,3280,2,7200,1.00335365854
154126,154135,156885,9,2750,2,7200,1.00327272727
154141,154149,157385,8,3236,2,7200,1.00247218789
154156,154163,157067,7,2904,2,7200,1.00241046832
154181,154189,157106,8,2917,2,7200,1.00274254371
154182,154197,157347,15,3150,2,7200,1.00476190476
154197,154204,157396,7,3192,2,7200,1.00219298246
154199,154211,157388,12,3177,2,7200,1.00377714825
154259,154273,157347,14,3074,2,7200,1.00455432661
154274,154282,157266,8,2984,2,7200,1.00268096515
154310,154319,157355,9,3036,2,7200,1.00296442688
154331,154340,157389,9,3049,2,7200,1.00295178747
154377,160007,162137,5630,2130,8,2700,3.64319248826
154751,154761,157894,10,3133,2,7200,1.00319182892
156371,156381,159638,10,3257,2,7200,1.0030703101
156500,156511,159402,11,2891,2,7200,1.0038049118
156516,156522,159546,6,3024,2,7200,1.00198412698
156517,156529,159495,12,2966,2,7200,1.004045853
156560,156569,159766,9,3197,2,7200,1.00281513919
156575,156583,159558,8,2975,2,7200,1.00268907563
156590,156596,159608,6,3012,2,7200,1.00199203187
156647,156656,159459,9,2803,2,7200,1.00321084552
156662,156668,159698,6,3030,2,7200,1.00198019802
156710,156720,159989,10,3269,2,7200,1.00305903946
156725,156731,159766,6,3035,2,7200,1.00197693575
156726,156738,159870,12,3132,2,7200,1.00383141762
156741,156752,159780,11,3028,2,7200,1.0036327609
156760,156768,159724,8,2956,2,7200,1.00270635995
156774,156786,159759,12,2973,2,7200,1.00403632694
156790,156800,159844,10,3044,2,7200,1.00328515112
156829,156839,159858,10,3019,2,7200,1.00331235508
156844,156853,159874,9,3021,2,7200,1.00297914598
156865,156879,159834,14,2955,2,7200,1.00473773266
156886,156897,159930,11,3033,2,7200,1.00362677217
156901,156912,159949,11,3037,2,7200,1.00362199539
156902,156917,160066,15,3149,2,7200,1.00476341696
156920,156930,160151,10,3221,2,7200,1.00310462589
156944,156952,159894,8,2942,2,7200,1.00271923861
157020,157029,159924,9,2895,2,7200,1.00310880829
157071,157079,160299,8,3220,2,7200,1.00248447205
157086,157092,160176,6,3084,2,7200,1.00194552529
157110,157118,160316,8,3198,2,7200,1.00250156348
157159,157174,160300,15,3126,2,7200,1.00479846449
157201,157210,160502,9,3292,2,7200,1.00273390036
157268,157278,160440,10,3162,2,7200,1.00316255534
157343,157353,160400,10,3047,2,7200,1.00328191664
157358,157365,160271,7,2906,2,7200,1.00240880936
157360,157372,160488,12,3116,2,7200,1.00385109114
157361,157378,160481,17,3103,2,7200,1.00547856913
157385,157397,160578,12,3181,2,7200,1.00377239862
157400,157407,160592,7,3185,2,7200,1.0021978022
157402,157414,160321,12,2907,2,7200,1.00412796698
157403,157420,160565,17,3145,2,7200,1.00540540541
157896,157905,160949,9,3044,2,7200,1.00295663601
158238,165723,169650,7485,3927,8,7200,2.90603514133
159404,159413,162769,9,3356,2,7200,1.002681764
159461,159471,162477,10,3006,2,7200,1.00332667997
159497,159506,162841,9,3335,2,7200,1.00269865067
159548,159557,162578,9,3021,2,7200,1.00297914598
159563,159569,162510,6,2941,2,7200,1.00204012241
159611,159620,162915,9,3295,2,7200,1.00273141123
159639,159649,162600,10,2951,2,7200,1.0033886818
159699,159710,162636,11,2926,2,7200,1.0037593985
159714,159721,159725,7,4,2,3540,1.1
159726,159741,162694,15,2953,2,7200,1.00507958009
159762,159771,162708,9,2937,2,7200,1.00306435138
159777,159788,162840,11,3052,2,7200,1.00360419397
159778,159794,162980,16,3186,2,7200,1.00502197112
159793,159800,162670,7,2870,2,7200,1.00243902439
159835,159845,163021,10,3176,2,7200,1.00314861461
159851,159856,163028,5,3172,2,7200,1.00157629256
159865,159872,163272,7,3400,2,7200,1.00205882353
159880,159886,162844,6,2958,2,7200,1.00202839757
159882,159893,162802,11,2909,2,7200,1.00378136817
159897,159906,163239,9,3333,2,7200,1.00270027003
159927,159935,162876,8,2941,2,7200,1.00272016321
159941,159948,162771,7,2823,2,7200,1.0024796316
159956,159962,163122,6,3160,2,7200,1.00189873418
159992,160000,163235,8,3235,2,7200,1.00247295209
160067,160078,163133,11,3055,2,7200,1.00360065466
160152,160162,163005,10,2843,2,7200,1.00351741119
160179,160187,162931,8,2744,2,7200,1.0029154519
160273,160282,163318,9,3036,2,7200,1.00296442688
160300,160310,163545,10,3235,2,7200,1.00309119011
160301,160317,163311,16,2994,2,7200,1.00534402138
160316,160330,163510,14,3180,2,7200,1.00440251572
160331,160339,163149,8,2810,2,7200,1.00284697509
160401,160413,163485,12,3072,2,7200,1.00390625
160443,160451,163342,8,2891,2,7200,1.00276720858
160482,160492,163463,10,2971,2,7200,1.00336587008
160497,160503,163428,6,2925,2,7200,1.00205128205
160512,160518,163564,6,3046,2,7200,1.00196979645
160566,160577,163689,11,3112,2,7200,1.00353470437
160581,160589,163748,8,3159,2,7200,1.00253244698
160595,160603,163634,8,3031,2,7200,1.00263939294
160952,160960,164172,8,3212,2,7200,1.00249066002
162478,162488,165438,10,2950,2,7200,1.00338983051
162511,162522,165882,11,3360,2,7200,1.00327380952
162580,162590,165502,10,2912,2,7200,1.00343406593
162601,162612,165691,11,3079,2,7200,1.0035725885
162637,162647,165787,10,3140,2,7200,1.00318471338
162671,162681,165971,10,3290,2,7200,1.00303951368
162698,162706,165854,8,3148,2,7200,1.00254129606
162712,162719,165885,7,3166,2,7200,1.00221099179
162773,162783,165706,10,2923,2,7200,1.00342114266
162774,162789,166065,15,3276,2,7200,1.00457875458
162804,162814,165850,10,3036,2,7200,1.00329380764
162844,162852,165822,8,2970,2,7200,1.00269360269
162845,162857,165792,12,2935,2,7200,1.00408858603
162847,162863,166072,16,3209,2,7200,1.00498597694
162877,162887,165839,10,2952,2,7200,1.00338753388
162916,162926,166104,10,3178,2,7200,1.0031466331
162934,162942,166105,8,3163,2,7200,1.00252924439
162982,162991,165981,9,2990,2,7200,1.00301003344
163006,163016,165942,10,2926,2,7200,1.003417635
163024,163032,166243,8,3211,2,7200,1.00249143569
163039,163044,166142,5,3098,2,7200,1.00161394448
163123,163133,166221,10,3088,2,7200,1.00323834197
163138,163144,166447,6,3303,2,7200,1.00181653043
163152,163162,166005,10,2843,2,7200,1.00351741119
163237,163247,166278,10,3031,2,7200,1.00329924117
163251,163258,166395,7,3137,2,7200,1.0022314313
163275,163284,166522,9,3238,2,7200,1.00277949351
163312,163322,166450,10,3128,2,7200,1.00319693095
163326,163332,166417,6,3085,2,7200,1.00194489465
163344,163353,166391,9,3038,2,7200,1.00296247531
163429,163439,166682,10,3243,2,7200,1.0030835646
163465,163474,166303,9,2829,2,7200,1.00318133616
163486,163496,166679,10,3183,2,7200,1.00314169023
163510,163521,166883,11,3362,2,7200,1.00327186199
163546,163556,166441,10,2885,2,7200,1.00346620451
163567,163580,166605,13,3025,2,7200,1.00429752066
163637,163646,166557,9,2911,2,7200,1.00309172106
163691,163704,166614,13,2910,2,7200,1.00446735395
163751,163760,166948,9,3188,2,7200,1.00282308657
164174,164183,167123,9,2940,2,7200,1.00306122449
165438,165449,168412,11,2963,2,7200,1.00371245359
165505,165514,168465,9,2951,2,7200,1.00304981362
165694,165703,168626,9,2923,2,7200,1.0030790284
165709,165717,168882,8,3165,2,7200,1.00252764613
165790,165798,168901,8,3103,2,7200,1.00257815018
165805,165811,168774,6,2963,2,7200,1.00202497469
165823,165833,168672,10,2839,2,7200,1.00352236703
165841,165850,168886,9,3036,2,7200,1.00296442688
165856,165862,169035,6,3173,2,7200,1.00189095493
165857,165869,169236,12,3367,2,7200,1.00356400356
165885,165895,169112,10,3217,2,7200,1.00310848617
165900,165906,168932,6,3026,2,7200,1.0019828156
165945,165953,169077,8,3124,2,7200,1.00256081946
165972,165982,169234,10,3252,2,7200,1.00307503075
165986,165992,168780,6,2788,2,7200,1.00215208034
166007,166016,168989,9,2973,2,7200,1.00302724521
166068,166077,169173,9,3096,2,7200,1.00290697674
166082,166088,169010,6,2922,2,7200,1.00205338809
166107,166115,169000,8,2885,2,7200,1.0027729636
166108,166122,169079,14,2957,2,7200,1.00473452824
166144,166153,169230,9,3077,2,7200,1.00292492688
166222,166232,169510,10,3278,2,7200,1.00305064063
166243,166254,169423,11,3169,2,7200,1.00347112654
166281,166290,169251,9,2961,2,7200,1.00303951368
166305,166314,169546,9,3232,2,7200,1.00278465347
166393,166405,169301,12,2896,2,7200,1.00414364641
166407,166414,169511,7,3097,2,7200,1.00226025186
166422,166428,169527,6,3099,2,7200,1.00193610842
166443,166453,169441,10,2988,2,7200,1.00334672021
166458,166464,169550,6,3086,2,7200,1.00194426442
166460,166470,169498,10,3028,2,7200,1.00330250991
166524,166533,169606,9,3073,2,7200,1.00292873414
166561,166568,169538,7,2970,2,7200,1.00235690236
166606,166616,169570,10,2954,2,7200,1.00338524035
166621,166627,169718,6,3091,2,7200,1.00194111938
166681,166690,169370,9,2680,2,7200,1.00335820896
166696,166702,169754,6,3052,2,7200,1.00196592398
166886,166894,169593,8,2699,2,7200,1.00296406076
166949,166959,170028,10,3069,2,7200,1.00325839036
167124,167134,170129,10,2995,2,7200,1.00333889816
168413,168423,171578,10,3155,2,7200,1.00316957211
168467,168478,171768,11,3290,2,7200,1.00334346505
168629,168640,171575,11,2935,2,7200,1.00374787053
168675,168683,171767,8,3084,2,7200,1.00259403372
168777,168786,171578,9,2792,2,7200,1.0032234957
168791,168798,172006,7,3208,2,7200,1.00218204489
168885,168893,172069,8,3176,2,7200,1.00251889169
168900,168906,171813,6,2907,2,7200,1.00206398349
168915,168921,171863,6,2942,2,7200,1.00203942896
168933,168943,172192,10,3249,2,7200,1.00307787011
168990,169004,172143,14,3139,2,7200,1.00446001911
169005,169011,172020,6,3009,2,7200,1.00199401795
169020,169029,172332,9,3303,2,7200,1.00272479564
169038,169046,171792,8,2746,2,7200,1.00291332848
169080,169091,171971,11,2880,2,7200,1.00381944444
169082,169097,172202,15,3105,2,7200,1.00483091787
169115,169124,172083,9,2959,2,7200,1.0030415681
169175,169184,172314,9,3130,2,7200,1.00287539936
169233,169243,172353,10,3110,2,7200,1.00321543408
169248,169254,172407,6,3153,2,7200,1.00190294957
169249,169261,172319,12,3058,2,7200,1.00392413342
169264,169270,172370,6,3100,2,7200,1.00193548387
169303,169315,172524,12,3209,2,7200,1.0037394827
169372,169381,172430,9,3049,2,7200,1.00295178747
169423,169434,172366,11,2932,2,7200,1.00375170532
169441,169451,172197,10,2746,2,7200,1.0036416606
169502,169511,172541,9,3030,2,7200,1.00297029703
169517,169522,172658,5,3136,2,7200,1.00159438776
169518,169529,172315,11,2786,2,7200,1.00394831299
169533,169541,172644,8,3103,2,7200,1.00257815018
169549,169555,172666,6,3111,2,7200,1.00192864031
169550,169561,172790,11,3229,2,7200,1.00340662744
169565,169571,172584,6,3013,2,7200,1.00199137073
169580,169586,172696,6,3110,2,7200,1.00192926045
169595,169604,172630,9,3026,2,7200,1.0029742234
169609,169617,172749,8,3132,2,7200,1.00255427842
169721,169729,172888,8,3159,2,7200,1.00253244698
169757,169765,172677,8,2912,2,7200,1.00274725275
170032,170040,173132,8,3092,2,7200,1.00258732212
170131,170140,173303,9,3163,2,7200,1.00284539994
170331,170338,170339,7,1,1,240,1.0
170647,170653,171589,6,936,1,9000,1.00641025641
171577,171586,174531,9,2945,2,7200,1.00305602716
171592,171598,174423,6,2825,2,7200,1.00212389381
171593,171604,174587,11,2983,2,7200,1.00368756286
171768,171785,174670,17,2885,2,7200,1.00589254766
171770,171779,174876,9,3097,2,7200,1.0029060381
171794,171803,174890,9,3087,2,7200,1.0029154519
171815,171824,174765,9,2941,2,7200,1.00306018361
171863,171874,174893,11,3019,2,7200,1.00364359059
171975,171988,174942,13,2954,2,7200,1.00440081246
172008,172017,174873,9,2856,2,7200,1.0031512605
172023,172031,174928,8,2897,2,7200,1.00276147739
172071,172080,175067,9,2987,2,7200,1.00301305658
172086,172094,175156,8,3062,2,7200,1.00261267146
172146,172158,175439,12,3281,2,7200,1.00365742152
172194,172203,175154,9,2951,2,7200,1.00304981362
172209,172215,175289,6,3074,2,7200,1.00195185426
172211,172222,175415,11,3193,2,7200,1.00344503602
172316,172325,175449,9,3124,2,7200,1.0028809219
172318,172338,175156,20,2818,2,7200,1.00709723208
172333,172349,175242,16,2893,2,7200,1.00553059108
172334,172355,175435,21,3080,2,7200,1.00681818182
172355,172371,175322,16,2951,2,7200,1.00542189088
172370,172378,175395,8,3017,2,7200,1.0026516407
172385,172392,175709,7,3317,2,7200,1.00211034067
172409,172418,175422,9,3004,2,7200,1.00299600533
172433,172441,175292,8,2851,2,7200,1.00280603297
172527,172535,175564,8,3029,2,7200,1.00264113569
172542,172552,175448,10,2896,2,7200,1.00345303867
172587,172595,175584,8,2989,2,7200,1.00267648043
172632,172641,175399,9,2758,2,7200,1.00326323423
172647,172656,175937,9,3281,2,7200,1.00274306614
172662,172670,175589,8,2919,2,7200,1.00274066461
172677,172683,175907,6,3224,2,7200,1.00186104218
172692,172698,175719,6,3021,2,7200,1.00198609732
172706,172712,175568,6,2856,2,7200,1.00210084034
172751,172761,175737,10,2976,2,7200,1.00336021505
172791,172801,176115,10,3314,2,7200,1.00301750151
172891,172899,175996,8,3097,2,7200,1.00258314498
173135,173143,176285,8,3142,2,7200,1.00254614895
173307,173314,176435,7,3121,2,7200,1.00224287087
174424,174434,177315,10,2881,2,7200,1.00347101701
174532,174543,177664,11,3121,2,7200,1.00352451137
174589,174599,177824,10,3225,2,7200,1.00310077519
174671,174681,177620,10,2939,2,7200,1.00340251786
174767,174777,177732,10,2955,2,7200,1.00338409475
174876,174884,177797,8,2913,2,7200,1.00274630965
174891,174897,177709,6,2812,2,7200,1.00213371266
174892,174904,178098,12,3194,2,7200,1.00375704446
174907,174913,177749,6,2836,2,7200,1.00211565585
174931,174940,178236,9,3296,2,7200,1.00273058252
174946,174953,177971,7,3018,2,7200,1.00231941683
175070,175082,178012,12,2930,2,7200,1.00409556314
175158,175165,178234,7,3069,2,7200,1.00228087325
175159,175172,177959,13,2787,2,7200,1.00466451381
175161,175178,178189,17,3011,2,7200,1.0056459648
175245,175253,178241,8,2988,2,7200,1.00267737617
175290,175300,178156,10,2856,2,7200,1.00350140056
175305,175311,178303,6,2992,2,7200,1.00200534759
175323,175333,178594,10,3261,2,7200,1.003066544
175399,175407,178468,8,3061,2,7200,1.00261352499
175414,175420,178418,6,2998,2,7200,1.00200133422
175429,175435,178402,6,2967,2,7200,1.00202224469
175430,175442,178449,12,3007,2,7200,1.00399068839
175447,175453,178385,6,2932,2,7200,1.00204638472
175449,175460,178373,11,2913,2,7200,1.00377617576
175463,175472,178424,9,2952,2,7200,1.00304878049
175465,175477,178555,12,3078,2,7200,1.00389863548
175568,175577,178823,9,3246,2,7200,1.00277264325
175583,175589,178792,6,3203,2,7200,1.00187324383
175597,175604,178743,7,3139,2,7200,1.00223000956
175599,175610,178749,11,3139,2,7200,1.00350430073
175710,175720,178850,10,3130,2,7200,1.00319488818
175725,175732,178865,7,3133,2,7200,1.00223428024
175740,175748,178714,8,2966,2,7200,1.00269723533
175909,175918,179333,9,3415,2,7200,1.00263543192
175939,175948,179285,9,3337,2,7200,1.00269703326
175999,176007,178886,8,2879,2,7200,1.00277874262
176117,176127,178976,10,2849,2,7200,1.00351000351
176286,176296,179171,10,2875,2,7200,1.00347826087
176437,176446,179417,9,2971,2,7200,1.00302928307
177316,177327,180483,11,3156,2,7200,1.00348542459
177446,177458,179838,12,2380,1,9000,1.00504201681
177623,177631,180735,8,3104,2,7200,1.00257731959
177665,177675,180355,10,2680,2,7200,1.00373134328
177711,177721,180866,10,3145,2,7200,1.00317965024
177735,177743,180799,8,3056,2,7200,1.00261780105
177750,177760,180890,10,3130,2,7200,1.00319488818
177798,177808,180863,10,3055,2,7200,1.00327332242
177825,177836,180820,11,2984,2,7200,1.00368632708
177961,177970,180840,9,2870,2,7200,1.0031358885
177976,177982,181206,6,3224,2,7200,1.00186104218
178015,178024,181173,9,3149,2,7200,1.00285805017
178099,178109,181430,10,3321,2,7200,1.00301114122
178156,178172,181035,16,2863,2,7200,1.00558854349
178193,178201,181457,8,3256,2,7200,1.00245700246
178235,178250,181376,15,3126,2,7200,1.00479846449
178250,178257,181142,7,2885,2,7200,1.00242634315
178252,178263,181444,11,3181,2,7200,1.00345803207
178306,178314,181295,8,2981,2,7200,1.0026836632
178375,178384,181421,9,3037,2,7200,1.00296345077
178390,178396,181819,6,3423,2,7200,1.00175284838
178405,178413,181429,8,3016,2,7200,1.00265251989
178420,178429,181255,9,2826,2,7200,1.00318471338
178435,178441,181655,6,3214,2,7200,1.00186683261
178453,178461,181435,8,2974,2,7200,1.00268997983
178468,178479,181546,11,3067,2,7200,1.00358656668
178558,178568,181625,10,3057,2,7200,1.0032711809
178597,178608,181718,11,3110,2,7200,1.00353697749
178715,178725,181791,10,3066,2,7200,1.0032615786
178745,178754,181833,9,3079,2,7200,1.00292302696
178760,178766,181908,6,3142,2,7200,1.00190961171
178793,178803,181781,10,2978,2,7200,1.00335795836
178826,178835,181656,9,2821,2,7200,1.00319035803
178853,178862,181776,9,2914,2,7200,1.00308853809
178868,178876,181772,8,2896,2,7200,1.00276243094
178889,178897,181998,8,3101,2,7200,1.00257981296
178980,178988,182030,8,3042,2,7200,1.00262984878
179173,179183,182040,10,2857,2,7200,1.00350017501
179288,179296,182251,8,2955,2,7200,1.0027072758
179336,179344,182390,8,3046,2,7200,1.00262639527
179417,179428,182233,11,2805,2,7200,1.00392156863
180357,180367,183376,10,3009,2,7200,1.00332336324
180486,180494,183318,8,2824,2,7200,1.00283286119
180736,180747,183902,11,3155,2,7200,1.00348652932
180802,180810,183927,8,3117,2,7200,1.00256657042
180820,180831,183885,11,3054,2,7200,1.00360183366
180841,180851,183952,10,3101,2,7200,1.0032247662
180866,180874,183759,8,2885,2,7200,1.0027729636
180880,180886,183795,6,2909,2,7200,1.00206256446
180895,180901,183936,6,3035,2,7200,1.00197693575
181037,181046,183816,9,2770,2,7200,1.00324909747
181142,181153,184227,11,3074,2,7200,1.00357839948
181175,181185,184305,10,3120,2,7200,1.00320512821
181208,181217,184020,9,2803,2,7200,1.00321084552
181257,181267,184292,10,3025,2,7200,1.00330578512
181296,181306,184299,10,2993,2,7200,1.0033411293
181378,181388,184471,10,3083,2,7200,1.0032435939
181423,181435,184274,12,2839,2,7200,1.00422684044
181439,181445,184329,6,2884,2,7200,1.00208044383
181440,181451,184353,11,2902,2,7200,1.00379048932
181441,181457,184646,16,3189,2,7200,1.00501724679
181456,181463,184330,7,2867,2,7200,1.00244157656
181471,181477,184632,6,3155,2,7200,1.00190174326
181546,181557,184406,11,2849,2,7200,1.00386100386
181628,181636,184588,8,2952,2,7200,1.0027100271
181658,181673,184395,15,2722,2,7200,1.00551065393
181659,181666,184935,7,3269,2,7200,1.00214132762
181720,181729,184629,9,2900,2,7200,1.00310344828
181720,181735,181748,15,13,1,3600,2.15384615385
181774,181783,184799,9,3016,2,7200,1.00298408488
181788,181801,192885,13,11084,1,360000,1.00117286178
181789,181795,184678,6,2883,2,7200,1.00208116545
181790,181807,185065,17,3258,2,7200,1.00521792511
181805,181814,184950,9,3136,2,7200,1.00286989796
181820,181836,184817,16,2981,2,7200,1.0053673264
181835,181850,184676,15,2826,2,7200,1.00530785563
181911,181919,185087,8,3168,2,7200,1.00252525253
181960,181967,182143,7,176,1,3600,1.03977272727
182001,182009,185033,8,3024,2,7200,1.00264550265
182031,182041,185056,10,3015,2,7200,1.00331674959
182046,182052,185334,6,3282,2,7200,1.00182815356
182236,182245,185168,9,2923,2,7200,1.0030790284
182249,182256,258378,7,76122,12,86400,1.00009195765
182251,182262,185213,11,2951,2,7200,1.00372754998
182299,182305,182971,6,666,1,3600,1.00900900901
182393,182401,185489,8,3088,2,7200,1.00259067358
183299,183305,184662,6,1357,1,3600,1.00442151805
183321,183330,186595,9,3265,2,7200,1.00275650842
183378,183388,186448,10,3060,2,7200,1.00326797386
183760,183770,187093,10,3323,2,7200,1.00300932892
183796,183806,187043,10,3237,2,7200,1.0030892802
183817,183827,186845,10,3018,2,7200,1.00331345262
183886,183896,186844,10,2948,2,7200,1.00339213026
183904,183913,187019,9,3106,2,7200,1.00289761751
183928,183938,186823,10,2885,2,7200,1.00346620451
183943,183949,187013,6,3064,2,7200,1.00195822454
183958,183964,186832,6,2868,2,7200,1.00209205021
184021,184032,186967,11,2935,2,7200,1.00374787053
184223,184238,187034,15,2796,2,7200,1.00536480687
184278,184286,187113,8,2827,2,7200,1.00282985497
184293,184303,187257,10,2954,2,7200,1.00338524035
184308,184315,187420,7,3105,2,7200,1.00225442834
184309,184321,187376,12,3055,2,7200,1.00392798691
184331,184347,187024,16,2677,2,7200,1.00597683975
184332,184340,187204,8,2864,2,7200,1.00279329609
184356,184364,187467,8,3103,2,7200,1.00257815018
184398,184407,187585,9,3178,2,7200,1.00283196979
184413,184420,187413,7,2993,2,7200,1.00233879051
184473,184487,187281,14,2794,2,7200,1.00501073729
184591,184600,187769,9,3169,2,7200,1.00284001262
184630,184642,187456,12,2814,2,7200,1.00426439232
184645,184651,187578,6,2927,2,7200,1.00204988042
184660,184666,187724,6,3058,2,7200,1.00196206671
184678,184687,187771,9,3084,2,7200,1.00291828794
184679,184694,187849,15,3155,2,7200,1.00475435816
184801,184810,187717,9,2907,2,7200,1.00309597523
184819,184828,187642,9,2814,2,7200,1.00319829424
184936,184946,188027,10,3081,2,7200,1.00324569945
184951,184961,188121,10,3160,2,7200,1.00316455696
185035,185044,188124,9,3080,2,7200,1.00292207792
185057,185072,188171,15,3099,2,7200,1.00484027106
185071,185084,188130,13,3046,2,7200,1.00426789232
185089,185098,188028,9,2930,2,7200,1.00307167235
185171,185179,187978,8,2799,2,7200,1.00285816363
185216,185225,188385,9,3160,2,7200,1.00284810127
185336,185349,188431,13,3082,2,7200,1.00421804023
185490,185500,188641,10,3141,2,7200,1.00318369946
185648,185655,185667,7,12,1,3600,1.58333333333
185828,185836,185883,8,47,1,1800,1.17021276596
185850,185856,186118,6,262,1,3600,1.02290076336
186145,186151,186300,6,149,1,1800,1.04026845638
186172,186179,186434,7,255,1,3600,1.02745098039
186312,186323,186832,11,509,1,3600,1.02161100196
186451,186459,189353,8,2894,2,7200,1.00276434001
186599,186606,189741,7,3135,2,7200,1.00223285486
186639,186645,187141,6,496,1,3600,1.01209677419
186780,186787,187055,7,268,1,1800,1.02611940299
186825,186836,189802,11,2966,2,7200,1.00370869858
186840,186846,189956,6,3110,2,7200,1.00192926045
186855,186861,189900,6,3039,2,7200,1.00197433366
186856,186867,190178,11,3311,2,7200,1.00332225914
186971,186979,190278,8,3299,2,7200,1.00242497727
187016,187024,189963,8,2939,2,7200,1.00272201429
187031,187037,189954,6,2917,2,7200,1.00205690778
187033,187043,189807,10,2764,2,7200,1.00361794501
187047,187055,190098,8,3043,2,7200,1.00262898455
187049,187060,190225,11,3165,2,7200,1.00347551343
187094,187104,189907,10,2803,2,7200,1.00356760614
187115,187124,190095,9,2971,2,7200,1.00302928307
187205,187216,190158,11,2942,2,7200,1.00373895309
187260,187269,190300,9,3031,2,7200,1.00296931706
187275,187281,188604,6,1323,1,3600,1.00453514739
187284,187292,190297,8,3005,2,7200,1.00266222962
187377,187387,190336,10,2949,2,7200,1.00339097999
187413,187424,190824,11,3400,2,7200,1.00323529412
187428,187434,190271,6,2837,2,7200,1.00211491012
187458,187467,190334,9,2867,2,7200,1.00313916986
187473,187479,190458,6,2979,2,7200,1.00201409869
187536,187542,188775,6,1233,1,3600,1.00486618005
187579,187589,190411,10,2822,2,7200,1.00354358611
187594,187600,190749,6,3149,2,7200,1.00190536678
187645,187653,190836,8,3183,2,7200,1.00251335218
187717,187733,190557,16,2824,2,7200,1.00566572238
187732,187745,191003,13,3258,2,7200,1.00399017802
187771,187780,190758,9,2978,2,7200,1.00302216253
187773,187786,190779,13,2993,2,7200,1.00434346809
187851,187861,191080,10,3219,2,7200,1.00310655483
187919,187925,188595,6,670,1,1800,1.00895522388
187978,187989,191078,11,3089,2,7200,1.00356102298
188030,188038,191018,8,2980,2,7200,1.00268456376
188031,188044,190996,13,2952,2,7200,1.00440379404
188130,188136,191185,6,3049,2,7200,1.00196785831
188132,188142,191403,10,3261,2,7200,1.003066544
188147,188153,191256,6,3103,2,7200,1.00193361263
188174,188182,191320,8,3138,2,7200,1.00254939452
188343,188351,201632,8,13281,1,72000,1.00060236428
188388,188396,191285,8,2889,2,7200,1.00276912426
188433,188443,191815,10,3372,2,7200,1.00296559905
188645,188652,191861,7,3209,2,7200,1.00218136491
189355,189365,192281,10,2916,2,7200,1.00342935528
189701,189708,189728,7,20,1,1800,1.35
189733,189739,199407,6,9668,1,72000,1.00062060405
189733,189756,199465,23,9709,1,72000,1.00236893604
189733,189746,199472,13,9726,1,72000,1.00133662348
189734,189761,199452,27,9691,1,72000,1.00278609019
189734,189767,199540,33,9773,1,72000,1.00337664995
189735,189788,199441,53,9653,1,72000,1.00549052108
189735,189778,199462,43,9684,1,72000,1.00444031392
189735,189783,199726,48,9943,1,72000,1.00482751685
189735,189772,199491,37,9719,1,72000,1.00380697603
189736,189794,199495,58,9701,1,72000,1.00597876508
189744,189800,192861,56,3061,2,7200,1.01829467494
189804,189819,193076,15,3257,2,7200,1.00460546515
189819,189831,192741,12,2910,2,7200,1.00412371134
189903,189912,192827,9,2915,2,7200,1.00308747856
189918,189929,192966,11,3037,2,7200,1.00362199539
189957,189965,192967,8,3002,2,7200,1.00266489007
189958,189971,193006,13,3035,2,7200,1.00428336079
189973,189979,193244,6,3265,2,7200,1.00183767228
190054,190061,190370,7,309,1,3600,1.02265372168
190076,190082,190177,6,95,1,1800,1.06315789474
190097,190106,193144,9,3038,2,7200,1.00296247531
190111,190118,193151,7,3033,2,7200,1.00230794593
190159,190179,193233,20,3054,2,7200,1.00654878847
190161,190168,190255,7,87,1,72000,1.08045977011
190162,190173,190218,11,45,1,72000,1.24444444444
190162,190191,190218,29,27,1,72000,2.07407407407
190162,190185,190218,23,33,1,72000,1.69696969697
190163,190202,190218,39,16,1,72000,3.4375
190163,190218,190219,55,1,1,72000,5.6
190163,190207,190214,44,7,1,72000,5.1
190163,190213,190219,50,6,1,72000,5.6
190164,190225,190226,61,1,1,72000,6.2
190186,190238,193161,52,2923,2,7200,1.01778994184
190226,190243,193291,17,3048,2,7200,1.00557742782
190274,190282,193022,8,2740,2,7200,1.00291970803
190289,190295,193181,6,2886,2,7200,1.00207900208
190304,190309,193090,5,2781,2,7200,1.00179791442
190305,190316,193126,11,2810,2,7200,1.00391459075
190335,190345,193565,10,3220,2,7200,1.00310559006
190350,190356,193486,6,3130,2,7200,1.00191693291
190395,190402,190412,7,10,1,72000,1.7
190396,190407,190415,11,8,1,72000,1.9
190396,190430,190431,34,1,1,72000,3.5
190396,190435,200321,39,9886,1,72000,1.00394497269
190396,190412,190414,16,2,1,72000,1.8
190397,190441,200276,44,9835,1,72000,1.004473818
190397,190446,200312,49,9866,1,72000,1.00496655179
190397,190451,200372,54,9921,1,72000,1.0054429997
190397,190457,200354,60,9897,1,72000,1.00606244316
190398,190462,200302,64,9840,1,72000,1.00650406504
190414,190469,193544,55,3075,2,7200,1.01788617886
190459,190485,193645,26,3160,2,7200,1.0082278481
190556,190562,191318,6,756,1,3600,1.00793650794
190558,190569,193384,11,2815,2,7200,1.00390763766
190686,190692,190879,6,187,1,1800,1.0320855615
190752,190760,193908,8,3148,2,7200,1.00254129606
190766,190773,193852,7,3079,2,7200,1.00227346541
190781,190790,193742,9,2952,2,7200,1.00304878049
190826,190835,193694,9,2859,2,7200,1.00314795383
190841,190847,193764,6,2917,2,7200,1.00205690778
190998,191007,194312,9,3305,2,7200,1.00272314675
191013,191019,193807,6,2788,2,7200,1.00215208034
191027,191036,193995,9,2959,2,7200,1.0030415681
191069,191075,201759,6,10684,1,72000,1.00056158742
191069,191080,201759,11,10679,1,72000,1.00103005899
191069,191098,201759,29,10661,1,72000,1.0027201951
191069,191086,201759,17,10673,1,72000,1.00159280427
191070,191103,201759,33,10656,1,72000,1.00309684685
191070,191116,201759,46,10643,1,72000,1.00432208964
191070,191109,201759,39,10650,1,72000,1.00366197183
191070,191122,201759,52,10637,1,72000,1.00488859641
191071,191127,201759,56,10632,1,72000,1.00526711813
191071,191137,201759,66,10622,1,72000,1.00621351911
191079,191092,194256,13,3164,2,7200,1.00410872314
191094,191144,194244,50,3100,2,7200,1.01612903226
191166,191173,201087,7,9914,1,72000,1.00070607222
191188,191197,194231,9,3034,2,7200,1.00296638102
191201,191208,201116,7,9908,1,72000,1.0007064998
191224,191230,201125,6,9895,1,72000,1.00060636685
191250,191260,201123,10,9863,1,72000,1.0010138903
191257,191267,194351,10,3084,2,7200,1.00324254215
191287,191296,194388,9,3092,2,7200,1.00291073739
191320,191331,194157,11,2826,2,7200,1.00389242746
191405,191414,194400,9,2986,2,7200,1.00301406564
191686,191692,192133,6,441,1,1800,1.01360544218
191770,191778,192922,8,1144,1,3600,1.00699300699
191818,191826,194939,8,3113,2,7200,1.00256986829
191863,191872,195036,9,3164,2,7200,1.00284450063
192282,192293,195229,11,2936,2,7200,1.00374659401
192742,192753,195599,11,2846,2,7200,1.00386507379
192830,192839,196179,9,3340,2,7200,1.00269461078
192863,192872,195980,9,3108,2,7200,1.0028957529
192968,192984,196184,16,3200,2,7200,1.005
192970,192978,196050,8,3072,2,7200,1.00260416667
193006,193017,195911,11,2894,2,7200,1.00380096752
193024,193034,196326,10,3292,2,7200,1.00303766707
193078,193088,196140,10,3052,2,7200,1.00327653997
193093,193101,195981,8,2880,2,7200,1.00277777778
193126,193137,196353,11,3216,2,7200,1.00342039801
193144,193155,196160,11,3005,2,7200,1.00366056572
193159,193166,196116,7,2950,2,7200,1.00237288136
193174,193180,196042,6,2862,2,7200,1.00209643606
193189,193199,196123,10,2924,2,7200,1.00341997264
193234,193247,196317,13,3070,2,7200,1.00423452769
193249,193255,196285,6,3030,2,7200,1.00198019802
193292,193303,196662,11,3359,2,7200,1.00327478416
193385,193395,196400,10,3005,2,7200,1.00332778702
193488,193497,196338,9,2841,2,7200,1.00316789863
193545,193555,196616,10,3061,2,7200,1.00326690624
193566,193580,196399,14,2819,2,7200,1.00496630011
193567,193573,193737,6,164,1,1800,1.03658536585
193648,193656,196719,8,3063,2,7200,1.00261181848
193696,193705,196816,9,3111,2,7200,1.00289296046
193744,193756,196963,12,3207,2,7200,1.00374181478
193765,193775,196841,10,3066,2,7200,1.0032615786
193810,193822,196972,12,3150,2,7200,1.00380952381
193855,193874,197030,19,3156,2,7200,1.00602027883
193909,193920,196983,11,3063,2,7200,1.00359125041
193997,194006,196869,9,2863,2,7200,1.00314355571
194001,194012,194158,11,146,1,1800,1.07534246575
194159,194168,197260,9,3092,2,7200,1.00291073739
194232,194242,197172,10,2930,2,7200,1.00341296928
194247,194256,197327,9,3071,2,7200,1.00293064148
194262,194268,197002,6,2734,2,7200,1.00219458669
194313,194324,197374,11,3050,2,7200,1.00360655738
194353,194365,197291,12,2926,2,7200,1.004101162
194389,194400,197417,11,3017,2,7200,1.00364600597
194409,194415,197238,6,2823,2,7200,1.00212539851
194758,194764,195315,6,551,1,1800,1.0108892922
194943,194950,198033,7,3083,2,7200,1.00227051573
195039,195047,198080,8,3033,2,7200,1.00263765249
195232,195240,197881,8,2641,2,7200,1.00302915562
195602,195610,198805,8,3195,2,7200,1.00250391236
195913,195922,198914,9,2992,2,7200,1.00300802139
195982,195998,199037,16,3039,2,7200,1.00526488977
195983,195992,199046,9,3054,2,7200,1.00294695481
196044,196053,199436,9,3383,2,7200,1.00266036063
196059,196071,199099,12,3028,2,7200,1.00396301189
196119,196127,199149,8,3022,2,7200,1.00264725347
196134,196144,199160,10,3016,2,7200,1.00331564987
196149,196157,199160,8,3003,2,7200,1.00266400266
196164,196171,199106,7,2935,2,7200,1.00238500852
196182,196190,199258,8,3068,2,7200,1.00260756193
196196,196202,199137,6,2935,2,7200,1.00204429302
196287,196297,199209,10,2912,2,7200,1.00343406593
196320,196330,199442,10,3112,2,7200,1.00321336761
196335,196341,199281,6,2940,2,7200,1.00204081633
196350,196356,199426,6,3070,2,7200,1.00195439739
196365,196371,199619,6,3248,2,7200,1.00184729064
196401,196412,199723,11,3311,2,7200,1.00332225914
196402,196418,199414,16,2996,2,7200,1.00534045394
196617,196628,199796,11,3168,2,7200,1.00347222222
196662,196673,199739,11,3066,2,7200,1.00358773646
196681,196688,196788,7,100,1,1800,1.07
196723,196730,199671,7,2941,2,7200,1.00238014281
196817,196827,199636,10,2809,2,7200,1.00355998576
196844,196853,199914,9,3061,2,7200,1.00294021562
196871,196881,199939,10,3058,2,7200,1.00327011118
196964,196978,199929,14,2951,2,7200,1.00474415452
196979,196986,200019,7,3033,2,7200,1.00230794593
196994,197000,200283,6,3283,2,7200,1.00182759671
197009,197015,200070,6,3055,2,7200,1.00196399345
197033,197041,200228,8,3187,2,7200,1.00251019768
197056,197063,197230,7,167,1,1800,1.04191616766
197175,197183,200263,8,3080,2,7200,1.0025974026
197242,197250,200266,8,3016,2,7200,1.00265251989
197262,197272,200430,10,3158,2,7200,1.00316656111
197293,197302,200457,9,3155,2,7200,1.0028526149
197326,197333,232459,7,35126,1,36000,1.00019928258
197329,197339,200184,10,2845,2,7200,1.00351493849
197377,197385,200372,8,2987,2,7200,1.00267827251
197419,197431,200593,12,3162,2,7200,1.00379506641
197626,197634,229903,8,32269,1,36000,1.00024791596
197883,197893,200707,10,2814,2,7200,1.00355366027
197941,197949,198418,8,469,1,1800,1.0170575693
198034,198050,200835,16,2785,2,7200,1.00574506284
198082,198091,201112,9,3021,2,7200,1.00297914598
198808,198820,201856,12,3036,2,7200,1.00395256917
198917,198926,201928,9,3002,2,7200,1.00299800133
199040,199048,202247,8,3199,2,7200,1.00250078149
199055,199061,202035,6,2974,2,7200,1.00201748487
199100,199110,202253,10,3143,2,7200,1.00318167356
199115,199122,202089,7,2967,2,7200,1.00235928547
199139,199149,202168,10,3019,2,7200,1.00331235508
199154,199162,202111,8,2949,2,7200,1.00271278399
199169,199175,202480,6,3305,2,7200,1.00181543116
199171,199181,202019,10,2838,2,7200,1.00352360817
199213,199221,202069,8,2848,2,7200,1.00280898876
199262,199269,202296,7,3027,2,7200,1.00231252065
199283,199292,202463,9,3171,2,7200,1.00283822138
199415,199426,202379,11,2953,2,7200,1.0037250254
199430,199438,202447,8,3009,2,7200,1.00265869059
199445,199452,202620,7,3168,2,7200,1.00220959596
199447,199458,202532,11,3074,2,7200,1.00357839948
199530,199537,285949,7,86412,1,86400,1.00008100727
199623,199631,202947,8,3316,2,7200,1.00241254524
199637,199647,202685,10,3038,2,7200,1.00329163924
199674,199683,202813,9,3130,2,7200,1.00287539936
199725,199735,202701,10,2966,2,7200,1.00337154417
199740,199750,202598,10,2848,2,7200,1.00351123596
199797,199808,202982,11,3174,2,7200,1.00346565848
199915,199926,202892,11,2966,2,7200,1.00370869858
199930,199941,202940,11,2999,2,7200,1.0036678893
199945,199951,202913,6,2962,2,7200,1.00202565834
200020,200035,202922,15,2887,2,7200,1.00519570488
200072,200081,203369,9,3288,2,7200,1.00273722628
200186,200195,203301,9,3106,2,7200,1.00289761751
200228,200239,202982,11,2743,2,7200,1.0040102078
200264,200274,203170,10,2896,2,7200,1.00345303867
200279,200286,203341,7,3055,2,7200,1.0022913257
200294,200300,203141,6,2841,2,7200,1.00211193242
200375,200384,203370,9,2986,2,7200,1.00301406564
200433,200442,203446,9,3004,2,7200,1.00299600533
200460,200468,203287,8,2819,2,7200,1.00283788578
200596,200604,203666,8,3062,2,7200,1.00261267146
200707,200718,204007,11,3289,2,7200,1.00334448161
200837,200847,203825,10,2978,2,7200,1.00335795836
200872,200879,235712,7,34833,1,86400,1.00020095886
201045,201051,287468,6,86417,1,86400,1.00006943078
201115,201123,204206,8,3083,2,7200,1.00259487512
201848,201860,212312,12,10452,1,72000,1.00114810563
201848,201854,212347,6,10493,1,72000,1.00057180978
201849,201865,212197,16,10332,1,72000,1.00154858691
201849,201877,212420,28,10543,1,72000,1.00265579057
201849,201882,212460,33,10578,1,72000,1.00311968236
201850,201898,212365,48,10467,1,72000,1.00458584122
201850,201893,212388,43,10495,1,72000,1.00409718914
201850,201888,212430,38,10542,1,72000,1.0036046291
201850,201904,212462,54,10558,1,72000,1.00511460504
201851,201909,212339,58,10430,1,72000,1.00556088207
201859,201871,204905,12,3034,2,7200,1.00395517469
201928,201939,204752,11,2813,2,7200,1.00391041593
202022,202030,204747,8,2717,2,7200,1.002944424
202037,202046,204955,9,2909,2,7200,1.00309384668
202070,202080,205085,10,3005,2,7200,1.00332778702
202091,202106,205233,15,3127,2,7200,1.00479692996
202111,202122,205161,11,3039,2,7200,1.00361961171
202169,202179,205006,10,2827,2,7200,1.00353731871
202206,202212,238334,6,36122,4,36000,1.00016610376
202250,202258,205395,8,3137,2,7200,1.0025502072
202265,202271,205620,6,3349,2,7200,1.00179157958
202298,202309,205479,11,3170,2,7200,1.00347003155
202383,202392,205415,9,3023,2,7200,1.00297717499
202449,202458,205324,9,2866,2,7200,1.00314026518
202464,202475,205599,11,3124,2,7200,1.00352112676
202479,202492,205477,13,2985,2,7200,1.00435510888
202533,202543,205702,10,3159,2,7200,1.00316555872
202599,202610,205426,11,2816,2,7200,1.00390625
202622,202632,205741,10,3109,2,7200,1.00321646832
202686,202696,205805,10,3109,2,7200,1.00321646832
202704,202712,205597,8,2885,2,7200,1.0027729636
202815,202824,205819,9,2995,2,7200,1.00300500835
202894,202903,205857,9,2954,2,7200,1.00304671632
202915,202925,205983,10,3058,2,7200,1.00327011118
202930,202936,205882,6,2946,2,7200,1.00203665988
202944,202950,205814,6,2864,2,7200,1.00209497207
202959,202965,205866,6,2901,2,7200,1.00206825233
202980,202993,205888,13,2895,2,7200,1.00449050086
202995,203001,206066,6,3065,2,7200,1.00195758564
203143,203153,206040,10,2887,2,7200,1.00346380326
203172,203187,205930,15,2743,2,7200,1.00546846518
203289,203303,206453,14,3150,2,7200,1.00444444444
203305,203312,206350,7,3038,2,7200,1.00230414747
203344,203355,206587,11,3232,2,7200,1.00340346535
203371,203380,206537,9,3157,2,7200,1.00285080773
203372,203387,206612,15,3225,2,7200,1.00465116279
203448,203457,206377,9,2920,2,7200,1.00308219178
203668,203677,206978,9,3301,2,7200,1.00272644653
203828,203838,206778,10,2940,2,7200,1.00340136054
204009,204018,206673,9,2655,2,7200,1.00338983051
204208,204218,207217,10,2999,2,7200,1.00333444481
204750,204759,207764,9,3005,2,7200,1.00299500832
204765,204771,207969,6,3198,2,7200,1.00187617261
204816,204823,216619,7,11796,1,360000,1.0005934215
204907,204917,208039,10,3122,2,7200,1.00320307495
204958,204964,223081,6,18117,4,18000,1.00033118066
204962,204970,207806,8,2836,2,7200,1.00282087447
205009,205017,207602,8,2585,2,7200,1.00309477756
205088,205100,208138,12,3038,2,7200,1.00394996708
205168,205174,208124,6,2950,2,7200,1.00203389831
205236,205250,208275,14,3025,2,7200,1.00462809917
205357,205363,208283,6,2920,2,7200,1.00205479452
205396,205406,208553,10,3147,2,7200,1.00317762949
205417,205431,208347,14,2916,2,7200,1.00480109739
205432,205438,208597,6,3159,2,7200,1.00189933523
205481,205488,208506,7,3018,2,7200,1.00231941683
205482,205495,208510,13,3015,2,7200,1.00431177446
205600,205608,208524,8,2916,2,7200,1.00274348422
205602,205614,208494,12,2880,2,7200,1.00416666667
205623,205632,208719,9,3087,2,7200,1.0029154519
205717,205723,208803,6,3080,2,7200,1.00194805195
205744,205754,208826,10,3072,2,7200,1.00325520833
205810,205816,208995,6,3179,2,7200,1.00188738597
205825,205831,208925,6,3094,2,7200,1.00193923723
205826,205837,209000,11,3163,2,7200,1.00347771103
205856,205863,206304,7,441,1,18060,1.01587301587
205858,205879,206449,21,570,1,18060,1.03684210526
205859,205869,208808,10,2939,2,7200,1.00340251786
205874,205886,208746,12,2860,2,7200,1.0041958042
205890,205897,208776,7,2879,2,7200,1.00243139979
205891,205909,209143,18,3234,2,7200,1.00556586271
205936,205942,208912,6,2970,2,7200,1.00202020202
206007,206013,208880,6,2867,2,7200,1.00209277991
206043,206051,209020,8,2969,2,7200,1.00269450994
206068,206082,209088,14,3006,2,7200,1.00465735196
206185,206196,206256,11,60,1,18060,1.18333333333
206344,206350,208667,6,2317,10,18060,1.00258955546
206372,206378,209203,6,2825,2,7200,1.00212389381
206387,206393,209132,6,2739,2,7200,1.0021905805
206425,206432,206690,7,258,2,300,1.02713178295
206456,206464,209520,8,3056,2,7200,1.00261780105
206476,206487,208665,11,2178,1,18060,1.00505050505
206541,206550,209427,9,2877,2,7200,1.0031282586
206589,206600,209533,11,2933,2,7200,1.00375042618
206613,206623,209593,10,2970,2,7200,1.00336700337
206673,206684,209686,11,3002,2,7200,1.00366422385
206782,206790,210157,8,3367,2,7200,1.00237600238
206981,206989,210213,8,3224,2,7200,1.00248138958
207219,207229,210243,10,3014,2,7200,1.00331785003
207358,207365,207698,7,333,1,1800,1.02102102102
207359,207370,207701,11,331,1,1800,1.0332326284
207359,207377,207720,18,343,1,1800,1.05247813411
207359,207395,207740,36,345,2,1800,1.10434782609
207360,207714,208057,354,343,2,1800,2.03206997085
207360,207390,207789,30,399,4,1800,1.07518796992
207360,207752,208237,392,485,2,1800,1.80824742268
207361,209177,209611,1816,434,8,1800,5.18433179724
207361,208700,209165,1339,465,8,1800,3.87956989247
207361,207801,208294,440,493,4,1800,1.89249492901
207361,208308,208688,947,380,4,1800,3.49210526316
207362,209623,210188,2261,565,8,1800,5.0017699115
207362,209585,210032,2223,447,16,1800,5.97315436242
207362,210050,210616,2688,566,16,1800,5.74911660777
207363,210098,210651,2735,553,16,1800,5.94575045208
207363,209400,209947,2037,547,32,1800,4.7239488117
207363,209959,210588,2596,629,32,1800,5.12718600954
207363,209405,210086,2042,681,32,1800,3.99853157122
207364,208028,208731,664,703,64,1800,1.94452347084
207364,208744,209385,1380,641,64,1800,3.15288611544
207364,207384,208015,20,631,64,1800,1.03169572108
207365,234204,234881,26839,677,128,1800,40.6440177253
207365,234893,235671,27528,778,128,1800,36.383033419
207366,235684,236467,28318,783,128,1800,37.1660280971
207366,806414,807152,599048,738,256,1800,812.718157182
207366,807164,808045,599798,881,256,1800,681.814982974
207367,808058,808832,600691,774,256,1800,777.086563307
207602,207618,210751,16,3133,2,7200,1.00510692627
207765,207775,210606,10,2831,2,7200,1.00353232073
207807,207817,210877,10,3060,2,7200,1.00326797386
207970,207980,210973,10,2993,2,7200,1.0033411293
208029,208069,220122,40,12053,2,43200,1.00331867585
208042,208051,211226,9,3175,2,7200,1.00283464567
208127,208137,211024,10,2887,2,7200,1.00346380326
208142,208151,211167,9,3016,2,7200,1.00298408488
208277,208288,211089,11,2801,2,7200,1.00392716887
208292,208301,211352,9,3051,2,7200,1.00294985251
208349,208358,211476,9,3118,2,7200,1.00288646568
208498,208506,211466,8,2960,2,7200,1.0027027027
208513,208520,211569,7,3049,2,7200,1.0022958347
208514,208527,211786,13,3259,2,7200,1.00398895367
208529,208535,211623,6,3088,2,7200,1.00194300518
208556,208568,211543,12,2975,2,7200,1.00403361345
208599,208608,211631,9,3023,2,7200,1.00297717499
208723,208731,211697,8,2966,2,7200,1.00269723533
208747,208760,211720,13,2960,2,7200,1.00439189189
208777,208787,211576,10,2789,2,7200,1.00358551452
208804,208814,211988,10,3174,2,7200,1.00315059861
208819,208825,212006,6,3181,2,7200,1.00188619931
208834,208845,211804,11,2959,2,7200,1.00371747212
208882,208891,211893,9,3002,2,7200,1.00299800133
208883,208990,209014,107,24,1,300,5.45833333333
208912,208923,211813,11,2890,2,7200,1.00380622837
208929,208938,211887,9,2949,2,7200,1.00305188199
208998,209007,211899,9,2892,2,7200,1.0031120332
209013,209019,212150,6,3131,2,7200,1.00191632066
209028,209034,212202,6,3168,2,7200,1.00189393939
209091,209101,212023,10,2922,2,7200,1.00342231348
209134,209145,212255,11,3110,2,7200,1.00353697749
209148,209154,212265,6,3111,2,7200,1.00192864031
209206,209214,212402,8,3188,2,7200,1.00250941029
209429,209440,212688,11,3248,2,7200,1.00338669951
209523,209532,212491,9,2959,2,7200,1.0030415681
209538,209547,212693,9,3146,2,7200,1.00286077559
209595,209606,212552,11,2946,2,7200,1.00373387644
209689,209698,212708,9,3010,2,7200,1.00299003322
210159,210169,213368,10,3199,2,7200,1.00312597687
210217,210225,213282,8,3057,2,7200,1.00261694472
210244,210255,213284,11,3029,2,7200,1.00363156157
210608,210617,213658,9,3041,2,7200,1.00295955278
210680,210687,214293,7,3606,1,3600,1.0019412091
210753,210762,213877,9,3115,2,7200,1.00288924559
210879,210889,213701,10,2812,2,7200,1.00355618777
210976,210985,214038,9,3053,2,7200,1.00294792008
211027,211037,214242,10,3205,2,7200,1.0031201248
211090,211101,214173,11,3072,2,7200,1.00358072917
211161,211168,211939,7,771,2,43200,1.00907911803
211169,211179,214363,10,3184,2,7200,1.00314070352
211211,211222,212018,11,796,2,43200,1.01381909548
211230,211237,214186,7,2949,2,7200,1.002373686
211353,211363,214277,10,2914,2,7200,1.00343170899
211468,211478,214677,10,3199,2,7200,1.00312597687
211483,211490,214564,7,3074,2,7200,1.00227716331
211546,211555,214791,9,3236,2,7200,1.00278121137
211573,211582,214481,9,2899,2,7200,1.0031045188
211587,211594,214696,7,3102,2,7200,1.00225660864
211624,211634,214985,10,3351,2,7200,1.00298418383
211638,211644,214534,6,2890,2,7200,1.00207612457
211698,211709,214946,11,3237,2,7200,1.00339820822
211723,211731,214791,8,3060,2,7200,1.00261437908
211768,211776,212503,8,727,1,9000,1.01100412655
211789,211797,214871,8,3074,2,7200,1.00260247235
211807,211816,214834,9,3018,2,7200,1.00298210736
211821,211828,214995,7,3167,2,7200,1.00221029365
211888,211898,215305,10,3407,2,7200,1.00293513355
211903,211912,214787,9,2875,2,7200,1.00313043478
211904,211918,214940,14,3022,2,7200,1.00463269358
211986,211999,214994,13,2995,2,7200,1.00434056761
212010,212018,215206,8,3188,2,7200,1.00250941029
212025,212034,214908,9,2874,2,7200,1.00313152401
212152,212161,215309,9,3148,2,7200,1.00285895807
212203,212214,215364,11,3150,2,7200,1.00349206349
212257,212266,215321,9,3055,2,7200,1.00294599018
212272,212278,214942,6,2664,2,7200,1.00225225225
212405,212414,215337,9,2923,2,7200,1.0030790284
212492,212503,215410,11,2907,2,7200,1.00378396973
212556,212564,215670,8,3106,2,7200,1.00257566001
212567,212580,213574,13,994,1,9000,1.01307847082
212693,212699,215706,6,3007,2,7200,1.0019953442
212708,212714,215994,6,3280,2,7200,1.00182926829
212723,212729,215919,6,3190,2,7200,1.00188087774
212814,212823,213193,9,370,2,43200,1.02432432432
212942,212949,212956,7,7,4,72000,1.4
213042,213049,213054,7,5,4,72000,1.2
213133,213142,246473,9,33331,4,72000,1.0002700189
213284,213294,216443,10,3149,2,7200,1.00317561131
213298,213304,216473,6,3169,2,7200,1.00189334175
213371,213379,216265,8,2886,2,7200,1.00277200277
213509,213517,213793,8,276,2,43200,1.02898550725
213633,213639,213933,6,294,1,9000,1.02040816327
213660,213670,217099,10,3429,2,7200,1.00291630213
213702,213712,216767,10,3055,2,7200,1.00327332242
213880,213890,216832,10,2942,2,7200,1.00339904827
214020,214028,214566,8,538,1,9000,1.01486988848
214040,214049,216960,9,2911,2,7200,1.00309172106
214154,214162,215626,8,1464,1,72000,1.00546448087
214175,214184,217086,9,2902,2,7200,1.00310130944
214190,214197,217268,7,3071,2,7200,1.00227938782
214245,214253,217339,8,3086,2,7200,1.00259235256
214278,214288,217379,10,3091,2,7200,1.00323519896
214365,214375,217330,10,2955,2,7200,1.00338409475
214483,214494,217556,11,3062,2,7200,1.00359242325
214537,214545,217518,8,2973,2,7200,1.00269088463
214567,214575,217653,8,3078,2,7200,1.00259909032
214574,214583,214796,9,213,2,18060,1.04225352113
214679,214688,215106,9,418,1,18060,1.02153110048
214679,214694,217804,15,3110,2,7200,1.00482315113
214697,214707,217814,10,3107,2,7200,1.00321853878
214705,214714,214847,9,133,1,9000,1.06766917293
214788,214799,218021,11,3222,2,7200,1.00341402855
214799,214807,216796,8,1989,1,18060,1.00402212167
214803,214814,217968,11,3154,2,7200,1.00348763475
214804,214819,217817,15,2998,2,7200,1.00500333556
214835,214845,217600,10,2755,2,7200,1.00362976407
214874,214882,217956,8,3074,2,7200,1.00260247235
214910,214920,217822,10,2902,2,7200,1.00344589938
214944,214952,218019,8,3067,2,7200,1.00260841213
214946,214959,217877,13,2918,2,7200,1.00445510624
214961,214967,218060,6,3093,2,7200,1.00193986421
214985,214992,216791,7,1799,1,18060,1.00389105058
214988,214998,218079,10,3081,2,7200,1.00324569945
214994,215006,216794,12,1788,8,18060,1.0067114094
215004,215012,218015,8,3003,2,7200,1.00266400266
215005,215018,218089,13,3071,2,7200,1.00423314881
215117,215130,216793,13,1663,1,18060,1.00781719784
215207,215218,218366,11,3148,2,7200,1.00349428208
215307,215316,218303,9,2987,2,7200,1.00301305658
215322,215328,218277,6,2949,2,7200,1.002034588
215323,215335,218398,12,3063,2,7200,1.00391772772
215339,215349,218171,10,2822,2,7200,1.00354358611
215366,215375,218324,9,2949,2,7200,1.00305188199
215411,215421,218384,10,2963,2,7200,1.00337495781
215630,215639,231178,9,15539,1,72000,1.00057918785
215671,215682,218783,11,3101,2,7200,1.00354724282
215707,215717,218859,10,3142,2,7200,1.00318268619
215922,215930,218988,8,3058,2,7200,1.00261608895
215998,216007,218989,9,2982,2,7200,1.00301810865
216082,216088,218474,6,2386,1,14400,1.0025146689
216267,216277,219055,10,2778,2,7200,1.00359971202
216445,216461,219133,16,2672,2,7200,1.00598802395
216475,216484,219653,9,3169,2,7200,1.00284001262
216770,216778,219898,8,3120,2,7200,1.00256410256
216833,216843,219974,10,3131,2,7200,1.00319386777
216963,216972,219878,9,2906,2,7200,1.00309704061
217087,217098,220030,11,2932,2,7200,1.00375170532
217102,217110,219981,8,2871,2,7200,1.00278648555
217270,217279,220443,9,3164,2,7200,1.00284450063
217334,217342,220383,8,3041,2,7200,1.00263071358
217349,217355,220093,6,2738,2,7200,1.00219138057
217368,217375,228711,7,11336,16,18000,1.00061750176
217382,217390,220544,8,3154,2,7200,1.00253646164
217521,217529,220750,8,3221,2,7200,1.00248370071
217560,217567,220621,7,3054,2,7200,1.00229207597
217602,217611,220728,9,3117,2,7200,1.00288739172
217656,217664,220355,8,2691,2,7200,1.00297287254
217807,217818,220875,11,3057,2,7200,1.00359829899
217823,217834,220895,11,3061,2,7200,1.00359359686
217825,217840,220993,15,3153,2,7200,1.00475737393
217826,217845,220887,19,3042,2,7200,1.00624589086
217879,217885,218693,6,808,20,7200,1.00742574257
217881,217892,220835,11,2943,2,7200,1.00373768264
217956,217963,218443,7,480,40,7200,1.01458333333
217959,217969,221003,10,3034,2,7200,1.00329597891
217974,217986,220929,12,2943,2,7200,1.00407747197
218005,218455,218841,450,386,60,7200,2.16580310881
218017,218026,221044,9,3018,2,7200,1.00298210736
218032,218038,220829,6,2791,2,7200,1.00214976711
218033,218046,220950,13,2904,2,7200,1.00447658402
218063,218073,221297,10,3224,2,7200,1.00310173697
218069,218854,219168,785,314,80,7200,3.5
218081,218090,221093,9,3003,2,7200,1.002997003
218096,218103,221096,7,2993,2,7200,1.00233879051
218146,226032,226323,7886,291,100,7200,28.0996563574
218172,218182,221102,10,2920,2,7200,1.00342465753
218280,218289,221218,9,2929,2,7200,1.00307272107
218304,218314,221146,10,2832,2,7200,1.00353107345
218325,218335,221336,10,3001,2,7200,1.00333222259
218368,218377,221333,9,2956,2,7200,1.00304465494
218386,218395,221509,9,3114,2,7200,1.00289017341
218401,218412,221427,11,3015,2,7200,1.00364842454
218558,220134,279256,1576,59122,1,86400,1.02665674368
218576,220139,284513,1563,64374,1,86400,1.02427998882
218784,218794,222031,10,3237,2,7200,1.0030892802
218820,218827,222733,7,3906,1,9000,1.0017921147
218860,218870,221790,10,2920,2,7200,1.00342465753
218990,218999,221913,9,2914,2,7200,1.00308853809
218991,219006,222066,15,3060,2,7200,1.00490196078
219058,219066,222056,8,2990,2,7200,1.00267558528
219138,219146,222195,8,3049,2,7200,1.00262381109
219655,219664,222462,9,2798,2,7200,1.00321658327
219881,219889,223100,8,3211,2,7200,1.00249143569
219899,219909,223232,10,3323,2,7200,1.00300932892
219977,219990,222860,13,2870,2,7200,1.00452961672
219992,219998,223104,6,3106,2,7200,1.00193174501
220031,220041,223139,10,3098,2,7200,1.00322788896
220095,220104,222859,9,2755,2,7200,1.00326678766
220357,220367,223184,10,2817,2,7200,1.00354987575
220384,220394,223485,10,3091,2,7200,1.00323519896
220445,220454,223387,9,2933,2,7200,1.00306853051
220548,220556,223725,8,3169,2,7200,1.00252445566
220623,220632,223636,9,3004,2,7200,1.00299600533
220715,220721,220723,6,2,2,600,1.0
220729,220739,223766,10,3027,2,7200,1.00330360093
220753,220761,223592,8,2831,2,7200,1.00282585659
220831,220841,223736,10,2895,2,7200,1.00345423143
220846,220852,223719,6,2867,2,7200,1.00209277991
220876,220887,223805,11,2918,2,7200,1.00376970528
220891,220901,223865,10,2964,2,7200,1.00337381916
220906,220913,224078,7,3165,2,7200,1.00221169036
220930,220940,223752,10,2812,2,7200,1.00355618777
220951,220961,223889,10,2928,2,7200,1.00341530055
220990,220996,220999,6,3,2,600,1.0
220997,221004,223994,7,2990,2,7200,1.00234113712
221012,221018,224186,6,3168,2,7200,1.00189393939
221046,221055,224037,9,2982,2,7200,1.00301810865
221094,221104,224258,10,3154,2,7200,1.00317057705
221109,221123,223926,14,2803,2,7200,1.00499464859
221110,221129,224192,19,3063,2,7200,1.00620306889
221147,221157,224167,10,3010,2,7200,1.00332225914
221196,221203,221205,7,2,2,600,1.0
221219,221229,224344,10,3115,2,7200,1.00321027287
221297,221308,224398,11,3090,2,7200,1.00355987055
221337,221344,224157,7,2813,2,7200,1.0024884465
221339,221351,224426,12,3075,2,7200,1.00390243902
221430,221438,224655,8,3217,2,7200,1.00248678893
221511,221521,224348,10,2827,2,7200,1.00353731871
221793,221801,225010,8,3209,2,7200,1.00249298847
221916,221924,224718,8,2794,2,7200,1.00286327845
222034,222047,225178,13,3131,2,7200,1.00415202811
222052,222058,308486,6,86428,1,86400,1.00006942195
222058,222067,225013,9,2946,2,7200,1.00305498982
222073,222079,224854,6,2775,2,7200,1.00216216216
222197,222206,225516,9,3310,2,7200,1.00271903323
222466,222474,225206,8,2732,2,7200,1.00292825769
222618,236576,262283,13958,25707,1,36000,1.54296495118
222711,222718,229940,7,7222,1,7200,1.00096926059
222776,236484,236489,13708,5,16,180000,1371.3
222839,222846,230068,7,7222,1,7200,1.00096926059
222860,222870,225861,10,2991,2,7200,1.00334336342
222875,222884,226008,9,3124,2,7200,1.0028809219
222970,222977,226682,7,3705,1,9000,1.00188933873
223101,223111,226284,10,3173,2,7200,1.00315159155
223116,223130,226111,14,2981,2,7200,1.0046964106
223140,223151,226321,11,3170,2,7200,1.00347003155
223185,223195,226448,10,3253,2,7200,1.00307408546
223234,223245,226375,11,3130,2,7200,1.003514377
223272,226806,242713,3534,15907,1,72000,1.22216634186
223273,228584,240395,5311,11811,1,72000,1.449665566
223273,228590,244697,5317,16107,1,72000,1.33010492333
223273,228595,244735,5322,16140,1,72000,1.32973977695
223273,228578,244627,5305,16049,1,72000,1.33055019004
223274,228602,244671,5328,16069,1,72000,1.33157010393
223274,231190,247168,7916,15978,1,72000,1.49543121792
223274,228607,244841,5333,16234,1,72000,1.32850806948
223388,223398,226429,10,3031,2,7200,1.00329924117
223487,223497,226626,10,3129,2,7200,1.00319590924
223593,223606,226778,13,3172,2,7200,1.00409836066
223638,223647,226559,9,2912,2,7200,1.00309065934
223691,236582,244890,12891,8308,1,86400,2.55163697641
223720,223730,226530,10,2800,2,7200,1.00357142857
223735,223741,226604,6,2863,2,7200,1.00209570381
223750,223759,226431,9,2672,2,7200,1.00336826347
223764,223773,226805,9,3032,2,7200,1.00296833773
223779,223787,226963,8,3176,2,7200,1.00251889169
223806,223816,226655,10,2839,2,7200,1.00352236703
223867,223876,226927,9,3051,2,7200,1.00294985251
223873,236587,244282,12714,7695,1,86400,2.6522417154
223891,223900,227077,9,3177,2,7200,1.00283286119
223927,223940,226967,13,3027,2,7200,1.0042946812
223996,224005,227116,9,3111,2,7200,1.00289296046
224039,224049,227077,10,3028,2,7200,1.00330250991
224081,224090,227225,9,3135,2,7200,1.0028708134
224159,224168,227281,9,3113,2,7200,1.00289110183
224174,224180,227138,6,2958,2,7200,1.00202839757
224189,224197,227254,8,3057,2,7200,1.00261694472
224204,224211,227175,7,2964,2,7200,1.00236167341
224261,224269,227192,8,2923,2,7200,1.00273691413
224346,224355,227278,9,2923,2,7200,1.0030790284
224361,224367,227210,6,2843,2,7200,1.00211044671
224400,224415,227369,15,2954,2,7200,1.00507786053
224427,224443,227297,16,2854,2,7200,1.00560616678
224447,224458,234197,11,9739,4,10800,1.00112947941
224560,236489,265708,11929,29219,1,72000,1.40826174749
224561,236500,265395,11939,28895,1,72000,1.41318567226
224561,236495,265572,11934,29077,1,72000,1.41042748564
224561,236506,265579,11945,29073,1,72000,1.41086231211
224561,236511,265627,11950,29116,1,72000,1.41042725649
224562,236625,265787,12063,29162,1,72000,1.41365475619
224562,236517,265430,11955,28913,1,72000,1.41348182478
224562,236522,265404,11960,28882,1,72000,1.41409874662
224562,236620,266091,12058,29471,1,72000,1.40914797598
224563,236631,265942,12068,29311,1,72000,1.4117225615
224657,224666,227791,9,3125,2,7200,1.00288
224710,224717,224733,7,16,1,3600,1.4375
224720,224730,227966,10,3236,2,7200,1.00309023486
224838,236636,236637,11798,1,1,72000,1179.9
224838,236641,236642,11803,1,1,72000,1180.4
224839,236652,236653,11813,1,1,72000,1181.4
224839,236663,236664,11824,1,1,72000,1182.5
224840,236674,236675,11834,1,1,72000,1183.5
224840,236679,236680,11839,1,1,72000,1184.0
224856,224865,228024,9,3159,2,7200,1.00284900285
225014,225022,228275,8,3253,2,7200,1.00245926837
225015,225030,228012,15,2982,2,7200,1.00503018109
225154,225162,225166,8,4,1,3600,1.2
225182,225190,228238,8,3048,2,7200,1.00262467192
225197,236690,267964,11493,31274,1,72000,1.36749376479
225197,236701,267902,11504,31201,1,72000,1.36870613121
225197,236696,268131,11499,31435,1,72000,1.3658024495
225198,236723,268138,11525,31415,1,72000,1.36686296355
225198,236712,268295,11514,31583,1,72000,1.36456321439
225198,236707,268216,11509,31509,1,72000,1.36526071916
225198,236717,268193,11519,31476,1,72000,1.36596136739
225199,236739,268117,11540,31378,1,72000,1.36777359934
225199,236728,268121,11529,31393,1,72000,1.36724747555
225199,236734,268295,11535,31561,1,72000,1.36548271601
225209,225218,228197,9,2979,2,7200,1.00302114804
225321,225328,225401,7,73,1,3600,1.09589041096
225408,236528,610965,11120,374437,1,374400,1.02969791981
225520,225529,228505,9,2976,2,7200,1.00302419355
225863,225872,228867,9,2995,2,7200,1.00300500835
225880,225887,225950,7,63,2,600,1.11111111111
226011,226019,228729,8,2710,2,7200,1.00295202952
226092,226099,226796,7,697,1,600,1.01004304161
226114,226122,229063,8,2941,2,7200,1.00272016321
226286,226295,229328,9,3033,2,7200,1.00296735905
226325,226333,229323,8,2990,2,7200,1.00267558528
226337,236533,237449,10196,916,1,14400,12.1310043668
226376,226386,229533,10,3147,2,7200,1.00317762949
226427,226440,229499,13,3059,2,7200,1.00424975482
226442,226449,229453,7,3004,2,7200,1.00233022636
226457,226468,229585,11,3117,2,7200,1.00352903433
226532,226541,229747,9,3206,2,7200,1.00280723643
226560,226570,229688,10,3118,2,7200,1.00320718409
226605,226615,229661,10,3046,2,7200,1.00328299409
226629,226638,229840,9,3202,2,7200,1.00281074329
226657,226666,229762,9,3096,2,7200,1.00290697674
226744,236479,300639,9735,64160,24,86400,1.15173004988
226780,226789,229932,9,3143,2,7200,1.0028635062
226800,226813,227361,13,548,1,1800,1.02372262774
226808,226819,229958,11,3139,2,7200,1.00350430073
226929,226939,229868,10,2929,2,7200,1.00341413452
226965,226977,229688,12,2711,2,7200,1.00442641092
226980,226986,229985,6,2999,2,7200,1.00200066689
227080,227089,230249,9,3160,2,7200,1.00284810127
227081,227095,230022,14,2927,2,7200,1.00478305432
227119,227127,230178,8,3051,2,7200,1.00262209112
227140,227152,229946,12,2794,2,7200,1.00429491768
227176,227186,229943,10,2757,2,7200,1.00362713094
227194,227203,229997,9,2794,2,7200,1.00322118826
227212,227221,230427,9,3206,2,7200,1.00280723643
227227,227236,230270,9,3034,2,7200,1.00296638102
227257,227265,230322,8,3057,2,7200,1.00261694472
227282,227289,229958,7,2669,2,7200,1.00262270513
227283,227296,230376,13,3080,2,7200,1.00422077922
227298,227308,230318,10,3010,2,7200,1.00332225914
227371,227380,230308,9,2928,2,7200,1.00307377049
227794,227803,230999,9,3196,2,7200,1.00281602003
227862,236593,251031,8731,14438,1,86400,1.60472364593
227970,227979,230863,9,2884,2,7200,1.00312066574
228015,228027,231166,12,3139,2,7200,1.00382287353
228030,228036,231141,6,3105,2,7200,1.00193236715
228199,228208,231305,9,3097,2,7200,1.0029060381
228215,228227,228313,12,86,1,600,1.13953488372
228241,228249,231086,8,2837,2,7200,1.00281988016
228277,228286,231419,9,3133,2,7200,1.00287264603
228507,228520,231507,13,2987,2,7200,1.00435219284
228649,236544,322214,7895,85670,1,129600,1.09215594724
228670,236549,322638,7879,86089,1,129600,1.09152156489
228688,236555,306123,7867,69568,1,129600,1.11308360166
228701,236560,322455,7859,85895,1,129600,1.09149543047
228715,236566,322927,7851,86361,1,129600,1.09090909091
228730,228740,232109,10,3369,2,7200,1.00296823983
228740,236571,306341,7831,69770,1,129600,1.11224021786
228870,228879,231909,9,3030,2,7200,1.00297029703
228918,228925,229166,7,241,1,600,1.02904564315
229066,229077,232062,11,2985,2,7200,1.00368509213
229268,229274,229355,6,81,1,3600,1.07407407407
229326,229335,232310,9,2975,2,7200,1.00302521008
229342,229349,232285,7,2936,2,7200,1.00238419619
229455,229464,232877,9,3413,2,7200,1.00263697627
229500,229510,232441,10,2931,2,7200,1.00341180484
229536,229544,232596,8,3052,2,7200,1.00262123198
229588,229597,232656,9,3059,2,7200,1.00294213795
229664,229674,232721,10,3047,2,7200,1.00328191664
229691,229700,232752,9,3052,2,7200,1.00294888598
229693,229706,232800,13,3094,2,7200,1.00420168067
229750,229759,232686,9,2927,2,7200,1.00307482064
229765,229779,232977,14,3198,2,7200,1.00437773609
229841,229852,232455,11,2603,2,7200,1.0042258932
229871,229883,232954,12,3071,2,7200,1.00390752198
229935,229943,232969,8,3026,2,7200,1.00264375413
229950,229956,232549,6,2593,2,7200,1.0023139221
229951,229963,233045,12,3082,2,7200,1.0038935756
229967,229973,233013,6,3040,2,7200,1.00197368421
229968,229979,232944,11,2965,2,7200,1.00370994941
229986,229996,233153,10,3157,2,7200,1.00316756414
230001,230009,232953,8,2944,2,7200,1.0027173913
230023,230035,233221,12,3186,2,7200,1.00376647834
230180,230190,233024,10,2834,2,7200,1.00352858151
230250,230264,233209,14,2945,2,7200,1.00475382003
230271,230284,233342,13,3058,2,7200,1.00425114454
230310,230319,233407,9,3088,2,7200,1.00291450777
230328,230334,233505,6,3171,2,7200,1.00189214759
230329,230341,233562,12,3221,2,7200,1.00372555107
230378,230388,233347,10,2959,2,7200,1.00337952011
230430,230438,233327,8,2889,2,7200,1.00276912426
230600,230607,230612,7,5,1,1800,1.2
230752,236538,312987,5786,76449,4,90000,1.07568444322
230865,230874,233878,9,3004,2,7200,1.00299600533
231000,231014,234235,14,3221,2,7200,1.00434647625
231088,231098,234355,10,3257,2,7200,1.0030703101
231142,231158,234221,16,3063,2,7200,1.00522363696
231170,231177,234205,7,3028,2,7200,1.00231175694
231305,231316,234266,11,2950,2,7200,1.00372881356
231420,231430,234487,10,3057,2,7200,1.0032711809
231511,231518,234326,7,2808,2,7200,1.00249287749
231912,231920,235068,8,3148,2,7200,1.00254129606
231968,231977,232623,9,646,1,600,1.01393188854
232063,232073,235026,10,2953,2,7200,1.00338638673
232111,232120,235036,9,2916,2,7200,1.00308641975
232286,232297,235169,11,2872,2,7200,1.00383008357
232311,232321,235288,10,2967,2,7200,1.00337040782
232444,232452,235461,8,3009,2,7200,1.00265869059
232459,232467,235325,8,2858,2,7200,1.00279916025
232553,232561,235724,8,3163,2,7200,1.00252924439
232598,232608,235218,10,2610,2,7200,1.00383141762
232658,232667,235632,9,2965,2,7200,1.00303541315
232688,232698,235732,10,3034,2,7200,1.00329597891
232724,232733,235914,9,3181,2,7200,1.00282929896
232755,232763,235700,8,2937,2,7200,1.00272386789
232803,232811,235956,8,3145,2,7200,1.00254372019
232835,236598,261808,3763,25210,1,25200,1.14926616422
232878,232888,235722,10,2834,2,7200,1.00352858151
232945,232955,235979,10,3024,2,7200,1.00330687831
232960,232969,236074,9,3105,2,7200,1.00289855072
232961,232975,235820,14,2845,2,7200,1.00492091388
232976,232988,235818,12,2830,2,7200,1.00424028269
232991,232998,235815,7,2817,2,7200,1.00248491303
233016,233024,236166,8,3142,2,7200,1.00254614895
233031,233037,236103,6,3066,2,7200,1.00195694716
233046,233061,236082,15,3021,2,7200,1.0049652433
233154,233164,236235,10,3071,2,7200,1.00325626832
233212,233220,236178,8,2958,2,7200,1.00270453009
233227,233238,236151,11,2913,2,7200,1.00377617576
233329,233338,236082,9,2744,2,7200,1.00327988338
233344,233353,236535,9,3182,2,7200,1.00282840981
233359,233365,236255,6,2890,2,7200,1.00207612457
233407,233418,236698,11,3280,2,7200,1.00335365854
233507,233517,236692,10,3175,2,7200,1.0031496063
233565,233581,233696,16,115,1,600,1.13913043478
233565,233575,236612,10,3037,2,7200,1.00329272308
233879,233889,236914,10,3025,2,7200,1.00330578512
234208,234217,237310,9,3093,2,7200,1.00290979631
234223,234232,237124,9,2892,2,7200,1.0031120332
234238,234246,237127,8,2881,2,7200,1.00277681361
234268,234278,237358,10,3080,2,7200,1.00324675325
234328,234340,237610,12,3270,2,7200,1.00366972477
234355,234366,237418,11,3052,2,7200,1.00360419397
234488,234499,237736,11,3237,2,7200,1.00339820822
234912,235728,238530,816,2802,1,7200,1.29122055675
235027,236614,248165,1587,11551,1,86400,1.1373907021
235029,235037,238128,8,3091,2,7200,1.00258815917
235044,235050,238105,6,3055,2,7200,1.00196399345
235068,235079,237996,11,2917,2,7200,1.0037709976
235171,235180,238391,9,3211,2,7200,1.00280286515
235220,235230,238113,10,2883,2,7200,1.00346860909
235289,235299,238009,10,2710,2,7200,1.0036900369
235328,235338,238272,10,2934,2,7200,1.00340831629
235464,235473,238522,9,3049,2,7200,1.00295178747
235633,235643,238327,10,2684,2,7200,1.00372578241
235703,235712,238773,9,3061,2,7200,1.00294021562
235724,235734,238807,10,3073,2,7200,1.00325414904
235739,235745,238773,6,3028,2,7200,1.00198150594
235741,235757,238846,16,3089,2,7200,1.0051796698
235816,235827,239027,11,3200,2,7200,1.0034375
235832,235840,238743,8,2903,2,7200,1.00275576989
235833,235846,238740,13,2894,2,7200,1.00449205252
235918,235927,239042,9,3115,2,7200,1.00288924559
235957,235968,239047,11,3079,2,7200,1.0035725885
235981,235991,239012,10,3021,2,7200,1.0033101622
235996,236604,236679,608,75,2,1740,9.10666666667
235997,236609,236679,612,70,2,1740,9.74285714286
236078,236086,239059,8,2973,2,7200,1.00269088463
236093,236104,239328,11,3224,2,7200,1.00341191067
236094,236110,239144,16,3034,2,7200,1.00527356625
236109,236117,239005,8,2888,2,7200,1.0027700831
236155,236163,238975,8,2812,2,7200,1.00284495021
236170,236182,239184,12,3002,2,7200,1.00399733511
236185,236192,238998,7,2806,2,7200,1.00249465431
236236,236252,239229,16,2977,2,7200,1.00537453813
236258,236266,239198,8,2932,2,7200,1.00272851296
236539,236747,239637,208,2890,2,7200,1.07197231834
236614,236752,239729,138,2977,2,7200,1.04635539133
236678,236817,236819,139,2,1,600,14.1
236693,236758,239924,65,3166,2,7200,1.02053063803
236708,236763,239857,55,3094,2,7200,1.01777634131
236917,236925,239856,8,2931,2,7200,1.00272944388
237128,237135,240094,7,2959,2,7200,1.00236566408
237129,237142,239736,13,2594,2,7200,1.00501156515
237153,237159,237220,6,61,2,1740,1.09836065574
237154,237166,237220,12,54,2,1740,1.22222222222
237155,237172,237220,17,48,2,1740,1.35416666667
237156,237177,237220,21,43,2,1740,1.48837209302
237157,237182,237220,25,38,2,1740,1.65789473684
237158,237188,237220,30,32,2,1740,1.9375
237159,237193,237220,34,27,2,1740,2.25925925926
237160,237198,237220,38,22,2,1740,2.72727272727
237161,237205,237220,44,15,2,1740,3.93333333333
237162,237210,237211,48,1,2,1740,4.9
237219,237226,237228,7,2,1,600,1.0
237306,237312,237394,6,82,16,13380,1.07317073171
237307,237320,237394,13,74,16,13380,1.17567567568
237311,237326,240370,15,3044,2,7200,1.00492772668
237360,237369,240452,9,3083,2,7200,1.00291923451
237407,237414,237427,7,13,16,13380,1.53846153846
237408,237420,237425,12,5,16,13380,1.7
237420,237429,240382,9,2953,2,7200,1.00304774805
237456,237463,237516,7,53,16,13380,1.1320754717
237457,237470,237517,13,47,16,13380,1.27659574468
237542,237548,237702,6,154,16,1740,1.03896103896
237543,237554,237702,11,148,16,1740,1.07432432432
237610,237622,240438,12,2816,2,7200,1.00426136364
237658,237665,471405,7,233740,12,345600,1.00002994781
237700,237708,237710,8,2,1,600,1.0
237737,237747,240874,10,3127,2,7200,1.00319795331
237997,238007,241074,10,3067,2,7200,1.00326051516
238012,238020,241092,8,3072,2,7200,1.00260416667
238108,238116,241130,8,3014,2,7200,1.00265428003
238123,238129,241101,6,2972,2,7200,1.00201884253
238138,238148,241185,10,3037,2,7200,1.00329272308
238274,238283,241357,9,3074,2,7200,1.00292778139
238328,238338,241522,10,3184,2,7200,1.00314070352
238395,238402,241213,7,2811,2,7200,1.002490217
238525,238534,241164,9,2630,2,7200,1.00342205323
238744,238752,241808,8,3056,2,7200,1.00261780105
238745,238759,241819,14,3060,2,7200,1.0045751634
238776,238787,241663,11,2876,2,7200,1.00382475661
238777,238792,241839,15,3047,2,7200,1.00492287496
238810,238821,242152,11,3331,2,7200,1.00330231162
238847,238858,242067,11,3209,2,7200,1.00342785915
238977,238986,242113,9,3127,2,7200,1.00287815798
239001,239010,242071,9,3061,2,7200,1.00294021562
239016,239022,241835,6,2813,2,7200,1.00213295414
239017,239028,242008,11,2980,2,7200,1.00369127517
239033,239038,242619,5,3581,2,7200,1.00139625803
239048,239054,242176,6,3122,2,7200,1.00192184497
239049,239061,242097,12,3036,2,7200,1.00395256917
239065,239071,242204,6,3133,2,7200,1.00191509735
239146,239156,242066,10,2910,2,7200,1.00343642612
239187,239195,242376,8,3181,2,7200,1.00251493241
239202,239210,242147,8,2937,2,7200,1.00272386789
239232,239241,242585,9,3344,2,7200,1.00269138756
239329,239339,242657,10,3318,2,7200,1.00301386377
239637,239648,242584,11,2936,2,7200,1.00374659401
239731,239741,242888,10,3147,2,7200,1.00317762949
239746,239752,242667,6,2915,2,7200,1.00205831904
239858,239867,242719,9,2852,2,7200,1.00315568022
239859,239874,243166,15,3292,2,7200,1.00455650061
239926,239936,242866,10,2930,2,7200,1.00341296928
240095,240105,243087,10,2982,2,7200,1.00335345406
240373,240381,243108,8,2727,2,7200,1.0029336267
240388,240394,243556,6,3162,2,7200,1.00189753321
240439,240449,243601,10,3152,2,7200,1.00317258883
240454,240463,243685,9,3222,2,7200,1.00279329609
240877,240887,243920,10,3033,2,7200,1.00329706561
241076,241085,243943,9,2858,2,7200,1.00314905528
241094,241103,244361,9,3258,2,7200,1.00276243094
241109,241115,244281,6,3166,2,7200,1.00189513582
241133,241141,244252,8,3111,2,7200,1.00257152041
241166,241179,244310,13,3131,2,7200,1.00415202811
241187,241196,244394,9,3198,2,7200,1.00281425891
241215,241224,244299,9,3075,2,7200,1.00292682927
241360,241368,244255,8,2887,2,7200,1.0027710426
241414,241420,244960,6,3540,1,36000,1.00169491525
241526,241534,244327,8,2793,2,7200,1.00286430362
241665,241674,244797,9,3123,2,7200,1.00288184438
241713,241719,241837,6,118,1,600,1.05084745763
241810,241820,244886,10,3066,2,7200,1.0032615786
241825,241830,244951,5,3121,2,7200,1.00160205062
241840,241846,244929,6,3083,2,7200,1.00194615634
241841,241858,242012,17,154,2,600,1.11038961039
241841,241852,244780,11,2928,2,7200,1.0037568306
241921,241929,257862,8,15933,1,86400,1.00050210255
242010,242019,245330,9,3311,2,7200,1.00271821202
242068,242078,244926,10,2848,2,7200,1.00351123596
242069,242083,245184,14,3101,2,7200,1.00451467269
242084,242090,245058,6,2968,2,7200,1.00202156334
242099,242108,245387,9,3279,2,7200,1.00274473925
242114,242124,245094,10,2970,2,7200,1.00336700337
242147,242158,245340,11,3182,2,7200,1.00345694532
242162,242168,245041,6,2873,2,7200,1.00208840933
242177,242189,245098,12,2909,2,7200,1.00412512891
242204,242215,245358,11,3143,2,7200,1.00349984092
242377,242387,245507,10,3120,2,7200,1.00320512821
242585,242595,245438,10,2843,2,7200,1.00351741119
242587,242602,245409,15,2807,2,7200,1.0053437834
242620,242630,245656,10,3026,2,7200,1.00330469266
242659,242668,245300,9,2632,2,7200,1.00341945289
242674,242681,245620,7,2939,2,7200,1.0023817625
242720,242730,245717,10,2987,2,7200,1.00334784064
242799,242806,243707,7,901,1,1800,1.00776914539
242868,242883,245789,15,2906,2,7200,1.00516173434
242889,242899,245959,10,3060,2,7200,1.00326797386
243088,243098,246080,10,2982,2,7200,1.00335345406
243109,243120,246163,11,3043,2,7200,1.00361485376
243166,243177,246125,11,2948,2,7200,1.00373134328
243559,243573,246705,14,3132,2,7200,1.00446998723
243604,243616,246566,12,2950,2,7200,1.00406779661
243686,243696,246491,10,2795,2,7200,1.00357781753
243813,243820,245054,7,1234,1,1800,1.0056726094
243921,243932,246986,11,3054,2,7200,1.00360183366
243946,243954,246988,8,3034,2,7200,1.00263678312
244254,244263,247404,9,3141,2,7200,1.00286532951
244268,244282,247213,14,2931,2,7200,1.00477652678
244283,244294,247315,11,3021,2,7200,1.00364117842
244301,244316,247121,15,2805,2,7200,1.00534759358
244317,244328,247430,11,3102,2,7200,1.00354609929
244332,244340,247493,8,3153,2,7200,1.0025372661
244365,244375,247249,10,2874,2,7200,1.00347947112
244395,244405,247261,10,2856,2,7200,1.00350140056
244782,244797,247877,15,3080,2,7200,1.00487012987
244800,244809,247828,9,3019,2,7200,1.00298111958
244888,244898,247910,10,3012,2,7200,1.00332005312
244927,244937,247961,10,3024,2,7200,1.00330687831
244942,244948,248179,6,3231,2,7200,1.00185701021
244949,244955,251725,6,6770,1,25200,1.00088626292
244957,244968,248087,11,3119,2,7200,1.0035267714
245044,245054,248404,10,3350,2,7200,1.00298507463
245059,245069,248106,10,3037,2,7200,1.00329272308
245095,245105,247844,10,2739,2,7200,1.00365096751
245110,245119,248401,9,3282,2,7200,1.00274223035
245186,245195,248395,9,3200,2,7200,1.0028125
245304,245312,248262,8,2950,2,7200,1.00271186441
245331,245342,248188,11,2846,2,7200,1.00386507379
245346,245352,248024,6,2672,2,7200,1.00224550898
245361,245370,248224,9,2854,2,7200,1.00315346882
245388,245398,248250,10,2852,2,7200,1.00350631136
245412,245421,248315,9,2894,2,7200,1.00310988252
245440,245450,248142,10,2692,2,7200,1.00371471025
245509,245518,248769,9,3251,2,7200,1.00276837896
245621,245637,248498,16,2861,2,7200,1.00559245019
245657,245674,248690,17,3016,2,7200,1.00563660477
245721,245728,248907,7,3179,2,7200,1.0022019503
245763,245769,245770,6,1,2,3540,1.0
245791,245801,248680,10,2879,2,7200,1.00347342827
245960,245970,249027,10,3057,2,7200,1.0032711809
246081,246092,249175,11,3083,2,7200,1.00356795329
246126,246137,249084,11,2947,2,7200,1.00373260943
246165,246174,249219,9,3045,2,7200,1.00295566502
246494,246503,249595,9,3092,2,7200,1.00291073739
246570,246578,249485,8,2907,2,7200,1.00275197798
246690,246696,260563,6,13867,1,86400,1.00043268191
246705,246716,249702,11,2986,2,7200,1.003683858
246989,246998,250110,9,3112,2,7200,1.00289203085
246991,247006,250173,15,3167,2,7200,1.00473634354
247124,247132,249713,8,2581,2,7200,1.00309957381
247214,247224,249993,10,2769,2,7200,1.00361141206
247250,247261,250130,11,2869,2,7200,1.00383408853
247266,247272,250017,6,2745,2,7200,1.00218579235
247317,247327,250426,10,3099,2,7200,1.00322684737
247404,247415,250157,11,2742,2,7200,1.00401167031
247432,247441,250062,9,2621,2,7200,1.00343380389
247495,247505,250679,10,3174,2,7200,1.00315059861
247830,247840,250880,10,3040,2,7200,1.00328947368
247845,247856,250692,11,2836,2,7200,1.0038787024
247879,247888,251001,9,3113,2,7200,1.00289110183
247912,247921,251028,9,3107,2,7200,1.00289668491
247963,247972,251072,9,3100,2,7200,1.00290322581
248027,248035,250751,8,2716,2,7200,1.0029455081
248090,248099,251057,9,2958,2,7200,1.00304259635
248108,248117,250536,9,2419,2,7200,1.00372054568
248145,248153,251163,8,3010,2,7200,1.00265780731
248181,248190,251389,9,3199,2,7200,1.00281337918
248196,248202,250956,6,2754,2,7200,1.00217864924
248226,248235,251219,9,2984,2,7200,1.00301608579
248253,248266,251386,13,3120,2,7200,1.00416666667
248268,248279,251331,11,3052,2,7200,1.00360419397
248317,248326,251439,9,3113,2,7200,1.00289110183
248398,248415,251354,17,2939,2,7200,1.00578428037
248414,248426,251192,12,2766,2,7200,1.00433839479
248415,248432,251303,17,2871,2,7200,1.00592128178
248500,248509,251642,9,3133,2,7200,1.00287264603
248681,248691,251506,10,2815,2,7200,1.00355239787
248696,248702,251421,6,2719,2,7200,1.00220669364
248772,248780,251848,8,3068,2,7200,1.00260756193
248908,248918,252130,10,3212,2,7200,1.00311332503
249028,249038,252018,10,2980,2,7200,1.0033557047
249086,249098,252264,12,3166,2,7200,1.00379027164
249176,249187,252021,11,2834,2,7200,1.00388143966
249222,249231,252270,9,3039,2,7200,1.00296150049
249488,249496,252264,8,2768,2,7200,1.00289017341
249596,249606,252783,10,3177,2,7200,1.00314762354
249705,249713,252741,8,3028,2,7200,1.00264200793
249720,249727,252680,7,2953,2,7200,1.00237047071
249994,250004,252706,10,2702,2,7200,1.00370096225
250019,250029,252873,10,2844,2,7200,1.0035161744
250064,250073,252965,9,2892,2,7200,1.0031120332
250112,250121,253105,9,2984,2,7200,1.00301608579
250133,250141,253246,8,3105,2,7200,1.00257648953
250157,250168,253115,11,2947,2,7200,1.00373260943
250175,250184,253107,9,2923,2,7200,1.0030790284
250429,250438,253539,9,3101,2,7200,1.00290228958
250538,250552,253575,14,3023,2,7200,1.0046311611
250683,250691,253383,8,2692,2,7200,1.0029717682
250698,250704,253797,6,3093,2,7200,1.00193986421
250752,250762,253802,10,3040,2,7200,1.00328947368
250882,250891,253953,9,3062,2,7200,1.00293925539
250957,250967,253995,10,3028,2,7200,1.00330250991
251003,251015,254095,12,3080,2,7200,1.0038961039
251030,251044,254120,14,3076,2,7200,1.00455136541
251061,251068,254013,7,2945,2,7200,1.00237691002
251076,251083,254181,7,3098,2,7200,1.00225952227
251167,251179,254041,12,2862,2,7200,1.00419287212
251194,251203,254402,9,3199,2,7200,1.00281337918
251204,841150,857038,589946,15888,1,604800,38.1315458207
251221,251233,254527,12,3294,2,7200,1.00364298725
251306,251314,254363,8,3049,2,7200,1.00262381109
251333,251342,254101,9,2759,2,7200,1.00326205147
251357,251365,254341,8,2976,2,7200,1.00268817204
251387,251397,254808,10,3411,2,7200,1.00293169159
251402,251408,254335,6,2927,2,7200,1.00204988042
251423,251432,254191,9,2759,2,7200,1.00326205147
251441,251450,254446,9,2996,2,7200,1.00300400534
251508,251517,254416,9,2899,2,7200,1.0031045188
251644,251654,254642,10,2988,2,7200,1.00334672021
251850,251859,254617,9,2758,2,7200,1.00326323423
252022,252029,255118,7,3089,2,7200,1.00226610554
252023,252036,255177,13,3141,2,7200,1.0041388093
252132,252141,255043,9,2902,2,7200,1.00310130944
252265,252275,255317,10,3042,2,7200,1.00328731098
252267,252282,255276,15,2994,2,7200,1.00501002004
252282,252289,254982,7,2693,2,7200,1.0025993316
252683,252691,255731,8,3040,2,7200,1.00263157895
252707,252717,255520,10,2803,2,7200,1.00356760614
252744,252752,255690,8,2938,2,7200,1.00272294078
252786,252794,255630,8,2836,2,7200,1.00282087447
252877,252885,255962,8,3077,2,7200,1.002599935
252967,252977,255687,10,2710,2,7200,1.0036900369
253106,253116,256203,10,3087,2,7200,1.00323939099
253122,253127,255934,5,2807,2,7200,1.00178126113
253123,253134,256052,11,2918,2,7200,1.00376970528
253247,253257,256230,10,2973,2,7200,1.00336360579
253386,253394,256494,8,3100,2,7200,1.00258064516
253540,253550,256484,10,2934,2,7200,1.00340831629
253576,253586,256411,10,2825,2,7200,1.00353982301
253799,253809,256847,10,3038,2,7200,1.00329163924
253814,253831,256699,17,2868,2,7200,1.00592747559
253953,253965,256873,12,2908,2,7200,1.00412654746
253999,254006,257087,7,3081,2,7200,1.00227198961
254017,254030,256947,13,2917,2,7200,1.00445663353
254044,254053,257117,9,3064,2,7200,1.00293733681
254096,254106,257102,10,2996,2,7200,1.00333778371
254111,254118,256783,7,2665,2,7200,1.00262664165
254126,254133,257424,7,3291,2,7200,1.00212701307
254184,254192,256798,8,2606,2,7200,1.00306983883
254199,254205,256851,6,2646,2,7200,1.0022675737
254338,254346,257377,8,3031,2,7200,1.00263939294
254353,254359,257179,6,2820,2,7200,1.00212765957
254368,254379,257368,11,2989,2,7200,1.00368016059
254404,254413,257506,9,3093,2,7200,1.00290979631
254419,254427,257424,8,2997,2,7200,1.002669336
254449,254457,257221,8,2764,2,7200,1.00289435601
254528,254538,257624,10,3086,2,7200,1.0032404407
254619,254628,257699,9,3071,2,7200,1.00293064148
254643,254653,257747,10,3094,2,7200,1.00323206206
254694,254701,255020,7,319,1,3600,1.02194357367
254809,254819,257754,10,2935,2,7200,1.00340715503
254984,254994,257909,10,2915,2,7200,1.00343053173
255045,255054,257985,9,2931,2,7200,1.00307062436
255091,255098,256060,7,962,1,14400,1.00727650728
255120,255129,258074,9,2945,2,7200,1.00305602716
255181,255189,258140,8,2951,2,7200,1.00271094544
255268,255275,258026,7,2751,1,3600,1.00254452926
255277,255288,258149,11,2861,2,7200,1.00384480951
255320,255328,258448,8,3120,2,7200,1.00256410256
255522,255531,258224,9,2693,2,7200,1.00334199777
255634,255642,258510,8,2868,2,7200,1.00278940028
255689,255701,258794,12,3093,2,7200,1.00387972842
255703,255709,258672,6,2963,2,7200,1.00202497469
255734,255743,258600,9,2857,2,7200,1.00315015751
255936,255948,258856,12,2908,2,7200,1.00412654746
255963,255974,259221,11,3247,2,7200,1.00338774253
256054,256063,259008,9,2945,2,7200,1.00305602716
256205,256214,259246,9,3032,2,7200,1.00296833773
256232,256241,259195,9,2954,2,7200,1.00304671632
256413,256450,259344,37,2894,2,7200,1.01278507256
256486,256495,259392,9,2897,2,7200,1.00310666206
256501,256507,259434,6,2927,2,7200,1.00204988042
256517,256523,256524,6,1,1,240,1.0
256700,256711,259448,11,2737,2,7200,1.0040189989
256785,256794,259894,9,3100,2,7200,1.00290322581
256800,256810,259535,10,2725,2,7200,1.00366972477
256848,256858,259791,10,2933,2,7200,1.00340947835
256863,256869,259871,6,3002,2,7200,1.00199866755
256878,256884,259994,6,3110,2,7200,1.00192926045
256950,256958,259756,8,2798,2,7200,1.00285918513
257089,257098,260010,9,2912,2,7200,1.00309065934
257104,257113,260114,9,3001,2,7200,1.00299900033
257119,257129,259874,10,2745,2,7200,1.00364298725
257182,257196,260212,14,3016,2,7200,1.00464190981
257222,257237,260312,15,3075,2,7200,1.00487804878
257370,257378,260386,8,3008,2,7200,1.00265957447
257385,257391,260211,6,2820,2,7200,1.00212765957
257428,257436,260447,8,3011,2,7200,1.00265692461
257429,257441,260598,12,3157,2,7200,1.00380107697
257508,257517,260529,9,3012,2,7200,1.00298804781
257626,257635,260674,9,3039,2,7200,1.00296150049
257701,257710,260794,9,3084,2,7200,1.00291828794
257750,257758,260489,8,2731,2,7200,1.00292932992
257765,257770,260903,5,3133,2,7200,1.00159591446
257913,257920,261008,7,3088,2,7200,1.00226683938
257988,257997,260891,9,2894,2,7200,1.00310988252
258076,258086,261094,10,3008,2,7200,1.00332446809
258142,258151,261250,9,3099,2,7200,1.00290416263
258157,258163,261367,6,3204,2,7200,1.00187265918
258227,258236,261323,9,3087,2,7200,1.0029154519
258450,258462,261309,12,2847,2,7200,1.00421496312
258514,258521,261406,7,2885,2,7200,1.00242634315
258602,258612,261370,10,2758,2,7200,1.00362581581
258674,258686,261803,12,3117,2,7200,1.00384985563
258798,258805,261871,7,3066,2,7200,1.00228310502
258858,258867,262005,9,3138,2,7200,1.00286806883
259010,259022,262028,12,3006,2,7200,1.00399201597
259197,259207,262173,10,2966,2,7200,1.00337154417
259224,259235,262034,11,2799,2,7200,1.00392997499
259248,259257,262130,9,2873,2,7200,1.00313261399
259345,259355,262725,10,3370,2,7200,1.00296735905
259393,259403,262669,10,3266,2,7200,1.00306184936
259435,259446,262316,11,2870,2,7200,1.00383275261
259450,259459,262568,9,3109,2,7200,1.00289482149
259538,259546,262538,8,2992,2,7200,1.00267379679
259688,259694,261429,6,1735,1,7200,1.00345821326
259758,259770,262924,12,3154,2,7200,1.00380469245
259794,259802,262691,8,2889,2,7200,1.00276912426
259873,259885,262724,12,2839,2,7200,1.00422684044
259888,259899,262737,11,2838,2,7200,1.00387596899
259903,259911,263108,8,3197,2,7200,1.00250234595
259996,260005,262953,9,2948,2,7200,1.00305291723
260011,260025,262856,14,2831,2,7200,1.00494524903
260117,260125,263060,8,2935,2,7200,1.00272572402
260214,260222,263327,8,3105,2,7200,1.00257648953
260215,260228,262929,13,2701,2,7200,1.00481303221
260315,260324,263370,9,3046,2,7200,1.00295469468
260388,260397,263496,9,3099,2,7200,1.00290416263
260448,260458,263377,10,2919,2,7200,1.00342583076
260490,260500,263623,10,3123,2,7200,1.00320204931
260533,260541,263621,8,3080,2,7200,1.0025974026
260599,260609,263679,10,3070,2,7200,1.00325732899
260675,260686,263703,11,3017,2,7200,1.00364600597
260796,260805,263893,9,3088,2,7200,1.00291450777
260892,260902,264055,10,3153,2,7200,1.00317158262
260907,260914,263461,7,2547,2,7200,1.00274833137
261010,261019,264258,9,3239,2,7200,1.00277863538
261098,261106,264237,8,3131,2,7200,1.00255509422
261252,261272,263925,20,2653,2,7200,1.00753863551
261312,261321,264129,9,2808,2,7200,1.00320512821
261327,261334,264278,7,2944,2,7200,1.00237771739
261370,261380,264390,10,3010,2,7200,1.00332225914
261371,261387,264378,16,2991,2,7200,1.00534938148
261408,261417,264439,9,3022,2,7200,1.00297816016
261549,261556,272318,7,10762,1,10800,1.00065043672
261803,261814,264963,11,3149,2,7200,1.00349317244
261873,261882,264758,9,2876,2,7200,1.00312934631
262006,262016,265152,10,3136,2,7200,1.00318877551
262030,262042,265183,12,3141,2,7200,1.00382043935
262045,262056,265011,11,2955,2,7200,1.00372250423
262133,262141,264978,8,2837,2,7200,1.00281988016
262175,262184,265197,9,3013,2,7200,1.00298705609
262320,262328,265076,8,2748,2,7200,1.00291120815
262541,262549,265582,8,3033,2,7200,1.00263765249
262571,262579,265522,8,2943,2,7200,1.00271831464
262670,262680,265758,10,3078,2,7200,1.0032488629
262694,262703,265665,9,2962,2,7200,1.00303848751
262728,262735,265300,7,2565,2,7200,1.00272904483
262729,262742,265849,13,3107,2,7200,1.00418410042
262745,262753,265692,8,2939,2,7200,1.00272201429
262859,262867,266093,8,3226,2,7200,1.00247985121
262926,262936,265704,10,2768,2,7200,1.00361271676
262941,262947,265920,6,2973,2,7200,1.00201816347
262956,262964,266285,8,3321,2,7200,1.00240891298
263062,263071,266028,9,2957,2,7200,1.0030436253
263110,263119,266029,9,2910,2,7200,1.00309278351
263331,263339,266347,8,3008,2,7200,1.00265957447
263373,263385,266096,12,2711,2,7200,1.00442641092
263388,263399,266219,11,2820,2,7200,1.00390070922
263464,263476,266430,12,2954,2,7200,1.00406228842
263497,263507,266221,10,2714,2,7200,1.00368459838
263624,263632,266684,8,3052,2,7200,1.00262123198
263626,263639,266779,13,3140,2,7200,1.00414012739
263680,263691,266430,11,2739,2,7200,1.00401606426
263704,263714,266596,10,2882,2,7200,1.00346981263
263895,263904,266986,9,3082,2,7200,1.0029201817
263928,263936,266913,8,2977,2,7200,1.00268726906
264058,264066,267431,8,3365,2,7200,1.00237741456
264130,264141,267157,11,3016,2,7200,1.00364721485
264239,264248,267348,9,3100,2,7200,1.00290322581
264260,264270,267298,10,3028,2,7200,1.00330250991
264281,264289,267297,8,3008,2,7200,1.00265957447
264381,264389,267530,8,3141,2,7200,1.00254695957
264396,264402,267283,6,2881,2,7200,1.0020826102
264441,264450,267354,9,2904,2,7200,1.00309917355
264759,264770,268006,11,3236,2,7200,1.00339925834
264964,264975,267805,11,2830,2,7200,1.0038869258
264979,264989,267957,10,2968,2,7200,1.00336927224
265013,265022,268002,9,2980,2,7200,1.00302013423
265079,265087,268123,8,3036,2,7200,1.00263504611
265155,265169,268382,14,3213,2,7200,1.00435729847
265185,265194,268247,9,3053,2,7200,1.00294792008
265200,265208,267936,8,2728,2,7200,1.00293255132
265302,265311,268341,9,3030,2,7200,1.00297029703
265523,265534,268722,11,3188,2,7200,1.00345043915
265584,265593,268633,9,3040,2,7200,1.00296052632
265669,265681,268572,12,2891,2,7200,1.00415081287
265693,265703,268475,10,2772,2,7200,1.00360750361
265708,265716,268759,8,3043,2,7200,1.00262898455
265759,265770,268630,11,2860,2,7200,1.00384615385
265850,265861,268576,11,2715,2,7200,1.00405156538
265923,265931,269192,8,3261,2,7200,1.0024532352
266031,266042,268878,11,2836,2,7200,1.0038787024
266033,266048,268983,15,2935,2,7200,1.00511073254
266097,266108,269012,11,2904,2,7200,1.00378787879
266098,266114,269200,16,3086,2,7200,1.00518470512
266222,266229,269313,7,3084,2,7200,1.00226977951
266223,266236,269250,13,3014,2,7200,1.00431320504
266287,266297,269484,10,3187,2,7200,1.0031377471
266350,266358,269666,8,3308,2,7200,1.00241837969
266426,266441,269659,15,3218,2,7200,1.0046612803
266441,266453,269566,12,3113,2,7200,1.00385480244
266598,266607,269817,9,3210,2,7200,1.00280373832
266685,266695,269727,10,3032,2,7200,1.00329815303
266782,266790,269696,8,2906,2,7200,1.00275292498
266915,266924,270067,9,3143,2,7200,1.0028635062
266988,267002,270047,14,3045,2,7200,1.00459770115
267160,267168,270267,8,3099,2,7200,1.0025814779
267284,267294,270466,10,3172,2,7200,1.00315258512
267299,267308,269878,9,2570,2,7200,1.00350194553
267300,267315,270198,15,2883,2,7200,1.00520291363
267352,267361,270391,9,3030,2,7200,1.00297029703
267367,267374,270406,7,3032,2,7200,1.00230870712
267433,267442,270197,9,2755,2,7200,1.00326678766
267533,267545,270750,12,3205,2,7200,1.00374414977
267808,267817,270586,9,2769,2,7200,1.00325027086
267848,267855,267861,7,6,1,3600,1.3
267938,267947,270984,9,3037,2,7200,1.00296345077
267959,267968,270930,9,2962,2,7200,1.00303848751
267966,267975,268750,9,775,1,3600,1.01161290323
268002,268019,271151,17,3132,2,7200,1.00542784163
268016,268026,270864,10,2838,2,7200,1.00352360817
268033,268041,270311,8,2270,1,360000,1.00352422907
268125,268134,271196,9,3062,2,7200,1.00293925539
268249,268259,271431,10,3172,2,7200,1.00315258512
268342,268352,271193,10,2841,2,7200,1.00351988736
268385,268393,271537,8,3144,2,7200,1.00254452926
268478,268486,271535,8,3049,2,7200,1.00262381109
268575,268584,271678,9,3094,2,7200,1.00290885585
268590,268597,271729,7,3132,2,7200,1.00223499361
268633,268641,271765,8,3124,2,7200,1.00256081946
268647,268654,271568,7,2914,2,7200,1.00240219629
268723,268735,271722,12,2987,2,7200,1.00401740877
268760,268771,271776,11,3005,2,7200,1.00366056572
268850,268856,304881,6,36025,1,36000,1.00016655101
268873,268886,269995,13,1109,1,3600,1.01172227232
268881,268892,271665,11,2773,2,7200,1.00396682294
268984,268994,272155,10,3161,2,7200,1.00316355584
269014,269023,271910,9,2887,2,7200,1.00311742293
269195,269203,272032,8,2829,2,7200,1.00282785437
269210,269216,272495,6,3279,2,7200,1.00182982617
269253,269261,272116,8,2855,2,7200,1.00280210158
269316,269324,272148,8,2824,2,7200,1.00283286119
269485,269495,272581,10,3086,2,7200,1.0032404407
269570,269578,272253,8,2675,2,7200,1.00299065421
269660,269670,272716,10,3046,2,7200,1.00328299409
269676,269682,272579,6,2897,2,7200,1.00207110804
269700,269708,273034,8,3326,2,7200,1.00240529164
269730,269739,272859,9,3120,2,7200,1.00288461538
269817,269828,272841,11,3013,2,7200,1.00365084633
269881,269889,272914,8,3025,2,7200,1.0026446281
270050,270058,273429,8,3371,2,7200,1.00237318303
270068,270078,273326,10,3248,2,7200,1.00307881773
270198,270208,273194,10,2986,2,7200,1.00334896182
270200,270214,273368,14,3154,2,7200,1.00443880786
270224,270230,270863,6,633,1,3600,1.00947867299
270269,270283,273102,14,2819,2,7200,1.00496630011
270335,270344,343933,9,73589,1,360000,1.00012230089
270393,270402,273415,9,3013,2,7200,1.00298705609
270408,270423,273317,15,2894,2,7200,1.00518313753
270469,270477,273414,8,2937,2,7200,1.00272386789
270590,270599,273542,9,2943,2,7200,1.00305810398
270753,270761,273798,8,3037,2,7200,1.00263417847
270865,270875,273886,10,3011,2,7200,1.00332115576
270931,270941,273980,10,3039,2,7200,1.0032905561
270986,270995,274263,9,3268,2,7200,1.00275397797
271152,271162,274135,10,2973,2,7200,1.00336360579
271194,271204,274008,10,2804,2,7200,1.00356633381
271209,271218,274556,9,3338,2,7200,1.00269622528
271393,271404,271410,11,6,1,3600,1.7
271408,271420,271427,12,7,1,1800,1.9
271433,271442,274333,9,2891,2,7200,1.00311310965
271515,271521,271605,6,84,1,3600,1.07142857143
271539,271546,274284,7,2738,2,7200,1.00255661066
271540,271553,274854,13,3301,2,7200,1.00393820055
271571,271579,274693,8,3114,2,7200,1.00256904303
271664,271670,271748,6,78,1,1800,1.07692307692
271668,271677,274802,9,3125,2,7200,1.00288
271682,271689,274896,7,3207,2,7200,1.00218272529
271723,271730,272162,7,432,1,3600,1.0162037037
271725,271736,274615,11,2879,2,7200,1.0038207711
271727,271742,271920,15,178,1,3600,1.08426966292
271739,271748,274665,9,2917,2,7200,1.00308536167
271767,271778,274879,11,3101,2,7200,1.00354724282
271782,271787,274827,5,3040,2,7200,1.00164473684
271912,271921,274927,9,3006,2,7200,1.00299401198
272033,272043,274938,10,2895,2,7200,1.00345423143
272044,272050,272142,6,92,1,1800,1.0652173913
272047,272058,272640,11,582,1,3600,1.01890034364
272117,272130,275033,13,2903,2,7200,1.00447812608
272151,272159,275209,8,3050,2,7200,1.00262295082
272166,272172,275256,6,3084,2,7200,1.00194552529
272257,272264,275260,7,2996,2,7200,1.0023364486
272454,272461,273209,7,748,1,3600,1.00935828877
272498,272510,275433,12,2923,2,7200,1.00410537119
272580,272590,275527,10,2937,2,7200,1.00340483487
272595,272601,275678,6,3077,2,7200,1.00194995125
272719,272732,275722,13,2990,2,7200,1.00434782609
272843,272852,276140,9,3288,2,7200,1.00273722628
272862,272873,275838,11,2965,2,7200,1.00370994941
272876,272883,273614,7,731,1,3600,1.00957592339
272897,272904,273290,7,386,1,1800,1.01813471503
272916,272926,275786,10,2860,2,7200,1.0034965035
273037,273045,276059,8,3014,2,7200,1.00265428003
273103,273114,276098,11,2984,2,7200,1.00368632708
273197,273206,276359,9,3153,2,7200,1.00285442436
273321,273328,276177,7,2849,2,7200,1.00245700246
273336,273342,276645,6,3303,2,7200,1.00181653043
273369,273379,276490,10,3111,2,7200,1.00321440051
273418,273426,276295,8,2869,2,7200,1.00278842802
273419,273432,276389,13,2957,2,7200,1.00439634765
273434,273446,276261,12,2815,2,7200,1.00426287744
273543,273553,276572,10,3019,2,7200,1.00331235508
273799,273809,276815,10,3006,2,7200,1.00332667997
273887,273897,276901,10,3004,2,7200,1.00332889481
273981,273992,277132,11,3140,2,7200,1.00350318471
274011,274019,277213,8,3194,2,7200,1.00250469631
274138,274147,277178,9,3031,2,7200,1.00296931706
274206,274218,274226,12,8,1,1800,2.0
274265,274274,276970,9,2696,2,7200,1.00333827893
274286,274295,277494,9,3199,2,7200,1.00281337918
274334,274344,277164,10,2820,2,7200,1.00354609929
274381,274387,274430,6,43,1,1800,1.13953488372
274468,274474,274680,6,206,1,3600,1.02912621359
274558,274567,277627,9,3060,2,7200,1.00294117647
274615,274626,277483,11,2857,2,7200,1.00385019251
274661,274676,277605,15,2929,2,7200,1.00512120178
274694,274704,277525,10,2821,2,7200,1.00354484225
274749,274759,274843,10,84,1,1800,1.11904761905
274803,274813,277772,10,2959,2,7200,1.00337952011
274807,274819,275548,12,729,1,3600,1.01646090535
274830,274839,278047,9,3208,2,7200,1.00280548628
274855,274871,277859,16,2988,2,7200,1.00535475234
274882,274890,277997,8,3107,2,7200,1.00257483103
274897,274907,277711,10,2804,2,7200,1.00356633381
274930,274938,277828,8,2890,2,7200,1.00276816609
274945,274952,277654,7,2702,2,7200,1.00259067358
275036,275048,278204,12,3156,2,7200,1.00380228137
275211,275220,278376,9,3156,2,7200,1.00285171103
275256,275267,278302,11,3035,2,7200,1.00362438221
275271,275277,278208,6,2931,2,7200,1.00204708291
275435,275444,278627,9,3183,2,7200,1.00282752121
275529,275538,278259,9,2721,2,7200,1.0033076075
275544,275556,275815,12,259,1,1800,1.04633204633
275679,275689,278941,10,3252,2,7200,1.00307503075
275725,275733,278831,8,3098,2,7200,1.00258231117
275788,275797,278834,9,3037,2,7200,1.00296345077
275833,275839,276402,6,563,1,3600,1.01065719361
275840,275850,278856,10,3006,2,7200,1.00332667997
276060,276070,279037,10,2967,2,7200,1.00337040782
276100,276109,279026,9,2917,2,7200,1.00308536167
276142,276156,278749,14,2593,2,7200,1.00539915156
276178,276188,279308,10,3120,2,7200,1.00320512821
276263,276273,279082,10,2809,2,7200,1.00355998576
276297,276306,279091,9,2785,2,7200,1.00323159785
276360,276370,279514,10,3144,2,7200,1.00318066158
276390,276401,279620,11,3219,2,7200,1.00341721031
276493,276502,279472,9,2970,2,7200,1.00303030303
276575,276588,279537,13,2949,2,7200,1.00440827399
276647,276657,279534,10,2877,2,7200,1.00347584289
276780,276786,277488,6,702,1,14400,1.00854700855
276817,276827,279974,10,3147,2,7200,1.00317762949
276901,276912,280008,11,3096,2,7200,1.00355297158
276971,276981,279961,10,2980,2,7200,1.0033557047
277134,277144,280092,10,2948,2,7200,1.00339213026
277167,277175,280278,8,3103,2,7200,1.00257815018
277182,277189,280122,7,2933,2,7200,1.00238663484
277216,277224,280009,8,2785,2,7200,1.00287253142
277272,277285,278140,13,855,1,72000,1.01520467836
277272,277290,278157,18,867,1,72000,1.02076124567
277273,277311,278157,38,846,1,72000,1.04491725768
277273,277295,278157,22,862,1,72000,1.02552204176
277273,277301,278157,28,856,1,72000,1.03271028037
277273,277306,278157,33,851,1,72000,1.03877790834
277273,277317,278157,44,840,1,72000,1.05238095238
277274,277327,278157,53,830,1,72000,1.06385542169
277274,277322,278157,48,835,1,72000,1.05748502994
277487,277494,280442,7,2948,2,7200,1.00237449118
277502,277508,280279,6,2771,2,7200,1.00216528329
277514,277526,279995,12,2469,1,14400,1.00486026731
277526,277536,280530,10,2994,2,7200,1.00334001336
277608,277616,280539,8,2923,2,7200,1.00273691413
277629,277638,280870,9,3232,2,7200,1.00278465347
277656,277665,280530,9,2865,2,7200,1.00314136126
277714,277725,280634,11,2909,2,7200,1.00378136817
277774,277783,280789,9,3006,2,7200,1.00299401198
277828,277839,281005,11,3166,2,7200,1.00347441567
277862,277870,280733,8,2863,2,7200,1.00279427174
277992,278003,278004,11,1,1,72000,1.2
277992,277998,277999,6,1,1,72000,1.0
277993,278031,278033,38,2,1,72000,4.0
277994,278053,278054,59,1,1,72000,6.0
277994,278042,278043,48,1,1,72000,4.9
278001,278015,280831,14,2816,2,7200,1.00497159091
278049,278060,281133,11,3073,2,7200,1.00357956394
278194,278200,279794,6,1594,1,72000,1.00376411543
278194,278206,279794,12,1588,1,72000,1.00755667506
278194,278211,279794,17,1583,1,72000,1.01073910297
278194,278216,279794,22,1578,1,72000,1.01394169835
278195,278228,279794,33,1566,1,72000,1.02107279693
278195,278233,279794,38,1561,1,72000,1.02434336963
278195,278239,279794,44,1555,1,72000,1.02829581994
278195,278244,279794,49,1550,1,72000,1.03161290323
278196,278254,279794,58,1540,1,72000,1.03766233766
278207,278222,281289,15,3067,2,7200,1.00489077274
278222,278261,281433,39,3172,2,7200,1.01229508197
278261,278270,281345,9,3075,2,7200,1.00292682927
278303,278313,281409,10,3096,2,7200,1.00322997416
278379,278387,281112,8,2725,2,7200,1.00293577982
278630,278638,281508,8,2870,2,7200,1.00278745645
278751,278763,281642,12,2879,2,7200,1.00416811393
278790,278796,279795,6,999,1,72000,1.00600600601
278790,278802,279795,12,993,1,72000,1.01208459215
278791,278814,279795,23,981,1,72000,1.02344546381
278791,278809,279795,18,986,1,72000,1.01825557809
278791,278819,279795,28,976,1,72000,1.02868852459
278792,278825,279795,33,970,1,72000,1.03402061856
278792,278835,279795,43,960,1,72000,1.04479166667
278792,278841,279795,49,954,1,72000,1.05136268344
278792,278846,279795,54,949,1,72000,1.05690200211
278832,278852,281966,20,3114,2,7200,1.00642260758
278847,278864,281852,17,2988,2,7200,1.00568942436
278862,278871,281828,9,2957,2,7200,1.0030436253
278944,278952,281880,8,2928,2,7200,1.00273224044
279028,279041,282036,13,2995,2,7200,1.00434056761
279043,279049,281839,6,2790,2,7200,1.00215053763
279075,279092,279517,17,425,1,72000,1.04
279075,279086,279517,11,431,1,72000,1.02552204176
279075,279081,279517,6,436,1,72000,1.01376146789
279076,279126,279517,50,391,1,72000,1.12787723785
279076,279120,279517,44,397,1,72000,1.11083123426
279076,279115,279517,39,402,1,72000,1.09701492537
279077,279137,279517,60,380,1,72000,1.15789473684
279077,279142,279517,65,375,1,72000,1.17333333333
279077,279131,279517,54,386,1,72000,1.13989637306
279085,279099,281898,14,2799,2,7200,1.00500178635
279100,279149,282271,49,3122,2,7200,1.01569506726
279270,279276,279355,6,79,1,1800,1.07594936709
279309,279320,282312,11,2992,2,7200,1.00367647059
279472,279483,282431,11,2948,2,7200,1.00373134328
279515,279525,282525,10,3000,2,7200,1.00333333333
279536,279545,282726,9,3181,2,7200,1.00282929896
279551,279562,282365,11,2803,2,7200,1.00392436675
279589,279595,279694,6,99,1,1800,1.06060606061
279621,279631,282940,10,3309,2,7200,1.00302206105
279734,279740,295460,6,15720,1,72000,1.00038167939
279734,279751,295486,17,15735,1,72000,1.00108039403
279734,279745,295443,11,15698,1,72000,1.00070072621
279734,279758,295523,24,15765,1,72000,1.00152235966
279735,279763,295450,28,15687,1,72000,1.00178491745
279735,279768,295528,33,15760,1,72000,1.00209390863
279736,279779,295383,43,15604,1,72000,1.00275570367
279736,279785,295521,49,15736,1,72000,1.003113879
279736,279774,295539,38,15765,1,72000,1.00241040279
279858,279869,294872,11,15003,1,72000,1.0007331867
279858,279875,294833,17,14958,1,72000,1.00113651558
279858,279882,294778,24,14896,1,72000,1.00161117078
279858,279864,294738,6,14874,1,72000,1.00040338846
279859,279893,295015,34,15122,1,72000,1.00224837984
279859,279887,295043,28,15156,1,72000,1.00184745315
279860,279903,294833,43,14930,1,72000,1.00288010717
279860,279898,294889,38,14991,1,72000,1.00253485425
279860,279909,294890,49,14981,1,72000,1.00327080969
279948,279960,294646,12,14686,1,72000,1.00081710473
279948,279954,294579,6,14625,1,72000,1.00041025641
279949,279967,294647,18,14680,1,72000,1.00122615804
279949,279972,294647,23,14675,1,72000,1.00156729131
279950,279983,294647,33,14664,1,72000,1.00225040917
279950,279994,294647,44,14653,1,72000,1.00300279806
279950,279988,294647,38,14659,1,72000,1.00259226414
279950,279977,294647,27,14670,1,72000,1.0018404908
279951,279999,294647,48,14648,1,72000,1.00327689787
279963,280006,283098,43,3092,2,7200,1.0139068564
279978,280011,282760,33,2749,2,7200,1.01200436522
280012,280024,283471,12,3447,2,7200,1.00348128808
280013,280029,283005,16,2976,2,7200,1.00537634409
280095,280104,283103,9,2999,2,7200,1.00300100033
280125,280133,283261,8,3128,2,7200,1.00255754476
280180,280187,280560,7,373,1,1800,1.01876675603
280279,280289,283342,10,3053,2,7200,1.00327546675
280281,280296,283398,15,3102,2,7200,1.00483558994
280444,280453,283274,9,2821,2,7200,1.00319035803
280462,280469,334407,7,53938,12,129600,1.00012977863
280532,280542,283501,10,2959,2,7200,1.00337952011
280534,280548,283570,14,3022,2,7200,1.00463269358
280549,280554,283600,5,3046,2,7200,1.00164149705
280636,280645,283652,9,3007,2,7200,1.0029930163
280736,280744,283588,8,2844,2,7200,1.00281293952
280791,280800,284069,9,3269,2,7200,1.00275313552
280833,280842,283716,9,2874,2,7200,1.00313152401
280872,280882,283885,10,3003,2,7200,1.00333000333
281000,281009,283822,9,2813,1,14400,1.00319943121
281005,281015,284168,10,3153,2,7200,1.00317158262
281114,281123,284036,9,2913,2,7200,1.00308959835
281135,281145,284584,10,3439,2,7200,1.00290782204
281292,281300,284091,8,2791,2,7200,1.00286635614
281347,281357,284127,10,2770,2,7200,1.0036101083
281410,281420,284416,10,2996,2,7200,1.00333778371
281434,281445,284334,11,2889,2,7200,1.00380754586
281510,281519,284444,9,2925,2,7200,1.00307692308
281643,281653,284368,10,2715,2,7200,1.00368324125
281830,281839,285051,9,3212,2,7200,1.00280199253
281846,281852,285009,6,3157,2,7200,1.00190053849
281861,281867,284740,6,2873,2,7200,1.00208840933
281882,281891,285058,9,3167,2,7200,1.00284180613
281900,281909,284883,9,2974,2,7200,1.0030262273
281970,281977,284827,7,2850,2,7200,1.00245614035
282039,282048,285122,9,3074,2,7200,1.00292778139
282075,282082,282125,7,43,1,1800,1.16279069767
282272,282282,285370,10,3088,2,7200,1.00323834197
282314,282324,285284,10,2960,2,7200,1.00337837838
282366,282376,285278,10,2902,2,7200,1.00344589938
282432,282442,285410,10,2968,2,7200,1.00336927224
282451,282458,282533,7,75,1,1800,1.09333333333
282526,282536,285606,10,3070,2,7200,1.00325732899
282728,282738,285683,10,2945,2,7200,1.00339558574
282761,282771,285526,10,2755,2,7200,1.00362976407
282943,282951,286193,8,3242,2,7200,1.00246761258
283006,283022,286168,16,3146,2,7200,1.00508582327
283100,283109,285883,9,2774,2,7200,1.0032444124
283115,283121,285890,6,2769,2,7200,1.00216684724
283145,283152,283392,7,240,1,1800,1.02916666667
283263,283277,286195,14,2918,2,7200,1.00479780672
283278,283286,286450,8,3164,2,7200,1.00252844501
283311,283317,296623,6,13306,1,36000,1.0004509244
283345,283353,286565,8,3212,2,7200,1.00249066002
283380,283387,294660,7,11273,1,25200,1.00062095272
283399,283409,286538,10,3129,2,7200,1.00319590924
283472,283482,286582,10,3100,2,7200,1.00322580645
283502,283512,286330,10,2818,2,7200,1.00354861604
283572,283584,286603,12,3019,2,7200,1.0039748261
283590,283604,286495,14,2891,2,7200,1.00484261501
283605,283611,286632,6,3021,2,7200,1.00198609732
283653,283664,286623,11,2959,2,7200,1.00371747212
283717,283728,286455,11,2727,2,7200,1.00403373671
283888,283896,286842,8,2946,2,7200,1.0027155465
284039,284047,287137,8,3090,2,7200,1.00258899676
284072,284080,287210,8,3130,2,7200,1.00255591054
284093,284102,287035,9,2933,2,7200,1.00306853051
284129,284138,287148,9,3010,2,7200,1.00299003322
284169,284179,287236,10,3057,2,7200,1.0032711809
284335,284345,287379,10,3034,2,7200,1.00329597891
284368,284384,287321,16,2937,2,7200,1.00544773578
284420,284427,287685,7,3258,2,7200,1.0021485574
284447,284460,287492,13,3032,2,7200,1.00428759894
284448,284454,284460,6,6,1,1800,1.2
284587,284600,287672,13,3072,2,7200,1.00423177083
284741,284751,287883,10,3132,2,7200,1.00319284802
284829,284838,287657,9,2819,2,7200,1.0031926215
284887,284895,287660,8,2765,2,7200,1.00289330922
285010,285026,288187,16,3161,2,7200,1.00506168934
285053,285063,288170,10,3107,2,7200,1.00321853878
285068,285075,288153,7,3078,2,7200,1.00227420403
285125,285133,288146,8,3013,2,7200,1.00265516097
285279,285290,288158,11,2868,2,7200,1.00383542538
285294,285301,288331,7,3030,2,7200,1.00231023102
285374,285381,288523,7,3142,2,7200,1.00222788033
285411,285421,288005,10,2584,2,7200,1.00386996904
285529,285537,288435,8,2898,2,7200,1.0027605245
285535,285549,314370,14,28821,11,28800,1.00048575691
285607,285618,288852,11,3234,2,7200,1.00340136054
285686,285700,288999,14,3299,2,7200,1.00424371022
285887,285897,289026,10,3129,2,7200,1.00319590924
285902,285911,288817,9,2906,2,7200,1.00309704061
286171,286180,289218,9,3038,2,7200,1.00296247531
286196,286205,289178,9,2973,2,7200,1.00302724521
286197,286212,289286,15,3074,2,7200,1.00487963565
286333,286352,289534,19,3182,2,7200,1.00597108737
286451,286461,289600,10,3139,2,7200,1.00318572794
286466,286472,289339,6,2867,2,7200,1.00209277991
286497,286506,289672,9,3166,2,7200,1.00284270373
286539,286551,289848,12,3297,2,7200,1.00363967243
286566,286579,289649,13,3070,2,7200,1.00423452769
286585,286596,289297,11,2701,2,7200,1.00407256572
286606,286620,289609,14,2989,2,7200,1.00468384075
286624,286634,289405,10,2771,2,7200,1.00360880549
286639,286649,289454,10,2805,2,7200,1.00356506239
286845,286853,290118,8,3265,2,7200,1.00245022971
287039,287051,289968,12,2917,2,7200,1.00411381556
287139,287149,290442,10,3293,2,7200,1.00303674461
287154,287164,290122,10,2958,2,7200,1.00338066261
287211,287227,290248,16,3021,2,7200,1.00529625952
287239,287248,290156,9,2908,2,7200,1.00309491059
287324,287337,290321,13,2984,2,7200,1.00435656836
287381,287390,290217,9,2827,2,7200,1.00318358684
287493,287503,290642,10,3139,2,7200,1.00318572794
287660,287668,290677,8,3009,2,7200,1.00265869059
287675,287681,290805,6,3124,2,7200,1.0019206146
287676,287687,290693,11,3006,2,7200,1.00365934797
287691,287699,290822,8,3123,2,7200,1.00256163945
287885,287894,290990,9,3096,2,7200,1.00290697674
288006,288016,290800,10,2784,2,7200,1.00359195402
288148,288158,291426,10,3268,2,7200,1.00305997552
288163,288169,291100,6,2931,2,7200,1.00204708291
288165,288176,291560,11,3384,2,7200,1.00325059102
288180,288188,291401,8,3213,2,7200,1.00248988484
288195,288201,291263,6,3062,2,7200,1.00195950359
288334,288346,291187,12,2841,2,7200,1.00422386484
288436,288449,291500,13,3051,2,7200,1.00426089807
288524,288534,291705,10,3171,2,7200,1.00315357931
288756,288763,295500,7,6737,1,36000,1.00103903815
288819,288828,291900,9,3072,2,7200,1.0029296875
288849,288856,295778,7,6922,1,36000,1.00101126842
288855,288864,291825,9,2961,2,7200,1.00303951368
289000,289010,291964,10,2954,2,7200,1.00338524035
289028,289037,291888,9,2851,2,7200,1.00315678709
289179,289189,292366,10,3177,2,7200,1.00314762354
289221,289230,292166,9,2936,2,7200,1.0030653951
289288,289299,292063,11,2764,2,7200,1.00397973951
289303,289310,292636,7,3326,2,7200,1.00210463019
289342,289352,292176,10,2824,2,7200,1.00354107649
289406,289416,292421,10,3005,2,7200,1.00332778702
289457,289465,292421,8,2956,2,7200,1.00270635995
289536,289545,292770,9,3225,2,7200,1.00279069767
289602,289611,292769,9,3158,2,7200,1.002849905
289617,289624,292759,7,3135,2,7200,1.00223285486
289651,289663,292511,12,2848,2,7200,1.00421348315
289675,289684,292971,9,3287,2,7200,1.00273805902
289851,289859,292847,8,2988,2,7200,1.00267737617
289972,289979,293069,7,3090,2,7200,1.00226537217
290120,290130,293127,10,2997,2,7200,1.00333667
290135,290141,293142,6,3001,2,7200,1.00199933356
290160,290167,293207,7,3040,2,7200,1.00230263158
290220,290228,293116,8,2888,2,7200,1.0027700831
290251,290259,293219,8,2960,2,7200,1.0027027027
290323,290334,293054,11,2720,2,7200,1.00404411765
290445,290454,293533,9,3079,2,7200,1.00292302696
290644,290653,293384,9,2731,2,7200,1.00329549616
290681,290689,293636,8,2947,2,7200,1.00271462504
290695,290705,293681,10,2976,2,7200,1.00336021505
290802,290811,293705,9,2894,2,7200,1.00310988252
290817,290823,293781,6,2958,2,7200,1.00202839757
290831,290838,294149,7,3311,2,7200,1.0021141649
290992,291001,294106,9,3105,2,7200,1.00289855072
291100,291111,294168,11,3057,2,7200,1.00359829899
291105,291117,291276,12,159,16,180000,1.07547169811
291171,291178,291185,7,7,16,180000,1.4
291188,291198,294075,10,2877,2,7200,1.00347584289
291234,291241,297034,7,5793,1,86400,1.00120835491
291264,291274,294348,10,3074,2,7200,1.00325309044
291298,291305,299039,7,7734,16,180000,1.00090509439
291403,291413,294035,10,2622,2,7200,1.00381388253
291427,291437,294670,10,3233,2,7200,1.00309310238
291503,291511,294473,8,2962,2,7200,1.00270087779
291564,291575,294627,11,3052,2,7200,1.00360419397
291588,291595,304102,7,12507,1,86400,1.00055968658
291706,291717,294686,11,2969,2,7200,1.00370495116
291827,291843,294860,16,3017,2,7200,1.00530328141
291890,291900,294802,10,2902,2,7200,1.00344589938
291905,291911,294959,6,3048,2,7200,1.00196850394
291966,291982,294751,16,2769,2,7200,1.0057782593
292066,292075,294963,9,2888,2,7200,1.00311634349
292170,292177,295393,7,3216,2,7200,1.00217661692
292185,292191,295184,6,2993,2,7200,1.00200467758
292368,292377,295164,9,2787,2,7200,1.00322927879
292423,292434,295556,11,3122,2,7200,1.00352338245
292424,292440,295585,16,3145,2,7200,1.00508744038
292512,292522,295662,10,3140,2,7200,1.00318471338
292612,292618,295246,6,2628,1,25200,1.00228310502
292639,292648,295459,9,2811,2,7200,1.00320170758
292760,292770,295768,10,2998,2,7200,1.00333555704
292775,292782,295341,7,2559,2,7200,1.00273544353
292777,292789,295684,12,2895,2,7200,1.00414507772
292850,292858,295896,8,3038,2,7200,1.00263331139
292974,292982,295964,8,2982,2,7200,1.00268276325
293042,293048,304341,6,11293,1,25200,1.00053130258
293051,293063,298509,12,5446,1,36000,1.00220345207
293057,293070,295826,13,2756,2,7200,1.00471698113
293073,293087,295864,14,2777,2,7200,1.0050414116
293119,293129,296301,10,3172,2,7200,1.00315258512
293133,293140,296002,7,2862,2,7200,1.00244584207
293148,293154,295950,6,2796,2,7200,1.00214592275
293209,293218,296448,9,3230,2,7200,1.00278637771
293224,293230,296345,6,3115,2,7200,1.00192616372
293387,293395,296421,8,3026,2,7200,1.00264375413
293535,293546,296625,11,3079,2,7200,1.0035725885
293638,293647,296571,9,2924,2,7200,1.00307797538
293684,293693,296324,9,2631,2,7200,1.00342075257
293695,293701,296537,6,2836,1,10800,1.00211565585
293708,293717,296526,9,2809,2,7200,1.00320398718
293784,293792,296771,8,2979,2,7200,1.00268546492
294038,294047,297146,9,3099,2,7200,1.00290416263
294077,294088,296797,11,2709,2,7200,1.00406053894
294107,294118,297047,11,2929,2,7200,1.00375554797
294150,294160,297176,10,3016,2,7200,1.00331564987
294171,294179,297278,8,3099,2,7200,1.0025814779
294235,294247,304386,12,10139,4,28800,1.00118354867
294236,294242,366276,6,72034,16,72000,1.000083294
294349,294359,297615,10,3256,2,7200,1.00307125307
294476,294484,297555,8,3071,2,7200,1.00260501465
294577,294585,350881,8,56296,16,72000,1.00014210601
294630,294638,297892,8,3254,2,7200,1.0024585126
294672,294683,297671,11,2988,2,7200,1.00368139224
294687,294698,297580,11,2882,2,7200,1.00381679389
294743,294750,309362,7,14612,1,72000,1.00047905831
294743,294756,309314,13,14558,1,72000,1.0008929798
294744,294772,309372,28,14600,1,72000,1.00191780822
294744,294777,309385,33,14608,1,72000,1.00225903614
294744,294766,309357,22,14591,1,72000,1.00150777877
294744,294761,309417,17,14656,1,72000,1.0011599345
294745,294782,309409,37,14627,1,72000,1.00252956861
294745,294799,309440,54,14641,1,72000,1.00368827266
294745,294794,309347,49,14553,1,72000,1.00336700337
294754,294788,297945,34,3157,2,7200,1.01076971809
294806,294814,297799,8,2985,2,7200,1.002680067
294863,294871,297955,8,3084,2,7200,1.00259403372
294960,294969,298145,9,3176,2,7200,1.00283375315
294975,294983,297937,8,2954,2,7200,1.00270819228
295165,295176,297947,11,2771,2,7200,1.00396968603
295186,295195,298114,9,2919,2,7200,1.00308324769
295344,295352,298169,8,2817,2,7200,1.0028399006
295395,295408,298487,13,3079,2,7200,1.00422215005
295462,295473,298500,11,3027,2,7200,1.00363396102
295559,295567,298456,8,2889,2,7200,1.00276912426
295586,295596,298505,10,2909,2,7200,1.00343760743
295664,295678,298684,14,3006,2,7200,1.00465735196
295686,295695,298628,9,2933,2,7200,1.00306853051
295770,295780,298932,10,3152,2,7200,1.00317258883
295828,295838,298950,10,3112,2,7200,1.00321336761
295867,295875,298600,8,2725,2,7200,1.00293577982
295897,295910,299291,13,3381,2,7200,1.00384501627
295952,295961,298821,9,2860,2,7200,1.00314685315
295967,295975,298926,8,2951,2,7200,1.00271094544
296002,296014,299191,12,3177,2,7200,1.00377714825
296107,296130,311645,23,15515,1,72000,1.00148243635
296107,296119,311602,12,15483,1,72000,1.0007750436
296107,296113,311709,6,15596,1,72000,1.00038471403
296107,296124,311654,17,15530,1,72000,1.00109465551
296108,296141,311711,33,15570,1,72000,1.0021194605
296108,296136,311727,28,15591,1,72000,1.0017959079
296108,296146,311779,38,15633,1,72000,1.00243075545
296109,296152,311671,43,15519,1,72000,1.00277079709
296109,296157,311835,48,15678,1,72000,1.003061615
296301,296312,299005,11,2693,2,7200,1.00408466394
296325,296336,299180,11,2844,2,7200,1.00386779184
296346,296360,299595,14,3235,2,7200,1.00432766615
296422,296432,299629,10,3197,2,7200,1.00312793244
296449,296459,299649,10,3190,2,7200,1.00313479624
296527,296537,299591,10,3054,2,7200,1.00327439424
296572,296587,299492,15,2905,2,7200,1.00516351119
296627,296637,299575,10,2938,2,7200,1.00340367597
296751,296759,301286,8,4527,1,10800,1.00176717473
296764,296773,296776,9,3,1,1800,1.2
296775,296783,299329,8,2546,2,7200,1.00314218382
296799,296808,299947,9,3139,2,7200,1.00286715514
297049,297059,299976,10,2917,2,7200,1.00342817964
297148,297157,300183,9,3026,2,7200,1.0029742234
297178,297188,300413,10,3225,2,7200,1.00310077519
297281,297289,300392,8,3103,2,7200,1.00257815018
297559,297567,300635,8,3068,2,7200,1.00260756193
297583,297591,300809,8,3218,2,7200,1.00248601616
297613,297619,387633,6,90014,4,90000,1.0000666563
297616,297632,300541,16,2909,2,7200,1.00550017188
297674,297682,300813,8,3131,2,7200,1.00255509422
297801,297812,300635,11,2823,2,7200,1.00389656394
297896,297904,300836,8,2932,2,7200,1.00272851296
297938,297954,300899,16,2945,2,7200,1.00543293718
297954,297965,300983,11,3018,2,7200,1.00364479788
297956,297971,300959,15,2988,2,7200,1.00502008032
297971,297977,301041,6,3064,2,7200,1.00195822454
298116,298126,301229,10,3103,2,7200,1.00322268772
298146,298159,301068,13,2909,2,7200,1.00446888965
298171,298181,301474,10,3293,2,7200,1.00303674461
298307,298315,298321,8,6,1,3600,1.4
298353,298360,320504,7,22144,1,86400,1.00031611272
298414,298420,331797,6,33377,1,86400,1.00017976451
298428,298434,298552,6,118,1,3600,1.05084745763
298458,298468,301459,10,2991,2,7200,1.00334336342
298488,298498,301372,10,2874,2,7200,1.00347947112
298504,298512,301281,8,2769,2,7200,1.00288912965
298518,298525,301637,7,3112,2,7200,1.00224935733
298603,298614,301502,11,2888,2,7200,1.00380886427
298631,298639,301604,8,2965,2,7200,1.00269814503
298676,298683,298945,7,262,1,3600,1.02671755725
298685,298695,301713,10,3018,2,7200,1.00331345262
298824,298833,301639,9,2806,2,7200,1.00320741269
298927,298937,301556,10,2619,2,7200,1.00381825124
298942,298948,301978,6,3030,2,7200,1.00198019802
298957,298963,301825,6,2862,2,7200,1.00209643606
299006,299016,301973,10,2957,2,7200,1.00338180588
299033,299041,299088,8,47,6,259200,1.17021276596
299060,299068,299078,8,10,16,180000,1.8
299144,299150,388473,6,89323,16,180000,1.00006717195
299179,299186,299779,7,593,1,3600,1.01180438449
299181,299192,302222,11,3030,2,7200,1.00363036304
299196,299204,302270,8,3066,2,7200,1.00260926288
299217,299225,299269,8,44,6,259200,1.18181818182
299293,299302,302501,9,3199,2,7200,1.00281337918
299301,299309,302199,8,2890,1,3600,1.00276816609
299332,299341,302289,9,2948,2,7200,1.00305291723
299496,299504,302539,8,3035,2,7200,1.00263591433
299577,299586,302148,9,2562,2,7200,1.00351288056
299592,299612,302670,20,3058,2,7200,1.00654022237
299595,299601,303211,6,3610,4,3600,1.00166204986
299607,299619,302566,12,2947,2,7200,1.00407193756
299631,299640,302674,9,3034,2,7200,1.00296638102
299652,299660,302806,8,3146,2,7200,1.00254291163
299659,299667,328513,8,28846,4,28800,1.00027733481
299659,363517,392350,63858,28833,4,28800,3.21475392779
299659,334703,363511,35044,28808,4,28800,2.21646764788
299660,393879,422711,94219,28832,4,28800,4.26786209767
299661,422722,451570,123061,28848,4,28800,5.2658416528
299662,451576,480393,151914,28817,4,28800,6.27167991116
299662,480399,509231,180737,28832,4,28800,7.26862513873
299663,509244,538077,209581,28833,4,28800,8.26878923456
299664,538083,566898,238419,28815,4,28800,9.2741280583
299665,566906,568445,267241,1539,4,28800,174.645873944
299695,299702,299923,7,221,6,259200,1.03167420814
299712,299719,303334,7,3615,4,3600,1.00193637621
299950,299961,302861,11,2900,2,7200,1.00379310345
299979,299987,302745,8,2758,2,7200,1.00290065265
300185,300194,302668,9,2474,2,7200,1.00363783347
300297,300309,303914,12,3605,1,3600,1.00332871012
300331,300338,300385,7,47,6,259200,1.14893617021
300393,300404,303548,11,3144,2,7200,1.00349872774
300416,300424,303420,8,2996,2,7200,1.00267022697
300543,300552,303571,9,3019,2,7200,1.00298111958
300637,300646,303768,9,3122,2,7200,1.00288276746
300639,300652,303839,13,3187,2,7200,1.00407907123
300811,300820,303916,9,3096,2,7200,1.00290697674
300826,300832,303793,6,2961,2,7200,1.00202634245
300841,300847,303970,6,3123,2,7200,1.00192122959
300902,300911,304042,9,3131,2,7200,1.002874481
300963,300970,303619,7,2649,2,7200,1.00264250661
300985,300995,304084,10,3089,2,7200,1.00323729362
301042,301058,304105,16,3047,2,7200,1.00525106662
301070,301080,304353,10,3273,2,7200,1.00305530095
301233,301241,304345,8,3104,2,7200,1.00257731959
301285,301293,304112,8,2819,2,7200,1.00283788578
301373,301388,304253,15,2865,2,7200,1.00523560209
301407,301413,420499,6,119086,6,259200,1.00005038376
301429,301437,346643,8,45206,6,259200,1.00017696766
301461,301471,304509,10,3038,2,7200,1.00329163924
301476,301486,304239,10,2753,2,7200,1.00363240102
301498,301505,439629,7,138124,6,259200,1.0000506791
301503,301514,304614,11,3100,2,7200,1.0035483871
301529,301535,353246,6,51711,6,259200,1.00011602947
301558,301567,304776,9,3209,2,7200,1.00280461203
301606,301615,304844,9,3229,2,7200,1.00278724063
301640,301648,304873,8,3225,2,7200,1.00248062016
301641,301655,304417,14,2762,2,7200,1.00506879073
301717,301729,304821,12,3092,2,7200,1.00388098318
301729,301736,301935,7,199,1,10800,1.0351758794
301826,301836,304795,10,2959,2,7200,1.00337952011
301974,301986,304991,12,3005,2,7200,1.00399334443
301989,301996,305171,7,3175,2,7200,1.00220472441
302090,302099,302941,9,842,1,10800,1.0106888361
302150,302161,305082,11,2921,2,7200,1.00376583362
302222,302233,305197,11,2964,2,7200,1.00371120108
302274,302282,305328,8,3046,2,7200,1.00262639527
302292,302300,305372,8,3072,2,7200,1.00260416667
302504,302512,305526,8,3014,2,7200,1.00265428003
302540,302550,305660,10,3110,2,7200,1.00321543408
302567,302578,305741,11,3163,2,7200,1.00347771103
302667,302679,305762,12,3083,2,7200,1.00389231268
302683,302693,305722,10,3029,2,7200,1.00330141961
302684,302699,305428,15,2729,2,7200,1.00549651887
302748,302757,305790,9,3033,2,7200,1.00296735905
302808,302817,305790,9,2973,2,7200,1.00302724521
302862,302872,306040,10,3168,2,7200,1.00315656566
302928,302934,302939,6,5,24,86400,1.1
303133,303139,303154,6,15,4,176400,1.4
303422,303431,306595,9,3164,2,7200,1.00284450063
303552,303559,306472,7,2913,2,7200,1.00240302094
303573,303583,306689,10,3106,2,7200,1.00321957502
303621,303632,306575,11,2943,2,7200,1.00373768264
303769,303779,306744,10,2965,2,7200,1.00337268128
303793,303809,306894,16,3085,2,7200,1.00518638574
303842,303851,306879,9,3028,2,7200,1.00297225892
303917,303927,306819,10,2892,2,7200,1.00345781466
303972,303982,307106,10,3124,2,7200,1.00320102433
304026,304033,304120,7,87,1,3600,1.08045977011
304045,304053,307205,8,3152,2,7200,1.00253807107
304087,304095,307202,8,3107,2,7200,1.00257483103
304108,304116,306910,8,2794,2,7200,1.00286327845
304123,304129,307233,6,3104,2,7200,1.00193298969
304241,304250,306843,9,2593,2,7200,1.00347088315
304253,304260,304514,7,254,1,3600,1.02755905512
304256,304266,307361,10,3095,2,7200,1.00323101777
304347,304356,307449,9,3093,2,7200,1.00290979631
304362,304372,306978,10,2606,2,7200,1.00383729854
304419,304433,307504,14,3071,2,7200,1.00455877564
304510,304520,307438,10,2918,2,7200,1.0034270048
304616,304625,307689,9,3064,2,7200,1.00293733681
304630,304638,308340,8,3702,4,3600,1.00216099406
304777,304787,307794,10,3007,2,7200,1.00332557366
304798,304806,307733,8,2927,2,7200,1.0027331739
304800,304812,305305,12,493,1,3600,1.02434077079
304822,304832,308079,10,3247,2,7200,1.00307976594
304846,304856,307976,10,3120,2,7200,1.00320512821
304873,304884,308101,11,3217,2,7200,1.00341933478
304995,305003,308100,8,3097,2,7200,1.00258314498
305085,305093,308168,8,3075,2,7200,1.00260162602
305173,305183,308043,10,2860,2,7200,1.0034965035
305200,305208,307921,8,2713,2,7200,1.0029487652
305331,305339,308523,8,3184,2,7200,1.00251256281
305373,305383,308311,10,2928,2,7200,1.00341530055
305430,305439,308491,9,3052,2,7200,1.00294888598
305527,305538,308642,11,3104,2,7200,1.00354381443
305664,305672,308485,8,2813,2,7200,1.00284393886
305724,305733,308904,9,3171,2,7200,1.00283822138
305742,305759,309048,17,3289,2,7200,1.0051687443
305763,305777,308804,14,3027,2,7200,1.0046250413
305764,305771,305778,7,7,24,86400,1.4
305794,305802,308899,8,3097,2,7200,1.00258314498
305795,305808,308586,13,2778,2,7200,1.00467962563
306043,306055,309188,12,3133,2,7200,1.0038301947
306080,306090,308932,10,2842,24,86400,1.00351864884
306473,306483,309987,10,3504,2,7200,1.00285388128
306578,306587,309363,9,2776,2,7200,1.00324207493
306597,306606,309567,9,2961,2,7200,1.00303951368
306690,306706,309954,16,3248,2,7200,1.00492610837
306746,306756,309863,10,3107,2,7200,1.00321853878
306822,306830,309478,8,2648,2,7200,1.00302114804
306846,306854,309898,8,3044,2,7200,1.00262812089
306882,306891,309829,9,2938,2,7200,1.00306330837
306897,306906,309948,9,3042,2,7200,1.00295857988
306912,306929,309826,17,2897,2,7200,1.00586813945
306979,306989,310006,10,3017,2,7200,1.00331455088
307108,307121,310072,13,2951,2,7200,1.00440528634
307205,307213,310251,8,3038,2,7200,1.00263331139
307220,307226,310462,6,3236,2,7200,1.00185414091
307235,307244,310382,9,3138,2,7200,1.00286806883
307341,307349,307483,8,134,1,10800,1.05970149254
307362,307374,310442,12,3068,2,7200,1.00391134289
307440,307449,310454,9,3005,2,7200,1.00299500832
307455,307462,310458,7,2996,2,7200,1.0023364486
307486,307493,308881,7,1388,4,14400,1.00504322767
307503,307515,310484,12,2969,2,7200,1.0040417649
307691,307700,310742,9,3042,2,7200,1.00295857988
307734,307744,310704,10,2960,2,7200,1.00337837838
307798,307807,310579,9,2772,2,7200,1.00324675325
307858,307865,307998,7,133,1,10800,1.05263157895
307923,307932,310863,9,2931,2,7200,1.00307062436
307979,307987,310926,8,2939,2,7200,1.00272201429
307994,308001,308966,7,965,1,14400,1.00725388601
308026,308033,574336,7,266303,6,360000,1.00002628585
308045,308055,311052,10,2997,2,7200,1.00333667
308081,308090,311010,9,2920,2,7200,1.00308219178
308103,308114,311267,11,3153,2,7200,1.00348874088
308104,308120,311089,16,2969,2,7200,1.00538901987
308173,308180,311303,7,3123,2,7200,1.00224143452
308317,308323,311510,6,3187,2,7200,1.00188264826
308431,308445,308458,14,13,6,86400,2.07692307692
308487,308496,311692,9,3196,2,7200,1.00281602003
308502,308508,311640,6,3132,2,7200,1.00191570881
308526,308534,311483,8,2949,2,7200,1.00271278399
308587,308597,311585,10,2988,2,7200,1.00334672021
308644,308653,311364,9,2711,2,7200,1.00331980819
308753,308758,318886,5,10128,6,360000,1.00049368088
308806,308815,311558,9,2743,2,7200,1.00328107911
308877,308883,320224,6,11341,4,14400,1.00052905388
308893,308900,769727,7,460827,8,460800,1.00001519008
308903,308912,311715,9,2803,2,7200,1.00321084552
308918,308930,311699,12,2769,2,7200,1.00433369447
308989,308995,769822,6,460827,8,460800,1.00001302007
309051,309059,312307,8,3248,2,7200,1.00246305419
309190,309199,312146,9,2947,2,7200,1.00305395317
309366,309374,312494,8,3120,2,7200,1.00256410256
309483,309489,312760,6,3271,2,7200,1.00183430144
309567,309578,312509,11,2931,2,7200,1.00375298533
309645,309652,311613,7,1961,1,10800,1.00356960734
309798,309810,770625,12,460815,16,460800,1.00002604082
309834,309840,312723,6,2883,2,7200,1.00208116545
309835,309846,312669,11,2823,2,7200,1.00389656394
309866,309874,312889,8,3015,2,7200,1.00265339967
309901,309913,312867,12,2954,2,7200,1.00406228842
309949,309962,312885,13,2923,2,7200,1.00444748546
309964,309975,312899,11,2924,2,7200,1.0037619699
309989,309998,313019,9,3021,2,7200,1.00297914598
310007,310017,312806,10,2789,2,7200,1.00358551452
310073,310083,313185,10,3102,2,7200,1.00322372663
310255,310264,313206,9,2942,2,7200,1.00305914344
310386,310394,313521,8,3127,2,7200,1.00255836265
310444,310459,313340,15,2881,2,7200,1.00520652551
310459,310467,313023,8,2556,2,7200,1.00312989045
310460,310474,313539,14,3065,2,7200,1.00456769984
310475,310485,313474,10,2989,2,7200,1.00334560054
310490,310497,313465,7,2968,2,7200,1.00235849057
310581,310591,313763,10,3172,2,7200,1.00315258512
310706,310716,313946,10,3230,2,7200,1.00309597523
310745,310753,313640,8,2887,2,7200,1.0027710426
310867,310874,313710,7,2836,2,7200,1.00246826516
310921,310927,400954,6,90027,4,90000,1.00006664667
310927,310938,314104,11,3166,2,7200,1.00347441567
310993,311000,397430,7,86430,6,86400,1.0000809904
311012,311021,313976,9,2955,2,7200,1.00304568528
311055,311064,313977,9,2913,2,7200,1.00308959835
311091,311103,313775,12,2672,2,7200,1.00449101796
311270,311278,314257,8,2979,2,7200,1.00268546492
311297,311304,315034,7,3730,1,3600,1.0018766756
311306,311320,314428,14,3108,2,7200,1.0045045045
311367,311375,314364,8,2989,2,7200,1.00267648043
311368,311380,322787,12,11407,4,14400,1.00105198562
311468,311475,311505,7,30,8,7200,1.23333333333
311485,311495,314814,10,3319,2,7200,1.00301295571
311513,311521,314387,8,2866,2,7200,1.00279134682
311561,311570,314567,9,2997,2,7200,1.003003003
311588,311597,314802,9,3205,2,7200,1.00280811232
311643,311652,314745,9,3093,2,7200,1.00290979631
311694,311704,314919,10,3215,2,7200,1.00311041991
311699,311710,313135,11,1425,8,7200,1.00771929825
311710,311716,314930,6,3214,2,7200,1.00186683261
311725,311732,314870,7,3138,2,7200,1.0022307202
311899,311905,315046,6,3141,12,86400,1.00191021968
312026,313152,316053,1126,2901,6,172800,1.38814201999
312121,312132,315828,11,3696,1,3600,1.00297619048
312148,312160,315005,12,2845,2,7200,1.00421792619
312308,312319,315252,11,2933,2,7200,1.00375042618
312405,313146,333167,741,20021,3,21600,1.0370111383
312496,312505,315645,9,3140,2,7200,1.00286624204
312511,312520,315544,9,3024,2,7200,1.00297619048
312671,312680,315632,9,2952,2,7200,1.00304878049
312726,312734,315699,8,2965,2,7200,1.00269814503
312762,312771,315614,9,2843,2,7200,1.00316567007
312807,312817,315402,10,2585,2,7200,1.00386847195
312871,312878,315737,7,2859,2,7200,1.00244840853
312886,312896,315951,10,3055,2,7200,1.00327332242
312902,312908,315920,6,3012,2,7200,1.00199203187
312903,312916,315745,13,2829,2,7200,1.00459526334
313021,313030,315925,9,2895,2,7200,1.00310880829
313036,313044,316031,8,2987,2,7200,1.00267827251
313187,313196,316454,9,3258,2,7200,1.00276243094
313210,313217,315831,7,2614,2,7200,1.00267788829
313344,313351,316307,7,2956,2,7200,1.00236806495
313465,313476,316471,11,2995,2,7200,1.00367278798
313480,313487,316502,7,3015,2,7200,1.00232172471
313523,313532,316473,9,2941,2,7200,1.00306018361
313541,313552,316457,11,2905,2,7200,1.00378657487
313641,313651,316640,10,2989,2,7200,1.00334560054
313711,313721,316657,10,2936,2,7200,1.00340599455
313765,313774,316842,9,3068,2,7200,1.00293350717
313781,313792,316896,11,3104,2,7200,1.00354381443
313949,313958,317118,9,3160,2,7200,1.00284810127
313980,313990,316757,10,2767,2,7200,1.00361402241
313981,313996,316796,15,2800,2,7200,1.00535714286
314106,314115,317094,9,2979,2,7200,1.00302114804
314261,314268,316956,7,2688,2,7200,1.00260416667
314367,314378,317463,11,3085,2,7200,1.00356564019
314388,314398,317320,10,2922,2,7200,1.00342231348
314408,314414,315445,6,1031,8,7200,1.00581959263
314431,314439,317470,8,3031,2,7200,1.00263939294
314569,314578,317663,9,3085,2,7200,1.00291734198
314748,314756,317494,8,2738,2,7200,1.00292184076
314806,314813,318001,7,3188,2,7200,1.002195734
314821,314826,317817,5,2991,2,7200,1.00167168171
314872,314881,317951,9,3070,2,7200,1.00293159609
314921,314930,317938,9,3008,2,7200,1.00299202128
314936,314945,318225,9,3280,2,7200,1.00274390244
315009,315016,317763,7,2747,2,7200,1.00254823444
315254,315263,318227,9,2964,2,7200,1.00303643725
315403,315413,318227,10,2814,2,7200,1.00355366027
315426,315432,322670,6,7238,2,7200,1.00082895828
315545,315555,318227,10,2672,2,7200,1.00374251497
315604,315610,317065,6,1455,1,10800,1.00412371134
315615,315625,318227,10,2602,2,7200,1.00384319754
315633,315644,318227,11,2583,2,7200,1.00425861401
315648,315657,318227,9,2570,2,7200,1.00350194553
315703,315710,318227,7,2517,2,7200,1.0027810886
315740,315748,318227,8,2479,2,7200,1.0032271077
315755,315760,318227,5,2467,2,7200,1.00202675314
315778,315786,315836,8,50,6,259200,1.16
315833,315842,318227,9,2385,2,7200,1.00377358491
315921,315931,318227,10,2296,2,7200,1.0043554007
315936,315947,318227,11,2280,2,7200,1.0048245614
315955,315962,318227,7,2265,2,7200,1.00309050773
316033,316046,318227,13,2181,2,7200,1.00596056855
316033,316040,316069,7,29,6,259200,1.24137931034
316309,316319,318227,10,1908,2,7200,1.00524109015
316358,316365,316413,7,48,8,7200,1.14583333333
316458,316466,318227,8,1761,2,7200,1.00454287337
316459,316472,318227,13,1755,2,7200,1.00740740741
316475,316484,318227,9,1743,2,7200,1.00516351119
316476,316489,318227,13,1738,2,7200,1.00747986191
316480,316502,316533,22,31,6,259200,1.70967741935
316504,316513,318227,9,1714,2,7200,1.00525087515
316643,316655,318227,12,1572,2,7200,1.00763358779
316663,316669,318227,6,1558,2,7200,1.00385109114
316751,316757,324007,6,7250,8,7200,1.00082758621
316760,316773,318227,13,1454,2,7200,1.00894085282
316793,316800,316844,7,44,6,259200,1.15909090909
316799,316813,318227,14,1414,2,7200,1.0099009901
316845,316858,318227,13,1369,2,7200,1.00949598247
316873,316883,322355,10,5472,1,25200,1.00182748538
316899,316908,318227,9,1319,2,7200,1.00682335102
316954,316968,318227,14,1259,2,7200,1.01111993646
317089,317095,317126,6,31,6,259200,1.1935483871
317096,317106,318227,10,1121,2,7200,1.0089206066
317120,317129,318227,9,1098,2,7200,1.00819672131
317243,317250,317281,7,31,6,259200,1.22580645161
317324,317331,318227,7,896,2,7200,1.0078125
317408,317415,317449,7,34,6,259200,1.20588235294
317464,317474,318227,10,753,2,7200,1.01328021248
317479,317484,318227,5,743,2,7200,1.0067294751
317498,317506,318227,8,721,2,7200,1.01109570042
317664,317674,318227,10,553,2,7200,1.01808318264
317680,317686,317736,6,50,6,259200,1.12
317719,317725,317859,6,134,1,10800,1.0447761194
317767,317775,318228,8,453,2,7200,1.01766004415
317818,317828,318228,10,400,2,7200,1.025
317894,317901,318034,7,133,1,10800,1.05263157895
317935,317941,317995,6,54,6,259200,1.11111111111
317939,317955,318228,16,273,2,7200,1.05860805861
317954,317962,318228,8,266,2,7200,1.03007518797
318003,318012,318228,9,216,2,7200,1.04166666667
318016,318025,326724,9,8699,12,57600,1.00103460168
318127,318137,318186,10,49,6,259200,1.20408163265
318165,318171,327147,6,8976,12,57600,1.0006684492
318224,318231,319056,7,825,1,10800,1.00848484848
318265,318271,376911,6,58640,3,172800,1.00010231924
318384,321886,322124,3502,238,6,259200,15.7142857143
318564,318896,319468,332,572,8,3600,1.58041958042
318614,319480,321869,866,2389,8,3600,1.36249476769
318927,322797,335548,3870,12751,4,36000,1.3035056074
318949,322136,322178,3187,42,6,259200,76.880952381
319132,319140,322881,8,3741,1,3600,1.00213846565
319247,322191,476946,2944,154755,6,259200,1.01902361798
319285,334521,393666,15236,59145,6,259200,1.25760419308
319418,320515,324608,1097,4093,6,360000,1.26801856829
320866,320872,320883,6,11,1,10800,1.54545454545
320935,320942,322003,7,1061,1,10800,1.00659754948
320972,332958,352646,11986,19688,4,72000,1.6087972369
321006,333201,351400,12195,18199,4,72000,1.67009176328
321612,332953,333184,11341,231,12,6900,50.0952380952
321730,322015,325623,285,3608,1,3600,1.07899113082
321732,322226,325846,494,3620,1,3600,1.1364640884
321734,322367,324519,633,2152,1,3600,1.29414498141
321736,322467,326112,731,3645,1,3600,1.20054869684
321738,322650,326296,912,3646,1,3600,1.25013713659
321740,322939,326567,1199,3628,1,3600,1.33048511577
321742,324620,328266,2878,3646,1,3600,1.78935820077
321743,324626,328229,2883,3603,1,3600,1.80016652789
321745,324631,328257,2886,3626,1,3600,1.79591836735
321747,325953,329593,4206,3640,1,3600,2.15549450549
321749,325959,329567,4210,3608,1,3600,2.16685144124
321751,326268,329489,4517,3221,1,3600,2.40235951568
321753,326596,330212,4843,3616,1,3600,2.33932522124
321755,326601,330210,4846,3609,1,3600,2.34275422555
321757,326741,330348,4984,3607,1,3600,2.38175769337
321759,326746,330392,4987,3646,1,3600,2.36780032913
321760,326752,330354,4992,3602,1,3600,2.38589672404
321760,321881,323386,121,1505,1,3600,1.0803986711
321762,326795,329173,5033,2378,1,3600,3.11648444071
321764,327165,330811,5401,3646,1,3600,2.48134942403
321766,327170,330805,5404,3635,1,3600,2.48665749656
321768,328367,331992,6599,3625,1,3600,2.8204137931
321770,328459,331906,6689,3447,1,3600,2.94052799536
321772,328464,332096,6692,3632,1,3600,2.84251101322
321774,329191,332832,7417,3641,1,3600,3.0370777259
321775,331158,333611,9383,2453,1,3600,4.82511210762
321778,331187,334810,9409,3623,1,3600,3.59701904499
321780,331888,334091,10108,2203,1,3600,5.58828869723
321782,331894,335525,10112,3631,1,3600,3.78490773891
321784,331924,335532,10140,3608,1,3600,3.81042128603
321785,332010,335637,10225,3627,1,3600,3.81913427075
321787,332108,335741,10321,3633,1,3600,3.84090283512
321789,333708,337321,11919,3613,1,3600,4.29892056463
321791,333713,337322,11922,3609,1,3600,4.3034081463
321794,333718,337364,11924,3646,1,3600,4.27043335162
321795,333724,337353,11929,3629,1,3600,4.28713144117
321797,333729,337359,11932,3630,1,3600,4.2870523416
321800,333734,337358,11934,3624,1,3600,4.29304635762
321802,333740,337386,11938,3646,1,3600,4.27427317608
321804,333745,337361,11941,3616,1,3600,4.30226769912
321806,333750,337396,11944,3646,1,3600,4.27591881514
321808,334021,337634,12213,3613,1,3600,4.380293385
321810,334103,337593,12293,3490,1,3600,4.5223495702
321813,334204,337827,12391,3623,1,3600,4.42009384488
321814,334575,338195,12761,3620,1,3600,4.52513812155
321816,334581,338187,12765,3606,1,3600,4.53993344426
321818,334835,338443,13017,3608,1,3600,4.60781596452
321820,334841,338455,13021,3614,1,3600,4.60293303818
321823,335536,339170,13713,3634,1,3600,4.77352779307
321825,335544,339177,13719,3633,1,3600,4.77621800165
321827,335559,339173,13732,3614,1,3600,4.79966795794
321829,335565,339185,13736,3620,1,3600,4.79447513812
321831,335570,339181,13739,3611,1,3600,4.80476322348
321833,335576,339180,13743,3604,1,3600,4.81326304107
321835,335646,338265,13811,2619,1,3600,6.27338678885
321837,335653,339282,13816,3629,1,3600,4.80710939653
322521,334527,334686,12006,159,6,259200,76.5094339623
323198,323207,326424,9,3217,1,10800,1.00279763755
323556,323563,323866,7,303,2,300,1.02310231023
323556,323568,323906,12,338,2,300,1.03550295858
323557,323878,324181,321,303,2,300,2.05940594059
323557,323918,324221,361,303,2,300,2.19141914191
323557,324020,324363,463,343,2,300,2.34985422741
323614,324031,324335,417,304,2,300,2.37171052632
323614,324025,324354,411,329,2,300,2.24924012158
323691,324036,324352,345,316,2,300,2.0917721519
323691,324193,324496,502,303,2,300,2.65676567657
323817,324958,325261,1141,303,16,300,4.76567656766
323817,324615,324946,798,331,16,300,3.41087613293
323974,334709,337414,10735,2705,1,36000,4.9685767098
324037,325273,325576,1236,303,16,300,5.07920792079
324037,325587,325936,1550,349,16,300,5.44126074499
324179,325948,326251,1769,303,16,300,6.83828382838
324179,326263,326568,2084,305,16,300,7.83278688525
324179,326585,326928,2406,343,16,300,8.01457725948
324179,327160,327502,2981,342,16,300,9.71637426901
324179,331177,331493,6998,316,16,300,23.1455696203
324179,330817,331157,6638,340,16,300,20.5235294118
324180,331512,331853,7332,341,16,300,22.5014662757
324180,331872,332213,7692,341,16,300,23.5571847507
324180,332233,332573,8053,340,16,300,24.6852941176
324180,332593,332933,8413,340,16,300,25.7441176471
326292,326736,682805,444,356069,6,360000,1.00124694933
326511,326518,328355,7,1837,1,10800,1.0038105607
326789,326948,333696,159,6748,12,57600,1.02356253705
327230,327522,334510,292,6988,12,57600,1.04178591872
328447,328453,330054,6,1601,1,10800,1.00374765771
329992,329998,331540,6,1542,1,3600,1.00389105058
330087,333623,374734,3536,41111,12,86400,1.08601104327
330089,330095,330112,6,17,1,10800,1.35294117647
330134,330140,331144,6,1004,1,10800,1.00597609562
332191,334822,334824,2631,2,2,3540,263.3
332753,332843,334192,90,1349,1,10800,1.06671608599
334014,334420,335560,406,1140,11,28800,1.35614035088
334273,334279,334413,6,134,1,10800,1.0447761194
334553,334559,335634,6,1075,1,10800,1.00558139535
335566,335582,364410,16,28828,11,28800,1.00055501596
335752,335759,336645,7,886,1,10800,1.0079006772
338110,338116,341010,6,2894,2,7200,1.00207325501
338112,338123,341108,11,2985,2,7200,1.00368509213
338113,338128,341204,15,3076,2,7200,1.00487646294
338114,338133,340904,19,2771,2,7200,1.00685673042
338116,338139,341149,23,3010,2,7200,1.00764119601
338117,338144,341060,27,2916,2,7200,1.00925925926
338118,338151,340835,33,2684,2,7200,1.01229508197
338120,338157,341032,37,2875,2,7200,1.01286956522
338121,338162,341150,41,2988,2,7200,1.01372155288
338122,338167,340933,45,2766,2,7200,1.01626898048
338124,338173,341485,49,3312,2,7200,1.01479468599
338125,338178,341369,53,3191,2,7200,1.01660921341
338127,338184,341067,57,2883,2,7200,1.0197710718
338128,338189,341396,61,3207,2,7200,1.0190208918
338129,338194,341327,65,3133,2,7200,1.02074688797
338131,338200,341203,69,3003,2,7200,1.02297702298
338132,338205,341360,73,3155,2,7200,1.02313787639
338133,338210,341081,77,2871,2,7200,1.02681992337
338135,338216,341047,81,2831,2,7200,1.02861179795
338136,338221,341330,85,3109,2,7200,1.0273399807
338138,338226,340963,88,2737,2,7200,1.03215199123
338139,338232,341189,93,2957,2,7200,1.03145079472
338140,338237,341201,97,2964,2,7200,1.03272604588
338142,338242,340942,100,2700,2,7200,1.03703703704
338143,338248,341298,105,3050,2,7200,1.03442622951
338144,338253,340931,109,2678,2,7200,1.04070201643
338146,338258,340798,112,2540,2,7200,1.04409448819
338147,338266,341758,119,3492,2,7200,1.03407789233
338148,338271,341131,123,2860,2,7200,1.04300699301
338150,338276,341187,126,2911,2,7200,1.04328409481
338151,338282,341083,131,2801,2,7200,1.04676901107
338153,338287,341773,134,3486,2,7200,1.03843947217
338154,338292,341023,138,2731,2,7200,1.05053094105
338155,338298,341351,143,3053,2,7200,1.04683917458
338157,338303,340999,146,2696,2,7200,1.05415430267
338158,338308,341388,150,3080,2,7200,1.0487012987
338159,338314,341207,155,2893,2,7200,1.05357760111
338161,338319,341560,158,3241,2,7200,1.04875038568
338162,338324,341313,162,2989,2,7200,1.05419872867
338164,338330,341451,166,3121,2,7200,1.05318808074
340802,340810,343817,8,3007,2,7200,1.00266045893
340837,340847,343808,10,2961,2,7200,1.00337723742
340906,340916,343926,10,3010,2,7200,1.00332225914
340934,340943,343637,9,2694,2,7200,1.00334075724
340935,340950,343966,15,3016,2,7200,1.0049734748
340950,340957,343855,7,2898,2,7200,1.00241545894
340965,340974,344304,9,3330,2,7200,1.0027027027
341001,341010,343816,9,2806,2,7200,1.00320741269
341015,341021,344078,6,3057,2,7200,1.00196270854
341030,341036,343864,6,2828,2,7200,1.00212164074
341045,341052,344055,7,3003,2,7200,1.00233100233
341060,341066,343820,6,2754,2,7200,1.00217864924
341061,341073,344257,12,3184,2,7200,1.00376884422
341076,341085,343779,9,2694,2,7200,1.00334075724
341091,341097,344457,6,3360,2,7200,1.00178571429
341092,341103,343930,11,2827,2,7200,1.00389105058
341110,341123,344038,13,2915,2,7200,1.00445969125
341134,341142,344210,8,3068,2,7200,1.00260756193
341152,341163,344095,11,2932,2,7200,1.00375170532
341154,341168,344343,14,3175,2,7200,1.00440944882
341190,341204,344261,14,3057,2,7200,1.00457965325
341192,341210,343890,18,2680,2,7200,1.00671641791
341207,341216,344209,9,2993,2,7200,1.00300701637
341209,341222,344154,13,2932,2,7200,1.00443383356
341210,341227,344067,17,2840,2,7200,1.00598591549
341212,341239,344454,27,3215,2,7200,1.00839813375
341299,341309,343987,10,2678,2,7200,1.00373412995
341314,341324,344467,10,3143,2,7200,1.00318167356
341329,341340,344092,11,2752,2,7200,1.00399709302
341344,341359,344227,15,2868,2,7200,1.00523012552
341359,341365,344219,6,2854,2,7200,1.00210231254
341374,341379,344496,5,3117,2,7200,1.00160410651
341375,341387,344051,12,2664,2,7200,1.0045045045
341390,341399,344009,9,2610,2,7200,1.00344827586
341405,341411,344079,6,2668,2,7200,1.00224887556
341453,341462,344397,9,2935,2,7200,1.00306643952
341486,341496,344354,10,2858,2,7200,1.00349895031
341545,341551,342373,6,822,1,10800,1.00729927007
341561,341572,344191,11,2619,2,7200,1.00420007637
341761,341770,344657,9,2887,2,7200,1.00311742293
341776,341784,344721,8,2937,2,7200,1.00272386789
341834,341842,585485,8,243643,1,266400,1.00003283493
341856,341862,585920,6,244058,1,266400,1.00002458432
341872,341880,535580,8,193700,1,201600,1.00004130098
341882,341893,585439,11,243546,1,266400,1.00004516601
341888,341900,586668,12,244768,1,266400,1.00004902602
341895,341906,585488,11,243582,1,266400,1.00004515933
341912,341918,536026,6,194108,1,201600,1.00003091063
341920,341931,586875,11,244944,1,266400,1.00004490822
341924,341937,587236,13,245299,1,266400,1.00005299655
341929,341944,584780,15,242836,1,266400,1.00006177008
342894,342901,342902,7,1,1,240,1.0
343639,343648,346313,9,2665,2,7200,1.00337711069
343781,343791,346583,10,2792,2,7200,1.00358166189
343811,343820,346811,9,2991,2,7200,1.00300902708
343826,343832,346725,6,2893,2,7200,1.00207397166
343828,343839,346916,11,3077,2,7200,1.00357491063
343829,343844,346954,15,3110,2,7200,1.00482315113
343856,343866,346718,10,2852,2,7200,1.00350631136
343871,343877,346872,6,2995,2,7200,1.0020033389
343892,343905,346867,13,2962,2,7200,1.0043889264
343928,343937,346825,9,2888,2,7200,1.00311634349
343943,343953,346858,10,2905,2,7200,1.00344234079
343967,343977,347029,10,3052,2,7200,1.00327653997
343988,343998,346933,10,2935,2,7200,1.00340715503
344009,344023,346963,14,2940,2,7200,1.00476190476
344040,344049,347171,9,3122,2,7200,1.00288276746
344055,344068,347010,13,2942,2,7200,1.00441876275
344070,344083,347342,13,3259,2,7200,1.00398895367
344072,344088,347177,16,3089,2,7200,1.0051796698
344087,344101,347115,14,3014,2,7200,1.00464499005
344088,344106,347169,18,3063,2,7200,1.00587659158
344103,344119,347098,16,2979,2,7200,1.00537092984
344104,344124,347112,20,2988,2,7200,1.00669344043
344156,344165,346850,9,2685,2,7200,1.00335195531
344192,344203,346885,11,2682,2,7200,1.00410141685
344210,344220,347123,10,2903,2,7200,1.00344471237
344211,344227,346913,16,2686,2,7200,1.0059568131
344227,344235,347054,8,2819,2,7200,1.00283788578
344241,344248,347340,7,3092,2,7200,1.00226390686
344259,344268,347441,9,3173,2,7200,1.0028364324
344274,344280,347244,6,2964,2,7200,1.0020242915
344308,344316,347343,8,3027,2,7200,1.00264288074
344344,344357,347260,13,2903,2,7200,1.00447812608
344359,344365,347272,6,2907,2,7200,1.00206398349
344398,344409,347127,11,2718,2,7200,1.00404709345
344455,344467,347153,12,2686,2,7200,1.00446760983
344470,344480,347521,10,3041,2,7200,1.00328839198
344471,344486,347484,15,2998,2,7200,1.00500333556
344499,344507,347145,8,2638,2,7200,1.00303260045
344659,344669,347571,10,2902,2,7200,1.00344589938
344722,344733,347661,11,2928,2,7200,1.0037568306
346316,346325,349328,9,3003,2,7200,1.002997003
346584,346595,349609,11,3014,2,7200,1.00364963504
346719,346732,349554,13,2822,2,7200,1.00460666194
346734,346745,349818,11,3073,2,7200,1.00357956394
346812,346824,350003,12,3179,2,7200,1.00377477194
346827,346836,349996,9,3160,2,7200,1.00284810127
346851,346861,349431,10,2570,2,7200,1.00389105058
346866,346873,349962,7,3089,2,7200,1.00226610554
346881,346888,350051,7,3163,2,7200,1.00221308884
346883,346893,349667,10,2774,2,7200,1.00360490267
346897,346904,349884,7,2980,2,7200,1.00234899329
346916,346925,349847,9,2922,2,7200,1.00308008214
346931,346937,349765,6,2828,2,7200,1.00212164074
346945,346951,349862,6,2911,2,7200,1.00206114737
346960,346966,349728,6,2762,2,7200,1.00217233888
346975,346982,349968,7,2986,2,7200,1.00234427328
347011,347027,349992,16,2965,2,7200,1.00539629005
347032,347040,350131,8,3091,2,7200,1.00258815917
347056,347065,349839,9,2774,2,7200,1.0032444124
347101,347110,350037,9,2927,2,7200,1.00307482064
347116,347127,350043,11,2916,2,7200,1.00377229081
347117,347132,350004,15,2872,2,7200,1.00522284123
347132,347138,350125,6,2987,2,7200,1.00200870439
347134,347145,350253,11,3108,2,7200,1.00353925354
347149,347157,350383,8,3226,2,7200,1.00247985121
347163,347169,350203,6,3034,2,7200,1.00197758734
347179,347185,350164,6,2979,2,7200,1.00201409869
347180,347192,349927,12,2735,2,7200,1.00438756856
347181,347198,350123,17,2925,2,7200,1.00581196581
347245,347256,350175,11,2919,2,7200,1.00376841384
347262,347272,350517,10,3245,2,7200,1.0030816641
347277,347283,349946,6,2663,2,7200,1.00225309801
347341,347352,350442,11,3090,2,7200,1.00355987055
347356,347362,350308,6,2946,2,7200,1.00203665988
347357,347373,350415,16,3042,2,7200,1.00525969757
347442,347452,350069,10,2617,2,7200,1.00382116928
347487,347495,350487,8,2992,2,7200,1.00267379679
347523,347533,350693,10,3160,2,7200,1.00316455696
347574,347582,350451,8,2869,2,7200,1.00278842802
347662,347672,350356,10,2684,2,7200,1.00372578241
349330,349339,352537,9,3198,2,7200,1.00281425891
349433,349443,352291,10,2848,2,7200,1.00351123596
349556,349565,352322,9,2757,2,7200,1.00326441785
349610,349620,352500,10,2880,2,7200,1.00347222222
349671,349679,352707,8,3028,2,7200,1.00264200793
349731,349739,352800,8,3061,2,7200,1.00261352499
349767,349776,352673,9,2897,2,7200,1.00310666206
349821,349829,352853,8,3024,2,7200,1.00264550265
349842,349850,353211,8,3361,2,7200,1.00238024398
349857,349863,352605,6,2742,2,7200,1.00218818381
349872,349883,352797,11,2914,2,7200,1.00377487989
349887,349897,352661,10,2764,2,7200,1.00361794501
349929,349938,352902,9,2964,2,7200,1.00303643725
349947,349962,352724,15,2762,2,7200,1.00543084721
349964,349973,352927,9,2954,2,7200,1.00304671632
349979,349985,352672,6,2687,2,7200,1.00223297358
349994,350003,352807,9,2804,2,7200,1.00320970043
350010,350016,353247,6,3231,2,7200,1.00185701021
350011,350023,353164,12,3141,2,7200,1.00382043935
350012,350028,353175,16,3147,2,7200,1.00508420718
350039,350053,352745,14,2692,2,7200,1.00520059435
350055,350060,352936,5,2876,2,7200,1.00173852573
350056,350067,353021,11,2954,2,7200,1.00372376439
350071,350080,352855,9,2775,2,7200,1.00324324324
350125,350136,353033,11,2897,2,7200,1.00379703141
350126,350142,353120,16,2978,2,7200,1.00537273338
350141,350153,352916,12,2763,2,7200,1.00434310532
350166,350177,353359,11,3182,2,7200,1.00345694532
350181,350186,353061,5,2875,2,7200,1.00173913043
350205,350214,352967,9,2753,2,7200,1.00326916092
350256,350264,352908,8,2644,2,7200,1.00302571861
350310,350319,353145,9,2826,2,7200,1.00318471338
350358,350367,353041,9,2674,2,7200,1.0033657442
350386,350394,353270,8,2876,2,7200,1.00278164117
350416,350428,353419,12,2991,2,7200,1.00401203611
350446,350458,353365,12,2907,2,7200,1.00412796698
350461,350467,353560,6,3093,2,7200,1.00193986421
350488,350499,353283,11,2784,2,7200,1.00395114943
350518,350528,353248,10,2720,2,7200,1.00367647059
350697,350707,353330,10,2623,2,7200,1.00381242852
352293,352302,355366,9,3064,2,7200,1.00293733681
352324,352333,355064,9,2731,2,7200,1.00329549616
352502,352512,355268,10,2756,2,7200,1.00362844702
352541,352550,355531,9,2981,2,7200,1.0030191211
352607,352616,355748,9,3132,2,7200,1.00287356322
352664,352672,355417,8,2745,2,7200,1.0029143898
352679,352686,355663,7,2977,2,7200,1.00235136043
352681,352693,355376,12,2683,2,7200,1.00447260529
352708,352718,355592,10,2874,2,7200,1.00347947112
352726,352737,355445,11,2708,2,7200,1.0040620384
352747,352756,355687,9,2931,2,7200,1.00307062436
352798,352811,355865,13,3054,2,7200,1.00425671251
352813,352819,355575,6,2756,2,7200,1.00217706821
352815,352826,355791,11,2965,2,7200,1.00370994941
352854,352865,355807,11,2942,2,7200,1.00373895309
352869,352875,355889,6,3014,2,7200,1.00199071002
352905,352913,355827,8,2914,2,7200,1.00274536719
352920,352926,355945,6,3019,2,7200,1.00198741305
352921,352933,355704,12,2771,2,7200,1.00433056658
352936,352942,355962,6,3020,2,7200,1.00198675497
352938,352949,355689,11,2740,2,7200,1.00401459854
352968,352978,356126,10,3148,2,7200,1.00317662008
353022,353037,355987,15,2950,2,7200,1.00508474576
353037,353044,355900,7,2856,2,7200,1.00245098039
353039,353053,355983,14,2930,2,7200,1.004778157
353063,353072,356016,9,2944,2,7200,1.00305706522
353123,353131,355836,8,2705,2,7200,1.00295748614
353147,353156,355965,9,2809,2,7200,1.00320398718
353165,353176,355978,11,2802,2,7200,1.00392576731
353180,353186,355885,6,2699,2,7200,1.00222304557
353213,353222,356042,9,2820,2,7200,1.00319148936
353249,353262,356210,13,2948,2,7200,1.00440976934
353251,353268,356049,17,2781,2,7200,1.00611290903
353272,353281,356412,9,3131,2,7200,1.002874481
353287,353295,356233,8,2938,2,7200,1.00272294078
353332,353341,356448,9,3107,2,7200,1.00289668491
353362,353371,356172,9,2801,2,7200,1.00321313816
353377,353390,356395,13,3005,2,7200,1.00432612313
353422,353430,356325,8,2895,2,7200,1.00276338515
353561,353571,356293,10,2722,2,7200,1.00367376929
354245,354252,354259,7,7,1,3600,1.4
354364,354372,354516,8,144,1,3600,1.05555555556
354638,354646,355473,8,827,1,3600,1.00967351874
355067,355076,357900,9,2824,2,7200,1.00318696884
355269,355284,358261,15,2977,2,7200,1.00503862949
355368,355377,358050,9,2673,2,7200,1.00336700337
355383,355389,358207,6,2818,2,7200,1.00212916962
355419,355434,358451,15,3017,2,7200,1.00497182632
355446,355457,358273,11,2816,2,7200,1.00390625
355534,355544,358404,10,2860,2,7200,1.0034965035
355579,355587,358644,8,3057,2,7200,1.00261694472
355594,355604,358176,10,2572,2,7200,1.00388802488
355666,355680,358709,14,3029,2,7200,1.00462198745
355687,355698,358538,11,2840,2,7200,1.00387323944
355702,355708,358650,6,2942,2,7200,1.00203942896
355703,355725,356840,22,1115,1,3600,1.0197309417
355717,355731,358647,14,2916,2,7200,1.00480109739
355750,355760,358746,10,2986,2,7200,1.00334896182
355793,355802,358642,9,2840,2,7200,1.00316901408
355807,355818,358369,11,2551,2,7200,1.0043120345
355828,355838,358837,10,2999,2,7200,1.00333444481
355843,355849,358622,6,2773,2,7200,1.0021637216
355867,355877,358795,10,2918,2,7200,1.0034270048
355888,355896,359136,8,3240,2,7200,1.0024691358
355903,355915,358745,12,2830,2,7200,1.00424028269
355905,355921,358830,16,2909,2,7200,1.00550017188
355947,355956,359171,9,3215,2,7200,1.00279937792
355966,355975,358743,9,2768,2,7200,1.00325144509
355967,355982,359308,15,3326,2,7200,1.00450992183
355982,355994,359197,12,3203,2,7200,1.00374648767
355997,356003,358729,6,2726,2,7200,1.00220102715
355999,356009,358971,10,2962,2,7200,1.00337609723
356017,356027,359081,10,3054,2,7200,1.00327439424
356044,356053,359121,9,3068,2,7200,1.00293350717
356059,356065,359018,6,2953,2,7200,1.00203183204
356128,356138,359230,10,3092,2,7200,1.00323415265
356173,356186,359319,13,3133,2,7200,1.00414937759
356212,356221,359095,9,2874,2,7200,1.00313152401
356233,356244,359022,11,2778,2,7200,1.00395968323
356294,356304,359735,10,3431,2,7200,1.00291460216
356327,356337,359594,10,3257,2,7200,1.0030703101
356396,356406,359568,10,3162,2,7200,1.00316255534
356414,356424,359402,10,2978,2,7200,1.00335795836
356451,356459,359163,8,2704,2,7200,1.00295857988
357357,357364,357370,7,6,1,3600,1.3
357482,357489,357570,7,81,1,3600,1.08641975309
357688,357694,358023,6,329,1,3600,1.01823708207
357853,357865,357872,12,7,1,1800,1.9
357903,357915,360891,12,2976,2,7200,1.00403225806
358053,358062,361043,9,2981,2,7200,1.0030191211
358055,358067,358142,12,75,1,1800,1.16
358133,358145,358262,12,117,1,3600,1.10256410256
358177,358192,361008,15,2816,2,7200,1.00532670455
358210,358220,361060,10,2840,2,7200,1.00352112676
358261,358272,361357,11,3085,2,7200,1.00356564019
358276,358284,361066,8,2782,2,7200,1.00287562904
358314,358320,359516,6,1196,1,3600,1.00501672241
358370,358384,361264,14,2880,2,7200,1.00486111111
358385,358397,358955,12,558,1,3600,1.02150537634
358396,358404,358499,8,95,1,1800,1.08421052632
358406,358415,361418,9,3003,2,7200,1.002997003
358454,358462,361514,8,3052,2,7200,1.00262123198
358541,358551,361339,10,2788,2,7200,1.00358680057
358623,358634,361590,11,2956,2,7200,1.00372124493
358644,358653,361632,9,2979,2,7200,1.00302114804
358659,358665,361388,6,2723,2,7200,1.00220345207
358661,358673,361891,12,3218,2,7200,1.00372902424
358662,358678,361661,16,2983,2,7200,1.00536372779
358710,358720,361509,10,2789,2,7200,1.00358551452
358732,358740,361972,8,3232,2,7200,1.00247524752
358747,358760,361717,13,2957,2,7200,1.00439634765
358748,358765,361625,17,2860,2,7200,1.00594405594
358750,358770,361628,20,2858,2,7200,1.00699790063
358798,358807,361462,9,2655,2,7200,1.00338983051
358831,358841,361878,10,3037,2,7200,1.00329272308
358846,358852,362047,6,3195,2,7200,1.00187793427
358973,358983,361929,10,2946,2,7200,1.00339443313
359021,359034,361956,13,2922,2,7200,1.00444900753
359036,359045,361981,9,2936,2,7200,1.0030653951
359084,359093,362223,9,3130,2,7200,1.00287539936
359099,359106,362043,7,2937,2,7200,1.00238338441
359123,359132,362260,9,3128,2,7200,1.00287723785
359138,359147,361920,9,2773,2,7200,1.0032455824
359165,359175,361928,10,2753,2,7200,1.00363240102
359181,359189,362288,8,3099,2,7200,1.0025814779
359185,359197,360394,12,1197,1,3600,1.01002506266
359199,359208,362072,9,2864,2,7200,1.0031424581
359232,359248,362328,16,3080,2,7200,1.00519480519
359310,359319,362599,9,3280,2,7200,1.00274390244
359325,359331,362080,6,2749,2,7200,1.00218261186
359394,359400,359771,6,371,1,1800,1.01617250674
359404,359418,362311,14,2893,2,7200,1.0048392672
359570,359584,362341,14,2757,2,7200,1.00507798332
359597,359605,362615,8,3010,2,7200,1.00265780731
359738,359747,362283,9,2536,2,7200,1.0035488959
360516,360523,360529,7,6,1,1800,1.3
360742,360753,360792,11,39,1,1800,1.28205128205
360892,360906,363972,14,3066,2,7200,1.00456621005
361010,361020,363827,10,2807,2,7200,1.00356252227
361016,361027,361100,11,73,1,1800,1.15068493151
361046,361055,363586,9,2531,2,7200,1.00355590676
361064,361071,363978,7,2907,2,7200,1.00240798074
361079,361085,364235,6,3150,2,7200,1.0019047619
361265,361276,364020,11,2744,2,7200,1.00400874636
361279,361291,361498,12,207,1,3600,1.05797101449
361340,361353,364085,13,2732,2,7200,1.00475841874
361358,361369,364566,11,3197,2,7200,1.00344072568
361385,361399,364167,14,2768,2,7200,1.00505780347
361419,361429,364296,10,2867,2,7200,1.00348796652
361464,361475,364371,11,2896,2,7200,1.00379834254
361512,361520,364201,8,2681,2,7200,1.00298396121
361527,361533,364602,6,3069,2,7200,1.00195503421
361593,361602,364447,9,2845,2,7200,1.00316344464
361620,361626,362379,6,753,1,3600,1.00796812749
361626,361636,364562,10,2926,2,7200,1.003417635
361641,361647,364543,6,2896,2,7200,1.0020718232
361642,361653,364922,11,3269,2,7200,1.00336494341
361663,361672,364453,9,2781,2,7200,1.00323624595
361720,361728,364944,8,3216,2,7200,1.00248756219
361880,361890,364691,10,2801,2,7200,1.00357015352
361895,361902,364953,7,3051,2,7200,1.00229432973
361922,361932,364969,10,3037,2,7200,1.00329272308
361937,361946,364936,9,2990,2,7200,1.00301003344
361939,361952,364952,13,3000,2,7200,1.00433333333
361960,361971,364638,11,2667,2,7200,1.00412448444
361975,361985,364744,10,2759,2,7200,1.00362450163
361989,361997,364715,8,2718,2,7200,1.00294334069
362044,362055,365058,11,3003,2,7200,1.00366300366
362058,362068,364828,10,2760,2,7200,1.00362318841
362073,362083,365146,10,3063,2,7200,1.0032647731
362088,362097,365026,9,2929,2,7200,1.00307272107
362224,362234,365171,10,2937,2,7200,1.00340483487
362233,362242,362500,9,258,1,1800,1.03488372093
362263,362272,364896,9,2624,2,7200,1.00342987805
362284,362297,365363,13,3066,2,7200,1.00424005219
362299,362305,365233,6,2928,2,7200,1.00204918033
362314,362322,365383,8,3061,2,7200,1.00261352499
362329,362340,365577,11,3237,2,7200,1.00339820822
362344,362352,365454,8,3102,2,7200,1.0025789813
362601,362610,365323,9,2713,2,7200,1.00331736086
362615,362627,365136,12,2509,2,7200,1.00478278198
362662,362669,363223,7,554,1,3600,1.01263537906
363589,363597,366969,8,3372,2,7200,1.00237247924
363829,363839,366682,10,2843,2,7200,1.00351741119
363974,363983,367014,9,3031,2,7200,1.00296931706
363989,363995,367010,6,3015,2,7200,1.00199004975
364022,364032,366794,10,2762,2,7200,1.00362056481
364088,364096,366883,8,2787,2,7200,1.00287047004
364169,364178,366960,9,2782,2,7200,1.00323508267
364202,364212,367436,10,3224,2,7200,1.00310173697
364235,364250,366855,15,2605,2,7200,1.00575815739
364298,364311,367112,13,2801,2,7200,1.00464119957
364374,364382,367300,8,2918,2,7200,1.00274160384
364449,364465,367384,16,2919,2,7200,1.00548132922
364464,364472,367414,8,2942,2,7200,1.00271923861
364545,364554,367120,9,2566,2,7200,1.00350740452
364564,364573,367275,9,2702,2,7200,1.00333086603
364578,364592,367234,14,2642,2,7200,1.0052990159
364606,364614,367254,8,2640,2,7200,1.00303030303
364639,364649,367425,10,2776,2,7200,1.00360230548
364693,364703,367596,10,2893,2,7200,1.00345661943
364717,364727,367433,10,2706,2,7200,1.0036954915
364744,364761,367761,17,3000,2,7200,1.00566666667
364829,364839,367605,10,2766,2,7200,1.00361532899
364898,364907,367552,9,2645,2,7200,1.0034026465
364925,364933,367729,8,2796,2,7200,1.00286123033
364940,364948,368199,8,3251,2,7200,1.0024607813
364955,364961,367818,6,2857,2,7200,1.00210010501
364956,364968,367929,12,2961,2,7200,1.0040526849
364958,364974,368009,16,3035,2,7200,1.00527182867
364973,364980,368091,7,3111,2,7200,1.00225008036
365027,365037,367884,10,2847,2,7200,1.00351246927
365060,365069,368062,9,2993,2,7200,1.00300701637
365139,365148,368082,9,2934,2,7200,1.00306748466
365154,365160,368169,6,3009,2,7200,1.00199401795
365175,365183,367968,8,2785,2,7200,1.00287253142
365235,365247,368276,12,3029,2,7200,1.00396170353
365325,365334,368352,9,3018,2,7200,1.00298210736
365364,365379,368153,15,2774,2,7200,1.005407354
365385,365394,368222,9,2828,2,7200,1.0031824611
365455,365465,368588,10,3123,2,7200,1.00320204931
365579,365589,368680,10,3091,2,7200,1.00323519896
365597,365603,365681,6,78,1,1800,1.07692307692
365917,365930,366020,13,90,1,1800,1.14444444444
366655,366662,367023,7,361,1,1800,1.01939058172
366684,366693,369414,9,2721,2,7200,1.0033076075
366796,366805,369638,9,2833,2,7200,1.00317684433
366855,366871,369782,16,2911,2,7200,1.00549639299
366886,366894,369920,8,3026,2,7200,1.00264375413
366961,366973,369673,12,2700,2,7200,1.00444444444
366976,366982,369771,6,2789,2,7200,1.00215130871
367012,367024,369773,12,2749,2,7200,1.00436522372
367027,367033,369776,6,2743,2,7200,1.00218738607
367114,367123,370233,9,3110,2,7200,1.00289389068
367129,367135,370258,6,3123,2,7200,1.00192122959
367237,367248,369895,11,2647,2,7200,1.0041556479
367255,367270,370108,15,2838,2,7200,1.00528541226
367276,367286,370042,10,2756,2,7200,1.00362844702
367300,367311,370103,11,2792,2,7200,1.00393982808
367385,367395,370111,10,2716,2,7200,1.00368188513
367415,367425,370311,10,2886,2,7200,1.00346500347
367430,367436,370339,6,2903,2,7200,1.00206682742
367444,367451,370237,7,2786,2,7200,1.00251256281
367446,367457,370665,11,3208,2,7200,1.00342892768
367554,367564,370257,10,2693,2,7200,1.00371333086
367590,367607,370767,17,3160,2,7200,1.00537974684
367608,367616,370562,8,2946,2,7200,1.0027155465
367732,367740,370625,8,2885,2,7200,1.0027729636
367762,367772,370687,10,2915,2,7200,1.00343053173
367820,367829,370835,9,3006,2,7200,1.00299401198
367886,367896,370994,10,3098,2,7200,1.00322788896
367931,367940,370785,9,2845,2,7200,1.00316344464
367970,367979,371296,9,3317,2,7200,1.00271329515
368012,368021,370953,9,2932,2,7200,1.00306957708
368063,368073,371242,10,3169,2,7200,1.00315556958
368084,368094,370907,10,2813,2,7200,1.00355492357
368099,368105,370780,6,2675,2,7200,1.00224299065
368132,368140,368177,8,37,1,1800,1.21621621622
368156,368165,370802,9,2637,2,7200,1.00341296928
368171,368187,371238,16,3051,2,7200,1.00524418224
368201,368210,371426,9,3216,2,7200,1.00279850746
368222,368233,371175,11,2942,2,7200,1.00373895309
368276,368287,371354,11,3067,2,7200,1.00358656668
368308,368315,467567,7,99252,11,100800,1.00007052755
368355,368363,371232,8,2869,2,7200,1.00278842802
368420,368427,368507,7,80,1,1800,1.0875
368590,368602,371476,12,2874,2,7200,1.00417536534
368681,368691,371359,10,2668,2,7200,1.00374812594
369117,369123,369362,6,239,1,1800,1.02510460251
369416,369425,372470,9,3045,2,7200,1.00295566502
369642,369651,372472,9,2821,2,7200,1.00319035803
369675,369685,372327,10,2642,2,7200,1.00378501136
369772,369783,372811,11,3028,2,7200,1.0036327609
369787,369793,372668,6,2875,2,7200,1.00208695652
369788,369800,372394,12,2594,2,7200,1.00462606014
369790,369806,372890,16,3084,2,7200,1.00518806744
369895,369906,373041,11,3135,2,7200,1.00350877193
369923,369931,372639,8,2708,2,7200,1.00295420975
370043,370053,372930,10,2877,2,7200,1.00347584289
370098,370105,370107,7,2,12,21600,1.0
370103,370114,372994,11,2880,2,7200,1.00381944444
370118,370124,373471,6,3347,2,7200,1.00179265013
370120,370131,373108,11,2977,2,7200,1.00369499496
370235,370244,373119,9,2875,2,7200,1.00313043478
370245,370251,374591,6,4340,12,21600,1.00138248848
370249,370257,373046,8,2789,2,7200,1.00286841162
370265,370276,373370,11,3094,2,7200,1.00355526826
370267,370282,373177,15,2895,2,7200,1.00518134715
370267,370287,374640,20,4353,12,21600,1.00459453251
370312,370322,373339,10,3017,2,7200,1.00331455088
370342,370350,373160,8,2810,2,7200,1.00284697509
370565,370573,373492,8,2919,2,7200,1.00274066461
370626,370640,373467,14,2827,2,7200,1.0049522462
370668,370676,373485,8,2809,2,7200,1.00284798861
370689,370698,373378,9,2680,2,7200,1.00335820896
370770,370778,373726,8,2948,2,7200,1.00271370421
370782,370788,371371,6,583,12,57600,1.0102915952
370786,370795,373718,9,2923,2,7200,1.0030790284
370787,370802,373739,15,2937,2,7200,1.0051072523
370795,370808,371208,13,400,12,57600,1.0325
370805,370820,374158,15,3338,2,7200,1.00449370881
370835,370846,373604,11,2758,2,7200,1.00398839739
370908,370924,374038,16,3114,2,7200,1.00513808606
370956,370964,373902,8,2938,2,7200,1.00272294078
370995,371005,374028,10,3023,2,7200,1.00330797221
371176,371187,374010,11,2823,2,7200,1.00389656394
371234,371243,374142,9,2899,2,7200,1.0031045188
371249,371255,373741,6,2486,2,7200,1.00241351569
371250,371262,374584,12,3322,2,7200,1.00361228176
371292,371307,373864,15,2557,2,7200,1.00586624951
371356,371366,374483,10,3117,2,7200,1.00320821303
371371,371377,374133,6,2756,2,7200,1.00217706821
371428,371444,374558,16,3114,2,7200,1.00513808606
371479,371493,374483,14,2990,2,7200,1.00468227425
372329,372340,375287,11,2947,2,7200,1.00373260943
372395,372405,375458,10,3053,2,7200,1.00327546675
372467,372481,375439,14,2958,2,7200,1.00473292765
372482,372487,375726,5,3239,2,7200,1.00154368632
372641,372650,375689,9,3039,2,7200,1.00296150049
372671,372680,375761,9,3081,2,7200,1.0029211295
372814,372822,375987,8,3165,2,7200,1.00252764613
372893,372901,375596,8,2695,2,7200,1.00296846011
372932,372942,375977,10,3035,2,7200,1.00329489292
372995,373005,376065,10,3060,2,7200,1.00326797386
373043,373054,376323,11,3269,2,7200,1.00336494341
373058,373064,376042,6,2978,2,7200,1.00201477502
373109,373119,376032,10,2913,2,7200,1.00343288706
373124,373133,376274,9,3141,2,7200,1.00286532951
373160,373171,376370,11,3199,2,7200,1.00343857455
373178,373189,376287,11,3098,2,7200,1.00355067786
373341,373350,376263,9,2913,2,7200,1.00308959835
373372,373382,376607,10,3225,2,7200,1.00310077519
373386,373395,376580,9,3185,2,7200,1.00282574568
373468,373478,376399,10,2921,2,7200,1.00342348511
373483,373491,376212,8,2721,2,7200,1.00294009555
373498,373504,376527,6,3023,2,7200,1.00198478333
373500,373510,376409,10,2899,2,7200,1.00344946533
373605,373616,376512,11,2896,2,7200,1.00379834254
373720,373729,376501,9,2772,2,7200,1.00324675325
373735,373741,376492,6,2751,2,7200,1.00218102508
373750,373756,376478,6,2722,2,7200,1.00220426157
373751,373763,376749,12,2986,2,7200,1.00401875419
373865,373876,376842,11,2966,2,7200,1.00370869858
373905,373913,376681,8,2768,2,7200,1.00289017341
374013,374022,376782,9,2760,2,7200,1.00326086957
374031,374040,377107,9,3067,2,7200,1.00293446365
374046,374053,376958,7,2905,2,7200,1.00240963855
374077,374083,375032,6,949,1,14400,1.00632244468
374137,374144,377166,7,3022,2,7200,1.00231634679
374151,374158,377019,7,2861,2,7200,1.00244669696
374166,374172,377484,6,3312,2,7200,1.0018115942
374487,374495,377196,8,2701,2,7200,1.00296186598
374488,374500,377183,12,2683,2,7200,1.00447260529
374560,374569,377675,9,3106,2,7200,1.00289761751
374584,374595,377630,11,3035,2,7200,1.00362438221
374909,374921,374924,12,3,12,86400,1.5
374927,374935,374936,8,1,12,86400,1.0
374937,374943,374945,6,2,12,86400,1.0
374940,374956,374962,16,6,12,86400,2.2
374941,374961,374962,20,1,12,86400,2.1
375026,375032,375035,6,3,24,86400,1.0
375073,375079,375892,6,813,1,14400,1.0073800738
375150,375157,384759,7,9602,4,28800,1.00072901479
375162,375169,392123,7,16954,24,86400,1.00041288192
375289,375298,378102,9,2804,2,7200,1.00320970043
375440,375450,378323,10,2873,2,7200,1.00348068221
375461,375469,378302,8,2833,2,7200,1.00282386163
375597,375609,378541,12,2932,2,7200,1.00409276944
375690,375705,378895,15,3190,2,7200,1.00470219436
375729,375737,378976,8,3239,2,7200,1.00246989812
375762,375772,378517,10,2745,2,7200,1.00364298725
375967,375974,377942,7,1968,1,14400,1.00355691057
375979,375989,379056,10,3067,2,7200,1.00326051516
375994,376002,378964,8,2962,2,7200,1.00270087779
376033,376043,378500,10,2457,2,7200,1.00407000407
376048,376055,379000,7,2945,2,7200,1.00237691002
376066,376077,378899,11,2822,2,7200,1.00389794472
376214,376230,379220,16,2990,2,7200,1.00535117057
376266,376275,379316,9,3041,2,7200,1.00295955278
376281,376287,379399,6,3112,2,7200,1.00192802057
376295,376304,379176,9,2872,2,7200,1.00313370474
376326,376334,379294,8,2960,2,7200,1.0027027027
376371,376381,379288,10,2907,2,7200,1.00343997248
376398,376405,383722,7,7317,8,7200,1.00095667623
376401,376411,379179,10,2768,2,7200,1.00361271676
376416,376422,379620,6,3198,2,7200,1.00187617261
376480,376489,379423,9,2934,2,7200,1.00306748466
376495,376504,379358,9,2854,2,7200,1.00315346882
376509,376515,379505,6,2990,2,7200,1.00200668896
376524,376530,379303,6,2773,2,7200,1.0021637216
376539,376546,379698,7,3152,2,7200,1.00222081218
376581,376592,379693,11,3101,2,7200,1.00354724282
376608,376618,379602,10,2984,2,7200,1.00335120643
376684,376693,379607,9,2914,2,7200,1.00308853809
376750,376766,379809,16,3043,2,7200,1.00525796911
376784,376794,379504,10,2710,2,7200,1.0036900369
376844,376854,379925,10,3071,2,7200,1.00325626832
376962,376970,379849,8,2879,2,7200,1.00277874262
377022,377030,379902,8,2872,2,7200,1.00278551532
377078,377085,381438,7,4353,12,21600,1.00160808638
377108,377116,381555,8,4439,12,21600,1.0018022077
377110,377122,379963,12,2841,2,7200,1.00422386484
377167,377177,379953,10,2776,2,7200,1.00360230548
377186,377196,380112,10,2916,2,7200,1.00342935528
377201,377207,380182,6,2975,2,7200,1.00201680672
377487,377497,380590,10,3093,2,7200,1.00323310702
377632,377642,380616,10,2974,2,7200,1.00336247478
377677,377688,380456,11,2768,2,7200,1.00397398844
377957,377963,379582,6,1619,1,14400,1.00370599135
377970,377977,390207,7,12230,12,57600,1.00057236304
378105,378114,380983,9,2869,2,7200,1.00313698153
378304,378316,381653,12,3337,2,7200,1.00359604435
378325,378341,381477,16,3136,2,7200,1.00510204082
378503,378512,381331,9,2819,2,7200,1.0031926215
378518,378529,381744,11,3215,2,7200,1.0034214619
378542,378553,381616,11,3063,2,7200,1.00359125041
378826,381450,393694,2624,12244,12,57600,1.21430904933
378899,378906,381793,7,2887,2,7200,1.00242466228
378914,378920,381857,6,2937,2,7200,1.00204290092
378959,378965,379427,6,462,1,10800,1.01298701299
378965,378975,382137,10,3162,2,7200,1.00316255534
378980,378989,382155,9,3166,2,7200,1.00284270373
379001,379012,381940,11,2928,2,7200,1.0037568306
379059,379068,382076,9,3008,2,7200,1.00299202128
379179,379187,382096,8,2909,2,7200,1.00275008594
379181,379193,382064,12,2871,2,7200,1.00417972832
379223,379231,382268,8,3037,2,7200,1.00263417847
379290,379300,382285,10,2985,2,7200,1.00335008375
379305,379312,382060,7,2748,2,7200,1.00254730713
379306,379323,382627,17,3304,2,7200,1.00514527845
379321,379330,382249,9,2919,2,7200,1.00308324769
379324,379336,389157,12,9821,6,259200,1.0012218715
379337,381568,391680,2231,10112,6,259200,1.2206289557
379360,381573,424781,2213,43208,6,259200,1.05121736715
379360,379369,382263,9,2894,2,7200,1.00310988252
379383,392140,401420,12757,9280,6,259200,2.37467672414
379395,392145,415011,12750,22866,6,259200,1.55759643138
379403,379411,382321,8,2910,2,7200,1.00274914089
379404,392151,457216,12747,65065,6,259200,1.19591178053
379424,379439,382375,15,2936,2,7200,1.00510899183
379487,379493,380297,6,804,1,10800,1.00746268657
379505,379516,382587,11,3071,2,7200,1.00358189515
379520,379529,382630,9,3101,2,7200,1.00290228958
379604,379614,382713,10,3099,2,7200,1.00322684737
379619,379625,382569,6,2944,2,7200,1.00203804348
379634,379641,382552,7,2911,2,7200,1.00240467193
379694,379705,382385,11,2680,2,7200,1.00410447761
379709,379717,382786,8,3069,2,7200,1.00260671228
379812,379820,382804,8,2984,2,7200,1.00268096515
379851,379861,382722,10,2861,2,7200,1.00349528137
379902,379914,383175,12,3261,2,7200,1.00367985281
379926,379937,382861,11,2924,2,7200,1.0037619699
379954,379965,382513,11,2548,2,7200,1.00431711146
379969,379975,382818,6,2843,2,7200,1.00211044671
380114,380124,383038,10,2914,2,7200,1.00343170899
380183,380194,383292,11,3098,2,7200,1.00355067786
380332,380339,380342,7,3,1,36000,1.0
380430,380438,380440,8,2,1,36000,1.0
380458,380467,383321,9,2854,2,7200,1.00315346882
380591,380601,383677,10,3076,2,7200,1.00325097529
380618,380634,383718,16,3084,2,7200,1.00518806744
380620,380626,381751,6,1125,1,10800,1.00533333333
380985,380995,384109,10,3114,2,7200,1.00321130379
381022,381455,741464,433,360009,5,360000,1.00120274771
381332,381342,384261,10,2919,2,7200,1.00342583076
381480,381489,384537,9,3048,2,7200,1.00295275591
381618,381631,384568,13,2937,2,7200,1.00442628533
381655,381664,384579,9,2915,2,7200,1.00308747856
381745,381760,384358,15,2598,2,7200,1.00577367206
381796,381806,384953,10,3147,2,7200,1.00317762949
381859,381870,384889,11,3019,2,7200,1.00364359059
381944,381952,384753,8,2801,2,7200,1.00285612281
382061,382071,384728,10,2657,2,7200,1.00376364321
382076,382083,384614,7,2531,2,7200,1.00276570525
382078,382089,384755,11,2666,2,7200,1.00412603151
382099,382113,384882,14,2769,2,7200,1.00505597689
382138,382149,384851,11,2702,2,7200,1.00407105848
382156,382170,384801,14,2631,2,7200,1.00532117066
382250,382260,385587,10,3327,2,7200,1.00300571085
382265,382274,385233,9,2959,2,7200,1.0030415681
382279,382288,385228,9,2940,2,7200,1.00306122449
382294,382302,385400,8,3098,2,7200,1.00258231117
382325,382333,385365,8,3032,2,7200,1.00263852243
382376,382396,385441,20,3045,2,7200,1.0065681445
382391,382402,385669,11,3267,2,7200,1.00336700337
382514,382524,385385,10,2861,2,7200,1.00349528137
382554,382563,385567,9,3004,2,7200,1.00299600533
382571,382584,385328,13,2744,2,7200,1.00473760933
382589,382598,385613,9,3015,2,7200,1.00298507463
382629,382639,385570,10,2931,2,7200,1.00341180484
382643,382650,385838,7,3188,2,7200,1.002195734
382691,382697,385240,6,2543,1,10800,1.00235941801
382696,391301,391509,8605,208,12,10500,42.3701923077
382716,382725,385805,9,3080,2,7200,1.00292207792
382731,382738,385377,7,2639,2,7200,1.00265251989
382788,382797,385922,9,3125,2,7200,1.00288
382806,382816,385450,10,2634,2,7200,1.00379650721
382821,382831,385579,10,2748,2,7200,1.00363901019
382832,392156,392196,9324,40,1,14400,234.1
382863,382875,386129,12,3254,2,7200,1.0036877689
382945,384776,422443,1831,37667,12,86400,1.04861018929
383041,383049,385990,8,2941,2,7200,1.00272016321
383177,383186,386336,9,3150,2,7200,1.00285714286
383295,383303,386224,8,2921,2,7200,1.00273878809
383322,383332,386230,10,2898,2,7200,1.00345065562
383678,383689,386810,11,3121,2,7200,1.00352451137
383720,383729,387003,9,3274,2,7200,1.00274893097
384112,384121,387098,9,2977,2,7200,1.0030231777
384262,384273,387335,11,3062,2,7200,1.00359242325
384362,384370,387560,8,3190,2,7200,1.00250783699
384539,384548,387657,9,3109,2,7200,1.00289482149
384569,384580,387476,11,2896,2,7200,1.00379834254
384584,384593,387882,9,3289,2,7200,1.00273639404
384618,384625,387837,7,3212,2,7200,1.00217932752
384729,384739,387633,10,2894,2,7200,1.00345542502
384756,384764,387765,8,3001,2,7200,1.00266577807
384758,384771,387765,13,2994,2,7200,1.00434201737
384803,384811,387798,8,2987,2,7200,1.00267827251
384854,384867,387828,13,2961,2,7200,1.00439040865
384884,384897,387951,13,3054,2,7200,1.00425671251
384899,384906,387969,7,3063,2,7200,1.00228534117
384953,384964,388178,11,3214,2,7200,1.00342252645
385232,385244,388160,12,2916,2,7200,1.00411522634
385247,385252,388622,5,3370,2,7200,1.00148367953
385327,385334,387648,7,2314,1,10800,1.00302506482
385331,385340,388128,9,2788,2,7200,1.00322812052
385368,385376,388263,8,2887,2,7200,1.0027710426
385384,385390,388604,6,3214,2,7200,1.00186683261
385399,385405,388290,6,2885,2,7200,1.0020797227
385414,385420,388335,6,2915,2,7200,1.00205831904
385444,385452,388209,8,2757,2,7200,1.00290170475
385459,385466,388110,7,2644,2,7200,1.00264750378
385570,385579,388613,9,3034,2,7200,1.00296638102
385572,385586,388481,14,2895,2,7200,1.00483592401
385587,385593,388513,6,2920,2,7200,1.00205479452
385602,385608,388901,6,3293,2,7200,1.00182204677
385617,385625,388415,8,2790,2,7200,1.00286738351
385671,385680,388759,9,3079,2,7200,1.00292302696
385806,385816,388996,10,3180,2,7200,1.00314465409
385839,385849,388559,10,2710,2,7200,1.0036900369
385924,385935,389124,11,3189,2,7200,1.00344935717
385993,386002,388770,9,2768,2,7200,1.00325144509
386133,386144,389206,11,3062,2,7200,1.00359242325
386192,387650,391274,1458,3624,1,3600,1.40231788079
386196,387655,391285,1459,3630,1,3600,1.40192837466
386199,387661,391272,1462,3611,1,3600,1.40487399612
386204,387666,390026,1462,2360,1,3600,1.61949152542
386208,387684,391206,1476,3522,1,3600,1.41908006814
386211,389170,392775,2959,3605,1,3600,1.82080443828
386214,389175,392816,2961,3641,1,3600,1.8132381214
386216,389180,392788,2964,3608,1,3600,1.82150776053
386220,390224,393859,4004,3635,1,3600,2.1015130674
386224,390229,393851,4005,3622,1,3600,2.1057426836
386226,386236,389124,10,2888,2,7200,1.00346260388
386227,390561,394171,4334,3610,1,3600,2.20055401662
386230,391223,394644,4993,3421,1,3600,2.45951476177
386234,391697,395101,5463,3404,1,3600,2.60487661575
386236,391915,395540,5679,3625,1,3600,2.56662068966
386239,392135,395094,5896,2959,1,3600,2.99256505576
386241,386247,389130,6,2883,2,7200,1.00208116545
386337,386349,389484,12,3135,2,7200,1.0038277512
386813,386822,389746,9,2924,2,7200,1.00307797538
387006,387015,389846,9,2831,2,7200,1.00317908866
387100,387110,389754,10,2644,2,7200,1.00378214826
387338,387347,390100,9,2753,2,7200,1.00326916092
387477,387493,390107,16,2614,2,7200,1.00612088753
387558,387571,390564,13,2993,2,7200,1.00434346809
387560,392161,392450,4601,289,1,18000,16.9204152249
387560,388486,399993,926,11507,16,18000,1.08047275571
387634,387644,390386,10,2742,2,7200,1.00364697301
387658,387673,390569,15,2896,2,7200,1.00517955801
387766,387776,390623,10,2847,2,7200,1.00351246927
387768,387781,390624,13,2843,2,7200,1.00457263454
387801,387810,390792,9,2982,2,7200,1.00301810865
387832,387840,390685,8,2845,2,7200,1.00281195079
387847,387853,390864,6,3011,2,7200,1.00199269346
387886,387895,390925,9,3030,2,7200,1.00297029703
387952,387962,390529,10,2567,2,7200,1.00389559797
387970,387980,390665,10,2685,2,7200,1.00372439479
388112,388121,391304,9,3183,2,7200,1.00282752121
388130,388140,390832,10,2692,2,7200,1.00371471025
388163,388171,391227,8,3056,2,7200,1.00261780105
388181,388194,391022,13,2828,2,7200,1.00459688826
388211,388221,391008,10,2787,2,7200,1.00358808755
388265,388274,391259,9,2985,2,7200,1.00301507538
388292,388302,391051,10,2749,2,7200,1.00363768643
388338,388346,391474,8,3128,2,7200,1.00255754476
388416,388427,391480,11,3053,2,7200,1.00360301343
388483,388492,391266,9,2774,2,7200,1.0032444124
388509,391692,464538,3183,72846,16,180000,1.04369491805
388516,388525,391313,9,2788,2,7200,1.00322812052
388561,388577,391204,16,2627,2,7200,1.00609059764
388606,388615,391597,9,2982,2,7200,1.00301810865
388621,388628,391390,7,2762,2,7200,1.00253439537
388636,388642,391624,6,2982,2,7200,1.00201207243
388763,388771,391940,8,3169,2,7200,1.00252445566
388778,388784,391842,6,3058,2,7200,1.00196206671
388905,388913,392045,8,3132,2,7200,1.00255427842
388998,389007,391866,9,2859,2,7200,1.00314795383
389125,389135,391999,10,2864,2,7200,1.00349162011
389127,389141,391878,14,2737,2,7200,1.00511508951
389141,389148,392065,7,2917,2,7200,1.00239972575
389208,389217,392056,9,2839,2,7200,1.00317013033
389298,389305,395836,7,6531,3,21600,1.00107181136
389487,389499,392421,12,2922,2,7200,1.00410677618
389552,392167,402777,2615,10610,1,25200,1.24646559849
389559,390038,390549,479,511,1,10800,1.9373776908
389625,390219,391903,594,1684,1,7200,1.35273159145
389747,389757,392717,10,2960,2,7200,1.00337837838
389762,389769,392702,7,2933,2,7200,1.00238663484
389847,389857,392687,10,2830,2,7200,1.0035335689
390103,390112,392947,9,2835,2,7200,1.00317460317
390119,390125,393137,6,3012,2,7200,1.00199203187
390387,390397,393137,10,2740,2,7200,1.00364963504
390532,390540,393160,8,2620,2,7200,1.00305343511
390565,390575,393745,10,3170,2,7200,1.00315457413
390579,390586,393580,7,2994,2,7200,1.00233800935
390625,390634,394089,9,3455,2,7200,1.00260492041
390627,390641,393400,14,2759,2,7200,1.00507430228
390667,390677,393690,10,3013,2,7200,1.00331895121
390688,390696,393662,8,2966,2,7200,1.00269723533
390793,390803,393646,10,2843,2,7200,1.00351741119
390833,390843,393900,10,3057,2,7200,1.0032711809
390866,390880,393891,14,3011,2,7200,1.00464961807
390926,390937,393819,11,2882,2,7200,1.00381679389
391011,391020,393721,9,2701,2,7200,1.00333209922
391026,391039,393919,13,2880,2,7200,1.00451388889
391053,391063,394227,10,3164,2,7200,1.00316055626
391205,391216,394513,11,3297,2,7200,1.00333636639
391229,391239,394319,10,3080,2,7200,1.00324675325
391259,391270,394494,11,3224,2,7200,1.00341191067
391274,391285,394244,11,2959,2,7200,1.00371747212
391309,391315,394429,6,3114,2,7200,1.00192678227
391324,391330,394198,6,2868,2,7200,1.00209205021
391394,391403,394357,9,2954,2,7200,1.00304671632
391476,391486,394375,10,2889,2,7200,1.00346140533
391491,391501,394494,10,2993,2,7200,1.0033411293
391599,391609,394806,10,3197,2,7200,1.00312793244
391626,391635,394522,9,2887,2,7200,1.00311742293
391630,391648,393524,18,1876,1,10800,1.00959488273
391845,391853,394703,8,2850,2,7200,1.00280701754
391867,391877,394622,10,2745,2,7200,1.00364298725
391883,391889,394834,6,2945,2,7200,1.00203735144
391943,391953,394815,10,2862,2,7200,1.0034940601
392001,392010,395037,9,3027,2,7200,1.00297324083
392047,392057,394960,10,2903,2,7200,1.00344471237
392062,392069,395071,7,3002,2,7200,1.00233177881
392076,392083,394921,7,2838,2,7200,1.00246652572
392253,393709,393714,1456,5,24,86400,146.1
392424,392433,395121,9,2688,2,7200,1.00334821429
392689,392698,395644,9,2946,2,7200,1.00305498982
392704,392714,396040,10,3326,2,7200,1.00300661455
392719,392728,395720,9,2992,2,7200,1.00300802139
392948,392958,395774,10,2816,2,7200,1.00355113636
392967,393726,398566,759,4840,12,57600,1.15681818182
393138,393150,395985,12,2835,2,7200,1.00423280423
393140,393155,395991,15,2836,2,7200,1.00528913963
393161,393176,396179,15,3003,2,7200,1.004995005
393402,393411,396252,9,2841,2,7200,1.00316789863
393455,393536,393826,81,290,1,18000,1.27931034483
393455,393731,400007,276,6276,16,18000,1.04397705545
393583,393591,396337,8,2746,2,7200,1.00291332848
393650,393658,396715,8,3057,2,7200,1.00261694472
393665,393673,396654,8,2981,2,7200,1.0026836632
393692,393701,396714,9,3013,2,7200,1.00298705609
393722,393737,396349,15,2612,2,7200,1.00574272588
393746,393757,396789,11,3032,2,7200,1.00362796834
393823,393832,396736,9,2904,2,7200,1.00309917355
393837,393844,393845,7,1,1,18000,1.0
393854,394656,394657,802,1,1,18000,80.3
393854,393860,393861,6,1,1,18000,1.0
393855,394730,394733,875,3,1,18000,87.8
393892,393902,396903,10,3001,2,7200,1.00333222259
393907,393913,397011,6,3098,2,7200,1.00193673338
393922,393930,396873,8,2943,2,7200,1.00271831464
394051,394184,394720,133,536,1,14400,1.24813432836
394091,394101,397008,10,2907,2,7200,1.00343997248
394175,397437,404767,3262,7330,8,7200,1.44502046385
394200,394211,397265,11,3054,2,7200,1.00360183366
394228,394238,397163,10,2925,2,7200,1.00341880342
394245,394255,397223,10,2968,2,7200,1.00336927224
394321,394331,397396,10,3065,2,7200,1.00326264274
394361,394368,397292,7,2924,2,7200,1.00239398085
394376,394386,397400,10,3014,2,7200,1.00331785003
394430,394440,397251,10,2811,2,7200,1.00355745286
394497,394510,397177,13,2667,2,7200,1.0048743907
394498,394516,397511,18,2995,2,7200,1.00601001669
394517,394528,397920,11,3392,2,7200,1.00324292453
394532,394540,397332,8,2792,2,7200,1.00286532951
394598,398584,399829,3986,1245,12,57600,4.2016064257
394625,394635,397436,10,2801,2,7200,1.00357015352
394704,394714,397914,10,3200,2,7200,1.003125
394807,394817,397797,10,2980,2,7200,1.0033557047
394822,394828,397840,6,3012,2,7200,1.00199203187
394837,394845,397943,8,3098,2,7200,1.00258231117
394924,394933,397903,9,2970,2,7200,1.00303030303
394961,394972,397610,11,2638,2,7200,1.00416982563
395040,395048,398114,8,3066,2,7200,1.00260926288
395074,395084,398057,10,2973,2,7200,1.00336360579
395123,395133,397800,10,2667,2,7200,1.00374953131
395647,395655,398547,8,2892,2,7200,1.00276625173
395724,395732,398557,8,2825,2,7200,1.00283185841
395763,395769,406279,6,10510,4,36000,1.00057088487
395775,395797,398588,22,2791,2,7200,1.0078824794
395986,395997,399338,11,3341,2,7200,1.00329242742
396001,396007,399358,6,3351,2,7200,1.0017905103
396043,396051,399104,8,3053,2,7200,1.0026203734
396182,396190,398858,8,2668,2,7200,1.00299850075
396255,396269,399136,14,2867,2,7200,1.00488315312
396339,396348,399127,9,2779,2,7200,1.00323857503
396354,396360,399308,6,2948,2,7200,1.00203527815
396656,396666,399411,10,2745,2,7200,1.00364298725
396717,396725,399869,8,3144,2,7200,1.00254452926
396719,396732,399632,13,2900,2,7200,1.00448275862
396737,396747,399732,10,2985,2,7200,1.00335008375
396792,396802,399767,10,2965,2,7200,1.00337268128
396877,396885,399902,8,3017,2,7200,1.0026516407
396904,396914,400021,10,3107,2,7200,1.00321853878
397009,397019,399679,10,2660,2,7200,1.0037593985
397025,397033,400280,8,3247,2,7200,1.00246381275
397167,397174,400131,7,2957,2,7200,1.00236726412
397181,397188,400179,7,2991,2,7200,1.0023403544
397224,397234,400286,10,3052,2,7200,1.00327653997
397254,397263,400126,9,2863,2,7200,1.00314355571
397269,397277,400177,8,2900,2,7200,1.00275862069
397296,397304,400071,8,2767,2,7200,1.00289121793
397335,397344,399943,9,2599,2,7200,1.00346287033
397398,397408,399985,10,2577,2,7200,1.00388048118
397413,397419,400224,6,2805,2,7200,1.00213903743
397437,397447,400093,10,2646,2,7200,1.00377928949
397513,397523,400523,10,3000,2,7200,1.00333333333
397613,397621,400390,8,2769,2,7200,1.00288912965
397712,400005,470190,2293,70185,6,115200,1.0326707986
397800,397809,400856,9,3047,2,7200,1.00295372498
397802,397816,400723,14,2907,2,7200,1.00481596147
397827,400010,400595,2183,585,4,36000,4.73162393162
397841,397852,400869,11,3017,2,7200,1.00364600597
397905,397915,400685,10,2770,2,7200,1.0036101083
397920,397929,401121,9,3192,2,7200,1.00281954887
397935,397942,400488,7,2546,2,7200,1.00274941084
397949,397956,400804,7,2848,2,7200,1.00245786517
398061,398069,400930,8,2861,2,7200,1.0027962251
398115,398125,401193,10,3068,2,7200,1.00325945241
398550,398560,401440,10,2880,2,7200,1.00347222222
398565,398571,401578,6,3007,2,7200,1.0019953442
398590,398599,401336,9,2737,2,7200,1.00328827183
398858,398873,401873,15,3000,2,7200,1.005
398992,399169,402843,177,3674,1,3600,1.04817637452
399106,399115,401873,9,2758,2,7200,1.00326323423
399130,399138,401873,8,2735,2,7200,1.0029250457
399145,399151,401873,6,2722,2,7200,1.00220426157
399148,399845,404189,697,4344,12,21600,1.16045119705
399310,399319,401873,9,2554,2,7200,1.0035238841
399341,399349,401873,8,2524,2,7200,1.00316957211
399359,399369,401873,10,2504,2,7200,1.00399361022
399413,399422,401873,9,2451,2,7200,1.00367197062
399633,399648,401873,15,2225,2,7200,1.00674157303
399682,399690,401873,8,2183,2,7200,1.00366468163
399733,399743,401873,10,2130,2,7200,1.00469483568
399769,399779,401873,10,2094,2,7200,1.00477554919
399872,399882,401873,10,1991,2,7200,1.00502260171
399905,399914,401873,9,1959,2,7200,1.0045941807
399944,399954,401873,10,1919,2,7200,1.00521104742
399987,399996,401873,9,1877,2,7200,1.00479488546
400024,400033,401873,9,1840,2,7200,1.00489130435
400073,400082,401876,9,1794,2,7200,1.00501672241
400094,400104,401876,10,1772,2,7200,1.00564334086
400127,400137,401876,10,1739,2,7200,1.00575043128
400142,400148,401876,6,1728,2,7200,1.00347222222
400181,400188,401876,7,1688,2,7200,1.00414691943
400183,400195,401876,12,1681,2,7200,1.00713860797
400225,400238,401876,13,1638,2,7200,1.00793650794
400282,400293,401876,11,1583,2,7200,1.00694883133
400297,400307,401876,10,1569,2,7200,1.0063734863
400376,400383,407612,7,7229,1,7200,1.00096832204
400391,400402,401876,11,1474,2,7200,1.00746268657
400490,400499,401877,9,1378,2,7200,1.00653120464
400523,400534,401877,11,1343,2,7200,1.00819061802
400687,400696,401877,9,1181,2,7200,1.00762066046
400726,400735,401877,9,1142,2,7200,1.00788091068
400805,400815,401877,10,1062,2,7200,1.00941619586
400859,400867,401877,8,1010,2,7200,1.00792079208
400874,400880,401877,6,997,2,7200,1.00601805416
400931,400941,401877,10,936,2,7200,1.01068376068
401125,401132,401877,7,745,2,7200,1.00939597315
401156,401164,419190,8,18026,16,18000,1.0004438034
401157,401169,401458,12,289,1,18000,1.04152249135
401194,401204,401877,10,673,2,7200,1.01485884101
401339,401348,401877,9,529,2,7200,1.01701323251
401442,401451,401877,9,426,2,7200,1.02112676056
401549,401556,419591,7,18035,16,18000,1.00038813418
401549,401561,401850,12,289,1,18000,1.04152249135
401581,401590,401877,9,287,2,7200,1.03135888502
401882,401896,401897,14,1,1,18000,1.5
401882,401901,401903,19,2,1,18000,2.1
401883,401937,401939,54,2,1,18000,5.6
401883,401942,401943,59,1,1,18000,6.0
401883,401924,401925,41,1,1,18000,4.2
402011,402017,404986,6,2969,2,7200,1.00202088245
402012,402024,405226,12,3202,2,7200,1.00374765771
402013,402030,405125,17,3095,2,7200,1.00549273021
402015,402035,405071,20,3036,2,7200,1.00658761528
402016,402041,405139,25,3098,2,7200,1.0080697224
402017,402046,405001,29,2955,2,7200,1.00981387479
402019,402052,404940,33,2888,2,7200,1.0114265928
402020,402058,405309,38,3251,2,7200,1.01168871117
402022,402063,405094,41,3031,2,7200,1.01352688882
402023,402069,405277,46,3208,2,7200,1.01433915212
402024,402074,405130,50,3056,2,7200,1.01636125654
402026,402079,405240,53,3161,2,7200,1.01676684593
402027,402085,405296,58,3211,2,7200,1.01806290875
402029,402090,405223,61,3133,2,7200,1.0194701564
402030,402096,405151,66,3055,2,7200,1.02160392799
402032,402101,405194,69,3093,2,7200,1.02230843841
402033,402106,405123,73,3017,2,7200,1.02419622141
402035,402112,405151,77,3039,2,7200,1.025337282
402036,402117,404955,81,2838,2,7200,1.02854122622
402038,402122,405229,84,3107,2,7200,1.02703572578
402039,402128,405231,89,3103,2,7200,1.02868192072
402040,402133,405146,93,3013,2,7200,1.03086624627
402042,402139,405275,97,3136,2,7200,1.03093112245
402043,402144,404918,101,2774,2,7200,1.03640951694
402045,402149,405064,104,2915,2,7200,1.03567753002
402046,402155,405355,109,3200,2,7200,1.0340625
402048,402161,405161,113,3000,2,7200,1.03766666667
402049,402167,404981,118,2814,2,7200,1.04193319119
402050,402172,405174,122,3002,2,7200,1.04063957362
402052,402178,405245,126,3067,2,7200,1.04108249103
402053,402183,405118,130,2935,2,7200,1.04429301533
402055,402189,405359,134,3170,2,7200,1.04227129338
402056,402194,405032,138,2838,2,7200,1.04862579281
402058,402199,405172,141,2973,2,7200,1.04742684157
402059,402205,405398,146,3193,2,7200,1.04572502349
402061,402210,405153,149,2943,2,7200,1.05062861026
402062,402216,405170,154,2954,2,7200,1.05213270142
402063,402221,405118,158,2897,2,7200,1.05453917846
402065,402227,405289,162,3062,2,7200,1.052906597
402066,402232,404912,166,2680,2,7200,1.06194029851
402128,420767,420929,18639,162,6,259200,116.055555556
402188,420942,421172,18754,230,6,259200,82.5391304348
402222,421173,421333,18951,160,6,259200,119.44375
402234,421179,421416,18945,237,6,259200,80.9367088608
402531,406291,455240,3760,48949,24,86400,1.07681464381
403149,403155,403654,6,499,1,3600,1.0120240481
403225,403233,406847,8,3614,1,3600,1.00221361372
403229,403241,406862,12,3621,1,3600,1.00331400166
403232,403246,406859,14,3613,1,3600,1.00387489621
403234,403252,406889,18,3637,1,3600,1.0049491339
403239,403258,406863,19,3605,1,3600,1.0052704577
403243,403665,407296,422,3631,1,3600,1.1162214266
403247,406863,410492,3616,3629,1,3600,1.99641774594
403251,406871,410504,3620,3633,1,3600,1.99642169006
403254,406878,410507,3624,3629,1,3600,1.99862220998
403259,406883,410508,3624,3625,1,3600,1.99972413793
403264,406907,410534,3643,3627,1,3600,2.00441135925
403268,407308,410941,4040,3633,1,3600,2.11202862648
403272,407624,411252,4352,3628,1,3600,2.19955898567
403276,410504,414137,7228,3633,1,3600,2.9895403248
403281,410519,414153,7238,3634,1,3600,2.99174463401
403284,410525,414148,7241,3623,1,3600,2.99861992824
403287,410530,414153,7243,3623,1,3600,2.99917195694
403291,410551,414179,7260,3628,1,3600,3.00110253583
403299,410955,412745,7656,1790,1,3600,5.27709497207
403302,411272,413058,7970,1786,1,3600,5.46248600224
403304,412757,414786,9453,2029,1,3600,5.65894529325
403307,413076,414707,9769,1631,1,3600,6.98957694666
403309,414154,415877,10845,1723,1,3600,7.29425420778
403312,414166,415878,10854,1712,1,3600,7.33995327103
403314,414184,415851,10870,1667,1,3600,7.52069586083
403316,414189,415942,10873,1753,1,3600,7.20250998289
403319,414201,415957,10882,1756,1,3600,7.19703872437
403322,414720,416835,11398,2115,1,3600,6.38912529551
403324,414798,416746,11474,1948,1,3600,6.89014373717
403327,419207,420823,15880,1616,1,3600,10.8267326733
403330,419608,421316,16278,1708,1,3600,10.5304449649
403333,419614,421562,16281,1948,1,3600,9.35780287474
403335,419619,421479,16284,1860,1,3600,9.75483870968
403338,419625,421259,16287,1634,1,3600,10.9675642595
403341,419630,421451,16289,1821,1,3600,9.94508511807
403343,419636,421412,16293,1776,1,3600,10.1739864865
403346,419641,421396,16295,1755,1,3600,10.2849002849
403349,419647,421500,16298,1853,1,3600,9.79546681058
403352,419652,421686,16300,2034,1,3600,9.01376597837
403354,419657,421431,16303,1774,1,3600,10.1899661781
403357,419663,421643,16306,1980,1,3600,9.23535353535
403359,419668,421916,16309,2248,1,3600,8.25489323843
403362,420516,422353,17154,1837,1,3600,10.3380511704
403365,420521,422289,17156,1768,1,3600,10.7036199095
403368,420848,422659,17480,1811,1,3600,10.6521258973
403848,419603,420755,15755,1152,4,36000,14.6762152778
403907,422201,436635,18294,14434,1,14400,2.26742413745
404387,404394,404514,7,120,1,1200,1.05833333333
404545,422207,436623,17662,14416,1,14400,2.22516648169
404755,422212,422501,17457,289,1,18000,61.4048442907
404755,419201,437235,14446,18034,16,18000,1.80104247532
404913,404923,407853,10,2930,2,7200,1.00341296928
404927,404933,408147,6,3214,2,7200,1.00186683261
404942,404952,408044,10,3092,2,7200,1.00323415265
404957,404967,408000,10,3033,2,7200,1.00329706561
404984,404996,408109,12,3113,2,7200,1.00385480244
404999,405011,407902,12,2891,2,7200,1.00415081287
405014,405021,407992,7,2971,2,7200,1.00235610905
405035,405043,408035,8,2992,2,7200,1.00267379679
405068,405077,408044,9,2967,2,7200,1.00303336704
405083,405089,407951,6,2862,2,7200,1.00209643606
405098,405107,408302,9,3195,2,7200,1.00281690141
405119,405130,408136,11,3006,2,7200,1.00365934797
405121,405135,408384,14,3249,2,7200,1.00430901816
405136,405148,408111,12,2963,2,7200,1.00404994938
405137,405154,408323,17,3169,2,7200,1.00536446829
405139,405159,408232,20,3073,2,7200,1.00650829808
405155,405166,408138,11,2972,2,7200,1.00370121131
405156,405171,408053,15,2882,2,7200,1.00520471895
405157,405176,408173,19,2997,2,7200,1.00633967301
405159,405182,408129,23,2947,2,7200,1.007804547
405160,405195,408010,35,2815,2,7200,1.01243339254
405176,405200,408054,24,2854,2,7200,1.00840925018
405178,405206,408244,28,3038,2,7200,1.00921658986
405179,405211,408104,32,2893,2,7200,1.01106118216
405180,405216,408287,36,3071,2,7200,1.01172256594
405195,405229,408327,34,3098,2,7200,1.01097482247
405226,405247,408058,21,2811,2,7200,1.00747065101
405242,405259,408160,17,2901,2,7200,1.00586004826
405243,405265,408370,22,3105,2,7200,1.00708534622
405244,405270,408199,26,2929,2,7200,1.00887674974
405246,405276,408407,30,3131,2,7200,1.00958160332
405261,405288,408135,27,2847,2,7200,1.00948366702
405276,405293,408374,17,3081,2,7200,1.00551768906
405291,405299,408522,8,3223,2,7200,1.00248215948
405293,405307,408413,14,3106,2,7200,1.00450740502
405308,405315,408195,7,2880,2,7200,1.00243055556
405322,405329,408251,7,2922,2,7200,1.00239561944
405356,405367,408344,11,2977,2,7200,1.00369499496
405371,405377,408359,6,2982,2,7200,1.00201207243
405398,405409,408456,11,3047,2,7200,1.0036101083
407267,421408,457442,14141,36034,1,36000,1.39243492257
407352,422217,437246,14865,15029,1,36000,1.98908776366
407479,421435,493468,13956,72033,1,72000,1.19374453376
407854,407864,410831,10,2967,2,7200,1.00337040782
407905,407913,410780,8,2867,2,7200,1.00279037321
407952,407962,410925,10,2963,2,7200,1.00337495781
407995,408003,410872,8,2869,2,7200,1.00278842802
408010,408016,411134,6,3118,2,7200,1.00192431046
408024,408031,410905,7,2874,2,7200,1.00243562978
408039,408048,410934,9,2886,2,7200,1.00311850312
408055,408061,411270,6,3209,2,7200,1.00186974135
408057,408069,411130,12,3061,2,7200,1.00392028749
408058,408074,411105,16,3031,2,7200,1.00527878588
408059,408079,411139,20,3060,2,7200,1.00653594771
408074,408087,411149,13,3062,2,7200,1.00424559112
408108,408115,411019,7,2904,2,7200,1.00241046832
408122,408129,411060,7,2931,2,7200,1.00238826339
408124,408136,411152,12,3016,2,7200,1.00397877984
408140,408146,411239,6,3093,2,7200,1.00193986421
408141,408154,411290,13,3136,2,7200,1.00414540816
408142,408159,411004,17,2845,2,7200,1.00597539543
408144,408164,410963,20,2799,2,7200,1.00714540907
408159,408177,411253,18,3076,2,7200,1.00585175553
408174,408188,411208,14,3020,2,7200,1.00463576159
408175,408194,411212,19,3018,2,7200,1.00629555997
408196,408217,411036,21,2819,2,7200,1.00744945016
408211,408223,411322,12,3099,2,7200,1.00387221684
408235,408243,411422,8,3179,2,7200,1.00251651463
408238,416762,421162,8524,4400,12,21600,2.93727272727
408250,408256,411492,6,3236,2,7200,1.00185414091
408265,408271,411218,6,2947,2,7200,1.00203596878
408289,408305,411477,16,3172,2,7200,1.00504413619
408304,408314,411480,10,3166,2,7200,1.0031585597
408325,408334,411416,9,3082,2,7200,1.0029201817
408340,408348,411495,8,3147,2,7200,1.00254210359
408355,408360,411391,5,3031,2,7200,1.00164962059
408370,408376,411394,6,3018,2,7200,1.00198807157
408385,408391,411550,6,3159,2,7200,1.00189933523
408386,408399,411292,13,2893,2,7200,1.00449360525
408388,408404,411521,16,3117,2,7200,1.00513314084
408408,408419,411409,11,2990,2,7200,1.00367892977
408423,408430,411495,7,3065,2,7200,1.00228384992
408457,408467,411372,10,2905,2,7200,1.00344234079
408523,408536,411600,13,3064,2,7200,1.00424281984
410783,410792,413873,9,3081,2,7200,1.0029211295
410834,410843,413762,9,2919,2,7200,1.00308324769
410873,410883,413942,10,3059,2,7200,1.00326904217
410906,410916,413832,10,2916,2,7200,1.00342935528
410927,410937,413958,10,3021,2,7200,1.0033101622
410942,410948,414150,6,3202,2,7200,1.00187382886
410966,410975,414143,9,3168,2,7200,1.00284090909
411005,411015,414223,10,3208,2,7200,1.00311720698
411020,411031,413997,11,2966,2,7200,1.00370869858
411037,411047,414030,10,2983,2,7200,1.00335232987
411062,411072,414226,10,3154,2,7200,1.00317057705
411107,411117,414356,10,3239,2,7200,1.00308737265
411134,411142,414269,8,3127,2,7200,1.00255836265
411135,411149,414189,14,3040,2,7200,1.00460526316
411152,411158,414276,6,3118,2,7200,1.00192431046
411153,411165,414333,12,3168,2,7200,1.00378787879
411168,411179,414260,11,3081,2,7200,1.00357026939
411210,411219,414243,9,3024,2,7200,1.00297619048
411225,411234,414380,9,3146,2,7200,1.00286077559
411226,411240,414352,14,3112,2,7200,1.00449871465
411241,411250,414146,9,2896,2,7200,1.00310773481
411256,411267,414333,11,3066,2,7200,1.00358773646
411271,411286,414227,15,2941,2,7200,1.00510030602
411272,421186,421359,9914,173,6,259200,58.3063583815
411287,421345,421618,10058,273,6,259200,37.8424908425
411292,411301,414342,9,3041,2,7200,1.00295955278
411301,421371,421542,10070,171,6,259200,59.8888888889
411307,411313,414484,6,3171,2,7200,1.00189214759
411313,421430,421707,10117,277,6,259200,37.523465704
411325,411334,414505,9,3171,2,7200,1.00283822138
411376,411384,414431,8,3047,2,7200,1.00262553331
411389,421491,421661,10102,170,6,259200,60.4235294118
411394,411410,414498,16,3088,2,7200,1.00518134715
411395,411416,414457,21,3041,2,7200,1.00690562315
411410,411422,414361,12,2939,2,7200,1.00408302144
411425,411432,414625,7,3193,2,7200,1.00219229565
411427,411439,414700,12,3261,2,7200,1.00367985281
411444,421554,421897,10110,343,6,259200,30.4752186589
411455,421630,421793,10175,163,6,259200,63.4233128834
411466,421673,422018,10207,345,6,259200,30.5855072464
411478,411489,414561,11,3072,2,7200,1.00358072917
411494,411503,414317,9,2814,2,7200,1.00319829424
411495,411509,414764,14,3255,2,7200,1.00430107527
411510,411528,414533,18,3005,2,7200,1.00599001664
411512,411534,414637,22,3103,2,7200,1.00708991299
411526,411540,414663,14,3123,2,7200,1.00448286904
411553,411562,414715,9,3153,2,7200,1.00285442436
411564,421718,421890,10154,172,6,259200,60.0348837209
411575,421806,422083,10231,277,6,259200,37.9350180505
411597,421903,422080,10306,177,6,259200,59.2259887006
411602,411611,414645,9,3034,2,7200,1.00296638102
411607,421910,422184,10303,274,6,259200,38.602189781
411706,422030,422193,10324,163,6,259200,64.3374233129
411719,422091,422434,10372,343,6,259200,31.2390670554
411732,422098,422262,10366,164,6,259200,64.2073170732
411761,422196,422536,10435,340,6,259200,31.6911764706
413765,413773,416848,8,3075,2,7200,1.00260162602
413834,413843,416746,9,2903,2,7200,1.00310024113
413873,413884,417014,11,3130,2,7200,1.003514377
413943,413953,417019,10,3066,2,7200,1.0032615786
413961,413975,416966,14,2991,2,7200,1.00468070879
414000,414012,417025,12,3013,2,7200,1.00398274145
414030,414042,417009,12,2967,2,7200,1.00404448938
414144,414160,417521,16,3361,2,7200,1.00476048795
414159,414173,417099,14,2926,2,7200,1.004784689
414161,414178,417366,17,3188,2,7200,1.00533249686
414191,414207,417157,16,2950,2,7200,1.00542372881
414224,414236,417262,12,3026,2,7200,1.0039656312
414239,414245,417435,6,3190,2,7200,1.00188087774
414241,414252,417096,11,2844,2,7200,1.00386779184
414256,414262,417223,6,2961,2,7200,1.00202634245
414270,414277,417461,7,3184,2,7200,1.00219849246
414272,414284,417234,12,2950,2,7200,1.00406779661
414287,414298,417190,11,2892,2,7200,1.00380359613
414320,414329,417495,9,3166,2,7200,1.00284270373
414335,414345,417435,10,3090,2,7200,1.00323624595
414336,414350,417360,14,3010,2,7200,1.00465116279
414351,414357,417417,6,3060,2,7200,1.00196078431
414367,414379,417804,12,3425,2,7200,1.00350364964
414368,414384,417400,16,3016,2,7200,1.00530503979
414370,414389,417535,19,3146,2,7200,1.00603941513
414384,414396,417453,12,3057,2,7200,1.00392541708
414433,414442,417525,9,3083,2,7200,1.00291923451
414460,414468,417607,8,3139,2,7200,1.00254858235
414487,414495,417685,8,3190,2,7200,1.00250783699
414502,414509,417548,7,3039,2,7200,1.00230338927
414516,414523,417208,7,2685,2,7200,1.00260707635
414534,414545,417525,11,2980,2,7200,1.00369127517
414565,414573,417882,8,3309,2,7200,1.00241764884
414628,414637,417736,9,3099,2,7200,1.00290416263
414643,414652,417799,9,3147,2,7200,1.00285986654
414657,414665,417740,8,3075,2,7200,1.00260162602
414672,414678,417802,6,3124,2,7200,1.0019206146
414702,414711,417752,9,3041,2,7200,1.00295955278
414717,414726,417930,9,3204,2,7200,1.00280898876
414765,414776,417585,11,2809,2,7200,1.00391598434
415021,421442,429334,6421,7892,1,72000,1.81360871769
415080,422223,494252,7143,72029,1,72000,1.09916839051
415211,422251,422254,7040,3,1,72000,704.3
415481,422256,425865,6775,3609,1,72000,2.87725131615
416748,416757,419983,9,3226,2,7200,1.00278983261
416850,416863,419895,13,3032,2,7200,1.00428759894
416967,416977,420093,10,3116,2,7200,1.00320924262
417013,417027,419980,14,2953,2,7200,1.00474094142
417028,417035,420062,7,3027,2,7200,1.00231252065
417029,417041,420172,12,3131,2,7200,1.00383264133
417031,417047,420455,16,3408,2,7200,1.00469483568
417097,417110,420097,13,2987,2,7200,1.00435219284
417112,417118,420238,6,3120,2,7200,1.00192307692
417160,417168,420197,8,3029,2,7200,1.00264113569
417193,417201,420259,8,3058,2,7200,1.00261608895
417211,417220,420573,9,3353,2,7200,1.00268416344
417225,417234,420172,9,2938,2,7200,1.00306330837
417240,417251,420106,11,2855,2,7200,1.00385288967
417264,417279,420306,15,3027,2,7200,1.00495540139
417364,417372,420496,8,3124,2,7200,1.00256081946
417379,417407,420590,28,3183,2,7200,1.00879673264
417403,417488,420289,85,2801,2,7200,1.03034630489
417417,417494,420560,77,3066,2,7200,1.02511415525
417439,417499,420600,60,3101,2,7200,1.01934859723
417440,417504,420436,64,2932,2,7200,1.02182810368
417455,417510,420395,55,2885,2,7200,1.01906412478
417470,417515,420509,45,2994,2,7200,1.01503006012
417497,417523,420655,26,3132,2,7200,1.00830140485
417515,417532,420576,17,3044,2,7200,1.0055847569
417530,417540,420584,10,3044,2,7200,1.00328515112
417531,417545,420572,14,3027,2,7200,1.0046250413
417546,417552,420796,6,3244,2,7200,1.00184956843
417561,417567,420648,6,3081,2,7200,1.00194741967
417588,417596,420825,8,3229,2,7200,1.00247754723
417609,417618,420533,9,2915,2,7200,1.00308747856
417688,417696,420648,8,2952,2,7200,1.0027100271
417739,417748,420970,9,3222,2,7200,1.00279329609
417754,417760,420777,6,3017,2,7200,1.00198873053
417756,417767,420863,11,3096,2,7200,1.00355297158
417801,417810,420656,9,2846,2,7200,1.0031623331
417816,417822,420904,6,3082,2,7200,1.0019467878
417817,417829,420940,12,3111,2,7200,1.00385728062
417884,417893,420996,9,3103,2,7200,1.00290041895
417932,417942,421101,10,3159,2,7200,1.00316555872
419897,419906,422984,9,3078,2,7200,1.00292397661
419981,419991,423219,10,3228,2,7200,1.00309789343
419995,420002,423127,7,3125,2,7200,1.00224
420065,420074,423051,9,2977,2,7200,1.0030231777
420095,420106,423132,11,3026,2,7200,1.00363516193
420110,420116,423149,6,3033,2,7200,1.00197823937
420111,420122,423141,11,3019,2,7200,1.00364359059
420175,420185,423138,10,2953,2,7200,1.00338638673
420176,420191,423112,15,2921,2,7200,1.00513522766
420201,420226,423188,25,2962,2,7200,1.00844024308
420240,420253,423379,13,3126,2,7200,1.00415866923
420261,420271,423368,10,3097,2,7200,1.00322893122
420291,420300,423327,9,3027,2,7200,1.00297324083
420309,420318,423537,9,3219,2,7200,1.00279589935
420396,420406,423517,10,3111,2,7200,1.00321440051
420438,420449,423285,11,2836,2,7200,1.0038787024
420457,420466,423496,9,3030,2,7200,1.00297029703
420499,420508,423797,9,3289,2,7200,1.00273639404
420514,420527,423857,13,3330,2,7200,1.0039039039
420517,422262,424833,1745,2571,1,36000,1.67872423182
420535,420545,423921,10,3376,2,7200,1.00296208531
420562,420571,423499,9,2928,2,7200,1.00307377049
420578,420585,423436,7,2851,2,7200,1.00245527885
420579,420591,423721,12,3130,2,7200,1.00383386581
420581,420598,423515,17,2917,2,7200,1.00582790538
420596,420604,423866,8,3262,2,7200,1.00245248314
420597,420610,423699,13,3089,2,7200,1.00420848171
420612,420618,423809,6,3191,2,7200,1.00188028831
420651,420659,423598,8,2939,2,7200,1.00272201429
420653,420665,423706,12,3041,2,7200,1.00394607037
420668,420674,423828,6,3154,2,7200,1.00190234623
420669,420681,424081,12,3400,2,7200,1.00352941176
420781,420789,423883,8,3094,2,7200,1.00258564964
420799,420807,423864,8,3057,2,7200,1.00261694472
420825,420843,423965,18,3122,2,7200,1.00576553491
420865,420877,423626,12,2749,2,7200,1.00436522372
420907,420916,424097,9,3181,2,7200,1.00282929896
420943,420952,423922,9,2970,2,7200,1.00303030303
420973,420982,424150,9,3168,2,7200,1.00284090909
420997,421008,424118,11,3110,2,7200,1.00353697749
421103,421112,424273,9,3161,2,7200,1.00284720025
422335,422365,478396,30,56031,12,57600,1.00053541789
422504,422511,478536,7,56025,12,86400,1.00012494422
422986,422998,426001,12,3003,2,7200,1.003996004
423052,423063,426032,11,2969,2,7200,1.00370495116
423113,423123,426228,10,3105,2,7200,1.00322061192
423128,423139,426219,11,3080,2,7200,1.00357142857
423144,423150,426387,6,3237,2,7200,1.00185356812
423145,423157,425888,12,2731,2,7200,1.00439399487
423147,423162,426229,15,3067,2,7200,1.00489077274
423161,423168,426027,7,2859,2,7200,1.00244840853
423191,423201,426052,10,2851,2,7200,1.00350754121
423222,423230,426172,8,2942,2,7200,1.00271923861
423288,423296,426330,8,3034,2,7200,1.00263678312
423330,423339,426328,9,2989,2,7200,1.00301104048
423369,423380,426328,11,2948,2,7200,1.00373134328
423384,423390,426457,6,3067,2,7200,1.0019563091
423438,423447,426744,9,3297,2,7200,1.00272975432
423499,423509,426717,10,3208,2,7200,1.00311720698
423514,423527,426443,13,2916,2,7200,1.00445816187
423529,423539,426545,10,3006,2,7200,1.00332667997
423530,423544,426418,14,2874,2,7200,1.00487125957
423545,423552,426750,7,3198,2,7200,1.00218886804
423600,423616,426678,16,3062,2,7200,1.00522534291
423630,423638,426480,8,2842,2,7200,1.00281491907
423702,423712,426664,10,2952,2,7200,1.00338753388
423716,423722,426955,6,3233,2,7200,1.00185586143
423731,423737,426835,6,3098,2,7200,1.00193673338
423801,423809,426835,8,3026,2,7200,1.00264375413
423815,423822,426910,7,3088,2,7200,1.00226683938
423830,423841,426914,11,3073,2,7200,1.00357956394
423860,423870,426810,10,2940,2,7200,1.00340136054
423875,423882,426973,7,3091,2,7200,1.00226463928
423877,423889,426990,12,3101,2,7200,1.00386971945
423892,423898,427241,6,3343,2,7200,1.00179479509
423922,423933,427043,11,3110,2,7200,1.00353697749
423924,423938,427101,14,3163,2,7200,1.00442617768
423966,423977,426929,11,2952,2,7200,1.00372628726
424084,424093,427290,9,3197,2,7200,1.00281513919
424098,424108,427199,10,3091,2,7200,1.00323519896
424119,424129,427473,10,3344,2,7200,1.00299043062
424152,424163,427387,11,3224,2,7200,1.00341191067
424273,424284,427300,11,3016,2,7200,1.00364721485
425891,425899,428893,8,2994,2,7200,1.00267201069
426002,426012,429314,10,3302,2,7200,1.0030284676
426029,426038,429146,9,3108,2,7200,1.0028957529
426044,426050,429187,6,3137,2,7200,1.0019126554
426059,426065,429299,6,3234,2,7200,1.00185528757
426173,426183,429066,10,2883,2,7200,1.00346860909
426221,426230,429306,9,3076,2,7200,1.00292587776
426236,426242,429193,6,2951,2,7200,1.00203320908
426237,426248,429524,11,3276,2,7200,1.00335775336
426331,426344,429265,13,2921,2,7200,1.00445053064
426332,426349,429608,17,3259,2,7200,1.00521632403
426334,426354,429443,20,3089,2,7200,1.00647458725
426388,426399,429562,11,3163,2,7200,1.00347771103
426421,426430,429735,9,3305,2,7200,1.00272314675
426445,426454,429600,9,3146,2,7200,1.00286077559
426460,426468,429393,8,2925,2,7200,1.00273504274
426481,426492,429506,11,3014,2,7200,1.00364963504
426547,426556,429702,9,3146,2,7200,1.00286077559
426665,426676,429832,11,3156,2,7200,1.00348542459
426680,426689,429801,9,3112,2,7200,1.00289203085
426719,426729,429864,10,3135,2,7200,1.00318979266
426746,426756,430056,10,3300,2,7200,1.00303030303
426761,426769,429809,8,3040,2,7200,1.00263157895
426812,426821,429988,9,3167,2,7200,1.00284180613
426837,426847,429943,10,3096,2,7200,1.00322997416
426838,426852,430117,14,3265,2,7200,1.00428790199
426911,426922,429918,11,2996,2,7200,1.00367156208
426925,426932,430183,7,3251,2,7200,1.00215318364
426940,426947,429916,7,2969,2,7200,1.00235769619
426958,426966,430327,8,3361,2,7200,1.00238024398
426976,426996,430061,20,3065,2,7200,1.00652528548
426991,427014,429974,23,2960,2,7200,1.00777027027
427046,427054,430237,8,3183,2,7200,1.00251335218
427103,427112,430152,9,3040,2,7200,1.00296052632
427202,427210,430405,8,3195,2,7200,1.00250391236
427245,427254,430392,9,3138,2,7200,1.00286806883
427293,427302,430476,9,3174,2,7200,1.00283553875
427308,427314,430539,6,3225,2,7200,1.00186046512
427389,427399,430704,10,3305,2,7200,1.00302571861
427474,427484,430662,10,3178,2,7200,1.0031466331
428895,428911,431861,16,2950,2,7200,1.00542372881
429067,429078,432276,11,3198,2,7200,1.00343964978
429148,429157,431925,9,2768,2,7200,1.00325144509
429188,429198,432202,10,3004,2,7200,1.00332889481
429202,429208,432418,6,3210,2,7200,1.00186915888
429266,429276,432303,10,3027,2,7200,1.00330360093
429302,429310,432471,8,3161,2,7200,1.00253084467
429317,429323,432635,6,3312,2,7200,1.0018115942
429318,429329,432422,11,3093,2,7200,1.00355641772
429397,429405,432467,8,3062,2,7200,1.00261267146
429445,429454,432421,9,2967,2,7200,1.00303336704
429508,429518,432553,10,3035,2,7200,1.00329489292
429526,429536,432821,10,3285,2,7200,1.00304414003
429565,429574,432716,9,3142,2,7200,1.00286441757
429601,429613,432593,12,2980,2,7200,1.00402684564
429616,429625,432763,9,3138,2,7200,1.00286806883
429703,429713,432794,10,3081,2,7200,1.00324569945
429737,429749,432827,12,3078,2,7200,1.00389863548
429762,429768,430970,6,1202,4,36000,1.00499168053
429803,429812,433121,9,3309,2,7200,1.00271985494
429818,429824,432829,6,3005,2,7200,1.00199667221
429833,429843,433080,10,3237,2,7200,1.0030892802
429866,429876,433075,10,3199,2,7200,1.00312597687
429918,429927,433035,9,3108,2,7200,1.0028957529
429932,429938,433093,6,3155,2,7200,1.00190174326
429947,429954,433282,7,3328,2,7200,1.00210336538
429974,429986,433146,12,3160,2,7200,1.00379746835
429989,430000,433087,11,3087,2,7200,1.00356333009
430059,430067,433286,8,3219,2,7200,1.00248524386
430073,430080,432988,7,2908,2,7200,1.00240715268
430118,430130,433297,12,3167,2,7200,1.00378907483
430155,430163,433399,8,3236,2,7200,1.00247218789
430185,430194,433475,9,3281,2,7200,1.00274306614
430239,430248,433440,9,3192,2,7200,1.00281954887
430330,430343,433419,13,3076,2,7200,1.00422626788
430393,430405,433594,12,3189,2,7200,1.00376293509
430408,430419,433563,11,3144,2,7200,1.00349872774
430477,430487,433573,10,3086,2,7200,1.0032404407
430541,430551,433507,10,2956,2,7200,1.00338294993
430584,430591,431117,7,526,4,36000,1.01330798479
430610,430616,430884,6,268,4,36000,1.0223880597
430664,430675,433822,11,3147,2,7200,1.00349539244
430707,430716,433780,9,3064,2,7200,1.00293733681
431093,431100,431725,7,625,4,36000,1.0112
431149,431161,432249,12,1088,4,36000,1.01102941176
431863,431872,435012,9,3140,2,7200,1.00286624204
431926,431936,435132,10,3196,2,7200,1.00312891114
432204,432213,435402,9,3189,2,7200,1.00282220132
432279,432288,435322,9,3034,2,7200,1.00296638102
432306,432316,435225,10,2909,2,7200,1.00343760743
432420,432431,435375,11,2944,2,7200,1.00373641304
432436,432449,435734,13,3285,2,7200,1.00395738204
432437,432455,435502,18,3047,2,7200,1.00590744995
432467,432484,435803,17,3319,2,7200,1.00512202471
432482,432491,435582,9,3091,2,7200,1.00291167907
432554,432564,435568,10,3004,2,7200,1.00332889481
432596,432604,435435,8,2831,2,7200,1.00282585659
432635,432646,435415,11,2769,2,7200,1.00397255327
432720,432727,435686,7,2959,2,7200,1.00236566408
432765,432774,436129,9,3355,2,7200,1.00268256334
432795,432805,435847,10,3042,2,7200,1.00328731098
432822,432833,435782,11,2949,2,7200,1.00373007799
432837,432843,435897,6,3054,2,7200,1.00196463654
432838,432850,436092,12,3242,2,7200,1.00370141888
432990,432999,436018,9,3019,2,7200,1.00298111958
433038,433046,436057,8,3011,2,7200,1.00265692461
433077,433087,436047,10,2960,2,7200,1.00337837838
433092,433102,436217,10,3115,2,7200,1.00321027287
433094,433107,436325,13,3218,2,7200,1.00403977626
433108,433131,436123,23,2992,2,7200,1.00768716578
433123,433143,436356,20,3213,2,7200,1.00622471211
433148,433162,436357,14,3195,2,7200,1.00438184664
433284,433293,436451,9,3158,2,7200,1.002849905
433299,433305,436500,6,3195,2,7200,1.00187793427
433300,433311,436289,11,2978,2,7200,1.0036937542
433403,433411,436409,8,2998,2,7200,1.00266844563
433421,433431,436550,10,3119,2,7200,1.00320615582
433441,433452,436646,11,3194,2,7200,1.00344395742
433478,433487,436598,9,3111,2,7200,1.00289296046
433511,433519,436659,8,3140,2,7200,1.0025477707
433565,433574,436654,9,3080,2,7200,1.00292207792
433580,433586,436752,6,3166,2,7200,1.00189513582
433595,433605,436848,10,3243,2,7200,1.0030835646
433782,433791,436663,9,2872,2,7200,1.00313370474
433824,433838,436812,14,2974,2,7200,1.00470746469
435014,435023,438180,9,3157,2,7200,1.00285080773
435134,435147,438078,13,2931,2,7200,1.0044353463
435228,435236,438167,8,2931,2,7200,1.00272944388
435324,435333,438292,9,2959,2,7200,1.0030415681
435378,435386,438350,8,2964,2,7200,1.00269905533
435405,435417,438522,12,3105,2,7200,1.0038647343
435420,435427,438661,7,3234,2,7200,1.00216450216
435438,435446,438414,8,2968,2,7200,1.00269541779
435504,435513,438771,9,3258,2,7200,1.00276243094
435570,435580,438882,10,3302,2,7200,1.0030284676
435585,435593,438646,8,3053,2,7200,1.0026203734
435687,435697,438731,10,3034,2,7200,1.00329597891
435735,435746,438775,11,3029,2,7200,1.00363156157
435784,435794,438826,10,3032,2,7200,1.00329815303
435805,435817,438908,12,3091,2,7200,1.00388223876
435850,435858,438846,8,2988,2,7200,1.00267737617
435898,435908,438917,10,3009,2,7200,1.00332336324
436022,436030,438991,8,2961,2,7200,1.00270178994
436049,436060,439219,11,3159,2,7200,1.00348211459
436063,436070,439193,7,3123,2,7200,1.00224143452
436093,436105,439111,12,3006,2,7200,1.00399201597
436126,436135,438946,9,2811,2,7200,1.00320170758
436141,436147,439129,6,2982,2,7200,1.00201207243
436219,436228,439204,9,2976,2,7200,1.00302419355
436291,436301,439190,10,2889,2,7200,1.00346140533
436328,436340,439254,12,2914,2,7200,1.00411805079
436358,436367,439130,9,2763,2,7200,1.00325732899
436360,436373,439657,13,3284,2,7200,1.00395858709
436411,436420,439359,9,2939,2,7200,1.00306226608
436453,436464,439363,11,2899,2,7200,1.00379441187
436501,436515,439491,14,2976,2,7200,1.00470430108
436552,436561,439469,9,2908,2,7200,1.00309491059
436601,436611,439570,10,2959,2,7200,1.00337952011
436649,436657,439643,8,2986,2,7200,1.00267916946
436664,436670,439716,6,3046,2,7200,1.00196979645
436666,436677,439678,11,3001,2,7200,1.00366544485
436667,436683,439845,16,3162,2,7200,1.00506008855
436754,436764,439649,10,2885,2,7200,1.00346620451
436814,436823,439727,9,2904,2,7200,1.00309917355
436851,436860,439833,9,2973,2,7200,1.00302724521
438080,438089,441190,9,3101,2,7200,1.00290228958
438170,438179,441088,9,2909,2,7200,1.00309384668
438185,438191,441221,6,3030,2,7200,1.00198019802
438294,438303,441394,9,3091,2,7200,1.00291167907
438351,438361,441208,10,2847,2,7200,1.00351246927
438417,438427,441575,10,3148,2,7200,1.00317662008
438526,438534,441346,8,2812,2,7200,1.00284495021
438649,438658,441715,9,3057,2,7200,1.00294406281
438664,438672,441804,8,3132,2,7200,1.00255427842
438733,438742,441765,9,3023,2,7200,1.00297717499
438772,438782,441898,10,3116,2,7200,1.00320924262
438787,438793,442055,6,3262,2,7200,1.00183936235
438829,438837,441929,8,3092,2,7200,1.00258732212
438847,438857,441862,10,3005,2,7200,1.00332778702
438886,438895,441910,9,3015,2,7200,1.00298507463
438910,438920,441866,10,2946,2,7200,1.00339443313
438925,438934,441949,9,3015,2,7200,1.00298507463
438949,438957,442051,8,3094,2,7200,1.00258564964
438994,439004,441828,10,2824,2,7200,1.00354107649
439113,439122,442075,9,2953,2,7200,1.00304774805
439131,439140,442328,9,3188,2,7200,1.00282308657
439133,439147,442094,14,2947,2,7200,1.00475059382
439193,439204,442367,11,3163,2,7200,1.00347771103
439208,439222,442401,14,3179,2,7200,1.0044039006
439210,439227,442324,17,3097,2,7200,1.00548918308
439225,439239,442322,14,3083,2,7200,1.00454103146
439255,439265,442720,10,3455,2,7200,1.00289435601
439361,439371,442207,10,2836,2,7200,1.00352609309
439375,439382,442089,7,2707,2,7200,1.00258588844
439469,439481,442543,12,3062,2,7200,1.00391900718
439493,439502,442569,9,3067,2,7200,1.00293446365
439571,439581,442775,10,3194,2,7200,1.00313087038
439644,439654,442932,10,3278,2,7200,1.00305064063
439659,439665,442545,6,2880,2,7200,1.00208333333
439660,439672,442680,12,3008,2,7200,1.0039893617
439681,439689,442732,8,3043,2,7200,1.00262898455
439717,439732,442868,15,3136,2,7200,1.00478316327
439732,439738,442922,6,3184,2,7200,1.00188442211
439834,439847,442956,13,3109,2,7200,1.00418140881
439849,439856,442879,7,3023,2,7200,1.00231558055
440670,440677,440684,7,7,1,3600,1.4
440791,440798,441153,7,355,1,3600,1.01971830986
441091,441099,444072,8,2973,2,7200,1.00269088463
441193,441201,443989,8,2788,2,7200,1.00286944046
441211,441223,444041,12,2818,2,7200,1.00425833925
441226,441234,444351,8,3117,2,7200,1.00256657042
441280,441303,441770,23,467,1,3600,1.04925053533
441349,441357,444534,8,3177,2,7200,1.00251809884
441397,441406,444396,9,2990,2,7200,1.00301003344
441578,441586,444645,8,3059,2,7200,1.00261523374
441717,441727,444780,10,3053,2,7200,1.00327546675
441768,441776,444863,8,3087,2,7200,1.0025915128
441808,441821,444886,13,3065,2,7200,1.00424143556
441829,441839,444739,10,2900,2,7200,1.00344827586
441865,441873,445054,8,3181,2,7200,1.00251493241
441880,441885,444866,5,2981,2,7200,1.0016772895
441901,441911,444938,10,3027,2,7200,1.00330360093
441916,441922,444774,6,2852,2,7200,1.00210378682
441931,441946,444886,15,2940,2,7200,1.00510204082
441952,441960,444917,8,2957,2,7200,1.00270544471
442003,442009,443007,6,998,1,3600,1.00601202405
442051,442062,445135,11,3073,2,7200,1.00357956394
442066,442072,445076,6,3004,2,7200,1.00199733688
442081,442088,445036,7,2948,2,7200,1.00237449118
442096,442102,445043,6,2941,2,7200,1.00204012241
442097,442109,445142,12,3033,2,7200,1.00395647873
442209,442218,445033,9,2815,2,7200,1.00319715808
442324,442333,445376,9,3043,2,7200,1.00295760762
442339,442345,445439,6,3094,2,7200,1.00193923723
442341,442352,445449,11,3097,2,7200,1.00355182435
442368,442378,445302,10,2924,2,7200,1.00341997264
442404,442413,445287,9,2874,2,7200,1.00313152401
442546,442560,445699,14,3139,2,7200,1.00446001911
442547,442566,445378,19,2812,2,7200,1.00675675676
442571,442586,445728,15,3142,2,7200,1.00477402928
442683,442692,445581,9,2889,2,7200,1.0031152648
442722,442731,445794,9,3063,2,7200,1.00293829579
442736,442743,445882,7,3139,2,7200,1.00223000956
442775,442786,445638,11,2852,2,7200,1.0038569425
442869,442881,445915,12,3034,2,7200,1.00395517469
442884,442890,445873,6,2983,2,7200,1.00201139792
442926,442934,445898,8,2964,2,7200,1.00269905533
442940,442947,445881,7,2934,2,7200,1.0023858214
442959,442967,446194,8,3227,2,7200,1.00247908274
443523,443530,443535,7,5,1,3600,1.2
443643,443649,443824,6,175,1,3600,1.03428571429
443963,443975,444422,12,447,1,3600,1.02684563758
443992,444000,447154,8,3154,2,7200,1.00253646164
444043,444056,446966,13,2910,2,7200,1.00446735395
444073,444083,447114,10,3031,2,7200,1.00329924117
444353,444362,447305,9,2943,2,7200,1.00305810398
444398,444407,447605,9,3198,2,7200,1.00281425891
444495,444501,444509,6,8,1,1800,1.4
444534,444545,447474,11,2929,2,7200,1.00375554797
444615,444621,444828,6,207,1,3600,1.02898550725
444646,444656,447900,10,3244,2,7200,1.00308261406
444717,444724,445478,7,754,1,3600,1.00928381963
444742,444750,447979,8,3229,2,7200,1.00247754723
444775,444785,447888,10,3103,2,7200,1.00322268772
444790,444796,447882,6,3086,2,7200,1.00194426442
444810,444817,444896,7,79,1,1800,1.08860759494
444865,444874,447704,9,2830,2,7200,1.00318021201
444880,444893,447778,13,2885,2,7200,1.00450606586
444895,444902,447908,7,3006,2,7200,1.00232867598
444897,444908,448311,11,3403,2,7200,1.00323244196
444918,444928,447918,10,2990,2,7200,1.00334448161
444939,444950,448275,11,3325,2,7200,1.00330827068
444957,444964,445311,7,347,1,3600,1.02017291066
445036,445045,448433,9,3388,2,7200,1.00265643447
445051,445058,448264,7,3206,2,7200,1.00218340611
445052,445064,448347,12,3283,2,7200,1.00365519342
445067,445074,448341,7,3267,2,7200,1.00214263851
445082,445088,448044,6,2956,2,7200,1.00202976996
445136,445147,448159,11,3012,2,7200,1.00365205843
445151,445158,448306,7,3148,2,7200,1.00222363405
445186,445193,445285,7,92,1,1800,1.07608695652
445290,445298,448225,8,2927,2,7200,1.0027331739
445305,445316,448347,11,3031,2,7200,1.00362916529
445378,445397,448494,19,3097,2,7200,1.00613496933
445393,445404,448344,11,2940,2,7200,1.0037414966
445441,445450,448354,9,2904,2,7200,1.00309917355
445456,445462,448364,6,2902,2,7200,1.00206753963
445541,445547,447100,6,1553,1,3600,1.00386349002
445582,445593,448904,11,3311,2,7200,1.00332225914
445640,445650,448811,10,3161,2,7200,1.00316355584
445700,445710,448915,10,3205,2,7200,1.0031201248
445730,445739,449005,9,3266,2,7200,1.00275566442
445796,445805,448693,9,2888,2,7200,1.00311634349
445875,445884,448790,9,2906,2,7200,1.00309704061
445890,445897,448991,7,3094,2,7200,1.00226244344
445891,445903,449097,12,3194,2,7200,1.00375704446
445906,445912,448771,6,2859,2,7200,1.00209863589
445921,445931,449094,10,3163,2,7200,1.00316155549
445949,445956,446340,7,384,1,1800,1.01822916667
446195,446205,449187,10,2982,2,7200,1.00335345406
446970,446978,450098,8,3120,2,7200,1.00256410256
447114,447129,450227,15,3098,2,7200,1.00484183344
447156,447165,450263,9,3098,2,7200,1.00290510006
447257,447264,447270,7,6,1,1800,1.3
447307,447321,450263,14,2942,2,7200,1.00475866757
447362,447373,449691,11,2318,1,14400,1.00474547023
447454,447462,447500,8,38,1,1800,1.21052631579
447475,447485,450661,10,3176,2,7200,1.00314861461
447608,447617,450621,9,3004,2,7200,1.00299600533
447707,447715,450656,8,2941,2,7200,1.00272016321
447780,447789,450857,9,3068,2,7200,1.00293350717
447885,447893,450968,8,3075,2,7200,1.00260162602
447887,447899,447971,12,72,1,1800,1.16666666667
447900,447907,450995,7,3088,2,7200,1.00226683938
447916,447921,451154,5,3233,2,7200,1.00154655119
447917,447933,450841,16,2908,2,7200,1.00550206327
447932,447940,451225,8,3285,2,7200,1.00243531202
447983,448000,451179,17,3179,2,7200,1.00534759358
447998,448013,448160,15,147,1,3600,1.10204081633
448046,448055,451084,9,3029,2,7200,1.00297127765
448161,448170,451661,9,3491,2,7200,1.00257805786
448227,448238,451266,11,3028,2,7200,1.0036327609
448266,448275,451407,9,3132,2,7200,1.00287356322
448281,448288,451239,7,2951,2,7200,1.00237207726
448286,448296,448660,10,364,1,3600,1.02747252747
448308,448319,451126,11,2807,2,7200,1.00391877449
448323,448330,451454,7,3124,2,7200,1.00224071703
448341,448352,451533,11,3181,2,7200,1.00345803207
448357,448366,451299,9,2933,2,7200,1.00306853051
448359,448371,451244,12,2873,2,7200,1.00417681866
448360,448377,451169,17,2792,2,7200,1.00608882521
448361,448383,451407,22,3024,2,7200,1.00727513228
448376,448389,451487,13,3098,2,7200,1.00419625565
448434,448444,451222,10,2778,2,7200,1.00359971202
448497,448505,451376,8,2871,2,7200,1.00278648555
448696,448704,451820,8,3116,2,7200,1.00256739409
448775,448793,451746,18,2953,2,7200,1.00609549611
448793,448801,451836,8,3035,2,7200,1.00263591433
448801,448808,449072,7,264,1,1800,1.02651515152
448814,448822,451826,8,3004,2,7200,1.00266311585
448904,448916,451728,12,2812,2,7200,1.00426742532
448919,448927,451821,8,2894,2,7200,1.00276434001
448945,448952,449425,7,473,1,3600,1.01479915433
448991,449008,452100,17,3092,2,7200,1.00549805951
449006,449016,451962,10,2946,2,7200,1.00339443313
449097,449111,452131,14,3020,2,7200,1.00463576159
449098,449116,452270,18,3154,2,7200,1.00570703868
449189,449204,452510,15,3306,2,7200,1.00453720508
450099,450110,453361,11,3251,2,7200,1.00338357428
450106,450118,464551,12,14433,1,14400,1.00083142798
450119,450143,464593,24,14450,1,14400,1.00166089965
450131,450148,451218,17,1070,1,14400,1.01588785047
450143,450160,450266,17,106,1,14400,1.16037735849
450229,450238,453055,9,2817,2,7200,1.00319488818
450265,450274,453168,9,2894,2,7200,1.00310988252
450267,450281,453750,14,3469,2,7200,1.00403574517
450622,450632,453231,10,2599,2,7200,1.00384763371
450658,450667,453626,9,2959,2,7200,1.0030415681
450673,450685,453788,12,3103,2,7200,1.00386722527
450842,450853,453843,11,2990,2,7200,1.00367892977
450860,450868,453957,8,3089,2,7200,1.0025898349
450971,450979,454090,8,3111,2,7200,1.00257152041
450998,451008,454126,10,3118,2,7200,1.00320718409
451086,451095,453925,9,2830,2,7200,1.00318021201
451128,451137,453930,9,2793,2,7200,1.00322234157
451155,451165,454123,10,2958,2,7200,1.00338066261
451170,451186,454155,16,2969,2,7200,1.00538901987
451185,451193,454298,8,3105,2,7200,1.00257648953
451224,451234,454212,10,2978,2,7200,1.00335795836
451239,451245,454283,6,3038,2,7200,1.00197498354
451254,451260,454150,6,2890,2,7200,1.00207612457
451255,451267,454326,12,3059,2,7200,1.0039228506
451270,451278,454256,8,2978,2,7200,1.00268636669
451300,451310,454309,10,2999,2,7200,1.00333444481
451379,451387,454439,8,3052,2,7200,1.00262123198
451409,451422,454712,13,3290,2,7200,1.00395136778
451411,451428,454912,17,3484,2,7200,1.00487944891
451456,451465,454320,9,2855,2,7200,1.00315236427
451486,451502,454629,16,3127,2,7200,1.0051167253
451535,451545,454665,10,3120,2,7200,1.00320512821
451665,451672,454750,7,3078,2,7200,1.00227420403
451731,451739,454497,8,2758,2,7200,1.00290065265
451749,451758,454938,9,3180,2,7200,1.00283018868
451822,451832,455052,10,3220,2,7200,1.00310559006
451823,451837,454990,14,3153,2,7200,1.00444021567
451839,451844,454928,5,3084,2,7200,1.00162127108
451840,451851,454825,11,2974,2,7200,1.00369872226
451872,451880,451960,8,80,1,1800,1.1
451964,451977,454811,13,2834,2,7200,1.00458715596
452102,452111,455441,9,3330,2,7200,1.0027027027
452133,452142,455275,9,3133,2,7200,1.00287264603
452195,452206,452297,11,91,1,1800,1.12087912088
452271,452282,455409,11,3127,2,7200,1.00351774864
452513,452521,455288,8,2767,2,7200,1.00289121793
453058,453066,456201,8,3135,2,7200,1.00255183413
453116,453129,453491,13,362,1,1800,1.03591160221
453169,453179,456112,10,2933,2,7200,1.00340947835
453233,453242,456335,9,3093,2,7200,1.00290979631
453362,453377,456528,15,3151,2,7200,1.00476039353
453627,453638,456500,11,2862,2,7200,1.00384346611
453751,453761,456820,10,3059,2,7200,1.00326904217
453790,453806,457044,16,3238,2,7200,1.0049413218
453844,453854,457110,10,3256,2,7200,1.00307125307
453926,453936,456945,10,3009,2,7200,1.00332336324
453940,453946,457075,6,3129,2,7200,1.00191754554
453958,453969,457182,11,3213,2,7200,1.00342359166
454091,454101,457427,10,3326,2,7200,1.00300661455
454124,454134,457067,10,2933,2,7200,1.00340947835
454139,454148,457255,9,3107,2,7200,1.00289668491
454154,454161,457154,7,2993,2,7200,1.00233879051
454169,454176,457126,7,2950,2,7200,1.00237288136
454214,454228,457354,14,3126,2,7200,1.00447856686
454260,454268,457199,8,2931,2,7200,1.00272944388
454284,454294,457011,10,2717,2,7200,1.00368053
454301,454310,457302,9,2992,2,7200,1.00300802139
454316,454322,457462,6,3140,2,7200,1.00191082803
454331,454337,457520,6,3183,2,7200,1.00188501414
454333,454344,457282,11,2938,2,7200,1.00374404357
454441,454450,457382,9,2932,2,7200,1.00306957708
454498,454508,457498,10,2990,2,7200,1.00334448161
454631,454641,457826,10,3185,2,7200,1.00313971743
454668,454676,457695,8,3019,2,7200,1.00264988407
454671,454683,454722,12,39,1,1800,1.30769230769
454713,454723,457574,10,2851,2,7200,1.00350754121
454752,454765,457656,13,2891,2,7200,1.00449671394
454813,454822,457846,9,3024,2,7200,1.00297619048
454827,454838,457829,11,2991,2,7200,1.00367769977
454915,454923,457923,8,3000,2,7200,1.00266666667
454930,454939,458186,9,3247,2,7200,1.00277178934
454945,454951,457990,6,3039,2,7200,1.00197433366
454993,455005,458133,12,3128,2,7200,1.00383631714
454993,454999,455068,6,69,1,1800,1.08695652174
455053,455063,458053,10,2990,2,7200,1.00334448161
455276,455287,458618,11,3331,2,7200,1.00330231162
455291,455299,458249,8,2950,2,7200,1.00271186441
455412,455425,458623,13,3198,2,7200,1.00406504065
455442,455453,458277,11,2824,2,7200,1.00389518414
455675,841171,872353,385496,31182,1,360000,13.3627733949
455680,455686,455925,6,239,1,1800,1.02510460251
456114,456123,459434,9,3311,2,7200,1.00271821202
456202,456212,459388,10,3176,2,7200,1.00314861461
456337,456346,459697,9,3351,2,7200,1.00268576544
456503,456511,459484,8,2973,2,7200,1.00269088463
456530,456539,459535,9,2996,2,7200,1.00300400534
456822,456831,460002,9,3171,2,7200,1.00283822138
456949,456957,459921,8,2964,2,7200,1.00269905533
456997,457003,457434,6,431,1,36000,1.01392111369
457012,457022,460105,10,3083,2,7200,1.0032435939
457045,457056,460179,11,3123,2,7200,1.00352225424
457069,457078,460368,9,3290,2,7200,1.00273556231
457084,457090,460218,6,3128,2,7200,1.00191815857
457111,457126,460081,15,2955,2,7200,1.00507614213
457129,457138,460114,9,2976,2,7200,1.00302419355
457156,457165,460301,9,3136,2,7200,1.00286989796
457186,457193,460104,7,2911,2,7200,1.00240467193
457201,457215,460479,14,3264,2,7200,1.00428921569
457230,457237,457261,7,24,1,25200,1.29166666667
457258,457266,460144,8,2878,2,7200,1.00277970813
457269,457277,463009,8,5732,1,25200,1.00139567341
457283,457299,460449,16,3150,2,7200,1.00507936508
457286,457293,491844,7,34551,1,36000,1.00020259906
457304,457313,460291,9,2978,2,7200,1.00302216253
457355,457367,460495,12,3128,2,7200,1.00383631714
457385,457394,460434,9,3040,2,7200,1.00296052632
457430,457439,460442,9,3003,2,7200,1.002997003
457464,457480,460187,16,2707,2,7200,1.00591060214
457500,457509,460324,9,2815,2,7200,1.00319715808
457521,457531,460606,10,3075,2,7200,1.00325203252
457555,457561,458459,6,898,1,36000,1.00668151448
457575,457585,460683,10,3098,2,7200,1.00322788896
457657,457667,460476,10,2809,2,7200,1.00355998576
457696,457706,460523,10,2817,2,7200,1.00354987575
457829,457838,460982,9,3144,2,7200,1.00286259542
457844,457850,461005,6,3155,2,7200,1.00190174326
457859,457865,460872,6,3007,2,7200,1.0019953442
457925,457934,460931,9,2997,2,7200,1.003003003
457991,458004,460862,13,2858,2,7200,1.00454863541
458055,458064,461176,9,3112,2,7200,1.00289203085
458136,458145,461239,9,3094,2,7200,1.00290885585
458187,458201,461210,14,3009,2,7200,1.00465270854
458250,458261,461238,11,2977,2,7200,1.00369499496
458277,458288,461222,11,2934,2,7200,1.00374914792
458528,458534,460846,6,2312,1,36000,1.00259515571
458578,458584,474103,6,15519,1,86400,1.00038662285
458621,458629,461479,8,2850,2,7200,1.00280701754
458636,458642,461654,6,3012,2,7200,1.00199203187
458754,458760,530770,6,72010,1,72000,1.00008332176
458957,458966,468139,9,9173,1,25200,1.0009811403
459389,459402,462555,13,3153,2,7200,1.00412305741
459437,459451,462540,14,3089,2,7200,1.00453221107
459453,459460,467167,7,7707,1,36000,1.00090826521
459486,459501,462555,15,3054,2,7200,1.00491159136
459537,459547,462622,10,3075,2,7200,1.00325203252
459700,459708,462769,8,3061,2,7200,1.00261352499
459923,459932,462802,9,2870,2,7200,1.0031358885
460004,460017,463037,13,3020,2,7200,1.00430463576
460082,460093,463240,11,3147,2,7200,1.00349539244
460107,460118,463100,11,2982,2,7200,1.00368879946
460108,460123,462948,15,2825,2,7200,1.00530973451
460123,460129,463174,6,3045,2,7200,1.00197044335
460147,460156,463180,9,3024,2,7200,1.00297619048
460180,460190,463337,10,3147,2,7200,1.00317762949
460195,460202,463356,7,3154,2,7200,1.00221940393
460215,460222,546647,7,86425,24,86400,1.00008099508
460219,460230,463247,11,3017,2,7200,1.00364600597
460294,460302,463344,8,3042,2,7200,1.00262984878
460309,460315,463339,6,3024,2,7200,1.00198412698
460327,460338,463260,11,2922,2,7200,1.00376454483
460337,460345,475965,8,15620,1,72000,1.00051216389
460337,460356,476129,19,15773,1,72000,1.00120459012
460337,460351,476047,14,15696,1,72000,1.00089194699
460338,460377,476063,39,15686,1,72000,1.00248629351
460338,460372,476098,34,15726,1,72000,1.00216202467
460338,460367,476147,29,15780,1,72000,1.00183776933
460338,460361,476161,23,15800,1,72000,1.0014556962
460338,460383,476044,45,15661,1,72000,1.00287337973
460339,460388,476172,49,15784,1,72000,1.00310440953
460369,460394,463457,25,3063,2,7200,1.00816193275
460437,460445,463350,8,2905,2,7200,1.00275387263
460452,460458,463781,6,3323,2,7200,1.00180559735
460454,460465,463442,11,2977,2,7200,1.00369499496
460478,460488,463661,10,3173,2,7200,1.00315159155
460493,460499,463463,6,2964,2,7200,1.0020242915
460500,460507,465013,7,4506,1,36000,1.00155348424
460508,460520,463598,12,3078,2,7200,1.00389863548
460526,460535,463732,9,3197,2,7200,1.00281513919
460607,460618,463865,11,3247,2,7200,1.00338774253
460686,460694,463692,8,2998,2,7200,1.00266844563
460864,460879,463738,15,2859,2,7200,1.00524658972
460879,460886,463883,7,2997,2,7200,1.002335669
460933,460945,463986,12,3041,2,7200,1.00394607037
460985,460993,464061,8,3068,2,7200,1.00260756193
461003,461019,464161,16,3142,2,7200,1.0050922979
461178,461190,464296,12,3106,2,7200,1.00386349002
461211,461221,464052,10,2831,2,7200,1.00353232073
461226,461234,464204,8,2970,2,7200,1.00269360269
461241,461249,464203,8,2954,2,7200,1.00270819228
461242,461255,464177,13,2922,2,7200,1.00444900753
461481,461490,464496,9,3006,2,7200,1.00299401198
461520,461532,461699,12,167,1,86400,1.07185628743
461656,461666,464803,10,3137,2,7200,1.00318775901
461712,461718,466751,6,5033,1,86400,1.00119213193
461731,461738,466605,7,4867,1,86400,1.00143825765
462166,462174,462396,8,222,1,86400,1.03603603604
462274,462287,462413,13,126,1,86400,1.10317460317
462330,462346,464184,16,1838,1,86400,1.00870511425
462333,462341,464651,8,2310,12,21600,1.00346320346
462434,462440,464755,6,2315,12,21600,1.00259179266
462532,463021,478612,489,15591,12,21600,1.0313642486
462541,462551,465530,10,2979,2,7200,1.00335683115
462552,464663,478619,2111,13956,12,21600,1.15126110633
462556,462566,465441,10,2875,2,7200,1.00347826087
462558,462571,465476,13,2905,2,7200,1.00447504303
462585,464202,469785,1617,5583,1,86400,1.2896292316
462604,464668,485957,2064,21289,1,86400,1.09695147729
462624,462633,465732,9,3099,2,7200,1.00290416263
462772,462780,465734,8,2954,2,7200,1.00270819228
462805,462813,465990,8,3177,2,7200,1.00251809884
462949,462961,465990,12,3029,2,7200,1.00396170353
463030,464674,471987,1644,7313,1,25200,1.22480514153
463040,463049,466115,9,3066,2,7200,1.00293542074
463103,463111,466290,8,3179,2,7200,1.00251651463
463176,463186,466236,10,3050,2,7200,1.00327868852
463191,463200,466270,9,3070,2,7200,1.00293159609
463242,463252,466333,10,3081,2,7200,1.00324569945
463257,463266,466376,9,3110,2,7200,1.00289389068
463272,463278,466399,6,3121,2,7200,1.00192246075
463338,463355,466329,17,2974,2,7200,1.00571620713
463354,463361,466324,7,2963,2,7200,1.00236247047
463355,463367,466109,12,2742,2,7200,1.00437636761
463357,463373,466484,16,3111,2,7200,1.00514304082
463371,463380,466522,9,3142,2,7200,1.00286441757
463444,463458,466597,14,3139,2,7200,1.00446001911
463459,463469,466432,10,2963,2,7200,1.00337495781
463474,463480,466454,6,2974,2,7200,1.00201748487
463601,463615,466759,14,3144,2,7200,1.00445292621
463664,463673,466641,9,2968,2,7200,1.00303234501
463694,463703,466703,9,3000,2,7200,1.003
463734,463743,466716,9,2973,2,7200,1.00302724521
463748,463755,466845,7,3090,2,7200,1.00226537217
463782,463793,467010,11,3217,2,7200,1.00341933478
463866,463877,466862,11,2985,2,7200,1.00368509213
463884,463894,466988,10,3094,2,7200,1.00323206206
463987,463997,466883,10,2886,2,7200,1.00346500347
464053,464064,466949,11,2885,2,7200,1.00381282496
464068,464076,467011,8,2935,2,7200,1.00272572402
464162,464173,466725,11,2552,2,7200,1.00431034483
464180,464190,467068,10,2878,2,7200,1.00347463516
464204,464214,467212,10,2998,2,7200,1.00333555704
464206,464227,467257,21,3030,2,7200,1.00693069307
464299,464307,467345,8,3038,2,7200,1.00263331139
464498,464508,467510,10,3002,2,7200,1.00333111259
464806,464815,467869,9,3054,2,7200,1.00294695481
464907,464917,472152,10,7235,1,7200,1.00138217001
465444,465458,468718,14,3260,2,7200,1.00429447853
465477,465489,468716,12,3227,2,7200,1.00371862411
465532,465541,468767,9,3226,2,7200,1.00278983261
465734,465744,468673,10,2929,2,7200,1.00341413452
465748,465756,468716,8,2960,2,7200,1.0027027027
465993,466001,468769,8,2768,2,7200,1.00289017341
465994,466008,468903,14,2895,2,7200,1.00483592401
466096,841155,1273198,375059,432043,35,432000,1.86810572096
466112,466122,469271,10,3149,2,7200,1.00317561131
466127,466137,469277,10,3140,2,7200,1.00318471338
466152,466159,467966,7,1807,2,14400,1.00387382402
466239,466250,469278,11,3028,2,7200,1.0036327609
466272,466285,469327,13,3042,2,7200,1.00427350427
466293,466301,469392,8,3091,2,7200,1.00258815917
466326,466336,469281,10,2945,2,7200,1.00339558574
466341,466348,469400,7,3052,2,7200,1.00229357798
466343,466355,469547,12,3192,2,7200,1.0037593985
466379,466388,469461,9,3073,2,7200,1.00292873414
466403,466412,469412,9,3000,2,7200,1.003
466433,466444,469326,11,2882,2,7200,1.00381679389
466458,466465,469623,7,3158,2,7200,1.00221659278
466488,466496,469459,8,2963,2,7200,1.00269996625
466524,466533,469485,9,2952,2,7200,1.00304878049
466599,466609,469934,10,3325,2,7200,1.0030075188
466642,466653,469632,11,2979,2,7200,1.00369251427
466705,466714,469776,9,3062,2,7200,1.00293925539
466720,466728,469739,8,3011,2,7200,1.00265692461
466735,466741,469571,6,2830,2,7200,1.00212014134
466762,466775,469725,13,2950,2,7200,1.00440677966
466835,466841,467351,6,510,12,3600,1.01176470588
466847,466857,469792,10,2935,2,7200,1.00340715503
466865,466873,469782,8,2909,2,7200,1.00275008594
466877,466884,467390,7,506,12,3600,1.01383399209
466886,466895,469720,9,2825,2,7200,1.00318584071
466953,466960,470124,7,3164,2,7200,1.00221238938
466992,467000,470283,8,3283,2,7200,1.00243679561
467011,467018,484039,7,17021,1,72000,1.00041125668
467013,467025,469777,12,2752,2,7200,1.00436046512
467015,467030,470099,15,3069,2,7200,1.00488758553
467036,467402,478934,366,11532,16,180000,1.03173777315
467053,467065,484069,12,17004,1,72000,1.0007057163
467069,467079,470240,10,3161,2,7200,1.00316355584
467106,467113,539122,7,72009,1,72000,1.00009721007
467214,467223,470177,9,2954,2,7200,1.00304671632
467228,467235,473882,7,6647,2,28800,1.00105310666
467259,467271,470167,12,2896,2,7200,1.00414364641
467347,467358,470556,11,3198,2,7200,1.00343964978
467513,467521,470527,8,3006,2,7200,1.00266134398
467667,467674,473863,7,6189,2,28800,1.00113103894
467836,467843,469238,7,1395,1,86400,1.00501792115
467871,468481,540490,610,72009,11,72000,1.00847116333
467872,467883,470893,11,3010,2,7200,1.00365448505
467879,467889,471126,10,3237,1,86400,1.0030892802
468095,468102,468216,7,114,2,7200,1.06140350877
468676,468684,471800,8,3116,2,7200,1.00256739409
468719,468727,471606,8,2879,2,7200,1.00277874262
468720,468732,471787,12,3055,2,7200,1.00392798691
468721,468739,471756,18,3017,2,7200,1.00596619158
468770,468778,471760,8,2982,2,7200,1.00268276325
468772,468784,472201,12,3417,2,7200,1.0035118525
468904,468916,471784,12,2868,2,7200,1.00418410042
468941,468948,469102,7,154,2,7200,1.04545454545
469219,469225,469395,6,170,2,7200,1.03529411765
469239,469249,469539,10,290,1,18000,1.03448275862
469272,469282,472500,10,3218,2,7200,1.0031075202
469287,469294,472333,7,3039,2,7200,1.00230338927
469289,469301,472555,12,3254,2,7200,1.0036877689
469290,469306,472458,16,3152,2,7200,1.00507614213
469330,469338,472624,8,3286,2,7200,1.00243457091
469331,469344,472207,13,2863,2,7200,1.00454069158
469394,469403,472512,9,3109,2,7200,1.00289482149
469409,469415,472450,6,3035,2,7200,1.00197693575
469424,469430,472573,6,3143,2,7200,1.00190900414
469460,469471,472306,11,2835,2,7200,1.00388007055
469475,469489,472435,14,2946,2,7200,1.00475220638
469491,469496,472255,5,2759,2,7200,1.00181225082
469547,469554,469559,7,5,1,18000,1.2
469548,469560,472514,12,2954,2,7200,1.00406228842
469572,469582,472640,10,3058,2,7200,1.00327011118
469583,469611,469612,28,1,1,18000,2.9
469583,469617,469618,34,1,1,18000,3.5
469583,469622,469623,39,1,1,18000,4.0
469583,469594,469599,11,5,1,18000,1.6
469583,469589,469590,6,1,1,18000,1.0
469584,469638,469639,54,1,1,18000,5.5
469584,469633,469634,49,1,1,18000,5.0
469584,469627,469628,43,1,1,18000,4.4
469626,469645,472590,19,2945,2,7200,1.0064516129
469641,469658,472560,17,2902,2,7200,1.00585802895
469723,469732,472789,9,3057,2,7200,1.00294406281
469737,469743,472888,6,3145,2,7200,1.00190779014
469752,469758,472619,6,2861,2,7200,1.00209716882
469780,469789,472998,9,3209,2,7200,1.00280461203
469781,469795,472536,14,2741,2,7200,1.00510762495
469796,469802,472796,6,2994,2,7200,1.00200400802
469798,469809,472592,11,2783,2,7200,1.00395256917
469844,470201,477056,357,6855,12,21600,1.05207877462
469937,469945,472999,8,3054,2,7200,1.00261951539
470103,470112,473029,9,2917,2,7200,1.00308536167
470127,470136,473109,9,2973,2,7200,1.00302724521
470169,470179,473260,10,3081,2,7200,1.00324569945
470184,470194,473350,10,3156,2,7200,1.00316856781
470242,470252,473331,10,3079,2,7200,1.00324780773
470285,470294,473260,9,2966,2,7200,1.00303438975
470495,470502,470793,7,291,1,7200,1.02405498282
470529,470539,473623,10,3084,2,7200,1.00324254215
470558,470567,473720,9,3153,2,7200,1.00285442436
470803,470811,470817,8,6,1,3600,1.4
470844,470850,470851,6,1,1,1200,1.0
470844,470861,470862,17,1,1,1200,1.8
470844,470873,470874,29,1,1,1200,3.0
470844,470891,470892,47,1,1,1200,4.8
470844,470896,470897,52,1,1,1200,5.3
470844,470908,470909,64,1,1,1200,6.5
470896,470920,473919,24,2999,2,7200,1.00800266756
470998,471005,478230,7,7225,2,14400,1.00096885813
471411,471419,475041,8,3622,1,3600,1.00220872446
471418,471426,475033,8,3607,1,3600,1.00221790962
471420,471433,472737,13,1304,1,1200,1.00996932515
471423,841160,1186802,369737,345642,12,345600,2.0697108569
471428,471440,475059,12,3619,1,3600,1.0033158331
471436,471467,475073,31,3606,1,3600,1.00859678314
471443,471560,475191,117,3631,1,3600,1.03222252823
471450,471565,475198,115,3633,1,3600,1.03165428021
471459,471571,475204,112,3633,1,3600,1.03082851638
471466,471576,475200,110,3624,1,3600,1.03035320088
471475,471583,475193,108,3610,1,3600,1.02991689751
471480,471588,475198,108,3610,1,3600,1.02991689751
471483,471594,475240,111,3646,1,3600,1.03044432255
471607,471618,474712,11,3094,2,7200,1.00355526826
471758,471768,474819,10,3051,2,7200,1.0032776139
471773,471780,474745,7,2965,2,7200,1.0023608769
471786,471792,472084,6,292,1,18000,1.02054794521
471788,471804,474741,16,2937,2,7200,1.00544773578
471789,471810,475050,21,3240,2,7200,1.00648148148
471804,471816,474902,12,3086,2,7200,1.00388852884
471978,471985,473324,7,1339,1,18000,1.00522778193
471978,471999,472288,21,289,1,18000,1.07266435986
472202,472232,474988,30,2756,2,7200,1.01088534107
472217,472237,475219,20,2982,2,7200,1.00670690812
472256,472266,475182,10,2916,2,7200,1.00342935528
472296,472303,472314,7,11,1,18000,1.63636363636
472307,472318,475259,11,2941,2,7200,1.00374022441
472334,472354,475047,20,2693,2,7200,1.00742666172
472336,472342,472343,6,1,1,18000,1.0
472336,472359,472360,23,1,1,18000,2.4
472337,472376,472377,39,1,1,18000,4.0
472337,472388,472389,51,1,1,18000,5.2
472437,472447,475653,10,3206,2,7200,1.00311915159
472452,472462,475403,10,2941,2,7200,1.00340020401
472467,472473,475538,6,3065,2,7200,1.00195758564
472503,472511,475490,8,2979,2,7200,1.00268546492
472518,472524,475759,6,3235,2,7200,1.00185471406
472519,472530,475628,11,3098,2,7200,1.00355067786
472537,472547,475462,10,2915,2,7200,1.00343053173
472559,472567,475547,8,2980,2,7200,1.00268456376
472574,472581,475703,7,3122,2,7200,1.00224215247
472575,472588,475674,13,3086,2,7200,1.00421257291
472593,472602,475627,9,3025,2,7200,1.00297520661
472595,472609,475694,14,3085,2,7200,1.00453808752
472622,472630,475373,8,2743,2,7200,1.00291651476
472638,472644,475734,6,3090,2,7200,1.00194174757
472653,472659,475618,6,2959,2,7200,1.00202771206
472792,472801,475655,9,2854,2,7200,1.00315346882
472806,472823,475937,17,3114,2,7200,1.00545921644
472891,472908,475932,17,3024,2,7200,1.00562169312
472916,472923,473097,7,174,1,10800,1.04022988506
473001,473009,475895,8,2886,2,7200,1.00277200277
473002,473015,476158,13,3143,2,7200,1.00413617563
473029,473041,475970,12,2929,2,7200,1.00409696142
473111,473121,476069,10,2948,2,7200,1.00339213026
473242,473249,473791,7,542,1,10800,1.01291512915
473262,473272,476345,10,3073,2,7200,1.00325414904
473263,473278,476246,15,2968,2,7200,1.00505390836
473331,473354,474133,23,779,1,18000,1.02952503209
473331,473348,474133,17,785,1,18000,1.02165605096
473331,473803,474133,472,330,1,18000,2.4303030303
473331,473343,474133,12,790,1,18000,1.01518987342
473331,473337,474133,6,796,1,18000,1.00753768844
473331,473875,474133,544,258,1,18000,3.10852713178
473332,473880,474133,548,253,1,18000,3.16600790514
473332,473894,474133,562,239,1,18000,3.35146443515
473332,473899,474133,567,234,1,18000,3.42307692308
473332,474120,474133,788,13,1,18000,61.6153846154
473333,473360,476306,27,2946,2,7200,1.00916496945
473351,473367,476232,16,2865,2,7200,1.00558464223
473625,473635,476527,10,2892,2,7200,1.00345781466
473722,473732,476642,10,2910,2,7200,1.00343642612
473920,473931,477049,11,3118,2,7200,1.0035279025
474126,474149,474543,23,394,1,10800,1.05837563452
474292,474299,474300,7,1,1,10800,1.0
474395,474402,483896,7,9494,1,10800,1.00073730777
474534,474541,488990,7,14449,1,14400,1.00048446259
474546,474552,488982,6,14430,1,14400,1.00041580042
474559,474566,488999,7,14433,1,14400,1.00048499965
474713,474723,477880,10,3157,2,7200,1.00316756414
474743,474753,477926,10,3173,2,7200,1.00315159155
474758,474772,477614,14,2842,2,7200,1.00492610837
474822,474837,477961,15,3124,2,7200,1.00480153649
474903,474914,477895,11,2981,2,7200,1.0036900369
474990,474999,478195,9,3196,2,7200,1.00281602003
475033,475039,475044,6,5,1,10800,1.1
475045,475058,478151,13,3093,2,7200,1.00420303912
475060,475065,477958,5,2893,2,7200,1.00172830971
475124,475130,475672,6,542,1,10800,1.0110701107
475183,475193,478107,10,2914,2,7200,1.00343170899
475189,475200,482615,11,7415,2,28800,1.00148347943
475219,475230,478234,11,3004,2,7200,1.00366178429
475262,475271,478164,9,2893,2,7200,1.00311095748
475373,475385,478234,12,2849,2,7200,1.00421200421
475403,475420,478739,17,3319,2,7200,1.00512202471
475405,475414,475756,9,342,2,18060,1.02631578947
475464,475473,478575,9,3102,2,7200,1.00290135397
475491,475501,478274,10,2773,2,7200,1.00360620267
475507,475526,475940,19,414,1,18060,1.04589371981
475539,475555,478409,16,2854,2,7200,1.00560616678
475554,475567,478356,13,2789,2,7200,1.00466116888
475620,475630,478603,10,2973,2,7200,1.00336360579
475635,475642,478476,7,2834,2,7200,1.00247000706
475636,475653,476241,17,588,1,18060,1.02891156463
475637,475648,478928,11,3280,2,7200,1.00335365854
475655,475665,478887,10,3222,2,7200,1.00310366232
475670,475676,478831,6,3155,2,7200,1.00190174326
475684,475690,478835,6,3145,2,7200,1.00190779014
475699,475705,478668,6,2963,2,7200,1.00202497469
475714,475720,478673,6,2953,2,7200,1.00203183204
475735,475745,478796,10,3051,2,7200,1.0032776139
475762,475770,478892,8,3122,2,7200,1.00256245996
475819,475827,476237,8,410,1,18060,1.01951219512
475828,475835,476237,7,402,7,18060,1.01741293532
475841,475848,482023,7,6175,2,28800,1.00113360324
475873,475881,476238,8,357,1,18060,1.02240896359
475898,475907,478551,9,2644,2,7200,1.00340393343
475934,475943,478890,9,2947,2,7200,1.00305395317
475949,475960,476238,11,278,1,18060,1.03956834532
475949,475955,478820,6,2865,2,7200,1.00209424084
475973,475982,478917,9,2935,2,7200,1.00306643952
476072,476080,479144,8,3064,2,7200,1.00261096606
476079,476087,476263,8,176,1,10800,1.04545454545
476160,476169,479073,9,2904,2,7200,1.00309917355
476232,476248,479179,16,2931,2,7200,1.00545888775
476247,476267,479186,20,2919,2,7200,1.00685166153
476308,476317,479352,9,3035,2,7200,1.00296540362
476347,476356,479316,9,2960,2,7200,1.00304054054
476528,476539,479490,11,2951,2,7200,1.00372754998
476593,476600,729075,7,252475,6,324000,1.00002772552
476642,476653,479778,11,3125,2,7200,1.00352
477050,477060,479842,10,2782,2,7200,1.0035945363
477178,477184,478521,6,1337,1,14400,1.00448765894
477617,477625,480593,8,2968,2,7200,1.00269541779
477882,477892,480889,10,2997,2,7200,1.00333667
477897,477906,480828,9,2922,2,7200,1.00308008214
477927,477937,480938,10,3001,2,7200,1.00333222259
477961,477971,480876,10,2905,2,7200,1.00344234079
477962,477977,480974,15,2997,2,7200,1.00500500501
477993,478005,493697,12,15692,1,72000,1.00076472088
477993,478011,493707,18,15696,1,72000,1.00114678899
477993,478000,493682,7,15682,1,72000,1.00044637164
477994,478023,493644,29,15621,1,72000,1.00185647526
477994,478034,493738,40,15704,1,72000,1.00254712175
477994,478028,493808,34,15780,1,72000,1.00215462611
477994,478017,486304,23,8287,12,21600,1.0027754314
477995,478039,493879,44,15840,1,72000,1.00277777778
477995,478050,493825,55,15775,1,72000,1.00348652932
477995,478044,493695,49,15651,1,72000,1.00313079036
477995,478055,493703,60,15648,1,72000,1.00383435583
478094,478243,484254,149,6011,12,21600,1.02478788887
478110,478119,481111,9,2992,2,7200,1.00300802139
478152,478162,481302,10,3140,2,7200,1.00318471338
478167,478176,481211,9,3035,2,7200,1.00296540362
478198,478206,480945,8,2739,2,7200,1.00292077401
478205,478413,480245,208,1832,12,7200,1.1135371179
478237,478250,481222,13,2972,2,7200,1.00437415882
478238,478255,481246,17,2991,2,7200,1.00568371782
478275,478285,481495,10,3210,2,7200,1.0031152648
478349,478548,488541,199,9993,12,21600,1.01991393976
478357,478367,481578,10,3211,2,7200,1.00311429461
478411,478425,481275,14,2850,2,7200,1.0049122807
478477,479525,483412,1048,3887,12,57600,1.26961667095
478477,478489,481548,12,3059,2,7200,1.0039228506
478553,478562,481582,9,3020,2,7200,1.00298013245
478563,479532,483895,969,4363,12,14400,1.22209488884
478577,478587,481666,10,3079,2,7200,1.00324780773
478604,478614,481558,10,2944,2,7200,1.00339673913
478671,478679,481663,8,2984,2,7200,1.00268096515
478686,478692,481654,6,2962,2,7200,1.00202565834
478740,478751,481875,11,3124,2,7200,1.00352112676
478797,478808,482026,11,3218,2,7200,1.00341827222
478822,478831,481605,9,2774,2,7200,1.0032444124
478837,478844,481725,7,2881,2,7200,1.00242971191
478838,478852,481945,14,3093,2,7200,1.00452634982
478889,478898,481664,9,2766,2,7200,1.0032537961
478904,478911,482144,7,3233,2,7200,1.00216517167
478906,478917,481862,11,2945,2,7200,1.00373514431
478921,478928,482084,7,3156,2,7200,1.00221799747
478936,478942,481889,6,2947,2,7200,1.00203596878
478986,479862,482029,876,2167,16,180000,1.40424550069
479075,479085,482072,10,2987,2,7200,1.00334784064
479148,479159,481911,11,2752,2,7200,1.00399709302
479156,479177,479800,21,623,2,14400,1.03370786517
479181,479205,482112,24,2907,2,7200,1.00825593395
479196,479210,482114,14,2904,2,7200,1.00482093664
479317,479327,482227,10,2900,2,7200,1.00344827586
479353,479364,482319,11,2955,2,7200,1.00372250423
479492,479501,482546,9,3045,2,7200,1.00295566502
479626,479828,487858,202,8030,2,14400,1.02515566625
479781,479805,482765,24,2960,2,7200,1.00810810811
479844,479857,483044,13,3187,2,7200,1.00407907123
480520,480541,481108,21,567,1,10800,1.03703703704
480595,480604,483633,9,3029,2,7200,1.00297127765
480830,480840,484055,10,3215,2,7200,1.00311041991
480878,480888,483953,10,3065,2,7200,1.00326264274
480893,480902,484067,9,3165,2,7200,1.0028436019
480938,480949,483894,11,2945,2,7200,1.00373514431
480953,480960,483990,7,3030,2,7200,1.00231023102
480977,480985,483908,8,2923,2,7200,1.00273691413
481113,481127,484198,14,3071,2,7200,1.00455877564
481213,481223,483976,10,2753,2,7200,1.00363240102
481228,481236,484312,8,3076,2,7200,1.00260078023
481249,481257,484394,8,3137,2,7200,1.0025502072
481276,481286,484399,10,3113,2,7200,1.00321233537
481303,481313,484285,10,2972,2,7200,1.00336473755
481497,481507,484431,10,2924,2,7200,1.00341997264
481551,481559,484364,8,2805,2,7200,1.00285204991
481566,481572,484269,6,2697,2,7200,1.0022246941
481581,481589,484490,8,2901,2,7200,1.00275766977
481596,481602,484445,6,2843,2,7200,1.00211044671
481611,481616,484748,5,3132,2,7200,1.00159642401
481656,481665,485010,9,3345,2,7200,1.00269058296
481671,481679,484644,8,2965,2,7200,1.00269814503
481672,481685,484632,13,2947,2,7200,1.00441126569
481674,481691,484831,17,3140,2,7200,1.00541401274
481728,481742,484642,14,2900,2,7200,1.00482758621
481864,481873,484823,9,2950,2,7200,1.00305084746
481879,481886,484979,7,3093,2,7200,1.00226317491
481894,481903,484894,9,2991,2,7200,1.00300902708
481912,481922,484787,10,2865,2,7200,1.0034904014
481948,481956,485020,8,3064,2,7200,1.00261096606
482030,482039,485385,9,3346,2,7200,1.00268977884
482075,482083,485162,8,3079,2,7200,1.00259824618
482090,482096,485307,6,3211,2,7200,1.00186857677
482114,482131,485217,17,3086,2,7200,1.00550874919
482116,482124,484976,8,2852,2,7200,1.00280504909
482146,482155,485257,9,3102,2,7200,1.00290135397
482195,482947,662984,752,180037,16,180000,1.00417691919
482230,482238,484950,8,2712,2,7200,1.00294985251
482321,482330,485220,9,2890,2,7200,1.00311418685
482346,482627,662643,281,180016,16,180000,1.00156097236
482547,482557,485603,10,3046,2,7200,1.00328299409
482767,482777,485752,10,2975,2,7200,1.00336134454
483048,483059,486106,11,3047,2,7200,1.0036101083
483520,483527,485001,7,1474,1,10800,1.00474898236
483542,483549,484484,7,935,2,28800,1.00748663102
483542,483554,484741,12,1187,1,14400,1.0101095198
483636,483644,486733,8,3089,2,7200,1.0025898349
483895,483906,487063,11,3157,2,7200,1.00348432056
483910,483921,486862,11,2941,2,7200,1.00374022441
483939,483946,484739,7,793,1,10800,1.00882723834
483955,483965,486874,10,2909,2,7200,1.00343760743
483979,483987,487204,8,3217,2,7200,1.00248678893
483994,484001,487045,7,3044,2,7200,1.00229960578
484057,484066,487141,9,3075,2,7200,1.00292682927
484072,484078,487002,6,2924,2,7200,1.00205198358
484077,484086,484287,9,201,1,10800,1.0447761194
484199,484210,487329,11,3119,2,7200,1.0035267714
484267,484274,497885,7,13611,1,72000,1.00051428991
484271,484280,487391,9,3111,2,7200,1.00289296046
484286,484296,487286,10,2990,2,7200,1.00334448161
484313,484327,487540,14,3213,2,7200,1.00435729847
484314,484320,497899,6,13579,1,72000,1.00044185875
484323,484339,490849,16,6510,2,28800,1.0024577573
484365,484375,487173,10,2798,2,7200,1.00357398142
484378,484385,487877,7,3492,1,10800,1.0020045819
484395,484407,487266,12,2859,2,7200,1.00419727177
484410,484416,487341,6,2925,2,7200,1.00205128205
484433,484448,487482,15,3034,2,7200,1.00494396836
484448,484456,487227,8,2771,2,7200,1.00288704439
484491,484513,487678,22,3165,2,7200,1.00695102686
484493,484506,491175,13,6669,1,7200,1.00194931774
484536,484543,491817,7,7274,2,28800,1.00096233159
484633,484643,487622,10,2979,2,7200,1.00335683115
484640,484650,487016,10,2366,1,86400,1.00422654269
484648,484658,487681,10,3023,2,7200,1.00330797221
484649,484663,487723,14,3060,2,7200,1.0045751634
484741,484748,539223,7,54475,1,86400,1.00012849931
484749,484761,487602,12,2841,2,7200,1.00422386484
484788,484798,487547,10,2749,2,7200,1.00363768643
484825,484834,487851,9,3017,2,7200,1.00298309579
484840,484846,488040,6,3194,2,7200,1.00187852223
484897,484906,487969,9,3063,2,7200,1.00293829579
484913,484919,491219,6,6300,1,10800,1.00095238095
484951,484961,488050,10,3089,2,7200,1.00323729362
484979,484991,487862,12,2871,2,7200,1.00417972832
484994,485004,488182,10,3178,2,7200,1.0031466331
485012,485021,488052,9,3031,2,7200,1.00296931706
485027,485033,488117,6,3084,2,7200,1.00194552529
485166,485175,487937,9,2762,2,7200,1.00325850833
485220,485234,488343,14,3109,2,7200,1.00450305564
485222,485239,488368,17,3129,2,7200,1.0054330457
485258,485267,487973,9,2706,2,7200,1.00332594235
485310,485319,488395,9,3076,2,7200,1.00292587776
485388,485397,488517,9,3120,2,7200,1.00288461538
485538,485544,487385,6,1841,12,21600,1.00325909832
485582,485588,495250,6,9662,12,57600,1.00062098944
485606,485615,488408,9,2793,2,7200,1.00322234157
485754,485763,488937,9,3174,2,7200,1.00283553875
485992,486317,488631,325,2314,12,3600,1.1404494382
486110,486119,488925,9,2806,2,7200,1.00320741269
486124,486131,486646,7,515,1,10800,1.01359223301
486618,487397,489235,779,1838,12,21600,1.42383025027
486736,486744,489833,8,3089,2,7200,1.0025898349
486862,486873,489974,11,3101,2,7200,1.00354724282
486877,486885,490076,8,3191,2,7200,1.00250705108
487004,487015,489853,11,2838,2,7200,1.00387596899
487046,487058,490134,12,3076,2,7200,1.00390117035
487064,487075,490301,11,3226,2,7200,1.00340979541
487095,487101,490720,6,3619,1,3600,1.00165791655
487097,487108,490737,11,3629,1,3600,1.00303113805
487099,487114,490743,15,3629,1,3600,1.00413337007
487101,487119,490739,18,3620,1,3600,1.00497237569
487103,487137,490774,34,3637,1,3600,1.00934836404
487106,487142,490757,36,3615,1,3600,1.00995850622
487108,487887,491489,779,3602,1,3600,1.21626873959
487110,487892,491500,782,3608,1,3600,1.2167405765
487111,487899,491545,788,3646,1,3600,1.21612726275
487113,488647,492293,1534,3646,1,3600,1.42073505211
487115,488652,492259,1537,3607,1,3600,1.42611588578
487117,488658,492291,1541,3633,1,3600,1.4241673548
487119,488663,492291,1544,3628,1,3600,1.42557883131
487121,488668,491435,1547,2767,1,3600,1.55908926635
487123,488674,490927,1551,2253,1,3600,1.68841544607
487125,488679,491680,1554,3001,1,3600,1.51782739087
487127,488684,492295,1557,3611,1,3600,1.43118249792
487130,488690,492299,1560,3609,1,3600,1.43225270158
487132,488695,492299,1563,3604,1,3600,1.43368479467
487134,488700,492321,1566,3621,1,3600,1.43247721624
487136,488706,492309,1570,3603,1,3600,1.43574798779
487138,488994,492622,1856,3628,1,3600,1.51157662624
487140,489003,492631,1863,3628,1,3600,1.51350606395
487141,489042,492688,1901,3646,1,3600,1.52139330773
487142,487155,490115,13,2960,2,7200,1.00439189189
487144,489253,492893,2109,3640,1,3600,1.5793956044
487145,489258,492886,2113,3628,1,3600,1.58241455347
487147,489264,492881,2117,3617,1,3600,1.58529167819
487149,489269,492673,2120,3404,1,3600,1.62279670975
487151,489274,492898,2123,3624,1,3600,1.58581677704
487152,489280,492926,2128,3646,1,3600,1.58365331871
487154,489285,492903,2131,3618,1,3600,1.58899944721
487156,489291,492896,2135,3605,1,3600,1.59223300971
487158,489296,492936,2138,3640,1,3600,1.58736263736
487160,489301,492920,2141,3619,1,3600,1.59159988947
487162,489956,493576,2794,3620,1,3600,1.77182320442
487164,490732,494365,3568,3633,1,3600,1.98210845032
487167,490749,494382,3582,3633,1,3600,1.98596201486
487169,490756,494388,3587,3632,1,3600,1.98761013216
487171,490761,494318,3590,3557,1,3600,2.00927748102
487172,490769,494402,3597,3633,1,3600,1.99009083402
487175,490787,494419,3612,3632,1,3600,1.99449339207
487175,487190,490181,15,2991,2,7200,1.00501504514
487177,490866,494505,3689,3639,1,3600,2.01374003847
487179,490871,494499,3692,3628,1,3600,2.01764057332
487182,490944,494552,3762,3608,1,3600,2.04268292683
487184,491188,494826,4004,3638,1,3600,2.10060472787
487186,491232,494872,4046,3640,1,3600,2.11153846154
487193,491449,492727,4256,1278,1,3600,4.33020344288
487197,491501,493239,4304,1738,1,3600,3.47640966628
487201,491512,492946,4311,1434,1,3600,4.00627615063
487203,491557,492694,4354,1137,1,3600,4.82937554969
487205,487216,490086,11,2870,2,7200,1.00383275261
487206,491692,492842,4486,1150,1,3600,4.90086956522
487208,491829,493029,4621,1200,1,3600,4.85083333333
487210,491834,493070,4624,1236,1,3600,4.74110032362
487213,491861,493578,4648,1717,1,3600,3.70704717531
487215,492274,493675,5059,1401,1,3600,4.61099214847
487218,492308,493567,5090,1259,1,3600,5.04289118348
487221,492315,493726,5094,1411,1,3600,4.61020552799
487223,492321,493606,5098,1285,1,3600,4.9673151751
487226,492326,493651,5100,1325,1,3600,4.84905660377
487229,492332,493636,5103,1304,1,3600,4.91334355828
487230,487246,490490,16,3244,2,7200,1.00493218249
487231,492337,493966,5106,1629,1,3600,4.13443830571
487234,492350,493818,5116,1468,1,3600,4.48501362398
487236,492355,493969,5119,1614,1,3600,4.17162329616
487239,492634,494268,5395,1634,1,3600,4.30171358629
487241,492643,493907,5402,1264,1,3600,5.27373417722
487244,492685,494150,5441,1465,1,3600,4.71399317406
487246,492699,494162,5453,1463,1,3600,4.72727272727
487248,492707,493765,5459,1058,1,3600,6.15973534972
487250,492739,494055,5489,1316,1,3600,5.17097264438
487269,487278,490260,9,2982,2,7200,1.00301810865
487287,487298,490196,11,2898,2,7200,1.00379572119
487332,487341,490556,9,3215,2,7200,1.00279937792
487347,487353,490272,6,2919,2,7200,1.00205549846
487392,487403,490351,11,2948,2,7200,1.00373134328
487483,487493,490806,10,3313,2,7200,1.00301841232
487543,487551,490478,8,2927,2,7200,1.0027331739
487558,487564,490544,6,2980,2,7200,1.00201342282
487603,487613,490509,10,2896,2,7200,1.00345303867
487624,487633,490616,9,2983,2,7200,1.00301709688
487679,487690,490790,11,3100,2,7200,1.0035483871
487694,487705,491088,11,3383,2,7200,1.00325155188
487724,487736,490975,12,3239,2,7200,1.00370484718
487854,487863,490865,9,3002,2,7200,1.00299800133
487868,487876,490974,8,3098,2,7200,1.00258231117
487941,487950,491072,9,3122,2,7200,1.00288276746
487971,487981,491020,10,3039,2,7200,1.0032905561
487986,487992,490963,6,2971,2,7200,1.00201952205
488023,488554,489933,531,1379,12,36000,1.38506163887
488044,488053,491126,9,3073,2,7200,1.00292873414
488059,488066,490847,7,2781,2,7200,1.00251708019
488060,488072,490992,12,2920,2,7200,1.00410958904
488120,488130,491215,10,3085,2,7200,1.00324149109
488184,488194,491070,10,2876,2,7200,1.00347705146
488344,488354,491251,10,2897,2,7200,1.00345184674
488371,488384,491440,13,3056,2,7200,1.0042539267
488398,488406,491577,8,3171,2,7200,1.00252286345
488413,488421,491428,8,3007,2,7200,1.00266045893
488519,488528,491447,9,2919,2,7200,1.00308324769
488926,488937,492052,11,3115,2,7200,1.00353130016
488941,488948,492016,7,3068,2,7200,1.00228161669
488964,489248,579295,284,90047,2,90000,1.00315390851
489174,494073,504881,4899,10808,16,10800,1.45327535159
489174,492883,492908,3709,25,1,7200,149.36
489816,489950,490679,134,729,8,172800,1.18381344307
489820,490691,492094,871,1403,8,172800,1.62081254455
489837,489844,492904,7,3060,2,7200,1.0022875817
489855,489865,492911,10,3046,2,7200,1.00328299409
489881,489945,496558,64,6613,3,21600,1.00967790715
489976,489986,492731,10,2745,2,7200,1.00364298725
490079,490089,492896,10,2807,2,7200,1.00356252227
490094,490100,493046,6,2946,2,7200,1.00203665988
490118,490128,492987,10,2859,2,7200,1.00349772648
490136,490146,493166,10,3020,2,7200,1.00331125828
490184,490193,493146,9,2953,2,7200,1.00304774805
490199,490208,493428,9,3220,2,7200,1.00279503106
490262,490271,493256,9,2985,2,7200,1.00301507538
490278,490285,493433,7,3148,2,7200,1.00222363405
490303,490316,493573,13,3257,2,7200,1.00399140313
490351,490370,493238,19,2868,2,7200,1.00662482566
490481,490491,493542,10,3051,2,7200,1.0032776139
490496,490504,493888,8,3384,2,7200,1.00236406619
490511,490520,493729,9,3209,2,7200,1.00280461203
490548,490557,493199,9,2642,2,7200,1.00340651022
490563,490569,493135,6,2566,2,7200,1.00233826968
490617,490628,493439,11,2811,2,7200,1.00391319815
490645,493041,503456,2396,10415,12,36000,1.23005280845
490794,490802,493922,8,3120,2,7200,1.00256410256
490808,490817,493729,9,2912,2,7200,1.00309065934
490848,490858,493674,10,2816,2,7200,1.00355113636
490866,490877,493844,11,2967,2,7200,1.0037074486
490965,490974,493996,9,3022,2,7200,1.00297816016
490980,490989,493760,9,2771,2,7200,1.00324792494
490982,490994,493889,12,2895,2,7200,1.00414507772
490997,491007,494074,10,3067,2,7200,1.00326051516
491024,491045,493803,21,2758,2,7200,1.0076142132
491074,491083,493844,9,2761,2,7200,1.00325968852
491075,491089,494156,14,3067,2,7200,1.00456472123
491090,491102,494254,12,3152,2,7200,1.0038071066
491128,491138,493901,10,2763,2,7200,1.00361925443
491218,491226,494381,8,3155,2,7200,1.00253565769
491255,491262,493982,7,2720,2,7200,1.00257352941
491430,491441,494522,11,3081,2,7200,1.00357026939
491445,491456,494427,11,2971,2,7200,1.00370245709
491460,491467,494335,7,2868,2,7200,1.00244072524
491576,491592,494595,16,3003,2,7200,1.00532800533
491748,492854,492871,1106,17,1,10800,66.0588235294
492011,492106,500872,95,8766,8,172800,1.01083732603
492017,492028,494951,11,2923,2,7200,1.00376325693
492054,492065,494996,11,2931,2,7200,1.00375298533
492411,493725,494061,1314,336,16,172800,4.91071428571
492732,492746,495698,14,2952,2,7200,1.00474254743
492898,492907,495957,9,3050,2,7200,1.00295081967
492913,492920,495743,7,2823,2,7200,1.0024796316
492915,492926,496183,11,3257,2,7200,1.00337734111
492920,492932,492933,12,1,1,1200,1.3
492942,492959,492960,17,1,1,1200,1.8
492943,492975,492976,32,1,1,1200,3.3
492943,493003,493004,60,1,1,1200,6.1
492990,493015,495705,25,2690,2,7200,1.0092936803
493048,493064,496474,16,3410,2,7200,1.00469208211
493135,493147,496022,12,2875,2,7200,1.00417391304
493150,493164,496111,14,2947,2,7200,1.00475059382
493169,493177,496338,8,3161,2,7200,1.00253084467
493203,493211,496144,8,2933,2,7200,1.00272758268
493242,493250,496111,8,2861,2,7200,1.0027962251
493257,493268,496086,11,2818,2,7200,1.00390347764
493431,493440,496444,9,3004,2,7200,1.00299600533
493446,493452,496305,6,2853,2,7200,1.00210304942
493447,493460,496577,13,3117,2,7200,1.00417067693
493544,493553,496458,9,2905,2,7200,1.00309810671
493574,493584,496770,10,3186,2,7200,1.00313873195
493677,493691,496541,14,2850,2,7200,1.0049122807
493732,493744,496829,12,3085,2,7200,1.0038897893
493733,493749,496720,16,2971,2,7200,1.00538539212
493764,493773,496617,9,2844,2,7200,1.00316455696
493803,493815,496435,12,2620,2,7200,1.00458015267
493825,493831,583877,6,90046,2,90000,1.00006663261
493848,493856,496864,8,3008,2,7200,1.00265957447
493850,493862,497074,12,3212,2,7200,1.00373599004
493889,493900,497022,11,3122,2,7200,1.00352338245
493904,493911,496899,7,2988,2,7200,1.00234270415
493906,493918,496516,12,2598,2,7200,1.00461893764
493924,493933,496825,9,2892,2,7200,1.0031120332
493984,493993,497036,9,3043,2,7200,1.00295760762
493999,494008,497014,9,3006,2,7200,1.00299401198
494079,494085,496699,6,2614,2,7200,1.00229533282
494157,494168,497337,11,3169,2,7200,1.00347112654
494256,494265,496976,9,2711,2,7200,1.00331980819
494262,494273,531953,11,37680,2,90000,1.00029193206
494339,494346,497398,7,3052,2,7200,1.00229357798
494382,494393,497292,11,2899,2,7200,1.00379441187
494430,494441,497253,11,2812,2,7200,1.00391180654
494524,494533,497517,9,2984,2,7200,1.00301608579
494584,494590,519241,6,24651,2,90000,1.00024339783
494597,494607,497588,10,2981,2,7200,1.003354579
494692,494699,495376,7,677,1,14400,1.01033973412
494816,494822,495311,6,489,1,10800,1.01226993865
494954,494963,497701,9,2738,2,7200,1.00328707085
495000,495007,498095,7,3088,2,7200,1.00226683938
495656,495667,495762,11,95,1,10800,1.11578947368
495701,495710,498622,9,2912,2,7200,1.00309065934
495716,495727,498725,11,2998,2,7200,1.00366911274
495748,495755,498800,7,3045,2,7200,1.00229885057
495959,495970,499067,11,3097,2,7200,1.00355182435
496025,496035,498919,10,2884,2,7200,1.00346740638
496089,496097,498864,8,2767,2,7200,1.00289121793
496115,496127,499071,12,2944,2,7200,1.00407608696
496116,496132,499267,16,3135,2,7200,1.00510366826
496147,496156,499010,9,2854,2,7200,1.00315346882
496186,496195,499162,9,2967,2,7200,1.00303336704
496307,496316,499480,9,3164,2,7200,1.00284450063
496340,496349,499505,9,3156,2,7200,1.00285171103
496438,496446,499792,8,3346,2,7200,1.00239091452
496453,496465,499187,12,2722,2,7200,1.00440852314
496469,496478,499744,9,3266,2,7200,1.00275566442
496483,496495,499439,12,2944,2,7200,1.00407608696
496517,496527,499744,10,3217,2,7200,1.00310848617
496544,496553,499359,9,2806,2,7200,1.00320741269
496581,496588,499464,7,2876,2,7200,1.00243393602
496617,496628,499642,11,3014,2,7200,1.00364963504
496691,496698,503916,7,7218,1,7200,1.00096979773
496700,496707,504840,7,8133,1,36000,1.00086069101
496702,496713,499380,11,2667,2,7200,1.00412448444
496723,496731,499766,8,3035,2,7200,1.00263591433
496771,496781,499901,10,3120,2,7200,1.00320512821
496829,496836,499888,7,3052,2,7200,1.00229357798
496830,496843,499843,13,3000,2,7200,1.00433333333
496867,496879,499985,12,3106,2,7200,1.00386349002
496901,496910,499938,9,3028,2,7200,1.00297225892
496980,496989,499951,9,2962,2,7200,1.00303848751
497013,497020,498516,7,1496,1,10800,1.00467914439
497016,497026,500286,10,3260,2,7200,1.00306748466
497031,497037,499987,6,2950,2,7200,1.00203389831
497046,497052,500235,6,3183,2,7200,1.00188501414
497076,497085,499996,9,2911,2,7200,1.00309172106
497254,497264,500395,10,3131,2,7200,1.00319386777
497294,497303,500235,9,2932,2,7200,1.00306957708
497339,497349,500274,10,2925,2,7200,1.00341880342
497399,497409,500318,10,2909,2,7200,1.00343760743
497520,497528,500595,8,3067,2,7200,1.00260841213
497590,497599,500356,9,2757,2,7200,1.00326441785
497704,497712,500860,8,3148,2,7200,1.00254129606
497937,497944,499782,7,1838,12,21600,1.00380848749
497945,497952,497959,7,7,1,72000,1.4
498023,498030,543374,7,45344,1,72000,1.00015437544
498043,498049,543512,6,45463,1,72000,1.00013197545
498097,498107,501106,10,2999,2,7200,1.00333444481
498625,498634,501685,9,3051,2,7200,1.00294985251
498654,498661,574824,7,76163,1,86400,1.00009190814
498727,498737,501677,10,2940,2,7200,1.00340136054
498803,498815,501877,12,3062,2,7200,1.00391900718
498866,498875,501989,9,3114,2,7200,1.00289017341
498897,498904,501779,7,2875,12,57600,1.00243478261
498921,498935,501754,14,2819,2,7200,1.00496630011
499012,499022,501995,10,2973,2,7200,1.00336360579
499069,499081,502057,12,2976,2,7200,1.00403225806
499084,499095,501968,11,2873,2,7200,1.00382875044
499166,499173,502121,7,2948,2,7200,1.00237449118
499190,499198,502285,8,3087,2,7200,1.0025915128
499269,499278,502187,9,2909,2,7200,1.00309384668
499362,499371,502527,9,3156,2,7200,1.00285171103
499383,499392,502270,9,2878,2,7200,1.00312717165
499441,499451,502294,10,2843,2,7200,1.00351741119
499465,499475,502559,10,3084,2,7200,1.00324254215
499483,499492,502578,9,3086,2,7200,1.00291639663
499507,499516,502618,9,3102,2,7200,1.00290135397
499643,499654,502638,11,2984,2,7200,1.00368632708
499746,499755,502821,9,3066,2,7200,1.00293542074
499747,499761,502777,14,3016,2,7200,1.00464190981
499768,499780,502902,12,3122,2,7200,1.00384368994
499792,499804,502759,12,2955,2,7200,1.00406091371
499840,499854,502845,14,2991,2,7200,1.00468070879
499889,499899,502876,10,2977,2,7200,1.00335908633
499904,499915,502844,11,2929,2,7200,1.00375554797
499940,499950,503093,10,3143,2,7200,1.00318167356
499955,499963,502931,8,2968,2,7200,1.00269541779
499989,499997,503133,8,3136,2,7200,1.00255102041
499990,500004,502796,14,2792,2,7200,1.00501432665
500005,500011,503128,6,3117,2,7200,1.00192492782
500099,500108,611986,9,111878,16,172800,1.00008044477
500238,500246,503203,8,2957,2,7200,1.00270544471
500240,500253,503328,13,3075,2,7200,1.00422764228
500276,500285,503362,9,3077,2,7200,1.00292492688
500291,500297,503192,6,2895,2,7200,1.00207253886
500321,500329,503088,8,2759,2,7200,1.0028996013
500358,500367,503354,9,2987,2,7200,1.00301305658
500397,500407,503250,10,2843,2,7200,1.00351741119
500545,500552,508991,7,8439,1,10800,1.00082948217
500597,500606,504062,9,3456,2,7200,1.00260416667
500862,500872,503775,10,2903,2,7200,1.00344471237
501107,501118,503885,11,2767,2,7200,1.00397542465
501680,501690,504699,10,3009,2,7200,1.00332336324
501695,501701,504665,6,2964,2,7200,1.0020242915
501755,501765,504875,10,3110,2,7200,1.00321543408
501879,501889,504985,10,3096,2,7200,1.00322997416
501970,501979,504823,9,2844,2,7200,1.00316455696
501991,502001,504991,10,2990,2,7200,1.00334448161
502006,502012,504926,6,2914,2,7200,1.00205902539
502060,502069,505195,9,3126,2,7200,1.00287907869
502123,502132,505209,9,3077,2,7200,1.00292492688
502190,502198,505091,8,2893,2,7200,1.00276529554
502271,502281,505381,10,3100,2,7200,1.00322580645
502287,502298,505257,11,2959,2,7200,1.00371747212
502302,502308,505112,6,2804,2,7200,1.00213980029
502528,502538,505335,10,2797,2,7200,1.00357525921
502561,502570,505539,9,2969,2,7200,1.00303132368
502579,502589,505568,10,2979,2,7200,1.00335683115
502619,502629,505588,10,2959,2,7200,1.00337952011
502640,502649,505639,9,2990,2,7200,1.00301003344
502761,502771,505807,10,3036,2,7200,1.00329380764
502779,502795,505861,16,3066,2,7200,1.00521852577
502797,502808,506022,11,3214,2,7200,1.00342252645
502824,502834,505794,10,2960,2,7200,1.00337837838
502846,502856,505890,10,3034,2,7200,1.00329597891
502847,502861,505716,14,2855,2,7200,1.00490367776
502877,502888,505909,11,3021,2,7200,1.00364117842
502904,502913,505729,9,2816,2,7200,1.00319602273
502932,502943,505997,11,3054,2,7200,1.00360183366
503089,503103,506017,14,2914,2,7200,1.00480439259
503104,503110,506183,6,3073,2,7200,1.00195248942
503131,503148,506117,17,2969,2,7200,1.00572583361
503146,503165,506037,19,2872,2,7200,1.00661559889
503194,503203,506184,9,2981,2,7200,1.0030191211
503209,503215,506229,6,3014,2,7200,1.00199071002
503252,503262,506387,10,3125,2,7200,1.0032
503330,503339,506524,9,3185,2,7200,1.00282574568
503354,503365,506260,11,2895,2,7200,1.00379965458
503369,503375,506683,6,3308,2,7200,1.00181378476
503777,503792,506757,15,2965,2,7200,1.00505902192
503886,503899,507039,13,3140,2,7200,1.00414012739
504064,504073,507203,9,3130,2,7200,1.00287539936
504667,504676,507518,9,2842,2,7200,1.00316678395
504700,504711,507830,11,3119,2,7200,1.0035267714
504824,504836,507846,12,3010,2,7200,1.00398671096
504875,504887,507947,12,3060,2,7200,1.00392156863
504927,504937,508179,10,3242,2,7200,1.00308451573
504931,504943,504944,12,1,2,3540,1.3
504987,504996,507926,9,2930,2,7200,1.00307167235
505002,505008,507868,6,2860,2,7200,1.0020979021
505093,505103,508250,10,3147,2,7200,1.00317762949
505115,505134,508413,19,3279,2,7200,1.00579444953
505197,505207,508319,10,3112,2,7200,1.00321336761
505212,505221,508237,9,3016,2,7200,1.00298408488
505261,505269,508191,8,2922,2,7200,1.00273785079
505336,505346,508304,10,2958,2,7200,1.00338066261
505382,505392,508662,10,3270,2,7200,1.00305810398
505542,505554,508686,12,3132,2,7200,1.00383141762
505569,505579,508501,10,2922,2,7200,1.00342231348
505590,505599,508493,9,2894,2,7200,1.00310988252
505641,505651,508775,10,3124,2,7200,1.00320102433
505717,505727,508779,10,3052,2,7200,1.00327653997
505732,505740,508519,8,2779,2,7200,1.00287873336
505795,505815,508939,20,3124,2,7200,1.00640204866
505810,505833,508803,23,2970,2,7200,1.00774410774
505862,505872,508597,10,2725,2,7200,1.00366972477
505892,505907,509070,15,3163,2,7200,1.00474233323
505910,505922,508712,12,2790,2,7200,1.00430107527
505998,506009,508928,11,2919,2,7200,1.00376841384
506019,506029,509143,10,3114,2,7200,1.00321130379
506034,506040,509237,6,3197,2,7200,1.00187675946
506049,506055,509003,6,2948,2,7200,1.00203527815
506118,506134,509056,16,2922,2,7200,1.00547570157
506185,506194,509154,9,2960,2,7200,1.00304054054
506186,506201,509225,15,3024,2,7200,1.00496031746
506231,506242,509281,11,3039,2,7200,1.00361961171
506262,506272,509529,10,3257,2,7200,1.0030703101
506389,506398,509366,9,2968,2,7200,1.00303234501
506525,506536,509491,11,2955,2,7200,1.00372250423
506685,506694,509789,9,3095,2,7200,1.00290791599
506758,506773,509697,15,2924,2,7200,1.00512995896
507042,507050,509902,8,2852,2,7200,1.00280504909
507205,507214,510050,9,2836,2,7200,1.00317348378
507521,507532,510271,11,2739,2,7200,1.00401606426
507685,507695,545785,10,38090,12,57600,1.0002625361
507832,507845,510662,13,2817,2,7200,1.00461483848
507847,507857,510759,10,2902,2,7200,1.00344589938
507868,507880,510890,12,3010,2,7200,1.00398671096
507929,507937,511079,8,3142,2,7200,1.00254614895
507950,507958,510991,8,3033,2,7200,1.00263765249
508182,508190,511244,8,3054,2,7200,1.00261951539
508197,508204,511136,7,2932,2,7200,1.00238744884
508239,508248,511424,9,3176,2,7200,1.00283375315
508254,508261,511138,7,2877,2,7200,1.00243309002
508306,508316,510997,10,2681,2,7200,1.00372995151
508321,508330,511391,9,3061,2,7200,1.00294021562
508415,508425,511233,10,2808,2,7200,1.00356125356
508496,508509,511354,13,2845,2,7200,1.00456942004
508511,508517,511644,6,3127,2,7200,1.00191877199
508526,508538,511316,12,2778,2,7200,1.00431965443
508598,508608,511411,10,2803,2,7200,1.00356760614
508665,508673,511333,8,2660,2,7200,1.0030075188
508689,508698,511980,9,3282,2,7200,1.00274223035
508713,508724,511565,11,2841,2,7200,1.0038718761
508777,508787,511757,10,2970,2,7200,1.00336700337
508792,508798,511875,6,3077,2,7200,1.00194995125
508807,508817,511979,10,3162,2,7200,1.00316255534
508931,508942,511909,11,2967,2,7200,1.0037074486
508946,508952,512043,6,3091,2,7200,1.00194111938
509006,509014,511961,8,2947,2,7200,1.00271462504
509058,509067,512287,9,3220,2,7200,1.00279503106
509073,509081,512187,8,3106,2,7200,1.00257566001
509145,509158,512304,13,3146,2,7200,1.0041322314
509160,509182,512197,22,3015,2,7200,1.00729684909
509227,509236,512240,9,3004,2,7200,1.00299600533
509242,509250,511987,8,2737,2,7200,1.00292290829
509284,509292,512001,8,2709,2,7200,1.00295311923
509368,509377,512400,9,3023,2,7200,1.00297717499
509492,509502,512666,10,3164,2,7200,1.00316055626
509532,509546,512693,14,3147,2,7200,1.00444868128
509698,509708,512772,10,3064,2,7200,1.00326370757
509792,509802,512697,10,2895,2,7200,1.00345423143
509904,509913,512777,9,2864,2,7200,1.0031424581
510052,510062,513113,10,3051,2,7200,1.0032776139
510272,510286,513380,14,3094,2,7200,1.00452488688
510665,510673,513433,8,2760,2,7200,1.00289855072
510761,510770,514001,9,3231,2,7200,1.00278551532
510891,510902,514000,11,3098,2,7200,1.00355067786
510994,511009,513846,15,2837,2,7200,1.00528727529
510995,511002,513955,7,2953,2,7200,1.00237047071
511080,511090,513756,10,2666,2,7200,1.00375093773
511138,511147,514509,9,3362,2,7200,1.00267697799
511153,511158,514088,5,2930,2,7200,1.00170648464
511234,511248,514223,14,2975,2,7200,1.00470588235
511249,511255,514631,6,3376,2,7200,1.00177725118
511318,511327,514159,9,2832,2,7200,1.0031779661
511333,511344,514323,11,2979,2,7200,1.00369251427
511358,511365,513942,7,2577,2,7200,1.00271633683
511394,511402,514352,8,2950,2,7200,1.00271186441
511412,511422,514216,10,2794,2,7200,1.00357909807
511427,511435,514107,8,2672,2,7200,1.00299401198
511566,511577,514722,11,3145,2,7200,1.00349761526
511612,511619,588292,7,76673,1,86400,1.00009129681
511648,511656,514454,8,2798,2,7200,1.00285918513
511707,511713,593634,6,81921,1,86400,1.00007324129
511745,511751,544170,6,32419,1,86400,1.00018507665
511760,511771,514901,11,3130,2,7200,1.003514377
511878,511888,514864,10,2976,2,7200,1.00336021505
511911,511923,514707,12,2784,2,7200,1.00431034483
511963,511972,515236,9,3264,2,7200,1.00275735294
511981,511997,514812,16,2815,2,7200,1.00568383659
511982,511990,514890,8,2900,2,7200,1.00275862069
511997,512004,514924,7,2920,2,7200,1.00239726027
512012,512018,514991,6,2973,2,7200,1.00201816347
512045,512054,515103,9,3049,2,7200,1.00295178747
512190,512198,514902,8,2704,2,7200,1.00295857988
512205,512211,515438,6,3227,2,7200,1.00185931205
512241,512251,515409,10,3158,2,7200,1.00316656111
512289,512302,515187,13,2885,2,7200,1.00450606586
512305,512316,515101,11,2785,2,7200,1.0039497307
512401,512412,515291,11,2879,2,7200,1.0038207711
512667,512677,515703,10,3026,2,7200,1.00330469266
512695,512704,515595,9,2891,2,7200,1.00311310965
512710,512716,515767,6,3051,2,7200,1.00196656834
512773,512783,515854,10,3071,2,7200,1.00325626832
512788,512794,515670,6,2876,2,7200,1.00208623088
513114,513125,516172,11,3047,2,7200,1.0036101083
513383,513392,516684,9,3292,2,7200,1.00273390036
513437,513445,516768,8,3323,2,7200,1.00240746314
513760,513768,516810,8,3042,2,7200,1.00262984878
513847,513857,516731,10,2874,2,7200,1.00347947112
513944,513954,516840,10,2886,2,7200,1.00346500347
513959,513977,517005,18,3028,2,7200,1.00594451783
514002,514018,516990,16,2972,2,7200,1.00538358008
514003,514012,516965,9,2953,2,7200,1.00304774805
514091,514100,517065,9,2965,2,7200,1.00303541315
514106,514118,517108,12,2990,2,7200,1.00401337793
514160,514171,516840,11,2669,2,7200,1.00412139378
514218,514227,517135,9,2908,2,7200,1.00309491059
514233,514244,517097,11,2853,2,7200,1.00385559061
514327,514335,517444,8,3109,2,7200,1.00257317465
514354,514363,517335,9,2972,2,7200,1.0030282638
514457,514466,517072,9,2606,2,7200,1.00345356869
514513,514522,517435,9,2913,2,7200,1.00308959835
514634,514642,517491,8,2849,2,7200,1.00280800281
514711,514718,517439,7,2721,2,7200,1.00257258361
514726,514734,517685,8,2951,2,7200,1.00271094544
514813,514823,517793,10,2970,2,7200,1.00336700337
514865,514875,518016,10,3141,2,7200,1.00318369946
514892,514902,518073,10,3171,2,7200,1.00315357931
514898,514910,515093,12,183,2,18060,1.06557377049
514908,514917,517922,9,3005,2,7200,1.00299500832
514909,514922,517674,13,2752,2,7200,1.00472383721
514927,514935,517977,8,3042,2,7200,1.00262984878
514937,514949,532264,12,17315,1,18060,1.00069304072
514973,514980,517163,7,2183,9,18060,1.00320659643
514994,515004,518095,10,3091,2,7200,1.00323519896
515096,515103,533105,7,18002,1,18060,1.00038884568
515103,515116,518032,13,2916,2,7200,1.00445816187
515118,515124,518112,6,2988,2,7200,1.00200803213
515190,515199,518313,9,3114,2,7200,1.00289017341
515239,515247,518353,8,3106,2,7200,1.00257566001
515293,515303,518446,10,3143,2,7200,1.00318167356
515411,515420,518190,9,2770,2,7200,1.00324909747
515441,515449,518327,8,2878,2,7200,1.00277970813
515598,515607,518474,9,2867,2,7200,1.00313916986
515674,515682,518712,8,3030,2,7200,1.00264026403
515705,515715,518725,10,3010,2,7200,1.00332225914
515768,515778,518781,10,3003,2,7200,1.00333000333
515856,515866,518744,10,2878,2,7200,1.00347463516
515912,515918,515919,6,1,1,240,1.0
516173,516183,519010,10,2827,2,7200,1.00353731871
516686,516695,519671,9,2976,2,7200,1.00302419355
516734,516742,519643,8,2901,2,7200,1.00275766977
516771,516779,519735,8,2956,2,7200,1.00270635995
516813,516822,519801,9,2979,2,7200,1.00302114804
516837,516851,519480,14,2629,2,7200,1.00532521871
516852,516858,519859,6,3001,2,7200,1.00199933356
516966,516982,519876,16,2894,2,7200,1.00552868003
516991,517002,520234,11,3232,2,7200,1.00340346535
517009,517016,520148,7,3132,2,7200,1.00223499361
517066,517077,520161,11,3084,2,7200,1.00356679637
517081,517087,520249,6,3162,2,7200,1.00189753321
517099,517108,520145,9,3037,2,7200,1.00296345077
517114,517121,519765,7,2644,2,7200,1.00264750378
517138,517148,520249,10,3101,2,7200,1.0032247662
517166,517183,520274,17,3091,7,18060,1.00549983824
517250,517258,533108,8,15850,1,18060,1.00050473186
517338,517346,520227,8,2881,2,7200,1.00277681361
517438,517448,520191,10,2743,2,7200,1.00364564346
517453,517463,520431,10,2968,2,7200,1.00336927224
517454,517469,520707,15,3238,2,7200,1.00463248919
517493,517502,519956,9,2454,2,7200,1.00366748166
517678,517687,520659,9,2972,2,7200,1.0030282638
517693,517699,520798,6,3099,2,7200,1.00193610842
517796,517805,520719,9,2914,2,7200,1.00308853809
517926,517933,521147,7,3214,2,7200,1.00217797138
517980,517988,520900,8,2912,2,7200,1.00274725275
518016,518027,521232,11,3205,2,7200,1.00343213729
518034,518043,521023,9,2980,2,7200,1.00302013423
518077,518085,521206,8,3121,2,7200,1.002563281
518098,518107,520790,9,2683,2,7200,1.00335445397
518113,518130,521534,17,3404,2,7200,1.00499412456
518191,518201,521064,10,2863,2,7200,1.00349283968
518315,518324,521236,9,2912,2,7200,1.00309065934
518330,518338,521274,8,2936,2,7200,1.00272479564
518354,518364,521297,10,2933,2,7200,1.00340947835
518448,518457,521386,9,2929,2,7200,1.00307272107
518475,518485,521786,10,3301,2,7200,1.00302938503
518713,518723,521764,10,3041,2,7200,1.00328839198
518728,518736,521828,8,3092,2,7200,1.00258732212
518746,518756,521903,10,3147,2,7200,1.00317762949
518783,518792,521768,9,2976,2,7200,1.00302419355
519012,519021,521993,9,2972,2,7200,1.0030282638
519483,519491,522582,8,3091,2,7200,1.00258815917
519646,519654,522775,8,3121,2,7200,1.002563281
519673,519683,522450,10,2767,2,7200,1.00361402241
519737,519747,522601,10,2854,2,7200,1.00350385424
519767,519777,522909,10,3132,2,7200,1.00319284802
519803,519813,523102,10,3289,2,7200,1.00304043782
519860,519870,523018,10,3148,2,7200,1.00317662008
519878,519892,522937,14,3045,2,7200,1.00459770115
519957,519967,523131,10,3164,2,7200,1.00316055626
520148,520156,523128,8,2972,2,7200,1.00269179004
520163,520170,523172,7,3002,2,7200,1.00233177881
520165,520176,522889,11,2713,2,7200,1.00405455216
520192,520202,523194,10,2992,2,7200,1.00334224599
520228,520240,523094,12,2854,2,7200,1.00420462509
520243,520249,523003,6,2754,2,7200,1.00217864924
520258,520265,522895,7,2630,2,7200,1.00266159696
520259,520271,523518,12,3247,2,7200,1.00369571913
520277,520285,524531,8,4246,5,18060,1.00188412624
520403,520410,533107,7,12697,1,18060,1.00055131133
520435,520447,523565,12,3118,2,7200,1.00384862091
520661,520675,523821,14,3146,2,7200,1.00445009536
520710,520719,523691,9,2972,2,7200,1.0030282638
520725,520731,523679,6,2948,2,7200,1.00203527815
520791,520802,523724,11,2922,2,7200,1.00376454483
520806,520812,523941,6,3129,2,7200,1.00191754554
520903,520912,523963,9,3051,2,7200,1.00294985251
521027,521040,523988,13,2948,2,7200,1.00440976934
521066,521077,524005,11,2928,2,7200,1.0037568306
521151,521158,524007,7,2849,2,7200,1.00245700246
521208,521218,524194,10,2976,2,7200,1.00336021505
521235,521245,524184,10,2939,2,7200,1.00340251786
521250,521256,524042,6,2786,2,7200,1.00215362527
521277,521287,524161,10,2874,2,7200,1.00347947112
521298,521308,524064,10,2756,2,7200,1.00362844702
521386,521397,524387,11,2990,2,7200,1.00367892977
521538,521550,524264,12,2714,2,7200,1.00442151805
521768,521775,524627,7,2852,2,7200,1.00245441795
521769,521782,524388,13,2606,2,7200,1.0049884881
521788,521798,524770,10,2972,2,7200,1.00336473755
521830,521840,524907,10,3067,2,7200,1.00326051516
521906,521914,524744,8,2830,2,7200,1.00282685512
521993,522004,524932,11,2928,2,7200,1.0037568306
522452,522461,525643,9,3182,2,7200,1.00282840981
522519,522526,526140,7,3614,1,3600,1.00193691201
522585,522594,525720,9,3126,2,7200,1.00287907869
522603,522612,526012,9,3400,2,7200,1.00264705882
522778,522788,525718,10,2930,2,7200,1.00341296928
522890,522900,526187,10,3287,2,7200,1.0030422878
522905,522911,525774,6,2863,2,7200,1.00209570381
522920,522926,525789,6,2863,2,7200,1.00209570381
522938,522953,525739,15,2786,2,7200,1.00538406317
523004,523014,526026,10,3012,2,7200,1.00332005312
523019,523029,525802,10,2773,2,7200,1.00360620267
523095,523111,526062,16,2951,2,7200,1.00542189088
523110,523118,526242,8,3124,2,7200,1.00256081946
523131,523140,525738,9,2598,2,7200,1.00346420323
523132,523147,525981,15,2834,2,7200,1.00529287227
523175,523183,525873,8,2690,2,7200,1.0029739777
523196,523205,526046,9,2841,2,7200,1.00316789863
523520,523530,526375,10,2845,2,7200,1.00351493849
523568,523577,526701,9,3124,2,7200,1.0028809219
523680,523690,526727,10,3037,2,7200,1.00329272308
523695,523702,526508,7,2806,2,7200,1.00249465431
523725,523735,526591,10,2856,2,7200,1.00350140056
523822,523834,526768,12,2934,2,7200,1.00408997955
523943,523952,526968,9,3016,2,7200,1.00298408488
523964,523979,526937,15,2958,2,7200,1.00507099391
523991,523999,526902,8,2903,2,7200,1.00275576989
524006,524016,526936,10,2920,2,7200,1.00342465753
524021,524029,527039,8,3010,2,7200,1.00265780731
524045,524054,526803,9,2749,2,7200,1.00327391779
524066,524076,526771,10,2695,2,7200,1.00371057514
524164,524173,527189,9,3016,2,7200,1.00298408488
524185,524195,526782,10,2587,2,7200,1.00386548125
524200,524209,527095,9,2886,2,7200,1.00311850312
524266,524276,527293,10,3017,2,7200,1.00331455088
524390,524399,527305,9,2906,2,7200,1.00309704061
524392,524404,527358,12,2954,2,7200,1.00406228842
524532,524538,531303,6,6765,3,18060,1.00088691796
524627,524640,527597,13,2957,2,7200,1.00439634765
524745,524756,527449,11,2693,2,7200,1.00408466394
524772,524781,527450,9,2669,2,7200,1.00337204946
524793,524799,533108,6,8309,1,18060,1.00072210856
524908,524919,527959,11,3040,2,7200,1.00361842105
524936,524944,527826,8,2882,2,7200,1.0027758501
525645,525656,528398,11,2742,2,7200,1.00401167031
525721,525729,528452,8,2723,2,7200,1.0029379361
525722,525736,528547,14,2811,2,7200,1.00498043401
525741,525749,528696,8,2947,2,7200,1.00271462504
525742,525755,528721,13,2966,2,7200,1.00438300742
525772,525785,528654,13,2869,2,7200,1.00453119554
525790,525802,528898,12,3096,2,7200,1.00387596899
525806,525813,528577,7,2764,2,7200,1.00253256151
525875,525887,528846,12,2959,2,7200,1.00405542413
525984,525993,528903,9,2910,2,7200,1.00309278351
526014,526024,529111,10,3087,2,7200,1.00323939099
526029,526038,528983,9,2945,2,7200,1.00305602716
526047,526057,529081,10,3024,2,7200,1.00330687831
526065,526073,528962,8,2889,2,7200,1.00276912426
526189,526198,529133,9,2935,2,7200,1.00306643952
526244,526253,529400,9,3147,2,7200,1.00285986654
526377,526386,529608,9,3222,2,7200,1.00279329609
526510,526520,529582,10,3062,2,7200,1.00326583932
526594,526603,529445,9,2842,2,7200,1.00316678395
526703,526712,529894,9,3182,2,7200,1.00282840981
526730,526738,529775,8,3037,2,7200,1.00263417847
526770,526779,529756,9,2977,2,7200,1.0030231777
526784,526791,529931,7,3140,2,7200,1.00222929936
526786,526798,529672,12,2874,2,7200,1.00417536534
526804,526814,529909,10,3095,2,7200,1.00323101777
526904,526917,529722,13,2805,2,7200,1.00463458111
526937,526951,530422,14,3471,2,7200,1.00403341976
526938,526957,530028,19,3071,2,7200,1.0061869098
526969,526980,529933,11,2953,2,7200,1.0037250254
527041,527052,530032,11,2980,2,7200,1.00369127517
527075,527082,527089,7,7,1,3600,1.4
527096,527112,530130,16,3018,2,7200,1.00530152419
527193,527201,530276,8,3075,2,7200,1.00260162602
527196,527207,527321,11,114,1,3600,1.09649122807
527296,527304,530677,8,3373,2,7200,1.00237177587
527311,527317,530494,6,3177,2,7200,1.00188857413
527359,527372,530482,13,3110,2,7200,1.00418006431
527445,527451,527738,6,287,1,3600,1.02090592334
527451,527467,530341,16,2874,2,7200,1.00556715379
527452,527461,530634,9,3173,2,7200,1.0028364324
527601,527609,530662,8,3053,2,7200,1.0026203734
527827,527837,530888,10,3051,2,7200,1.0032776139
527961,527975,530729,14,2754,2,7200,1.00508351489
527968,527981,528548,13,567,1,3600,1.02292768959
528401,528410,531122,9,2712,2,7200,1.00331858407
528453,528463,531064,10,2601,2,7200,1.00384467512
528549,528558,531511,9,2953,2,7200,1.00304774805
528580,528588,531560,8,2972,2,7200,1.00269179004
528656,528665,531541,9,2876,2,7200,1.00312934631
528698,528707,531919,9,3212,2,7200,1.00280199253
528722,528732,531726,10,2994,2,7200,1.00334001336
528849,528857,531800,8,2943,2,7200,1.00271831464
528900,528909,531916,9,3007,2,7200,1.0029930163
528915,528921,532004,6,3083,2,7200,1.00194615634
528963,528973,531815,10,2842,2,7200,1.00351864884
528985,528993,532091,8,3098,2,7200,1.00258231117
529061,529067,529072,6,5,1,3600,1.1
529084,529093,531998,9,2905,2,7200,1.00309810671
529112,529122,532174,10,3052,2,7200,1.00327653997
529136,529144,532274,8,3130,2,7200,1.00255591054
529179,529185,529266,6,81,1,3600,1.07407407407
529390,529397,529638,7,241,1,3600,1.02904564315
529402,529411,532459,9,3048,2,7200,1.00295275591
529447,529456,532352,9,2896,2,7200,1.00310773481
529583,529594,532532,11,2938,2,7200,1.00374404357
529610,529620,532586,10,2966,2,7200,1.00337154417
529674,529683,532523,9,2840,2,7200,1.00316901408
529725,529735,532653,10,2918,2,7200,1.0034270048
529759,529767,532812,8,3045,2,7200,1.0026272578
529777,529788,532913,11,3125,2,7200,1.00352
529895,529905,532809,10,2904,2,7200,1.00344352617
529913,529920,532927,7,3007,2,7200,1.00232790156
529918,529933,530404,15,471,1,3600,1.03184713376
529934,529944,532733,10,2789,2,7200,1.00358551452
529935,529949,532724,14,2775,2,7200,1.00504504505
530029,530040,532911,11,2871,2,7200,1.00383141762
530044,530054,532737,10,2683,2,7200,1.00372717108
530132,530141,533258,9,3117,2,7200,1.00288739172
530277,530287,533214,10,2927,2,7200,1.00341646737
530343,530354,533421,11,3067,2,7200,1.00358656668
530425,530433,533332,8,2899,2,7200,1.00275957227
530486,530494,533591,8,3097,2,7200,1.00258314498
530500,530507,533679,7,3172,2,7200,1.00220680958
530636,530646,533690,10,3044,2,7200,1.00328515112
530659,530665,530673,6,8,1,1800,1.4
530664,530673,533654,9,2981,2,7200,1.0030191211
530679,530692,533617,13,2925,2,7200,1.00444444444
530731,530740,533714,9,2974,2,7200,1.0030262273
530828,530834,530911,6,77,1,1800,1.07792207792
530891,530900,533802,9,2902,2,7200,1.00310130944
531010,531016,531134,6,118,1,3600,1.05084745763
531066,531076,533929,10,2853,2,7200,1.00350508237
531124,531134,534400,10,3266,2,7200,1.00306184936
531138,531145,531244,7,99,1,1800,1.07070707071
531261,531267,531529,6,262,1,3600,1.02290076336
531306,531319,533109,13,1790,1,18060,1.00726256983
531513,531522,534349,9,2827,2,7200,1.00318358684
531543,531552,534645,9,3093,2,7200,1.00290979631
531561,531572,534680,11,3108,2,7200,1.00353925354
531724,531730,532113,6,383,1,1800,1.01566579634
531727,531737,534769,10,3032,2,7200,1.00329815303
531756,531762,532337,6,575,1,3600,1.01043478261
531803,531812,534857,9,3045,2,7200,1.00295566502
531818,531827,535066,9,3239,2,7200,1.00277863538
531917,531930,534915,13,2985,2,7200,1.00435510888
531932,531938,535126,6,3188,2,7200,1.00188205772
531999,532009,534933,10,2924,2,7200,1.00341997264
532014,532020,535045,6,3025,2,7200,1.00198347107
532092,532102,535229,10,3127,2,7200,1.00319795331
532177,532185,535400,8,3215,2,7200,1.00248833593
532276,532285,535300,9,3015,2,7200,1.00298507463
532355,532363,535161,8,2798,2,7200,1.00285918513
532461,532470,535634,9,3164,2,7200,1.00284450063
532524,532534,535577,10,3043,2,7200,1.00328623069
532539,532548,535637,9,3089,2,7200,1.00291356426
532587,532598,535510,11,2912,2,7200,1.00377747253
532654,532664,535689,10,3025,2,7200,1.00330578512
532726,532736,535605,10,2869,2,7200,1.00348553503
532742,532748,535865,6,3117,2,7200,1.00192492782
532743,532755,535836,12,3081,2,7200,1.00389483934
532751,532762,532769,11,7,1,1800,1.8
532813,532822,535864,9,3042,2,7200,1.00295857988
532814,532828,535810,14,2982,2,7200,1.00469483568
532914,532922,535668,8,2746,2,7200,1.00291332848
532916,532929,535808,13,2879,2,7200,1.00451545676
532925,532936,532977,11,41,1,1800,1.26829268293
532931,532943,536085,12,3142,2,7200,1.00381922342
533182,533188,533273,6,85,1,3600,1.07058823529
533213,533220,533295,7,75,1,1800,1.09333333333
533215,533226,536138,11,2912,2,7200,1.00377747253
533261,533270,536537,9,3267,2,7200,1.00275482094
533333,533343,536429,10,3086,2,7200,1.0032404407
533398,533405,533649,7,244,1,3600,1.02868852459
533424,533433,536428,9,2995,2,7200,1.00300500835
533593,533602,536689,9,3087,2,7200,1.0029154519
533620,533629,536520,9,2891,2,7200,1.00311310965
533656,533665,536488,9,2823,2,7200,1.00318809777
533681,533691,536773,10,3082,2,7200,1.00324464633
533696,533701,536855,5,3154,2,7200,1.00158528852
533717,533727,536881,10,3154,2,7200,1.00317057705
533723,533740,533741,17,1,2,600,1.8
533804,533814,536677,10,2863,2,7200,1.00349283968
533906,533912,533949,6,37,2,600,1.16216216216
533910,533924,534180,14,256,1,1800,1.0546875
533929,533938,534404,9,466,1,3600,1.01931330472
533931,533944,536958,13,3014,2,7200,1.00431320504
534007,534014,534049,7,35,2,600,1.2
534352,534363,537103,11,2740,2,7200,1.00401459854
534400,534411,537641,11,3230,2,7200,1.00340557276
534648,534658,537621,10,2963,2,7200,1.00337495781
534684,534695,537530,11,2835,2,7200,1.00388007055
534772,534780,537344,8,2564,2,7200,1.0031201248
534860,534868,537751,8,2883,2,7200,1.00277488727
534917,534929,537945,12,3016,2,7200,1.00397877984
534935,534945,538012,10,3067,2,7200,1.00326051516
535047,535056,538213,9,3157,2,7200,1.00285080773
535068,535078,538165,10,3087,2,7200,1.00323939099
535128,535137,538552,9,3415,2,7200,1.00263543192
535161,535173,538206,12,3033,2,7200,1.00395647873
535231,535241,538323,10,3082,2,7200,1.00324464633
535301,535315,538284,14,2969,2,7200,1.00471539239
535404,535413,538561,9,3148,2,7200,1.00285895807
535513,535522,538647,9,3125,2,7200,1.00288
535579,535587,538631,8,3044,2,7200,1.00262812089
535606,535616,538670,10,3054,2,7200,1.00327439424
535637,535645,538653,8,3008,2,7200,1.00265957447
535652,535659,538527,7,2868,2,7200,1.00244072524
535670,535680,538553,10,2873,2,7200,1.00348068221
535691,535700,538943,9,3243,2,7200,1.00277520814
535809,535825,538480,16,2655,2,7200,1.00602636535
535824,535832,538767,8,2935,2,7200,1.00272572402
535839,535847,538774,8,2927,2,7200,1.0027331739
535866,535881,538504,15,2623,2,7200,1.00571864278
535868,535875,538698,7,2823,2,7200,1.0024796316
536088,536096,538839,8,2743,2,7200,1.00291651476
536140,536150,539068,10,2918,2,7200,1.0034270048
536430,536441,539393,11,2952,2,7200,1.00372628726
536432,536447,539705,15,3258,2,7200,1.00460405157
536489,536504,539463,15,2959,2,7200,1.00506928016
536523,536531,539415,8,2884,2,7200,1.0027739251
536538,536548,539510,10,2962,2,7200,1.00337609723
536679,536688,539627,9,2939,2,7200,1.00306226608
536694,536702,539724,8,3022,2,7200,1.00264725347
536776,536784,539912,8,3128,2,7200,1.00255754476
536858,536868,539772,10,2904,2,7200,1.00344352617
536882,536892,540045,10,3153,2,7200,1.00317158262
536960,536969,540004,9,3035,2,7200,1.00296540362
537105,537114,540070,9,2956,2,7200,1.00304465494
537347,537355,540399,8,3044,2,7200,1.00262812089
537531,537541,540614,10,3073,2,7200,1.00325414904
537622,537632,540355,10,2723,2,7200,1.00367242012
537643,537653,540507,10,2854,2,7200,1.00350385424
537755,537763,540895,8,3132,2,7200,1.00255427842
537948,537956,540914,8,2958,2,7200,1.00270453009
538014,538027,541032,13,3005,2,7200,1.00432612313
538168,538176,541264,8,3088,2,7200,1.00259067358
538208,538217,541104,9,2887,2,7200,1.00311742293
538223,538229,541191,6,2962,2,7200,1.00202565834
538272,538280,538358,8,78,1,1800,1.10256410256
538286,538295,541479,9,3184,2,7200,1.00282663317
538325,538335,541342,10,3007,2,7200,1.00332557366
538483,538492,541799,9,3307,2,7200,1.00272149985
538507,538515,541269,8,2754,2,7200,1.00290486565
538528,538539,541560,11,3021,2,7200,1.00364117842
538556,538564,541487,8,2923,2,7200,1.00273691413
538557,538570,541357,13,2787,2,7200,1.00466451381
538572,538578,541277,6,2699,2,7200,1.00222304557
538594,538600,538693,6,93,1,1800,1.06451612903
538632,538643,541883,11,3240,2,7200,1.00339506173
538650,538659,541537,9,2878,2,7200,1.00312717165
538665,538673,541667,8,2994,2,7200,1.00267201069
538680,538692,541457,12,2765,2,7200,1.00433996383
538701,538709,541764,8,3055,2,7200,1.00261865794
538768,538779,541838,11,3059,2,7200,1.00359594639
538783,538789,541728,6,2939,2,7200,1.00204151072
538840,538850,541897,10,3047,2,7200,1.00328191664
538946,538957,541721,11,2764,2,7200,1.00397973951
539070,539083,542073,13,2990,2,7200,1.00434782609
539186,539192,539553,6,361,1,1800,1.01662049861
539397,539405,542152,8,2747,2,7200,1.00291226793
539418,539427,542371,9,2944,2,7200,1.00305706522
539464,539474,542682,10,3208,2,7200,1.00311720698
539512,539521,542451,9,2930,2,7200,1.00307167235
539630,539640,542767,10,3127,2,7200,1.00319795331
539708,539717,542614,9,2897,2,7200,1.00310666206
539726,539735,542687,9,2952,2,7200,1.00304878049
539775,539783,542452,8,2669,2,7200,1.00299737729
539914,539923,542975,9,3052,2,7200,1.00294888598
540008,540016,542948,8,2932,2,7200,1.00272851296
540047,540056,543061,9,3005,2,7200,1.00299500832
540071,540081,542672,10,2591,2,7200,1.0038595137
540358,540366,543247,8,2881,2,7200,1.00277681361
540403,540416,543358,13,2942,2,7200,1.00441876275
540509,540520,543455,11,2935,2,7200,1.00374787053
540615,540631,543453,16,2822,2,7200,1.00566973777
540672,540678,540717,6,39,1,1800,1.15384615385
540748,540757,551536,9,10779,1,86400,1.00083495686
540896,540906,544049,10,3143,2,7200,1.00318167356
540917,540930,544090,13,3160,2,7200,1.00411392405
540955,540962,541044,7,82,1,1800,1.08536585366
541035,541044,543952,9,2908,2,7200,1.00309491059
541082,541088,605390,6,64302,11,72000,1.00009330969
541108,541116,544016,8,2900,2,7200,1.00275862069
541192,541202,544302,10,3100,2,7200,1.00322580645
541265,541275,544282,10,3007,2,7200,1.00332557366
541280,541286,544445,6,3159,2,7200,1.00189933523
541282,541293,544421,11,3128,2,7200,1.00351662404
541345,541353,544170,8,2817,2,7200,1.0028399006
541360,541368,544558,8,3190,2,7200,1.00250783699
541460,541468,544310,8,2842,2,7200,1.00281491907
541481,541490,544489,9,2999,2,7200,1.00300100033
541496,541502,544628,6,3126,2,7200,1.0019193858
541538,541548,544522,10,2974,2,7200,1.00336247478
541562,541571,544366,9,2795,2,7200,1.00322003578
541654,541663,541917,9,254,1,1800,1.03543307087
541668,541681,544701,13,3020,2,7200,1.00430463576
541723,541732,544698,9,2966,2,7200,1.00303438975
541738,541743,544533,5,2790,2,7200,1.0017921147
541765,541775,544796,10,3021,2,7200,1.0033101622
541801,541810,544796,9,2986,2,7200,1.00301406564
541840,541853,545019,13,3166,2,7200,1.00410612761
541886,541895,544989,9,3094,2,7200,1.00290885585
541901,541908,544883,7,2975,2,7200,1.00235294118
542077,542085,545247,8,3162,2,7200,1.00253004428
542155,542163,545217,8,3054,2,7200,1.00261951539
542373,542382,545224,9,2842,2,7200,1.00316678395
542455,542463,545491,8,3028,2,7200,1.00264200793
542456,542469,545477,13,3008,2,7200,1.00432180851
542616,542629,545378,13,2749,2,7200,1.00472899236
542674,542683,545782,9,3099,2,7200,1.00290416263
542689,542696,545744,7,3048,2,7200,1.00229658793
542690,542705,545719,15,3014,2,7200,1.00497677505
542769,542778,545726,9,2948,2,7200,1.00305291723
542950,542960,545822,10,2862,2,7200,1.0034940601
542977,542986,546135,9,3149,2,7200,1.00285805017
543062,543072,546167,10,3095,2,7200,1.00323101777
543249,543258,546298,9,3040,2,7200,1.00296052632
543361,543370,546358,9,2988,2,7200,1.00301204819
543453,543460,615472,7,72012,1,72000,1.00009720602
543455,543466,546338,11,2872,2,7200,1.00383008357
543470,543476,546358,6,2882,2,7200,1.00208188758
543523,543530,615558,7,72028,1,72000,1.00009718443
543953,543967,547182,14,3215,2,7200,1.00435458787
544017,544027,547115,10,3088,2,7200,1.00323834197
544051,544060,547128,9,3068,2,7200,1.00293350717
544090,544102,547057,12,2955,2,7200,1.00406091371
544172,544181,547120,9,2939,2,7200,1.00306226608
544283,544296,547258,13,2962,2,7200,1.0043889264
544305,544314,547288,9,2974,2,7200,1.0030262273
544319,544327,547351,8,3024,2,7200,1.00264550265
544368,544377,547317,9,2940,2,7200,1.00306122449
544422,544432,547379,10,2947,2,7200,1.0033932813
544447,544457,547605,10,3148,2,7200,1.00317662008
544492,544504,547606,12,3102,2,7200,1.00386847195
544525,544533,547331,8,2798,2,7200,1.00285918513
544540,544546,547442,6,2896,2,7200,1.0020718232
544558,544569,547807,11,3238,2,7200,1.00339715874
544629,544640,547657,11,3017,2,7200,1.00364600597
544702,544709,547730,7,3021,2,7200,1.00231711354
544703,544716,547783,13,3067,2,7200,1.00423866971
544797,544807,547690,10,2883,2,7200,1.00346860909
544799,544813,547794,14,2981,2,7200,1.0046964106
544884,544894,548181,10,3287,2,7200,1.0030422878
544993,545000,547995,7,2995,2,7200,1.00233722871
545020,545032,548093,12,3061,2,7200,1.00392028749
545220,545229,548220,9,2991,2,7200,1.00300902708
545234,545243,548534,9,3291,2,7200,1.00273473108
545249,545258,548316,9,3058,2,7200,1.00294310007
545372,545380,574566,8,29186,1,86400,1.00027410402
545379,545390,548259,11,2869,2,7200,1.00383408853
545479,545489,548390,10,2901,2,7200,1.00344708721
545494,545502,548197,8,2695,2,7200,1.00296846011
545721,545730,548694,9,2964,2,7200,1.00303643725
545736,545743,549086,7,3343,2,7200,1.00209392761
545751,545757,548765,6,3008,2,7200,1.00199468085
545784,545794,548962,10,3168,2,7200,1.00315656566
545823,545834,548790,11,2956,2,7200,1.00372124493
545949,545955,603575,6,57620,11,57600,1.00010413051
546138,546146,549073,8,2927,2,7200,1.0027331739
546171,546179,549054,8,2875,2,7200,1.0027826087
546301,546309,549285,8,2976,2,7200,1.00268817204
546340,546349,549264,9,2915,2,7200,1.00308747856
546362,546370,549181,8,2811,2,7200,1.00284596229
546363,546376,549357,13,2981,2,7200,1.0043609527
547061,547069,550021,8,2952,2,7200,1.0027100271
547118,547128,549833,10,2705,2,7200,1.00369685767
547134,547139,550336,5,3197,2,7200,1.00156396622
547135,547146,549990,11,2844,2,7200,1.00386779184
547183,547194,550376,11,3182,2,7200,1.00345694532
547259,547275,549932,16,2657,2,7200,1.00602182913
547289,547299,550312,10,3013,2,7200,1.00331895121
547319,547328,550159,9,2831,2,7200,1.00317908866
547334,547342,550467,8,3125,2,7200,1.00256
547352,547362,550191,10,2829,2,7200,1.00353481796
547383,547393,550325,10,2932,2,7200,1.0034106412
547443,547454,550242,11,2788,2,7200,1.00394548063
547607,547620,550734,13,3114,2,7200,1.00417469493
547609,547626,550838,17,3212,2,7200,1.00529265255
547660,547669,550784,9,3115,2,7200,1.00288924559
547694,547710,550573,16,2863,2,7200,1.00558854349
547733,547741,551038,8,3297,2,7200,1.00242644829
547784,547795,550976,11,3181,2,7200,1.00345803207
547800,547806,550826,6,3020,2,7200,1.00198675497
547814,547821,550572,7,2751,2,7200,1.00254452926
547994,548002,632653,8,84651,24,86400,1.00009450568
547996,548009,551023,13,3014,2,7200,1.00431320504
548096,548105,551216,9,3111,2,7200,1.00289296046
548184,548192,551174,8,2982,2,7200,1.00268276325
548199,548208,551077,9,2869,2,7200,1.00313698153
548223,548232,551218,9,2986,2,7200,1.00301406564
548263,548272,551382,9,3110,2,7200,1.00289389068
548318,548333,551396,15,3063,2,7200,1.00489715965
548393,548401,551592,8,3191,2,7200,1.00250705108
548535,548550,551473,15,2923,2,7200,1.00513171399
548696,548706,551863,10,3157,2,7200,1.00316756414
548768,548776,551754,8,2978,2,7200,1.00268636669
548793,548801,551614,8,2813,2,7200,1.00284393886
548965,548973,551827,8,2854,2,7200,1.00280308339
549056,549066,552233,10,3167,2,7200,1.00315756236
549074,549096,552210,22,3114,2,7200,1.00706486834
549089,549102,551876,13,2774,2,7200,1.00468637347
549183,549192,552066,9,2874,2,7200,1.00313152401
549268,549276,552356,8,3080,2,7200,1.0025974026
549289,549298,552039,9,2741,2,7200,1.00328347318
549358,549375,552578,17,3203,2,7200,1.0053075242
549361,549367,549371,6,4,1,18000,1.0
549461,549467,550305,6,838,1,18000,1.00715990453
549836,549845,552640,9,2795,2,7200,1.00322003578
549936,549945,553063,9,3118,2,7200,1.00288646568
549993,550002,552804,9,2802,2,7200,1.00321199143
550022,550028,554309,6,4281,16,18060,1.0014015417
550024,550034,552701,10,2667,2,7200,1.00374953131
550160,550170,553109,10,2939,2,7200,1.00340251786
550193,550203,553084,10,2881,2,7200,1.00347101701
550244,550254,553295,10,3041,2,7200,1.00328839198
550314,550323,553329,9,3006,2,7200,1.00299401198
550329,550337,553096,8,2759,2,7200,1.0028996013
550333,550350,551788,17,1438,1,18000,1.01182197497
550344,550356,553077,12,2721,2,7200,1.00441014333
550377,550389,553325,12,2936,2,7200,1.00408719346
550468,550478,553319,10,2841,2,7200,1.00351988736
550574,550583,553990,9,3407,2,7200,1.00264162019
550576,550590,553649,14,3059,2,7200,1.00457665904
550736,550745,553710,9,2965,2,7200,1.00303541315
550785,550795,553818,10,3023,2,7200,1.00330797221
550827,550837,553994,10,3157,2,7200,1.00316756414
550842,550850,553760,8,2910,2,7200,1.00274914089
550978,550988,553960,10,2972,2,7200,1.00336473755
551027,551037,553799,10,2762,2,7200,1.00362056481
551042,551049,554022,7,2973,2,7200,1.00235452405
551078,551089,554247,11,3158,2,7200,1.00348321723
551175,551185,554033,10,2848,2,7200,1.00351123596
551218,551227,554221,9,2994,2,7200,1.00300601202
551233,551241,554166,8,2925,2,7200,1.00273504274
551384,551394,554501,10,3107,2,7200,1.00321853878
551399,551408,554453,9,3045,2,7200,1.00295566502
551474,551484,554522,10,3038,2,7200,1.00329163924
551595,551603,554462,8,2859,2,7200,1.00279818118
551616,551625,554629,9,3004,2,7200,1.00299600533
551755,551765,554629,10,2864,2,7200,1.00349162011
551828,551844,554629,16,2785,2,7200,1.00574506284
551864,551876,554629,12,2753,2,7200,1.00435888122
551879,551891,554629,12,2738,2,7200,1.00438276114
551879,551897,556166,18,4269,1,18000,1.00421644413
552043,552057,554629,14,2572,2,7200,1.00544323484
552067,552077,554629,10,2552,2,7200,1.0039184953
552212,552221,554629,9,2408,2,7200,1.00373754153
552236,552245,554629,9,2384,2,7200,1.00377516779
552357,552368,554629,11,2261,2,7200,1.00486510394
552581,552589,554629,8,2040,2,7200,1.00392156863
552642,552651,554629,9,1978,2,7200,1.00455005056
552702,552713,554629,11,1916,2,7200,1.00574112735
552805,552815,554629,10,1814,2,7200,1.00551267916
553065,553075,554629,10,1554,2,7200,1.00643500644
553080,553090,554629,10,1539,2,7200,1.0064977258
553095,553103,554629,8,1526,2,7200,1.00524246396
553110,553117,554629,7,1512,2,7200,1.00462962963
553112,553125,554629,13,1504,2,7200,1.00864361702
553296,553306,554629,10,1323,2,7200,1.00755857899
553320,553332,554629,12,1297,2,7200,1.00925212028
553336,553342,554629,6,1287,2,7200,1.00466200466
553337,553349,554629,12,1280,2,7200,1.009375
553652,553660,554629,8,969,2,7200,1.00825593395
553712,553722,554629,10,907,2,7200,1.01102535832
553761,553771,554630,10,859,2,7200,1.01164144354
553800,553810,554629,10,819,2,7200,1.01221001221
553821,553829,554629,8,800,2,7200,1.01
553963,553971,554629,8,658,2,7200,1.01215805471
553990,554004,554629,14,625,2,7200,1.0224
554005,554011,554629,6,618,2,7200,1.00970873786
554024,554033,554630,9,597,2,7200,1.01507537688
554039,554044,554630,5,586,2,7200,1.00853242321
554169,554177,554630,8,453,2,7200,1.01766004415
554223,554232,554630,9,398,2,7200,1.02261306533
554250,554258,554630,8,372,2,7200,1.02150537634
554456,554484,554630,28,146,2,7200,1.19178082192
554471,554490,554630,19,140,2,7200,1.13571428571
554505,554575,554630,70,55,2,7200,2.27272727273
554523,554581,554630,58,49,2,7200,2.18367346939
554736,554742,557909,6,3167,2,7200,1.00189453742
554737,554748,557771,11,3023,2,7200,1.00363876943
554739,554754,557844,15,3090,2,7200,1.00485436893
554740,554759,557985,19,3226,2,7200,1.00588964662
554741,554764,557893,23,3129,2,7200,1.00735059124
554743,554770,557740,27,2970,2,7200,1.00909090909
554744,554776,557848,32,3072,2,7200,1.01041666667
554745,554782,557770,37,2988,2,7200,1.01238286479
554747,554787,558038,40,3251,2,7200,1.01230390649
554748,554792,557921,44,3129,2,7200,1.01406200064
554750,554798,558001,48,3203,2,7200,1.01498595067
554751,554803,557918,52,3115,2,7200,1.01669341894
554752,554808,558028,56,3220,2,7200,1.01739130435
554754,554814,558002,60,3188,2,7200,1.01882057716
554755,554819,558067,64,3248,2,7200,1.0197044335
554756,554824,557888,68,3064,2,7200,1.02219321149
554758,554830,557823,72,2993,2,7200,1.02405613097
554759,554835,558036,76,3201,2,7200,1.02374258044
554761,554840,558110,79,3270,2,7200,1.02415902141
554762,554846,558005,84,3159,2,7200,1.02659069326
554764,554851,557889,87,3038,2,7200,1.02863726136
554765,554856,557965,91,3109,2,7200,1.02926986169
554766,554862,557768,96,2906,2,7200,1.03303509979
554768,554867,558092,99,3225,2,7200,1.03069767442
554769,554872,557842,103,2970,2,7200,1.03468013468
554771,554878,557973,107,3095,2,7200,1.03457189015
554772,554884,557935,112,3051,2,7200,1.03670927565
554773,554890,558055,117,3165,2,7200,1.03696682464
554775,554895,558203,120,3308,2,7200,1.03627569528
554776,554900,558082,124,3182,2,7200,1.03896920176
554777,554906,558004,129,3098,2,7200,1.04163976759
554779,554911,558040,132,3129,2,7200,1.04218600192
554780,554916,558061,136,3145,2,7200,1.04324324324
554782,554922,558020,140,3098,2,7200,1.04519044545
554783,554927,558119,144,3192,2,7200,1.04511278195
554784,554932,557948,148,3016,2,7200,1.04907161804
554786,554938,557971,152,3033,2,7200,1.0501153973
554787,554943,557909,156,2966,2,7200,1.05259608901
554788,554948,558249,160,3301,2,7200,1.04847016056
554790,554954,557968,164,3014,2,7200,1.05441274054
554791,557928,561108,3137,3180,2,7200,1.98647798742
554793,557789,561003,2996,3214,2,7200,1.9321717486
554794,557858,560883,3064,3025,2,7200,2.01289256198
554796,558043,561268,3247,3225,2,7200,2.00682170543
554797,557904,560904,3107,3000,2,7200,2.03566666667
554798,557752,560658,2954,2906,2,7200,2.0165175499
554800,557870,560974,3070,3104,2,7200,1.98904639175
554801,557794,560841,2993,3047,2,7200,1.98227765015
554803,558088,561093,3285,3005,2,7200,2.09317803661
554804,557952,561137,3148,3185,2,7200,1.98838304553
554805,558048,561169,3243,3121,2,7200,2.03909003525
554807,557957,561224,3150,3267,2,7200,1.96418732782
554808,558053,561200,3245,3147,2,7200,2.03114076899
554809,558059,560919,3250,2860,2,7200,2.13636363636
554811,558093,561232,3282,3139,2,7200,2.04555590953
554812,557909,560999,3097,3090,2,7200,2.00226537217
554814,557835,561153,3021,3318,2,7200,1.91048824593
554815,558099,561056,3284,2957,2,7200,2.11058505242
554816,558122,561231,3306,3109,2,7200,2.06336442586
554818,558064,561198,3246,3134,2,7200,2.03573707722
554819,557915,561039,3096,3124,2,7200,1.99103713188
554820,557992,561148,3172,3156,2,7200,2.00506970849
554822,557781,560745,2959,2964,2,7200,1.99831309042
554823,558127,561079,3304,2952,2,7200,2.11924119241
554825,557863,561053,3038,3190,2,7200,1.95235109718
554826,557997,561154,3171,3157,2,7200,2.0044345898
554828,557963,561174,3135,3211,2,7200,1.97633136095
554829,558104,561110,3275,3006,2,7200,2.08948769128
554830,558215,561447,3385,3232,2,7200,2.04733910891
554832,558132,561034,3300,2902,2,7200,2.13714679531
554833,558069,561130,3236,3061,2,7200,2.0571708592
554834,558109,561334,3275,3225,2,7200,2.01550387597
554836,558115,561158,3279,3043,2,7200,2.07755504436
554837,558075,561248,3238,3173,2,7200,2.0204853451
554839,558139,561355,3300,3216,2,7200,2.02611940299
556259,556267,567403,8,11136,1,18000,1.0007183908
557743,558003,560965,260,2962,2,7200,1.08777852802
557770,558008,561035,238,3027,2,7200,1.07862570202
557785,557934,561002,149,3068,2,7200,1.04856584094
557786,558260,561349,474,3089,2,7200,1.15344771771
557826,558014,561004,188,2990,2,7200,1.06287625418
557844,560674,563736,2830,3062,2,7200,1.92423252776
557859,560756,563974,2897,3218,2,7200,1.90024860162
557860,561019,564106,3159,3087,2,7200,2.02332361516
557891,560853,563980,2962,3127,2,7200,1.94723377039
557892,561167,564288,3275,3121,2,7200,2.04934315924
557907,560896,563927,2989,3031,2,7200,1.98614318707
557922,561068,564081,3146,3013,2,7200,2.04414205111
557924,560987,564159,3063,3172,2,7200,1.96563682219
557925,560916,564036,2991,3120,2,7200,1.95865384615
557926,561011,564189,3085,3178,2,7200,1.97073631215
557941,561060,564165,3119,3105,2,7200,2.00450885668
557956,561123,564233,3167,3110,2,7200,2.01832797428
557972,561025,564049,3053,3024,2,7200,2.00958994709
557973,561150,564287,3177,3137,2,7200,2.01275103602
557974,561236,564485,3262,3249,2,7200,2.00400123115
557990,561197,564225,3207,3028,2,7200,2.05911492734
557991,561161,564206,3170,3045,2,7200,2.04105090312
558007,561173,563975,3166,2802,2,7200,2.12990720914
558008,560979,563984,2971,3005,2,7200,1.98868552413
558010,561048,563992,3038,2944,2,7200,2.03192934783
558011,561031,564194,3020,3163,2,7200,1.95478975656
558026,561279,564371,3253,3092,2,7200,2.0520698577
558042,561180,564162,3138,2982,2,7200,2.0523138833
558043,561217,564261,3174,3044,2,7200,2.04270696452
558045,560931,564345,2886,3414,2,7200,1.8453427065
558046,561210,564407,3164,3197,2,7200,1.98967782296
558061,561142,564187,3081,3045,2,7200,2.0118226601
558076,561265,564116,3189,2851,2,7200,2.11855489302
558078,561105,564213,3027,3108,2,7200,1.97393822394
558093,561245,564271,3152,3026,2,7200,2.04163912756
558094,561074,564192,2980,3118,2,7200,1.95574085953
558112,561129,564170,3017,3041,2,7200,1.99210785926
558127,561345,564506,3218,3161,2,7200,2.01803226827
558206,561185,564436,2979,3251,2,7200,1.91633343587
558251,561250,564157,2999,2907,2,7200,2.03164774682
560662,561092,564230,430,3138,2,7200,1.13702995539
560746,561053,564271,307,3218,2,7200,1.09540087011
560842,561371,564711,529,3340,2,7200,1.15838323353
560884,561460,564555,576,3095,2,7200,1.18610662359
560905,561363,564225,458,2862,2,7200,1.16002795248
560920,563748,566887,2828,3139,2,7200,1.9009238611
560968,563987,566955,3019,2968,2,7200,2.01718328841
560983,564001,567297,3018,3296,2,7200,1.91565533981
561001,563939,566852,2938,2913,2,7200,2.00858221765
561017,564050,566941,3033,2891,2,7200,2.04911795227
561018,564358,567586,3340,3228,2,7200,2.03469640644
561019,564006,567270,2987,3264,2,7200,1.91513480392
561038,564178,567064,3140,2886,2,7200,2.08801108801
561039,564203,567402,3164,3199,2,7200,1.98905908096
561054,564120,566994,3066,2874,2,7200,2.06680584551
561056,564063,567047,3007,2984,2,7200,2.0077077748
561070,564222,567333,3152,3111,2,7200,2.01317904211
561085,564283,567719,3198,3436,2,7200,1.93073341094
561100,564030,566798,2930,2768,2,7200,2.05852601156
561115,564183,567372,3068,3189,2,7200,1.96205707118
561116,564208,567263,3092,3055,2,7200,2.01211129296
561131,564105,567185,2974,3080,2,7200,1.96558441558
561146,564241,567417,3095,3176,2,7200,1.97449622166
561162,564234,567411,3072,3177,2,7200,1.96694995279
561163,564260,567610,3097,3350,2,7200,1.92447761194
561165,564196,567318,3031,3122,2,7200,1.97085201794
561166,564214,567434,3048,3220,2,7200,1.94658385093
561182,564298,567513,3116,3215,2,7200,1.96920684292
561183,564227,567360,3044,3133,2,7200,1.97159272263
561201,564305,567269,3104,2964,2,7200,2.04723346829
561202,563993,566826,2791,2833,2,7200,1.98517472644
561227,564189,567367,2962,3178,2,7200,1.93203272498
561242,564448,567681,3206,3233,2,7200,1.99164862357
561243,564247,567357,3004,3110,2,7200,1.96591639871
561258,564418,567341,3160,2923,2,7200,2.08108108108
561272,564273,567536,3001,3263,2,7200,1.91970579222
561335,564499,567616,3164,3117,2,7200,2.01507860122
561350,564288,567547,2938,3259,2,7200,1.90150352869
561365,564170,567245,2805,3075,2,7200,1.91219512195
561450,564128,567293,2678,3165,2,7200,1.84612954186
563737,564382,567558,645,3176,2,7200,1.20308564232
563930,564518,567717,588,3199,2,7200,1.18380743982
563975,564252,567463,277,3211,2,7200,1.08626596076
563991,564724,567865,733,3141,2,7200,1.23336517033
563992,564566,567802,574,3236,2,7200,1.17737948084
563994,566898,569882,2904,2984,2,7200,1.97319034853
564009,566864,570027,2855,3163,2,7200,1.90262409105
564039,566967,570223,2928,3256,2,7200,1.89926289926
564054,566843,569955,2789,3112,2,7200,1.89620822622
564084,567314,570296,3230,2982,2,7200,2.08316566063
564108,567283,570118,3175,2835,2,7200,2.11992945326
564123,566811,569952,2688,3141,2,7200,1.85577841452
564159,566953,570045,2794,3092,2,7200,1.90362225097
564161,567060,570326,2899,3266,2,7200,1.8876301286
564177,567197,570252,3020,3055,2,7200,1.98854337152
564178,567006,569862,2828,2856,2,7200,1.99019607843
564180,567306,570424,3126,3118,2,7200,2.00256574727
564195,567258,570317,3063,3059,2,7200,2.00130761687
564196,567076,570134,2880,3058,2,7200,1.94179202093
564198,567379,570346,3181,2967,2,7200,2.07212672733
564199,567399,570372,3200,2973,2,7200,2.07635385133
564214,567336,570402,3122,3066,2,7200,2.01826484018
564216,567418,570704,3202,3286,2,7200,1.97443700548
564232,567275,570361,3043,3086,2,7200,1.98606610499
564233,567454,570507,3221,3053,2,7200,2.05502784147
564234,567385,570286,3151,2901,2,7200,2.08617718028
564249,567349,570478,3100,3129,2,7200,1.99073186322
564264,567436,570629,3172,3193,2,7200,1.99342311306
564279,567441,570584,3162,3143,2,7200,2.00604517976
564280,567390,570607,3110,3217,2,7200,1.96673919801
564295,567480,570758,3185,3278,2,7200,1.9716290421
564297,567622,570876,3325,3254,2,7200,2.02181929932
564348,567548,570924,3200,3376,2,7200,1.94786729858
564372,567558,570702,3186,3144,2,7200,2.01335877863
564408,567736,571111,3328,3375,2,7200,1.98607407407
564438,567524,570614,3086,3090,2,7200,1.99870550162
564486,567288,570320,2802,3032,2,7200,1.92414248021
564507,567599,570489,3092,2890,2,7200,2.06989619377
564556,567569,570769,3013,3200,2,7200,1.9415625
564713,567367,570720,2654,3353,2,7200,1.79152997316
566800,567692,570742,892,3050,2,7200,1.29245901639
566828,567629,570458,801,2829,2,7200,1.28313891835
566855,567728,570750,873,3022,2,7200,1.28888153541
566888,567813,571122,925,3309,2,7200,1.27954064672
566942,567877,570894,935,3017,2,7200,1.30991050713
566957,569964,572861,3007,2897,2,7200,2.03797031412
566996,569971,572904,2975,2933,2,7200,2.01431980907
567051,570038,573157,2987,3119,2,7200,1.95767874319
567066,569893,572796,2827,2903,2,7200,1.97382018601
567186,570056,573359,2870,3303,2,7200,1.86890705419
567247,570234,573459,2987,3225,2,7200,1.92620155039
567265,569873,573135,2608,3262,2,7200,1.79950950337
567280,570343,573448,3063,3105,2,7200,1.98647342995
567281,570160,573242,2879,3082,2,7200,1.93413367943
567296,570264,573401,2968,3137,2,7200,1.94612687281
567311,570329,573530,3018,3201,2,7200,1.94283036551
567326,570372,573667,3046,3295,2,7200,1.92443095599
567341,570336,573587,2995,3251,2,7200,1.92125499846
567343,570130,573145,2787,3015,2,7200,1.92437810945
567358,570436,573543,3078,3107,2,7200,1.99066623753
567373,570307,573274,2934,2967,2,7200,1.9888776542
567375,570414,573727,3039,3313,2,7200,1.91729550257
567376,570489,573488,3113,2999,2,7200,2.03801267089
567404,570731,573911,3327,3180,2,7200,2.04622641509
567419,570358,573488,2939,3130,2,7200,1.93897763578
567421,570298,573403,2877,3105,2,7200,1.92657004831
567436,570619,573678,3183,3059,2,7200,2.04053612292
567466,570384,573664,2918,3280,2,7200,1.88963414634
567514,570719,573780,3205,3061,2,7200,2.04704344985
567538,570644,573611,3106,2967,2,7200,2.04684866869
567553,570597,573747,3044,3150,2,7200,1.96634920635
567568,570519,573513,2951,2994,2,7200,1.98563794255
567589,570769,573847,3180,3078,2,7200,2.03313840156
567613,570627,573590,3014,2963,2,7200,2.01721228485
567628,570941,574068,3313,3127,2,7200,2.05948193156
567682,570724,573988,3042,3264,2,7200,1.93198529412
567719,570788,573783,3069,2995,2,7200,2.02470784641
567734,570503,573613,2769,3110,2,7200,1.89035369775
567803,570893,574007,3090,3114,2,7200,1.99229287091
567866,570470,573676,2604,3206,2,7200,1.81222707424
568795,568803,597612,8,28809,4,28800,1.000277691
568795,597619,626459,28824,28840,4,28800,1.99944521498
568796,626465,655301,57669,28836,4,28800,2.99989596338
568797,655307,684153,86510,28846,4,28800,3.99902932816
568797,684159,712980,115362,28821,4,28800,5.00270635995
568798,712987,741833,144189,28846,4,28800,5.99857865909
568799,741839,770652,173040,28813,4,28800,7.00562246208
568800,770662,799476,201862,28814,4,28800,8.00569167766
569864,570754,573874,890,3120,2,7200,1.28525641026
569885,570761,573986,876,3225,2,7200,1.27162790698
569954,571122,574051,1168,2929,2,7200,1.39877091157
569969,571133,574243,1164,3110,2,7200,1.37427652733
570029,570907,573996,878,3089,2,7200,1.28423438006
570047,573146,576320,3099,3174,2,7200,1.9763705104
570119,572807,575893,2688,3086,2,7200,1.87103046014
570137,572872,575938,2735,3066,2,7200,1.89204174821
570225,572916,576087,2691,3171,2,7200,1.848628193
570255,573169,576233,2914,3064,2,7200,1.95104438642
570288,573374,576651,3086,3277,2,7200,1.94171498322
570303,573156,576262,2853,3106,2,7200,1.91854475209
570321,573255,576439,2934,3184,2,7200,1.92148241206
570322,573470,576450,3148,2980,2,7200,2.05637583893
570337,573417,576337,3080,2920,2,7200,2.05479452055
570352,573422,576597,3070,3175,2,7200,1.96692913386
570367,573286,576438,2919,3152,2,7200,1.9260786802
570382,573549,576704,3167,3155,2,7200,2.00380348653
570403,573599,576841,3196,3242,2,7200,1.98581122764
570427,573460,576541,3033,3081,2,7200,1.98442064265
570460,573502,576613,3042,3111,2,7200,1.97782063645
570478,573690,576792,3212,3102,2,7200,2.03546099291
570493,573676,576808,3183,3132,2,7200,2.0162835249
570508,573739,576720,3231,2981,2,7200,2.08386447501
570587,573562,576782,2975,3220,2,7200,1.92391304348
570611,573695,576839,3084,3144,2,7200,1.98091603053
570626,573507,576473,2881,2966,2,7200,1.97134187458
570641,573629,577033,2988,3404,2,7200,1.87779083431
570704,573530,576973,2826,3443,2,7200,1.8207958176
570705,573758,576692,3053,2934,2,7200,2.04055896387
570721,573700,576816,2979,3116,2,7200,1.95603337612
570745,573607,576773,2862,3166,2,7200,1.90397978522
570760,573623,576725,2863,3102,2,7200,1.92295293359
570761,574004,577232,3243,3228,2,7200,2.00464684015
570776,573791,576808,3015,3017,2,7200,1.99933708982
570879,573923,577158,3044,3235,2,7200,1.94095826893
570897,573887,576635,2990,2748,2,7200,2.08806404658
570927,570935,572707,8,1772,12,57600,1.00451467269
570927,573997,576972,3070,2975,2,7200,2.03193277311
570978,570985,571523,7,538,12,36000,1.01301115242
571017,571025,571681,8,656,12,36000,1.01219512195
571111,573858,576840,2747,2982,2,7200,1.92119382964
571126,573799,576920,2673,3121,2,7200,1.85645626402
572798,574019,577251,1221,3232,2,7200,1.37778465347
572861,574011,577306,1150,3295,2,7200,1.34901365706
572907,574085,577188,1178,3103,2,7200,1.3796326136
573135,574062,577072,927,3010,2,7200,1.30797342193
573150,574257,577507,1107,3250,2,7200,1.34061538462
573165,575905,578905,2740,3000,2,7200,1.91333333333
573243,575950,578988,2707,3038,2,7200,1.89104674128
573277,576101,579108,2824,3007,2,7200,1.939142002
573786,576289,576320,2503,31,2,7200,81.7419354839
573787,576274,576305,2487,31,2,7200,81.2258064516
573788,576246,576278,2458,32,2,7200,77.8125
573790,576316,576348,2526,32,2,7200,79.9375
573791,576332,576364,2541,32,2,7200,80.40625
573792,576338,576370,2546,32,2,7200,80.5625
573794,576363,576395,2569,32,2,7200,81.28125
573795,576375,576407,2580,32,2,7200,81.625
573796,576382,576414,2586,32,2,7200,81.8125
573798,576392,576423,2594,31,2,7200,84.6774193548
573799,576348,576380,2549,32,2,7200,80.65625
573800,576406,576438,2606,32,2,7200,82.4375
573802,576418,576450,2616,32,2,7200,82.75
573803,576425,576456,2622,31,2,7200,85.5806451613
573804,576434,576466,2630,32,2,7200,83.1875
573806,576449,576481,2643,32,2,7200,83.59375
573807,576455,576487,2648,32,2,7200,83.75
573808,576461,576493,2653,32,2,7200,83.90625
573810,576467,576499,2657,32,2,7200,84.03125
573811,576472,576504,2661,32,2,7200,84.15625
574632,574639,583967,7,9328,4,18060,1.00075042882
574665,574673,574674,8,1,4,18060,1.0
574800,574807,574808,7,1,4,18060,1.0
575296,575303,580779,7,5476,1,86400,1.00127830533
576822,576828,580033,6,3205,2,7200,1.00187207488
576823,576834,579899,11,3065,2,7200,1.00358890701
576825,576840,580050,15,3210,2,7200,1.0046728972
576840,576858,579979,18,3121,2,7200,1.00576738225
576842,576863,579816,21,2953,2,7200,1.00711141212
576857,576875,579666,18,2791,2,7200,1.00644930133
576923,576929,579864,6,2935,2,7200,1.00204429302
576974,576980,579979,6,2999,2,7200,1.00200066689
576976,576986,580306,10,3320,2,7200,1.00301204819
577036,577042,579949,6,2907,2,7200,1.00206398349
577075,577081,580330,6,3249,2,7200,1.00184672207
577159,577165,580434,6,3269,2,7200,1.00183542368
577189,577195,580288,6,3093,2,7200,1.00193986421
577234,577240,580403,6,3163,2,7200,1.00189693329
577252,577261,580623,9,3362,2,7200,1.00267697799
577306,577312,580313,6,3001,2,7200,1.00199933356
577508,577514,580519,6,3005,2,7200,1.00199667221
578211,578216,581390,5,3174,2,7200,1.00157529931
578212,578228,581306,16,3078,2,7200,1.00519818064
578213,578234,581406,21,3172,2,7200,1.00662042875
578215,578239,581361,24,3122,2,7200,1.00768737988
578216,578244,581303,28,3059,2,7200,1.00915331808
578217,578250,581390,33,3140,2,7200,1.01050955414
578219,578255,581218,36,2963,2,7200,1.01214984813
578220,578261,581170,41,2909,2,7200,1.01409419044
578222,578266,581407,44,3141,2,7200,1.01400827762
578223,578279,581579,56,3300,2,7200,1.01696969697
578225,578284,581273,59,2989,2,7200,1.01973904316
578226,578289,581499,63,3210,2,7200,1.01962616822
578228,578295,581309,67,3014,2,7200,1.02222959522
578229,578300,581240,71,2940,2,7200,1.02414965986
578230,578305,581627,75,3322,2,7200,1.02257676099
578232,578311,581413,79,3102,2,7200,1.02546744036
578233,578316,581292,83,2976,2,7200,1.02788978495
578235,578322,581431,87,3109,2,7200,1.02798327436
578236,578327,581412,91,3085,2,7200,1.02949756888
578237,578332,581439,95,3107,2,7200,1.03057611844
578906,578916,582080,10,3164,2,7200,1.00316055626
578951,578958,579799,7,841,12,36000,1.00832342449
578990,579001,582053,11,3052,2,7200,1.00360419397
579110,579119,582276,9,3157,2,7200,1.00285080773
579201,579208,579583,7,375,12,57600,1.01866666667
579301,579307,588728,6,9421,12,32400,1.00063687507
579667,579677,582647,10,2970,2,7200,1.00336700337
579818,579827,583151,9,3324,2,7200,1.00270758123
579866,579875,582968,9,3093,2,7200,1.00290979631
579902,579911,582977,9,3066,2,7200,1.00293542074
579950,579961,583155,11,3194,2,7200,1.00344395742
579980,579991,583164,11,3173,2,7200,1.00346675071
579981,579996,583057,15,3061,2,7200,1.00490035936
580036,580044,583382,8,3338,2,7200,1.0023966447
580050,580061,582977,11,2916,2,7200,1.00377229081
580291,580299,583237,8,2938,2,7200,1.00272294078
580309,580318,583217,9,2899,2,7200,1.0031045188
580324,580331,583191,7,2860,2,7200,1.00244755245
580326,580341,583437,15,3096,2,7200,1.00484496124
580404,580415,583333,11,2918,2,7200,1.00376970528
580437,580446,583652,9,3206,2,7200,1.00280723643
580522,580530,583583,8,3053,2,7200,1.0026203734
580624,580634,583606,10,2972,2,7200,1.00336473755
581172,581182,584380,10,3198,2,7200,1.00312695435
581219,581229,584188,10,2959,2,7200,1.00337952011
581243,581251,584434,8,3183,2,7200,1.00251335218
581276,581284,584339,8,3055,2,7200,1.00261865794
581293,581303,584250,10,2947,2,7200,1.0033932813
581308,581314,584320,6,3006,2,7200,1.00199600798
581310,581321,584443,11,3122,2,7200,1.00352338245
581324,581335,584447,11,3112,2,7200,1.00353470437
581363,581372,584491,9,3119,2,7200,1.00288554024
581393,581401,584570,8,3169,2,7200,1.00252445566
581395,581408,584583,13,3175,2,7200,1.00409448819
581410,581419,584641,9,3222,2,7200,1.00279329609
581411,581425,584498,14,3073,2,7200,1.00455580866
581426,581431,584509,5,3078,2,7200,1.00162443145
581427,581438,584598,11,3160,2,7200,1.00348101266
581442,581452,584748,10,3296,2,7200,1.00303398058
581443,581458,584445,15,2987,2,7200,1.00502176096
581500,581510,584406,10,2896,2,7200,1.00345303867
581581,581591,584827,10,3236,2,7200,1.00309023486
581629,581639,584918,10,3279,2,7200,1.00304971028
582055,582064,585107,9,3043,2,7200,1.00295760762
582082,582093,585109,11,3016,2,7200,1.00364721485
582277,582287,585181,10,2894,2,7200,1.00345542502
582648,582658,585691,10,3033,2,7200,1.00329706561
582970,582979,586082,9,3103,2,7200,1.00290041895
582985,582991,586251,6,3260,2,7200,1.0018404908
582987,582997,585980,10,2983,2,7200,1.00335232987
583059,583069,586110,10,3041,2,7200,1.00328839198
583152,583162,586436,10,3274,2,7200,1.00305436775
583167,583173,586366,6,3193,2,7200,1.00187911055
583168,583180,586616,12,3436,2,7200,1.00349243306
583194,583203,586269,9,3066,2,7200,1.00293542074
583218,583228,586154,10,2926,2,7200,1.003417635
583239,583248,586322,9,3074,2,7200,1.00292778139
583335,583344,586357,9,3013,2,7200,1.00298705609
583383,583393,586411,10,3018,2,7200,1.00331345262
583440,583448,586317,8,2869,2,7200,1.00278842802
583585,583597,586753,12,3156,2,7200,1.00380228137
583609,583618,586684,9,3066,2,7200,1.00293542074
583654,583663,586552,9,2889,2,7200,1.0031152648
583970,583977,594784,7,10807,4,18060,1.00064772832
583982,583989,594784,7,10795,4,18060,1.00064844836
583983,583996,594784,13,10788,4,18060,1.00120504264
584189,584199,587140,10,2941,2,7200,1.00340020401
584251,584264,587522,13,3258,2,7200,1.00399017802
584323,584332,587454,9,3122,2,7200,1.00288276746
584341,584350,587412,9,3062,2,7200,1.00293925539
584383,584391,587489,8,3098,2,7200,1.00258231117
584407,584417,587652,10,3235,2,7200,1.00309119011
584436,584446,587529,10,3083,2,7200,1.0032435939
584451,584460,587683,9,3223,2,7200,1.00279242941
584453,584465,587503,12,3038,2,7200,1.00394996708
584454,584471,587525,17,3054,2,7200,1.0055664702
584493,584502,587622,9,3120,2,7200,1.00288461538
584508,584514,587705,6,3191,2,7200,1.00188028831
584522,584529,587601,7,3072,2,7200,1.00227864583
584573,584581,587797,8,3216,2,7200,1.00248756219
584588,584594,587662,6,3068,2,7200,1.00195567145
584603,584609,587809,6,3200,2,7200,1.001875
584641,584652,587770,11,3118,2,7200,1.0035279025
584749,584759,587908,10,3149,2,7200,1.00317561131
584827,584838,588030,11,3192,2,7200,1.00344611529
584920,584930,587907,10,2977,2,7200,1.00335908633
585109,585119,588259,10,3140,2,7200,1.00318471338
585123,585129,588321,6,3192,2,7200,1.00187969925
585184,585192,588439,8,3247,2,7200,1.00246381275
585693,585703,588831,10,3128,2,7200,1.00319693095
585982,585991,589105,9,3114,2,7200,1.00289017341
586084,586094,589290,10,3196,2,7200,1.00312891114
586111,586125,589233,14,3108,2,7200,1.0045045045
586156,586171,589110,15,2939,2,7200,1.00510377679
586253,586263,589347,10,3084,2,7200,1.00324254215
586270,586280,589406,10,3126,2,7200,1.00319897633
586319,586329,589410,10,3081,2,7200,1.00324569945
586333,586339,589373,6,3034,2,7200,1.00197758734
586357,586368,589386,11,3018,2,7200,1.00364479788
586372,586378,589230,6,2852,2,7200,1.00210378682
586414,586422,589770,8,3348,2,7200,1.00238948626
586438,586448,589709,10,3261,2,7200,1.003066544
586556,586564,589717,8,3153,2,7200,1.0025372661
586619,586627,589635,8,3008,2,7200,1.00265957447
586685,586697,589502,12,2805,2,7200,1.00427807487
586752,586760,586762,8,2,1,86400,1.0
586755,586766,589708,11,2942,2,7200,1.00373895309
586925,586931,586933,6,2,1,86400,1.0
587141,587152,590301,11,3149,2,7200,1.00349317244
587303,587310,661074,7,73764,1,86400,1.00009489724
587414,587423,590464,9,3041,2,7200,1.00295955278
587456,587468,590471,12,3003,2,7200,1.003996004
587492,587500,590434,8,2934,2,7200,1.00272665303
587507,587514,590704,7,3190,2,7200,1.00219435737
587524,587536,590643,12,3107,2,7200,1.00386224654
587526,587542,590584,16,3042,2,7200,1.00525969757
587540,587548,590506,8,2958,2,7200,1.00270453009
587603,587612,590671,9,3059,2,7200,1.00294213795
587624,587633,590784,9,3151,2,7200,1.00285623612
587654,587663,590762,9,3099,2,7200,1.00290416263
587668,587675,590779,7,3104,2,7200,1.00225515464
587686,587695,590798,9,3103,2,7200,1.00290041895
587707,587716,591025,9,3309,2,7200,1.00271985494
587772,587781,590936,9,3155,2,7200,1.0028526149
587799,587808,590878,9,3070,2,7200,1.00293159609
587814,587822,590850,8,3028,2,7200,1.00264200793
587910,587918,591102,8,3184,2,7200,1.00251256281
587911,587925,590799,14,2874,2,7200,1.00487125957
588032,588041,591115,9,3074,2,7200,1.00292778139
588260,588270,591184,10,2914,2,7200,1.00343170899
588324,588332,591424,8,3092,2,7200,1.00258732212
588441,588450,591611,9,3161,2,7200,1.00284720025
588833,588843,591796,10,2953,2,7200,1.00338638673
589107,589122,592179,15,3057,2,7200,1.00490677134
589122,589129,592098,7,2969,2,7200,1.00235769619
589234,589241,592320,7,3079,2,7200,1.00227346541
589235,589248,592501,13,3253,2,7200,1.0039963111
589286,589301,592346,15,3045,2,7200,1.00492610837
589350,589358,592484,8,3126,2,7200,1.00255918106
589374,589384,592604,10,3220,2,7200,1.00310559006
589388,589398,592572,10,3174,2,7200,1.00315059861
589406,589417,592528,11,3111,2,7200,1.00353584057
589421,589428,592420,7,2992,2,7200,1.00233957219
589503,589513,592810,10,3297,2,7200,1.00303306036
589638,589646,592844,8,3198,2,7200,1.00250156348
589711,589721,592891,10,3170,2,7200,1.00315457413
589712,589727,592792,15,3065,2,7200,1.00489396411
589727,589733,592823,6,3090,2,7200,1.00194174757
589772,589781,592854,9,3073,2,7200,1.00292873414
590303,590312,593279,9,2967,2,7200,1.00303336704
590435,590445,593526,10,3081,2,7200,1.00324569945
590465,590475,593649,10,3174,2,7200,1.00315059861
590479,590488,593501,9,3013,2,7200,1.00298705609
590509,590518,593489,9,2971,2,7200,1.00302928307
590587,590596,593675,9,3079,2,7200,1.00292302696
590644,590654,593809,10,3155,2,7200,1.00316957211
590673,590682,593814,9,3132,2,7200,1.00287356322
590706,590715,593888,9,3173,2,7200,1.0028364324
590763,590773,593976,10,3203,2,7200,1.00312207306
590781,590795,594006,14,3211,2,7200,1.00436001246
590796,590802,593928,6,3126,2,7200,1.0019193858
590811,590817,594013,6,3196,2,7200,1.00187734668
590812,590829,593891,17,3062,2,7200,1.00555192685
590851,590861,593760,10,2899,2,7200,1.00344946533
590880,590889,594048,9,3159,2,7200,1.00284900285
590937,590947,593967,10,3020,2,7200,1.00331125828
591027,591040,594122,13,3082,2,7200,1.00421804023
591102,591113,594164,11,3051,2,7200,1.00360537529
591117,591126,594186,9,3060,2,7200,1.00294117647
591185,591195,594075,10,2880,2,7200,1.00347222222
591259,591265,591267,6,2,2,3540,1.0
591426,591435,594335,9,2900,2,7200,1.00310344828
591612,591622,594679,10,3057,2,7200,1.0032711809
591799,591807,594818,8,3011,2,7200,1.00265692461
592100,592186,595351,86,3165,2,7200,1.02717219589
592182,592193,595525,11,3332,2,7200,1.00330132053
592243,592249,609232,6,16983,12,36000,1.00035329447
592313,592320,593757,7,1437,12,57600,1.00487125957
592323,592332,595452,9,3120,2,7200,1.00288461538
592347,592357,595631,10,3274,2,7200,1.00305436775
592423,592431,595736,8,3305,2,7200,1.00242057489
592486,592495,595629,9,3134,2,7200,1.00287172942
592504,592512,595736,8,3224,2,7200,1.00248138958
592531,592540,595679,9,3139,2,7200,1.00286715514
592573,592583,595815,10,3232,2,7200,1.00309405941
592606,592615,595772,9,3157,2,7200,1.00285080773
592793,592809,595982,16,3173,2,7200,1.00504254649
592811,592822,595833,11,3011,2,7200,1.00365327134
592826,592851,595817,25,2966,2,7200,1.00842886042
592847,592873,595872,26,2999,2,7200,1.00866955652
592862,592879,595682,17,2803,2,7200,1.00606493043
592892,592903,595880,11,2977,2,7200,1.00369499496
593279,593290,596163,11,2873,2,7200,1.00382875044
593489,593502,596677,13,3175,2,7200,1.00409448819
593504,593525,596460,21,2935,2,7200,1.00715502555
593528,593542,596778,14,3236,2,7200,1.0043263288
593651,593661,596923,10,3262,2,7200,1.00306560392
593678,593686,596815,8,3129,2,7200,1.00255672739
593762,593771,596868,9,3097,2,7200,1.0029060381
593809,593820,596952,11,3132,2,7200,1.00351213282
593824,593830,596938,6,3108,2,7200,1.00193050193
593890,593900,597070,10,3170,2,7200,1.00315457413
593905,593911,597027,6,3116,2,7200,1.00192554557
593932,593940,597076,8,3136,2,7200,1.00255102041
593971,593979,596904,8,2925,2,7200,1.00273504274
593985,593991,597053,6,3062,2,7200,1.00195950359
594009,594017,597278,8,3261,2,7200,1.0024532352
594024,594030,597159,6,3129,2,7200,1.00191754554
594050,594062,597132,12,3070,2,7200,1.00390879479
594076,594087,597307,11,3220,2,7200,1.00341614907
594124,594139,597102,15,2963,2,7200,1.00506243672
594166,594179,597108,13,2929,2,7200,1.00443837487
594184,594197,597173,13,2976,2,7200,1.00436827957
594335,594347,597548,12,3201,2,7200,1.00374882849
594682,594690,597956,8,3266,2,7200,1.00244947949
594820,594829,597896,9,3067,2,7200,1.00293446365
595353,595362,598250,9,2888,2,7200,1.00311634349
595453,595469,598383,16,2914,2,7200,1.00549073439
595528,595540,598662,12,3122,2,7200,1.00384368994
595630,595640,598590,10,2950,2,7200,1.00338983051
595645,595651,598736,6,3085,2,7200,1.00194489465
595681,595690,598917,9,3227,2,7200,1.00278896808
595696,595702,598925,6,3223,2,7200,1.00186161961
595738,595747,598778,9,3031,2,7200,1.00296931706
595740,595753,598571,13,2818,2,7200,1.00461320085
595773,595783,598772,10,2989,2,7200,1.00334560054
595802,595809,595958,7,149,16,10860,1.04697986577
595818,595826,598744,8,2918,2,7200,1.00274160384
595820,595832,598888,12,3056,2,7200,1.00392670157
595835,595844,599031,9,3187,2,7200,1.00282397239
595874,595883,598942,9,3059,2,7200,1.00294213795
595889,595895,598878,6,2983,2,7200,1.00201139792
595961,595968,596134,7,166,16,10860,1.0421686747
595985,595993,598930,8,2937,2,7200,1.00272386789
596015,596022,596023,7,1,16,10860,1.0
596137,596150,597493,13,1343,16,10860,1.0096798213
596161,596167,596824,6,657,1,14400,1.00913242009
596167,596175,599180,8,3005,2,7200,1.00266222962
596461,596471,599708,10,3237,2,7200,1.0030892802
596678,596689,599969,11,3280,2,7200,1.00335365854
596780,596789,599815,9,3026,2,7200,1.0029742234
596815,596827,600044,12,3217,2,7200,1.0037301834
596869,596879,600002,10,3123,2,7200,1.00320204931
596902,596921,600045,19,3124,2,7200,1.00608194622
596926,596935,599837,9,2902,2,7200,1.00310130944
596940,596949,599923,9,2974,2,7200,1.0030262273
596955,596964,600148,9,3184,2,7200,1.00282663317
597030,597039,599951,9,2912,2,7200,1.00309065934
597054,597064,600012,10,2948,2,7200,1.00339213026
597072,597082,600213,10,3131,2,7200,1.00319386777
597086,597092,600111,6,3019,2,7200,1.00198741305
597104,597114,600004,10,2890,2,7200,1.00346020761
597119,597125,600437,6,3312,2,7200,1.0018115942
597133,597144,600160,11,3016,2,7200,1.00364721485
597160,597170,600382,10,3212,2,7200,1.00311332503
597175,597185,600191,10,3006,2,7200,1.00332667997
597280,597289,600252,9,2963,2,7200,1.00303746203
597308,597319,600348,11,3029,2,7200,1.00363156157
597496,597509,601114,13,3605,16,10860,1.00360610264
597549,597560,600622,11,3062,2,7200,1.00359242325
597898,597907,600914,9,3007,2,7200,1.0029930163
597958,597967,601062,9,3095,2,7200,1.00290791599
598253,598261,601326,8,3065,2,7200,1.00261011419
598386,598394,601415,8,3021,2,7200,1.00264812976
598573,598582,601418,9,2836,2,7200,1.00317348378
598590,598601,601698,11,3097,2,7200,1.00355182435
598666,598674,601850,8,3176,2,7200,1.00251889169
598738,598751,602210,13,3459,2,7200,1.00375831165
598753,598765,601860,12,3095,2,7200,1.00387722132
598774,598783,601801,9,3018,2,7200,1.00298210736
598789,598799,601883,10,3084,2,7200,1.00324254215
598879,598889,602117,10,3228,2,7200,1.00309789343
598894,598902,602207,8,3305,2,7200,1.00242057489
598918,598933,602167,15,3234,2,7200,1.00463821892
598933,598940,602050,7,3110,2,7200,1.00225080386
598935,598947,602044,12,3097,2,7200,1.00387471747
598949,598956,602014,7,3058,2,7200,1.00228907783
599034,599042,602143,8,3101,2,7200,1.00257981296
599182,599191,602211,9,3020,2,7200,1.00298013245
599711,599720,602667,9,2947,2,7200,1.00305395317
599816,599826,602777,10,2951,2,7200,1.0033886818
599840,599848,602824,8,2976,2,7200,1.00268817204
599924,599934,603144,10,3210,2,7200,1.0031152648
599954,599962,602957,8,2995,2,7200,1.00267111853
599971,599980,602842,9,2862,2,7200,1.00314465409
600004,600021,603140,17,3119,2,7200,1.00545046489
600006,600015,602955,9,2940,2,7200,1.00306122449
600020,600028,603110,8,3082,2,7200,1.00259571707
600047,600055,602824,8,2769,2,7200,1.00288912965
600049,600062,603173,13,3111,2,7200,1.00417872067
600111,600126,603240,15,3114,2,7200,1.00481695568
600150,600162,603161,12,2999,2,7200,1.00400133378
600165,600171,603077,6,2906,2,7200,1.00206469374
600192,600203,603111,11,2908,2,7200,1.0037826685
600216,600229,603286,13,3057,2,7200,1.00425253517
600254,600275,603137,21,2862,2,7200,1.00733752621
600350,600359,603740,9,3381,2,7200,1.00266193434
600383,600393,603451,10,3058,2,7200,1.00327011118
600437,600448,603611,11,3163,2,7200,1.00347771103
600624,600633,603599,9,2966,2,7200,1.00303438975
600916,600939,603914,23,2975,2,7200,1.00773109244
601065,601074,604170,9,3096,2,7200,1.00290697674
601117,601123,604724,6,3601,16,10860,1.00166620383
601327,601337,604465,10,3128,2,7200,1.00319693095
601418,601426,604495,8,3069,2,7200,1.00260671228
601432,601440,604703,8,3263,2,7200,1.00245173154
601700,601709,604945,9,3236,2,7200,1.00278121137
601798,601812,604917,14,3105,2,7200,1.00450885668
601852,601861,604765,9,2904,2,7200,1.00309917355
601867,601873,604777,6,2904,2,7200,1.0020661157
601885,601894,604913,9,3019,2,7200,1.00298111958
602017,602026,605128,9,3102,2,7200,1.00290135397
602044,602055,605051,11,2996,2,7200,1.00367156208
602059,602065,605104,6,3039,2,7200,1.00197433366
602119,602129,605179,10,3050,2,7200,1.00327868852
602146,602154,605283,8,3129,2,7200,1.00255672739
602170,602178,605271,8,3093,2,7200,1.00258648561
602210,602219,605416,9,3197,2,7200,1.00281513919
602213,602237,605535,24,3298,2,7200,1.00727713766
602224,602242,605496,18,3254,2,7200,1.00553165335
602670,602679,605584,9,2905,2,7200,1.00309810671
602778,602792,605827,14,3035,2,7200,1.00461285008
602826,602836,605988,10,3152,2,7200,1.00317258883
602828,602842,605834,14,2992,2,7200,1.00467914439
602842,602853,605867,11,3014,2,7200,1.00364963504
602956,602979,606290,23,3311,2,7200,1.00694654183
602971,602985,606041,14,3056,2,7200,1.00458115183
603079,603088,606086,9,2998,2,7200,1.00300200133
603112,603121,606109,9,2988,2,7200,1.00301204819
603114,603129,606244,15,3115,2,7200,1.00481540931
603137,603148,606075,11,2927,2,7200,1.00375811411
603152,603158,606126,6,2968,2,7200,1.00202156334
603154,603165,606445,11,3280,2,7200,1.00335365854
603168,603175,606236,7,3061,2,7200,1.00228683437
603183,603189,606461,6,3272,2,7200,1.00183374083
603243,603251,606031,8,2780,2,7200,1.00287769784
603288,603298,606070,10,2772,2,7200,1.00360750361
603453,603463,606686,10,3223,2,7200,1.00310269935
603601,603610,606662,9,3052,2,7200,1.00294888598
603612,603622,606703,10,3081,2,7200,1.00324569945
603743,603751,606832,8,3081,2,7200,1.00259655956
603917,603925,607087,8,3162,2,7200,1.00253004428
604173,604184,607299,11,3115,2,7200,1.00353130016
604468,604476,607530,8,3054,2,7200,1.00261951539
604499,604507,607654,8,3147,2,7200,1.00254210359
604703,604714,607663,11,2949,2,7200,1.00373007799
604727,604734,608330,7,3596,16,10860,1.00194660734
604767,604776,608084,9,3308,2,7200,1.00272067715
604781,604799,607848,18,3049,2,7200,1.00590357494
