SubmitTime,StartTime,EndTime,QueuedTime,RunTime,NodesRequested,walltime,bslowdown
187,193,3343,6,3150,2,7200,1.0019047619
461,467,3490,6,3023,2,7200,1.00198478333
596,602,3879,6,3277,2,7200,1.00183094294
620,626,3755,6,3129,2,7200,1.00191754554
659,665,3887,6,3222,2,7200,1.00186219739
1008,1014,4772,6,3758,2,7200,1.00159659393
1266,1272,4455,6,3183,2,7200,1.00188501414
1477,1483,4926,6,3443,2,7200,1.00174266628
1867,1873,163882,6,162009,1,162000,1.00003703498
1874,1880,163895,6,162015,1,162000,1.00003703361
1878,1886,163903,8,162017,1,162000,1.00004937753
1884,1892,163902,8,162010,1,162000,1.00004937967
1894,1900,163911,6,162011,1,162000,1.00003703452
1906,1912,163934,6,162022,1,162000,1.00003703201
1914,1920,163961,6,162041,1,162000,1.00003702767
1916,1926,4793,10,2867,2,7200,1.00348796652
1919,1932,163938,13,162006,1,162000,1.00008024394
1930,1938,163941,8,162003,1,162000,1.0000493818
1937,1944,163950,7,162006,1,162000,1.00004320828
1941,1950,163958,9,162008,1,162000,1.00005555281
1948,1956,163978,8,162022,1,162000,1.00004937601
1952,1962,5029,10,3067,2,7200,1.00326051516
1966,1973,5281,7,3308,2,7200,1.00211608222
2183,2189,5375,6,3186,2,7200,1.00188323917
2619,2625,5744,6,3119,2,7200,1.00192369349
3043,3049,6201,6,3152,2,7200,1.0019035533
3344,3350,6535,6,3185,2,7200,1.00188383046
3345,3357,6443,12,3086,2,7200,1.00388852884
3492,3498,6949,6,3451,2,7200,1.00173862649
3757,3763,7268,6,3505,2,7200,1.00171184023
3880,3886,7460,6,3574,2,7200,1.00167879127
3894,3901,6748,7,2847,2,7200,1.00245872849
4457,4463,8025,6,3562,2,7200,1.00168444694
4773,4779,7848,6,3069,2,7200,1.00195503421
4794,4800,8796,6,3996,2,7200,1.0015015015
4929,4935,8133,6,3198,2,7200,1.00187617261
5031,5037,8446,6,3409,2,7200,1.00176004693
5283,5290,9146,7,3856,2,7200,1.0018153527
5376,5382,8895,6,3513,2,7200,1.00170794193
5746,5752,9380,6,3628,2,7200,1.00165380375
6204,6210,9690,6,3480,2,7200,1.00172413793
6444,6450,10097,6,3647,2,7200,1.00164518783
6537,6543,10211,6,3668,2,7200,1.00163576881
6751,6757,10142,6,3385,2,7200,1.00177252585
6952,6958,10304,6,3346,2,7200,1.00179318589
7269,7276,10816,7,3540,2,7200,1.00197740113
7462,7468,11421,6,3953,2,7200,1.00151783456
7850,7856,11100,6,3244,2,7200,1.00184956843
8027,8033,11728,6,3695,2,7200,1.00162381597
8136,8142,11053,6,2911,2,7200,1.00206114737
8446,8452,11485,6,3033,2,7200,1.00197823937
8643,8649,8657,6,8,1,3600,1.4
8770,8776,8886,6,110,1,3600,1.05454545455
8798,8804,11648,6,2844,2,7200,1.00210970464
8897,8904,12389,7,3485,2,7200,1.00200860832
9018,9024,9279,6,255,1,3600,1.02352941176
9147,9153,12483,6,3330,2,7200,1.0018018018
9382,9388,12883,6,3495,2,7200,1.0017167382
9523,9530,10096,7,566,1,3600,1.01236749117
9692,9698,12581,6,2883,2,7200,1.00208116545
10098,10106,13611,8,3505,2,7200,1.00228245364
10143,10149,13261,6,3112,2,7200,1.00192802057
10212,10218,13459,6,3241,2,7200,1.00185128047
10305,10311,13187,6,2876,2,7200,1.00208623088
10638,10644,10650,6,6,1,3600,1.2
10765,10771,10849,6,78,1,3600,1.07692307692
10820,10826,14180,6,3354,2,7200,1.00178890877
10983,10990,11227,7,237,1,3600,1.02953586498
11054,11060,14348,6,3288,2,7200,1.00182481752
11102,11108,14210,6,3102,2,7200,1.00193423598
11424,11430,14756,6,3326,2,7200,1.00180396873
11487,11493,15106,6,3613,2,7200,1.0016606698
11528,11535,12004,7,469,1,3600,1.01492537313
11649,11655,15319,6,3664,2,7200,1.00163755459
11731,11737,15281,6,3544,2,7200,1.00169300226
12205,12211,12219,6,8,1,1800,1.4
12363,12369,12439,6,70,1,1800,1.08571428571
12390,12396,15153,6,2757,2,7200,1.00217627856
12483,12490,15889,7,3399,2,7200,1.00205942924
12583,12589,16218,6,3629,2,7200,1.00165334803
12642,12649,12740,7,91,1,1800,1.07692307692
12884,12890,16841,6,3951,2,7200,1.00151860289
13179,13186,13563,7,377,1,1800,1.01856763926
13191,13197,16709,6,3512,2,7200,1.00170842825
13264,13270,17117,6,3847,2,7200,1.00155965688
13462,13468,17000,6,3532,2,7200,1.00169875425
13613,13619,16618,6,2999,2,7200,1.00200066689
14181,14187,17468,6,3281,2,7200,1.00182871076
14211,14217,17696,6,3479,2,7200,1.00172463352
14304,14310,14316,6,6,1,1800,1.2
14349,14355,17879,6,3524,2,7200,1.00170261067
14466,14472,14512,6,40,1,1800,1.15
14759,14766,18239,7,3473,2,7200,1.00201554852
14782,14788,14866,6,78,1,1800,1.07692307692
15109,15115,17993,6,2878,2,7200,1.0020847811
15157,15163,17935,6,2772,2,7200,1.00216450216
15283,15289,18762,6,3473,2,7200,1.00172761301
15321,15328,18643,7,3315,2,7200,1.00211161388
15890,15896,19629,6,3733,2,7200,1.00160728636
16091,16098,16354,7,256,1,1800,1.02734375
16221,16227,19665,6,3438,2,7200,1.0017452007
16621,16628,19930,7,3302,2,7200,1.00211992732
16711,16718,20078,7,3360,2,7200,1.00208333333
16844,16850,20182,6,3332,2,7200,1.00180072029
17003,17009,20807,6,3798,2,7200,1.00157977883
17120,17126,20096,6,2970,2,7200,1.00202020202
17471,17477,21143,6,3666,2,7200,1.00163666121
17696,17703,21467,7,3764,2,7200,1.0018597237
17880,17886,21367,6,3481,2,7200,1.00172364263
17937,17943,21002,6,3059,2,7200,1.0019614253
17994,18000,21353,6,3353,2,7200,1.00178944229
18240,18246,21576,6,3330,2,7200,1.0018018018
18645,18651,22005,6,3354,2,7200,1.00178890877
18762,18768,21949,6,3181,2,7200,1.00188619931
19632,19638,22625,6,2987,2,7200,1.00200870439
19665,19671,22707,6,3036,2,7200,1.00197628458
19933,19939,23403,6,3464,2,7200,1.00173210162
20080,20087,23992,7,3905,2,7200,1.00179257362
20098,20104,22872,6,2768,2,7200,1.00216763006
20182,20188,23334,6,3146,2,7200,1.00190718373
20288,20294,20366,6,72,1,1800,1.08333333333
20614,20620,20705,6,85,1,1800,1.07058823529
20809,20815,24325,6,3510,2,7200,1.00170940171
21005,21011,24367,6,3356,2,7200,1.00178784267
21146,21152,24564,6,3412,2,7200,1.00175849941
21224,21231,21593,7,362,1,1800,1.01933701657
21356,21363,24841,7,3478,2,7200,1.00201265095
21371,21377,25213,6,3836,2,7200,1.0015641293
21470,21476,24439,6,2963,2,7200,1.00202497469
21579,21585,25047,6,3462,2,7200,1.00173310225
21953,21959,25344,6,3385,2,7200,1.00177252585
22007,22013,25543,6,3530,2,7200,1.00169971671
22627,22633,26074,6,3441,2,7200,1.00174367916
22663,22669,22708,6,39,1,1800,1.15384615385
22711,22718,25925,7,3207,2,7200,1.00218272529
22873,22879,26018,6,3139,2,7200,1.00191143676
22933,22939,23012,6,73,1,1800,1.08219178082
23336,23343,26903,7,3560,2,7200,1.00196629213
23405,23412,26719,7,3307,2,7200,1.0021167221
23546,79559,135437,56013,55878,4,72000,2.00241597767
23651,23657,23902,6,245,1,1800,1.02448979592
23996,24002,27422,6,3420,2,7200,1.00175438596
24326,24333,28007,7,3674,2,7200,1.00190528035
24368,24374,27681,6,3307,2,7200,1.00181433323
24440,24446,27773,6,3327,2,7200,1.00180342651
24566,24573,27501,7,2928,2,7200,1.00239071038
24843,24849,28069,6,3220,2,7200,1.00186335404
25048,25054,28207,6,3153,2,7200,1.00190294957
25216,25222,29058,6,3836,2,7200,1.0015641293
25345,25351,28878,6,3527,2,7200,1.00170116246
25547,25553,28867,6,3314,2,7200,1.00181050091
25925,25931,29147,6,3216,2,7200,1.00186567164
26021,26028,29406,7,3378,2,7200,1.00207223209
26075,26081,29401,6,3320,2,7200,1.00180722892
26722,26728,30195,6,3467,2,7200,1.00173060283
26906,26912,30590,6,3678,2,7200,1.00163132137
27423,27429,30625,6,3196,2,7200,1.00187734668
27501,27507,30889,6,3382,2,7200,1.00177409817
27681,27687,31220,6,3533,2,7200,1.00169827342
27774,27781,31536,7,3755,2,7200,1.00186418109
28009,28015,31188,6,3173,2,7200,1.00189095493
28072,28078,31156,6,3078,2,7200,1.00194931774
28210,28216,31064,6,2848,2,7200,1.00210674157
28870,28876,32145,6,3269,2,7200,1.00183542368
28884,28891,32455,7,3564,2,7200,1.0019640853
29059,29065,32254,6,3189,2,7200,1.00188146754
29149,29155,32417,6,3262,2,7200,1.00183936235
29404,29411,32829,7,3418,2,7200,1.00204798128
29419,29425,32948,6,3523,2,7200,1.00170309395
30195,30202,33723,7,3521,2,7200,1.00198807157
30592,30599,34112,7,3513,2,7200,1.00199259892
30625,30631,33839,6,3208,2,7200,1.00187032419
30890,30896,34296,6,3400,2,7200,1.00176470588
31068,31074,34496,6,3422,2,7200,1.00175336061
31158,31164,34386,6,3222,2,7200,1.00186219739
31190,31197,34300,7,3103,2,7200,1.00225588141
31220,31226,34362,6,3136,2,7200,1.00191326531
31536,31542,34564,6,3022,2,7200,1.00198544011
32147,32153,35694,6,3541,2,7200,1.0016944366
32255,32261,36085,6,3824,2,7200,1.00156903766
32419,32425,35594,6,3169,2,7200,1.00189334175
32455,32461,35846,6,3385,2,7200,1.00177252585
32831,32837,36299,6,3462,2,7200,1.00173310225
32948,32954,36652,6,3698,2,7200,1.00162249865
33724,33731,37126,7,3395,2,7200,1.00206185567
33842,33848,36715,6,2867,2,7200,1.00209277991
34115,34121,37055,6,2934,2,7200,1.00204498978
34299,34305,37185,6,2880,2,7200,1.00208333333
34313,34320,37397,7,3077,2,7200,1.00227494313
34364,34370,37888,6,3518,2,7200,1.0017055145
34388,34394,37685,6,3291,2,7200,1.00182315406
34496,34502,37584,6,3082,2,7200,1.0019467878
34565,34571,38130,6,3559,2,7200,1.00168586682
34878,34884,83570,6,48686,8,345600,1.00012323871
34946,34952,89025,6,54073,8,345600,1.00011096111
35562,35568,53574,6,18006,1,18000,1.00033322226
35595,35601,38889,6,3288,2,7200,1.00182481752
35697,35703,39326,6,3623,2,7200,1.00165608612
35847,35853,38969,6,3116,2,7200,1.00192554557
36088,36094,39317,6,3223,2,7200,1.00186161961
36301,36307,39403,6,3096,2,7200,1.0019379845
36653,36659,40066,6,3407,2,7200,1.00176108013
36716,36722,40394,6,3672,2,7200,1.00163398693
37056,37062,39962,6,2900,2,7200,1.00206896552
37128,37134,40281,6,3147,2,7200,1.00190657769
37188,37194,40373,6,3179,2,7200,1.00188738597
37398,37404,41157,6,3753,2,7200,1.00159872102
37587,37593,41305,6,3712,2,7200,1.00161637931
37686,37693,40707,7,3014,2,7200,1.00232249502
37891,37897,41498,6,3601,2,7200,1.00166620383
38131,38137,41010,6,2873,2,7200,1.00208840933
38890,38896,42255,6,3359,2,7200,1.00178624591
38971,38977,42739,6,3762,2,7200,1.00159489633
39320,39326,42941,6,3615,2,7200,1.00165975104
39334,39340,42726,6,3386,2,7200,1.00177200236
39406,39413,43136,7,3723,2,7200,1.00188020414
39756,39762,43015,6,3253,2,7200,1.00184445128
39757,39768,43249,11,3481,2,7200,1.00316001149
39759,39774,42661,15,2887,2,7200,1.00519570488
39760,39779,43164,19,3385,2,7200,1.00561299852
39761,39784,42978,23,3194,2,7200,1.00720100188
39763,39790,43458,27,3668,2,7200,1.00736095965
39764,39796,43281,32,3485,2,7200,1.00918220947
39766,39801,43609,35,3808,2,7200,1.00919117647
39767,39806,43305,39,3499,2,7200,1.01114604173
39768,39812,43188,44,3376,2,7200,1.01303317536
39829,39835,43643,6,3808,2,7200,1.00157563025
39831,39842,42990,11,3148,2,7200,1.00349428208
39832,39847,42761,15,2914,2,7200,1.00514756349
39833,39853,43389,20,3536,2,7200,1.0056561086
39835,39858,43319,23,3461,2,7200,1.00664547819
39836,39863,42897,27,3034,2,7200,1.00889914305
39837,39870,43693,33,3823,2,7200,1.00863196443
39839,39876,43276,37,3400,2,7200,1.01088235294
39840,39881,43118,41,3237,2,7200,1.01266604881
39841,39886,43649,45,3763,2,7200,1.01195854372
39965,39971,43225,6,3254,2,7200,1.00184388445
40067,40073,43959,6,3886,2,7200,1.00154400412
40284,40290,43846,6,3556,2,7200,1.00168728909
40374,40380,44192,6,3812,2,7200,1.00157397692
40395,40401,43559,6,3158,2,7200,1.00189993667
40708,40714,44275,6,3561,2,7200,1.00168491997
41012,41018,44394,6,3376,2,7200,1.00177725118
41159,41165,44577,6,3412,2,7200,1.00175849941
41306,41312,44346,6,3034,2,7200,1.00197758734
41499,41505,44833,6,3328,2,7200,1.00180288462
42257,42263,45358,6,3095,2,7200,1.00193861066
42663,42669,46043,6,3374,2,7200,1.00177830468
42729,42735,46505,6,3770,2,7200,1.00159151194
42744,42750,45962,6,3212,2,7200,1.00186799502
42762,42768,45565,6,2797,2,7200,1.00214515552
42900,42906,46508,6,3602,2,7200,1.00166574125
42942,42948,46378,6,3430,2,7200,1.00174927114
42981,42987,46499,6,3512,2,7200,1.00170842825
42996,43001,46241,5,3240,2,7200,1.00154320988
43017,43023,46635,6,3612,2,7200,1.00166112957
43119,43125,46498,6,3373,2,7200,1.0017788319
43136,43143,46999,7,3856,2,7200,1.0018153527
43166,43172,46617,6,3445,2,7200,1.00174165457
43190,43196,46641,6,3445,2,7200,1.00174165457
43227,43233,46817,6,3584,2,7200,1.00167410714
43250,43257,46478,7,3221,2,7200,1.00217323812
43277,43283,46483,6,3200,2,7200,1.001875
43292,43298,46905,6,3607,2,7200,1.00166343222
43307,43313,46447,6,3134,2,7200,1.00191448628
43322,43328,46186,6,2858,2,7200,1.00209937019
43391,43397,47103,6,3706,2,7200,1.00161899622
43460,43465,47197,5,3732,2,7200,1.0013397642
43562,43568,47247,6,3679,2,7200,1.00163087796
43610,43616,46766,6,3150,2,7200,1.0019047619
43646,43652,46965,6,3313,2,7200,1.00181104739
43661,43667,46879,6,3212,2,7200,1.00186799502
43696,43703,47397,7,3694,2,7200,1.00189496481
43847,43853,47295,6,3442,2,7200,1.00174317257
43961,43967,47503,6,3536,2,7200,1.00169683258
44193,44199,47770,6,3571,2,7200,1.00168020162
44277,44283,47844,6,3561,2,7200,1.00168491997
44349,44355,48103,6,3748,2,7200,1.00160085379
44397,44403,47882,6,3479,2,7200,1.00172463352
44577,44583,47763,6,3180,2,7200,1.00188679245
44836,44842,48597,6,3755,2,7200,1.00159786951
45360,45366,48481,6,3115,2,7200,1.00192616372
45567,45573,49305,6,3732,2,7200,1.00160771704
45964,45970,49164,6,3194,2,7200,1.00187852223
46045,46051,49218,6,3167,2,7200,1.00189453742
46187,46193,49702,6,3509,2,7200,1.00170988886
46244,46250,50256,6,4006,2,7200,1.00149775337
46382,46388,50186,6,3798,2,7200,1.00157977883
46448,46454,50276,6,3822,2,7200,1.00156985871
46481,46487,49618,6,3131,2,7200,1.00191632066
46496,46502,50510,6,4008,2,7200,1.00149700599
46511,46517,49549,6,3032,2,7200,1.00197889182
46512,46523,50145,11,3622,2,7200,1.00303699613
46514,46529,49812,15,3283,2,7200,1.00456899178
46515,46534,49831,19,3297,2,7200,1.00576281468
46620,46626,49871,6,3245,2,7200,1.00184899846
46638,46644,50451,6,3807,2,7200,1.00157604413
46653,46659,49933,6,3274,2,7200,1.00183262065
46767,46773,49591,6,2818,2,7200,1.00212916962
46819,46825,50124,6,3299,2,7200,1.00181873295
46882,46888,50027,6,3139,2,7200,1.00191143676
46905,46912,50802,7,3890,2,7200,1.00179948586
46966,46972,50159,6,3187,2,7200,1.00188264826
47001,47008,50619,7,3611,2,7200,1.00193852119
47107,47113,50238,6,3125,2,7200,1.00192
47200,47206,50375,6,3169,2,7200,1.00189334175
47248,47254,50379,6,3125,2,7200,1.00192
47296,47302,50256,6,2954,2,7200,1.00203114421
47398,47404,50992,6,3588,2,7200,1.0016722408
47506,47512,50632,6,3120,2,7200,1.00192307692
47765,47771,51519,6,3748,2,7200,1.00160085379
47779,47786,51260,7,3474,2,7200,1.00201496834
47845,47852,51694,7,3842,2,7200,1.00182196773
47884,47890,51519,6,3629,2,7200,1.00165334803
48104,48110,51397,6,3287,2,7200,1.00182537268
48483,48489,51876,6,3387,2,7200,1.00177147919
48600,48606,52057,6,3451,2,7200,1.00173862649
49166,49172,52492,6,3320,2,7200,1.00180722892
49214,49220,52722,6,3502,2,7200,1.00171330668
49307,49313,53321,6,4008,2,7200,1.00149700599
49542,49548,51610,6,2062,3,3600,1.00290979631
49551,49557,53328,6,3771,2,7200,1.0015910899
49592,49598,53350,6,3752,2,7200,1.00159914712
49619,49625,53108,6,3483,2,7200,1.00172265289
49703,49709,52924,6,3215,2,7200,1.00186625194
49814,49821,53181,7,3360,2,7200,1.00208333333
49832,49839,53048,7,3209,2,7200,1.00218136491
49871,49877,53279,6,3402,2,7200,1.00176366843
49934,49940,53419,6,3479,2,7200,1.00172463352
50030,50037,53195,7,3158,2,7200,1.00221659278
50127,50133,53407,6,3274,2,7200,1.00183262065
50147,50153,53429,6,3276,2,7200,1.00183150183
50162,50168,53774,6,3606,2,7200,1.00166389351
50189,50195,53787,6,3592,2,7200,1.00167037862
50240,50246,53505,6,3259,2,7200,1.00184105554
50258,50265,54072,7,3807,2,7200,1.00183871815
50259,50271,53495,12,3224,2,7200,1.00372208437
50277,50283,53747,6,3464,2,7200,1.00173210162
50376,50382,53880,6,3498,2,7200,1.00171526587
50391,50397,53523,6,3126,2,7200,1.0019193858
50454,50460,54241,6,3781,2,7200,1.00158688178
50511,50517,53821,6,3304,2,7200,1.00181598063
50622,50628,54188,6,3560,2,7200,1.00168539326
50637,50643,53824,6,3181,2,7200,1.00188619931
50802,50809,54649,7,3840,2,7200,1.00182291667
50995,51001,54057,6,3056,2,7200,1.00196335079
51219,51225,56609,6,5384,4,7200,1.00111441308
51263,51269,54973,6,3704,2,7200,1.00161987041
51398,51404,54516,6,3112,2,7200,1.00192802057
51521,51528,55289,7,3761,2,7200,1.00186120713
51523,51534,54854,11,3320,2,7200,1.00331325301
51697,51703,55214,6,3511,2,7200,1.00170891484
51878,51884,55189,6,3305,2,7200,1.00181543116
52052,52059,57439,7,5380,4,7200,1.00130111524
52058,52065,55814,7,3749,2,7200,1.00186716458
52495,52501,56039,6,3538,2,7200,1.00169587337
52723,52729,55932,6,3203,2,7200,1.00187324383
52928,52934,56826,6,3892,2,7200,1.00154162384
53051,53057,56372,6,3315,2,7200,1.00180995475
53111,53117,56457,6,3340,2,7200,1.00179640719
53183,53189,56204,6,3015,2,7200,1.00199004975
53198,53204,56441,6,3237,2,7200,1.00185356812
53282,53287,56497,5,3210,2,7200,1.0015576324
53324,53330,56993,6,3663,2,7200,1.00163800164
53338,53344,56363,6,3019,2,7200,1.00198741305
53353,53359,57195,6,3836,2,7200,1.0015641293
53410,53416,56659,6,3243,2,7200,1.00185013876
53425,53431,56903,6,3472,2,7200,1.0017281106
53440,53446,56467,6,3021,2,7200,1.00198609732
53497,53503,56611,6,3108,2,7200,1.00193050193
53511,53518,57302,7,3784,2,7200,1.00184989429
53526,53532,56652,6,3120,2,7200,1.00192307692
53749,53755,56912,6,3157,2,7200,1.00190053849
53767,53774,55218,7,1444,4,3600,1.00484764543
53776,53782,57336,6,3554,2,7200,1.0016882386
53791,53797,57151,6,3354,2,7200,1.00178890877
53824,53830,57009,6,3179,2,7200,1.00188738597
53825,53836,57267,11,3431,2,7200,1.00320606237
53883,53889,57748,6,3859,2,7200,1.00155480694
54058,54064,56866,6,2802,2,7200,1.00214132762
54073,54079,57037,6,2958,2,7200,1.00202839757
54187,54193,57974,6,3781,2,7200,1.00158688178
54241,54247,57532,6,3285,2,7200,1.00182648402
54518,54524,58132,6,3608,2,7200,1.00166297118
54650,54656,57795,6,3139,2,7200,1.00191143676
54855,54861,58375,6,3514,2,7200,1.00170745589
54975,54984,58567,9,3583,2,7200,1.00251186157
55191,55198,58725,7,3527,2,7200,1.00198468954
55215,55221,58568,6,3347,2,7200,1.00179265013
55290,55296,58396,6,3100,2,7200,1.00193548387
55817,55823,59482,6,3659,2,7200,1.00163979229
55883,55889,57324,6,1435,4,3600,1.00418118467
55934,55941,59478,7,3537,2,7200,1.00197907831
56040,56046,59296,6,3250,2,7200,1.00184615385
56205,56211,59767,6,3556,2,7200,1.00168728909
56364,56371,59727,7,3356,2,7200,1.00208581645
56373,110435,139274,54062,28839,16,28800,2.87461423766
56374,174875,203711,118501,28836,16,28800,5.10948120405
56374,139286,168116,82912,28830,16,28800,3.87589316684
56375,203717,232555,147342,28838,16,28800,6.10930022886
56376,245255,274097,188879,28842,16,28800,7.5487483531
56377,274109,302942,217732,28833,16,28800,8.55148614435
56378,306256,335078,249878,28822,16,28800,9.66969675942
56378,335089,363922,278711,28833,16,28800,10.6663892068
56379,363934,392765,307555,28831,16,28800,11.6675106656
56379,56385,59278,6,2893,2,7200,1.00207397166
56380,413841,442666,357461,28825,16,28800,13.4010754553
56442,56448,60254,6,3806,2,7200,1.00157645822
56457,56463,60023,6,3560,2,7200,1.00168539326
56472,56478,59760,6,3282,2,7200,1.00182815356
56499,56505,59865,6,3360,2,7200,1.00178571429
56613,56619,59950,6,3331,2,7200,1.00180126088
56655,56661,59546,6,2885,2,7200,1.0020797227
56670,56676,59846,6,3170,2,7200,1.00189274448
56826,56832,60321,6,3489,2,7200,1.00171969046
56868,56874,60065,6,3191,2,7200,1.00188028831
56904,56910,60533,6,3623,2,7200,1.00165608612
56919,56925,60666,6,3741,2,7200,1.00160384924
56994,57000,60032,6,3032,2,7200,1.00197889182
57012,57018,60510,6,3492,2,7200,1.00171821306
57039,57045,60206,6,3161,2,7200,1.0018981335
57153,57159,59965,6,2806,2,7200,1.00213827512
57198,57204,61180,6,3976,2,7200,1.00150905433
57270,57276,60961,6,3685,2,7200,1.00162822252
57303,57309,61200,6,3891,2,7200,1.00154202005
57339,57345,60536,6,3191,2,7200,1.00188028831
57501,57507,58984,6,1477,4,3600,1.00406228842
57534,57541,61013,7,3472,2,7200,1.00201612903
57751,57757,61310,6,3553,2,7200,1.00168871376
57796,57802,61229,6,3427,2,7200,1.00175080245
57976,57983,61470,7,3487,2,7200,1.00200745627
58133,58139,62116,6,3977,2,7200,1.00150867488
58241,58410,64260,169,5850,20,10799,1.02888888889
58282,59775,63154,1493,3379,20,10799,1.44184670021
58301,66460,66801,8159,341,1,7200,24.926686217
58340,60265,64045,1925,3780,20,10799,1.50925925926
58376,58384,62159,8,3775,2,7200,1.0021192053
58397,58404,61869,7,3465,2,7200,1.00202020202
58505,62162,66303,3657,4141,20,7199,1.88312001932
58569,58575,61914,6,3339,2,7200,1.00179694519
58570,58583,61588,13,3005,2,7200,1.00432612313
58627,63165,71516,4538,8351,20,21599,1.54340797509
58727,58734,61944,7,3210,2,7200,1.00218068536
58738,64056,75882,5318,11826,20,21599,1.44968713005
59281,59288,62768,7,3480,2,7200,1.00201149425
59299,59305,62445,6,3140,2,7200,1.00191082803
59380,64272,121629,4892,57357,20,86399,1.08529037432
59395,66314,126050,6919,59736,20,86399,1.1158263024
59479,59486,63238,7,3752,2,7200,1.00186567164
59494,59501,62669,7,3168,2,7200,1.00220959596
59548,59555,63507,7,3952,2,7200,1.00177125506
59728,59736,63359,8,3623,2,7200,1.00220811482
59761,59768,63406,7,3638,2,7200,1.00192413414
59776,59783,63318,7,3535,2,7200,1.00198019802
59848,59854,63568,6,3714,2,7200,1.00161550889
59866,59873,63191,7,3318,2,7200,1.00210970464
59953,61322,65244,1369,3922,2,7200,1.34905660377
59968,61482,64999,1514,3517,2,7200,1.43048052317
60025,61600,64694,1575,3094,2,7200,1.50904977376
60040,61881,65409,1841,3528,2,7200,1.52182539683
60066,61927,65555,1861,3628,2,7200,1.51295479603
60208,61956,64838,1748,2882,2,7200,1.60652324774
60256,62172,65191,1916,3019,2,7200,1.63464723418
60321,62457,65726,2136,3269,2,7200,1.653410829
60511,62681,66009,2170,3328,2,7200,1.65204326923
60535,62780,66337,2245,3557,2,7200,1.63114984538
60550,63203,66690,2653,3487,2,7200,1.76082592486
60667,63250,66987,2583,3737,2,7200,1.69119614664
60689,60696,62151,7,1455,4,3600,1.00481099656
60962,63329,67068,2367,3739,2,7200,1.6330569671
61015,63371,66821,2356,3450,2,7200,1.68289855072
61181,63418,67069,2237,3651,2,7200,1.61270884689
61202,63495,67092,2293,3597,2,7200,1.63747567417
61232,63519,67119,2287,3600,2,7200,1.63527777778
61313,63580,66854,2267,3274,2,7200,1.69242516799
61472,64278,67957,2806,3679,2,7200,1.76270725741
61589,64705,68470,3116,3765,2,7200,1.82762284197
61872,64849,68106,2977,3257,2,7200,1.91403131716
61917,65010,68544,3093,3534,2,7200,1.87521222411
61947,65125,68558,3178,3433,2,7200,1.92572094378
62118,65203,68646,3085,3443,2,7200,1.896020912
62160,65257,68538,3097,3281,2,7200,1.94391953673
62446,65420,69175,2974,3755,2,7200,1.79201065246
62672,65566,69517,2894,3951,2,7200,1.7324727917
62699,67103,68545,4404,1442,4,3600,4.05409153953
62977,68552,69984,5575,1432,4,3600,4.89315642458
65711,65767,69409,56,3642,2,7200,1.01537616694
66009,66020,68967,11,2947,2,7200,1.00373260943
66693,66699,69883,6,3184,2,7200,1.00188442211
66855,66861,69787,6,2926,2,7200,1.002050581
67069,67075,70390,6,3315,2,7200,1.00180995475
67098,67110,70288,12,3178,2,7200,1.00377595972
67959,67965,71511,6,3546,2,7200,1.00169204738
68471,68477,71679,6,3202,2,7200,1.00187382886
68540,68546,71924,6,3378,2,7200,1.00177619893
68569,68575,72006,6,3431,2,7200,1.00174876129
68804,68810,72409,6,3599,2,7200,1.00166712976
68866,68877,72181,11,3304,2,7200,1.00332929782
68968,68974,71991,6,3017,2,7200,1.00198873053
69115,69121,72405,6,3284,2,7200,1.00182704019
69172,69178,72476,6,3298,2,7200,1.00181928441
69229,69235,72619,6,3384,2,7200,1.00177304965
69319,69325,72822,6,3497,2,7200,1.00171575636
69412,69418,72911,6,3493,2,7200,1.00171772116
69508,69514,72666,6,3152,2,7200,1.0019035533
69789,69795,72837,6,3042,2,7200,1.00197238659
69921,69927,73114,6,3187,2,7200,1.00188264826
70186,70192,73962,6,3770,2,7200,1.00159151194
70291,70297,73502,6,3205,2,7200,1.00187207488
70715,70721,74513,6,3792,2,7200,1.00158227848
71516,71522,74930,6,3408,2,7200,1.00176056338
71778,71784,75195,6,3411,2,7200,1.00175901495
71898,71904,75365,6,3461,2,28800,1.001733603
71925,71931,75254,6,3323,2,7200,1.00180559735
72009,72015,75612,6,3597,2,7200,1.00166805671
72256,72262,75911,6,3649,2,7200,1.00164428611
72388,72394,75982,6,3588,2,7200,1.0016722408
72421,72427,75835,6,3408,2,7200,1.00176056338
72478,72484,75979,6,3495,2,7200,1.0017167382
72619,72625,76068,6,3443,2,7200,1.00174266628
72772,72779,75892,7,3113,2,7200,1.00224863476
72789,72799,75771,10,2972,2,7200,1.00336473755
72839,72846,75879,7,3033,2,7200,1.00230794593
72969,72975,76339,6,3364,2,7200,1.00178359096
72982,72989,72990,7,1,2,3540,1.0
73116,73122,76834,6,3712,2,7200,1.00161637931
73438,73444,76618,6,3174,2,7200,1.00189035917
73504,73510,77035,6,3525,2,7200,1.00170212766
73963,73969,77369,6,3400,2,7200,1.00176470588
74920,74926,78781,6,3855,2,7200,1.00155642023
75070,75076,77979,6,2903,2,7200,1.00206682742
75257,75263,78908,6,3645,2,7200,1.00164609053
75422,75428,79155,6,3727,2,7200,1.00160987389
75451,75458,79079,7,3621,2,7200,1.00193316763
75772,75778,79206,6,3428,2,7200,1.00175029172
75880,75886,79339,6,3453,2,7200,1.00173761946
75897,75907,79103,10,3196,2,7200,1.00312891114
75981,75987,79234,6,3247,2,7200,1.00184785956
76025,76031,79313,6,3282,2,7200,1.00182815356
76085,76091,79213,6,3122,2,7200,1.00192184497
76262,76269,79220,7,2951,2,7200,1.00237207726
76340,76346,79889,6,3543,2,7200,1.0016934801
76475,76482,79725,7,3243,2,7200,1.00215849522
76619,76625,80281,6,3656,2,7200,1.00164113786
77037,77044,79916,7,2872,2,7200,1.00243732591
77371,77378,80532,7,3154,2,7200,1.00221940393
77600,77606,80538,6,2932,2,7200,1.00204638472
78024,78030,81856,6,3826,2,7200,1.00156821746
78903,78909,82443,6,3534,2,7200,1.00169779287
78919,78925,82432,6,3507,2,7200,1.00171086399
79048,79055,81889,7,2834,2,7200,1.00247000706
79105,79111,82372,6,3261,2,7200,1.0018399264
79159,79165,82599,6,3434,2,7200,1.00174723355
79208,79214,82649,6,3435,2,7200,1.00174672489
79224,79236,83117,12,3881,2,7200,1.0030919866
79240,79251,82441,11,3190,2,7200,1.00344827586
79314,79320,82635,6,3315,2,7200,1.00180995475
79344,79350,83209,6,3859,2,7200,1.00155480694
79515,79521,82539,6,3018,2,7200,1.00198807157
79880,79886,95476,6,15590,8,345600,1.00038486209
79891,79897,83040,6,3143,2,7200,1.00190900414
79957,79963,83428,6,3465,2,7200,1.00173160173
79963,79969,81096,6,1127,8,345600,1.00532386868
80240,80545,81024,305,479,8,345600,1.63674321503
80282,80288,83391,6,3103,2,7200,1.00193361263
80298,80309,83912,11,3603,2,7200,1.00305301138
80533,80539,83538,6,2999,2,7200,1.00200066689
81136,81142,126918,6,45776,8,345600,1.00013107305
81243,81250,84361,7,3111,2,7200,1.00225008036
81890,81896,85301,6,3405,2,7200,1.00176211454
82311,82318,85700,7,3382,2,7200,1.00206978119
82373,82379,85850,6,3471,2,7200,1.00172860847
82433,82439,85701,6,3262,2,7200,1.00183936235
82449,82460,85458,11,2998,2,7200,1.00366911274
82541,82547,85977,6,3430,2,7200,1.00174927114
82637,82643,86166,6,3523,2,7200,1.00170309395
82691,82697,85987,6,3290,2,7200,1.00182370821
82829,82835,86108,6,3273,2,7200,1.00183318057
82907,82913,86434,6,3521,2,7200,1.00170406135
83042,83048,86464,6,3416,2,7200,1.00175644028
83120,83126,86854,6,3728,2,7200,1.00160944206
83316,83322,86814,6,3492,2,7200,1.00171821306
83431,83437,86472,6,3035,2,7200,1.00197693575
83581,83587,83588,6,1,1,240,1.0
83894,83900,87126,6,3226,2,7200,1.00185988841
83917,83927,87427,10,3500,2,7200,1.00285714286
84076,84082,87881,6,3799,2,7200,1.00157936299
85018,85024,88676,6,3652,2,7200,1.00164293538
85212,85223,187626,11,102403,1,172200,1.00010741873
85212,85218,187765,6,102547,1,172200,1.00005850976
85212,85229,187831,17,102602,1,172200,1.00016568878
85213,85246,188677,33,103431,1,172200,1.00031905328
85213,85241,187572,28,102331,1,172200,1.00027362187
85213,85235,188712,22,103477,1,172200,1.00021260763
85214,85257,187564,43,102307,1,172200,1.0004203036
85214,85252,189597,38,104345,1,172200,1.00036417653
85391,85397,89329,6,3932,2,7200,1.001525941
85462,85472,88929,10,3457,2,7200,1.00289268152
85509,85521,145421,12,59900,1,172200,1.00020033389
85509,85515,144609,6,59094,1,172200,1.00010153315
85509,85526,145681,17,60155,1,172200,1.00028260327
85510,85537,145194,27,59657,1,172200,1.00045258729
85510,85532,145245,22,59713,1,172200,1.00036842899
85511,85543,145209,32,59666,1,172200,1.00053631884
85511,85554,145921,43,60367,1,172200,1.00071230971
85511,85548,145498,37,59950,1,172200,1.00061718098
85703,85709,89020,6,3311,2,7200,1.00181214135
85852,85858,89401,6,3543,2,7200,1.0016934801
85944,89036,99866,3092,10830,8,10800,1.28550323176
85978,85984,89236,6,3252,2,7200,1.00184501845
86020,86026,89711,6,3685,2,7200,1.00162822252
86065,86071,89281,6,3210,2,7200,1.00186915888
86124,86131,89572,7,3441,2,7200,1.00203429236
86404,86410,89878,6,3468,2,7200,1.00173010381
86446,86452,90320,6,3868,2,7200,1.00155118925
86479,86485,89347,6,2862,2,7200,1.00209643606
86742,86749,89868,7,3119,2,7200,1.00224430907
86856,86863,90646,7,3783,2,7200,1.00185038329
87127,87133,90077,6,2944,2,7200,1.00203804348
87241,90660,101495,3419,10835,8,10800,1.31555145362
87386,87392,90836,6,3444,2,7200,1.00174216028
87883,87889,91474,6,3585,2,7200,1.00167364017
88325,88331,91813,6,3482,2,7200,1.00172314762
88806,88812,92368,6,3556,2,7200,1.00168728909
88926,88932,92251,6,3319,2,7200,1.00180777343
89001,89007,92215,6,3208,2,7200,1.00187032419
89085,89091,92281,6,3190,2,7200,1.00188087774
89232,89238,92346,6,3108,2,7200,1.00193050193
89283,89289,92562,6,3273,2,7200,1.00183318057
89312,89318,92720,6,3402,2,7200,1.00176366843
89348,89354,92656,6,3302,2,7200,1.00181708056
89402,89408,93015,6,3607,2,7200,1.00166343222
89658,89664,92522,6,2858,2,7200,1.00209937019
89739,89745,93351,6,3606,2,7200,1.00166389351
89871,89877,92898,6,3021,2,7200,1.00198609732
90080,90086,92870,6,2784,2,7200,1.00215517241
90323,90329,93328,6,2999,2,7200,1.00200066689
90835,90841,94366,6,3525,2,7200,1.00170212766
91120,91126,94691,6,3565,2,7200,1.00168302945
91475,91481,94664,6,3183,2,7200,1.00188501414
92125,92132,95521,7,3389,2,7200,1.00206550605
92253,92259,95961,6,3702,2,7200,1.00162074554
92305,92311,95794,6,3483,2,7200,1.00172265289
92371,92377,95631,6,3254,2,7200,1.00184388445
92563,92569,96087,6,3518,2,7200,1.0017055145
92626,92632,96143,6,3511,2,7200,1.00170891484
92686,92692,96143,6,3451,2,7200,1.00173862649
92809,92815,96228,6,3413,2,7200,1.00175798418
92878,92884,96523,6,3639,2,7200,1.00164880462
92900,92906,96560,6,3654,2,7200,1.00164203612
92932,92939,96346,7,3407,2,7200,1.00205459348
93062,93068,96774,6,3706,2,7200,1.00161899622
93329,93335,96435,6,3100,2,7200,1.00193548387
93352,93364,97093,12,3729,2,7200,1.00321802092
93791,93797,97382,6,3585,2,7200,1.00167364017
94369,94375,97736,6,3361,2,7200,1.00178518298
94671,94677,97885,6,3208,2,7200,1.00187032419
94740,94746,97847,6,3101,2,7200,1.00193485972
95039,95045,95052,6,7,1,3600,1.3
95167,95173,95283,6,110,1,3600,1.05454545455
95361,95367,99060,6,3693,2,7200,1.00162469537
95415,95421,95676,6,255,1,3600,1.02352941176
95524,95530,98957,6,3427,2,7200,1.00175080245
95634,95640,98518,6,2878,2,7200,1.0020847811
95691,95698,99100,7,3402,2,7200,1.00205761317
95905,95911,99224,6,3313,2,7200,1.00181104739
95922,95928,96494,6,566,1,3600,1.01060070671
96034,96040,98938,6,2898,2,7200,1.00207039337
96145,96151,99719,6,3568,2,7200,1.00168161435
96200,96206,99927,6,3721,2,7200,1.00161246977
96347,96354,100280,7,3926,2,7200,1.00178298523
96398,96404,100017,6,3613,2,7200,1.0016606698
96510,96517,100088,7,3571,2,7200,1.00196023523
96562,96568,99971,6,3403,2,7200,1.00176315016
96775,96781,100169,6,3388,2,7200,1.00177095632
97030,97036,97041,6,5,1,3600,1.1
97129,97135,100164,6,3029,2,7200,1.00198085177
97159,97165,97246,6,81,1,3600,1.07407407407
97381,97388,97625,7,237,1,3600,1.02953586498
97738,97744,100989,6,3245,2,7200,1.00184899846
97849,97855,101185,6,3330,2,7200,1.0018018018
97928,97934,98403,6,469,1,3600,1.01279317697
97936,97942,101535,6,3593,2,7200,1.00166991372
98494,98500,101749,6,3249,2,7200,1.00184672207
98589,98596,98603,7,7,1,1800,1.4
98713,98719,101520,6,2801,2,7200,1.00214209211
98749,98755,98827,6,72,1,1800,1.08333333333
98938,98944,102221,6,3277,2,7200,1.00183094294
99032,99038,99128,6,90,1,1800,1.06666666667
99062,99068,102835,6,3767,2,7200,1.0015927794
99116,99122,102158,6,3036,2,7200,1.00197628458
99225,99231,102693,6,3462,2,7200,1.00173310225
99369,99375,103209,6,3834,2,7200,1.00156494523
99577,99583,99959,6,376,1,1800,1.01595744681
99664,99670,102930,6,3260,2,7200,1.0018404908
99778,99784,103454,6,3670,2,7200,1.00163487738
99974,99981,103095,7,3114,2,7200,1.00224791265
100020,100027,103237,7,3210,2,7200,1.00218068536
100104,100111,103221,7,3110,2,7200,1.00225080386
100169,100181,103516,12,3335,2,7200,1.0035982009
100220,100226,103756,6,3530,2,7200,1.00169971671
100596,100602,100608,6,6,1,1800,1.2
100756,100762,100800,6,38,1,1800,1.15789473684
100991,100998,104416,7,3418,2,7200,1.00204798128
101008,101015,101093,7,78,1,1800,1.08974358974
101178,101184,104617,6,3433,2,7200,1.0017477425
101521,101527,105184,6,3657,2,7200,1.00164068909
101566,101572,104607,6,3035,2,7200,1.00197693575
101685,101691,101945,6,254,1,1800,1.02362204724
101753,101759,105033,6,3274,2,7200,1.00183262065
102159,102165,105861,6,3696,2,7200,1.00162337662
102222,102228,105338,6,3110,2,7200,1.00192926045
102514,102521,105952,7,3431,2,7200,1.00204022151
102806,102812,106192,6,3380,2,7200,1.00177514793
102923,102930,106554,7,3624,2,7200,1.00193156733
102986,102992,106929,6,3937,2,7200,1.00152400305
103212,103218,106628,6,3410,2,7200,1.00175953079
103241,103247,106845,6,3598,2,7200,1.00166759311
103455,103461,107081,6,3620,2,7200,1.00165745856
103524,103530,106897,6,3367,2,7200,1.00178200178
103546,103552,106559,6,3007,2,7200,1.0019953442
103757,103763,106935,6,3172,2,7200,1.00189155107
103874,103880,107688,6,3808,2,7200,1.00157563025
104419,104425,107666,6,3241,2,7200,1.00185128047
104608,104614,107798,6,3184,2,7200,1.00188442211
104773,104780,108410,7,3630,2,7200,1.00192837466
105186,105192,108592,6,3400,2,7200,1.00176470588
105334,105340,108891,6,3551,2,7200,1.00168966488
105864,105870,108991,6,3121,2,7200,1.00192246075
106045,106051,108866,6,2815,2,7200,1.00213143872
106111,106117,109747,6,3630,2,7200,1.00165289256
106188,106194,106268,6,74,1,1800,1.08108108108
106219,106225,109584,6,3359,2,7200,1.00178624591
106492,106499,106583,7,84,1,1800,1.08333333333
106506,106513,109790,7,3277,2,7200,1.00213610009
106557,106563,109902,6,3339,2,7200,1.00179694519
106630,106636,109945,6,3309,2,7200,1.00181323663
106847,106853,110266,6,3413,2,7200,1.00175798418
106931,106937,110684,6,3747,2,7200,1.00160128102
106939,106945,106994,6,49,10,540000,1.12244897959
106947,106958,110256,11,3298,2,7200,1.00333535476
107012,107018,465196,6,358178,10,540000,1.00001675145
107043,107050,107417,7,367,1,1800,1.01907356948
107069,107075,217980,6,110905,10,540000,1.00005410036
107083,107089,110729,6,3640,2,7200,1.00164835165
107440,107447,110868,7,3421,2,7200,1.00204618533
107668,107674,110962,6,3288,2,7200,1.00182481752
107800,107806,111080,6,3274,2,7200,1.00183262065
107972,107978,111400,6,3422,2,7200,1.00175336061
108487,108494,112204,7,3710,2,7200,1.00188679245
108510,108516,108555,6,39,1,1800,1.15384615385
108637,108643,112402,6,3759,2,7200,1.00159616919
108785,108791,108860,6,69,1,1800,1.08695652174
108893,108900,112821,7,3921,2,7200,1.00178525886
108995,109002,112924,7,3922,2,7200,1.00178480367
109357,109363,112310,6,2947,2,7200,1.00203596878
109447,109453,109692,6,239,1,1800,1.02510460251
109586,109592,113020,6,3428,2,7200,1.00175029172
109749,109755,113290,6,3535,2,7200,1.00169731259
109803,109809,113143,6,3334,2,7200,1.00179964007
109948,109954,113458,6,3504,2,7200,1.00171232877
109993,109999,113860,6,3861,2,7200,1.00155400155
110259,110265,114250,6,3985,2,7200,1.00150564617
110421,110427,113787,6,3360,2,7200,1.00178571429
110686,110692,113763,6,3071,2,7200,1.00195376099
110761,110767,114459,6,3692,2,7200,1.00162513543
110869,110875,113897,6,3022,2,7200,1.00198544011
111083,111089,114337,6,3248,2,7200,1.00184729064
111402,111408,114816,6,3408,2,7200,1.00176056338
111477,111483,114897,6,3414,2,7200,1.00175746924
112311,112317,115633,6,3316,2,7200,1.00180940893
112377,112383,115972,6,3589,2,7200,1.00167177487
112443,112449,116214,6,3765,2,7200,1.0015936255
112864,112870,116297,6,3427,2,7200,1.00175080245
112924,112930,116767,6,3837,2,7200,1.00156372166
113022,113033,116510,11,3477,2,7200,1.00316364682
113094,113100,116144,6,3044,2,7200,1.00197109067
113292,113298,116718,6,3420,2,7200,1.00175438596
113461,113467,116730,6,3263,2,7200,1.00183879865
113765,113771,117008,6,3237,2,7200,1.00185356812
113861,113867,117435,6,3568,2,7200,1.00168161435
113933,113939,117641,6,3702,2,7200,1.00162074554
114134,114140,117676,6,3536,2,7200,1.00169683258
114323,114330,117554,7,3224,2,7200,1.00217121588
114461,114468,118388,7,3920,2,7200,1.00178571429
114576,114582,118022,6,3440,2,7200,1.00174418605
114898,114904,118603,6,3699,2,7200,1.00162206002
115635,115642,119336,7,3694,2,7200,1.00189496481
115661,115667,115672,6,5,2,36000,1.1
115919,115925,115928,6,3,2,7200,1.0
115975,115981,119242,6,3261,2,7200,1.0018399264
116061,116068,116544,7,476,1,7200,1.01470588235
116086,116092,119758,6,3666,2,7200,1.00163666121
116174,116180,119668,6,3488,2,7200,1.00172018349
116261,116267,119773,6,3506,2,7200,1.00171135197
116376,116382,116546,6,164,1,7200,1.03658536585
116420,116426,119276,6,2850,2,7200,1.00210526316
116472,116478,116846,6,368,1,3600,1.01630434783
116531,116537,119987,6,3450,2,7200,1.00173913043
116675,116682,119999,7,3317,2,7200,1.00211034067
116704,116710,116728,6,18,2,3600,1.33333333333
116735,116741,119850,6,3109,2,7200,1.00192988099
116796,116802,116897,6,95,2,3600,1.06315789474
116798,116808,120566,10,3758,2,7200,1.00266098989
116913,116919,116965,6,46,2,3600,1.13043478261
117009,117015,120165,6,3150,2,7200,1.0019047619
117022,117028,117271,6,243,1,3600,1.02469135802
117164,117170,159219,6,42049,10,540000,1.00014269067
117174,117652,295296,478,177644,10,540000,1.00269077481
117257,118034,262062,777,144028,1,144000,1.00539478435
117257,117688,261711,431,144023,1,144000,1.00299257757
117257,117694,261704,437,144010,1,144000,1.00303451149
117257,117567,261576,310,144009,1,144000,1.00215264324
117450,117461,120790,11,3329,2,7200,1.00330429558
117545,117551,120591,6,3040,1,3600,1.00197368421
117590,117596,121021,6,3425,2,7200,1.00175182482
117647,117658,121077,11,3419,2,7200,1.003217315
118009,118018,121113,9,3095,2,7200,1.00290791599
118068,119290,137323,1222,18033,4,18000,1.06776465369
118122,118128,121697,6,3569,2,7200,1.00168114318
118393,118400,121729,7,3329,2,7200,1.00210273355
118605,118611,121366,6,2755,2,7200,1.00217785844
119243,119250,122449,7,3199,2,7200,1.00218818381
119313,119353,119355,40,2,1,36000,4.2
119340,119346,122552,6,3206,2,7200,1.00187149095
119614,119620,122921,6,3301,2,7200,1.00181763102
119759,119765,123050,6,3285,2,7200,1.00182648402
119801,119807,123161,6,3354,2,7200,1.00178890877
119852,119858,123572,6,3714,2,7200,1.00161550889
119909,119915,147279,6,27364,1,36000,1.00021926619
119969,119975,123041,6,3066,2,7200,1.00195694716
120005,120011,123364,6,3353,2,7200,1.00178944229
120100,120107,124036,7,3929,1,18000,1.00178162382
120167,120174,123622,7,3448,2,7200,1.00203016241
120245,120251,120252,6,1,1,36000,1.0
120297,120303,123296,6,2993,2,7200,1.00200467758
120346,120581,156609,235,36028,1,36000,1.00652270456
120787,120793,124141,6,3348,2,7200,1.0017921147
120912,120918,123973,6,3055,2,7200,1.00196399345
121058,121064,124972,6,3908,2,7200,1.00153531218
121091,121097,124676,6,3579,2,7200,1.00167644593
121242,121248,124706,6,3458,2,7200,1.001735107
121504,121510,125113,6,3603,2,7200,1.00166527893
121701,121707,124724,6,3017,2,7200,1.00198873053
122421,122427,125763,6,3336,2,7200,1.00179856115
122428,122435,156334,7,33899,1,86340,1.00020649577
122429,122441,156346,12,33905,1,86340,1.0003539301
122429,122447,156232,18,33785,1,86340,1.00053278082
122430,122452,155555,22,33103,1,86340,1.00066459233
122430,122457,155875,27,33418,1,86340,1.00080794781
122430,122463,156579,33,34116,1,86340,1.00096728808
122431,122474,156134,43,33660,1,86340,1.00127748069
122431,122468,156281,37,33813,1,86340,1.00109425369
122554,122560,126365,6,3805,2,7200,1.00157687254
122900,122906,126148,6,3242,2,7200,1.00185070944
122919,122931,138877,12,15946,1,71400,1.00075253982
122919,122925,139018,6,16093,1,71400,1.00037283291
122920,122953,138826,33,15873,1,71400,1.00207900208
122920,122936,138810,16,15874,1,71400,1.00100793751
122920,122948,138902,28,15954,1,71400,1.00175504576
122921,122964,139119,43,16155,1,71400,1.00266171464
122921,122969,138895,48,15926,1,71400,1.00301393947
122921,122959,139058,38,16099,1,71400,1.00236039506
123035,123041,126535,6,3494,2,7200,1.00171722954
123065,123074,126710,9,3636,2,7200,1.00247524752
123137,123659,126484,522,2825,8,7200,1.18477876106
123138,123144,159190,6,36046,4,36000,1.00016645398
123173,123179,126903,6,3724,2,7200,1.00161117078
123296,123303,127046,7,3743,2,7200,1.00187015763
123308,123314,123655,6,341,2,43200,1.01759530792
123450,123456,126851,6,3395,2,7200,1.00176730486
123543,123549,123604,6,55,1,1200,1.10909090909
123550,123665,130871,115,7206,8,7200,1.01595892312
123575,123671,126297,96,2626,8,7200,1.0365575019
123590,126495,132915,2905,6420,8,7200,1.45249221184
123624,123631,126813,7,3182,2,7200,1.00219987429
123641,123652,127011,11,3359,2,7200,1.00327478416
123977,123983,127633,6,3650,2,7200,1.00164383562
124047,124154,124158,107,4,2,300,11.1
124142,124148,127689,6,3541,2,7200,1.0016944366
124353,124360,128001,7,3641,2,7200,1.00192254875
124582,124588,127666,6,3078,2,7200,1.00194931774
124709,124715,128091,6,3376,2,7200,1.00177725118
124781,124787,128173,6,3386,2,7200,1.00177200236
124832,125777,125917,945,140,2,120,7.75
124891,125929,127317,1038,1388,1,1800,1.74783861671
124971,124982,128107,11,3125,2,7200,1.00352
125114,125121,128788,7,3667,2,7200,1.00190891737
125322,126314,128757,992,2443,1,18000,1.40605812526
125649,126073,295253,424,169180,8,259200,1.00250620641
125696,126062,212496,366,86434,6,86400,1.00423444478
125718,126068,212474,350,86406,6,86400,1.00405064463
125763,125769,129417,6,3648,2,7200,1.00164473684
125795,126308,127809,513,1501,4,7200,1.3417721519
126149,126155,129724,6,3569,2,7200,1.00168114318
126285,126319,127731,34,1412,1,1800,1.02407932011
126366,126372,130240,6,3868,2,7200,1.00155118925
126537,126543,129774,6,3231,2,7200,1.00185701021
126712,126718,129986,6,3268,2,7200,1.00183598531
126853,126859,130283,6,3424,2,7200,1.00175233645
126916,126922,130437,6,3515,2,7200,1.00170697013
126969,126975,130534,6,3559,2,7200,1.00168586682
127047,127053,130751,6,3698,2,7200,1.00162249865
127118,127124,127267,6,143,2,120,1.04195804196
127252,127258,130507,6,3249,2,7200,1.00184672207
127285,127292,127293,7,1,1,59,1.0
127343,127350,127353,7,3,1,59,1.0
127385,127391,127537,6,146,2,120,1.04109589041
127610,127616,135123,6,7507,4,144120,1.00079925403
127635,127641,131100,6,3459,2,7200,1.00173460538
127692,127698,131274,6,3576,2,7200,1.00167785235
127911,127918,131676,7,3758,2,7200,1.00186269292
127932,127938,127969,6,31,1,7200,1.1935483871
127997,128003,128034,6,31,1,7200,1.1935483871
128090,128096,129310,6,1214,1,7200,1.00494233937
128092,128103,131773,11,3670,2,7200,1.0029972752
128109,128121,131334,12,3213,2,7200,1.00373482726
128265,128271,128323,6,52,4,36000,1.11538461538
128332,128338,132064,6,3726,2,7200,1.00161030596
128542,128768,129128,226,360,4,36000,1.62777777778
128790,128796,132189,6,3393,2,7200,1.0017683466
129052,129058,132132,6,3074,2,7200,1.00195185426
129114,129140,129594,26,454,4,36000,1.05726872247
129392,129398,133097,6,3699,2,7200,1.00162206002
129498,129504,132988,6,3484,2,7200,1.00172215844
129600,129607,137604,7,7997,4,36000,1.00087532825
129659,129740,129742,81,2,1,36000,8.3
129716,129753,183775,37,54022,1,54000,1.00068490615
129726,129732,133711,6,3979,2,7200,1.00150791656
129949,129955,133711,6,3756,2,7200,1.00159744409
130172,130178,133805,6,3627,2,7200,1.00165425972
130286,130292,134045,6,3753,2,7200,1.00159872102
130448,130454,133781,6,3327,2,7200,1.00180342651
130535,130542,134185,7,3643,2,7200,1.00192149327
130677,130683,130972,6,289,1,17940,1.02076124567
130683,130690,133913,7,3223,2,7200,1.00217188954
130749,130755,130993,6,238,1,17940,1.02521008403
130799,130805,131100,6,295,1,17940,1.02033898305
130815,130822,133913,7,3091,2,7200,1.00226463928
131093,131099,134309,6,3210,2,7200,1.00186915888
131276,131282,134716,6,3434,2,7200,1.00174723355
131402,131408,134719,6,3311,2,7200,1.00181214135
131638,131645,477265,7,345620,10,345600,1.00002025346
131760,131766,135541,6,3775,2,7200,1.00158940397
132067,132073,135072,6,2999,2,7200,1.00200066689
132155,132161,135634,6,3473,2,7200,1.00172761301
132206,132212,135681,6,3469,2,7200,1.00172960507
132474,132480,135598,6,3118,2,7200,1.00192431046
132971,132977,133815,6,838,4,7200,1.00715990453
132989,132995,136246,6,3251,2,7200,1.00184558597
133125,133131,136363,6,3232,2,7200,1.00185643564
133251,133257,133288,6,31,1,7200,1.1935483871
133716,133727,137328,11,3601,2,7200,1.00305470703
133718,133737,137663,19,3926,2,7200,1.00483953133
133721,133749,137207,28,3458,2,7200,1.00809716599
133809,133815,136834,6,3019,2,7200,1.00198741305
133915,133926,137497,11,3571,2,7200,1.00308036964
133922,133934,185696,12,51762,1,90000,1.0002318303
134048,134054,137302,6,3248,2,7200,1.00184729064
134066,134072,134159,6,87,1,7200,1.06896551724
134207,134214,137592,7,3378,2,7200,1.00207223209
134372,134379,134466,7,87,1,7200,1.08045977011
134412,134418,138034,6,3616,2,7200,1.00165929204
134465,134478,134883,13,405,4,3600,1.03209876543
134504,134730,134818,226,88,1,7200,3.56818181818
134618,134894,136425,276,1531,4,7200,1.1802743305
134689,134696,138100,7,3404,2,7200,1.00205640423
134731,134738,138609,7,3871,2,7200,1.00180831826
135008,135014,138674,6,3660,2,7200,1.00163934426
135089,135095,135534,6,439,1,17940,1.01366742597
135241,135247,135690,6,443,1,3540,1.01354401806
135294,135300,138447,6,3147,2,7200,1.00190657769
135324,135330,138395,6,3065,2,7200,1.00195758564
135487,135493,171495,6,36002,1,36000,1.00016665741
135601,135607,138690,6,3083,2,7200,1.00194615634
135680,135686,135774,6,88,1,7200,1.06818181818
135682,135692,139027,10,3335,2,7200,1.00299850075
135809,135815,139059,6,3244,2,7200,1.00184956843
136364,136370,139693,6,3323,2,7200,1.00180559735
136734,136740,136748,6,8,1,59,1.4
136807,136813,136818,6,5,1,3600,1.1
136834,136840,140434,6,3594,2,7200,1.00166944908
136872,136878,137406,6,528,1,3600,1.01136363636
136944,136951,137264,7,313,1,3600,1.02236421725
137052,137058,140629,6,3571,2,7200,1.00168020162
137160,137166,140406,6,3240,2,7200,1.00185185185
137268,137274,140197,6,2923,2,7200,1.0020526856
137332,137338,140670,6,3332,2,7200,1.00180072029
137388,137395,140712,7,3317,2,7200,1.00211034067
137470,137476,138276,6,800,2,3600,1.0075
137524,137530,137548,6,18,4,36000,1.33333333333
137558,137564,137617,6,53,4,36000,1.11320754717
137594,137600,140712,6,3112,2,7200,1.00192802057
137615,137621,173643,6,36022,4,36000,1.00016656488
137769,137775,140712,6,2937,2,7200,1.00204290092
137996,138002,138146,6,144,1,7200,1.04166666667
138034,138041,140712,7,2671,2,7200,1.0026207413
138088,138094,140712,6,2618,2,7200,1.00229182582
138088,138100,138323,12,223,1,3540,1.05381165919
138174,138180,138324,6,144,1,7200,1.04166666667
138176,138187,140712,11,2525,2,7200,1.00435643564
138301,138307,138895,6,588,2,28800,1.01020408163
138395,138401,140712,6,2311,2,7200,1.00259627867
138463,138470,138502,7,32,1,7200,1.21875
138609,138616,182555,7,43939,6,64800,1.00015931177
138609,138621,140712,12,2091,2,7200,1.00573888092
138691,138697,140712,6,2015,2,7200,1.00297766749
138787,139070,144116,283,5046,20,10799,1.05608402695
138922,138929,139710,7,781,2,28800,1.00896286812
139028,139034,140712,6,1678,2,7200,1.00357568534
139058,139064,140712,6,1648,2,7200,1.0036407767
139082,139130,139133,48,3,1,119,5.1
139220,139227,139258,7,31,1,7200,1.22580645161
139409,139415,139645,6,230,1,3540,1.02608695652
139445,140725,152922,1280,12197,10,57600,1.10494383865
139474,139480,140712,6,1232,2,7200,1.00487012987
139535,139657,139660,122,3,1,119,12.5
139536,140741,175079,1205,34338,4,72000,1.03509231755
139685,139691,140995,6,1304,1,108000,1.00460122699
139756,140730,140736,974,6,4,43200,98.0
139769,140736,140767,967,31,1,7200,32.1935483871
139774,139781,141139,7,1358,1,3600,1.00515463918
139797,139804,140392,7,588,2,3600,1.0119047619
139816,139823,141170,7,1347,1,3600,1.00519673348
139841,140211,140856,370,645,1,3600,1.57364341085
139980,140746,332047,766,191301,1,273540,1.00400416098
140091,140217,140218,126,1,1,119,12.7
140198,140204,140712,6,508,2,7200,1.01181102362
140246,140252,140712,6,460,2,7200,1.01304347826
140383,140404,140417,21,13,2,3600,2.61538461538
140428,140434,140712,6,278,2,7200,1.02158273381
140461,140467,140712,6,245,2,7200,1.02448979592
140478,140485,142507,7,2022,2,3600,1.00346191889
140633,140639,140712,6,73,2,7200,1.08219178082
140660,140667,140670,7,3,1,119,1.0
141123,141130,144407,7,3277,2,7200,1.00213610009
141126,141142,144475,16,3333,2,7200,1.00480048005
141129,141153,143954,24,2801,2,7200,1.00856836844
141131,141164,144653,33,3489,2,7200,1.00945829751
141134,141175,144723,41,3548,2,7200,1.01155580609
141137,141186,144541,49,3355,2,7200,1.01460506706
141140,141197,144183,57,2986,2,7200,1.01908908238
141142,141208,144982,66,3774,2,7200,1.01748807631
141145,141218,141460,73,242,2,7200,1.30165289256
141148,141229,144680,81,3451,2,7200,1.02347145755
141151,141240,144964,89,3724,2,7200,1.0238990333
141153,141250,144519,97,3269,2,7200,1.02967268278
141156,141261,144656,105,3395,2,7200,1.03092783505
141159,141272,144757,113,3485,2,7200,1.03242467719
141162,141283,144644,121,3361,2,7200,1.03600119012
141165,141293,145189,128,3896,2,7200,1.03285420945
141168,141304,144532,136,3228,2,7200,1.04213135068
141170,141315,144692,145,3377,2,7200,1.04293751851
142513,142518,142933,5,415,4,3600,1.01204819277
142531,142537,150866,6,8329,2,28800,1.00072037459
142602,142944,142948,342,4,1,119,34.6
142974,144128,146615,1154,2487,20,21599,1.46401286691
143021,143029,143252,8,223,1,3540,1.03587443946
143135,143263,143665,128,402,4,3600,1.3184079602
143337,143682,144429,345,747,1,7200,1.46184738956
143349,143687,237042,338,93355,1,108000,1.00362058808
143401,143677,143817,276,140,1,119,2.97142857143
143883,143889,146859,6,2970,2,7200,1.00202020202
143956,143963,146106,7,2143,2,7200,1.0032664489
144127,144135,144262,8,127,1,3600,1.06299212598
144144,144150,174724,6,30574,1,86400,1.00019624518
144184,144191,147580,7,3389,2,7200,1.00206550605
144322,144330,144554,8,224,1,3540,1.03571428571
144326,144337,165829,11,21492,4,43200,1.00051181835
144352,144358,147673,6,3315,2,7200,1.00180995475
144370,146626,157452,2256,10826,20,10799,1.20838721596
144396,144740,146253,344,1513,4,7200,1.22736285525
144425,144431,144434,6,3,1,119,1.0
144438,148216,150807,3778,2591,20,10799,2.45812427634
144478,144484,148019,6,3535,2,7200,1.00169731259
144503,145450,146936,947,1486,4,7200,1.63728129206
144512,150818,158636,6306,7818,20,10799,1.80660015349
144519,144525,147558,6,3033,2,7200,1.00197823937
144548,144554,148200,6,3646,2,7200,1.00164563906
144553,144562,144723,9,161,1,119,1.05590062112
144573,144579,147585,6,3006,2,7200,1.00199600798
144603,144609,147992,6,3383,2,7200,1.00177357375
144663,144670,148160,7,3490,2,7200,1.00200573066
144682,144689,148127,7,3438,2,7200,1.00203606748
144726,144732,147617,6,2885,2,7200,1.0020797227
144759,144766,148482,7,3716,2,7200,1.00188374596
144855,144861,148164,6,3303,2,7200,1.00181653043
144908,144914,147785,6,2871,2,7200,1.00208986416
144965,144972,148566,7,3594,2,7200,1.0019476906
144986,145207,145438,221,231,1,3540,1.95670995671
145015,145022,148235,7,3213,2,7200,1.00217864924
145046,157548,167210,12502,9662,20,86399,2.2939350031
145191,158648,245071,13457,86423,20,86399,1.15571086401
145236,166741,189129,21505,22388,20,86399,1.96055922816
145335,168146,169677,22811,1531,20,86399,15.8994121489
145393,174869,261270,29476,86401,20,86399,1.34115345887
145731,145738,145904,7,166,1,119,1.0421686747
145731,145743,146221,12,478,1,7200,1.02510460251
146108,146115,149467,7,3352,2,7200,1.00208830549
146184,146191,146416,7,225,1,3540,1.03111111111
146461,146469,146599,8,130,1,119,1.06153846154
146672,146678,146839,6,161,1,119,1.03726708075
147240,157475,179092,10235,21617,8,21600,1.4734699542
147291,147298,147358,7,60,1,518400,1.11666666667
147307,147370,147430,63,60,1,518400,2.05
147318,147442,147502,124,60,1,518400,3.06666666667
147332,147514,147574,182,60,1,518400,4.03333333333
147343,147587,147648,244,61,1,518400,5.0
147359,147663,147722,304,59,1,518400,6.15254237288
147374,147734,147793,360,59,1,518400,7.10169491525
147389,147806,147866,417,60,1,518400,7.95
147403,147879,147939,476,60,1,518400,8.93333333333
147415,147951,148011,536,60,1,518400,9.93333333333
147561,147568,149920,7,2352,2,7200,1.00297619048
147569,156488,158426,8919,1938,4,4800,5.60216718266
147576,148023,150030,447,2007,1,7200,1.22272047833
147597,147604,151190,7,3586,2,7200,1.00195203569
147649,147656,147785,7,129,1,119,1.05426356589
147675,147682,150866,7,3184,2,7200,1.00219849246
147993,147999,151261,6,3262,2,7200,1.00183936235
148068,148075,151154,7,3079,2,7200,1.00227346541
148161,148169,151749,8,3580,2,7200,1.00223463687
148203,148210,151339,7,3129,2,7200,1.00223713647
148229,157469,157475,9240,6,32,10800,924.6
148255,159230,734982,10975,575752,6,604800,1.01906202671
148286,161629,766455,13343,604826,6,604800,1.02206089024
148286,151622,151763,3336,141,1,119,24.6595744681
148308,162482,767318,14174,604836,6,604800,1.02343445165
148389,151383,151610,2994,227,1,3540,14.1894273128
148483,148490,151673,7,3183,2,7200,1.00219918316
148506,152940,154368,4434,1428,4,3600,4.10504201681
148563,152994,154399,4431,1405,4,3600,4.1537366548
149469,149476,152277,7,2801,2,7200,1.00249910746
149494,157554,171981,8060,14427,8,14400,1.55867470715
149942,150042,151372,100,1330,1,3600,1.07518796992
150015,151971,152622,1956,651,1,7200,4.00460829493
150292,152633,190692,2341,38059,1,108000,1.06150976116
150410,153687,238645,3277,84958,1,108000,1.03857200028
150623,150881,156439,258,5558,2,43200,1.04641957539
150867,150874,153776,7,2902,2,7200,1.00241212957
151074,155887,293057,4813,137170,1,223140,1.0350878472
151191,151197,154170,6,2973,2,7200,1.00201816347
151210,156147,254889,4937,98742,1,172799,1.04999898726
151342,151349,154781,7,3432,2,7200,1.00203962704
151488,156451,263831,4963,107380,1,172799,1.0462190352
151541,151774,151881,233,107,1,3600,3.17757009346
151619,156456,231942,4837,75486,1,136799,1.0640781072
151750,151757,154910,7,3153,2,7200,1.00222010783
152721,152999,153675,278,676,1,7200,1.41124260355
152906,152934,152982,28,48,4,64800,1.58333333333
152983,153092,154499,109,1407,4,3600,1.07746979389
153043,153097,154499,54,1402,4,3600,1.03851640514
153184,153190,153238,6,48,4,64800,1.125
153779,153786,156544,7,2758,2,7200,1.00253807107
153909,153915,153957,6,42,4,64800,1.14285714286
154190,154196,154237,6,41,4,64800,1.14634146341
154331,154338,154379,7,41,4,64800,1.17073170732
154637,156357,156414,1720,57,4,64800,31.1754385965
154781,154788,157821,7,3033,2,7200,1.00230794593
155366,156425,156476,1059,51,4,64800,21.7647058824
156545,156552,159796,7,3244,2,7200,1.00215782984
157451,157458,160787,7,3329,2,7200,1.00210273355
157452,157489,160680,37,3191,2,7200,1.01159511125
157452,157463,160771,11,3308,2,7200,1.00332527207
157452,157483,160735,31,3252,2,7200,1.00953259533
157453,157505,161153,52,3648,2,7200,1.01425438596
157453,157494,159850,41,2356,2,7200,1.01740237691
157453,157499,160521,46,3022,2,7200,1.01522170748
157454,157521,160809,67,3288,2,7200,1.02037712895
157454,157515,160540,61,3025,2,7200,1.02016528926
157454,157510,161165,56,3655,2,7200,1.01532147743
157454,157526,161040,72,3514,2,7200,1.02048947069
157455,157531,160642,76,3111,2,7200,1.02442944391
157455,157542,161303,87,3761,2,7200,1.02313214571
157455,157537,161109,82,3572,2,7200,1.02295632699
157456,157564,161106,108,3542,2,7200,1.03049124788
157456,158439,161618,983,3179,2,7200,1.30921673482
157456,157833,160932,377,3099,2,7200,1.12165214585
157456,157559,161090,103,3531,2,7200,1.02917020674
157457,159207,162471,1750,3264,2,7200,1.53615196078
157457,159201,163040,1744,3839,2,7200,1.45428497004
157457,158444,162213,987,3769,2,7200,1.26187317591
157458,159236,162473,1778,3237,2,7200,1.54927401915
157458,159241,162431,1783,3190,2,7200,1.55893416928
157458,159807,163052,2349,3245,2,7200,1.72388289676
157459,159861,162959,2402,3098,2,7200,1.77533892834
157459,160655,164130,3196,3475,2,7200,1.91971223022
157459,160553,163603,3094,3050,2,7200,2.01442622951
157459,160533,164027,3074,3494,2,7200,1.87979393246
157460,160783,164330,3323,3547,2,7200,1.9368480406
157460,160692,164158,3232,3466,2,7200,1.93248701673
157460,160747,160829,3287,82,2,7200,41.0853658537
157461,160821,163931,3360,3110,2,7200,2.08038585209
157461,160799,164203,3338,3404,2,7200,1.98061104583
159454,161103,161104,1649,1,2,3540,165.0
165894,169695,181111,3801,11416,4,43200,1.33295374912
166150,166158,166426,8,268,1,300,1.02985074627
166903,168127,168135,1224,8,32,10800,123.2
168375,169689,173938,1314,4249,32,10800,1.30924923511
168422,168429,168431,7,2,1,119,1.0
168545,168552,168704,7,152,1,119,1.04605263158
169586,169700,169702,114,2,1,6659,11.6
169681,169706,171975,25,2269,1,216000,1.01101806963
170021,170028,172643,7,2615,2,3600,1.00267686424
171462,171506,171774,44,268,1,6659,1.16417910448
172045,172052,428625,7,256573,1,288000,1.00002728268
173983,174850,174858,867,8,32,10800,87.5
175004,182567,182576,7563,9,32,10800,757.2
181432,181438,181445,6,7,1,3600,1.3
181559,181565,181674,6,109,1,3600,1.05504587156
181805,181811,182099,6,288,1,3600,1.02083333333
182342,182348,182902,6,554,1,3600,1.01083032491
183445,183451,183458,6,7,1,3600,1.3
183574,183581,183663,7,82,1,3600,1.08536585366
183796,183802,184045,6,243,1,3600,1.02469135802
184345,184351,184756,6,405,1,3600,1.01481481481
185003,185009,185017,6,8,1,1800,1.4
185163,185169,185241,6,72,1,1800,1.08333333333
185446,185452,185541,6,89,1,1800,1.06741573034
185992,185998,186368,6,370,1,1800,1.01621621622
187056,187062,187068,6,6,1,1800,1.2
187249,187255,187294,6,39,1,1800,1.15384615385
187715,187721,187797,6,76,1,1800,1.07894736842
188843,188850,189050,7,200,1,1800,1.035
192756,192763,192765,7,2,3,3600,1.0
193115,193122,193195,7,73,1,1800,1.09589041096
193439,193451,193539,12,88,1,1800,1.13636363636
194059,194065,194423,6,358,1,1800,1.01675977654
195492,195498,195535,6,37,1,1800,1.16216216216
195760,195766,195833,6,67,1,1800,1.08955223881
196474,196480,196716,6,236,1,1800,1.02542372881
196684,196690,465336,6,268646,10,540000,1.00002233422
200232,200238,217001,6,16763,1,18000,1.00035793116
201032,201038,204131,6,3093,2,7200,1.00193986421
201033,201044,203940,11,2896,2,7200,1.00379834254
201034,201049,204760,15,3711,2,7200,1.00404203719
201036,201055,204476,19,3421,2,7200,1.0055539316
201037,201060,204209,23,3149,2,7200,1.007303906
201038,201066,204736,28,3670,2,7200,1.00762942779
201040,201073,204108,33,3035,2,7200,1.01087314662
201041,201078,204341,37,3263,2,7200,1.01133925835
201043,201083,204868,40,3785,2,7200,1.0105680317
201044,201089,204194,45,3105,2,7200,1.01449275362
201045,201094,204621,49,3527,2,7200,1.01389282676
201047,201099,204155,52,3056,2,7200,1.01701570681
201048,201105,204388,57,3283,2,7200,1.01736216875
201050,201110,204839,60,3729,2,7200,1.01609010459
201051,201116,204554,65,3438,2,7200,1.0189063409
201118,201124,259065,6,57941,1,90000,1.00010355361
202190,202196,209869,6,7673,1,36000,1.00078196273
203206,203212,203258,6,46,1,1200,1.13043478261
203805,203811,205183,6,1372,1,1800,1.00437317784
203823,203829,205207,6,1378,1,1800,1.00435413643
203940,203947,207395,7,3448,2,7200,1.00203016241
204108,204115,207191,7,3076,2,7200,1.0022756827
204132,204138,207836,6,3698,2,7200,1.00162249865
204156,204162,207378,6,3216,2,7200,1.00186567164
204195,204201,207283,6,3082,2,7200,1.0019467878
204209,204215,207253,6,3038,2,7200,1.00197498354
204341,204348,207724,7,3376,2,7200,1.00207345972
204389,204395,207439,6,3044,2,7200,1.00197109067
204479,204485,207756,6,3271,2,7200,1.00183430144
204557,204563,208162,6,3599,2,7200,1.00166712976
204623,204629,207672,6,3043,2,7200,1.00197173842
204737,204743,208223,6,3480,2,7200,1.00172413793
204761,204767,208217,6,3450,2,7200,1.00173913043
204839,204845,208557,6,3712,2,7200,1.00161637931
204869,204875,208641,6,3766,2,7200,1.00159320234
205074,205080,213017,6,7937,4,14400,1.00075595313
205322,205328,205984,6,656,4,36000,1.00914634146
205365,205371,313379,6,108008,1,108000,1.00005555144
205709,205715,465408,6,259693,10,540000,1.0000231042
205997,206929,208422,932,1493,4,36000,1.62424648359
206026,206034,314074,8,108040,1,108000,1.00007404665
206627,206901,206918,274,17,4,86400,17.1176470588
207193,207199,210923,6,3724,2,7200,1.00161117078
207233,207239,207248,6,9,2,300,1.5
207253,207259,210612,6,3353,2,7200,1.00178944229
207283,207289,210914,6,3625,2,7200,1.00165517241
207379,207385,210581,6,3196,2,7200,1.00187734668
207397,207403,210348,6,2945,2,7200,1.00203735144
207442,207448,209990,6,2542,2,7200,1.00236034618
207448,207454,209508,6,2054,2,7200,1.0029211295
207549,207555,207602,6,47,1,119,1.12765957447
207673,207679,210793,6,3114,2,7200,1.00192678227
207727,207733,210786,6,3053,2,7200,1.00196528005
207757,207763,211165,6,3402,2,7200,1.00176366843
207839,207845,211690,6,3845,2,7200,1.00156046814
207913,207919,207958,6,39,1,1200,1.15384615385
207944,207950,208118,6,168,1,119,1.03571428571
208017,208023,208028,6,5,8,7200,1.1
208114,208120,208121,6,1,8,7200,1.0
208163,208170,211608,7,3438,2,7200,1.00203606748
208177,208183,215412,6,7229,8,7200,1.00082999032
208191,208230,208649,39,419,8,7200,1.09307875895
208217,208223,211770,6,3547,2,7200,1.00169157034
208232,208238,211715,6,3477,2,7200,1.00172562554
208340,226725,233952,18385,7227,8,7200,3.54393247544
208438,208445,244484,7,36039,4,36000,1.00019423402
208560,208566,211800,6,3234,2,7200,1.00185528757
208606,245266,252474,36660,7208,8,7200,6.08601553829
208606,208661,211888,55,3227,4,43200,1.01704369383
208641,208647,212132,6,3485,2,7200,1.00172166428
208687,247055,254301,38368,7246,8,7200,6.29505934309
208784,208790,208848,6,58,1,119,1.10344827586
208799,247061,254297,38262,7236,8,7200,6.28772802653
208998,247327,247799,38329,472,8,7200,82.2055084746
209071,209077,209125,6,48,4,86400,1.125
209432,209438,295861,6,86423,4,86400,1.00006942596
209569,209575,209858,6,283,1,13800,1.02120141343
209792,223851,727781,14059,503930,10,576000,1.02789871609
209873,210426,211816,553,1390,4,3600,1.39784172662
209990,209997,212860,7,2863,2,7200,1.00244498778
210113,210120,222753,7,12633,4,86400,1.00055410433
210244,223846,234683,13602,10837,32,10800,2.25514441266
210282,210289,238535,7,28246,1,39600,1.0002478227
210292,222988,251204,12696,28216,1,39600,1.44995747094
210294,210300,210414,6,114,1,3600,1.05263157895
210296,223062,251292,12766,28230,1,39600,1.45221395678
210348,210355,213350,7,2995,2,7200,1.00233722871
210583,210589,213437,6,2848,2,7200,1.00210674157
210616,210622,213829,6,3207,2,7200,1.00187090739
210779,211827,222813,1048,10986,20,21599,1.09539413799
210787,210793,214016,6,3223,2,7200,1.00186161961
210802,210808,214012,6,3204,2,7200,1.00187265918
210916,210922,214285,6,3363,2,7200,1.00178412132
210931,210937,214025,6,3088,2,7200,1.00194300518
211049,211057,211058,8,1,1,300,1.0
211137,211143,211144,6,1,1,300,1.0
211168,211175,214586,7,3411,2,7200,1.00205218411
211195,223100,382109,11905,159009,1,518400,1.07486997591
211209,225251,382114,14042,156863,1,518400,1.08951760453
211215,230707,382109,19492,151402,1,518400,1.12874334553
211225,231339,382111,20114,150772,1,518400,1.13340673335
211234,232330,382109,21096,149779,1,518400,1.14084751534
211242,232578,382114,21336,149536,1,518400,1.14268136101
211249,237054,382113,25805,145059,1,518400,1.17789313314
211256,238550,382115,27294,143565,1,518400,1.19011597534
211263,244496,382114,33233,137618,1,518400,1.24148730544
211270,247823,382114,36553,134291,1,518400,1.27219247753
211323,211330,211657,7,327,1,300,1.02140672783
211390,211396,214383,6,2987,2,3600,1.00200870439
211610,211617,214830,7,3213,2,7200,1.00217864924
211613,216149,216814,4536,665,1,7200,7.82105263158
211692,211698,214945,6,3247,2,7200,1.00184785956
211718,211725,215041,7,3316,2,7200,1.00211097708
211772,211779,212610,7,831,2,7200,1.00842358604
211802,211809,215283,7,3474,2,7200,1.00201496834
211936,248047,291270,36111,43223,1,43200,1.83545797376
211939,225845,413829,13906,187984,18,198000,1.0739743808
211963,251219,294464,39256,43245,1,43200,1.90775812233
211984,278060,285130,66076,7070,2,43200,10.3459688826
212039,251307,294553,39268,43246,1,43200,1.90801461407
212054,225851,231617,13797,5766,2,43200,3.39281997919
212132,212140,214806,8,2666,2,7200,1.00300075019
212140,213028,223834,888,10806,20,10799,1.08217656857
212333,215892,226708,3559,10816,20,10799,1.32904955621
212351,226720,247506,14369,20786,10,57600,1.69128259405
212458,220867,225834,8409,4967,20,10799,2.69297362593
212613,212622,215521,9,2899,2,7200,1.0031045188
212645,247332,288259,34687,40927,6,86400,1.84753341315
212678,247337,268381,34659,21044,6,86400,2.64697776088
212864,212872,216286,8,3414,2,7200,1.00234329233
213337,247066,309464,33729,62398,4,79200,1.54054617135
213351,213362,216267,11,2905,2,7200,1.00378657487
213363,216154,216493,2791,339,1,6659,9.23303834808
213364,216239,216638,2875,399,1,6659,8.20551378446
213364,216244,216664,2880,420,1,6659,7.85714285714
213365,216295,216817,2930,522,1,6659,6.61302681992
213365,216505,217093,3140,588,1,6659,6.34013605442
213365,216290,216761,2925,471,1,6659,7.2101910828
213366,216651,217283,3285,632,1,6659,6.19778481013
213380,213386,214134,6,748,2,900,1.00802139037
213438,213450,215497,12,2047,2,7200,1.00586223742
213829,213841,217260,12,3419,2,7200,1.00350979819
214004,217992,228278,3988,10286,1,86400,1.38771145246
214015,214025,217584,10,3559,2,7200,1.00280977803
214030,214038,217445,8,3407,2,7200,1.00234810684
214032,214045,217686,13,3641,2,7200,1.00357044768
214217,217249,220856,3032,3607,2,3600,1.84058774605
214226,254901,257709,40675,2808,1,53459,15.4853988604
214227,261754,264602,47527,2848,1,53459,17.6878511236
214227,259082,261739,44855,2657,1,53459,17.8818216033
214227,262075,265660,47848,3585,1,53459,14.3467224547
214228,263843,268778,49615,4935,1,53459,11.053698075
214228,264614,271651,50386,7037,1,53459,8.16015347449
214229,268790,282540,54561,13750,1,53459,4.96807272727
214229,265673,275946,51444,10273,1,53459,6.00769006133
214287,214297,217798,10,3501,2,7200,1.00285632676
214560,288275,296858,73715,8583,4,21600,9.58848887335
214589,214598,218169,9,3571,2,7200,1.00252030244
214682,271663,272242,56981,579,1,13859,99.4127806563
214683,272918,273615,58235,697,1,13859,84.5509325681
214683,272254,272907,57571,653,1,13859,89.1638591118
214684,273627,274418,58943,791,1,13859,75.5170670038
214684,274429,275328,59745,899,1,13859,67.4571746385
214684,275339,276397,60655,1058,1,13859,58.3298676749
214685,276408,278030,61723,1622,1,13859,39.0536374846
214685,275957,277276,61272,1319,1,13859,47.453373768
214809,214818,217836,9,3018,2,7200,1.00298210736
214833,214842,217667,9,2825,2,7200,1.00318584071
214889,216677,216928,1788,251,1,1559,8.1235059761
214889,216773,217034,1884,261,1,1559,8.2183908046
214890,216834,217120,1944,286,1,1559,7.7972027972
214890,216940,217237,2050,297,1,1559,7.90235690236
214890,216827,217101,1937,274,1,1559,8.06934306569
214891,217013,217326,2122,313,1,1559,7.77955271565
214891,217046,217383,2155,337,1,1559,7.39465875371
214892,217105,217465,2213,360,1,1559,7.14722222222
214947,214957,218318,10,3361,2,7200,1.00297530497
214976,214983,215206,7,223,1,659,1.03139013453
214977,214994,215229,17,235,1,659,1.07234042553
214977,214989,215196,12,207,1,659,1.05797101449
214978,215001,215240,23,239,1,659,1.09623430962
214978,215208,215446,230,238,1,659,1.96638655462
214978,215218,215465,240,247,1,659,1.97165991903
214979,215241,215490,262,249,1,659,2.05220883534
214979,215252,215505,273,253,1,659,2.0790513834
215044,215053,219017,9,3964,2,7200,1.00227043391
215286,215296,219023,10,3727,2,7200,1.00268312316
215294,217395,219101,2101,1706,4,3600,2.23153575615
215446,277288,285487,61842,8199,1,143459,8.54262714965
215447,278066,284187,62619,6121,1,143459,11.2301911452
215447,278042,283626,62595,5584,1,143459,12.2097063037
215448,278077,289287,62629,11210,1,143459,6.5868867083
215448,278082,293583,62634,15501,1,143459,5.04064253919
215448,278071,286217,62623,8146,1,143459,8.68757672477
215449,278087,302701,62638,24614,1,143459,3.54481189567
215449,278093,318087,62644,39994,1,143459,2.56633495024
215498,215508,218364,10,2856,2,7200,1.00350140056
215522,215533,219191,11,3658,2,7200,1.00300710771
215524,285142,313483,69618,28341,1,86400,3.45644119826
215748,278104,281099,62356,2995,1,67859,21.820033389
215748,278098,281567,62350,3469,1,67859,18.9734793889
215749,278109,280877,62360,2768,1,67859,23.5289017341
215749,278114,281474,62365,3360,1,67859,19.5610119048
215749,278120,282662,62371,4542,1,67859,14.7320563628
215750,278125,284171,62375,6046,1,67859,11.3167383394
215750,278130,286656,62380,8526,1,67859,8.31644381891
215750,278136,290685,62386,12549,1,67859,5.9713921428
215826,280890,282278,65064,1388,1,24659,47.8760806916
215826,281112,282471,65286,1359,1,24659,49.0397350993
215827,281578,282935,65751,1357,1,24659,49.4532056006
215827,281485,282845,65658,1360,1,24659,49.2779411765
215828,282551,285606,66723,3055,1,24659,22.840589198
215828,282290,284105,66462,1815,1,24659,37.6181818182
215828,282484,284775,66656,2291,1,24659,30.0947184636
215829,282675,286888,66846,4213,1,24659,16.8666033705
215835,217113,217336,1278,223,1,3540,6.73094170404
215942,282857,283401,66915,544,1,10259,124.005514706
215942,283413,284002,67471,589,1,10259,115.551782683
215942,282947,283573,67005,626,1,10259,108.036741214
215943,283584,284286,67641,702,1,10259,97.3547008547
215943,283638,284356,67695,718,1,10259,95.282729805
215943,284014,284973,68071,959,1,10259,71.9812304484
215944,284116,285311,68172,1195,1,10259,58.0476987448
215944,284182,285716,68238,1534,1,10259,45.4837027379
216270,216279,219052,9,2773,2,7200,1.0032455824
216287,216302,216888,15,586,2,7200,1.02559726962
216889,216900,220146,11,3246,2,7200,1.0033887862
217262,217273,220552,11,3279,2,7200,1.00335468131
217445,217457,220332,12,2875,2,7200,1.00417391304
217503,232635,240468,15132,7833,4,43200,2.93182688625
217580,217586,217817,6,231,1,3540,1.02597402597
217587,217596,221277,9,3681,2,7200,1.00244498778
217668,217679,220662,11,2983,2,7200,1.00368756286
217689,217699,221683,10,3984,2,7200,1.00251004016
217801,217810,221682,9,3872,2,7200,1.00232438017
217837,217848,220550,11,2702,2,7200,1.00407105848
217937,247353,852186,29416,604833,2,604800,1.04863491245
217981,250020,854847,32039,604827,2,604800,1.05297217221
218029,250025,854835,31996,604810,2,604800,1.05290256444
218171,218178,221508,7,3330,2,7200,1.0021021021
218320,252487,412618,34167,160131,2,604800,1.21336905409
218321,218328,221903,7,3575,2,7200,1.00195804196
218343,252492,757040,34149,504548,2,604800,1.06768236124
218363,252497,583474,34134,330977,2,604800,1.10313103327
218366,218373,221466,7,3093,2,7200,1.00226317491
218422,252503,565767,34081,313264,2,604800,1.10879322233
218440,268392,497239,49952,228847,2,604800,1.21827683998
218489,284198,284826,65709,628,1,7200,105.632165605
218498,221523,225241,3025,3718,1,3600,1.81360946746
218947,268398,873227,49451,604829,2,604800,1.08176029919
219019,219026,222780,7,3754,2,7200,1.00186467768
219034,219041,222086,7,3045,2,7200,1.00229885057
219055,219061,222310,6,3249,2,7200,1.00184672207
219089,268403,873232,49314,604829,2,604800,1.08153378889
219193,219199,222627,6,3428,2,7200,1.00175029172
219875,229590,229812,9715,222,1,3540,44.7612612613
220147,220154,223317,7,3163,2,7200,1.00221308884
220333,220339,223987,6,3648,2,7200,1.00164473684
220553,220560,224185,7,3625,2,7200,1.00193103448
220555,220567,222033,12,1466,2,7200,1.00818553888
220663,220670,224002,7,3332,2,7200,1.00210084034
221062,247518,247799,26456,281,1,6659,95.1494661922
221063,247529,247866,26466,337,1,6659,79.5341246291
221063,247523,247836,26460,313,1,6659,85.5367412141
221064,247539,247902,26475,363,1,6659,73.9338842975
221064,247545,247990,26481,445,1,6659,60.5078651685
221064,247534,247901,26470,367,1,6659,73.1253405995
221065,247550,248062,26485,512,1,6659,52.728515625
221065,247556,248174,26491,618,1,6659,43.8656957929
221120,221528,221732,408,204,1,3059,3.0
221120,221744,221960,624,216,1,3059,3.88888888889
221121,221973,222195,852,222,1,3059,4.83783783784
221121,222207,222441,1086,234,1,3059,5.64102564103
221122,222713,222976,1591,263,1,3059,7.04942965779
221122,222453,222701,1331,248,1,3059,6.36693548387
221122,222765,223050,1643,285,1,3059,6.7649122807
221123,222770,223088,1647,318,1,3059,6.17924528302
221246,222775,222962,1529,187,1,3059,9.17647058824
221247,222781,222971,1534,190,1,3059,9.07368421053
221247,228291,228484,7044,193,1,3059,37.4974093264
221248,228925,229128,7677,203,1,3059,38.8177339901
221248,228706,228913,7458,207,1,3059,37.0289855072
221248,228496,228694,7248,198,1,3059,37.6060606061
221249,229362,229578,8113,216,1,3059,38.5601851852
221249,229140,229350,7891,210,1,3059,38.5761904762
221277,221283,224529,6,3246,2,7200,1.00184842884
221467,221474,224660,7,3186,2,7200,1.00219711237
221509,221515,225363,6,3848,2,7200,1.00155925156
221683,221694,224954,11,3260,2,7200,1.00337423313
221698,221705,225470,7,3765,2,7200,1.00185922975
221905,221915,222560,10,645,2,7200,1.01550387597
222035,222045,225600,10,3555,2,7200,1.00281293952
222089,222099,225600,10,3501,2,7200,1.00285632676
222311,222322,225097,11,2775,2,7200,1.00396396396
222561,222572,223687,11,1115,2,7200,1.00986547085
222613,229825,230055,7212,230,1,3540,32.3565217391
222627,222639,225600,12,2961,2,7200,1.0040526849
222781,222792,225600,11,2808,2,7200,1.00391737892
223320,223329,225600,9,2271,2,7200,1.00396301189
223688,223699,225600,11,1901,2,7200,1.0057864282
223989,223999,225600,10,1601,2,7200,1.00624609619
224003,224015,225600,12,1585,2,7200,1.00757097792
224187,224196,225600,9,1404,2,7200,1.00641025641
224250,230068,230348,5818,280,1,240,21.7785714286
224530,224541,225600,11,1059,2,7200,1.0103871577
224542,284297,291321,59755,7024,1,85859,9.50726082005
224543,284368,289975,59825,5607,1,85859,11.669698591
224543,284787,290932,60244,6145,1,85859,10.8037428804
224544,284838,293061,60294,8223,1,85859,8.33236045239
224544,284985,298631,60441,13646,1,85859,5.42921002492
224662,224672,225006,10,334,2,7200,1.02994011976
224859,247812,247815,22953,3,4,3600,2295.6
224957,224966,225600,9,634,2,7200,1.0141955836
225008,225017,225600,9,583,2,7200,1.0154373928
225011,247817,247820,22806,3,4,3600,2280.9
225055,247830,247832,22775,2,4,3600,2277.7
225098,225109,225601,11,492,2,7200,1.02235772358
225119,230793,230908,5674,115,2,2400,50.3391304348
225363,225374,225601,11,227,2,7200,1.04845814978
225471,225482,225601,11,119,2,7200,1.09243697479
225730,225736,229457,6,3721,2,7200,1.00161246977
225731,225742,229149,11,3407,2,7200,1.0032286469
225733,225748,229183,15,3435,2,7200,1.00436681223
225734,225753,228977,19,3224,2,7200,1.00589330025
225735,225758,229522,23,3764,2,7200,1.00611052072
225737,225765,229630,28,3865,2,7200,1.00724450194
225738,225771,229265,33,3494,2,7200,1.00944476245
225740,225776,229286,36,3510,2,7200,1.01025641026
225741,225781,229321,40,3540,2,7200,1.01129943503
225742,225787,229544,45,3757,2,7200,1.01197764174
225744,225792,229355,48,3563,2,7200,1.01347179343
225745,225797,229454,52,3657,2,7200,1.01421930544
225747,225803,229145,56,3342,2,7200,1.01675643327
225748,225808,229327,60,3519,2,7200,1.01705029838
225750,225814,229683,64,3869,2,7200,1.01654174205
225751,226730,230690,979,3960,2,7200,1.24722222222
225752,228990,232513,3238,3523,2,7200,1.91910303718
225754,229158,232662,3404,3504,2,7200,1.97146118721
225755,229165,232899,3410,3734,2,7200,1.9132297804
225757,229195,232773,3438,3578,2,7200,1.96087199553
225758,229277,232868,3519,3591,2,7200,1.97994987469
225760,229298,233362,3538,4064,2,7200,1.87057086614
225761,229333,232606,3572,3273,2,7200,2.09135349832
225762,229340,233305,3578,3965,2,7200,1.90239596469
225764,229369,233045,3605,3676,2,7200,1.98068552775
225765,229466,233140,3701,3674,2,7200,2.00734893849
225767,229473,233216,3706,3743,2,7200,1.99011488111
225768,229535,232979,3767,3444,2,7200,2.09378629501
225770,229556,233080,3786,3524,2,7200,2.07434733258
225771,229642,232765,3871,3123,2,7200,2.2395132885
225773,229695,233486,3922,3791,2,7200,2.03455552625
225774,232525,236459,6751,3934,2,7200,2.71606507372
225776,232617,236044,6841,3427,2,7200,2.99620659469
225777,232674,236023,6897,3349,2,7200,3.0594207226
225778,232777,236420,6999,3643,2,7200,2.92121877573
226411,285147,370627,58736,85480,1,172800,1.68713149275
227492,232566,243404,5074,10838,20,10799,1.46816755859
227609,234694,245524,7085,10830,20,10799,1.65420129271
227721,234700,239720,6979,5020,20,10799,2.39023904382
228414,230360,230618,1946,258,1,240,8.54263565891
228508,232572,232623,4064,51,4,86400,80.6862745098
228573,243415,245244,14842,1829,32,10800,9.1148168398
230108,255559,306244,25451,50685,16,259200,1.50214067278
230185,255564,311355,25379,55791,16,259200,1.45489415856
230258,261742,278048,31484,16306,16,259200,2.93082300993
230276,285322,286699,55046,1377,1,21600,40.975308642
230330,261747,302942,31417,41195,16,259200,1.76264109722
230429,285500,287408,55071,1908,1,21600,29.8632075472
230460,285618,289803,55158,4185,1,21600,14.1799283154
230491,285728,287000,55237,1272,1,21600,44.4253144654
230524,231301,231302,777,1,2,60,77.8
230542,286229,288855,55687,2626,1,21600,22.2060167555
230566,230702,230780,136,78,2,900,2.74358974359
230580,286668,291733,56088,5065,1,21600,12.0736426456
230623,286711,288407,56088,1696,1,21600,34.070754717
230904,230922,231288,18,366,2,900,1.04918032787
231431,286900,288650,55469,1750,1,21600,32.6965714286
231496,245261,266890,13765,21629,8,21600,1.6364140737
231547,247348,309461,15801,62113,4,72000,1.25439119025
231566,287012,287843,55446,831,1,21600,67.7220216606
231585,287420,288196,55835,776,1,21600,72.9523195876
231945,287497,288022,55552,525,1,21600,106.813333333
232327,233965,233977,1638,12,1,240,137.5
232776,232786,236387,10,3601,2,7200,1.00277700639
232869,232880,235854,11,2974,2,7200,1.00369872226
232899,232912,236500,13,3588,2,7200,1.00362318841
232980,232991,236601,11,3610,2,7200,1.00304709141
233046,233057,236544,11,3487,2,7200,1.00315457413
233082,233092,236638,10,3546,2,7200,1.00282007896
233143,233152,236692,9,3540,2,7200,1.00254237288
233218,233229,237097,11,3868,2,7200,1.00284384695
233308,233317,237320,9,4003,2,7200,1.00224831376
233356,233374,236992,18,3618,2,7200,1.00497512438
233488,233499,236748,11,3249,2,7200,1.00338565713
234228,238658,239009,4430,351,1,3540,13.6210826211
234321,240479,250007,6158,9528,4,86400,1.64630562552
234604,247343,839129,12739,591786,6,604800,1.02152636257
235232,245082,247314,9850,2232,32,10800,5.41308243728
235855,235866,239398,11,3532,2,7200,1.00311438279
236023,236035,239388,12,3353,2,7200,1.00357888458
236047,236057,239654,10,3597,2,7200,1.00278009452
236390,236398,240041,8,3643,2,7200,1.00219599231
236423,236432,239992,9,3560,2,7200,1.00252808989
236462,236471,240186,9,3715,2,7200,1.00242261104
236501,236512,240346,11,3834,2,7200,1.00286906625
236546,236556,240099,10,3543,2,7200,1.00282246684
236603,236613,240197,10,3584,2,7200,1.00279017857
236639,236650,240507,11,3857,2,7200,1.00285195748
236693,236705,240271,12,3566,2,7200,1.00336511497
236750,236761,240260,11,3499,2,7200,1.00314375536
236973,245535,247044,8562,1509,20,86399,6.67395626243
236994,237004,240436,10,3432,2,7200,1.00291375291
237099,237109,240858,10,3749,2,7200,1.00266737797
237322,237332,240994,10,3662,2,7200,1.00273074823
237535,239022,239132,1487,110,1,3600,14.5181818182
237556,239142,239144,1586,2,1,60,158.8
237563,241945,241946,4382,1,2,60,438.3
237767,239731,241933,1964,2202,20,10799,1.8919164396
239264,239270,239517,6,247,1,3600,1.02429149798
239390,239400,242929,10,3529,2,7200,1.00283366393
239405,239412,242910,7,3498,2,7200,1.00200114351
239655,239666,243458,11,3792,2,7200,1.00290084388
239751,239757,240307,6,550,1,3600,1.01090909091
239992,240005,243891,13,3886,2,7200,1.00334534225
240043,240053,243577,10,3524,2,7200,1.00283768445
240100,240111,243573,11,3462,2,7200,1.00317735413
240187,240199,243604,12,3405,2,7200,1.00352422907
240202,240208,243876,6,3668,2,7200,1.00163576881
240262,240272,244012,10,3740,2,7200,1.00267379679
240277,240283,243645,6,3362,2,7200,1.00178465199
240350,240357,244018,7,3661,2,7200,1.00191204589
240438,240448,244372,10,3924,2,7200,1.00254841998
240507,240519,243967,12,3448,2,7200,1.00348027842
240860,240870,244418,10,3548,2,7200,1.00281848929
240996,241006,244528,10,3522,2,7200,1.00283929585
241184,241191,241271,7,80,1,3600,1.0875
241402,241408,241636,6,228,1,3600,1.02631578947
241924,247575,248037,5651,462,1,3600,13.2316017316
242914,242923,246383,9,3460,2,7200,1.00260115607
242931,242941,246200,10,3259,2,7200,1.0030684259
243458,243470,246737,12,3267,2,7200,1.00367309458
243575,243585,247048,10,3463,2,7200,1.00288766965
243590,243597,247207,7,3610,2,7200,1.00193905817
243605,243616,247004,11,3388,2,7200,1.00324675325
243647,243657,247274,10,3617,2,7200,1.00276472215
243878,243888,247633,10,3745,2,7200,1.00267022697
243893,243903,247675,10,3772,2,7200,1.00265111347
243968,243979,247514,11,3535,2,7200,1.00311173975
244013,244024,247638,11,3614,2,7200,1.00304371887
244028,244035,247713,7,3678,2,7200,1.00190320827
244374,244385,247945,11,3560,2,7200,1.00308988764
244422,244431,247914,9,3483,2,7200,1.00258397933
244530,244540,248330,10,3790,2,7200,1.00263852243
245881,247561,247563,1680,2,2,3540,168.2
246204,246212,250060,8,3848,2,7200,1.00207900208
246384,246395,249902,11,3507,2,7200,1.00313658397
246739,246748,250183,9,3435,2,7200,1.00262008734
247006,247015,250428,9,3413,2,7200,1.00263697627
247048,247072,250209,24,3137,2,7200,1.00765062161
247208,247218,250848,10,3630,2,7200,1.00275482094
247277,247285,250980,8,3695,2,7200,1.00216508796
247465,254313,255542,6848,1229,32,10800,6.57200976404
247514,247568,251380,54,3812,2,7200,1.01416579224
247634,247645,251486,11,3841,2,7200,1.00286383754
247649,247656,251239,7,3583,2,7200,1.00195367011
247676,247687,251154,11,3467,2,7200,1.00317277185
247715,247725,251478,10,3753,2,7200,1.00266453504
247917,247926,251000,9,3074,2,7200,1.00292778139
247943,247957,251977,14,4020,2,7200,1.00348258706
248332,248342,251753,10,3411,2,7200,1.00293169159
249904,249914,253467,10,3553,2,7200,1.00281452294
250060,250072,253514,12,3442,2,7200,1.00348634515
250186,250196,253687,10,3491,2,7200,1.00286450874
250210,250221,253831,11,3610,2,7200,1.00304709141
250430,250440,254257,10,3817,2,7200,1.00261985853
250851,250860,254420,9,3560,2,7200,1.00252808989
250981,250993,254336,12,3343,2,7200,1.00358959019
251002,251013,254232,11,3219,2,7200,1.00341721031
251156,251166,254721,10,3555,2,7200,1.00281293952
251240,251251,254737,11,3486,2,7200,1.00315547906
251381,251392,254608,11,3216,2,7200,1.00342039801
251480,251490,255551,10,4061,2,7200,1.00246244767
251495,251501,254834,6,3333,2,7200,1.00180018002
251754,251766,255425,12,3659,2,7200,1.00327958459
251980,251988,255540,8,3552,2,7200,1.00225225225
253470,253479,256956,9,3477,2,7200,1.00258843831
253515,253526,256982,11,3456,2,7200,1.00318287037
253690,253699,257018,9,3319,2,7200,1.00271166014
253831,253842,257688,11,3846,2,7200,1.0028601144
253836,266901,378870,13065,111969,4,144000,1.1166840822
254234,254244,257899,10,3655,2,7200,1.00273597811
254258,254270,257909,12,3639,2,7200,1.00329760923
254336,254348,257965,12,3617,2,7200,1.00331766657
254421,254431,257691,10,3260,2,7200,1.00306748466
254610,254619,258316,9,3697,2,7200,1.00243440628
254724,254733,258070,9,3337,2,7200,1.00269703326
254739,254748,258724,9,3976,2,7200,1.00226358149
254835,254846,258353,11,3507,2,7200,1.00313658397
255428,255437,259252,9,3815,2,7200,1.00235910878
255542,255552,259251,10,3699,2,7200,1.00270343336
255557,255570,259131,13,3561,2,7200,1.00365065993
255853,261723,261730,5870,7,32,10800,587.7
256960,256968,260203,8,3235,2,7200,1.00247295209
256984,256994,260475,10,3481,2,7200,1.00287273772
257020,257030,260814,10,3784,2,7200,1.00264270613
257691,257700,261406,9,3706,2,7200,1.00242849433
257705,257713,261086,8,3373,2,7200,1.00237177587
257901,257911,261246,10,3335,2,7200,1.00299850075
257916,257922,261542,6,3620,2,7200,1.00165745856
257967,257976,261392,9,3416,2,7200,1.00263466042
258072,258082,261992,10,3910,2,7200,1.00255754476
258319,258328,262121,9,3793,2,7200,1.00237279199
258354,258365,261916,11,3551,2,7200,1.00309771895
258724,258737,261934,13,3197,2,7200,1.00406631217
259134,259143,263080,9,3937,2,7200,1.00228600457
259254,259263,262613,9,3350,2,7200,1.00268656716
259256,259269,262775,13,3506,2,7200,1.00370792926
260089,266907,287485,6818,20578,4,43200,1.33132471572
260204,260214,263804,10,3590,2,7200,1.00278551532
260477,260488,264497,11,4009,2,7200,1.00274382639
260814,260825,264372,11,3547,2,7200,1.00310121229
261088,261098,264857,10,3759,2,7200,1.00266028199
261248,261258,264644,10,3386,2,7200,1.00295333727
261395,261404,265172,9,3768,2,7200,1.00238853503
261409,261419,265184,10,3765,2,7200,1.0026560425
261545,261555,265073,10,3518,2,7200,1.00284252416
261918,261928,265163,10,3235,2,7200,1.00309119011
261936,261947,265775,11,3828,2,7200,1.00287356322
261996,262004,265644,8,3640,2,7200,1.0021978022
262122,262132,265810,10,3678,2,7200,1.00271886895
262615,262626,266126,11,3500,2,7200,1.00314285714
262777,262787,266266,10,3479,2,7200,1.00287438919
263081,263092,266753,11,3661,2,7200,1.00300464354
263570,302953,305778,39383,2825,32,10800,14.9408849558
263807,263815,267403,8,3588,2,7200,1.0022296544
264372,264384,268207,12,3823,2,7200,1.00313889615
264499,264509,268052,10,3543,2,7200,1.00282246684
264646,264656,268430,10,3774,2,7200,1.00264970853
264859,264868,268541,9,3673,2,7200,1.0024503131
265076,265085,268831,9,3746,2,7200,1.00240256273
265163,265174,268736,11,3562,2,7200,1.00308815272
265178,265185,269045,7,3860,2,7200,1.0018134715
265193,265199,268770,6,3571,2,7200,1.00168020162
265641,265656,269125,15,3469,2,7200,1.00432401268
265776,265786,269385,10,3599,2,7200,1.0027785496
265812,265822,269702,10,3880,2,7200,1.00257731959
266128,266137,269720,9,3583,2,7200,1.00251186157
266267,266277,269457,10,3180,2,7200,1.00314465409
266754,266764,270511,10,3747,2,7200,1.00266880171
267405,267416,271480,11,4064,2,7200,1.00270669291
268057,268064,271631,7,3567,2,7200,1.00196243342
268207,268219,271990,12,3771,2,7200,1.00318217979
268433,268441,272155,8,3714,2,7200,1.00215401185
268544,268553,272397,9,3844,2,7200,1.00234131113
268736,268748,272228,12,3480,2,7200,1.00344827586
268772,268782,272477,10,3695,2,7200,1.00270635995
268832,268843,272250,11,3407,2,7200,1.0032286469
269046,269058,272665,12,3607,2,7200,1.00332686443
269127,269136,272910,9,3774,2,7200,1.00238473768
269386,269396,273183,10,3787,2,7200,1.00264061262
269458,269468,272979,10,3511,2,7200,1.0028481914
269704,269715,272958,11,3243,2,7200,1.00339192106
269722,269732,273530,10,3798,2,7200,1.00263296472
270513,270523,274267,10,3744,2,7200,1.00267094017
271483,271492,275380,9,3888,2,7200,1.00231481481
271630,287507,287515,15877,8,1,1800,1588.5
271634,271643,275353,9,3710,2,7200,1.00242587601
271992,272002,275428,10,3426,2,7200,1.00291885581
272158,272166,275784,8,3618,2,7200,1.00221116639
272230,272240,276184,10,3944,2,7200,1.00253549696
272254,272262,275686,8,3424,2,7200,1.0023364486
272398,272409,275826,11,3417,2,7200,1.00321919813
272479,272488,276277,9,3789,2,7200,1.00237529691
272669,272678,275986,9,3308,2,7200,1.00272067715
272913,272924,276439,11,3515,2,7200,1.00312944523
272961,272969,276723,8,3754,2,7200,1.0021310602
272981,272991,276707,10,3716,2,7200,1.00269106566
273186,273195,276640,9,3445,2,7200,1.00261248186
273532,273541,277145,9,3604,2,7200,1.00249722531
274268,274278,277495,10,3217,2,7200,1.00310848617
275355,275365,278687,10,3322,2,7200,1.0030102348
275382,275391,278594,9,3203,2,7200,1.00280986575
275430,275440,279177,10,3737,2,7200,1.00267594327
275689,275698,279368,9,3670,2,7200,1.00245231608
275785,275797,279583,12,3786,2,7200,1.00316957211
275827,275839,279570,12,3731,2,7200,1.0032162959
275986,275997,279654,11,3657,2,7200,1.00300793
276185,276197,279654,12,3457,2,7200,1.00347121782
276278,276288,279905,10,3617,2,7200,1.00276472215
276440,276451,280466,11,4015,2,7200,1.00273972603
276642,276652,280330,10,3678,2,7200,1.00271886895
276708,276719,280135,11,3416,2,7200,1.00322014052
276726,276735,280296,9,3561,2,7200,1.00252737995
277147,277157,280658,10,3501,2,7200,1.00285632676
277493,277506,280863,13,3357,2,7200,1.00387250521
278595,278606,282247,11,3641,2,7200,1.00302114804
278688,278699,282570,11,3871,2,7200,1.00284164299
278987,287519,287591,8532,72,1,1800,119.5
279179,279192,282918,13,3726,2,7200,1.00348899624
279369,279379,282671,10,3292,2,7200,1.00303766707
279573,279582,283345,9,3763,2,7200,1.00239170874
279588,279595,283431,7,3836,2,7200,1.00182481752
279655,279665,283340,10,3675,2,7200,1.00272108844
279656,279671,283376,15,3705,2,7200,1.004048583
279906,279916,283388,10,3472,2,7200,1.00288018433
280138,280146,284043,8,3897,2,7200,1.00205286118
280297,280308,284019,11,3711,2,7200,1.0029641606
280333,280341,284322,8,3981,2,7200,1.00200954534
280468,280478,283988,10,3510,2,7200,1.00284900285
280661,280671,284248,10,3577,2,7200,1.0027956388
280865,280875,284414,10,3539,2,7200,1.00282565697
282250,282258,286095,8,3837,2,7200,1.00208496221
282572,282582,285944,10,3362,2,7200,1.00297441999
282674,282682,286512,8,3830,2,7200,1.00208877285
282920,282930,286692,10,3762,2,7200,1.00265816055
283342,283352,286941,10,3589,2,7200,1.00278629145
283357,283363,286902,6,3539,2,7200,1.00169539418
283378,283388,286833,10,3445,2,7200,1.00290275762
283392,283399,287282,7,3883,2,7200,1.00180272985
283434,283443,286994,9,3551,2,7200,1.00253449732
283988,284000,287829,12,3829,2,7200,1.00313397754
284021,284031,287706,10,3675,2,7200,1.00272108844
284045,284056,287464,11,3408,2,7200,1.00322769953
284250,284260,287777,10,3517,2,7200,1.00284333239
284325,284334,287832,9,3498,2,7200,1.0025728988
284417,284426,287979,9,3553,2,7200,1.00253307064
285946,285955,289752,9,3797,2,7200,1.00237029234
285952,287524,287635,1572,111,1,3600,15.1621621622
286096,286108,289396,12,3288,2,7200,1.00364963504
286256,287531,287782,1275,251,1,3600,6.0796812749
286515,286523,290400,8,3877,2,7200,1.00206345112
286695,286704,290148,9,3444,2,7200,1.00261324042
286833,286845,290583,12,3738,2,7200,1.00321027287
286903,286914,290222,11,3308,2,7200,1.00332527207
286945,286952,290702,7,3750,2,7200,1.00186666667
286996,287006,290405,10,3399,2,7200,1.00294204178
287285,287293,290422,8,3129,2,7200,1.00255672739
287465,287475,291051,10,3576,2,7200,1.00279642058
287667,287673,287746,6,73,1,1800,1.08219178082
287709,287719,291102,10,3383,2,7200,1.00295595625
287765,287771,288026,6,255,1,3600,1.02352941176
287779,287792,291230,13,3438,2,7200,1.00378126818
287810,287858,287944,48,86,1,1800,1.55813953488
287830,287836,291452,6,3616,2,7200,1.00165929204
287845,287851,291765,6,3914,2,7200,1.00153295861
287949,287956,288046,7,90,1,1800,1.07777777778
287981,287988,291635,7,3647,2,7200,1.0019193858
288019,288033,288585,14,552,1,3600,1.02536231884
288262,288267,288840,5,573,1,3600,1.00872600349
288391,288397,288758,6,361,1,1800,1.01662049861
288476,288482,288857,6,375,1,1800,1.016
289256,289262,289268,6,6,1,3600,1.2
289361,289367,289875,6,508,1,3600,1.01181102362
289371,289378,289457,7,79,1,3600,1.08860759494
289383,289390,289869,7,479,1,3600,1.01461377871
289385,289397,289476,12,79,1,3600,1.15189873418
289394,289403,289887,9,484,1,3600,1.01859504132
289399,289409,293168,10,3759,2,7200,1.00266028199
289414,289421,289427,7,6,1,1800,1.3
289565,289571,289609,6,38,1,1800,1.15789473684
289572,289579,289819,7,240,1,3600,1.02916666667
289595,289601,289834,6,233,1,3600,1.02575107296
289755,289763,293638,8,3875,2,7200,1.00206451613
289815,289821,289858,6,37,1,1800,1.16216216216
289824,289830,289905,6,75,1,1800,1.08
290047,290054,290122,7,68,1,1800,1.10294117647
290102,290108,290577,6,469,1,3600,1.01279317697
290102,290114,290566,12,452,1,3600,1.02654867257
290150,290157,294023,7,3866,2,7200,1.00181065701
290225,290233,293757,8,3524,2,7200,1.00227014756
290403,290409,293963,6,3554,2,7200,1.0016882386
290418,290424,293542,6,3118,2,7200,1.00192431046
290432,290439,294418,7,3979,2,7200,1.00175923599
290474,290481,290731,7,250,1,1800,1.028
290587,290593,294245,6,3652,2,7200,1.00164293538
290704,290711,294238,7,3527,2,7200,1.00198468954
290712,290719,290957,7,238,1,1800,1.02941176471
291054,291060,294917,6,3857,2,7200,1.00155561317
291105,291112,294446,7,3334,2,7200,1.00209958008
291231,291238,295284,7,4046,2,7200,1.00173010381
291454,291460,295113,6,3653,2,7200,1.00164248563
291499,291505,305213,6,13708,1,18000,1.00043770061
291638,291645,295025,7,3380,2,7200,1.00207100592
291767,291774,295467,7,3693,2,7200,1.00189547793
291940,291947,292228,7,281,1,21600,1.02491103203
292028,292035,292316,7,281,1,21600,1.02491103203
292171,292177,292381,6,204,1,21600,1.02941176471
292235,292243,292607,8,364,1,21600,1.02197802198
293170,293177,296730,7,3553,2,7200,1.00197016606
293543,293550,297358,7,3808,2,7200,1.00183823529
293639,293647,297270,8,3623,2,7200,1.00220811482
293760,293766,297571,6,3805,2,7200,1.00157687254
293964,293970,297885,6,3915,2,7200,1.00153256705
294024,294031,297173,7,3142,2,7200,1.00222788033
294241,294247,298289,6,4042,2,7200,1.00148441366
294256,294262,298042,6,3780,2,7200,1.00158730159
294388,294396,553634,8,259238,1,259200,1.00003085967
294421,294427,298073,6,3646,2,7200,1.00164563906
294448,294455,297883,7,3428,2,7200,1.002042007
294921,294927,298345,6,3418,2,7200,1.00175541252
294958,294964,295361,6,397,4,3600,1.01511335013
294960,295130,295523,170,393,4,3600,1.43256997455
294963,295264,295663,301,399,4,3600,1.75438596491
294980,295373,320668,393,25295,16,259200,1.01553666733
295026,295033,298822,7,3789,2,7200,1.00184745315
295116,295123,298450,7,3327,2,7200,1.0021039976
295285,295292,298678,7,3386,2,7200,1.00206733609
295469,295476,298856,7,3380,2,7200,1.00207100592
296002,296009,317418,7,21409,4,43200,1.00032696529
296147,296154,296545,7,391,4,3600,1.0179028133
296560,307477,310268,10917,2791,20,10799,4.91150125403
296732,296738,300372,6,3634,2,7200,1.0016510732
296742,296749,296761,7,12,2,240,1.58333333333
296876,310280,321114,13404,10834,20,10799,2.23721617131
297002,321126,331959,24124,10833,20,10799,3.22689928921
297174,297180,300981,6,3801,2,7200,1.00157853197
297235,345023,346534,47788,1511,20,86399,32.6267372601
297270,297276,301160,6,3884,2,7200,1.00154479918
297329,297335,298869,6,1534,1,6610,1.00391134289
297361,297368,300706,7,3338,2,7200,1.00209706411
297574,297580,301239,6,3659,2,7200,1.00163979229
297606,346546,348582,48940,2036,20,86399,25.0373280943
297703,348594,350808,50891,2214,20,86399,23.9859981933
297748,297755,298933,7,1178,4,3600,1.00594227504
297886,297893,301409,7,3516,2,7200,1.00199089875
297900,297908,301770,8,3862,2,7200,1.00207146556
298047,298053,301889,6,3836,2,7200,1.0015641293
298074,298080,302053,6,3973,2,7200,1.00151019381
298079,298087,299634,8,1547,1,6610,1.00517129929
298079,298092,298100,13,8,1,6610,2.1
298080,298097,298107,17,10,1,6610,2.7
298080,298103,298111,23,8,1,6610,3.1
298180,298945,298948,765,3,8,345600,76.8
298290,298297,301507,7,3210,2,7200,1.00218068536
298347,298354,301806,7,3452,2,7200,1.00202780997
298453,298459,302110,6,3651,2,7200,1.00164338537
298640,298646,298873,6,227,1,3540,1.02643171806
298678,298685,302424,7,3739,2,7200,1.00187215833
298823,298829,302230,6,3401,2,7200,1.001764187
298859,298865,302491,6,3626,2,7200,1.00165471594
298890,298898,324404,8,25506,2,43200,1.00031365169
299165,299172,329559,7,30387,4,43200,1.00023036167
299229,299235,300425,6,1190,4,3600,1.00504201681
299962,300391,305445,429,5054,1,108000,1.08488326078
299962,300437,307024,475,6587,1,108000,1.07211173524
299962,299973,304946,11,4973,1,108000,1.0022119445
299962,299968,301514,6,1546,1,108000,1.00388098318
299963,300453,301795,490,1342,1,108000,1.3651266766
299963,300447,304832,484,4385,1,108000,1.11037628278
299963,300442,309168,479,8726,1,108000,1.05489342196
300190,300386,300577,196,191,1,7200,2.02617801047
300373,300379,303602,6,3223,2,7200,1.00186161961
300706,300713,304328,7,3615,1,3600,1.00193637621
300707,300720,304254,13,3534,2,7200,1.00367855122
300767,301818,361571,1051,59753,4,86400,1.01758907503
300779,307442,307450,6663,8,24,86399,667.1
300820,307462,307466,6642,4,24,86399,664.6
300895,300994,301231,99,237,1,7200,1.41772151899
300981,300987,305015,6,4028,2,7200,1.00148957299
301161,301169,304373,8,3204,2,7200,1.0024968789
301240,301246,305143,6,3897,2,7200,1.00153964588
301411,301418,304650,7,3232,2,7200,1.00216584158
301510,301517,305141,7,3624,2,7200,1.00193156733
301772,301779,305419,7,3640,2,7200,1.00192307692
301805,301812,301817,7,5,1,15,1.2
301808,301824,305465,16,3641,2,7200,1.00439439714
301892,301899,305246,7,3347,2,7200,1.00209142516
302042,302048,302278,6,230,1,3540,1.02608695652
302055,302061,305448,6,3387,2,7200,1.00177147919
302112,302118,305610,6,3492,2,7200,1.00171821306
302232,302238,306102,6,3864,2,7200,1.00155279503
302425,302432,305921,7,3489,2,7200,1.00200630553
302494,302501,306154,7,3653,2,7200,1.00191623323
302564,307484,307538,4920,54,8,86400,92.1111111111
303010,303017,303241,7,224,1,3540,1.03125
303344,305790,306506,2446,716,32,10800,4.41620111732
303605,303612,307289,7,3677,2,7200,1.00190372586
303778,303784,303790,6,6,1,15,1.2
304255,304262,308090,7,3828,2,7200,1.00182863114
304376,304383,307473,7,3090,2,7200,1.00226537217
304380,307448,328626,3068,21178,10,57600,1.14486731514
304624,304632,319036,8,14404,2,14400,1.00055540128
304652,304660,308397,8,3737,2,7200,1.00214075462
305017,305023,308498,6,3475,2,7200,1.00172661871
305143,305149,308673,6,3524,2,7200,1.00170261067
305144,305156,308698,12,3542,2,7200,1.00338791643
305194,305200,321873,6,16673,1,18000,1.00035986325
305247,305253,308691,6,3438,2,7200,1.0017452007
305421,305427,309015,6,3588,2,7200,1.0016722408
305451,305457,309137,6,3680,2,7200,1.00163043478
305466,305473,308813,7,3340,2,7200,1.00209580838
305613,305621,309067,8,3446,2,7200,1.00232153221
305924,305930,309649,6,3719,2,7200,1.00161333692
306058,306064,342033,6,35969,2,43200,1.00016681031
306104,306111,309848,7,3737,2,7200,1.00187316029
306155,306162,309593,7,3431,2,7200,1.00204022151
306187,306194,306196,7,2,4,3600,1.0
306975,307423,307431,448,8,32,10800,45.6
307290,307297,310821,7,3524,2,7200,1.00198637911
307473,307489,310799,16,3310,2,7200,1.00483383686
307601,674988,674996,367387,8,32,10800,36739.5
307931,307938,309128,7,1190,4,3600,1.00588235294
308090,308096,311639,6,3543,2,7200,1.0016934801
308400,308406,311468,6,3062,2,7200,1.00195950359
308500,308512,312278,12,3766,2,7200,1.00318640467
308566,308573,308574,7,1,1,576000,1.0
308567,308578,308579,11,1,1,576000,1.2
308568,308592,308593,24,1,1,576000,2.5
308569,308606,308607,37,1,1,576000,3.8
308571,308620,308621,49,1,1,576000,5.0
308571,308626,308627,55,1,1,576000,5.6
308572,308633,308634,61,1,1,576000,6.2
308573,308647,308648,74,1,1,576000,7.5
308575,308661,308662,86,1,1,576000,8.7
308576,308675,308676,99,1,1,576000,10.0
308675,308682,312159,7,3477,2,7200,1.0020132298
308693,308699,312397,6,3698,2,7200,1.00162249865
308705,308711,308764,6,53,1,1740,1.11320754717
308708,308718,312498,10,3780,2,7200,1.00264550265
308718,308730,308733,12,3,1,576000,1.5
308718,308724,308736,6,12,1,576000,1.5
308753,308775,322846,22,14071,1,576000,1.0015634994
308753,308764,322838,11,14074,1,576000,1.00078158306
308753,308759,322703,6,13944,1,576000,1.0004302926
308754,308829,322849,75,14020,1,576000,1.00534950071
308754,309030,322845,276,13815,1,576000,1.01997828447
308755,309139,322846,384,13707,1,576000,1.02801488291
308755,309145,322847,390,13702,1,576000,1.0284629981
308756,309156,322857,400,13701,1,576000,1.02919494927
308756,309150,322848,394,13698,1,576000,1.02876332311
308757,309180,309676,423,496,1,576000,1.85282258065
308757,309475,322855,718,13380,1,576000,1.05366218236
308758,309481,322858,723,13377,1,576000,1.05404799282
308758,309486,322860,728,13374,1,576000,1.05443397637
308759,309492,322863,733,13371,1,576000,1.05482013312
308759,309688,322895,929,13207,1,576000,1.07034148558
308760,310374,322870,1614,12496,1,576000,1.12916133163
308760,310379,322875,1619,12496,1,576000,1.12956145967
308761,310384,322883,1623,12499,1,576000,1.12985038803
308761,310390,322881,1629,12491,1,576000,1.13041389801
308762,311656,322886,2894,11230,1,576000,1.25770258237
308817,308823,312404,6,3581,2,7200,1.00167550963
308954,311367,362089,2413,50722,16,259200,1.04757304523
309016,309024,312955,8,3931,2,7200,1.00203510557
309053,312293,578704,3240,266411,1,576000,1.01216165999
309053,311661,377969,2608,66308,1,576000,1.03933160403
309054,312512,334167,3458,21655,1,576000,1.15968598476
309054,312298,345323,3244,33025,1,576000,1.09822861469
309055,312774,314870,3719,2096,1,576000,2.77433206107
309055,312517,651978,3462,339461,1,576000,1.0101985206
309056,313493,593267,4437,279774,1,576000,1.01585922924
309056,313391,567250,4335,253859,1,576000,1.01707640856
309057,314086,624081,5029,309995,1,576000,1.0162228423
309057,314882,315377,5825,495,1,576000,12.7676767677
309058,315389,622017,6331,306628,1,576000,1.02064716856
309058,318100,546580,9042,228480,1,576000,1.03957457983
309059,320451,342843,11392,22392,1,576000,1.50875312612
309059,320456,678328,11397,357872,1,576000,1.03184658202
309060,320700,650557,11640,329857,1,576000,1.03528801875
309060,320705,358541,11645,37836,1,576000,1.30777566339
309061,321885,373899,12824,52014,1,576000,1.24654900604
309061,322715,429960,13654,107245,1,576000,1.12731595879
309062,322858,643482,13796,320624,1,576000,1.04302859424
309062,322851,669496,13789,346645,1,576000,1.03977844769
309065,547201,584014,238136,36813,16,259200,7.46880178198
309068,309075,312853,7,3778,2,7200,1.00185283219
309092,350831,354077,41739,3246,1,3540,13.8585951941
309140,309162,312760,22,3598,2,7200,1.00611450806
309280,353113,353164,43833,51,1,540,860.470588235
309595,309602,313001,7,3399,2,7200,1.00205942924
309599,353206,353207,43607,1,1,540,4360.8
309599,353177,353180,43578,3,1,540,4358.1
309599,353192,353194,43593,2,1,540,4359.5
309652,309658,313518,6,3860,2,7200,1.00155440415
309851,309857,313258,6,3401,2,7200,1.001764187
310294,322868,324396,12574,1528,1,3010,9.22905759162
310294,322883,324414,12589,1531,1,3010,9.22273024167
310295,322897,322906,12602,9,1,3010,1261.1
310295,322902,322913,12607,11,1,3010,1147.09090909
310295,322890,324411,12595,1521,1,3010,9.28073635766
310296,322921,322925,12625,4,1,3010,1262.9
310296,322933,322938,12637,5,1,3010,1264.2
310296,322914,322921,12618,7,1,3010,1262.5
310512,322863,323100,12351,237,1,7200,53.1139240506
310631,322940,322944,12309,4,1,3010,1231.3
310631,322945,322950,12314,5,1,3010,1231.9
310631,322952,322957,12321,5,1,3010,1232.6
310632,322976,322980,12344,4,1,3010,1234.8
310632,322964,322968,12332,4,1,3010,1233.6
310632,322969,322974,12337,5,1,3010,1234.2
310633,322983,322987,12350,4,1,3010,1235.4
310633,322990,322994,12357,4,1,3010,1236.1
310802,310809,314456,7,3647,2,7200,1.0019193858
310823,310834,314740,11,3906,2,7200,1.00281618024
310840,322997,323002,12157,5,1,3010,1216.2
310840,323004,323008,12164,4,1,3010,1216.8
310840,323016,323021,12176,5,1,3010,1218.1
310841,323035,323040,12194,5,1,3010,1219.9
310841,323028,323033,12187,5,1,3010,1219.2
310841,323023,323028,12182,5,1,3010,1218.7
310842,323048,323053,12206,5,1,3010,1221.1
310842,323042,323046,12200,4,1,3010,1220.4
311222,331970,334184,20748,2214,20,10799,10.3712737127
311342,334090,334151,22748,61,8,86400,373.918032787
311470,311477,315230,7,3753,2,7200,1.00186517453
311642,311649,315233,7,3584,2,7200,1.001953125
311755,323056,323061,11301,5,1,3010,1130.6
311755,323062,323067,11307,5,1,3010,1131.2
311756,323076,323080,11320,4,1,3010,1132.4
311756,323069,323074,11313,5,1,3010,1131.8
311757,323096,323101,11339,5,1,3010,1134.4
311757,323090,323094,11333,4,1,3010,1133.7
311757,323083,323087,11326,4,1,3010,1133.0
311758,323104,323108,11346,4,1,3010,1135.0
311861,323110,323115,11249,5,1,3010,1125.4
311861,323118,323129,11257,11,1,3010,1024.36363636
311861,323123,323127,11262,4,1,3010,1126.6
311862,323147,323152,11285,5,1,3010,1129.0
311862,323130,323134,11268,4,1,3010,1127.2
311862,323135,323140,11273,5,1,3010,1127.8
311863,323159,323164,11296,5,1,3010,1130.1
311863,323154,323158,11291,4,1,3010,1129.5
312160,312166,315530,6,3364,2,7200,1.00178359096
312280,312286,315800,6,3514,2,7200,1.00170745589
312397,312405,315814,8,3409,2,7200,1.00234672925
312412,312418,316037,6,3619,2,7200,1.00165791655
312499,312505,316429,6,3924,2,7200,1.00152905199
312542,320680,320683,8138,3,8,345600,814.1
312761,312767,316128,6,3361,2,7200,1.00178518298
312854,312864,316169,10,3305,2,7200,1.00302571861
312874,350858,371537,37984,20679,1,28800,2.83683930558
312877,350863,371831,37986,20968,1,28800,2.81161770317
312957,312967,316568,10,3601,2,7200,1.00277700639
313002,313013,316735,11,3722,2,7200,1.00295540032
313261,313270,316757,9,3487,2,7200,1.0025810152
313520,313529,317330,9,3801,2,7200,1.00236779795
313569,319048,320439,5479,1391,2,50400,4.93889288282
313666,350868,354529,37202,3661,1,21600,11.1617044523
313861,350874,351851,37013,977,1,21600,38.8843398158
313866,350879,352403,37013,1524,1,21600,25.2867454068
314034,317430,352674,3396,35244,4,50400,1.09635682669
314432,320685,320912,6253,227,8,50400,28.5462555066
314459,314468,318057,9,3589,2,7200,1.0025076623
314742,314752,318240,10,3488,2,7200,1.00286697248
315092,352415,352426,37323,11,1,1800,3394.0
315233,315242,318830,9,3588,2,7200,1.0025083612
315235,315249,318750,14,3501,2,7200,1.00399885747
315281,323172,323177,7891,5,1,3010,789.6
315281,323166,323170,7885,4,1,3010,788.9
315282,323193,323198,7911,5,1,3010,791.6
315282,323180,323184,7898,4,1,3010,790.2
315282,323187,323191,7905,4,1,3010,790.9
315283,323201,323205,7918,4,1,3010,792.2
315283,323208,323213,7925,5,1,3010,793.0
315283,323215,323219,7932,4,1,3010,793.6
315533,315542,318809,9,3267,2,7200,1.00275482094
315550,350836,397429,35286,46593,1,90000,1.75732406155
315725,350841,398502,35116,47661,1,86400,1.73678689075
315804,315812,319491,8,3679,2,7200,1.00217450394
315819,315830,318795,11,2965,2,7200,1.00370994941
316040,316048,319618,8,3570,2,7200,1.00224089636
316130,316140,319493,10,3353,2,7200,1.00298240382
316172,316181,319433,9,3252,2,7200,1.00276752768
316261,352437,354246,36176,1809,1,1800,20.9977888336
316261,353108,354915,36847,1807,1,1800,21.3912562258
316261,353097,354903,36836,1806,1,1800,21.3964562569
316261,353102,354912,36841,1810,1,1800,21.3541436464
316396,610786,668146,294390,57360,16,259200,6.13232217573
316431,316440,319678,9,3238,2,7200,1.00277949351
316569,316580,320092,11,3512,2,7200,1.00313211845
316738,316748,320239,10,3491,2,7200,1.00286450874
316756,316769,320503,13,3734,2,7200,1.00348152116
317074,323247,323248,6173,1,1,3010,617.4
317074,323241,323242,6167,1,1,3010,616.8
317263,323289,323290,6026,1,1,3010,602.7
317263,323306,323307,6043,1,1,3010,604.4
317331,317342,320894,11,3552,2,7200,1.00309684685
317954,323324,323325,5370,1,1,3010,537.1
317955,323336,323337,5381,1,1,3010,538.2
317956,323353,323354,5397,1,1,3010,539.8
317957,323371,323372,5414,1,1,3010,541.5
317958,323383,323384,5425,1,1,3010,542.6
317958,323395,323396,5437,1,1,3010,543.8
317958,323388,323389,5430,1,1,3010,543.1
317959,323400,323401,5441,1,1,3010,544.2
317960,323418,323419,5458,1,1,3010,545.9
317960,323430,323431,5470,1,1,3010,547.1
317961,323435,323436,5474,1,1,3010,547.5
317961,323442,323443,5481,1,1,3010,548.2
317961,323447,323448,5486,1,1,3010,548.7
317962,323460,323461,5498,1,1,3010,549.9
317962,323453,323454,5491,1,1,3010,549.2
318059,318070,321026,11,2956,2,7200,1.00372124493
318240,318252,322027,12,3775,2,7200,1.00317880795
318694,334224,362377,15530,28153,4,72000,1.55162860086
318696,350885,351644,32189,759,1,3590,43.4097496706
318730,334229,353085,15499,18856,4,72000,1.82196648282
318752,318762,322713,10,3951,2,7200,1.00253100481
318797,318807,322379,10,3572,2,7200,1.00279955207
318812,318822,322143,10,3321,2,7200,1.00301114122
318833,318842,322642,9,3800,2,7200,1.00236842105
319261,350890,351274,31629,384,1,3590,83.3671875
319435,319444,322991,9,3547,2,7200,1.00253735551
319492,319503,323129,11,3626,2,7200,1.00303364589
319507,319513,322917,6,3404,2,7200,1.0017626322
319621,319631,322896,10,3265,2,7200,1.00306278714
319681,319690,323244,9,3554,2,7200,1.00253235791
320094,320105,323775,11,3670,2,7200,1.0029972752
320243,320251,323856,8,3605,2,7200,1.00221914008
320466,320695,371112,229,50417,6,50400,1.00454211873
320505,320515,324338,10,3823,2,7200,1.0026157468
320831,350895,470885,30064,119990,1,172740,1.25055421285
320838,323466,408799,2628,85333,1,198000,1.0307969953
320846,323473,409047,2627,85574,1,198000,1.03069857667
320850,323478,408762,2628,85284,1,198000,1.03081468974
320877,328638,334078,7761,5440,8,5400,2.42665441176
320880,320924,666574,44,345650,8,345600,1.0001272964
320897,320906,324416,9,3510,2,7200,1.00256410256
320934,322876,373307,1942,50431,8,50400,1.03850806052
321004,351285,417867,30281,66582,1,161940,1.45479258658
321027,354193,383025,33166,28832,2,28800,2.1503190899
321030,321039,324852,9,3813,2,7200,1.00236034618
321537,351655,518866,30118,167211,1,259140,1.18011972897
321625,351863,455508,30238,103645,1,251940,1.29174586328
322030,322038,325720,8,3682,2,7200,1.00217273221
322150,322157,325857,7,3700,2,7200,1.00189189189
322384,322391,325865,7,3474,2,7200,1.00201496834
322645,322655,326332,10,3677,2,7200,1.00271960838
322715,322724,325744,9,3020,2,7200,1.00298013245
322901,322909,326788,8,3879,2,7200,1.00206238721
322918,322928,326435,10,3507,2,7200,1.00285143998
322998,323011,326560,13,3549,2,7200,1.00366300366
323055,324408,442074,1353,117666,1,576000,1.01149864872
323056,324416,688920,1360,364504,1,576000,1.0037310976
323056,324421,358952,1365,34531,1,576000,1.03952969795
323057,324433,621684,1376,297251,1,576000,1.00462908451
323057,324438,693368,1381,368930,1,576000,1.00374325753
323058,325737,696348,2679,370611,1,576000,1.00722860358
323058,326805,685258,3747,358453,1,576000,1.01045325329
323059,328644,639206,5585,310562,1,576000,1.01798352664
323059,328649,662025,5590,333376,1,576000,1.01676785371
323060,332058,539112,8998,207054,1,576000,1.04345726236
323061,334179,680764,11118,346585,1,576000,1.03207871085
323062,342044,416439,18982,74395,1,576000,1.25515155588
323062,342050,729259,18988,387209,1,576000,1.04903811637
323063,345335,688948,22272,343613,1,576000,1.06481710529
323063,342855,354180,19792,11325,1,576000,2.74763796909
323064,348977,683237,25913,334260,1,576000,1.07752348471
323065,348982,490500,25917,141518,1,576000,1.18313571418
323066,348987,590311,25921,241324,1,576000,1.1074116126
323066,348998,587840,25932,238842,1,576000,1.10857386892
323067,350825,480296,27758,129471,1,576000,1.2143955017
323131,323142,326985,11,3843,2,7200,1.00286234712
323205,334199,345010,10994,10811,20,10799,2.01692720377
323248,323260,327128,12,3868,2,7200,1.00310237849
323660,329572,348964,5912,19392,4,43200,1.3048679868
323778,323784,327752,6,3968,2,7200,1.00151209677
323859,323865,327157,6,3292,2,7200,1.00182260024
324341,324347,327994,6,3647,2,7200,1.00164518783
324419,324427,327971,8,3544,2,7200,1.00225733634
324852,324859,328228,7,3369,2,7200,1.00207776788
325722,325729,329449,7,3720,2,7200,1.00188172043
325746,325753,329402,7,3649,2,7200,1.00191833379
325858,325864,329709,6,3845,2,7200,1.00156046814
325873,325879,329356,6,3477,2,7200,1.00172562554
326333,326340,329655,7,3315,2,7200,1.00211161388
326438,326446,329968,8,3522,2,7200,1.00227143668
326562,326569,330233,7,3664,2,7200,1.00191048035
326790,326797,330395,7,3598,2,7200,1.00194552529
326986,326996,330262,10,3266,2,7200,1.00306184936
327130,327141,330830,11,3689,2,7200,1.0029818379
327157,327169,330957,12,3788,2,7200,1.00316789863
327754,327764,331174,10,3410,2,7200,1.00293255132
327855,334163,334212,6308,49,8,86400,129.734693878
327974,327983,331471,9,3488,2,7200,1.00258027523
327995,328006,331897,11,3891,2,7200,1.00282703675
328229,328240,332122,11,3882,2,7200,1.00283359093
329359,329367,332948,8,3581,2,7200,1.00223401285
329404,329414,333083,10,3669,2,7200,1.00272553829
329452,329461,333213,9,3752,2,7200,1.00239872068
329656,329667,333402,11,3735,2,7200,1.00294511379
329710,329721,333518,11,3797,2,7200,1.00289702397
329969,329980,333472,11,3492,2,7200,1.00315005727
330234,330245,333363,11,3118,2,7200,1.0035279025
330264,330274,334180,10,3906,2,7200,1.00256016385
330397,330408,334156,11,3748,2,7200,1.00293489861
330833,330841,334298,8,3457,2,7200,1.00231414521
330960,330970,334448,10,3478,2,7200,1.00287521564
331176,331186,334626,10,3440,2,7200,1.00290697674
331475,331484,335082,9,3598,2,7200,1.00250138966
331899,331908,335589,9,3681,2,7200,1.00244498778
332125,332135,335851,10,3716,2,7200,1.00269106566
332950,332960,336632,10,3672,2,7200,1.00272331155
333085,333095,336786,10,3691,2,7200,1.00270929287
333215,333225,336950,10,3725,2,7200,1.00268456376
333365,333375,336916,10,3541,2,7200,1.002824061
333404,333415,337190,11,3775,2,7200,1.00291390728
333465,350847,456272,17382,105425,1,172800,1.16487550391
333473,333484,337598,11,4114,2,7200,1.00267379679
333519,333529,336868,10,3339,2,7200,1.00299490866
334157,334170,338090,13,3920,2,7200,1.00331632653
334181,334192,337657,11,3465,2,7200,1.00317460317
334301,334309,338268,8,3959,2,7200,1.0020207123
334452,334460,338038,8,3578,2,7200,1.00223588597
334626,334638,338501,12,3863,2,7200,1.00310639399
335081,335097,338889,16,3792,2,7200,1.00421940928
335593,335602,339491,9,3889,2,7200,1.00231421959
335855,335864,339595,9,3731,2,7200,1.00241222192
336634,336645,340102,11,3457,2,7200,1.00318194967
336788,336798,340231,10,3433,2,7200,1.00291290417
336869,336880,340509,11,3629,2,7200,1.00303113805
336917,336928,340312,11,3384,2,7200,1.00325059102
336953,336961,340498,8,3537,2,7200,1.00226180379
337191,337202,341074,11,3872,2,7200,1.00284090909
337600,337610,341391,10,3781,2,7200,1.00264480296
337657,337668,341089,11,3421,2,7200,1.00321543408
338039,338050,341925,11,3875,2,7200,1.00283870968
338093,338103,341937,10,3834,2,7200,1.00260824204
338268,338279,341803,11,3524,2,7200,1.00312145289
338503,338513,341989,10,3476,2,7200,1.00287686997
338892,338901,342577,9,3676,2,7200,1.00244831338
339494,339502,343460,8,3958,2,7200,1.00202122284
339596,339607,343174,11,3567,2,7200,1.00308382394
340105,340114,344037,9,3923,2,7200,1.00229416263
340232,340243,344014,11,3771,2,7200,1.00291699814
340313,340324,344166,11,3842,2,7200,1.00286309214
340499,340510,343863,11,3353,2,7200,1.0032806442
340514,340521,343867,7,3346,2,7200,1.00209205021
341074,341085,344561,11,3476,2,7200,1.00316455696
341092,341100,345044,8,3944,2,7200,1.00202839757
341393,341402,345213,9,3811,2,7200,1.00236158489
341481,350820,367465,9339,16645,6,43200,1.56106939021
341805,341814,345559,9,3745,2,7200,1.00240320427
341926,341937,345556,11,3619,2,7200,1.00303951368
341940,341949,345239,9,3290,2,7200,1.00273556231
341991,342000,345803,9,3803,2,7200,1.00236655272
342579,342589,346205,10,3616,2,7200,1.00276548673
343140,350852,366716,7712,15864,1,64800,1.48613212305
343175,343185,347090,10,3905,2,7200,1.00256081946
343461,343472,347387,11,3915,2,7200,1.00280970626
343864,343875,347662,11,3787,2,7200,1.00290467388
343879,343886,347496,7,3610,2,7200,1.00193905817
344015,344026,347596,11,3570,2,7200,1.00308123249
344039,344048,347660,9,3612,2,7200,1.00249169435
344168,344178,347992,10,3814,2,7200,1.00262191924
344562,344573,347925,11,3352,2,7200,1.00328162291
345047,345057,348651,10,3594,2,7200,1.00278241514
345215,345224,349462,9,4238,2,7200,1.00212364323
345242,345252,348572,10,3320,2,7200,1.00301204819
345559,345567,348924,8,3357,2,7200,1.00238308013
345560,345574,349307,14,3733,2,7200,1.00375033485
345804,345814,349557,10,3743,2,7200,1.00267165375
346207,346216,349777,9,3561,2,7200,1.00252737995
347092,347102,350829,10,3727,2,7200,1.00268312316
347391,347399,351348,8,3949,2,7200,1.00202582932
347499,347508,351226,9,3718,2,7200,1.00242065627
347598,347608,351200,10,3592,2,7200,1.00278396437
347661,347671,351205,10,3534,2,7200,1.00282965478
347676,347683,351165,7,3482,2,7200,1.00201033889
347926,347937,351497,11,3560,2,7200,1.00308988764
347995,348004,352076,9,4072,2,7200,1.00221021611
348573,348583,352008,10,3425,2,7200,1.00291970803
348654,348663,352128,9,3465,2,7200,1.0025974026
348925,348936,352516,11,3580,2,7200,1.0030726257
349307,349318,352690,11,3372,2,7200,1.00326215896
349464,349474,353278,10,3804,2,7200,1.00262881178
349560,349568,353566,8,3998,2,7200,1.0020010005
349780,349789,353580,9,3791,2,7200,1.00237404379
350830,350902,354967,72,4065,2,7200,1.01771217712
351167,351176,354790,9,3614,2,7200,1.00249031544
351204,351211,355155,7,3944,2,7200,1.00177484787
351218,351225,354413,7,3188,2,7200,1.002195734
351233,351239,355099,6,3860,2,7200,1.00155440415
351311,362100,469197,10789,107097,8,345600,1.10074045025
351350,351360,354891,10,3531,2,7200,1.00283205891
351498,351509,355208,11,3699,2,7200,1.0029737767
351525,352686,395931,1161,43245,4,43200,1.02684703434
352010,352019,355161,9,3142,2,7200,1.00286441757
352079,352088,355868,9,3780,2,7200,1.00238095238
352130,352140,355447,10,3307,2,7200,1.00302388872
352518,352529,356044,11,3515,2,7200,1.00312944523
352693,352702,356634,9,3932,2,7200,1.0022889115
353280,353287,356718,7,3431,2,7200,1.00204022151
353562,353569,357233,7,3664,2,7200,1.00191048035
353583,353589,357418,6,3829,2,7200,1.00156698877
354242,354258,354264,16,6,1,3600,2.2
354378,354386,354496,8,110,1,3600,1.07272727273
354415,354421,357930,6,3509,2,7200,1.00170988886
354627,354634,354892,7,258,1,3600,1.02713178295
354791,354799,358453,8,3654,2,7200,1.0021893815
354894,354902,358946,8,4044,2,7200,1.00197823937
354969,354976,358673,7,3697,2,7200,1.0018934271
355101,355108,359117,7,4009,2,7200,1.00174607134
355136,355142,355711,6,569,1,3600,1.01054481547
355155,355162,358993,7,3831,2,7200,1.00182719916
355170,355177,358335,7,3158,2,7200,1.00221659278
355209,355216,358568,7,3352,2,7200,1.00208830549
355450,355456,358885,6,3429,2,7200,1.00174978128
355869,355876,359492,7,3616,2,7200,1.00193584071
356044,356051,359413,7,3362,2,7200,1.00208209399
356245,356251,356257,6,6,1,3600,1.2
356373,356380,356457,7,77,1,3600,1.09090909091
356590,356597,356833,7,236,1,3600,1.02966101695
356637,356645,360563,8,3918,2,7200,1.00204185809
356719,356725,360670,6,3945,2,7200,1.00152091255
357132,357138,357605,6,467,1,3600,1.01284796574
357234,357241,361064,7,3823,2,7200,1.00183102276
357422,357428,361065,6,3637,2,7200,1.0016497113
357797,357803,357811,6,8,1,1800,1.4
357934,357940,361666,6,3726,2,7200,1.00161030596
357958,357965,358034,7,69,1,1800,1.10144927536
358148,358154,358263,6,109,1,3600,1.05504587156
358240,358247,358338,7,91,1,1800,1.07692307692
358338,358345,362262,7,3917,2,7200,1.00178708195
358395,358402,358705,7,303,1,3600,1.02310231023
358456,358463,362247,7,3784,2,7200,1.00184989429
358570,358576,362622,6,4046,2,7200,1.00148294612
358674,358680,362401,6,3721,2,7200,1.00161246977
358788,358795,359170,7,375,1,1800,1.01866666667
358888,358895,362387,7,3492,2,7200,1.0020045819
358941,358948,359525,7,577,1,3600,1.01213171577
358948,358954,362544,6,3590,2,7200,1.00167130919
358996,359003,362523,7,3520,2,7200,1.00198863636
359122,359129,362706,7,3577,2,7200,1.00195694716
359419,359425,363275,6,3850,2,7200,1.00155844156
359494,359500,363310,6,3810,2,7200,1.00157480315
359830,359836,359851,6,15,1,1800,1.4
360000,360007,360044,7,37,1,1800,1.18918918919
360317,360324,360397,7,73,1,1800,1.09589041096
360375,360382,360548,7,166,1,3600,1.0421686747
360565,360573,364031,8,3458,2,7200,1.002313476
360671,360678,364735,7,4057,2,7200,1.00172541287
360680,360687,360941,7,254,1,3600,1.02755905512
361066,361072,364953,6,3881,2,7200,1.0015459933
361068,361079,364458,11,3379,2,7200,1.00325540101
361089,361096,361344,7,248,1,1800,1.02822580645
361233,361239,361780,6,541,1,3600,1.01109057301
361665,361671,365240,6,3569,2,7200,1.00168114318
362249,362256,366360,7,4104,2,7200,1.00170565302
362264,362271,365707,7,3436,2,7200,1.00203725262
362390,362396,366178,6,3782,2,7200,1.00158646219
362405,362411,365930,6,3519,2,7200,1.00170502984
362525,362531,366361,6,3830,2,7200,1.00156657963
362546,362553,366055,7,3502,2,7200,1.0019988578
362624,362631,366224,7,3593,2,7200,1.00194823267
362708,362715,366191,7,3476,2,7200,1.00201380898
363278,363284,367062,6,3778,2,7200,1.00158814187
363311,363318,366804,7,3486,2,7200,1.00200803213
364035,364042,367923,7,3881,2,7200,1.00180365885
364459,364465,368016,6,3551,2,7200,1.00168966488
364737,364744,368579,7,3835,2,7200,1.00182529335
364957,364964,368723,7,3759,2,7200,1.00186219739
365243,365249,368769,6,3520,2,7200,1.00170454545
365710,365717,369391,7,3674,2,7200,1.00190528035
365845,365851,365924,6,73,1,1800,1.08219178082
365933,365940,369704,7,3764,2,7200,1.0018597237
366056,366064,369726,8,3662,2,7200,1.00218459858
366144,366151,366241,7,90,1,1800,1.07777777778
366180,366187,369592,7,3405,2,7200,1.00205580029
366195,366201,370102,6,3901,2,7200,1.00153806716
366225,366232,369404,7,3172,2,7200,1.00220680958
366361,366368,370090,7,3722,2,7200,1.0018807093
366375,366382,369809,7,3427,2,7200,1.00204260286
366703,366709,367073,6,364,1,1800,1.01648351648
366806,366814,370722,8,3908,2,7200,1.00204708291
367065,367072,370546,7,3474,2,7200,1.00201496834
367928,367934,371407,6,3473,2,7200,1.00172761301
367954,367961,411176,7,43215,6,43200,1.00016198079
368019,368026,371269,7,3243,2,7200,1.00215849522
368152,368159,368196,7,37,1,1800,1.18918918919
368422,368428,368498,6,70,1,1800,1.08571428571
368583,368589,372428,6,3839,2,7200,1.00156290701
368725,368731,372680,6,3949,2,7200,1.00151937199
368769,368776,372507,7,3731,2,7200,1.00187617261
369089,369096,369339,7,243,1,1800,1.02880658436
369394,369401,373239,7,3838,2,7200,1.0018238666
369409,369415,373273,6,3858,2,7200,1.00155520995
369593,369600,373356,7,3756,2,7200,1.00186368477
369707,369714,373084,7,3370,2,7200,1.00207715134
369728,369734,373550,6,3816,2,7200,1.00157232704
369812,369818,373373,6,3555,2,7200,1.00168776371
370092,370099,373443,7,3344,2,7200,1.00209330144
370107,370113,373915,6,3802,2,7200,1.00157811678
370548,370555,374245,7,3690,2,7200,1.00189701897
370691,370698,377480,7,6782,4,7200,1.00103214391
370696,370705,435736,9,65031,1,172800,1.00013839553
370726,370732,374308,6,3576,2,7200,1.00167785235
371269,371275,375364,6,4089,2,7200,1.00146735143
371410,371416,375093,6,3677,2,7200,1.00163176503
372431,372437,376134,6,3697,2,7200,1.00162293752
372509,372516,376342,7,3826,2,7200,1.00182958704
372684,372691,376220,7,3529,2,7200,1.00198356475
373084,373090,376473,6,3383,2,7200,1.00177357375
373241,373248,376692,7,3444,2,7200,1.00203252033
373277,373284,376838,7,3554,2,7200,1.00196961171
373358,373367,376692,9,3325,2,7200,1.00270676692
373376,373383,376950,7,3567,2,7200,1.00196243342
373445,373450,377106,5,3656,2,7200,1.00136761488
373553,373560,377199,7,3639,2,7200,1.00192360539
373917,373923,377478,6,3555,2,7200,1.00168776371
374248,374255,377775,7,3520,2,7200,1.00198863636
374312,374318,378221,6,3903,2,7200,1.00153727902
374366,374373,376867,7,2494,8,21600,1.00280673617
375095,375101,378697,6,3596,2,7200,1.00166852058
375365,375372,379317,7,3945,2,7200,1.00177439797
375802,376706,463123,904,86417,6,86400,1.01046090468
375836,377492,463907,1656,86415,10,86400,1.0191633397
376136,376143,379940,7,3797,2,7200,1.00184356071
376224,376231,379957,7,3726,2,7200,1.00187869028
376344,376351,379895,7,3544,2,7200,1.0019751693
376473,376480,379739,7,3259,2,7200,1.00214789813
376693,376699,380334,6,3635,2,7200,1.00165061898
376695,376711,380451,16,3740,2,7200,1.00427807487
376839,376845,380364,6,3519,2,7200,1.00170502984
376954,376961,380683,7,3722,2,7200,1.0018807093
377107,377114,381144,7,4030,2,7200,1.0017369727
377200,377208,381105,8,3897,2,7200,1.00205286118
377477,377485,381014,8,3529,2,7200,1.00226693114
377779,377785,381031,6,3246,2,7200,1.00184842884
378224,378232,381710,8,3478,2,7200,1.00230017251
378699,378706,382286,7,3580,2,7200,1.00195530726
379321,379327,383135,6,3808,2,7200,1.00157563025
379742,379749,383733,7,3984,2,7200,1.00175702811
379896,379902,383955,6,4053,2,7200,1.0014803849
379941,379947,383875,6,3928,2,7200,1.00152749491
379959,379965,383856,6,3891,2,7200,1.00154202005
380123,380130,381664,7,1534,1,3010,1.00456323338
380245,380251,381800,6,1549,1,3010,1.00387346675
380335,380342,383940,7,3598,2,7200,1.00194552529
380365,380372,384120,7,3748,2,7200,1.00186766275
380422,655588,660674,275166,5086,20,10799,55.1026346834
380423,380429,381971,6,1542,1,3010,1.00389105058
380423,380435,380442,12,7,1,3010,1.9
380424,380467,380471,43,4,1,3010,4.7
380424,380455,380460,31,5,1,3010,3.6
380424,380441,380450,17,9,1,3010,2.6
380425,380474,380477,49,3,1,3010,5.2
380452,380461,384151,9,3690,2,7200,1.00243902439
380548,660686,671502,280138,10816,20,10799,26.9003328402
380657,668159,678986,287502,10827,20,10799,27.5541701302
380684,380691,383913,7,3222,2,7200,1.00217256363
380717,382126,414852,1409,32726,8,144000,1.04305445212
381015,381022,384722,7,3700,2,7200,1.00189189189
381033,381039,384275,6,3236,2,7200,1.00185414091
381108,381115,385087,7,3972,2,7200,1.00176233635
381147,381153,385004,6,3851,2,7200,1.00155803687
381191,381677,437624,486,55947,4,72000,1.00868679286
381679,438179,500090,56500,61911,4,72000,1.91260034566
381710,381716,385071,6,3355,2,7200,1.00178837556
381792,463778,550219,81986,86441,8,86400,1.94846195671
381818,381825,383362,7,1537,1,3010,1.00455432661
381828,381835,383353,7,1518,1,3010,1.0046113307
381925,381931,381943,6,12,1,3010,1.5
382108,382114,383648,6,1534,1,3010,1.00391134289
382289,382300,385653,11,3353,2,7200,1.0032806442
382926,382943,384245,17,1302,1,21600,1.01305683564
382926,382937,388566,11,5629,1,21600,1.00195416593
382926,382932,384532,6,1600,1,21600,1.00375
382927,383149,389502,222,6353,1,21600,1.03494412089
382927,383042,388865,115,5823,1,21600,1.01974927014
382927,383154,389713,227,6559,1,21600,1.03460893429
382928,383374,389825,446,6451,1,21600,1.06913656797
382928,383365,383367,437,2,1,21600,43.9
382935,383660,383662,725,2,1,21600,72.7
382936,383689,383690,753,1,1,21600,75.4
382938,383749,383751,811,2,1,21600,81.3
382938,383754,383755,816,1,1,21600,81.7
382938,383762,383763,824,1,1,21600,82.5
382939,383777,385620,838,1843,1,21600,1.45469343462
382939,383784,385187,845,1403,1,21600,1.6022808268
382939,383872,385295,933,1423,1,21600,1.65565706254
382940,383897,384941,957,1044,1,21600,1.91666666667
382940,383877,384770,937,893,1,21600,2.04927211646
382940,383892,385420,952,1528,1,21600,1.62303664921
382941,383929,383930,988,1,1,21600,98.9
382942,383961,383962,1019,1,1,21600,102.0
382942,383966,383967,1024,1,1,21600,102.5
382945,384122,384123,1177,1,1,21600,117.8
382946,383036,406064,90,23028,1,518400,1.00390828557
382946,384137,384138,1191,1,1,21600,119.2
382946,384142,384145,1196,3,1,21600,119.9
382948,384194,391251,1246,7057,1,21600,1.17656227859
382949,384739,384740,1790,1,1,21600,179.1
382949,384567,386072,1618,1505,1,21600,2.07508305648
382949,384298,385788,1349,1490,1,21600,1.90536912752
382950,384744,384746,1794,2,1,21600,179.6
382951,384790,400118,1839,15328,1,21600,1.11997651357
382952,384802,384803,1850,1,1,21600,185.1
382952,384808,384809,1856,1,1,21600,185.7
382953,384837,404511,1884,19674,1,21600,1.09576090271
382954,384868,389240,1914,4372,1,21600,1.43778591034
382955,385025,391495,2070,6470,1,21600,1.3199381762
382955,385020,390811,2065,5791,1,21600,1.35658780867
382955,384953,389496,1998,4543,1,21600,1.43979749064
382956,385199,393362,2243,8163,1,21600,1.27477643023
382956,385108,394064,2152,8956,1,21600,1.24028584189
382958,385285,388635,2327,3350,1,21600,1.69462686567
382959,385304,391134,2345,5830,1,21600,1.40222984563
382959,385800,390894,2841,5094,1,21600,1.55771495878
382959,385311,389413,2352,4102,1,21600,1.57337883959
382959,385708,404508,2749,18800,1,21600,1.14622340426
382960,386084,394405,3124,8321,1,21600,1.37543564475
382960,386994,386995,4034,1,1,21600,403.5
382960,385944,392583,2984,6639,1,21600,1.44946528092
382961,387020,389821,4059,2801,1,21600,2.44912531239
382961,387187,387188,4226,1,1,21600,422.7
382962,388678,396128,5716,7450,1,21600,1.76724832215
382963,389252,396599,6289,7347,1,21600,1.85599564448
382963,389426,395645,6463,6219,1,21600,2.03923460363
382963,388877,393198,5914,4321,1,21600,2.36866466096
382963,388744,394185,5781,5441,1,21600,2.06248851314
382964,389508,394125,6544,4617,1,21600,2.41737058696
382965,389724,389725,6759,1,1,21600,676.0
382965,389551,400325,6586,10774,1,21600,1.6112864303
382967,389786,391834,6819,2048,1,21600,4.32958984375
382967,389840,391001,6873,1161,1,21600,6.91989664083
382968,390973,394577,8005,3604,1,21600,3.22114317425
382968,390141,394469,7173,4328,1,21600,2.65734750462
382968,390127,390129,7159,2,1,21600,716.1
382968,389847,391562,6879,1715,1,21600,5.0110787172
382969,390824,394080,7855,3256,1,21600,3.41246928747
382969,391172,392584,8203,1412,1,21600,6.80949008499
382969,391014,392725,8045,1711,1,21600,5.70192869667
382970,390918,390919,7948,1,1,21600,794.9
382971,390948,390949,7977,1,1,21600,797.8
382974,391338,391343,8364,5,1,21600,836.9
382975,391404,397577,8429,6173,1,21600,2.36546249798
382975,391506,399139,8531,7633,1,21600,2.11764705882
382976,391574,407011,8598,15437,1,21600,1.55697350521
382976,392677,396104,9701,3427,1,21600,3.83075576306
382977,392749,399426,9772,6677,1,21600,2.46353152613
382977,393210,400253,10233,7043,1,21600,2.45293198921
382977,394143,396500,11166,2357,1,21600,5.73737802291
382979,394162,402450,11183,8288,1,21600,2.34930019305
382980,394198,395770,11218,1572,1,21600,8.13613231552
382980,394483,395850,11503,1367,1,21600,9.41477688369
382980,394613,398184,11633,3571,1,21600,4.25763091571
382980,395630,395632,12650,2,1,21600,1265.2
382981,395657,400571,12676,4914,1,21600,3.57956857957
382981,395644,397491,12663,1847,1,21600,7.85598267461
382981,396117,397677,13136,1560,1,21600,9.42051282051
382982,396513,401010,13531,4497,1,21600,4.00889481877
382982,396140,397807,13158,1667,1,21600,8.89322135573
382983,397102,398560,14119,1458,1,21600,10.6838134431
382983,397136,398596,14153,1460,1,21600,10.6938356164
382983,396624,398720,13641,2096,1,21600,7.50811068702
382983,397689,399231,14706,1542,1,21600,10.5369649805
382984,397820,403718,14836,5898,1,21600,3.51542895897
382984,399256,406791,16272,7535,1,21600,3.1595222296
382984,399439,408271,16455,8832,1,21600,2.86311141304
382985,398608,400758,15623,2150,1,21600,8.26651162791
382985,398542,403836,15557,5294,1,21600,3.93860974688
382985,398572,408293,15587,9721,1,21600,2.60343586051
382985,398196,400006,15211,1810,1,21600,9.40386740331
382986,398996,408391,16010,9395,1,21600,2.70409792443
382986,398732,408042,15746,9310,1,21600,2.69129967777
382993,400213,400214,17220,1,1,21600,1722.1
382996,400287,404537,17291,4250,1,21600,5.06847058824
382997,400293,403932,17296,3639,1,21600,5.75295410827
382997,400562,400563,17565,1,1,21600,1756.6
382997,400481,411520,17484,11039,1,21600,2.58383911586
382998,400336,407504,17338,7168,1,21600,3.41880580357
382998,400299,404699,17301,4400,1,21600,4.93204545455
382998,400443,400444,17445,1,1,21600,1744.6
383001,400618,411618,17617,11000,1,21600,2.60154545455
383001,400625,402267,17624,1642,1,21600,11.7332521315
383001,436141,449525,53140,13384,1,21600,4.97041243276
383001,400698,402622,17697,1924,1,21600,10.198024948
383002,436109,436116,53107,7,1,21600,5311.4
383002,400770,405714,17768,4944,1,21600,4.59385113269
383002,400776,407158,17774,6382,1,21600,3.78502036979
383003,436373,442143,53370,5770,1,21600,10.2495667244
383003,436864,436869,53861,5,1,21600,5386.6
383003,436223,440464,53220,4241,1,21600,13.5489271398
383004,436550,444387,53546,7837,1,21600,7.83246140105
383004,436904,439634,53900,2730,1,21600,20.7435897436
383004,436883,438838,53879,1955,1,21600,28.5595907928
383005,436995,438871,53990,1876,1,21600,29.7793176972
383005,436979,436983,53974,4,1,21600,5397.8
383005,437111,439700,54106,2589,1,21600,21.898416377
383006,437056,437061,54050,5,1,21600,5405.5
383006,437042,439614,54036,2572,1,21600,22.0093312597
383007,437352,439319,54345,1967,1,21600,28.6283680732
383007,437366,437371,54359,5,1,21600,5436.4
383008,437383,437384,54375,1,1,21600,5437.6
383009,437456,441504,54447,4048,1,21600,14.4503458498
383011,437477,437997,54466,520,1,21600,105.742307692
383011,437540,441327,54529,3787,1,21600,15.3989965672
383011,437643,437647,54632,4,1,21600,5463.6
383014,437748,439409,54734,1661,1,21600,33.9524382902
383014,437779,437784,54765,5,1,21600,5477.0
383014,437795,438507,54781,712,1,21600,77.9396067416
383015,438882,439588,55867,706,1,21600,80.1317280453
383016,438968,439942,55952,974,1,21600,58.4455852156
383017,438851,442441,55834,3590,1,21600,16.5526462396
383017,438071,443608,55054,5537,1,21600,10.9429293841
383017,438519,439357,55502,838,1,21600,67.23150358
383019,439375,439376,56356,1,1,21600,5635.7
383021,439430,440652,56409,1222,1,21600,47.1612111293
383021,439437,445784,56416,6347,1,21600,9.88860879156
383022,439442,439443,56420,1,1,21600,5642.1
383023,439505,441056,56482,1551,1,21600,37.4165054803
383023,439492,439493,56469,1,1,21600,5647.0
383024,439614,443252,56590,3638,1,21600,16.5552501374
383025,439653,441570,56628,1917,1,21600,30.5399061033
383025,439660,446093,56635,6433,1,21600,9.80382403233
383026,439712,441139,56686,1427,1,21600,40.7238962859
383026,439808,439812,56782,4,1,21600,5678.6
383027,440497,440502,57470,5,1,21600,5747.5
383028,439966,445691,56938,5725,1,21600,10.9455021834
383028,439824,440929,56796,1105,1,21600,52.3990950226
383028,440186,440190,57158,4,1,21600,5716.2
383029,440227,442254,57198,2027,1,21600,29.2180562407
383030,440521,457063,57491,16542,1,21600,4.47545641398
383030,440377,454970,57347,14593,1,21600,4.92976084424
383031,440541,446015,57510,5474,1,21600,11.5060284984
383032,440690,454115,57658,13425,1,21600,5.29482309125
383033,441582,447305,58549,5723,1,21600,11.2304735279
383033,440953,462563,57920,21610,1,21600,3.68024062934
383034,442100,442101,59066,1,1,21600,5906.7
383034,442126,456463,59092,14337,1,21600,5.12164330055
383034,442086,442089,59052,3,1,21600,5905.5
383035,442155,446575,59120,4420,1,21600,14.3755656109
383035,442266,442267,59231,1,1,21600,5923.2
383039,442450,442452,59411,2,1,21600,5941.3
383040,443017,443018,59977,1,1,21600,5997.8
383041,443071,443072,60030,1,1,21600,6003.1
383041,442463,442958,59422,495,1,21600,121.044444444
383041,442455,442457,59414,2,1,21600,5941.6
383042,442475,444389,59433,1914,1,21600,32.0517241379
383042,442480,443097,59438,617,1,21600,97.3338735818
383042,442468,445169,59426,2701,1,21600,23.001480933
383043,442502,445711,59459,3209,1,21600,19.5288251792
383043,442970,447956,59927,4986,1,21600,13.0190533494
383043,443084,446624,60041,3540,1,21600,17.9607344633
383044,443109,444033,60065,924,1,21600,66.0054112554
383045,443300,445587,60255,2287,1,21600,27.3467424574
383045,396154,472530,13109,76376,4,86400,1.17163768723
383046,444807,445593,61761,786,1,21600,79.5763358779
383046,444795,445680,61749,885,1,21600,70.7728813559
383046,444459,466105,61413,21646,1,21600,3.83715236071
383047,444950,444954,61903,4,1,21600,6190.7
383047,444044,444795,60997,751,1,21600,82.2210386152
383047,444206,445240,61159,1034,1,21600,60.1479690522
383047,443632,444194,60585,562,1,21600,108.802491103
383048,444412,444413,61364,1,1,21600,6136.5
383056,445253,446498,62197,1245,1,21600,50.9574297189
383056,445195,446305,62139,1110,1,21600,56.9810810811
383056,445202,446234,62146,1032,1,21600,61.2189922481
383056,445729,445730,62673,1,1,21600,6267.4
383057,445600,446371,62543,771,1,21600,82.1193255512
383057,445399,446158,62342,759,1,21600,83.1370223979
383058,445619,446387,62561,768,1,21600,82.4596354167
383060,445741,445742,62681,1,1,21600,6268.2
383060,445747,445748,62687,1,1,21600,6268.8
383061,445759,447337,62698,1578,1,21600,40.7325728771
383061,445777,448573,62716,2796,1,21600,23.4306151645
383061,445765,447384,62704,1619,1,21600,39.7300802965
383062,446012,447940,62950,1928,1,21600,33.6504149378
383062,446246,447377,63184,1131,1,21600,56.8656056587
383062,445770,447204,62708,1434,1,21600,44.7294281729
383062,445796,447588,62734,1792,1,21600,36.0078125
383063,446170,451107,63107,4937,1,21600,13.7824589832
383063,446104,451608,63041,5504,1,21600,12.4536700581
383063,446027,447881,62964,1854,1,21600,34.9611650485
383064,446383,448550,63319,2167,1,21600,30.2196585141
383064,446317,451522,63253,5205,1,21600,13.1523535062
383064,446412,451266,63348,4854,1,21600,14.0506798517
383065,446405,450259,63340,3854,1,21600,17.4348728594
383065,446523,446524,63458,1,1,21600,6345.9
383067,446583,446584,63516,1,1,21600,6351.7
383067,446590,447279,63523,689,1,21600,93.1959361393
383067,446597,450159,63530,3562,1,21600,18.8354856822
383068,446636,447464,63568,828,1,21600,77.7729468599
383068,447229,447230,64161,1,1,21600,6416.2
383069,447266,454866,64197,7600,1,21600,9.44697368421
383070,447291,447292,64221,1,1,21600,6422.2
383070,447593,448684,64523,1091,1,21600,60.1411549038
383070,447600,448619,64530,1019,1,21600,64.3267909715
383071,447317,448552,64246,1235,1,21600,53.0210526316
383071,447349,448082,64278,733,1,21600,88.6916780355
383071,447303,450110,64232,2807,1,21600,23.8827930175
383072,447390,448265,64318,875,1,21600,74.5062857143
383072,447476,449016,64404,1540,1,21600,42.8207792208
383072,447766,447769,64694,3,1,21600,6469.7
383073,447781,451510,64708,3729,1,21600,18.3526414588
383074,448002,448003,64928,1,1,21600,6492.9
383074,447995,447996,64921,1,1,21600,6492.2
383075,447958,447959,64883,1,1,21600,6488.4
383076,447978,447979,64902,1,1,21600,6490.3
383077,448007,448008,64930,1,1,21600,6493.1
383077,448014,448015,64937,1,1,21600,6493.8
383077,447990,447991,64913,1,1,21600,6491.4
383078,448019,448020,64941,1,1,21600,6494.2
383079,448043,448044,64964,1,1,21600,6496.5
383079,448026,448027,64947,1,1,21600,6494.8
383079,448031,448032,64952,1,1,21600,6495.3
383080,448079,448080,64999,1,1,21600,6500.0
383081,448097,449925,65016,1828,1,21600,36.5667396061
383082,448114,450763,65032,2649,1,21600,25.5496413741
383083,448218,451431,65135,3213,1,21600,21.2723311547
383083,448127,451465,65044,3338,1,21600,20.4859197124
383083,448212,449062,65129,850,1,21600,77.6223529412
383083,448120,449184,65037,1064,1,21600,62.125
383084,448277,451358,65193,3081,1,21600,22.1596884129
383084,448569,451967,65485,3398,1,21600,20.2716303708
383084,448562,449682,65478,1120,1,21600,59.4625
383085,449196,454056,66111,4860,1,21600,14.6030864198
383085,449074,450403,65989,1329,1,21600,50.6531226486
383085,449064,454263,65979,5199,1,21600,13.6907097519
383086,448695,448696,65609,1,1,21600,6561.0
383086,448585,450192,65499,1607,1,21600,41.7585563161
383086,449257,452538,66171,3281,1,21600,21.1679366047
383086,448635,453962,65549,5327,1,21600,13.3050497466
383087,448911,454045,65824,5134,1,21600,13.821192053
383087,448708,450309,65621,1601,1,21600,41.9875078076
383087,448882,455998,65795,7116,1,21600,10.2460652052
383088,448916,450247,65828,1331,1,21600,50.4575507137
383088,449027,449028,65939,1,1,21600,6594.0
383089,449413,449414,66324,1,1,21600,6632.5
383092,449537,452681,66445,3144,1,21600,22.1339058524
383092,449473,452955,66381,3482,1,21600,20.0640436531
383093,449694,450356,66601,662,1,21600,101.605740181
383093,450122,450755,67029,633,1,21600,106.890995261
383093,449938,453715,66845,3777,1,21600,18.6979083929
383094,450259,450968,67165,709,1,21600,95.7320169252
383094,450203,451001,67109,798,1,21600,85.0964912281
383094,450183,450837,67089,654,1,21600,103.582568807
383095,450321,452616,67226,2295,1,21600,30.2923747277
383095,450271,450968,67176,697,1,21600,97.3787661406
383095,450368,452411,67273,2043,1,21600,33.928536466
383096,450415,451370,67319,955,1,21600,71.4910994764
383096,450886,451995,67790,1109,1,21600,62.127141569
383096,450766,453883,67670,3117,1,21600,22.7099775425
383097,451033,451959,67936,926,1,21600,74.3650107991
383097,451026,451888,67929,862,1,21600,79.8039443155
383097,450980,451811,67883,831,1,21600,82.6883273165
383098,450985,450986,67887,1,1,21600,6788.8
383098,451118,452214,68020,1096,1,21600,63.0620437956
383099,451235,451236,68136,1,1,21600,6813.7
383099,451018,451019,67919,1,1,21600,6792.0
383100,451256,451260,68156,4,1,21600,6816.0
383100,451262,451263,68162,1,1,21600,6816.3
383102,451300,451301,68198,1,1,21600,6819.9
383102,451329,451330,68227,1,1,21600,6822.8
383103,451317,451318,68214,1,1,21600,6821.5
383103,451312,451313,68209,1,1,21600,6821.0
383104,451341,451342,68237,1,1,21600,6823.8
383105,451359,451360,68254,1,1,21600,6825.5
383105,451376,451377,68271,1,1,21600,6827.2
383105,451371,451372,68266,1,1,21600,6826.7
383106,451395,451396,68289,1,1,21600,6829.0
383107,451419,451420,68312,1,1,21600,6831.3
383107,451431,451432,68324,1,1,21600,6832.5
383108,451470,453463,68362,1993,1,21600,35.3010536879
383108,451456,451457,68348,1,1,21600,6834.9
383109,451478,453105,68369,1627,1,21600,43.0215119852
383109,451496,454496,68387,3000,1,21600,23.7956666667
383109,451483,451484,68374,1,1,21600,6837.5
383110,451521,452922,68411,1401,1,21600,49.8301213419
383110,452025,452026,68915,1,1,21600,6891.6
383110,451534,453421,68424,1887,1,21600,37.2607313196
383111,452038,452039,68927,1,1,21600,6892.8
383113,451767,453125,68654,1358,1,21600,51.5552282769
383113,451620,452543,68507,923,1,21600,75.2221018418
383114,451971,453011,68857,1040,1,21600,67.2086538462
383114,451900,453356,68786,1456,1,21600,48.2431318681
383114,451835,453403,68721,1568,1,21600,44.8271683673
383116,452073,452074,68957,1,1,21600,6895.8
383116,452086,452087,68970,1,1,21600,6897.1
383122,452225,454956,69103,2731,1,21600,26.3031856463
383125,452311,453257,69186,946,1,21600,74.1353065539
383125,452424,456905,69299,4481,1,21600,16.4650747601
383125,452292,453238,69167,946,1,21600,74.1152219873
383126,452583,453503,69457,920,1,21600,76.4967391304
383126,452627,455152,69501,2525,1,21600,28.5251485149
383126,452550,455249,69424,2699,1,21600,26.7221193034
383128,452851,452855,69723,4,1,21600,6972.7
383128,452789,454814,69661,2025,1,21600,35.4004938272
383129,452728,452729,69599,1,1,21600,6960.0
383131,452902,452903,69771,1,1,21600,6977.2
383131,452914,454083,69783,1169,1,21600,60.6946107784
383132,453015,454210,69883,1195,1,21600,59.4794979079
383132,452967,456924,69835,3957,1,21600,18.6484710639
383132,453023,454600,69891,1577,1,21600,45.3189600507
383132,452933,454906,69801,1973,1,21600,36.3781044095
383133,453249,456509,70116,3260,1,21600,22.5079754601
383133,453137,456826,70004,3689,1,21600,19.976416373
383133,453116,454413,69983,1297,1,21600,54.9575944487
383134,453415,455130,70281,1715,1,21600,41.9801749271
383134,453367,457913,70233,4546,1,21600,16.4494060713
383134,453433,457949,70299,4516,1,21600,16.5666519043
383134,453269,463495,70135,10226,1,21600,7.85849794641
383135,383142,386774,7,3632,2,7200,1.00192731278
383135,453475,458840,70340,5365,1,21600,14.1109040075
383135,453527,457174,70392,3647,1,21600,20.3013435701
383136,453894,454994,70758,1100,1,21600,65.3254545455
383136,453577,456653,70441,3076,1,21600,23.9001950585
383136,453726,455609,70590,1883,1,21600,38.4880509825
383137,453974,459772,70837,5798,1,21600,13.2174887892
383137,454056,457528,70919,3472,1,21600,21.4259792627
383137,454012,455166,70875,1154,1,21600,62.4168110919
383140,454127,454949,70987,822,1,21600,87.3588807786
383141,454132,454855,70991,723,1,21600,99.1894882434
383141,454223,455710,71082,1487,1,21600,48.8022864829
383141,454138,455405,70997,1267,1,21600,57.0355169692
383142,454508,456241,71366,1733,1,21600,42.1806116561
383142,454275,456024,71133,1749,1,21600,41.6706689537
383142,454449,455678,71307,1229,1,21600,59.0203417413
383142,454356,455449,71214,1093,1,21600,66.1546203111
383143,454826,456078,71683,1252,1,21600,58.2547923323
383143,454612,455654,71469,1042,1,21600,69.5882917466
383144,454889,454890,71745,1,1,21600,7174.6
383145,454920,454921,71775,1,1,21600,7177.6
383146,454942,455761,71796,819,1,21600,88.663003663
383146,454949,455768,71803,819,1,21600,88.6715506716
383146,454961,459822,71815,4861,1,21600,15.7737091134
383147,454968,455871,71821,903,1,21600,80.5359911406
383147,454981,456051,71834,1070,1,21600,68.1345794393
383147,455005,456107,71858,1102,1,21600,66.2068965517
383148,455163,455164,72015,1,1,21600,7201.6
383148,455175,455176,72027,1,1,21600,7202.8
383148,455182,455183,72034,1,1,21600,7203.5
383148,455142,456340,71994,1198,1,21600,61.0951585977
383150,455210,455211,72060,1,1,21600,7206.1
383150,455224,455225,72074,1,1,21600,7207.5
383151,455232,455233,72081,1,1,21600,7208.2
383152,455272,455273,72120,1,1,21600,7212.1
383152,455259,455260,72107,1,1,21600,7210.8
383153,455290,455291,72137,1,1,21600,7213.8
383153,455278,455279,72125,1,1,21600,7212.6
383155,455302,459405,72147,4103,1,21600,18.5839629539
383155,455689,457294,72534,1605,1,21600,46.1925233645
383155,455545,457256,72390,1711,1,21600,43.308591467
383156,455325,455326,72169,1,1,21600,7217.0
383156,455307,461580,72151,6273,1,21600,12.5018332536
383157,455460,457245,72303,1785,1,21600,41.5058823529
383157,455338,457431,72181,2093,1,21600,35.4868609651
383157,455621,462836,72464,7215,1,21600,11.0435204435
383157,455468,457701,72311,2233,1,21600,33.3828929691
383158,455666,463440,72508,7774,1,21600,10.3269873939
383158,455733,463375,72575,7642,1,21600,10.4968594609
383158,455773,458344,72615,2571,1,21600,29.243873979
383159,455841,464869,72682,9028,1,21600,9.05073105893
383159,455883,458310,72724,2427,1,21600,30.964565307
383160,456023,456024,72863,1,1,21600,7286.4
383162,456054,456055,72892,1,1,21600,7289.3
383162,456035,456036,72873,1,1,21600,7287.4
383164,456093,457037,72929,944,1,21600,78.2552966102
383164,456080,459345,72916,3265,1,21600,23.332618683
383164,456074,456937,72910,863,1,21600,85.4843568946
383164,456086,457006,72922,920,1,21600,80.2630434783
383165,456253,459228,73088,2975,1,21600,25.567394958
383165,456288,457352,73123,1064,1,21600,69.7246240602
383165,456131,458097,72966,1966,1,21600,38.1139369278
383166,456352,459449,73186,3097,1,21600,24.6312560542
383166,456475,457566,73309,1091,1,21600,68.1943171402
383166,456521,457661,73355,1140,1,21600,65.3464912281
383166,456555,457640,73389,1085,1,21600,68.6396313364
383167,456917,458081,73750,1164,1,21600,64.3591065292
383167,456838,457988,73671,1150,1,21600,65.0617391304
383167,456664,461164,73497,4500,1,21600,17.3326666667
383168,456961,458387,73793,1426,1,21600,52.7482468443
383168,456935,462051,73767,5116,1,21600,15.418881939
383169,457075,458309,73906,1234,1,21600,60.8914100486
383169,457187,459313,74018,2126,1,21600,35.8156161806
383169,457049,458556,73880,1507,1,21600,50.0245520902
383169,457018,458293,73849,1275,1,21600,58.9207843137
383170,457257,457516,74087,259,1,21600,287.05019305
383432,427520,859531,44088,432011,6,432000,1.10205295698
383700,383710,385226,10,1516,1,3010,1.00659630607
383714,383730,385245,16,1515,1,3010,1.01056105611
383735,383741,387269,6,3528,2,7200,1.00170068027
383858,383865,387376,7,3511,2,7200,1.00199373398
383876,383885,387412,9,3527,2,7200,1.00255174369
383915,383922,387572,7,3650,2,7200,1.00191780822
383930,383973,396133,43,12160,4,36000,1.00353618421
383940,395943,396137,12003,194,4,36000,62.8711340206
383942,383949,387758,7,3809,2,7200,1.00183775269
383957,383979,387460,22,3481,2,7200,1.00632002298
384035,442445,874457,58410,432012,6,432000,1.13520457765
384106,448905,880943,64799,432038,6,432000,1.1499844921
384122,384130,387856,8,3726,2,7200,1.00214707461
384152,384162,387824,10,3662,2,7200,1.00273074823
384279,384291,388027,12,3736,2,7200,1.00321199143
384301,384544,384555,243,11,1,3010,23.0909090909
384430,441150,447568,56720,6418,1,108000,9.8376441259
384430,441068,449378,56638,8310,1,108000,7.81564380265
384431,441516,445742,57085,4226,1,108000,14.508045433
384431,441339,446388,56908,5049,1,108000,12.2711428006
384724,384732,388454,8,3722,2,7200,1.00214938205
384736,384751,384762,15,11,1,3010,2.36363636364
384737,392778,500813,8041,108035,16,108000,1.07442958301
385004,385013,388450,9,3437,2,7200,1.0026185627
385074,385080,388919,6,3839,2,7200,1.00156290701
385088,385095,388812,7,3717,2,7200,1.00188323917
385112,459555,891582,74443,432027,6,432000,1.17231098982
385222,461123,893163,75901,432040,6,432000,1.17568049255
385329,457443,464662,72114,7219,2,7200,10.9894722261
385373,385432,386981,59,1549,1,3010,1.03808908974
385394,385632,387175,238,1543,1,3010,1.15424497732
385405,385670,385679,265,9,1,3010,27.4
385422,385675,385683,253,8,1,3010,26.1
385436,385691,385696,255,5,1,3010,26.0
385464,385698,385932,234,234,1,3540,2.0
385656,385663,389585,7,3922,2,7200,1.00178480367
385852,387840,408813,1988,20973,2,43200,1.09478853764
386014,457672,460667,71658,2995,5,21600,24.9258764608
386394,388044,414234,1650,26190,2,43200,1.06300114548
386775,386783,390443,8,3660,2,7200,1.00218579235
387202,387212,388732,10,1520,1,3010,1.00657894737
387215,388578,390115,1363,1537,1,3010,1.88679245283
387229,388648,388654,1419,6,1,3010,142.5
387269,387276,390930,7,3654,2,7200,1.00191570881
387378,387385,391199,7,3814,2,7200,1.00183534347
387413,387420,391094,7,3674,2,7200,1.00190528035
387462,387469,391426,7,3957,2,7200,1.00176901693
387573,387580,391416,7,3836,2,7200,1.00182481752
387759,387765,391550,6,3785,2,7200,1.00158520476
387826,387832,391398,6,3566,2,7200,1.00168255749
387858,387866,391941,8,4075,2,7200,1.00196319018
388030,388037,391963,7,3926,2,7200,1.00178298523
388356,396147,540305,7791,144158,4,144120,1.05404486744
388452,388461,391942,9,3481,2,7200,1.00258546395
388467,388473,392283,6,3810,2,7200,1.00157480315
388546,675022,675025,286476,3,32,10800,28647.9
388572,675051,685872,286479,10821,32,10800,27.47435542
388593,685884,696717,297291,10833,32,10800,28.4430905566
388646,696729,696730,308083,1,32,10800,30808.4
388813,388825,392650,12,3825,2,7200,1.0031372549
388920,392595,392660,3675,65,2,144000,57.5384615385
388921,388931,392421,10,3490,2,7200,1.00286532951
389587,389597,393257,10,3660,2,7200,1.00273224044
390445,390455,393776,10,3321,2,7200,1.00301114122
390932,390943,394774,11,3831,2,7200,1.00287131297
391095,391106,394890,11,3784,2,7200,1.00290697674
391200,391211,394464,11,3253,2,7200,1.00338149401
391399,391411,395379,12,3968,2,7200,1.00302419355
391417,391428,395446,11,4018,2,7200,1.00273768044
391431,391438,395189,7,3751,2,7200,1.00186616902
391552,391562,395166,10,3604,2,7200,1.00277469478
391659,411188,497619,19529,86431,6,86400,1.22594902292
391677,391846,400431,169,8585,1,18000,1.01968549796
391780,392671,401089,891,8418,1,18000,1.10584461867
391945,391953,395710,8,3757,2,7200,1.00212935853
391946,391960,395866,14,3906,2,7200,1.00358422939
391964,391975,395348,11,3373,2,7200,1.00326119182
392284,392295,395975,11,3680,2,7200,1.00298913043
392422,392433,395916,11,3483,2,7200,1.00315819696
392652,392662,395994,10,3332,2,7200,1.00300120048
393143,458108,464947,64965,6839,5,14400,10.4991957889
393259,393269,396682,10,3413,2,7200,1.00292997363
393335,393375,394920,40,1545,1,3010,1.02588996764
393499,394076,395619,577,1543,1,3010,1.37394685677
393543,394092,394100,549,8,1,3010,55.7
393780,393788,397116,8,3328,2,7200,1.00240384615
394179,458853,465852,64674,6999,5,14400,10.2404629233
394317,394417,395546,100,1129,1,172800,1.08857395926
394466,394476,397917,10,3441,2,7200,1.00290613194
394617,394932,395550,315,618,1,172800,1.50970873786
394776,394787,398460,11,3673,2,7200,1.00299482712
394890,394902,398903,12,4001,2,7200,1.00299925019
395168,395178,399121,10,3943,2,7200,1.00253613999
395205,395211,399270,6,4059,2,7200,1.0014781966
395234,395559,397122,325,1563,1,3010,1.20793346129
395351,395360,399183,9,3823,2,7200,1.00235417212
395380,395391,398866,11,3475,2,7200,1.00316546763
395388,395566,397090,178,1524,1,3010,1.11679790026
395446,395458,399154,12,3696,2,7200,1.00324675325
395711,395722,399614,11,3892,2,7200,1.00282631038
395775,395783,451224,8,55441,1,172800,1.00014429754
395847,395863,443005,16,47142,1,172800,1.00033940011
395865,395878,399362,13,3484,2,7200,1.00373134328
395919,395929,399996,10,4067,2,7200,1.00245881485
395976,395987,399634,11,3647,2,7200,1.00301617768
395997,396006,399659,9,3653,2,7200,1.00246372844
396264,415207,438167,18943,22960,4,54000,1.82504355401
396277,437636,475609,41359,37973,4,54000,2.08916861981
396437,451389,492769,54952,41380,4,72000,2.32798453359
396468,475644,501766,79176,26122,4,72000,4.03100834546
396691,396701,400101,10,3400,2,7200,1.00294117647
397118,397129,401060,11,3931,2,7200,1.00279827016
397407,397445,398984,38,1539,1,3010,1.02469135802
397424,397589,399135,165,1546,1,3010,1.10672703752
397438,397504,399025,66,1521,1,3010,1.04339250493
397919,397929,401917,10,3988,2,7200,1.00250752257
398223,398518,398530,295,12,1,3010,25.5833333333
398461,398472,402147,11,3675,2,7200,1.00299319728
398868,398878,402157,10,3279,2,7200,1.00304971028
398904,398915,402406,11,3491,2,7200,1.00315095961
399012,399037,400551,25,1514,1,3010,1.01651254954
399041,399147,400666,106,1519,1,3010,1.06978275181
399123,399133,402494,10,3361,2,7200,1.00297530497
399139,399154,400686,15,1532,1,3010,1.00979112272
399156,399172,402874,16,3702,2,7200,1.00432198811
399183,399195,403208,12,4013,2,7200,1.00299028158
399265,399282,402993,17,3711,2,7200,1.00458097548
399364,399374,402861,10,3487,2,7200,1.00286779467
399617,399627,403458,10,3831,2,7200,1.00261028452
399635,399646,403316,11,3670,2,7200,1.0029972752
399662,399671,403262,9,3591,2,7200,1.00250626566
399827,414869,427487,15042,12618,8,12600,2.1921065145
399996,400008,403634,12,3626,2,7200,1.00330943188
400101,400113,403849,12,3736,2,7200,1.00321199143
400661,400678,400764,17,86,1,3540,1.1976744186
400789,402337,402339,1548,2,1,25200,155.0
400789,402376,402837,1587,461,1,25200,4.44251626898
400790,402475,402476,1685,1,1,25200,168.6
400790,402488,402489,1698,1,1,25200,169.9
400790,402501,402506,1711,5,1,25200,171.6
400790,402462,402463,1672,1,1,25200,167.3
400791,402518,402519,1727,1,1,25200,172.8
400791,402555,402634,1764,79,1,25200,23.3291139241
400792,402634,402635,1842,1,1,25200,184.3
400792,402647,402648,1855,1,1,25200,185.6
400792,402652,402653,1860,1,1,25200,186.1
400792,402659,402676,1867,17,1,25200,110.823529412
400792,402572,402860,1780,288,1,25200,7.18055555556
400793,402688,402692,1895,4,1,25200,189.9
400793,402666,402757,1873,91,1,25200,21.5824175824
400793,402671,402794,1878,123,1,25200,16.2682926829
400794,402745,402747,1951,2,1,25200,195.3
400794,402770,402772,1976,2,1,25200,197.8
400794,402716,402733,1922,17,1,25200,114.058823529
400795,402806,403400,2011,594,1,25200,4.38552188552
400795,402850,408179,2055,5329,1,25200,1.38562582098
400795,402777,402839,1982,62,1,25200,32.9677419355
400795,402784,403245,1989,461,1,25200,5.31453362256
400796,402857,402868,2061,11,1,25200,188.363636364
400796,402880,408508,2084,5628,1,25200,1.37029140014
400796,403746,404537,2950,791,1,25200,4.72945638432
400796,403848,403849,3052,1,1,25200,305.3
400797,404520,404522,3723,2,1,25200,372.5
400797,404527,404528,3730,1,1,25200,373.1
400797,403944,405351,3147,1407,1,25200,3.23667377399
400797,404534,410906,3737,6372,1,25200,1.58647206529
400798,404561,404562,3763,1,1,25200,376.4
400798,404549,404557,3751,8,1,25200,375.9
400798,404554,404556,3756,2,1,25200,375.8
400799,404595,404690,3796,95,1,25200,40.9578947368
400799,404588,404589,3789,1,1,25200,379.0
400799,404575,404577,3776,2,1,25200,377.8
400799,404581,415448,3782,10867,1,25200,1.34802613417
400800,404628,404630,3828,2,1,25200,383.0
400800,404642,404669,3842,27,1,25200,143.296296296
400800,404681,404713,3881,32,1,25200,122.28125
400800,404607,404615,3807,8,1,25200,381.5
400801,404732,405268,3931,536,1,25200,8.33395522388
400801,404711,405081,3910,370,1,25200,11.5675675676
400801,404725,404727,3924,2,1,25200,392.6
400801,404702,404706,3901,4,1,25200,390.5
400801,404718,404719,3917,1,1,25200,391.8
400802,404809,404810,4007,1,1,25200,400.8
400802,404795,404831,3993,36,1,25200,111.916666667
400802,404739,404765,3937,26,1,25200,152.423076923
400802,404778,404783,3976,5,1,25200,398.1
400803,404843,404850,4040,7,1,25200,404.7
400803,404850,404851,4047,1,1,25200,404.8
400803,404836,404837,4033,1,1,25200,403.4
400804,405294,405300,4490,6,1,25200,449.6
400804,405280,405282,4476,2,1,25200,447.8
400804,404869,404881,4065,12,1,25200,339.75
400804,404893,419068,4089,14175,1,25200,1.28846560847
400804,404970,406378,4166,1408,1,25200,3.95880681818
400805,405312,405329,4507,17,1,25200,266.117647059
400805,405364,405408,4559,44,1,25200,104.613636364
400805,405355,406744,4550,1389,1,25200,4.27573794096
400805,405341,405343,4536,2,1,25200,453.8
400806,405451,405454,4645,3,1,25200,464.8
400806,405493,405970,4687,477,1,25200,10.8259958071
400806,405466,405467,4660,1,1,25200,466.1
400806,405420,405439,4614,19,1,25200,243.842105263
400806,405479,405481,4673,2,1,25200,467.5
400808,405778,405780,4970,2,1,25200,497.2
400808,405853,405854,5045,1,1,25200,504.6
400808,405806,405840,4998,34,1,25200,148.0
400809,405879,406799,5070,920,1,25200,6.51086956522
400809,405982,405984,5173,2,1,25200,517.5
400809,405866,405867,5057,1,1,25200,505.8
400809,406067,406069,5258,2,1,25200,526.0
400809,405996,406055,5187,59,1,25200,88.9152542373
400810,406143,406404,5333,261,1,25200,21.4329501916
400810,406084,406159,5274,75,1,25200,71.32
400810,406105,406131,5295,26,1,25200,204.653846154
400810,406091,406092,5281,1,1,25200,528.2
400811,406423,406426,5612,3,1,25200,561.5
400811,406172,408655,5361,2483,1,25200,3.15908175594
400811,406391,406406,5580,15,1,25200,373.0
400811,406416,406434,5605,18,1,25200,312.388888889
400812,406466,408043,5654,1577,1,25200,4.58528852251
400812,406451,406453,5639,2,1,25200,564.1
400812,406439,406440,5627,1,1,25200,562.8
400813,406499,407602,5686,1103,1,25200,6.15503173164
400814,406667,407792,5853,1125,1,25200,6.20266666667
400814,406811,406813,5997,2,1,25200,599.9
400814,406831,406871,6017,40,1,25200,151.425
400814,406803,406804,5989,1,1,25200,599.0
400814,406818,407454,6004,636,1,25200,10.4402515723
400815,406715,406822,5900,107,1,25200,56.1401869159
400815,406756,406758,5941,2,1,25200,594.3
400816,406947,406997,6131,50,1,25200,123.62
400816,406933,406935,6117,2,1,25200,611.9
400816,406902,406921,6086,19,1,25200,321.315789474
400816,406884,406886,6068,2,1,25200,607.0
400816,406795,406960,5979,165,1,25200,37.2363636364
400817,406972,406993,6155,21,1,25200,294.095238095
400817,407005,407006,6188,1,1,25200,618.9
400817,407026,407034,6209,8,1,25200,621.7
400817,407019,407034,6202,15,1,25200,414.466666667
400818,407171,410554,6353,3383,1,25200,2.8779190068
400818,407053,407055,6235,2,1,25200,623.7
400818,407067,408381,6249,1314,1,25200,5.75570776256
400818,407628,407631,6810,3,1,25200,681.3
400818,407643,407666,6825,23,1,25200,297.739130435
400819,407493,408726,6674,1233,1,25200,6.41281427413
400819,407466,407468,6647,2,1,25200,664.9
400819,407480,407481,6661,1,1,25200,666.2
400819,407650,407684,6831,34,1,25200,201.911764706
400820,407679,407680,6859,1,1,25200,686.0
400820,407693,407733,6873,40,1,25200,172.825
400820,407614,407616,6794,2,1,25200,679.6
400820,407516,407517,6696,1,1,25200,669.7
400820,407529,407634,6709,105,1,25200,64.8952380952
400821,407700,407702,6879,2,1,25200,688.1
400821,407714,407715,6893,1,1,25200,689.4
400821,407745,407746,6924,1,1,25200,692.5
400821,407728,408215,6907,487,1,25200,15.18275154
400822,407977,407979,7155,2,1,25200,715.7
400822,407804,409839,6982,2035,1,25200,4.43095823096
400822,407759,407964,6937,205,1,25200,34.8390243902
400823,408043,433279,7220,25236,1,25200,1.28609922333
400823,408061,408063,7238,2,1,25200,724.0
400823,408004,408721,7181,717,1,25200,11.0153417015
400824,408089,408090,7265,1,1,25200,726.6
400824,408102,408104,7278,2,1,25200,728.0
400824,408082,408090,7258,8,1,25200,726.6
400825,408116,409788,7291,1672,1,25200,5.36064593301
400825,408140,408217,7315,77,1,25200,96.0
400825,408191,408820,7366,629,1,25200,12.7106518283
400825,408107,408128,7282,21,1,25200,347.761904762
400826,408291,433506,7465,25215,1,25200,1.29605393615
400826,408305,408306,7479,1,1,25200,748.0
400826,408318,408319,7492,1,1,25200,749.3
400826,408227,408232,7401,5,1,25200,740.6
400826,408284,408584,7458,300,1,25200,25.86
400827,408234,430033,7407,21799,1,25200,1.33978622873
400827,408277,408279,7450,2,1,25200,745.2
400827,408257,408264,7430,7,1,25200,743.7
400828,408331,408332,7503,1,1,25200,750.4
400828,408344,408512,7516,168,1,25200,45.7380952381
400828,408400,408402,7572,2,1,25200,757.4
400828,408393,408395,7565,2,1,25200,756.7
400829,408445,408880,7616,435,1,25200,18.508045977
400829,408412,408413,7583,1,1,25200,758.4
400829,408407,408415,7578,8,1,25200,758.6
400829,408432,408433,7603,1,1,25200,760.4
400829,408522,408524,7693,2,1,25200,769.5
400830,408529,408672,7699,143,1,25200,54.8391608392
400830,408427,415547,7597,7120,1,25200,2.06699438202
400830,408420,408929,7590,509,1,25200,15.9115913556
400830,408536,408613,7706,77,1,25200,101.077922078
400831,408625,408627,7794,2,1,25200,779.6
400831,408597,409166,7766,569,1,25200,14.6485061511
400831,408609,433841,7778,25232,1,25200,1.3082593532
400831,408580,408759,7749,179,1,25200,44.2905027933
400832,408639,409887,7807,1248,1,25200,7.25560897436
400832,408688,408699,7856,11,1,25200,715.181818182
400832,408681,412479,7849,3798,1,25200,3.06661400737
400832,408667,408669,7835,2,1,25200,783.7
400833,408733,408766,7900,33,1,25200,240.393939394
400833,408712,408713,7879,1,1,25200,788.0
400833,408740,408741,7907,1,1,25200,790.8
400834,408745,408749,7911,4,1,25200,791.5
400834,408761,408893,7927,132,1,25200,61.053030303
400835,408780,408782,7945,2,1,25200,794.7
400835,408793,415608,7958,6815,1,25200,2.16771826853
400835,408788,408912,7953,124,1,25200,65.1370967742
400835,408775,408776,7940,1,1,25200,794.1
400836,408825,410085,7989,1260,1,25200,7.34047619048
400836,408799,410382,7963,1583,1,25200,6.03032217309
400836,408806,408849,7970,43,1,25200,186.348837209
400836,408813,408816,7977,3,1,25200,798.0
400837,408844,419270,8007,10426,1,25200,1.76798388644
400837,408838,408867,8001,29,1,25200,276.896551724
400837,408851,408854,8014,3,1,25200,801.7
400837,408831,408832,7994,1,1,25200,799.5
400838,408882,408884,8044,2,1,25200,804.6
400838,408941,408942,8103,1,1,25200,810.4
400838,408861,408863,8023,2,1,25200,802.5
400838,408868,410323,8030,1455,1,25200,6.51890034364
400838,408875,408892,8037,17,1,25200,473.764705882
400839,408892,409077,8053,185,1,25200,44.5297297297
400839,408899,408902,8060,3,1,25200,806.3
400839,408908,424279,8069,15371,1,25200,1.52494958038
400839,408913,414065,8074,5152,1,25200,2.56715838509
400840,408948,408949,8108,1,1,25200,810.9
400840,408920,408921,8080,1,1,25200,808.1
400840,408982,409084,8142,102,1,25200,80.8235294118
400840,408927,409258,8087,331,1,25200,25.4320241692
400841,409007,409009,8166,2,1,25200,816.8
400841,408962,408995,8121,33,1,25200,247.090909091
400841,408969,408970,8128,1,1,25200,812.9
400842,409022,409062,8180,40,1,25200,205.5
400842,409096,409097,8254,1,1,25200,825.5
400842,409110,409111,8268,1,1,25200,826.9
400842,409060,409468,8218,408,1,25200,21.1421568627
400842,409075,409077,8233,2,1,25200,823.5
400843,409179,414457,8336,5278,1,25200,2.57938613111
400843,409270,409271,8427,1,1,25200,842.8
400843,409123,412331,8280,3208,1,25200,3.58104738155
400843,409960,410236,9117,276,1,25200,34.0326086957
400844,409480,409564,8636,84,1,25200,103.80952381
400844,409800,409802,8956,2,1,25200,895.8
400844,409576,409948,8732,372,1,25200,24.4731182796
400844,409284,410542,8440,1258,1,25200,7.70906200318
400845,409870,409991,9025,121,1,25200,75.5867768595
400845,409830,410228,8985,398,1,25200,23.5753768844
400845,409814,409817,8969,3,1,25200,897.2
400845,409851,409858,9006,7,1,25200,901.3
400846,410003,410013,9157,10,1,25200,916.7
400846,409932,410394,9086,462,1,25200,20.6666666667
400846,410025,410357,9179,332,1,25200,28.6475903614
400846,409914,409920,9068,6,1,25200,907.4
400846,409899,409901,9053,2,1,25200,905.5
400847,410097,413589,9250,3492,1,25200,3.6489117984
400847,410240,410244,9393,4,1,25200,939.7
400847,410248,410249,9401,1,1,25200,940.2
400847,410256,410257,9409,1,1,25200,941.0
400848,410263,410440,9415,177,1,25200,54.1920903955
400849,410335,410337,9486,2,1,25200,948.8
400849,410310,411634,9461,1324,1,25200,8.14577039275
400849,410349,410351,9500,2,1,25200,950.2
400850,410387,410645,9537,258,1,25200,37.9651162791
400850,410364,410365,9514,1,1,25200,951.5
400850,410378,410649,9528,271,1,25200,36.1586715867
400850,410371,410375,9521,4,1,25200,952.5
400851,410414,410415,9563,1,1,25200,956.4
400851,410407,410448,9556,41,1,25200,234.073170732
400851,410460,410461,9609,1,1,25200,961.0
400851,410427,410624,9576,197,1,25200,49.6091370558
400851,410394,410399,9543,5,1,25200,954.8
400852,410473,410490,9621,17,1,25200,566.941176471
400852,410502,411285,9650,783,1,25200,13.3243933589
400852,410485,410490,9633,5,1,25200,963.8
400852,410453,410468,9601,15,1,25200,641.066666667
400853,410520,410993,9667,473,1,25200,21.4376321353
400853,410507,410508,9654,1,1,25200,965.5
400853,410685,411497,9832,812,1,25200,13.1083743842
400853,410554,410571,9701,17,1,25200,571.647058824
400854,410580,410581,9726,1,1,25200,972.7
400854,410744,411409,9890,665,1,25200,15.8721804511
400854,410566,410568,9712,2,1,25200,971.4
400854,410587,411096,9733,509,1,25200,20.1218074656
400855,410664,410665,9809,1,1,25200,981.0
400855,410678,410689,9823,11,1,25200,894.0
400855,410636,410780,9781,144,1,25200,68.9236111111
400855,410657,410659,9802,2,1,25200,980.4
400856,410727,410732,9871,5,1,25200,987.6
400856,410793,410826,9937,33,1,25200,302.121212121
400857,410861,411088,10004,227,1,25200,45.0704845815
400857,410981,411074,10124,93,1,25200,109.860215054
400857,410919,410968,10062,49,1,25200,206.346938776
400857,410838,410846,9981,8,1,25200,998.9
400858,411086,411098,10228,12,1,25200,853.333333333
400858,411019,411279,10161,260,1,25200,40.0807692308
400858,411005,411007,10147,2,1,25200,1014.9
400858,411100,411113,10242,13,1,25200,788.846153846
400859,411115,436361,10256,25246,1,25200,1.40624257308
400859,411108,411178,10249,70,1,25200,147.414285714
400859,411195,411197,10336,2,1,25200,1033.8
400859,411126,411528,10267,402,1,25200,26.539800995
400860,411221,412177,10361,956,1,25200,11.8378661088
400860,411299,415432,10439,4133,1,25200,3.52576820711
400860,411422,411440,10562,18,1,25200,587.777777778
400860,411292,436538,10432,25246,1,25200,1.41321397449
400861,411552,412624,10691,1072,1,25200,10.9729477612
400861,411510,411806,10649,296,1,25200,36.9763513514
400861,411536,411539,10675,3,1,25200,1067.8
400861,411544,411555,10683,11,1,25200,972.181818182
400861,411453,418088,10592,6635,1,25200,2.59638281839
400862,411645,411755,10783,110,1,25200,99.0272727273
400862,411586,411634,10724,48,1,25200,224.416666667
400862,411630,411633,10768,3,1,25200,1077.1
400862,411569,411574,10707,5,1,25200,1071.2
400863,411686,411702,10823,16,1,25200,677.4375
400863,411672,411674,10809,2,1,25200,1081.1
400863,411652,411655,10789,3,1,25200,1079.2
400863,411658,411700,10795,42,1,25200,258.023809524
400864,411768,412316,10904,548,1,25200,20.897810219
400864,411818,427129,10954,15311,1,25200,1.71543334857
400864,411720,413278,10856,1558,1,25200,7.96790757381
400864,411713,420741,10849,9028,1,25200,2.20170580416
400865,412329,413565,11464,1236,1,25200,10.2750809061
400865,412189,413098,11324,909,1,25200,13.4576457646
400865,412344,412346,11479,2,1,25200,1148.1
400865,412492,412502,11627,10,1,25200,1163.7
400865,412359,412529,11494,170,1,25200,68.6117647059
400866,412650,412651,11784,1,1,25200,1178.5
400866,412514,412828,11648,314,1,25200,38.0955414013
400866,412541,412544,11675,3,1,25200,1167.8
400867,412582,412583,11715,1,1,25200,1171.6
400867,412595,413181,11728,586,1,25200,21.0136518771
400868,412630,413723,11762,1093,1,25200,11.7612076853
400868,412635,412636,11767,1,1,25200,1176.8
400868,412658,412712,11790,54,1,25200,219.333333333
400868,412643,412646,11775,3,1,25200,1177.8
400869,412725,412733,11856,8,1,25200,1186.4
400869,412697,412846,11828,149,1,25200,80.3825503356
400869,412678,412684,11809,6,1,25200,1181.5
400870,412858,419384,11988,6526,1,25200,2.8369598529
400870,412765,413138,11895,373,1,25200,32.890080429
400870,413194,413195,12324,1,1,25200,1232.5
400870,412840,420318,11970,7478,1,25200,2.60069537309
400870,412745,412752,11875,7,1,25200,1188.2
400871,413110,430507,12239,17397,1,25200,1.70351209979
400871,413208,413446,12337,238,1,25200,52.8361344538
400871,413290,413299,12419,9,1,25200,1242.8
400871,413150,413641,12279,491,1,25200,26.0081466395
400872,413321,413349,12449,28,1,25200,445.607142857
400872,413312,413313,12440,1,1,25200,1244.1
400872,413326,413715,12454,389,1,25200,33.0154241645
400872,413333,413337,12461,4,1,25200,1246.5
400873,413616,415015,12743,1399,1,25200,10.108649035
400873,413579,413794,12706,215,1,25200,60.0976744186
400873,413458,413839,12585,381,1,25200,34.031496063
400873,413602,413604,12729,2,1,25200,1273.1
400874,413653,413735,12779,82,1,25200,156.841463415
400874,413728,413770,12854,42,1,25200,307.047619048
400874,413735,438956,12861,25221,1,25200,1.50993219936
400874,413747,416052,12873,2305,1,25200,6.58481561822
400875,413847,413889,12972,42,1,25200,309.857142857
400875,413797,414093,12922,296,1,25200,44.6554054054
400875,413807,413836,12932,29,1,25200,446.931034483
400875,413782,413785,12907,3,1,25200,1291.0
400876,413860,413917,12984,57,1,25200,228.789473684
400876,413879,414072,13003,193,1,25200,68.3730569948
400876,413929,431314,13053,17385,1,25200,1.75081967213
400876,413852,415650,12976,1798,1,25200,8.21690767519
400876,413866,413867,12990,1,1,25200,1299.1
400877,413901,413903,13024,2,1,25200,1302.6
400877,413934,414539,13057,605,1,25200,22.5818181818
400877,414077,414104,13200,27,1,25200,489.888888889
400877,413916,413917,13039,1,1,25200,1304.0
400878,414105,414125,13227,20,1,25200,662.35
400878,414084,414174,13206,90,1,25200,147.733333333
400878,414116,414118,13238,2,1,25200,1324.0
400878,414130,414132,13252,2,1,25200,1325.4
400879,414137,414514,13258,377,1,25200,36.1671087533
400879,414187,414202,13308,15,1,25200,888.2
400879,414552,415369,13673,817,1,25200,17.7356181151
400879,414145,414502,13266,357,1,25200,38.1596638655
400879,414470,414586,13591,116,1,25200,118.163793103
400880,414238,414240,13358,2,1,25200,1336.0
400880,414214,414435,13334,221,1,25200,61.334841629
400880,414246,415403,13366,1157,1,25200,12.5522904062
400881,414447,414571,13566,124,1,25200,110.403225806
400881,414251,414252,13370,1,1,25200,1337.1
400881,414265,414563,13384,298,1,25200,45.9127516779
400881,414258,415262,13377,1004,1,25200,14.3237051793
400882,414683,415172,13801,489,1,25200,29.2229038855
400882,414690,414691,13808,1,1,25200,1380.9
400882,414526,417028,13644,2502,1,25200,6.45323741007
400882,414514,414644,13632,130,1,25200,105.861538462
400883,414575,414618,13692,43,1,25200,319.418604651
400883,414703,419982,13820,5279,1,25200,3.61792006062
400883,414584,414586,13701,2,1,25200,1370.3
400883,414598,414600,13715,2,1,25200,1371.7
400884,414613,417025,13729,2412,1,25200,6.69195688226
400884,414604,414606,13720,2,1,25200,1372.2
400885,414657,414659,13772,2,1,25200,1377.4
400885,414630,414948,13745,318,1,25200,44.2232704403
400885,414669,414671,13784,2,1,25200,1378.6
400885,414637,414656,13752,19,1,25200,724.789473684
400886,414676,414677,13790,1,1,25200,1379.1
400886,415214,415215,14328,1,1,25200,1432.9
400886,414962,440174,14076,25212,1,25200,1.55830556878
400886,415028,415192,14142,164,1,25200,87.2317073171
400886,415184,415186,14298,2,1,25200,1430.0
400887,415199,415200,14312,1,1,25200,1431.3
400887,415240,415325,14353,85,1,25200,169.858823529
400887,415338,415343,14451,5,1,25200,1445.6
400887,415227,415228,14340,1,1,25200,1434.1
400888,415482,415502,14594,20,1,25200,730.7
400888,415381,415383,14493,2,1,25200,1449.5
400888,415395,417239,14507,1844,1,25200,8.86713665944
400888,415355,426116,14467,10761,1,25200,2.34439178515
400889,415416,415421,14527,5,1,25200,1453.2
400889,415433,415444,14544,11,1,25200,1323.18181818
400889,415444,415446,14555,2,1,25200,1455.7
400889,415456,415458,14567,2,1,25200,1456.9
400890,415515,415722,14625,207,1,25200,71.652173913
400890,415463,415464,14573,1,1,25200,1457.4
400890,415468,415556,14578,88,1,25200,166.659090909
400890,415489,415876,14599,387,1,25200,38.7235142119
400891,415584,415973,14693,389,1,25200,38.7712082262
400891,415572,417128,14681,1556,1,25200,10.4350899743
400891,415636,415644,14745,8,1,25200,1475.3
400891,415621,415624,14730,3,1,25200,1473.3
400891,415561,415572,14670,11,1,25200,1334.63636364
400892,415670,415671,14778,1,1,25200,1477.9
400892,415663,416078,14771,415,1,25200,36.5927710843
400892,415683,415686,14791,3,1,25200,1479.4
400893,415712,416277,14819,565,1,25200,27.2283185841
400893,415986,415995,15093,9,1,25200,1510.2
400893,415699,415700,14806,1,1,25200,1480.7
400893,415907,415980,15014,73,1,25200,206.671232877
400894,415762,415763,14868,1,1,25200,1486.9
400894,415734,415736,14840,2,1,25200,1484.2
400894,415775,416785,14881,1010,1,25200,15.7336633663
400895,416015,416104,15120,89,1,25200,170.887640449
400895,415889,415895,14994,6,1,25200,1500.0
400895,415993,415997,15098,4,1,25200,1510.2
400895,416065,416139,15170,74,1,25200,206.0
400895,416008,416230,15113,222,1,25200,69.0765765766
400896,416151,416313,15255,162,1,25200,95.1666666667
400896,416105,416108,15209,3,1,25200,1521.2
400896,416242,416655,15346,413,1,25200,38.1573849879
400896,416090,416093,15194,3,1,25200,1519.7
400897,416134,416142,15237,8,1,25200,1524.5
400897,416294,416310,15397,16,1,25200,963.3125
400897,416116,416121,15219,5,1,25200,1522.4
400897,416123,434416,15226,18293,1,25200,1.83234023944
400898,416171,416173,15273,2,1,25200,1527.5
400898,416322,417244,15424,922,1,25200,17.7288503254
400898,416186,416500,15288,314,1,25200,49.6878980892
400898,416158,416159,15260,1,1,25200,1526.1
400899,416344,416500,15445,156,1,25200,100.006410256
400899,416329,416331,15430,2,1,25200,1543.2
400899,416451,416452,15552,1,1,25200,1555.3
400900,416464,416465,15564,1,1,25200,1556.5
400900,416512,416515,15612,3,1,25200,1561.5
400900,416518,416520,15618,2,1,25200,1562.0
400900,416683,416685,15783,2,1,25200,1578.5
400900,416478,424411,15578,7933,1,25200,2.96369595361
400901,416527,416528,15626,1,1,25200,1562.7
400901,416534,416635,15633,101,1,25200,155.782178218
400901,416696,416698,15795,2,1,25200,1579.7
400902,416667,416670,15765,3,1,25200,1576.8
400902,416648,416684,15746,36,1,25200,438.388888889
400902,416541,425388,15639,8847,1,25200,2.76771787046
400903,417038,417518,16135,480,1,25200,34.6145833333
400903,416718,420612,15815,3894,1,25200,5.06137647663
400903,416798,417527,15895,729,1,25200,22.8038408779
400903,416737,417177,15834,440,1,25200,36.9863636364
400903,416711,416725,15808,14,1,25200,1130.14285714
400904,417242,417259,16338,17,1,25200,962.058823529
400904,417141,417230,16237,89,1,25200,183.438202247
400904,417189,417696,16285,507,1,25200,33.1203155819
400904,417045,423685,16141,6640,1,25200,3.43087349398
400905,417265,417266,16360,1,1,25200,1636.1
400905,417258,417280,16353,22,1,25200,744.318181818
400905,417251,417253,16346,2,1,25200,1634.8
400905,417316,427917,16411,10601,1,25200,2.54806150363
400906,417292,418894,16386,1602,1,25200,11.2284644195
400906,417531,417563,16625,32,1,25200,520.53125
400906,417279,442490,16373,25211,1,25200,1.64943873706
400906,417301,417304,16395,3,1,25200,1639.8
400906,417272,417289,16366,17,1,25200,963.705882353
400907,417576,417766,16669,190,1,25200,88.7315789474
400907,417540,418232,16633,692,1,25200,25.0361271676
400907,417724,417725,16817,1,1,25200,1681.8
400907,417709,417710,16802,1,1,25200,1680.3
400908,417786,417790,16878,4,1,25200,1688.2
400908,417737,417769,16829,32,1,25200,526.90625
400908,417793,421603,16885,3810,1,25200,5.43175853018
400908,417779,417781,16871,2,1,25200,1687.3
400909,417879,417880,16970,1,1,25200,1697.1
400909,417802,418058,16893,256,1,25200,66.98828125
400909,418070,418473,17161,403,1,25200,43.5831265509
400909,418132,418898,17223,766,1,25200,23.4843342037
400909,417892,418821,16983,929,1,25200,19.2809472551
400910,418259,419078,17349,819,1,25200,22.1831501832
400910,418244,418247,17334,3,1,25200,1733.7
400910,418119,418120,17209,1,1,25200,1721.0
400910,418100,418106,17190,6,1,25200,1719.6
400911,418880,418881,17969,1,1,25200,1797.0
400911,418850,418852,17939,2,1,25200,1794.1
400911,418834,418837,17923,3,1,25200,1792.6
400911,418486,424775,17575,6289,1,25200,3.79456193353
400912,418864,418868,17952,4,1,25200,1795.6
400912,418917,418918,18005,1,1,25200,1800.6
400912,418893,418896,17981,3,1,25200,1798.4
400912,418912,421836,18000,2924,1,25200,7.15595075239
400913,419057,419060,18144,3,1,25200,1814.7
400913,418930,418932,18017,2,1,25200,1801.9
400913,418948,419044,18035,96,1,25200,188.864583333
400913,418923,419057,18010,134,1,25200,135.402985075
400913,419227,419232,18314,5,1,25200,1831.9
400914,419085,419292,18171,207,1,25200,88.7826086957
400914,419070,419073,18156,3,1,25200,1815.9
400914,419244,419271,18330,27,1,25200,679.888888889
400914,419077,419558,18163,481,1,25200,38.7609147609
400915,419091,419215,18176,124,1,25200,147.580645161
400915,419282,419284,18367,2,1,25200,1836.9
400915,419287,419296,18372,9,1,25200,1838.1
400915,419296,419297,18381,1,1,25200,1838.2
400916,419333,419334,18417,1,1,25200,1841.8
400916,419305,419314,18389,9,1,25200,1839.8
400916,419338,419339,18422,1,1,25200,1842.3
400916,419326,419327,18410,1,1,25200,1841.1
400917,419352,425086,18435,5734,1,25200,4.21503313568
400917,419357,419368,18440,11,1,25200,1677.36363636
400917,419380,419447,18463,67,1,25200,276.567164179
400917,419464,419559,18547,95,1,25200,196.231578947
400917,419345,419534,18428,189,1,25200,98.5026455026
400918,419425,419426,18507,1,1,25200,1850.8
400918,419412,419413,18494,1,1,25200,1849.5
400918,419397,419400,18479,3,1,25200,1848.2
400918,419438,421205,18520,1767,1,25200,11.481041313
400919,419571,419573,18652,2,1,25200,1865.4
400919,419546,419631,18627,85,1,25200,220.141176471
400919,419600,419678,18681,78,1,25200,240.5
400919,419586,419588,18667,2,1,25200,1866.9
400920,419644,419647,18724,3,1,25200,1872.7
400920,419659,419660,18739,1,1,25200,1874.0
400920,419672,419673,18752,1,1,25200,1875.3
400920,419576,428256,18656,8680,1,25200,3.14930875576
400920,419685,419686,18765,1,1,25200,1876.6
400921,420632,420634,19711,2,1,25200,1971.3
400921,419692,419906,18771,214,1,25200,88.714953271
400921,419699,444938,18778,25239,1,25200,1.7440072903
400921,420646,422836,19725,2190,1,25200,10.0068493151
400922,419919,419921,18997,2,1,25200,1899.9
400922,419934,420114,19012,180,1,25200,106.622222222
400922,420004,420007,19082,3,1,25200,1908.5
400922,420019,420020,19097,1,1,25200,1909.8
400923,420141,420142,19218,1,1,25200,1921.9
400923,420066,420137,19143,71,1,25200,270.61971831
400923,420126,420129,19203,3,1,25200,1920.6
400923,420032,420053,19109,21,1,25200,910.952380952
400924,420700,420702,19776,2,1,25200,1977.8
400924,420689,445387,19765,24698,1,25200,1.80026722812
400924,420150,421408,19226,1258,1,25200,16.2829888712
400924,420157,420542,19233,385,1,25200,50.9558441558
400924,420331,420450,19407,119,1,25200,164.084033613
400925,420555,420614,19630,59,1,25200,333.711864407
400925,420463,420464,19538,1,1,25200,1953.9
400925,420625,420676,19700,51,1,25200,387.274509804
400925,420476,420688,19551,212,1,25200,93.2216981132
400926,421421,421425,20495,4,1,25200,2049.9
400926,420715,420755,19789,40,1,25200,495.725
400926,421431,422644,20505,1213,1,25200,17.9043693322
400926,420755,421254,19829,499,1,25200,40.7374749499
400927,421217,421418,20290,201,1,25200,101.945273632
400927,420767,420769,19840,2,1,25200,1984.2
400927,420782,445999,19855,25217,1,25200,1.78736566602
400927,421267,421273,20340,6,1,25200,2034.6
400928,421285,421286,20357,1,1,25200,2035.8
400928,421311,422593,20383,1282,1,25200,16.899375975
400928,421298,421299,20370,1,1,25200,2037.1
400929,421518,421520,20589,2,1,25200,2059.1
400929,421464,421465,20535,1,1,25200,2053.6
400929,421477,421505,20548,28,1,25200,734.857142857
400929,421451,421452,20522,1,1,25200,2052.3
400930,421631,422491,20701,860,1,25200,25.0709302326
400930,421545,422477,20615,932,1,25200,23.1190987124
400930,421615,421618,20685,3,1,25200,2068.8
400930,421532,421533,20602,1,1,25200,2060.3
400930,422186,422221,21256,35,1,25200,608.314285714
400931,422252,422345,21321,93,1,25200,230.258064516
400931,422233,422236,21302,3,1,25200,2130.5
400931,422612,422837,21681,225,1,25200,97.36
400931,421848,422168,20917,320,1,25200,66.365625
400932,422490,422726,21558,236,1,25200,92.3474576271
400932,422870,422871,21938,1,1,25200,2193.9
400932,422503,422663,21571,160,1,25200,135.81875
400932,422855,422858,21923,3,1,25200,2192.6
400933,422571,422824,21638,253,1,25200,86.5256916996
400933,422593,422594,21660,1,1,25200,2166.1
400933,422656,422658,21723,2,1,25200,2172.5
400933,422579,422581,21646,2,1,25200,2164.8
400934,422671,424041,21737,1370,1,25200,16.8664233577
400934,422836,423057,21902,221,1,25200,100.104072398
400934,422742,422943,21808,201,1,25200,109.497512438
400934,422678,422870,21744,192,1,25200,114.25
400935,422894,422931,21959,37,1,25200,594.486486486
400935,422889,422890,21954,1,1,25200,2195.5
400935,422848,422907,21913,59,1,25200,372.406779661
400935,422902,422918,21967,16,1,25200,1373.9375
400936,422930,422931,21994,1,1,25200,2199.5
400936,422919,422935,21983,16,1,25200,1374.9375
400936,422943,422955,22007,12,1,25200,1834.91666667
400936,422955,422957,22019,2,1,25200,2202.1
400936,422948,423028,22012,80,1,25200,276.15
400937,422968,423031,22031,63,1,25200,350.698412698
400937,422975,423072,22038,97,1,25200,228.195876289
400937,423041,423043,22104,2,1,25200,2210.6
400937,422960,448196,22023,25236,1,25200,1.87268188302
400938,423068,423102,22130,34,1,25200,651.882352941
400938,423048,424809,22110,1761,1,25200,13.5553662692
400938,423075,423130,22137,55,1,25200,403.490909091
400939,423115,423322,22176,207,1,25200,108.130434783
400939,423084,423610,22145,526,1,25200,43.1007604563
400939,423158,423352,22219,194,1,25200,115.530927835
400939,423143,423145,22204,2,1,25200,2220.6
400940,423391,424597,22451,1206,1,25200,19.6160862355
400940,423334,425295,22394,1961,1,25200,12.4196838348
400940,423622,423624,22682,2,1,25200,2268.4
400940,423378,423379,22438,1,1,25200,2243.9
400940,423364,423366,22424,2,1,25200,2242.6
400941,423636,448870,22695,25234,1,25200,1.89938178648
400941,424361,424382,23420,21,1,25200,1116.23809524
400941,423698,423701,22757,3,1,25200,2276.0
400941,424347,424349,23406,2,1,25200,2340.8
400942,424054,424670,23112,616,1,25200,38.5194805195
400942,424309,424335,23367,26,1,25200,899.730769231
400942,424292,424297,23350,5,1,25200,2335.5
400942,423713,426238,22771,2525,1,25200,10.0182178218
400942,424394,424400,23452,6,1,25200,2345.8
400943,424412,424535,23469,123,1,25200,191.804878049
400943,424424,424426,23481,2,1,25200,2348.3
400943,424683,427281,23740,2598,1,25200,10.1377983064
400944,424852,425197,23908,345,1,25200,70.2985507246
400944,424793,424865,23849,72,1,25200,332.236111111
400944,424822,424965,23878,143,1,25200,167.979020979
400945,424548,424551,23603,3,1,25200,2360.6
400945,424453,424839,23508,386,1,25200,61.9015544041
400945,424438,424439,23493,1,1,25200,2349.4
400945,424977,425061,24032,84,1,25200,287.095238095
400945,424563,425243,23618,680,1,25200,35.7323529412
400946,424878,424881,23932,3,1,25200,2393.5
400946,424893,425596,23947,703,1,25200,35.0640113798
400946,424610,424613,23664,3,1,25200,2366.7
400946,424625,433825,23679,9200,1,25200,3.57380434783
400947,425142,425150,24195,8,1,25200,2420.3
400947,425162,425163,24215,1,1,25200,2421.6
400947,425256,425258,24309,2,1,25200,2431.1
400947,425074,426073,24127,999,1,25200,25.1511511512
400947,425098,425129,24151,31,1,25200,780.064516129
400948,425188,427867,24240,2679,1,25200,10.0481522956
400948,425175,425176,24227,1,1,25200,2422.8
400948,425209,425386,24261,177,1,25200,138.06779661
400948,425270,425299,24322,29,1,25200,839.689655172
400949,425344,425345,24395,1,1,25200,2439.6
400949,425329,425332,24380,3,1,25200,2438.3
400949,425307,427209,24358,1902,1,25200,13.8065194532
400949,425314,425317,24365,3,1,25200,2436.8
400950,425405,425407,24455,2,1,25200,2445.7
400950,425357,425442,24407,85,1,25200,288.141176471
400950,425419,425455,24469,36,1,25200,680.694444444
400950,425454,425477,24504,23,1,25200,1066.39130435
400950,425398,427361,24448,1963,1,25200,13.4544065206
400951,425467,426218,24516,751,1,25200,33.6444740346
400951,425506,425944,24555,438,1,25200,57.0616438356
400951,425608,425610,24657,2,1,25200,2465.9
400951,425490,425493,24539,3,1,25200,2454.2
400952,425636,425637,24684,1,1,25200,2468.5
400952,425967,425970,25015,3,1,25200,2501.8
400952,425623,425624,24671,1,1,25200,2467.2
400952,425649,426198,24697,549,1,25200,45.985428051
400952,425941,425942,24989,1,1,25200,2499.0
400953,425961,425970,25008,9,1,25200,2501.7
400953,425982,425983,25029,1,1,25200,2503.0
400953,425987,425989,25034,2,1,25200,2503.6
400953,426095,431052,25142,4957,1,25200,6.07201936655
400954,426085,426087,25131,2,1,25200,2513.3
400954,426007,451243,25053,25236,1,25200,1.99274845459
400954,426015,426083,25061,68,1,25200,369.544117647
400955,426128,426259,25173,131,1,25200,193.160305344
400955,426231,426233,25276,2,1,25200,2527.8
400955,426102,426103,25147,1,1,25200,2514.8
400955,426210,426366,25255,156,1,25200,162.891025641
400956,426271,426273,25315,2,1,25200,2531.7
400956,426253,426291,25297,38,1,25200,666.710526316
400956,426246,426247,25290,1,1,25200,2529.1
400957,426301,426853,25344,552,1,25200,46.9130434783
400957,426353,426481,25396,128,1,25200,199.40625
400957,426340,426341,25383,1,1,25200,2538.4
400957,426285,426289,25328,4,1,25200,2533.2
400958,426387,426389,25429,2,1,25200,2543.1
400958,426382,426383,25424,1,1,25200,2542.5
400958,426308,426315,25350,7,1,25200,2535.7
400958,426327,426328,25369,1,1,25200,2537.0
400958,426401,427199,25443,798,1,25200,32.8834586466
400959,426419,426519,25460,100,1,25200,255.6
400959,426406,426407,25447,1,1,25200,2544.8
400960,426493,426495,25533,2,1,25200,2553.5
400960,426508,426516,25548,8,1,25200,2555.6
400960,426896,428663,25936,1767,1,25200,15.6779852858
400960,426881,426884,25921,3,1,25200,2592.4
400961,427030,427032,26069,2,1,25200,2607.1
400961,426904,427017,25943,113,1,25200,230.584070796
400961,426539,426546,25578,7,1,25200,2558.5
400961,426533,426534,25572,1,1,25200,2557.3
400961,427044,427066,26083,22,1,25200,1186.59090909
400962,426865,426892,25903,27,1,25200,960.37037037
400962,426572,426869,25610,297,1,25200,87.228956229
400962,426546,451754,25584,25208,1,25200,2.01491589971
400963,427078,427080,26115,2,1,25200,2611.7
400963,427141,427144,26178,3,1,25200,2618.1
400963,427211,430745,26248,3534,1,25200,8.4272778721
400963,427092,428221,26129,1129,1,25200,24.143489814
400964,427544,427549,26580,5,1,25200,2658.5
400964,427156,428657,26192,1501,1,25200,18.4497001999
400964,427561,427562,26597,1,1,25200,2659.8
400964,427221,427726,26257,505,1,25200,52.9940594059
400965,427294,427297,26329,3,1,25200,2633.2
400965,427310,427385,26345,75,1,25200,352.266666667
400965,427374,427412,26409,38,1,25200,695.973684211
400965,427424,427631,26459,207,1,25200,128.821256039
400965,427397,427691,26432,294,1,25200,90.9047619048
400966,427531,427532,26565,1,1,25200,2656.6
400966,427574,427575,26608,1,1,25200,2660.9
400966,427587,427588,26621,1,1,25200,2662.2
400966,427525,427663,26559,138,1,25200,193.456521739
400967,427765,453003,26798,25238,1,25200,2.06181155401
400967,427601,452839,26634,25238,1,25200,2.05531341628
400967,428401,428403,27434,2,1,25200,2743.6
400968,427738,427740,26770,2,1,25200,2677.2
400968,427704,428302,26736,598,1,25200,45.7090301003
400968,428357,428358,27389,1,1,25200,2739.0
400968,427643,428400,26675,757,1,25200,36.2377807133
400968,427676,428783,26708,1107,1,25200,25.1264679313
400969,428491,428492,27522,1,1,25200,2752.3
400969,428370,428376,27401,6,1,25200,2740.7
400969,428388,428389,27419,1,1,25200,2742.0
400969,428412,428415,27443,3,1,25200,2744.6
400970,428419,428904,27449,485,1,25200,57.5958762887
400970,428427,428449,27457,22,1,25200,1249.04545455
400970,428461,428465,27491,4,1,25200,2749.5
400970,428478,428479,27508,1,1,25200,2750.9
400970,428504,428657,27534,153,1,25200,180.960784314
400971,428638,428797,27667,159,1,25200,175.006289308
400971,428669,428672,27698,3,1,25200,2770.1
400971,428674,428677,27703,3,1,25200,2770.6
400971,428682,428685,27711,3,1,25200,2771.4
400972,428694,428703,27722,9,1,25200,2773.1
400972,428708,428735,27736,27,1,25200,1028.25925926
400972,428689,428695,27717,6,1,25200,2772.3
400973,428715,428798,27742,83,1,25200,335.240963855
400973,428733,428734,27760,1,1,25200,2776.1
400973,428746,428747,27773,1,1,25200,2777.4
400973,428720,428721,27747,1,1,25200,2774.8
400974,428776,454000,27802,25224,1,25200,2.10220424992
400974,428753,428764,27779,11,1,25200,2526.36363636
400974,428760,435020,27786,6260,1,25200,5.43865814696
400974,428809,428837,27835,28,1,25200,995.107142857
400974,428795,428826,27821,31,1,25200,898.451612903
400975,428850,428853,27875,3,1,25200,2787.8
400975,428839,428842,27864,3,1,25200,2786.7
400975,428816,428851,27841,35,1,25200,796.457142857
400976,428871,428874,27895,3,1,25200,2789.8
400976,428864,434089,27888,5225,1,25200,6.33741626794
400977,428894,428895,27917,1,1,25200,2791.8
400977,428887,428888,27910,1,1,25200,2791.1
400977,428908,428910,27931,2,1,25200,2793.3
400977,428901,428966,27924,65,1,25200,430.6
400978,428916,428918,27938,2,1,25200,2794.0
400978,428923,429128,27945,205,1,25200,137.317073171
400978,428931,428932,27953,1,1,25200,2795.4
400978,428944,429127,27966,183,1,25200,153.819672131
400979,429139,429141,28160,2,1,25200,2816.2
400979,429154,429399,28175,245,1,25200,116.0
400979,428979,432084,28000,3105,1,25200,10.0177133655
400979,429146,430165,28167,1019,1,25200,28.6418056919
400980,429528,429532,28548,4,1,25200,2855.2
400980,429826,429830,28846,4,1,25200,2885.0
400980,429412,430208,28432,796,1,25200,36.7185929648
400980,429545,432627,28565,3082,1,25200,10.2683322518
400980,429521,449245,28541,19724,1,25200,2.44701886027
400981,429909,437354,28928,7445,1,25200,4.88556077905
400981,429842,434692,28861,4850,1,25200,6.95072164948
400981,429849,429896,28868,47,1,25200,615.212765957
400981,429833,429834,28852,1,1,25200,2885.3
400982,429977,434616,28995,4639,1,25200,7.25026945462
400982,430046,430282,29064,236,1,25200,124.152542373
400982,429982,430064,29000,82,1,25200,354.658536585
400982,429960,429961,28978,1,1,25200,2897.9
400983,430178,430183,29195,5,1,25200,2920.0
400983,430195,430196,29212,1,1,25200,2921.3
400983,430226,455450,29243,25224,1,25200,2.15933238186
400983,430208,430241,29225,33,1,25200,886.606060606
400983,430077,431234,29094,1157,1,25200,26.1460674157
400984,430253,430745,29269,492,1,25200,60.4898373984
400984,430309,430310,29325,1,1,25200,2932.6
400984,430294,430297,29310,3,1,25200,2931.3
400984,430543,431394,29559,851,1,25200,35.7344300823
400985,432101,432105,31116,4,1,25200,3112.0
400985,430757,433351,29772,2594,1,25200,12.4772552043
400985,430322,431507,29337,1185,1,25200,25.7569620253
400985,430519,430531,29534,12,1,25200,2462.16666667
400986,430782,432852,29796,2070,1,25200,15.3942028986
400986,430763,430770,29777,7,1,25200,2978.4
400986,431261,431388,30275,127,1,25200,239.385826772
400986,431064,432081,30078,1017,1,25200,30.5752212389
400986,431247,431249,30261,2,1,25200,3026.3
400987,431407,431544,30420,137,1,25200,223.04379562
400987,431327,456538,30340,25211,1,25200,2.20344294157
400987,431417,432030,30430,613,1,25200,50.6411092985
400987,431400,431405,30413,5,1,25200,3041.8
400988,432042,432044,31054,2,1,25200,3105.6
400988,432056,432076,31068,20,1,25200,1554.4
400988,431556,434040,30568,2484,1,25200,13.305958132
400988,431519,432565,30531,1046,1,25200,30.1883365201
400989,432096,437340,31107,5244,1,25200,6.9319221968
400989,432089,432091,31100,2,1,25200,3110.2
400989,432118,432125,31129,7,1,25200,3113.6
400989,432137,432138,31148,1,1,25200,3114.9
400989,432108,432307,31119,199,1,25200,157.376884422
400990,432163,434031,31173,1868,1,25200,17.6879014989
400990,432865,433110,31875,245,1,25200,131.102040816
400990,432150,432151,31160,1,1,25200,3116.1
400990,433122,433127,32132,5,1,25200,3213.7
400991,432336,432604,31345,268,1,25200,117.958955224
400991,432320,432322,31329,2,1,25200,3133.1
400991,432578,432594,31587,16,1,25200,1975.1875
400991,432606,433252,31615,646,1,25200,49.939628483
400992,432616,432619,31624,3,1,25200,3162.7
400992,432640,444782,31648,12142,1,25200,3.60648986987
400992,432631,437527,31639,4896,1,25200,7.46221405229
400992,433265,433417,32273,152,1,25200,213.322368421
400992,433140,433439,32148,299,1,25200,108.518394649
400993,433291,433457,32298,166,1,25200,195.56626506
400993,433429,433431,32436,2,1,25200,3243.8
400993,433452,440479,32459,7027,1,25200,5.6191831507
400993,433443,436852,32450,3409,1,25200,10.5189205045
400994,433470,433507,32476,37,1,25200,878.72972973
400994,433583,433705,32589,122,1,25200,268.12295082
400994,433518,433556,32524,38,1,25200,856.894736842
400994,433718,433720,32724,2,1,25200,3272.6
400995,433823,435049,32828,1226,1,25200,27.7765089723
400995,433838,433842,32843,4,1,25200,3284.7
400995,433853,434697,32858,844,1,25200,39.9312796209
400995,433732,433811,32737,79,1,25200,415.392405063
400995,433569,433571,32574,2,1,25200,3257.6
400996,433886,453564,32890,19678,1,25200,2.67140969611
400996,433860,433861,32864,1,1,25200,3286.5
400996,433873,433874,32877,1,1,25200,3287.8
400996,434043,434288,33047,245,1,25200,135.885714286
400997,434053,434346,33056,293,1,25200,113.819112628
400997,434101,434103,33104,2,1,25200,3310.6
400997,434115,434116,33118,1,1,25200,3311.9
400998,434144,434145,33146,1,1,25200,3314.7
400998,434201,434395,33203,194,1,25200,172.149484536
400998,434128,434131,33130,3,1,25200,3313.3
400998,434157,434188,33159,31,1,25200,1070.64516129
400999,434300,459527,33301,25227,1,25200,2.32005391049
400999,434407,434580,33408,173,1,25200,194.10982659
400999,434389,434893,33390,504,1,25200,67.25
400999,434375,434376,33376,1,1,25200,3337.7
400999,434358,434363,33359,5,1,25200,3336.4
401000,434428,434430,33428,2,1,25200,3343.0
401000,434628,434631,33628,3,1,25200,3363.1
401000,434443,435426,33443,983,1,25200,35.021363174
401000,434593,434749,33593,156,1,25200,216.33974359
401001,434711,435444,33710,733,1,25200,46.9890859482
401001,434643,435415,33642,772,1,25200,44.5777202073
401001,434704,434707,33703,3,1,25200,3370.6
401001,434720,434816,33719,96,1,25200,352.239583333
401002,401022,402560,20,1538,1,1810,1.01300390117
401002,434828,440365,33826,5537,1,25200,7.1090843417
401002,434761,437041,33759,2280,1,25200,15.8065789474
401002,434905,434916,33903,11,1,25200,3083.09090909
401002,435069,435096,34067,27,1,25200,1262.74074074
401003,435446,435454,34443,8,1,25200,3445.1
401003,435456,436211,34453,755,1,25200,46.6331125828
401003,434928,436892,33925,1964,1,25200,18.2734215886
401003,435062,435213,34059,151,1,25200,226.556291391
401003,435032,435055,34029,23,1,25200,1480.52173913
401004,435225,435552,34221,327,1,25200,105.651376147
401004,435191,435296,34187,105,1,25200,326.59047619
401004,435108,435179,34104,71,1,25200,481.338028169
401005,435309,435312,34304,3,1,25200,3430.7
401005,435324,437625,34319,2301,1,25200,15.9148196436
401005,435428,435434,34423,6,1,25200,3442.9
401005,435466,435612,34461,146,1,25200,237.034246575
401005,435438,437443,34433,2005,1,25200,18.1735660848
401006,435614,437767,34608,2153,1,25200,17.0743149094
401006,435565,435568,34559,3,1,25200,3456.2
401006,435580,435581,34574,1,1,25200,3457.5
401006,435593,435601,34587,8,1,25200,3459.5
401007,435752,439795,34745,4043,1,25200,9.59386594113
401007,435624,436097,34617,473,1,25200,74.1860465116
401018,401101,402639,83,1538,1,1810,1.05396618986
401032,402279,402291,1247,12,1,1810,104.916666667
401062,401078,404587,16,3509,2,7200,1.00455970362
401788,402303,402308,515,5,1,1810,52.0
401808,402320,402324,512,4,1,1810,51.6
401920,401930,405803,10,3873,2,7200,1.00258197779
402149,402159,405893,10,3734,2,7200,1.0026780932
402164,402170,406099,6,3929,2,7200,1.00152710613
402407,402418,406434,11,4016,2,7200,1.00273904382
402494,402508,405977,14,3469,2,7200,1.00403574517
402862,402873,406700,11,3827,2,7200,1.00287431408
402877,402887,406648,10,3761,2,7200,1.00265886732
402994,403006,406815,12,3809,2,7200,1.00315043318
403124,403257,404791,133,1534,1,1810,1.08670143416
403132,403412,404957,280,1545,1,1810,1.18122977346
403154,403730,403734,576,4,1,1810,58.0
403211,403220,407196,9,3976,2,7200,1.00226358149
403265,403274,406887,9,3613,2,7200,1.00249100471
403319,403329,407317,10,3988,2,7200,1.00250752257
403460,403471,407166,11,3695,2,7200,1.00297699594
403635,403646,407171,11,3525,2,7200,1.00312056738
403851,403860,408027,9,4167,2,7200,1.00215982721
404590,404602,408116,12,3514,2,7200,1.00341491178
404850,404862,406428,12,1566,1,1810,1.00766283525
405001,405094,406641,93,1547,1,1810,1.06011635423
405807,405814,409600,7,3786,2,7200,1.00184891706
405894,405901,409936,7,4035,2,7200,1.00173482032
405944,427500,427508,21556,8,8,10800,2156.4
405978,405989,409132,11,3143,2,7200,1.00349984092
406102,406112,410026,10,3914,2,7200,1.00255493102
406436,406446,410089,10,3643,2,7200,1.00274499039
406650,406660,410612,10,3952,2,7200,1.00253036437
406701,406708,410777,7,4069,2,7200,1.0017203244
406816,406825,410584,9,3759,2,7200,1.00239425379
406831,406838,408381,7,1543,1,1810,1.00453661698
406888,406895,410464,7,3569,2,7200,1.00196133371
407004,407012,408554,8,1542,1,1810,1.00518806744
407027,407047,408597,20,1550,1,1810,1.01290322581
407168,407178,410978,10,3800,2,7200,1.00263157895
407183,407190,410921,7,3731,2,7200,1.00187617261
407197,407205,411056,8,3851,2,7200,1.0020773825
407318,407324,410926,6,3602,2,7200,1.00166574125
408028,408036,411341,8,3305,2,7200,1.00242057489
408119,408128,411645,9,3517,2,7200,1.00255899915
408917,442679,550707,33762,108028,16,108000,1.31253008479
409037,409089,413309,52,4220,2,43200,1.01232227488
409135,409144,412746,9,3602,2,7200,1.00249861188
409602,409612,413077,10,3465,2,7200,1.00288600289
409942,409948,413561,6,3613,2,7200,1.0016606698
410032,410039,413353,7,3314,2,7200,1.00211225106
410093,410104,413364,11,3260,2,7200,1.00337423313
410469,410480,414368,11,3888,2,7200,1.00282921811
410586,410594,414221,8,3627,2,7200,1.00220567963
410614,410620,414421,6,3801,2,7200,1.00157853197
410779,410785,414415,6,3630,2,7200,1.00165289256
410924,410931,414947,7,4016,2,7200,1.00174302789
410939,410946,414341,7,3395,2,7200,1.00206185567
410981,410988,414115,7,3127,2,7200,1.00223856732
411059,411065,414752,6,3687,2,7200,1.0016273393
411342,411350,415040,8,3690,2,7200,1.00216802168
411647,411665,415190,18,3525,2,7200,1.00510638298
412749,412756,415190,7,2434,2,7200,1.0028759244
413080,413086,415190,6,2104,2,7200,1.00285171103
413354,413361,415190,7,1829,2,7200,1.00382722799
413369,413376,415190,7,1814,2,7200,1.00385887541
413565,413572,415190,7,1618,2,7200,1.0043263288
413779,463135,506368,49356,43233,6,43200,2.14162792311
414116,414122,415190,6,1068,2,7200,1.00561797753
414224,414231,415190,7,959,2,7200,1.00729927007
414342,414349,415190,7,841,2,7200,1.00832342449
414369,414375,415190,6,815,2,7200,1.00736196319
414417,414423,415190,6,767,2,7200,1.00782268579
414432,414438,415190,6,752,2,7200,1.0079787234
414754,414760,415190,6,430,2,7200,1.01395348837
414948,414955,415190,7,235,2,7200,1.02978723404
415041,415048,415190,7,142,2,7200,1.04929577465
415240,415247,418651,7,3404,2,7200,1.00205640423
415241,415254,419106,13,3852,2,7200,1.0033748702
415243,415259,419180,16,3921,2,7200,1.00408059169
415244,415265,418705,21,3440,2,7200,1.00610465116
415246,415270,419176,24,3906,2,7200,1.00614439324
415247,415275,419001,28,3726,2,7200,1.00751476114
415248,415283,418943,35,3660,2,7200,1.00956284153
415250,415288,418893,38,3605,2,7200,1.0105409154
415251,415294,418750,43,3456,2,7200,1.01244212963
415253,415299,419085,46,3786,2,7200,1.01215002641
415254,415304,419038,50,3734,2,7200,1.01339046599
415256,415310,418929,54,3619,2,7200,1.01492124896
415257,415315,418935,58,3620,2,7200,1.01602209945
415259,415320,418831,61,3511,2,7200,1.01737396753
415260,415326,419140,66,3814,2,7200,1.01730466702
418653,418663,422399,10,3736,2,7200,1.00267665953
418707,418718,422170,11,3452,2,7200,1.00318655852
418708,419312,419317,604,5,2,3540,60.9
418752,418762,422235,10,3473,2,7200,1.00287935502
418833,418842,422137,9,3295,2,7200,1.00273141123
418896,418905,422471,9,3566,2,7200,1.00252383623
418932,418941,423098,9,4157,2,7200,1.00216502285
418947,418955,422346,8,3391,2,7200,1.00235918608
418948,418960,422571,12,3611,2,7200,1.00332317917
419002,419014,422798,12,3784,2,7200,1.00317124736
419041,419050,422606,9,3556,2,7200,1.00253093363
419086,419098,422874,12,3776,2,7200,1.0031779661
419107,419113,422540,6,3427,2,7200,1.00175080245
419143,419150,422597,7,3447,2,7200,1.00203075138
419179,419186,422724,7,3538,2,7200,1.00197851894
419193,419201,422728,8,3527,2,7200,1.00226821661
421912,422363,422554,451,191,2,144000,3.3612565445
422142,422148,425773,6,3625,2,7200,1.00165517241
422172,422179,425937,7,3758,2,7200,1.00186269292
422238,422245,425990,7,3745,2,7200,1.00186915888
422349,422355,425586,6,3231,2,7200,1.00185701021
422400,422411,425852,11,3441,2,7200,1.00319674513
422472,422483,426126,11,3643,2,7200,1.00301948943
422541,422552,426374,11,3822,2,7200,1.00287807431
422574,422586,425798,12,3212,2,7200,1.00373599004
422598,422605,425924,7,3319,2,7200,1.002109069
422613,422621,426103,8,3482,2,7200,1.00229753016
422728,422735,425927,7,3192,2,7200,1.00219298246
422742,422750,426264,8,3514,2,7200,1.00227660785
422799,422807,426515,8,3708,2,7200,1.0021574973
422874,422881,426366,7,3485,2,7200,1.00200860832
423100,423107,426671,7,3564,2,7200,1.0019640853
425587,425594,429039,7,3445,2,7200,1.00203193033
425773,425780,429230,7,3450,2,7200,1.00202898551
425800,425807,429230,7,3423,2,7200,1.00204498978
425854,425861,429783,7,3922,2,7200,1.00178480367
425927,425934,429425,7,3491,2,7200,1.00200515612
425942,425949,429615,7,3666,2,7200,1.00190943808
425943,425956,429466,13,3510,2,7200,1.0037037037
425992,426002,429375,10,3373,2,7200,1.00296471983
426106,426115,429984,9,3869,2,7200,1.00232618248
426127,426135,429628,8,3493,2,7200,1.00229029488
426266,426278,429943,12,3665,2,7200,1.00327421555
426368,426375,429958,7,3583,2,7200,1.00195367011
426383,426394,429737,11,3343,2,7200,1.00329045767
426519,426526,430206,7,3680,2,7200,1.00190217391
426672,426680,430052,8,3372,2,7200,1.00237247924
427679,438079,448893,10400,10814,8,10800,1.96171629369
427834,427880,429509,46,1629,1,1810,1.02823818293
427850,427930,429510,80,1580,1,1810,1.05063291139
427875,428233,429814,358,1581,1,1810,1.22643896268
427885,428268,429819,383,1551,1,1810,1.2469374597
427901,428314,428328,413,14,1,1810,30.5
427917,428341,428345,424,4,1,1810,42.8
429040,429046,432316,6,3270,2,7200,1.00183486239
429232,429239,432891,7,3652,2,7200,1.00191675794
429234,429246,433149,12,3903,2,7200,1.00307455803
429378,429384,433013,6,3629,2,7200,1.00165334803
429424,457393,457394,27969,1,1,240,2797.0
429426,429434,433036,8,3602,2,7200,1.00222098834
429468,429475,433186,7,3711,2,7200,1.00188628402
429615,429623,433025,8,3402,2,7200,1.00235155791
429630,429637,433410,7,3773,2,7200,1.00185528757
429738,429746,433633,8,3887,2,7200,1.00205814253
429783,429789,433190,6,3401,2,7200,1.001764187
429946,429953,433351,7,3398,2,7200,1.00206003531
429961,429970,433652,9,3682,2,7200,1.00244432374
429985,429996,433499,11,3503,2,7200,1.00314016557
430054,430065,433773,11,3708,2,7200,1.00296655879
430207,430219,433504,12,3285,2,7200,1.00365296804
432317,432329,435827,12,3498,2,7200,1.00343053173
432893,432903,436265,10,3362,2,7200,1.00297441999
433017,433026,436342,9,3316,2,7200,1.00271411339
433035,433041,436813,6,3772,2,7200,1.00159066808
433050,433056,436606,6,3550,2,7200,1.00169014085
433152,433161,436978,9,3817,2,7200,1.00235787267
433188,433199,436401,11,3202,2,7200,1.0034353529
433204,433210,436650,6,3440,2,7200,1.00174418605
433354,433363,436857,9,3494,2,7200,1.0025758443
433413,433420,436857,7,3437,2,7200,1.00203665988
433503,433511,436963,8,3452,2,7200,1.0023174971
433518,433525,437030,7,3505,2,7200,1.00199714693
433636,433643,437363,7,3720,2,7200,1.00188172043
433655,433662,437026,7,3364,2,7200,1.00208085612
433775,433781,437455,6,3674,2,7200,1.00163309744
435831,435838,439224,7,3386,2,7200,1.00206733609
436267,436274,439831,7,3557,2,7200,1.00196795052
436345,436352,439692,7,3340,2,7200,1.00209580838
436402,436409,439508,7,3099,2,7200,1.00225879316
436607,436613,439982,6,3369,2,7200,1.0017809439
436652,436658,440582,6,3924,2,7200,1.00152905199
436814,436820,440314,6,3494,2,7200,1.00171722954
436859,436871,440292,12,3421,2,7200,1.00350774627
436861,436876,440240,15,3364,2,7200,1.00445897741
436966,436972,440450,6,3478,2,7200,1.00172512938
436981,436988,440718,7,3730,2,7200,1.0018766756
437027,437033,441015,6,3982,2,7200,1.00150678051
437042,437049,440595,7,3546,2,7200,1.00197405527
437364,437375,441416,11,4041,2,7200,1.00272209849
437458,437470,441346,12,3876,2,7200,1.00309597523
438183,500104,561886,61921,61782,4,72000,2.00224984623
439225,439236,442813,11,3577,2,7200,1.00307520268
439511,439520,443011,9,3491,2,7200,1.00257805786
439694,439704,443053,10,3349,2,7200,1.00298596596
439832,439843,443403,11,3560,2,7200,1.00308988764
439986,439995,443834,9,3839,2,7200,1.00234436051
440243,440253,443926,10,3673,2,7200,1.00272257011
440294,440304,444116,10,3812,2,7200,1.00262329486
440315,440326,444292,11,3966,2,7200,1.00277357539
440454,440462,443885,8,3423,2,7200,1.00233713117
440583,440594,444431,11,3837,2,7200,1.00286682304
440598,440607,443629,9,3022,2,7200,1.00297816016
440642,457267,457373,16625,106,1,3600,157.839622642
440721,440731,444094,10,3363,2,7200,1.00297353553
441017,441028,444759,11,3731,2,7200,1.00294827124
441348,441358,444906,10,3548,2,7200,1.00281848929
441417,441429,444849,12,3420,2,7200,1.00350877193
442816,442826,446379,10,3553,2,7200,1.00281452294
443012,443024,446504,12,3480,2,7200,1.00344827586
443054,443065,446741,11,3676,2,7200,1.00299238303
443406,443415,447396,9,3981,2,7200,1.00226073851
443631,443641,446990,10,3349,2,7200,1.00298596596
443837,443847,447385,10,3538,2,7200,1.00282645562
443885,443897,447029,12,3132,2,7200,1.00383141762
443927,443938,447133,11,3195,2,7200,1.0034428795
444096,444106,447438,10,3332,2,7200,1.00300120048
444117,444128,447750,11,3622,2,7200,1.00303699613
444213,457306,457374,13093,68,1,1800,193.544117647
444296,444304,447760,8,3456,2,7200,1.00231481481
444434,444440,448197,6,3757,2,7200,1.0015970189
444546,457363,457477,12817,114,1,3600,113.429824561
444762,444769,448329,7,3560,2,7200,1.00196629213
444852,444859,448502,7,3643,2,7200,1.00192149327
444909,444917,448616,8,3699,2,7200,1.00216274669
446382,446390,449933,8,3543,2,7200,1.00225797347
446508,446517,449674,9,3157,2,7200,1.00285080773
446742,446749,450020,7,3271,2,7200,1.00214001834
446992,446999,450803,7,3804,2,7200,1.00184016824
447031,447038,450776,7,3738,2,7200,1.00187265918
447136,447142,450343,6,3201,2,7200,1.00187441425
447386,447397,450716,11,3319,2,7200,1.00331425128
447401,447408,450639,7,3231,2,7200,1.00216651192
447440,447446,450984,6,3538,2,7200,1.00169587337
447753,447759,451258,6,3499,2,7200,1.00171477565
447768,447774,451492,6,3718,2,7200,1.00161377084
448198,448204,451911,6,3707,2,7200,1.00161855948
448331,448341,451733,10,3392,2,7200,1.00294811321
448502,448514,452067,12,3553,2,7200,1.00337742753
448616,448628,452272,12,3644,2,7200,1.00329308452
449676,449687,453090,11,3403,2,7200,1.00323244196
449935,449944,453739,9,3795,2,7200,1.0023715415
450022,450032,453687,10,3655,2,7200,1.00273597811
450344,450355,454153,11,3798,2,7200,1.00289626119
450642,450651,454181,9,3530,2,7200,1.00254957507
450717,450728,454339,11,3611,2,7200,1.00304624758
450777,450786,454666,9,3880,2,7200,1.00231958763
450806,450813,454861,7,4048,2,7200,1.00172924901
450986,450993,454589,7,3596,2,7200,1.00194660734
451260,451270,454737,10,3467,2,7200,1.00288433804
451492,451502,454724,10,3222,2,7200,1.00310366232
451736,451742,455404,6,3662,2,7200,1.00163844894
451913,451919,455403,6,3484,2,7200,1.00172215844
452070,452081,455597,11,3516,2,7200,1.00312855518
452143,457388,457462,5245,74,1,1800,71.8783783784
452274,452287,455892,13,3605,2,7200,1.00360610264
453093,453100,456539,7,3439,2,7200,1.00203547543
453689,453696,457166,7,3470,2,7200,1.00201729107
453740,453747,457188,7,3441,2,7200,1.00203429236
454155,454162,457983,7,3821,2,7200,1.00183198116
454182,454189,457812,7,3623,2,7200,1.00193210047
454341,454348,457816,7,3468,2,7200,1.00201845444
454591,454601,457909,10,3308,2,7200,1.00302297461
454669,454678,458121,9,3443,2,7200,1.00261399942
454726,454736,458015,10,3279,2,7200,1.00304971028
454741,454750,458317,9,3567,2,7200,1.00252312868
454861,454867,458055,6,3188,2,7200,1.00188205772
455406,455412,458970,6,3558,2,7200,1.00168634064
455408,455420,458943,12,3523,2,7200,1.00340618791
455600,455607,459055,7,3448,2,7200,1.00203016241
455895,455901,459093,6,3192,2,7200,1.00187969925
456542,456548,460029,6,3481,2,7200,1.00172364263
457368,457375,460625,7,3250,2,7200,1.00215384615
457369,457381,461451,12,4070,2,7200,1.00294840295
457522,457528,457708,6,180,1,3600,1.03333333333
457560,457566,457728,6,162,1,1800,1.03703703704
457734,457740,457992,6,252,1,3600,1.02380952381
457784,457791,457880,7,89,1,1800,1.07865168539
457815,457821,461192,6,3371,2,7200,1.00177988727
457830,457836,461822,6,3986,2,7200,1.00150526844
457840,457890,458151,50,261,1,3600,1.19157088123
457911,457919,461587,8,3668,2,7200,1.00218102508
457937,457943,458039,6,96,1,1800,1.0625
457983,457990,461494,7,3504,2,7200,1.00199771689
458017,458023,461744,6,3721,2,7200,1.00161246977
458058,458065,461833,7,3768,2,7200,1.00185774947
458124,458130,461588,6,3458,2,7200,1.001735107
458217,458223,458902,6,679,1,3600,1.0088365243
458269,473328,502172,15059,28844,16,28800,1.52208431563
458269,502184,531016,43915,28832,16,28800,2.52313401776
458270,531028,559859,72758,28831,16,28800,3.52360306614
458271,584026,612835,125755,28809,16,28800,5.36512895276
458271,612849,641679,154578,28830,16,28800,6.36170655567
458272,641691,670528,183419,28837,16,28800,7.36054374588
458273,670541,699367,212268,28826,16,28800,8.36376881982
458274,728774,757581,270500,28807,16,28800,10.3900788003
458274,699380,728213,241106,28833,16,28800,9.36215447577
458275,757616,786423,299341,28807,16,28800,11.391259069
458321,458327,462314,6,3987,2,7200,1.0015048909
458322,458334,458696,12,362,1,1800,1.03314917127
458377,458384,458932,7,548,1,3600,1.01277372263
458453,458459,458681,6,222,1,1800,1.02702702703
458944,458952,462270,8,3318,2,7200,1.00241109102
458972,458979,462640,7,3661,2,7200,1.00191204589
459056,459062,462855,6,3793,2,7200,1.00158186132
459094,459101,462371,7,3270,2,7200,1.00214067278
459287,459293,459301,6,8,1,1800,1.4
459343,459350,459355,7,5,1,3600,1.2
459433,459440,459478,7,38,1,1800,1.18421052632
459462,459468,459549,6,81,1,3600,1.07407407407
459654,459784,459862,130,78,1,3600,2.66666666667
459661,459833,460071,172,238,1,3600,1.72268907563
459666,459872,459949,206,77,1,1800,3.67532467532
459741,459959,459996,218,37,1,1800,6.89189189189
459994,460006,460238,12,232,1,3600,1.05172413793
460030,460037,463294,7,3257,2,7200,1.00214921707
460207,460213,460281,6,68,1,1800,1.08823529412
460303,460310,460775,7,465,1,3600,1.01505376344
460396,460403,460559,7,156,1,1800,1.04487179487
460518,460569,461016,51,447,1,3600,1.11409395973
460582,460679,469198,97,8519,1,18000,1.01138631295
460626,460633,463766,7,3133,2,7200,1.00223428024
460869,460875,461113,6,238,1,1800,1.02521008403
461193,461200,463766,7,2566,2,7200,1.00272798129
461274,461281,461287,7,6,1,3600,1.3
461403,461410,461519,7,109,1,3600,1.06422018349
461455,461461,463766,6,2305,2,7200,1.00260303688
461497,461503,463766,6,2263,2,7200,1.00265134777
461585,461592,462678,7,1086,1,172800,1.00644567219
461587,461598,463766,11,2168,2,7200,1.00507380074
461602,461609,463766,7,2157,2,7200,1.00324524803
461651,461764,462025,113,261,1,3600,1.43295019157
461672,461759,512259,87,50500,1,172800,1.00172277228
461746,461752,463768,6,2016,2,7200,1.00297619048
461755,462036,516604,281,54568,1,172800,1.00514953819
461824,461830,463766,6,1936,2,7200,1.00309917355
461839,461846,463766,7,1920,2,7200,1.00364583333
461961,462575,471148,614,8573,1,18000,1.07162020296
461988,462062,529322,74,67260,1,172800,1.00110020815
462047,462287,515327,240,53040,1,172800,1.00452488688
462113,462292,507243,179,44951,1,172800,1.00398211386
462224,462328,505874,104,43546,1,172800,1.00238827906
462259,462333,462755,74,422,1,3600,1.17535545024
462273,462280,463766,7,1486,2,7200,1.00471063257
462315,462321,463766,6,1445,2,7200,1.00415224913
462372,462378,463766,6,1388,2,7200,1.00432276657
462643,462650,463766,7,1116,2,7200,1.00627240143
462857,462864,463766,7,902,2,7200,1.00776053215
463247,465207,473315,1960,8108,16,13800,1.24173655649
463291,463298,463304,7,6,1,3600,1.3
463297,463305,463766,8,461,2,7200,1.01735357918
463419,463426,463507,7,81,1,3600,1.08641975309
463477,463484,463485,7,1,1,1810,1.0
463478,463496,463497,18,1,1,1810,1.9
463478,463489,463490,11,1,1,1810,1.2
463480,463525,463526,45,1,1,1810,4.6
463480,463520,463521,40,1,1,1810,4.1
463641,463648,463889,7,241,1,3600,1.02904564315
463779,463924,487678,145,23754,6,36000,1.00610423508
463805,463811,463844,6,33,2,7200,1.18181818182
463807,463817,463849,10,32,2,7200,1.3125
463808,463823,463855,15,32,2,7200,1.46875
463809,463828,463855,19,27,2,7200,1.7037037037
463811,463834,463855,23,21,2,7200,2.09523809524
463812,463840,463855,28,15,2,7200,2.86666666667
463813,463846,463855,33,9,2,7200,4.2
463815,463851,463855,36,4,2,7200,4.0
463816,463857,463858,41,1,2,7200,4.2
463818,463862,463863,44,1,2,7200,4.5
463819,463867,463868,48,1,2,7200,4.9
463882,463888,467359,6,3471,2,7200,1.00172860847
463883,463895,467693,12,3798,2,7200,1.00315955766
463884,463900,467048,16,3148,2,7200,1.00508259212
463886,463906,467466,20,3560,2,7200,1.00561797753
463887,463911,467803,24,3892,2,7200,1.00616649538
463889,463917,467856,28,3939,2,7200,1.00710840315
463890,463929,467291,39,3362,2,7200,1.01160023795
463892,463934,467270,42,3336,2,7200,1.01258992806
463893,463940,467118,47,3178,2,7200,1.01478917558
463895,463945,467251,50,3306,2,7200,1.01512401694
463896,463951,467497,55,3546,2,7200,1.01551043429
463898,463956,467369,58,3413,2,7200,1.01699384706
463899,463961,467442,62,3481,2,7200,1.01781097386
463900,463967,467297,67,3330,2,7200,1.02012012012
463902,463972,467856,70,3884,2,7200,1.01802265705
464142,464673,465049,531,376,1,3600,2.41223404255
464728,464736,480458,8,15722,1,36000,1.00050884111
464948,464954,465017,6,63,1,86400,1.09523809524
465085,469209,495631,4124,26422,8,36000,1.15608205283
465224,465348,723578,124,258230,10,540000,1.00048019208
465312,465324,466944,12,1620,1,3600,1.00740740741
465460,466320,685619,860,219299,10,540000,1.00392158651
465539,465951,515159,412,49208,1,86400,1.00837262234
465587,465959,510502,372,44543,1,86400,1.00835148059
465635,466117,510256,482,44139,1,86400,1.01092004803
465713,465863,466864,150,1001,1,1810,1.14985014985
465714,465876,465915,162,39,1,1810,5.15384615385
465714,465882,465919,168,37,1,1810,5.54054054054
465714,465871,466864,157,993,1,1810,1.15810674723
465715,465926,465931,211,5,1,1810,21.6
465715,465889,466839,174,950,1,1810,1.18315789474
465716,465943,465948,227,5,1,1810,23.2
465716,465933,465937,217,4,1,1810,22.1
466313,466875,467792,562,917,2,900,1.61286804798
466922,466928,467809,6,881,1,1810,1.00681044268
466936,466956,467946,20,990,1,1810,1.0202020202
466950,467135,468075,185,940,1,1810,1.19680851064
467052,467059,467856,7,797,2,7200,1.00878293601
467121,467128,467856,7,728,2,7200,1.00961538462
467253,467260,467856,7,596,2,7200,1.01174496644
467271,467278,467857,7,579,2,7200,1.01208981002
467295,467302,467857,7,555,2,7200,1.01261261261
467309,467316,467857,7,541,2,7200,1.01293900185
467360,467367,467857,7,490,2,7200,1.01428571429
467375,467381,467857,6,476,2,7200,1.01260504202
467423,467804,467810,381,6,1,1810,38.7
467444,467451,467857,7,406,2,7200,1.01724137931
467465,467471,467857,6,386,2,7200,1.01554404145
467498,467505,467857,7,352,2,7200,1.01988636364
467648,467809,468683,161,874,1,1810,1.18421052632
467962,467969,471626,7,3657,2,7200,1.00191413727
467963,467975,471368,12,3393,2,7200,1.00353669319
467964,467981,471549,17,3568,2,7200,1.00476457399
467966,467986,471505,20,3519,2,7200,1.00568343279
467967,467991,471909,24,3918,2,7200,1.00612557427
467968,467997,471814,29,3817,2,7200,1.00759758973
467970,468003,471852,33,3849,2,7200,1.00857365549
467971,468009,471891,38,3882,2,7200,1.00978876868
467973,468014,471403,41,3389,2,7200,1.012097964
467974,468020,471845,46,3825,2,7200,1.01202614379
467975,468025,471834,50,3809,2,7200,1.01312680494
467977,468030,471564,53,3534,2,7200,1.01499717035
467978,468036,471374,58,3338,2,7200,1.01737567406
467980,468041,471302,61,3261,2,7200,1.01870591843
467981,468047,472132,66,4085,2,7200,1.01615667075
468053,468060,468931,7,871,1,1810,1.00803673938
468327,468335,469213,8,878,1,1810,1.00911161731
468398,468694,468702,296,8,2,900,30.4
469064,470000,470072,936,72,4,3600,14.0
469094,469101,469989,7,888,1,1810,1.00788288288
469102,469110,469980,8,870,1,1810,1.0091954023
469319,470083,470152,764,69,4,3600,12.0724637681
469547,469554,470488,7,934,1,1810,1.00749464668
469928,469934,469943,6,9,1,1810,1.5
469951,678998,679001,209047,3,20,86399,20905.0
469956,472526,545982,2570,73456,8,345600,1.03498693095
469980,506475,506832,36495,357,8,900,103.226890756
470005,470163,471045,158,882,1,1810,1.179138322
470013,470169,471057,156,888,1,1810,1.17567567568
470035,679013,679015,208978,2,20,86399,20898.0
470545,470552,471429,7,877,1,1810,1.00798175599
471050,471056,471135,6,79,1,3540,1.07594936709
471212,471219,472090,7,871,1,1810,1.00803673938
471305,471312,472512,7,1200,2,7200,1.00583333333
471342,471381,471448,39,67,4,600,1.58208955224
471368,471374,472512,6,1138,2,7200,1.00527240773
471374,471386,472269,12,883,1,1630,1.01359003398
471380,471440,472348,60,908,1,1630,1.06607929515
471383,471393,472512,10,1119,2,7200,1.00893655049
471405,471412,472512,7,1100,2,7200,1.00636363636
471509,471516,472512,7,996,2,7200,1.00702811245
471550,471558,472512,8,954,2,7200,1.00838574423
471565,471571,472512,6,941,2,7200,1.00637619554
471629,471636,472512,7,876,2,7200,1.00799086758
471720,471726,514949,6,43223,4,43200,1.00013881498
471819,471825,472512,6,687,2,7200,1.00873362445
471821,472543,472550,722,7,4,3600,72.9
471837,471843,472512,6,669,2,7200,1.00896860987
471851,471858,472512,7,654,2,7200,1.01070336391
471866,471872,472512,6,640,2,7200,1.009375
471877,472587,472661,710,74,4,3600,10.5945945946
471893,471899,472512,6,613,2,7200,1.00978792822
471911,471917,472512,6,595,2,7200,1.01008403361
472134,472142,472512,8,370,2,7200,1.02162162162
472347,679027,679029,206680,2,20,7199,20668.2
472545,472552,475976,7,3424,2,7200,1.00204439252
472547,472559,476045,12,3486,2,7200,1.00344234079
472548,472564,476304,16,3740,2,7200,1.00427807487
472550,472569,475719,19,3150,2,7200,1.00603174603
472551,472575,476551,24,3976,2,7200,1.0060362173
472553,472580,475927,27,3347,2,7200,1.00806692561
472554,472592,475779,38,3187,2,7200,1.01192343897
472556,472597,475796,41,3199,2,7200,1.01281650516
472557,472603,475925,46,3322,2,7200,1.01384708007
472559,472608,475871,49,3263,2,7200,1.01501685565
472560,472614,476219,54,3605,2,7200,1.01497919556
472562,472619,476006,57,3387,2,7200,1.01682905226
472563,472624,475888,61,3264,2,7200,1.01868872549
472565,472630,475942,65,3312,2,7200,1.01962560386
472566,472635,476039,69,3404,2,7200,1.02027027027
472670,679041,686284,206371,7243,20,7199,29.4924754936
472734,472741,473679,7,938,1,1630,1.00746268657
472742,472749,473677,7,928,1,1630,1.00754310345
472748,472755,473696,7,941,1,1630,1.00743889479
472755,472761,472781,6,20,1,1630,1.3
472764,681457,688696,208693,7239,20,7199,29.8289819036
472822,550719,740319,77897,189600,18,198000,1.41084915612
472997,473004,730175,7,257171,1,345600,1.00002721924
473053,699553,706786,226500,7233,20,7199,32.314807134
473358,473690,473994,332,304,2,3600,2.09210526316
473867,473874,474758,7,884,1,1630,1.00791855204
473874,474007,474919,133,912,1,1630,1.14583333333
473879,474013,474931,134,918,1,1630,1.14596949891
473983,475621,475633,1638,12,4,3600,137.5
474892,474898,475791,6,893,1,1510,1.00671892497
474901,474930,475807,29,877,1,1510,1.0330672748
474950,474956,475837,6,881,1,1510,1.00681044268
475672,475802,842979,130,367177,1,576000,1.00035405268
475722,475730,479403,8,3673,2,7200,1.00217805608
475778,475819,792389,41,316570,1,576000,1.00012951322
475782,475791,479089,9,3298,2,7200,1.00272892662
475796,475809,478780,13,2971,2,7200,1.0043756311
475808,475848,851850,40,376002,1,576000,1.00010638241
475827,477281,867361,1454,390080,1,576000,1.00372744053
475875,475883,479133,8,3250,2,7200,1.00246153846
475890,475900,479117,10,3217,2,7200,1.00310848617
475929,475937,479387,8,3450,2,7200,1.00231884058
475930,475944,479403,14,3459,2,7200,1.00404741255
475945,475953,479505,8,3552,2,7200,1.00225225225
475978,475988,479496,10,3508,2,7200,1.00285062714
476008,476017,479731,9,3714,2,7200,1.00242326333
476041,476051,479317,10,3266,2,7200,1.00306184936
476056,476063,479614,7,3551,2,7200,1.0019712757
476061,477287,809130,1226,331843,1,576000,1.00369451819
476093,480308,782630,4215,302322,1,576000,1.01394208824
476108,480470,810624,4362,330154,1,576000,1.01321201621
476122,487695,839235,11573,351540,1,576000,1.03292086249
476133,487700,825292,11567,337592,1,576000,1.03426325268
476147,487994,852677,11847,364683,1,576000,1.0324857479
476158,487999,829931,11841,341932,1,576000,1.03462969245
476171,488005,805346,11834,317341,1,576000,1.03729111587
476185,488010,810240,11825,322230,1,576000,1.03669739006
476222,476230,479657,8,3427,2,7200,1.00233440327
476261,477276,486249,1015,8973,8,57600,1.11311712917
476306,476316,479610,10,3294,2,7200,1.00303582271
476320,487721,487733,11401,12,4,3600,951.083333333
476555,476562,479789,7,3227,2,7200,1.0021691974
477324,500825,529709,23501,28884,14,57600,1.81363384573
477921,529720,860951,51799,331231,10,331200,1.15638330953
478273,490512,491444,12239,932,1,1510,14.1319742489
478285,491457,492338,13172,881,1,1510,15.9511918275
478293,492350,493227,14057,877,1,1510,17.0285062714
478312,492807,493703,14495,896,1,1510,17.1774553571
478784,478791,482211,7,3420,2,7200,1.00204678363
479093,479101,482330,8,3229,2,7200,1.00247754723
479120,479129,482552,9,3423,2,7200,1.00262927257
479134,479144,482605,10,3461,2,7200,1.00288933834
479320,479329,482708,9,3379,2,7200,1.00266350991
479389,479399,482845,10,3446,2,7200,1.00290191526
479404,479414,482533,10,3119,2,7200,1.00320615582
479406,479420,482936,14,3516,2,7200,1.0039817975
479501,479507,483210,6,3703,2,7200,1.00162030786
479516,479523,483126,7,3603,2,7200,1.00194282542
479614,479622,482779,8,3157,2,7200,1.00253405131
479629,479635,483558,6,3923,2,7200,1.00152944175
479659,479669,482711,10,3042,2,7200,1.00328731098
479734,479742,483219,8,3477,2,7200,1.00230083405
479791,479801,483304,10,3503,2,7200,1.00285469597
480767,535822,535903,55055,81,2,28800,680.691358025
481158,486261,498871,5103,12610,8,12600,1.40467882633
482214,482226,485533,12,3307,2,7200,1.00362866647
482332,482342,485835,10,3493,2,7200,1.00286286859
482538,482545,486134,7,3589,2,7200,1.00195040401
482552,482564,485675,12,3111,2,7200,1.00385728062
482606,482616,485901,10,3285,2,7200,1.00304414003
482708,482719,486307,11,3588,2,7200,1.0030657748
482723,482729,486170,6,3441,2,7200,1.00174367916
482780,482790,486450,10,3660,2,7200,1.00273224044
482817,535251,538395,52434,3144,1,108000,17.677480916
482818,535397,544407,52579,9010,1,108000,6.83562708102
482846,482858,486403,12,3545,2,7200,1.00338504937
482939,482948,486342,9,3394,2,7200,1.00265173836
482954,535661,541897,52707,6236,1,108000,9.45205259782
483036,495644,506463,12608,10819,8,10800,2.16535724189
483131,483138,486199,7,3061,2,7200,1.00228683437
483212,483222,486729,10,3507,2,7200,1.00285143998
483227,483233,486756,6,3523,2,7200,1.00170309395
483307,483316,486706,9,3390,2,7200,1.00265486726
483474,483570,487345,96,3775,2,7200,1.02543046358
483476,485545,488891,2069,3346,2,7200,1.61835026898
483477,485687,489016,2210,3329,2,7200,1.66386302193
483478,485847,489260,2369,3413,2,7200,1.694110753
483480,485913,489362,2433,3449,2,7200,1.70542186141
483759,671514,681445,187755,9931,20,21599,19.9059510623
484651,492818,493190,8167,372,1,3540,22.9543010753
485711,487690,487709,1979,19,4,34200,105.157894737
486138,486145,489736,7,3591,2,7200,1.00194931774
486171,486182,489634,11,3452,2,7200,1.00318655852
486201,486210,490027,9,3817,2,7200,1.00235787267
486309,486320,490041,11,3721,2,7200,1.00295619457
486346,486354,489667,8,3313,2,7200,1.00241472985
486406,486414,489930,8,3516,2,7200,1.00227531286
486450,486461,489845,11,3384,2,7200,1.00325059102
486669,492823,492827,6154,4,1,25200,615.8
486670,492866,493637,6196,771,1,25200,9.03631647211
486670,493203,493205,6533,2,1,25200,653.5
486671,493236,493237,6565,1,1,25200,656.6
486671,493250,493251,6579,1,1,25200,658.0
486671,493257,493258,6586,1,1,25200,658.7
486671,493243,493245,6572,2,1,25200,657.4
486672,493278,493769,6606,491,1,25200,14.4541751527
486672,493264,493265,6592,1,1,25200,659.3
486672,493271,493397,6599,126,1,25200,53.373015873
486673,493456,493483,6783,27,1,25200,252.222222222
486673,493413,493417,6740,4,1,25200,674.4
486674,493641,493946,6967,305,1,25200,23.8426229508
486674,493650,493658,6976,8,1,25200,698.4
486674,493496,493629,6822,133,1,25200,52.2932330827
486675,493716,493717,7041,1,1,25200,704.2
486675,493683,493714,7008,31,1,25200,227.064516129
486676,493727,493729,7051,2,1,25200,705.3
486676,493746,494583,7070,837,1,25200,9.4468339307
486676,493740,493852,7064,112,1,25200,64.0714285714
486677,493906,504799,7229,10893,1,25200,1.6636371982
486677,493781,497479,7104,3698,1,25200,2.92103839913
486677,493864,493893,7187,29,1,25200,248.827586207
486677,493753,495052,7076,1299,1,25200,6.44726712856
486678,494944,494948,8266,4,1,25200,827.0
486678,494611,495823,7933,1212,1,25200,7.54537953795
486678,494596,494599,7918,3,1,25200,792.1
486678,493958,494932,7280,974,1,25200,8.47433264887
486679,494960,494961,8281,1,1,25200,828.2
486679,495064,495068,8385,4,1,25200,838.9
486679,495080,495094,8401,14,1,25200,601.071428571
486679,494973,499699,8294,4726,1,25200,2.75497249259
486680,495120,495122,8440,2,1,25200,844.2
486680,495106,495108,8426,2,1,25200,842.8
486680,495147,495151,8467,4,1,25200,847.1
486681,495163,504822,8482,9659,1,25200,1.87814473548
486681,495851,495876,9170,25,1,25200,367.8
486681,495888,495903,9207,15,1,25200,614.8
486681,495836,495839,9155,3,1,25200,915.8
486682,496056,496061,9374,5,1,25200,937.9
486682,495915,495918,9233,3,1,25200,923.6
486682,495987,496043,9305,56,1,25200,167.160714286
486682,495930,495974,9248,44,1,25200,211.181818182
486683,496334,497256,9651,922,1,25200,11.467462039
486683,496073,496293,9390,220,1,25200,43.6818181818
486683,496305,496309,9622,4,1,25200,962.6
486684,497251,497310,10567,59,1,25200,180.101694915
486684,497276,497280,10592,4,1,25200,1059.6
486684,497269,497333,10585,64,1,25200,166.390625
486684,497256,497263,10572,7,1,25200,1057.9
486685,497308,497309,10623,1,1,25200,1062.4
486685,497321,497333,10636,12,1,25200,887.333333333
486685,497327,497331,10642,4,1,25200,1064.6
486686,497355,499638,10669,2283,1,25200,5.6732369689
486686,497378,497381,10692,3,1,25200,1069.5
486686,497343,497365,10657,22,1,25200,485.409090909
486686,497350,522585,10664,25235,1,25200,1.42258767585
486687,497454,497459,10767,5,1,25200,1077.2
486687,497393,497402,10706,9,1,25200,1071.5
486687,497471,499665,10784,2194,1,25200,5.91522333637
486687,497414,497441,10727,27,1,25200,398.296296296
486688,497494,497570,10806,76,1,25200,143.184210526
486688,497583,497611,10895,28,1,25200,390.107142857
486688,497624,497629,10936,5,1,25200,1094.1
486688,497637,497641,10949,4,1,25200,1095.3
486689,497650,498414,10961,764,1,25200,15.3468586387
486689,497657,497658,10968,1,1,25200,1096.9
486689,497664,497665,10975,1,1,25200,1097.6
486689,497643,497647,10954,4,1,25200,1095.8
486690,497685,497688,10995,3,1,25200,1099.8
486690,497692,497693,11002,1,1,25200,1100.3
486691,497708,497709,11017,1,1,25200,1101.8
486691,497739,499422,11048,1683,1,25200,7.56446821153
486691,497701,497755,11010,54,1,25200,204.888888889
486692,497768,497771,11076,3,1,25200,1107.9
486692,497784,497812,11092,28,1,25200,397.142857143
486692,497824,497828,11132,4,1,25200,1113.6
486693,498050,498106,11357,56,1,25200,203.803571429
486693,498034,498037,11341,3,1,25200,1134.4
486693,497840,497841,11147,1,1,25200,1114.8
486693,497853,498022,11160,169,1,25200,67.0355029586
486694,498426,502427,11732,4001,1,25200,3.93226693327
486694,498119,498565,11425,446,1,25200,26.6165919283
486694,498577,498606,11883,29,1,25200,410.75862069
486694,498618,498640,11924,22,1,25200,543.0
486695,498652,498654,11957,2,1,25200,1195.9
486695,498667,498668,11972,1,1,25200,1197.3
486695,498970,498974,12275,4,1,25200,1227.9
486695,498680,498683,11985,3,1,25200,1198.8
486696,498721,498957,12025,236,1,25200,51.9533898305
486696,498986,501581,12290,2595,1,25200,5.73603082852
486697,499655,499660,12958,5,1,25200,1296.3
486697,499435,499437,12738,2,1,25200,1274.0
486697,499450,501258,12753,1808,1,25200,8.05365044248
486698,499686,499751,12988,65,1,25200,200.815384615
486698,499712,499903,13014,191,1,25200,69.1361256545
486698,499679,500675,12981,996,1,25200,14.0331325301
486699,499793,499794,13094,1,1,25200,1309.5
486699,499764,499768,13065,4,1,25200,1306.9
486700,499807,499808,13107,1,1,25200,1310.8
486700,499868,500161,13168,293,1,25200,45.9419795222
486701,499820,499855,13119,35,1,25200,375.828571429
486701,499915,499918,13214,3,1,25200,1321.7
486701,499930,499994,13229,64,1,25200,207.703125
486701,500007,500037,13306,30,1,25200,444.533333333
486702,500049,500050,13347,1,1,25200,1334.8
486702,500479,500491,13777,12,1,25200,1149.08333333
486702,500211,500239,13509,28,1,25200,483.464285714
486702,498883,519671,12181,20788,8,57600,1.58596305561
486703,500062,500065,13359,3,1,25200,1336.2
486703,500503,500508,13800,5,1,25200,1380.5
486703,500862,505686,14159,4824,1,25200,3.93511608624
486703,500520,502673,13817,2153,1,25200,7.41755689735
486704,500078,500117,13374,39,1,25200,343.923076923
486704,500189,500190,13485,1,1,25200,1348.6
486704,500130,500198,13426,68,1,25200,198.441176471
486704,500173,500176,13469,3,1,25200,1347.2
486705,500202,502149,13497,1947,1,25200,7.93220338983
486705,500252,500254,13547,2,1,25200,1354.9
486705,500370,500373,13665,3,1,25200,1366.8
486705,500266,500357,13561,91,1,25200,150.021978022
486706,500449,500452,13743,3,1,25200,1374.6
486706,500399,500436,13693,37,1,25200,371.081081081
486706,500464,500466,13758,2,1,25200,1376.0
486707,501664,501665,14957,1,1,25200,1495.8
486707,500830,501673,14123,843,1,25200,17.753262159
486707,501037,501840,14330,803,1,25200,18.8455790785
486707,500687,501024,13980,337,1,25200,42.4836795252
486708,501677,502874,14969,1197,1,25200,13.5054302423
486708,500849,500850,14141,1,1,25200,1414.2
486708,501270,526502,14562,25232,1,25200,1.57712428662
486708,500836,500837,14128,1,1,25200,1412.9
486709,501634,501635,14925,1,1,25200,1492.6
486709,501609,501610,14900,1,1,25200,1490.1
486709,501594,501597,14885,3,1,25200,1488.8
486710,501685,501689,14975,4,1,25200,1497.9
486710,501647,501651,14937,4,1,25200,1494.1
486710,501701,501702,14991,1,1,25200,1499.2
486711,501762,503708,15051,1946,1,25200,8.73432682425
486711,486717,490219,6,3502,2,7200,1.00171330668
486711,501852,501974,15141,122,1,25200,125.106557377
486711,501714,501750,15003,36,1,25200,417.75
486712,502053,502624,15341,571,1,25200,27.8669001751
486712,502162,527364,15450,25202,1,25200,1.6130465836
486712,501987,502041,15275,54,1,25200,283.87037037
486713,502469,502475,15756,6,1,25200,1576.2
486713,502456,502457,15743,1,1,25200,1574.4
486713,502440,502444,15727,4,1,25200,1573.1
486713,502487,509097,15774,6610,1,25200,3.38638426626
486714,502709,502710,15995,1,1,25200,1599.6
486714,502673,502676,15959,3,1,25200,1596.2
486714,502651,502661,15937,10,1,25200,1594.7
486714,502636,502639,15922,3,1,25200,1592.5
486715,502685,502692,15970,7,1,25200,1597.7
486715,502716,503010,16001,294,1,25200,55.425170068
486716,502903,502905,16187,2,1,25200,1618.9
486716,502887,502890,16171,3,1,25200,1617.4
486716,502723,503372,16007,649,1,25200,25.6640986133
486717,503023,508419,16306,5396,1,25200,4.02186805041
486717,502931,503757,16214,826,1,25200,20.6295399516
486718,503735,503985,17017,250,1,25200,69.068
486718,503720,503723,17002,3,1,25200,1700.5
486718,503647,503770,16929,123,1,25200,138.634146341
486718,503384,503634,16666,250,1,25200,67.664
486719,503783,529029,17064,25246,1,25200,1.6759090549
486719,503998,504001,17279,3,1,25200,1728.2
486719,503770,504587,17051,817,1,25200,21.8702570379
486719,504014,509302,17295,5288,1,25200,4.27061270802
486720,504600,506291,17880,1691,1,25200,11.5736250739
486720,504813,504816,18093,3,1,25200,1809.6
486720,504913,504930,18193,17,1,25200,1071.17647059
486720,504898,504901,18178,3,1,25200,1818.1
486721,504828,504829,18107,1,1,25200,1810.8
486721,504855,504860,18134,5,1,25200,1813.9
486721,504835,504886,18114,51,1,25200,356.176470588
486722,504884,505060,18162,176,1,25200,104.193181818
486723,505755,505932,19032,177,1,25200,108.525423729
486723,505890,511203,19167,5313,1,25200,4.6075663467
486723,504954,507072,18231,2118,1,25200,9.60764872521
486724,505154,505161,18430,7,1,25200,1843.7
486724,505174,505487,18450,313,1,25200,59.945686901
486724,505499,505503,18775,4,1,25200,1877.9
486724,505073,505141,18349,68,1,25200,270.838235294
486725,505515,505552,18790,37,1,25200,508.837837838
486725,505564,520974,18839,15410,1,25200,2.22251784555
486725,505699,505705,18974,6,1,25200,1898.0
486726,505945,507997,19219,2052,1,25200,10.3659844055
486726,506304,506327,19578,23,1,25200,852.217391304
486726,506340,506343,19614,3,1,25200,1961.7
486727,506642,513774,19915,7132,1,25200,3.79234436343
486727,506391,522061,19664,15670,1,25200,2.25488194001
486727,506385,506390,19658,5,1,25200,1966.3
486727,506368,506614,19641,246,1,25200,80.8414634146
486728,506403,506812,19675,409,1,25200,49.1051344743
486728,506627,506629,19899,2,1,25200,1990.1
486728,506824,506827,20096,3,1,25200,2009.9
486728,506863,506865,20135,2,1,25200,2013.7
486729,506880,506927,20151,47,1,25200,429.744680851
486729,506874,506875,20145,1,1,25200,2014.6
486729,506869,507018,20140,149,1,25200,136.167785235
486730,506887,506888,20157,1,1,25200,2015.8
486730,506892,506893,20162,1,1,25200,2016.3
486730,506921,506986,20191,65,1,25200,311.630769231
486730,506928,507494,20198,566,1,25200,36.6855123675
486731,506900,506901,20169,1,1,25200,2017.0
486731,506939,510842,20208,3903,1,25200,6.17755572636
486731,506913,506914,20182,1,1,25200,2018.3
486732,508262,508265,21530,3,1,25200,2153.3
486732,508009,508399,21277,390,1,25200,55.5564102564
486732,508277,509711,21545,1434,1,25200,16.0244072524
486732,486740,490115,8,3375,2,7200,1.00237037037
486732,506999,521020,20267,14021,1,25200,2.44547464518
486733,507031,507147,20298,116,1,25200,175.982758621
486733,507084,507701,20351,617,1,25200,33.9837925446
486733,507160,507162,20427,2,1,25200,2042.9
486733,507175,507178,20442,3,1,25200,2044.5
486734,507259,507544,20525,285,1,25200,73.0175438596
486734,507190,507844,20456,654,1,25200,32.2782874618
486734,507508,507511,20774,3,1,25200,2077.7
486734,508329,508339,21595,10,1,25200,2160.5
486735,507715,507728,20980,13,1,25200,1614.84615385
486735,507580,508316,20845,736,1,25200,29.3220108696
486735,507556,507567,20821,11,1,25200,1893.81818182
486736,508352,509357,21616,1005,1,25200,22.5084577114
486736,508411,508416,21675,5,1,25200,2168.0
486736,508428,508429,21692,1,1,25200,2169.3
486736,507740,508250,21004,510,1,25200,42.1843137255
486737,508435,508438,21698,3,1,25200,2170.1
486737,508442,508763,21705,321,1,25200,68.6168224299
486738,508774,508778,22036,4,1,25200,2204.0
486738,508463,511261,21725,2798,1,25200,8.76447462473
486739,508817,508820,22078,3,1,25200,2208.1
486739,508790,508792,22051,2,1,25200,2205.3
486739,509238,509671,22499,433,1,25200,52.96073903
486740,509110,509118,22370,8,1,25200,2237.8
486740,509130,509184,22390,54,1,25200,415.62962963
486740,509196,509200,22456,4,1,25200,2246.0
486740,508832,509234,22092,402,1,25200,55.9552238806
486741,509315,509335,22574,20,1,25200,1129.7
486741,509246,509249,22505,3,1,25200,2250.8
486741,509348,509380,22607,32,1,25200,707.46875
486741,509263,509810,22522,547,1,25200,42.1736745887
486742,509393,511115,22651,1722,1,25200,14.1538908246
486742,509369,510416,22627,1047,1,25200,22.6112702961
486742,510343,510350,23601,7,1,25200,2360.8
486742,509684,509686,22942,2,1,25200,2294.4
486743,509768,510531,23025,763,1,25200,31.1769331586
486743,509723,509743,22980,20,1,25200,1150.0
486743,509698,510237,22955,539,1,25200,43.5881261596
486744,509822,509827,23078,5,1,25200,2308.3
486744,509839,510533,23095,694,1,25200,34.2780979827
486744,510249,510462,23505,213,1,25200,111.352112676
486745,510296,510297,23551,1,1,25200,2355.2
486745,510311,510330,23566,19,1,25200,1241.31578947
486746,510331,510332,23585,1,1,25200,2358.6
486746,510350,510358,23604,8,1,25200,2361.2
486746,510667,510675,23921,8,1,25200,2392.9
486746,510362,510395,23616,33,1,25200,716.636363636
486747,510428,510586,23681,158,1,25200,150.879746835
486747,510370,510602,23623,232,1,25200,102.823275862
486747,510475,510478,23728,3,1,25200,2373.1
486747,510408,510482,23661,74,1,25200,320.743243243
486748,510497,510522,23749,25,1,25200,950.96
486748,510490,510850,23742,360,1,25200,66.95
486748,510518,510537,23770,19,1,25200,1252.05263158
486749,510544,510654,23795,110,1,25200,217.318181818
486749,510551,535790,23802,25239,1,25200,1.94306430524
486749,510562,510565,23813,3,1,25200,2381.6
486749,510556,510787,23807,231,1,25200,104.060606061
486750,510577,511857,23827,1280,1,25200,19.61484375
486750,510614,515898,23864,5284,1,25200,5.51627554883
486750,510599,535810,23849,25211,1,25200,1.94597596287
486750,510687,510725,23937,38,1,25200,630.921052632
486751,510854,521185,24103,10331,1,25200,3.33307521053
486751,510737,510938,23986,201,1,25200,120.333333333
486751,510818,510819,24067,1,1,25200,2406.8
486751,510800,510806,24049,6,1,25200,2405.5
486752,510862,510870,24110,8,1,25200,2411.8
486752,510883,510920,24131,37,1,25200,653.189189189
486752,510831,511998,24079,1167,1,25200,21.6332476435
486753,510950,510953,24197,3,1,25200,2420.0
486753,510933,511014,24180,81,1,25200,299.518518519
486753,510966,510994,24213,28,1,25200,865.75
486753,511045,511048,24292,3,1,25200,2429.5
486754,511028,514588,24274,3560,1,25200,7.81853932584
486754,511007,511009,24253,2,1,25200,2425.5
486754,511021,511033,24267,12,1,25200,2023.25
486754,511127,511723,24373,596,1,25200,41.894295302
486754,511060,513135,24306,2075,1,25200,12.7137349398
486755,511215,536449,24460,25234,1,25200,1.96932709836
486755,511542,512679,24787,1137,1,25200,22.800351803
486755,511274,511530,24519,256,1,25200,96.77734375
486755,511579,513402,24824,1823,1,25200,14.6171146462
486756,511753,511755,24997,2,1,25200,2499.9
486756,511767,512216,25011,449,1,25200,56.7037861915
486756,511736,511741,24980,5,1,25200,2498.5
486756,486767,489970,11,3203,2,7200,1.00343428036
486757,511870,511873,25113,3,1,25200,2511.6
486757,513147,513152,26390,5,1,25200,2639.5
486758,512229,512232,25471,3,1,25200,2547.4
486758,511911,512815,25153,904,1,25200,28.8241150442
486758,512010,513942,25252,1932,1,25200,14.0703933747
486759,512292,512307,25533,15,1,25200,1703.2
486759,512270,512358,25511,88,1,25200,290.897727273
486759,512319,512556,25560,237,1,25200,108.848101266
486759,512278,512280,25519,2,1,25200,2552.1
486760,512391,512402,25631,11,1,25200,2331.09090909
486760,512414,512847,25654,433,1,25200,60.247113164
486760,512371,512379,25611,8,1,25200,2561.9
486760,512568,525589,25808,13021,1,25200,2.98202903003
486761,512859,513925,26098,1066,1,25200,25.4821763602
486761,512844,531419,26083,18575,1,25200,2.40419919246
486761,512691,524535,25930,11844,1,25200,3.18929415738
486761,512828,512832,26067,4,1,25200,2607.1
486762,513414,513423,26652,9,1,25200,2666.1
486762,513442,513443,26680,1,1,25200,2668.1
486762,513164,513577,26402,413,1,25200,64.9273607748
486763,513430,513432,26667,2,1,25200,2666.9
486763,513436,513437,26673,1,1,25200,2667.4
486763,513461,513505,26698,44,1,25200,607.772727273
486763,513425,514020,26662,595,1,25200,45.8100840336
486764,513520,513525,26756,5,1,25200,2676.1
486764,513537,514669,26773,1132,1,25200,24.6510600707
486764,514033,514629,27269,596,1,25200,46.7533557047
486764,514052,514375,27288,323,1,25200,85.4829721362
486765,514018,539232,27253,25214,1,25200,2.08086777187
486765,513590,513724,26825,134,1,25200,201.186567164
486765,514010,514040,27245,30,1,25200,909.166666667
486766,514647,514650,27881,3,1,25200,2788.4
486766,514700,515051,27934,351,1,25200,80.584045584
486766,514387,518459,27621,4072,1,25200,7.78315324165
486766,514563,514583,27797,20,1,25200,1390.85
486767,514595,514629,27828,34,1,25200,819.470588235
486767,514602,519067,27835,4465,1,25200,7.23404255319
486767,514662,514931,27895,269,1,25200,104.698884758
486767,514641,514692,27874,51,1,25200,547.549019608
486768,514707,514710,27939,3,1,25200,2794.2
486768,514681,514977,27913,296,1,25200,95.3006756757
486769,514732,515824,27963,1092,1,25200,26.6071428571
486769,514739,514803,27970,64,1,25200,438.03125
486769,514722,514723,27953,1,1,25200,2795.4
486769,514962,514963,28193,1,1,25200,2819.4
486770,514943,514975,28173,32,1,25200,881.40625
486770,514816,515074,28046,258,1,25200,109.705426357
486770,514967,514968,28197,1,1,25200,2819.8
486771,514973,514977,28202,4,1,25200,2820.6
486771,514978,515541,28207,563,1,25200,51.1012433393
486771,514985,515529,28214,544,1,25200,52.8639705882
486771,514990,515008,28219,18,1,25200,1568.72222222
486772,515175,515475,28403,300,1,25200,95.6766666667
486772,515208,515214,28436,6,1,25200,2844.2
486772,514997,515195,28225,198,1,25200,143.550505051
486772,515148,516626,28376,1478,1,25200,20.198917456
486773,515020,516873,28247,1853,1,25200,16.2439287642
486773,515002,517155,28229,2153,1,25200,14.1114723641
486774,515087,515135,28313,48,1,25200,590.854166667
486774,515064,515269,28290,205,1,25200,139.0
486774,515026,515603,28252,577,1,25200,49.9636048527
486774,515226,519176,28452,3950,1,25200,8.20303797468
486775,515281,515985,28506,704,1,25200,41.4914772727
486775,515358,521327,28583,5969,1,25200,5.78857430055
486775,515343,515345,28568,2,1,25200,2857.0
486775,515487,515581,28712,94,1,25200,306.446808511
486776,515541,515545,28765,4,1,25200,2876.9
486776,515644,515651,28868,7,1,25200,2887.5
486776,515553,517585,28777,2032,1,25200,15.1619094488
486776,515651,515653,28875,2,1,25200,2887.7
486777,515593,515626,28816,33,1,25200,874.212121212
486777,515573,516064,28796,491,1,25200,59.6476578411
486777,515615,515625,28838,10,1,25200,2884.8
486778,515704,540943,28926,25239,1,25200,2.14608344229
486778,515638,515639,28860,1,1,25200,2886.1
486778,515664,515665,28886,1,1,25200,2888.7
486778,515836,515840,29058,4,1,25200,2906.2
486779,515843,515846,29064,3,1,25200,2906.7
486779,515678,515680,28899,2,1,25200,2890.1
486779,515671,515827,28892,156,1,25200,186.205128205
486780,515859,515864,29079,5,1,25200,2908.4
486780,515890,515927,29110,37,1,25200,787.756756757
486780,515852,516004,29072,152,1,25200,192.263157895
486781,516125,516128,29344,3,1,25200,2934.7
486781,516095,516113,29314,18,1,25200,1629.55555556
486781,516076,516083,29295,7,1,25200,2930.2
486781,516060,519076,29279,3016,1,25200,10.7078912467
486781,515910,516540,29129,630,1,25200,47.2365079365
486782,516810,516813,30028,3,1,25200,3003.1
486782,516819,516820,30037,1,1,25200,3003.8
486782,516154,516303,29372,149,1,25200,198.127516779
486782,516141,516142,29359,1,1,25200,2936.0
486783,516315,516791,29532,476,1,25200,63.0420168067
486783,516826,516833,30043,7,1,25200,3005.0
486783,516552,516851,29769,299,1,25200,100.56187291
486783,516622,517724,29839,1102,1,25200,28.0771324864
486784,516803,516806,30019,3,1,25200,3002.2
486784,516775,516776,29991,1,1,25200,2999.2
486784,516639,517264,29855,625,1,25200,48.768
486784,516788,516798,30004,10,1,25200,3001.4
486785,517142,517148,30357,6,1,25200,3036.3
486785,516833,517225,30048,392,1,25200,77.6530612245
486785,517137,517138,30352,1,1,25200,3035.3
486786,516865,516965,30079,100,1,25200,301.79
486786,516886,516902,30100,16,1,25200,1882.25
486786,516858,517259,30072,401,1,25200,75.9925187032
486787,516947,517174,30160,227,1,25200,133.863436123
486787,516920,516921,30133,1,1,25200,3013.4
486787,516954,516964,30167,10,1,25200,3017.7
486787,516936,516938,30149,2,1,25200,3015.1
486787,516929,516934,30142,5,1,25200,3014.7
486788,516976,517142,30188,166,1,25200,182.855421687
486788,517004,517141,30216,137,1,25200,221.554744526
486788,516981,516985,30193,4,1,25200,3019.7
486788,516997,517255,30209,258,1,25200,118.089147287
486789,517162,517371,30373,209,1,25200,146.325358852
486789,517157,517166,30368,9,1,25200,3037.7
486790,517181,542422,30391,25241,1,25200,2.20403312072
486790,517176,517184,30386,8,1,25200,3039.4
486790,517237,517243,30447,6,1,25200,3045.3
486790,517170,518043,30380,873,1,25200,35.7995418099
486791,517188,517203,30397,15,1,25200,2027.46666667
486791,517255,517256,30464,1,1,25200,3046.5
486791,517194,517622,30403,428,1,25200,72.035046729
486791,517267,517274,30476,7,1,25200,3048.3
486792,517201,519130,30409,1929,1,25200,16.7641264904
486792,517228,517602,30436,374,1,25200,82.3796791444
486792,517274,517278,30482,4,1,25200,3048.6
486793,517291,517292,30498,1,1,25200,3049.9
486793,517286,520908,30493,3622,1,25200,9.41882937604
486793,517492,517495,30699,3,1,25200,3070.2
486793,517279,517281,30486,2,1,25200,3048.8
486794,517508,517510,30714,2,1,25200,3071.6
486795,517315,533092,30520,15777,1,25200,2.93446155796
486795,517433,517441,30638,8,1,25200,3064.6
486795,517384,517461,30589,77,1,25200,398.25974026
486795,517303,517421,30508,118,1,25200,259.542372881
486796,517474,517921,30678,447,1,25200,69.6308724832
486796,517567,518219,30771,652,1,25200,48.1947852761
486796,517597,519119,30801,1522,1,25200,21.2371879106
486796,517453,517480,30657,27,1,25200,1136.44444444
486797,517933,518817,31136,884,1,25200,36.221719457
486797,517737,517934,30940,197,1,25200,158.055837563
486797,517952,517981,31155,29,1,25200,1075.31034483
486797,517634,526712,30837,9078,1,25200,4.3968935889
486797,517614,518422,30817,808,1,25200,39.1398514851
486798,518055,518059,31257,4,1,25200,3126.1
486798,518073,518112,31275,39,1,25200,802.923076923
486798,517993,527159,31195,9166,1,25200,4.40333842461
486799,518231,521255,31432,3024,1,25200,11.3941798942
486799,518141,518166,31342,25,1,25200,1254.68
486799,518125,518128,31326,3,1,25200,3132.9
486799,518179,543409,31380,25230,1,25200,2.24375743163
486800,518325,518327,31525,2,1,25200,3152.7
486800,518360,518418,31560,58,1,25200,545.137931034
486800,518355,518636,31555,281,1,25200,113.295373665
486800,518339,519831,31539,1492,1,25200,22.1387399464
486801,518430,518433,31629,3,1,25200,3163.2
486801,518365,518366,31564,1,1,25200,3156.5
486801,518371,518441,31570,70,1,25200,452.0
486802,518390,518393,31588,3,1,25200,3159.1
486802,518446,519699,31644,1253,1,25200,26.2545889864
486802,518405,524782,31603,6377,1,25200,5.95577857927
486802,518437,518656,31635,219,1,25200,145.452054795
486803,518471,519798,31668,1327,1,25200,24.8643556895
486803,518648,518996,31845,348,1,25200,92.5086206897
486803,518454,518459,31651,5,1,25200,3165.6
486803,518476,518484,31673,8,1,25200,3168.1
486804,518521,519312,31717,791,1,25200,41.0973451327
486804,518508,518509,31704,1,1,25200,3170.5
486805,518846,518848,32041,2,1,25200,3204.3
486805,518830,518834,32025,4,1,25200,3202.9
486805,519143,519147,32338,4,1,25200,3234.2
486805,518668,523869,31863,5201,1,25200,7.12632186118
486806,518860,518867,32054,7,1,25200,3206.1
486806,518879,518883,32073,4,1,25200,3207.7
486806,518884,523180,32078,4296,1,25200,8.46694599628
486807,519009,519016,32202,7,1,25200,3220.9
486807,519086,519095,32279,9,1,25200,3228.8
486807,518909,519112,32102,203,1,25200,159.137931034
486807,519158,519159,32351,1,1,25200,3235.2
486807,519028,519161,32221,133,1,25200,243.263157895
486808,519121,519932,32313,811,1,25200,40.8434032059
486808,519108,519109,32300,1,1,25200,3230.1
486808,519093,519147,32285,54,1,25200,598.87037037
486809,519164,519165,32355,1,1,25200,3235.6
486809,519171,519180,32362,9,1,25200,3237.1
486809,519128,519454,32319,326,1,25200,100.13803681
486809,519135,519344,32326,209,1,25200,155.669856459
486810,519184,519197,32374,13,1,25200,2491.30769231
486810,519178,519183,32368,5,1,25200,3237.3
486810,519197,519198,32387,1,1,25200,3238.8
486810,519192,519198,32382,6,1,25200,3238.8
486811,519222,519241,32411,19,1,25200,1706.84210526
486811,519204,519491,32393,287,1,25200,113.867595819
486811,519211,528711,32400,9500,1,25200,4.41052631579
486812,519253,519254,32441,1,1,25200,3244.2
486812,519486,519543,32674,57,1,25200,574.228070175
486812,519230,519332,32418,102,1,25200,318.823529412
486812,519494,519500,32682,6,1,25200,3268.8
486813,519356,519516,32543,160,1,25200,204.39375
486813,519325,519683,32512,358,1,25200,91.8156424581
486813,519279,520547,32466,1268,1,25200,26.6041009464
486813,519266,519267,32453,1,1,25200,3245.4
486813,519344,519482,32531,138,1,25200,236.731884058
486814,519503,535385,32689,15882,1,25200,3.05824203501
486814,519467,519474,32653,7,1,25200,3266.0
486815,519532,519536,32717,4,1,25200,3272.1
486815,519556,519557,32741,1,1,25200,3274.2
486815,519549,519932,32734,383,1,25200,86.4673629243
486816,519569,544809,32753,25240,1,25200,2.29766244057
486816,519561,522229,32745,2668,1,25200,13.2732383808
486816,519711,519992,32895,281,1,25200,118.06405694
486816,519696,519701,32880,5,1,25200,3288.5
486816,519718,519719,32902,1,1,25200,3290.3
486817,519731,519732,32914,1,1,25200,3291.5
486817,519744,519772,32927,28,1,25200,1176.96428571
486817,519785,519911,32968,126,1,25200,262.650793651
486818,519829,519830,33011,1,1,25200,3301.2
486818,519849,520376,33031,527,1,25200,63.6774193548
486818,519947,545177,33129,25230,1,25200,2.31307966706
486818,519811,519817,32993,6,1,25200,3299.9
486818,519842,522224,33024,2382,1,25200,14.8639798489
486819,519923,519928,33104,5,1,25200,3310.9
486819,519952,519956,33133,4,1,25200,3313.7
486819,519940,520188,33121,248,1,25200,134.552419355
486820,519970,520266,33150,296,1,25200,112.993243243
486820,520200,520222,33380,22,1,25200,1518.27272727
486820,520123,520218,33303,95,1,25200,351.557894737
486820,520004,520111,33184,107,1,25200,311.130841121
486820,520231,520237,33411,6,1,25200,3341.7
486821,520278,520282,33457,4,1,25200,3346.1
486821,520238,521177,33417,939,1,25200,36.5878594249
486821,520560,545779,33739,25219,1,25200,2.33784051707
486821,520249,522749,33428,2500,1,25200,14.3712
486822,520389,520394,33567,5,1,25200,3357.2
486822,520378,520379,33556,1,1,25200,3355.7
486822,520294,520344,33472,50,1,25200,670.44
486822,520356,520366,33534,10,1,25200,3354.4
486823,520419,520420,33596,1,1,25200,3359.7
486823,520396,520764,33573,368,1,25200,92.2309782609
486824,520445,520508,33621,63,1,25200,534.666666667
486824,520539,520540,33715,1,1,25200,3371.6
486824,520521,520526,33697,5,1,25200,3370.2
486824,520432,520433,33608,1,1,25200,3360.9
486825,520611,520616,33786,5,1,25200,3379.1
486825,520552,520599,33727,47,1,25200,718.595744681
486825,520629,520751,33804,122,1,25200,278.081967213
486826,520776,521687,33950,911,1,25200,38.2667398463
486826,520764,521937,33938,1173,1,25200,29.9326513214
486826,520920,520926,34094,6,1,25200,3410.0
486827,520938,521113,34111,175,1,25200,195.92
486827,521051,521052,34224,1,1,25200,3422.5
486827,521064,521259,34237,195,1,25200,176.574358974
486827,521034,521039,34207,5,1,25200,3421.2
486827,520986,521410,34159,424,1,25200,81.5636792453
486828,521126,521456,34298,330,1,25200,104.933333333
486828,521197,521629,34369,432,1,25200,80.5578703704
486828,521207,521209,34379,2,1,25200,3438.1
486828,521190,521195,34362,5,1,25200,3436.7
486829,521468,521472,34639,4,1,25200,3464.3
486829,521485,521486,34656,1,1,25200,3465.7
486829,521221,523633,34392,2412,1,25200,15.2587064677
486829,521268,521571,34439,303,1,25200,114.660066007
486830,521275,521610,34445,335,1,25200,103.820895522
486830,521339,521604,34509,265,1,25200,131.222641509
486830,521422,521532,34592,110,1,25200,315.472727273
486831,521623,521638,34792,15,1,25200,2320.46666667
486831,521646,521676,34815,30,1,25200,1161.5
486831,521616,521682,34785,66,1,25200,528.045454545
486831,521498,521499,34667,1,1,25200,3466.8
486832,521511,521513,34679,2,1,25200,3468.1
486832,521544,521712,34712,168,1,25200,207.619047619
486832,521525,521558,34693,33,1,25200,1052.3030303
486832,521570,521571,34738,1,1,25200,3473.9
486833,521583,546829,34750,25246,1,25200,2.37645567615
486833,521653,521671,34820,18,1,25200,1935.44444444
486833,521684,521687,34851,3,1,25200,3485.4
486833,521590,521706,34757,116,1,25200,300.629310345
486834,521691,525108,34857,3417,1,25200,11.2010535558
486834,521698,521701,34864,3,1,25200,3486.7
486834,521717,522682,34883,965,1,25200,37.1481865285
486834,521705,521805,34871,100,1,25200,349.71
486834,521710,521823,34876,113,1,25200,309.637168142
486835,521731,521736,34896,5,1,25200,3490.1
486835,521817,528783,34982,6966,1,25200,6.02182026988
486835,521748,522075,34913,327,1,25200,107.767584098
486835,521724,522067,34889,343,1,25200,102.717201166
486836,521949,521952,35113,3,1,25200,3511.6
486836,521851,521852,35015,1,1,25200,3501.6
486836,521864,524206,35028,2342,1,25200,15.9564474808
486836,521835,521839,34999,4,1,25200,3500.3
486837,522199,522203,35362,4,1,25200,3536.6
486837,521964,547188,35127,25224,1,25200,2.39260228354
486838,522080,522090,35242,10,1,25200,3525.2
486838,522088,522313,35250,225,1,25200,157.666666667
486838,522073,522108,35235,35,1,25200,1007.71428571
486838,522102,523179,35264,1077,1,25200,33.7428040854
486839,522120,522128,35281,8,1,25200,3528.9
486839,522140,522187,35301,47,1,25200,752.085106383
486839,522237,522241,35398,4,1,25200,3540.2
486839,522228,522384,35389,156,1,25200,227.852564103
486840,522634,522735,35794,101,1,25200,355.396039604
486840,522694,522964,35854,270,1,25200,133.792592593
486840,522244,525098,35404,2854,1,25200,13.4050455501
486840,522748,523369,35908,621,1,25200,58.8228663446
486841,522877,522882,36036,5,1,25200,3604.1
486841,522761,522865,35920,104,1,25200,346.384615385
486841,522894,523595,36053,701,1,25200,52.4308131241
486842,522325,522329,35483,4,1,25200,3548.7
486842,522266,523328,35424,1062,1,25200,34.3559322034
486842,522396,522402,35554,6,1,25200,3556.0
486842,522340,522622,35498,282,1,25200,126.879432624
486843,522415,523707,35572,1292,1,25200,28.5325077399
486843,523191,523196,36348,5,1,25200,3635.3
486843,522598,524291,35755,1693,1,25200,22.1193148258
486844,522977,522982,36133,5,1,25200,3613.8
486844,522994,522995,36150,1,1,25200,3615.1
486844,523198,523241,36354,43,1,25200,846.441860465
486844,523208,523219,36364,11,1,25200,3306.81818182
486845,523231,523279,36386,48,1,25200,759.041666667
486845,523099,523358,36254,259,1,25200,140.976833977
486845,523007,523086,36162,79,1,25200,458.746835443
486845,523294,529035,36449,5741,1,25200,7.34889392092
486846,523287,523292,36441,5,1,25200,3644.6
486846,523253,523262,36407,9,1,25200,3641.6
486846,523304,523372,36458,68,1,25200,537.147058824
486846,523274,523275,36428,1,1,25200,3642.9
486847,523404,523405,36557,1,1,25200,3655.8
486847,523342,523384,36495,42,1,25200,869.928571429
486847,523370,523435,36523,65,1,25200,562.892307692
486847,523397,525572,36550,2175,1,25200,17.8045977011
486848,523388,523392,36540,4,1,25200,3654.4
486848,523502,523504,36654,2,1,25200,3665.6
486848,523516,524179,36668,663,1,25200,56.3061840121
486848,523381,524478,36533,1097,1,25200,34.3026435734
486849,523646,523650,36797,4,1,25200,3680.1
486849,523858,524659,37009,801,1,25200,47.2034956305
486850,523443,523461,36593,18,1,25200,2033.94444444
486850,523450,532364,36600,8914,1,25200,5.10590083015
486850,523473,523478,36623,5,1,25200,3662.8
486851,523882,523885,37031,3,1,25200,3703.4
486851,523679,548883,36828,25204,1,25200,2.46119663545
486851,523719,523817,36868,98,1,25200,377.204081633
486852,523911,524102,37059,191,1,25200,195.02617801
486852,524114,524568,37262,454,1,25200,83.0748898678
486852,523830,523833,36978,3,1,25200,3698.1
486852,523845,523846,36993,1,1,25200,3699.4
486853,524192,524197,37339,5,1,25200,3734.4
486853,524209,524239,37356,30,1,25200,1246.2
486853,524219,524223,37366,4,1,25200,3737.0
486854,524235,524236,37381,1,1,25200,3738.2
486854,524248,524249,37394,1,1,25200,3739.5
486854,524255,524486,37401,231,1,25200,162.909090909
486855,524285,525165,37430,880,1,25200,43.5340909091
486855,524262,524272,37407,10,1,25200,3741.7
486855,524303,524317,37448,14,1,25200,2675.85714286
486855,524329,524330,37474,1,1,25200,3747.5
486856,524367,526088,37511,1721,1,25200,22.7960488088
486856,524342,524343,37486,1,1,25200,3748.7
486856,524491,524494,37635,3,1,25200,3763.8
486857,524498,524643,37641,145,1,25200,260.593103448
486857,524519,524530,37662,11,1,25200,3424.81818182
486858,524549,524696,37691,147,1,25200,257.401360544
486858,524542,527769,37684,3227,1,25200,12.6777192439
486858,524598,524632,37740,34,1,25200,1111.0
486858,524581,524586,37723,5,1,25200,3772.8
486859,524655,524668,37796,13,1,25200,2908.38461538
486859,524678,529998,37819,5320,1,25200,8.10883458647
486859,524685,524686,37826,1,1,25200,3782.7
486859,524644,524651,37785,7,1,25200,3779.2
486859,524698,524801,37839,103,1,25200,368.368932039
486860,524753,524757,37893,4,1,25200,3789.7
486860,524795,527253,37935,2458,1,25200,16.4332790887
486860,524708,524740,37848,32,1,25200,1183.75
486860,525218,526409,38358,1191,1,25200,33.2065491184
486861,524829,525209,37968,380,1,25200,100.915789474
486861,525111,525123,38250,12,1,25200,3188.5
486861,525120,525124,38259,4,1,25200,3826.3
486861,524814,524817,37953,3,1,25200,3795.6
486862,525142,525236,38280,94,1,25200,408.234042553
486862,525225,525860,38363,635,1,25200,61.4141732283
486862,525149,525206,38287,57,1,25200,672.701754386
486863,525582,525587,38719,5,1,25200,3872.4
486863,525248,525569,38385,321,1,25200,120.579439252
486863,525177,525726,38314,549,1,25200,70.7887067395
486863,525606,525840,38743,234,1,25200,166.568376068
486864,525598,525600,38734,2,1,25200,3873.6
486864,525618,525619,38754,1,1,25200,3875.5
486864,525611,550813,38747,25202,1,25200,2.53745734466
486864,525589,525593,38725,4,1,25200,3872.9
486865,526382,527484,39517,1102,1,25200,36.8593466425
486865,525631,550877,38766,25246,1,25200,2.53553038105
486865,525757,528657,38892,2900,1,25200,14.4110344828
486865,525739,525743,38874,4,1,25200,3887.8
486866,525903,525912,39037,9,1,25200,3904.6
486866,525890,525891,39024,1,1,25200,3902.5
486866,525853,526555,38987,702,1,25200,56.537037037
486866,525873,525877,39007,4,1,25200,3901.1
486867,525950,525951,39083,1,1,25200,3908.4
486867,525963,526293,39096,330,1,25200,119.472727273
486868,526305,526340,39437,35,1,25200,1127.77142857
486868,526369,526370,39501,1,1,25200,3950.2
486868,526100,527275,39232,1175,1,25200,34.3889361702
486868,526352,526356,39484,4,1,25200,3948.8
486869,526438,526439,39569,1,1,25200,3957.0
486869,526463,526713,39594,250,1,25200,159.376
486869,526421,526426,39552,5,1,25200,3955.7
486870,526542,526626,39672,84,1,25200,473.285714286
486870,526567,526573,39697,6,1,25200,3970.3
486870,526514,526529,39644,15,1,25200,2643.93333333
486870,526586,526632,39716,46,1,25200,864.391304348
486871,526646,526650,39775,4,1,25200,3977.9
486871,526639,526767,39768,128,1,25200,311.6875
486872,526688,526704,39816,16,1,25200,2489.5
486872,526730,526779,39858,49,1,25200,814.428571429
486872,526716,539849,39844,13133,1,25200,4.03388410873
486872,526725,551954,39853,25229,1,25200,2.57965040231
486873,526779,526823,39906,44,1,25200,907.954545455
486873,526836,526839,39963,3,1,25200,3996.6
486873,526791,526877,39918,86,1,25200,465.162790698
486874,526864,526865,39990,1,1,25200,3999.1
486874,527190,527191,40316,1,1,25200,4031.7
486874,526889,526898,40015,9,1,25200,4002.4
486874,526877,531608,40003,4731,1,25200,9.45550623547
486875,526925,527000,40050,75,1,25200,535.0
486875,527016,527022,40141,6,1,25200,4014.7
486875,527266,527272,40391,6,1,25200,4039.7
486876,527172,527178,40296,6,1,25200,4030.2
486876,527163,527465,40287,302,1,25200,134.400662252
486876,527100,527105,40224,5,1,25200,4022.9
486876,527035,527087,40159,52,1,25200,773.288461538
486877,527287,533772,40410,6485,1,25200,7.23130300694
486877,527516,527517,40639,1,1,25200,4064.0
486877,527529,529332,40652,1803,1,25200,23.5468663339
486878,527292,527884,40414,592,1,25200,69.2668918919
486878,527376,528622,40498,1246,1,25200,33.5024077047
486879,527477,552706,40598,25229,1,25200,2.60917991201
486879,527495,527503,40616,8,1,25200,4062.4
486880,527897,527903,41017,6,1,25200,4102.3
486880,527781,532872,40901,5091,1,25200,9.03398153604
486881,528001,528054,41120,53,1,25200,776.849056604
486881,528053,541671,41172,13618,1,25200,4.02335144661
486881,528201,528206,41320,5,1,25200,4132.5
486881,527928,537701,41047,9773,1,25200,5.20004092909
486881,528066,528188,41185,122,1,25200,338.581967213
486882,528674,530323,41792,1649,1,25200,26.3438447544
486882,528667,528987,41785,320,1,25200,131.578125
486882,528218,529637,41336,1419,1,25200,30.1303735025
486882,528634,528642,41752,8,1,25200,4176.0
486883,528799,529676,41916,877,1,25200,48.7947548461
486883,528654,528655,41771,1,1,25200,4177.2
486883,528723,528773,41840,50,1,25200,837.8
486883,528785,554007,41902,25222,1,25200,2.66132741258
486884,529029,530204,42145,1175,1,25200,36.8680851064
486884,529041,530923,42157,1882,1,25200,23.4001062699
486884,529048,529065,42164,17,1,25200,2481.23529412
486884,529000,529004,42116,4,1,25200,4212.0
486885,529346,529356,42461,10,1,25200,4247.1
486885,529339,529344,42454,5,1,25200,4245.9
486885,529077,537177,42192,8100,1,25200,6.20888888889
486886,529356,533337,42470,3981,1,25200,11.6681738257
486886,529368,531744,42482,2376,1,25200,18.8796296296
486886,529667,529853,42781,186,1,25200,231.005376344
486886,529650,529655,42764,5,1,25200,4276.9
486887,529726,530768,42839,1042,1,25200,42.1122840691
486887,529688,529897,42801,209,1,25200,205.789473684
486887,529737,529742,42850,5,1,25200,4285.5
486887,529732,554977,42845,25245,1,25200,2.69716775599
486888,529866,529871,42978,5,1,25200,4298.3
486888,529754,534047,42866,4293,1,25200,10.9850920102
486888,529743,531614,42855,1871,1,25200,23.9048637092
486889,529883,529917,42994,34,1,25200,1265.52941176
486889,530442,530447,43553,5,1,25200,4355.8
486889,530459,539834,43570,9375,1,25200,5.64746666667
486889,529910,530196,43021,286,1,25200,151.423076923
486890,529956,529957,43066,1,1,25200,4306.7
486890,529929,529943,43039,14,1,25200,3075.21428571
486890,530590,530817,43700,227,1,25200,193.511013216
486890,530773,530784,43883,11,1,25200,3990.36363636
486891,530942,530946,44051,4,1,25200,4405.5
486891,529983,530430,43092,447,1,25200,97.4026845638
486891,530954,532816,44063,1862,1,25200,24.66433942
486892,530052,530925,43160,873,1,25200,50.4387170676
486892,530208,530212,43316,4,1,25200,4332.0
486892,530010,530040,43118,30,1,25200,1438.26666667
486892,530217,532974,43325,2757,1,25200,16.7145447951
486893,530335,530761,43442,426,1,25200,102.976525822
486893,530224,531064,43331,840,1,25200,52.5845238095
486893,530780,530784,43887,4,1,25200,4389.1
486893,530961,531277,44068,316,1,25200,140.455696203
486893,530385,530578,43492,193,1,25200,226.347150259
486894,530801,545562,43907,14761,1,25200,3.97452747104
486894,530796,536979,43902,6183,1,25200,8.10043668122
486894,530829,531033,43935,204,1,25200,216.367647059
486894,530935,530940,44041,5,1,25200,4404.6
486895,531120,531126,44225,6,1,25200,4423.1
486895,531139,531249,44244,110,1,25200,403.218181818
486895,531076,531163,44181,87,1,25200,508.827586207
486895,531046,531107,44151,61,1,25200,724.786885246
486896,531175,533955,44279,2780,1,25200,16.9276978417
486896,531262,531271,44366,9,1,25200,4437.5
486896,531283,532902,44387,1619,1,25200,28.416306362
486897,531290,531295,44393,5,1,25200,4439.8
486897,531621,532213,44724,592,1,25200,76.5472972973
486897,531432,531853,44535,421,1,25200,106.783847981
486897,531320,556558,44423,25238,1,25200,2.7601632459
486898,531673,531675,44775,2,1,25200,4477.7
486898,531628,531632,44730,4,1,25200,4473.4
486898,531656,531661,44758,5,1,25200,4476.3
486898,531643,531644,44745,1,1,25200,4474.6
486899,531768,557006,44869,25238,1,25200,2.7778350107
486899,531866,531876,44967,10,1,25200,4497.7
486899,531687,531755,44788,68,1,25200,659.647058824
486899,531757,532137,44858,380,1,25200,119.047368421
486900,532226,532230,45326,4,1,25200,4533.0
486900,532149,532447,45249,298,1,25200,152.842281879
486900,531888,531890,44988,2,1,25200,4499.0
486900,531901,532916,45001,1015,1,25200,45.3359605911
486901,532460,533416,45559,956,1,25200,48.6558577406
486901,532445,532451,45544,6,1,25200,4555.0
486901,532376,532433,45475,57,1,25200,798.807017544
486901,532243,533924,45342,1681,1,25200,27.9732302201
486902,533557,534778,46655,1221,1,25200,39.2104832105
486902,532484,532695,45582,211,1,25200,217.028436019
486902,532467,532471,45565,4,1,25200,4556.9
486903,532828,532859,45925,31,1,25200,1482.4516129
486903,532708,537193,45805,4485,1,25200,11.2129319955
486903,532914,534182,46011,1268,1,25200,37.2862776025
486903,532871,532893,45968,22,1,25200,2090.45454545
486904,532885,532905,45981,20,1,25200,2300.05
486904,532929,533192,46025,263,1,25200,176.0
486904,532921,532953,46017,32,1,25200,1439.03125
486904,532905,536254,46001,3349,1,25200,14.7357420125
486905,533094,533301,46189,207,1,25200,224.1352657
486905,533104,533625,46199,521,1,25200,89.6737044146
486905,532966,534224,46061,1258,1,25200,37.6144674086
486905,532987,533081,46082,94,1,25200,491.234042553
486906,533314,533320,46408,6,1,25200,4641.4
486906,533204,533545,46298,341,1,25200,136.771260997
486906,533332,538038,46426,4706,1,25200,10.865278368
486907,533445,537774,46538,4329,1,25200,11.7502887503
486907,533373,536667,46466,3294,1,25200,15.1062537948
486907,533349,533360,46442,11,1,25200,4223.0
486907,533428,533432,46521,4,1,25200,4652.5
486908,533637,533641,46729,4,1,25200,4673.3
486908,533868,533884,46960,16,1,25200,2936.0
486908,533785,535893,46877,2108,1,25200,23.2376660342
486908,533654,533856,46746,202,1,25200,232.415841584
487351,487357,490842,6,3485,2,7200,1.00172166428
487515,487745,487981,230,236,4,86400,1.97457627119
487725,535915,535982,48190,67,2,28800,720.253731343
488295,533896,554730,45601,20834,1,28800,3.18877795911
488872,533937,534799,45065,862,1,21600,53.2795823666
488895,488903,492254,8,3351,2,7200,1.00238734706
489019,489029,492752,10,3723,2,7200,1.00268600591
489047,533968,536206,44921,2238,1,21600,21.0719392315
489053,534059,535239,45006,1180,1,21600,39.1406779661
489103,534236,535737,45133,1501,1,21600,31.0686209194
489171,534790,535649,45619,859,1,21600,54.1071012806
489244,534811,536341,45567,1530,1,21600,30.7823529412
489266,489274,492722,8,3448,2,7200,1.00232018561
489365,489374,492928,9,3554,2,7200,1.00253235791
489637,489647,493204,10,3557,2,7200,1.00281135789
489670,489679,493435,9,3756,2,7200,1.00239616613
489739,489748,493330,9,3582,2,7200,1.00251256281
489847,489857,493553,10,3696,2,7200,1.00270562771
489931,489942,493394,11,3452,2,7200,1.00318655852
489973,489983,493297,10,3314,2,7200,1.00301750151
490030,490039,493267,9,3228,2,7200,1.00278810409
490045,490052,494021,7,3969,2,7200,1.00176366843
490118,490127,493879,9,3752,2,7200,1.00239872068
490221,490231,493755,10,3524,2,7200,1.00283768445
490246,492781,492795,2535,14,4,3600,182.071428571
490846,490855,494520,9,3665,2,7200,1.00245566166
492257,492266,495879,9,3613,2,7200,1.00249100471
492376,492812,493727,436,915,1,1510,1.47650273224
492724,492734,496217,10,3483,2,7200,1.00287108814
492753,492764,496840,11,4076,2,7200,1.00269872424
492931,492940,496366,9,3426,2,7200,1.00262697023
493208,493216,496642,8,3426,2,7200,1.00233508465
493268,493285,496697,17,3412,2,7200,1.00498241501
493298,493309,496782,11,3473,2,7200,1.00316729053
493331,493342,496405,11,3063,2,7200,1.00359125041
493394,493406,497065,12,3659,2,7200,1.00327958459
493436,493449,496870,13,3421,2,7200,1.00380005846
493553,493565,496759,12,3194,2,7200,1.00375704446
493760,493766,497202,6,3436,2,7200,1.00174621653
493884,493891,497275,7,3384,2,7200,1.00206855792
494023,494033,497475,10,3442,2,7200,1.00290528762
494386,501778,518342,7392,16564,4,86400,1.44626901715
494526,494534,497720,8,3186,2,7200,1.00251098556
495884,495895,499457,11,3562,2,7200,1.00308815272
496219,496229,499757,10,3528,2,7200,1.00283446712
496372,496379,499775,7,3396,2,7200,1.00206124853
496408,496417,499635,9,3218,2,7200,1.00279676818
496648,496654,500165,6,3511,2,7200,1.00170891484
496699,496709,499766,10,3057,2,7200,1.0032711809
496765,496771,500093,6,3322,2,7200,1.00180614088
496783,496794,499927,11,3133,2,7200,1.00351101181
496841,496852,499904,11,3052,2,7200,1.00360419397
496871,496882,500481,11,3599,2,7200,1.00305640456
497071,497078,500409,7,3331,2,7200,1.00210147103
497160,497632,513413,472,15781,4,34200,1.0299093847
497207,497213,500861,6,3648,2,7200,1.00164473684
497281,497288,500786,7,3498,2,7200,1.00200114351
497481,497487,501132,6,3645,2,7200,1.00164609053
497721,497732,500959,11,3227,2,7200,1.00340873877
499458,499470,502920,12,3450,2,7200,1.00347826087
499636,499648,502795,12,3147,2,7200,1.00381315539
499759,499771,502876,12,3105,2,7200,1.0038647343
499774,499786,503233,12,3447,2,7200,1.00348128808
499789,499799,503346,10,3547,2,7200,1.0028192839
499906,499922,503341,16,3419,2,7200,1.00467973092
499930,499939,503859,9,3920,2,7200,1.00229591837
500095,500111,503575,16,3464,2,7200,1.00461893764
500105,561892,623534,61787,61642,4,72000,2.00235229227
500167,500180,503210,13,3030,2,7200,1.00429042904
500411,500421,504030,10,3609,2,7200,1.00277085065
500483,500493,504069,10,3576,2,7200,1.00279642058
500787,500799,504312,12,3513,2,7200,1.00341588386
500862,500873,504139,11,3266,2,7200,1.00336803429
500961,500971,504092,10,3121,2,7200,1.00320410125
501135,501144,504372,9,3228,2,7200,1.00278810409
502634,506380,562745,3746,56365,4,68400,1.06645968243
502710,506858,562745,4148,55887,4,68400,1.07422119634
502797,502807,506141,10,3334,2,7200,1.00299940012
502878,502894,506254,16,3360,2,7200,1.00476190476
502923,502938,506620,15,3682,2,7200,1.0040738729
503214,503223,506814,9,3591,2,7200,1.00250626566
503234,503245,506755,11,3510,2,7200,1.00313390313
503343,503354,506583,11,3229,2,7200,1.00340662744
503358,503365,506819,7,3454,2,7200,1.00202663578
503577,503587,507512,10,3925,2,7200,1.0025477707
503860,503871,507489,11,3618,2,7200,1.00304035379
504031,504042,507600,11,3558,2,7200,1.00309162451
504070,504081,507849,11,3768,2,7200,1.00291932059
504094,504104,507849,10,3745,2,7200,1.00267022697
504139,504151,507699,12,3548,2,7200,1.00338218715
504313,504324,507740,11,3416,2,7200,1.00322014052
504374,504384,507874,10,3490,2,7200,1.00286532951
505586,510275,510277,4689,2,2,3540,469.1
506141,506153,509631,12,3478,2,7200,1.00345025877
506255,506266,509914,11,3648,2,7200,1.00301535088
506583,506595,510401,12,3806,2,7200,1.00315291645
506622,506634,510080,12,3446,2,7200,1.00348229832
506757,506767,510276,10,3509,2,7200,1.00284981476
506817,506830,510026,13,3196,2,7200,1.00406758448
506832,506839,510260,7,3421,2,7200,1.00204618533
507492,507501,510595,9,3094,2,7200,1.00290885585
507513,507524,511122,11,3598,2,7200,1.00305725403
507604,507611,510935,7,3324,2,7200,1.00210589651
507701,507708,510988,7,3280,2,7200,1.00213414634
507742,507749,511475,7,3726,2,7200,1.00187869028
507851,507857,511562,6,3705,2,7200,1.0016194332
507852,507864,511075,12,3211,2,7200,1.00373715353
507876,507883,511590,7,3707,2,7200,1.0018883194
509634,509641,512724,7,3083,2,7200,1.00227051573
509914,509921,513458,7,3537,2,7200,1.00197907831
509945,536470,590787,26525,54317,6,216000,1.48833698474
510028,510035,513503,7,3468,2,7200,1.00201845444
510082,510089,513420,7,3331,2,7200,1.00210147103
510222,519683,735703,9461,216020,8,216000,1.04379687066
510259,540324,747758,30065,207434,8,216000,1.14493766692
510262,510268,513872,6,3604,2,7200,1.00166481687
510277,510284,513422,7,3138,2,7200,1.0022307202
510404,510415,513886,11,3471,2,7200,1.00316911553
510596,510605,514343,9,3738,2,7200,1.00240770465
510936,510943,514200,7,3257,2,7200,1.00214921707
510990,510997,514111,7,3114,2,7200,1.00224791265
511077,511084,514437,7,3353,2,7200,1.00208768267
511122,511134,514549,12,3415,2,7200,1.00351390922
511477,511484,514895,7,3411,2,7200,1.00205218411
511564,511571,514906,7,3335,2,7200,1.00209895052
511591,511603,514865,12,3262,2,7200,1.00367872471
512726,512736,516437,10,3701,2,7200,1.00270197244
513422,513449,517120,27,3671,2,7200,1.00735494416
513437,513454,516760,17,3306,2,7200,1.00514216576
513461,513468,516475,7,3007,2,7200,1.00232790156
513506,513512,516904,6,3392,2,7200,1.00176886792
513601,513787,514720,186,933,1,1810,1.19935691318
513601,513737,514688,136,951,1,1810,1.14300736067
513602,513971,513974,369,3,1,1810,37.2
513602,513955,513974,353,19,1,1810,19.5789473684
513602,513937,513958,335,21,1,1810,16.9523809524
513603,513986,513990,383,4,1,1810,38.7
513603,513991,513996,388,5,1,1810,39.3
513604,514003,514006,399,3,1,1810,40.2
513873,513879,517311,6,3432,2,7200,1.00174825175
513888,513894,517295,6,3401,2,7200,1.001764187
514114,514121,517509,7,3388,2,7200,1.0020661157
514201,514208,517933,7,3725,2,7200,1.00187919463
514345,514351,517782,6,3431,2,7200,1.00174876129
514438,514445,517874,7,3429,2,7200,1.00204141149
514550,514556,517912,6,3356,2,7200,1.00178784267
514866,514872,518451,6,3579,2,7200,1.00167644593
514895,514903,518052,8,3149,2,7200,1.00254048904
514910,514917,518737,7,3820,2,7200,1.00183246073
515843,535805,535809,19962,4,1,240,1996.6
515928,515939,516916,11,977,1,1810,1.01125895599
515960,515997,516986,37,989,1,1810,1.03741152679
516003,516018,516048,15,30,1,1810,1.5
516440,516447,520208,7,3761,2,7200,1.00186120713
516476,516482,519899,6,3417,2,7200,1.00175592625
516761,516768,520089,7,3321,2,7200,1.00210779886
516906,516913,520575,7,3662,2,7200,1.00191152376
517123,517130,520268,7,3138,2,7200,1.0022307202
517282,517298,518313,16,1015,1,1810,1.0157635468
517297,517310,520647,13,3337,2,7200,1.00389571471
517312,517324,521155,12,3831,2,7200,1.00313234143
517511,517521,521079,10,3558,2,7200,1.00281056773
517784,517794,521298,10,3504,2,7200,1.00285388128
517874,517886,521627,12,3741,2,7200,1.00320769848
517913,517924,521294,11,3370,2,7200,1.00326409496
517934,517945,521152,11,3207,2,7200,1.00342999688
518054,518065,521356,11,3291,2,7200,1.0033424491
518453,518463,521982,10,3519,2,7200,1.0028417164
518739,518749,522159,10,3410,2,7200,1.00293255132
519901,519911,523491,10,3580,2,7200,1.00279329609
520090,520100,523595,10,3495,2,7200,1.00286123033
520210,520220,523305,10,3085,2,7200,1.00324149109
520270,520285,523646,15,3361,2,7200,1.00446295745
520577,520587,524383,10,3796,2,7200,1.00263435195
520649,520660,523852,11,3192,2,7200,1.00344611529
521080,521091,524556,11,3465,2,7200,1.00317460317
521156,521165,524760,9,3595,2,7200,1.00250347705
521157,521172,524660,15,3488,2,7200,1.00430045872
521296,521306,525071,10,3765,2,7200,1.0026560425
521311,521318,524841,7,3523,2,7200,1.00198694295
521359,521367,525194,8,3827,2,7200,1.00209041024
521630,521639,525295,9,3656,2,7200,1.00246170678
521985,521995,525176,10,3181,2,7200,1.00314366551
522160,522170,525307,10,3137,2,7200,1.00318775901
523307,523317,526671,10,3354,2,7200,1.00298151461
523493,523509,527108,16,3599,2,7200,1.00444567936
523595,523607,527146,12,3539,2,7200,1.00339078836
523649,523659,526955,10,3296,2,7200,1.00303398058
523854,523864,527196,10,3332,2,7200,1.00300120048
524383,524395,527627,12,3232,2,7200,1.00371287129
524558,524568,528299,10,3731,2,7200,1.00268024658
524663,524670,528037,7,3367,2,7200,1.00207900208
524763,524769,527985,6,3216,2,7200,1.00186567164
524844,524851,528428,7,3577,2,7200,1.00195694716
525072,525079,528265,7,3186,2,7200,1.00219711237
525177,525184,528553,7,3369,2,7200,1.00207776788
525195,525202,528778,7,3576,2,7200,1.00195749441
525297,525304,528545,7,3241,2,7200,1.00215982721
525312,525318,528540,6,3222,2,7200,1.00186219739
526685,526695,530095,10,3400,2,7200,1.00294117647
526956,526963,530303,7,3340,2,7200,1.00209580838
527044,535749,535757,8705,8,1,3600,871.3
527109,527116,530371,7,3255,2,7200,1.00215053763
527148,527156,530671,8,3515,2,7200,1.00227596017
527197,527203,530900,6,3697,2,7200,1.00162293752
527627,527634,531254,7,3620,2,7200,1.00193370166
527988,527994,531428,6,3434,2,7200,1.00174723355
528039,528045,531543,6,3498,2,7200,1.00171526587
528268,528274,531468,6,3194,2,7200,1.00187852223
528301,528307,531544,6,3237,2,7200,1.00185356812
528430,528437,532129,7,3692,2,7200,1.00189599133
528542,528548,531970,6,3422,2,7200,1.00175336061
528557,528563,531934,6,3371,2,7200,1.00177988727
528558,528570,532161,12,3591,2,7200,1.00334168755
528780,528791,532294,11,3503,2,7200,1.00314016557
530096,530103,533455,7,3352,2,7200,1.00208830549
530309,530317,533587,8,3270,2,7200,1.00244648318
530372,530378,534185,6,3807,2,7200,1.00157604413
530638,535767,535780,5129,13,1,1800,395.538461538
530682,530688,534123,6,3435,2,7200,1.00174672489
530902,530911,534071,9,3160,2,7200,1.00284810127
530964,535790,536085,4826,295,1,3600,17.3593220339
531257,531269,534265,12,2996,2,7200,1.00400534045
531429,531439,534867,10,3428,2,7200,1.00291715286
531468,531480,534761,12,3281,2,7200,1.00365742152
531546,531555,535026,9,3471,2,7200,1.00259291271
531548,531560,534867,12,3307,2,7200,1.00362866647
531936,531947,535481,11,3534,2,7200,1.00311262026
531972,531982,535726,10,3744,2,7200,1.00267094017
532131,532141,535525,10,3384,2,7200,1.00295508274
532161,532173,535635,12,3462,2,7200,1.00346620451
532296,532305,535790,9,3485,2,7200,1.00258249641
533457,533467,537004,10,3537,2,7200,1.00282725474
533589,533599,537291,10,3692,2,7200,1.00270855905
534074,534084,537726,10,3642,2,7200,1.0027457441
534125,534134,537472,9,3338,2,7200,1.00269622528
534188,534194,538068,6,3874,2,7200,1.00154878678
534266,534273,537597,7,3324,2,7200,1.00210589651
534763,534770,538306,7,3536,2,7200,1.00197963801
534868,534874,538045,6,3171,2,7200,1.00189214759
534870,534881,538490,11,3609,2,7200,1.00304793572
535029,535035,538407,6,3372,2,7200,1.00177935943
535483,535490,538794,7,3304,2,7200,1.00211864407
535525,535531,539135,6,3604,2,7200,1.00166481687
535636,535644,538963,8,3319,2,7200,1.00241036457
535727,535734,539187,7,3453,2,7200,1.0020272227
535790,535798,539263,8,3465,2,7200,1.00230880231
535871,535906,536147,35,241,1,3600,1.14522821577
535999,536006,536085,7,79,1,1800,1.08860759494
536216,536223,536755,7,532,1,3600,1.01315789474
536277,536283,536846,6,563,1,3600,1.01065719361
536361,536367,536463,6,96,1,1800,1.0625
536984,536991,538127,7,1136,1,3600,1.00616197183
537008,537015,540535,7,3520,2,7200,1.00198863636
537075,537084,538095,9,1011,1,3600,1.00890207715
537199,537205,537418,6,213,1,1800,1.02816901408
537293,537301,541103,8,3802,2,7200,1.00210415571
537479,537485,540993,6,3508,2,7200,1.00171037628
537599,537605,541324,6,3719,2,7200,1.00161333692
537729,537736,540915,7,3179,2,7200,1.0022019503
538053,538059,541764,6,3705,2,7200,1.0016194332
538071,538077,541427,6,3350,2,7200,1.00179104478
538108,538114,538124,6,10,1,1800,1.6
538272,538278,538324,6,46,1,1800,1.13043478261
538296,538303,538373,7,70,1,1800,1.1
538312,538319,541662,7,3343,2,7200,1.00209392761
538412,538418,542246,6,3828,2,7200,1.00156739812
538498,538505,541723,7,3218,2,7200,1.00217526414
538512,538519,538601,7,82,1,1800,1.08536585366
538554,538561,542170,7,3609,1,3600,1.00193959546
538581,538612,538696,31,84,1,1800,1.36904761905
538800,538806,542225,6,3419,2,7200,1.00175489909
538933,538940,539030,7,90,1,3600,1.07777777778
538965,538972,541975,7,3003,2,7200,1.00233100233
539090,539096,539265,6,169,1,1800,1.03550295858
539140,539146,542514,6,3368,2,7200,1.00178147268
539150,539243,539616,93,373,1,1800,1.24932975871
539159,539275,539518,116,243,1,3600,1.47736625514
539188,539195,542619,7,3424,2,7200,1.00204439252
539267,539282,542760,15,3478,2,7200,1.00431282346
539812,539819,540314,7,495,1,3600,1.01414141414
540542,540549,543383,7,2834,2,7200,1.00247000706
540731,540955,540997,224,42,1,1800,6.33333333333
540918,540924,544564,6,3640,2,7200,1.00164835165
540996,541002,544397,6,3395,2,7200,1.00176730486
541105,541112,544361,7,3249,2,7200,1.00215450908
541222,541229,541301,7,72,1,1800,1.09722222222
541327,541334,544562,7,3228,2,7200,1.0021685254
541429,541437,544517,8,3080,2,7200,1.0025974026
541664,541671,545022,7,3351,2,7200,1.00208892868
541724,541731,544881,7,3150,2,7200,1.00222222222
541766,541772,544659,6,2887,2,7200,1.00207828195
541909,541915,542160,6,245,1,1800,1.02448979592
541977,541984,545256,7,3272,2,7200,1.0021393643
542230,542238,545240,8,3002,2,7200,1.00266489007
542248,542254,545728,6,3474,2,7200,1.00172711572
542287,542294,542378,7,84,1,3600,1.08333333333
542513,542520,542759,7,239,1,3600,1.02928870293
542516,542527,546021,11,3494,2,7200,1.00314825415
542619,542625,545863,6,3238,2,7200,1.00185299568
542760,542769,546062,9,3293,2,7200,1.00273307015
543006,543013,543374,7,361,1,3600,1.01939058172
543389,543395,547012,6,3617,2,7200,1.00165883329
543695,544573,544596,878,23,4,3600,39.1739130435
543863,543870,543882,7,12,1,3600,1.58333333333
543972,545994,546034,2022,40,8,3600,51.55
543997,544004,544122,7,118,1,3600,1.0593220339
544253,544259,544521,6,262,1,3600,1.02290076336
544366,544372,547947,6,3575,2,7200,1.00167832168
544399,544407,547699,8,3292,2,7200,1.00243013366
544520,544526,547648,6,3122,2,7200,1.00192184497
544567,544579,547835,12,3256,2,7200,1.00368550369
544568,544586,547883,18,3297,2,7200,1.00545950864
544661,544668,548502,7,3834,2,7200,1.00182576943
544756,544763,545169,7,406,1,3600,1.01724137931
544881,544887,548129,6,3242,2,7200,1.00185070944
545025,545032,548234,7,3202,2,7200,1.00218613367
545244,545251,548602,7,3351,2,7200,1.00208892868
545259,545265,548934,6,3669,2,7200,1.00163532298
545707,545713,545721,6,8,1,3600,1.4
545729,545735,548818,6,3083,2,7200,1.00194615634
545836,545842,545933,6,91,1,3600,1.06593406593
545865,545871,549003,6,3132,2,7200,1.00191570881
546022,546028,549667,6,3639,2,7200,1.00164880462
546064,546071,549262,7,3191,2,7200,1.0021936697
546065,546076,546330,11,254,1,3600,1.04330708661
546580,546587,546944,7,357,1,3600,1.01960784314
547013,547021,550403,8,3382,2,7200,1.00236546422
547649,547655,551380,6,3725,2,7200,1.00161073826
547700,547706,551042,6,3336,2,7200,1.00179856115
547836,547843,551057,7,3214,2,7200,1.00217797138
547884,547890,551290,6,3400,2,7200,1.00176470588
547950,547957,551125,7,3168,2,7200,1.00220959596
548130,548138,552126,8,3988,2,7200,1.00200601805
548235,548243,551691,8,3448,2,7200,1.00232018561
548503,548509,552162,6,3653,2,7200,1.00164248563
548602,548609,552339,7,3730,2,7200,1.0018766756
548819,548825,552430,6,3605,2,7200,1.00166435506
548936,548943,552039,7,3096,2,7200,1.00226098191
549003,549009,552842,6,3833,2,7200,1.00156535351
549265,549272,552885,7,3613,2,7200,1.0019374481
549668,549675,553233,7,3558,2,7200,1.00196739741
550406,550412,553836,6,3424,2,7200,1.00175233645
551042,551048,554578,6,3530,2,7200,1.00169971671
551060,551066,554255,6,3189,2,7200,1.00188146754
551126,551133,554967,7,3834,2,7200,1.00182576943
551292,551299,554573,7,3274,2,7200,1.00213805742
551382,551388,554601,6,3213,2,7200,1.00186741363
551692,551699,555403,7,3704,2,7200,1.00188984881
552041,552048,555683,7,3635,2,7200,1.00192572215
552128,552134,555197,6,3063,2,7200,1.00195886386
552164,552170,555532,6,3362,2,7200,1.00178465199
552342,552349,555363,7,3014,2,7200,1.00232249502
552432,552439,555795,7,3356,2,7200,1.00208581645
552844,552850,556254,6,3404,2,7200,1.0017626322
552886,552892,556442,6,3550,2,7200,1.00169014085
553235,553242,556849,7,3607,2,7200,1.00194067092
553837,553845,557358,8,3513,2,7200,1.00227725591
554256,554262,557909,6,3647,2,7200,1.00164518783
554575,554582,557908,7,3326,2,7200,1.00210463019
554590,554597,558195,7,3598,2,7200,1.00194552529
554605,554611,558014,6,3403,2,7200,1.00176315016
554969,554975,557899,6,2924,2,7200,1.00205198358
555198,555204,558659,6,3455,2,7200,1.0017366136
555366,555373,558407,7,3034,2,7200,1.00230718523
555405,555411,558661,6,3250,2,7200,1.00184615385
555535,555542,558916,7,3374,2,7200,1.0020746888
555617,559871,606688,4254,46817,16,57600,1.09086442959
555685,555691,559198,6,3507,2,7200,1.00171086399
555796,555803,559276,7,3473,2,7200,1.00201554852
556257,556263,559700,6,3437,2,7200,1.00174570847
556443,556449,559995,6,3546,2,7200,1.00169204738
556852,556859,560146,7,3287,2,7200,1.00212960146
557361,557367,560830,6,3463,2,7200,1.00173260179
557900,557907,561379,7,3472,2,7200,1.00201612903
557915,557922,561027,7,3105,2,7200,1.00225442834
557916,557928,561321,12,3393,2,7200,1.00353669319
558016,558023,561684,7,3661,2,7200,1.00191204589
558196,558203,562025,7,3822,2,7200,1.00183150183
558410,558416,562165,6,3749,2,7200,1.00160042678
558663,558675,562096,12,3421,2,7200,1.00350774627
558664,558680,561949,16,3269,2,7200,1.00489446314
558917,558923,562279,6,3356,2,7200,1.00178784267
559200,559206,562487,6,3281,2,7200,1.00182871076
559278,559284,562570,6,3286,2,7200,1.00182592818
559702,559709,562924,7,3215,2,7200,1.00217729393
559997,560003,563284,6,3281,2,7200,1.00182871076
560148,560154,563040,6,2886,2,7200,1.00207900208
560831,560837,564077,6,3240,2,7200,1.00185185185
561027,561034,564169,7,3135,2,7200,1.00223285486
561322,561329,564640,7,3311,2,7200,1.0021141649
561382,561388,564949,6,3561,2,7200,1.00168491997
561688,561694,564958,6,3264,2,7200,1.00183823529
561895,623540,685160,61645,61620,4,72000,2.00040571243
561950,561957,565611,7,3654,2,7200,1.00191570881
562028,562034,565433,6,3399,2,7200,1.00176522507
562097,562103,565300,6,3197,2,7200,1.00187675946
562166,562173,565525,7,3352,2,7200,1.00208830549
562280,562287,565579,7,3292,2,7200,1.00212636695
562489,562495,565762,6,3267,2,7200,1.00183654729
562573,562579,565891,6,3312,2,7200,1.0018115942
562756,562763,565048,7,2285,4,68400,1.00306345733
562758,562770,571381,12,8611,4,68400,1.00139356637
562925,562932,566291,7,3359,2,7200,1.00208395356
562941,562947,585029,6,22082,5,70200,1.00027171452
563042,563049,566649,7,3600,2,7200,1.00194444444
563286,563292,566520,6,3228,2,7200,1.00185873606
564078,564085,567257,7,3172,2,7200,1.00220680958
564171,564178,567870,7,3692,2,7200,1.00189599133
564644,564651,567994,7,3343,2,7200,1.00209392761
564951,564957,568133,6,3176,2,7200,1.00188916877
564965,564973,568195,8,3222,2,7200,1.00248292986
565303,565310,569169,7,3859,2,7200,1.00181394144
565435,565441,569064,6,3623,2,7200,1.00165608612
565528,565534,569157,6,3623,2,7200,1.00165608612
565579,565586,569033,7,3447,2,7200,1.00203075138
565612,565618,568999,6,3381,2,7200,1.00177462289
565762,565770,569000,8,3230,2,7200,1.00247678019
565892,565899,569192,7,3293,2,7200,1.00212572123
566292,566299,569424,7,3125,2,7200,1.00224
566521,566527,570226,6,3699,2,7200,1.00162206002
566650,566658,569896,8,3238,2,7200,1.0024706609
567258,567266,570612,8,3346,2,7200,1.00239091452
567873,567880,571319,7,3439,2,7200,1.00203547543
567996,568002,571296,6,3294,2,7200,1.00182149362
568134,568140,571770,6,3630,2,7200,1.00165289256
568197,568204,571733,7,3529,2,7200,1.00198356475
569001,569008,572213,7,3205,2,7200,1.00218408736
569003,569014,572199,11,3185,2,7200,1.00345368917
569036,569043,572541,7,3498,2,7200,1.00200114351
569066,569072,572601,6,3529,2,7200,1.00170019836
569159,569166,572380,7,3214,2,7200,1.00217797138
569173,569180,572377,7,3197,2,7200,1.00218955271
569194,569201,572680,7,3479,2,7200,1.00201207243
569426,569432,572897,6,3465,2,7200,1.00173160173
569899,569905,573357,6,3452,2,7200,1.00173812283
570230,570237,573764,7,3527,2,7200,1.00198468954
570615,570622,573963,7,3341,2,7200,1.00209518108
571055,572392,574645,1337,2253,12,14400,1.59343098091
571291,571393,571577,102,184,8,3600,1.55434782609
571298,571305,574822,7,3517,2,7200,1.00199033267
571319,571325,574900,6,3575,2,7200,1.00167832168
571734,571742,575530,8,3788,2,7200,1.00211193242
571773,571780,575288,7,3508,2,7200,1.001995439
572201,572208,575674,7,3466,2,7200,1.00201961916
572215,572223,575295,8,3072,2,7200,1.00260416667
572378,572385,575841,7,3456,2,7200,1.00202546296
572393,572399,575680,6,3281,2,7200,1.00182871076
572543,572550,575810,7,3260,2,7200,1.00214723926
572603,572610,576002,7,3392,2,7200,1.00206367925
572681,572688,576288,7,3600,2,7200,1.00194444444
572886,574657,574674,1771,17,4,3600,105.176470588
572898,572904,576566,6,3662,2,7200,1.00163844894
573359,573365,576764,6,3399,2,7200,1.00176522507
573765,573771,577155,6,3384,2,7200,1.00177304965
573967,573974,577521,7,3547,2,7200,1.00197349873
574147,574167,574168,20,1,1,25200,2.1
574147,574174,574563,27,389,1,25200,1.06940874036
574147,574158,574159,11,1,1,25200,1.2
574147,574153,574155,6,2,1,25200,1.0
574148,574204,574205,56,1,1,25200,5.7
574149,574229,574230,80,1,1,25200,8.1
574150,574575,574576,425,1,1,25200,42.6
574150,574267,574334,117,67,1,25200,2.74626865672
574150,574345,574596,195,251,1,25200,1.77689243028
574151,574609,574623,458,14,1,25200,33.7142857143
574152,574667,574668,515,1,1,25200,51.6
574152,574635,574741,483,106,1,25200,5.55660377358
574152,574662,574665,510,3,1,25200,51.3
574152,574616,574686,464,70,1,25200,7.62857142857
574153,574678,574679,525,1,1,25200,52.6
574153,574673,574689,520,16,1,25200,33.5
574154,574700,575196,546,496,1,25200,2.10080645161
574154,574694,574744,540,50,1,25200,11.8
574154,574689,574690,535,1,1,25200,53.6
574155,574718,574729,563,11,1,25200,52.1818181818
574155,574708,575337,553,629,1,25200,1.87917329094
574155,574713,577031,558,2318,1,25200,1.24072476273
574156,574740,575445,584,705,1,25200,1.82836879433
574156,574729,575292,573,563,1,25200,2.01776198934
574156,574724,582286,568,7562,1,25200,1.07511240413
574156,574735,574736,579,1,1,25200,58.0
574157,574756,577263,599,2507,1,25200,1.23893099322
574157,574745,574746,588,1,1,25200,58.9
574158,574769,574779,611,10,1,25200,62.1
574158,574775,574776,617,1,1,25200,61.8
574158,574761,574762,603,1,1,25200,60.4
574159,574796,582554,637,7758,1,25200,1.08210879093
574159,574791,574793,632,2,1,25200,63.4
574159,574785,574786,626,1,1,25200,62.7
574159,574780,574781,621,1,1,25200,62.2
574160,574815,574822,655,7,1,25200,66.2
574160,574804,574805,644,1,1,25200,64.5
574160,574810,574827,650,17,1,25200,39.2352941176
574161,574844,574875,683,31,1,25200,23.0322580645
574161,574849,574851,688,2,1,25200,69.0
574161,574826,574854,665,28,1,25200,24.75
574161,574820,574821,659,1,1,25200,66.0
574162,574855,575004,693,149,1,25200,5.65100671141
574162,574860,574861,698,1,1,25200,69.9
574163,574867,574869,704,2,1,25200,70.6
574163,574878,574910,715,32,1,25200,23.34375
574163,574872,575441,709,569,1,25200,2.2460456942
574163,574885,574889,722,4,1,25200,72.6
574164,574897,574899,733,2,1,25200,73.5
574164,574890,574931,726,41,1,25200,18.7073170732
574165,574918,574919,753,1,1,25200,75.4
574165,574923,574931,758,8,1,25200,76.6
574166,574936,574949,770,13,1,25200,60.2307692308
574166,574954,574955,788,1,1,25200,78.9
574166,574941,593869,775,18928,1,25200,1.04094463229
574166,574949,576366,783,1417,1,25200,1.5525758645
574167,574972,574974,805,2,1,25200,80.7
574167,574967,574983,800,16,1,25200,51.0
574167,574960,574968,793,8,1,25200,80.1
574168,574995,575015,827,20,1,25200,42.35
574168,574980,576336,812,1356,1,25200,1.598820059
574168,574987,575027,819,40,1,25200,21.475
574169,575016,575018,847,2,1,25200,84.9
574169,575027,575029,858,2,1,25200,86.0
574169,575034,575035,865,1,1,25200,86.6
574170,575046,575048,876,2,1,25200,87.8
574170,575041,575486,871,445,1,25200,2.95730337079
574171,575074,575076,903,2,1,25200,90.5
574172,575088,575123,916,35,1,25200,27.1714285714
574173,575135,575136,962,1,1,25200,96.3
574173,575119,576123,946,1004,1,25200,1.9422310757
574173,575149,575165,976,16,1,25200,62.0
574173,575177,575179,1004,2,1,25200,100.6
574174,575210,575212,1036,2,1,25200,103.8
574174,575203,575289,1029,86,1,25200,12.9651162791
574175,575224,575252,1049,28,1,25200,38.4642857143
574175,575305,577844,1130,2539,1,25200,1.4450571091
574175,575265,575510,1090,245,1,25200,5.44897959184
574176,575316,575331,1140,15,1,25200,77.0
574176,575321,575323,1145,2,1,25200,114.7
574176,575311,575325,1135,14,1,25200,82.0714285714
574177,575348,575349,1171,1,1,25200,117.2
574177,575343,575345,1166,2,1,25200,116.8
574178,575355,577056,1177,1701,1,25200,1.69194591417
574178,575373,575405,1195,32,1,25200,38.34375
574178,575360,575361,1182,1,1,25200,118.3
574179,575380,575381,1201,1,1,25200,120.2
574179,575393,575394,1214,1,1,25200,121.5
574179,575385,576491,1206,1106,1,25200,2.0904159132
574180,575453,575585,1273,132,1,25200,10.6439393939
574180,575418,576045,1238,627,1,25200,2.97448165869
574180,575423,575463,1243,40,1,25200,32.075
574181,575481,575483,1300,2,1,25200,130.2
574181,575460,575461,1279,1,1,25200,128.0
574182,575998,576017,1816,19,1,25200,96.5789473684
574182,575488,575687,1306,199,1,25200,7.56281407035
574183,575516,575532,1333,16,1,25200,84.3125
574183,575502,575504,1319,2,1,25200,132.1
574183,575509,575549,1326,40,1,25200,34.15
574184,575523,575525,1339,2,1,25200,134.1
574184,575537,575553,1353,16,1,25200,85.5625
574184,575549,575557,1365,8,1,25200,137.3
574184,575561,575564,1377,3,1,25200,138.0
574185,575575,578431,1390,2856,1,25200,1.48669467787
574185,575582,575584,1397,2,1,25200,139.9
574185,575568,576882,1383,1314,1,25200,2.05251141553
574186,575631,575633,1445,2,1,25200,144.7
574186,575596,575618,1410,22,1,25200,65.0909090909
574186,575603,575637,1417,34,1,25200,42.6764705882
574187,575652,576760,1465,1108,1,25200,2.32220216606
574187,575671,575723,1484,52,1,25200,29.5384615385
574188,575690,575691,1502,1,1,25200,150.3
574188,575695,575696,1507,1,1,25200,150.8
574188,575709,575733,1521,24,1,25200,64.375
574189,575727,575728,1538,1,1,25200,153.9
574189,575735,576258,1546,523,1,25200,3.95602294455
574190,575858,575859,1668,1,1,25200,166.9
574190,575749,575971,1559,222,1,25200,8.02252252252
574190,575756,576314,1566,558,1,25200,3.8064516129
574191,575878,595960,1687,20082,1,25200,1.08400557713
574191,575863,575864,1672,1,1,25200,167.3
574191,575871,576535,1680,664,1,25200,3.53012048193
574192,575984,575986,1792,2,1,25200,179.4
574192,576018,576019,1826,1,1,25200,182.7
574192,576023,576024,1831,1,1,25200,183.2
574192,576030,576032,1838,2,1,25200,184.0
574193,576037,576040,1844,3,1,25200,184.7
574193,576042,576043,1849,1,1,25200,185.0
574194,576074,576121,1880,47,1,25200,41.0
574194,576061,577132,1867,1071,1,25200,2.74323062558
574194,576056,576079,1862,23,1,25200,81.9565217391
574194,576069,576140,1875,71,1,25200,27.4084507042
574195,576091,576380,1896,289,1,25200,7.56055363322
574195,576134,601347,1939,25213,1,25200,1.07690477135
574195,576141,576142,1946,1,1,25200,194.7
574196,576166,579072,1970,2906,1,25200,1.67790777701
574196,576159,576162,1963,3,1,25200,196.6
574196,576152,576154,1956,2,1,25200,195.8
574197,576186,576192,1989,6,1,25200,199.5
574197,576209,576211,2012,2,1,25200,201.4
574198,576236,576386,2038,150,1,25200,14.5866666667
574198,576270,576273,2072,3,1,25200,207.5
574198,576304,576305,2106,1,1,25200,210.7
574199,576314,576315,2115,1,1,25200,211.6
574199,576309,576663,2110,354,1,25200,6.9604519774
574200,576347,580141,2147,3794,1,25200,1.56589351608
574200,576322,576324,2122,2,1,25200,212.4
574200,576334,576823,2134,489,1,25200,5.36400817996
574200,576329,576331,2129,2,1,25200,213.1
574201,576379,576380,2178,1,1,25200,217.9
574201,576359,576433,2158,74,1,25200,30.1621621622
574201,576352,576493,2151,141,1,25200,16.2553191489
574202,576399,576889,2197,490,1,25200,5.48367346939
574202,576404,601617,2202,25213,1,25200,1.08733589815
574202,576392,576556,2190,164,1,25200,14.3536585366
574203,576445,576447,2242,2,1,25200,224.4
574203,576511,580159,2308,3648,1,25200,1.6326754386
574203,576459,577491,2256,1032,1,25200,3.18604651163
574204,576504,576506,2300,2,1,25200,230.2
574204,576523,576532,2319,9,1,25200,232.8
574204,576584,576585,2380,1,1,25200,238.1
574205,576551,576553,2346,2,1,25200,234.8
574205,576544,576574,2339,30,1,25200,78.9666666667
574206,576597,576714,2391,117,1,25200,21.4358974359
574206,576572,576574,2366,2,1,25200,236.8
574206,576565,576567,2359,2,1,25200,236.1
574207,576609,576610,2402,1,1,25200,240.3
574208,576624,576730,2416,106,1,25200,23.7924528302
574208,576631,580157,2423,3526,1,25200,1.68718094158
574208,576675,578017,2467,1342,1,25200,2.83830104322
574209,576743,576747,2534,4,1,25200,253.8
574209,576726,576763,2517,37,1,25200,69.027027027
574209,576759,576918,2550,159,1,25200,17.0377358491
574210,576779,576780,2569,1,1,25200,257.0
574210,576784,576807,2574,23,1,25200,112.913043478
574211,576797,576800,2586,3,1,25200,258.9
574211,576789,587794,2578,11005,1,25200,1.23425715584
574212,576826,576840,2614,14,1,25200,187.714285714
574212,576819,578111,2607,1292,1,25200,3.01780185759
574212,576836,576838,2624,2,1,25200,262.6
574213,576857,577005,2644,148,1,25200,18.8648648649
574214,576878,584716,2664,7838,1,25200,1.33988262312
574214,576864,576866,2650,2,1,25200,265.2
574214,576894,582306,2680,5412,1,25200,1.49519586105
574215,576901,576902,2686,1,1,25200,268.7
574215,576931,576933,2716,2,1,25200,271.8
574215,576914,577205,2699,291,1,25200,10.2749140893
574216,576958,577033,2742,75,1,25200,37.56
574216,577018,577020,2802,2,1,25200,280.4
574217,577032,577058,2815,26,1,25200,109.269230769
574217,577068,577070,2851,2,1,25200,285.3
574217,577075,577076,2858,1,1,25200,285.9
574218,577050,577435,2832,385,1,25200,8.35584415584
574218,577043,577079,2825,36,1,25200,79.4722222222
574219,577101,580241,2882,3140,1,25200,1.9178343949
574220,577145,577147,2925,2,1,25200,292.7
574220,577114,577405,2894,291,1,25200,10.9450171821
574220,577109,580651,2889,3542,1,25200,1.81564088086
574221,577366,577735,3145,369,1,25200,9.52303523035
574221,577159,578204,2938,1045,1,25200,3.81148325359
574221,577173,577252,2952,79,1,25200,38.3670886076
574222,577417,577419,3195,2,1,25200,319.7
574222,577430,577432,3208,2,1,25200,321.0
574222,577178,577578,2956,400,1,25200,8.39
574223,577217,577225,2994,8,1,25200,300.2
574223,577264,577266,3041,2,1,25200,304.3
574223,577237,577354,3014,117,1,25200,26.7606837607
574224,577282,577739,3058,457,1,25200,7.69146608315
574224,577275,577281,3051,6,1,25200,305.7
574225,577293,577300,3068,7,1,25200,307.5
574225,577313,577647,3088,334,1,25200,10.245508982
574225,577445,578138,3220,693,1,25200,5.64646464646
574226,577452,577455,3226,3,1,25200,322.9
574227,577518,577519,3291,1,1,25200,329.2
574227,577495,577706,3268,211,1,25200,16.4881516588
574227,577504,577506,3277,2,1,25200,327.9
574228,577565,579034,3337,1469,1,25200,3.27161334241
574228,577538,577539,3310,1,1,25200,331.1
574229,577543,577546,3314,3,1,25200,331.7
574229,577572,577575,3343,3,1,25200,334.6
574230,577587,577866,3357,279,1,25200,13.0322580645
574230,577594,577873,3364,279,1,25200,13.0573476703
574230,577660,577666,3430,6,1,25200,343.6
574231,577747,577749,3516,2,1,25200,351.8
574231,577678,577714,3447,36,1,25200,96.75
574231,577719,577721,3488,2,1,25200,349.0
574231,577726,577938,3495,212,1,25200,17.4858490566
574232,577738,577752,3506,14,1,25200,251.428571429
574232,577761,577765,3529,4,1,25200,353.3
574232,577754,577776,3522,22,1,25200,161.090909091
574233,577768,578493,3535,725,1,25200,5.87586206897
574233,577788,577789,3555,1,1,25200,355.6
574233,577776,578622,3543,846,1,25200,5.18794326241
574234,577801,578098,3567,297,1,25200,13.0101010101
574234,577856,577868,3622,12,1,25200,302.833333333
574234,577878,577880,3644,2,1,25200,364.6
574235,577936,578375,3701,439,1,25200,9.430523918
574235,577890,578393,3655,503,1,25200,8.26640159046
574235,577895,577898,3660,3,1,25200,366.3
574236,577917,577918,3681,1,1,25200,368.2
574236,577950,578096,3714,146,1,25200,26.4383561644
574237,577922,577923,3685,1,1,25200,368.6
574237,577929,577941,3692,12,1,25200,308.666666667
574238,577985,577989,3747,4,1,25200,375.1
574239,578029,578034,3790,5,1,25200,379.5
574239,578001,578023,3762,22,1,25200,172.0
574239,578036,578194,3797,158,1,25200,25.0316455696
574240,578097,578203,3857,106,1,25200,37.3867924528
574240,578048,578085,3808,37,1,25200,103.918918919
574240,578108,578110,3868,2,1,25200,387.0
574241,578122,578405,3881,283,1,25200,14.7137809187
574241,578133,578145,3892,12,1,25200,325.333333333
574241,578128,578139,3887,11,1,25200,354.363636364
574242,578178,603416,3936,25238,1,25200,1.15595530549
574242,578170,578243,3928,73,1,25200,54.8082191781
574242,578163,578165,3921,2,1,25200,392.3
574243,578150,578152,3907,2,1,25200,390.9
574243,578140,578288,3897,148,1,25200,27.3310810811
574244,578206,595741,3962,17535,1,25200,1.22594810379
574244,578215,582504,3971,4289,1,25200,1.92585684309
574244,578157,579125,3913,968,1,25200,5.0423553719
574245,578267,578406,4022,139,1,25200,29.9352517986
574245,578261,585363,4016,7102,1,25200,1.56547451422
574245,578222,578245,3977,23,1,25200,173.913043478
574246,578272,578278,4026,6,1,25200,403.2
574246,578297,578301,4051,4,1,25200,405.5
574246,578278,578280,4032,2,1,25200,403.4
574246,578290,579104,4044,814,1,25200,5.96805896806
574247,578313,578316,4066,3,1,25200,406.9
574247,578328,578379,4081,51,1,25200,81.0196078431
574247,578304,578333,4057,29,1,25200,140.896551724
574248,578345,578348,4097,3,1,25200,410.0
574248,578360,578377,4112,17,1,25200,242.882352941
574248,578387,578389,4139,2,1,25200,414.1
574249,578400,580993,4151,2593,1,25200,2.6008484381
574249,578394,578403,4145,9,1,25200,415.4
574250,578407,580009,4157,1602,1,25200,3.59488139825
574250,578412,578851,4162,439,1,25200,10.4806378132
574250,578420,586409,4170,7989,1,25200,1.5219677056
574251,578426,578629,4175,203,1,25200,21.5665024631
574251,578431,579271,4180,840,1,25200,5.97619047619
574251,578443,579936,4192,1493,1,25200,3.80776959143
574252,578782,579177,4530,395,1,25200,12.4683544304
574252,578729,578731,4477,2,1,25200,447.9
574252,578506,578508,4254,2,1,25200,425.6
574253,578863,578865,4610,2,1,25200,461.2
574253,579084,579086,4831,2,1,25200,483.3
574254,578520,578521,4266,1,1,25200,426.7
574254,578546,579299,4292,753,1,25200,6.69986719788
574255,578655,578656,4400,1,1,25200,440.1
574255,578641,578643,4386,2,1,25200,438.8
574255,578634,580036,4379,1402,1,25200,4.12339514979
574256,578743,578754,4487,11,1,25200,408.909090909
574256,578716,578717,4460,1,1,25200,446.1
574256,578668,578739,4412,71,1,25200,63.1408450704
574257,579099,579106,4842,7,1,25200,484.9
574257,578766,578769,4509,3,1,25200,451.2
574257,578752,578943,4495,191,1,25200,24.5340314136
574258,579047,586663,4789,7616,1,25200,1.62880777311
574258,578959,587132,4701,8173,1,25200,1.57518658999
574258,578889,579242,4631,353,1,25200,14.11898017
574259,579116,579118,4857,2,1,25200,485.9
574259,579130,579811,4871,681,1,25200,8.15271659325
574259,579137,579486,4878,349,1,25200,14.9770773639
574259,579123,580363,4864,1240,1,25200,4.92258064516
574260,579169,579170,4909,1,1,25200,491.0
574260,579164,579173,4904,9,1,25200,491.3
574260,579182,579222,4922,40,1,25200,124.05
574261,579189,579685,4928,496,1,25200,10.935483871
574261,579194,579202,4933,8,1,25200,494.1
574262,579304,579562,5042,258,1,25200,20.5426356589
574262,579214,579215,4952,1,1,25200,495.3
574262,579227,579690,4965,463,1,25200,11.7235421166
574263,579312,579315,5049,3,1,25200,505.2
574263,579327,580126,5064,799,1,25200,7.337922403
574263,579499,579587,5236,88,1,25200,60.5
574264,579254,604495,4990,25241,1,25200,1.19769422765
574264,579276,581810,5012,2534,1,25200,2.97790055249
574264,579234,579264,4970,30,1,25200,166.666666667
574265,579283,579286,5018,3,1,25200,502.1
574265,579574,579591,5309,17,1,25200,313.294117647
574265,579299,579580,5034,281,1,25200,18.9145907473
574266,579592,579612,5326,20,1,25200,267.3
574266,579606,579637,5340,31,1,25200,173.258064516
574266,579599,581360,5333,1761,1,25200,4.02839295855
574267,579649,579842,5382,193,1,25200,28.8860103627
574267,579697,579699,5430,2,1,25200,543.2
574267,579625,579791,5358,166,1,25200,33.2771084337
574268,579718,580227,5450,509,1,25200,11.7072691552
574268,579704,579706,5436,2,1,25200,543.8
574268,579711,579712,5443,1,1,25200,544.4
574269,579763,579842,5494,79,1,25200,70.5443037975
574269,579725,579750,5456,25,1,25200,219.24
574270,579803,579823,5533,20,1,25200,277.65
574270,579823,579825,5553,2,1,25200,555.5
574270,579843,580145,5573,302,1,25200,19.4536423841
574270,579836,579838,5566,2,1,25200,556.8
574271,579857,579871,5586,14,1,25200,400.0
574271,579863,579963,5592,100,1,25200,56.92
574271,579850,580183,5579,333,1,25200,17.7537537538
574272,579944,580137,5672,193,1,25200,30.3886010363
574272,579884,580606,5612,722,1,25200,8.7728531856
574272,579949,579951,5677,2,1,25200,567.9
574273,579956,580974,5683,1018,1,25200,6.58251473477
574273,579975,580900,5702,925,1,25200,7.16432432432
574274,580048,580082,5774,34,1,25200,170.823529412
574274,580021,580143,5747,122,1,25200,48.106557377
574274,579980,580276,5706,296,1,25200,20.277027027
574275,580095,582553,5820,2458,1,25200,3.36777868186
574275,580124,580591,5849,467,1,25200,13.5246252677
574275,580139,580141,5864,2,1,25200,586.6
574276,580149,583719,5873,3570,1,25200,2.64509803922
574276,580156,580206,5880,50,1,25200,118.6
574276,580161,580163,5885,2,1,25200,588.7
574277,580167,580168,5890,1,1,25200,589.1
574277,580174,580180,5897,6,1,25200,590.3
574277,580179,581667,5902,1488,1,25200,4.96639784946
574278,580197,580222,5919,25,1,25200,237.76
574278,580185,580186,5907,1,1,25200,590.8
574278,580192,580548,5914,356,1,25200,17.6123595506
574279,580215,580218,5936,3,1,25200,593.9
574280,580227,580228,5947,1,1,25200,594.8
574280,580233,580335,5953,102,1,25200,59.362745098
574280,580222,605439,5942,25217,1,25200,1.23563469088
574281,580250,580251,5969,1,1,25200,597.0
574281,580239,580242,5958,3,1,25200,596.1
574282,580263,580268,5981,5,1,25200,598.6
574282,580256,580348,5974,92,1,25200,65.9347826087
574282,580268,580269,5986,1,1,25200,598.7
574283,580279,580548,5996,269,1,25200,23.2899628253
574283,580274,580297,5991,23,1,25200,261.47826087
574283,580286,580287,6003,1,1,25200,600.4
574284,580291,582133,6007,1842,1,25200,4.26112920738
574284,580298,580302,6014,4,1,25200,601.8
574284,580303,580319,6019,16,1,25200,377.1875
574285,580310,580311,6025,1,1,25200,602.6
574286,580317,580611,6031,294,1,25200,21.5136054422
574286,580324,580543,6038,219,1,25200,28.5707762557
574286,580564,580650,6278,86,1,25200,74.0
574287,580362,580741,6075,379,1,25200,17.0290237467
574287,580331,580337,6044,6,1,25200,605.0
574287,580348,580630,6061,282,1,25200,22.4929078014
574288,580376,580385,6088,9,1,25200,609.7
574289,580569,580661,6280,92,1,25200,69.2608695652
574289,580402,580406,6113,4,1,25200,611.7
574290,580428,580504,6138,76,1,25200,81.7631578947
574290,580423,580704,6133,281,1,25200,22.8256227758
574291,580516,580526,6225,10,1,25200,623.5
574292,580589,580592,6297,3,1,25200,630.0
574292,580557,580559,6265,2,1,25200,626.7
574292,580582,580709,6290,127,1,25200,50.5275590551
574292,580604,580672,6312,68,1,25200,93.8235294118
574293,580609,580611,6316,2,1,25200,631.8
574293,580626,580674,6333,48,1,25200,132.9375
574293,580619,580759,6326,140,1,25200,46.1857142857
574294,580648,580747,6354,99,1,25200,65.1818181818
574294,580643,580648,6349,5,1,25200,635.4
574295,580667,580672,6372,5,1,25200,637.7
574295,580672,589020,6377,8348,1,25200,1.76389554384
574295,580660,581125,6365,465,1,25200,14.688172043
574296,580679,580682,6383,3,1,25200,638.6
574296,580686,580693,6390,7,1,25200,639.7
574296,580691,580694,6395,3,1,25200,639.8
574297,580704,580958,6407,254,1,25200,26.2244094488
574297,580697,580700,6400,3,1,25200,640.3
574297,580711,581599,6414,888,1,25200,8.22297297297
574298,580729,580731,6431,2,1,25200,643.3
574298,580716,580717,6418,1,1,25200,641.9
574298,580724,580899,6426,175,1,25200,37.72
574299,580748,580749,6449,1,1,25200,645.0
574299,580735,580737,6436,2,1,25200,643.8
574299,580742,582882,6443,2140,1,25200,4.01074766355
574300,580760,580762,6460,2,1,25200,646.2
574300,580766,580768,6466,2,1,25200,646.8
574301,580783,580853,6482,70,1,25200,93.6
574301,580771,580773,6470,2,1,25200,647.2
574301,580778,580779,6477,1,1,25200,647.8
574302,580796,580830,6494,34,1,25200,192.0
574302,580789,590576,6487,9787,1,25200,1.66281802391
574302,580801,580804,6499,3,1,25200,650.2
574303,580816,581086,6513,270,1,25200,25.1222222222
574303,580842,581670,6539,828,1,25200,8.89734299517
574303,580807,580822,6504,15,1,25200,434.6
574303,580834,581174,6531,340,1,25200,20.2088235294
574304,580888,586407,6584,5519,1,25200,2.1929697409
574304,580911,581015,6607,104,1,25200,64.5288461538
574304,580865,581452,6561,587,1,25200,12.1771720613
574305,580971,580988,6666,17,1,25200,393.117647059
574305,580918,581488,6613,570,1,25200,12.601754386
574306,581008,581033,6702,25,1,25200,269.08
574306,580986,584458,6680,3472,1,25200,2.92396313364
574306,581001,581003,6695,2,1,25200,669.7
574307,581045,582704,6738,1659,1,25200,5.06148282098
574307,581033,606272,6726,25239,1,25200,1.26649233329
574307,581027,581045,6720,18,1,25200,374.333333333
574308,581071,581107,6763,36,1,25200,188.861111111
574308,581098,581829,6790,731,1,25200,10.2886456908
574308,581057,581059,6749,2,1,25200,675.1
574309,581138,581139,6829,1,1,25200,683.0
574309,581119,581312,6810,193,1,25200,36.2849740933
574310,581187,581189,6877,2,1,25200,687.9
574310,581201,581203,6891,2,1,25200,689.3
574310,581164,581196,6854,32,1,25200,215.1875
574311,581215,581349,6904,134,1,25200,52.5223880597
574311,581208,583742,6897,2534,1,25200,3.72178374112
574311,581324,582090,7013,766,1,25200,10.1553524804
574312,581362,581364,7050,2,1,25200,705.2
574312,581381,581577,7069,196,1,25200,37.0663265306
574312,581376,581862,7064,486,1,25200,15.5349794239
574313,581465,581471,7152,6,1,25200,715.8
574314,581504,582071,7190,567,1,25200,13.6807760141
574314,581518,584859,7204,3341,1,25200,3.15624064651
574314,581589,581591,7275,2,1,25200,727.7
574315,581618,581622,7303,4,1,25200,730.7
574315,581611,581614,7296,3,1,25200,729.9
574316,581634,584187,7318,2553,1,25200,3.86643164904
574316,581626,581628,7310,2,1,25200,731.2
574317,581686,581768,7369,82,1,25200,90.8658536585
574317,581653,581773,7336,120,1,25200,62.1333333333
574317,581679,581683,7362,4,1,25200,736.6
574318,581724,581753,7406,29,1,25200,256.379310345
574318,581708,581712,7390,4,1,25200,739.4
574319,581779,582284,7460,505,1,25200,15.7722772277
574319,581766,581768,7447,2,1,25200,744.9
574319,581903,582076,7584,173,1,25200,44.838150289
574320,581997,581999,7677,2,1,25200,767.9
574320,582012,582018,7692,6,1,25200,769.8
574320,581912,582037,7592,125,1,25200,61.736
574321,582043,582049,7722,6,1,25200,772.8
574321,582030,582031,7709,1,1,25200,771.0
574321,582050,582052,7729,2,1,25200,773.1
574322,581799,581984,7477,185,1,25200,41.4162162162
574322,581792,581794,7470,2,1,25200,747.2
574323,581822,581836,7499,14,1,25200,536.642857143
574323,581841,581878,7518,37,1,25200,204.189189189
574323,581806,586535,7483,4729,1,25200,2.58236413618
574324,581848,581882,7524,34,1,25200,222.294117647
574324,581875,581878,7551,3,1,25200,755.4
574324,581897,581900,7573,3,1,25200,757.6
574325,582076,582132,7751,56,1,25200,139.410714286
574325,582069,582847,7744,778,1,25200,10.9537275064
574326,582103,582105,7777,2,1,25200,777.9
574326,582084,582159,7758,75,1,25200,104.44
574326,582091,582170,7765,79,1,25200,99.2911392405
574327,582144,582146,7817,2,1,25200,781.9
574327,582151,582153,7824,2,1,25200,782.6
574327,582117,587255,7790,5138,1,25200,2.51615414558
574328,582172,582324,7844,152,1,25200,52.6052631579
574329,582185,582728,7856,543,1,25200,15.467771639
574329,582190,607422,7861,25232,1,25200,1.31154882689
574329,582177,582180,7848,3,1,25200,785.1
574330,582210,582345,7880,135,1,25200,59.3703703704
574330,582302,582304,7972,2,1,25200,797.4
574331,582330,582368,7999,38,1,25200,211.5
574331,582323,582345,7992,22,1,25200,364.272727273
574332,582337,582339,8005,2,1,25200,800.7
574332,582358,583763,8026,1405,1,25200,6.71245551601
574332,582351,582352,8019,1,1,25200,802.0
574333,582370,606031,8037,23661,1,25200,1.33967287942
574333,582380,582382,8047,2,1,25200,804.9
574333,582363,582704,8030,341,1,25200,24.5483870968
574334,582439,582648,8105,209,1,25200,39.7799043062
574334,582394,582414,8060,20,1,25200,404.0
574335,582577,582593,8242,16,1,25200,516.125
574335,582516,582579,8181,63,1,25200,130.857142857
574335,582565,582629,8230,64,1,25200,129.59375
574336,582592,582594,8256,2,1,25200,825.8
574336,582612,583132,8276,520,1,25200,16.9153846154
574336,582605,583841,8269,1236,1,25200,7.69012944984
574337,582663,607891,8326,25228,1,25200,1.33003012526
574337,582641,582644,8304,3,1,25200,830.7
574337,582716,582745,8379,29,1,25200,289.931034483
574338,582722,582726,8384,4,1,25200,838.8
574338,582745,582747,8407,2,1,25200,840.9
574338,582738,582739,8400,1,1,25200,840.1
574339,582752,582970,8413,218,1,25200,39.5917431193
574339,582758,582759,8419,1,1,25200,842.0
574339,582764,582766,8425,2,1,25200,842.7
574340,582778,582811,8438,33,1,25200,256.696969697
574341,582809,582830,8468,21,1,25200,404.238095238
574342,582837,582923,8495,86,1,25200,99.7790697674
574342,582844,583413,8502,569,1,25200,15.9420035149
574342,582823,582825,8481,2,1,25200,848.3
574343,582913,583000,8570,87,1,25200,99.5057471264
574343,582898,582900,8555,2,1,25200,855.7
574343,582860,583263,8517,403,1,25200,22.1339950372
574344,582983,582986,8639,3,1,25200,864.2
574344,583174,583176,8830,2,1,25200,883.2
574344,582936,583154,8592,218,1,25200,40.4128440367
574345,583179,583180,8834,1,1,25200,883.5
574345,583012,583158,8667,146,1,25200,60.3630136986
574345,582998,583084,8653,86,1,25200,101.61627907
574346,583096,583316,8750,220,1,25200,40.7727272727
574346,583145,583147,8799,2,1,25200,880.1
574347,583186,584151,8839,965,1,25200,10.1595854922
574347,583193,583349,8846,156,1,25200,57.7051282051
574347,583167,583169,8820,2,1,25200,882.2
574348,583329,583385,8981,56,1,25200,161.375
574348,583198,583371,8850,173,1,25200,52.1560693642
574348,583275,583382,8927,107,1,25200,84.4299065421
574349,583361,583363,9012,2,1,25200,901.4
574349,583384,583391,9035,7,1,25200,904.2
574349,583375,583410,9026,35,1,25200,258.885714286
574350,583402,583405,9052,3,1,25200,905.5
574350,583395,583413,9045,18,1,25200,503.5
574350,583409,583420,9059,11,1,25200,824.545454545
574351,583424,583426,9073,2,1,25200,907.5
574351,583444,608665,9093,25221,1,25200,1.36053288926
574351,583417,583487,9066,70,1,25200,130.514285714
574352,583436,583447,9084,11,1,25200,826.818181818
574352,583449,583450,9097,1,1,25200,909.8
574352,583431,583489,9079,58,1,25200,157.534482759
574353,583505,583524,9152,19,1,25200,482.684210526
574353,583459,584533,9106,1074,1,25200,9.47858472998
574354,583516,583564,9162,48,1,25200,191.875
574354,583478,583996,9124,518,1,25200,18.6138996139
574354,583486,583664,9132,178,1,25200,52.3033707865
574355,583491,583492,9136,1,1,25200,913.7
574355,583510,583685,9155,175,1,25200,53.3142857143
574355,583537,584688,9182,1151,1,25200,8.977410947
574356,583576,584807,9220,1231,1,25200,8.48984565394
574356,583699,583701,9343,2,1,25200,934.5
574357,583677,583679,9320,2,1,25200,932.2
574357,583692,595606,9335,11914,1,25200,1.78353197918
574358,583733,583735,9375,2,1,25200,937.7
574358,583746,583751,9388,5,1,25200,939.3
574358,583740,583761,9382,21,1,25200,447.761904762
574359,583754,583903,9395,149,1,25200,64.0536912752
574359,583775,583779,9416,4,1,25200,942.0
574359,583768,584366,9409,598,1,25200,16.7341137124
574360,583780,583803,9420,23,1,25200,410.565217391
574360,583806,583915,9446,109,1,25200,87.6605504587
574361,583853,583900,9492,47,1,25200,202.957446809
574361,583815,585172,9454,1357,1,25200,7.96683861459
574361,583913,584043,9552,130,1,25200,74.4769230769
574362,583927,584007,9565,80,1,25200,120.5625
574362,584007,584010,9645,3,1,25200,964.8
574362,583920,584237,9558,317,1,25200,31.1514195584
574363,584061,584588,9698,527,1,25200,19.4022770398
574363,584019,584393,9656,374,1,25200,26.8181818182
574363,584031,584032,9668,1,1,25200,966.9
574364,584055,584191,9691,136,1,25200,72.2573529412
574365,584200,585160,9835,960,1,25200,11.2447916667
574365,584164,584167,9799,3,1,25200,980.2
574365,584180,584891,9815,711,1,25200,14.8045007032
574366,584220,584243,9854,23,1,25200,429.434782609
574366,584249,584256,9883,7,1,25200,989.0
574366,584206,584208,9840,2,1,25200,984.2
574367,584405,584463,10038,58,1,25200,174.068965517
574367,584256,584257,9889,1,1,25200,989.0
574368,584282,584310,9914,28,1,25200,355.071428571
574368,584323,585920,9955,1597,1,25200,7.23356293049
574368,584275,584439,9907,164,1,25200,61.4085365854
574369,584378,584383,10009,5,1,25200,1001.4
574369,584396,584397,10027,1,1,25200,1002.8
574369,584412,584414,10043,2,1,25200,1004.5
574370,584494,584538,10124,44,1,25200,231.090909091
574370,584517,584542,10147,25,1,25200,406.88
574370,584426,585876,10056,1450,1,25200,7.93517241379
574371,584452,584454,10081,2,1,25200,1008.3
574371,584466,584504,10095,38,1,25200,266.657894737
574371,584473,585151,10102,678,1,25200,15.8997050147
574372,584480,584482,10108,2,1,25200,1011.0
574372,584552,584941,10180,389,1,25200,27.1696658098
574372,584545,584548,10173,3,1,25200,1017.6
574373,584578,585044,10205,466,1,25200,22.8991416309
574373,584571,584572,10198,1,1,25200,1019.9
574373,584559,584561,10186,2,1,25200,1018.8
574374,584598,584599,10224,1,1,25200,1022.5
574374,584605,584615,10231,10,1,25200,1024.1
574375,584612,589853,10237,5241,1,25200,2.95325319595
574375,584628,584630,10253,2,1,25200,1025.5
574376,584701,584703,10325,2,1,25200,1032.7
574376,584741,608068,10365,23327,1,25200,1.4443348909
574376,584654,584707,10278,53,1,25200,194.924528302
574377,584722,584724,10345,2,1,25200,1034.7
574377,584729,584730,10352,1,1,25200,1035.3
574378,584734,584854,10356,120,1,25200,87.3
574378,584809,584952,10431,143,1,25200,73.9440559441
574379,584819,584821,10440,2,1,25200,1044.2
574379,584761,584783,10382,22,1,25200,472.909090909
574379,584795,584797,10416,2,1,25200,1041.8
574380,584911,585042,10531,131,1,25200,81.3893129771
574380,584904,584906,10524,2,1,25200,1052.6
574380,584918,584922,10538,4,1,25200,1054.2
574381,584833,584839,10452,6,1,25200,1045.8
574381,584934,585581,10553,647,1,25200,17.3106646059
574382,584864,584865,10482,1,1,25200,1048.3
574382,584871,584872,10489,1,1,25200,1049.0
574382,584876,585675,10494,799,1,25200,14.1339173967
574383,584890,584978,10507,88,1,25200,120.397727273
574384,584964,584966,10580,2,1,25200,1058.2
574384,584953,584961,10569,8,1,25200,1057.7
574385,584990,584992,10605,2,1,25200,1060.7
574385,584981,585058,10596,77,1,25200,138.61038961
574385,584974,586215,10589,1241,1,25200,9.5326349718
574386,585004,585020,10618,16,1,25200,664.625
574386,585033,585035,10647,2,1,25200,1064.9
574386,585041,585047,10655,6,1,25200,1066.1
574387,585105,585375,10718,270,1,25200,40.6962962963
574387,585052,585053,10665,1,1,25200,1066.6
574387,585046,586268,10659,1222,1,25200,9.72258592471
574388,585057,585506,10669,449,1,25200,24.7616926503
574388,585116,585117,10728,1,1,25200,1072.9
574388,585110,585133,10722,23,1,25200,467.173913043
574389,585063,586586,10674,1523,1,25200,8.00853578464
574389,585076,585216,10687,140,1,25200,77.3357142857
574389,585070,585073,10681,3,1,25200,1068.4
574390,585092,585500,10702,408,1,25200,27.2303921569
574390,585087,585089,10697,2,1,25200,1069.9
574390,585081,585089,10691,8,1,25200,1069.9
574391,585097,585098,10706,1,1,25200,1070.7
574391,585123,585157,10732,34,1,25200,316.647058824
574391,585130,585173,10739,43,1,25200,250.744186047
574392,585146,585343,10754,197,1,25200,55.5888324873
574392,585164,585279,10772,115,1,25200,94.6695652174
574392,585171,585323,10779,152,1,25200,71.9144736842
574393,585178,585181,10785,3,1,25200,1078.8
574393,585184,585187,10791,3,1,25200,1079.4
574393,585190,585193,10797,3,1,25200,1080.0
574394,585335,610568,10941,25233,1,25200,1.43359885864
574394,585197,610400,10803,25203,1,25200,1.42863944768
574394,585325,585326,10931,1,1,25200,1093.2
574395,585211,585904,10816,693,1,25200,16.6075036075
574395,585218,586166,10823,948,1,25200,12.4166666667
574396,585306,585307,10910,1,1,25200,1091.1
574396,585291,585293,10895,2,1,25200,1089.7
574396,585228,585633,10832,405,1,25200,27.7456790123
574397,585320,585328,10923,8,1,25200,1093.1
574397,585389,585391,10992,2,1,25200,1099.4
574397,585401,585402,11004,1,1,25200,1100.5
574398,585408,585409,11010,1,1,25200,1101.1
574398,585342,585516,10944,174,1,25200,63.8965517241
574398,585347,585854,10949,507,1,25200,22.5956607495
574399,585375,585378,10976,3,1,25200,1097.9
574399,585355,585387,10956,32,1,25200,343.375
574399,585413,585416,11014,3,1,25200,1101.7
574400,585420,585588,11020,168,1,25200,66.5952380952
574400,585517,585519,11117,2,1,25200,1111.9
574401,585536,585543,11135,7,1,25200,1114.2
574401,585426,585436,11025,10,1,25200,1103.5
574401,585529,585532,11128,3,1,25200,1113.1
574402,585447,585484,11045,37,1,25200,299.513513514
574402,585454,585551,11052,97,1,25200,114.93814433
574403,585547,585556,11144,9,1,25200,1115.3
574403,585541,585542,11138,1,1,25200,1113.9
574403,585497,585500,11094,3,1,25200,1109.7
574404,585554,592768,11150,7214,1,25200,2.54560576657
574404,585567,585596,11163,29,1,25200,385.931034483
574404,585559,610775,11155,25216,1,25200,1.44237785533
574405,585593,585596,11188,3,1,25200,1119.1
574405,585572,585602,11167,30,1,25200,373.233333333
574405,585580,585616,11175,36,1,25200,311.416666667
574406,585615,587754,11209,2139,1,25200,6.24029920524
574406,585601,585603,11195,2,1,25200,1119.7
574406,585620,585624,11214,4,1,25200,1121.8
574407,585633,585635,11226,2,1,25200,1122.8
574407,585638,585639,11231,1,1,25200,1123.2
574408,585646,585693,11238,47,1,25200,240.106382979
574408,585657,585684,11249,27,1,25200,417.62962963
574408,585664,585665,11256,1,1,25200,1125.7
574408,585651,585653,11243,2,1,25200,1124.5
574409,585670,585869,11261,199,1,25200,57.5879396985
574409,585676,585677,11267,1,1,25200,1126.8
574409,585682,588851,11273,3169,1,25200,4.55727358788
574410,585706,586504,11296,798,1,25200,15.1553884712
574410,585694,586735,11284,1041,1,25200,11.8395773295
574410,585701,585936,11291,235,1,25200,49.0468085106
574411,585866,585872,11455,6,1,25200,1146.1
574411,585713,604098,11302,18385,1,25200,1.6147402774
574411,585881,589456,11470,3575,1,25200,4.20839160839
574412,585923,585968,11511,45,1,25200,256.8
574412,585911,591886,11499,5975,1,25200,2.92451882845
574412,585893,585894,11481,1,1,25200,1148.2
574412,585888,585892,11476,4,1,25200,1148.0
574413,585981,585984,11568,3,1,25200,1157.1
574413,585948,586024,11535,76,1,25200,152.776315789
574413,585932,590955,11519,5023,1,25200,3.29325104519
574414,586227,586232,11813,5,1,25200,1181.8
574414,586220,587436,11806,1216,1,25200,10.7088815789
574414,586178,586379,11764,201,1,25200,59.5273631841
574414,585996,586233,11582,237,1,25200,49.8691983122
574415,586258,611472,11843,25214,1,25200,1.46969937336
574415,586244,586245,11829,1,1,25200,1183.0
574415,586251,586281,11836,30,1,25200,395.533333333
574416,586280,586697,11864,417,1,25200,29.4508393285
574416,586320,587251,11904,931,1,25200,13.7862513426
574416,586307,586308,11891,1,1,25200,1189.2
574417,586420,586431,12003,11,1,25200,1092.18181818
574417,586391,587713,11974,1322,1,25200,10.0574886536
574418,586458,586463,12040,5,1,25200,1204.5
574418,586443,586446,12025,3,1,25200,1202.8
574418,586427,589419,12009,2992,1,25200,5.01370320856
574419,586563,586646,12144,83,1,25200,147.313253012
574419,586548,586551,12129,3,1,25200,1213.2
574419,586476,589122,12057,2646,1,25200,5.5566893424
574419,586517,587335,12098,818,1,25200,15.7897310513
574420,586658,586662,12238,4,1,25200,1224.2
574420,586677,586824,12257,147,1,25200,84.380952381
574420,586599,611839,12179,25240,1,25200,1.48252773376
574421,586682,587412,12261,730,1,25200,17.795890411
574421,586836,586839,12415,3,1,25200,1241.8
574421,586709,587980,12288,1271,1,25200,10.6679779701
574421,586746,589381,12325,2635,1,25200,5.67741935484
574422,586886,586889,12464,3,1,25200,1246.7
574422,586901,592609,12479,5708,1,25200,3.18622985284
574422,586851,586874,12429,23,1,25200,541.391304348
574423,587144,587370,12721,226,1,25200,57.2876106195
574423,587264,587274,12841,10,1,25200,1285.1
574423,587271,587273,12848,2,1,25200,1285.0
574423,587449,587634,13026,185,1,25200,71.4108108108
574424,587636,588842,13212,1206,1,25200,11.9552238806
574424,587623,587624,13199,1,1,25200,1320.0
574424,587604,587610,13180,6,1,25200,1318.6
574425,587291,587906,12866,615,1,25200,21.9203252033
574425,587285,587303,12860,18,1,25200,715.444444444
574425,587661,587969,13236,308,1,25200,43.974025974
574425,587646,587648,13221,2,1,25200,1322.3
574426,587348,587685,12922,337,1,25200,39.3442136499
574426,587329,587935,12903,606,1,25200,22.2920792079
574427,587424,587591,12997,167,1,25200,78.8263473054
574427,587726,587729,13299,3,1,25200,1330.2
574427,587383,587718,12956,335,1,25200,39.6746268657
574427,587697,587881,13270,184,1,25200,73.1195652174
574428,587733,591728,13305,3995,1,25200,4.33041301627
574428,587766,587917,13338,151,1,25200,89.3311258278
574428,587741,596226,13313,8485,1,25200,2.56900412493
574429,587806,587810,13377,4,1,25200,1338.1
574429,587852,587894,13423,42,1,25200,320.595238095
574429,587822,587859,13393,37,1,25200,362.972972973
574430,587894,589524,13464,1630,1,25200,9.26012269939
574430,587885,587961,13455,76,1,25200,178.039473684
574430,587871,587873,13441,2,1,25200,1344.3
574431,587918,588973,13487,1055,1,25200,13.7838862559
574431,587906,587910,13475,4,1,25200,1347.9
574432,587956,588321,13524,365,1,25200,38.0520547945
574432,587944,608930,13512,20986,1,25200,1.64385780997
574432,587951,588236,13519,285,1,25200,48.4350877193
574432,587937,587939,13505,2,1,25200,1350.7
574433,587981,587983,13548,2,1,25200,1355.0
574433,587988,587991,13555,3,1,25200,1355.8
574433,587973,587976,13540,3,1,25200,1354.3
574434,587994,587996,13560,2,1,25200,1356.2
574434,588007,588229,13573,222,1,25200,62.1396396396
574434,588000,588038,13566,38,1,25200,358.0
574434,588014,613226,13580,25212,1,25200,1.53863239727
574435,588050,588056,13615,6,1,25200,1362.1
574435,588068,588070,13633,2,1,25200,1363.5
574435,588082,588745,13647,663,1,25200,21.5837104072
574436,588249,588252,13813,3,1,25200,1381.6
574436,588263,589296,13827,1033,1,25200,14.385285576
574436,588334,588377,13898,43,1,25200,324.209302326
574436,588242,588438,13806,196,1,25200,71.4387755102
574437,588390,588393,13953,3,1,25200,1395.6
574437,588451,588457,14014,6,1,25200,1402.0
574437,588406,589021,13969,615,1,25200,23.7138211382
574438,589032,591505,14594,2473,1,25200,6.90133441165
574438,589038,589056,14600,18,1,25200,812.111111111
574438,589017,589142,14579,125,1,25200,117.632
574438,588730,589513,14292,783,1,25200,19.2528735632
574439,589068,589226,14629,158,1,25200,93.5886075949
574439,589127,589137,14688,10,1,25200,1469.8
574439,589100,589114,14661,14,1,25200,1048.21428571
574440,589149,589170,14709,21,1,25200,701.428571429
574440,589134,591215,14694,2081,1,25200,8.06102835175
574440,588735,588887,14295,152,1,25200,95.0460526316
574441,588757,589533,14316,776,1,25200,19.4484536082
574441,588863,588981,14422,118,1,25200,123.220338983
574441,588855,588916,14414,61,1,25200,237.295081967
574442,588899,589221,14457,322,1,25200,45.897515528
574442,588928,589088,14486,160,1,25200,91.5375
574442,588985,588988,14543,3,1,25200,1454.6
574442,588993,591566,14551,2573,1,25200,6.6552662262
574443,589156,591280,14713,2124,1,25200,7.92702448211
574443,589233,589236,14790,3,1,25200,1479.3
574443,589000,589005,14557,5,1,25200,1456.2
574444,589247,589250,14803,3,1,25200,1480.6
574444,589182,591736,14738,2554,1,25200,6.7705559906
574444,589240,589243,14796,3,1,25200,1479.9
574445,589262,590766,14817,1504,1,25200,10.8517287234
574445,589255,589390,14810,135,1,25200,110.703703704
574824,574838,578105,14,3267,2,7200,1.00428527701
574896,574904,577902,8,2998,2,7200,1.00266844563
575101,592630,601670,17529,9040,12,14400,2.93904867257
575291,575298,578330,7,3032,2,7200,1.00230870712
575306,575329,578244,23,2915,2,7200,1.00789022298
575531,575544,579148,13,3604,2,7200,1.00360710322
575676,575682,578944,6,3262,2,7200,1.00183936235
575691,575702,579283,11,3581,2,7200,1.00307176766
575811,575818,579425,7,3607,2,7200,1.00194067092
575844,575850,579251,6,3401,2,7200,1.001764187
576004,576011,579364,7,3353,2,7200,1.00208768267
576290,576296,579747,6,3451,2,7200,1.00173862649
576567,576579,579929,12,3350,2,7200,1.00358208955
576766,576772,580108,6,3336,2,7200,1.00179856115
577157,577166,580403,9,3237,2,7200,1.00278035218
577524,577531,580874,7,3343,2,7200,1.00209392761
577903,577910,581503,7,3593,2,7200,1.00194823267
578105,578115,581879,10,3764,2,7200,1.00265674814
578247,578254,581854,7,3600,2,7200,1.00194444444
578331,578338,581354,7,3016,2,7200,1.00232095491
578757,589545,591146,10788,1601,4,3600,7.73828856964
578945,578952,582287,7,3335,2,7200,1.00209895052
579150,579156,582564,6,3408,2,7200,1.00176056338
579255,579261,582478,6,3217,2,7200,1.0018650917
579285,579291,582841,6,3550,2,7200,1.00169014085
579366,579372,582646,6,3274,2,7200,1.00183262065
579426,579433,582883,7,3450,2,7200,1.00202898551
579749,579756,583482,7,3726,2,7200,1.00187869028
579930,579937,583746,7,3809,2,7200,1.00183775269
580110,580117,583792,7,3675,2,7200,1.0019047619
580405,580416,583888,11,3472,2,7200,1.00316820276
580875,580881,584637,6,3756,2,7200,1.00159744409
581356,581369,584675,13,3306,2,7200,1.0039322444
581504,581511,585305,7,3794,2,7200,1.00184501845
581666,590804,592360,9138,1556,4,3600,6.87275064267
581856,581863,585367,7,3504,2,7200,1.00199771689
581882,581889,585379,7,3490,2,7200,1.00200573066
582082,591157,592618,9075,1461,4,3600,7.21149897331
582289,582295,585286,6,2991,2,7200,1.00200601805
582478,582485,585894,7,3409,2,7200,1.00205338809
582565,582572,586190,7,3618,2,7200,1.00193477059
582650,582656,586204,6,3548,2,7200,1.00169109357
582842,582851,585907,9,3056,2,7200,1.00294502618
582884,582891,586027,7,3136,2,7200,1.00223214286
583483,583498,586661,15,3163,2,7200,1.00474233323
583748,583761,587401,13,3640,2,7200,1.00357142857
583793,583799,587055,6,3256,2,7200,1.00184275184
583889,583895,587204,6,3309,2,7200,1.00181323663
584639,584648,587913,9,3265,2,7200,1.00275650842
584678,584685,588086,7,3401,2,7200,1.00205821817
585289,585298,588444,9,3146,2,7200,1.00286077559
585304,585312,588667,8,3355,2,7200,1.00238450075
585370,585382,588455,12,3073,2,7200,1.00390497885
585385,585396,588714,11,3318,2,7200,1.00331525015
585897,585904,589796,7,3892,2,7200,1.00179856115
585912,585918,589439,6,3521,2,7200,1.00170406135
586029,586035,589463,6,3428,2,7200,1.00175029172
586191,586198,589573,7,3375,2,7200,1.00207407407
586206,586213,590086,7,3873,2,7200,1.00180738446
586664,586670,590311,6,3641,2,7200,1.00164789893
587056,587064,590696,8,3632,2,7200,1.00220264317
587207,587213,590557,6,3344,2,7200,1.00179425837
587402,587408,590879,6,3471,2,7200,1.00172860847
587687,589309,600735,1622,11426,1,36000,1.14195694031
587761,589394,600468,1633,11074,1,36000,1.14746252483
587914,587924,591151,10,3227,2,7200,1.00309885342
588088,588095,591641,7,3546,2,7200,1.00197405527
588154,589402,600298,1248,10896,1,36000,1.11453744493
588447,588458,591710,11,3252,2,7200,1.00338253383
588461,588468,591837,7,3369,2,7200,1.00207776788
588669,588676,591956,7,3280,2,7200,1.00213414634
588717,588723,592149,6,3426,2,7200,1.00175131349
589440,589447,592925,7,3478,2,7200,1.00201265095
589463,589470,592793,7,3323,2,7200,1.00210653024
589498,589505,598318,7,8813,1,36000,1.00079428118
589575,589581,592901,6,3320,2,7200,1.00180722892
589797,589803,593127,6,3324,2,7200,1.00180505415
589998,590004,598609,6,8605,1,36000,1.00069726903
590077,590084,602129,7,12045,1,36000,1.00058115401
590089,590095,593532,6,3437,2,7200,1.00174570847
590126,590809,626854,683,36045,1,36000,1.01894853655
590224,590325,602581,101,12256,1,36000,1.00824086162
590291,590589,605037,298,14448,1,36000,1.02062569214
590312,590318,593932,6,3614,2,7200,1.00166021029
590387,590778,602270,391,11492,1,36000,1.03402366864
590560,590567,593807,7,3240,2,7200,1.00216049383
590698,590705,594181,7,3476,2,7200,1.00201380898
590882,590889,594554,7,3665,2,7200,1.00190995907
591153,591164,594894,11,3730,2,7200,1.00294906166
591316,591323,633384,7,42061,1,86400,1.00016642495
591343,591350,591353,7,3,2,3540,1.0
591644,591650,595046,6,3396,2,7200,1.00176678445
591713,591720,595513,7,3793,2,7200,1.00184550488
591839,591845,595495,6,3650,2,7200,1.00164383562
591956,591962,595456,6,3494,2,7200,1.00171722954
592152,592159,595615,7,3456,2,7200,1.00202546296
592796,592802,596241,6,3439,2,7200,1.00174469322
592904,592910,596060,6,3150,2,7200,1.0019047619
592928,592934,596627,6,3693,2,7200,1.00162469537
593130,593136,596408,6,3272,2,7200,1.00183374083
593533,593540,597361,7,3821,2,7200,1.00183198116
593810,593816,597511,6,3695,2,7200,1.00162381597
593933,593939,597307,6,3368,2,7200,1.00178147268
594182,594190,597604,8,3414,2,7200,1.00234329233
594556,594561,598226,5,3665,2,7200,1.00136425648
594896,594903,598420,7,3517,2,7200,1.00199033267
595049,595056,598733,7,3677,2,7200,1.00190372586
595455,595462,599171,7,3709,2,7200,1.00188730116
595493,595500,596457,7,957,4,32400,1.00731452456
595497,595506,598885,9,3379,2,7200,1.00266350991
595515,595522,598831,7,3309,2,7200,1.00211544273
595545,596468,597412,923,944,4,32400,1.97775423729
595617,595624,598912,7,3288,2,7200,1.00212895377
596063,596070,599288,7,3218,2,7200,1.00217526414
596243,596250,599493,7,3243,2,7200,1.00215849522
596411,596418,600008,7,3590,2,7200,1.00194986072
596628,596635,600267,7,3632,2,7200,1.00192731278
597308,597315,600809,7,3494,2,7200,1.00200343446
597333,606700,654052,9367,47352,16,57600,1.19781635411
597363,597370,600773,7,3403,2,7200,1.00205700852
597513,597519,601049,6,3530,2,7200,1.00169971671
597606,597612,600884,6,3272,2,7200,1.00183374083
598226,598234,601596,8,3362,2,7200,1.00237953599
598422,598429,602042,7,3613,2,7200,1.0019374481
598735,598742,601961,7,3219,2,7200,1.00217458838
598834,598841,602139,7,3298,2,7200,1.00212249848
598888,598895,602208,7,3313,2,7200,1.00211288862
598915,598921,602670,6,3749,2,7200,1.00160042678
599174,599180,602961,6,3781,2,7200,1.00158688178
599291,599297,602588,6,3291,2,7200,1.00182315406
599496,599502,602987,6,3485,2,7200,1.00172166428
600010,600017,603671,7,3654,2,7200,1.00191570881
600269,600275,603835,6,3560,2,7200,1.00168539326
600361,600368,601267,7,899,1,1810,1.00778642937
600373,600381,601275,8,894,1,1810,1.00894854586
600383,600391,601288,8,897,1,1810,1.00891861761
600394,600481,601373,87,892,1,1810,1.09753363229
600403,600746,601645,343,899,1,1810,1.38153503893
600410,600899,601790,489,891,1,1810,1.54882154882
600654,601286,602756,632,1470,4,144060,1.42993197279
600775,600781,604234,6,3453,2,7200,1.00173761946
600778,600905,600913,127,8,1,1810,13.5
600811,600817,604421,6,3604,2,7200,1.00166481687
600848,600925,600929,77,4,1,1810,8.1
600886,600893,604673,7,3780,2,7200,1.00185185185
601051,601057,604144,6,3087,2,7200,1.0019436346
601112,601118,601133,6,15,1,1810,1.4
601169,601175,601180,6,5,1,1750,1.1
601373,601380,602936,7,1556,1,1750,1.00449871465
601405,601411,602925,6,1514,1,3010,1.00396301189
601444,601451,602969,7,1518,1,3010,1.0046113307
601494,601630,603186,136,1556,1,3010,1.08740359897
601540,601656,603174,116,1518,1,3010,1.07641633729
601589,601681,601694,92,13,1,3010,8.07692307692
601600,601607,605073,7,3466,2,7200,1.00201961916
601634,601687,601696,53,9,1,3010,6.2
601922,601928,603466,6,1538,1,3010,1.00390117035
601940,601947,601952,7,5,1,3010,1.2
601964,601970,605458,6,3488,2,7200,1.00172018349
602045,602052,605558,7,3506,2,7200,1.0019965773
602142,602148,605868,6,3720,2,7200,1.00161290323
602211,602217,605871,6,3654,2,7200,1.00164203612
602310,602317,602318,7,1,1,240,1.0
602590,602596,606033,6,3437,2,7200,1.00174570847
602671,602677,606001,6,3324,2,7200,1.00180505415
602904,602911,602915,7,4,1,1810,1.1
602912,602918,603809,6,891,1,1810,1.00673400673
602963,602969,606354,6,3385,2,7200,1.00177252585
602990,602997,606962,7,3965,2,7200,1.00176544767
603023,603030,603932,7,902,1,1810,1.00776053215
603140,603148,604665,8,1517,1,1810,1.00527356625
603504,603510,605018,6,1508,1,3010,1.00397877984
603673,603680,607238,7,3558,2,7200,1.00196739741
603836,603843,606891,7,3048,2,7200,1.00229658793
603860,603867,605414,7,1547,1,1810,1.00452488688
603991,603999,605507,8,1508,1,6610,1.00530503979
604040,604047,605549,7,1502,1,6610,1.00466045273
604146,604152,607270,6,3118,2,7200,1.00192431046
604236,604242,607385,6,3143,2,7200,1.00190900414
604422,604429,607673,7,3244,2,7200,1.00215782984
604672,604679,608085,7,3406,2,7200,1.00205519671
604707,604714,655575,7,50861,1,108000,1.00013763001
604708,604719,655239,11,50520,1,108000,1.00021773555
604716,604726,655518,10,50792,1,108000,1.0001968814
604716,604731,655259,15,50528,1,108000,1.0002968651
604721,604737,655390,16,50653,1,108000,1.00031587468
604722,604743,655206,21,50463,1,108000,1.00041614648
604739,604755,606273,16,1518,1,3010,1.01054018445
604739,604749,606282,10,1533,1,3010,1.00652315721
604740,605030,606530,290,1500,1,3010,1.19333333333
