SubmitTime,StartTime,EndTime,QueuedTime,RunTime,NodesRequested,walltime,bslowdown
22,33,3154,11,3121,2,7200,1.00352451137
160,166,190443,6,190277,18,198000,1.00003153298
218,224,194274,6,194050,18,198000,1.00003091987
400,409,3572,9,3163,2,7200,1.00284539994
415,421,3512,6,3091,2,7200,1.00194111938
615,624,3576,9,2952,2,7200,1.00304878049
706,716,3668,10,2952,2,7200,1.00338753388
794,803,3803,9,3000,2,7200,1.003
809,815,3777,6,2962,2,7200,1.00202565834
1021,1030,4042,9,3012,2,7200,1.00298804781
1087,1096,4022,9,2926,2,7200,1.0030758715
1102,1108,3961,6,2853,2,7200,1.00210304942
1193,1202,4292,9,3090,2,7200,1.00291262136
1224,1234,4079,10,2845,2,7200,1.00351493849
1390,1398,4662,8,3264,2,7200,1.00245098039
1484,1494,4662,10,3168,2,7200,1.00315656566
1636,1643,4634,7,2991,2,7200,1.0023403544
1699,1715,4656,16,2941,2,7200,1.00544032642
1701,1709,4797,8,3088,2,7200,1.00259067358
1716,1722,4869,6,3147,2,7200,1.00190657769
1822,1831,4930,9,3099,2,7200,1.00290416263
2013,2023,4983,10,2960,2,7200,1.00337837838
2116,2125,4914,9,2789,2,7200,1.00322696307
2141,2148,5243,7,3095,2,7200,1.00226171244
2156,2162,5255,6,3093,2,7200,1.00193986421
2186,2196,5171,10,2975,2,7200,1.00336134454
2229,2239,5340,10,3101,2,7200,1.0032247662
2247,2257,5265,10,3008,2,7200,1.00332446809
2383,2393,5421,10,3028,2,7200,1.00330250991
2447,2455,5471,8,3016,2,7200,1.00265251989
2538,2547,5589,9,3042,2,7200,1.00295857988
2586,2596,5684,10,3088,2,7200,1.00323834197
2613,2623,5677,10,3054,2,7200,1.00327439424
2628,2638,5863,10,3225,2,7200,1.00310077519
2643,2651,5775,8,3124,2,7200,1.00256081946
2659,2665,5783,6,3118,2,7200,1.00192431046
2660,2671,5684,11,3013,2,7200,1.00365084633
2662,2676,5842,14,3166,2,7200,1.00442198358
2871,2879,5907,8,3028,2,7200,1.00264200793
2907,2917,5994,10,3077,2,7200,1.00324991875
2922,2929,6031,7,3102,2,7200,1.00225660864
2989,2999,5837,10,2838,2,7200,1.00352360817
3088,3094,26031,6,22937,12,28800,1.00026158608
3156,3166,6251,10,3085,2,7200,1.00324149109
3514,3523,6521,9,2998,2,7200,1.00300200133
3575,3583,6785,8,3202,2,7200,1.00249843848
3590,3596,6567,6,2971,2,7200,1.00201952205
3668,3679,6602,11,2923,2,7200,1.00376325693
3781,3788,6729,7,2941,2,7200,1.00238014281
3805,3814,6909,9,3095,2,7200,1.00290791599
3962,3972,6769,10,2797,2,7200,1.00357525921
4026,4034,7099,8,3065,2,7200,1.00261011419
4044,4053,7215,9,3162,2,7200,1.00284629981
4081,4090,7217,9,3127,2,7200,1.00287815798
4292,4303,7255,11,2952,2,7200,1.00372628726
4635,4645,7356,10,2711,2,7200,1.00368867577
4659,4667,7662,8,2995,2,7200,1.00267111853
4674,4680,7717,6,3037,2,7200,1.00197563385
4676,4686,7817,10,3131,2,7200,1.00319386777
4800,4808,7848,8,3040,2,7200,1.00263157895
4872,4880,8165,8,3285,2,7200,1.00243531202
4918,4926,7857,8,2931,2,7200,1.00272944388
4933,4942,7916,9,2974,2,7200,1.0030262273
4984,4994,7987,10,2993,2,7200,1.0033411293
5173,5182,8297,9,3115,2,7200,1.00288924559
5245,5255,8198,10,2943,2,7200,1.00339789331
5260,5266,8366,6,3100,2,7200,1.00193548387
5275,5282,8350,7,3068,2,7200,1.00228161669
5342,5351,8195,9,2844,2,7200,1.00316455696
5424,5432,8943,8,3511,2,7200,1.00227855312
5472,5482,8474,10,2992,2,7200,1.00334224599
5591,5600,8537,9,2937,2,7200,1.00306435138
5679,5689,8903,10,3214,2,7200,1.00311138768
5694,5700,8880,6,3180,2,7200,1.00188679245
5695,5706,8880,11,3174,2,7200,1.00346565848
5777,5786,8761,9,2975,2,7200,1.00302521008
5792,5799,8854,7,3055,2,7200,1.0022913257
5841,5849,9138,8,3289,2,7200,1.00243235026
5856,5863,8908,7,3045,2,7200,1.00229885057
5871,5878,8874,7,2996,2,7200,1.0023364486
5908,5918,9005,10,3087,2,7200,1.00323939099
5996,6005,8772,9,2767,2,7200,1.00325262017
6032,6042,9086,10,3044,2,7200,1.00328515112
6253,6262,9202,9,2940,2,7200,1.00306122449
6523,6532,9404,9,2872,2,7200,1.00313370474
6569,6579,9552,10,2973,2,7200,1.00336360579
6605,6613,9798,8,3185,2,7200,1.00251177394
6732,6741,9785,9,3044,2,7200,1.00295663601
6772,6780,9592,8,2812,2,7200,1.00284495021
6787,6796,9759,9,2963,2,7200,1.00303746203
6910,6921,10115,11,3194,2,7200,1.00344395742
7101,7110,9913,9,2803,2,7200,1.00321084552
7217,7226,10324,9,3098,2,7200,1.00290510006
7232,7238,10279,6,3041,2,7200,1.00197303519
7256,7266,10319,10,3053,2,7200,1.00327546675
7359,7368,10396,9,3028,2,7200,1.00297225892
7664,7674,10626,10,2952,2,7200,1.00338753388
7719,7728,10796,9,3068,2,7200,1.00293350717
7819,7828,10643,9,2815,2,7200,1.00319715808
7849,7859,10873,10,3014,2,7200,1.00331785003
7864,7870,10948,6,3078,2,7200,1.00194931774
7918,7927,10914,9,2987,2,7200,1.00301305658
7988,7998,10950,10,2952,2,7200,1.00338753388
8171,8178,11152,7,2974,2,7200,1.00235373235
8196,8207,10970,11,2763,2,7200,1.00398117988
8213,8219,11070,6,2851,2,7200,1.00210452473
8300,8308,11266,8,2958,2,7200,1.00270453009
8351,8361,11186,10,2825,2,7200,1.00353982301
8369,8377,11573,8,3196,2,7200,1.00250312891
8475,8485,11449,10,2964,2,7200,1.00337381916
8539,8548,11487,9,2939,2,7200,1.00306226608
8749,8755,8776,6,21,1,3600,1.28571428571
8774,8780,11959,6,3179,2,7200,1.00188738597
8775,8786,12057,11,3271,2,7200,1.00336288597
8858,8865,11893,7,3028,2,7200,1.00231175694
8876,8885,11816,9,2931,2,7200,1.00307062436
8891,8897,11933,6,3036,2,7200,1.00197628458
8892,8903,11818,11,2915,2,7200,1.00377358491
8894,8909,9037,15,128,1,3600,1.1171875
8907,8915,12043,8,3128,2,7200,1.00255754476
8922,8928,12146,6,3218,2,7200,1.00186451212
8946,8955,11652,9,2697,2,7200,1.00333704116
9007,9016,11958,9,2942,2,7200,1.00305914344
9089,9098,12111,9,3013,2,7200,1.00298705609
9141,9149,12304,8,3155,2,7200,1.00253565769
9161,9167,9511,6,344,1,3600,1.01744186047
9204,9213,12226,9,3013,2,7200,1.00298705609
9408,9415,12688,7,3273,2,7200,1.00213871066
9555,9563,12455,8,2892,2,7200,1.00276625173
9595,9604,12490,9,2886,2,7200,1.00311850312
9761,9770,12998,9,3228,2,7200,1.00278810409
9785,9796,12806,11,3010,2,7200,1.00365448505
9800,9809,12801,9,2992,2,7200,1.00300802139
9828,9834,10506,6,672,1,3600,1.00892857143
9915,9924,12922,9,2998,2,7200,1.00300200133
10118,10126,12931,8,2805,2,7200,1.00285204991
10282,10290,13341,8,3051,2,7200,1.00262209112
10321,10330,13308,9,2978,2,7200,1.00302216253
10336,10343,13371,7,3028,2,7200,1.00231175694
10397,10407,13595,10,3188,2,7200,1.00313676286
10629,10637,13419,8,2782,2,7200,1.00287562904
10646,10654,13881,8,3227,2,7200,1.00247908274
10798,10808,13867,10,3059,2,7200,1.00326904217
10876,10885,13943,9,3058,2,7200,1.00294310007
10916,10925,14163,9,3238,2,7200,1.00277949351
10949,10959,13762,10,2803,2,7200,1.00356760614
10964,10970,13898,6,2928,2,7200,1.00204918033
10979,10985,14310,6,3325,2,7200,1.00180451128
11032,11038,11047,6,9,1,3600,1.5
11074,11081,13902,7,2821,2,7200,1.00248138958
11155,11163,14111,8,2948,2,7200,1.00271370421
11189,11197,14306,8,3109,2,7200,1.00257317465
11209,11215,11339,6,124,1,3600,1.04838709677
11267,11277,14155,10,2878,2,7200,1.00347463516
11452,11461,14582,9,3121,2,7200,1.00288369112
11489,11495,11829,6,334,1,3600,1.01796407186
11489,11501,14822,12,3321,2,7200,1.00361336947
11574,11584,14597,10,3013,2,7200,1.00331895121
11653,11663,14602,10,2939,2,7200,1.00340251786
11824,11829,14700,5,2871,2,7200,1.00174155347
11825,11835,14677,10,2842,2,7200,1.00351864884
11902,11909,14700,7,2791,2,7200,1.00250806163
11941,11947,15357,6,3410,2,7200,1.00175953079
11959,11973,14844,14,2871,2,7200,1.0048763497
11961,11978,15090,17,3112,2,7200,1.00546272494
12049,12055,15219,6,3164,2,7200,1.00189633375
12064,12070,14999,6,2929,2,7200,1.00204848071
12112,12122,15061,10,2939,2,7200,1.00340251786
12149,12158,15300,9,3142,2,7200,1.00286441757
12219,12224,12762,5,538,1,3600,1.0092936803
12227,12237,15285,10,3048,2,7200,1.0032808399
12306,12315,15183,9,2868,2,7200,1.00313807531
12422,12428,12435,6,7,1,1800,1.3
12459,12467,15922,8,3455,2,7200,1.0023154848
12492,12501,15312,9,2811,2,7200,1.00320170758
12585,12591,12670,6,79,1,1800,1.07594936709
12690,12699,15775,9,3076,2,7200,1.00292587776
12744,12750,12902,6,152,1,3600,1.03947368421
12804,12812,15696,8,2884,2,7200,1.0027739251
12819,12825,15879,6,3054,2,7200,1.00196463654
12905,12911,13122,6,211,1,1800,1.02843601896
12924,12933,16174,9,3241,2,7200,1.0027769207
12939,12945,15961,6,3016,2,7200,1.00198938992
13000,13009,16135,9,3126,2,7200,1.00287907869
13108,13114,13493,6,379,1,3600,1.01583113456
13314,13320,16176,6,2856,2,7200,1.00210084034
13341,13352,16240,11,2888,2,7200,1.00380886427
13372,13382,16575,10,3193,2,7200,1.00313185092
13420,13430,16440,10,3010,2,7200,1.00332225914
13601,13607,16575,6,2968,2,7200,1.00202156334
13764,13773,16627,9,2854,2,7200,1.00315346882
13798,13804,14481,6,677,1,3600,1.00886262925
13808,13814,14284,6,470,1,1800,1.01276595745
13870,13879,16662,9,2783,2,7200,1.00323392023
13885,13892,17153,7,3261,2,7200,1.0021465808
13901,13909,16894,8,2985,2,7200,1.002680067
13916,13922,17344,6,3422,2,7200,1.00175336061
13946,13954,16862,8,2908,2,7200,1.00275103164
14112,14122,17039,10,2917,2,7200,1.00342817964
14158,14166,17334,8,3168,2,7200,1.00252525253
14173,14179,17159,6,2980,2,7200,1.00201342282
14311,14317,17336,6,3019,2,7200,1.00198741305
14312,14323,17269,11,2946,2,7200,1.00373387644
14588,14594,17550,6,2956,2,7200,1.00202976996
14604,14610,17622,6,3012,2,7200,1.00199203187
14605,14616,17546,11,2930,2,7200,1.00375426621
14678,14688,17691,10,3003,2,7200,1.00333000333
14702,14711,17723,9,3012,2,7200,1.00298804781
14703,14717,17819,14,3102,2,7200,1.00451321728
14824,14833,18088,9,3255,2,7200,1.00276497696
14846,14855,17878,9,3023,2,7200,1.00297717499
15000,15010,17908,10,2898,2,7200,1.00345065562
15063,15072,17998,9,2926,2,7200,1.0030758715
15094,15101,18137,7,3036,2,7200,1.00230566535
15185,15195,18199,10,3004,2,7200,1.00332889481
15221,15230,18294,9,3064,2,7200,1.00293733681
15288,15296,18530,8,3234,2,7200,1.00247371676
15303,15312,18589,9,3277,2,7200,1.0027464144
15319,15325,18418,6,3093,2,7200,1.00193986421
15358,15368,18366,10,2998,2,7200,1.00333555704
15442,15448,15550,6,102,1,3600,1.05882352941
15680,15686,16029,6,343,1,3600,1.01749271137
15697,15707,18836,10,3129,2,7200,1.00319590924
15776,15786,18772,10,2986,2,7200,1.00334896182
15882,15890,18883,8,2993,2,7200,1.00267290344
15924,15933,18957,9,3024,2,7200,1.00297619048
15963,15972,18985,9,3013,2,7200,1.00298705609
16139,16147,19203,8,3056,2,7200,1.00261780105
16175,16185,19088,10,2903,2,7200,1.00344471237
16190,16196,19150,6,2954,2,7200,1.00203114421
16241,16251,19255,10,3004,2,7200,1.00332889481
16317,16323,16933,6,610,1,3600,1.00983606557
16441,16451,19393,10,2942,2,7200,1.00339904827
16578,16637,19688,59,3051,2,7200,1.01933792199
16579,16642,19572,63,2930,2,7200,1.02150170648
16630,16649,19610,19,2961,2,7200,1.0064167511
16664,16673,19620,9,2947,2,7200,1.00305395317
16863,16873,19922,10,3049,2,7200,1.00327976386
16897,16905,19967,8,3062,2,7200,1.00261267146
17048,17054,19885,6,2831,2,7200,1.00211939244
17154,17164,20285,10,3121,2,7200,1.00320410125
17169,17175,20309,6,3134,2,7200,1.00191448628
17272,17280,20354,8,3074,2,7200,1.00260247235
17335,17345,20377,10,3032,2,7200,1.00329815303
17351,17357,20364,6,3007,2,7200,1.0019953442
17352,17363,20561,11,3198,2,7200,1.00343964978
17549,17557,20672,8,3115,2,7200,1.0025682183
17564,17570,20732,6,3162,2,7200,1.00189753321
17624,17633,20859,9,3226,2,7200,1.00278983261
17694,17702,20802,8,3100,2,7200,1.00258064516
17727,17735,20666,8,2931,2,7200,1.00272944388
17821,17831,20710,10,2879,2,7200,1.00347342827
17881,17889,21093,8,3204,2,7200,1.0024968789
17911,17919,20908,8,2989,2,7200,1.00267648043
17999,18009,21127,10,3118,2,7200,1.00320718409
18090,18099,21282,9,3183,2,7200,1.00282752121
18138,18148,20990,10,2842,2,7200,1.00351864884
18202,18210,21640,8,3430,2,7200,1.00233236152
18296,18305,21298,9,2993,2,7200,1.00300701637
18368,18378,21566,10,3188,2,7200,1.00313676286
18420,18430,21561,10,3131,2,7200,1.00319386777
18531,18542,21599,11,3057,2,7200,1.00359829899
18592,18600,21483,8,2883,2,7200,1.00277488727
18773,18783,21701,10,2918,2,7200,1.0034270048
18837,18847,21934,10,3087,2,7200,1.00323939099
18885,18894,22073,9,3179,2,7200,1.00283107896
18958,18968,22159,10,3191,2,7200,1.00313381385
18985,18996,22030,11,3034,2,7200,1.0036255768
19092,19100,22213,8,3113,2,7200,1.00256986829
19152,19161,22069,9,2908,2,7200,1.00309491059
19204,19214,22201,10,2987,2,7200,1.00334784064
19258,19266,22393,8,3127,2,7200,1.00255836265
19395,19405,22429,10,3024,2,7200,1.00330687831
19574,19583,22705,9,3122,2,7200,1.00288276746
19613,19621,22799,8,3178,2,7200,1.00251730648
19628,19634,22687,6,3053,2,7200,1.00196528005
19692,19700,22733,8,3033,2,7200,1.00263765249
19890,19896,22974,6,3078,2,7200,1.00194931774
19924,19934,22944,10,3010,2,7200,1.00332225914
19970,19978,23162,8,3184,2,7200,1.00251256281
20003,20009,20094,6,85,1,1800,1.07058823529
20287,20296,23334,9,3038,2,7200,1.00296247531
20305,20320,23221,15,2901,2,7200,1.00517063082
20348,20355,20535,7,180,1,1800,1.03888888889
20357,20365,23256,8,2891,2,7200,1.00276720858
20372,20378,23471,6,3093,2,7200,1.00193986421
20387,20393,23643,6,3250,2,7200,1.00184615385
20569,20575,23494,6,2919,2,7200,1.00205549846
20669,20677,23851,8,3174,2,7200,1.00252047889
20684,20690,24136,6,3446,2,7200,1.00174114916
20711,20721,23841,10,3120,2,7200,1.00320512821
20735,20743,23825,8,3082,2,7200,1.00259571707
20805,20813,23774,8,2961,2,7200,1.00270178994
20860,20870,23744,10,2874,2,7200,1.00347947112
20911,20919,23889,8,2970,2,7200,1.00269360269
20993,21001,24129,8,3128,2,7200,1.00255754476
21096,21105,24116,9,3011,2,7200,1.00298904019
21114,21120,21605,6,485,1,1800,1.01237113402
21129,21139,24169,10,3030,2,7200,1.00330033003
21284,21293,24124,9,2831,2,7200,1.00317908866
21299,21309,24635,10,3326,2,7200,1.00300661455
21484,21494,24384,10,2890,2,7200,1.00346020761
21563,21573,24478,10,2905,2,7200,1.00344234079
21578,21584,24772,6,3188,2,7200,1.00188205772
21599,21616,24666,17,3050,2,7200,1.00557377049
21643,21652,24795,9,3143,2,7200,1.0028635062
21703,21712,24795,9,3083,2,7200,1.00291923451
21942,21948,24913,6,2965,2,7200,1.00202360877
22032,22041,25229,9,3188,2,7200,1.00282308657
22072,22080,25112,8,3032,2,7200,1.00263852243
22087,22093,25378,6,3285,2,7200,1.00182648402
22162,22170,25053,8,2883,2,7200,1.00277488727
22202,22212,25464,10,3252,2,7200,1.00307503075
22217,22224,25303,7,3079,2,7200,1.00227346541
22395,22404,25429,9,3025,2,7200,1.00297520661
22431,22440,25452,9,3012,2,7200,1.00298804781
22689,22698,25430,9,2732,2,7200,1.0032942899
22707,22716,25839,9,3123,2,7200,1.00288184438
22734,22744,25884,10,3140,2,7200,1.00318471338
22801,22811,25777,10,2966,2,7200,1.00337154417
22946,22955,26057,9,3102,2,7200,1.00290135397
22976,22986,26040,10,3054,2,7200,1.00327439424
22988,22994,23073,6,79,1,1800,1.07594936709
23164,23173,26015,9,2842,2,7200,1.00316678395
23224,23232,26285,8,3053,2,7200,1.0026203734
23257,23267,26227,10,2960,2,7200,1.00337837838
23336,23345,26177,9,2832,2,7200,1.0031779661
23341,23351,23468,10,117,1,1800,1.08547008547
23472,23482,26418,10,2936,2,7200,1.00340599455
23496,23505,26473,9,2968,2,7200,1.00303234501
23644,23654,26847,10,3193,2,7200,1.00313185092
23747,23755,26901,8,3146,2,7200,1.00254291163
23777,23785,27011,8,3226,2,7200,1.00247985121
23826,23836,26841,10,3005,2,7200,1.00332778702
23843,23852,26795,9,2943,2,7200,1.00305810398
23858,23864,26893,6,3029,2,7200,1.00198085177
23891,23901,27232,10,3331,2,7200,1.00300210147
24118,24128,27502,10,3374,2,7200,1.00296384114
24133,24139,27173,6,3034,2,7200,1.00197758734
24135,24145,27170,10,3025,2,7200,1.00330578512
24137,24151,24458,14,307,1,1800,1.04560260586
24150,24157,27077,7,2920,2,7200,1.00239726027
24171,24181,27153,10,2972,2,7200,1.00336473755
24386,24396,27339,10,2943,2,7200,1.00339789331
24491,24497,27552,6,3055,2,7200,1.00196399345
24636,24646,27588,10,2942,2,7200,1.00339904827
24667,24677,27643,10,2966,2,7200,1.00337154417
24776,24784,27988,8,3204,2,7200,1.0024968789
24798,24867,27912,69,3045,2,7200,1.02266009852
24799,24873,27953,74,3080,2,7200,1.02402597403
24914,24925,27938,11,3013,2,7200,1.00365084633
25057,25065,28109,8,3044,2,7200,1.00262812089
25114,25123,27835,9,2712,2,7200,1.00331858407
25232,25240,28093,8,2853,2,7200,1.0028040659
25305,25314,28259,9,2945,2,7200,1.00305602716
25381,25390,28721,9,3331,2,7200,1.00270189132
25433,25440,28388,7,2948,2,7200,1.00237449118
25434,25446,28613,12,3167,2,7200,1.00378907483
25453,25463,28327,10,2864,2,7200,1.00349162011
25468,25475,28703,7,3228,2,7200,1.0021685254
25780,25788,28822,8,3034,2,7200,1.00263678312
25841,25850,28788,9,2938,2,7200,1.00306330837
25886,25895,28840,9,2945,2,7200,1.00305602716
26016,26026,28944,10,2918,2,7200,1.0034270048
26041,26051,29176,10,3125,2,7200,1.0032
26059,26068,28993,9,2925,2,7200,1.00307692308
26180,26188,29216,8,3028,2,7200,1.00264200793
26229,26238,29088,9,2850,2,7200,1.00315789474
26287,26296,29275,9,2979,2,7200,1.00302114804
26353,26361,113191,8,86830,1,172800,1.00009213406
26405,26412,49113,7,22701,1,172800,1.00030835646
26420,26429,29538,9,3109,2,7200,1.00289482149
26475,26484,29766,9,3282,2,7200,1.00274223035
26611,26617,48725,6,22108,1,36000,1.00027139497
26796,26807,29837,11,3030,2,7200,1.00363036304
26845,26852,30002,7,3150,2,7200,1.00222222222
26860,26866,29779,6,2913,2,7200,1.00205973223
26896,26904,30055,8,3151,2,7200,1.00253887655
26911,26917,30115,6,3198,2,7200,1.00187617261
27026,27032,29977,6,2945,2,7200,1.00203735144
27080,27089,29971,9,2882,2,7200,1.00312283137
27156,27164,30067,8,2903,2,7200,1.00275576989
27172,27181,30121,9,2940,2,7200,1.00306122449
27187,27193,30435,6,3242,2,7200,1.00185070944
27214,27222,200054,8,172832,1,172800,1.00004628772
27232,27243,29942,11,2699,2,7200,1.00407558355
27249,27255,200061,6,172806,1,172800,1.00003472102
27283,27289,200096,6,172807,1,172800,1.00003472082
27341,27350,30259,9,2909,2,7200,1.00309384668
27505,27513,30676,8,3163,2,7200,1.00252924439
27553,27563,30565,10,3002,2,7200,1.00333111259
27590,27599,30580,9,2981,2,7200,1.0030191211
27645,27654,30531,9,2877,2,7200,1.0031282586
27844,27850,30781,6,2931,2,7200,1.00204708291
27914,27923,30856,9,2933,2,7200,1.00306853051
27938,27949,30789,11,2840,2,7200,1.00387323944
27956,27965,31120,9,3155,2,7200,1.0028526149
27989,27999,31045,10,3046,2,7200,1.00328299409
28096,28104,30910,8,2806,2,7200,1.0028510335
28111,28121,30989,10,2868,2,7200,1.00348675035
28276,28282,31352,6,3070,2,7200,1.00195439739
28330,28338,31432,8,3094,2,7200,1.00258564964
28391,28399,31387,8,2988,2,7200,1.00267737617
28627,28633,31646,6,3013,2,7200,1.00199137073
28705,28714,31686,9,2972,2,7200,1.0030282638
28723,28732,31701,9,2969,2,7200,1.00303132368
28790,28799,32006,9,3207,2,7200,1.00280636109
28824,28834,31692,10,2858,2,7200,1.00349895031
28843,28851,31648,8,2797,2,7200,1.00286020737
28938,28945,115380,7,86435,12,86400,1.00008098571
28946,28955,31963,9,3008,2,7200,1.00299202128
28995,29005,31791,10,2786,2,7200,1.00358937545
29089,29099,32201,10,3102,2,7200,1.00322372663
29180,29187,32455,7,3268,2,7200,1.00214198286
29220,29227,32321,7,3094,2,7200,1.00226244344
29278,29286,32439,8,3153,2,7200,1.0025372661
29542,29549,32333,7,2784,2,7200,1.00251436782
29769,29777,32830,8,3053,2,7200,1.0026203734
29785,29791,32841,6,3050,2,7200,1.00196721311
29839,29849,33042,10,3193,2,7200,1.00313185092
29945,29953,33002,8,3049,2,7200,1.00262381109
29973,29982,33041,9,3059,2,7200,1.00294213795
29988,29994,33295,6,3301,2,7200,1.00181763102
30003,30013,33298,10,3285,2,7200,1.00304414003
30055,30066,33034,11,2968,2,7200,1.00370619946
30070,30078,33131,8,3053,2,7200,1.0026203734
30119,30126,33172,7,3046,2,7200,1.00229809586
30134,30140,33306,6,3166,2,7200,1.00189513582
30261,30270,33218,9,2948,2,7200,1.00305291723
30437,30446,33398,9,2952,2,7200,1.00304878049
30534,30542,33586,8,3044,2,7200,1.00262812089
30568,30576,33596,8,3020,2,7200,1.00264900662
30583,30592,33538,9,2946,2,7200,1.00305498982
30680,30687,33718,7,3031,2,7200,1.00230946882
30783,30792,33813,9,3021,2,7200,1.00297914598
30799,30805,33848,6,3043,2,7200,1.00197173842
30859,30867,33755,8,2888,2,7200,1.0027700831
30911,30921,33882,10,2961,2,7200,1.00337723742
30990,31001,33903,11,2902,2,7200,1.00379048932
31048,31056,34306,8,3250,2,7200,1.00246153846
31121,31131,34128,10,2997,2,7200,1.00333667
31354,31364,34280,10,2916,2,7200,1.00342935528
31388,31398,34222,10,2824,2,7200,1.00354107649
31433,31443,34560,10,3117,2,7200,1.00320821303
31637,31643,46821,6,15178,11,28800,1.000395309
31649,31657,34535,8,2878,2,7200,1.00277970813
31650,31663,34643,13,2980,2,7200,1.00436241611
31690,31697,34863,7,3166,2,7200,1.00221099179
31707,31713,34779,6,3066,2,7200,1.00195694716
31708,31719,34662,11,2943,2,7200,1.00373768264
31793,31802,34887,9,3085,2,7200,1.00291734198
31966,31975,35110,9,3135,2,7200,1.0028708134
32009,32018,35049,9,3031,2,7200,1.00296931706
32203,32212,35132,9,2920,2,7200,1.00308219178
32324,32332,35160,8,2828,2,7200,1.00282885431
32339,32346,35373,7,3027,2,7200,1.00231252065
32443,32450,35483,7,3033,2,7200,1.00230794593
32458,32467,35433,9,2966,2,7200,1.00303438975
32834,32841,35810,7,2969,2,7200,1.00235769619
32849,32855,35727,6,2872,2,7200,1.00208913649
33003,33014,36041,11,3027,2,7200,1.00363396102
33037,33046,36054,9,3008,2,7200,1.00299202128
33052,33058,36176,6,3118,2,7200,1.00192431046
33054,33064,35921,10,2857,2,7200,1.00350017501
33133,33142,36094,9,2952,2,7200,1.00304878049
33175,33183,36150,8,2967,2,7200,1.00269632626
33221,33230,36403,9,3173,2,7200,1.0028364324
33297,33306,36410,9,3104,2,7200,1.00289948454
33313,33319,36182,6,2863,2,7200,1.00209570381
33314,33326,36222,12,2896,2,7200,1.00414364641
33399,33409,36340,10,2931,2,7200,1.00341180484
33539,33549,36415,10,2866,2,7200,1.00348918353
33588,33597,36567,9,2970,2,7200,1.00303030303
33603,33609,36868,6,3259,2,7200,1.00184105554
33721,33729,36517,8,2788,2,7200,1.00286944046
33758,33766,36847,8,3081,2,7200,1.00259655956
33815,33825,36877,10,3052,2,7200,1.00327653997
33849,33859,37028,10,3169,2,7200,1.00315556958
33885,33893,37088,8,3195,2,7200,1.00250391236
33907,33914,37054,7,3140,2,7200,1.00222929936
34131,34139,37234,8,3095,2,7200,1.00258481422
34225,34233,37254,8,3021,2,7200,1.00264812976
34283,34291,37353,8,3062,2,7200,1.00261267146
34308,34317,37292,9,2975,2,7200,1.00302521008
34538,34546,37556,8,3010,2,7200,1.00265780731
34563,34571,37626,8,3055,2,7200,1.00261865794
34645,34655,37805,10,3150,2,7200,1.00317460317
34663,34673,37487,10,2814,2,7200,1.00355366027
34781,34790,37740,9,2950,2,7200,1.00305084746
34866,34874,37495,8,2621,2,7200,1.00305227013
34890,34898,37886,8,2988,2,7200,1.00267737617
35051,35061,38214,10,3153,2,7200,1.00317158262
35112,35121,38076,9,2955,2,7200,1.00304568528
35133,35143,38083,10,2940,2,7200,1.00340136054
35164,35171,37998,7,2827,2,7200,1.0024761231
35376,35385,38825,9,3440,2,7200,1.00261627907
35434,35445,38573,11,3128,2,7200,1.00351662404
35485,35495,38292,10,2797,2,7200,1.00357525921
35730,35738,39067,8,3329,2,7200,1.00240312406
35813,35822,38796,9,2974,2,7200,1.0030262273
35922,35932,38857,10,2925,2,7200,1.00341880342
36044,36053,39169,9,3116,2,7200,1.00288831836
36059,36065,38882,6,2817,2,7200,1.00212992545
36095,36105,39103,10,2998,2,7200,1.00333555704
36153,36161,39289,8,3128,2,7200,1.00255754476
36177,36187,39115,10,2928,2,7200,1.00341530055
36192,36198,39248,6,3050,2,7200,1.00196721311
36226,36233,39337,7,3104,2,7200,1.00225515464
36341,36351,39303,10,2952,2,7200,1.00338753388
36405,36414,39292,9,2878,2,7200,1.00312717165
36420,36426,39376,6,2950,2,7200,1.00203389831
36421,36432,39610,11,3178,2,7200,1.00346129641
36518,36528,39559,10,3031,2,7200,1.00329924117
36570,36578,39669,8,3091,2,7200,1.00258815917
36849,36858,40101,9,3243,2,7200,1.00277520814
36870,36879,40009,9,3130,2,7200,1.00287539936
36885,36891,39873,6,2982,2,7200,1.00201207243
37030,37039,40093,9,3054,2,7200,1.00294695481
37057,37065,40165,8,3100,2,7200,1.00258064516
37091,37100,40145,9,3045,2,7200,1.00295566502
37236,37245,40250,9,3005,2,7200,1.00299500832
37257,37265,40192,8,2927,2,7200,1.0027331739
37294,37303,40043,9,2740,2,7200,1.00328467153
37354,37365,40490,11,3125,2,7200,1.00352
37488,37498,40577,10,3079,2,7200,1.00324780773
37503,37509,40704,6,3195,2,7200,1.00187793427
37557,37567,40713,10,3146,2,7200,1.00317863954
37627,37637,40812,10,3175,2,7200,1.0031496063
37743,37751,40804,8,3053,2,7200,1.0026203734
37807,37817,40880,10,3063,2,7200,1.0032647731
37888,37897,40865,9,2968,2,7200,1.00303234501
38001,38010,41094,9,3084,2,7200,1.00291828794
38080,38087,41096,7,3009,2,7200,1.00232635427
38095,38101,41283,6,3182,2,7200,1.00188560654
38216,38225,41255,9,3030,2,7200,1.00297029703
38295,38303,41132,8,2829,2,7200,1.00282785437
38573,38585,41613,12,3028,2,7200,1.00396301189
38798,38807,41842,9,3035,2,7200,1.00296540362
38828,38836,41775,8,2939,2,7200,1.00272201429
38858,38868,41720,10,2852,2,7200,1.00350631136
38886,38893,41861,7,2968,2,7200,1.00235849057
39071,39078,42120,7,3042,2,7200,1.00230111769
39107,39115,42147,8,3032,2,7200,1.00263852243
39122,39128,41819,6,2691,2,7200,1.0022296544
39171,39180,41956,9,2776,2,7200,1.00324207493
39250,39259,42217,9,2958,2,7200,1.00304259635
39292,39300,42524,8,3224,2,7200,1.00248138958
39294,39306,42674,12,3368,2,7200,1.00356294537
39309,39315,42263,6,2948,2,7200,1.00203527815
39340,39349,42260,9,2911,2,7200,1.00309172106
39343,39354,93375,11,54021,4,54000,1.00020362452
39379,39387,42340,8,2953,2,7200,1.00270910938
39560,39571,42623,11,3052,2,7200,1.00360419397
39565,39576,93599,11,54023,4,54000,1.00020361698
39612,39621,42440,9,2819,2,7200,1.0031926215
39672,39681,42806,9,3125,2,7200,1.00288
39876,39884,43115,8,3231,2,7200,1.00247601362
40012,40020,42933,8,2913,2,7200,1.00274630965
40046,40054,43289,8,3235,2,7200,1.00247295209
40094,40104,42975,10,2871,2,7200,1.00348310693
40109,40115,43066,6,2951,2,7200,1.00203320908
40146,40156,42976,10,2820,2,7200,1.00354609929
40167,40177,43098,10,2921,2,7200,1.00342348511
40194,40203,43137,9,2934,2,7200,1.00306748466
40251,40261,42950,10,2689,2,7200,1.00371885459
40490,40501,43433,11,2932,2,7200,1.00375170532
40578,40588,43549,10,2961,2,7200,1.00337723742
40678,40684,204023,6,163339,8,360000,1.00003673342
40706,40715,43529,9,2814,2,7200,1.00319829424
40721,40727,43783,6,3056,2,7200,1.00196335079
40805,40815,43809,10,2994,2,7200,1.00334001336
40820,40827,43851,7,3024,2,7200,1.00231481481
40866,40876,43823,10,2947,2,7200,1.0033932813
40881,40891,44083,10,3192,2,7200,1.00313283208
41096,41105,44249,9,3144,2,7200,1.00286259542
41098,41111,44192,13,3081,2,7200,1.00421940928
41134,41143,44105,9,2962,2,7200,1.00303848751
41256,41266,44223,10,2957,2,7200,1.00338180588
41286,41294,44377,8,3083,2,7200,1.00259487512
41617,41624,44262,7,2638,2,7200,1.0026535254
41723,41731,44709,8,2978,2,7200,1.00268636669
41778,41786,44652,8,2866,2,7200,1.00279134682
41820,41831,44965,11,3134,2,7200,1.00350989151
41845,41853,44580,8,2727,2,7200,1.0029336267
41863,41872,44971,9,3099,2,7200,1.00290416263
41957,41967,44793,10,2826,2,7200,1.00353857042
42124,42131,45104,7,2973,2,7200,1.00235452405
42148,42158,45138,10,2980,2,7200,1.0033557047
42218,42228,45388,10,3160,2,7200,1.00316455696
42260,42271,45023,11,2752,2,7200,1.00399709302
42275,42282,45410,7,3128,2,7200,1.00223785166
42342,42351,45418,9,3067,2,7200,1.00293446365
42442,42451,45283,9,2832,2,7200,1.0031779661
42527,42535,45830,8,3295,2,7200,1.00242792109
42624,42634,45658,10,3024,2,7200,1.00330687831
42676,42685,45833,9,3148,2,7200,1.00285895807
42810,42818,45820,8,3002,2,7200,1.00266489007
42934,42944,46044,10,3100,2,7200,1.00322580645
42952,42961,46119,9,3158,2,7200,1.002849905
42976,42986,46015,10,3029,2,7200,1.00330141961
42978,42992,45838,14,2846,2,7200,1.00491918482
43069,43077,46194,8,3117,2,7200,1.00256657042
43099,43109,46344,10,3235,2,7200,1.00309119011
43114,43126,46200,12,3074,2,7200,1.00390370852
43139,43148,46131,9,2983,2,7200,1.00301709688
43290,43300,46337,10,3037,2,7200,1.00329272308
43436,43444,46534,8,3090,2,7200,1.00258899676
43530,43540,46705,10,3165,2,7200,1.00315955766
43551,43560,46669,9,3109,2,7200,1.00289482149
43784,43794,46646,10,2852,2,7200,1.00350631136
43812,43821,46776,9,2955,2,7200,1.00304568528
43827,43834,46713,7,2879,2,7200,1.00243139979
43854,43863,46906,9,3043,2,7200,1.00295760762
44085,44094,47250,9,3156,2,7200,1.00285171103
44109,44117,47370,8,3253,2,7200,1.00245926837
44194,44203,47385,9,3182,2,7200,1.00282840981
44224,44234,47173,10,2939,2,7200,1.00340251786
44252,44260,47309,8,3049,2,7200,1.00262381109
44267,44273,47383,6,3110,2,7200,1.00192926045
44379,44388,47398,9,3010,2,7200,1.00299003322
44582,44591,47508,9,2917,2,7200,1.00308536167
44655,44663,47827,8,3164,2,7200,1.00252844501
44713,44721,47732,8,3011,2,7200,1.00265692461
44794,44804,47839,10,3035,2,7200,1.00329489292
44967,44976,47868,9,2892,2,7200,1.0031120332
44982,44988,48130,6,3142,2,7200,1.00190961171
45025,45034,48162,9,3128,2,7200,1.00287723785
45107,45115,47650,8,2535,2,7200,1.00315581854
45140,45149,48107,9,2958,2,7200,1.00304259635
45286,45295,48178,9,2883,2,7200,1.00312174818
45389,45399,48545,10,3146,2,7200,1.00317863954
45415,45420,48234,5,2814,2,7200,1.00177683014
45430,45436,48565,6,3129,2,7200,1.00191754554
45660,45669,48939,9,3270,2,7200,1.00275229358
45824,45831,48966,7,3135,2,7200,1.00223285486
45839,45846,48933,7,3087,2,7200,1.0022675737
45841,45852,49302,11,3450,2,7200,1.0031884058
45842,45858,49079,16,3221,2,7200,1.00496740143
46018,46026,49118,8,3092,2,7200,1.00258732212
46045,46056,49295,11,3239,2,7200,1.00339610991
46121,46130,49056,9,2926,2,7200,1.0030758715
46136,46142,49239,6,3097,2,7200,1.00193735873
46197,46206,49103,9,2897,2,7200,1.00310666206
46212,46218,49236,6,3018,2,7200,1.00198807157
46340,46348,49494,8,3146,2,7200,1.00254291163
46355,46361,49590,6,3229,2,7200,1.00185816042
46390,46396,47007,6,611,1,14400,1.00981996727
46537,46545,49723,8,3178,2,7200,1.00251730648
46649,46657,49612,8,2955,2,7200,1.0027072758
46670,46680,49675,10,2995,2,7200,1.00333889816
46707,46716,49835,9,3119,2,7200,1.00288554024
46722,46728,49562,6,2834,2,7200,1.00211714891
46780,46787,49869,7,3082,2,7200,1.00227125243
46907,46917,50099,10,3182,2,7200,1.00314267756
47174,47184,50460,10,3276,2,7200,1.00305250305
47253,47261,50045,8,2784,2,7200,1.00287356322
47310,47320,50431,10,3111,2,7200,1.00321440051
47371,47381,50422,10,3041,2,7200,1.00328839198
47386,47394,50414,8,3020,2,7200,1.00264900662
47388,47400,50569,12,3169,2,7200,1.0037866835
47403,47409,50372,6,2963,2,7200,1.00202497469
47509,47519,50526,10,3007,2,7200,1.00332557366
47651,47661,50732,10,3071,2,7200,1.00325626832
47735,47744,50685,9,2941,2,7200,1.00306018361
47829,47838,50824,9,2986,2,7200,1.00301406564
47844,47850,51088,6,3238,2,7200,1.00185299568
47872,47879,50760,7,2881,2,7200,1.00242971191
48108,48118,51116,10,2998,2,7200,1.00333555704
48132,48141,51167,9,3026,2,7200,1.0029742234
48166,48173,51208,7,3035,2,7200,1.00230642504
48181,48190,51377,9,3187,2,7200,1.00282397239
48235,48245,51509,10,3264,2,7200,1.00306372549
48547,48557,51797,10,3240,2,7200,1.00308641975
48566,48576,51541,10,2965,2,7200,1.00337268128
48935,48944,51854,9,2910,2,7200,1.00309278351
48950,48956,52110,6,3154,2,7200,1.00190234623
48968,48982,52088,14,3106,2,7200,1.00450740502
49059,49067,52184,8,3117,2,7200,1.00256657042
49081,49090,52179,9,3089,2,7200,1.00291356426
49105,49114,51766,9,2652,2,7200,1.00339366516
49120,49129,52457,9,3328,2,7200,1.00270432692
49238,49247,52304,9,3057,2,7200,1.00294406281
49253,49259,52294,6,3035,2,7200,1.00197693575
49296,49306,52414,10,3108,2,7200,1.00321750322
49311,49317,52474,6,3157,2,7200,1.00190053849
49496,49506,52664,10,3158,2,7200,1.00316656111
49563,49573,52554,10,2981,2,7200,1.003354579
49593,49602,52567,9,2965,2,7200,1.00303541315
49615,49624,52464,9,2840,2,7200,1.00316901408
49679,49687,52693,8,3006,2,7200,1.00266134398
49724,49734,52672,10,2938,2,7200,1.00340367597
49836,49846,52671,10,2825,2,7200,1.00353982301
49870,49880,52880,10,3000,2,7200,1.00333333333
50046,50056,53191,10,3135,2,7200,1.00318979266
50100,50110,53016,10,2906,2,7200,1.00344115623
50373,50384,53123,11,2739,2,7200,1.00401606426
50416,50425,53499,9,3074,2,7200,1.00292778139
50431,50437,53398,6,2961,2,7200,1.00202634245
50432,50443,53511,11,3068,2,7200,1.00358539765
50463,50471,53555,8,3084,2,7200,1.00259403372
50527,50537,53491,10,2954,2,7200,1.00338524035
50573,50580,53679,7,3099,2,7200,1.00225879316
50688,50696,53898,8,3202,2,7200,1.00249843848
50733,50744,53515,11,2771,2,7200,1.00396968603
50761,50771,53777,10,3006,2,7200,1.00332667997
50827,50836,53834,9,2998,2,7200,1.00300200133
51090,51100,54369,10,3269,2,7200,1.00305903946
51118,51127,54157,9,3030,2,7200,1.00297029703
51169,51178,54113,9,2935,2,7200,1.00306643952
51209,51219,54341,10,3122,2,7200,1.00320307495
51379,51389,54519,10,3130,2,7200,1.00319488818
51512,51521,54262,9,2741,2,7200,1.00328347318
51542,51552,54537,10,2985,2,7200,1.00335008375
51767,51777,55045,10,3268,2,7200,1.00305997552
51800,51809,54721,9,2912,2,7200,1.00309065934
51858,51866,54949,8,3083,2,7200,1.00259487512
52091,52100,55024,9,2924,2,7200,1.00307797538
52113,52122,55109,9,2987,2,7200,1.00301305658
52142,52148,52659,6,511,64,3600,1.01174168297
52179,52190,55403,11,3213,2,7200,1.00342359166
52195,52201,55051,6,2850,2,7200,1.00210526316
52298,52305,55322,7,3017,2,7200,1.00232018561
52313,52319,55308,6,2989,2,7200,1.00200736032
52416,52426,55569,10,3143,2,7200,1.00318167356
52459,52468,55530,9,3062,2,7200,1.00293925539
52474,52480,55740,6,3260,2,7200,1.0018404908
52489,52496,55774,7,3278,2,7200,1.00213544844
52556,52565,55521,9,2956,2,7200,1.00304465494
52571,52578,55647,7,3069,2,7200,1.00228087325
52667,52692,55674,25,2982,2,7200,1.00838363514
52667,52708,52843,41,135,64,3600,1.3037037037
52682,52698,55795,16,3097,2,7200,1.00516628996
52684,52703,55277,19,2574,2,7200,1.00738150738
52699,52789,55574,90,2785,2,7200,1.03231597846
52882,52891,55942,9,3051,2,7200,1.00294985251
53018,53028,56135,10,3107,2,7200,1.00321853878
53083,53089,55345,6,2256,1,3600,1.00265957447
53124,53134,56276,10,3142,2,7200,1.00318268619
53194,53202,56194,8,2992,2,7200,1.00267379679
53400,53410,56322,10,2912,2,7200,1.00343406593
53491,53502,56573,11,3071,2,7200,1.00358189515
53507,53513,56338,6,2825,2,7200,1.00212389381
53522,53528,56597,6,3069,2,7200,1.00195503421
53524,53534,56452,10,2918,2,7200,1.0034270048
53557,53567,56644,10,3077,2,7200,1.00324991875
53681,53690,57056,9,3366,2,7200,1.00267379679
53778,53788,56712,10,2924,2,7200,1.00341997264
53836,53845,56838,9,2993,2,7200,1.00300701637
53900,53909,56916,9,3007,2,7200,1.0029930163
54115,54125,57206,10,3081,2,7200,1.00324569945
54160,54168,57216,8,3048,2,7200,1.00262467192
54264,54273,57196,9,2923,2,7200,1.0030790284
54342,54353,57462,11,3109,2,7200,1.00353811515
54370,54380,57489,10,3109,2,7200,1.00321646832
54521,54530,57406,9,2876,2,7200,1.00312934631
54539,54548,57710,9,3162,2,7200,1.00284629981
54722,54732,57910,10,3178,2,7200,1.0031466331
54952,54960,58086,8,3126,2,7200,1.00255918106
55025,55035,57858,10,2823,2,7200,1.00354233085
55047,55056,58121,9,3065,2,7200,1.00293637847
55062,55068,58215,6,3147,2,7200,1.00190657769
55068,55074,109109,6,54035,4,54000,1.00011103914
55110,55120,58028,10,2908,2,7200,1.00343878955
55280,55289,58310,9,3021,2,7200,1.00297914598
55311,55319,58086,8,2767,2,7200,1.00289121793
55326,55332,58396,6,3064,2,7200,1.00195822454
55404,55414,58107,10,2693,2,7200,1.00371333086
55523,55532,58625,9,3093,2,7200,1.00290979631
55538,55544,58816,6,3272,2,7200,1.00183374083
55571,55581,58716,10,3135,2,7200,1.00318979266
55586,55593,58734,7,3141,2,7200,1.00222858962
55651,55659,58709,8,3050,2,7200,1.00262295082
55675,55685,58753,10,3068,2,7200,1.00325945241
55743,55752,58771,9,3019,2,7200,1.00298111958
55777,55785,58886,8,3101,2,7200,1.00257981296
55798,55806,58719,8,2913,2,7200,1.00274630965
55941,55955,59046,14,3091,2,7200,1.00452927855
56138,56147,58986,9,2839,2,7200,1.00317013033
56196,56206,58922,10,2716,2,7200,1.00368188513
56278,56287,59274,9,2987,2,7200,1.00301305658
56323,56333,59314,10,2981,2,7200,1.003354579
56342,56350,59186,8,2836,2,7200,1.00282087447
56454,56463,59190,9,2727,2,7200,1.00330033003
56575,56584,59527,9,2943,2,7200,1.00305810398
56600,56608,59473,8,2865,2,7200,1.00279232112
56645,56655,60048,10,3393,2,7200,1.00294724433
56715,56723,59787,8,3064,2,7200,1.00261096606
56839,56849,59688,10,2839,2,7200,1.00352236703
56918,56928,59617,10,2689,2,7200,1.00371885459
57058,57067,59978,9,2911,2,7200,1.00309172106
57198,57207,60304,9,3097,2,7200,1.0029060381
57213,57219,59979,6,2760,2,7200,1.00217391304
57228,57234,60194,6,2960,2,7200,1.00202702703
57407,57417,60824,10,3407,2,7200,1.00293513355
57465,57474,60448,9,2974,2,7200,1.0030262273
57492,57500,60604,8,3104,2,7200,1.00257731959
57711,57721,60594,10,2873,2,7200,1.00348068221
57860,57870,60963,10,3093,2,7200,1.00323310702
57912,57921,61119,9,3198,2,7200,1.00281425891
58031,58039,61187,8,3148,2,7200,1.00254129606
58089,58097,61061,8,2964,2,7200,1.00269905533
58091,58102,61343,11,3241,2,7200,1.00339401419
58109,58118,61095,9,2977,2,7200,1.0030231777
58124,58132,60987,8,2855,2,7200,1.00280210158
58218,58226,61315,8,3089,2,7200,1.0025898349
58312,58321,61191,9,2870,2,7200,1.0031358885
58397,58407,61456,10,3049,2,7200,1.00327976386
58630,58636,61663,6,3027,2,7200,1.00198216056
58710,58720,61674,10,2954,2,7200,1.00338524035
58725,58731,61597,6,2866,2,7200,1.00209351012
58727,58737,61850,10,3113,2,7200,1.00321233537
58742,58748,62018,6,3270,2,7200,1.00183486239
58757,58766,61632,9,2866,2,7200,1.00314026518
58772,58782,61806,10,3024,2,7200,1.00330687831
58818,58827,61987,9,3160,2,7200,1.00284810127
58888,58897,61995,9,3098,2,7200,1.00290510006
58925,58933,61997,8,3064,2,7200,1.00261096606
58989,58997,62012,8,3015,2,7200,1.00265339967
59050,59057,61698,7,2641,2,7200,1.00265051117
59187,59197,62372,10,3175,2,7200,1.0031496063
59202,59208,62288,6,3080,2,7200,1.00194805195
59275,59285,62444,10,3159,2,7200,1.00316555872
59315,59325,62171,10,2846,2,7200,1.00351370344
59476,59484,62416,8,2932,2,7200,1.00272851296
59528,59538,62506,10,2968,2,7200,1.00336927224
59620,59629,62904,9,3275,2,7200,1.0027480916
59690,59699,62365,9,2666,2,7200,1.00337584396
59790,59798,63017,8,3219,2,7200,1.00248524386
59979,59996,62795,17,2799,2,7200,1.00607359771
59980,59989,62972,9,2983,2,7200,1.00301709688
60050,60059,63301,9,3242,2,7200,1.00277606416
60196,60205,63104,9,2899,2,7200,1.0031045188
60305,60315,63698,10,3383,2,7200,1.00295595625
60451,60459,63298,8,2839,2,7200,1.00281789362
60597,60605,63626,8,3021,2,7200,1.00264812976
60612,60618,63946,6,3328,2,7200,1.00180288462
60830,60837,63636,7,2799,2,7200,1.00250089318
60964,60974,64080,10,3106,2,7200,1.00321957502
60991,60999,64183,8,3184,2,7200,1.00251256281
61058,61072,64121,14,3049,2,7200,1.0045916694
61098,61106,63997,8,2891,2,7200,1.00276720858
61119,61130,64079,11,2949,2,7200,1.00373007799
61189,61199,63984,10,2785,2,7200,1.00359066427
61209,61215,64484,6,3269,2,7200,1.00183542368
61318,61326,64338,8,3012,2,7200,1.0026560425
61345,61355,64009,10,2654,2,7200,1.00376789751
61458,61467,64620,9,3153,2,7200,1.00285442436
61601,61608,64428,7,2820,2,7200,1.0024822695
61635,61643,64695,8,3052,2,7200,1.00262123198
61665,61674,64728,9,3054,2,7200,1.00294695481
61680,61686,64927,6,3241,2,7200,1.00185128047
61698,61709,65098,11,3389,2,7200,1.00324579522
61809,61820,64851,11,3031,2,7200,1.00362916529
61851,61861,64926,10,3065,2,7200,1.00326264274
61988,61998,64911,10,2913,2,7200,1.00343288706
62004,62010,64732,6,2722,2,7200,1.00220426157
62005,62016,64900,11,2884,2,7200,1.00381414702
62021,62027,64798,6,2771,2,7200,1.00216528329
62022,62033,65121,11,3088,2,7200,1.00356217617
62174,62182,65209,8,3027,2,7200,1.00264288074
62290,62299,65264,9,2965,2,7200,1.00303541315
62369,62376,65384,7,3008,2,7200,1.00232712766
62384,62390,65639,6,3249,2,7200,1.00184672207
62417,62427,65692,10,3265,2,7200,1.00306278714
62445,62455,65580,10,3125,2,7200,1.0032
62509,62517,65556,8,3039,2,7200,1.00263244488
62798,62806,65781,8,2975,2,7200,1.00268907563
62908,62915,65927,7,3012,2,7200,1.00232403718
62975,62984,65928,9,2944,2,7200,1.00305706522
63020,63028,65936,8,2908,2,7200,1.00275103164
63106,63115,66321,9,3206,2,7200,1.00280723643
63301,63309,66696,8,3387,2,7200,1.00236197225
63302,63315,66188,13,2873,2,7200,1.00452488688
63630,63638,66898,8,3260,2,7200,1.00245398773
63645,63651,66804,6,3153,2,7200,1.00190294957
63699,63709,66741,10,3032,2,7200,1.00329815303
63948,63957,66909,9,2952,2,7200,1.00304878049
63987,63995,67155,8,3160,2,7200,1.00253164557
64002,64008,66818,6,2810,2,7200,1.00213523132
64017,64024,66943,7,2919,2,7200,1.00239808153
64081,64090,67275,9,3185,2,7200,1.00282574568
64083,64096,67127,13,3031,2,7200,1.00428901353
64123,64132,67202,9,3070,2,7200,1.00293159609
64187,64194,67418,7,3224,2,7200,1.00217121588
64342,64350,67354,8,3004,2,7200,1.00266311585
64430,64439,67266,9,2827,2,7200,1.00318358684
64485,64495,67564,10,3069,2,7200,1.00325839036
64623,64632,67592,9,2960,2,7200,1.00304054054
64696,64706,67449,10,2743,2,7200,1.00364564346
64730,64740,67876,10,3136,2,7200,1.00318877551
64745,64751,67731,6,2980,2,7200,1.00201342282
64800,64809,67573,9,2764,2,7200,1.00325615051
64855,64862,67994,7,3132,2,7200,1.00223499361
64904,64911,67857,7,2946,2,7200,1.00237610319
64919,64925,67924,6,2999,2,7200,1.00200066689
64934,64940,67946,6,3006,2,7200,1.00199600798
64935,64946,67704,11,2758,2,7200,1.00398839739
65099,65109,68273,10,3164,2,7200,1.00316055626
65124,65133,68120,9,2987,2,7200,1.00301305658
65212,65220,68212,8,2992,2,7200,1.00267379679
65267,65275,68262,8,2987,2,7200,1.00267827251
65385,65395,68093,10,2698,2,7200,1.00370644922
65559,65567,68722,8,3155,2,7200,1.00253565769
65583,65591,68619,8,3028,2,7200,1.00264200793
65641,65650,68911,9,3261,2,7200,1.0027598896
65696,65704,68603,8,2899,2,7200,1.00275957227
65784,65792,68511,8,2719,2,7200,1.00294225818
65931,65938,68888,7,2950,2,7200,1.00237288136
65932,65944,69091,12,3147,2,7200,1.00381315539
65947,65954,68853,7,2899,2,7200,1.00241462573
66190,66199,69393,9,3194,2,7200,1.00281778334
66324,66332,69408,8,3076,2,7200,1.00260078023
66698,66708,69906,10,3198,2,7200,1.00312695435
66744,66752,69630,8,2878,2,7200,1.00277970813
66805,66815,69638,10,2823,2,7200,1.00354233085
66820,66830,70008,10,3178,2,7200,1.0031466331
66899,66909,70140,10,3231,2,7200,1.00309501702
66910,66916,93222,6,26306,1,36000,1.00022808485
66914,66922,69983,8,3061,2,7200,1.00261352499
66945,66954,70003,9,3049,2,7200,1.00295178747
66970,66976,66982,6,6,8,14400,1.2
67130,67139,70202,9,3063,2,7200,1.00293829579
67157,67167,69968,10,2801,2,7200,1.00357015352
67203,67213,70320,10,3107,2,7200,1.00321853878
67258,67264,67273,6,9,8,14400,1.5
67267,67277,70561,10,3284,2,7200,1.00304506699
67282,67289,70017,7,2728,2,7200,1.0025659824
67355,67365,70376,10,3011,2,7200,1.00332115576
67419,67429,70282,10,2853,2,7200,1.00350508237
67452,67461,70455,9,2994,2,7200,1.00300601202
67565,67575,70659,10,3084,2,7200,1.00324254215
67580,67586,70624,6,3038,2,7200,1.00197498354
67595,67605,70742,10,3137,2,7200,1.00318775901
67705,67715,70819,10,3104,2,7200,1.00322164948
67732,67744,70726,12,2982,2,7200,1.00402414487
67810,67816,82259,6,14443,8,14400,1.00041542616
67860,67868,70895,8,3027,2,7200,1.00264288074
67879,67888,70913,9,3025,2,7200,1.00297520661
67924,67935,71132,11,3197,2,7200,1.00344072568
67949,67957,71138,8,3181,2,7200,1.00251493241
67995,68005,70841,10,2836,2,7200,1.00352609309
68095,68105,71269,10,3164,2,7200,1.00316055626
68122,68131,71077,9,2946,2,7200,1.00305498982
68214,68223,71182,9,2959,2,7200,1.0030415681
68265,68274,71678,9,3404,2,7200,1.0026439483
68280,68287,71268,7,2981,2,7200,1.0023482053
68515,68523,71404,8,2881,2,7200,1.00277681361
68606,68615,71593,9,2978,2,7200,1.00302216253
68621,68630,71706,9,3076,2,7200,1.00292587776
68724,68733,71635,9,2902,2,7200,1.00310130944
68855,68864,71619,9,2755,2,7200,1.00326678766
68891,68899,72088,8,3189,2,7200,1.00250862339
68913,68922,72024,9,3102,2,7200,1.00290135397
69092,69102,72029,10,2927,2,7200,1.00341646737
69395,69404,72753,9,3349,2,7200,1.00268736936
69411,69420,72388,9,2968,2,7200,1.00303234501
69633,69641,72845,8,3204,2,7200,1.0024968789
69648,69653,72434,5,2781,2,7200,1.00179791442
69912,69918,72857,6,2939,2,7200,1.00204151072
69969,69979,73239,10,3260,2,7200,1.00306748466
69984,69994,73127,10,3133,2,7200,1.00319182892
70006,70014,73265,8,3251,2,7200,1.0024607813
70021,70028,72978,7,2950,2,7200,1.00237288136
70023,70034,73289,11,3255,2,7200,1.00337941628
70142,70151,73069,9,2918,2,7200,1.00308430432
70203,70213,73071,10,2858,2,7200,1.00349895031
70285,70293,73265,8,2972,2,7200,1.00269179004
70322,70331,73118,9,2787,2,7200,1.00322927879
70377,70387,73475,10,3088,2,7200,1.00323834197
70459,70468,73181,9,2713,2,7200,1.00331736086
70562,70572,73339,10,2767,2,7200,1.00361402241
70626,70635,73383,9,2748,2,7200,1.00327510917
70663,70671,73556,8,2885,2,7200,1.0027729636
70727,70742,73941,15,3199,2,7200,1.0046889653
70743,70753,73878,10,3125,2,7200,1.0032
70822,70831,73915,9,3084,2,7200,1.00291828794
70843,70853,73974,10,3121,2,7200,1.00320410125
70898,70907,73863,9,2956,2,7200,1.00304465494
70914,70924,73973,10,3049,2,7200,1.00327976386
71081,71088,74137,7,3049,2,7200,1.0022958347
71133,71143,74372,10,3229,2,7200,1.00309693404
71148,71155,74003,7,2848,2,7200,1.00245786517
71184,71193,74204,9,3011,2,7200,1.00298904019
71270,71279,74236,9,2957,2,7200,1.0030436253
71271,71285,74210,14,2925,2,7200,1.00478632479
71408,71416,74370,8,2954,2,7200,1.00270819228
71596,71605,74823,9,3218,2,7200,1.00279676818
71621,71630,74585,9,2955,2,7200,1.00304568528
71636,71646,74713,10,3067,2,7200,1.00326051516
71681,71689,74839,8,3150,2,7200,1.00253968254
71709,71717,74496,8,2779,2,7200,1.00287873336
72025,72035,74917,10,2882,2,7200,1.00346981263
72040,72046,75152,6,3106,2,7200,1.00193174501
72089,72099,75137,10,3038,2,7200,1.00329163924
72390,72399,75465,9,3066,2,7200,1.00293542074
72436,72445,75470,9,3025,2,7200,1.00297520661
72754,72764,75817,10,3053,2,7200,1.00327546675
72849,72856,75930,7,3074,2,7200,1.00227716331
72864,72870,75946,6,3076,2,7200,1.00195058518
72979,72990,76047,11,3057,2,7200,1.00359829899
73068,73080,76317,12,3237,2,7200,1.00370713624
73069,73086,76110,17,3024,2,7200,1.00562169312
73121,73129,76517,8,3388,2,7200,1.00236127509
73136,73142,76204,6,3062,2,7200,1.00195950359
73185,73193,76358,8,3165,2,7200,1.00252764613
73242,73250,76518,8,3268,2,7200,1.00244798042
73267,73276,76208,9,2932,2,7200,1.00306957708
73268,73281,76362,13,3081,2,7200,1.00421940928
73290,73300,76500,10,3200,2,7200,1.003125
73341,73350,76483,9,3133,2,7200,1.00287264603
73384,73394,76528,10,3134,2,7200,1.00319081047
73475,73486,76273,11,2787,2,7200,1.0039468963
73558,73567,76479,9,2912,2,7200,1.00309065934
73865,73874,76945,9,3071,2,7200,1.00293064148
73881,73890,76928,9,3038,2,7200,1.00296247531
73917,73927,77002,10,3075,2,7200,1.00325203252
73942,73952,76753,10,2801,2,7200,1.00357015352
73975,73985,77097,10,3112,2,7200,1.00321336761
73977,73991,77046,14,3055,2,7200,1.00458265139
74004,74014,76975,10,2961,2,7200,1.00337723742
74138,74148,77061,10,2913,2,7200,1.00343288706
74205,74216,77331,11,3115,2,7200,1.00353130016
74221,74227,77130,6,2903,2,7200,1.00206682742
74239,74247,77346,8,3099,2,7200,1.0025814779
74373,74388,77162,15,2774,2,7200,1.005407354
74374,74382,77383,8,3001,2,7200,1.00266577807
74499,74508,77672,9,3164,2,7200,1.00284450063
74588,74596,77985,8,3389,2,7200,1.00236057834
74715,74724,77894,9,3170,2,7200,1.00283911672
74824,74834,77739,10,2905,2,7200,1.00344234079
74842,74850,77730,8,2880,2,7200,1.00277777778
74918,74928,78063,10,3135,2,7200,1.00318979266
75139,75148,78073,9,2925,2,7200,1.00307692308
75154,75163,78053,9,2890,2,7200,1.00311418685
75467,75477,78454,10,2977,2,7200,1.00335908633
75482,75488,78677,6,3189,2,7200,1.00188146754
75818,75828,78961,10,3133,2,7200,1.00319182892
75934,75941,78700,7,2759,2,7200,1.00253715114
75949,75957,78752,8,2795,2,7200,1.00286225403
76050,76058,79130,8,3072,2,7200,1.00260416667
76110,76123,79119,13,2996,2,7200,1.00433911883
76208,76215,79134,7,2919,2,7200,1.00239808153
76222,76229,79039,7,2810,2,7200,1.0024911032
76274,76284,79367,10,3083,2,7200,1.0032435939
76320,76328,79385,8,3057,2,7200,1.00261694472
76360,76369,79160,9,2791,2,7200,1.00322465066
76375,76381,79257,6,2876,2,7200,1.00208623088
76481,76493,79635,12,3142,2,7200,1.00381922342
76483,76500,79510,17,3010,2,7200,1.00564784053
76501,76511,79499,10,2988,2,7200,1.00334672021
76520,76528,79536,8,3008,2,7200,1.00265957447
76521,76534,79818,13,3284,2,7200,1.00395858709
76536,76542,79845,6,3303,2,7200,1.00181653043
76755,76764,79326,9,2562,2,7200,1.00351288056
76929,76939,79839,10,2900,2,7200,1.00344827586
76948,76956,79835,8,2879,2,7200,1.00277874262
76978,76986,80078,8,3092,2,7200,1.00258732212
77003,77013,80095,10,3082,2,7200,1.00324464633
77048,77057,80043,9,2986,2,7200,1.00301406564
77063,77073,80084,10,3011,2,7200,1.00332115576
77100,77108,80030,8,2922,2,7200,1.00273785079
77130,77141,79987,11,2846,2,7200,1.00386507379
77164,77174,80203,10,3029,2,7200,1.00330141961
77335,77342,80313,7,2971,2,7200,1.00235610905
77350,77357,80429,7,3072,2,7200,1.00227864583
77386,77394,80251,8,2857,2,7200,1.00280014001
77676,77684,80890,8,3206,2,7200,1.00249532127
77731,77741,80793,10,3052,2,7200,1.00327653997
77746,77752,80817,6,3065,2,7200,1.00195758564
77895,77906,80730,11,2824,2,7200,1.00389518414
77987,77996,81071,9,3075,2,7200,1.00292682927
78054,78064,81144,10,3080,2,7200,1.00324675325
78069,78075,81016,6,2941,2,7200,1.00204012241
78084,78090,81270,6,3180,2,7200,1.00188679245
78458,78466,81427,8,2961,2,7200,1.00270178994
78680,78688,81648,8,2960,2,7200,1.0027027027
78701,78711,81504,10,2793,2,7200,1.00358037952
78753,78763,81640,10,2877,2,7200,1.00347584289
78963,78972,82172,9,3200,2,7200,1.0028125
79042,79050,81931,8,2881,2,7200,1.00277681361
79122,79130,82069,8,2939,2,7200,1.00272201429
79137,79143,82313,6,3170,2,7200,1.00189274448
79138,79150,82558,12,3408,2,7200,1.00352112676
79163,79171,82283,8,3112,2,7200,1.00257069409
79260,79268,82005,8,2737,2,7200,1.00292290829
79327,79337,82341,10,3004,2,7200,1.00332889481
79370,79378,82380,8,3002,2,7200,1.00266489007
79388,79396,82539,8,3143,2,7200,1.00254533885
79500,79510,82561,10,3051,2,7200,1.0032776139
79515,79522,82460,7,2938,2,7200,1.00238257318
79537,79547,82578,10,3031,2,7200,1.00329924117
79637,79647,82776,10,3129,2,7200,1.00319590924
79819,79829,82859,10,3030,2,7200,1.00330033003
79838,79846,82777,8,2931,2,7200,1.00272944388
79853,79859,82984,6,3125,2,7200,1.00192
79854,79865,82911,11,3046,2,7200,1.0036112935
79989,79998,82707,9,2709,2,7200,1.00332225914
80031,80041,82963,10,2922,2,7200,1.00342231348
80047,80054,82978,7,2924,2,7200,1.00239398085
80081,80089,83456,8,3367,2,7200,1.00237600238
80096,80102,83225,6,3123,2,7200,1.00192122959
80097,80108,83614,11,3506,2,7200,1.00313747861
80204,80214,83308,10,3094,2,7200,1.00323206206
80253,80263,83388,10,3125,2,7200,1.0032
80313,80329,83620,16,3291,2,7200,1.00486174415
80432,80440,83328,8,2888,2,7200,1.0027700831
80730,80741,83750,11,3009,2,7200,1.00365569957
80794,80804,83457,10,2653,2,7200,1.00376931775
80818,80828,83991,10,3163,2,7200,1.00316155549
80891,80901,84051,10,3150,2,7200,1.00317460317
81018,81027,84022,9,2995,2,7200,1.00300500835
81073,81083,84025,10,2942,2,7200,1.00339904827
81146,81156,84142,10,2986,2,7200,1.00334896182
81274,81282,84423,8,3141,2,7200,1.00254695957
81430,81438,84414,8,2976,2,7200,1.00268817204
81506,81515,84691,9,3176,2,7200,1.00283375315
81643,81652,84610,9,2958,2,7200,1.00304259635
81658,81664,84746,6,3082,2,7200,1.0019467878
81933,81942,84837,9,2895,2,7200,1.00310880829
82009,82016,85076,7,3060,2,7200,1.0022875817
82072,82080,85262,8,3182,2,7200,1.00251414205
82176,82184,85049,8,2865,2,7200,1.00279232112
82285,82294,85254,9,2960,2,7200,1.00304054054
82315,82324,85358,9,3034,2,7200,1.00296638102
82343,82353,85724,10,3371,2,7200,1.00296647879
82382,82392,85238,10,2846,2,7200,1.00351370344
82461,82471,85467,10,2996,2,7200,1.00333778371
82540,82550,85464,10,2914,2,7200,1.00343170899
82562,82569,85659,7,3090,2,7200,1.00226537217
82563,82575,85230,12,2655,2,7200,1.00451977401
82581,82589,85516,8,2927,2,7200,1.0027331739
82709,82718,85654,9,2936,2,7200,1.0030653951
82779,82787,85778,8,2991,2,7200,1.00267469074
82780,82793,85774,13,2981,2,7200,1.0043609527
82863,82870,85866,7,2996,2,7200,1.0023364486
82915,82922,85854,7,2932,2,7200,1.00238744884
82966,82974,85758,8,2784,2,7200,1.00287356322
82982,82991,85991,9,3000,2,7200,1.003
82983,82997,86005,14,3008,2,7200,1.00465425532
83227,83236,86267,9,3031,2,7200,1.00296931706
83309,83319,86354,10,3035,2,7200,1.00329489292
83330,83340,86160,10,2820,2,7200,1.00354609929
83391,83399,86637,8,3238,2,7200,1.0024706609
83458,83466,86665,8,3199,2,7200,1.00250078149
83460,83473,86468,13,2995,2,7200,1.00434056761
83618,83626,86790,8,3164,2,7200,1.00252844501
83633,83639,86777,6,3138,2,7200,1.00191204589
83751,83761,86702,10,2941,2,7200,1.00340020401
83994,84002,87199,8,3197,2,7200,1.00250234595
84025,84039,87325,14,3286,2,7200,1.00426049909
84026,84033,87073,7,3040,2,7200,1.00230263158
84054,84062,87043,8,2981,2,7200,1.0026836632
84145,84154,87055,9,2901,2,7200,1.00310237849
84415,84426,87388,11,2962,2,7200,1.00371370695
84430,84437,87514,7,3077,2,7200,1.00227494313
84613,84621,87682,8,3061,2,7200,1.00261352499
84695,84703,87609,8,2906,2,7200,1.00275292498
84747,84757,87819,10,3062,2,7200,1.00326583932
84838,84848,87861,10,3013,2,7200,1.00331895121
85051,85060,87733,9,2673,2,7200,1.00336700337
85079,85087,87846,8,2759,2,7200,1.0028996013
85226,85241,88053,15,2812,2,7200,1.00533428165
85241,85249,88418,8,3169,2,7200,1.00252445566
85256,85265,88252,9,2987,2,7200,1.00301305658
85271,85277,88143,6,2866,2,7200,1.00209351012
85359,85369,88813,10,3444,2,7200,1.00290360046
85389,85395,97652,6,12257,11,28800,1.00048951619
85465,85475,88502,10,3027,2,7200,1.00330360093
85481,85487,88514,6,3027,2,7200,1.00198216056
85517,85527,88629,10,3102,2,7200,1.00322372663
85657,85665,88698,8,3033,2,7200,1.00263765249
85672,85678,88750,6,3072,2,7200,1.001953125
85727,85736,88651,9,2915,2,7200,1.00308747856
85760,85769,88841,9,3072,2,7200,1.0029296875
85776,85786,88827,10,3041,2,7200,1.00328839198
85791,85797,88803,6,3006,2,7200,1.00199600798
85855,85867,88777,12,2910,2,7200,1.00412371134
85870,85877,88834,7,2957,2,7200,1.00236726412
85994,86002,89153,8,3151,2,7200,1.00253887655
86009,86016,89090,7,3074,2,7200,1.00227716331
86161,86171,88814,10,2643,2,7200,1.00378357927
86268,86278,89327,10,3049,2,7200,1.00327976386
86356,86365,89296,9,2931,2,7200,1.00307062436
86471,86479,89549,8,3070,2,7200,1.00260586319
86638,86648,89482,10,2834,2,7200,1.00352858151
86668,86676,89458,8,2782,2,7200,1.00287562904
86705,86713,89845,8,3132,2,7200,1.00255427842
86778,86788,89722,10,2934,2,7200,1.00340831629
86793,86801,89828,8,3027,2,7200,1.00264288074
87045,87054,89852,9,2798,2,7200,1.00321658327
87063,87069,90093,6,3024,2,7200,1.00198412698
87078,87084,90075,6,2991,2,7200,1.00200601805
87202,87210,90505,8,3295,2,7200,1.00242792109
87327,87336,90438,9,3102,2,7200,1.00290135397
87391,87399,90452,8,3053,2,7200,1.0026203734
87516,87525,90443,9,2918,2,7200,1.00308430432
87610,87620,90624,10,3004,2,7200,1.00332889481
87683,87693,90881,10,3188,2,7200,1.00313676286
87735,87745,90828,10,3083,2,7200,1.0032435939
87820,87830,90644,10,2814,2,7200,1.00355366027
87847,87857,90839,10,2982,2,7200,1.00335345406
87862,87872,91009,10,3137,2,7200,1.00318775901
88057,88065,90951,8,2886,2,7200,1.00277200277
88145,88155,90999,10,2844,2,7200,1.0035161744
88255,88264,91255,9,2991,2,7200,1.00300902708
88419,88429,91546,10,3117,2,7200,1.00320821303
88504,88513,91568,9,3055,2,7200,1.00294599018
88519,88525,91578,6,3053,2,7200,1.00196528005
88632,88640,91619,8,2979,2,7200,1.00268546492
88653,88662,91604,9,2942,2,7200,1.00305914344
88699,88709,91838,10,3129,2,7200,1.00319590924
88753,88761,91948,8,3187,2,7200,1.00251019768
88778,88788,91942,10,3154,2,7200,1.00317057705
88805,88814,91584,9,2770,2,7200,1.00324909747
88821,88827,91761,6,2934,2,7200,1.00204498978
88822,88833,91760,11,2927,2,7200,1.00375811411
88838,88844,91838,6,2994,2,7200,1.00200400802
88839,88850,91671,11,2821,2,7200,1.00389932648
88854,88861,91554,7,2693,2,7200,1.0025993316
89091,89101,92004,10,2903,2,7200,1.00344471237
89156,89164,92070,8,2906,2,7200,1.00275292498
89299,89308,92440,9,3132,2,7200,1.00287356322
89329,89338,92258,9,2920,2,7200,1.00308219178
89460,89469,92571,9,3102,2,7200,1.00290135397
89484,89493,92688,9,3195,2,7200,1.00281690141
89551,89560,92516,9,2956,2,7200,1.00304465494
89724,89733,92718,9,2985,2,7200,1.00301507538
89830,89839,92880,9,3041,2,7200,1.00295955278
89849,89856,92954,7,3098,2,7200,1.00225952227
89864,89870,92998,6,3128,2,7200,1.00191815857
90077,90086,93352,9,3266,2,7200,1.00275566442
90095,90104,92985,9,2881,2,7200,1.00312391531
90442,90450,93472,8,3022,2,7200,1.00264725347
90458,90463,93476,5,3013,2,7200,1.00165947561
90459,90470,93499,11,3029,2,7200,1.00363156157
90508,90516,93505,8,2989,2,7200,1.00267648043
90627,90635,93626,8,2991,2,7200,1.00267469074
90645,90655,93923,10,3268,2,7200,1.00305997552
90830,90840,93929,10,3089,2,7200,1.00323729362
90845,90851,93838,6,2987,2,7200,1.00200870439
90882,90892,94046,10,3154,2,7200,1.00317057705
90952,90962,93906,10,2944,2,7200,1.00339673913
91001,91010,93931,9,2921,2,7200,1.0030811366
91016,91022,94070,6,3048,2,7200,1.00196850394
91256,91266,94119,10,2853,2,7200,1.00350508237
91548,91558,94767,10,3209,2,7200,1.00311623559
91563,91569,94504,6,2935,2,7200,1.00204429302
91579,91585,94610,6,3025,2,7200,1.00198347107
91580,91591,94576,11,2985,2,7200,1.00368509213
91595,91601,94715,6,3114,2,7200,1.00192678227
91610,91617,94792,7,3175,2,7200,1.00220472441
91626,91632,94947,6,3315,2,7200,1.00180995475
91674,91682,94765,8,3083,2,7200,1.00259487512
91763,91772,95095,9,3323,2,7200,1.00270839603
91764,91777,95013,13,3236,2,7200,1.00401730532
91841,91849,95065,8,3216,2,7200,1.00248756219
91842,91855,94919,13,3064,2,7200,1.00424281984
91943,91955,94707,12,2752,2,7200,1.00436046512
91959,91965,94828,6,2863,2,7200,1.00209570381
92007,92015,94807,8,2792,2,7200,1.00286532951
92072,92081,95154,9,3073,2,7200,1.00292873414
92261,92269,95274,8,3005,2,7200,1.00266222962
92443,92452,95393,9,2941,2,7200,1.00306018361
92519,92527,95718,8,3191,2,7200,1.00250705108
92574,92582,95719,8,3137,2,7200,1.0025502072
92689,92699,95848,10,3149,2,7200,1.00317561131
92720,92729,95783,9,3054,2,7200,1.00294695481
92881,92891,95891,10,3000,2,7200,1.00333333333
92957,92965,96139,8,3174,2,7200,1.00252047889
92987,92996,96105,9,3109,2,7200,1.00289482149
93002,93009,96013,7,3004,2,7200,1.00233022636
93355,93363,96176,8,2813,2,7200,1.00284393886
93474,93483,96397,9,2914,2,7200,1.00308853809
93489,93495,96821,6,3326,2,7200,1.00180396873
93504,93510,96618,6,3108,2,7200,1.00193050193
93519,93526,96552,7,3026,2,7200,1.00231328486
93628,93637,96710,9,3073,2,7200,1.00292873414
93841,93849,97060,8,3211,2,7200,1.00249143569
93908,93917,96915,9,2998,2,7200,1.00300200133
93926,93934,97219,8,3285,2,7200,1.00243531202
93942,93948,97081,6,3133,2,7200,1.00191509735
93943,93954,96920,11,2966,2,7200,1.00370869858
94050,94057,96941,7,2884,2,7200,1.00242718447
94074,94082,97151,8,3069,2,7200,1.00260671228
94123,94131,96717,8,2586,2,7200,1.00309358082
94505,94515,97457,10,2942,2,7200,1.00339904827
94585,94591,97615,6,3024,2,7200,1.00198412698
94615,94621,97704,6,3083,2,7200,1.00194615634
94712,94718,97494,6,2776,2,7200,1.00216138329
94727,94733,97838,6,3105,2,7200,1.00193236715
94766,94776,97910,10,3134,2,7200,1.00319081047
94781,94787,97650,6,2863,2,7200,1.00209570381
94796,94803,97849,7,3046,2,7200,1.00229809586
94811,94819,97755,8,2936,2,7200,1.00272479564
94829,94839,97895,10,3056,2,7200,1.00327225131
94920,94930,97865,10,2935,2,7200,1.00340715503
94948,94958,98089,10,3131,2,7200,1.00319386777
95015,95025,98018,10,2993,2,7200,1.0033411293
95067,95077,97907,10,2830,2,7200,1.0035335689
95093,95099,95111,6,12,1,3600,1.5
95097,95106,97945,9,2839,2,7200,1.00317013033
95155,95166,98355,11,3189,2,7200,1.00344935717
95226,95232,95394,6,162,1,3600,1.03703703704
95277,95285,98412,8,3127,2,7200,1.00255836265
95393,95404,98615,11,3211,2,7200,1.00342572407
95557,95570,95957,13,387,1,3600,1.03359173127
95720,95730,98636,10,2906,2,7200,1.00344115623
95721,95735,98980,14,3245,2,7200,1.00431432974
95785,95794,98931,9,3137,2,7200,1.0028689831
95849,95859,98660,10,2801,2,7200,1.00357015352
95892,95902,98907,10,3005,2,7200,1.00332778702
96016,96025,99377,9,3352,2,7200,1.0026849642
96107,96116,99282,9,3166,2,7200,1.00284270373
96140,96150,99302,10,3152,2,7200,1.00317258883
96179,96187,99162,8,2975,2,7200,1.00268907563
96220,96226,96911,6,685,1,3600,1.00875912409
96399,96408,99318,9,2910,2,7200,1.00309278351
96553,96563,99449,10,2886,2,7200,1.00346500347
96620,96630,99589,10,2959,2,7200,1.00337952011
96712,96721,99484,9,2763,2,7200,1.00325732899
96727,96733,99746,6,3013,2,7200,1.00199137073
96824,96832,99795,8,2963,2,7200,1.00269996625
96919,96926,99954,7,3028,2,7200,1.00231175694
96935,96941,100007,6,3066,2,7200,1.00195694716
96950,96956,100008,6,3052,2,7200,1.00196592398
97063,97072,100086,9,3014,2,7200,1.00298606503
97085,97093,100172,8,3079,2,7200,1.00259824618
97154,97162,100164,8,3002,2,7200,1.00266489007
97221,97230,100454,9,3224,2,7200,1.00279156328
97459,97468,100673,9,3205,2,7200,1.00280811232
97496,97506,100498,10,2992,2,7200,1.00334224599
97530,97536,97564,6,28,1,3600,1.21428571429
97618,97626,100569,8,2943,2,7200,1.00271831464
97651,97662,100738,11,3076,2,7200,1.00357607282
97708,97715,100791,7,3076,2,7200,1.0022756827
97730,97736,97844,6,108,1,3600,1.05555555556
97757,97766,101014,9,3248,2,7200,1.00277093596
97842,97849,100863,7,3014,2,7200,1.00232249502
97857,97864,100822,7,2958,2,7200,1.00236646383
97872,97879,100850,7,2971,2,7200,1.00235610905
97896,97906,100904,10,2998,2,7200,1.00333555704
97912,97918,100982,6,3064,2,7200,1.00195822454
97913,97924,101043,11,3119,2,7200,1.0035267714
97947,97956,100978,9,3022,2,7200,1.00297816016
97985,97991,98341,6,350,1,3600,1.01714285714
98019,98029,100971,10,2942,2,7200,1.00339904827
98092,98100,100854,8,2754,2,7200,1.00290486565
98364,98370,101304,6,2934,2,7200,1.00204498978
98404,98423,101729,19,3306,2,7200,1.00574712644
98617,98626,101531,9,2905,2,7200,1.00309810671
98639,98647,101878,8,3231,2,7200,1.00247601362
98663,98671,101475,8,2804,2,7200,1.00285306705
98701,98707,99411,6,704,1,3600,1.00852272727
98914,98919,101647,5,2728,2,7200,1.00183284457
98932,98942,101818,10,2876,2,7200,1.00347705146
98981,98991,102015,10,3024,2,7200,1.00330687831
99163,99173,102229,10,3056,2,7200,1.00327225131
99251,99257,99265,6,8,1,1800,1.4
99285,99293,102372,8,3079,2,7200,1.00259824618
99303,99314,102336,11,3022,2,7200,1.00363997353
99318,99329,102177,11,2848,2,7200,1.00386235955
99379,99389,102576,10,3187,2,7200,1.0031377471
99417,99423,99545,6,122,1,1800,1.04918032787
99460,99466,102594,6,3128,2,7200,1.00191815857
99463,99472,99654,9,182,1,3600,1.04945054945
99488,99496,102349,8,2853,2,7200,1.0028040659
99591,99600,102396,9,2796,2,7200,1.00321888412
99753,99760,102563,7,2803,2,7200,1.0024973243
99796,99806,102914,10,3108,2,7200,1.00321750322
99819,99830,99931,11,101,1,1800,1.10891089109
99819,99825,100187,6,362,1,3600,1.01657458564
99961,99967,102915,6,2948,2,7200,1.00203527815
100010,100017,103391,7,3374,2,7200,1.0020746888
100011,100024,102978,13,2954,2,7200,1.00440081246
100087,100097,103199,10,3102,2,7200,1.00322372663
100167,100175,103379,8,3204,2,7200,1.0024968789
100181,100188,103015,7,2827,2,7200,1.0024761231
100437,100444,101160,7,716,1,3600,1.00977653631
100459,100464,103627,5,3163,2,7200,1.00158077774
100461,100471,100932,10,461,1,1800,1.02169197397
100501,100510,103699,9,3189,2,7200,1.00282220132
100571,100580,103559,9,2979,2,7200,1.00302114804
100674,100684,103772,10,3088,2,7200,1.00323834197
100742,100749,103738,7,2989,2,7200,1.00234192037
100794,100806,103802,12,2996,2,7200,1.00400534045
100824,100833,103792,9,2959,2,7200,1.0030415681
100851,100862,103493,11,2631,2,7200,1.0041809198
100867,100873,103637,6,2764,2,7200,1.002170767
100868,100879,103712,11,2833,2,7200,1.00388280974
100907,100915,104147,8,3232,2,7200,1.00247524752
100975,100982,104105,7,3123,2,7200,1.00224143452
100990,100997,104083,7,3086,2,7200,1.00226830849
100992,101003,104010,11,3007,2,7200,1.00365813103
101016,101026,103789,10,2763,2,7200,1.00361925443
101044,101054,103988,10,2934,2,7200,1.00340831629
101308,101315,104398,7,3083,2,7200,1.00227051573
101479,101487,104691,8,3204,2,7200,1.0024968789
101533,101543,104730,10,3187,2,7200,1.0031377471
101650,101658,104805,8,3147,2,7200,1.00254210359
101732,101740,104427,8,2687,2,7200,1.0029772981
101767,101773,101789,6,16,1,1800,1.375
101825,101832,105010,7,3178,2,7200,1.00220264317
101880,101889,104959,9,3070,2,7200,1.00293159609
101956,101962,102033,6,71,1,1800,1.08450704225
102018,102027,105297,9,3270,2,7200,1.00275229358
102111,102118,102231,7,113,1,3600,1.06194690265
102180,102189,105115,9,2926,2,7200,1.0030758715
102231,102241,105434,10,3193,2,7200,1.00313185092
102297,102303,102443,6,140,1,1800,1.04285714286
102340,102347,105348,7,3001,2,7200,1.00233255581
102355,102361,105074,6,2713,2,7200,1.0022115739
102374,102380,102708,6,328,1,3600,1.01829268293
102374,102386,105401,12,3015,2,7200,1.0039800995
102398,102407,105346,9,2939,2,7200,1.00306226608
102566,102574,105472,8,2898,2,7200,1.0027605245
102581,102587,105382,6,2795,2,7200,1.00214669052
102596,102606,105625,10,3019,2,7200,1.00331235508
102919,102925,106306,6,3381,2,7200,1.00177462289
102921,102931,105817,10,2886,2,7200,1.00346500347
102954,102960,103577,6,617,1,3600,1.00972447326
102978,102989,106100,11,3111,2,7200,1.00353584057
103015,103026,106054,11,3028,2,7200,1.0036327609
103147,103153,103552,6,399,1,1800,1.01503759398
103197,103210,106097,13,2887,2,7200,1.00450294423
103382,103390,106465,8,3075,2,7200,1.00260162602
103397,103404,106276,7,2872,2,7200,1.00243732591
103495,103504,106351,9,2847,2,7200,1.00316122234
103562,103570,106648,8,3078,2,7200,1.00259909032
103631,103638,106825,7,3187,2,7200,1.00219642297
103646,103652,106961,6,3309,2,7200,1.00181323663
103701,103710,106567,9,2857,2,7200,1.00315015751
103716,103723,106528,7,2805,2,7200,1.00249554367
103740,103749,106889,9,3140,2,7200,1.00286624204
103774,103783,106973,9,3190,2,7200,1.00282131661
103793,103801,106761,8,2960,2,7200,1.0027027027
103794,103808,106913,14,3105,2,7200,1.00450885668
103810,103816,106825,6,3009,2,7200,1.00199401795
103992,103999,107098,7,3099,2,7200,1.00225879316
104014,104022,107327,8,3305,2,7200,1.00242057489
104084,104094,107119,10,3025,2,7200,1.00330578512
104109,104117,107242,8,3125,2,7200,1.00256
104148,104158,107288,10,3130,2,7200,1.00319488818
104401,104410,107469,9,3059,2,7200,1.00294213795
104429,104438,107295,9,2857,2,7200,1.00315015751
104693,104702,107785,9,3083,2,7200,1.00291923451
104732,104741,107752,9,3011,2,7200,1.00298904019
104808,104816,108092,8,3276,2,7200,1.00244200244
104960,104970,108085,10,3115,2,7200,1.00321027287
105012,105021,108075,9,3054,2,7200,1.00294695481
105077,105085,107825,8,2740,2,7200,1.00291970803
105116,105126,108318,10,3192,2,7200,1.00313283208
105298,105308,108407,10,3099,2,7200,1.00322684737
105347,105357,108567,10,3210,2,7200,1.0031152648
105362,105368,108519,6,3151,2,7200,1.00190415741
105383,105393,108360,10,2967,2,7200,1.00337040782
105402,105412,108476,10,3064,2,7200,1.00326370757
105435,105445,108709,10,3264,2,7200,1.00306372549
105469,105483,108478,14,2995,2,7200,1.00467445743
105627,105636,108626,9,2990,2,7200,1.00301003344
105817,105828,108812,11,2984,2,7200,1.00368632708
106057,106065,109014,8,2949,2,7200,1.00271278399
106099,106108,109173,9,3065,2,7200,1.00293637847
106115,106121,109103,6,2982,2,7200,1.00201207243
106279,106288,109250,9,2962,2,7200,1.00303848751
106307,106317,109493,10,3176,2,7200,1.00314861461
106352,106362,109596,10,3234,2,7200,1.00309214595
106468,106477,109505,9,3028,2,7200,1.00297225892
106529,106540,109614,11,3074,2,7200,1.00357839948
106561,106567,106687,6,120,1,1800,1.05
106569,106578,109353,9,2775,2,7200,1.00324324324
106651,106659,109667,8,3008,2,7200,1.00265957447
106764,106772,109522,8,2750,2,7200,1.00290909091
106826,106836,109826,10,2990,2,7200,1.00334448161
106827,106843,109792,16,2949,2,7200,1.00542556799
106891,106900,110017,9,3117,2,7200,1.00288739172
106915,106924,109847,9,2923,2,7200,1.0030790284
106955,106961,107097,6,136,1,1800,1.04411764706
106964,106972,110195,8,3223,2,7200,1.00248215948
106979,106985,109932,6,2947,2,7200,1.00203596878
107100,107111,110224,11,3113,2,7200,1.0035335689
107126,107133,110075,7,2942,2,7200,1.00237933379
107245,107253,110181,8,2928,2,7200,1.00273224044
107291,107299,110142,8,2843,2,7200,1.00281392895
107306,107312,109975,6,2663,2,7200,1.00225309801
107330,107338,110694,8,3356,2,7200,1.00238379023
107471,107480,110127,9,2647,2,7200,1.00340007556
107734,107740,108184,6,444,1,1800,1.01351351351
107754,107763,110775,9,3012,2,7200,1.00298804781
107788,107796,110895,8,3099,2,7200,1.0025814779
107828,107837,111063,9,3226,2,7200,1.00278983261
108077,108086,111079,9,2993,2,7200,1.00300701637
108093,108099,111051,6,2952,2,7200,1.00203252033
108094,108105,111201,11,3096,2,7200,1.00355297158
108321,108329,111266,8,2937,2,7200,1.00272386789
108363,108371,111139,8,2768,2,7200,1.00289017341
108409,108418,111466,9,3048,2,7200,1.00295275591
108480,108487,111585,7,3098,2,7200,1.00225952227
108481,108493,111887,12,3394,2,7200,1.00353565115
108520,108530,111793,10,3263,2,7200,1.00306466442
108569,108579,111618,10,3039,2,7200,1.0032905561
108627,108637,111739,10,3102,2,7200,1.00322372663
108712,108721,111904,9,3183,2,7200,1.00282752121
108815,108823,111801,8,2978,2,7200,1.00268636669
109015,109025,112145,10,3120,2,7200,1.00320512821
109107,109114,112053,7,2939,2,7200,1.0023817625
109176,109184,112249,8,3065,2,7200,1.00261011419
109253,109261,112203,8,2942,2,7200,1.00271923861
109356,109364,112194,8,2830,2,7200,1.00282685512
109438,109445,109549,7,104,1,1800,1.06730769231
109496,109504,112287,8,2783,2,7200,1.00287459576
109511,109517,112780,6,3263,2,7200,1.00183879865
109526,109533,112577,7,3044,2,7200,1.00229960578
109600,109607,112522,7,2915,2,7200,1.00240137221
109615,109625,112631,10,3006,2,7200,1.00332667997
109669,109678,112734,9,3056,2,7200,1.00294502618
109794,109803,112663,9,2860,2,7200,1.00314685315
109819,109825,109919,6,94,1,1800,1.06382978723
109827,109838,112867,11,3029,2,7200,1.00363156157
109849,109858,112946,9,3088,2,7200,1.00291450777
109935,109943,112835,8,2892,2,7200,1.00276625173
109978,109986,113007,8,3021,2,7200,1.00264812976
110020,110028,112853,8,2825,2,7200,1.00283185841
110078,110086,113209,8,3123,2,7200,1.00256163945
110130,110138,113160,8,3022,2,7200,1.00264725347
110144,110153,112987,9,2834,2,7200,1.00317572336
110184,110192,113036,8,2844,2,7200,1.00281293952
110199,110206,113213,7,3007,2,7200,1.00232790156
110226,110235,113183,9,2948,2,7200,1.00305291723
110597,110603,110937,6,334,1,1800,1.01796407186
110695,110705,113589,10,2884,2,7200,1.00346740638
110777,110786,113868,9,3082,2,7200,1.0029201817
110898,110906,113812,8,2906,2,7200,1.00275292498
111075,111081,114277,6,3196,2,7200,1.00187734668
111076,111088,114014,12,2926,2,7200,1.004101162
111092,111098,114187,6,3089,2,7200,1.00194237617
111141,111150,114261,9,3111,2,7200,1.00289296046
111205,111212,114464,7,3252,2,7200,1.00215252153
111269,111278,114257,9,2979,2,7200,1.00302114804
111469,111477,114499,8,3022,2,7200,1.00264725347
111588,111596,114691,8,3095,2,7200,1.00258481422
111619,111629,114425,10,2796,2,7200,1.00357653791
111741,111751,114599,10,2848,2,7200,1.00351123596
111796,111804,114793,8,2989,2,7200,1.00267648043
111811,111818,114819,7,3001,2,7200,1.00233255581
111887,111898,114831,11,2933,2,7200,1.00375042618
111906,111915,114926,9,3011,2,7200,1.00298904019
112055,112064,114863,9,2799,2,7200,1.00321543408
112147,112156,115098,9,2942,2,7200,1.00305914344
112195,112205,114966,10,2761,2,7200,1.00362187613
112210,112217,115264,7,3047,2,7200,1.00229734165
112250,112260,115374,10,3114,2,7200,1.00321130379
112290,112298,115427,8,3129,2,7200,1.00255672739
112525,112533,115260,8,2727,2,7200,1.0029336267
112580,112588,115768,8,3180,2,7200,1.00251572327
112632,112642,115899,10,3257,2,7200,1.0030703101
112666,112674,115686,8,3012,2,7200,1.0026560425
112736,112745,115565,9,2820,2,7200,1.00319148936
112782,112791,115583,9,2792,2,7200,1.0032234957
112836,112847,116075,11,3228,2,7200,1.00340768278
112852,112864,115802,12,2938,2,7200,1.00408441116
112870,112879,115925,9,3046,2,7200,1.00295469468
112949,112957,115681,8,2724,2,7200,1.00293685756
112989,112998,115751,9,2753,2,7200,1.00326916092
113017,113023,116191,6,3168,2,7200,1.00189393939
113032,113047,116120,15,3073,2,7200,1.00488122356
113163,113171,116040,8,2869,2,7200,1.00278842802
113184,113194,116191,10,2997,2,7200,1.00333667
113212,113220,115996,8,2776,2,7200,1.00288184438
113228,113234,116191,6,2957,2,7200,1.00202908353
113388,113395,113429,7,34,16,600,1.20588235294
113389,113400,113434,11,34,16,600,1.32352941176
113389,113405,113440,16,35,16,600,1.45714285714
113389,113411,113445,22,34,16,600,1.64705882353
113390,113428,113463,38,35,16,600,2.08571428571
113390,113440,113452,50,12,16,600,5.16666666667
113390,113422,113456,32,34,16,600,1.94117647059
113390,113417,113452,27,35,16,600,1.77142857143
113391,113447,113458,56,11,16,600,6.09090909091
113391,113459,113468,68,9,16,600,7.7
113421,113464,115586,43,2122,1,86400,1.02026390198
113588,113594,113766,6,172,16,600,1.03488372093
113588,113599,113774,11,175,16,600,1.06285714286
113589,113623,113789,34,166,16,600,1.20481927711
113589,113612,113783,23,171,16,600,1.13450292398
113589,113617,114246,28,629,16,600,1.04451510334
113590,113628,113813,38,185,16,600,1.20540540541
113590,113777,113904,187,127,16,600,2.47244094488
113590,113785,113899,195,114,16,600,2.71052631579
113591,113806,113917,215,111,16,600,2.93693693694
113591,113799,113916,208,117,16,600,2.77777777778
113592,113606,116191,14,2585,2,7200,1.00541586074
113665,113672,134295,7,20623,1,86400,1.00033942685
113732,113738,286550,6,172812,1,172800,1.00003471981
113786,113792,286606,6,172814,1,172800,1.00003471941
113816,113823,116191,7,2368,2,7200,1.00295608108
113845,113851,113858,6,7,1,172800,1.3
113871,113879,116191,8,2312,2,7200,1.00346020761
114017,114025,116191,8,2166,2,7200,1.00369344414
114190,114198,116191,8,1993,2,7200,1.00401404917
114261,114272,116191,11,1919,2,7200,1.00573215216
114262,114278,116191,16,1913,2,7200,1.00836382645
114279,114288,116191,9,1903,2,7200,1.00472937467
114428,114436,116191,8,1755,2,7200,1.00455840456
114467,114475,116191,8,1716,2,7200,1.00466200466
114501,114510,116191,9,1681,2,7200,1.00535395598
114601,114610,116191,9,1581,2,7200,1.00569259962
114693,114703,116191,10,1488,2,7200,1.00672043011
114792,114799,287600,7,172801,1,172800,1.00004050902
114797,114805,116191,8,1386,2,7200,1.00577200577
114821,114830,116191,9,1361,2,7200,1.00661278472
114836,114842,116191,6,1349,2,7200,1.00444773907
114867,114875,116191,8,1316,2,7200,1.00607902736
114928,114938,116191,10,1253,2,7200,1.00798084597
114968,114977,116191,9,1214,2,7200,1.00741350906
115098,115109,116191,11,1082,2,7200,1.0101663586
115263,115272,116191,9,919,2,7200,1.00979325354
115264,115279,116191,15,912,2,7200,1.01644736842
115378,115385,116191,7,806,2,7200,1.00868486352
115431,115438,116191,7,753,2,7200,1.00929614874
115568,115577,116191,9,614,2,7200,1.01465798046
115587,115594,116191,7,597,2,7200,1.01172529313
115684,115693,116191,9,498,2,7200,1.01807228916
115699,115705,116192,6,487,2,7200,1.01232032854
115706,115712,116888,6,1176,1,14400,1.00510204082
115754,115764,116192,10,428,2,7200,1.02336448598
115772,115779,116192,7,413,2,7200,1.01694915254
115800,115813,116192,13,379,2,7200,1.03430079156
115901,115910,116192,9,282,2,7200,1.03191489362
115928,115936,116192,8,256,2,7200,1.03125
115999,116007,116192,8,185,2,7200,1.04324324324
116041,116051,116192,10,141,2,7200,1.07092198582
116078,116086,116192,8,106,2,7200,1.07547169811
116115,116122,119407,7,3285,1,14400,1.00213089802
116124,116132,116192,8,60,2,7200,1.13333333333
116215,116221,118989,6,2768,2,7200,1.00216763006
116216,116227,119235,11,3008,2,7200,1.00365691489
116218,116232,118943,14,2711,2,7200,1.00516414607
116219,116238,119296,19,3058,2,7200,1.00621321125
116220,116243,119214,23,2971,2,7200,1.00774150118
116222,116249,119158,27,2909,2,7200,1.00928154005
116223,116254,119334,31,3080,2,7200,1.01006493506
116225,116260,119378,35,3118,2,7200,1.01122514432
116226,116265,119170,39,2905,2,7200,1.01342512909
116228,116271,119306,43,3035,2,7200,1.01416803954
116229,116276,119768,47,3492,2,7200,1.01345933562
116230,116281,119371,51,3090,2,7200,1.01650485437
116232,116287,119371,55,3084,2,7200,1.01783398184
116233,116292,119440,59,3148,2,7200,1.01874205845
116234,116297,119452,63,3155,2,7200,1.01996830428
116236,116303,119202,67,2899,2,7200,1.02311141773
116237,116308,119426,71,3118,2,7200,1.02277100706
116238,116314,119167,76,2853,2,7200,1.02663862601
116240,116319,119613,79,3294,2,7200,1.02398299939
116241,116324,119333,83,3009,2,7200,1.02758391492
116296,116331,119084,35,2753,2,7200,1.01271340356
116352,116358,119262,6,2904,2,7200,1.0020661157
116485,116491,116600,6,109,2,7200,1.05504587156
116486,116497,116600,11,103,2,7200,1.1067961165
116488,116503,116600,15,97,2,7200,1.15463917526
116489,116508,116600,19,92,2,7200,1.20652173913
116491,116513,116600,22,87,2,7200,1.25287356322
116578,116584,117408,6,824,1,86400,1.0072815534
116631,116637,119755,6,3118,2,7200,1.00192431046
116632,116644,119477,12,2833,2,7200,1.00423579245
116634,116649,119515,15,2866,2,7200,1.0052337753
116635,116655,119594,20,2939,2,7200,1.00680503573
116637,116660,119776,23,3116,2,7200,1.00738125802
116638,116665,119367,27,2702,2,7200,1.00999259808
116640,116672,119888,32,3216,2,7200,1.00995024876
116641,116678,119823,37,3145,2,7200,1.01176470588
116642,116683,119623,41,2940,2,7200,1.01394557823
116644,116688,119760,44,3072,2,7200,1.01432291667
116645,116694,119535,49,2841,2,7200,1.01724744808
116647,116699,120070,52,3371,2,7200,1.01542568971
116648,116705,119722,57,3017,2,7200,1.01889294001
116650,116710,119641,60,2931,2,7200,1.02047082907
116651,116716,119551,65,2835,2,7200,1.02292768959
116653,116721,119605,68,2884,2,7200,1.02357836338
116654,116726,119702,72,2976,2,7200,1.02419354839
116656,116732,119798,76,3066,2,7200,1.02478799739
116657,119000,122069,2343,3069,2,7200,1.76344086022
116658,119246,122422,2588,3176,2,7200,1.81486146096
116660,118955,122135,2295,3180,2,7200,1.72169811321
116661,119308,122310,2647,3002,2,7200,1.881745503
116663,119225,122382,2562,3157,2,7200,1.81152993348
116666,119169,122065,2503,2896,2,7200,1.86429558011
116667,119351,122396,2684,3045,2,7200,1.88144499179
116668,119378,122477,2710,3099,2,7200,1.8744756373
116670,119186,122421,2516,3235,2,7200,1.77774343122
116671,119318,122154,2647,2836,2,7200,1.93335684062
116673,119397,122349,2724,2952,2,7200,1.92276422764
116674,119780,122872,3106,3092,2,7200,2.00452781371
116676,119386,122242,2710,2856,2,7200,1.94887955182
116677,119391,122441,2714,3050,2,7200,1.88983606557
116679,119451,122384,2772,2933,2,7200,1.94510739857
116680,119214,122183,2534,2969,2,7200,1.85348602223
116682,119463,122417,2781,2954,2,7200,1.94143534191
116683,119179,122057,2496,2878,2,7200,1.86726893676
116684,119437,122559,2753,3122,2,7200,1.88180653427
116686,119345,122201,2659,2856,2,7200,1.93102240896
116687,119096,122025,2409,2929,2,7200,1.82246500512
116689,119274,122297,2585,3023,2,7200,1.85511081707
116696,116738,121016,42,4278,8,14400,1.00981767181
117188,117195,117553,7,358,4,600,1.01955307263
117189,117207,117553,18,346,4,600,1.05202312139
117189,117200,117566,11,366,4,600,1.03005464481
117189,117212,117556,23,344,4,600,1.06686046512
117190,117218,117558,28,340,4,600,1.08235294118
117190,117223,117558,33,335,4,600,1.09850746269
117190,117229,117559,39,330,4,600,1.11818181818
117191,117245,117566,54,321,4,600,1.16822429907
117191,117234,117554,43,320,4,600,1.134375
117191,117239,117566,48,327,4,600,1.14678899083
117192,117250,117560,58,310,4,600,1.18709677419
117443,117450,120870,7,3420,1,86400,1.00204678363
117550,117557,119360,7,1803,1,14400,1.00388241819
119277,119284,202923,7,83639,12,86400,1.00008369301
119324,119624,122459,300,2835,2,7200,1.10582010582
119339,119766,123196,427,3430,2,7200,1.12448979592
119341,119488,122566,147,3078,2,7200,1.0477582846
119369,119527,122446,158,2919,2,7200,1.05412812607
119374,119605,122427,231,2822,2,7200,1.08185683912
119376,119787,122651,411,2864,2,7200,1.14350558659
119391,119899,122976,508,3077,2,7200,1.1650958726
119427,119834,122915,407,3081,2,7200,1.13209996754
119442,119635,122680,193,3045,2,7200,1.06338259442
119457,119774,122699,317,2925,2,7200,1.10837606838
119478,119552,122806,74,3254,2,7200,1.02274124155
119518,120081,123016,563,2935,2,7200,1.19182282794
119533,119540,131276,7,11736,16,18000,1.00059645535
119533,119545,134361,12,14816,16,18000,1.00080993521
119536,119654,122742,118,3088,2,7200,1.03821243523
119536,119737,122543,201,2806,2,7200,1.07163221668
119538,119563,122507,25,2944,2,7200,1.00849184783
119551,119617,122571,66,2954,2,7200,1.02234258632
119596,119730,122490,134,2760,2,7200,1.04855072464
119611,119809,122681,198,2872,2,7200,1.06894150418
119614,122146,125038,2532,2892,2,7200,1.8755186722
119626,122083,125064,2457,2981,2,7200,1.82422006038
119644,122036,124849,2392,2813,2,7200,1.85033771774
119705,122076,125217,2371,3141,2,7200,1.75485514167
119707,119713,123423,6,3710,4,3600,1.00161725067
119723,122068,124998,2345,2930,2,7200,1.80034129693
119756,122435,125274,2679,2839,2,7200,1.94364212751
119771,122393,125485,2622,3092,2,7200,1.84799482536
119771,122194,124876,2423,2682,2,7200,1.90343027591
119785,122441,125580,2656,3139,2,7200,1.84612934055
119800,122308,125402,2508,3094,2,7200,1.81060116354
119824,122321,125516,2497,3195,2,7200,1.78153364632
119890,122166,125097,2276,2931,2,7200,1.77652678267
119959,122212,125007,2253,2795,2,7200,1.8060822898
119985,119992,132761,7,12769,16,18000,1.00054820268
120071,122408,125493,2337,3085,2,7200,1.75753646677
120387,120394,120844,7,450,1,86400,1.01555555556
120482,120494,120510,12,16,1,600,1.75
120482,120489,120507,7,18,1,600,1.38888888889
120483,120506,120563,23,57,1,600,1.40350877193
120483,120512,120562,29,50,1,600,1.58
120483,120500,120562,17,62,1,600,1.27419354839
120484,120517,120564,33,47,1,600,1.70212765957
120484,120528,120564,44,36,1,600,2.22222222222
120484,120523,120564,39,41,1,600,1.9512195122
120485,120545,120586,60,41,1,600,2.46341463415
120485,120534,120567,49,33,1,600,2.48484848485
120485,120539,120567,54,28,1,600,2.92857142857
120729,122488,125611,1759,3123,2,7200,1.5632404739
120856,120863,183052,7,62189,1,86400,1.0001125601
120871,120878,120900,7,22,1,86400,1.31818181818
120984,120991,124595,7,3604,1,86400,1.00194228635
121062,121069,183982,7,62913,12,86400,1.00011126476
121288,122253,125209,965,2956,2,7200,1.32645466847
121697,122454,125472,757,3018,2,7200,1.25082836315
121787,122360,125362,573,3002,2,7200,1.1908727515
121890,122570,125549,680,2979,2,7200,1.22826451829
121904,122401,125305,497,2904,2,7200,1.17114325069
122033,122428,125361,395,2933,2,7200,1.13467439482
122060,122577,125363,517,2786,2,7200,1.1855707107
122075,122461,125501,386,3040,2,7200,1.12697368421
122076,122818,125588,742,2770,2,7200,1.2678700361
122136,122519,125734,383,3215,2,7200,1.11912908243
122154,122448,125351,294,2903,2,7200,1.10127454358
122184,122583,125380,399,2797,2,7200,1.14265284233
122202,122471,125426,269,2955,2,7200,1.0910321489
122244,122691,125798,447,3107,2,7200,1.14386868362
122317,122753,125837,436,3084,2,7200,1.14137483787
122319,122503,125853,184,3350,2,7200,1.05492537313
122353,122555,125567,202,3012,2,7200,1.06706507304
122382,123207,126109,825,2902,2,7200,1.28428669883
122408,122710,125628,302,2918,2,7200,1.10349554489
122409,122883,125817,474,2934,2,7200,1.16155419223
122436,122662,125340,226,2678,2,7200,1.08439133682
122436,122698,125773,262,3075,2,7200,1.08520325203
122437,122927,125670,490,2743,2,7200,1.17863652935
122439,122988,125722,549,2734,2,7200,1.20080468178
122463,123027,126056,564,3029,2,7200,1.18620006603
122463,124860,127852,2397,2992,2,7200,1.80113636364
122464,125010,128252,2546,3242,2,7200,1.78531770512
122479,125229,128279,2750,3050,2,7200,1.90163934426
122493,125075,127904,2582,2829,2,7200,1.91268999647
122508,125050,128096,2542,3046,2,7200,1.83453709783
122544,125108,127938,2564,2830,2,7200,1.90600706714
122559,124887,127868,2328,2981,2,7200,1.78094599128
122568,125019,127955,2451,2936,2,7200,1.83480926431
122574,125220,128206,2646,2986,2,7200,1.88613529806
122652,125413,128558,2761,3145,2,7200,1.87790143084
122683,125527,128530,2844,3003,2,7200,1.94705294705
122683,125380,128089,2697,2709,2,7200,1.99557032115
122700,125496,128184,2796,2688,2,7200,2.04017857143
122743,125316,128050,2573,2734,2,7200,1.94111192392
122809,125504,128270,2695,2766,2,7200,1.97433116414
122873,125372,128578,2499,3206,2,7200,1.77947598253
122918,125591,128607,2673,3016,2,7200,1.88627320955
122978,125285,128281,2307,2996,2,7200,1.77002670227
123017,125362,128355,2345,2993,2,7200,1.78349482125
123198,125483,128273,2285,2790,2,7200,1.81899641577
123208,123214,123223,6,9,4,108000,1.5
123255,123262,206156,7,82894,4,108000,1.0000844452
123342,123349,206158,7,82809,4,108000,1.00008453187
123634,123641,124819,7,1178,1,3600,1.00594227504
124039,124046,124698,7,652,1,3600,1.01073619632
124039,124051,124834,12,783,1,3600,1.0153256705
124039,124057,124816,18,759,1,3600,1.02371541502
124040,124064,125089,24,1025,1,3600,1.02341463415
124244,124256,124311,12,55,1,600,1.21818181818
124244,124251,124303,7,52,1,600,1.13461538462
124245,124273,124718,28,445,1,600,1.06292134831
124245,124268,124321,23,53,1,600,1.43396226415
124245,124261,124313,16,52,1,600,1.30769230769
124246,124279,124338,33,59,1,600,1.5593220339
124246,124290,124346,44,56,1,600,1.78571428571
124246,124295,124359,49,64,1,600,1.765625
124246,124284,124345,38,61,1,600,1.62295081967
124247,124301,124360,54,59,1,600,1.91525423729
124247,124306,124370,59,64,1,600,1.921875
124612,124618,135278,6,10660,16,14400,1.00056285178
124696,124703,211131,7,86428,1,86400,1.00008099227
124864,125513,128532,649,3019,2,7200,1.21497184498
124879,125438,128422,559,2984,2,7200,1.18733243968
124924,124931,151668,7,26737,10,43200,1.00026180948
124999,125622,128557,623,2935,2,7200,1.21226575809
125010,125864,128889,854,3025,2,7200,1.28231404959
125040,125745,128577,705,2832,2,7200,1.24894067797
125065,125579,128335,514,2756,2,7200,1.18650217707
125098,125560,128604,462,3044,2,7200,1.1517739816
125169,125176,137522,7,12346,10,43200,1.00056698526
125212,125385,128450,173,3065,2,7200,1.05644371941
125219,125392,128212,173,2820,2,7200,1.06134751773
125276,125352,128222,76,2870,2,7200,1.02648083624
125306,125810,128709,504,2899,2,7200,1.17385305278
125342,125784,128802,442,3018,2,7200,1.1464546057
125354,125639,128331,285,2692,2,7200,1.1058692422
125363,125848,128798,485,2950,2,7200,1.16440677966
125369,125600,128928,231,3328,2,7200,1.06941105769
125370,125828,129123,458,3295,2,7200,1.13899848255
125384,135290,149548,9906,14258,10,28800,1.69476784963
125385,125682,128638,297,2956,2,7200,1.10047361299
125403,125734,128528,331,2794,2,7200,1.11846814603
125426,126068,128898,642,2830,2,7200,1.22685512367
125475,126120,128856,645,2736,2,7200,1.23574561404
125490,127863,130932,2373,3069,2,7200,1.77321603128
125496,127879,131029,2383,3150,2,7200,1.75650793651
125511,128264,131268,2753,3004,2,7200,1.91644474035
125525,127966,131253,2441,3287,2,7200,1.74262245208
125550,128107,130928,2557,2821,2,7200,1.90641616448
125570,127916,130893,2346,2977,2,7200,1.78804165267
125585,127956,130750,2371,2794,2,7200,1.84860415175
125599,128219,131426,2620,3207,2,7200,1.81696289367
125614,128296,131303,2682,3007,2,7200,1.891918856
125629,128302,130963,2673,2661,2,7200,2.00450958286
125671,128062,131209,2391,3147,2,7200,1.75977121068
125725,128235,131032,2510,2797,2,7200,1.89739006078
125740,128366,131748,2626,3382,2,7200,1.77646363099
125776,128590,131674,2814,3084,2,7200,1.91245136187
125800,128101,130923,2301,2822,2,7200,1.81537916371
125817,128461,131375,2644,2914,2,7200,1.90734385724
125838,128225,131205,2387,2980,2,7200,1.80100671141
125856,128575,131258,2719,2683,2,7200,2.01341781588
126062,128433,131580,2371,3147,2,7200,1.7534159517
126110,128290,131437,2180,3147,2,7200,1.69272322847
126338,131288,131736,4950,448,4,3600,12.0491071429
126338,131294,131741,4956,447,4,3600,12.0872483221
126338,131299,131741,4961,442,4,3600,12.2239819005
126454,132774,363191,6320,230417,30,230400,1.02742853175
127031,127038,127926,7,888,2,3000,1.00788288288
127412,134374,139783,6962,5409,16,18000,2.28711406914
127867,128196,131032,329,2836,2,7200,1.11600846262
127868,128282,131198,414,2916,2,7200,1.14197530864
127904,128548,131342,644,2794,2,7200,1.23049391553
127940,128553,131639,613,3086,2,7200,1.19863901491
127942,127950,128573,8,623,1,14400,1.01284109149
127958,128616,131387,658,2771,2,7200,1.23745940094
128051,128350,131154,299,2804,2,7200,1.10663338088
128091,128623,131469,532,2846,2,7200,1.18692902319
128096,128940,131900,844,2960,2,7200,1.28513513514
128186,128568,131546,382,2978,2,7200,1.1282740094
128208,128343,131321,135,2978,2,7200,1.04533243788
128223,128649,131853,426,3204,2,7200,1.1329588015
128225,128541,131553,316,3012,2,7200,1.10491367862
128254,128596,131432,342,2836,2,7200,1.12059238364
128273,128817,131882,544,3065,2,7200,1.17748776509
128274,128721,131630,447,2909,2,7200,1.15366105191
128287,129134,132275,847,3141,2,7200,1.26965934416
128289,128810,131604,521,2794,2,7200,1.18647100931
128332,128900,132077,568,3177,2,7200,1.17878501731
128347,128909,131978,562,3069,2,7200,1.18312153796
128362,128867,132038,505,3171,2,7200,1.15925575528
128382,128695,128747,313,52,2,1800,7.01923076923
128382,128583,128683,201,100,2,1800,3.01
128382,128759,128830,377,71,2,1800,6.30985915493
128383,129207,129348,824,141,2,1800,6.84397163121
128383,129060,129195,677,135,2,1800,6.01481481481
128383,128843,129048,460,205,2,1800,3.24390243902
128384,129629,129702,1245,73,2,1800,18.0547945205
128384,129361,129449,977,88,2,1800,12.1022727273
128384,129461,129513,1077,52,2,1800,21.7115384615
128384,129525,129617,1141,92,2,1800,13.402173913
128385,129912,130004,1527,92,2,1800,17.597826087
128385,130017,130112,1632,95,2,1800,18.1789473684
128385,129714,129900,1329,186,2,1800,8.14516129032
128386,130124,130187,1738,63,2,1800,28.5873015873
128386,130199,130304,1813,105,2,1800,18.2666666667
128386,130316,130418,1930,102,2,1800,19.9215686275
128387,130430,130562,2043,132,2,1800,16.4772727273
128387,130574,130688,2187,114,2,1800,20.1842105263
128388,130700,130777,2312,77,2,1800,31.025974026
128388,130789,130894,2401,105,2,1800,23.8666666667
128425,130948,133806,2523,2858,2,7200,1.88278516445
128452,131042,133764,2590,2722,2,7200,1.95150624541
128530,130904,133872,2374,2968,2,7200,1.79986522911
128531,130761,133967,2230,3206,2,7200,1.69557080474
128545,131264,134059,2719,2795,2,7200,1.97280858676
128560,131223,134308,2663,3085,2,7200,1.86320907618
128560,130935,133886,2375,2951,2,7200,1.80481192816
128578,130941,133876,2363,2935,2,7200,1.80511073254
128578,131049,133749,2471,2700,2,7200,1.91518518519
128605,131437,134450,2832,3013,2,7200,1.93992698307
128608,131216,134521,2608,3305,2,7200,1.78910741301
128639,131055,133990,2416,2935,2,7200,1.82316865417
128711,131280,134570,2569,3290,2,7200,1.78085106383
128802,131209,134276,2407,3067,2,7200,1.78480599935
128816,131452,134421,2636,2969,2,7200,1.88784102391
128858,131314,134263,2456,2949,2,7200,1.83282468633
128891,130975,133737,2084,2762,2,7200,1.75452570601
128898,131333,134183,2435,2850,2,7200,1.85438596491
128931,131166,134022,2235,2856,2,7200,1.78256302521
129123,131759,134967,2636,3208,2,7200,1.8216957606
130753,131591,134730,838,3139,2,7200,1.26696400127
130894,131386,134155,492,2769,2,7200,1.17768147346
130924,131564,134485,640,2921,2,7200,1.2191030469
130930,131650,134611,720,2961,2,7200,1.24316109422
130945,131355,134295,410,2940,2,7200,1.13945578231
130948,135295,206014,4347,70719,4,90000,1.06146862936
130963,131558,134348,595,2790,2,7200,1.21326164875
131032,131272,134257,240,2985,2,7200,1.08040201005
131033,131685,134811,652,3126,2,7200,1.20857325656
131035,131445,134399,410,2954,2,7200,1.13879485443
131036,135301,206019,4265,70718,4,90000,1.06030996352
131155,131399,134600,244,3201,2,7200,1.07622617932
131199,131480,134505,281,3025,2,7200,1.09289256198
131214,131865,134722,651,2857,2,7200,1.22786139307
131215,131642,134549,427,2907,2,7200,1.14688682491
131254,131617,134408,363,2791,2,7200,1.13006091007
131269,131893,134869,624,2976,2,7200,1.20967741935
131271,132049,134830,778,2781,2,7200,1.27975548364
131303,132088,134971,785,2883,2,7200,1.27228581339
131322,131990,134770,668,2780,2,7200,1.24028776978
131346,131913,135121,567,3208,2,7200,1.17674563591
131375,132286,135132,911,2846,2,7200,1.3200983837
131388,133978,137074,2590,3096,2,7200,1.83656330749
131426,133883,136989,2457,3106,2,7200,1.79104958146
131441,133898,136913,2457,3015,2,7200,1.81492537313
131443,133890,136560,2447,2670,2,7200,1.91647940075
131470,133818,136739,2348,2921,2,7200,1.80383430332
131548,133749,136778,2201,3029,2,7200,1.72664245626
131554,133775,136519,2221,2744,2,7200,1.80940233236
131581,133762,136707,2181,2945,2,7200,1.74057724958
131605,134002,137071,2397,3069,2,7200,1.78103616813
131632,134033,136938,2401,2905,2,7200,1.8265060241
131641,134287,137259,2646,2972,2,7200,1.89030955585
131677,134532,137424,2855,2892,2,7200,1.98720608575
131749,134320,137320,2571,3000,2,7200,1.857
131854,134070,136816,2216,2746,2,7200,1.80699198835
131885,134268,137451,2383,3183,2,7200,1.74866478165
131903,134581,137485,2678,2904,2,7200,1.92217630854
131981,134275,137300,2294,3025,2,7200,1.75834710744
132041,134198,137417,2157,3219,2,7200,1.67008387698
132080,134310,137035,2230,2725,2,7200,1.81834862385
132275,134167,137283,1892,3116,2,7200,1.60718870347
132806,132818,132840,12,22,2,1800,1.54545454545
132806,132813,132847,7,34,2,1800,1.20588235294
132806,132861,132883,55,22,2,1800,3.5
132806,132853,132874,47,21,2,1800,3.2380952381
132807,132921,132942,114,21,2,1800,6.42857142857
132807,132895,132916,88,21,2,1800,5.19047619048
132807,132929,132952,122,23,2,1800,6.30434782609
132807,132887,132908,80,21,2,1800,4.80952380952
132808,132999,133065,191,66,2,1800,3.89393939394
132808,132987,133039,179,52,2,1800,4.44230769231
132808,132954,132975,146,21,2,1800,7.95238095238
132808,132964,132987,156,23,2,1800,7.78260869565
132809,133051,133102,242,51,2,1800,5.74509803922
132809,133130,133175,321,45,2,1800,8.13333333333
132809,133114,133167,305,53,2,1800,6.75471698113
132809,133077,133118,268,41,2,1800,7.53658536585
132810,133262,133317,452,55,2,1800,9.21818181818
132810,133188,133249,378,61,2,1800,7.19672131148
132810,133180,133243,370,63,2,1800,6.87301587302
132810,133254,133309,444,55,2,1800,9.07272727273
133738,134611,137636,873,3025,2,7200,1.28859504132
133753,134461,137114,708,2653,2,7200,1.26686769695
133767,134410,137530,643,3120,2,7200,1.20608974359
133808,134432,137396,624,2964,2,7200,1.21052631579
133874,134516,137667,642,3151,2,7200,1.20374484291
133888,134496,137429,608,2933,2,7200,1.20729628367
133888,134359,137139,471,2780,2,7200,1.16942446043
133952,133959,133991,7,32,1,3600,1.21875
133969,134741,137799,772,3058,2,7200,1.25245258339
133994,134420,137141,426,2721,2,7200,1.1565600882
134023,134560,137450,537,2890,2,7200,1.18581314879
134059,134623,137355,564,2732,2,7200,1.20644216691
134155,134822,137758,667,2936,2,7200,1.22717983651
134182,134190,134254,8,64,2,3540,1.125
134185,134983,138034,798,3051,2,7200,1.26155358899
134257,134735,137881,478,3146,2,7200,1.15193897012
134262,134880,137902,618,3022,2,7200,1.20450033091
134277,135132,138139,855,3007,2,7200,1.28433654805
134298,134782,137846,484,3064,2,7200,1.15796344648
134311,134842,137849,531,3007,2,7200,1.17658796142
134350,134989,138125,639,3136,2,7200,1.2037627551
134402,135143,138095,741,2952,2,7200,1.25101626016
134412,136789,139700,2377,2911,2,7200,1.81655788389
134423,136718,139718,2295,3000,2,7200,1.765
134451,136530,139549,2079,3019,2,7200,1.68863862206
134487,136750,139704,2263,2954,2,7200,1.76607989167
134507,137000,139661,2493,2661,2,7200,1.93686583991
134522,136571,139491,2049,2920,2,7200,1.70171232877
134527,134540,139190,13,4650,1,604800,1.00279569892
134550,136924,139933,2374,3009,2,7200,1.78896643403
134570,137089,140000,2519,2911,2,7200,1.86533837169
134600,137082,139882,2482,2800,2,7200,1.88642857143
134615,136949,140039,2334,3090,2,7200,1.75533980583
134618,134722,139968,104,5246,1,604800,1.01982462829
134669,134728,135037,59,309,1,604800,1.19093851133
134724,136827,139781,2103,2954,2,7200,1.71191604604
134739,137125,140251,2386,3126,2,7200,1.76327575176
134772,137295,140405,2523,3110,2,7200,1.81125401929
134814,137367,140331,2553,2964,2,7200,1.86133603239
134831,137407,140328,2576,2921,2,7200,1.88188976378
134871,137311,140402,2440,3091,2,7200,1.7893885474
134970,134977,135036,7,59,2,3540,1.1186440678
134973,137047,139975,2074,2928,2,7200,1.70833333333
135922,135933,136063,11,130,1,1440,1.08461538462
136788,137270,140237,482,2967,2,7200,1.16245365689
136939,137335,140123,396,2788,2,7200,1.14203730273
136946,139799,150463,2853,10664,16,14400,1.26753563391
137075,137150,140226,75,3076,2,7200,1.02438231469
137076,137428,140342,352,2914,2,7200,1.12079615649
137115,137158,140462,43,3304,2,7200,1.01301452785
137142,137436,140112,294,2676,2,7200,1.10986547085
137167,137174,137201,7,27,1,19800,1.25925925926
137184,137190,137273,6,83,2,3600,1.07228915663
137306,137317,138196,11,879,1,19800,1.01251422071
137435,137443,140737,8,3294,2,7200,1.00242865817
137453,137461,140487,8,3026,2,7200,1.00264375413
137455,137467,140200,12,2733,2,7200,1.00439077936
137486,137496,140536,10,3040,2,7200,1.00328947368
137531,137541,140634,10,3093,2,7200,1.00323310702
137537,137548,137592,11,44,2,3600,1.25
137655,137661,140816,6,3155,2,7200,1.00190174326
137679,137685,140603,6,2918,2,7200,1.00205620288
137760,137770,140474,10,2704,2,7200,1.00369822485
137800,137810,140912,10,3102,2,7200,1.00322372663
137848,137857,140894,9,3037,2,7200,1.00296345077
137851,137863,140780,12,2917,2,7200,1.00411381556
137884,137893,140685,9,2792,2,7200,1.0032234957
137903,137913,140853,10,2940,2,7200,1.00340136054
138035,138045,140860,10,2815,2,7200,1.00355239787
138096,138106,141078,10,2972,2,7200,1.00336473755
138129,138137,141166,8,3029,2,7200,1.00264113569
138141,138150,141172,9,3022,2,7200,1.00297816016
138608,138614,181855,6,43241,8,43200,1.0001387572
138787,138793,138795,6,2,1,600,1.0
138864,138870,139065,6,195,1,604800,1.03076923077
139492,139502,142496,10,2994,2,7200,1.00334001336
139552,139560,142784,8,3224,2,7200,1.00248138958
139663,139672,142776,9,3104,2,7200,1.00289948454
139702,139712,142735,10,3023,2,7200,1.00330797221
139716,139722,142771,6,3049,2,7200,1.00196785831
139718,139729,142722,11,2993,2,7200,1.00367524223
139782,139793,142667,11,2874,2,7200,1.00382741823
139884,139893,142588,9,2695,2,7200,1.00333951763
139936,139944,142941,8,2997,2,7200,1.002669336
139977,139986,143057,9,3071,2,7200,1.00293064148
140001,140012,142947,11,2935,2,7200,1.00374787053
140040,140050,142997,10,2947,2,7200,1.0033932813
140115,140123,143180,8,3057,2,7200,1.00261694472
140130,140136,143322,6,3186,2,7200,1.00188323917
140137,140143,140363,6,220,1,5400,1.02727272727
140202,140212,143382,10,3170,2,7200,1.00315457413
140229,140237,142924,8,2687,2,7200,1.0029772981
140244,140250,143124,6,2874,2,7200,1.00208768267
140253,140262,143188,9,2926,2,7200,1.0030758715
140332,140339,143431,7,3092,2,7200,1.00226390686
140333,140345,143289,12,2944,2,7200,1.00407608696
140343,140353,142997,10,2644,2,7200,1.00378214826
140402,140413,143371,11,2958,2,7200,1.00371872887
140417,140423,143294,6,2871,2,7200,1.00208986416
140471,140478,143501,7,3023,2,7200,1.00231558055
140474,140485,143189,11,2704,2,7200,1.00406804734
140491,140498,143493,7,2995,2,7200,1.00233722871
140538,140552,143556,14,3004,2,7200,1.00466045273
140539,140546,140547,7,1,4,20340,1.0
140605,140614,143580,9,2966,2,7200,1.00303438975
140634,140645,143416,11,2771,2,7200,1.00396968603
140686,140696,143599,10,2903,2,7200,1.00344471237
140740,140748,143989,8,3241,2,7200,1.00246837396
140782,140791,143778,9,2987,2,7200,1.00301305658
140819,140827,143648,8,2821,2,7200,1.0028358738
140855,140864,143858,9,2994,2,7200,1.00300601202
140861,140871,143641,10,2770,2,7200,1.0036101083
140882,140888,143543,6,2655,4,20340,1.00225988701
140897,140905,144199,8,3294,2,7200,1.00242865817
140914,140923,144133,9,3210,2,7200,1.00280373832
141080,141089,144353,9,3264,2,7200,1.00275735294
141168,141178,144129,10,2951,2,7200,1.0033886818
141173,141184,143757,11,2573,2,7200,1.00427516518
141257,150475,150523,9218,48,16,18000,193.041666667
141524,141532,141558,8,26,1,3600,1.30769230769
141997,142004,524922,7,382918,1,604800,1.00001828068
142511,142517,145339,6,2822,2,7200,1.00212615167
142589,142599,145579,10,2980,2,7200,1.0033557047
142668,142678,145385,10,2707,2,7200,1.00369412634
142725,142733,145730,8,2997,2,7200,1.002669336
142731,142747,145677,16,2930,2,7200,1.00546075085
142773,142783,145711,10,2928,2,7200,1.00341530055
142788,142794,145679,6,2885,2,7200,1.0020797227
142789,142800,145565,11,2765,2,7200,1.00397830018
142924,142935,145866,11,2931,2,7200,1.00375298533
142943,142953,146292,10,3339,2,7200,1.00299490866
142948,142959,146128,11,3169,2,7200,1.00347112654
142999,143008,145967,9,2959,2,7200,1.0030415681
143000,143013,145796,13,2783,2,7200,1.00467121811
143060,143068,145927,8,2859,2,7200,1.00279818118
143127,143135,146262,8,3127,2,7200,1.00255836265
143181,143191,145965,10,2774,2,7200,1.00360490267
143190,143200,146413,10,3213,2,7200,1.00311235605
143191,143205,146112,14,2907,2,7200,1.00481596147
143291,143300,146325,9,3025,2,7200,1.00297520661
143305,143312,146363,7,3051,2,7200,1.00229432973
143323,143333,146236,10,2903,2,7200,1.00344471237
143371,143382,146510,11,3128,2,7200,1.00351662404
143386,143394,146152,8,2758,2,7200,1.00290065265
143419,143427,146610,8,3183,2,7200,1.00251335218
143431,143442,146565,11,3123,2,7200,1.00352225424
143494,143504,146372,10,2868,2,7200,1.00348675035
143503,143512,146316,9,2804,2,7200,1.00320970043
143557,143567,146401,10,2834,2,7200,1.00352858151
143582,143591,146472,9,2881,2,7200,1.00312391531
143602,152026,165520,8424,13494,8,20340,1.62427745665
143603,143611,146610,8,2999,2,7200,1.00266755585
143642,143652,146554,10,2902,2,7200,1.00344589938
143651,143660,146871,9,3211,2,7200,1.00280286515
143759,143768,146604,9,2836,2,7200,1.00317348378
143780,143789,146855,9,3066,2,7200,1.00293542074
143862,143870,146946,8,3076,2,7200,1.00260078023
143991,144000,146668,9,2668,2,7200,1.00337331334
144130,144140,147382,10,3242,2,7200,1.00308451573
144136,144146,146992,10,2846,2,7200,1.00351370344
144199,144210,147236,11,3026,2,7200,1.00363516193
144355,144364,147628,9,3264,2,7200,1.00275735294
145341,145350,148512,9,3162,2,7200,1.00284629981
145388,145396,148644,8,3248,2,7200,1.00246305419
145566,145576,148320,10,2744,2,7200,1.00364431487
145582,145590,148654,8,3064,2,7200,1.00261096606
145647,145653,205946,6,60293,4,93600,1.00009951404
145684,145690,148524,6,2834,2,7200,1.00211714891
145685,145696,148310,11,2614,2,7200,1.00420811018
145712,145723,148828,11,3105,2,7200,1.00354267311
145733,145741,148646,8,2905,2,7200,1.00275387263
145764,146180,146531,416,351,2,28800,2.18518518519
145764,145770,146169,6,399,2,28800,1.01503759398
145799,145808,148867,9,3059,2,7200,1.00294213795
145868,145877,148738,9,2861,2,7200,1.00314575323
145928,145938,149053,10,3115,2,7200,1.00321027287
145967,145976,148885,9,2909,2,7200,1.00309384668
145969,145983,148771,14,2788,2,7200,1.0050215208
146113,146124,149055,11,2931,2,7200,1.00375298533
146131,146139,149499,8,3360,2,7200,1.00238095238
146152,146163,148967,11,2804,2,7200,1.00392296719
146236,146247,149328,11,3081,2,7200,1.00357026939
146263,146273,149059,10,2786,2,7200,1.00358937545
146294,146303,148918,9,2615,2,7200,1.0034416826
146318,146327,149218,9,2891,2,7200,1.00311310965
146320,146543,148190,223,1647,2,15000,1.13539769277
146320,146383,148001,63,1618,2,15000,1.03893695921
146321,148668,150268,2347,1600,2,15000,2.466875
146321,148206,149800,1885,1594,2,15000,2.18255959849
146322,149560,151196,3238,1636,2,15000,2.97921760391
146322,149566,151187,3244,1621,2,15000,3.00123380629
146323,150480,152132,4157,1652,2,15000,3.51634382567
146323,149822,151392,3499,1570,2,15000,3.22866242038
146324,150491,152112,4167,1621,2,15000,3.57063541024
146324,150486,152096,4162,1610,2,15000,3.5850931677
146325,150540,152186,4215,1646,2,15000,3.56075334143
146325,150534,152179,4209,1645,2,15000,3.55866261398
146326,150550,152238,4224,1688,2,15000,3.50236966825
146326,150545,152094,4219,1549,2,15000,3.72369270497
146327,150556,152174,4229,1618,2,15000,3.61372064277
146327,150561,152218,4234,1657,2,15000,3.55522027761
146327,146337,149488,10,3151,2,7200,1.00317359568
146328,150571,152264,4243,1693,2,15000,3.50620200827
146328,150566,152179,4238,1613,2,15000,3.62740235586
146329,151403,152967,5074,1564,2,15000,4.2442455243
146329,151211,152728,4882,1517,2,15000,4.21819380356
146329,151199,152758,4870,1559,2,15000,4.12379730597
146330,151679,153293,5349,1614,2,15000,4.31412639405
146330,152031,153616,5701,1585,2,15000,4.59684542587
146331,152037,153660,5706,1623,2,15000,4.5157116451
146331,152042,153687,5711,1645,2,15000,4.4717325228
146332,152105,153695,5773,1590,2,15000,4.63081761006
146367,146374,149627,7,3253,2,7200,1.00215185982
146381,146412,149370,31,2958,2,7200,1.01048005409
146402,146424,149378,22,2954,2,7200,1.00744752877
146438,146483,149709,45,3226,2,7200,1.01394916305
146495,146522,149516,27,2994,2,7200,1.00901803607
146514,146565,149760,51,3195,2,7200,1.01596244131
146556,146576,149778,20,3202,2,7200,1.00624609619
146571,146615,149664,44,3049,2,7200,1.01443096097
146605,146622,149796,17,3174,2,7200,1.00535601764
146610,146628,149751,18,3123,2,7200,1.00576368876
146619,146679,149794,60,3115,2,7200,1.01926163724
146670,146883,150134,213,3251,2,7200,1.06551830206
146857,146866,149699,9,2833,2,7200,1.00317684433
146872,146957,149872,85,2915,2,7200,1.02915951973
146947,147394,150684,447,3290,2,7200,1.1358662614
146993,147004,149786,11,2782,2,7200,1.00395398994
147236,147247,150238,11,2991,2,7200,1.00367769977
147384,147639,150658,255,3019,2,7200,1.08446505465
147421,147427,148356,6,929,1,900,1.00645855759
147596,147602,147637,6,35,1,3600,1.17142857143
147605,151700,174533,4095,22833,2,28800,1.17934568388
147605,175361,177064,27756,1703,2,28800,17.2982971227
147606,177070,177480,29464,410,2,28800,72.8634146341
147607,177486,177891,29879,405,2,28800,74.775308642
147607,177898,178295,30291,397,2,28800,77.2997481108
147608,178301,178690,30693,389,2,28800,79.9023136247
147609,179105,179505,31496,400,2,28800,79.74
147609,178696,179099,31087,403,2,28800,78.1389578164
147610,179511,179904,31901,393,2,28800,82.1730279898
147611,179910,180300,32299,390,2,28800,83.8179487179
147628,148012,151131,384,3119,2,7200,1.12311638346
148108,148114,148135,6,21,1,3600,1.28571428571
148195,148201,148224,6,23,1,3600,1.26086956522
148312,148321,151421,9,3100,2,7200,1.00290322581
148319,148328,148336,9,8,1,3600,1.7
148326,148335,151307,9,2972,2,7200,1.0030282638
148462,148468,148475,6,7,1,3600,1.3
148513,148523,151293,10,2770,2,7200,1.0036101083
148525,148538,151236,13,2698,2,7200,1.00481838399
148565,148572,148589,7,17,1,3600,1.41176470588
148646,148655,151670,9,3015,2,7200,1.00298507463
148649,148661,151545,12,2884,2,7200,1.00416088766
148663,148749,151706,86,2957,2,7200,1.02908353061
148704,148710,148726,6,16,1,3600,1.375
148739,148782,151972,43,3190,2,7200,1.01347962382
148772,148839,151729,67,2890,2,7200,1.023183391
148772,151685,158327,2913,6642,2,36000,1.43857271906
148829,148878,151629,49,2751,2,7200,1.01781170483
148868,148933,151860,65,2927,2,7200,1.02220703792
148886,148896,152136,10,3240,2,7200,1.00308641975
148920,148978,151942,58,2964,2,7200,1.01956815115
148921,148926,148936,5,10,1,3600,1.5
148967,149064,152108,97,3044,2,7200,1.03186596583
149032,149038,149047,6,9,1,3600,1.5
149055,149070,151691,15,2621,2,7200,1.00572300649
149058,149076,152016,18,2940,2,7200,1.00612244898
149070,149230,152193,160,2963,2,7200,1.05399932501
149220,149381,152287,161,2906,2,7200,1.05540261528
149297,149303,149337,6,34,1,3600,1.17647058824
149332,149339,152419,7,3080,2,7200,1.00227272727
149367,149373,149406,6,33,1,3600,1.18181818182
149371,149389,152473,18,3084,2,7200,1.00583657588
149380,149510,152569,130,3059,2,7200,1.04249754822
149491,149499,152806,8,3307,2,7200,1.00241911098
149500,149527,152618,27,3091,2,7200,1.0087350372
149518,149638,152588,120,2950,2,7200,1.0406779661
149548,151690,155044,2142,3354,2,21600,1.63864042934
149629,149676,152688,47,3012,2,7200,1.01560424967
149665,149711,152787,46,3076,2,7200,1.01495448635
149701,149720,152483,19,2763,2,7200,1.00687658342
149716,149762,152692,46,2930,2,7200,1.0156996587
149752,149771,152584,19,2813,2,7200,1.00675435478
149767,149789,152708,22,2919,2,7200,1.00753682768
149781,149803,152722,22,2919,2,7200,1.00753682768
149785,149810,152704,25,2894,2,7200,1.00863856254
149786,149796,149972,10,176,1,3600,1.05681818182
149800,149816,153004,16,3188,2,7200,1.00501882058
149801,150146,152978,345,2832,2,7200,1.1218220339
149873,149884,153037,11,3153,2,7200,1.00348874088
149934,151695,157945,1761,6250,2,21600,1.28176
150009,150020,150065,11,45,1,50400,1.24444444444
150085,150097,200547,12,50450,1,50400,1.00023785927
150100,151205,201649,1105,50444,1,50400,1.02190547934
150137,150250,153328,113,3078,2,7200,1.03671215075
150241,150279,153219,38,2940,2,7200,1.01292517007
150658,150669,153664,11,2995,2,7200,1.00367278798
150687,150695,153685,8,2990,2,7200,1.00267558528
151132,151142,154130,10,2988,2,7200,1.00334672021
151237,151247,154144,10,2897,2,7200,1.00345184674
151295,151304,154092,9,2788,2,7200,1.00322812052
151303,151318,154590,15,3272,2,7200,1.00458435208
151423,151432,154263,9,2831,2,7200,1.00317908866
151548,151556,154588,8,3032,2,7200,1.00263852243
151631,151640,154677,9,3037,2,7200,1.00296345077
151670,151708,154550,38,2842,2,7200,1.01337086559
151692,151713,154856,21,3143,2,7200,1.00668151448
151707,151719,154584,12,2865,2,7200,1.00418848168
151731,151740,154886,9,3146,2,7200,1.00286077559
151860,151871,154856,11,2985,2,7200,1.00368509213
151945,151953,154888,8,2935,2,7200,1.00272572402
151975,151983,154763,8,2780,2,7200,1.00287769784
152017,152048,155225,31,3177,2,7200,1.00975763299
152110,152119,155053,9,2934,2,7200,1.00306748466
152138,152147,155365,9,3218,2,7200,1.00279676818
152194,152204,155059,10,2855,2,7200,1.00350262697
152288,152298,155232,10,2934,2,7200,1.00340831629
152420,152430,155268,10,2838,2,7200,1.00352360817
152475,152485,155248,10,2763,2,7200,1.00361925443
152489,152495,155337,6,2842,2,7200,1.0021111893
152571,152580,155473,9,2893,2,7200,1.00311095748
152585,152595,155581,10,2986,2,7200,1.00334896182
152600,152606,155694,6,3088,2,7200,1.00194300518
152619,152630,155421,11,2791,2,7200,1.0039412397
152690,152699,155682,9,2983,2,7200,1.00301709688
152705,152711,155642,6,2931,2,7200,1.00204708291
152706,152717,155799,11,3082,2,7200,1.00356911097
152720,152726,155497,6,2771,2,7200,1.00216528329
152735,152741,155513,6,2772,2,7200,1.00216450216
152788,152798,155983,10,3185,2,7200,1.00313971743
152809,152818,155869,9,3051,2,7200,1.00294985251
152981,152989,155971,8,2982,2,7200,1.00268276325
153005,153015,156021,10,3006,2,7200,1.00332667997
153038,153048,155923,10,2875,2,7200,1.00347826087
153222,153231,156390,9,3159,2,7200,1.00284900285
153331,153339,156131,8,2792,2,7200,1.00286532951
153665,153675,156635,10,2960,2,7200,1.00337837838
153686,153696,156669,10,2973,2,7200,1.00336360579
154095,154103,157234,8,3131,2,7200,1.00255509422
154131,154141,157085,10,2944,2,7200,1.00339673913
154147,154156,157451,9,3295,2,7200,1.00273141123
154264,154274,157074,10,2800,2,7200,1.00357142857
154563,154570,157606,7,3036,2,7200,1.00230566535
154587,154595,157354,8,2759,2,7200,1.0028996013
154590,154601,157654,11,3053,2,7200,1.00360301343
154601,154608,157478,7,2870,2,7200,1.00243902439
154678,154688,157637,10,2949,2,7200,1.00339097999
154764,154774,157647,10,2873,2,7200,1.00348068221
154857,154867,157941,10,3074,2,7200,1.00325309044
154858,154873,157693,15,2820,2,7200,1.00531914894
154889,154897,158096,8,3199,2,7200,1.00250078149
154889,154903,157691,14,2788,2,7200,1.0050215208
155054,155065,158121,11,3056,2,7200,1.00359947644
155060,155071,158086,11,3015,2,7200,1.00364842454
155226,155236,158290,10,3054,2,7200,1.00327439424
155232,155243,158432,11,3189,2,7200,1.00344935717
155250,155259,158180,9,2921,2,7200,1.0030811366
155272,155280,158052,8,2772,2,7200,1.00288600289
155338,155348,158163,10,2815,2,7200,1.00355239787
155368,155376,158538,8,3162,2,7200,1.00253004428
155422,155432,158473,10,3041,2,7200,1.00328839198
155476,155484,158551,8,3067,2,7200,1.00260841213
155498,155508,158493,10,2985,2,7200,1.00335008375
155516,155524,158302,8,2778,2,7200,1.00287976962
155582,155592,158530,10,2938,2,7200,1.00340367597
155645,155653,158510,8,2857,2,7200,1.00280014001
155684,155693,158415,9,2722,2,7200,1.00330639236
155699,155705,158462,6,2757,2,7200,1.00217627856
155800,155810,158677,10,2867,2,7200,1.00348796652
155871,155880,159112,9,3232,2,7200,1.00278465347
155926,155935,158960,9,3025,2,7200,1.00297520661
155971,155982,158989,11,3007,2,7200,1.00365813103
155985,155994,158852,9,2858,2,7200,1.00314905528
156023,156032,159160,9,3128,2,7200,1.00287723785
156133,156143,159282,10,3139,2,7200,1.00318572794
156394,156401,159432,7,3031,2,7200,1.00230946882
156636,156646,159500,10,2854,2,7200,1.00350385424
156671,156681,160052,10,3371,2,7200,1.00296647879
157086,157092,159851,6,2759,2,7200,1.00217470098
157086,157098,160364,12,3266,2,7200,1.00367421923
157237,157246,160044,9,2798,2,7200,1.00321658327
157358,157366,160222,8,2856,2,7200,1.00280112045
157452,157462,160575,10,3113,2,7200,1.00321233537
157481,157490,160194,9,2704,2,7200,1.00332840237
157617,157623,160371,6,2748,2,7200,1.00218340611
157638,157648,160571,10,2923,2,7200,1.00342114266
157647,157658,160510,11,2852,2,7200,1.0038569425
157655,157665,160942,10,3277,2,7200,1.00305157156
157691,157702,160842,11,3140,2,7200,1.00350318471
157695,157709,160760,14,3051,2,7200,1.00458865946
157942,157953,161185,11,3232,2,7200,1.00340346535
158054,158063,161179,9,3116,2,7200,1.00288831836
158087,158098,160891,11,2793,2,7200,1.00393841747
158102,158107,160952,5,2845,2,7200,1.00175746924
158123,158132,161285,9,3153,2,7200,1.00285442436
158165,158174,160837,9,2663,2,7200,1.00337964701
158182,158192,161297,10,3105,2,7200,1.00322061192
158291,158301,161342,10,3041,2,7200,1.00328839198
158306,158314,161147,8,2833,2,7200,1.00282386163
158417,158426,161265,9,2839,2,7200,1.00317013033
158434,158443,161520,9,3077,2,7200,1.00292492688
158462,158473,161308,11,2835,2,7200,1.00388007055
158476,158485,161302,9,2817,2,7200,1.00319488818
158495,158505,161448,10,2943,2,7200,1.00339789331
158513,158521,161558,8,3037,2,7200,1.00263417847
158531,158541,161619,10,3078,2,7200,1.0032488629
158540,158549,161538,9,2989,2,7200,1.00301104048
158554,158562,161892,8,3330,2,7200,1.0024024024
158678,158688,161781,10,3093,2,7200,1.00323310702
158853,158863,162099,10,3236,2,7200,1.00309023486
158962,158971,162394,9,3423,2,7200,1.00262927257
158991,159000,161769,9,2769,2,7200,1.00325027086
159116,159124,162054,8,2930,2,7200,1.00273037543
159163,159171,162156,8,2985,2,7200,1.002680067
159284,159293,162345,9,3052,2,7200,1.00294888598
159391,159397,159399,6,2,2,3540,1.0
159435,159443,162227,8,2784,2,7200,1.00287356322
159501,159511,162368,10,2857,2,7200,1.00350017501
159514,159520,173927,6,14407,12,14400,1.00041646422
159854,159862,162765,8,2903,2,7200,1.00275576989
160047,160056,162985,9,2929,2,7200,1.00307272107
160061,160067,163154,6,3087,2,7200,1.0019436346
160196,160205,163106,9,2901,2,7200,1.00310237849
160224,160234,163170,10,2936,2,7200,1.00340599455
160366,160375,163323,9,2948,2,7200,1.00305291723
160381,160387,163375,6,2988,2,7200,1.00200803213
160513,160521,163346,8,2825,2,7200,1.00283185841
160574,160582,163532,8,2950,2,7200,1.00271186441
160588,160595,163265,7,2670,2,7200,1.00262172285
160760,160771,163292,11,2521,2,7200,1.00436334788
160836,160848,164051,12,3203,2,7200,1.00374648767
160851,160857,163867,6,3010,2,7200,1.00199335548
160893,160902,164325,9,3423,2,7200,1.00262927257
160944,160953,163698,9,2745,2,7200,1.00327868852
160953,160964,163982,11,3018,2,7200,1.00364479788
161151,161158,164223,7,3065,2,7200,1.00228384992
161182,161191,164276,9,3085,2,7200,1.00291734198
161197,161203,164138,6,2935,2,7200,1.00204429302
161268,161276,164190,8,2914,2,7200,1.00274536719
161286,161296,164291,10,2995,2,7200,1.00333889816
161301,161309,164293,8,2984,2,7200,1.00268096515
161305,161315,164490,10,3175,2,7200,1.0031496063
161316,161322,164345,6,3023,2,7200,1.00198478333
161343,161354,164299,11,2945,2,7200,1.00373514431
161451,161459,164599,8,3140,2,7200,1.0025477707
161523,161532,164391,9,2859,2,7200,1.00314795383
161540,161549,164635,9,3086,2,7200,1.00291639663
161559,161569,164484,10,2915,2,7200,1.00343053173
161620,161630,164495,10,2865,2,7200,1.0034904014
161774,161780,164489,6,2709,2,7200,1.00221483942
161789,161795,164991,6,3196,2,7200,1.00187734668
161894,161903,164865,9,2962,2,7200,1.00303848751
162057,162065,164779,8,2714,2,7200,1.0029476787
162102,162110,165215,8,3105,2,7200,1.00257648953
162157,162168,165037,11,2869,2,7200,1.00383408853
162229,162238,165016,9,2778,2,7200,1.00323974082
162347,162356,165324,9,2968,2,7200,1.00303234501
162368,162379,165375,11,2996,2,7200,1.00367156208
162393,162399,205446,6,43047,4,90000,1.00013938254
162395,162405,165279,10,2874,2,7200,1.00347947112
162413,162420,205446,7,43026,4,90000,1.00016269233
162766,162776,165769,10,2993,2,7200,1.0033411293
162987,162996,165758,9,2762,2,7200,1.00325850833
163113,163119,165911,6,2792,2,7200,1.00214899713
163155,163165,166032,10,2867,2,7200,1.00348796652
163173,163182,166032,9,2850,2,7200,1.00315789474
163267,163276,166184,9,2908,2,7200,1.00309491059
163293,163303,166135,10,2832,2,7200,1.00353107345
163325,163335,166155,10,2820,2,7200,1.00354609929
163348,163357,166485,9,3128,2,7200,1.00287723785
163376,163386,166180,10,2794,2,7200,1.00357909807
163532,163543,166615,11,3072,2,7200,1.00358072917
163701,163710,166640,9,2930,2,7200,1.00307167235
163870,163878,166867,8,2989,2,7200,1.00267648043
163984,163994,166773,10,2779,2,7200,1.0035984167
164054,164062,167180,8,3118,2,7200,1.00256574727
164141,164149,166925,8,2776,2,7200,1.00288184438
164192,164201,167349,9,3148,2,7200,1.00285895807
164225,164234,167128,9,2894,2,7200,1.00310988252
164276,164287,167340,11,3053,2,7200,1.00360301343
164295,164304,167405,9,3101,2,7200,1.00290228958
164296,164310,167486,14,3176,2,7200,1.00440806045
164311,164316,167261,5,2945,2,7200,1.00169779287
164328,164336,167182,8,2846,2,7200,1.00281096275
164347,164356,167343,9,2987,2,7200,1.00301305658
164394,164402,167546,8,3144,2,7200,1.00254452926
164485,164496,167309,11,2813,2,7200,1.00391041593
164490,164502,167226,12,2724,2,7200,1.00440528634
164492,164508,167586,16,3078,2,7200,1.00519818064
164500,164514,167474,14,2960,2,7200,1.00472972973
164602,164610,167477,8,2867,2,7200,1.00279037321
164637,164646,167589,9,2943,2,7200,1.00305810398
164780,164790,167497,10,2707,2,7200,1.00369412634
164866,164876,167690,10,2814,2,7200,1.00355366027
164992,165002,168166,10,3164,2,7200,1.00316055626
165019,165027,168031,8,3004,2,7200,1.00266311585
165039,165048,168021,9,2973,2,7200,1.00302724521
165053,165059,170215,6,5156,5,14400,1.00116369279
165053,165064,170064,11,5000,5,14400,1.0022
165054,165070,170207,16,5137,5,14400,1.00311465836
165054,165075,170349,21,5274,5,14400,1.0039817975
165055,165081,170217,26,5136,5,14400,1.0050623053
165055,165086,170179,31,5093,5,14400,1.00608678578
165056,165531,170628,475,5097,5,14400,1.09319207377
165056,165091,170046,35,4955,5,14400,1.00706357215
165057,165537,170434,480,4897,5,14400,1.09801919543
165057,170057,175135,5000,5078,5,14400,1.9846396219
165058,170075,175154,5017,5079,5,14400,1.98779287261
165058,170195,175179,5137,4984,5,14400,2.03069823435
165059,170224,175227,5165,5003,5,14400,2.03238057166
165059,170230,175160,5171,4930,5,14400,2.04888438134
165060,170360,175349,5300,4989,5,14400,2.06233714171
165060,170236,175363,5176,5127,5,14400,2.00955724595
165061,170639,175633,5578,4994,5,14400,2.11694032839
165061,170445,175592,5384,5147,5,14400,2.04604624053
165062,173938,178717,8876,4779,5,14400,2.85729232057
165063,173943,178952,8880,5009,5,14400,2.7728089439
165063,174544,179726,9481,5182,5,14400,2.82960247009
165064,175146,180266,10082,5120,5,14400,2.969140625
165064,175165,180366,10101,5201,5,14400,2.94212651413
165065,175190,180143,10125,4953,5,14400,3.04421562689
165065,175172,179961,10107,4789,5,14400,3.11046147421
165066,175238,180472,10172,5234,5,14400,2.94344669469
165218,165227,168173,9,2946,2,7200,1.00305498982
165280,165290,168135,10,2845,2,7200,1.00351493849
165320,165335,168407,15,3072,2,7200,1.0048828125
165377,165386,168483,9,3097,2,7200,1.0029060381
165759,165769,168454,10,2685,2,7200,1.00372439479
165774,165780,168925,6,3145,2,7200,1.00190779014
165912,165922,168768,10,2846,2,7200,1.00351370344
166033,166043,168994,10,2951,2,7200,1.0033886818
166034,166048,169157,14,3109,2,7200,1.00450305564
166136,166146,169239,10,3093,2,7200,1.00323310702
166157,166167,169229,10,3062,2,7200,1.00326583932
166181,166192,169078,11,2886,2,7200,1.00381150381
166196,166202,169308,6,3106,2,7200,1.00193174501
166486,166496,169282,10,2786,2,7200,1.00358937545
166618,166626,169905,8,3279,2,7200,1.00243976822
166642,166652,169498,10,2846,2,7200,1.00351370344
166775,166785,169899,10,3114,2,7200,1.00321130379
166871,166879,169807,8,2928,2,7200,1.00273224044
166925,166936,169918,11,2982,2,7200,1.00368879946
167130,167140,170213,10,3073,2,7200,1.00325414904
167181,167191,170179,10,2988,2,7200,1.00334672021
167184,167197,169971,13,2774,2,7200,1.00468637347
167226,167237,170270,11,3033,2,7200,1.00362677217
167262,167272,170208,10,2936,2,7200,1.00340599455
167310,167321,170235,11,2914,2,7200,1.00377487989
167341,167351,170422,10,3071,2,7200,1.00325626832
167346,167358,170270,12,2912,2,7200,1.00412087912
167361,167367,170436,6,3069,2,7200,1.00195503421
167406,167416,170263,10,2847,2,7200,1.00351246927
167475,167485,170273,10,2788,2,7200,1.00358680057
167490,167496,170254,6,2758,2,7200,1.00217548949
167491,167503,170230,12,2727,2,7200,1.00440044004
167506,167512,170520,6,3008,2,7200,1.00199468085
167546,167557,170663,11,3106,2,7200,1.00354153252
167588,167597,170458,9,2861,2,7200,1.00314575323
167603,167609,170394,6,2785,2,7200,1.00215439856
167694,167701,170524,7,2823,2,7200,1.0024796316
168022,168032,171227,10,3195,2,7200,1.00312989045
168037,168043,170946,6,2903,2,7200,1.00206682742
168137,168147,170920,10,2773,2,7200,1.00360620267
168167,168178,171004,11,2826,2,7200,1.00389242746
168174,168185,171041,11,2856,2,7200,1.00385154062
168408,168419,171445,11,3026,2,7200,1.00363516193
168456,168465,171932,9,3467,2,7200,1.00259590424
168486,168495,171508,9,3013,2,7200,1.00298705609
168769,168779,172037,10,3258,2,7200,1.00306936771
168926,168936,171673,10,2737,2,7200,1.00365363537
168995,169005,171698,10,2693,2,7200,1.00371333086
169080,169089,171970,9,2881,2,7200,1.00312391531
169160,169169,171987,9,2818,2,7200,1.00319375444
169231,169240,172147,9,2907,2,7200,1.00309597523
169241,169251,172186,10,2935,2,7200,1.00340715503
169284,169293,172167,9,2874,2,7200,1.00313152401
169309,169319,172226,10,2907,2,7200,1.00343997248
169501,169509,172395,8,2886,2,7200,1.00277200277
169809,169818,172795,9,2977,2,7200,1.0030231777
169902,169911,172617,9,2706,2,7200,1.00332594235
169908,169918,172907,10,2989,2,7200,1.00334560054
169920,169929,172906,9,2977,2,7200,1.0030231777
169971,169982,173028,11,3046,2,7200,1.0036112935
170112,170118,170119,6,1,1,240,1.0
170184,170190,173170,6,2980,2,7200,1.00201342282
170211,170218,173078,7,2860,2,7200,1.00244755245
170225,170242,172988,17,2746,2,7200,1.00619082302
170240,170249,173567,9,3318,2,7200,1.0027124774
170242,170255,173339,13,3084,2,7200,1.0042153048
170257,170266,173299,9,3033,2,7200,1.00296735905
170270,170277,173215,7,2938,2,7200,1.00238257318
170272,170284,173322,12,3038,2,7200,1.00394996708
170274,170289,173367,15,3078,2,7200,1.00487329435
170289,170296,173396,7,3100,2,7200,1.00225806452
170394,170405,173260,11,2855,2,7200,1.00385288967
170424,170433,173120,9,2687,2,7200,1.00334946036
170440,170452,173550,12,3098,2,7200,1.00387346675
170460,170469,173343,9,2874,2,7200,1.00313152401
170521,170531,173392,10,2861,2,7200,1.00349528137
170527,170538,173556,11,3018,2,7200,1.00364479788
170665,170674,173333,9,2659,2,7200,1.0033847311
170922,170931,173720,9,2789,2,7200,1.00322696307
170949,170957,174394,8,3437,2,7200,1.00232761129
171006,171017,173979,11,2962,2,7200,1.00371370695
171043,171052,173885,9,2833,2,7200,1.00317684433
171229,171238,174435,9,3197,2,7200,1.00281513919
171447,171456,174265,9,2809,2,7200,1.00320398718
171510,171519,174408,9,2889,2,7200,1.0031152648
171675,171685,174783,10,3098,2,7200,1.00322788896
171699,171709,174651,10,2942,2,7200,1.00339904827
171934,171943,174980,9,3037,2,7200,1.00296345077
171971,171981,175043,10,3062,2,7200,1.00326583932
171988,171998,174918,10,2920,2,7200,1.00342465753
172039,172048,175230,9,3182,2,7200,1.00282840981
172149,172158,175029,9,2871,2,7200,1.00313479624
172169,172179,175211,10,3032,2,7200,1.00329815303
172187,172197,175233,10,3036,2,7200,1.00329380764
172227,172237,175088,10,2851,2,7200,1.00350754121
172396,172406,175037,10,2631,2,7200,1.00380083618
172618,172628,175626,10,2998,2,7200,1.00333555704
172797,172806,176009,9,3203,2,7200,1.00280986575
172908,172924,175720,16,2796,2,7200,1.00572246066
172908,172917,175939,9,3022,2,7200,1.00297816016
172989,172999,175987,10,2988,2,7200,1.00334672021
173031,173039,175845,8,2806,2,7200,1.0028510335
173079,173089,176077,10,2988,2,7200,1.00334672021
173122,173131,176282,9,3151,2,7200,1.00285623612
173173,173182,176326,9,3144,2,7200,1.00286259542
173218,173227,176202,9,2975,2,7200,1.00302521008
173263,173272,176031,9,2759,2,7200,1.00326205147
173303,173311,176067,8,2756,2,7200,1.00290275762
173324,173333,176266,9,2933,2,7200,1.00306853051
173336,173344,176184,8,2840,2,7200,1.00281690141
173342,173351,176366,9,3015,2,7200,1.00298507463
173351,173358,176364,7,3006,2,7200,1.00232867598
173369,173378,176203,9,2825,2,7200,1.00318584071
173393,173403,176105,10,2702,2,7200,1.00370096225
173408,173414,176327,6,2913,2,7200,1.00205973223
173552,173562,176669,10,3107,2,7200,1.00321853878
173559,173568,176273,9,2705,2,7200,1.0033271719
173567,173578,176511,11,2933,2,7200,1.00375042618
173722,173731,176730,9,2999,2,7200,1.00300100033
173888,173897,176700,9,2803,2,7200,1.00321084552
173981,173990,176900,9,2910,2,7200,1.00309278351
174268,174276,177276,8,3000,2,7200,1.00266666667
174397,174405,177580,8,3175,2,7200,1.00251968504
174409,174419,177211,10,2792,2,7200,1.00358166189
174437,174446,177487,9,3041,2,7200,1.00295955278
174653,174663,177684,10,3021,2,7200,1.0033101622
174786,174794,177832,8,3038,2,7200,1.00263331139
174918,174929,177420,11,2491,2,7200,1.00441589723
174981,174991,177976,10,2985,2,7200,1.00335008375
175030,175040,177978,10,2938,2,7200,1.00340367597
175045,175051,177821,6,2770,2,7200,1.00216606498
175047,175057,177970,10,2913,2,7200,1.00343288706
175089,175099,178156,10,3057,2,7200,1.0032711809
175214,175222,178037,8,2815,2,7200,1.00284191829
175232,175244,178331,12,3087,2,7200,1.00388726919
175247,175253,178191,6,2938,2,7200,1.00204220558
175629,175637,178708,8,3071,2,7200,1.00260501465
175722,175732,178643,10,2911,2,7200,1.00343524562
175846,175856,178613,10,2757,2,7200,1.00362713094
175942,175951,178874,9,2923,2,7200,1.0030790284
175987,175998,178677,11,2679,2,7200,1.00410600971
176011,176021,179272,10,3251,2,7200,1.00307597662
176033,176042,178998,9,2956,2,7200,1.00304465494
176069,176079,179346,10,3267,2,7200,1.00306091215
176083,176090,179301,7,3211,2,7200,1.00218000623
176107,176116,179059,9,2943,2,7200,1.00305810398
176187,176195,179110,8,2915,2,7200,1.00274442539
176204,176214,179306,10,3092,2,7200,1.00323415265
176205,176219,179356,14,3137,2,7200,1.00446286261
176267,176277,179293,10,3016,2,7200,1.00331564987
176274,176284,179103,10,2819,2,7200,1.00354735722
176289,176295,179393,6,3098,2,7200,1.00193673338
176328,176337,179337,9,3000,2,7200,1.003
176329,176344,179431,15,3087,2,7200,1.00485908649
176367,176382,179549,15,3167,2,7200,1.00473634354
176368,176375,179191,7,2816,2,7200,1.00248579545
176512,176522,179566,10,3044,2,7200,1.00328515112
176672,176680,179648,8,2968,2,7200,1.00269541779
176702,176711,179544,9,2833,2,7200,1.00317684433
176733,176741,179787,8,3046,2,7200,1.00262639527
176901,176911,180164,10,3253,2,7200,1.00307408546
177212,177222,180158,10,2936,2,7200,1.00340599455
177278,177287,180434,9,3147,2,7200,1.00285986654
177423,177431,180494,8,3063,2,7200,1.00261181848
177489,177498,180421,9,2923,2,7200,1.0030790284
177582,177591,180277,9,2686,2,7200,1.00335070737
177684,177695,180671,11,2976,2,7200,1.00369623656
177823,177832,180723,9,2891,2,7200,1.00311310965
177835,177843,180573,8,2730,2,7200,1.00293040293
177971,177981,181393,10,3412,2,7200,1.00293083236
177977,177988,180643,11,2655,2,7200,1.00414312618
177985,177994,180765,9,2771,2,7200,1.00324792494
178041,178048,181271,7,3223,2,7200,1.00217188954
178158,178167,181195,9,3028,2,7200,1.00297225892
178191,178202,180998,11,2796,2,7200,1.0039341917
178333,178342,181160,9,2818,2,7200,1.00319375444
178616,178624,181716,8,3092,2,7200,1.00258732212
178644,178654,181415,10,2761,2,7200,1.00362187613
178680,178688,182099,8,3411,2,7200,1.00234535327
178710,178720,181680,10,2960,2,7200,1.00337837838
178876,178886,181788,10,2902,2,7200,1.00344589938
178999,179009,182321,10,3312,2,7200,1.00301932367
179063,179071,182031,8,2960,2,7200,1.0027027027
179105,179115,182015,10,2900,2,7200,1.00344827586
179120,179126,182044,6,2918,2,7200,1.00205620288
179192,179202,182098,10,2896,2,7200,1.00345303867
179273,179283,182321,10,3038,2,7200,1.00329163924
179294,179304,182442,10,3138,2,7200,1.00318674315
179309,179315,182336,6,3021,2,7200,1.00198609732
179311,179321,182329,10,3008,2,7200,1.00332446809
179337,179348,182147,11,2799,2,7200,1.00392997499
179352,179359,182365,7,3006,2,7200,1.00232867598
179359,179368,182492,9,3124,2,7200,1.0028809219
179395,179404,182642,9,3238,2,7200,1.00277949351
179434,179442,182049,8,2607,2,7200,1.0030686613
179545,179556,182540,11,2984,2,7200,1.00368632708
179552,179562,182267,10,2705,2,7200,1.00369685767
179569,179577,182738,8,3161,2,7200,1.00253084467
179651,179659,182617,8,2958,2,7200,1.00270453009
179790,179798,182392,8,2594,2,7200,1.00308404009
180161,180169,183248,8,3079,2,7200,1.00259824618
180167,180175,183430,8,3255,2,7200,1.0024577573
180279,180288,183190,9,2902,2,7200,1.00310130944
180423,180432,183397,9,2965,2,7200,1.00303541315
180435,180445,183688,10,3243,2,7200,1.0030835646
180495,180505,183474,10,2969,2,7200,1.00336813742
180573,180584,183636,11,3052,2,7200,1.00360419397
180646,180654,183585,8,2931,2,7200,1.00272944388
180673,180682,184067,9,3385,2,7200,1.00265878877
180725,180734,183465,9,2731,2,7200,1.00329549616
180767,180776,183743,9,2967,2,7200,1.00303336704
181000,181009,184337,9,3328,2,7200,1.00270432692
181162,181171,184173,9,3002,2,7200,1.00299800133
181198,181206,184020,8,2814,2,7200,1.00284292822
181274,181282,184126,8,2844,2,7200,1.00281293952
181394,181404,184507,10,3103,2,7200,1.00322268772
181416,181426,184497,10,3071,2,7200,1.00325626832
181423,181432,181440,9,8,1,3600,1.7
181544,181550,181678,6,128,1,3600,1.046875
181681,181692,184490,11,2798,2,7200,1.00393137956
181718,181728,185061,10,3333,2,7200,1.00300030003
181790,181799,184843,9,3044,2,7200,1.00295663601
181797,181805,182118,8,313,1,3600,1.02555910543
182017,182026,185238,9,3212,2,7200,1.00280199253
182035,182043,185201,8,3158,2,7200,1.00253324889
182041,182055,185133,14,3078,2,7200,1.00454840806
182053,182062,184944,9,2882,2,7200,1.00312283137
182101,182109,185326,8,3217,2,7200,1.00248678893
182102,182116,185003,14,2887,2,7200,1.00484932456
182151,182158,185093,7,2935,2,7200,1.00238500852
182268,182278,185357,10,3079,2,7200,1.00324780773
182322,182332,185413,10,3081,2,7200,1.00324569945
182323,182337,185001,14,2664,2,7200,1.00525525526
182337,182343,185314,6,2971,2,7200,1.00201952205
182339,182349,185439,10,3090,2,7200,1.00323624595
182344,182355,183006,11,651,1,3600,1.01689708141
182352,182361,196902,9,14541,2,14400,1.00061893955
182366,182376,185231,10,2855,2,7200,1.00350262697
182395,182403,184988,8,2585,2,7200,1.00309477756
182444,182453,185137,9,2684,2,7200,1.00335320417
182495,182503,185249,8,2746,2,7200,1.00291332848
182541,182551,185176,10,2625,2,7200,1.00380952381
182619,182629,185825,10,3196,2,7200,1.00312891114
182643,182653,185947,10,3294,2,7200,1.00303582271
182740,182749,185351,9,2602,2,7200,1.00345887779
183194,183201,186073,7,2872,2,7200,1.00243732591
183250,183259,186311,9,3052,2,7200,1.00294888598
183398,183408,186355,10,2947,2,7200,1.0033932813
183431,183441,186382,10,2941,2,7200,1.00340020401
183467,183476,186492,9,3016,2,7200,1.00298408488
183477,183485,186565,8,3080,2,7200,1.0025974026
183515,183521,187127,6,3606,1,3600,1.00166389351
183588,183596,186715,8,3119,2,7200,1.00256492466
183640,183647,186577,7,2930,2,7200,1.0023890785
183691,183699,186690,8,2991,2,7200,1.00267469074
183746,183754,186457,8,2703,2,7200,1.00295967444
184024,184032,186656,8,2624,2,7200,1.00304878049
184070,184078,187138,8,3060,2,7200,1.00261437908
184127,184137,187027,10,2890,2,7200,1.00346020761
184175,184185,187271,10,3086,2,7200,1.0032404407
184338,184348,187243,10,2895,2,7200,1.00345423143
184492,184502,187480,10,2978,2,7200,1.00335795836
184507,184513,187257,6,2744,2,7200,1.00218658892
184508,184520,187524,12,3004,2,7200,1.00399467377
184846,184854,187683,8,2829,2,7200,1.00282785437
184946,184956,187960,10,3004,2,7200,1.00332889481
184979,184985,184993,6,8,1,1800,1.4
184991,184999,187919,8,2920,2,7200,1.00273972603
185004,185012,188342,8,3330,2,7200,1.0024024024
185005,185018,188157,13,3139,2,7200,1.00414144632
185064,185073,187780,9,2707,2,7200,1.00332471371
185096,185104,188181,8,3077,2,7200,1.002599935
185137,185148,187883,11,2735,2,7200,1.00402193784
185138,185153,188033,15,2880,2,7200,1.00520833333
185142,185158,185241,16,83,1,1800,1.19277108434
185177,185187,188269,10,3082,2,7200,1.00324464633
185204,185212,188281,8,3069,2,7200,1.00260671228
185234,185242,188154,8,2912,2,7200,1.00274725275
185240,185249,188201,9,2952,2,7200,1.00304878049
185255,185260,188045,5,2785,2,7200,1.00179533214
185287,185294,185425,7,131,1,3600,1.0534351145
185315,185325,188266,10,2941,2,7200,1.00340020401
185330,185337,188187,7,2850,2,7200,1.00245614035
185354,185362,188280,8,2918,2,7200,1.00274160384
185361,185368,188367,7,2999,2,7200,1.00233411137
185415,185424,188207,9,2783,2,7200,1.00323392023
185443,185451,188463,8,3012,2,7200,1.0026560425
185472,185478,185579,6,101,1,1800,1.05940594059
185544,185550,185930,6,380,1,3600,1.01578947368
185827,185836,188890,9,3054,2,7200,1.00294695481
185950,185959,188778,9,2819,2,7200,1.0031926215
186055,186061,186432,6,371,1,1800,1.01617250674
186073,186084,188920,11,2836,2,7200,1.0038787024
186142,186149,186788,7,639,1,3600,1.01095461659
186313,186323,189430,10,3107,2,7200,1.00321853878
186357,186366,189150,9,2784,2,7200,1.00323275862
186384,186393,189212,9,2819,2,7200,1.0031926215
186459,186468,189359,9,2891,2,7200,1.00311310965
186495,186504,189544,9,3040,2,7200,1.00296052632
186569,186577,189492,8,2915,2,7200,1.00274442539
186583,186590,189390,7,2800,2,7200,1.0025
186658,186668,189520,10,2852,2,7200,1.00350631136
186691,186701,189453,10,2752,2,7200,1.00363372093
186716,186726,189691,10,2965,2,7200,1.00337268128
187030,187039,189635,9,2596,2,7200,1.00346687211
187064,187070,187076,6,6,1,1800,1.2
187139,187149,189919,10,2770,2,7200,1.0036101083
187221,187227,187272,6,45,1,1800,1.13333333333
187226,187233,187335,7,102,1,3600,1.06862745098
187244,187255,190253,11,2998,2,7200,1.00366911274
187259,187268,190099,9,2831,2,7200,1.00317908866
187274,187282,189913,8,2631,2,7200,1.00304066895
187446,187453,187759,7,306,1,3600,1.02287581699
187483,187492,190426,9,2934,2,7200,1.00306748466
187487,187498,187581,11,83,1,1800,1.13253012048
187524,187535,190532,11,2997,2,7200,1.003670337
187549,187555,187651,6,96,1,3600,1.0625
187685,187694,190989,9,3295,2,7200,1.00273141123
187765,187771,188074,6,303,1,3600,1.0198019802
187783,187792,190798,9,3006,2,7200,1.00299401198
187885,187894,190801,9,2907,2,7200,1.00309597523
187921,187930,190804,9,2874,2,7200,1.00313152401
187960,187971,190826,11,2855,2,7200,1.00385288967
188027,188033,188581,6,548,1,3600,1.01094890511
188035,188044,190782,9,2738,2,7200,1.00328707085
188048,188056,190670,8,2614,2,7200,1.00306044376
188157,188165,191212,8,3047,2,7200,1.00262553331
188172,188178,191167,6,2989,2,7200,1.00200736032
188182,188189,188444,7,255,1,1800,1.02745098039
188187,188195,191140,8,2945,2,7200,1.00271646859
188201,188211,191378,10,3167,2,7200,1.00315756236
188203,188217,191038,14,2821,2,7200,1.00496277916
188217,188223,191073,6,2850,2,7200,1.00210526316
188262,188278,191151,16,2873,2,7200,1.00556909154
188277,188284,191102,7,2818,2,7200,1.00248403123
188292,188298,191400,6,3102,2,7200,1.00193423598
188293,188304,191382,11,3078,2,7200,1.00357374919
188343,188349,188883,6,534,1,3600,1.01123595506
188344,188355,191257,11,2902,2,7200,1.00379048932
188369,188379,191267,10,2888,2,7200,1.00346260388
188466,188474,191223,8,2749,2,7200,1.00291014915
188781,188789,191569,8,2780,2,7200,1.00287769784
188894,188901,191968,7,3067,2,7200,1.00228236061
188923,188931,191933,8,3002,2,7200,1.00266489007
189153,189161,192349,8,3188,2,7200,1.00250941029
189213,189224,192298,11,3074,2,7200,1.00357839948
189362,189371,192455,9,3084,2,7200,1.00291828794
189392,189401,192087,9,2686,2,7200,1.00335070737
189432,189441,192309,9,2868,2,7200,1.00313807531
189456,189464,192587,8,3123,2,7200,1.00256163945
189495,189503,192190,8,2687,2,7200,1.0029772981
189523,189532,192499,9,2967,2,7200,1.00303336704
189547,189555,192509,8,2954,2,7200,1.00270819228
189637,189646,192371,9,2725,2,7200,1.00330275229
189692,189702,192643,10,2941,2,7200,1.00340020401
189915,189924,193089,9,3165,2,7200,1.0028436019
189930,189936,193171,6,3235,2,7200,1.00185471406
190102,190111,192958,9,2847,2,7200,1.00316122234
190253,190264,193248,11,2984,2,7200,1.00368632708
190429,190437,193081,8,2644,2,7200,1.00302571861
190535,190543,193618,8,3075,2,7200,1.00260162602
190673,190682,193594,9,2912,2,7200,1.00309065934
190782,190793,194139,11,3346,2,7200,1.00328750747
190800,190809,193674,9,2865,2,7200,1.00314136126
190816,190822,193819,6,2997,2,7200,1.002002002
190817,190828,193981,11,3153,2,7200,1.00348874088
190828,190838,193906,10,3068,2,7200,1.00325945241
190991,191000,193926,9,2926,2,7200,1.0030758715
191040,191050,194016,10,2966,2,7200,1.00337154417
191074,191084,194099,10,3015,2,7200,1.00331674959
191103,191113,193975,10,2862,2,7200,1.0034940601
191142,191151,194002,9,2851,2,7200,1.00315678709
191157,191163,194211,6,3048,2,7200,1.00196850394
191172,191178,194170,6,2992,2,7200,1.00200534759
191214,191224,194315,10,3091,2,7200,1.00323519896
191229,191235,194279,6,3044,2,7200,1.00197109067
191260,191268,194163,8,2895,2,7200,1.00276338515
191269,191278,194186,9,2908,2,7200,1.00309491059
191380,191390,194100,10,2710,2,7200,1.0036900369
191395,191401,194350,6,2949,2,7200,1.002034588
191410,191416,194476,6,3060,2,7200,1.00196078431
191571,191580,194591,9,3011,2,7200,1.00298904019
191936,191944,194798,8,2854,2,7200,1.00280308339
191970,191979,195051,9,3072,2,7200,1.0029296875
192088,192098,194912,10,2814,2,7200,1.00355366027
192190,192201,195008,11,2807,2,7200,1.00391877449
192299,192309,195084,10,2775,2,7200,1.0036036036
192311,192320,195081,9,2761,2,7200,1.00325968852
192350,192360,195289,10,2929,2,7200,1.00341413452
192374,192382,195316,8,2934,2,7200,1.00272665303
192456,192466,195265,10,2799,2,7200,1.00357270454
192502,192510,195420,8,2910,2,7200,1.00274914089
192516,192522,195418,6,2896,2,7200,1.0020718232
192588,192598,195648,10,3050,2,7200,1.00327868852
192644,192654,195465,10,2811,2,7200,1.00355745286
192711,192718,192800,7,82,1,1800,1.08536585366
192960,192969,196142,9,3173,2,7200,1.0028364324
193041,193047,193138,6,91,1,1800,1.06593406593
193084,193092,196078,8,2986,2,7200,1.00267916946
193098,193104,196046,6,2942,2,7200,1.00203942896
193173,193182,196254,9,3072,2,7200,1.0029296875
193249,193259,196207,10,2948,2,7200,1.00339213026
193595,193605,196436,10,2831,2,7200,1.00353232073
193620,193629,196576,9,2947,2,7200,1.00305395317
193649,193655,194018,6,363,1,1800,1.01652892562
193677,193685,196529,8,2844,2,7200,1.00281293952
193822,193831,197045,9,3214,2,7200,1.00280024891
193907,193917,196775,10,2858,2,7200,1.00349895031
193928,193938,196964,10,3026,2,7200,1.00330469266
193979,193987,196702,8,2715,2,7200,1.002946593
193982,193993,197074,11,3081,2,7200,1.00357026939
194003,194013,197088,10,3075,2,7200,1.00325203252
194019,194027,196944,8,2917,2,7200,1.00274254371
194102,194110,197029,8,2919,2,7200,1.00274066461
194103,194116,196932,13,2816,2,7200,1.00461647727
194142,194150,197055,8,2905,2,7200,1.00275387263
194166,194174,197350,8,3176,2,7200,1.00251889169
194181,194187,196940,6,2753,2,7200,1.00217944061
194186,194197,197337,11,3140,2,7200,1.00350318471
194214,194222,197436,8,3214,2,7200,1.00248911014
194280,194290,197035,10,2745,2,7200,1.00364298725
194316,194326,197499,10,3173,2,7200,1.00315159155
194352,194361,197365,9,3004,2,7200,1.00299600533
194479,194487,197325,8,2838,2,7200,1.00281888654
194595,194603,197481,8,2878,2,7200,1.00277970813
194800,194809,197810,9,3001,2,7200,1.00299900033
194915,194923,197692,8,2769,2,7200,1.00288912965
195011,195020,198173,9,3153,2,7200,1.00285442436
195054,195062,198034,8,2972,2,7200,1.00269179004
195084,195092,198064,8,2972,2,7200,1.00269179004
195087,195098,198143,11,3045,2,7200,1.00361247947
195191,195198,195237,7,39,1,1800,1.17948717949
195269,195277,197941,8,2664,2,7200,1.003003003
195290,195300,198558,10,3258,2,7200,1.00306936771
195316,195327,198476,11,3149,2,7200,1.00349317244
195420,195429,198375,9,2946,2,7200,1.00305498982
195435,195441,198365,6,2924,2,7200,1.00205198358
195468,195477,198357,9,2880,2,7200,1.003125
195487,195493,195563,6,70,1,1800,1.08571428571
195649,195659,198853,10,3194,2,7200,1.00313087038
196048,196057,199166,9,3109,2,7200,1.00289482149
196081,196089,198738,8,2649,2,7200,1.00302000755
196144,196153,198887,9,2734,2,7200,1.00329188003
196207,196213,196455,6,242,1,1800,1.02479338843
196211,196219,199265,8,3046,2,7200,1.00262639527
196256,196265,199509,9,3244,2,7200,1.00277435265
196437,196447,199487,10,3040,2,7200,1.00328947368
196531,196540,199647,9,3107,2,7200,1.00289668491
196577,196587,199702,10,3115,2,7200,1.00321027287
196704,196713,199525,9,2812,2,7200,1.00320056899
196776,196786,199551,10,2765,2,7200,1.00361663653
196923,196929,207732,6,10803,2,14400,1.00055540128
196933,196943,200007,10,3064,2,7200,1.00326370757
196946,196951,199880,5,2929,2,7200,1.00170706726
196948,196957,199826,9,2869,2,7200,1.00313698153
196966,196975,199724,9,2749,2,7200,1.00327391779
197030,197041,199921,11,2880,2,7200,1.00381944444
197039,197047,200171,8,3124,2,7200,1.00256081946
197048,197056,200138,8,3082,2,7200,1.00259571707
197057,197066,200078,9,3012,2,7200,1.00298804781
197076,197086,200374,10,3288,2,7200,1.00304136253
197090,197099,200253,9,3154,2,7200,1.00285351934
197326,197336,200325,10,2989,2,7200,1.00334560054
197338,197348,200218,10,2870,2,7200,1.00348432056
197353,197361,200581,8,3220,2,7200,1.00248447205
197368,197376,200527,8,3151,2,7200,1.00253887655
197437,197447,200510,10,3063,2,7200,1.0032647731
197481,197492,200815,11,3323,2,7200,1.00331026181
197501,197510,200106,9,2596,2,7200,1.00346687211
197696,197703,200508,7,2805,2,7200,1.00249554367
197813,197821,200599,8,2778,2,7200,1.00287976962
197942,197952,201121,10,3169,2,7200,1.00315556958
198036,198045,200794,9,2749,2,7200,1.00327391779
198066,198075,201039,9,2964,2,7200,1.00303643725
198146,198154,200859,8,2705,2,7200,1.00295748614
198176,198185,200995,9,2810,2,7200,1.00320284698
198312,198319,229386,7,31067,1,36000,1.00022531947
198360,198368,201464,8,3096,2,7200,1.00258397933
198369,198376,201272,7,2896,2,7200,1.00241712707
198384,198390,201243,6,2853,2,7200,1.00210304942
198478,198487,201350,9,2863,2,7200,1.00314355571
198559,198569,201555,10,2986,2,7200,1.00334896182
198740,198749,201564,9,2815,2,7200,1.00319715808
198855,198864,201704,9,2840,2,7200,1.00316901408
198888,198898,202287,10,3389,2,7200,1.00295072293
199170,199177,202259,7,3082,2,7200,1.00227125243
199266,199276,202089,10,2813,2,7200,1.00355492357
199468,199474,200589,6,1115,1,86400,1.00538116592
199490,199498,202338,8,2840,2,7200,1.00281690141
199511,199520,202516,9,2996,2,7200,1.00300400534
199528,199536,202527,8,2991,2,7200,1.00267469074
199552,199562,202704,10,3142,2,7200,1.00318268619
199650,199658,202677,8,3019,2,7200,1.00264988407
199703,199713,202910,10,3197,2,7200,1.00312793244
199727,199736,202918,9,3182,2,7200,1.00282840981
199829,199837,202899,8,3062,2,7200,1.00261267146
199884,199892,203184,8,3292,2,7200,1.00243013366
199923,199932,203049,9,3117,2,7200,1.00288739172
200008,200018,202668,10,2650,2,7200,1.00377358491
200080,200090,202930,10,2840,2,7200,1.00352112676
200107,200117,202939,10,2822,2,7200,1.00354358611
200141,200149,203109,8,2960,2,7200,1.0027027027
200174,200183,202990,9,2807,2,7200,1.00320627004
200219,200229,203476,10,3247,2,7200,1.00307976594
200256,200264,203154,8,2890,2,7200,1.00276816609
200328,200336,203291,8,2955,2,7200,1.0027072758
200377,200385,203424,8,3039,2,7200,1.00263244488
200510,200519,203470,9,2951,2,7200,1.00304981362
200513,200525,203714,12,3189,2,7200,1.00376293509
200528,200538,203218,10,2680,2,7200,1.00373134328
200582,200592,203485,10,2893,2,7200,1.00345661943
200601,200610,203435,9,2825,2,7200,1.00318584071
200634,200640,206155,6,5515,1,86400,1.00108794198
200794,200805,204054,11,3249,2,7200,1.00338565713
200818,200827,203748,9,2921,2,7200,1.0030811366
200861,200870,203919,9,3049,2,7200,1.00295178747
200997,201006,203991,9,2985,2,7200,1.00301507538
201040,201050,203981,10,2931,2,7200,1.00341180484
201124,201132,204441,8,3309,2,7200,1.00241764884
201245,201254,204095,9,2841,2,7200,1.00316789863
201275,201284,204001,9,2717,2,7200,1.003312477
201351,201361,204166,10,2805,2,7200,1.00356506239
201413,201420,209982,7,8562,16,18000,1.00081756599
201466,201475,204114,9,2639,2,7200,1.00341038272
201556,201566,204265,10,2699,2,7200,1.00370507595
201571,201577,204388,6,2811,2,7200,1.00213447172
201708,201715,204889,7,3174,2,7200,1.00220541903
202091,202100,205381,9,3281,2,7200,1.00274306614
202263,202271,205220,8,2949,2,7200,1.00271278399
202290,202299,205499,9,3200,2,7200,1.0028125
202341,202349,205202,8,2853,2,7200,1.0028040659
202379,202385,227099,6,24714,12,86400,1.00024277737
202519,202527,205355,8,2828,2,7200,1.00282885431
202529,202538,205571,9,3033,2,7200,1.00296735905
202668,202679,205597,11,2918,2,7200,1.00376970528
202679,202688,205598,9,2910,2,7200,1.00309278351
202708,202715,205618,7,2903,2,7200,1.00241129866
202900,202911,206184,11,3273,2,7200,1.00336083104
202915,202921,206124,6,3203,2,7200,1.00187324383
202930,202936,205921,6,2985,2,7200,1.00201005025
202932,202942,205793,10,2851,2,7200,1.00350754121
202939,202948,220663,9,17715,12,86400,1.00050804403
202947,202954,205490,7,2536,2,7200,1.00276025237
202992,203001,206078,9,3077,2,7200,1.00292492688
203049,203060,205609,11,2549,2,7200,1.00431541781
203110,203120,206018,10,2898,2,7200,1.00345065562
203156,203165,206077,9,2912,2,7200,1.00309065934
203186,203195,205940,9,2745,2,7200,1.00327868852
203220,203229,206282,9,3053,2,7200,1.00294792008
203292,203302,206089,10,2787,2,7200,1.00358808755
203425,203435,206241,10,2806,2,7200,1.00356379187
203440,203446,206174,6,2728,2,7200,1.00219941349
203471,203481,206258,10,2777,2,7200,1.00360100828
203486,203498,206452,12,2954,2,7200,1.00406228842
203486,203492,206306,6,2814,2,7200,1.00213219616
203715,203725,206516,10,2791,2,7200,1.00358294518
203752,203759,206618,7,2859,2,7200,1.00244840853
203921,203930,206972,9,3042,2,7200,1.00295857988
203983,203992,206872,9,2880,2,7200,1.003125
203995,204002,207180,7,3178,2,7200,1.00220264317
204001,204012,206967,11,2955,2,7200,1.00372250423
204056,204065,207063,9,2998,2,7200,1.00300200133
204098,204106,206918,8,2812,2,7200,1.00284495021
204116,204125,206939,9,2814,2,7200,1.00319829424
204167,204177,207203,10,3026,2,7200,1.00330469266
204267,204276,207302,9,3026,2,7200,1.0029742234
204391,204399,207382,8,2983,2,7200,1.0026818639
204443,204453,207540,10,3087,2,7200,1.00323939099
204891,204900,208029,9,3129,2,7200,1.00287631831
205062,205068,213231,6,8163,2,21600,1.00073502389
205205,205213,208179,8,2966,2,7200,1.00269723533
205221,205227,209999,6,4772,1,86400,1.00125733445
205223,205233,208216,10,2983,2,7200,1.00335232987
205314,205320,298661,6,93341,8,324000,1.00006428043
205324,205330,213391,6,8061,2,21600,1.00074432453
205356,205366,208363,10,2997,2,7200,1.00333667
205383,205392,208045,9,2653,2,7200,1.00339238598
205492,205502,208220,10,2718,2,7200,1.00367917586
205501,205511,208500,10,2989,2,7200,1.00334560054
205574,205583,208617,9,3034,2,7200,1.00296638102
205598,205608,208886,10,3278,2,7200,1.00305064063
205601,205614,208547,13,2933,2,7200,1.00443232185
205616,205622,208793,6,3171,2,7200,1.00189214759
205619,205629,208888,10,3259,2,7200,1.0030684259
205650,205656,214208,6,8552,4,90000,1.00070159027
205713,205720,214210,7,8490,4,90000,1.00082449941
205795,205804,208756,9,2952,2,7200,1.00304878049
205921,205932,208821,11,2889,2,7200,1.00380754586
205943,205951,209159,8,3208,2,7200,1.00249376559
206022,206030,208765,8,2735,2,7200,1.0029250457
206041,206047,211944,6,5897,2,21600,1.00101746651
206079,206089,209124,10,3035,2,7200,1.00329489292
206081,206094,209138,13,3044,2,7200,1.00427069645
206096,206102,209262,6,3160,2,7200,1.00189873418
206126,206135,208884,9,2749,2,7200,1.00327391779
206177,206186,208806,9,2620,2,7200,1.0034351145
206186,206195,209071,9,2876,2,7200,1.00312934631
206243,206252,209232,9,2980,2,7200,1.00302013423
206261,206270,209439,9,3169,2,7200,1.00284001262
206283,206293,209256,10,2963,2,7200,1.00337495781
206307,206317,209637,10,3320,2,7200,1.00301204819
206418,206424,210267,6,3843,2,21600,1.00156128025
206455,206463,209562,8,3099,2,7200,1.0025814779
206518,206528,209551,10,3023,2,7200,1.00330797221
206619,206629,209582,10,2953,2,7200,1.00338638673
206695,206701,206787,6,86,1,3600,1.06976744186
206875,206884,209760,9,2876,2,7200,1.00312934631
206920,206929,209951,9,3022,2,7200,1.00297816016
206923,206934,207018,11,84,1,3600,1.13095238095
206940,206950,209962,10,3012,2,7200,1.00332005312
206969,206978,210137,9,3159,2,7200,1.00284900285
206973,206984,210157,11,3173,2,7200,1.00346675071
207066,207075,210282,9,3207,2,7200,1.00280636109
207082,207089,207250,7,161,1,3600,1.04347826087
207182,207191,210121,9,2930,2,7200,1.00307167235
207206,207215,210501,9,3286,2,7200,1.00273889227
207286,207292,207307,6,15,1,3600,1.4
207306,207314,210285,8,2971,2,7200,1.00269269606
207370,207376,207544,6,168,1,3600,1.03571428571
207384,207393,210211,9,2818,2,7200,1.00319375444
207541,207551,210417,10,2866,2,7200,1.00348918353
207694,207700,207702,6,2,2,21600,1.0
207844,207850,208019,6,169,1,3600,1.03550295858
208031,208041,211195,10,3154,2,7200,1.00317057705
208046,208057,211110,11,3053,2,7200,1.00360301343
208183,208190,211120,7,2930,2,7200,1.0023890785
208219,208227,211289,8,3062,2,7200,1.00261267146
208222,208233,211155,11,2922,2,7200,1.00376454483
208364,208374,211395,10,3021,2,7200,1.0033101622
208403,208409,209093,6,684,2,604800,1.00877192982
208497,208511,211363,14,2852,2,7200,1.0049088359
208511,208517,208602,6,85,1,3600,1.07058823529
208548,208559,211674,11,3115,2,7200,1.00353130016
208618,208628,211520,10,2892,2,7200,1.00345781466
208758,208767,211810,9,3043,2,7200,1.00295760762
208767,208776,211709,9,2933,2,7200,1.00306853051
208794,208804,212062,10,3258,2,7200,1.00306936771
208809,208817,212096,8,3279,2,7200,1.00243976822
208822,208832,211718,10,2886,2,7200,1.00346500347
208887,208895,211932,8,3037,2,7200,1.00263417847
208888,208901,211647,13,2746,2,7200,1.00473415878
208903,208910,211707,7,2797,2,7200,1.00250268144
209074,209083,212021,9,2938,2,7200,1.00306330837
209114,209120,210367,6,1247,2,21600,1.00481154771
209124,209130,259980,6,50850,1,604800,1.0001179941
209125,209136,212006,11,2870,2,7200,1.00383275261
209140,209149,211949,9,2800,2,7200,1.00321428571
209161,209170,211826,9,2656,2,7200,1.00338855422
209234,209243,211922,9,2679,2,7200,1.00335946249
209259,209267,212473,8,3206,2,7200,1.00249532127
209273,209280,212379,7,3099,2,7200,1.00225879316
209440,209450,212324,10,2874,2,7200,1.00347947112
209533,209539,209623,6,84,1,3600,1.07142857143
209552,209562,212588,10,3026,2,7200,1.00330469266
209567,209573,212840,6,3267,2,7200,1.00183654729
209582,209593,212301,11,2708,2,7200,1.0040620384
209640,209648,212558,8,2910,2,7200,1.00274914089
209668,209674,215983,6,6309,2,21600,1.00095102235
209764,209772,212888,8,3116,2,7200,1.00256739409
209877,209883,210173,6,290,1,3600,1.02068965517
209954,209962,212756,8,2794,2,7200,1.00286327845
209964,209973,212623,9,2650,2,7200,1.00339622642
210124,210132,213064,8,2932,2,7200,1.00272851296
210139,210148,213276,9,3128,2,7200,1.00287723785
210160,210168,213452,8,3284,2,7200,1.00243605359
210214,210222,213102,8,2880,2,7200,1.00277777778
210275,210281,210618,6,337,1,3600,1.0178041543
210284,210293,213330,9,3037,2,7200,1.00296345077
210287,210299,213243,12,2944,2,7200,1.00407608696
210420,210428,213209,8,2781,2,7200,1.00287666307
210501,210512,213307,11,2795,2,7200,1.00393559928
211082,211088,218934,6,7846,15,28800,1.00076472088
211114,211121,213969,7,2848,2,7200,1.00245786517
211118,211127,223608,9,12481,2,54000,1.00072109607
211129,211136,213918,7,2782,2,7200,1.00251617541
211155,211169,214219,14,3050,2,7200,1.00459016393
211197,211207,214109,10,2902,2,7200,1.00344589938
211290,211300,214041,10,2741,2,7200,1.00364830354
211364,211370,212027,6,657,1,3600,1.00913242009
211365,211376,214625,11,3249,2,7200,1.00338565713
211399,211407,214375,8,2968,2,7200,1.00269541779
211521,211531,214620,10,3089,2,7200,1.00323729362
211624,211637,262075,13,50438,1,50400,1.00025774218
211648,211658,214722,10,3064,2,7200,1.00326370757
211661,211668,223710,7,12042,1,50400,1.00058129879
211677,211686,214693,9,3007,2,7200,1.0029930163
211709,211719,214632,10,2913,2,7200,1.00343288706
211710,211725,214658,15,2933,2,7200,1.00511421752
211724,211731,214563,7,2832,2,7200,1.00247175141
211811,211821,214629,10,2808,2,7200,1.00356125356
211828,211838,214854,10,3016,2,7200,1.00331564987
211925,211933,214947,8,3014,2,7200,1.00265428003
211932,211943,214932,11,2989,2,7200,1.00368016059
211950,211960,214994,10,3034,2,7200,1.00329597891
212008,212017,215082,9,3065,2,7200,1.00293637847
212023,212033,215147,10,3114,2,7200,1.00321130379
212068,212074,215057,6,2983,2,7200,1.00201139792
212090,212097,212477,7,380,1,3600,1.01842105263
212105,212111,214994,6,2883,2,7200,1.00208116545
212302,212312,215126,10,2814,2,7200,1.00355366027
212326,212336,215483,10,3147,2,7200,1.00317762949
212381,212390,215406,9,3016,2,7200,1.00298408488
212475,212484,215347,9,2863,2,7200,1.00314355571
212559,212569,215670,10,3101,2,7200,1.0032247662
212576,212582,212587,6,5,1,600,1.1
212581,212588,223928,7,11340,11,28800,1.00061728395
212583,212594,212928,11,334,1,3600,1.03293413174
212589,212600,215609,11,3009,2,7200,1.00365569957
212626,212635,215576,9,2941,2,7200,1.00306018361
212759,212767,215803,8,3036,2,7200,1.00263504611
212840,212851,216022,11,3171,2,7200,1.00346893724
212889,212899,215967,10,3068,2,7200,1.00325945241
213024,213030,213363,6,333,1,3600,1.01801801802
213069,213075,216075,6,3000,2,7200,1.002
213105,213113,215745,8,2632,2,7200,1.00303951368
213127,213133,213587,6,454,1,14400,1.01321585903
213209,213220,216253,11,3033,2,7200,1.00362677217
213244,213254,216108,10,2854,2,7200,1.00350385424
213279,213287,216174,8,2887,2,7200,1.0027710426
213308,213318,216145,10,2827,2,7200,1.00353731871
213331,213341,216547,10,3206,2,7200,1.00311915159
213368,213374,219522,6,6148,2,36000,1.00097592713
213442,213448,213771,6,323,1,3600,1.01857585139
213456,213464,216516,8,3052,2,7200,1.00262123198
213469,213475,406921,6,193446,18,198000,1.00003101641
213921,213929,217245,8,3316,2,7200,1.00241254524
213949,213955,215117,6,1162,2,21600,1.00516351119
213972,213980,216990,8,3010,2,7200,1.00265780731
214044,214052,216887,8,2835,2,7200,1.00282186949
214100,214106,214427,6,321,1,3600,1.01869158879
214110,214121,216894,11,2773,2,7200,1.00396682294
214219,214230,217177,11,2947,2,7200,1.00373260943
214309,214315,214792,6,477,4,90000,1.01257861635
214329,214335,214794,6,459,4,90000,1.01307189542
214331,214341,216105,10,1764,1,14400,1.00566893424
214373,214386,217377,13,2991,2,7200,1.00434637245
214512,214518,214979,6,461,1,3600,1.01301518438
214564,214574,217626,10,3052,2,7200,1.00327653997
214621,214632,217555,11,2923,2,7200,1.00376325693
214627,214638,217853,11,3215,2,7200,1.0034214619
214637,214644,217496,7,2852,2,7200,1.00245441795
214638,214650,217934,12,3284,2,7200,1.00365408039
214661,214670,217692,9,3022,2,7200,1.00297816016
214697,214705,217533,8,2828,2,7200,1.00282885431
214723,214733,218039,10,3306,2,7200,1.00302480339
214857,214865,217990,8,3125,2,7200,1.00256
214934,214944,217922,10,2978,2,7200,1.00335795836
214948,214959,217775,11,2816,2,7200,1.00390625
214995,215005,217974,10,2969,2,7200,1.00336813742
214996,215011,218250,15,3239,2,7200,1.00463105897
215060,215068,218011,8,2943,2,7200,1.00271831464
215083,215093,217975,10,2882,2,7200,1.00346981263
215129,215137,218253,8,3116,2,7200,1.00256739409
215143,215158,218361,15,3203,2,7200,1.00468310958
215172,215178,305225,6,90047,4,90000,1.00006663187
215346,215352,305367,6,90015,4,90000,1.00006665556
215349,215360,218440,11,3080,2,7200,1.00357142857
215355,216111,216237,756,126,1,14400,7.0
215409,215417,218385,8,2968,2,7200,1.00269541779
215415,215423,215737,8,314,1,3600,1.02547770701
215486,215494,218531,8,3037,2,7200,1.00263417847
215517,215523,222099,6,6576,2,21600,1.00091240876
215579,215587,218557,8,2970,2,7200,1.00269360269
215613,215620,218605,7,2985,2,7200,1.00234505863
215673,215681,218669,8,2988,2,7200,1.00267737617
215748,215756,219024,8,3268,2,7200,1.00244798042
215764,215770,221852,6,6082,2,21600,1.00098651759
215803,215814,218810,11,2996,2,7200,1.00367156208
215969,215978,219031,9,3053,2,7200,1.00294792008
216027,216033,219003,6,2970,2,7200,1.00202020202
216075,216086,219077,11,2991,2,7200,1.00367769977
216112,216120,218989,8,2869,2,7200,1.00278842802
216148,216156,219065,8,2909,2,7200,1.00275008594
216175,216186,219200,11,3014,2,7200,1.00364963504
216240,216247,311622,7,95375,1,504000,1.0000733945
216254,216264,219142,10,2878,2,7200,1.00347463516
216517,216527,219778,10,3251,2,7200,1.00307597662
216541,216548,218205,7,1657,1,14400,1.00422450211
216547,216558,219903,11,3345,2,7200,1.00328849028
216561,218216,218280,1655,64,1,14400,26.859375
216581,218287,218341,1706,54,1,14400,32.5925925926
216588,218347,218399,1759,52,1,14400,34.8269230769
216591,218405,218457,1814,52,1,14400,35.8846153846
216889,216899,219928,10,3029,2,7200,1.00330141961
216895,216905,219734,10,2829,2,7200,1.00353481796
216898,216911,311622,13,94711,1,504000,1.00013725966
216992,217002,220199,10,3197,2,7200,1.00312793244
217124,217129,224750,5,7621,2,21600,1.00065608188
217179,217188,220252,9,3064,2,7200,1.00293733681
217246,217256,220230,10,2974,2,7200,1.00336247478
217379,217388,220295,9,2907,2,7200,1.00309597523
217497,217507,220278,10,2771,2,7200,1.00360880549
217533,217544,220708,11,3164,2,7200,1.00347661188
217558,217566,220742,8,3176,2,7200,1.00251889169
217627,217637,220673,10,3036,2,7200,1.00329380764
217694,217704,220841,10,3137,2,7200,1.00318775901
217754,217760,226789,6,9029,2,54000,1.00066452542
217776,217786,220709,10,2923,2,7200,1.00342114266
217855,217864,220754,9,2890,2,7200,1.00311418685
217924,217934,220981,10,3047,2,7200,1.00328191664
217939,217945,220997,6,3052,2,7200,1.00196592398
217975,217986,221109,11,3123,2,7200,1.00352225424
217977,217991,220788,14,2797,2,7200,1.00500536289
217991,218001,220979,10,2978,2,7200,1.00335795836
218012,218023,220816,11,2793,2,7200,1.00393841747
218041,218050,220886,9,2836,2,7200,1.00317348378
218205,218211,218520,6,309,1,3600,1.01941747573
218252,218261,221232,9,2971,2,7200,1.00302928307
218266,218273,221470,7,3197,2,7200,1.00218955271
218364,218372,221203,8,2831,2,7200,1.00282585659
218388,218396,221467,8,3071,2,7200,1.00260501465
218443,218451,221488,8,3037,2,7200,1.00263417847
218534,218542,221407,8,2865,2,7200,1.00279232112
218558,218568,221816,10,3248,2,7200,1.00307881773
218607,218616,221592,9,2976,2,7200,1.00302419355
218670,218680,221687,10,3007,2,7200,1.00332557366
218818,218824,222147,6,3323,2,7200,1.00180559735
218991,219000,222089,9,3089,2,7200,1.00291356426
219006,219015,221846,9,2831,2,7200,1.00317908866
219027,219036,221559,9,2523,2,7200,1.00356718193
219033,219042,222249,9,3207,2,7200,1.00280636109
219066,219076,221960,10,2884,2,7200,1.00346740638
219081,219089,222161,8,3072,2,7200,1.00260416667
219145,219153,222530,8,3377,2,7200,1.00236896654
219202,219212,222142,10,2930,2,7200,1.00341296928
219737,219746,222687,9,2941,2,7200,1.00306018361
219776,219789,222719,13,2930,2,7200,1.00443686007
219906,219914,222818,8,2904,2,7200,1.00275482094
219930,219939,223029,9,3090,2,7200,1.00291262136
220002,220008,220310,6,302,1,3600,1.01986754967
220194,220201,220404,7,203,4,126000,1.03448275862
220202,220210,222748,8,2538,2,7200,1.00315208826
220232,220241,223112,9,2871,2,7200,1.00313479624
220254,220264,223218,10,2954,2,7200,1.00338524035
220281,220289,223222,8,2933,2,7200,1.00272758268
220296,220306,223210,10,2904,2,7200,1.00344352617
220345,220352,220406,7,54,4,126000,1.12962962963
220435,220441,220544,6,103,4,126000,1.05825242718
220502,220508,220565,6,57,4,126000,1.10526315789
220675,220685,223767,10,3082,2,7200,1.00324464633
220690,220696,220757,6,61,4,126000,1.09836065574
220696,220702,221041,6,339,4,126000,1.01769911504
220711,220721,223543,10,2822,2,7200,1.00354358611
220713,220727,223798,14,3071,2,7200,1.00455877564
220745,220753,223780,8,3027,2,7200,1.00264288074
220755,220766,223627,11,2861,2,7200,1.00384480951
220790,220799,223815,9,3016,2,7200,1.00298408488
220819,220827,223710,8,2883,2,7200,1.00277488727
220843,220852,223616,9,2764,2,7200,1.00325615051
220887,220897,223543,10,2646,2,7200,1.00377928949
220982,220992,223864,10,2872,2,7200,1.00348189415
220984,220998,224004,14,3006,2,7200,1.00465735196
220999,221009,223930,10,2921,2,7200,1.00342348511
221111,221120,224110,9,2990,2,7200,1.00301003344
221154,221160,221228,6,68,4,126000,1.08823529412
221204,221215,223922,11,2707,2,7200,1.00406353897
221234,221243,224503,9,3260,2,7200,1.0027607362
221303,221309,221401,6,92,4,126000,1.0652173913
221411,221419,224224,8,2805,2,7200,1.00285204991
221468,221478,224404,10,2926,2,7200,1.003417635
221472,221484,224436,12,2952,2,7200,1.00406504065
221489,221499,224430,10,2931,2,7200,1.00341180484
221563,221570,224387,7,2817,2,7200,1.00248491303
221595,221603,224681,8,3078,2,7200,1.00259909032
221625,221631,221685,6,54,4,126000,1.11111111111
221690,221698,224521,8,2823,2,7200,1.00283386468
221820,221828,224683,8,2855,2,7200,1.00280210158
221850,221858,224683,8,2825,2,7200,1.00283185841
221873,221879,222108,6,229,4,126000,1.02620087336
221962,221971,224981,9,3010,2,7200,1.00299003322
222045,222052,224112,7,2060,8,7200,1.00339805825
222092,222100,225130,8,3030,2,7200,1.00264026403
222119,222125,222154,6,29,4,126000,1.20689655172
222144,222153,225143,9,2990,2,7200,1.00301003344
222159,222165,225197,6,3032,2,7200,1.00197889182
222162,222172,225092,10,2920,2,7200,1.00342465753
222174,222180,222209,6,29,4,126000,1.20689655172
222229,222235,222265,6,30,4,126000,1.2
222249,222260,225175,11,2915,2,7200,1.00377358491
222298,222305,222774,7,469,4,126000,1.01492537313
222463,222469,223291,6,822,4,3600,1.00729927007
222534,222542,225717,8,3175,2,7200,1.00251968504
222657,222663,227905,6,5242,1,64800,1.0011446013
222665,222671,222673,6,2,4,1500,1.0
222688,222698,225714,10,3016,2,7200,1.00331564987
222721,222730,225675,9,2945,2,7200,1.00305602716
222749,222759,225788,10,3029,2,7200,1.00330141961
222821,222830,225866,9,3036,2,7200,1.00296442688
223030,223040,225763,10,2723,2,7200,1.00367242012
223115,223140,226245,25,3105,2,7200,1.00805152979
223117,223128,225506,11,2378,8,7200,1.00462573591
223117,223134,225555,17,2421,12,7200,1.00702189178
223117,223123,223418,6,295,1,3600,1.02033898305
223211,223222,226205,11,2983,2,7200,1.00368756286
223221,223229,226075,8,2846,2,7200,1.00281096275
223235,223242,226189,7,2947,2,7200,1.00237529691
223547,223560,226527,13,2967,2,7200,1.00438153017
223547,223554,226615,7,3061,2,7200,1.00228683437
223613,223619,223785,6,166,4,126000,1.03614457831
223617,223627,226552,10,2925,2,7200,1.00341880342
223632,223638,226579,6,2941,2,7200,1.00204012241
223711,223720,226744,9,3024,2,7200,1.00297619048
223768,223778,226689,10,2911,2,7200,1.00343524562
223783,223791,226805,8,3014,2,7200,1.00265428003
223799,223809,226594,10,2785,2,7200,1.00359066427
223817,223827,227062,10,3235,2,7200,1.00309119011
223860,223866,224206,6,340,4,126000,1.01764705882
223866,223876,226823,10,2947,2,7200,1.0033932813
223923,223933,226794,10,2861,2,7200,1.00349528137
223937,223944,226856,7,2912,2,7200,1.00240384615
224007,224015,226986,8,2971,2,7200,1.00269269606
224067,224073,225168,6,1095,4,7200,1.00547945205
224113,224121,227109,8,2988,2,7200,1.00267737617
224226,224235,227329,9,3094,2,7200,1.00290885585
224389,224398,227297,9,2899,2,7200,1.0031045188
224406,224416,227235,10,2819,2,7200,1.00354735722
224433,224439,224727,6,288,1,3600,1.02083333333
224434,224445,227228,11,2783,2,7200,1.00395256917
224438,224451,227176,13,2725,2,7200,1.0047706422
224446,224457,224494,11,37,4,126000,1.2972972973
224504,224514,227694,10,3180,2,7200,1.00314465409
224522,224532,227655,10,3123,2,7200,1.00320204931
224681,224687,224719,6,32,4,126000,1.1875
224683,224693,227616,10,2923,2,7200,1.00342114266
224685,224700,227588,15,2888,2,7200,1.00519390582
224698,224706,227758,8,3052,2,7200,1.00262123198
224823,224829,224860,6,31,4,126000,1.1935483871
224897,224904,225188,7,284,1,3600,1.02464788732
224984,224992,227931,8,2939,2,7200,1.00272201429
225094,225103,228359,9,3256,2,7200,1.00276412776
225133,225141,228056,8,2915,2,7200,1.00274442539
225137,225148,225150,11,2,1,600,1.3
225143,225154,228082,11,2928,2,7200,1.0037568306
225165,225171,225220,6,49,4,126000,1.12244897959
225177,225186,228096,9,2910,2,7200,1.00309278351
225198,225208,228217,10,3009,2,7200,1.00332336324
225219,225225,225297,6,72,1,600,1.08333333333
225336,225342,225377,6,35,4,126000,1.17142857143
225403,225409,225689,6,280,1,3600,1.02142857143
225454,225460,225496,6,36,4,126000,1.16666666667
225679,225686,228747,7,3061,2,7200,1.00228683437
225713,225719,225996,6,277,1,3600,1.02166064982
225718,225732,228775,14,3043,2,7200,1.00460072297
225719,225726,228719,7,2993,2,7200,1.00233879051
225764,225774,228680,10,2906,2,7200,1.00344115623
225791,225800,228281,9,2481,2,7200,1.00362756953
225845,225851,225885,6,34,4,126000,1.17647058824
225868,225877,228735,9,2858,2,7200,1.00314905528
225937,225943,227768,6,1825,1,1800,1.00328767123
226054,226060,226399,6,339,1,3600,1.01769911504
226076,226086,229267,10,3181,2,7200,1.00314366551
226116,226122,226518,6,396,4,126000,1.01515151515
226190,226200,229016,10,2816,2,7200,1.00355113636
226205,226216,229058,11,2842,2,7200,1.00387051372
226248,226256,229083,8,2827,2,7200,1.00282985497
226433,226439,230388,6,3949,2,14400,1.00151937199
226528,226534,226567,6,33,4,126000,1.18181818182
226530,226540,229577,10,3037,2,7200,1.00329272308
226554,226564,229462,10,2898,2,7200,1.00345065562
226581,226590,229369,9,2779,2,7200,1.00323857503
226595,226605,229773,10,3168,2,7200,1.00315656566
226617,226626,229561,9,2935,2,7200,1.00306643952
226651,226657,227050,6,393,4,126000,1.01526717557
226692,226700,229557,8,2857,2,7200,1.00280014001
226746,226755,229539,9,2784,2,7200,1.00323275862
226794,226805,229828,11,3023,2,7200,1.00363876943
226809,226816,229665,7,2849,2,7200,1.00245700246
226825,226834,229632,9,2798,2,7200,1.00321658327
226857,226867,230264,10,3397,2,7200,1.00294377392
226986,226997,229918,11,2921,2,7200,1.00376583362
227065,227073,230077,8,3004,2,7200,1.00266311585
227109,227120,229959,11,2839,2,7200,1.00387460373
227178,227187,229977,9,2790,2,7200,1.00322580645
227225,227231,232884,6,5653,2,21600,1.00106138334
227230,227239,230382,9,3143,2,7200,1.0028635062
227245,227251,230228,6,2977,2,7200,1.0020154518
227253,227259,227969,6,710,8,7200,1.00845070423
227299,227308,230291,9,2983,2,7200,1.00301709688
227332,227340,230615,8,3275,2,7200,1.00244274809
227590,227596,234717,6,7121,2,21600,1.00084257829
227591,227602,230350,11,2748,2,7200,1.00400291121
227619,227627,230759,8,3132,2,7200,1.00255427842
227657,227666,230864,9,3198,2,7200,1.00281425891
227696,227705,230810,9,3105,2,7200,1.00289855072
227760,227769,230725,9,2956,2,7200,1.00304465494
227935,227942,230964,7,3022,2,7200,1.00231634679
228005,228011,228120,6,109,1,3600,1.05504587156
228009,228017,228018,8,1,16,10500,1.0
228050,228056,229029,6,973,8,7200,1.00616649538
228058,228067,231181,9,3114,2,7200,1.00289017341
228083,228098,231159,15,3061,2,7200,1.00490035936
228086,228092,228093,6,1,4,1500,1.0
228098,228107,231139,9,3032,2,7200,1.00296833773
228100,228112,232260,12,4148,1,7200,1.00289296046
228104,228118,228126,14,8,1,3600,2.2
228140,228146,228797,6,651,1,3600,1.00921658986
228160,228167,228168,7,1,4,1500,1.0
228218,228228,231326,10,3098,2,7200,1.00322788896
228246,228253,228254,7,1,4,1500,1.0
228249,228259,228348,10,89,12,86400,1.11235955056
228281,228292,231294,11,3002,2,7200,1.00366422385
228286,228297,228298,11,1,4,1500,1.2
228319,228325,228326,6,1,1,600,1.0
228360,228375,231498,15,3123,2,7200,1.00480307397
228363,228369,228420,6,51,1,600,1.11764705882
228623,228629,228644,6,15,1,64800,1.4
228631,228637,228639,6,2,4,1500,1.0
228682,228691,231894,9,3203,2,7200,1.00280986575
228700,228706,228707,6,1,4,1500,1.0
228722,228731,231655,9,2924,2,7200,1.00307797538
228737,228746,231806,9,3060,2,7200,1.00294117647
228748,228758,231671,10,2913,2,7200,1.00343288706
228776,228786,231682,10,2896,2,7200,1.00345303867
228803,228809,228895,6,86,4,1500,1.06976744186
228962,228968,229993,6,1025,1,3600,1.00585365854
229019,229028,231974,9,2946,2,7200,1.00305498982
229059,229069,232000,10,2931,2,7200,1.00341180484
229086,229095,231904,9,2809,2,7200,1.00320398718
229270,229278,231864,8,2586,2,7200,1.00309358082
229272,229283,242898,11,13615,1,18000,1.00080793243
229321,229327,243235,6,13908,1,18000,1.00043140638
229372,229381,232461,9,3080,2,7200,1.00292207792
229462,229473,232302,11,2829,2,7200,1.00388829975
229513,229519,247359,6,17840,1,36000,1.00033632287
229539,229545,230677,6,1132,8,7200,1.00530035336
229541,229552,232189,11,2637,2,7200,1.0041714069
229559,229568,232785,9,3217,2,7200,1.00279763755
229574,229580,232603,6,3023,2,7200,1.00198478333
229580,229588,232536,8,2948,2,7200,1.00271370421
229632,229639,229932,7,293,1,54000,1.02389078498
229634,229645,232951,11,3306,2,7200,1.00332728373
229641,229651,229737,10,86,4,1500,1.11627906977
229667,229677,232638,10,2961,2,7200,1.00337723742
229740,229746,231023,6,1277,16,8700,1.00469851214
229776,229785,232531,9,2746,2,7200,1.00327749454
229830,229839,233018,9,3179,2,7200,1.00283107896
229920,229929,233012,9,3083,2,7200,1.00291923451
229962,229970,232844,8,2874,2,7200,1.0027835769
229978,229989,232709,11,2720,2,7200,1.00404411765
230053,230059,231624,6,1565,1,3600,1.00383386581
230064,230070,231023,6,953,8,20340,1.00629590766
230072,230078,230165,6,87,4,1500,1.06896551724
230079,230088,232968,9,2880,2,7200,1.003125
230168,230174,231023,6,849,16,8700,1.00706713781
230230,230239,233237,9,2998,2,7200,1.00300200133
230266,230275,233300,9,3025,2,7200,1.00297520661
230292,230302,233265,10,2963,2,7200,1.00337495781
230352,230361,233198,9,2837,2,7200,1.00317236517
230368,230379,231023,11,644,16,10500,1.01708074534
230368,230374,231023,6,649,16,10500,1.0092449923
230384,230393,233469,9,3076,2,7200,1.00292587776
230407,230413,231745,6,1332,2,28800,1.0045045045
230407,231751,233006,1344,1255,2,28800,2.07091633466
230618,230626,233709,8,3083,2,7200,1.00259487512
230727,230736,233610,9,2874,2,7200,1.00313152401
230760,230771,233629,11,2858,2,7200,1.00384884535
230798,230804,230877,6,73,2,1800,1.08219178082
230798,230809,230912,11,103,2,1800,1.1067961165
230799,230826,231000,27,174,2,1800,1.15517241379
230799,230831,230994,32,163,2,1800,1.1963190184
230799,230836,231022,37,186,2,1800,1.19892473118
230799,230815,230918,16,103,2,1800,1.15533980583
230800,230842,231049,42,207,2,1800,1.20289855072
230800,230852,231066,52,214,2,1800,1.24299065421
230800,230847,231063,47,216,2,1800,1.21759259259
230801,230868,231065,67,197,2,1800,1.34010152284
230801,230858,231077,57,219,2,1800,1.2602739726
230801,230863,231061,62,198,2,1800,1.31313131313
230802,230890,231080,88,190,2,1800,1.46315789474
230802,230873,231064,71,191,2,1800,1.37172774869
230802,230884,231069,82,185,2,1800,1.44324324324
230802,230879,231069,77,190,2,1800,1.40526315789
230803,230906,231068,103,162,2,1800,1.63580246914
230803,230895,231076,92,181,2,1800,1.50828729282
230803,230911,231072,108,161,2,1800,1.67080745342
230803,230901,231070,98,169,2,1800,1.5798816568
230811,230820,233877,9,3057,2,7200,1.00294406281
230865,230917,233942,52,3025,2,7200,1.01719008264
230926,230932,236122,6,5190,2,21600,1.00115606936
230967,230976,233780,9,2804,2,7200,1.00320970043
231140,231150,234014,10,2864,2,7200,1.00349162011
231160,231171,234134,11,2963,2,7200,1.00371245359
231181,231192,234256,11,3064,2,7200,1.00359007833
231187,231198,231490,11,292,8,20340,1.03767123288
231201,231207,231292,6,85,4,1500,1.07058823529
231254,231260,231282,6,22,2,1800,1.27272727273
231254,231265,231300,11,35,2,1800,1.31428571429
231255,231283,231337,28,54,2,1800,1.51851851852
231255,231277,231332,22,55,2,1800,1.4
231255,231271,231315,16,44,2,1800,1.36363636364
231256,231299,231383,43,84,2,1800,1.5119047619
231256,231293,231364,37,71,2,1800,1.52112676056
231256,231288,231349,32,61,2,1800,1.52459016393
231257,231309,231424,52,115,2,1800,1.45217391304
231257,231304,231389,47,85,2,1800,1.55294117647
231257,231314,231400,57,86,2,1800,1.66279069767
231257,231320,231415,63,95,2,1800,1.66315789474
231258,231330,231426,72,96,2,1800,1.75
231258,231336,231432,78,96,2,1800,1.8125
231258,231341,231438,83,97,2,1800,1.85567010309
231258,231325,231431,67,106,2,1800,1.6320754717
231259,231357,231435,98,78,2,1800,2.25641025641
231259,231346,231435,87,89,2,1800,1.97752808989
231259,231352,231439,93,87,2,1800,2.06896551724
231260,231362,231440,102,78,2,1800,2.30769230769
231296,231369,234473,73,3104,2,7200,1.02351804124
231326,231374,234205,48,2831,2,7200,1.01695513953
231376,231382,240117,6,8735,8,20340,1.00068689181
231420,231426,231515,6,89,4,1500,1.06741573034
231501,231509,234543,8,3034,2,7200,1.00263678312
231519,231525,237047,6,5522,16,8700,1.00108656284
231658,231666,234659,8,2993,2,7200,1.00267290344
231673,231683,234723,10,3040,2,7200,1.00328947368
231685,231693,234730,8,3037,2,7200,1.00263417847
231705,231711,240119,6,8408,16,10500,1.00071360609
231721,231727,240118,6,8391,16,10500,1.00071505184
231768,231935,240119,167,8184,16,10500,1.0204056696
231769,231946,240118,177,8172,16,10500,1.02165932452
231769,231940,240118,171,8178,16,10500,1.02090975789
231769,238627,240119,6858,1492,16,10500,5.59651474531
231769,231951,240119,182,8168,16,10500,1.0222820764
231808,231818,234965,10,3147,2,7200,1.00317762949
231865,231876,234651,11,2775,2,7200,1.00396396396
231896,231905,234841,9,2936,2,7200,1.0030653951
231910,231917,234871,7,2954,2,7200,1.00236966825
231977,231986,234999,9,3013,2,7200,1.00298705609
232001,232011,235388,10,3377,2,7200,1.00296120817
232191,232200,235171,9,2971,2,7200,1.00302928307
232255,233018,238667,763,5649,2,21600,1.13506815366
232302,232313,235194,11,2881,2,7200,1.00381811871
232454,240135,240806,7681,671,8,7200,12.4470938897
232462,232472,235408,10,2936,2,7200,1.00340599455
232534,232543,235448,9,2905,2,7200,1.00309810671
232549,232555,235318,6,2763,2,7200,1.00217155266
232604,232614,235574,10,2960,2,7200,1.00337837838
232640,232650,235427,10,2777,2,7200,1.00360100828
232646,232657,234180,11,1523,1,3600,1.007222587
232712,232721,235549,9,2828,2,7200,1.0031824611
232788,232796,235894,8,3098,2,7200,1.00258231117
232845,232856,235948,11,3092,2,7200,1.00355756792
232953,232962,235667,9,2705,2,7200,1.0033271719
232971,232980,236054,9,3074,2,7200,1.00292778139
233013,233024,235999,11,2975,2,7200,1.00369747899
233028,233034,236082,6,3048,2,7200,1.00196850394
233201,233209,236218,8,3009,2,7200,1.00265869059
233230,238679,244295,5449,5616,2,21600,1.97026353276
233239,233248,236128,9,2880,2,7200,1.003125
233267,233276,236051,9,2775,2,7200,1.00324324324
233302,233311,236453,9,3142,2,7200,1.00286441757
233370,241476,242756,8106,1280,2,28800,7.3328125
233370,240182,241470,6812,1288,2,28800,6.28881987578
233371,242762,244054,9391,1292,2,28800,8.26857585139
233371,244060,245364,10689,1304,2,28800,9.19708588957
233372,245370,246678,11998,1308,2,28800,10.1727828746
233373,246684,247949,13311,1265,2,28800,11.5225296443
233374,249237,250528,15863,1291,2,28800,13.2873741286
233374,247956,249227,14582,1271,2,28800,12.4728560189
233375,250535,251810,17160,1275,2,28800,14.4588235294
233376,251817,253104,18441,1287,2,28800,15.3286713287
233471,233480,236591,9,3111,2,7200,1.00289296046
233552,233559,233587,7,28,2,3600,1.25
233612,233622,236689,10,3067,2,7200,1.00326051516
233630,233641,236541,11,2900,2,7200,1.00379310345
233678,233685,243663,7,9978,1,36000,1.0007015434
233690,238932,243077,5242,4145,2,21600,2.2646562123
233711,233721,236750,10,3029,2,7200,1.00330141961
233730,240188,243996,6458,3808,1,36000,2.69590336134
233780,233791,236717,11,2926,2,7200,1.0037593985
233843,234555,236232,712,1677,2,15000,1.42456768038
233843,234663,236307,820,1644,2,15000,1.49878345499
233844,234671,236303,827,1632,2,15000,1.50674019608
233844,234735,236410,891,1675,2,15000,1.53194029851
233845,234853,236513,1008,1660,2,15000,1.60722891566
233845,234743,236434,898,1691,2,15000,1.53104671792
233846,234883,236485,1037,1602,2,15000,1.64731585518
233846,234977,236573,1131,1596,2,15000,1.70864661654
233847,235183,236866,1336,1683,2,15000,1.79382055853
233847,235011,236662,1164,1651,2,15000,1.70502725621
233848,235205,236801,1357,1596,2,15000,1.85025062657
233848,235329,236967,1481,1638,2,15000,1.90415140415
233849,235420,237099,1571,1679,2,15000,1.93567599762
233849,235400,237013,1551,1613,2,15000,1.96156230626
233850,235460,237135,1610,1675,2,15000,1.96119402985
233850,235439,237135,1589,1696,2,15000,1.93691037736
233851,235586,237250,1735,1664,2,15000,2.04266826923
233851,235560,237244,1709,1684,2,15000,2.0148456057
233852,235906,237581,2054,1675,2,15000,2.22626865672
233852,235678,237273,1826,1595,2,15000,2.14482758621
233853,235960,237668,2107,1708,2,15000,2.23360655738
233853,236011,237674,2158,1663,2,15000,2.29765484065
233854,236064,237767,2210,1703,2,15000,2.29770992366
233854,236071,237728,2217,1657,2,15000,2.33796016898
233880,233888,236779,8,2891,2,7200,1.00276720858
233946,233954,236899,8,2945,2,7200,1.00271646859
234017,234026,237071,9,3045,2,7200,1.00295566502
234137,234145,237113,8,2968,2,7200,1.00269541779
234206,234216,237256,10,3040,2,7200,1.00328947368
234257,234268,237204,11,2936,2,7200,1.00374659401
234321,234327,235994,6,1667,1,3600,1.00359928014
234474,234484,237580,10,3096,2,7200,1.00322997416
234497,237058,238485,2561,1427,8,7200,2.79467414156
234699,240177,240182,5478,5,1,28800,548.3
235075,237064,238616,1989,1552,12,14400,2.28157216495
235135,238937,245704,3802,6767,2,21600,1.56184424413
235177,240193,302043,5016,61850,1,86400,1.08109943411
235225,240198,319902,4973,79704,1,86400,1.06239335542
235271,240204,316627,4933,76423,1,86400,1.06454863065
235336,240209,326655,4873,86446,1,86400,1.05637045092
235385,240214,326645,4829,86431,1,86400,1.05587115734
235865,240140,247564,4275,7424,2,21600,1.57583512931
236110,240161,398012,4051,157851,1,158400,1.02566344211
236180,240166,398618,3986,158452,1,158400,1.02515588317
236246,240145,248238,3899,8093,2,21600,1.48177437291
236465,240172,398612,3707,158440,1,158400,1.02339686948
236579,236586,236605,7,19,1,20,1.36842105263
236743,240150,253268,3407,13118,2,54000,1.25971946943
237042,240156,294192,3114,54036,2,54000,1.05762824783
238803,240129,245835,1326,5706,11,28800,1.23238696109
240657,240663,246204,6,5541,16,8700,1.00108283703
241351,241357,241440,6,83,4,1500,1.07228915663
242669,242675,246814,6,4139,8,7200,1.00144962551
243209,243215,263961,6,20746,1,36000,1.00028921238
243589,243595,262761,6,19166,1,36000,1.00031305437
243942,243948,267231,6,23283,1,36000,1.00025769875
244174,244181,266313,7,22132,1,36000,1.00031628411
244446,244452,244472,6,20,1,86400,1.3
244512,244518,330922,6,86404,1,86400,1.00006944123
244994,245000,245002,6,2,1,86400,1.0
245172,245178,283910,6,38732,1,86400,1.00015491067
245842,245847,245849,5,2,2,3540,1.0
246076,246083,248853,7,2770,2,7200,1.00252707581
246077,246088,248879,11,2791,2,7200,1.0039412397
246078,246099,248911,21,2812,2,7200,1.00746799431
246078,246094,248900,16,2806,2,7200,1.005702067
246079,246105,249139,26,3034,2,7200,1.00856954515
246080,246115,249190,35,3075,2,7200,1.01138211382
246080,246110,249191,30,3081,2,7200,1.00973709834
246081,246121,249347,40,3226,2,7200,1.01239925604
246082,246131,249298,49,3167,2,7200,1.01547205557
246082,246126,248951,44,2825,2,7200,1.01557522124
246083,246142,249138,59,2996,2,7200,1.0196929239
246083,246137,249374,54,3237,2,7200,1.01668211307
246085,246153,249130,68,2977,2,7200,1.02284178703
246085,246147,249376,62,3229,2,7200,1.01920099102
246086,246158,248980,72,2822,2,7200,1.02551381999
246086,246163,249096,77,2933,2,7200,1.02625298329
246087,246174,249491,87,3317,2,7200,1.02622851975
246087,246169,249089,82,2920,2,7200,1.02808219178
246089,246179,248983,90,2804,2,7200,1.03209700428
246089,246185,249215,96,3030,2,7200,1.03168316832
246090,246190,249462,100,3272,2,7200,1.03056234719
246090,246196,249357,106,3161,2,7200,1.03353369187
246091,246201,249251,110,3050,2,7200,1.03606557377
246091,246206,249075,115,2869,2,7200,1.04008365284
246092,246212,248877,120,2665,2,7200,1.04502814259
246093,246217,249347,124,3130,2,7200,1.03961661342
246094,246228,249034,134,2806,2,7200,1.04775481112
246094,246222,249119,128,2897,2,7200,1.04418363825
246095,246233,249604,138,3371,2,7200,1.0409374073
246095,246238,249272,143,3034,2,7200,1.04713249835
246096,246244,249104,148,2860,2,7200,1.05174825175
246096,246249,249124,153,2875,2,7200,1.0532173913
246098,246254,249151,156,2897,2,7200,1.05384880911
246098,246260,249146,162,2886,2,7200,1.05613305613
246099,246270,249194,171,2924,2,7200,1.05848153215
246099,246265,249129,166,2864,2,7200,1.05796089385
246100,246276,249191,176,2915,2,7200,1.06037735849
246100,246281,249177,181,2896,2,7200,1.0625
246101,246286,249198,185,2912,2,7200,1.06353021978
246102,246292,249342,190,3050,2,7200,1.06229508197
246903,246909,248341,6,1432,8,7200,1.00418994413
247297,247303,271329,6,24026,1,36000,1.00024972946
248856,248864,251957,8,3093,2,7200,1.00258648561
248874,248888,251855,14,2967,2,7200,1.00471857095
248880,248894,251941,14,3047,2,7200,1.0045946833
248901,248911,251992,10,3081,2,7200,1.00324569945
248913,248922,252223,9,3301,2,7200,1.00272644653
248952,248962,251917,10,2955,2,7200,1.00338409475
248982,248991,251923,9,2932,2,7200,1.00306957708
248997,249003,252168,6,3165,2,7200,1.0018957346
249037,249046,252210,9,3164,2,7200,1.00284450063
249076,249087,252229,11,3142,2,7200,1.00350095481
249090,249100,252232,10,3132,2,7200,1.00319284802
249097,249107,251951,10,2844,2,7200,1.0035161744
249105,249115,252251,10,3136,2,7200,1.00318877551
249120,249130,252164,10,3034,2,7200,1.00329597891
249127,249136,252284,9,3148,2,7200,1.00285895807
249135,249142,252255,7,3113,2,7200,1.00224863476
249141,249148,251694,7,2546,2,7200,1.00274941084
249143,249154,252303,11,3149,2,7200,1.00349317244
249150,249160,252338,10,3178,2,7200,1.0031466331
249157,249166,252194,9,3028,2,7200,1.00297225892
249164,249173,252223,9,3050,2,7200,1.00295081967
249178,249188,252514,10,3326,2,7200,1.00300661455
249191,249207,252332,16,3125,2,7200,1.00512
249193,249201,252361,8,3160,2,7200,1.00253164557
249193,249213,252049,20,2836,2,7200,1.00705218618
249208,249219,252263,11,3044,2,7200,1.00361366623
249208,249225,252318,17,3093,2,7200,1.00549628193
249223,249231,252310,8,3079,2,7200,1.00259824618
249253,249262,251998,9,2736,2,7200,1.00328947368
249274,249283,252225,9,2942,2,7200,1.00305914344
249301,249309,252262,8,2953,2,7200,1.00270910938
249343,249353,252239,10,2886,2,7200,1.00346500347
249358,249364,252286,6,2922,2,7200,1.00205338809
249360,249370,252390,10,3020,2,7200,1.00331125828
249361,249376,252262,15,2886,2,7200,1.0051975052
249377,249385,252677,8,3292,2,7200,1.00243013366
249379,249391,252188,12,2797,2,7200,1.00429031105
249463,249473,252422,10,2949,2,7200,1.00339097999
249494,249503,252634,9,3131,2,7200,1.002874481
249605,249615,252576,10,2961,2,7200,1.00337723742
251695,251705,254892,10,3187,2,7200,1.0031377471
251858,251866,254881,8,3015,2,7200,1.00265339967
251918,251928,254874,10,2946,2,7200,1.00339443313
251933,251939,254924,6,2985,2,7200,1.00201005025
251942,251952,255135,10,3183,2,7200,1.00314169023
251957,251963,254959,6,2996,2,7200,1.00200267023
251960,251969,255067,9,3098,2,7200,1.00290510006
251992,252003,255006,11,3003,2,7200,1.00366300366
252007,252013,255085,6,3072,2,7200,1.001953125
252051,252060,255128,9,3068,2,7200,1.00293350717
252167,252175,254823,8,2648,2,7200,1.00302114804
252182,252188,255157,6,2969,2,7200,1.00202088245
252195,252202,254972,7,2770,2,7200,1.00252707581
252197,252208,254864,11,2656,2,7200,1.00414156627
252213,252221,255097,8,2876,2,7200,1.00278164117
252227,252235,255055,8,2820,2,7200,1.00283687943
252228,252241,255083,13,2842,2,7200,1.00457424349
252229,252247,255237,18,2990,2,7200,1.00602006689
252242,252253,255270,11,3017,2,7200,1.00364600597
252245,252259,255181,14,2922,2,7200,1.00479123888
252246,252265,255281,19,3016,2,7200,1.00629973475
252257,252271,255207,14,2936,2,7200,1.00476839237
252258,252277,255214,19,2937,2,7200,1.00646918624
252264,252294,255644,30,3350,2,7200,1.00895522388
252266,252283,255285,17,3002,2,7200,1.00566289141
252273,252289,255378,16,3089,2,7200,1.0051796698
252287,252300,255050,13,2750,2,7200,1.00472727273
252288,252306,255402,18,3096,2,7200,1.00581395349
252306,252314,255250,8,2936,2,7200,1.00272479564
252320,252327,255358,7,3031,2,7200,1.00230946882
252322,252333,255385,11,3052,2,7200,1.00360419397
252333,252343,255242,10,2899,2,7200,1.00344946533
252348,252354,255251,6,2897,2,7200,1.00207110804
252363,252372,255344,9,2972,2,7200,1.0030282638
252391,252401,255283,10,2882,2,7200,1.00346981263
252424,252433,255556,9,3123,2,7200,1.00288184438
252515,252525,255554,10,3029,2,7200,1.00330141961
252577,252587,255594,10,3007,2,7200,1.00332557366
252635,252646,255570,11,2924,2,7200,1.0037619699
252680,252688,255477,8,2789,2,7200,1.00286841162
254825,254834,257882,9,3048,2,7200,1.00295275591
254867,254876,257579,9,2703,2,7200,1.00332963374
254882,254888,258031,6,3143,2,7200,1.00190900414
254883,254894,258008,11,3114,2,7200,1.00353243417
254893,254903,257873,10,2970,2,7200,1.00336700337
254925,254935,257885,10,2950,2,7200,1.00338983051
254962,254971,257756,9,2785,2,7200,1.00323159785
254976,254983,258075,7,3092,2,7200,1.00226390686
254978,254989,255130,11,141,1,60,1.0780141844
255007,255017,257777,10,2760,2,7200,1.00362318841
255052,255061,257938,9,2877,2,7200,1.0031282586
255058,255067,258368,9,3301,2,7200,1.00272644653
255073,255078,258031,5,2953,2,7200,1.00169319336
255085,255094,258008,9,2914,2,7200,1.00308853809
255087,255100,257885,13,2785,2,7200,1.00466786355
255100,255108,258199,8,3091,2,7200,1.00258815917
255130,255139,258146,9,3007,2,7200,1.0029930163
255144,255151,258187,7,3036,2,7200,1.00230566535
255160,255168,258178,8,3010,2,7200,1.00265780731
255183,255193,258284,10,3091,2,7200,1.00323519896
255208,255218,258328,10,3110,2,7200,1.00321543408
255223,255229,258181,6,2952,2,7200,1.00203252033
255238,255248,258090,10,2842,2,7200,1.00351864884
255244,255254,258085,10,2831,2,7200,1.00353232073
255253,255261,258213,8,2952,2,7200,1.0027100271
255258,255267,258251,9,2984,2,7200,1.00301608579
255273,255281,258306,8,3025,2,7200,1.0026446281
255283,255292,258180,9,2888,2,7200,1.00311634349
255298,255304,258245,6,2941,2,7200,1.00204012241
255299,255310,258400,11,3090,2,7200,1.00355987055
255345,255356,258284,11,2928,2,7200,1.0037568306
255359,255369,258412,10,3043,2,7200,1.00328623069
255382,255390,258197,8,2807,2,7200,1.00285001781
255386,255396,258046,10,2650,2,7200,1.00377358491
255404,255413,258364,9,2951,2,7200,1.00304981362
255441,255447,255703,6,256,1,660,1.0234375
255478,255488,258424,10,2936,2,7200,1.00340599455
255555,255565,258670,10,3105,2,7200,1.00322061192
255559,255571,258421,12,2850,2,7200,1.00421052632
255573,255581,258745,8,3164,2,7200,1.00252844501
255595,255605,258333,10,2728,2,7200,1.00366568915
255646,255655,258537,9,2882,2,7200,1.00312283137
256498,256505,256506,7,1,1,240,1.0
257582,257590,260413,8,2823,2,7200,1.00283386468
257759,257767,260702,8,2935,2,7200,1.00272572402
257777,257788,260891,11,3103,2,7200,1.00354495649
257874,257884,260869,10,2985,2,7200,1.00335008375
257883,257893,261214,10,3321,2,7200,1.00301114122
257898,257904,260816,6,2912,2,7200,1.00206043956
257899,257910,261153,11,3243,2,7200,1.00339192106
257940,257950,260850,10,2900,2,7200,1.00344827586
258009,258019,260977,10,2958,2,7200,1.00338066261
258011,258025,260991,14,2966,2,7200,1.00472016183
258032,258042,261238,10,3196,2,7200,1.00312891114
258033,258048,260867,15,2819,2,7200,1.00532103583
258048,258057,261080,9,3023,2,7200,1.00297717499
258078,258087,261097,9,3010,2,7200,1.00299003322
258088,258096,261293,8,3197,2,7200,1.00250234595
258093,258102,261237,9,3135,2,7200,1.0028708134
258147,258157,261373,10,3216,2,7200,1.00310945274
258179,258189,261282,10,3093,2,7200,1.00323310702
258180,258195,261300,15,3105,2,7200,1.00483091787
258193,258201,261038,8,2837,2,7200,1.00281988016
258195,258207,261042,12,2835,2,7200,1.00423280423
258208,258214,261246,6,3032,2,7200,1.00197889182
258209,258220,261322,11,3102,2,7200,1.00354609929
258224,258230,261090,6,2860,2,7200,1.0020979021
258248,258256,261336,8,3080,2,7200,1.0025974026
258253,258262,261150,9,2888,2,7200,1.00311634349
258286,258295,261123,9,2828,2,7200,1.0031824611
258287,258301,261367,14,3066,2,7200,1.00456621005
258307,258317,261022,10,2705,2,7200,1.00369685767
258331,258340,261599,9,3259,2,7200,1.00276158331
258346,258352,261449,6,3097,2,7200,1.00193735873
258366,258375,261401,9,3026,2,7200,1.0029742234
258370,258381,261427,11,3046,2,7200,1.0036112935
258402,258412,261517,10,3105,2,7200,1.00322061192
258416,258422,261282,6,2860,2,7200,1.0020979021
258422,258432,261360,10,2928,2,7200,1.00341530055
258436,258442,261302,6,2860,2,7200,1.0020979021
258540,258549,261494,9,2945,2,7200,1.00305602716
258673,258681,261811,8,3130,2,7200,1.00255591054
258748,258756,261686,8,2930,2,7200,1.00273037543
260415,260424,263498,9,3074,2,7200,1.00292778139
260704,260714,263370,10,2656,2,7200,1.00376506024
260819,260827,263910,8,3083,2,7200,1.00259487512
260852,260861,264066,9,3205,2,7200,1.00280811232
260870,260885,263999,15,3114,2,7200,1.00481695568
260870,260879,263830,9,2951,2,7200,1.00304981362
260894,260903,263938,9,3035,2,7200,1.00296540362
260978,260988,264053,10,3065,2,7200,1.00326264274
260993,261003,263994,10,2991,2,7200,1.00334336342
261024,261033,264139,9,3106,2,7200,1.00289761751
261038,261049,264297,11,3248,2,7200,1.00338669951
261045,261055,264053,10,2998,2,7200,1.00333555704
261081,261091,264151,10,3060,2,7200,1.00326797386
261095,261101,263874,6,2773,2,7200,1.0021637216
261110,261116,264126,6,3010,2,7200,1.00199335548
261126,261135,264168,9,3033,2,7200,1.00296735905
261153,261164,263999,11,2835,2,7200,1.00388007055
261155,261170,264113,15,2943,2,7200,1.00509683996
261215,261231,264101,16,2870,2,7200,1.00557491289
261239,261248,264433,9,3185,2,7200,1.00282574568
261240,261254,264034,14,2780,2,7200,1.00503597122
261254,261260,264022,6,2762,2,7200,1.00217233888
261283,261293,264228,10,2935,2,7200,1.00340715503
261285,261299,264239,14,2940,2,7200,1.00476190476
261298,261305,264243,7,2938,2,7200,1.00238257318
261303,261312,264250,9,2938,2,7200,1.00306330837
261313,261319,264180,6,2861,2,7200,1.00209716882
261323,261333,264586,10,3253,2,7200,1.00307408546
261338,261347,264280,9,2933,2,7200,1.00306853051
261361,261371,264242,10,2871,2,7200,1.00348310693
261368,261378,264711,10,3333,2,7200,1.00300030003
261383,261389,264382,6,2993,2,7200,1.00200467758
261404,261412,264515,8,3103,2,7200,1.00257815018
261428,261439,264231,11,2792,2,7200,1.00393982808
261452,261460,264457,8,2997,2,7200,1.002669336
261497,261506,264595,9,3089,2,7200,1.00291356426
261518,261528,264691,10,3163,2,7200,1.00316155549
261600,261610,264419,10,2809,2,7200,1.00355998576
261687,261697,264990,10,3293,2,7200,1.00303674461
261811,261822,264922,11,3100,2,7200,1.0035483871
263372,263382,266020,10,2638,2,7200,1.00379075057
263499,263509,266447,10,2938,2,7200,1.00340367597
263831,263841,266975,10,3134,2,7200,1.00319081047
263876,263885,266875,9,2990,2,7200,1.00301003344
263913,263921,266832,8,2911,2,7200,1.0027481965
263940,263950,266830,10,2880,2,7200,1.00347222222
263997,264005,266775,8,2770,2,7200,1.00288808664
264012,264018,267207,6,3189,2,7200,1.00188146754
264013,264024,266972,11,2948,2,7200,1.00373134328
264028,264034,267151,6,3117,2,7200,1.00192492782
264037,264045,266845,8,2800,2,7200,1.00285714286
264055,264064,267052,9,2988,2,7200,1.00301204819
264056,264069,266992,13,2923,2,7200,1.00444748546
264071,264077,267129,6,3052,2,7200,1.00196592398
264103,264112,266964,9,2852,2,7200,1.00315568022
264118,264124,267136,6,3012,2,7200,1.00199203187
264128,264137,267274,9,3137,2,7200,1.0028689831
264142,264150,266779,8,2629,2,7200,1.00304298212
264152,264162,266898,10,2736,2,7200,1.00365497076
264169,264179,267394,10,3215,2,7200,1.00311041991
264184,264192,267061,8,2869,2,7200,1.00278842802
264229,264240,267207,11,2967,2,7200,1.0037074486
264239,264246,267178,7,2932,2,7200,1.00238744884
264244,264252,266946,8,2694,2,7200,1.00296956199
264246,264258,267163,12,2905,2,7200,1.00413080895
264247,264264,267175,17,2911,2,7200,1.00583991755
264254,264270,267292,16,3022,2,7200,1.00529450695
264281,264291,267428,10,3137,2,7200,1.00318775901
264298,264309,267282,11,2973,2,7200,1.00369996636
264383,264393,267483,10,3090,2,7200,1.00323624595
264422,264430,267322,8,2892,2,7200,1.00276625173
264437,264444,267497,7,3053,2,7200,1.00229282673
264458,264468,267184,10,2716,2,7200,1.00368188513
264516,264526,267514,10,2988,2,7200,1.00334672021
264589,264597,267729,8,3132,2,7200,1.00255427842
264604,264610,267650,6,3040,2,7200,1.00197368421
264694,264703,267763,9,3060,2,7200,1.00294117647
264712,264722,267793,10,3071,2,7200,1.00325626832
264923,264933,267983,10,3050,2,7200,1.00327868852
264992,265001,267924,9,2923,2,7200,1.0030790284
266023,266031,269134,8,3103,2,7200,1.00257815018
266449,266459,269435,10,2976,2,7200,1.00336021505
266778,266786,269580,8,2794,2,7200,1.00286327845
266792,266799,270076,7,3277,2,7200,1.00213610009
266832,266841,269737,9,2896,2,7200,1.00310773481
266846,266852,269714,6,2862,2,7200,1.00209643606
266846,266858,269983,12,3125,2,7200,1.00384
266860,266866,266941,6,75,1,14400,1.08
266876,266886,269919,10,3033,2,7200,1.00329706561
266900,266909,269956,9,3047,2,7200,1.00295372498
266949,266957,270092,8,3135,2,7200,1.00255183413
266967,266975,269978,8,3003,2,7200,1.00266400266
266976,266983,270008,7,3025,2,7200,1.00231404959
266981,266989,270163,8,3174,2,7200,1.00252047889
266993,267003,269933,10,2930,2,7200,1.00341296928
267031,267038,279277,7,12239,1,14400,1.00057194215
267053,267063,270013,10,2950,2,7200,1.00338983051
267063,267072,270085,9,3013,2,7200,1.00298705609
267132,267140,270104,8,2964,2,7200,1.00269905533
267138,267147,269930,9,2783,2,7200,1.00323392023
267153,267162,270032,9,2870,2,7200,1.0031358885
267167,267174,270139,7,2965,2,7200,1.0023608769
267180,267186,270283,6,3097,2,7200,1.00193735873
267182,267192,270133,10,2941,2,7200,1.00340020401
267197,267203,269923,6,2720,2,7200,1.00220588235
267212,267218,270071,6,2853,2,7200,1.00210304942
267213,267224,270153,11,2929,2,7200,1.00375554797
267276,267286,270182,10,2896,2,7200,1.00345303867
267286,267293,270250,7,2957,2,7200,1.00236726412
267294,267304,270448,10,3144,2,7200,1.00318066158
267327,267333,270195,6,2862,2,7200,1.00209643606
267398,267405,270439,7,3034,2,7200,1.00230718523
267430,267439,270345,9,2906,2,7200,1.00309704061
267484,267494,270595,10,3101,2,7200,1.0032247662
267500,267508,270504,8,2996,2,7200,1.00267022697
267514,267525,270546,11,3021,2,7200,1.00364117842
267654,267661,270682,7,3021,2,7200,1.00231711354
267662,267668,267676,6,8,1,3600,1.4
267729,267740,270492,11,2752,2,7200,1.00399709302
267765,267774,270746,9,2972,2,7200,1.0030282638
267769,267780,267909,11,129,1,3600,1.08527131783
267795,267804,271203,9,3399,2,7200,1.0026478376
267925,267935,270836,10,2901,2,7200,1.00344708721
267985,267995,270998,10,3003,2,7200,1.00333000333
268005,268011,268319,6,308,1,3600,1.01948051948
268501,268507,269153,6,646,1,3600,1.0092879257
269137,269145,272016,8,2871,2,7200,1.00278648555
269178,269184,283709,6,14525,2,14400,1.0004130809
269439,269447,272505,8,3058,2,7200,1.00261608895
269527,269534,269540,7,6,1,3600,1.3
269581,269591,272518,10,2927,2,7200,1.00341646737
269635,269641,269743,6,102,1,3600,1.05882352941
269716,269725,272630,9,2905,2,7200,1.00309810671
269740,269748,272799,8,3051,2,7200,1.00262209112
269850,269856,270362,6,506,1,3600,1.01185770751
269922,269930,273282,8,3352,2,7200,1.00238663484
269924,269936,273250,12,3314,2,7200,1.00362100181
269937,269942,272924,5,2982,2,7200,1.00167672703
269939,269948,272730,9,2782,2,7200,1.00323508267
269957,269967,272984,10,3017,2,7200,1.00331455088
269978,269989,273351,11,3362,2,7200,1.00327186199
269993,269999,273186,6,3187,2,7200,1.00188264826
270009,270019,272908,10,2889,2,7200,1.00346140533
270023,270029,273041,6,3012,2,7200,1.00199203187
270032,270043,273145,11,3102,2,7200,1.00354609929
270071,270082,273103,11,3021,2,7200,1.00364117842
270086,270093,273370,7,3277,2,7200,1.00213610009
270088,270099,273150,11,3051,2,7200,1.00360537529
270103,270109,273007,6,2898,2,7200,1.00207039337
270105,270115,272997,10,2882,2,7200,1.00346981263
270136,270144,273154,8,3010,2,7200,1.00265780731
270150,270156,273332,6,3176,2,7200,1.00188916877
270165,270171,273372,6,3201,2,7200,1.00187441425
270166,270177,273247,11,3070,2,7200,1.00358306189
270184,270193,273156,9,2963,2,7200,1.00303746203
270197,270206,273187,9,2981,2,7200,1.0030191211
270251,270261,273191,10,2930,2,7200,1.00341296928
270286,270295,272837,9,2542,2,7200,1.00354051928
270346,270356,273559,10,3203,2,7200,1.00312207306
270442,270450,273140,8,2690,2,7200,1.0029739777
270449,270460,273386,11,2926,2,7200,1.0037593985
270494,270503,273620,9,3117,2,7200,1.00288739172
270505,270515,273397,10,2882,2,7200,1.00346981263
270548,270557,273517,9,2960,2,7200,1.00304054054
270596,270606,273514,10,2908,2,7200,1.00343878955
270611,270618,271242,7,624,1,3600,1.01121794872
270684,270694,273708,10,3014,2,7200,1.00331785003
270747,270758,273799,11,3041,2,7200,1.00361723117
270837,270847,274048,10,3201,2,7200,1.00312402374
271001,271009,273794,8,2785,2,7200,1.00287253142
271204,271214,274131,10,2917,2,7200,1.00342817964
271339,271345,271353,6,8,1,1800,1.4
271571,271578,271863,7,285,1,3600,1.02456140351
271582,271588,271669,6,81,1,1800,1.07407407407
271958,271965,272756,7,791,1,3600,1.00884955752
272019,272027,274969,8,2942,2,7200,1.00271923861
272103,272110,272202,7,92,1,1800,1.07608695652
272507,272516,275459,9,2943,2,7200,1.00305810398
272521,272529,275526,8,2997,2,7200,1.002669336
272631,272642,275506,11,2864,2,7200,1.00384078212
272732,272742,275705,10,2963,2,7200,1.00337495781
272802,272810,276061,8,3251,2,7200,1.0024607813
272839,272848,275388,9,2540,2,7200,1.00354330709
272908,272919,275896,11,2977,2,7200,1.00369499496
272926,272935,275838,9,2903,2,7200,1.00310024113
272943,272949,273756,6,807,1,3600,1.00743494424
272955,272961,273327,6,366,1,1800,1.01639344262
272986,272995,275911,9,2916,2,7200,1.00308641975
273001,273009,275932,8,2923,2,7200,1.00273691413
273007,273018,275878,11,2860,2,7200,1.00384615385
273043,273052,276178,9,3126,2,7200,1.00287907869
273104,273114,275957,10,2843,2,7200,1.00351741119
273143,273151,276303,8,3152,2,7200,1.00253807107
273158,273171,276191,13,3020,2,7200,1.00430463576
273158,273165,276407,7,3242,2,7200,1.00215916101
273160,273176,276237,16,3061,2,7200,1.00522704998
273161,273182,276200,21,3018,2,7200,1.0069582505
273188,273197,276174,9,2977,2,7200,1.0030231777
273190,273203,275964,13,2761,2,7200,1.00470843897
273204,273210,276444,6,3234,2,7200,1.00185528757
273250,273258,276117,8,2859,2,7200,1.00279818118
273251,273264,276174,13,2910,2,7200,1.00446735395
273286,273294,276219,8,2925,2,7200,1.00273504274
273337,273343,276395,6,3052,2,7200,1.00196592398
273352,273362,276440,10,3078,2,7200,1.0032488629
273373,273381,276353,8,2972,2,7200,1.00269179004
273374,273388,276290,14,2902,2,7200,1.00482425913
273389,273397,276253,8,2856,2,7200,1.00280112045
273398,273408,275922,10,2514,2,7200,1.00397772474
273516,273525,276459,9,2934,2,7200,1.00306748466
273531,273537,276541,6,3004,2,7200,1.00199733688
273560,273570,276644,10,3074,2,7200,1.00325309044
273597,273603,284112,6,10509,11,28800,1.00057093919
273624,273632,276365,8,2733,2,7200,1.00292718624
273711,273720,276828,9,3108,2,7200,1.0028957529
273797,273805,276855,8,3050,2,7200,1.00262295082
273811,273818,276968,7,3150,2,7200,1.00222222222
273900,273906,273913,6,7,1,1800,1.3
274050,274059,277252,9,3193,2,7200,1.00281866583
274053,274064,274107,11,43,1,1800,1.25581395349
274132,274142,277023,10,2881,2,7200,1.00347101701
274304,274310,274385,6,75,1,1800,1.08
274447,274453,274556,6,103,1,3600,1.05825242718
274644,274650,275003,6,353,1,3600,1.01699716714
274935,274941,275205,6,264,1,1800,1.02272727273
274973,274980,277737,7,2757,2,7200,1.00253899166
275235,275241,275775,6,534,1,3600,1.01123595506
275390,275400,278363,10,2963,2,7200,1.00337495781
275461,275471,278208,10,2737,2,7200,1.00365363537
275507,275517,278551,10,3034,2,7200,1.00329597891
275528,275537,278421,9,2884,2,7200,1.00312066574
275709,275716,278303,7,2587,2,7200,1.00270583688
275839,275850,278727,11,2877,2,7200,1.00382342718
275880,275889,278552,9,2663,2,7200,1.00337964701
275899,275907,278861,8,2954,2,7200,1.00270819228
275914,275923,278781,9,2858,2,7200,1.00314905528
275923,275933,279000,10,3067,2,7200,1.00326051516
275935,275944,278760,9,2816,2,7200,1.00319602273
275959,275968,278849,9,2881,2,7200,1.00312391531
275974,275980,278960,6,2980,2,7200,1.00201342282
276064,276072,279110,8,3038,2,7200,1.00263331139
276118,276128,279165,10,3037,2,7200,1.00329272308
276175,276185,279174,10,2989,2,7200,1.00334560054
276177,276191,279103,14,2912,2,7200,1.00480769231
276180,276197,279117,17,2920,2,7200,1.00582191781
276192,276203,278962,11,2759,2,7200,1.00398695179
276206,276212,279328,6,3116,2,7200,1.00192554557
276222,276230,279134,8,2904,2,7200,1.00275482094
276239,276248,279270,9,3022,2,7200,1.00297816016
276255,276265,279209,10,2944,2,7200,1.00339673913
276291,276301,279393,10,3092,2,7200,1.00323415265
276305,276314,279196,9,2882,2,7200,1.00312283137
276357,276365,279497,8,3132,2,7200,1.00255427842
276367,276377,279396,10,3019,2,7200,1.00331235508
276396,276406,279509,10,3103,2,7200,1.00322268772
276409,276418,279310,9,2892,2,7200,1.0031120332
276441,276451,279678,10,3227,2,7200,1.00309885342
276456,276462,279501,6,3039,2,7200,1.00197433366
276460,276470,279461,10,2991,2,7200,1.00334336342
276541,276552,279752,11,3200,2,7200,1.0034375
276647,276656,279481,9,2825,2,7200,1.00318584071
276831,276839,279695,8,2856,2,7200,1.00280112045
276858,276867,279788,9,2921,2,7200,1.0030811366
276970,276979,279894,9,2915,2,7200,1.00308747856
277027,277035,279951,8,2916,2,7200,1.00274348422
277253,277263,280209,10,2946,2,7200,1.00339443313
277738,277748,280781,10,3033,2,7200,1.00329706561
278211,278219,280861,8,2642,2,7200,1.00302800908
278304,278314,281218,10,2904,2,7200,1.00344352617
278365,278374,281203,9,2829,2,7200,1.00318133616
278422,278433,281375,11,2942,2,7200,1.00373895309
278552,278562,281583,10,3021,2,7200,1.0033101622
278552,278568,281529,16,2961,2,7200,1.00540357987
278730,278738,281556,8,2818,2,7200,1.00283889283
278763,278771,281700,8,2929,2,7200,1.00273130761
278784,278793,281739,9,2946,2,7200,1.00305498982
278814,279288,279636,474,348,1,14400,2.36206896552
278851,278860,282076,9,3216,2,7200,1.00279850746
278863,278872,281900,9,3028,2,7200,1.00297225892
278899,278905,278984,6,79,1,1800,1.07594936709
278963,278977,281862,14,2885,2,7200,1.00485268631
278964,278971,281732,7,2761,2,7200,1.00253531329
279003,279011,281897,8,2886,2,7200,1.00277200277
279105,279114,281892,9,2778,2,7200,1.00323974082
279120,279132,282037,12,2905,2,7200,1.00413080895
279120,279126,282087,6,2961,2,7200,1.00202634245
279138,279146,281949,8,2803,2,7200,1.00285408491
279166,279176,281990,10,2814,2,7200,1.00355366027
279171,279182,279273,11,91,1,1800,1.12087912088
279181,279188,282403,7,3215,2,7200,1.00217729393
279198,279207,282136,9,2929,2,7200,1.00307272107
279210,279220,282247,10,3027,2,7200,1.00330360093
279271,279281,282126,10,2845,2,7200,1.00351493849
279313,279321,282061,8,2740,2,7200,1.00291970803
279331,279339,281896,8,2557,2,7200,1.00312866641
279394,279404,282426,10,3022,2,7200,1.00330906684
279397,279410,282136,13,2726,2,7200,1.00476889215
279464,279472,282458,8,2986,2,7200,1.00267916946
279482,279492,282541,10,3049,2,7200,1.00327976386
279501,279508,282676,7,3168,2,7200,1.00220959596
279516,279521,282653,5,3132,2,7200,1.00159642401
279517,279528,282897,11,3369,2,7200,1.00326506382
279680,279690,282476,10,2786,2,7200,1.00358937545
279685,279697,280073,12,376,1,1800,1.03191489362
279696,279706,282676,10,2970,2,7200,1.00336700337
279753,279763,282735,10,2972,2,7200,1.00336473755
279789,279799,283004,10,3205,2,7200,1.0031201248
279895,279905,282742,10,2837,2,7200,1.00352485019
279952,279962,282816,10,2854,2,7200,1.00350385424
280212,280220,283136,8,2916,2,7200,1.00274348422
280782,280792,283462,10,2670,2,7200,1.00374531835
280862,280872,284117,10,3245,2,7200,1.0030816641
281079,281085,281123,6,38,1,1800,1.15789473684
281204,281214,284058,10,2844,2,7200,1.0035161744
281221,281230,284287,9,3057,2,7200,1.00294406281
281321,281327,281400,6,73,1,1800,1.08219178082
281377,281386,284248,9,2862,2,7200,1.00314465409
281530,281540,284564,10,3024,2,7200,1.00330687831
281557,281568,284254,11,2686,2,7200,1.00409530901
281586,281594,284593,8,2999,2,7200,1.00266755585
281703,281711,284647,8,2936,2,7200,1.00272479564
281733,281743,284722,10,2979,2,7200,1.00335683115
281742,281750,284793,8,3043,2,7200,1.00262898455
281863,281874,284840,11,2966,2,7200,1.00370869858
281893,281903,284778,10,2875,2,7200,1.00347826087
281902,281909,285234,7,3325,2,7200,1.00210526316
281908,281916,284816,8,2900,2,7200,1.00275862069
281909,281922,284628,13,2706,2,7200,1.00480413895
281939,281945,282188,6,243,1,1800,1.02469135802
281950,281960,284914,10,2954,2,7200,1.00338524035
281990,282001,285189,11,3188,2,7200,1.00345043915
282039,282049,285017,10,2968,2,7200,1.00336927224
282062,282072,285022,10,2950,2,7200,1.00338983051
282078,282087,285045,9,2958,2,7200,1.00304259635
282089,282098,284978,9,2880,2,7200,1.003125
282129,282138,285390,9,3252,2,7200,1.00276752768
282137,282147,285169,10,3022,2,7200,1.00330906684
282143,282153,285376,10,3223,2,7200,1.00310269935
282250,282258,285525,8,3267,2,7200,1.00244872972
282406,282414,285253,8,2839,2,7200,1.00281789362
282427,282437,285862,10,3425,2,7200,1.00291970803
282461,282469,285574,8,3105,2,7200,1.00257648953
282478,282487,285395,9,2908,2,7200,1.00309491059
282542,282552,285470,10,2918,2,7200,1.0034270048
282654,282664,285615,10,2951,2,7200,1.0033886818
282678,282693,285737,15,3044,2,7200,1.00492772668
282678,282687,285915,9,3228,2,7200,1.00278810409
282736,282747,285596,11,2849,2,7200,1.00386100386
282751,282757,285804,6,3047,2,7200,1.00196914998
282820,282827,286020,7,3193,2,7200,1.00219229565
282899,282908,285601,9,2693,2,7200,1.00334199777
283007,283015,286077,8,3062,2,7200,1.00261267146
283136,283147,286092,11,2945,2,7200,1.00373514431
283465,283473,286392,8,2919,2,7200,1.00274066461
284059,284069,286867,10,2798,2,7200,1.00357398142
284095,284101,307663,6,23562,1,86400,1.00025464731
284118,284129,287096,11,2967,2,7200,1.0037074486
284250,284259,287480,9,3221,2,7200,1.0027941633
284258,284265,287285,7,3020,2,7200,1.00231788079
284289,284299,287498,10,3199,2,7200,1.00312597687
284334,284340,285812,6,1472,1,86400,1.00407608696
284419,284425,285959,6,1534,1,86400,1.00391134289
284565,284575,287503,10,2928,2,7200,1.00341530055
284594,284604,287547,10,2943,2,7200,1.00339789331
284630,284639,287615,9,2976,2,7200,1.00302419355
284650,284658,287804,8,3146,2,7200,1.00254291163
284724,284733,287837,9,3104,2,7200,1.00289948454
284758,284765,285997,7,1232,1,86400,1.00568181818
284781,284789,287766,8,2977,2,7200,1.00268726906
284794,284808,287832,14,3024,2,7200,1.00462962963
284796,284802,286133,6,1331,1,86400,1.00450788881
284817,284828,287664,11,2836,2,7200,1.0038787024
284844,284852,287799,8,2947,2,7200,1.00271462504
284915,284925,287962,10,3037,2,7200,1.00329272308
284978,284989,288170,11,3181,2,7200,1.00345803207
285019,285029,287749,10,2720,2,7200,1.00367647059
285023,285036,288109,13,3073,2,7200,1.00423039375
285046,285056,288036,10,2980,2,7200,1.0033557047
285171,285180,288199,9,3019,2,7200,1.00298111958
285191,285200,287982,9,2782,2,7200,1.00323508267
285237,285245,288199,8,2954,2,7200,1.00270819228
285242,285252,295082,10,9830,1,36000,1.001017294
285254,285264,288090,10,2826,2,7200,1.00353857042
285293,285300,294760,7,9460,1,36000,1.00073995772
285312,285318,297319,6,12001,1,36000,1.00049995834
285328,285334,297091,6,11757,1,36000,1.00051033427
285378,285387,288376,9,2989,2,7200,1.00301104048
285393,285401,288501,8,3100,2,7200,1.00258064516
285407,285413,288681,6,3268,2,7200,1.00183598531
285473,285481,288373,8,2892,2,7200,1.00276625173
285527,285536,288442,9,2906,2,7200,1.00309704061
285575,285585,288437,10,2852,2,7200,1.00350631136
285599,285607,288563,8,2956,2,7200,1.00270635995
285604,285614,288492,10,2878,2,7200,1.00347463516
285619,285626,288625,7,2999,2,7200,1.00233411137
285739,285748,288367,9,2619,2,7200,1.00343642612
285802,285815,288829,13,3014,2,7200,1.00431320504
285863,285873,288951,10,3078,2,7200,1.0032488629
285917,285927,288943,10,3016,2,7200,1.00331564987
286022,286032,288896,10,2864,2,7200,1.00349162011
286079,286088,288927,9,2839,2,7200,1.00317013033
286094,286104,289234,10,3130,2,7200,1.00319488818
286395,286404,289382,9,2978,2,7200,1.00302216253
286869,286878,289736,9,2858,2,7200,1.00314905528
287098,287107,290381,9,3274,2,7200,1.00274893097
287288,287296,290366,8,3070,2,7200,1.00260586319
287481,287491,290328,10,2837,2,7200,1.00352485019
287499,287509,290319,10,2810,2,7200,1.00355871886
287505,287515,290499,10,2984,2,7200,1.00335120643
287550,287558,290560,8,3002,2,7200,1.00266489007
287615,287622,301916,7,14294,8,43200,1.00048971596
287616,287628,290723,12,3095,2,7200,1.00387722132
287664,287675,290352,11,2677,2,7200,1.00410907733
287752,287760,290734,8,2974,2,7200,1.00268997983
287767,287777,290578,10,2801,2,7200,1.00357015352
287803,287811,290411,8,2600,2,7200,1.00307692308
287807,287817,291098,10,3281,2,7200,1.00304785126
287834,287844,291004,10,3160,2,7200,1.00316455696
287839,287851,290700,12,2849,2,7200,1.00421200421
287854,287860,287862,6,2,1,72000,1.0
287854,287866,287868,12,2,1,72000,1.4
287855,287871,287873,16,2,1,72000,1.8
287855,287877,287878,22,1,1,72000,2.3
287856,287883,287884,27,1,1,72000,2.8
287856,287888,287889,32,1,1,72000,3.3
287856,287893,287894,37,1,1,72000,3.8
287857,287904,287905,47,1,1,72000,4.8
287857,287909,287911,52,2,1,72000,5.4
287857,287899,287900,42,1,1,72000,4.3
287909,287921,287922,12,1,1,72000,1.3
287909,287916,287917,7,1,1,72000,1.0
287910,287938,287939,28,1,1,72000,2.9
287910,287933,287934,23,1,1,72000,2.4
287910,287927,287928,17,1,1,72000,1.8
287911,287954,287955,43,1,1,72000,4.4
287911,287943,287944,32,1,1,72000,3.3
287912,287965,287966,53,1,1,72000,5.4
287912,287959,287960,47,1,1,72000,4.8
287964,287974,291030,10,3056,2,7200,1.00327225131
287984,287993,291027,9,3034,2,7200,1.00296638102
288038,288047,290930,9,2883,2,7200,1.00312174818
288092,288101,290982,9,2881,2,7200,1.00312391531
288112,288121,291053,9,2932,2,7200,1.00306957708
288159,288165,288166,6,1,1,72000,1.0
288172,288181,291035,9,2854,2,7200,1.00315346882
288202,288210,291196,8,2986,2,7200,1.00267916946
288204,288216,291186,12,2970,2,7200,1.00404040404
288367,288378,291034,11,2656,2,7200,1.00414156627
288376,288384,291448,8,3064,2,7200,1.00261096606
288382,288390,291518,8,3128,2,7200,1.00255754476
288439,288448,291674,9,3226,2,7200,1.00278983261
288454,288460,291691,6,3231,2,7200,1.00185701021
288494,288503,291116,9,2613,2,7200,1.00344431688
288509,288515,291739,6,3224,2,7200,1.00186104218
288566,288574,291574,8,3000,2,7200,1.00266666667
288626,288637,291605,11,2968,2,7200,1.00370619946
288684,288692,291667,8,2975,2,7200,1.00268907563
288754,288761,303200,7,14439,1,14400,1.00048479812
288831,288840,291778,9,2938,2,7200,1.00306330837
288898,288907,291652,9,2745,2,7200,1.00327868852
288928,288938,291710,10,2772,2,7200,1.00360750361
288945,288955,291920,10,2965,2,7200,1.00337268128
288953,288962,291742,9,2780,2,7200,1.00323741007
289235,289246,292318,11,3072,2,7200,1.00358072917
289387,289393,292289,6,2896,2,7200,1.0020718232
289737,289747,292835,10,3088,2,7200,1.00323834197
290162,290168,290822,6,654,1,3600,1.00917431193
290293,290300,293008,7,2708,2,21600,1.00258493353
290322,290330,293355,8,3025,2,7200,1.0026446281
290337,290343,293342,6,2999,2,7200,1.00200066689
290352,290363,293340,11,2977,2,7200,1.00369499496
290367,290378,292986,11,2608,2,7200,1.00421779141
290382,290392,292956,10,2564,2,7200,1.00390015601
290412,290422,293223,10,2801,2,7200,1.00357015352
290500,290511,293426,11,2915,2,7200,1.00377358491
290562,290571,293262,9,2691,2,7200,1.00334448161
290580,290589,293605,9,3016,2,7200,1.00298408488
290681,290687,294170,6,3483,2,21600,1.00172265289
290700,290711,293520,11,2809,2,7200,1.00391598434
290725,290734,293580,9,2846,2,7200,1.0031623331
290740,290746,293655,6,2909,2,7200,1.00206256446
290781,290787,292684,6,1897,4,28800,1.00316288877
290797,290803,830820,6,540017,6,540000,1.00001111076
290934,290941,293813,7,2872,2,7200,1.00243732591
290982,290993,293941,11,2948,2,7200,1.00373134328
291005,291015,294166,10,3151,2,7200,1.00317359568
291028,291038,293979,10,2941,2,7200,1.00340020401
291033,291045,294170,12,3125,2,7200,1.00384
291042,291052,293795,10,2743,2,7200,1.00364564346
291048,291059,294093,11,3034,2,7200,1.0036255768
291062,291068,293950,6,2882,2,7200,1.00208188758
291098,291109,294229,11,3120,2,7200,1.00352564103
291118,291127,294258,9,3131,2,7200,1.002874481
291189,291200,294327,11,3127,2,7200,1.00351774864
291204,291210,294100,6,2890,2,7200,1.00207612457
291319,291325,291449,6,124,2,14400,1.04838709677
291383,291389,291391,6,2,1,72000,1.0
291436,291442,337489,6,46047,1,72000,1.00013030165
291451,291459,294353,8,2894,2,7200,1.00276434001
291469,291475,299103,6,7628,2,21600,1.00078657577
291520,291529,294627,9,3098,2,7200,1.00290510006
291575,291585,294700,10,3115,2,7200,1.00321027287
291608,291617,294624,9,3007,2,7200,1.0029930163
291654,291664,294571,10,2907,2,7200,1.00343997248
291669,291678,294804,9,3126,2,7200,1.00287907869
291675,291685,294616,10,2931,2,7200,1.00341180484
291687,291694,291942,7,248,2,14400,1.02822580645
291692,291702,294795,10,3093,2,7200,1.00323310702
291713,291722,294601,9,2879,2,7200,1.00312608545
291742,291755,294780,13,3025,2,7200,1.00429752066
291743,291748,302440,5,10692,2,21600,1.00046763936
291743,291760,294586,17,2826,2,7200,1.00601556971
291780,291789,294850,9,3061,2,7200,1.00294021562
291921,291932,295178,11,3246,2,7200,1.0033887862
292112,292119,292163,7,44,2,14400,1.15909090909
292290,292300,295301,10,3001,2,7200,1.00333222259
292320,292329,295466,9,3137,2,7200,1.0028689831
292668,292674,293026,6,352,4,126000,1.01704545455
292836,292846,296010,10,3164,2,7200,1.00316055626
292964,292970,295703,6,2733,2,7200,1.00219538968
292989,292998,295773,9,2775,2,7200,1.00324324324
293223,293236,296179,13,2943,2,7200,1.0044172613
293223,293230,294343,7,1113,1,28800,1.00628930818
293262,293273,296492,11,3219,2,7200,1.00341721031
293323,293329,305775,6,12446,4,28800,1.0004820826
293341,293351,296783,10,3432,2,7200,1.00291375291
293356,293362,296141,6,2779,2,7200,1.00215905002
293357,293368,296338,11,2970,2,7200,1.0037037037
293427,293437,296396,10,2959,2,7200,1.00337952011
293431,293443,293691,12,248,4,126000,1.04838709677
293520,293531,296610,11,3079,2,7200,1.0035725885
293581,293596,296778,15,3182,2,7200,1.00471401634
293584,293590,294665,6,1075,8,7200,1.00558139535
293608,293617,296621,9,3004,2,7200,1.00299600533
293622,293628,294756,6,1128,8,7200,1.00531914894
293656,293666,296608,10,2942,2,7200,1.00339904827
293798,293806,296558,8,2752,2,7200,1.00290697674
293816,293825,296478,9,2653,2,7200,1.00339238598
293877,293883,294556,6,673,1,7200,1.00891530461
293923,293929,294546,6,617,4,126000,1.00972447326
293942,293952,297409,10,3457,2,7200,1.00289268152
293951,293961,296895,10,2934,2,7200,1.00340831629
293982,293990,296835,8,2845,2,7200,1.00281195079
294096,294104,296920,8,2816,2,7200,1.00284090909
294110,294116,297335,6,3219,2,7200,1.0018639329
294168,294177,297290,9,3113,2,7200,1.00289110183
294182,294188,297125,6,2937,2,7200,1.00204290092
294230,294240,297150,10,2910,2,7200,1.00343642612
294238,294247,295027,9,780,12,1800,1.01153846154
294260,294269,297031,9,2762,2,7200,1.00325850833
294327,294339,297395,12,3056,2,7200,1.00392670157
294354,294364,297720,10,3356,2,7200,1.00297973778
294574,294582,297440,8,2858,2,7200,1.00279916025
294586,294597,297652,11,3055,2,7200,1.00360065466
294604,294613,297597,9,2984,2,7200,1.00301608579
294619,294627,297797,8,3170,2,7200,1.00252365931
294626,294635,297720,9,3085,2,7200,1.00291734198
294640,294647,297548,7,2901,2,7200,1.00241296105
294700,294711,297669,11,2958,2,7200,1.00371872887
294724,294730,302170,6,7440,2,21600,1.00080645161
294782,294792,298067,10,3275,2,7200,1.00305343511
294797,294806,297684,9,2878,2,7200,1.00312717165
294806,294815,298073,9,3258,2,7200,1.00276243094
294851,294862,297755,11,2893,2,7200,1.00380228137
294920,294926,298555,6,3629,1,3600,1.00165334803
295004,295011,300888,7,5877,2,21600,1.00119108389
295180,295189,298283,9,3094,2,7200,1.00290885585
295204,295211,297018,7,1807,12,1800,1.00387382402
295304,295313,298313,9,3000,2,7200,1.003
295467,295477,298391,10,2914,2,7200,1.00343170899
295706,295714,298859,8,3145,2,7200,1.00254372019
295774,295784,298655,10,2871,2,7200,1.00348310693
295789,295795,299134,6,3339,2,54000,1.00179694519
295856,295862,298992,6,3130,1,86400,1.00191693291
295990,295996,299388,6,3392,1,86400,1.00176886792
295997,296005,298446,8,2441,1,86400,1.00327734535
296005,296014,298656,9,2642,1,86400,1.00340651022
296012,296021,299076,9,3055,2,7200,1.00294599018
296131,296137,296315,6,178,4,126000,1.03370786517
296143,296152,299015,9,2863,2,7200,1.00314355571
296182,296190,299039,8,2849,2,7200,1.00280800281
296339,296349,299207,10,2858,2,7200,1.00349895031
296399,296408,299286,9,2878,2,7200,1.00312717165
296432,296438,297526,6,1088,8,7200,1.00551470588
296436,296444,296495,8,51,4,126000,1.1568627451
296481,296489,299478,8,2989,2,7200,1.00267648043
296496,296504,299475,8,2971,2,7200,1.00269269606
296506,296512,296563,6,51,4,126000,1.11764705882
296557,296569,299576,12,3007,2,7200,1.00399068839
296579,296590,296606,11,16,4,126000,1.6875
296610,296619,299678,9,3059,2,7200,1.00294213795
296624,296631,299506,7,2875,2,7200,1.00243478261
296626,296637,299652,11,3015,2,7200,1.00364842454
296779,296790,299663,11,2873,2,7200,1.00382875044
296794,296800,299899,6,3099,2,7200,1.00193610842
296836,296846,299913,10,3067,2,7200,1.00326051516
296881,296887,301019,6,4132,2,21600,1.00145208132
296896,296907,299851,11,2944,2,7200,1.00373641304
296906,296913,318556,7,21643,4,126000,1.00032343021
296923,296931,299950,8,3019,2,7200,1.00264988407
297032,297042,300160,10,3118,2,7200,1.00320718409
297128,297136,299991,8,2855,2,7200,1.00280210158
297152,297162,300078,10,2916,2,7200,1.00342935528
297188,297195,300685,7,3490,2,21600,1.00200573066
297291,297301,300448,10,3147,2,7200,1.00317762949
297336,297349,300623,13,3274,2,7200,1.00397067807
297396,297409,300448,13,3039,2,7200,1.00427772294
297411,297420,300325,9,2905,2,7200,1.00309810671
297441,297451,300314,10,2863,2,7200,1.00349283968
297547,297554,297731,7,177,1,86400,1.0395480226
297550,297561,300506,11,2945,2,7200,1.00373514431
297598,297608,300610,10,3002,2,7200,1.00333111259
297655,297664,300427,9,2763,2,7200,1.00325732899
297670,297680,300731,10,3051,2,7200,1.0032776139
297685,297696,300936,11,3240,2,7200,1.00339506173
297701,297708,340948,7,43240,12,43200,1.00016188714
297721,297731,300685,10,2954,2,7200,1.00338524035
297722,297736,300788,14,3052,2,7200,1.00458715596
297757,297766,300835,9,3069,2,7200,1.00293255132
297760,297771,298183,11,412,4,126000,1.02669902913
297799,297808,300745,9,2937,2,7200,1.00306435138
297916,297923,297929,7,6,1,86400,1.3
298060,298066,316543,6,18477,15,28800,1.00032472804
298070,298079,301067,9,2988,2,7200,1.00301204819
298085,298091,300914,6,2823,2,7200,1.00212539851
298261,298267,298783,6,516,4,126000,1.01162790698
298286,298294,301204,8,2910,2,7200,1.00274914089
298316,298324,301458,8,3134,2,7200,1.00255264837
298380,298386,307341,6,8955,1,86400,1.00067001675
298394,298402,301540,8,3138,2,7200,1.00254939452
298545,298552,309165,7,10613,2,54000,1.00065956845
298659,298667,301639,8,2972,2,7200,1.00269179004
298760,298766,299230,6,464,8,7200,1.01293103448
298769,303207,317637,4438,14430,1,14400,1.30755370755
298861,298870,301751,9,2881,2,7200,1.00312391531
298935,298942,313347,7,14405,2,21600,1.00048594238
299018,299027,302211,9,3184,2,7200,1.00282663317
299042,299051,302046,9,2995,2,7200,1.00300500835
299078,299087,301983,9,2896,2,7200,1.00310773481
299207,299218,302089,11,2871,2,7200,1.00383141762
299286,299297,302327,11,3030,2,7200,1.00363036304
299352,299358,304249,6,4891,5,14400,1.001226743
299353,299364,304549,11,5185,5,14400,1.00212150434
299353,299370,304666,17,5296,5,14400,1.00320996979
299380,299386,304240,6,4854,5,14400,1.00123609394
299380,299391,304478,11,5087,5,14400,1.00216237468
299381,299397,304710,16,5313,5,14400,1.00301148127
299476,299487,302272,11,2785,2,7200,1.0039497307
299491,299497,302446,6,2949,2,7200,1.002034588
299509,299517,302444,8,2927,2,7200,1.0027331739
299578,299587,302358,9,2771,2,7200,1.00324792494
299609,299615,300074,6,459,8,7200,1.01307189542
299653,299664,302617,11,2953,2,7200,1.0037250254
299668,299674,302451,6,2777,2,7200,1.00216060497
299683,299689,302494,6,2805,2,7200,1.00213903743
299819,299825,300253,6,428,4,126000,1.01401869159
299851,299862,302917,11,3055,2,7200,1.00360065466
299900,299910,302819,10,2909,2,7200,1.00343760743
299915,299924,302833,9,2909,2,7200,1.00309384668
299951,299961,302739,10,2778,2,7200,1.00359971202
299993,300002,302902,9,2900,2,7200,1.00310344828
300080,300089,303075,9,2986,2,7200,1.00301406564
300162,300171,302935,9,2764,2,7200,1.00325615051
300316,300326,303326,10,3000,2,7200,1.00333333333
300325,300336,303246,11,2910,2,7200,1.00378006873
300428,300438,303292,10,2854,2,7200,1.00350385424
300449,300460,303499,11,3039,2,7200,1.00361961171
300450,300465,303337,15,2872,2,7200,1.00522284123
300507,300517,303513,10,2996,2,7200,1.00333778371
300611,300621,303715,10,3094,2,7200,1.00323206206
300625,300634,303623,9,2989,2,7200,1.00301104048
300685,300697,303943,12,3246,2,7200,1.00369685767
300733,300743,303792,10,3049,2,7200,1.00327976386
300749,300756,303713,7,2957,2,7200,1.00236726412
300788,300800,303618,12,2818,2,7200,1.00425833925
300836,300847,303930,11,3083,2,7200,1.00356795329
300915,300925,303723,10,2798,2,7200,1.00357398142
300939,300948,303843,9,2895,2,7200,1.00310880829
301069,301078,303909,9,2831,2,7200,1.00317908866
301205,301215,304267,10,3052,2,7200,1.00327653997
301243,301249,309995,6,8746,2,54000,1.0006860279
301453,301459,398817,6,97358,8,324000,1.00006162822
301462,301469,304440,7,2971,2,7200,1.00235610905
301540,301551,304664,11,3113,2,7200,1.0035335689
301565,301572,307343,7,5771,8,20340,1.00121296136
301599,301605,301695,6,90,4,1500,1.06666666667
301640,301650,304730,10,3080,2,7200,1.00324675325
301733,301739,307339,6,5600,16,8700,1.00107142857
301752,301762,304535,10,2773,2,7200,1.00360620267
301984,301994,305119,10,3125,2,7200,1.0032
302047,302057,304954,10,2897,2,7200,1.00345184674
302089,302100,305139,11,3039,2,7200,1.00361961171
302111,302117,302718,6,601,8,7200,1.00998336106
302213,302222,305274,9,3052,2,7200,1.00294888598
302273,302283,305268,10,2985,2,7200,1.00335008375
302328,302338,305430,10,3092,2,7200,1.00323415265
302361,302369,305166,8,2797,2,7200,1.00286020737
302446,302456,305476,10,3020,2,7200,1.00331125828
302460,302467,305439,7,2972,2,7200,1.00235531629
302462,302473,305478,11,3005,2,7200,1.00366056572
302495,302505,305405,10,2900,2,7200,1.00344827586
302618,302628,305625,10,2997,2,7200,1.00333667
302742,302751,305954,9,3203,2,7200,1.00280986575
302820,302831,305674,11,2843,2,7200,1.0038691523
302835,302844,305541,9,2697,2,7200,1.00333704116
302839,302850,324477,11,21627,2,21600,1.00050862348
302902,302913,305726,11,2813,2,7200,1.00391041593
302920,302928,306216,8,3288,2,7200,1.00243309002
302938,302947,305946,9,2999,2,7200,1.00300100033
303065,303071,303499,6,428,4,126000,1.01401869159
303077,303086,306309,9,3223,2,7200,1.00279242941
303090,303096,324712,6,21616,2,21600,1.00027757217
303249,303257,306644,8,3387,2,7200,1.00236197225
303294,303303,305964,9,2661,2,7200,1.00338218715
303328,303337,306243,9,2906,2,7200,1.00309704061
303342,303348,306175,6,2827,2,7200,1.00212239123
303502,303512,306445,10,2933,2,7200,1.00340947835
303515,303524,306458,9,2934,2,7200,1.00306748466
303520,303532,303846,12,314,4,126000,1.03821656051
303620,303636,306446,16,2810,2,7200,1.00569395018
303620,303630,306656,10,3026,2,7200,1.00330469266
303717,303726,306652,9,2926,2,7200,1.0030758715
303718,303732,306612,14,2880,2,7200,1.00486111111
303719,303738,306593,19,2855,2,7200,1.00665499124
303794,303804,306620,10,2816,2,7200,1.00355113636
303799,303811,318232,12,14421,3,172800,1.00083211983
303845,303854,306603,9,2749,2,7200,1.00327391779
303882,303888,304417,6,529,4,126000,1.01134215501
303910,303920,306752,10,2832,2,7200,1.00353107345
303932,303942,307010,10,3068,2,7200,1.00325945241
303947,303955,307017,8,3062,2,7200,1.00261267146
304167,304173,304626,6,453,8,7200,1.01324503311
304312,304319,309142,7,4823,5,14400,1.00145137881
304313,304412,309937,99,5525,5,14400,1.01791855204
304313,304324,309463,11,5139,5,14400,1.00214049426
304314,304428,309844,114,5416,5,14400,1.02104874446
304314,304491,309665,177,5174,5,14400,1.03420950908
304315,304676,309649,361,4973,5,14400,1.07259199678
304315,304560,309885,245,5325,5,14400,1.04600938967
304316,304965,310021,649,5056,5,14400,1.12836234177
304316,304721,309765,405,5044,5,14400,1.08029341792
304316,304682,309746,366,5064,5,14400,1.07227488152
304317,305177,310242,860,5065,5,14400,1.16979269497
304471,304477,307872,6,3395,2,21600,1.00176730486
304536,304638,305167,102,529,8,3600,1.19281663516
304592,305183,305667,591,484,8,3600,2.22107438017
304705,305790,319748,1085,13958,2,21600,1.0777331996
304856,305236,310089,380,4853,5,14400,1.07830208119
304856,305379,310431,523,5052,5,14400,1.10352335709
304856,305416,310683,560,5267,5,14400,1.10632238466
304857,305552,310701,695,5149,5,14400,1.13497766557
304857,305487,310904,630,5417,5,14400,1.11630053535
304858,305679,310856,821,5177,5,14400,1.1585860537
304858,305684,310693,826,5009,5,14400,1.16490317429
305806,305812,333408,6,27596,1,36000,1.00021742281
307542,307553,316239,11,8686,1,86400,1.00126640571
307870,307876,310938,6,3062,2,7200,1.00195950359
307871,307882,310677,11,2795,2,7200,1.00393559928
307872,307887,310848,15,2961,2,7200,1.00506585613
307874,307893,310985,19,3092,2,7200,1.00614489004
307875,307898,310973,23,3075,2,7200,1.0074796748
307876,307904,311047,28,3143,2,7200,1.00890868597
307878,307910,311116,32,3206,2,7200,1.00998128509
307879,307915,311020,36,3105,2,7200,1.0115942029
307881,307921,311024,40,3103,2,7200,1.01289075089
307882,307926,310920,44,2994,2,7200,1.01469605878
307883,307931,310946,48,3015,2,7200,1.01592039801
307885,307937,310917,52,2980,2,7200,1.01744966443
307886,307942,310937,56,2995,2,7200,1.01869782972
307887,307948,310929,61,2981,2,7200,1.0204629319
307889,307953,310788,64,2835,2,7200,1.02257495591
307890,307958,311185,68,3227,2,7200,1.02107220328
307892,307964,310805,72,2841,2,7200,1.02534318902
307893,307969,310989,76,3020,2,7200,1.02516556291
307894,307974,310803,80,2829,2,7200,1.02827854366
307896,307980,311026,84,3046,2,7200,1.02757715036
307897,307985,311000,88,3015,2,7200,1.02918739635
307898,307990,310957,92,2967,2,7200,1.03100775194
307900,309660,312733,1760,3073,2,7200,1.57273023104
307901,309666,312748,1765,3082,2,7200,1.57268007787
307902,309855,312659,1953,2804,2,7200,1.69650499287
307904,310032,312963,2128,2931,2,7200,1.72603207097
307905,310038,312820,2133,2782,2,7200,1.76671459382
307907,310253,313137,2346,2884,2,7200,1.81345353675
307908,310259,313282,2351,3023,2,7200,1.77770426728
307909,310264,313301,2355,3037,2,7200,1.77543628581
307911,310696,313787,2785,3091,2,7200,1.90100291168
307912,310689,313473,2777,2784,2,7200,1.99748563218
307914,310702,313637,2788,2935,2,7200,1.94991482112
307915,310713,313929,2798,3216,2,7200,1.87002487562
307917,310719,314171,2802,3452,2,7200,1.81170336037
307918,310799,313705,2881,2906,2,7200,1.99139710943
307919,310043,313212,2124,3169,2,7200,1.67024297886
307921,310816,313972,2895,3156,2,7200,1.91730038023
307922,310823,313934,2901,3111,2,7200,1.9324975892
307924,310707,313783,2783,3076,2,7200,1.90474642393
308897,308904,312516,7,3612,1,3600,1.0019379845
308898,308911,312522,13,3611,1,3600,1.00360011077
308900,308916,312529,16,3613,1,3600,1.00442845281
308901,308921,312526,20,3605,1,3600,1.00554785021
308903,308927,312573,24,3646,1,3600,1.00658255623
308904,308932,312578,28,3646,1,3600,1.00767964893
308907,308939,312573,32,3634,1,3600,1.00880572372
308910,308944,312570,34,3626,1,3600,1.00937672366
308912,308949,312568,37,3619,1,3600,1.01022381873
308913,308955,312571,42,3616,1,3600,1.01161504425
308915,308960,312573,45,3613,1,3600,1.01245502353
308916,308965,312605,49,3640,1,3600,1.01346153846
308918,308971,312575,53,3604,1,3600,1.01470588235
308920,308976,312610,56,3634,1,3600,1.01541001651
308921,308982,312627,61,3645,1,3600,1.01673525377
308923,308987,312614,64,3627,1,3600,1.017645437
308924,308992,312612,68,3620,1,3600,1.01878453039
308926,308998,312630,72,3632,1,3600,1.01982378855
308928,309003,312608,75,3605,1,3600,1.02080443828
308929,309008,312659,79,3651,1,3600,1.02163790742
308931,309014,312623,83,3609,1,3600,1.0229980604
308933,309029,312659,96,3630,1,3600,1.02644628099
308940,309035,312667,95,3632,1,3600,1.02615638767
308942,309040,312665,98,3625,1,3600,1.02703448276
308943,309045,312652,102,3607,1,3600,1.02827834766
308945,309051,312697,106,3646,1,3600,1.02907295666
308947,309061,312685,114,3624,1,3600,1.03145695364
308948,309112,312716,164,3604,1,3600,1.04550499445
308950,309154,312776,204,3622,1,3600,1.05632247377
308951,309159,312795,208,3636,1,3600,1.05720572057
308953,309165,312799,212,3634,1,3600,1.05833791965
308954,309170,312792,216,3622,1,3600,1.05963556046
308956,309176,312783,220,3607,1,3600,1.06099251456
308958,309183,312790,225,3607,1,3600,1.06237870807
308959,309188,312835,229,3647,1,3600,1.06279133534
308961,309687,313321,726,3634,1,3600,1.19977985691
308963,309777,313386,814,3609,1,3600,1.225547243
308965,309783,313429,818,3646,1,3600,1.22435545804
308967,309897,313502,930,3605,1,3600,1.25797503467
308975,309021,309101,46,80,1,660,1.575
308975,309906,313507,931,3601,1,3600,1.25853929464
308977,309914,313514,937,3600,1,3600,1.26027777778
308979,309919,313555,940,3636,1,3600,1.25852585259
308981,309924,313554,943,3630,1,3600,1.25977961433
308982,310417,314040,1435,3623,1,3600,1.39608059619
308984,310423,314042,1439,3619,1,3600,1.39762365294
308986,310428,314057,1442,3629,1,3600,1.39735464315
308987,310433,314042,1446,3609,1,3600,1.40066500416
308992,310439,314046,1447,3607,1,3600,1.40116440255
308994,310444,314090,1450,3646,1,3600,1.39769610532
308996,310449,314091,1453,3642,1,3600,1.39895661724
308998,310455,314101,1457,3646,1,3600,1.39961601755
308999,310461,314096,1462,3635,1,3600,1.40220082531
309001,310467,314097,1466,3630,1,3600,1.40385674931
309002,310474,314097,1472,3623,1,3600,1.40629312724
309004,310724,314370,1720,3646,1,3600,1.47174986286
309005,310729,314375,1724,3646,1,3600,1.47284695557
309006,310735,314362,1729,3627,1,3600,1.47670250896
309008,310740,314378,1732,3638,1,3600,1.47608576141
309010,310745,314360,1735,3615,1,3600,1.47994467497
309013,310874,314507,1861,3633,1,3600,1.51224883017
309014,310879,314505,1865,3626,1,3600,1.51434087148
309016,310885,314501,1869,3616,1,3600,1.51686946903
309017,312618,316250,3601,3632,1,3600,1.99146475771
309019,312624,316255,3605,3631,1,3600,1.99283943817
309020,312630,316258,3610,3628,1,3600,1.99503858875
309022,312635,316253,3613,3618,1,3600,1.99861802101
309024,312642,316251,3618,3609,1,3600,2.00249376559
309026,312647,316204,3621,3557,1,3600,2.01799269047
309030,312652,316268,3622,3616,1,3600,2.00165929204
309031,312658,316272,3627,3614,1,3600,2.0035971223
309033,312664,316275,3631,3611,1,3600,2.00553863196
309058,312677,316299,3619,3622,1,3600,1.99917172833
309063,312682,315181,3619,2499,1,3600,2.44817927171
309096,312688,316305,3592,3617,1,3600,1.99308819464
309098,312693,316312,3595,3619,1,3600,1.99336833379
309100,312699,316310,3599,3611,1,3600,1.99667682083
309102,312705,316330,3603,3625,1,3600,1.99393103448
309104,312711,316342,3607,3631,1,3600,1.99339025062
309105,312799,316426,3694,3627,1,3600,2.01847256686
309107,312813,316445,3706,3632,1,3600,2.02037444934
309110,312856,316479,3746,3623,1,3600,2.03394976539
309116,312951,316596,3835,3645,1,3600,2.05212620027
309123,312956,316571,3833,3615,1,3600,2.06030428769
309124,312961,316330,3837,3369,1,3600,2.13891362422
309126,312966,316611,3840,3645,1,3600,2.05349794239
309127,314393,318026,5266,3633,1,3600,2.44949077897
309129,314518,318151,5389,3633,1,3600,2.48334709606
309131,314524,318151,5393,3627,1,3600,2.48690377723
309132,316317,319602,7185,3285,1,3600,3.18721461187
309141,316330,319957,7189,3627,1,3600,2.98207885305
309143,316335,319955,7192,3620,1,3600,2.98674033149
309145,316342,319987,7197,3645,1,3600,2.97448559671
309148,316348,319962,7200,3614,1,3600,2.99225235196
309149,316365,319987,7216,3622,1,3600,2.99226946438
309162,316437,320071,7275,3634,1,3600,3.00192625206
309173,316461,319812,7288,3351,1,3600,3.17487317219
309181,316480,320110,7299,3630,1,3600,3.01074380165
309208,316490,320123,7282,3633,1,3600,3.00440407377
309226,316559,320167,7333,3608,1,3600,3.03242793792
309227,316565,319628,7338,3063,1,3600,3.39569049951
309229,316570,320093,7341,3523,1,3600,3.08373545274
309246,309475,525500,229,216025,4,216000,1.00106006249
309261,309677,525686,416,216009,4,216000,1.00192584568
309620,309682,310018,62,336,1,54000,1.18452380952
309694,309759,309893,65,134,4,1500,1.48507462687
309723,309861,310400,138,539,8,7200,1.2560296846
309921,310412,312117,491,1705,16,8700,1.28797653959
310681,310868,313717,187,2849,2,7200,1.06563706564
310790,310859,313829,69,2970,2,7200,1.02323232323
310805,310915,313825,110,2910,2,7200,1.03780068729
310807,310921,313863,114,2942,2,7200,1.03874915024
310849,310926,314025,77,3099,2,7200,1.02484672475
310919,310933,314244,14,3311,2,7200,1.00422832981
310934,310940,314002,6,3062,2,7200,1.00195950359
310936,310947,313867,11,2920,2,7200,1.00376712329
310951,310957,313828,6,2871,2,7200,1.00208986416
310952,310963,314066,11,3103,2,7200,1.00354495649
310954,310969,314172,15,3203,2,7200,1.00468310958
310960,310975,313667,15,2692,2,7200,1.00557206538
310975,310984,313857,9,2873,2,7200,1.00313261399
310991,310996,314057,5,3061,2,7200,1.00163345312
310992,311002,314117,10,3115,2,7200,1.00321027287
311003,311011,313794,8,2783,2,7200,1.00287459576
311022,311031,313709,9,2678,2,7200,1.00336071695
311028,312579,318987,1551,6408,1,50400,1.2420411985
311037,311044,313774,7,2730,2,7200,1.00256410256
311039,311050,313950,11,2900,2,7200,1.00379310345
311052,312586,313125,1534,539,8,3600,3.84601113173
311054,311060,313958,6,2898,2,7200,1.00207039337
311117,311130,314215,13,3085,2,7200,1.00421393841
311187,311196,314133,9,2937,2,7200,1.00306435138
311699,312592,331706,893,19114,1,144000,1.04671968191
311719,312597,396622,878,84025,1,144000,1.01044927105
312148,312604,516431,456,203827,1,504000,1.00223719134
312366,312610,400897,244,88287,1,144000,1.0027637138
312527,316575,320210,4048,3635,1,3600,2.1136176066
312532,316581,320217,4049,3636,1,3600,2.11358635864
312534,316586,320213,4052,3627,1,3600,2.11717673008
312536,316592,320219,4056,3627,1,3600,2.11827956989
312566,312572,312623,6,51,1,9000,1.11764705882
312613,316597,320214,3984,3617,1,3600,2.10146530274
312617,316603,320224,3986,3621,1,3600,2.10080088373
312621,316608,319700,3987,3092,1,3600,2.28945666235
312623,316614,320243,3991,3629,1,3600,2.0997519978
312625,316619,320258,3994,3639,1,3600,2.09755427315
312627,316624,320265,3997,3641,1,3600,2.09777533645
312629,316630,320261,4001,3631,1,3600,2.10190030295
312637,316635,320255,3998,3620,1,3600,2.1044198895
312642,316658,320261,4016,3603,1,3600,2.11462669997
312661,312670,315700,9,3030,2,7200,1.00297029703
312666,316663,320302,3997,3639,1,3600,2.09837867546
312669,316761,320380,4092,3619,1,3600,2.13069908815
312671,318641,322251,5970,3610,1,3600,2.65373961219
312672,318646,322278,5974,3632,1,3600,2.64482378855
312673,318652,322251,5979,3599,1,3600,2.66129480411
312682,318657,322292,5975,3635,1,3600,2.64374140303
312689,318662,322280,5973,3618,1,3600,2.65091210614
312709,312728,318600,19,5872,1,54000,1.00323569482
312723,318668,322298,5945,3630,1,3600,2.63774104683
312726,319680,322971,6954,3291,1,3600,3.1130355515
312728,319711,323314,6983,3603,1,3600,2.93810713294
312730,319760,323068,7030,3308,1,3600,3.12515114873
312732,319766,323405,7034,3639,1,3600,2.93294861226
312733,312744,315868,11,3124,2,7200,1.00352112676
312736,312806,312935,70,129,4,1500,1.54263565891
312742,319821,323456,7079,3635,1,3600,2.94745529574
312743,319827,323454,7084,3627,1,3600,2.95312930797
312745,319832,323452,7087,3620,1,3600,2.95773480663
312748,312759,315980,11,3221,2,7200,1.00341508848
312807,319838,323449,7031,3611,1,3600,2.9471060648
312811,319843,323445,7032,3602,1,3600,2.95224875069
312813,319848,323494,7035,3646,1,3600,2.92951179375
312814,319854,323461,7040,3607,1,3600,2.95176046576
312817,319859,323505,7042,3646,1,3600,2.93143170598
312819,319864,322987,7045,3123,1,3600,3.25584373999
312821,312831,315981,10,3150,2,7200,1.00317460317
312881,319873,323502,6992,3629,1,3600,2.92670157068
312952,313029,318596,77,5567,16,8700,1.0138315071
312966,312975,315737,9,2762,2,7200,1.00325850833
313095,313525,318897,430,5372,16,10500,1.0800446761
313103,314386,318897,1283,4511,16,10500,1.28441587231
313138,313148,316040,10,2892,2,7200,1.00345781466
313214,313223,316265,9,3042,2,7200,1.00295857988
313283,313293,316332,10,3039,2,7200,1.0032905561
313301,313313,316307,12,2994,2,7200,1.00400801603
313336,319878,323136,6542,3258,1,3600,3.00798035605
313403,319884,323516,6481,3632,1,3600,2.78441629956
313466,319889,323502,6423,3613,1,3600,2.77774702463
313474,313484,316561,10,3077,2,7200,1.00324991875
313532,319894,323540,6362,3646,1,3600,2.74492594624
313538,319901,323536,6363,3635,1,3600,2.75048143054
313540,319906,322778,6366,2872,1,3600,3.21657381616
313603,319912,323540,6309,3628,1,3600,2.73897464168
313622,319917,323539,6295,3622,1,3600,2.73799006074
313640,313648,316718,8,3070,2,7200,1.00260586319
313670,313679,316364,9,2685,2,7200,1.00335195531
313707,313716,316541,9,2825,2,7200,1.00318584071
313711,313723,316688,12,2965,2,7200,1.00404721754
313726,313732,316905,6,3173,2,7200,1.00189095493
313777,313786,316704,9,2918,2,7200,1.00308430432
313786,313794,316669,8,2875,2,7200,1.0027826087
313788,313801,317153,13,3352,2,7200,1.00387828162
313803,313809,316651,6,2842,2,7200,1.0021111893
313826,313836,316879,10,3043,2,7200,1.00328623069
313841,313847,316791,6,2944,2,7200,1.00203804348
313842,313853,317136,11,3283,2,7200,1.00335059397
313861,313868,316594,7,2726,2,7200,1.002567865
313876,313882,316785,6,2903,2,7200,1.00206682742
313877,313889,316843,12,2954,2,7200,1.00406228842
313931,313940,317077,9,3137,2,7200,1.0028689831
313946,313952,317273,6,3321,2,7200,1.00180668473
313953,313961,316872,8,2911,2,7200,1.0027481965
313968,313974,317001,6,3027,2,7200,1.00198216056
313973,313984,317172,11,3188,2,7200,1.00345043915
314005,314013,317005,8,2992,2,7200,1.00267379679
314026,314036,317307,10,3271,2,7200,1.00305716906
314059,314069,317195,10,3126,2,7200,1.00319897633
314070,319923,323557,5853,3634,1,3600,2.61062190424
314074,314080,316834,6,2754,2,7200,1.00217864924
314075,319928,323554,5853,3626,1,3600,2.61417539989
314077,319936,323538,5859,3602,1,3600,2.62659633537
314079,319942,323551,5863,3609,1,3600,2.62454973677
314081,319947,323553,5866,3606,1,3600,2.62673322241
314119,314130,317045,11,2915,2,7200,1.00377358491
314134,314144,316897,10,2753,2,7200,1.00363240102
314174,314182,317180,8,2998,2,7200,1.00266844563
314175,314189,317179,14,2990,2,7200,1.00468227425
314193,319952,323484,5759,3532,1,3600,2.6305209513
314200,319958,323319,5758,3361,1,3600,2.71318060101
314203,319963,323594,5760,3631,1,3600,2.58633985128
314205,319969,323177,5764,3208,1,3600,2.79675810474
314207,319974,323591,5767,3617,1,3600,2.59441526127
314209,320007,323652,5798,3645,1,3600,2.59067215364
314216,314231,317270,15,3039,2,7200,1.00493583416
314246,314256,317399,10,3143,2,7200,1.00318167356
314261,314372,329230,111,14858,1,36000,1.00747072284
314391,320013,323647,5622,3634,1,3600,2.54705558613
314397,320018,323645,5621,3627,1,3600,2.54976564654
314400,320030,323334,5630,3304,1,3600,2.70399515738
314405,320035,323681,5630,3646,1,3600,2.54415798135
314407,320180,323812,5773,3632,1,3600,2.58948237885
314449,314512,328923,63,14411,1,36000,1.00437166054
314530,320222,323856,5692,3634,1,3600,2.56631810677
314536,320228,323861,5692,3633,1,3600,2.56674924305
314539,320234,323858,5695,3624,1,3600,2.57146799117
314750,315192,337843,442,22651,1,36000,1.01951348726
314813,316414,338612,1601,22198,1,36000,1.07212361474
314894,316420,344483,1526,28063,1,36000,1.05437765029
315218,316272,318261,1054,1989,2,43200,1.52991452991
315225,320239,323859,5014,3620,1,3600,2.38508287293
315293,316425,345391,1132,28966,1,36000,1.03908030104
315477,316265,474689,788,158424,4,324000,1.00497399384
315701,315711,318558,10,2847,2,7200,1.00351246927
315740,315748,318562,8,2814,2,7200,1.00284292822
315782,316310,316331,528,21,4,216000,26.1428571429
315812,316353,316381,541,28,4,216000,20.3214285714
315839,316392,316402,553,10,4,216000,56.3
315870,315879,319005,9,3126,2,7200,1.00287907869
315982,315991,318931,9,2940,2,7200,1.00306122449
315984,315998,318799,14,2801,2,7200,1.00499821492
316041,316052,318909,11,2857,2,7200,1.00385019251
316241,316250,362179,9,45929,1,604800,1.00019595463
316256,320262,323864,4006,3602,1,3600,2.11215991116
316261,320267,323869,4006,3602,1,3600,2.11215991116
316263,320279,322059,4016,1780,1,3600,3.25617977528
316268,316279,319376,11,3097,2,7200,1.00355182435
316285,320285,322673,4000,2388,1,3600,2.67504187605
316287,320290,321725,4003,1435,1,3600,3.78954703833
316290,320295,321502,4005,1207,1,3600,4.31814415907
316291,320301,322077,4010,1776,1,3600,3.25788288288
316293,320324,321979,4031,1655,1,3600,3.43564954683
316294,323326,325756,7032,2430,1,3600,3.89382716049
316307,316324,319294,17,2970,2,7200,1.00572390572
316335,316359,319569,24,3210,2,7200,1.00747663551
316356,323333,326006,6977,2673,1,3600,3.6101758324
316358,323495,325455,7137,1960,1,3600,4.64132653061
316360,323507,325981,7147,2474,1,3600,3.88884397736
316365,323513,326603,7148,3090,1,3600,3.31326860841
316368,316375,319150,7,2775,2,7200,1.00252252252
316369,323519,325913,7150,2394,1,3600,3.98663324979
316371,323525,326685,7154,3160,1,3600,3.26392405063
316371,316430,316441,59,11,1,72000,6.36363636364
316373,323532,326352,7159,2820,1,3600,3.53865248227
316384,316455,316469,71,14,1,72000,6.07142857143
316435,323548,326327,7113,2779,1,3600,3.55955379633
316497,323556,325458,7059,1902,1,3600,4.71135646688
316500,323562,326048,7062,2486,1,3600,3.8407079646
316543,316552,319349,9,2797,2,7200,1.00321773329
316561,316642,319440,81,2798,2,7200,1.02894924946
316595,316647,319559,52,2912,2,7200,1.01785714286
316609,316653,316750,44,97,1,9000,1.45360824742
316623,323567,325820,6944,2253,1,3600,4.08211273857
316624,323572,326882,6948,3310,1,3600,3.09909365559
316627,323585,326041,6958,2456,1,3600,3.83306188925
316652,316670,319786,18,3116,2,7200,1.00577663671
316662,316675,325703,13,9028,1,9000,1.00143996455
316671,316681,319656,10,2975,2,7200,1.00336134454
316690,316699,319567,9,2868,2,7200,1.00313807531
316705,316715,319474,10,2759,2,7200,1.00362450163
316720,316729,319538,9,2809,2,7200,1.00320398718
316786,316796,319545,10,2749,2,7200,1.00363768643
316801,316808,319887,7,3079,2,7200,1.00227346541
316835,316845,319896,10,3051,2,7200,1.0032776139
316850,316856,319735,6,2879,2,7200,1.00208405696
316874,316884,319912,10,3028,2,7200,1.00330250991
316889,316895,319683,6,2788,2,7200,1.00215208034
316904,316910,320146,6,3236,2,7200,1.00185414091
316919,316925,319771,6,2846,2,7200,1.00210822207
317003,317012,320182,9,3170,2,7200,1.00283911672
317008,318037,324198,1029,6161,2,21600,1.16701834118
317018,317024,319933,6,2909,2,7200,1.00206256446
317045,317056,319982,11,2926,2,7200,1.0037593985
317079,317088,320229,9,3141,2,7200,1.00286532951
317086,318630,319028,1544,398,1,600,4.87939698492
317090,318636,325841,1546,7205,1,7200,1.21457321305
317140,317148,320224,8,3076,2,7200,1.00260078023
317155,317165,320019,10,2854,2,7200,1.00350385424
317173,317183,320221,10,3038,2,7200,1.00329163924
317182,317190,320032,8,2842,2,7200,1.00281491907
317188,317197,320034,9,2837,2,7200,1.00317236517
317197,317206,320264,9,3058,2,7200,1.00294310007
317273,317284,320277,11,2993,2,7200,1.00367524223
317273,317290,320265,17,2975,2,7200,1.00571428571
317310,317318,320334,8,3016,2,7200,1.00265251989
317400,317411,320248,11,2837,2,7200,1.00387733521
317490,318609,318639,1119,30,2,43200,38.3
317914,318162,337733,248,19571,2,54000,1.01267181033
317942,318614,318654,672,40,2,43200,17.8
317964,318619,318654,655,35,2,43200,19.7142857143
318052,318625,318654,573,29,2,43200,20.7586206897
318071,323590,326399,5519,2809,1,3600,2.96475614098
318183,318243,401473,60,83230,3,86400,1.00072089391
318193,323596,325832,5403,2236,1,3600,3.41636851521
318194,323601,326251,5407,2650,1,3600,3.04037735849
318221,318273,334748,52,16475,2,54000,1.00315629742
318560,318570,321652,10,3082,2,7200,1.00324464633
318575,318582,321275,7,2693,2,7200,1.0025993316
318657,318998,354693,341,35695,2,54000,1.00955315871
318757,319468,349803,711,30335,2,43200,1.02343827262
318770,319473,327572,703,8099,2,43200,1.08680083961
318777,319570,350149,793,30579,2,43200,1.02593282972
318780,319575,349275,795,29700,2,43200,1.02676767677
318802,318812,321646,10,2834,2,7200,1.00352858151
318911,318920,321886,9,2966,2,7200,1.00303438975
318927,319039,319670,112,631,1,14400,1.17749603803
318932,318942,322064,10,3122,2,7200,1.00320307495
319008,319016,322089,8,3073,2,7200,1.00260331923
319153,319162,321866,9,2704,2,7200,1.00332840237
319205,319580,373594,375,54014,2,259200,1.0069426445
319261,319640,392778,379,73138,2,259200,1.00518198474
319295,319305,322383,10,3078,2,7200,1.0032488629
319353,319362,322494,9,3132,2,7200,1.00287356322
319380,319388,322284,8,2896,2,7200,1.00276243094
319443,319451,322100,8,2649,2,7200,1.00302000755
319467,319563,333178,96,13615,2,54000,1.00705104664
319476,319485,322376,9,2891,2,7200,1.00311310965
319542,319550,322476,8,2926,2,7200,1.002734108
319546,319557,322540,11,2983,2,7200,1.00368756286
319561,319586,322777,25,3191,2,7200,1.00783453463
319569,319592,322504,23,2912,2,7200,1.00789835165
319576,319597,322653,21,3056,2,7200,1.00687172775
319644,323607,325858,3963,2251,1,3600,2.76055086628
319646,323613,326026,3967,2413,1,3600,2.64401160381
319657,319667,322705,10,3038,2,7200,1.00329163924
319686,319694,322746,8,3052,2,7200,1.00262123198
319708,323656,326409,3948,2753,1,3600,2.43407192154
319737,319746,322801,9,3055,2,7200,1.00294599018
319758,319809,373833,51,54024,2,54000,1.00094402488
319759,319816,338215,57,18399,2,43200,1.00309799446
319773,319782,322758,9,2976,2,7200,1.00302419355
319788,319797,322778,9,2981,2,7200,1.0030191211
319807,320002,341985,195,21983,2,43200,1.00887049083
319831,323663,326165,3832,2502,1,3600,2.53157474021
319888,319981,323382,93,3401,2,7200,1.02734489856
319903,319986,322967,83,2981,2,7200,1.0278430057
319918,319991,322778,73,2787,2,7200,1.02619303911
319936,319997,323059,61,3062,2,7200,1.01992161986
319985,320024,323014,39,2990,2,7200,1.01304347826
320012,323668,326075,3656,2407,1,3600,2.518903199
320014,323694,326371,3680,2677,1,3600,2.37467314158
320016,323823,326253,3807,2430,1,3600,2.56666666667
320018,323867,326811,3849,2944,1,3600,2.3074048913
320020,323874,326283,3854,2409,1,3600,2.599833956
320022,320041,322805,19,2764,2,7200,1.00687409551
320033,320049,323133,16,3084,2,7200,1.00518806744
320037,320054,323144,17,3090,2,7200,1.00550161812
320058,320104,338437,46,18333,2,43200,1.00250913653
320082,323879,326659,3797,2780,1,3600,2.36582733813
320084,320135,340439,51,20304,2,43200,1.00251182033
320143,323884,326459,3741,2575,1,3600,2.45281553398
320145,323890,326440,3745,2550,1,3600,2.46862745098
320147,323896,325949,3749,2053,1,3600,2.82610813444
320148,320157,322898,9,2741,2,7200,1.00328347318
320185,320193,323225,8,3032,2,7200,1.00263852243
320208,324212,327014,4004,2802,1,3600,2.4289793005
320222,320246,323252,24,3006,2,7200,1.00798403194
320227,320251,323206,24,2955,2,7200,1.00812182741
320237,320257,323179,20,2922,2,7200,1.00684462697
320248,320274,323215,26,2941,2,7200,1.00884053043
320266,320308,323212,42,2904,2,7200,1.01446280992
320267,320313,323447,46,3134,2,7200,1.01467772814
320271,324218,327305,3947,3087,1,3600,2.27858762553
320274,324224,326653,3950,2429,1,3600,2.62618361466
320276,324230,326749,3954,2519,1,3600,2.56967050417
320279,324235,326499,3956,2264,1,3600,2.74734982332
320281,320318,323559,37,3241,2,7200,1.01141622956
320281,324240,326709,3959,2469,1,3600,2.60348319158
320283,324246,326461,3963,2215,1,3600,2.78916478555
320286,324251,326954,3965,2703,1,3600,2.46688864225
320292,324256,326862,3964,2606,1,3600,2.52110514198
320294,324261,327024,3967,2763,1,3600,2.4357582338
320297,324490,327019,4193,2529,1,3600,2.65796757612
320300,324496,327182,4196,2686,1,3600,2.56217423678
320302,324724,327341,4422,2617,1,3600,2.68972105464
320310,320398,363620,88,43222,2,43200,1.00203600019
320336,320346,323373,10,3027,2,7200,1.00330360093
320346,322291,343234,1945,20943,2,43200,1.09287112639
320364,324730,327246,4366,2516,1,3600,2.73529411765
320415,322314,360037,1899,37723,2,43200,1.05034064099
320431,325473,327895,5042,2422,1,3600,3.08175061932
320451,322799,332252,2348,9453,2,43200,1.24838675553
320571,321514,371926,943,50412,1,50400,1.01870586368
320617,322998,362178,2381,39180,2,43200,1.06077080143
320647,323150,366392,2503,43242,2,43200,1.05788353915
320683,321991,376012,1308,54021,2,54000,1.02421280613
320911,323190,337602,2279,14412,1,14400,1.15813211213
320911,337609,352020,16698,14411,1,14400,2.15869821664
320912,352057,356792,31145,4735,1,14400,7.57761351637
321278,321286,324188,8,2902,2,7200,1.0027567195
321326,322088,332773,762,10685,2,54000,1.07131492747
321525,325715,327796,4190,2081,1,3600,3.01345506968
321594,322264,376295,670,54031,2,54000,1.01240028872
321649,321658,324616,9,2958,2,7200,1.00304259635
321664,321670,324701,6,3031,2,7200,1.0019795447
321773,325768,328480,3995,2712,1,3600,2.47308259587
321870,321878,324606,8,2728,2,7200,1.00293255132
321888,321897,324678,9,2781,2,7200,1.00323624595
322018,325843,328307,3825,2464,1,3600,2.5523538961
322066,322075,324959,9,2884,2,7200,1.00312066574
322085,325850,327876,3765,2026,1,3600,2.85834155972
322087,325856,328390,3769,2534,1,3600,2.48737174428
322090,322100,324969,10,2869,2,7200,1.00348553503
322105,322111,325077,6,2966,2,7200,1.0020229265
322270,325876,328269,3606,2393,1,3600,2.50689511074
322272,325926,328690,3654,2764,1,3600,2.32199710564
322287,322298,325089,11,2791,2,7200,1.0039412397
322334,325960,328785,3626,2825,1,3600,2.28353982301
322335,325995,328883,3660,2888,1,3600,2.26731301939
322337,326021,328309,3684,2288,1,3600,2.61013986014
322339,326038,328587,3699,2549,1,3600,2.45115731659
322379,322387,325402,8,3015,2,7200,1.00265339967
322384,322394,325023,10,2629,2,7200,1.00380372765
322477,322487,325239,10,2752,2,7200,1.00363372093
322495,322506,325542,11,3036,2,7200,1.00362318841
322510,322517,325486,7,2969,2,7200,1.00235769619
322543,322553,325471,10,2918,2,7200,1.0034270048
322645,322665,325557,20,2892,2,7200,1.00691562932
322680,322716,325785,36,3069,2,7200,1.01173020528
322704,326052,328509,3348,2457,1,3600,2.36263736264
322731,322770,325920,39,3150,2,7200,1.01238095238
322749,322757,325687,8,2930,2,7200,1.00273037543
322750,322789,325663,39,2874,2,7200,1.01356993737
322772,322806,325939,34,3133,2,7200,1.01085221832
322777,322794,325975,17,3181,2,7200,1.00534423137
322805,322813,325635,8,2822,2,7200,1.00283486889
322808,322820,325824,12,3004,2,7200,1.00399467377
322842,326062,328816,3220,2754,1,3600,2.16920842411
322899,322909,325921,10,3012,2,7200,1.00332005312
322968,322978,326004,10,3026,2,7200,1.00330469266
323017,323026,325918,9,2892,2,7200,1.0031120332
323029,326087,328819,3058,2732,1,3600,2.11932650073
323032,326178,328710,3146,2532,1,3600,2.24249605055
323063,323071,325968,8,2897,2,7200,1.00276147739
323095,326264,328723,3169,2459,1,3600,2.28873525824
323135,323144,325901,9,2757,2,7200,1.00326441785
323145,323156,326140,11,2984,2,7200,1.00368632708
323157,326270,328670,3113,2400,1,3600,2.29708333333
323182,323197,326110,15,2913,2,7200,1.00514933059
323209,323217,326151,8,2934,2,7200,1.00272665303
323219,326295,328726,3076,2431,1,3600,2.26532291238
323224,323230,326141,6,2911,2,7200,1.00206114737
323225,323236,326087,11,2851,2,7200,1.00385829533
323240,323247,326213,7,2966,2,7200,1.00236008092
323255,323264,326173,9,2909,2,7200,1.00309384668
323274,323472,324211,198,739,8,21600,1.26792963464
323342,326339,329081,2997,2742,1,3600,2.09299781182
323347,326370,328691,3023,2321,1,3600,2.302455838
323349,326382,329139,3033,2757,1,3600,2.10010881393
323376,323384,326450,8,3066,2,7200,1.00260926288
323391,323397,326352,6,2955,2,7200,1.00203045685
323411,326410,329041,2999,2631,1,3600,2.13987077157
323449,323458,326861,9,3403,2,7200,1.00264472524
323476,326421,328973,2945,2552,1,3600,2.1539968652
323479,326453,328869,2974,2416,1,3600,2.2309602649
323481,326473,329086,2992,2613,1,3600,2.14504401072
323483,326479,329040,2996,2561,1,3600,2.16985552519
323485,326510,328868,3025,2358,1,3600,2.2828668363
323487,326616,329066,3129,2450,1,3600,2.27714285714
323551,326660,329217,3109,2557,1,3600,2.21587798201
323557,326672,329109,3115,2437,1,3600,2.27821091506
323561,323580,326653,19,3073,2,7200,1.00618288318
323577,326678,329325,3101,2647,1,3600,2.17151492255
323579,326684,329196,3105,2512,1,3600,2.23606687898
323583,326698,329103,3115,2405,1,3600,2.29521829522
323586,326721,328973,3135,2252,1,3600,2.39209591474
323588,326762,329285,3174,2523,1,3600,2.25802615933
323590,326823,329222,3233,2399,1,3600,2.34764485202
323610,326879,329275,3269,2396,1,3600,2.3643572621
323613,326894,329845,3281,2951,1,3600,2.11182649949
323616,326966,329636,3350,2670,1,3600,2.25468164794
323618,327027,329687,3409,2660,1,3600,2.28157894737
323620,327033,329541,3413,2508,1,3600,2.36084529506
323621,327039,328837,3418,1798,1,3600,2.90100111235
323629,327193,329428,3564,2235,1,3600,2.59463087248
323631,327257,329428,3626,2171,1,3600,2.67019806541
323633,327316,329509,3683,2193,1,3600,2.67943456452
323695,327353,329869,3658,2516,1,3600,2.45389507154
323705,327583,330163,3878,2580,1,3600,2.50310077519
323713,327589,329793,3876,2204,1,3600,2.75862068966
323716,327807,329863,4091,2056,1,3600,2.98978599222
323861,327887,330682,4026,2795,1,3600,2.4404293381
323866,327906,330213,4040,2307,1,3600,2.75119202427
323873,328285,330914,4412,2629,1,3600,2.67820464055
323879,328318,330492,4439,2174,1,3600,3.04185832567
323884,328324,329979,4440,1655,1,3600,3.68277945619
323886,328407,330167,4521,1760,1,3600,3.56875
323888,328493,330822,4605,2329,1,3600,2.97724345213
324190,324200,327213,10,3013,2,7200,1.00331895121
324607,324617,327637,10,3020,2,7200,1.00331125828
324622,324629,327515,7,2886,2,7200,1.00242550243
324680,324690,327597,10,2907,2,7200,1.00343997248
324704,324713,327470,9,2757,2,7200,1.00326441785
324872,325466,337574,594,12108,1,158400,1.04905847374
324961,324970,327869,9,2899,2,7200,1.0031045188
324976,324982,328016,6,3034,2,7200,1.00197758734
325024,325034,327608,10,2574,2,7200,1.00388500389
325078,325088,328123,10,3035,2,7200,1.00329489292
325094,325100,328191,6,3091,2,7200,1.00194111938
325242,325250,328267,8,3017,2,7200,1.0026516407
325406,325414,328261,8,2847,2,7200,1.00280997541
325464,328520,330343,3056,1823,1,3600,2.67635765222
325469,328601,330800,3132,2199,1,3600,2.42428376535
325472,325482,328713,10,3231,2,7200,1.00309501702
325488,325498,328360,10,2862,2,7200,1.0034940601
325542,325554,328389,12,2835,2,7200,1.00423280423
325561,325569,328569,8,3000,2,7200,1.00266666667
325636,325646,328531,10,2885,2,7200,1.00346620451
325666,325674,328473,8,2799,2,7200,1.00285816363
325687,325698,328898,11,3200,2,7200,1.0034375
325788,325797,328724,9,2927,2,7200,1.00307482064
325816,328681,331073,2865,2392,1,3600,2.19774247492
325828,325836,329092,8,3256,2,7200,1.00245700246
325854,328707,331082,2853,2375,1,3600,2.20126315789
325870,328713,330668,2843,1955,1,3600,2.45421994885
325891,328723,331325,2832,2602,1,3600,2.08839354343
325903,325912,328887,9,2975,2,7200,1.00302521008
325922,325932,328797,10,2865,2,7200,1.0034904014
325923,325938,328932,15,2994,2,7200,1.00501002004
325924,325943,329161,19,3218,2,7200,1.00590428838
325943,325952,328688,9,2736,2,7200,1.00328947368
325957,328741,331425,2784,2684,1,3600,2.03725782414
325970,325980,328840,10,2860,2,7200,1.0034965035
325974,325986,329160,12,3174,2,7200,1.00378071834
325980,328747,331145,2767,2398,1,3600,2.15387823186
326006,328797,330674,2791,1877,1,3600,2.48694725626
326007,326015,328855,8,2840,2,7200,1.00281690141
326026,328827,331101,2801,2274,1,3600,2.23175021988
326038,328834,331406,2796,2572,1,3600,2.08709175739
326088,326099,329138,11,3039,2,7200,1.00361961171
326106,328848,330732,2742,1884,1,3600,2.45541401274
326114,326121,329170,7,3049,2,7200,1.0022958347
326130,328881,331376,2751,2495,1,3600,2.10260521042
326134,328887,330927,2753,2040,1,3600,2.34950980392
326141,326151,328745,10,2594,2,7200,1.00385505012
326143,326157,329303,14,3146,2,7200,1.00445009536
326158,326164,329014,6,2850,2,7200,1.00210526316
326175,326184,329181,9,2997,2,7200,1.003003003
326203,328896,331503,2693,2607,1,3600,2.03298810894
326216,326225,329408,9,3183,2,7200,1.00282752121
326289,328934,331584,2645,2650,1,3600,1.99811320755
326304,328984,331179,2680,2195,1,3600,2.22095671982
326306,328990,331542,2684,2552,1,3600,2.05172413793
326355,326364,329204,9,2840,2,7200,1.00316901408
326371,329058,331166,2687,2108,1,3600,2.27466793169
326376,329077,332289,2701,3212,1,3600,1.84090909091
326399,329092,331787,2693,2695,1,3600,1.99925788497
326453,326462,329512,9,3050,2,7200,1.00295081967
326463,329099,331259,2636,2160,1,3600,2.22037037037
326470,329115,331556,2645,2441,1,3600,2.08357230643
326472,329121,331667,2649,2546,1,3600,2.04045561665
326506,329155,331864,2649,2709,1,3600,1.97785160576
326508,329209,331165,2701,1956,1,3600,2.3808793456
326510,329228,331781,2718,2553,1,3600,2.06462984724
326656,326666,329527,10,2861,2,7200,1.00349528137
326659,329234,331974,2575,2740,1,3600,1.9397810219
326664,329241,332075,2577,2834,1,3600,1.90931545519
326675,329287,331555,2612,2268,1,3600,2.15167548501
326748,329297,332095,2549,2798,1,3600,1.91100786276
326763,329336,331825,2573,2489,1,3600,2.03374849337
326768,329445,332146,2677,2701,1,3600,1.99111440207
326830,329520,331820,2690,2300,1,3600,2.16956521739
326862,326872,329893,10,3021,2,7200,1.0033101622
326911,329552,332275,2641,2723,1,3600,1.96988615498
326954,329648,331820,2694,2172,1,3600,2.24033149171
326961,329698,332210,2737,2512,1,3600,2.08957006369
327029,329805,331931,2776,2126,1,3600,2.30573847601
327039,329857,332336,2818,2479,1,3600,2.13674868899
327062,329875,332327,2813,2452,1,3600,2.14722675367
327203,329881,332512,2678,2631,1,3600,2.01786393006
327216,327224,330144,8,2920,2,7200,1.00273972603
327279,329992,332698,2713,2706,1,3600,2.00258684405
327357,330174,332545,2817,2371,1,3600,2.18810628427
327388,330181,332404,2793,2223,1,3600,2.25641025641
327473,327482,330276,9,2794,2,7200,1.00322118826
327515,327526,330394,11,2868,2,7200,1.00383542538
327600,327608,330460,8,2852,2,7200,1.00280504909
327615,327621,330890,6,3269,2,7200,1.00183542368
327639,327649,330574,10,2925,2,7200,1.00341880342
327860,330225,332517,2365,2292,1,3600,2.03184991274
327872,327880,330875,8,2995,2,7200,1.00267111853
327923,330355,332712,2432,2357,1,3600,2.03182011031
327932,330503,332640,2571,2137,1,3600,2.20308844174
328017,328028,331007,11,2979,2,7200,1.00369251427
328126,328134,330748,8,2614,2,7200,1.00306044376
328192,328203,330950,11,2747,2,7200,1.0040043684
328262,328272,330978,10,2706,2,7200,1.0036954915
328268,328278,331213,10,2935,2,7200,1.00340715503
328306,330679,332970,2373,2291,1,3600,2.03579223047
328362,328371,331112,9,2741,2,7200,1.00328347318
328369,330686,332575,2317,1889,1,3600,2.22657490736
328389,328401,331312,12,2911,2,7200,1.00412229474
328392,330695,332701,2303,2006,1,3600,2.1480558325
328423,330743,332900,2320,2157,1,3600,2.07556791841
328474,328485,331395,11,2910,2,7200,1.00378006873
328494,330811,332826,2317,2015,1,3600,2.14987593052
328535,328542,331637,7,3095,2,7200,1.00226171244
328571,328582,331771,11,3189,2,7200,1.00344935717
328579,330834,333383,2255,2549,1,3600,1.88466065124
328596,330926,332807,2330,1881,1,3600,2.23870281765
328689,328699,332024,10,3325,2,7200,1.0030075188
328717,328729,331615,12,2886,2,7200,1.00415800416
328718,330937,332973,2219,2036,1,3600,2.08988212181
328726,328735,331611,9,2876,2,7200,1.00312934631
328745,330944,332976,2199,2032,1,3600,2.08218503937
328747,331087,333053,2340,1966,1,3600,2.19023397762
328747,328757,331688,10,2931,2,7200,1.00341180484
328752,331102,333091,2350,1989,1,3600,2.18149824032
328783,331112,333290,2329,2178,1,3600,2.06932966024
328785,331156,333675,2371,2519,1,3600,1.9412465264
328799,328808,331852,9,3044,2,7200,1.00295663601
328841,328854,331831,13,2977,2,7200,1.00436681223
328851,331177,332635,2326,1458,1,3600,2.59533607682
328856,328866,331892,10,3026,2,7200,1.00330469266
328890,328903,331902,13,2999,2,7200,1.00433477826
328905,328911,331840,6,2929,2,7200,1.00204848071
328935,328943,332002,8,3059,2,7200,1.00261523374
329017,329025,332140,8,3115,2,7200,1.0025682183
329038,329052,415478,14,86426,1,86400,1.00016198829
329094,329105,331946,11,2841,2,7200,1.0038718761
329138,329149,331949,11,2800,2,7200,1.00392857143
329161,329178,332151,17,2973,2,7200,1.00571812984
329162,329172,332152,10,2980,2,7200,1.0033557047
329176,329184,331858,8,2674,2,7200,1.00299177263
329191,329197,331893,6,2696,2,7200,1.00222551929
329205,329215,332213,10,2998,2,7200,1.00333555704
329305,329314,331971,9,2657,2,7200,1.00338727889
329355,329439,335696,84,6257,1,86400,1.01342496404
329411,329419,332417,8,2998,2,7200,1.00266844563
329514,329526,332379,12,2853,2,7200,1.00420609884
329529,329538,332605,9,3067,2,7200,1.00293446365
329895,329905,333309,10,3404,2,7200,1.00293772033
330146,330155,333177,9,3022,2,7200,1.00297816016
330279,330287,333543,8,3256,2,7200,1.00245700246
330397,330405,333617,8,3212,2,7200,1.00249066002
330461,330472,333135,11,2663,2,7200,1.00413067968
330576,330585,333582,9,2997,2,7200,1.003003003
330748,330759,333404,11,2645,2,7200,1.00415879017
330878,330887,333988,9,3101,2,7200,1.00290228958
330893,330901,334042,8,3141,2,7200,1.00254695957
330953,330962,334203,9,3241,2,7200,1.0027769207
330980,330990,333792,10,2802,2,7200,1.00356887937
331008,331018,334212,10,3194,2,7200,1.00313087038
331111,331123,334130,12,3007,2,7200,1.00399068839
331214,331225,334152,11,2927,2,7200,1.00375811411
331313,331324,334613,11,3289,2,7200,1.00334448161
331398,331406,334438,8,3032,2,7200,1.00263852243
331613,331622,334823,9,3201,2,7200,1.00281162137
331616,331628,334636,12,3008,2,7200,1.0039893617
331640,331649,334640,9,2991,2,7200,1.00300902708
331689,331699,334789,10,3090,2,7200,1.00323624595
331773,331782,335054,9,3272,2,7200,1.00275061125
331831,331842,334923,11,3081,2,7200,1.00357026939
331845,331851,334916,6,3065,2,7200,1.00195758564
331859,331865,334798,6,2933,2,7200,1.00204568701
331860,331872,334894,12,3022,2,7200,1.00397088021
331893,331904,334584,11,2680,2,7200,1.00410447761
331896,331909,334948,13,3039,2,7200,1.00427772294
331908,331915,335154,7,3239,2,7200,1.00216116085
331948,331957,334782,9,2825,2,7200,1.00318584071
331951,331963,334932,12,2969,2,7200,1.0040417649
331972,331982,334903,10,2921,2,7200,1.00342348511
332002,332013,334812,11,2799,2,7200,1.00392997499
332027,332035,335047,8,3012,2,7200,1.0026560425
332142,332151,335063,9,2912,2,7200,1.00309065934
332152,332162,335040,10,2878,2,7200,1.00347463516
332157,332168,335381,11,3213,2,7200,1.00342359166
332214,332225,335175,11,2950,2,7200,1.00372881356
332381,332390,335367,9,2977,2,7200,1.0030231777
332418,332428,335454,10,3026,2,7200,1.00330469266
332605,332616,335628,11,3012,2,7200,1.00365205843
332654,332660,332662,6,2,2,3540,1.0
333138,333147,336097,9,2950,2,7200,1.00305084746
333178,333188,335898,10,2710,2,7200,1.0036900369
333196,333203,335139,7,1936,1,7200,1.00361570248
333310,333320,336304,10,2984,2,7200,1.00335120643
333407,333415,336215,8,2800,2,7200,1.00285714286
333546,333554,336513,8,2959,2,7200,1.00270361609
333586,333594,336274,8,2680,2,7200,1.00298507463
333619,333629,336485,10,2856,2,7200,1.00350140056
333795,333803,336740,8,2937,2,7200,1.00272386789
333988,333999,336978,11,2979,2,7200,1.00369251427
334043,334053,336952,10,2899,2,7200,1.00344946533
334130,334141,337124,11,2983,2,7200,1.00368756286
334155,334163,337190,8,3027,2,7200,1.00264288074
334206,334214,337263,8,3049,2,7200,1.00262381109
334221,334227,337092,6,2865,2,7200,1.00209424084
334440,334450,337315,10,2865,2,7200,1.0034904014
334583,334595,337553,12,2958,2,7200,1.00405679513
334614,334625,337393,11,2768,2,7200,1.00397398844
334637,334647,337542,10,2895,2,7200,1.00345423143
334652,334658,337836,6,3178,2,7200,1.00188797986
334784,334794,337600,10,2806,2,7200,1.00356379187
334800,334806,338067,6,3261,2,7200,1.0018399264
334801,334812,338113,11,3301,2,7200,1.00333232354
334813,334823,337806,10,2983,2,7200,1.00335232987
334826,334834,337875,8,3041,2,7200,1.00263071358
334895,334905,337961,10,3056,2,7200,1.00327225131
334910,334916,337992,6,3076,2,7200,1.00195058518
334925,334931,338014,6,3083,2,7200,1.00194615634
334926,334937,337723,11,2786,2,7200,1.00394831299
334941,334948,337952,7,3004,2,7200,1.00233022636
334950,334959,337855,9,2896,2,7200,1.00310773481
335041,335053,338317,12,3264,2,7200,1.00367647059
335047,335059,338065,12,3006,2,7200,1.00399201597
335062,335069,338026,7,2957,2,7200,1.00236726412
335077,335084,338054,7,2970,2,7200,1.00235690236
335156,335165,338184,9,3019,2,7200,1.00298111958
335178,335187,338030,9,2843,2,7200,1.00316567007
335363,335369,337304,6,1935,1,7200,1.00310077519
335368,335379,338364,11,2985,2,7200,1.00368509213
335383,335393,338458,10,3065,2,7200,1.00326264274
335456,335465,338627,9,3162,2,7200,1.00284629981
335632,335640,338684,8,3044,2,7200,1.00262812089
335899,335909,338995,10,3086,2,7200,1.0032404407
336098,336108,339089,10,2981,2,7200,1.003354579
336216,336226,339371,10,3145,2,7200,1.00317965024
336277,336285,339291,8,3006,2,7200,1.00266134398
336307,336315,339241,8,2926,2,7200,1.002734108
336488,336496,339359,8,2863,2,7200,1.00279427174
336515,336524,339440,9,2916,2,7200,1.00308641975
336743,336751,339769,8,3018,2,7200,1.00265076209
336954,336963,339804,9,2841,2,7200,1.00316789863
336978,336989,340060,11,3071,2,7200,1.00358189515
337093,337103,340115,10,3012,2,7200,1.00332005312
337126,337135,339975,9,2840,2,7200,1.00316901408
337192,337201,340004,9,2803,2,7200,1.00321084552
337265,337275,340073,10,2798,2,7200,1.00357398142
337316,337326,340388,10,3062,2,7200,1.00326583932
337395,337405,340256,10,2851,2,7200,1.00350754121
337543,337553,340556,10,3003,2,7200,1.00333000333
337559,337564,340530,5,2966,2,7200,1.00168577208
337601,337616,340663,15,3047,2,7200,1.00492287496
337725,337734,340698,9,2964,2,7200,1.00303643725
337810,337817,340982,7,3165,2,7200,1.00221169036
337837,337847,340964,10,3117,2,7200,1.00320821303
337856,337866,340602,10,2736,2,7200,1.00365497076
337877,337886,340988,9,3102,2,7200,1.00290135397
337952,337963,340929,11,2966,2,7200,1.00370869858
337967,337973,341044,6,3071,2,7200,1.00195376099
337995,338003,340857,8,2854,2,7200,1.00280308339
338016,338026,341110,10,3084,2,7200,1.00324254215
338032,338037,341166,5,3129,2,7200,1.00159795462
338033,338044,341097,11,3053,2,7200,1.00360301343
338057,338065,341239,8,3174,2,7200,1.00252047889
338069,338076,340848,7,2772,2,7200,1.00252525253
338072,338082,341029,10,2947,2,7200,1.0033932813
338114,338125,341069,11,2944,2,7200,1.00373641304
338187,338195,341184,8,2989,2,7200,1.00267648043
338317,338328,341506,11,3178,2,7200,1.00346129641
338366,338375,341517,9,3142,2,7200,1.00286441757
338460,338469,341421,9,2952,2,7200,1.00304878049
338630,338638,341710,8,3072,2,7200,1.00260416667
338685,338696,341862,11,3166,2,7200,1.00347441567
338997,339007,342064,10,3057,2,7200,1.0032711809
339091,339100,341745,9,2645,2,7200,1.0034026465
339242,339252,342428,10,3176,2,7200,1.00314861461
339294,339302,342352,8,3050,2,7200,1.00262295082
339360,339370,342246,10,2876,2,7200,1.00347705146
339375,339383,342306,8,2923,2,7200,1.00273691413
339442,339451,342372,9,2921,2,7200,1.0030811366
339769,339780,342780,11,3000,2,7200,1.00366666667
339808,339816,342730,8,2914,2,7200,1.00274536719
339898,339904,339912,6,8,1,3540,1.4
339977,339986,343319,9,3333,2,7200,1.00270027003
340007,340016,343079,9,3063,2,7200,1.00293829579
340062,340071,343005,9,2934,2,7200,1.00306748466
340077,340084,343127,7,3043,2,7200,1.00230036149
340116,340126,343073,10,2947,2,7200,1.0033932813
340244,340251,340314,7,63,1,3540,1.11111111111
340258,340267,343412,9,3145,2,7200,1.00286168521
340392,340400,343577,8,3177,2,7200,1.00251809884
340531,340541,343453,10,2912,2,7200,1.00343406593
340558,340568,343566,10,2998,2,7200,1.00333555704
340604,340613,343566,9,2953,2,7200,1.00304774805
340665,340674,343529,9,2855,2,7200,1.00315236427
340698,340709,343488,11,2779,2,7200,1.00395825837
340850,340860,343941,10,3081,2,7200,1.00324569945
340859,340869,343997,10,3128,2,7200,1.00319693095
340932,340941,344120,9,3179,2,7200,1.00283107896
340965,340976,343908,11,2932,2,7200,1.00375170532
340975,340982,342143,7,1161,1,3540,1.0060292851
340983,340993,343842,10,2849,2,7200,1.00351000351
340990,340999,343765,9,2766,2,7200,1.0032537961
341032,341041,344152,9,3111,2,7200,1.00289296046
341047,341055,343925,8,2870,2,7200,1.00278745645
341069,341080,343933,11,2853,2,7200,1.00385559061
341098,341108,344168,10,3060,2,7200,1.00326797386
341113,341122,344228,9,3106,2,7200,1.00289761751
341168,341178,344252,10,3074,2,7200,1.00325309044
341186,341196,344306,10,3110,2,7200,1.00321543408
341240,341250,344277,10,3027,2,7200,1.00330360093
341423,341432,344504,9,3072,2,7200,1.0029296875
341508,341517,344374,9,2857,2,7200,1.00315015751
341520,341528,344685,8,3157,2,7200,1.00253405131
341711,341721,344530,10,2809,2,7200,1.00355998576
341747,341757,344642,10,2885,2,7200,1.00346620451
341859,341873,344935,14,3062,2,7200,1.00457217505
342065,342076,345089,11,3013,2,7200,1.00365084633
342255,342261,345391,6,3130,2,7200,1.00191693291
342309,342318,345199,9,2881,2,7200,1.00312391531
342354,342363,345491,9,3128,2,7200,1.00287723785
342372,342383,345371,11,2988,2,7200,1.00368139224
342430,342439,345284,9,2845,2,7200,1.00316344464
342467,342473,342730,6,257,1,3540,1.0233463035
342734,342787,345451,53,2664,2,7200,1.01989489489
342781,342793,345830,12,3037,2,7200,1.0039512677
342867,342873,342875,6,2,1,240,1.0
342893,342899,343109,6,210,1,3540,1.02857142857
343009,343017,346090,8,3073,2,7200,1.00260331923
343069,343084,346178,15,3094,2,7200,1.00484809308
343084,343090,346107,6,3017,2,7200,1.00198873053
343129,343139,346076,10,2937,2,7200,1.00340483487
343286,343292,343317,6,25,1,3540,1.24
343320,343330,346429,10,3099,2,7200,1.00322684737
343394,343401,343437,7,36,1,3540,1.19444444444
343414,343423,346084,9,2661,2,7200,1.00338218715
343454,343464,346556,10,3092,2,7200,1.00323415265
343490,343499,346451,9,2952,2,7200,1.00304878049
343530,343540,346472,10,2932,2,7200,1.0034106412
343569,343588,346510,19,2922,2,7200,1.00650239562
343570,343594,346641,24,3047,2,7200,1.00787659993
343585,343600,346554,15,2954,2,7200,1.00507786053
343639,343645,343668,6,23,1,3540,1.26086956522
343766,343777,346674,11,2897,2,7200,1.00379703141
343797,343803,343836,6,33,1,3540,1.18181818182
343845,343853,346912,8,3059,2,7200,1.00261523374
343912,343920,346870,8,2950,2,7200,1.00271186441
343927,343936,346849,9,2913,2,7200,1.00308959835
343933,343944,346917,11,2973,2,7200,1.00369996636
343948,343955,346792,7,2837,2,7200,1.00246739514
344000,344008,346739,8,2731,2,7200,1.00292932992
344122,344131,346914,9,2783,2,7200,1.00323392023
344155,344163,347041,8,2878,2,7200,1.00277970813
344170,344180,347239,10,3059,2,7200,1.00326904217
344219,344225,344258,6,33,1,3540,1.18181818182
344231,344239,347161,8,2922,2,7200,1.00273785079
344255,344263,347578,8,3315,2,7200,1.002413273
344279,344288,347229,9,2941,2,7200,1.00306018361
344309,344317,347445,8,3128,2,7200,1.00255754476
344374,344385,347273,11,2888,2,7200,1.00380886427
344422,344428,347203,6,2775,1,3600,1.00216216216
344426,344434,347373,8,2939,1,3600,1.00272201429
344429,344440,347682,11,3242,1,3600,1.0033929673
344433,344446,348068,13,3622,1,3600,1.00358917725
344436,344451,348069,15,3618,1,3600,1.00414593698
344437,344457,348078,20,3621,1,3600,1.0055233361
344440,344462,348067,22,3605,1,3600,1.00610263523
344441,344468,348105,27,3637,1,3600,1.00742370085
344443,344474,348113,31,3639,1,3600,1.00851882385
344445,344479,348110,34,3631,1,3600,1.00936381162
344447,344485,348114,38,3629,1,3600,1.01047120419
344449,344490,347963,41,3473,1,3600,1.0118053556
344450,344495,348110,45,3615,1,3600,1.01244813278
344452,344500,348106,48,3606,1,3600,1.01331114809
344453,344506,346962,53,2456,1,3600,1.02157980456
344455,344511,348157,56,3646,1,3600,1.01535929786
344456,344517,348120,61,3603,1,3600,1.01693033583
344458,344522,347490,64,2968,1,3600,1.02156334232
344461,344527,348159,66,3632,1,3600,1.01817180617
344464,344539,348153,75,3614,1,3600,1.02075262867
344466,344544,348159,78,3615,1,3600,1.02157676349
344468,344549,348195,81,3646,1,3600,1.02221612726
344470,344555,348073,85,3518,1,3600,1.02416145537
344472,344560,348076,88,3516,1,3600,1.02502844141
344474,344566,348202,92,3636,1,3600,1.02530253025
344476,344571,347110,95,2539,1,3600,1.03741630563
344478,344578,348207,100,3629,1,3600,1.0275558005
344480,344583,348210,103,3627,1,3600,1.02839812517
344482,344588,348207,106,3619,1,3600,1.02928985908
344484,344594,348198,110,3604,1,3600,1.03052164262
344486,344599,347584,113,2985,1,3600,1.0378559464
344487,344605,348246,118,3641,1,3600,1.03240867893
344490,344610,347562,120,2952,1,3600,1.0406504065
344491,344615,348246,124,3631,1,3600,1.0341503718
344493,344621,348243,128,3622,1,3600,1.03533959139
344495,344626,348249,131,3623,1,3600,1.03615788021
344496,344631,348256,135,3625,1,3600,1.03724137931
344498,344637,347688,139,3051,1,3600,1.04555883317
344500,344643,348255,143,3612,1,3600,1.03959025471
344501,344648,348251,147,3603,1,3600,1.04079933389
344503,344654,348293,151,3639,1,3600,1.04149491619
344504,344659,348299,155,3640,1,3600,1.04258241758
344506,344664,347869,158,3205,1,3600,1.04929797192
344507,344533,347765,26,3232,2,7200,1.00804455446
344508,344669,348307,161,3638,1,3600,1.04425508521
344510,344675,348292,165,3617,1,3600,1.0456179154
344512,344680,348303,168,3623,1,3600,1.04637041126
344515,344685,348311,170,3626,1,3600,1.04688361831
344517,344691,348337,174,3646,1,3600,1.04772353264
344519,344696,348301,177,3605,1,3600,1.04909847434
344521,344702,347531,181,2829,1,3600,1.06398020502
344527,344707,348334,180,3627,1,3600,1.04962779156
344529,344729,347910,200,3181,1,3600,1.06287331028
344530,344735,347259,205,2524,1,3600,1.08122028526
344531,344713,347650,182,2937,2,7200,1.06196799455
344532,344740,348384,208,3644,1,3600,1.05708013172
344534,344746,348160,212,3414,1,3600,1.06209724663
344538,344751,347924,213,3173,1,3600,1.06712890009
344540,344756,348383,216,3627,1,3600,1.05955334988
344541,344762,347794,221,3032,1,3600,1.07288918206
344544,344767,348384,223,3617,1,3600,1.06165330384
344547,344772,348385,225,3613,1,3600,1.06227511763
344548,344777,348423,229,3646,1,3600,1.06280855732
344550,344783,347341,233,2558,1,3600,1.09108678655
344551,344788,348434,237,3646,1,3600,1.06500274273
344553,344793,348430,240,3637,1,3600,1.06598845202
344554,344799,348401,245,3602,1,3600,1.06801776791
344556,344804,348421,248,3617,1,3600,1.06856510921
344559,344809,348443,250,3634,1,3600,1.06879471657
344562,344815,348441,253,3626,1,3600,1.06977385549
344564,344820,348358,256,3538,1,3600,1.07235726399
344566,344825,348254,259,3429,1,3600,1.07553222514
344568,344831,348435,263,3604,1,3600,1.07297447281
344573,344836,348483,263,3647,1,3600,1.07211406636
344575,344841,348480,266,3639,1,3600,1.07309700467
344577,344847,348449,270,3602,1,3600,1.07495835647
344580,344852,348478,272,3626,1,3600,1.0750137893
344582,344857,348496,275,3639,1,3600,1.0755702116
344586,344865,347750,279,2885,1,3600,1.09670710572
344588,344870,348491,282,3621,1,3600,1.07787903894
344590,344876,348484,286,3608,1,3600,1.07926829268
344592,344881,348516,289,3635,1,3600,1.07950481431
344594,344886,348527,292,3641,1,3600,1.08019774787
344596,344892,348526,296,3634,1,3600,1.08145294441
344597,344897,348521,300,3624,1,3600,1.08278145695
344599,344903,348526,304,3623,1,3600,1.08390836323
344600,344908,347843,308,2935,1,3600,1.10494037479
344602,344913,348139,311,3226,1,3600,1.09640421575
344603,344919,348533,316,3614,1,3600,1.08743774211
344605,344924,348560,319,3636,1,3600,1.08773377338
344609,344929,348569,320,3640,1,3600,1.08791208791
344611,344935,348550,324,3615,1,3600,1.08962655602
344613,345402,349028,789,3626,1,3600,1.21759514617
344615,346973,350593,2358,3620,1,3600,1.65138121547
344616,347123,349399,2507,2276,1,3600,2.10149384886
344621,347215,350829,2594,3614,1,3600,1.71776425014
344625,347272,350906,2647,3634,1,3600,1.728398459
344628,347352,350998,2724,3646,1,3600,1.74712013165
344631,347385,351009,2754,3624,1,3600,1.75993377483
344634,347502,351130,2868,3628,1,3600,1.79051819184
344639,347544,351183,2905,3639,1,3600,1.79829623523
344641,347573,351212,2932,3639,1,3600,1.805715856
344643,347602,351224,2959,3622,1,3600,1.81695196024
344644,344719,347773,75,3054,2,7200,1.02455795678
344685,344724,347581,39,2857,2,7200,1.01365068253
344937,344947,347678,10,2731,2,7200,1.00366166239
345092,345100,347957,8,2857,2,7200,1.00280014001
345201,345211,348167,10,2956,2,7200,1.00338294993
345285,345297,348346,12,3049,2,7200,1.00393571663
345373,345383,348638,10,3255,2,7200,1.00307219662
345394,345409,348454,15,3045,2,7200,1.00492610837
345452,345463,348349,11,2886,2,7200,1.00381150381
345494,345503,348417,9,2914,2,7200,1.00308853809
345831,345841,349062,10,3221,2,7200,1.00310462589
346078,346087,349048,9,2961,2,7200,1.00303951368
346093,346100,348973,7,2873,2,7200,1.00243647755
346095,346106,348920,11,2814,2,7200,1.0039090263
346110,346118,349002,8,2884,2,7200,1.0027739251
346179,346190,349034,11,2844,2,7200,1.00386779184
346430,346440,349402,10,2962,2,7200,1.00337609723
346452,346462,349530,10,3068,2,7200,1.00325945241
346473,346485,349210,12,2725,2,7200,1.00440366972
346513,346523,349634,10,3111,2,7200,1.00321440051
346556,346566,349578,10,3012,2,7200,1.00332005312
346571,346577,349599,6,3022,2,7200,1.00198544011
346643,346652,349708,9,3056,2,7200,1.00294502618
346677,346685,349421,8,2736,2,7200,1.00292397661
346740,346752,349685,12,2933,2,7200,1.00409137402
346795,346804,349699,9,2895,2,7200,1.00310880829
346853,346860,349806,7,2946,2,7200,1.00237610319
346874,346882,349999,8,3117,2,7200,1.00256657042
346913,346924,349625,11,2701,2,7200,1.00407256572
346920,346931,349909,11,2978,2,7200,1.0036937542
346928,346937,350041,9,3104,2,7200,1.00289948454
346996,347696,351326,700,3630,1,3600,1.19283746556
347043,347053,349986,10,2933,2,7200,1.00340947835
347140,347703,350116,563,2413,1,3600,1.23331951927
347162,347173,350123,11,2950,2,7200,1.00372881356
347215,347772,351401,557,3629,1,3600,1.15348580876
347231,347241,350188,10,2947,2,7200,1.0033932813
347246,347253,350319,7,3066,2,7200,1.00228310502
347275,347285,350150,10,2865,2,7200,1.0034904014
347280,347806,351446,526,3640,1,3600,1.14450549451
347359,347855,351501,496,3646,1,3600,1.13603949534
347428,347880,351085,452,3205,1,3600,1.14102964119
347447,347457,350223,10,2766,2,7200,1.00361532899
347553,347921,351053,368,3132,1,3600,1.11749680715
347556,347936,351582,380,3646,1,3600,1.10422380691
347580,347590,350440,10,2850,2,7200,1.00350877193
347595,347608,350865,13,3257,2,7200,1.00399140313
347619,347975,351593,356,3618,1,3600,1.09839690437
347629,348078,351713,449,3635,1,3600,1.1235213205
347653,347661,350430,8,2769,2,7200,1.00288912965
347680,347689,350719,9,3030,2,7200,1.00297029703
347695,348085,351713,390,3628,1,3600,1.10749724366
347697,348090,351714,393,3624,1,3600,1.10844370861
347768,347780,350772,12,2992,2,7200,1.00401069519
347772,347786,350905,14,3119,2,7200,1.00448861815
347775,348095,351724,320,3629,1,3600,1.08817856159
347838,348101,351723,263,3622,1,3600,1.07261181668
347911,348107,351753,196,3646,1,3600,1.05375754251
347916,348116,350382,200,2266,1,3600,1.08826125331
347922,348122,351755,200,3633,1,3600,1.0550509221
347960,347968,350943,8,2975,2,7200,1.00268907563
347984,348128,351755,144,3627,1,3600,1.03970223325
347986,348133,351751,147,3618,1,3600,1.04063018242
348108,348139,351758,31,3619,1,3600,1.00856590218
348116,348145,351760,29,3615,1,3600,1.00802213001
348122,348150,351764,28,3614,1,3600,1.00774764804
348124,348156,351802,32,3646,1,3600,1.00877674163
348126,348164,351798,38,3634,1,3600,1.01045679692
348127,348171,350551,44,2380,1,3600,1.01848739496
348129,348176,351804,47,3628,1,3600,1.01295479603
348130,348181,351803,51,3622,1,3600,1.01408061844
348132,348187,351812,55,3625,1,3600,1.01517241379
348136,348210,351840,74,3630,1,3600,1.02038567493
348137,348215,351842,78,3627,1,3600,1.02150537634
348139,348221,351846,82,3625,1,3600,1.02262068966
348142,348227,351852,85,3625,1,3600,1.02344827586
348155,348232,351855,77,3623,1,3600,1.02125310516
348168,348193,351029,25,2836,2,7200,1.00881523272
348219,348238,351852,19,3614,1,3600,1.0052573326
348222,348255,351888,33,3633,1,3600,1.00908340215
348224,348261,351891,37,3630,1,3600,1.01019283747
348225,348267,351891,42,3624,1,3600,1.01158940397
348227,348272,351893,45,3621,1,3600,1.01242750621
348229,348278,351672,49,3394,1,3600,1.01443724219
348233,348284,351900,51,3616,1,3600,1.0141039823
348243,348289,351543,46,3254,1,3600,1.01413644745
348246,348294,351905,48,3611,1,3600,1.0132927167
348256,348303,351742,47,3439,1,3600,1.01366676359
348266,348310,351938,44,3628,1,3600,1.01212789416
348268,348317,351944,49,3627,1,3600,1.0135097877
348270,348322,351946,52,3624,1,3600,1.01434878587
348271,348328,351952,57,3624,1,3600,1.01572847682
348273,348334,351948,61,3614,1,3600,1.01687880465
348274,348339,351956,65,3617,1,3600,1.01797069395
348276,348345,351268,69,2923,1,3600,1.02360588437
348278,348352,351922,74,3570,1,3600,1.02072829132
348281,348374,351365,93,2991,1,3600,1.03109327984
348347,348358,351310,11,2952,2,7200,1.00372628726
348354,348394,351003,40,2609,1,3600,1.01533154465
348361,348401,352025,40,3624,1,3600,1.01103752759
348362,348368,351268,6,2900,2,7200,1.00206896552
348365,348406,351816,41,3410,1,3600,1.01202346041
348366,348411,351644,45,3233,1,3600,1.01391896072
348368,348417,352046,49,3629,1,3600,1.01350234224
348369,348436,352068,67,3632,1,3600,1.01844713656
348370,348442,352088,72,3646,1,3600,1.01974766868
348389,348448,352078,59,3630,1,3600,1.01625344353
348398,348454,352075,56,3621,1,3600,1.01546534107
348400,348459,352080,59,3621,1,3600,1.01629384148
348405,348471,352088,66,3617,1,3600,1.01824716616
348410,348476,351873,66,3397,1,3600,1.01942890786
348413,348482,352094,69,3612,1,3600,1.01910299003
348415,348492,350664,77,2172,1,3600,1.03545119705
348419,348430,351109,11,2679,2,7200,1.00410600971
348428,348498,350418,70,1920,1,3600,1.03645833333
348430,348504,349626,74,1122,1,3600,1.06595365419
348432,348510,349715,78,1205,1,3600,1.06473029046
348456,348466,351445,10,2979,2,7200,1.00335683115
348494,348515,350066,21,1551,1,3600,1.01353965184
348495,348529,349739,34,1210,1,3600,1.02809917355
348497,348535,349882,38,1347,1,3600,1.0282108389
348501,348521,349707,20,1186,1,3600,1.01686340641
348503,348542,350086,39,1544,1,3600,1.02525906736
348505,348547,349825,42,1278,1,3600,1.03286384977
348506,348552,350006,46,1454,1,3600,1.03163686382
348508,348559,349948,51,1389,1,3600,1.03671706263
348509,348566,349851,57,1285,1,3600,1.04435797665
348511,348572,349592,61,1020,1,3600,1.05980392157
348512,348580,349915,68,1335,1,3600,1.05093632959
348514,349044,350717,530,1673,1,3600,1.31679617454
348575,349286,350697,711,1411,1,3600,1.50389794472
348589,349292,350742,703,1450,1,3600,1.48482758621
348593,349410,350618,817,1208,1,3600,1.67632450331
348604,349604,350973,1000,1369,1,3600,1.73046018992
348606,349643,350793,1037,1150,1,3600,1.90173913043
348608,349718,351076,1110,1358,1,3600,1.81737849779
348609,349731,351473,1122,1742,1,3600,1.64408725603
348610,349750,350812,1140,1062,1,3600,2.07344632768
348612,349814,351276,1202,1462,1,3600,1.82216142271
348640,348649,351565,9,2916,2,7200,1.00308641975
348922,348932,351937,10,3005,2,7200,1.00332778702
348976,348984,352000,8,3016,2,7200,1.00265251989
349003,349014,351699,11,2685,2,7200,1.00409683426
349036,349051,352005,15,2954,2,7200,1.00507786053
349051,349060,351887,9,2827,2,7200,1.00318358684
349065,349073,351671,8,2598,2,7200,1.00307929176
349095,349820,351450,725,1630,1,3600,1.44478527607
349212,349221,352395,9,3174,2,7200,1.00283553875
349405,349417,352386,12,2969,2,7200,1.0040417649
349407,349836,351775,429,1939,1,3600,1.22124806601
349423,349433,352179,10,2746,2,7200,1.0036416606
349532,349541,352379,9,2838,2,7200,1.00317124736
349581,349590,352547,9,2957,2,7200,1.0030436253
349602,349611,352453,9,2842,2,7200,1.00316678395
349626,349637,352560,11,2923,2,7200,1.00376325693
349636,349649,352362,13,2713,2,7200,1.00479174346
349653,349862,351434,209,1572,1,3600,1.13295165394
349658,349894,351290,236,1396,1,3600,1.16905444126
349687,349696,352720,9,3024,2,7200,1.00297619048
349700,349710,352559,10,2849,2,7200,1.00351000351
349708,349725,352485,17,2760,2,7200,1.00615942029
349720,349931,351389,211,1458,1,3600,1.14471879287
349723,349960,351372,237,1412,1,3600,1.1678470255
349784,350017,351368,233,1351,1,3600,1.17246484086
349807,349827,352946,20,3119,2,7200,1.00641231164
349846,350078,351983,232,1905,1,3600,1.1217847769
349908,350098,351364,190,1266,1,3600,1.15007898894
349912,350127,351542,215,1415,1,3600,1.1519434629
349913,349921,352774,8,2853,2,7200,1.0028040659
349974,350160,351604,186,1444,1,3600,1.12880886427
349976,350166,351597,190,1431,1,3600,1.13277428372
349989,349998,352981,9,2983,2,7200,1.00301709688
350004,350010,353082,6,3072,2,7200,1.001953125
350038,350394,351853,356,1459,1,3600,1.2440027416
350043,350053,353332,10,3279,2,7200,1.00304971028
350107,350434,352334,327,1900,1,3600,1.17210526316
350112,350604,352518,492,1914,1,3600,1.25705329154
350125,350135,353420,10,3285,2,7200,1.00304414003
350153,350173,353303,20,3130,2,7200,1.00638977636
350174,350630,352211,456,1581,1,3600,1.28842504744
350189,350199,352958,10,2759,2,7200,1.00362450163
350226,350234,353131,8,2897,2,7200,1.00276147739
350319,350330,353354,11,3024,2,7200,1.00363756614
350431,350441,353406,10,2965,2,7200,1.00337268128
350433,350675,352500,242,1825,1,3600,1.13260273973
350438,350709,352466,271,1757,1,3600,1.15424018213
350446,350453,353415,7,2962,2,7200,1.00236326806
350518,350563,350745,45,182,1,300,1.24725274725
350566,350736,352440,170,1704,1,3600,1.09976525822
350632,350756,352527,124,1771,1,3600,1.07001693958
350638,350762,352347,124,1585,1,3600,1.07823343849
350701,350806,352543,105,1737,1,3600,1.06044905009
350706,350823,352392,117,1569,1,3600,1.07456978967
350722,350730,353762,8,3032,2,7200,1.00263852243
350772,350844,352428,72,1584,1,3600,1.04545454545
350773,350783,353515,10,2732,2,7200,1.00366032211
350777,350924,352734,147,1810,1,3600,1.08121546961
350839,350987,352984,148,1997,1,3600,1.07411116675
350841,351017,352525,176,1508,1,3600,1.11671087533
350843,351023,352534,180,1511,1,3600,1.11912640635
350867,350876,353787,9,2911,2,7200,1.00309172106
350908,350916,353894,8,2978,2,7200,1.00268636669
350944,350955,354172,11,3217,2,7200,1.00341933478
350966,351069,352524,103,1455,1,3600,1.07079037801
350999,351010,360048,11,9038,1,9000,1.00121708343
351032,351040,353948,8,2908,2,7200,1.00275103164
351035,351089,352650,54,1561,1,3600,1.03459320948
351037,351097,353113,60,2016,1,3600,1.02976190476
351039,351141,352790,102,1649,1,3600,1.0618556701
351040,351195,352807,155,1612,1,3600,1.09615384615
351103,351224,352674,121,1450,1,3600,1.08344827586
351110,351120,354071,10,2951,2,7200,1.0033886818
351119,351237,352937,118,1700,1,3600,1.06941176471
351128,351280,352835,152,1555,1,3600,1.09774919614
351194,351293,352790,99,1497,1,3600,1.06613226453
351198,351302,352854,104,1552,1,3600,1.06701030928
351264,351338,352662,74,1324,1,3600,1.05589123867
351272,351286,354498,14,3212,2,7200,1.00435865504
351281,351376,352659,95,1283,1,3600,1.07404520655
351282,351382,353410,100,2028,1,3600,1.04930966469
351284,351388,352717,104,1329,1,3600,1.07825432656
351311,351322,354221,11,2899,2,7200,1.00379441187
351346,351394,353053,48,1659,1,3600,1.02893309222
351362,351402,353034,40,1632,1,3600,1.02450980392
351430,351438,353952,8,2514,1,3600,1.00318217979
351435,351445,353468,10,2023,1,3600,1.00494315373
351438,351463,352930,25,1467,1,3600,1.01704158146
351440,351470,353137,30,1667,1,3600,1.01799640072
351442,351484,353385,42,1901,1,3600,1.02209363493
351443,351518,353295,75,1777,1,3600,1.04220596511
351445,351554,353490,109,1936,1,3600,1.05630165289
351448,351457,354713,9,3256,2,7200,1.00276412776
351464,351559,353300,95,1741,1,3600,1.05456634118
351483,351593,353696,110,2103,1,3600,1.0523062292
351491,351605,352776,114,1171,1,3600,1.09735269001
351562,351612,353244,50,1632,1,3600,1.0306372549
351566,351618,353379,52,1761,1,3600,1.02952867689
351567,351577,354636,10,3059,2,7200,1.00326904217
351574,351656,353531,82,1875,1,3600,1.04373333333
351591,351689,353536,98,1847,1,3600,1.05305901462
351665,351724,354005,59,2281,1,3600,1.02586584831
351672,351730,353219,58,1489,1,3600,1.03895231699
351673,351682,354557,9,2875,2,7200,1.00313043478
351679,351737,353857,58,2120,1,3600,1.02735849057
351689,351742,353426,53,1684,1,3600,1.03147268409
351696,351747,353668,51,1921,1,3600,1.02654867257
351700,351711,354697,11,2986,2,7200,1.003683858
351763,351769,353224,6,1455,1,3600,1.00412371134
351773,351780,353650,7,1870,1,3600,1.00374331551
351777,351787,353381,10,1594,1,3600,1.00627352572
351790,351796,353708,6,1912,1,3600,1.00313807531
351800,351807,353929,7,2122,1,3600,1.00329877474
351803,351815,353735,12,1920,1,3600,1.00625
351804,351820,353641,16,1821,1,3600,1.00878638111
351806,351825,354106,19,2281,1,3600,1.00832967996
351815,351832,353426,17,1594,1,3600,1.01066499373
351820,351838,353877,18,2039,1,3600,1.00882785679
351825,351843,353624,18,1781,1,3600,1.01010668164
351833,351849,353777,16,1928,1,3600,1.00829875519
351852,351858,353542,6,1684,1,3600,1.00356294537
351854,351865,353535,11,1670,1,3600,1.00658682635
351856,351870,353999,14,2129,1,3600,1.00657585721
351858,351876,353779,18,1903,1,3600,1.00945874934
351860,351883,353759,23,1876,1,3600,1.01226012793
351866,351888,353695,22,1807,1,3600,1.01217487548
351875,351893,354074,18,2181,1,3600,1.00825309491
351888,351900,354853,12,2953,2,7200,1.00406366407
351901,351907,353709,6,1802,1,3600,1.00332963374
351905,351914,353926,9,2012,1,3600,1.00447316103
351907,351919,353718,12,1799,1,3600,1.00667037243
351909,351925,353283,16,1358,1,3600,1.0117820324
351911,351932,354234,21,2302,1,3600,1.00912250217
351920,351939,353954,19,2015,1,3600,1.0094292804
351929,351944,353579,15,1635,1,3600,1.00917431193
351940,351951,354636,11,2685,2,7200,1.00409683426
351958,351965,353957,7,1992,1,3600,1.00351405622
351960,351972,354018,12,2046,1,3600,1.00586510264
351962,351977,353888,15,1911,1,3600,1.00784929356
351964,351982,354055,18,2073,1,3600,1.00868306802
352001,352007,353843,6,1836,1,3600,1.00326797386
352001,352014,354872,13,2858,2,7200,1.00454863541
352005,352019,353902,14,1883,1,3600,1.00743494424
352008,352031,353686,23,1655,1,3600,1.01389728097
352010,352037,353848,27,1811,1,3600,1.01490889012
352012,352042,353998,30,1956,1,3600,1.01533742331
352014,352047,354085,33,2038,1,3600,1.01619234544
352016,352026,355021,10,2995,2,7200,1.00333889816
352055,352064,354158,9,2094,1,3600,1.00429799427
352058,352070,353708,12,1638,1,3600,1.00732600733
352060,352077,353932,17,1855,1,3600,1.00916442049
352062,352084,353784,22,1700,1,3600,1.01294117647
352064,352090,354062,26,1972,1,3600,1.01318458418
352076,352096,353783,20,1687,1,3600,1.01185536455
352109,352115,353967,6,1852,1,3600,1.00323974082
352111,352122,354056,11,1934,1,3600,1.0056876939
352113,352127,354066,14,1939,1,3600,1.00722021661
352115,352132,353827,17,1695,1,3600,1.01002949853
352159,352222,354039,63,1817,1,3600,1.03467253715
352161,352346,353910,185,1564,1,3600,1.11828644501
352162,352358,353933,196,1575,1,3600,1.12444444444
352164,352404,354260,240,1856,1,3600,1.12931034483
352183,352192,354805,9,2613,2,7200,1.00344431688
352209,352440,354481,231,2041,1,3600,1.11317981382
352287,352453,354302,166,1849,1,3600,1.08977825852
352364,352374,355175,10,2801,2,7200,1.00357015352
352371,352477,354082,106,1605,1,3600,1.06604361371
352373,352511,353979,138,1468,1,3600,1.09400544959
352380,352391,355506,11,3115,2,7200,1.00353130016
352389,352398,355044,9,2646,2,7200,1.00340136054
352404,352410,355625,6,3215,2,7200,1.00186625194
352435,352530,354330,95,1800,1,3600,1.05277777778
352437,352536,354055,99,1519,1,3600,1.06517445688
352456,352464,355364,8,2900,2,7200,1.00275862069
352486,352496,355538,10,3042,2,7200,1.00328731098
352498,352541,354141,43,1600,1,3600,1.026875
352500,352548,354395,48,1847,1,3600,1.02598808879
352549,352558,355491,9,2933,2,7200,1.00306853051
352562,352570,355397,8,2827,2,7200,1.00282985497
352564,352576,355737,12,3161,2,7200,1.003796267
352566,352582,354582,16,2000,1,3600,1.008
352597,352603,354434,6,1831,1,3600,1.00327689787
352599,352661,354402,62,1741,1,3600,1.0356117174
352601,352672,354489,71,1817,1,3600,1.03907539901
352603,352678,354488,75,1810,1,3600,1.04143646409
352605,352685,354257,80,1572,1,3600,1.05089058524
352607,352733,354747,126,2014,1,3600,1.06256206554
352670,352754,354901,84,2147,1,3600,1.03912435957
352675,352787,354359,112,1572,1,3600,1.07124681934
352677,352801,354448,124,1647,1,3600,1.07528840316
352730,352740,355795,10,3055,2,7200,1.00327332242
352754,352809,354449,55,1640,1,3600,1.03353658537
352781,352822,354555,41,1733,1,3600,1.02365839585
352783,352794,355682,11,2888,2,7200,1.00380886427
352784,352847,354564,63,1717,1,3600,1.03669190448
352786,352866,354346,80,1480,1,3600,1.05405405405
352858,352941,354632,83,1691,1,3600,1.04908338261
352884,352949,354604,65,1655,1,3600,1.03927492447
352886,352996,354373,110,1377,1,3600,1.07988380537
352888,353046,354870,158,1824,1,3600,1.08662280702
352889,353069,354615,180,1546,1,3600,1.11642949547
352956,352963,356022,7,3059,2,7200,1.00228832952
352975,352982,356009,7,3027,2,7200,1.00231252065
352992,353002,355839,10,2837,2,7200,1.00352485019
352996,353125,354601,129,1476,1,3600,1.08739837398
353034,353150,354863,116,1713,1,3600,1.06771745476
353036,353231,354572,195,1341,1,3600,1.14541387025
353088,353094,355972,6,2878,2,7200,1.0020847811
353133,353143,356125,10,2982,2,7200,1.00335345406
353305,353315,356287,10,2972,2,7200,1.00336473755
353333,353344,356395,11,3051,2,7200,1.00360537529
353357,353367,356137,10,2770,2,7200,1.0036101083
353408,353417,356383,9,2966,2,7200,1.00303438975
353424,353430,356307,6,2877,2,7200,1.00208550574
353425,353437,356406,12,2969,2,7200,1.0040417649
353519,353527,356481,8,2954,2,7200,1.00270819228
353764,353773,356904,9,3131,2,7200,1.002874481
353788,353798,356771,10,2973,2,7200,1.00336360579
353897,353905,357281,8,3376,2,7200,1.00236966825
353952,353959,356888,7,2929,2,7200,1.00238989416
354073,354083,357329,10,3246,2,7200,1.00308071473
354173,354183,357146,10,2963,2,7200,1.00337495781
354224,354232,356963,8,2731,2,7200,1.00292932992
354500,354510,357226,10,2716,2,7200,1.00368188513
354558,354568,357403,10,2835,2,7200,1.00352733686
354637,354647,357626,10,2979,2,7200,1.00335683115
354638,354652,357508,14,2856,2,7200,1.00490196078
354699,354708,357658,9,2950,2,7200,1.00305084746
354714,354724,357711,10,2987,2,7200,1.00334784064
354808,354817,357797,9,2980,2,7200,1.00302013423
354856,354864,357771,8,2907,2,7200,1.00275197798
354874,354884,357955,10,3071,2,7200,1.00325626832
355023,355032,358084,9,3052,2,7200,1.00294888598
355047,355056,357729,9,2673,2,7200,1.00336700337
355178,355186,357999,8,2813,2,7200,1.00284393886
355366,355376,358422,10,3046,2,7200,1.00328299409
355400,355408,358151,8,2743,2,7200,1.00291651476
355493,355502,358507,9,3005,2,7200,1.00299500832
355509,355517,358387,8,2870,2,7200,1.00278745645
355539,355549,358476,10,2927,2,7200,1.00341646737
355627,355637,358518,10,2881,2,7200,1.00347101701
355685,355693,358750,8,3057,2,7200,1.00261694472
355740,355748,358932,8,3184,2,7200,1.00251256281
355798,355807,358722,9,2915,2,7200,1.00308747856
355840,355850,358665,10,2815,2,7200,1.00355239787
355973,355983,359054,10,3071,2,7200,1.00325626832
356010,356020,359214,10,3194,2,7200,1.00313087038
356025,356034,359055,9,3021,2,7200,1.00297914598
356128,356137,359159,9,3022,2,7200,1.00297816016
356143,356149,359194,6,3045,2,7200,1.00197044335
356289,356299,359228,10,2929,2,7200,1.00341413452
356309,356318,359263,9,2945,2,7200,1.00305602716
356385,356394,359478,9,3084,2,7200,1.00291828794
356400,356406,359442,6,3036,2,7200,1.00197628458
356415,356421,359528,6,3107,2,7200,1.00193112327
356482,356492,359379,10,2887,2,7200,1.00346380326
356775,356783,359712,8,2929,2,7200,1.00273130761
356890,356899,359843,9,2944,2,7200,1.00305706522
356905,356916,359933,11,3017,2,7200,1.00364600597
356967,356974,360393,7,3419,2,7200,1.00204738228
357148,357157,360322,9,3165,2,7200,1.0028436019
357230,357237,360427,7,3190,2,7200,1.00219435737
357284,357292,360318,8,3026,2,7200,1.00264375413
357329,357340,360253,11,2913,2,7200,1.00377617576
357406,357414,360167,8,2753,2,7200,1.00290592081
357512,357519,360651,7,3132,2,7200,1.00223499361
357626,357637,360814,11,3177,2,7200,1.0034623859
357660,357669,360505,9,2836,2,7200,1.00317348378
357714,357722,360665,8,2943,2,7200,1.00271831464
357729,357740,360522,11,2782,2,7200,1.00395398994
357775,357782,360915,7,3133,2,7200,1.00223428024
357799,357808,360799,9,2991,2,7200,1.00300902708
357956,357966,360779,10,2813,2,7200,1.00355492357
358002,358011,361405,9,3394,2,7200,1.00265173836
358035,358083,358136,48,53,1,14400,1.90566037736
358035,358041,358073,6,32,1,14400,1.1875
358036,358142,358152,106,10,1,14400,11.6
358037,358173,358182,136,9,1,14400,14.5
358037,358158,358167,121,9,1,14400,13.0
358038,358188,358205,150,17,1,14400,9.82352941176
358039,358211,358220,172,9,1,14400,18.1
358040,358226,358235,186,9,1,14400,19.5
358040,358241,358250,201,9,1,14400,21.0
358041,358257,358266,216,9,1,14400,22.5
358087,358095,361319,8,3224,2,7200,1.00248138958
358153,358164,360970,11,2806,2,7200,1.00392017106
358390,358398,361547,8,3149,2,7200,1.00254048904
358423,358433,361560,10,3127,2,7200,1.00319795331
358478,358487,361299,9,2812,2,7200,1.00320056899
358508,358518,361458,10,2940,2,7200,1.00340136054
358521,358529,361591,8,3062,2,7200,1.00261267146
358661,358667,365535,6,6868,1,14400,1.00087361677
358661,365541,366054,6880,513,1,14400,14.4113060429
358662,366061,366939,7399,878,1,14400,9.4271070615
358663,367090,367232,8427,142,1,14400,60.3450704225
358663,366945,367084,8282,139,1,14400,60.5827338129
358664,367238,367379,8574,141,1,14400,61.8085106383
358665,358676,361551,11,2875,2,7200,1.00382608696
358665,367385,367524,8720,139,1,14400,63.7338129496
358666,367530,367671,8864,141,1,14400,63.865248227
358666,367677,367818,9011,141,1,14400,64.9078014184
358667,367824,367963,9157,139,1,14400,66.8776978417
358726,358734,361589,8,2855,2,7200,1.00280210158
358751,358761,361733,10,2972,2,7200,1.00336473755
358935,358943,361839,8,2896,2,7200,1.00276243094
359056,359065,362188,9,3123,2,7200,1.00288184438
359057,359071,362125,14,3054,2,7200,1.00458415193
359160,359170,362098,10,2928,2,7200,1.00341530055
359197,359205,362201,8,2996,2,7200,1.00267022697
359215,359225,362212,10,2987,2,7200,1.00334784064
359230,359240,362516,10,3276,2,7200,1.00305250305
359267,359275,362149,8,2874,2,7200,1.0027835769
359382,359390,362158,8,2768,2,7200,1.00289017341
359442,359453,362342,11,2889,2,7200,1.00380754586
359482,359489,362438,7,2949,2,7200,1.002373686
359527,359539,362712,12,3173,2,7200,1.00378190986
359715,359723,362812,8,3089,2,7200,1.0025898349
359846,359855,362711,9,2856,2,7200,1.0031512605
359936,359944,363105,8,3161,2,7200,1.00253084467
360169,360178,363255,9,3077,2,7200,1.00292492688
360254,360264,363227,10,2963,2,7200,1.00337495781
360321,360329,363156,8,2827,2,7200,1.00282985497
360336,360342,363272,6,2930,2,7200,1.00204778157
360394,360404,362963,10,2559,2,7200,1.00390777648
360430,360439,363120,9,2681,2,7200,1.00335695636
360506,360516,363576,10,3060,2,7200,1.00326797386
360524,360533,363600,9,3067,2,7200,1.00293446365
360654,360663,363494,9,2831,2,7200,1.00317908866
360669,360677,363441,8,2764,2,7200,1.00289435601
360781,360790,363827,9,3037,2,7200,1.00296345077
360802,360810,364089,8,3279,2,7200,1.00243976822
360817,360825,363808,8,2983,2,7200,1.0026818639
360916,360926,364097,10,3171,2,7200,1.00315357931
360971,360981,364096,10,3115,2,7200,1.00321027287
361302,361310,364281,8,2971,2,7200,1.00269269606
361320,361330,364614,10,3284,2,7200,1.00304506699
361408,361416,364348,8,2932,2,7200,1.00272851296
361459,361469,364307,10,2838,2,7200,1.00352360817
361550,361558,364373,8,2815,2,7200,1.00284191829
361551,361564,364545,13,2981,2,7200,1.0043609527
361567,361573,364537,6,2964,2,7200,1.0020242915
361591,361600,364341,9,2741,2,7200,1.00328347318
361593,361606,364463,13,2857,2,7200,1.00455022751
361736,361744,364608,8,2864,2,7200,1.00279329609
361840,361850,364875,10,3025,2,7200,1.00330578512
362100,362109,364990,9,2881,2,7200,1.00312391531
362127,362136,365486,9,3350,2,7200,1.00268656716
362151,362160,365242,9,3082,2,7200,1.0029201817
362166,362172,365219,6,3047,2,7200,1.00196914998
362191,362199,365025,8,2826,2,7200,1.00283085633
362205,362211,365213,6,3002,2,7200,1.00199866755
362220,362227,365074,7,2847,2,7200,1.00245872849
362344,362353,365494,9,3141,2,7200,1.00286532951
362441,362449,365557,8,3108,2,7200,1.00257400257
362519,362527,365456,8,2929,2,7200,1.00273130761
362713,362722,365622,9,2900,2,7200,1.00310344828
362713,362728,365835,15,3107,2,7200,1.00482780818
362813,362823,365433,10,2610,2,7200,1.00383141762
362965,362974,366032,9,3058,2,7200,1.00294310007
363107,363116,365925,9,2809,2,7200,1.00320398718
363122,363131,366615,9,3484,2,7200,1.00258323766
363159,363167,366149,8,2982,2,7200,1.00268276325
363228,363239,366245,11,3006,2,7200,1.00365934797
363256,363266,366285,10,3019,2,7200,1.00331235508
363274,363283,365963,9,2680,2,7200,1.00335820896
363443,363452,366422,9,2970,2,7200,1.00303030303
363497,363505,366578,8,3073,2,7200,1.00260331923
363579,363587,366635,8,3048,2,7200,1.00262467192
363603,363611,366907,8,3296,2,7200,1.00242718447
363809,363819,366648,10,2829,2,7200,1.00353481796
363830,363839,366744,9,2905,2,7200,1.00309810671
364090,364100,367191,10,3091,2,7200,1.00323519896
364106,364112,367042,6,2930,2,7200,1.00204778157
364107,364118,367073,11,2955,2,7200,1.00372250423
364283,364292,367201,9,2909,2,7200,1.00309384668
364310,364318,367102,8,2784,2,7200,1.00287356322
364344,364353,367396,9,3043,2,7200,1.00295760762
364350,364359,367325,9,2966,2,7200,1.00303438975
364374,364384,367308,10,2924,2,7200,1.00341997264
364465,364474,367383,9,2909,2,7200,1.00309384668
364538,364548,367462,10,2914,2,7200,1.00343170899
364553,364559,367459,6,2900,2,7200,1.00206896552
364611,364619,367376,8,2757,2,7200,1.00290170475
364626,364632,367652,6,3020,2,7200,1.00198675497
364878,364886,367791,8,2905,2,7200,1.00275387263
364914,364920,365962,6,1042,1,14400,1.00575815739
364915,365968,365994,1053,26,1,14400,41.5
364916,366000,366032,1084,32,1,14400,34.875
364916,366039,366059,1123,20,1,14400,57.15
364917,366067,366086,1150,19,1,14400,61.5263157895
364918,366092,366105,1174,13,1,14400,91.3076923077
364918,366112,366127,1194,15,1,14400,80.6
364919,366133,366146,1214,13,1,14400,94.3846153846
364920,366152,366165,1232,13,1,14400,95.7692307692
364921,366171,366184,1250,13,1,14400,97.1538461538
364993,365002,368083,9,3081,2,7200,1.0029211295
365026,365036,368324,10,3288,2,7200,1.00304136253
365075,365085,368074,10,2989,2,7200,1.00334560054
365214,365224,368249,10,3025,2,7200,1.00330578512
365229,365235,368333,6,3098,2,7200,1.00193673338
365244,365253,368149,9,2896,2,7200,1.00310773481
365435,365444,368289,9,2845,2,7200,1.00316344464
365457,365467,368136,10,2669,2,7200,1.00374672162
365489,365497,368460,8,2963,2,7200,1.00269996625
365504,365511,368650,7,3139,2,7200,1.00223000956
365559,365568,368576,9,3008,2,7200,1.00299202128
365624,365633,368445,9,2812,2,7200,1.00320056899
365837,365846,368911,9,3065,2,7200,1.00293637847
365928,365936,369292,8,3356,2,7200,1.00238379023
365964,365974,368999,10,3025,2,7200,1.00330578512
366034,366045,369089,11,3044,2,7200,1.00361366623
366152,366161,369070,9,2909,2,7200,1.00309384668
366248,366256,369126,8,2870,2,7200,1.00278745645
366286,366296,369218,10,2922,2,7200,1.00342231348
366424,366433,369090,9,2657,2,7200,1.00338727889
366579,366589,369431,10,2842,2,7200,1.00351864884
366618,366626,369565,8,2939,2,7200,1.00272201429
366637,366646,369710,9,3064,2,7200,1.00293733681
366652,366660,369501,8,2841,2,7200,1.00281590989
366746,366755,369336,9,2581,2,7200,1.00348702053
366909,366918,370047,9,3129,2,7200,1.00287631831
367045,367053,369891,8,2838,2,7200,1.00281888654
367075,367084,370124,9,3040,2,7200,1.00296052632
367104,367113,370184,9,3071,2,7200,1.00293064148
367193,367202,370342,9,3140,2,7200,1.00286624204
367201,367212,370291,11,3079,2,7200,1.0035725885
367310,367319,370337,9,3018,2,7200,1.00298210736
367326,367336,370405,10,3069,2,7200,1.00325839036
367377,367391,370341,14,2950,2,7200,1.00474576271
367392,367399,370187,7,2788,2,7200,1.0025107604
367399,367407,370424,8,3017,2,7200,1.0026516407
367463,367470,370446,7,2976,2,7200,1.00235215054
367464,367476,370496,12,3020,2,7200,1.00397350993
367654,367663,370325,9,2662,2,7200,1.0033809166
367794,367803,370568,9,2765,2,7200,1.00325497288
368075,368085,371160,10,3075,2,7200,1.00325203252
368090,368096,370937,6,2841,2,7200,1.00211193242
368139,368147,371024,8,2877,2,7200,1.00278067431
368151,368161,371131,10,2970,2,7200,1.00336700337
368251,368260,371406,9,3146,2,7200,1.00286077559
368290,368300,371377,10,3077,2,7200,1.00324991875
368327,368335,371528,8,3193,2,7200,1.00250548074
368342,368348,371463,6,3115,2,7200,1.00192616372
368448,368457,371136,9,2679,2,7200,1.00335946249
368463,368472,371508,9,3036,2,7200,1.00296442688
368578,368588,371516,10,2928,2,7200,1.00341530055
368653,368661,371829,8,3168,2,7200,1.00252525253
368913,368922,371888,9,2966,2,7200,1.00303438975
369000,369010,371693,10,2683,2,7200,1.00372717108
369073,369081,371837,8,2756,2,7200,1.00290275762
369091,369107,372179,16,3072,2,7200,1.00520833333
369093,369100,372219,7,3119,2,7200,1.00224430907
369129,369137,372030,8,2893,2,7200,1.00276529554
369220,369230,372127,10,2897,2,7200,1.00345184674
369293,369303,372262,10,2959,2,7200,1.00337952011
369338,369348,372603,10,3255,2,7200,1.00307219662
369432,369442,372420,10,2978,2,7200,1.00335795836
369502,369512,372819,10,3307,2,7200,1.00302388872
369566,369576,372483,10,2907,2,7200,1.00343997248
369714,369722,372579,8,2857,2,7200,1.00280014001
369893,369903,372739,10,2836,2,7200,1.00352609309
370051,370059,373342,8,3283,2,7200,1.00243679561
370127,370135,372954,8,2819,2,7200,1.00283788578
370187,370196,373196,9,3000,2,7200,1.003
370188,370202,373033,14,2831,2,7200,1.00494524903
370219,370225,379520,6,9295,1,86400,1.00064550834
370293,370302,373131,9,2829,2,7200,1.00318133616
370327,370337,373415,10,3078,2,7200,1.0032488629
370339,370348,373266,9,2918,2,7200,1.00308430432
370342,370354,373351,12,2997,2,7200,1.004004004
370344,370360,373156,16,2796,2,7200,1.00572246066
370407,370417,373216,10,2799,2,7200,1.00357270454
370427,370435,373264,8,2829,2,7200,1.00282785437
370449,370457,373394,8,2937,2,7200,1.00272386789
370497,370507,373577,10,3070,2,7200,1.00325732899
370570,370579,373524,9,2945,2,7200,1.00305602716
370939,370948,373885,9,2937,2,7200,1.00306435138
370945,370954,407002,9,36048,1,36000,1.00024966711
371026,371035,374439,9,3404,2,7200,1.0026439483
371133,371142,374227,9,3085,2,7200,1.00291734198
371138,371148,373985,10,2837,2,7200,1.00352485019
371160,371171,374191,11,3020,2,7200,1.00364238411
371378,371389,374438,11,3049,2,7200,1.00360774024
371408,371417,374177,9,2760,2,7200,1.00326086957
371466,371474,374392,8,2918,2,7200,1.00274160384
371511,371519,374635,8,3116,2,7200,1.00256739409
371526,371533,374483,7,2950,2,7200,1.00237288136
371541,371547,374386,6,2839,2,7200,1.00211342022
371697,371704,374738,7,3034,2,7200,1.00230718523
371833,371841,375082,8,3241,2,7200,1.00246837396
371839,371848,374597,9,2749,2,7200,1.00327391779
371854,371860,380350,6,8490,1,86400,1.00070671378
371890,371899,374710,9,2811,2,7200,1.00320170758
371976,371982,398993,6,27011,1,36000,1.00022213172
372033,372041,375079,8,3038,2,7200,1.00263331139
372130,372139,375117,9,2978,2,7200,1.00302216253
372157,372163,379415,6,7252,1,36000,1.00082735797
372182,372190,375331,8,3141,2,7200,1.00254695957
372221,372230,375131,9,2901,2,7200,1.00310237849
372264,372273,375376,9,3103,2,7200,1.00290041895
372421,372431,375428,10,2997,2,7200,1.00333667
372485,372495,375496,10,3001,2,7200,1.00333222259
372582,372591,375326,9,2735,2,7200,1.00329067642
372606,372614,375448,8,2834,2,7200,1.00282286521
372740,372750,375770,10,3020,2,7200,1.00331125828
372823,372830,375820,7,2990,2,7200,1.00234113712
372956,372965,375850,9,2885,2,7200,1.00311958406
373035,373044,376496,9,3452,2,7200,1.00260718424
373132,373142,376150,10,3008,2,7200,1.00332446809
373160,373168,376523,8,3355,2,7200,1.00238450075
373199,373207,376268,8,3061,2,7200,1.00261352499
373217,373227,376355,10,3128,2,7200,1.00319693095
373266,373275,376171,9,2896,2,7200,1.00310773481
373267,373281,376235,14,2954,2,7200,1.00473933649
373345,373360,376111,15,2751,2,7200,1.0054525627
373359,373366,376594,7,3228,2,7200,1.0021685254
373395,373405,376507,10,3102,2,7200,1.00322372663
373417,373426,376505,9,3079,2,7200,1.00292302696
373526,373535,376596,9,3061,2,7200,1.00294021562
373580,373588,376919,8,3331,2,7200,1.00240168118
373886,373896,376714,10,2818,2,7200,1.00354861604
373986,373997,377101,11,3104,2,7200,1.00354381443
374181,374189,377214,8,3025,2,7200,1.0026446281
374196,374201,377249,5,3048,2,7200,1.00164041995
374229,374238,377257,9,3019,2,7200,1.00298111958
374389,374398,377476,9,3078,2,7200,1.00292397661
374405,374412,377278,7,2866,2,7200,1.00244242847
374439,374455,377725,16,3270,2,7200,1.00489296636
374442,374449,377287,7,2838,2,7200,1.00246652572
374485,374494,377322,9,2828,2,7200,1.0031824611
374600,374609,377546,9,2937,2,7200,1.00306435138
374636,374646,377492,10,2846,2,7200,1.00351370344
374712,374722,377774,10,3052,2,7200,1.00327653997
374740,374749,377827,9,3078,2,7200,1.00292397661
375080,375090,377738,10,2648,2,7200,1.00377643505
375083,375096,377861,13,2765,2,7200,1.00470162749
375120,375128,378340,8,3212,2,7200,1.00249066002
375132,375144,378181,12,3037,2,7200,1.0039512677
375327,375337,378154,10,2817,2,7200,1.00354987575
375342,375348,378375,6,3027,2,7200,1.00198216056
375379,375387,378324,8,2937,2,7200,1.00272386789
375430,375439,378449,9,3010,2,7200,1.00299003322
375451,375460,378304,9,2844,2,7200,1.00316455696
375497,375507,378452,10,2945,2,7200,1.00339558574
375772,375781,378851,9,3070,2,7200,1.00293159609
375824,375832,378890,8,3058,2,7200,1.00261608895
375851,375861,378834,10,2973,2,7200,1.00336360579
376114,376122,379429,8,3307,2,7200,1.00241911098
376151,376162,379065,11,2903,2,7200,1.0037891836
376172,376182,379110,10,2928,2,7200,1.00341530055
376236,376246,379172,10,2926,2,7200,1.003417635
376270,376279,379554,9,3275,2,7200,1.0027480916
376358,376366,379260,8,2894,2,7200,1.00276434001
376497,376507,379507,10,3000,2,7200,1.00333333333
376506,376516,379584,10,3068,2,7200,1.00325945241
376512,376522,379756,10,3234,2,7200,1.00309214595
376524,376534,379493,10,2959,2,7200,1.00337952011
376597,376606,379308,9,2702,2,7200,1.00333086603
376597,376612,379745,15,3133,2,7200,1.00478774338
376716,376726,379733,10,3007,2,7200,1.00332557366
376921,376930,380064,9,3134,2,7200,1.00287172942
377104,377112,380029,8,2917,2,7200,1.00274254371
377216,377225,380163,9,2938,2,7200,1.00306330837
377252,377260,380337,8,3077,2,7200,1.002599935
377267,377273,380132,6,2859,2,7200,1.00209863589
377282,377289,380225,7,2936,2,7200,1.00238419619
377289,377298,380413,9,3115,2,7200,1.00288924559
377325,377333,380347,8,3014,2,7200,1.00265428003
377479,377487,380546,8,3059,2,7200,1.00261523374
377494,377503,380685,9,3182,2,7200,1.00282840981
377547,377557,380358,10,2801,2,7200,1.00357015352
377682,377688,380449,6,2761,2,21600,1.00217312568
377727,377736,380729,9,2993,2,7200,1.00300701637
377741,377749,380517,8,2768,2,7200,1.00289017341
377776,377785,381086,9,3301,2,7200,1.00272644653
377829,377838,380700,9,2862,2,7200,1.00314465409
377864,377872,380650,8,2778,2,7200,1.00287976962
377969,377975,382255,6,4280,2,21600,1.00140186916
378155,378166,381090,11,2924,2,7200,1.0037619699
378183,378193,381080,10,2887,2,7200,1.00346380326
378307,378315,381699,8,3384,2,7200,1.00236406619
378325,378339,381277,14,2938,2,7200,1.00476514636
378327,378333,524855,6,146522,1,604800,1.00004094948
378343,378351,381336,8,2985,2,7200,1.002680067
378376,378382,378394,6,12,8,18000,1.5
378377,378388,381281,11,2893,2,7200,1.00380228137
378403,378410,382108,7,3698,8,86400,1.00189291509
378453,378460,380998,7,2538,2,7200,1.00275807723
378454,378466,381281,12,2815,2,7200,1.00426287744
378461,378472,398813,11,20341,1,36000,1.00054077971
378573,378579,378628,6,49,4,324000,1.12244897959
378836,378846,382135,10,3289,2,7200,1.00304043782
378854,378862,381880,8,3018,2,7200,1.00265076209
378893,378901,381632,8,2731,2,7200,1.00292932992
379067,379076,382010,9,2934,2,7200,1.00306748466
379112,379121,382228,9,3107,2,7200,1.00289668491
379173,379183,382251,10,3068,2,7200,1.00325945241
379263,379272,381987,9,2715,2,7200,1.00331491713
379311,379320,382216,9,2896,2,7200,1.00310773481
379432,379441,382362,9,2921,2,7200,1.0030811366
379496,379505,382281,9,2776,2,7200,1.00324207493
379510,379518,382397,8,2879,2,7200,1.00277874262
379557,379565,382673,8,3108,2,7200,1.00257400257
379587,379595,382673,8,3078,2,7200,1.00259909032
379735,379744,382677,9,2933,2,7200,1.00306853051
379750,379756,382693,6,2937,2,7200,1.00204290092
379765,379771,382513,6,2742,2,7200,1.00218818381
380032,380040,382907,8,2867,2,7200,1.00279037321
380053,380059,380061,6,2,8,7200,1.0
380065,380075,383140,10,3065,2,7200,1.00326264274
380135,380148,383199,13,3051,2,7200,1.00426089807
380136,380142,383757,6,3615,8,3600,1.00165975104
380165,380175,383276,10,3101,2,7200,1.0032247662
380226,380236,383362,10,3126,2,7200,1.00319897633
380338,380350,383184,12,2834,2,7200,1.00423429781
380353,380359,383434,6,3075,2,7200,1.00195121951
380361,380369,383410,8,3041,2,7200,1.00263071358
380391,380397,383507,6,3110,2,54000,1.00192926045
380415,380424,383282,9,2858,2,7200,1.00314905528
380518,380528,383405,10,2877,2,7200,1.00347584289
380548,380557,383494,9,2937,2,7200,1.00306435138
380654,380661,383765,7,3104,2,7200,1.00225515464
380687,380696,383695,9,2999,2,7200,1.00300100033
380703,380712,383702,9,2990,2,7200,1.00301003344
380728,380734,382112,6,1378,8,86400,1.00435413643
380733,380740,383712,7,2972,2,7200,1.00235531629
380830,380836,380878,6,42,4,324000,1.14285714286
380973,380979,391673,6,10694,2,54000,1.00056106228
381000,381009,384198,9,3189,2,7200,1.00282220132
381081,381091,383875,10,2784,2,7200,1.00359195402
381087,381098,384073,11,2975,2,7200,1.00369747899
381096,381104,383978,8,2874,2,7200,1.0027835769
381279,381289,384619,10,3330,2,7200,1.003003003
381285,381295,384535,10,3240,2,7200,1.00308641975
381286,381301,384205,15,2904,2,7200,1.00516528926
381339,381347,384401,8,3054,2,7200,1.00261951539
381635,381644,384528,9,2884,2,7200,1.00312066574
381701,381710,384755,9,3045,2,7200,1.00295566502
381883,381891,384775,8,2884,2,7200,1.0027739251
381989,381998,384862,9,2864,2,7200,1.0031424581
382012,382021,384971,9,2950,2,7200,1.00305084746
382131,382147,384846,16,2699,2,7200,1.00592812153
382219,382227,385256,8,3029,2,7200,1.00264113569
382230,382239,385519,9,3280,2,7200,1.00274390244
382254,382262,385623,8,3361,2,7200,1.00238024398
382283,382293,385037,10,2744,2,7200,1.00364431487
382365,382373,385238,8,2865,2,7200,1.00279232112
382400,382408,385262,8,2854,2,7200,1.00280308339
382515,382525,385611,10,3086,2,7200,1.0032404407
382674,382684,385709,10,3025,2,7200,1.00330578512
382675,382690,385382,15,2692,2,7200,1.00557206538
382678,382696,385757,18,3061,2,7200,1.00588043123
382697,382704,385608,7,2904,2,7200,1.00241046832
382909,382919,385711,10,2792,2,7200,1.00358166189
383140,383151,386255,11,3104,2,7200,1.00354381443
383147,383157,383738,10,581,1,14400,1.01721170396
383186,383195,386113,9,2918,2,7200,1.00308430432
383201,383210,386406,9,3196,2,7200,1.00281602003
383276,383287,386537,11,3250,2,7200,1.00338461538
383283,383293,386560,10,3267,2,7200,1.00306091215
383364,383373,386224,9,2851,2,7200,1.00315678709
383407,383416,386393,9,2977,2,7200,1.0030231777
383422,383428,386779,6,3351,2,7200,1.0017905103
383438,383445,386637,7,3192,2,7200,1.00219298246
383495,383505,386322,10,2817,2,7200,1.00354987575
383582,383588,388979,6,5391,2,21600,1.00111296605
383676,383682,464536,6,80854,8,86400,1.00007420783
383698,383706,386619,8,2913,2,7200,1.00274630965
383705,383713,386697,8,2984,2,7200,1.00268096515
383710,383719,470148,9,86429,8,86400,1.00010413172
383714,383725,386539,11,2814,2,7200,1.0039090263
383768,383776,386704,8,2928,2,7200,1.00273224044
383877,383886,386707,9,2821,2,7200,1.00319035803
383980,383990,387125,10,3135,2,7200,1.00318979266
384043,384049,384093,6,44,4,324000,1.13636363636
384075,384084,387169,9,3085,2,7200,1.00291734198
384105,384111,614522,6,230411,8,230400,1.00002604042
384202,384209,387340,7,3131,2,7200,1.00223570744
384217,384224,387021,7,2797,2,7200,1.00250268144
384283,384289,384887,6,598,4,324000,1.01003344482
384319,384325,390371,6,6046,1,14400,1.00099239166
384373,384379,385109,6,730,1,600,1.00821917808
384405,384413,387436,8,3023,2,7200,1.00264637777
384530,384539,387377,9,2838,2,7200,1.00317124736
384545,384551,387557,6,3006,2,7200,1.00199600798
384621,384630,387680,9,3050,2,7200,1.00295081967
384684,384690,389813,6,5123,2,36000,1.00117118876
384757,384766,387670,9,2904,2,7200,1.00309917355
384778,384786,387603,8,2817,2,7200,1.0028399006
384847,384857,387894,10,3037,2,7200,1.00329272308
384866,384874,387850,8,2976,2,7200,1.00268817204
384955,384961,384972,6,11,1,72000,1.54545454545
384973,384982,387951,9,2969,2,7200,1.00303132368
384987,384993,385002,6,9,1,72000,1.5
385038,385048,387922,10,2874,2,7200,1.00347947112
385068,385074,457104,6,72030,1,72000,1.00008329863
385108,385114,457159,6,72045,1,72000,1.00008328128
385189,385195,385540,6,345,4,324000,1.01739130435
385240,385249,388221,9,2972,2,7200,1.0030282638
385259,385267,388156,8,2889,2,7200,1.00276912426
385264,385273,388458,9,3185,2,7200,1.00282574568
385284,385291,385897,7,606,1,600,1.01155115512
385386,385394,388509,8,3115,2,7200,1.0025682183
385522,385530,388735,8,3205,2,7200,1.00249609984
385610,385619,388604,9,2985,2,7200,1.00301507538
385625,385632,388519,7,2887,2,7200,1.00242466228
385627,385638,388342,11,2704,2,7200,1.00406804734
385712,385721,388561,9,2840,2,7200,1.00316901408
385713,385727,388655,14,2928,2,7200,1.00478142077
385760,385768,388809,8,3041,2,7200,1.00263071358
385912,385918,387229,6,1311,1,1200,1.00457665904
386114,386129,389061,15,2932,2,7200,1.0051159618
386117,386123,414947,6,28824,1,28800,1.00020815987
386227,386235,389252,8,3017,2,7200,1.0026516407
386257,386266,389330,9,3064,2,7200,1.00293733681
386324,386333,388937,9,2604,2,7200,1.0034562212
386394,386404,389527,10,3123,2,7200,1.00320204931
386409,386417,389708,8,3291,2,7200,1.00243087208
386540,386548,389880,8,3332,2,7200,1.00240096038
386541,386554,389502,13,2948,2,7200,1.00440976934
386562,386571,389871,9,3300,2,7200,1.00272727273
386620,386630,389377,10,2747,2,7200,1.00364033491
386638,386649,389730,11,3081,2,7200,1.00357026939
386699,386708,389722,9,3014,2,7200,1.00298606503
386705,386715,389946,10,3231,2,7200,1.00309501702
386714,386721,389480,7,2759,2,7200,1.00253715114
386780,386790,389608,10,2818,2,7200,1.00354861604
387016,387022,387456,6,434,4,324000,1.01382488479
387022,387032,390003,10,2971,2,7200,1.00336587008
387129,387136,390038,7,2902,2,7200,1.00241212957
387172,387182,390224,10,3042,2,7200,1.00328731098
387341,387351,390486,10,3135,2,7200,1.00318979266
387350,387357,392211,7,4854,1,14400,1.0014421096
387380,387388,390320,8,2932,2,7200,1.00272851296
387396,387402,388322,6,920,1,1200,1.00652173913
387438,387447,390437,9,2990,2,7200,1.00301003344
387559,387568,390464,9,2896,2,7200,1.00310773481
387605,387614,390375,9,2761,2,7200,1.00325968852
387671,387681,390897,10,3216,2,7200,1.00310945274
387681,387691,390982,10,3291,2,7200,1.00303859009
387788,387794,394720,6,6926,2,21600,1.0008663009
387853,387861,390824,8,2963,2,7200,1.00269996625
387896,387905,390980,9,3075,2,7200,1.00292682927
387923,387933,390701,10,2768,2,7200,1.00361271676
387954,387962,390776,8,2814,2,7200,1.00284292822
388030,388036,393902,6,5866,2,21600,1.0010228435
388157,388167,390926,10,2759,2,7200,1.00362450163
388224,388232,391082,8,2850,2,7200,1.00280701754
388342,388348,389208,6,860,1,9000,1.00697674419
388345,388354,391424,9,3070,2,7200,1.00293159609
388405,388411,391947,6,3536,1,50400,1.00169683258
388460,388469,391545,9,3076,2,7200,1.00292587776
388512,388520,391473,8,2953,2,7200,1.00270910938
388521,388530,391586,9,3056,2,7200,1.00294502618
388546,388552,388683,6,131,4,7200,1.04580152672
388546,388557,388683,11,126,4,7200,1.0873015873
388546,388563,388683,17,120,4,7200,1.14166666667
388547,388580,388683,33,103,4,7200,1.32038834951
388547,388569,388683,22,114,4,7200,1.19298245614
388547,388575,388683,28,108,4,7200,1.25925925926
388547,388585,388683,38,98,4,7200,1.38775510204
388563,388591,391401,28,2810,2,7200,1.00996441281
388606,388615,391423,9,2808,2,7200,1.00320512821
388658,388666,391703,8,3037,2,7200,1.00263417847
388705,388711,392152,6,3441,2,43200,1.00174367916
388736,388747,391805,11,3058,2,7200,1.0035971223
388812,388821,391671,9,2850,2,7200,1.00315789474
388940,388948,392130,8,3182,2,7200,1.00251414205
389025,389031,397475,6,8444,1,158400,1.00071056371
389035,389041,407976,6,18935,2,43200,1.00031687351
389064,389072,391970,8,2898,2,7200,1.0027605245
389255,389263,392424,8,3161,2,7200,1.00253084467
389333,389341,392459,8,3118,2,7200,1.00256574727
389379,389388,392327,9,2939,2,7200,1.00306226608
389482,389491,392175,9,2684,2,7200,1.00335320417
389503,389513,392469,10,2956,2,7200,1.00338294993
389528,389538,392455,10,2917,2,7200,1.00342817964
389565,389572,389947,7,375,1,158400,1.01866666667
389610,389620,392836,10,3216,2,7200,1.00310945274
389695,389706,390484,11,778,4,7200,1.01413881748
389695,389701,390670,6,969,4,7200,1.00619195046
389696,389718,390438,22,720,4,7200,1.03055555556
389696,389712,390463,16,751,4,7200,1.02130492676
389696,389729,390580,33,851,4,7200,1.03877790834
389696,389724,390364,28,640,4,7200,1.04375
389697,389734,390736,37,1002,4,7200,1.0369261477
389709,389740,392619,31,2879,2,7200,1.01076762765
389725,389746,392597,21,2851,2,7200,1.00736583655
389734,389752,392611,18,2859,2,7200,1.00629590766
389761,389767,432989,6,43222,2,43200,1.00013881819
389851,389857,410819,6,20962,2,43200,1.00028623223
389874,389882,392922,8,3040,2,7200,1.00263157895
389883,389891,392781,8,2890,2,7200,1.00276816609
389947,389957,392920,10,2963,2,7200,1.00337495781
389985,389991,392982,6,2991,2,43200,1.00200601805
389994,390000,397475,6,7475,1,158400,1.00080267559
390004,390014,392842,10,2828,2,7200,1.00353606789
390041,390049,392939,8,2890,2,7200,1.00276816609
390117,390123,391437,6,1314,2,43200,1.00456621005
390226,390235,393246,9,3011,2,7200,1.00298904019
390322,390331,393228,9,2897,2,7200,1.00310666206
390377,390386,393349,9,2963,2,7200,1.00303746203
390438,390448,393222,10,2774,2,7200,1.00360490267
390454,390460,390503,6,43,4,7200,1.13953488372
390454,390470,390512,16,42,4,7200,1.38095238095
390454,390465,390474,11,9,4,7200,2.0
390455,390483,390493,28,10,4,7200,3.8
390465,390477,393491,12,3014,2,7200,1.00398142004
390489,390497,393357,8,2860,2,7200,1.0027972028
390549,390565,390585,16,20,4,7200,1.8
390549,390571,390585,22,14,4,7200,2.57142857143
390549,390560,390585,11,25,4,7200,1.44
390549,390555,390585,6,30,4,7200,1.2
390611,390628,390662,17,34,4,7200,1.5
390611,390617,390661,6,44,4,7200,1.13636363636
390611,390622,390659,11,37,4,7200,1.2972972973
390611,390634,390671,23,37,4,7200,1.62162162162
390704,390712,393582,8,2870,2,7200,1.00278745645
390777,390787,394020,10,3233,2,7200,1.00309310238
390826,390836,393708,10,2872,2,7200,1.00348189415
390899,390909,393930,10,3021,2,7200,1.0033101622
390929,390938,393937,9,2999,2,7200,1.00300100033
390981,390991,393869,10,2878,2,7200,1.00347463516
390984,390997,394129,13,3132,2,7200,1.00415070243
391084,391093,393874,9,2781,2,7200,1.00323624595
391149,391155,402532,6,11377,1,86400,1.0005273798
391156,391162,391356,6,194,1,1200,1.03092783505
391233,391239,394362,6,3123,4,3600,1.00192122959
391344,391350,392143,6,793,4,324000,1.00756620429
391360,391366,391432,6,66,4,7200,1.09090909091
391360,391376,391450,16,74,4,7200,1.21621621622
391360,391371,391457,11,86,4,7200,1.12790697674
391360,391388,391472,28,84,4,7200,1.33333333333
391361,391393,391619,32,226,4,7200,1.14159292035
391361,391398,391505,37,107,4,7200,1.34579439252
391361,391403,391504,42,101,4,7200,1.41584158416
391362,391382,391708,20,326,1,9000,1.06134969325
391402,391412,394069,10,2657,2,7200,1.00376364321
391427,391434,394315,7,2881,2,7200,1.00242971191
391429,391440,394579,11,3139,2,7200,1.00350430073
391476,391485,394433,9,2948,2,7200,1.00305291723
391547,391556,394655,9,3099,2,7200,1.00290416263
391586,391597,394382,11,2785,2,7200,1.0039497307
391674,391682,394940,8,3258,2,7200,1.00245549417
391697,391703,392020,6,317,4,7200,1.01892744479
391698,391709,392060,11,351,4,7200,1.03133903134
391698,391714,392005,16,291,4,7200,1.05498281787
391698,391726,392014,28,288,4,7200,1.09722222222
391699,391736,392044,37,308,4,7200,1.12012987013
391699,391731,392015,32,284,4,7200,1.11267605634
391699,391742,392024,43,282,4,7200,1.1524822695
391704,391720,394802,16,3082,2,7200,1.00519143413
391807,391816,394841,9,3025,2,7200,1.00297520661
391861,391873,394360,12,2487,16,7200,1.00482509047
391861,391867,394360,6,2493,16,7200,1.00240673887
391862,392017,394360,155,2343,16,7200,1.06615450277
391862,392035,394360,173,2325,16,7200,1.07440860215
391862,391878,394360,16,2482,16,7200,1.00644641418
391863,392242,394360,379,2118,16,7200,1.17894239849
391971,391981,394784,10,2803,2,7200,1.00356760614
392132,392141,395017,9,2876,2,7200,1.00312934631
392148,392249,392295,101,46,1,7200,3.19565217391
392148,392159,392233,11,74,1,7200,1.14864864865
392148,392166,392251,18,85,1,7200,1.21176470588
392148,392154,392231,6,77,1,7200,1.07792207792
392149,392262,392303,113,41,1,7200,3.75609756098
392149,392307,392345,158,38,1,7200,5.15789473684
392149,392314,392345,165,31,1,7200,6.32258064516
392178,392187,395289,9,3102,2,7200,1.00290135397
392329,392339,395377,10,3038,2,7200,1.00329163924
392426,392435,395160,9,2725,2,7200,1.00330275229
392440,392447,392464,7,17,1,7200,1.41176470588
392441,392510,392528,69,18,1,7200,4.83333333333
392441,392452,392469,11,17,1,7200,1.64705882353
392441,392481,392499,40,18,1,7200,3.22222222222
392441,392486,392505,45,19,1,7200,3.36842105263
392442,392518,392532,76,14,1,7200,6.42857142857
392442,392539,392554,97,15,1,7200,7.46666666667
392456,392466,395831,10,3365,2,7200,1.0029717682
392462,392473,395225,11,2752,2,7200,1.00399709302
392477,392492,395678,15,3186,2,7200,1.00470809793
392599,392608,395432,9,2824,2,7200,1.00318696884
392614,392622,395513,8,2891,2,7200,1.00276720858
392629,392635,395702,6,3067,2,7200,1.0019563091
392783,392793,395768,10,2975,2,7200,1.00336134454
392839,392847,395652,8,2805,2,7200,1.00285204991
392853,392860,396224,7,3364,2,7200,1.00208085612
392924,392932,395917,8,2985,2,7200,1.002680067
392924,392938,395706,14,2768,2,7200,1.00505780347
392942,392950,395854,8,2904,2,7200,1.00275482094
393137,393143,393953,6,810,1,9000,1.00740740741
393225,393233,396156,8,2923,2,7200,1.00273691413
393231,393239,396088,8,2849,2,7200,1.00280800281
393249,393258,396340,9,3082,2,7200,1.0029201817
393352,393360,396395,8,3035,2,7200,1.00263591433
393367,393373,396246,6,2873,2,7200,1.00208840933
393491,393502,396190,11,2688,2,7200,1.0040922619
393579,393726,393735,147,9,4,3600,15.6
393579,393704,393713,125,9,4,3600,13.4
393579,393585,393657,6,72,4,3600,1.08333333333
393579,393668,393693,89,25,4,3600,4.56
393580,393790,393804,210,14,4,3600,16.0
393580,393815,393824,235,9,4,3600,24.4
393580,393746,393756,166,10,4,3600,17.6
393580,393767,393779,187,12,4,3600,16.5833333333
393581,393835,393844,254,9,4,3600,26.3
393581,393855,393863,274,8,4,3600,28.2
393581,393874,393883,293,9,4,3600,30.2
393585,393593,396473,8,2880,2,7200,1.00277777778
393709,393719,396644,10,2925,2,7200,1.00341880342
393870,393880,396821,10,2941,2,7200,1.00340020401
393885,393891,396696,6,2805,2,7200,1.00213903743
393934,393941,396744,7,2803,2,7200,1.0024973243
393948,393955,396880,7,2925,2,7200,1.00239316239
393997,394390,396283,393,1893,4,3600,1.20760697306
393997,394385,396282,388,1897,4,3600,1.20453347391
393997,394003,394498,6,495,4,3600,1.01212121212
393997,394380,397883,383,3503,4,3600,1.10933485584
393997,394008,395286,11,1278,4,3600,1.00860719875
393998,394407,396282,409,1875,4,3600,1.21813333333
393998,394396,397677,398,3281,4,3600,1.12130448034
393998,394401,395466,403,1065,4,3600,1.37840375587
393999,394412,398035,413,3623,4,3600,1.11399392768
393999,394417,396588,418,2171,4,3600,1.19253800092
393999,395283,395697,1284,414,4,3600,4.10144927536
394024,394031,397018,7,2987,2,7200,1.00234348845
394070,394080,396638,10,2558,2,7200,1.00390930414
394120,394372,396215,252,1843,1,9000,1.13673358654
394133,394141,397254,8,3113,2,7200,1.00256986829
394317,394327,397304,10,2977,2,7200,1.00335908633
394370,395975,397626,1605,1651,4,14400,1.97213809812
394384,394423,397436,39,3013,2,7200,1.01294390972
394411,394431,394433,20,2,1,1200,2.2
394437,394445,397614,8,3169,2,7200,1.00252445566
394437,395278,395964,841,686,32,7200,2.22594752187
394437,395272,395964,835,692,32,7200,2.20664739884
394488,395964,407989,1476,12025,3,21600,1.12274428274
394582,394591,397578,9,2987,2,7200,1.00301305658
394585,395970,411256,1385,15286,3,21600,1.09060578307
394657,394666,397751,9,3085,2,7200,1.00291734198
394788,394795,397747,7,2952,2,7200,1.00237127371
394804,394813,397828,9,3015,2,7200,1.00298507463
394842,394852,398096,10,3244,2,7200,1.00308261406
394916,395298,429255,382,33957,1,86400,1.01124952145
394942,394952,397890,10,2938,2,7200,1.00340367597
394981,395986,397582,1005,1596,1,86400,1.62969924812
395018,395028,397886,10,2858,2,7200,1.00349895031
395163,395172,398115,9,2943,2,7200,1.00305810398
395227,395236,398175,9,2939,2,7200,1.00306226608
395230,395991,398180,761,2189,1,36000,1.34764732755
395292,395304,398084,12,2780,2,7200,1.00431654676
395379,395388,398195,9,2807,2,7200,1.00320627004
395435,395443,398323,8,2880,2,7200,1.00277777778
395515,395524,398262,9,2738,2,7200,1.00328707085
395654,395663,398491,9,2828,2,7200,1.0031824611
395678,395689,398355,11,2666,2,7200,1.00412603151
395703,395713,398953,10,3240,2,7200,1.00308641975
395718,395724,398713,6,2989,2,7200,1.00200736032
395722,395996,413972,274,17976,1,18000,1.01524254562
395769,395780,398855,11,3075,2,7200,1.00357723577
395818,395980,396006,162,26,1,28800,7.23076923077
395833,395842,398817,9,2975,2,7200,1.00302521008
395857,395865,398613,8,2748,2,7200,1.00291120815
395918,395929,398857,11,2928,2,7200,1.0037568306
396080,396086,408086,6,12000,2,43200,1.0005
396092,396099,399130,7,3031,2,7200,1.00230946882
396156,396167,399063,11,2896,2,7200,1.00379834254
396193,396201,399183,8,2982,2,7200,1.00268276325
396227,396236,399439,9,3203,2,7200,1.00280986575
396250,396257,399270,7,3013,2,7200,1.00232326585
396297,396303,396351,6,48,8,3600,1.125
396341,396351,399055,10,2704,2,7200,1.00369822485
396374,396380,398221,6,1841,1,9000,1.00325909832
396390,396406,399689,16,3283,2,7200,1.00487359123
396463,396470,396473,7,3,8,3600,1.0
396474,396484,399445,10,2961,2,7200,1.00337723742
396640,396649,399336,9,2687,2,7200,1.00334946036
396655,396661,399776,6,3115,2,7200,1.00192616372
396677,396683,404371,6,7688,1,28800,1.00078043704
396700,396707,399519,7,2812,2,7200,1.00248933144
396745,396756,399669,11,2913,2,7200,1.00377617576
396778,396784,396791,6,7,8,3600,1.3
396822,396833,399705,11,2872,2,7200,1.00383008357
396883,396891,399915,8,3024,2,7200,1.00264550265
397019,397029,400090,10,3061,2,7200,1.00326690624
397028,397036,397041,8,5,16,3600,1.3
397038,397045,397708,7,663,16,3600,1.01055806938
397039,397061,397708,22,647,16,3600,1.03400309119
397039,397055,397708,16,653,16,3600,1.02450229709
397039,397050,397708,11,658,16,3600,1.01671732523
397040,397066,397708,26,642,16,3600,1.04049844237
397124,397709,398247,585,538,8,1200,2.0873605948
397257,397265,400072,8,2807,2,7200,1.00285001781
397309,397315,400425,6,3110,2,7200,1.00192926045
397374,397487,403969,113,6482,1,158400,1.01743289108
397439,397448,400051,9,2603,2,7200,1.00345754898
397580,397589,400860,9,3271,2,7200,1.00275145216
397616,397625,400755,9,3130,2,7200,1.00287539936
397655,397661,402794,6,5133,1,7200,1.00116890707
397749,397758,400824,9,3066,2,7200,1.00293542074
397764,397770,400993,6,3223,2,7200,1.00186161961
397800,398620,400438,820,1818,32,3600,1.45104510451
397831,397839,400703,8,2864,2,7200,1.00279329609
397889,397897,400891,8,2994,2,7200,1.00267201069
397904,397911,400831,7,2920,2,7200,1.00239726027
398012,398019,556425,7,158406,1,158400,1.00004419025
398087,398095,400835,8,2740,2,7200,1.00291970803
398097,398108,401153,11,3045,2,7200,1.00361247947
398118,398128,400811,10,2683,2,7200,1.00372717108
398136,398142,398259,6,117,1,3600,1.05128205128
398176,398187,401091,11,2904,2,7200,1.00378787879
398198,398206,401397,8,3191,2,7200,1.00250705108
398237,398270,398692,33,422,4,3600,1.07819905213
398237,398626,400017,389,1391,4,3600,1.27965492451
398237,398243,398757,6,514,4,3600,1.01167315175
398238,398631,399119,393,488,4,3600,1.80532786885
398266,398277,401347,11,3070,2,7200,1.00358306189
398326,398335,401414,9,3079,2,7200,1.00292302696
398359,398366,401493,7,3127,2,7200,1.00223856732
398393,398675,402313,282,3638,1,3600,1.0775151182
398407,398636,398680,229,44,1,3600,6.20454545455
398407,398648,398667,241,19,1,3600,13.6842105263
398407,398642,398667,235,25,1,3600,10.4
398408,398653,398669,245,16,1,3600,16.3125
398460,398658,398670,198,12,1,3600,17.5
398460,398664,398673,204,9,1,3600,21.3
398460,398669,398694,209,25,1,3600,9.36
398461,398680,398701,219,21,1,3600,11.4285714286
398493,398503,401585,10,3082,2,7200,1.00324464633
398616,398688,401560,72,2872,2,7200,1.02506963788
398713,398724,398759,11,35,1,3600,1.31428571429
398713,398730,398759,17,29,1,3600,1.58620689655
398713,398719,398742,6,23,1,3600,1.26086956522
398714,398742,398760,28,18,1,3600,2.55555555556
398714,398736,401837,22,3101,2,7200,1.00709448565
398722,398747,398784,25,37,1,3600,1.67567567568
398723,398758,398852,35,94,1,3600,1.37234042553
398723,398753,398851,30,98,1,3600,1.30612244898
398723,398763,398813,40,50,1,3600,1.8
398821,398829,401433,8,2604,2,7200,1.00307219662
398852,398858,398870,6,12,8,1200,1.5
398856,398873,401673,17,2800,2,7200,1.00607142857
398859,398866,401681,7,2815,2,7200,1.00248667851
398885,398891,400017,6,1126,1,3600,1.0053285968
398885,398896,399178,11,282,1,3600,1.0390070922
398885,398902,400017,17,1115,1,3600,1.01524663677
398886,398908,400017,22,1109,1,3600,1.01983769161
398894,398919,400017,25,1098,1,3600,1.02276867031
398894,398914,398981,20,67,1,3600,1.29850746269
398895,398924,400017,29,1093,1,3600,1.02653247941
398895,398930,400017,35,1087,1,3600,1.03219871205
398954,398964,401957,10,2993,2,7200,1.0033411293
399037,399043,400157,6,1114,1,9000,1.00538599641
399058,399067,401896,9,2829,2,7200,1.00318133616
399073,399082,402176,9,3094,2,7200,1.00290885585
399117,399123,399132,6,9,8,1200,1.5
399132,399141,402058,9,2917,2,7200,1.00308536167
399184,399194,402230,10,3036,2,7200,1.00329380764
399274,399281,402171,7,2890,2,7200,1.00242214533
399318,399324,399428,6,104,1,172800,1.05769230769
399338,399347,402177,9,2830,2,7200,1.00318021201
399441,399450,402373,9,2923,2,7200,1.0030790284
399449,399457,431853,8,32396,1,172800,1.00024694407
399456,399463,402747,7,3284,2,7200,1.00213154689
399519,399534,402669,15,3135,2,7200,1.004784689
399598,399603,430571,5,30968,1,50400,1.00016145699
399655,399662,399664,7,2,8,1200,1.0
399674,399680,402820,6,3140,2,7200,1.00191082803
399693,399700,402479,7,2779,2,7200,1.00251889169
399708,399716,402295,8,2579,2,7200,1.00310197751
399720,399726,400470,6,744,1,172800,1.00806451613
399778,399787,403063,9,3276,2,7200,1.00274725275
399806,399817,399856,11,39,4,600,1.28205128205
399806,399822,399856,16,34,4,600,1.47058823529
399806,399812,399853,6,41,4,600,1.14634146341
399806,399828,399856,22,28,4,600,1.78571428571
399808,399868,400007,60,139,4,600,1.43165467626
399829,399837,400454,8,617,1,172800,1.01296596434
399887,399893,400415,6,522,1,50400,1.01149425287
399894,399916,399962,22,46,4,600,1.47826086957
399894,399900,399944,6,44,4,600,1.13636363636
399894,399905,400086,11,181,4,600,1.06077348066
399894,399910,400072,16,162,4,600,1.0987654321
399895,399921,399970,26,49,4,600,1.5306122449
399895,399927,400000,32,73,4,600,1.43835616438
399895,399937,400090,42,153,4,600,1.27450980392
399895,399932,400097,37,165,4,600,1.22424242424
399896,399948,400075,52,127,4,600,1.4094488189
399896,399943,400090,47,147,4,600,1.31972789116
399896,399953,400091,57,138,4,600,1.41304347826
399917,399960,402961,43,3001,2,7200,1.01432855715
400053,400062,402955,9,2893,2,7200,1.00311095748
400074,400083,403014,9,2931,2,7200,1.00307062436
400093,400102,403306,9,3204,2,7200,1.00280898876
400142,400148,400151,6,3,8,1200,1.0
400182,400189,400431,7,242,1,3600,1.02892561983
400183,400194,400370,11,176,1,3600,1.0625
400183,400199,400284,16,85,1,3600,1.18823529412
400272,400279,402121,7,1842,1,9000,1.00380021716
400412,400418,481840,6,81422,1,360000,1.00007369016
400427,400436,403432,9,2996,2,7200,1.00300400534
400441,400447,473317,6,72870,1,532800,1.00008233841
400573,400580,403190,7,2610,1,356400,1.00268199234
400650,400656,412437,6,11781,1,158400,1.00050929463
400670,400678,434313,8,33635,1,158400,1.00023784748
400705,400714,403745,9,3031,2,7200,1.00296931706
400724,400730,400732,6,2,1,1200,1.0
400758,400764,400765,6,1,1,1200,1.0
400760,400770,403751,10,2981,2,7200,1.003354579
400808,400814,400987,6,173,10,3600,1.03468208092
400814,400822,403822,8,3000,2,7200,1.00266666667
400831,400837,403726,6,2889,2,7200,1.0020768432
400833,400843,403732,10,2889,2,7200,1.00346140533
400835,400849,403710,14,2861,2,7200,1.00489339392
400861,400871,404006,10,3135,2,7200,1.00318979266
400889,400895,579707,6,178812,1,504000,1.00003355479
400896,400902,403971,6,3069,2,7200,1.00195503421
400957,400963,400968,6,5,1,1200,1.1
400997,401005,403942,8,2937,2,7200,1.00272386789
401073,401079,861930,6,460851,8,460800,1.00001301939
401093,401102,404114,9,3012,2,7200,1.00298804781
401155,401164,404390,9,3226,2,7200,1.00278983261
401350,401358,404393,8,3035,2,7200,1.00263591433
401404,401409,404438,5,3029,2,7200,1.00165070981
401417,401425,404440,8,3015,2,7200,1.00265339967
401435,401444,404238,9,2794,2,7200,1.00322118826
401452,401464,401711,12,247,1,3600,1.04858299595
401452,401458,401633,6,175,1,3600,1.03428571429
401453,401469,401783,16,314,1,3600,1.05095541401
401496,401505,404553,9,3048,2,7200,1.00295275591
401526,401533,401539,7,6,1,1200,1.3
401564,401572,404647,8,3075,2,7200,1.00260162602
401586,401596,404750,10,3154,2,7200,1.00317057705
401675,401685,404449,10,2764,2,7200,1.00361794501
401684,401692,404384,8,2692,2,7200,1.0029717682
401743,401749,402983,6,1234,1,1200,1.00486223663
401777,401783,488213,6,86430,3,86400,1.00006942034
401811,401822,401864,11,42,4,3600,1.2619047619
401811,401817,401866,6,49,4,3600,1.12244897959
401840,401848,404810,8,2962,2,7200,1.00270087779
401898,401908,404985,10,3077,2,7200,1.00324991875
401911,401922,403460,11,1538,4,3600,1.00715214564
401911,401917,403460,6,1543,4,3600,1.00388852884
401959,401969,404863,10,2894,2,7200,1.00345542502
402059,402069,404921,10,2852,2,7200,1.00350631136
402171,402182,405113,11,2931,2,7200,1.00375298533
402178,402190,405116,12,2926,2,7200,1.004101162
402187,402196,405087,9,2891,2,7200,1.00311310965
402233,402246,405427,13,3181,2,7200,1.00408676517
402234,402240,403937,6,1697,4,7200,1.00353565115
402297,402307,405113,10,2806,2,7200,1.00356379187
402377,402385,405147,8,2762,2,7200,1.00289645185
402482,402490,405576,8,3086,2,7200,1.00259235256
402671,402680,405333,9,2653,2,7200,1.00339238598
402728,402734,402766,6,32,2,7200,1.1875
402750,402758,405778,8,3020,2,7200,1.00264900662
402823,402831,405825,8,2994,2,7200,1.00267201069
402911,402917,402931,6,14,1,7200,1.42857142857
402943,402949,404384,6,1435,1,7200,1.00418118467
402957,402967,406066,10,3099,2,7200,1.00322684737
402963,402973,405855,10,2882,2,7200,1.00346981263
403018,403026,405947,8,2921,2,7200,1.00273878809
403064,403074,405961,10,2887,2,7200,1.00346380326
403144,403151,403557,7,406,1,1200,1.01724137931
403307,403317,406140,10,2823,2,7200,1.00354233085
403435,403444,406350,9,2906,2,7200,1.00309704061
403518,403529,404749,11,1220,4,3600,1.00901639344
403518,403524,404326,6,802,4,3600,1.00748129676
403574,403580,403961,6,381,8,3600,1.0157480315
403712,403721,406271,9,2550,2,7200,1.00352941176
403729,403737,406707,8,2970,2,7200,1.00269360269
403744,403750,406743,6,2993,2,7200,1.00200467758
403748,403756,407183,8,3427,2,7200,1.00233440327
403763,403769,406842,6,3073,2,7200,1.00195248942
403825,403834,406830,9,2996,2,7200,1.00300400534
403944,403954,406988,10,3034,2,7200,1.00329597891
403960,403967,404235,7,268,8,3600,1.02611940299
403974,403982,407075,8,3093,2,7200,1.00258648561
404010,404017,407266,7,3249,2,7200,1.00215450908
404094,404100,407027,6,2927,4,7200,1.00204988042
404116,404125,407284,9,3159,2,7200,1.00284900285
404240,404250,407196,10,2946,2,7200,1.00339443313
404388,404395,407477,7,3082,2,7200,1.00227125243
404394,404402,407379,8,2977,2,7200,1.00268726906
404396,404408,407512,12,3104,2,7200,1.00386597938
404439,404449,407176,10,2727,2,7200,1.00366703337
404442,404456,407277,14,2821,2,7200,1.00496277916
404454,404462,407221,8,2759,2,7200,1.0028996013
404554,404564,407480,10,2916,2,7200,1.00342935528
404610,404616,411012,6,6396,1,7200,1.0009380863
404649,404658,407590,9,2932,2,7200,1.00306957708
404710,404716,411929,6,7213,1,7200,1.00083183142
404755,404761,407885,6,3124,2,7200,1.0019206146
404812,404821,407914,9,3093,2,7200,1.00290979631
404866,404875,407810,9,2935,2,7200,1.00306643952
404924,404933,407973,9,3040,2,7200,1.00296052632
404987,404997,407899,10,2902,2,7200,1.00344589938
405088,405098,408216,10,3118,2,7200,1.00320718409
405116,405124,408348,8,3224,2,7200,1.00248138958
405118,405136,408114,18,2978,2,7200,1.00604432505
405118,405130,408040,12,2910,2,7200,1.00412371134
405148,405158,408121,10,2963,2,7200,1.00337495781
405336,405344,408276,8,2932,2,7200,1.00272851296
405439,405445,408228,6,2783,2,7200,1.00215594682
405579,405587,408599,8,3012,2,7200,1.0026560425
405780,405789,408700,9,2911,2,7200,1.00309172106
405823,405829,655423,6,249594,12,345600,1.00002403904
405828,405836,408724,8,2888,2,7200,1.0027700831
405858,405867,408582,9,2715,2,7200,1.00331491713
405902,405908,585961,6,180053,16,180000,1.00003332352
405951,405959,408844,8,2885,2,7200,1.0027729636
405965,405973,408905,8,2932,2,7200,1.00272851296
406067,406077,408878,10,2801,2,7200,1.00357015352
406144,406151,408994,7,2843,2,7200,1.00246218783
406272,406282,409288,10,3006,2,7200,1.00332667997
406291,406297,586450,6,180153,16,180000,1.00003330502
406311,406317,406546,6,229,4,3600,1.02620087336
406351,406364,409264,13,2900,2,7200,1.00448275862
406352,406358,586407,6,180049,16,180000,1.00003332426
406363,406370,586395,7,180025,16,180000,1.00003888349
406371,406377,406612,6,235,8,3600,1.02553191489
406404,406410,406679,6,269,8,3600,1.02230483271
406555,406561,407703,6,1142,4,3600,1.00525394046
406558,406568,407095,10,527,1,9000,1.01897533207
406709,406718,409538,9,2820,2,7200,1.00319148936
406746,406755,409959,9,3204,2,7200,1.00280898876
406833,406843,410103,10,3260,2,7200,1.00306748466
406845,406853,409787,8,2934,2,7200,1.00272665303
406991,406999,410080,8,3081,2,7200,1.00259655956
407001,407007,410748,6,3741,8,3600,1.00160384924
407078,407086,410194,8,3108,2,7200,1.00257400257
407179,407187,410257,8,3070,2,7200,1.00260586319
407186,407195,410308,9,3113,2,7200,1.00289110183
407202,407208,410375,6,3167,2,7200,1.00189453742
407222,407232,410378,10,3146,2,7200,1.00317863954
407267,407277,410214,10,2937,2,7200,1.00340483487
407279,407288,410173,9,2885,2,7200,1.00311958406
407285,407295,410326,10,3031,2,7200,1.00329924117
407382,407390,410457,8,3067,2,7200,1.00260841213
407479,407488,410668,9,3180,2,7200,1.00283018868
407482,407494,410590,12,3096,2,7200,1.00387596899
407514,407523,410372,9,2849,2,7200,1.00315900316
407593,407601,410554,8,2953,2,7200,1.00270910938
407732,407740,408681,8,941,1,9000,1.00850159405
407740,407747,409432,7,1685,8,3600,1.00415430267
407812,407821,410697,9,2876,2,7200,1.00312934631
407887,407897,410736,10,2839,2,7200,1.00352236703
407900,407910,410869,10,2959,2,7200,1.00337952011
407915,407925,410835,10,2910,2,7200,1.00343642612
407976,407984,410714,8,2730,2,7200,1.00293040293
408043,408052,410949,9,2897,2,7200,1.00310666206
408116,408126,410652,10,2526,2,7200,1.00395882819
408131,408137,411301,6,3164,2,7200,1.00189633375
408153,408159,408392,6,233,2,3540,1.02575107296
408208,408214,411851,6,3637,16,3600,1.0016497113
408219,408227,411303,8,3076,2,7200,1.00260078023
408235,408241,411072,6,2831,2,7200,1.00211939244
408279,408287,411325,8,3038,2,7200,1.00263331139
408351,408359,411069,8,2710,2,7200,1.00295202952
408584,408593,411621,9,3028,2,7200,1.00297225892
408601,408610,411704,9,3094,2,7200,1.00290885585
408704,408712,411599,8,2887,2,7200,1.0027710426
408726,408736,411488,10,2752,2,7200,1.00363372093
408742,408748,409136,6,388,2,43200,1.01546391753
408788,408794,409204,6,410,2,43200,1.01463414634
408814,408820,408880,6,60,8,3600,1.1
408845,408855,411721,10,2866,2,7200,1.00348918353
408879,408886,408887,7,1,8,3600,1.0
408881,408893,411810,12,2917,2,7200,1.00411381556
408894,408900,408958,6,58,8,3600,1.10344827586
408907,408917,411773,10,2856,2,7200,1.00350140056
408916,408923,408986,7,63,8,3600,1.11111111111
408983,408989,409046,6,57,8,3600,1.10526315789
408996,409005,412236,9,3231,2,7200,1.00278551532
409106,409112,409385,6,273,8,3600,1.02197802198
409175,409181,424173,6,14992,2,21600,1.00040021345
409205,409212,409490,7,278,8,3600,1.02517985612
409265,409275,412327,10,3052,2,7200,1.00327653997
409290,409299,412154,9,2855,2,7200,1.00315236427
409351,409357,409421,6,64,8,3600,1.09375
409539,409549,412633,10,3084,2,7200,1.00324254215
409678,409684,410008,6,324,8,3600,1.01851851852
409790,409799,412864,9,3065,2,7200,1.00293637847
409962,409970,413113,8,3143,2,7200,1.00254533885
410073,410079,411134,6,1055,1,9000,1.00568720379
410083,410091,413111,8,3020,2,7200,1.00264900662
410104,410114,413010,10,2896,2,7200,1.00345303867
410174,410184,413105,10,2921,2,7200,1.00342348511
410196,410205,413189,9,2984,2,7200,1.00301608579
410212,410219,463622,7,53403,6,259200,1.00013107878
410218,410225,413207,7,2982,2,7200,1.00234741784
410262,410269,413521,7,3252,2,7200,1.00215252153
410306,410312,549655,6,139343,6,259200,1.00004305921
410309,410320,413239,11,2919,2,7200,1.00376841384
410328,410337,413172,9,2835,2,7200,1.00317460317
410374,410383,413272,9,2889,2,7200,1.0031152648
410377,410389,413155,12,2766,2,7200,1.00433839479
410389,410396,413309,7,2913,2,7200,1.00240302094
410459,410469,413524,10,3055,2,7200,1.00327332242
410557,410566,413425,9,2859,2,7200,1.00314795383
410593,410601,413317,8,2716,2,7200,1.0029455081
410653,410664,413817,11,3153,2,7200,1.00348874088
410668,410679,413401,11,2722,2,7200,1.00404114622
410701,410709,413711,8,3002,2,7200,1.00266489007
410715,410725,413223,10,2498,2,7200,1.00400320256
410736,410747,413702,11,2955,2,7200,1.00372250423
410838,410846,413837,8,2991,2,7200,1.00267469074
410871,410880,413881,9,3001,2,7200,1.00299900033
410953,410960,413906,7,2946,2,7200,1.00237610319
411071,411081,413947,10,2866,2,7200,1.00348918353
411086,411092,414109,6,3017,2,7200,1.00198873053
411302,411312,414685,10,3373,2,7200,1.00296471983
411318,411324,414578,6,3254,2,7200,1.00184388445
411333,411339,414111,6,2772,2,7200,1.00216450216
411490,411499,414492,9,2993,2,7200,1.00300701637
411602,411610,414505,8,2895,2,7200,1.00276338515
411623,411632,414681,9,3049,2,7200,1.00295178747
411705,411715,414555,10,2840,2,7200,1.00352112676
411725,411733,414773,8,3040,2,7200,1.00263157895
411775,411784,414722,9,2938,2,7200,1.00306330837
411813,411821,414656,8,2835,2,7200,1.00282186949
411850,411856,412036,6,180,1,3540,1.03333333333
412156,412165,415440,9,3275,2,7200,1.0027480916
412230,412238,413340,8,1102,1,3540,1.00725952813
412240,412247,415170,7,2923,2,7200,1.00239479986
412329,412335,412475,6,140,1,3540,1.04285714286
412331,412342,415413,11,3071,2,7200,1.00358189515
412361,412367,412515,6,148,1,3540,1.04054054054
412636,412645,415769,9,3124,2,7200,1.0028809219
412664,412670,416264,6,3594,1,3540,1.00166944908
412705,412711,412947,6,236,1,3540,1.02542372881
412768,412774,412973,6,199,1,3540,1.03015075377
412802,412808,413042,6,234,1,3540,1.02564102564
412836,412842,413200,6,358,1,3540,1.01675977654
412865,412875,416077,10,3202,2,7200,1.00312304809
412869,412880,413250,11,370,1,3540,1.02972972973
412902,412909,413264,7,355,1,3540,1.01971830986
412935,412941,413301,6,360,1,3540,1.01666666667
412943,412950,435190,7,22240,6,259200,1.0003147482
413011,413021,416101,10,3080,2,7200,1.00324675325
413040,413046,413326,6,280,1,3540,1.02142857143
413108,413116,415861,8,2745,2,7200,1.0029143898
413111,413122,416109,11,2987,2,7200,1.00368262471
413126,413132,415861,6,2729,2,7200,1.00219860755
413152,413158,413345,6,187,1,3540,1.0320855615
413156,413166,416116,10,2950,2,7200,1.00338983051
413175,413183,416384,8,3201,2,7200,1.00249921899
413190,413200,416015,10,2815,2,7200,1.00355239787
413208,413218,416119,10,2901,2,7200,1.00344708721
413223,413234,415785,11,2551,2,7200,1.0043120345
413241,413250,416098,9,2848,2,7200,1.00316011236
413275,413283,416248,8,2965,2,7200,1.00269814503
413310,413316,413448,6,132,1,3540,1.04545454545
413311,413323,416250,12,2927,2,7200,1.00409976085
413327,413333,416256,6,2923,2,7200,1.0020526856
413348,413354,413439,6,85,1,3540,1.07058823529
413403,413412,416484,9,3072,2,7200,1.0029296875
413427,413436,416239,9,2803,2,7200,1.00321084552
413524,413532,416812,8,3280,2,7200,1.00243902439
413526,413538,416492,12,2954,2,7200,1.00406228842
413703,413714,416713,11,2999,2,7200,1.0036678893
413714,413722,416340,8,2618,2,7200,1.00305576776
413819,413828,416822,9,2994,2,7200,1.00300601202
413838,413848,416772,10,2924,2,7200,1.00341997264
413883,413892,416841,9,2949,2,7200,1.00305188199
413908,413918,416835,10,2917,2,7200,1.00342817964
413950,413959,417276,9,3317,2,7200,1.00271329515
414111,414120,416923,9,2803,2,7200,1.00321084552
414126,414132,416837,6,2705,2,7200,1.0022181146
414493,414504,417571,11,3067,2,7200,1.00358656668
414508,414516,417747,8,3231,2,7200,1.00247601362
414557,414566,417475,9,2909,2,7200,1.00309384668
414581,414589,417553,8,2964,2,7200,1.00269905533
414657,414668,417750,11,3082,2,7200,1.00356911097
414685,414692,417670,7,2978,2,7200,1.00235057085
414700,414706,417757,6,3051,2,7200,1.00196656834
414724,414734,417822,10,3088,2,7200,1.00323834197
414777,414784,417855,7,3071,2,7200,1.00227938782
415171,415181,418277,10,3096,2,7200,1.00322997416
415414,415424,418485,10,3061,2,7200,1.00326690624
415442,415451,418741,9,3290,2,7200,1.00273556231
415608,415615,417660,7,2045,1,7200,1.00342298289
415719,415725,452507,6,36782,1,504000,1.00016312327
415770,415780,418922,10,3142,2,7200,1.00318268619
415788,415796,418874,8,3078,2,7200,1.00259909032
415865,415939,418854,74,2915,2,7200,1.02538593482
415865,415934,418883,69,2949,2,7200,1.02339776195
416017,416026,418914,9,2888,2,7200,1.00311634349
416078,416088,418978,10,2890,2,7200,1.00346020761
416099,416109,418889,10,2780,2,7200,1.0035971223
416102,416116,419156,14,3040,2,7200,1.00460526316
416118,416124,419129,6,3005,2,7200,1.00199667221
416118,416130,419411,12,3281,2,7200,1.00365742152
416133,416139,419362,6,3223,2,7200,1.00186161961
416242,416250,419035,8,2785,2,7200,1.00287253142
416252,416259,419284,7,3025,2,7200,1.00231404959
416253,416266,419042,13,2776,2,7200,1.00468299712
416269,416275,419285,6,3010,2,7200,1.00199335548
416341,416351,419289,10,2938,2,7200,1.00340367597
416387,416395,419025,8,2630,2,7200,1.0030418251
416485,416495,419519,10,3024,2,7200,1.00330687831
416493,416503,419548,10,3045,2,7200,1.00328407225
416716,416724,419953,8,3229,2,7200,1.00247754723
416775,416783,419891,8,3108,2,7200,1.00257400257
416815,416823,419900,8,3077,2,7200,1.002599935
416822,416833,419518,11,2685,2,7200,1.00409683426
416836,416852,419718,16,2866,2,7200,1.00558269365
416837,416846,419722,9,2876,2,7200,1.00312934631
416851,416858,420000,7,3142,2,7200,1.00222788033
416926,416934,420081,8,3147,2,7200,1.00254210359
417280,417288,419905,8,2617,2,7200,1.00305693542
417459,417465,418329,6,864,4,10800,1.00694444444
417459,417476,419045,17,1569,4,10800,1.0108349267
417459,417470,419045,11,1575,4,10800,1.00698412698
417460,417493,419045,33,1552,4,10800,1.0212628866
417460,417482,419045,22,1563,4,10800,1.01407549584
417460,417488,419045,28,1557,4,10800,1.01798330122
417461,417509,419040,48,1531,4,10800,1.03135205748
417461,417503,419045,42,1542,4,10800,1.02723735409
417461,417498,419045,37,1547,4,10800,1.02391725921
417461,417514,417546,53,32,4,10800,2.65625
417478,417520,420568,42,3048,2,7200,1.01377952756
417553,417564,420495,11,2931,2,7200,1.00375298533
417575,417583,420611,8,3028,2,7200,1.00264200793
417671,417681,420752,10,3071,2,7200,1.00325626832
417750,417758,420715,8,2957,2,7200,1.00270544471
417752,417764,420703,12,2939,2,7200,1.00408302144
417765,417772,420559,7,2787,2,7200,1.00251166128
417799,417805,418430,6,625,4,10800,1.0096
417823,417833,421014,10,3181,2,7200,1.00314366551
417858,417866,420917,8,3051,2,7200,1.00262209112
418228,419962,421170,1734,1208,32,7200,2.43543046358
418279,418288,421270,9,2982,2,7200,1.00301810865
418317,418323,418335,6,12,8,54000,1.5
418326,418332,418385,6,53,4,1500,1.11320754717
418382,418388,418683,6,295,1,54000,1.02033898305
418394,418400,418501,6,101,4,1500,1.05940594059
418487,418496,421425,9,2929,2,7200,1.00307272107
418515,418521,424065,6,5544,16,8700,1.00108225108
418744,418753,421594,9,2841,2,7200,1.00316789863
418856,418865,421809,9,2944,2,7200,1.00305706522
418878,418886,421990,8,3104,2,7200,1.00257731959
418884,418895,421864,11,2969,2,7200,1.00370495116
418893,418902,422005,9,3103,2,7200,1.00290041895
418915,418926,421829,11,2903,2,7200,1.0037891836
418930,418936,421736,6,2800,2,7200,1.00214285714
418961,418967,418971,6,4,2,3540,1.0
418981,418989,421562,8,2573,2,7200,1.00310921104
419027,419036,422070,9,3034,2,7200,1.00296638102
419036,419046,422262,10,3216,2,7200,1.00310945274
419045,419053,422124,8,3071,2,7200,1.00260501465
419129,419154,422445,25,3291,2,7200,1.00759647524
419131,419143,419224,12,81,4,7200,1.14814814815
419131,419137,419227,6,90,4,7200,1.06666666667
419131,419148,419301,17,153,4,7200,1.11111111111
419132,419165,420813,33,1648,4,7200,1.02002427184
419132,419176,419712,44,536,4,7200,1.08208955224
419132,419160,419693,28,533,4,7200,1.05253283302
419132,419171,419713,39,542,4,7200,1.07195571956
419133,419318,419331,185,13,4,7200,15.2307692308
419133,419244,420818,111,1574,4,7200,1.07052096569
419133,419237,419720,104,483,4,7200,1.21532091097
419134,421181,450004,2047,28823,12,28800,1.07101967179
419157,419182,421920,25,2738,2,7200,1.00913075237
419288,419295,422087,7,2792,2,7200,1.00250716332
419289,419302,422231,13,2929,2,7200,1.00443837487
419305,419311,422147,6,2836,2,7200,1.00211565585
419365,419373,422243,8,2870,2,7200,1.00278745645
419413,419422,422420,9,2998,2,7200,1.00300200133
419421,419430,419488,9,58,4,7200,1.15517241379
419520,419529,422403,9,2874,2,7200,1.00313152401
419521,419536,422371,15,2835,2,7200,1.00529100529
419550,419559,422776,9,3217,2,7200,1.00279763755
419721,419730,422506,9,2776,2,7200,1.00324207493
419722,419736,422960,14,3224,2,7200,1.00434243176
419894,419902,422847,8,2945,2,7200,1.00271646859
419907,419913,423148,6,3235,2,7200,1.00185471406
419909,419920,422908,11,2988,2,7200,1.00368139224
419955,419969,423137,14,3168,2,7200,1.00441919192
420003,420011,422870,8,2859,2,7200,1.00279818118
420083,420092,423164,9,3072,2,7200,1.0029296875
420477,420825,421639,348,814,4,10800,1.42751842752
420477,421192,429750,715,8558,4,10800,1.08354755784
420477,421203,432018,726,10815,4,10800,1.06712898752
420477,421187,424674,710,3487,4,10800,1.20361342128
420477,421197,432017,720,10820,4,10800,1.06654343808
420478,424077,425704,3599,1627,4,10800,3.21204671174
420478,421208,432058,730,10850,4,10800,1.06728110599
420478,421213,431439,735,10226,4,10800,1.07187561119
420497,420506,423220,9,2714,2,7200,1.00331613854
420561,420570,423482,9,2912,2,7200,1.00309065934
420576,420582,423724,6,3142,2,7200,1.00190961171
420612,420622,423359,10,2737,2,7200,1.00365363537
420704,420714,423782,10,3068,2,7200,1.00325945241
420718,420726,423683,8,2957,2,7200,1.00270544471
420755,420763,423506,8,2743,2,7200,1.00291651476
420919,420928,423963,9,3035,2,7200,1.00296540362
421015,421026,424163,11,3137,2,7200,1.00350653491
421273,421281,424461,8,3180,2,7200,1.00251572327
421428,421436,424440,8,3004,2,7200,1.00266311585
421565,421573,424361,8,2788,2,7200,1.00286944046
421595,421605,424334,10,2729,2,7200,1.00366434591
421629,431450,438679,9821,7229,32,7200,2.35855581685
421738,421747,424640,9,2893,2,7200,1.00311095748
421810,421820,424546,10,2726,2,7200,1.00366837858
421832,421840,424922,8,3082,2,7200,1.00259571707
421865,421875,424856,10,2981,2,7200,1.003354579
421923,421931,424890,8,2959,2,7200,1.00270361609
421993,422001,425111,8,3110,2,7200,1.00257234727
422008,422017,425022,9,3005,2,7200,1.00299500832
422072,422081,425248,9,3167,2,7200,1.00284180613
422090,422099,424819,9,2720,2,7200,1.00330882353
422127,422135,424975,8,2840,2,7200,1.00281690141
422148,422158,424961,10,2803,2,7200,1.00356760614
422233,422242,425335,9,3093,2,7200,1.00290979631
422248,422254,425314,6,3060,2,7200,1.00196078431
422264,422274,425098,10,2824,2,7200,1.00354107649
422373,422382,425289,9,2907,2,7200,1.00309597523
422404,422414,425188,10,2774,2,7200,1.00360490267
422422,422431,425328,9,2897,2,7200,1.00310666206
422445,422456,425368,11,2912,2,7200,1.00377747253
422509,422518,425485,9,2967,2,7200,1.00303336704
422779,422787,425625,8,2838,2,7200,1.00281888654
422849,422858,425775,9,2917,2,7200,1.00308536167
422873,422881,425969,8,3088,2,7200,1.00259067358
422909,422919,425720,10,2801,2,7200,1.00357015352
422963,422971,426128,8,3157,2,7200,1.00253405131
423138,423148,425807,10,2659,2,7200,1.00376081234
423153,423159,425920,6,2761,2,7200,1.00217312568
423168,423175,425863,7,2688,2,7200,1.00260416667
423223,423231,425694,8,2463,2,7200,1.00324807146
423362,423370,426098,8,2728,2,7200,1.00293255132
423483,423493,426497,10,3004,2,7200,1.00332889481
423507,423517,426521,10,3004,2,7200,1.00332889481
423523,423530,423556,7,26,1,7200,1.26923076923
423553,424082,426262,529,2180,1,57600,1.24266055046
423686,423695,426750,9,3055,2,7200,1.00294599018
423725,423736,426384,11,2648,2,7200,1.00415407855
423786,423793,426830,7,3037,2,7200,1.00230490616
423964,423974,426880,10,2906,2,7200,1.00344115623
424165,424174,427008,9,2834,2,7200,1.00317572336
424337,424345,427157,8,2812,2,7200,1.00284495021
424364,424372,427558,8,3186,2,7200,1.00251098556
424443,424451,427376,8,2925,2,7200,1.00273504274
424464,424473,427540,9,3067,2,7200,1.00293446365
424546,424557,427661,11,3104,2,7200,1.00354381443
424643,424651,427697,8,3046,2,7200,1.00262639527
424822,424830,427817,8,2987,2,7200,1.00267827251
424858,424867,427750,9,2883,2,7200,1.00312174818
424892,424901,427730,9,2829,2,7200,1.00318133616
424925,424934,427998,9,3064,2,7200,1.00293733681
424961,424972,428038,11,3066,2,7200,1.00358773646
424976,424986,427967,10,2981,2,7200,1.003354579
425024,425033,427977,9,2944,2,7200,1.00305706522
425099,425110,428030,11,2920,2,7200,1.00376712329
425114,425123,428151,9,3028,2,7200,1.00297225892
425190,425199,428497,9,3298,2,7200,1.00272892662
425250,425259,428303,9,3044,2,7200,1.00295663601
425290,425300,428011,10,2711,2,7200,1.00368867577
425317,425325,428354,8,3029,2,7200,1.00264113569
425330,425339,428190,9,2851,2,7200,1.00315678709
425339,425346,428511,7,3165,2,7200,1.00221169036
425369,425380,428425,11,3045,2,7200,1.00361247947
425487,425496,428425,9,2929,2,7200,1.00307272107
425627,425636,428537,9,2901,2,7200,1.00310237849
425697,425705,428323,8,2618,2,7200,1.00305576776
425721,425731,428673,10,2942,2,7200,1.00339904827
425776,425787,428678,11,2891,2,7200,1.0038049118
425810,425819,428650,9,2831,2,7200,1.00317908866
425864,425874,428529,10,2655,2,7200,1.00376647834
425922,425931,428757,9,2826,2,7200,1.00318471338
425971,425980,429094,9,3114,2,7200,1.00289017341
426101,426109,429381,8,3272,2,7200,1.00244498778
426128,426139,429213,11,3074,2,7200,1.00357839948
426183,426189,432427,6,6238,4,10800,1.00096184675
426387,426395,429457,8,3062,2,7200,1.00261267146
426499,426508,429281,9,2773,2,7200,1.0032455824
426523,426533,429427,10,2894,2,7200,1.00345542502
426753,426762,429980,9,3218,2,7200,1.00279676818
426833,426842,430041,9,3199,2,7200,1.00281337918
426881,426892,429642,11,2750,2,7200,1.004
427011,427019,430255,8,3236,2,7200,1.00247218789
427160,427169,430335,9,3166,2,7200,1.00284270373
427378,427387,430488,9,3101,2,7200,1.00290228958
427543,427551,430774,8,3223,2,7200,1.00248215948
427560,427569,430857,9,3288,2,7200,1.00273722628
427663,427672,430617,9,2945,2,7200,1.00305602716
427698,427708,430649,10,2941,2,7200,1.00340020401
427732,427741,430627,9,2886,2,7200,1.00311850312
427753,427761,431012,8,3251,2,7200,1.0024607813
427819,427828,430800,9,2972,2,7200,1.0030282638
427968,427978,430909,10,2931,2,7200,1.00341180484
427979,427988,430797,9,2809,2,7200,1.00320398718
428001,428009,431249,8,3240,2,7200,1.0024691358
428013,428022,430919,9,2897,2,7200,1.00310666206
428031,428041,430938,10,2897,2,7200,1.00345184674
428041,428049,431011,8,2962,2,7200,1.00270087779
428152,428163,431042,11,2879,2,7200,1.0038207711
428192,428201,430985,9,2784,2,7200,1.00323275862
428304,428314,431764,10,3450,2,7200,1.00289855072
428326,428334,431134,8,2800,2,7200,1.00285714286
428356,428365,431495,9,3130,2,7200,1.00287539936
428426,428436,431125,10,2689,2,7200,1.00371885459
428428,428441,431388,13,2947,2,7200,1.00441126569
428499,428508,431516,9,3008,2,7200,1.00299202128
428513,428523,431335,10,2812,2,7200,1.00355618777
428530,428540,431403,10,2863,2,7200,1.00349283968
428540,428548,431576,8,3028,2,7200,1.00264200793
428654,428662,431198,8,2536,2,7200,1.00315457413
428674,428684,431752,10,3068,2,7200,1.00325945241
428689,428695,431641,6,2946,2,7200,1.00203665988
428760,428768,431573,8,2805,2,7200,1.00285204991
429095,429105,431940,10,2835,2,7200,1.00352733686
429215,429224,432116,9,2892,2,7200,1.0031120332
429257,429263,429265,6,2,1,240,1.0
429282,429292,432411,10,3119,2,7200,1.00320615582
429382,429392,432210,10,2818,2,7200,1.00354861604
429427,429438,432309,11,2871,2,7200,1.00383141762
429458,429468,432642,10,3174,2,7200,1.00315059861
429644,429653,432529,9,2876,2,7200,1.00312934631
429982,429991,433327,9,3336,2,7200,1.00269784173
430044,430052,433255,8,3203,2,7200,1.00249765845
430258,430266,432980,8,2714,2,7200,1.0029476787
430337,430346,433200,9,2854,2,7200,1.00315346882
430489,430500,433703,11,3203,2,7200,1.00343428036
430619,430629,433262,10,2633,2,7200,1.00379794911
430628,430639,433885,11,3246,2,7200,1.0033887862
430653,430661,433699,8,3038,2,7200,1.00263331139
430777,430785,433933,8,3148,2,7200,1.00254129606
430798,430808,433828,10,3020,2,7200,1.00331125828
430799,430815,433972,16,3157,2,7200,1.00506810263
430859,430868,433965,9,3097,2,7200,1.0029060381
430911,430920,433920,9,3000,2,7200,1.003
430920,430930,433844,10,2914,2,7200,1.00343170899
430941,430950,434188,9,3238,2,7200,1.00277949351
430987,430996,433816,9,2820,2,7200,1.00319148936
431012,431022,433946,10,2924,2,7200,1.00341997264
431027,431033,433810,6,2777,2,7200,1.00216060497
431045,431053,433876,8,2823,2,7200,1.00283386468
431128,431136,434052,8,2916,2,7200,1.00274348422
431136,431145,433897,9,2752,2,7200,1.00327034884
431199,431209,434063,10,2854,2,7200,1.00350385424
431252,431261,434460,9,3199,2,7200,1.00281337918
431337,431346,434601,9,3255,2,7200,1.00276497696
431391,431400,434494,9,3094,2,7200,1.00290885585
431406,431415,434142,9,2727,2,7200,1.00330033003
431498,431507,434655,9,3148,2,7200,1.00285895807
431519,431527,434698,8,3171,2,7200,1.00252286345
431577,431584,434656,7,3072,2,7200,1.00227864583
431577,431591,434435,14,2844,2,7200,1.00492264416
431644,431652,434844,8,3192,2,7200,1.00250626566
431753,431763,434746,10,2983,2,7200,1.00335232987
431768,431775,434690,7,2915,2,7200,1.00240137221
431941,431951,434913,10,2962,2,7200,1.00337609723
432117,432128,434880,11,2752,2,7200,1.00399709302
432211,432221,435024,10,2803,2,7200,1.00356760614
432311,432320,435133,9,2813,2,7200,1.00319943121
432414,432423,435374,9,2951,2,7200,1.00304981362
432530,432540,435513,10,2973,2,7200,1.00336360579
432644,432653,435718,9,3065,2,7200,1.00293637847
432984,432992,435727,8,2735,2,7200,1.0029250457
433202,433212,436027,10,2815,2,7200,1.00355239787
433257,433266,436154,9,2888,2,7200,1.00311634349
433266,433273,436179,7,2906,2,7200,1.00240880936
433329,433338,436494,9,3156,2,7200,1.00285171103
433702,433710,436645,8,2935,2,7200,1.00272572402
433717,433724,436740,7,3016,2,7200,1.00232095491
433811,433822,436836,11,3014,2,7200,1.00364963504
433818,433828,436493,10,2665,2,7200,1.00375234522
433830,433840,436803,10,2963,2,7200,1.00337495781
433845,433855,436976,10,3121,2,7200,1.00320410125
433879,433887,436935,8,3048,2,7200,1.00262467192
433888,433896,436931,8,3035,2,7200,1.00263591433
433900,433909,436860,9,2951,2,7200,1.00304981362
433921,433931,437113,10,3182,2,7200,1.00314267756
433936,433944,436994,8,3050,2,7200,1.00262295082
433951,433957,437357,6,3400,2,7200,1.00176470588
433967,433977,437096,10,3119,2,7200,1.00320615582
433982,433988,437153,6,3165,2,7200,1.0018957346
434055,434063,436722,8,2659,2,7200,1.00300864987
434064,434074,437009,10,2935,2,7200,1.00340715503
434143,434153,437113,10,2960,2,7200,1.00337837838
434192,434200,437306,8,3106,2,7200,1.00257566001
434438,434447,437390,9,2943,2,7200,1.00305810398
434462,434471,437392,9,2921,2,7200,1.0030811366
434496,434505,437553,9,3048,2,7200,1.00295275591
434602,434612,437668,10,3056,2,7200,1.00327225131
434657,434667,437548,10,2881,2,7200,1.00347101701
434659,434672,437502,13,2830,2,7200,1.00459363958
434692,434701,438190,9,3489,2,7200,1.00257953568
434700,434709,437430,9,2721,2,7200,1.0033076075
434747,434757,437998,10,3241,2,7200,1.00308546745
434847,434855,438037,8,3182,2,7200,1.00251414205
434883,434891,437723,8,2832,2,7200,1.00282485876
434914,434924,438293,10,3369,2,7200,1.00296823983
435025,435035,438027,10,2992,2,7200,1.00334224599
435135,435144,438340,9,3196,2,7200,1.00281602003
435377,435385,438393,8,3008,2,7200,1.00265957447
435517,435524,438515,7,2991,2,7200,1.0023403544
435719,435729,438826,10,3097,2,7200,1.00322893122
435734,435740,438824,6,3084,2,7200,1.00194552529
436028,436038,438979,10,2941,2,7200,1.00340020401
436156,436165,439372,9,3207,2,7200,1.00280636109
436182,436190,439024,8,2834,2,7200,1.00282286521
436494,436504,439159,10,2655,2,7200,1.00376647834
436496,436510,439194,14,2684,2,7200,1.00521609538
436647,436656,439608,9,2952,2,7200,1.00304878049
436723,436733,439729,10,2996,2,7200,1.00333778371
436744,436752,439661,8,2909,2,7200,1.00275008594
436805,436814,439591,9,2777,2,7200,1.00324090745
436838,436848,439846,10,2998,2,7200,1.00333555704
436863,436871,440078,8,3207,2,7200,1.00249454319
436932,436942,439981,10,3039,2,7200,1.0032905561
436936,436948,439731,12,2783,2,7200,1.00431189364
436978,436987,440083,9,3096,2,7200,1.00290697674
436997,437005,439912,8,2907,2,7200,1.00275197798
437012,437020,440059,8,3039,2,7200,1.00263244488
437097,437107,439905,10,2798,2,7200,1.00357398142
437115,437124,439911,9,2787,2,7200,1.00322927879
437115,437129,440109,14,2980,2,7200,1.00469798658
437155,437165,440475,10,3310,2,7200,1.00302114804
437307,437317,440178,10,2861,2,7200,1.00349528137
437359,437369,440690,10,3321,2,7200,1.00301114122
437392,437407,440371,15,2964,2,7200,1.00506072874
437392,437401,440422,9,3021,2,7200,1.00297914598
437432,437441,440455,9,3014,2,7200,1.00298606503
437502,437513,440634,11,3121,2,7200,1.00352451137
437552,437559,440394,7,2835,2,7200,1.0024691358
437553,437565,440530,12,2965,2,7200,1.00404721754
437672,437679,440765,7,3086,2,7200,1.00226830849
437724,437735,440784,11,3049,2,7200,1.00360774024
437999,438009,440912,10,2903,2,7200,1.00344471237
438028,438038,440917,10,2879,2,7200,1.00347342827
438039,438048,441122,9,3074,2,7200,1.00292778139
438193,438201,441153,8,2952,2,7200,1.0027100271
438293,438304,441441,11,3137,2,7200,1.00350653491
438343,438351,441423,8,3072,2,7200,1.00260416667
438394,438404,441444,10,3040,2,7200,1.00328947368
438519,438527,441497,8,2970,2,7200,1.00269360269
438826,438843,441708,17,2865,2,7200,1.00593368237
438828,438836,441565,8,2729,2,7200,1.00293147673
438982,438991,441628,9,2637,2,7200,1.00341296928
439025,439035,442090,10,3055,2,7200,1.00327332242
439161,439170,442063,9,2893,2,7200,1.00311095748
439194,439205,442240,11,3035,2,7200,1.00362438221
439374,439384,442301,10,2917,2,7200,1.00342817964
439593,439603,442714,10,3111,2,7200,1.00321440051
439611,439619,442506,8,2887,2,7200,1.0027710426
439663,439672,442722,9,3050,2,7200,1.00295081967
439733,439748,442792,15,3044,2,7200,1.00492772668
439733,439741,442786,8,3045,2,7200,1.0026272578
439848,439858,442960,10,3102,2,7200,1.00322372663
439906,439916,442516,10,2600,2,7200,1.00384615385
439915,439922,442948,7,3026,2,7200,1.00231328486
439921,439928,442565,7,2637,2,7200,1.00265453166
439982,439992,442882,10,2890,2,7200,1.00346020761
440061,440071,442707,10,2636,2,7200,1.00379362671
440079,440089,442807,10,2718,2,7200,1.00367917586
440094,440100,443008,6,2908,2,7200,1.00206327373
440110,440120,443167,10,3047,2,7200,1.00328191664
440179,440190,442953,11,2763,2,7200,1.00398117988
440374,440382,443323,8,2941,2,7200,1.00272016321
440396,440405,443438,9,3033,2,7200,1.00296735905
440423,440433,443242,10,2809,2,7200,1.00355998576
440456,440467,443406,11,2939,2,7200,1.00374276965
440477,440486,443198,9,2712,2,7200,1.00331858407
440533,440541,443518,8,2977,2,7200,1.00268726906
440636,440645,443830,9,3185,2,7200,1.00282574568
440694,440702,443782,8,3080,2,7200,1.0025974026
440766,440776,443723,10,2947,2,7200,1.0033932813
440785,440795,444047,10,3252,2,7200,1.00307503075
440913,440923,444045,10,3122,2,7200,1.00320307495
440919,440929,444027,10,3098,2,7200,1.00322788896
441125,441133,444192,8,3059,2,7200,1.00261523374
441156,441165,443952,9,2787,2,7200,1.00322927879
441424,441434,444533,10,3099,2,7200,1.00322684737
441445,441459,444553,14,3094,2,7200,1.00452488688
441445,441453,444494,8,3041,2,7200,1.00263071358
441500,441508,444574,8,3066,2,7200,1.00260926288
441567,441576,444415,9,2839,2,7200,1.00317013033
441630,441640,444536,10,2896,2,7200,1.00345303867
441709,441719,444835,10,3116,2,7200,1.00320924262
442067,442074,445253,7,3179,2,7200,1.0022019503
442092,442101,444976,9,2875,2,7200,1.00313043478
442243,442251,445059,8,2808,2,7200,1.00284900285
442304,442312,445298,8,2986,2,7200,1.00267916946
442508,442518,445674,10,3156,2,7200,1.00316856781
442517,442527,445228,10,2701,2,7200,1.00370233247
442566,442576,445403,10,2827,2,7200,1.00353731871
442694,442700,442703,6,3,1,72000,1.0
442708,442718,446075,10,3357,2,7200,1.00297885016
442718,442725,445751,7,3026,2,7200,1.00231328486
442732,442739,445809,7,3070,2,7200,1.00228013029
442787,442797,445921,10,3124,2,7200,1.00320102433
442793,442803,445619,10,2816,2,7200,1.00355113636
442808,442818,445684,10,2866,2,7200,1.00348918353
442819,442826,442827,7,1,1,72000,1.0
442885,442893,445991,8,3098,2,7200,1.00258231117
442948,442959,446239,11,3280,2,7200,1.00335365854
442954,442965,445954,11,2989,2,7200,1.00368016059
442963,442971,446031,8,3060,2,7200,1.00261437908
443009,443019,446058,10,3039,2,7200,1.0032905561
443045,443052,453399,7,10347,1,72000,1.0006765246
443170,443180,446298,10,3118,2,7200,1.00320718409
443200,443209,446118,9,2909,2,7200,1.00309384668
443236,443253,446160,17,2907,2,7200,1.00584795322
443325,443334,446057,9,2723,2,7200,1.00330517811
443386,443392,453807,6,10415,1,72000,1.00057609217
443386,443398,453863,12,10465,1,72000,1.00114667941
443387,443415,453788,28,10373,1,72000,1.00269931553
443387,443409,453726,22,10317,1,72000,1.00213240283
443387,443403,453790,16,10387,1,72000,1.00154038702
443388,443420,453766,32,10346,1,72000,1.0030929828
443388,443431,453747,43,10316,1,72000,1.00416828228
443388,443425,453725,37,10300,1,72000,1.00359223301
443388,443436,453787,48,10351,1,72000,1.00463723312
443409,443442,446392,33,2950,2,7200,1.01118644068
443441,443449,446395,8,2946,2,7200,1.0027155465
443519,443529,446775,10,3246,2,7200,1.00308071473
443726,443734,446778,8,3044,2,7200,1.00262812089
443784,443793,446773,9,2980,2,7200,1.00302013423
443832,443841,446780,9,2939,2,7200,1.00306226608
443953,443964,447035,11,3071,2,7200,1.00358189515
444030,444038,447238,8,3200,2,7200,1.0025
444047,444063,447186,16,3123,2,7200,1.0051232789
444048,444056,446988,8,2932,2,7200,1.00272851296
444193,444203,447293,10,3090,2,7200,1.00323624595
444418,444427,447249,9,2822,2,7200,1.0031892275
444497,444505,447251,8,2746,2,7200,1.00291332848
444533,444544,447447,11,2903,2,7200,1.0037891836
444548,444554,447676,6,3122,2,7200,1.00192184497
444554,444565,447595,11,3030,2,7200,1.00363036304
444576,444585,447422,9,2837,2,7200,1.00317236517
444836,444846,447690,10,2844,2,7200,1.0035161744
444979,444987,448162,8,3175,2,7200,1.00251968504
445061,445070,448073,9,3003,2,7200,1.002997003
445230,445239,448118,9,2879,2,7200,1.00312608545
445254,445264,448554,10,3290,2,7200,1.00303951368
445301,445309,448320,8,3011,2,7200,1.00265692461
445406,445414,448415,8,3001,2,7200,1.00266577807
445587,445598,445599,11,1,1,72000,1.2
445587,445603,445612,16,9,1,72000,2.5
445620,445630,448979,10,3349,2,7200,1.00298596596
445677,445685,448696,8,3011,2,7200,1.00265692461
445684,445695,448824,11,3129,2,7200,1.00351550016
445753,445762,448924,9,3162,2,7200,1.00284629981
445811,445821,448918,10,3097,2,7200,1.00322893122
445925,445932,449019,7,3087,2,7200,1.0022675737
445955,445965,448938,10,2973,2,7200,1.00336360579
445995,446002,449379,7,3377,2,7200,1.00207284572
446034,446042,449060,8,3018,2,7200,1.00265076209
446059,446069,448899,10,2830,2,7200,1.0035335689
446059,446074,448992,15,2918,2,7200,1.0051405072
446077,446086,449301,9,3215,2,7200,1.00279937792
446120,446129,449299,9,3170,2,7200,1.00283911672
446162,446171,449189,9,3018,2,7200,1.00298210736
446242,446251,449436,9,3185,2,7200,1.00282574568
446299,446310,449289,11,2979,2,7200,1.00369251427
446394,446403,449360,9,2957,2,7200,1.0030436253
446397,446409,449579,12,3170,2,7200,1.00378548896
446775,446784,449879,9,3095,2,7200,1.00290791599
446776,446790,449699,14,2909,2,7200,1.0048126504
446792,446798,449494,6,2696,2,7200,1.00222551929
446794,446804,449848,10,3044,2,7200,1.00328515112
446943,446949,449357,6,2408,1,72000,1.00249169435
446957,446963,463412,6,16449,1,72000,1.00036476382
446965,446971,448572,6,1601,1,72000,1.00374765771
446973,446979,453755,6,6776,1,72000,1.00088547816
446981,446987,451548,6,4561,1,72000,1.00131550099
446989,446995,447167,6,172,1,72000,1.03488372093
446991,447001,449707,10,2706,2,7200,1.0036954915
447037,447046,449943,9,2897,2,7200,1.00310666206
447188,447194,455945,6,8751,1,72000,1.00068563593
447188,447200,450374,12,3174,2,7200,1.00378071834
447240,447249,450153,9,2904,2,7200,1.00309917355
447255,447261,450290,6,3029,2,7200,1.00198085177
447257,447267,450141,10,2874,2,7200,1.00347947112
447295,447304,450465,9,3161,2,7200,1.00284720025
447426,447433,450573,7,3140,2,7200,1.00222929936
447448,447458,450428,10,2970,2,7200,1.00336700337
447595,447606,450641,11,3035,2,7200,1.00362438221
447678,447687,450564,9,2877,2,7200,1.0031282586
447693,447701,450607,8,2906,2,7200,1.00275292498
448076,448084,450862,8,2778,2,7200,1.00287976962
448118,448129,450907,11,2778,2,7200,1.00395968323
448164,448174,450843,10,2669,2,7200,1.00374672162
448322,448332,451061,10,2729,2,7200,1.00366434591
448419,448426,451717,7,3291,2,7200,1.00212701307
448558,448566,451497,8,2931,2,7200,1.00272944388
448698,448707,451996,9,3289,2,7200,1.00273639404
448825,448835,451874,10,3039,2,7200,1.0032905561
448902,448910,451992,8,3082,2,7200,1.00259571707
448920,448930,451724,10,2794,2,7200,1.00357909807
448935,448941,451998,6,3057,2,7200,1.00196270854
448942,448949,451736,7,2787,2,7200,1.00251166128
448981,448990,452138,9,3148,2,7200,1.00285895807
448996,449003,452049,7,3046,2,7200,1.00229809586
449021,449030,452085,9,3055,2,7200,1.00294599018
449030,449036,452636,6,3600,1,72000,1.00166666667
449039,449045,464409,6,15364,1,72000,1.0003905233
449045,449052,450264,7,1212,1,72000,1.00577557756
449054,449060,452694,6,3634,1,72000,1.0016510732
449063,449075,451994,12,2919,2,7200,1.00411099692
449063,449069,450815,6,1746,1,72000,1.00343642612
449071,449081,453563,10,4482,1,72000,1.00223114681
449190,449200,452123,10,2923,2,7200,1.00342114266
449291,449300,452205,9,2905,2,7200,1.00309810671
449301,449310,452089,9,2779,2,7200,1.00323857503
449316,449322,452368,6,3046,2,7200,1.00196979645
449361,449371,452507,10,3136,2,7200,1.00318877551
449380,449390,452262,10,2872,2,7200,1.00348189415
449438,449448,452721,10,3273,2,7200,1.00305530095
449495,449505,452414,10,2909,2,7200,1.00343760743
449580,449590,452711,10,3121,2,7200,1.00320410125
449702,449710,452573,8,2863,2,7200,1.00279427174
449708,449718,452769,10,3051,2,7200,1.0032776139
449851,449859,452700,8,2841,2,7200,1.00281590989
449882,449891,452983,9,3092,2,7200,1.00291073739
449945,449954,452948,9,2994,2,7200,1.00300601202
450143,450152,453510,9,3358,2,7200,1.00268016677
450158,450164,453450,6,3286,2,7200,1.00182592818
450291,450301,453295,10,2994,2,7200,1.00334001336
450376,450385,453348,9,2963,2,7200,1.00303746203
450430,450440,453371,10,2931,2,7200,1.00341180484
450467,450477,453685,10,3208,2,7200,1.00311720698
450568,450576,453497,8,2921,2,7200,1.00273878809
450574,450584,453710,10,3126,2,7200,1.00319897633
450610,450618,453797,8,3179,2,7200,1.00251651463
450644,450652,453792,8,3140,2,7200,1.0025477707
450844,450855,453738,11,2883,2,7200,1.00381547
450862,450873,453963,11,3090,2,7200,1.00355987055
450908,450919,454190,11,3271,2,7200,1.00336288597
451064,451072,453951,8,2879,2,7200,1.00277874262
451498,451508,454547,10,3039,2,7200,1.0032905561
451719,451728,454695,9,2967,2,7200,1.00303336704
451725,451735,454678,10,2943,2,7200,1.00339789331
451737,451748,454704,11,2956,2,7200,1.00372124493
451877,451885,455217,8,3332,2,7200,1.00240096038
451996,452003,455005,7,3002,2,7200,1.00233177881
451998,452010,454909,12,2899,2,7200,1.0041393584
452013,452020,454832,7,2812,2,7200,1.00248933144
452015,452026,455109,11,3083,2,7200,1.00356795329
452051,452060,454846,9,2786,2,7200,1.0032304379
452088,452096,455309,8,3213,2,7200,1.00248988484
452090,452102,455249,12,3147,2,7200,1.00381315539
452126,452135,454972,9,2837,2,7200,1.00317236517
452141,452149,454906,8,2757,2,7200,1.00290170475
452207,452217,455284,10,3067,2,7200,1.00326051516
452265,452274,455333,9,3059,2,7200,1.00294213795
452369,452379,455150,10,2771,2,7200,1.00360880549
452417,452425,455447,8,3022,2,7200,1.00264725347
452509,452518,455531,9,3013,2,7200,1.00298705609
452575,452584,455472,9,2888,2,7200,1.00311634349
452702,452711,455752,9,3041,2,7200,1.00295955278
452718,452724,455714,6,2990,2,7200,1.00200668896
452733,452739,455550,6,2811,2,7200,1.00213447172
452770,452780,455611,10,2831,2,7200,1.00353232073
452951,452959,455917,8,2958,2,7200,1.00270453009
452984,452994,456135,10,3141,2,7200,1.00318369946
453298,453306,456327,8,3021,2,7200,1.00264812976
453351,453360,456321,9,2961,2,7200,1.00303951368
453374,453382,456229,8,2847,2,7200,1.00280997541
453452,453461,456391,9,2930,2,7200,1.00307167235
453498,453508,456367,10,2859,2,7200,1.00349772648
453513,453521,456620,8,3099,2,7200,1.0025814779
453686,453696,456586,10,2890,2,7200,1.00346020761
453713,453722,456627,9,2905,2,7200,1.00309810671
453740,453749,456687,9,2938,2,7200,1.00306330837
453795,453803,456836,8,3033,2,7200,1.00263765249
453798,453809,456624,11,2815,2,7200,1.00390763766
453954,453962,456890,8,2928,2,7200,1.00273224044
453966,453974,456669,8,2695,2,7200,1.00296846011
454191,454201,457019,10,2818,2,7200,1.00354861604
454550,454558,457594,8,3036,2,7200,1.00263504611
454681,454689,457598,8,2909,2,7200,1.00275008594
454696,454706,457586,10,2880,2,7200,1.00347222222
454711,454717,457735,6,3018,2,7200,1.00198807157
454833,454843,457902,10,3059,2,7200,1.00326904217
454848,454858,457656,10,2798,2,7200,1.00357398142
454909,454917,457716,8,2799,2,7200,1.00285816363
454912,454923,457759,11,2836,2,7200,1.0038787024
454973,454983,458030,10,3047,2,7200,1.00328191664
455006,455016,457866,10,2850,2,7200,1.00350877193
455112,455120,458037,8,2917,2,7200,1.00274254371
455152,455161,457925,9,2764,2,7200,1.00325615051
455219,455228,458188,9,2960,2,7200,1.00304054054
455252,455260,458286,8,3026,2,7200,1.00264375413
455286,455296,458212,10,2916,2,7200,1.00342935528
455310,455320,458231,10,2911,2,7200,1.00343524562
455335,455344,458424,9,3080,2,7200,1.00292207792
455450,455458,458461,8,3003,2,7200,1.00266400266
455474,455483,458747,9,3264,2,7200,1.00275735294
455533,455542,458534,9,2992,2,7200,1.00300802139
455550,455561,458434,11,2873,2,7200,1.00382875044
455612,455623,458698,11,3075,2,7200,1.00357723577
455718,455725,458780,7,3055,2,7200,1.0022913257
455754,455764,458797,10,3033,2,7200,1.00329706561
455921,455929,458868,8,2939,2,7200,1.00272201429
456136,456146,459371,10,3225,2,7200,1.00310077519
456231,456241,458837,10,2596,2,7200,1.00385208012
456324,456332,459244,8,2912,2,7200,1.00274725275
456328,456338,459495,10,3157,2,7200,1.00316756414
456368,456378,459374,10,2996,2,7200,1.00333778371
456392,456402,459617,10,3215,2,7200,1.00311041991
456589,456597,459715,8,3118,2,7200,1.00256574727
456622,456631,459555,9,2924,2,7200,1.00307797538
456628,456637,459722,9,3085,2,7200,1.00291734198
456637,456643,459685,6,3042,2,7200,1.00197238659
456671,456681,459728,10,3047,2,7200,1.00328191664
456689,456698,459542,9,2844,2,7200,1.00316455696
456838,456847,459755,9,2908,2,7200,1.00309491059
456892,456902,459898,10,2996,2,7200,1.00333778371
457020,457030,459980,10,2950,2,7200,1.00338983051
457590,457597,460207,7,2610,2,7200,1.00268199234
457599,457605,460598,6,2993,2,7200,1.00200467758
457605,457611,460700,6,3089,2,7200,1.00194237617
457659,457667,460436,8,2769,2,7200,1.00288912965
457714,457720,459261,6,1541,4,10800,1.0038935756
457717,457727,460377,10,2650,2,7200,1.00377358491
457735,457741,463113,6,5372,4,10800,1.00111690246
457738,457747,460863,9,3116,2,7200,1.00288831836
457755,457762,468579,7,10817,4,10800,1.00064712952
457760,457770,460769,10,2999,2,7200,1.00333444481
457869,457877,460881,8,3004,2,7200,1.00266311585
457905,457913,460772,8,2859,2,7200,1.00279818118
457927,457937,461349,10,3412,2,7200,1.00293083236
458033,458041,460785,8,2744,2,7200,1.0029154519
458039,458048,461038,9,2990,2,7200,1.00301003344
458191,458199,460866,8,2667,2,7200,1.00299962505
458215,458223,461368,8,3145,2,7200,1.00254372019
458233,458242,461201,9,2959,2,7200,1.0030415681
458288,458297,461381,9,3084,2,7200,1.00291828794
458428,458435,461416,7,2981,2,7200,1.0023482053
458443,458449,461533,6,3084,2,7200,1.00194552529
458464,458472,461565,8,3093,2,7200,1.00258648561
458538,458546,461783,8,3237,2,7200,1.00247142416
458698,458709,461807,11,3098,2,7200,1.00355067786
458750,458758,461995,8,3237,2,7200,1.00247142416
458783,458791,461517,8,2726,2,7200,1.00293470286
458798,458808,462062,10,3254,2,7200,1.00307314075
458839,458848,462170,9,3322,2,7200,1.00270921132
458871,458879,461833,8,2954,2,7200,1.00270819228
458877,458885,502098,8,43213,12,43200,1.00018512947
459247,459255,461913,8,2658,2,7200,1.00300978179
459375,459383,462439,8,3056,2,7200,1.00261780105
459375,459389,462229,14,2840,2,7200,1.00492957746
459493,459506,462301,13,2795,2,7200,1.00465116279
459545,459553,462289,8,2736,2,7200,1.00292397661
459560,459567,462662,7,3095,2,7200,1.00226171244
459618,459628,462512,10,2884,2,7200,1.00346740638
459688,459696,462712,8,3016,2,7200,1.00265251989
459716,459726,462628,10,2902,2,7200,1.00344589938
459731,459738,462476,7,2738,2,7200,1.00255661066
459731,459744,462693,13,2949,2,7200,1.00440827399
459756,459766,462690,10,2924,2,7200,1.00341997264
459902,459910,463160,8,3250,2,7200,1.00246153846
459981,459991,462958,10,2967,2,7200,1.00337040782
460209,460218,462923,9,2705,2,7200,1.0033271719
460379,460388,463178,9,2790,2,7200,1.00322580645
460436,460447,463465,11,3018,2,7200,1.00364479788
460601,460609,463489,8,2880,2,7200,1.00277777778
460704,460712,463611,8,2899,2,7200,1.00275957227
460771,460780,463728,9,2948,2,7200,1.00305291723
460786,460792,463745,6,2953,2,7200,1.00203183204
460789,460798,463921,9,3123,2,7200,1.00288184438
460865,460874,463619,9,2745,2,7200,1.00327868852
460880,460887,463820,7,2933,2,7200,1.00238663484
460884,460893,463803,9,2910,2,7200,1.00309278351
461042,461049,464410,7,3361,2,7200,1.00208271348
461202,461212,464234,10,3022,2,7200,1.00330906684
461350,461361,464302,11,2941,2,7200,1.00374022441
461372,461380,464725,8,3345,2,7200,1.0023916293
461384,461392,464315,8,2923,2,7200,1.00273691413
461418,461427,464385,9,2958,2,7200,1.00304259635
461518,461528,464676,10,3148,2,7200,1.00317662008
461536,461545,464402,9,2857,2,7200,1.00315015751
461566,461576,464658,10,3082,2,7200,1.00324464633
461785,461794,464774,9,2980,2,7200,1.00302013423
461809,461819,464467,10,2648,2,7200,1.00377643505
461837,461845,464764,8,2919,2,7200,1.00274066461
461915,461924,464849,9,2925,2,7200,1.00307692308
461998,462006,465263,8,3257,2,7200,1.00245624808
462064,462074,464997,10,2923,2,7200,1.00342114266
462171,462181,465274,10,3093,2,7200,1.00323310702
462232,462241,465177,9,2936,2,7200,1.0030653951
462293,462300,465120,7,2820,2,7200,1.0024822695
462308,462314,465238,6,2924,2,7200,1.00205198358
462441,462450,465727,9,3277,2,7200,1.0027464144
462477,462487,465513,10,3026,2,7200,1.00330469266
462514,462523,465433,9,2910,2,7200,1.00309278351
462630,462639,465594,9,2955,2,7200,1.00304568528
462663,462673,465779,10,3106,2,7200,1.00321957502
462692,462701,465435,9,2734,2,7200,1.00329188003
462707,462713,465792,6,3079,2,7200,1.00194868464
462716,462723,466002,7,3279,2,7200,1.00213479719
462892,462898,469287,6,6389,1,86400,1.0009391141
462921,462927,463017,6,90,4,600,1.06666666667
462921,462938,463025,17,87,4,600,1.19540229885
462921,462933,463022,12,89,4,600,1.13483146067
462922,462950,463021,28,71,4,600,1.39436619718
462922,462955,463022,33,67,4,600,1.49253731343
462923,462971,463069,48,98,4,600,1.48979591837
462923,462977,463068,54,91,4,600,1.59340659341
462923,462966,463071,43,105,4,600,1.40952380952
462923,462960,463038,37,78,4,600,1.47435897436
462925,462944,465685,19,2741,2,7200,1.00693177672
462961,462983,465941,22,2958,2,7200,1.00743745774
462963,462989,462996,26,7,1,86400,3.3
463128,463134,466418,6,3284,1,86400,1.00182704019
463161,463171,466324,10,3153,2,7200,1.00317158262
463180,463189,466094,9,2905,2,7200,1.00309810671
463323,463329,469003,6,5674,8,54000,1.00105745506
463334,463342,472273,8,8931,1,86400,1.00089575635
463341,463348,463447,7,99,4,1500,1.07070707071
463456,463462,469000,6,5538,16,8700,1.00108342362
463468,463476,466434,8,2958,2,7200,1.00270453009
463493,463501,466471,8,2970,2,7200,1.00269360269
463501,463507,469999,6,6492,2,21600,1.00092421442
463614,463623,466360,9,2737,2,7200,1.00328827183
463629,463635,466387,6,2752,2,7200,1.00218023256
463721,463727,481083,6,17356,2,21600,1.00034570177
463730,463739,466545,9,2806,2,7200,1.00320741269
463748,463757,466721,9,2964,2,7200,1.00303643725
463805,463814,466943,9,3129,2,7200,1.00287631831
463821,463831,466774,10,2943,2,7200,1.00339789331
463924,463932,466617,8,2685,2,7200,1.00297951583
464237,464245,467226,8,2981,2,7200,1.0026836632
464304,464313,467261,9,2948,2,7200,1.00305291723
464319,464327,467451,8,3124,2,7200,1.00256081946
464386,464396,467243,10,2847,2,7200,1.00351246927
464405,464413,467462,8,3049,2,7200,1.00262381109
464420,464426,467528,6,3102,2,7200,1.00193423598
464469,464478,467516,9,3038,2,7200,1.00296247531
464659,464669,467745,10,3076,2,7200,1.00325097529
464677,464687,467791,10,3104,2,7200,1.00322164948
464726,464736,467664,10,2928,2,7200,1.00341530055
464765,464776,467804,11,3028,2,7200,1.0036327609
464776,464785,467865,9,3080,2,7200,1.00292207792
464850,464860,467769,10,2909,2,7200,1.00343760743
464999,465009,468197,10,3188,2,7200,1.00313676286
465122,465132,467848,10,2716,2,7200,1.00368188513
465180,465188,468221,8,3033,2,7200,1.00263765249
465241,465249,468207,8,2958,2,7200,1.00270453009
465266,465274,468266,8,2992,2,7200,1.00267379679
465274,465285,468384,11,3099,2,7200,1.00354953211
465435,465445,468392,10,2947,2,7200,1.0033932813
465439,465451,468200,12,2749,2,7200,1.00436522372
465511,465524,468337,13,2813,2,7200,1.00462140064
465597,465607,468865,10,3258,2,7200,1.00306936771
465688,465697,468695,9,2998,2,7200,1.00300200133
465728,465738,468499,10,2761,2,7200,1.00362187613
465783,465790,468464,7,2674,2,7200,1.00261780105
465795,465803,468799,8,2996,2,7200,1.00267022697
465944,465953,468721,9,2768,2,7200,1.00325144509
466005,466013,468942,8,2929,2,7200,1.00273130761
466096,466105,468892,9,2787,2,7200,1.00322927879
466328,466337,469303,9,2966,2,7200,1.00303438975
466361,466375,469122,14,2747,2,7200,1.00509646888
466389,466398,469161,9,2763,2,7200,1.00325732899
466438,466445,469358,7,2913,2,7200,1.00240302094
466474,466482,469607,8,3125,2,7200,1.00256
466528,466535,466581,7,46,32,1800,1.15217391304
466547,466556,469406,9,2850,2,7200,1.00315789474
466620,466629,469717,9,3088,2,7200,1.00291450777
466721,466727,466778,6,51,16,1800,1.11764705882
466723,466733,469793,10,3060,2,7200,1.00326797386
466742,469014,469043,2272,29,64,1800,79.3448275862
466775,466785,469682,10,2897,2,7200,1.00345184674
466785,586463,586496,119678,33,128,1800,3627.60606061
466807,466813,466880,6,67,8,1800,1.08955223881
466946,466993,470040,47,3047,2,7200,1.0154250082
467229,467237,470051,8,2814,2,7200,1.00284292822
467244,467254,470162,10,2908,2,7200,1.00343878955
467263,467272,470276,9,3004,2,7200,1.00299600533
467454,467462,470347,8,2885,2,7200,1.0027729636
467463,467473,470381,10,2908,2,7200,1.00343878955
467518,467529,470605,11,3076,2,7200,1.00357607282
467520,467555,472936,35,5381,2,43200,1.00650436722
467530,467562,470446,32,2884,2,7200,1.01109570042
467567,469059,472040,1492,2981,4,324000,1.50050318685
467664,467675,470852,11,3177,2,7200,1.0034623859
467746,467757,470891,11,3134,2,7200,1.00350989151
467770,467781,470796,11,3015,2,7200,1.00364842454
467791,467802,470865,11,3063,2,7200,1.00359125041
467806,467815,470877,9,3062,2,7200,1.00293925539
467850,467859,470989,9,3130,2,7200,1.00287539936
467868,467876,470765,8,2889,2,7200,1.00276912426
467872,467884,468114,12,230,2,28800,1.05217391304
468201,468209,471126,8,2917,2,7200,1.00274254371
468202,468216,471447,14,3231,2,7200,1.00433302383
468209,468245,470971,36,2726,2,7200,1.01320616288
468224,468240,471155,16,2915,2,7200,1.00548885077
468269,468277,471320,8,3043,2,7200,1.00262898455
468340,468348,471008,8,2660,2,7200,1.0030075188
468385,468395,471097,10,2702,2,7200,1.00370096225
468401,468407,471167,6,2760,2,7200,1.00217391304
468464,468475,471305,11,2830,2,7200,1.0038869258
468491,468498,469123,7,625,2,28800,1.0112
468501,468510,471479,9,2969,2,7200,1.00303132368
468640,469054,473551,414,4497,6,10800,1.09206137425
468695,468712,471386,17,2674,2,7200,1.00635751683
468723,468732,471553,9,2821,2,7200,1.00319035803
468799,468813,471727,14,2914,2,7200,1.00480439259
468867,468877,471773,10,2896,2,7200,1.00345303867
468894,468904,471757,10,2853,2,7200,1.00350508237
468943,469027,469043,84,16,1,3600,6.25
468943,469065,469082,122,17,1,3600,8.17647058824
468943,468955,471828,12,2873,2,7200,1.00417681866
468943,469070,469220,127,150,1,3600,1.84666666667
468943,468949,469016,6,67,1,3600,1.08955223881
468943,469075,469221,132,146,1,3600,1.90410958904
468944,469092,469110,148,18,1,3600,9.22222222222
468944,469081,469221,137,140,1,3600,1.97857142857
468944,469086,469220,142,134,1,3600,2.05970149254
468945,469108,469124,163,16,1,3600,11.1875
468945,469102,469605,157,503,1,3600,1.31212723658
468945,469097,469116,152,19,1,3600,9.0
468987,469113,541124,126,72011,1,72000,1.00174973268
469009,469118,541131,109,72013,1,72000,1.0015136156
469125,469133,472188,8,3055,2,7200,1.00261865794
469165,469173,472391,8,3218,2,7200,1.00248601616
469305,469315,472236,10,2921,2,7200,1.00342348511
469360,469385,472208,25,2823,2,7200,1.00885582713
469409,469418,472650,9,3232,2,7200,1.00278465347
469529,469551,469570,22,19,1,3600,2.15789473684
469529,469535,469709,6,174,1,3600,1.03448275862
469529,469540,469556,11,16,1,3600,1.6875
469529,469545,469567,16,22,1,3600,1.72727272727
469530,469557,469578,27,21,1,3600,2.28571428571
469530,469567,469585,37,18,1,3600,3.05555555556
469530,469573,469592,43,19,1,3600,3.26315789474
469530,469562,469601,32,39,1,3600,1.82051282051
469531,469589,469605,58,16,1,3600,4.625
469531,469583,469794,52,211,1,3600,1.24644549763
469531,469578,469598,47,20,1,3600,3.35
469610,469618,472741,8,3123,2,7200,1.00256163945
469686,469694,472694,8,3000,2,7200,1.00266666667
469719,469728,472800,9,3072,2,7200,1.0029296875
469727,469734,469751,7,17,1,3600,1.41176470588
469728,469745,469749,17,4,1,3600,2.1
469728,469750,469755,22,5,1,3600,2.7
469728,469740,469745,12,5,1,3600,1.7
469728,469756,469761,28,5,1,3600,3.3
469728,469761,469767,33,6,1,3600,3.9
469729,469778,469783,49,5,1,3600,5.4
469729,469773,469778,44,5,1,3600,4.9
469729,469766,469772,37,6,1,3600,4.3
469730,469788,469789,58,1,1,3600,5.9
469730,469783,469791,53,8,1,3600,6.1
469795,469804,472785,9,2981,2,7200,1.0030191211
469801,469810,469827,9,17,1,3600,1.52941176471
469814,469821,469827,7,6,1,3600,1.3
469844,469850,469856,6,6,1,3600,1.2
469853,469859,469864,6,5,1,3600,1.1
469918,469929,469937,11,8,4,3600,1.9
469919,469946,470044,27,98,4,3600,1.27551020408
469919,469940,469953,21,13,4,3600,2.61538461538
469919,469935,469943,16,8,4,3600,2.4
469919,469951,470035,32,84,4,3600,1.38095238095
469920,469972,469990,52,18,4,3600,3.88888888889
469920,469967,469986,47,19,4,3600,3.47368421053
469920,469956,469967,36,11,4,3600,4.27272727273
469920,469962,470017,42,55,4,3600,1.76363636364
469921,469978,469986,57,8,4,3600,6.5
469921,469983,469991,62,8,4,3600,7.0
469998,470045,471941,47,1896,1,86400,1.02478902954
470042,470051,472936,9,2885,2,7200,1.00311958406
470057,470068,473081,11,3013,2,7200,1.00365084633
470059,470079,470318,20,239,4,3600,1.08368200837
470059,470074,470269,15,195,4,3600,1.07692307692
470059,470090,471036,31,946,4,3600,1.03276955603
470059,470084,470754,25,670,4,3600,1.03731343284
470060,470095,471737,35,1642,4,3600,1.02131546894
470060,470101,471737,41,1636,4,3600,1.02506112469
470060,470106,471499,46,1393,4,3600,1.03302225413
470061,470122,470826,61,704,4,3600,1.08664772727
470061,470117,470950,56,833,4,3600,1.06722689076
470061,470128,470151,67,23,4,3600,3.91304347826
470061,470111,471737,50,1626,4,3600,1.0307503075
470125,470150,511571,25,41421,6,259200,1.00060355858
470136,470167,506174,31,36007,1,36000,1.00086094371
470142,470162,470741,20,579,1,14400,1.03454231434
470163,470174,472945,11,2771,2,7200,1.00396968603
470183,475778,520536,5595,44758,6,259200,1.12500558559
470240,511584,555625,41344,44041,6,259200,1.9387616085
470273,470279,556682,6,86403,1,86400,1.00006944203
470279,470287,473198,8,2911,2,7200,1.0027481965
470293,520553,558206,50260,37653,6,259200,2.33482059862
470332,470338,475627,6,5289,2,43200,1.00113442995
470349,470359,473422,10,3063,2,7200,1.0032647731
470363,549667,550633,79304,966,6,259200,83.0952380952
470382,470392,473349,10,2957,2,7200,1.00338180588
470413,550645,562966,80232,12321,6,259200,7.5118091064
470449,470459,473479,10,3020,2,7200,1.00331125828
470480,555637,598932,85157,43295,6,259200,2.96690148978
470526,558217,575282,87691,17065,6,259200,6.13864635218
470572,562977,576105,92405,13128,6,259200,8.03877209019
470607,470616,473294,9,2678,2,7200,1.00336071695
470621,575294,598784,104673,23490,6,259200,5.45606641124
470646,576116,598025,105470,21909,6,259200,5.81400337761
470662,586360,598791,115698,12431,6,259200,10.3072158314
470733,586366,598794,115633,12428,6,259200,10.3042323785
470754,470767,473016,13,2249,1,86400,1.00578034682
470758,586371,594157,115613,7786,6,259200,15.8488312356
470766,470782,473707,16,2925,2,7200,1.00547008547
470776,586406,600257,115630,13851,6,259200,9.34813370876
470799,470808,473526,9,2718,2,7200,1.00331125828
470823,586412,592825,115589,6413,6,259200,19.0241696554
470853,470861,471179,8,318,1,54000,1.0251572327
470854,470867,474050,13,3183,2,7200,1.0040841973
470866,586507,598829,115641,12322,6,259200,10.384921279
470868,470874,470961,6,87,4,1500,1.06896551724
470869,470880,473808,11,2928,2,7200,1.0037568306
470885,470891,473957,6,3066,2,7200,1.00195694716
470886,586512,598791,115626,12279,6,259200,10.4165648668
470886,470904,474152,18,3248,2,7200,1.00554187192
470942,586518,590790,115576,4272,6,259200,28.0543071161
470962,586523,598687,115561,12164,6,259200,10.5002466294
470972,470979,474698,7,3719,16,8700,1.0018822264
470974,470986,474087,12,3101,2,7200,1.00386971945
470989,586528,598818,115539,12290,6,259200,10.4010577705
470992,471000,474298,8,3298,2,7200,1.00242571255
471011,471021,474222,10,3201,2,7200,1.00312402374
471058,586534,591351,115476,4817,6,259200,24.9725970521
471095,586539,598786,115444,12247,6,259200,10.4263084837
471099,471108,474275,9,3167,2,7200,1.00284180613
471113,586603,598791,115490,12188,6,259200,10.4757138169
471116,471123,494027,7,22904,2,54000,1.00030562347
471124,471131,472550,7,1419,1,9000,1.00493305144
471127,471137,473858,10,2721,2,7200,1.00367511944
471157,471172,473863,15,2691,2,7200,1.00557413601
471172,471184,474048,12,2864,2,7200,1.00418994413
471309,471317,474099,8,2782,2,7200,1.00287562904
471322,471331,474255,9,2924,2,7200,1.00307797538
471388,471397,474402,9,3005,2,7200,1.00299500832
471449,471459,474231,10,2772,2,7200,1.00360750361
471483,471491,474501,8,3010,2,7200,1.00265780731
471556,471564,474511,8,2947,2,7200,1.00271462504
471719,471728,471758,9,30,1,3600,1.3
471729,471738,474643,9,2905,2,7200,1.00309810671
471760,471768,474671,8,2903,2,7200,1.00275576989
471775,471804,474796,29,2992,2,7200,1.00969251337
471779,471785,471790,6,5,1,3600,1.1
471779,471791,471797,12,6,1,3600,1.8
471780,471819,471828,39,9,1,3600,4.8
471780,471814,471819,34,5,1,3600,3.9
471780,471796,471805,16,9,1,3600,2.5
471781,471848,471854,67,6,1,3600,7.3
471781,471843,471847,62,4,1,3600,6.6
471781,471836,471842,55,6,1,3600,6.1
471781,471830,471836,49,6,1,3600,5.5
471781,471825,471831,44,6,1,3600,5.0
471830,471856,474967,26,3111,2,7200,1.00835744134
471875,471932,471954,57,22,1,3600,3.59090909091
471875,471921,471947,46,26,1,3600,2.76923076923
471875,471916,471935,41,19,1,3600,3.15789473684
471875,471926,471948,51,22,1,3600,3.31818181818
471876,471937,471974,61,37,1,3600,2.64864864865
471876,471942,471975,66,33,1,3600,3.0
471876,471953,472014,77,61,1,3600,2.26229508197
471876,471947,472017,71,70,1,3600,2.01428571429
471877,471963,471988,86,25,1,3600,4.44
471877,471958,471998,81,40,1,3600,3.025
471877,471969,471990,92,21,1,3600,5.38095238095
472047,472984,482241,937,9257,4,324000,1.10122069785
472115,472127,472291,12,164,4,3600,1.07317073171
472115,472122,472374,7,252,4,3600,1.02777777778
472116,472132,472718,16,586,4,3600,1.02730375427
472116,472150,473512,34,1362,4,3600,1.02496328928
472116,472144,473300,28,1156,4,3600,1.02422145329
472116,472139,472611,23,472,4,3600,1.04872881356
472117,472155,473654,38,1499,4,3600,1.02535023349
472117,472386,472547,269,161,4,3600,2.67080745342
472117,472302,473063,185,761,4,3600,1.24310118265
472117,472160,474214,43,2054,4,3600,1.02093476144
472118,472558,472725,440,167,4,3600,3.63473053892
472189,472199,475106,10,2907,2,7200,1.00343997248
472210,472223,475034,13,2811,2,7200,1.00462468872
472238,472247,475237,9,2990,2,7200,1.00301003344
472393,472402,475589,9,3187,2,7200,1.00282397239
472651,472661,475953,10,3292,2,7200,1.00303766707
472697,472706,475899,9,3193,2,7200,1.00281866583
472742,472752,475465,10,2713,2,7200,1.00368595651
472788,472796,475851,8,3055,2,7200,1.00261865794
472803,472811,475852,8,3041,2,7200,1.00263071358
472919,472927,472936,8,9,1,600,1.7
472920,472954,472962,34,8,1,600,4.2
472920,472943,472952,23,9,1,600,3.2
472920,472937,472945,17,8,1,600,2.5
472920,472948,472957,28,9,1,600,3.7
472920,472932,472941,12,9,1,600,2.1
472921,472960,472970,39,10,1,600,4.9
472921,472966,472980,45,14,1,600,4.21428571429
472921,472989,472997,68,8,1,600,7.6
472921,472994,473004,73,10,1,600,8.3
472921,473000,473008,79,8,1,600,8.7
472937,472973,476096,36,3123,2,7200,1.01152737752
472952,472978,476214,26,3236,2,7200,1.00803461063
472961,473005,473014,44,9,1,600,5.3
472961,473010,473021,49,11,1,600,5.45454545455
472961,473016,473027,55,11,1,600,6.0
472962,473021,473031,59,10,1,600,6.9
472962,473032,473042,70,10,1,600,8.0
472962,473037,473046,75,9,1,600,8.4
472962,473026,473037,64,11,1,600,6.81818181818
472963,473042,473053,79,11,1,600,8.18181818182
472963,473053,473063,90,10,1,600,10.0
472963,473058,473068,95,10,1,600,10.5
472963,473048,473057,85,9,1,600,9.4
473083,473100,475916,17,2816,2,7200,1.00603693182
473112,473118,473123,6,5,1,600,1.1
473112,473152,473158,40,6,1,600,4.6
473112,473124,473232,12,108,1,600,1.11111111111
473113,473157,473164,44,7,1,600,5.1
473113,473162,473167,49,5,1,600,5.4
473113,473168,473174,55,6,1,600,6.1
473114,473190,473197,76,7,1,600,8.3
473114,473173,473179,59,6,1,600,6.5
473114,473185,473190,71,5,1,600,7.6
473114,473195,473200,81,5,1,600,8.6
473114,473180,473202,66,22,1,600,4.0
473202,473220,476178,18,2958,2,7200,1.0060851927
473221,473233,473238,12,5,1,600,1.7
473222,473243,473254,21,11,1,600,2.90909090909
473222,473248,473254,26,6,1,600,3.2
473222,473238,473244,16,6,1,600,2.2
473290,473296,473619,6,323,8,3600,1.01857585139
473296,473306,476450,10,3144,2,7200,1.00318066158
473351,473360,476473,9,3113,2,7200,1.00289110183
473367,473373,473374,6,1,8,3600,1.0
473388,473394,474732,6,1338,8,3600,1.00448430493
473424,473433,476703,9,3270,2,7200,1.00275229358
473482,473491,476345,9,2854,2,7200,1.00315346882
473527,473538,476644,11,3106,2,7200,1.00354153252
473694,473711,527738,17,54027,2,54000,1.00031465749
473710,473718,476509,8,2791,2,7200,1.00286635614
473779,473785,474097,6,312,4,600,1.01923076923
473810,473819,476641,9,2822,2,7200,1.0031892275
473858,473870,477041,12,3171,2,7200,1.00378429518
473865,473877,476986,12,3109,2,7200,1.00385976198
473960,473969,477030,9,3061,2,7200,1.00294021562
474031,474037,528072,6,54035,2,54000,1.00011103914
474051,474066,477003,15,2937,2,7200,1.0051072523
474051,474060,477069,9,3009,2,7200,1.00299102692
474090,474102,474425,12,323,8,3600,1.03715170279
474090,474108,476810,18,2702,2,7200,1.00666173205
474106,474115,476947,9,2832,2,7200,1.0031779661
474126,474135,474464,9,329,8,3600,1.0273556231
474149,474155,474478,6,323,8,3600,1.01857585139
474155,474164,477172,9,3008,2,7200,1.00299202128
474224,474233,477199,9,2966,2,7200,1.00303438975
474234,474243,477393,9,3150,2,7200,1.00285714286
474258,474266,477358,8,3092,2,7200,1.00258732212
474276,474291,477084,15,2793,2,7200,1.00537056928
474300,474309,477311,9,3002,2,7200,1.00299800133
474404,474413,477258,9,2845,2,7200,1.00316344464
474501,474513,477711,12,3198,2,7200,1.00375234522
474513,474524,477720,11,3196,2,7200,1.00344180225
474541,474559,474569,18,10,4,600,2.8
474541,474564,474578,23,14,4,600,2.64285714286
474541,474569,474589,28,20,4,600,2.4
474541,474548,474576,7,28,4,600,1.25
474541,474553,474562,12,9,4,600,2.1
474542,474597,474611,55,14,4,600,4.92857142857
474542,474592,474601,50,9,4,600,5.9
474542,474575,474587,33,12,4,600,3.75
474542,474587,474594,45,7,4,600,5.2
474542,474580,474591,38,11,4,600,4.45454545455
474543,474603,474662,60,59,4,600,2.01694915254
474595,474631,474751,36,120,4,3600,1.3
474595,474626,474695,31,69,4,3600,1.44927536232
474595,474621,474681,26,60,4,3600,1.43333333333
474596,474653,474773,57,120,4,3600,1.475
474596,474648,474780,52,132,4,3600,1.39393939394
474596,474642,474754,46,112,4,3600,1.41071428571
474596,474637,474905,41,268,4,3600,1.15298507463
474597,474671,474806,74,135,4,3600,1.54814814815
474597,474694,474870,97,176,4,3600,1.55113636364
474597,474707,474762,110,55,4,3600,3.0
474597,474701,474756,104,55,4,3600,2.89090909091
474644,474666,477399,22,2733,2,7200,1.00804976217
474672,474689,477679,17,2990,2,7200,1.00568561873
474722,474736,474859,14,123,4,600,1.11382113821
474722,474731,474857,9,126,4,600,1.07142857143
474723,474753,474806,30,53,4,600,1.56603773585
474723,474747,474784,24,37,4,600,1.64864864865
474723,474741,474858,18,117,4,600,1.15384615385
474724,474759,474798,35,39,4,600,1.89743589744
474724,474788,474821,64,33,4,600,2.93939393939
474724,474782,474815,58,33,4,600,2.75757575758
474724,474777,474810,53,33,4,600,2.60606060606
474725,474806,474838,81,32,4,600,3.53125
474725,474793,474826,68,33,4,600,3.06060606061
474797,474813,477714,16,2901,2,7200,1.00551533954
474968,474979,477645,11,2666,2,7200,1.00412603151
475000,475007,475028,7,21,4,600,1.33333333333
475001,475024,475041,23,17,4,600,2.35294117647
475001,475030,475045,29,15,4,600,2.93333333333
475001,475012,475041,11,29,4,600,1.37931034483
475001,475017,475041,16,24,4,600,1.66666666667
475002,475046,475063,44,17,4,600,3.58823529412
475002,475035,475054,33,19,4,600,2.73684210526
475002,475040,475058,38,18,4,600,3.11111111111
475003,475062,475079,59,17,4,600,4.47058823529
475003,475051,475071,48,20,4,600,3.4
475003,475057,475073,54,16,4,600,4.375
475036,475069,477957,33,2888,2,7200,1.0114265928
475053,475606,475767,553,161,4,324000,4.4347826087
475096,475110,529128,14,54018,2,54000,1.00025917287
475108,475117,477973,9,2856,2,7200,1.0031512605
475239,475248,478310,9,3062,2,7200,1.00293925539
475466,475476,478450,10,2974,2,7200,1.00336247478
475591,475600,478582,9,2982,2,7200,1.00301810865
475644,475650,498135,6,22485,1,86400,1.00026684456
475677,475683,485252,6,9569,2,86400,1.00062702477
475701,475713,485252,12,9539,2,43200,1.0012579935
475791,482267,490317,6476,8050,4,324000,1.80447204969
475855,475864,478859,9,2995,2,7200,1.00300500835
475855,475870,478803,15,2933,2,7200,1.00511421752
475858,475876,492522,18,16646,1,36000,1.00108134086
475902,475911,478589,9,2678,2,7200,1.00336071695
475917,475930,478596,13,2666,2,7200,1.00487621905
475953,475964,479033,11,3069,2,7200,1.00358422939
476104,476110,479236,6,3126,2,7200,1.0019193858
476182,476194,479050,12,2856,2,7200,1.00420168067
476217,476225,479098,8,2873,2,7200,1.00278454577
476238,476248,476891,10,643,1,14400,1.01555209953
476347,476356,479353,9,2997,2,7200,1.003003003
476401,476410,476883,9,473,4,10800,1.01902748414
476402,476426,478023,24,1597,4,10800,1.01502817783
476402,476442,477676,40,1234,4,10800,1.03241491086
476402,476437,477700,35,1263,4,10800,1.02771179731
476402,476421,477826,19,1405,4,10800,1.01352313167
476402,476432,483252,30,6820,4,10800,1.00439882698
476402,476416,477471,14,1055,4,10800,1.01327014218
476403,476453,487267,50,10814,4,10800,1.00462363603
476403,476463,476830,60,367,4,10800,1.16348773842
476403,476458,480196,55,3738,4,10800,1.01471375067
476403,476448,479292,45,2844,4,10800,1.01582278481
476453,476487,478840,34,2353,4,14400,1.01444963876
476453,476470,479264,17,2794,2,7200,1.00608446671
476474,476493,479481,19,2988,2,7200,1.00635876841
476511,476523,479496,12,2973,2,7200,1.00403632694
476641,476652,479815,11,3163,2,7200,1.00347771103
476656,476663,479681,7,3018,2,7200,1.00231941683
476705,476715,479317,10,2602,2,7200,1.00384319754
476812,476823,479884,11,3061,2,7200,1.00359359686
476901,476908,477473,7,565,8,7200,1.01238938053
476949,476958,479906,9,2948,2,7200,1.00305291723
476988,476997,479605,9,2608,2,7200,1.00345092025
477003,477014,479931,11,2917,2,7200,1.0037709976
477031,477041,480140,10,3099,2,7200,1.00322684737
477047,477053,480039,6,2986,2,7200,1.00200937709
477072,477082,480323,10,3241,2,7200,1.00308546745
477085,477101,480050,16,2949,2,7200,1.00542556799
477176,477184,480179,8,2995,2,7200,1.00267111853
477200,477215,480261,15,3046,2,7200,1.00492449114
477258,477269,480390,11,3121,2,7200,1.00352451137
477313,477328,480424,15,3096,2,7200,1.00484496124
477359,477372,480429,13,3057,2,7200,1.00425253517
477396,477406,480465,10,3059,2,7200,1.00326904217
477411,477417,480317,6,2900,2,7200,1.00206896552
477642,477657,480638,15,2981,2,7200,1.0050318685
477682,477693,480415,11,2722,2,7200,1.00404114622
477685,490339,721933,12654,231594,3,604800,1.05463872121
477712,477728,480977,16,3249,2,7200,1.00492459218
477721,477734,480634,13,2900,2,7200,1.00448275862
477727,477745,480517,18,2772,2,7200,1.00649350649
477772,477780,478096,8,316,1,54000,1.0253164557
477783,477789,477886,6,97,4,1500,1.0618556701
477904,477912,478234,8,322,16,8700,1.0248447205
477942,493731,1098540,15789,604809,3,604800,1.02610576232
477958,477968,480821,10,2853,2,7200,1.00350508237
477973,477984,480876,11,2892,2,7200,1.00380359613
478152,482254,482256,4102,2,4,172800,410.4
478311,478321,481587,10,3266,2,7200,1.00306184936
478451,478461,481470,10,3009,2,7200,1.00332336324
478584,478599,481479,15,2880,2,7200,1.00520833333
478599,478605,481569,6,2964,2,7200,1.0020242915
478600,478612,481908,12,3296,2,7200,1.0036407767
478807,478816,481975,9,3159,2,7200,1.00284900285
478862,478870,481773,8,2903,2,7200,1.00275576989
478875,478884,479997,9,1113,4,28800,1.00808625337
478875,480005,481094,1130,1089,4,28800,2.03764921947
478876,481108,482142,2232,1034,4,28800,3.1586073501
478876,482148,483174,3272,1026,4,28800,4.18908382066
478877,483276,484375,4399,1099,4,28800,5.00272975432
478878,485423,485754,6545,331,4,28800,20.7734138973
478878,484381,485413,5503,1032,4,28800,6.33236434109
478879,485761,486198,6882,437,4,28800,16.7482837529
478880,486211,486229,7331,18,4,28800,408.277777778
478881,486251,486261,7370,10,4,28800,738.0
479035,479045,481720,10,2675,2,7200,1.00373831776
479050,479061,482011,11,2950,2,7200,1.00372881356
479099,479110,482054,11,2944,2,7200,1.00373641304
479127,479134,480079,7,945,1,14400,1.00740740741
479239,479252,482112,13,2860,2,7200,1.00454545455
479267,479275,482248,8,2973,2,7200,1.00269088463
479318,479328,482285,10,2957,2,7200,1.00338180588
479350,479357,479658,7,301,1,54000,1.02325581395
479355,479369,482388,14,3019,2,7200,1.00463729712
479356,479363,533377,7,54014,2,54000,1.00012959603
479368,479375,479461,7,86,4,1500,1.08139534884
479461,479469,480769,8,1300,1,86400,1.00615384615
479479,479485,481160,6,1675,16,8700,1.00358208955
479484,479492,482574,8,3082,2,7200,1.00259571707
479499,479507,482571,8,3064,2,7200,1.00261096606
479605,479616,482574,11,2958,2,7200,1.00371872887
479682,479693,482814,11,3121,2,7200,1.00352451137
479816,479826,482983,10,3157,2,7200,1.00316756414
479865,479871,481193,6,1322,8,54000,1.00453857791
479872,479878,479942,6,64,8,3600,1.09375
479880,479954,480056,74,102,4,1500,1.72549019608
479886,479899,482884,13,2985,2,7200,1.00435510888
479908,479917,482734,9,2817,2,7200,1.00319488818
479932,479945,482915,13,2970,2,7200,1.00437710438
480040,480051,482992,11,2941,2,7200,1.00374022441
480049,480071,480234,22,163,8,3600,1.13496932515
480050,480064,483055,14,2991,2,7200,1.00468070879
480067,481096,481190,1029,94,16,8700,11.9468085106
480143,480151,483113,8,2962,2,7200,1.00270087779
480182,480191,483435,9,3244,2,7200,1.00277435265
480208,480253,480579,45,326,8,3600,1.13803680982
480263,480272,483328,9,3056,2,7200,1.00294502618
480319,480328,483465,9,3137,2,7200,1.0028689831
480326,480335,480397,9,62,1,9000,1.14516129032
480334,480342,483288,8,2946,2,7200,1.0027155465
480391,480401,483722,10,3321,2,7200,1.00301114122
480416,480426,483498,10,3072,2,7200,1.00325520833
480431,480437,483393,6,2956,2,7200,1.00202976996
480432,480444,483500,12,3056,2,7200,1.00392670157
480468,480481,483562,13,3081,2,7200,1.00421940928
480520,480528,483813,8,3285,2,7200,1.00243531202
480638,480650,483692,12,3042,2,7200,1.00394477318
480639,480656,483488,17,2832,2,7200,1.00600282486
480743,480749,480904,6,155,4,600,1.03870967742
480744,480755,480905,11,150,4,600,1.07333333333
480744,480762,480910,18,148,4,600,1.12162162162
480744,480916,480957,172,41,4,600,5.19512195122
480745,480980,481016,235,36,4,600,7.52777777778
480745,480970,481010,225,40,4,600,6.625
480745,480923,481009,178,86,4,600,3.06976744186
480745,480928,480968,183,40,4,600,5.575
480746,481023,481063,277,40,4,600,7.925
480825,480840,483671,15,2831,2,7200,1.0052984811
480880,480888,483780,8,2892,2,7200,1.00276625173
480979,480994,484114,15,3120,2,7200,1.00480769231
481473,481485,484409,12,2924,2,7200,1.00410396717
481483,481491,484284,8,2793,2,7200,1.00286430362
481571,481580,484449,9,2869,2,7200,1.00313698153
481589,481608,484419,19,2811,2,7200,1.00675916044
481589,481601,483150,12,1549,1,86400,1.00774693351
481662,481668,484167,6,2499,1,86400,1.00240096038
481704,481712,487537,8,5825,2,54000,1.00137339056
481723,481731,484584,8,2853,2,7200,1.0028040659
481774,481789,484742,15,2953,2,7200,1.00507958009
481912,481923,484837,11,2914,2,7200,1.00377487989
481976,481986,484768,10,2782,2,7200,1.0035945363
482012,482022,484682,10,2660,2,7200,1.0037593985
482055,482066,485211,11,3145,2,7200,1.00349761526
482113,482123,485046,10,2923,2,7200,1.00342114266
482170,482177,486301,7,4124,8,54000,1.00169738118
482178,482184,482271,6,87,4,1500,1.06896551724
482250,482260,484940,10,2680,2,7200,1.00373134328
482274,482286,486434,12,4148,16,8700,1.00289296046
482286,482296,485253,10,2957,2,7200,1.00338180588
482390,482399,485118,9,2719,2,7200,1.00331004046
482447,482453,508209,6,25756,1,64800,1.00023295543
482572,482590,485439,18,2849,2,7200,1.00631800632
482575,482583,485488,8,2905,2,7200,1.00275387263
482587,482597,485502,10,2905,2,7200,1.00344234079
482681,482687,493816,6,11129,1,64800,1.000539132
482737,482749,485397,12,2648,2,7200,1.00453172205
482816,482825,485878,9,3053,2,7200,1.00294792008
482886,482895,485944,9,3049,2,7200,1.00295178747
482916,482927,485693,11,2766,2,7200,1.00397686189
482951,482957,483015,6,58,1,9000,1.10344827586
482983,482994,486171,11,3177,2,7200,1.0034623859
482998,483005,485841,7,2836,2,7200,1.00246826516
483006,483012,483077,6,65,4,3600,1.09230769231
483006,483018,483119,12,101,4,3600,1.11881188119
483007,483162,483261,155,99,4,3600,2.56565656566
483007,483090,483177,83,87,4,3600,1.95402298851
483007,483130,483215,123,85,4,3600,2.44705882353
483008,483195,483263,187,68,4,3600,3.75
483008,483190,483269,182,79,4,3600,3.30379746835
483008,483228,483295,220,67,4,3600,4.28358208955
483008,483269,483325,261,56,4,3600,5.66071428571
483057,483070,485725,13,2655,2,7200,1.00489642185
483115,483124,486190,9,3066,2,7200,1.00293542074
483286,483292,484571,6,1279,1,9000,1.00469116497
483291,483299,486186,8,2887,2,7200,1.0027710426
483330,483344,486228,14,2884,2,7200,1.00485436893
483394,483404,486201,10,2797,2,7200,1.00357525921
483437,483446,486296,9,2850,2,7200,1.00315789474
483467,483476,486313,9,2837,2,7200,1.00317236517
483489,483499,486435,10,2936,2,7200,1.00340599455
483501,483510,486613,9,3103,2,7200,1.00290041895
483504,483518,486201,14,2683,2,7200,1.00521803951
483538,483545,569954,7,86409,1,86400,1.00008101008
483565,483573,486626,8,3053,2,7200,1.0026203734
483615,483621,570056,6,86435,1,86400,1.00006941632
483675,483682,486773,7,3091,2,7200,1.00226463928
483686,483693,486580,7,2887,1,57600,1.00242466228
483696,483704,486589,8,2885,2,7200,1.0027729636
483723,483733,486634,10,2901,2,7200,1.00344708721
483781,483799,486681,18,2882,2,7200,1.00624566273
483810,483886,484299,76,413,4,3600,1.18401937046
483815,483881,486838,66,2957,2,7200,1.02231991884
484019,484027,497860,8,13833,2,54000,1.00057832719
484116,484125,487106,9,2981,2,7200,1.0030191211
484286,484296,487314,10,3018,2,7200,1.00331345262
484356,484363,484485,7,122,4,3600,1.05737704918
484410,484424,487549,14,3125,2,7200,1.00448
484425,484447,487476,22,3029,2,7200,1.00726312314
484453,484464,487180,11,2716,2,7200,1.00405007364
484484,484491,484520,7,29,1,600,1.24137931034
484485,484497,484515,12,18,1,600,1.66666666667
484485,484502,484521,17,19,1,600,1.89473684211
484485,484509,484525,24,16,1,600,2.5
484486,484520,484534,34,14,1,600,3.42857142857
484486,484525,484540,39,15,1,600,3.6
484486,484514,484530,28,16,1,600,2.75
484487,484536,484552,49,16,1,600,4.0625
484487,484530,484552,43,22,1,600,2.95454545455
484512,484543,484561,31,18,1,600,2.72222222222
484586,484595,487569,9,2974,2,7200,1.0030262273
484684,484693,487851,9,3158,2,7200,1.002849905
484745,484755,487631,10,2876,2,7200,1.00347705146
484769,484779,487925,10,3146,2,7200,1.00317863954
484839,484848,487767,9,2919,2,7200,1.00308324769
484943,484960,487944,17,2984,2,7200,1.00569705094
485050,485058,488092,8,3034,2,7200,1.00263678312
485120,485130,488065,10,2935,2,7200,1.00340715503
485214,485223,488314,9,3091,2,7200,1.00291167907
485245,485251,485252,6,1,1,14400,1.0
485254,485264,488059,10,2795,2,7200,1.00357781753
485291,485297,517911,6,32614,2,86400,1.00018397007
485300,485306,485307,6,1,2,14400,1.0
485341,485347,485348,6,1,4,7200,1.0
485362,485375,490593,13,5218,1,57600,1.00249137601
485401,485412,488345,11,2933,2,7200,1.00375042618
485417,485429,488883,12,3454,2,21600,1.00347423277
485440,485451,488593,11,3142,2,7200,1.00350095481
485489,485500,488604,11,3104,2,7200,1.00354381443
485505,485515,488553,10,3038,2,7200,1.00329163924
485664,485670,485691,6,21,1,600,1.28571428571
485665,485676,485678,11,2,4,7200,1.3
485697,485705,488553,8,2848,2,7200,1.00280898876
485727,485737,488498,10,2761,2,7200,1.00362187613
485759,485768,501068,9,15300,2,43200,1.00058823529
485843,485853,488922,10,3069,2,7200,1.00325839036
485879,485889,488613,10,2724,2,7200,1.00367107195
485946,485956,488741,10,2785,2,7200,1.00359066427
486174,486183,489280,9,3097,2,7200,1.0029060381
486190,486198,489143,8,2945,2,7200,1.00271646859
486203,486217,489077,14,2860,2,7200,1.0048951049
486204,486223,489319,19,3096,2,7200,1.0061369509
486205,486228,488938,23,2710,2,7200,1.00848708487
486232,486240,489192,8,2952,2,7200,1.0027100271
486260,516449,516451,30189,2,1,172800,3019.1
486293,486300,486829,7,529,4,14400,1.01323251418
486296,486307,489527,11,3220,2,7200,1.00341614907
486314,486324,489145,10,2821,2,7200,1.00354484225
486361,486367,486748,6,381,4,3600,1.0157480315
486361,486378,486748,17,370,4,3600,1.04594594595
486361,486372,486660,11,288,4,3600,1.03819444444
486362,486384,486668,22,284,4,3600,1.07746478873
486432,486454,489333,22,2879,4,7200,1.0076415422
486436,486446,489173,10,2727,2,7200,1.00366703337
486545,486555,489947,10,3392,2,21600,1.00294811321
486591,486603,489349,12,2746,2,7200,1.00436999272
486608,486621,486623,13,2,8,7200,1.5
486615,486627,489666,12,3039,2,7200,1.00394866732
486631,486646,489569,15,2923,2,7200,1.00513171399
486637,486651,489732,14,3081,2,7200,1.00454397923
486683,486692,489728,9,3036,2,7200,1.00296442688
486745,486751,486753,6,2,8,7200,1.0
486774,486784,489592,10,2808,2,7200,1.00356125356
486785,486797,487092,12,295,8,4800,1.0406779661
486841,486849,489856,8,3007,2,7200,1.00266045893
486848,486862,487310,14,448,4,3600,1.03125
486848,486857,487469,9,612,4,3600,1.01470588235
486849,486867,488007,18,1140,4,3600,1.01578947368
486849,488090,488113,1241,23,4,28800,54.9565217391
486849,486878,487883,29,1005,4,28800,1.02885572139
486849,487900,488078,1051,178,4,28800,6.90449438202
486849,486872,488744,23,1872,4,3600,1.01228632479
486850,488125,488137,1275,12,4,28800,107.25
486851,488148,488157,1297,9,4,28800,130.6
486852,488177,488186,1325,9,4,28800,133.4
486852,488198,488207,1346,9,4,28800,135.5
486853,488219,488229,1366,10,4,28800,137.6
486854,488271,488291,1417,20,4,28800,71.85
486854,488240,488258,1386,18,4,28800,78.0
486939,486948,486949,9,1,1,9000,1.0
487005,487011,487063,6,52,1,600,1.11538461538
487005,487017,487068,12,51,1,600,1.23529411765
487005,487022,487076,17,54,1,600,1.31481481481
487006,487031,487082,25,51,1,600,1.49019607843
487032,487109,494330,77,7221,8,7200,1.01066334303
487108,487119,490181,11,3062,2,7200,1.00359242325
487181,487191,490100,10,2909,2,7200,1.00343760743
487216,487224,487452,8,228,1,600,1.0350877193
487295,487302,547176,7,59874,4,72000,1.00011691218
487315,487325,490340,10,3015,2,7200,1.00331674959
487408,487417,530332,9,42915,4,72000,1.00020971688
487479,487487,490421,8,2934,2,7200,1.00272665303
487543,487554,488308,11,754,1,9000,1.01458885942
487552,487560,490355,8,2795,2,7200,1.00286225403
487563,487574,487963,11,389,8,10800,1.02827763496
487570,487580,490490,10,2910,2,7200,1.00343642612
487634,487645,490627,11,2982,2,7200,1.00368879946
487683,487979,490547,296,2568,8,7200,1.11526479751
487767,487778,490882,11,3104,2,7200,1.00354381443
487837,488027,491420,190,3393,2,21600,1.0559976422
487853,487863,490765,10,2902,2,7200,1.00344589938
487929,487937,490662,8,2725,2,7200,1.00293577982
487947,487961,490905,14,2944,2,7200,1.00475543478
488063,488070,491207,7,3137,2,7200,1.0022314313
488066,488078,490758,12,2680,2,7200,1.00447761194
488093,488109,491054,16,2945,2,7200,1.00543293718
488227,488234,488235,7,1,2,21600,1.0
488307,488314,490587,7,2273,4,14400,1.00307963044
488316,488326,491137,10,2811,2,7200,1.00355745286
488347,488357,491110,10,2753,2,7200,1.00363240102
488460,488466,488643,6,177,4,3600,1.03389830508
488499,488509,491728,10,3219,2,7200,1.00310655483
488529,488536,498581,7,10045,1,14400,1.00069686411
488553,488560,493714,7,5154,2,14400,1.00135816841
488554,488567,491643,13,3076,2,7200,1.00422626788
488556,488573,491576,17,3003,2,7200,1.00566100566
488575,489958,492294,1383,2336,5,7200,1.59203767123
488585,488655,488694,70,39,4,600,2.79487179487
488595,488605,491849,10,3244,2,7200,1.00308261406
488600,490560,492547,1960,1987,6,7200,1.98641167589
488606,488616,491538,10,2922,2,7200,1.00342231348
488621,488628,491521,7,2893,2,7200,1.0024196336
488623,489344,490761,721,1417,10,7200,1.50882145378
488744,488752,491667,8,2915,2,7200,1.00274442539
488799,488807,494045,8,5238,1,57600,1.0015273005
488863,488869,488907,6,38,4,600,1.15789473684
488925,488934,492261,9,3327,2,7200,1.00270513977
488940,488956,491945,16,2989,2,7200,1.00535296086
488994,586608,591708,97614,5100,6,259200,20.14
489041,586614,600302,97573,13688,6,259200,8.12836060783
489078,489089,491822,11,2733,2,7200,1.00402488108
489094,490565,492177,1471,1612,1,64800,1.91253101737
489146,489160,492232,14,3072,2,7200,1.00455729167
489148,489166,492198,18,3032,2,7200,1.00593667546
489175,489184,492236,9,3052,2,7200,1.00294888598
489194,489204,492266,10,3062,2,7200,1.00326583932
489237,516463,1056471,27226,540008,1,540000,1.05041777159
489282,489293,492156,11,2863,2,7200,1.00384212365
489284,524867,783972,35583,259105,1,540000,1.13733042589
489289,490599,504700,1310,14101,2,36000,1.09290121268
489318,489330,492055,12,2725,2,7200,1.00440366972
489351,489361,492321,10,2960,2,7200,1.00337837838
489528,489539,492268,11,2729,2,7200,1.00403078051
489570,489581,492728,11,3147,2,7200,1.00349539244
489594,489603,492433,9,2830,2,7200,1.00318021201
489668,489677,492737,9,3060,2,7200,1.00294117647
489732,489746,492998,14,3252,2,7200,1.00430504305
489747,489753,492629,6,2876,2,7200,1.00208623088
489860,489868,492849,8,2981,2,7200,1.0026836632
490102,490111,493011,9,2900,2,7200,1.00310344828
490183,490192,493084,9,2892,2,7200,1.0031120332
490243,490328,493022,85,2694,1,9000,1.03155159614
490341,490352,493307,11,2955,2,7200,1.00372250423
490359,490367,493116,8,2749,2,7200,1.00291014915
490423,490433,493263,10,2830,2,7200,1.0035335689
490492,490501,493358,9,2857,2,7200,1.00315015751
490578,490604,497885,26,7281,2,43200,1.00357093806
490599,490793,519613,194,28820,4,28800,1.0067314365
490599,519621,548467,29022,28846,4,28800,2.00610136587
490600,586598,615411,95998,28813,4,28800,4.33175996946
490600,548474,577305,57874,28831,4,28800,3.00735319621
490601,615417,622461,124816,7044,4,28800,18.7194775696
490602,622472,627642,131870,5170,4,28800,26.5067698259
490603,627655,656480,137052,28825,4,28800,5.75462272333
490603,656486,685314,165883,28828,4,28800,6.75423199667
490604,685320,712646,194716,27326,4,28800,8.12566786211
490629,490639,493801,10,3162,2,7200,1.00316255534
490663,490674,493564,11,2890,2,7200,1.00380622837
490760,490770,493404,10,2634,2,7200,1.00379650721
490766,490787,493644,21,2857,2,7200,1.00735036752
490884,490894,493931,10,3037,2,7200,1.00329272308
490906,490919,493533,13,2614,2,7200,1.00497322112
491055,491069,494253,14,3184,2,7200,1.00439698492
491114,491122,493971,8,2849,2,7200,1.00280800281
491138,491148,493990,10,2842,2,7200,1.00351864884
491208,491219,494162,11,2943,2,7200,1.00373768264
491462,491474,496772,12,5298,2,43200,1.00226500566
491522,491532,494716,10,3184,2,7200,1.00314070352
491541,491550,494654,9,3104,2,7200,1.00289948454
491577,491587,494411,10,2824,2,7200,1.00354107649
491644,491655,494731,11,3076,2,7200,1.00357607282
491668,491678,494505,10,2827,2,7200,1.00353731871
491729,491739,494627,10,2888,2,7200,1.00346260388
491823,491833,494903,10,3070,2,7200,1.00325732899
491849,491882,491919,33,37,1,3600,1.89189189189
491849,491877,491905,28,28,1,3600,2.0
491849,491871,491904,22,33,1,3600,1.66666666667
491849,491866,491894,17,28,1,3600,1.60714285714
491850,491916,491944,66,28,1,3600,3.35714285714
491850,491904,491937,54,33,1,3600,2.63636363636
491850,491893,491925,43,32,1,3600,2.34375
491850,491888,491926,38,38,1,3600,2.0
491850,491899,491935,49,36,1,3600,2.36111111111
491851,491923,491948,72,25,1,3600,3.88
491851,491928,491952,77,24,1,3600,4.20833333333
491851,491860,494864,9,3004,2,7200,1.00299600533
491948,491956,494771,8,2815,2,7200,1.00284191829
492058,492067,494865,9,2798,2,7200,1.00321658327
492084,492097,501822,13,9725,2,43200,1.00133676093
492159,492167,494839,8,2672,2,7200,1.00299401198
492201,492211,495164,10,2953,2,7200,1.00338638673
492235,492244,495268,9,3024,2,7200,1.00297619048
492238,492250,495184,12,2934,2,7200,1.00408997955
492263,492272,494972,9,2700,2,7200,1.00333333333
492269,492279,495174,10,2895,2,7200,1.00345423143
492278,492285,495372,7,3087,2,7200,1.0022675737
492324,492333,495331,9,2998,2,7200,1.00300200133
492436,492444,495095,8,2651,2,7200,1.00301772916
492630,492640,495580,10,2940,2,7200,1.00340136054
492731,492740,495816,9,3076,2,7200,1.00292587776
492746,492754,495482,8,2728,2,7200,1.00293255132
492852,492860,495889,8,3029,2,7200,1.00264113569
492863,492869,492926,6,57,2,68400,1.10526315789
492923,492936,500848,13,7912,2,28800,1.00164307381
492937,492944,492952,7,8,2,68400,1.5
492958,492964,520446,6,27482,2,68400,1.00021832472
492998,493009,496161,11,3152,2,7200,1.00348984772
493014,493022,496273,8,3251,2,7200,1.0024607813
493086,493095,496200,9,3105,2,7200,1.00289855072
493119,493128,496155,9,3027,2,7200,1.00297324083
493259,493266,498327,7,5061,2,28800,1.00138312586
493265,493275,496423,10,3148,2,7200,1.00317662008
493308,493321,496291,13,2970,2,7200,1.00437710438
493328,493345,493355,17,10,1,600,2.7
493328,493340,493349,12,9,1,600,2.1
493328,493351,493360,23,9,1,600,3.2
493329,493384,493396,55,12,1,600,5.58333333333
493329,493368,493378,39,10,1,600,4.9
493329,493356,493365,27,9,1,600,3.6
493329,493379,493389,50,10,1,600,6.0
493329,493374,493384,45,10,1,600,5.5
493330,493395,493408,65,13,1,600,6.0
493330,493389,493402,59,13,1,600,5.53846153846
493330,493400,493412,70,12,1,600,6.83333333333
493359,493407,496146,48,2739,2,7200,1.01752464403
493407,493419,496484,12,3065,2,7200,1.00391517129
493533,493544,496510,11,2966,2,7200,1.00370869858
493563,493575,493596,12,21,1,3600,1.57142857143
493563,493580,493603,17,23,1,3600,1.73913043478
493563,493585,493607,22,22,1,3600,2.0
493564,493612,493637,48,25,1,3600,2.92
493564,493606,493637,42,31,1,3600,2.35483870968
493564,493596,493630,32,34,1,3600,1.94117647059
493564,493601,493625,37,24,1,3600,2.54166666667
493564,493590,493616,26,26,1,3600,2.0
493564,493617,493639,53,22,1,3600,3.40909090909
493565,493628,493684,63,56,1,3600,2.125
493565,493622,493644,57,22,1,3600,3.59090909091
493567,493635,496618,68,2983,2,7200,1.02279584311
493645,493654,496565,9,2911,2,7200,1.00309172106
493676,493689,512282,13,18593,1,86400,1.00069918787
493770,493776,493786,6,10,1,600,1.6
493771,493805,493814,34,9,1,600,4.3
493771,493799,493810,28,11,1,600,3.54545454545
493771,493782,493791,11,9,1,600,2.0
493771,493794,493803,23,9,1,600,3.2
493772,493826,493835,54,9,1,600,6.3
493772,493820,493830,48,10,1,600,5.8
493772,493815,493824,43,9,1,600,5.2
493772,493810,493818,38,8,1,600,4.6
493772,493831,493840,59,9,1,600,6.8
493773,493843,493854,70,11,1,600,7.36363636364
493803,493838,496907,35,3069,2,7200,1.01140436624
493933,493943,496885,10,2942,2,7200,1.00339904827
493946,493952,503246,6,9294,2,28800,1.00064557779
493974,493982,497044,8,3062,2,7200,1.00261267146
493992,494006,497078,14,3072,2,7200,1.00455729167
494165,494174,496873,9,2699,2,7200,1.00333456836
494253,494265,497292,12,3027,2,7200,1.00396432111
494361,494368,501579,7,7211,2,28800,1.00097073915
494412,494423,497503,11,3080,2,7200,1.00357142857
494421,494436,580856,15,86420,1,86400,1.00017357093
494488,494505,494521,17,16,1,3600,2.0625
494488,494499,494517,11,18,1,3600,1.61111111111
494488,494494,494511,6,17,1,3600,1.35294117647
494507,494516,497443,9,2927,2,7200,1.00307482064
494628,494638,497554,10,2916,2,7200,1.00342935528
494635,494677,494691,42,14,1,600,4.0
494635,494656,494667,21,11,1,600,2.90909090909
494635,494661,494667,26,6,1,600,3.2
494635,494672,494678,37,6,1,600,4.3
494635,494667,494673,32,6,1,600,3.8
494636,494699,494708,63,9,1,600,7.2
494636,494688,494696,52,8,1,600,6.0
494636,494693,494702,57,9,1,600,6.6
494636,494683,494694,47,11,1,600,5.27272727273
494639,494651,494654,12,3,1,86400,1.5
494656,494707,497737,51,3030,2,7200,1.01683168317
494720,494729,497903,9,3174,2,7200,1.00283553875
494732,494743,497586,11,2843,2,7200,1.0038691523
494775,494786,497866,11,3080,2,7200,1.00357142857
494841,494851,497915,10,3064,2,7200,1.00326370757
494866,494876,497729,10,2853,2,7200,1.00350508237
494868,494881,497826,13,2945,2,7200,1.00441426146
494904,494915,497759,11,2844,2,7200,1.00386779184
494976,494983,497977,7,2994,2,7200,1.00233800935
495011,495027,501059,16,6032,2,28800,1.00265251989
495099,495106,497953,7,2847,2,7200,1.00245872849
495167,495175,498087,8,2912,2,7200,1.00274725275
495175,495186,498026,11,2840,2,7200,1.00387323944
495194,495200,498005,6,2805,2,7200,1.00213903743
495270,495279,498402,9,3123,2,7200,1.00288184438
495286,495295,499911,9,4616,2,68400,1.00194974003
495334,495342,498263,8,2921,2,7200,1.00273878809
495341,495355,499593,14,4238,2,28800,1.00330344502
495375,495385,498635,10,3250,2,7200,1.00307692308
495484,495493,498262,9,2769,2,7200,1.00325027086
495504,495510,498271,6,2761,1,9000,1.00217312568
495582,495591,498288,9,2697,2,7200,1.00333704116
495817,495828,498460,11,2632,2,7200,1.00417933131
495890,495906,499232,16,3326,2,28800,1.00481058328
495893,495900,498951,7,3051,2,7200,1.00229432973
496147,496157,499305,10,3148,2,7200,1.00317662008
496162,496170,499127,8,2957,2,7200,1.00270544471
496163,496177,499224,14,3047,2,7200,1.0045946833
496174,496190,500374,16,4184,2,28800,1.00382409178
496202,496213,499154,11,2941,2,7200,1.00374022441
496276,496284,498974,8,2690,2,7200,1.0029739777
496294,496306,499640,12,3334,2,7200,1.00359928014
496425,496435,499080,10,2645,2,7200,1.00378071834
496486,496495,499566,9,3071,2,7200,1.00293064148
496514,496522,499277,8,2755,2,7200,1.00290381125
496569,496577,499537,8,2960,2,7200,1.0027027027
496620,496629,499603,9,2974,2,7200,1.0030262273
496875,496885,499834,10,2949,2,7200,1.00339097999
496888,496897,499832,9,2935,2,7200,1.00306643952
496909,496923,499912,14,2989,2,7200,1.00468384075
497046,497055,500084,9,3029,2,7200,1.00297127765
497079,497089,500125,10,3036,2,7200,1.00329380764
497294,497303,500242,9,2939,2,7200,1.00306226608
497444,497454,500473,10,3019,2,7200,1.00331235508
497504,497515,500338,11,2823,2,7200,1.00389656394
497556,497565,500318,9,2753,2,7200,1.00326916092
497590,497602,500736,12,3134,2,7200,1.00382897256
497732,497741,500753,9,3012,2,7200,1.00298804781
497739,497748,500611,9,2863,2,7200,1.00314355571
497763,497770,500575,7,2805,2,7200,1.00249554367
497829,497838,501367,9,3529,2,7200,1.00255029753
497869,497877,500799,8,2922,2,7200,1.00273785079
497906,497915,500738,9,2823,2,7200,1.00318809777
497921,497928,500915,7,2987,2,7200,1.00234348845
497955,497964,500989,9,3025,2,7200,1.00297520661
497979,497988,500767,9,2779,2,7200,1.00323857503
498007,498020,500752,13,2732,2,7200,1.00475841874
498028,498038,501111,10,3073,2,7200,1.00325414904
498089,498098,500905,9,2807,2,7200,1.00320627004
498266,498280,501086,14,2806,2,7200,1.00498930862
498266,498274,501233,8,2959,2,7200,1.00270361609
498291,498300,501271,9,2971,2,7200,1.00302928307
498403,498415,501427,12,3012,2,7200,1.00398406375
498464,498472,501506,8,3034,2,7200,1.00263678312
498637,498646,501623,9,2977,2,7200,1.0030231777
498952,498962,501705,10,2743,2,7200,1.00364564346
498977,498985,501970,8,2985,2,7200,1.002680067
499080,499096,502028,16,2932,2,7200,1.00545702592
499129,499139,502119,10,2980,2,7200,1.0033557047
499157,499167,502017,10,2850,2,7200,1.00350877193
499227,499242,502022,15,2780,2,7200,1.00539568345
499279,499288,501941,9,2653,2,7200,1.00339238598
499306,499317,502357,11,3040,2,7200,1.00361842105
499541,499554,502736,13,3182,2,7200,1.00408548083
499569,499577,502582,8,3005,2,7200,1.00266222962
499605,499614,502298,9,2684,2,7200,1.00335320417
499641,499651,502484,10,2833,2,7200,1.00352982704
499833,499851,502801,18,2950,2,7200,1.00610169492
499836,499844,502645,8,2801,2,7200,1.00285612281
499916,499923,502950,7,3027,2,7200,1.00231252065
500082,586544,588567,86462,2023,4,324000,43.7394957983
500086,500095,502923,9,2828,2,7200,1.0031824611
500117,586550,587993,86433,1443,4,324000,60.8981288981
500126,500136,502942,10,2806,2,7200,1.00356379187
500245,500253,503078,8,2825,2,7200,1.00283185841
500321,500329,503145,8,2816,2,7200,1.00284090909
500339,500349,503497,10,3148,2,7200,1.00317662008
500476,500484,503327,8,2843,2,7200,1.00281392895
500576,500586,503393,10,2807,2,7200,1.00356252227
500613,500622,503516,9,2894,2,7200,1.00310988252
500738,500747,503594,9,2847,2,7200,1.00316122234
500740,500754,503792,14,3038,2,7200,1.00460829493
500756,500766,503479,10,2713,2,7200,1.00368595651
500757,500772,503686,15,2914,2,7200,1.00514756349
500771,500778,503575,7,2797,2,7200,1.00250268144
500801,500811,503966,10,3155,2,7200,1.00316957211
500907,500917,503923,10,3006,2,7200,1.00332667997
500922,500928,503977,6,3049,2,7200,1.00196785831
500992,501000,503795,8,2795,2,7200,1.00286225403
501089,501097,503826,8,2729,2,7200,1.00293147673
501114,501123,504317,9,3194,2,7200,1.00281778334
501235,501245,504284,10,3039,2,7200,1.0032905561
501272,501283,504296,11,3013,2,7200,1.00365084633
501370,501378,504656,8,3278,2,7200,1.00244051251
501428,501438,504372,10,2934,2,7200,1.00340831629
501507,501517,504984,10,3467,2,7200,1.00288433804
501625,501634,504732,9,3098,2,7200,1.00290510006
501707,501716,504592,9,2876,2,7200,1.00312934631
501944,501952,505009,8,3057,2,7200,1.00261694472
501971,501987,504737,16,2750,2,7200,1.00581818182
502021,502029,505054,8,3025,2,7200,1.0026446281
502023,502036,504817,13,2781,2,7200,1.00467457749
502035,502043,505113,8,3070,2,7200,1.00260586319
502120,502131,505237,11,3106,2,7200,1.00354153252
502300,502309,505147,9,2838,2,7200,1.00317124736
502360,502368,505423,8,3055,2,7200,1.00261865794
502385,502392,505248,7,2856,16,7200,1.00245098039
502486,502495,505659,9,3164,2,7200,1.00284450063
502586,502595,505339,9,2744,2,7200,1.00327988338
502647,502657,505613,10,2956,2,7200,1.00338294993
502739,502754,505300,15,2546,2,7200,1.00589159466
502800,502812,505587,12,2775,2,7200,1.00432432432
502925,502938,505858,13,2920,2,7200,1.00445205479
502943,502954,505853,11,2899,2,7200,1.00379441187
502958,502964,506117,6,3153,2,7200,1.00190294957
503080,503092,506134,12,3042,2,7200,1.00394477318
503147,503157,506133,10,2976,2,7200,1.00336021505
503330,503338,506256,8,2918,2,7200,1.00274160384
503394,503404,506485,10,3081,2,7200,1.00324569945
503482,503491,506569,9,3078,2,7200,1.00292397661
503500,503508,506128,8,2620,2,7200,1.00305343511
503519,503527,506475,8,2948,2,7200,1.00271370421
503576,503586,506864,10,3278,2,7200,1.00305064063
503598,503606,506384,8,2778,2,7200,1.00287976962
503689,503697,506704,8,3007,2,7200,1.00266045893
503796,503809,506724,13,2915,2,7200,1.00445969125
503799,503815,506761,16,2946,2,7200,1.00543109301
503829,503837,506487,8,2650,2,7200,1.00301886792
503923,503934,506902,11,2968,2,7200,1.00370619946
503969,503977,507326,8,3349,2,7200,1.00238877277
503984,503990,506828,6,2838,2,7200,1.0021141649
504285,504295,507198,10,2903,2,7200,1.00344471237
504297,504307,507483,10,3176,2,7200,1.00314861461
504318,504328,507226,10,2898,2,7200,1.00345065562
504373,504383,507539,10,3156,2,7200,1.00316856781
504596,504603,507657,7,3054,2,7200,1.00229207597
504660,504668,508023,8,3355,2,7200,1.00238450075
504733,504743,507812,10,3069,2,7200,1.00325839036
504739,504750,507541,11,2791,2,7200,1.0039412397
504818,504829,507870,11,3041,2,7200,1.00361723117
504985,504995,508049,10,3054,2,7200,1.00327439424
505013,505020,507958,7,2938,2,7200,1.00238257318
505055,505066,507974,11,2908,2,7200,1.0037826685
505113,505124,507934,11,2810,2,7200,1.00391459075
505150,505159,507945,9,2786,2,7200,1.0032304379
505239,505251,508034,12,2783,2,7200,1.00431189364
505303,505315,508250,12,2935,2,7200,1.00408858603
505339,505359,508390,20,3031,2,7200,1.00659848235
505424,505439,508496,15,3057,2,7200,1.00490677134
505448,505455,505456,7,1,2,3540,1.0
505589,505599,508767,10,3168,2,7200,1.00315656566
505617,505624,508783,7,3159,2,7200,1.0022158911
505663,505674,508621,11,2947,2,7200,1.00373260943
505854,505865,508711,11,2846,2,7200,1.00386507379
505861,505872,508603,11,2731,2,7200,1.00402782863
506120,506128,509383,8,3255,2,7200,1.0024577573
506129,506140,509096,11,2956,2,7200,1.00372124493
506135,506147,509002,12,2855,2,7200,1.00420315236
506144,506154,508910,10,2756,2,7200,1.00362844702
506257,506268,508893,11,2625,2,7200,1.00419047619
506387,506395,509258,8,2863,2,7200,1.00279427174
506475,506486,509482,11,2996,2,7200,1.00367156208
506488,506498,509628,10,3130,2,7200,1.00319488818
506490,506503,509349,13,2846,2,7200,1.00456781448
506572,506580,509621,8,3041,2,7200,1.00263071358
506706,506722,510041,16,3319,2,7200,1.00482072914
506728,506737,509519,9,2782,2,7200,1.00323508267
506764,506774,509679,10,2905,2,7200,1.00344234079
506829,506839,509885,10,3046,2,7200,1.00328299409
506865,506881,510005,16,3124,2,7200,1.00512163892
506905,506913,509720,8,2807,2,7200,1.00285001781
507201,507209,510394,8,3185,2,7200,1.00251177394
507228,507237,510490,9,3253,2,7200,1.00276667691
507329,507337,510332,8,2995,2,7200,1.00267111853
507484,507494,510472,10,2978,2,7200,1.00335795836
507542,507556,510668,14,3112,2,7200,1.00449871465
507542,507550,510504,8,2954,2,7200,1.00270819228
507661,507673,510624,12,2951,2,7200,1.00406641816
507812,507823,510815,11,2992,2,7200,1.00367647059
507871,507882,510831,11,2949,2,7200,1.00373007799
507937,507947,510943,10,2996,2,7200,1.00333778371
507947,507964,511093,17,3129,2,7200,1.0054330457
507962,507971,511231,9,3260,2,7200,1.0027607362
507977,507991,511015,14,3024,2,7200,1.00462962963
508026,508034,511005,8,2971,2,7200,1.00269269606
508035,508045,510958,10,2913,2,7200,1.00343288706
508050,508062,511303,12,3241,2,7200,1.00370256094
508251,508262,511393,11,3131,2,7200,1.00351325455
508394,508401,511425,7,3024,2,7200,1.00231481481
508497,508508,511419,11,2911,2,7200,1.00377877018
508605,508614,511330,9,2716,2,7200,1.00331369661
508623,508632,511642,9,3010,2,7200,1.00299003322
508713,508722,511855,9,3133,2,7200,1.00287264603
508768,508778,511724,10,2946,2,7200,1.00339443313
508787,508795,511929,8,3134,2,7200,1.00255264837
508893,508904,511982,11,3078,2,7200,1.00357374919
508912,508921,511931,9,3010,2,7200,1.00299003322
509003,509015,511913,12,2898,2,7200,1.00414078675
509097,509107,512027,10,2920,2,7200,1.00342465753
509259,509269,512337,10,3068,2,7200,1.00325945241
509350,509360,512194,10,2834,2,7200,1.00352858151
509387,509394,512593,7,3199,2,7200,1.00218818381
509484,509493,512963,9,3470,2,7200,1.00259365994
509521,509530,512379,9,2849,2,7200,1.00315900316
509624,509632,512743,8,3111,2,7200,1.00257152041
509639,509645,512635,6,2990,2,7200,1.00200668896
509682,509690,512919,8,3229,2,7200,1.00247754723
509722,509731,512490,9,2759,2,7200,1.00326205147
509886,509896,512763,10,2867,2,7200,1.00348796652
510008,510022,513017,14,2995,2,7200,1.00467445743
510045,510053,513211,8,3158,2,7200,1.00253324889
510334,510344,513297,10,2953,2,7200,1.00338638673
510395,510405,513166,10,2761,2,7200,1.00362187613
510474,510483,513302,9,2819,2,7200,1.0031926215
510492,510501,513539,9,3038,2,7200,1.00296247531
510505,510515,513424,10,2909,2,7200,1.00343760743
510626,510635,513589,9,2954,2,7200,1.00304671632
510669,510679,513661,10,2982,2,7200,1.00335345406
510818,510826,513659,8,2833,2,7200,1.00282386163
510833,510842,513841,9,2999,2,7200,1.00300100033
510946,510954,513842,8,2888,2,7200,1.0027700831
510961,510971,514014,10,3043,2,7200,1.00328623069
511007,511018,514090,11,3072,2,7200,1.00358072917
511016,511030,514176,14,3146,2,7200,1.00445009536
511095,511104,513962,9,2858,2,7200,1.00314905528
511232,511242,514695,10,3453,2,7200,1.00289603244
511304,511310,583334,6,72024,1,72000,1.00008330556
511306,511317,514467,11,3150,2,7200,1.00349206349
511330,511341,514411,11,3070,2,7200,1.00358306189
511394,511404,514445,10,3041,2,7200,1.00328839198
511422,511430,514492,8,3062,2,7200,1.00261267146
511437,511443,514522,6,3079,2,7200,1.00194868464
511643,511653,514587,10,2934,2,7200,1.00340831629
511726,511735,514722,9,2987,2,7200,1.00301305658
511858,511866,515028,8,3162,2,7200,1.00253004428
511915,511925,514797,10,2872,2,7200,1.00348189415
511931,511940,514625,9,2685,2,7200,1.00335195531
511933,511947,514922,14,2975,2,7200,1.00470588235
511985,511997,514912,12,2915,2,7200,1.00411663808
512030,512043,515157,13,3114,2,7200,1.00417469493
512194,512205,515366,11,3161,2,7200,1.00347991142
512340,512349,515368,9,3019,2,7200,1.00298111958
512380,512394,515276,14,2882,2,7200,1.00485773768
512493,512501,515576,8,3075,2,7200,1.00260162602
512596,512604,515595,8,2991,2,7200,1.00267469074
512635,512646,515459,11,2813,2,7200,1.00391041593
512745,512754,515536,9,2782,2,7200,1.00323508267
512763,512774,515812,11,3038,2,7200,1.00362080316
512795,512803,556012,8,43209,12,43200,1.00018514661
512922,512930,516049,8,3119,2,7200,1.00256492466
512964,512974,515911,10,2937,2,7200,1.00340483487
513019,513028,515954,9,2926,2,7200,1.0030758715
513168,513178,515810,10,2632,2,7200,1.0037993921
513214,513222,516035,8,2813,2,7200,1.00284393886
513299,513308,516528,9,3220,2,7200,1.00279503106
513305,513315,516618,10,3303,2,7200,1.00302755071
513424,513436,516430,12,2994,2,7200,1.00400801603
513540,513550,516646,10,3096,2,7200,1.00322997416
513592,513602,516671,10,3069,2,7200,1.00325839036
513662,513670,516409,8,2739,2,7200,1.00292077401
513662,513677,516593,15,2916,2,7200,1.00514403292
513843,513853,516707,10,2854,2,7200,1.00350385424
513845,513860,516839,15,2979,2,7200,1.00503524673
513964,513977,516819,13,2842,2,7200,1.00457424349
514016,514026,517043,10,3017,2,7200,1.00331455088
514092,514101,516931,9,2830,2,7200,1.00318021201
514177,514189,517089,12,2900,2,7200,1.00413793103
514412,514422,517599,10,3177,2,7200,1.00314762354
514449,514456,517703,7,3247,2,7200,1.00215583616
514471,514478,517457,7,2979,2,7200,1.00234978181
514495,514509,517318,14,2809,2,7200,1.00498398006
514522,514536,517594,14,3058,2,7200,1.00457815566
514589,514598,517337,9,2739,2,7200,1.00328587076
514626,514639,517737,13,3098,2,7200,1.00419625565
514699,514707,517267,8,2560,2,7200,1.003125
514723,514733,517439,10,2706,2,7200,1.0036954915
514799,514808,517783,9,2975,2,7200,1.00302521008
514915,514924,517740,9,2816,2,7200,1.00319602273
514930,514936,517695,6,2759,2,7200,1.00217470098
515030,515040,518012,10,2972,2,7200,1.00336473755
515158,515168,518061,10,2893,2,7200,1.00345661943
515277,515287,518547,10,3260,2,7200,1.00306748466
515368,515377,518454,9,3077,2,7200,1.00292492688
515383,515390,518176,7,2786,2,7200,1.00251256281
515462,515474,518561,12,3087,2,7200,1.00388726919
515538,515547,518333,9,2786,2,7200,1.0032304379
515578,515587,518571,9,2984,2,7200,1.00301608579
515596,515607,518581,11,2974,2,7200,1.00369872226
515682,515689,515690,7,1,1,240,1.0
515813,515821,518843,8,3022,2,7200,1.00264725347
515814,515828,518589,14,2761,2,7200,1.00507062658
515915,515924,518798,9,2874,2,7200,1.00313152401
515957,515965,518947,8,2982,2,7200,1.00268276325
516039,516047,518813,8,2766,2,7200,1.0028922632
516054,516061,519043,7,2982,2,7200,1.00234741784
516412,516421,519165,9,2744,2,7200,1.00327988338
516431,516441,519636,10,3195,2,7200,1.00312989045
516531,516540,519388,9,2848,2,7200,1.00316011236
516595,516605,519533,10,2928,2,7200,1.00341530055
516619,516629,519560,10,2931,2,7200,1.00341180484
516647,516662,519890,15,3228,2,7200,1.00464684015
516674,516683,519720,9,3037,2,7200,1.00296345077
516708,516718,519650,10,2932,2,7200,1.0034106412
516820,516836,520239,16,3403,2,7200,1.00470173376
516842,516850,519999,8,3149,2,7200,1.00254048904
516933,516944,519859,11,2915,2,7200,1.00377358491
517046,517054,520147,8,3093,2,7200,1.00258648561
517092,517101,520110,9,3009,2,7200,1.00299102692
517269,517278,520164,9,2886,2,7200,1.00311850312
517321,517329,520296,8,2967,2,7200,1.00269632626
517339,517348,520174,9,2826,2,7200,1.00318471338
517443,517450,520534,7,3084,2,7200,1.00226977951
517458,517468,520921,10,3453,2,7200,1.00289603244
517598,517606,520508,8,2902,2,7200,1.0027567195
517601,517618,520725,17,3107,2,7200,1.00547151593
517698,517706,520588,8,2882,2,7200,1.0027758501
517713,517719,520719,6,3000,2,7200,1.002
517735,517748,520553,13,2805,2,7200,1.00463458111
517750,517765,520627,15,2862,2,7200,1.00524109015
517785,517796,520733,11,2937,2,7200,1.00374531835
518015,518024,521350,9,3326,2,7200,1.0027059531
518063,518072,520814,9,2742,2,7200,1.00328227571
518178,518187,521175,9,2988,2,7200,1.00301204819
518336,518345,521573,9,3228,2,7200,1.00278810409
518457,518465,521370,8,2905,2,7200,1.00275387263
518550,518559,521501,9,2942,2,7200,1.00305914344
518563,518573,521514,10,2941,2,7200,1.00340020401
518572,518582,521551,10,2969,2,7200,1.00336813742
518587,518595,521864,8,3269,2,7200,1.00244723157
518602,518608,521550,6,2942,2,7200,1.00203942896
518799,518809,521786,10,2977,2,7200,1.00335908633
518814,518825,522153,11,3328,2,7200,1.00330528846
518845,518855,521762,10,2907,2,7200,1.00343997248
518949,518958,521864,9,2906,2,7200,1.00309704061
519046,519054,522325,8,3271,2,7200,1.00244573525
519168,519176,522104,8,2928,2,7200,1.00273224044
519390,519398,522279,8,2881,2,7200,1.00277681361
519535,519544,522751,9,3207,2,7200,1.00280636109
519563,519571,522707,8,3136,2,7200,1.00255102041
519639,519649,522584,10,2935,2,7200,1.00340715503
519651,519661,522427,10,2766,2,7200,1.00361532899
519721,519732,522834,11,3102,2,7200,1.00354609929
519861,519870,522952,9,3082,2,7200,1.0029201817
519891,519901,522952,10,3051,2,7200,1.0032776139
520001,520010,523015,9,3005,2,7200,1.00299500832
520114,520121,523157,7,3036,2,7200,1.00230566535
520150,520158,523334,8,3176,2,7200,1.00251889169
520165,520175,523043,10,2868,2,7200,1.00348675035
520181,520187,522847,6,2660,2,7200,1.0022556391
520241,520253,523072,12,2819,2,7200,1.00425682866
520299,520318,523695,19,3377,2,7200,1.00562629553
520510,520520,523524,10,3004,2,7200,1.00332889481
520537,520547,523674,10,3127,2,7200,1.00319795331
520556,520564,523773,8,3209,2,7200,1.00249298847
520589,520600,523328,11,2728,2,7200,1.00403225806
520629,520639,523765,10,3126,2,7200,1.00319897633
520720,520731,523485,11,2754,2,7200,1.00399419027
520736,520748,523654,12,2906,2,7200,1.00412938747
520736,520742,523851,6,3109,2,7200,1.00192988099
520815,520825,523591,10,2766,2,7200,1.00361532899
520924,520932,523689,8,2757,2,7200,1.00290170475
521178,521186,524374,8,3188,2,7200,1.00250941029
521351,521361,524616,10,3255,2,7200,1.00307219662
521373,521384,524115,11,2731,2,7200,1.00402782863
521503,521512,524466,9,2954,2,7200,1.00304671632
521516,521525,524537,9,3012,2,7200,1.00298804781
521552,521561,524281,9,2720,2,7200,1.00330882353
521553,521573,524742,20,3169,2,7200,1.00631113916
521577,521585,524564,8,2979,2,7200,1.00268546492
521763,521773,524755,10,2982,2,7200,1.00335345406
521787,521797,524727,10,2930,2,7200,1.00341296928
521823,524943,598828,3120,73885,1,172800,1.04222778642
521866,521875,524926,9,3051,2,7200,1.00294985251
521867,521880,525109,13,3229,2,7200,1.00402601425
522106,522120,525003,14,2883,2,7200,1.00485605272
522154,522164,525018,10,2854,2,7200,1.00350385424
522281,522290,525474,9,3184,2,7200,1.00282663317
522327,522336,525099,9,2763,2,7200,1.00325732899
522430,522439,525485,9,3046,2,7200,1.00295469468
522585,522596,525701,11,3105,2,7200,1.00354267311
522711,522719,525793,8,3074,2,7200,1.00260247235
522753,522761,525666,8,2905,2,7200,1.00275387263
522835,522847,526172,12,3325,2,7200,1.00360902256
522845,522858,525855,13,2997,2,7200,1.004337671
522955,522966,526225,11,3259,2,7200,1.00337526849
522956,522971,525967,15,2996,2,7200,1.00500667557
523016,523026,526226,10,3200,2,7200,1.003125
523044,523054,526133,10,3079,2,7200,1.00324780773
523075,523083,526024,8,2941,2,7200,1.00272016321
523159,523168,526214,9,3046,2,7200,1.00295469468
523330,523345,526267,15,2922,2,7200,1.00513347023
523335,523351,526284,16,2933,2,7200,1.00545516536
523488,523496,526358,8,2862,2,7200,1.00279524808
523527,523541,526867,14,3326,2,7200,1.00420926037
523592,523608,526260,16,2652,2,7200,1.0060331825
523658,523666,526462,8,2796,2,7200,1.00286123033
523676,523685,526883,9,3198,2,7200,1.00281425891
523691,523700,526965,9,3265,2,7200,1.00275650842
523706,523713,526614,7,2901,2,7200,1.00241296105
523766,523776,526732,10,2956,2,7200,1.00338294993
523781,523787,526673,6,2886,2,7200,1.00207900208
523853,523863,526748,10,2885,2,7200,1.00346620451
524117,524126,526935,9,2809,2,7200,1.00320398718
524281,524292,527359,11,3067,2,7200,1.00358656668
524376,524388,527400,12,3012,2,7200,1.00398406375
524468,524477,527356,9,2879,2,7200,1.00312608545
524538,524548,527370,10,2822,2,7200,1.00354358611
524565,524575,527340,10,2765,2,7200,1.00361663653
524617,524627,527492,10,2865,2,7200,1.0034904014
524729,524739,527876,10,3137,2,7200,1.00318775901
524744,524753,527686,9,2933,2,7200,1.00306853051
524759,524767,527850,8,3083,2,7200,1.00259487512
524929,524937,527794,8,2857,2,7200,1.00280014001
525006,525015,527871,9,2856,2,7200,1.0031512605
525021,525034,527744,13,2710,2,7200,1.00479704797
525100,525110,528007,10,2897,2,7200,1.00345184674
525112,525120,528379,8,3259,2,7200,1.00245474072
525475,525485,528216,10,2731,2,7200,1.00366166239
525488,525497,528514,9,3017,2,7200,1.00298309579
525667,525677,528547,10,2870,2,7200,1.00348432056
525703,525712,528648,9,2936,2,7200,1.0030653951
525795,525806,529028,11,3222,2,7200,1.00341402855
525859,525866,528609,7,2743,2,7200,1.00255195042
525968,525978,529032,10,3054,2,7200,1.00327439424
526026,526035,529203,9,3168,2,7200,1.00284090909
526135,526144,529224,9,3080,2,7200,1.00292207792
526173,526184,529244,11,3060,2,7200,1.00359477124
526215,526226,528839,11,2613,2,7200,1.00420972063
526227,526237,529051,10,2814,2,7200,1.00355366027
526230,526243,529167,13,2924,2,7200,1.00444596443
526264,526276,528892,12,2616,2,7200,1.00458715596
526279,526285,529279,6,2994,2,7200,1.00200400802
526285,526295,529214,10,2919,2,7200,1.00342583076
526361,526372,529407,11,3035,2,7200,1.00362438221
526465,526473,529490,8,3017,2,7200,1.0026516407
526617,526625,529669,8,3044,2,7200,1.00262812089
526675,526684,529423,9,2739,2,7200,1.00328587076
526733,526743,529687,10,2944,2,7200,1.00339673913
526751,526759,529651,8,2892,2,7200,1.00276625173
526870,526878,529886,8,3008,2,7200,1.00265957447
526885,526894,529907,9,3013,2,7200,1.00298705609
526937,526946,530218,9,3272,2,7200,1.00275061125
526967,526985,529882,18,2897,2,7200,1.00621332413
527053,527060,527067,7,7,1,3600,1.4
527174,527180,527300,6,120,1,3600,1.05
527342,527353,530087,11,2734,2,7200,1.00402340892
527358,527368,530195,10,2827,2,7200,1.00353731871
527373,527379,530439,6,3060,2,7200,1.00196078431
527373,527385,530419,12,3034,2,7200,1.00395517469
527401,527411,530309,10,2898,2,7200,1.00345065562
527430,527445,527738,15,293,1,3600,1.05119453925
527495,527506,530442,11,2936,2,7200,1.00374659401
527688,527698,530793,10,3095,2,7200,1.00323101777
527745,527756,530638,11,2882,2,7200,1.00381679389
527798,527805,530916,7,3111,2,7200,1.00225008036
527853,527861,530585,8,2724,2,7200,1.00293685756
527875,527882,530893,7,3011,2,7200,1.00232480903
527878,527889,530700,11,2811,2,7200,1.00391319815
527972,527982,528640,10,658,1,3600,1.01519756839
528009,528018,530887,9,2869,2,7200,1.00313698153
528220,528232,531070,12,2838,2,7200,1.00422832981
528382,528393,531327,11,2934,2,7200,1.00374914792
528516,528529,531908,13,3379,2,7200,1.0038472921
528550,528558,531751,8,3193,2,7200,1.00250548074
528611,528620,531474,9,2854,2,7200,1.00315346882
528650,528659,531560,9,2901,2,7200,1.00310237849
528841,528850,531938,9,3088,2,7200,1.00291450777
528893,528903,532022,10,3119,2,7200,1.00320615582
529030,529043,532358,13,3315,2,7200,1.00392156863
529045,529051,532331,6,3280,2,7200,1.00182926829
529060,529066,531895,6,2829,2,7200,1.00212089077
529156,529164,532770,8,3606,1,3600,1.00221852468
529170,529182,532137,12,2955,2,7200,1.00406091371
529206,529216,532107,10,2891,2,7200,1.00345901072
529217,529230,532246,13,3016,2,7200,1.00431034483
529225,529237,532150,12,2913,2,7200,1.00411946447
529247,529256,532398,9,3142,2,7200,1.00286441757
529283,529292,532281,9,2989,2,7200,1.00301104048
529410,529418,532677,8,3259,2,7200,1.00245474072
529425,529434,532361,9,2927,2,7200,1.00307482064
529491,529501,532510,10,3009,2,7200,1.00332336324
529653,529662,532363,9,2701,2,7200,1.00333209922
529670,529681,532736,11,3055,2,7200,1.00360065466
529690,529698,532612,8,2914,2,7200,1.00274536719
529883,529899,533078,16,3179,2,7200,1.00503302925
529898,529906,532809,8,2903,2,7200,1.00275576989
529913,529919,533009,6,3090,2,7200,1.00194174757
530090,530099,533273,9,3174,2,7200,1.00283553875
530199,530206,533529,7,3323,2,7200,1.00210653024
530221,530233,533085,12,2852,2,7200,1.00420757363
530312,530324,532964,12,2640,2,7200,1.00454545455
530422,530430,533396,8,2966,2,7200,1.00269723533
530443,530450,533306,7,2856,2,7200,1.00245098039
530444,530457,533417,13,2960,2,7200,1.00439189189
530587,530598,533570,11,2972,2,7200,1.00370121131
530603,530611,530619,8,8,1,1800,1.6
530641,530650,533563,9,2913,2,7200,1.00308959835
530702,530712,533575,10,2863,2,7200,1.00349283968
530765,530772,530850,7,78,1,1800,1.08974358974
530795,530805,533596,10,2791,2,7200,1.00358294518
530889,530898,533628,9,2730,2,7200,1.0032967033
530904,530910,534115,6,3205,2,7200,1.00187207488
530917,530934,534067,17,3133,2,7200,1.00542610916
530983,530990,531289,7,299,1,3600,1.02341137124
531059,531066,531166,7,100,1,1800,1.07
531072,531081,533973,9,2892,2,7200,1.0031120332
531331,531339,534398,8,3059,2,7200,1.00261523374
531421,531427,532353,6,926,1,3600,1.00647948164
531477,531486,534301,9,2815,2,7200,1.00319715808
531562,531572,534356,10,2784,2,7200,1.00359195402
531753,531762,534699,9,2937,2,7200,1.00306435138
531849,531855,532228,6,373,1,1800,1.01608579088
531896,531908,534857,12,2949,2,7200,1.00406917599
531912,531922,534790,10,2868,2,7200,1.00348675035
531939,531949,535186,10,3237,2,7200,1.0030892802
532024,532039,535129,15,3090,2,7200,1.00485436893
532109,532118,535245,9,3127,2,7200,1.00287815798
532140,532148,535072,8,2924,2,7200,1.00273597811
532152,532162,534890,10,2728,2,7200,1.00366568915
532247,532257,535223,10,2966,2,7200,1.00337154417
532284,532292,535255,8,2963,2,7200,1.00269996625
532332,532342,535244,10,2902,2,7200,1.00344589938
532360,532369,535088,9,2719,2,7200,1.00331004046
532375,532381,535372,6,2991,2,7200,1.00200601805
532377,532387,535102,10,2715,2,7200,1.00368324125
532400,532409,535476,9,3067,2,7200,1.00293446365
532512,532523,535441,11,2918,2,7200,1.00376970528
532585,532591,533436,6,845,1,3600,1.00710059172
532614,532623,535350,9,2727,2,7200,1.00330033003
532681,532689,535846,8,3157,2,7200,1.00253405131
532738,532747,535504,9,2757,2,7200,1.00326441785
532811,532820,535850,9,3030,2,7200,1.00297029703
532879,532885,532974,6,89,1,3600,1.06741573034
532966,532978,535942,12,2964,2,7200,1.004048583
533011,533021,536000,10,2979,2,7200,1.00335683115
533038,533049,533057,11,8,1,1800,1.9
533081,533089,536037,8,2948,2,7200,1.00271370421
533088,533096,536119,8,3023,2,7200,1.00264637777
533111,533120,533674,9,554,1,3600,1.01624548736
533273,533284,536669,11,3385,2,7200,1.00324963072
533309,533318,536123,9,2805,2,7200,1.00320855615
533389,533395,533436,6,41,1,1800,1.14634146341
533398,533407,536150,9,2743,2,7200,1.00328107911
533419,533431,536414,12,2983,2,7200,1.00402279584
533532,533540,536746,8,3206,2,7200,1.00249532127
533566,533574,536566,8,2992,2,7200,1.00267379679
533571,533593,536726,22,3133,2,7200,1.00702202362
533586,533599,536636,13,3037,2,7200,1.00428054001
533602,533617,536760,15,3143,2,7200,1.00477251034
533630,533645,536469,15,2824,2,7200,1.00531161473
533721,533727,533812,6,85,1,1800,1.07058823529
533967,533973,534867,6,894,1,3600,1.0067114094
533976,533984,536783,8,2799,2,7200,1.00285816363
534068,534078,536832,10,2754,2,7200,1.00363108206
534117,534126,537046,9,2920,2,7200,1.00308219178
534302,534312,537124,10,2812,2,7200,1.00355618777
534327,534338,534600,11,262,1,3600,1.04198473282
534357,534367,537247,10,2880,2,7200,1.00347222222
534400,534410,537426,10,3016,2,7200,1.00331564987
534590,534597,534849,7,252,1,1800,1.02777777778
534700,534710,537538,10,2828,2,7200,1.00353606789
534723,534731,535031,8,300,1,3600,1.02666666667
534792,534802,537706,10,2904,2,7200,1.00344352617
534859,534868,537709,9,2841,2,7200,1.00316789863
534892,534901,537622,9,2721,2,7200,1.0033076075
535074,535083,538168,9,3085,2,7200,1.00291734198
535090,535100,538031,10,2931,2,7200,1.00341180484
535105,535113,537794,8,2681,2,7200,1.00298396121
535132,535143,538463,11,3320,2,7200,1.00331325301
535187,535197,538239,10,3042,2,7200,1.00328731098
535224,535234,538154,10,2920,2,7200,1.00342465753
535246,535255,538007,9,2752,2,7200,1.00327034884
535247,535262,538015,15,2753,2,7200,1.00544860153
535263,535268,538498,5,3230,2,7200,1.00154798762
535323,535329,535933,6,604,1,3600,1.00993377483
535351,535361,538380,10,3019,2,7200,1.00331235508
535375,535389,538077,14,2688,2,7200,1.00520833333
535445,535452,538250,7,2798,2,7200,1.00250178699
535478,535487,538451,9,2964,2,7200,1.00303643725
535506,535516,538340,10,2824,2,7200,1.00354107649
535847,535857,538829,10,2972,2,7200,1.00336473755
535853,535864,538930,11,3066,2,7200,1.00358773646
535944,535954,539143,10,3189,2,7200,1.00313577924
536002,536011,539066,9,3055,2,7200,1.00294599018
536039,536048,539082,9,3034,2,7200,1.00296638102
536121,536130,539108,9,2978,2,7200,1.00302216253
536127,536136,539136,9,3000,2,7200,1.003
536152,536167,539458,15,3291,2,7200,1.00455788514
536415,536425,539619,10,3194,2,7200,1.00313087038
536470,536480,539645,10,3165,2,7200,1.00315955766
536567,536577,539713,10,3136,2,7200,1.00318877551
536637,536648,539489,11,2841,2,7200,1.0038718761
536671,536680,539787,9,3107,2,7200,1.00289668491
536729,536738,539597,9,2859,2,7200,1.00314795383
536747,536757,539762,10,3005,2,7200,1.00332778702
536762,536771,539631,9,2860,2,7200,1.00314685315
536787,536794,539464,7,2670,2,7200,1.00262172285
536829,536843,539739,14,2896,2,7200,1.00483425414
537049,537057,539761,8,2704,2,7200,1.00295857988
537125,537135,540247,10,3112,2,7200,1.00321336761
537249,537258,540017,9,2759,2,7200,1.00326205147
537428,537437,540384,9,2947,2,7200,1.00305395317
537541,537552,540448,11,2896,2,7200,1.00379834254
537621,537633,540755,12,3122,2,7200,1.00384368994
537702,537717,540871,15,3154,2,7200,1.00475586557
537718,537724,540981,6,3257,2,7200,1.00184218606
537796,537805,540693,9,2888,2,7200,1.00311634349
538009,538020,540906,11,2886,2,7200,1.00381150381
538024,538032,541207,8,3175,2,7200,1.00251968504
538039,538049,541131,10,3082,2,7200,1.00324464633
538079,538094,540566,15,2472,2,7200,1.00606796117
538156,538166,541101,10,2935,2,7200,1.00340715503
538171,538179,541363,8,3184,2,7200,1.00251256281
538241,538251,541072,10,2821,2,7200,1.00354484225
538256,538263,541301,7,3038,2,7200,1.00230414747
538285,538291,538370,6,79,1,1800,1.07594936709
538341,538356,541206,15,2850,2,7200,1.00526315789
538384,538391,540964,7,2573,2,7200,1.00272055966
538454,538462,541373,8,2911,2,7200,1.0027481965
538464,538481,541569,17,3088,2,7200,1.00550518135
538501,538509,541517,8,3008,2,7200,1.00265957447
538590,538597,538689,7,92,1,1800,1.07608695652
538832,538840,541690,8,2850,2,7200,1.00280701754
538932,538941,541796,9,2855,2,7200,1.00315236427
539069,539077,542156,8,3079,2,7200,1.00259824618
539084,539094,541877,10,2783,2,7200,1.0035932447
539109,539119,541803,10,2684,2,7200,1.00372578241
539139,539150,542103,11,2953,2,7200,1.0037250254
539146,539157,542115,11,2958,2,7200,1.00371872887
539149,539163,539528,14,365,1,1800,1.03835616438
539462,539474,542594,12,3120,2,7200,1.00384615385
539468,539480,542367,12,2887,2,7200,1.00415656391
539492,539500,542528,8,3028,2,7200,1.00264200793
539599,539609,542569,10,2960,2,7200,1.00337837838
539620,539630,542553,10,2923,2,7200,1.00342114266
539636,539642,542739,6,3097,2,7200,1.00193735873
539646,539656,542602,10,2946,2,7200,1.00339443313
539715,539724,542629,9,2905,2,7200,1.00309810671
539742,539760,542684,18,2924,2,7200,1.00615595075
539764,539779,542866,15,3087,2,7200,1.00485908649
539764,539772,542585,8,2813,2,7200,1.00284393886
539788,539803,542691,15,2888,2,7200,1.00519390582
540018,540028,542941,10,2913,2,7200,1.00343288706
540250,540312,543206,62,2894,2,7200,1.02142363511
540384,540395,543384,11,2989,2,7200,1.00368016059
540451,540460,543747,9,3287,2,7200,1.00273805902
540567,540577,543647,10,3070,2,7200,1.00325732899
540620,540633,540671,13,38,1,1800,1.34210526316
540695,540704,543719,9,3015,2,7200,1.00298507463
540756,540768,543594,12,2826,2,7200,1.0042462845
540873,540886,544046,13,3160,2,7200,1.00411392405
540897,540903,540975,6,72,1,1800,1.08333333333
540907,540917,543729,10,2812,2,7200,1.00355618777
540962,540975,544124,13,3149,2,7200,1.0041282947
540983,540992,543899,9,2907,2,7200,1.00309597523
541074,541084,543908,10,2824,2,7200,1.00354107649
541102,541112,543948,10,2836,2,7200,1.00352609309
541132,541147,544240,15,3093,2,7200,1.00484966052
541208,541217,544030,9,2813,2,7200,1.00319943121
541209,541223,544035,14,2812,2,7200,1.00497866287
541303,541312,544253,9,2941,2,7200,1.00306018361
541367,541375,544279,8,2904,2,7200,1.00275482094
541382,541387,544413,5,3026,2,7200,1.00165234633
541519,541529,544876,10,3347,2,7200,1.00298775022
541558,541569,541808,11,239,1,1800,1.0460251046
541571,541582,544437,11,2855,2,7200,1.00385288967
541692,541702,544698,10,2996,2,7200,1.00333778371
541799,541807,544529,8,2722,2,7200,1.00293901543
541806,541814,544846,8,3032,2,7200,1.00263852243
541878,541888,544886,10,2998,2,7200,1.00333555704
542106,542114,545090,8,2976,2,7200,1.00268817204
542119,542127,545049,8,2922,2,7200,1.00273785079
542158,542167,545343,9,3176,2,7200,1.00283375315
542369,542378,545778,9,3400,2,7200,1.00264705882
542529,542539,545734,10,3195,2,7200,1.00312989045
542554,542564,545432,10,2868,2,7200,1.00348675035
542572,542580,545557,8,2977,2,7200,1.00268726906
542587,542598,545747,11,3149,2,7200,1.00349317244
542597,542616,545556,19,2940,2,7200,1.00646258503
542612,542623,545480,11,2857,2,7200,1.00385019251
542630,542641,545746,11,3105,2,7200,1.00354267311
542685,542695,545574,10,2879,2,7200,1.00347342827
542691,542702,545722,11,3020,2,7200,1.00364238411
542743,542751,545803,8,3052,2,7200,1.00262123198
542868,542877,545896,9,3019,2,7200,1.00298111958
542943,542952,545968,9,3016,2,7200,1.00298408488
543209,543218,546120,9,2902,2,7200,1.00310130944
543385,543395,546287,10,2892,2,7200,1.00345781466
543596,543605,546520,9,2915,2,7200,1.00308747856
543651,543659,546170,8,2511,2,7200,1.00318598168
543720,543730,546473,10,2743,2,7200,1.00364564346
543735,543741,546447,6,2706,2,7200,1.0022172949
543748,543758,546749,10,2991,2,7200,1.00334336342
543900,543910,546912,10,3002,2,7200,1.00333111259
543909,543918,546842,9,2924,2,7200,1.00307797538
543949,543959,546924,10,2965,2,7200,1.00337268128
544031,544043,547204,12,3161,2,7200,1.003796267
544037,544049,547089,12,3040,2,7200,1.00394736842
544049,544056,546928,7,2872,2,7200,1.00243732591
544125,544135,547072,10,2937,2,7200,1.00340483487
544240,544251,547231,11,2980,2,7200,1.00369127517
544256,544265,547448,9,3183,2,7200,1.00282752121
544280,544294,547249,14,2955,2,7200,1.00473773266
544414,544430,547278,16,2848,2,7200,1.00561797753
544439,544448,547616,9,3168,2,7200,1.00284090909
544530,544545,547506,15,2961,2,7200,1.00506585613
544701,544710,547663,9,2953,2,7200,1.00304774805
544849,544857,547645,8,2788,2,7200,1.00286944046
544880,544888,547818,8,2930,2,7200,1.00273037543
544889,544897,547799,8,2902,2,7200,1.0027567195
545050,545060,548478,10,3418,2,7200,1.00292568754
545093,545107,548155,14,3048,2,7200,1.00459317585
545346,545354,548368,8,3014,2,7200,1.00265428003
545434,545444,548433,10,2989,2,7200,1.00334560054
545483,545492,548256,9,2764,2,7200,1.00325615051
545559,545568,548581,9,3013,2,7200,1.00298705609
545560,545573,548666,13,3093,2,7200,1.00420303912
545577,545589,548649,12,3060,2,7200,1.00392156863
545723,545733,548689,10,2956,2,7200,1.00338294993
545735,545745,548832,10,3087,2,7200,1.00323939099
545748,545759,548541,11,2782,2,7200,1.00395398994
545751,545765,548434,14,2669,2,7200,1.00524541027
545781,545794,548742,13,2948,2,7200,1.00440976934
545806,545814,548667,8,2853,2,7200,1.0028040659
545898,545908,548879,10,2971,2,7200,1.00336587008
545970,545980,549169,10,3189,2,7200,1.00313577924
546123,546131,548940,8,2809,2,7200,1.00284798861
546171,546187,549338,16,3151,2,7200,1.00507775309
546288,546298,549334,10,3036,2,7200,1.00329380764
546449,546458,549348,9,2890,2,7200,1.00311418685
546473,546489,549641,16,3152,2,7200,1.00507614213
546522,546531,549486,9,2955,2,7200,1.00304568528
546628,579718,582299,33090,2581,1,72000,13.8206121658
546751,546761,549937,10,3176,2,7200,1.00314861461
546845,546853,549804,8,2951,2,7200,1.00271094544
546915,546923,549814,8,2891,2,7200,1.00276720858
546927,546945,549993,18,3048,2,7200,1.00590551181
546930,546951,549985,21,3034,2,7200,1.0069215557
547073,547083,549680,10,2597,2,7200,1.00385059684
547092,547101,550056,9,2955,2,7200,1.00304568528
547207,547215,550122,8,2907,2,7200,1.00275197798
547235,547242,549950,7,2708,2,7200,1.00258493353
547250,547260,550395,10,3135,2,7200,1.00318979266
547281,547289,550378,8,3089,2,7200,1.0025898349
547452,547460,550380,8,2920,2,7200,1.00273972603
547507,547517,550610,10,3093,2,7200,1.00323310702
547619,547627,550578,8,2951,2,7200,1.00271094544
547647,547659,550706,12,3047,2,7200,1.00393829997
547660,586555,870974,38895,284419,6,540000,1.13675246731
547665,547676,550611,11,2935,2,7200,1.00374787053
547802,547810,550833,8,3023,2,7200,1.00264637777
547820,547829,550842,9,3013,2,7200,1.00298705609
547833,547843,557897,10,10054,16,28800,1.000994629
548159,548167,551061,8,2894,2,7200,1.00276434001
548259,548267,551149,8,2882,2,7200,1.0027758501
548368,548379,551615,11,3236,2,7200,1.00339925834
548435,548445,551584,10,3139,2,7200,1.00318572794
548437,548450,551674,13,3224,2,7200,1.00403225806
548481,548489,551651,8,3162,2,7200,1.00253004428
548542,548552,551857,10,3305,2,7200,1.00302571861
548583,548592,551531,9,2939,2,7200,1.00306226608
548650,548660,551721,10,3061,2,7200,1.00326690624
548667,548681,551538,14,2857,2,7200,1.00490024501
548668,548686,552033,18,3347,2,7200,1.0053779504
548692,548700,551547,8,2847,2,7200,1.00280997541
548745,548753,551786,8,3033,2,7200,1.00263765249
548836,548843,551717,7,2874,2,7200,1.00243562978
548881,548890,551957,9,3067,2,7200,1.00293446365
548942,548951,551827,9,2876,2,7200,1.00312934631
549171,549180,552424,9,3244,2,7200,1.00277435265
549335,549345,552481,10,3136,2,7200,1.00318877551
549341,549352,552261,11,2909,2,7200,1.00378136817
549357,549363,552299,6,2936,2,7200,1.00204359673
549488,549498,552533,10,3035,2,7200,1.00329489292
549643,549652,552625,9,2973,2,7200,1.00302724521
549683,549691,552770,8,3079,2,7200,1.00259824618
549805,549816,552752,11,2936,2,7200,1.00374659401
549818,549825,552622,7,2797,2,7200,1.00250268144
549939,549948,552920,9,2972,2,7200,1.0030282638
549951,549967,552926,16,2959,2,7200,1.00540723217
549988,549996,553137,8,3141,2,7200,1.00254695957
549994,550004,553084,10,3080,2,7200,1.00324675325
550059,550067,553079,8,3012,2,7200,1.0026560425
550126,550135,553204,9,3069,2,7200,1.00293255132
550305,586560,732527,36255,145967,6,540000,1.24837805805
550381,550389,553731,8,3342,2,7200,1.00239377618
550382,550395,553460,13,3065,2,7200,1.00424143556
550397,550409,553638,12,3229,2,7200,1.00371632084
550582,550590,553409,8,2819,2,7200,1.00283788578
550606,550622,553587,16,2965,2,7200,1.00539629005
550613,550628,553862,15,3234,2,7200,1.00463821892
550707,550717,553719,10,3002,2,7200,1.00333111259
550835,550844,553690,9,2846,2,7200,1.0031623331
550843,550853,553660,10,2807,2,7200,1.00356252227
551063,551072,554274,9,3202,2,7200,1.00281074329
551151,551167,554187,16,3020,2,7200,1.00529801325
551533,551542,554677,9,3135,2,7200,1.0028708134
551539,551549,554502,10,2953,2,7200,1.00338638673
551554,551561,554512,7,2951,2,7200,1.00237207726
551585,551595,554484,10,2889,2,7200,1.00346140533
551615,551626,554722,11,3096,2,7200,1.00355297158
551652,551662,554843,10,3181,2,7200,1.00314366551
551677,551690,554855,13,3165,2,7200,1.00410742496
551720,551728,554594,8,2866,2,7200,1.00279134682
551735,551741,554706,6,2965,2,7200,1.00202360877
551789,551798,554563,9,2765,2,7200,1.00325497288
551830,551839,554700,9,2861,2,7200,1.00314575323
551860,551870,554851,10,2981,2,7200,1.003354579
551960,551969,554853,9,2884,2,7200,1.00312066574
552037,552045,554940,8,2895,2,7200,1.00276338515
552262,552272,555341,10,3069,2,7200,1.00325839036
552302,552314,555064,12,2750,2,7200,1.00436363636
552427,552436,555273,9,2837,2,7200,1.00317236517
552484,552492,555377,8,2885,2,7200,1.0027729636
552536,552544,555588,8,3044,2,7200,1.00262812089
552625,552634,555881,9,3247,2,7200,1.00277178934
552640,552646,555449,6,2803,2,7200,1.00214056368
552756,552764,555662,8,2898,2,7200,1.0027605245
552771,552781,555847,10,3066,2,7200,1.0032615786
552924,552932,555754,8,2822,2,7200,1.00283486889
552927,552943,555884,16,2941,2,7200,1.00544032642
553083,553091,556324,8,3233,2,7200,1.00247448191
553098,553104,556078,6,2974,2,7200,1.00201748487
553138,553148,555909,10,2761,2,7200,1.00362187613
553205,553217,555694,12,2477,2,7200,1.00484457004
553410,553420,556627,10,3207,2,7200,1.00311817898
553462,553471,556463,9,2992,2,7200,1.00300802139
553590,553598,556528,8,2930,2,7200,1.00273037543
553642,553650,556769,8,3119,2,7200,1.00256492466
553663,553671,556794,8,3123,2,7200,1.00256163945
553694,553702,556929,8,3227,2,7200,1.00247908274
553721,553730,556648,9,2918,2,7200,1.00308430432
553734,553742,556777,8,3035,2,7200,1.00263591433
553865,553874,556699,9,2825,2,7200,1.00318584071
554188,554198,557142,10,2944,2,7200,1.00339673913
554276,554285,556963,9,2678,2,7200,1.00336071695
554486,554500,557449,14,2949,2,7200,1.00474737199
554504,554514,557324,10,2810,2,7200,1.00355871886
554519,554528,557555,9,3027,2,7200,1.00297324083
554565,554574,557518,9,2944,2,7200,1.00305706522
554596,554605,557381,9,2776,2,7200,1.00324207493
554678,554689,557581,11,2892,2,7200,1.00380359613
554702,554712,557538,10,2826,2,7200,1.00353857042
554709,554719,557916,10,3197,2,7200,1.00312793244
554724,554734,557660,10,2926,2,7200,1.003417635
554845,554854,557687,9,2833,2,7200,1.00317684433
554858,554863,557825,5,2962,2,7200,1.00168804862
554860,554870,557392,10,2522,2,7200,1.00396510706
554862,554876,557772,14,2896,2,7200,1.00483425414
554943,554954,557944,11,2990,2,7200,1.00367892977
555066,555075,557877,9,2802,2,7200,1.00321199143
555276,555284,558183,8,2899,2,7200,1.00275957227
555343,555352,558403,9,3051,2,7200,1.00294985251
555380,555389,558130,9,2741,2,7200,1.00328347318
555452,555461,558338,9,2877,2,7200,1.0031282586
555589,555605,558392,16,2787,2,7200,1.00574094008
555665,555678,558691,13,3013,2,7200,1.00431463657
555696,555705,558874,9,3169,2,7200,1.00284001262
555757,555766,558900,9,3134,2,7200,1.00287172942
555849,555863,559016,14,3153,2,7200,1.00444021567
555883,555892,558765,9,2873,2,7200,1.00313261399
555897,555904,558462,7,2558,2,7200,1.0027365129
555913,555920,558802,7,2882,2,7200,1.00242886884
556080,556089,559089,9,3000,2,7200,1.003
556326,556335,559359,9,3024,2,7200,1.00297619048
556466,556475,559447,9,2972,2,7200,1.0030282638
556530,556539,559248,9,2709,2,7200,1.00332225914
556630,556639,559544,9,2905,2,7200,1.00309810671
556651,556659,559375,8,2716,2,7200,1.0029455081
556700,556710,559663,10,2953,2,7200,1.00338638673
556739,582311,598786,25572,16475,1,158400,2.55216995448
556770,556786,559650,16,2864,2,7200,1.00558659218
556785,556798,559665,13,2867,2,7200,1.00453435647
556795,556816,559852,21,3036,2,7200,1.00691699605
556931,556940,560014,9,3074,2,7200,1.00292778139
556950,586383,599134,29433,12751,1,172800,3.30828954592
556964,556981,560135,17,3154,2,7200,1.00538998098
557144,557153,560406,9,3253,2,7200,1.00276667691
557326,557336,560313,10,2977,2,7200,1.00335908633
557384,557393,560401,9,3008,2,7200,1.00299202128
557393,557412,560359,19,2947,2,7200,1.00644723448
557451,557460,560084,9,2624,2,7200,1.00342987805
557521,557530,560636,9,3106,2,7200,1.00289761751
557539,557549,560231,10,2682,2,7200,1.00372856078
557557,557566,560503,9,2937,2,7200,1.00306435138
557582,557592,560769,10,3177,2,7200,1.00314762354
557661,557671,560590,10,2919,2,7200,1.00342583076
557689,557699,560314,10,2615,2,7200,1.00382409178
557774,557784,560902,10,3118,2,7200,1.00320718409
557826,557836,561104,10,3268,2,7200,1.00305997552
557878,557888,560638,10,2750,2,7200,1.00363636364
557917,557927,561027,10,3100,2,7200,1.00322580645
557948,557956,560953,8,2997,2,7200,1.002669336
558132,558141,561233,9,3092,2,7200,1.00291073739
558183,558194,561149,11,2955,2,7200,1.00372250423
558339,558349,561332,10,2983,2,7200,1.00335232987
558394,558403,561559,9,3156,2,7200,1.00285171103
558409,558415,561116,6,2701,2,7200,1.00222139948
558464,558473,561439,9,2966,2,7200,1.00303438975
558693,558702,561811,9,3109,2,7200,1.00289482149
558768,558776,561720,8,2944,2,7200,1.0027173913
558804,558813,561791,9,2978,2,7200,1.00302216253
558843,558854,575335,11,16481,1,21600,1.00066743523
558877,558885,561812,8,2927,2,7200,1.0027331739
558903,558911,561946,8,3035,2,7200,1.00263591433
559017,559027,561953,10,2926,2,7200,1.003417635
559091,559106,562115,15,3009,2,7200,1.00498504487
559251,559263,561949,12,2686,2,7200,1.00446760983
559362,559371,562487,9,3116,2,7200,1.00288831836
559376,559386,562271,10,2885,2,7200,1.00346620451
559450,559459,562398,9,2939,2,7200,1.00306226608
559547,559555,562675,8,3120,2,7200,1.00256410256
559654,559664,562672,10,3008,2,7200,1.00332446809
559670,559678,562672,8,2994,2,7200,1.00267201069
559671,559684,562835,13,3151,2,7200,1.00412567439
559746,586423,635701,26677,49278,1,72000,1.54135719794
559763,586576,658596,26813,72020,1,72000,1.37229936129
559809,586566,845431,26757,258865,4,324000,1.10336275665
559836,586571,878231,26735,291660,4,324000,1.09166495234
559854,559866,562461,12,2595,2,7200,1.00462427746
560018,560030,563036,12,3006,2,7200,1.00399201597
560088,560095,562939,7,2844,2,7200,1.00246132208
560136,560146,563060,10,2914,2,7200,1.00343170899
560234,560242,563336,8,3094,2,7200,1.00258564964
560316,560324,563345,8,3021,2,7200,1.00264812976
560318,560330,563162,12,2832,2,7200,1.00423728814
560360,560371,563294,11,2923,2,7200,1.00376325693
560404,560413,563678,9,3265,2,7200,1.00275650842
560409,560419,563281,10,2862,2,7200,1.0034940601
560506,560517,563608,11,3091,2,7200,1.00355871886
560593,560605,563273,12,2668,2,7200,1.00449775112
560639,560649,563748,10,3099,2,7200,1.00322684737
560640,560655,563570,15,2915,2,7200,1.0051457976
560770,560780,563768,10,2988,2,7200,1.00334672021
560905,560914,564058,9,3144,2,7200,1.00286259542
560956,560964,563807,8,2843,2,7200,1.00281392895
561029,561038,563950,9,2912,2,7200,1.00309065934
561108,561115,564016,7,2901,2,7200,1.00241296105
561118,561128,564363,10,3235,2,7200,1.00309119011
561150,561160,564282,10,3122,2,7200,1.00320307495
561235,561244,564016,9,2772,2,7200,1.00324675325
561334,561343,564293,9,2950,2,7200,1.00305084746
561440,561450,564335,10,2885,2,7200,1.00346620451
561451,561458,561745,7,287,16,9660,1.0243902439
561561,561570,564431,9,2861,2,7200,1.00314575323
561723,561735,564756,12,3021,2,7200,1.00397219464
561744,561750,571296,6,9546,16,9660,1.00062853551
561793,561803,565011,10,3208,2,7200,1.00311720698
561814,561822,564859,8,3037,2,7200,1.00263417847
561815,561829,564768,14,2939,2,7200,1.00476352501
561949,561962,564984,13,3022,2,7200,1.0043017869
561951,561968,564628,17,2660,2,7200,1.00639097744
561967,561974,564917,7,2943,2,7200,1.00237852531
562119,562127,565203,8,3076,2,7200,1.00260078023
562272,562282,565219,10,2937,2,7200,1.00340483487
562400,562410,565258,10,2848,2,7200,1.00351123596
562465,562472,565277,7,2805,2,7200,1.00249554367
562489,562499,565340,10,2841,2,7200,1.00351988736
562668,562685,565873,17,3188,2,7200,1.00533249686
562674,562691,565700,17,3009,2,7200,1.00564971751
562683,562697,565786,14,3089,2,7200,1.00453221107
562838,562846,565788,8,2942,2,7200,1.00271923861
562942,562954,565929,12,2975,2,7200,1.00403361345
563040,563047,566049,7,3002,2,7200,1.00233177881
563061,563071,566078,10,3007,2,7200,1.00332557366
563164,563178,566032,14,2854,2,7200,1.00490539594
563274,563285,565908,11,2623,2,7200,1.00419367137
563284,563292,566308,8,3016,2,7200,1.00265251989
563299,563305,566513,6,3208,2,7200,1.00187032419
563338,563347,566273,9,2926,2,7200,1.0030758715
563353,563359,566221,6,2862,2,7200,1.00209643606
563572,563581,566546,9,2965,2,7200,1.00303541315
563611,563619,566454,8,2835,2,7200,1.00282186949
563680,563689,566650,9,2961,2,7200,1.00303951368
563750,563760,566534,10,2774,2,7200,1.00360490267
563771,563779,566890,8,3111,2,7200,1.00257152041
563808,563818,566854,10,3036,2,7200,1.00329380764
563953,563961,566996,8,3035,2,7200,1.00263591433
564018,564028,567189,10,3161,2,7200,1.00316355584
564019,564034,566910,15,2876,2,7200,1.00521557719
564059,564069,567120,10,3051,2,7200,1.0032776139
564285,564293,567228,8,2935,2,7200,1.00272572402
564295,564305,567292,10,2987,2,7200,1.00334784064
564337,564346,567477,9,3131,2,7200,1.002874481
564365,564377,567296,12,2919,2,7200,1.00411099692
564432,564442,567204,10,2762,2,7200,1.00362056481
564630,564639,567600,9,2961,2,7200,1.00303951368
564758,564767,567586,9,2819,2,7200,1.0031926215
564770,564779,568115,9,3336,2,7200,1.00269784173
564862,564873,567641,11,2768,2,7200,1.00397398844
564920,564928,567888,8,2960,2,7200,1.0027027027
564987,564995,567928,8,2933,2,7200,1.00272758268
565015,565023,567925,8,2902,2,7200,1.0027567195
565206,565214,568285,8,3071,2,7200,1.00260501465
565221,565230,568105,9,2875,2,7200,1.00313043478
565261,565270,568517,9,3247,2,7200,1.00277178934
565279,565288,568087,9,2799,2,7200,1.00321543408
565343,565351,568214,8,2863,2,7200,1.00279427174
565704,565712,568755,8,3043,2,7200,1.00262898455
565789,565805,569001,16,3196,2,7200,1.00500625782
565791,565798,568830,7,3032,2,7200,1.00230870712
565876,565884,569022,8,3138,2,7200,1.00254939452
565909,565919,568819,10,2900,2,7200,1.00344827586
565930,565941,568828,11,2887,2,7200,1.00381018358
566033,566043,569059,10,3016,2,7200,1.00331564987
566052,566060,568960,8,2900,2,7200,1.00275862069
566079,566089,568980,10,2891,2,7200,1.00345901072
566222,566235,569250,13,3015,2,7200,1.00431177446
566274,566284,569378,10,3094,2,7200,1.00323206206
566311,566319,569321,8,3002,2,7200,1.00266489007
566458,566466,569398,8,2932,2,7200,1.00272851296
566515,566524,569472,9,2948,2,7200,1.00305291723
566536,566546,569770,10,3224,2,7200,1.00310173697
566549,566557,569487,8,2930,2,7200,1.00273037543
566652,566661,570099,9,3438,2,7200,1.00261780105
566855,566865,569763,10,2898,2,7200,1.00345065562
566885,566902,569997,17,3095,2,7200,1.00549273021
566913,566922,570006,9,3084,2,7200,1.00291828794
566998,567007,570229,9,3222,2,7200,1.00279329609
567121,567131,570509,10,3378,2,7200,1.00296033156
567190,567200,570270,10,3070,2,7200,1.00325732899
567206,567215,570205,9,2990,2,7200,1.00301003344
567229,567239,570318,10,3079,2,7200,1.00324780773
567295,567303,570547,8,3244,2,7200,1.00246609125
567310,567316,570266,6,2950,2,7200,1.00203389831
567480,567488,570759,8,3271,2,7200,1.00244573525
567589,567597,570753,8,3156,2,7200,1.00253485425
567604,567611,570903,7,3292,2,7200,1.00212636695
567644,567653,570871,9,3218,2,7200,1.00279676818
567891,567900,570663,9,2763,2,7200,1.00325732899
567928,567937,570999,9,3062,2,7200,1.00293925539
567931,567943,570778,12,2835,2,7200,1.00423280423
568089,568098,571313,9,3215,2,7200,1.00279937792
568107,568116,570947,9,2831,2,7200,1.00317908866
568117,568129,571206,12,3077,2,7200,1.0038999025
568217,568225,571039,8,2814,2,7200,1.00284292822
568287,568297,571148,10,2851,2,7200,1.00350754121
568519,568528,571732,9,3204,2,7200,1.00280898876
568757,568766,571512,9,2746,2,7200,1.00327749454
568821,568831,571918,10,3087,2,7200,1.00323939099
568836,568842,571772,6,2930,2,7200,1.00204778157
568838,568848,571781,10,2933,2,7200,1.00340947835
568962,568971,571699,9,2728,2,7200,1.00329912023
568983,568991,571898,8,2907,2,7200,1.00275197798
569005,569012,572074,7,3062,2,7200,1.00228608752
569023,569033,572081,10,3048,2,7200,1.0032808399
569063,569070,571979,7,2909,2,7200,1.0024063252
569252,569261,571973,9,2712,2,7200,1.00331858407
569322,569334,572251,12,2917,2,7200,1.00411381556
569374,569391,572255,17,2864,2,7200,1.00593575419
569401,569413,572551,12,3138,2,7200,1.00382409178
569474,569483,572157,9,2674,2,7200,1.0033657442
569489,569500,572552,11,3052,2,7200,1.00360419397
569766,569775,572784,9,3009,2,7200,1.00299102692
569781,569787,573014,6,3227,2,7200,1.00185931205
569999,570008,573158,9,3150,2,7200,1.00285714286
570014,570027,573210,13,3183,2,7200,1.0040841973
570103,570111,573082,8,2971,2,7200,1.00269269606
570206,570217,573285,11,3068,2,7200,1.00358539765
570231,570240,573159,9,2919,2,7200,1.00308324769
570267,570277,573284,10,3007,2,7200,1.00332557366
570273,570284,573101,11,2817,2,7200,1.00390486333
570319,570329,573393,10,3064,2,7200,1.00326370757
570511,570520,573276,9,2756,2,7200,1.00326560232
570551,570558,573439,7,2881,2,7200,1.00242971191
570666,570674,573387,8,2713,2,7200,1.0029487652
570755,570764,573728,9,2964,2,7200,1.00303643725
570770,570776,573709,6,2933,2,7200,1.00204568701
570780,570789,573836,9,3047,2,7200,1.00295372498
570874,570883,573731,9,2848,2,7200,1.00316011236
570904,570914,573725,10,2811,2,7200,1.00355745286
570950,570959,574064,9,3105,2,7200,1.00289855072
571002,571010,573762,8,2752,2,7200,1.00290697674
571042,571050,573992,8,2942,2,7200,1.00271923861
571151,571159,574249,8,3090,2,7200,1.00258899676
571209,571218,574156,9,2938,2,7200,1.00306330837
571316,571325,574213,9,2888,2,7200,1.00311634349
571514,571524,574543,10,3019,2,7200,1.00331235508
571699,571710,574542,11,2832,2,7200,1.00388418079
571733,571743,574828,10,3085,2,7200,1.00324149109
571776,571784,574678,8,2894,2,7200,1.00276434001
571791,571797,574672,6,2875,2,7200,1.00208695652
571900,571920,574932,20,3012,2,7200,1.00664010624
571921,571930,575222,9,3292,2,7200,1.00273390036
571974,571984,574900,10,2916,2,7200,1.00342935528
571989,571998,575232,9,3234,2,7200,1.00278293135
572076,572086,575024,10,2938,2,7200,1.00340367597
572091,572098,575217,7,3119,2,7200,1.00224430907
572160,572168,575483,8,3315,2,7200,1.002413273
572254,572262,575084,8,2822,2,7200,1.00283486889
572269,572275,575219,6,2944,2,7200,1.00203804348
572555,572562,575679,7,3117,2,7200,1.00224574912
572556,572569,575497,13,2928,2,7200,1.00443989071
572785,572795,575755,10,2960,2,7200,1.00337837838
573016,573025,576042,9,3017,2,7200,1.00298309579
573086,573093,575988,7,2895,2,7200,1.002417962
573104,573113,576017,9,2904,2,7200,1.00309917355
573162,573169,576017,7,2848,2,7200,1.00245786517
573163,573176,576286,13,3110,2,7200,1.00418006431
573212,573223,576145,11,2922,2,7200,1.00376454483
573277,573287,576353,10,3066,2,7200,1.0032615786
573293,573306,576344,13,3038,2,7200,1.00427913101
573294,573312,576255,18,2943,2,7200,1.00611620795
573389,573398,576212,9,2814,2,7200,1.00319829424
573395,573405,576288,10,2883,2,7200,1.00346860909
573441,573451,576306,10,2855,2,7200,1.00350262697
573712,573720,576609,8,2889,2,7200,1.00276912426
573728,573736,576510,8,2774,2,7200,1.00288392213
573729,573743,576789,14,3046,2,7200,1.00459619173
573744,573751,576682,7,2931,2,7200,1.00238826339
573763,573773,576476,10,2703,2,7200,1.00369959304
573838,573852,576943,14,3091,2,7200,1.00452927855
573994,574003,576962,9,2959,2,7200,1.0030415681
574067,574075,577107,8,3032,2,7200,1.00263852243
574158,574167,577101,9,2934,2,7200,1.00306748466
574216,574225,577019,9,2794,2,7200,1.00322118826
574250,574261,577173,11,2912,2,7200,1.00377747253
574499,574505,574792,6,287,16,9660,1.02090592334
574543,574560,577385,17,2825,2,7200,1.00601769912
574546,574553,577389,7,2836,2,7200,1.00246826516
574673,574680,574681,7,1,16,9660,1.0
574674,574686,577385,12,2699,2,7200,1.00444609114
574690,574696,577385,6,2689,2,7200,1.00223131276
574795,574801,575215,6,414,16,9660,1.01449275362
574829,574839,577387,10,2548,2,7200,1.00392464678
574903,574911,577389,8,2478,2,7200,1.00322841001
574936,574944,577385,8,2441,2,7200,1.00327734535
575027,575035,577385,8,2350,2,7200,1.00340425532
575085,575095,577389,10,2294,2,7200,1.00435919791
575095,575103,575104,8,1,16,9660,1.0
575218,575225,584768,7,9543,16,9660,1.00073352195
575219,575232,577385,13,2153,2,7200,1.00603808639
575222,575237,577389,15,2152,2,7200,1.00697026022
575234,575250,577385,16,2135,2,7200,1.0074941452
575238,575255,577389,17,2134,2,7200,1.00796626054
575484,575494,577389,10,1895,2,7200,1.00527704485
575500,575508,577389,8,1881,2,7200,1.00425305688
575682,575690,577389,8,1699,2,7200,1.00470865215
575759,575767,577385,8,1618,2,7200,1.00494437577
575990,575999,577385,9,1386,2,7200,1.00649350649
576020,576028,577385,8,1357,2,7200,1.00589535741
576022,576034,577385,12,1351,2,7200,1.0088823094
576043,576053,577385,10,1332,2,7200,1.00750750751
576146,576157,577385,11,1228,2,7200,1.00895765472
576216,576224,577389,8,1165,2,7200,1.00686695279
576258,576271,577389,13,1118,2,7200,1.01162790698
576289,576298,577385,9,1087,2,7200,1.00827966881
576291,576305,577385,14,1080,2,7200,1.01296296296
576307,576317,577389,10,1072,2,7200,1.00932835821
576347,576356,577389,9,1033,2,7200,1.0087124879
576362,576368,577389,6,1021,2,7200,1.00587659158
576477,576487,577389,10,902,2,7200,1.0110864745
576514,576521,577393,7,872,2,7200,1.00802752294
576611,576620,577393,9,773,2,7200,1.01164294955
576684,576693,577393,9,700,2,7200,1.01285714286
576791,576800,577395,9,595,2,7200,1.01512605042
576945,576957,577385,12,428,2,7200,1.02803738318
576966,576974,577385,8,411,2,7200,1.01946472019
577022,577030,577393,8,363,2,7200,1.02203856749
577103,577115,577385,12,270,2,7200,1.04444444444
577110,577127,577393,17,266,2,7200,1.06390977444
577176,577188,577385,12,197,2,7200,1.06091370558
578001,578008,578675,7,667,8,6000,1.01049475262
578002,578013,578667,11,654,8,6000,1.01681957187
578013,578026,578690,13,664,8,6000,1.01957831325
578013,578020,578678,7,658,8,6000,1.01063829787
578024,578032,578689,8,657,8,6000,1.01217656012
578024,578038,578700,14,662,8,6000,1.02114803625
578035,578044,578700,9,656,8,6000,1.0137195122
578036,578050,578701,14,651,8,6000,1.02150537634
578046,578056,578717,10,661,8,6000,1.01512859304
578047,578307,578978,260,671,8,6000,1.38748137109
578058,578687,579337,629,650,8,6000,1.96769230769
578671,578679,579336,8,657,8,6000,1.01217656012
578682,578694,579354,12,660,8,6000,1.01818181818
578693,578700,579362,7,662,8,6000,1.01057401813
578693,578707,579361,14,654,8,6000,1.02140672783
578704,578715,579372,11,657,8,6000,1.01674277017
578705,578720,579368,15,648,8,6000,1.02314814815
578715,578726,579384,11,658,8,6000,1.01671732523
578716,578733,579389,17,656,8,6000,1.02591463415
578727,578989,579648,262,659,8,6000,1.39757207891
578983,579346,580002,363,656,8,6000,1.55335365854
579340,579353,580007,13,654,8,6000,1.01987767584
579351,579365,580023,14,658,8,6000,1.02127659574
579362,579378,580034,16,656,8,6000,1.0243902439
579362,579371,580028,9,657,8,6000,1.01369863014
579373,579385,580041,12,656,8,6000,1.01829268293
579384,579398,580052,14,654,8,6000,1.02140672783
579384,579392,580052,8,660,8,6000,1.01212121212
579395,579405,580064,10,659,8,6000,1.01517450683
579395,579659,580319,264,660,8,6000,1.4
579651,580014,580678,363,664,8,6000,1.54668674699
580010,580034,580699,24,665,8,6000,1.03609022556
580010,580021,580684,11,663,8,6000,1.01659125189
580031,580041,580697,10,656,8,6000,1.01524390244
580032,580048,580712,16,664,8,6000,1.02409638554
580042,580054,580715,12,661,8,6000,1.01815431165
580053,580063,580727,10,664,8,6000,1.01506024096
580053,580069,580749,16,680,8,6000,1.02352941176
580064,580075,580749,11,674,8,6000,1.01632047478
580065,580330,580997,265,667,8,6000,1.39730134933
580296,580302,580316,6,14,2,5400,1.42857142857
580321,580689,581358,368,669,8,6000,1.55007473842
580321,586417,599252,6096,12835,2,41400,1.47495130503
580333,586582,593751,6249,7169,1,45000,1.87166968894
580679,580695,581361,16,666,8,6000,1.02402402402
580690,580715,581386,25,671,8,6000,1.03725782414
580700,580708,581375,8,667,8,6000,1.011994003
580711,580723,581386,12,663,8,6000,1.01809954751
580722,580730,581391,8,661,8,6000,1.01210287443
580722,580738,581400,16,662,8,6000,1.02416918429
580733,580760,581430,27,670,8,6000,1.04029850746
580754,580766,581436,12,670,8,6000,1.01791044776
580765,581008,581666,243,658,8,6000,1.36930091185
580791,586587,598838,5796,12251,1,86400,1.47310423639
580824,586592,599248,5768,12656,1,172800,1.45575221239
581000,581369,582029,369,660,8,6000,1.55909090909
581359,581375,582049,16,674,8,6000,1.0237388724
581369,581386,582062,17,676,8,6000,1.02514792899
581380,581397,582081,17,684,8,6000,1.02485380117
581391,581402,582085,11,683,8,6000,1.01610541728
581402,581416,582096,14,680,8,6000,1.02058823529
581402,581409,582078,7,669,8,6000,1.01046337818
581413,581441,582114,28,673,8,6000,1.04160475483
581434,581448,582118,14,670,8,6000,1.02089552239
581445,581677,582347,232,670,8,6000,1.34626865672
581670,582040,582714,370,674,8,6000,1.54896142433
582038,582060,582738,22,678,8,6000,1.03244837758
582059,582073,582747,14,674,8,6000,1.02077151335
582070,582090,582764,20,674,8,6000,1.0296735905
582081,582096,582772,15,676,8,6000,1.02218934911
582092,582103,582779,11,676,8,6000,1.01627218935
582092,582115,582795,23,680,8,6000,1.03382352941
582103,582126,582787,23,661,8,6000,1.03479576399
582124,582358,583032,234,674,8,6000,1.3471810089
582124,582133,582808,9,675,8,6000,1.01333333333
582350,582726,583406,376,680,8,6000,1.55294117647
582718,582751,583428,33,677,8,6000,1.04874446086
582739,582763,583446,24,683,8,6000,1.03513909224
582750,582775,583462,25,687,8,6000,1.03639010189
582771,582788,583471,17,683,8,6000,1.02489019034
582781,582795,583466,14,671,8,6000,1.02086438152
582792,582807,583490,15,683,8,6000,1.02196193265
582793,582813,583480,20,667,8,6000,1.0299850075
582803,582819,583494,16,675,8,6000,1.0237037037
582814,583043,583717,229,674,8,6000,1.33976261128
583040,583418,584096,378,678,8,6000,1.55752212389
583408,583439,584122,31,683,8,6000,1.04538799414
583429,583463,584140,34,677,8,6000,1.05022156573
583450,583473,584156,23,683,8,6000,1.0336749634
583471,583486,584163,15,677,8,6000,1.02215657312
583471,583479,584158,8,679,8,6000,1.0117820324
583482,583493,584184,11,691,8,6000,1.01591895803
583483,583501,584184,18,683,8,6000,1.02635431918
583493,583508,584196,15,688,8,6000,1.02180232558
583504,583728,584412,224,684,8,6000,1.32748538012
583719,584107,584786,388,679,8,6000,1.57142857143
584098,584133,584838,35,705,8,6000,1.04964539007
584129,584152,584832,23,680,8,6000,1.03382352941
584150,584167,584844,17,677,8,6000,1.02511078287
584161,584173,584846,12,673,8,6000,1.01783060921
584171,584180,584866,9,686,8,6000,1.01311953353
584172,584200,584885,28,685,8,6000,1.04087591241
584193,584206,584893,13,687,8,6000,1.01892285298
584204,584212,584897,8,685,8,6000,1.01167883212
584204,584423,585107,219,684,8,6000,1.3201754386
584417,584797,590882,380,6085,5,16200,1.06244864421
584795,584844,590156,49,5312,5,16200,1.00922439759
584796,584850,590082,54,5232,5,16200,1.01032110092
584847,584856,590591,9,5735,5,16200,1.00156931125
584848,584862,589560,14,4698,5,16200,1.00297999149
584859,584868,589313,9,4445,5,16200,1.00202474691
584859,584874,590713,15,5839,5,16200,1.00256893304
584870,584886,588763,16,3877,5,16200,1.00412690224
584870,584892,589491,22,4599,5,16200,1.00478364862
584891,584903,590776,12,5873,5,16200,1.00204324877
584892,584908,588884,16,3976,5,16200,1.00402414487
584903,584915,588872,12,3957,5,16200,1.00303260045
584913,584922,591027,9,6105,5,16200,1.00147420147
584914,584927,589249,13,4322,5,16200,1.00300786673
584924,585118,590147,194,5029,5,16200,1.03857625771
584925,585124,589771,199,4647,5,16200,1.04282332688
585120,588774,591960,3654,3186,5,16200,2.14689265537
587839,587845,588323,6,478,16,9660,1.01255230126
587914,587920,587921,6,1,16,9660,1.0
588326,588332,593839,6,5507,16,9660,1.00108952243
588771,588884,593742,113,4858,5,16200,1.02326060107
588874,588896,593393,22,4497,5,16200,1.00489215032
588895,589260,595192,365,5932,5,16200,1.06153068105
589253,589324,594393,71,5069,5,16200,1.01400670744
589315,589502,594484,187,4982,5,16200,1.03753512646
589499,589571,594924,72,5353,5,16200,1.01345040164
589561,589782,595053,221,5271,5,16200,1.04192752798
589777,590093,595421,316,5328,5,16200,1.05930930931
590084,590158,595761,74,5603,5,16200,1.01320721042
590156,590167,595111,11,4944,5,16200,1.00222491909
590156,590602,594682,446,4080,5,16200,1.10931372549
590596,590725,595617,129,4892,5,16200,1.02636958299
590719,590787,594688,68,3901,5,16200,1.01743142784
590781,590893,594145,112,3252,5,16200,1.0344403444
590884,591038,596055,154,5017,5,16200,1.03069563484
591037,591971,596814,934,4843,5,16200,1.19285566797
591967,593404,597296,1437,3892,5,16200,1.36921891059
591996,592002,592004,6,2,2,3540,1.0
593400,593754,598351,354,4597,5,16200,1.07700674353
593748,594157,597949,409,3792,5,16200,1.10785864979
594147,594404,600689,257,6285,5,16200,1.04089101034
594403,594697,599776,294,5079,5,16200,1.05788541051
594485,594495,599865,10,5370,5,16200,1.00186219739
594690,594703,598478,13,3775,5,16200,1.00344370861
594701,595065,598683,364,3618,5,16200,1.10060807076
594926,594935,600464,9,5529,5,16200,1.00162778079
595060,595122,598741,62,3619,5,16200,1.01713180437
595111,595203,598741,92,3538,5,16200,1.02600339175
595193,595432,601378,239,5946,5,16200,1.04019508914
595429,595628,599944,199,4316,5,16200,1.04610750695
595624,595773,601116,149,5343,5,16200,1.02788695489
595767,596067,600997,300,4930,5,16200,1.06085192698
596064,596825,601576,761,4751,5,16200,1.16017680488
596821,597307,601381,486,4074,5,16200,1.11929307806
597302,597960,602453,658,4493,5,16200,1.14645003339
597956,598362,603276,406,4914,5,16200,1.08262108262
598355,598489,603831,134,5342,5,16200,1.02508423811
598478,598695,601782,217,3087,5,16200,1.07029478458
598694,598756,603584,62,4828,5,16200,1.01284175642
598745,598761,603424,16,4663,5,16200,1.00343126742
598756,599787,605319,1031,5532,5,16200,1.18637020969
599038,599045,599049,7,4,1,158400,1.1
599778,599876,606816,98,6940,5,16200,1.01412103746
599870,599957,605906,87,5949,5,16200,1.01462430661
599953,600476,600477,523,1,5,16200,52.4
600474,600488,600489,14,1,5,16200,1.5
600485,600500,600501,15,1,5,16200,1.6
600496,600512,600513,16,1,5,16200,1.7
600506,600524,600525,18,1,5,16200,1.9
600517,600536,600537,19,1,5,16200,2.0
600528,600548,600549,20,1,5,16200,2.1
600538,600560,600561,22,1,5,16200,2.3
600559,600572,600573,13,1,5,16200,1.4
600570,600584,605096,14,4512,5,16200,1.00310283688
600581,600704,605378,123,4674,5,16200,1.02631578947
600693,601008,601009,315,1,5,16200,31.6
601000,601020,601021,20,1,5,16200,2.1
601011,601032,601033,21,1,5,16200,2.2
601022,601044,608025,22,6981,5,16200,1.00315141097
601042,601127,601128,85,1,5,16200,8.6
601125,601139,601140,14,1,5,16200,1.5
601135,601151,601152,16,1,5,16200,1.7
601146,601163,601164,17,1,5,16200,1.8
601157,601175,601176,18,1,5,16200,1.9
601167,601187,601188,20,1,5,16200,2.1
601178,601199,607162,21,5963,5,16200,1.00352171726
601189,601389,608014,200,6625,5,16200,1.03018867925
601383,601401,605773,18,4372,5,16200,1.00411710887
601394,601588,605441,194,3853,5,16200,1.05035037633
601578,601793,601794,215,1,5,16200,21.6
601783,601805,601806,22,1,5,16200,2.3
601804,601817,608072,13,6255,5,16200,1.00207833733
601814,602468,602469,654,1,5,16200,65.5
602458,602501,602502,43,1,5,16200,4.4
602479,602513,602514,34,1,5,16200,3.5
602510,602525,602526,15,1,5,16200,1.6
602521,602537,602538,16,1,5,16200,1.7
602532,602549,602550,17,1,5,16200,1.8
602542,602561,602562,19,1,5,16200,2.0
602553,602573,602577,20,4,5,16200,2.4
602564,602588,602589,24,1,5,16200,2.5
602585,602600,602601,15,1,5,16200,1.6
602595,602612,602613,17,1,5,16200,1.8
602606,602624,602625,18,1,5,16200,1.9
602617,602636,602637,19,1,5,16200,2.0
602635,603287,603288,652,1,8,6000,65.3
602645,603299,603300,654,1,8,6000,65.5
603289,603311,603312,22,1,8,6000,2.3
603300,603323,603324,23,1,8,6000,2.4
603311,603335,603336,24,1,8,6000,2.5
603322,603347,603348,25,1,8,6000,2.6
603332,603359,603360,27,1,8,6000,2.8
603343,603371,603372,28,1,8,6000,2.9
603364,603383,603384,19,1,8,6000,2.0
603375,603395,606635,20,3240,8,6000,1.00617283951
603385,603595,603596,210,1,8,6000,21.1
603396,603607,603608,211,1,8,6000,21.2
603601,603842,603843,241,1,8,6000,24.2
603612,603619,603620,7,1,8,6000,1.0
603622,603631,606803,9,3172,8,6000,1.00283732661
603633,603854,603855,221,1,8,6000,22.2
603838,603866,603867,28,1,8,6000,2.9
603859,603878,603879,19,1,8,6000,2.0
603869,603890,603891,21,1,8,6000,2.2
603880,603902,603903,22,1,8,6000,2.3
603891,603914,603915,23,1,8,6000,2.4
603901,603926,603927,25,1,8,6000,2.6
603912,603938,603939,26,1,8,6000,2.7
603923,603950,603951,27,1,8,6000,2.8
603943,603962,603963,19,1,8,6000,2.0
603954,603974,603975,20,1,8,6000,2.1
603965,603986,603987,21,1,8,6000,2.2
603975,603998,603999,23,1,8,6000,2.4
603986,604010,604011,24,1,8,6000,2.5
603997,604022,604023,25,1,8,6000,2.6
604007,604034,604035,27,1,8,6000,2.8
604018,604046,604047,28,1,8,6000,2.9
604039,604058,604059,19,1,8,6000,2.0
604050,604070,604071,20,1,8,6000,2.1
604060,604082,604083,22,1,8,6000,2.3
604071,604094,604095,23,1,8,6000,2.4
604082,604106,604107,24,1,8,6000,2.5
604092,604118,604119,26,1,8,6000,2.7
604103,604130,604131,27,1,8,6000,2.8
604114,604142,604143,28,1,8,6000,2.9
604135,604154,604155,19,1,8,6000,2.0
604145,604166,604167,21,1,8,6000,2.2
604156,604178,604179,22,1,8,6000,2.3
604167,604190,604191,23,1,8,6000,2.4
604177,604202,604203,25,1,8,6000,2.6
604188,604214,604215,26,1,8,6000,2.7
604219,604238,604239,19,1,8,6000,2.0
604230,604250,604251,20,1,8,6000,2.1
604241,604262,604263,21,1,8,6000,2.2
604251,604274,604275,23,1,8,6000,2.4
604262,604286,607472,24,3186,8,6000,1.00753295669
604273,605330,608544,1057,3214,8,6000,1.32887367766
604283,605389,608591,1106,3202,8,6000,1.3454091193
