SubmitTime,StartTime,EndTime,QueuedTime,RunTime,NodesRequested,walltime,bslowdown
230533,230539,230798,6,259,1,3540,1.02316602317
230929,230935,233029,6,2094,1,3540,1.00286532951
231007,231013,231200,6,187,1,3540,1.0320855615
231056,231062,231336,6,274,1,3540,1.02189781022
231104,231112,231402,8,290,1,3540,1.0275862069
231174,231180,231422,6,242,1,3540,1.02479338843
231225,231231,231528,6,297,1,3540,1.0202020202
231274,231280,231783,6,503,1,3540,1.01192842942
231322,231329,231862,7,533,1,3540,1.01313320826
231371,231377,231867,6,490,1,3540,1.01224489796
231420,231426,231942,6,516,1,3540,1.01162790698
231495,231502,232057,7,555,1,3540,1.01261261261
231698,231704,231978,6,274,1,3540,1.02189781022
231947,231953,231957,6,4,2,3600,1.0
231953,231959,232145,6,186,1,3540,1.03225806452
232006,232012,232139,6,127,1,3540,1.04724409449
233138,233145,234109,7,964,32,3600,1.00726141079
233402,233409,238810,7,5401,8,7200,1.00129605629
233611,233617,235986,6,2369,4,72000,1.00253271423
234001,234008,234684,7,676,1,1800,1.01035502959
234015,234021,235079,6,1058,16,1800,1.0056710775
234094,234100,237855,6,3755,32,86400,1.00159786951
234408,234414,234427,6,13,8,28800,1.46153846154
234496,234502,237632,6,3130,25,43199,1.00191693291
234711,234717,234724,6,7,8,28800,1.3
234748,234754,235424,6,670,1,1800,1.00895522388
234749,234760,235422,11,662,1,1800,1.0166163142
234749,234783,235481,34,698,1,1800,1.04871060172
234749,236338,237240,1589,902,2,1800,2.76164079823
234750,239754,240548,5004,794,4,1800,7.30226700252
234750,239770,240464,5020,694,2,1800,8.23342939481
234750,239765,240458,5015,693,2,1800,8.23665223665
234750,236332,237304,1582,972,4,1800,2.62757201646
234751,239452,240463,4701,1011,8,1800,5.64985163205
234751,239760,240595,5009,835,4,1800,6.99880239521
234751,236327,237296,1576,969,8,1800,2.62641898865
234752,237644,238640,2892,996,16,1800,3.90361445783
234752,239749,240601,4997,852,8,1800,6.86502347418
234752,235901,237114,1149,1213,16,1800,1.94723825227
234752,234778,235889,26,1111,16,1800,1.02340234023
234753,235938,237197,1185,1259,32,1800,1.94122319301
234753,239446,240775,4693,1329,32,1800,4.53122648608
234753,234772,235927,19,1155,32,1800,1.01645021645
234754,238084,239429,3330,1345,64,1800,3.47583643123
234754,239441,240918,4687,1477,64,1800,4.17332430603
234754,239743,241256,4989,1513,64,1800,4.29742233972
234755,238079,239732,3324,1653,128,1800,3.0108892922
234755,234767,236310,12,1543,128,1800,1.00777705768
234755,236321,238066,1566,1745,128,1800,1.89742120344
234756,245361,246976,10605,1615,256,1800,7.56656346749
234756,248646,250391,13890,1745,256,1800,8.95988538682
234756,246988,248635,12232,1647,256,1800,8.42683667274
234984,250450,252773,15466,2323,20,43199,7.65777012484
235315,237649,244275,2334,6626,8,28800,1.35224871717
235360,237126,388178,1766,151052,4,604800,1.01169133808
235378,250493,312074,15115,61581,2,604800,1.24544908332
235414,235420,235437,6,17,8,600,1.35294117647
235533,237131,608100,1598,370969,3,604800,1.00430763757
235708,235714,236305,6,591,8,600,1.01015228426
236159,236166,423009,7,186843,30,216000,1.00003746461
236160,250401,427399,14241,176998,30,216000,1.08045853625
236292,250498,250503,14206,5,2,108000,1421.1
237023,238653,243312,1630,4659,8,28800,1.34986048508
237030,250504,250506,13474,2,2,108000,1347.6
237058,238658,245349,1600,6691,8,28800,1.23912718577
237101,250407,258450,13306,8043,8,28800,2.65435782668
237145,250412,257341,13267,6929,8,28800,2.91470630683
237197,250418,255638,13221,5220,8,28800,3.53275862069
237236,250423,256482,13187,6059,8,28800,3.17643175441
237320,250428,256332,13108,5904,8,28800,3.2201897019
237358,250434,256606,13076,6172,8,28800,3.11860012962
237402,250439,257160,13037,6721,8,28800,2.93974110995
237478,237655,237759,177,104,1,3600,2.70192307692
238355,250482,336908,12127,86426,16,86400,1.1403165714
239347,239776,239791,429,15,2,7200,29.6
240922,250455,855287,9533,604832,6,604800,1.01576140151
241077,250461,855294,9384,604833,6,604800,1.01551502646
241121,250466,855316,9345,604850,6,604800,1.0154501116
241171,250471,855276,9300,604805,6,604800,1.015376857
241230,250477,855289,9247,604812,6,604800,1.0152890485
244757,250515,349825,5758,99310,4,144000,1.05798006243
246182,250520,250522,4338,2,2,3540,434.0
246338,250509,574542,4171,324033,5,324000,1.01287214574
246514,250525,257761,4011,7236,2,108000,1.55431177446
247357,250488,259389,3131,8901,16,86400,1.35175822941
249796,250445,250626,649,181,25,7199,4.58563535912
253994,254000,297065,6,43065,16,86400,1.00013932428
254704,254710,254711,6,1,1,7200,1.0
254704,254716,254960,12,244,1,7200,1.04918032787
254705,254728,255139,23,411,1,7200,1.05596107056
254705,254733,254871,28,138,1,7200,1.20289855072
254705,254739,254756,34,17,1,7200,3.0
254706,254744,254745,38,1,1,7200,3.9
254706,254752,255240,46,488,1,7200,1.09426229508
254706,254759,256255,53,1496,1,7200,1.03542780749
254707,254777,254778,70,1,1,7200,7.1
254707,254770,262005,63,7235,1,7200,1.00870767104
254707,254783,262008,76,7225,1,7200,1.01051903114
254707,254764,262010,57,7246,1,7200,1.00786640905
254708,254829,262031,121,7202,1,7200,1.01680088864
254708,254789,254790,81,1,1,7200,8.2
254708,254794,254798,86,4,1,7200,9.0
254709,254834,254842,125,8,1,7200,13.3
254709,254845,254848,136,3,1,7200,13.9
254710,254862,262102,152,7240,1,7200,1.02099447514
254710,254852,254854,142,2,1,7200,14.4
254711,254874,254876,163,2,1,7200,16.5
254711,254869,256598,158,1729,1,7200,1.09138230191
254711,254879,262085,168,7206,1,7200,1.02331390508
254712,254897,254898,185,1,1,7200,18.6
254712,254910,254912,198,2,1,7200,20.0
254712,254891,257184,179,2293,1,7200,1.07806367205
254712,254885,257249,173,2364,1,7200,1.07318104907
254713,254985,260371,272,5386,1,7200,1.05050129967
254713,254971,254973,258,2,1,7200,26.0
254713,254923,257668,210,2745,1,7200,1.07650273224
254714,255150,255153,436,3,1,7200,43.9
254714,255165,255166,451,1,1,7200,45.2
254714,255178,255179,464,1,1,7200,46.5
254715,255267,257199,552,1932,1,7200,1.28571428571
254715,255345,262576,630,7231,1,7200,1.08712487899
254715,255190,255333,475,143,1,7200,4.32167832168
254715,255252,255256,537,4,1,7200,54.1
254716,254801,254826,85,25,1,7200,4.4
254716,254812,254818,96,6,1,7200,10.2
254716,254806,254807,90,1,1,7200,9.1
254717,256281,256282,1564,1,1,7200,156.5
254717,254822,256624,105,1802,1,7200,1.05826859046
254718,256637,256638,1919,1,1,7200,192.0
254718,256611,263840,1893,7229,1,7200,1.26186194494
254718,256649,257392,1931,743,1,7200,3.59892328398
254718,256293,263527,1575,7234,1,7200,1.21772186895
254719,257211,257212,2492,1,1,7200,249.3
254719,257196,257330,2477,134,1,7200,19.4850746269
254720,257223,257362,2503,139,1,7200,19.0071942446
254720,257342,257370,2622,28,1,7200,94.6428571429
254720,257260,257538,2540,278,1,7200,10.1366906475
254721,257374,257388,2653,14,1,7200,190.5
254721,257402,264639,2681,7237,1,7200,1.37045737184
254721,257396,261249,2675,3853,1,7200,1.69426420971
254721,257382,257385,2661,3,1,7200,266.4
254722,257409,257444,2687,35,1,7200,77.7714285714
254722,257457,257501,2735,44,1,7200,63.1590909091
254723,257514,257516,2791,2,1,7200,279.3
254723,257550,264771,2827,7221,1,7200,1.39149702257
254723,257681,257682,2958,1,1,7200,295.9
254723,257527,260276,2804,2749,1,7200,2.02000727537
254724,257693,257694,2969,1,1,7200,297.0
254724,257705,257734,2981,29,1,7200,103.793103448
254724,257745,257748,3021,3,1,7200,302.4
254725,260383,260560,5658,177,1,7200,32.9661016949
254725,260571,267817,5846,7246,1,7200,1.80678995308
254725,260287,262761,5562,2474,1,7200,3.24818108327
254725,257760,264999,3035,7239,1,7200,1.41925680343
254726,262016,262017,7290,1,1,7200,729.1
254726,261261,268506,6535,7245,1,7200,1.90200138026
254726,262023,263698,7297,1675,1,7200,5.35641791045
254727,262029,262081,7302,52,1,7200,141.423076923
254727,262043,269263,7316,7220,1,7200,2.01329639889
254727,262035,262355,7308,320,1,7200,23.8375
254728,262099,262249,7371,150,1,7200,50.14
254728,262093,269304,7365,7211,1,7200,2.02135626127
254729,262125,269359,7396,7234,1,7200,2.02239424938
254729,262273,262630,7544,357,1,7200,22.1316526611
254729,262113,262114,7384,1,1,7200,738.5
254729,262260,262262,7531,2,1,7200,753.3
254730,262641,262706,7911,65,1,7200,122.707692308
254730,262588,262731,7858,143,1,7200,55.951048951
254730,262367,269572,7637,7205,1,7200,2.05995836225
254731,262743,265939,8012,3196,1,7200,3.50688360451
254731,262718,262733,7987,15,1,7200,533.466666667
254731,262772,269993,8041,7221,1,7200,2.11355767899
254731,262749,263167,8018,418,1,7200,20.1818181818
254732,263539,270772,8807,7233,1,7200,2.21761371492
254732,263178,263183,8446,5,1,7200,845.1
254732,263194,270440,8462,7246,1,7200,2.16781672647
254733,263723,263724,8990,1,1,7200,899.1
254733,263709,263712,8976,3,1,7200,897.9
254733,263735,263736,9002,1,1,7200,900.3
254734,263747,263748,9013,1,1,7200,901.4
254734,263771,263774,9037,3,1,7200,904.0
254734,263759,263760,9025,1,1,7200,902.6
254735,263785,263786,9050,1,1,7200,905.1
254735,263903,271107,9168,7204,1,7200,2.27262631871
254735,263797,263890,9062,93,1,7200,98.4408602151
254735,263852,263915,9117,63,1,7200,145.714285714
254736,263926,271130,9190,7204,1,7200,2.27568017768
254736,264650,264686,9914,36,1,7200,276.388888889
254736,264697,264807,9961,110,1,7200,91.5545454545
254737,265011,265025,10274,14,1,7200,734.857142857
254737,264818,272064,10081,7246,1,7200,2.39125034502
254737,264782,264785,10045,3,1,7200,1004.8
254737,264796,265181,10059,385,1,7200,27.1272727273
254738,265050,265176,10312,126,1,7200,82.8412698413
254738,265188,272427,10450,7239,1,7200,2.44356955381
254738,265037,265039,10299,2,1,7200,1030.1
254739,265195,272422,10456,7227,1,7200,2.44679673447
254739,265965,266131,11226,166,1,7200,68.6265060241
254739,265951,265954,11212,3,1,7200,1121.5
254740,266313,266316,11573,3,1,7200,1157.6
254740,266143,266301,11403,158,1,7200,73.1708860759
254740,266327,266353,11587,26,1,7200,446.653846154
254741,267828,267831,13087,3,1,7200,1309.0
254741,266365,266368,11624,3,1,7200,1162.7
254741,266379,272309,11638,5930,1,7200,2.96256323777
254742,267866,269479,13124,1613,1,7200,9.13639181649
254742,268519,275751,13777,7232,1,7200,2.90500553097
254743,269371,269424,14628,53,1,7200,277.0
254743,269330,270209,14587,879,1,7200,17.5949943117
254743,269274,269934,14531,660,1,7200,23.0166666667
254743,269317,269319,14574,2,1,7200,1457.6
254744,269490,269492,14746,2,1,7200,1474.8
254744,269503,276730,14759,7227,1,7200,3.04220285042
254744,269435,269744,14691,309,1,7200,48.5436893204
254745,269756,273500,15011,3744,1,7200,5.0093482906
254745,269600,269833,14855,233,1,7200,64.7553648069
254745,269583,269589,14838,6,1,7200,1484.4
254746,269844,269851,15098,7,1,7200,1510.5
254746,269863,270148,15117,285,1,7200,54.0421052632
254746,269945,275669,15199,5724,1,7200,3.65531097135
254747,270220,270397,15473,177,1,7200,88.418079096
254747,270196,272185,15449,1989,1,7200,8.7672197084
254747,270160,277406,15413,7246,1,7200,3.12710460944
254747,270005,270185,15258,180,1,7200,85.7666666667
254748,270451,277685,15703,7234,1,7200,3.17072159248
254748,270579,270600,15831,21,1,7200,754.857142857
254748,270408,270568,15660,160,1,7200,98.875
254749,270611,277857,15862,7246,1,7200,3.18906983163
254749,270784,271975,16035,1191,1,7200,14.4634760705
254749,271119,271401,16370,282,1,7200,59.0496453901
254749,271141,271459,16392,318,1,7200,52.5471698113
254750,271412,271790,16662,378,1,7200,45.0793650794
254750,271607,271613,16857,6,1,7200,1686.3
254750,271470,271596,16720,126,1,7200,133.698412698
254751,271761,271786,17010,25,1,7200,681.4
254751,271624,271750,16873,126,1,7200,134.912698413
254752,271804,271806,17052,2,1,7200,1705.4
254752,271798,271893,17046,95,1,7200,180.431578947
254753,271829,271830,17076,1,1,7200,1707.7
254753,271841,271842,17088,1,1,7200,1708.9
254753,271853,271854,17100,1,1,7200,1710.1
254754,271877,279122,17123,7245,1,7200,3.36342305038
254754,271904,279144,17150,7240,1,7200,3.36878453039
254754,271865,271866,17111,1,1,7200,1711.2
254754,271986,272099,17232,113,1,7200,153.495575221
254755,272076,273179,17321,1103,1,7200,16.7035358114
254755,272198,273196,17443,998,1,7200,18.4779559118
254755,272111,273234,17356,1123,1,7200,16.4550311665
254756,272324,279250,17568,6926,1,7200,3.53652902108
254756,272433,273033,17677,600,1,7200,30.4616666667
254756,272440,273244,17684,804,1,7200,22.9950248756
254756,273045,273363,18289,318,1,7200,58.5125786164
254757,273191,273680,18434,489,1,7200,38.6973415133
254757,273208,274229,18451,1021,1,7200,19.0714985309
254757,273246,273432,18489,186,1,7200,100.403225806
254758,273375,278590,18617,5215,1,7200,4.569894535
254758,273444,276132,18686,2688,1,7200,7.95163690476
254758,273455,280662,18697,7207,1,7200,3.59428333565
254758,273256,273443,18498,187,1,7200,99.9197860963
254759,274117,274355,19358,238,1,7200,82.3361344538
254759,273522,274105,18763,583,1,7200,33.1835334477
254759,273692,280932,18933,7240,1,7200,3.61505524862
254760,274241,274269,19481,28,1,7200,696.75
254760,274280,276688,19520,2408,1,7200,9.10631229236
254760,274367,274373,19607,6,1,7200,1961.3
254761,276105,276192,21344,87,1,7200,246.333333333
254761,275762,276093,21001,331,1,7200,64.4471299094
254761,275680,282899,20919,7219,1,7200,3.89776977421
254761,274384,276949,19623,2565,1,7200,8.65029239766
254762,276203,278280,21441,2077,1,7200,11.3230621088
254762,276143,283372,21381,7229,1,7200,3.95767049384
254762,276701,276725,21939,24,1,7200,915.125
254763,276744,276922,21981,178,1,7200,124.488764045
254763,276934,284155,22171,7221,1,7200,4.07035036699
254763,276961,284166,22198,7205,1,7200,4.08091603053
254763,276737,279532,21974,2795,1,7200,8.86189624329
254764,277464,277524,22700,60,1,7200,379.333333333
254764,277417,277453,22653,36,1,7200,630.25
254765,277696,277951,22931,255,1,7200,90.9254901961
254765,277535,277718,22770,183,1,7200,125.426229508
254766,277752,277877,22986,125,1,7200,184.888
254766,277888,278030,23122,142,1,7200,163.830985915
254766,277868,285102,23102,7234,1,7200,4.19353055018
254766,277730,277741,22964,11,1,7200,2088.63636364
254767,277962,279566,23195,1604,1,7200,15.460723192
254767,278041,278525,23274,484,1,7200,49.0867768595
254767,278291,278463,23524,172,1,7200,137.76744186
254768,278569,285782,23801,7213,1,7200,4.29973658672
254768,278536,278558,23768,22,1,7200,1081.36363636
254768,278474,278561,23706,87,1,7200,273.482758621
254768,278575,278858,23807,283,1,7200,85.1236749117
254769,278601,280087,23832,1486,1,7200,17.0376850606
254769,278869,278913,24100,44,1,7200,548.727272727
254769,278925,281475,24156,2550,1,7200,10.4729411765
254770,279135,281461,24365,2326,1,7200,11.4750644884
254770,279156,279247,24386,91,1,7200,268.978021978
254770,279258,279260,24488,2,1,7200,2449.0
254771,279264,279320,24493,56,1,7200,438.375
254771,279271,279272,24500,1,1,7200,2450.1
254772,279307,279308,24535,1,1,7200,2453.6
254773,279494,279571,24721,77,1,7200,322.051948052
254773,279543,286783,24770,7240,1,7200,4.42127071823
254773,279319,279482,24546,163,1,7200,151.588957055
254773,279331,279538,24558,207,1,7200,119.637681159
254774,279584,286794,24810,7210,1,7200,4.44105409154
254774,279549,279813,24775,264,1,7200,94.8446969697
254774,279644,279684,24870,40,1,7200,622.75
254774,279578,279633,24804,55,1,7200,451.981818182
254775,279718,279790,24943,72,1,7200,347.430555556
254775,279696,279707,24921,11,1,7200,2266.54545455
254775,279801,279849,25026,48,1,7200,522.375
254776,279861,279893,25085,32,1,7200,784.90625
254776,279825,279926,25049,101,1,7200,249.00990099
254776,279904,287140,25128,7236,1,7200,4.47263681592
254777,279939,280465,25162,526,1,7200,48.8365019011
254777,280478,280511,25701,33,1,7200,779.818181818
254777,280099,287319,25322,7220,1,7200,4.50720221607
254777,280523,287727,25746,7204,1,7200,4.5738478623
254778,280673,280691,25895,18,1,7200,1439.61111111
254778,280702,280712,25924,10,1,7200,2593.4
254779,281152,281657,26373,505,1,7200,53.2237623762
254779,281473,281733,26694,260,1,7200,103.669230769
254779,280943,281141,26164,198,1,7200,133.141414141
254779,280724,287952,25945,7228,1,7200,4.58951300498
254780,281486,288714,26706,7228,1,7200,4.69479800775
254780,281668,281743,26888,75,1,7200,359.506666667
254780,281744,281988,26964,244,1,7200,111.508196721
254781,281755,281767,26974,12,1,7200,2248.83333333
254781,281779,288987,26998,7208,1,7200,4.74556048835
254781,282000,282017,27219,17,1,7200,1602.11764706
254781,282029,282046,27248,17,1,7200,1603.82352941
254782,283384,283408,28602,24,1,7200,1192.75
254782,282911,286987,28129,4076,1,7200,7.90112855741
254782,282058,289299,27276,7241,1,7200,4.76688302721
254783,283987,284173,29204,186,1,7200,158.010752688
254783,284166,284183,29383,17,1,7200,1729.41176471
254783,283419,283975,28636,556,1,7200,52.5035971223
254784,284185,284271,29401,86,1,7200,342.872093023
254784,284178,291412,29394,7234,1,7200,5.06331213713
254784,284194,287147,29410,2953,1,7200,10.9593633593
254785,284282,286448,29497,2166,1,7200,14.6181902124
254785,285298,285387,30513,89,1,7200,343.842696629
254785,285279,285287,30494,8,1,7200,3050.2
254785,285113,285267,30328,154,1,7200,197.935064935
254786,285793,285800,31007,7,1,7200,3101.4
254786,285404,290476,30618,5072,1,7200,7.03667192429
254786,285811,293027,31025,7216,1,7200,5.29947339246
254786,286459,286551,31673,92,1,7200,345.27173913
254787,286563,286607,31776,44,1,7200,723.181818182
254787,286619,286624,31832,5,1,7200,3183.7
254787,286635,286662,31848,27,1,7200,1180.55555556
254788,286880,294084,32092,7204,1,7200,5.45474736258
254788,286805,286869,32017,64,1,7200,501.265625
254788,286796,286875,32008,79,1,7200,406.164556962
254788,286673,286959,31885,286,1,7200,112.486013986
254789,286970,286982,32181,12,1,7200,2682.75
254789,286886,294118,32097,7232,1,7200,5.43819137168
254789,286993,287026,32204,33,1,7200,976.878787879
254790,287000,287511,32210,511,1,7200,64.0332681018
254790,287151,287219,32361,68,1,7200,476.897058824
254790,287038,290906,32248,3868,1,7200,9.33712512927
254791,287158,294370,32367,7212,1,7200,5.48793677205
254791,287230,287331,32439,101,1,7200,322.178217822
254791,287330,288629,32539,1299,1,7200,26.0492686682
254792,287522,287612,32730,90,1,7200,364.666666667
254792,287623,287641,32831,18,1,7200,1824.94444444
254792,287342,294566,32550,7224,1,7200,5.50581395349
254792,287653,287673,32861,20,1,7200,1644.05
254793,287965,295197,33172,7232,1,7200,5.58683628319
254793,287739,294972,32946,7233,1,7200,5.55495644961
254793,287685,288315,32892,630,1,7200,53.2095238095
254794,288641,295869,33847,7228,1,7200,5.68276148312
254794,288379,288431,33585,52,1,7200,646.865384615
254794,288326,288368,33532,42,1,7200,799.380952381
254794,288443,290595,33649,2152,1,7200,16.6361524164
254795,288973,296185,34178,7212,1,7200,5.73904603439
254795,288726,288961,33931,235,1,7200,145.387234043
254795,289031,296277,34236,7246,1,7200,5.72481369031
254795,288999,289020,34204,21,1,7200,1629.76190476
254796,289311,289346,34515,35,1,7200,987.142857143
254796,289413,289456,34617,43,1,7200,806.046511628
254796,289358,289400,34562,42,1,7200,823.904761905
254797,290258,290628,35461,370,1,7200,96.8405405405
254797,289469,290245,34672,776,1,7200,45.6804123711
254797,290493,290581,35696,88,1,7200,406.636363636
254798,290596,290720,35798,124,1,7200,289.693548387
254798,290608,290960,35810,352,1,7200,102.732954545
254799,290733,296290,35934,5557,1,7200,7.46643872593
254799,290808,298028,36009,7220,1,7200,5.98739612188
254799,290640,290796,35841,156,1,7200,230.75
254799,290918,291015,36119,97,1,7200,373.360824742
254800,291016,293239,36216,2223,1,7200,17.2914979757
254800,291027,291165,36227,138,1,7200,263.514492754
254800,291178,291231,36378,53,1,7200,687.377358491
254801,291243,291288,36442,45,1,7200,810.822222222
254801,291326,291337,36525,11,1,7200,3321.45454545
254801,291300,291313,36499,13,1,7200,2808.61538462
254802,291349,291364,36547,15,1,7200,2437.46666667
254802,291424,298656,36622,7232,1,7200,6.06388274336
254802,291376,291444,36574,68,1,7200,538.852941176
254803,291513,291561,36710,48,1,7200,765.791666667
254803,291457,291500,36654,43,1,7200,853.418604651
254803,291573,293420,36770,1847,1,7200,20.9079588522
254803,293040,293071,38237,31,1,7200,1234.4516129
254804,293251,293352,38447,101,1,7200,381.663366337
254804,293364,293489,38560,125,1,7200,309.48
254804,293083,293127,38279,44,1,7200,870.977272727
254804,293139,293414,38335,275,1,7200,140.4
254805,293434,294320,38629,886,1,7200,44.5993227991
254805,293427,298162,38622,4735,1,7200,9.15670538543
254805,293501,300736,38696,7235,1,7200,6.34844505874
254806,294133,300337,39327,6204,1,7200,7.33897485493
254806,294126,294132,39320,6,1,7200,3932.6
254806,294099,294113,39293,14,1,7200,2807.64285714
254807,294144,301374,39337,7230,1,7200,6.440802213
254807,294349,294364,39542,15,1,7200,2637.13333333
254807,294332,294337,39525,5,1,7200,3953.0
254808,294579,294638,39771,59,1,7200,675.084745763
254808,294384,298881,39576,4497,1,7200,9.80053368913
254808,294377,301616,39569,7239,1,7200,6.46608647603
254808,294652,294750,39844,98,1,7200,407.571428571
254809,295210,296583,40401,1373,1,7200,30.4253459578
254809,294990,296670,40181,1680,1,7200,24.9172619048
254809,294763,298834,39954,4071,1,7200,10.8142962417
254810,301385,306834,46575,5449,1,7200,9.54743989723
254810,301104,301601,46294,497,1,7200,94.1468812877
254810,301099,308308,46289,7209,1,7200,7.42100152587
254810,295881,296234,41071,353,1,7200,117.348441926
254811,301628,301632,46817,4,1,7200,4682.1
254811,301613,301629,46802,16,1,7200,2926.125
254811,301640,308853,46829,7213,1,7200,7.49230555941
254812,303852,303856,49040,4,1,7200,4904.4
254812,301647,301740,46835,93,1,7200,504.602150538
254812,301752,307378,46940,5626,1,7200,9.34340561678
254813,303861,303900,49048,39,1,7200,1258.64102564
254813,303874,311085,49061,7211,1,7200,7.80363333796
254813,303867,303888,49054,21,1,7200,2336.9047619
254814,303894,307929,49080,4035,1,7200,13.1635687732
254814,303887,303916,49073,29,1,7200,1693.17241379
254815,303907,303909,49092,2,1,7200,4909.4
254815,303912,304196,49097,284,1,7200,173.876760563
254816,303925,303926,49109,1,1,7200,4911.0
254816,303931,304325,49115,394,1,7200,125.657360406
254816,303936,303937,49120,1,1,7200,4912.1
254817,303955,311179,49138,7224,1,7200,7.80204872647
254817,303949,303954,49132,5,1,7200,4913.7
254818,303976,303977,49158,1,1,7200,4915.9
254818,303968,303969,49150,1,1,7200,4915.1
254818,303981,311222,49163,7241,1,7200,7.78953183262
254819,303989,310679,49170,6690,1,7200,8.34977578475
254819,303994,303995,49175,1,1,7200,4917.6
254820,304032,304137,49212,105,1,7200,469.685714286
254820,304150,304365,49330,215,1,7200,230.441860465
254820,304019,304020,49199,1,1,7200,4920.0
254821,304226,304309,49405,83,1,7200,596.240963855
254821,304208,304213,49387,5,1,7200,4939.2
254822,304321,304325,49499,4,1,7200,4950.3
254822,304337,304342,49515,5,1,7200,4952.0
254823,304377,304683,49554,306,1,7200,162.941176471
254823,304354,304447,49531,93,1,7200,533.591397849
254823,304360,304373,49537,13,1,7200,3811.53846154
254824,304386,304393,49562,7,1,7200,4956.9
254825,304417,304418,49592,1,1,7200,4959.3
254825,304430,305742,49605,1312,1,7200,38.8086890244
254826,304577,304582,49751,5,1,7200,4975.6
254826,304594,304598,49768,4,1,7200,4977.2
254826,304472,304565,49646,93,1,7200,534.827956989
254826,304459,304461,49633,2,1,7200,4963.5
254827,304695,304770,49868,75,1,7200,665.906666667
254827,304622,308023,49795,3401,1,7200,15.6412819759
254827,304782,304784,49955,2,1,7200,4995.7
254828,304830,304832,50002,2,1,7200,5000.4
254828,304845,304852,50017,7,1,7200,5002.4
254828,304797,304818,49969,21,1,7200,2380.47619048
254829,305770,305782,50941,12,1,7200,4246.08333333
254829,304864,312083,50035,7219,1,7200,7.93101537609
254829,305755,305758,50926,3,1,7200,5092.9
254830,305795,305813,50965,18,1,7200,2832.38888889
254830,305825,305832,50995,7,1,7200,5100.2
254830,305844,313071,51014,7227,1,7200,8.05880725059
254831,309006,309015,54175,9,1,7200,5418.4
254831,308320,308994,53489,674,1,7200,80.3605341246
254831,308864,308870,54033,6,1,7200,5403.9
254831,308881,316098,54050,7217,1,7200,8.48926146598
254832,309373,309380,54541,7,1,7200,5454.8
254832,309357,309361,54525,4,1,7200,5452.9
254832,309026,309027,54194,1,1,7200,5419.5
254832,309038,309346,54206,308,1,7200,176.993506494
254833,312086,312143,57253,57,1,7200,1005.43859649
254833,312092,312128,57259,36,1,7200,1591.52777778
254833,309391,310582,54558,1191,1,7200,46.8085642317
254834,312139,312188,57305,49,1,7200,1170.48979592
254834,312156,312158,57322,2,1,7200,5732.4
254835,312195,319427,57360,7232,1,7200,8.9314159292
254835,312202,312203,57367,1,1,7200,5736.8
254836,313025,313026,58189,1,1,7200,5819.0
254836,313037,313364,58201,327,1,7200,178.98470948
254836,313376,316002,58540,2626,1,7200,23.2924600152
254836,312214,319431,57378,7217,1,7200,8.95039490093
254837,314111,314113,59274,2,1,7200,5927.6
254837,314105,321339,59268,7234,1,7200,9.19297760575
254838,314129,314130,59291,1,1,7200,5929.2
254838,314123,314124,59285,1,1,7200,5928.6
254839,314140,314142,59301,2,1,7200,5930.3
254839,314147,315557,59308,1410,1,7200,43.0624113475
254839,314153,314478,59314,325,1,7200,183.504615385
254840,314158,321386,59318,7228,1,7200,9.20669618152
254840,314170,314172,59330,2,1,7200,5933.2
254841,314184,314185,59343,1,1,7200,5934.4
254841,314177,314294,59336,117,1,7200,508.145299145
254841,314197,314198,59356,1,1,7200,5935.7
254842,314221,314225,59379,4,1,7200,5938.3
254842,314253,314254,59411,1,1,7200,5941.2
254842,314209,314210,59367,1,1,7200,5936.8
254842,314236,314242,59394,6,1,7200,5940.0
254843,314307,314309,59464,2,1,7200,5946.6
254843,314300,314343,59457,43,1,7200,1383.72093023
254843,314265,314288,59422,23,1,7200,2584.56521739
254844,314320,314321,59476,1,1,7200,5947.7
254844,314332,314333,59488,1,1,7200,5948.9
254844,314346,314352,59502,6,1,7200,5950.8
254844,314355,318858,59511,4503,1,7200,14.2158560959
254845,314363,321572,59518,7209,1,7200,9.25606880289
254845,314560,314583,59715,23,1,7200,2597.30434783
254845,314491,314513,59646,22,1,7200,2712.18181818
254846,314651,314653,59805,2,1,7200,5980.7
254846,314665,314666,59819,1,1,7200,5982.0
254846,314595,314639,59749,44,1,7200,1358.93181818
254847,314689,321924,59842,7235,1,7200,9.27118175536
254847,314677,314678,59830,1,1,7200,5983.1
254847,315569,315576,60722,7,1,7200,6072.9
254848,315588,315589,60740,1,1,7200,6074.1
254848,315612,315613,60764,1,1,7200,6076.5
254848,315624,315655,60776,31,1,7200,1961.51612903
254848,315600,315601,60752,1,1,7200,6075.3
254849,315715,315717,60866,2,1,7200,6086.8
254849,315687,315703,60838,16,1,7200,3803.375
254849,315666,315671,60817,5,1,7200,6082.2
254850,315735,315737,60885,2,1,7200,6088.7
254850,316014,320332,61164,4318,1,7200,15.1648911533
254850,315728,320473,60878,4745,1,7200,13.8299262381
254851,316031,316200,61180,169,1,7200,363.01183432
254851,316026,317588,61175,1562,1,7200,40.1645326504
254851,316037,316461,61186,424,1,7200,145.306603774
254852,318876,320214,64024,1338,1,7200,48.8505231689
254852,318869,318874,64017,5,1,7200,6402.2
254852,316042,323253,61190,7211,1,7200,9.4856469283
254853,318881,318885,64028,4,1,7200,6403.2
254853,333117,333118,78264,1,1,7200,7826.5
254854,333134,340350,78280,7216,1,7200,11.8481152993
254854,333123,340347,78269,7224,1,7200,11.8345791805
254854,333128,333301,78274,173,1,7200,453.450867052
254854,333139,333168,78285,29,1,7200,2700.48275862
254855,333145,333146,78290,1,1,7200,7829.1
254855,333150,340359,78295,7209,1,7200,11.8607296435
254855,333163,340392,78308,7229,1,7200,11.8324802877
254855,333156,335559,78301,2403,1,7200,33.5846858094
254856,333169,333172,78313,3,1,7200,7831.6
254856,333180,333204,78324,24,1,7200,3264.5
254857,333209,333433,78352,224,1,7200,350.785714286
254857,333203,340440,78346,7237,1,7200,11.8257565289
254858,333214,333217,78356,3,1,7200,7835.9
254858,333235,333699,78377,464,1,7200,169.915948276
254858,333221,333222,78363,1,1,7200,7836.4
254858,333228,333639,78370,411,1,7200,191.681265207
254859,333467,333470,78608,3,1,7200,7861.1
254859,333312,333323,78453,11,1,7200,7133.09090909
254859,333334,334626,78475,1292,1,7200,61.7391640867
254860,333489,333834,78629,345,1,7200,228.910144928
254860,333473,333477,78613,4,1,7200,7861.7
254860,333482,334447,78622,965,1,7200,82.4735751295
254861,333652,333653,78791,1,1,7200,7879.2
254861,333666,333707,78805,41,1,7200,1923.07317073
254861,333847,333850,78986,3,1,7200,7898.9
254861,333720,340938,78859,7218,1,7200,11.925325575
254862,338295,338355,83433,60,1,7200,1391.55
254862,338634,339236,83772,602,1,7200,140.156146179
254862,338368,338622,83506,254,1,7200,329.763779528
254863,334460,334462,79597,2,1,7200,7959.9
254863,334474,334485,79611,11,1,7200,7238.36363636
254863,333862,334610,78999,748,1,7200,106.613636364
254864,334623,334690,79759,67,1,7200,1191.43283582
254864,334497,334498,79633,1,1,7200,7963.4
254864,334511,336453,79647,1942,1,7200,42.0128733265
254865,334669,334726,79804,57,1,7200,1401.07017544
254865,334703,334707,79838,4,1,7200,7984.2
254865,334637,334645,79772,8,1,7200,7978.0
254865,334656,334657,79791,1,1,7200,7979.2
254866,334732,334937,79866,205,1,7200,390.590243902
254866,334739,334740,79873,1,1,7200,7987.4
254867,334872,334883,80005,11,1,7200,7274.18181818
254867,334753,334861,79886,108,1,7200,740.685185185
254867,334896,335076,80029,180,1,7200,445.605555556
254867,334949,334951,80082,2,1,7200,8008.4
254868,335089,342292,80221,7203,1,7200,12.1371650701
254868,334963,335321,80095,358,1,7200,224.729050279
254868,335334,335473,80466,139,1,7200,579.892086331
254869,336472,336475,81603,3,1,7200,8160.6
254869,335485,335531,80616,46,1,7200,1753.52173913
254869,335544,335614,80675,70,1,7200,1153.5
254870,335571,342790,80701,7219,1,7200,12.1789721568
254870,335626,337349,80756,1723,1,7200,47.8694138131
254870,336478,337615,81608,1137,1,7200,72.7748460862
254871,337361,337363,82490,2,1,7200,8249.2
254871,336492,336515,81621,23,1,7200,3549.73913043
254871,336485,336499,81614,14,1,7200,5830.57142857
254871,336466,336467,81595,1,1,7200,8159.6
254872,336527,343766,81655,7239,1,7200,12.2798729106
254872,256266,256269,1394,3,1,7200,139.7
254872,336512,338229,81640,1717,1,7200,48.5480489225
254873,337641,344887,82768,7246,1,7200,12.4225779741
254873,337627,337628,82754,1,1,7200,8275.5
254873,337375,337637,82502,262,1,7200,315.893129771
254874,337736,340014,82862,2278,1,7200,37.3748902546
254874,337649,337724,82775,75,1,7200,1104.66666667
254875,338267,338269,83392,2,1,7200,8339.4
254875,338241,338242,83366,1,1,7200,8336.7
254875,338282,338283,83407,1,1,7200,8340.8
254876,340028,340032,85152,4,1,7200,8515.6
254876,339248,339346,84372,98,1,7200,861.93877551
254876,339358,346563,84482,7205,1,7200,12.7254684247
254876,340370,340385,85494,15,1,7200,5700.6
254877,340057,340058,85180,1,1,7200,8518.1
254877,340365,340436,85488,71,1,7200,1205.05633803
254877,340070,347291,85193,7221,1,7200,12.7979504224
254878,340451,340452,85573,1,1,7200,8557.4
254878,340435,340447,85557,12,1,7200,7130.75
254878,340376,347608,85498,7232,1,7200,12.8221792035
254879,340456,340462,85577,6,1,7200,8558.3
254879,340469,347703,85590,7234,1,7200,12.8316284213
254879,340440,340441,85561,1,1,7200,8556.2
254879,340446,340673,85567,227,1,7200,377.947136564
254880,340474,340541,85594,67,1,7200,1278.52238806
254880,340480,347700,85600,7220,1,7200,12.8559556787
254881,340485,340493,85604,8,1,7200,8561.2
254881,340529,340536,85648,7,1,7200,8565.5
254881,340492,340571,85611,79,1,7200,1084.6835443
254881,340506,340516,85625,10,1,7200,8563.5
254882,340556,340569,85674,13,1,7200,6591.30769231
254882,340582,340656,85700,74,1,7200,1159.10810811
254882,340549,342127,85667,1578,1,7200,55.2883396705
254883,340625,347872,85742,7247,1,7200,12.8313785014
254884,340668,340763,85784,95,1,7200,903.989473684
254884,340685,340688,85801,3,1,7200,8580.4
254884,340700,347924,85816,7224,1,7200,12.8792912514
254884,340775,340782,85891,7,1,7200,8589.8
254885,340881,340882,85996,1,1,7200,8599.7
254885,340894,345590,86009,4696,1,7200,19.3153747871
254885,340794,348008,85909,7214,1,7200,12.9086498475
254886,340968,340974,86082,6,1,7200,8608.8
254886,340986,341054,86100,68,1,7200,1267.17647059
254886,340950,340954,86064,4,1,7200,8606.8
254887,341067,341287,86180,220,1,7200,392.727272727
256733,256741,257550,8,809,1,900,1.00988875155
256733,256760,257559,27,799,1,900,1.0337922403
256733,256754,257563,21,809,1,900,1.02595797281
256733,256748,257565,15,817,1,900,1.01835985312
256734,256766,257560,32,794,1,900,1.040302267
256734,256772,257578,38,806,1,900,1.04714640199
256734,256777,257561,43,784,1,900,1.05484693878
256735,256789,257555,54,766,1,900,1.07049608355
256735,256783,257567,48,784,1,900,1.0612244898
256735,256795,257568,60,773,1,900,1.07761966365
257070,257077,257087,7,10,1,240,1.7
257278,257284,257302,6,18,2,7200,1.33333333333
259394,259400,297070,6,37670,16,86400,1.00015927794
265299,265305,265324,6,19,48,32400,1.31578947368
265366,265372,280369,6,14997,48,32400,1.00040008002
267806,267812,271420,6,3608,1,3600,1.00166297118
271366,271373,271382,7,9,1,1800,1.6
271520,271526,271598,6,72,1,1800,1.08333333333
271534,271540,271648,6,108,1,3600,1.05555555556
271782,271788,272067,6,279,1,3600,1.02150537634
271805,271811,271897,6,86,1,1800,1.06976744186
272312,272318,272879,6,561,1,3600,1.01069518717
272356,272362,272726,6,364,1,1800,1.01648351648
273348,273354,273362,6,8,1,1800,1.4
273380,273386,273391,6,5,1,3600,1.1
273504,273510,273552,6,42,1,1800,1.14285714286
273507,273516,273628,9,112,1,3600,1.08035714286
273765,273771,274157,6,386,1,3600,1.01554404145
273765,273776,273846,11,70,1,1800,1.15714285714
274459,274465,274720,6,255,1,1800,1.02352941176
274459,274471,274936,12,465,1,3600,1.02580645161
279199,279205,279284,6,79,1,1800,1.07594936709
279512,279518,279612,6,94,1,1800,1.06382978723
280166,280173,280555,7,382,1,1800,1.01832460733
281152,281159,367605,7,86446,4,86400,1.00008097541
281655,281661,281707,6,46,1,1800,1.13043478261
281928,281934,282004,6,70,1,1800,1.08571428571
282640,282647,282884,7,237,1,1800,1.02953586498
285007,285013,313838,6,28825,8,28800,1.00020815265
285144,285150,285151,6,1,1,900,1.0
285179,285185,314031,6,28846,8,28800,1.00020800111
285242,285248,314094,6,28846,8,28800,1.00020800111
285352,285358,314192,6,28834,8,28800,1.00020808767
285393,285399,314222,6,28823,8,28800,1.00020816709
285466,285472,314323,6,28851,8,28800,1.00020796506
285503,285510,314335,7,28825,8,28800,1.00024284475
285591,285597,303841,6,18244,8,28800,1.00032887525
285624,285630,314468,6,28838,8,28800,1.00020805881
285671,285677,314511,6,28834,8,28800,1.00020808767
289202,289209,296186,7,6977,8,28800,1.00100329655
290213,297076,324753,6863,27677,48,36000,1.24796762655
290565,300747,301082,10182,335,20,32399,31.3940298507
290649,290655,290825,6,170,25,7199,1.03529411765
290949,290956,291214,7,258,1,900,1.02713178295
290950,290981,291221,31,240,1,900,1.12916666667
290950,290975,291210,25,235,1,900,1.10638297872
290950,290967,291226,17,259,1,900,1.06563706564
290950,290962,291209,12,247,1,900,1.04858299595
290951,290987,291215,36,228,1,900,1.15789473684
290951,290999,291227,48,228,1,900,1.21052631579
290951,290993,291229,42,236,1,900,1.17796610169
290952,291011,291255,59,244,1,900,1.24180327869
290952,291005,291227,53,222,1,900,1.23873873874
291141,297084,333107,5943,36023,16,36000,1.16497793077
292549,292556,293106,7,550,1,900,1.01272727273
292550,292562,292938,12,376,1,900,1.03191489362
292550,292579,292942,29,363,1,900,1.07988980716
292550,292574,292941,24,367,1,900,1.06539509537
292550,292567,292928,17,361,1,900,1.04709141274
292551,292591,292956,40,365,1,900,1.1095890411
292551,292586,292952,35,366,1,900,1.0956284153
292552,292602,292965,50,363,1,900,1.13774104683
292552,292597,292963,45,366,1,900,1.12295081967
292552,292608,292974,56,366,1,900,1.15300546448
294588,294594,295156,6,562,1,900,1.01067615658
294588,294606,294968,18,362,1,900,1.04972375691
294588,294600,294967,12,367,1,900,1.03269754768
294589,294623,294990,34,367,1,900,1.09264305177
294589,294612,294974,23,362,1,900,1.0635359116
294589,294618,294986,29,368,1,900,1.07880434783
294590,294639,295006,49,367,1,900,1.13351498638
294590,294634,294994,44,360,1,900,1.12222222222
294590,294629,294998,39,369,1,900,1.10569105691
294591,294645,295205,54,560,1,900,1.09642857143
294975,294983,294989,8,6,16,1800,1.4
294999,314479,422499,19480,108020,16,108000,1.18033697463
295106,295113,295338,7,225,1,900,1.03111111111
295106,295118,295327,12,209,1,900,1.05741626794
295106,295123,295401,17,278,1,900,1.06115107914
295107,295131,295326,24,195,1,900,1.12307692308
295107,295142,295401,35,259,1,900,1.13513513514
295107,295136,295334,29,198,1,900,1.14646464646
295108,295159,295553,51,394,1,900,1.12944162437
295108,295148,295557,40,409,1,900,1.097799511
295108,295164,295555,56,391,1,900,1.14322250639
295109,295170,295554,61,384,1,900,1.15885416667
295589,315178,318405,19589,3227,16,18000,7.07034397273
295638,318417,322246,22779,3829,16,18000,6.94907286498
295714,340870,343556,45156,2686,16,18000,17.8116157856
295774,295785,296289,11,504,1,900,1.02182539683
295774,295791,296287,17,496,1,900,1.03427419355
295774,295780,296277,6,497,1,900,1.01207243461
295774,295797,296291,23,494,1,900,1.04655870445
295775,295803,296295,28,492,1,900,1.05691056911
295775,295808,296299,33,491,1,900,1.06720977597
295775,295814,296300,39,486,1,900,1.08024691358
295776,295825,296325,49,500,1,900,1.098
295776,295819,296313,43,494,1,900,1.08704453441
295776,295830,296323,54,493,1,900,1.10953346856
295824,340875,343607,45051,2732,16,18000,17.4901171303
296294,342856,414866,46562,72010,16,72000,1.64660463824
296360,342862,356702,46502,13840,16,72000,4.35997109827
296450,460211,460216,163761,5,2,604800,16376.6
296474,296480,297042,6,562,1,900,1.01067615658
296474,296491,297037,17,546,1,900,1.03113553114
296474,296486,297049,12,563,1,900,1.02131438721
296475,296504,297063,29,559,1,900,1.0518783542
296475,296510,297063,35,553,1,900,1.06329113924
296475,296499,296971,24,472,1,900,1.05084745763
296476,296521,297063,45,542,1,900,1.08302583026
296476,296515,297068,39,553,1,900,1.0705244123
296476,296526,297069,50,543,1,900,1.09208103131
296477,296532,297101,55,569,1,900,1.09666080844
296501,343567,415575,47066,72008,16,72000,1.6536218198
296720,296727,297321,7,594,1,900,1.01178451178
296721,296740,297317,19,577,1,900,1.03292894281
296721,296746,297319,25,573,1,900,1.04363001745
296721,296732,297321,11,589,1,900,1.01867572156
296722,296757,297264,35,507,1,900,1.06903353057
296722,296751,297342,29,591,1,900,1.04906937394
296722,296762,297265,40,503,1,900,1.07952286282
296723,296768,297244,45,476,1,900,1.09453781513
296723,296773,297251,50,478,1,900,1.10460251046
296723,296780,297255,57,475,1,900,1.12
296810,343619,415641,46809,72022,16,72000,1.64992641137
297665,344185,374307,46520,30122,16,72000,2.54438616294
297792,419278,458491,121486,39213,16,72000,4.09810522021
297826,419309,444741,121483,25432,16,72000,5.77677728846
297950,419314,454172,121364,34858,16,72000,4.48166848356
297969,419319,462988,121350,43669,16,72000,3.77885914493
297988,419325,484606,121337,65281,16,72000,2.85868782647
297998,422512,489428,124514,66916,16,72000,2.86075079204
298007,427410,499192,129403,71782,16,72000,2.8027221309
298017,434112,504110,136095,69998,16,72000,2.94426983628
298026,434118,506136,136092,72018,16,72000,2.88969424311
300038,301093,492442,1055,191349,18,198000,1.00551348583
300112,314042,506790,13930,192748,18,198000,1.0722705294
300750,307327,307576,6577,249,1,900,27.4136546185
300750,307392,307756,6642,364,1,900,19.2472527473
300750,306847,307315,6097,468,1,900,14.0277777778
300751,307942,308281,7191,339,1,900,22.2123893805
300751,307768,308036,7017,268,1,900,27.1828358209
300751,307847,308104,7096,257,1,900,28.6108949416
300751,307589,307835,6838,246,1,900,28.7967479675
300752,308035,308368,7283,333,1,900,22.8708708709
300752,308117,308356,7365,239,1,900,31.8158995816
300752,308048,308299,7296,251,1,900,30.0677290837
308651,308658,309789,7,1131,1,1800,1.00618921309
309931,309938,309947,7,9,1,3600,1.6
310061,310067,310076,6,9,1,3600,1.5
310170,434123,434156,123953,33,6,349200,3757.15151515
310187,311190,313007,1003,1817,8,1800,1.55200880572
310248,340387,346418,30139,6031,1,9000,5.99734704029
310248,340382,345602,30134,5220,1,9000,6.77279693487
310248,340393,346336,30145,5943,1,9000,6.07235402995
310249,340398,345658,30149,5260,1,9000,6.73174904943
310249,340406,345624,30157,5218,1,9000,6.7794174013
310249,340411,345469,30162,5058,1,9000,6.96322657177
310249,340417,345063,30168,4646,1,9000,7.49332759363
310249,340423,344820,30174,4397,1,9000,7.86240618604
310250,340462,344174,30212,3712,1,9000,9.13900862069
310250,341438,342178,31188,740,1,9000,43.1459459459
310250,340886,342560,30636,1674,1,9000,19.3010752688
310250,340428,344483,30178,4055,1,9000,8.4421701603
310250,341299,342274,31049,975,1,9000,32.8451282051
310376,313018,313321,2642,303,8,1800,9.71947194719
310624,313333,315166,2709,1833,8,1800,2.47790507365
310985,312100,312118,1115,18,1,1800,62.9444444444
312067,312130,312134,63,4,1,1800,6.7
312421,312428,312812,7,384,1,1200,1.01822916667
313103,314524,315735,1421,1211,1,1200,2.17341040462
313253,314339,357570,1086,43231,20,43199,1.02512086234
313444,314529,314799,1085,270,1,3540,5.01851851852
313863,314536,316647,673,2111,1,3540,1.31880625296
313945,314541,314736,596,195,1,3540,4.05641025641
313995,314547,314826,552,279,1,3540,2.97849462366
314044,314554,314861,510,307,1,3540,2.66123778502
314116,314748,314992,632,244,1,3540,3.59016393443
314166,314811,315123,645,312,1,3540,3.06730769231
314215,314837,315363,622,526,1,3540,2.1825095057
314266,314873,315411,607,538,1,3540,2.1282527881
314317,315004,315516,687,512,1,3540,2.341796875
314367,315136,315669,769,533,1,3540,2.44277673546
314446,315377,315943,931,566,1,3540,2.64487632509
314664,315423,315708,759,285,1,3540,3.66315789474
314927,315527,315719,600,192,1,3540,4.125
314987,315681,315818,694,137,1,3540,6.06569343066
316384,316391,318217,7,1826,1,1800,1.00383351588
318825,318831,322538,6,3707,4,3600,1.00161855948
318890,321350,323176,2460,1826,8,1800,2.34720700986
319258,341443,348680,22185,7237,1,7200,4.0654967528
319839,437012,529500,117173,92488,2,108000,2.26689948966
319933,322257,328686,2324,6429,8,14400,1.36148701198
320026,322263,333838,2237,11575,8,28800,1.19326133909
320113,388190,460199,68077,72009,3,72000,1.94539571442
320223,323187,327586,2964,4399,8,14400,1.67378949761
320281,323264,334677,2983,11413,8,14400,1.26136861474
320410,324765,329068,4355,4303,8,14400,2.01208459215
320546,324771,333493,4225,8722,8,10800,1.48440724604
321221,324776,339196,3555,14420,8,14400,1.24653259362
321310,336204,336460,14894,256,2,28800,59.1796875
321335,324781,330929,3446,6148,8,28800,1.56050748211
321416,333197,333456,11781,259,2,7200,46.4864864865
321711,324787,328955,3076,4168,8,14400,1.73800383877
321784,333186,860920,11402,527734,6,604800,1.0216055816
321825,333191,770002,11366,436811,6,604800,1.026020407
321919,324792,325866,2873,1074,8,7200,3.67504655493
322084,325881,333106,3797,7225,8,7200,1.52553633218
322465,327598,336202,5133,8604,8,14400,1.59658298466
322525,328697,339515,6172,10818,8,10800,1.57053059715
322729,334257,337955,11528,3698,4,3600,4.11736073553
322773,328966,336191,6193,7225,8,7200,1.85716262976
322931,329079,343485,6148,14406,8,14400,1.42676662502
323197,330940,331621,7743,681,8,14400,12.3700440529
323321,331632,338882,8311,7250,8,7200,2.14634482759
332105,334395,334399,2290,4,2,3540,229.4
333363,333445,334114,82,669,1,1800,1.12257100149
333363,334127,335018,764,891,2,1800,1.85746352413
333363,334262,335116,899,854,4,1800,2.05269320843
333364,334771,335792,1407,1021,16,1800,2.37806072478
333364,336233,337315,2869,1082,32,1800,3.65157116451
333364,333506,334372,142,866,8,1800,1.16397228637
333364,338894,340342,5530,1448,64,1800,4.81906077348
333629,333711,334061,82,350,1,1800,1.23428571429
333629,334390,334726,761,336,2,1800,3.26488095238
333629,334385,334759,756,374,4,1800,3.02139037433
333630,340865,341426,7235,561,32,1800,13.8966131907
333630,333854,334245,224,391,8,1800,1.57289002558
333630,335804,336221,2174,417,16,1800,6.21342925659
333631,340354,340853,6723,499,64,1800,14.4729458918
338264,339208,340344,944,1136,2,7200,1.83098591549
338278,340359,341468,2081,1109,2,28800,2.87646528404
339322,341449,341450,2127,1,1,10800,212.8
343501,343507,343509,6,2,1,240,1.0
344024,344496,346538,472,2042,1,2400,1.23114593536
345013,345019,345700,6,681,2,1800,1.00881057269
345013,346420,347332,1407,912,8,1800,2.54276315789
345013,345636,346408,623,772,4,1800,1.80699481865
345013,345075,345739,62,664,1,1800,1.09337349398
345014,356713,357809,11699,1096,32,1800,11.674270073
345014,347715,348725,2701,1010,16,1800,3.67425742574
345014,367617,369045,22603,1428,64,1800,16.8284313725
345015,415653,416843,70638,1190,128,1800,60.3596638655
345015,918952,920526,573937,1574,256,1800,365.635959339
354199,354205,357812,6,3607,1,3600,1.00166343222
357776,357783,357791,7,8,1,1800,1.5
357923,357930,358038,7,108,1,3600,1.06481481481
357927,357937,358008,10,71,1,1800,1.14084507042
358170,358176,358478,6,302,1,3600,1.01986754967
358270,358277,358359,7,82,1,1800,1.08536585366
358719,358726,359281,7,555,1,3600,1.01261261261
358791,358797,359162,6,365,1,1800,1.01643835616
359768,359774,359781,6,7,1,1800,1.3
359771,359781,359786,10,5,1,3600,1.5
359899,359906,360012,7,106,1,3600,1.06603773585
359921,359928,359964,7,36,1,1800,1.19444444444
360148,360156,360387,8,231,1,3600,1.03463203463
360175,360181,360250,6,69,1,1800,1.08695652174
360690,360696,361148,6,452,1,3600,1.01327433628
360835,360841,361082,6,241,1,1800,1.02489626556
365651,365658,365697,7,39,1,1800,1.17948717949
365918,369057,369129,3139,72,1,1800,44.5972222222
369713,369719,369957,6,238,1,1800,1.02521008403
370567,370574,385014,7,14440,1,25200,1.00048476454
374065,374072,385014,7,10942,4,25200,1.00063973679
375022,375029,403949,7,28920,16,28800,1.00024204703
375908,375915,378906,7,2991,8,14400,1.0023403544
376168,376186,397943,18,21757,1,25200,1.00082731994
376168,376175,397828,7,21653,1,25200,1.00032328084
376168,376181,397860,13,21679,1,25200,1.00059965866
376169,376192,398180,23,21988,1,25200,1.0010460251
376169,376198,398940,29,22742,1,25200,1.00127517369
376252,376259,379553,7,3294,8,14400,1.0021250759
376377,376383,376833,6,450,8,7200,1.01333333333
376471,376479,382118,8,5639,8,14400,1.00141869126
376515,470876,543981,94361,73105,2,108000,2.29075986595
376724,376731,380770,7,4039,8,7200,1.00173310225
376905,470887,578905,93982,108018,2,108000,1.87005869392
376933,376940,385335,7,8395,8,14400,1.00083382966
377113,377120,385508,7,8388,8,14400,1.00083452551
377165,470892,578910,93727,108018,2,108000,1.86769797626
377397,470897,578911,93500,108014,2,108000,1.86562852964
377903,470903,529752,93000,58849,2,108000,2.58031572329
378088,378095,379697,7,1602,2,36000,1.00436953808
378232,379566,411196,1334,31630,20,32399,1.04217515017
378260,378268,378927,8,659,4,18000,1.01213960546
378686,378918,379376,232,458,1,600,1.50655021834
379863,379870,379872,7,2,1,7200,1.0
379864,379937,380016,73,79,1,7200,1.92405063291
379864,379896,380092,32,196,1,7200,1.16326530612
379864,379876,379926,12,50,1,7200,1.24
379864,379883,379884,19,1,1,7200,2.0
379865,380028,380042,163,14,1,7200,12.6428571429
379865,380055,380058,190,3,1,7200,19.3
379865,380070,380327,205,257,1,7200,1.79766536965
379866,380506,387752,640,7246,1,7200,1.08832459288
379866,380104,380494,238,390,1,7200,1.61025641026
379866,380339,387308,473,6969,1,7200,1.06787200459
379867,380787,388020,920,7233,1,7200,1.1271948016
379867,380793,380794,926,1,1,7200,92.7
379868,380809,380814,941,5,1,7200,94.6
379868,380798,380800,930,2,1,7200,93.2
379868,380804,388025,936,7221,1,7200,1.12962193602
379869,380828,380829,959,1,1,7200,96.0
379869,380820,380822,951,2,1,7200,95.3
379870,380844,381913,974,1069,1,7200,1.91113189897
379870,380833,380834,963,1,1,7200,96.4
379870,380839,388067,969,7228,1,7200,1.13406198118
379871,380850,380851,979,1,1,7200,98.0
379871,380869,380883,998,14,1,7200,72.2857142857
379871,380863,381426,992,563,1,7200,2.76198934281
379871,380858,388066,987,7208,1,7200,1.13693118757
379872,380877,380878,1005,1,1,7200,100.6
379872,380890,380891,1018,1,1,7200,101.9
379872,380898,381248,1026,350,1,7200,3.93142857143
379873,380906,380907,1033,1,1,7200,103.4
379873,380919,381688,1046,769,1,7200,2.36020806242
379874,381260,381261,1386,1,1,7200,138.7
379874,381299,381372,1425,73,1,7200,20.5205479452
379875,381438,388649,1563,7211,1,7200,1.21675218416
379875,381384,381386,1509,2,1,7200,151.1
379875,381398,381599,1523,201,1,7200,8.57711442786
379876,381637,381639,1761,2,1,7200,176.3
379876,381611,381624,1735,13,1,7200,134.461538462
379877,381676,382837,1799,1161,1,7200,2.54952627046
379877,381700,381701,1823,1,1,7200,182.4
379877,381714,388932,1837,7218,1,7200,1.25450263231
379878,382130,382131,2252,1,1,7200,225.3
379878,381926,389151,2048,7225,1,7200,1.28346020761
379879,382141,382208,2262,67,1,7200,34.7611940299
379879,382136,382580,2257,444,1,7200,6.08333333333
379879,382147,382148,2268,1,1,7200,226.9
379880,382152,382246,2272,94,1,7200,25.170212766
379880,382165,382187,2285,22,1,7200,104.863636364
379880,382170,382182,2290,12,1,7200,191.833333333
379881,382202,382205,2321,3,1,7200,232.4
379881,382195,382206,2314,11,1,7200,211.363636364
379881,382218,383254,2337,1036,1,7200,3.25579150579
379882,382230,382248,2348,18,1,7200,131.444444444
379882,382259,382285,2377,26,1,7200,92.4230769231
379882,382223,389155,2341,6932,1,7200,1.33770917484
379883,382297,389543,2414,7246,1,7200,1.33314932376
379883,382266,382267,2383,1,1,7200,238.4
379883,382279,383221,2396,942,1,7200,3.54352441614
379884,382593,382595,2709,2,1,7200,271.1
379884,382620,382635,2736,15,1,7200,183.4
379885,382647,382649,2762,2,1,7200,276.4
379885,382661,389866,2776,7205,1,7200,1.38528799445
379885,382853,384171,2968,1318,1,7200,3.25189681335
379886,383411,390637,3525,7226,1,7200,1.48782175477
379886,383266,390494,3380,7228,1,7200,1.46762589928
379886,383234,383398,3348,164,1,7200,21.4146341463
379887,384184,384186,4297,2,1,7200,429.9
379887,384198,384790,4311,592,1,7200,8.28209459459
379888,384802,384843,4914,41,1,7200,120.853658537
379888,385085,392311,5197,7226,1,7200,1.71920841406
379888,384855,385073,4967,218,1,7200,23.7844036697
379889,387322,394563,7433,7241,1,7200,2.02651567463
379889,387885,387887,7996,2,1,7200,799.8
379889,387765,387873,7876,108,1,7200,73.9259259259
379890,388033,388034,8143,1,1,7200,814.4
379890,387899,395111,8009,7212,1,7200,2.11051026068
379890,388047,392084,8157,4037,1,7200,3.02055982165
379890,388040,388391,8150,351,1,7200,24.2193732194
379891,388085,388135,8194,50,1,7200,164.88
379891,388078,388170,8187,92,1,7200,89.9891304348
379892,388182,388457,8290,275,1,7200,31.1454545455
379892,388147,388148,8255,1,1,7200,825.6
379892,388160,388243,8268,83,1,7200,100.614457831
379892,388255,395483,8363,7228,1,7200,2.15702822357
379893,388418,395658,8525,7240,1,7200,2.17748618785
379893,388469,395702,8576,7233,1,7200,2.1856767593
379893,388404,388406,8511,2,1,7200,851.3
379894,388663,388665,8769,2,1,7200,877.1
379894,388677,388678,8783,1,1,7200,878.4
379895,388726,388728,8831,2,1,7200,883.3
379896,388839,388896,8943,57,1,7200,157.894736842
379896,388752,388827,8856,75,1,7200,119.08
379896,388908,392793,9012,3885,1,7200,3.31969111969
379897,389164,389192,9267,28,1,7200,331.964285714
379897,389171,389249,9274,78,1,7200,119.897435897
379897,388944,396159,9047,7215,1,7200,2.25391545392
379898,389205,389208,9307,3,1,7200,931.0
379898,389220,389522,9322,302,1,7200,31.8675496689
379898,389261,393208,9363,3947,1,7200,3.3721814036
379898,389535,389545,9637,10,1,7200,964.7
379899,389555,389558,9656,3,1,7200,965.9
379899,389571,396789,9672,7218,1,7200,2.3399833749
379899,389562,389654,9663,92,1,7200,106.032608696
379900,389666,396886,9766,7220,1,7200,2.35263157895
379900,389878,389881,9978,3,1,7200,998.1
379900,389893,390029,9993,136,1,7200,74.4779411765
379901,390203,390221,10302,18,1,7200,573.333333333
379901,390041,390178,10140,137,1,7200,75.0145985401
379901,390190,390191,10289,1,1,7200,1029.0
379901,390233,390238,10332,5,1,7200,1033.7
379902,390250,390436,10348,186,1,7200,56.6344086022
379902,390448,390450,10546,2,1,7200,1054.8
379903,390506,397739,10603,7233,1,7200,2.46592008848
379903,390486,391716,10583,1230,1,7200,9.60406504065
379903,390649,390918,10746,269,1,7200,40.9479553903
379904,390930,390933,11026,3,1,7200,1102.9
379904,390945,391487,11041,542,1,7200,21.3708487085
379904,391501,391541,11597,40,1,7200,290.925
379905,391728,391731,11823,3,1,7200,1182.6
379905,391554,391751,11649,197,1,7200,60.1319796954
379906,391763,392008,11857,245,1,7200,49.3959183673
379906,392020,392025,12114,5,1,7200,1211.9
379906,391770,392216,11864,446,1,7200,27.600896861
379907,392097,393157,12190,1060,1,7200,12.5
379907,392038,392190,12131,152,1,7200,80.8092105263
379907,392203,392432,12296,229,1,7200,54.6943231441
379907,392229,399456,12322,7227,1,7200,2.70499515705
379908,392445,392573,12537,128,1,7200,98.9453125
379908,392323,392492,12415,169,1,7200,74.4615384615
379908,392505,392820,12597,315,1,7200,40.9904761905
379909,392585,399819,12676,7234,1,7200,2.75228089577
379909,392806,392820,12897,14,1,7200,922.214285714
379909,392832,394101,12923,1269,1,7200,11.1836091411
379910,392837,394670,12927,1833,1,7200,8.05237315876
379910,393220,393478,13310,258,1,7200,52.5891472868
379910,393170,393473,13260,303,1,7200,44.7623762376
379911,393588,393593,13677,5,1,7200,1368.2
379911,393492,393576,13581,84,1,7200,162.678571429
379911,393485,393814,13574,329,1,7200,42.2583586626
379912,393827,393830,13915,3,1,7200,1391.8
379912,393711,393816,13799,105,1,7200,132.419047619
379912,393605,393698,13693,93,1,7200,148.23655914
379913,393834,394060,13921,226,1,7200,62.5973451327
379914,393890,401100,13976,7210,1,7200,2.93841886269
379914,394072,401286,14158,7214,1,7200,2.96257277516
379915,394575,394692,14660,117,1,7200,126.299145299
379915,394682,395203,14767,521,1,7200,29.3435700576
379915,394113,401359,14198,7246,1,7200,2.95942589015
379916,394705,395749,14789,1044,1,7200,15.1657088123
379916,395214,402416,15298,7202,1,7200,3.1241321855
379916,395123,395807,15207,684,1,7200,23.2324561404
379917,395496,396280,15579,784,1,7200,20.8711734694
379917,395670,396344,15753,674,1,7200,24.3724035608
379917,395714,395943,15797,229,1,7200,69.9825327511
379918,395762,396094,15844,332,1,7200,48.7228915663
379918,396106,396247,16188,141,1,7200,115.808510638
379918,395956,396093,16038,137,1,7200,118.065693431
379918,395819,396979,15901,1160,1,7200,14.7077586207
379919,396172,398615,16253,2443,1,7200,7.65288579615
379919,396262,403473,16343,7211,1,7200,3.26639855776
379919,396111,400218,16192,4107,1,7200,4.94253713173
379920,396801,396812,16881,11,1,7200,1535.63636364
379920,396824,396846,16904,22,1,7200,769.363636364
379920,396356,403578,16436,7222,1,7200,3.2758238715
379920,396293,397088,16373,795,1,7200,21.5949685535
379921,396918,397119,16997,201,1,7200,85.5621890547
379921,396858,397053,16937,195,1,7200,87.8564102564
379921,396900,396906,16979,6,1,7200,1698.5
379922,397101,397153,17179,52,1,7200,331.365384615
379922,396992,404201,17070,7209,1,7200,3.36787349147
379922,397065,397343,17143,278,1,7200,62.6654676259
379923,397131,404356,17208,7225,1,7200,3.38173010381
379923,397355,397368,17432,13,1,7200,1341.92307692
379923,397381,398330,17458,949,1,7200,19.3962065332
379923,397170,398591,17247,1421,1,7200,13.1372273047
379924,398343,399036,18419,693,1,7200,27.5786435786
379924,397752,397859,17828,107,1,7200,167.61682243
379924,397871,405079,17947,7208,1,7200,3.48987236404
379925,398603,398633,18678,30,1,7200,623.6
379925,398645,398786,18720,141,1,7200,133.765957447
379925,398627,398676,18702,49,1,7200,382.673469388
379926,398818,398874,18892,56,1,7200,338.357142857
379926,398688,398836,18762,148,1,7200,127.77027027
379926,398798,398806,18872,8,1,7200,1888.0
379927,398886,398970,18959,84,1,7200,226.702380952
379927,398982,399439,19055,457,1,7200,42.6958424508
379927,398848,405057,18921,6209,1,7200,4.04735062007
379928,399451,399597,19523,146,1,7200,134.719178082
379928,399478,399498,19550,20,1,7200,978.5
379928,399048,399466,19120,418,1,7200,46.7416267943
379928,399469,399529,19541,60,1,7200,326.683333333
379929,399609,400596,19680,987,1,7200,20.9392097264
379929,399510,406744,19581,7234,1,7200,3.70680121648
379929,399542,399759,19613,217,1,7200,91.3824884793
379930,399831,399990,19901,159,1,7200,126.163522013
379930,400002,400089,20072,87,1,7200,231.712643678
379930,399772,399800,19842,28,1,7200,709.642857143
379930,399813,401710,19883,1897,1,7200,11.4812862414
379931,400102,400103,20171,1,1,7200,2017.2
379935,400231,400304,20296,73,1,7200,279.02739726
379936,400317,400359,20381,42,1,7200,486.261904762
379936,400274,400350,20338,76,1,7200,268.605263158
379937,400420,407213,20483,6793,1,7200,4.01530987782
379937,400371,400408,20434,37,1,7200,553.27027027
379937,400363,400448,20426,85,1,7200,241.305882353
379938,400609,407813,20671,7204,1,7200,3.86937812326
379938,400930,408150,20992,7220,1,7200,3.90747922438
379938,400887,400918,20949,31,1,7200,676.774193548
379938,400460,400874,20522,414,1,7200,50.5700483092
379939,401143,401151,21204,8,1,7200,2121.2
379939,401112,401131,21173,19,1,7200,1115.36842105
379939,401163,408390,21224,7227,1,7200,3.93676490937
379940,401371,401779,21431,408,1,7200,53.5269607843
379940,401519,401732,21579,213,1,7200,102.309859155
379940,401300,401507,21360,207,1,7200,104.188405797
379941,401722,408953,21781,7231,1,7200,4.01216982437
379941,401744,401797,21803,53,1,7200,412.377358491
379941,401791,401988,21850,197,1,7200,111.913705584
379942,401831,409035,21889,7204,1,7200,4.03845086063
379942,401810,401819,21868,9,1,7200,2187.7
379942,402001,402014,22059,13,1,7200,1697.84615385
379943,402432,403143,22489,711,1,7200,32.6300984529
379943,402048,409279,22105,7231,1,7200,4.05697690499
379943,402026,402036,22083,10,1,7200,2209.3
379943,403155,403176,23212,21,1,7200,1106.33333333
379944,403188,403482,23244,294,1,7200,80.0612244898
379944,403485,403653,23541,168,1,7200,141.125
379945,403521,410742,23576,7221,1,7200,4.26492175599
379945,403494,403508,23549,14,1,7200,1683.07142857
379945,403591,403657,23646,66,1,7200,359.272727273
379946,403953,404101,24007,148,1,7200,163.209459459
379946,403963,403967,24017,4,1,7200,2402.1
379946,403673,403940,23727,267,1,7200,89.8651685393
379946,403666,403950,23720,284,1,7200,84.5211267606
379947,404114,405497,24167,1383,1,7200,18.4743311641
379947,404213,404217,24266,4,1,7200,2427.0
379947,403979,404617,24032,638,1,7200,38.6677115987
379948,404368,404422,24420,54,1,7200,453.222222222
379948,404229,411460,24281,7231,1,7200,4.35790347117
379948,404434,404465,24486,31,1,7200,790.870967742
379949,404492,404508,24543,16,1,7200,1534.9375
379949,404520,404729,24571,209,1,7200,118.564593301
379949,404477,404480,24528,3,1,7200,2453.1
379950,404742,411963,24792,7221,1,7200,4.43331948484
379950,404699,404746,24749,47,1,7200,527.574468085
379950,404630,404688,24680,58,1,7200,426.517241379
379951,405088,405101,25137,13,1,7200,1934.61538462
379951,404758,409306,24807,4548,1,7200,6.45448548813
379951,405068,405076,25117,8,1,7200,2512.5
379952,405113,405145,25161,32,1,7200,787.28125
379952,405157,405204,25205,47,1,7200,537.276595745
379952,405095,405517,25143,422,1,7200,60.5805687204
379952,405216,412462,25264,7246,1,7200,4.48661330389
379953,405598,412810,25645,7212,1,7200,4.5558790904
379953,405529,405990,25576,461,1,7200,56.4793926247
379953,405509,405586,25556,77,1,7200,332.896103896
379954,406098,406110,26144,12,1,7200,2179.66666667
379954,406155,406662,26201,507,1,7200,52.6785009862
379954,406002,406086,26048,84,1,7200,311.095238095
379954,406122,406143,26168,21,1,7200,1247.0952381
379955,407225,407253,27270,28,1,7200,974.928571429
379955,406756,413990,26801,7234,1,7200,4.70486591098
379955,406674,413902,26719,7228,1,7200,4.6965965689
379956,407412,412030,27456,4618,1,7200,6.94543092248
379956,407826,408028,27870,202,1,7200,138.97029703
379956,407319,407400,27363,81,1,7200,338.814814815
379956,407266,407306,27310,40,1,7200,683.75
379957,408163,408178,28206,15,1,7200,1881.4
379957,408041,415282,28084,7241,1,7200,4.87846982461
379957,408190,415392,28233,7202,1,7200,4.92016106637
379958,408402,408423,28444,21,1,7200,1355.47619048
379958,429515,429533,49557,18,1,7200,2754.16666667
379958,429510,429519,49552,9,1,7200,4956.1
379959,429545,429689,49586,144,1,7200,345.347222222
379959,429701,429732,49742,31,1,7200,1605.58064516
379959,429531,429778,49572,247,1,7200,201.696356275
379960,429744,429800,49784,56,1,7200,890.0
379960,429813,429866,49853,53,1,7200,941.622641509
379960,429790,429918,49830,128,1,7200,390.296875
379961,429930,437137,49969,7207,1,7200,7.93339808519
379961,429979,430055,50018,76,1,7200,659.131578947
379961,429984,430080,50023,96,1,7200,522.072916667
379961,429879,429975,49918,96,1,7200,520.979166667
379962,429995,430029,50033,34,1,7200,1472.55882353
379962,429989,430045,50027,56,1,7200,894.339285714
379962,430003,430031,50041,28,1,7200,1788.17857143
379963,430048,430058,50085,10,1,7200,5009.5
379963,430041,430047,50078,6,1,7200,5008.4
379963,430057,430067,50094,10,1,7200,5010.4
379964,430072,437309,50108,7237,1,7200,7.92386347934
379964,430077,430110,50113,33,1,7200,1519.57575758
379964,430064,430107,50100,43,1,7200,1166.11627907
379964,430085,430111,50121,26,1,7200,1928.73076923
379965,430092,431361,50127,1269,1,7200,40.5011820331
379965,430126,430170,50161,44,1,7200,1141.02272727
379965,430119,430249,50154,130,1,7200,386.8
379966,430148,432293,50182,2145,1,7200,24.3948717949
379966,430131,430353,50165,222,1,7200,226.968468468
379966,430137,430214,50171,77,1,7200,652.571428571
379966,430143,430303,50177,160,1,7200,314.60625
379967,430160,437399,50193,7239,1,7200,7.93369249896
379967,430165,430173,50198,8,1,7200,5020.6
379967,430154,430778,50187,624,1,7200,81.4278846154
379968,430184,437001,50216,6817,1,7200,8.36629015696
379968,430176,430258,50208,82,1,7200,613.292682927
379968,430170,430174,50202,4,1,7200,5020.6
379969,430224,430784,50255,560,1,7200,90.7410714286
379969,430196,430211,50227,15,1,7200,3349.46666667
379969,430191,430196,50222,5,1,7200,5022.7
379969,430208,437442,50239,7234,1,7200,7.9448437932
379970,430261,430377,50291,116,1,7200,434.543103448
379970,430271,430493,50301,222,1,7200,227.581081081
379970,430231,430287,50261,56,1,7200,898.517857143
379971,430299,430332,50328,33,1,7200,1526.09090909
379971,430344,430702,50373,358,1,7200,141.706703911
379971,430315,430531,50344,216,1,7200,234.074074074
379972,430506,430941,50534,435,1,7200,117.170114943
379972,430365,437611,50393,7246,1,7200,7.95459563897
379972,430390,430694,50418,304,1,7200,166.848684211
379972,430543,430555,50571,12,1,7200,4215.25
379973,430567,430572,50594,5,1,7200,5059.9
379973,430584,437794,50611,7210,1,7200,8.01955617198
379974,430706,430777,50732,71,1,7200,715.535211268
379974,430790,430795,50816,5,1,7200,5082.1
379974,430714,432127,50740,1413,1,7200,36.9094125973
379975,430795,430813,50820,18,1,7200,2824.33333333
379975,430803,430819,50828,16,1,7200,3177.75
379975,430810,438023,50835,7213,1,7200,8.04769166782
379976,430826,430829,50850,3,1,7200,5085.3
379976,430833,430855,50857,22,1,7200,2312.68181818
379976,430841,431111,50865,270,1,7200,189.388888889
379977,430894,431058,50917,164,1,7200,311.469512195
379977,430881,430882,50904,1,1,7200,5090.5
379977,430867,430869,50890,2,1,7200,5089.2
379977,430953,430955,50976,2,1,7200,5097.8
379978,431069,431072,51091,3,1,7200,5109.4
379978,430979,431220,51001,241,1,7200,212.622406639
379979,431116,438356,51137,7240,1,7200,8.06312154696
379979,431096,431104,51117,8,1,7200,5112.5
379980,431123,431125,51143,2,1,7200,5114.5
379981,431276,431281,51295,5,1,7200,5130.0
379981,431162,438396,51181,7234,1,7200,8.07506220625
379981,431232,431264,51251,32,1,7200,1602.59375
379982,431373,431454,51391,81,1,7200,635.456790123
379982,431293,431294,51311,1,1,7200,5131.2
379982,431319,431374,51337,55,1,7200,934.4
379982,431306,431307,51324,1,1,7200,5132.5
379983,431400,431443,51417,43,1,7200,1196.74418605
379983,431455,431456,51472,1,1,7200,5147.3
379983,431466,431467,51483,1,1,7200,5148.4
379983,431386,431388,51403,2,1,7200,5140.5
379984,431472,431473,51488,1,1,7200,5148.9
379984,431487,431491,51503,4,1,7200,5150.7
379984,431480,431527,51496,47,1,7200,1096.65957447
379985,431539,431543,51554,4,1,7200,5155.8
379985,431503,431701,51518,198,1,7200,261.191919192
379986,431713,431715,51727,2,1,7200,5172.9
379986,431580,431878,51594,298,1,7200,174.134228188
379987,431819,431820,51832,1,1,7200,5183.3
379987,431804,431807,51817,3,1,7200,5182.0
379987,431790,431792,51803,2,1,7200,5180.5
379987,431727,431778,51740,51,1,7200,1015.50980392
379988,431891,431941,51903,50,1,7200,1039.06
379988,431954,431955,51966,1,1,7200,5196.7
379988,431832,432308,51844,476,1,7200,109.915966387
379989,431968,431982,51979,14,1,7200,3713.78571429
379989,431995,431998,52006,3,1,7200,5200.9
379989,432010,432014,52021,4,1,7200,5202.5
379990,432139,432145,52149,6,1,7200,5215.5
379990,432157,432163,52167,6,1,7200,5217.3
379990,432175,432186,52185,11,1,7200,4745.09090909
379990,432026,439256,52036,7230,1,7200,8.19723374827
379991,432212,439415,52221,7203,1,7200,8.24989587672
379991,432198,432199,52207,1,1,7200,5220.8
379991,432306,432683,52315,377,1,7200,139.766578249
379992,432696,432702,52704,6,1,7200,5271.0
379992,432335,436246,52343,3911,1,7200,14.3835336231
379992,432321,432323,52329,2,1,7200,5233.1
379993,432926,432931,52933,5,1,7200,5293.8
379993,432727,432913,52734,186,1,7200,284.516129032
379993,432943,432950,52950,7,1,7200,5295.7
379994,432992,433060,52998,68,1,7200,780.382352941
379994,433073,433123,53079,50,1,7200,1062.58
379994,432962,432980,52968,18,1,7200,2943.66666667
379995,433135,433180,53140,45,1,7200,1181.88888889
379995,433192,433193,53197,1,1,7200,5319.8
379996,437149,437153,57153,4,1,7200,5715.7
379996,433231,440464,53235,7233,1,7200,8.36001659063
379996,437321,437324,57325,3,1,7200,5732.8
379996,437166,444382,57170,7216,1,7200,8.92267184035
379997,437454,441278,57457,3824,1,7200,16.0253661088
379997,437414,437544,57417,130,1,7200,442.669230769
379997,437336,437533,57339,197,1,7200,292.060913706
379998,437556,437559,57558,3,1,7200,5756.1
379998,437545,437548,57547,3,1,7200,5755.0
379999,437592,437760,57593,168,1,7200,343.81547619
380000,437622,437625,57622,3,1,7200,5762.5
380001,437637,437638,57636,1,1,7200,5763.7
380002,437665,437675,57663,10,1,7200,5767.3
380002,437672,437673,57670,1,1,7200,5767.1
380002,437658,437661,57656,3,1,7200,5765.9
380003,437692,437723,57689,31,1,7200,1861.93548387
380003,437725,437726,57722,1,1,7200,5772.3
380003,437685,437699,57682,14,1,7200,4121.14285714
380003,437712,437713,57709,1,1,7200,5771.0
380004,437742,437746,57738,4,1,7200,5774.2
380004,437750,440626,57746,2876,1,7200,21.078581363
380004,437735,437737,57731,2,1,7200,5773.3
380005,437799,437814,57794,15,1,7200,3853.93333333
380005,437805,437826,57800,21,1,7200,2753.38095238
380005,437759,445005,57754,7246,1,7200,8.97046646426
380005,437772,437786,57767,14,1,7200,4127.21428571
380006,437826,437827,57820,1,1,7200,5782.1
380006,437852,445084,57846,7232,1,7200,8.99861725664
380006,437838,437839,57832,1,1,7200,5783.3
380007,437859,437861,57852,2,1,7200,5785.4
380008,437899,437900,57891,1,1,7200,5789.2
380008,437945,437947,57937,2,1,7200,5793.9
380008,437912,437933,57904,21,1,7200,2758.33333333
380009,437996,438077,57987,81,1,7200,716.888888889
380009,437983,437984,57974,1,1,7200,5797.5
380009,437959,437971,57950,12,1,7200,4830.16666667
380010,438051,439093,58041,1042,1,7200,56.7015355086
380010,438035,438039,58025,4,1,7200,5802.9
380010,438090,438094,58080,4,1,7200,5808.4
380011,438106,438725,58095,619,1,7200,94.8529886914
380011,438409,438685,58398,276,1,7200,212.586956522
380011,438371,438514,58360,143,1,7200,409.111888112
380012,438697,438700,58685,3,1,7200,5868.8
380012,438737,438738,58725,1,1,7200,5872.6
380012,438526,445735,58514,7209,1,7200,9.11679844639
380012,438712,439985,58700,1273,1,7200,47.1115475255
380014,438798,438822,58784,24,1,7200,2450.33333333
380014,438835,438836,58821,1,1,7200,5882.2
380015,439202,442774,59187,3572,1,7200,17.5697088466
380015,438849,441158,58834,2309,1,7200,26.4802944998
380015,439106,439189,59091,83,1,7200,712.939759036
380015,439268,439271,59253,3,1,7200,5925.6
380016,442793,450000,62777,7207,1,7200,9.71055917858
380016,442786,442807,62770,21,1,7200,2990.04761905
380016,442778,442780,62762,2,1,7200,6276.4
380016,442819,443019,62803,200,1,7200,315.015
380017,442938,443282,62921,344,1,7200,183.909883721
380017,442912,442914,62895,2,1,7200,6289.7
380018,443031,443441,63013,410,1,7200,154.690243902
380018,443295,443302,63277,7,1,7200,6328.4
380018,443453,443456,63435,3,1,7200,6343.8
380018,443315,444756,63297,1441,1,7200,44.9257460097
380019,439298,440249,59279,951,1,7200,63.3333333333
380019,439283,439286,59264,3,1,7200,5926.7
380019,439428,439761,59409,333,1,7200,179.405405405
380020,439842,447065,59822,7223,1,7200,9.28215422954
380020,439774,439775,59754,1,1,7200,5975.5
380020,439788,439830,59768,42,1,7200,1424.04761905
380021,440013,440068,59992,55,1,7200,1091.76363636
380021,439997,440000,59976,3,1,7200,5997.9
380021,440079,440284,60058,205,1,7200,293.965853659
380022,440762,440774,60740,12,1,7200,5062.66666667
380022,440261,440750,60239,489,1,7200,124.188139059
380022,440476,440479,60454,3,1,7200,6045.7
380022,440297,441104,60275,807,1,7200,75.6902106568
380023,440786,440788,60763,2,1,7200,6076.5
380023,440491,442636,60468,2145,1,7200,29.1902097902
380024,440748,440802,60724,54,1,7200,1125.51851852
380024,440735,440736,60711,1,1,7200,6071.2
380024,440638,440706,60614,68,1,7200,892.382352941
380024,440718,440722,60694,4,1,7200,6069.8
380025,440800,440803,60775,3,1,7200,6077.8
380025,440819,441040,60794,221,1,7200,276.085972851
380025,440814,440816,60789,2,1,7200,6079.1
380026,440839,440950,60813,111,1,7200,548.864864865
380027,440962,440972,60935,10,1,7200,6094.5
380027,441052,441054,61025,2,1,7200,6102.7
380027,440985,441178,60958,193,1,7200,316.844559585
380028,441116,448345,61088,7229,1,7200,9.45040807857
380028,441066,441247,61038,181,1,7200,338.226519337
380028,441321,441367,61293,46,1,7200,1333.45652174
380028,441170,441318,61142,148,1,7200,414.121621622
380029,441330,441391,61301,61,1,7200,1005.93442623
380029,441379,441380,61350,1,1,7200,6135.1
380029,441392,442767,61363,1375,1,7200,45.6276363636
380030,441403,448615,61373,7212,1,7200,9.50984470327
380030,441592,441648,61562,56,1,7200,1100.32142857
380030,441661,441662,61631,1,1,7200,6163.2
380031,441190,441206,61159,16,1,7200,3823.4375
380031,441253,441254,61222,1,1,7200,6122.3
380031,441218,441241,61187,23,1,7200,2661.30434783
380032,441290,441292,61258,2,1,7200,6126.0
380032,441267,448513,61235,7246,1,7200,9.45086944521
380032,441259,441290,61227,31,1,7200,1976.06451613
380033,441675,441676,61642,1,1,7200,6164.3
380033,441688,448890,61655,7202,1,7200,9.56081643988
380033,441302,441579,61269,277,1,7200,222.187725632
380034,442648,442742,62614,94,1,7200,667.106382979
380034,442754,442899,62720,145,1,7200,433.551724138
380035,443507,443508,63472,1,1,7200,6347.3
380035,443493,443495,63458,2,1,7200,6346.0
380036,443520,443534,63484,14,1,7200,4535.57142857
380036,443547,443625,63511,78,1,7200,815.243589744
380036,443638,450855,63602,7217,1,7200,9.81280310378
380037,444395,444399,64358,4,1,7200,6436.2
380037,444411,444412,64374,1,1,7200,6437.5
380038,445747,445748,65709,1,1,7200,6571.0
380038,445664,445713,65626,49,1,7200,1340.30612245
380038,444424,451627,64386,7203,1,7200,9.9387755102
380038,445761,452980,65723,7219,1,7200,10.1041695526
380039,447102,447103,67063,1,1,7200,6706.4
380039,447115,447289,67076,174,1,7200,386.494252874
380039,447077,447090,67038,13,1,7200,5157.76923077
380040,447317,451224,67277,3907,1,7200,18.2196058357
380040,448357,448409,68317,52,1,7200,1314.78846154
380040,447302,447304,67262,2,1,7200,6726.4
380040,448421,454087,68381,5666,1,7200,13.0686551359
380041,448525,448533,68484,8,1,7200,6849.2
380041,448627,448636,68586,9,1,7200,6859.5
380041,448545,448625,68504,80,1,7200,857.3
380042,448648,449260,68606,612,1,7200,113.10130719
380043,448703,448754,68660,51,1,7200,1347.2745098
380044,448902,448946,68858,44,1,7200,1565.95454545
380044,448959,448960,68915,1,1,7200,6891.6
380044,448766,455987,68722,7221,1,7200,10.5169644094
380045,448973,454932,68928,5959,1,7200,12.5670414499
380045,449272,449275,69227,3,1,7200,6923.0
380045,449287,456490,69242,7203,1,7200,10.6129390532
380046,450027,450850,69981,823,1,7200,86.0315917375
380046,450012,450015,69966,3,1,7200,6996.9
380046,450862,450864,70816,2,1,7200,7081.8
380047,450876,450913,70829,37,1,7200,1915.2972973
380047,450869,450873,70822,4,1,7200,7082.6
380047,450886,451021,70839,135,1,7200,525.733333333
381432,382157,385014,725,2857,1,25200,1.25376268813
381464,385844,385859,4380,15,16,60,293.0
382699,385347,385832,2648,485,8,14400,6.45979381443
383749,383755,387475,6,3720,2,7200,1.00161290323
384910,419272,434101,34362,14829,48,36000,3.31721626543
385044,385051,386019,7,968,1,25200,1.00723140496
385385,385521,385532,136,11,8,3600,13.3636363636
385820,473262,559701,87442,86439,4,86400,2.01160355858
386032,386039,407668,7,21629,1,25200,1.00032363956
386514,386520,408382,6,21862,4,25200,1.00027444882
390344,390351,390352,7,1,1,900,1.0
390396,390403,390737,7,334,8,3600,1.02095808383
390426,390433,390529,7,96,1,172800,1.07291666667
390588,460217,916800,69629,456583,2,604800,1.15250020259
390635,460228,1058991,69593,598763,2,604800,1.11622795664
390647,608112,1206878,217465,598766,2,604800,1.3631886246
390805,390812,445652,7,54840,1,172800,1.00012764406
390831,470881,473065,80050,2184,1,172800,37.6529304029
391454,391460,391727,6,267,8,3600,1.02247191011
391771,391779,392027,8,248,8,3600,1.03225806452
391958,391964,392539,6,575,8,3600,1.01043478261
392033,392045,394025,12,1980,8,3600,1.00606060606
392074,392552,393707,478,1155,8,3600,1.41385281385
392107,393719,395394,1612,1675,8,3600,1.9623880597
392135,394037,394521,1902,484,8,3600,4.92975206612
392407,394533,395336,2126,803,8,3600,3.64757160648
392619,395348,396347,2729,999,8,3600,3.73173173173
393100,395407,396182,2307,775,8,3600,3.97677419355
393254,396195,396444,2941,249,8,3600,12.8112449799
393426,396363,396867,2937,504,8,3600,6.82738095238
394351,454099,454105,59748,6,4,36000,5975.4
394933,394939,397418,6,2479,3,3600,1.00242033078
396317,396456,396743,139,287,1,3540,1.48432055749
396756,396762,398885,6,2123,1,3540,1.00282618935
396837,396844,397039,7,195,1,3540,1.0358974359
396887,396893,397182,6,289,1,3540,1.02076124567
396936,396943,397255,7,312,1,3540,1.02243589744
397007,397015,397266,8,251,1,3540,1.03187250996
397058,397070,397405,12,335,1,3540,1.03582089552
397106,397113,397675,7,562,1,3540,1.01245551601
397156,397163,397733,7,570,1,3540,1.01228070175
397205,397211,397734,6,523,1,3540,1.01147227533
397255,397262,397805,7,543,1,3540,1.01289134438
397333,397339,397904,6,565,1,3540,1.01061946903
397443,397450,401070,7,3620,3,3600,1.00193370166
397538,397545,397823,7,278,1,3540,1.02517985612
397823,397830,398019,7,189,1,3540,1.03703703704
397879,397886,398032,7,146,1,3540,1.04794520548
397986,397993,398008,7,15,16,60,1.46666666667
398581,398587,398601,6,14,16,60,1.42857142857
399070,434829,470859,35759,36030,16,36000,1.99247849015
402049,402056,402408,7,352,3,7200,1.01988636364
402295,402302,402590,7,288,2,1800,1.02430555556
402418,402424,409627,6,7203,3,7200,1.00083298626
402691,451237,455990,48546,4753,1,25200,11.2137597307
404015,404021,404207,6,186,1,7200,1.03225806452
404701,404708,405568,7,860,1,7200,1.00813953488
406861,406868,407781,7,913,2,1800,1.00766703176
407157,483919,493953,76762,10034,3,108000,8.65018935619
407171,483924,491551,76753,7627,3,108000,11.0633276518
409329,458508,483907,49179,25399,8,28800,2.93625733297
409389,461803,480585,52414,18782,8,28800,3.79065062294
409425,461809,475064,52384,13255,8,28800,4.95201810637
409466,461814,479183,52348,17369,8,28800,4.01387529507
409497,461820,478133,52323,16313,8,28800,4.20744191749
409906,409913,413554,7,3641,3,3600,1.00192254875
409946,409952,410013,6,61,2,1800,1.09836065574
409972,409979,410013,7,34,2,1800,1.20588235294
410027,410034,410327,7,293,2,1800,1.02389078498
410039,410045,410343,6,298,2,1800,1.02013422819
410144,410155,410370,11,215,2,1800,1.0511627907
412827,412844,413558,17,714,1,1800,1.02380952381
412827,412839,413529,12,690,2,1800,1.01739130435
412828,412833,413593,5,760,4,1800,1.00657894737
412828,444753,445658,31925,905,16,1800,36.2762430939
412828,413570,414517,742,947,8,1800,1.78352692714
412829,412851,413989,22,1138,64,1800,1.01933216169
412829,458502,459613,45673,1111,32,1800,42.1098109811
412829,416855,418105,4026,1250,128,1800,4.2208
412830,920538,921925,507708,1387,256,1800,367.047584715
414091,418118,419297,4027,1179,64,1800,4.41560644614
414092,418123,419260,4031,1137,64,1800,4.545294635
414974,459624,460695,44650,1071,32,1800,42.6900093371
414976,460706,461791,45730,1085,32,1800,43.1474654378
422701,470870,473249,48169,2379,20,32399,21.2475830181
423458,529764,673809,106306,144045,4,144000,1.7380054844
424138,424144,424345,6,201,30,216000,1.02985074627
424459,424466,424506,7,40,30,216000,1.175
424663,424670,424702,7,32,30,216000,1.21875
424961,424968,425013,7,45,30,216000,1.15555555556
425124,425131,425175,7,44,30,216000,1.15909090909
425297,425303,425330,6,27,30,216000,1.22222222222
425431,425438,425542,7,104,30,216000,1.06730769231
425578,425584,425703,6,119,30,216000,1.05042016807
425982,425989,426095,7,106,3,216000,1.06603773585
426974,434140,434816,7166,676,1,1800,11.600591716
426974,434134,434801,7160,667,1,1800,11.7346326837
426974,434129,434799,7155,670,1,1800,11.6791044776
426975,427427,428095,452,668,2,1800,1.67664670659
426975,428801,429497,1826,696,2,1800,3.62356321839
426975,427421,428272,446,851,4,1800,1.5240893067
426975,428107,428789,1132,682,2,1800,2.65982404692
426976,429110,429966,2134,856,4,1800,3.49299065421
426976,428284,429098,1308,814,4,1800,2.60687960688
426976,428275,429256,1299,981,8,1800,2.32415902141
426976,427416,428263,440,847,8,1800,1.51948051948
426977,429268,430112,2291,844,8,1800,3.7144549763
426977,454184,455107,27207,923,16,1800,30.4767063922
426977,455119,456107,28142,988,16,1800,29.483805668
426978,456118,457055,29140,937,16,1800,32.0992529349
427940,427946,427952,6,6,16,216000,1.2
427978,427986,428008,8,22,16,216000,1.36363636364
428093,428099,428128,6,29,16,216000,1.20689655172
428200,428207,428212,7,5,16,216000,1.2
428554,428561,428565,7,4,16,216000,1.1
428596,428603,428637,7,34,16,216000,1.20588235294
428810,428822,428832,12,10,30,216000,2.2
428841,428849,428858,8,9,30,216000,1.7
428910,428917,428926,7,9,30,216000,1.6
428912,428939,428948,27,9,30,216000,3.6
429075,429083,476342,8,47259,30,216000,1.00016927993
429077,445725,476342,16648,30617,30,216000,1.54375020413
429769,450989,450993,21220,4,1,9000,2122.4
429769,450972,450977,21203,5,1,9000,2120.8
429769,450925,450960,21156,35,1,9000,605.457142857
429770,451023,451028,21253,5,1,9000,2125.8
429770,451057,451061,21287,4,1,9000,2129.1
429770,451034,451060,21264,26,1,9000,818.846153846
429770,451041,451045,21271,4,1,9000,2127.5
429770,451006,451010,21236,4,1,9000,2124.0
429771,451106,451111,21335,5,1,9000,2134.0
429771,451096,451100,21325,4,1,9000,2132.9
429771,451079,451083,21308,4,1,9000,2131.2
429771,451072,451077,21301,5,1,9000,2130.6
429771,451089,451094,21318,5,1,9000,2132.3
429856,434145,434147,4289,2,1,240,429.1
440588,451112,454720,10524,3608,1,3600,3.91685144124
444150,451123,451131,6973,8,1,1800,698.1
444494,451141,451529,6647,388,1,3600,18.131443299
451285,451539,451613,254,74,1,1800,4.43243243243
451536,451623,452102,87,479,1,3600,1.18162839248
451979,451985,452075,6,90,1,1800,1.06666666667
452109,452115,452528,6,413,1,3600,1.01452784504
452195,452203,452278,8,75,1,1800,1.10666666667
452512,452520,452734,8,214,1,1800,1.03738317757
452518,452538,452635,20,97,1,1800,1.20618556701
453095,453101,453483,6,382,1,1800,1.01570680628
453337,453343,453352,6,9,1,1800,1.5
453502,453508,453546,6,38,1,1800,1.15789473684
453762,453768,453837,6,69,1,1800,1.08695652174
454296,454303,454458,7,155,1,1800,1.04516129032
454610,454617,454658,7,41,1,1800,1.17073170732
454835,454842,454951,7,109,1,3600,1.06422018349
454875,454881,454952,6,71,1,1800,1.08450704225
455086,455093,455341,7,248,1,3600,1.02822580645
455367,455379,455395,12,16,1,180,1.75
455367,455384,455394,17,10,1,180,2.7
455367,455373,455384,6,11,1,180,1.54545454545
455368,455402,455419,34,17,1,180,3.0
455368,455390,455397,22,7,1,180,2.9
455368,455397,455401,29,4,1,180,3.3
455369,455408,455419,39,11,1,180,4.54545454545
455369,455415,455420,46,5,1,180,5.1
455369,455420,455425,51,5,1,180,5.6
455369,455426,455431,57,5,1,180,6.2
455370,455431,455436,61,5,1,180,6.6
455370,455439,455444,69,5,1,180,7.4
455370,455444,455450,74,6,1,180,8.0
455547,455553,455800,6,247,1,1800,1.02429149798
455575,455582,455999,7,417,1,3600,1.01678657074
456519,456525,456532,6,7,1,3600,1.3
456648,456655,456734,7,79,1,3600,1.08860759494
456869,456875,457109,6,234,1,3600,1.02564102564
457359,457365,457734,6,369,1,3600,1.0162601626
458198,458205,458212,7,7,1,3600,1.4
458324,458331,458439,7,108,1,3600,1.06481481481
458570,463005,463263,4435,258,1,3600,18.1899224806
459139,459146,459166,7,20,1,180,1.35
459203,459211,459216,8,5,1,180,1.3
459371,459378,459569,7,191,1,180,1.03664921466
459803,463000,463270,3197,270,1,600,12.8407407407
462614,463011,466642,397,3631,3,3600,1.109336271
463189,535537,538926,72348,3389,4,21600,22.3478902331
463252,538938,543713,75686,4775,4,21600,16.8504712042
463290,543725,548015,80435,4290,4,21600,19.7494172494
463497,463504,463923,7,419,1,3600,1.01670644391
463633,545308,549018,81675,3710,4,21600,23.0148247978
463677,545313,550061,81636,4748,4,21600,18.1937657961
463725,545494,550223,81769,4729,4,21600,18.2909706069
464326,549047,549842,84721,795,4,21600,107.567295597
464431,464438,464443,7,5,1,3600,1.2
464556,464563,464641,7,78,1,3600,1.08974358974
464648,464655,464682,7,27,2,1200,1.25925925926
464705,546294,589528,81589,43234,4,43200,2.8871490031
464708,546299,589518,81591,43219,4,43200,2.88785025105
464711,548028,591237,83317,43209,4,43200,2.92823254415
464771,464777,465010,6,233,1,3600,1.02575107296
465008,465015,465028,7,13,2,1200,1.53846153846
465166,473273,477111,8107,3838,1,9000,3.11229807191
465166,470908,474470,5742,3562,1,9000,2.6120157215
465166,473078,477053,7912,3975,1,9000,2.99044025157
465167,473278,476799,8111,3521,1,9000,3.30360692985
465167,473294,475952,8127,2658,1,9000,4.05756207675
465167,473283,476752,8116,3469,1,9000,3.33957912943
465167,473289,476457,8122,3168,1,9000,3.56376262626
465168,473310,475335,8142,2025,1,9000,5.02074074074
465168,473305,475546,8137,2241,1,9000,4.63096831772
465168,473300,475711,8132,2411,1,9000,4.37287432601
465168,473317,474986,8149,1669,1,9000,5.88256440983
465169,473322,474335,8153,1013,1,9000,9.04837117473
465169,473327,474103,8158,776,1,9000,11.5128865979
465218,465225,465232,7,7,2,1200,1.4
465253,465259,465623,6,364,1,3600,1.01648351648
466615,473267,473366,6652,99,2,7200,68.1919191919
467663,476358,908365,8695,432007,20,432000,1.02012698868
467670,480598,912609,12928,432011,20,432000,1.02992516394
467700,486339,918382,18639,432043,20,432000,1.04314153915
468033,489440,491361,21407,1921,16,21600,12.1436751692
469310,491563,510983,22253,19420,3,36000,2.14588053553
469728,483929,500575,14201,16646,2,18000,1.85311786615
470369,491374,492991,21005,1617,16,18000,13.990105133
470390,492454,496949,22064,4495,16,18000,5.9085650723
470408,493004,493591,22596,587,16,18000,39.4940374787
470413,493603,494333,23190,730,16,18000,32.7671232877
470597,545296,894540,74699,349244,6,349200,1.21388771174
470808,494346,566363,23538,72017,16,72000,1.32683949623
471034,496962,568979,25928,72017,16,72000,1.36002610495
471078,499205,571224,28127,72019,16,72000,1.39054971605
472168,473338,473390,1170,52,1,7200,23.5
472168,473333,473334,1165,1,1,7200,116.6
472169,473352,473577,1183,225,1,7200,6.25777777778
472169,473359,473450,1190,91,1,7200,14.0769230769
472169,473378,473390,1209,12,1,7200,101.75
472169,473383,473384,1214,1,1,7200,121.5
472170,473463,480685,1293,7222,1,7200,1.17903627804
472170,473403,473939,1233,536,1,7200,3.30037313433
472170,473590,473591,1420,1,1,7200,142.1
472170,473396,473678,1226,282,1,7200,5.3475177305
472170,473408,474936,1238,1528,1,7200,1.81020942408
472171,473690,473691,1519,1,1,7200,152.0
472171,473603,478913,1432,5310,1,7200,1.26967984934
472171,473717,480957,1546,7240,1,7200,1.2135359116
472171,473703,473705,1532,2,1,7200,153.4
472172,473998,473999,1826,1,1,7200,182.7
472172,473984,473986,1812,2,1,7200,181.4
472172,473951,473958,1779,7,1,7200,178.6
472172,473970,473972,1798,2,1,7200,180.0
472173,474024,481230,1851,7206,1,7200,1.2568692756
472173,474347,474348,2174,1,1,7200,217.5
472173,474115,475054,1942,939,1,7200,3.06815761448
472173,474360,481563,2187,7203,1,7200,1.30362349021
472174,474482,474964,2308,482,1,7200,5.78838174274
472174,474979,474980,2805,1,1,7200,280.6
472174,474972,474974,2798,2,1,7200,280.0
472174,474986,475301,2812,315,1,7200,9.92698412698
472174,474948,474959,2774,11,1,7200,253.181818182
472175,475000,475700,2825,700,1,7200,5.03571428571
472175,475032,475033,2857,1,1,7200,285.8
472175,475020,475021,2845,1,1,7200,284.6
472176,475045,475118,2869,73,1,7200,40.301369863
472176,475067,475070,2891,3,1,7200,289.4
472176,475130,480329,2954,5199,1,7200,1.56818618965
472176,475082,475286,2906,204,1,7200,15.2450980392
472177,475323,475324,3146,1,1,7200,314.7
472177,475314,475316,3137,2,1,7200,313.9
472177,475298,475311,3121,13,1,7200,241.076923077
472178,476378,483597,4200,7219,1,7200,1.58179803297
472178,475357,482568,3179,7211,1,7200,1.44085425045
472178,475338,476265,3160,927,1,7200,4.40884573894
472179,478150,478208,5971,58,1,7200,103.948275862
472179,478161,478243,5982,82,1,7200,73.9512195122
472179,476412,476721,4233,309,1,7200,14.6990291262
472180,478167,478188,5987,21,1,7200,286.095238095
472180,478172,478185,5992,13,1,7200,461.923076923
472180,478197,478199,6017,2,1,7200,601.9
472180,478180,478189,6000,9,1,7200,600.9
472181,478217,478233,6036,16,1,7200,378.25
472181,478224,478246,6043,22,1,7200,275.681818182
472181,478245,478247,6064,2,1,7200,606.6
472181,478204,479009,6023,805,1,7200,8.48198757764
472181,478209,479906,6028,1697,1,7200,4.55215085445
472182,478255,478887,6073,632,1,7200,10.6091772152
472182,478268,478269,6086,1,1,7200,608.7
472182,478263,478990,6081,727,1,7200,9.36451169188
472183,478293,478306,6110,13,1,7200,471.0
472183,478469,478961,6286,492,1,7200,13.7764227642
472183,478318,478319,6135,1,1,7200,613.6
472183,478899,479018,6716,119,1,7200,57.4369747899
472183,478331,485543,6148,7212,1,7200,1.85246810871
472184,478973,486193,6789,7220,1,7200,1.94030470914
472184,479017,479532,6833,515,1,7200,14.267961165
472184,478926,486165,6742,7239,1,7200,1.9313441083
472184,479003,479004,6819,1,1,7200,682.0
472185,479081,486327,6896,7246,1,7200,1.95169748827
472185,480698,487930,8513,7232,1,7200,2.17712942478
472185,479032,479238,6847,206,1,7200,34.2378640777
472185,479025,479068,6840,43,1,7200,160.069767442
472186,481006,481101,8820,95,1,7200,93.8421052632
472186,481255,488475,9069,7220,1,7200,2.25609418283
472186,481242,481243,9056,1,1,7200,905.7
472186,481575,481576,9389,1,1,7200,939.0
472186,481588,481838,9402,250,1,7200,38.608
472187,481605,483339,9418,1734,1,7200,6.43137254902
472187,481997,481998,9810,1,1,7200,981.1
472187,481850,481928,9663,78,1,7200,124.884615385
472187,481940,481985,9753,45,1,7200,217.733333333
472188,482010,482090,9822,80,1,7200,123.775
472188,482593,489812,10405,7219,1,7200,2.44133536501
472188,482339,489574,10151,7235,1,7200,2.40304077402
472188,482102,482327,9914,225,1,7200,45.0622222222
472188,482580,482581,10392,1,1,7200,1039.3
472189,483352,490590,11163,7238,1,7200,2.54227687206
472189,483609,483611,11420,2,1,7200,1142.2
472190,483699,483769,11509,70,1,7200,165.414285714
472190,483673,483675,11483,2,1,7200,1148.5
472191,483841,484983,11650,1142,1,7200,11.2014010508
472191,483781,483829,11590,48,1,7200,242.458333333
472191,487944,487968,15753,24,1,7200,657.375
472191,487980,488048,15789,68,1,7200,233.191176471
472191,485555,492788,13364,7233,1,7200,2.84764274851
472192,488287,488807,16095,520,1,7200,31.9519230769
472192,488074,488275,15882,201,1,7200,80.0149253731
472192,488060,488062,15868,2,1,7200,1587.0
472192,488487,488496,16295,9,1,7200,1630.4
472193,488508,488509,16315,1,1,7200,1631.6
472193,488521,488583,16328,62,1,7200,264.35483871
472193,489587,489589,17394,2,1,7200,1739.6
472193,488596,495812,16403,7216,1,7200,3.27314301552
472193,488820,496033,16627,7213,1,7200,3.30514349092
472194,489734,489867,17540,133,1,7200,132.879699248
472194,489824,489825,17630,1,1,7200,1763.1
472194,489601,489722,17407,121,1,7200,144.859504132
472194,489837,489854,17643,17,1,7200,1038.82352941
472195,489866,489868,17671,2,1,7200,1767.3
472195,489932,490094,17737,162,1,7200,110.487654321
472196,490603,490720,18407,117,1,7200,158.324786325
472196,490732,490733,18536,1,1,7200,1853.7
472196,489976,491008,17780,1032,1,7200,18.2286821705
472196,490745,491155,18549,410,1,7200,46.2414634146
472196,490107,497313,17911,7206,1,7200,3.48556758257
472197,491020,491021,18823,1,1,7200,1882.4
472197,491167,491171,18970,4,1,7200,1897.4
472197,491057,493227,18860,2170,1,7200,9.69124423963
472198,491533,491668,19335,135,1,7200,144.222222222
472198,491184,491273,18986,89,1,7200,214.325842697
472198,491285,491504,19087,219,1,7200,88.1552511416
472198,491516,491521,19318,5,1,7200,1932.3
472199,491680,492252,19481,572,1,7200,35.0576923077
472199,492365,499594,20166,7229,1,7200,3.7895974547
472199,492459,492600,20260,141,1,7200,144.687943262
472199,492264,492353,20065,89,1,7200,226.449438202
472200,492718,492736,20518,18,1,7200,1140.88888889
472200,492465,492576,20265,111,1,7200,183.567567568
472200,492749,493194,20549,445,1,7200,47.1775280899
472200,492616,499821,20416,7205,1,7200,3.83358778626
472200,492608,492705,20408,97,1,7200,211.391752577
472201,493206,493421,21005,215,1,7200,98.6976744186
472201,492800,493132,20599,332,1,7200,63.0451807229
472201,493239,493504,21038,265,1,7200,80.3886792453
472201,493144,493304,20943,160,1,7200,131.89375
472202,493316,493396,21114,80,1,7200,264.925
472202,493433,493460,21231,27,1,7200,787.333333333
472202,493424,493501,21222,77,1,7200,276.61038961
472202,493472,493523,21270,51,1,7200,418.058823529
472202,493408,493412,21206,4,1,7200,2121.0
472203,493542,500779,21339,7237,1,7200,3.94859748515
472203,493514,493729,21311,215,1,7200,100.120930233
472204,493742,500980,21538,7238,1,7200,3.97568389058
472204,495824,495899,23620,75,1,7200,315.933333333
472204,493574,496605,21370,3031,1,7200,8.05047838997
472205,496313,496893,24108,580,1,7200,42.5655172414
472205,495911,496300,23706,389,1,7200,61.940874036
472205,496046,496623,23841,577,1,7200,42.3188908146
472205,496635,497065,24430,430,1,7200,57.8139534884
472205,496617,500783,24412,4166,1,7200,6.85981757081
472206,497325,497989,25119,664,1,7200,38.8298192771
472206,497258,497546,25052,288,1,7200,87.9861111111
472206,496905,497474,24699,569,1,7200,44.4077328647
472206,497077,497245,24871,168,1,7200,149.041666667
472207,497487,497582,25280,95,1,7200,267.105263158
472207,497594,500953,25387,3359,1,7200,8.55790413814
472207,497558,497680,25351,122,1,7200,208.795081967
472207,497692,499658,25485,1966,1,7200,13.9628687691
472208,498002,505233,25794,7231,1,7200,4.56714147421
472208,499833,499840,27625,7,1,7200,2763.2
472208,499606,499894,27398,288,1,7200,96.1319444444
472208,499670,506881,27462,7211,1,7200,4.80834835668
472209,499923,500085,27714,162,1,7200,172.074074074
472209,499852,499870,27643,18,1,7200,1536.72222222
472209,499883,500051,27674,168,1,7200,165.726190476
472209,499907,499911,27698,4,1,7200,2770.2
472209,500064,507291,27855,7227,1,7200,4.85429638854
472210,500097,500375,27887,278,1,7200,101.31294964
472210,500387,500437,28177,50,1,7200,564.54
472210,500450,507696,28240,7246,1,7200,4.89732266078
472210,500587,501652,28377,1065,1,7200,27.6450704225
472211,500798,508003,28587,7205,1,7200,4.96766134629
472211,500593,500605,28382,12,1,7200,2366.16666667
472211,500791,500894,28580,103,1,7200,278.475728155
472211,500618,501354,28407,736,1,7200,39.5964673913
472212,500965,500984,28753,19,1,7200,1514.31578947
472212,500992,501045,28780,53,1,7200,544.018867925
472212,500999,501116,28787,117,1,7200,247.042735043
472212,500907,501131,28695,224,1,7200,129.102678571
472212,501057,501186,28845,129,1,7200,224.604651163
472213,501151,501483,28938,332,1,7200,88.1626506024
472213,501128,501135,28915,7,1,7200,2892.2
472213,501198,501273,28985,75,1,7200,387.466666667
472213,501208,501567,28995,359,1,7200,81.7660167131
472213,501144,501196,28931,52,1,7200,557.365384615
472214,501366,501465,29152,99,1,7200,295.464646465
472214,501286,501578,29072,292,1,7200,100.561643836
472214,501523,508741,29309,7218,1,7200,5.06054308673
472214,501495,501511,29281,16,1,7200,1831.0625
472214,501477,501518,29263,41,1,7200,714.731707317
472215,501530,501694,29315,164,1,7200,179.75
472215,501591,501613,29376,22,1,7200,1336.27272727
472215,501580,502338,29365,758,1,7200,39.7401055409
472215,501625,503122,29410,1497,1,7200,20.6459585838
472216,501802,509021,29586,7219,1,7200,5.09835157224
472216,501706,501797,29490,91,1,7200,325.065934066
472216,501664,501789,29448,125,1,7200,236.584
472216,501810,501811,29594,1,1,7200,2959.5
472218,501918,501919,29700,1,1,7200,2970.1
472223,502290,502599,30067,309,1,7200,98.3042071197
472223,502123,502277,29900,154,1,7200,195.155844156
472223,502351,502543,30128,192,1,7200,157.916666667
472223,502555,509155,30332,6600,1,7200,5.59575757576
472224,503134,503145,30910,11,1,7200,2811.0
472224,502611,502655,30387,44,1,7200,691.613636364
472224,502668,502837,30444,169,1,7200,181.142011834
472224,502869,510115,30645,7246,1,7200,5.22922991996
472224,502849,502856,30625,7,1,7200,3063.2
472225,505245,505873,33020,628,1,7200,53.5796178344
472225,505886,505903,33661,17,1,7200,1981.05882353
472225,503158,503167,30933,9,1,7200,3094.2
472225,503179,510385,30954,7206,1,7200,5.29558701082
472226,506343,511420,34117,5077,1,7200,7.71991333465
472226,506808,506866,34582,58,1,7200,597.24137931
472226,506317,506330,34091,13,1,7200,2623.38461538
472226,506164,506304,33938,140,1,7200,243.414285714
472226,505915,506152,33689,237,1,7200,143.147679325
472227,506878,507058,34651,180,1,7200,193.505555556
472227,506814,507056,34587,242,1,7200,143.921487603
472227,506893,507026,34666,133,1,7200,261.646616541
472228,507075,509522,34847,2447,1,7200,15.2407029015
472228,507070,507074,34842,4,1,7200,3484.6
472228,507038,507039,34810,1,1,7200,3481.1
472229,507090,507120,34861,30,1,7200,1163.03333333
472229,507132,507137,34903,5,1,7200,3490.8
472229,507083,507137,34854,54,1,7200,646.444444444
472229,507149,507163,34920,14,1,7200,2495.28571429
472230,507302,514543,35072,7241,1,7200,5.84352989919
472230,507154,507348,34924,194,1,7200,181.020618557
472230,507252,507290,35022,38,1,7200,922.631578947
472230,507309,509134,35079,1825,1,7200,20.221369863
472230,507176,507240,34946,64,1,7200,547.03125
472231,507379,507744,35148,365,1,7200,97.295890411
472231,507708,507736,35477,28,1,7200,1268.03571429
472231,507360,507366,35129,6,1,7200,3513.5
472232,507798,507865,35566,67,1,7200,531.835820896
472232,508015,515248,35783,7233,1,7200,5.94718650629
472232,507877,508184,35645,307,1,7200,117.107491857
472232,507748,507786,35516,38,1,7200,935.631578947
472232,507756,510820,35524,3064,1,7200,12.5939947781
472233,508278,508291,36045,13,1,7200,2773.69230769
472233,508197,508266,35964,69,1,7200,522.217391304
472233,508336,508840,36103,504,1,7200,72.6329365079
472233,508303,508324,36070,21,1,7200,1718.61904762
472234,509074,509106,36840,32,1,7200,1152.25
472234,509034,509061,36800,27,1,7200,1363.96296296
472234,508754,515986,36520,7232,1,7200,6.04977876106
472234,508852,516072,36618,7220,1,7200,6.07174515235
472234,509119,509194,36885,75,1,7200,492.8
472235,509147,509808,36912,661,1,7200,56.8426626324
472235,509368,509382,37133,14,1,7200,2653.35714286
472235,509168,509356,36933,188,1,7200,197.45212766
472235,509206,516447,36971,7241,1,7200,6.10578649358
472236,509394,516619,37158,7225,1,7200,6.14297577855
472236,509534,509552,37298,18,1,7200,2073.11111111
472236,509591,509618,37355,27,1,7200,1384.51851852
472236,509564,509579,37328,15,1,7200,2489.53333333
472237,510009,510187,37772,178,1,7200,213.202247191
472237,509998,510071,37761,73,1,7200,518.273972603
472237,509820,509997,37583,177,1,7200,213.333333333
472237,509947,509986,37710,39,1,7200,967.923076923
472237,509630,509934,37393,304,1,7200,124.003289474
472238,510266,510353,38028,87,1,7200,438.103448276
472238,510083,510150,37845,67,1,7200,565.850746269
472238,510162,517378,37924,7216,1,7200,6.25554323725
472238,510127,510253,37889,126,1,7200,301.706349206
472238,510200,510265,37962,65,1,7200,585.030769231
472239,510387,516384,38148,5997,1,7200,7.3611805903
472239,510345,510374,38106,29,1,7200,1315.0
472239,510277,510333,38038,56,1,7200,680.25
472239,510366,510387,38127,21,1,7200,1816.57142857
472240,510472,510499,38232,27,1,7200,1417.0
472240,510397,510411,38157,14,1,7200,2726.5
472240,510404,510412,38164,8,1,7200,3817.2
472240,510423,510459,38183,36,1,7200,1061.63888889
472240,510430,517676,38190,7246,1,7200,6.27049406569
472241,510511,510537,38270,26,1,7200,1472.92307692
472241,510857,510884,38616,27,1,7200,1431.22222222
472241,510550,510967,38309,417,1,7200,92.8681055156
472241,510832,510844,38591,12,1,7200,3216.91666667
472242,511024,511568,38782,544,1,7200,72.2904411765
472242,511018,511876,38776,858,1,7200,46.1934731935
472242,510897,511109,38655,212,1,7200,183.33490566
472242,511013,511097,38771,84,1,7200,462.55952381
472242,510980,511050,38738,70,1,7200,554.4
472243,511140,511375,38897,235,1,7200,166.519148936
472243,511133,511214,38890,81,1,7200,481.12345679
472243,511122,511127,38879,5,1,7200,3888.4
472243,511062,518308,38819,7246,1,7200,6.35730057963
472243,511109,511121,38866,12,1,7200,3239.83333333
472244,511227,511232,38983,5,1,7200,3898.8
472244,511270,518478,39026,7208,1,7200,6.41426193119
472244,511244,511258,39000,14,1,7200,2786.71428571
472244,511387,511886,39143,499,1,7200,79.4428857715
472245,511432,511460,39187,28,1,7200,1400.53571429
472245,511472,511526,39227,54,1,7200,727.425925926
472245,511580,511620,39335,40,1,7200,984.375
472245,511539,511685,39294,146,1,7200,270.136986301
472245,511633,511822,39388,189,1,7200,209.402116402
472246,511888,512183,39642,295,1,7200,135.379661017
472246,511834,519052,39588,7218,1,7200,6.48462177889
472246,511964,512015,39718,51,1,7200,779.784313725
472246,511898,512354,39652,456,1,7200,87.9561403509
472246,511698,511952,39452,254,1,7200,156.322834646
472247,512027,512051,39780,24,1,7200,1658.5
472247,512195,512271,39948,76,1,7200,526.631578947
472247,512063,519280,39816,7217,1,7200,6.51697381183
472248,512441,519668,40193,7227,1,7200,6.56150546562
472248,512366,512370,40118,4,1,7200,4012.2
472248,512382,512401,40134,19,1,7200,2113.31578947
472248,512413,512429,40165,16,1,7200,2511.3125
472248,512283,513144,40035,861,1,7200,47.4982578397
472249,513157,513159,40908,2,1,7200,4091.0
472249,513171,513191,40922,20,1,7200,2047.1
472249,513203,513501,40954,298,1,7200,138.429530201
472249,513514,513516,41265,2,1,7200,4126.7
472250,513528,513530,41278,2,1,7200,4128.0
472250,513542,513710,41292,168,1,7200,246.785714286
472250,513737,513738,41487,1,1,7200,4148.8
472250,513723,513725,41473,2,1,7200,4147.5
472250,513750,513962,41500,212,1,7200,196.754716981
472251,513974,513975,41723,1,1,7200,4172.4
472251,513988,513989,41737,1,1,7200,4173.8
472251,514001,514009,41750,8,1,7200,4175.8
472251,514024,517642,41773,3618,1,7200,12.5458817026
472252,514598,521836,42346,7238,1,7200,6.85051119094
472252,514572,514573,42320,1,1,7200,4232.1
472252,514555,514560,42303,5,1,7200,4230.8
472252,515260,515290,43008,30,1,7200,1434.6
472253,515302,515304,43049,2,1,7200,4305.1
472253,515328,515329,43075,1,1,7200,4307.6
472253,515341,515393,43088,52,1,7200,829.615384615
472253,515405,515498,43152,93,1,7200,465.0
472254,515510,515513,43256,3,1,7200,4325.9
472254,515525,515559,43271,34,1,7200,1273.67647059
472254,515571,515572,43317,1,1,7200,4331.8
472254,515591,515592,43337,1,1,7200,4333.8
472255,515910,515920,43655,10,1,7200,4366.5
472255,515698,515897,43443,199,1,7200,219.306532663
472255,515682,515686,43427,4,1,7200,4343.1
472255,515617,515670,43362,53,1,7200,819.150943396
472255,515604,515605,43349,1,1,7200,4335.0
472256,515932,515933,43676,1,1,7200,4367.7
472256,515945,515946,43689,1,1,7200,4369.0
472256,515999,516001,43743,2,1,7200,4374.5
472256,516013,516062,43757,49,1,7200,894.0
472256,515958,516212,43702,254,1,7200,173.05511811
472257,516074,516080,43817,6,1,7200,4382.3
472257,516084,516089,43827,5,1,7200,4383.2
472257,516101,516560,43844,459,1,7200,96.5206971678
472258,516108,516148,43850,40,1,7200,1097.25
472258,516160,516162,43902,2,1,7200,4390.4
472258,516174,516185,43916,11,1,7200,3993.36363636
472258,516197,516198,43939,1,1,7200,4394.0
472259,516211,516215,43952,4,1,7200,4395.6
472259,516243,516250,43984,7,1,7200,4399.1
472259,516224,523448,43965,7224,1,7200,7.08596345515
472260,516304,523550,44044,7246,1,7200,7.07838807618
472260,516396,516782,44136,386,1,7200,115.341968912
472260,516460,516461,44200,1,1,7200,4420.1
472260,516288,516292,44028,4,1,7200,4403.2
472260,516262,516276,44002,14,1,7200,3144.0
472261,516572,516573,44311,1,1,7200,4431.2
472261,516549,516715,44288,166,1,7200,267.795180723
472261,516512,516524,44251,12,1,7200,3688.58333333
472261,516479,516500,44218,21,1,7200,2106.61904762
472261,516536,516537,44275,1,1,7200,4427.6
472262,516586,516595,44324,9,1,7200,4433.3
472262,516631,516695,44369,64,1,7200,694.265625
472262,516638,516683,44376,45,1,7200,987.133333333
472262,516607,516625,44345,18,1,7200,2464.61111111
472263,516729,516731,44466,2,1,7200,4446.8
472263,516722,516723,44459,1,1,7200,4446.0
472263,516707,516709,44444,2,1,7200,4444.6
472263,516736,523954,44473,7218,1,7200,7.16140205043
472263,516696,516738,44433,42,1,7200,1058.92857143
472264,516750,523996,44486,7246,1,7200,7.13938724814
472264,516770,516968,44506,198,1,7200,225.777777778
472265,517156,517157,44891,1,1,7200,4489.2
472265,517140,517144,44875,4,1,7200,4487.9
472265,517168,517169,44903,1,1,7200,4490.4
472265,516981,517127,44716,146,1,7200,307.273972603
472265,516794,519374,44529,2580,1,7200,18.2593023256
472266,517391,524624,45125,7233,1,7200,7.23876676345
472266,517289,517479,45023,190,1,7200,237.963157895
472266,517181,517182,44915,1,1,7200,4491.6
472266,517207,517276,44941,69,1,7200,652.31884058
472267,517491,517493,45224,2,1,7200,4522.6
472267,517505,517506,45238,1,1,7200,4523.9
472267,517518,517580,45251,62,1,7200,730.85483871
472267,517592,517595,45325,3,1,7200,4532.8
472268,517607,517608,45339,1,1,7200,4534.0
472268,517632,517635,45364,3,1,7200,4536.7
472268,517647,517652,45379,5,1,7200,4538.4
472268,517655,517657,45387,2,1,7200,4538.9
472269,517664,517676,45395,12,1,7200,3783.91666667
472269,517688,517690,45419,2,1,7200,4542.1
472269,517693,517695,45424,2,1,7200,4542.6
472269,517671,517696,45402,25,1,7200,1817.08
472270,517721,524927,45451,7206,1,7200,7.30738273661
472270,517709,517714,45439,5,1,7200,4544.4
472270,517714,520790,45444,3076,1,7200,15.7737321196
472271,517754,517769,45483,15,1,7200,3033.2
472271,517810,517811,45539,1,1,7200,4554.0
472271,517728,517742,45457,14,1,7200,3247.92857143
472271,517781,517798,45510,17,1,7200,2678.05882353
472272,518320,518324,46048,4,1,7200,4605.2
472272,518336,518339,46064,3,1,7200,4606.7
472272,517848,525056,45576,7208,1,7200,7.32297447281
472272,517835,517836,45563,1,1,7200,4556.4
472273,518377,518395,46104,18,1,7200,2562.33333333
472273,518407,518409,46134,2,1,7200,4613.6
472274,518490,518493,46216,3,1,7200,4621.9
472274,518460,518534,46186,74,1,7200,625.135135135
472274,518421,518432,46147,11,1,7200,4196.18181818
472274,518445,518447,46171,2,1,7200,4617.3
472274,518505,519398,46231,893,1,7200,52.7704367301
472275,519131,519132,46856,1,1,7200,4685.7
472275,519065,519158,46790,93,1,7200,504.11827957
472275,518561,519120,46286,559,1,7200,83.801431127
472275,518547,518549,46272,2,1,7200,4627.4
472276,519183,519184,46907,1,1,7200,4690.8
472276,519176,519181,46900,5,1,7200,4690.5
472277,519193,524407,46916,5214,1,7200,9.99808208669
472277,519229,521526,46952,2297,1,7200,21.4405746626
472277,519335,519337,47058,2,1,7200,4706.0
472277,519292,519323,47015,31,1,7200,1517.61290323
472277,519200,519217,46923,17,1,7200,2761.17647059
472278,519490,519493,47212,3,1,7200,4721.5
472278,519386,519477,47108,91,1,7200,518.67032967
472278,519411,519953,47133,542,1,7200,87.9612546125
472278,519349,520502,47071,1153,1,7200,41.8248048569
472279,519548,526781,47269,7233,1,7200,7.53518595327
472279,519517,519535,47238,18,1,7200,2625.33333333
472279,519680,519869,47401,189,1,7200,251.798941799
472279,519881,519882,47602,1,1,7200,4760.3
472280,519907,520242,47627,335,1,7200,143.170149254
472280,519965,520387,47685,422,1,7200,113.997630332
472280,520255,520266,47975,11,1,7200,4362.36363636
472281,520415,520419,48134,4,1,7200,4813.8
472281,520399,520403,48118,4,1,7200,4812.2
472281,520431,521376,48150,945,1,7200,51.9523809524
472281,520278,521584,47997,1306,1,7200,37.7511485452
472282,520514,520867,48232,353,1,7200,137.634560907
472282,521415,521454,49133,39,1,7200,1260.82051282
472282,521422,528656,49140,7234,1,7200,7.79292231131
472282,520803,520805,48521,2,1,7200,4852.3
472283,520817,520819,48534,2,1,7200,4853.6
472283,520831,520887,48548,56,1,7200,867.928571429
472283,520879,521082,48596,203,1,7200,240.389162562
472283,520899,521376,48616,477,1,7200,102.92033543
472283,521094,521847,48811,753,1,7200,65.8220451527
472284,521466,523217,49182,1751,1,7200,29.087949743
472284,521388,521390,49104,2,1,7200,4910.6
472284,521393,521404,49109,11,1,7200,4465.45454545
472284,521538,521608,49254,70,1,7200,704.628571429
472285,521623,521679,49338,56,1,7200,882.035714286
472285,521596,521604,49311,8,1,7200,4931.9
472285,521848,521851,49563,3,1,7200,4956.6
472286,521859,521860,49573,1,1,7200,4957.4
472286,523229,523410,50943,181,1,7200,282.453038674
472286,523460,523461,51174,1,1,7200,5117.5
472286,523474,523569,51188,95,1,7200,539.821052632
472286,523562,523571,51276,9,1,7200,5128.5
472287,523601,524146,51314,545,1,7200,95.1541284404
472287,523755,530963,51468,7208,1,7200,8.14039955605
472287,523581,523743,51294,162,1,7200,317.62962963
472288,523966,524095,51678,129,1,7200,401.604651163
472288,524062,524114,51774,52,1,7200,996.653846154
472288,524009,524050,51721,41,1,7200,1262.48780488
472288,524537,525628,52249,1091,1,7200,48.8909257562
472288,524523,524524,52235,1,1,7200,5223.6
472289,524636,524651,52347,15,1,7200,3490.8
472289,524108,527530,51819,3422,1,7200,16.1428988895
472289,524126,524173,51837,47,1,7200,1103.91489362
472289,524158,524160,51869,2,1,7200,5187.1
472290,527106,527134,54816,28,1,7200,1958.71428571
472290,524172,531380,51882,7208,1,7200,8.19783573807
472290,527093,527094,54803,1,1,7200,5480.4
472290,527061,527081,54771,20,1,7200,2739.55
472291,524419,524420,52128,1,1,7200,5212.9
472291,524430,524431,52139,1,1,7200,5214.0
472291,524200,524417,51909,217,1,7200,240.211981567
472291,524185,524188,51894,3,1,7200,5189.7
472292,527260,527262,54968,2,1,7200,5497.0
472292,527146,527248,54854,102,1,7200,538.784313725
472292,524437,531653,52145,7216,1,7200,8.22630266075
472292,524444,524511,52152,67,1,7200,779.388059701
472293,527335,527400,55042,65,1,7200,847.8
472293,527313,527323,55020,10,1,7200,5503.0
472293,527287,527289,54994,2,1,7200,5499.6
472294,527445,527446,55151,1,1,7200,5515.2
472294,527436,527438,55142,2,1,7200,5514.4
472294,527452,534664,55158,7212,1,7200,8.64808652246
472294,527413,534652,55119,7239,1,7200,8.61417322835
472295,527509,534042,55214,6533,1,7200,9.4515536507
472295,527519,527531,55224,12,1,7200,4603.0
472295,527459,527506,55164,47,1,7200,1174.70212766
472295,527496,527497,55201,1,1,7200,5520.2
472296,527710,527751,55414,41,1,7200,1352.56097561
472296,527548,527698,55252,150,1,7200,369.346666667
472296,527556,527557,55260,1,1,7200,5526.1
472296,527543,527544,55247,1,1,7200,5524.8
472296,527570,527747,55274,177,1,7200,313.282485876
472297,527765,527772,55468,7,1,7200,5547.5
472297,527784,527862,55487,78,1,7200,712.371794872
472297,527759,528535,55462,776,1,7200,72.4716494845
472298,527923,527979,55625,56,1,7200,994.303571429
472298,527992,528222,55694,230,1,7200,243.147826087
472299,528547,528587,56248,40,1,7200,1407.2
472299,528322,535525,56023,7203,1,7200,8.77773150076
472299,528234,528255,55935,21,1,7200,2664.57142857
472299,528267,528310,55968,43,1,7200,1302.58139535
472300,528599,528601,56299,2,1,7200,5630.1
472300,528668,528671,56368,3,1,7200,5637.1
472300,528613,529470,56313,857,1,7200,66.7094515753
472300,528683,529614,56383,931,1,7200,61.5617615467
472301,529526,529566,57225,40,1,7200,1431.625
472301,529498,530201,57197,703,1,7200,82.3613086771
472301,529518,529524,57217,6,1,7200,5722.3
472301,529482,529486,57181,4,1,7200,5718.5
472302,529536,529662,57234,126,1,7200,455.238095238
473554,568200,578369,94646,10169,20,43199,10.3073065198
474060,504123,514005,30063,9882,16,72000,4.04219793564
474082,506149,514913,32067,8764,16,72000,4.6589456869
474375,531895,532010,57520,115,4,36000,501.173913043
475341,521630,624149,46289,102519,1,172800,1.45151630429
475430,521691,621992,46261,100301,1,172800,1.46122172261
475490,521866,625422,46376,103556,1,172800,1.44783498783
475532,521873,624621,46341,102748,1,172800,1.45101607817
475581,523423,622791,47842,99368,1,172800,1.48146284518
475926,475933,476192,7,259,1,3540,1.02702702703
475972,476363,476387,391,24,1,7200,17.2916666667
476344,476351,478457,7,2106,1,3540,1.00332383666
476365,476373,710649,8,234276,30,252000,1.00003414776
476367,478145,712331,1778,234186,30,252000,1.00759225573
476421,476469,476657,48,188,1,3540,1.25531914894
476470,476670,476941,200,271,1,3540,1.73800738007
476519,476733,477024,214,291,1,3540,1.735395189
476592,476764,477005,172,241,1,3540,1.71369294606
476641,476811,477117,170,306,1,3540,1.55555555556
476690,476953,477462,263,509,1,3540,1.51669941061
476739,477017,477543,278,526,1,3540,1.52851711027
476788,477036,477527,248,491,1,3540,1.50509164969
476837,477066,477613,229,547,1,3540,1.41864716636
476912,477123,477699,211,576,1,3540,1.36631944444
477112,477130,477400,18,270,1,3540,1.06666666667
477365,479195,479388,1830,193,1,3540,10.481865285
477414,479200,479331,1786,131,1,3540,14.6335877863
480441,524663,524666,44222,3,1,86400,4422.5
480716,524678,524963,43962,285,1,3540,155.252631579
480748,480969,480994,221,25,1,7200,9.84
481024,481114,481593,90,479,1,7200,1.1878914405
481127,524940,527049,43813,2109,1,3540,21.7743006164
481210,524975,525160,43765,185,1,3540,237.567567568
481258,525068,525346,43810,278,1,3540,158.589928058
481307,525172,525457,43865,285,1,3540,154.912280702
481380,525359,525596,43979,237,1,3540,186.565400844
481434,525469,525764,44035,295,1,3540,150.271186441
481483,525608,526107,44125,499,1,3540,89.4268537074
481532,525640,526175,44108,535,1,3540,83.4448598131
481582,525776,526269,44194,493,1,3540,90.6430020284
481631,526119,526645,44488,526,1,3540,85.5779467681
481705,526188,526748,44483,560,1,3540,80.4339285714
481915,526281,526552,44366,271,1,3540,164.712177122
482190,526564,526750,44374,186,1,3540,239.569892473
482250,526658,526790,44408,132,1,3540,337.424242424
486093,509693,617720,23600,108027,16,108000,1.21846390254
486142,515579,544422,29437,28843,8,28800,2.02059425164
486225,515584,544385,29359,28801,8,28800,2.01937432728
486283,516467,545291,30184,28824,8,28800,2.04718290314
486308,516472,542245,30164,25773,8,28800,2.17037209483
486340,542257,564230,55917,21973,8,28800,3.54480498794
487400,526767,527432,39367,665,1,1800,60.1984962406
487400,526794,527484,39394,690,1,1800,58.0927536232
487400,526760,527423,39360,663,1,1800,60.3665158371
487400,489879,489881,2479,2,2,1800,248.1
487401,532022,532862,44621,840,4,1800,54.1202380952
487402,532875,533679,45473,804,4,1800,57.5584577114
487402,533692,534651,46290,959,4,1800,49.2690302398
487402,544434,545188,57032,754,8,1800,76.6392572944
487402,544398,545284,56996,886,8,1800,65.3295711061
487403,506803,507716,19400,913,16,1800,22.2486308872
487403,507728,508744,20325,1016,16,1800,21.0049212598
487403,545201,546282,57798,1081,8,1800,54.467160037
487404,571236,572306,83832,1070,32,1800,79.3476635514
487404,572319,573467,84915,1148,32,1800,74.9677700348
487404,573479,574588,86075,1109,32,1800,78.61496844
487404,508761,509681,21357,920,16,1800,24.2141304348
487405,607651,608747,120246,1096,64,1800,110.71350365
487405,608760,609907,121355,1147,64,1800,106.802092415
487405,606574,607639,119169,1065,64,1800,112.895774648
487406,921937,923269,434531,1332,256,1800,327.224474474
487406,862190,863401,374784,1211,128,1800,310.483071841
487406,860932,862178,373526,1246,128,1800,300.780096308
487406,863413,864702,376007,1289,128,1800,292.704422033
487407,924689,926038,437282,1349,256,1800,325.152705708
487407,923281,924677,435874,1396,256,1800,313.230659026
488911,493966,550530,5055,56564,3,108000,1.08936779577
488919,510996,511001,22077,5,3,108000,2208.2
490269,526802,563550,36533,36748,1,40200,1.99414934146
492537,492588,492596,51,8,1,3600,5.9
495994,514017,515567,18023,1550,16,18000,12.6277419355
496030,514925,516450,18895,1525,16,18000,13.3901639344
498030,566376,568187,68346,1811,20,82799,38.7393705135
516519,529597,529599,13078,2,1,240,1308.0
518771,578381,606562,59610,28181,48,28800,3.11525495901
526958,529579,529587,2621,8,1,3600,262.9
528542,534663,678687,6121,144024,4,144000,1.04249986113
529700,529707,529818,7,111,1,3600,1.06306306306
529938,529945,530190,7,245,1,3600,1.02857142857
530404,530410,530788,6,378,1,3600,1.01587301587
530522,530529,530538,7,9,1,1800,1.6
530687,530693,530765,6,72,1,1800,1.08333333333
530717,530775,548804,58,18029,1,18000,1.00321703921
530976,530983,531065,7,82,1,1800,1.08536585366
531300,531307,531312,7,5,1,3600,1.2
531427,531433,531514,6,81,1,3600,1.07407407407
531482,531489,531687,7,198,1,1800,1.03535353535
531647,531654,531884,7,230,1,3600,1.03043478261
532120,534054,534403,1934,349,1,3600,6.54154727794
532291,534413,534420,2122,7,1,1800,212.9
534575,534581,534621,6,40,1,1800,1.15
534821,534829,534902,8,73,1,1800,1.1095890411
534863,534870,534877,7,7,1,3600,1.4
534990,534996,535111,6,115,1,3600,1.05217391304
535244,535251,535500,7,249,1,3600,1.0281124498
535367,535374,535526,7,152,1,1800,1.04605263158
535736,543993,544379,8257,386,1,3600,22.3911917098
538179,543998,544077,5819,79,1,1800,74.6582278481
544077,574600,576063,30523,1463,20,21599,21.8632946001
544302,544308,544395,6,87,1,1800,1.06896551724
544851,544858,545221,7,363,1,1800,1.01928374656
544896,544903,544909,7,6,1,3600,1.3
545023,545030,545110,7,80,1,3600,1.0875
545243,545249,545487,6,238,1,3600,1.02521008403
545737,548817,549164,3080,347,1,3600,9.87608069164
546312,549174,549214,2862,40,1,1800,72.55
549004,549030,549035,26,5,4,36000,3.1
549443,549450,549517,7,67,1,1800,1.10447761194
550101,550108,550348,7,240,1,1800,1.02916666667
550712,550719,571553,7,20834,16,21600,1.00033598925
555284,559713,646145,4429,86432,1,86400,1.05124259534
563548,563556,563826,8,270,1,3540,1.02962962963
563949,563956,566057,7,2101,1,3540,1.00333174679
564031,564038,564225,7,187,1,3540,1.03743315508
564079,564086,564364,7,278,1,3540,1.02517985612
564128,564135,564433,7,298,1,3540,1.02348993289
564199,564237,564471,38,234,1,3540,1.16239316239
564248,564255,564559,7,304,1,3540,1.02302631579
564297,564304,564802,7,498,1,3540,1.0140562249
564347,564353,564885,6,532,1,3540,1.01127819549
564396,564402,564903,6,501,1,3540,1.0119760479
564445,564451,564987,6,536,1,3540,1.01119402985
564519,564526,565088,7,562,1,3540,1.01245551601
564725,564732,565006,7,274,1,3540,1.02554744526
564975,564982,565167,7,185,1,3540,1.03783783784
565026,565032,565161,6,129,1,3540,1.04651162791
566995,567001,581418,6,14417,4,14400,1.00041617535
567232,567239,572571,7,5332,4,21600,1.00131282821
569829,576076,577435,6247,1359,20,32399,5.59676232524
571804,572466,578056,662,5590,16,21600,1.11842576029
572027,572583,590600,556,18017,1,18000,1.03085974358
573203,574555,584219,1352,9664,4,21600,1.13990066225
586504,586511,594956,7,8445,20,32399,1.00082889284
586663,589530,591090,2867,1560,20,32399,2.83782051282
592083,592090,592092,7,2,2,3540,1.0
593661,593677,599712,16,6035,1,9000,1.00265120133
593661,593683,599207,22,5524,1,9000,1.00398262129
593661,593689,599002,28,5313,1,9000,1.00527009223
593661,593667,599209,6,5542,1,9000,1.00108264165
593662,593706,597516,44,3810,1,9000,1.01154855643
593662,593695,598761,33,5066,1,9000,1.006514015
593662,593700,598414,38,4714,1,9000,1.00806109461
593663,593711,597067,48,3356,1,9000,1.01430274136
593663,593717,596767,54,3050,1,9000,1.01770491803
593663,593722,596628,59,2906,1,9000,1.02030282175
593664,593727,596182,63,2455,1,9000,1.02566191446
593664,593733,595146,69,1413,1,9000,1.04883227176
593664,593738,594799,74,1061,1,9000,1.06974552309
594888,594894,918940,6,324046,5,324000,1.00001851589
596034,596040,598063,6,2023,20,21599,1.00296589224
597136,597529,621527,393,23998,20,43199,1.0163763647
599748,599754,631117,6,31363,2,108000,1.00019130823
602680,602686,602688,6,2,1,240,1.0
