SubmitTime,StartTime,EndTime,QueuedTime,RunTime,NodesRequested,walltime,bslowdown
210,1206,14803,996,13597,5,16200,1.07325145253
415,853,33297,438,32444,2,32400,1.01350018493
798,4141,17711,3343,13570,5,16200,1.24635224761
1213,5387,13936,4174,8549,5,16200,1.48824423909
2150,2163,2506,13,343,2,3600,1.03790087464
3625,3760,4116,135,356,2,3600,1.37921348315
3860,3874,263092,14,259218,1,259200,1.0000540086
4140,4671,13008,531,8337,5,16200,1.06369197553
4538,5039,350660,501,345621,4,345600,1.0014495647
4554,5045,350674,491,345629,4,345600,1.00142059839
4670,8373,19230,3703,10857,5,16200,1.34107027724
4992,5067,6480,75,1413,2,3600,1.05307855626
5385,7997,20510,2612,12513,5,16200,1.20874290738
6491,7393,9580,902,2187,2,3600,1.41243712849
7995,11979,21868,3984,9889,5,16200,1.40287187784
8379,12864,21127,4485,8263,5,16200,1.54278107225
8669,8676,12281,7,3605,1,3600,1.00194174757
9816,33309,40542,23493,7233,64,7200,4.24802986313
11980,13020,21146,1040,8126,5,16200,1.12798424809
12251,12291,12298,40,7,1,1800,4.7
12387,12623,12742,236,119,1,3600,2.98319327731
12437,12753,12838,316,85,1,1800,4.71764705882
12601,12848,13026,247,178,1,3600,2.38764044944
12867,13949,21584,1082,7635,5,16200,1.14171578258
12883,12907,13211,24,304,1,3600,1.07894736842
13019,14815,23529,1796,8714,5,16200,1.2061051182
13062,13221,13325,159,104,1,1800,2.52884615385
13158,13234,13558,76,324,1,3600,1.23456790123
13460,13470,14124,10,654,1,3600,1.01529051988
13795,13894,14581,99,687,1,3600,1.14410480349
13820,13901,14285,81,384,1,1800,1.2109375
13950,17723,28708,3773,10985,5,16200,1.34346836595
14672,14737,14746,65,9,1,3600,7.4
14821,20522,32727,5701,12205,5,16200,1.46710364605
14847,15035,15121,188,86,1,3600,3.18604651163
14914,15107,15114,193,7,1,1800,20.0
15247,15254,15622,7,368,1,3600,1.01902173913
15260,15267,15315,7,48,1,1800,1.14583333333
15446,15453,15629,7,176,1,3600,1.03977272727
15623,15632,15714,9,82,1,1800,1.10975609756
15753,15760,16133,7,373,1,3600,1.01876675603
15924,15931,16593,7,662,1,3600,1.01057401813
16375,16382,16644,7,262,1,1800,1.02671755725
16433,16439,16999,6,560,1,3600,1.01071428571
17721,19242,27501,1521,8259,5,16200,1.18416273157
19250,21880,32808,2630,10928,5,16200,1.24066617862
19890,19897,19976,7,79,1,1800,1.08860759494
20202,20208,20297,6,89,1,1800,1.06741573034
20527,21139,33846,612,12707,5,16200,1.04816243016
20758,20765,21124,7,359,1,1800,1.01949860724
21144,21158,31151,14,9993,5,16200,1.00140098069
21157,21596,31596,439,10000,5,16200,1.0439
21603,23541,31614,1938,8073,5,16200,1.24005945745
21878,28720,38711,6842,9991,5,16200,1.6848163347
22203,22210,22248,7,38,1,1800,1.18421052632
22471,22478,22550,7,72,1,1800,1.09722222222
23132,23138,23377,6,239,1,1800,1.02510460251
23543,27513,36007,3970,8494,5,16200,1.467388745
27518,31163,38993,3645,7830,5,16200,1.46551724138
28726,31608,45966,2882,14358,5,16200,1.20072433487
30886,30893,30911,7,18,2,120,1.38888888889
31163,31627,44378,464,12751,5,16200,1.0363893028
31269,40588,117019,9319,76431,24,86400,1.12192696681
31609,32739,41133,1130,8394,5,16200,1.13461996664
31634,33858,41866,2224,8008,5,16200,1.27772227772
31851,40593,76200,8742,35607,16,36000,1.24551352262
31989,40599,119741,8610,79142,16,144000,1.10879179197
32433,44741,80797,12308,36056,16,36000,1.34135788773
32537,46570,190586,14033,144016,16,144000,1.09744056216
32740,32819,41508,79,8689,5,16200,1.00909195535
32821,36019,47490,3198,11471,5,16200,1.27878999215
33860,38722,53536,4862,14814,5,16200,1.32820305117
35774,40610,42991,4836,2381,1,36000,3.03107937841
36023,39004,50707,2981,11703,5,16200,1.25472101171
37575,40604,76770,3029,36166,8,36000,1.0837526959
38724,41145,52536,2421,11391,5,16200,1.2125362128
39010,41520,50720,2510,9200,5,16200,1.27282608696
41148,41877,55554,729,13677,5,16200,1.05330116254
41525,45978,55977,4453,9999,5,16200,1.44534453445
41879,44391,53961,2512,9570,5,16200,1.26248693835
42551,43004,45205,453,2201,2,3600,1.20581553839
43441,44791,68798,1350,24007,1,54000,1.05623359853
43521,45217,104622,1696,59405,1,59400,1.02854978537
44387,47502,59479,3115,11977,5,16200,1.2600818235
45359,45542,47777,183,2235,1,5400,1.08187919463
45986,50732,59257,4746,8525,5,16200,1.55671554252
47501,50719,60412,3218,9693,5,16200,1.33199215929
47991,49224,56443,1233,7219,4,7200,1.17079927968
50717,53548,65940,2831,12392,5,16200,1.22845384119
50730,52548,62265,1818,9717,5,16200,1.18709478234
50869,77561,199976,26692,122415,1,122400,1.2180451742
50940,50947,53031,7,2084,2,7200,1.00335892514
51112,51119,51188,7,69,1,1800,1.10144927536
51562,51569,53721,7,2152,2,3600,1.0032527881
52546,55566,64099,3020,8533,5,16200,1.353920075
53550,53973,62070,423,8097,5,16200,1.05224157095
53785,53792,55995,7,2203,2,3600,1.00317748525
53977,59269,60887,5292,1618,8,6000,4.27070457355
55566,60424,62053,4858,1629,8,6000,3.98219766728
56051,56058,56393,7,335,2,3600,1.02089552239
57093,57100,57461,7,361,2,3600,1.01939058172
58432,77550,92348,19118,14798,33,18000,2.29193134207
58840,58847,61016,7,2169,2,3600,1.00322729368
59270,60899,62512,1629,1613,8,6000,2.00991940484
60428,62065,63693,1637,1628,8,6000,2.00552825553
60901,62081,63704,1180,1623,8,6000,1.72704867529
61359,61367,61700,8,333,2,3600,1.02402402402
61894,61901,62257,7,356,2,3600,1.01966292135
62069,62524,64372,455,1848,8,6000,1.24621212121
62082,63705,65335,1623,1630,8,6000,1.99570552147
62521,63715,65340,1194,1625,8,6000,1.73476923077
63711,64111,65728,400,1617,8,6000,1.24737167594
63713,64384,65988,671,1604,8,6000,1.41832917706
64118,65347,66961,1229,1614,8,6000,1.7614622057
64389,65354,66972,965,1618,8,6000,1.59641532756
65354,65952,67556,598,1604,8,6000,1.37281795511
65356,65739,67349,383,1610,8,6000,1.23788819876
65738,66000,67628,262,1628,8,6000,1.16093366093
65952,66973,68575,1021,1602,8,6000,1.63732833958
65998,66984,68615,986,1631,8,6000,1.60453709381
66360,66366,66743,6,377,2,3600,1.01591511936
66974,67360,68977,386,1617,8,6000,1.23871366729
66986,67568,69174,582,1606,8,6000,1.36239103362
67048,67054,69228,6,2174,2,3600,1.0027598896
67357,67641,69277,284,1636,8,6000,1.17359413203
67571,68587,70204,1016,1617,8,6000,1.6283240569
67640,68628,70239,988,1611,8,6000,1.61328367474
68593,68990,70609,397,1619,8,6000,1.2452130945
68628,69186,70810,558,1624,8,6000,1.34359605911
68988,69322,70932,334,1610,8,6000,1.20745341615
69191,70216,71828,1025,1612,8,6000,1.6358560794
69327,70251,71870,924,1619,8,6000,1.57072266831
70223,70621,72215,398,1594,8,6000,1.24968632371
70258,70822,72449,564,1627,8,6000,1.34665027658
70628,70943,72568,315,1625,8,6000,1.19384615385
70819,71840,73453,1021,1613,8,6000,1.63298202108
70944,71882,73502,938,1620,8,6000,1.57901234568
71839,72227,73837,388,1610,8,6000,1.24099378882
71885,72461,74106,576,1645,8,6000,1.35015197568
72233,72579,74192,346,1613,8,6000,1.21450712957
72458,73465,75063,1007,1598,8,6000,1.63016270338
72582,73518,75158,936,1640,8,6000,1.57073170732
73466,73850,75492,384,1642,8,6000,1.23386114495
73523,74118,75722,595,1604,8,6000,1.37094763092
73848,74204,75834,356,1630,8,6000,1.21840490798
74117,75076,76673,959,1597,8,6000,1.60050093926
74208,75170,76899,962,1729,8,6000,1.55639097744
75078,75504,77127,426,1623,8,6000,1.26247689464
75169,75734,77388,565,1654,8,6000,1.34159613059
75504,75846,77467,342,1621,8,6000,1.210980876
75740,76685,78319,945,1634,8,6000,1.57833537332
75852,76911,78530,1059,1619,8,6000,1.65410747375
76240,84142,117507,7902,33365,16,36000,1.23683500674
76689,77139,78759,450,1620,8,6000,1.27777777778
76912,77401,79034,489,1633,8,6000,1.29944886712
77136,77479,79110,343,1631,8,6000,1.21030042918
77212,92997,237183,15785,144186,16,144000,1.10947664822
77293,119509,299521,42216,180012,16,180000,1.23451769882
77404,78331,79945,927,1614,8,6000,1.57434944238
77483,78541,80145,1058,1604,8,6000,1.65960099751
77535,77938,409170,403,331232,1,331200,1.00121666989
77556,77951,337201,395,259250,1,259200,1.00152362584
77567,83258,342482,5691,259224,1,259200,1.02195398574
77863,81079,81218,3216,139,1,18000,24.1366906475
78004,80771,84387,2767,3616,2,7200,1.76521017699
78328,78771,80372,443,1601,8,6000,1.27670206121
78540,79045,80690,505,1645,8,6000,1.30699088146
78774,79123,80761,349,1638,8,6000,1.21306471306
78830,93841,97638,15011,3797,1,72000,4.95338425072
79053,79956,81574,903,1618,8,6000,1.55809641533
79120,80156,81783,1036,1627,8,6000,1.63675476337
79126,79133,80941,7,1808,1,1800,1.00387168142
79964,80383,82215,419,1832,8,6000,1.22871179039
80153,80702,82329,549,1627,8,6000,1.33743085433
80387,80777,82396,390,1619,8,6000,1.24088943792
80708,81586,83218,878,1632,8,6000,1.53799019608
80776,81795,83432,1019,1637,8,6000,1.62248014661
81137,81143,81541,6,398,2,3600,1.01507537688
81582,82227,83819,645,1592,8,6000,1.40515075377
81656,81664,83816,8,2152,2,3600,1.00371747212
81792,82340,83964,548,1624,8,6000,1.33743842365
82233,82407,84050,174,1643,8,6000,1.10590383445
82345,83229,84862,884,1633,8,6000,1.54133496632
82412,83443,85066,1031,1623,8,6000,1.63524337646
83226,83831,85472,605,1641,8,6000,1.36867763559
83447,83975,85592,528,1617,8,6000,1.32653061224
83833,84061,85701,228,1640,8,6000,1.13902439024
83977,84874,86508,897,1634,8,6000,1.54895960832
84066,85078,86734,1012,1656,8,6000,1.61111111111
84376,84383,88967,7,4584,1,7200,1.00152705061
84879,85483,87123,604,1640,8,6000,1.36829268293
85078,85604,87257,526,1653,8,6000,1.31820931639
85140,85148,85506,8,358,2,3600,1.02234636872
85485,85712,87351,227,1639,8,6000,1.13849908481
85510,85517,86018,7,501,2,3600,1.01397205589
85607,86520,88148,913,1628,8,6000,1.56081081081
85718,86746,88362,1028,1616,8,6000,1.63613861386
86034,86040,86192,6,152,2,3600,1.03947368421
86494,86501,86633,7,132,2,3600,1.05303030303
86520,87136,88767,616,1631,8,6000,1.37768240343
86751,87268,88894,517,1626,8,6000,1.31795817958
86978,86986,87429,8,443,2,3600,1.01805869074
87136,87362,88971,226,1609,8,6000,1.14045991299
87268,88161,89816,893,1655,8,6000,1.53957703927
87368,88374,90009,1006,1635,8,6000,1.61529051988
87443,87449,87619,6,170,2,3600,1.03529411765
87899,87906,88052,7,146,2,3600,1.04794520548
87963,87970,88210,7,240,1,1800,1.02916666667
88158,88779,90418,621,1639,8,6000,1.37888956681
88379,88907,90547,528,1640,8,6000,1.32195121951
88759,92442,92985,3683,543,4,28800,7.78268876611
88775,88982,90639,207,1657,8,6000,1.12492456246
88908,89827,91464,919,1637,8,6000,1.56139279169
88986,90021,91650,1035,1629,8,6000,1.63535911602
89014,89021,89231,7,210,1,5400,1.03333333333
89831,90429,92064,598,1635,8,6000,1.36574923547
90018,90558,92209,540,1651,8,6000,1.3270745003
90436,90651,92269,215,1618,8,6000,1.13288009889
90558,91475,93115,917,1640,8,6000,1.55914634146
90657,91662,93288,1005,1626,8,6000,1.61808118081
91480,92076,93737,596,1661,8,6000,1.35881998796
91668,92221,93849,553,1628,8,6000,1.33968058968
92075,92282,94125,207,1843,8,6000,1.11231687466
92219,93127,94761,908,1634,8,6000,1.55569155447
92286,93300,94929,1014,1629,8,6000,1.62246777164
93130,93749,95429,619,1680,8,6000,1.36845238095
93307,93867,95730,560,1863,8,6000,1.30059044552
93746,94138,95764,392,1626,8,6000,1.24108241082
93865,94774,107760,909,12986,5,16200,1.06999845988
94139,94941,106716,802,11775,5,16200,1.0681104034
94775,94947,105629,172,10682,5,16200,1.01610185359
94940,95441,107805,501,12364,5,16200,1.04052086703
94952,95742,106985,790,11243,5,16200,1.07026594325
95067,95073,98680,6,3607,1,3600,1.00166343222
95445,95747,105274,302,9527,5,16200,1.03169938071
95741,95776,107623,35,11847,5,16200,1.00295433443
95753,95781,103592,28,7811,5,16200,1.00358468826
95776,103604,112659,7828,9055,5,16200,1.86449475428
95777,105286,116991,9509,11705,5,16200,1.81238786843
98634,98641,98649,7,8,1,1800,1.5
98784,98790,98908,6,118,1,3600,1.05084745763
98786,98797,98879,11,82,1,1800,1.13414634146
98981,99004,99125,23,121,1,3600,1.19008264463
99033,99040,99308,7,268,1,3600,1.02611940299
99096,99103,99206,7,103,1,1800,1.06796116505
99255,99266,99529,11,263,1,3600,1.04182509506
99555,100168,119306,613,19138,3,259200,1.03203051521
99555,99562,100294,7,732,1,3600,1.00956284153
99664,99670,100062,6,392,1,1800,1.01530612245
99765,99778,100773,13,995,1,3600,1.01306532663
100849,100857,104464,8,3607,1,3600,1.00221790962
100983,100989,100996,6,7,1,1800,1.3
101141,101148,101186,7,38,1,1800,1.18421052632
101468,101474,101561,6,87,1,1800,1.06896551724
101685,101691,101898,6,207,1,3600,1.02898550725
102024,102206,102664,182,458,1,3600,1.39737991266
102258,102264,102541,6,277,1,1800,1.02166064982
102591,102599,103657,8,1058,1,1800,1.00756143667
102723,102730,103507,7,777,1,1800,1.00900900901
102864,102871,103908,7,1037,1,900,1.00675024108
102950,103253,104025,303,772,1,3600,1.39248704663
103608,105640,113901,2032,8261,5,16200,1.24597506355
103813,103820,103907,7,87,1,900,1.08045977011
103931,103944,104958,13,1014,1,900,1.01282051282
104573,104587,104740,14,153,1,3600,1.09150326797
104864,104876,345101,12,240225,1,360000,1.00004995317
104871,104883,105553,12,670,1,3600,1.01791044776
104931,105043,116167,112,11124,1,360000,1.01006832075
105281,106997,115669,1716,8672,5,16200,1.19787822878
105646,106728,119998,1082,13270,5,16200,1.08153730219
105784,118419,133225,12635,14806,33,18000,1.8533702553
105851,105858,106999,7,1141,1,3600,1.00613496933
106725,107634,117115,909,9481,5,16200,1.09587596245
106795,106801,106881,6,80,1,1800,1.075
106993,107773,119082,780,11309,5,16200,1.06897161553
107110,107117,107231,7,114,1,1800,1.06140350877
107634,107820,117761,186,9941,5,16200,1.01871039131
107710,107717,108076,7,359,1,1800,1.01949860724
107773,112671,120846,4898,8175,5,16200,1.59914373089
107817,115680,125175,7863,9495,5,16200,1.82812006319
109195,109202,109254,7,52,1,1800,1.13461538462
109480,109487,109573,7,86,1,1800,1.08139534884
110155,110162,110406,7,244,1,1800,1.02868852459
112667,113914,123628,1247,9714,5,16200,1.12837142269
113912,117008,130809,3096,13801,5,16200,1.22433157018
115680,117772,128945,2092,11173,5,16200,1.18723708941
117013,117129,126564,116,9435,5,16200,1.01229464759
117129,120013,130658,2884,10645,5,16200,1.27092531705
117345,117578,722421,233,604843,3,604800,1.00038522393
117381,117642,722482,261,604840,3,604800,1.00043151908
117520,117725,722537,205,604812,3,604800,1.0003389483
117777,119093,131213,1316,12120,5,16200,1.10858085809
117790,120746,120953,2956,207,16,36000,15.2801932367
118932,119119,119161,187,42,2,7200,5.45238095238
119093,120895,133825,1802,12930,5,16200,1.13936581593
119169,119753,137214,584,17461,20,432000,1.03344596529
119208,119774,119875,566,101,2,7200,6.60396039604
119351,119886,120005,535,119,2,7200,5.49579831933
119588,120007,120451,419,444,2,7200,1.94369369369
120009,123639,136328,3630,12689,5,16200,1.28607455276
120020,120366,264413,346,144047,8,144000,1.00240199379
120894,125186,134920,4292,9734,5,16200,1.44092870351
121250,121475,121545,225,70,16,60,4.21428571429
121780,121981,122086,201,105,16,60,2.91428571429
122242,122501,122596,259,95,16,60,3.72631578947
122483,147145,148253,24662,1108,24,21600,23.2581227437
122694,123086,123164,392,78,16,60,6.02564102564
122801,127973,127982,5172,9,16,108000,518.1
122887,122893,122978,6,85,1,900,1.07058823529
123100,123176,145572,76,22396,16,43200,1.00339346312
123283,123828,123932,545,104,16,60,6.24038461538
123636,130669,142209,7033,11540,5,16200,1.60944540728
123965,124059,124156,94,97,16,60,1.96907216495
124111,126276,136991,2165,10715,16,36000,1.20205319645
124404,148265,170605,23861,22340,16,43200,2.06808415398
124404,124410,146904,6,22494,16,43200,1.0002667378
124716,124729,125293,13,564,2,3600,1.02304964539
125183,126575,137293,1392,10718,5,16200,1.12987497667
125194,125200,125345,6,145,3,600,1.04137931034
125211,127994,387206,2783,259212,3,259200,1.01073638566
125333,127999,387209,2666,259210,3,259200,1.01028509703
125398,125405,125557,7,152,2,3600,1.04605263158
125664,126066,126204,402,138,2,3600,3.91304347826
126116,133239,277282,7123,144043,16,144000,1.04945051131
126303,126310,126872,7,562,2,1800,1.01245551601
126574,128963,137477,2389,8514,5,16200,1.28059666432
126918,126925,127078,7,153,2,1800,1.04575163399
126922,128026,129018,1104,992,4,3600,2.11290322581
127199,127205,127339,6,134,2,1800,1.0447761194
127331,128005,193370,674,65365,1,104400,1.01031132869
127862,128010,394451,148,266441,1,266400,1.00055547007
127873,128015,394450,142,266435,1,266400,1.00053296301
127887,128021,394438,134,266417,1,266400,1.00050297091
128505,129034,129259,529,225,8,3600,3.35111111111
128526,129271,129491,745,220,8,3600,4.38636363636
128535,129503,129722,968,219,8,3600,5.4200913242
128549,129753,129980,1204,227,8,3600,6.30396475771
128675,129680,130688,1005,1008,4,3600,1.99702380952
128695,128701,129268,6,567,2,1800,1.01058201058
128958,130820,139012,1862,8192,5,16200,1.22729492188
129331,129337,129486,6,149,2,1800,1.04026845638
129463,129469,129668,6,199,1,1800,1.03015075377
129570,129758,171118,188,41360,4,86400,1.00454545455
130047,130053,130056,6,3,1,2400,1.0
130149,130155,130646,6,491,1,2400,1.01221995927
130480,130487,130601,7,114,4,600,1.06140350877
130675,131224,140644,549,9420,5,16200,1.05828025478
130818,133867,144014,3049,10147,5,16200,1.30048290135
131228,136344,144776,5116,8432,5,16200,1.60673624288
131494,133873,135457,2379,1584,1,18000,2.50189393939
131607,133878,135333,2271,1455,1,18000,2.56082474227
131621,133884,135797,2263,1913,1,18000,2.18295870361
131627,133889,133891,2262,2,1,18000,226.4
131680,131686,131821,6,135,2,1800,1.04444444444
131720,133244,147134,1524,13890,16,108000,1.10971922246
132449,133617,135926,1168,2309,4,3600,1.50584668688
132636,133790,164165,1154,30375,16,72000,1.03799176955
132701,138275,167280,5574,29005,16,72000,1.19217376314
132759,133606,133611,847,5,10,1800,85.2
132803,133028,133589,225,561,2,1800,1.40106951872
133865,134931,144745,1066,9814,5,16200,1.10862033829
134397,134403,134954,6,551,2,1800,1.0108892922
134648,134654,136840,6,2186,1,18000,1.00274473925
134928,137410,145828,2482,8418,5,16200,1.29484438109
134932,134938,134940,6,2,1,2400,1.0
134958,134964,135116,6,152,2,1800,1.03947368421
135142,135780,139751,638,3971,2,18000,1.16066481994
135164,135171,135610,7,439,1,2400,1.0159453303
135173,135179,135319,6,140,2,1800,1.04285714286
135774,146108,183513,10334,37405,32,43200,1.2762732255
135813,183527,203416,47714,19889,32,43200,3.39901453065
135872,135879,136321,7,442,2,1800,1.01583710407
136080,136092,136731,12,639,1,14400,1.01877934272
136080,136086,136714,6,628,1,14400,1.00955414013
136081,136097,136777,16,680,1,14400,1.02352941176
136081,136109,136562,28,453,1,14400,1.06181015453
136081,136103,140866,22,4763,1,14400,1.00461893764
136081,136114,136514,33,400,1,14400,1.0825
136082,136141,136940,59,799,1,14400,1.07384230288
136082,136120,136709,38,589,1,14400,1.06451612903
136082,136125,137167,43,1042,1,14400,1.04126679463
136082,136131,136568,49,437,1,14400,1.11212814645
136082,136136,136465,54,329,1,14400,1.1641337386
136083,136163,136826,80,663,1,14400,1.12066365008
136083,136147,136423,64,276,1,14400,1.23188405797
136083,136157,136525,74,368,1,14400,1.20108695652
136083,136152,136587,69,435,1,14400,1.15862068966
136084,136174,136529,90,355,1,14400,1.25352112676
136084,136333,137077,249,744,1,14400,1.33467741935
136084,136338,137148,254,810,1,14400,1.31358024691
136084,136168,137428,84,1260,1,14400,1.06666666667
136085,136544,136906,459,362,1,14400,2.2679558011
136085,136587,138085,502,1498,1,14400,1.33511348465
136085,136575,137478,490,903,1,14400,1.54263565891
136085,136582,137215,497,633,1,14400,1.78515007899
136085,136537,137578,452,1041,1,14400,1.43419788665
136086,136648,136913,562,265,1,14400,3.12075471698
136086,136668,137474,582,806,1,14400,1.72208436725
136086,136599,137080,513,481,1,14400,2.06652806653
136086,136663,136942,577,279,1,14400,3.06810035842
136087,136925,137822,838,897,1,14400,1.93422519509
136087,136743,137657,656,914,1,14400,1.71772428884
136087,136789,137724,702,935,1,14400,1.75080213904
136088,137244,137624,1156,380,1,14400,4.04210526316
136088,137239,140539,1151,3300,1,14400,1.34878787879
136088,137228,138267,1140,1039,1,14400,2.09720885467
136088,137233,138255,1145,1022,1,14400,2.12035225049
136089,137271,137713,1182,442,1,14400,3.6742081448
136089,137260,137565,1171,305,1,14400,4.8393442623
136089,137249,137546,1160,297,1,14400,4.90572390572
136089,137265,137406,1176,141,1,14400,9.34042553191
136089,137255,139087,1166,1832,1,14400,1.6364628821
136090,137292,137633,1202,341,1,14400,4.52492668622
136090,137287,137968,1197,681,1,14400,2.7577092511
136090,137276,137502,1186,226,1,14400,6.24778761062
136090,137282,137839,1192,557,1,14400,3.14003590664
136091,137303,137752,1212,449,1,14400,3.69933184855
136091,137309,137960,1218,651,1,14400,2.87096774194
136091,137298,137860,1207,562,1,14400,3.14768683274
136091,137314,137668,1223,354,1,14400,4.45480225989
136092,137325,138263,1233,938,1,14400,2.3144989339
136092,137330,137726,1238,396,1,14400,4.12626262626
136092,137319,137625,1227,306,1,14400,5.00980392157
136093,137336,138004,1243,668,1,14400,2.86077844311
136093,137341,138010,1248,669,1,14400,2.86547085202
136093,137346,138040,1253,694,1,14400,2.80547550432
136093,137352,139093,1259,1741,1,14400,1.72314761631
136094,137357,137937,1263,580,1,14400,3.1775862069
136094,137377,139224,1283,1847,1,14400,1.69463995669
136094,137371,137890,1277,519,1,14400,3.46050096339
136094,137363,138015,1269,652,1,14400,2.9463190184
136095,137398,137443,1303,45,1,14400,29.9555555556
136095,137382,138671,1287,1289,1,14400,1.99844840962
136095,137387,138596,1292,1209,1,14400,2.06865177833
136095,137393,142969,1298,5576,1,14400,1.23278335725
136096,137455,139603,1359,2148,1,14400,1.63268156425
136096,137737,138125,1641,388,1,14400,5.2293814433
136096,137403,141696,1307,4293,1,14400,1.30444910319
136096,137725,139209,1629,1484,1,14400,2.09770889488
136097,137960,138680,1863,720,1,14400,3.5875
136097,137966,138889,1869,923,1,14400,3.02491874323
136097,137862,139868,1765,2006,1,14400,1.87986041874
136097,137902,138646,1805,744,1,14400,3.42607526882
136098,137976,138379,1878,403,1,14400,5.66004962779
136098,137982,138740,1884,758,1,14400,3.48548812665
136098,137971,138189,1873,218,1,14400,9.59174311927
136098,137987,141012,1889,3025,1,14400,1.62446280992
136099,137993,138294,1894,301,1,14400,7.29235880399
136099,138658,139211,2559,553,1,14400,5.62748643761
136099,138902,139273,2803,371,1,14400,8.55525606469
136099,138693,138971,2594,278,1,14400,10.3309352518
136100,139255,140039,3155,784,1,14400,5.02423469388
136100,138983,139243,2883,260,1,14400,12.0884615385
136100,139325,139571,3225,246,1,14400,14.1097560976
136100,139285,139442,3185,157,1,14400,21.2866242038
136101,139820,140334,3719,514,1,14400,8.23540856031
136101,139542,142091,3441,2549,1,14400,2.34994115339
136101,139454,140629,3353,1175,1,14400,3.85361702128
136101,139615,140433,3514,818,1,14400,5.29584352078
136101,139584,139807,3483,223,1,14400,16.6188340807
136102,139880,140101,3778,221,1,14400,18.0950226244
136102,139892,140221,3790,329,1,14400,12.5197568389
136102,139903,140565,3801,662,1,14400,6.7416918429
136102,139898,140395,3796,497,1,14400,8.63782696177
136103,139942,140144,3839,202,1,14400,20.004950495
136103,139914,140697,3811,783,1,14400,5.86717752235
136103,139909,140756,3806,847,1,14400,5.49350649351
136103,139919,144610,3816,4691,1,14400,1.81347260712
136104,139935,140548,3831,613,1,14400,7.24959216966
136104,139925,144126,3821,4201,1,14400,1.90954534635
136104,139930,140241,3826,311,1,14400,13.3022508039
136348,137489,151596,1141,14107,5,16200,1.08088183171
136377,136527,136651,150,124,2,1800,2.20967741935
136413,136435,136842,22,407,1,1800,1.05405405405
136692,136726,136832,34,106,2,1800,1.32075471698
136869,136876,139313,7,2437,1,7200,1.00287238408
136989,137870,138974,881,1104,16,36000,1.79800724638
137369,137831,137857,462,26,14,615,18.7692307692
137371,137440,137561,69,121,2,1800,1.57024793388
137406,142220,152551,4814,10331,5,16200,1.46597618817
137489,139023,150310,1534,11287,5,16200,1.13590856738
137510,137939,140238,429,2299,1,18000,1.18660287081
137518,137944,140411,426,2467,1,18000,1.17267936765
137525,137950,140554,425,2604,1,18000,1.16321044547
137531,137955,140173,424,2218,1,18000,1.1911632101
137691,137697,137819,6,122,2,1800,1.04918032787
138002,138009,138459,7,450,2,1800,1.01555555556
138407,138413,138451,6,38,2,3600,1.15789473684
138488,138494,138602,6,108,2,1800,1.05555555556
139022,140655,149012,1633,8357,5,16200,1.19540504966
139043,139887,140108,844,221,16,36000,4.81900452489
139123,139129,139171,6,42,2,3600,1.14285714286
139299,139305,140314,6,1009,1,3600,1.00594648167
139406,139414,139455,8,41,2,3600,1.19512195122
139443,188806,620834,49363,432028,20,432000,1.11425879804
139709,139716,139726,7,10,2,3600,1.7
139891,141770,141779,1879,9,16,36000,188.8
140006,140013,140023,7,10,2,3600,1.7
140170,140250,140252,80,2,8,1800,8.2
140237,141086,177112,849,36026,16,36000,1.02356631322
140368,140375,140382,7,7,10,1800,1.4
140528,140535,141616,7,1081,10,1800,1.00647548566
140557,141792,141798,1235,6,16,36000,124.1
140572,140579,140584,7,5,3,13680,1.2
140618,140625,154262,7,13637,3,13620,1.00051330938
140658,144025,152407,3367,8382,5,16200,1.40169410642
140680,140687,141832,7,1145,1,3600,1.00611353712
140688,141905,141912,1217,7,16,36000,122.4
140786,144622,144630,3836,8,16,36000,384.4
141130,141137,141139,7,2,1,2400,1.0
141191,141198,141222,7,24,1,2400,1.29166666667
141278,141286,141591,8,305,1,2400,1.0262295082
141504,141629,142632,125,1003,8,1800,1.12462612164
141951,141958,146239,7,4281,1,18000,1.00163513198
141960,141967,145368,7,3401,1,18000,1.00205821817
141996,142102,143776,106,1674,1,18000,1.0633213859
142006,143527,147967,1521,4440,1,18000,1.34256756757
142140,144642,144653,2502,11,16,36000,228.454545455
142153,144689,144696,2536,7,16,36000,254.3
142161,145268,145274,3107,6,16,36000,311.3
142171,145336,145342,3165,6,16,36000,317.1
142222,144756,157667,2534,12911,5,16200,1.19626674928
142479,142485,142610,6,125,2,1800,1.048
142668,142674,143123,6,449,2,1800,1.01336302895
143225,143231,144677,6,1446,1,2400,1.00414937759
143341,143347,144111,6,764,10,1800,1.00785340314
143393,143400,143524,7,124,2,1800,1.0564516129
143609,143813,144257,204,444,2,1800,1.45945945946
144030,144787,153164,757,8377,5,16200,1.09036647965
144183,144189,150563,6,6374,1,7200,1.00094132413
144284,144291,144396,7,105,2,1800,1.06666666667
144374,144380,149227,6,4847,1,7200,1.0012378791
144756,145840,153757,1084,7917,5,16200,1.13692055071
144787,149023,162178,4236,13155,5,16200,1.32200684151
144825,145273,154348,448,9075,4,18000,1.04936639118
144825,145279,146097,454,818,4,18000,1.55501222494
144862,145284,150595,422,5311,4,18000,1.07945772924
144863,145380,159833,517,14453,4,18000,1.03577112018
145412,145419,146138,7,719,1,5400,1.00973574409
145839,150321,159925,4482,9604,5,16200,1.46668054977
146058,149241,209131,3183,59890,10,144000,1.05314743697
146102,146114,146256,12,142,1,5400,1.08450704225
146397,146404,146531,7,127,1,5400,1.05511811024
146454,148271,149121,1817,850,5,36000,3.13764705882
146454,148277,149192,1823,915,5,36000,2.99234972678
146491,146497,147384,6,887,1,5400,1.0067643743
146736,148282,148600,1546,318,5,28800,5.86163522013
147315,147322,152350,7,5028,2,28800,1.00139220366
148054,148311,166347,257,18036,1,18000,1.01424927922
148106,148612,166645,506,18033,1,18000,1.02805966839
148112,167303,168201,19191,898,1,18000,22.3708240535
148171,167308,172892,19137,5584,1,18000,4.42711318052
148214,149246,202398,1032,53152,3,54000,1.01941601445
148904,148911,149034,7,123,2,1800,1.05691056911
148910,159935,214477,11025,54542,1,86400,1.20213780206
149061,149068,149527,7,459,2,1800,1.01525054466
149095,149257,153786,162,4529,1,18000,1.03576948554
149095,149262,153974,167,4712,1,18000,1.03544142615
149095,149251,154119,156,4868,1,18000,1.03204601479
149096,152367,156526,3271,4159,1,18000,1.78648713633
149096,153798,158324,4702,4526,1,18000,2.03888643394
149096,152362,156844,3266,4482,1,18000,1.72869254797
149096,150608,155312,1512,4704,1,18000,1.32142857143
149096,150613,155118,1517,4505,1,18000,1.33673695893
149097,156538,174581,7441,18043,1,18000,1.41240370227
149097,155324,159843,6227,4519,1,18000,2.3779597256
149097,155129,159327,6032,4198,1,18000,2.43687470224
149097,154131,159087,5034,4956,1,18000,2.01573849879
149097,153986,158509,4889,4523,1,18000,2.08091974353
149098,158520,176568,9422,18048,1,18000,1.52205230496
149098,156856,174878,7758,18022,1,18000,1.43047386528
149098,159098,177112,10000,18014,1,18000,1.55512379261
149098,158336,176355,9238,18019,1,18000,1.51268105888
149098,159340,177388,10242,18048,1,18000,1.56748670213
149099,159847,177875,10748,18028,1,18000,1.59618371422
149099,159858,177893,10759,18035,1,18000,1.59656224009
149099,159863,177887,10764,18024,1,18000,1.59720372836
149099,159853,177890,10754,18037,1,18000,1.59621888341
149100,159879,170838,10779,10959,1,18000,1.98357514372
149100,159890,170800,10790,10910,1,18000,1.98900091659
149100,159874,173633,10774,13759,1,18000,1.78305109383
149100,159885,173524,10785,13639,1,18000,1.79074712222
149100,159869,177873,10769,18004,1,18000,1.5981448567
149101,159917,173355,10816,13438,1,18000,1.80488167882
149101,159895,170814,10794,10919,1,18000,1.98855206521
149101,159906,165514,10805,5608,1,18000,2.92671184023
149101,159901,174311,10800,14410,1,18000,1.74947952811
149101,159912,170528,10811,10616,1,18000,2.01836850038
149102,163686,179935,14584,16249,1,18000,1.89753215582
149102,159928,177934,10826,18006,1,18000,1.60124402977
149102,163696,177108,14594,13412,1,18000,2.08813003281
149102,159922,173178,10820,13256,1,18000,1.81623415812
149102,163691,178495,14589,14804,1,18000,1.98547689814
149103,164195,169157,15092,4962,1,18000,4.04151551794
149103,164184,169281,15081,5097,1,18000,3.9587992937
149103,164189,177756,15086,13567,1,18000,2.11196285104
149103,164200,169850,15097,5650,1,18000,3.67203539823
149104,164222,168410,15118,4188,1,18000,4.60983763133
149104,164216,168712,15112,4496,1,18000,4.36120996441
149104,164211,177390,15107,13179,1,18000,2.14629334547
149104,164205,174597,15101,10392,1,18000,2.45313702848
149104,164227,168419,15123,4192,1,18000,4.60758587786
149105,164243,182273,15138,18030,1,18000,1.83960066556
149105,167314,185357,18209,18043,1,18000,2.00920024386
149105,166360,184390,17255,18030,1,18000,1.9570160843
149105,164232,168759,15127,4527,1,18000,4.34150651646
149105,164238,168745,15133,4507,1,18000,4.35766585312
149106,167324,185331,18218,18007,1,18000,2.01171766535
149106,167319,185332,18213,18013,1,18000,2.01110309221
149106,167335,185348,18229,18013,1,18000,2.01199133959
149106,167330,185378,18224,18048,1,18000,2.00975177305
149106,167340,185367,18234,18027,1,18000,2.01148277584
149107,176613,194620,27506,18007,1,18000,2.52751707669
149107,176618,194629,27511,18011,1,18000,2.5274554439
149107,176629,194644,27522,18015,1,18000,2.52772689425
149107,176624,194650,27517,18026,1,18000,2.52651725286
149108,176650,194670,27542,18020,1,18000,2.52841287458
149108,176645,194658,27537,18013,1,18000,2.5287292511
149108,176656,194678,27548,18022,1,18000,2.52857618466
149108,176634,194639,27526,18005,1,18000,2.52879755623
149108,176640,194652,27532,18012,1,18000,2.5285365312
149109,176661,194696,27552,18035,1,18000,2.52769614638
149109,177142,195167,28033,18025,1,18000,2.55522884882
149109,177132,195168,28023,18036,1,18000,2.55372588157
149109,177126,195137,28017,18011,1,18000,2.55554938649
149109,177137,195143,28028,18006,1,18000,2.55659224703
149110,177220,195254,28110,18034,1,18000,2.55872241322
149110,177887,195920,28777,18033,1,18000,2.59579659513
149110,177892,195925,28782,18033,1,18000,2.59607386458
149110,177153,195176,28043,18023,1,18000,2.55595627809
149110,177148,195158,28038,18010,1,18000,2.55680177679
149111,177914,195954,28803,18040,1,18000,2.59661862528
149111,177919,195949,28808,18030,1,18000,2.59778147532
149111,177898,195918,28787,18020,1,18000,2.59750277469
149111,177903,195935,28792,18032,1,18000,2.59671694765
149111,177908,195931,28797,18023,1,18000,2.59779171059
149112,177930,195955,28818,18025,1,18000,2.59877947295
149112,177935,195975,28823,18040,1,18000,2.59772727273
149112,177924,195942,28812,18018,1,18000,2.59906759907
149112,177946,195964,28834,18018,1,18000,2.60028860029
149112,177941,195989,28829,18048,1,18000,2.59735150709
149113,177951,195956,28838,18005,1,18000,2.60166620383
149113,178507,196539,29394,18032,1,18000,2.63010204082
149113,179947,197957,30834,18010,1,18000,2.71204886174
149113,180196,198229,31083,18033,1,18000,2.72367326568
149113,177958,195973,28845,18015,1,18000,2.60116569525
149114,185419,203467,36305,18048,1,18000,3.0115802305
149114,183538,201553,34424,18015,1,18000,2.91085206772
149114,180202,198217,31088,18015,1,18000,2.72567305024
149114,183533,201581,34419,18048,1,18000,2.90708111702
149114,184402,202435,35288,18033,1,18000,2.95685687351
149115,185446,203481,36331,18035,1,18000,3.01447186027
149115,185425,203450,36310,18025,1,18000,3.01442441054
149115,185430,203440,36315,18010,1,18000,3.01637978901
149115,185441,203472,36326,18031,1,18000,3.01464145083
149115,185435,203452,36320,18017,1,18000,3.01587389688
149116,167362,185395,18246,18033,1,18000,2.01181167859
149116,167351,185373,18235,18022,1,18000,2.01181888803
149116,167346,185370,18230,18024,1,18000,2.0114292055
149116,167357,185405,18241,18048,1,18000,2.01069370567
149116,167367,185407,18251,18040,1,18000,2.0116962306
149117,170630,188678,21513,18048,1,18000,2.19198803191
149117,170635,188673,21518,18038,1,18000,2.19292604502
149117,170619,188657,21502,18038,1,18000,2.19203902872
149117,170624,188628,21507,18004,1,18000,2.19456787381
149117,167373,185382,18256,18009,1,18000,2.01371536454
149118,170640,188647,21522,18007,1,18000,2.19520186594
149118,170651,188691,21533,18040,1,18000,2.19362527716
149118,170656,188696,21538,18040,1,18000,2.19390243902
149118,170646,188652,21528,18006,1,18000,2.19560146618
149119,170662,188674,21543,18012,1,18000,2.19603597602
149119,170672,188691,21553,18019,1,18000,2.19612631112
149119,170667,188700,21548,18033,1,18000,2.19492042367
149119,170683,188708,21564,18025,1,18000,2.19633841886
149119,170678,188719,21559,18041,1,18000,2.19500027715
149120,170694,188733,21574,18039,1,18000,2.19596429957
149120,170862,188895,21742,18033,1,18000,2.20567847835
149120,170699,188708,21579,18009,1,18000,2.19823421623
149120,170689,188711,21569,18022,1,18000,2.19681500388
149120,170856,188887,21736,18031,1,18000,2.20547945205
149121,170872,188883,21751,18011,1,18000,2.20765088002
149121,170883,188931,21762,18048,1,18000,2.20578457447
149121,170888,188899,21767,18011,1,18000,2.20853922603
149121,170878,188926,21757,18048,1,18000,2.20550753546
149121,170867,188891,21746,18024,1,18000,2.20650244119
149122,173508,191556,24386,18048,1,18000,2.35117464539
149122,170894,188918,21772,18024,1,18000,2.20794496227
149122,173518,191524,24396,18006,1,18000,2.3548817061
149122,173524,191550,24402,18026,1,18000,2.35371130589
149122,173513,191552,24391,18039,1,18000,2.35212594933
149123,173545,183835,24422,10290,1,18000,3.37337220603
149123,173534,191566,24411,18032,1,18000,2.35375998225
149123,176581,194629,27458,18048,1,18000,2.52138741135
149123,173540,191550,24417,18010,1,18000,2.35574680733
149123,173529,191546,24406,18017,1,18000,2.35460953544
149124,176586,194594,27462,18008,1,18000,2.52498889382
149124,176591,194605,27467,18014,1,18000,2.52475852115
149124,176602,194617,27478,18015,1,18000,2.52528448515
149124,176608,194623,27484,18015,1,18000,2.52561754094
149124,176597,194645,27473,18048,1,18000,2.52221852837
149266,151608,158913,2342,7305,5,14400,1.32060232717
149267,152419,160093,3152,7674,5,14400,1.41073755538
149267,152563,160075,3296,7512,5,14400,1.43876464324
149268,153176,160938,3908,7762,5,14400,1.50347848493
149271,153769,160970,4498,7201,5,28800,1.6246354673
149281,167292,172146,18011,4854,1,28800,4.71054800165
149343,149539,149545,196,6,2,600,20.2
149579,149586,149696,7,110,2,1800,1.06363636364
149810,149816,149847,6,31,1,5400,1.1935483871
149844,149850,149916,6,66,1,5400,1.09090909091
149917,149923,155352,6,5429,1,5400,1.00110517591
150215,150222,150401,7,179,1,7200,1.03910614525
150357,150575,151030,218,455,2,1800,1.47912087912
150475,150481,150483,6,2,1,5400,1.0
150495,150502,150505,7,3,1,5400,1.0
151140,151146,151268,6,122,2,1800,1.04918032787
151330,151336,151444,6,108,2,1800,1.05555555556
151469,151477,151763,8,286,1,2400,1.02797202797
151485,167298,179767,15813,12469,1,16200,2.26818509905
152254,152261,152716,7,455,2,1800,1.01538461538
152810,152817,152943,7,126,2,1800,1.05555555556
153045,153052,153159,7,107,2,1800,1.06542056075
161075,161081,161987,6,906,5,36000,1.00662251656
161076,161089,162034,13,945,5,36000,1.01375661376
162994,163000,163117,6,117,5,36000,1.05128205128
162995,163006,163117,11,111,5,36000,1.0990990991
163038,163044,163436,6,392,5,28800,1.01530612245
163132,163138,163436,6,298,5,36000,1.02013422819
163132,163144,163436,12,292,5,36000,1.04109589041
163476,163483,172442,7,8959,5,28800,1.0007813372
163532,163538,163581,6,43,5,36000,1.13953488372
163600,163607,164162,7,555,5,36000,1.01261261261
164358,164364,164537,6,173,5,36000,1.03468208092
164444,190659,191875,26215,1216,24,21600,22.5583881579
164607,164614,164767,7,153,5,36000,1.04575163399
164789,164795,178976,6,14181,5,36000,1.00042310133
166696,166703,176997,7,10294,5,16200,1.00068000777
166697,166708,177456,11,10748,5,16200,1.00102344622
166708,166721,174602,13,7881,5,16200,1.00164953686
166708,166715,178042,7,11327,5,16200,1.00061799241
166719,166727,176603,8,9876,5,16200,1.00081004455
166720,166733,175503,13,8770,5,16200,1.00148232611
166730,172453,185210,5723,12757,5,16200,1.44861644587
166731,174613,181945,7882,7332,5,16200,2.07501363884
169622,170851,171082,1229,231,1,16200,6.32034632035
169819,169826,169938,7,112,1,5400,1.0625
172079,172086,172249,7,163,1,3540,1.04294478528
172403,172409,173474,6,1065,1,3540,1.00563380282
172450,175514,186140,3064,10626,5,16200,1.28834933183
172472,172478,172613,6,135,1,3540,1.04444444444
172508,172514,172689,6,175,1,3540,1.03428571429
172543,172551,172880,8,329,1,3540,1.02431610942
172610,172616,172892,6,276,1,3540,1.02173913043
172645,172652,172996,7,344,1,3540,1.02034883721
172680,172687,173018,7,331,1,3540,1.02114803625
172716,172723,173064,7,341,1,3540,1.02052785924
172752,172759,173088,7,329,1,3540,1.02127659574
172786,172793,173143,7,350,1,3540,1.02
172868,173486,173748,618,262,1,3540,3.35877862595
172957,173491,173646,534,155,1,3540,4.44516129032
173058,173497,173566,439,69,1,3540,7.36231884058
173097,173502,173566,405,64,1,3540,7.328125
174610,176667,185751,2057,9084,5,16200,1.22644209599
175512,177010,189444,1498,12434,5,16200,1.12047611388
176669,177467,189684,798,12217,5,16200,1.06531881804
177008,178055,191407,1047,13352,5,16200,1.07841521869
177470,178987,191614,1517,12627,5,16200,1.12013938386
178054,185222,193341,7168,8119,5,16200,1.8828673482
178986,181956,189929,2970,7973,5,16200,1.37250721184
181462,181468,185075,6,3607,1,3600,1.00166343222
181955,186151,197566,4196,11415,5,16200,1.36758650898
184790,185452,469061,662,283609,1,360000,1.00233419955
185032,185039,185046,7,7,1,1800,1.4
185181,185187,185306,6,119,1,3600,1.05042016807
185185,185316,185395,131,79,1,1800,2.6582278481
185220,185762,198195,542,12433,5,16200,1.04359366203
185378,185405,185526,27,121,1,3600,1.22314049587
185438,185458,185765,20,307,1,3600,1.0651465798
185639,185646,185764,7,118,1,1800,1.0593220339
185668,185675,186086,7,411,1,3600,1.01703163017
185763,189456,198152,3693,8696,5,16200,1.42467801288
186023,186030,186984,7,954,1,3600,1.00733752621
186153,189696,197874,3543,8178,5,16200,1.4332355099
186340,186346,188059,6,1713,1,3600,1.00350262697
186476,186483,186853,7,370,1,1800,1.01891891892
186619,187174,446419,555,259245,1,259200,1.00214083203
186692,188102,188193,1410,91,1,259200,16.4945054945
187484,188069,188075,585,6,1,3600,59.1
187973,188085,188092,112,7,1,1800,11.9
188188,188206,188473,18,267,1,3600,1.06741573034
188303,188483,188531,180,48,1,1800,4.75
188596,188604,447833,8,259229,1,259200,1.00003086074
188608,188719,189273,111,554,1,3600,1.20036101083
188947,188953,189194,6,241,1,3600,1.02489626556
189150,189157,189242,7,85,1,1800,1.08235294118
189319,189326,189877,7,551,1,3600,1.01270417423
189458,189940,198061,482,8121,5,16200,1.05935229652
189566,189573,190746,7,1173,1,3600,1.00596760443
189693,191419,199119,1726,7700,5,16200,1.22415584416
189939,191625,200455,1686,8830,5,16200,1.19093997735
190108,190115,190379,7,264,1,1800,1.02651515152
190170,190176,190990,6,814,1,3600,1.00737100737
191422,193353,203537,1931,10184,5,16200,1.18961115475
191627,197885,209823,6258,11938,5,16200,1.52420841012
192779,192786,192868,7,82,1,1800,1.08536585366
193103,193109,193200,6,91,1,1800,1.06593406593
193355,197577,205613,4222,8036,5,16200,1.52538576406
193691,193697,194057,6,360,1,1800,1.01666666667
194820,194826,194838,6,12,4,18000,1.5
194821,194832,194842,11,10,4,18000,2.1
194821,194843,194852,22,9,4,18000,3.1
194821,194837,194850,16,13,4,18000,2.23076923077
195166,195172,195212,6,40,1,1800,1.15
195442,195447,195521,5,74,1,1800,1.06756756757
196222,196228,196483,6,255,1,1800,1.02352941176
197354,197360,209132,6,11772,5,50400,1.000509684
197574,198072,210056,498,11984,5,16200,1.04155540721
197890,198206,210780,316,12574,5,16200,1.02513122316
198075,198163,208914,88,10751,5,16200,1.00818528509
198111,198117,198118,6,1,1,900,1.0
198167,199130,208883,963,9753,5,16200,1.09873884958
198209,200466,208642,2257,8176,5,16200,1.2760518591
198442,198447,198455,5,8,4,18000,1.3
198442,198464,198472,22,8,4,18000,3.0
198442,198458,198467,16,9,4,18000,2.5
198442,198453,198464,11,11,4,18000,2.0
198575,198581,198582,6,1,1,900,1.0
198641,198647,198648,6,1,1,900,1.0
198782,198788,198789,6,1,1,900,1.0
199128,203549,213878,4421,10329,5,16200,1.42801820118
199322,199328,199329,6,1,1,900,1.0
199491,199497,199498,6,1,1,900,1.0
199702,199708,199709,6,1,1,900,1.0
199922,199928,199929,6,1,1,900,1.0
200135,200147,200584,12,437,4,18000,1.02745995423
200135,200141,200584,6,443,4,18000,1.01354401806
200136,200158,200584,22,426,4,18000,1.05164319249
200136,200152,200588,16,436,4,18000,1.03669724771
200169,200176,200177,7,1,1,900,1.0
200466,205624,213997,5158,8373,5,16200,1.61602770811
200625,200636,205994,11,5358,4,18000,1.00205300485
200625,200641,215086,16,14445,4,18000,1.00110764971
200625,200647,215095,22,14448,4,18000,1.0015227021
200625,200631,209719,6,9088,4,18000,1.00066021127
200691,200697,200706,6,9,1,900,1.5
200791,200797,200953,6,156,1,900,1.03846153846
202580,202586,202588,6,2,1,900,1.0
202755,202761,202763,6,2,1,900,1.0
202977,202984,202986,7,2,1,900,1.0
203081,203087,203089,6,2,1,900,1.0
203221,203227,203679,6,452,1,900,1.01327433628
203550,208653,216224,5103,7571,5,16200,1.67401928411
203641,203648,242536,7,38888,3,54000,1.00018000411
204000,204006,204051,6,45,10,108000,1.13333333333
204059,204065,209131,6,5066,10,108000,1.00118436636
204577,204583,209131,6,4548,10,108000,1.00131926121
205623,208895,222724,3272,13829,5,16200,1.23660423747
205834,205840,207056,6,1216,24,21600,1.00493421053
207440,207463,209041,23,1578,1,10800,1.01457541191
207440,207451,207814,11,363,1,10800,1.0303030303
207440,207446,207864,6,418,1,10800,1.01435406699
207440,207457,208261,17,804,1,10800,1.02114427861
207441,207474,210117,33,2643,1,10800,1.01248581158
207441,207480,209525,39,2045,1,10800,1.01907090465
207441,207469,208761,28,1292,1,10800,1.02167182663
207442,207485,207570,43,85,1,10800,1.50588235294
207442,207496,208471,54,975,1,10800,1.05538461538
207442,207491,208600,49,1109,1,10800,1.0441839495
207442,207502,208601,60,1099,1,10800,1.05459508644
207443,207518,209198,75,1680,1,10800,1.04464285714
207443,207507,208944,64,1437,1,10800,1.04453723034
207443,207524,209215,81,1691,1,10800,1.0479006505
207443,207513,209772,70,2259,1,10800,1.03098716246
207444,207529,209047,85,1518,1,10800,1.05599472991
207444,207546,208714,102,1168,1,10800,1.08732876712
207444,207535,208436,91,901,1,10800,1.10099889012
207444,207540,208634,96,1094,1,10800,1.08775137112
207445,207562,207705,117,143,1,10800,1.81818181818
207445,207567,211106,122,3539,1,10800,1.03447301498
207445,207557,207981,112,424,1,10800,1.2641509434
207445,207551,210468,106,2917,1,10800,1.03633870415
207446,207578,208322,132,744,1,10800,1.17741935484
207446,207573,208306,127,733,1,10800,1.17326057299
207446,207584,210304,138,2720,1,10800,1.05073529412
207447,207595,208787,148,1192,1,10800,1.12416107383
207447,207600,207782,153,182,1,10800,1.84065934066
207447,207606,207700,159,94,1,10800,2.6914893617
207447,207589,212908,142,5319,1,10800,1.02669674751
207448,207611,208252,163,641,1,10800,1.25429017161
207448,207622,207751,174,129,1,10800,2.3488372093
207448,207616,208115,168,499,1,10800,1.33667334669
207449,207633,209201,184,1568,1,10800,1.11734693878
207449,207627,209720,178,2093,1,10800,1.08504538939
207449,207638,210038,189,2400,1,10800,1.07875
207450,207643,209204,193,1561,1,10800,1.12363869315
207450,207660,208832,210,1172,1,10800,1.17918088737
207450,207654,209489,204,1835,1,10800,1.11117166213
207450,207649,211346,199,3697,1,10800,1.05382742764
207451,207676,208704,225,1028,1,10800,1.21887159533
207451,207671,212654,220,4983,1,10800,1.04415011038
207451,207665,208383,214,718,1,10800,1.29805013928
207452,207687,213029,235,5342,1,10800,1.0439910146
207452,207693,208961,241,1268,1,10800,1.19006309148
207452,207682,208221,230,539,1,10800,1.426716141
207453,207704,208658,251,954,1,10800,1.26310272537
207453,207709,208365,256,656,1,10800,1.39024390244
207453,207698,208583,245,885,1,10800,1.27683615819
207453,207715,208818,262,1103,1,10800,1.23753399819
207454,207720,209547,266,1827,1,10800,1.14559386973
207454,207736,208027,282,291,1,10800,1.96907216495
207454,207731,208160,277,429,1,10800,1.64568764569
207454,207725,208428,271,703,1,10800,1.38549075391
207455,207758,209578,303,1820,1,10800,1.16648351648
207455,207742,208679,287,937,1,10800,1.30629669157
207455,207747,208179,292,432,1,10800,1.67592592593
207455,207753,208630,298,877,1,10800,1.33979475485
207456,207774,211277,318,3503,1,10800,1.090779332
207456,207769,208781,313,1012,1,10800,1.30928853755
207456,207764,209077,308,1313,1,10800,1.23457730388
207456,207780,210110,324,2330,1,10800,1.13905579399
207457,207785,208113,328,328,1,10800,2.0
207457,207796,208815,339,1019,1,10800,1.33267909715
207457,207802,208908,345,1106,1,10800,1.31193490054
207457,207791,207932,334,141,1,10800,3.36879432624
207458,207820,209693,362,1873,1,10800,1.19327282435
207458,207809,209848,351,2039,1,10800,1.17214320745
207458,207814,208576,356,762,1,10800,1.46719160105
207459,207836,210983,377,3147,1,10800,1.11979663171
207459,207825,209192,366,1367,1,10800,1.26773957571
207459,207841,208278,382,437,1,10800,1.87414187643
207459,207831,209133,372,1302,1,10800,1.28571428571
207460,207852,209389,392,1537,1,10800,1.25504229018
207460,207847,215778,387,7931,1,10800,1.04879586433
207460,207863,209954,403,2091,1,10800,1.19273075084
207460,207858,209894,398,2036,1,10800,1.19548133595
207461,207880,209282,419,1402,1,10800,1.29885877318
207461,207874,211564,413,3690,1,10800,1.11192411924
207461,207869,209442,408,1573,1,10800,1.25937698665
207461,207885,210779,424,2894,1,10800,1.14651002073
207462,207901,209306,439,1405,1,10800,1.31245551601
207462,207907,211282,445,3375,1,10800,1.13185185185
207462,207890,209645,428,1755,1,10800,1.24387464387
207462,207896,210851,434,2955,1,10800,1.14686971235
207463,207925,209766,462,1841,1,10800,1.25095057034
207463,207912,212736,449,4824,1,10800,1.09307628524
207463,207918,210685,455,2767,1,10800,1.16443801952
207463,207930,209334,467,1404,1,10800,1.33262108262
207464,207993,209755,529,1762,1,10800,1.30022701476
207464,208038,211339,574,3301,1,10800,1.173886701
207464,207943,209095,479,1152,1,10800,1.41579861111
207465,208131,209097,666,966,1,10800,1.68944099379
207465,208124,211088,659,2964,1,10800,1.22233468286
207465,208172,212308,707,4136,1,10800,1.17093810445
207465,208190,208735,725,545,1,10800,2.33027522936
207466,208233,209349,767,1116,1,10800,1.68727598566
207466,208273,209490,807,1217,1,10800,1.66310599836
207466,208291,210059,825,1768,1,10800,1.46662895928
207466,208264,209525,798,1261,1,10800,1.63283108644
207467,208377,209893,910,1516,1,10800,1.60026385224
207467,208394,209376,927,982,1,10800,1.94399185336
207467,208335,210671,868,2336,1,10800,1.37157534247
207467,208317,209552,850,1235,1,10800,1.68825910931
207468,208447,214220,979,5773,1,10800,1.16958253941
207468,208666,210544,1198,1878,1,10800,1.63791267306
207468,208440,211110,972,2670,1,10800,1.36404494382
207468,208483,210869,1015,2386,1,10800,1.42539815591
207469,208793,209980,1324,1187,1,10800,2.11541701769
207469,208691,209379,1222,688,1,10800,2.7761627907
207469,208752,209863,1283,1111,1,10800,2.15481548155
207470,208828,210017,1358,1189,1,10800,2.14213624895
207470,208920,212931,1450,4011,1,10800,1.36150585889
207470,208835,210739,1365,1904,1,10800,1.71691176471
207470,209089,213878,1619,4789,1,10800,1.33806640217
207471,209105,210339,1634,1234,1,10800,2.32414910859
207471,209100,211030,1629,1930,1,10800,1.84404145078
207471,209095,210811,1624,1716,1,10800,1.94638694639
207472,209116,209957,1644,841,1,10800,2.9548156956
207472,209127,209895,1655,768,1,10800,3.15494791667
207472,209111,210199,1639,1088,1,10800,2.50643382353
207472,209121,211509,1649,2388,1,10800,1.6905360134
207473,209137,216193,1664,7056,1,10800,1.2358276644
207473,209132,212250,1659,3118,1,10800,1.53207184092
207473,209143,211439,1670,2296,1,10800,1.72735191638
207474,209153,213211,1679,4058,1,10800,1.41375061607
207474,209159,213433,1685,4274,1,10800,1.39424426766
207474,209148,211809,1674,2661,1,10800,1.62908680947
207475,209187,210697,1712,1510,1,10800,2.13377483444
207475,209169,210051,1694,882,1,10800,2.92063492063
207475,209164,213079,1689,3915,1,10800,1.43141762452
207476,209209,214347,1733,5138,1,10800,1.33729077462
207476,209204,210197,1728,993,1,10800,2.74018126888
207476,209198,214759,1722,5561,1,10800,1.30965653659
207476,209192,211349,1716,2157,1,10800,1.79554937413
207477,209215,212031,1738,2816,1,10800,1.6171875
207477,209220,211043,1743,1823,1,10800,1.95611629183
207477,209225,210826,1748,1601,1,10800,2.09181761399
207477,209231,211691,1754,2460,1,10800,1.71300813008
207478,209236,211148,1758,1912,1,10800,1.91945606695
207478,209242,211056,1764,1814,1,10800,1.97243660419
207478,209247,215047,1769,5800,1,10800,1.305
207478,209252,210941,1774,1689,1,10800,2.05032563647
207479,209269,210745,1790,1476,1,10800,2.21273712737
207479,209258,210956,1779,1698,1,10800,2.04770318021
207479,209263,215137,1784,5874,1,10800,1.30371127
207480,209285,210775,1805,1490,1,10800,2.21140939597
207480,209274,210956,1794,1682,1,10800,2.06658739596
207480,209279,210958,1799,1679,1,10800,2.07147111376
207481,209308,211615,1827,2307,1,10800,1.79193758127
207481,209290,212956,1809,3666,1,10800,1.49345335516
207481,209296,211491,1815,2195,1,10800,1.82687927107
207482,209320,210871,1838,1551,1,10800,2.18504190845
207482,209314,215237,1832,5923,1,10800,1.30930271822
207482,209388,211099,1906,1711,1,10800,2.11396843951
207482,209361,210722,1879,1361,1,10800,2.38060249816
207483,209402,210817,1919,1415,1,10800,2.35618374558
207483,209455,211699,1972,2244,1,10800,1.87878787879
207483,209394,209897,1911,503,1,10800,4.79920477137
207484,210970,212336,3486,1366,1,10800,3.55197657394
207484,209657,210106,2173,449,1,10800,5.83964365256
207484,209501,212403,2017,2902,1,10800,1.69503790489
207485,212415,213224,4930,809,1,10800,7.09394313968
207485,211077,211597,3592,520,1,10800,7.90769230769
207485,212348,213538,4863,1190,1,10800,5.08655462185
207485,211521,213090,4036,1569,1,10800,3.57233906947
207486,212968,214407,5482,1439,1,10800,4.80958999305
207486,212748,216145,5262,3397,1,10800,2.54901383574
207486,213102,213904,5616,802,1,10800,8.00249376559
207487,214321,215050,6834,729,1,10800,10.3744855967
207487,213567,214515,6080,948,1,10800,7.4135021097
207487,213236,213629,5749,393,1,10800,15.6284987277
207487,214458,216267,6971,1809,1,10800,4.85351022664
207488,215387,221637,7899,6250,1,10800,2.26384
207488,215523,215943,8035,420,1,10800,20.130952381
207488,214489,215286,7001,797,1,10800,9.78419071518
207488,214528,215511,7040,983,1,10800,8.16174974568
207489,216157,216393,8668,236,1,10800,37.7288135593
207489,216192,216913,8703,721,1,10800,13.0707350902
207489,216279,216938,8790,659,1,10800,14.3383915023
207489,216205,217210,8716,1005,1,10800,9.67263681592
207490,216925,217341,9435,416,1,10800,23.6802884615
207490,216405,220950,8915,4545,1,10800,2.96149614961
207490,217222,218112,9732,890,1,10800,11.9348314607
207490,216968,218347,9478,1379,1,10800,7.8730964467
207491,219564,222168,12073,2604,1,10800,5.63632872504
207491,217544,223212,10053,5668,1,10800,2.77364149612
207491,217353,218819,9862,1466,1,10800,7.72714870396
207492,218831,219552,11339,721,1,10800,16.7267683773
207492,218547,218876,11055,329,1,10800,34.6018237082
207492,218124,218535,10632,411,1,10800,26.8686131387
207492,221129,221853,13637,724,1,10800,19.8356353591
207493,219468,220367,11975,899,1,10800,14.3203559511
207493,221248,221819,13755,571,1,10800,25.0893169877
207493,221649,224711,14156,3062,1,10800,5.62312214239
207493,218888,219455,11395,567,1,10800,21.0970017637
207494,221799,222556,14305,757,1,10800,19.8969616909
207494,221805,224004,14311,2199,1,10800,7.5079581628
207494,226762,227918,19268,1156,1,10800,17.6678200692
207494,222180,226476,14686,4296,1,10800,4.41852886406
207495,226772,227508,19277,736,1,10800,27.191576087
207495,226767,227588,19272,821,1,10800,24.4738124239
207495,226778,230002,19283,3224,1,10800,6.98107940447
207496,227226,228386,19730,1160,1,10800,18.0086206897
207496,235061,238141,27565,3080,1,10800,9.94967532468
207496,227221,233768,19725,6547,1,10800,4.01283030396
207496,235056,235161,27560,105,1,10800,263.476190476
207497,227232,227983,19735,751,1,10800,27.2782956059
207497,235026,235822,27529,796,1,10800,35.5841708543
207498,235740,240579,28242,4839,1,10800,6.83632982021
207498,235734,236716,28236,982,1,10800,29.7535641548
207498,235729,238541,28231,2812,1,10800,11.0394736842
207498,235066,238773,27568,3707,1,10800,8.43674130024
207499,235745,241897,28246,6152,1,10800,5.59135240572
207499,235834,236192,28335,358,1,10800,80.1480446927
207500,235873,237035,28373,1162,1,10800,25.417383821
207500,236204,237543,28704,1339,1,10800,22.4368932039
207500,237514,238414,30014,900,1,10800,34.3488888889
207501,237536,238724,30035,1188,1,10800,26.281986532
207501,237520,238949,30019,1429,1,10800,22.0069979006
207501,237530,239450,30029,1920,1,10800,16.6401041667
207501,237525,238949,30024,1424,1,10800,22.0842696629
207502,237555,239697,30053,2142,1,10800,15.0303454715
207502,238737,240157,31235,1420,1,10800,22.9964788732
207502,238553,238810,31051,257,1,10800,121.821011673
207503,239462,240181,31959,719,1,10800,45.4492350487
207503,238822,240095,31319,1273,1,10800,25.6025137471
207503,238785,242180,31282,3395,1,10800,10.2141384389
207504,243603,244468,36099,865,1,10800,42.7329479769
207504,251816,252129,44312,313,1,10800,142.571884984
207504,243285,243569,35781,284,1,10800,126.98943662
207504,251811,252038,44307,227,1,10800,196.185022026
207505,244450,246195,36945,1745,1,10800,22.1719197708
207505,244533,244727,37028,194,1,10800,191.865979381
207505,243655,244438,36150,783,1,10800,47.1685823755
207506,244466,244872,36960,406,1,10800,92.0344827586
207506,244455,245560,36949,1105,1,10800,34.4380090498
207506,244461,244574,36955,113,1,10800,328.03539823
207506,244472,247266,36966,2794,1,10800,14.2304939155
207507,244483,246289,36976,1806,1,10800,21.4739756368
207507,244488,246167,36981,1679,1,10800,23.0256104824
207507,244477,247695,36970,3218,1,10800,12.4885021753
207508,244493,246174,36985,1681,1,10800,23.001784652
207508,244499,246054,36991,1555,1,10800,24.7884244373
207508,244504,245664,36996,1160,1,10800,32.8931034483
207509,244739,245715,37230,976,1,10800,39.1454918033
207509,244515,246622,37006,2107,1,10800,18.5633602278
207509,244509,245135,37000,626,1,10800,60.1054313099
207509,244520,244837,37011,317,1,10800,117.753943218
207510,246635,247477,39125,842,1,10800,47.4667458432
207510,264623,265638,57113,1015,1,10800,57.2689655172
207510,246302,248577,38792,2275,1,10800,18.0514285714
207510,251806,252153,44296,347,1,10800,128.654178674
207511,251827,252689,44316,862,1,10800,52.4106728538
207511,251875,252583,44364,708,1,10800,63.6610169492
207511,251864,253174,44353,1310,1,10800,34.8572519084
207511,251822,252112,44311,290,1,10800,153.796551724
207512,251843,252551,44331,708,1,10800,63.6144067797
207512,251854,252528,44342,674,1,10800,66.7893175074
207512,251848,252525,44336,677,1,10800,66.4889217134
207512,251859,252327,44347,468,1,10800,95.7585470085
207513,251870,254072,44357,2202,1,10800,21.1439600363
207513,251880,252530,44367,650,1,10800,69.2569230769
207514,251891,258390,44377,6499,1,10800,7.82828127404
207514,266792,268204,59278,1412,1,10800,42.9815864023
207514,251886,252213,44372,327,1,10800,136.694189602
207515,269163,270755,61648,1592,1,10800,39.7236180905
207515,269195,271012,61680,1817,1,10800,34.9460649422
207515,265651,269279,58136,3628,1,10800,17.0242557883
207515,269179,270449,61664,1270,1,10800,49.5543307087
207516,269190,270969,61674,1779,1,10800,35.6677908938
207516,269201,271287,61685,2086,1,10800,30.570949185
207516,269185,270564,61669,1379,1,10800,45.7200870196
207517,269206,270032,61689,826,1,10800,75.6840193705
207517,269291,270115,61774,824,1,10800,75.9684466019
207517,269211,270440,61694,1229,1,10800,51.1985353946
207518,270138,278493,62620,8355,1,10800,8.49491322561
207518,270127,271681,62609,1554,1,10800,41.2889317889
207518,270143,271720,62625,1577,1,10800,40.7114774889
207518,270133,274214,62615,4081,1,10800,16.3430531732
207519,272491,279197,64972,6706,1,10800,10.6886370415
207519,270149,271976,62630,1827,1,10800,35.280240832
207519,270154,277186,62635,7032,1,10800,9.90713879408
207520,272497,273990,64977,1493,1,10800,44.5210984595
207520,270165,270695,62645,530,1,10800,119.198113208
207520,270160,271717,62640,1557,1,10800,41.2312138728
207521,272502,275207,64981,2705,1,10800,25.0225508318
207521,272507,273492,64986,985,1,10800,66.9756345178
207521,272513,273172,64992,659,1,10800,99.62215478
207521,272518,273369,64997,851,1,10800,77.3772032902
207522,272529,273525,65007,996,1,10800,66.2680722892
207522,272523,273379,65001,856,1,10800,76.9357476636
207522,272534,273431,65012,897,1,10800,73.4771460424
207523,272550,273242,65027,692,1,10800,94.9696531792
207523,272539,273682,65016,1143,1,10800,57.8818897638
207523,272545,273049,65022,504,1,10800,130.011904762
207524,273301,274424,65777,1123,1,10800,59.5725734639
207524,273255,274110,65731,855,1,10800,77.8783625731
207524,273061,273646,65537,585,1,10800,113.029059829
207525,274437,275983,66912,1546,1,10800,44.2807244502
207525,274122,275171,66597,1049,1,10800,64.4861773117
207525,274620,276016,67095,1396,1,10800,49.0623209169
207525,274529,275844,67004,1315,1,10800,51.9536121673
207526,274826,278318,67300,3492,1,10800,20.2726231386
207526,275183,277591,67657,2408,1,10800,29.0967607973
207526,274831,275945,67305,1114,1,10800,61.4174147217
207526,281832,282076,74306,244,1,10800,305.532786885
207527,274853,275230,67326,377,1,10800,179.583554377
207527,274847,276103,67320,1256,1,10800,54.5987261146
207527,274837,276476,67310,1639,1,10800,42.0677242221
207527,274842,280820,67315,5978,1,10800,12.2604550017
207528,275994,277284,68466,1290,1,10800,54.0744186047
207528,274858,276523,67330,1665,1,10800,41.4384384384
207528,275219,275791,67691,572,1,10800,119.340909091
207528,275570,280394,68042,4824,1,10800,15.1048922056
207529,276028,276976,68499,948,1,10800,73.2563291139
207529,276100,276898,68571,798,1,10800,86.9285714286
207529,276095,277248,68566,1153,1,10800,60.4674761492
207530,276568,277445,69038,877,1,10800,79.7206385405
207530,276535,277811,69005,1276,1,10800,55.079153605
207531,276575,277785,69044,1210,1,10800,58.0611570248
207531,276597,278922,69066,2325,1,10800,30.7058064516
207531,276988,279346,69457,2358,1,10800,30.4558948261
207531,276914,283353,69383,6439,1,10800,11.7754309675
207532,277456,279431,69924,1975,1,10800,36.404556962
207532,277377,278004,69845,627,1,10800,112.39553429
207532,277261,278356,69729,1095,1,10800,64.6794520548
207533,277294,278024,69761,730,1,10800,96.5630136986
207533,277797,278757,70264,960,1,10800,74.1916666667
207533,277603,279210,70070,1607,1,10800,44.6029869322
207533,277823,278635,70290,812,1,10800,87.5640394089
207534,278049,279110,70515,1061,1,10800,67.4608859566
207534,278016,280104,70482,2088,1,10800,34.7557471264
207534,278393,280192,70859,1799,1,10800,40.3879933296
207535,278499,279560,70964,1061,1,10800,67.8840716305
207535,278646,280180,71111,1534,1,10800,47.3565840939
207535,278507,280317,70972,1810,1,10800,40.2110497238
207536,278768,280242,71232,1474,1,10800,49.3256445047
207536,278938,280598,71402,1660,1,10800,44.013253012
207536,279123,280536,71587,1413,1,10800,51.6631280962
207536,279221,280798,71685,1577,1,10800,46.4565630945
207537,279237,282800,71700,3563,1,10800,21.1234914398
207537,279442,280662,71905,1220,1,10800,59.9385245902
207537,279574,281183,72037,1609,1,10800,45.7712865134
207537,279358,280669,71821,1311,1,10800,55.7833714722
207538,280193,281000,72655,807,1,10800,91.0309789343
207538,280115,281092,72577,977,1,10800,75.2855680655
207538,280203,284363,72665,4160,1,10800,18.4675480769
207539,280610,280801,73071,191,1,10800,383.570680628
207539,280332,281093,72793,761,1,10800,96.6544021025
207539,280259,282324,72720,2065,1,10800,36.215496368
207539,280548,281339,73009,791,1,10800,93.2996207332
207539,280405,282505,72866,2100,1,10800,35.6980952381
207540,280680,282582,73140,1902,1,10800,39.4542586751
207540,280686,281028,73146,342,1,10800,214.877192982
207540,280809,282523,73269,1714,1,10800,43.7473745624
207540,280817,281817,73277,1000,1,10800,74.277
207541,281012,281971,73471,959,1,10800,77.6120959333
207541,280835,282292,73294,1457,1,10800,51.3047357584
207541,281039,283532,73498,2493,1,10800,30.4817488969
207542,281350,282205,73808,855,1,10800,87.3251461988
207542,281111,281633,73569,522,1,10800,141.936781609
207542,281104,285351,73562,4247,1,10800,18.3209324229
207542,281196,282086,73654,890,1,10800,83.7573033708
207543,282090,285339,74547,3249,1,10800,23.944598338
207543,281983,282986,74440,1003,1,10800,75.2173479561
207543,281645,282519,74102,874,1,10800,85.7848970252
207543,282812,283955,75269,1143,1,10800,66.8521434821
207544,282101,283631,74557,1530,1,10800,49.7300653595
207544,282216,285004,74672,2788,1,10800,27.7833572453
207544,282303,282992,74759,689,1,10800,109.503628447
207545,282516,283368,74971,852,1,10800,88.9941314554
207545,282542,289211,74997,6669,1,10800,12.2456140351
207545,282338,283009,74793,671,1,10800,112.464977645
207545,282547,285829,75002,3282,1,10800,23.8525289458
207546,283004,284311,75458,1307,1,10800,58.7337413925
207546,282998,283885,75452,887,1,10800,86.0642615558
207546,282594,286346,75048,3752,1,10800,21.0021321962
207547,283379,284926,75832,1547,1,10800,50.0187459599
207547,283024,283146,75477,122,1,10800,619.663934426
207547,283364,284630,75817,1266,1,10800,60.8870458136
207547,283158,283854,75611,696,1,10800,109.636494253
207548,283544,284260,75996,716,1,10800,107.139664804
207548,283660,284296,76112,636,1,10800,120.672955975
207548,283896,288804,76348,4908,1,10800,16.5558272209
207548,283865,284492,76317,627,1,10800,122.717703349
207549,283968,284178,76419,210,1,10800,364.9
207549,284193,284389,76644,196,1,10800,392.040816327
207549,284253,284439,76704,186,1,10800,413.387096774
207549,284273,284459,76724,186,1,10800,413.494623656
207550,284380,285553,76830,1173,1,10800,66.4987212276
207550,284308,284561,76758,253,1,10800,304.391304348
207550,284322,288456,76772,4134,1,10800,19.5708756652
207550,284337,287389,76787,3052,1,10800,26.1595674967
207551,284491,289357,76940,4866,1,10800,16.8117550349
207551,284471,286664,76920,2193,1,10800,36.0752393981
207551,284401,284690,76850,289,1,10800,266.916955017
207552,284485,284823,76933,338,1,10800,228.612426036
207552,284504,286595,76952,2091,1,10800,37.8015303682
207552,290094,290575,82542,481,1,10800,172.604989605
207552,284572,285278,77020,706,1,10800,110.093484419
207553,284702,285414,77149,712,1,10800,109.355337079
207553,284938,285867,77385,929,1,10800,84.2992465016
207553,284641,285957,77088,1316,1,10800,59.5775075988
207553,284835,286750,77282,1915,1,10800,41.3561357702
207554,285016,285437,77462,421,1,10800,184.995249406
207554,285362,286263,77808,901,1,10800,87.3573806881
207554,285289,287068,77735,1779,1,10800,44.6958965711
207554,285350,286677,77796,1327,1,10800,59.6254709872
207555,285425,285697,77870,272,1,10800,287.286764706
207555,285565,289618,78010,4053,1,10800,20.2474710091
207555,285708,293323,78153,7615,1,10800,11.2630334865
207555,285449,287144,77894,1695,1,10800,46.9551622419
207556,285842,286469,78286,627,1,10800,125.858054226
207556,291167,292472,83611,1305,1,10800,65.0697318008
207556,285880,286999,78324,1119,1,10800,70.9946380697
207556,285968,291011,78412,5043,1,10800,16.5486813405
207557,289368,290616,81811,1248,1,10800,66.5536858974
207557,289631,290091,82074,460,1,10800,179.42173913
207557,292622,293343,85065,721,1,10800,118.981969487
207558,290103,291446,82545,1343,1,10800,62.4631422189
207558,290619,292468,83061,1849,1,10800,45.9221200649
207558,290627,290966,83069,339,1,10800,246.041297935
207558,290302,290711,82744,409,1,10800,203.30806846
207559,290979,291932,83420,953,1,10800,88.5341028332
207559,290722,291154,83163,432,1,10800,193.506944444
207559,291134,291988,83575,854,1,10800,98.8629976581
207559,290831,291122,83272,291,1,10800,287.158075601
207560,291999,293319,84439,1320,1,10800,64.9689393939
207560,292480,293065,84920,585,1,10800,146.162393162
207560,291943,292710,84383,767,1,10800,111.016949153
207560,291458,295366,83898,3908,1,10800,22.4682702149
207561,292487,292610,84926,123,1,10800,691.455284553
207561,292531,293819,84970,1288,1,10800,66.9704968944
207561,292722,293009,85161,287,1,10800,297.728222997
207562,293326,295209,85764,1883,1,10800,46.5464684015
207562,293078,293315,85516,237,1,10800,361.827004219
207562,293021,294083,85459,1062,1,10800,81.4698681733
207563,293334,294739,85771,1405,1,10800,62.046975089
207563,293830,294596,86267,766,1,10800,113.620104439
207563,293355,296174,85792,2819,1,10800,31.4334870521
207563,294095,294202,86532,107,1,10800,809.710280374
207564,294214,294551,86650,337,1,10800,258.121661721
207564,294752,295626,87188,874,1,10800,100.757437071
207564,294627,295702,87063,1075,1,10800,81.9888372093
207565,295221,296012,87656,791,1,10800,111.816687737
207565,295321,295721,87756,400,1,10800,220.39
207565,294929,295308,87364,379,1,10800,231.511873351
207565,294638,294916,87073,278,1,10800,314.212230216
207566,295638,296466,88072,828,1,10800,107.367149758
207566,295714,296766,88148,1052,1,10800,84.7908745247
207566,295672,297543,88106,1871,1,10800,48.0903260289
207566,295379,297635,87813,2256,1,10800,39.9242021277
207567,296186,297691,88619,1505,1,10800,59.8830564784
207567,295733,296517,88166,784,1,10800,113.456632653
207567,296478,298273,88911,1795,1,10800,50.5325905292
207567,296025,298268,88458,2243,1,10800,40.4373606777
207568,296529,296892,88961,363,1,10800,246.071625344
207568,301875,303452,94307,1577,1,10800,60.801521877
207568,302304,306470,94736,4166,1,10800,23.7402784446
207569,297555,298052,89986,497,1,10800,182.058350101
207569,296778,298746,89209,1968,1,10800,46.3297764228
207569,300627,302494,93058,1867,1,10800,50.8435993573
207569,296904,299130,89335,2226,1,10800,41.132524708
207570,302127,302587,94557,460,1,10800,206.558695652
207570,302277,302440,94707,163,1,10800,582.024539877
207570,301800,302974,94230,1174,1,10800,81.2640545145
207570,301747,302038,94177,291,1,10800,324.632302405
207571,302452,302701,94881,249,1,10800,382.048192771
207571,302353,303479,94782,1126,1,10800,85.1758436945
207571,302290,302492,94719,202,1,10800,469.905940594
207571,302319,303290,94748,971,1,10800,98.5777548919
207572,302599,303388,95027,789,1,10800,121.439797212
207572,302330,302666,94758,336,1,10800,283.017857143
207572,302504,303067,94932,563,1,10800,169.618117229
207573,302511,302923,94938,412,1,10800,231.432038835
207573,305954,306407,98381,453,1,10800,218.176600442
207573,305949,306476,98376,527,1,10800,187.671726755
207574,305960,306409,98386,449,1,10800,220.122494432
207574,305970,306614,98396,644,1,10800,153.788819876
207574,305965,307642,98391,1677,1,10800,59.6708407871
207575,305992,306379,98417,387,1,10800,255.30749354
207575,305976,307540,98401,1564,1,10800,63.9162404092
207575,305986,306347,98411,361,1,10800,273.606648199
207575,305981,306988,98406,1007,1,10800,98.7219463754
207576,306003,307313,98427,1310,1,10800,76.1351145038
207576,306008,306796,98432,788,1,10800,125.913705584
207576,305997,306536,98421,539,1,10800,183.599257885
207577,306024,307753,98447,1729,1,10800,57.9386928861
207577,306019,306728,98442,709,1,10800,139.846262341
207577,306030,306219,98453,189,1,10800,521.915343915
207577,306014,306451,98437,437,1,10800,226.256292906
207578,306046,306490,98468,444,1,10800,222.774774775
207578,306035,307600,98457,1565,1,10800,63.9118210863
207578,306041,306456,98463,415,1,10800,238.260240964
207579,306073,307316,98494,1243,1,10800,80.2389380531
207579,306057,306249,98478,192,1,10800,513.90625
207579,306051,306174,98472,123,1,10800,801.585365854
207580,306062,308141,98482,2079,1,10800,48.3698893699
207580,306068,308475,98488,2407,1,10800,41.9173244703
208542,208642,208648,100,6,5,21600,10.6
208543,208660,208667,117,7,5,21600,12.4
208544,208678,208684,134,6,5,21600,14.0
208545,208698,208702,153,4,5,21600,15.7
208546,208713,208718,167,5,5,21600,17.2
208547,208729,208735,182,6,5,21600,18.8
208548,208747,208752,199,5,5,21600,20.4
208549,208765,208770,216,5,5,21600,22.1
208550,208782,208787,232,5,5,21600,23.7
208551,208819,208824,268,5,5,21600,27.3
208551,208799,208806,248,7,5,21600,25.5
208552,208842,208847,290,5,5,21600,29.5
208553,208927,208931,374,4,5,21600,37.8
208554,208943,208947,389,4,5,21600,39.3
208555,208959,208965,404,6,5,21600,41.0
208556,208977,208982,421,5,5,21600,42.6
208920,209181,243129,261,33948,16,36000,1.00768822906
208972,208994,220938,22,11944,5,16200,1.001841929
208994,209834,218056,840,8222,5,16200,1.10216492338
209119,209176,209185,57,9,20,129599,6.6
209233,209303,226301,70,16998,5,50400,1.00411813154
209297,210793,220105,1496,9312,5,28800,1.16065292096
209505,209731,224955,226,15224,10,129600,1.01484498161
209508,209907,225146,399,15239,10,129600,1.0261828204
209512,210068,224675,556,14607,10,129600,1.03806394195
209626,213889,227231,4263,13342,5,21600,1.31951731375
209627,211060,224480,1433,13420,5,21600,1.10678092399
209628,211066,225166,1438,14100,5,21600,1.1019858156
209629,211071,224788,1442,13717,5,21600,1.10512502734
209630,211610,231217,1980,19607,5,21600,1.10098434233
209631,211616,225534,1985,13918,5,21600,1.14262106625
209632,211621,225369,1989,13748,5,21600,1.14467558918
209633,213551,227137,3918,13586,5,21600,1.28838510231
209634,213557,227268,3923,13711,5,21600,1.28612063307
209634,213562,226744,3928,13182,5,21600,1.2979820968
209635,214009,227551,4374,13542,5,21600,1.32299512627
209636,216236,229429,6600,13193,5,21600,1.5002652922
209637,218068,232044,8431,13976,5,21600,1.60324842587
209638,220117,233054,10479,12937,5,21600,1.81000231893
209639,218667,233084,9028,14417,5,21600,1.62620517445
209640,218673,232101,9033,13428,5,21600,1.67269883825
209641,218678,232720,9037,14042,5,21600,1.64356929212
209782,210710,214171,928,3461,16,144000,1.26813059809
209786,215250,218638,5464,3388,16,144000,2.61275088548
210065,211042,211048,977,6,16,300,98.3
210321,210332,210347,11,15,1,900,1.73333333333
210321,210327,210347,6,20,1,900,1.3
210321,210338,210347,17,9,1,900,2.6
210321,210344,210361,23,17,1,900,2.35294117647
210380,210392,210394,12,2,1,900,1.4
210380,210386,210388,6,2,1,900,1.0
210381,210397,210410,16,13,1,900,2.23076923077
210381,210404,210406,23,2,1,900,2.5
210464,210481,210483,17,2,1,900,1.9
210464,210475,210477,11,2,1,900,1.3
210464,210470,210472,6,2,1,900,1.0
210465,210488,210489,23,1,1,900,2.4
210505,210522,210524,17,2,1,900,1.9
210505,210511,210513,6,2,1,900,1.0
210505,210517,210519,12,2,1,900,1.4
210506,210529,210531,23,2,1,900,2.5
210553,210570,210572,17,2,1,900,1.9
210553,210559,210561,6,2,1,900,1.0
210553,210565,210566,12,1,1,900,1.3
210553,210577,210578,24,1,1,900,2.5
210646,210665,210666,19,1,1,900,2.0
210646,210659,210661,13,2,1,900,1.5
210646,210654,210656,8,2,1,900,1.0
210647,210670,210672,23,2,1,900,2.5
210728,210751,210766,23,15,1,900,2.53333333333
210728,210734,210748,6,14,1,900,1.42857142857
210729,210765,210766,36,1,1,900,3.7
210729,210758,210766,29,8,1,900,3.7
210823,238961,310982,28138,72021,16,72000,1.39069160384
210834,210846,210847,12,1,1,900,1.3
210834,210851,210866,17,15,1,900,2.13333333333
210834,210858,210860,24,2,1,900,2.6
210834,210840,210859,6,19,1,900,1.31578947368
210974,210991,211002,17,11,1,900,2.54545454545
210974,210999,211001,25,2,1,900,2.7
210974,210980,210982,6,2,1,900,1.0
210974,210986,211002,12,16,1,900,1.75
211085,211092,211105,7,13,1,900,1.53846153846
211086,211111,211116,25,5,1,900,3.0
211086,211105,211116,19,11,1,900,2.72727272727
211086,211098,211105,12,7,1,900,1.9
211104,218650,218655,7546,5,16,300,755.1
211686,211705,211717,19,12,1,900,2.58333333333
211686,211692,211704,6,12,1,900,1.5
211686,211698,211700,12,2,1,900,1.4
211687,211712,211717,25,5,1,900,3.0
211998,212015,212027,17,12,1,900,2.41666666667
211998,212009,212011,11,2,1,900,1.3
211998,212004,212006,6,2,1,900,1.0
211999,212022,212023,23,1,1,900,2.4
212055,212066,212068,11,2,1,900,1.3
212055,212061,212073,6,12,1,900,1.5
212056,212072,212073,16,1,1,900,1.7
212056,212078,212081,22,3,1,900,2.5
212233,212239,212241,6,2,1,900,1.0
212234,212245,212247,11,2,1,900,1.3
212234,212250,212252,16,2,1,900,1.8
212234,212256,212258,22,2,1,900,2.4
212454,214316,216805,1862,2489,2,28800,1.74809160305
212747,212765,212777,18,12,1,900,2.5
212747,212760,212761,13,1,1,900,1.4
212747,212754,212755,7,1,1,900,1.0
212748,212770,212772,22,2,1,900,2.4
212834,212840,212842,6,2,1,900,1.0
212834,212846,212847,12,1,1,900,1.3
212834,212851,212857,17,6,1,900,2.3
212835,212858,212860,23,2,1,900,2.5
213312,213319,213320,7,1,1,300,1.0
213705,213724,213726,19,2,1,900,2.1
213705,213711,213713,6,2,1,900,1.0
213830,213837,213839,7,2,1,300,1.0
214071,214182,234424,111,20242,20,129599,1.00548364786
214108,214114,214115,6,1,1,900,1.0
214411,214428,214437,17,9,1,900,2.6
214411,214423,214437,12,14,1,900,1.85714285714
214412,214434,214436,22,2,1,900,2.4
214412,214439,214445,27,6,1,900,3.3
214509,214516,214519,7,3,1,300,1.0
214509,214521,214526,12,5,1,300,1.7
214708,214751,214753,43,2,1,300,4.5
214708,214714,214716,6,2,1,300,1.0
214708,214732,214733,24,1,1,300,2.5
214708,214757,214759,49,2,1,300,5.1
214708,214744,214746,36,2,1,300,3.8
214708,214720,214721,12,1,1,300,1.3
214708,214725,214727,17,2,1,300,1.9
214708,214739,214741,31,2,1,300,3.3
214709,214770,214771,61,1,1,300,6.2
214709,214777,214779,68,2,1,300,7.0
214709,214782,214784,73,2,1,300,7.5
214709,214787,214789,78,2,1,300,8.0
214709,214763,214764,54,1,1,300,5.5
214709,214818,214819,109,1,1,300,11.0
214710,214854,214855,144,1,1,300,14.5
214710,214847,214849,137,2,1,300,13.9
214710,214842,214843,132,1,1,300,13.3
214710,214835,214837,125,2,1,300,12.7
214710,214830,214831,120,1,1,300,12.1
214710,214824,214826,114,2,1,300,11.6
214787,214794,214807,7,13,1,900,1.53846153846
214787,214806,214808,19,2,1,900,2.1
214787,214799,214801,12,2,1,900,1.4
214788,214811,214813,23,2,1,900,2.5
214873,214897,214898,24,1,1,900,2.5
214873,214879,214880,6,1,1,900,1.0
214873,214890,214891,17,1,1,900,1.8
214873,214884,214886,11,2,1,900,1.3
214941,214947,214949,6,2,1,900,1.0
214941,214963,214965,22,2,1,900,2.4
214941,214958,214960,17,2,1,900,1.9
214941,214953,214954,12,1,1,900,1.3
214962,215367,215377,405,10,1,28800,41.5
215100,215107,215108,7,1,1,900,1.0
215101,215118,215129,17,11,1,900,2.54545454545
215101,215125,215126,24,1,1,900,2.5
215101,215112,215114,11,2,1,900,1.3
215254,215353,215355,99,2,1,900,10.1
215254,215340,215341,86,1,1,900,8.7
215254,215326,215328,72,2,1,900,7.4
215254,215298,215315,44,17,1,900,3.58823529412
215548,215790,215938,242,148,1,900,2.63513513514
215548,215951,216060,403,109,1,900,4.69724770642
215548,215958,216063,410,105,1,900,4.90476190476
215549,216072,216179,523,107,1,900,5.88785046729
215560,216080,217534,520,1454,1,28800,1.35763411279
216127,216818,221396,691,4578,2,7200,1.15093927479
216832,216950,216957,118,7,1,28800,12.5
217684,225132,230544,7448,5412,16,144000,2.37620103474
218157,218359,222404,202,4045,1,28800,1.0499381953
218158,218683,224123,525,5440,1,28800,1.09650735294
218453,225642,247246,7189,21604,3,21600,1.3327624514
219367,221408,222369,2041,961,2,7200,3.12382934443
219406,221794,223309,2388,1515,2,7200,2.57623762376
219412,230558,235639,11146,5081,16,144000,3.19366266483
219905,227020,303537,7115,76517,24,86400,1.09298587242
220055,220684,220792,629,108,1,900,6.82407407407
220055,220562,220672,507,110,1,900,5.60909090909
220055,220380,220550,325,170,1,900,2.91176470588
220056,220804,220911,748,107,1,900,7.99065420561
220563,220950,220954,387,4,5,172800,39.1
220830,220962,221109,132,147,1,900,1.89795918367
220830,220924,221031,94,107,1,900,1.8785046729
220831,221044,221112,213,68,1,900,4.13235294118
220831,221122,221236,291,114,1,900,3.55263157895
221331,221831,248562,500,26731,1,36000,1.01870487449
221332,224175,259690,2843,35515,1,36000,1.08005068281
221332,222386,252227,1054,29841,1,36000,1.03532053215
221332,223224,258420,1892,35196,1,36000,1.05375610865
221332,222414,249493,1082,27079,1,36000,1.03995716238
221332,222381,251959,1049,29578,1,36000,1.03546554872
221333,225748,258635,4415,32887,1,36000,1.13424757503
221333,225647,261058,4314,35411,1,36000,1.12182655107
221333,226441,262127,5108,35686,1,36000,1.14313736479
221333,225742,258330,4409,32588,1,36000,1.13529520069
221333,226446,256231,5113,29785,1,36000,1.17166358905
221334,245728,275717,24394,29989,1,36000,1.81343159158
221334,235050,271098,13716,36048,1,36000,1.38049267643
221334,226452,244931,5118,18479,1,36000,1.27696303913
221334,226488,259421,5154,32933,1,36000,1.15649955971
221334,226756,250629,5422,23873,1,36000,1.22711850207
221335,251125,278149,29790,27024,1,36000,2.10235346359
221335,251119,281003,29784,29884,1,36000,1.99665372775
221335,254343,290362,33008,36019,1,36000,1.91640523057
221335,251114,283971,29779,32857,1,36000,1.90632133183
221336,264547,290607,43211,26060,1,36000,2.65813507291
221336,264536,294284,43200,29748,1,36000,2.45219846712
221336,259920,283659,38584,23739,1,36000,2.62534226379
221336,254349,290397,33013,36048,1,36000,1.91580670217
221336,264541,264630,43205,89,1,36000,486.449438202
221337,264563,300576,43226,36013,1,36000,2.20028878461
221337,265010,301051,43673,36041,1,36000,2.21175883022
221337,264557,295660,43220,31103,1,36000,2.38957656818
221337,264568,292519,43231,27951,1,36000,2.54667095989
221337,264552,300575,43215,36023,1,36000,2.19965022347
221338,271732,307754,50394,36022,1,36000,2.39897840209
221338,281018,317030,59680,36012,1,36000,2.65722536932
221338,271140,271229,49802,89,1,36000,560.573033708
221338,275729,311747,54391,36018,1,36000,2.51010605808
221338,278368,314381,57030,36013,1,36000,2.58359481298
221339,282795,318815,61456,36020,1,36000,2.70616324264
221339,282781,318821,61442,36040,1,36000,2.70482796892
221339,282771,318819,61432,36048,1,36000,2.70417221482
221339,282754,318762,61415,36008,1,36000,2.70559320151
221339,282647,318695,61308,36048,1,36000,2.70073235686
221340,282868,318900,61528,36032,1,36000,2.70759325044
221340,282886,318913,61546,36027,1,36000,2.70832986371
221340,282893,318925,61553,36032,1,36000,2.70828707815
221340,282840,302669,61500,19829,1,36000,4.10151797872
221340,282918,318960,61578,36042,1,36000,2.70850674213
221341,282964,318987,61623,36023,1,36000,2.7106570802
221341,282931,318947,61590,36016,1,36000,2.71007330076
221341,282937,302761,61596,19824,1,36000,4.10714285714
221341,282924,314568,61583,31644,1,36000,2.94611932752
221341,282957,318968,61616,36011,1,36000,2.71103274
221342,282972,318985,61630,36013,1,36000,2.71132646544
221342,282984,319007,61642,36023,1,36000,2.711184521
221342,282977,319014,61635,36037,1,36000,2.71032549879
221342,282991,308073,61649,25082,1,36000,3.45789809425
221343,283029,319052,61686,36023,1,36000,2.71240596286
221343,283016,319064,61673,36048,1,36000,2.71085774523
221343,283055,319078,61712,36023,1,36000,2.71312772395
221343,283049,319082,61706,36033,1,36000,2.71248577693
221343,283010,319052,61667,36042,1,36000,2.71097608346
221344,283187,319201,61843,36014,1,36000,2.71719331371
221344,283091,310099,61747,27008,1,36000,3.28624851896
221344,283140,319171,61796,36031,1,36000,2.71507868225
221344,283174,319189,61830,36015,1,36000,2.71678467305
221344,283063,319096,61719,36033,1,36000,2.71284655732
221345,283266,319296,61921,36030,1,36000,2.71859561477
221345,283205,319235,61860,36030,1,36000,2.71690258118
221345,283218,319225,61873,36007,1,36000,2.71836031883
221345,283257,319268,61912,36011,1,36000,2.71925245064
221345,283211,319219,61866,36008,1,36000,2.71811819596
221346,283445,319486,62099,36041,1,36000,2.72300990539
221346,283358,319379,62012,36021,1,36000,2.72155131729
221346,283370,319409,62024,36039,1,36000,2.72102444574
221346,283402,319429,62056,36027,1,36000,2.72248591334
221347,283576,319609,62229,36033,1,36000,2.72700024977
221347,283551,319573,62204,36022,1,36000,2.72683360169
221347,283512,319516,62165,36004,1,36000,2.72661370959
221347,283483,319500,62136,36017,1,36000,2.72518532915
221347,283468,319497,62121,36029,1,36000,2.72419439896
221348,283598,319638,62250,36040,1,36000,2.72724750277
221348,283643,319658,62295,36015,1,36000,2.72969596002
221348,283654,319663,62306,36009,1,36000,2.73028964981
221348,283648,319685,62300,36037,1,36000,2.72877875517
221348,283673,319681,62325,36008,1,36000,2.73086536325
221349,283678,319706,62329,36028,1,36000,2.73001554347
221349,283716,319748,62367,36032,1,36000,2.73087810835
221349,283685,319711,62336,36026,1,36000,2.73030589019
221349,283690,319710,62341,36020,1,36000,2.73073292615
221349,283709,319750,62360,36041,1,36000,2.73025165783
221350,283721,319746,62371,36025,1,36000,2.73132546842
221350,283727,319749,62377,36022,1,36000,2.73163622231
221350,283740,319764,62390,36024,1,36000,2.73190095492
221350,283746,319772,62396,36026,1,36000,2.73197135402
221351,284058,320075,62707,36017,1,36000,2.74103895383
221351,284124,320176,62773,36052,1,36000,2.74117940752
221351,284138,320153,62787,36015,1,36000,2.74335693461
221351,283813,319824,62462,36011,1,36000,2.73452556163
221351,283802,319850,62451,36048,1,36000,2.73244007989
221352,284207,320255,62855,36048,1,36000,2.74364735908
221352,284199,320217,62847,36018,1,36000,2.74487756122
221352,284187,320212,62835,36025,1,36000,2.74420541291
221352,283955,319985,62603,36030,1,36000,2.73752428532
221352,283913,319920,62561,36007,1,36000,2.73746771461
221353,283995,320019,62642,36024,1,36000,2.73889629136
221353,284016,320035,62663,36019,1,36000,2.73972070296
221353,283961,319985,62608,36024,1,36000,2.73795247613
221353,283982,320017,62629,36035,1,36000,2.73800471764
221595,221601,221605,6,4,5,172800,1.0
221691,221697,221700,6,3,5,172800,1.0
221799,221811,221816,12,5,5,172800,1.7
221885,221891,221896,6,5,5,172800,1.1
222091,269169,278037,47078,8868,4,18000,6.30875056382
222092,269174,283626,47082,14452,4,18000,4.25781898699
222285,222291,222364,6,73,5,172800,1.08219178082
222475,222481,222657,6,176,1,3600,1.03409090909
222521,225303,230075,2782,4772,2,36000,1.58298407376
222550,222556,228846,6,6290,5,172800,1.00095389507
222760,222766,223518,6,752,1,3600,1.0079787234
223125,223232,223313,107,81,1,900,2.32098765432
223125,223327,223411,202,84,1,900,3.40476190476
223125,223322,223410,197,88,1,900,3.23863636364
223125,223132,223219,7,87,1,900,1.08045977011
223126,223422,223503,296,81,1,900,4.65432098765
223126,223435,223517,309,82,1,900,4.76829268293
223126,223335,223416,209,81,1,900,3.58024691358
223126,223523,223604,397,81,1,900,5.9012345679
223126,223516,223597,390,81,1,900,5.81481481481
223126,223428,223509,302,81,1,900,4.72839506173
223690,224493,227008,803,2515,8,3600,1.31928429423
223869,223875,223958,6,83,1,900,1.07228915663
223869,223881,223962,12,81,1,900,1.14814814815
223869,223891,223973,22,82,1,900,1.26829268293
223869,223886,223974,17,88,1,900,1.19318181818
223869,223970,224051,101,81,1,900,2.24691358025
223869,223977,224059,108,82,1,900,2.31707317073
223869,223992,224073,123,81,1,900,2.51851851852
223869,223985,224066,116,81,1,900,2.43209876543
223870,224016,224104,146,88,1,900,2.65909090909
223870,224091,224175,221,84,1,900,3.63095238095
224037,224079,224081,42,2,1,900,4.4
224037,224071,224074,34,3,1,900,3.7
224037,224063,224074,26,11,1,900,3.36363636364
224037,224086,224088,49,2,1,900,5.1
224101,224119,224202,18,83,1,900,1.21686746988
224101,224114,224195,13,81,1,900,1.16049382716
224101,224168,224250,67,82,1,900,1.81707317073
224101,224107,224189,6,82,1,900,1.07317073171
224102,224187,224268,85,81,1,900,2.04938271605
224102,224215,224296,113,81,1,900,2.3950617284
224102,224201,224282,99,81,1,900,2.22222222222
224102,224208,224289,106,81,1,900,2.30864197531
224103,224280,224361,177,81,1,900,3.18518518519
224103,224262,224343,159,81,1,900,2.96296296296
224110,224126,224142,16,16,1,900,2.0
224110,224133,224145,23,12,1,900,2.91666666667
224111,224154,224155,43,1,1,900,4.4
224111,224161,224162,50,1,1,900,5.1
224630,224637,224667,7,30,2,3600,1.23333333333
224675,224682,224684,7,2,1,900,1.0
224676,224687,224689,11,2,1,900,1.3
224676,224699,224705,23,6,1,900,2.9
224676,224704,224708,28,4,1,900,3.2
224676,224694,224705,18,11,1,900,2.63636363636
224676,224710,224713,34,3,1,900,3.7
224677,224715,224719,38,4,1,900,4.2
224677,224733,224734,56,1,1,900,5.7
224677,224728,224729,51,1,1,900,5.2
224678,224738,224740,60,2,1,900,6.2
224678,224751,224752,73,1,1,900,7.4
224678,224756,224758,78,2,1,900,8.0
224679,224772,224774,93,2,1,900,9.5
224679,224778,224779,99,1,1,900,10.0
224679,224762,224763,83,1,1,900,8.4
224679,224767,224769,88,2,1,900,9.0
224680,224795,224797,115,2,1,900,11.7
224680,224790,224792,110,2,1,900,11.2
224680,224783,224785,103,2,1,900,10.5
224681,224806,224808,125,2,1,900,12.7
224681,224801,224803,120,2,1,900,12.2
224681,224817,224818,136,1,1,900,13.7
224681,224812,224813,131,1,1,900,13.2
224682,224830,224842,148,12,1,900,13.3333333333
224682,224835,224837,153,2,1,900,15.5
224682,224824,224826,142,2,1,900,14.4
224683,224846,224848,163,2,1,900,16.5
224683,224851,224854,168,3,1,900,17.1
224683,224857,224859,174,2,1,900,17.6
224683,224840,224842,157,2,1,900,15.9
224684,224862,224864,178,2,1,900,18.0
224684,224873,224879,189,6,1,900,19.5
224684,224867,224879,183,12,1,900,16.25
224685,224896,224898,211,2,1,900,21.3
224685,224878,224880,193,2,1,900,19.5
224685,224886,224887,201,1,1,900,20.2
224685,224891,224893,206,2,1,900,20.8
224686,224918,224919,232,1,1,900,23.3
224686,224901,224903,215,2,1,900,21.7
224686,224912,224914,226,2,1,900,22.8
224686,224907,224909,221,2,1,900,22.3
224687,224928,224930,241,2,1,900,24.3
224687,224923,224925,236,2,1,900,23.8
224687,224934,224935,247,1,1,900,24.8
224688,224952,224954,264,2,1,900,26.6
224688,224941,224943,253,2,1,900,25.5
224688,224947,224948,259,1,1,900,26.0
224689,224968,224970,279,2,1,900,28.1
224689,224957,224959,268,2,1,900,27.0
224689,224963,224964,274,1,1,900,27.5
224690,224973,224975,283,2,1,900,28.5
224690,224979,224980,289,1,1,900,29.0
224690,224984,224986,294,2,1,900,29.6
224690,224990,224991,300,1,1,900,30.1
224691,225020,225023,329,3,1,900,33.2
224691,224995,224997,304,2,1,900,30.6
224691,225009,225022,318,13,1,900,25.4615384615
224691,225014,225022,323,8,1,900,33.1
224692,225036,225043,344,7,1,900,35.1
224692,225031,225032,339,1,1,900,34.0
224692,225025,225029,333,4,1,900,33.7
224693,225052,225065,359,13,1,900,28.6153846154
224693,225047,225049,354,2,1,900,35.6
224693,225058,225059,365,1,1,900,36.6
224693,225041,225043,348,2,1,900,35.0
224694,225063,225075,369,12,1,900,31.75
224694,225069,225075,375,6,1,900,38.1
224694,225074,225076,380,2,1,900,38.2
224694,224744,224846,50,102,10,129600,1.49019607843
224695,225091,225092,396,1,1,900,39.7
224695,225080,225081,385,1,1,900,38.6
224695,225085,225087,390,2,1,900,39.2
224696,225096,225098,400,2,1,900,40.2
224696,225102,225103,406,1,1,900,40.7
224696,225107,225109,411,2,1,900,41.3
224696,225116,225117,420,1,1,900,42.1
224697,225140,225142,443,2,1,900,44.5
224697,225121,225123,424,2,1,900,42.6
224697,225127,225128,430,1,1,900,43.1
224697,225145,225147,448,2,1,900,45.0
224698,225156,225158,458,2,1,900,46.0
224698,225151,225153,453,2,1,900,45.5
224698,225162,225164,464,2,1,900,46.6
224699,225169,225185,470,16,1,900,30.375
224699,225175,225185,476,10,1,900,48.6
224699,225180,225197,481,17,1,900,29.2941176471
224700,225208,225236,508,28,1,900,19.1428571429
224700,225191,225210,491,19,1,900,26.8421052632
224700,225202,225224,502,22,1,900,23.8181818182
224700,225196,225210,496,14,1,900,36.4285714286
224701,225230,225232,529,2,1,900,53.1
224701,225213,225246,512,33,1,900,16.5151515152
224701,225219,225247,518,28,1,900,19.5
224701,225224,225250,523,26,1,900,21.1153846154
224702,225403,225404,701,1,1,900,70.2
224702,225235,225237,533,2,1,900,53.5
224702,225241,225243,539,2,1,900,54.1
224703,225254,225264,551,10,1,900,56.1
224703,225260,225274,557,14,1,900,40.7857142857
224703,225265,225267,562,2,1,900,56.4
224703,225249,225264,546,15,1,900,37.4
224704,225282,225283,578,1,1,900,57.9
224704,225276,225279,572,3,1,900,57.5
224704,225287,225289,583,2,1,900,58.5
224704,225271,225286,567,15,1,900,38.8
224705,225293,225303,588,10,1,900,59.8
224705,225408,225426,703,18,1,900,40.0555555556
224705,225319,225321,614,2,1,900,61.6
224706,225325,225326,619,1,1,900,62.0
224706,225335,225337,629,2,1,900,63.1
224706,225330,225332,624,2,1,900,62.6
224707,225352,225353,645,1,1,900,64.6
224707,225341,225343,634,2,1,900,63.6
224707,225346,225348,639,2,1,900,64.1
224707,225357,225358,650,1,1,900,65.1
224708,225373,225375,665,2,1,900,66.7
224708,225368,225369,660,1,1,900,66.1
224708,225362,225364,654,2,1,900,65.6
224709,225468,225470,759,2,1,900,76.1
224709,225587,225589,878,2,1,900,88.0
224709,225479,225491,770,12,1,900,65.1666666667
224709,225488,225490,779,2,1,900,78.1
224710,225493,225495,783,2,1,900,78.5
224710,225499,225500,789,1,1,900,79.0
224710,225379,225380,669,1,1,900,67.0
224711,225384,225386,673,2,1,900,67.5
224711,225395,225397,684,2,1,900,68.6
224711,225389,225392,678,3,1,900,68.1
224711,225414,225426,703,12,1,900,59.5833333333
224712,225571,225573,859,2,1,900,86.1
224712,225577,225578,865,1,1,900,86.6
224712,225582,225584,870,2,1,900,87.2
224713,225430,225432,717,2,1,900,71.9
224713,225419,225421,706,2,1,900,70.8
224713,225425,225426,712,1,1,900,71.3
224713,225436,225437,723,1,1,900,72.4
224714,225452,225454,738,2,1,900,74.0
224714,225441,225443,727,2,1,900,72.9
224714,225447,225448,733,1,1,900,73.4
224715,225457,225459,742,2,1,900,74.4
224715,225463,225465,748,2,1,900,75.0
224715,224722,224723,7,1,2,7200,1.0
224715,225504,225506,789,2,1,900,79.1
224715,225510,225511,795,1,1,900,79.6
224716,225515,225517,799,2,1,900,80.1
224716,225520,225522,804,2,1,900,80.6
224720,225526,225527,806,1,1,900,80.7
224720,225531,225533,811,2,1,900,81.3
224720,225537,225538,817,1,1,900,81.8
224720,225542,225544,822,2,1,900,82.4
224721,225558,225560,837,2,1,900,83.9
224721,225547,225549,826,2,1,900,82.8
224721,225593,225595,872,2,1,900,87.4
224721,225553,225554,832,1,1,900,83.3
224722,225598,225600,876,2,1,900,87.8
224722,225604,225605,882,1,1,900,88.3
224722,225564,225565,842,1,1,900,84.3
224723,225614,225616,891,2,1,900,89.3
224723,225620,225622,897,2,1,900,89.9
224723,225609,225611,886,2,1,900,88.8
224724,225653,225654,929,1,1,900,93.0
224724,225636,225638,912,2,1,900,91.4
224724,225625,225637,901,12,1,900,76.0833333333
224724,225631,225637,907,6,1,900,91.3
224725,225664,225670,939,6,1,900,94.5
224725,225658,225670,933,12,1,900,78.75
224725,225672,225673,947,1,1,900,94.8
224726,225677,225679,951,2,1,900,95.3
224726,225682,225684,956,2,1,900,95.8
224726,225693,225695,967,2,1,900,96.9
224726,225688,225689,962,1,1,900,96.3
224727,225709,225711,982,2,1,900,98.4
224727,225704,225706,977,2,1,900,97.9
224727,225699,225700,972,1,1,900,97.3
224728,225726,225727,998,1,1,900,99.9
224728,225715,225716,987,1,1,900,98.8
224728,225720,225722,992,2,1,900,99.4
224729,225731,225733,1002,2,1,900,100.4
224729,225761,225763,1032,2,1,900,103.4
224729,225736,225738,1007,2,1,900,100.9
224729,225753,225755,1024,2,1,900,102.6
224730,225777,225779,1047,2,1,900,104.9
224730,225767,225768,1037,1,1,900,103.8
224730,225772,225774,1042,2,1,900,104.4
224731,225783,225784,1052,1,1,900,105.3
224731,225799,225801,1068,2,1,900,107.0
224731,225794,225795,1063,1,1,900,106.4
224731,225788,225790,1057,2,1,900,105.9
224732,225815,225817,1083,2,1,900,108.5
224732,225810,225812,1078,2,1,900,108.0
224732,225804,225806,1072,2,1,900,107.4
224733,225831,225836,1098,5,1,900,110.3
224733,225826,225828,1093,2,1,900,109.5
224733,225821,225822,1088,1,1,900,108.9
224734,225845,225847,1111,2,1,900,111.3
224734,225851,225852,1117,1,1,900,111.8
224734,225856,225858,1122,2,1,900,112.4
224734,225837,225839,1103,2,1,900,110.5
224735,225861,225863,1126,2,1,900,112.8
224735,225867,225868,1132,1,1,900,113.3
224735,225872,225874,1137,2,1,900,113.9
224736,225894,225895,1158,1,1,900,115.9
224736,225888,225890,1152,2,1,900,115.4
224736,225883,225885,1147,2,1,900,114.9
224736,225878,225879,1142,1,1,900,114.3
224737,225905,225906,1168,1,1,900,116.9
224737,225910,225912,1173,2,1,900,117.5
224737,225899,225901,1162,2,1,900,116.4
224738,225916,225918,1178,2,1,900,118.0
224738,225935,225937,1197,2,1,900,119.9
224738,225929,225931,1191,2,1,900,119.3
224738,225924,225926,1186,2,1,900,118.8
224739,225951,225953,1212,2,1,900,121.4
224739,225946,225948,1207,2,1,900,120.9
224739,225940,225942,1201,2,1,900,120.3
224740,225968,225969,1228,1,1,900,122.9
224740,225957,225958,1217,1,1,900,121.8
224740,225962,225964,1222,2,1,900,122.4
224740,225973,225974,1233,1,1,900,123.4
224741,225989,225991,1248,2,1,900,125.0
224741,225984,225986,1243,2,1,900,124.5
224741,225978,225980,1237,2,1,900,123.9
224742,226008,226010,1266,2,1,900,126.8
224742,226000,226002,1258,2,1,900,126.0
224742,226014,226016,1272,2,1,900,127.4
224742,225995,225996,1253,1,1,900,125.4
224743,226019,226021,1276,2,1,900,127.8
224743,226025,226027,1282,2,1,900,128.4
224743,226030,226032,1287,2,1,900,128.9
224744,226036,226038,1292,2,1,900,129.4
224744,226041,226043,1297,2,1,900,129.9
224744,226047,226049,1303,2,1,900,130.5
224744,226052,226054,1308,2,1,900,131.0
224745,226058,226060,1313,2,1,900,131.5
224745,226069,226071,1324,2,1,900,132.6
224745,226063,226065,1318,2,1,900,132.0
224746,226074,226076,1328,2,1,900,133.0
224746,226080,226081,1334,1,1,900,133.5
224746,226086,226087,1340,1,1,900,134.1
224747,226099,226100,1352,1,1,900,135.3
224747,226104,226106,1357,2,1,900,135.9
224747,226110,226111,1363,1,1,900,136.4
224747,226093,226095,1346,2,1,900,134.8
224748,226126,226128,1378,2,1,900,138.0
224748,226120,226122,1372,2,1,900,137.4
224748,226115,226117,1367,2,1,900,136.9
224749,226147,226149,1398,2,1,900,140.0
224749,226142,226144,1393,2,1,900,139.5
224749,226137,226138,1388,1,1,900,138.9
224749,226131,226133,1382,2,1,900,138.4
224750,226153,226155,1403,2,1,900,140.5
224796,225003,225166,207,163,2,3600,2.26993865031
224952,226164,226165,1212,1,1,900,121.3
224952,226158,226160,1206,2,1,900,120.8
224952,226169,226171,1217,2,1,900,121.9
224953,226177,226179,1224,2,1,900,122.6
224953,226183,226184,1230,1,1,900,123.1
224953,226188,226190,1235,2,1,900,123.7
224954,226194,226195,1240,1,1,900,124.1
224954,226204,226206,1250,2,1,900,125.2
224954,226210,226212,1256,2,1,900,125.8
224954,226199,226201,1245,2,1,900,124.7
224955,226226,226228,1271,2,1,900,127.3
224955,226221,226222,1266,1,1,900,126.7
224955,226215,226217,1260,2,1,900,126.2
224956,226231,226233,1275,2,1,900,127.7
224956,226237,226239,1281,2,1,900,128.3
224956,226242,226244,1286,2,1,900,128.8
224957,226248,226250,1291,2,1,900,129.3
224957,226261,226263,1304,2,1,900,130.6
224957,226267,226268,1310,1,1,900,131.1
224957,226254,226255,1297,1,1,900,129.8
224958,226277,226279,1319,2,1,900,132.1
224958,226272,226274,1314,2,1,900,131.6
224958,226283,226285,1325,2,1,900,132.7
224959,226288,226290,1329,2,1,900,133.1
224959,226294,226296,1335,2,1,900,133.7
224959,226299,226301,1340,2,1,900,134.2
224959,226305,226306,1346,1,1,900,134.7
224960,226310,226312,1350,2,1,900,135.2
224960,226321,226323,1361,2,1,900,136.3
224960,226316,226317,1356,1,1,900,135.7
224961,226326,226327,1365,1,1,900,136.6
225090,225298,247267,208,21969,4,259200,1.00946788657
225436,226457,226948,1021,491,2,3600,3.07942973523
225820,230988,231020,5168,32,2,14400,162.5
225825,233495,233610,7670,115,2,21600,67.6956521739
225838,237222,239646,11384,2424,2,43200,5.69636963696
226344,251832,286757,25488,34925,1,122400,1.72979241231
226364,251838,299961,25474,48123,1,162000,1.52935186917
226611,226618,226673,7,55,1,900,1.12727272727
226612,226636,226673,24,37,1,900,1.64864864865
226612,226629,226673,17,44,1,900,1.38636363636
226612,226623,226673,11,50,1,900,1.22
226613,226646,226673,33,27,1,900,2.22222222222
226613,226641,226673,28,32,1,900,1.875
226613,226653,226673,40,20,1,900,3.0
226614,226663,226672,49,9,1,900,5.8
226614,226658,226673,44,15,1,900,3.93333333333
226666,234076,243933,7410,9857,8,72000,1.75175002536
226671,235004,242050,8333,7046,8,72000,2.18265682657
226695,226706,226828,11,122,1,900,1.09016393443
226695,226718,226846,23,128,1,900,1.1796875
226695,226712,226836,17,124,1,900,1.13709677419
226695,226701,226824,6,123,1,900,1.0487804878
226696,226729,226858,33,129,1,900,1.25581395349
226696,226724,226850,28,126,1,900,1.22222222222
226696,226734,226830,38,96,1,900,1.39583333333
226697,226740,226836,43,96,1,900,1.44791666667
226697,226745,226832,48,87,1,900,1.55172413793
227036,227042,227047,6,5,5,172800,1.1
227214,227280,255692,66,28412,8,36000,1.00232296213
227244,227250,230036,6,2786,5,172800,1.00215362527
227343,227351,326830,8,99479,10,129600,1.00008041898
227346,228858,328129,1512,99271,10,129600,1.01523103424
227349,230048,253723,2699,23675,10,129600,1.11400211193
227632,243142,243152,15510,10,16,36000,1552.0
228147,228153,235361,6,7208,1,7200,1.00083240844
228247,233096,233472,4849,376,4,259200,13.8962765957
228379,235034,235651,6655,617,4,259200,11.7860615883
228500,235039,304877,6539,69838,4,259200,1.09363097454
228609,235045,308543,6436,73498,4,259200,1.08756700863
228918,237508,279457,8590,41949,32,43200,1.2047724618
229936,229943,232253,7,2310,4,3600,1.00303030303
230110,232055,238518,1945,6463,5,172800,1.30094383413
230791,233102,269151,2311,36049,3,36000,1.06410718744
230994,231001,231947,7,946,1,900,1.00739957717
230995,231006,231932,11,926,1,900,1.01187904968
230995,231229,232155,234,926,1,900,1.25269978402
230995,231032,231953,37,921,1,900,1.04017372421
230995,231038,231958,43,920,1,900,1.04673913043
230995,231234,232170,239,936,1,900,1.25534188034
230996,231239,232176,243,937,1,900,1.25933831377
230996,231245,232184,249,939,1,900,1.26517571885
230996,231250,232187,254,937,1,900,1.27107790822
230997,231944,232878,947,934,1,900,2.01391862955
230997,231959,232891,962,932,1,900,2.0321888412
230997,231966,232898,969,932,1,900,2.03969957082
230998,232124,233032,1126,908,1,900,2.24008810573
230998,232118,233019,1120,901,1,900,2.24306326304
230998,232113,233028,1115,915,1,900,2.21857923497
230998,231973,232903,975,930,1,900,2.04838709677
230999,232129,233038,1130,909,1,900,2.24312431243
230999,232135,233041,1136,906,1,900,2.25386313466
230999,232183,233115,1184,932,1,900,2.27038626609
230999,232167,233100,1168,933,1,900,2.25187566988
231000,232204,233132,1204,928,1,900,2.2974137931
231000,232197,233129,1197,932,1,900,2.28433476395
231000,232190,233122,1190,932,1,900,2.27682403433
231001,232732,233638,1731,906,1,900,2.91059602649
231001,233053,233973,2052,920,1,900,3.23043478261
231001,232915,233847,1914,932,1,900,3.05364806867
231002,233069,233983,2067,914,1,900,3.26148796499
231002,233064,233977,2062,913,1,900,3.25848849945
231002,233075,233986,2073,911,1,900,3.27552140505
231002,233058,233964,2056,906,1,900,3.26931567329
231003,233109,234054,2106,945,1,900,3.22857142857
231003,233085,234012,2082,927,1,900,3.24595469256
231003,233091,234025,2088,934,1,900,3.23554603854
231003,233080,233998,2077,918,1,900,3.26252723312
231004,233489,234417,2485,928,1,900,3.67780172414
231004,233484,234387,2480,903,1,900,3.74640088594
231004,233148,234077,2144,929,1,900,3.30785791173
231004,233141,234075,2137,934,1,900,3.28800856531
231005,233781,234700,2776,919,1,900,4.02067464635
231005,233651,234584,2646,933,1,900,3.83601286174
231005,234442,234997,3437,555,1,900,7.19279279279
231005,233859,234792,2854,933,1,900,4.05894962487
231006,234037,234940,3031,903,1,900,4.35658914729
231006,234048,234993,3042,945,1,900,4.21904761905
231006,234054,234961,3048,907,1,900,4.3605292172
231006,234043,234965,3037,922,1,900,4.29392624729
231007,234070,234997,3063,927,1,900,4.30420711974
231007,234059,234989,3052,930,1,900,4.28172043011
231007,234447,234997,3440,550,1,900,7.25454545455
231007,234065,234980,3058,915,1,900,4.34207650273
231008,234453,234997,3445,544,1,900,7.33272058824
231008,234458,234997,3450,539,1,900,7.40074211503
231008,234464,234997,3456,533,1,900,7.48405253283
231008,234469,234997,3461,528,1,900,7.55492424242
231009,234485,234997,3476,512,1,900,7.7890625
231009,234491,234997,3482,506,1,900,7.8814229249
231009,234480,234997,3471,517,1,900,7.71373307544
231009,234474,234997,3465,523,1,900,7.62523900574
231010,234507,234997,3497,490,1,900,8.13673469388
231010,234512,234997,3502,485,1,900,8.2206185567
231010,234501,234997,3491,496,1,900,8.03830645161
231010,234496,234997,3486,501,1,900,7.95808383234
232243,232265,232270,22,5,4,600,2.7
232328,233623,244465,1295,10842,2,10800,1.11944290721
232612,234436,236744,1824,2308,4,3600,1.79029462738
232807,237233,242932,4426,5699,2,36000,1.77662747851
234281,235010,235647,729,637,2,14400,2.14442700157
234284,235015,235617,731,602,2,14400,2.21428571429
234570,237228,237275,2658,47,2,36000,57.5531914894
234587,235716,278957,1129,43241,3,43200,1.02610947943
234603,234610,234615,7,5,3,240,1.2
234624,234631,234691,7,60,3,240,1.11666666667
234860,235020,240203,160,5183,2,14400,1.03087015242
235116,235173,235861,57,688,1,36000,1.08284883721
235418,235629,236371,211,742,1,36000,1.28436657682
235419,235651,236418,232,767,1,36000,1.30247718383
235419,235634,237495,215,1861,1,36000,1.11552928533
235419,236383,237495,964,1112,1,36000,1.86690647482
235420,236449,237495,1029,1046,1,36000,1.98374760994
235420,235662,237452,242,1790,1,36000,1.13519553073
235420,235657,236373,237,716,1,36000,1.33100558659
235420,236431,237495,1011,1064,1,36000,1.95018796992
235421,235673,237495,252,1822,1,36000,1.13830954995
235421,235678,236371,257,693,1,36000,1.37085137085
235421,235667,236420,246,753,1,36000,1.32669322709
235421,235684,237495,263,1811,1,36000,1.14522363335
235422,235700,236397,278,697,1,36000,1.39885222382
235422,235695,237457,273,1762,1,36000,1.15493757094
235422,235689,236437,267,748,1,36000,1.35695187166
235422,235705,237440,283,1735,1,36000,1.16311239193
235423,235722,236429,299,707,1,36000,1.42291371994
235423,236477,237495,1054,1018,1,36000,2.03536345776
235423,235711,236465,288,754,1,36000,1.38196286472
235424,237195,237495,1771,300,1,36000,6.90333333333
235424,237201,237495,1777,294,1,36000,7.04421768707
235424,237206,237495,1782,289,1,36000,7.1660899654
235425,237212,237495,1787,283,1,36000,7.31448763251
235425,237217,237496,1792,279,1,36000,7.4229390681
235426,237238,237496,1812,258,1,36000,8.02325581395
235426,237244,237496,1818,252,1,36000,8.21428571429
235426,237255,237496,1829,241,1,36000,8.58921161826
235426,237249,237496,1823,247,1,36000,8.38056680162
235830,245685,251793,9855,6108,20,86399,2.61345776031
236021,236028,236206,7,178,1,2400,1.0393258427
236765,279469,409108,42704,129639,25,129599,1.32940704572
237828,238216,238800,388,584,2,3600,1.66438356164
237950,243202,244804,5252,1602,2,36000,4.2784019975
238931,238937,246909,6,7972,5,16200,1.00075263422
238932,238944,247745,12,8801,5,16200,1.00136348142
238944,246921,258078,7977,11157,5,16200,1.71497714439
238945,247757,261652,8812,13895,5,16200,1.63418495862
239084,273694,277358,34610,3664,1,43200,10.4459606987
239700,243208,244156,3508,948,2,14400,4.70042194093
239702,243213,244186,3511,973,2,14400,4.60842754368
241352,241359,241614,7,255,2,1200,1.02745098039
241439,241455,246387,16,4932,1,7200,1.00324412003
241439,241460,243585,21,2125,1,7200,1.00988235294
241439,241449,243487,10,2038,1,7200,1.00490677134
241440,241467,246592,27,5125,1,7200,1.00526829268
241440,241477,246480,37,5003,1,7200,1.00739556266
241440,241472,243508,32,2036,1,7200,1.01571709234
241441,241909,247059,468,5150,1,7200,1.09087378641
241441,243164,245252,1723,2088,1,7200,1.82519157088
241441,243170,248123,1729,4953,1,7200,1.34908136483
241441,241483,243643,42,2160,1,7200,1.01944444444
241442,243181,248313,1739,5132,1,7200,1.33885424786
241442,243191,248296,1749,5105,1,7200,1.34260528893
241442,243175,245257,1733,2082,1,7200,1.83237271854
241442,243186,245270,1744,2084,1,7200,1.83685220729
241443,243520,245650,2077,2130,1,7200,1.97511737089
241443,243526,248730,2083,5204,1,7200,1.40026902383
241443,243197,245326,1754,2129,1,7200,1.82386096759
241443,243845,248979,2402,5134,1,7200,1.46786131671
241444,243537,245636,2093,2099,1,7200,1.99714149595
241444,243531,248691,2087,5160,1,7200,1.40445736434
241444,243542,248646,2098,5104,1,7200,1.41105015674
241444,244526,246561,3082,2035,1,7200,2.5144963145
241445,243563,248702,2118,5139,1,7200,1.41214244016
241445,243553,248541,2108,4988,1,7200,1.42261427426
241445,243547,245643,2102,2096,1,7200,2.00286259542
241445,243558,245663,2113,2105,1,7200,2.00380047506
241446,243569,245664,2123,2095,1,7200,2.01336515513
241446,243580,245683,2134,2103,1,7200,2.01474084641
241446,243574,248558,2128,4984,1,7200,1.42696629213
241446,243585,248709,2139,5124,1,7200,1.41744730679
241447,243590,245673,2143,2083,1,7200,2.02880460874
241447,244539,246655,3092,2116,1,7200,2.46124763705
241447,243596,248548,2149,4952,1,7200,1.43396607431
241447,244544,249694,3097,5150,1,7200,1.6013592233
241448,246066,251162,4618,5096,1,7200,1.90620094192
241448,246791,248869,5343,2078,1,7200,3.57122232916
241448,245696,247732,4248,2036,1,7200,3.08644400786
241448,246796,251775,5348,4979,1,7200,2.07411126732
241449,247258,252405,5809,5147,1,7200,2.12861861278
241449,247269,253046,5820,5777,1,7200,2.00744330968
241449,247071,249106,5622,2035,1,7200,3.76265356265
241449,247263,249791,5814,2528,1,7200,3.29984177215
241450,248554,251067,7104,2513,1,7200,3.82690011938
241450,247278,249801,5828,2523,1,7200,3.30994847404
241450,247707,253485,6257,5778,1,7200,2.08290065767
241451,248570,254374,7119,5804,1,7200,2.22656788422
241451,248575,251097,7124,2522,1,7200,3.82474226804
241451,248559,254325,7108,5766,1,7200,2.23274366979
241451,248565,251102,7114,2537,1,7200,3.80409932992
241452,248591,254339,7139,5748,1,7200,2.24199721642
241452,248581,254236,7129,5655,1,7200,2.26065428824
241452,248586,251105,7134,2519,1,7200,3.83207622072
241453,248597,251189,7144,2592,1,7200,3.75617283951
241453,248602,254232,7149,5630,1,7200,2.26980461812
241453,248613,254260,7160,5647,1,7200,2.26792987427
241453,248607,251121,7154,2514,1,7200,3.84566428003
241454,248634,254299,7180,5665,1,7200,2.26743159753
241454,248624,254263,7170,5639,1,7200,2.27150203937
241454,248618,251195,7164,2577,1,7200,3.77997671711
241454,248629,251173,7175,2544,1,7200,3.82036163522
241455,249506,252112,8051,2606,1,7200,4.08940905602
241455,248647,254400,7192,5753,1,7200,2.25013036677
241455,248642,251155,7187,2513,1,7200,3.85992837246
241456,251146,256890,9690,5744,1,7200,2.68697771588
241456,251141,253704,9685,2563,1,7200,4.7787748732
241456,251152,253702,9696,2550,1,7200,4.80235294118
241456,249813,255540,8357,5727,1,7200,2.45922821722
241457,251971,257757,10514,5786,1,7200,2.81714483235
241457,251168,256854,9711,5686,1,7200,2.70787900106
241457,251913,254482,10456,2569,1,7200,5.07006617361
241457,251977,254488,10520,2511,1,7200,5.18956591
241458,251982,257675,10524,5693,1,7200,2.84858598279
241458,252654,255251,11196,2597,1,7200,5.31112822487
241458,252225,254743,10767,2518,1,7200,5.2760127085
241458,252239,258057,10781,5818,1,7200,2.85304228257
241459,252675,255195,11216,2520,1,7200,5.45079365079
241459,252659,258408,11200,5749,1,7200,2.94816489824
241459,252665,255175,11206,2510,1,7200,5.46454183267
241459,252670,258331,11211,5661,1,7200,2.98039215686
241460,254360,259841,12900,5481,1,7200,3.35358511221
241460,254354,256848,12894,2494,1,7200,6.17000801925
241460,254365,256861,12905,2496,1,7200,6.1702724359
241460,252681,258339,11221,5658,1,7200,2.9832096147
241461,256741,262188,15280,5447,1,7200,3.8052138792
241461,256736,259233,15275,2497,1,7200,7.11734080897
241461,254412,259908,12951,5496,1,7200,3.35644104803
241462,256763,262219,15301,5456,1,7200,3.80443548387
241462,256757,259278,15295,2521,1,7200,7.06703689012
241462,256752,262173,15290,5421,1,7200,3.82051282051
241462,256747,259204,15285,2457,1,7200,7.221001221
241463,256768,259223,15305,2455,1,7200,7.23421588595
241463,256784,262331,15321,5547,1,7200,3.76203353164
241463,256773,262261,15310,5488,1,7200,3.78972303207
241463,256779,259226,15316,2447,1,7200,7.25909276665
241464,258351,260812,16887,2461,1,7200,7.86184477855
241464,256789,259291,15325,2502,1,7200,7.12509992006
241464,256795,262322,15331,5527,1,7200,3.77383752488
241465,258357,263786,16892,5429,1,7200,4.11143857064
241465,258362,260853,16897,2491,1,7200,7.78321959053
241465,258367,263753,16902,5386,1,7200,4.13813590791
241465,258373,260805,16908,2432,1,7200,7.95230263158
241466,258378,263833,16912,5455,1,7200,4.10027497709
241466,258389,263804,16923,5415,1,7200,4.12520775623
241466,258394,260881,16928,2487,1,7200,7.80659429031
241466,258383,260870,16917,2487,1,7200,7.80217129071
241467,258405,260860,16938,2455,1,7200,7.89938900204
241467,258399,263810,16932,5411,1,7200,4.12918129736
241467,258410,263958,16943,5548,1,7200,4.05389329488
241468,258426,260925,16958,2499,1,7200,7.78591436575
241468,258415,260865,16947,2450,1,7200,7.91714285714
241468,258421,263962,16953,5541,1,7200,4.05955603682
241468,258431,263973,16963,5542,1,7200,4.06080837243
241469,259942,265514,18473,5572,1,7200,4.31532663317
241469,259926,262464,18457,2538,1,7200,8.27226162333
241469,259936,262417,18467,2481,1,7200,8.44336960903
241469,259931,265483,18462,5552,1,7200,4.32528818444
241470,259963,265374,18493,5411,1,7200,4.41766771392
241470,259952,265492,18482,5540,1,7200,4.33610108303
241470,259947,262390,18477,2443,1,7200,8.56324191568
241470,259958,262470,18488,2512,1,7200,8.35987261146
241471,259979,262184,18508,2205,1,7200,9.39365079365
241471,259968,262189,18497,2221,1,7200,9.32823052679
241471,259974,264946,18503,4972,1,7200,4.72144006436
241471,259984,264870,18513,4886,1,7200,4.78898894801
241472,260000,262203,18528,2203,1,7200,9.41034952338
241472,259990,262274,18518,2284,1,7200,9.10770577933
241472,259995,264998,18523,5003,1,7200,4.70237857286
241473,262238,264432,20765,2194,1,7200,10.4644484959
241473,262249,264463,20776,2214,1,7200,10.3839205059
241473,262233,267091,20760,4858,1,7200,5.27336352408
241473,262243,267124,20770,4881,1,7200,5.25527555829
241474,262265,267263,20791,4998,1,7200,5.15986394558
241474,262254,267140,20780,4886,1,7200,5.25296766271
241474,262260,264465,20786,2205,1,7200,10.4267573696
241474,262297,264561,20823,2264,1,7200,10.1974381625
241475,262275,264516,20800,2241,1,7200,10.2815707274
241475,262270,267105,20795,4835,1,7200,5.30093071355
241475,262281,267149,20806,4868,1,7200,5.27403451109
241476,262286,264531,20810,2245,1,7200,10.2694877506
241476,262302,264511,20826,2209,1,7200,10.4277953825
241476,262307,267282,20831,4975,1,7200,5.18713567839
241476,262291,267304,20815,5013,1,7200,5.1522042689
241477,262313,264524,20836,2211,1,7200,10.4237901402
241477,263981,266218,22504,2237,1,7200,11.059901654
241477,263986,268848,22509,4862,1,7200,5.62957630605
241477,263975,268975,22498,5000,1,7200,5.4996
241478,263996,268821,22518,4825,1,7200,5.66694300518
241478,264002,266216,22524,2214,1,7200,11.1734417344
241478,263991,266186,22513,2195,1,7200,11.2564920273
241479,264018,268878,22539,4860,1,7200,5.63765432099
241479,264007,268855,22528,4848,1,7200,5.64686468647
241479,264023,266238,22544,2215,1,7200,11.1778781038
241479,264013,266207,22534,2194,1,7200,11.2707383774
241480,264039,268935,22559,4896,1,7200,5.60763888889
241480,264029,268873,22549,4844,1,7200,5.65503715937
241480,264034,266267,22554,2233,1,7200,11.1003134796
241480,264045,266309,22565,2264,1,7200,10.9668727915
241481,264425,269418,22944,4993,1,7200,5.59523332666
241481,264050,268941,22569,4891,1,7200,5.6143937845
241481,264430,266621,22949,2191,1,7200,11.4742126883
241481,264055,266247,22574,2192,1,7200,11.2983576642
241482,264573,269244,23091,4671,1,7200,5.94348105331
241482,264523,266728,23041,2205,1,7200,11.4494331066
241482,264435,269263,22953,4828,1,7200,5.75414250207
241483,264590,266780,23107,2190,1,7200,11.5511415525
241483,264584,269302,23101,4718,1,7200,5.89635438745
241483,264579,266759,23096,2180,1,7200,11.5944954128
241483,264595,269351,23112,4756,1,7200,5.85954583684
241484,266281,270978,24797,4697,1,7200,6.27932723015
241484,264611,266778,23127,2167,1,7200,11.6723580988
241484,264600,266798,23116,2198,1,7200,11.516833485
241484,264606,269460,23122,4854,1,7200,5.76349402555
241485,266291,268423,24806,2132,1,7200,12.6350844278
241485,266286,270876,24801,4590,1,7200,6.40326797386
241485,266328,268514,24843,2186,1,7200,12.3645928637
241485,266296,271064,24811,4768,1,7200,6.20364932886
241486,266313,268440,24827,2127,1,7200,12.6723084156
241486,266318,271128,24832,4810,1,7200,6.16257796258
241486,266307,271113,24821,4806,1,7200,6.16458593425
241486,266302,268521,24816,2219,1,7200,12.1834159531
241487,266339,268487,24852,2148,1,7200,12.5698324022
241487,266323,268462,24836,2139,1,7200,12.6110331931
241487,266344,271203,24857,4859,1,7200,6.11566165878
241487,266334,271183,24847,4849,1,7200,6.12414930914
241488,266360,268517,24872,2157,1,7200,12.5308298563
241488,266355,271147,24867,4792,1,7200,6.18927378965
241488,266350,268525,24862,2175,1,7200,12.4308045977
241489,268485,270660,26996,2175,1,7200,13.411954023
241489,268216,272971,26727,4755,1,7200,6.62082018927
241489,268480,273247,26991,4767,1,7200,6.66205160478
241489,268474,270649,26985,2175,1,7200,13.4068965517
241490,268496,270669,27006,2173,1,7200,13.4279797515
241490,268490,273271,27000,4781,1,7200,6.64735411002
241490,268501,273289,27011,4788,1,7200,6.64139515455
241490,268506,270699,27016,2193,1,7200,13.3191974464
241491,268522,273275,27031,4753,1,7200,6.68714496108
241491,268512,273263,27021,4751,1,7200,6.68743422437
241491,268517,270676,27026,2159,1,7200,13.5178323298
241492,268533,273399,27041,4866,1,7200,6.55713111385
241492,268544,272927,27052,4383,1,7200,7.17202829112
241492,268528,270660,27036,2132,1,7200,13.6810506567
241492,268538,270630,27046,2092,1,7200,13.9282982792
241493,268549,270613,27056,2064,1,7200,14.1085271318
241493,268554,273054,27061,4500,1,7200,7.01355555556
241493,269449,271443,27956,1994,1,7200,15.0200601805
241493,269454,273899,27961,4445,1,7200,7.29043869516
241494,270170,272225,28676,2055,1,7200,14.9542579075
241494,270176,274560,28682,4384,1,7200,7.5424270073
241494,270186,274526,28692,4340,1,7200,7.61105990783
241494,270181,272193,28687,2012,1,7200,15.2579522863
241495,270202,272251,28707,2049,1,7200,15.0102489019
241495,270452,274867,28957,4415,1,7200,7.55877689694
241495,270192,272206,28697,2014,1,7200,15.2487586892
241495,270197,274517,28702,4320,1,7200,7.64398148148
241496,270576,275008,29080,4432,1,7200,7.56137184116
241496,270625,272676,29129,2051,1,7200,15.2023403218
241496,270461,272479,28965,2018,1,7200,15.3533201189
241496,270642,275037,29146,4395,1,7200,7.63162684869
241497,271146,275521,29649,4375,1,7200,7.77691428571
241497,270672,272682,29175,2010,1,7200,15.5149253731
241497,271151,273186,29654,2035,1,7200,15.571990172
241498,271162,273181,29664,2019,1,7200,15.6924219911
241498,271156,275561,29658,4405,1,7200,7.73280363224
241498,271178,275545,29680,4367,1,7200,7.79642775361
241498,271167,275543,29669,4376,1,7200,7.77993601463
241498,271173,273241,29675,2068,1,7200,15.3496131528
241499,271183,273248,29684,2065,1,7200,15.3748184019
241499,271189,275603,29690,4414,1,7200,7.7263253285
241499,271194,273220,29695,2026,1,7200,15.6569595262
241500,271205,273242,29705,2037,1,7200,15.5827196858
241500,271215,273297,29715,2082,1,7200,15.2723342939
241500,271210,275558,29710,4348,1,7200,7.83302667893
241500,271199,275601,29699,4402,1,7200,7.74670604271
241501,272566,276866,31065,4300,1,7200,8.22441860465
241501,272561,274608,31060,2047,1,7200,16.1734245237
241501,273307,275333,31806,2026,1,7200,16.6989141165
241501,272556,276895,31055,4339,1,7200,8.15717907352
241502,273328,275069,31826,1741,1,7200,19.2802986789
241502,273312,277788,31810,4476,1,7200,8.10679177837
241502,273323,277770,31821,4447,1,7200,8.15561052395
241502,273317,275349,31815,2032,1,7200,16.656988189
241503,273339,275001,31836,1662,1,7200,20.155234657
241503,273344,277055,31841,3711,1,7200,9.58016707087
241503,273333,277001,31830,3668,1,7200,9.67775354417
241503,273349,275041,31846,1692,1,7200,19.8215130024
241504,273365,276960,31861,3595,1,7200,9.86258692629
241504,273355,276987,31851,3632,1,7200,9.76954845815
241504,273360,275078,31856,1718,1,7200,19.5424912689
241505,273371,275053,31866,1682,1,7200,19.9453032105
241505,273376,276990,31871,3614,1,7200,9.81876037631
241505,274863,276585,33358,1722,1,7200,20.3716608595
241505,274869,278500,33364,3631,1,7200,10.1886532636
241506,274879,278558,33373,3679,1,7200,10.0712150041
241506,274890,278534,33384,3644,1,7200,10.1613611416
241506,274874,276651,33368,1777,1,7200,19.7777152504
241506,274885,276557,33379,1672,1,7200,20.9635167464
241507,274913,276556,33406,1643,1,7200,21.3323189288
241507,275049,278567,33542,3518,1,7200,10.5343945424
241507,274895,276664,33388,1769,1,7200,19.8739400791
241507,274901,278504,33394,3603,1,7200,10.2683874549
241508,275735,279282,34227,3547,1,7200,10.649563011
241508,275740,279430,34232,3690,1,7200,10.2769647696
241508,275065,276778,33557,1713,1,7200,20.5896088733
241508,277519,279225,36011,1706,1,7200,22.1084407972
241509,275757,277478,34248,1721,1,7200,20.9000581058
241509,275751,279308,34242,3557,1,7200,10.6266516728
241509,275762,279407,34253,3645,1,7200,10.3972565158
241509,275746,277502,34237,1756,1,7200,20.4971526196
241510,275784,279384,34274,3600,1,7200,10.5205555556
241510,275778,277524,34268,1746,1,7200,20.6265750286
241510,275767,277487,34257,1720,1,7200,20.9168604651
241510,275773,279358,34263,3585,1,7200,10.5573221757
241511,275800,277501,34289,1701,1,7200,21.1581422693
241511,275789,277506,34278,1717,1,7200,20.9638905067
241511,275794,279534,34283,3740,1,7200,10.1665775401
241512,276790,278522,35278,1732,1,7200,21.3683602771
241512,275805,279351,34293,3546,1,7200,10.6708967851
241512,276664,278380,35152,1716,1,7200,21.4848484848
241512,276676,280306,35164,3630,1,7200,10.6870523416
241513,276879,280637,35366,3758,1,7200,10.4108568387
241513,276999,278495,35486,1496,1,7200,24.7205882353
241513,276907,278487,35394,1580,1,7200,23.4012658228
241513,276973,280194,35460,3221,1,7200,12.0090034151
241514,277006,280240,35492,3234,1,7200,11.9746444032
241514,277067,280253,35553,3186,1,7200,12.15913371
241514,277300,278896,35786,1596,1,7200,23.4223057644
241514,277014,278519,35500,1505,1,7200,24.5880398671
241515,277321,278894,35806,1573,1,7200,23.7628734901
241515,277316,280656,35801,3340,1,7200,11.7188622754
241515,277310,278913,35795,1603,1,7200,23.3300062383
241515,277305,280597,35790,3292,1,7200,11.8718104496
241516,277332,278896,35816,1564,1,7200,23.9002557545
241516,277343,278899,35827,1556,1,7200,24.0250642674
241516,277337,280632,35821,3295,1,7200,11.8713201821
241516,277327,280569,35811,3242,1,7200,12.0459592844
241517,277364,278877,35847,1513,1,7200,24.6926635823
241517,277348,280567,35831,3219,1,7200,12.1310966139
241517,277359,280577,35842,3218,1,7200,12.1379738968
241517,277354,278968,35837,1614,1,7200,23.2038413879
241518,277388,280715,35870,3327,1,7200,11.7814848212
241518,277383,278900,35865,1517,1,7200,24.6420566908
241518,277370,280611,35852,3241,1,7200,12.0620178957
241518,277490,279011,35972,1521,1,7200,24.6502301118
241519,277498,280575,35979,3077,1,7200,12.6928826779
241519,277526,280801,36007,3275,1,7200,11.9945038168
241519,277514,279042,35995,1528,1,7200,24.5569371728
241520,277804,279323,36284,1519,1,7200,24.8867676103
241520,278054,281317,36534,3263,1,7200,12.1964449893
241520,277535,279058,36015,1523,1,7200,24.6474064347
241520,277781,281036,36261,3255,1,7200,12.1400921659
241521,278513,280019,36992,1506,1,7200,25.5630810093
241521,278065,281327,36544,3262,1,7200,12.2029429798
241521,278060,279594,36539,1534,1,7200,24.8194263364
241522,278538,281903,37016,3365,1,7200,12.0002971768
241522,278530,281747,37008,3217,1,7200,12.5038856077
241522,278546,280079,37024,1533,1,7200,25.1513372472
241522,278521,280011,36999,1490,1,7200,25.8315436242
241523,278570,281813,37047,3243,1,7200,12.4236817761
241523,278890,280231,37367,1341,1,7200,28.8650260999
241523,280615,282174,39092,1559,1,7200,26.0750481078
241523,278578,281752,37055,3174,1,7200,12.6745431632
241524,278918,281928,37394,3010,1,7200,13.423255814
241524,278923,280295,37399,1372,1,7200,28.2587463557
241524,278905,281716,37381,2811,1,7200,14.29811455
241524,278913,280267,37389,1354,1,7200,28.6137370753
241525,278974,281963,37449,2989,1,7200,13.5289394446
241525,278931,281930,37406,2999,1,7200,13.4728242748
241525,278969,280382,37444,1413,1,7200,27.499646143
241525,278980,280311,37455,1331,1,7200,29.1404958678
241526,279024,280396,37498,1372,1,7200,28.3309037901
241526,278987,281882,37461,2895,1,7200,13.9398963731
241526,279071,282037,37545,2966,1,7200,13.6584625759
241527,279243,282158,37716,2915,1,7200,13.938593482
241527,279294,282171,37767,2877,1,7200,14.1272158498
241527,279248,280622,37721,1374,1,7200,28.4534206696
241527,279145,280523,37618,1378,1,7200,28.2989840348
241528,279372,282178,37844,2806,1,7200,14.4868139701
241528,279335,282269,37807,2934,1,7200,13.8858214042
241528,279320,280656,37792,1336,1,7200,29.2874251497
241528,279365,280730,37837,1365,1,7200,28.7194139194
241529,279474,280878,37945,1404,1,7200,28.0263532764
241529,279419,280768,37890,1349,1,7200,29.0874722016
241529,279480,282479,37951,2999,1,7200,13.6545515172
241529,279448,282475,37919,3027,1,7200,13.5269243475
241530,279485,280847,37955,1362,1,7200,28.8671071953
241530,279501,282408,37971,2907,1,7200,14.0619195046
241530,279490,282408,37960,2918,1,7200,14.0089102125
241530,279496,280897,37966,1401,1,7200,28.0992148465
241531,279517,280942,37986,1425,1,7200,27.6568421053
241531,279506,280875,37975,1369,1,7200,28.7392257122
241531,279512,282389,37981,2877,1,7200,14.2015988877
241531,279523,282517,37992,2994,1,7200,13.6893787575
241532,279539,280955,38007,1416,1,7200,27.8411016949
241532,279528,280903,37996,1375,1,7200,28.6334545455
241532,279534,282493,38002,2959,1,7200,13.842852315
241532,279545,282518,38013,2973,1,7200,13.786074672
241533,279566,282407,38033,2841,1,7200,14.38718761
241533,279561,280906,38028,1345,1,7200,29.273605948
241533,279550,280879,38017,1329,1,7200,29.6057185854
241533,279555,282414,38022,2859,1,7200,14.2990556139
241534,279585,280804,38051,1219,1,7200,32.2149302707
241534,279579,282330,38045,2751,1,7200,14.8295165394
241534,280535,281798,39001,1263,1,7200,31.8796516231
241535,280032,281225,38497,1193,1,7200,33.2690695725
241535,280211,281423,38676,1212,1,7200,32.9108910891
241535,279606,282253,38071,2647,1,7200,15.3826973933
241535,280091,282585,38556,2494,1,7200,16.4595028067
241536,280265,282946,38729,2681,1,7200,15.4457292055
241536,280252,281532,38716,1280,1,7200,31.246875
241536,280243,282907,38707,2664,1,7200,15.5296546547
241536,280279,281477,38743,1198,1,7200,33.3397328881
241537,280393,281651,38856,1258,1,7200,31.8871224165
241537,280326,282906,38789,2580,1,7200,16.034496124
241537,280306,282921,38769,2615,1,7200,15.8256214149
241537,280319,281558,38782,1239,1,7200,32.3010492333
241538,280579,283206,39041,2627,1,7200,15.8614389037
241538,280413,282958,38875,2545,1,7200,16.2750491159
241538,280418,281634,38880,1216,1,7200,32.9736842105
241539,280598,281807,39059,1209,1,7200,33.3068651778
241539,281047,283564,39508,2517,1,7200,16.6964640445
241539,280592,283080,39053,2488,1,7200,16.6965434084
241539,280586,281780,39047,1194,1,7200,33.702680067
241540,281236,282459,39696,1223,1,7200,33.4578904334
241540,280644,283353,39104,2709,1,7200,15.4348468069
241540,280623,283245,39083,2622,1,7200,15.9057971014
241540,280634,281871,39094,1237,1,7200,32.6038803557
241541,280673,281855,39132,1182,1,7200,34.1065989848
241541,280727,283346,39186,2619,1,7200,15.9621993127
241541,280667,283193,39126,2526,1,7200,16.4893111639
241541,280651,281871,39110,1220,1,7200,33.0573770492
241542,280822,282059,39280,1237,1,7200,32.754244139
241542,280741,281950,39199,1209,1,7200,33.4226633581
241542,280780,283433,39238,2653,1,7200,15.7900490011
241543,280859,282071,39316,1212,1,7200,33.4389438944
241543,280894,282075,39351,1181,1,7200,34.3200677392
241543,280828,283456,39285,2628,1,7200,15.948630137
241543,280887,283472,39344,2585,1,7200,16.2201160542
241544,280915,283585,39371,2670,1,7200,15.7456928839
241544,280899,283643,39355,2744,1,7200,15.3422011662
241544,280922,281874,39378,952,1,7200,42.3634453782
241544,280909,282087,39365,1178,1,7200,34.4168081494
241545,281569,283663,40024,2094,1,7200,20.1136580707
241545,280966,281944,39421,978,1,7200,41.3077709611
241545,281759,282760,40214,1001,1,7200,41.1738261738
241545,280953,283194,39408,2241,1,7200,18.5850066934
241546,281766,283902,40220,2136,1,7200,19.829588015
241546,281329,282319,39783,990,1,7200,41.1848484848
241546,281435,282446,39889,1011,1,7200,40.4549950544
241546,281339,283389,39793,2050,1,7200,20.4112195122
241547,281600,282567,40053,967,1,7200,42.4198552223
241547,281651,283790,40104,2139,1,7200,19.7489481066
241547,281489,283712,39942,2223,1,7200,18.967611336
241548,281729,283943,40181,2214,1,7200,19.1485998193
241548,281791,282742,40243,951,1,7200,43.316508938
241548,281810,284004,40262,2194,1,7200,19.3509571559
241548,281663,282611,40115,948,1,7200,43.3154008439
241549,281887,282829,40338,942,1,7200,43.821656051
241549,281867,283950,40318,2083,1,7200,20.3557369179
241549,281818,282768,40269,950,1,7200,43.3884210526
241549,281893,284046,40344,2153,1,7200,19.7385044124
241550,281899,283984,40349,2085,1,7200,20.3520383693
241550,281915,282875,40365,960,1,7200,43.046875
241550,281882,282882,40332,1000,1,7200,41.332
241550,281924,284127,40374,2203,1,7200,19.326827054
241551,281947,284178,40396,2231,1,7200,19.1066786195
241551,281963,284112,40412,2149,1,7200,19.8050255933
241551,281940,282957,40389,1017,1,7200,40.7138643068
241551,281956,283000,40405,1044,1,7200,39.7021072797
241552,282049,284175,40497,2126,1,7200,20.0484477893
241552,282070,283050,40518,980,1,7200,42.3448979592
241552,281975,282976,40423,1001,1,7200,41.3826173826
241552,282083,284324,40531,2241,1,7200,19.0861222668
241553,282095,283010,40542,915,1,7200,45.3081967213
241553,282107,284242,40554,2135,1,7200,19.9948477752
241553,282170,283128,40617,958,1,7200,43.3977035491
241554,282189,283176,40635,987,1,7200,42.170212766
241554,282265,283254,40711,989,1,7200,42.16380182
241554,282195,284475,40641,2280,1,7200,18.825
241554,282183,284196,40629,2013,1,7200,21.1833084948
241555,282330,282855,40775,525,1,7200,78.6666666667
241555,286358,288508,44803,2150,1,7200,21.8386046512
241555,286481,287002,44926,521,1,7200,87.2303262956
241555,282280,283500,40725,1220,1,7200,34.381147541
241556,282344,283533,40788,1189,1,7200,35.3044575273
241556,282400,282912,40844,512,1,7200,80.7734375
241556,282419,283602,40863,1183,1,7200,35.5418427726
241556,282425,282951,40869,526,1,7200,78.6977186312
241557,282458,283652,40901,1194,1,7200,35.2554438861
241557,282431,283667,40874,1236,1,7200,34.069579288
241557,282436,282967,40879,531,1,7200,77.9849340866
241558,282471,282993,40913,522,1,7200,79.377394636
241558,282505,283734,40947,1229,1,7200,34.3173311635
241558,282487,283728,40929,1241,1,7200,33.9806607575
241558,282493,283037,40935,544,1,7200,76.2481617647
241559,282601,283163,41042,562,1,7200,74.0284697509
241559,282535,283043,40976,508,1,7200,81.6614173228
241559,286275,287466,44716,1191,1,7200,38.5449202351
241559,282579,283801,41020,1222,1,7200,34.5679214403
241560,286761,287963,45201,1202,1,7200,38.6048252912
241560,286688,287206,45128,518,1,7200,88.1196911197
241560,286607,287155,45047,548,1,7200,83.2025547445
241560,286676,287909,45116,1233,1,7200,37.5904298459
241561,287012,288233,45451,1221,1,7200,38.2244062244
241561,287019,287535,45458,516,1,7200,89.0968992248
241561,286769,287329,45208,560,1,7200,81.7285714286
241561,287079,288272,45518,1193,1,7200,39.154233026
241562,287156,287726,45594,570,1,7200,80.9894736842
241562,287166,288403,45604,1237,1,7200,37.8666127728
241562,287218,287774,45656,556,1,7200,83.1151079137
241562,287341,288446,45779,1105,1,7200,42.428959276
241563,287401,287934,45838,533,1,7200,87.0
241563,287546,288092,45983,546,1,7200,85.2179487179
241563,287477,288606,45914,1129,1,7200,41.6678476528
241564,287945,288478,46381,533,1,7200,88.0187617261
241564,287738,288943,46174,1205,1,7200,39.3186721992
241564,287786,288324,46222,538,1,7200,86.9144981413
241564,287920,289022,46356,1102,1,7200,43.0653357532
241565,288284,288690,46719,406,1,7200,116.071428571
241565,288244,289397,46679,1153,1,7200,41.4848222029
241565,288104,288637,46539,533,1,7200,88.3151969981
241565,287975,289215,46410,1240,1,7200,38.4274193548
241566,288336,289160,46770,824,1,7200,57.7597087379
241566,288468,288898,46902,430,1,7200,110.074418605
241566,288414,288811,46848,397,1,7200,119.005037783
241566,288457,289470,46891,1013,1,7200,47.2892398815
241567,288648,289044,47081,396,1,7200,119.891414141
241567,288618,289565,47051,947,1,7200,50.6842661035
241567,288519,288933,46952,414,1,7200,114.410628019
241567,288490,289407,46923,917,1,7200,52.1701199564
241568,288823,289679,47255,856,1,7200,56.2044392523
241568,288702,289673,47134,971,1,7200,49.5417095778
241568,288910,289290,47342,380,1,7200,125.584210526
241568,288816,289197,47248,381,1,7200,125.010498688
241569,289035,289915,47466,880,1,7200,54.9386363636
241569,288956,289390,47387,434,1,7200,110.186635945
241569,288946,289916,47377,970,1,7200,49.8422680412
241569,289056,289471,47487,415,1,7200,115.426506024
241570,289223,290054,47653,831,1,7200,58.3441636582
241570,289209,289622,47639,413,1,7200,116.348668281
241570,289172,290049,47602,877,1,7200,55.2782212087
241571,289230,289627,47659,397,1,7200,121.047858942
241571,289302,290189,47731,887,1,7200,54.8117249154
241571,289401,289816,47830,415,1,7200,116.253012048
241571,289410,290280,47839,870,1,7200,55.9873563218
241572,289419,289796,47847,377,1,7200,127.915119363
241572,289576,290377,48004,801,1,7200,60.9300873908
241572,289488,289887,47916,399,1,7200,121.090225564
241572,289481,290350,47909,869,1,7200,56.1311852704
241573,289684,290082,48111,398,1,7200,121.881909548
241573,289645,290585,48072,940,1,7200,52.1404255319
241573,289691,290550,48118,859,1,7200,57.016298021
241573,289637,290036,48064,399,1,7200,121.461152882
241574,289899,290290,48325,391,1,7200,124.593350384
241574,289808,290228,48234,420,1,7200,115.842857143
241574,289828,290765,48254,937,1,7200,52.4983991462
241575,289927,290819,48352,892,1,7200,55.2062780269
241575,289934,290327,48359,393,1,7200,124.050890585
241575,290048,290925,48473,877,1,7200,56.2713797035
241575,290068,290948,48493,880,1,7200,56.1056818182
241575,290062,290456,48487,394,1,7200,124.063451777
242957,243218,279224,261,36006,2,36000,1.00724879187
246922,253734,264598,6812,10864,5,16200,1.62702503682
247759,253740,264933,5981,11193,5,16200,1.53435182703
248553,251130,269589,2577,18459,5,144000,1.13960669592
249054,258089,265486,9035,7397,5,172800,2.22144112478
249056,261664,269281,12608,7617,5,172800,2.65524484705
249084,249092,249187,8,95,1,3540,1.08421052632
249620,251135,251573,1515,438,4,18000,4.45890410959
249629,251897,252630,2268,733,4,18000,4.09413369714
249666,251902,253598,2236,1696,4,18000,2.31839622642
249738,251907,253600,2169,1693,4,18000,2.28115770821
250382,250390,250475,8,85,1,1800,1.09411764706
251192,251199,251329,7,130,1,3540,1.05384615385
252398,252643,264413,245,11770,5,28800,1.02081563297
252433,252649,269437,216,16788,5,50400,1.0128663331
253612,255704,341380,2092,85676,4,259200,1.02441757318
253618,255710,256718,2092,1008,4,18000,3.0753968254
253770,254338,352904,568,98566,10,129600,1.0057626362
253782,255715,256511,1933,796,4,18000,3.4283919598
253794,255720,256482,1926,762,4,18000,3.52755905512
253849,256730,257415,2881,685,4,18000,5.20583941606
254255,254262,259330,7,5068,1,5400,1.00138121547
257659,257667,259500,8,1833,1,1800,1.0043644299
258089,264618,273621,6529,9003,5,16200,1.72520271021
259196,259203,259264,7,61,1,1800,1.11475409836
259262,259269,259396,7,127,1,1800,1.05511811024
261663,264945,279882,3282,14937,5,16200,1.21972283591
264624,265498,277675,874,12177,5,16200,1.07177465714
264943,269297,280371,4354,11074,5,16200,1.39317319848
265494,273632,284362,8138,10730,5,16200,1.75843429637
267845,267851,271458,6,3607,1,3600,1.00166343222
269299,279893,288177,10594,8284,5,16200,2.27885079672
271401,271408,271416,7,8,1,1800,1.5
271555,271562,271645,7,83,1,1800,1.0843373494
271564,271570,271689,6,119,1,3600,1.05042016807
271763,271769,271888,6,119,1,3600,1.05042016807
271813,271820,272149,7,329,1,3600,1.02127659574
271889,271898,272001,9,103,1,1800,1.08737864078
272016,272024,272440,8,416,1,3600,1.01923076923
272392,272573,273510,181,937,1,3600,1.1931696905
272517,272688,273074,171,386,1,1800,1.44300518135
272670,272695,273412,25,717,1,3600,1.03486750349
273634,277686,286481,4052,8795,5,16200,1.46071631609
273729,273736,273744,7,8,1,1800,1.5
273876,273883,273929,7,46,1,1800,1.15217391304
274010,274017,274023,7,6,1,3600,1.3
274130,274137,274222,7,85,1,3600,1.08235294118
274141,274148,274225,7,77,1,1800,1.09090909091
274247,274254,274342,7,88,1,3600,1.07954545455
274359,274366,274619,7,253,1,3600,1.02766798419
274472,274478,274819,6,341,1,3600,1.01759530792
274854,274908,275166,54,258,1,1800,1.20930232558
274916,275013,275516,97,503,1,3600,1.19284294235
275101,275108,275572,7,464,1,3600,1.0150862069
277684,280383,291405,2699,11022,5,16200,1.24487388859
279030,279054,279134,24,80,1,1800,1.3
279366,279396,279498,30,102,1,1800,1.29411764706
279894,284374,293580,4480,9206,5,16200,1.48663914838
279963,280024,280401,61,377,1,1800,1.16180371353
280384,286493,294988,6109,8495,5,16200,1.71912889935
281520,281545,281590,25,45,1,1800,1.55555555556
281817,281826,281914,9,88,1,1800,1.10227272727
282501,282529,282785,28,256,1,1800,1.109375
283604,283638,283703,34,65,2,1800,1.52307692308
283641,283666,283697,25,31,1,1800,1.8064516129
284376,288189,296656,3813,8467,5,16200,1.45033660092
284413,284450,284474,37,24,1,1800,2.54166666667
288674,293591,295192,4917,1601,8,6000,4.07120549656
288675,295205,296824,6530,1619,8,6000,5.03335392217
291699,291707,291731,8,24,1,1800,1.33333333333
292032,319978,355994,27946,36016,3,36000,1.7759329187
293110,293116,293254,6,138,1,1800,1.04347826087
293135,378449,401379,85314,22930,4,259200,4.72062799826
293588,296667,298273,3079,1606,8,6000,2.91718555417
293811,319718,320440,25907,722,4,18000,36.8822714681
293992,294000,294004,8,4,1,600,1.2
294019,319723,320419,25704,696,4,18000,37.9310344828
294048,319729,319938,25681,209,4,18000,123.875598086
294057,319973,320209,25916,236,4,18000,110.813559322
294082,294088,294090,6,2,1,600,1.0
294123,320440,356482,26317,36042,2,36000,1.73017590589
294169,294177,294178,8,1,1,600,1.0
294281,294288,294536,7,248,4,300,1.02822580645
294281,294298,294439,17,141,1,1800,1.12056737589
294281,294293,294632,12,339,2,300,1.03539823009
294282,294548,294671,266,123,16,300,3.16260162602
294282,299533,299614,5251,81,32,300,65.8271604938
294282,294683,294844,401,161,8,300,3.49068322981
294283,305744,305817,11461,73,64,300,158.0
294363,294370,294374,7,4,1,600,1.1
294481,294488,294502,7,14,1,600,1.5
294606,294613,294625,7,12,1,600,1.58333333333
294620,333418,341300,38798,7882,20,86399,5.9223547323
294812,363418,466620,68606,103202,25,129599,1.66477393849
295204,296835,298418,1631,1583,8,6000,2.03032217309
296385,299659,300117,3274,458,16,3600,8.14847161572
296667,298288,299877,1621,1589,8,6000,2.02013845186
296831,298429,300030,1598,1601,8,6000,1.99812617114
297506,320259,321211,22753,952,1,14400,24.900210084
297582,298293,300365,711,2072,1,7200,1.34314671815
297582,298064,300134,482,2070,1,7200,1.23285024155
297582,298281,303566,699,5285,1,7200,1.13226111637
297582,297648,299827,66,2179,1,7200,1.03028912345
297582,297704,302937,122,5233,1,7200,1.02331358685
297583,298758,303808,1175,5050,1,7200,1.23267326733
297583,299538,304811,1955,5273,1,7200,1.370756685
297583,299143,301212,1560,2069,1,7200,1.75398743354
297583,299544,301641,1961,2097,1,7200,1.93514544588
297584,299627,304697,2043,5070,1,7200,1.40295857988
297584,299648,304931,2064,5283,1,7200,1.3906871096
297584,299638,304767,2054,5129,1,7200,1.40046792747
297584,299643,301707,2059,2064,1,7200,1.99757751938
297584,299632,301721,2048,2089,1,7200,1.98037338439
297585,299675,304833,2090,5158,1,7200,1.40519581233
297585,299665,304904,2080,5239,1,7200,1.39702233251
297585,299654,301761,2069,2107,1,7200,1.98196487897
297585,299681,301740,2096,2059,1,7200,2.0179698883
297585,299670,301845,2085,2175,1,7200,1.95862068966
297586,299697,304932,2111,5235,1,7200,1.40324737345
297586,299691,301777,2105,2086,1,7200,2.00910834132
297586,299702,301815,2116,2113,1,7200,2.0014197823
297586,299686,304954,2100,5268,1,7200,1.3986332574
297587,299708,304801,2121,5093,1,7200,1.41645395641
297587,299839,304902,2252,5063,1,7200,1.44479557575
297587,299713,301811,2126,2098,1,7200,2.01334604385
297587,299973,302115,2386,2142,1,7200,2.11391223156
297587,300131,305244,2544,5113,1,7200,1.49755525132
297588,300142,305212,2554,5070,1,7200,1.50374753452
297588,300158,302318,2570,2160,1,7200,2.18981481481
297588,300136,302307,2548,2171,1,7200,2.17365269461
297588,300152,305322,2564,5170,1,7200,1.49593810445
297588,300147,302292,2559,2145,1,7200,2.19300699301
297589,300174,305429,2585,5255,1,7200,1.49191246432
297589,300184,305420,2595,5236,1,7200,1.49560733384
297589,300179,302341,2590,2162,1,7200,2.19796484736
297589,300168,302278,2579,2110,1,7200,2.22227488152
297589,300163,305413,2574,5250,1,7200,1.49028571429
297590,300206,306134,2616,5928,1,7200,1.44129554656
297590,300195,305443,2605,5248,1,7200,1.49637957317
297590,300190,302264,2600,2074,1,7200,2.25361620058
297590,300211,302781,2621,2570,1,7200,2.01984435798
297590,300201,302842,2611,2641,1,7200,1.98864066641
297591,300587,306538,2996,5951,1,7200,1.50344479919
297591,305829,308491,8238,2662,1,7200,4.09466566491
297591,300219,306086,2628,5867,1,7200,1.44792909494
297591,300377,302944,2786,2567,1,7200,2.08531359564
297592,305840,308479,8248,2639,1,7200,4.12542629784
297592,305846,311746,8254,5900,1,7200,2.39898305085
297592,305856,311594,8264,5738,1,7200,2.44022307424
297592,305835,311633,8243,5798,1,7200,2.42169713694
297592,305851,308488,8259,2637,1,7200,4.13196814562
297593,305873,308467,8280,2594,1,7200,4.19198149576
297593,305883,308468,8290,2585,1,7200,4.20696324952
297593,305867,311662,8274,5795,1,7200,2.42778257118
297593,305878,311800,8285,5922,1,7200,2.39902060115
297593,305862,308484,8269,2622,1,7200,4.15369946606
297594,305894,311666,8300,5772,1,7200,2.43797643798
297594,305910,308476,8316,2566,1,7200,4.24084177708
297594,305905,311821,8311,5916,1,7200,2.40483434753
297594,305899,308515,8305,2616,1,7200,4.1746941896
297595,309477,312108,11882,2631,1,7200,5.51615355378
297595,309482,315218,11887,5736,1,7200,3.07235006974
297595,309471,315293,11876,5822,1,7200,3.03984884919
297595,305916,311683,8321,5767,1,7200,2.4428645743
297595,305921,308583,8326,2662,1,7200,4.12772351615
297596,309504,315315,11908,5811,1,7200,3.04921700224
297596,309493,315404,11897,5911,1,7200,3.01268820842
297596,309499,312127,11903,2628,1,7200,5.52929984779
297596,319734,322370,22138,2636,1,7200,9.39833080425
297596,309488,312050,11892,2562,1,7200,5.64168618267
297597,320192,326131,22595,5939,1,7200,4.8045125442
297597,323946,326590,26349,2644,1,7200,10.9655824508
297597,320198,322862,22601,2664,1,7200,9.48385885886
297597,320220,325985,22623,5765,1,7200,4.92419774501
297605,301759,307675,4154,5916,1,7200,1.70216362407
297605,301754,304316,4149,2562,1,7200,2.61943793911
297637,301654,305460,4017,3806,1,7200,2.05543878087
297637,301224,302978,3587,1754,1,7200,3.04503990878
297691,301807,302344,4116,537,1,7200,8.66480446927
297691,301823,303134,4132,1311,1,7200,4.15179252479
297692,301830,302405,4138,575,1,7200,8.19652173913
297830,302417,304261,4587,1844,1,1800,3.48752711497
298107,378500,387999,80393,9499,4,259200,9.46331192757
298149,301090,303377,2941,2287,1,36000,2.28596414517
298150,320460,322295,22310,1835,1,36000,13.1580381471
298150,320476,329845,22326,9369,1,36000,3.38296509766
298150,320471,333432,22321,12961,1,36000,2.7221664995
298150,320465,327265,22315,6800,1,36000,4.28161764706
298194,396913,656123,98719,259210,4,259200,1.38084564639
298369,299888,301500,1519,1612,8,6000,1.94230769231
298397,320482,323306,22085,2824,1,36000,8.8204674221
298397,320498,356513,22101,36015,1,36000,1.61366097459
298397,320492,332709,22095,12217,1,36000,2.80854546943
298397,320487,323639,22090,3152,1,36000,8.00824873096
298398,320503,335340,22105,14837,1,36000,2.48985643998
298433,300041,301656,1608,1615,8,6000,1.99566563467
298908,302050,302783,3142,733,1,1800,5.28649386085
298922,298930,298946,8,16,1,300,1.5
298963,354803,364240,55840,9437,1,36000,6.91713468263
298963,320508,323444,21545,2936,1,36000,8.33821525886
298963,352831,355975,53868,3144,1,36000,18.1335877863
298964,356016,392023,57052,36007,1,36000,2.58446968645
298964,354843,390891,55879,36048,1,36000,2.55012760763
298965,352062,469215,53097,117153,1,259200,1.45322783027
299100,358174,369272,59074,11098,1,36000,6.32294107046
299100,358169,385995,59069,27826,1,36000,3.12279882125
299100,358180,394196,59080,36016,1,36000,2.64038205242
299101,358185,394191,59084,36006,1,36000,2.64094873077
299101,358190,394224,59089,36034,1,36000,2.6398123994
299886,302360,309575,2474,7215,1,7200,1.3428967429
299890,301512,303124,1622,1612,8,6000,2.00620347395
300038,301669,303272,1631,1603,8,6000,2.01746724891
300122,358280,520286,58158,162006,1,162000,1.3589867042
301518,303135,304741,1617,1606,8,6000,2.00684931507
301666,303284,304889,1618,1605,8,6000,2.00809968847
301844,302681,308144,837,5463,2,7200,1.15321252059
302533,341393,351013,38860,9620,20,86399,5.0395010395
303011,303017,303805,6,788,1,1800,1.0076142132
303141,304753,306335,1612,1582,8,6000,2.01896333755
303289,304901,306496,1612,1595,8,6000,2.01065830721
303349,303355,305732,6,2377,2,7200,1.00252419016
303418,303431,307907,13,4476,2,7200,1.00290437891
303885,320434,323033,16549,2599,4,32400,7.36744901885
304109,304116,305107,7,991,1,1800,1.00706357215
304261,411750,429402,107489,17652,4,259200,7.0893383186
304414,411756,480356,107342,68600,4,259200,2.56475218659
304515,327343,341797,22828,14454,4,18000,2.57935519579
304515,323753,330886,19238,7133,4,18000,3.69704191785
304529,411761,486544,107232,74783,4,259200,2.43390877606
304702,411766,435127,107064,23361,4,259200,5.58302298703
304753,306346,307969,1593,1623,8,6000,1.98151571165
304791,304798,308434,7,3636,1,3600,1.00192519252
304901,306508,308125,1607,1617,8,6000,1.9938157081
304918,319282,377479,14364,58197,128,90000,1.24681684623
305233,305889,309499,656,3610,2,3600,1.18171745152
306352,307980,309587,1628,1607,8,6000,2.01306782825
306510,308137,309719,1627,1582,8,6000,2.02844500632
306653,306660,306704,7,44,8,60,1.15909090909
306794,415730,429418,108936,13688,1,28800,8.95850379895
306794,320265,327906,13471,7641,1,28800,2.76298913755
306794,415725,417035,108931,1310,1,28800,84.1534351145
306794,415608,417437,108814,1829,1,28800,60.4937124112
306795,415741,418865,108946,3124,1,28800,35.8738796415
306795,415746,444553,108951,28807,1,28800,4.78210157253
306795,415752,429113,108957,13361,1,28800,9.15485367862
306795,415736,420963,108941,5227,1,28800,21.8419743639
306796,415763,420702,108967,4939,1,28800,23.0625632719
306796,415768,418226,108972,2458,1,28800,45.3336045566
306796,415757,424266,108961,8509,1,28800,13.8053825361
306796,415779,424489,108983,8710,1,28800,13.5123995408
306796,415773,417445,108977,1672,1,28800,66.1776315789
306797,415784,420863,108987,5079,1,28800,22.4583579445
306797,415800,427763,109003,11963,1,28800,10.1116776728
306797,415789,419579,108992,3790,1,28800,29.7577836412
306797,417047,431960,110250,14913,1,28800,8.39287869644
306797,415795,444645,108998,28850,1,28800,4.77809358752
306798,417449,418722,110651,1273,1,28800,87.9214454046
306798,417233,418658,110435,1425,1,28800,78.498245614
306798,417209,421098,110411,3889,1,28800,29.3905888403
306798,418734,427616,111936,8882,1,28800,13.6025669894
306799,421111,430019,114312,8908,1,28800,13.8325101033
306799,418877,422872,112078,3995,1,28800,29.0545682103
306799,419626,423489,112827,3863,1,28800,30.207092933
306799,419858,437703,113059,17845,1,28800,7.33561221631
306799,430031,437334,123232,7303,1,28800,17.8741613036
306800,433536,437446,126736,3910,1,28800,33.4132992327
306800,421186,422850,114386,1664,1,28800,69.7415865385
306800,431973,433523,125173,1550,1,28800,81.7567741935
306800,421223,430078,114423,8855,1,28800,13.921852061
306800,421180,425485,114380,4305,1,28800,27.5691056911
306801,442703,452293,135902,9590,1,28800,15.1712200209
306801,437458,464044,130657,26586,1,28800,5.91450387422
306801,438186,451438,131385,13252,1,28800,10.9143525506
306801,435144,438174,128343,3030,1,28800,43.3574257426
306802,446973,447088,140171,115,1,28800,1219.87826087
306802,446628,446960,139826,332,1,28800,422.162650602
306802,446586,446616,139784,30,1,28800,4660.46666667
306802,446432,446529,139630,97,1,28800,1440.48453608
306802,446541,446572,139739,31,1,28800,4508.70967742
306803,447100,447198,140297,98,1,28800,1432.60204082
306803,447845,448175,141042,330,1,28800,428.4
306803,447210,448273,140407,1063,1,28800,133.085606773
306803,448186,448470,141383,284,1,28800,498.827464789
306804,448221,454297,141417,6076,1,28800,24.2746872943
306804,448482,449481,141678,999,1,28800,142.81981982
306804,449493,449647,142689,154,1,28800,927.551948052
306804,448285,449667,141481,1382,1,28800,103.374095514
306804,449659,449721,142855,62,1,28800,2305.11290323
306805,449733,452421,142928,2688,1,28800,54.1726190476
306805,450233,450703,143428,470,1,28800,306.165957447
306805,449749,450220,142944,471,1,28800,304.49044586
306805,449680,449737,142875,57,1,28800,2507.57894737
306806,450565,468472,143759,17907,1,28800,9.02808957391
306806,450576,452294,143770,1718,1,28800,84.6845168801
306806,450570,453016,143764,2446,1,28800,59.7751430908
307775,307783,307825,8,42,8,60,1.19047619048
307945,307953,311604,8,3651,32,3600,1.0021911805
307984,309599,311206,1615,1607,8,6000,2.00497822029
308133,309757,311343,1624,1586,8,6000,2.02395964691
308145,308152,308200,7,48,1,1800,1.14583333333
308248,313363,319732,5115,6369,5,50400,1.80310880829
308336,308344,308382,8,38,16,60,1.21052631579
308436,308503,308561,67,58,16,60,2.15517241379
308471,378421,455037,69950,76616,24,86400,1.91299467474
308614,308621,308666,7,45,16,60,1.15555555556
308716,308723,308791,7,68,16,60,1.10294117647
308868,308875,308976,7,101,16,60,1.06930693069
309200,309207,309395,7,188,16,3600,1.03723404255
309212,313369,326271,4157,12902,5,21600,1.32219810882
309395,309402,311252,7,1850,1,1800,1.00378378378
309517,363334,435364,53817,72030,16,72000,1.74714702207
309523,370480,442654,60957,72174,16,72000,1.84458392219
309733,378432,450628,68699,72196,16,72000,1.95156241343
309796,378438,450553,68642,72115,16,72000,1.95184080982
309799,309851,309867,52,16,1,3000,4.25
309822,309856,309878,34,22,1,1800,2.54545454545
309887,309895,311704,8,1809,1,1800,1.00442233278
310555,378443,396901,67888,18458,4,86400,4.67797161123
312005,312011,312050,6,39,1,1800,1.15384615385
312199,312205,312270,6,65,2,1800,1.09230769231
312266,312273,312278,7,5,4,1800,1.2
312315,312321,314141,6,1820,4,1800,1.0032967033
312329,312336,312405,7,69,2,1800,1.10144927536
312416,312422,312442,6,20,2,1800,1.3
312524,312530,312591,6,61,4,1800,1.09836065574
312588,312594,314404,6,1810,4,1800,1.00331491713
312640,312646,312671,6,25,1,10800,1.24
312677,312683,323533,6,10850,2,10800,1.00055299539
312770,312776,312890,6,114,1,1800,1.05263157895
312838,312844,316465,6,3621,8,3600,1.00165700083
313029,313035,317141,6,4106,32,5400,1.00146127618
313227,313233,313790,6,557,1,1800,1.01077199282
313546,378506,411075,64960,32569,3,86400,2.99453468022
314916,314923,314997,7,74,5,21600,1.09459459459
314917,314928,314997,11,69,5,21600,1.15942028986
315389,320187,320221,4798,34,2,7200,142.117647059
315595,320254,334669,4659,14415,1,14400,1.3232049948
316340,319967,320102,3627,135,1,3540,27.8666666667
316525,316537,317483,12,946,2,900,1.01268498943
316525,316543,317106,18,563,1,900,1.03197158082
316526,317160,318071,634,911,16,900,1.69593852909
316526,316532,317483,6,951,4,900,1.00630914826
316526,317165,318087,639,922,8,900,1.69305856833
316527,317154,318078,627,924,64,900,1.67857142857
316527,318090,319007,1563,917,32,900,2.70447110142
316699,316706,316861,7,155,4,1800,1.04516129032
317356,319957,321301,2601,1344,2,5400,2.93526785714
317571,351227,356644,33656,5417,32,5400,7.21303304412
317681,357960,363406,40279,5446,32,5400,8.39607051047
317704,319962,323576,2258,3614,2,3600,1.62479247371
317709,319951,323576,2242,3625,4,3600,1.61848275862
318056,378427,383835,60371,5408,32,5400,12.1632766272
318062,383873,387571,65811,3698,32,5400,18.7963764197
318067,387584,391275,69517,3691,32,5400,19.8341912761
318072,391288,394965,73216,3677,32,5400,20.9118846886
318077,394978,398654,76901,3676,32,5400,21.919749728
318081,398671,402327,80590,3656,32,5400,23.0432166302
318087,409121,413308,91034,4187,32,5400,22.7420587533
318093,436922,441120,118829,4198,32,5400,29.306098142
318099,442666,446855,124567,4189,32,5400,30.7366913344
318105,450777,454987,132672,4210,32,5400,32.5135391924
319770,319777,319780,7,3,5,50400,1.0
319771,319783,319786,12,3,5,50400,1.5
320088,320094,320097,6,3,5,50400,1.0
320089,320101,320103,12,2,5,50400,1.4
320180,320203,320204,23,1,5,144000,2.4
320180,320208,320209,28,1,5,144000,2.9
320195,320215,320295,20,80,1,1800,1.25
320219,320270,336704,51,16434,5,50400,1.00310332238
320220,320275,337302,55,17027,5,50400,1.00323016386
320495,320516,321191,21,675,1,1800,1.03111111111
320652,322383,322385,1731,2,1,21600,173.3
320654,322473,323548,1819,1075,1,21600,2.69209302326
320654,322874,323740,2220,866,1,21600,3.56351039261
320654,323319,324464,2665,1145,1,21600,3.32751091703
320655,323623,325304,2968,1681,1,21600,2.76561570494
320655,323457,325377,2802,1920,1,21600,2.459375
320655,323618,325783,2963,2165,1,21600,2.36859122402
320655,323560,325196,2905,1636,1,21600,2.77567237164
320656,326148,327425,5492,1277,1,21600,5.30070477682
320656,323628,324715,2972,1087,1,21600,3.73413063477
320656,323634,324676,2978,1042,1,21600,3.85796545106
320656,326143,326145,5487,2,1,21600,548.9
320657,326154,327330,5497,1176,1,21600,5.67431972789
320657,326165,327785,5508,1620,1,21600,4.4
320657,326159,328732,5502,2573,1,21600,3.13835989118
320658,326175,327726,5517,1551,1,21600,4.55705996132
320658,326181,329410,5523,3229,1,21600,2.7104366677
320658,326170,328135,5512,1965,1,21600,3.80508905852
320658,326186,328192,5528,2006,1,21600,3.7557328016
320659,326202,329924,5543,3722,1,21600,2.48925308974
320659,326197,327817,5538,1620,1,21600,4.41851851852
320659,326191,328315,5532,2124,1,21600,3.60451977401
320660,326207,327184,5547,977,1,21600,6.67758444217
320660,326223,328450,5563,2227,1,21600,3.49797934441
320660,326218,329745,5558,3527,1,21600,2.57584349305
320660,326213,328149,5553,1936,1,21600,3.86828512397
320661,327208,328870,6547,1662,1,21600,4.93922984356
320661,328882,330045,8221,1163,1,21600,8.06878761823
320662,329943,329944,9281,1,1,21600,928.2
320662,329160,330383,8498,1223,1,21600,7.94848732625
320662,329938,330654,9276,716,1,21600,13.9553072626
320662,329948,331551,9286,1603,1,21600,6.79288833437
320663,329954,331812,9291,1858,1,21600,6.00053821313
320663,329959,329960,9296,1,1,21600,929.7
320663,329964,330566,9301,602,1,21600,16.450166113
320664,329975,330618,9311,643,1,21600,15.4805598756
320664,329986,331290,9322,1304,1,21600,8.14877300613
320664,329970,330636,9306,666,1,21600,14.972972973
320664,329980,331185,9316,1205,1,21600,8.73112033195
320665,329996,331037,9331,1041,1,21600,9.96349663785
320665,330002,332612,9337,2610,1,21600,4.57739463602
320665,329991,331329,9326,1338,1,21600,7.97010463378
320666,330899,332182,10233,1283,1,21600,8.97583787997
320666,330012,330913,9346,901,1,21600,11.3729189789
320666,330018,330918,9352,900,1,21600,11.3911111111
320666,330007,331228,9341,1221,1,21600,8.65028665029
320667,331241,332388,10574,1147,1,21600,10.218831735
320667,331247,332180,10580,933,1,21600,12.3397642015
320667,331252,332855,10585,1603,1,21600,7.60324391765
320668,331273,331274,10605,1,1,21600,1060.6
320668,331268,331269,10600,1,1,21600,1060.1
320668,331257,331258,10589,1,1,21600,1059.0
320668,331263,331265,10595,2,1,21600,1059.7
320669,331284,335085,10615,3801,1,21600,3.79268613523
320669,331290,332947,10621,1657,1,21600,7.40977670489
320670,331306,331893,10636,587,1,21600,19.1192504259
320670,331300,331994,10630,694,1,21600,16.3170028818
320670,331295,332877,10625,1582,1,21600,7.71618204804
320671,331322,333525,10651,2203,1,21600,5.83477076714
320671,331316,332441,10645,1125,1,21600,10.4622222222
320671,331311,332228,10640,917,1,21600,12.6030534351
320672,332241,333407,11569,1166,1,21600,10.9219554031
320672,334453,335550,13781,1097,1,21600,13.5624430264
320672,335380,336928,14708,1548,1,21600,10.5012919897
320672,333538,334441,12866,903,1,21600,15.2480620155
320673,337213,339388,16540,2175,1,21600,8.60459770115
320673,335562,338419,14889,2857,1,21600,6.21141057053
320673,336939,340980,16266,4041,1,21600,5.02524127691
320674,338432,339362,17758,930,1,21600,20.0946236559
320674,339374,339890,18700,516,1,21600,37.2403100775
320674,339902,341024,19228,1122,1,21600,18.137254902
320674,339400,340028,18726,628,1,21600,30.8184713376
320675,340992,345002,20317,4010,1,21600,6.06658354115
320675,341037,342026,20362,989,1,21600,21.5884732053
320675,340040,341073,19365,1033,1,21600,19.7463697967
320676,341086,342623,20410,1537,1,21600,14.2791151594
320676,342494,343205,21818,711,1,21600,31.6863572433
320676,342039,342604,21363,565,1,21600,38.810619469
320677,342636,344312,21959,1676,1,21600,14.1020286396
320677,342642,343487,21965,845,1,21600,26.9940828402
320678,344075,345338,23397,1263,1,21600,19.5249406176
320678,343545,344375,22867,830,1,21600,28.5506024096
320678,343217,344063,22539,846,1,21600,27.6418439716
320679,346484,349191,25805,2707,1,21600,10.5326930181
320679,344388,345706,23709,1318,1,21600,18.9886191199
320679,344324,345670,23645,1346,1,21600,18.5668647845
320679,345350,346375,24671,1025,1,21600,25.0692682927
320680,346738,349651,26058,2913,1,21600,9.94541709578
320680,346744,347981,26064,1237,1,21600,22.070331447
320680,346733,348637,26053,1904,1,21600,14.6832983193
320681,346760,348279,26079,1519,1,21600,18.1685319289
320681,346754,348436,26073,1682,1,21600,16.5011890606
320681,346749,349267,26068,2518,1,21600,11.3526608419
320681,348454,349465,27773,1011,1,21600,28.4708209693
320682,351633,353066,30951,1433,1,21600,22.5987438939
320682,352044,353524,31362,1480,1,21600,22.1905405405
320682,350712,351701,30030,989,1,21600,31.3640040445
320683,346770,347262,26087,492,1,21600,54.0223577236
320683,346765,347481,26082,716,1,21600,37.4273743017
320683,346870,350402,26187,3532,1,21600,8.41421291053
320683,346875,350964,26192,4089,1,21600,7.40547811201
320684,348459,352485,27775,4026,1,21600,7.89890710383
320684,348465,348688,27781,223,1,21600,125.578475336
320684,348449,350211,27765,1762,1,21600,16.757661748
320684,347303,349352,26619,2049,1,21600,13.9912152269
320685,348475,348910,27790,435,1,21600,64.8850574713
320685,348470,348932,27785,462,1,21600,61.1406926407
320685,348481,348903,27796,422,1,21600,66.8672985782
320686,348491,348882,27805,391,1,21600,72.1125319693
320686,348497,348974,27811,477,1,21600,59.3039832285
320686,348486,348931,27800,445,1,21600,63.4719101124
320686,348502,349443,27816,941,1,21600,30.560042508
320687,348523,349557,27836,1034,1,21600,27.920696325
320687,348518,349246,27831,728,1,21600,39.2293956044
320687,348507,349135,27820,628,1,21600,45.2993630573
320687,348513,349729,27826,1216,1,21600,23.8832236842
320688,349226,349460,28538,234,1,21600,122.957264957
320688,348529,349357,27841,828,1,21600,34.6243961353
320688,349308,351009,28620,1701,1,21600,17.8253968254
320689,349427,349654,28738,227,1,21600,127.599118943
320689,349583,350131,28894,548,1,21600,53.7262773723
320689,349392,350760,28703,1368,1,21600,21.9817251462
320689,349505,349852,28816,347,1,21600,84.0432276657
320690,349671,350051,28981,380,1,21600,77.2657894737
320690,349741,350164,29051,423,1,21600,69.6784869976
320690,349663,349967,28973,304,1,21600,96.3059210526
320691,349864,350277,29173,413,1,21600,71.6368038741
320691,349979,350381,29288,402,1,21600,73.855721393
320691,350143,350412,29452,269,1,21600,110.486988848
320691,350064,350623,29373,559,1,21600,53.5456171735
320692,350176,350608,29484,432,1,21600,69.25
320692,350289,350670,29597,381,1,21600,78.6824146982
320692,350224,350866,29532,642,1,21600,47.0
320693,350424,351030,29731,606,1,21600,50.0610561056
320693,350414,350946,29721,532,1,21600,56.8665413534
320693,350620,351215,29927,595,1,21600,51.2974789916
320693,350393,352399,29700,2006,1,21600,15.8055832502
320694,350685,351090,29991,405,1,21600,75.0518518519
320694,350675,352796,29981,2121,1,21600,15.1353135314
320694,350680,350974,29986,294,1,21600,102.993197279
320694,350635,351116,29941,481,1,21600,63.2474012474
320695,350696,351166,30001,470,1,21600,64.8319148936
320695,350691,351170,29996,479,1,21600,63.6221294363
320695,350701,353024,30006,2323,1,21600,13.9169177787
320696,350707,351154,30011,447,1,21600,68.1387024609
320696,350717,351291,30021,574,1,21600,53.3013937282
320696,350723,351397,30027,674,1,21600,45.5504451039
320697,350733,351757,30036,1024,1,21600,30.33203125
320697,350739,352209,30042,1470,1,21600,21.4367346939
320697,350728,351334,30031,606,1,21600,50.5561056106
320698,350755,352104,30057,1349,1,21600,23.280948851
320698,350750,351620,30052,870,1,21600,35.5425287356
320698,350744,353784,30046,3040,1,21600,10.8835526316
320698,350763,352050,30065,1287,1,21600,24.3605283605
320699,350976,351263,30277,287,1,21600,106.494773519
320699,350772,351526,30073,754,1,21600,40.8846153846
320699,350958,352111,30259,1153,1,21600,27.2437120555
320700,351135,351410,30435,275,1,21600,111.672727273
320700,351347,351613,30647,266,1,21600,116.214285714
320700,351309,351569,30609,260,1,21600,118.726923077
320700,351025,352795,30325,1770,1,21600,18.1327683616
320701,351437,352001,30736,564,1,21600,55.4964539007
320701,351355,353609,30654,2254,1,21600,14.5998225377
320701,351445,352001,30744,556,1,21600,56.2949640288
320702,351581,353404,30879,1823,1,21600,17.9385628086
320702,351625,353669,30923,2044,1,21600,16.1286692759
320702,351544,354230,30842,2686,1,21600,12.4825018615
320702,351713,354758,31011,3045,1,21600,11.1842364532
320703,352013,353089,31310,1076,1,21600,30.0985130112
320703,352031,352032,31328,1,1,21600,3132.9
320703,351769,352594,31066,825,1,21600,38.6557575758
320704,352125,352359,31421,234,1,21600,135.277777778
320704,359870,359871,39166,1,1,21600,3916.7
320705,360033,360332,39328,299,1,21600,132.531772575
320705,352133,352377,31428,244,1,21600,129.803278689
320705,360098,360400,39393,302,1,21600,131.440397351
320705,352221,352502,31516,281,1,21600,113.15658363
320706,352411,354218,31705,1807,1,21600,18.5456557831
320706,352389,353986,31683,1597,1,21600,20.8390732624
320706,352498,353517,31792,1019,1,21600,32.1992149166
320706,352372,361607,31666,9235,1,21600,4.42891174878
320707,352514,353031,31807,517,1,21600,62.5222437137
320707,352607,353091,31900,484,1,21600,66.9090909091
320707,352839,353444,32132,605,1,21600,54.1107438017
320708,358196,358737,37488,541,1,21600,70.2939001848
320708,358201,359091,37493,890,1,21600,43.1269662921
320708,354242,354777,33534,535,1,21600,63.6803738318
320709,358223,359760,37514,1537,1,21600,25.4072869226
320709,358212,358691,37503,479,1,21600,79.2943632568
320709,358218,358606,37509,388,1,21600,97.6726804124
320709,358207,358594,37498,387,1,21600,97.8940568475
320710,358229,359554,37519,1325,1,21600,29.3162264151
320710,358634,359307,37924,673,1,21600,57.3506686478
320710,358234,359280,37524,1046,1,21600,36.8738049713
320711,358675,359665,37964,990,1,21600,39.3474747475
320711,358731,358733,38020,2,1,21600,3802.2
320711,358809,358810,38098,1,1,21600,3809.9
320712,358899,359241,38187,342,1,21600,112.657894737
320712,358844,358845,38132,1,1,21600,3813.3
320712,358880,360741,38168,1861,1,21600,21.5094035465
320713,359293,359756,38580,463,1,21600,84.3261339093
320713,359103,359426,38390,323,1,21600,119.854489164
320713,359319,360020,38606,701,1,21600,56.0727532097
320713,359254,360648,38541,1394,1,21600,28.6477761836
320714,359438,360086,38724,648,1,21600,60.7592592593
320714,359566,360325,38852,759,1,21600,52.1884057971
320715,359731,359732,39016,1,1,21600,3901.7
320716,359768,361614,39052,1846,1,21600,22.1549295775
320716,359776,361742,39060,1966,1,21600,20.8677517803
320716,359884,360875,39168,991,1,21600,40.5237134208
320716,359781,360554,39065,773,1,21600,51.5368693402
320717,360338,361002,39621,664,1,21600,60.6701807229
320717,361064,361607,40347,543,1,21600,75.3038674033
320717,360345,361052,39628,707,1,21600,57.0509193777
320718,360566,363162,39848,2596,1,21600,16.3497688752
320718,360753,361363,40035,610,1,21600,66.631147541
320718,360412,361178,39694,766,1,21600,52.819843342
320718,360661,361840,39943,1179,1,21600,34.8787107718
320719,360886,361650,40167,764,1,21600,53.5746073298
320719,362392,363083,41673,691,1,21600,61.3082489146
320719,361015,361883,40296,868,1,21600,47.4239631336
320720,362397,363075,41677,678,1,21600,62.4705014749
320720,361375,362195,40655,820,1,21600,50.5792682927
320720,361583,362194,40863,611,1,21600,67.8788870704
320720,361190,362459,40470,1269,1,21600,32.8912529551
320721,361594,362348,40873,754,1,21600,55.2082228117
320721,361599,362284,40878,685,1,21600,60.6759124088
320721,361605,362273,40884,668,1,21600,62.2035928144
320721,361589,363913,40868,2324,1,21600,18.5851979346
320722,361610,362732,40888,1122,1,21600,37.4420677362
320722,361621,362001,40899,380,1,21600,108.628947368
320722,361615,362160,40893,545,1,21600,76.0330275229
320723,361626,361818,40903,192,1,21600,214.036458333
320723,361632,361964,40909,332,1,21600,124.219879518
320723,361637,361972,40914,335,1,21600,123.131343284
320724,361888,362730,41164,842,1,21600,49.8883610451
320724,361653,362395,40929,742,1,21600,56.1603773585
320724,361648,362084,40924,436,1,21600,94.8623853211
320724,361642,364202,40918,2560,1,21600,16.98359375
320725,362354,362868,41629,514,1,21600,81.9902723735
320725,362344,362924,41619,580,1,21600,72.7568965517
320725,362349,362933,41624,584,1,21600,72.2739726027
320725,362360,363111,41635,751,1,21600,56.4394141145
320726,362365,362848,41639,483,1,21600,87.2091097308
320726,362370,362864,41644,494,1,21600,85.2995951417
320726,362376,363778,41650,1402,1,21600,30.7075606277
320727,362386,363322,41659,936,1,21600,45.5074786325
320727,362408,363291,41681,883,1,21600,48.2038505096
320727,362381,363196,41654,815,1,21600,52.109202454
320727,362402,363167,41675,765,1,21600,55.477124183
320728,362413,363310,41685,897,1,21600,47.4715719064
320728,364252,365189,43524,937,1,21600,47.4503735326
320728,362419,363438,41691,1019,1,21600,41.9136408243
320728,362424,363672,41696,1248,1,21600,34.4102564103
320729,365271,366107,44542,836,1,21600,54.2799043062
320729,362742,364438,42013,1696,1,21600,25.7718160377
320729,363174,364522,42445,1348,1,21600,32.487388724
320730,365389,366324,44659,935,1,21600,48.7636363636
320730,365201,366788,44471,1587,1,21600,29.0220541903
320730,364450,365258,43720,808,1,21600,55.1089108911
320730,364535,365349,43805,814,1,21600,54.8144963145
320731,366148,367419,45417,1271,1,21600,36.7332808812
320731,366352,367454,45621,1102,1,21600,42.3983666062
320731,366800,367770,46069,970,1,21600,48.493814433
320732,451333,452373,130601,1040,1,21600,126.577884615
320732,367431,368269,46699,838,1,21600,56.7267303103
320732,367782,368846,47050,1064,1,21600,45.219924812
320732,367466,368727,46734,1261,1,21600,38.0610626487
320733,368859,370306,48126,1447,1,21600,34.2591568763
320733,368740,370230,48007,1490,1,21600,33.2194630872
320733,368281,369231,47548,950,1,21600,51.0505263158
320734,370270,371841,49536,1571,1,21600,32.5315085933
320734,371882,373784,51148,1902,1,21600,27.8916929548
320734,369243,370466,48509,1223,1,21600,40.6639411284
320734,369284,370306,48550,1022,1,21600,48.5048923679
320735,372490,374029,51755,1539,1,21600,34.6289798571
320735,381694,383228,60959,1534,1,21600,40.7385919166
320735,378818,381648,58083,2830,1,21600,21.5240282686
320736,393276,394693,72540,1417,1,21600,52.1926605505
320736,395050,398166,74314,3116,1,21600,24.8491655969
320736,395972,397487,75236,1515,1,21600,50.6607260726
320736,394721,395960,73985,1239,1,21600,60.7134786118
320737,397499,398353,76762,854,1,21600,90.8852459016
320737,398178,400107,77441,1929,1,21600,41.1456713323
320737,398366,400859,77629,2493,1,21600,32.1387886081
320737,397196,398652,76459,1456,1,21600,53.5130494505
320738,405871,407065,85133,1194,1,21600,72.3006700168
320738,400119,403656,79381,3537,1,21600,23.4430308171
320738,398664,400494,77926,1830,1,21600,43.5825136612
320739,406698,408352,85959,1654,1,21600,52.9703748489
320739,406324,406686,85585,362,1,21600,237.422651934
320739,406058,406430,85319,372,1,21600,230.352150538
320740,407115,407835,86375,720,1,21600,120.965277778
320741,408364,409277,87623,913,1,21600,96.9726177437
320741,408785,409572,88044,787,1,21600,112.872935197
320741,407847,408526,87106,679,1,21600,129.285714286
320741,408538,409260,87797,722,1,21600,122.602493075
320742,409273,410147,88531,874,1,21600,102.294050343
320742,409126,409786,88384,660,1,21600,134.915151515
320742,409183,409910,88441,727,1,21600,122.651994498
320743,409315,409316,88572,1,1,21600,8857.3
320743,409289,409290,88546,1,1,21600,8854.7
320743,409328,411079,88585,1751,1,21600,51.5910908053
320744,409798,411450,89054,1652,1,21600,54.906779661
320744,409584,411590,88840,2006,1,21600,45.2871385842
320744,409922,411648,89178,1726,1,21600,52.6674391657
320745,410162,410654,89417,492,1,21600,182.741869919
320745,410666,413001,89921,2335,1,21600,39.5100642398
320745,411093,411737,90348,644,1,21600,141.291925466
320745,409980,411887,89235,1907,1,21600,47.7933927635
320746,411242,411971,90496,729,1,21600,125.137174211
320746,411100,411819,90354,719,1,21600,126.66620306
320747,411899,412754,91152,855,1,21600,107.610526316
320747,411832,412808,91085,976,1,21600,94.324795082
320747,411983,413368,91236,1385,1,21600,66.874368231
320747,411463,413542,90716,2079,1,21600,44.6344396344
320748,413021,414440,92273,1419,1,21600,66.0267794221
320748,412820,413691,92072,871,1,21600,106.708381171
320748,413016,414068,92268,1052,1,21600,88.7072243346
320749,413038,414262,92289,1224,1,21600,76.3995098039
320749,413043,415746,92294,2703,1,21600,35.1450240474
320749,413027,414083,92278,1056,1,21600,88.384469697
320749,413032,414378,92283,1346,1,21600,69.5609212481
320750,413059,414595,92309,1536,1,21600,61.0970052083
320750,413048,414963,92298,1915,1,21600,49.1973890339
320750,413054,415764,92304,2710,1,21600,35.0605166052
320751,413075,414628,92324,1553,1,21600,60.4488087572
320751,413070,416100,92319,3030,1,21600,31.4683168317
320751,413065,414417,92314,1352,1,21600,69.2795857988
320751,413081,415910,92330,2829,1,21600,33.6369741958
320752,413094,414553,92342,1459,1,21600,64.2912954078
320752,413756,414122,93004,366,1,21600,255.109289617
320752,413380,415843,92628,2463,1,21600,38.6077953715
320753,413841,414822,93088,981,1,21600,95.8909276249
320753,414566,415328,93813,762,1,21600,124.114173228
320753,414233,415174,93480,941,1,21600,100.341126461
320753,414656,415321,93903,665,1,21600,142.207518797
320754,414640,415056,93886,416,1,21600,226.6875
320754,414666,415278,93912,612,1,21600,154.450980392
320754,414607,415526,93853,919,1,21600,103.125136017
320754,414661,415288,93907,627,1,21600,150.771929825
320755,415290,415685,94535,395,1,21600,240.329113924
320755,414672,415054,93917,382,1,21600,246.856020942
320755,415125,415486,94370,361,1,21600,262.412742382
320756,415312,415737,94556,425,1,21600,223.484705882
320756,415301,415838,94545,537,1,21600,177.061452514
320756,415295,415745,94539,450,1,21600,211.086666667
320756,415306,415754,94550,448,1,21600,212.049107143
320757,415341,415952,94584,611,1,21600,155.801963993
320758,415855,417197,95097,1342,1,21600,71.8621460507
320759,422884,424224,102125,1340,1,21600,77.2126865672
320759,418187,419310,97428,1123,1,21600,87.7569011576
320759,416445,417221,95686,776,1,21600,124.306701031
320759,416112,416433,95353,321,1,21600,298.049844237
320760,424236,425625,103476,1389,1,21600,75.4967602592
320760,450592,451734,129832,1142,1,21600,114.6882662
320760,450842,451294,130082,452,1,21600,288.792035398
320761,451241,451243,130480,2,1,21600,13048.2
320761,450847,451210,130086,363,1,21600,359.363636364
320761,451234,456837,130473,5603,1,21600,24.2862752097
320762,451259,451260,130497,1,1,21600,13049.8
320762,451251,451252,130489,1,1,21600,13049.0
320762,451246,451247,130484,1,1,21600,13048.5
320763,451275,451276,130512,1,1,21600,13051.3
320763,451264,451265,130501,1,1,21600,13050.2
320763,451301,455477,130538,4176,1,21600,32.2590996169
320764,451311,451939,130547,628,1,21600,208.877388535
320764,451338,452011,130574,673,1,21600,195.017830609
320764,451306,452057,130542,751,1,21600,174.824234354
320765,451328,461514,130563,10186,1,21600,13.8178872963
320765,451322,451936,130557,614,1,21600,213.633550489
320765,451317,452798,130552,1481,1,21600,89.151249156
320765,451344,452074,130579,730,1,21600,179.875342466
320766,451349,452153,130583,804,1,21600,163.416666667
320766,451354,454233,130588,2879,1,21600,46.3588051407
320766,451362,452628,130596,1266,1,21600,104.156398104
320766,452086,452600,131320,514,1,21600,256.486381323
320767,451746,453697,130979,1951,1,21600,68.1342901076
320767,451451,452514,130684,1063,1,21600,123.938852305
320767,451403,452410,130636,1007,1,21600,130.727904667
320768,451962,452992,131194,1030,1,21600,128.372815534
320768,452024,452785,131256,761,1,21600,173.478318003
320768,451949,452843,131181,894,1,21600,147.734899329
320769,452070,452921,131301,851,1,21600,155.290246769
320769,452166,453086,131397,920,1,21600,143.822826087
320769,452460,453239,131691,779,1,21600,170.051347882
320770,452398,452399,131628,1,1,21600,13162.9
320770,452313,453212,131543,899,1,21600,147.321468298
320770,452305,453392,131535,1087,1,21600,122.007359706
320771,452411,452412,131640,1,1,21600,13164.1
320771,452422,452423,131651,1,1,21600,13165.2
320771,452430,452431,131659,1,1,21600,13166.0
320772,453394,457732,132622,4338,1,21600,31.5721530659
320772,452613,453743,131841,1130,1,21600,117.673451327
320772,452527,456150,131755,3623,1,21600,37.3662710461
320772,452446,452447,131674,1,1,21600,13167.5
320773,452641,453541,131868,900,1,21600,147.52
320773,452798,453358,132025,560,1,21600,236.758928571
320773,452811,453382,132038,571,1,21600,232.239929947
320774,453250,454975,132476,1725,1,21600,77.7976811594
320774,453004,453804,132230,800,1,21600,166.2875
320774,453224,454215,132450,991,1,21600,134.652875883
320774,453098,456647,132324,3549,1,21600,38.2848689772
320775,453552,454898,132777,1346,1,21600,99.6456166419
320775,453404,455622,132629,2218,1,21600,60.796663661
320775,453370,454559,132595,1189,1,21600,112.518082422
320776,457418,458465,136642,1047,1,21600,131.508118434
320776,453815,454563,133039,748,1,21600,178.859625668
320776,453754,454601,132978,847,1,21600,157.998819362
320776,453709,455107,132933,1398,1,21600,96.0879828326
320777,456163,457121,135386,958,1,21600,142.321503132
320777,454227,454404,133450,177,1,21600,754.95480226
320777,455634,457382,134857,1748,1,21600,78.1493135011
320777,454244,455140,133467,896,1,21600,149.958705357
320778,457235,459052,136457,1817,1,21600,76.1001651073
320778,457143,458383,136365,1240,1,21600,110.971774194
320778,457230,457996,136452,766,1,21600,179.135770235
320779,457463,458583,136684,1120,1,21600,123.039285714
320779,457240,457983,136461,743,1,21600,184.66218035
320779,457394,458929,136615,1535,1,21600,90.0
320779,457246,458234,136467,988,1,21600,139.124493927
320780,457468,458395,136688,927,1,21600,148.451995685
320818,323596,357814,2778,34218,2,34200,1.08118534105
320919,457424,457425,136505,1,1,21600,13650.6
320919,457413,457414,136494,1,1,21600,13649.5
320919,457402,457403,136483,1,1,21600,13648.4
320920,457429,457430,136509,1,1,21600,13651.0
320921,458009,458966,137088,957,1,21600,144.247648903
320921,457479,458558,136558,1079,1,21600,127.559777572
320921,462724,463842,141803,1118,1,21600,127.836314848
320921,457484,459244,136563,1760,1,21600,78.5926136364
320922,457503,459135,136581,1632,1,21600,84.6893382353
320922,457490,459414,136568,1924,1,21600,71.9812889813
320922,457496,459538,136574,2042,1,21600,67.8824681685
320923,457744,459088,136821,1344,1,21600,102.801339286
320923,457995,458694,137072,699,1,21600,197.097281831
320923,465231,466241,144308,1010,1,21600,143.879207921
320924,458247,459324,137323,1077,1,21600,128.505106778
320924,466659,467703,145735,1044,1,21600,140.592911877
320924,466253,467346,145329,1093,1,21600,133.963403477
320925,458408,460081,137483,1673,1,21600,83.1775254035
320925,458390,459449,137465,1059,1,21600,130.806421152
320925,458397,459615,137472,1218,1,21600,113.866995074
320926,458478,461447,137552,2969,1,21600,47.3294038397
320926,461527,462711,140601,1184,1,21600,119.750844595
320926,458596,459970,137670,1374,1,21600,101.19650655
320926,458571,460465,137645,1894,1,21600,73.6742344245
320927,466643,467505,145716,862,1,21600,170.044083527
320927,464056,464923,143129,867,1,21600,166.085351788
320927,463854,465219,142927,1365,1,21600,105.708424908
320928,466665,467917,145737,1252,1,21600,117.403354633
320928,466654,466656,145726,2,1,21600,14572.8
320928,466670,467190,145742,520,1,21600,281.273076923
320928,466649,467814,145721,1165,1,21600,126.082403433
320929,466676,467774,145747,1098,1,21600,133.738615665
320929,466681,467225,145752,544,1,21600,268.926470588
320930,467826,468820,146896,994,1,21600,148.782696177
320930,468384,468385,147454,1,1,21600,14745.5
320930,467860,468544,146930,684,1,21600,215.80994152
320931,466692,467126,145761,434,1,21600,336.85483871
320931,466703,468050,145772,1347,1,21600,109.219747587
320931,466687,467188,145756,501,1,21600,291.930139721
320931,466697,467165,145766,468,1,21600,312.465811966
320932,466708,467893,145776,1185,1,21600,124.017721519
320932,466719,467778,145787,1059,1,21600,138.664778093
320932,466714,467549,145782,835,1,21600,175.589221557
320933,466730,467666,145797,936,1,21600,156.766025641
320933,466725,468575,145792,1850,1,21600,79.8064864865
320933,466736,467645,145803,909,1,21600,161.399339934
320933,467326,468530,146393,1204,1,21600,122.588870432
320934,467786,469412,146852,1626,1,21600,91.3148831488
320934,467715,468658,146781,943,1,21600,156.653234358
320934,467359,468003,146425,644,1,21600,228.368012422
320934,467678,468371,146744,693,1,21600,212.751803752
320935,467805,467806,146870,1,1,21600,14687.1
320935,467834,467835,146899,1,1,21600,14690.0
320935,467818,467819,146883,1,1,21600,14688.4
320936,467929,469541,146993,1612,1,21600,92.1867245658
320936,467906,467907,146970,1,1,21600,14697.1
320936,467919,469221,146983,1302,1,21600,113.890168971
320937,468834,470714,147897,1880,1,21600,79.6686170213
320937,468397,469277,147460,880,1,21600,168.568181818
320937,468016,469574,147079,1558,1,21600,95.4024390244
320937,468062,469125,147125,1063,1,21600,139.405456256
320938,471164,472311,150226,1147,1,21600,131.972972973
320938,472392,474061,151454,1669,1,21600,91.7453565009
320938,472948,473852,152010,904,1,21600,169.152654867
320939,468484,469436,147545,952,1,21600,155.984243697
320939,468542,469597,147603,1055,1,21600,140.908056872
320939,468556,470087,147617,1531,1,21600,97.4186806009
320939,468587,473293,147648,4706,1,21600,32.3744156396
320940,468671,470367,147731,1696,1,21600,88.1055424528
320940,469137,470553,148197,1416,1,21600,105.658898305
320940,469074,471089,148134,2015,1,21600,74.5156327543
320940,471685,472224,150745,539,1,21600,280.675324675
320941,472202,474912,151261,2710,1,21600,56.8158671587
320941,472210,473826,151269,1616,1,21600,94.6070544554
320941,472215,473367,151274,1152,1,21600,132.314236111
320942,472236,473100,151294,864,1,21600,176.108796296
320942,472376,472978,151434,602,1,21600,252.551495017
320942,472381,472911,151439,530,1,21600,286.733962264
320942,472323,473875,151381,1552,1,21600,98.5393041237
320943,472923,472924,151980,1,1,21600,15198.1
320943,472387,473051,151444,664,1,21600,229.078313253
320944,473047,473928,152103,881,1,21600,173.648127128
320944,473063,473723,152119,660,1,21600,231.483333333
320944,473041,473734,152097,693,1,21600,220.476190476
320944,472990,474204,152046,1214,1,21600,126.243822076
320945,473305,474703,152360,1398,1,21600,109.984263233
320945,473379,474923,152434,1544,1,21600,99.7266839378
320945,473112,474620,152167,1508,1,21600,101.906498674
320946,473747,475197,152801,1450,1,21600,106.38
320946,473735,475788,152789,2053,1,21600,75.4223088164
320946,473425,475786,152479,2361,1,21600,65.5823803473
320946,473420,475533,152474,2113,1,21600,73.1599621391
320947,473857,474515,152910,658,1,21600,233.386018237
320947,473852,474420,152905,568,1,21600,270.198943662
320947,473838,474537,152891,699,1,21600,219.728183119
320948,475107,475877,154159,770,1,21600,201.206493506
320948,473865,474481,152917,616,1,21600,249.241883117
320948,475678,477307,154730,1629,1,21600,95.9846531614
320948,473888,474605,152940,717,1,21600,214.305439331
320949,475217,475665,154268,448,1,21600,345.348214286
320949,475209,475816,154260,607,1,21600,255.13509061
320949,475118,476171,154169,1053,1,21600,147.409306743
320950,473941,475991,152991,2050,1,21600,75.6297560976
320950,475224,478398,154274,3174,1,21600,49.6055450536
320950,474073,475687,153123,1614,1,21600,95.8717472119
320950,475298,478274,154348,2976,1,21600,52.8642473118
320951,474493,475205,153542,712,1,21600,216.648876404
320951,474527,475078,153576,551,1,21600,279.722323049
320951,474432,474621,153481,189,1,21600,813.068783069
320951,474216,477670,153265,3454,1,21600,45.3731905038
320952,474648,475286,153696,638,1,21600,241.902821317
320952,474549,475106,153597,557,1,21600,276.757630162
320952,474643,475310,153691,667,1,21600,231.421289355
320953,474654,475211,153701,557,1,21600,276.944344704
320953,474944,475760,153991,816,1,21600,189.714460784
320953,474715,476102,153762,1387,1,21600,111.859408796
320954,476859,476995,155905,136,1,21600,1147.36029412
320954,475322,477259,154368,1937,1,21600,80.6943727414
320954,475545,476441,154591,896,1,21600,173.534598214
320954,475699,476884,154745,1185,1,21600,131.58649789
320955,475798,476010,154843,212,1,21600,731.391509434
320955,475805,477091,154850,1286,1,21600,121.412130638
320955,475772,475970,154817,198,1,21600,782.904040404
320956,475982,476193,155026,211,1,21600,735.720379147
320956,475828,476033,154872,205,1,21600,756.473170732
320956,475890,476153,154934,263,1,21600,590.102661597
320957,476003,476331,155046,328,1,21600,473.701219512
320957,476023,476481,155066,458,1,21600,339.572052402
320957,476114,476593,155157,479,1,21600,324.918580376
320957,476046,476847,155089,801,1,21600,194.619225968
320958,476165,477297,155207,1132,1,21600,138.108657244
320958,476205,476448,155247,243,1,21600,639.87654321
320958,476183,477415,155225,1232,1,21600,126.994318182
320959,476453,476712,155494,259,1,21600,601.362934363
320959,476343,476599,155384,256,1,21600,607.96875
320959,476493,478239,155534,1746,1,21600,90.0801832761
320959,476460,476733,155501,273,1,21600,570.600732601
320960,476606,477238,155646,632,1,21600,247.275316456
320960,476613,477350,155653,737,1,21600,212.198100407
320960,476724,477427,155764,703,1,21600,222.570412518
320961,476896,479127,155935,2231,1,21600,70.894666069
320961,477007,477184,156046,177,1,21600,882.615819209
320961,476754,477280,155793,526,1,21600,297.184410646
320961,477103,477374,156142,271,1,21600,577.169741697
320962,477231,477475,156269,244,1,21600,641.446721311
320962,477237,477477,156275,240,1,21600,652.145833333
320962,477196,477490,156234,294,1,21600,532.408163265
320962,477242,477529,156280,287,1,21600,545.529616725
320963,477292,479530,156329,2238,1,21600,70.8521000894
320963,477272,477596,156309,324,1,21600,483.435185185
320963,477250,477610,156287,360,1,21600,435.130555556
320964,477297,477771,156333,474,1,21600,330.816455696
320964,477303,479002,156339,1699,1,21600,93.0182460271
320964,477363,478033,156399,670,1,21600,234.431343284
320964,477386,478769,156422,1383,1,21600,114.103398409
320965,477428,478849,156463,1421,1,21600,111.107670654
320965,477319,478678,156354,1359,1,21600,116.050772627
320965,477310,478971,156345,1661,1,21600,95.1270319085
320966,477439,478944,156473,1505,1,21600,104.968770764
320966,477488,477801,156522,313,1,21600,501.07028754
320966,477622,479627,156656,2005,1,21600,79.1326683292
320967,477541,482530,156574,4989,1,21600,32.3838444578
320967,477502,478060,156535,558,1,21600,281.528673835
320967,477494,477778,156527,284,1,21600,552.151408451
320967,477682,477942,156715,260,1,21600,603.75
320968,477813,478483,156845,670,1,21600,235.097014925
320968,477607,478379,156639,772,1,21600,203.900259067
320968,477791,478531,156823,740,1,21600,212.922972973
320969,478506,479453,157537,947,1,21600,167.35374868
320969,478414,478929,157445,515,1,21600,306.718446602
320969,478495,478941,157526,446,1,21600,354.197309417
320969,477954,480033,156985,2079,1,21600,76.5098605099
320970,478045,479084,157075,1039,1,21600,152.179018287
320971,478122,478628,157151,506,1,21600,311.575098814
320971,478251,478494,157280,243,1,21600,648.242798354
320972,478631,479799,157659,1168,1,21600,135.982020548
320972,478300,478607,157328,307,1,21600,513.469055375
320972,478543,478869,157571,326,1,21600,484.346625767
320972,478391,478684,157419,293,1,21600,538.266211604
320973,478638,479388,157665,750,1,21600,211.22
320973,478645,479422,157672,777,1,21600,203.924066924
320973,478960,479571,157987,611,1,21600,259.571194763
320974,478690,479409,157716,719,1,21600,220.354659249
320974,478697,479421,157723,724,1,21600,218.849447514
320974,478861,479489,157887,628,1,21600,252.412420382
320974,478781,479553,157807,772,1,21600,205.413212435
320975,478941,479319,157966,378,1,21600,418.899470899
320975,478953,479336,157978,383,1,21600,413.475195822
320975,478882,479507,157907,625,1,21600,253.6512
320976,479096,480495,158120,1399,1,21600,114.023588277
320976,478984,479378,158008,394,1,21600,402.035532995
320976,479014,479407,158038,393,1,21600,403.132315522
320976,479139,480581,158163,1442,1,21600,110.683079057
320977,479390,481664,158413,2274,1,21600,70.662708883
320977,479348,480351,158371,1003,1,21600,158.897308076
320977,479331,483284,158354,3953,1,21600,41.0591955477
320979,479519,479832,158540,313,1,21600,507.517571885
320979,479432,479653,158453,221,1,21600,717.981900452
320979,479465,479791,158486,326,1,21600,487.153374233
320979,479501,479814,158522,313,1,21600,507.460063898
320980,479542,480049,158562,507,1,21600,313.74556213
320980,479566,480459,158586,893,1,21600,178.587905935
320980,479583,480508,158603,925,1,21600,172.462702703
320980,479646,480542,158666,896,1,21600,178.082589286
320981,479665,479666,158684,1,1,21600,15868.5
320981,526372,526373,205391,1,1,21600,20539.2
320982,479683,480216,158701,533,1,21600,298.750469043
320982,479688,481609,158706,1921,1,21600,83.6163456533
320983,479706,480402,158723,696,1,21600,229.050287356
320983,479694,480410,158711,716,1,21600,222.663407821
320983,479699,481028,158716,1329,1,21600,120.425131678
320984,479803,480777,158819,974,1,21600,164.058521561
320984,479812,480560,158828,748,1,21600,213.336898396
320985,479826,480902,158841,1076,1,21600,148.621747212
320985,480062,480554,159077,492,1,21600,324.327235772
320985,479844,483759,158859,3915,1,21600,41.5770114943
320985,480228,480748,159243,520,1,21600,307.236538462
320986,480364,481684,159378,1320,1,21600,121.740909091
320986,521730,522511,200744,781,1,21600,258.034571063
320986,521724,522194,200738,470,1,21600,428.10212766
320987,522481,523145,201494,664,1,21600,304.454819277
320987,522206,523256,201219,1050,1,21600,192.637142857
320987,521825,522553,200838,728,1,21600,276.876373626
320987,521830,522468,200843,638,1,21600,315.800940439
320988,522524,524764,201536,2240,1,21600,90.9714285714
320988,522566,523399,201578,833,1,21600,242.990396158
320988,523268,523665,202280,397,1,21600,510.521410579
320988,523157,523838,202169,681,1,21600,297.870778267
320989,523612,524266,202623,654,1,21600,310.821100917
320989,523411,523741,202422,330,1,21600,614.4
320989,523617,523876,202628,259,1,21600,783.347490347
320989,523677,523942,202688,265,1,21600,765.860377358
320990,523753,524025,202763,272,1,21600,746.452205882
320990,523850,524126,202860,276,1,21600,736.0
320990,523888,525895,202898,2007,1,21600,102.095166916
320991,524138,524644,203147,506,1,21600,402.476284585
320991,524038,524416,203047,378,1,21600,538.161375661
320991,524278,524623,203287,345,1,21600,590.237681159
320991,523954,524274,202963,320,1,21600,635.259375
320992,524285,524676,203293,391,1,21600,520.930946292
320992,524428,524718,203436,290,1,21600,702.503448276
320992,524635,525170,203643,535,1,21600,381.641121495
320993,524656,525750,203663,1094,1,21600,187.163619744
320993,524687,525129,203694,442,1,21600,461.846153846
320993,524730,525285,203737,555,1,21600,368.093693694
320993,524776,525378,203783,602,1,21600,339.509966777
320994,525298,525706,204304,408,1,21600,501.745098039
320994,525181,525744,204187,563,1,21600,363.676731794
320994,525142,525734,204148,592,1,21600,345.844594595
320995,525390,525875,204395,485,1,21600,422.432989691
320995,526382,526911,205387,529,1,21600,389.255198488
320995,525717,526229,204722,512,1,21600,400.84765625
320996,525746,526599,204750,853,1,21600,241.035169988
320996,525756,526370,204760,614,1,21600,334.48534202
320996,525763,526305,204767,542,1,21600,378.798892989
320997,525887,526359,204890,472,1,21600,435.088983051
320997,525907,526456,204910,549,1,21600,374.242258652
320997,526216,526751,205219,535,1,21600,384.586915888
320997,526221,526789,205224,568,1,21600,362.309859155
320998,526389,527155,205391,766,1,21600,269.134464752
320998,526317,527224,205319,907,1,21600,227.371554576
320998,526241,527400,205243,1159,1,21600,178.086281277
320999,527244,527997,206245,753,1,21600,274.897742364
320999,526440,527929,205441,1489,1,21600,138.972464741
320999,526473,527230,205474,757,1,21600,272.431968296
320999,526445,527346,205446,901,1,21600,229.019977802
321000,526801,527754,205801,953,1,21600,216.950682057
321000,526764,527538,205764,774,1,21600,266.84496124
321000,526611,527365,205611,754,1,21600,273.693633952
321001,528137,529110,207136,973,1,21600,213.883864337
321001,526922,528003,205921,1081,1,21600,191.491211841
321001,527236,528126,206235,890,1,21600,232.724719101
321001,527167,528537,206166,1370,1,21600,151.486131387
321002,527377,529356,206375,1979,1,21600,105.282465892
321002,527412,528312,206410,900,1,21600,230.344444444
321002,527358,528674,206356,1316,1,21600,157.805471125
321003,527550,529021,206547,1471,1,21600,141.41264446
321003,528008,528871,207005,863,1,21600,240.866743917
321003,527766,528497,206763,731,1,21600,283.849521204
321003,527941,528628,206938,687,1,21600,302.219796215
321004,528279,529176,207275,897,1,21600,232.07580825
321004,528641,529269,207637,628,1,21600,331.632165605
321004,528015,528854,207011,839,1,21600,247.735399285
321005,528549,531077,207544,2528,1,21600,83.0981012658
321005,528284,529851,207279,1567,1,21600,133.277600511
321005,528324,529179,207319,855,1,21600,243.478362573
321005,528509,530474,207504,1965,1,21600,106.6
321006,529034,530629,208028,1595,1,21600,131.42507837
321006,528865,530737,207859,1872,1,21600,112.035790598
321006,528685,529045,207679,360,1,21600,577.886111111
321006,528883,529254,207877,371,1,21600,561.315363881
321007,529265,529266,208258,1,1,21600,20825.9
321008,529188,529564,208180,376,1,21600,554.670212766
321008,529122,529472,208114,350,1,21600,595.611428571
321008,529194,532080,208186,2886,1,21600,73.1365211365
321008,529057,529456,208049,399,1,21600,522.426065163
321009,529285,530062,208276,777,1,21600,269.051480051
321009,529278,530239,208269,961,1,21600,217.721123829
321009,529369,530311,208360,942,1,21600,222.18895966
321009,529468,530639,208459,1171,1,21600,179.01793339
321011,531696,533793,210685,2097,1,21600,101.469718646
321011,530388,531599,209377,1211,1,21600,173.895953757
321011,530323,531683,209312,1360,1,21600,154.905882353
321011,529531,529532,208520,1,1,21600,20852.1
321012,529544,531210,208532,1666,1,21600,126.169267707
321012,531584,533614,210572,2030,1,21600,104.730049261
321012,529576,530376,208564,800,1,21600,261.705
321013,530485,531364,209472,879,1,21600,239.307167235
321013,529863,531554,208850,1691,1,21600,124.50680071
321013,530074,531025,209061,951,1,21600,220.832807571
321013,530251,530957,209238,706,1,21600,297.371104816
321014,530652,531097,209638,445,1,21600,472.096629213
321014,530749,531174,209735,425,1,21600,494.494117647
321014,530640,532134,209626,1494,1,21600,141.311914324
321015,531115,531572,210100,457,1,21600,460.737417943
321015,531186,532301,210171,1115,1,21600,189.494170404
321015,531222,532796,210207,1574,1,21600,134.549555273
321015,530968,530969,209953,1,1,21600,20995.4
321016,531376,531573,210360,197,1,21600,1068.81725888
321016,532092,532322,211076,230,1,21600,918.72173913
321016,531610,532618,210594,1008,1,21600,209.922619048
321017,532313,532900,211296,587,1,21600,360.95911414
321017,532147,534702,211130,2555,1,21600,83.6340508806
321017,532334,533956,211317,1622,1,21600,131.281750925
321018,532808,533474,211790,666,1,21600,319.003003003
321018,532630,534333,211612,1703,1,21600,125.258367587
321018,534344,535490,213326,1146,1,21600,187.148342059
321018,533626,536218,212608,2592,1,21600,83.024691358
321019,533881,534218,212862,337,1,21600,632.637982196
321019,532913,533870,211894,957,1,21600,222.414838036
321019,533485,536248,212466,2763,1,21600,77.8968512486
321019,533805,535773,212786,1968,1,21600,109.12296748
321020,533968,534432,212948,464,1,21600,459.939655172
321020,534444,535003,213424,559,1,21600,382.796064401
321020,534230,534729,213210,499,1,21600,428.274549098
321021,535016,535498,213995,482,1,21600,444.973029046
321021,534731,535242,213710,511,1,21600,419.219178082
321021,534757,535237,213736,480,1,21600,446.283333333
321022,535898,536645,214876,747,1,21600,288.651941098
321022,535048,535501,214026,453,1,21600,473.463576159
321022,535053,535431,214031,378,1,21600,567.21957672
321023,535357,535836,214334,479,1,21600,448.461377871
321023,535255,536077,214232,822,1,21600,261.622871046
321023,535249,536222,214226,973,1,21600,221.170606372
321023,535443,535889,214420,446,1,21600,481.762331839
321024,535502,535956,214478,454,1,21600,473.418502203
321024,535968,537609,214944,1641,1,21600,131.983546618
321024,535904,536348,214880,444,1,21600,484.963963964
321025,535530,535886,214505,356,1,21600,603.542134831
321025,535524,536615,214499,1091,1,21600,197.607699358
321025,535509,535510,214484,1,1,21600,21448.5
321026,535848,536679,214822,831,1,21600,259.51022864
321026,536088,537984,215062,1896,1,21600,114.429324895
321026,536230,537347,215204,1117,1,21600,193.662488809
321026,535785,536501,214759,716,1,21600,300.94273743
321027,536259,536601,215232,342,1,21600,630.333333333
321027,540716,541922,219689,1206,1,21600,183.163349917
321027,536237,536582,215210,345,1,21600,624.797101449
321028,536372,538220,215344,1848,1,21600,117.528138528
321029,536524,536525,215495,1,1,21600,21549.6
321030,536593,538992,215563,2399,1,21600,90.8553563985
321031,536657,537127,215626,470,1,21600,459.778723404
321031,536628,537228,215597,600,1,21600,360.328333333
321031,536612,537371,215581,759,1,21600,285.032938076
321031,536601,537041,215570,440,1,21600,490.931818182
321032,536691,537299,215659,608,1,21600,355.702302632
321032,537139,537681,216107,542,1,21600,399.721402214
321032,537053,539597,216021,2544,1,21600,85.9139150943
321033,537194,537730,216161,536,1,21600,404.285447761
321033,537299,538397,216266,1098,1,21600,197.963570128
321033,537240,539140,216207,1900,1,21600,114.793157895
321033,537199,538983,216166,1784,1,21600,122.169282511
321034,537306,538310,216272,1004,1,21600,216.410358566
321034,537360,538213,216326,853,1,21600,254.606096131
321034,537313,538274,216279,961,1,21600,226.056191467
321035,537621,538813,216586,1192,1,21600,182.69966443
321035,537741,538917,216706,1176,1,21600,185.273809524
321035,537693,539180,216658,1487,1,21600,146.701412239
321035,537382,538495,216347,1113,1,21600,195.381850854
321036,537995,541852,216959,3857,1,21600,57.2507129894
321036,538225,539358,217189,1133,1,21600,192.693733451
321036,538233,540053,217197,1820,1,21600,120.339010989
321037,538368,538369,217331,1,1,21600,21733.2
321037,538382,538383,217345,1,1,21600,21734.6
321037,538286,539624,217249,1338,1,21600,163.368460389
321037,538338,538339,217301,1,1,21600,21730.2
321038,538413,538414,217375,1,1,21600,21737.6
321038,538394,538395,217356,1,1,21600,21735.7
321039,538428,539799,217389,1371,1,21600,159.562363239
321039,538827,539698,217788,871,1,21600,251.043628014
321039,538421,541026,217382,2605,1,21600,84.4479846449
321039,538508,539410,217469,902,1,21600,242.096452328
321040,538896,539570,217856,674,1,21600,324.228486647
321040,538902,539494,217862,592,1,21600,369.010135135
321040,538928,539913,217888,985,1,21600,222.206091371
321041,539004,539288,217963,284,1,21600,768.475352113
321041,538994,542174,217953,3180,1,21600,69.5386792453
321042,539168,540167,218126,999,1,21600,219.344344344
321042,539192,540705,218150,1513,1,21600,145.183740912
321042,539299,540986,218257,1687,1,21600,130.375815056
321042,539369,540817,218327,1448,1,21600,151.778314917
321043,539422,541125,218379,1703,1,21600,129.231943629
321043,539582,540150,218539,568,1,21600,385.751760563
321043,539506,540046,218463,540,1,21600,405.561111111
321044,539609,540567,218565,958,1,21600,229.147181628
321044,539709,541373,218665,1664,1,21600,132.409254808
321044,539636,540891,218592,1255,1,21600,175.17689243
321045,540059,540829,219014,770,1,21600,285.433766234
321045,539925,540570,218880,645,1,21600,340.348837209
321045,539810,540322,218765,512,1,21600,428.275390625
321045,540065,541318,219020,1253,1,21600,175.796488428
321046,540178,541092,219132,914,1,21600,240.750547046
321046,540333,541780,219287,1447,1,21600,152.545957153
321046,540162,541041,219116,879,1,21600,250.278725825
321047,540579,541901,219532,1322,1,21600,167.060514372
321047,540586,541967,219539,1381,1,21600,159.971035482
321290,323607,329148,2317,5541,2,23400,1.41815556759
321513,321519,321604,6,85,1,1800,1.07058823529
321718,321726,322803,8,1077,2,1800,1.00742804085
321901,323591,324154,1690,563,4,18000,4.00177619893
322319,323601,323635,1282,34,2,7200,38.7058823529
323029,323612,345675,583,22063,2,32400,1.02642433033
327594,331342,334794,3748,3452,1,7200,2.08574739282
327594,327601,328824,7,1223,1,7200,1.00572363042
330958,406931,493349,75973,86418,2,86400,1.87913397672
330959,415328,501776,84369,86448,2,86400,1.97595086063
330959,413354,499773,82395,86419,2,86400,1.95343616566
330959,418174,444177,87215,26003,2,86400,4.35403607276
330960,418179,479292,87219,61113,2,86400,2.42717588729
330960,418193,504607,87233,86414,2,86400,2.00947763094
330960,418198,504633,87238,86435,2,86400,2.00929021808
330960,418203,504627,87243,86424,2,86400,2.0094765343
330961,418219,504651,87258,86432,2,86400,2.00955664569
330961,418214,480490,87253,62276,2,86400,2.40106943285
330961,418209,473028,87248,54819,2,86400,2.59156496835
330962,419831,506266,88869,86435,2,86400,2.02815988893
330962,419842,506261,88880,86419,2,86400,2.02847753388
330962,418225,504672,87263,86447,2,86400,2.00943930963
330962,419837,451519,88875,31682,2,86400,3.80522063001
330963,421191,507608,90228,86417,2,86400,2.04410011919
330963,419853,506280,88890,86427,2,86400,2.02849803881
330963,421196,486039,90233,64843,2,86400,2.39156115541
330964,421207,507652,90243,86445,2,86400,2.04393545029
330964,421218,466134,90254,44916,2,86400,3.0093953157
330964,421202,507638,90238,86436,2,86400,2.043986302
330964,421212,485490,90248,64278,2,86400,2.40402626093
330965,435376,521813,104411,86437,2,86400,2.20794335759
330965,429436,515845,98471,86409,2,86400,2.13959194065
330965,435139,521583,104174,86444,2,86400,2.20510388228
330966,450834,537287,119868,86453,2,86400,2.38651058957
330966,450768,537182,119802,86414,2,86400,2.38637257852
330966,452439,538885,121473,86446,2,86400,2.40518936677
330966,455080,541490,124114,86410,2,86400,2.43633838676
330967,455096,484041,124129,28945,2,86400,5.28844359993
330967,455086,541517,124119,86431,2,86400,2.43604725156
330967,455091,541522,124124,86431,2,86400,2.43610510118
330968,455107,528267,124139,73160,2,86400,2.69681519956
330968,455102,541514,124134,86412,2,86400,2.43653659214
330968,455112,541526,124144,86414,2,86400,2.43661906635
330968,455118,541547,124150,86429,2,86400,2.43643915815
330969,457440,543893,126471,86453,2,86400,2.4628873492
330969,455128,541557,124159,86429,2,86400,2.43654328987
330969,457445,477280,126476,19835,2,86400,7.37640534409
330969,455123,541542,124154,86419,2,86400,2.43665166225
330970,457456,543897,126486,86441,2,86400,2.46326396039
330970,461475,547909,130505,86434,2,86400,2.50988037115
330970,457451,543881,126481,86430,2,86400,2.46339234062
330971,461491,526204,130520,64713,2,86400,3.01690541313
330971,461497,547942,130526,86445,2,86400,2.50993117011
330971,461486,547917,130515,86431,2,86400,2.51004847798
330971,461481,547934,130510,86453,2,86400,2.50960637572
330972,461508,547929,130536,86421,2,86400,2.51046620613
330972,461513,547960,130541,86447,2,86400,2.51006975372
330972,461502,523599,130530,62097,2,86400,3.10203391468
330973,486051,513475,155078,27424,2,86400,6.65482788798
330973,479304,535036,148331,55732,2,86400,3.66150505993
330973,493361,579794,162388,86433,2,86400,2.87877315377
330973,475538,561966,144565,86428,2,86400,2.6726639515
330974,504619,520859,173645,16240,2,86400,11.6924261084
330974,499785,586218,168811,86433,2,86400,2.95308504853
330974,501788,588221,170814,86433,2,86400,2.97625906772
330974,504639,561265,173665,56626,2,86400,4.06687740614
330975,504663,560685,173688,56022,2,86400,4.10035343258
330975,504646,591078,173671,86432,2,86400,3.0093368197
330975,504684,591117,173709,86433,2,86400,3.00975321926
330976,506291,560066,175315,53775,2,86400,4.26015806602
330976,506279,592711,175303,86432,2,86400,3.02821871529
330976,507620,594053,176644,86433,2,86400,3.043710157
330976,506273,592706,175297,86433,2,86400,3.02812583157
330977,507664,594097,176687,86433,2,86400,3.04420765217
330977,513487,554394,182510,40907,2,86400,5.46158359205
330977,507650,594083,176673,86433,2,86400,3.044045677
332857,332864,332865,7,1,2,3540,1.0
337076,337099,337257,23,158,1,600,1.14556962025
337076,337093,337209,17,116,1,600,1.14655172414
337076,337088,337229,12,141,1,600,1.08510638298
337076,337082,337194,6,112,1,600,1.05357142857
337420,341312,346338,3892,5026,4,18000,1.77437325905
337540,341318,344254,3778,2936,4,18000,2.28678474114
337546,341323,341327,3777,4,4,18000,378.1
337911,341328,341514,3417,186,4,18000,19.3709677419
338001,378484,418115,40483,39631,16,72000,2.02149832202
338865,338872,346979,7,8107,5,28800,1.00086345134
339178,345691,346054,6513,363,4,18000,18.9421487603
339182,345697,346033,6515,336,4,18000,20.3898809524
339187,345702,346049,6515,347,4,18000,19.7752161383
339191,345707,345970,6516,263,4,18000,25.7756653992
339201,339208,348039,7,8831,5,28800,1.00079266221
339201,339214,348028,13,8814,5,28800,1.00147492625
339202,339220,347964,18,8744,5,28800,1.00205855444
339791,451294,458377,111503,7083,1,64800,16.742340816
340876,340883,341069,7,186,1,3540,1.0376344086
342962,342969,343107,7,138,1,3540,1.05072463768
343432,343459,343460,27,1,1,240,2.8
344605,344612,344784,7,172,1,3540,1.04069767442
344683,344690,344692,7,2,2,3,1.0
344730,344737,346205,7,1468,1,3540,1.00476839237
344759,344767,344768,8,1,2,3,1.0
344769,344776,344910,7,134,1,3540,1.05223880597
344792,344798,344998,6,200,1,3540,1.03
344815,344822,345176,7,354,1,3540,1.0197740113
344852,344858,345139,6,281,1,3540,1.02135231317
344875,344881,345291,6,410,1,3540,1.01463414634
344897,344904,345252,7,348,1,3540,1.02011494253
344920,344927,345332,7,405,1,3540,1.01728395062
344942,344949,345299,7,350,1,3540,1.02
344964,344972,345383,8,411,1,3540,1.01946472019
345010,345017,345300,7,283,1,3540,1.02473498233
345072,345080,345245,8,165,1,3540,1.04848484848
345125,345132,345207,7,75,1,3540,1.09333333333
345149,345156,345231,7,75,1,3540,1.09333333333
345897,345904,346472,7,568,1,1800,1.01232394366
345898,346727,347253,829,526,8,3600,2.57604562738
345898,345982,346857,84,875,4,3600,1.096
345898,346045,347350,147,1305,2,3600,1.11264367816
345898,346388,346715,490,327,16,3600,2.49847094801
345899,357965,358112,12066,147,32,3600,83.0816326531
345899,357826,357946,11927,120,64,3600,100.391666667
354271,358158,358165,3887,7,1,3600,389.4
356916,414848,761065,57932,346217,4,346200,1.16732858294
356980,414854,448209,57874,33355,4,346200,2.73509219008
357176,358153,359863,977,1710,1,14400,1.57134502924
357809,358163,358171,354,8,1,1800,36.2
358178,358242,358388,64,146,1,3600,1.43835616438
358273,358287,358434,14,147,1,3600,1.09523809524
358316,358323,358408,7,85,1,1800,1.08235294118
358513,358520,358774,7,254,1,3600,1.02755905512
358561,358568,358974,7,406,1,3600,1.01724137931
358624,358642,358742,18,100,1,1800,1.18
359005,359012,359567,7,555,1,3600,1.01261261261
359217,359224,359790,7,566,1,3600,1.01236749117
359260,359268,359652,8,384,1,1800,1.02083333333
359982,361578,376093,1596,14515,2,14400,1.10995521874
360282,361666,361672,1384,6,1,3600,139.0
360311,360317,360325,6,8,1,1800,1.4
360444,361672,361760,1228,88,1,3600,14.9545454545
360472,360479,360522,7,43,1,1800,1.16279069767
360735,360741,360818,6,77,1,1800,1.07792207792
361392,361399,361645,7,246,1,1800,1.02845528455
361573,361661,361664,88,3,2,1800,9.1
361783,361790,361874,7,84,1,3600,1.08333333333
361890,361897,362230,7,333,1,3600,1.02102102102
362008,362016,362415,8,399,1,3600,1.02005012531
362514,362548,363105,34,557,1,3600,1.06104129264
362709,362718,363345,9,627,1,3600,1.01435406699
365581,365588,365669,7,81,1,1800,1.08641975309
365838,365872,365963,34,91,1,1800,1.37362637363
366328,366347,366709,19,362,1,1800,1.05248618785
367641,367647,367687,6,40,1,1800,1.15
367913,367919,367993,6,74,1,1800,1.08108108108
368579,368585,368827,6,242,1,1800,1.02479338843
369661,369668,372450,7,2782,1,3600,1.00251617541
371322,371330,371334,8,4,5,72000,1.2
371323,371338,371341,15,3,5,72000,1.8
371324,371343,371347,19,4,5,72000,2.3
371325,371348,371352,23,4,5,72000,2.7
371326,371354,371359,28,5,5,72000,3.3
371327,371359,371364,32,5,5,72000,3.7
371328,371364,371368,36,4,5,72000,4.0
371329,371370,371374,41,4,5,72000,4.5
371329,371378,371382,49,4,5,72000,5.3
371330,371383,371387,53,4,5,72000,5.7
371354,371389,373653,35,2264,2,36000,1.01545936396
371355,371394,373707,39,2313,2,36000,1.0168612192
371355,371399,373703,44,2304,2,36000,1.01909722222
371356,371410,373774,54,2364,2,36000,1.02284263959
371356,371405,373738,49,2333,2,36000,1.02100300043
371357,371421,373795,64,2374,2,36000,1.02695871946
371357,371415,373789,58,2374,2,36000,1.02443133951
371358,371431,373795,73,2364,2,36000,1.03087986464
371358,371426,373799,68,2373,2,36000,1.02865571007
371456,371463,371467,7,4,5,72000,1.1
371457,371468,371472,11,4,5,72000,1.5
371457,371475,371479,18,4,5,72000,2.2
371458,371481,371484,23,3,5,72000,2.6
371459,371488,371492,29,4,5,72000,3.3
371460,371494,371497,34,3,5,72000,3.7
371461,371501,371505,40,4,5,72000,4.4
371462,371507,371510,45,3,5,72000,4.8
371463,371514,371518,51,4,5,72000,5.5
371464,371520,371523,56,3,5,72000,5.9
371541,371548,371551,7,3,5,72000,1.0
371543,371555,371559,12,4,5,72000,1.6
371544,371561,371565,17,4,5,72000,2.1
371545,371566,371570,21,4,5,72000,2.5
371546,371573,371577,27,4,5,72000,3.1
371547,371579,371583,32,4,5,72000,3.6
371547,371586,371591,39,5,5,72000,4.4
371548,371592,371596,44,4,5,72000,4.8
371549,371599,371603,50,4,5,72000,5.4
371550,371605,371607,55,2,5,72000,5.7
371627,371634,371638,7,4,5,72000,1.1
371628,371639,371643,11,4,5,72000,1.5
371628,371646,371650,18,4,5,72000,2.2
371629,371651,371655,22,4,5,72000,2.6
371630,371659,371663,29,4,5,72000,3.3
371631,371665,371669,34,4,5,72000,3.8
371632,371672,371676,40,4,5,72000,4.4
371633,371677,371680,44,3,5,72000,4.7
371690,371697,371700,7,3,5,72000,1.0
371691,371704,371707,13,3,5,72000,1.6
371692,371709,371711,17,2,5,72000,1.9
371693,371715,371716,22,1,5,72000,2.3
371693,371722,371727,29,5,5,72000,3.4
371694,371728,371731,34,3,5,72000,3.7
371695,371735,371739,40,4,5,72000,4.4
371696,371741,371745,45,4,5,72000,4.9
371697,371748,371752,51,4,5,72000,5.5
371698,371754,371758,56,4,5,72000,6.0
371854,371889,389625,35,17736,5,72000,1.00197338746
371855,371895,388632,40,16737,5,72000,1.00238991456
371856,371900,390618,44,18718,5,72000,1.00235067849
371857,371905,389868,48,17963,5,72000,1.00267215944
371858,373716,392876,1858,19160,5,72000,1.09697286013
371859,373752,390790,1893,17038,5,72000,1.11110458974
371861,373855,393781,1994,19926,5,72000,1.10007025996
371862,373861,390453,1999,16592,5,72000,1.12047974928
371863,378489,400330,6626,21841,5,72000,1.30337438762
371864,378495,401948,6631,23453,5,72000,1.28273568413
376436,405438,405472,29002,34,4,18000,854.0
376453,411593,411630,35140,37,4,18000,950.72972973
376467,411642,411684,35175,42,4,18000,838.5
376495,412984,413043,36489,59,4,18000,619.457627119
376505,376512,390979,7,14467,2,14400,1.00048385982
376508,412989,413046,36481,57,4,18000,641.01754386
376616,412995,419819,36379,6824,4,18000,6.33103751465
376981,413000,420351,36019,7351,4,18000,5.89987756768
376990,413005,415712,36015,2707,4,18000,14.3043960103
380110,383268,383270,3158,2,1,1800,316.0
382011,386007,393230,3996,7223,2,7200,1.55323272878
382261,394955,401427,12694,6472,2,10800,2.96137206428
382933,395045,397209,12112,2164,2,36000,6.59704251386
382934,397221,399385,14287,2164,2,36000,7.60212569316
382934,406083,408166,23149,2083,2,36000,12.1132981277
382935,406088,408165,23153,2077,2,36000,12.1473278767
383758,394237,394861,10479,624,1,14400,17.7932692308
384908,402553,412970,17645,10417,25,129599,2.69386579629
385092,388644,406070,3552,17426,5,72000,1.20383335246
385093,389637,407790,4544,18153,5,72000,1.25031675205
385094,389881,408788,4787,18907,5,72000,1.25318665045
385095,390465,409517,5370,19052,5,72000,1.28186017216
385096,390630,408006,5534,17376,5,72000,1.31848526703
385097,390802,407217,5705,16415,5,72000,1.34754797441
385098,392888,411334,7790,18446,5,72000,1.42231378077
385098,393793,411726,8695,17933,5,72000,1.48486031339
385099,402399,412702,17300,10303,5,72000,2.67912258565
385100,405855,412701,20755,6846,5,72000,4.03169734151
385505,401439,406917,15934,5478,2,14400,3.90872581234
386079,387222,389055,1143,1833,1,1800,1.62356792144
386190,393257,411205,7067,17948,15,86400,1.39374860709
386272,452856,712091,66584,259235,1,259200,1.25684803364
386309,452933,712167,66624,259234,1,259200,1.25700332518
386512,464970,471673,78458,6703,1,28800,12.70490825
386570,405400,405408,18830,8,2,14400,1883.8
387298,387304,387819,6,515,1,900,1.01165048544
387672,387680,387686,8,6,4,3540,1.4
388470,388476,388489,6,13,4,3600,1.46153846154
388549,399397,409932,10848,10535,2,21600,2.02971048885
388688,388695,388699,7,4,4,3600,1.1
388755,388762,388766,7,4,4,3600,1.1
388899,388906,388911,7,5,4,3600,1.2
389340,394937,394943,5597,6,2,7200,560.3
389428,389435,389445,7,10,4,3600,1.7
389801,389808,389814,7,6,2,1800,1.3
389878,389888,391154,10,1266,2,1800,1.00789889415
390206,405406,405549,15200,143,2,14400,107.293706294
390278,515857,544080,125579,28223,2,172800,5.44952698154
390809,418139,418144,27330,5,4,259200,2733.5
390954,418145,418152,27191,7,4,259200,2719.8
391241,418158,418163,26917,5,4,259200,2692.2
391318,418163,418168,26845,5,4,259200,2685.0
391381,418169,418173,26788,4,4,259200,2679.2
391593,541105,545854,149512,4749,3,54000,32.4828384923
392948,394203,394384,1255,181,1,7200,7.93370165746
393018,394396,397183,1378,2787,1,3600,1.4944384643
393079,394210,394924,1131,714,1,7200,2.58403361345
394756,414135,436910,19379,22775,20,86399,1.85088913282
396074,414859,415113,18785,254,4,604800,74.9566929134
396159,414864,415182,18705,318,4,604800,59.820754717
396205,415317,415568,19112,251,4,604800,77.1434262948
396237,415322,415570,19085,248,4,604800,77.9556451613
396248,400506,401247,4258,741,1,7200,6.74628879892
396306,405422,406028,9116,606,1,7200,16.0429042904
396336,413332,737338,16996,324006,5,324000,1.05245581872
396405,405860,406041,9455,181,5,28800,53.2375690608
396486,405866,406009,9380,143,5,28800,66.5944055944
396602,411226,411508,14624,282,5,28800,52.8581560284
396687,411237,411697,14550,460,5,28800,32.6304347826
396687,411232,411634,14545,402,5,28800,37.1815920398
396687,413322,413829,16635,507,5,28800,33.8106508876
396688,413327,413726,16639,399,5,28800,42.701754386
396759,413338,414244,16579,906,5,28800,19.2991169978
396759,413343,413916,16584,573,5,28800,29.942408377
396760,413348,413919,16588,571,5,28800,30.0507880911
396760,413740,414129,16980,389,5,28800,44.6503856041
396760,413745,414644,16985,899,5,28800,19.893214683
396806,413750,414212,16944,462,5,28800,37.6753246753
396833,401495,404923,4662,3428,2,7200,2.35997666278
397756,405416,405417,7660,1,2,14400,766.1
398223,405427,405430,7204,3,1,7200,720.7
398381,400342,400388,1961,46,2,1800,43.6304347826
398488,401391,401483,2903,92,2,7200,32.5543478261
399161,453028,467314,53867,14286,1,604800,4.77061458771
401055,401960,404486,905,2526,2,7200,1.35827395091
401139,406443,409968,5304,3525,2,36000,2.50468085106
401173,407229,409232,6056,2003,2,36000,4.0234648028
401257,521595,521607,120338,12,2,32400,10029.1666667
401488,401965,402137,477,172,1,3540,3.77325581395
401532,405433,408773,3901,3340,2,10800,2.16796407186
401585,406053,409406,4468,3353,2,28800,2.33253802565
401614,401971,403428,357,1457,1,3540,1.24502402196
401653,402149,402284,496,135,1,3540,4.67407407407
401675,402296,402496,621,200,1,3540,4.105
401698,402339,402697,641,358,1,3540,2.7905027933
401737,402345,402626,608,281,1,3540,3.16370106762
401759,402350,402777,591,427,1,3540,2.38407494145
401781,402356,402723,575,367,1,3540,2.56675749319
401804,402361,402785,557,424,1,3540,2.31367924528
401826,402367,402736,541,369,1,3540,2.46612466125
401848,402372,402819,524,447,1,3540,2.17225950783
401857,401864,403672,7,1808,4,1800,1.00387168142
401895,402377,402667,482,290,1,3540,2.66206896552
401968,402383,402560,415,177,1,3540,3.34463276836
402072,402388,402542,316,154,1,3540,3.05194805195
402097,402394,402484,297,90,1,3540,4.3
404306,404312,404976,6,664,2,1800,1.00903614458
404412,454310,474610,49898,20300,1,86400,3.45802955665
404425,474636,668421,70211,193785,1,266400,1.36231390458
404434,474937,719331,70503,244394,1,266400,1.2884808956
404504,405411,405588,907,177,2,7200,6.12429378531
405641,406022,406312,381,290,1,3600,2.31379310345
405879,409418,416643,3539,7225,2,7200,1.48982698962
407357,411526,411528,4169,2,1,3600,417.1
407392,409944,412533,2552,2589,2,7200,1.98570876786
410091,411649,416754,1558,5105,2,14400,1.30519098923
410135,410141,411745,6,1604,8,6000,1.00374064838
410136,410148,411762,12,1614,8,6000,1.00743494424
410148,410155,411750,7,1595,8,6000,1.00438871473
410149,411345,412955,1196,1610,8,6000,1.74285714286
410161,411738,413350,1577,1612,8,6000,1.97828784119
410735,411521,411580,786,59,4,1800,14.3220338983
411063,455000,459214,43937,4214,32,5400,11.4264356906
411077,459228,463457,48151,4229,32,5400,12.3859068338
411080,411087,411844,7,757,1,1800,1.00924702774
411081,463470,467749,52389,4279,32,5400,13.2432811405
411087,467762,472031,56675,4269,32,5400,14.2759428438
411092,472044,476277,60952,4233,32,5400,15.399244035
411100,476289,480587,65189,4298,32,5400,16.1672871103
411109,480600,484852,69491,4252,32,5400,17.3431326435
411342,411773,413381,431,1608,8,6000,1.26803482587
411740,411778,413374,38,1596,8,6000,1.02380952381
411773,411785,413390,12,1605,8,6000,1.00747663551
411774,412967,414585,1193,1618,8,6000,1.73733003708
411786,413362,414957,1576,1595,8,6000,1.98808777429
411858,411865,411930,7,65,1,1200,1.10769230769
411931,411942,411984,11,42,1,1200,1.2619047619
411939,411996,412090,57,94,1,1200,1.60638297872
412165,412172,412218,7,46,1,1200,1.15217391304
412175,412231,412329,56,98,1,1200,1.57142857143
412354,413011,414007,657,996,2,16200,1.65963855422
412736,413395,420738,659,7343,5,14400,1.08974533569
412737,413400,420848,663,7448,5,14400,1.08901718582
412738,413388,420744,650,7356,5,14400,1.08836324089
412740,412747,419985,7,7238,2,7200,1.00096711799
413097,413105,413124,8,19,1,600,1.42105263158
413131,413137,413175,6,38,1,600,1.15789473684
413394,413408,415010,14,1602,8,6000,1.00873907615
413406,414597,416206,1191,1609,8,6000,1.74021131137
413407,414969,416565,1562,1596,8,6000,1.97869674185
414596,415021,416630,425,1609,8,6000,1.2641392169
414971,416218,417781,1247,1563,8,6000,1.7978246961
415025,416577,418218,1552,1641,8,6000,1.94576477757
415911,415919,416539,8,620,5,14400,1.01290322581
416220,416642,418205,422,1563,8,6000,1.26999360205
416573,417793,419356,1220,1563,8,6000,1.78055022393
416648,418232,419841,1584,1609,8,6000,1.98446239901
417020,418129,418712,1109,583,4,3540,2.90222984563
417099,418134,418738,1035,604,4,3540,2.71357615894
417789,418237,419832,448,1595,8,6000,1.28087774295
418237,419368,420970,1131,1602,8,6000,1.70599250936
418238,419864,421452,1626,1588,8,6000,2.02392947103
418880,419633,419635,753,2,2,3540,75.5
419372,419609,419613,237,4,5,21600,24.1
419373,419615,419618,242,3,5,21600,24.5
419374,419620,419623,246,3,5,21600,24.9
419375,419870,419873,495,3,5,21600,49.8
419376,419885,419888,509,3,5,21600,51.2
419377,419900,419902,523,2,5,21600,52.5
419378,419915,419917,537,2,5,21600,53.9
419379,419929,419931,550,2,5,21600,55.2
419380,419958,419960,578,2,5,21600,58.0
419380,419944,419946,564,2,5,21600,56.6
419381,419973,419975,592,2,5,21600,59.4
419382,419988,419990,606,2,5,21600,60.8
419383,420002,420004,619,2,5,21600,62.1
419384,420016,420018,632,2,5,21600,63.4
419385,420030,420032,645,2,5,21600,64.7
419386,420044,420046,658,2,5,21600,66.0
419387,420058,420060,671,2,5,21600,67.3
419388,420072,420074,684,2,5,21600,68.6
419520,419847,421168,327,1321,5,14400,1.24753974262
421222,421231,435639,9,14408,5,14400,1.00062465297
421234,421241,421244,7,3,5,21600,1.0
421235,421248,421251,13,3,5,21600,1.6
421236,421254,421256,18,2,5,21600,2.0
421237,421259,421261,22,2,5,21600,2.4
421238,421264,421266,26,2,5,21600,2.8
421239,421271,421274,32,3,5,21600,3.5
421240,421277,421279,37,2,5,21600,3.9
421241,421282,421284,41,2,5,21600,4.3
421242,421289,421292,47,3,5,21600,5.0
421243,421300,421303,57,3,5,21600,6.0
421243,421295,421297,52,2,5,21600,5.4
421244,421307,421310,63,3,5,21600,6.6
421245,421313,421315,68,2,5,21600,7.0
421246,421318,421320,72,2,5,21600,7.4
421247,421325,421328,78,3,5,21600,8.1
421248,421331,421333,83,2,5,21600,8.5
421249,421336,421338,87,2,5,21600,8.9
421250,421344,421346,94,2,5,21600,9.6
421870,421877,435756,7,13879,5,21600,1.0005043591
421871,421884,436985,13,15101,5,21600,1.00086087014
421872,421889,437120,17,15231,5,21600,1.0011161447
421873,421895,436803,22,14908,5,21600,1.00147571774
421873,421900,436760,27,14860,5,21600,1.00181695828
421874,421905,437122,31,15217,5,21600,1.00203719524
421875,421911,437023,36,15112,5,21600,1.00238221281
421876,435651,450278,13775,14627,5,21600,1.94175155534
421877,435768,450272,13891,14504,5,21600,1.95773579702
421878,436772,451362,14894,14590,5,21600,2.02083618917
421879,436816,451396,14937,14580,5,21600,2.02448559671
421880,436998,451606,15118,14608,5,21600,2.03491237678
421881,437035,451688,15154,14653,5,21600,2.03419095066
421882,437132,451823,15250,14691,5,21600,2.03805050711
421883,437139,451691,15256,14552,5,21600,2.0483782298
421884,442687,457238,20803,14551,5,21600,2.42966119167
421884,442692,457389,20808,14697,5,21600,2.41579914268
421885,442698,457218,20813,14520,5,21600,2.43340220386
421944,421951,422539,7,588,4,3540,1.0119047619
422097,422551,423149,454,598,4,3540,1.75919732441
422421,423162,423755,741,593,4,3540,2.24957841484
422488,423767,424349,1279,582,4,3540,3.19759450172
422677,424360,424931,1683,571,4,3540,3.94746059545
422749,424501,425074,1752,573,4,3540,4.05759162304
422768,450808,601256,28040,150448,4,604800,1.18637668829
422791,450813,553867,28022,103054,4,604800,1.27191569468
422811,450818,559174,28007,108356,4,604800,1.25847207354
422832,450824,603520,27992,152696,4,604800,1.18331848902
422902,424944,425530,2042,586,4,3540,4.48464163823
422923,450587,450748,27664,161,5,28800,172.826086957
422923,450581,450739,27658,158,5,28800,176.050632911
422945,450802,451263,27857,461,5,28800,61.4273318872
422945,450797,451392,27852,595,5,28800,47.8100840336
423513,450829,515828,27316,64999,4,604800,1.42025261927
423557,451410,576693,27853,125283,4,604800,1.22232066601
423594,455064,536711,31470,81647,4,604800,1.38543975896
423638,455070,603966,31432,148896,4,604800,1.21110036536
423660,455075,604118,31415,149043,4,604800,1.2107780976
426916,426924,426926,8,2,1,3600,1.0
428050,429430,515950,1380,86520,15,86400,1.01595006935
429258,429264,429268,6,4,2,600,1.0
429793,477783,478611,47990,828,1,30600,58.9589371981
429827,429833,429835,6,2,1,240,1.0
429986,429993,430220,7,227,1,1800,1.03083700441
430245,430252,430832,7,580,1,1800,1.01206896552
430501,450640,450756,20139,116,64,1800,174.612068966
431018,431025,431278,7,253,1,3540,1.02766798419
431404,431411,433535,7,2124,1,3540,1.00329566855
431477,431483,431666,6,183,1,3540,1.03278688525
431524,431678,431921,154,243,1,3540,1.63374485597
431572,431933,432215,361,282,1,3540,2.28014184397
431642,432228,432458,586,230,1,3540,3.54782608696
431690,432470,432761,780,291,1,3540,3.68041237113
431737,432773,433238,1036,465,1,3540,3.22795698925
431785,433250,433743,1465,493,1,3540,3.97160243408
431832,433546,434043,1714,497,1,3540,4.44869215292
431880,433755,434252,1875,497,1,3540,4.77263581489
431952,434055,434601,2103,546,1,3540,4.85164835165
432040,521619,521699,89579,80,2,151200,1120.7375
432147,434264,434486,2117,222,1,3540,10.536036036
432390,434498,434680,2108,182,1,3540,12.5824175824
432438,434613,434713,2175,100,1,3540,22.75
440664,440670,444278,6,3608,1,3600,1.00166297118
444247,444253,444265,6,12,1,1800,1.5
444385,444393,444510,8,117,1,3600,1.06837606838
444405,444412,444496,7,84,1,1800,1.08333333333
444587,444594,444712,7,118,1,3600,1.0593220339
444635,444643,444903,8,260,1,3600,1.03076923077
444710,444717,444821,7,104,1,1800,1.06730769231
444844,444851,445166,7,315,1,3600,1.02222222222
445147,445153,445931,6,778,1,3600,1.00771208226
445361,445367,445836,6,469,3,3600,1.01279317697
445399,445406,446039,7,633,1,3600,1.01105845182
445430,445438,445828,8,390,1,1800,1.02051282051
445494,445500,445971,6,471,3,3600,1.0127388535
446458,446465,446470,7,5,1,3600,1.2
446483,446489,446497,6,8,1,1800,1.4
446573,446579,446673,6,94,1,3600,1.06382978723
446635,446641,446692,6,51,1,1800,1.11764705882
446808,446815,447088,7,273,1,3600,1.02564102564
446892,450715,450802,3823,87,1,3600,44.9425287356
446911,446918,447006,7,88,1,1800,1.07954545455
447384,450751,451255,3367,504,1,3600,7.68055555556
447604,447610,447859,6,249,1,1800,1.02409638554
448388,450756,451230,2368,474,3,3600,5.99578059072
448447,450763,451229,2316,466,3,3600,5.96995708155
450935,451531,451782,596,251,1,3600,3.37450199203
451944,451957,452040,13,83,1,1800,1.15662650602
452070,452077,452548,7,471,1,3600,1.01486199575
452277,452283,452384,6,101,1,1800,1.05940594059
452862,452869,453247,7,378,1,1800,1.01851851852
454141,530994,675005,76853,144011,1,144000,1.53366062315
454171,531036,675080,76865,144044,1,144000,1.53362167116
454254,541534,800754,87280,259220,3,259200,1.33670241494
454343,454350,454389,7,39,1,1800,1.17948717949
454616,454623,454706,7,83,1,1800,1.0843373494
455287,455293,455553,6,260,1,1800,1.02307692308
455487,455493,457081,6,1588,8,6000,1.00377833753
455488,455500,457115,12,1615,8,6000,1.00743034056
455499,455507,457107,8,1600,8,6000,1.005
455500,455513,457120,13,1607,8,6000,1.00808960797
455512,455519,457110,7,1591,8,6000,1.00439974859
455513,457092,458681,1579,1589,8,6000,1.99370673379
455524,457126,458727,1602,1601,8,6000,2.00062460962
457088,457118,458707,30,1589,8,6000,1.01887979862
457121,457132,458726,11,1594,8,6000,1.00690087829
457122,457138,458706,16,1568,8,6000,1.01020408163
457133,458693,460289,1560,1596,8,6000,1.97744360902
457134,458717,460308,1583,1591,8,6000,1.9949717159
458158,458730,460934,572,2204,2,36000,1.25952813067
458159,458749,461042,590,2293,2,36000,1.25730484082
458159,458743,461017,584,2274,2,36000,1.25681618294
458159,458738,460941,579,2203,2,36000,1.26282342261
458160,458754,461087,594,2333,2,36000,1.25460780111
458160,458761,461105,601,2344,2,36000,1.25639931741
458160,458766,461070,606,2304,2,36000,1.26302083333
458161,458777,461110,616,2333,2,36000,1.26403771967
458161,458772,461085,611,2313,2,36000,1.26415910073
458222,458725,460198,503,1473,5,172800,1.34147997284
458946,545715,624678,86769,78963,24,86400,2.09885642643
460243,460250,462358,7,2108,5,172800,1.00332068311
460841,460846,460852,5,6,15,600,1.1
460999,461006,461015,7,9,8,600,1.6
461374,461381,461391,7,10,8,600,1.7
461480,471148,471152,9668,4,4,259200,967.2
461560,486556,670858,24996,184302,4,259200,1.13562522382
461621,494640,661529,33019,166889,4,259200,1.19785006801
461662,494645,560962,32983,66317,4,259200,1.49735361974
461686,515840,589138,54154,73298,4,259200,1.73881961309
461953,461965,464669,12,2704,2,36000,1.00443786982
461953,461960,464513,7,2553,2,36000,1.00274187231
461954,461982,464668,28,2686,2,36000,1.01042442293
461954,461977,464671,23,2694,2,36000,1.00853749072
461954,461972,464736,18,2764,2,36000,1.00651230101
461955,461988,464672,33,2684,2,36000,1.01229508197
461955,461993,464607,38,2614,2,36000,1.01453710788
461956,461999,464603,43,2604,2,36000,1.01651305684
461956,462004,464690,48,2686,2,36000,1.01787043931
462378,462385,476721,7,14336,5,172800,1.00048828125
463296,463303,467354,7,4051,5,28800,1.0017279684
463296,463308,467536,12,4228,5,28800,1.00283822138
463298,463315,467463,17,4148,5,28800,1.00409836066
463991,471153,517077,7162,45924,3,72000,1.15595331417
464136,466632,473840,2496,7208,2,7200,1.34628190899
465612,466146,466151,534,5,2,600,53.9
465725,466638,481152,913,14514,2,14400,1.06290478159
465789,465796,467990,7,2194,2,36000,1.0031905196
465790,465808,468173,18,2365,2,36000,1.00761099366
465790,465802,468106,12,2304,2,36000,1.00520833333
465791,465824,468148,33,2324,2,36000,1.01419965577
465791,465818,468142,27,2324,2,36000,1.01161790017
465791,465813,468147,22,2334,2,36000,1.00942587832
465792,465829,468113,37,2284,2,36000,1.01619964974
465792,465835,468098,43,2263,2,36000,1.01900132567
465793,465840,468113,47,2273,2,36000,1.0206775187
466561,466569,466572,8,3,2,600,1.1
466927,541191,595223,74264,54032,3,54000,2.37444477347
467250,469609,469832,2359,223,4,18000,11.5784753363
467259,469844,470069,2585,225,4,18000,12.4888888889
467267,470081,470299,2814,218,4,18000,13.9082568807
467344,547972,653430,80628,105458,25,129599,1.76455081644
467687,542389,574834,74702,32445,20,32399,3.30241947912
468079,468086,471426,7,3340,8,3600,1.00209580838
468423,469424,475526,1001,6102,2,14400,1.16404457555
468762,531567,625396,62805,93829,1,360000,1.66935595605
468858,471045,471050,2187,5,16,36000,219.2
468876,515960,596512,47084,80552,4,259200,1.58451683385
469063,515966,574032,46903,58066,4,259200,1.80775324631
469073,471062,471070,1989,8,16,36000,199.7
469195,531591,551024,62396,19433,1,360000,4.21082694386
469206,471083,471090,1877,7,16,36000,188.4
469339,471124,471130,1785,6,16,36000,179.1
469599,471142,493683,1543,22541,9,604800,1.06845304113
470399,470406,470456,7,50,4,18000,1.14
470560,470566,470737,6,171,4,18000,1.0350877193
470652,470727,470908,75,181,4,18000,1.41436464088
470707,470750,470787,43,37,4,18000,2.16216216216
470757,471103,471111,346,8,16,1800,35.4
470810,470817,471031,7,214,4,18000,1.03271028037
470966,470973,471002,7,29,4,18000,1.24137931034
471168,543909,558210,72741,14301,25,43199,6.08642752255
471289,526551,543374,55262,16823,16,36000,4.28490756702
471307,526556,540263,55249,13707,16,36000,5.0307142336
471313,540279,540283,68966,4,16,36000,6897.0
471329,540295,576313,68966,36018,16,36000,2.9147648398
471408,471414,471416,6,2,2,600,1.0
471563,472191,472364,628,173,4,18000,4.63005780347
471641,472197,473407,556,1210,2,14400,1.45950413223
471777,471784,477221,7,5437,3,5400,1.00128747471
471808,480715,480897,8907,182,16,3600,49.9395604396
472116,531106,541331,58990,10225,1,73800,6.76919315403
472168,472176,472181,8,5,2,600,1.3
472185,489177,490210,16992,1033,64,3600,17.4491771539
472481,479439,479647,6958,208,4,18000,34.4519230769
472949,490237,526456,17288,36219,16,36000,1.47731853447
472969,490242,526428,17273,36186,16,36000,1.47733930249
473488,489161,489165,15673,4,64,1800,1567.7
474675,515976,1120804,41301,604828,3,604800,1.06828552911
475044,517089,567141,42045,50052,3,144000,1.84002637257
475076,475083,476692,7,1609,8,6000,1.00435052828
475077,475088,476693,11,1605,8,6000,1.00685358255
475088,475095,476938,7,1843,8,6000,1.00379815518
475089,475101,476717,12,1616,8,6000,1.00742574257
475100,476704,478302,1604,1598,8,6000,2.00375469337
475101,476711,478310,1610,1599,8,6000,2.00687929956
475737,515971,539138,40234,23167,4,259200,2.73669443605
476149,476155,478319,6,2164,2,36000,1.00277264325
476149,476731,478974,582,2243,2,36000,1.25947391886
476150,476741,479035,591,2294,2,36000,1.25762859634
476150,476736,479099,586,2363,2,36000,1.24798984342
476150,476747,479040,597,2293,2,36000,1.26035761012
476151,476765,479008,614,2243,2,36000,1.27374052608
476151,476759,479052,608,2293,2,36000,1.26515481901
476152,478322,480535,2170,2213,2,36000,1.98056936286
476152,476770,478993,618,2223,2,36000,1.27800269906
476768,476951,478592,183,1641,8,6000,1.11151736746
476947,478314,479911,1367,1597,8,6000,1.85597996243
477330,484864,489150,7534,4286,32,5400,2.75781614559
478318,478331,479929,13,1598,8,6000,1.00813516896
478318,478604,480191,286,1587,8,6000,1.18021424071
478330,479923,481515,1593,1592,8,6000,2.0006281407
478602,479046,480662,444,1616,8,6000,1.27475247525
479051,479942,481522,891,1580,8,6000,1.56392405063
479925,480204,481795,279,1591,8,6000,1.17536140792
479947,480548,482152,601,1604,8,6000,1.3746882793
480016,480045,480703,29,658,1,1800,1.04407294833
480207,480674,482248,467,1574,8,6000,1.29669631512
480551,481526,483139,975,1613,8,6000,1.60446373218
480677,481533,483176,856,1643,8,6000,1.52099817407
481530,482164,483737,634,1573,8,6000,1.40305149396
481530,481807,483401,277,1594,8,6000,1.17377666248
481812,482261,483877,449,1616,8,6000,1.27784653465
482064,482071,482100,7,29,8,60,1.24137931034
482167,483151,484761,984,1610,8,6000,1.61118012422
482234,482240,482270,6,30,8,60,1.2
482262,483188,484791,926,1603,8,6000,1.57766687461
482546,482552,482582,6,30,8,60,1.2
483154,483412,484997,258,1585,8,6000,1.16277602524
483186,483749,485354,563,1605,8,6000,1.3507788162
483415,483888,485472,473,1584,8,6000,1.29861111111
483552,520299,555369,36747,35070,1,86400,2.04781864842
483552,494614,535346,11062,40732,1,86400,1.27158008445
483725,541569,543184,57844,1615,4,18000,36.8167182663
483748,484773,486372,1025,1599,8,6000,1.64102564103
483894,484804,486412,910,1608,8,6000,1.56592039801
484005,484012,484044,7,32,8,60,1.21875
484364,539149,541835,54785,2686,4,259200,21.3965003723
484437,541526,541720,57089,194,4,18000,295.273195876
484458,484464,484494,6,30,8,60,1.2
484469,484475,484492,6,17,8,60,1.35294117647
484776,485009,486602,233,1593,8,6000,1.14626490898
484808,485365,486974,557,1609,8,6000,1.34617775016
484901,484907,484950,6,43,8,60,1.13953488372
485006,485484,487087,478,1603,8,6000,1.29819089208
485333,485340,485382,7,42,8,60,1.16666666667
485370,486384,488011,1014,1627,8,6000,1.62323294407
485485,486423,488000,938,1577,8,6000,1.59480025365
485671,485677,485720,6,43,8,60,1.13953488372
485678,485684,485686,6,2,1,240,1.0
485796,485804,485845,8,41,8,60,1.19512195122
486388,486614,488219,226,1605,8,6000,1.14080996885
486419,486985,488601,566,1616,8,6000,1.35024752475
486459,486467,486546,8,79,16,60,1.10126582278
486616,487098,488670,482,1572,8,6000,1.30661577608
486689,486696,486775,7,79,16,60,1.08860759494
486809,486817,486912,8,95,16,60,1.08421052632
486980,488022,489630,1042,1608,8,6000,1.64800995025
487095,488013,489629,918,1616,8,6000,1.56806930693
487108,487115,487184,7,69,16,60,1.10144927536
487854,487861,487947,7,86,16,60,1.08139534884
488010,488230,489847,220,1617,8,6000,1.13605442177
488021,488613,490213,592,1600,8,6000,1.37
488230,488681,490260,451,1579,8,6000,1.28562381254
488267,488273,488352,6,79,16,60,1.07594936709
488501,488508,488577,7,69,16,60,1.10144927536
488615,489640,491231,1025,1591,8,6000,1.64424890006
488678,489648,491251,970,1603,8,6000,1.60511540861
489035,489042,489112,7,70,16,60,1.1
489383,494596,494628,5213,32,8,60,163.90625
489645,489858,491446,213,1588,8,6000,1.13413098237
489646,490223,491845,577,1622,8,6000,1.35573366215
489854,490273,491889,419,1616,8,6000,1.25928217822
489898,490229,496536,331,6307,32,7200,1.05248136991
489956,496548,502907,6592,6359,32,7200,2.03664098129
489961,502919,509376,12958,6457,32,7200,3.00681431005
489966,509388,515850,19422,6462,32,7200,4.00557103064
489973,515864,522234,25891,6370,32,7200,5.06452119309
489981,526543,532981,36562,6438,32,7200,6.67909288599
489985,532993,539374,43008,6381,32,7200,7.74000940291
489990,539386,545702,49396,6316,32,7200,8.82077264091
489995,558221,563730,68226,5509,32,7200,13.3844617898
490025,522283,522284,32258,1,2,600,3225.9
490226,491243,504006,1017,12763,5,16200,1.07968346
490269,491263,503314,994,12051,5,16200,1.08248278151
490413,491268,502884,855,11616,5,28800,1.0736053719
490718,491458,505907,740,14449,5,28800,1.05121461693
490881,522289,522294,31408,5,2,600,3141.3
492650,492656,502685,6,10029,5,16200,1.00059826503
492651,492662,506002,11,13340,5,16200,1.00082458771
492662,492674,502603,12,9929,5,16200,1.00120858092
492662,492668,503725,6,11057,5,16200,1.00054264267
492674,502615,513988,9941,11373,5,16200,1.87408775169
492675,502697,510639,10022,7942,5,16200,2.26189876605
494833,563742,609630,68909,45888,25,129599,2.50167799861
497297,536723,579458,39426,42735,4,86400,1.92256932257
498942,520871,521042,21929,171,1,3540,129.239766082
499233,520877,521951,21644,1074,1,3540,21.1527001862
499293,521054,521184,21761,130,1,3540,168.392307692
499324,521196,521367,21872,171,1,3540,128.906432749
499355,521380,521592,22025,212,1,3540,104.891509434
499413,521604,521784,22191,180,1,3540,124.283333333
499443,521796,522015,22353,219,1,3540,103.068493151
499474,521964,522301,22490,337,1,3540,67.7359050445
499504,522027,522385,22523,358,1,3540,63.9134078212
499535,522251,522592,22716,341,1,3540,67.6158357771
499565,522256,522615,22691,359,1,3540,64.2061281337
499634,522262,522531,22628,269,1,3540,85.1189591078
499734,522267,522427,22533,160,1,3540,141.83125
499880,522272,522399,22392,127,1,3540,177.31496063
499911,522278,522346,22367,68,1,3540,329.926470588
502621,502896,513225,275,10329,5,16200,1.02662406816
502694,503736,515971,1042,12235,5,16200,1.08516550879
502893,503326,512069,433,8743,5,16200,1.04952533455
502995,504019,508197,1024,4178,5,172800,1.2450933461
508289,508296,509518,7,1222,5,86400,1.00572831424
509679,509687,511725,8,2038,5,86400,1.00392541708
509683,509693,511022,10,1329,5,86400,1.00752445448
509687,509698,511068,11,1370,5,86400,1.00802919708
511035,511041,511057,6,16,2,86400,1.375
511075,511082,511370,7,288,2,86400,1.02430555556
511399,511406,511464,7,58,1,86400,1.12068965517
511568,511575,511588,7,13,1,86400,1.53846153846
511820,511827,552226,7,40399,5,172800,1.00017327162
514947,514954,515669,7,715,5,172800,1.00979020979
515063,522246,522421,7183,175,4,1800,42.0457142857
515680,515687,552224,7,36537,5,172800,1.00019158661
515885,515892,524328,7,8436,5,16200,1.00082977715
515886,515898,528779,12,12881,5,16200,1.00093160469
515897,515905,524910,8,9005,5,16200,1.00088839534
515898,515911,527128,13,11217,5,16200,1.00115895516
515909,515917,525056,8,9139,5,16200,1.0008753693
515909,515983,523568,74,7585,5,16200,1.00975609756
515921,523580,533695,7659,10115,5,16200,1.75719228868
515984,524340,534605,8356,10265,5,16200,1.81402825134
516498,522294,522311,5796,17,1,240,341.941176471
517817,541554,541559,23737,5,5,172800,2374.2
518549,526468,526517,7919,49,64,1800,162.612244898
518616,526528,526531,7912,3,64,1800,791.5
524338,524922,538590,584,13668,5,16200,1.04272753878
524920,525067,535692,147,10625,5,16200,1.01383529412
525066,527140,535957,2074,8817,5,16200,1.23522740161
527077,540903,540909,13826,6,1,3600,1383.2
527138,528791,539561,1653,10770,5,16200,1.15348189415
528795,533706,544906,4911,11200,5,16200,1.43848214286
530744,540920,540927,10176,7,1,1800,1018.3
531012,540937,541086,9925,149,1,3600,67.610738255
533712,534617,547292,905,12675,5,16200,1.07140039448
534621,535704,548233,1083,12529,5,16200,1.08643946045
534759,540828,684853,6069,144025,1,144000,1.04213851762
534764,540842,684848,6078,144006,1,144000,1.04220657473
535704,535974,543669,270,7695,5,16200,1.0350877193
535973,538601,550279,2628,11678,5,16200,1.225038534
538600,539572,551502,972,11930,5,16200,1.08147527242
538838,540998,541076,2160,78,1,1800,28.6923076923
539568,543681,552548,4113,8867,5,16200,1.4638547423
541019,541038,541184,19,146,1,3600,1.1301369863
541074,541082,541162,8,80,1,1800,1.1
541218,541329,541593,111,264,1,3600,1.42045454545
541307,541343,541446,36,103,1,1800,1.34951456311
541315,541385,541686,70,301,1,3600,1.23255813953
541375,541456,541559,81,103,1,1800,1.78640776699
541553,544918,552893,3365,7975,5,16200,1.42194357367
541807,541814,542389,7,575,1,3600,1.01217391304
541906,541913,542286,7,373,1,1800,1.01876675603
541912,541919,542538,7,619,1,3600,1.0113085622
541984,541998,542382,14,384,1,1800,1.03645833333
542999,543005,543012,6,7,1,3600,1.3
543021,543028,543034,7,6,1,1800,1.3
543116,543124,543209,8,85,1,3600,1.09411764706
543170,543176,543220,6,44,1,1800,1.13636363636
543226,543234,543320,8,86,1,3600,1.09302325581
543334,543340,543589,6,249,1,3600,1.02409638554
543385,543391,557905,6,14514,2,14400,1.00041339396
543406,543412,543456,6,44,1,1800,1.13636363636
543430,543437,543521,7,84,1,1800,1.08333333333
543442,543448,543702,6,254,1,3600,1.02362204724
543680,547304,556638,3624,9334,5,16200,1.38825798157
543689,543695,543771,6,76,1,1800,1.07894736842
543875,543884,544434,9,550,1,3600,1.01636363636
543967,544092,544586,125,494,1,3600,1.25303643725
544106,544114,544374,8,260,1,1800,1.03076923077
544357,544384,544638,27,254,1,1800,1.1062992126
544922,548245,557884,3323,9639,5,16200,1.34474530553
545959,545965,545966,6,1,2,600,1.0
547304,551647,559671,4343,8024,5,16200,1.54125124626
547418,610860,610959,63442,99,64,1800,641.828282828
547488,547495,547496,7,1,2,600,1.0
548249,553138,563052,4889,9914,5,16200,1.49314101271
548345,550290,552224,1945,1934,5,172800,2.0056876939
550103,551036,551041,933,5,2,600,93.8
551125,610970,611087,59845,117,64,1800,512.495726496
551643,556650,564819,5007,8169,5,16200,1.61292691884
552189,552241,643922,52,91681,5,172800,1.00056718404
552208,552235,564953,27,12718,5,16200,1.00212297531
552240,552559,562859,319,10300,5,16200,1.03097087379
552240,552904,565431,664,12527,5,16200,1.0530055081
552315,561055,622917,8740,61862,16,86400,1.14128220879
553134,557896,566118,4762,8222,5,16200,1.57917781562
556515,556521,556550,6,29,2,3600,1.20689655172
556653,559683,567861,3030,8178,5,16200,1.37050623624
556743,556749,557051,6,302,1,3600,1.01986754967
557301,557307,559125,6,1818,4,1800,1.00330033003
557894,563063,575254,5169,12191,5,16200,1.42400131244
559072,559137,559796,65,659,1,1800,1.09863429439
559502,559509,561032,7,1523,2,14400,1.00459619173
559680,562870,570826,3190,7956,5,16200,1.4009552539
561082,561277,563058,195,1781,2,14400,1.10948905109
561479,563747,565648,2268,1901,4,5400,2.19305628617
561578,561977,574623,399,12646,2,32400,1.03155147873
561810,563121,568341,1311,5220,1,18000,1.25114942529
561992,563070,563109,1078,39,2,72600,28.641025641
562873,564831,572709,1958,7878,5,16200,1.24854023864
563069,564964,576333,1895,11369,5,16200,1.16668132641
564834,565442,576330,608,10888,5,16200,1.05584129317
564967,566131,577378,1164,11247,5,16200,1.10349426514
565440,567873,576440,2433,8567,5,16200,1.28399673164
566128,570837,582304,4709,11467,5,16200,1.41065666696
567872,575266,583427,7394,8161,5,16200,1.90601641956
568521,568528,568538,7,10,5,14400,1.7
568586,568592,568786,6,194,5,14400,1.03092783505
568798,568806,741644,8,172838,5,172800,1.00004628612
570185,570192,570994,7,802,1,3600,1.00872817955
570841,572720,582140,1879,9420,5,16200,1.19946921444
571354,571360,571471,6,111,1,3600,1.05405405405
571802,571808,572079,6,271,1,3600,1.0221402214
572322,572329,572389,7,60,1,3600,1.11666666667
572718,576348,585651,3630,9303,5,16200,1.39019671074
574459,574466,579543,7,5077,2,14400,1.00137876699
575263,576341,586332,1078,9991,5,16200,1.1078971074
576341,577390,584997,1049,7607,5,16200,1.13789930327
576352,576453,587662,101,11209,5,16200,1.00901061647
576455,582315,591686,5860,9371,5,16200,1.62533347562
577389,582151,594680,4762,12529,5,16200,1.38007821853
578796,578802,610848,6,32046,20,43199,1.00018723086
579956,579963,580695,7,732,2,14400,1.00956284153
582147,583438,595679,1291,12241,5,16200,1.10546523977
582312,585008,596642,2696,11634,5,16200,1.23173457108
583440,586344,597418,2904,11074,5,16200,1.2622358678
583817,583823,592133,6,8310,2,14400,1.00072202166
585010,585662,594039,652,8377,5,16200,1.07783215948
585666,587673,595686,2007,8013,5,16200,1.25046798952
586344,594051,605091,7707,11040,5,16200,1.69809782609
587310,587316,587381,6,65,8,60,1.09230769231
587411,587417,587741,6,324,8,300,1.01851851852
587636,587643,587677,7,34,8,300,1.20588235294
587678,591697,602659,4019,10962,5,16200,1.36663017698
588838,588846,590811,8,1965,4,3600,1.00407124682
590486,590493,614214,7,23721,2,64800,1.00029509717
591400,591406,591408,6,2,2,3540,1.0
591698,594691,603293,2993,8602,5,16200,1.34794233899
592229,592235,592250,6,15,4,3600,1.4
593077,593083,593109,6,26,2,72600,1.23076923077
594056,595690,605075,1634,9385,5,16200,1.17410761854
594209,594215,629671,6,35456,20,86399,1.00016922383
594391,594397,656066,6,61669,16,72000,1.00009729362
594692,595697,603554,1005,7857,5,16200,1.12791141657
595687,596662,604339,975,7677,5,16200,1.12700273544
595698,597429,606184,1731,8755,5,16200,1.19771559109
596662,602670,613736,6008,11066,5,16200,1.54292427255
597432,603566,615542,6134,11976,5,16200,1.51219104876
602517,602523,602530,6,7,2,86400,1.3
602671,603304,611264,633,7960,5,16200,1.07952261307
603307,604350,616720,1043,12370,5,16200,1.08431689572
603564,605102,617374,1538,12272,5,16200,1.12532594524
603601,603608,603936,7,328,4,604800,1.02134146341
603843,603849,690262,6,86413,2,86400,1.000069434
603853,603859,655193,6,51334,4,604800,1.0001168816
603935,603942,655469,7,51527,4,604800,1.00013585111
603962,603969,603984,7,15,4,3600,1.46666666667
604105,604111,793494,6,189383,4,604800,1.00003168183
604354,605086,615663,732,10577,5,16200,1.06920676941
