SubmitTime,StartTime,EndTime,QueuedTime,RunTime,NodesRequested,walltime,bslowdown
27,53,234,26,181,1,3540,1.14364640884
92,138,261,46,123,1,3540,1.37398373984
1706,1770,8948,64,7178,2,10800,1.00891613263
1760,2148,8933,388,6785,2,10800,1.05718496684
1943,2183,9354,240,7171,2,10800,1.03346813555
2172,2397,8962,225,6565,2,10800,1.03427265804
2305,2433,9779,128,7346,2,10800,1.01742444868
2347,2504,9578,157,7074,2,10800,1.02219394967
2349,2814,10099,465,7285,2,10800,1.06382978723
2382,3120,9880,738,6760,2,10800,1.10917159763
2397,3145,9814,748,6669,2,10800,1.11216074374
2424,3152,10382,728,7230,2,10800,1.10069156293
2451,3201,9858,750,6657,2,10800,1.11266336187
2733,3214,10436,481,7222,2,10800,1.06660204929
2803,3221,10050,418,6829,2,10800,1.06120954752
2836,3227,10121,391,6894,2,10800,1.05671598491
2863,3232,10265,369,7033,2,10800,1.05246694156
2881,3244,10450,363,7206,2,10800,1.05037468776
2932,3274,10396,342,7122,2,10800,1.04802021904
2949,3280,10028,331,6748,2,10800,1.04905157084
2965,3285,9936,320,6651,2,10800,1.0481130657
2995,3290,10031,295,6741,2,10800,1.04376205311
2996,3300,9996,304,6696,2,10800,1.04540023895
3111,3306,9839,195,6533,2,10800,1.02984846166
3112,3311,10172,199,6861,2,10800,1.02900451829
3133,3316,10184,183,6868,2,10800,1.02664531159
3148,3355,10781,207,7426,2,10800,1.02787503367
3199,3360,10200,161,6840,2,10800,1.0235380117
3229,3367,10403,138,7036,2,10800,1.01961341671
3275,3379,9793,104,6414,2,10800,1.01621453071
3506,3519,10561,13,7042,2,10800,1.00184606646
3508,3561,10230,53,6669,2,10800,1.00794721847
3583,3589,9860,6,6271,2,10800,1.0009567852
3634,3640,10669,6,7029,2,10800,1.00085360649
3651,3662,10479,11,6817,2,10800,1.00161361303
3666,3672,10599,6,6927,2,10800,1.00086617583
3668,3678,10578,10,6900,2,10800,1.00144927536
3669,3685,10924,16,7239,2,10800,1.00221025003
3671,3690,11095,19,7405,2,10800,1.0025658339
3672,3696,10412,24,6716,2,10800,1.00357355569
3687,3702,10171,15,6469,2,10800,1.00231875097
3702,3708,10495,6,6787,2,10800,1.00088404302
3704,3714,10333,10,6619,2,10800,1.00151080224
3725,3731,10465,6,6734,2,10800,1.00089100089
3741,3753,10571,12,6818,2,10800,1.00176004693
3756,3762,10382,6,6620,2,10800,1.00090634441
3837,3843,10806,6,6963,2,10800,1.00086169754
3870,3877,10554,7,6677,2,10800,1.00104837502
3894,3901,11018,7,7117,2,10800,1.00098356049
3922,3928,10894,6,6966,2,10800,1.00086132644
3949,3955,10731,6,6776,2,10800,1.00088547816
3951,3962,10860,11,6898,2,10800,1.00159466512
3984,3990,10606,6,6616,2,10800,1.00090689238
3998,4005,10492,7,6487,2,10800,1.00107908124
4013,4020,10666,7,6646,2,10800,1.00105326512
4029,4035,10698,6,6663,2,10800,1.00090049527
4064,4070,10874,6,6804,2,10800,1.00088183422
4414,4420,10937,6,6517,2,10800,1.00092066902
4589,4595,11639,6,7044,2,10800,1.00085178876
5378,5384,12612,6,7228,2,10800,1.00083010515
5457,5463,12158,6,6695,2,10800,1.00089619119
5472,5478,12752,6,7274,2,10800,1.00082485565
6873,6879,14360,6,7481,2,10800,1.00080203181
7198,7204,14523,6,7319,2,10800,1.00081978412
8561,8567,15444,6,6877,2,10800,1.00087247346
8617,8623,8632,6,9,1,3600,1.5
8744,8750,8860,6,110,1,3600,1.05454545455
8952,8958,15712,6,6754,2,10800,1.00088836245
8966,8973,15971,7,6998,2,10800,1.0010002858
8990,8996,9254,6,258,1,3600,1.02325581395
9363,9369,16028,6,6659,2,10800,1.00090103619
9503,9509,10085,6,576,1,3600,1.01041666667
9580,9586,16723,6,7137,2,10800,1.00084068937
9607,9613,17067,6,7454,2,10800,1.00080493695
9799,9810,16741,11,6931,2,10800,1.00158707257
9816,9823,17158,7,7335,2,10800,1.00095432856
9833,9844,16735,11,6891,2,10800,1.00159628501
9864,9869,16980,5,7111,2,10800,1.00070313599
9865,9876,16836,11,6960,2,10800,1.00158045977
9882,9894,16239,12,6345,2,10800,1.00189125296
9939,9946,17331,7,7385,2,10800,1.0009478673
9997,10003,16621,6,6618,2,10800,1.00090661831
10030,10036,16743,6,6707,2,10800,1.00089458774
10045,10051,16969,6,6918,2,10800,1.00086730269
10060,10066,16747,6,6681,2,10800,1.00089806915
10104,10110,16252,6,6142,2,10800,1.00097688049
10122,10128,16914,6,6786,2,10800,1.0008841733
10174,10180,16517,6,6337,2,10800,1.00094682026
10176,10186,16772,10,6586,2,10800,1.0015183723
10191,10196,16681,5,6485,2,10800,1.00077101002
10207,10218,16895,11,6677,2,10800,1.00164744646
10225,10232,17215,7,6983,2,10800,1.00100243448
10267,10273,16959,6,6686,2,10800,1.00089739755
10336,10342,17490,6,7148,2,10800,1.00083939564
10384,10391,17301,7,6910,2,10800,1.0010130246
10386,10397,17822,11,7425,2,10800,1.00148148148
10401,10407,17375,6,6968,2,10800,1.00086107922
10417,10428,17267,11,6839,2,10800,1.00160842228
10419,10434,17855,15,7421,2,10800,1.00202129093
10437,10443,17487,6,7044,2,10800,1.00085178876
10452,10458,17509,6,7051,2,10800,1.00085094313
10467,10473,16882,6,6409,2,10800,1.00093618349
10481,10487,18115,6,7628,2,10800,1.00078657577
10497,10503,17929,6,7426,2,10800,1.00080797199
10501,10520,17724,19,7204,2,10800,1.00263742365
10555,10561,17729,6,7168,2,10800,1.00083705357
10570,10576,17782,6,7206,2,10800,1.00083263947
10585,10591,18056,6,7465,2,10800,1.00080375084
10587,10597,17162,10,6565,2,10800,1.00152322925
10602,10608,17882,6,7274,2,10800,1.00082485565
10616,10622,14229,6,3607,1,3600,1.00166343222
10617,10628,17329,11,6701,2,10800,1.00164154604
10668,10674,17799,6,7125,2,10800,1.00084210526
10683,10689,17303,6,6614,2,10800,1.00090716662
10701,10707,17762,6,7055,2,10800,1.00085046067
10734,10740,17948,6,7208,2,10800,1.00083240844
10764,10770,17230,6,6460,2,10800,1.00092879257
10809,10815,17443,6,6628,2,10800,1.00090525045
10860,10867,17610,7,6743,2,10800,1.0010381136
10875,10882,17718,7,6836,2,10800,1.00102399064
10896,10903,17883,7,6980,2,10800,1.00100286533
10926,10933,17952,7,7019,2,10800,1.00099729306
10942,10948,17925,6,6977,2,10800,1.00085996847
11013,11019,17593,6,6574,2,10800,1.00091268634
11097,11103,17830,6,6727,2,10800,1.00089192805
11112,11118,18408,6,7290,2,10800,1.00082304527
12118,12124,12132,6,8,1,1800,1.4
12163,12169,18963,6,6794,2,10800,1.00088313218
12263,12270,12342,7,72,1,1800,1.09722222222
12454,12461,12570,7,109,1,3600,1.06422018349
12523,12529,12621,6,92,1,1800,1.0652173913
12618,12624,18925,6,6301,2,10800,1.0009522298
12692,12698,12944,6,246,1,3600,1.0243902439
12755,12761,19752,6,6991,2,10800,1.00085824632
13058,13066,13447,8,381,1,1800,1.02099737533
13168,13175,13733,7,558,1,3600,1.01254480287
14050,14056,14063,6,7,1,1800,1.3
14194,14200,14237,6,37,1,1800,1.16216216216
14339,14345,14485,6,140,1,3600,1.04285714286
14365,14372,21284,7,6912,2,10800,1.00101273148
14447,14454,14532,7,78,1,1800,1.08974358974
14471,14477,14556,6,79,1,3600,1.07594936709
14526,14532,21070,6,6538,2,10800,1.00091771184
14610,14616,14867,6,251,1,3600,1.02390438247
14668,14674,14909,6,235,1,3600,1.02553191489
14977,14984,15155,7,171,1,1800,1.04093567251
15141,15147,15650,6,503,1,3600,1.01192842942
15176,15182,15697,6,515,1,3600,1.01165048544
15449,15455,22611,6,7156,2,10800,1.00083845724
15716,15722,22795,6,7073,2,10800,1.00084829634
15975,15981,22855,6,6874,2,10800,1.00087285423
16029,16035,23192,6,7157,2,10800,1.00083834009
16089,16096,22968,7,6872,2,10800,1.00101862631
16255,16262,23646,7,7384,2,10800,1.00094799567
16521,16527,23527,6,7000,2,10800,1.00085714286
16623,16629,24272,6,7643,2,10800,1.00078503206
16653,16660,23749,7,7089,2,10800,1.00098744534
16701,16707,23594,6,6887,2,10800,1.00087120662
16740,16746,23149,6,6403,2,10800,1.00093706075
16755,16761,23743,6,6982,2,10800,1.00085935262
16756,16767,23529,11,6762,2,10800,1.00162673765
16758,16772,23730,14,6958,2,10800,1.00201207243
16776,16782,23829,6,7047,2,10800,1.00085142614
16839,16845,23284,6,6439,2,10800,1.00093182171
16875,16881,23435,6,6554,2,10800,1.00091547147
16905,16911,23893,6,6982,2,10800,1.00085935262
16920,16926,24264,6,7338,2,10800,1.00081766149
16962,16968,24280,6,7312,2,10800,1.00082056893
16977,16983,23984,6,7001,2,10800,1.00085702043
16992,16998,24065,6,7067,2,10800,1.00084901656
17013,17019,24253,6,7234,2,10800,1.00082941664
17160,17166,24672,6,7506,2,10800,1.00079936051
17175,17181,23789,6,6608,2,10800,1.00090799031
17211,17218,24514,7,7296,2,10800,1.00095942982
17241,17247,24035,6,6788,2,10800,1.00088391279
17268,17274,23854,6,6580,2,10800,1.0009118541
17302,17308,23854,6,6546,2,10800,1.00091659028
17316,17323,23800,7,6477,2,10800,1.00108074726
17332,17338,24160,6,6822,2,10800,1.00087950748
17333,17344,24459,11,7115,2,10800,1.00154602952
17351,17357,24712,6,7355,2,10800,1.00081577158
17406,17412,24088,6,6676,2,10800,1.00089874176
17491,17497,24368,6,6871,2,10800,1.00087323534
17492,17504,23947,12,6443,2,10800,1.00186248642
17494,17510,24668,16,7158,2,10800,1.00223526125
17594,17600,24540,6,6940,2,10800,1.00086455331
17609,17615,24594,6,6979,2,10800,1.00085972202
17611,17622,24699,11,7077,2,10800,1.00155433093
17734,17740,24712,6,6972,2,10800,1.0008605852
17736,17746,25306,10,7560,2,10800,1.00132275132
17766,17772,24955,6,7183,2,10800,1.00083530558
17784,17790,24540,6,6750,2,10800,1.00088888889
17802,17808,25164,6,7356,2,10800,1.00081566069
17823,17829,24419,6,6590,2,10800,1.00091047041
17838,17844,24226,6,6382,2,10800,1.00094014416
17859,17865,24633,6,6768,2,10800,1.00088652482
17883,17889,25016,6,7127,2,10800,1.00084186895
17885,17896,24781,11,6885,2,10800,1.00159767611
17927,17933,24958,6,7025,2,10800,1.00085409253
17942,17949,24588,7,6639,2,10800,1.00105437566
17957,17963,24597,6,6634,2,10800,1.00090443172
17959,17969,24952,10,6983,2,10800,1.00143204926
18001,18007,24977,6,6970,2,10800,1.00086083214
18117,18123,24420,6,6297,2,10800,1.00095283468
18409,18415,25471,6,7056,2,10800,1.00085034014
18535,18542,25632,7,7090,2,10800,1.00098730606
18963,18969,25412,6,6443,2,10800,1.00093124321
19755,19761,26755,6,6994,2,10800,1.00085787818
19992,19998,20071,6,73,1,1800,1.08219178082
20291,20297,20383,6,86,1,1800,1.06976744186
20844,20851,21208,7,357,1,1800,1.01960784314
21074,21080,27913,6,6833,2,10800,1.00087809161
21289,21295,28600,6,7305,2,10800,1.00082135524
22291,22297,22339,6,42,1,1800,1.14285714286
22564,22570,22643,6,73,1,1800,1.08219178082
22616,22622,30361,6,7739,2,10800,1.00077529397
22797,22803,29842,6,7039,2,10800,1.00085239381
22857,22864,29987,7,7123,2,10800,1.00098273199
22942,22948,29599,6,6651,2,10800,1.00090211998
23149,23156,29926,7,6770,2,10800,1.00103397341
23196,23202,29937,6,6735,2,10800,1.0008908686
23238,23244,23487,6,243,1,1800,1.02469135802
23286,23292,29980,6,6688,2,10800,1.00089712919
23322,23328,30613,6,7285,2,10800,1.00082361016
23532,23538,30542,6,7004,2,10800,1.00085665334
23533,23544,30518,11,6974,2,10800,1.00157728707
23588,23595,30282,7,6687,2,10800,1.00104680724
23618,23624,30674,6,7050,2,10800,1.00085106383
23663,23669,30666,6,6997,2,10800,1.00085751036
23748,23754,31168,6,7414,2,10800,1.00080927974
23763,23769,30680,6,6911,2,10800,1.00086818116
23790,23796,30325,6,6529,2,10800,1.00091897687
23805,23811,31045,6,7234,2,10800,1.00082941664
23832,23838,30574,6,6736,2,10800,1.00089073634
23853,23860,31180,7,7320,2,10800,1.00095628415
23868,23874,30461,6,6587,2,10800,1.00091088508
23896,23902,30542,6,6640,2,10800,1.00090361446
23897,23908,30826,11,6918,2,10800,1.00159005493
23973,23979,30985,6,7006,2,10800,1.00085640879
24012,24018,31312,6,7294,2,10800,1.00082259391
24069,24075,31134,6,7059,2,10800,1.00084997875
24099,24105,31314,6,7209,2,10800,1.00083229297
24162,24168,31075,6,6907,2,10800,1.00086868394
24228,24234,30935,6,6701,2,10800,1.00089538875
24246,24252,31228,6,6976,2,10800,1.00086009174
24276,24282,31287,6,7005,2,10800,1.00085653105
24278,24288,31337,10,7049,2,10800,1.00141864094
24293,24299,31399,6,7100,2,10800,1.00084507042
24347,24353,30789,6,6436,2,10800,1.00093225606
24422,24429,31398,7,6969,2,10800,1.00100444827
24424,24435,31074,11,6639,2,10800,1.00165687604
24460,24466,31739,6,7273,2,10800,1.00082496906
24475,24481,31395,6,6914,2,10800,1.00086780445
24542,24548,31624,6,7076,2,10800,1.00084793669
24543,24554,31715,11,7161,2,10800,1.00153609831
24545,24560,31409,15,6849,2,10800,1.00219010074
24605,24612,31483,7,6871,2,10800,1.00101877456
24607,24618,31782,11,7164,2,10800,1.00153545505
24637,24644,31177,7,6533,2,10800,1.00107148324
24671,24677,31435,6,6758,2,10800,1.00088783664
24686,24692,31843,6,7151,2,10800,1.00083904349
24702,24713,31832,11,7119,2,10800,1.00154516084
24718,24724,32147,6,7423,2,10800,1.00080829853
24719,24730,31303,11,6573,2,10800,1.00167351286
24783,24789,31493,6,6704,2,10800,1.00089498807
24955,24961,32217,6,7256,2,10800,1.00082690187
24970,24977,31412,7,6435,2,10800,1.00108780109
24972,24983,31829,11,6846,2,10800,1.00160677768
24987,24993,31599,6,6606,2,10800,1.00090826521
25017,25023,32184,6,7161,2,10800,1.00083787181
25060,25066,31900,6,6834,2,10800,1.00087796313
25307,25313,32398,6,7085,2,10800,1.00084685956
25415,25422,32245,7,6823,2,10800,1.00102594167
25473,25479,32247,6,6768,2,10800,1.00088652482
25593,25600,32751,7,7151,2,10800,1.00097888407
26758,26764,33777,6,7013,2,10800,1.00085555397
27915,27921,34901,6,6980,2,10800,1.00085959885
28603,28609,35288,6,6679,2,10800,1.00089833807
28814,28820,114811,6,85991,16,108000,1.00006977474
28819,29999,86219,1180,56220,16,126000,1.0209889719
28828,30625,114937,1797,84312,16,126000,1.021313692
29600,29937,35288,337,5351,2,10800,1.06297888245
29845,29949,35288,104,5339,2,10800,1.01947930324
29929,29992,35288,63,5296,2,10800,1.01189577039
29944,30553,35288,609,4735,2,10800,1.12861668427
29983,30681,35288,698,4607,2,10800,1.15150857391
29998,30689,35288,691,4599,2,10800,1.15025005436
30086,30695,35288,609,4593,2,10800,1.13259307642
30319,30803,35293,484,4490,2,10800,1.10779510022
30364,30837,35293,473,4456,2,10800,1.10614901257
30463,30951,35293,488,4342,2,10800,1.11239060341
30520,30997,35293,477,4296,2,10800,1.11103351955
30542,31057,35293,515,4236,2,10800,1.1215769594
30559,31085,35293,526,4208,2,10800,1.125
30577,31091,35293,514,4202,2,10800,1.12232270347
30607,31148,35293,541,4145,2,10800,1.13051869723
30646,31189,35293,543,4104,2,10800,1.13230994152
30683,31326,35293,643,3967,2,10800,1.16208721956
30685,31417,35293,732,3876,2,10800,1.18885448916
30715,31429,35293,714,3864,2,10800,1.1847826087
30829,31509,35293,680,3784,2,10800,1.17970401691
30917,31611,35293,694,3682,2,10800,1.18848451928
30986,31636,35293,650,3657,2,10800,1.17774131802
30988,35357,35679,4369,322,3,300,14.5683229814
31019,31196,31541,177,345,4,300,1.51304347826
31046,31751,35293,705,3542,2,10800,1.19904009034
31049,34850,35198,3801,348,5,300,11.9224137931
31077,31841,35293,764,3452,2,10800,1.22132097335
31078,31848,35293,770,3445,2,10800,1.22351233672
31079,33772,34118,2693,346,6,300,8.78323699422
31102,35363,35673,4261,310,3,300,14.7451612903
31110,35317,35650,4207,333,7,300,13.6336336336
31120,31855,35293,735,3438,2,10800,1.21378708551
31133,31299,31643,166,344,4,300,1.48255813953
31140,35209,35559,4069,350,8,300,12.6257142857
31142,35368,35693,4226,325,3,300,14.0030769231
31163,35336,35656,4173,320,5,300,14.040625
31170,33086,33431,1916,345,9,300,6.55362318841
31172,35346,35655,4174,309,4,300,14.5080906149
31172,32012,35293,840,3281,2,10800,1.25601950625
31173,32018,35293,845,3275,2,10800,1.25801526718
31190,32023,35293,833,3270,2,10800,1.25474006116
31193,34130,34478,2937,348,6,300,9.43965517241
31200,32480,32828,1280,348,10,300,4.67816091954
31203,35341,35648,4138,307,5,300,14.4788273616
31224,35325,35664,4101,339,7,300,13.0973451327
31229,32164,35293,935,3129,2,10800,1.29881751358
31231,32006,32355,775,349,11,300,3.22063037249
31233,34490,34838,3257,348,6,300,10.3591954023
31254,35306,35645,4052,339,8,300,12.9528023599
31261,31423,31748,162,325,12,300,1.49846153846
31263,35330,35681,4067,351,7,300,12.5868945869
31280,32197,35293,917,3096,2,10800,1.29618863049
31284,33200,33548,1916,348,9,300,6.50574712644
31294,35312,35632,4018,320,8,300,13.55625
31310,32230,35293,920,3063,2,10800,1.30035912504
31315,32727,33075,1412,348,10,300,5.05747126437
31324,33442,33750,2118,308,9,300,7.87662337662
31325,32257,35293,932,3036,2,10800,1.3069828722
31327,32264,35293,937,3029,2,10800,1.3093430175
31342,32372,35293,1030,2921,2,10800,1.35261896611
31345,32121,32469,776,348,11,300,3.22988505747
31354,32839,33189,1485,350,10,300,5.24285714286
31363,32486,35293,1123,2807,2,10800,1.40007125045
31375,31654,31995,279,341,12,300,1.81818181818
31385,32366,32716,981,350,11,300,3.80285714286
31404,32733,35293,1329,2560,2,10800,1.519140625
31406,33092,35293,1686,2201,2,10800,1.76601544752
31415,31759,32109,344,350,12,300,1.98285714286
31421,33448,35293,2027,1845,2,10800,2.09864498645
31422,33559,35293,2137,1734,2,10800,2.2324106113
31438,33565,35293,2127,1728,2,10800,2.23090277778
31480,33570,35293,2090,1723,2,10800,2.21300058038
31496,33575,35293,2079,1718,2,10800,2.21012805588
31602,33761,35293,2159,1532,2,10800,2.4092689295
31626,33767,35293,2141,1526,2,10800,2.40301441678
31650,33789,35293,2139,1504,2,10800,2.42220744681
33277,35352,35500,2075,148,4,21600,15.0202702703
35361,35374,35406,13,32,2,10800,1.40625
35362,35380,35412,18,32,2,10800,1.5625
35364,35385,35417,21,32,2,10800,1.65625
35365,35390,35422,25,32,2,10800,1.78125
35366,35396,35428,30,32,2,10800,1.9375
35368,35401,35433,33,32,2,10800,2.03125
35369,35407,35439,38,32,2,10800,2.1875
35371,35412,35441,41,29,2,10800,2.41379310345
35372,35418,35441,46,23,2,10800,3.0
35374,35423,35441,49,18,2,10800,3.72222222222
35375,35429,35441,54,12,2,10800,5.5
35377,35434,35441,57,7,2,10800,6.4
35378,35439,35441,61,2,2,10800,6.3
35380,35445,35446,65,1,2,10800,6.6
35381,35450,35451,69,1,2,10800,7.0
35491,35497,42140,6,6643,2,10800,1.00090320638
35492,35503,41984,11,6481,2,10800,1.00169726894
35494,35508,41970,14,6462,2,10800,1.00216651192
35495,35514,42141,19,6627,2,10800,1.002867059
35497,35519,42686,22,7167,2,10800,1.00306962467
35498,35525,42806,27,7281,2,10800,1.00370828183
35500,35531,42037,31,6506,2,10800,1.00476483246
35501,35536,42342,35,6806,2,10800,1.0051425213
35503,35542,42166,39,6624,2,10800,1.00588768116
35504,35547,41787,43,6240,2,10800,1.00689102564
35506,35552,42765,46,7213,2,10800,1.00637737419
35507,35558,42143,51,6585,2,10800,1.00774487472
35509,35563,41801,54,6238,2,10800,1.00865662071
35510,35568,41839,58,6271,2,10800,1.00924892362
35512,35574,42409,62,6835,2,10800,1.0090709583
35513,35579,41982,66,6403,2,10800,1.01030766828
35515,35584,41740,69,6156,2,10800,1.011208577
35516,35643,42206,127,6563,2,10800,1.0193509066
35517,35649,41967,132,6318,2,10800,1.02089268756
35519,35654,42387,135,6733,2,10800,1.02005049755
35520,35591,42391,71,6800,2,10800,1.01044117647
35522,35597,42781,75,7184,2,10800,1.01043986637
35523,35602,42751,79,7149,2,10800,1.01105049657
35525,35607,41741,82,6134,2,10800,1.01336811216
35526,35659,42250,133,6591,2,10800,1.02017903201
35528,35666,42333,138,6667,2,10800,1.02069896505
35529,35671,41631,142,5960,2,10800,1.02382550336
35531,35677,42253,146,6576,2,10800,1.02220194647
35532,35682,41970,150,6288,2,10800,1.02385496183
35534,35687,41890,153,6203,2,10800,1.02466548444
35535,35693,41641,158,5948,2,10800,1.02656355077
35537,35698,42091,161,6393,2,10800,1.02518379478
35538,35703,42303,165,6600,2,10800,1.025
35540,35709,42352,169,6643,2,10800,1.02544031311
35541,35714,42509,173,6795,2,10800,1.02545989698
35543,35719,42126,176,6407,2,10800,1.02746995474
35544,35725,41628,181,5903,2,10800,1.03066237506
35546,35731,41897,185,6166,2,10800,1.03000324359
35547,35737,42265,190,6528,2,10800,1.02910539216
35549,35742,42165,193,6423,2,10800,1.03004826405
35550,35748,41928,198,6180,2,10800,1.03203883495
35552,35753,41768,201,6015,2,10800,1.03341645885
35553,35758,42122,205,6364,2,10800,1.032212445
35555,35764,42257,209,6493,2,10800,1.0321885107
35556,35769,42737,213,6968,2,10800,1.03056831228
35558,35774,42116,216,6342,2,10800,1.03405865658
35560,35780,42175,220,6395,2,10800,1.03440187647
35561,35785,42034,224,6249,2,10800,1.03584573532
35563,35790,41936,227,6146,2,10800,1.0369345916
35564,35796,42158,232,6362,2,10800,1.03646651996
35566,35801,42721,235,6920,2,10800,1.03395953757
35567,41640,48241,6073,6601,2,10800,1.92001211938
35569,41746,48180,6177,6434,2,10800,1.96005595275
35570,41751,48493,6181,6742,2,10800,1.91679026995
35572,41759,48416,6187,6657,2,10800,1.92939762656
35573,41799,48433,6226,6634,2,10800,1.93849864335
35575,41813,48608,6238,6795,2,10800,1.91802796174
35576,41851,48104,6275,6253,2,10800,2.00351831121
35578,41979,48633,6401,6654,2,10800,1.96197775774
35580,41986,48535,6406,6549,2,10800,1.97816460528
35581,41991,48304,6410,6313,2,10800,2.01536511959
35583,41998,48467,6415,6469,2,10800,1.99165249652
35950,39641,40735,3691,1094,16,3600,4.37385740402
37414,40747,41729,3333,982,16,3600,4.39409368635
37569,44877,45183,7308,306,4,21600,24.8823529412
38386,41654,42578,3268,924,4,900,4.5367965368
38477,43500,44423,5023,923,7,900,6.4420368364
38507,43494,44429,4987,935,8,900,6.33368983957
38523,43171,44105,4648,934,9,900,5.97644539615
38553,43011,43944,4458,933,10,900,5.77813504823
38584,42573,43483,3989,910,11,900,5.38351648352
38614,41740,42650,3126,910,12,900,4.43516483516
39030,41781,42110,2751,329,4,300,9.36170212766
39060,43381,43730,4321,349,9,300,13.3810888252
39090,43021,43370,3931,349,10,300,12.2636103152
39121,42650,42999,3529,349,11,300,11.111747851
39151,42133,42474,2982,341,12,300,9.74486803519
39181,42241,42562,3060,321,6,300,10.5327102804
39396,44434,44746,5038,312,7,300,17.1474358974
39426,42662,43010,3236,348,11,300,10.2988505747
39447,45802,45805,6355,3,4,21600,635.8
39456,42314,42639,2858,325,12,300,9.79384615385
39503,41909,42229,2406,320,4,300,8.51875
39594,44442,44788,4848,346,7,300,15.0115606936
39624,43730,44078,4106,348,8,300,12.7988505747
39655,43388,43719,3733,331,9,300,12.2779456193
39685,43027,43373,3342,346,10,300,10.6589595376
39715,42811,43160,3096,349,11,300,9.87106017192
39746,42485,42800,2739,315,12,300,9.69523809524
41939,42003,48657,64,6654,2,10800,1.00961827472
41969,42046,48971,77,6925,2,10800,1.01111913357
41984,42053,48662,69,6609,2,10800,1.01044030867
41986,42103,48528,117,6425,2,10800,1.01821011673
41988,42152,48873,164,6721,2,10800,1.02440113078
41989,42159,48475,170,6316,2,10800,1.02691576947
42034,42164,49527,130,7363,2,10800,1.0176558468
42049,42178,48273,129,6095,2,10800,1.02116488925
42094,42183,48881,89,6698,2,10800,1.01328754852
42118,42190,49308,72,7118,2,10800,1.0101152009
42133,42269,49049,136,6780,2,10800,1.02005899705
42135,42354,48703,219,6349,2,10800,1.03449362104
42150,42363,48887,213,6524,2,10800,1.03264868179
42151,42400,48312,249,5912,2,10800,1.04211772666
42153,42421,49263,268,6842,2,10800,1.03916983338
42169,42590,48992,421,6402,2,10800,1.06576069978
42170,42656,48857,486,6201,2,10800,1.07837445573
42172,42668,48972,496,6304,2,10800,1.07868020305
42187,42698,49555,511,6857,2,10800,1.07452238588
42208,42733,49395,525,6662,2,10800,1.07880516361
42253,42750,49689,497,6939,2,10800,1.07162415334
42268,42778,48980,510,6202,2,10800,1.08223153821
42269,43741,49711,1472,5970,2,10800,1.24656616415
42271,43747,50870,1476,7123,2,10800,1.20721606065
42304,43752,50396,1448,6644,2,10800,1.2179409994
42334,43758,50364,1424,6606,2,10800,1.21556161066
42349,43763,50274,1414,6511,2,10800,1.21717094148
42364,43955,50320,1591,6365,2,10800,1.2499607227
42388,43961,50743,1573,6782,2,10800,1.23193748157
42403,43970,50959,1567,6989,2,10800,1.22420947203
42418,43975,50526,1557,6551,2,10800,1.23767363761
42511,43981,50114,1470,6133,2,10800,1.23968693951
42686,44089,51155,1403,7066,2,10800,1.19855646759
42722,44095,50230,1373,6135,2,10800,1.22379788101
42740,44100,51665,1360,7565,2,10800,1.1797752809
42755,44105,50502,1350,6397,2,10800,1.21103642332
42770,44116,50409,1346,6293,2,10800,1.21388844748
42785,44122,50313,1337,6191,2,10800,1.21595864965
42809,44127,50514,1318,6387,2,10800,1.20635666197
44615,44621,51143,6,6522,2,10800,1.0009199632
44696,44799,44884,103,85,12,300,2.21176470588
45590,45602,52210,12,6608,2,10800,1.00181598063
45659,54925,55833,9266,908,5,900,11.204845815
45662,54805,55732,9143,927,6,900,10.8629989213
45689,56133,57070,10444,937,6,900,12.1462113127
45692,52594,53464,6902,870,7,900,8.93333333333
45698,48828,49733,3130,905,3,900,4.45856353591
45720,53493,54428,7773,935,7,900,9.31336898396
45722,50692,590720,4970,540028,15,540000,1.0092032265
45722,52252,53186,6530,934,8,900,7.99143468951
45729,45817,46763,88,946,4,900,1.09302325581
45750,52550,53482,6800,932,8,900,8.29613733906
45753,51309,52241,5556,932,9,900,6.96137339056
45759,58027,58956,12268,929,5,900,14.2055974166
45780,49004,49321,3224,317,6,300,11.1703470032
45780,51599,52538,5819,939,9,900,7.19701810437
45783,45796,46726,13,930,10,900,1.01397849462
45789,57635,58566,11846,931,6,900,13.723952739
45810,50930,51265,5120,335,7,300,16.2835820896
45811,50925,51856,5114,931,10,900,6.49301825994
45813,49978,50912,4165,934,11,900,5.45931477516
45820,53533,54354,7713,821,7,900,10.3946406821
45841,50012,50349,4171,337,11,300,13.3768545994
45841,50352,51279,4511,927,11,900,5.86623516721
45843,46774,47719,931,945,12,900,1.98518518519
45850,52587,53522,6737,935,8,900,8.20534759358
45871,48083,49021,2212,938,12,900,3.35820895522
45871,47731,48072,1860,341,12,300,6.45454545455
45874,48194,48501,2320,307,4,300,8.55700325733
45880,51650,52583,5770,933,9,900,7.18435155413
45901,51873,52190,5972,317,6,300,19.8391167192
45904,48513,48816,2609,303,5,300,9.61056105611
45911,51199,52134,5288,935,10,900,6.65561497326
45931,51867,52217,5936,350,9,300,17.96
45935,55398,55729,9463,331,6,300,29.5891238671
45941,50360,51298,4419,938,11,900,5.71108742004
45962,51277,51588,5315,311,10,300,18.0900321543
45965,54439,54787,8474,348,7,300,25.3505747126
45971,49032,49967,3061,935,12,900,4.27379679144
45992,50526,50851,4534,325,11,300,14.9507692308
45995,50017,50341,4022,324,8,300,13.4135802469
46022,49332,49641,3310,309,12,300,11.71197411
46026,52233,52576,6207,343,9,300,19.0962099125
46056,51290,51639,5234,349,10,300,15.9971346705
46086,50863,51188,4777,325,11,300,15.6984615385
46116,49652,50000,3536,348,12,300,11.1609195402
48036,59532,59837,11496,305,4,21600,38.6918032787
48243,48250,54826,7,6576,2,10800,1.00106447689
48276,48284,54531,8,6247,2,10800,1.0012806147
48306,48314,54786,8,6472,2,10800,1.00123609394
48310,59694,61684,11384,1990,4,21600,6.72060301508
48321,48329,54913,8,6584,2,10800,1.00121506683
48418,48425,54715,7,6290,2,10800,1.00111287758
48436,48443,55297,7,6854,2,10800,1.00102130143
48469,48476,55105,7,6629,2,10800,1.00105596621
48484,48491,54596,7,6105,2,10800,1.00114660115
48499,48506,55128,7,6622,2,10800,1.00105708245
48529,48540,55770,11,7230,2,10800,1.00152143845
48543,48551,55133,8,6582,2,10800,1.00121543604
48610,48620,55568,10,6948,2,10800,1.0014392631
48634,48645,55044,11,6399,2,10800,1.0017190186
48661,48670,54773,9,6103,2,10800,1.00147468458
48676,48683,55381,7,6698,2,10800,1.00104508809
48706,48715,55954,9,7239,2,10800,1.00124326564
48859,48869,55518,10,6649,2,10800,1.00150398556
48874,48885,55342,11,6457,2,10800,1.00170357751
48890,48897,56228,7,7331,2,10800,1.00095484927
48892,48904,54805,12,5901,2,10800,1.00203355363
48973,48993,55285,20,6292,2,10800,1.00317863954
48975,49275,56218,300,6943,2,10800,1.04320898747
48989,49407,56116,418,6709,2,10800,1.06230436727
49005,49540,55969,535,6429,2,10800,1.08321667444
49050,49567,56138,517,6571,2,10800,1.07867904429
49263,49745,56026,482,6281,2,10800,1.07673937271
49308,50377,56952,1069,6575,2,10800,1.16258555133
49395,50408,56968,1013,6560,2,10800,1.15442073171
49531,50421,56898,890,6477,2,10800,1.13740929443
49558,51161,57747,1603,6586,2,10800,1.24339508047
49690,51296,58360,1606,7064,2,10800,1.22734994337
49714,51315,58407,1601,7092,2,10800,1.22574732092
50115,52227,58901,2112,6674,2,10800,1.31645190291
50233,53198,60915,2965,7717,2,10800,1.38421666451
50275,53203,59678,2928,6475,2,10800,1.4522007722
50314,54542,61273,4228,6731,2,10800,1.62813846382
50328,54549,61319,4221,6770,2,10800,1.6234859675
50367,54555,61389,4188,6834,2,10800,1.61281826163
50397,54560,60563,4163,6003,2,10800,1.69348659004
50412,54565,61132,4153,6567,2,10800,1.63240444647
50503,54571,61565,4068,6994,2,10800,1.58164140692
50517,54576,61434,4059,6858,2,10800,1.59186351706
50532,54581,60788,4049,6207,2,10800,1.65232801676
50746,54587,61033,3841,6446,2,10800,1.59587340987
50873,54607,61678,3734,7071,2,10800,1.52807240843
50960,54726,61009,3766,6283,2,10800,1.59939519338
51029,54784,61855,3755,7071,2,10800,1.53104228539
51162,54797,61338,3635,6541,2,10800,1.55572542425
51668,54837,61883,3169,7046,2,10800,1.44975872836
51707,55116,62111,3409,6995,2,10800,1.48734810579
52119,52201,62006,82,9805,16,14400,1.00836308006
52258,55140,61759,2882,6619,2,10800,1.43541320441
52694,53476,54538,782,1062,16,3600,1.73634651601
53441,53989,56519,548,2530,1,7200,1.21660079051
53502,57087,59654,3585,2567,1,7200,2.39657187378
53607,58033,60601,4426,2568,1,7200,2.72352024922
53661,58038,60599,4377,2561,1,7200,2.70909800859
53798,66528,73729,12730,7201,24,7199,2.76781002639
53929,57876,144351,3947,86475,8,86399,1.04564324949
53982,54365,168177,383,113812,8,129599,1.00336519875
54628,55844,56663,1216,819,16,3600,2.48473748474
54655,60841,61650,6186,809,5,7200,8.64647713226
55034,55741,56687,707,946,3,900,1.74735729387
55065,59919,60830,4854,911,4,900,6.32821075741
55095,60867,61802,5772,935,5,900,7.17326203209
55125,59913,60856,4788,943,6,900,6.07741251326
55156,58967,59902,3811,935,7,900,5.07593582888
55186,58578,59515,3392,937,8,900,4.62006403415
55216,57870,58804,2654,934,9,900,3.84154175589
55246,57081,58016,1835,935,10,900,2.96256684492
55277,56909,57859,1632,950,11,900,2.71789473684
55307,56674,57624,1367,950,12,900,2.43894736842
55571,55578,62140,7,6562,2,10800,1.00106674794
55772,55780,62770,8,6990,2,10800,1.00114449213
55956,55963,62531,7,6568,2,10800,1.00106577345
55971,55977,62618,6,6641,2,10800,1.00090347839
56028,56036,62247,8,6211,2,10800,1.00128803735
56119,56126,62516,7,6390,2,10800,1.00109546166
56140,56150,62919,10,6769,2,10800,1.00147732309
56221,56230,63240,9,7010,2,10800,1.00128388017
56236,57881,65183,1645,7302,2,10800,1.225280745
56899,58376,64935,1477,6559,2,10800,1.22518676628
56953,58419,64541,1466,6122,2,10800,1.23946422738
56971,58815,66121,1844,7306,2,10800,1.25239529154
57552,58821,65430,1269,6609,2,10800,1.19201089424
57950,58826,65335,876,6509,2,10800,1.13458288524
58411,58831,65183,420,6352,2,10800,1.0661209068
58558,58837,65058,279,6221,2,10800,1.04484809516
58952,59527,66515,575,6988,2,10800,1.08228391528
59743,60612,66924,869,6312,2,18000,1.13767427123
59756,59848,66049,92,6201,2,10800,1.01483631672
60789,60795,66515,6,5720,2,10800,1.00104895105
60919,60925,66515,6,5590,2,10800,1.00107334526
61012,61018,66515,6,5497,2,10800,1.00109150446
61036,61042,66515,6,5473,2,10800,1.00109629088
61101,61107,65733,6,4626,2,18000,1.00129701686
61132,61143,66515,11,5372,2,10800,1.0020476545
61274,61284,66515,10,5231,2,10800,1.00191168037
61322,61330,66515,8,5185,2,10800,1.00154291225
61340,61349,66515,9,5166,2,10800,1.00174216028
61392,61400,66515,8,5115,2,10800,1.00156402737
61436,61445,66515,9,5070,2,10800,1.00177514793
61566,61576,66515,10,4939,2,10800,1.00202470136
61680,61686,66515,6,4829,2,10800,1.00124249327
61761,61767,66515,6,4748,2,10800,1.00126368997
61857,61864,66515,7,4651,2,10800,1.00150505268
61885,61891,66515,6,4624,2,10800,1.00129757785
62113,62119,66515,6,4396,2,10800,1.00136487716
62140,62146,66516,6,4370,2,10800,1.00137299771
62158,62164,66516,6,4352,2,10800,1.00137867647
62390,62396,66516,6,4120,2,10800,1.00145631068
62532,62538,66516,6,3978,2,10800,1.00150829563
62619,62625,66516,6,3891,2,10800,1.00154202005
62734,62740,63693,6,953,4,21600,1.00629590766
62773,62779,66516,6,3737,2,10800,1.00160556596
62871,62877,63032,6,155,4,21600,1.03870967742
62921,62927,66516,6,3589,2,10800,1.00167177487
63243,63249,66516,6,3267,2,10800,1.00183654729
63523,63704,63938,181,234,4,21600,1.7735042735
63936,63942,66516,6,2574,2,10800,1.00233100233
64100,64106,66109,6,2003,4,21600,1.00299550674
64211,65349,65665,1138,316,4,21600,4.60126582278
64482,65074,83746,592,18672,5,21600,1.03170522708
64820,64826,66516,6,1690,2,10800,1.00355029586
65060,65067,66516,7,1449,2,10800,1.00483091787
65184,65190,66516,6,1326,2,10800,1.00452488688
65185,65197,66516,12,1319,2,10800,1.00909780136
65318,65324,66516,6,1192,2,10800,1.00503355705
65381,65387,66516,6,1129,2,10800,1.00531443756
65573,65579,66516,6,937,2,10800,1.00640341515
66096,66102,66516,6,414,2,10800,1.01449275362
66226,66233,66516,7,283,2,10800,1.02473498233
66228,66240,66516,12,276,2,10800,1.04347826087
66229,66245,66516,16,271,2,10800,1.05904059041
66231,66251,66516,20,265,2,10800,1.07547169811
66232,66256,66516,24,260,2,10800,1.09230769231
66234,66261,66516,27,255,2,10800,1.10588235294
66235,66268,66516,33,248,2,10800,1.13306451613
66237,66274,66516,37,242,2,10800,1.15289256198
66240,66284,66516,44,232,2,10800,1.18965517241
66255,66290,66516,35,226,2,10800,1.15486725664
66269,66296,66516,27,220,2,10800,1.12272727273
66577,66583,73277,6,6694,2,7200,1.00089632507
66578,66589,73204,11,6615,2,7200,1.00166288738
66580,66595,73123,15,6528,2,7200,1.00229779412
66581,66600,73302,19,6702,2,7200,1.00283497463
66582,66605,72866,23,6261,2,7200,1.00367353458
66584,66611,73316,27,6705,2,7200,1.00402684564
66585,66617,73274,32,6657,2,7200,1.00480697011
66586,66623,73281,37,6658,2,7200,1.00555722439
66588,66628,73789,40,7161,2,7200,1.00558581204
66589,66633,73264,44,6631,2,7200,1.00663549992
66591,66639,73055,48,6416,2,7200,1.00748129676
66592,66644,73849,52,7205,2,7200,1.00721721027
66593,66650,73195,57,6545,2,7200,1.00870893812
66595,66655,73288,60,6633,2,7200,1.00904568069
66596,66661,73516,65,6855,2,7200,1.00948212983
66598,66666,73335,68,6669,2,7200,1.01019643125
66599,66671,73713,72,7042,2,7200,1.01022436808
66601,66677,72682,76,6005,2,7200,1.0126561199
66602,66682,73326,80,6644,2,7200,1.01204093919
66603,66688,73541,85,6853,2,7200,1.01240332701
66605,66693,73044,88,6351,2,7200,1.01385608566
66606,66699,72825,93,6126,2,7200,1.01518119491
66608,66704,73713,96,7009,2,7200,1.0136966757
66609,66709,73407,100,6698,2,7200,1.0149298298
66611,66715,73622,104,6907,2,7200,1.01505718836
66612,66721,72909,109,6188,2,7200,1.0176147382
66614,66727,73346,113,6619,2,7200,1.01707206527
66615,66732,73236,117,6504,2,7200,1.01798892989
66617,66738,73311,121,6573,2,7200,1.01840864141
66618,66743,73619,125,6876,2,7200,1.01817917394
66619,66749,72893,130,6144,2,7200,1.02115885417
66621,66754,73155,133,6401,2,7200,1.02077800344
66622,66759,73041,137,6282,2,7200,1.02180834129
66624,66765,73389,141,6624,2,7200,1.02128623188
66625,66770,73988,145,7218,2,7200,1.02008866722
66627,66936,73765,309,6829,2,7200,1.04524820618
66628,72693,79559,6065,6866,2,7200,1.88333818817
66629,72836,79230,6207,6394,2,7200,1.97075383172
66631,72877,79245,6246,6368,2,7200,1.98084170854
66632,72904,79832,6272,6928,2,7200,1.90531177829
66634,72920,79172,6286,6252,2,7200,2.00543825976
66635,73052,80040,6417,6988,2,7200,1.91828849456
66637,73059,80035,6422,6976,2,7200,1.92058486239
66638,73066,79625,6428,6559,2,7200,1.98002744321
72683,73135,80078,452,6943,2,7200,1.06510154112
72827,73167,79262,340,6095,2,7200,1.05578342904
72868,73207,80002,339,6795,2,7200,1.04988962472
72895,73215,80417,320,7202,2,7200,1.04443210219
72910,73247,79218,337,5971,2,7200,1.05643945738
72994,73275,79542,281,6267,2,7200,1.04483804053
73042,73285,79928,243,6643,2,7200,1.0365798585
73056,73292,80016,236,6724,2,7200,1.03509815586
73058,73298,79616,240,6318,2,7200,1.03798670465
73127,73304,80037,177,6733,2,7200,1.02628843012
73157,73313,79644,156,6331,2,7200,1.02464065708
73199,73322,80304,123,6982,2,7200,1.01761672873
73213,73329,79402,116,6073,2,7200,1.01910093858
73228,73337,80325,109,6988,2,7200,1.01559816829
73243,73346,80580,103,7234,2,7200,1.01423831905
73244,73357,80202,113,6845,2,7200,1.01650840029
73265,73400,79973,135,6573,2,7200,1.02053856686
73280,73418,79899,138,6481,2,7200,1.02129301034
73281,73527,80177,246,6650,2,7200,1.0369924812
73292,79593,79594,6301,1,2,3540,630.2
73296,73552,80264,256,6712,2,7200,1.03814064362
73298,73631,80797,333,7166,2,7200,1.04646943902
73312,73638,80280,326,6642,2,7200,1.04908160193
73314,73724,80382,410,6658,2,7200,1.06158005407
73329,73730,80612,401,6882,2,7200,1.05826794536
73330,73740,80844,410,7104,2,7200,1.05771396396
73346,73745,80800,399,7055,2,7200,1.0565556343
73347,73751,80098,404,6347,2,7200,1.06365211911
73362,73756,80213,394,6457,2,7200,1.06101904909
73392,73762,80424,370,6662,2,7200,1.05553887721
73410,73767,80844,357,7077,2,7200,1.05044510386
73470,73772,79647,302,5875,2,7200,1.05140425532
73518,73778,80541,260,6763,2,7200,1.0384444773
73542,73783,80811,241,7028,2,7200,1.03429140581
73580,73788,79737,208,5949,2,7200,1.03496385947
73595,73794,80954,199,7160,2,7200,1.02779329609
73622,73799,80098,177,6299,2,7200,1.02809969836
73637,73805,80094,168,6289,2,7200,1.02671330895
73639,73811,81029,172,7218,2,7200,1.0238293156
73660,73861,81094,201,7233,2,7200,1.02778929905
73714,73999,81233,285,7234,2,7200,1.03939729057
74027,79413,79576,5386,163,4,21600,34.0429447853
74201,79587,80518,5386,931,4,21600,6.78517722879
79377,79384,79385,7,1,2,300,1.0
79562,79568,85855,6,6287,2,10800,1.00095435025
79616,79622,86760,6,7138,2,10800,1.00084057159
79631,79637,86642,6,7005,2,10800,1.00085653105
79646,79652,85753,6,6101,2,10800,1.00098344534
79661,79667,86660,6,6993,2,10800,1.00085800086
79739,79745,85475,6,5730,2,10800,1.00104712042
79739,80105,152122,366,72017,16,72000,1.00508213339
79835,79841,86743,6,6902,2,10800,1.00086931324
79901,79907,86539,6,6632,2,10800,1.00090470446
79931,79937,87360,6,7423,2,10800,1.00080829853
79976,79983,87028,7,7045,2,10800,1.00099361249
80003,80010,86623,7,6613,2,10800,1.00105852109
80004,80016,80316,12,300,2,300,1.04
80018,80046,87404,28,7358,2,10800,1.0038053819
80036,80053,86206,17,6153,2,10800,1.0027628799
80051,80112,86984,61,6872,2,10800,1.0088766007
80053,80118,87453,65,7335,2,10800,1.00886162236
80080,80188,86778,108,6590,2,10800,1.01638846737
80095,80213,86888,118,6675,2,10800,1.01767790262
80110,80225,86630,115,6405,2,10800,1.01795472287
80111,80275,86693,164,6418,2,10800,1.02555313182
80118,80124,80454,6,330,1,300,1.01818181818
80177,80291,87096,114,6805,2,10800,1.01675238795
80205,80315,87507,110,7192,2,10800,1.01529477197
80220,80327,85842,107,5515,2,10800,1.01940163191
80265,80336,86358,71,6022,2,10800,1.01179010296
80280,80394,87562,114,7168,2,10800,1.01590401786
80307,80428,87398,121,6970,2,10800,1.01736011478
80328,80435,87581,107,7146,2,10800,1.0149734117
80385,80530,87223,145,6693,2,10800,1.02166442552
80427,80536,86783,109,6247,2,10800,1.01744837522
80542,80552,86584,10,6032,2,10800,1.00165782493
80614,80620,87318,6,6698,2,10800,1.00089578979
80628,81041,81201,413,160,4,21600,3.58125
80798,80804,87492,6,6688,2,10800,1.00089712919
80813,80819,87780,6,6961,2,10800,1.00086194512
80814,80825,87996,11,7171,2,10800,1.00153395621
80848,80854,87192,6,6338,2,10800,1.00094667087
80849,80860,88255,11,7395,2,10800,1.00148749155
80958,80964,87371,6,6407,2,10800,1.00093647573
81105,81113,81806,8,693,1,900,1.01154401154
81372,81378,83228,6,1850,4,21600,1.00324324324
81655,81661,81818,6,157,4,21600,1.03821656051
81859,81865,81866,6,1,1,900,1.0
82124,82130,89103,6,6973,2,10800,1.00086046178
82870,82876,82877,6,1,1,900,1.0
83021,83239,83555,218,316,4,21600,1.68987341772
83203,83566,85542,363,1976,4,21600,1.18370445344
83796,83802,83803,6,1,1,240,1.0
83944,83950,84109,6,159,4,21600,1.03773584906
84979,84985,85234,6,249,1,3540,1.02409638554
85346,85352,87381,6,2029,1,3540,1.00295712173
85422,85428,85606,6,178,1,3540,1.03370786517
85470,85476,85741,6,265,1,3540,1.02264150943
85521,85527,86009,6,482,1,3540,1.01244813278
85594,85600,85962,6,362,1,3540,1.01657458564
85641,85647,86153,6,506,1,3540,1.01185770751
85691,85697,86178,6,481,1,3540,1.01247401247
85738,85745,86253,7,508,1,3540,1.01377952756
85788,85794,86274,6,480,1,3540,1.0125
85837,85844,86353,7,509,1,3540,1.0137524558
85925,85931,86465,6,534,1,3540,1.01123595506
86122,86128,86405,6,277,1,3540,1.02166064982
86359,86365,92662,6,6297,2,10800,1.00095283468
86375,86381,86565,6,184,1,3540,1.03260869565
86451,86457,86581,6,124,1,3540,1.04838709677
86540,86546,93069,6,6523,2,10800,1.00091982217
86585,86591,93265,6,6674,2,10800,1.00089901109
86624,86631,93621,7,6990,2,10800,1.00100143062
86639,86645,93677,6,7032,2,10800,1.00085324232
86654,86660,93681,6,7021,2,10800,1.00085457912
86669,86675,92783,6,6108,2,10800,1.00098231827
86696,86702,93404,6,6702,2,10800,1.00089525515
86744,86750,92516,6,5766,2,10800,1.00104058273
86762,86768,92986,6,6218,2,10800,1.0009649405
86780,86786,93807,6,7021,2,10800,1.00085457912
86795,86801,94036,6,7235,2,10800,1.000829302
86888,86895,93409,7,6514,2,10800,1.00107460854
86985,86991,93858,6,6867,2,10800,1.00087374399
87030,87036,93502,6,6466,2,10800,1.00092793071
87096,87102,93944,6,6842,2,10800,1.00087693657
87195,87201,94060,6,6859,2,10800,1.00087476308
87225,87231,94162,6,6931,2,10800,1.00086567595
87319,87325,94319,6,6994,2,10800,1.00085787818
87361,87367,94493,6,7126,2,10800,1.00084198709
87376,87382,93467,6,6085,2,10800,1.00098603122
87400,87406,93693,6,6287,2,10800,1.00095435025
87414,87421,94348,7,6927,2,10800,1.00101053847
87457,87463,94756,6,7293,2,10800,1.00082270671
87496,87502,93697,6,6195,2,10800,1.000968523
87511,87517,95199,6,7682,2,10800,1.0007810466
87565,87571,94478,6,6907,2,10800,1.00086868394
87583,87589,94256,6,6667,2,10800,1.000899955
87782,87788,94425,6,6637,2,10800,1.0009040229
87995,88002,94434,7,6432,2,10800,1.00108830846
88257,88264,95017,7,6753,2,10800,1.00103657634
88824,88830,95356,6,6526,2,10800,1.00091939933
89149,89155,95819,6,6664,2,10800,1.00090036014
92663,92669,99336,6,6667,2,10800,1.000899955
92678,92684,99470,6,6786,2,10800,1.0008841733
92801,92807,99275,6,6468,2,10800,1.00092764378
93072,93078,100111,6,7033,2,10800,1.000853121
93147,93153,99879,6,6726,2,10800,1.00089206066
93406,93412,100231,6,6819,2,10800,1.00087989441
93421,93427,100674,6,7247,2,10800,1.0008279288
93469,93475,100265,6,6790,2,10800,1.00088365243
93505,93511,100906,6,7395,2,10800,1.00081135903
93623,93629,101008,6,7379,2,10800,1.00081311831
93680,93686,101040,6,7354,2,10800,1.00081588251
93695,93701,100996,6,7295,2,10800,1.00082248115
93696,93707,99940,11,6233,2,10800,1.00176480026
93711,93717,100222,6,6505,2,10800,1.00092236741
93809,93815,100815,6,7000,2,10800,1.00085714286
93860,93866,100353,6,6487,2,10800,1.00092492678
93948,93954,101422,6,7468,2,10800,1.00080342796
94038,94044,101287,6,7243,2,10800,1.00082838603
94062,94068,100801,6,6733,2,10800,1.00089113322
94164,94170,100779,6,6609,2,10800,1.00090785293
94257,94263,100726,6,6463,2,10800,1.00092836144
94320,94326,100786,6,6460,2,10800,1.00092879257
94350,94356,94357,6,1,2,10800,1.0
94428,94434,101408,6,6974,2,10800,1.0008603384
94443,94449,101307,6,6858,2,10800,1.00087489064
94479,94485,101952,6,7467,2,10800,1.00080353556
94494,94500,101512,6,7012,2,10800,1.00085567598
94762,94768,101297,6,6529,2,10800,1.00091897687
95019,95025,101834,6,6809,2,10800,1.00088118666
95046,95052,95059,6,7,1,3600,1.3
95175,95181,95291,6,110,1,3600,1.05454545455
95200,95206,102145,6,6939,2,10800,1.00086467791
95360,95366,101798,6,6432,2,10800,1.00093283582
95375,95381,102302,6,6921,2,10800,1.00086692674
95427,95433,95692,6,259,1,3600,1.02316602317
95904,95911,102773,7,6862,2,10800,1.00102011075
95947,95953,96528,6,575,1,3600,1.01043478261
97079,97086,97091,7,5,1,3600,1.2
97209,97216,97293,7,77,1,3600,1.09090909091
97430,97436,97677,6,241,1,3600,1.02489626556
97981,97987,98484,6,497,1,3600,1.01207243461
98603,98609,98616,6,7,1,1800,1.3
98766,98773,98844,7,71,1,1800,1.0985915493
98960,98966,99076,6,110,1,3600,1.05454545455
99053,99059,99152,6,93,1,1800,1.06451612903
99213,99218,99679,5,461,1,3600,1.01084598698
99338,99344,105921,6,6577,2,10800,1.00091227003
99392,99398,106315,6,6917,2,10800,1.00086742808
99643,99649,100037,6,388,1,1800,1.01546391753
99742,99748,106581,6,6833,2,10800,1.00087809161
99925,99931,100641,6,710,1,3600,1.00845070423
99941,99947,106990,6,7043,2,10800,1.0008519097
100008,100014,105933,6,5919,2,10800,1.00101368474
100223,100230,106667,7,6437,2,10800,1.0010874631
100238,100245,107391,7,7146,2,10800,1.00097956899
100262,100268,106823,6,6555,2,10800,1.00091533181
100355,100362,107949,7,7587,2,10800,1.00092263082
100406,100413,107482,7,7069,2,10800,1.00099023907
100727,100733,107944,6,7211,2,10800,1.00083206213
100781,100787,108152,6,7365,2,10800,1.00081466395
100784,100793,100800,9,7,1,1800,1.6
100796,100802,108461,6,7659,2,10800,1.00078339209
100811,100818,107463,7,6645,2,10800,1.00105342363
100826,100832,107403,6,6571,2,10800,1.00091310303
100908,100914,107684,6,6770,2,10800,1.00088626292
100951,100958,100999,7,41,1,1800,1.17073170732
100998,101009,107698,11,6689,2,10800,1.00164449096
101013,101019,107406,6,6387,2,10800,1.00093940817
101043,101049,107637,6,6588,2,10800,1.00091074681
101217,101223,101304,6,81,1,1800,1.07407407407
101288,101295,108266,7,6971,2,10800,1.00100416009
101304,101314,108666,10,7352,2,10800,1.0013601741
101318,101325,108329,7,7004,2,10800,1.0009994289
101412,101418,108281,6,6863,2,10800,1.00087425324
101427,101433,108595,6,7162,2,10800,1.00083775482
101514,101521,107740,7,6219,2,10800,1.00112558289
101563,101569,101650,6,81,1,3600,1.07407407407
101787,101794,102027,7,233,1,3600,1.03004291845
101801,101808,108090,7,6282,2,10800,1.00111429481
101835,101841,108858,6,7017,2,10800,1.00085506627
101926,101932,102191,6,259,1,1800,1.02316602317
101928,101938,109216,10,7278,2,10800,1.00137400385
102148,102154,109021,6,6867,2,10800,1.00087374399
102306,102313,109339,7,7026,2,10800,1.00099629946
102329,102335,102795,6,460,1,3600,1.01304347826
102442,102448,109434,6,6986,2,10800,1.00085886058
102856,102862,109981,6,7119,2,10800,1.000842815
105941,105947,112636,6,6689,2,10800,1.00089699507
106169,106175,113274,6,7099,2,10800,1.00084518946
106229,106235,106310,6,75,1,1800,1.08
106536,106542,106632,6,90,1,1800,1.06666666667
106582,106588,113829,6,7241,2,10800,1.00082861483
106670,106676,113642,6,6966,2,10800,1.00086132644
106824,106830,114084,6,7254,2,10800,1.00082712986
106951,106957,114258,6,7301,2,10800,1.00082180523
107072,107078,114194,6,7116,2,10800,1.00084317032
107107,107113,107474,6,361,1,1800,1.01662049861
107410,107416,114740,6,7324,2,10800,1.00081922447
107411,107422,114800,11,7378,2,10800,1.00149091895
107466,107472,114196,6,6724,2,10800,1.000892326
107485,107491,114854,6,7363,2,10800,1.00081488524
107639,107645,114991,6,7346,2,10800,1.00081677103
107684,107690,113783,6,6093,2,10800,1.00098473658
107699,107705,114545,6,6840,2,10800,1.00087719298
107741,107748,114874,7,7126,2,10800,1.00098231827
107947,107953,115261,6,7308,2,10800,1.00082101806
107962,107968,114721,6,6753,2,10800,1.000888494
108085,108091,115434,6,7343,2,10800,1.00081710473
108154,108160,114547,6,6387,2,10800,1.00093940817
108269,108275,115454,6,7179,2,10800,1.000835771
108284,108290,115254,6,6964,2,10800,1.00086157381
108332,108338,115617,6,7279,2,10800,1.00082428905
108462,108468,115670,6,7202,2,10800,1.00083310192
108581,108587,108629,6,42,1,1800,1.14285714286
108598,108604,115860,6,7256,2,10800,1.00082690187
108667,108674,115936,7,7262,2,10800,1.00096392178
108860,108866,115924,6,7058,2,10800,1.00085009918
108860,108872,108943,12,71,1,1800,1.16901408451
109024,109030,116191,6,7161,2,10800,1.00083787181
109217,109223,116191,6,6968,2,10800,1.00086107922
109235,109241,116191,6,6950,2,10800,1.00086330935
109367,109374,116191,7,6817,2,10800,1.00102684465
109375,109381,110337,6,956,4,21600,1.00627615063
109536,109542,109789,6,247,1,1800,1.02429149798
109576,109582,116177,6,6595,2,10800,1.00090978014
110150,110156,116191,6,6035,2,10800,1.0009942005
112813,112820,116191,7,3371,2,10800,1.00207653515
113434,113440,116191,6,2751,2,10800,1.00218102508
113786,113792,116191,6,2399,2,10800,1.0025010421
113831,113838,116191,7,2353,2,10800,1.00297492563
114088,114094,116191,6,2097,2,10800,1.00286123033
114196,114202,116191,6,1989,2,10800,1.00301659125
114198,114208,116191,10,1983,2,10800,1.00504286435
114261,114267,116191,6,1924,2,10800,1.00311850312
114319,114325,116191,6,1866,2,10800,1.00321543408
114549,114560,116191,11,1631,2,10800,1.00674432863
114625,114631,116191,6,1560,2,10800,1.00384615385
114743,114749,116191,6,1442,2,10800,1.00416088766
114804,114810,116191,6,1381,2,10800,1.00434467777
114849,114855,139589,6,24734,16,126000,1.00024258106
114855,114861,116191,6,1330,2,10800,1.0045112782
114876,114882,116191,6,1309,2,10800,1.00458365164
114991,114997,116191,6,1194,2,10800,1.00502512563
115256,115263,116191,7,928,2,10800,1.00754310345
115271,115278,116191,7,913,2,10800,1.00766703176
115312,115318,115345,6,27,15,540000,1.22222222222
115437,115444,116191,7,747,2,10800,1.0093708166
115452,115458,116191,6,733,2,10800,1.00818553888
115476,115483,115504,7,21,5,540000,1.33333333333
115497,115503,116191,6,688,2,10800,1.00872093023
115579,115586,115856,7,270,5,540000,1.02592592593
115620,115630,115633,10,3,1,129600,1.3
115673,115679,116191,6,512,2,10800,1.01171875
115747,115753,128209,6,12456,1,129600,1.00048169557
115773,115779,126303,6,10524,1,129600,1.00057012543
115787,115794,132205,7,16411,1,129600,1.00042654317
115808,115814,129993,6,14179,1,129600,1.00042316101
115821,115827,129498,6,13671,1,129600,1.00043888523
115833,115839,128799,6,12960,1,129600,1.00046296296
115849,115855,128289,6,12434,1,129600,1.00048254785
115863,115869,116191,6,322,2,10800,1.01863354037
115869,115876,128092,7,12216,1,129600,1.00057301899
115872,115882,115889,10,7,4,600,1.7
115927,115933,116191,6,258,2,10800,1.02325581395
115943,115954,116191,11,237,2,10800,1.04641350211
116109,116115,116191,6,76,2,10800,1.07894736842
116191,116197,188217,6,72020,4,72000,1.00008331019
116699,116705,116913,6,208,2,21600,1.02884615385
116700,116711,116913,11,202,2,21600,1.05445544554
116730,116736,116913,6,177,2,21600,1.03389830508
116730,116742,116913,12,171,2,21600,1.0701754386
116741,116748,116913,7,165,2,21600,1.04242424242
116742,116753,116913,11,160,2,21600,1.06875
116753,116759,116913,6,154,2,21600,1.03896103896
116753,116770,188794,17,72024,2,72000,1.00023603243
116753,116764,116913,11,149,2,21600,1.07382550336
116771,116782,116913,11,131,2,21600,1.08396946565
116771,116777,116913,6,136,2,21600,1.04411764706
117018,117077,120715,59,3638,5,3600,1.01621770203
117117,117207,119179,90,1972,2,21600,1.04563894523
117118,117212,119206,94,1994,2,21600,1.04714142427
117208,117219,119209,11,1990,2,21600,1.00552763819
117209,117225,119233,16,2008,2,21600,1.00796812749
117220,117231,119238,11,2007,2,21600,1.00548081714
117220,117237,119218,17,1981,2,21600,1.00858152448
117231,117243,119245,12,2002,2,21600,1.00599400599
117242,117249,119223,7,1974,2,21600,1.00354609929
117243,117255,119237,12,1982,2,21600,1.00605449041
117254,117267,119236,13,1969,2,21600,1.00660233621
117254,117261,119263,7,2002,2,21600,1.0034965035
117265,117273,119244,8,1971,2,21600,1.00405885337
117266,117279,119244,13,1965,2,21600,1.00661577608
117276,117285,119240,9,1955,2,21600,1.00460358056
117277,117291,119249,14,1958,2,21600,1.00715015322
117288,117297,119292,9,1995,2,21600,1.0045112782
117289,117303,119309,14,2006,2,21600,1.00697906281
117299,117309,119265,10,1956,2,21600,1.00511247444
117300,117315,119295,15,1980,2,21600,1.00757575758
117311,117321,119297,10,1976,2,21600,1.00506072874
117312,117327,119317,15,1990,2,21600,1.00753768844
117323,117339,119323,16,1984,2,21600,1.00806451613
117323,117333,119311,10,1978,2,21600,1.00505561173
117334,117345,119331,11,1986,2,21600,1.0055387714
117335,117351,119322,16,1971,2,21600,1.00811770675
117346,117357,119319,11,1962,2,21600,1.00560652396
117347,117363,119352,16,1989,2,21600,1.00804424334
117358,117369,119335,11,1966,2,21600,1.00559511699
117358,117375,119361,17,1986,2,21600,1.00855991944
117369,117381,119349,12,1968,2,21600,1.00609756098
117380,117388,119406,8,2018,2,21600,1.00396432111
117381,117394,119396,13,2002,2,21600,1.00649350649
117392,117406,119432,14,2026,2,21600,1.00691016782
117392,117400,119405,8,2005,2,21600,1.00399002494
117403,117413,119422,10,2009,2,21600,1.0049776008
117404,117419,119445,15,2026,2,21600,1.00740375123
117415,117425,119368,10,1943,2,21600,1.00514668039
117416,117431,119462,15,2031,2,21600,1.00738552437
117426,117437,119447,11,2010,2,21600,1.00547263682
117427,117443,119428,16,1985,2,21600,1.0080604534
117438,117449,119448,11,1999,2,21600,1.00550275138
117449,117455,119462,6,2007,2,21600,1.00298953662
117460,117466,119481,6,2015,2,21600,1.00297766749
117471,117478,119474,7,1996,2,21600,1.00350701403
117482,117488,119495,6,2007,2,21600,1.00298953662
117493,117499,119513,6,2014,2,21600,1.00297914598
117503,117511,119519,8,2008,2,21600,1.00398406375
117514,117520,119531,6,2011,2,21600,1.00298359025
117525,117531,119543,6,2012,2,21600,1.00298210736
117536,119190,121217,1654,2027,2,21600,1.81598421312
118114,119241,176664,1127,57423,8,57600,1.01962628215
119196,119291,121262,95,1971,2,21600,1.04819888382
119251,119318,121303,67,1985,2,21600,1.03375314861
119293,119325,121309,32,1984,2,21600,1.01612903226
119314,119330,121304,16,1974,2,21600,1.00810536981
119325,119336,121303,11,1967,2,21600,1.0055922725
119326,119342,121327,16,1985,2,21600,1.0080604534
119337,119348,121350,11,2002,2,21600,1.00549450549
119338,119354,121312,16,1958,2,21600,1.00817160368
119349,119360,121336,11,1976,2,21600,1.00556680162
119359,119366,121339,7,1973,2,21600,1.0035478966
119360,119371,121372,11,2001,2,21600,1.00549725137
119371,119377,121349,6,1972,2,21600,1.00304259635
119372,119383,121345,11,1962,2,21600,1.00560652396
119383,119389,121384,6,1995,2,21600,1.0030075188
119383,119395,121405,12,2010,2,21600,1.00597014925
119394,119401,121383,7,1982,2,21600,1.00353178607
119395,119406,121384,11,1978,2,21600,1.0055611729
119406,119412,121394,6,1982,2,21600,1.00302724521
119406,119417,121381,11,1964,2,21600,1.00560081466
119417,119424,121396,7,1972,2,21600,1.00354969574
119418,119429,121411,11,1982,2,21600,1.00554994955
119429,119435,121422,6,1987,2,21600,1.00301962758
119429,119441,121414,12,1973,2,21600,1.00608210846
119440,119447,121417,7,1970,2,21600,1.00355329949
119441,119452,121417,11,1965,2,21600,1.00559796438
119452,119458,121430,6,1972,2,21600,1.00304259635
119453,119464,121451,11,1987,2,21600,1.0055359839
119464,119476,121451,12,1975,2,21600,1.00607594937
119464,119470,121467,6,1997,2,21600,1.00300450676
119475,119482,121452,7,1970,2,21600,1.00355329949
119476,119487,121463,11,1976,2,21600,1.00556680162
119487,119493,121469,6,1976,2,21600,1.00303643725
119488,119499,121493,11,1994,2,21600,1.00551654965
119499,119505,121482,6,1977,2,21600,1.00303490137
119499,119511,121491,12,1980,2,21600,1.00606060606
119510,119517,121492,7,1975,2,21600,1.0035443038
119521,119527,121521,6,1994,2,21600,1.00300902708
119522,119533,121498,11,1965,2,21600,1.00559796438
119534,119541,121330,7,1789,2,21600,1.00391280045
119545,119552,121341,7,1789,2,21600,1.00391280045
119556,119562,121339,6,1777,2,21600,1.00337647721
119567,119573,121364,6,1791,2,21600,1.00335008375
119578,119584,121360,6,1776,2,21600,1.00337837838
119589,119595,121362,6,1767,2,21600,1.00339558574
119600,121454,123260,1854,1806,2,21600,2.02657807309
120557,121355,122223,798,868,16,3600,1.91935483871
120706,121360,125241,654,3881,4,85800,1.16851326978
120866,120873,120968,7,95,4,1800,1.07368421053
120958,121537,124875,579,3338,16,3600,1.17345715998
121037,121043,125292,6,4249,4,7200,1.00141209696
121054,121465,131829,411,10364,1,14400,1.03965650328
121121,121229,121236,108,7,4,600,11.5
121145,121314,132478,169,11164,8,57600,1.01513794339
121192,121449,121996,257,547,16,3600,1.46983546618
121322,121471,131765,149,10294,1,14400,1.01447445114
121325,121460,123175,135,1715,2,21600,1.07871720117
121459,121483,123179,24,1696,2,21600,1.0141509434
121460,121488,123190,28,1702,2,21600,1.01645123384
121481,121494,123202,13,1708,2,21600,1.00761124122
121492,121501,123229,9,1728,2,21600,1.00520833333
121492,121507,123190,15,1683,2,21600,1.00891265597
121503,121514,123226,11,1712,2,21600,1.00642523364
121504,121519,123236,15,1717,2,21600,1.00873616773
121515,121525,123289,10,1764,2,21600,1.00566893424
121516,121531,123302,15,1771,2,21600,1.00846979108
121526,121543,123276,17,1733,2,21600,1.00980957877
121527,121548,123308,21,1760,2,21600,1.01193181818
121548,121554,123270,6,1716,2,21600,1.0034965035
121549,121560,123267,11,1707,2,21600,1.0064440539
121550,122240,124014,690,1774,2,21600,1.38895152198
121561,123186,124965,1625,1779,2,21600,1.91343451377
121569,122007,122727,438,720,16,3600,1.60833333333
121667,132490,133374,10823,884,10,1800,13.2432126697
122137,122234,160714,97,38480,8,57600,1.00252079002
122222,122245,122253,23,8,4,600,3.1
122237,123193,124928,956,1735,2,21600,1.55100864553
122306,122738,126205,432,3467,16,3600,1.12460340352
122389,124887,128501,2498,3614,16,3600,1.69120088545
122725,139765,142896,17040,3131,4,144120,6.44235068668
122831,128512,131664,5681,3152,16,3600,2.80234771574
122941,130723,141546,7782,10823,1,14400,1.7190243001
123198,123306,125289,108,1983,2,21600,1.05446293495
123199,123312,125302,113,1990,2,21600,1.0567839196
123312,123319,125298,7,1979,2,21600,1.00353713997
123313,123326,125315,13,1989,2,21600,1.00653594771
123324,123332,125318,8,1986,2,21600,1.00402819738
123324,123338,125322,14,1984,2,21600,1.00705645161
123335,123345,125336,10,1991,2,21600,1.00502260171
123336,123350,125347,14,1997,2,21600,1.00701051577
123347,123357,125359,10,2002,2,21600,1.004995005
123347,123362,125347,15,1985,2,21600,1.00755667506
123358,123368,125352,10,1984,2,21600,1.00504032258
123359,123374,125368,15,1994,2,21600,1.0075225677
123370,123380,125353,10,1973,2,21600,1.00506842372
123371,124898,126901,1527,2003,2,21600,1.7623564653
123381,124904,126879,1523,1975,2,21600,1.77113924051
123697,138160,148628,14463,10468,1,14400,2.38163928162
123955,124893,154038,938,29145,4,29100,1.03218390805
123964,123971,123977,7,6,4,600,1.3
124118,124125,124130,7,5,4,600,1.2
124156,126223,126684,2067,461,8,1800,5.48373101952
124821,137160,141942,12339,4782,20,7200,3.58030112923
124898,124940,126938,42,1998,2,21600,1.02102102102
124909,124977,126981,68,2004,2,21600,1.03393213573
124941,125302,127318,361,2016,2,21600,1.17906746032
124974,125316,127293,342,1977,2,21600,1.17298937785
125031,131974,132422,6943,448,8,1800,16.4977678571
125070,129616,265365,4546,135749,2,172800,1.03348827616
125073,144005,146832,18932,2827,16,10800,7.69685178635
125316,125431,127420,115,1989,2,21600,1.05781799899
125317,125436,127456,119,2020,2,21600,1.05891089109
125322,125377,125384,55,7,4,600,6.2
125359,144210,263841,18851,119631,2,172800,1.15757621352
125431,125443,127423,12,1980,2,21600,1.00606060606
125433,164825,183878,39392,19053,5,21600,3.0674959324
125441,125450,127427,9,1977,2,21600,1.00455235205
125442,125455,127456,13,2001,2,21600,1.00649675162
125453,125462,127481,9,2019,2,21600,1.0044576523
125454,125467,127462,13,1995,2,21600,1.00651629073
125464,125473,127481,9,2008,2,21600,1.00448207171
125465,125479,127473,14,1994,2,21600,1.00702106319
125476,125486,127482,10,1996,2,21600,1.00501002004
125477,125491,127485,14,1994,2,21600,1.00702106319
125488,126891,128867,1403,1976,2,21600,1.71002024291
125488,126913,128923,1425,2010,2,21600,1.70895522388
125591,272845,280059,147254,7214,24,7199,21.4122539507
125628,145975,252299,20347,106324,2,172800,1.19136789436
125771,125778,177416,7,51638,8,64800,1.00013555908
125871,152919,266390,27048,113471,2,172800,1.23836927497
125936,138154,139748,12218,1594,20,10800,8.66499372647
126014,141558,147429,15544,5871,1,18000,3.64758984841
126057,154060,272165,28003,118105,2,172800,1.23710257821
126184,126217,164776,33,38559,8,64800,1.00085583132
126200,149806,162277,23606,12471,16,18000,2.89287146179
126346,130911,138143,4565,7232,16,7200,1.63122234513
126366,154066,252060,27700,97994,2,172800,1.28267036757
126489,164830,183983,38341,19153,5,21600,3.00182738997
126588,160860,224577,34272,63717,2,172800,1.53787843119
126892,126950,128957,58,2007,2,21600,1.02889885401
126913,126994,128974,81,1980,2,21600,1.04090909091
126955,127305,129287,350,1982,2,21600,1.17658930373
126988,165260,253778,38272,88518,2,172800,1.43236403895
126996,127334,129298,338,1964,2,21600,1.17209775967
127061,167650,340486,40589,172836,2,172800,1.23484112106
127068,171556,267387,44488,95831,2,172800,1.46423391178
127304,127432,129431,128,1999,2,21600,1.06403201601
127320,127326,176021,6,48695,8,64800,1.00012321594
127337,127438,129441,101,2003,2,21600,1.05042436345
127386,132434,136062,5048,3628,6,3600,2.39140022051
127441,127536,129531,95,1995,2,21600,1.04761904762
127442,127544,129510,102,1966,2,21600,1.0518819939
127473,176010,435219,48537,259209,2,259200,1.18725044269
127510,171679,172133,44169,454,2,86400,98.2885462555
127536,127555,129539,19,1984,2,21600,1.0095766129
127547,127561,129545,14,1984,2,21600,1.00705645161
127558,127573,129588,15,2015,2,21600,1.00744416873
127558,127568,129560,10,1992,2,21600,1.00502008032
127569,127579,129587,10,2008,2,21600,1.00498007968
127570,127585,129565,15,1980,2,21600,1.00757575758
127581,127592,129564,11,1972,2,21600,1.00557809331
127582,128969,130950,1387,1981,2,21600,1.70015143867
127592,128987,130976,1395,1989,2,21600,1.70135746606
127784,136074,136282,8290,208,5,180,40.8557692308
127784,128221,128425,437,204,3,180,3.14215686275
127784,128539,128748,755,209,4,180,4.61244019139
127785,131123,131332,3338,209,6,180,16.971291866
127785,134049,134244,6264,195,7,180,33.1230769231
127785,129390,129575,1605,185,8,180,9.67567567568
127786,129623,129849,1837,226,10,180,9.12831858407
127786,136380,136593,8594,213,12,180,41.3474178404
127786,134891,135108,7105,217,9,180,33.7419354839
127786,130491,130710,2705,219,11,180,13.3515981735
127787,137235,137448,9448,213,13,180,45.3568075117
127787,152136,152348,24349,212,15,180,115.853773585
127787,142908,143113,15121,205,14,180,74.7609756098
127788,143616,143847,15828,231,18,180,69.5194805195
127788,144363,144589,16575,226,17,180,74.3407079646
127788,144849,145033,17061,184,16,180,93.722826087
127978,128879,129525,901,646,3,600,2.39473684211
127978,128760,129378,782,618,4,600,2.26537216828
127979,134256,134879,6277,623,7,600,11.0754414125
127979,136294,136913,8315,619,5,600,14.4329563813
127979,131344,131962,3365,618,6,600,6.44498381877
127980,135750,136368,7770,618,8,600,13.572815534
127980,129861,130479,1881,618,10,600,4.04368932039
127980,135121,135738,7141,617,9,600,12.5737439222
127981,137460,138078,9479,618,13,600,16.3381877023
127981,133394,134031,5413,637,11,600,9.49764521193
127981,136605,137223,8624,618,12,600,14.9546925566
127982,143125,143742,15143,617,14,600,25.5429497569
127982,150157,150799,22175,642,16,600,35.5404984424
127982,152360,152978,24378,618,15,600,40.4466019417
127983,143754,144374,15771,620,18,600,26.4370967742
127983,144385,144689,16402,304,17,600,54.9539473684
128158,131696,137149,3538,5453,16,7200,1.64881716486
128214,128518,128526,304,8,4,600,31.2
128966,129300,131289,334,1989,2,21600,1.16792357969
128988,129310,131320,322,2010,2,21600,1.16019900498
129012,150818,155589,21806,4771,16,7200,5.57053028715
129296,129443,131423,147,1980,2,21600,1.07424242424
129307,129467,131432,160,1965,2,21600,1.08142493639
129443,129522,131505,79,1983,2,21600,1.03983862834
129466,129573,131568,107,1995,2,21600,1.05363408521
129527,129611,131594,84,1983,2,21600,1.04236006051
129570,129634,131607,64,1973,2,21600,1.03243791181
129611,129640,131654,29,2014,2,21600,1.01439920556
129633,129647,131632,14,1985,2,21600,1.00705289673
129644,129654,131623,10,1969,2,21600,1.00507872016
129644,129659,131646,15,1987,2,21600,1.00754906895
129655,129666,131686,11,2020,2,21600,1.00544554455
129656,130962,132950,1306,1988,2,21600,1.6569416499
129667,130988,133004,1321,2016,2,21600,1.65525793651
130959,131301,132951,342,1650,2,21600,1.20727272727
130991,131332,132916,341,1584,2,21600,1.21527777778
131299,131435,133101,136,1666,2,21600,1.08163265306
131330,131444,133100,114,1656,2,21600,1.06884057971
131434,131517,133070,83,1553,2,21600,1.05344494527
131445,131580,133332,135,1752,2,21600,1.07705479452
131522,131649,133412,127,1763,2,21600,1.07203630176
131592,131655,133281,63,1626,2,21600,1.03874538745
131657,131685,133372,28,1687,2,21600,1.01659751037
131658,131690,133338,32,1648,2,21600,1.01941747573
131689,131702,133300,13,1598,2,21600,1.00813516896
131690,131708,133305,18,1597,2,21600,1.01127113338
131701,131715,133323,14,1608,2,21600,1.00870646766
131712,132928,134922,1216,1994,2,21600,1.60982948847
131713,132962,134931,1249,1969,2,21600,1.6343321483
132792,134629,134635,1837,6,4,600,184.3
132933,132969,134990,36,2021,2,21600,1.01781296388
132965,133016,134993,51,1977,2,21600,1.02579666161
132966,133082,135068,116,1986,2,21600,1.05840886203
133018,133112,135135,94,2023,2,21600,1.04646564508
133080,133119,135126,39,2007,2,21600,1.01943198804
133111,133293,135298,182,2005,2,21600,1.09077306733
133122,133317,135321,195,2004,2,21600,1.09730538922
133308,133387,135332,79,1945,2,21600,1.04061696658
133319,133400,135384,81,1984,2,21600,1.0408266129
133395,133434,135415,39,1981,2,21600,1.01968702675
133395,133439,135434,44,1995,2,21600,1.02205513784
133438,133451,135454,13,2003,2,21600,1.0064902646
133439,133457,135433,18,1976,2,21600,1.00910931174
133450,134935,136948,1485,2013,2,21600,1.73770491803
133461,134943,136932,1482,1989,2,21600,1.74509803922
133964,139600,143536,5636,3936,16,7200,2.43191056911
134029,134044,134617,15,573,4,3600,1.02617801047
134939,135003,137007,64,2004,2,21600,1.03193612774
134940,135010,137031,70,2021,2,21600,1.03463631865
134974,139760,141409,4786,1649,16,3600,3.90236506974
135002,135080,137075,78,1995,2,21600,1.03909774436
135014,135138,137119,124,1981,2,21600,1.06259464917
135076,135147,137134,71,1987,2,21600,1.03573225969
135094,141421,143604,6327,2183,16,3600,3.89830508475
135139,135310,136997,171,1687,2,21600,1.10136336692
135150,135341,137000,191,1659,2,21600,1.11512959614
135317,135348,136853,31,1505,2,21600,1.02059800664
135344,135397,136991,53,1594,2,21600,1.03324968632
135345,135450,136967,105,1517,2,21600,1.06921555702
135402,135456,137111,54,1655,2,21600,1.03262839879
135458,135491,136971,33,1480,2,21600,1.0222972973
135459,135496,137206,37,1710,2,21600,1.0216374269
135491,136864,138546,1373,1682,2,21600,1.8162901308
135502,136944,138600,1442,1656,2,21600,1.87077294686
135904,135910,135921,6,11,1,3600,1.54545454545
136437,138090,138130,1653,40,4,1800,42.325
136676,172163,604197,35487,432034,6,432000,1.08213936866
136722,136927,136936,205,9,4,600,21.4
136865,136967,138572,102,1605,2,21600,1.06355140187
136950,136985,138491,35,1506,2,21600,1.02324037185
136973,137001,138778,28,1777,2,21600,1.01575689364
136986,137024,138814,38,1790,2,21600,1.02122905028
137008,137037,138797,29,1760,2,21600,1.01647727273
137029,137042,138809,13,1767,2,21600,1.00735710243
137040,137054,138831,14,1777,2,21600,1.00787844682
137041,137059,138857,18,1798,2,21600,1.01001112347
137054,137101,138876,47,1775,2,21600,1.02647887324
137067,137125,138903,58,1778,2,21600,1.03262092238
137101,137132,138893,31,1761,2,21600,1.0176036343
137122,137153,138920,31,1767,2,21600,1.01754385965
137135,137218,138956,83,1738,2,21600,1.04775604143
137156,138504,140295,1348,1791,2,21600,1.75265214964
137218,138557,140307,1339,1750,2,21600,1.76514285714
137947,184705,187961,46758,3256,5,7200,15.3605651106
138352,141953,144832,3601,2879,16,3600,2.25078152136
138510,138584,140331,74,1747,2,21600,1.04235832856
138563,138612,140361,49,1749,2,21600,1.02801600915
138584,138790,140515,206,1725,2,21600,1.11942028986
138616,138809,140518,193,1709,2,21600,1.11293153891
138792,138820,140560,28,1740,2,21600,1.01609195402
138816,138844,140592,28,1748,2,21600,1.01601830664
138818,138856,140629,38,1773,2,21600,1.02143260011
138841,138880,140642,39,1762,2,21600,1.02213393871
138854,138898,140668,44,1770,2,21600,1.02485875706
138879,138921,140693,42,1772,2,21600,1.0237020316
138901,138932,140652,31,1720,2,21600,1.01802325581
138924,138955,140685,31,1730,2,21600,1.01791907514
138926,138939,140201,13,1262,1,3540,1.01030110935
138936,138969,140696,33,1727,2,21600,1.01910828025
138957,140308,142021,1351,1713,2,21600,1.78867483946
138968,140322,142021,1354,1699,2,21600,1.7969393761
139414,172145,191513,32731,19368,2,43200,2.68995249897
139687,176777,177983,37090,1206,8,57600,31.7545605307
139904,172253,182314,32349,10061,2,43200,4.21528675082
140281,140288,140725,7,437,1,3540,1.01601830664
140310,140343,142058,33,1715,2,21600,1.01924198251
140321,140373,142105,52,1732,2,21600,1.03002309469
140342,140527,142252,185,1725,2,21600,1.10724637681
140375,140534,142221,159,1687,2,21600,1.09425014819
140501,140509,140512,8,3,1,3600,1.1
140529,140573,142297,44,1724,2,21600,1.02552204176
140530,140604,142340,74,1736,2,21600,1.04262672811
140572,140641,142353,69,1712,2,21600,1.04030373832
140605,140692,142484,87,1792,2,21600,1.04854910714
140643,140703,142478,60,1775,2,21600,1.0338028169
140698,140737,142489,39,1752,2,21600,1.02226027397
140699,140742,142515,43,1773,2,21600,1.02425267908
140741,140760,142476,19,1716,2,21600,1.01107226107
140741,140755,142513,14,1758,2,21600,1.00796359499
140752,141959,143691,1207,1732,2,21600,1.69688221709
140763,142033,143764,1270,1731,2,21600,1.73367995378
141290,144215,145242,2925,1027,1,3540,3.84810126582
141631,141637,141645,6,8,4,600,1.4
141732,143859,143993,2127,134,16,3600,16.8731343284
141964,142038,143745,74,1707,2,21600,1.04335090803
141982,145844,145888,3862,44,1,25200,88.7727272727
141982,145830,145831,3848,1,1,25200,384.9
141983,145851,145853,3868,2,1,25200,387.0
141983,145890,146134,3907,244,1,25200,17.012295082
141984,145927,145928,3943,1,1,25200,394.4
141984,145900,145902,3916,2,1,25200,391.8
141984,145914,145915,3930,1,1,25200,393.1
141984,145940,145941,3956,1,1,25200,395.7
141985,145966,145967,3981,1,1,25200,398.2
141985,145953,145954,3968,1,1,25200,396.9
141985,145995,146099,4010,104,1,25200,39.5576923077
141985,145982,145983,3997,1,1,25200,399.8
141986,146159,146160,4173,1,1,25200,417.4
141986,146172,146173,4186,1,1,25200,418.7
141986,146111,146263,4125,152,1,25200,28.1381578947
141987,146271,146334,4284,63,1,25200,69.0
141987,146278,146281,4291,3,1,25200,429.4
141987,146206,146258,4219,52,1,25200,82.1346153846
141987,146185,146194,4198,9,1,25200,420.7
141988,146293,146294,4305,1,1,25200,430.6
141988,146306,146316,4318,10,1,25200,432.8
141988,146328,146329,4340,1,1,25200,434.1
141989,146348,146349,4359,1,1,25200,436.0
141989,146604,147352,4615,748,1,25200,7.16978609626
141989,146422,146683,4433,261,1,25200,17.9846743295
141989,146362,146592,4373,230,1,25200,20.0130434783
141989,146355,146410,4366,55,1,25200,80.3818181818
141990,146728,164332,4738,17604,1,25200,1.26914337651
141990,146708,146716,4718,8,1,25200,472.6
141990,147364,147636,5374,272,1,25200,20.7573529412
141990,146694,146696,4704,2,1,25200,470.6
141991,147481,147824,5490,343,1,25200,17.0058309038
141991,147666,147667,5675,1,1,25200,567.6
141991,147648,147653,5657,5,1,25200,566.2
141991,147468,147469,5477,1,1,25200,547.8
141992,147679,148937,5687,1258,1,25200,5.52066772655
141992,147837,147838,5845,1,1,25200,584.6
141992,147850,147855,5858,5,1,25200,586.3
141993,147880,147881,5887,1,1,25200,588.8
141993,147893,147894,5900,1,1,25200,590.1
141993,147927,147929,5934,2,1,25200,593.6
141994,147960,147961,5966,1,1,25200,596.7
141994,147973,147976,5979,3,1,25200,598.2
141994,147988,147991,5994,3,1,25200,599.7
141994,147943,147948,5949,5,1,25200,595.4
141995,148003,148004,6008,1,1,25200,600.9
141995,148016,148033,6021,17,1,25200,355.176470588
141995,148046,148064,6051,18,1,25200,337.166666667
141995,148091,148093,6096,2,1,25200,609.8
141995,148143,148207,6148,64,1,25200,97.0625
141996,148219,148221,6223,2,1,25200,622.5
141996,148584,148586,6588,2,1,25200,659.0
141996,148249,148572,6253,323,1,25200,20.3591331269
141996,148233,148234,6237,1,1,25200,623.8
141997,148603,148622,6606,19,1,25200,348.684210526
141997,148634,148637,6637,3,1,25200,664.0
141997,148641,148642,6644,1,1,25200,664.5
141997,148650,148669,6653,19,1,25200,351.157894737
141998,148688,148693,6690,5,1,25200,669.5
141998,148681,148683,6683,2,1,25200,668.5
141998,148674,148675,6676,1,1,25200,667.7
141998,148657,148658,6659,1,1,25200,666.0
141999,148713,165204,6714,16491,1,25200,1.40713116245
141999,148725,149476,6726,751,1,25200,9.95605858855
141999,148705,148713,6706,8,1,25200,671.4
141999,148696,148697,6697,1,1,25200,669.8
142000,148963,148968,6963,5,1,25200,696.8
142000,148980,148989,6980,9,1,25200,698.9
142000,148949,148951,6949,2,1,25200,695.1
142000,149001,149003,7001,2,1,25200,700.3
142001,149015,149609,7014,594,1,25200,12.8080808081
142001,149515,149517,7514,2,1,25200,751.6
142001,149529,149548,7528,19,1,25200,397.210526316
142002,149613,149737,7611,124,1,25200,62.3790322581
142002,149599,149600,7597,1,1,25200,759.8
142002,149585,149587,7583,2,1,25200,758.5
142002,149560,149570,7558,10,1,25200,756.8
142003,149990,149992,7987,2,1,25200,798.9
142003,149638,152549,7635,2911,1,25200,3.62281003092
142003,149622,149626,7619,4,1,25200,762.3
142003,149750,149978,7747,228,1,25200,34.9780701754
142004,150030,150031,8026,1,1,25200,802.7
142004,150043,150044,8039,1,1,25200,804.0
142004,150004,150005,8000,1,1,25200,800.1
142004,150017,150018,8013,1,1,25200,801.4
142005,150112,150113,8107,1,1,25200,810.8
142005,150098,150100,8093,2,1,25200,809.5
142005,150070,150085,8065,15,1,25200,538.666666667
142005,150057,150058,8052,1,1,25200,805.3
142006,150176,150188,8170,12,1,25200,681.833333333
142006,150200,150202,8194,2,1,25200,819.6
142006,150125,150753,8119,628,1,25200,13.928343949
142007,150214,150215,8207,1,1,25200,820.8
142007,150227,150277,8220,50,1,25200,165.4
142007,150289,150291,8282,2,1,25200,828.4
142007,150303,150324,8296,21,1,25200,396.047619048
142008,150871,150883,8863,12,1,25200,739.583333333
142008,150835,150846,8827,11,1,25200,803.454545455
142008,150336,150491,8328,155,1,25200,54.7290322581
142008,150504,151317,8496,813,1,25200,11.4501845018
142009,150935,150936,8926,1,1,25200,892.7
142009,150895,150897,8886,2,1,25200,888.8
142010,150949,150950,8939,1,1,25200,894.0
142010,150988,151891,8978,903,1,25200,10.942414175
142011,151485,152097,9474,612,1,25200,16.4803921569
142011,151471,151473,9460,2,1,25200,946.2
142011,151903,151905,9892,2,1,25200,989.4
142011,151330,151459,9319,129,1,25200,73.2403100775
142011,150975,150976,8964,1,1,25200,896.5
142012,152263,152313,10251,50,1,25200,206.02
142012,152229,152251,10217,22,1,25200,465.409090909
142012,151935,152216,9923,281,1,25200,36.3131672598
142013,152459,152522,10446,63,1,25200,166.80952381
142013,152352,152353,10339,1,1,25200,1034.0
142013,152339,152340,10326,1,1,25200,1032.7
142013,152325,152327,10312,2,1,25200,1031.4
142014,152402,152419,10388,17,1,25200,612.058823529
142014,152388,152390,10374,2,1,25200,1037.6
142014,152535,152536,10521,1,1,25200,1052.2
142014,152367,152375,10353,8,1,25200,1036.1
142015,156090,156099,14075,9,1,25200,1408.4
142015,152436,152446,10421,10,1,25200,1043.1
142015,152549,152550,10534,1,1,25200,1053.5
142015,160952,160955,18937,3,1,25200,1894.0
142016,160866,160868,18850,2,1,25200,1885.2
142016,156691,157789,14675,1098,1,25200,14.3652094718
142016,160880,160896,18864,16,1,25200,1180.0
142016,156111,156113,14095,2,1,25200,1409.7
142016,156126,156679,14110,553,1,25200,26.5153707052
142017,162437,162438,20420,1,1,25200,2042.1
142017,162450,163003,20433,553,1,25200,37.9493670886
142017,160908,160927,18891,19,1,25200,995.263157895
142017,160985,160986,18968,1,1,25200,1896.9
142018,162512,162537,20494,25,1,25200,820.76
142018,163015,163017,20997,2,1,25200,2099.9
142018,162499,162500,20481,1,1,25200,2048.2
142018,162549,164487,20531,1938,1,25200,11.5939112487
142019,163080,163082,21061,2,1,25200,2106.3
142019,163066,163068,21047,2,1,25200,2104.9
142019,163042,163054,21023,12,1,25200,1752.91666667
142019,163029,163030,21010,1,1,25200,2101.1
142020,163094,163365,21074,271,1,25200,78.7638376384
142020,164786,164892,22766,106,1,25200,215.773584906
142020,163417,163419,21397,2,1,25200,2139.9
142020,164346,164542,22326,196,1,25200,114.908163265
142021,164773,164774,22752,1,1,25200,2275.3
142021,164940,165194,22919,254,1,25200,91.2322834646
142021,164927,164928,22906,1,1,25200,2290.7
142021,165207,170075,23186,4868,1,25200,5.76294165982
142022,165267,165268,23245,1,1,25200,2324.6
142022,165230,165231,23208,1,1,25200,2320.9
142022,165217,165218,23195,1,1,25200,2319.6
142022,165243,165244,23221,1,1,25200,2322.2
142023,165322,165323,23299,1,1,25200,2330.0
142023,165308,165309,23285,1,1,25200,2328.6
142023,165295,165296,23272,1,1,25200,2327.3
142023,165280,165282,23257,2,1,25200,2325.9
142023,165335,165346,23312,11,1,25200,2120.27272727
142024,165809,165951,23785,142,1,25200,168.5
142024,166395,166424,24371,29,1,25200,841.379310345
142024,165790,165797,23766,7,1,25200,2377.3
142024,165358,165777,23334,419,1,25200,56.6897374702
142025,166169,166170,24144,1,1,25200,2414.5
142025,166182,166183,24157,1,1,25200,2415.8
142025,166200,166203,24175,3,1,25200,2417.8
142025,165963,166821,23938,858,1,25200,28.8997668998
142026,166825,166828,24799,3,1,25200,2480.2
142026,166215,166383,24189,168,1,25200,144.982142857
142026,166811,166812,24785,1,1,25200,2478.6
142026,166436,166798,24410,362,1,25200,68.4309392265
142027,166848,166923,24821,75,1,25200,331.946666667
142027,166855,166857,24828,2,1,25200,2483.0
142027,166841,166842,24814,1,1,25200,2481.5
142027,166833,166834,24806,1,1,25200,2480.7
142028,166936,166957,24908,21,1,25200,1187.0952381
142028,166901,167109,24873,208,1,25200,120.581730769
142029,167015,167017,24986,2,1,25200,2498.8
142029,166984,167002,24955,18,1,25200,1387.38888889
142029,166970,166972,24941,2,1,25200,2494.3
142030,167205,167238,25175,33,1,25200,763.878787879
142030,167121,167192,25091,71,1,25200,354.394366197
142030,167029,167206,24999,177,1,25200,142.237288136
142030,169477,169701,27447,224,1,25200,123.53125
142030,142070,143802,40,1732,2,21600,1.02309468822
142031,167250,167438,25219,188,1,25200,135.143617021
142031,167218,167219,25187,1,1,25200,2518.8
142031,167231,167289,25200,58,1,25200,435.482758621
142032,167301,167708,25269,407,1,25200,63.085995086
142032,167451,167453,25419,2,1,25200,2542.1
142032,167465,168947,25433,1482,1,25200,18.161268556
142032,168167,168168,26135,1,1,25200,2613.6
142032,167720,168153,25688,433,1,25200,60.3256351039
142033,168198,168199,26165,1,1,25200,2616.6
142033,168180,168186,26147,6,1,25200,2615.3
142034,168271,168273,26237,2,1,25200,2623.9
142034,168225,168236,26191,11,1,25200,2382.0
142034,168257,168258,26223,1,1,25200,2622.4
142035,168298,168365,26263,67,1,25200,392.985074627
142035,168378,168380,26343,2,1,25200,2634.5
142035,168418,168458,26383,40,1,25200,660.575
142035,168405,168406,26370,1,1,25200,2637.1
142036,168461,170065,26425,1604,1,25200,17.4744389027
142036,168961,169431,26925,470,1,25200,58.2872340426
142036,169715,169718,27679,3,1,25200,2768.2
142036,169443,169465,27407,22,1,25200,1246.77272727
142037,169768,170831,27731,1063,1,25200,27.0874882408
142037,169744,169756,27707,12,1,25200,2309.91666667
142037,169723,169936,27686,213,1,25200,130.981220657
142038,170078,170085,28040,7,1,25200,2804.7
142038,169948,169952,27910,4,1,25200,2791.4
142038,169964,169965,27926,1,1,25200,2792.7
142038,169977,170454,27939,477,1,25200,59.572327044
142039,170112,170114,28073,2,1,25200,2807.5
142039,170097,170098,28058,1,1,25200,2805.9
142039,170126,170301,28087,175,1,25200,161.497142857
142039,170105,170171,28066,66,1,25200,426.242424242
142040,170183,175615,28143,5432,1,25200,6.1809646539
142040,170315,170320,28275,5,1,25200,2828.0
142041,170466,170551,28425,85,1,25200,335.411764706
142041,170563,170565,28522,2,1,25200,2852.4
142041,170623,170625,28582,2,1,25200,2858.4
142041,142116,143838,75,1722,2,21600,1.04355400697
142041,170577,170611,28536,34,1,25200,840.294117647
142042,170747,170762,28705,15,1,25200,1914.66666667
142042,170784,170785,28742,1,1,25200,2874.3
142042,170638,170649,28596,11,1,25200,2600.63636364
142042,170777,170906,28735,129,1,25200,223.751937984
142043,170824,170825,28781,1,1,25200,2878.2
142043,170811,170812,28768,1,1,25200,2876.9
142044,170940,171037,28896,97,1,25200,298.896907216
142044,170864,171250,28820,386,1,25200,75.6632124352
142044,170848,170851,28804,3,1,25200,2880.7
142045,171063,171066,29018,3,1,25200,2902.1
142045,170924,170927,28879,3,1,25200,2888.2
142045,170916,171050,28871,134,1,25200,216.455223881
142045,171071,171505,29026,434,1,25200,67.8801843318
142045,170872,170903,28827,31,1,25200,930.903225806
142046,171262,171269,29216,7,1,25200,2922.3
142046,171049,171053,29003,4,1,25200,2900.7
142046,171179,171366,29133,187,1,25200,156.79144385
142046,171079,171150,29033,71,1,25200,409.915492958
142047,171162,171167,29115,5,1,25200,2912.0
142047,171378,171383,29331,5,1,25200,2933.6
142047,171281,171284,29234,3,1,25200,2923.7
142047,171300,171503,29253,203,1,25200,145.103448276
142048,171515,171520,29467,5,1,25200,2947.2
142048,171524,171526,29476,2,1,25200,2947.8
142048,171532,171533,29484,1,1,25200,2948.5
142048,171397,171537,29349,140,1,25200,210.635714286
142049,171540,171541,29491,1,1,25200,2949.2
142049,171548,171666,29499,118,1,25200,250.991525424
142049,171607,171608,29558,1,1,25200,2955.9
142049,171626,171627,29577,1,1,25200,2957.8
142050,174465,174466,32415,1,1,25200,3241.6
142050,174049,175111,31999,1062,1,25200,31.1308851224
142050,171639,171640,29589,1,1,25200,2959.0
142051,171665,171667,29614,2,1,25200,2961.6
142051,173906,173996,31855,90,1,25200,354.944444444
142051,173760,173894,31709,134,1,25200,237.634328358
142051,171652,171653,29601,1,1,25200,2960.2
142052,174008,174012,31956,4,1,25200,3196.0
142052,174478,174479,32426,1,1,25200,3242.7
142052,174024,174037,31972,13,1,25200,2460.38461538
142052,174505,174657,32453,152,1,25200,214.506578947
142053,174729,175144,32676,415,1,25200,79.7373493976
142053,174714,174717,32661,3,1,25200,3266.4
142053,174691,174702,32638,11,1,25200,2968.09090909
142053,174671,174678,32618,7,1,25200,3262.5
142054,175158,175562,33104,404,1,25200,82.9405940594
142054,175778,175779,33724,1,1,25200,3372.5
142054,175575,175583,33521,8,1,25200,3352.9
142054,175791,175956,33737,165,1,25200,205.466666667
142055,175819,175967,33764,148,1,25200,229.135135135
142055,175608,175786,33553,178,1,25200,189.5
142055,175627,175631,33572,4,1,25200,3357.6
142055,175595,175596,33540,1,1,25200,3354.1
142056,175746,175747,33690,1,1,25200,3369.1
142056,175733,175734,33677,1,1,25200,3367.8
142056,175719,175721,33663,2,1,25200,3366.5
142056,175643,175707,33587,64,1,25200,525.796875
142057,175759,175766,33702,7,1,25200,3370.9
142057,175968,175970,33911,2,1,25200,3391.3
142057,175980,175983,33923,3,1,25200,3392.6
142057,175988,175997,33931,9,1,25200,3394.0
142057,175805,175807,33748,2,1,25200,3375.0
142058,175995,175997,33937,2,1,25200,3393.9
142058,176430,176491,34372,61,1,25200,564.475409836
142058,176712,176738,34654,26,1,25200,1333.84615385
142058,176750,176793,34692,43,1,25200,807.790697674
142059,176695,176700,34636,5,1,25200,3464.1
142059,176676,176682,34617,6,1,25200,3462.3
142059,176504,176664,34445,160,1,25200,216.28125
142059,176806,176810,34747,4,1,25200,3475.1
142060,176822,176823,34762,1,1,25200,3476.3
142060,176835,202044,34775,25209,1,25200,2.37946765044
142060,177428,177429,35368,1,1,25200,3536.9
142060,177445,177472,35385,27,1,25200,1311.55555556
142061,177458,177838,35397,380,1,25200,94.15
142061,177439,177440,35378,1,1,25200,3537.9
142061,177434,177493,35373,59,1,25200,600.542372881
142061,177452,177782,35391,330,1,25200,108.245454545
142062,177851,177869,35789,18,1,25200,1989.27777778
142062,177485,178470,35423,985,1,25200,36.9624365482
142062,177506,177576,35444,70,1,25200,507.342857143
142062,177794,179144,35732,1350,1,25200,27.4681481481
142063,177588,177591,35525,3,1,25200,3552.8
142063,177881,177884,35818,3,1,25200,3582.1
142063,177617,177977,35554,360,1,25200,99.7611111111
142063,177604,177605,35541,1,1,25200,3554.2
142064,177896,177908,35832,12,1,25200,2987.0
142064,177921,177924,35857,3,1,25200,3586.0
142064,177936,177958,35872,22,1,25200,1631.54545455
142064,177971,177973,35907,2,1,25200,3590.9
142065,178324,178336,36259,12,1,25200,3022.58333333
142065,177985,177992,35920,7,1,25200,3592.7
142065,177993,178000,35928,7,1,25200,3593.5
142065,178009,178984,35944,975,1,25200,37.8656410256
142066,178483,178548,36417,65,1,25200,561.261538462
142066,178017,178602,35951,585,1,25200,62.4547008547
142066,178560,178573,36494,13,1,25200,2808.23076923
142066,178348,178549,36282,201,1,25200,181.507462687
142067,178629,178631,36562,2,1,25200,3656.4
142067,178615,178617,36548,2,1,25200,3655.0
142067,178568,179543,36501,975,1,25200,38.4369230769
142067,178585,179078,36518,493,1,25200,75.0730223124
142068,179090,179092,37022,2,1,25200,3702.4
142068,179132,179133,37064,1,1,25200,3706.5
142068,178656,178786,36588,130,1,25200,282.446153846
142069,178813,178814,36744,1,1,25200,3674.5
142069,178799,178801,36730,2,1,25200,3673.2
142069,178643,178644,36574,1,1,25200,3657.5
142069,178826,179168,36757,342,1,25200,108.476608187
142069,178996,179470,36927,474,1,25200,78.9050632911
142070,179756,179778,37686,22,1,25200,1714.0
142070,179145,179146,37075,1,1,25200,3707.6
142071,179165,179225,37094,60,1,25200,619.233333333
142071,179190,179192,37119,2,1,25200,3712.1
142071,179174,179175,37103,1,1,25200,3710.4
142071,179157,179162,37086,5,1,25200,3709.1
142072,179482,179484,37410,2,1,25200,3741.2
142072,179237,184763,37165,5526,1,25200,7.72547955121
142072,179317,181198,37245,1881,1,25200,20.8006379585
142072,179205,179303,37133,98,1,25200,379.908163265
142073,179556,179562,37483,6,1,25200,3748.9
142073,179992,183147,37919,3155,1,25200,13.0187004754
142073,180078,180250,38005,172,1,25200,221.959302326
142073,180099,180203,38026,104,1,25200,366.634615385
142074,179587,179602,37513,15,1,25200,2501.86666667
142074,179574,179575,37500,1,1,25200,3750.1
142074,179615,179743,37541,128,1,25200,294.2890625
142075,179950,179952,37875,2,1,25200,3787.7
142075,179777,179938,37702,161,1,25200,235.173913043
142075,179783,179879,37708,96,1,25200,393.791666667
142075,179764,179765,37689,1,1,25200,3769.0
142075,179729,179733,37654,4,1,25200,3765.8
142076,142233,143962,157,1729,2,21600,1.09080393291
142076,180033,180034,37957,1,1,25200,3795.8
142076,180272,180282,38196,10,1,25200,3820.6
142076,179964,180244,37888,280,1,25200,136.314285714
142076,180050,180087,37974,37,1,25200,1027.32432432
142077,180264,180265,38187,1,1,25200,3818.8
142077,180257,180259,38180,2,1,25200,3818.2
142077,180280,183228,38203,2948,1,25200,13.9589552239
142077,180215,181414,38138,1199,1,25200,32.8081734779
142078,180448,180449,38370,1,1,25200,3837.1
142078,180440,180452,38362,12,1,25200,3197.83333333
142078,180294,180419,38216,125,1,25200,306.728
142078,180427,180434,38349,7,1,25200,3835.6
142079,180573,181312,38494,739,1,25200,53.0893098782
142079,180580,180592,38501,12,1,25200,3209.41666667
142079,180469,180560,38390,91,1,25200,422.868131868
142079,180461,180462,38382,1,1,25200,3838.3
142080,180604,180607,38524,3,1,25200,3852.7
142080,180564,180566,38484,2,1,25200,3848.6
142080,180619,180620,38539,1,1,25200,3854.0
142080,180477,180552,38397,75,1,25200,512.96
142081,180853,180868,38772,15,1,25200,2585.8
142081,180934,180967,38853,33,1,25200,1178.36363636
142081,180908,180921,38827,13,1,25200,2987.69230769
142081,180632,180840,38551,208,1,25200,186.341346154
142082,180980,181112,38898,132,1,25200,295.681818182
142082,180894,180896,38812,2,1,25200,3881.4
142082,180880,180882,38798,2,1,25200,3880.0
142082,181124,181267,39042,143,1,25200,274.020979021
142083,181230,181302,39147,72,1,25200,544.708333333
142083,181210,181217,39127,7,1,25200,3913.4
142083,181491,181587,39408,96,1,25200,411.5
142083,181280,181539,39197,259,1,25200,152.33976834
142084,181503,181844,39419,341,1,25200,116.598240469
142084,181332,181335,39248,3,1,25200,3925.1
142084,181315,181317,39231,2,1,25200,3923.3
142084,181324,181704,39240,380,1,25200,104.263157895
142084,181347,181464,39263,117,1,25200,336.581196581
142085,181600,181809,39515,209,1,25200,190.066985646
142085,181552,182691,39467,1139,1,25200,35.650570676
142085,181427,181478,39342,51,1,25200,772.411764706
142085,181477,181490,39392,13,1,25200,3031.15384615
142086,181821,181823,39735,2,1,25200,3973.7
142086,181730,183345,39644,1615,1,25200,25.5473684211
142086,182036,182063,39950,27,1,25200,1480.62962963
142086,181716,181718,39630,2,1,25200,3963.2
142087,181849,182210,39762,361,1,25200,111.144044321
142087,182076,182079,39989,3,1,25200,3999.2
142087,181871,182022,39784,151,1,25200,264.470198675
142087,181857,181859,39770,2,1,25200,3977.2
142087,181836,181837,39749,1,1,25200,3975.0
142088,182113,182115,40025,2,1,25200,4002.7
142088,182091,182101,40003,10,1,25200,4001.3
142088,182147,182148,40059,1,1,25200,4006.0
142089,182353,182412,40264,59,1,25200,683.440677966
142089,182340,182341,40251,1,1,25200,4025.2
142089,182358,182359,40269,1,1,25200,4027.0
142089,182160,182404,40071,244,1,25200,165.225409836
142090,182222,182224,40132,2,1,25200,4013.4
142090,182302,182306,40212,4,1,25200,4021.6
142090,182249,182289,40159,40,1,25200,1004.975
142090,182236,182237,40146,1,1,25200,4014.7
142091,182319,182320,40228,1,1,25200,4022.9
142091,182333,182614,40242,281,1,25200,144.209964413
142091,182327,182341,40236,14,1,25200,2875.0
142091,182372,182373,40281,1,1,25200,4028.2
142092,182538,182541,40446,3,1,25200,4044.9
142092,182493,183739,40401,1246,1,25200,33.4245585875
142092,182385,182391,40293,6,1,25200,4029.9
142093,182416,182418,40323,2,1,25200,4032.5
142093,182423,182424,40330,1,1,25200,4033.1
142093,182404,182406,40311,2,1,25200,4031.3
142093,182431,182481,40338,50,1,25200,807.76
142094,182553,182625,40459,72,1,25200,562.930555556
142094,182444,182603,40350,159,1,25200,254.773584906
142094,182615,182620,40521,5,1,25200,4052.6
142094,182437,182526,40343,89,1,25200,454.292134831
142095,182641,182643,40546,2,1,25200,4054.8
142095,182655,182659,40560,4,1,25200,4056.4
142095,182634,182841,40539,207,1,25200,196.84057971
142095,182626,182772,40531,146,1,25200,278.609589041
142096,182722,182767,40626,45,1,25200,903.8
142096,182705,182709,40609,4,1,25200,4061.3
142096,182698,182699,40602,1,1,25200,4060.3
142097,182779,182786,40682,7,1,25200,4068.9
142097,182729,182803,40632,74,1,25200,550.081081081
142097,182798,182822,40701,24,1,25200,1696.875
142097,182712,182713,40615,1,1,25200,4061.6
142098,182858,182961,40760,103,1,25200,396.72815534
142098,182787,182789,40689,2,1,25200,4069.1
142098,182805,182806,40707,1,1,25200,4070.8
142098,182853,182854,40755,1,1,25200,4075.6
142099,182881,182884,40782,3,1,25200,4078.5
142099,182831,182853,40732,22,1,25200,1852.45454545
142099,182823,182920,40724,97,1,25200,420.835051546
142099,182816,182818,40717,2,1,25200,4071.9
142099,182955,182987,40856,32,1,25200,1277.75
142100,182866,182868,40766,2,1,25200,4076.8
142100,182839,182841,40739,2,1,25200,4074.1
142100,182871,182937,40771,66,1,25200,618.742424242
142100,182896,183123,40796,227,1,25200,180.718061674
142101,182933,182937,40832,4,1,25200,4083.6
142101,182949,183118,40848,169,1,25200,242.704142012
142101,183166,183169,41065,3,1,25200,4106.8
142101,183171,183174,41070,3,1,25200,4107.3
142101,183203,183204,41102,1,1,25200,4110.3
142102,183018,183350,40916,332,1,25200,124.240963855
142102,183000,183120,40898,120,1,25200,341.816666667
142102,182973,182975,40871,2,1,25200,4087.3
142102,182987,182989,40885,2,1,25200,4088.7
142103,183208,183209,41105,1,1,25200,4110.6
142103,183184,183185,41081,1,1,25200,4108.2
142103,183216,183299,41113,83,1,25200,496.337349398
142104,183197,183198,41093,1,1,25200,4109.4
142104,183221,183222,41117,1,1,25200,4111.8
142104,183189,184878,41085,1689,1,25200,25.325044405
142104,183245,183247,41141,2,1,25200,4114.3
142105,183311,183344,41206,33,1,25200,1249.66666667
142105,183258,183259,41153,1,1,25200,4115.4
142105,183237,183238,41132,1,1,25200,4113.3
142105,183229,183230,41124,1,1,25200,4112.5
142106,183293,183299,41187,6,1,25200,4119.3
142106,183279,183281,41173,2,1,25200,4117.5
142106,183266,183389,41160,123,1,25200,335.634146341
142106,183272,183285,41166,13,1,25200,3167.61538462
142107,183317,183478,41210,161,1,25200,256.962732919
142107,183756,183953,41649,197,1,25200,212.416243655
142107,183300,183939,41193,639,1,25200,65.4647887324
142107,183533,183885,41426,352,1,25200,118.6875
142108,183364,183540,41256,176,1,25200,235.409090909
142108,183370,183381,41262,11,1,25200,3752.09090909
142108,183393,185034,41285,1641,1,25200,26.1584399756
142108,183356,183416,41248,60,1,25200,688.466666667
142108,183776,185928,41668,2152,1,25200,20.3624535316
142109,183442,183448,41333,6,1,25200,4133.9
142109,183428,183430,41319,2,1,25200,4132.1
142109,183402,183404,41293,2,1,25200,4129.5
142109,183416,183430,41307,14,1,25200,2951.5
142110,183504,183521,41394,17,1,25200,2435.94117647
142110,183490,183492,41380,2,1,25200,4138.2
142110,183447,208666,41337,25219,1,25200,2.63912129743
142110,183460,184279,41350,819,1,25200,51.4884004884
142111,183553,183711,41442,158,1,25200,263.291139241
142111,183899,184219,41788,320,1,25200,131.5875
142111,183723,183726,41612,3,1,25200,4161.5
142112,183738,183739,41626,1,1,25200,4162.7
142112,183751,183764,41639,13,1,25200,3204.0
142112,183891,183925,41779,34,1,25200,1229.79411765
142112,183979,183980,41867,1,1,25200,4186.8
142112,184262,185849,42150,1587,1,25200,27.5595463138
142113,183951,184233,41838,282,1,25200,149.361702128
142113,183937,183981,41824,44,1,25200,951.545454545
142113,183965,183967,41852,2,1,25200,4185.4
142114,184195,184295,42081,100,1,25200,421.81
142114,184246,184249,42132,3,1,25200,4213.5
142114,183992,184182,41878,190,1,25200,221.410526316
142114,184307,184309,42193,2,1,25200,4219.5
142115,184321,184322,42206,1,1,25200,4220.7
142115,184347,185441,42232,1094,1,25200,39.6032906764
142115,184334,184553,42219,219,1,25200,193.780821918
142116,184573,184578,42457,5,1,25200,4246.2
142116,184358,184359,42242,1,1,25200,4224.3
142116,184366,184367,42250,1,1,25200,4225.1
142116,184374,184543,42258,169,1,25200,251.047337278
142117,184598,184599,42481,1,1,25200,4248.2
142117,184579,184582,42462,3,1,25200,4246.5
142117,184382,184442,42265,60,1,25200,705.416666667
142117,184454,184457,42337,3,1,25200,4234.0
142117,184590,185833,42473,1243,1,25200,35.1697506034
142118,184469,184500,42351,31,1,25200,1367.16129032
142118,184513,184514,42395,1,1,25200,4239.6
142118,184527,184529,42409,2,1,25200,4241.1
142118,184541,184558,42423,17,1,25200,2496.47058824
142119,184685,184734,42566,49,1,25200,869.693877551
142119,142265,143994,146,1729,2,21600,1.08444187392
142119,184611,184673,42492,62,1,25200,686.35483871
142119,184565,184799,42446,234,1,25200,182.393162393
142119,184555,184558,42436,3,1,25200,4243.9
142120,184764,184939,42644,175,1,25200,244.68
142120,184751,184754,42631,3,1,25200,4263.4
142120,184756,184757,42636,1,1,25200,4263.7
142120,184716,184717,42596,1,1,25200,4259.7
142120,184711,184712,42591,1,1,25200,4259.2
142121,184732,184733,42611,1,1,25200,4261.2
142121,184727,184728,42606,1,1,25200,4260.7
142121,184722,184727,42601,5,1,25200,4260.6
142122,184775,184784,42653,9,1,25200,4266.2
142122,184783,184799,42661,16,1,25200,2667.3125
142122,184745,184815,42623,70,1,25200,609.9
142122,184770,186591,42648,1821,1,25200,24.4200988468
142123,184789,184808,42666,19,1,25200,2246.57894737
142123,184802,184803,42679,1,1,25200,4268.0
142123,184794,184798,42671,4,1,25200,4267.5
142124,184842,184844,42718,2,1,25200,4272.0
142124,184817,185111,42693,294,1,25200,146.214285714
142124,184823,184853,42699,30,1,25200,1424.3
142124,184828,184871,42704,43,1,25200,994.11627907
142124,184836,184881,42712,45,1,25200,950.155555556
142125,184866,184868,42741,2,1,25200,4274.3
142125,184856,184857,42731,1,1,25200,4273.2
142125,184847,185157,42722,310,1,25200,138.812903226
142126,184881,184882,42755,1,1,25200,4275.6
142126,184901,185267,42775,366,1,25200,117.871584699
142126,184888,184979,42762,91,1,25200,470.912087912
142126,184894,184897,42768,3,1,25200,4277.1
142127,184920,184999,42793,79,1,25200,542.683544304
142127,184907,186555,42780,1648,1,25200,26.9587378641
142127,184912,184913,42785,1,1,25200,4278.6
142128,184988,184991,42860,3,1,25200,4286.3
142128,184951,184963,42823,12,1,25200,3569.58333333
142128,184958,184976,42830,18,1,25200,2380.44444444
142128,184975,184977,42847,2,1,25200,4284.9
142129,185001,185188,42872,187,1,25200,230.262032086
142129,184996,185624,42867,628,1,25200,69.2595541401
142129,185009,210255,42880,25246,1,25200,2.69848688901
142130,185017,185019,42887,2,1,25200,4288.9
142130,185032,185135,42902,103,1,25200,417.524271845
142130,185123,185125,42993,2,1,25200,4299.5
142130,185160,185190,43030,30,1,25200,1435.33333333
142131,185170,185212,43039,42,1,25200,1025.73809524
142131,185048,185058,42917,10,1,25200,4292.7
142131,185071,185072,42940,1,1,25200,4294.1
142131,185084,185774,42953,690,1,25200,63.2507246377
142132,185200,186223,43068,1023,1,25200,43.0997067449
142132,185208,185212,43076,4,1,25200,4308.0
142132,185137,185397,43005,260,1,25200,166.403846154
142132,185147,185148,43015,1,1,25200,4301.6
142132,185224,185225,43092,1,1,25200,4309.3
142133,185229,185232,43096,3,1,25200,4309.9
142133,185237,185238,43104,1,1,25200,4310.5
142133,185245,186099,43112,854,1,25200,51.4824355972
142133,185252,185253,43119,1,1,25200,4312.0
142134,185286,185312,43152,26,1,25200,1660.69230769
142134,185307,185308,43173,1,1,25200,4317.4
142134,185278,185279,43144,1,1,25200,4314.5
142135,185294,185295,43159,1,1,25200,4316.0
142135,185320,185332,43185,12,1,25200,3599.75
142135,185411,185414,43276,3,1,25200,4327.9
142135,185373,185376,43238,3,1,25200,4324.1
142136,185426,185674,43290,248,1,25200,175.556451613
142136,185328,185329,43192,1,1,25200,4319.3
142136,185350,185613,43214,263,1,25200,165.311787072
142136,185342,185361,43206,19,1,25200,2275.0
142137,185453,185573,43316,120,1,25200,361.966666667
142137,185613,185614,43476,1,1,25200,4347.7
142137,185787,185795,43650,8,1,25200,4365.8
142137,185807,185850,43670,43,1,25200,1016.58139535
142138,185585,185588,43447,3,1,25200,4345.0
142138,185846,185881,43708,35,1,25200,1249.8
142138,185861,186284,43723,423,1,25200,104.364066194
142138,185600,185601,43462,1,1,25200,4346.3
142138,185869,185871,43731,2,1,25200,4373.3
142139,185893,185896,43754,3,1,25200,4375.7
142139,185908,185909,43769,1,1,25200,4377.0
142139,185884,186009,43745,125,1,25200,350.96
142139,186090,186091,43951,1,1,25200,4395.2
142140,185921,186016,43781,95,1,25200,461.852631579
142140,186112,186169,43972,57,1,25200,772.438596491
142140,186104,186850,43964,746,1,25200,59.9329758713
142141,186083,186101,43942,18,1,25200,2442.22222222
142141,186035,186062,43894,27,1,25200,1626.7037037
142141,186074,186076,43933,2,1,25200,4393.5
142141,186022,186063,43881,41,1,25200,1071.26829268
142142,186120,186125,43978,5,1,25200,4398.3
142142,186137,186144,43995,7,1,25200,4400.2
142142,186157,186158,44015,1,1,25200,4401.6
142142,186170,186177,44028,7,1,25200,4403.5
142142,186182,186218,44040,36,1,25200,1224.33333333
142143,186276,187711,44133,1435,1,25200,31.7547038328
142143,186229,186237,44086,8,1,25200,4409.4
142143,186263,186264,44120,1,1,25200,4412.1
142143,186191,186217,44048,26,1,25200,1695.15384615
142144,186250,186251,44106,1,1,25200,4410.7
142144,186604,186608,44460,4,1,25200,4446.4
142144,186626,186637,44482,11,1,25200,4044.81818182
142144,186297,186646,44153,349,1,25200,127.512893983
142144,186649,186672,44505,23,1,25200,1936.0
142145,186684,186735,44539,51,1,25200,874.31372549
142145,186747,186749,44602,2,1,25200,4460.4
142145,186761,186824,44616,63,1,25200,709.19047619
142145,186658,186828,44513,170,1,25200,262.841176471
142146,186865,187328,44719,463,1,25200,97.5853131749
142146,186836,187238,44690,402,1,25200,112.169154229
142146,186857,186858,44711,1,1,25200,4471.2
142146,186844,186845,44698,1,1,25200,4469.9
142147,186886,186981,44739,95,1,25200,471.936842105
142147,186994,186996,44847,2,1,25200,4484.9
142147,187008,187009,44861,1,1,25200,4486.2
142147,187021,187028,44874,7,1,25200,4488.1
142147,186873,186874,44726,1,1,25200,4472.7
142148,187100,187290,44952,190,1,25200,237.589473684
142148,187251,187254,45103,3,1,25200,4510.6
142148,187056,187087,44908,31,1,25200,1449.64516129
142148,187040,187043,44892,3,1,25200,4489.5
142149,187302,187303,45153,1,1,25200,4515.4
142149,187289,187323,45140,34,1,25200,1328.64705882
142149,187266,187276,45117,10,1,25200,4512.7
142149,187316,187935,45167,619,1,25200,73.9676898223
142150,187372,187504,45222,132,1,25200,343.590909091
142150,187335,187348,45185,13,1,25200,3476.76923077
142150,187342,187360,45192,18,1,25200,2511.66666667
142150,187361,187418,45211,57,1,25200,794.175438596
142150,187431,187459,45281,28,1,25200,1618.17857143
142151,187528,187709,45377,181,1,25200,251.701657459
142151,187486,187653,45335,167,1,25200,272.467065868
142151,187516,187518,45365,2,1,25200,4536.7
142151,187472,187474,45321,2,1,25200,4532.3
142152,187560,188010,45408,450,1,25200,101.906666667
142152,187533,187534,45381,1,1,25200,4538.2
142152,187539,187598,45387,59,1,25200,770.271186441
142152,187546,187548,45394,2,1,25200,4539.6
142152,187551,187835,45399,284,1,25200,160.855633803
142153,187581,187585,45428,4,1,25200,4543.2
142153,187597,187598,45444,1,1,25200,4544.5
142153,187574,187585,45421,11,1,25200,4130.18181818
142153,187568,187569,45415,1,1,25200,4541.6
142154,187610,187628,45456,18,1,25200,2526.33333333
142154,187603,187605,45449,2,1,25200,4545.1
142154,187616,187689,45462,73,1,25200,623.767123288
142154,187623,187640,45469,17,1,25200,2675.64705882
142155,187671,187674,45516,3,1,25200,4551.9
142155,187641,188189,45486,548,1,25200,84.003649635
142155,187679,187703,45524,24,1,25200,1897.83333333
142155,187652,187654,45497,2,1,25200,4549.9
142156,187701,188192,45545,491,1,25200,93.7596741344
142156,187720,187737,45564,17,1,25200,2681.23529412
142156,187712,187713,45556,1,1,25200,4555.7
142156,187687,187699,45531,12,1,25200,3795.25
142157,187739,187742,45582,3,1,25200,4558.5
142157,187746,187898,45589,152,1,25200,300.927631579
142157,187728,187983,45571,255,1,25200,179.709803922
142158,187776,187777,45618,1,1,25200,4561.9
142158,187768,187999,45610,231,1,25200,198.445887446
142158,187753,187755,45595,2,1,25200,4559.7
142159,187794,187795,45635,1,1,25200,4563.6
142159,187807,187810,45648,3,1,25200,4565.1
142159,187848,187850,45689,2,1,25200,4569.1
142159,187823,189436,45664,1613,1,25200,29.3099814011
142160,187862,187863,45702,1,1,25200,4570.3
142160,187911,187935,45751,24,1,25200,1907.29166667
142160,187947,187949,45787,2,1,25200,4578.9
142160,187875,213108,45715,25233,1,25200,2.8117148179
142160,187961,187962,45801,1,1,25200,4580.2
142161,187973,187975,45812,2,1,25200,4581.4
142161,187989,188037,45828,48,1,25200,955.75
142161,187981,187982,45820,1,1,25200,4582.1
142162,188023,188025,45861,2,1,25200,4586.3
142162,188037,188047,45875,10,1,25200,4588.5
142162,188011,188059,45849,48,1,25200,956.1875
142162,188059,188060,45897,1,1,25200,4589.8
142162,188050,188052,45888,2,1,25200,4589.0
142163,188079,188123,45916,44,1,25200,1044.54545455
142163,188066,188067,45903,1,1,25200,4590.4
142163,188136,188316,45973,180,1,25200,256.405555556
142163,188209,188213,46046,4,1,25200,4605.0
142164,188217,188218,46053,1,1,25200,4605.4
142164,188225,188226,46061,1,1,25200,4606.2
142164,188238,188239,46074,1,1,25200,4607.5
142164,188201,188205,46037,4,1,25200,4604.1
142165,188254,188255,46089,1,1,25200,4609.0
142165,188246,188438,46081,192,1,25200,241.005208333
142165,188267,188312,46102,45,1,25200,1025.48888889
142165,188324,188326,46159,2,1,25200,4616.1
142165,188331,188338,46166,7,1,25200,4617.3
142166,188359,188390,46193,31,1,25200,1491.09677419
142166,188403,188405,46237,2,1,25200,4623.9
142166,188351,188730,46185,379,1,25200,122.860158311
142166,188339,188340,46173,1,1,25200,4617.4
142167,188417,188420,46250,3,1,25200,4625.3
142167,188464,188472,46297,8,1,25200,4630.5
142167,188484,188486,46317,2,1,25200,4631.9
142167,188432,188567,46265,135,1,25200,343.703703704
142168,188782,188793,46614,11,1,25200,4238.63636364
142168,188450,188452,46282,2,1,25200,4628.4
142168,188498,188499,46330,1,1,25200,4633.1
142168,188630,188663,46462,33,1,25200,1408.93939394
142169,188517,188525,46348,8,1,25200,4635.6
142169,188580,188582,46411,2,1,25200,4641.3
142169,188594,188618,46425,24,1,25200,1935.375
142169,188537,189009,46368,472,1,25200,99.2372881356
142169,188791,188794,46622,3,1,25200,4662.5
142170,188805,188807,46635,2,1,25200,4663.7
142170,188813,188945,46643,132,1,25200,354.356060606
142170,188675,188677,46505,2,1,25200,4650.7
142170,188689,188694,46519,5,1,25200,4652.4
142171,188847,188880,46676,33,1,25200,1415.42424242
142171,188707,188722,46536,15,1,25200,3103.4
142171,188734,188778,46563,44,1,25200,1059.25
142171,188743,188770,46572,27,1,25200,1725.88888889
142172,188897,188899,46725,2,1,25200,4672.7
142172,188834,188835,46662,1,1,25200,4666.3
142172,188911,189039,46739,128,1,25200,366.1484375
142172,188821,188822,46649,1,1,25200,4665.0
142173,189099,189100,46926,1,1,25200,4692.7
142173,188957,188959,46784,2,1,25200,4678.6
142173,188971,190439,46798,1468,1,25200,32.878746594
142173,189112,189325,46939,213,1,25200,221.370892019
142174,189071,189073,46897,2,1,25200,4689.9
142174,189221,189229,47047,8,1,25200,4705.5
142174,189051,189058,46877,7,1,25200,4688.4
142174,189022,190084,46848,1062,1,25200,45.1129943503
142175,189252,189304,47077,52,1,25200,906.326923077
142175,189244,189245,47069,1,1,25200,4707.0
142175,189085,189087,46910,2,1,25200,4691.2
142175,189226,189227,47051,1,1,25200,4705.2
142176,189258,189442,47082,184,1,25200,256.880434783
142176,189289,189291,47113,2,1,25200,4711.5
142176,189265,189277,47089,12,1,25200,3925.08333333
142177,189342,189345,47165,3,1,25200,4716.8
142177,189316,189389,47139,73,1,25200,646.739726027
142177,189334,189335,47157,1,1,25200,4715.8
142178,189350,189354,47172,4,1,25200,4717.6
142178,189358,189362,47180,4,1,25200,4718.4
142178,189366,189367,47188,1,1,25200,4718.9
142178,189374,189388,47196,14,1,25200,3372.14285714
142179,189400,189402,47221,2,1,25200,4722.3
142179,189408,189410,47229,2,1,25200,4723.1
142179,189423,189424,47244,1,1,25200,4724.5
142179,189382,189414,47203,32,1,25200,1476.09375
142179,189415,189416,47236,1,1,25200,4723.7
142180,189443,190696,47263,1253,1,25200,38.7198723065
142180,189451,189465,47271,14,1,25200,3377.5
142180,189436,214673,47256,25237,1,25200,2.87248880612
142180,189430,189434,47250,4,1,25200,4725.4
142181,189490,189492,47309,2,1,25200,4731.1
142181,189470,189489,47289,19,1,25200,2489.89473684
142181,189457,189477,47276,20,1,25200,2364.8
142181,189478,189480,47297,2,1,25200,4729.9
142182,189518,189519,47336,1,1,25200,4733.7
142182,189511,189513,47329,2,1,25200,4733.1
142182,189505,190445,47323,940,1,25200,51.3436170213
142182,189525,189526,47343,1,1,25200,4734.4
142182,189498,189499,47316,1,1,25200,4731.7
142183,189533,189534,47350,1,1,25200,4735.1
142183,189549,189550,47366,1,1,25200,4736.7
142183,189541,189564,47358,23,1,25200,2060.04347826
142183,189562,189566,47379,4,1,25200,4738.3
142184,189581,189582,47397,1,1,25200,4739.8
142184,189593,189719,47409,126,1,25200,377.261904762
142185,189732,189818,47547,86,1,25200,553.872093023
142185,189614,189615,47429,1,1,25200,4743.0
142185,189599,189601,47414,2,1,25200,4741.6
142185,189627,189987,47442,360,1,25200,132.783333333
142185,189606,190536,47421,930,1,25200,51.9903225806
142186,191089,192345,48903,1256,1,25200,39.9355095541
142186,189830,190164,47644,334,1,25200,143.646706587
142186,191073,191077,48887,4,1,25200,4889.1
142186,190892,191061,48706,169,1,25200,289.201183432
142187,189999,190001,47812,2,1,25200,4781.4
142187,191525,191527,49338,2,1,25200,4934.0
142187,190096,190114,47909,18,1,25200,2662.61111111
142187,190013,192021,47826,2008,1,25200,24.8177290837
142188,190176,190206,47988,30,1,25200,1600.6
142188,190451,190453,48263,2,1,25200,4826.5
142188,190127,191595,47939,1468,1,25200,33.6559945504
142188,191720,192031,49532,311,1,25200,160.266881029
142189,192033,192128,49844,95,1,25200,525.673684211
142189,192140,192144,49951,4,1,25200,4995.5
142189,192043,192616,49854,573,1,25200,88.0052356021
142189,191551,191569,49362,18,1,25200,2743.33333333
142190,191581,216827,49391,25246,1,25200,2.95638913095
142190,191608,191707,49418,99,1,25200,500.171717172
142190,192174,192175,49984,1,1,25200,4998.5
142190,192161,192162,49971,1,1,25200,4997.2
142191,192187,192503,49996,316,1,25200,159.215189873
142191,192501,192502,50310,1,1,25200,5031.1
142191,192357,192791,50166,434,1,25200,116.589861751
142191,192496,192499,50305,3,1,25200,5030.8
142192,192507,193820,50315,1313,1,25200,39.3206397563
142192,192530,192888,50338,358,1,25200,141.608938547
142192,192523,193851,50331,1328,1,25200,38.8998493976
142192,192512,192515,50320,3,1,25200,5032.3
142192,192518,192521,50326,3,1,25200,5032.9
142193,192546,193690,50353,1144,1,25200,45.0148601399
142193,192541,192633,50348,92,1,25200,548.260869565
142193,192554,192555,50361,1,1,25200,5036.2
142194,192559,192626,50365,67,1,25200,752.71641791
142194,192567,192792,50373,225,1,25200,224.88
142194,192628,193265,50434,637,1,25200,80.1742543171
142194,192639,193693,50445,1054,1,25200,48.8605313093
142195,192687,192689,50492,2,1,25200,5049.4
142195,192647,192649,50452,2,1,25200,5045.4
142195,192661,192675,50466,14,1,25200,3605.71428571
142195,192702,195181,50507,2479,1,25200,21.3739411053
142195,192803,192884,50608,81,1,25200,625.790123457
142196,192854,192857,50658,3,1,25200,5066.1
142196,192828,192909,50632,81,1,25200,626.086419753
142196,192897,192899,50701,2,1,25200,5070.3
142196,192811,192816,50615,5,1,25200,5062.0
142197,193179,193329,50982,150,1,25200,340.88
142197,192882,193364,50685,482,1,25200,106.15560166
142197,192869,192870,50672,1,1,25200,5067.3
142197,192911,192913,50714,2,1,25200,5071.6
142198,192936,193202,50738,266,1,25200,191.744360902
142198,192931,193402,50733,471,1,25200,108.713375796
142198,192918,192919,50720,1,1,25200,5072.1
142198,193228,193237,51030,9,1,25200,5103.9
142198,193235,193483,51037,248,1,25200,206.794354839
142199,192960,193163,50761,203,1,25200,251.054187192
142199,193277,193338,51078,61,1,25200,838.344262295
142199,193250,193712,51051,462,1,25200,111.5
142199,193495,193575,51296,80,1,25200,642.2
142200,193602,195170,51402,1568,1,25200,33.7818877551
142200,193702,196344,51502,2642,1,25200,20.4935654807
142200,193587,193589,51387,2,1,25200,5138.9
142201,206503,206515,64302,12,1,25200,5359.5
142201,193724,193726,51523,2,1,25200,5152.5
142201,193710,193766,51509,56,1,25200,920.803571429
142201,206527,206550,64326,23,1,25200,2797.7826087
142202,206562,206564,64360,2,1,25200,6436.2
142202,206576,206606,64374,30,1,25200,2146.8
142202,206618,207080,64416,462,1,25200,140.428571429
142202,207092,207095,64890,3,1,25200,6489.3
142203,207107,207332,64904,225,1,25200,289.462222222
142203,208267,208268,66064,1,1,25200,6606.5
142203,208280,208281,66077,1,1,25200,6607.8
142204,210357,210359,68153,2,1,25200,6815.5
142204,210372,210461,68168,89,1,25200,766.93258427
142204,208293,233513,66089,25220,1,25200,3.62049960349
142204,210268,210345,68064,77,1,25200,884.948051948
142205,210499,210501,68294,2,1,25200,6829.6
142205,210473,210475,68268,2,1,25200,6827.0
142206,211203,211262,68997,59,1,25200,1170.44067797
142206,210527,210537,68321,10,1,25200,6833.1
142206,211243,211599,69037,356,1,25200,194.924157303
142206,210514,210515,68308,1,1,25200,6830.9
142207,211272,211275,69065,3,1,25200,6906.8
142207,211300,211302,69093,2,1,25200,6909.5
142207,211337,211387,69130,50,1,25200,1383.6
142207,211319,211589,69112,270,1,25200,256.97037037
142208,211601,211604,69393,3,1,25200,6939.6
142208,211414,211668,69206,254,1,25200,273.464566929
142208,211399,211401,69191,2,1,25200,6919.3
142209,212596,212598,70387,2,1,25200,7038.9
142209,211611,211612,69402,1,1,25200,6940.3
142209,211618,211744,69409,126,1,25200,551.865079365
142209,212602,212814,70393,212,1,25200,333.04245283
142210,212628,212676,70418,48,1,25200,1468.04166667
142210,211625,211631,69415,6,1,25200,6942.1
142210,212884,213740,70674,856,1,25200,83.5630841121
142210,211644,212156,69434,512,1,25200,136.61328125
142211,211680,211689,69469,9,1,25200,6947.8
142211,211701,211707,69490,6,1,25200,6949.6
142212,212168,212399,69956,231,1,25200,303.83982684
142212,211757,211769,69545,12,1,25200,5796.41666667
142212,211782,211836,69570,54,1,25200,1289.33333333
142212,211719,212329,69507,610,1,25200,114.945901639
142213,212341,212435,70128,94,1,25200,747.042553191
142213,212268,212288,70055,20,1,25200,3503.75
142213,212300,212350,70087,50,1,25200,1402.74
142213,212362,212419,70149,57,1,25200,1231.68421053
142214,212429,213407,70215,978,1,25200,72.7944785276
142214,212413,212415,70199,2,1,25200,7020.1
142214,212436,212439,70222,3,1,25200,7022.5
142215,212810,212811,70595,1,1,25200,7059.6
142215,212768,212769,70553,1,1,25200,7055.4
142215,212448,213145,70233,697,1,25200,101.764705882
142215,212796,213704,70581,908,1,25200,78.7323788546
142216,212892,213253,70676,361,1,25200,196.778393352
142216,212823,212829,70607,6,1,25200,7061.3
142216,212843,212874,70627,31,1,25200,2279.29032258
142239,142310,144038,71,1728,2,21600,1.04108796296
142251,142258,142260,7,2,4,600,1.0
142263,142352,144052,89,1700,2,21600,1.05235294118
142296,142303,142308,7,5,4,600,1.2
142312,142365,144085,53,1720,2,21600,1.03081395349
142358,142488,144203,130,1715,2,21600,1.07580174927
142371,142495,144088,124,1593,2,21600,1.07784055242
142526,142594,144089,68,1495,2,21600,1.04548494983
142528,142599,144098,71,1499,2,21600,1.04736490994
142575,142612,142618,37,6,4,600,4.3
142599,142623,144081,24,1458,2,21600,1.01646090535
142601,142628,144233,27,1605,2,21600,1.01682242991
142625,143703,145316,1078,1613,2,21600,1.66831990081
142627,143767,145304,1140,1537,2,21600,1.74170461939
142880,142887,142893,7,6,4,600,1.3
143529,143963,144182,434,219,4,180,2.98173515982
143529,143549,143770,20,221,3,180,1.09049773756
143529,143864,143950,335,86,5,180,4.89534883721
143530,143998,144198,468,200,8,180,3.34
143530,143760,143986,230,226,7,180,2.01769911504
143592,144601,150143,1009,5542,16,7200,1.18206423674
143605,145254,145310,1649,56,2,3600,30.4464285714
143707,143777,145216,70,1439,2,21600,1.04864489229
143755,144700,151935,945,7235,16,7200,1.13061506565
143777,143814,145430,37,1616,2,21600,1.0228960396
143779,143850,145450,71,1600,2,21600,1.044375
143817,143975,145525,158,1550,2,21600,1.10193548387
143854,144012,145475,158,1463,2,21600,1.10799726589
143981,144050,145552,69,1502,2,21600,1.04593874834
144019,144068,145527,49,1459,2,21600,1.03358464702
144066,144104,145399,38,1295,2,21600,1.02934362934
144068,144109,145460,41,1351,2,21600,1.03034789045
144107,144128,145455,21,1327,2,21600,1.01582516956
144110,144133,145454,23,1321,2,21600,1.01741105223
144142,144170,145469,28,1299,2,21600,1.02155504234
144144,144222,145577,78,1355,2,21600,1.05756457565
144170,144245,145588,75,1343,2,21600,1.05584512286
144229,144606,145963,377,1357,2,21600,1.27781871776
144242,145228,146572,986,1344,2,21600,1.73363095238
144301,145323,156077,1022,10754,1,14400,1.0950344058
144374,144391,144436,17,45,1,59,1.37777777778
144381,168250,168460,23869,210,8,180,114.661904762
144381,161433,161628,17052,195,6,180,88.4461538462
144381,165628,165829,21247,201,7,180,106.706467662
144478,144706,144746,228,40,1,59,6.7
144552,144759,144805,207,46,1,59,5.5
144607,145316,146609,709,1293,2,21600,1.54833720031
144647,144817,144853,170,36,1,59,5.72222222222
144887,145044,148586,157,3542,16,7200,1.04432523998
144987,148666,149794,3679,1128,16,7200,4.2615248227
144995,145330,145676,335,346,3,900,1.96820809249
145022,192193,251700,47171,59507,6,432000,1.79269665754
145026,170696,171606,25670,910,4,900,29.2087912088
145056,163812,164395,18756,583,5,900,33.1715265866
145086,178773,179705,33687,932,10,900,37.1448497854
145237,145411,146729,174,1318,2,21600,1.13201820941
145315,145449,146742,134,1293,2,21600,1.10363495746
145377,146845,146880,1468,35,16,54000,42.9428571429
145381,146897,146920,1516,23,16,54000,66.9130434783
145385,146944,157815,1559,10871,16,54000,1.14340907
145388,148598,148655,3210,57,16,54000,57.3157894737
145425,145463,146727,38,1264,2,21600,1.03006329114
145447,145688,145813,241,125,3,180,2.928
145447,170446,170642,24999,196,4,180,128.545918367
145448,184402,184615,38954,213,7,180,183.882629108
145448,164339,164414,18891,75,5,180,252.88
145448,164456,164568,19008,112,6,180,170.714285714
145449,165623,165849,20174,226,9,180,90.2654867257
145449,164451,164588,19002,137,10,180,139.700729927
145449,164333,164432,18884,99,11,180,191.747474747
145449,176033,176218,30584,185,8,180,166.318918919
145450,160540,160747,15090,207,14,180,73.8985507246
145450,163267,163328,17817,61,13,180,293.081967213
145450,163807,163965,18357,158,12,180,117.183544304
145451,145470,146732,19,1262,2,21600,1.01505546751
145451,158869,159083,13418,214,16,180,63.7009345794
145451,158631,158857,13180,226,17,180,59.3185840708
145451,159696,159892,14245,196,15,180,73.6785714286
145452,160759,160985,15307,226,18,180,68.7300884956
145474,145500,146739,26,1239,2,21600,1.02098466505
145476,145505,146756,29,1251,2,21600,1.02318145484
145509,145535,146871,26,1336,2,21600,1.01946107784
145513,145546,146881,33,1335,2,21600,1.02471910112
145524,145825,145838,301,13,2,600,24.1538461538
145543,145569,146877,26,1308,2,21600,1.01987767584
145547,145582,146882,35,1300,2,21600,1.02692307692
145571,145587,146888,16,1301,2,21600,1.01229823213
145587,145599,146910,12,1311,2,21600,1.00915331808
145589,145607,146939,18,1332,2,21600,1.01351351351
145602,146585,147893,983,1308,2,21600,1.75152905199
145615,146621,147923,1006,1302,2,21600,1.77265745008
146592,146739,148088,147,1349,2,21600,1.10896960712
146627,146746,148078,119,1332,2,21600,1.08933933934
146744,146769,148041,25,1272,2,21600,1.01965408805
146746,146774,148051,28,1277,2,21600,1.02192638998
146767,164819,251784,18052,86965,16,345600,1.20757776117
146781,146815,148057,34,1242,2,21600,1.02737520129
146783,146821,148067,38,1246,2,21600,1.0304975923
146785,146799,146918,14,119,1,3540,1.11764705882
146828,146883,148121,55,1238,2,21600,1.04442649435
146830,146890,148120,60,1230,2,21600,1.0487804878
146897,146931,148244,34,1313,2,21600,1.02589489718
146899,146937,148230,38,1293,2,21600,1.02938901779
146936,146955,148263,19,1308,2,21600,1.01452599388
146938,146967,148239,29,1272,2,21600,1.02279874214
146962,146974,148280,12,1306,2,21600,1.00918836141
146964,147906,149186,942,1280,2,21600,1.7359375
146977,147936,149258,959,1322,2,21600,1.72541603631
147365,147441,147456,76,15,2,600,6.06666666667
147720,191118,205836,43398,14718,5,21600,3.94863432532
147846,165538,165876,17692,338,6,300,53.3431952663
147854,190204,190549,42350,345,7,300,123.753623188
147860,178452,178760,30592,308,11,300,100.324675325
147891,170363,170684,22472,321,12,300,71.0062305296
147915,148053,149346,138,1293,2,21600,1.10672853828
147939,148072,149337,133,1265,2,21600,1.10513833992
148054,148078,149348,24,1270,2,21600,1.0188976378
148090,148125,149349,35,1224,2,21600,1.02859477124
148094,148138,149392,44,1254,2,21600,1.0350877193
148138,148177,149376,39,1199,2,21600,1.03252710592
148140,148182,149402,42,1220,2,21600,1.03442622951
148177,148194,149422,17,1228,2,21600,1.01384364821
148190,148242,149473,52,1231,2,21600,1.04224207961
148192,148256,149464,64,1208,2,21600,1.05298013245
148256,148285,149526,29,1241,2,21600,1.02336825141
148258,148292,149566,34,1274,2,21600,1.02668759812
148292,148299,149590,7,1291,2,21600,1.00542215337
148294,149198,150500,904,1302,2,21600,1.69431643625
148296,149270,150567,974,1297,2,21600,1.75096376253
148354,152141,155701,3787,3560,1,3540,2.06376404494
148704,151949,152543,3245,594,16,7200,6.46296296296
149201,149350,150637,149,1287,2,21600,1.11577311577
149268,149359,150594,91,1235,2,21600,1.07368421053
149341,152563,152907,3222,344,3,300,10.3662790698
149341,170977,171280,21636,303,4,300,72.4059405941
149342,178001,178311,28659,310,8,300,93.4483870968
149342,170832,171180,21490,348,5,300,62.7528735632
149342,190210,190519,40868,309,7,300,133.258899676
149342,165841,166181,16499,340,6,300,49.5264705882
149342,168476,168820,19134,344,9,300,56.6220930233
149343,163977,164293,14634,316,13,300,47.3101265823
149343,171618,171921,22275,303,12,300,74.5148514851
149343,179716,180060,30373,344,11,300,89.2936046512
149343,183999,184330,34656,331,10,300,105.700906344
149344,162614,162940,13270,326,15,300,41.7055214724
149344,162300,162602,12956,302,14,300,43.9006622517
149344,160546,160848,11202,302,3,300,38.0927152318
149344,159904,160207,10560,303,16,300,35.8514851485
149344,159095,159397,9751,302,17,300,33.2880794702
149345,190525,190870,41180,345,7,300,120.362318841
149345,164444,164597,15099,153,18,300,99.6862745098
149345,171292,171595,21947,303,4,300,73.4323432343
149345,171192,171537,21847,345,5,300,64.3246376812
149345,166193,166496,16848,303,6,300,56.603960396
149346,180071,180415,30725,344,11,300,90.3168604651
149346,184045,184390,34699,345,10,300,101.576811594
149346,168832,169136,19486,304,9,300,65.0986842105
149346,188883,189199,39537,316,8,300,126.117088608
149347,162952,163255,13605,303,15,300,45.900990099
149347,164305,164439,14958,134,13,300,112.626865672
149347,163406,163750,14059,344,14,300,41.8691860465
149347,171933,172236,22586,303,12,300,75.5412541254
149347,160219,160523,10872,304,16,300,36.7631578947
149348,164599,164910,15251,311,18,300,50.038585209
149348,159409,159684,10061,275,17,300,37.5854545455
149374,149413,150687,39,1274,2,21600,1.0306122449
149376,149418,150678,42,1260,2,21600,1.03333333333
149423,149460,150718,37,1258,2,21600,1.02941176471
149425,149465,150697,40,1232,2,21600,1.03246753247
149459,149472,150709,13,1237,2,21600,1.01050929669
149477,149491,150704,14,1213,2,21600,1.01154163232
149478,149497,150724,19,1227,2,21600,1.01548492258
149494,149510,150730,16,1220,2,21600,1.0131147541
149496,149539,150751,43,1212,2,21600,1.03547854785
149510,149578,150768,68,1190,2,21600,1.05714285714
149545,149606,150781,61,1175,2,21600,1.05191489362
149580,150512,151666,932,1154,2,21600,1.80762564991
149604,150579,151814,975,1235,2,21600,1.78947368421
149623,160765,161412,11142,647,4,3600,18.2210200927
149724,166508,167158,16784,650,4,3600,26.8215384615
149801,167170,167172,17369,2,4,3600,1737.1
149866,167184,167186,17318,2,4,3600,1732.0
150070,152555,152689,2485,134,16,3600,19.5447761194
150275,152700,157273,2425,4573,16,7200,1.53028646403
150523,150606,151918,83,1312,2,21600,1.06326219512
150579,150649,151938,70,1289,2,21600,1.0543056633
150603,150689,151988,86,1299,2,21600,1.0662047729
150648,150700,151974,52,1274,2,21600,1.04081632653
150730,150806,152010,76,1204,2,21600,1.06312292359
150732,150811,152061,79,1250,2,21600,1.0632
150810,150824,152055,14,1231,2,21600,1.01137286759
150812,150829,152054,17,1225,2,21600,1.01387755102
150824,150842,152104,18,1262,2,21600,1.01426307448
150826,150847,152089,21,1242,2,21600,1.01690821256
150839,150854,152044,15,1190,2,21600,1.01260504202
150852,150861,152078,9,1217,2,21600,1.00739523418
150854,150866,152079,12,1213,2,21600,1.0098928277
150867,151678,152884,811,1206,2,21600,1.67247097844
150869,151826,153067,957,1241,2,21600,1.77115229654
151594,158506,161752,6912,3246,1,3600,3.12939001848
151680,151929,153904,249,1975,2,21600,1.12607594937
151824,151962,153949,138,1987,2,21600,1.06945143432
151939,151987,153981,48,1994,2,21600,1.02407221665
151962,152001,153987,39,1986,2,21600,1.01963746224
151992,152042,154011,50,1969,2,21600,1.02539360081
152014,152062,154071,48,2009,2,21600,1.02389248382
152071,152123,154117,52,1994,2,21600,1.0260782347
152073,152128,154152,55,2024,2,21600,1.02717391304
152129,152152,154176,23,2024,2,21600,1.01136363636
152132,152158,154128,26,1970,2,21600,1.01319796954
152139,152989,158488,850,5499,16,7200,1.15457355883
152155,152166,154202,11,2036,2,21600,1.00540275049
152157,152171,154198,14,2027,2,21600,1.00690675876
152170,152178,154182,8,2004,2,21600,1.00399201597
152174,152896,154872,722,1976,2,21600,1.36538461538
152176,153079,155092,903,2013,2,21600,1.44858420268
152391,155601,158618,3210,3017,16,7200,2.06397083195
152893,153916,155910,1023,1994,2,21600,1.51303911735
153079,153962,155962,883,2000,2,21600,1.4415
153100,157284,157588,4184,304,16,3600,14.7631578947
153458,155713,166157,2255,10444,1,14400,1.21591344313
153917,153993,155814,76,1821,2,21600,1.04173531027
153966,154000,155667,34,1667,2,21600,1.02039592082
154003,154023,155622,20,1599,2,21600,1.01250781739
154005,154084,155857,79,1773,2,21600,1.0445572476
154036,154133,155855,97,1722,2,21600,1.05632984901
154096,154140,156157,44,2017,2,21600,1.0218145761
154143,154181,156176,38,1995,2,21600,1.01904761905
154150,154188,156132,38,1944,2,21600,1.0195473251
154184,154195,156166,11,1971,2,21600,1.00558092339
154186,154210,156233,24,2023,2,21600,1.01186356896
154199,154217,156216,18,1999,2,21600,1.00900450225
154212,154885,156899,673,2014,2,21600,1.33416087388
154214,155104,157101,890,1997,2,21600,1.44566850275
154360,157599,164807,3239,7208,16,7200,1.4493618202
154889,155634,157623,745,1989,2,21600,1.37456008044
155112,155679,157258,567,1579,2,21600,1.3590880304
155634,155826,157511,192,1685,2,21600,1.11394658754
155682,155876,157474,194,1598,2,21600,1.12140175219
155839,155882,157657,43,1775,2,21600,1.02422535211
155878,155922,157667,44,1745,2,21600,1.02521489971
155880,155974,157730,94,1756,2,21600,1.05353075171
155925,156144,157868,219,1724,2,21600,1.12703016241
155981,156185,157918,204,1733,2,21600,1.11771494518
156160,156191,157936,31,1745,2,21600,1.01776504298
156193,156226,157941,33,1715,2,21600,1.01924198251
156195,156233,157973,38,1740,2,21600,1.02183908046
156230,156245,157958,15,1713,2,21600,1.00875656743
156231,156911,158632,680,1721,2,21600,1.39511911679
156245,157113,158831,868,1718,2,21600,1.50523864959
156910,157271,158989,361,1718,2,21600,1.21012805588
157118,157487,159215,369,1728,2,21600,1.21354166667
157271,157523,159249,252,1726,2,21600,1.1460023175
157416,157826,164321,410,6495,16,7200,1.06312548114
157498,157635,159043,137,1408,2,21600,1.09730113636
157522,157669,159286,147,1617,2,21600,1.09090909091
157642,157680,158971,38,1291,2,21600,1.02943454686
157682,157742,159086,60,1344,2,21600,1.04464285714
157684,157880,159194,196,1314,2,21600,1.14916286149
157721,157802,168449,81,10647,1,14400,1.00760777684
157740,157930,159266,190,1336,2,21600,1.14221556886
157890,157949,159294,59,1345,2,21600,1.043866171
157943,157972,159315,29,1343,2,21600,1.02159344751
157964,157994,159283,30,1289,2,21600,1.0232738557
157977,158001,159267,24,1266,2,21600,1.01895734597
158002,158646,159920,644,1274,2,21600,1.50549450549
158004,158843,160162,839,1319,2,21600,1.63608794541
158113,158501,160100,388,1599,16,54000,1.24265165729
158648,158983,160251,335,1268,2,21600,1.2641955836
158664,160997,165611,2333,4614,16,7200,1.50563502384
158845,159002,160283,157,1281,2,21600,1.12256049961
158992,159055,160270,63,1215,2,21600,1.05185185185
159007,159102,160435,95,1333,2,21600,1.07126781695
159060,159206,160502,146,1296,2,21600,1.11265432099
159109,159235,160474,126,1239,2,21600,1.10169491525
159214,159261,160463,47,1202,2,21600,1.0391014975
159271,159291,161296,20,2005,2,21600,1.00997506234
159273,159297,161304,24,2007,2,21600,1.01195814649
159302,159322,161316,20,1994,2,21600,1.01003009027
159304,159327,161301,23,1974,2,21600,1.0116514691
159334,159352,161354,18,2002,2,21600,1.00899100899
159335,159359,161367,24,2008,2,21600,1.01195219124
159350,159932,161756,582,1824,2,21600,1.31907894737
159363,160174,162185,811,2011,2,21600,1.40328194928
159522,159702,159708,180,6,1,600,18.6
159933,160263,162279,330,2016,2,21600,1.16369047619
160108,160115,200239,7,40124,16,54000,1.00017445918
160179,160283,161802,104,1519,2,21600,1.06846609612
160267,160295,161755,28,1460,2,21600,1.01917808219
160280,160447,162122,167,1675,2,21600,1.09970149254
160293,160479,162070,186,1591,2,21600,1.11690760528
160352,160358,160364,6,6,1,10740,1.2
160470,160519,162097,49,1578,2,21600,1.03105196451
160485,160524,161797,39,1273,2,21600,1.03063629222
160528,161309,162559,781,1250,2,21600,1.6248
160532,161317,162646,785,1329,2,21600,1.59066967645
160682,160726,160731,44,5,1,600,4.9
160928,160939,160940,11,1,1,600,1.2
160952,160968,160973,16,5,1,600,2.1
161061,161068,161074,7,6,1,600,1.3
161232,161640,190742,408,29102,4,29100,1.01401965501
161360,161380,162669,20,1289,2,21600,1.0155159038
161407,161414,163360,7,1946,2,21600,1.0035971223
161409,161421,163417,12,1996,2,21600,1.00601202405
161419,161427,161488,8,61,1,21540,1.13114754098
161711,161722,161817,11,95,1,21540,1.11578947368
161711,161734,162449,23,715,1,21540,1.03216783217
161711,161727,161977,16,250,1,21540,1.064
161711,161763,162169,52,406,1,21540,1.12807881773
161712,162180,162247,468,67,1,21540,7.98507462687
161712,161989,164761,277,2772,1,21540,1.09992784993
161712,161828,163822,116,1994,1,21540,1.05817452357
161713,162289,162425,576,136,1,21540,5.23529411765
161713,162258,162353,545,95,1,21540,6.73684210526
161713,162294,162486,581,192,1,21540,4.02604166667
161777,164609,168232,2832,3623,16,3600,1.78167264698
163188,180041,251967,16853,71926,16,72000,1.23431026333
163323,163399,165379,76,1980,2,21600,1.03838383838
163324,163412,165415,88,2003,2,21600,1.04393409885
163405,163434,165424,29,1990,2,21600,1.01457286432
163418,163442,165442,24,2000,2,21600,1.012
163421,163761,163795,340,34,16,54000,11.0
163441,163449,165456,8,2007,2,21600,1.00398604883
163443,163454,165443,11,1989,2,21600,1.0055304173
163455,163463,165462,8,1999,2,21600,1.004002001
163457,163470,165484,13,2014,2,21600,1.00645481629
163470,163477,165475,7,1998,2,21600,1.0035035035
163472,163484,165476,12,1992,2,21600,1.00602409639
163484,163491,165502,7,2011,2,21600,1.0034808553
163486,163497,165482,11,1985,2,21600,1.00554156171
163488,163503,165470,15,1967,2,21600,1.00762582613
163501,163510,165490,9,1980,2,21600,1.00454545455
163503,163515,165533,12,2018,2,21600,1.00594648167
163515,165391,167397,1876,2006,2,21600,1.93519441675
163517,165474,167478,1957,2004,2,21600,1.97654690619
163531,163538,163600,7,62,1,21540,1.11290322581
163532,163549,163624,17,75,1,21540,1.22666666667
163532,163543,163612,11,69,1,21540,1.15942028986
164780,174706,175013,9926,307,5,300,33.332247557
164780,175123,175463,10343,340,4,300,31.4205882353
164780,170662,170965,5882,303,3,300,20.4125412541
164781,167198,167536,2417,338,6,300,8.15088757396
164781,191124,191449,26343,325,7,300,82.0553846154
164782,191505,191855,26723,350,11,300,77.3514285714
164782,188889,189203,24107,314,8,300,77.7738853503
164782,169148,169450,4366,302,9,300,15.4569536424
164782,192490,192837,27708,347,10,300,80.8501440922
164783,189215,189563,24432,348,13,300,71.2068965517
164783,190532,190860,25749,328,12,300,79.5030487805
164783,187788,188134,23005,346,14,300,67.4884393064
164784,176424,176760,11640,336,17,300,35.6428571429
164784,184341,184688,19557,347,15,300,57.3602305476
164784,164921,165242,137,321,18,300,1.42679127726
164784,180434,180778,15650,344,16,300,46.4941860465
164829,173790,174122,8961,332,3,300,27.9909638554
164829,186237,186567,21408,330,4,300,65.8727272727
164829,175025,175374,10196,349,5,300,30.2148997135
164830,195559,195874,30729,315,7,300,98.5523809524
164830,167592,167941,2762,349,6,300,8.91404011461
164830,200257,200599,35427,342,8,300,104.587719298
164831,192817,193160,27986,343,10,300,82.5918367347
164831,190560,190870,25729,310,12,300,83.9967741935
164831,191830,192180,26999,350,11,300,78.14
164831,169462,169770,4631,308,9,300,16.0357142857
164832,187918,188264,23086,346,14,300,67.7225433526
164832,189238,189570,24406,332,13,300,74.5120481928
164832,184699,185025,19867,326,15,300,61.9417177914
164833,170771,171096,5938,325,18,300,19.2707692308
164833,176772,177119,11939,347,17,300,35.4063400576
164833,180790,181137,15957,347,16,300,46.9855907781
164886,174134,174438,9248,304,3,300,31.4210526316
164886,177499,177810,12613,311,4,300,41.5562700965
164887,200612,200962,35725,350,8,300,103.071428571
164887,167953,168301,3066,348,6,300,9.81034482759
164887,175475,175782,10588,307,5,300,35.4885993485
164887,196063,196394,31176,331,7,300,95.1873111782
164888,169782,170129,4894,347,9,300,15.1037463977
164888,191838,192144,26950,306,11,300,89.0718954248
164888,192848,193196,27960,348,10,300,81.3448275862
164889,189463,189797,24574,334,13,300,74.5748502994
164889,190757,191107,25868,350,12,300,74.9085714286
164889,188146,188496,23257,350,14,300,67.4485714286
164890,181148,181498,16258,350,16,300,47.4514285714
164890,171108,171456,6218,348,18,300,18.867816092
164890,185040,185380,20150,340,15,300,60.2647058824
164890,177130,177479,12240,349,17,300,36.0716332378
164952,165254,172150,302,6896,16,7200,1.04379350348
165019,174440,175058,9421,618,3,600,16.2443365696
165019,177822,178440,12803,618,4,600,21.716828479
165020,203499,204108,38479,609,7,600,64.183908046
165020,175799,176412,10779,613,5,600,18.5840130506
165020,168313,168927,3293,614,6,600,6.36319218241
165021,170142,170759,5121,617,9,600,9.29983792545
165021,200973,201589,35952,616,8,600,59.3636363636
165021,193100,193719,28079,619,10,600,46.3618739903
165021,191844,192479,26823,635,11,600,43.2409448819
165022,188232,188872,23210,640,14,600,37.265625
165022,189574,190193,24552,619,13,600,40.6639741519
165022,190871,191494,25849,623,12,600,42.4911717496
165023,171468,172086,6445,618,18,600,11.428802589
165023,185394,186014,20371,620,15,600,33.8564516129
165023,177493,178139,12470,646,17,600,20.3034055728
165023,181511,182127,16488,616,16,600,27.7662337662
165067,186579,187516,21512,937,5,900,23.9583778015
165067,186620,187553,21553,933,4,900,24.100750268
165067,173512,174428,8445,916,3,900,10.2194323144
165068,204120,205054,39052,934,7,900,42.8115631692
165068,201601,202533,36533,932,8,900,40.1984978541
165068,194152,195086,29084,934,9,900,32.1391862955
165068,168939,169877,3871,938,6,900,5.12686567164
165069,190881,191819,25812,938,12,900,28.5181236674
165069,193171,194104,28102,933,10,900,31.1200428725
165069,191866,192801,26797,935,11,900,29.6598930481
165070,189587,190514,24517,927,13,900,27.4476806904
165070,182138,183073,17068,935,16,900,19.2545454545
165070,188275,189209,23205,934,14,900,25.8447537473
165070,186029,186959,20959,930,15,900,23.5365591398
165071,178151,179084,13080,933,17,900,15.0192926045
165071,172097,173032,7026,935,18,900,8.51443850267
165115,185658,186608,20543,950,4,900,22.6242105263
165115,173748,174694,8633,946,3,900,10.1257928118
165115,175387,176303,10272,916,5,900,12.2139737991
165116,200292,201222,35176,930,9,900,38.823655914
165116,206087,207038,40971,951,7,900,44.0820189274
165116,202544,203478,37428,934,8,900,41.0728051392
165116,169889,170817,4773,928,6,900,6.14331896552
165117,192155,193089,27038,934,11,900,29.948608137
165117,190887,191821,25770,934,12,900,28.591006424
165117,193221,194141,28104,920,10,900,31.547826087
165118,186971,187904,21853,933,15,900,24.4222936763
165118,188508,189441,23390,933,14,900,26.0696677385
165118,189809,190746,24691,937,13,900,27.3511205977
165119,172247,173162,7128,915,18,900,8.79016393443
165119,179097,180030,13978,933,17,900,15.9817792069
165119,183102,184034,17983,932,16,900,20.2950643777
165429,165511,167506,82,1995,2,21600,1.04110275689
165477,165525,167566,48,2041,2,21600,1.02351788339
165511,165530,167592,19,2062,2,21600,1.009214355
165524,165544,167534,20,1990,2,21600,1.01005025126
165537,165551,167539,14,1988,2,21600,1.00704225352
165550,165558,167566,8,2008,2,21600,1.00398406375
165552,165564,167588,12,2024,2,21600,1.00592885375
165564,165572,167598,8,2026,2,21600,1.00394866732
165566,165580,167584,14,2004,2,21600,1.00698602794
165579,165587,167595,8,2008,2,21600,1.00398406375
165581,165594,167588,13,1994,2,21600,1.00651955868
165594,165601,167591,7,1990,2,21600,1.00351758794
165596,165608,167591,12,1983,2,21600,1.00605143722
165598,167410,169421,1812,2011,2,21600,1.90104425659
165611,167490,169512,1879,2022,2,21600,1.92927794263
165832,165888,170340,56,4452,16,7200,1.01257861635
166266,168244,200279,1978,32035,16,54000,1.06174496644
167419,167529,169528,110,1999,2,21600,1.05502751376
167528,167608,169620,80,2012,2,21600,1.03976143141
170324,170332,170735,8,403,1,21540,1.01985111663
170324,170351,170416,27,65,1,21540,1.41538461538
170325,170357,170434,32,77,1,21540,1.41558441558
171409,173212,173468,1803,256,1,3540,8.04296875
171784,173217,175271,1433,2054,1,3540,1.6976630964
171860,173223,173404,1363,181,1,3540,8.53038674033
171908,173228,173500,1320,272,1,3540,5.85294117647
171958,173233,173735,1275,502,1,3540,3.53984063745
172034,173239,173609,1205,370,1,3540,4.25675675676
172082,173244,173762,1162,518,1,3540,3.24324324324
172130,173249,173734,1119,485,1,3540,3.30721649485
172177,173255,173772,1078,517,1,3540,3.08510638298
172225,173260,173748,1035,488,1,3540,3.12090163934
172273,173266,173777,993,511,1,3540,2.94324853229
172351,179181,179717,6830,536,1,3540,13.7425373134
172549,179496,179765,6947,269,1,3540,26.8252788104
172803,179790,179980,6987,190,1,3540,37.7736842105
172858,173060,183093,202,10033,1,21540,1.02013355925
172858,173049,183090,191,10041,1,21540,1.01902200976
172858,173054,183086,196,10032,1,21540,1.01953748006
172858,173043,183073,185,10030,1,21540,1.018444666
172859,173076,183015,217,9939,1,21540,1.02183318241
172859,173081,183015,222,9934,1,21540,1.02234749346
172859,173065,183104,206,10039,1,21540,1.02051997211
172859,173070,183011,211,9941,1,21540,1.02122522885
172860,173109,182989,249,9880,1,21540,1.02520242915
172860,173098,182996,238,9898,1,21540,1.02404526167
172860,173103,182999,243,9896,1,21540,1.02455537591
172860,173092,183036,232,9944,1,21540,1.02333065165
172860,173087,183036,227,9949,1,21540,1.02281636345
172861,173114,183006,253,9892,1,21540,1.02557622321
172861,173130,183028,269,9898,1,21540,1.02717720752
172861,173125,183001,264,9876,1,21540,1.02673147023
172861,173119,183003,258,9884,1,21540,1.02610279239
172861,173136,183050,275,9914,1,21540,1.02773855154
172862,173189,183082,327,9893,1,21540,1.03305367432
172862,173173,183081,311,9908,1,21540,1.03138877675
172862,173179,183071,317,9892,1,21540,1.03204609786
172862,173184,183065,322,9881,1,21540,1.03258779476
172863,183013,192915,10150,9902,1,21540,2.02504544536
172863,173206,183103,343,9897,1,21540,1.03465696676
172863,173200,183090,337,9890,1,21540,1.03407482305
172863,183007,192887,10144,9880,1,21540,2.02672064777
172863,173195,183093,332,9898,1,21540,1.03354212972
172864,183031,192926,10167,9895,1,21540,2.02748863062
172864,183026,192927,10162,9901,1,21540,2.02636097364
172864,183036,192950,10172,9914,1,21540,2.02602380472
172864,183042,192913,10178,9871,1,21540,2.03110120555
172865,183055,192966,10190,9911,1,21540,2.0281505398
172865,183065,192965,10200,9900,1,21540,2.0303030303
172865,183071,192934,10206,9863,1,21540,2.03477643719
172865,183047,192961,10182,9914,1,21540,2.02703247932
172865,183060,192960,10195,9900,1,21540,2.0297979798
172866,183091,192983,10225,9892,1,21540,2.03366356652
172866,183084,192984,10218,9900,1,21540,2.03212121212
172866,183096,192993,10230,9897,1,21540,2.03364655956
172866,183110,192971,10244,9861,1,21540,2.03883987425
172866,183076,192975,10210,9899,1,21540,2.03141731488
172867,183115,192996,10248,9881,1,21540,2.03714198968
172867,183126,193022,10259,9896,1,21540,2.03668148747
172867,183120,193024,10253,9904,1,21540,2.03523828756
172867,183131,193039,10264,9908,1,21540,2.03593056116
172879,179891,180021,7012,130,1,3540,54.9384615385
173126,183142,193177,10016,10035,1,21540,1.99810662681
173126,183137,193195,10011,10058,1,21540,1.9953271028
173127,183160,193185,10033,10025,1,21540,2.00079800499
173127,183147,193186,10020,10039,1,21540,1.99810738121
173127,183155,193188,10028,10033,1,21540,1.99950164457
173127,192904,202846,19777,9942,1,21540,2.98923757795
173128,192944,202876,19816,9932,1,21540,2.99516713653
173128,192949,202877,19821,9928,1,21540,2.99647461724
173128,192924,202864,19796,9940,1,21540,2.99154929577
173129,192968,202862,19839,9894,1,21540,3.00515463918
173129,192982,202874,19853,9892,1,21540,3.0069753336
173129,192954,202886,19825,9932,1,21540,2.99607329843
173129,192973,202864,19844,9891,1,21540,3.00626832474
173130,192998,202871,19868,9873,1,21540,3.01235693305
173130,192993,202892,19863,9899,1,21540,3.00656631983
173130,192987,202886,19857,9899,1,21540,3.005960198
173131,193017,202932,19886,9915,1,21540,3.00564800807
173131,193011,202902,19880,9891,1,21540,3.00990799717
173131,193006,202912,19875,9906,1,21540,3.00635978195
173132,193027,202912,19895,9885,1,21540,3.01264542236
173132,193022,202915,19890,9893,1,21540,3.01051248357
173132,193041,202935,19909,9894,1,21540,3.01222963412
173132,193035,202940,19903,9905,1,21540,3.00938919738
173133,193188,203059,20055,9871,1,21540,3.0317090467
173133,193046,202939,19913,9893,1,21540,3.01283735975
173133,193053,202954,19920,9901,1,21540,3.01191798808
173134,193197,203094,20063,9897,1,21540,3.02717995352
173134,193202,203109,20068,9907,1,21540,3.02563843747
173134,193210,203123,20076,9913,1,21540,3.02521940886
173134,193216,203116,20082,9900,1,21540,3.02848484848
173135,202857,212740,29722,9883,1,21540,4.00738642113
173135,202874,212756,29739,9882,1,21540,4.00941105039
173135,202882,212779,29747,9897,1,21540,4.00565828029
173136,202900,212766,29764,9866,1,21540,4.01682546118
173136,202887,212790,29751,9903,1,21540,4.00424113905
173136,202905,212798,29769,9893,1,21540,4.00909734155
173136,202895,212800,29759,9905,1,21540,4.00444220091
173137,202911,212830,29774,9919,1,21540,4.00171388245
173137,202924,212806,29787,9882,1,21540,4.01426836673
173137,202919,212809,29782,9890,1,21540,4.01132457027
173138,202942,212838,29804,9896,1,21540,4.01172190784
173138,202929,212793,29791,9864,1,21540,4.02017437145
173138,202948,212846,29810,9898,1,21540,4.0117195393
173138,202935,212835,29797,9900,1,21540,4.0097979798
173139,202953,212846,29814,9893,1,21540,4.01364601233
184992,205065,226697,20073,21632,16,21600,1.9279308432
185015,185402,185412,387,10,1,1800,39.7
185367,193863,194007,8496,144,1,3600,60.0
185567,185574,185648,7,74,1,1800,1.09459459459
185869,185877,185970,8,93,1,1800,1.08602150538
186407,202972,213006,16565,10034,1,21540,2.65088698425
186407,202961,212995,16554,10034,1,21540,2.64979071158
186407,202966,213006,16559,10040,1,21540,2.64930278884
186407,202977,213009,16570,10032,1,21540,2.65171451356
186408,203105,213057,16697,9952,1,21540,2.67775321543
186408,203071,213029,16663,9958,1,21540,2.67332797751
186408,202985,213019,16577,10034,1,21540,2.65208291808
186409,203138,213081,16729,9943,1,21540,2.68249019411
186409,203132,213072,16723,9940,1,21540,2.6823943662
186409,203124,213061,16715,9937,1,21540,2.68209721244
186410,213017,222931,26607,9914,1,21540,3.68378051241
186410,212751,222657,26341,9906,1,21540,3.65909549768
186410,223687,233581,37277,9894,1,21540,4.76763695169
186411,236748,246648,50337,9900,1,21540,6.08454545455
186411,213031,222908,26620,9877,1,21540,3.6951503493
186412,238549,248482,52137,9933,1,21540,6.24886741166
186413,236742,246681,50329,9939,1,21540,6.06378911359
186413,213068,223013,26655,9945,1,21540,3.6802413273
186414,213084,223026,26670,9942,1,21540,3.68255884128
186427,212781,222740,26354,9959,1,21540,3.64624962346
186428,223693,233657,37265,9964,1,21540,4.73996386993
186429,223781,233710,37352,9929,1,21540,4.76190955786
186429,212804,222730,26375,9926,1,21540,3.65716300625
186430,223775,233688,37345,9913,1,21540,4.76727529507
186430,212817,222729,26387,9912,1,21540,3.66212671509
186430,235931,245838,49501,9907,1,21540,5.99656808317
186431,223698,233604,37267,9906,1,21540,4.76206339592
186431,212830,222750,26399,9920,1,21540,3.66118951613
186431,223703,233623,37272,9920,1,21540,4.75725806452
186432,223709,233601,37277,9892,1,21540,4.76839870603
186433,212850,222767,26417,9917,1,21540,3.66380961984
186434,212855,222764,26421,9909,1,21540,3.6663639116
186437,193350,193749,6913,399,1,1800,18.3258145363
186439,212877,222775,26438,9898,1,21540,3.67104465549
186440,213006,222928,26566,9922,1,21540,3.67748437815
192575,193341,193930,766,589,1,3540,2.30050933786
192796,193469,193545,673,76,1,1800,9.85526315789
193311,193730,239105,419,45375,8,57600,1.00923415978
193462,193832,204429,370,10597,8,64800,1.03491554213
193778,193942,194032,164,90,1,1800,2.82222222222
194015,194115,212834,100,18719,8,64800,1.00534216571
194123,194130,194438,7,308,1,3600,1.02272727273
194256,195097,205249,841,10152,8,64800,1.08284081954
194409,194417,194424,8,7,1,1800,1.5
194491,194499,194861,8,362,1,1800,1.02209944751
194576,194583,194625,7,42,1,1800,1.16666666667
194584,194591,196051,7,1460,1,3540,1.00479452055
194680,194687,195552,7,865,1,3600,1.00809248555
194886,194893,194971,7,78,1,1800,1.08974358974
195532,196406,224771,874,28365,8,64800,1.03081262119
195634,195886,196094,252,208,1,1800,2.21153846154
195832,200251,232973,4419,32722,8,64800,1.13504675753
196060,196356,196398,296,42,1,1800,8.04761904762
196451,196458,196538,7,80,1,3600,1.0875
196642,196649,196721,7,72,1,1800,1.09722222222
196676,196731,196968,55,237,1,3600,1.23206751055
197077,197160,197683,83,523,1,3540,1.1586998088
197079,197184,199173,105,1989,2,21600,1.05279034691
197080,197190,199180,110,1990,2,21600,1.05527638191
197192,197200,199185,8,1985,2,21600,1.0040302267
197194,197205,199226,11,2021,2,21600,1.00544285007
197205,197213,199212,8,1999,2,21600,1.004002001
197207,197220,199234,13,2014,2,21600,1.00645481629
197218,197227,199244,9,2017,2,21600,1.00446207238
197220,197237,199250,17,2013,2,21600,1.00844510681
197231,197244,199247,13,2003,2,21600,1.0064902646
197235,197249,199258,14,2009,2,21600,1.00696864111
197246,197257,199238,11,1981,2,21600,1.00555275114
197248,197265,199261,17,1996,2,21600,1.00851703407
197261,197273,199273,12,2000,2,21600,1.006
197264,197279,199272,15,1993,2,21600,1.0075263422
197274,197695,198151,421,456,1,3600,1.92324561404
197276,197285,199288,9,2003,2,21600,1.00449326011
197279,199186,201195,1907,2009,2,21600,1.94922847188
197291,199193,201202,1902,2009,2,21600,1.94673967148
197424,198161,198409,737,248,1,1800,3.97177419355
198482,198490,198719,8,229,1,3540,1.03493449782
199201,199308,201312,107,2004,2,21600,1.05339321357
199202,199316,201293,114,1977,2,21600,1.05766312595
199306,199321,201333,15,2012,2,21600,1.00745526839
199317,199329,201358,12,2029,2,21600,1.00591424347
199318,199335,201319,17,1984,2,21600,1.00856854839
199329,199342,201330,13,1988,2,21600,1.00653923541
199340,199349,201332,9,1983,2,21600,1.00453857791
199341,199354,201322,13,1968,2,21600,1.00660569106
199352,199361,201316,9,1955,2,21600,1.00460358056
199353,199366,201376,13,2010,2,21600,1.00646766169
199364,199373,201371,9,1998,2,21600,1.0045045045
199365,199379,201360,14,1981,2,21600,1.00706713781
199376,199386,201367,10,1981,2,21600,1.00504795558
199377,201206,203210,1829,2004,2,21600,1.9126746507
199388,201214,203170,1826,1956,2,21600,1.93353783231
200189,200196,202987,7,2791,1,3540,1.00250806163
200371,201244,219141,873,17897,16,36000,1.04877912499
200417,200617,200941,200,324,3,300,1.61728395062
200422,200622,200931,200,309,3,300,1.64724919094
200429,203504,204016,3075,512,3,480,7.005859375
201211,201306,203319,95,2013,2,21600,1.04719324391
201212,201365,203384,153,2019,2,21600,1.07578008915
201321,201408,203407,87,1999,2,21600,1.04352176088
201364,201415,203420,51,2005,2,21600,1.02543640898
201406,201420,203449,14,2029,2,21600,1.00689995071
201417,201427,203409,10,1982,2,21600,1.00504540868
201418,201433,203418,15,1985,2,21600,1.00755667506
201429,201440,203427,11,1987,2,21600,1.0055359839
201431,201445,203447,14,2002,2,21600,1.00699300699
201442,201453,203468,11,2015,2,21600,1.00545905707
201450,201460,203469,10,2009,2,21600,1.0049776008
201453,201465,203472,12,2007,2,21600,1.00597907324
201466,201472,203487,6,2015,2,21600,1.00297766749
201469,203182,205182,1713,2000,2,21600,1.8565
201470,203222,205227,1752,2005,2,21600,1.87381546135
201995,213285,251694,11290,38409,1,172800,1.29394152412
202006,213543,245021,11537,31478,1,172800,1.36650994345
202054,213557,245716,11503,32159,1,172800,1.35769147051
202069,213049,252047,10980,38998,1,172800,1.28155290015
202087,213077,251989,10990,38912,1,172800,1.28243215461
202100,213094,251754,10994,38660,1,172800,1.28437661666
202112,213122,252028,11010,38906,1,172800,1.28298977022
202123,213158,245214,11035,32056,1,172800,1.34424132768
203185,203331,205138,146,1807,2,21600,1.08079690094
203227,203397,205291,170,1894,2,21600,1.08975712777
203343,203458,205277,115,1819,2,21600,1.0632215503
203418,203474,205342,56,1868,2,21600,1.02997858672
203465,203492,205270,27,1778,2,21600,1.0151856018
203477,203510,205229,33,1719,2,21600,1.01919720768
203489,203515,205173,26,1658,2,21600,1.01568154403
203512,203523,205298,11,1775,2,21600,1.0061971831
203515,203529,205373,14,1844,2,21600,1.00759219089
203527,203536,205390,9,1854,2,21600,1.00485436893
203529,203542,205345,13,1803,2,21600,1.00721020521
203541,203549,205343,8,1794,2,21600,1.00445930881
203542,203554,205235,12,1681,2,21600,1.00713860797
203554,204441,206139,887,1698,2,21600,1.52237926973
203555,205150,206753,1595,1603,2,21600,1.99500935745
204445,205209,207200,764,1991,2,21600,1.38372677047
204712,205265,205296,553,31,4,29100,18.8387096774
205162,205215,207207,53,1992,2,21600,1.0266064257
205223,205247,207241,24,1994,2,21600,1.01203610832
205223,205270,205581,47,311,4,300,1.15112540193
205225,207050,207395,1825,345,10,300,6.28985507246
205225,208261,208503,3036,242,9,300,13.5454545455
205226,205258,207251,32,1993,2,21600,1.01605619669
205231,205594,206076,363,482,4,480,1.7531120332
205232,207408,207934,2176,526,10,480,5.13688212928
205233,208516,208532,3283,16,13,480,206.1875
205238,206151,206491,913,340,4,300,3.68529411765
205239,207946,208249,2707,303,10,300,9.93399339934
205249,205276,207244,27,1968,2,21600,1.0137195122
205265,205294,207280,29,1986,2,21600,1.01460221551
205280,205307,207315,27,2008,2,21600,1.01344621514
205296,205318,207322,22,2004,2,21600,1.01097804391
205308,205325,207331,17,2006,2,21600,1.00847457627
205323,205354,207340,31,1986,2,21600,1.01560926485
205326,205361,207352,35,1991,2,21600,1.01757910598
205354,205372,207386,18,2014,2,21600,1.00893743793
205364,205379,207472,15,2093,4,29100,1.0071667463
205369,205392,207370,23,1978,2,21600,1.01162790698
205371,205403,207406,32,2003,2,21600,1.01597603595
205394,206765,208787,1371,2022,2,21600,1.67804154303
205408,207212,209181,1804,1969,2,21600,1.91620111732
206764,207219,209215,455,1996,2,21600,1.22795591182
207184,207355,209061,171,1706,1,7200,1.10023446659
207235,207289,209293,54,2004,2,21600,1.02694610778
207237,207295,209286,58,1991,2,21600,1.0291310899
207306,207336,209339,30,2003,2,21600,1.0149775337
207308,207342,209337,34,1995,2,21600,1.01704260652
207321,210549,212256,3228,1707,1,7200,2.89103690685
207343,207362,209363,19,2001,2,21600,1.00949525237
207346,207368,209379,22,2011,2,21600,1.01093983093
207371,207382,209385,11,2003,2,21600,1.00549176236
207373,207387,209402,14,2015,2,21600,1.00694789082
207384,207395,209364,11,1969,2,21600,1.00558659218
207387,207401,209396,14,1995,2,21600,1.00701754386
207403,207421,209425,18,2004,2,21600,1.00898203593
207405,207427,209440,22,2013,2,21600,1.01092896175
207418,208798,210806,1380,2008,2,21600,1.68725099602
207431,209193,211191,1762,1998,2,21600,1.88188188188
207435,209449,226365,2014,16916,16,54000,1.11905887917
207579,213266,213274,5687,8,1,3600,569.5
207585,209409,238537,1824,29128,4,29100,1.0626201593
207704,211849,213544,4145,1695,1,7200,3.44542772861
207800,209471,211215,1671,1744,1,3600,1.95814220183
207964,209477,211182,1513,1705,1,3600,1.88739002933
208120,209482,212724,1362,3242,1,3600,1.42011104257
208291,209488,211193,1197,1705,1,3600,1.70205278592
208406,217222,218429,8816,1207,4,18120,8.30405965203
208498,209493,212766,995,3273,1,3600,1.30400244424
208802,209228,211009,426,1781,2,21600,1.23919146547
208945,212461,214122,3516,1661,1,3600,3.11679711017
209192,209297,211086,105,1789,2,21600,1.05869200671
209226,209306,211107,80,1801,2,21600,1.0444197668
209236,212865,245032,3629,32167,8,57600,1.11281748376
209331,209391,211203,60,1812,2,21600,1.03311258278
209334,209402,211167,68,1765,2,21600,1.03852691218
209395,209430,211207,35,1777,2,21600,1.01969611705
209407,209438,211226,31,1788,2,21600,1.01733780761
209435,209460,211205,25,1745,2,21600,1.01432664756
209437,209466,211240,29,1774,2,21600,1.01634723788
209460,209500,211254,40,1754,2,21600,1.0228050171
209463,209506,211278,43,1772,2,21600,1.02426636569
209471,215107,215410,5636,303,4,300,19.600660066
209471,214771,215095,5300,324,3,300,17.3580246914
209472,226121,226353,16649,232,7,300,72.7629310345
209472,215422,215725,5950,303,5,300,20.6369636964
209472,223017,223348,13545,331,6,300,41.9214501511
209472,245211,245537,35739,326,8,300,110.628834356
209473,231288,231518,21815,230,11,300,95.847826087
209473,232090,232154,22617,64,10,300,354.390625
209473,223360,223676,13887,316,9,300,44.9462025316
209473,232970,233045,23497,75,12,300,314.293333333
209474,227278,227599,17804,321,14,300,56.4641744548
209474,228647,228963,19173,316,13,300,61.6740506329
209474,221883,222187,12409,304,15,300,41.8190789474
209475,220369,220714,10894,345,17,300,32.5768115942
209475,219498,219805,10023,307,18,300,33.6482084691
209475,219154,219487,9679,333,16,300,30.0660660661
209477,216840,217342,7363,502,3,480,15.6673306773
209478,215738,216220,6260,482,5,480,13.9875518672
209478,216238,216760,6760,522,4,480,13.9501915709
209478,229912,230308,20434,396,6,480,52.601010101
209479,241919,242407,32440,488,9,480,67.4754098361
209479,245548,246032,36069,484,8,480,75.5227272727
209479,232169,232218,22690,49,10,480,464.06122449
209479,231147,231275,21668,128,7,480,170.28125
209480,231530,231592,22050,62,11,480,356.64516129
209480,233745,233891,24265,146,12,480,167.198630137
209480,228980,229080,19500,100,13,480,196.0
209480,227610,228094,18130,484,14,480,38.458677686
209481,222199,222682,12718,483,15,480,27.33126294
209481,221040,221557,11559,517,16,480,23.3578336557
209481,220716,221003,11235,287,17,480,40.1463414634
209481,219816,220345,10335,529,18,480,20.5368620038
209485,217922,218245,8437,323,4,300,27.1207430341
209485,230581,230898,21096,317,6,300,67.5488958991
209485,216900,217209,7415,309,3,300,24.996763754
209485,222669,222991,13184,322,5,300,41.9440993789
209486,232230,232293,22744,63,10,300,362.015873016
209486,226365,226667,16879,302,7,300,56.8907284768
209486,242726,243045,33240,319,9,300,105.200626959
209486,245705,246049,36219,344,8,300,106.287790698
209487,230194,230497,20707,303,13,300,69.3399339934
209487,240912,241228,31425,316,12,300,100.446202532
209487,231604,231687,22117,83,11,300,267.469879518
209487,228105,228409,18618,304,14,300,62.2434210526
209488,221568,221872,12080,304,16,300,40.7368421053
209488,222693,223000,13205,307,15,300,44.013029316
209488,220726,221029,11238,303,17,300,38.0891089109
209489,220356,220705,10867,349,18,300,32.1375358166
209506,209513,211276,7,1763,2,21600,1.00397050482
209509,209520,211277,11,1757,2,21600,1.0062606716
209512,209525,211303,13,1778,2,21600,1.00731158605
209517,210819,212566,1302,1747,2,21600,1.74527761878
209531,211021,212762,1490,1741,2,21600,1.85582998277
209549,218053,650081,8504,432028,6,432000,1.01968390938
209750,219161,650835,9411,431674,6,432000,1.02180117403
210127,221016,226510,10889,5494,16,10800,2.98198034219
210814,211098,212404,284,1306,2,21600,1.21745788668
211027,211123,212439,96,1316,2,21600,1.07294832827
211107,211180,212500,73,1320,2,21600,1.0553030303
211139,211211,212510,72,1299,2,21600,1.05542725173
211208,211261,212568,53,1307,2,21600,1.04055087988
211210,211266,212566,56,1300,2,21600,1.04307692308
211269,211290,212622,21,1332,2,21600,1.01576576577
211271,211295,212572,24,1277,2,21600,1.01879404855
211294,211308,212590,14,1282,2,21600,1.01092043682
211297,211314,212602,17,1288,2,21600,1.01319875776
211310,211326,212618,16,1292,2,21600,1.01238390093
211312,211332,212630,20,1298,2,21600,1.01540832049
211325,211345,212645,20,1300,2,21600,1.01538461538
211338,211350,212655,12,1305,2,21600,1.0091954023
211341,212421,213715,1080,1294,2,21600,1.83462132921
211354,212455,213743,1101,1288,2,21600,1.8548136646
212355,213770,512958,1415,299188,1,345600,1.00472946776
212420,212515,214509,95,1994,2,21600,1.04764292879
212475,212523,214530,48,2007,2,21600,1.02391629297
212528,212579,214556,51,1977,2,21600,1.02579666161
212530,212584,214577,54,1993,2,21600,1.02709483191
212637,212665,214657,28,1992,2,21600,1.0140562249
212639,212670,214615,31,1945,2,21600,1.01593830334
212662,212684,214644,22,1960,2,21600,1.0112244898
212666,212689,214667,23,1978,2,21600,1.01162790698
212689,212696,214685,7,1989,2,21600,1.00351935646
212693,212703,214705,10,2002,2,21600,1.004995005
212694,212708,214685,14,1977,2,21600,1.00708143652
212707,212716,214735,9,2019,2,21600,1.0044576523
212710,212737,214741,27,2004,2,21600,1.01347305389
212712,212775,214785,63,2010,2,21600,1.03134328358
212735,212788,214818,53,2030,2,21600,1.02610837438
212740,213024,214750,284,1726,1,3600,1.16454229432
212775,213037,214759,262,1722,1,3600,1.15214866434
212780,212838,214842,58,2004,2,21600,1.02894211577
212824,212871,214872,47,2001,2,21600,1.02348825587
212836,213727,215733,891,2006,2,21600,1.44416749751
212857,223011,241563,10154,18552,16,21600,1.54732643381
212871,213761,215760,890,1999,2,21600,1.44522261131
212936,214855,216268,1919,1413,2,86400,2.35810332626
213398,213420,213532,22,112,1,3600,1.19642857143
213680,213717,213980,37,263,1,3600,1.14068441065
213724,214134,215974,410,1840,2,21600,1.22282608696
213734,213754,213758,20,4,1,3600,2.4
213767,214521,216313,754,1792,2,21600,1.42075892857
213856,213991,214044,135,53,1,3600,3.54716981132
214003,218441,219146,4438,705,8,1800,7.29503546099
214133,214548,216378,415,1830,2,21600,1.22677595628
214259,214697,215287,438,590,1,3600,1.74237288136
214573,214607,216589,34,1982,2,21600,1.01715438951
214575,214612,216604,37,1992,2,21600,1.01857429719
214618,214642,216649,24,2007,2,21600,1.01195814649
214625,214686,215179,61,493,1,3600,1.12373225152
214823,214840,216848,17,2008,2,21600,1.00846613546
214825,214848,216835,23,1987,2,21600,1.01157523905
214856,214863,216842,7,1979,2,21600,1.00353713997
214859,214871,216851,12,1980,2,21600,1.00606060606
214861,214876,216878,15,2002,2,21600,1.00749250749
214875,214883,216887,8,2004,2,21600,1.00399201597
214877,214890,216888,13,1998,2,21600,1.00650650651
214880,214896,216890,16,1994,2,21600,1.00802407222
215238,215245,217061,7,1816,2,21600,1.00385462555
215241,215252,217048,11,1796,2,21600,1.0061247216
215244,215746,217564,502,1818,2,21600,1.27612761276
215256,215772,217579,516,1807,2,21600,1.28555617045
215752,216005,217780,253,1775,2,21600,1.14253521127
215775,216280,218041,505,1761,2,21600,1.28676888132
215824,215986,216339,162,353,1,3600,1.45892351275
215874,215991,223313,117,7322,1,7200,1.01597924064
215902,216233,219838,331,3605,1,3600,1.09181692094
216010,216325,218068,315,1743,2,21600,1.18072289157
216404,216423,217755,19,1332,2,21600,1.01426426426
216408,216602,217956,194,1354,2,21600,1.14327917282
216421,216617,217937,196,1320,2,21600,1.14848484848
216603,216772,216785,169,13,1,3600,14.0
216737,216779,217910,42,1131,2,7200,1.03713527851
217321,217353,219133,32,1780,2,21600,1.01797752809
217323,217359,219181,36,1822,2,21600,1.01975850714
217359,217767,217988,408,221,4,36000,2.84615384615
217375,217383,219224,8,1841,2,21600,1.00434546442
217378,217390,219216,12,1826,2,21600,1.00657174151
217380,217395,219194,15,1799,2,21600,1.00833796554
218268,221046,225936,2778,4890,4,36000,1.56809815951
218888,220375,221721,1487,1346,2,7200,2.10475482912
218997,229905,233764,10908,3859,5,7200,3.82663902565
219457,228436,230182,8979,1746,4,18120,6.14261168385
220125,220362,220446,237,84,1,3600,3.82142857143
220847,220854,221099,7,245,1,3600,1.02857142857
221846,221853,222328,7,475,1,3600,1.01473684211
222737,222919,255019,182,32100,8,64800,1.00566978193
223034,226708,228636,3674,1928,20,10800,2.90560165975
223139,223146,224570,7,1424,8,6000,1.00491573034
223140,223151,224591,11,1440,8,6000,1.00763888889
223151,223159,224577,8,1418,8,6000,1.00564174894
223319,224582,226000,1263,1418,8,6000,1.89069111425
223319,224020,225443,701,1423,8,6000,1.49262122277
224012,226521,241662,2509,15141,16,18000,1.16570900205
224016,224590,226011,574,1421,5,12000,1.4039408867
224226,224787,251945,561,27158,8,64800,1.02065689668
224582,224596,226109,14,1513,5,12000,1.00925313946
224594,224602,226122,8,1520,5,12000,1.00526315789
224595,225456,226979,861,1523,5,12000,1.5653315824
224988,228659,247442,3671,18783,2,604800,1.19544268754
225123,225462,226913,339,1451,5,12000,1.23363197795
225327,229106,354014,3779,124908,2,604800,1.03025426714
225454,226013,227482,559,1469,5,12000,1.38053097345
225466,226024,227414,558,1390,5,12000,1.40143884892
226019,226127,227558,108,1431,5,12000,1.07547169811
226020,226134,227524,114,1390,5,12000,1.08201438849
226128,226925,228443,797,1518,5,12000,1.52503293808
226208,240918,258924,14710,18006,4,18000,1.81694990559
226626,226991,228412,365,1421,5,12000,1.25686136524
226921,227284,228722,363,1438,5,12000,1.25243393602
226996,227426,228887,430,1461,5,12000,1.29431895962
227283,227493,228950,210,1457,5,12000,1.14413177763
227422,227536,228962,114,1426,5,12000,1.07994389902
227497,227570,229011,73,1441,5,12000,1.0506592644
227541,228425,229895,884,1470,5,12000,1.60136054422
228134,228430,229893,296,1463,5,12000,1.2023239918
228231,241674,241726,13443,52,16,72000,259.519230769
228267,241738,241762,13471,24,16,21600,562.291666667
228371,241773,241907,13402,134,16,25200,101.014925373
228430,228443,229874,13,1431,5,12000,1.00908455625
228431,228455,229980,24,1525,5,12000,1.01573770492
228441,228653,230086,212,1433,5,12000,1.14794138172
228452,228734,230136,282,1402,5,12000,1.20114122682
228659,228900,230421,241,1521,5,12000,1.15844838922
228731,228962,230403,231,1441,5,12000,1.16030534351
228896,228974,230486,78,1512,5,12000,1.05158730159
228958,229023,230446,65,1423,5,12000,1.04567814476
228969,229095,230570,126,1475,5,12000,1.08542372881
229093,229886,231359,793,1473,5,12000,1.53835709437
229585,229992,231465,407,1473,5,12000,1.27630685675
229676,229683,230064,7,381,1,14400,1.01837270341
229884,230415,231811,531,1396,5,12000,1.38037249284
229991,230433,231952,442,1519,5,12000,1.29098090849
230109,230115,230161,6,46,1,14400,1.13043478261
230189,239117,254958,8928,15841,8,64800,1.56360078278
230210,230217,230237,7,20,1,14400,1.35
230229,230508,243288,279,12780,20,86399,1.02183098592
230298,230305,230380,7,75,1,14400,1.09333333333
230371,233056,251078,2685,18022,20,17999,1.14898457441
230420,230458,231866,38,1408,5,12000,1.02698863636
230432,230498,231945,66,1447,5,12000,1.04561161023
230445,233902,240901,3457,6999,15,21599,1.49392770396
230454,231371,232853,917,1482,5,12000,1.61875843455
230522,231140,231253,618,113,4,600,6.46902654867
230522,230590,231128,68,538,5,600,1.12639405204
230523,230914,231131,391,217,6,600,2.80184331797
230880,251054,255181,20174,4127,5,21600,5.88829658347
231143,231477,232950,334,1473,5,12000,1.22674813306
231320,233173,233285,1853,112,3,600,17.5446428571
231320,232742,232821,1422,79,5,600,19.0
231320,232952,233026,1632,74,4,600,23.0540540541
231321,232325,232489,1004,164,6,600,7.12195121951
231321,233614,233734,2293,120,7,600,20.1083333333
231321,250507,250620,19186,113,8,600,170.787610619
231322,232479,232605,1157,126,10,600,10.1825396825
231322,250223,250351,18901,128,9,600,148.6640625
231322,231700,231936,378,236,11,600,2.60169491525
231323,247496,247983,16173,487,14,600,34.2094455852
231323,248008,248321,16685,313,13,600,54.3067092652
231323,248634,248755,17311,121,12,600,144.066115702
231324,246051,246667,14727,616,15,600,24.9074675325
231324,243300,243934,11976,634,17,600,19.8895899054
231324,244575,245194,13251,619,16,600,22.4071082391
231325,241574,242212,10249,638,18,600,17.0642633229
231368,231824,233241,456,1417,5,12000,1.32180663373
231390,233298,233354,1908,56,3,480,35.0714285714
231418,231964,232849,546,885,1,14400,1.61694915254
231420,233039,233079,1619,40,4,480,41.475
231451,232833,232940,1382,107,5,480,13.9158878505
231481,232503,232643,1022,140,6,480,8.3
231511,250776,250841,19265,65,7,480,297.384615385
231542,250631,250699,19089,68,8,480,281.720588235
231572,246061,246544,14489,483,9,480,30.9979296066
231602,232617,232720,1015,103,10,480,10.854368932
231633,231948,232078,315,130,11,480,3.42307692308
231663,248767,248906,17104,139,12,480,124.050359712
231693,248321,248484,16628,163,13,480,103.012269939
231724,247643,247997,15919,354,14,480,45.9689265537
231754,246683,247207,14929,524,15,480,29.4904580153
231784,245205,245694,13421,489,16,480,28.445807771
231815,243349,243837,11534,488,17,480,24.6352459016
231827,231878,233367,51,1489,5,12000,1.03425117529
231845,242223,242707,10378,484,18,480,22.4421487603
231879,231957,233464,78,1507,5,12000,1.05175846052
231962,232485,233919,523,1434,5,12000,1.36471408647
231967,238557,274396,6590,35839,2,72000,1.18387789838
232257,233367,233435,1110,68,3,600,17.3235294118
232258,233526,233597,1268,71,5,600,18.8591549296
232258,232656,232728,398,72,6,600,6.52777777778
232258,233094,233161,836,67,4,600,13.4776119403
232259,250782,250866,18523,84,7,600,221.511904762
232259,250229,250361,17970,132,9,600,137.136363636
232259,250657,250777,18398,120,8,600,154.316666667
232260,248917,249066,16657,149,12,600,112.791946309
232260,232309,232463,49,154,11,600,1.31818181818
232260,232733,232955,473,222,10,600,3.13063063063
232261,248332,248511,16071,179,13,600,90.782122905
232261,247995,248310,15734,315,14,600,50.9492063492
232261,247218,247485,14957,267,15,600,57.0187265918
232262,242720,243338,10458,618,18,600,17.9223300971
232262,245399,246040,13137,641,16,600,21.4945397816
232262,243945,244564,11683,619,17,600,19.8739903069
232358,242168,266760,9810,24592,6,432000,1.3989102147
232468,232866,234368,398,1502,5,12000,1.26498002663
232655,232963,234439,308,1476,5,12000,1.20867208672
233080,233087,233128,7,41,1,14400,1.17073170732
233579,241240,242152,7661,912,10,1800,9.40021929825
234000,234007,234035,7,28,2,7200,1.25
234072,234953,236731,881,1778,2,7200,1.49550056243
234693,246689,246812,11996,123,4,3540,98.5284552846
234770,234776,235557,6,781,5,12000,1.00768245839
234770,234781,235590,11,809,5,12000,1.01359703337
234781,234789,235520,8,731,5,12000,1.01094391245
234781,234794,235545,13,751,5,12000,1.017310253
234792,234801,235605,9,804,5,12000,1.01119402985
234793,234806,235586,13,780,5,12000,1.01666666667
234803,235533,236316,730,783,5,12000,1.93231162197
235260,235557,236326,297,769,5,12000,1.38621586476
235539,235569,236353,30,784,5,12000,1.03826530612
235560,235598,236392,38,794,5,12000,1.04785894207
235571,235610,236429,39,819,5,12000,1.04761904762
235602,235618,236435,16,817,5,12000,1.01958384333
235613,236328,237122,715,794,5,12000,1.90050377834
236039,236338,237099,299,761,5,12000,1.39290407359
236327,236365,237093,38,728,5,12000,1.0521978022
236338,236404,237206,66,802,5,12000,1.08229426434
236369,236441,237264,72,823,5,12000,1.08748481166
236401,236448,237237,47,789,5,12000,1.05956907478
236444,237105,237920,661,815,5,12000,1.81104294479
236881,237112,237934,231,822,5,12000,1.28102189781
237109,237134,237917,25,783,5,12000,1.0319284802
237109,237223,238009,114,786,5,12000,1.14503816794
237183,237249,237976,66,727,5,12000,1.09078404402
237225,237276,238021,51,745,5,12000,1.06845637584
237246,237929,238688,683,759,5,12000,1.89986824769
237733,237936,238744,203,808,5,12000,1.25123762376
237928,237945,238694,17,749,5,12000,1.02269692924
237939,237988,238790,49,802,5,12000,1.06109725686
237971,238021,238850,50,829,5,12000,1.06031363088
237992,238033,238853,41,820,5,12000,1.05
238023,238700,239489,677,789,5,12000,1.85804816223
238509,238707,239468,198,761,5,12000,1.26018396846
238705,238755,239614,50,859,5,12000,1.05820721769
238758,238862,239722,104,860,5,12000,1.12093023256
238758,238802,239615,44,813,5,12000,1.05412054121
238800,238874,239672,74,798,5,12000,1.09273182957
238873,239480,240257,607,777,5,12000,1.78120978121
239359,239501,240297,142,796,5,12000,1.1783919598
239483,239625,240365,142,740,5,12000,1.19189189189
239597,239633,240389,36,756,5,12000,1.04761904762
239628,239684,240439,56,755,5,12000,1.07417218543
239629,239734,240608,105,874,5,12000,1.12013729977
239712,240269,241069,557,800,5,12000,1.69625
240194,240309,247968,115,7659,5,28800,1.01501501502
240267,240378,247399,111,7021,5,28800,1.01580971372
240381,240454,247684,73,7230,5,28800,1.01009681881
240381,240402,247920,21,7518,5,28800,1.00279329609
240402,240621,248043,219,7422,5,28800,1.02950687146
240496,241080,248893,584,7813,5,28800,1.07474721618
241043,242173,249494,1130,7321,5,28800,1.15435049857
241167,242178,250913,1011,8735,5,28800,1.11574127075
242172,243057,251567,885,8510,5,28800,1.10399529965
242183,243063,250370,880,7307,5,28800,1.12043246202
243055,243951,251689,896,7738,5,28800,1.11579219437
243066,245793,253733,2727,7940,5,28800,1.34345088161
243418,243848,245388,430,1540,16,72000,1.27922077922
243948,246556,253915,2608,7359,5,28800,1.35439597771
245786,246043,247631,257,1588,16,72000,1.16183879093
245792,247038,254405,1246,7367,5,28800,1.16913261843
245823,245849,245850,26,1,1,3540,2.7
245824,245917,245942,93,25,1,3540,4.72
245824,245891,245905,67,14,1,3540,5.78571428571
245824,245875,245878,51,3,1,3540,5.4
246559,247411,255816,852,8405,5,28800,1.10136823319
246610,246661,246665,51,4,1,3540,5.5
246611,246764,246898,153,134,1,3540,2.14179104478
246611,246677,246689,66,12,1,3540,6.5
246611,246703,247023,92,320,1,3540,1.2875
246611,246696,246752,85,56,1,3540,2.51785714286
246612,246824,247080,212,256,1,3540,1.828125
246850,246906,247026,56,120,1,3540,1.46666666667
246850,246857,246894,7,37,1,3540,1.18918918919
247041,247696,255524,655,7828,5,28800,1.0836739908
247345,247502,247689,157,187,3,180,1.83957219251
247346,247927,248005,581,78,4,180,8.44871794872
247346,248018,248229,672,211,6,180,4.18483412322
247346,247703,247914,357,211,5,180,2.69194312796
247346,248364,248472,1018,108,7,180,10.4259259259
247347,250363,250470,3016,107,9,180,29.1869158879
247347,251100,251248,3753,148,10,180,26.3581081081
247347,248495,248622,1148,127,8,180,10.0393700787
247348,250790,250925,3442,135,11,180,26.4962962963
247348,250413,250589,3065,176,14,180,18.4147727273
247348,249079,249221,1731,142,12,180,13.1901408451
247348,249238,249412,1890,174,13,180,11.8620689655
247349,250015,250195,2666,180,15,180,15.8111111111
247349,249630,249820,2281,190,16,180,13.0052631579
247349,249199,249401,1850,202,17,180,10.1584158416
247350,248526,248738,1176,212,18,180,6.54716981132
247406,250029,250086,2623,57,3,600,47.0175438596
247407,250373,250495,2966,122,4,600,25.3114754098
247407,253044,253125,5637,81,6,600,70.5925925926
247407,248241,248351,834,110,5,600,8.58181818182
247408,251265,251384,3857,119,7,600,33.4117647059
247408,251247,251391,3839,144,10,600,27.6597222222
247408,251988,252614,4580,626,8,600,8.31629392971
247408,251806,252427,4398,621,9,600,8.08212560386
247409,250878,251037,3469,159,12,600,22.8176100629
247409,247934,254205,525,6271,5,28800,1.08371870515
247409,249428,249577,2019,149,13,600,14.5503355705
247409,251049,251230,3640,181,11,600,21.1104972376
247410,250481,250646,3071,165,14,600,19.6121212121
247410,249831,250004,2421,173,16,600,14.9942196532
247410,250023,250212,2613,189,15,600,14.8253968254
247411,249413,249618,2002,205,17,600,10.7658536585
247411,248749,248944,1338,195,18,600,7.86153846154
247449,251968,252583,4519,615,3,600,8.34796747967
247450,253791,253928,6341,137,4,600,47.2846715328
247450,260384,260993,12934,609,6,600,22.2380952381
247450,251811,252417,4361,606,5,600,8.19636963696
247451,255038,255655,7587,617,7,600,13.2965964344
247451,252630,253027,5179,397,8,600,14.0453400504
247451,251982,252613,4531,631,9,600,8.18066561014
247451,251403,251535,3952,132,10,600,30.9393939394
247452,250898,251046,3446,148,12,600,24.2837837838
247452,250711,250887,3259,176,13,600,19.5170454545
247452,251066,251222,3614,156,11,600,24.1666666667
247453,250207,250401,2754,194,15,600,15.1958762887
247453,249838,250012,2385,174,16,600,14.7068965517
247453,250600,250764,3147,164,14,600,20.1890243902
247454,248956,249187,1502,231,18,600,7.50216450216
247454,249588,249825,2134,237,17,600,10.0042194093
247902,247980,254963,78,6983,5,28800,1.01116998425
247965,248055,254197,90,6142,5,28800,1.01465320742
248027,248639,255430,612,6791,5,28800,1.09011927551
248562,248905,256244,343,7339,5,28800,1.04673661262
248644,250924,258515,2280,7591,5,28800,1.30035568436
248746,249594,252116,848,2522,1,7140,1.33624107851
248746,251408,253922,2662,2514,1,7140,2.05887032617
248746,252144,254653,3398,2509,1,7140,2.35432443204
248746,251060,253572,2314,2512,1,7140,1.92117834395
248746,249844,252366,1098,2522,1,7140,1.43536875496
248747,252583,255088,3836,2505,1,7140,2.53133732535
248747,255105,257594,6358,2489,1,7140,3.55443953395
248747,255044,257537,6297,2493,1,7140,3.52587244284
248747,254886,257380,6139,2494,1,7140,3.46150761828
248748,262045,264537,13297,2492,1,7140,6.33587479936
248748,257550,260032,8802,2482,1,7140,4.54633360193
248748,261341,263820,12593,2479,1,7140,6.07987091569
248748,257606,260093,8858,2487,1,7140,4.56172094893
248748,255448,257934,6700,2486,1,7140,3.6950925181
248749,270450,270705,21701,255,1,7140,86.1019607843
248749,269302,270705,20553,1403,1,7140,15.6493228795
248749,270368,270705,21619,337,1,7140,65.1513353116
248749,270284,270705,21535,421,1,7140,52.1520190024
248749,266796,269280,18047,2484,1,7140,8.2652979066
249231,250936,258617,1705,7681,5,28800,1.22197630517
250929,251072,258663,143,7591,5,28800,1.01883809775
250940,251089,258680,149,7591,5,28800,1.01962850744
251075,251095,258046,20,6951,5,28800,1.00287728384
251096,251234,258454,138,7220,5,28800,1.01911357341
251231,251241,258113,10,6872,5,28800,1.00145518044
251242,251259,259002,17,7743,5,28800,1.00219553145
251263,251395,258387,132,6992,5,28800,1.01887871854
251398,251546,258363,148,6817,5,28800,1.02171042981
251542,251553,257866,11,6313,5,28800,1.00174243624
251553,251578,258598,25,7020,5,28800,1.00356125356
251574,251701,260204,127,8503,5,28800,1.01493590497
251698,251712,259898,14,8186,5,28800,1.00171023699
251709,251795,258888,86,7093,5,28800,1.01212462992
251792,251961,251963,169,2,5,28800,17.1
251979,251994,251995,15,1,5,28800,1.6
252000,252006,252007,6,1,5,28800,1.0
252011,252019,252021,8,2,5,28800,1.0
252022,252032,252033,10,1,5,28800,1.1
252032,252045,252046,13,1,5,28800,1.4
252054,252070,252072,16,2,5,28800,1.8
252075,252082,252083,7,1,5,28800,1.0
252086,252092,252093,6,1,5,28800,1.0
252097,252103,252104,6,1,5,28800,1.0
252108,252114,252116,6,2,5,28800,1.0
252119,252125,252126,6,1,5,28800,1.0
252130,252136,252137,6,1,5,28800,1.0
252141,252150,252151,9,1,5,28800,1.0
252152,252158,260540,6,8382,5,28800,1.00071581961
252162,252169,252170,7,1,5,28800,1.0
252173,252181,252182,8,1,5,28800,1.0
252184,252193,260625,9,8432,5,28800,1.00106736243
252195,252428,259971,233,7543,5,28800,1.03088956649
252432,252438,259997,6,7559,5,28800,1.00079375579
252443,252449,259890,6,7441,5,28800,1.00080634323
252454,252624,259537,170,6913,5,28800,1.02459134963
252629,252636,259518,7,6882,5,28800,1.00101714618
252640,253039,260308,399,7269,5,28800,1.05489063145
253042,253137,260017,95,6880,5,28800,1.01380813953
253136,253744,261004,608,7260,5,28800,1.08374655647
253743,253926,260910,183,6984,5,28800,1.02620274914
253929,253939,261306,10,7367,5,28800,1.00135740464
253940,254209,261732,269,7523,5,28800,1.03575701183
254208,254217,262508,9,8291,5,28800,1.00108551441
254219,254416,261319,197,6903,5,28800,1.02853831667
254415,254877,263090,462,8213,5,28800,1.05625228297
254879,254974,261667,95,6693,5,28800,1.01419393396
254972,254980,254982,8,2,5,28800,1.0
254983,254993,254994,10,1,5,28800,1.1
254994,255006,255007,12,1,5,28800,1.3
255005,255019,255020,14,1,5,28800,1.5
255037,255050,255051,13,1,5,28800,1.4
255048,255063,255064,15,1,5,28800,1.6
255059,255075,255076,16,1,5,28800,1.7
255080,255087,255088,7,1,5,28800,1.0
255091,255100,261629,9,6529,5,28800,1.00137846531
255185,255197,255199,12,2,5,28800,1.4
255193,255210,255212,17,2,5,28800,1.9
255214,255224,255225,10,1,5,28800,1.1
255225,255236,255237,11,1,5,28800,1.2
255236,255248,269090,12,13842,5,28800,1.00086692674
255434,255442,255443,8,1,5,28800,1.0
255445,255454,255456,9,2,5,28800,1.1
255456,255467,255468,11,1,5,28800,1.2
255467,255479,255480,12,1,5,28800,1.3
255477,255491,255492,14,1,5,28800,1.5
255488,255504,255505,16,1,5,28800,1.7
255509,255516,255517,7,1,5,28800,1.0
255520,255530,255531,10,1,5,28800,1.1
255530,255543,255716,13,173,1,3540,1.07514450867
255531,255537,269065,6,13528,5,28800,1.00044352454
255542,255549,270265,7,14716,5,28800,1.00047567274
255615,255668,268832,53,13164,5,28800,1.00402613187
255656,255662,257121,6,1459,1,3540,1.00411240576
255697,255704,255841,7,137,1,3540,1.05109489051
255722,255728,255924,6,196,1,3540,1.0306122449
255746,255861,256207,115,346,1,3540,1.3323699422
255785,255936,256215,151,279,1,3540,1.54121863799
255792,255827,269949,35,14122,5,28800,1.00247840249
255809,256219,256630,410,411,1,3540,1.99756690998
255833,256227,256571,394,344,1,3540,2.14534883721
255857,256583,256991,726,408,1,3540,2.77941176471
255881,256642,256986,761,344,1,3540,3.21220930233
255905,256998,257407,1093,409,1,3540,3.67237163814
255951,257005,257290,1054,285,1,3540,4.69824561404
256029,257133,257297,1104,164,1,3540,7.73170731707
256031,256255,268180,224,11925,5,28800,1.01878406709
256111,257302,257431,1191,129,1,3540,10.2325581395
256160,260927,261016,4767,89,4,3540,54.5617977528
256185,257309,257382,1124,73,1,3540,16.397260274
256516,257419,270573,903,13154,5,28800,1.0686483199
257423,257877,272059,454,14182,5,28800,1.0320124101
257800,258945,259194,1145,249,1,3540,5.5983935743
257877,258057,270604,180,12547,5,28800,1.01434605882
257967,261104,261105,3137,1,1,25200,313.8
257967,261377,261378,3410,1,1,25200,341.1
257967,261319,261365,3352,46,1,25200,73.8695652174
257967,261324,261326,3357,2,1,25200,335.9
257968,261403,261675,3435,272,1,25200,13.6286764706
257968,261684,261685,3716,1,1,25200,371.7
257969,261762,261763,3793,1,1,25200,379.4
257969,261775,261776,3806,1,1,25200,380.7
257969,261695,261697,3726,2,1,25200,372.8
257970,261839,262033,3869,194,1,25200,20.9432989691
257970,261814,261890,3844,76,1,25200,51.5789473684
257971,261866,261932,3895,66,1,25200,60.0151515152
257971,261850,261851,3879,1,1,25200,388.0
257971,261861,261870,3890,9,1,25200,389.9
257972,261877,261880,3905,3,1,25200,390.8
257972,261872,261957,3900,85,1,25200,46.8823529412
257972,261888,261899,3916,11,1,25200,357.0
257973,261919,261974,3946,55,1,25200,72.7454545455
257973,261914,261915,3941,1,1,25200,394.2
257973,261893,261894,3920,1,1,25200,392.1
257973,261906,261907,3933,1,1,25200,393.4
257974,261937,262828,3963,891,1,25200,5.44781144781
257974,261945,261946,3971,1,1,25200,397.2
257974,261925,262210,3951,285,1,25200,14.8631578947
257974,261932,262266,3958,334,1,25200,12.8502994012
257975,261958,261969,3983,11,1,25200,363.090909091
257975,262001,262398,4026,397,1,25200,11.1410579345
257975,261988,261989,4013,1,1,25200,401.4
257975,261970,264335,3995,2365,1,25200,2.68921775899
257975,261981,262304,4006,323,1,25200,13.4024767802
257976,262240,262241,4264,1,1,25200,426.5
257976,262222,262228,4246,6,1,25200,425.2
257976,262278,262279,4302,1,1,25200,430.3
257976,262253,263622,4277,1369,1,25200,4.12417823229
257977,262291,262296,4314,5,1,25200,431.9
257977,262319,262321,4342,2,1,25200,434.4
257977,262326,262327,4349,1,1,25200,435.0
257978,262340,262342,4362,2,1,25200,436.4
257978,262347,262350,4369,3,1,25200,437.2
257979,262385,262408,4406,23,1,25200,192.565217391
257979,262362,262364,4383,2,1,25200,438.5
257979,262369,262372,4390,3,1,25200,439.3
257980,262392,262413,4412,21,1,25200,211.095238095
257980,262411,262413,4431,2,1,25200,443.3
257980,262428,262429,4448,1,1,25200,444.9
257980,262421,262483,4441,62,1,25200,72.6290322581
257981,262433,262434,4452,1,1,25200,445.3
257981,262448,262449,4467,1,1,25200,446.8
257981,262461,262481,4480,20,1,25200,225.0
257981,262441,262786,4460,345,1,25200,13.9275362319
257982,262493,262496,4511,3,1,25200,451.4
257982,262500,262501,4518,1,1,25200,451.9
257982,262515,262516,4533,1,1,25200,453.4
257982,262509,262529,4527,20,1,25200,227.35
257983,262541,262542,4558,1,1,25200,455.9
257983,262548,262553,4565,5,1,25200,457.0
257983,262565,262572,4582,7,1,25200,458.9
257984,262572,267130,4588,4558,1,25200,2.00658183414
257984,262584,263373,4600,789,1,25200,6.83016476553
257984,262799,262801,4815,2,1,25200,481.7
257984,262813,262818,4829,5,1,25200,483.4
257985,262830,262838,4845,8,1,25200,485.3
257985,262840,262841,4855,1,1,25200,485.6
257985,262870,262888,4885,18,1,25200,272.388888889
257985,262850,263489,4865,639,1,25200,8.61345852895
257986,262900,262909,4914,9,1,25200,492.3
257986,262921,262922,4935,1,1,25200,493.6
257986,262935,262936,4949,1,1,25200,495.0
257986,262948,263026,4962,78,1,25200,64.6153846154
257987,263053,265837,5066,2784,1,25200,2.81968390805
257987,263039,263041,5052,2,1,25200,505.4
257987,263388,263626,5401,238,1,25200,23.6932773109
257987,263502,263503,5515,1,1,25200,551.6
257988,263553,263554,5565,1,1,25200,556.6
257989,263607,263608,5618,1,1,25200,561.9
257989,263579,263594,5590,15,1,25200,373.666666667
257990,263633,264279,5643,646,1,25200,9.73529411765
257990,263645,263658,5655,13,1,25200,436.0
257990,263640,263641,5650,1,1,25200,565.1
257991,263693,263712,5702,19,1,25200,301.105263158
257991,263673,263720,5682,47,1,25200,121.893617021
257992,263724,263734,5732,10,1,25200,574.2
257992,263732,263741,5740,9,1,25200,574.9
257992,263764,264697,5772,933,1,25200,7.18649517685
257992,263757,263935,5765,178,1,25200,33.3876404494
257993,263858,263859,5865,1,1,25200,586.6
257993,263750,263751,5757,1,1,25200,575.8
257993,263832,263833,5839,1,1,25200,584.0
257994,263863,263864,5869,1,1,25200,587.0
257994,263869,264922,5875,1053,1,25200,6.57929724596
257995,263947,263950,5952,3,1,25200,595.5
257995,263881,264044,5886,163,1,25200,37.1104294479
257995,263902,264504,5907,602,1,25200,10.8122923588
257996,264060,264091,6064,31,1,25200,196.612903226
257996,264172,264173,6176,1,1,25200,617.7
257996,263974,264308,5978,334,1,25200,18.8982035928
257996,264103,264160,6107,57,1,25200,108.140350877
257997,264223,264297,6226,74,1,25200,85.1351351351
257997,264296,264297,6299,1,1,25200,630.0
257998,264309,264319,6311,10,1,25200,632.1
257998,264314,264316,6316,2,1,25200,631.8
257998,264324,264342,6326,18,1,25200,352.444444444
257999,264377,264380,6378,3,1,25200,638.1
257999,264351,264359,6352,8,1,25200,636.0
257999,264331,264340,6332,9,1,25200,634.1
257999,264338,264339,6339,1,1,25200,634.0
258000,264356,265166,6356,810,1,25200,8.84691358025
258000,264384,264385,6384,1,1,25200,638.5
258000,264369,264371,6369,2,1,25200,637.1
258000,264364,266169,6364,1805,1,25200,4.52576177285
258000,264393,264407,6393,14,1,25200,457.642857143
258001,264438,265169,6437,731,1,25200,9.80574555404
258001,264420,264421,6419,1,1,25200,642.0
258001,264401,264419,6400,18,1,25200,356.555555556
258002,264501,266166,6499,1665,1,25200,4.9033033033
258002,264457,264488,6455,31,1,25200,209.225806452
258002,264516,264517,6514,1,1,25200,651.5
258003,264542,264554,6539,12,1,25200,545.916666667
258003,264562,264563,6559,1,1,25200,656.0
258004,264709,265016,6705,307,1,25200,22.8403908795
258004,264588,264747,6584,159,1,25200,42.4088050314
258004,264759,264761,6755,2,1,25200,675.7
258004,264569,264908,6565,339,1,25200,20.3657817109
258005,264920,268850,6915,3930,1,25200,2.75954198473
258005,264823,265229,6818,406,1,25200,17.7931034483
258006,264935,264937,6929,2,1,25200,693.1
258006,264949,264951,6943,2,1,25200,694.5
258007,265002,265019,6995,17,1,25200,412.470588235
258008,265029,265037,7021,8,1,25200,702.9
258008,265178,265882,7170,704,1,25200,11.1846590909
258008,265036,265271,7028,235,1,25200,30.9063829787
258008,265185,265229,7177,44,1,25200,164.113636364
258009,265242,265244,7233,2,1,25200,723.5
258009,265249,265251,7240,2,1,25200,724.2
258009,265287,265291,7278,4,1,25200,728.2
258009,265053,266317,7044,1264,1,25200,6.57278481013
258010,265263,265264,7253,1,1,25200,725.4
258010,265256,265917,7246,661,1,25200,11.9621785174
258010,265294,265657,7284,363,1,25200,21.0661157025
258011,265316,265424,7305,108,1,25200,68.6388888889
258011,265276,265279,7265,3,1,25200,726.8
258011,265303,265304,7292,1,1,25200,729.3
258011,265377,265380,7366,3,1,25200,736.9
258012,265406,265692,7394,286,1,25200,26.8531468531
258012,265413,265447,7401,34,1,25200,218.676470588
258012,265382,265383,7370,1,1,25200,737.1
258013,265450,265488,7437,38,1,25200,196.710526316
258013,265473,265807,7460,334,1,25200,23.3353293413
258013,265436,265437,7423,1,1,25200,742.4
258013,265459,265461,7446,2,1,25200,744.8
258014,265673,265780,7659,107,1,25200,72.5794392523
258014,265776,265778,7762,2,1,25200,776.4
258014,265709,265760,7695,51,1,25200,151.882352941
258014,265504,265826,7490,322,1,25200,24.2608695652
258015,265885,267756,7870,1871,1,25200,5.20630678781
258015,265790,265873,7775,83,1,25200,94.6746987952
258015,265819,266496,7804,677,1,25200,12.5273264402
258015,265838,265839,7823,1,1,25200,782.4
258015,265797,266090,7782,293,1,25200,27.5597269625
258016,265849,266510,7833,661,1,25200,12.8502269289
258016,265922,265924,7906,2,1,25200,790.8
258016,265868,265875,7852,7,1,25200,785.9
258017,265929,265931,7912,2,1,25200,791.4
258017,265913,265915,7896,2,1,25200,789.8
258017,265892,265910,7875,18,1,25200,438.5
258017,265899,265901,7882,2,1,25200,788.4
258018,265942,266022,7924,80,1,25200,100.05
258018,265954,265955,7936,1,1,25200,793.7
258018,265949,265950,7931,1,1,25200,793.2
258018,265934,265935,7916,1,1,25200,791.7
258019,265976,267782,7957,1806,1,25200,5.40586932447
258019,266144,266173,8125,29,1,25200,281.172413793
258019,265969,266032,7950,63,1,25200,127.19047619
258019,266035,266715,8016,680,1,25200,12.7882352941
258020,266102,266104,8082,2,1,25200,808.4
258020,266060,267062,8040,1002,1,25200,9.02395209581
258020,266044,266048,8024,4,1,25200,802.8
258021,266116,266131,8095,15,1,25200,540.666666667
258021,266229,266231,8208,2,1,25200,821.0
258021,266181,267646,8160,1465,1,25200,6.56996587031
258022,266215,266216,8193,1,1,25200,819.4
258022,266195,266203,8173,8,1,25200,818.1
258022,266188,266798,8166,610,1,25200,14.3868852459
258023,266371,268545,8348,2174,1,25200,4.83992640294
258023,266268,266354,8245,86,1,25200,96.8720930233
258023,266329,266332,8306,3,1,25200,830.9
258023,266344,266587,8321,243,1,25200,35.2427983539
258024,266432,266487,8408,55,1,25200,153.872727273
258024,266408,266554,8384,146,1,25200,58.4246575342
258024,266403,266404,8379,1,1,25200,838.0
258025,266512,266532,8487,20,1,25200,425.35
258025,266526,266527,8501,1,1,25200,850.2
258025,266501,266502,8476,1,1,25200,847.7
258026,266533,266560,8507,27,1,25200,316.074074074
258026,266568,266760,8542,192,1,25200,45.4895833333
258027,266586,266749,8559,163,1,25200,53.509202454
258027,266554,266557,8527,3,1,25200,853.0
258027,266547,266549,8520,2,1,25200,852.2
258027,266580,267096,8553,516,1,25200,17.5755813953
258028,266593,266813,8565,220,1,25200,39.9318181818
258028,266768,266818,8740,50,1,25200,175.8
258028,266761,267405,8733,644,1,25200,14.5605590062
258029,266627,266878,8598,251,1,25200,35.2549800797
258029,266614,266615,8585,1,1,25200,858.6
258029,266732,266737,8703,5,1,25200,870.8
258029,266600,266602,8571,2,1,25200,857.3
258030,266785,267029,8755,244,1,25200,36.881147541
258030,266829,266906,8799,77,1,25200,115.272727273
258030,266780,266784,8750,4,1,25200,875.4
258030,266834,266835,8804,1,1,25200,880.5
258031,266876,266877,8845,1,1,25200,884.6
258031,266863,266864,8832,1,1,25200,883.3
258031,266849,266851,8818,2,1,25200,882.0
258031,266810,266816,8779,6,1,25200,878.5
258031,266842,267034,8811,192,1,25200,46.890625
258032,266931,267043,8899,112,1,25200,80.4553571429
258032,266896,266898,8864,2,1,25200,886.6
258033,266924,266926,8891,2,1,25200,889.3
258033,266910,267838,8877,928,1,25200,10.5657327586
258034,267041,267173,9007,132,1,25200,69.2348484848
258034,266980,267144,8946,164,1,25200,55.5487804878
258034,266966,266968,8932,2,1,25200,893.4
258035,267048,267049,9013,1,1,25200,901.4
258035,267069,267072,9034,3,1,25200,903.7
258035,267078,267098,9043,20,1,25200,453.15
258035,267055,267056,9020,1,1,25200,902.1
258036,267112,267115,9076,3,1,25200,907.9
258036,267085,267092,9049,7,1,25200,905.6
258036,267117,267634,9081,517,1,25200,18.5647969052
258036,267062,267156,9026,94,1,25200,97.0212765957
258036,267105,267119,9069,14,1,25200,648.785714286
258037,267185,267377,9148,192,1,25200,48.6458333333
258037,267127,267486,9090,359,1,25200,26.3203342618
258037,267176,267178,9139,2,1,25200,914.1
258038,267158,267159,9120,1,1,25200,912.1
258038,267134,267139,9096,5,1,25200,910.1
258038,267142,267143,9104,1,1,25200,910.5
258038,267151,267416,9113,265,1,25200,35.3886792453
258038,267163,267397,9125,234,1,25200,39.9957264957
258039,267170,267267,9131,97,1,25200,95.1340206186
258040,267276,267280,9236,4,1,25200,924.0
258040,267230,267240,9190,10,1,25200,920.0
258041,267307,267392,9266,85,1,25200,110.011764706
258041,267314,267331,9273,17,1,25200,546.470588235
258041,267283,267298,9242,15,1,25200,617.133333333
258041,267292,267295,9251,3,1,25200,925.4
258042,267390,267392,9348,2,1,25200,935.0
258042,267343,267404,9301,61,1,25200,153.475409836
258042,267398,267586,9356,188,1,25200,50.7659574468
258042,267670,267677,9628,7,1,25200,963.5
258042,267658,267665,9616,7,1,25200,962.3
258043,267404,292621,9361,25217,1,25200,1.37121782924
258043,267689,267728,9646,39,1,25200,248.333333333
258043,267411,267412,9368,1,1,25200,936.9
258044,267505,267911,9461,406,1,25200,24.302955665
258044,267498,267893,9454,395,1,25200,24.9341772152
258044,267422,267423,9378,1,1,25200,937.9
258044,267416,267492,9372,76,1,25200,124.315789474
258045,267740,267810,9695,70,1,25200,139.5
258045,267694,268778,9649,1084,1,25200,9.90129151292
258045,267647,267658,9602,11,1,25200,873.909090909
258045,267598,269228,9553,1630,1,25200,6.86073619632
258046,267822,268225,9776,403,1,25200,25.2580645161
258046,267922,267926,9876,4,1,25200,988.0
258046,267768,267770,9722,2,1,25200,972.4
258047,267801,267803,9754,2,1,25200,975.6
258047,267794,267808,9747,14,1,25200,697.214285714
258047,267815,267834,9768,19,1,25200,515.105263158
258048,267938,267945,9890,7,1,25200,989.7
258048,267827,267828,9779,1,1,25200,978.0
258048,267958,267962,9910,4,1,25200,991.4
258048,267840,267852,9792,12,1,25200,817.0
258048,267847,268911,9799,1064,1,25200,10.2095864662
258049,267905,267962,9856,57,1,25200,173.912280702
258049,267864,268052,9815,188,1,25200,53.2074468085
258049,267974,267989,9925,15,1,25200,662.666666667
258049,267855,268541,9806,686,1,25200,15.2944606414
258050,268077,268078,10027,1,1,25200,1002.8
258050,268064,268065,10014,1,1,25200,1001.5
258050,268001,268625,9951,624,1,25200,16.9471153846
258050,267979,269266,9929,1287,1,25200,8.71484071484
258051,268090,268279,10039,189,1,25200,54.1164021164
258051,268242,268243,10191,1,1,25200,1019.2
258052,268349,268768,10297,419,1,25200,25.5751789976
258053,268324,268325,10271,1,1,25200,1027.2
258053,268300,268891,10247,591,1,25200,18.3384094755
258053,268554,268583,10501,29,1,25200,363.103448276
258054,268573,268577,10519,4,1,25200,1052.3
258054,268596,268598,10542,2,1,25200,1054.4
258054,268610,268613,10556,3,1,25200,1055.9
258054,258125,271988,71,13863,5,28800,1.00512154656
258054,268589,268671,10535,82,1,25200,129.475609756
258055,268768,268770,10713,2,1,25200,1071.5
258055,268642,271886,10587,3244,1,25200,4.26356350185
258055,268626,268752,10571,126,1,25200,84.8968253968
258055,268687,270881,10632,2194,1,25200,5.84594348222
258056,268781,270810,10725,2029,1,25200,6.28585510103
258056,268795,268920,10739,125,1,25200,86.912
258056,268787,268993,10731,206,1,25200,53.0922330097
258056,268863,268868,10807,5,1,25200,1081.2
258057,268904,269069,10847,165,1,25200,66.7393939394
258057,268923,268926,10866,3,1,25200,1086.9
258057,268892,268913,10835,21,1,25200,516.952380952
258058,268937,268938,10879,1,1,25200,1088.0
258058,268964,269062,10906,98,1,25200,112.285714286
258058,268957,269142,10899,185,1,25200,59.9135135135
258058,268944,269281,10886,337,1,25200,33.3026706231
258059,269074,271628,11015,2554,1,25200,5.31284259984
258059,269061,269073,11002,12,1,25200,917.833333333
258059,269006,269049,10947,43,1,25200,255.581395349
258060,269086,270356,11026,1270,1,25200,9.68188976378
258060,269099,269101,11039,2,1,25200,1104.1
258061,269138,269271,11077,133,1,25200,84.2857142857
258061,269158,269166,11097,8,1,25200,1110.5
258061,269204,269206,11143,2,1,25200,1114.5
258061,269179,269192,11118,13,1,25200,856.230769231
258062,269282,269359,11220,77,1,25200,146.714285714
258062,269241,269254,11179,13,1,25200,860.923076923
258062,269218,269973,11156,755,1,25200,15.7761589404
258062,269267,269360,11205,93,1,25200,121.483870968
258063,269289,269290,11226,1,1,25200,1122.7
258063,269296,269298,11233,2,1,25200,1123.5
258063,269316,269537,11253,221,1,25200,51.9185520362
258064,269391,269393,11327,2,1,25200,1132.9
258064,269372,269387,11308,15,1,25200,754.866666667
258064,269348,269384,11284,36,1,25200,314.444444444
258064,269377,269379,11313,2,1,25200,1131.5
258064,269322,269336,11258,14,1,25200,805.142857143
258065,269410,269417,11345,7,1,25200,1135.2
258065,269554,269612,11489,58,1,25200,199.086206897
258065,269405,269559,11340,154,1,25200,74.6363636364
258065,269398,269534,11333,136,1,25200,84.3308823529
258066,269591,269988,11525,397,1,25200,30.0302267003
258066,269430,269693,11364,263,1,25200,44.2091254753
258066,269547,269651,11481,104,1,25200,111.394230769
258066,269576,269579,11510,3,1,25200,1151.3
258067,269641,269979,11574,338,1,25200,35.2426035503
258067,269706,269717,11639,11,1,25200,1059.09090909
258067,269625,269629,11558,4,1,25200,1156.2
258067,269986,270037,11919,51,1,25200,234.705882353
258067,269663,269785,11596,122,1,25200,96.0491803279
258068,269729,270804,11661,1075,1,25200,11.8474418605
258068,270037,271390,11969,1353,1,25200,9.84626755358
258068,269797,269996,11729,199,1,25200,59.9396984925
258068,270012,270017,11944,5,1,25200,1194.9
258069,269993,269994,11924,1,1,25200,1192.5
258069,270005,270007,11936,2,1,25200,1193.8
258069,270018,270019,11949,1,1,25200,1195.0
258069,270045,270070,11976,25,1,25200,480.04
258070,270053,270203,11983,150,1,25200,80.8866666667
258070,270025,270384,11955,359,1,25200,34.3008356546
258070,270082,270092,12012,10,1,25200,1202.2
258071,270108,270109,12037,1,1,25200,1203.8
258071,270134,270135,12063,1,1,25200,1206.4
258072,270147,270148,12075,1,1,25200,1207.6
258072,270190,270438,12118,248,1,25200,49.8629032258
258072,270396,270450,12324,54,1,25200,229.222222222
258072,270164,270165,12092,1,1,25200,1209.3
258072,270269,270270,12197,1,1,25200,1219.8
258073,270502,270506,12429,4,1,25200,1243.3
258073,270873,270874,12800,1,1,25200,1280.1
258073,270215,270257,12142,42,1,25200,290.095238095
258073,270177,270178,12104,1,1,25200,1210.5
258074,270886,270897,12812,11,1,25200,1165.72727273
258074,270823,271851,12749,1028,1,25200,13.4017509728
258074,270590,270642,12516,52,1,25200,241.692307692
258074,270816,270817,12742,1,1,25200,1274.3
258075,270830,270832,12755,2,1,25200,1275.7
258075,270844,270849,12769,5,1,25200,1277.4
258075,270860,270862,12785,2,1,25200,1278.7
258075,270894,270895,12819,1,1,25200,1282.0
258076,270970,271084,12894,114,1,25200,114.105263158
258076,270993,271053,12917,60,1,25200,216.283333333
258076,270921,270982,12845,61,1,25200,211.573770492
258076,270906,270907,12830,1,1,25200,1283.1
258076,270913,270955,12837,42,1,25200,306.642857143
258077,271200,271201,13123,1,1,25200,1312.4
258077,271065,271069,12988,4,1,25200,1299.2
258077,271080,271187,13003,107,1,25200,122.523364486
258077,271095,271245,13018,150,1,25200,87.7866666667
258078,271240,271273,13162,33,1,25200,399.848484848
258078,271401,271403,13323,2,1,25200,1332.5
258078,271212,271216,13134,4,1,25200,1313.8
258079,271257,271260,13178,3,1,25200,1318.1
258079,271284,271629,13205,345,1,25200,39.2753623188
258080,271353,271354,13273,1,1,25200,1327.4
258080,271291,271315,13211,24,1,25200,551.458333333
258080,271340,271341,13260,1,1,25200,1326.1
258080,271327,271328,13247,1,1,25200,1324.8
258080,271428,271432,13348,4,1,25200,1335.2
258081,271444,271471,13363,27,1,25200,495.925925926
258081,271437,271440,13356,3,1,25200,1335.9
258081,271368,271425,13287,57,1,25200,234.105263158
258081,271662,271664,13581,2,1,25200,1358.3
258082,271686,271688,13604,2,1,25200,1360.6
258082,271674,271689,13592,15,1,25200,907.133333333
258082,271667,271724,13585,57,1,25200,239.333333333
258083,271497,271500,13414,3,1,25200,1341.7
258083,271482,271662,13399,180,1,25200,75.4388888889
258083,271511,271650,13428,139,1,25200,97.6043165468
258083,271452,271485,13369,33,1,25200,406.121212121
258084,271692,271693,13608,1,1,25200,1360.9
258084,271655,271656,13571,1,1,25200,1357.2
258084,271639,271642,13555,3,1,25200,1355.8
258084,271646,271650,13562,4,1,25200,1356.6
258085,271712,272031,13627,319,1,25200,43.7178683386
258085,271700,271701,13615,1,1,25200,1361.6
258085,271707,271810,13622,103,1,25200,133.252427184
258085,271731,271801,13646,70,1,25200,195.942857143
258086,271751,271752,13665,1,1,25200,1366.6
258086,271813,271814,13727,1,1,25200,1372.8
258086,271763,272128,13677,365,1,25200,38.4712328767
258086,271738,271739,13652,1,1,25200,1365.3
258087,271836,271837,13749,1,1,25200,1375.0
258087,271822,271823,13735,1,1,25200,1373.6
258088,271869,271979,13781,110,1,25200,126.281818182
258088,271864,271890,13776,26,1,25200,530.846153846
258088,272044,272060,13956,16,1,25200,873.25
258089,272078,272084,13989,6,1,25200,1399.5
258089,271899,272047,13810,148,1,25200,94.3108108108
258089,271877,278064,13788,6187,1,25200,3.2285437207
258089,272060,272063,13971,3,1,25200,1397.4
258090,271906,272231,13816,325,1,25200,43.5107692308
258090,272083,277385,13993,5302,1,25200,3.63919275745
258090,271992,272185,13902,193,1,25200,73.0310880829
258090,272101,272153,14011,52,1,25200,270.442307692
258091,272169,272177,14078,8,1,25200,1408.6
258091,272178,276090,14087,3912,1,25200,4.60097137014
258091,272144,272292,14053,148,1,25200,95.9527027027
258091,272201,272203,14110,2,1,25200,1411.2
258092,272208,272214,14116,6,1,25200,1412.2
258092,272183,272196,14091,13,1,25200,1084.92307692
258092,272214,297418,14122,25204,1,25200,1.56030788764
258092,272220,273419,14128,1199,1,25200,12.7831526272
258092,272191,272193,14099,2,1,25200,1410.1
258093,272253,272619,14160,366,1,25200,39.6885245902
258093,272273,272436,14180,163,1,25200,87.9938650307
258093,272246,272261,14153,15,1,25200,944.533333333
258093,272232,272234,14139,2,1,25200,1414.1
258094,272325,272336,14231,11,1,25200,1294.72727273
258094,272304,272307,14210,3,1,25200,1421.3
258094,272331,272372,14237,41,1,25200,348.243902439
258095,272342,277149,14247,4807,1,25200,3.9638027876
258095,272355,272717,14260,362,1,25200,40.3922651934
258095,272347,272400,14252,53,1,25200,269.905660377
258095,272336,272337,14241,1,1,25200,1424.2
258096,272395,272623,14299,228,1,25200,63.7149122807
258096,272360,272484,14264,124,1,25200,116.032258065
258096,272366,272368,14270,2,1,25200,1427.2
258097,272378,272379,14281,1,1,25200,1428.2
258097,272402,274377,14305,1975,1,25200,8.24303797468
258097,272389,272682,14292,293,1,25200,49.7781569966
258098,272424,272641,14326,217,1,25200,67.0184331797
258098,272413,272414,14315,1,1,25200,1431.6
258098,272419,272420,14321,1,1,25200,1432.2
258099,272505,272506,14406,1,1,25200,1440.7
258099,272492,272494,14393,2,1,25200,1439.5
258099,272430,272434,14331,4,1,25200,1433.5
258099,272498,274875,14399,2377,1,25200,7.05763567522
258100,272446,272447,14346,1,1,25200,1434.7
258100,272435,272437,14335,2,1,25200,1433.7
258100,272441,272479,14341,38,1,25200,378.394736842
258100,272511,272583,14411,72,1,25200,201.152777778
258100,272452,272454,14352,2,1,25200,1435.4
258101,272465,272466,14364,1,1,25200,1436.5
258101,272459,272478,14358,19,1,25200,756.684210526
258101,272476,272551,14375,75,1,25200,192.666666667
258101,272470,272758,14369,288,1,25200,50.8923611111
258102,272522,272525,14420,3,1,25200,1442.3
258102,272516,272517,14414,1,1,25200,1441.5
258102,272481,272540,14379,59,1,25200,244.711864407
258103,272546,272547,14443,1,1,25200,1444.4
258103,272538,272543,14435,5,1,25200,1444.0
258103,272527,272530,14424,3,1,25200,1442.7
258103,272533,272702,14430,169,1,25200,86.3846153846
258104,272557,272558,14453,1,1,25200,1445.4
258104,272563,272642,14459,79,1,25200,184.025316456
258104,272576,272584,14472,8,1,25200,1448.0
258104,272568,278005,14464,5437,1,25200,3.66029060143
258105,272587,272609,14482,22,1,25200,659.272727273
258105,272593,272594,14488,1,1,25200,1448.9
258105,272598,272599,14493,1,1,25200,1449.4
258105,272582,272600,14477,18,1,25200,805.277777778
258106,272622,272667,14516,45,1,25200,323.577777778
258106,272616,272998,14510,382,1,25200,38.9842931937
258106,272611,272646,14505,35,1,25200,415.428571429
258107,272627,272674,14520,47,1,25200,309.936170213
258107,272646,272647,14539,1,1,25200,1454.0
258107,272640,273054,14533,414,1,25200,36.1038647343
258107,272635,272637,14528,2,1,25200,1453.0
258108,272670,272769,14562,99,1,25200,148.090909091
258108,272657,272658,14549,1,1,25200,1455.0
258108,272651,272653,14543,2,1,25200,1454.5
258108,272676,272678,14568,2,1,25200,1457.0
258108,272665,272667,14557,2,1,25200,1455.9
258109,272681,273175,14572,494,1,25200,30.4979757085
258109,272687,277620,14578,4933,1,25200,3.95519967565
258110,272699,272711,14589,12,1,25200,1216.75
258110,272692,272693,14582,1,1,25200,1458.3
258110,272721,272815,14611,94,1,25200,156.436170213
258110,272727,272728,14617,1,1,25200,1461.8
258111,272740,273877,14629,1137,1,25200,13.8663148637
258111,272734,272737,14623,3,1,25200,1462.6
258111,272710,272712,14599,2,1,25200,1460.1
258111,272705,272724,14594,19,1,25200,769.105263158
258112,272762,272877,14650,115,1,25200,128.391304348
258112,272756,272758,14644,2,1,25200,1464.6
258112,272745,272977,14633,232,1,25200,64.0732758621
258113,272793,272836,14680,43,1,25200,342.395348837
258113,272769,272815,14656,46,1,25200,319.608695652
258113,272775,272785,14662,10,1,25200,1467.2
258114,272811,276386,14697,3575,1,25200,5.11104895105
258114,272806,273197,14692,391,1,25200,38.5754475703
258114,272780,272783,14666,3,1,25200,1466.9
258114,272798,274125,14684,1327,1,25200,12.0655614167
258115,272817,272820,14702,3,1,25200,1470.5
258115,272826,272830,14711,4,1,25200,1471.5
258116,272857,272971,14741,114,1,25200,130.307017544
258116,272868,272869,14752,1,1,25200,1475.3
258116,272875,272876,14759,1,1,25200,1476.0
258117,272892,272893,14775,1,1,25200,1477.6
258117,272899,272901,14782,2,1,25200,1478.4
258117,272905,272907,14788,2,1,25200,1479.0
258117,272887,272917,14770,30,1,25200,493.333333333
258117,272880,272881,14763,1,1,25200,1476.4
258118,272911,272912,14793,1,1,25200,1479.4
258118,272928,272954,14810,26,1,25200,570.615384615
258118,272923,272924,14805,1,1,25200,1480.6
258118,272917,272934,14799,17,1,25200,871.529411765
258119,272952,272959,14833,7,1,25200,1484.0
258119,272946,272949,14827,3,1,25200,1483.0
258119,272939,273448,14820,509,1,25200,30.115913556
258119,272934,273393,14815,459,1,25200,33.2766884532
258120,272957,273057,14837,100,1,25200,149.37
258120,272963,273156,14843,193,1,25200,77.9067357513
258121,273109,273110,14988,1,1,25200,1498.9
258121,273104,273105,14983,1,1,25200,1498.4
258121,273117,273191,14996,74,1,25200,203.648648649
258121,273156,276382,15035,3226,1,25200,5.66057036578
258122,273166,273167,15044,1,1,25200,1504.5
258122,272981,272982,14859,1,1,25200,1486.0
258122,272974,272975,14852,1,1,25200,1485.3
258122,272968,273180,14846,212,1,25200,71.0283018868
258123,273004,273170,14881,166,1,25200,90.6445783133
258123,272986,272987,14863,1,1,25200,1486.4
258123,272999,273137,14876,138,1,25200,108.797101449
258123,272992,274169,14869,1177,1,25200,13.6329651657
258124,273010,273109,14886,99,1,25200,151.363636364
258124,273021,273022,14897,1,1,25200,1489.8
258124,273028,273064,14904,36,1,25200,415.0
258124,273015,273073,14891,58,1,25200,257.74137931
258124,273035,273043,14911,8,1,25200,1491.9
258125,273073,273089,14948,16,1,25200,935.25
258125,273055,273067,14930,12,1,25200,1245.16666667
258125,273066,273069,14941,3,1,25200,1494.4
258125,273080,273164,14955,84,1,25200,179.035714286
258126,273092,278753,14966,5661,1,25200,3.64370252606
258126,273085,273086,14959,1,1,25200,1496.0
258126,273124,273137,14998,13,1,25200,1154.69230769
258126,273097,273160,14971,63,1,25200,238.634920635
258127,273174,273190,15047,16,1,25200,941.4375
258127,273131,273132,15004,1,1,25200,1500.5
258127,273144,274305,15017,1161,1,25200,13.9345391904
258127,273151,273155,15024,4,1,25200,1502.8
258128,273179,273219,15051,40,1,25200,377.275
258128,273196,273197,15068,1,1,25200,1506.9
258128,273190,273327,15062,137,1,25200,110.941605839
258128,273185,273711,15057,526,1,25200,29.6254752852
258128,273201,273350,15073,149,1,25200,102.161073826
258129,258375,270418,246,12043,5,28800,1.02042680395
258129,273207,275366,15078,2159,1,25200,7.98378879111
258129,273214,273215,15085,1,1,25200,1508.6
258129,273220,273222,15091,2,1,25200,1509.3
258129,273225,274824,15096,1599,1,25200,10.4409005629
258130,273236,273451,15106,215,1,25200,71.2604651163
258130,273231,273233,15101,2,1,25200,1510.3
258130,273242,273244,15112,2,1,25200,1511.4
258130,273247,273250,15117,3,1,25200,1512.0
258131,273271,273871,15140,600,1,25200,26.2333333333
258131,273258,273263,15127,5,1,25200,1513.2
258131,273253,273269,15122,16,1,25200,946.125
258131,273266,273351,15135,85,1,25200,179.058823529
258132,273288,273381,15156,93,1,25200,163.967741935
258132,273277,273280,15145,3,1,25200,1514.8
258132,273282,273307,15150,25,1,25200,607.0
258133,273306,273344,15173,38,1,25200,400.289473684
258133,273312,273347,15179,35,1,25200,434.685714286
258133,273293,273294,15160,1,1,25200,1516.1
258133,273301,275953,15168,2652,1,25200,6.71945701357
258134,273357,273359,15223,2,1,25200,1522.5
258134,273318,273438,15184,120,1,25200,127.533333333
258134,273364,273766,15230,402,1,25200,38.8855721393
258134,273339,273405,15205,66,1,25200,231.378787879
258134,273323,273648,15189,325,1,25200,47.7353846154
258135,273369,273372,15234,3,1,25200,1523.7
258135,273375,273866,15240,491,1,25200,32.0386965377
258135,273388,273518,15253,130,1,25200,118.330769231
258136,273396,273400,15260,4,1,25200,1526.4
258136,273401,274218,15265,817,1,25200,19.6842105263
258136,273414,273415,15278,1,1,25200,1527.9
258136,273408,274677,15272,1269,1,25200,13.0346729708
258137,273436,273439,15299,3,1,25200,1530.2
258137,273422,273451,15285,29,1,25200,528.068965517
258137,273451,273452,15314,1,1,25200,1531.5
258137,273429,273436,15292,7,1,25200,1529.9
258138,273463,273634,15325,171,1,25200,90.6198830409
258138,273475,276228,15337,2753,1,25200,6.57101343988
258138,273470,273504,15332,34,1,25200,451.941176471
258138,273458,273507,15320,49,1,25200,313.653061224
258138,273481,273484,15343,3,1,25200,1534.6
258139,273504,273556,15365,52,1,25200,296.480769231
258139,273486,273487,15347,1,1,25200,1534.8
258139,273497,273499,15358,2,1,25200,1536.0
258139,273511,273534,15372,23,1,25200,669.347826087
258140,273531,273572,15391,41,1,25200,376.390243902
258140,273539,274247,15399,708,1,25200,22.75
258140,273524,273527,15384,3,1,25200,1538.7
258140,273518,275231,15378,1713,1,25200,9.97723292469
258141,273547,273549,15406,2,1,25200,1540.8
258141,273561,273563,15420,2,1,25200,1542.2
258141,273568,273979,15427,411,1,25200,38.5352798054
258142,273584,273587,15442,3,1,25200,1544.5
258142,273591,274213,15449,622,1,25200,25.8376205788
258143,273617,273624,15474,7,1,25200,1548.1
258143,273623,279014,15480,5391,1,25200,3.8714524207
258144,273652,273701,15508,49,1,25200,317.489795918
258144,273634,273635,15490,1,1,25200,1549.1
258145,273663,273664,15518,1,1,25200,1551.9
258145,273669,273671,15524,2,1,25200,1552.6
258145,273675,273802,15530,127,1,25200,123.283464567
258145,273658,273662,15513,4,1,25200,1551.7
258146,273686,273687,15540,1,1,25200,1554.1
258146,273692,273714,15546,22,1,25200,707.636363636
258146,273681,273854,15535,173,1,25200,90.7976878613
258147,273726,274354,15579,628,1,25200,25.8073248408
258147,273704,273705,15557,1,1,25200,1555.8
258147,273715,273859,15568,144,1,25200,109.111111111
258147,273720,273725,15573,5,1,25200,1557.8
258148,273750,273751,15602,1,1,25200,1560.3
258148,273745,273747,15597,2,1,25200,1559.9
258148,273739,273742,15591,3,1,25200,1559.4
258148,273732,273740,15584,8,1,25200,1559.2
258149,273761,273762,15612,1,1,25200,1561.3
258149,273772,273773,15623,1,1,25200,1562.4
258149,273767,273868,15618,101,1,25200,155.633663366
258149,273756,274549,15607,793,1,25200,20.6809583859
258150,273790,275924,15640,2134,1,25200,8.32895970009
258150,273795,273902,15645,107,1,25200,147.214953271
258150,273779,273789,15629,10,1,25200,1563.9
258150,273784,273785,15634,1,1,25200,1563.5
258151,273813,273814,15662,1,1,25200,1566.3
258151,273819,273824,15668,5,1,25200,1567.3
258151,273806,273829,15655,23,1,25200,681.652173913
258151,273824,274123,15673,299,1,25200,53.4180602007
258151,273801,273802,15650,1,1,25200,1565.1
258152,273927,273929,15775,2,1,25200,1577.7
258152,273932,274024,15780,92,1,25200,172.52173913
258152,273943,273944,15791,1,1,25200,1579.2
258152,273938,273961,15786,23,1,25200,687.347826087
258153,273955,276244,15802,2289,1,25200,7.90345128877
258153,273949,273960,15796,11,1,25200,1437.0
258153,273961,273962,15808,1,1,25200,1580.9
258153,273830,273878,15677,48,1,25200,327.604166667
258154,273837,273843,15683,6,1,25200,1568.9
258154,273842,273843,15688,1,1,25200,1568.9
258154,273848,274206,15694,358,1,25200,44.8379888268
258155,273867,273904,15712,37,1,25200,425.648648649
258155,273873,274013,15718,140,1,25200,113.271428571
258155,273860,273884,15705,24,1,25200,655.375
258155,273879,273953,15724,74,1,25200,213.486486486
258156,273903,273906,15747,3,1,25200,1575.0
258156,273892,273895,15736,3,1,25200,1573.9
258156,273909,274494,15753,585,1,25200,27.9282051282
258156,273898,273900,15742,2,1,25200,1574.4
258156,273884,274003,15728,119,1,25200,133.168067227
258157,273921,278515,15764,4594,1,25200,4.431432303
258157,273966,273967,15809,1,1,25200,1581.0
258157,273914,273916,15757,2,1,25200,1575.9
258157,273973,274791,15816,818,1,25200,20.3349633252
258158,273979,273994,15821,15,1,25200,1055.73333333
258158,273991,274006,15833,15,1,25200,1056.53333333
258158,273996,273997,15838,1,1,25200,1583.9
258158,273984,275884,15826,1900,1,25200,9.32947368421
258159,274002,274008,15843,6,1,25200,1584.9
258159,274008,274009,15849,1,1,25200,1585.0
258159,274014,274015,15855,1,1,25200,1585.6
258159,274021,274023,15862,2,1,25200,1586.4
258160,274033,274636,15873,603,1,25200,27.3233830846
258160,274028,274185,15868,157,1,25200,102.070063694
258160,274039,274066,15879,27,1,25200,589.111111111
258160,274044,274045,15884,1,1,25200,1588.5
258161,274056,274229,15895,173,1,25200,92.8786127168
258161,274051,274054,15890,3,1,25200,1589.3
258161,274074,274075,15913,1,1,25200,1591.4
258162,274081,274088,15919,7,1,25200,1592.6
258162,274092,274094,15930,2,1,25200,1593.2
258162,274086,274107,15924,21,1,25200,759.285714286
258162,274099,274142,15937,43,1,25200,371.627906977
258163,274105,274206,15942,101,1,25200,158.841584158
258164,274125,274127,15961,2,1,25200,1596.3
258164,274140,274151,15976,11,1,25200,1453.36363636
258165,274151,278154,15986,4003,1,25200,4.99350487135
258165,274169,274214,16004,45,1,25200,356.644444444
258165,274163,274208,15998,45,1,25200,356.511111111
258165,274158,274196,15993,38,1,25200,421.868421053
258165,274184,274187,16019,3,1,25200,1602.2
258166,274207,274209,16041,2,1,25200,1604.3
258166,259207,261243,1041,2036,1,3540,1.51129666012
258166,274219,274225,16053,6,1,25200,1605.9
258166,274214,277206,16048,2992,1,25200,6.36363636364
258166,274199,274200,16033,1,1,25200,1603.4
258167,274237,274239,16070,2,1,25200,1607.2
258167,274232,274234,16065,2,1,25200,1606.7
258167,274226,274229,16059,3,1,25200,1606.2
258167,274243,274296,16076,53,1,25200,304.320754717
258168,274248,274251,16080,3,1,25200,1608.3
258168,274255,274263,16087,8,1,25200,1609.5
258168,274261,274264,16093,3,1,25200,1609.6
258168,274266,274518,16098,252,1,25200,64.880952381
258169,274290,275916,16121,1626,1,25200,10.9145141451
258169,274279,277657,16110,3378,1,25200,5.76909413854
258169,274284,274285,16115,1,1,25200,1611.6
258169,274273,274274,16104,1,1,25200,1610.5
258170,274313,274319,16143,6,1,25200,1614.9
258170,274302,275836,16132,1534,1,25200,11.5162972621
258170,274308,275839,16138,1531,1,25200,11.5408229915
258170,274297,274585,16127,288,1,25200,56.9965277778
258170,274319,278444,16149,4125,1,25200,4.91490909091
258171,274337,279207,16166,4870,1,25200,4.31950718686
258171,274332,274333,16161,1,1,25200,1616.2
258171,274343,274388,16172,45,1,25200,360.377777778
258171,274324,274328,16153,4,1,25200,1615.7
258172,274355,274436,16183,81,1,25200,200.790123457
258172,274385,275545,16213,1160,1,25200,14.9767241379
258172,274350,279027,16178,4677,1,25200,4.45905494975
258172,274366,274369,16194,3,1,25200,1619.7
258173,274412,274416,16239,4,1,25200,1624.3
258173,274394,274644,16221,250,1,25200,65.884
258173,274404,276172,16231,1768,1,25200,10.1804298643
258173,274428,274469,16255,41,1,25200,397.463414634
258173,274417,274418,16244,1,1,25200,1624.5
258174,274481,274482,16307,1,1,25200,1630.8
258174,274453,274956,16279,503,1,25200,33.3638170974
258175,274494,274495,16319,1,1,25200,1632.0
258175,274505,276106,16330,1601,1,25200,11.1998750781
258175,274511,276551,16336,2040,1,25200,9.00784313725
258175,274517,274522,16342,5,1,25200,1634.7
258176,274541,274547,16365,6,1,25200,1637.1
258176,274536,274542,16360,6,1,25200,1636.6
258176,274523,274525,16347,2,1,25200,1634.9
258176,274529,278153,16353,3624,1,25200,5.51241721854
258177,274572,277924,16395,3352,1,25200,5.8911097852
258177,274554,276753,16377,2199,1,25200,8.44747612551
258177,274565,274716,16388,151,1,25200,109.529801325
258177,274547,277968,16370,3421,1,25200,5.78515054078
258177,274559,274560,16382,1,1,25200,1638.3
258178,274604,276711,16426,2107,1,25200,8.79591836735
258178,274583,274698,16405,115,1,25200,143.652173913
258178,274598,275356,16420,758,1,25200,22.6622691293
258178,274577,274583,16399,6,1,25200,1640.5
258179,274656,274657,16477,1,1,25200,1647.8
258179,274639,277841,16460,3202,1,25200,6.14053716427
258179,274650,274675,16471,25,1,25200,659.84
258179,274644,274645,16465,1,1,25200,1646.6
258180,274661,279481,16481,4820,1,25200,4.41929460581
258180,274680,274681,16500,1,1,25200,1650.1
258180,274675,274685,16495,10,1,25200,1650.5
258180,274686,274908,16506,222,1,25200,75.3513513514
258180,274669,274940,16489,271,1,25200,61.8450184502
258181,274704,276638,16523,1934,1,25200,9.54343329886
258181,274709,274710,16528,1,1,25200,1652.9
258181,274698,274699,16517,1,1,25200,1651.8
258181,274692,274695,16511,3,1,25200,1651.4
258182,274726,275825,16544,1099,1,25200,16.0536851683
258182,274715,275245,16533,530,1,25200,32.1943396226
258182,274731,274732,16549,1,1,25200,1655.0
258182,274720,274739,16538,19,1,25200,871.421052632
258183,274739,276289,16556,1550,1,25200,11.6812903226
258183,274750,275246,16567,496,1,25200,34.4012096774
258183,274761,274942,16578,181,1,25200,92.591160221
258183,274756,276785,16573,2029,1,25200,9.16806308526
258183,274745,274850,16562,105,1,25200,158.733333333
258184,274779,278911,16595,4132,1,25200,5.01621490803
258184,274788,279883,16604,5095,1,25200,4.25888125613
258184,274767,275068,16583,301,1,25200,56.0930232558
258184,274774,274775,16590,1,1,25200,1659.1
258185,274807,275025,16622,218,1,25200,77.247706422
258185,274864,274935,16679,71,1,25200,235.915492958
258185,274841,274844,16656,3,1,25200,1665.9
258185,274857,274914,16672,57,1,25200,293.49122807
258186,274887,274890,16701,3,1,25200,1670.4
258186,274903,275012,16717,109,1,25200,154.366972477
258186,274920,277234,16734,2314,1,25200,8.231633535
258187,274928,274934,16741,6,1,25200,1674.7
258187,274947,276472,16760,1525,1,25200,11.9901639344
258187,274958,274959,16771,1,1,25200,1677.2
258187,274952,274953,16765,1,1,25200,1676.6
258188,274980,275631,16792,651,1,25200,26.7941628264
258188,274975,274976,16787,1,1,25200,1678.8
258188,274964,283204,16776,8240,1,25200,3.0359223301
258188,274969,275509,16781,540,1,25200,32.0759259259
258189,275009,275085,16820,76,1,25200,222.315789474
258189,275003,275008,16814,5,1,25200,1681.9
258189,274998,275005,16809,7,1,25200,1681.6
258189,274992,274993,16803,1,1,25200,1680.4
258189,274987,274988,16798,1,1,25200,1679.9
258190,275034,275036,16844,2,1,25200,1684.6
258190,275027,275033,16837,6,1,25200,1684.3
258190,275021,276951,16831,1930,1,25200,9.7207253886
258190,275016,275404,16826,388,1,25200,44.3659793814
258191,275057,276639,16866,1582,1,25200,11.6611883692
258191,275040,276456,16849,1416,1,25200,12.8990112994
258191,275045,275341,16854,296,1,25200,57.9391891892
258192,275095,276488,16903,1393,1,25200,13.1342426418
258192,275081,276038,16889,957,1,25200,18.6478578892
258192,275088,275092,16896,4,1,25200,1690.0
258192,275063,275080,16871,17,1,25200,993.411764706
258192,275069,275070,16877,1,1,25200,1687.8
258193,275102,275325,16909,223,1,25200,76.8251121076
258193,275244,275275,17051,31,1,25200,551.032258065
258193,275108,277949,16915,2841,1,25200,6.95388947554
258193,275256,275874,17063,618,1,25200,28.6100323625
258194,275263,275286,17069,23,1,25200,743.130434783
258194,275323,275371,17129,48,1,25200,357.854166667
258194,275287,275312,17093,25,1,25200,684.72
258194,275297,277775,17103,2478,1,25200,7.901937046
258195,275385,275971,17190,586,1,25200,30.3344709898
258195,275353,276618,17158,1265,1,25200,14.5636363636
258195,275368,275480,17173,112,1,25200,154.330357143
258195,275377,275671,17182,294,1,25200,59.4421768707
258195,275337,275638,17142,301,1,25200,57.950166113
258196,275514,278280,17318,2766,1,25200,7.26102675343
258196,275416,275770,17220,354,1,25200,49.6440677966
258196,275497,275502,17301,5,1,25200,1730.6
258197,275545,277884,17348,2339,1,25200,8.41684480547
258197,275558,275561,17361,3,1,25200,1736.4
258197,275574,278179,17377,2605,1,25200,7.67063339731
258197,275522,275534,17325,12,1,25200,1444.75
258198,275641,275868,17443,227,1,25200,77.8414096916
258198,275630,275631,17432,1,1,25200,1743.3
258198,275646,276877,17448,1231,1,25200,15.1738424045
258198,275635,275639,17437,4,1,25200,1744.1
258242,260044,260222,1802,178,1,3540,11.1235955056
258289,260105,260372,1816,267,1,3540,7.80149812734
258340,260235,260716,1895,481,1,3540,4.93970893971
258375,258399,271320,24,12921,5,28800,1.00185744137
258398,258465,272012,67,13547,5,28800,1.00494574445
258412,260954,261320,2542,366,1,3540,7.94535519126
258459,260960,261472,2501,512,1,3540,5.884765625
258467,258527,271395,60,12868,5,28800,1.00466272925
258507,260965,261446,2458,481,1,3540,6.11018711019
258524,258609,272368,85,13759,5,28800,1.00617777455
258555,261010,261517,2455,507,1,3540,5.84220907298
258602,261093,261575,2491,482,1,3540,6.16804979253
258614,258629,272211,15,13582,5,28800,1.00110440289
258627,258676,269725,49,11049,5,28800,1.00443479048
258651,261099,261602,2448,503,1,3540,5.86679920477
258673,258691,274494,18,15803,5,28800,1.00113902424
258697,258900,272734,203,13834,5,28800,1.01467399161
258727,261216,261750,2489,534,1,3540,5.66104868914
258899,258940,272816,41,13876,5,28800,1.002954742
258925,261255,261518,2330,263,1,3540,9.85931558935
258945,259014,272310,69,13296,5,28800,1.00518953069
259013,259529,272889,516,13360,5,28800,1.03862275449
259179,261330,261516,2151,186,1,3540,12.564516129
259363,260949,261076,1586,127,4,3540,13.4881889764
259414,261335,261458,1921,123,1,3540,16.6178861789
259531,259549,272411,18,12862,5,28800,1.00139947131
259554,259903,272588,349,12685,5,28800,1.02751281041
259902,259909,274935,7,15026,5,28800,1.00046585918
259914,259984,273669,70,13685,5,28800,1.00511508951
259983,260009,273159,26,13150,5,28800,1.00197718631
260007,260030,272568,23,12538,5,28800,1.00183442335
260031,260215,272350,184,12135,5,28800,1.01516275237
260219,260922,260933,703,11,12,86400,64.9090909091
260223,260943,275618,720,14675,5,28800,1.04906303237
260939,261005,275643,66,14638,5,28800,1.00450881268
261007,261017,274626,10,13609,5,28800,1.00073480785
261020,261088,274659,68,13571,5,28800,1.00501068455
261089,261679,275704,590,14025,5,28800,1.04206773619
261209,261641,261824,432,183,16,86400,3.3606557377
261683,261708,276449,25,14741,5,28800,1.00169595007
261706,261743,278265,37,16522,5,28800,1.00223943832
261741,261834,273602,93,11768,5,28800,1.00790278722
261832,261901,276712,69,14811,5,28800,1.00465869962
261900,262523,276100,623,13577,5,28800,1.04588642557
262525,263102,277091,577,13989,5,28800,1.04124669383
263103,266775,280445,3672,13670,5,28800,1.26861741039
266771,267434,267437,663,3,5,28800,66.6
267435,267448,279544,13,12096,5,28800,1.00107473545
268201,268209,268210,8,1,5,28800,1.0
268212,268221,268223,9,2,5,28800,1.1
268236,268248,281563,12,13315,5,28800,1.0009012392
268380,268843,282870,463,14027,5,28800,1.03300777073
268842,269081,283387,239,14306,5,28800,1.01670627709
269079,269105,282856,26,13751,5,28800,1.00189077158
269713,269737,269738,24,1,5,28800,2.5
269736,269749,283304,13,13555,5,28800,1.0009590557
269747,269961,283085,214,13124,5,28800,1.01630600427
270134,270277,283874,143,13597,5,28800,1.01051702581
270273,270429,284165,156,13736,5,28800,1.01135701805
270499,270584,283738,85,13154,5,28800,1.00646191273
270619,270628,270629,9,1,5,28800,1.0
270630,270640,270641,10,1,5,28800,1.1
270642,270652,284708,10,14056,5,28800,1.00071143995
270653,270716,280245,63,9529,5,28800,1.00661139679
270718,271334,284794,616,13460,5,28800,1.04576523031
271533,272000,285996,467,13996,5,28800,1.03336667619
272006,272023,285533,17,13510,5,28800,1.00125832717
272027,272071,284799,44,12728,5,28800,1.00345694532
272070,272227,272228,157,1,5,28800,15.8
272227,272239,286474,12,14235,5,28800,1.00084299262
279191,279198,279270,7,72,1,1800,1.09722222222
279507,279513,279597,6,84,1,1800,1.07142857143
280095,280102,280456,7,354,1,1800,1.0197740113
281608,281614,281649,6,35,1,1800,1.17142857143
281890,281896,281963,6,67,1,1800,1.08955223881
282609,282615,282851,6,236,1,1800,1.02542372881
284994,285059,291892,65,6833,2,10800,1.00951265915
284995,285064,292139,69,7075,2,10800,1.00975265018
284997,285070,291967,73,6897,2,10800,1.01058431202
284998,285075,291430,77,6355,2,10800,1.01211644375
285000,285080,290947,80,5867,2,10800,1.01363558889
285001,285086,291278,85,6192,2,10800,1.01372739018
285003,285092,290926,89,5834,2,10800,1.01525539938
285004,285097,291249,93,6152,2,10800,1.01511703511
285006,285102,291777,96,6675,2,10800,1.01438202247
285007,285108,290951,101,5843,2,10800,1.01728564094
285009,285113,291934,104,6821,2,10800,1.01524703123
285010,285119,291792,109,6673,2,10800,1.01633448224
285012,285124,292139,112,7015,2,10800,1.0159657876
285013,285129,291777,116,6648,2,10800,1.0174488568
285015,285135,291409,120,6274,2,10800,1.01912655403
285016,285140,291619,124,6479,2,10800,1.01913875598
285018,285145,291951,127,6806,2,10800,1.01866000588
285019,285151,292315,132,7164,2,10800,1.01842546064
285021,285156,291036,135,5880,2,10800,1.02295918367
285022,285162,291566,140,6404,2,10800,1.02186133666
285024,285167,291359,143,6192,2,10800,1.02309431525
285026,285172,292718,146,7546,2,10800,1.01934799894
285027,285178,292085,151,6907,2,10800,1.02186187925
285029,285183,291875,154,6692,2,10800,1.0230125523
285030,285188,292385,158,7197,2,10800,1.02195359177
285032,285194,292602,162,7408,2,10800,1.02186825054
285033,285199,291507,166,6308,2,10800,1.02631578947
285035,285204,291756,169,6552,2,10800,1.02579365079
285036,285210,291439,174,6229,2,10800,1.02793385776
285038,285215,292213,177,6998,2,10800,1.02529294084
285039,285221,292045,182,6824,2,10800,1.02667057444
285041,285226,291708,185,6482,2,10800,1.0285405739
285042,285231,292493,189,7262,2,10800,1.02602588819
285044,285237,291961,193,6724,2,10800,1.02870315289
285045,285242,291479,197,6237,2,10800,1.03158569825
285047,285247,291458,200,6211,2,10800,1.03220093383
285049,285253,292088,204,6835,2,10800,1.02984637893
285050,285258,291557,208,6299,2,10800,1.03302111446
285052,285263,292220,211,6957,2,10800,1.03032916487
285053,285269,292103,216,6834,2,10800,1.03160667252
285055,285274,292318,219,7044,2,10800,1.03109028961
285056,285280,291938,224,6658,2,10800,1.03364373686
285058,285285,291907,227,6622,2,10800,1.03427967381
285059,285290,292213,231,6923,2,10800,1.03336703741
285061,285296,291509,235,6213,2,10800,1.03782391759
285062,285301,291562,239,6261,2,10800,1.03817281584
285064,285306,291993,242,6687,2,10800,1.03618962165
285066,285312,292695,246,7383,2,10800,1.0333197887
285067,285317,291946,250,6629,2,10800,1.0377130789
285069,285323,292023,254,6700,2,10800,1.03791044776
285070,285328,291871,258,6543,2,10800,1.03943145346
285072,285333,292422,261,7089,2,10800,1.03681760474
285073,285339,291250,266,5911,2,10800,1.04500084588
285075,285344,292100,269,6756,2,10800,1.03981645944
285076,285349,292738,273,7389,2,10800,1.03694681283
285078,285355,293297,277,7942,2,10800,1.03487786452
285079,285360,291217,281,5857,2,10800,1.04797677992
285081,285366,291586,285,6220,2,10800,1.04581993569
285082,285371,291070,289,5699,2,10800,1.05071065099
285084,285377,291745,293,6368,2,10800,1.04601130653
285086,285382,291455,296,6073,2,10800,1.04874032603
285087,285388,291926,301,6538,2,10800,1.0460385439
285089,285393,291729,304,6336,2,10800,1.04797979798
285090,285398,292054,308,6656,2,10800,1.04627403846
285092,285404,292051,312,6647,2,10800,1.04693846848
285093,285409,292144,316,6735,2,10800,1.04691907944
285095,285415,292035,320,6620,2,10800,1.04833836858
285405,285421,308415,16,22994,16,72000,1.0006958337
285944,285950,306201,6,20251,2,604800,1.00029628167
285992,286000,286001,8,1,1,25200,1.0
285993,286006,286065,13,59,1,25200,1.22033898305
285993,286012,286013,19,1,1,25200,2.0
285994,286035,286036,41,1,1,25200,4.2
285994,286017,286018,23,1,1,25200,2.4
285994,286028,286467,34,439,1,25200,1.07744874715
285995,286041,286042,46,1,1,25200,4.7
285995,286047,286049,52,2,1,25200,5.4
285995,286052,286053,57,1,1,25200,5.8
285996,286063,286064,67,1,1,25200,6.8
285996,286058,286059,62,1,1,25200,6.3
285997,286074,286172,77,98,1,25200,1.78571428571
285997,286080,286366,83,286,1,25200,1.29020979021
285997,286085,286086,88,1,1,25200,8.9
285998,286105,286117,107,12,1,25200,9.91666666667
285999,286111,286190,112,79,1,25200,2.41772151899
285999,286122,286124,123,2,1,25200,12.5
285999,286116,286251,117,135,1,25200,1.86666666667
286000,286133,286147,133,14,1,25200,10.5
286000,286127,286129,127,2,1,25200,12.9
286000,286138,286139,138,1,1,25200,13.9
286001,286154,286212,153,58,1,25200,3.63793103448
286001,286143,286144,142,1,1,25200,14.3
286002,286160,286555,158,395,1,25200,1.4
286002,286171,288757,169,2586,1,25200,1.06535189482
286002,286165,286729,163,564,1,25200,1.2890070922
286003,286187,292152,184,5965,1,25200,1.0308466052
286003,286176,286177,173,1,1,25200,17.4
286003,288609,289618,2606,1009,1,25200,3.58275520317
286003,286182,286197,179,15,1,25200,12.9333333333
286004,288734,288751,2730,17,1,25200,161.588235294
286004,288654,289824,2650,1170,1,25200,3.26495726496
286005,288786,288788,2781,2,1,25200,278.3
286005,288751,292405,2746,3654,1,25200,1.75150519978
286005,288739,288741,2734,2,1,25200,273.6
286006,286207,286208,201,1,1,25200,20.2
286006,286196,286204,190,8,1,25200,19.8
286006,286201,286202,195,1,1,25200,19.6
286007,286223,286227,216,4,1,25200,22.0
286007,286212,286213,205,1,1,25200,20.6
286008,286229,286233,221,4,1,25200,22.5
286008,286234,286235,226,1,1,25200,22.7
286008,286240,286243,232,3,1,25200,23.5
286009,286256,286288,247,32,1,25200,8.71875
286009,286245,286250,236,5,1,25200,24.1
286010,286273,286384,263,111,1,25200,3.36936936937
286010,286267,286268,257,1,1,25200,25.8
286010,286262,286290,252,28,1,25200,10.0
286011,286278,286279,267,1,1,25200,26.8
286011,286284,286288,273,4,1,25200,27.7
286011,286289,287113,278,824,1,25200,1.33737864078
286012,286295,286296,283,1,1,25200,28.4
286012,286300,286335,288,35,1,25200,9.22857142857
286013,286317,286351,304,34,1,25200,9.94117647059
286013,286306,286310,293,4,1,25200,29.7
286013,286311,286312,298,1,1,25200,29.9
286014,286342,286350,328,8,1,25200,33.6
286014,286337,286338,323,1,1,25200,32.4
286014,286322,286324,308,2,1,25200,31.0
286014,286331,286333,317,2,1,25200,31.9
286015,286359,296023,344,9664,1,25200,1.03559602649
286015,286353,286365,338,12,1,25200,29.1666666667
286016,286364,288587,348,2223,1,25200,1.15654520918
286016,286375,286383,359,8,1,25200,36.7
286016,286370,286371,354,1,1,25200,35.5
286017,286381,286396,364,15,1,25200,25.2666666667
286017,286386,286387,369,1,1,25200,37.0
286018,286392,288727,374,2335,1,25200,1.16017130621
286018,286403,286438,385,35,1,25200,12.0
286018,286397,286399,379,2,1,25200,38.1
286019,286419,286422,400,3,1,25200,40.3
286019,286408,286419,389,11,1,25200,36.3636363636
286019,286414,286415,395,1,1,25200,39.6
286020,286425,286459,405,34,1,25200,12.9117647059
286020,286436,292631,416,6195,1,25200,1.06715092817
286020,286430,286432,410,2,1,25200,41.2
286020,286441,286988,421,547,1,25200,1.76965265082
286021,286452,286454,431,2,1,25200,43.3
286021,286447,286448,426,1,1,25200,42.7
286022,286477,286478,455,1,1,25200,45.6
286022,286466,286467,444,1,1,25200,44.5
286022,286472,286474,450,2,1,25200,45.2
286023,286483,286513,460,30,1,25200,16.3333333333
286023,286494,286497,471,3,1,25200,47.4
286023,286488,286489,465,1,1,25200,46.6
286024,286499,287981,475,1482,1,25200,1.32051282051
286024,286510,286527,486,17,1,25200,29.5882352941
286025,286521,286522,496,1,1,25200,49.7
286025,286515,286517,490,2,1,25200,49.2
286025,286526,286638,501,112,1,25200,5.47321428571
286026,286537,286571,511,34,1,25200,16.0294117647
286026,286532,286534,506,2,1,25200,50.8
286026,286543,286879,517,336,1,25200,2.53869047619
286027,286548,289467,521,2919,1,25200,1.1784857828
286027,286554,286571,527,17,1,25200,32.0
286027,286559,286584,532,25,1,25200,22.28
286028,286573,286574,545,1,1,25200,54.6
286029,286590,286592,561,2,1,25200,56.3
286029,286585,286587,556,2,1,25200,55.8
286030,286612,286982,582,370,1,25200,2.57297297297
286030,286596,289789,566,3193,1,25200,1.17726276229
286030,286606,286607,576,1,1,25200,57.7
286030,286601,286603,571,2,1,25200,57.3
286031,286617,286618,586,1,1,25200,58.7
286031,286628,286630,597,2,1,25200,59.9
286031,286623,288642,592,2019,1,25200,1.29321446261
286032,286639,287649,607,1010,1,25200,1.60099009901
286032,286645,286696,613,51,1,25200,13.0196078431
286033,286661,286662,628,1,1,25200,62.9
286033,286650,286767,617,117,1,25200,6.2735042735
286034,286672,286883,638,211,1,25200,4.02369668246
286035,286683,286709,648,26,1,25200,25.9230769231
286035,286703,286720,668,17,1,25200,40.2941176471
286035,286697,286739,662,42,1,25200,16.7619047619
286036,286714,286735,678,21,1,25200,33.2857142857
286036,286708,286709,672,1,1,25200,67.3
286037,286730,289147,693,2417,1,25200,1.28671907323
286037,286725,286727,688,2,1,25200,69.0
286037,286719,286728,682,9,1,25200,69.1
286038,286735,291719,697,4984,1,25200,1.13984751204
286038,286741,286743,703,2,1,25200,70.5
286038,286746,286777,708,31,1,25200,23.8387096774
286039,286752,286787,713,35,1,25200,21.3714285714
286039,286757,286760,718,3,1,25200,72.1
286040,286774,286775,734,1,1,25200,73.5
286040,286779,286850,739,71,1,25200,11.4084507042
286040,286785,287011,745,226,1,25200,4.29646017699
286040,286768,288997,728,2229,1,25200,1.32660385823
286041,286798,286800,757,2,1,25200,75.9
286041,286790,286791,749,1,1,25200,75.0
286042,286809,286810,767,1,1,25200,76.8
286042,286804,286831,762,27,1,25200,29.2222222222
286042,286815,286819,773,4,1,25200,77.7
286043,286831,287138,788,307,1,25200,3.5667752443
286043,286820,287699,777,879,1,25200,1.88395904437
286044,286853,288054,809,1201,1,25200,1.67360532889
286044,286842,286844,798,2,1,25200,80.0
286044,286836,287903,792,1067,1,25200,1.74226804124
286044,286847,286850,803,3,1,25200,80.6
286045,286869,286872,824,3,1,25200,82.7
286045,286864,286865,819,1,1,25200,82.0
286045,286858,294788,813,7930,1,25200,1.1025220681
286046,286889,286893,843,4,1,25200,84.7
286046,286880,286881,834,1,1,25200,83.5
286046,286875,286877,829,2,1,25200,83.1
286047,286900,286901,853,1,1,25200,85.4
286047,286894,286897,847,3,1,25200,85.0
286047,286905,286906,858,1,1,25200,85.9
286048,286921,287061,873,140,1,25200,7.23571428571
286048,286911,286949,863,38,1,25200,23.7105263158
286048,286916,288891,868,1975,1,25200,1.43949367089
286049,286932,287611,883,679,1,25200,2.30044182622
286049,286927,286941,878,14,1,25200,63.7142857143
286049,286938,289985,889,3047,1,25200,1.29176238924
286050,286943,286944,893,1,1,25200,89.4
286050,286962,286967,912,5,1,25200,91.7
286050,286949,286950,899,1,1,25200,90.0
286051,286968,287928,917,960,1,25200,1.95520833333
286051,286973,288697,922,1724,1,25200,1.53480278422
286052,286990,286993,938,3,1,25200,94.1
286052,286984,287001,932,17,1,25200,55.8235294118
286053,286995,286996,942,1,1,25200,94.3
286053,287001,287250,948,249,1,25200,4.80722891566
286053,287006,287012,953,6,1,25200,95.9
286054,287030,287096,976,66,1,25200,15.7878787879
286054,287019,287022,965,3,1,25200,96.8
286054,287024,287606,970,582,1,25200,2.66666666667
286054,287013,287014,959,1,1,25200,96.0
286055,287035,287038,980,3,1,25200,98.3
286055,287046,287049,991,3,1,25200,99.4
286055,287041,287061,986,20,1,25200,50.3
286056,287052,287910,996,858,1,25200,2.16083916084
286056,287057,287906,1001,849,1,25200,2.17903415783
286056,287064,287275,1008,211,1,25200,5.77725118483
286057,287081,287295,1024,214,1,25200,5.78504672897
286057,287075,287076,1018,1,1,25200,101.9
286057,287070,287175,1013,105,1,25200,10.6476190476
286058,287092,288963,1034,1871,1,25200,1.55264564404
286058,287099,287101,1041,2,1,25200,104.3
286058,287086,287925,1028,839,1,25200,2.2252681764
286059,287110,289174,1051,2064,1,25200,1.50920542636
286059,287104,291658,1045,4554,1,25200,1.22946859903
286060,287134,287137,1074,3,1,25200,107.7
286060,287122,287137,1062,15,1,25200,71.8
286061,287154,287158,1093,4,1,25200,109.7
286061,287141,287190,1080,49,1,25200,23.0408163265
286062,287161,287164,1099,3,1,25200,110.2
286062,287167,287347,1105,180,1,25200,7.13888888889
286063,287189,287191,1126,2,1,25200,112.8
286063,287194,287389,1131,195,1,25200,6.8
286064,287201,290538,1137,3337,1,25200,1.34072520228
286064,287213,287281,1149,68,1,25200,17.8970588235
286064,287208,289226,1144,2018,1,25200,1.56689791873
286065,287288,287291,1223,3,1,25200,122.6
286065,287281,288284,1216,1003,1,25200,2.21236291127
286065,287262,287268,1197,6,1,25200,120.3
286066,287295,287334,1229,39,1,25200,32.5128205128
286066,287310,287315,1244,5,1,25200,124.9
286066,287303,291158,1237,3855,1,25200,1.32088197147
286067,287347,287364,1280,17,1,25200,76.2941176471
286067,287340,289116,1273,1776,1,25200,1.71677927928
286068,287360,287362,1292,2,1,25200,129.4
286068,287381,287671,1313,290,1,25200,5.5275862069
286069,287388,287393,1319,5,1,25200,132.4
286069,287408,292996,1339,5588,1,25200,1.2396206156
286069,287401,288117,1332,716,1,25200,2.86033519553
286070,287625,288029,1555,404,1,25200,4.84900990099
286070,287618,287621,1548,3,1,25200,155.1
286071,287646,287773,1575,127,1,25200,13.4015748031
286071,287675,287719,1604,44,1,25200,37.4545454545
286071,287660,287663,1589,3,1,25200,159.2
286072,287683,287686,1611,3,1,25200,161.4
286072,287710,287785,1638,75,1,25200,22.84
286073,287716,288250,1643,534,1,25200,4.07677902622
286073,287731,287734,1658,3,1,25200,166.1
286074,287785,287788,1711,3,1,25200,171.4
286074,287771,287778,1697,7,1,25200,170.4
286075,287799,288250,1724,451,1,25200,4.82261640798
286075,287793,289249,1718,1456,1,25200,2.17994505495
286075,287804,287805,1729,1,1,25200,173.0
286076,287915,288043,1839,128,1,25200,15.3671875
286076,287921,288585,1845,664,1,25200,3.77861445783
286076,287816,289632,1740,1816,1,25200,1.95814977974
286077,287941,288592,1864,651,1,25200,3.86328725038
286077,287927,287928,1850,1,1,25200,185.1
286077,287934,287936,1857,2,1,25200,185.9
286078,287946,287957,1868,11,1,25200,170.818181818
286078,287951,288117,1873,166,1,25200,12.2831325301
286079,287975,288757,1896,782,1,25200,3.42455242967
286079,287983,287994,1904,11,1,25200,174.090909091
286079,287969,287971,1890,2,1,25200,189.2
286080,288006,288011,1926,5,1,25200,193.1
286080,288023,288025,1943,2,1,25200,194.5
286080,287993,288684,1913,691,1,25200,3.76845151954
286081,288044,288047,1963,3,1,25200,196.6
286081,288052,288424,1971,372,1,25200,6.29838709677
286081,288037,288039,1956,2,1,25200,195.8
286082,288071,288074,1989,3,1,25200,199.2
286082,288064,288065,1982,1,1,25200,198.3
286082,288058,288060,1976,2,1,25200,197.8
286083,288090,288092,2007,2,1,25200,200.9
286083,288078,290152,1995,2074,1,25200,1.96190935391
286083,288083,288084,2000,1,1,25200,200.1
286084,288104,288109,2020,5,1,25200,202.5
286084,288111,288549,2027,438,1,25200,5.62785388128
286085,288121,288550,2036,429,1,25200,5.74592074592
286085,288134,288208,2049,74,1,25200,28.6891891892
286085,288129,288137,2044,8,1,25200,205.2
286086,288161,288162,2075,1,1,25200,207.6
286086,288149,288150,2063,1,1,25200,206.4
286086,288175,288427,2089,252,1,25200,9.28968253968
286087,288220,288238,2133,18,1,25200,119.5
286087,288251,288281,2164,30,1,25200,73.1333333333
286087,288261,288270,2174,9,1,25200,218.3
286088,288282,289176,2194,894,1,25200,3.45413870246
286088,288267,289640,2179,1373,1,25200,2.58703568827
286089,288292,288293,2203,1,1,25200,220.4
286089,288299,288746,2210,447,1,25200,5.94407158837
286089,288306,288316,2217,10,1,25200,222.7
286090,288327,288329,2237,2,1,25200,223.9
286090,288340,289117,2250,777,1,25200,3.89575289575
286090,288436,288443,2346,7,1,25200,235.3
286091,288444,289193,2353,749,1,25200,4.14152202937
286094,288455,288731,2361,276,1,25200,9.55434782609
286094,288561,288563,2467,2,1,25200,246.9
286095,288581,288603,2486,22,1,25200,114.0
286095,288568,288570,2473,2,1,25200,247.5
286095,288574,288575,2479,1,1,25200,248.0
286096,288604,288613,2508,9,1,25200,251.7
286096,288588,288589,2492,1,1,25200,249.3
286096,288596,288599,2500,3,1,25200,250.3
286097,288634,288863,2537,229,1,25200,12.0786026201
286097,288627,288632,2530,5,1,25200,253.5
286097,288622,288660,2525,38,1,25200,67.4473684211
286098,288672,288675,2574,3,1,25200,257.7
286098,288639,288693,2541,54,1,25200,48.0555555556
286098,288645,288820,2547,175,1,25200,15.5542857143
286099,288696,288717,2597,21,1,25200,124.666666667
286099,288704,288722,2605,18,1,25200,145.722222222
286099,288687,289189,2588,502,1,25200,6.15537848606
286099,288712,288714,2613,2,1,25200,261.5
286100,288726,288845,2626,119,1,25200,23.0672268908
286100,288746,313963,2646,25217,1,25200,1.10492921442
286101,288763,289055,2662,292,1,25200,10.1164383562
286101,288770,288772,2669,2,1,25200,267.1
286102,288775,289997,2673,1222,1,25200,3.18739770867
286102,288780,290089,2678,1309,1,25200,3.04583651642
286102,288793,293063,2691,4270,1,25200,1.63021077283
286103,288832,292013,2729,3181,1,25200,1.85790631877
286103,288865,289048,2762,183,1,25200,16.0928961749
286103,288800,288828,2697,28,1,25200,97.3214285714
286104,288873,289807,2769,934,1,25200,3.96466809422
286104,288840,288848,2736,8,1,25200,274.4
286104,288858,288861,2754,3,1,25200,275.7
286105,288906,288911,2801,5,1,25200,280.6
286105,288900,288940,2795,40,1,25200,70.875
286105,288879,288888,2774,9,1,25200,278.3
286106,288975,289006,2869,31,1,25200,93.5483870968
286106,288922,288997,2816,75,1,25200,38.5466666667
286106,288951,288954,2845,3,1,25200,284.8
286107,288988,289000,2881,12,1,25200,241.083333333
286107,288966,288976,2859,10,1,25200,286.9
286107,289009,292056,2902,3047,1,25200,1.95241220873
286108,289027,289198,2919,171,1,25200,18.0701754386
286108,289021,289527,2913,506,1,25200,6.75691699605
286108,289014,290978,2906,1964,1,25200,2.47963340122
286109,289066,292699,2957,3633,1,25200,1.81392788329
286109,289140,290936,3031,1796,1,25200,2.68763919822
286109,289059,289099,2950,40,1,25200,74.75
286110,289147,289148,3037,1,1,25200,303.8
286110,289112,289119,3002,7,1,25200,300.9
286110,289128,289652,3018,524,1,25200,6.75954198473
286111,289135,289136,3024,1,1,25200,302.5
286111,289159,289161,3048,2,1,25200,305.0
286112,289173,289174,3061,1,1,25200,306.2
286112,289179,289181,3067,2,1,25200,306.9
286113,289198,290730,3085,1532,1,25200,3.0137075718
286113,289192,290396,3079,1204,1,25200,3.5573089701
286114,289221,289223,3107,2,1,25200,310.9
286114,289209,289210,3095,1,1,25200,309.6
286114,289216,289294,3102,78,1,25200,40.7692307692
286115,289232,289464,3117,232,1,25200,14.4353448276
286115,289227,289238,3112,11,1,25200,283.909090909
286115,289239,289241,3124,2,1,25200,312.6
286116,289244,289255,3128,11,1,25200,285.363636364
286116,289249,289619,3133,370,1,25200,9.46756756757
286117,289257,295164,3140,5907,1,25200,1.53157271034
286117,289269,289271,3152,2,1,25200,315.4
286117,289262,293893,3145,4631,1,25200,1.67911898078
286118,289307,289690,3189,383,1,25200,9.32637075718
286118,289283,289857,3165,574,1,25200,6.51393728223
286118,289274,290028,3156,754,1,25200,5.18567639257
286119,289477,289490,3358,13,1,25200,259.307692308
286119,289499,289548,3380,49,1,25200,69.9795918367
286119,289484,289486,3365,2,1,25200,336.7
286120,289505,290081,3385,576,1,25200,6.87673611111
286120,289539,289545,3419,6,1,25200,342.5
286120,289558,289559,3438,1,1,25200,343.9
286121,289565,289820,3444,255,1,25200,14.5058823529
286121,289571,289573,3450,2,1,25200,345.2
286121,289584,290098,3463,514,1,25200,7.7373540856
286122,289645,289737,3523,92,1,25200,39.2934782609
286122,289637,289640,3515,3,1,25200,351.8
286122,289631,290680,3509,1049,1,25200,4.34509056244
286123,289652,289685,3529,33,1,25200,107.939393939
286123,289665,292750,3542,3085,1,25200,2.14813614263
286123,289657,294631,3534,4974,1,25200,1.71049457177
286124,289704,289706,3580,2,1,25200,358.2
286124,289768,289770,3644,2,1,25200,364.6
286124,289697,289699,3573,2,1,25200,357.5
286125,289712,290082,3587,370,1,25200,10.6945945946
286125,289719,289751,3594,32,1,25200,113.3125
286125,289782,289812,3657,30,1,25200,122.9
286126,289749,289751,3623,2,1,25200,362.5
286126,289763,292019,3637,2256,1,25200,2.61214539007
286126,289801,289848,3675,47,1,25200,79.1914893617
286127,289827,290072,3700,245,1,25200,16.1020408163
286127,289820,290047,3693,227,1,25200,17.268722467
286128,289849,289850,3721,1,1,25200,372.2
286128,289841,289843,3713,2,1,25200,371.5
286128,289834,289837,3706,3,1,25200,370.9
286129,289863,289913,3734,50,1,25200,75.68
286129,289868,290001,3739,133,1,25200,29.1127819549
286129,289856,290470,3727,614,1,25200,7.07003257329
286130,289933,289937,3803,4,1,25200,380.7
286130,289926,289928,3796,2,1,25200,379.8
286130,289875,289917,3745,42,1,25200,90.1666666667
286131,290009,290139,3878,130,1,25200,30.8307692308
286131,289949,290362,3818,413,1,25200,10.2445520581
286131,289940,290300,3809,360,1,25200,11.5805555556
286131,289997,290013,3866,16,1,25200,242.625
286132,290025,290258,3893,233,1,25200,17.7081545064
286132,290040,290044,3908,4,1,25200,391.2
286132,290016,290626,3884,610,1,25200,7.36721311475
286133,290057,291233,3924,1176,1,25200,4.33673469388
286133,290064,290070,3931,6,1,25200,393.7
286134,290097,290256,3963,159,1,25200,25.9245283019
286134,290083,291099,3949,1016,1,25200,4.88681102362
286134,290090,290432,3956,342,1,25200,12.567251462
286135,290164,290667,4029,503,1,25200,9.00994035785
286135,290109,292448,3974,2339,1,25200,2.69901667379
286135,290102,290138,3967,36,1,25200,111.194444444
286136,290177,290178,4041,1,1,25200,404.2
286136,290268,290339,4132,71,1,25200,59.1971830986
286136,290190,293359,4054,3169,1,25200,2.27926790786
286137,290131,290132,3994,1,1,25200,399.5
286137,290116,290118,3979,2,1,25200,398.1
286137,290144,290147,4007,3,1,25200,401.0
286138,290157,290159,4019,2,1,25200,402.1
286138,290169,290563,4031,394,1,25200,11.230964467
286138,290151,291129,4013,978,1,25200,5.10327198364
286139,290328,290329,4189,1,1,25200,419.0
286139,290314,290316,4175,2,1,25200,417.7
286139,290275,290301,4136,26,1,25200,160.076923077
286140,290352,291014,4212,662,1,25200,7.36253776435
286140,290359,290360,4219,1,1,25200,422.0
286140,290341,290342,4201,1,1,25200,420.2
286141,290490,290492,4349,2,1,25200,435.1
286141,290372,290480,4231,108,1,25200,40.1759259259
286141,290497,290500,4356,3,1,25200,435.9
286142,290504,290507,4362,3,1,25200,436.5
286142,290379,290486,4237,107,1,25200,40.5981308411
286142,290409,290415,4267,6,1,25200,427.3
286143,290427,290428,4284,1,1,25200,428.5
286143,290447,290582,4304,135,1,25200,32.8814814815
286143,290440,290462,4297,22,1,25200,196.318181818
286144,290475,290478,4331,3,1,25200,433.4
286144,290482,293019,4338,2537,1,25200,2.70989357509
286145,290509,290512,4364,3,1,25200,436.7
286145,290524,290525,4379,1,1,25200,438.0
286145,290517,290530,4372,13,1,25200,337.307692308
286146,290550,290769,4404,219,1,25200,21.1095890411
286146,290537,290538,4391,1,1,25200,439.2
286146,290544,290641,4398,97,1,25200,46.3402061856
286147,290563,290774,4416,211,1,25200,21.9289099526
286147,290557,290757,4410,200,1,25200,23.05
286147,290577,290584,4430,7,1,25200,443.7
286148,290601,291129,4453,528,1,25200,9.43371212121
286148,290594,290900,4446,306,1,25200,15.5294117647
286148,290638,290640,4490,2,1,25200,449.2
286149,290653,290663,4504,10,1,25200,451.4
286150,290671,290780,4521,109,1,25200,42.4770642202
286150,290678,290679,4528,1,1,25200,452.9
286150,290691,290692,4541,1,1,25200,454.2
286151,290705,290706,4554,1,1,25200,455.5
286151,290698,290706,4547,8,1,25200,455.5
286151,290751,290910,4600,159,1,25200,29.9308176101
286152,290718,290719,4566,1,1,25200,456.7
286152,290769,290781,4617,12,1,25200,385.75
286152,290757,290822,4605,65,1,25200,71.8461538462
286153,290723,290724,4570,1,1,25200,457.1
286153,290731,290732,4578,1,1,25200,457.9
286153,290744,290904,4591,160,1,25200,29.69375
286154,290781,290789,4627,8,1,25200,463.5
286154,290788,290876,4634,88,1,25200,53.6590909091
286154,290820,290824,4666,4,1,25200,467.0
286155,290795,290796,4640,1,1,25200,464.1
286155,290842,290905,4687,63,1,25200,75.3968253968
286155,290834,291000,4679,166,1,25200,29.186746988
286156,290808,290926,4652,118,1,25200,40.4237288136
286156,290813,291403,4657,590,1,25200,8.89322033898
286156,290801,290806,4645,5,1,25200,465.0
286157,290909,291313,4752,404,1,25200,12.7623762376
286157,290916,290922,4759,6,1,25200,476.5
286157,290888,290897,4731,9,1,25200,474.0
286158,290922,290933,4764,11,1,25200,434.090909091
286158,290929,290932,4771,3,1,25200,477.4
286158,290935,290937,4777,2,1,25200,477.9
286159,291044,291300,4885,256,1,25200,20.08203125
286159,291141,292162,4982,1021,1,25200,5.87952987267
286159,291027,291031,4868,4,1,25200,487.2
286160,291146,291148,4986,2,1,25200,498.8
286160,291161,291481,5001,320,1,25200,16.628125
286161,291230,291231,5069,1,1,25200,507.0
286161,291235,291237,5074,2,1,25200,507.6
286161,291243,293260,5082,2017,1,25200,3.51958353991
286161,291508,291512,5347,4,1,25200,535.1
286162,291579,291580,5417,1,1,25200,541.8
286162,291607,291609,5445,2,1,25200,544.7
286162,291593,291594,5431,1,1,25200,543.2
286163,291621,291622,5458,1,1,25200,545.9
286163,291634,291635,5471,1,1,25200,547.2
286164,291325,291394,5161,69,1,25200,75.7971014493
286164,291256,291328,5092,72,1,25200,71.7222222222
286164,291317,291744,5153,427,1,25200,13.0679156909
286165,291358,291385,5193,27,1,25200,193.333333333
286165,291397,291857,5232,460,1,25200,12.3739130435
286165,291340,291346,5175,6,1,25200,518.1
286166,291415,292246,5249,831,1,25200,7.31648616125
286166,291406,291930,5240,524,1,25200,11.0
286166,291496,292026,5330,530,1,25200,11.0566037736
286167,291502,294201,5335,2699,1,25200,2.97665802149
286167,291670,292070,5503,400,1,25200,14.7575
286167,291647,291792,5480,145,1,25200,38.7931034483
286168,291945,291964,5777,19,1,25200,305.052631579
286168,291976,294060,5808,2084,1,25200,3.78694817658
286168,292025,292027,5857,2,1,25200,585.9
286169,292080,292092,5911,12,1,25200,493.583333333
286169,292070,292072,5901,2,1,25200,590.3
286169,292044,292068,5875,24,1,25200,245.791666667
286170,306472,307354,20302,882,1,25200,24.0181405896
286170,307366,307368,21196,2,1,25200,2119.8
286170,306399,331645,20229,25246,1,25200,1.80127544958
286171,307380,307398,21209,18,1,25200,1179.27777778
286171,307410,307729,21239,319,1,25200,67.5799373041
286172,307862,308012,21690,150,1,25200,145.6
286172,292142,292164,5970,22,1,25200,272.363636364
286172,292129,292130,5957,1,1,25200,595.8
286172,292112,292117,5940,5,1,25200,594.5
286173,299695,299696,13522,1,1,25200,1352.3
286173,292232,292280,6059,48,1,25200,127.229166667
286173,299708,300923,13535,1215,1,25200,12.1399176955
286174,306336,306386,20162,50,1,25200,404.24
286174,308444,308741,22270,297,1,25200,75.9831649832
286174,310299,310300,24125,1,1,25200,2412.6
286175,310313,310478,24138,165,1,25200,147.290909091
286175,310616,310620,24441,4,1,25200,2444.5
286175,310491,310603,24316,112,1,25200,218.107142857
286176,310632,310633,24456,1,1,25200,2445.7
286177,310854,311600,24677,746,1,25200,34.0790884718
286177,310657,310842,24480,185,1,25200,133.324324324
286177,310909,310910,24732,1,1,25200,2473.3
286178,310948,311079,24770,131,1,25200,190.083969466
286178,310935,310936,24757,1,1,25200,2475.8
286178,310922,310923,24744,1,1,25200,2474.5
286179,311629,311630,25450,1,1,25200,2545.1
286179,311642,312507,25463,865,1,25200,30.4369942197
286179,311613,311616,25434,3,1,25200,2543.7
286180,312518,312520,26338,2,1,25200,2634.0
286180,312532,312576,26352,44,1,25200,599.909090909
286180,312588,312590,26408,2,1,25200,2641.0
286181,312602,312626,26421,24,1,25200,1101.875
286181,312638,312640,26457,2,1,25200,2645.9
286181,312652,312653,26471,1,1,25200,2647.2
286182,312666,312678,26484,12,1,25200,2208.0
286182,312691,312692,26509,1,1,25200,2651.0
286182,312707,312875,26525,168,1,25200,158.886904762
286183,312946,312979,26763,33,1,25200,812.0
286183,312892,312934,26709,42,1,25200,636.928571429
286183,312991,312993,26808,2,1,25200,2681.0
286184,313031,313032,26847,1,1,25200,2684.8
286184,313017,313019,26833,2,1,25200,2683.5
286185,313087,313088,26902,1,1,25200,2690.3
286185,313071,313075,26886,4,1,25200,2689.0
286185,313044,313058,26859,14,1,25200,1919.5
286186,313132,313178,26946,46,1,25200,586.782608696
286187,314395,314401,28208,6,1,25200,2821.4
286187,313190,314415,27003,1225,1,25200,23.0432653061
286187,314414,314423,28227,9,1,25200,2823.6
286188,314436,314437,28248,1,1,25200,2824.9
286188,314429,314442,28241,13,1,25200,2173.38461538
286189,314456,314457,28267,1,1,25200,2826.8
286189,314463,314634,28274,171,1,25200,166.34502924
286189,314470,314486,28281,16,1,25200,1768.5625
286190,314499,314523,28309,24,1,25200,1180.54166667
286190,314536,314566,28346,30,1,25200,945.866666667
286191,314592,314792,28401,200,1,25200,143.005
286191,314579,314580,28388,1,1,25200,2838.9
286192,314646,314648,28454,2,1,25200,2845.6
286193,314698,314751,28505,53,1,25200,538.830188679
286193,314685,314686,28492,1,1,25200,2849.3
286193,314763,314765,28570,2,1,25200,2857.2
286194,314804,316062,28610,1258,1,25200,23.7424483307
286194,315067,315069,28873,2,1,25200,2887.5
286194,314777,315054,28583,277,1,25200,104.187725632
286195,315172,315180,28977,8,1,25200,2898.5
286195,315081,315133,28886,52,1,25200,556.5
286195,315146,315147,28951,1,1,25200,2895.2
286196,315192,315204,28996,12,1,25200,2417.33333333
286196,315216,315217,29020,1,1,25200,2902.1
286197,315229,315231,29032,2,1,25200,2903.4
286197,315243,315649,29046,406,1,25200,72.5418719212
286197,315661,315785,29464,124,1,25200,238.612903226
286198,315810,315821,29612,11,1,25200,2693.0
286198,315679,340920,29481,25241,1,25200,2.16798066638
286198,315797,315798,29599,1,1,25200,2960.0
286199,315846,315868,29647,22,1,25200,1348.59090909
286199,315880,315912,29681,32,1,25200,928.53125
286200,315924,315933,29724,9,1,25200,2973.3
286200,315958,316461,29758,503,1,25200,60.1610337972
286201,316263,317005,30062,742,1,25200,41.5148247978
286201,316074,316237,29873,163,1,25200,184.26993865
286201,316250,316251,30049,1,1,25200,3005.0
286202,316474,316477,30272,3,1,25200,3027.5
286202,316490,316492,30288,2,1,25200,3029.0
286203,316529,316834,30326,305,1,25200,100.429508197
286204,316847,316848,30643,1,1,25200,3064.4
286204,316861,316862,30657,1,1,25200,3065.8
286205,316899,316915,30694,16,1,25200,1919.375
286206,316927,316929,30721,2,1,25200,3072.3
286206,316941,316942,30735,1,1,25200,3073.6
286207,316980,316990,30773,10,1,25200,3078.3
286208,317002,317003,30794,1,1,25200,3079.5
286208,317016,317030,30808,14,1,25200,2201.57142857
286208,317022,317183,30814,161,1,25200,192.391304348
286209,317043,317211,30834,168,1,25200,184.535714286
286209,317074,317075,30865,1,1,25200,3086.6
286210,317111,317178,30901,67,1,25200,462.208955224
286210,317088,317091,30878,3,1,25200,3088.1
286210,317232,317270,31022,38,1,25200,817.368421053
286211,317197,317198,30986,1,1,25200,3098.7
286211,317190,317192,30979,2,1,25200,3098.1
286211,317239,317271,31028,32,1,25200,970.625
286212,317282,317717,31070,435,1,25200,72.4252873563
286213,317218,317219,31005,1,1,25200,3100.6
286213,317211,317316,30998,105,1,25200,296.219047619
286214,317289,317290,31075,1,1,25200,3107.6
286214,317225,317227,31011,2,1,25200,3101.3
286214,317302,317706,31088,404,1,25200,77.9504950495
286215,317328,317381,31113,53,1,25200,588.037735849
286215,317393,317479,31178,86,1,25200,363.534883721
286215,317492,317533,31277,41,1,25200,763.853658537
286216,317599,317618,31383,19,1,25200,1652.73684211
286216,317585,317587,31369,2,1,25200,3137.1
286216,317545,317572,31329,27,1,25200,1161.33333333
286217,317630,317636,31413,6,1,25200,3141.9
286217,317648,317654,31431,6,1,25200,3143.7
286218,317666,317667,31448,1,1,25200,3144.9
286218,317679,317686,31461,7,1,25200,3146.8
286219,317719,317720,31500,1,1,25200,3150.1
286219,317729,319096,31510,1367,1,25200,24.0504754938
286219,317698,317731,31479,33,1,25200,954.909090909
286220,317736,317761,31516,25,1,25200,1261.64
286220,317743,317750,31523,7,1,25200,3153.0
286221,317780,317782,31559,2,1,25200,3156.1
286221,317773,318102,31552,329,1,25200,96.9027355623
286221,317762,317763,31541,1,1,25200,3154.2
286222,317845,318023,31623,178,1,25200,178.657303371
286222,317794,317801,31572,7,1,25200,3157.9
286222,317813,317833,31591,20,1,25200,1580.55
286223,318104,318105,31881,1,1,25200,3188.2
286223,318036,318092,31813,56,1,25200,569.089285714
286224,318135,318202,31911,67,1,25200,477.28358209
286224,318115,318532,31891,417,1,25200,77.4772182254
286225,318227,318721,32002,494,1,25200,65.7813765182
286225,318214,318215,31989,1,1,25200,3199.0
286226,318314,318315,32088,1,1,25200,3208.9
286226,318467,318553,32241,86,1,25200,375.895348837
286226,318544,318546,32318,2,1,25200,3232.0
286227,318572,318574,32345,2,1,25200,3234.7
286227,318565,318572,32338,7,1,25200,3234.5
286228,318591,318789,32363,198,1,25200,164.449494949
286228,318584,318619,32356,35,1,25200,925.457142857
286229,319011,319023,32782,12,1,25200,2732.83333333
286229,318631,318634,32402,3,1,25200,3240.5
286230,319088,319623,32858,535,1,25200,62.4168224299
286230,319077,319079,32847,2,1,25200,3284.9
286230,319035,319076,32805,41,1,25200,801.12195122
286231,318646,318661,32415,15,1,25200,2162.0
286231,318673,318687,32442,14,1,25200,2318.28571429
286232,318701,318748,32469,47,1,25200,691.829787234
286232,318733,318859,32501,126,1,25200,258.944444444
286232,318761,318790,32529,29,1,25200,1122.68965517
286233,318803,318805,32570,2,1,25200,3257.2
286233,318871,318873,32638,2,1,25200,3264.0
286233,318817,318984,32584,167,1,25200,196.113772455
286234,318997,318998,32763,1,1,25200,3276.4
286234,318885,319064,32651,179,1,25200,183.407821229
286235,319614,319616,33379,2,1,25200,3338.1
286235,319095,319150,32860,55,1,25200,598.454545455
286235,319628,319886,33393,258,1,25200,130.430232558
286236,319163,319549,32927,386,1,25200,86.3031088083
286236,319561,319564,33325,3,1,25200,3332.8
286237,319576,319586,33339,10,1,25200,3334.9
286237,319598,319602,33361,4,1,25200,3336.5
286237,319640,319641,33403,1,1,25200,3340.4
286238,319666,319686,33428,20,1,25200,1672.4
286238,347675,347730,61437,55,1,25200,1118.03636364
286239,319898,319900,33659,2,1,25200,3366.1
286239,347680,347694,61441,14,1,25200,4389.64285714
286239,319699,320185,33460,486,1,25200,69.8477366255
286240,319913,319914,33673,1,1,25200,3367.4
286240,319926,319927,33686,1,1,25200,3368.7
286241,319940,319962,33699,22,1,25200,1532.77272727
286241,319975,319987,33734,12,1,25200,2812.16666667
286242,347686,348083,61444,397,1,25200,155.770780856
286242,319999,320016,33757,17,1,25200,1986.70588235
286242,347691,347692,61449,1,1,25200,6145.0
286243,320225,320226,33982,1,1,25200,3398.3
286243,320029,320225,33786,196,1,25200,173.37755102
286243,320212,320213,33969,1,1,25200,3397.0
286244,347670,347781,61426,111,1,25200,554.387387387
286245,347710,347712,61465,2,1,25200,6146.7
286245,347718,347893,61473,175,1,25200,352.274285714
286246,347736,347737,61490,1,1,25200,6149.1
286246,347744,347747,61498,3,1,25200,6150.1
286247,347770,347771,61523,1,1,25200,6152.4
286247,347752,349102,61505,1350,1,25200,46.5592592593
286248,347793,353483,61545,5690,1,25200,11.816344464
286248,347800,347819,61552,19,1,25200,3240.57894737
286249,347831,347832,61582,1,1,25200,6158.3
286249,347843,347844,61594,1,1,25200,6159.5
286250,347906,347949,61656,43,1,25200,1434.86046512
286250,347868,347910,61618,42,1,25200,1468.0952381
286251,347935,347944,61684,9,1,25200,6169.3
286251,347922,347923,61671,1,1,25200,6167.2
286252,347956,347957,61704,1,1,25200,6170.5
286253,348039,348084,61786,45,1,25200,1374.02222222
286254,347970,348141,61716,171,1,25200,361.912280702
286254,347977,347980,61723,3,1,25200,6172.6
286254,348095,348098,61841,3,1,25200,6184.4
286256,348101,348260,61845,159,1,25200,389.962264151
286256,348109,348110,61853,1,1,25200,6185.4
286257,348122,348163,61865,41,1,25200,1509.90243902
286257,348153,348154,61896,1,1,25200,6189.7
286258,348165,348168,61907,3,1,25200,6191.0
286258,348174,348175,61916,1,1,25200,6191.7
286258,348181,348498,61923,317,1,25200,196.340694006
286259,348188,348217,61929,29,1,25200,2136.48275862
286259,348229,348230,61970,1,1,25200,6197.1
286259,348242,348251,61983,9,1,25200,6199.2
286260,348271,348275,62011,4,1,25200,6201.5
286260,348279,348386,62019,107,1,25200,580.61682243
286260,348263,348265,62003,2,1,25200,6200.5
286261,348509,348511,62248,2,1,25200,6225.0
286261,348522,348552,62261,30,1,25200,2076.36666667
286262,348286,348295,62024,9,1,25200,6203.3
286262,348308,348309,62046,1,1,25200,6204.7
286263,348336,348789,62073,453,1,25200,138.026490066
286263,348592,348593,62329,1,1,25200,6233.0
286263,348321,348325,62058,4,1,25200,6206.2
286264,348447,348448,62183,1,1,25200,6218.4
286264,348432,348435,62168,3,1,25200,6217.1
286264,348397,348420,62133,23,1,25200,2702.43478261
286265,348459,348584,62194,125,1,25200,498.552
286265,348563,348565,62298,2,1,25200,6230.0
286266,348576,348581,62310,5,1,25200,6231.5
286266,348606,348643,62340,37,1,25200,1685.86486486
286266,348599,348613,62333,14,1,25200,4453.35714286
286267,348624,348647,62357,23,1,25200,2712.17391304
286267,348655,348685,62388,30,1,25200,2080.6
286268,348686,348687,62418,1,1,25200,6241.9
286269,348697,348810,62428,113,1,25200,553.460176991
286270,348716,349909,62446,1193,1,25200,53.3436714166
286270,348745,348924,62475,179,1,25200,350.022346369
286271,348820,349482,62549,662,1,25200,95.4848942598
286271,348802,348808,62531,6,1,25200,6253.7
286272,348844,348846,62572,2,1,25200,6257.4
286272,348826,348833,62554,7,1,25200,6256.1
286272,348858,348860,62586,2,1,25200,6258.8
286273,348883,348884,62610,1,1,25200,6261.1
286274,348908,348953,62634,45,1,25200,1392.86666667
286274,348960,349136,62686,176,1,25200,357.170454545
286274,348895,348896,62621,1,1,25200,6262.2
286275,348967,348968,62692,1,1,25200,6269.3
286275,348936,348948,62661,12,1,25200,5222.75
286275,348979,348980,62704,1,1,25200,6270.5
286276,348992,349056,62716,64,1,25200,980.9375
286276,349081,349082,62805,1,1,25200,6280.6
286276,349068,349070,62792,2,1,25200,6279.4
286277,349093,349094,62816,1,1,25200,6281.7
286277,349121,349125,62844,4,1,25200,6284.8
286278,349127,349130,62849,3,1,25200,6285.2
286278,349115,349130,62837,15,1,25200,4190.13333333
286279,349132,349164,62853,32,1,25200,1965.15625
286280,355891,355892,69611,1,1,25200,6961.2
286280,349147,349149,62867,2,1,25200,6286.9
286280,355886,355887,69606,1,1,25200,6960.7
286281,349165,350214,62884,1049,1,25200,60.9466158246
286281,349160,351412,62879,2252,1,25200,28.9214031972
286281,349152,349157,62871,5,1,25200,6287.6
286282,349173,349188,62891,15,1,25200,4193.73333333
286282,355897,355906,69615,9,1,25200,6962.4
286283,355907,355908,69624,1,1,25200,6962.5
286283,355902,355914,69619,12,1,25200,5802.58333333
286284,355918,355919,69634,1,1,25200,6963.5
286284,355924,356770,69640,846,1,25200,83.31678487
286285,355929,355931,69644,2,1,25200,6964.6
286285,355940,355941,69655,1,1,25200,6965.6
286286,355945,355947,69659,2,1,25200,6966.1
286286,355951,355964,69665,13,1,25200,5359.84615385
286287,355964,355967,69677,3,1,25200,6968.0
286287,355959,355960,69672,1,1,25200,6967.3
286288,355980,355981,69692,1,1,25200,6969.3
286288,355986,356989,69698,1003,1,25200,70.4895314058
286288,355975,356063,69687,88,1,25200,792.897727273
286289,355991,355992,69702,1,1,25200,6970.3
286289,355996,356311,69707,315,1,25200,222.292063492
286290,356007,356326,69717,319,1,25200,219.548589342
286290,356002,356057,69712,55,1,25200,1268.49090909
286291,356031,357798,69740,1767,1,25200,40.468024901
286291,356026,356028,69735,2,1,25200,6973.7
286291,356013,356217,69722,204,1,25200,342.774509804
286292,356047,358598,69755,2551,1,25200,28.3441787534
286292,356037,356038,69745,1,1,25200,6974.6
286293,356058,358217,69765,2159,1,25200,33.3135710977
286293,356053,356068,69760,15,1,25200,4651.66666667
286293,356064,356089,69771,25,1,25200,2791.84
286294,356077,356379,69783,302,1,25200,232.069536424
286294,356069,356070,69775,1,1,25200,6977.6
286295,356082,356177,69787,95,1,25200,735.6
286295,356093,356096,69798,3,1,25200,6980.1
286295,356088,356693,69793,605,1,25200,116.360330579
286296,356106,356124,69810,18,1,25200,3879.33333333
286297,356111,365802,69814,9691,1,25200,8.20400371479
286297,356117,356239,69820,122,1,25200,573.295081967
286298,356130,356131,69832,1,1,25200,6983.3
286298,356138,356524,69840,386,1,25200,181.932642487
286298,356143,356604,69845,461,1,25200,152.507592191
286299,356181,357491,69882,1310,1,25200,54.3450381679
286299,356151,356157,69852,6,1,25200,6985.8
286300,356190,356193,69890,3,1,25200,6989.3
286300,356211,356215,69911,4,1,25200,6991.5
286301,356227,356576,69926,349,1,25200,201.361031519
286301,356235,356236,69934,1,1,25200,6993.5
286301,356217,357546,69916,1329,1,25200,53.6079759217
286302,356249,356296,69947,47,1,25200,1489.23404255
286302,356257,357314,69955,1057,1,25200,67.1825922422
286303,356313,356315,70010,2,1,25200,7001.2
286303,356318,356361,70015,43,1,25200,1629.25581395
286303,356326,356530,70023,204,1,25200,344.25
286304,356340,357421,70036,1081,1,25200,65.7881591119
286304,356373,356375,70069,2,1,25200,7007.1
286304,356332,356939,70028,607,1,25200,116.36738056
286305,356386,356398,70081,12,1,25200,5841.08333333
286305,356394,356395,70089,1,1,25200,7009.0
286306,356407,358863,70101,2456,1,25200,29.542752443
286306,356414,356500,70108,86,1,25200,816.209302326
286307,356491,356495,70184,4,1,25200,7018.8
286307,356511,356590,70204,79,1,25200,889.658227848
286307,356497,356498,70190,1,1,25200,7019.1
286308,356516,356518,70208,2,1,25200,7021.0
286308,356523,356524,70215,1,1,25200,7021.6
286308,356537,356999,70229,462,1,25200,153.010822511
286309,356545,356547,70236,2,1,25200,7023.8
286309,356556,356564,70247,8,1,25200,7025.5
286309,356550,356705,70241,155,1,25200,454.167741935
286310,356562,356829,70252,267,1,25200,264.116104869
286311,356588,357019,70277,431,1,25200,164.055684455
286311,356593,356632,70282,39,1,25200,1803.1025641
286311,356602,356757,70291,155,1,25200,454.490322581
286312,356617,357083,70305,466,1,25200,151.869098712
286312,356644,356705,70332,61,1,25200,1153.98360656
286313,356716,356718,70403,2,1,25200,7040.5
286313,356707,356794,70394,87,1,25200,810.126436782
286313,356722,358567,70409,1845,1,25200,39.1620596206
286314,356769,356831,70455,62,1,25200,1137.37096774
286314,356730,359123,70416,2393,1,25200,30.4258253239
286315,356814,356839,70499,25,1,25200,2820.96
286315,356806,356824,70491,18,1,25200,3917.16666667
286316,356837,356839,70521,2,1,25200,7052.3
286316,356845,356883,70529,38,1,25200,1857.02631579
286317,356858,356860,70541,2,1,25200,7054.3
286317,356850,357672,70533,822,1,25200,86.8065693431
286317,356863,357205,70546,342,1,25200,207.274853801
286318,357365,357366,71047,1,1,25200,7104.8
286319,357377,360835,71058,3458,1,25200,21.5488721805
286319,357390,357514,71071,124,1,25200,574.153225806
286319,357405,357407,71086,2,1,25200,7108.8
286320,357415,357607,71095,192,1,25200,371.286458333
286320,356896,356897,70576,1,1,25200,7057.7
286321,356909,356910,70588,1,1,25200,7058.9
286321,356916,356932,70595,16,1,25200,4413.1875
286321,356902,356905,70581,3,1,25200,7058.4
286322,356945,357522,70623,577,1,25200,123.396880416
286322,356931,357008,70609,77,1,25200,918.0
286323,356952,356955,70629,3,1,25200,7063.2
286323,356967,356968,70644,1,1,25200,7064.5
286323,356979,357318,70656,339,1,25200,209.424778761
286324,357012,357013,70688,1,1,25200,7068.9
286324,357002,357078,70678,76,1,25200,930.973684211
286325,357027,357029,70702,2,1,25200,7070.4
286325,357020,357404,70695,384,1,25200,185.1015625
286325,357033,357035,70708,2,1,25200,7071.0
286326,357048,357050,70722,2,1,25200,7072.4
286326,357042,357241,70716,199,1,25200,356.35678392
286327,357089,357163,70762,74,1,25200,957.243243243
286327,357062,357390,70735,328,1,25200,216.655487805
286328,357174,357184,70846,10,1,25200,7085.6
286328,357097,358183,70769,1086,1,25200,66.164825046
286328,357196,357450,70868,254,1,25200,280.007874016
286329,357253,358156,70924,903,1,25200,79.5426356589
286329,357216,357226,70887,10,1,25200,7089.7
286329,357238,357243,70909,5,1,25200,7091.4
286330,357283,357353,70953,70,1,25200,1014.61428571
286330,357259,357271,70929,12,1,25200,5911.75
286331,357332,357360,71001,28,1,25200,2536.75
286331,357422,357488,71091,66,1,25200,1078.13636364
286331,357326,357674,70995,348,1,25200,205.00862069
286332,357462,357542,71130,80,1,25200,890.125
286332,357432,357585,71100,153,1,25200,465.705882353
286333,357508,358579,71175,1071,1,25200,67.4565826331
286333,357500,357502,71167,2,1,25200,7116.9
286334,357515,357518,71181,3,1,25200,7118.4
286334,357527,358381,71193,854,1,25200,84.3641686183
286335,357546,357547,71211,1,1,25200,7121.2
286335,357554,357561,71219,7,1,25200,7122.6
286335,357539,358545,71204,1006,1,25200,71.7793240557
286336,357566,357951,71230,385,1,25200,186.012987013
286336,357561,357609,71225,48,1,25200,1484.85416667
286906,286957,287920,51,963,1,1200,1.05295950156
289657,291012,292894,1355,1882,4,72000,1.71997874601
289670,291087,292926,1417,1839,4,72000,1.77052746058
290254,291294,307432,1040,16138,16,21600,1.06444416904
290384,290965,291220,581,255,8,300,3.27843137255
290518,360678,367883,70160,7205,24,7199,10.7376821652
290550,290950,309258,400,18308,4,18300,1.0218483723
291039,291051,297660,12,6609,2,10800,1.00181570586
291073,291080,298313,7,7233,2,10800,1.00096778653
291109,291115,297494,6,6379,2,10800,1.0009405863
291252,291263,297900,11,6637,2,10800,1.00165737532
291254,291268,297701,14,6433,2,10800,1.00217627856
291281,291287,297416,6,6129,2,10800,1.00097895252
291283,291305,297871,22,6566,2,10800,1.00335059397
291361,292836,292888,1475,52,10,300,29.3653846154
291361,292980,293039,1619,59,9,300,28.4406779661
291361,292063,292235,702,172,8,300,5.08139534884
291365,297426,297489,6061,63,8,480,97.2063492063
291365,292997,293056,1632,59,9,480,28.6610169492
291366,292900,292969,1534,69,10,480,23.231884058
291410,291422,298236,12,6814,2,10800,1.00176108013
291424,291450,307606,26,16156,8,86400,1.00160930923
291425,291755,310893,330,19138,8,86400,1.01724318111
291425,291573,297409,148,5836,8,86400,1.0253598355
291426,291951,298233,525,6282,8,86400,1.08357211079
291426,291809,306454,383,14645,8,86400,1.0261522704
291427,292004,298402,577,6398,8,86400,1.09018443264
291428,292172,298662,744,6490,8,86400,1.11463790447
291429,292396,298404,967,6008,8,86400,1.16095206391
291429,292177,299542,748,7365,8,86400,1.10156143924
291430,292487,297347,1057,4860,8,86400,1.21748971193
291430,292482,298703,1052,6221,8,86400,1.16910464556
291431,292662,299085,1231,6423,8,86400,1.19165498988
291432,291438,299256,6,7818,2,10800,1.00076745971
291447,291458,298346,11,6888,2,10800,1.00159698026
291465,291473,298272,8,6799,2,10800,1.00117664362
291467,291478,297773,11,6295,2,10800,1.00174741859
291482,291488,297748,6,6260,2,10800,1.00095846645
291509,291517,297907,8,6390,2,10800,1.00125195618
291511,291524,297939,13,6415,2,10800,1.00202650039
291560,291567,297497,7,5930,2,10800,1.00118043845
291575,291586,298947,11,7361,2,10800,1.00149436218
291577,291600,298400,23,6800,2,10800,1.00338235294
291592,291720,298535,128,6815,2,10800,1.01878209831
291623,291768,298896,145,7128,2,10800,1.02034231201
291710,291883,298925,173,7042,2,10800,1.02456688441
291732,291890,298571,158,6681,2,10800,1.02364915432
291747,291920,298734,173,6814,2,10800,1.0253889052
291762,291938,298362,176,6424,2,10800,1.02739726027
291780,291959,298849,179,6890,2,10800,1.0259796807
291782,292051,299792,269,7741,2,10800,1.0347500323
291800,292087,298957,287,6870,2,10800,1.04177583697
291841,293030,299678,1189,6648,2,10800,1.17885078219
291892,293051,299909,1159,6858,2,10800,1.16899970837
291907,293056,300007,1149,6951,2,10800,1.16529995684
291923,293061,299174,1138,6113,2,10800,1.18616064126
291938,293067,300189,1129,7122,2,10800,1.15852288683
291940,293073,299817,1133,6744,2,10800,1.16800118624
291956,293079,299550,1123,6471,2,10800,1.17354350178
291958,293084,300039,1126,6955,2,10800,1.16189791517
291959,293089,299470,1130,6381,2,10800,1.17708823068
291975,293095,300518,1120,7423,2,10800,1.15088239256
291977,293272,300115,1295,6843,2,10800,1.18924448341
291995,293308,299539,1313,6231,2,10800,1.2107205906
292025,293905,301008,1880,7103,2,10800,1.26467689709
292037,292155,292160,118,5,16,345600,12.3
292040,294213,300297,2173,6084,2,10800,1.35716633794
292045,310048,311762,18003,1714,4,18120,11.5035005834
292056,294799,300988,2743,6189,2,10800,1.44320568751
292058,297433,304473,5375,7040,2,10800,1.76349431818
292060,297508,304601,5448,7093,2,10800,1.76808120682
292087,297515,303985,5428,6470,2,10800,1.83894899536
292103,297675,304373,5572,6698,2,10800,1.83189011645
292104,297713,304101,5609,6388,2,10800,1.87805259862
292120,297760,303762,5640,6002,2,10800,1.93968677108
292141,297789,304777,5648,6988,2,10800,1.80824270177
292143,297912,305074,5769,7162,2,10800,1.80550125663
292158,297924,306043,5766,8119,2,10800,1.7101859835
292201,292246,292470,45,224,16,480,1.20089285714
292215,297952,303710,5737,5758,2,10800,1.99635290031
292217,298248,305818,6031,7570,2,10800,1.79669749009
292232,298325,304549,6093,6224,2,10800,1.97895244216
292263,298359,304464,6096,6105,2,10800,1.99852579853
292332,299267,305265,6935,5998,2,10800,2.15621873958
292381,299313,306060,6932,6747,2,10800,2.02741959389
292423,299481,306355,7058,6874,2,10800,2.02676752982
292494,299803,306454,7309,6651,2,10800,2.09893249135
292558,292731,292779,173,48,3,300,4.60416666667
292559,292565,292599,6,34,4,300,1.17647058824
292559,292612,292651,53,39,6,300,2.35897435897
292559,292938,292986,379,48,5,300,8.89583333333
292560,292791,292824,231,33,7,300,8.0
292562,292749,292795,187,46,3,480,5.0652173913
292563,298232,298716,5669,484,5,480,12.7128099174
292563,292708,292737,145,29,4,480,6.0
292563,298255,298763,5692,508,6,480,12.2047244094
292564,297501,297728,4937,227,7,480,22.7488986784
292603,299828,306324,7225,6496,2,10800,2.1122229064
292699,299920,305549,7221,5629,2,10800,2.28282110499
292721,300019,306515,7298,6496,2,10800,2.12346059113
292739,300050,306967,7311,6917,2,10800,2.05696111031
293300,303722,309448,10422,5726,2,10800,2.82011875655
293381,293388,293389,7,1,1,600,1.0
293450,293457,293463,7,6,1,600,1.3
294037,294071,294100,34,29,1,3600,2.1724137931
294296,294643,294673,347,30,1,3600,12.5666666667
295029,297744,314994,2715,17250,16,25200,1.15739130435
295270,295277,295472,7,195,1,3540,1.0358974359
295356,297480,297573,2124,93,3,90,23.8387096774
295382,311774,313517,16392,1743,4,18120,10.404475043
295388,297523,297601,2135,78,3,90,28.3717948718
295394,295484,296953,90,1469,1,3540,1.06126616746
295434,297369,297511,1935,142,1,3540,14.6267605634
295457,297375,297607,1918,232,1,3540,9.26724137931
295481,297380,297761,1899,381,1,3540,5.9842519685
295520,297386,297671,1866,285,1,3540,7.54736842105
295543,297440,297888,1897,448,1,3540,5.234375
295567,297641,298060,2074,419,1,3540,5.94988066826
295590,297649,298120,2059,471,1,3540,5.37154989384
295614,297689,298064,2075,375,1,3540,6.53333333333
295637,297773,298215,2136,442,1,3540,5.83257918552
295681,296965,299634,1284,2669,2,3600,1.48107905583
295684,297942,298247,2258,305,1,3540,8.40327868852
295696,298775,355869,3079,57094,16,345600,1.05392860896
295749,297959,298171,2210,212,1,3540,11.4245283019
295797,298072,298220,2275,148,1,3540,16.3716216216
295847,298418,370452,2571,72034,16,72000,1.03569147902
295848,297364,297468,1516,104,4,3540,15.5769230769
295872,298079,298180,2207,101,1,3540,22.8514851485
297013,298968,318286,1955,19318,8,57600,1.10120095248
297591,297598,297623,7,25,3,90,1.28
297605,297614,297650,9,36,3,90,1.25
297661,297668,297691,7,23,3,90,1.30434782609
297673,297682,297713,9,31,3,90,1.29032258065
297768,297883,297899,115,16,1,3600,8.1875
297774,297900,297916,126,16,1,3600,8.875
297830,297917,297929,87,12,1,3600,8.25
297852,297931,297942,79,11,1,3600,8.18181818182
298294,299100,318292,806,19192,8,57600,1.04199666528
298370,298424,299299,54,875,1,3600,1.06171428571
298374,298432,299310,58,878,1,3600,1.06605922551
298393,298437,299310,44,873,1,3600,1.05040091638
298416,298728,299593,312,865,1,3600,1.36069364162
298431,299383,318450,952,19067,8,57600,1.04992919704
298453,298718,730742,265,432024,20,432000,1.00061339185
298802,299259,299308,457,49,3,300,10.3265306122
298833,298861,299182,28,321,4,300,1.08722741433
298893,299194,299247,301,53,6,300,6.67924528302
299300,299321,299372,21,51,4,300,1.41176470588
299381,299559,299611,178,52,5,300,4.42307692308
299390,299690,319828,300,20138,16,21600,1.01489720926
299433,330309,347658,30876,17349,5,21600,2.7796991181
299805,300497,302694,692,2197,2,7200,1.31497496586
299812,300126,300994,314,868,1,3600,1.36175115207
299824,300132,300974,308,842,1,3600,1.36579572447
299844,300202,301059,358,857,1,3600,1.41773628938
299873,300207,302104,334,1897,1,3600,1.17606747496
300057,304113,312452,4056,8339,5,28800,1.48638925531
300375,306213,479063,5838,172850,2,172800,1.03377494938
300430,306367,462176,5937,155809,2,172800,1.03810434571
300490,307906,307937,7416,31,16,86400,240.225806452
300637,308081,327391,7444,19310,8,57600,1.38549974107
300637,310293,483136,9656,172843,2,172800,1.05586572786
300693,306532,309750,5839,3218,20,10800,2.81448104413
300804,313534,486379,12730,172845,2,172800,1.07364980185
300863,300935,300986,72,51,3,300,2.41176470588
300886,313706,486556,12820,172850,2,172800,1.07416835406
300893,300999,301325,106,326,4,300,1.32515337423
300907,308427,327458,7520,19031,8,57600,1.39514476381
300923,301021,301074,98,53,5,300,2.84905660377
300955,301086,301410,131,324,6,300,1.40432098765
300986,301911,302226,925,315,7,300,3.93650793651
301016,301844,301899,828,55,8,300,16.0545454545
301046,301781,301832,735,51,9,300,15.4117647059
301077,301422,301769,345,347,10,300,1.99423631124
301247,317944,490794,16697,172850,2,172800,1.09659820654
301298,332762,505612,31464,172850,2,172800,1.18203066242
301679,307947,847954,6268,540007,16,540000,1.01160725694
302878,332716,404719,29838,72003,2,72000,1.41439940002
303216,303222,303223,6,1,1,3540,1.0
303239,303245,303246,6,1,1,3540,1.0
303394,303401,303402,7,1,4,3600,1.0
303399,303408,303409,9,1,1,3540,1.0
303479,303486,304140,7,654,4,3600,1.01070336391
303494,303502,303503,8,1,4,3540,1.0
303724,304477,311977,753,7500,5,28800,1.1004
304137,304153,304608,16,455,10,420,1.03516483516
304214,304625,304677,411,52,4,420,8.90384615385
304424,304620,305268,196,648,4,3600,1.3024691358
304594,305086,312688,492,7602,5,28800,1.06471981058
304594,304613,311497,19,6884,5,28800,1.00276002324
304616,306056,313534,1440,7478,5,28800,1.19256485691
304802,304809,304860,7,51,5,420,1.13725490196
305085,308433,315667,3348,7234,5,28800,1.46281448714
305193,305200,305251,7,51,6,420,1.13725490196
305316,305323,305778,7,455,5,420,1.01538461538
305689,305695,305747,6,52,5,420,1.11538461538
305781,305787,306001,6,214,7,420,1.02803738318
305790,305796,306551,6,755,4,3600,1.00794701987
306004,306013,306065,9,52,7,420,1.17307692308
306053,308438,315563,2385,7125,5,28800,1.33473684211
306144,306151,306204,7,53,10,420,1.1320754717
306166,307443,307697,1277,254,16,3600,6.02755905512
306222,306229,306306,7,77,9,420,1.09090909091
306224,307708,307894,1484,186,16,3600,8.97849462366
306313,306320,306372,7,52,8,420,1.13461538462
306375,306384,306450,9,66,9,420,1.13636363636
306456,306467,306520,11,53,9,420,1.20754716981
306544,306563,306615,19,52,5,420,1.36538461538
306656,341174,356480,34518,15306,2,43200,3.25519404155
306701,306708,306761,7,53,4,420,1.1320754717
306772,306778,306828,6,50,3,420,1.12
306850,306856,306906,6,50,3,420,1.12
307103,341180,366301,34077,25121,2,43200,2.35651446997
307198,307740,307791,542,51,11,420,11.6274509804
307230,307622,307728,392,106,12,420,4.69811320755
307333,307340,310092,7,2752,4,5400,1.00254360465
307382,307389,307390,7,1,1,3540,1.0
307396,341185,368803,33789,27618,2,72000,2.22344123398
307554,308455,309932,901,1477,1,3540,1.61002031144
307595,308461,308599,866,138,1,3540,7.27536231884
307619,308555,308780,936,225,1,3540,5.16
307638,307747,307850,109,103,3,90,2.05825242718
307642,308560,308933,918,373,1,3540,3.46112600536
307652,307809,307921,157,112,3,90,2.40178571429
307680,308566,308845,886,279,1,3540,4.17562724014
307703,308571,309008,868,437,1,3540,2.98627002288
307726,308611,308982,885,371,1,3540,3.38544474394
307750,308753,309196,1003,443,1,3540,3.26410835214
307759,307933,308070,174,137,12,420,2.2700729927
307773,308792,309163,1019,371,1,3540,3.74663072776
307796,308857,309294,1061,437,1,3540,3.42791762014
307843,308945,309242,1102,297,1,3540,4.71043771044
307907,308994,309201,1087,207,1,3540,6.25120772947
307954,309022,309152,1068,130,1,3540,9.21538461538
308030,308449,308543,419,94,4,3540,5.45744680851
308054,309164,309262,1110,98,1,3540,12.3265306122
308073,309767,309975,1694,208,12,420,9.14423076923
308437,310037,317932,1600,7895,5,28800,1.20265991134
308438,310043,317087,1605,7044,5,28800,1.22785349233
308439,309213,309317,774,104,3,90,8.44230769231
308444,309270,309296,826,26,3,90,32.7692307692
308693,309761,322699,1068,12938,16,86400,1.08254753439
309264,309772,310259,508,487,2,43200,2.0431211499
309979,309987,310025,8,38,12,90,1.21052631579
310041,311510,319798,1469,8288,5,28800,1.17724420849
310043,317099,317537,7056,438,12,420,17.1095890411
310281,310287,328592,6,18305,4,18300,1.0003277793
310942,311090,317062,148,5972,8,14400,1.02478231748
310943,326179,332269,15236,6090,8,14400,3.50180623974
310943,321950,327840,11007,5890,8,14400,2.86876061121
310944,326677,332751,15733,6074,8,14400,3.59022061245
310944,326682,332705,15738,6023,8,14400,3.61298356301
310945,327403,333434,16458,6031,8,14400,3.72890067982
310949,327469,333590,16520,6121,8,14400,3.69890540761
310950,327851,333991,16901,6140,8,14400,3.75260586319
310950,328604,334703,17654,6099,8,14400,3.8945728808
310951,329573,335583,18622,6010,8,14400,4.09850249584
310951,329567,335538,18616,5971,8,14400,4.11773572266
310952,330041,335955,19089,5914,8,14400,4.22776462631
311248,311989,319452,741,7463,5,28800,1.09928982983
311570,315007,318627,3437,3620,16,3600,1.94944751381
311694,318297,321944,6603,3647,16,3600,2.81052920208
311728,312464,319690,736,7226,5,28800,1.10185441461
312122,313529,313693,1407,164,2,43200,9.57926829268
312157,312700,319853,543,7153,5,28800,1.07591220467
312463,313546,320737,1083,7191,5,28800,1.15060492282
313119,317104,330902,3985,13798,5,28800,1.28880997246
313314,318303,320596,4989,2293,2,7200,3.17575228958
313350,318308,321172,4958,2864,2,7200,2.7311452514
313545,319464,333885,5919,14421,5,28800,1.41044310381
314120,342552,344486,28432,1934,4,18120,15.7011375388
314278,315575,319193,1297,3618,4,3600,1.35848535102
314387,321957,325592,7570,3635,20,3600,3.08253094911
315158,330318,337177,15160,6859,4,36000,3.21023472809
316076,330324,339541,14248,9217,4,36000,2.54583921016
316085,342563,360592,26478,18029,4,18000,2.46863386766
317125,318462,322732,1337,4270,16,7200,1.3131147541
317193,318638,321933,1445,3295,16,7200,1.43854324734
317246,319839,323354,2593,3515,16,7200,1.73769559033
317537,341190,343037,23653,1847,4,72000,13.8061721711
317562,341196,343022,23634,1826,4,72000,13.9430449069
318704,331656,332076,12952,420,4,345600,31.8380952381
319035,321944,326162,2909,4218,16,7200,1.68966334756
319351,330281,330292,10930,11,16,86400,994.636363636
319428,319706,333750,278,14044,5,28800,1.01979493022
319503,330303,330307,10800,4,16,259200,1080.4
319666,319810,333621,144,13811,5,28800,1.01042647165
319708,319866,332993,158,13127,5,28800,1.01203626114
319812,320749,334243,937,13494,5,28800,1.06943826886
319840,332768,342834,12928,10066,1,21540,2.28432346513
319841,332784,342838,12943,10054,1,21540,2.28734831908
319841,332795,342761,12954,9966,1,21540,2.29981938591
319841,332790,342830,12949,10040,1,21540,2.28974103586
319841,332773,342821,12932,10048,1,21540,2.28702229299
319841,332779,342822,12938,10043,1,21540,2.28826047994
319842,339068,349005,19226,9937,1,21540,2.93478917178
319842,332800,342761,12958,9961,1,21540,2.30087340628
319842,339073,349010,19231,9937,1,21540,2.93529234175
319842,339062,349011,19220,9949,1,21540,2.93185244748
319842,339078,348983,19236,9905,1,21540,2.94204946996
319843,339084,349004,19241,9920,1,21540,2.93961693548
319843,340355,350270,20512,9915,1,21540,3.06878466969
319843,339559,349469,19716,9910,1,21540,2.98950554995
319843,339553,349464,19710,9911,1,21540,2.98869942488
319843,339089,349002,19246,9913,1,21540,2.94149097145
319844,340360,350275,20516,9915,1,21540,3.06918809884
319844,340371,350281,20527,9910,1,21540,3.07134207871
319844,340377,350285,20533,9908,1,21540,3.07236576504
319844,340366,350292,20522,9926,1,21540,3.06749949627
319844,340382,350302,20538,9920,1,21540,3.07036290323
319845,340387,350309,20542,9922,1,21540,3.07034872002
319845,340504,350427,20659,9923,1,21540,3.08193086768
319845,340498,350426,20653,9928,1,21540,3.08027800161
319845,340393,350333,20548,9940,1,21540,3.06720321932
319846,342833,352742,22987,9909,1,21540,3.31981027349
319846,342772,352639,22926,9867,1,21540,3.32350258437
319846,342778,352696,22932,9918,1,21540,3.31215970962
319846,342847,352767,23001,9920,1,21540,3.31864919355
319846,342839,352776,22993,9937,1,21540,3.3138774278
319847,342859,352783,23012,9924,1,21540,3.31882305522
319847,349020,358928,29173,9908,1,21540,3.94438837303
319847,342852,352727,23005,9875,1,21540,3.32962025316
319847,349013,358919,29166,9906,1,21540,3.94427619624
319847,348998,358900,29151,9902,1,21540,3.94395071703
319848,349476,359381,29628,9905,1,21540,3.99121655729
319848,349032,358957,29184,9925,1,21540,3.9404534005
319848,349038,358921,29190,9883,1,21540,3.95355661236
319848,349026,358920,29178,9894,1,21540,3.94906003639
319849,350288,360188,30439,9900,1,21540,4.07464646465
319849,350282,360175,30433,9893,1,21540,4.07621550591
319849,350308,360230,30459,9922,1,21540,4.06984478936
319849,350296,360219,30447,9923,1,21540,4.06832611106
319849,349483,359383,29634,9900,1,21540,3.99333333333
319850,350314,360231,30464,9917,1,21540,4.07189674297
320190,320196,320200,6,4,1,17999,1.0
320393,350499,523331,30106,172832,2,172800,1.17419227921
320692,330329,344527,9637,14198,5,28800,1.67875757149
320816,320823,320825,7,2,1,120,1.0
320869,330334,344089,9465,13755,5,28800,1.6881134133
321287,350322,360393,29035,10071,1,21540,3.88303048357
321287,350327,360384,29040,10057,1,21540,3.88754101621
321288,352652,362625,31364,9973,1,21540,4.14489120626
321288,350443,360493,29155,10050,1,21540,3.90099502488
321288,350344,360380,29056,10036,1,21540,3.8951773615
321288,350438,360474,29150,10036,1,21540,3.90454364289
321289,352709,362679,31420,9970,1,21540,4.15145436309
321289,352779,362723,31490,9944,1,21540,4.16673370877
321289,352753,362720,31464,9967,1,21540,4.15681749774
321289,352739,362693,31450,9954,1,21540,4.15953385574
321289,352788,362673,31499,9885,1,21540,4.18654527061
321290,358199,368110,36909,9911,1,21540,4.72404399152
321290,357621,367550,36331,9929,1,21540,4.6590794642
321290,358583,368500,37293,9917,1,21540,4.76051225169
321290,358936,368835,37646,9899,1,21540,4.80301040509
321290,352794,362697,31504,9903,1,21540,4.18125820458
321291,358943,368860,37652,9917,1,21540,4.79671271554
321291,358969,368911,37678,9942,1,21540,4.78978072822
321291,359400,369310,38109,9910,1,21540,4.84550958628
321291,359394,369320,38103,9926,1,21540,4.83870642756
321292,370338,380281,49046,9943,1,21540,5.93271648396
321292,370406,380321,49114,9915,1,21540,5.95350479072
321292,370422,380350,49130,9928,1,21540,5.94863013699
321292,370350,380268,49058,9918,1,21540,5.94636015326
321292,370182,380077,48890,9895,1,21540,5.94087923194
321293,371188,381085,49895,9897,1,21540,6.04142669496
321293,371259,381191,49966,9932,1,21540,6.03080950463
321293,371076,380986,49783,9910,1,21540,6.02351160444
321293,371254,381198,49961,9944,1,21540,6.02423572003
321293,371193,381112,49900,9919,1,21540,6.03074906745
321294,371308,381219,50014,9911,1,21540,6.04631217839
321294,371405,381292,50111,9887,1,21540,6.0683726105
321294,371428,381339,50134,9911,1,21540,6.05841993744
321294,371302,381182,50008,9880,1,21540,6.06153846154
321295,371622,381548,50327,9926,1,21540,6.07021962523
321295,371433,381347,50138,9914,1,21540,6.05729271737
321295,371485,381367,50190,9882,1,21540,6.07893139041
321295,371500,381399,50205,9899,1,21540,6.07172441661
321295,371616,381528,50321,9912,1,21540,6.0767756255
321296,376654,386574,55358,9920,1,21540,6.58044354839
321296,371800,381670,50504,9870,1,21540,6.11691995947
321296,377898,387823,56602,9925,1,21540,6.70297229219
321296,371629,381540,50333,9911,1,21540,6.07849863788
321297,377933,387830,56636,9897,1,21540,6.7225421845
321297,377940,387857,56643,9917,1,21540,6.71170716951
321302,376838,386895,55536,10057,1,21540,6.52212389381
321302,377567,387627,56265,10060,1,21540,6.59294234592
321302,377891,387937,56589,10046,1,21540,6.63298825403
321302,377966,387994,56664,10028,1,21540,6.65057838053
321302,377988,388025,56686,10037,1,21540,6.64770349706
321303,379137,389086,57834,9949,1,21540,6.81304653734
321303,380096,390035,58793,9939,1,21540,6.91538384143
321303,378846,388823,57543,9977,1,21540,6.76756540042
321303,380280,390211,58977,9931,1,21540,6.93867687041
321303,378792,388743,57489,9951,1,21540,6.77720832077
321304,360231,370182,38927,9951,1,21540,4.91186815395
321304,360242,370160,38938,9918,1,21540,4.92599314378
321304,360199,370113,38895,9914,1,21540,4.92323986282
321304,360186,370059,38882,9873,1,21540,4.93821533475
321305,360250,370154,38945,9904,1,21540,4.93224959612
321305,360400,370330,39095,9930,1,21540,4.93705941591
321305,360406,370325,39101,9919,1,21540,4.94203044662
321305,360393,370303,39088,9910,1,21540,4.94429868819
321305,360267,370154,38962,9887,1,21540,4.94073025185
321306,361095,371015,39789,9920,1,21540,5.01098790323
321306,360509,370408,39203,9899,1,21540,4.9602990201
321306,360486,370394,39180,9908,1,21540,4.95438029875
321306,362204,372135,40898,9931,1,21540,5.11821568825
321307,362692,372569,41385,9877,1,21540,5.19003746077
321307,362640,372572,41333,9932,1,21540,5.16159887233
321307,362704,372582,41397,9878,1,21540,5.19082810285
321307,362684,372599,41377,9915,1,21540,5.17317196167
321307,362712,372632,41405,9920,1,21540,5.17389112903
321308,362739,372667,41431,9928,1,21540,5.17314665592
321308,362732,372673,41424,9941,1,21540,5.16698521276
321308,362858,372729,41550,9871,1,21540,5.20929996961
321308,362863,372775,41555,9912,1,21540,5.19239305892
321308,362910,372817,41602,9907,1,21540,5.1992530534
321309,362916,372832,41607,9916,1,21540,5.19594594595
321309,363167,373057,41858,9890,1,21540,5.23235591507
321309,363161,373068,41852,9907,1,21540,5.22448773594
321309,363334,373250,42025,9916,1,21540,5.23810004034
321310,363339,373264,42029,9925,1,21540,5.23465994962
321310,363821,373716,42511,9895,1,21540,5.29621020718
321310,363826,373728,42516,9902,1,21540,5.29367804484
321310,365815,375691,44505,9876,1,21540,5.50637910085
321310,367646,377549,46336,9903,1,21540,5.67898616581
321311,367894,377817,46583,9923,1,21540,5.69444724378
321311,367905,377834,46594,9929,1,21540,5.69271829993
321311,367900,377805,46589,9905,1,21540,5.70358404846
322002,322709,326665,707,3956,16,7200,1.17871587462
322036,367927,377954,45891,10027,1,21540,5.57674279445
322036,367911,377966,45875,10055,1,21540,5.5624067628
322036,367921,377943,45885,10022,1,21540,5.57842745959
322036,367916,377976,45880,10060,1,21540,5.5606361829
322037,367938,377899,45901,9961,1,21540,5.60807147877
322037,367932,377962,45895,10030,1,21540,5.57577268195
322037,367948,377890,45911,9942,1,21540,5.61788372561
322037,367943,377907,45906,9964,1,21540,5.60718586913
322038,367954,377897,45916,9943,1,21540,5.61792215629
322038,367959,377907,45921,9948,1,21540,5.61610373945
322038,367970,377880,45932,9910,1,21540,5.63491422805
322038,367965,377879,45927,9914,1,21540,5.63253984265
322038,367975,377907,45937,9932,1,21540,5.62515102698
322039,367981,377896,45942,9915,1,21540,5.63358547655
322039,368002,377920,45963,9918,1,21540,5.63430127042
322039,367986,377916,45947,9930,1,21540,5.62708962739
322039,367992,377884,45953,9892,1,21540,5.64547108775
322039,367997,377909,45958,9912,1,21540,5.63660209847
322040,368008,377910,45968,9902,1,21540,5.64229448596
322040,368019,377914,45979,9895,1,21540,5.6466902476
322040,368013,377925,45973,9912,1,21540,5.63811541566
322040,368223,378132,46183,9909,1,21540,5.6607124836
322041,368871,378758,46830,9887,1,21540,5.73652270658
322041,368847,378780,46806,9933,1,21540,5.71217154938
322041,368923,378834,46882,9911,1,21540,5.73029966704
322041,368511,378442,46470,9931,1,21540,5.67928708086
322041,368820,378743,46779,9923,1,21540,5.71419933488
322042,369189,379125,47147,9936,1,21540,5.745068438
322042,369326,379244,47284,9918,1,21540,5.76749344626
322042,370070,379968,48028,9898,1,21540,5.8522933926
322042,369334,379258,47292,9924,1,21540,5.7654171705
322043,370175,380084,48132,9909,1,21540,5.85740236149
322043,377981,387873,55938,9892,1,21540,6.65487262434
322043,377974,387857,55931,9883,1,21540,6.65931397349
322043,377903,387808,55860,9905,1,21540,6.63957597173
322043,377919,387811,55876,9892,1,21540,6.64860493328
322044,382905,392820,60861,9915,1,21540,7.13827534039
322044,380293,390201,58249,9908,1,21540,6.87898667743
322044,380333,390223,58289,9890,1,21540,6.89373104146
322044,380998,390907,58954,9909,1,21540,6.94954082148
322045,385701,395612,63656,9911,1,21540,7.42276258702
322045,385809,395722,63764,9913,1,21540,7.43236154545
322045,386586,396504,64541,9918,1,21540,7.50746118169
322045,380362,390250,58317,9888,1,21540,6.89775485437
322045,385804,395725,63759,9921,1,21540,7.42667069852
322060,342568,344395,20508,1827,4,72000,12.2249589491
322087,343033,343312,20946,279,4,72000,76.0752688172
322088,322743,329555,655,6812,16,7200,1.09615384615
322718,323365,330030,647,6665,16,7200,1.09707426857
322855,326173,330269,3318,4096,16,7200,1.81005859375
323758,325604,382860,1846,57256,8,64800,1.0322411625
323899,325610,325618,1711,8,8,64800,171.9
324047,330047,330056,6000,9,8,7140,600.9
324205,332280,360385,8075,28105,12,57600,1.2873154243
330333,330914,344556,581,13642,5,28800,1.04258906319
330334,332722,346317,2388,13595,5,28800,1.17565281353
332431,333467,333470,1036,3,2,3540,103.9
332970,333601,340338,631,6737,16,7200,1.0936618673
333035,334714,341163,1679,6449,16,7200,1.26035044193
333068,333446,333454,378,8,8,64800,38.6
333109,335595,339045,2486,3450,16,7200,1.72057971014
333144,339057,342541,5913,3484,16,7200,2.69718714122
333197,340349,343688,7152,3339,16,7200,3.14195867026
336661,342558,343408,5897,850,4,345600,7.93764705882
337463,337491,343774,28,6283,2,10800,1.00445646984
337465,337497,344514,32,7017,2,10800,1.00456035343
337466,337502,344420,36,6918,2,10800,1.00520381613
337468,337507,344355,39,6848,2,10800,1.00569509346
337470,337513,343646,43,6133,2,10800,1.00701125061
337472,337518,345257,46,7739,2,10800,1.0059439204
337473,337523,344463,50,6940,2,10800,1.00720461095
337475,337529,344092,54,6563,2,10800,1.00822794454
337477,337534,344229,57,6695,2,10800,1.00851381628
337478,337540,343000,62,5460,2,10800,1.01135531136
337480,337545,343959,65,6414,2,10800,1.0101340817
337482,337550,343622,68,6072,2,10800,1.01119894598
337483,341202,348720,3719,7518,2,10800,1.49467943602
337485,343011,349836,5526,6825,2,10800,1.80967032967
337487,343039,350048,5552,7009,2,10800,1.79212441147
337489,343048,349696,5559,6648,2,10800,1.83619133574
337490,343054,349105,5564,6051,2,10800,1.91951743513
337492,343324,350236,5832,6912,2,10800,1.84375
337494,343329,349153,5835,5824,2,10800,2.00188873626
337496,343421,349521,5925,6100,2,10800,1.97131147541
337497,343426,350048,5929,6622,2,10800,1.89534883721
337499,343634,349857,6135,6223,2,10800,1.98585891049
337501,343657,350599,6156,6942,2,10800,1.8867761452
337502,343699,350654,6197,6955,2,10800,1.89101365924
337504,343705,349745,6201,6040,2,10800,2.02665562914
337506,343710,350480,6204,6770,2,10800,1.91639586411
337508,343715,350735,6207,7020,2,10800,1.88418803419
337510,343721,350319,6211,6598,2,10800,1.94134586238
337511,343726,349658,6215,5932,2,10800,2.04770734997
337513,343732,350053,6219,6321,2,10800,1.98386331277
337515,343737,350708,6222,6971,2,10800,1.89255487018
337517,343785,350703,6268,6918,2,10800,1.90604220873
337519,343970,350788,6451,6818,2,10800,1.94617189792
337520,344101,350484,6581,6383,2,10800,2.0310198966
337522,344106,351048,6584,6942,2,10800,1.94842984731
337524,344113,350651,6589,6538,2,10800,2.00780055063
337526,344241,351537,6715,7296,2,10800,1.92036732456
337527,344367,350827,6840,6460,2,10800,2.05882352941
337529,344406,351030,6877,6624,2,10800,2.03819444444
337531,344412,350279,6881,5867,2,10800,2.17283108914
337533,344431,351135,6898,6704,2,10800,2.02893794749
337535,344475,350446,6940,5971,2,10800,2.16228437448
337536,344498,351230,6962,6732,2,10800,2.03416518122
337538,344503,351671,6965,7168,2,10800,1.9716796875
337540,344526,351579,6986,7053,2,10800,1.99050049624
337542,344539,350759,6997,6220,2,10800,2.12491961415
337544,344545,350993,7001,6448,2,10800,2.0857630273
337545,344550,351485,7005,6935,2,10800,2.01009372747
337547,344568,351635,7021,7067,2,10800,1.99349087307
337549,344573,351759,7024,7186,2,10800,1.97745616476
337551,345106,351829,7555,6723,2,10800,2.12375427636
337552,345269,352350,7717,7081,2,10800,2.08981782234
337554,346328,353558,8774,7230,2,10800,2.21355463347
337556,346334,353144,8778,6810,2,10800,2.28898678414
337558,347425,353971,9867,6546,2,10800,2.50733272227
342357,349178,511201,6821,162023,1,162000,1.04209896126
342362,349184,464407,6822,115223,1,115200,1.05920692917
342362,349189,464393,6827,115204,1,115200,1.05926009514
342381,349197,464423,6816,115226,1,115200,1.05915331609
342382,349204,464411,6822,115207,1,115200,1.05921515186
342385,349494,511496,7109,162002,1,162000,1.04388217429
342400,349532,464773,7132,115241,1,115200,1.06188769622
342401,349538,464751,7137,115213,1,115200,1.06194613455
342404,349669,511709,7265,162040,1,162000,1.04483460874
342739,342746,342747,7,1,1,240,1.0
344166,345112,345363,946,251,1,3540,4.76892430279
344537,345376,347413,839,2037,1,3540,1.411880216
344614,349921,350102,5307,181,1,3540,30.320441989
344666,350114,350376,5448,262,1,3540,21.7938931298
344717,351243,351726,6526,483,1,3540,14.5113871636
344790,351248,351610,6458,362,1,3540,18.8397790055
344838,351424,351933,6586,509,1,3540,13.9390962672
344886,351945,352427,7059,482,1,3540,15.6452282158
344933,352439,352943,7506,504,1,3540,15.8928571429
344981,352955,353432,7974,477,1,3540,17.7169811321
345029,353444,353949,8415,505,1,3540,17.6633663366
345225,354026,354296,8801,270,1,3540,33.5962962963
345477,354032,354217,8555,185,1,3540,47.2432432432
345661,355880,356007,10219,127,4,3540,81.4645669291
345712,354228,354351,8516,123,1,3540,70.2357723577
349528,349675,357086,147,7411,2,10800,1.01983537984
349658,349708,356491,50,6783,2,10800,1.0073713696
349697,349758,356195,61,6437,2,10800,1.00947646419
349745,349849,355996,104,6147,2,10800,1.01691882219
349839,349869,356665,30,6796,2,10800,1.00441436139
349860,350059,356772,199,6713,2,10800,1.02964397438
350050,350065,356296,15,6231,2,10800,1.00240731825
350052,350072,356687,20,6615,2,10800,1.00302343159
350067,350247,356913,180,6666,2,10800,1.02700270027
350239,350301,357175,62,6874,2,10800,1.00901949374
350278,350334,356432,56,6098,2,10800,1.0091833388
350321,350387,356519,66,6132,2,10800,1.01076320939
350447,350457,357645,10,7188,2,10800,1.00139120757
350484,350492,357359,8,6867,2,10800,1.00116499199
350499,350610,357181,111,6571,2,10800,1.01689240603
350601,350662,357971,61,7309,2,10800,1.00834587495
350652,350669,356866,17,6197,2,10800,1.00274326287
350667,350715,357353,48,6638,2,10800,1.0072310937
350704,350722,358074,18,7352,2,10800,1.00244831338
350719,350746,358395,27,7649,2,10800,1.00352987319
350737,350770,357343,33,6573,2,10800,1.00502053857
350761,350800,358111,39,7311,2,10800,1.00533442757
350791,350840,356819,49,5979,2,10800,1.00819535039
350830,351005,357683,175,6678,2,10800,1.02620545073
350996,351041,358523,45,7482,2,10800,1.00601443464
351032,351060,357368,28,6308,2,10800,1.00443880786
351050,351147,357717,97,6570,2,10800,1.01476407915
351111,351683,352116,572,433,4,345600,2.32101616628
351138,351549,358931,411,7382,2,10800,1.05567596857
351231,351591,358562,360,6971,2,10800,1.05164251901
351487,351647,358403,160,6756,2,10800,1.02368265246
351539,351737,358529,198,6792,2,10800,1.02915194346
351581,351771,357866,190,6095,2,10800,1.0311730927
351638,351841,358541,203,6700,2,10800,1.03029850746
351671,352127,358985,456,6858,2,10800,1.06649168854
351762,352133,357989,371,5856,2,10800,1.06335382514
351832,352361,358758,529,6397,2,10800,1.08269501329
352353,353155,360491,802,7336,2,10800,1.10932388222
353148,353569,360245,421,6676,2,10800,1.0630617136
353560,353961,360538,401,6577,2,10800,1.06097004713
353974,353982,361446,8,7464,2,10800,1.00107181136
354282,354308,354315,26,7,1,3600,3.3
354437,354443,354613,6,170,1,3600,1.03529411765
354754,354761,355050,7,289,1,3600,1.02422145329
355311,355318,355956,7,638,1,3600,1.01097178683
356001,356020,363318,19,7298,2,10800,1.002603453
356198,356205,362622,7,6417,2,10800,1.00109085242
356298,356308,363688,10,7380,2,10800,1.00135501355
356434,356445,362898,11,6453,2,10800,1.0017046335
356495,356503,363147,8,6644,2,10800,1.00120409392
356519,356532,363555,13,7023,2,10800,1.0018510608
356532,356782,356789,250,7,1,3600,25.7
356667,356677,363798,10,7121,2,10800,1.00140429715
356688,356699,363667,11,6968,2,10800,1.00157864524
356775,356788,363396,13,6608,2,10800,1.00196731235
356820,356830,363735,10,6905,2,10800,1.00144822592
356868,356878,364023,10,7145,2,10800,1.00139958013
356910,357574,357685,664,111,1,3600,6.98198198198
356913,356926,362843,13,5917,2,10800,1.00219705932
357088,357104,364043,16,6939,2,10800,1.00230580775
357175,357187,365129,12,7942,2,10800,1.00151095442
357190,357204,364346,14,7142,2,10800,1.00196023523
357346,357356,363335,10,5979,2,10800,1.00167252049
357363,357372,364242,9,6870,2,10800,1.00131004367
357366,357385,364485,19,7100,2,10800,1.00267605634
357383,357397,363639,14,6242,2,10800,1.00224287087
357650,357656,363537,6,5881,2,10800,1.00102023465
357686,357693,364314,7,6621,2,10800,1.00105724211
357720,357727,363809,7,6082,2,10800,1.00115093719
357816,357822,358066,6,244,1,3600,1.02459016393
357826,357832,357842,6,10,1,1800,1.6
357869,357876,364185,7,6309,2,10800,1.00110952607
357972,357978,365256,6,7278,2,10800,1.00082440231
357990,357997,364735,7,6738,2,10800,1.00103888394
358003,358009,358081,6,72,1,1800,1.08333333333
358076,358083,365245,7,7162,2,10800,1.00097738062
358113,358119,364386,6,6267,2,10800,1.00095739588
358185,358191,358302,6,111,1,3600,1.05405405405
358293,358299,358394,6,95,1,1800,1.06315789474
358381,358388,359019,7,631,1,3600,1.01109350238
358400,358406,364992,6,6586,2,10800,1.00091102338
358415,358421,364615,6,6194,2,10800,1.00096867937
358438,358444,358818,6,374,1,3600,1.01604278075
358524,358530,365753,6,7223,2,10800,1.00083067977
358539,358546,365707,7,7161,2,10800,1.00097751711
358554,358561,365868,7,7307,2,10800,1.00095798549
358569,358576,365115,7,6539,2,10800,1.00107050008
358762,358768,365704,6,6936,2,10800,1.0008650519
358922,358929,359310,7,381,1,1800,1.01837270341
358935,358948,366715,13,7767,2,10800,1.00167374791
358986,358993,365549,7,6556,2,10800,1.00106772422
359069,359076,359701,7,625,1,3600,1.0112
360046,360053,360060,7,7,1,1800,1.4
360249,360262,360302,13,40,1,1800,1.325
360249,360256,367416,7,7160,2,10800,1.00097765363
360494,360501,367054,7,6553,2,10800,1.00106821303
360531,360537,360614,6,77,1,1800,1.07792207792
360540,360547,367633,7,7086,2,10800,1.00098786339
360584,360590,360671,6,81,1,3600,1.07407407407
360808,360848,361085,40,237,1,3600,1.16877637131
361267,361463,361723,196,260,1,1800,1.75384615385
361389,361733,362194,344,461,1,3600,1.74620390456
361450,361457,368395,7,6938,2,10800,1.00100893629
362627,362633,369382,6,6749,2,10800,1.0008890206
362844,362851,370612,7,7761,2,10800,1.00090194563
362898,362904,369807,6,6903,2,10800,1.00086918731
363148,363155,370229,7,7074,2,10800,1.00098953916
363320,363327,369308,7,5981,2,10800,1.00117037285
363338,363347,370679,9,7332,2,10800,1.00122749591
363398,363407,371086,9,7679,2,10800,1.00117202761
363540,363549,369749,9,6200,2,10800,1.0014516129
363558,363566,370762,8,7196,2,10800,1.00111172874
363642,363650,370149,8,6499,2,10800,1.00123095861
363669,363679,369826,10,6147,2,10800,1.00162680983
363690,363699,370649,9,6950,2,10800,1.00129496403
363735,363746,370333,11,6587,2,10800,1.00166995597
363802,363811,370403,9,6592,2,10800,1.00136529126
363817,364034,370597,217,6563,2,10800,1.03306414749
364024,364055,370114,31,6059,2,10800,1.00511635583
364046,364197,371788,151,7591,2,10800,1.01989197734
364187,364253,371176,66,6923,2,10800,1.00953343926
364244,364326,370440,82,6114,2,10800,1.01341184167
364316,364358,370498,42,6140,2,10800,1.00684039088
364350,364398,371242,48,6844,2,10800,1.00701344243
364389,364496,371388,107,6892,2,10800,1.01552524666
364485,364628,371415,143,6787,2,10800,1.02106969206
364619,364746,371606,127,6860,2,10800,1.01851311953
364736,365003,371881,267,6878,2,10800,1.03881942425
364995,365126,371859,131,6733,2,10800,1.01945640873
365116,365140,371290,24,6150,2,10800,1.00390243902
365131,365256,371605,125,6349,2,10800,1.01968813986
365246,365267,371488,21,6221,2,10800,1.00337566308
365260,365562,371940,302,6378,2,10800,1.04735026654
365553,365716,372100,163,6384,2,10800,1.02553258145
365707,365722,372657,15,6935,2,10800,1.0021629416
365723,365765,372083,42,6318,2,10800,1.00664767331
365756,365880,372605,124,6725,2,10800,1.01843866171
365871,366312,373726,441,7414,2,10800,1.05948206097
365983,367561,367636,1578,75,1,1800,22.04
366718,366727,373339,9,6612,2,10800,1.00136116152
367055,367065,373413,10,6348,2,10800,1.00157529931
367418,367428,374376,10,6948,2,10800,1.0014392631
367636,367652,374042,16,6390,2,10800,1.00250391236
367917,368122,368213,205,91,1,1800,3.25274725275
368399,368406,375570,7,7164,2,10800,1.00097710776
368725,368814,369179,89,365,1,1800,1.24383561644
369311,369320,377247,9,7927,2,10800,1.00113536016
369383,369394,376252,11,6858,2,10800,1.00160396617
369751,369761,377178,10,7417,2,10800,1.00134825401
369802,369819,376689,17,6870,2,10800,1.00247452693
369829,369838,376483,9,6645,2,10800,1.00135440181
370115,370125,377552,10,7427,2,10800,1.00134643867
370156,370162,377019,6,6857,2,10800,1.00087501823
370157,370169,376642,12,6473,2,10800,1.00185385447
370159,370240,376207,81,5967,2,10800,1.01357466063
370160,370314,376561,154,6247,2,10800,1.02465183288
370162,370345,377581,183,7236,2,10800,1.02529021559
370163,370414,376815,251,6401,2,10800,1.03921262303
370165,370452,377654,287,7202,2,10800,1.03985004166
370166,370464,377344,298,6880,2,10800,1.04331395349
370168,370469,377071,301,6602,2,10800,1.04559224477
370169,370474,376967,305,6493,2,10800,1.04697366395
370171,370480,376265,309,5785,2,10800,1.05341400173
370175,370485,377305,310,6820,2,10800,1.04545454545
370176,370490,377942,314,7452,2,10800,1.04213633924
370178,370496,377216,318,6720,2,10800,1.04732142857
370179,370501,377459,322,6958,2,10800,1.046277666
370181,370511,377366,330,6855,2,10800,1.04814004376
370183,370608,377789,425,7181,2,10800,1.05918395767
370184,370623,377156,439,6533,2,10800,1.06719730598
370186,370661,376826,475,6165,2,10800,1.07704785077
370187,370690,377058,503,6368,2,10800,1.07898869347
370189,370773,378242,584,7469,2,10800,1.07818985139
370190,371098,377818,908,6720,2,10800,1.13511904762
370531,371027,371066,496,39,1,1800,13.7179487179
371313,371399,371475,86,76,1,1800,2.13157894737
371809,372679,382210,870,9531,16,18000,1.09128108278
371812,374053,385677,2241,11624,16,18000,1.1927907777
371820,377070,394386,5250,17316,16,21600,1.30318780319
371824,377666,394582,5842,16916,16,21600,1.34535351147
371889,371895,378527,6,6632,2,10800,1.00090470446
371940,371947,377785,7,5838,2,10800,1.00119904077
372085,372091,378188,6,6097,2,10800,1.00098409054
372103,372110,377839,7,5729,2,10800,1.00122185373
372147,372153,372400,6,247,1,1800,1.02429149798
372608,373351,379566,743,6215,2,10800,1.11954947707
372632,387882,390073,15250,2191,4,18120,7.96029210406
375198,376219,383654,1021,7435,2,10800,1.13732347007
375961,378454,411419,2493,32965,16,259200,1.07562566358
377183,377189,383481,6,6292,2,10800,1.00095359186
377219,377226,384399,7,7173,2,10800,1.00097588178
377249,377256,384090,7,6834,2,10800,1.00102429031
377306,377313,383288,7,5975,2,10800,1.00117154812
377345,377352,383960,7,6608,2,10800,1.00105932203
377366,377374,383189,8,5815,2,10800,1.00137575236
377460,377466,383978,6,6512,2,10800,1.00092137592
377553,377559,384475,6,6916,2,10800,1.0008675535
377583,377593,384583,10,6990,2,10800,1.00143061516
377619,452975,461846,75356,8871,4,604800,9.49464547402
377655,377797,384686,142,6889,2,10800,1.02061257076
377665,461858,1066705,84193,604847,4,604800,1.1391971854
377788,377804,384186,16,6382,2,10800,1.00250705108
377803,377829,384871,26,7042,2,10800,1.00369213292
377821,377835,384696,14,6861,2,10800,1.00204051887
377842,377851,385267,9,7416,2,10800,1.00121359223
377944,377956,384569,12,6613,2,10800,1.00181460759
378004,388683,460689,10679,72006,4,72000,1.14830708552
378026,390085,462100,12059,72015,4,72000,1.16745122544
378043,391377,391691,13334,314,4,72000,43.4649681529
378059,391704,463749,13645,72045,4,72000,1.18939551669
378193,378200,385160,7,6960,2,10800,1.00100574713
378244,378539,385398,295,6859,2,10800,1.04300918501
378533,379216,385792,683,6576,2,10800,1.10386253041
379200,385695,404019,6495,18324,4,18300,1.35445317616
379209,382222,388665,3013,6443,16,7200,1.46763929846
379263,385745,392046,6482,6301,16,7200,2.02872559911
379478,381203,382420,1725,1217,8,57600,2.41741988496
379564,381559,403030,1995,21471,8,57600,1.09291602627
379569,379578,386239,9,6661,2,10800,1.00135114848
379744,385751,392185,6007,6434,16,7200,1.93363382033
379880,388678,395906,8798,7228,16,7200,2.21721084671
379880,498946,930971,119066,432025,6,432000,1.27559979168
380267,498952,930988,118685,432036,6,432000,1.27471090372
380427,381352,388486,925,7134,2,10800,1.12966077937
380552,429380,430124,48828,744,4,21600,66.6290322581
381321,387836,387839,6515,3,2,22800,651.8
381372,387821,387828,6449,7,2,22800,645.6
381621,382492,382494,871,2,4,1200,87.3
381962,382472,382479,510,7,8,1200,51.7
382140,382885,382887,745,2,1,216000,74.7
382183,382433,382459,250,26,8,1200,10.6153846154
382219,499592,916926,117373,417334,6,432000,1.28124475839
382264,392057,392072,9793,15,16,22800,653.866666667
382433,385690,385734,3257,44,32,1200,75.0227272727
382534,392084,464096,9550,72012,16,72000,1.13261678609
382753,382880,382909,127,29,2,18000,5.37931034483
382806,382813,383564,7,751,4,5400,1.00932090546
382891,382898,383183,7,285,2,54000,1.02456140351
382932,384581,387870,1649,3289,1,10800,1.50136819702
383035,383042,383055,7,13,1,18000,1.53846153846
383157,383165,383235,8,70,1,18000,1.11428571429
383403,387851,389538,4448,1687,4,345600,3.63663307647
383603,462188,721434,78585,259246,2,259200,1.30312907432
383721,396117,412957,12396,16840,8,57600,1.73610451306
383748,411430,428101,27682,16671,8,57600,2.66048827305
383801,411435,427673,27634,16238,8,57600,2.7018105678
383817,551847,811055,168030,259208,2,259200,1.64824388136
383823,412969,429468,29146,16499,8,57600,2.76653130493
384851,415603,438289,30752,22686,8,57600,2.35554967822
385087,427685,430923,42598,3238,4,36000,14.1556516368
385090,428113,432132,43023,4019,4,36000,11.7049017168
385095,428118,430353,43023,2235,4,36000,20.2496644295
385182,392197,408163,7015,15966,16,36000,1.43937116372
385922,464162,482663,78240,18501,12,57600,5.22896059672
386778,397739,398174,10961,435,8,3540,26.1977011494
387186,387193,388660,7,1467,1,14400,1.00477164281
387886,387893,391151,7,3258,1,10800,1.0021485574
387886,387949,391365,63,3416,1,10800,1.01844262295
388020,464173,475312,76153,11139,10,57600,7.83661010863
388145,388152,394999,7,6847,2,10800,1.00102234555
388147,388158,394695,11,6537,2,10800,1.00168272908
388149,388164,394936,15,6772,2,10800,1.00221500295
388459,388466,406239,7,17773,2,43200,1.00039385585
388576,388583,394758,7,6175,2,10800,1.00113360324
388700,388706,395181,6,6475,2,10800,1.00092664093
388741,388755,399162,14,10407,1,14400,1.00134524839
388763,388770,395414,7,6644,2,10800,1.00105358218
388807,388814,395464,7,6650,2,10800,1.00105263158
388888,388894,395274,6,6380,2,10800,1.00094043887
388905,429364,436574,40459,7210,24,7199,6.61151178918
389122,389129,395948,7,6819,2,10800,1.00102654348
389137,389149,395686,12,6537,2,10800,1.00183570445
389216,389223,396065,7,6842,2,10800,1.00102309266
389231,389237,395815,6,6578,2,10800,1.00091213135
389475,389481,391393,6,1912,1,18000,1.00313807531
389501,389549,394293,48,4744,2,54000,1.01011804384
389667,389680,396671,13,6991,2,10800,1.00185953369
389741,389747,389895,6,148,1,18000,1.04054054054
391386,391405,394663,19,3258,1,10800,1.00583179865
391386,417884,421803,26498,3919,1,10800,7.76141872927
391386,417779,421393,26393,3614,1,10800,8.30298837853
391536,392832,392833,1296,1,1,25200,129.7
391536,392846,392904,1310,58,1,25200,23.5862068966
391537,392916,392918,1379,2,1,25200,138.1
391537,392944,392945,1407,1,1,25200,140.8
391537,392957,393197,1420,240,1,25200,6.91666666667
391538,393248,393249,1710,1,1,25200,171.1
391538,393209,393210,1671,1,1,25200,167.2
391538,393222,393223,1684,1,1,25200,168.5
391538,393235,393236,1697,1,1,25200,169.8
391539,393300,393360,1761,60,1,25200,30.35
391539,393261,393262,1722,1,1,25200,172.3
391540,393553,393554,2013,1,1,25200,201.4
391540,393372,393527,1832,155,1,25200,12.8193548387
391540,393566,393567,2026,1,1,25200,202.7
391540,393539,393541,1999,2,1,25200,200.1
391541,393579,393588,2038,9,1,25200,204.7
391541,393664,393733,2123,69,1,25200,31.768115942
391541,393600,393652,2059,52,1,25200,40.5961538462
391541,393745,393749,2204,4,1,25200,220.8
391542,393797,393798,2255,1,1,25200,225.6
391542,393774,393784,2232,10,1,25200,224.2
391543,393889,394133,2346,244,1,25200,10.6147540984
391543,394145,394409,2602,264,1,25200,10.8560606061
391543,399174,399947,7631,773,1,25200,10.871927555
391543,393835,393877,2292,42,1,25200,55.5714285714
391544,399993,402296,8449,2303,1,25200,4.66869300912
391544,399973,399981,8429,8,1,25200,843.7
391544,399959,399960,8415,1,1,25200,841.6
391544,425896,426174,34352,278,1,25200,124.568345324
391545,426597,426599,35052,2,1,25200,3505.4
391545,426579,426585,35034,6,1,25200,3504.0
391545,426611,427898,35066,1287,1,25200,28.2463092463
391545,426186,426188,34641,2,1,25200,3464.3
391545,426200,426567,34655,367,1,25200,95.4277929155
391546,427709,427714,36163,5,1,25200,3616.8
391546,427727,427728,36181,1,1,25200,3618.2
391546,427740,427741,36194,1,1,25200,3619.5
391547,427754,427755,36207,1,1,25200,3620.8
391547,427794,427798,36247,4,1,25200,3625.1
391547,427780,427782,36233,2,1,25200,3623.5
391547,427767,427768,36220,1,1,25200,3622.1
391548,427823,427825,36275,2,1,25200,3627.7
391548,427810,427811,36262,1,1,25200,3626.3
391548,427853,427854,36305,1,1,25200,3630.6
391548,427838,427841,36290,3,1,25200,3629.3
391549,427923,427984,36374,61,1,25200,597.295081967
391549,427930,427932,36381,2,1,25200,3638.3
391549,427897,427916,36348,19,1,25200,1914.05263158
391549,427910,427911,36361,1,1,25200,3636.2
391549,427866,427885,36317,19,1,25200,1912.42105263
391550,428011,428030,36461,19,1,25200,1920.0
391550,427997,427999,36447,2,1,25200,3644.9
391550,427944,427945,36394,1,1,25200,3639.5
391550,427957,428279,36407,322,1,25200,114.065217391
391551,428058,428067,36507,9,1,25200,3651.6
391551,428123,428125,36572,2,1,25200,3657.4
391551,428042,428046,36491,4,1,25200,3649.5
391551,428080,428101,36529,21,1,25200,1740.47619048
391552,428164,428169,36612,5,1,25200,3661.7
391553,429070,429072,37517,2,1,25200,3751.9
391553,429085,429089,37532,4,1,25200,3753.6
391553,428292,429057,36739,765,1,25200,49.0248366013
391553,428201,428208,36648,7,1,25200,3665.5
391553,428220,432463,36667,4243,1,25200,9.64176290361
391554,429121,429123,37567,2,1,25200,3756.9
391554,429204,429205,37650,1,1,25200,3765.1
391554,429101,429108,37547,7,1,25200,3755.4
391554,429135,429839,37581,704,1,25200,54.3821022727
391555,429249,429257,37694,8,1,25200,3770.2
391555,429288,429290,37733,2,1,25200,3773.5
391555,429217,429237,37662,20,1,25200,1884.1
391555,429270,429274,37715,4,1,25200,3771.9
391556,429302,429325,37746,23,1,25200,1642.13043478
391556,429337,429340,37781,3,1,25200,3778.4
391556,429851,430080,38295,229,1,25200,168.227074236
391556,429352,432432,37796,3080,1,25200,13.2714285714
391557,430106,430107,38549,1,1,25200,3855.0
391557,430119,430120,38562,1,1,25200,3856.3
391557,430146,430147,38589,1,1,25200,3859.0
391557,430092,430094,38535,2,1,25200,3853.7
391558,430215,430216,38657,1,1,25200,3865.8
391558,430201,430203,38643,2,1,25200,3864.5
391558,430173,430188,38615,15,1,25200,2575.33333333
391559,430861,430863,39302,2,1,25200,3930.4
391559,430906,430908,39347,2,1,25200,3934.9
391559,430881,430893,39322,12,1,25200,3277.83333333
391559,430228,430848,38669,620,1,25200,63.3693548387
391560,431003,431055,39443,52,1,25200,759.519230769
391560,430920,430921,39360,1,1,25200,3936.1
391560,430953,430991,39393,38,1,25200,1037.65789474
391560,430933,430934,39373,1,1,25200,3937.4
391561,431090,431101,39529,11,1,25200,3594.54545455
391561,431138,431303,39577,165,1,25200,240.860606061
391561,431113,431115,39552,2,1,25200,3955.4
391561,431315,432112,39754,797,1,25200,50.8795483061
391561,431067,431078,39506,11,1,25200,3592.45454545
391562,432124,432125,40562,1,1,25200,4056.3
391562,432144,432146,40582,2,1,25200,4058.4
391562,432137,432138,40575,1,1,25200,4057.6
391563,432178,433600,40615,1422,1,25200,29.5618846695
391563,432160,432323,40597,163,1,25200,250.061349693
391563,432155,432156,40592,1,1,25200,4059.3
391564,432167,432168,40603,1,1,25200,4060.4
391564,432282,432284,40718,2,1,25200,4072.0
391564,432241,433102,40677,861,1,25200,48.243902439
391565,432297,432298,40732,1,1,25200,4073.3
391565,432204,432269,40639,65,1,25200,626.215384615
391565,432191,432621,40626,430,1,25200,95.4790697674
391565,432197,432229,40632,32,1,25200,1270.75
391566,432400,432402,40834,2,1,25200,4083.6
391566,432419,432520,40853,101,1,25200,405.485148515
391566,432310,432311,40744,1,1,25200,4074.5
391567,432361,432379,40794,18,1,25200,2267.33333333
391567,432336,432348,40769,12,1,25200,3398.41666667
391567,432341,432342,40774,1,1,25200,4077.5
391567,432354,432387,40787,33,1,25200,1236.96969697
391567,432392,432393,40825,1,1,25200,4082.6
391568,432430,433493,40862,1063,1,25200,39.4402634055
391568,432414,432418,40846,4,1,25200,4085.0
391568,432407,432418,40839,11,1,25200,3713.63636364
391568,432425,432426,40857,1,1,25200,4085.8
391569,432443,432446,40874,3,1,25200,4087.7
391569,432449,432466,40880,17,1,25200,2405.70588235
391569,432436,434549,40867,2113,1,25200,20.340747752
391569,432454,432477,40885,23,1,25200,1778.60869565
391570,432461,432462,40891,1,1,25200,4089.2
391570,432474,433494,40904,1020,1,25200,41.1019607843
391570,432467,432468,40897,1,1,25200,4089.8
391570,432482,432483,40912,1,1,25200,4091.3
391571,432492,434711,40921,2219,1,25200,19.4411897251
391571,432500,432501,40929,1,1,25200,4093.0
391571,432505,432507,40934,2,1,25200,4093.6
391571,432513,432528,40942,15,1,25200,2730.46666667
391571,432487,432526,40916,39,1,25200,1050.12820513
391572,432545,432547,40973,2,1,25200,4097.5
391572,432532,432535,40960,3,1,25200,4096.3
391572,432537,432965,40965,428,1,25200,96.7126168224
391573,432550,432788,40977,238,1,25200,173.172268908
391573,432558,432985,40985,427,1,25200,96.9836065574
391574,432591,433118,41017,527,1,25200,78.8311195446
391574,432634,439333,41060,6699,1,25200,7.12927302582
391574,432814,432815,41240,1,1,25200,4124.1
391574,432800,432802,41226,2,1,25200,4122.8
391575,432869,432870,41294,1,1,25200,4129.5
391575,432853,432857,41278,4,1,25200,4128.2
391575,432827,432828,41252,1,1,25200,4125.3
391575,432882,432883,41307,1,1,25200,4130.8
391575,432840,432841,41265,1,1,25200,4126.6
391576,433004,433837,41428,833,1,25200,50.7334933974
391576,432895,432896,41319,1,1,25200,4132.0
391576,432908,432933,41332,25,1,25200,1654.28
391577,433019,434384,41442,1365,1,25200,31.3604395604
391577,432978,432988,41401,10,1,25200,4141.1
391577,432946,433006,41369,60,1,25200,690.483333333
391577,432997,433291,41420,294,1,25200,141.884353741
391578,433178,433181,41600,3,1,25200,4160.3
391578,433100,435211,41522,2111,1,25200,20.6693510185
391578,433084,433085,41506,1,1,25200,4150.7
391578,433095,433540,41517,445,1,25200,94.2966292135
391579,433130,433132,41551,2,1,25200,4155.3
391579,433136,433138,41557,2,1,25200,4155.9
391579,433113,433118,41534,5,1,25200,4153.9
391580,433151,433153,41571,2,1,25200,4157.3
391580,433165,433166,41585,1,1,25200,4158.6
391580,433281,433283,41701,2,1,25200,4170.3
391580,433144,433269,41564,125,1,25200,333.512
391581,433418,433420,41837,2,1,25200,4183.9
391581,433357,433359,41776,2,1,25200,4177.8
391581,433303,433345,41722,42,1,25200,994.380952381
391581,433295,433639,41714,344,1,25200,122.261627907
391581,433371,433406,41790,35,1,25200,1195.0
391582,433505,433628,41923,123,1,25200,341.837398374
391582,433432,433797,41850,365,1,25200,115.657534247
391582,433461,433804,41879,343,1,25200,123.096209913
391582,433511,433566,41929,55,1,25200,763.345454545
391583,433850,434568,42267,718,1,25200,59.8676880223
391583,433816,434117,42233,301,1,25200,141.3089701
391583,433809,433911,42226,102,1,25200,414.980392157
391584,433923,433925,42339,2,1,25200,4234.1
391584,434147,434149,42563,2,1,25200,4256.5
391584,434130,434925,42546,795,1,25200,54.5169811321
391584,433937,436136,42353,2199,1,25200,20.2601182356
391585,434161,434169,42576,8,1,25200,4258.4
391585,434169,434170,42584,1,1,25200,4258.5
391585,434181,434182,42596,1,1,25200,4259.7
391585,434195,434216,42610,21,1,25200,2030.04761905
391585,434302,434303,42717,1,1,25200,4271.8
391586,434414,434415,42828,1,1,25200,4282.9
391586,434398,434402,42812,4,1,25200,4281.6
391586,434428,434509,42842,81,1,25200,529.913580247
391586,434511,434512,42925,1,1,25200,4292.6
391587,434532,434604,42945,72,1,25200,597.458333333
391587,434539,435871,42952,1332,1,25200,33.2462462462
391587,434519,434520,42932,1,1,25200,4293.3
391588,434557,434561,42969,4,1,25200,4297.3
391588,434565,434887,42977,322,1,25200,134.468944099
391588,434550,434581,42962,31,1,25200,1386.87096774
391588,434544,435330,42956,786,1,25200,55.6513994911
391589,434589,436432,43000,1843,1,25200,24.331524688
391589,434596,434601,43007,5,1,25200,4301.2
391589,434581,434602,42992,21,1,25200,2048.23809524
391589,434573,434574,42984,1,1,25200,4298.5
391590,434621,435335,43031,714,1,25200,61.2675070028
391590,434613,434614,43023,1,1,25200,4302.4
391590,434627,434638,43037,11,1,25200,3913.45454545
391591,434723,434726,43132,3,1,25200,4313.5
391591,434674,434782,43083,108,1,25200,399.916666667
391591,434661,434662,43070,1,1,25200,4307.1
391591,435611,435932,44020,321,1,25200,138.133956386
391592,434794,434797,43202,3,1,25200,4320.5
391592,434809,434951,43217,142,1,25200,305.345070423
391592,434738,439050,43146,4312,1,25200,11.0060296846
391593,434899,434901,43306,2,1,25200,4330.8
391593,434937,434939,43344,2,1,25200,4334.6
391593,434963,434965,43370,2,1,25200,4337.2
391593,434913,434966,43320,53,1,25200,818.358490566
391593,434951,434971,43358,20,1,25200,2168.9
391594,434981,435179,43387,198,1,25200,220.126262626
391594,434975,434999,43381,24,1,25200,1808.54166667
391594,434986,434987,43392,1,1,25200,4339.3
391594,434970,434971,43376,1,1,25200,4337.7
391595,435005,435006,43410,1,1,25200,4341.1
391595,435013,435017,43418,4,1,25200,4342.2
391595,435000,435001,43405,1,1,25200,4340.6
391596,435052,435100,43456,48,1,25200,906.333333333
391596,435031,435202,43435,171,1,25200,255.005847953
391596,435044,435908,43448,864,1,25200,51.287037037
391596,435026,435691,43430,665,1,25200,66.3082706767
391596,435039,435040,43443,1,1,25200,4344.4
391597,435191,435193,43594,2,1,25200,4359.6
391597,435205,435207,43608,2,1,25200,4361.0
391597,435214,435525,43617,311,1,25200,141.247588424
391597,435112,435375,43515,263,1,25200,166.456273764
391598,435229,435340,43631,111,1,25200,394.072072072
391598,435241,435244,43643,3,1,25200,4364.6
391598,435236,435237,43638,1,1,25200,4363.9
391598,435221,435225,43623,4,1,25200,4362.7
391599,435249,435573,43650,324,1,25200,135.722222222
391599,435278,435281,43679,3,1,25200,4368.2
391599,435261,435517,43662,256,1,25200,171.5546875
391599,435254,435261,43655,7,1,25200,4366.2
391600,435320,435321,43720,1,1,25200,4372.1
391600,435339,435475,43739,136,1,25200,322.610294118
391600,435307,435308,43707,1,1,25200,4370.8
391600,435293,435295,43693,2,1,25200,4369.5
391601,435367,436667,43766,1300,1,25200,34.6661538462
391601,435360,435361,43759,1,1,25200,4376.0
391601,435354,435356,43753,2,1,25200,4375.5
391601,435346,435348,43745,2,1,25200,4374.7
391602,435387,435388,43785,1,1,25200,4378.6
391602,435392,435395,43790,3,1,25200,4379.3
391602,435374,435375,43772,1,1,25200,4377.3
391602,435380,435381,43778,1,1,25200,4377.9
391603,435416,435442,43813,26,1,25200,1686.11538462
391603,435398,435620,43795,222,1,25200,198.274774775
391603,435409,435413,43806,4,1,25200,4381.0
391603,435403,435590,43800,187,1,25200,235.22459893
391604,435439,435447,43835,8,1,25200,4384.3
391604,435432,435567,43828,135,1,25200,325.651851852
391604,435445,435460,43841,15,1,25200,2923.73333333
391605,435450,435455,43845,5,1,25200,4385.0
391605,435464,436131,43859,667,1,25200,66.7556221889
391605,435471,435989,43866,518,1,25200,85.6833976834
391606,435509,435882,43903,373,1,25200,118.702412869
391606,435484,435739,43878,255,1,25200,173.070588235
391606,435491,435499,43885,8,1,25200,4389.3
391606,435496,435497,43890,1,1,25200,4389.1
391607,435549,435551,43942,2,1,25200,4394.4
391607,435517,435518,43910,1,1,25200,4391.1
391607,435529,435869,43922,340,1,25200,130.182352941
391607,435536,435677,43929,141,1,25200,312.553191489
391608,435563,435564,43955,1,1,25200,4395.6
391608,435583,435599,43975,16,1,25200,2749.4375
391608,435603,435605,43995,2,1,25200,4399.7
391608,435576,435577,43968,1,1,25200,4396.9
391608,435619,435620,44011,1,1,25200,4401.2
391609,435625,435631,44016,6,1,25200,4402.2
391609,435638,435642,44029,4,1,25200,4403.3
391609,435632,435651,44023,19,1,25200,2318.0
391609,435687,435801,44078,114,1,25200,387.649122807
391610,435677,435912,44067,235,1,25200,188.519148936
391610,435645,435675,44035,30,1,25200,1468.83333333
391610,435663,435665,44053,2,1,25200,4405.5
391610,435654,435735,44044,81,1,25200,544.75308642
391611,435703,435713,44092,10,1,25200,4410.2
391611,435747,435749,44136,2,1,25200,4413.8
391611,435718,435771,44107,53,1,25200,833.20754717
391611,435694,435706,44083,12,1,25200,3674.58333333
391612,435754,435756,44142,2,1,25200,4414.4
391612,435769,435770,44157,1,1,25200,4415.8
391612,435725,460957,44113,25232,1,25200,2.74829581484
391612,435762,435893,44150,131,1,25200,338.022900763
391613,435782,436390,44169,608,1,25200,73.6463815789
391613,435813,440506,44200,4693,1,25200,10.4182825485
391613,435789,436451,44176,662,1,25200,67.7311178248
391613,435881,435897,44268,16,1,25200,2767.75
391614,435914,435915,44300,1,1,25200,4430.1
391614,435909,435912,44295,3,1,25200,4429.8
391614,435895,436072,44281,177,1,25200,251.175141243
391614,435888,438408,44274,2520,1,25200,18.569047619
391615,435922,436504,44307,582,1,25200,77.1288659794
391615,435934,435937,44319,3,1,25200,4432.2
391615,435929,435948,44314,19,1,25200,2333.31578947
391615,435954,435956,44339,2,1,25200,4434.1
391616,435947,435949,44331,2,1,25200,4433.3
391616,435940,435967,44324,27,1,25200,1642.62962963
391616,435961,435977,44345,16,1,25200,2772.5625
391616,435981,435984,44365,3,1,25200,4436.8
391617,435988,437423,44371,1435,1,25200,31.9205574913
391617,435974,438807,44357,2833,1,25200,16.6572537946
391617,435966,435972,44349,6,1,25200,4435.5
391617,436008,436869,44391,861,1,25200,52.5574912892
391618,435995,436092,44377,97,1,25200,458.494845361
391618,436104,439879,44486,3775,1,25200,12.7843708609
391618,436117,437482,44499,1365,1,25200,33.6
391618,436085,436105,44467,20,1,25200,2224.35
391618,436143,436145,44525,2,1,25200,4452.7
391619,436150,436152,44531,2,1,25200,4453.3
391619,436157,436476,44538,319,1,25200,140.617554859
391619,436165,436166,44546,1,1,25200,4454.7
391620,436190,436191,44570,1,1,25200,4457.1
391620,436458,436459,44838,1,1,25200,4483.9
391620,436465,436467,44845,2,1,25200,4484.7
391621,436216,437099,44595,883,1,25200,51.5039637599
391621,436403,437820,44782,1417,1,25200,32.6033874382
391621,436444,436446,44823,2,1,25200,4482.5
391622,436517,436659,44895,142,1,25200,317.161971831
391622,436526,436527,44904,1,1,25200,4490.5
391622,436486,436525,44864,39,1,25200,1151.35897436
391622,436493,436495,44871,2,1,25200,4487.3
391622,436507,436513,44885,6,1,25200,4489.1
391623,436544,436806,44921,262,1,25200,172.454198473
391623,436537,436544,44914,7,1,25200,4492.1
391623,436591,441454,44968,4863,1,25200,10.2469668929
391623,436556,442493,44933,5937,1,25200,8.56830048846
391624,436608,437143,44984,535,1,25200,85.0822429907
391624,436603,437260,44979,657,1,25200,69.4611872146
391624,436597,436598,44973,1,1,25200,4497.4
391624,436614,436937,44990,323,1,25200,140.287925697
391625,436638,436675,45013,37,1,25200,1217.56756757
391625,436619,436627,44994,8,1,25200,4500.2
391625,436632,436633,45007,1,1,25200,4500.8
391625,436704,437208,45079,504,1,25200,90.4424603175
391626,436649,437107,45023,458,1,25200,99.3034934498
391626,436709,436716,45083,7,1,25200,4509.0
391626,436643,436644,45017,1,1,25200,4501.8
391626,436660,436661,45034,1,1,25200,4503.5
391626,436654,436874,45028,220,1,25200,205.672727273
391627,436670,436671,45043,1,1,25200,4504.4
391627,436665,437621,45038,956,1,25200,48.1108786611
391627,436681,436720,45054,39,1,25200,1156.23076923
391627,436676,436765,45049,89,1,25200,507.168539326
391628,436687,442050,45059,5363,1,25200,9.40182733545
391628,436693,440022,45065,3329,1,25200,14.5370982277
391628,436715,436716,45087,1,1,25200,4508.8
391628,436698,436699,45070,1,1,25200,4507.1
391629,436738,436765,45109,27,1,25200,1671.7037037
391629,436727,437058,45098,331,1,25200,137.247734139
391629,436720,436721,45091,1,1,25200,4509.2
391629,436733,436751,45104,18,1,25200,2506.77777778
391630,436749,439320,45119,2571,1,25200,18.5492026449
391630,436755,436789,45125,34,1,25200,1328.20588235
391630,436760,436941,45130,181,1,25200,250.337016575
391631,436779,436781,45148,2,1,25200,4515.0
391631,436771,436774,45140,3,1,25200,4514.3
391631,436765,436965,45134,200,1,25200,226.67
391632,436795,436820,45163,25,1,25200,1807.52
391632,436784,436786,45152,2,1,25200,4515.4
391632,436801,436894,45169,93,1,25200,486.688172043
391632,436790,437426,45158,636,1,25200,72.0031446541
391633,436817,436819,45184,2,1,25200,4518.6
391633,436806,436829,45173,23,1,25200,1965.04347826
391633,436830,437221,45197,391,1,25200,116.593350384
391633,436811,436812,45178,1,1,25200,4517.9
391634,436840,436857,45206,17,1,25200,2660.17647059
391634,436857,437113,45223,256,1,25200,177.65234375
391634,436851,437499,45217,648,1,25200,70.7793209877
391634,436835,437268,45201,433,1,25200,105.390300231
391634,436846,436980,45212,134,1,25200,338.402985075
391635,436870,438204,45235,1334,1,25200,34.9092953523
391635,436875,436880,45240,5,1,25200,4524.5
391635,436882,438239,45247,1357,1,25200,34.3434045689
391635,436864,436868,45229,4,1,25200,4523.3
391636,436905,439534,45269,2629,1,25200,18.2190947128
391636,436888,437263,45252,375,1,25200,121.672
391636,436900,436935,45264,35,1,25200,1294.25714286
391636,436893,437060,45257,167,1,25200,272.0
391637,436913,437448,45276,535,1,25200,85.6280373832
391637,436948,436950,45311,2,1,25200,4531.3
391637,436955,440657,45318,3702,1,25200,13.2414910859
391637,436961,437047,45324,86,1,25200,528.023255814
391638,437006,438032,45368,1026,1,25200,45.2183235867
391638,436997,437000,45359,3,1,25200,4536.2
391638,436992,436994,45354,2,1,25200,4535.6
391638,436977,436980,45339,3,1,25200,4534.2
391639,437071,437073,45432,2,1,25200,4543.4
391639,437078,437080,45439,2,1,25200,4544.1
391639,437013,437014,45374,1,1,25200,4537.5
391639,437060,437088,45421,28,1,25200,1623.17857143
391639,437026,437444,45387,418,1,25200,109.581339713
391640,437106,437227,45466,121,1,25200,376.752066116
391640,437093,438003,45453,910,1,25200,50.9483516484
391640,437086,437087,45446,1,1,25200,4544.7
391640,437100,437101,45460,1,1,25200,4546.1
391641,437126,437127,45485,1,1,25200,4548.6
391641,437113,437114,45472,1,1,25200,4547.3
391641,437118,437121,45477,3,1,25200,4548.0
391642,437144,437148,45502,4,1,25200,4550.6
391642,437132,437241,45490,109,1,25200,418.339449541
391642,437157,437183,45515,26,1,25200,1751.57692308
391642,437137,437140,45495,3,1,25200,4549.8
391643,437149,437768,45506,619,1,25200,74.5153473344
391643,437170,439922,45527,2752,1,25200,17.5432412791
391643,437182,437186,45539,4,1,25200,4554.3
391643,437162,437163,45519,1,1,25200,4552.0
391644,437190,437208,45546,18,1,25200,2531.33333333
391644,437195,437196,45551,1,1,25200,4555.2
391644,437242,437243,45598,1,1,25200,4559.9
391644,437216,437218,45572,2,1,25200,4557.4
391644,437224,437317,45580,93,1,25200,491.107526882
391645,437230,437442,45585,212,1,25200,216.023584906
391645,437257,437263,45612,6,1,25200,4561.8
391645,437237,437500,45592,263,1,25200,174.353612167
391645,437250,437462,45605,212,1,25200,216.117924528
391646,437275,437765,45629,490,1,25200,94.1204081633
391646,437280,437281,45634,1,1,25200,4563.5
391646,437294,437301,45648,7,1,25200,4565.5
391646,437262,437530,45616,268,1,25200,171.208955224
391647,437718,437719,46071,1,1,25200,4607.2
391647,437703,437706,46056,3,1,25200,4605.9
391647,437299,437301,45652,2,1,25200,4565.4
391647,437313,437413,45666,100,1,25200,457.66
391647,437556,437561,45909,5,1,25200,4591.4
391648,437567,439217,45919,1650,1,25200,28.8296969697
391648,437575,437630,45927,55,1,25200,836.036363636
391648,437580,437588,45932,8,1,25200,4594.0
391648,437561,437562,45913,1,1,25200,4591.4
391649,437597,437598,45948,1,1,25200,4594.9
391649,437591,437592,45942,1,1,25200,4594.3
391649,437602,437803,45953,201,1,25200,229.621890547
391650,437333,437338,45683,5,1,25200,4568.8
391650,437320,437325,45670,5,1,25200,4567.5
391650,437340,437505,45690,165,1,25200,277.909090909
391650,437326,437411,45676,85,1,25200,538.364705882
391651,437350,437409,45699,59,1,25200,775.559322034
391651,437435,437540,45784,105,1,25200,437.038095238
391651,437421,437425,45770,4,1,25200,4577.4
391651,437429,437435,45778,6,1,25200,4578.4
391651,437443,438049,45792,606,1,25200,76.5643564356
391652,437448,437454,45796,6,1,25200,4580.2
391652,437454,438188,45802,734,1,25200,63.4005449591
391652,437462,437465,45810,3,1,25200,4581.3
391653,437486,437488,45833,2,1,25200,4583.5
391653,437467,437473,45814,6,1,25200,4582.0
391653,437478,437480,45825,2,1,25200,4582.7
391653,437473,437475,45820,2,1,25200,4582.2
391654,437509,437784,45855,275,1,25200,167.745454545
391654,437497,438943,45843,1446,1,25200,32.7033195021
391654,437491,437745,45837,254,1,25200,181.460629921
391655,437520,437521,45865,1,1,25200,4586.6
391655,437545,437547,45890,2,1,25200,4589.2
391655,437526,440331,45871,2805,1,25200,17.3532976827
391655,437539,437542,45884,3,1,25200,4588.7
391656,437550,437551,45894,1,1,25200,4589.5
391656,437608,437611,45952,3,1,25200,4595.5
391656,437621,437622,45965,1,1,25200,4596.6
391657,437632,437699,45975,67,1,25200,687.194029851
391657,437639,438026,45982,387,1,25200,119.816537468
391657,437645,437691,45988,46,1,25200,1000.73913043
391658,437656,437674,45998,18,1,25200,2556.44444444
391658,437650,437653,45992,3,1,25200,4599.5
391658,437661,438683,46003,1022,1,25200,46.0127201566
391658,437669,438159,46011,490,1,25200,94.9
391658,437675,438744,46017,1069,1,25200,44.0467726848
391659,437746,438254,46087,508,1,25200,91.7224409449
391659,437731,437879,46072,148,1,25200,312.297297297
391659,437711,441506,46052,3795,1,25200,13.134914361
391659,437686,438235,46027,549,1,25200,84.8378870674
391660,437752,437769,46092,17,1,25200,2712.29411765
391660,437791,437825,46131,34,1,25200,1357.79411765
391660,437786,437788,46126,2,1,25200,4612.8
391660,437765,441053,46105,3288,1,25200,15.0222019465
391661,437805,463031,46144,25226,1,25200,2.8292238167
391661,437777,437780,46116,3,1,25200,4611.9
391661,437799,438348,46138,549,1,25200,85.0400728597
391661,437812,439912,46151,2100,1,25200,22.9766666667
391662,437819,437822,46157,3,1,25200,4616.0
391662,437832,437872,46170,40,1,25200,1155.25
391662,437900,437903,46238,3,1,25200,4624.1
391662,437840,438989,46178,1149,1,25200,41.1897302002
391662,437846,438145,46184,299,1,25200,155.461538462
391663,437884,437887,46221,3,1,25200,4622.4
391663,437892,437925,46229,33,1,25200,1401.87878788
391663,437938,437941,46275,3,1,25200,4627.8
391663,437916,438027,46253,111,1,25200,417.693693694
391664,438046,438049,46382,3,1,25200,4638.5
391664,437954,441009,46290,3055,1,25200,16.1522094926
391664,438015,438171,46351,156,1,25200,298.121794872
391664,438038,439023,46374,985,1,25200,48.0802030457
391665,438062,438653,46397,591,1,25200,79.5059221658
391665,438067,438073,46402,6,1,25200,4640.8
391665,438052,438755,46387,703,1,25200,66.9843527738
391665,438085,438086,46420,1,1,25200,4642.1
391666,438113,438759,46447,646,1,25200,72.899380805
391666,438157,440446,46491,2289,1,25200,21.3106159895
391666,438184,438188,46518,4,1,25200,4652.2
391666,438098,438099,46432,1,1,25200,4643.3
391666,438171,438175,46505,4,1,25200,4650.9
391667,438192,438194,46525,2,1,25200,4652.7
391667,438206,438211,46539,5,1,25200,4654.4
391667,438200,438678,46533,478,1,25200,98.3493723849
391667,438213,438216,46546,3,1,25200,4654.9
391668,438228,438229,46560,1,1,25200,4656.1
391668,438221,440548,46553,2327,1,25200,21.0055865922
391668,438241,438243,46573,2,1,25200,4657.5
391668,438233,438375,46565,142,1,25200,328.922535211
391669,438269,438301,46600,32,1,25200,1457.25
391669,438256,438257,46587,1,1,25200,4658.8
391669,438262,438270,46593,8,1,25200,4660.1
391669,438248,438349,46579,101,1,25200,462.178217822
391670,438309,438310,46639,1,1,25200,4664.0
391670,438303,438451,46633,148,1,25200,316.087837838
391670,438275,438278,46605,3,1,25200,4660.8
391670,438290,438501,46620,211,1,25200,221.947867299
391670,438282,438927,46612,645,1,25200,73.2666666667
391671,438361,438363,46690,2,1,25200,4669.2
391671,438367,438419,46696,52,1,25200,899.0
391671,438356,438360,46685,4,1,25200,4668.9
391672,438315,438323,46643,8,1,25200,4665.1
391672,438331,438332,46659,1,1,25200,4666.0
391672,438320,438321,46648,1,1,25200,4664.9
391673,438388,438424,46715,36,1,25200,1298.63888889
391673,438377,438392,46704,15,1,25200,3114.6
391673,438337,438490,46664,153,1,25200,305.993464052
391673,438383,438417,46710,34,1,25200,1374.82352941
391673,438372,441504,46699,3132,1,25200,15.9102809706
391674,438394,438395,46720,1,1,25200,4672.1
391674,438402,438403,46728,1,1,25200,4672.9
391674,438407,438408,46733,1,1,25200,4673.4
391674,438413,439200,46739,787,1,25200,60.3888182973
391675,438424,438547,46749,123,1,25200,381.073170732
391675,438418,438520,46743,102,1,25200,459.264705882
391675,438535,438538,46860,3,1,25200,4686.3
391675,438530,438621,46855,91,1,25200,515.89010989
391676,438429,438433,46753,4,1,25200,4675.7
391676,438543,439328,46867,785,1,25200,60.7031847134
391676,438549,438551,46873,2,1,25200,4687.5
391677,438448,438686,46771,238,1,25200,197.516806723
391677,438442,438443,46765,1,1,25200,4676.6
391677,438459,439122,46782,663,1,25200,71.5610859729
391677,438453,438455,46776,2,1,25200,4677.8
391678,438464,441294,46786,2830,1,25200,17.532155477
391678,438489,438490,46811,1,1,25200,4681.2
391678,438484,438487,46806,3,1,25200,4680.9
391678,438470,438472,46792,2,1,25200,4679.4
391678,438475,438679,46797,204,1,25200,230.397058824
391679,438495,438519,46816,24,1,25200,1951.66666667
391679,438513,438515,46834,2,1,25200,4683.6
391679,438500,438560,46821,60,1,25200,781.35
391680,438519,439911,46839,1392,1,25200,34.6487068966
391680,438560,438561,46880,1,1,25200,4688.1
391680,438554,463792,46874,25238,1,25200,2.85727870671
391680,438524,438943,46844,419,1,25200,112.799522673
391681,438573,438575,46892,2,1,25200,4689.4
391681,438567,438589,46886,22,1,25200,2132.18181818
391681,438578,438672,46897,94,1,25200,499.904255319
391681,438586,438672,46905,86,1,25200,546.406976744
391682,438613,439948,46931,1335,1,25200,36.1543071161
391682,438591,438607,46909,16,1,25200,2932.8125
391682,438634,439307,46952,673,1,25200,70.765230312
391682,438666,438669,46984,3,1,25200,4698.7
391682,438598,438599,46916,1,1,25200,4691.7
391683,438689,438699,47006,10,1,25200,4701.6
391683,438681,440736,46998,2055,1,25200,23.8700729927
391683,438695,438700,47012,5,1,25200,4701.7
391683,438702,438705,47019,3,1,25200,4702.2
391684,438713,439216,47029,503,1,25200,94.4970178926
391684,438708,438710,47024,2,1,25200,4702.6
391684,438719,438721,47035,2,1,25200,4703.7
391685,438743,438790,47058,47,1,25200,1002.23404255
391685,438751,438752,47066,1,1,25200,4706.7
391685,438732,438733,47047,1,1,25200,4704.8
391685,438738,438739,47053,1,1,25200,4705.4
391686,438776,438798,47090,22,1,25200,2141.45454545
391686,438767,438769,47081,2,1,25200,4708.3
391686,438756,438759,47070,3,1,25200,4707.3
391687,438803,439404,47116,601,1,25200,79.3960066556
391687,438792,439418,47105,626,1,25200,76.2476038339
391687,438781,438782,47094,1,1,25200,4709.5
391687,438787,438826,47100,39,1,25200,1208.69230769
391688,438811,438820,47123,9,1,25200,4713.2
391688,438822,439131,47134,309,1,25200,153.537216828
391688,438816,438960,47128,144,1,25200,328.277777778
391688,438797,438798,47109,1,1,25200,4711.0
391689,438841,438983,47152,142,1,25200,333.056338028
391689,438827,438831,47138,4,1,25200,4714.2
391689,438846,440126,47157,1280,1,25200,37.84140625
391689,438852,438854,47163,2,1,25200,4716.5
391690,438859,439143,47169,284,1,25200,167.088028169
391690,438865,438866,47175,1,1,25200,4717.6
391690,438872,438873,47182,1,1,25200,4718.3
391690,453015,453016,61325,1,1,25200,6132.6
391691,453423,453471,61732,48,1,25200,1287.08333333
391691,453575,453620,61884,45,1,25200,1376.2
391691,453483,453563,61792,80,1,25200,773.4
391691,453028,453411,61337,383,1,25200,161.148825065
391692,453671,453673,61979,2,1,25200,6198.1
391692,453685,453703,61993,18,1,25200,3445.05555556
391692,453632,453659,61940,27,1,25200,2295.07407407
391692,453716,453722,62024,6,1,25200,6203.0
391693,473366,473372,81673,6,1,25200,8167.9
391693,473404,473436,81711,32,1,25200,2554.46875
391693,453734,453739,62041,5,1,25200,6204.6
391693,453752,453753,62059,1,1,25200,6206.0
391694,453765,453787,62071,22,1,25200,2822.40909091
391694,453799,453809,62105,10,1,25200,6211.5
391694,473595,474722,81901,1127,1,25200,73.6716947649
391695,472750,472765,81055,15,1,25200,5404.66666667
391695,472733,472738,81038,5,1,25200,8104.3
391695,472718,472720,81023,2,1,25200,8102.5
391695,472454,472706,80759,252,1,25200,321.472222222
391696,472922,472963,81226,41,1,25200,1982.12195122
391696,472975,472976,81279,1,1,25200,8128.0
391696,472777,472910,81081,133,1,25200,610.631578947
391697,472989,473042,81292,53,1,25200,1534.81132075
391697,473017,473018,81320,1,1,25200,8132.1
391697,473012,473353,81315,341,1,25200,239.460410557
391698,473068,473164,81370,96,1,25200,848.604166667
391698,473042,473454,81344,412,1,25200,198.436893204
391698,473054,473055,81356,1,1,25200,8135.7
391699,473202,473208,81503,6,1,25200,8150.9
391699,473176,473177,81477,1,1,25200,8147.8
391700,473798,473801,82098,3,1,25200,8210.1
391700,473397,473406,81697,9,1,25200,8170.6
391700,473385,473386,81685,1,1,25200,8168.6
391700,473220,473385,81520,165,1,25200,495.060606061
391700,473813,473839,82113,26,1,25200,3159.19230769
391701,473418,473445,81717,27,1,25200,3027.55555556
391701,473471,473481,81770,10,1,25200,8178.0
391701,473448,473449,81747,1,1,25200,8174.8
391701,473457,473909,81756,452,1,25200,181.876106195
391702,473478,473488,81776,10,1,25200,8178.6
391702,473494,473533,81792,39,1,25200,2098.23076923
391702,473546,473570,81844,24,1,25200,3411.16666667
391702,473501,473609,81799,108,1,25200,758.398148148
391703,473852,474015,82149,163,1,25200,504.981595092
391703,473922,473924,82219,2,1,25200,8222.1
391703,473621,473762,81918,141,1,25200,581.978723404
391703,473582,473583,81879,1,1,25200,8188.0
391703,473775,473776,82072,1,1,25200,8207.3
391704,473936,473991,82232,55,1,25200,1496.12727273
391704,474004,474006,82300,2,1,25200,8230.2
391704,474027,474342,82323,315,1,25200,262.342857143
391704,474018,474228,82314,210,1,25200,392.971428571
391705,474240,474241,82535,1,1,25200,8253.6
391705,474274,474277,82569,3,1,25200,8257.2
391705,474253,474261,82548,8,1,25200,8255.6
391706,474344,474397,82638,53,1,25200,1560.20754717
391706,474354,474366,82648,12,1,25200,6888.33333333
391706,474315,474332,82609,17,1,25200,4860.35294118
391707,474409,474410,82702,1,1,25200,8270.3
391707,474378,474794,82671,416,1,25200,199.728365385
391708,474436,474437,82728,1,1,25200,8272.9
391708,474449,474469,82741,20,1,25200,4138.05
391708,474481,474491,82773,10,1,25200,8278.3
391708,474503,474882,82795,379,1,25200,219.45646438
391709,474577,474593,82868,16,1,25200,5180.25
391709,474734,474735,83025,1,1,25200,8302.6
391709,474605,474795,82896,190,1,25200,437.294736842
391710,474747,474748,83037,1,1,25200,8303.8
391710,474760,474868,83050,108,1,25200,769.981481481
391710,474880,474881,83170,1,1,25200,8317.1
391710,474900,475047,83190,147,1,25200,566.918367347
391711,474953,476110,83242,1157,1,25200,72.9464131374
391711,474938,474940,83227,2,1,25200,8322.9
391711,474918,474919,83207,1,1,25200,8320.8
391712,475059,475060,83347,1,1,25200,8334.8
391712,475101,480504,83389,5403,1,25200,16.4338330557
391713,475414,475431,83701,17,1,25200,4924.58823529
391713,475443,475444,83730,1,1,25200,8373.1
391714,475480,475521,83766,41,1,25200,2044.07317073
391714,475973,476011,84259,38,1,25200,2218.34210526
391714,476049,476058,84335,9,1,25200,8434.4
391714,476070,476071,84356,1,1,25200,8435.7
391715,475533,475568,83818,35,1,25200,2395.8
391715,475579,475582,83864,3,1,25200,8386.7
391716,475594,475744,83878,150,1,25200,560.186666667
391716,475756,475760,84040,4,1,25200,8404.4
391717,476107,476147,84390,40,1,25200,2110.75
391717,476122,476123,84405,1,1,25200,8440.6
391717,475808,475961,84091,153,1,25200,550.614379085
391717,476023,476024,84306,1,1,25200,8430.7
391717,475795,475796,84078,1,1,25200,8407.9
391718,476135,476138,84417,3,1,25200,8442.0
391718,476175,476199,84457,24,1,25200,3520.04166667
391718,476150,476478,84432,328,1,25200,258.414634146
391719,476212,476213,84493,1,1,25200,8449.4
391719,476238,476241,84519,3,1,25200,8452.2
391719,476453,476454,84734,1,1,25200,8473.5
391719,476430,476441,84711,11,1,25200,7702.0
391720,476488,476489,84768,1,1,25200,8476.9
391720,476467,476476,84747,9,1,25200,8475.6
391720,476388,476418,84668,30,1,25200,2823.26666667
391720,476375,476376,84655,1,1,25200,8465.6
391720,476253,476363,84533,110,1,25200,769.481818182
391721,476495,476516,84774,21,1,25200,4037.85714286
391721,476678,476679,84957,1,1,25200,8495.8
391721,476672,477268,84951,596,1,25200,143.535234899
391721,476654,476659,84933,5,1,25200,8493.8
391722,476528,476661,84806,133,1,25200,638.639097744
391722,476502,476504,84780,2,1,25200,8478.2
391723,476691,476715,84968,24,1,25200,3541.33333333
391723,476592,476641,84869,49,1,25200,1733.02040816
391723,476547,476552,84824,5,1,25200,8482.9
391723,476565,476580,84842,15,1,25200,5657.13333333
391724,476728,476764,85004,36,1,25200,2362.22222222
391724,476777,476778,85053,1,1,25200,8505.4
391725,476960,478013,85235,1053,1,25200,81.9449192783
391725,480517,480518,88792,1,1,25200,8879.3
391725,476947,476948,85222,1,1,25200,8522.3
391725,476814,476935,85089,121,1,25200,704.214876033
391726,480530,480645,88804,115,1,25200,773.208695652
391726,480676,481216,88950,540,1,25200,165.722222222
391726,480657,480663,88931,6,1,25200,8893.7
391726,481242,481246,89516,4,1,25200,8952.0
391727,481259,481261,89532,2,1,25200,8953.4
391727,481228,481229,89501,1,1,25200,8950.2
391728,481311,481344,89583,33,1,25200,2715.63636364
391728,481357,481358,89629,1,1,25200,8963.0
391728,481436,481551,89708,115,1,25200,781.069565217
391728,481563,481573,89835,10,1,25200,8984.5
391729,481382,481424,89653,42,1,25200,2135.5952381
391730,481623,481625,89893,2,1,25200,8989.5
391730,481637,481640,89907,3,1,25200,8991.0
391731,481684,481703,89953,19,1,25200,4735.36842105
391731,481665,481672,89934,7,1,25200,8994.1
391732,481766,483617,90034,1851,1,25200,49.640734738
391732,483703,483704,91971,1,1,25200,9197.2
391732,483716,484409,91984,693,1,25200,133.733044733
391732,481752,481754,90020,2,1,25200,9002.2
391733,483629,483638,91896,9,1,25200,9190.5
391733,483651,483662,91918,11,1,25200,8357.18181818
391733,483677,483690,91944,13,1,25200,7073.61538462
391733,484422,484423,92689,1,1,25200,9269.0
391734,485002,485004,93268,2,1,25200,9327.0
391734,484459,484989,92725,530,1,25200,175.952830189
391735,484617,484619,92882,2,1,25200,9288.4
391735,485029,485030,93294,1,1,25200,9329.5
391735,484586,484587,92851,1,1,25200,9285.2
391735,484591,484605,92856,14,1,25200,6633.57142857
391736,484739,484740,93003,1,1,25200,9300.4
391736,484658,484727,92922,69,1,25200,1347.69565217
391736,484631,484634,92895,3,1,25200,9289.8
391737,485055,485251,93318,196,1,25200,477.112244898
391737,484752,485288,93015,536,1,25200,174.535447761
391737,485155,485200,93418,45,1,25200,2076.95555556
391738,485160,485307,93422,147,1,25200,636.523809524
391738,485358,486313,93620,955,1,25200,99.0314136126
391738,485227,485441,93489,214,1,25200,437.864485981
391738,485453,485454,93715,1,1,25200,9371.6
391738,485212,485215,93474,3,1,25200,9347.7
391739,485319,486483,93580,1164,1,25200,81.3951890034
391739,485263,486920,93524,1657,1,25200,57.4417622209
391739,485300,485313,93561,13,1,25200,7198.0
391740,485883,486308,94143,425,1,25200,222.512941176
391740,485809,485871,94069,62,1,25200,1518.24193548
391740,485515,485797,93775,282,1,25200,333.535460993
391740,485326,485346,93586,20,1,25200,4680.3
391741,486321,486323,94580,2,1,25200,9458.2
391741,486336,486350,94595,14,1,25200,6757.78571429
391741,486343,496329,94602,9986,1,25200,10.473462848
391742,486767,486994,95025,227,1,25200,419.612334802
391742,486460,486729,94718,269,1,25200,353.111524164
391742,486741,486742,94999,1,1,25200,9500.0
391742,486362,486448,94620,86,1,25200,1101.23255814
391743,486495,486502,94752,7,1,25200,9475.9
391743,487008,487010,95265,2,1,25200,9526.7
391743,487022,487024,95279,2,1,25200,9528.1
391743,486526,487156,94783,630,1,25200,151.449206349
391744,487168,487475,95424,307,1,25200,311.827361564
391744,487037,487691,95293,654,1,25200,146.70795107
391744,487501,487533,95757,32,1,25200,2993.40625
391744,487488,487489,95744,1,1,25200,9574.5
391745,487717,487744,95972,27,1,25200,3555.51851852
391745,487756,487870,96011,114,1,25200,843.201754386
391745,487545,488121,95800,576,1,25200,167.319444444
391745,487703,487705,95958,2,1,25200,9596.0
391746,487882,488202,96136,320,1,25200,301.425
391746,488219,488221,96473,2,1,25200,9647.5
391746,488233,488242,96487,9,1,25200,9649.6
391746,488134,488668,96388,534,1,25200,181.501872659
391747,489045,489049,97298,4,1,25200,9730.2
391747,488254,489737,96507,1483,1,25200,66.0755225893
391747,489365,489412,97618,47,1,25200,2077.9787234
391747,488680,488726,96933,46,1,25200,2108.23913043
391748,488740,488742,96992,2,1,25200,9699.4
391748,489018,489019,97270,1,1,25200,9727.1
391748,488766,489006,97018,240,1,25200,405.241666667
391748,489061,489153,97313,92,1,25200,1058.75
391749,489165,489172,97416,7,1,25200,9742.3
391749,489184,489327,97435,143,1,25200,682.363636364
391749,489425,489747,97676,322,1,25200,304.341614907
391749,489339,489340,97590,1,1,25200,9759.1
391750,490997,491037,99247,40,1,25200,2482.175
391750,489786,490009,98036,223,1,25200,440.623318386
391750,489883,489916,98133,33,1,25200,2974.72727273
391750,489760,489871,98010,111,1,25200,883.972972973
391750,489750,489773,98000,23,1,25200,4261.86956522
391751,491049,491050,99298,1,1,25200,9929.9
391751,490026,491598,98275,1572,1,25200,63.5159033079
391751,490935,490971,99184,36,1,25200,2756.11111111
391751,489928,490923,98177,995,1,25200,99.6703517588
391752,490983,490984,99231,1,1,25200,9923.2
391752,491084,491103,99332,19,1,25200,5229.0
391752,491062,491071,99310,9,1,25200,9931.9
391752,568109,568133,176357,24,1,25200,7349.20833333
391752,568103,568104,176351,1,1,25200,17635.2
391753,568121,568122,176368,1,1,25200,17636.9
391753,568151,568153,176398,2,1,25200,17640.0
391753,568134,568306,176381,172,1,25200,1026.47093023
391753,568114,568518,176361,404,1,25200,437.537128713
391754,568444,568507,176690,63,1,25200,2805.6031746
391754,568177,571961,176423,3784,1,25200,47.6234143763
391754,568519,568520,176765,1,1,25200,17676.6
391755,568569,568571,176814,2,1,25200,17681.6
391755,568318,568418,176563,100,1,25200,1766.63
391755,568431,568432,176676,1,1,25200,17667.7
391756,568544,568589,176788,45,1,25200,3929.62222222
391756,568602,568605,176846,3,1,25200,17684.9
391756,568583,568841,176827,258,1,25200,686.375968992
391756,568537,568544,176781,7,1,25200,17678.8
391757,568854,568889,177097,35,1,25200,5060.91428571
391757,569248,569547,177491,299,1,25200,594.615384615
391757,568630,568858,176873,228,1,25200,776.75877193
391757,568617,568618,176860,1,1,25200,17686.1
391757,569004,569005,177247,1,1,25200,17724.8
391758,568903,568904,177145,1,1,25200,17714.6
391758,568883,568884,177125,1,1,25200,17712.6
391758,568896,568991,177138,95,1,25200,1865.61052632
391758,568870,568872,177112,2,1,25200,17711.4
391759,569018,569023,177259,5,1,25200,17726.4
391759,569232,569286,177473,54,1,25200,3287.53703704
391759,569035,573477,177276,4442,1,25200,40.9090499775
391759,568917,569048,177158,131,1,25200,1353.35114504
391759,569299,570145,177540,846,1,25200,210.858156028
391760,569078,569082,177318,4,1,25200,17732.2
391760,569226,569235,177466,9,1,25200,17747.5
391760,569094,569770,177334,676,1,25200,263.328402367
391760,569059,569065,177299,6,1,25200,17730.5
391760,569560,569614,177800,54,1,25200,3293.59259259
391761,569840,569941,178079,101,1,25200,1764.15841584
391761,569878,569898,178117,20,1,25200,8906.85
391761,569626,569864,177865,238,1,25200,748.331932773
391761,569782,569828,178021,46,1,25200,3871.02173913
391762,570171,570216,178409,45,1,25200,3965.64444444
391762,570227,570229,178465,2,1,25200,17846.7
391762,569925,570560,178163,635,1,25200,281.571653543
391762,569910,569913,178148,3,1,25200,17815.1
391762,570241,571013,178479,772,1,25200,232.190414508
391763,570157,570158,178394,1,1,25200,17839.5
391763,570572,570577,178809,5,1,25200,17881.4
391763,569953,569954,178190,1,1,25200,17819.1
391763,569967,570726,178204,759,1,25200,235.787878788
391764,570739,570767,178975,28,1,25200,6392.96428571
391764,570590,570819,178826,229,1,25200,781.899563319
391766,411441,413077,19675,1636,4,345600,13.0262836186
392231,394399,400829,2168,6430,16,7200,1.33716951788
392331,394594,401008,2263,6414,16,7200,1.35282195198
392388,395919,402228,3531,6309,16,7200,1.5596766524
392585,400841,407510,8256,6669,16,7200,2.23796671165
393191,402805,403560,9614,755,4,5400,13.7337748344
393670,394305,401476,635,7171,2,10800,1.08855110863
394184,394713,402248,529,7535,2,10800,1.0702057067
394316,429375,434952,35059,5577,4,18120,7.28635467097
394733,394949,401755,216,6806,2,10800,1.03173670291
394918,395012,401398,94,6386,2,10800,1.01471969934
395001,395198,401509,197,6311,2,10800,1.0312153383
395083,395287,401866,204,6579,2,10800,1.03100775194
395278,395427,401926,149,6499,2,10800,1.02292660409
395414,395476,402204,62,6728,2,10800,1.00921521998
395467,395607,402601,140,6994,2,10800,1.02001715756
395471,395483,396028,12,545,1,480,1.02201834862
395552,395699,402368,147,6669,2,10800,1.0220422852
395690,395831,402544,141,6713,2,10800,1.02100402205
395740,395962,402394,222,6432,2,10800,1.03451492537
395853,395967,401601,114,5634,2,10800,1.0202342918
395964,396077,402341,113,6264,2,10800,1.01803959132
396067,396516,403078,449,6562,2,10800,1.0684242609
396107,396683,402736,576,6053,2,10800,1.09515942508
396674,396823,403486,149,6663,2,10800,1.02236229926
396735,397174,403728,439,6554,2,10800,1.06698199573
397165,397452,404781,287,7329,2,10800,1.03915950334
397234,415957,417785,18723,1828,18,1800,11.2423413567
397240,401020,407849,3780,6829,16,7200,1.5535217455
397338,401415,407672,4077,6257,2,10800,1.65159021895
397792,509484,941509,111692,432025,6,432000,1.25853133499
397859,509489,941490,111630,432001,6,432000,1.25840217962
398181,471184,474553,73003,3369,1,216000,22.6690412585
398256,464151,509472,65895,45321,16,259200,2.45396173959
398318,401521,408494,3203,6973,2,10800,1.45934318084
398444,402240,409118,3796,6878,16,7200,1.55190462344
398579,464157,516483,65578,52326,16,259200,2.25325841838
398904,398911,405342,7,6431,10,86400,1.00108847769
399755,399762,399915,7,153,1,120,1.04575163399
400071,402308,414291,2237,11983,1,17999,1.1866811316
400651,421824,452294,21173,30470,2,43200,1.69488021004
400966,409130,415591,8164,6461,16,7200,2.26358148893
401255,464168,583703,62913,119535,16,259200,1.52631446857
401480,401614,408761,134,7147,2,10800,1.01874912551
401511,401771,408304,260,6533,2,10800,1.03979794887
401605,401879,407609,274,5730,2,10800,1.04781849913
401654,401938,409215,284,7277,2,10800,1.0390270716
401688,447032,602534,45344,155502,2,172800,1.29159753572
401863,402222,409034,359,6812,2,10800,1.05270111568
401927,402266,408453,339,6187,2,10800,1.05479230645
401943,402353,410306,410,7953,2,10800,1.05155287313
402236,402380,409433,144,7053,2,10800,1.0204168439
402343,402406,408145,63,5739,2,10800,1.01097752222
402370,402556,409150,186,6594,2,10800,1.02820746133
402386,402613,409110,227,6497,2,10800,1.03493920271
402547,402753,408582,206,5829,2,10800,1.03534053869
402605,403501,410346,896,6845,2,10800,1.13089846603
402654,406251,412754,3597,6503,2,10800,1.55312932493
402717,404731,415944,2014,11213,20,86399,1.17961294926
402776,407627,414256,4851,6629,2,10800,1.73178458289
402798,407522,425559,4724,18037,20,17999,1.26190608194
402873,407860,414739,4987,6879,15,21599,1.72496002326
403251,407684,414386,4433,6702,2,10800,1.66144434497
403332,429480,431115,26148,1635,4,14400,16.9926605505
403334,429485,435365,26151,5880,4,14400,5.44744897959
403336,430139,441531,26803,11392,4,14400,3.35279143258
403338,430365,432259,27027,1894,4,14400,15.2697993664
403732,408157,415630,4425,7473,2,10800,1.59213167403
404053,408316,415241,4263,6925,2,10800,1.61559566787
404530,404537,404587,7,50,1,59,1.14
405448,405455,405492,7,37,1,59,1.18918918919
405457,462112,472999,56655,10887,2,43200,6.20391292367
405488,407866,494300,2378,86434,10,86400,1.02751232154
405576,408176,494619,2600,86443,10,86400,1.03007762341
406143,406258,472430,115,66172,1,162000,1.00173789518
406144,415962,445568,9818,29606,1,115200,1.33162196852
406145,425153,425884,19008,731,1,115200,27.0027359781
406153,438621,504923,32468,66302,1,162000,1.48969865162
406154,438880,468389,32726,29509,1,115200,2.10901758785
406155,440343,441076,34188,733,1,115200,47.6412005457
406162,441089,507281,34927,66192,1,162000,1.52766195311
406163,445580,475402,39417,29822,1,115200,2.32174233787
406283,460703,461436,54420,733,1,115200,75.2428376535
406319,461448,523075,55129,61627,1,162000,1.89455920295
406320,463754,491082,57434,27328,1,115200,3.10165398126
406321,464222,471172,57901,6950,1,115200,9.33107913669
406714,408465,415396,1751,6931,2,10800,1.25263309768
407467,464195,490665,56728,26470,10,57600,3.14310540234
407675,408507,415759,832,7252,2,10800,1.11472697187
407709,409135,409895,1426,760,4,1800,2.87631578947
408146,408599,415826,453,7227,2,10800,1.06268161063
408180,464420,532359,56240,67939,1,115200,1.82780141009
408180,464405,626438,56225,162033,1,162000,1.34699721662
408181,464427,539718,56246,75291,1,115200,1.74704811996
408194,464435,626468,56241,162033,1,162000,1.34709596193
408194,464763,533005,56569,68242,1,115200,1.8289469828
408195,464785,540559,56590,75774,1,115200,1.7468260881
408221,468485,536439,60264,67954,1,115200,1.88683521206
408221,466730,628742,58509,162012,1,162000,1.36113991556
408222,470512,545874,62290,75362,1,115200,1.82654388153
408307,408773,414740,466,5967,2,10800,1.07809619574
408347,409051,415816,704,6765,2,10800,1.10406504065
408497,409123,416628,626,7505,2,10800,1.08341105929
408539,409162,415559,623,6397,2,10800,1.09738940128
408628,409233,416098,605,6865,2,10800,1.08812818645
408870,409450,415679,580,6229,2,10800,1.09311285921
409114,410324,418180,1210,7856,2,10800,1.15402240326
409155,412101,418547,2946,6446,2,10800,1.45702761402
409181,412107,419786,2926,7679,2,10800,1.38103919781
409191,409198,409824,7,626,1,1199,1.01118210863
409308,412771,419350,3463,6579,2,10800,1.52637178903
409668,414274,421106,4606,6832,2,10800,1.67418032787
409906,429370,436599,19464,7229,16,7200,3.69248858763
410351,414399,420249,4048,5850,2,10800,1.69196581197
410824,470518,506111,59694,35593,1,53999,2.67712752508
411711,414768,420740,3057,5972,2,10800,1.51188881447
412095,414750,429185,2655,14435,16,14400,1.18392795289
412133,414756,433071,2623,18315,4,18300,1.14321594322
413405,415259,421825,1854,6566,2,10800,1.28236369175
413887,415608,416004,1721,396,8,3540,5.34595959596
414390,415412,422719,1022,7307,2,10800,1.13986588203
414501,417798,417983,3297,185,16,3600,18.8216216216
414502,415571,423317,1069,7746,2,10800,1.13800671314
414599,417995,424566,3396,6571,16,7200,1.51681631411
414945,415642,422772,697,7130,2,10800,1.09775596073
415291,415692,422499,401,6807,2,10800,1.05890994564
415468,415771,422264,303,6493,2,10800,1.04666563992
415633,415832,422430,199,6598,2,10800,1.03016065474
415683,415839,422015,156,6176,2,10800,1.02525906736
415750,438972,449073,23222,10101,1,21540,3.29898029898
415750,438995,449060,23245,10065,1,21540,3.30948832588
415751,439035,449081,23284,10046,1,21540,3.31773840334
415751,439004,449065,23253,10061,1,21540,3.31120166981
415751,439063,449113,23312,10050,1,21540,3.31960199005
415751,439134,449117,23383,9983,1,21540,3.34228187919
415752,439213,449173,23461,9960,1,21540,3.35552208835
415752,439235,449160,23483,9925,1,21540,3.36604534005
415752,439155,449105,23403,9950,1,21540,3.35206030151
415752,439143,449126,23391,9983,1,21540,3.34308324151
415752,439228,449191,23476,9963,1,21540,3.356318378
415753,439319,449244,23566,9925,1,21540,3.37440806045
415753,439334,449260,23581,9926,1,21540,3.37568003224
415753,439350,449267,23597,9917,1,21540,3.37944943027
415753,439342,449268,23589,9926,1,21540,3.37648599637
415754,439430,449357,23676,9927,1,21540,3.38501057721
415754,439547,449479,23793,9932,1,21540,3.39559001208
415754,439419,449330,23665,9911,1,21540,3.38775098376
415754,439923,449856,24169,9933,1,21540,3.43320245646
415754,439892,449827,24138,9935,1,21540,3.42959235028
415755,439937,449868,24182,9931,1,21540,3.43500151042
415755,439960,449887,24205,9927,1,21540,3.43829958698
415755,440034,449966,24279,9932,1,21540,3.44452275473
415755,440138,450055,24383,9917,1,21540,3.45870727034
415755,439930,449828,24175,9898,1,21540,3.44241260861
415756,440296,450196,24540,9900,1,21540,3.47878787879
415756,440301,450232,24545,9931,1,21540,3.47155372067
415756,440458,450395,24702,9937,1,21540,3.48586092382
415756,440518,450447,24762,9929,1,21540,3.49390673784
415756,440558,450485,24802,9927,1,21540,3.49843860179
415757,440574,450490,24817,9916,1,21540,3.50272287213
415757,440580,450492,24823,9912,1,21540,3.50433817595
415757,440569,450490,24812,9921,1,21540,3.50095756476
415757,440563,450462,24806,9899,1,21540,3.50590968785
415758,440601,450524,24843,9923,1,21540,3.50357754711
415758,440607,450508,24849,9901,1,21540,3.50974649025
415758,440585,450497,24827,9912,1,21540,3.5047417272
415758,440596,450494,24838,9898,1,21540,3.50939583754
415758,440590,450464,24832,9874,1,21540,3.51488758355
415759,440623,450517,24864,9894,1,21540,3.51303820497
415759,440612,450507,24853,9895,1,21540,3.5116725619
415759,440629,450541,24870,9912,1,21540,3.50907990315
415759,440618,450479,24859,9861,1,21540,3.52094108103
415760,440640,450557,24880,9917,1,21540,3.50882323283
415760,440634,450556,24874,9922,1,21540,3.5069542431
415762,416111,423721,349,7610,2,10800,1.04586070959
415780,416646,423134,866,6488,2,10800,1.13347718866
415833,417803,423868,1970,6065,2,10800,1.32481450948
415888,440767,450816,24879,10049,1,21540,3.47576873321
415888,440670,450735,24782,10065,1,21540,3.46219572777
415888,440682,450729,24794,10047,1,21540,3.46780133373
415888,440645,450706,24757,10061,1,21540,3.46068979227
415889,441065,451098,25176,10033,1,21540,3.50931924649
415889,441516,451482,25627,9966,1,21540,3.57144290588
415889,441466,451415,25577,9949,1,21540,3.5708111368
415889,441146,451117,25257,9971,1,21540,3.53304583292
415890,441543,451488,25653,9945,1,21540,3.57948717949
415890,441554,451483,25664,9929,1,21540,3.58475173734
415890,441523,451466,25633,9943,1,21540,3.57799456904
415890,441549,451455,25659,9906,1,21540,3.59024833434
415890,441559,451488,25669,9929,1,21540,3.58525531272
415891,441605,451533,25714,9928,1,21540,3.59004834811
415891,442312,452226,26421,9914,1,21540,3.66501916482
415891,442508,452421,26617,9913,1,21540,3.68506002219
415891,442502,452410,26611,9908,1,21540,3.68580944691
415892,442515,452431,26623,9916,1,21540,3.68485276321
415892,442537,452471,26645,9934,1,21540,3.68220253674
415892,442527,452468,26635,9941,1,21540,3.67930791671
415892,453825,463742,37933,9917,1,21540,4.82504789755
415893,500991,510924,85098,9933,1,21540,9.56720024162
415893,499032,508946,83139,9914,1,21540,9.38601977002
415893,499715,509629,83822,9914,1,21540,9.45491224531
415893,500461,510378,84568,9917,1,21540,9.52757890491
415894,509495,519429,93601,9934,1,21540,10.4222870948
415894,509506,519428,93612,9922,1,21540,10.4347913727
415894,501244,511159,85350,9915,1,21540,9.60816944024
415894,509500,519423,93606,9923,1,21540,10.4332359166
415894,500996,510879,85102,9883,1,21540,9.61094809268
415895,510388,520290,94493,9902,1,21540,10.5428196324
415895,509641,519565,93746,9924,1,21540,10.4463925836
415895,509511,519398,93616,9887,1,21540,10.4685951249
415895,510394,520288,94499,9894,1,21540,10.5511421063
415896,510401,520313,94505,9912,1,21540,10.5344027441
415896,510891,520772,94995,9881,1,21540,10.6139054752
415896,510936,520830,95040,9894,1,21540,10.6058217101
415896,511175,521088,95279,9913,1,21540,10.611520226
415897,511214,521106,95317,9892,1,21540,10.6357662758
415897,512050,521971,96153,9921,1,21540,10.6918657393
415897,512045,521968,96148,9923,1,21540,10.689408445
415897,511507,521406,95610,9899,1,21540,10.6585513688
415897,511721,521614,95824,9893,1,21540,10.6860406348
415898,513100,523020,97202,9920,1,21540,10.7985887097
415898,513094,523010,97196,9916,1,21540,10.8019362646
416102,417846,424015,1744,6169,2,10800,1.28270384179
416142,418001,424233,1859,6232,2,10800,1.29829910141
416499,416507,416528,8,21,1,180,1.38095238095
416697,416704,416722,7,18,1,540,1.38888888889
416805,416811,416823,6,12,1,540,1.5
416935,417840,417872,905,32,2,1200,29.28125
417488,417835,417869,347,34,4,1200,11.2058823529
417574,417774,417822,200,48,8,1200,5.16666666667
417618,425268,425286,7650,18,16,1800,426.0
417680,425571,425654,7891,83,32,1200,96.0722891566
417766,429199,429346,11433,147,64,1200,78.7755102041
417789,418006,425256,217,7250,2,10800,1.02993103448
417849,464108,464139,46259,31,128,1200,1493.22580645
418352,418359,418360,7,1,1,240,1.0
418390,418397,418406,7,9,1,240,1.6
418550,418557,424829,7,6272,2,10800,1.00111607143
419071,419079,425135,8,6056,2,10800,1.00132100396
419789,420262,426725,473,6463,2,10800,1.07318582702
420041,425299,425668,5258,369,16,3600,15.2493224932
420253,420757,428562,504,7805,2,10800,1.06457399103
420709,421118,428234,409,7116,2,10800,1.05747611017
421108,421841,428170,733,6329,2,10800,1.11581608469
421169,422028,429364,859,7336,2,10800,1.11709378408
421816,429359,443811,7543,14452,16,14400,1.52193468032
421832,438939,442515,17107,3576,1,10800,5.78383668904
421832,438955,442895,17123,3940,1,10800,5.34593908629
421832,438888,442300,17056,3412,1,10800,5.99882766706
421833,438960,443289,17127,4329,1,10800,4.95634095634
422018,422281,429081,263,6800,2,10800,1.03867647059
422148,422442,428923,294,6481,2,10800,1.04536336985
422343,422517,429368,174,6851,2,10800,1.02539775215
422454,422732,429612,278,6880,2,10800,1.04040697674
422723,422784,429789,61,7005,2,10800,1.00870806567
422775,423150,430853,375,7703,2,10800,1.04868233156
422869,423330,429847,461,6517,2,10800,1.07073806966
422907,425667,426572,2760,905,18,1800,4.04972375691
423321,423740,430887,419,7147,2,10800,1.05862599692
423457,424847,432019,1390,7172,2,10800,1.19380925823
423870,425147,431753,1277,6606,2,10800,1.19330911293
424018,426742,433107,2724,6365,2,10800,1.42796543598
424237,427690,433626,3453,5936,2,10800,1.58170485175
424694,428181,434787,3487,6606,2,10800,1.52785346655
425138,428245,434258,3107,6013,2,10800,1.5167137868
425259,428574,434983,3315,6409,2,10800,1.51724137931
426287,428940,435431,2653,6491,2,10800,1.40871976583
426694,426702,427740,8,1038,18,1500,1.00770712909
426717,426725,427756,8,1031,18,1500,1.00775945684
426786,436586,438104,9800,1518,18,1500,7.4558629776
426857,438121,440538,11264,2417,18,2400,5.66032271411
426877,449840,452278,22963,2438,18,2400,10.4187858901
427789,450519,452963,22730,2444,18,2400,10.3003273322
427945,429093,436352,1148,7259,2,10800,1.1581485053
428238,429388,435780,1150,6392,2,10800,1.17991239049
428564,429393,436782,829,7389,2,10800,1.1121938016
428593,451494,452998,22901,1504,18,1500,16.2267287234
428597,452290,453806,23693,1516,18,1500,16.6286279683
428601,452981,454490,24380,1509,18,1500,17.1563949636
428667,429628,435890,961,6262,2,10800,1.15346534653
428715,453010,455432,24295,2422,18,2400,11.0309661437
428761,453818,456240,25057,2422,18,2400,11.3455821635
428782,454502,456927,25720,2425,18,2400,11.606185567
429083,429802,437182,719,7380,2,10800,1.09742547425
429134,442907,442908,13773,1,1,240,1377.4
429328,429859,436328,531,6469,2,10800,1.0820837842
429383,430868,437270,1485,6402,2,10800,1.23195876289
429541,430899,437513,1358,6614,2,10800,1.20532204415
429789,430940,438337,1151,7397,2,10800,1.15560362309
429842,430946,437252,1104,6306,2,10800,1.17507136061
430107,431127,437166,1020,6039,2,10800,1.16890213612
430429,479065,506686,48636,27621,16,259200,2.76083414793
430602,433193,433449,2591,256,1,3540,11.12109375
430890,431133,437734,243,6601,2,10800,1.03681260415
430992,433552,435603,2560,2051,1,3540,2.2481716236
431040,431769,439311,729,7542,2,10800,1.09665871122
431089,433578,433761,2489,183,1,3540,14.6010928962
431139,433612,433880,2473,268,1,3540,10.2276119403
431186,433642,434134,2456,492,1,3540,5.9918699187
431259,433647,434019,2388,372,1,3540,7.41935483871
431307,433653,434172,2346,519,1,3540,5.52023121387
431374,433660,434150,2286,490,1,3540,5.66530612245
431423,433773,434289,2350,516,1,3540,5.55426356589
431471,433892,434378,2421,486,1,3540,5.98148148148
431519,434031,434542,2512,511,1,3540,5.91585127202
431716,434228,434502,2512,274,1,3540,10.1678832117
431991,434315,434498,2324,183,1,3540,13.6994535519
432023,432031,438590,8,6559,2,10800,1.00121969812
432187,432272,432399,85,127,4,3540,1.66929133858
432240,434391,434516,2151,125,1,3540,18.208
433112,433120,438997,8,5877,2,10800,1.00136123873
433519,433526,440540,7,7014,2,10800,1.00099800399
433894,434188,440664,294,6476,2,10800,1.04539839407
434419,464200,464280,29781,80,4,345600,373.2625
434645,434654,440535,9,5881,2,10800,1.00153035198
434986,434994,442485,8,7491,2,10800,1.0010679482
435146,435153,441796,7,6643,2,10800,1.00105374078
435530,435543,443105,13,7562,2,10800,1.00171912193
435564,435590,440283,26,4693,2,7200,1.0055401662
435843,435850,442111,7,6261,2,10800,1.00111803226
435994,436002,442955,8,6953,2,10800,1.00115058248
436354,436361,442971,7,6610,2,10800,1.00105900151
436469,436479,442824,10,6345,2,10800,1.00157604413
436956,436968,444063,12,7095,2,10800,1.00169133192
437186,437203,443971,17,6768,2,10800,1.00251182033
437256,437270,443975,14,6705,2,10800,1.00208799403
437274,437288,444000,14,6712,2,10800,1.00208581645
437292,437307,444034,15,6727,2,10800,1.00222982013
437727,437739,444304,12,6565,2,10800,1.0018278751
437845,437853,444170,8,6317,2,10800,1.00126642394
438593,438606,444837,13,6231,2,10800,1.00208634248
439000,439012,444892,12,5880,2,10800,1.00204081633
439314,439326,445980,12,6654,2,10800,1.00180342651
439405,439412,445796,7,6384,2,10800,1.00109649123
440323,440552,452291,229,11739,2,14400,1.01950762416
440553,440652,447500,99,6848,2,10800,1.0144567757
440667,440677,447232,10,6555,2,10800,1.00152555301
440681,440749,440757,68,8,1,3600,7.6
440877,441022,441136,145,114,1,3600,2.27192982456
441276,441306,441595,30,289,1,3600,1.10380622837
441390,441397,448493,7,7096,2,10800,1.00098647125
441843,442063,442526,220,463,1,3600,1.47516198704
442062,442071,448879,9,6808,2,10800,1.00132197415
442373,442379,448255,6,5876,2,10800,1.00102110279
442584,442591,448692,7,6101,2,10800,1.00114735289
442586,442838,448936,252,6098,2,10800,1.0413250246
442972,442979,450434,7,7455,2,10800,1.00093896714
443093,443302,446910,209,3608,1,3600,1.05792682927
443108,443115,450132,7,7017,2,10800,1.00099757731
443129,443136,450085,7,6949,2,10800,1.00100733919
443308,443828,450669,520,6841,1,10800,1.07601227891
443308,443823,447227,515,3404,1,10800,1.15129259694
443309,443834,454643,525,10809,1,10800,1.04857063558
443309,443844,447256,535,3412,1,10800,1.15679953107
443309,443839,447322,530,3483,1,10800,1.15216767155
443989,443996,450201,7,6205,2,10800,1.00112812248
444004,444011,451929,7,7918,2,10800,1.00088406163
444037,444044,451242,7,7198,2,10800,1.00097249236
444064,444072,450483,8,6411,2,10800,1.00124785525
444170,444177,451108,7,6931,2,10800,1.00100995527
444204,444211,451792,7,7581,2,10800,1.00092336103
444233,444240,444248,7,8,1,1800,1.5
444354,444362,451124,8,6762,2,10800,1.00118308193
444409,444416,444491,7,75,1,1800,1.09333333333
444587,444593,444705,6,112,1,3600,1.05357142857
444715,444723,444818,8,95,1,1800,1.08421052632
444846,444855,445292,9,437,1,3600,1.02059496568
444894,444901,451971,7,7070,2,10800,1.00099009901
444982,444989,451925,7,6936,2,10800,1.00100922722
445369,445376,445602,7,226,1,1800,1.03097345133
445546,445612,446417,66,805,1,3600,1.08198757764
445982,445989,452874,7,6885,2,10800,1.00101670298
446361,446427,446433,66,6,1,1800,7.2
446637,446644,446684,7,40,1,1800,1.175
446933,446940,447017,7,77,1,1800,1.09090909091
447031,447040,447122,9,82,1,3600,1.10975609756
447057,447064,453606,7,6542,2,10800,1.00107000917
447250,447257,447560,7,303,1,3600,1.02310231023
447280,447292,450669,12,3377,1,10800,1.00355344981
447280,447297,451162,17,3865,1,10800,1.00439844761
447280,447287,450513,7,3226,1,10800,1.00216986981
447281,447315,451490,34,4175,1,10800,1.00814371257
447281,447310,450728,29,3418,1,10800,1.00848449386
447281,447305,458128,24,10823,1,10800,1.00221749977
447305,447323,447464,18,141,1,3600,1.12765957447
447503,447510,454297,7,6787,2,10800,1.00103138353
447538,447545,447711,7,166,1,1800,1.0421686747
447603,447610,447848,7,238,1,3600,1.02941176471
447833,447840,448220,7,380,1,3600,1.01842105263
448127,448133,454671,6,6538,2,10800,1.00091771184
448158,448166,448624,8,458,1,3600,1.01746724891
448305,448313,454352,8,6039,2,10800,1.00132472264
448695,448702,454230,7,5528,2,10800,1.00126628075
448758,448949,448956,191,7,1,3600,19.8
448859,448866,455159,7,6293,2,10800,1.00111234705
448935,448942,455334,7,6392,2,10800,1.0010951189
449077,449084,449195,7,111,1,3600,1.06306306306
449327,449334,456449,7,7115,2,10800,1.00098383696
449337,449345,449608,8,263,1,3600,1.03041825095
449860,449867,450295,7,428,1,3600,1.01635514019
450135,450141,456804,6,6663,2,10800,1.00090049527
450204,450211,457284,7,7073,2,10800,1.00098967906
450437,450444,457573,7,7129,2,10800,1.0009819049
450485,450493,456668,8,6175,2,10800,1.00129554656
450560,450568,457388,8,6820,2,10800,1.00117302053
450872,450880,450885,8,5,1,3600,1.3
451011,451017,451100,6,83,1,3600,1.07228915663
451128,451135,457752,7,6617,2,10800,1.00105788122
451242,451250,457449,8,6199,2,10800,1.00129053073
451243,451255,451713,12,458,1,3600,1.02620087336
451318,451325,458491,7,7166,2,10800,1.00097683505
451512,451524,455273,12,3749,1,10800,1.00320085356
451512,451518,454745,6,3227,1,10800,1.00185931205
451512,451529,455417,17,3888,1,10800,1.00437242798
451513,451545,454950,32,3405,1,10800,1.0093979442
451513,451536,455650,23,4114,1,10800,1.00559066602
451513,451723,455863,210,4140,1,10800,1.05072463768
451514,451809,455461,295,3652,1,10800,1.08077765608
451928,451935,459580,7,7645,2,10800,1.00091563113
451943,451950,458673,7,6723,2,10800,1.00104120184
451958,451965,452040,7,75,1,1800,1.09333333333
451973,451981,458391,8,6410,2,10800,1.00124804992
451985,451992,452403,7,411,1,3600,1.01703163017
452288,452297,452386,9,89,1,1800,1.10112359551
452380,452387,458657,7,6270,2,10800,1.00111642743
452911,452918,453285,7,367,1,1800,1.01907356948
453459,453466,460736,7,7270,2,10800,1.00096286107
454231,454238,460899,7,6661,2,10800,1.00105089326
454300,454307,460047,7,5740,2,10800,1.0012195122
454355,454362,461165,7,6803,2,10800,1.00102895781
454456,454463,454503,7,40,1,1800,1.175
454674,454681,460855,7,6174,2,10800,1.00113378685
454752,454759,454833,7,74,1,1800,1.09459459459
454897,454904,462064,7,7160,2,10800,1.00097765363
455337,455345,461959,8,6614,2,10800,1.00120955549
455475,491115,494761,35640,3646,1,10800,10.7750959956
455475,491094,494498,35619,3404,1,10800,11.46386604
455475,455482,455722,7,240,1,1800,1.02916666667
455476,494510,498592,39034,4082,1,10800,10.5624693778
455476,491610,495500,36134,3890,1,10800,10.2889460154
455477,496830,500449,41353,3619,1,10800,12.4266371926
455477,495512,499580,40035,4068,1,10800,10.8414454277
455477,494773,498170,39296,3397,1,10800,12.5678539888
455478,496835,501232,41357,4397,1,10800,10.4057311804
455795,455802,462200,7,6398,2,10800,1.0010940919
456496,456503,463680,7,7177,2,10800,1.00097533788
456806,456813,463711,7,6898,2,10800,1.00101478689
457008,457015,463840,7,6825,2,10800,1.00102564103
457343,457351,464162,8,6811,2,10800,1.00117457055
457452,457458,463814,6,6356,2,10800,1.00094398993
457524,457530,463634,6,6104,2,10800,1.00098296199
457719,459592,466079,1873,6487,2,10800,1.28873130877
458024,460063,466537,2039,6474,2,10800,1.31495211616
458300,464184,479053,5884,14869,16,18000,1.39572264443
458302,464189,479053,5887,14864,16,18000,1.39605758881
458494,460749,467123,2255,6374,2,10800,1.35378098525
458560,460867,467223,2307,6356,2,10800,1.36296412838
458675,460911,467495,2236,6584,2,10800,1.33961117861
458806,464206,470295,5400,6089,4,18120,1.88684513056
459581,461178,468662,1597,7484,2,10800,1.21338856227
459787,461974,469106,2187,7132,2,10800,1.30664610208
460739,462076,469015,1337,6939,2,10800,1.19267906038
460857,462212,468760,1355,6548,2,10800,1.20693341478
460899,463649,470654,2750,7005,2,10800,1.39257673091
461047,463697,470490,2650,6793,2,10800,1.39010746357
461288,463723,470433,2435,6710,2,10800,1.36289120715
461735,464178,466713,2443,2535,3,3600,1.96370808679
462041,531455,786675,69414,255220,2,604800,1.27197711778
462066,463761,471131,1695,7370,2,10800,1.22998643148
462202,463826,470233,1624,6407,2,10800,1.25347276416
462287,463852,471264,1565,7412,2,10800,1.21114409066
463665,464211,470489,546,6278,2,10800,1.08697037273
463713,464216,471078,503,6862,2,10800,1.07330224424
463816,464229,471061,413,6832,2,10800,1.06045081967
463843,464292,471562,449,7270,2,10800,1.06176066025
463883,464297,471921,414,7624,2,10800,1.05430220357
464215,466091,472520,1876,6429,2,10800,1.2918027687
464321,466549,472986,2228,6437,2,10800,1.34612397079
464323,466725,473777,2402,7052,2,10800,1.34061259217
464324,467141,473976,2817,6835,2,10800,1.41214337966
464326,467238,473969,2912,6731,2,10800,1.43262516714
464328,467512,474282,3184,6770,2,10800,1.47031019202
466020,470307,506626,4287,36319,4,36300,1.1180373909
467714,721446,851052,253732,129606,2,129600,2.95771800688
467835,472144,558577,4309,86433,10,86400,1.04985364386
468130,531444,603468,63314,72024,16,72000,1.87906808841
468151,482680,484366,14529,1686,4,345600,9.61743772242
468193,468401,468473,208,72,1,18000,3.88888888889
468618,482675,498935,14057,16260,8,57600,1.86451414514
468761,468768,475171,7,6403,2,10800,1.00109323754
468786,468792,475061,6,6269,2,10800,1.00095709045
469108,469115,475474,7,6359,2,10800,1.00110080201
469186,469193,476004,7,6811,2,10800,1.00102774923
469661,531450,567459,61789,36009,16,36000,2.71593212808
470338,470345,477608,7,7263,2,10800,1.00096378907
470450,470457,476977,7,6520,2,10800,1.00107361963
470494,470507,477602,13,7095,2,10800,1.00183227625
470525,470669,477001,144,6332,2,10800,1.02274162982
470727,471078,478494,351,7416,2,10800,1.04733009709
471080,471091,478045,11,6954,2,10800,1.00158182341
471135,471143,477507,8,6364,2,10800,1.00125707102
471259,471276,477824,17,6548,2,10800,1.00259621258
471437,559202,1164008,87765,604806,8,604800,1.14511264769
471500,479070,485444,7570,6374,16,7200,2.18763727644
471564,471575,477786,11,6211,2,10800,1.00177105136
471648,506698,513578,35050,6880,16,7200,6.09447674419
471923,471933,478618,10,6685,2,10800,1.00149588631
471948,472536,479732,588,7196,2,10800,1.08171206226
472691,475324,561774,2633,86450,10,86400,1.03045691151
472989,472999,479436,10,6437,2,10800,1.00155351872
473191,473793,480135,602,6342,2,10800,1.09492273731
473972,473981,480255,9,6274,2,10800,1.00143449155
473987,506638,513647,32651,7009,4,14400,5.65843914966
473990,473996,480973,6,6977,2,10800,1.00085996847
473990,513609,523048,39619,9439,4,14400,5.19737260303
474258,513614,520797,39356,7183,4,14400,6.47904775164
474286,474296,481320,10,7024,2,10800,1.00142369021
474685,474926,481477,241,6551,2,10800,1.0367882766
474765,474806,474911,41,105,2,36000,1.39047619048
474851,484378,491394,9527,7016,4,18120,2.35789623717
475174,475180,481879,6,6699,2,10800,1.00089565607
475295,476159,476163,864,4,1,17999,86.8
475476,475487,482678,11,7191,2,10800,1.00152968989
475664,475670,482249,6,6579,2,10800,1.0009119927
476003,477522,477667,1519,145,2,36000,11.475862069
476192,476198,482528,6,6330,2,10800,1.0009478673
477004,477012,484606,8,7594,2,10800,1.00105346326
477155,477162,483570,7,6408,2,10800,1.00109238452
477238,477280,544325,42,67045,1,162000,1.00062644493
477239,477803,507355,564,29552,1,115200,1.01908500271
477240,477808,507361,568,29553,1,115200,1.01921970697
477246,478026,544575,780,66549,1,162000,1.01172068701
477246,484599,514162,7353,29563,1,115200,1.24872306599
477247,488029,517516,10782,29487,1,115200,1.36565266049
477253,532519,599672,55266,67153,1,162000,1.82298631483
477254,539739,569204,62485,29465,1,115200,3.12065162057
477255,540571,570045,63316,29474,1,115200,3.14819841216
477262,544337,604042,67075,59705,1,162000,2.12344024789
477263,544593,571117,67330,26524,1,115200,3.5384557382
477264,545888,572368,68624,26480,1,115200,3.5915407855
477274,492352,499282,15078,6930,4,18180,3.17575757576
477604,477614,483849,10,6235,2,10800,1.00160384924
477620,477626,485447,6,7821,2,10800,1.00076716532
477665,477678,484570,13,6892,2,10800,1.00188624492
477825,477835,485658,10,7823,2,10800,1.00127828199
477879,478062,485135,183,7073,2,10800,1.02587303831
478497,478507,484906,10,6399,2,10800,1.00156274418
478620,478630,485099,10,6469,2,10800,1.00154583398
478992,479077,485143,85,6066,2,10800,1.01401252885
479282,480151,509475,869,29324,2,172800,1.02963442914
479733,479740,486364,7,6624,2,10800,1.00105676329
480137,480143,486925,6,6782,2,10800,1.00088469478
480152,480269,487201,117,6932,2,10800,1.01687824582
480319,494320,494322,14001,2,1,120,1400.3
480975,480986,487212,11,6226,2,10800,1.00176678445
481321,481333,488230,12,6897,2,10800,1.00173988691
481478,481490,487760,12,6270,2,10800,1.0019138756
481575,481895,488206,320,6311,2,10800,1.05070511805
481690,565828,681062,84138,115234,1,115200,1.73014908794
481690,565834,681046,84144,115212,1,115200,1.73034058952
481705,565839,681075,84134,115236,1,115200,1.73010170433
481705,565845,681056,84140,115211,1,115200,1.73031220977
481715,565856,681102,84141,115246,1,115200,1.73009909238
481715,565850,681068,84135,115218,1,115200,1.7302244441
481732,565867,681077,84135,115210,1,115200,1.73027514973
481732,565861,681101,84129,115240,1,115200,1.73003297466
481740,565872,681080,84132,115208,1,115200,1.73026178738
481740,565877,681095,84137,115218,1,115200,1.7302418025
481746,565883,681101,84137,115218,1,115200,1.7302418025
481746,565888,681119,84142,115231,1,115200,1.73020281001
481761,565894,681132,84133,115238,1,115200,1.73008035544
481761,565899,681103,84138,115204,1,115200,1.73033922433
481774,565904,681119,84130,115215,1,115200,1.73020006076
481774,565910,681113,84136,115203,1,115200,1.73032820326
481783,569215,684439,87432,115224,1,115200,1.75880024995
481783,570057,685271,88274,115214,1,115200,1.76617424966
482253,482262,489262,9,7000,2,10800,1.00128571429
482531,482539,488725,8,6186,2,10800,1.00129324281
482620,504935,504938,22315,3,1,14340,2231.8
482679,482690,489040,11,6350,2,10800,1.00173228346
482868,483148,490159,280,7011,2,10800,1.03993724148
482974,485465,571916,2491,86451,10,86400,1.02881401025
483664,483670,490008,6,6338,2,10800,1.00094667087
483876,483883,489818,7,5935,2,10800,1.00117944398
484440,485460,488012,1020,2552,3,3600,1.39968652038
484511,498957,499020,14446,63,1,18000,230.301587302
484611,484624,490477,13,5853,2,10800,1.00222108321
484817,484922,491789,105,6867,2,10800,1.01529051988
485101,485112,491727,11,6615,2,10800,1.00166288738
485137,485147,491626,10,6479,2,10800,1.00154344806
485152,485471,492135,319,6664,2,10800,1.04786914766
485324,485476,491775,152,6299,2,10800,1.02413081441
485515,486391,551691,876,65300,2,172800,1.01341500766
485659,485669,491849,10,6180,2,10800,1.00161812298
485757,486569,623458,812,136889,2,172800,1.00593181337
486368,486376,492777,8,6401,2,10800,1.00124980472
486572,490677,577099,4105,86422,10,86400,1.0474994793
486574,559360,590707,72786,31347,12,57600,3.3219446837
486645,487775,660611,1130,172836,2,172800,1.00653798977
486680,491643,613949,4963,122306,2,172800,1.04057854889
486823,486933,492895,110,5962,2,10800,1.0184501845
486846,490176,495976,3330,5800,2,7200,1.57413793103
486993,487000,493422,7,6422,2,10800,1.00109000311
487014,568097,576395,81083,8298,1,359940,10.7713906966
487219,563845,580257,76626,16412,10,57600,5.66890080429
487221,487228,493959,7,6731,2,10800,1.00103996434
487556,487563,494607,7,7044,2,10800,1.00099375355
487677,580270,1041112,92593,460842,6,460800,1.20092135699
487989,488024,494434,35,6410,2,10800,1.00546021841
488232,488240,494690,8,6450,2,10800,1.00124031008
488329,488336,495779,7,7443,2,10800,1.00094048099
488358,491406,492340,3048,934,4,345600,4.26338329764
488644,563851,589835,75207,25984,10,57600,3.8943580665
488782,488789,496101,7,7312,2,10800,1.00095733042
489266,489272,496258,6,6986,2,10800,1.00085886058
489329,559366,586006,70037,26640,12,43200,3.62901651652
489535,569221,571605,79686,2384,4,18000,34.4253355705
489821,489827,496782,6,6955,2,10800,1.00086268871
489987,489994,497086,7,7092,2,10800,1.00098702764
490128,490135,496217,7,6082,2,10800,1.00115093719
490244,490495,496911,251,6416,2,10800,1.03912094763
490566,490806,496779,240,5973,2,10800,1.04018081366
490683,513595,513597,22912,2,8,7200,2291.4
491709,491745,498436,36,6691,2,10800,1.00538036168
491777,491787,499489,10,7702,2,10800,1.00129836406
491792,491802,497912,10,6110,2,10800,1.00163666121
491850,491861,498884,11,7023,2,10800,1.00156628222
491963,494639,508051,2676,13412,20,86399,1.19952281539
491981,492148,492316,167,168,2,36000,1.99404761905
492020,513589,520506,21569,6917,15,21599,4.11825936099
492129,508062,531433,15933,23371,20,28799,1.68174233024
492137,492328,498852,191,6524,2,10800,1.02927651747
492226,602080,609308,109854,7228,24,7199,16.19839513
492408,561793,904968,69385,343175,6,345600,1.20218547388
492779,492789,500012,10,7223,2,10800,1.00138446629
492898,492907,499703,9,6796,2,10800,1.00132430842
493187,522951,540968,29764,18017,16,18000,2.65199533774
493425,493433,500126,8,6693,2,10800,1.00119527865
493508,493975,501399,467,7424,2,10800,1.06290409483
494139,494452,500979,313,6527,2,10800,1.04795464992
494611,494620,501264,9,6644,2,10800,1.00135460566
494682,494702,500675,20,5973,2,10800,1.00334840114
494684,495791,502690,1107,6899,2,10800,1.1604580374
494687,495989,503480,1302,7491,2,10800,1.17380857028
494689,496119,502395,1430,6276,2,10800,1.22785213512
494691,496234,503101,1543,6867,2,10800,1.2246978302
494910,532370,547307,37460,14937,2,36000,3.5078663721
495223,547319,575791,52096,28472,2,172800,2.82972745153
495512,496815,496818,1303,3,2,300,130.6
495512,496797,496803,1285,6,3,300,129.1
495513,498868,498875,3355,7,5,300,336.2
495513,509518,509524,14005,6,6,300,1401.1
495513,498452,498458,2939,6,4,300,294.5
495514,512919,512925,17405,6,7,300,1741.1
495514,512898,512907,17384,9,8,300,1739.3
495515,512970,512979,17455,9,9,300,1746.4
495515,520809,520818,25294,9,10,300,2530.3
495516,520842,520851,25326,9,11,300,2533.5
495516,521100,521116,25584,16,12,300,1600.0
495517,521128,521138,25611,10,13,300,2562.1
495517,528357,528375,32840,18,14,300,1825.44444444
495518,529485,529496,33967,11,15,300,3088.90909091
495518,559180,559191,63662,11,16,300,5788.45454545
495519,552452,552463,56933,11,17,300,5176.72727273
495803,540986,541613,45183,627,18,1500,73.0622009569
495804,586019,748801,90215,162782,4,172800,1.55420746766
495865,541624,542133,45759,509,18,1500,90.8998035363
495894,542144,542744,46250,600,18,1500,78.0833333333
495946,542756,547581,46810,4825,18,4800,10.7015544041
495969,542997,547823,47028,4826,18,4800,10.744716121
495990,547530,552354,51540,4824,18,4800,11.684079602
496018,547598,552441,51580,4843,18,4800,11.6504232913
496033,547834,552678,51801,4844,18,4800,11.6938480595
496045,552365,557214,56320,4849,18,4800,12.6147659311
496477,496485,502892,8,6407,2,10800,1.00124863431
496785,496802,503257,17,6455,2,10800,1.00263361735
496913,496924,503133,11,6209,2,10800,1.00177162184
497087,497099,504249,12,7150,2,10800,1.00167832168
497157,497928,505043,771,7115,2,10800,1.1083626142
498038,498470,505592,432,7122,2,10800,1.06065711879
498468,498897,505609,429,6712,2,10800,1.06391537545
498887,499720,506477,833,6757,2,10800,1.12327956194
499016,523060,541104,24044,18044,16,18000,2.33252050543
499092,500024,506762,932,6738,2,10800,1.13831997625
499704,500138,507343,434,7205,2,10800,1.06023594726
500014,500690,507315,676,6625,2,10800,1.10203773585
500129,501281,508833,1152,7552,2,10800,1.15254237288
500449,501411,508070,962,6659,2,10800,1.14446613606
500981,502411,508752,1430,6341,2,10800,1.22551648005
501183,502702,509483,1519,6781,2,10800,1.22400825837
501400,502904,509632,1504,6728,2,10800,1.22354340071
502343,503113,510194,770,7081,2,10800,1.10874170315
502683,503146,509020,463,5874,2,10800,1.07882192714
502894,503269,509621,375,6352,2,10800,1.05903652393
503075,503492,510371,417,6879,2,10800,1.06061927606
503135,504265,510927,1130,6662,2,10800,1.16961873311
503259,505061,511153,1802,6092,2,10800,1.29579776756
503482,505610,513078,2128,7468,2,10800,1.28494911623
503537,505621,512326,2084,6705,2,10800,1.31081282625
503736,586024,753267,82288,167243,4,172800,1.49202657211
504465,505628,512881,1163,7253,2,10800,1.16034744244
504799,504950,504951,151,1,1,240,15.2
505152,506123,512032,971,5909,2,10800,1.16432560501
505610,506493,512358,883,5865,2,10800,1.1505541347
505994,506774,513697,780,6923,2,10800,1.11266791853
506286,587862,748896,81576,161034,4,172800,1.50657625098
506762,507332,513941,570,6609,2,10800,1.08624602814
506952,507355,514181,403,6826,2,10800,1.05903896865
507345,508082,515175,737,7093,2,10800,1.10390525871
508071,508770,515378,699,6608,2,10800,1.10578087167
508252,508845,514810,593,5965,2,10800,1.09941324392
508835,509032,515922,197,6890,2,10800,1.02859216255
508851,520517,542985,11666,22468,20,86399,1.51922734556
509022,509523,516297,501,6774,2,10800,1.07395925598
509127,509633,516429,506,6796,2,10800,1.0744555621
509554,567470,568087,57916,617,16,28800,94.8670988655
509622,509649,515868,27,6219,2,10800,1.00434153401
509637,510206,516877,569,6671,2,10800,1.08529455854
509931,510943,517762,1012,6819,2,10800,1.1484088576
509934,511168,518161,1234,6993,2,10800,1.17646217646
510571,512341,519459,1770,7118,2,10800,1.24866535544
511078,512370,517866,1292,5496,2,10800,1.23508005822
511661,516495,522939,4834,6444,16,7200,1.75015518312
511713,541116,547519,29403,6403,16,7200,5.59206621896
511769,513601,520026,1832,6425,2,10800,1.28513618677
511788,552475,559348,40687,6873,16,7200,6.91983122363
511854,552689,559164,40835,6475,16,7200,7.30656370656
511901,557225,563834,45324,6609,16,7200,7.8579210168
512068,558596,565816,46528,7220,16,7200,7.44432132964
512185,513659,520565,1474,6906,2,10800,1.2134375905
512360,513664,520766,1304,7102,2,10800,1.18361025063
512451,513713,520155,1262,6442,2,10800,1.19590189382
512963,513953,520177,990,6224,2,10800,1.15906169666
513256,514199,520615,943,6416,2,10800,1.14697630923
513943,514822,521843,879,7021,2,10800,1.12519584105
514076,515188,521870,1112,6682,2,10800,1.16641724035
514812,515390,521838,578,6448,2,10800,1.08964019851
515177,515885,522544,708,6659,2,10800,1.10632227061
515379,515938,522642,559,6704,2,10800,1.08338305489
515509,516309,522615,800,6306,2,10800,1.12686330479
515901,516442,523293,541,6851,2,10800,1.07896657422
516299,516889,523119,590,6230,2,10800,1.09470304976
516432,517780,524867,1348,7087,2,10800,1.19020742204
516880,517879,524679,999,6800,2,10800,1.14691176471
516925,518177,524747,1252,6570,2,10800,1.19056316591
516974,516981,517231,7,250,1,3540,1.028
517343,517349,519386,6,2037,1,3540,1.0029455081
517419,517529,517708,110,179,1,3540,1.61452513966
517467,517720,517982,253,262,1,3540,1.96564885496
517515,517994,518474,479,480,1,3540,1.99791666667
517588,518486,518845,898,359,1,3540,3.50139275766
517635,518857,519363,1222,506,1,3540,3.41501976285
517685,519376,519853,1691,477,1,3540,4.54507337526
517733,519398,519900,1665,502,1,3540,4.31673306773
517791,519410,519887,1619,477,1,3540,4.39412997904
517839,519439,519942,1600,503,1,3540,4.18091451292
517870,519475,526861,1605,7386,2,10800,1.21730300569
518027,519912,526704,1885,6792,2,10800,1.27753239105
518053,519446,519708,1393,262,1,3540,6.31679389313
518233,520167,527051,1934,6884,2,10800,1.28094131319
518322,519451,519634,1129,183,1,3540,7.1693989071
518443,571973,593849,53530,21876,1,53999,3.44697385262
518509,519865,519989,1356,124,4,3540,11.935483871
518542,578330,591311,59788,12981,1,53999,5.60580848933
518561,519577,519702,1016,125,1,3540,9.128
518808,584230,593699,65422,9469,1,35999,7.90907170768
518926,587867,595682,68941,7815,1,35999,9.82162507997
519022,589847,595448,70825,5601,1,35999,13.6450633815
519084,589853,594628,70769,4775,1,35999,15.8207329843
519116,589858,596841,70742,6983,1,35999,11.1306028927
519488,520189,527806,701,7617,2,10800,1.09203098333
519777,589864,906376,70087,316512,1,345600,1.22143552219
520060,520066,520207,6,141,1,120,1.04255319149
520156,520300,527323,144,7023,2,10800,1.02050405809
520180,520326,526419,146,6093,2,10800,1.02396192352
520352,520359,520360,7,1,1,120,1.0
520385,520627,527259,242,6632,2,10800,1.03648974668
520470,520476,520531,6,55,1,120,1.10909090909
520617,521150,528281,533,7131,2,10800,1.07474407516
520768,521418,528310,650,6892,2,10800,1.09431224608
520882,520889,521053,7,164,1,120,1.04268292683
521006,521855,528712,849,6857,2,10800,1.12381507948
521238,521244,521413,6,169,1,120,1.03550295858
521704,521711,521713,7,2,1,120,1.0
521857,521863,528568,6,6705,2,10800,1.00089485459
521872,521882,529167,10,7285,2,10800,1.0013726836
522548,522555,529473,7,6918,2,10800,1.00101185314
522618,522624,529441,6,6817,2,10800,1.00088015256
522645,522651,529362,6,6711,2,10800,1.00089405454
522932,522939,529524,7,6585,2,10800,1.00106302202
523294,523300,529853,6,6553,2,10800,1.00091561117
523595,523603,531156,8,7553,2,10800,1.00105918178
524748,524754,531344,6,6590,2,10800,1.00091047041
524869,524876,531755,7,6879,2,10800,1.00101758977
525363,525370,531757,7,6387,2,10800,1.0010959762
526470,526876,533464,406,6588,2,10800,1.06162720097
526841,527067,533871,226,6804,2,10800,1.03321575544
527053,527271,534463,218,7192,2,10800,1.03031145717
527054,527060,527068,6,8,1,3600,1.4
527187,527194,527303,7,109,1,3600,1.06422018349
527261,527818,534525,557,6707,2,10800,1.08304756225
527324,528580,535084,1256,6504,2,10800,1.19311193112
527442,527449,527705,7,256,1,3600,1.02734375
527804,528728,535391,924,6663,2,10800,1.13867627195
527949,527956,528347,7,391,1,3600,1.0179028133
528280,529181,536138,901,6957,2,10800,1.1295098462
528311,529374,536006,1063,6632,2,10800,1.16028347407
528570,529453,535826,883,6373,2,10800,1.13855327161
528597,529536,536302,939,6766,2,10800,1.13878214602
528730,529868,536108,1138,6240,2,10800,1.18237179487
528897,528903,532509,6,3606,1,3600,1.00166389351
529363,531171,537673,1808,6502,2,10800,1.27806828668
529442,531357,537970,1915,6613,2,10800,1.28958112808
529475,531771,537868,2296,6097,2,10800,1.37657864524
529527,531776,538696,2249,6920,2,10800,1.325
529599,533481,539717,3882,6236,2,10800,1.62251443233
530184,533889,539988,3705,6099,2,10800,1.60747663551
530626,530634,530641,8,7,1,1800,1.5
530798,533017,533094,2219,77,1,1800,29.8181818182
530971,533105,533217,2134,112,1,3600,20.0535714286
531347,534476,540970,3129,6494,2,10800,1.48182938097
531407,534537,541081,3130,6544,2,10800,1.4783007335
531772,535105,542062,3333,6957,2,10800,1.47908581285
532263,535408,542413,3145,7005,2,10800,1.44896502498
532633,533227,533307,594,80,1,3600,8.425
533322,533329,533421,7,92,1,1800,1.07608695652
533354,533433,533680,79,247,1,3600,1.31983805668
533450,533691,533932,241,241,1,3600,2.0
533509,535838,542428,2329,6590,2,10800,1.35341426404
533897,533942,534149,45,207,1,1800,1.21739130435
533924,534159,534718,235,559,1,3600,1.42039355993
534199,534728,535089,529,361,1,3600,2.46537396122
534463,536018,542831,1555,6813,2,10800,1.22824012916
534526,536121,543167,1595,7046,2,10800,1.22636957139
534733,536151,543034,1418,6883,2,10800,1.20601481912
534810,535100,535106,290,6,1,1800,29.6
535263,535270,535309,7,39,1,1800,1.17948717949
535318,536315,542896,997,6581,2,10800,1.15149673302
535521,535527,535600,6,73,1,1800,1.08219178082
535537,535610,535617,73,7,1,3600,8.0
535593,535627,535706,34,79,1,3600,1.43037974684
535735,535741,535850,6,109,1,3600,1.05504587156
535828,537689,544759,1861,7070,2,10800,1.26322489392
535839,535860,536095,21,235,1,3600,1.08936170213
535994,536105,536364,111,259,1,3600,1.42857142857
536009,537880,544923,1871,7043,2,10800,1.26565384069
536112,537982,545139,1870,7157,2,10800,1.26128266033
536113,536374,536537,261,163,1,1800,2.60122699387
536139,538712,545865,2573,7153,2,10800,1.35970921292
536305,539734,546668,3429,6934,2,10800,1.49451975772
536393,536451,536911,58,460,1,3600,1.12608695652
536614,536621,537020,7,399,1,3600,1.01754385965
536625,540006,547049,3381,7043,2,10800,1.48005111458
537591,543002,543008,5411,6,1,3600,541.7
537871,540992,547290,3121,6298,2,10800,1.49555414417
537971,541093,547577,3122,6484,2,10800,1.48149290561
538088,542079,548677,3991,6598,2,10800,1.60488026675
538251,538257,538331,6,74,1,1800,1.08108108108
538568,538575,538661,7,86,1,1800,1.08139534884
538728,542429,549329,3701,6900,2,10800,1.53637681159
539155,543007,543374,3852,367,1,1800,11.4959128065
539953,542440,549197,2487,6757,2,10800,1.36806274974
540031,542843,548845,2812,6002,2,10800,1.4685104965
541082,542908,549955,1826,7047,2,10800,1.2591173549
541642,543046,549346,1404,6300,2,10800,1.22285714286
542131,543179,549722,1048,6543,2,10800,1.1601711753
542430,544776,552059,2346,7283,2,10800,1.32212000549
542834,544935,551819,2101,6884,2,10800,1.30520046485
542897,545151,551200,2254,6049,2,10800,1.37262357414
543036,545881,552634,2845,6753,2,10800,1.4212942396
543129,543135,543219,6,84,1,3600,1.07142857143
543169,546683,553132,3514,6449,2,10800,1.54489068073
543364,543371,543615,7,244,1,3600,1.02868852459
543654,547067,554322,3413,7255,2,10800,1.47043418332
543882,543888,544243,6,355,1,3600,1.01690140845
544530,544538,544576,8,38,1,1800,1.21052631579
544818,544825,544896,7,71,1,1800,1.0985915493
544925,547305,554001,2380,6696,2,10800,1.35543608124
545142,547592,554460,2450,6868,2,10800,1.35672684916
545480,548693,555381,3213,6688,2,10800,1.48041267943
545514,545522,545762,8,240,1,1800,1.03333333333
546026,548857,556029,2831,7172,2,10800,1.39472950363
546772,549212,555798,2440,6586,2,10800,1.37048284239
547092,549341,555966,2249,6625,2,10800,1.33947169811
547110,578590,600235,31480,21645,16,21600,2.45437745438
547120,583714,601780,36594,18066,16,21600,3.02557289937
547391,549358,556249,1967,6891,2,10800,1.28544478305
547629,551702,551835,4073,133,2,36000,31.6240601504
547669,549734,556366,2065,6632,2,10800,1.31136911942
548848,549967,556458,1119,6491,2,10800,1.17239254352
548924,551212,557934,2288,6722,2,10800,1.34037488843
549332,551834,558425,2502,6591,2,10800,1.37960855712
549347,552071,558984,2724,6913,2,10800,1.39404021409
549724,552649,559090,2925,6441,2,10800,1.45412203074
549956,553148,559492,3192,6344,2,10800,1.50315258512
550514,554016,561073,3502,7057,2,10800,1.49624486326
551633,554340,560597,2707,6257,2,10800,1.4326354483
552062,554476,561129,2414,6653,2,10800,1.36284382985
552143,555396,562321,3253,6925,2,10800,1.46974729242
552828,555815,563056,2987,7241,2,10800,1.41251208397
553498,555981,563116,2483,7135,2,10800,1.34800280308
554123,556041,562326,1918,6285,2,10800,1.30517104216
554428,556261,562615,1833,6354,2,10800,1.28847969783
555354,556378,563281,1024,6903,2,10800,1.14834130088
555635,556470,563771,835,7301,2,10800,1.11436789481
555916,557952,564761,2036,6809,2,10800,1.29901600822
556032,558441,565359,2409,6918,2,10800,1.34822202949
556252,559002,565807,2750,6805,2,10800,1.4041146216
556369,559106,566037,2737,6931,2,10800,1.3948925119
556460,559509,565310,3049,5801,2,10800,1.52559903465
557675,560614,567066,2939,6452,2,10800,1.45551766894
558300,561091,567642,2791,6551,2,10800,1.42604182568
558505,561141,567580,2636,6439,2,10800,1.40938033856
559066,562339,569754,3273,7415,2,10800,1.44140256237
559452,562344,569444,2892,7100,2,10800,1.40732394366
559675,590724,590810,31049,86,4,21600,362.034883721
560386,562630,569819,2244,7189,2,10800,1.31214355265
560902,563072,570405,2170,7333,2,10800,1.29592254193
561131,563128,569860,1997,6732,2,10800,1.29664289958
561390,563296,569772,1906,6476,2,10800,1.29431747993
562325,563783,570541,1458,6758,2,10800,1.21574430305
562403,564779,572755,2376,7976,2,10800,1.29789368104
563021,565327,572084,2306,6757,2,10800,1.34127571407
563118,565372,571980,2254,6608,2,10800,1.34110169492
563284,565821,572232,2537,6411,2,10800,1.39572609577
563773,566054,572687,2281,6633,2,10800,1.34388662747
564086,567080,574049,2994,6969,2,10800,1.42961687473
564780,567596,575183,2816,7587,2,10800,1.37116119678
565358,567654,574811,2296,7157,2,10800,1.32080480648
565617,569461,576459,3844,6998,2,10800,1.54929979994
565853,569767,576908,3914,7141,2,10800,1.54810250665
566236,569788,576950,3552,7162,2,10800,1.49595085172
567465,569831,576300,2366,6469,2,10800,1.36574431906
567643,569872,576515,2229,6643,2,10800,1.33554117116
567993,570420,577491,2427,7071,2,10800,1.34323292321
569755,570553,577089,798,6536,2,10800,1.12209302326
569776,570831,577572,1055,6741,2,10800,1.15650496959
569821,571129,578317,1308,7188,2,10800,1.18196994992
569864,571341,577864,1477,6523,2,10800,1.22642955695
570017,571346,578574,1329,7228,2,10800,1.18386828998
570542,571995,578963,1453,6968,2,10800,1.20852468427
571170,572097,579700,927,7603,2,10800,1.1219255557
571334,575802,610243,4468,34441,20,82799,1.12972910194
571414,590718,597662,19304,6944,15,21599,3.77995391705
572088,572244,578980,156,6736,2,10800,1.02315914489
572233,572699,579951,466,7252,2,10800,1.06425813569
572465,572768,579992,303,7224,2,10800,1.04194352159
572758,574066,580703,1308,6637,2,10800,1.19707699262
572879,574823,581879,1944,7056,2,10800,1.27551020408
574125,575196,581932,1071,6736,2,10800,1.15899643705
574562,576312,582938,1750,6626,2,10800,1.26411107757
574564,576471,582984,1907,6513,2,10800,1.29279901735
574565,576533,583091,1968,6558,2,10800,1.30009149131
574567,576925,583730,2358,6805,2,10800,1.34650991918
574568,576967,583926,2399,6959,2,10800,1.34473343871
574570,577106,583575,2536,6469,2,10800,1.39202349668
574571,577508,585546,2937,8038,2,10800,1.36538940035
574573,577584,584213,3011,6629,2,10800,1.45421632222
575488,590759,592477,15271,1718,16,14400,9.8888242142
577575,578981,585529,1406,6548,2,10800,1.21472205254
577823,578992,585860,1169,6868,2,10800,1.17020966803
578321,579717,586657,1396,6940,2,10800,1.20115273775
578465,579968,586813,1503,6845,2,10800,1.21957633309
578803,580004,586553,1201,6549,2,10800,1.18338677661
578982,580275,587092,1293,6817,2,10800,1.18967287663
579024,580720,587801,1696,7081,2,10800,1.23951419291
579794,581893,588573,2099,6680,2,10800,1.31422155689
579993,581944,588513,1951,6569,2,10800,1.29700106561
580271,582950,589615,2679,6665,2,10800,1.40195048762
580775,582996,589752,2221,6756,2,10800,1.32874481942
580985,584235,587850,3250,3615,2,3600,1.89903181189
581883,591391,591393,9508,2,1,25200,951.0
581883,591336,591379,9453,43,1,25200,220.837209302
581883,591323,591324,9440,1,1,25200,944.1
581884,591430,591656,9546,226,1,25200,43.2389380531
581884,591669,591670,9785,1,1,25200,978.6
581884,591683,591684,9799,1,1,25200,980.0
581885,591696,591697,9811,1,1,25200,981.2
581885,591709,591710,9824,1,1,25200,982.5
581885,591722,591723,9837,1,1,25200,983.8
581886,591760,591816,9874,56,1,25200,177.321428571
581886,591828,591979,9942,151,1,25200,66.8410596026
581886,591991,591993,10105,2,1,25200,1010.7
581886,592005,592006,10119,1,1,25200,1012.0
581887,592051,592101,10164,50,1,25200,204.28
581887,592018,592019,10131,1,1,25200,1013.2
581887,592031,592039,10144,8,1,25200,1015.2
581887,592113,592204,10226,91,1,25200,113.373626374
581888,592246,592256,10358,10,1,25200,1036.8
581888,592268,592269,10380,1,1,25200,1038.1
581888,592217,592221,10329,4,1,25200,1033.3
581889,592294,592295,10405,1,1,25200,1040.6
581889,592307,592346,10418,39,1,25200,268.128205128
581889,592359,592614,10470,255,1,25200,42.0588235294
581890,592627,592869,10737,242,1,25200,45.367768595
581890,592881,593606,10991,725,1,25200,16.16
581890,593618,593619,11728,1,1,25200,1172.9
581890,593632,593639,11742,7,1,25200,1174.9
581891,593651,595973,11760,2322,1,25200,6.0645994832
581891,593862,593863,11971,1,1,25200,1197.2
581891,593711,593983,11820,272,1,25200,44.4558823529
581891,593996,594002,12105,6,1,25200,1211.1
581891,593875,594266,11984,391,1,25200,31.6496163683
581892,594014,594016,12122,2,1,25200,1212.4
581892,594292,594298,12400,6,1,25200,1240.6
581892,594028,595263,12136,1235,1,25200,10.8267206478
581892,594278,594279,12386,1,1,25200,1238.7
581893,594314,594315,12421,1,1,25200,1242.2
581893,594327,594328,12434,1,1,25200,1243.5
581893,594340,594341,12447,1,1,25200,1244.8
581893,594353,594354,12460,1,1,25200,1246.1
581894,594366,594367,12472,1,1,25200,1247.3
581894,594387,594390,12493,3,1,25200,1249.6
581894,594402,594403,12508,1,1,25200,1250.9
581894,594415,594418,12521,3,1,25200,1252.4
581895,594522,594524,12627,2,1,25200,1262.9
581895,594491,594510,12596,19,1,25200,663.947368421
581895,594447,594449,12552,2,1,25200,1255.4
581895,594461,594479,12566,18,1,25200,699.111111111
581895,594430,594435,12535,5,1,25200,1254.0
581896,594630,594928,12734,298,1,25200,43.7315436242
581896,594536,594591,12640,55,1,25200,230.818181818
581896,594603,594604,12707,1,1,25200,1270.8
581896,594617,594618,12721,1,1,25200,1272.2
581897,594983,594986,13086,3,1,25200,1308.9
581897,595015,595033,13118,18,1,25200,729.777777778
581897,594998,595003,13101,5,1,25200,1310.6
581897,594954,594970,13057,16,1,25200,817.0625
581897,594940,594942,13043,2,1,25200,1304.5
581898,595086,595091,13188,5,1,25200,1319.3
581898,595073,595074,13175,1,1,25200,1317.6
581898,595060,595061,13162,1,1,25200,1316.3
581898,595046,595048,13148,2,1,25200,1315.0
581899,595276,595967,13377,691,1,25200,20.3589001447
581899,595116,595123,13217,7,1,25200,1322.4
581899,595135,599060,13236,3925,1,25200,4.37222929936
581900,595723,595732,13823,9,1,25200,1383.2
581900,595757,596365,13857,608,1,25200,23.7911184211
581900,595694,595695,13794,1,1,25200,1379.5
581900,595744,595745,13844,1,1,25200,1384.5
581900,595707,595711,13807,4,1,25200,1381.1
581901,595986,596003,14085,17,1,25200,829.529411765
581901,595993,596002,14092,9,1,25200,1410.1
581901,596014,596015,14113,1,1,25200,1411.4
581901,595979,595981,14078,2,1,25200,1408.0
581902,596035,596037,14133,2,1,25200,1413.5
581902,596021,596022,14119,1,1,25200,1412.0
581902,596055,598694,14153,2639,1,25200,6.36301629405
581902,596028,596099,14126,71,1,25200,199.957746479
581903,596111,596366,14208,255,1,25200,56.7176470588
581903,598746,598747,16843,1,1,25200,1684.4
581903,598733,598734,16830,1,1,25200,1683.1
581903,598720,598721,16817,1,1,25200,1681.8
581903,598706,598707,16803,1,1,25200,1680.4
581904,598786,598800,16882,14,1,25200,1206.85714286
581904,598773,598774,16869,1,1,25200,1687.0
581904,598812,598813,16908,1,1,25200,1690.9
581904,598759,598760,16855,1,1,25200,1685.6
581905,599073,599074,17168,1,1,25200,1716.9
581905,598839,599366,16934,527,1,25200,33.1328273245
581905,599087,599097,17182,10,1,25200,1719.2
581906,599123,599124,17217,1,1,25200,1721.8
581906,599153,599170,17247,17,1,25200,1015.52941176
581906,599259,599300,17353,41,1,25200,424.243902439
581906,599110,599111,17204,1,1,25200,1720.5
581906,599138,599139,17232,1,1,25200,1723.3
581907,599312,599447,17405,135,1,25200,129.925925926
581907,599378,600009,17471,631,1,25200,28.6877971474
581907,599182,599191,17275,9,1,25200,1728.4
581907,599203,599211,17296,8,1,25200,1730.4
581908,599459,599461,17551,2,1,25200,1755.3
581908,600021,600023,18113,2,1,25200,1811.5
581908,599246,599247,17338,1,1,25200,1733.9
581908,599224,599225,17316,1,1,25200,1731.7
581909,600216,600926,18307,710,1,25200,26.7845070423
581909,599499,599611,17590,112,1,25200,158.053571429
581910,599624,599626,17714,2,1,25200,1771.6
581910,599638,600119,17728,481,1,25200,37.8565488565
581910,600264,600265,18354,1,1,25200,1835.5
581911,600131,600150,18220,19,1,25200,959.947368421
581911,600162,600204,18251,42,1,25200,435.547619048
581911,600066,600306,18155,240,1,25200,76.6458333333
581912,600334,600342,18422,8,1,25200,1843.0
581912,600321,600322,18409,1,1,25200,1841.0
581912,600314,600372,18402,58,1,25200,318.275862069
581913,600367,600382,18454,15,1,25200,1231.26666667
581913,600384,600392,18471,8,1,25200,1847.9
581913,600405,600414,18492,9,1,25200,1850.1
581914,600412,600416,18498,4,1,25200,1850.2
581914,600433,601562,18519,1129,1,25200,17.4030115146
581914,600938,600940,19024,2,1,25200,1902.6
581914,600426,600970,18512,544,1,25200,35.0294117647
581915,600995,601007,19080,12,1,25200,1591.0
581915,600988,600989,19073,1,1,25200,1907.4
581915,600981,600982,19066,1,1,25200,1906.7
581915,600952,600969,19037,17,1,25200,1120.82352941
581916,601035,601058,19119,23,1,25200,832.260869565
581916,601015,601489,19099,474,1,25200,41.2932489451
581916,601071,603256,19155,2185,1,25200,9.76659038902
581917,601501,601502,19584,1,1,25200,1958.5
581917,601528,601539,19611,11,1,25200,1783.81818182
581917,601552,601553,19635,1,1,25200,1963.6
581918,601574,601838,19656,264,1,25200,75.4545454545
581918,601878,602030,19960,152,1,25200,132.315789474
581918,601565,601566,19647,1,1,25200,1964.8
581918,601593,601817,19675,224,1,25200,88.8348214286
581919,601955,601956,20036,1,1,25200,2003.7
581919,601842,612340,19923,10498,1,25200,2.89779005525
581919,601829,601830,19910,1,1,25200,1991.1
581919,601960,602447,20041,487,1,25200,42.1519507187
581920,601851,601852,19931,1,1,25200,1993.2
581920,601971,601972,20051,1,1,25200,2005.2
581920,601977,601979,20057,2,1,25200,2005.9
581921,601982,601983,20061,1,1,25200,2006.2
581921,601988,601989,20067,1,1,25200,2006.8
581921,601993,601994,20072,1,1,25200,2007.3
581921,602020,602037,20099,17,1,25200,1183.29411765
581922,602004,602011,20082,7,1,25200,2008.9
581922,602026,603067,20104,1041,1,25200,20.3121998079
581922,601999,602038,20077,39,1,25200,515.794871795
581922,602009,602275,20087,266,1,25200,76.515037594
581923,602031,602034,20108,3,1,25200,2011.1
581923,602053,602054,20130,1,1,25200,2013.1
581923,602015,603798,20092,1783,1,25200,12.2686483455
581923,602037,602494,20114,457,1,25200,45.0131291028
581924,602069,602070,20145,1,1,25200,2014.6
581924,602064,602068,20140,4,1,25200,2014.4
581924,602042,603870,20118,1828,1,25200,12.0054704595
581925,602127,602130,20202,3,1,25200,2020.5
581925,602116,602117,20191,1,1,25200,2019.2
581925,602086,602087,20161,1,1,25200,2016.2
581925,602121,602248,20196,127,1,25200,160.023622047
581926,602111,602144,20185,33,1,25200,612.666666667
581926,602105,602497,20179,392,1,25200,52.4770408163
581926,602138,602150,20212,12,1,25200,1685.33333333
581926,602132,602133,20206,1,1,25200,2020.7
581927,602170,602652,20243,482,1,25200,42.9979253112
581927,602175,602306,20248,131,1,25200,155.564885496
581927,602143,602144,20216,1,1,25200,2021.7
581927,602148,602622,20221,474,1,25200,43.6603375527
581928,602165,602271,20237,106,1,25200,191.91509434
581928,602159,602160,20231,1,1,25200,2023.2
581928,602154,602202,20226,48,1,25200,422.375
581928,602181,602647,20253,466,1,25200,44.4613733906
581929,602199,606068,20270,3869,1,25200,6.2390798656
581929,602188,603354,20259,1166,1,25200,18.3747855918
581929,602194,602195,20265,1,1,25200,2026.6
581929,602205,603384,20276,1179,1,25200,18.197625106
581929,602210,602211,20281,1,1,25200,2028.2
581930,602221,602248,20291,27,1,25200,752.518518519
581930,602215,602217,20285,2,1,25200,2028.7
581930,602244,602253,20314,9,1,25200,2032.3
581931,602232,602234,20301,2,1,25200,2030.3
581931,583103,589489,1172,6386,2,10800,1.18352646414
581931,602302,602412,20371,110,1,25200,186.190909091
581931,602226,602227,20295,1,1,25200,2029.6
581932,602255,602257,20323,2,1,25200,2032.5
581932,602273,604404,20341,2131,1,25200,10.5452839043
581932,602260,602261,20328,1,1,25200,2032.9
581932,602268,602361,20336,93,1,25200,219.666666667
581933,602284,602322,20351,38,1,25200,536.552631579
581933,602307,603476,20374,1169,1,25200,18.4285714286
581933,602313,602314,20380,1,1,25200,2038.1
581933,602295,602652,20362,357,1,25200,58.0364145658
581933,602290,602293,20357,3,1,25200,2036.0
581934,602336,602337,20402,1,1,25200,2040.3
581934,602331,602334,20397,3,1,25200,2040.0
581934,602324,605310,20390,2986,1,25200,7.82853315472
581934,602318,602338,20384,20,1,25200,1020.2
581935,602354,602355,20419,1,1,25200,2042.0
581935,602367,602526,20432,159,1,25200,129.503144654
581935,602342,603380,20407,1038,1,25200,20.6599229287
581935,602349,602363,20414,14,1,25200,1459.14285714
581936,602372,602378,20436,6,1,25200,2044.2
581936,602424,602426,20488,2,1,25200,2049.0
581936,602385,607964,20449,5579,1,25200,4.66535221366
581936,602380,602774,20444,394,1,25200,52.8883248731
581937,602456,602458,20519,2,1,25200,2052.1
581937,602391,602474,20454,83,1,25200,247.43373494
581937,602439,602661,20502,222,1,25200,93.3513513514
581938,602411,602444,20473,33,1,25200,621.393939394
581938,602463,602465,20525,2,1,25200,2052.7
581938,602477,602522,20539,45,1,25200,457.422222222
581939,602485,602783,20546,298,1,25200,69.9463087248
581939,602518,602520,20579,2,1,25200,2058.1
581939,602492,602494,20553,2,1,25200,2055.5
581939,602506,602508,20567,2,1,25200,2056.9
581940,602525,602526,20585,1,1,25200,2058.6
581940,602532,603442,20592,910,1,25200,23.6285714286
581940,602537,602784,20597,247,1,25200,84.3886639676
581940,602511,602516,20571,5,1,25200,2057.6
581941,602951,604290,21010,1339,1,25200,16.6908140403
581941,602545,602905,20604,360,1,25200,58.2333333333
581941,602568,602569,20627,1,1,25200,2062.8
581941,602956,603028,21015,72,1,25200,292.875
581942,602550,602552,20608,2,1,25200,2061.0
581942,602563,602947,20621,384,1,25200,54.7005208333
581942,602963,602970,21021,7,1,25200,2102.8
581942,602556,602558,20614,2,1,25200,2061.6
581943,602813,603279,20870,466,1,25200,45.7854077253
581943,602575,602581,20632,6,1,25200,2063.8
581943,602788,602918,20845,130,1,25200,161.346153846
581943,602802,602804,20859,2,1,25200,2086.1
581943,602807,602810,20864,3,1,25200,2086.7
581944,602601,602602,20657,1,1,25200,2065.8
581944,602594,602595,20650,1,1,25200,2065.1
581944,602587,602589,20643,2,1,25200,2064.5
581944,602580,602943,20636,363,1,25200,57.8484848485
581945,602615,602829,20670,214,1,25200,97.5887850467
581945,602634,602635,20689,1,1,25200,2069.0
581945,602622,602623,20677,1,1,25200,2067.8
581946,602639,602642,20693,3,1,25200,2069.6
581946,602646,604346,20700,1700,1,25200,13.1764705882
581946,602661,602664,20715,3,1,25200,2071.8
581947,602679,602957,20732,278,1,25200,75.5755395683
581947,602692,602695,20745,3,1,25200,2074.8
581947,602674,602679,20727,5,1,25200,2073.2
581947,602686,602934,20739,248,1,25200,84.625
581948,602697,602731,20749,34,1,25200,611.264705882
581948,602711,602712,20763,1,1,25200,2076.4
581948,602704,602705,20756,1,1,25200,2075.7
581949,602730,602740,20781,10,1,25200,2079.1
581949,602774,603594,20825,820,1,25200,26.3963414634
581949,602743,602762,20794,19,1,25200,1095.42105263
581949,602757,602763,20808,6,1,25200,2081.4
581949,602718,602950,20769,232,1,25200,90.5215517241
581950,602827,603135,20877,308,1,25200,68.7824675325
581950,602781,603429,20831,648,1,25200,33.1466049383
581950,602834,602842,20884,8,1,25200,2089.2
581951,602864,602865,20913,1,1,25200,2091.4
581951,602842,602844,20891,2,1,25200,2089.3
581951,602859,603403,20908,544,1,25200,39.4338235294
581952,602878,603054,20926,176,1,25200,119.897727273
581952,602918,602920,20966,2,1,25200,2096.8
581952,602871,603307,20919,436,1,25200,48.9793577982
581952,602930,602932,20978,2,1,25200,2098.0
581953,602968,602971,21015,3,1,25200,2101.8
581953,602986,603012,21033,26,1,25200,809.961538462
581953,602944,602958,20991,14,1,25200,1500.35714286
581953,602974,602975,21021,1,1,25200,2102.2
581953,602981,602985,21028,4,1,25200,2103.2
581954,602993,602997,21039,4,1,25200,2104.3
581954,602998,603140,21044,142,1,25200,149.197183099
581954,603004,603051,21050,47,1,25200,448.872340426
581954,603011,603118,21057,107,1,25200,197.794392523
581955,603040,603052,21085,12,1,25200,1758.08333333
581955,603024,603326,21069,302,1,25200,70.7649006623
581955,603017,603018,21062,1,1,25200,2106.3
581955,603031,603043,21076,12,1,25200,1757.33333333
581956,603063,603134,21107,71,1,25200,298.281690141
581956,603082,603085,21126,3,1,25200,2112.9
581956,603075,625829,21119,22754,1,25200,1.92814450207
581956,603097,603278,21141,181,1,25200,117.801104972
581957,603156,608263,21199,5107,1,25200,5.15096925788
581957,603130,603132,21173,2,1,25200,2117.5
581957,603144,603950,21187,806,1,25200,27.2866004963
581957,603151,604134,21194,983,1,25200,22.5605289929
581958,603290,603293,21332,3,1,25200,2133.5
581958,603297,603299,21339,2,1,25200,2134.1
581958,603268,603371,21310,103,1,25200,207.893203883
581958,603197,606116,21239,2919,1,25200,8.27612195958
581958,603164,603185,21206,21,1,25200,1010.80952381
581959,603312,603315,21353,3,1,25200,2135.6
581959,603305,604071,21346,766,1,25200,28.8668407311
581959,603319,603339,21360,20,1,25200,1069.0
581960,603327,603329,21367,2,1,25200,2136.9
581960,603353,603370,21393,17,1,25200,1259.41176471
581960,603339,603373,21379,34,1,25200,629.794117647
581960,603360,603361,21400,1,1,25200,2140.1
581961,603367,603374,21406,7,1,25200,2141.3
581961,603382,605274,21421,1892,1,25200,12.3218816068
581961,603389,604839,21428,1450,1,25200,15.7779310345
581961,603374,606509,21413,3135,1,25200,7.8303030303
581962,603395,603491,21433,96,1,25200,224.260416667
581962,603413,605064,21451,1651,1,25200,13.9927316778
581962,603420,603422,21458,2,1,25200,2146.0
581962,603408,607422,21446,4014,1,25200,6.3428001993
581962,603400,603422,21438,22,1,25200,975.454545455
581963,603434,603436,21471,2,1,25200,2147.3
581963,603440,603879,21477,439,1,25200,49.9225512528
581963,603447,603449,21484,2,1,25200,2148.6
581963,603454,603455,21491,1,1,25200,2149.2
581964,603496,605401,21532,1905,1,25200,12.3028871391
581964,603478,603479,21514,1,1,25200,2151.5
581964,603459,603460,21495,1,1,25200,2149.6
581965,603512,603513,21547,1,1,25200,2154.8
581965,603518,603571,21553,53,1,25200,407.660377358
581965,603501,605068,21536,1567,1,25200,14.7434588385
581966,603535,603723,21569,188,1,25200,115.728723404
581966,603524,603525,21558,1,1,25200,2155.9
581966,603530,603538,21564,8,1,25200,2157.2
581966,603546,603553,21580,7,1,25200,2158.7
581967,603552,603886,21585,334,1,25200,65.625748503
581967,603557,612826,21590,9269,1,25200,3.32926960837
581967,603563,611049,21596,7486,1,25200,3.88485172322
581968,603574,605391,21606,1817,1,25200,12.891029169
581968,603568,603569,21600,1,1,25200,2160.1
581968,603587,603966,21619,379,1,25200,58.0422163588
581968,603593,603600,21625,7,1,25200,2163.2
581968,603582,604180,21614,598,1,25200,37.143812709
581969,603609,604129,21640,520,1,25200,42.6153846154
581969,603615,603619,21646,4,1,25200,2165.0
581969,603604,603646,21635,42,1,25200,516.119047619
581969,603598,603599,21629,1,1,25200,2163.0
581970,603638,603640,21668,2,1,25200,2167.0
581970,603620,603621,21650,1,1,25200,2165.1
581970,603631,603962,21661,331,1,25200,66.4410876133
581970,603644,604662,21674,1018,1,25200,22.2907662083
581970,603626,604114,21656,488,1,25200,45.3770491803
581971,603660,603693,21689,33,1,25200,658.242424242
581971,603655,603743,21684,88,1,25200,247.409090909
581971,603666,611739,21695,8073,1,25200,3.68735290474
581971,603649,603651,21678,2,1,25200,2168.0
581971,603673,607244,21702,3571,1,25200,7.07728927471
581972,603684,603687,21712,3,1,25200,2171.5
581972,603679,603680,21707,1,1,25200,2170.8
581972,603706,604062,21734,356,1,25200,62.0505617978
581973,603711,603735,21738,24,1,25200,906.75
581973,603736,603764,21763,28,1,25200,778.25
581973,603755,606238,21782,2483,1,25200,9.77245267821
581973,603747,603750,21774,3,1,25200,2177.7
581974,603776,603993,21802,217,1,25200,101.470046083
581974,603769,603976,21795,207,1,25200,106.289855072
581974,603818,603821,21844,3,1,25200,2184.7
581974,603762,603802,21788,40,1,25200,545.7
581974,603811,603814,21837,3,1,25200,2184.0
581975,603840,603871,21865,31,1,25200,706.322580645
581975,603826,603827,21851,1,1,25200,2185.2
581975,603882,604004,21907,122,1,25200,180.56557377
581975,603833,604508,21858,675,1,25200,33.3822222222
581975,603889,603916,21914,27,1,25200,812.62962963
581976,603935,604377,21959,442,1,25200,50.6809954751
581976,603928,604317,21952,389,1,25200,57.4318766067
581976,603903,603905,21927,2,1,25200,2192.9
581976,603917,603920,21941,3,1,25200,2194.4
581977,603996,604250,22019,254,1,25200,87.688976378
581977,603962,603981,21985,19,1,25200,1158.10526316
581977,603974,604125,21997,151,1,25200,146.675496689
581977,603989,604653,22012,664,1,25200,34.1506024096
581977,604005,604008,22028,3,1,25200,2203.1
581978,604024,604029,22046,5,1,25200,2205.1
581978,604017,605356,22039,1339,1,25200,17.4592979836
581978,604041,605296,22063,1255,1,25200,18.5800796813
581978,604074,604440,22096,366,1,25200,61.3715846995
581979,604144,606719,22165,2575,1,25200,9.60776699029
581979,604189,604190,22210,1,1,25200,2221.1
581979,604137,604170,22158,33,1,25200,672.454545455
581979,604151,604672,22172,521,1,25200,43.556621881
581979,604084,604245,22105,161,1,25200,138.298136646
581980,604234,604236,22254,2,1,25200,2225.6
581980,604196,604199,22216,3,1,25200,2221.9
581980,604223,608666,22243,4443,1,25200,6.00630204817
581980,604229,604304,22249,75,1,25200,297.653333333
581981,604240,604644,22259,404,1,25200,56.0965346535
581981,604245,604271,22264,26,1,25200,857.307692308
581981,604218,604219,22237,1,1,25200,2223.8
581981,604203,604206,22222,3,1,25200,2222.5
581981,604211,605315,22230,1104,1,25200,21.1358695652
581982,604269,604270,22287,1,1,25200,2228.8
581982,604264,604266,22282,2,1,25200,2228.4
581982,604251,604252,22269,1,1,25200,2227.0
581982,604282,605658,22300,1376,1,25200,17.2063953488
581983,604295,604418,22312,123,1,25200,182.398373984
581983,604300,604303,22317,3,1,25200,2232.0
581983,604307,604310,22324,3,1,25200,2232.7
581983,604312,604314,22329,2,1,25200,2233.1
581983,604289,604290,22306,1,1,25200,2230.7
581984,604333,604337,22349,4,1,25200,2235.3
581984,604339,604341,22355,2,1,25200,2235.7
581984,604344,604361,22360,17,1,25200,1316.29411765
581984,604326,604438,22342,112,1,25200,200.482142857
581985,604351,605395,22366,1044,1,25200,22.4233716475
581985,604722,604739,22737,17,1,25200,1338.47058824
581985,604356,604358,22371,2,1,25200,2237.3
581985,604370,607373,22385,3003,1,25200,8.45421245421
581985,604377,604382,22392,5,1,25200,2239.7
581986,604727,604728,22741,1,1,25200,2274.2
581986,604742,604743,22756,1,1,25200,2275.7
581986,604735,604737,22749,2,1,25200,2275.1
581986,604749,604837,22763,88,1,25200,259.670454545
581987,604754,604962,22767,208,1,25200,110.456730769
581987,604383,604759,22396,376,1,25200,60.5638297872
581987,604397,604403,22410,6,1,25200,2241.6
581987,604390,604577,22403,187,1,25200,120.802139037
581987,604422,604704,22435,282,1,25200,80.5567375887
581988,604457,604465,22469,8,1,25200,2247.7
581988,604450,604453,22462,3,1,25200,2246.5
581988,604431,604923,22443,492,1,25200,46.6158536585
581989,604495,604496,22506,1,1,25200,2250.7
581989,604482,604483,22493,1,1,25200,2249.4
581989,604477,604647,22488,170,1,25200,133.282352941
581990,604536,604606,22546,70,1,25200,323.085714286
581990,604528,604826,22538,298,1,25200,76.6308724832
581990,604573,604582,22583,9,1,25200,2259.2
581990,604508,604512,22518,4,1,25200,2252.2
581990,604521,604524,22531,3,1,25200,2253.4
581991,604619,604780,22628,161,1,25200,141.546583851
581991,604590,604593,22599,3,1,25200,2260.2
581991,604605,604606,22614,1,1,25200,2261.5
581991,604597,604598,22606,1,1,25200,2260.7
581992,604625,604630,22633,5,1,25200,2263.8
581992,604660,604818,22668,158,1,25200,144.46835443
581992,604653,604657,22661,4,1,25200,2266.5
581992,604642,604732,22650,90,1,25200,252.666666667
581993,604665,604723,22672,58,1,25200,391.896551724
581993,604691,605346,22698,655,1,25200,35.6534351145
581993,604678,604682,22685,4,1,25200,2268.9
581993,604673,604675,22680,2,1,25200,2268.2
581993,604685,604794,22692,109,1,25200,209.183486239
581994,604703,605300,22709,597,1,25200,39.0385259631
581994,604762,604767,22768,5,1,25200,2277.3
581994,604767,604777,22773,10,1,25200,2278.3
581994,604775,604778,22781,3,1,25200,2278.4
581994,604698,604705,22704,7,1,25200,2271.1
581995,604795,605100,22800,305,1,25200,75.7540983607
581995,604790,604792,22795,2,1,25200,2279.7
581995,604803,606059,22808,1256,1,25200,19.1592356688
581995,604782,604783,22787,1,1,25200,2278.8
581996,604833,608508,22837,3675,1,25200,7.21414965986
581996,604827,604829,22831,2,1,25200,2283.3
581996,604814,605174,22818,360,1,25200,64.3833333333
581997,604845,604846,22848,1,1,25200,2284.9
581997,604851,604852,22854,1,1,25200,2285.5
581997,604856,604860,22859,4,1,25200,2286.3
581997,604838,604839,22841,1,1,25200,2284.2
581998,604869,604872,22871,3,1,25200,2287.4
581998,604862,604864,22864,2,1,25200,2286.6
581998,604886,605344,22888,458,1,25200,50.9737991266
581998,604880,604960,22882,80,1,25200,287.025
581999,604891,604939,22892,48,1,25200,477.916666667
581999,604909,604928,22910,19,1,25200,1206.78947368
581999,604915,605750,22916,835,1,25200,28.4443113772
581999,604904,604907,22905,3,1,25200,2290.8
582000,604920,605454,22920,534,1,25200,43.9213483146
582000,604939,610823,22939,5884,1,25200,4.89853840925
582000,604931,605564,22931,633,1,25200,37.2259083728
582000,604926,605957,22926,1031,1,25200,23.2366634336
582001,604945,605127,22944,182,1,25200,127.065934066
582001,604952,605522,22951,570,1,25200,41.2649122807
582001,604972,604975,22971,3,1,25200,2297.4
582001,604965,609238,22964,4273,1,25200,6.3742101568
582001,604958,604979,22957,21,1,25200,1094.19047619
582002,604979,605015,22977,36,1,25200,639.25
582002,605001,630218,22999,25217,1,25200,1.91204346274
582002,604994,605020,22992,26,1,25200,885.307692308
582002,604987,604988,22985,1,1,25200,2298.6
582003,605028,607264,23025,2236,1,25200,11.2974060823
582003,605077,606147,23074,1070,1,25200,22.5644859813
582003,605052,605101,23049,49,1,25200,471.387755102
582003,605035,605038,23032,3,1,25200,2303.5
582003,605084,605444,23081,360,1,25200,65.1138888889
582004,605124,605187,23120,63,1,25200,367.984126984
582004,605112,605119,23108,7,1,25200,2311.5
582005,605132,605241,23127,109,1,25200,213.174311927
582005,605157,609512,23152,4355,1,25200,6.31618828932
582005,605140,605145,23135,5,1,25200,2314.0
582005,605309,605462,23304,153,1,25200,153.31372549
582006,605328,605900,23322,572,1,25200,41.7727272727
582006,605335,605657,23329,322,1,25200,73.450310559
582006,605340,605349,23334,9,1,25200,2334.3
582006,605316,606180,23310,864,1,25200,27.9791666667
582007,605368,605982,23361,614,1,25200,39.0472312704
582007,605356,605359,23349,3,1,25200,2335.2
582007,605375,608204,23368,2829,1,25200,9.26016260163
582008,605409,605418,23401,9,1,25200,2341.0
582008,605402,605851,23394,449,1,25200,53.1024498886
582008,605395,605396,23387,1,1,25200,2338.8
582009,605434,605593,23425,159,1,25200,148.327044025
582009,605420,608281,23411,2861,1,25200,9.18280321566
582009,605414,605417,23405,3,1,25200,2340.8
582009,605427,605429,23418,2,1,25200,2342.0
582010,605439,605442,23429,3,1,25200,2343.2
582010,605454,605455,23444,1,1,25200,2344.5
582010,605461,605466,23451,5,1,25200,2345.6
582010,605446,605559,23436,113,1,25200,208.398230088
582011,605490,605627,23479,137,1,25200,172.379562044
582011,605478,606065,23467,587,1,25200,40.9778534923
582011,605467,605504,23456,37,1,25200,634.945945946
582011,605483,605689,23472,206,1,25200,114.941747573
582011,605472,605473,23461,1,1,25200,2346.2
582012,605496,605498,23484,2,1,25200,2348.6
582012,605506,605511,23494,5,1,25200,2349.9
582012,605512,605515,23500,3,1,25200,2350.3
582013,605537,605539,23524,2,1,25200,2352.6
582013,605532,605541,23519,9,1,25200,2352.8
582013,605545,605547,23532,2,1,25200,2353.4
582013,605524,605579,23511,55,1,25200,428.472727273
582014,605564,611071,23550,5507,1,25200,5.27637552206
582014,605591,605624,23577,33,1,25200,715.454545455
582014,605578,605595,23564,17,1,25200,1387.11764706
582014,605559,605712,23545,153,1,25200,154.888888889
582015,605637,605640,23622,3,1,25200,2362.5
582015,605644,606307,23629,663,1,25200,36.6395173454
582015,605613,605614,23598,1,1,25200,2359.9
582015,605626,605627,23611,1,1,25200,2361.2
582015,605606,605645,23591,39,1,25200,605.897435897
582016,605649,605735,23633,86,1,25200,275.802325581
582016,605670,605672,23654,2,1,25200,2365.6
582016,605663,605742,23647,79,1,25200,300.329113924
582016,605656,605748,23640,92,1,25200,257.956521739
582017,605684,605685,23667,1,1,25200,2366.8
582017,605704,605706,23687,2,1,25200,2368.9
582017,605675,606370,23658,695,1,25200,35.0402877698
582018,605718,605905,23700,187,1,25200,127.737967914
582018,605730,606296,23712,566,1,25200,42.8939929329
582018,605738,610358,23720,4620,1,25200,6.1341991342
582019,605768,605770,23749,2,1,25200,2375.1
582019,605754,605913,23735,159,1,25200,150.27672956
582019,605761,605763,23742,2,1,25200,2374.4
582019,605747,605750,23728,3,1,25200,2373.1
582020,605805,605809,23785,4,1,25200,2378.9
582020,605786,605828,23766,42,1,25200,566.857142857
582020,605773,605792,23753,19,1,25200,1251.15789474
582020,605798,605799,23778,1,1,25200,2377.9
582021,605817,607326,23796,1509,1,25200,16.7693836978
582021,605864,605866,23843,2,1,25200,2384.5
582021,605824,606165,23803,341,1,25200,70.8035190616
582021,605841,631044,23820,25203,1,25200,1.94512558029
582022,605913,605915,23891,2,1,25200,2389.3
582022,605879,606002,23857,123,1,25200,194.959349593
582022,605920,606001,23898,81,1,25200,296.037037037
582022,605927,606000,23905,73,1,25200,328.465753425
582023,605979,606584,23956,605,1,25200,40.5966942149
582023,605933,605953,23910,20,1,25200,1196.5
582023,605965,605966,23942,1,1,25200,2394.3
582023,605972,607415,23949,1443,1,25200,17.5966735967
582024,606017,606022,23993,5,1,25200,2399.8
582024,606010,606017,23986,7,1,25200,2399.3
582024,605991,605992,23967,1,1,25200,2396.8
582024,605998,609120,23974,3122,1,25200,8.67905188981
582024,606022,606023,23998,1,1,25200,2399.9
582025,606034,606463,24009,429,1,25200,56.965034965
582025,606028,606029,24003,1,1,25200,2400.4
582025,606122,606124,24097,2,1,25200,2409.9
582025,606046,606047,24021,1,1,25200,2402.2
582025,606039,606042,24014,3,1,25200,2401.7
582026,606057,606098,24031,41,1,25200,587.12195122
582026,606070,606072,24044,2,1,25200,2404.6
582026,606052,606053,24026,1,1,25200,2402.7
582027,606088,606108,24061,20,1,25200,1204.05
582027,606093,606095,24066,2,1,25200,2406.8
582027,606099,606128,24072,29,1,25200,831.068965517
582027,606081,606082,24054,1,1,25200,2405.5
582028,606169,606175,24141,6,1,25200,2414.7
582028,606115,606117,24087,2,1,25200,2408.9
582028,606109,606712,24081,603,1,25200,40.9353233831
582028,606104,606698,24076,594,1,25200,41.531986532
582029,606133,606398,24104,265,1,25200,91.958490566
582029,606127,606239,24098,112,1,25200,216.160714286
582029,606151,606259,24122,108,1,25200,224.351851852
582029,606145,606146,24116,1,1,25200,2411.7
582029,606138,606139,24109,1,1,25200,2411.0
582030,606156,607778,24126,1622,1,25200,15.8742293465
582030,606180,606182,24150,2,1,25200,2415.2
582030,606175,606425,24145,250,1,25200,97.58
582031,606192,606195,24161,3,1,25200,2416.4
582031,606205,606384,24174,179,1,25200,136.05027933
582031,606197,607461,24166,1264,1,25200,20.1186708861
582032,606210,606422,24178,212,1,25200,115.047169811
582032,606216,606341,24184,125,1,25200,194.472
582032,606250,606253,24218,3,1,25200,2422.1
582032,606223,606289,24191,66,1,25200,367.53030303
582033,606272,606276,24239,4,1,25200,2424.3
582033,606257,606302,24224,45,1,25200,539.311111111
582033,606284,606305,24251,21,1,25200,1155.80952381
582033,606343,606359,24310,16,1,25200,1520.375
582033,606265,606272,24232,7,1,25200,2423.9
582034,606291,606409,24257,118,1,25200,206.56779661
582034,606315,606396,24281,81,1,25200,300.765432099
582034,606302,606304,24268,2,1,25200,2427.0
582034,606309,611524,24275,5215,1,25200,5.65484180249
582035,606333,607614,24298,1281,1,25200,19.9679937549
582035,606328,606330,24293,2,1,25200,2429.5
582035,606321,606340,24286,19,1,25200,1279.21052632
582035,606359,606380,24324,21,1,25200,1159.28571429
582035,606352,606357,24317,5,1,25200,2432.2
582036,606383,606557,24347,174,1,25200,140.925287356
582036,606369,606431,24333,62,1,25200,393.467741935
582036,606391,606395,24355,4,1,25200,2435.9
582036,606376,607014,24340,638,1,25200,39.1504702194
582037,606433,606434,24396,1,1,25200,2439.7
582037,606414,606416,24377,2,1,25200,2437.9
582037,606407,608409,24370,2002,1,25200,13.1728271728
582037,606399,606577,24362,178,1,25200,137.865168539
582037,606419,608050,24382,1631,1,25200,15.9491109749
582038,606445,606682,24407,237,1,25200,103.983122363
582038,606457,606460,24419,3,1,25200,2442.2
582038,606440,606442,24402,2,1,25200,2440.4
582039,606482,607193,24443,711,1,25200,35.3783403657
582039,606464,606480,24425,16,1,25200,1527.5625
582039,606469,606475,24430,6,1,25200,2443.6
582039,606477,606576,24438,99,1,25200,247.848484848
582040,606506,606534,24466,28,1,25200,874.785714286
582040,606513,606629,24473,116,1,25200,211.974137931
582040,606494,606498,24454,4,1,25200,2445.8
582040,606521,606523,24481,2,1,25200,2448.3
582041,606546,606597,24505,51,1,25200,481.490196078
582041,606569,606604,24528,35,1,25200,701.8
582041,606588,606712,24547,124,1,25200,198.959677419
582041,606536,608599,24495,2063,1,25200,12.8734852157
582042,606624,606625,24582,1,1,25200,2458.3
582042,606609,606612,24567,3,1,25200,2457.0
582042,606602,606671,24560,69,1,25200,356.942028986
582042,606616,607040,24574,424,1,25200,58.9575471698
582042,606595,606967,24553,372,1,25200,67.002688172
582043,606658,606788,24615,130,1,25200,190.346153846
582043,606684,606688,24641,4,1,25200,2464.5
582043,606637,607205,24594,568,1,25200,44.2992957746
582043,606644,606646,24601,2,1,25200,2460.3
582044,606694,607558,24650,864,1,25200,29.5300925926
582044,606706,607950,24662,1244,1,25200,20.8247588424
582044,606730,606760,24686,30,1,25200,823.866666667
582044,606712,606713,24668,1,1,25200,2466.9
582045,606754,606826,24709,72,1,25200,344.180555556
582045,606736,606943,24691,207,1,25200,120.280193237
582045,606748,606749,24703,1,1,25200,2470.4
582045,606725,606727,24680,2,1,25200,2468.2
582045,606717,606727,24672,10,1,25200,2468.2
582046,606773,606776,24727,3,1,25200,2473.0
582046,606766,606768,24720,2,1,25200,2472.2
582046,606759,609046,24713,2287,1,25200,11.8058592042
582046,606741,606777,24695,36,1,25200,686.972222222
582047,607244,607291,25197,47,1,25200,537.106382979
582047,607207,607210,25160,3,1,25200,2516.3
582047,606781,606808,24734,27,1,25200,917.074074074
582047,606788,608481,24741,1693,1,25200,15.6137034849
582048,606820,606822,24772,2,1,25200,2477.4
582048,606795,606797,24747,2,1,25200,2474.9
582048,606802,606849,24754,47,1,25200,527.680851064
582048,606834,606836,24786,2,1,25200,2478.8
582048,606809,607528,24761,719,1,25200,35.438108484
582049,606866,607495,24817,629,1,25200,40.4546899841
582049,606841,607309,24792,468,1,25200,53.9743589744
582049,606848,606849,24799,1,1,25200,2480.0
582049,606861,606862,24812,1,1,25200,2481.3
582050,606874,606875,24824,1,1,25200,2482.5
582050,606906,612232,24856,5326,1,25200,5.66691701089
582050,607258,607260,25208,2,1,25200,2521.0
582050,606887,606893,24837,6,1,25200,2484.3
582051,606980,606982,24929,2,1,25200,2493.1
582051,606969,606970,24918,1,1,25200,2491.9
582051,606994,607045,24943,51,1,25200,490.078431373
582051,606987,622933,24936,15946,1,25200,2.56377774991
582051,606955,606957,24904,2,1,25200,2490.6
582052,607053,607054,25001,1,1,25200,2500.2
582052,607058,607188,25006,130,1,25200,193.353846154
582052,607027,607029,24975,2,1,25200,2497.7
582053,607200,607347,25147,147,1,25200,172.068027211
582053,607263,607265,25210,2,1,25200,2521.2
582053,607225,607245,25172,20,1,25200,1259.6
582053,607218,607220,25165,2,1,25200,2516.7
582054,607284,607290,25230,6,1,25200,2523.6
582054,607272,607273,25218,1,1,25200,2521.9
582054,607279,607431,25225,152,1,25200,166.953947368
582055,607292,608032,25237,740,1,25200,35.1040540541
582055,607302,607303,25247,1,1,25200,2524.8
582055,607342,607344,25287,2,1,25200,2528.9
582055,607323,607331,25268,8,1,25200,2527.6
582056,607316,608335,25260,1019,1,25200,25.7890088322
582056,607349,607444,25293,95,1,25200,267.242105263
582056,607354,607355,25298,1,1,25200,2529.9
582056,607309,607311,25253,2,1,25200,2525.5
582056,607328,607331,25272,3,1,25200,2527.5
582057,607375,608854,25318,1479,1,25200,18.1183231913
582057,607368,607370,25311,2,1,25200,2531.3
582057,607382,607486,25325,104,1,25200,244.509615385
582057,607362,607369,25305,7,1,25200,2531.2
582058,607394,607417,25336,23,1,25200,1102.56521739
582058,607414,607421,25356,7,1,25200,2536.3
582058,607387,607388,25329,1,1,25200,2533.0
582059,607441,607539,25382,98,1,25200,260.0
582059,607435,607437,25376,2,1,25200,2537.8
582059,607428,607810,25369,382,1,25200,67.4109947644
582059,607446,607467,25387,21,1,25200,1209.9047619
582060,607470,609252,25410,1782,1,25200,15.2592592593
582060,607481,607535,25421,54,1,25200,471.759259259
582060,607458,607472,25398,14,1,25200,1815.14285714
582060,607476,607477,25416,1,1,25200,2541.7
582061,607500,607996,25439,496,1,25200,52.2883064516
582061,607487,607494,25426,7,1,25200,2543.3
582061,607494,607495,25433,1,1,25200,2543.4
582061,607505,607509,25444,4,1,25200,2544.8
582062,607529,607678,25467,149,1,25200,171.919463087
582062,607524,608062,25462,538,1,25200,48.3271375465
582062,607511,607587,25449,76,1,25200,335.855263158
582062,607518,607572,25456,54,1,25200,472.407407407
582062,607535,607813,25473,278,1,25200,92.6294964029
582063,607542,607543,25479,1,1,25200,2548.0
582063,607547,607551,25484,4,1,25200,2548.8
582063,607554,607558,25491,4,1,25200,2549.5
582064,607592,608430,25528,838,1,25200,31.4630071599
582064,607572,611714,25508,4142,1,25200,7.15837759536
582064,607560,608509,25496,949,1,25200,27.866174921
582065,607626,607647,25561,21,1,25200,1218.19047619
582065,607604,608724,25539,1120,1,25200,23.8026785714
582065,607599,607618,25534,19,1,25200,1344.89473684
582066,607666,607667,25600,1,1,25200,2560.1
582066,607645,607653,25579,8,1,25200,2558.7
582066,607659,607664,25593,5,1,25200,2559.8
582066,607676,607677,25610,1,1,25200,2561.1
582067,607690,608603,25623,913,1,25200,29.0646221249
582067,607736,607738,25669,2,1,25200,2567.1
582067,607683,607987,25616,304,1,25200,85.2631578947
582067,607695,607723,25628,28,1,25200,916.285714286
582068,607765,607974,25697,209,1,25200,123.95215311
582068,607791,607795,25723,4,1,25200,2572.7
582068,607807,607808,25739,1,1,25200,2574.0
582069,607828,607838,25759,10,1,25200,2576.9
582069,607858,607982,25789,124,1,25200,208.975806452
582069,607851,607909,25782,58,1,25200,445.517241379
582069,607834,608003,25765,169,1,25200,153.455621302
582069,607841,607842,25772,1,1,25200,2577.3
582070,607953,607954,25883,1,1,25200,2588.4
582070,607922,607929,25852,7,1,25200,2585.9
582070,607940,607941,25870,1,1,25200,2587.1
582071,607984,611379,25913,3395,1,25200,8.63269513991
582071,607977,613812,25906,5835,1,25200,5.43976006855
582071,607963,607971,25892,8,1,25200,2590.0
582071,607970,607986,25899,16,1,25200,1619.6875
582072,608010,608015,25938,5,1,25200,2594.3
582072,607991,608032,25919,41,1,25200,633.170731707
582072,607998,608045,25926,47,1,25200,552.617021277
582072,608003,608096,25931,93,1,25200,279.827956989
582073,608049,610273,25976,2224,1,25200,12.6798561151
582073,608037,608038,25964,1,1,25200,2596.5
582073,608030,608031,25957,1,1,25200,2595.8
582073,608023,608026,25950,3,1,25200,2595.3
582073,608016,608020,25943,4,1,25200,2594.7
582074,608067,608071,25993,4,1,25200,2599.7
582074,608044,608048,25970,4,1,25200,2597.4
582074,608062,608113,25988,51,1,25200,510.568627451
582075,608096,608097,26021,1,1,25200,2602.2
582075,608115,608117,26040,2,1,25200,2604.2
582075,608102,608339,26027,237,1,25200,110.818565401
582075,608073,608083,25998,10,1,25200,2600.8
582076,608120,608382,26044,262,1,25200,100.404580153
582076,608091,609042,26015,951,1,25200,28.3554153523
582076,608078,610820,26002,2742,1,25200,10.4828592268
582076,608127,609076,26051,949,1,25200,28.4510010537
582077,608134,608886,26057,752,1,25200,35.6502659574
582077,608276,608283,26199,7,1,25200,2620.6
582077,608217,608225,26140,8,1,25200,2614.8
582077,608237,611886,26160,3649,1,25200,8.16908742121
582078,608294,608297,26216,3,1,25200,2621.9
582078,608348,612448,26270,4100,1,25200,7.40731707317
582078,608309,608347,26231,38,1,25200,691.289473684
582078,608355,608432,26277,77,1,25200,342.25974026
582078,608301,612775,26223,4474,1,25200,6.86119803308
582079,608377,609118,26298,741,1,25200,36.4898785425
582079,608395,608621,26316,226,1,25200,117.442477876
582079,608421,609633,26342,1212,1,25200,22.7343234323
582079,608362,608364,26283,2,1,25200,2628.5
582080,608443,608449,26363,6,1,25200,2636.9
582080,608462,608503,26382,41,1,25200,644.463414634
582080,608494,608782,26414,288,1,25200,92.7152777778
582080,608469,622551,26389,14082,1,25200,2.87395256356
582080,608450,608453,26370,3,1,25200,2637.3
582081,608522,608525,26441,3,1,25200,2644.4
582081,608535,609913,26454,1378,1,25200,20.1973875181
582081,608515,608516,26434,1,1,25200,2643.5
582081,608527,609452,26446,925,1,25200,29.5902702703
582082,608565,608566,26483,1,1,25200,2648.4
582082,608579,611422,26497,2843,1,25200,10.3200844179
582082,608542,608552,26460,10,1,25200,2647.0
582082,608611,608616,26529,5,1,25200,2653.4
582083,608636,609681,26553,1045,1,25200,26.409569378
582083,608618,608625,26535,7,1,25200,2654.2
582083,608629,611467,26546,2838,1,25200,10.3537702607
582083,608678,608680,26595,2,1,25200,2659.7
582084,608778,609285,26694,507,1,25200,53.650887574
582084,608768,608861,26684,93,1,25200,287.924731183
582084,608736,611059,26652,2323,1,25200,12.4730951356
582084,608763,608766,26679,3,1,25200,2668.2
582084,608692,608779,26608,87,1,25200,306.83908046
582085,608867,608869,26782,2,1,25200,2678.4
582085,608793,610300,26708,1507,1,25200,18.7226277372
582085,608874,608897,26789,23,1,25200,1165.73913043
582085,608800,611397,26715,2597,1,25200,11.2868694648
582086,608882,608883,26796,1,1,25200,2679.7
582086,608904,609104,26818,200,1,25200,135.09
582086,608916,608931,26830,15,1,25200,1789.66666667
582086,608943,608944,26857,1,1,25200,2685.8
582086,608899,613346,26813,4447,1,25200,7.02945806161
582087,609055,609061,26968,6,1,25200,2697.4
582087,609074,610426,26987,1352,1,25200,20.9607988166
582087,609062,609064,26975,2,1,25200,2697.7
582087,608956,609140,26869,184,1,25200,147.027173913
582088,609117,609841,27029,724,1,25200,38.3328729282
582088,609096,609111,27008,15,1,25200,1801.53333333
582088,609089,609434,27001,345,1,25200,79.2637681159
582089,609264,609336,27175,72,1,25200,378.430555556
582089,609131,610411,27042,1280,1,25200,22.1265625
582089,609312,609704,27223,392,1,25200,70.4464285714
582089,609320,610645,27231,1325,1,25200,21.5516981132
582090,609138,609332,27048,194,1,25200,140.422680412
582090,609160,613793,27070,4633,1,25200,6.84286639327
582090,609153,612625,27063,3472,1,25200,8.79464285714
582090,609143,609146,27053,3,1,25200,2705.6
582090,609325,609455,27235,130,1,25200,210.5
582091,609331,609369,27240,38,1,25200,717.842105263
582091,609298,609300,27207,2,1,25200,2720.9
582091,609250,609382,27159,132,1,25200,206.75
582091,609369,609421,27278,52,1,25200,525.576923077
582092,609379,609458,27287,79,1,25200,346.405063291
582092,609374,609375,27282,1,1,25200,2728.3
582092,609390,609395,27298,5,1,25200,2730.3
582092,609385,611094,27293,1709,1,25200,16.9701579871
582093,609336,610335,27243,999,1,25200,28.2702702703
582093,609342,609343,27249,1,1,25200,2725.0
582093,609347,609348,27254,1,1,25200,2725.5
582094,609352,616568,27258,7216,1,25200,4.77743902439
582094,609396,609847,27302,451,1,25200,61.5365853659
582094,609363,609364,27269,1,1,25200,2727.0
582094,609358,609716,27264,358,1,25200,77.156424581
582094,609401,609402,27307,1,1,25200,2730.8
582095,609418,609419,27323,1,1,25200,2732.4
582095,609423,609469,27328,46,1,25200,595.086956522
582095,609412,609416,27317,4,1,25200,2732.1
582096,609453,610274,27357,821,1,25200,34.3215590743
582096,609434,610787,27338,1353,1,25200,21.2054693274
582096,609429,609675,27333,246,1,25200,112.109756098
582096,609445,609447,27349,2,1,25200,2735.1
582096,609440,609445,27344,5,1,25200,2734.9
582097,609475,609482,27378,7,1,25200,2738.5
582097,609469,610503,27372,1034,1,25200,27.4719535783
582097,609458,609673,27361,215,1,25200,128.260465116
582097,609464,609466,27367,2,1,25200,2736.9
582098,609542,610463,27444,921,1,25200,30.7980456026
582098,609485,610091,27387,606,1,25200,46.1930693069
582098,609491,609497,27393,6,1,25200,2739.9
582098,609480,609481,27382,1,1,25200,2738.3
582099,609553,611717,27454,2164,1,25200,13.6866913124
582099,609564,609953,27465,389,1,25200,71.6041131105
582099,609559,609578,27460,19,1,25200,1446.26315789
582099,609569,609587,27470,18,1,25200,1527.11111111
582099,609548,609722,27449,174,1,25200,158.752873563
582100,609502,611528,27402,2026,1,25200,14.5251727542
582100,609507,609533,27407,26,1,25200,1055.11538462
582100,609496,609508,27396,12,1,25200,2284.0
582100,609512,609715,27412,203,1,25200,136.034482759
582101,609575,609974,27474,399,1,25200,69.8571428571
582101,609523,609588,27422,65,1,25200,422.876923077
582101,609518,610433,27417,915,1,25200,30.9639344262
582101,609529,609726,27428,197,1,25200,140.228426396
582102,609586,609587,27484,1,1,25200,2748.5
582102,609580,609803,27478,223,1,25200,124.219730942
582102,609591,611905,27489,2314,1,25200,12.8794295592
582102,609598,609608,27496,10,1,25200,2750.6
582102,609604,611587,27502,1983,1,25200,14.868885527
582103,609617,611843,27514,2226,1,25200,13.3602875112
582103,609640,609651,27537,11,1,25200,2504.36363636
582103,609622,609623,27519,1,1,25200,2752.0
582103,609612,609615,27509,3,1,25200,2751.2
582104,609653,610639,27549,986,1,25200,28.9401622718
582104,609646,609795,27542,149,1,25200,185.845637584
582940,583592,590175,652,6583,2,10800,1.09904298952
582986,583742,589541,756,5799,2,10800,1.13036730471
583092,583938,589704,846,5766,2,10800,1.14672216441
583323,585546,592314,2223,6768,2,10800,1.32845744681
583732,585558,592513,1826,6955,2,10800,1.2625449317
583842,585878,592419,2036,6541,2,10800,1.31126739031
584013,586569,593425,2556,6856,2,10800,1.37281213536
584582,586670,593657,2088,6987,2,10800,1.29884070416
585548,586826,594363,1278,7537,2,10800,1.1695634868
585775,587817,594511,2042,6694,2,10800,1.30504929788
585895,588529,594904,2634,6375,2,10800,1.41317647059
586661,588585,595168,1924,6583,2,10800,1.29226796293
586816,589501,596104,2685,6603,2,10800,1.40663334848
586933,589553,596557,2620,7004,2,10800,1.37407195888
587221,589627,596100,2406,6473,2,10800,1.37169782172
588223,589717,596469,1494,6752,2,10800,1.22126777251
588576,589765,597042,1189,7277,2,10800,1.16339150749
589491,589869,596039,378,6170,2,10800,1.06126418152
589540,590188,596851,648,6663,2,10800,1.09725348942
589617,592330,599226,2713,6896,2,10800,1.39341647332
589708,592435,598540,2727,6105,2,10800,1.44668304668
589754,592525,600028,2771,7503,2,10800,1.36931893909
590177,593443,600844,3266,7401,2,10800,1.44129171734
590374,593672,600174,3298,6502,2,10800,1.50722854506
590718,590731,590748,13,17,1,180,1.76470588235
590776,590872,590903,96,31,2,1200,4.09677419355
590776,590882,590901,106,19,1,540,6.57894736842
590776,590877,590905,101,28,1,540,4.60714285714
590777,592558,592598,1781,40,8,1200,45.525
590777,590822,590860,45,38,4,1200,2.18421052632
590777,592487,592546,1710,59,16,1800,29.9830508475
590778,597674,597758,6896,84,32,1200,83.0952380952
590778,601793,601938,11015,145,64,1200,76.9655172414
590778,630230,630280,39452,50,128,1200,790.04
592341,594381,601454,2040,7073,2,10800,1.28842075498
592515,594529,600483,2014,5954,2,10800,1.33825999328
592827,594920,601694,2093,6774,2,10800,1.30897549454
593593,595180,601662,1587,6482,2,10800,1.24483184202
593840,601950,616373,8110,14423,16,14400,1.56229633225
594045,596062,602842,2017,6780,2,10800,1.29749262537
594515,596118,603060,1603,6942,2,10800,1.23091328148
594830,596124,602711,1294,6587,2,10800,1.1964475482
595172,596379,602785,1207,6406,2,10800,1.18841710896
595215,596481,603162,1266,6681,2,10800,1.18949259093
596104,596570,602736,466,6166,2,10800,1.07557573792
596119,596864,603475,745,6611,2,10800,1.1126909696
596473,597055,603835,582,6780,2,10800,1.08584070796
596561,598556,605496,1995,6940,2,10800,1.28746397695
596854,599241,605278,2387,6037,2,10800,1.39539506377
597046,600042,605863,2996,5821,2,10800,1.5146881979
597387,600186,607563,2799,7377,2,10800,1.37942252948
598938,600248,607450,1310,7202,2,10800,1.18189391836
599693,600253,606687,560,6434,2,10800,1.08703761268
600177,600259,605996,82,5737,2,10800,1.01429318459
600434,600501,607134,67,6633,2,10800,1.0101010101
600716,600861,607803,145,6942,2,10800,1.02088735235
601161,601470,608560,309,7090,2,10800,1.04358251058
601502,601679,608569,177,6890,2,10800,1.02568940493
601696,601706,608888,10,7182,2,10800,1.00139236981
601934,602075,602076,141,1,1,240,14.2
601983,602094,608748,111,6654,2,10800,1.01668169522
602739,602750,609616,11,6866,2,10800,1.00160209729
602788,602795,609867,7,7072,2,10800,1.000989819
602843,602853,609940,10,7087,2,10800,1.00141103429
603062,603070,609603,8,6533,2,10800,1.00122455227
603167,603173,610526,6,7353,2,10800,1.00081599347
603471,603490,603744,19,254,1,3540,1.07480314961
603478,603485,609883,7,6398,2,10800,1.0010940919
603691,603699,611036,8,7337,2,10800,1.00109036391
603887,603896,605979,9,2083,1,3540,1.00432069131
603969,603981,604171,12,190,1,3540,1.06315789474
604039,604054,604324,15,270,1,3540,1.05555555556
604087,604126,604641,39,515,1,3540,1.07572815534
604160,604182,604561,22,379,1,3540,1.0580474934
604214,604258,604783,44,525,1,3540,1.08380952381
604261,604276,604780,15,504,1,3540,1.02976190476
604309,604320,604862,11,542,1,3540,1.02029520295
604356,604364,604875,8,511,1,3540,1.0156555773
604404,604415,604950,11,535,1,3540,1.02056074766
604601,604612,604881,11,269,1,3540,1.04089219331
604694,604715,612409,21,7694,2,10800,1.00272939953
