SubmitTime,StartTime,EndTime,QueuedTime,RunTime,NodesRequested,walltime,bslowdown
18,26,7103,8,7077,2,14400,1.0011304225
67,73,7122,6,7049,2,14400,1.00085118457
119,125,7287,6,7162,2,14400,1.00083775482
247,255,7620,8,7365,2,14400,1.0010862186
268,275,7455,7,7180,2,14400,1.00097493036
365,372,7342,7,6970,2,14400,1.00100430416
416,423,7180,7,6757,2,14400,1.00103596271
5802,5808,12820,6,7012,2,14400,1.00085567598
5934,5940,13438,6,7498,2,14400,1.00080021339
5949,5958,13086,9,7128,2,14400,1.00126262626
6105,6113,13110,8,6997,2,14400,1.00114334715
6322,6328,13733,6,7405,2,14400,1.00081026334
6394,6401,13663,7,7262,2,14400,1.00096392178
6409,6418,13841,9,7423,2,14400,1.0012124478
6424,6431,14408,7,7977,2,14400,1.00087752288
6607,6614,13364,7,6750,2,14400,1.00103703704
6622,6629,13539,7,6910,2,14400,1.0010130246
6676,6683,14118,7,7435,2,14400,1.00094149294
6733,6739,13953,6,7214,2,14400,1.00083171611
6793,6800,13993,7,7193,2,14400,1.00097316836
6810,6816,13505,6,6689,2,14400,1.00089699507
6930,6936,14382,6,7446,2,14400,1.00080580177
6994,7000,14083,6,7083,2,14400,1.00084709869
7087,7093,13675,6,6582,2,14400,1.00091157703
7105,7112,14333,7,7221,2,14400,1.00096939482
7107,7119,14034,12,6915,2,14400,1.00173535792
7108,7125,14462,17,7337,2,14400,1.00231702331
7123,7131,14060,8,6929,2,14400,1.00115456776
7183,7190,14080,7,6890,2,14400,1.00101596517
7235,7242,14697,7,7455,2,14400,1.00093896714
7255,7262,14195,7,6933,2,14400,1.00100966393
7288,7295,14458,7,7163,2,14400,1.00097724417
7303,7310,14678,7,7368,2,14400,1.00095005429
7305,7318,15183,13,7865,2,14400,1.00165289256
7344,7350,14983,6,7633,2,14400,1.00078606053
7458,7464,14740,6,7276,2,14400,1.00082462892
7621,7627,14152,6,6525,2,14400,1.00091954023
8641,8647,8654,6,7,1,3600,1.3
8769,8775,8884,6,109,1,3600,1.05504587156
9016,9023,9275,7,252,1,3600,1.02777777778
9519,9525,10094,6,569,1,3600,1.01054481547
10624,10631,14237,7,3606,1,3600,1.0019412091
12204,12212,12220,8,8,1,1800,1.6
12368,12374,12447,6,73,1,1800,1.08219178082
12547,12553,12663,6,110,1,3600,1.05454545455
12653,12660,12749,7,89,1,1800,1.07865168539
12794,12801,13073,7,272,1,3600,1.02573529412
12830,12836,19768,6,6932,2,14400,1.00086555107
13088,13094,19925,6,6831,2,14400,1.0008783487
13112,13118,20316,6,7198,2,14400,1.00083356488
13230,13236,13619,6,383,1,1800,1.01566579634
13311,13318,13880,7,562,1,3600,1.01245551601
13440,13448,20759,8,7311,2,14400,1.00109424155
13541,13548,20307,7,6759,2,14400,1.00103565616
13665,13671,20471,6,6800,2,14400,1.00088235294
13680,13687,21085,7,7398,2,14400,1.00094620168
13734,13742,20773,8,7031,2,14400,1.00113781823
13843,13849,20193,6,6344,2,14400,1.00094577554
13954,13960,21199,6,7239,2,14400,1.00082884376
13996,14002,20593,6,6591,2,14400,1.00091033227
14035,14041,20367,6,6326,2,14400,1.00094846665
14062,14068,21675,6,7607,2,14400,1.00078874721
14080,14086,21392,6,7306,2,14400,1.00082124281
14097,14108,21297,11,7189,2,14400,1.00153011545
14121,14127,21871,6,7744,2,14400,1.00077479339
14154,14160,20645,6,6485,2,14400,1.00092521203
14196,14203,20692,7,6489,2,14400,1.00107874865
14279,14286,14292,7,6,1,1800,1.3
14335,14341,21687,6,7346,2,14400,1.00081677103
14351,14357,14438,6,81,1,3600,1.07407407407
14383,14390,21285,7,6895,2,14400,1.00101522843
14410,14417,22370,7,7953,2,14400,1.000880171
14433,14440,14478,7,38,1,1800,1.18421052632
14469,14475,21789,6,7314,2,14400,1.00082034454
14471,14481,21965,10,7484,2,14400,1.00133618386
14572,14579,14847,7,268,1,3600,1.02611940299
14680,14687,22099,7,7412,2,14400,1.00094441446
14684,14693,14770,9,77,1,1800,1.11688311688
14692,14700,14779,8,79,1,3600,1.10126582278
14698,14706,21506,8,6800,2,14400,1.00117647059
14743,14749,22783,6,8034,2,14400,1.00074682599
14826,14832,43689,6,28857,16,28800,1.00020792182
14913,14919,15150,6,231,1,3600,1.02597402597
14950,14956,15084,6,128,1,1800,1.046875
14985,14992,22354,7,7362,2,14400,1.00095082858
15167,15174,15641,7,467,1,3600,1.01498929336
15184,15190,22417,6,7227,2,14400,1.00083022001
15441,15448,15907,7,459,1,3600,1.01525054466
17232,43710,72524,26478,28814,16,28800,1.91892829874
17232,72530,101349,55298,28819,16,28800,2.91880356709
17233,101355,130198,84122,28843,16,28800,3.91654820927
17234,159049,187884,141815,28835,16,28800,5.91815501994
17234,130210,159038,112976,28828,16,28800,4.91896767032
17235,187890,216699,170655,28809,16,28800,6.92366968656
17236,216711,239019,199475,22308,16,28800,9.94185942263
17237,239804,239831,222567,27,16,28800,8244.22222222
17238,271292,271317,254054,25,16,28800,10163.16
17238,239863,239875,222625,12,16,28800,18553.0833333
19771,19777,26560,6,6783,2,14400,1.00088456435
19801,19807,19879,6,72,1,1800,1.08333333333
19928,19934,27002,6,7068,2,14400,1.00084889643
20101,20112,20199,11,87,1,1800,1.12643678161
20196,20202,27128,6,6926,2,14400,1.0008663009
20310,20316,27501,6,7185,2,14400,1.00083507307
20325,20331,27701,6,7370,2,14400,1.00081411126
20370,20376,27357,6,6981,2,14400,1.00085947572
20472,20478,27731,6,7253,2,14400,1.0008272439
20600,20608,27251,8,6643,2,14400,1.00120427518
20646,20652,27535,6,6883,2,14400,1.00087171292
20658,20666,21029,8,363,1,1800,1.02203856749
20694,20700,28182,6,7482,2,14400,1.00080192462
20776,20783,27820,7,7037,2,14400,1.00099474208
21086,21093,27883,7,6790,2,14400,1.00103092784
21201,21208,28555,7,7347,2,14400,1.00095276984
21287,21294,28030,7,6736,2,14400,1.0010391924
21302,21308,28460,6,7152,2,14400,1.00083892617
21395,21402,29091,7,7689,2,14400,1.00091039147
21506,21512,28483,6,6971,2,14400,1.00086070865
21676,21682,28460,6,6778,2,14400,1.00088521688
21691,21697,28911,6,7214,2,14400,1.00083171611
21791,21797,29023,6,7226,2,14400,1.0008303349
21872,21878,28962,6,7084,2,14400,1.00084697911
21968,21974,28457,6,6483,2,14400,1.00092549745
22100,22107,29344,7,7237,2,14400,1.00096725162
22103,22113,22153,10,40,1,1800,1.25
22356,22363,29413,7,7050,2,14400,1.0009929078
22371,22379,29734,8,7355,2,14400,1.00108769545
22376,22385,22459,9,74,1,1800,1.12162162162
22420,22427,30264,7,7837,2,14400,1.00089319893
22785,22791,30169,6,7378,2,14400,1.00081322852
23041,23047,23292,6,245,1,1800,1.02448979592
26561,26567,33928,6,7361,2,14400,1.00081510664
26811,26819,34147,8,7328,2,14400,1.00109170306
27010,27017,34098,7,7081,2,14400,1.00098856094
27130,27136,34204,6,7068,2,14400,1.00084889643
27254,27260,34321,6,7061,2,14400,1.000849738
27359,27366,34494,7,7128,2,14400,1.00098204265
27504,27511,34627,7,7116,2,14400,1.00098369871
27540,27546,34584,6,7038,2,14400,1.00085251492
27702,27708,33774,6,6066,2,14400,1.00098911968
27821,27828,35347,7,7519,2,14400,1.00093097486
27836,27844,34902,8,7058,2,14400,1.00113346557
27894,27902,35014,8,7112,2,14400,1.00112485939
27895,27907,34852,12,6945,2,14400,1.00172786177
28034,28040,34868,6,6828,2,14400,1.00087873462
28184,28191,34778,7,6587,2,14400,1.00106269926
28459,28465,35724,6,7259,2,14400,1.00082656013
28474,28480,35725,6,7245,2,14400,1.00082815735
28475,28487,35869,12,7382,2,14400,1.00162557572
28490,28496,35811,6,7315,2,14400,1.0008202324
28557,28564,35841,7,7277,2,14400,1.00096193486
28913,28919,36038,6,7119,2,14400,1.000842815
28964,28971,35340,7,6369,2,14400,1.00109907364
29024,29030,36167,6,7137,2,14400,1.00084068937
29093,29099,35987,6,6888,2,14400,1.00087108014
29346,29352,36072,6,6720,2,14400,1.00089285714
29415,29422,36025,7,6603,2,14400,1.00106012419
29737,29744,37255,7,7511,2,14400,1.00093196645
30171,30177,37302,6,7125,2,14400,1.00084210526
30267,30274,37473,7,7199,2,14400,1.00097235727
33777,33784,41244,7,7460,2,14400,1.0009383378
33930,33936,40875,6,6939,2,14400,1.00086467791
34099,34105,41176,6,7071,2,14400,1.00084853627
34150,34157,41038,7,6881,2,14400,1.001017294
34207,34213,41366,6,7153,2,14400,1.00083880889
34321,34329,41102,8,6773,2,14400,1.00118116049
34496,34502,41965,6,7463,2,14400,1.00080396623
34580,34586,41788,6,7202,2,14400,1.00083310192
34623,34629,41834,6,7205,2,14400,1.00083275503
34624,34635,41809,11,7174,2,14400,1.00153331475
34781,34788,41397,7,6609,2,14400,1.00105916175
34856,34864,41325,8,6461,2,14400,1.00123819842
34871,34878,41937,7,7059,2,14400,1.00099164188
34904,34912,42228,8,7316,2,14400,1.00109349371
34937,34944,36284,7,1340,1,3600,1.0052238806
34970,34977,36319,7,1342,1,3600,1.00521609538
35016,35022,42011,6,6989,2,14400,1.00085849192
35040,35047,35719,7,672,1,3600,1.01041666667
35344,35350,42770,6,7420,2,14400,1.00080862534
35359,35366,42722,7,7356,2,14400,1.00095160413
35723,35729,42361,6,6632,2,14400,1.00090470446
35738,35744,42914,6,7170,2,14400,1.00083682008
35813,35819,42385,6,6566,2,14400,1.00091379836
35843,35849,43027,6,7178,2,14400,1.00083588743
35870,35876,42727,6,6851,2,14400,1.00087578456
35991,35997,42911,6,6914,2,14400,1.00086780445
36027,36033,43276,6,7243,2,14400,1.00082838603
36042,36049,42963,7,6914,2,14400,1.00101243853
36075,36081,43214,6,7133,2,14400,1.0008411608
36165,36171,43596,6,7425,2,14400,1.00080808081
37258,37264,44099,6,6835,2,14400,1.00087783467
37266,37273,108875,7,71602,1,108000,1.00009776263
37303,37309,45112,6,7803,2,14400,1.00076893502
37466,37472,122630,6,85158,1,108000,1.00007045727
37475,37481,44536,6,7055,2,14400,1.00085046067
40876,40882,48224,6,7342,2,14400,1.00081721602
41039,41045,48794,6,7749,2,14400,1.00077429346
41042,41057,41058,15,1,1,25200,1.6
41042,41052,41054,10,2,1,25200,1.2
41043,41073,41074,30,1,1,25200,3.1
41043,41068,41691,25,623,1,25200,1.04012841091
41043,41084,41087,41,3,1,25200,4.4
41044,41100,41101,56,1,1,25200,5.7
41044,41117,41522,73,405,1,25200,1.18024691358
41044,41095,41096,51,1,1,25200,5.2
41044,41112,41273,68,161,1,25200,1.42236024845
41044,41106,41107,62,1,1,25200,6.3
41045,41128,41129,83,1,1,25200,8.4
41045,41139,41156,94,17,1,25200,6.52941176471
41046,41145,41231,99,86,1,25200,2.1511627907
41046,41163,41167,117,4,1,25200,12.1
41046,41150,41342,104,192,1,25200,1.54166666667
41047,41185,41186,138,1,1,25200,13.9
41047,41174,41196,127,22,1,25200,6.77272727273
41048,41196,41264,148,68,1,25200,3.17647058824
41048,41201,41863,153,662,1,25200,1.23111782477
41049,41218,41231,169,13,1,25200,14.0
41049,41207,42279,158,1072,1,25200,1.1473880597
41049,41223,47922,174,6699,1,25200,1.02597402597
41049,41212,47458,163,6246,1,25200,1.02609670189
41050,41228,42060,178,832,1,25200,1.21394230769
41050,41239,42325,189,1086,1,25200,1.17403314917
41050,41234,41235,184,1,1,25200,18.5
41051,41245,41252,194,7,1,25200,20.1
41051,41250,41251,199,1,1,25200,20.0
41051,41256,48203,205,6947,1,25200,1.02950914064
41052,41272,41274,220,2,1,25200,22.2
41052,41267,41278,215,11,1,25200,20.5454545455
41052,41261,41262,209,1,1,25200,21.0
41053,41289,41292,236,3,1,25200,23.9
41053,41278,41279,225,1,1,25200,22.6
41053,41283,41286,230,3,1,25200,23.3
41054,41305,41328,251,23,1,25200,11.9130434783
41054,41294,66507,240,25213,1,25200,1.00951889898
41054,41311,41321,257,10,1,25200,26.7
41055,41322,41362,267,40,1,25200,7.675
41055,41327,41367,272,40,1,25200,7.8
41055,41316,41317,261,1,1,25200,26.2
41056,41344,41346,288,2,1,25200,29.0
41056,41333,41336,277,3,1,25200,28.0
41056,41338,41339,282,1,1,25200,28.3
41057,41349,41350,292,1,1,25200,29.3
41057,41360,41408,303,48,1,25200,7.3125
41058,41376,41379,318,3,1,25200,32.1
41058,41365,41371,307,6,1,25200,31.3
41058,41382,41383,324,1,1,25200,32.5
41058,41371,41425,313,54,1,25200,6.7962962963
41059,41387,41388,328,1,1,25200,32.9
41059,41393,41401,334,8,1,25200,34.2
41060,41420,41422,360,2,1,25200,36.2
41060,41404,41421,344,17,1,25200,21.2352941176
41060,41409,66617,349,25208,1,25200,1.01384481117
41060,41415,45264,355,3849,1,25200,1.09223174851
41061,41438,41439,377,1,1,25200,37.8
41061,41426,41436,365,10,1,25200,37.5
41061,41432,41436,371,4,1,25200,37.5
41062,41443,45444,381,4001,1,25200,1.09522619345
41062,43211,43349,2149,138,1,25200,16.5724637681
41064,43258,43264,2194,6,1,25200,220.0
41064,43253,43256,2189,3,1,25200,219.2
41064,43247,44774,2183,1527,1,25200,2.4296005239
41065,43274,43280,2209,6,1,25200,221.5
41066,43304,43305,2238,1,1,25200,223.9
41066,43310,46011,2244,2701,1,25200,1.83080340615
41067,43315,43321,2248,6,1,25200,225.4
41067,43326,43330,2259,4,1,25200,226.3
41067,43320,43321,2253,1,1,25200,225.4
41068,43337,43727,2269,390,1,25200,6.81794871795
41069,43360,50651,2291,7291,1,25200,1.31422301468
41070,43366,43422,2296,56,1,25200,42.0
41071,43398,43399,2327,1,1,25200,232.8
41072,43417,43418,2345,1,1,25200,234.6
41072,43422,43423,2350,1,1,25200,235.1
41073,43433,43434,2360,1,1,25200,236.1
41073,43428,43435,2355,7,1,25200,236.2
41074,43458,43590,2384,132,1,25200,19.0606060606
41074,43453,45393,2379,1940,1,25200,2.22628865979
41075,43469,43470,2394,1,1,25200,239.5
41075,43480,43484,2405,4,1,25200,240.9
41076,41476,41477,400,1,1,25200,40.1
41076,43496,43497,2420,1,1,25200,242.1
41076,43486,44185,2410,699,1,25200,4.44778254649
41077,41481,41526,404,45,1,25200,9.97777777778
41077,41492,41493,415,1,1,25200,41.6
41077,41487,41504,410,17,1,25200,25.1176470588
41078,41509,41511,431,2,1,25200,43.3
41078,41498,41518,420,20,1,25200,22.0
41078,41503,41513,425,10,1,25200,43.5
41078,41514,45223,436,3709,1,25200,1.11755190078
41079,41525,41527,446,2,1,25200,44.8
41079,41519,49748,440,8229,1,25200,1.05346943736
41080,41536,41573,456,37,1,25200,13.3243243243
41080,41547,41549,467,2,1,25200,46.9
41080,41530,41560,450,30,1,25200,16.0
41080,41541,41544,461,3,1,25200,46.4
41081,41552,44522,471,2970,1,25200,1.15858585859
41081,41558,41561,477,3,1,25200,48.0
41081,41563,41564,482,1,1,25200,48.3
41082,41569,41571,487,2,1,25200,48.9
41082,41574,41575,492,1,1,25200,49.3
41082,41580,41608,498,28,1,25200,18.7857142857
41082,41585,41586,503,1,1,25200,50.4
41083,41596,42755,513,1159,1,25200,1.44262295082
41083,41591,41593,508,2,1,25200,51.0
41084,41612,43141,528,1529,1,25200,1.34532374101
41084,41607,41931,523,324,1,25200,2.61419753086
41084,41618,41619,534,1,1,25200,53.5
41085,41623,41624,538,1,1,25200,53.9
41085,41629,43434,544,1805,1,25200,1.30138504155
41085,41634,66843,549,25209,1,25200,1.02177793645
41086,41645,41648,559,3,1,25200,56.2
41086,41651,41653,565,2,1,25200,56.7
41086,41656,41657,570,1,1,25200,57.1
41087,41673,41674,586,1,1,25200,58.7
41087,41667,41669,580,2,1,25200,58.2
41088,41695,41748,607,53,1,25200,12.4528301887
41088,41684,44924,596,3240,1,25200,1.18395061728
41088,41689,41802,601,113,1,25200,6.3185840708
41089,41711,41712,622,1,1,25200,62.3
41089,41700,43012,611,1312,1,25200,1.46570121951
41089,41706,66943,617,25237,1,25200,1.02444823077
41090,41727,57672,637,15945,1,25200,1.03994982753
41091,41733,41734,642,1,1,25200,64.3
41091,41738,46515,647,4777,1,25200,1.13544065313
41092,41792,67011,700,25219,1,25200,1.02775684999
41092,41798,41801,706,3,1,25200,70.9
41092,41803,41804,711,1,1,25200,71.2
41093,41820,41821,727,1,1,25200,72.8
41093,41814,42481,721,667,1,25200,2.08095952024
41093,41809,41811,716,2,1,25200,71.8
41094,41825,41830,731,5,1,25200,73.6
41094,41836,43079,742,1243,1,25200,1.59694288013
41095,41842,50363,747,8521,1,25200,1.08766576693
41095,41853,41971,758,118,1,25200,7.42372881356
41095,41847,42085,752,238,1,25200,4.15966386555
41096,41874,67107,778,25233,1,25200,1.0308326398
41096,41864,42171,768,307,1,25200,3.5016286645
41096,41858,41862,762,4,1,25200,76.6
41097,41891,44781,794,2890,1,25200,1.27474048443
41097,41885,50150,788,8265,1,25200,1.09534180278
41098,41907,41908,809,1,1,25200,81.0
41098,41896,41897,798,1,1,25200,79.9
41099,41929,41934,830,5,1,25200,83.5
41099,41918,41980,819,62,1,25200,14.2096774194
41101,41962,42207,861,245,1,25200,4.51428571429
41101,41951,41952,850,1,1,25200,85.1
41102,41968,50601,866,8633,1,25200,1.10031275339
41102,41978,42052,876,74,1,25200,12.8378378378
41103,41984,41988,881,4,1,25200,88.5
41103,42015,42447,912,432,1,25200,3.11111111111
41103,42026,42071,923,45,1,25200,21.5111111111
41103,42021,42023,918,2,1,25200,92.0
41104,42048,46174,944,4126,1,25200,1.22879301987
41104,42032,54081,928,12049,1,25200,1.07701883974
41104,42043,42044,939,1,1,25200,94.0
41104,42037,42041,933,4,1,25200,93.7
41105,42059,42060,954,1,1,25200,95.5
41105,42065,42066,960,1,1,25200,96.1
41105,42054,42077,949,23,1,25200,42.2608695652
41105,41158,48513,53,7355,2,14400,1.00720598232
41106,42075,42081,969,6,1,25200,97.5
41106,42070,42434,964,364,1,25200,3.64835164835
41106,42081,66002,975,23921,1,25200,1.04075916559
41107,42097,42916,990,819,1,25200,2.20879120879
41107,42092,42094,985,2,1,25200,98.7
41107,42086,51649,979,9563,1,25200,1.10237373209
41108,42108,42541,1000,433,1,25200,3.30946882217
41108,42119,42120,1011,1,1,25200,101.2
41108,42114,42291,1006,177,1,25200,6.68361581921
41109,42135,42185,1026,50,1,25200,21.52
41109,42125,42181,1016,56,1,25200,19.1428571429
41109,42130,42131,1021,1,1,25200,102.2
41110,42141,42229,1031,88,1,25200,12.7159090909
41110,42146,43102,1036,956,1,25200,2.08368200837
41111,42168,47277,1057,5109,1,25200,1.20688980231
41112,42185,42188,1073,3,1,25200,107.6
41112,42179,42916,1067,737,1,25200,2.44776119403
41113,42221,43211,1108,990,1,25200,2.11919191919
41113,42232,42235,1119,3,1,25200,112.2
41113,42227,42228,1114,1,1,25200,111.5
41113,42195,42365,1082,170,1,25200,7.36470588235
41114,42238,43187,1124,949,1,25200,2.18440463646
41114,42249,42454,1135,205,1,25200,6.53658536585
41114,42243,42256,1129,13,1,25200,87.8461538462
41115,42265,43704,1150,1439,1,25200,1.79916608756
41115,42254,42258,1139,4,1,25200,114.3
41115,42260,42270,1145,10,1,25200,115.5
41116,42281,44292,1165,2011,1,25200,1.57931377424
41116,42287,42291,1171,4,1,25200,117.5
41116,42271,42286,1155,15,1,25200,78.0
41117,42298,42299,1181,1,1,25200,118.2
41117,42292,42294,1175,2,1,25200,117.7
41117,42303,42887,1186,584,1,25200,3.03082191781
41118,42320,42321,1202,1,1,25200,120.3
41118,42309,42310,1191,1,1,25200,119.2
41119,42331,42332,1212,1,1,25200,121.3
41120,42347,42355,1227,8,1,25200,123.5
41120,42342,42345,1222,3,1,25200,122.5
41120,42373,43138,1253,765,1,25200,2.63790849673
41120,42367,42986,1247,619,1,25200,3.01453957997
41121,42378,42388,1257,10,1,25200,126.7
41121,42389,42395,1268,6,1,25200,127.4
41121,42384,42496,1263,112,1,25200,12.2767857143
41122,42400,42849,1278,449,1,25200,3.84632516704
41122,42411,42450,1289,39,1,25200,34.0512820513
41122,42395,42396,1273,1,1,25200,127.4
41123,42428,45231,1305,2803,1,25200,1.46557260078
41123,42417,42426,1294,9,1,25200,130.3
41123,42422,44244,1299,1822,1,25200,1.71295279912
41124,42445,42470,1321,25,1,25200,53.84
41124,42433,42434,1309,1,1,25200,131.0
41124,42439,43130,1315,691,1,25200,2.90303907381
41125,42455,45104,1330,2649,1,25200,1.50207625519
41125,42466,43672,1341,1206,1,25200,2.11194029851
41126,42472,42860,1346,388,1,25200,4.46907216495
41126,42477,42478,1351,1,1,25200,135.2
41126,42497,42498,1371,1,1,25200,137.2
41127,42503,42506,1376,3,1,25200,137.9
41127,42514,42517,1387,3,1,25200,139.0
41127,42519,42520,1392,1,1,25200,139.3
41127,42508,42534,1381,26,1,25200,54.1153846154
41128,42525,42533,1397,8,1,25200,140.5
41128,42535,42542,1407,7,1,25200,141.4
41129,42552,42843,1423,291,1,25200,5.89003436426
41129,42541,42928,1412,387,1,25200,4.64857881137
41129,42547,42646,1418,99,1,25200,15.3232323232
41130,42574,42605,1444,31,1,25200,47.5806451613
41130,42569,42593,1439,24,1,25200,60.9583333333
41131,42593,42797,1462,204,1,25200,8.16666666667
41131,42599,67845,1468,25246,1,25200,1.0581478254
41132,42610,42611,1478,1,1,25200,147.9
41132,42604,43029,1472,425,1,25200,4.46352941176
41132,42615,45228,1483,2613,1,25200,1.56754688098
41133,42637,42638,1504,1,1,25200,150.5
41133,42626,49738,1493,7112,1,25200,1.20992688414
41133,42621,61896,1488,19275,1,25200,1.07719844358
41133,42632,42682,1499,50,1,25200,30.98
41134,42643,42969,1509,326,1,25200,5.62883435583
41134,42648,42661,1514,13,1,25200,117.461538462
41135,42664,42665,1529,1,1,25200,153.0
41135,42673,42740,1538,67,1,25200,23.9552238806
41136,42684,42823,1548,139,1,25200,12.1366906475
41137,42706,42729,1569,23,1,25200,69.2173913043
41137,42718,46512,1581,3794,1,25200,1.41671059568
41137,42700,42703,1563,3,1,25200,156.6
41137,42711,49287,1574,6576,1,25200,1.23935523114
41138,42729,55115,1591,12386,1,25200,1.12845147747
41139,42751,42752,1612,1,1,25200,161.3
41140,42770,42779,1630,9,1,25200,163.9
41140,42781,42782,1641,1,1,25200,164.2
41141,42811,42813,1670,2,1,25200,167.2
41142,42822,42825,1680,3,1,25200,168.3
41143,42852,42882,1709,30,1,25200,57.9666666667
41143,42838,42839,1695,1,1,25200,169.6
41143,42844,42845,1701,1,1,25200,170.2
41144,42857,43255,1713,398,1,25200,5.3040201005
41145,42874,43685,1729,811,1,25200,3.13193588163
41146,42904,45006,1758,2102,1,25200,1.83634633682
41146,42910,43701,1764,791,1,25200,3.23008849558
41146,42895,45520,1749,2625,1,25200,1.66628571429
41147,42920,42921,1773,1,1,25200,177.4
41147,42926,43004,1779,78,1,25200,23.8076923077
41148,42931,44062,1783,1131,1,25200,2.57648099027
41148,42948,43899,1800,951,1,25200,2.8927444795
41149,42959,42961,1810,2,1,25200,181.2
41149,42978,45182,1829,2204,1,25200,1.82985480944
41150,42989,43048,1839,59,1,25200,32.1694915254
41151,43011,43561,1860,550,1,25200,4.38181818182
41152,43040,43139,1888,99,1,25200,20.0707070707
41152,43029,43082,1877,53,1,25200,36.4150943396
41153,43056,43057,1903,1,1,25200,190.4
41153,43051,43504,1898,453,1,25200,5.18984547461
41154,43086,44658,1932,1572,1,25200,2.22900763359
41154,43067,43068,1913,1,1,25200,191.4
41155,43097,43442,1942,345,1,25200,6.62898550725
41156,43119,43123,1963,4,1,25200,196.7
41156,43132,43172,1976,40,1,25200,50.4
41157,43143,43144,1986,1,1,25200,198.7
41157,43138,43418,1981,280,1,25200,8.075
41158,43154,43162,1996,8,1,25200,200.4
41159,43179,44061,2020,882,1,25200,3.29024943311
41159,43171,45531,2012,2360,1,25200,1.85254237288
41160,43190,43264,2030,74,1,25200,28.4324324324
41160,43206,43212,2046,6,1,25200,205.2
41160,43200,44239,2040,1039,1,25200,2.96342637151
41161,43516,43517,2355,1,1,25200,235.6
41162,43521,43526,2359,5,1,25200,236.4
41162,43532,45946,2370,2414,1,25200,1.98177299089
41163,43548,43549,2385,1,1,25200,238.6
41164,43568,43569,2404,1,1,25200,240.5
41164,43562,43563,2398,1,1,25200,239.9
41165,43578,43583,2413,5,1,25200,241.8
41166,43603,43608,2437,5,1,25200,244.2
41167,43624,43625,2457,1,1,25200,245.8
41167,43630,44641,2463,1011,1,25200,3.43620178042
41167,43613,43618,2446,5,1,25200,245.1
41168,43646,43658,2478,12,1,25200,207.5
41170,43681,43892,2511,211,1,25200,12.9004739336
41170,43676,43677,2506,1,1,25200,250.7
41171,43697,43698,2526,1,1,25200,252.7
41171,43716,44659,2545,943,1,25200,3.69883351007
41172,43727,43737,2555,10,1,25200,256.5
41172,43738,44021,2566,283,1,25200,10.0671378092
41173,43754,43755,2581,1,1,25200,258.2
41174,43778,43786,2604,8,1,25200,261.2
41174,43773,43791,2599,18,1,25200,145.388888889
41174,43760,45329,2586,1569,1,25200,2.64818355641
41175,43789,43790,2614,1,1,25200,261.5
41175,43794,43795,2619,1,1,25200,262.0
41176,43800,43814,2624,14,1,25200,188.428571429
41176,43805,43806,2629,1,1,25200,263.0
41177,41454,49128,277,7674,2,14400,1.03609590826
41177,43829,43831,2652,2,1,25200,265.4
41177,43835,43840,2658,5,1,25200,266.3
41177,43816,44161,2639,345,1,25200,8.64927536232
41178,43846,45076,2668,1230,1,25200,3.16910569106
41179,43857,55976,2678,12119,1,25200,1.220975328
41180,43880,43884,2700,4,1,25200,270.4
41180,43886,44412,2706,526,1,25200,6.14448669202
41181,43891,43892,2710,1,1,25200,271.1
41182,43921,47916,2739,3995,1,25200,1.68560700876
41182,43932,43936,2750,4,1,25200,275.4
41183,43942,43943,2759,1,1,25200,276.0
41184,43953,43959,2769,6,1,25200,277.5
41184,43966,43967,2782,1,1,25200,278.3
41185,43972,44080,2787,108,1,25200,26.8055555556
41186,44101,46031,2915,1930,1,25200,2.5103626943
41186,43988,43989,2802,1,1,25200,280.3
41187,44112,51712,2925,7600,1,25200,1.38486842105
41187,44122,45305,2935,1183,1,25200,3.4809805579
41188,44001,44002,2813,1,1,25200,281.4
41189,44023,69260,2834,25237,1,25200,1.11229543924
41190,44047,45758,2857,1711,1,25200,2.66978375219
41193,44417,45952,3224,1535,1,25200,3.1003257329
41193,44087,44088,2894,1,1,25200,289.5
41194,44434,44916,3240,482,1,25200,7.72199170124
41195,44446,44450,3251,4,1,25200,325.5
41196,44156,44157,2960,1,1,25200,296.1
41198,44196,44197,2998,1,1,25200,299.9
41199,44207,44208,3008,1,1,25200,300.9
41199,44202,44389,3003,187,1,25200,17.0588235294
41200,44220,44221,3020,1,1,25200,302.1
41200,44226,44232,3026,6,1,25200,303.2
41200,44231,44232,3031,1,1,25200,303.2
41202,44277,44278,3075,1,1,25200,307.6
41202,44266,44268,3064,2,1,25200,306.6
41204,44301,51439,3097,7138,1,25200,1.43387503502
41204,44307,44331,3103,24,1,25200,130.291666667
41204,44312,44451,3108,139,1,25200,23.3597122302
41206,44352,44353,3146,1,1,25200,314.7
41206,44347,44521,3141,174,1,25200,19.0517241379
41207,44363,44364,3156,1,1,25200,315.7
41208,44387,44388,3179,1,1,25200,318.0
41208,44382,44383,3174,1,1,25200,317.5
41209,44462,44463,3253,1,1,25200,325.4
41209,44406,44407,3197,1,1,25200,319.8
41211,44503,44504,3292,1,1,25200,329.3
41211,44498,44639,3287,141,1,25200,24.3120567376
41211,44492,44493,3281,1,1,25200,328.2
41212,44523,45156,3311,633,1,25200,6.23064770932
41213,44533,44534,3320,1,1,25200,332.1
41214,44568,44569,3354,1,1,25200,335.5
41214,44563,44691,3349,128,1,25200,27.1640625
41215,44579,44584,3364,5,1,25200,336.9
41216,44595,44596,3379,1,1,25200,338.0
41217,44619,44624,3402,5,1,25200,340.7
41218,44648,44649,3430,1,1,25200,343.1
41220,44678,45295,3458,617,1,25200,6.60453808752
41220,44683,44690,3463,7,1,25200,347.0
41221,44700,45661,3479,961,1,25200,4.62018730489
41221,44705,44709,3484,4,1,25200,348.8
41222,44721,44722,3499,1,1,25200,350.0
41222,44711,44936,3489,225,1,25200,16.5066666667
41223,44735,44944,3512,209,1,25200,17.8038277512
41223,44740,44747,3517,7,1,25200,352.4
41224,44756,44759,3532,3,1,25200,353.5
41225,44780,44785,3555,5,1,25200,356.0
41226,44791,44792,3565,1,1,25200,356.6
41226,44797,44917,3571,120,1,25200,30.7583333333
41227,44827,44828,3600,1,1,25200,360.1
41227,44821,44855,3594,34,1,25200,106.705882353
41228,44838,45042,3610,204,1,25200,18.6960784314
41230,44867,44870,3637,3,1,25200,364.0
41230,44872,47798,3642,2926,1,25200,2.24470266576
41231,44888,44889,3657,1,1,25200,365.8
41232,44918,44919,3686,1,1,25200,368.7
41232,44908,44909,3676,1,1,25200,367.7
41233,44943,44944,3710,1,1,25200,371.1
41234,44953,44954,3719,1,1,25200,372.0
41235,44975,46175,3740,1200,1,25200,4.11666666667
41235,44959,44963,3724,4,1,25200,372.8
41236,44981,46137,3745,1156,1,25200,4.23961937716
41237,45017,45132,3780,115,1,25200,33.8695652174
41237,45000,45216,3763,216,1,25200,18.4212962963
41237,45012,48314,3775,3302,1,25200,2.14324651726
41237,45006,45009,3769,3,1,25200,377.2
41238,45023,45253,3785,230,1,25200,17.4565217391
41238,45028,45029,3790,1,1,25200,379.1
41239,45039,45044,3800,5,1,25200,380.5
41239,45045,45704,3806,659,1,25200,6.77541729894
41239,45050,45051,3811,1,1,25200,381.2
41240,45070,49961,3830,4891,1,25200,1.78307094664
41241,45075,45076,3834,1,1,25200,383.5
41241,45092,45095,3851,3,1,25200,385.4
41241,45081,70300,3840,25219,1,25200,1.15226614854
41241,45086,45087,3845,1,1,25200,384.6
41242,45097,45098,3855,1,1,25200,385.6
41242,45108,45109,3866,1,1,25200,386.7
41242,45103,45373,3861,270,1,25200,15.3
41243,45137,45138,3894,1,1,25200,389.5
41244,45143,70349,3899,25206,1,25200,1.15468539237
41244,41459,48650,215,7191,2,14400,1.02989848422
41244,45148,45153,3904,5,1,25200,390.9
41245,45165,45257,3920,92,1,25200,43.6086956522
41246,45189,45263,3943,74,1,25200,54.2837837838
41246,45183,45184,3937,1,1,25200,393.8
41247,45205,45209,3958,4,1,25200,396.2
41247,45194,46616,3947,1422,1,25200,3.77566807314
41249,45241,45245,3992,4,1,25200,399.6
41249,45246,45265,3997,19,1,25200,211.368421053
41250,45257,45258,4007,1,1,25200,400.8
41250,45262,45263,4012,1,1,25200,401.3
41251,45273,45274,4022,1,1,25200,402.3
41252,45298,45506,4046,208,1,25200,20.4519230769
41252,45293,45294,4041,1,1,25200,404.2
41253,45315,45358,4062,43,1,25200,95.4651162791
41253,45320,45323,4067,3,1,25200,407.0
41253,45304,45646,4051,342,1,25200,12.8450292398
41253,45309,45313,4056,4,1,25200,406.0
41254,45343,45358,4089,15,1,25200,273.6
41254,45332,45333,4078,1,1,25200,407.9
41255,45348,45349,4093,1,1,25200,409.4
41255,45354,45369,4099,15,1,25200,274.266666667
41256,45370,45374,4114,4,1,25200,411.8
41257,45390,45548,4133,158,1,25200,27.1582278481
41258,45401,45421,4143,20,1,25200,208.15
41259,45418,45589,4159,171,1,25200,25.3216374269
41259,45429,45461,4170,32,1,25200,131.3125
41260,45434,45437,4174,3,1,25200,417.7
41260,45439,45440,4179,1,1,25200,418.0
41260,45450,45454,4190,4,1,25200,419.4
41261,45461,45462,4200,1,1,25200,420.1
41262,45481,48139,4219,2658,1,25200,2.58728367193
41262,45476,45491,4214,15,1,25200,281.933333333
41263,45492,45569,4229,77,1,25200,55.9220779221
41263,45498,45508,4235,10,1,25200,424.5
41264,45520,45577,4256,57,1,25200,75.6666666667
41264,45514,45515,4250,1,1,25200,425.1
41265,45541,45782,4276,241,1,25200,18.7427385892
41265,45530,45838,4265,308,1,25200,14.8474025974
41266,45552,45553,4286,1,1,25200,428.7
41266,45558,45561,4292,3,1,25200,429.5
41267,45577,70814,4310,25237,1,25200,1.17078099616
41267,45572,45576,4305,4,1,25200,430.9
41267,45583,45585,4316,2,1,25200,431.8
41268,45594,46973,4326,1379,1,25200,4.13705583756
41268,45588,47120,4320,1532,1,25200,3.81984334204
41269,45610,45614,4341,4,1,25200,434.5
41269,45616,45625,4347,9,1,25200,435.6
41271,45655,45659,4384,4,1,25200,438.8
41271,45643,46747,4372,1104,1,25200,4.96014492754
41271,45663,45664,4392,1,1,25200,439.3
41271,45649,45691,4378,42,1,25200,105.238095238
41272,45680,45683,4408,3,1,25200,441.1
41272,45669,45952,4397,283,1,25200,16.5371024735
41273,45696,45721,4423,25,1,25200,177.92
41273,45685,45689,4412,4,1,25200,441.6
41274,45707,45770,4433,63,1,25200,71.3650793651
41274,45713,45863,4439,150,1,25200,30.5933333333
41275,45718,45719,4443,1,1,25200,444.4
41276,45745,70965,4469,25220,1,25200,1.17720063442
41277,45765,45837,4488,72,1,25200,63.3333333333
41277,45760,45833,4483,73,1,25200,62.4109589041
41278,45782,45783,4504,1,1,25200,450.5
41279,45793,45801,4514,8,1,25200,452.2
41279,45798,45802,4519,4,1,25200,452.3
41280,46431,46432,5151,1,1,25200,515.2
41280,46418,46423,5138,5,1,25200,514.3
41281,46442,46443,5161,1,1,25200,516.2
41282,45814,45815,4532,1,1,25200,453.3
41283,45831,45840,4548,9,1,25200,455.7
41284,45836,50028,4552,4192,1,25200,2.0858778626
41284,45850,45851,4566,1,1,25200,456.7
41284,45844,45845,4560,1,1,25200,456.1
41286,45861,46312,4575,451,1,25200,11.1441241685
41287,45883,52067,4596,6184,1,25200,1.74320827943
41287,45877,45883,4590,6,1,25200,459.6
41287,45872,46002,4585,130,1,25200,36.2692307692
41288,45888,46251,4600,363,1,25200,13.6721763085
41288,45894,47715,4606,1821,1,25200,3.52937946183
41288,45899,45900,4611,1,1,25200,461.2
41289,45910,45966,4621,56,1,25200,83.5178571429
41290,45942,47584,4652,1642,1,25200,3.83313032887
41290,45936,45940,4646,4,1,25200,465.0
41291,45947,48155,4656,2208,1,25200,3.10869565217
41291,45964,45969,4673,5,1,25200,467.8
41292,45969,45979,4677,10,1,25200,468.7
41292,45974,45975,4682,1,1,25200,468.3
41292,45980,47486,4688,1506,1,25200,4.11288180611
41293,45985,45986,4692,1,1,25200,469.3
41293,45996,71219,4703,25223,1,25200,1.1864568053
41294,46010,46258,4716,248,1,25200,20.0161290323
41294,46021,46022,4727,1,1,25200,472.8
41294,46016,47734,4722,1718,1,25200,3.74854481956
41295,46032,46037,4737,5,1,25200,474.2
41295,46038,46068,4743,30,1,25200,159.1
41296,46043,46047,4747,4,1,25200,475.1
41296,46049,51976,4753,5927,1,25200,1.80192340138
41297,46065,46066,4768,1,1,25200,476.9
41298,46090,48070,4792,1980,1,25200,3.4202020202
41298,46096,46099,4798,3,1,25200,480.1
41299,46112,47270,4813,1158,1,25200,5.15630397237
41300,46128,47547,4828,1419,1,25200,4.40239605356
41300,46117,46118,4817,1,1,25200,481.8
41300,46123,47346,4823,1223,1,25200,4.94358135732
41301,46145,46530,4844,385,1,25200,13.5818181818
41301,46139,46140,4838,1,1,25200,483.9
41302,46157,46158,4855,1,1,25200,485.6
41302,46163,52627,4861,6464,1,25200,1.75201113861
41302,46168,46169,4866,1,1,25200,486.7
41303,46179,46262,4876,83,1,25200,59.7469879518
41304,46196,46341,4892,145,1,25200,34.7379310345
41305,46214,47856,4909,1642,1,25200,3.98964677223
41306,46241,46937,4935,696,1,25200,8.09051724138
41306,46235,46236,4929,1,1,25200,493.0
41308,46270,46271,4962,1,1,25200,496.3
41309,46288,46289,4979,1,1,25200,498.0
41309,46294,46300,4985,6,1,25200,499.1
41309,46299,46300,4990,1,1,25200,499.1
41310,46316,47956,5006,1640,1,25200,4.05243902439
41310,46310,46314,5000,4,1,25200,500.4
41312,46339,46340,5027,1,1,25200,502.8
41312,46345,47676,5033,1331,1,25200,4.78136739294
41312,46356,49952,5044,3596,1,25200,2.40266963293
41312,46350,46351,5038,1,1,25200,503.9
41313,46367,46638,5054,271,1,25200,19.6494464945
41313,46372,46373,5059,1,1,25200,506.0
41313,46361,46362,5048,1,1,25200,504.9
41314,46383,46384,5069,1,1,25200,507.0
41315,46396,46397,5081,1,1,25200,508.2
41315,46407,46408,5092,1,1,25200,509.3
41317,46494,46497,5177,3,1,25200,518.0
41790,42004,48863,214,6859,2,14400,1.03119988336
41812,42010,48768,198,6758,2,14400,1.02929860906
42014,42210,49347,196,7137,2,14400,1.02746251927
42181,42216,48656,35,6440,2,14400,1.00543478261
42230,42362,49167,132,6805,2,14400,1.01939750184
42363,42486,49542,123,7056,2,14400,1.01743197279
42388,42492,49683,104,7191,2,14400,1.0144625226
42723,42760,50103,37,7343,2,14400,1.00503881247
42739,42765,49926,26,7161,2,14400,1.00363077782
42772,42806,50066,34,7260,2,14400,1.00468319559
42914,42967,49559,53,6592,2,14400,1.00804004854
42930,42972,50047,42,7075,2,14400,1.00593639576
42966,43024,49904,58,6880,2,14400,1.00843023256
43030,43081,49816,51,6735,2,14400,1.00757238307
43215,43242,50841,27,7599,2,14400,1.00355309909
43279,43299,49994,20,6695,2,14400,1.00298730396
43599,43659,51205,60,7546,2,14400,1.00795123244
44100,44146,51363,46,7217,2,14400,1.00637383955
44538,44557,51333,19,6776,2,14400,1.00280401417
45115,45126,51702,11,6576,2,14400,1.00167274939
47094,47102,53863,8,6761,2,14400,1.00118325691
48228,48234,55487,6,7253,2,14400,1.0008272439
48515,48522,55661,7,7139,2,14400,1.00098052949
48654,48660,55595,6,6935,2,14400,1.00086517664
48669,48675,55481,6,6806,2,14400,1.00088157508
48772,48778,56290,6,7512,2,14400,1.00079872204
48796,48802,55868,6,7066,2,14400,1.00084913671
48866,48873,55278,7,6405,2,14400,1.00109289617
49131,49137,56016,6,6879,2,14400,1.0008722198
49170,49177,56498,7,7321,2,14400,1.00095615353
49200,49208,56030,8,6822,2,14400,1.00117267663
49544,49550,56588,6,7038,2,14400,1.00085251492
49562,49568,56989,6,7421,2,14400,1.00080851637
49683,49689,56252,6,6563,2,14400,1.00091421606
49818,49824,56614,6,6790,2,14400,1.00088365243
49906,49913,57166,7,7253,2,14400,1.00096511788
49927,49933,56878,6,6945,2,14400,1.00086393089
49996,50002,56928,6,6926,2,14400,1.0008663009
50047,50054,56367,7,6313,2,14400,1.00110882306
50069,50076,57294,7,7218,2,14400,1.00096979773
50105,50113,56894,8,6781,2,14400,1.001179767
50845,50852,57596,7,6744,2,14400,1.00103795967
51207,51214,57989,7,6775,2,14400,1.00103321033
51337,51344,58454,7,7110,2,14400,1.00098452883
51364,51370,58088,6,6718,2,14400,1.00089312295
51705,51712,58850,7,7138,2,14400,1.00098066685
53863,53871,61055,8,7184,2,14400,1.00111358575
54972,54978,62170,6,7192,2,14400,1.00083426029
55280,55287,62297,7,7010,2,14400,1.00099857347
55485,55491,62845,6,7354,2,14400,1.00081588251
55500,55507,62867,7,7360,2,14400,1.00095108696
55598,55604,63128,6,7524,2,14400,1.00079744817
55635,55642,193266,7,137624,1,172800,1.00005086322
55664,55670,62644,6,6974,2,14400,1.0008603384
55869,55876,63314,7,7438,2,14400,1.0009411132
55884,55895,62692,11,6797,2,14400,1.00161836104
56017,56023,62683,6,6660,2,14400,1.0009009009
56032,56038,62705,6,6667,2,14400,1.000899955
56255,56261,63265,6,7004,2,14400,1.00085665334
56291,56298,62643,7,6345,2,14400,1.00110323089
56370,56377,63571,7,7194,2,14400,1.00097303308
56402,56408,170507,6,114099,1,172800,1.00005258591
56498,56505,177669,7,121164,1,172800,1.00005777294
56499,56512,63820,13,7308,2,14400,1.00177887247
56590,56596,63887,6,7291,2,14400,1.00082293238
56626,56632,63387,6,6755,2,14400,1.00088823094
56630,56639,158855,9,102216,1,172800,1.00008804884
56891,56897,64557,6,7660,2,14400,1.00078328982
56906,56912,63890,6,6978,2,14400,1.00085984523
56930,56937,63916,7,6979,2,14400,1.00100300903
56991,56997,64355,6,7358,2,14400,1.00081543898
57169,57175,64175,6,7000,2,14400,1.00085714286
57295,57302,64947,7,7645,2,14400,1.00091563113
57425,57430,79069,5,21639,20,21599,1.00023106428
57470,57477,64688,7,7211,20,7199,1.00097073915
57520,61795,90743,4275,28948,20,43199,1.1476785961
57596,57603,65248,7,7645,2,14400,1.00091563113
57992,57999,64848,7,6849,2,14400,1.00102204701
58091,58098,65582,7,7484,2,14400,1.0009353287
58157,58866,60008,709,1142,4,61200,1.62084063047
58456,58463,65861,7,7398,2,14400,1.00094620168
58851,58858,65611,7,6753,2,14400,1.00103657634
59567,59574,149063,7,89489,1,172800,1.0000782219
59828,60034,150548,206,90514,1,172800,1.00227589102
59936,60020,60022,84,2,4,108000,8.6
60106,60112,146958,6,86846,1,172800,1.00006908781
60168,60175,146456,7,86281,1,172800,1.00008113026
60484,61909,61913,1425,4,4,108000,142.9
60552,61924,61926,1372,2,4,61200,137.4
60971,60978,67599,7,6621,2,14400,1.00105724211
61056,61063,67786,7,6723,2,14400,1.00104120184
61647,61937,61939,290,2,4,108000,29.2
61759,61767,68545,8,6778,2,14400,1.00118028917
62174,62180,69838,6,7658,2,14400,1.00078349438
62301,62307,69579,6,7272,2,14400,1.00082508251
62644,62650,69980,6,7330,2,14400,1.00081855389
62646,62657,70110,11,7453,2,14400,1.00147591574
62685,62691,69575,6,6884,2,14400,1.00087158629
62717,62723,69399,6,6676,2,14400,1.00089874176
62847,62854,70218,7,7364,2,14400,1.00095057034
62871,62878,69614,7,6736,2,14400,1.0010391924
63131,63137,69806,6,6669,2,14400,1.00089968511
63266,63274,70218,8,6944,2,14400,1.00115207373
63318,63324,70714,6,7390,2,14400,1.00081190798
63320,63332,70354,12,7022,2,14400,1.00170891484
63389,63396,70159,7,6763,2,14400,1.00103504362
63573,63579,70643,6,7064,2,14400,1.00084937712
63754,63760,70526,6,6766,2,14400,1.00088678688
63890,63896,70645,6,6749,2,14400,1.0008890206
63905,63911,71739,6,7828,2,14400,1.00076647931
63921,63933,70576,12,6643,2,14400,1.00180641277
64178,64184,71202,6,7018,2,14400,1.00085494443
64356,64363,71013,7,6650,2,14400,1.00105263158
64558,64564,72455,6,7891,2,14400,1.0007603599
64850,64857,72169,7,7312,2,14400,1.00095733042
64949,64955,72472,6,7517,2,14400,1.00079819077
65251,65257,72571,6,7314,2,14400,1.00082034454
65583,65589,73062,6,7473,2,14400,1.00080289041
65613,65620,72533,7,6913,2,14400,1.00101258498
65863,65870,73333,7,7463,2,14400,1.00093796061
67601,67607,74297,6,6690,2,14400,1.00089686099
67788,67794,74366,6,6572,2,14400,1.00091296409
68551,68557,75375,6,6818,2,14400,1.00088002347
69401,69407,76724,6,7317,2,14400,1.0008200082
69579,69585,77326,6,7741,2,14400,1.00077509366
69581,69592,76659,11,7067,2,14400,1.00155653035
69617,69624,77280,7,7656,2,14400,1.00091431557
69810,69816,76937,6,7121,2,14400,1.00084257829
69840,69846,76544,6,6698,2,14400,1.00089578979
69982,69988,77076,6,7088,2,14400,1.00084650113
70112,70118,77534,6,7416,2,14400,1.00080906149
70160,70167,77263,7,7096,2,14400,1.00098647125
70221,70227,77556,6,7329,2,14400,1.00081866558
70223,70234,77509,11,7275,2,14400,1.00151202749
70304,70311,76685,7,6374,2,14400,1.00109821148
70527,70534,77387,7,6853,2,14400,1.00102145046
70579,70585,77180,6,6595,2,14400,1.00090978014
70645,70651,77829,6,7178,2,14400,1.00083588743
70660,70666,77953,6,7287,2,14400,1.00082338411
70717,70723,77784,6,7061,2,14400,1.000849738
71016,71022,77781,6,6759,2,14400,1.00088770528
71203,71209,77994,6,6785,2,14400,1.00088430361
71740,71746,80300,6,8554,2,14400,1.00070142623
72171,72177,79080,6,6903,2,14400,1.00086918731
72458,72464,79092,6,6628,2,14400,1.00090525045
72473,72479,79219,6,6740,2,14400,1.00089020772
72536,72542,79833,6,7291,2,14400,1.00082293238
72574,72580,79209,6,6629,2,14400,1.00090511389
73064,73070,79765,6,6695,2,14400,1.00089619119
73068,73078,132186,10,59108,2,72000,1.00016918184
73172,73178,73181,6,3,2,3540,1.0
73336,73342,80033,6,6691,2,14400,1.00089672695
74298,74305,80943,7,6638,2,14400,1.0010545345
74367,74374,81439,7,7065,2,14400,1.00099079972
75378,75384,81613,6,6229,2,14400,1.00096323647
76546,76552,83398,6,6846,2,14400,1.00087642419
76661,76667,83657,6,6990,2,14400,1.0008583691
76688,76694,83256,6,6562,2,14400,1.00091435538
76727,76733,84003,6,7270,2,14400,1.00082530949
76938,76945,84477,7,7532,2,14400,1.00092936803
77077,77083,84601,6,7518,2,14400,1.0007980846
77183,77189,84359,6,7170,2,14400,1.00083682008
77265,77271,83654,6,6383,2,14400,1.00093999687
77283,77290,84557,7,7267,2,14400,1.00096325857
77328,77334,84049,6,6715,2,14400,1.00089352197
77388,77394,84105,6,6711,2,14400,1.00089405454
77511,77518,84787,7,7269,2,14400,1.00096299353
77535,77541,84540,6,6999,2,14400,1.00085726532
77559,77565,84774,6,7209,2,14400,1.00083229297
77782,77789,85050,7,7261,2,14400,1.00096405454
77832,77838,85232,6,7394,2,14400,1.00081146876
77955,77962,84578,7,6616,2,14400,1.00105804111
79083,79089,85692,6,6603,2,14400,1.00090867787
79098,79103,85755,5,6652,2,14400,1.00075165364
79212,79220,85803,8,6583,2,14400,1.00121525141
79227,79234,85806,7,6572,2,14400,1.00106512477
79767,79773,86605,6,6832,2,14400,1.00087822014
79833,79840,86618,7,6778,2,14400,1.00103275302
79906,79913,86465,7,6552,2,14400,1.00106837607
79908,79919,86632,11,6713,2,14400,1.00163861165
79909,79925,86768,16,6843,2,14400,1.00233815578
79911,79930,86882,19,6952,2,14400,1.00273302647
79912,79935,87047,23,7112,2,14400,1.00323397075
79914,79941,86711,27,6770,2,14400,1.00398818316
79915,79947,87144,32,7197,2,14400,1.00444629707
79917,79952,87422,35,7470,2,14400,1.0046854083
79918,79957,87151,39,7194,2,14400,1.00542118432
79920,79963,86683,43,6720,2,14400,1.00639880952
79984,79990,86289,6,6299,2,14400,1.00095253215
79985,79996,86680,11,6684,2,14400,1.00164572113
79986,80002,86915,16,6913,2,14400,1.00231447997
79988,80007,86446,19,6439,2,14400,1.00295076875
79989,80013,87036,24,7023,2,14400,1.00341734302
79991,80025,87281,34,7256,2,14400,1.00468577729
79993,80030,86412,37,6382,2,14400,1.00579755563
79994,80036,87546,42,7510,2,14400,1.00559254328
79996,80041,87251,45,7210,2,14400,1.00624133148
79997,80046,86644,49,6598,2,14400,1.00742649288
79999,80052,87866,53,7814,2,14400,1.00678269772
80000,80057,87039,57,6982,2,14400,1.0081638499
80002,80062,86265,60,6203,2,14400,1.009672739
80003,80068,86961,65,6893,2,14400,1.00942985638
80005,80073,87018,68,6945,2,14400,1.0097912167
80006,80079,86873,73,6794,2,14400,1.0107447748
80008,80084,86616,76,6532,2,14400,1.01163502756
80009,80089,87048,80,6959,2,14400,1.01149590458
80011,80095,87206,84,7111,2,14400,1.01181268457
80012,80100,86263,88,6163,2,14400,1.01427876034
80014,80106,87353,92,7247,2,14400,1.01269490824
80015,80112,87152,97,7040,2,14400,1.01377840909
80017,80117,86600,100,6483,2,14400,1.01542495758
80018,80123,87280,105,7157,2,14400,1.01467095152
80020,80128,87006,108,6878,2,14400,1.01570223902
80022,80133,87365,111,7232,2,14400,1.01534845133
80023,80139,86916,116,6777,2,14400,1.01711671831
80025,80144,87350,119,7206,2,14400,1.0165140161
80026,80149,87302,123,7153,2,14400,1.01719558227
80028,80155,87374,127,7219,2,14400,1.01759246433
80043,80160,86767,117,6607,2,14400,1.01770849099
80044,80165,86685,121,6520,2,14400,1.01855828221
80123,80178,86477,55,6299,2,14400,1.00873154469
80805,80811,102450,6,21639,20,21599,1.00027727714
80844,84117,91327,3273,7210,20,7199,1.45395284327
80948,86702,86849,5754,147,24,7199,40.1428571429
81002,85773,107382,4771,21609,24,21599,1.22078763478
81139,86860,90958,5721,4098,24,7199,2.39604685212
83797,83803,83804,6,1,1,240,1.0
85760,85766,85854,6,88,1,600,1.06818181818
86700,86708,93960,8,7252,2,14400,1.00110314396
86715,86721,93571,6,6850,2,14400,1.00087591241
86766,86773,93975,7,7202,2,14400,1.00097195224
86783,86795,93616,12,6821,2,14400,1.00175927283
86876,86882,93607,6,6725,2,14400,1.00089219331
86891,86897,93746,6,6849,2,14400,1.0008760403
86918,86925,94610,7,7685,2,14400,1.00091086532
86920,86931,94044,11,7113,2,14400,1.00154646422
86962,86969,94113,7,7144,2,14400,1.00097984323
87007,87014,93947,7,6933,2,14400,1.00100966393
87022,87029,94684,7,7655,2,14400,1.00091443501
87037,87043,93948,6,6905,2,14400,1.00086893555
87053,87059,94247,6,7188,2,14400,1.00083472454
87054,87066,93373,12,6307,2,14400,1.00190264785
87056,87071,94284,15,7213,2,14400,1.00207957854
87143,87149,94877,6,7728,2,14400,1.00077639752
87158,87165,94680,7,7515,2,14400,1.00093147039
87160,87171,94376,11,7205,2,14400,1.00152671756
87208,87214,94154,6,6940,2,14400,1.00086455331
87253,87259,93198,6,5939,2,14400,1.00101027109
87283,87290,94762,7,7472,2,14400,1.00093683084
87285,87298,94215,13,6917,2,14400,1.0018794275
87303,87310,94536,7,7226,2,14400,1.00096872405
87351,87357,94097,6,6740,2,14400,1.00089020772
87367,87373,94609,6,7236,2,14400,1.0008291874
87368,87380,93855,12,6475,2,14400,1.00185328185
87383,87389,94248,6,6859,2,14400,1.00087476308
87425,87431,94662,6,7231,2,14400,1.00082976075
87546,87552,94510,6,6958,2,14400,1.00086231676
87570,87576,94415,6,6839,2,14400,1.00087732125
88749,88755,88757,6,2,4,61200,1.0
88793,88800,88801,7,1,4,108000,1.0
88824,88831,196881,7,108050,4,108000,1.00006478482
92386,92392,99518,6,7126,2,14400,1.00084198709
93256,93263,100450,7,7187,2,14400,1.0009739808
93419,93425,99678,6,6253,2,14400,1.00095953942
93596,93602,100841,6,7239,2,14400,1.00082884376
93626,93632,100199,6,6567,2,14400,1.00091365921
93650,93656,101060,6,7404,2,14400,1.00081037277
93789,93795,100964,6,7169,2,14400,1.00083693681
93882,93888,100254,6,6366,2,14400,1.00094250707
93963,93969,100738,6,6769,2,14400,1.00088639385
93965,93976,100858,11,6882,2,14400,1.00159837257
93981,93992,101231,11,7239,2,14400,1.0015195469
94047,94055,101170,8,7115,2,14400,1.0011243851
94099,94105,101447,6,7342,2,14400,1.00081721602
94113,94119,100909,6,6790,2,14400,1.00088365243
94155,94162,101341,7,7179,2,14400,1.00097506617
94216,94222,101490,6,7268,2,14400,1.0008255366
94246,94252,100800,6,6548,2,14400,1.00091631032
94263,94274,101479,11,7205,2,14400,1.00152671756
94287,94294,101216,7,6922,2,14400,1.00101126842
94380,94387,101703,7,7316,2,14400,1.000956807
94416,94423,101432,7,7009,2,14400,1.00099871594
94512,94519,101744,7,7225,2,14400,1.00096885813
94542,94548,102377,6,7829,2,14400,1.0007663814
94612,94619,101346,7,6727,2,14400,1.00104058273
94613,94626,102029,13,7403,2,14400,1.00175604485
94665,94671,101490,6,6819,2,14400,1.00087989441
94683,94689,101591,6,6902,2,14400,1.00086931324
94698,94704,101495,6,6791,2,14400,1.00088352231
94764,94770,101218,6,6448,2,14400,1.00093052109
94779,94785,101452,6,6667,2,14400,1.000899955
95049,95056,98663,7,3607,1,3600,1.00194067092
98302,98308,98309,6,1,1,7200,1.0
98604,98610,98618,6,8,1,1800,1.4
98756,98762,98835,6,73,1,1800,1.08219178082
98776,98783,98898,7,115,1,3600,1.06086956522
98922,98928,99039,6,111,1,3600,1.05405405405
98988,98994,98996,6,2,2,43200,1.0
99037,99044,99361,7,317,1,3600,1.02208201893
99044,99050,99142,6,92,1,1800,1.0652173913
99171,99177,106333,6,7156,2,14400,1.00083845724
99174,99184,99525,10,341,1,3600,1.0293255132
99568,99574,106316,6,6742,2,14400,1.00088994364
99590,99597,99981,7,384,1,1800,1.01822916667
99611,99617,100231,6,614,1,3600,1.00977198697
99725,99731,106358,6,6627,2,14400,1.00090538705
99763,99770,100398,7,628,1,3600,1.01114649682
100255,100262,106559,7,6297,2,14400,1.00111164046
100313,100319,107188,6,6869,2,14400,1.00087348959
100522,100529,107223,7,6694,2,14400,1.00104571258
100623,100629,100636,6,7,1,1800,1.3
100706,100712,100718,6,6,1,3600,1.2
100776,100782,100821,6,39,1,1800,1.15384615385
100804,100812,108754,8,7942,2,14400,1.00100730295
100828,100835,100917,7,82,1,3600,1.08536585366
100844,100851,107603,7,6752,2,14400,1.00103672986
100859,100865,107888,6,7023,2,14400,1.00085433575
100910,100916,108362,6,7446,2,14400,1.00080580177
100925,100931,107312,6,6381,2,14400,1.00094029149
101030,101036,101117,6,81,1,1800,1.07407407407
101049,101055,101361,6,306,1,3600,1.01960784314
101062,101068,108005,6,6937,2,14400,1.0008649272
101122,101129,107814,7,6685,2,14400,1.00104712042
101172,101184,108345,12,7161,2,14400,1.00167574361
101211,101218,101396,7,178,1,3600,1.0393258427
101233,101240,107555,7,6315,2,14400,1.00110847189
101235,101247,107667,12,6420,2,14400,1.00186915888
101328,101334,108486,6,7152,2,14400,1.00083892617
101358,101366,108266,8,6900,2,14400,1.00115942029
101434,101440,108595,6,7155,2,14400,1.00083857442
101449,101455,108642,6,7187,2,14400,1.00083484068
101464,101470,107791,6,6321,2,14400,1.0009492169
101482,101488,108260,6,6772,2,14400,1.00088600118
101498,101504,108292,6,6788,2,14400,1.00088391279
101499,101510,108492,11,6982,2,14400,1.00157547981
101501,101516,109044,15,7528,2,14400,1.00199256111
101521,101529,101799,8,270,1,3600,1.02962962963
101547,101553,109033,6,7480,2,14400,1.00080213904
101680,101686,102218,6,532,1,3600,1.01127819549
101706,101712,108626,6,6914,2,14400,1.00086780445
101745,101752,107918,7,6166,2,14400,1.00113525787
101846,101852,102114,6,262,1,1800,1.02290076336
102026,102032,109665,6,7633,2,14400,1.00078606053
102096,102103,102566,7,463,1,3600,1.0151187905
102380,102386,108514,6,6128,2,14400,1.00097911227
106317,106324,113325,7,7001,2,14400,1.00099985716
106335,106341,113543,6,7202,2,14400,1.00083310192
106359,106366,112907,7,6541,2,14400,1.00107017276
106374,106380,106454,6,74,1,1800,1.08108108108
106561,106568,113274,7,6706,2,14400,1.00104384134
106674,106680,106772,6,92,1,1800,1.0652173913
106776,106783,113501,7,6718,2,14400,1.00104197678
107214,107220,113883,6,6663,2,14400,1.00090049527
107232,107241,107606,9,365,1,1800,1.02465753425
107314,107321,114088,7,6767,2,14400,1.0010344318
107341,107348,114231,7,6883,2,14400,1.0010169984
107603,107610,114447,7,6837,2,14400,1.00102384087
107669,107675,114678,6,7003,2,14400,1.00085677567
107723,107730,115222,7,7492,2,14400,1.00093432995
107818,107824,114320,6,6496,2,14400,1.00092364532
107890,107896,114408,6,6512,2,14400,1.00092137592
107924,107930,114153,6,6223,2,14400,1.00096416519
108005,108011,115026,6,7015,2,14400,1.00085531005
108119,108126,114702,7,6576,2,14400,1.00106447689
108277,108283,114793,6,6510,2,14400,1.00092165899
108295,108301,114965,6,6664,2,14400,1.00090036014
108341,108347,114984,6,6637,2,14400,1.0009040229
108365,108371,115375,6,7004,2,14400,1.00085665334
108489,108495,115159,6,6664,2,14400,1.00090036014
108504,108510,115196,6,6686,2,14400,1.00089739755
108520,108525,114546,5,6021,2,14400,1.00083042684
108521,108532,115794,11,7262,2,14400,1.00151473423
108628,108634,115553,6,6919,2,14400,1.00086717734
108643,108649,115860,6,7211,2,14400,1.00083206213
108683,108689,108729,6,40,1,1800,1.15
108740,108746,115325,6,6579,2,14400,1.0009119927
108955,108961,109037,6,76,1,1800,1.07894736842
109035,109041,116124,6,7083,2,14400,1.00084709869
109050,109056,115699,6,6643,2,14400,1.00090320638
109625,109631,113194,6,3563,64,23400,1.00168397418
109625,109637,110365,12,728,16,23400,1.01648351648
109667,109674,116993,7,7319,2,14400,1.00095641481
110132,110139,110388,7,249,1,1800,1.0281124498
112912,112919,119984,7,7065,2,14400,1.00099079972
113277,113283,120071,6,6788,2,14400,1.00088391279
113328,113334,120248,6,6914,2,14400,1.00086780445
113343,113349,120440,6,7091,2,14400,1.000846143
113545,113551,120831,6,7280,2,14400,1.00082417582
113653,113660,120649,7,6989,2,14400,1.0010015739
113938,113945,120040,7,6095,2,14400,1.00114848236
114080,114086,114740,6,654,16,23400,1.00917431193
114116,114122,121485,6,7363,2,14400,1.00081488524
114195,114201,121352,6,7151,2,14400,1.00083904349
114315,114322,120927,7,6605,2,14400,1.00105980318
114351,114357,121211,6,6854,2,14400,1.00087540123
114449,114455,121376,6,6921,2,14400,1.00086692674
114467,114473,121521,6,7048,2,14400,1.00085130533
114681,114688,122350,7,7662,2,14400,1.00091359958
114706,114712,121280,6,6568,2,14400,1.0009135201
114736,114742,121402,6,6660,2,14400,1.0009009009
114883,114889,121504,6,6615,2,14400,1.00090702948
114986,114992,122411,6,7419,2,14400,1.00080873433
115028,115034,121583,6,6549,2,14400,1.00091617041
115114,115120,136754,6,21634,24,21599,1.00027734122
115158,115164,122317,6,7153,2,14400,1.00083880889
115200,115206,122006,6,6800,2,14400,1.00088235294
115224,115230,121858,6,6628,2,14400,1.00090525045
115233,115239,134614,6,19375,20,21599,1.00030967742
115280,115287,122502,7,7215,20,7199,1.00097020097
115327,115333,122314,6,6981,2,14400,1.00085947572
115339,115345,115456,6,111,1,300,1.05405405405
117502,117508,117510,6,2,1,25200,1.0
117502,117519,117520,17,1,1,25200,1.8
117503,117525,118024,22,499,1,25200,1.04408817635
117503,117531,117532,28,1,1,25200,2.9
117504,117542,117543,38,1,1,25200,3.9
117504,117548,117549,44,1,1,25200,4.5
117505,117570,117718,65,148,1,25200,1.43918918919
117505,117564,117565,59,1,1,25200,6.0
117506,117586,117587,80,1,1,25200,8.1
117506,117575,117911,69,336,1,25200,1.20535714286
117507,117603,117681,96,78,1,25200,2.23076923077
117507,117597,117614,90,17,1,25200,6.29411764706
117508,117619,117620,111,1,1,25200,11.2
117508,117614,117617,106,3,1,25200,10.9
117508,117608,117773,100,165,1,25200,1.60606060606
117509,117625,117643,116,18,1,25200,7.44444444444
117510,117647,117710,137,63,1,25200,3.1746031746
117511,117659,118334,148,675,1,25200,1.21925925926
117511,117670,117684,159,14,1,25200,12.3571428571
117511,117675,117676,164,1,1,25200,16.5
117511,117664,120497,153,2833,1,25200,1.05400635369
117512,117681,118281,169,600,1,25200,1.28166666667
117512,117692,118451,180,759,1,25200,1.2371541502
117513,117703,117704,190,1,1,25200,19.1
117513,117709,121055,196,3346,1,25200,1.05857740586
117514,117720,117730,206,10,1,25200,21.6
117516,117726,117727,210,1,1,25200,21.1
117517,121767,136141,4250,14374,1,25200,1.29567274245
117518,121778,121817,4260,39,1,25200,110.230769231
117519,117752,117782,233,30,1,25200,8.76666666667
117519,117757,117760,238,3,1,25200,24.1
117520,117762,117763,242,1,1,25200,24.3
117520,117768,117770,248,2,1,25200,25.0
117520,117773,117774,253,1,1,25200,25.4
117521,117795,117796,274,1,1,25200,27.5
117521,117784,117785,263,1,1,25200,26.4
117521,117790,117794,269,4,1,25200,27.3
117522,117809,117811,287,2,1,25200,28.9
117522,117820,117821,298,1,1,25200,29.9
117523,117836,117849,313,13,1,25200,25.0769230769
117523,117830,117831,307,1,1,25200,30.8
117523,117825,117831,302,6,1,25200,30.8
117524,117852,117853,328,1,1,25200,32.9
117525,117858,117864,333,6,1,25200,33.9
117526,117904,119508,378,1604,1,25200,1.23566084788
117526,117909,117947,383,38,1,25200,11.0789473684
117527,117925,117926,398,1,1,25200,39.9
117527,117920,117922,393,2,1,25200,39.5
117528,117936,118411,408,475,1,25200,1.85894736842
117529,117947,117948,418,1,1,25200,41.9
117530,117993,117994,463,1,1,25200,46.4
117531,118021,119240,490,1219,1,25200,1.40196882691
117532,118034,118036,502,2,1,25200,50.4
117534,118079,121872,545,3793,1,25200,1.14368573688
117534,118066,118101,532,35,1,25200,16.2
117534,118074,118345,540,271,1,25200,2.9926199262
117535,118090,118110,555,20,1,25200,28.75
117535,118085,118104,550,19,1,25200,29.9473684211
117536,118101,118102,565,1,1,25200,56.6
117537,118131,118132,594,1,1,25200,59.5
117537,118125,118127,588,2,1,25200,59.0
117538,118141,118142,603,1,1,25200,60.4
117538,118152,118153,614,1,1,25200,61.5
117539,118170,118214,631,44,1,25200,15.3409090909
117539,118158,118160,619,2,1,25200,62.1
117539,118165,118621,626,456,1,25200,2.37280701754
117540,118181,118182,641,1,1,25200,64.2
117541,118197,118198,656,1,1,25200,65.7
117542,118210,118229,668,19,1,25200,36.1578947368
117543,118227,118242,684,15,1,25200,46.6
117543,118234,118236,691,2,1,25200,69.3
117545,118255,118256,710,1,1,25200,71.1
117545,118263,122667,718,4404,1,25200,1.16303360581
117546,118274,118299,728,25,1,25200,30.12
117546,118290,118291,744,1,1,25200,74.5
117546,118279,118280,733,1,1,25200,73.4
117547,118303,118304,756,1,1,25200,75.7
117547,118309,118358,762,49,1,25200,16.5510204082
117548,118314,118315,766,1,1,25200,76.7
117549,118333,118334,784,1,1,25200,78.5
117550,118343,118344,793,1,1,25200,79.4
117551,118361,119050,810,689,1,25200,2.17561683599
117552,118391,118393,839,2,1,25200,84.1
117553,118402,118403,849,1,1,25200,85.0
117553,118407,118408,854,1,1,25200,85.5
117553,118413,118418,860,5,1,25200,86.5
117554,118424,118425,870,1,1,25200,87.1
117554,118431,118453,877,22,1,25200,40.8636363636
117555,118569,118570,1014,1,1,25200,101.5
117556,118582,136141,1026,17559,1,25200,1.05843157355
117556,118577,119290,1021,713,1,25200,2.43197755961
117557,118598,118606,1041,8,1,25200,104.9
117557,118593,118594,1036,1,1,25200,103.7
117558,118442,118443,884,1,1,25200,88.5
117558,118609,118610,1051,1,1,25200,105.2
117558,118615,123335,1057,4720,1,25200,1.22394067797
117559,118453,136144,894,17691,1,25200,1.05053416992
117560,118464,118466,904,2,1,25200,90.6
117560,118469,118470,909,1,1,25200,91.0
117561,118488,118493,927,5,1,25200,93.2
117561,118477,118938,916,461,1,25200,2.98698481562
117562,118499,119129,937,630,1,25200,2.4873015873
117562,118493,118494,931,1,1,25200,93.2
117563,118510,118676,947,166,1,25200,6.70481927711
117563,118523,118524,960,1,1,25200,96.1
117564,118540,136141,976,17601,1,25200,1.05545139481
117565,118559,119946,994,1387,1,25200,1.71665465032
117566,118620,118622,1054,2,1,25200,105.6
117566,118626,118627,1060,1,1,25200,106.1
117567,118643,118678,1076,35,1,25200,31.7428571429
117567,118637,118638,1070,1,1,25200,107.1
117567,118648,118649,1081,1,1,25200,108.2
117568,118659,118660,1091,1,1,25200,109.2
117568,118664,118813,1096,149,1,25200,8.35570469799
117568,118654,118657,1086,3,1,25200,108.9
117570,118699,120423,1129,1724,1,25200,1.65487238979
117570,118694,124297,1124,5603,1,25200,1.20060681778
117570,118705,118760,1135,55,1,25200,21.6363636364
117571,118716,118959,1145,243,1,25200,5.71193415638
117571,118721,118729,1150,8,1,25200,115.8
117572,118738,118741,1166,3,1,25200,116.9
117572,118732,131908,1160,13176,1,25200,1.08803885853
117572,118726,118760,1154,34,1,25200,34.9411764706
117573,118754,118771,1181,17,1,25200,70.4705882353
117573,118743,118746,1170,3,1,25200,117.3
117574,118759,118760,1185,1,1,25200,118.6
117574,118765,118767,1191,2,1,25200,119.3
117576,118800,119195,1224,395,1,25200,4.09873417722
117576,118792,118797,1216,5,1,25200,122.1
117577,118816,118925,1239,109,1,25200,12.3669724771
117577,118810,119243,1233,433,1,25200,3.84757505774
117578,118827,118868,1249,41,1,25200,31.4634146341
117578,118838,118890,1260,52,1,25200,25.2307692308
117579,118849,119307,1270,458,1,25200,3.77292576419
117579,118844,118898,1265,54,1,25200,24.4259259259
117581,118876,118877,1295,1,1,25200,129.6
117582,118895,120219,1313,1324,1,25200,1.9916918429
117583,118911,118912,1328,1,1,25200,132.9
117583,118906,119320,1323,414,1,25200,4.19565217391
117584,118933,119073,1349,140,1,25200,10.6357142857
117585,118951,119512,1366,561,1,25200,3.43493761141
117585,118940,118941,1355,1,1,25200,135.6
117585,118946,118953,1361,7,1,25200,136.8
117586,118962,119397,1376,435,1,25200,4.1632183908
117586,118968,119861,1382,893,1,25200,2.54759238522
117587,118978,118979,1391,1,1,25200,139.2
117588,119003,119005,1415,2,1,25200,141.7
117589,119013,120754,1424,1741,1,25200,1.81792073521
117591,119040,119041,1449,1,1,25200,145.0
117591,119053,119058,1462,5,1,25200,146.7
117592,119069,119070,1477,1,1,25200,147.8
117592,119064,119065,1472,1,1,25200,147.3
117593,119445,119460,1852,15,1,25200,124.466666667
117594,119463,119464,1869,1,1,25200,187.0
117594,119469,120467,1875,998,1,25200,2.87875751503
117595,119474,119475,1879,1,1,25200,188.0
117595,119480,119842,1885,362,1,25200,6.20718232044
117596,119496,121367,1900,1871,1,25200,2.01549973276
117597,119098,119099,1501,1,1,25200,150.2
117598,119109,119110,1511,1,1,25200,151.2
117599,119125,119126,1526,1,1,25200,152.7
117599,119131,119139,1532,8,1,25200,154.0
117600,119147,119334,1547,187,1,25200,9.27272727273
117601,119165,119166,1564,1,1,25200,156.5
117601,119154,119205,1553,51,1,25200,31.4509803922
117602,119181,119182,1579,1,1,25200,158.0
117602,119170,119171,1568,1,1,25200,156.9
117603,119198,136141,1595,16943,1,25200,1.09413917252
117603,117735,118553,132,818,16,23400,1.16136919315
117604,119216,120244,1612,1028,1,25200,2.56809338521
117605,119238,119239,1633,1,1,25200,163.4
117605,119227,125097,1622,5870,1,25200,1.27632027257
117606,119249,119252,1643,3,1,25200,164.6
117607,119267,119273,1660,6,1,25200,166.6
117608,119278,119282,1670,4,1,25200,167.4
117609,119300,119301,1691,1,1,25200,169.2
117609,119294,119295,1685,1,1,25200,168.6
117610,119316,120780,1706,1464,1,25200,2.16530054645
117611,119334,119335,1723,1,1,25200,172.4
117611,119329,119331,1718,2,1,25200,172.0
117611,119324,119801,1713,477,1,25200,4.59119496855
117612,119351,119353,1739,2,1,25200,174.1
117612,119340,126786,1728,7446,1,25200,1.23207091056
117613,119361,119362,1748,1,1,25200,174.9
117615,119383,119384,1768,1,1,25200,176.9
117615,119390,119391,1775,1,1,25200,177.6
117616,119412,119413,1796,1,1,25200,179.7
117616,119407,119409,1791,2,1,25200,179.3
117617,119428,119440,1811,12,1,25200,151.916666667
117618,119501,119502,1883,1,1,25200,188.4
117619,119525,119526,1906,1,1,25200,190.7
117619,119512,119513,1893,1,1,25200,189.4
117620,119536,120222,1916,686,1,25200,3.79300291545
117621,119552,119553,1931,1,1,25200,193.2
117621,119547,119558,1926,11,1,25200,176.090909091
117622,119569,119576,1947,7,1,25200,195.4
117623,119587,119914,1964,327,1,25200,7.00611620795
117624,119604,119710,1980,106,1,25200,19.679245283
117625,119614,119615,1989,1,1,25200,199.0
117626,119637,119638,2011,1,1,25200,201.2
117627,119648,119649,2021,1,1,25200,202.2
117628,119670,119671,2042,1,1,25200,204.3
117629,119677,119678,2048,1,1,25200,204.9
117630,119704,119705,2074,1,1,25200,207.5
117632,119738,119739,2106,1,1,25200,210.7
117633,119744,120508,2111,764,1,25200,3.76308900524
117634,119765,119766,2131,1,1,25200,213.2
117636,119800,119801,2164,1,1,25200,216.5
117637,119818,119883,2181,65,1,25200,34.5538461538
117639,119845,119846,2206,1,1,25200,220.7
117640,119869,119870,2229,1,1,25200,223.0
117640,119861,119862,2221,1,1,25200,222.2
117641,119886,119887,2245,1,1,25200,224.6
117642,119896,119897,2254,1,1,25200,225.5
117643,119920,119926,2277,6,1,25200,228.3
117643,119907,119908,2264,1,1,25200,226.5
117645,119942,119944,2297,2,1,25200,229.9
117646,119958,119959,2312,1,1,25200,231.3
117647,119983,120078,2336,95,1,25200,25.5894736842
117647,119988,119989,2341,1,1,25200,234.2
117648,119999,120006,2351,7,1,25200,235.8
117649,120010,120365,2361,355,1,25200,7.65070422535
117650,120037,120038,2387,1,1,25200,238.8
117650,120032,120125,2382,93,1,25200,26.6129032258
117652,120061,120120,2409,59,1,25200,41.8305084746
117652,120077,120078,2425,1,1,25200,242.6
117652,120067,120075,2415,8,1,25200,242.3
117653,120088,120215,2435,127,1,25200,20.1732283465
117653,120083,120084,2430,1,1,25200,243.1
117656,120126,120129,2470,3,1,25200,247.3
117656,120134,120230,2478,96,1,25200,26.8125
117657,120145,120150,2488,5,1,25200,249.3
117657,120150,133655,2493,13505,1,25200,1.18459829693
117658,120166,120167,2508,1,1,25200,250.9
117658,120172,120175,2514,3,1,25200,251.7
117658,120161,120170,2503,9,1,25200,251.2
117659,120177,120444,2518,267,1,25200,10.4307116105
117661,120204,120205,2543,1,1,25200,254.4
117662,120222,120223,2560,1,1,25200,256.1
117662,120228,120231,2566,3,1,25200,256.9
117663,120249,120329,2586,80,1,25200,33.325
117665,117741,118031,76,290,2,3600,1.26206896552
117665,120276,120918,2611,642,1,25200,5.06697819315
117666,120301,128561,2635,8260,1,25200,1.31900726392
117666,120292,120880,2626,588,1,25200,5.46598639456
117667,120306,120418,2639,112,1,25200,24.5625
117667,120312,120908,2645,596,1,25200,5.43791946309
117668,120333,120334,2665,1,1,25200,266.6
117668,120328,120330,2660,2,1,25200,266.2
117668,120323,126009,2655,5686,1,25200,1.46693633486
117669,120350,125103,2681,4753,1,25200,1.56406480118
117669,120344,120364,2675,20,1,25200,134.75
117669,120355,122756,2686,2401,1,25200,2.11870054144
117670,120360,120361,2690,1,1,25200,269.1
117671,120366,120406,2695,40,1,25200,68.375
117672,120387,120388,2715,1,1,25200,271.6
117673,120411,126153,2738,5742,1,25200,1.47683733891
117673,120405,120406,2732,1,1,25200,273.3
117674,120427,120429,2753,2,1,25200,275.5
117674,120421,121378,2747,957,1,25200,3.87042842215
117675,120432,120993,2757,561,1,25200,5.91443850267
117675,120443,120449,2768,6,1,25200,277.4
117676,120459,120460,2783,1,1,25200,278.4
117677,120478,120480,2801,2,1,25200,280.3
117678,120488,120495,2810,7,1,25200,281.7
117679,120505,120506,2826,1,1,25200,282.7
117679,120510,120637,2831,127,1,25200,23.2913385827
117679,120499,124717,2820,4218,1,25200,1.66856330014
117680,120516,120520,2836,4,1,25200,284.0
117681,120532,120537,2851,5,1,25200,285.6
117681,120537,120538,2856,1,1,25200,285.7
117683,120578,120579,2895,1,1,25200,289.6
117683,120567,120568,2884,1,1,25200,288.5
117684,120583,120584,2899,1,1,25200,290.0
117684,120594,120595,2910,1,1,25200,291.1
117685,120987,128727,3302,7740,1,25200,1.42661498708
117685,120994,120995,3309,1,1,25200,331.0
117685,120605,120796,2920,191,1,25200,16.2879581152
117686,121011,121012,3325,1,1,25200,332.6
117686,121005,121050,3319,45,1,25200,74.7555555556
117689,121120,121121,3431,1,1,25200,343.2
117690,121577,121580,3887,3,1,25200,389.0
117690,120616,120617,2926,1,1,25200,292.7
117691,120633,120635,2942,2,1,25200,294.4
117692,120643,136141,2951,15498,1,25200,1.19041166602
117693,120654,120655,2961,1,1,25200,296.2
117693,120663,120664,2970,1,1,25200,297.1
117693,120669,120670,2976,1,1,25200,297.7
117694,120690,120691,2996,1,1,25200,299.7
117694,120674,120690,2980,16,1,25200,187.25
117694,120685,120686,2991,1,1,25200,299.2
117694,120679,120680,2985,1,1,25200,298.6
117695,120696,122709,3001,2013,1,25200,2.49080973671
117695,120701,121143,3006,442,1,25200,7.80090497738
117695,120707,134220,3012,13513,1,25200,1.22289647007
117696,120723,120724,3027,1,1,25200,302.8
117696,120718,120818,3022,100,1,25200,31.22
117697,120740,120813,3043,73,1,25200,42.6849315068
117698,120750,120751,3052,1,1,25200,305.3
117699,120775,136141,3076,15366,1,25200,1.20018222049
117699,120769,120770,3070,1,1,25200,307.1
117699,120764,121569,3065,805,1,25200,4.80745341615
117700,120786,120789,3086,3,1,25200,308.9
117701,120802,122768,3101,1966,1,25200,2.57731434385
117701,120807,120808,3106,1,1,25200,310.7
117702,120818,120819,3116,1,1,25200,311.7
117703,120843,121442,3140,599,1,25200,6.24207011686
117704,120848,120851,3144,3,1,25200,314.7
117704,120853,120854,3149,1,1,25200,315.0
117705,120864,121536,3159,672,1,25200,5.70089285714
117706,120886,120888,3180,2,1,25200,318.2
117706,120900,120901,3194,1,1,25200,319.5
117706,120912,120913,3206,1,1,25200,320.7
117707,120941,120943,3234,2,1,25200,323.6
117707,120920,120926,3213,6,1,25200,321.9
117707,120934,126177,3227,5243,1,25200,1.61548731642
117708,120946,120947,3238,1,1,25200,323.9
117708,120952,120953,3244,1,1,25200,324.5
117709,120964,120968,3255,4,1,25200,325.9
117709,120976,136113,3267,15137,1,25200,1.21582876396
117709,120969,121219,3260,250,1,25200,14.04
117710,121597,122886,3887,1289,1,25200,4.0155159038
117711,121602,121613,3891,11,1,25200,354.727272727
117711,121613,121614,3902,1,1,25200,390.3
117711,121608,121630,3897,22,1,25200,178.136363636
117712,121626,121648,3914,22,1,25200,178.909090909
117713,121645,121648,3932,3,1,25200,393.5
117713,121664,121681,3951,17,1,25200,233.411764706
117713,121650,136141,3937,14491,1,25200,1.27168587399
117714,121669,121670,3955,1,1,25200,395.6
117716,121161,121162,3445,1,1,25200,344.6
117716,121144,121145,3428,1,1,25200,342.9
117716,121154,121430,3438,276,1,25200,13.4565217391
117718,121209,121210,3491,1,1,25200,349.2
117718,121229,121230,3511,1,1,25200,351.2
117719,121246,121250,3527,4,1,25200,353.1
117719,121234,136141,3515,14907,1,25200,1.23579526397
117720,121259,121265,3539,6,1,25200,354.5
117720,121266,122449,3546,1183,1,25200,3.99746407439
117721,121278,121282,3557,4,1,25200,356.1
117722,121297,121298,3575,1,1,25200,357.6
117722,121292,121443,3570,151,1,25200,24.642384106
117724,121382,121388,3658,6,1,25200,366.4
117725,121420,122093,3695,673,1,25200,6.49034175334
117725,121425,121426,3700,1,1,25200,370.1
117726,121448,121451,3722,3,1,25200,372.5
117726,121461,121468,3735,7,1,25200,374.2
117726,121456,136142,3730,14686,1,25200,1.25398338554
117727,121472,121473,3745,1,1,25200,374.6
117727,121467,121469,3740,2,1,25200,374.2
117728,121491,121492,3763,1,1,25200,376.4
117728,121478,121744,3750,266,1,25200,15.0977443609
117729,121509,121740,3780,231,1,25200,17.3636363636
117730,121514,121553,3784,39,1,25200,98.0256410256
117730,121520,136144,3790,14624,1,25200,1.25916301969
117730,121525,121529,3795,4,1,25200,379.9
117731,121549,121553,3818,4,1,25200,382.2
117731,121554,121627,3823,73,1,25200,53.3698630137
117732,121565,124111,3833,2546,1,25200,2.50549882168
117732,121560,121587,3828,27,1,25200,142.777777778
117733,121702,122811,3969,1109,1,25200,4.57889990983
117733,121696,121756,3963,60,1,25200,67.05
117734,121739,121741,4005,2,1,25200,400.7
117734,121731,122388,3997,657,1,25200,7.08371385084
117734,121720,121721,3986,1,1,25200,398.7
117735,121745,121746,4010,1,1,25200,401.1
117736,121810,121811,4074,1,1,25200,407.5
117736,121799,121800,4063,1,1,25200,406.4
117737,121816,129375,4079,7559,1,25200,1.53962164307
117737,121824,121827,4087,3,1,25200,409.0
117737,121829,121832,4092,3,1,25200,409.5
117738,121835,121836,4097,1,1,25200,409.8
117738,121840,136142,4102,14302,1,25200,1.28681303314
117739,121851,121852,4112,1,1,25200,411.3
117740,121878,121879,4138,1,1,25200,413.9
117741,121889,121890,4148,1,1,25200,414.9
117742,121936,121942,4194,6,1,25200,420.0
117742,121941,121942,4199,1,1,25200,420.0
117743,121958,121959,4215,1,1,25200,421.6
117743,121947,121956,4204,9,1,25200,421.3
117743,121952,121953,4209,1,1,25200,421.0
117744,121974,121975,4230,1,1,25200,423.1
117744,121963,121964,4219,1,1,25200,422.0
117745,121980,122126,4235,146,1,25200,30.0068493151
117745,121985,121988,4240,3,1,25200,424.3
117748,122037,122038,4289,1,1,25200,429.0
117748,122042,122043,4294,1,1,25200,429.5
117748,122048,123277,4300,1229,1,25200,4.49877949552
117749,122059,122191,4310,132,1,25200,33.6515151515
117749,122064,122094,4315,30,1,25200,144.833333333
117749,122053,122055,4304,2,1,25200,430.6
117750,122070,122071,4320,1,1,25200,432.1
117750,122075,122091,4325,16,1,25200,271.3125
117751,122086,122087,4335,1,1,25200,433.6
117751,122097,122098,4346,1,1,25200,434.7
117751,122092,122161,4341,69,1,25200,63.9130434783
117754,122144,122342,4390,198,1,25200,23.1717171717
117754,122133,122371,4379,238,1,25200,19.3991596639
117755,122149,122153,4394,4,1,25200,439.8
117755,122155,122157,4400,2,1,25200,440.2
117755,122160,122161,4405,1,1,25200,440.6
117756,122166,136141,4410,13975,1,25200,1.31556350626
117758,122224,122237,4466,13,1,25200,344.538461538
117759,122229,122230,4470,1,1,25200,447.1
117760,122245,122246,4485,1,1,25200,448.6
117760,122256,122297,4496,41,1,25200,110.658536585
117760,122251,123142,4491,891,1,25200,6.0404040404
117761,122267,122268,4506,1,1,25200,450.7
117763,122296,122309,4533,13,1,25200,349.692307692
117763,122302,122316,4539,14,1,25200,325.214285714
117764,123104,123105,5340,1,1,25200,534.1
117765,122307,122308,4542,1,1,25200,454.3
117767,122334,122335,4567,1,1,25200,456.8
117768,122345,122346,4577,1,1,25200,457.8
117768,122370,122371,4602,1,1,25200,460.3
117769,122375,127384,4606,5009,1,25200,1.91954481933
117769,122380,122381,4611,1,1,25200,461.2
117769,122386,122387,4617,1,1,25200,461.8
117769,122391,122392,4622,1,1,25200,462.3
117770,122402,122476,4632,74,1,25200,63.5945945946
117772,122729,125370,4957,2641,1,25200,2.87694055282
117772,122718,122719,4946,1,1,25200,494.7
117773,122735,123186,4962,451,1,25200,12.0022172949
117773,122740,124808,4967,2068,1,25200,3.40183752418
117774,122757,127653,4983,4896,1,25200,2.01776960784
117774,122751,122758,4977,7,1,25200,498.4
117774,122762,122768,4988,6,1,25200,499.4
117775,122773,130013,4998,7240,1,25200,1.69033149171
117775,122768,122769,4993,1,1,25200,499.4
117776,122784,122785,5008,1,1,25200,500.9
117776,122795,122798,5019,3,1,25200,502.2
117777,122454,124613,4677,2159,1,25200,3.1662806855
117777,122459,122463,4682,4,1,25200,468.6
117778,122465,122466,4687,1,1,25200,468.8
117778,122470,122471,4692,1,1,25200,469.3
117778,122476,136141,4698,13665,1,25200,1.34379802415
117779,122481,123055,4702,574,1,25200,9.19163763066
117780,122492,122493,4712,1,1,25200,471.3
117780,122503,122504,4723,1,1,25200,472.4
117781,122528,122537,4747,9,1,25200,475.6
117782,122533,126664,4751,4131,1,25200,2.15008472525
117782,122539,124271,4757,1732,1,25200,3.74653579677
117783,122561,122564,4778,3,1,25200,478.1
117783,122555,136141,4772,13586,1,25200,1.35124392757
117783,122550,122713,4767,163,1,25200,30.245398773
117784,122566,122782,4782,216,1,25200,23.1388888889
117784,122577,125083,4793,2506,1,25200,2.91260973663
117784,122572,124473,4788,1901,1,25200,3.5186743819
117785,122583,126830,4798,4247,1,25200,2.12973863904
117785,122594,122632,4809,38,1,25200,127.552631579
117785,122588,122590,4803,2,1,25200,480.5
117787,122610,122611,4823,1,1,25200,482.4
117787,122616,122629,4829,13,1,25200,372.461538462
117787,122605,129859,4818,7254,1,25200,1.66418527709
117787,122599,122601,4812,2,1,25200,481.4
117788,122633,122638,4845,5,1,25200,485.0
117788,122627,122879,4839,252,1,25200,20.2023809524
117788,122622,122624,4834,2,1,25200,483.6
117789,122638,122640,4849,2,1,25200,485.1
117789,122649,122651,4860,2,1,25200,486.2
117789,122644,125013,4855,2369,1,25200,3.0493879274
117790,122666,123988,4876,1322,1,25200,4.68835098336
117790,122660,122661,4870,1,1,25200,487.1
117790,122655,123248,4865,593,1,25200,9.20404721754
117791,122671,122672,4880,1,1,25200,488.1
117792,122698,122699,4906,1,1,25200,490.7
117792,122707,122708,4915,1,1,25200,491.6
117793,122713,128495,4920,5782,1,25200,1.85091663784
117794,122825,122888,5031,63,1,25200,80.8571428571
117795,122847,125659,5052,2812,1,25200,2.79658605974
117795,122842,122971,5047,129,1,25200,40.1240310078
117795,122836,122840,5041,4,1,25200,504.5
117796,122853,122860,5057,7,1,25200,506.4
117797,122875,136142,5078,13267,1,25200,1.38275420216
117797,122869,122870,5072,1,1,25200,507.3
117797,122880,123497,5083,617,1,25200,9.23824959481
117798,122892,122896,5094,4,1,25200,509.8
117799,122897,122900,5098,3,1,25200,510.1
117800,122913,122998,5113,85,1,25200,61.1529411765
117801,122943,126674,5142,3731,1,25200,2.37818279282
117802,122960,124967,5158,2007,1,25200,3.57000498256
117802,122949,123288,5147,339,1,25200,16.1828908555
117803,122976,124253,5173,1277,1,25200,5.05090054816
117803,122965,123045,5162,80,1,25200,65.525
117804,122982,122988,5178,6,1,25200,518.4
117804,122987,124703,5183,1716,1,25200,4.0203962704
117805,122992,122993,5187,1,1,25200,518.8
117805,123004,123037,5199,33,1,25200,158.545454545
117805,122998,127104,5193,4106,1,25200,2.26473453483
117807,123025,123026,5218,1,1,25200,521.9
117807,123036,123037,5229,1,1,25200,523.0
117807,123044,123045,5237,1,1,25200,523.8
117808,123050,123162,5242,112,1,25200,47.8035714286
117808,123055,123056,5247,1,1,25200,524.8
117808,123061,123065,5253,4,1,25200,525.7
117809,123066,123067,5257,1,1,25200,525.8
117810,123083,123096,5273,13,1,25200,406.615384615
117810,123118,126563,5308,3445,1,25200,2.54078374456
117810,123124,123128,5314,4,1,25200,531.8
117811,123134,123135,5323,1,1,25200,532.4
117812,123145,123403,5333,258,1,25200,21.6705426357
117855,117882,124703,27,6821,2,14400,1.00395836388
117857,117887,124621,30,6734,2,14400,1.00445500446
117859,117955,125167,96,7212,2,14400,1.01331114809
117861,117961,124533,100,6572,2,14400,1.01521606817
117864,117966,124426,102,6460,2,14400,1.01578947368
117866,117972,124463,106,6491,2,14400,1.0163303035
117868,117977,124397,109,6420,2,14400,1.01697819315
117956,118028,118551,72,523,2,3600,1.13766730402
120801,120893,121720,92,827,16,23400,1.11124546554
121015,121066,124905,51,3839,2,172800,1.01328470956
121287,121375,124217,88,2842,4,345600,1.03096410978
121380,121401,126769,21,5368,4,345600,1.00391207154
121524,121537,128669,13,7132,2,14400,1.00182277061
121576,121590,128569,14,6979,2,14400,1.00200601805
121626,121633,128639,7,7006,2,14400,1.00099914359
121877,121931,128631,54,6700,2,14400,1.00805970149
122200,122218,129173,18,6955,2,14400,1.00258806614
122320,122364,129357,44,6993,2,14400,1.00629200629
122353,122443,129957,90,7514,2,14400,1.01197764174
122411,122448,129874,37,7426,2,14400,1.00498249394
123954,123960,123984,6,24,6,432000,1.25
124063,124069,556084,6,432015,6,432000,1.00001388841
124401,124407,131601,6,7194,2,14400,1.00083402836
124428,124434,131124,6,6690,2,14400,1.00089686099
124464,124470,131864,6,7394,2,14400,1.00081146876
124536,124543,131268,7,6725,2,14400,1.00104089219
124624,124631,131802,7,7171,2,14400,1.00097615395
124707,124714,131558,7,6844,2,14400,1.00102279369
125027,125033,131894,6,6861,2,14400,1.00087450809
125235,125241,131693,6,6452,2,14400,1.0009299442
125425,125431,126204,6,773,8,3600,1.00776196636
125718,125724,126602,6,878,8,3600,1.00683371298
125786,129341,130168,3555,827,16,23400,5.29866989117
125787,128643,132220,2856,3577,64,23400,1.79843444227
128130,130944,158996,2814,28052,8,43200,1.10031370312
128624,128630,136624,6,7994,2,14400,1.00075056292
128641,128655,135364,14,6709,2,14400,1.00208674914
128660,129885,139713,1225,9828,14,43200,1.12464387464
128676,128683,135073,7,6390,2,14400,1.00109546166
128692,128705,135498,13,6793,2,14400,1.00191373473
128962,128968,129856,6,888,8,3600,1.00675675676
129365,129372,136271,7,6899,2,14400,1.0010146398
129392,129399,136408,7,7009,2,14400,1.00099871594
129962,129968,137085,6,7117,2,14400,1.00084305185
130141,130180,130946,39,766,8,3600,1.05091383812
130144,130186,130932,42,746,8,3600,1.0563002681
130899,132231,139471,1332,7240,20,7199,1.18397790055
131127,131133,138099,6,6966,2,14400,1.00086132644
131271,131278,137954,7,6676,2,14400,1.00104853206
131564,131571,134472,7,2901,2,14400,1.00241296105
131604,131610,138367,6,6757,2,14400,1.00088796803
131699,131705,138895,6,7190,2,14400,1.00083449235
131780,131786,139052,6,7266,2,14400,1.00082576383
131867,131873,138179,6,6306,2,14400,1.00095147479
131897,131903,139432,6,7529,2,14400,1.00079691858
132346,132352,132467,6,115,8,3600,1.05217391304
132350,132358,132473,8,115,8,3600,1.06956521739
132493,132500,133411,7,911,8,3600,1.00768386389
132497,132506,133345,9,839,8,3600,1.01072705602
133155,133161,140090,6,6929,2,14400,1.00086592582
133561,133567,149407,6,15840,4,172800,1.00037878788
133695,133701,305670,6,171969,4,172800,1.00003489001
133786,133792,134652,6,860,8,3600,1.00697674419
133789,133798,134612,9,814,8,3600,1.01105651106
134120,134126,134144,6,18,1,3600,1.33333333333
134386,134392,206428,6,72036,1,72000,1.00008329169
140542,141783,149000,1241,7217,20,7199,1.171955106
140615,141788,148997,1173,7209,20,7199,1.16271327507
141015,142526,149741,1511,7215,24,7199,1.20942480942
141534,141707,150139,173,8432,2,14400,1.0205170778
141534,141755,147481,221,5726,1,18000,1.03859587845
141534,141685,147964,151,6279,2,14400,1.02404841535
141534,141567,188630,33,47063,16,57600,1.00070118777
141534,141696,148333,162,6637,2,14400,1.02440861835
141534,141744,148382,210,6638,2,14400,1.03163603495
141534,141772,143389,238,1617,4,1800,1.14718614719
141534,141777,143374,243,1597,4,36120,1.15216030056
141534,141545,142422,11,877,8,3600,1.01254275941
141534,141540,142353,6,813,8,3600,1.0073800738
141534,141760,141770,226,10,1,604800,23.6
141534,141556,141557,22,1,2,21600,2.3
141534,141551,141552,17,1,2,21600,1.8
141534,141734,148698,200,6964,2,14400,1.02871912694
141534,141674,148974,140,7300,2,14400,1.01917808219
141534,141717,148971,183,7254,2,14400,1.02522746071
141534,141701,148957,167,7256,2,14400,1.0230154355
141534,141723,148909,189,7186,2,14400,1.02630114111
141534,141739,148726,205,6987,2,14400,1.02934020323
141534,141562,155969,28,14407,32,14400,1.00194349969
141534,141680,148404,146,6724,2,14400,1.02171326591
141534,141767,147409,233,5642,1,39540,1.04129741227
141534,141691,148518,157,6827,2,14400,1.02299692398
141534,141712,149081,178,7369,2,14400,1.02415524495
141534,141750,148487,216,6737,2,14400,1.03206174855
141534,141728,148545,194,6817,2,14400,1.0284582661
142176,142182,142183,6,1,1,900,1.0
142212,142218,208220,6,66002,1,72000,1.00009090634
142358,142364,147079,6,4715,2,14400,1.00127253446
142555,149036,159576,6481,10540,64,23400,1.61489563567
143113,149769,156973,6656,7204,8,7200,1.92393114936
143354,143360,158018,6,14658,4,36000,1.00040933279
143429,149097,163688,5668,14591,4,18000,1.38845863889
143693,144760,165528,1067,20768,2,43200,1.05137711864
144558,146862,172240,2304,25378,2,43200,1.09078729608
144748,144754,144896,6,142,1,244800,1.04225352113
144929,150155,157394,5226,7239,8,7200,1.72192291753
145398,145404,145406,6,2,1,604800,1.0
145575,145581,145588,6,7,1,604800,1.3
145600,145606,146861,6,1255,1,604800,1.00478087649
146481,146487,146493,6,6,2,36000,1.2
147077,147084,172675,7,25591,2,43200,1.00027353366
147250,148396,148398,1146,2,1,3600,114.8
147257,149014,214694,1757,65680,10,68400,1.02675091352
147327,148409,148410,1082,1,1,3600,108.3
147426,149008,149362,1582,354,4,3600,5.46892655367
147509,149019,149025,1510,6,2,36000,151.6
147820,149374,178349,1554,28975,4,72000,1.05363244176
147857,149418,178148,1561,28730,4,36000,1.05433344936
148028,148034,155150,6,7116,2,14400,1.00084317032
148351,148357,155077,6,6720,2,14400,1.00089285714
148406,148416,154855,10,6439,2,14400,1.00155303619
148470,149025,154244,555,5219,1,7140,1.10634221115
148490,148497,154800,7,6303,2,14400,1.00111058226
148521,148528,155158,7,6630,2,14400,1.00105580694
148523,148536,155073,13,6537,2,14400,1.00198867982
148598,148605,155177,7,6572,2,14400,1.00106512477
148728,148734,155314,6,6580,2,14400,1.0009118541
148729,148742,155850,13,7108,2,14400,1.00182892515
148830,149030,178128,200,29098,2,43200,1.00687332463
148960,148966,155723,6,6757,2,14400,1.00088796803
148979,148986,155675,7,6689,2,14400,1.00104649424
148981,148992,155525,11,6533,2,14400,1.00168375938
149029,149042,156255,13,7213,2,14400,1.0018023014
149166,149172,156028,6,6856,2,14400,1.00087514586
149436,157406,164625,7970,7219,20,7199,2.10403102923
149485,159007,166235,9522,7228,20,7199,2.31737686774
149524,149752,150610,228,858,4,36000,1.26573426573
149677,149758,150580,81,822,4,36000,1.09854014599
149704,149763,158070,59,8307,2,43200,1.00710244372
149858,159587,161535,9729,1948,10,7199,5.99435318275
150290,155987,159620,5697,3633,16,3600,2.5681255161
150602,150609,150622,7,13,1,3600,1.53846153846
150662,151493,187525,831,36032,4,36000,1.02306283304
150679,151522,187545,843,36023,4,36000,1.02340171557
150884,155997,157256,5113,1259,4,172800,5.06115965052
151372,151379,151380,7,1,1,900,1.0
151388,156165,158284,4777,2119,4,72000,3.25436526664
153865,155981,165169,2116,9188,4,36000,1.23030039182
154307,155992,156154,1685,162,10,172800,11.4012345679
154516,154523,161782,7,7259,2,14400,1.00096432015
154858,154864,161646,6,6782,2,14400,1.00088469478
155076,155082,162092,6,7010,2,14400,1.00085592011
155091,155098,162095,7,6997,2,14400,1.00100042876
155152,155158,162029,6,6871,2,14400,1.00087323534
155167,155174,161935,7,6761,2,14400,1.0010353498
155182,155188,162055,6,6867,2,14400,1.00087374399
155259,155266,162601,7,7335,2,14400,1.00095432856
155383,155389,163048,6,7659,2,14400,1.00078339209
155592,155599,162415,7,6816,2,14400,1.00102699531
155701,155707,162686,6,6979,2,14400,1.00085972202
155762,155769,162297,7,6528,2,14400,1.00107230392
155872,155878,162882,6,7004,2,14400,1.00085665334
156068,156075,163508,7,7433,2,14400,1.00094174627
156576,156582,163440,6,6858,2,14400,1.00087489064
158668,158674,158678,6,4,2,3600,1.0
158744,158750,158751,6,1,2,3600,1.0
159301,159308,159310,7,2,2,3540,1.0
160244,160250,165030,6,4780,16,7200,1.00125523013
160523,160530,161703,7,1173,4,72000,1.00596760443
161613,161619,165386,6,3767,8,7200,1.0015927794
161668,161675,168364,7,6689,2,14400,1.00104649424
161686,161692,210950,6,49258,4,72000,1.00012180763
161822,161828,161886,6,58,8,7200,1.10344827586
161902,161909,161948,7,39,12,7200,1.17948717949
161916,161922,210949,6,49027,4,72000,1.00012238154
161937,161943,168151,6,6208,2,14400,1.00096649485
161946,161952,162148,6,196,12,7200,1.0306122449
162031,162038,169613,7,7575,2,14400,1.00092409241
162058,162065,168681,7,6616,2,14400,1.00105804111
162060,162072,169199,12,7127,2,14400,1.0016837379
162108,162114,168849,6,6735,2,14400,1.0008908686
162160,162167,166555,7,4388,12,7200,1.0015952598
162217,162223,169099,6,6876,2,14400,1.00087260035
162314,162320,168591,6,6271,2,14400,1.0009567852
162409,162861,170082,452,7221,24,7199,1.06259520842
162474,162480,169124,6,6644,2,14400,1.00090307044
162688,162694,169081,6,6387,2,14400,1.00093940817
162875,162881,169798,6,6917,2,14400,1.00086742808
163052,163058,170649,6,7591,2,14400,1.0007904097
163136,163143,170403,7,7260,2,14400,1.00096418733
163511,163517,171519,6,8002,2,14400,1.00074981255
163810,163816,171263,6,7447,2,14400,1.00080569357
165550,165556,165647,6,91,16,7200,1.06593406593
165565,165571,165925,6,354,4,43200,1.01694915254
165663,165669,172912,6,7243,1,7200,1.00082838603
166046,166053,167254,7,1201,4,43200,1.00582847627
166191,166197,205923,6,39726,2,43200,1.00015103459
166636,166642,205933,6,39291,2,43200,1.00015270673
167276,167282,210487,6,43205,8,43200,1.00013887282
167512,167518,167756,6,238,1,3600,1.02521008403
167879,167886,175101,7,7215,12,7200,1.00097020097
167946,167952,168127,6,175,10,172800,1.03428571429
168152,168165,171784,13,3619,1,3600,1.00359215253
168253,168259,175467,6,7208,2,14400,1.00083240844
168431,168437,174824,6,6387,2,14400,1.00093940817
168682,168688,175082,6,6394,2,14400,1.00093837973
168851,168858,175568,7,6710,2,14400,1.00104321908
168853,168869,176027,16,7158,2,14400,1.00223526125
169085,169095,175784,10,6689,2,14400,1.00149499178
169127,169133,176122,6,6989,2,14400,1.00085849192
169205,169211,176545,6,7334,2,14400,1.00081810744
169241,169247,169336,6,89,10,172800,1.06741573034
169271,169278,176392,7,7114,2,14400,1.00098397526
169308,169314,198159,6,28845,4,28800,1.00020800832
169664,169670,176103,6,6433,2,14400,1.00093269081
169981,169988,177214,7,7226,2,14400,1.00096872405
170203,170209,170210,6,1,1,240,1.0
170438,170444,177647,6,7203,2,14400,1.00083298626
171266,171272,178057,6,6785,2,14400,1.00088430361
171370,171377,171440,7,63,10,172800,1.11111111111
171376,171384,171633,8,249,1,3540,1.03212851406
171523,171529,178241,6,6712,2,14400,1.00089392133
171747,171753,173789,6,2036,1,3540,1.00294695481
171823,171829,172008,6,179,1,3540,1.03351955307
171871,171878,172141,7,263,1,3540,1.02661596958
171919,171926,172385,7,459,1,3540,1.01525054466
171936,171942,175363,6,3421,4,172800,1.00175387314
171992,171998,172359,6,361,1,3540,1.01662049861
172040,172047,172527,7,480,1,3540,1.01458333333
172088,172094,172579,6,485,1,3540,1.01237113402
172136,172143,172657,7,514,1,3540,1.01361867704
172185,172191,172484,6,293,10,172800,1.0204778157
172185,172197,172684,12,487,1,3540,1.02464065708
172234,172241,172752,7,511,1,3540,1.01369863014
172311,172317,172861,6,544,1,3540,1.01102941176
172520,172526,172794,6,268,1,3540,1.0223880597
172783,172789,172969,6,180,1,3540,1.03333333333
172965,172972,173089,7,117,4,3540,1.05982905983
173027,173033,173156,6,123,1,3540,1.0487804878
174547,174553,181745,6,7192,2,14400,1.00083426029
175084,175090,182001,6,6911,2,14400,1.00086818116
175398,175404,182524,6,7120,2,14400,1.00084269663
175571,175577,181921,6,6344,2,14400,1.00094577554
175601,175607,182960,6,7353,2,14400,1.00081599347
175800,175806,182746,6,6940,2,14400,1.00086455331
176106,176112,182717,6,6605,2,14400,1.00090840273
176124,176130,182931,6,6801,2,14400,1.0008822232
176187,176193,182892,6,6699,2,14400,1.00089565607
176423,176429,183370,6,6941,2,14400,1.00086442876
176646,176652,183002,6,6350,2,14400,1.00094488189
177353,177359,184444,6,7085,2,14400,1.00084685956
178059,178066,184920,7,6854,2,14400,1.00102130143
178244,178250,184838,6,6588,2,14400,1.00091074681
181437,181443,181450,6,7,1,3600,1.3
181568,181574,181683,6,109,1,3600,1.05504587156
181696,181702,188302,6,6600,2,14400,1.00090909091
181817,181823,182084,6,261,1,3600,1.02298850575
181922,181928,188746,6,6818,2,14400,1.00088002347
182003,182010,188288,7,6278,2,14400,1.00111500478
182193,182200,188978,7,6778,2,14400,1.00103275302
182333,182340,182892,7,552,1,3600,1.01268115942
182550,182556,189545,6,6989,2,14400,1.00085849192
182750,182756,189571,6,6815,2,14400,1.00088041086
182771,182777,189827,6,7050,2,14400,1.00085106383
182934,182941,189649,7,6708,2,14400,1.00104353011
182962,182968,190297,6,7329,2,14400,1.00081866558
183004,183011,189478,7,6467,2,14400,1.00108241843
183167,183174,190842,7,7668,2,14400,1.00091288472
183429,183435,183441,6,6,1,3600,1.2
183451,183458,190881,7,7423,2,14400,1.00094301495
183558,183564,183643,6,79,1,3600,1.07594936709
183776,183782,184022,6,240,1,3600,1.025
184324,184330,184730,6,400,1,3600,1.015
184654,184660,191207,6,6547,2,14400,1.00091645028
184922,184928,192168,6,7240,2,14400,1.00082872928
184946,184952,191748,6,6796,2,14400,1.00088287228
185004,185010,185018,6,8,1,1800,1.4
185166,185172,185244,6,72,1,1800,1.08333333333
185336,185343,185453,7,110,1,3600,1.06363636364
185449,185455,185546,6,91,1,1800,1.06593406593
185585,185591,185838,6,247,1,3600,1.02429149798
185999,186005,186389,6,384,1,1800,1.015625
186077,186083,186653,6,570,1,3600,1.01052631579
186825,186831,201350,6,14519,2,14400,1.0004132516
187102,187108,187115,6,7,1,1800,1.3
187265,187272,187312,7,40,1,1800,1.175
187503,187509,187589,6,80,1,3600,1.075
187530,187536,187616,6,80,1,1800,1.075
187726,187733,187970,7,237,1,3600,1.02953586498
188217,188223,188429,6,206,1,1800,1.02912621359
188265,188271,188729,6,458,1,3600,1.01310043668
188306,188313,195074,7,6761,2,14400,1.0010353498
188747,188753,196111,6,7358,2,14400,1.00081543898
188980,188986,195821,6,6835,2,14400,1.00087783467
189119,189125,195704,6,6579,2,14400,1.0009119927
189546,189551,196749,5,7198,2,14400,1.0006946374
189573,189579,196612,6,7033,2,14400,1.000853121
189652,189658,196602,6,6944,2,14400,1.0008640553
189764,189770,196252,6,6482,2,14400,1.00092564023
189873,189879,196992,6,7113,2,14400,1.00084352594
190447,190454,197242,7,6788,2,14400,1.00103123159
190884,190890,197401,6,6511,2,14400,1.00092151743
191210,191216,198361,6,7145,2,14400,1.00083974808
191358,191364,197866,6,6502,2,14400,1.00092279299
191951,191957,199009,6,7052,2,14400,1.00085082246
192283,192289,198660,6,6371,2,14400,1.00094176738
192630,192636,192710,6,74,1,1800,1.08108108108
192929,192935,193022,6,87,1,1800,1.06896551724
193482,193488,193853,6,365,1,1800,1.01643835616
194925,194932,194969,7,37,1,1800,1.18918918919
195158,195165,202463,7,7298,2,14400,1.0009591669
195193,195199,195270,6,71,1,1800,1.08450704225
195823,195829,202162,6,6333,2,14400,1.00094741829
195852,195858,196103,6,245,1,1800,1.02448979592
196101,196107,202880,6,6773,2,14400,1.00088587037
196189,196195,202631,6,6436,2,14400,1.00093225606
196328,196334,203400,6,7066,2,14400,1.00084913671
196619,196625,203363,6,6738,2,14400,1.00089047195
196752,196758,203292,6,6534,2,14400,1.00091827365
196791,196797,204000,6,7203,2,14400,1.00083298626
197244,197250,203838,6,6588,2,14400,1.00091074681
197404,197411,204279,7,6868,2,14400,1.00101921957
197474,197480,204865,6,7385,2,14400,1.00081245768
198087,198093,205139,6,7046,2,14400,1.00085154698
198663,198669,206021,6,7352,2,14400,1.00081610446
198884,198890,205929,6,7039,2,14400,1.00085239381
200056,200062,213354,6,13292,1,14400,1.00045139934
200096,200102,200117,6,15,1,300,1.4
200259,200265,200268,6,3,1,300,1.0
200512,200518,200640,6,122,1,300,1.04918032787
200767,200773,200893,6,120,1,300,1.05
201129,201135,201137,6,2,1,300,1.0
201251,201257,201356,6,99,1,300,1.06060606061
201591,201597,201695,6,98,1,300,1.0612244898
201620,201626,210483,6,8857,2,14400,1.00067743028
201623,201633,208854,10,7221,2,14400,1.00138484974
201749,201756,201854,7,98,1,300,1.07142857143
201911,201917,202015,6,98,1,300,1.0612244898
202269,202275,209020,6,6745,2,14400,1.00088954781
202344,202350,202488,6,138,1,300,1.04347826087
202632,202638,209733,6,7095,2,14400,1.00084566596
202701,202707,209262,6,6555,2,14400,1.00091533181
202913,202919,203069,6,150,1,300,1.04
203000,203007,209643,7,6636,2,14400,1.00105485232
203366,203373,210067,7,6694,2,14400,1.00104571258
203394,203400,209600,6,6200,2,14400,1.00096774194
203491,203497,210438,6,6941,2,14400,1.00086442876
203891,203898,211376,7,7478,64,23400,1.00093607917
203926,203932,211426,6,7494,2,14400,1.00080064051
204280,204286,211040,6,6754,2,14400,1.00088836245
204491,204498,211880,7,7382,2,14400,1.00094825251
204731,204740,204851,9,111,1,300,1.08108108108
205141,205147,211936,6,6789,2,14400,1.00088378259
205241,205247,211711,6,6464,2,14400,1.00092821782
205375,205382,205389,7,7,1,10800,1.4
205468,205474,205481,6,7,1,10800,1.3
205510,205516,205684,6,168,1,300,1.03571428571
205728,205735,248952,7,43217,4,43200,1.0001619733
205970,205976,212913,6,6937,2,14400,1.0008649272
206190,206197,206375,7,178,1,300,1.0393258427
206514,206520,206830,6,310,1,300,1.01935483871
206617,206623,206626,6,3,1,25200,1.0
206617,206629,206630,12,1,1,25200,1.3
206618,206641,207191,23,550,1,25200,1.04181818182
206618,206635,206636,17,1,1,25200,1.8
206618,206646,206647,28,1,1,25200,2.9
206619,206652,206653,33,1,1,25200,3.4
206619,206657,206659,38,2,1,25200,4.0
206619,206668,206670,49,2,1,25200,5.1
206620,206674,206675,54,1,1,25200,5.5
206620,206687,206842,67,155,1,25200,1.43225806452
206620,206681,206682,61,1,1,25200,6.2
206621,206709,206710,88,1,1,25200,8.9
206621,206704,206706,83,2,1,25200,8.5
206621,206692,207043,71,351,1,25200,1.20227920228
206621,206698,206699,77,1,1,25200,7.8
206622,206715,206736,93,21,1,25200,5.42857142857
206622,206720,206795,98,75,1,25200,2.30666666667
206622,206726,206868,104,142,1,25200,1.7323943662
206623,206732,206735,109,3,1,25200,11.2
206623,206737,206738,114,1,1,25200,11.5
206623,206748,206749,125,1,1,25200,12.6
206623,206743,206760,120,17,1,25200,8.05882352941
206624,206759,206760,135,1,1,25200,13.6
206624,206765,206822,141,57,1,25200,3.47368421053
206625,206776,207467,151,691,1,25200,1.21852387844
206625,206770,206771,145,1,1,25200,14.6
206625,206781,210532,156,3751,1,25200,1.04158890962
206626,206798,207398,172,600,1,25200,1.28666666667
206626,206792,210723,166,3931,1,25200,1.0422284406
206627,206815,207157,188,342,1,25200,1.54970760234
206628,206826,210662,198,3836,1,25200,1.05161626694
206628,206820,206821,192,1,1,25200,19.3
206628,206837,206846,209,9,1,25200,21.8
206629,206843,206844,214,1,1,25200,21.5
206629,206848,206849,219,1,1,25200,22.0
206629,206853,206854,224,1,1,25200,22.5
206630,206874,206875,244,1,1,25200,24.5
206630,206863,206866,233,3,1,25200,23.6
206630,206869,232078,239,25209,1,25200,1.00948074101
206631,206880,206903,249,23,1,25200,11.8260869565
206631,206885,206894,254,9,1,25200,26.3
206632,206907,206909,275,2,1,25200,27.7
206632,206896,206932,264,36,1,25200,8.33333333333
206633,206918,206919,285,1,1,25200,28.6
206633,206924,206925,291,1,1,25200,29.2
206633,206913,207059,280,146,1,25200,2.91780821918
206634,206940,206944,306,4,1,25200,31.0
206634,206945,206984,311,39,1,25200,8.97435897436
206634,206934,206964,300,30,1,25200,11.0
206635,206967,206974,332,7,1,25200,33.9
206635,206956,206957,321,1,1,25200,32.2
206636,206978,206990,342,12,1,25200,29.5
206637,206994,206995,357,1,1,25200,35.8
206637,206983,219520,346,12537,1,25200,1.02759830901
206637,206989,209006,352,2017,1,25200,1.17451660882
206638,207005,207006,367,1,1,25200,36.8
206639,207016,209158,377,2142,1,25200,1.17600373483
206639,207027,207046,388,19,1,25200,21.4210526316
206639,207022,207060,383,38,1,25200,11.0789473684
206640,207044,207046,404,2,1,25200,40.6
206640,207038,207040,398,2,1,25200,40.0
206640,207033,207034,393,1,1,25200,39.4
206641,207050,207556,409,506,1,25200,1.80830039526
206641,207061,207062,420,1,1,25200,42.1
206642,207078,207081,436,3,1,25200,43.9
206643,207095,207096,452,1,1,25200,45.3
206643,207089,207090,446,1,1,25200,44.7
206644,207117,207284,473,167,1,25200,3.83233532934
206644,207106,208537,462,1431,1,25200,1.32285115304
206645,207123,207124,478,1,1,25200,47.9
206645,207128,207129,483,1,1,25200,48.4
206645,207134,207245,489,111,1,25200,5.40540540541
206646,207145,207187,499,42,1,25200,12.880952381
206646,207139,207140,493,1,1,25200,49.4
206646,207156,212003,510,4847,1,25200,1.10521972354
206646,207150,207449,504,299,1,25200,2.6856187291
206647,207161,207182,514,21,1,25200,25.4761904762
206647,207167,207190,520,23,1,25200,23.6086956522
206648,207188,207191,540,3,1,25200,54.3
206648,207193,207194,545,1,1,25200,54.6
206649,207199,210304,550,3105,1,25200,1.17713365539
206649,207210,207211,561,1,1,25200,56.2
206650,207228,208833,578,1605,1,25200,1.36012461059
206650,207217,207722,567,505,1,25200,2.12277227723
206651,207250,207251,599,1,1,25200,60.0
206651,207245,207906,594,661,1,25200,1.89863842663
206651,207239,207240,588,1,1,25200,58.9
206652,207261,207262,609,1,1,25200,61.0
206652,207267,207268,615,1,1,25200,61.6
206653,207278,207473,625,195,1,25200,4.20512820513
206653,207272,207273,619,1,1,25200,62.0
206653,207283,207284,630,1,1,25200,63.1
206654,207305,207306,651,1,1,25200,65.2
206654,207289,207315,635,26,1,25200,25.4230769231
206654,207294,207295,640,1,1,25200,64.1
206654,207300,207336,646,36,1,25200,18.9444444444
206655,207311,207312,656,1,1,25200,65.7
206655,207317,207333,662,16,1,25200,42.375
206656,208599,215129,1943,6530,1,25200,1.29754977029
206656,207327,207329,671,2,1,25200,67.3
206656,207333,209685,677,2352,1,25200,1.28784013605
206657,208610,208614,1953,4,1,25200,195.7
206657,208615,208655,1958,40,1,25200,49.95
206657,208620,208669,1963,49,1,25200,41.0612244898
206658,208631,208632,1973,1,1,25200,197.4
206658,208626,208627,1968,1,1,25200,196.9
206659,208648,208732,1989,84,1,25200,24.6785714286
206660,208653,208654,1993,1,1,25200,199.4
206660,208659,208661,1999,2,1,25200,200.1
206660,208664,208696,2004,32,1,25200,63.625
206661,208675,208677,2014,2,1,25200,201.6
206661,208681,209685,2020,1004,1,25200,3.01195219124
206661,207358,207359,697,1,1,25200,69.8
206662,207363,207603,701,240,1,25200,3.92083333333
206662,207369,208289,707,920,1,25200,1.76847826087
206662,207380,207381,718,1,1,25200,71.9
206662,207375,207376,713,1,1,25200,71.4
206663,207391,225561,728,18170,1,25200,1.04006604293
206663,207385,208510,722,1125,1,25200,1.64177777778
206664,207407,207408,743,1,1,25200,74.4
206664,207396,207397,732,1,1,25200,73.3
206664,207402,207404,738,2,1,25200,74.0
206665,207429,207432,764,3,1,25200,76.7
206665,207418,207422,753,4,1,25200,75.7
206666,207440,207441,774,1,1,25200,77.5
206666,207451,207452,785,1,1,25200,78.6
206666,207446,207533,780,87,1,25200,9.96551724138
206667,207462,232696,795,25234,1,25200,1.03150511215
206667,207468,207469,801,1,1,25200,80.2
206667,207457,208194,790,737,1,25200,2.07191316147
206668,207479,207483,811,4,1,25200,81.5
206668,207473,207474,805,1,1,25200,80.6
206669,207484,219521,815,12037,1,25200,1.06770790064
206669,207495,212225,826,4730,1,25200,1.17463002114
206670,207518,207520,848,2,1,25200,85.0
206670,207512,219520,842,12008,1,25200,1.07011992005
206671,207523,207524,852,1,1,25200,85.3
206672,207550,207551,878,1,1,25200,87.9
206672,207539,207540,867,1,1,25200,86.8
206673,207556,208343,883,787,1,25200,2.12198221093
206673,207567,207745,894,178,1,25200,6.02247191011
206673,207561,214560,888,6999,1,25200,1.1268752679
206673,207572,207649,899,77,1,25200,12.6753246753
206674,207583,207809,909,226,1,25200,5.02212389381
206675,207589,208454,914,865,1,25200,2.05664739884
206675,207594,232835,919,25241,1,25200,1.03640901708
206675,209740,641781,3065,432041,6,432000,1.00709423411
206676,207611,209339,935,1728,1,25200,1.54108796296
206676,207616,207617,940,1,1,25200,94.1
206677,207627,207628,950,1,1,25200,95.1
206679,207660,207814,981,154,1,25200,7.37012987013
206679,207671,207672,992,1,1,25200,99.3
206680,207682,207834,1002,152,1,25200,7.59210526316
206680,207687,213874,1007,6187,1,25200,1.16276062712
206681,207698,207748,1017,50,1,25200,21.34
206682,207709,219768,1027,12059,1,25200,1.08516460735
206682,207727,207728,1045,1,1,25200,104.6
206683,207738,220611,1055,12873,1,25200,1.08195447837
206683,207749,207750,1066,1,1,25200,106.7
206683,207744,207747,1061,3,1,25200,106.4
206684,207755,210174,1071,2419,1,25200,1.44274493592
206685,207788,219527,1103,11739,1,25200,1.09396030326
206685,207777,208038,1092,261,1,25200,5.18390804598
206686,207793,216683,1107,8890,1,25200,1.12452193476
206686,207804,208331,1118,527,1,25200,3.12144212524
206687,207821,207947,1134,126,1,25200,10.0
206687,207815,208249,1128,434,1,25200,3.59907834101
206688,207837,207838,1149,1,1,25200,115.0
206688,207843,207893,1155,50,1,25200,24.1
206688,207832,207874,1144,42,1,25200,28.2380952381
206688,207826,207828,1138,2,1,25200,114.0
206689,207854,208480,1165,626,1,25200,2.86102236422
206689,207848,207911,1159,63,1,25200,19.3968253968
206690,207876,210942,1186,3066,1,25200,1.38682322244
206691,207881,219519,1190,11638,1,25200,1.10225124592
206691,207892,207894,1201,2,1,25200,120.3
206691,207887,208353,1196,466,1,25200,3.56652360515
206691,207898,209794,1207,1896,1,25200,1.63660337553
206692,207914,207915,1222,1,1,25200,122.3
206692,207909,208494,1217,585,1,25200,3.08034188034
206693,207920,207922,1227,2,1,25200,122.9
206693,207925,208548,1232,623,1,25200,2.97752808989
206694,207941,207942,1247,1,1,25200,124.8
206694,207936,208098,1242,162,1,25200,8.66666666667
206695,207952,208727,1257,775,1,25200,2.62193548387
206695,207958,207967,1263,9,1,25200,127.2
206696,207963,208602,1267,639,1,25200,2.9827856025
206696,207974,207978,1278,4,1,25200,128.2
206696,207969,209066,1273,1097,1,25200,2.16043755697
206697,207985,207988,1288,3,1,25200,129.1
206698,208018,208019,1320,1,1,25200,132.1
206699,208035,210115,1336,2080,1,25200,1.64230769231
206700,208062,208482,1362,420,1,25200,4.24285714286
206700,208057,208061,1357,4,1,25200,136.1
206701,208073,208081,1372,8,1,25200,138.0
206701,208067,208510,1366,443,1,25200,4.0835214447
206701,208078,208154,1377,76,1,25200,19.1184210526
206702,208084,208086,1382,2,1,25200,138.4
206702,208089,208092,1387,3,1,25200,139.0
206703,208100,208117,1397,17,1,25200,83.1764705882
206703,208111,208118,1408,7,1,25200,141.5
206704,208122,209332,1418,1210,1,25200,2.17190082645
206704,208117,208973,1413,856,1,25200,2.65070093458
206705,208138,208156,1433,18,1,25200,80.6111111111
206705,208144,208146,1439,2,1,25200,144.1
206705,208133,208561,1428,428,1,25200,4.33644859813
206706,208155,208158,1449,3,1,25200,145.2
206707,208171,208174,1464,3,1,25200,146.7
206707,208177,208178,1470,1,1,25200,147.1
206708,208182,208185,1474,3,1,25200,147.7
206708,208219,208220,1511,1,1,25200,151.2
206708,208214,208233,1506,19,1,25200,80.2631578947
206709,208230,208237,1521,7,1,25200,152.8
206709,208236,208278,1527,42,1,25200,37.3571428571
206710,208241,208248,1531,7,1,25200,153.8
206710,208252,208312,1542,60,1,25200,26.7
206710,208247,208486,1537,239,1,25200,7.4309623431
206711,208268,208269,1557,1,1,25200,155.8
206711,208263,208266,1552,3,1,25200,155.5
206712,208279,208280,1567,1,1,25200,156.8
206712,208274,208289,1562,15,1,25200,105.133333333
206712,208285,208286,1573,1,1,25200,157.4
206713,208302,208547,1589,245,1,25200,7.48571428571
206714,208307,208308,1593,1,1,25200,159.4
206714,208312,208313,1598,1,1,25200,159.9
206714,208323,214294,1609,5971,1,25200,1.26946910065
206715,208338,218341,1623,10003,1,25200,1.1622513246
206715,208329,208362,1614,33,1,25200,49.9090909091
206716,208344,208541,1628,197,1,25200,9.26395939086
206716,208349,208355,1633,6,1,25200,163.9
206717,208360,209425,1643,1065,1,25200,2.54272300469
206717,208365,208366,1648,1,1,25200,164.9
206718,208387,208388,1669,1,1,25200,167.0
206718,208376,208378,1658,2,1,25200,166.0
206718,208382,208462,1664,80,1,25200,21.8
206719,208404,208419,1685,15,1,25200,113.333333333
206719,208393,208420,1674,27,1,25200,63.0
206719,208398,208399,1679,1,1,25200,168.0
206720,208425,219773,1705,11348,1,25200,1.15024673951
206720,208414,210748,1694,2334,1,25200,1.72579263068
206721,208436,211802,1715,3366,1,25200,1.50950683304
206722,208453,208455,1731,2,1,25200,173.3
206723,208469,208470,1746,1,1,25200,174.7
206723,208479,208480,1756,1,1,25200,175.7
206725,208506,208509,1781,3,1,25200,178.4
206725,208512,208514,1787,2,1,25200,178.9
206725,208517,208596,1792,79,1,25200,23.6835443038
206726,208528,208541,1802,13,1,25200,139.615384615
206726,208534,208763,1808,229,1,25200,8.89519650655
206727,208550,209004,1823,454,1,25200,5.0154185022
206728,208556,219520,1828,10964,1,25200,1.16672747173
206728,208561,219111,1833,10550,1,25200,1.17374407583
206729,208577,208578,1848,1,1,25200,184.9
206729,208583,209004,1854,421,1,25200,5.40380047506
206730,208588,208589,1858,1,1,25200,185.9
206730,208686,208731,1956,45,1,25200,44.4666666667
206731,208702,208705,1971,3,1,25200,197.4
206732,208719,208722,1987,3,1,25200,199.0
206732,208713,209007,1981,294,1,25200,7.7380952381
206733,208730,208844,1997,114,1,25200,18.5175438596
206733,208724,208725,1991,1,1,25200,199.2
206733,208735,208736,2002,1,1,25200,200.3
206734,208741,233947,2007,25206,1,25200,1.07962389907
206734,208757,209106,2023,349,1,25200,6.79656160458
206735,208766,208791,2031,25,1,25200,82.24
206735,208777,211305,2042,2528,1,25200,1.80775316456
206735,208772,208803,2037,31,1,25200,66.7096774194
206736,208783,208830,2047,47,1,25200,44.5531914894
206737,208811,208812,2074,1,1,25200,207.5
206737,208804,208808,2067,4,1,25200,207.1
206738,208827,208951,2089,124,1,25200,17.8467741935
206738,208816,209681,2078,865,1,25200,3.40231213873
206738,208833,208859,2095,26,1,25200,81.5769230769
206738,208822,208857,2084,35,1,25200,60.5428571429
206739,208838,208841,2099,3,1,25200,210.2
206739,208844,208848,2105,4,1,25200,210.9
206740,208865,208866,2125,1,1,25200,212.6
206740,208860,208879,2120,19,1,25200,112.578947368
206741,208876,208877,2135,1,1,25200,213.6
206741,208871,210037,2130,1166,1,25200,2.82675814751
206742,208898,210283,2156,1385,1,25200,2.55667870036
206742,208904,209415,2162,511,1,25200,5.23091976517
206743,208919,209115,2176,196,1,25200,12.1020408163
206743,208930,211729,2187,2799,1,25200,1.78135048232
206743,208924,208972,2181,48,1,25200,46.4375
206744,208935,209620,2191,685,1,25200,4.19854014599
206744,208941,208942,2197,1,1,25200,219.8
206745,208951,208952,2206,1,1,25200,220.7
206745,208962,208963,2217,1,1,25200,221.8
206746,208968,208970,2222,2,1,25200,222.4
206746,208973,210765,2227,1792,1,25200,2.24274553571
206746,208984,209511,2238,527,1,25200,5.24667931689
206747,209000,209001,2253,1,1,25200,225.4
206747,208990,209020,2243,30,1,25200,75.7666666667
206748,209011,234246,2263,25235,1,25200,1.08967703586
206749,209022,209023,2273,1,1,25200,227.4
206749,209028,209032,2279,4,1,25200,228.3
206749,209033,209035,2284,2,1,25200,228.6
206750,209506,209511,2756,5,1,25200,276.1
206751,209516,209549,2765,33,1,25200,84.7878787879
206751,209527,209528,2776,1,1,25200,277.7
206752,209557,209558,2805,1,1,25200,280.6
206752,209547,209554,2795,7,1,25200,280.2
206753,209581,210289,2828,708,1,25200,4.99435028249
206753,209576,209718,2823,142,1,25200,20.8802816901
206754,209592,209593,2838,1,1,25200,283.9
206755,209614,209615,2859,1,1,25200,286.0
206755,209603,210140,2848,537,1,25200,6.30353817505
206756,209631,209633,2875,2,1,25200,287.7
206756,209625,209626,2869,1,1,25200,287.0
206757,209070,209394,2313,324,1,25200,8.13888888889
206757,209075,209076,2318,1,1,25200,231.9
206758,209097,209098,2339,1,1,25200,234.0
206759,209108,209115,2349,7,1,25200,235.6
206759,209103,209315,2344,212,1,25200,12.0566037736
206760,209124,209125,2364,1,1,25200,236.5
206760,209119,209123,2359,4,1,25200,236.3
206760,209114,209229,2354,115,1,25200,21.4695652174
206761,209141,209147,2380,6,1,25200,238.6
206761,209135,209138,2374,3,1,25200,237.7
206762,209163,219520,2401,10357,1,25200,1.23182388723
206762,209152,209975,2390,823,1,25200,3.90400972053
206763,209184,209185,2421,1,1,25200,242.2
206763,209179,209182,2416,3,1,25200,241.9
206763,209173,209174,2410,1,1,25200,241.1
206763,209168,209171,2405,3,1,25200,240.8
206764,209204,209205,2440,1,1,25200,244.1
206764,209194,209563,2430,369,1,25200,7.58536585366
206765,209215,209218,2450,3,1,25200,245.3
206765,209221,209223,2456,2,1,25200,245.8
206766,209237,209238,2471,1,1,25200,247.2
206766,209232,209234,2466,2,1,25200,246.8
206766,209226,212311,2460,3085,1,25200,1.79740680713
206768,209275,209329,2507,54,1,25200,47.4259259259
206768,209259,209260,2491,1,1,25200,249.2
206769,209292,211425,2523,2133,1,25200,2.18284106892
206770,209311,210457,2541,1146,1,25200,3.21727748691
206770,209297,210174,2527,877,1,25200,3.88141391106
206770,209316,210077,2546,761,1,25200,4.3455978975
206772,209349,209350,2577,1,1,25200,257.8
206772,209344,214498,2572,5154,1,25200,1.49902987971
206772,209338,209359,2566,21,1,25200,123.19047619
206773,209360,209361,2587,1,1,25200,258.8
206773,209355,209394,2582,39,1,25200,67.2051282051
206774,209382,209383,2608,1,1,25200,260.9
206774,209376,211815,2602,2439,1,25200,2.06683066831
206774,209387,209388,2613,1,1,25200,261.4
206776,209429,209431,2653,2,1,25200,265.5
206777,209434,209435,2657,1,1,25200,265.8
206778,209451,210429,2673,978,1,25200,3.73312883436
206778,209456,209458,2678,2,1,25200,268.0
206778,209467,209809,2689,342,1,25200,8.86257309942
206778,209462,210174,2684,712,1,25200,4.76966292135
206779,209473,209479,2694,6,1,25200,270.0
206779,209483,209484,2704,1,1,25200,270.5
206780,209489,210187,2709,698,1,25200,4.88108882521
206780,209666,209667,2886,1,1,25200,288.7
206780,209495,214160,2715,4665,1,25200,1.58199356913
206781,209672,209674,2891,2,1,25200,289.3
206781,209677,209678,2896,1,1,25200,289.7
206782,209699,209882,2917,183,1,25200,16.9398907104
206783,209715,209716,2932,1,1,25200,293.3
206783,209710,209843,2927,133,1,25200,23.007518797
206784,209756,209757,2972,1,1,25200,297.3
206784,209762,209764,2978,2,1,25200,298.0
206784,209751,209797,2967,46,1,25200,65.5
206785,209772,209773,2987,1,1,25200,298.8
206786,209800,209801,3014,1,1,25200,301.5
206786,209794,209795,3008,1,1,25200,300.9
206786,209783,209784,2997,1,1,25200,299.8
206787,209824,209825,3037,1,1,25200,303.8
206788,209830,210034,3042,204,1,25200,15.9117647059
206789,209862,209863,3073,1,1,25200,307.4
206789,209851,209892,3062,41,1,25200,75.6829268293
206790,209909,210006,3119,97,1,25200,33.1546391753
206792,209941,209944,3149,3,1,25200,315.2
206792,209930,209931,3138,1,1,25200,313.9
206793,209952,210133,3159,181,1,25200,18.453038674
206794,209982,209983,3188,1,1,25200,318.9
206794,209988,210163,3194,175,1,25200,19.2514285714
206794,209971,210584,3177,613,1,25200,6.18270799347
206796,210028,210031,3232,3,1,25200,323.5
206797,210045,222211,3248,12166,1,25200,1.2669735328
206798,210063,210065,3265,2,1,25200,326.7
206798,210057,210097,3259,40,1,25200,82.475
206799,210079,210144,3280,65,1,25200,51.4615384615
206799,210074,210140,3275,66,1,25200,50.6212121212
206800,210114,210800,3314,686,1,25200,5.83090379009
206801,210125,235347,3324,25222,1,25200,1.1317897074
206804,210161,210164,3357,3,1,25200,336.0
206805,210183,210185,3378,2,1,25200,338.0
206805,210178,210225,3373,47,1,25200,72.7659574468
206806,210189,210190,3383,1,1,25200,338.4
206806,210200,210201,3394,1,1,25200,339.5
206807,210225,210818,3418,593,1,25200,6.76391231029
206807,210231,210233,3424,2,1,25200,342.6
206807,210206,210240,3399,34,1,25200,100.970588235
206808,210252,210253,3444,1,1,25200,344.5
206808,210236,210354,3428,118,1,25200,30.0508474576
206808,210242,210519,3434,277,1,25200,13.3971119134
206809,210263,210264,3454,1,1,25200,345.5
206809,210269,210271,3460,2,1,25200,346.2
206809,210258,210357,3449,99,1,25200,35.8383838384
206810,210274,210275,3464,1,1,25200,346.5
206811,210291,210293,3480,2,1,25200,348.2
206811,210315,210320,3504,5,1,25200,350.9
206812,210343,210344,3531,1,1,25200,353.2
206812,210337,210413,3525,76,1,25200,47.3815789474
206813,210362,210369,3549,7,1,25200,355.6
206813,210356,211649,3543,1293,1,25200,3.74013921114
206814,210383,210384,3569,1,1,25200,357.0
206814,210372,210375,3558,3,1,25200,356.1
206815,210397,235605,3582,25208,1,25200,1.14209774675
206815,210402,210480,3587,78,1,25200,46.9871794872
206816,210419,212241,3603,1822,1,25200,2.97749725576
206816,210408,210421,3592,13,1,25200,277.307692308
206817,210429,210430,3612,1,1,25200,361.3
206817,210435,210503,3618,68,1,25200,54.2058823529
206818,210443,211252,3625,809,1,25200,5.48084054388
206818,210449,210689,3631,240,1,25200,16.1291666667
206819,210470,210474,3651,4,1,25200,365.5
206820,210500,219657,3680,9157,1,25200,1.40187834444
206820,210494,210496,3674,2,1,25200,367.6
206820,210489,212848,3669,2359,1,25200,2.55532005087
206820,210476,210477,3656,1,1,25200,365.7
206821,210510,210511,3689,1,1,25200,369.0
206822,210540,211464,3718,924,1,25200,5.02380952381
206822,210529,210536,3707,7,1,25200,371.4
206822,210535,211775,3713,1240,1,25200,3.99435483871
206823,210546,210549,3723,3,1,25200,372.6
206823,210551,210585,3728,34,1,25200,110.647058824
206823,210557,210711,3734,154,1,25200,25.2467532468
206824,210579,210739,3755,160,1,25200,24.46875
206824,210568,213340,3744,2772,1,25200,2.35064935065
206824,210563,210564,3739,1,1,25200,374.0
206824,210574,210650,3750,76,1,25200,50.3421052632
206825,210596,210600,3771,4,1,25200,377.5
206826,210632,211374,3806,742,1,25200,6.12938005391
206826,210601,211097,3775,496,1,25200,8.61088709677
206826,210607,210612,3781,5,1,25200,378.6
206827,210648,210652,3821,4,1,25200,382.5
206827,210643,215456,3816,4813,1,25200,1.79285269063
206827,210654,219520,3827,8866,1,25200,1.43164899617
206827,210637,210638,3810,1,1,25200,381.1
206828,210664,210665,3836,1,1,25200,383.7
206829,210689,210691,3860,2,1,25200,386.2
206829,210675,210947,3846,272,1,25200,15.1397058824
206829,210683,210684,3854,1,1,25200,385.5
206830,210972,211016,4142,44,1,25200,95.1363636364
206830,210694,211629,3864,935,1,25200,5.13262032086
206831,210988,210989,4157,1,1,25200,415.8
206831,210994,210996,4163,2,1,25200,416.5
206832,211019,211051,4187,32,1,25200,131.84375
206832,211014,211077,4182,63,1,25200,67.380952381
206832,210700,212983,3868,2283,1,25200,2.69426193605
206833,210716,210717,3883,1,1,25200,388.4
206833,210705,210706,3872,1,1,25200,387.3
206834,210722,210723,3888,1,1,25200,388.9
206834,210730,210733,3896,3,1,25200,389.9
206834,210735,211384,3901,649,1,25200,7.01078582435
206835,210751,211628,3916,877,1,25200,5.46522234892
206835,210740,210741,3905,1,1,25200,390.6
206835,210746,210747,3911,1,1,25200,391.2
206836,210776,217457,3940,6681,1,25200,1.58973207604
206836,210762,210763,3926,1,1,25200,392.7
206837,210781,210782,3944,1,1,25200,394.5
206837,210787,210789,3950,2,1,25200,395.2
206838,210798,221438,3960,10640,1,25200,1.37218045113
206838,210803,210876,3965,73,1,25200,55.3150684932
206838,210792,210793,3954,1,1,25200,395.5
206839,210820,210821,3981,1,1,25200,398.2
206840,210844,210871,4004,27,1,25200,149.296296296
206840,210833,211104,3993,271,1,25200,15.7343173432
206840,210827,211005,3987,178,1,25200,23.3988764045
206840,210839,210840,3999,1,1,25200,400.0
206842,210874,210885,4032,11,1,25200,367.545454545
206843,210880,211821,4037,941,1,25200,5.29011689692
206843,210885,210895,4042,10,1,25200,405.2
206844,210910,212110,4066,1200,1,25200,4.38833333333
206845,210921,211061,4076,140,1,25200,30.1142857143
206845,210915,210916,4070,1,1,25200,407.1
206846,210937,210953,4091,16,1,25200,256.6875
206846,210942,210943,4096,1,1,25200,409.7
206847,210953,210954,4106,1,1,25200,410.7
206847,211031,211032,4184,1,1,25200,418.5
206847,211025,211058,4178,33,1,25200,127.606060606
206847,210961,210962,4114,1,1,25200,411.5
206848,211036,211046,4188,10,1,25200,419.8
206848,211042,212191,4194,1149,1,25200,4.6501305483
206849,211053,211179,4204,126,1,25200,34.3650793651
206849,211058,211083,4209,25,1,25200,169.36
206849,211047,211048,4198,1,1,25200,419.9
206850,211075,213517,4225,2442,1,25200,2.73013923014
206851,211096,211097,4245,1,1,25200,424.6
206851,211085,211086,4234,1,1,25200,423.5
206852,211291,211292,4439,1,1,25200,444.0
206853,211308,211369,4455,61,1,25200,74.0327868852
206853,211313,211534,4460,221,1,25200,21.1809954751
206854,211322,211434,4468,112,1,25200,40.8928571429
206854,211122,211314,4268,192,1,25200,23.2291666667
206854,211128,211130,4274,2,1,25200,427.6
206855,211144,236353,4289,25209,1,25200,1.17013764925
206855,211138,211139,4283,1,1,25200,428.4
206855,211133,211135,4278,2,1,25200,428.0
206856,211149,211151,4293,2,1,25200,429.5
206856,211155,236374,4299,25219,1,25200,1.17046671161
206857,211166,212322,4309,1156,1,25200,4.72750865052
206857,211160,211163,4303,3,1,25200,430.6
206857,211171,211172,4314,1,1,25200,431.5
206858,211182,211184,4324,2,1,25200,432.6
206859,211188,211189,4329,1,1,25200,433.0
206860,211205,211206,4345,1,1,25200,434.6
206860,211216,211430,4356,214,1,25200,21.3551401869
206861,211237,211238,4376,1,1,25200,437.7
206861,211231,211269,4370,38,1,25200,116.0
206861,211226,212018,4365,792,1,25200,6.51136363636
206862,211242,211243,4380,1,1,25200,438.1
206862,211248,211462,4386,214,1,25200,21.4953271028
206863,211253,211257,4390,4,1,25200,439.4
206864,211275,211287,4411,12,1,25200,368.583333333
206864,211280,211281,4416,1,1,25200,441.7
206865,211328,211454,4463,126,1,25200,36.4206349206
206865,211333,211334,4468,1,1,25200,446.9
206866,211350,211361,4484,11,1,25200,408.636363636
206866,211344,211347,4478,3,1,25200,448.1
206866,211339,211340,4473,1,1,25200,447.4
206867,211361,236593,4494,25232,1,25200,1.1781071655
206868,211377,211424,4509,47,1,25200,96.9361702128
206870,211393,211394,4523,1,1,25200,452.4
206871,211435,211437,4564,2,1,25200,456.6
206871,211460,211463,4589,3,1,25200,459.2
206871,211454,211457,4583,3,1,25200,458.6
206872,211478,211528,4606,50,1,25200,93.12
206872,211467,211550,4595,83,1,25200,56.3614457831
206872,211473,211476,4601,3,1,25200,460.4
206873,211548,211551,4675,3,1,25200,467.8
206873,211507,211829,4634,322,1,25200,15.3913043478
206873,211494,211495,4621,1,1,25200,462.2
206874,211566,216125,4692,4559,1,25200,2.02917306427
206875,211584,213668,4709,2084,1,25200,3.25959692898
206875,211647,213235,4772,1588,1,25200,4.00503778338
206875,211640,211981,4765,341,1,25200,14.9736070381
206876,211685,216293,4809,4608,1,25200,2.04361979167
206876,211678,211684,4802,6,1,25200,480.8
206876,211661,232436,4785,20775,1,25200,1.23032490975
206877,211702,211706,4825,4,1,25200,482.9
206877,211718,211719,4841,1,1,25200,484.2
206878,211743,211745,4865,2,1,25200,486.7
206878,211736,212178,4858,442,1,25200,11.9909502262
206878,211730,219020,4852,7290,1,25200,1.66556927298
206879,211748,211860,4869,112,1,25200,44.4732142857
206881,214772,214776,7891,4,1,25200,789.5
206881,214788,214836,7907,48,1,25200,165.729166667
206882,211789,211791,4907,2,1,25200,490.9
206883,211803,213725,4920,1922,1,25200,3.55983350676
206884,211817,216260,4933,4443,1,25200,2.1102858429
206884,211831,211839,4947,8,1,25200,495.5
206885,211843,213228,4958,1385,1,25200,4.5797833935
206886,211850,211851,4964,1,1,25200,496.5
206886,211861,237090,4975,25229,1,25200,1.19719370566
206886,211856,212018,4970,162,1,25200,31.6790123457
206887,211876,212101,4989,225,1,25200,23.1733333333
206889,211953,211955,5064,2,1,25200,506.6
206890,211959,218961,5069,7002,1,25200,1.72393601828
206890,211971,211989,5081,18,1,25200,283.277777778
206892,211997,212005,5105,8,1,25200,511.3
206892,212004,212006,5112,2,1,25200,511.4
206893,212016,212020,5123,4,1,25200,512.7
206893,212023,212562,5130,539,1,25200,10.5176252319
206894,212031,212061,5137,30,1,25200,172.233333333
206894,212073,212074,5179,1,1,25200,518.0
206894,212038,213065,5144,1027,1,25200,6.00876338851
206895,212114,213064,5219,950,1,25200,6.49368421053
206895,212204,212776,5309,572,1,25200,10.2814685315
206895,212086,213183,5191,1097,1,25200,5.73199635369
206896,212324,212328,5428,4,1,25200,543.2
206896,212237,212472,5341,235,1,25200,23.7276595745
206896,212254,212596,5358,342,1,25200,16.6666666667
206897,212334,217338,5437,5004,1,25200,2.08653077538
206897,212341,219652,5444,7311,1,25200,1.74463137738
206897,212485,212755,5588,270,1,25200,21.6962962963
206898,212591,212668,5693,77,1,25200,74.9350649351
206898,212608,212699,5710,91,1,25200,63.7472527473
206898,212575,212578,5677,3,1,25200,568.0
206899,212681,212684,5782,3,1,25200,578.5
206899,212697,212809,5798,112,1,25200,52.7678571429
206899,212711,214742,5812,2031,1,25200,3.86164451009
206900,212821,212827,5921,6,1,25200,592.7
206900,213076,213079,6176,3,1,25200,617.9
206900,212840,214060,5940,1220,1,25200,5.86885245902
206901,213124,221823,6223,8699,1,25200,1.71536958271
206901,213111,213112,6210,1,1,25200,621.1
206901,213451,213787,6550,336,1,25200,20.494047619
206902,213680,214126,6778,446,1,25200,16.197309417
206902,214072,214074,7170,2,1,25200,717.2
206903,214098,214103,7195,5,1,25200,720.0
206903,214115,214116,7212,1,1,25200,721.3
206904,214139,214379,7235,240,1,25200,31.1458333333
206904,214129,214184,7225,55,1,25200,132.363636364
206904,214199,239445,7295,25246,1,25200,1.2889566664
206905,214410,214412,7505,2,1,25200,750.7
206905,214391,214397,7486,6,1,25200,749.2
206905,214424,217734,7519,3310,1,25200,3.27160120846
206906,214718,215918,7812,1200,1,25200,7.51
206906,214712,214714,7806,2,1,25200,780.8
206907,214732,214733,7825,1,1,25200,782.6
206908,214746,214749,7838,3,1,25200,784.1
206909,214760,214937,7851,177,1,25200,45.3559322034
206911,214850,217968,7939,3118,1,25200,3.54618345093
206914,214949,214955,8035,6,1,25200,804.1
206914,214967,214972,8053,5,1,25200,805.8
206915,214984,214989,8069,5,1,25200,807.4
206916,215015,215016,8099,1,1,25200,810.0
206917,215034,215199,8117,165,1,25200,50.1939393939
206962,207352,250572,390,43220,8,43200,1.00902360019
206974,207347,207686,373,339,1,300,2.10029498525
207302,239887,671902,32585,432015,6,432000,1.0754256218
207397,271298,680934,63901,409636,6,432000,1.15599459032
207490,271328,703367,63838,432039,6,432000,1.14775980872
207582,271334,703379,63752,432045,6,432000,1.14755870338
207623,207722,207731,99,9,4,36000,10.8
207877,208013,210424,136,2411,4,36000,1.05640812941
207918,208002,208239,84,237,1,600,1.35443037975
207973,208007,209312,34,1305,1,3600,1.02605363985
208054,208192,209495,138,1303,1,3600,1.10590943975
208076,208203,215270,127,7067,2,14400,1.01797085043
208148,208197,208201,49,4,1,3600,5.3
208766,271339,703375,62573,432036,6,432000,1.144832838
209022,209059,215608,37,6549,2,14400,1.00564971751
209037,209064,216714,27,7650,2,14400,1.00352941176
209317,209423,209764,106,341,1,600,1.31085043988
209441,210926,297330,1485,86404,1,86400,1.01718670432
209443,271694,703734,62251,432040,6,432000,1.14408619572
209530,209541,239310,11,29769,2,36000,1.00036951191
209543,209639,216376,96,6737,2,14400,1.01424966602
209607,209655,239446,48,29791,2,36000,1.00161122487
209609,209650,216334,41,6684,2,14400,1.00613405147
209686,209734,216835,48,7101,2,14400,1.00675961132
209709,209745,239668,36,29923,2,36000,1.00120308793
209797,209813,239028,16,29215,2,36000,1.00054766387
209806,209898,210682,92,784,1,7200,1.11734693878
209823,209887,216521,64,6634,2,14400,1.00964727163
209858,209903,213439,45,3536,1,7200,1.01272624434
209905,209961,210867,56,906,1,7200,1.06181015453
209963,210017,210971,54,954,1,7200,1.05660377358
210058,210109,210881,51,772,1,7200,1.06606217617
210161,210220,210982,59,762,1,7200,1.07742782152
210219,210304,211026,85,722,1,7200,1.11772853186
210243,210299,213360,56,3061,4,172800,1.01829467494
210260,210326,211021,66,695,1,7200,1.09496402878
210316,210350,217146,34,6796,2,14400,1.00500294291
210362,211424,218634,1062,7210,20,7199,1.14729542302
210400,211430,218631,1030,7201,20,7199,1.14303568949
210465,211419,218643,954,7224,24,7199,1.13205980066
210485,210523,216992,38,6469,2,14400,1.00587416911
210557,210620,211229,63,609,1,7200,1.10344827586
210585,210626,211673,41,1047,1,7200,1.03915950334
210957,211008,234828,51,23820,1,72000,1.00214105793
211083,211116,217859,33,6743,2,14400,1.00489396411
211144,217751,512150,6607,294399,1,345600,1.02244233167
211364,211449,283634,85,72185,4,72000,1.00117752996
211371,211486,283654,115,72168,4,72000,1.00159350405
211375,211413,211987,38,574,16,3600,1.06620209059
211524,211541,211665,17,124,1,600,1.13709677419
211552,211559,218605,7,7046,2,14400,1.00099347147
211848,211897,224877,49,12980,2,43200,1.00377503852
211883,211890,218998,7,7108,2,14400,1.00098480585
211938,211946,219135,8,7189,2,14400,1.00111281124
212015,216159,216772,4144,613,16,3600,7.76019575856
212219,213372,225102,1153,11730,2,43200,1.09829497016
212364,212900,256123,536,43223,20,43199,1.01240080513
212680,212688,219510,8,6822,2,14400,1.00117267663
212756,216784,217047,4028,263,10,172800,16.3155893536
212802,212809,213034,7,225,1,1800,1.03111111111
212982,212988,219643,6,6655,2,14400,1.00090157776
213036,213042,213079,6,37,4,14400,1.16216216216
213048,213056,213179,8,123,1,600,1.06504065041
213098,213106,217809,8,4703,4,14400,1.00170104189
213453,213887,252556,434,38669,8,43200,1.01122346065
213760,213766,213895,6,129,1,600,1.04651162791
214013,214019,214116,6,97,1,600,1.0618556701
214185,214191,214498,6,307,1,600,1.01954397394
214264,214306,216146,42,1840,8,1800,1.02282608696
214506,214701,234831,195,20130,1,108000,1.00968703428
214801,215053,216435,252,1382,1,7200,1.18234442836
214840,215141,216260,301,1119,1,7200,1.26899016979
214907,215211,222427,304,7216,1,7200,1.0421286031
214961,215283,222512,322,7229,1,7200,1.04454281367
215021,215028,215366,7,338,1,600,1.02071005917
215038,215288,215290,250,2,1,7200,25.2
215165,215171,215178,6,7,8,3600,1.3
215315,215625,230267,310,14642,4,18000,1.02117197104
215468,215474,222178,6,6704,2,14400,1.00089498807
216127,216134,223381,7,7247,1,7200,1.00096591693
216156,216166,223385,10,7219,1,7200,1.00138523341
216340,216346,222661,6,6315,2,14400,1.00095011876
216367,216374,228508,7,12134,1,14400,1.00057689138
216379,216385,223535,6,7150,2,14400,1.00083916084
216431,216437,223309,6,6872,2,14400,1.00087310827
216693,216699,223835,6,7136,2,14400,1.00084080717
216754,216761,225790,7,9029,2,43200,1.00077527965
216770,216789,223269,19,6480,12,7200,1.00293209877
216787,216795,223036,8,6241,2,14400,1.00128184586
216788,216801,223547,13,6746,2,14400,1.00192706789
217148,217154,223854,6,6700,2,14400,1.00089552239
217261,217269,255991,8,38722,2,43200,1.0002066009
217583,217591,217593,8,2,1,3600,1.0
217658,217664,217764,6,100,1,3600,1.06
217775,217781,224635,6,6854,2,14400,1.00087540123
217808,217815,217820,7,5,2,3600,1.2
217920,217926,218292,6,366,2,3600,1.01639344262
217954,217961,224431,7,6470,2,43200,1.00108191654
217989,217996,225389,7,7393,2,14400,1.00094684161
218252,218643,225858,391,7215,16,7200,1.05419265419
218313,218653,218727,340,74,4,172800,5.59459459459
218599,218648,218939,49,291,10,172800,1.16838487973
218942,218949,218955,7,6,3,72000,1.3
218978,218984,225711,6,6727,2,14400,1.00089192805
218985,218991,219348,6,357,2,3600,1.01680672269
218987,218998,226063,11,7065,4,172800,1.00155697098
219139,219147,226464,8,7317,2,14400,1.00109334427
219161,219168,225799,7,6631,2,14400,1.00105564772
219332,219339,291376,7,72037,3,72000,1.00009717229
219549,219556,392390,7,172834,10,172800,1.00004050129
219558,219564,227041,6,7477,2,14400,1.00080246088
219737,219744,219749,7,5,4,36120,1.2
219741,219750,223811,9,4061,4,36120,1.00221620291
219749,219757,219758,8,1,4,36120,1.0
219929,219936,222873,7,2937,2,3600,1.00238338441
220499,220506,278136,7,57630,16,57600,1.00012146452
221034,221040,223425,6,2385,2,7200,1.00251572327
221078,221084,223328,6,2244,2,7200,1.00267379679
221169,221177,222421,8,1244,2,3600,1.00643086817
221941,221947,222315,6,368,5,3600,1.01630434783
222142,222148,229126,6,6978,2,14400,1.00085984523
222150,222156,223228,6,1072,2,3600,1.00559701493
222259,222265,223194,6,929,8,3600,1.00645855759
222262,222272,222636,10,364,4,3600,1.02747252747
222663,222670,230178,7,7508,2,14400,1.00093233884
222718,222725,223784,7,1059,2,7200,1.00661000944
222951,222957,230215,6,7258,2,14400,1.00082667401
223070,223076,223719,6,643,5,3600,1.00933125972
223141,223148,223291,7,143,1,600,1.04895104895
223302,223308,230588,6,7280,2,14400,1.00082417582
223307,223316,223641,9,325,1,600,1.02769230769
223372,223379,223381,7,2,2,7200,1.0
223398,223404,229612,6,6208,2,7200,1.00096649485
223538,223545,230433,7,6888,2,14400,1.00101626016
223553,223560,230177,7,6617,2,14400,1.00105788122
223702,223709,224012,7,303,1,600,1.02310231023
223744,223751,232078,7,8327,2,14400,1.00084063889
223857,223864,230845,7,6981,2,14400,1.00100272167
223884,223891,231323,7,7432,2,14400,1.00094187298
224171,224177,224178,6,1,1,600,1.0
224582,224589,260571,7,35982,2,43200,1.00019454172
224587,224596,225881,9,1285,2,7200,1.00700389105
224656,224663,231900,7,7237,20,7199,1.00096725162
224696,224703,231904,7,7201,20,7199,1.00097208721
224791,231916,239145,7125,7229,24,7199,1.98561350118
224952,225349,225352,397,3,1,300,40.0
224974,224981,231740,7,6759,2,14400,1.00103565616
224984,225870,237152,886,11282,8,43200,1.07853217515
225007,225344,225666,337,322,1,600,2.04658385093
225028,225364,225366,336,2,1,300,33.8
225049,225378,225380,329,2,1,300,33.1
225495,225502,256342,7,30840,2,43200,1.00022697795
225592,225599,232752,7,7153,2,14400,1.00097861037
225634,225789,226071,155,282,5,3600,1.54964539007
225786,225797,233502,11,7705,2,14400,1.00142764439
225918,225924,226239,6,315,1,600,1.01904761905
226018,226026,256228,8,30202,4,54000,1.00026488312
226041,226047,248973,6,22926,2,43200,1.00026171159
226071,226077,226082,6,5,4,54000,1.1
226172,239030,271281,12858,32251,20,86399,1.39868531208
226253,226260,226329,7,69,1,600,1.10144927536
226259,257304,271683,31045,14379,128,23400,3.15905139439
226330,226337,233851,7,7514,2,14400,1.00093159436
226344,271705,271710,45361,5,4,54000,4536.6
226459,238765,253996,12306,15231,64,23400,1.80795745519
226495,226502,227121,7,619,1,7200,1.0113085622
226501,226508,226908,7,400,1,600,1.0175
226557,226563,232637,6,6074,2,14400,1.00098781692
226557,226568,227064,11,496,1,7200,1.02217741935
226616,226624,227059,8,435,1,7200,1.0183908046
226911,226919,237752,8,10833,10,10799,1.00073848426
227044,227050,228855,6,1805,1,1800,1.00332409972
227283,227290,228063,7,773,1,14400,1.00905562743
228186,228193,228196,7,3,2,7200,1.0
228229,228235,231865,6,3630,2,3600,1.00165289256
228357,228363,229620,6,1257,2,7200,1.00477326969
228428,228436,228453,8,17,4,7200,1.47058823529
228491,228498,235634,7,7136,2,14400,1.0009809417
228555,228867,228870,312,3,4,7200,31.5
228910,228916,228991,6,75,1,3600,1.08
229022,229029,229488,7,459,1,600,1.01525054466
229502,229510,236067,8,6557,2,14400,1.00122007015
229745,229752,232714,7,2962,8,7200,1.00236326806
230164,230199,232346,35,2147,2,3600,1.01630181649
230181,230194,237361,13,7167,2,14400,1.00181386912
230219,230226,237019,7,6793,2,14400,1.00103047255
230241,230248,233887,7,3639,2,3600,1.00192360539
230435,230442,236829,7,6387,2,14400,1.0010959762
230436,230449,236840,13,6391,2,14400,1.00203411047
230449,230456,230702,7,246,1,3600,1.02845528455
230637,230644,237778,7,7134,2,14400,1.00098121671
230748,230755,237010,7,6255,2,7200,1.00111910472
231057,231064,238561,7,7497,2,14400,1.00093370682
231202,231209,231247,7,38,1,1800,1.18421052632
231373,231380,238158,7,6778,2,14400,1.00103275302
231398,231405,231951,7,546,1,1800,1.01282051282
231895,231902,238912,7,7010,2,14400,1.00099857347
231923,231929,235564,6,3635,2,3600,1.00165061898
232224,232231,239762,7,7531,2,14400,1.00092949144
232484,271721,289437,39237,17716,2,28800,3.21477760217
232730,232737,239754,7,7017,2,14400,1.00099757731
232785,232791,235955,6,3164,2,3600,1.00189633375
232902,232908,239548,6,6640,2,14400,1.00090361446
232971,239343,239675,6372,332,12,21599,20.1927710843
232989,239686,296547,6697,56861,10,86400,1.11777844217
233051,233057,233066,6,9,1,1740,1.5
233218,233225,233430,7,205,1,14400,1.03414634146
233293,233301,233514,8,213,1,14400,1.03755868545
233358,233365,233541,7,176,1,14400,1.03977272727
233564,233571,235534,7,1963,2,3600,1.00356597045
233578,233584,233587,6,3,1,300,1.0
233628,233634,240523,6,6889,2,14400,1.00087095369
233933,233940,233987,7,47,1,14400,1.14893617021
233992,233999,234027,7,28,1,1740,1.25
234002,234010,234179,8,169,1,14400,1.04733727811
234141,234147,240725,6,6578,2,14400,1.00091213135
234176,234182,276713,6,42531,1,54000,1.00014107357
234503,271732,288467,37229,16735,2,28800,3.22461906185
234570,234577,241800,7,7223,2,7200,1.0009691264
234572,234583,234905,11,322,1,14400,1.03416149068
234624,234631,234649,7,18,1,1740,1.38888888889
235077,235084,235104,7,20,1,1740,1.35
235120,235127,238765,7,3638,2,3600,1.00192413414
235288,235294,235362,6,68,1,1740,1.08823529412
235511,235517,236334,6,817,1,1740,1.00734394125
235528,235534,236556,6,1022,2,3600,1.00587084149
235614,271737,289353,36123,17616,2,28800,3.05057901907
235680,235687,242325,7,6638,2,14400,1.0010545345
236282,236288,238754,6,2466,4,7200,1.00243309002
236295,239156,290946,2861,51790,20,86399,1.05524232477
236511,236517,243489,6,6972,2,14400,1.0008605852
236817,236825,237601,8,776,2,7200,1.01030927835
236847,236854,244365,7,7511,2,14400,1.00093196645
236865,242942,243368,6077,426,1,10800,15.265258216
236876,242947,243370,6071,423,1,10800,15.3522458629
236895,236902,243521,7,6619,2,14400,1.00105756157
236914,237613,238465,699,852,2,7200,1.82042253521
237071,242952,243375,5881,423,1,10800,14.9030732861
237361,237368,245048,7,7680,2,14400,1.00091145833
237362,271700,273872,34338,2172,2,36000,16.8093922652
237414,237421,239793,7,2372,4,3600,1.00295109612
237415,237428,244439,13,7011,2,14400,1.00185422907
237487,239852,245816,2365,5964,1,14400,1.39654594232
237492,239857,245816,2365,5959,1,14400,1.39687867092
237509,242918,245816,5409,2898,1,14400,2.86645962733
237515,242924,245816,5409,2892,1,14400,2.87033195021
237523,242931,245816,5408,2885,1,14400,2.87452339688
237565,242936,245821,5371,2885,1,14400,2.86169844021
237637,270385,298758,32748,28373,2,43200,2.15419589046
238045,242897,258001,4852,15104,2,25200,1.32123940678
238092,242902,242903,4810,1,2,21600,481.1
238160,238167,245798,7,7631,2,14400,1.00091731097
238483,242908,257619,4425,14711,2,25200,1.30079532323
238563,238570,245064,7,6494,2,14400,1.00107791808
238599,238605,244820,6,6215,2,14400,1.00096540628
238813,242913,242914,4100,1,2,21600,410.1
238888,239893,242372,1005,2479,4,3600,1.40540540541
238968,238975,245776,7,6801,2,14400,1.0010292604
239599,239606,246675,7,7069,2,14400,1.00099023907
239772,239778,246747,6,6969,2,14400,1.00086095566
239827,239833,246710,6,6877,2,14400,1.00087247346
239828,239841,247172,13,7331,2,14400,1.0017732915
239999,240006,242467,7,2461,4,3600,1.00284437221
240349,240541,243015,192,2474,4,3600,1.07760711399
241639,241646,248406,7,6760,2,14400,1.00103550296
243086,243093,249697,7,6604,2,14400,1.00105996366
243430,243437,243438,7,1,2,600,1.0
243525,243531,250429,6,6898,2,14400,1.00086981734
243582,243589,250773,7,7184,2,14400,1.00097438753
243672,243678,243683,6,5,2,600,1.1
244311,244318,244439,7,121,2,600,1.05785123967
244441,244449,250845,8,6396,2,14400,1.00125078174
244823,244829,252392,6,7563,2,14400,1.00079333598
244874,244882,251808,8,6926,2,14400,1.00115506786
245065,245071,252391,6,7320,2,14400,1.00081967213
245256,245262,251704,6,6442,2,14400,1.00093138777
245288,245294,245311,6,17,2,600,1.35294117647
245292,245300,245662,8,362,2,1800,1.02209944751
245486,245492,245493,6,1,2,600,1.0
245709,245715,246138,6,423,1,10800,1.01418439716
245715,245723,246130,8,407,1,10800,1.01965601966
245720,245730,246137,10,407,1,10800,1.02457002457
245800,245807,253146,7,7339,2,14400,1.00095380842
245860,245866,252392,6,6526,2,14400,1.00091939933
245975,245981,245983,6,2,2,3540,1.0
246173,246179,246531,6,352,1,14400,1.01704545455
246212,246219,246562,7,343,1,14400,1.02040816327
246255,246261,246603,6,342,1,14400,1.01754385965
246283,246290,246627,7,337,1,14400,1.02077151335
246318,246326,246682,8,356,1,14400,1.02247191011
246328,246335,246760,7,425,1,10800,1.01647058824
246348,246355,246716,7,361,1,14400,1.01939058172
246713,246720,253627,7,6907,2,14400,1.0010134646
246749,246756,253698,7,6942,2,14400,1.00100835494
246873,246881,253519,8,6638,2,14400,1.00120518228
247203,247210,254007,7,6797,2,14400,1.00102986612
247240,247247,247644,7,397,1,14400,1.01763224181
247346,247353,247878,7,525,1,14400,1.01333333333
247360,247368,247791,8,423,1,10800,1.01891252955
249540,249548,256454,8,6906,2,14400,1.00115841297
249876,249883,256877,7,6994,2,14400,1.00100085788
250774,250780,257278,6,6498,2,14400,1.00092336103
250846,250852,257278,6,6426,2,14400,1.00093370682
251010,251016,257278,6,6262,2,14400,1.00095816033
251811,251817,257278,6,5461,2,14400,1.00109869987
251932,251938,257278,6,5340,2,14400,1.00112359551
252399,252414,257278,15,4864,2,14400,1.00308388158
252402,252425,257278,23,4853,2,14400,1.00473933649
252617,271710,298311,19093,26601,7,72000,1.71775497162
253149,253156,257278,7,4122,2,14400,1.00169820475
253521,253528,257278,7,3750,2,14400,1.00186666667
253594,253601,257278,7,3677,2,14400,1.00190372586
253700,253706,257278,6,3572,2,14400,1.00167973124
253770,253776,257278,6,3502,2,14400,1.00171330668
254136,254143,257278,7,3135,2,14400,1.00223285486
254706,254713,254728,7,15,1,300,1.46666666667
255474,271727,271752,16253,25,10,360000,651.12
255640,271853,281537,16213,9684,2,14400,2.67420487402
256878,256885,257278,7,393,2,14400,1.01781170483
257403,257409,264454,6,7045,2,14400,1.00085166785
257405,257417,264952,12,7535,2,14400,1.00159256802
257406,257422,264758,16,7336,2,14400,1.00218102508
257407,257427,264570,20,7143,2,14400,1.002799944
257409,257433,264486,24,7053,2,14400,1.00340280732
257410,257438,264370,28,6932,2,14400,1.00403923832
257412,257445,264841,33,7396,2,14400,1.00446187128
257413,257450,264429,37,6979,2,14400,1.00530161914
257415,257455,264482,40,7027,2,14400,1.00569232959
257416,257461,264754,45,7293,2,14400,1.00617030029
257417,257466,264330,49,6864,2,14400,1.00713869464
257419,257472,264598,53,7126,2,14400,1.00743755262
257420,257477,264574,57,7097,2,14400,1.00803156263
257422,257483,264354,61,6871,2,14400,1.00887789259
257423,257488,264434,65,6946,2,14400,1.00935790383
257425,257631,263996,206,6365,2,14400,1.03236449332
257426,258013,265062,587,7049,2,14400,1.08327422329
257428,260584,267754,3156,7170,2,14400,1.44016736402
257429,263305,270331,5876,7026,2,14400,1.83632223171
257430,264008,270374,6578,6366,2,14400,2.03330191643
257432,264342,271409,6910,7067,2,14400,1.97778406679
257434,264366,271588,6932,7222,2,14400,1.95984491831
257435,264382,271567,6947,7185,2,14400,1.96687543493
257436,264441,271804,7005,7363,2,14400,1.95137851419
257438,264448,271205,7010,6757,2,14400,2.03744265206
257439,264466,271410,7027,6944,2,14400,2.01195276498
257441,264494,271718,7053,7224,2,14400,1.97632890365
257442,264501,271560,7059,7059,2,14400,2.0
257444,264582,271360,7138,6778,2,14400,2.05311301269
257445,264588,271197,7143,6609,2,14400,2.08079891058
257447,264611,271635,7164,7024,2,14400,2.01993166287
257448,264766,271232,7318,6466,2,14400,2.13176616146
257450,264773,271541,7323,6768,2,14400,2.0820035461
257451,264852,271550,7401,6698,2,14400,2.10495670349
257452,264965,272305,7513,7340,2,14400,2.02356948229
257839,265074,265324,7235,250,1,3540,29.94
258207,265079,267127,6872,2048,1,3540,4.35546875
258285,265337,265513,7052,176,1,3540,41.0681818182
258334,265524,265786,7190,262,1,3540,28.4427480916
258384,265797,266252,7413,455,1,3540,17.2923076923
258457,266263,266618,7806,355,1,3540,22.9887323944
258505,266629,267105,8124,476,1,3540,18.0672268908
258553,267117,267594,8564,477,1,3540,18.9538784067
258601,267138,267644,8537,506,1,3540,17.871541502
258650,267605,268081,8955,476,1,3540,19.8130252101
258699,267656,268160,8957,504,1,3540,18.7718253968
258776,267765,268299,8989,534,1,3540,17.8333333333
258976,267771,268034,8795,263,1,3540,34.4410646388
259228,268046,268225,8818,179,1,3540,50.2625698324
259405,269704,269821,10299,117,4,3540,89.0256410256
259810,268093,268216,8283,123,1,3540,68.3414634146
261877,271303,271622,9426,319,1,23430,30.5485893417
263997,271209,277978,7212,6769,2,14400,2.06544541291
264331,271217,278175,6886,6958,2,14400,1.98965219891
264355,271243,278528,6888,7285,2,14400,1.94550446122
264372,271373,277982,7001,6609,2,14400,2.05931305795
264430,271421,278167,6991,6746,2,14400,2.03631781797
264444,271428,278187,6984,6759,2,14400,2.03328894807
264459,271554,277911,7095,6357,2,14400,2.11609249646
264483,271562,278713,7079,7151,2,14400,1.98993147811
264498,271571,278111,7073,6540,2,14400,2.08149847095
264573,271578,278466,7005,6888,2,14400,2.01698606272
264587,271601,278066,7014,6465,2,14400,2.0849187935
264602,271647,278518,7045,6871,2,14400,2.02532382477
264755,271743,278759,6988,7016,2,14400,1.99600912201
264770,271748,279279,6978,7531,2,14400,1.9265701766
264842,271753,278291,6911,6538,2,14400,2.05705108596
264954,271761,278626,6807,6865,2,14400,1.99155134741
265062,271767,278799,6705,7032,2,14400,1.95349829352
266963,271882,271902,4919,20,16,28800,246.95
266963,271716,271741,4753,25,16,28800,191.12
266964,271915,271929,4951,14,16,28800,354.642857143
266965,271958,271968,4993,10,16,28800,500.3
266965,271935,271952,4970,17,16,28800,293.352941176
266966,271974,271986,5008,12,16,28800,418.333333333
266967,271992,272002,5025,10,16,28800,503.5
266968,272008,272025,5040,17,16,28800,297.470588235
266968,272031,272043,5063,12,16,28800,422.916666667
266969,272049,272069,5080,20,16,28800,255.0
267756,271772,278832,4016,7060,2,14400,1.56883852691
267775,271858,307904,4083,36046,2,36000,1.11327193031
267856,271864,307866,4008,36002,2,36000,1.11132714849
267907,268228,268235,321,7,1,3600,32.8
267910,271869,307875,3959,36006,2,36000,1.10995389657
268011,271875,307916,3864,36041,2,36000,1.10721123165
268165,268172,269195,7,1023,1,900,1.00684261975
268350,268357,268468,7,111,1,3600,1.06306306306
268601,268607,268869,6,262,1,3600,1.02290076336
269116,269122,269694,6,572,1,3600,1.01048951049
270238,270245,270251,7,6,1,3600,1.3
270334,271777,279185,1443,7408,2,14400,1.19478941685
270367,270373,270454,6,81,1,3600,1.07407407407
270377,271783,278078,1406,6295,2,14400,1.22335186656
270587,270593,270837,6,244,1,3600,1.02459016393
271145,271151,271620,6,469,1,3600,1.01279317697
271199,271788,278477,589,6689,2,14400,1.0880550157
271214,271793,278760,579,6967,2,14400,1.08310607148
271234,271799,279201,565,7402,2,14400,1.07633072143
271364,271804,279003,440,7199,2,14400,1.06111959994
271401,271630,271638,229,8,1,1800,23.7
271413,271810,278508,397,6698,2,14400,1.05927142431
271414,271815,278905,401,7090,2,14400,1.05655853315
271546,271820,278584,274,6764,2,14400,1.04050857481
271561,271826,279580,265,7754,2,14400,1.03417590921
271562,271831,278927,269,7096,2,14400,1.03790868095
271577,271837,278763,260,6926,2,14400,1.03753970546
271592,271842,278285,250,6443,2,14400,1.0388018004
271638,271848,278846,210,6998,2,14400,1.03000857388
271719,271887,279069,168,7182,2,14400,1.02339181287
271782,271898,272010,116,112,1,3600,2.03571428571
271788,271903,271980,115,77,1,1800,2.49350649351
271807,271893,278704,86,6811,2,14400,1.01262663339
272145,272151,272407,6,256,1,3600,1.0234375
272193,272199,272295,6,96,1,1800,1.0625
272306,272312,279379,6,7067,2,14400,1.00084901656
272650,272656,273219,6,563,1,3600,1.01065719361
272751,272758,273147,7,389,1,1800,1.01799485861
273803,273810,273817,7,7,1,1800,1.4
273967,273973,274014,6,41,1,1800,1.14634146341
274098,274104,274185,6,81,1,3600,1.07407407407
274230,274236,274313,6,77,1,1800,1.07792207792
274321,274327,274563,6,236,1,3600,1.02542372881
274855,274861,275313,6,452,1,3600,1.01327433628
274915,274921,275184,6,263,1,1800,1.02281368821
277913,277919,285027,6,7108,2,14400,1.0008441193
277979,277985,285256,6,7271,2,14400,1.00082519598
277994,278000,284543,6,6543,2,14400,1.00091701055
278069,278076,285037,7,6961,2,14400,1.00100560264
278084,278090,284728,6,6638,2,14400,1.00090388671
278114,278120,285261,6,7141,2,14400,1.00084021846
278168,278174,285843,6,7669,2,14400,1.00078237058
278183,278189,285937,6,7748,2,14400,1.00077439339
278198,278204,285486,6,7282,2,14400,1.00082394946
278288,278295,285495,7,7200,2,14400,1.00097222222
278303,278309,284811,6,6502,2,14400,1.00092279299
278469,278475,285610,6,7135,2,14400,1.00084092502
278484,278490,285260,6,6770,2,14400,1.00088626292
278511,278517,285605,6,7088,2,14400,1.00084650113
278525,278532,285400,7,6868,2,14400,1.00101921957
278540,278546,285980,6,7434,2,14400,1.0008071025
278586,278592,285615,6,7023,2,14400,1.00085433575
278628,278634,285627,6,6993,2,14400,1.00085800086
278707,278713,285412,6,6699,2,14400,1.00089565607
278721,278727,286124,6,7397,2,14400,1.00081113965
278761,278767,285643,6,6876,2,14400,1.00087260035
278763,278773,285843,10,7070,2,14400,1.00141442716
278778,278784,286184,6,7400,2,14400,1.00081081081
278799,278805,285697,6,6892,2,14400,1.00087057458
278835,278841,286006,6,7165,2,14400,1.00083740405
278850,278856,286231,6,7375,2,14400,1.00081355932
278907,278913,285635,6,6722,2,14400,1.00089259149
278928,278934,285778,6,6844,2,14400,1.0008766803
279004,279010,286059,6,7049,2,14400,1.00085118457
279022,279028,279101,6,73,1,1800,1.08219178082
279070,279076,286197,6,7121,2,14400,1.00084257829
279187,279194,285691,7,6497,2,14400,1.00107742035
279203,279209,285573,6,6364,2,14400,1.00094280327
279281,279287,285867,6,6580,2,14400,1.0009118541
279321,279327,279417,6,90,1,1800,1.06666666667
279380,279386,286581,6,7195,2,14400,1.00083391244
279582,279588,286719,6,7131,2,14400,1.00084139672
279871,279877,280237,6,360,1,1800,1.01666666667
280946,280952,314518,6,33566,6,216000,1.00017875231
281323,281330,281370,7,40,1,1800,1.175
281594,281600,281671,6,71,1,1800,1.08450704225
282255,282261,282502,6,241,1,1800,1.02489626556
284547,284558,290909,11,6351,2,14400,1.00173201071
284731,284737,292086,6,7349,2,14400,1.00081643761
284812,284818,291327,6,6509,2,14400,1.00092180058
285029,285035,291527,6,6492,2,14400,1.00092421442
285044,285050,292123,6,7073,2,14400,1.00084829634
285258,285264,292653,6,7389,2,14400,1.00081201786
285273,285279,292066,6,6787,2,14400,1.00088404302
285274,285285,292353,11,7068,2,14400,1.00155631013
285404,285410,292251,6,6841,2,14400,1.00087706476
285419,285425,292848,6,7423,2,14400,1.00080829853
285490,285496,292799,6,7303,2,14400,1.00082158017
285505,285511,292459,6,6948,2,14400,1.00086355786
285574,285580,293120,6,7540,2,14400,1.00079575597
285610,285616,292937,6,7321,2,14400,1.00081956017
285625,285631,292782,6,7151,2,14400,1.00083904349
285626,285637,292759,11,7122,2,14400,1.00154450997
285642,285647,292399,5,6752,2,14400,1.00074052133
285643,285653,292721,10,7068,2,14400,1.00141482739
285658,285664,293308,6,7644,2,14400,1.00078492936
285694,285700,292861,6,7161,2,14400,1.00083787181
285709,285715,293401,6,7686,2,14400,1.00078064012
285781,285787,292637,6,6850,2,14400,1.00087591241
285844,285850,293157,6,7307,2,14400,1.00082113042
285846,285856,292961,10,7105,2,14400,1.00140745954
285870,285876,292880,6,7004,2,14400,1.00085665334
285939,285945,292963,6,7018,2,14400,1.00085494443
285981,285987,292888,6,6901,2,14400,1.00086943921
286008,286014,293329,6,7315,2,14400,1.0008202324
286062,286068,292941,6,6873,2,14400,1.00087298123
286125,286131,293044,6,6913,2,14400,1.00086792999
286185,286191,293411,6,7220,2,14400,1.00083102493
286200,286206,293137,6,6931,2,14400,1.00086567595
286233,286239,293414,6,7175,2,14400,1.00083623693
286583,286589,295246,6,8657,2,14400,1.00069308074
286721,286728,294601,7,7873,2,14400,1.0008891147
287161,287167,290799,6,3632,1,36000,1.00165198238
287211,287217,290801,6,3584,1,36000,1.00167410714
287251,287257,290805,6,3548,1,36000,1.00169109357
287287,287293,290808,6,3515,1,36000,1.00170697013
287315,287321,290814,6,3493,1,36000,1.00171772116
287337,287343,290817,6,3474,1,36000,1.00172711572
287362,287368,290821,6,3453,1,36000,1.00173761946
287432,287438,290823,6,3385,1,36000,1.00177252585
288150,288156,320445,6,32289,1,54000,1.0001858218
289311,289317,296571,6,7254,4,36000,1.00082712986
289382,289389,291642,7,2253,2,72000,1.00310696849
289466,289473,298276,7,8803,2,72000,1.00079518346
290910,290916,298476,6,7560,2,14400,1.00079365079
290930,290936,295344,6,4408,1,36000,1.00136116152
290936,290942,295346,6,4404,1,36000,1.00136239782
290943,290949,295347,6,4398,1,36000,1.00136425648
291124,291130,295349,6,4219,1,36000,1.00142213795
291146,291152,295350,6,4198,1,36000,1.00142925202
291187,291193,295351,6,4158,1,36000,1.00144300144
291192,291199,295354,7,4155,1,36000,1.00168471721
291201,291207,295355,6,4148,1,36000,1.00144648023
291329,291335,298662,6,7327,2,14400,1.00081888904
291465,291471,292124,6,653,10,3600,1.00918836141
291468,291478,291718,10,240,1,1740,1.04166666667
291527,291534,298467,7,6933,2,14400,1.00100966393
291733,291739,292988,6,1249,1,23430,1.00480384307
292068,292074,299357,6,7283,2,14400,1.00082383633
292089,292095,299468,6,7373,2,14400,1.00081378001
292125,292131,299639,6,7508,2,14400,1.00079914758
292251,292258,298589,7,6331,2,14400,1.00110567051
292354,292360,298997,6,6637,2,14400,1.0009040229
292402,292408,299009,6,6601,2,14400,1.00090895319
292462,292468,299372,6,6904,2,14400,1.00086906141
292640,292647,299980,7,7333,2,14400,1.00095458884
292655,292661,299502,6,6841,2,14400,1.00087706476
292725,292731,299822,6,7091,2,14400,1.000846143
292761,292767,300080,6,7313,2,14400,1.00082045672
292785,292791,300080,6,7289,2,14400,1.00082315818
292799,292806,299609,7,6803,2,14400,1.00102895781
292842,292848,293051,6,203,1,550,1.02955665025
292851,292857,300089,6,7232,2,14400,1.00082964602
292865,292872,299808,7,6936,2,14400,1.00100922722
292883,292890,300167,7,7277,2,14400,1.00096193486
292898,292904,299851,6,6947,2,14400,1.00086368216
292937,292943,299663,6,6720,2,14400,1.00089285714
292952,292958,300590,6,7632,2,14400,1.00078616352
292967,292973,300619,6,7646,2,14400,1.00078472404
292969,292979,299713,10,6734,2,14400,1.00148500149
293047,293053,300542,6,7489,2,14400,1.00080117506
293123,293129,300280,6,7151,2,14400,1.00083904349
293138,293144,299859,6,6715,2,14400,1.00089352197
293159,293165,300488,6,7323,2,14400,1.00081933634
293310,293316,300373,6,7057,2,14400,1.00085021964
293331,293337,299643,6,6306,2,14400,1.00095147479
293334,293344,293457,10,113,16,600,1.08849557522
293403,293410,299911,7,6501,2,14400,1.00107675742
293406,293416,294159,10,743,1,3600,1.0134589502
293420,293426,300619,6,7193,2,14400,1.00083414431
293422,293432,301074,10,7642,2,14400,1.00130855797
293476,293482,293645,6,163,16,600,1.03680981595
293557,293563,331005,6,37442,2,86400,1.00016024785
293584,293590,293796,6,206,1,550,1.02912621359
293585,293596,293797,11,201,1,550,1.05472636816
293585,293602,293803,17,201,1,550,1.08457711443
293585,293608,293808,23,200,1,550,1.115
293631,293637,294249,6,612,16,600,1.00980392157
294078,294084,459963,6,165879,2,460800,1.00003617094
294274,294281,308413,7,14132,4,172800,1.00049532975
294280,294288,294382,8,94,32,7200,1.08510638298
294369,294375,348396,6,54021,4,54000,1.00011106792
294507,294513,300302,6,5789,32,7200,1.00103644844
294556,294562,312709,6,18147,1,23430,1.00033063316
294605,294611,302258,6,7647,2,14400,1.00078462142
294795,294801,294958,6,157,1,300,1.03821656051
294943,294949,294954,6,5,10,57600,1.1
295109,295115,321766,6,26651,10,57600,1.00022513227
295110,295121,295126,11,5,2,36000,1.6
295145,295151,295366,6,215,1,550,1.02790697674
295192,295198,295383,6,185,1,550,1.03243243243
295247,295253,302404,6,7151,2,14400,1.00083904349
295282,295288,296503,6,1215,2,21600,1.0049382716
295284,295300,295548,16,248,1,300,1.06451612903
295286,295294,296408,8,1114,2,21600,1.00718132855
295393,295399,295474,6,75,1,550,1.08
295560,295567,295829,7,262,1,300,1.02671755725
295563,295573,295770,10,197,1,550,1.05076142132
295586,295592,308876,6,13284,4,72000,1.00045167118
295591,295598,308817,7,13219,4,72000,1.00052954081
295852,295858,435420,6,139562,1,172800,1.00004299165
295869,295875,410656,6,114781,1,172800,1.00005227346
295888,295895,414982,7,119087,1,172800,1.00005878056
295904,295910,396819,6,100909,1,172800,1.00005945951
295932,295938,383679,6,87741,1,172800,1.00006838308
295945,295951,382208,6,86257,1,172800,1.00006955957
295963,295970,380252,7,84282,1,172800,1.00008305451
295972,299654,731703,3682,432049,20,432000,1.00852218151
295977,295983,379524,6,83541,1,172800,1.00007182102
296121,296128,321906,7,25778,2,43200,1.00027154938
296205,299819,310008,3614,10189,10,43199,1.35469624104
296374,296380,298448,6,2068,1,72000,1.00290135397
296387,296393,317591,6,21198,2,43200,1.00028304557
296446,302891,314779,6445,11888,12,43200,1.54214333782
296611,372476,378913,75865,6437,32,7200,12.7857697685
296621,296628,296740,7,112,2,3600,1.0625
296670,297336,382266,666,84930,10,115200,1.00784175203
297003,297011,297082,8,71,2,3600,1.11267605634
297277,299399,308764,2122,9365,2,43200,1.22658836092
297383,297389,297588,6,199,1,550,1.03015075377
297493,297500,297710,7,210,1,550,1.03333333333
297613,297620,297765,7,145,2,3600,1.04827586207
297814,300139,305473,2325,5334,4,36120,1.43588301462
297954,297961,298481,7,520,2,3600,1.01346153846
297967,298487,330895,520,32408,20,32399,1.01604542088
298005,360890,365247,62885,4357,20,7199,15.4330961671
298034,298041,298049,7,8,4,3600,1.5
298052,365258,372464,67206,7206,24,7199,10.3263946711
298083,298091,298287,8,196,1,550,1.04081632653
298113,299922,307677,1809,7755,8,115200,1.2332688588
298209,298460,366541,251,68081,1,86400,1.00368678486
298471,298477,305865,6,7388,2,14400,1.00081212777
298486,298494,305864,8,7370,2,14400,1.00108548168
298574,308835,312473,10261,3638,2,3600,3.8205057724
298592,298599,305441,7,6842,2,14400,1.00102309266
298663,298669,305236,6,6567,2,14400,1.00091365921
298889,298895,299160,6,265,1,540,1.02264150943
299001,299008,306048,7,7040,2,14400,1.00099431818
299013,299384,299387,371,3,2,3600,37.4
299015,299022,305737,7,6715,2,14400,1.00104244229
299101,300324,322650,1223,22326,10,57600,1.05477918122
299362,299369,306689,7,7320,2,14400,1.00095628415
299377,299389,306634,12,7245,2,14400,1.0016563147
299471,299477,306534,6,7057,2,14400,1.00085021964
299504,299510,306494,6,6984,2,14400,1.00085910653
299597,299604,299803,7,199,1,550,1.0351758794
299614,299621,306720,7,7099,2,14400,1.00098605437
299641,299647,306061,6,6414,2,14400,1.0009354537
299656,299663,306963,7,7300,2,14400,1.00095890411
299670,299992,307001,322,7009,2,14400,1.04594093309
299716,300101,306178,385,6077,2,14400,1.06335362844
299741,300092,300096,351,4,4,172800,35.5
299810,300340,307629,530,7289,2,14400,1.07271230621
299825,300399,307750,574,7351,2,14400,1.07808461434
299852,300500,307191,648,6691,2,14400,1.09684651024
299868,300553,307856,685,7303,2,14400,1.0937970697
299906,300108,300112,202,4,4,172800,20.6
299914,300602,307880,688,7278,2,14400,1.09453146469
299984,301545,308647,1561,7102,2,14400,1.21979724021
300082,302269,308937,2187,6668,2,14400,1.32798440312
300083,302416,309598,2333,7182,2,14400,1.32483987747
300085,300124,300127,39,3,4,172800,4.2
300098,305248,312046,5150,6798,2,14400,1.75757575758
300141,300330,300334,189,4,4,172800,19.3
300141,300313,301822,172,1509,12,10799,1.11398277005
300168,305453,312514,5285,7061,2,14400,1.74847755275
300277,300319,301971,42,1652,4,36000,1.02542372881
300283,305509,312072,5226,6563,2,14400,1.79628218802
300291,300335,357822,44,57487,4,172800,1.00076539044
300314,300347,344822,33,44475,4,172800,1.00074198988
300338,300384,300386,46,2,2,3600,4.8
300355,300631,360463,276,59832,4,172800,1.00461291617
300377,305749,312804,5372,7055,2,14400,1.76144578313
300380,314155,360879,13775,46724,4,172800,1.29481636846
300490,305875,312837,5385,6962,2,14400,1.77348463085
300545,305883,313561,5338,7678,2,14400,1.69523313363
300594,306061,312886,5467,6825,2,14400,1.80102564103
300622,306072,313173,5450,7101,2,14400,1.76749753556
300623,306189,312823,5566,6634,2,14400,1.83901115466
300720,308840,311799,8120,2959,1,10800,3.74417032781
300727,317895,323811,17168,5916,1,10800,3.90196078431
300731,319074,320700,18343,1626,1,10800,12.2810578106
300804,301085,301534,281,449,2,3600,1.62583518931
300988,305484,305518,4496,34,2,300,133.235294118
301208,309689,310057,8481,368,1,14400,24.0461956522
301739,301834,302875,95,1041,12,21599,1.09125840538
301952,302884,305498,932,2614,4,36000,1.35654169855
302124,308424,309157,6300,733,4,36300,9.59481582538
302258,308589,309095,6331,506,4,14400,13.5118577075
302296,308829,312462,6533,3633,1,3600,2.79823837049
302402,308595,309130,6193,535,4,36360,12.5757009346
304641,310020,311859,5379,1839,10,1800,3.92495921697
304806,305682,336034,876,30352,10,43200,1.02886136004
305734,313112,349141,7378,36029,4,36000,1.20477948319
306182,306507,313512,325,7005,2,14400,1.04639543183
306497,306546,313502,49,6956,2,14400,1.00704427832
306536,306645,313314,109,6669,2,14400,1.0163442795
306636,306702,313193,66,6491,2,14400,1.01016792482
306693,306732,313137,39,6405,2,14400,1.00608899297
306720,306975,314067,255,7092,2,14400,1.03595600677
306965,307013,314012,48,6999,2,14400,1.00685812259
307004,307203,314530,199,7327,2,14400,1.02715981984
307194,307641,315136,447,7495,2,14400,1.05963975984
307632,307894,315136,262,7242,2,14400,1.03617785142
307662,307887,382261,225,74374,8,115200,1.00302525076
307752,307916,314531,164,6615,2,14400,1.02479213908
307858,307927,314530,69,6603,2,14400,1.01044979555
307882,308658,315642,776,6984,2,14400,1.11111111111
308652,308948,316130,296,7182,2,14400,1.04121414648
308750,309168,352408,418,43240,10,43200,1.00966697502
308867,308888,312395,21,3507,4,3600,1.00598802395
308887,312485,316107,3598,3622,4,3600,1.99337382662
308895,333585,348716,24690,15131,4,172800,2.63174938867
308938,309174,315976,236,6802,2,14400,1.03469567774
308978,312536,314997,3558,2461,4,3600,2.44575375863
308993,314160,397442,5167,83282,4,144000,1.06204221801
309016,348732,351331,39716,2599,4,172800,16.2812620239
309038,315148,397482,6110,82334,4,144000,1.07420992543
309276,333590,334323,24314,733,4,172800,34.17053206
309349,309694,310056,345,362,1,3540,1.95303867403
309518,312407,312524,2889,117,4,3540,25.6923076923
309601,309611,315881,10,6270,2,14400,1.00159489633
309702,322819,350155,13117,27336,2,43200,1.47984342991
309756,311869,313095,2113,1226,12,10799,2.72349102773
309866,313106,313142,3240,36,12,3599,91.0
310379,311811,311921,1432,110,1,14400,14.0181818182
310861,314149,317181,3288,3032,4,36300,2.08443271768
311830,311933,312713,103,780,1,23430,1.13205128205
312047,312058,318978,11,6920,2,14400,1.00158959538
312074,312527,319273,453,6746,2,14400,1.06715090424
312259,312726,313804,467,1078,1,14400,1.4332096475
312517,312815,319811,298,6996,2,14400,1.04259576901
312672,335490,368334,22818,32844,2,86400,1.69473876507
312745,313816,316035,1071,2219,1,23430,1.48264984227
312806,312849,320536,43,7687,2,14400,1.00559385976
312824,312898,319660,74,6762,2,14400,1.01094350784
312839,313149,320350,310,7201,2,14400,1.04304957645
312890,313185,320341,295,7156,2,14400,1.04122414757
313135,313156,313922,21,766,12,7199,1.0274151436
313140,313204,320858,64,7654,2,14400,1.00836164097
313176,313327,320155,151,6828,2,14400,1.02211482132
313194,313514,319794,320,6280,2,14400,1.05095541401
313277,313933,314008,656,75,12,3599,9.74666666667
313289,334702,341251,21413,6549,2,18000,4.26965949
313317,313524,320492,207,6968,2,14400,1.02970723307
313504,313574,320465,70,6891,2,14400,1.01015817733
313518,314026,321306,508,7280,2,14400,1.06978021978
313564,314079,321282,515,7203,2,14400,1.07149798695
313585,314019,314138,434,119,12,3599,4.64705882353
313601,334707,352711,21106,18004,2,18000,2.17229504555
313914,334712,335421,20798,709,2,14400,30.3342736248
314016,315654,322360,1638,6706,2,14400,1.24425887265
314070,315892,322456,1822,6564,2,14400,1.2775746496
314075,316332,318816,2257,2484,4,3600,1.90861513688
314164,315436,316321,1272,885,1,14400,2.43728813559
314468,314791,358041,323,43250,10,43200,1.00746820809
314532,315988,322820,1456,6832,2,14400,1.2131147541
314534,316142,323068,1608,6926,2,14400,1.23216863991
314540,316826,324184,2286,7358,2,14400,1.31068225061
314548,315012,315057,464,45,12,3599,11.3111111111
314621,315430,674435,809,359005,5,360000,1.00225345051
314856,315068,315372,212,304,12,7199,1.69736842105
315136,316831,323692,1695,6861,2,14400,1.2470485352
315138,316836,324446,1698,7610,2,14400,1.22312746386
315192,315632,316571,440,939,12,10800,1.46858359957
315203,335036,349481,19833,14445,2,14400,2.37300103842
315254,315383,315621,129,238,12,3599,1.54201680672
315644,316842,323442,1198,6600,2,14400,1.18151515152
315885,316847,323628,962,6781,2,14400,1.14186698127
315932,317077,317573,1145,496,1,14400,3.30846774194
315978,316853,323702,875,6849,2,14400,1.12775587677
316022,316048,443513,26,127465,1,244800,1.00020397756
316100,316119,317052,19,933,1,900,1.02036441586
316101,316583,316615,482,32,12,3599,16.0625
316132,317602,325018,1470,7416,2,14400,1.19822006472
316172,316179,316186,7,7,1,1740,1.4
316450,316626,316809,176,183,12,3599,1.96174863388
316827,320785,324405,3958,3620,4,4800,2.09337016575
316860,330917,334422,14057,3505,4,4800,5.01055634807
317137,317585,317593,448,8,1,550,45.6
317331,318094,321343,763,3249,4,36300,1.23484148969
317423,317610,317613,187,3,1,550,19.0
317423,317624,317627,201,3,1,550,20.4
317424,317640,317643,216,3,1,550,21.9
317424,317670,317673,246,3,1,550,24.9
317424,317654,317657,230,3,1,550,23.3
317664,317684,317884,20,200,1,1800,1.1
317930,319053,319061,1123,8,1,550,113.1
318006,319255,324515,1249,5260,1,72000,1.23745247148
318053,335495,340013,17442,4518,2,72000,4.86055776892
318129,335433,339307,17304,3874,2,72000,5.46670108415
318139,324457,324514,6318,57,12,3599,111.842105263
318203,322662,322672,4459,10,10,1740,446.9
318288,319048,319422,760,374,1,1800,3.0320855615
318383,324525,324575,6142,50,12,3599,123.84
318452,318828,319036,376,208,2,1200,2.80769230769
318466,324587,324680,6121,93,12,3599,66.8172043011
318595,318833,319243,238,410,2,1200,1.58048780488
318980,318990,325993,10,7003,2,14400,1.00142795945
319276,319286,326125,10,6839,2,14400,1.00146220208
319485,319491,319693,6,202,1,1800,1.0297029703
319662,319672,326878,10,7206,2,14400,1.00138773245
319746,319752,319759,6,7,1,550,1.3
319755,319761,320076,6,315,1,1800,1.01904761905
319797,319807,326334,10,6527,2,14400,1.00153209744
319812,319823,326371,11,6548,2,14400,1.00167990226
319821,320089,320275,268,186,2,1200,2.44086021505
320156,320167,326741,11,6574,2,14400,1.00167325829
320157,320287,320773,130,486,1,1800,1.26748971193
320259,322833,364131,2574,41298,1,54000,1.06232747349
320343,320353,327533,10,7180,2,14400,1.00139275766
320358,320365,326870,7,6505,2,14400,1.00107609531
320376,321777,353956,1401,32179,8,43200,1.04353771093
320405,324463,371033,4058,46570,1,57600,1.08713764226
320468,320477,328182,9,7705,2,14400,1.00116807268
320494,320504,326916,10,6412,2,14400,1.0015595758
320536,320548,328300,12,7752,2,14400,1.00154798762
320602,335041,335396,14439,355,2,86400,41.6732394366
320663,335046,335398,14383,352,2,86400,41.8607954545
320725,320732,320764,7,32,2,1200,1.21875
320729,335054,335411,14325,357,2,86400,41.1260504202
320745,320752,320754,7,2,1,1800,1.0
320776,351238,362679,30462,11441,12,43200,3.66252949917
320854,321319,321831,465,512,2,3600,1.908203125
320859,320870,328574,11,7704,2,14400,1.0014278297
320936,321812,321950,876,138,2,3600,7.34782608696
320945,321843,322554,898,711,1,1800,2.26300984529
321046,335409,343950,14363,8541,2,43200,2.6816532022
321254,321848,322051,594,203,1,550,3.92610837438
321284,321294,328476,10,7182,2,14400,1.00139236981
321297,324697,329250,3400,4553,4,36120,1.74676037777
321308,322375,329592,1067,7217,2,14400,1.14784536511
321317,321783,321800,466,17,2,900,28.4117647059
321652,354342,357626,32690,3284,20,14400,10.9543239951
321798,357638,367037,35840,9399,20,14400,4.813171614
322123,322130,322326,7,196,1,550,1.03571428571
322178,322184,322193,6,9,1,550,1.5
322361,322368,322561,7,193,1,550,1.03626943005
322362,322469,329290,107,6821,2,14400,1.01568684944
322399,335416,359210,13017,23794,2,43200,1.54707069009
322461,322684,329974,223,7290,2,14400,1.03058984911
322528,322572,351225,44,28653,8,43200,1.00153561582
322732,322738,322939,6,201,1,550,1.02985074627
322740,338450,340917,15710,2467,10,57600,7.36805837049
322824,323080,329548,256,6468,2,14400,1.03957946815
323019,348409,354330,25390,5921,10,57600,5.28812700557
323071,323454,330630,383,7176,2,14400,1.05337235229
323101,323108,323330,7,222,1,540,1.03153153153
323247,323254,323289,7,35,2,900,1.2
323301,324531,328549,1230,4018,1,72000,1.30612244898
323339,336452,339834,13113,3382,2,72000,4.87729154347
323387,335484,338439,12097,2955,2,72000,5.0937394247
323445,323641,330443,196,6802,2,14400,1.0288150544
323631,323705,330569,74,6864,2,14400,1.01078088578
323695,323714,330820,19,7106,2,14400,1.00267379679
323710,324162,331124,452,6962,2,14400,1.06492387245
324022,324028,324223,6,195,1,550,1.03076923077
324166,336045,379277,11879,43232,10,43200,1.27477331606
324186,324197,331039,11,6842,2,14400,1.00160771704
324257,324263,324463,6,200,1,550,1.03
324448,325030,331655,582,6625,2,14400,1.0878490566
324640,324691,329128,51,4437,8,21600,1.01149425287
325020,326005,332927,985,6922,2,14400,1.14229991332
325394,329139,332202,3745,3063,8,21600,2.2226575253
325996,326137,333173,141,7036,2,14400,1.02003979534
326126,326346,333116,220,6770,2,14400,1.03249630724
326336,326383,333842,47,7459,2,14400,1.00630111275
326373,326753,333535,380,6782,2,14400,1.05603066942
326690,329603,332603,2913,3000,8,21600,1.971
326743,326882,334165,139,7283,2,14400,1.01908554167
326872,326890,334185,18,7295,2,14400,1.00246744345
326887,326927,334068,40,7141,2,14400,1.00560145638
326918,327545,335139,627,7594,2,14400,1.08256518304
327251,330642,336441,3391,5799,8,21600,1.58475599241
327535,328194,335274,659,7080,2,14400,1.09307909605
327552,330907,333572,3355,2665,8,21600,2.25891181989
327691,330912,334685,3221,3773,8,21600,1.85369732309
327820,332213,335468,4393,3255,8,21600,2.34961597542
327976,332614,335018,4638,2404,8,21600,2.92928452579
328185,328312,335471,127,7159,2,14400,1.01773990781
328302,328488,335212,186,6724,2,14400,1.02766210589
328477,328586,335795,109,7209,2,14400,1.0151199889
328576,329302,336536,726,7234,2,14400,1.10035941388
329293,329560,336492,267,6932,2,14400,1.0385170225
329549,331051,337863,1502,6812,2,14400,1.22049324721
329594,331136,338405,1542,7269,2,14400,1.21213371853
329977,331667,338319,1690,6652,2,14400,1.25405892965
330444,332620,339436,2176,6816,2,14400,1.31924882629
330570,332733,339256,2163,6523,2,14400,1.33159589146
330630,332938,339647,2308,6709,2,14400,1.34401550157
330730,330833,330933,103,100,1,1800,2.03
330823,333128,340175,2305,7047,2,14400,1.32708954165
331042,333184,340008,2142,6824,2,14400,1.31389214537
331125,333548,339711,2423,6163,2,14400,1.39315268538
331161,331168,331204,7,36,1,1800,1.19444444444
331323,331329,331424,6,95,1,1800,1.06315789474
331657,333854,340070,2197,6216,2,14400,1.35344272844
331853,331859,331969,6,110,1,1800,1.05454545455
332470,332477,332549,7,72,1,1800,1.09722222222
332576,332582,332722,6,140,1,1800,1.04285714286
332746,335422,335821,2676,399,1,1800,7.70676691729
332928,334080,341190,1152,7110,2,14400,1.16202531646
333117,334176,340991,1059,6815,2,14400,1.15539251651
333175,334197,341438,1022,7241,2,14400,1.14114072642
333539,334334,341387,795,7053,2,14400,1.11271799234
333843,334340,341715,497,7375,2,14400,1.06738983051
334069,334434,341904,365,7470,2,14400,1.04886211513
334165,334439,341650,274,7211,2,14400,1.03799750381
334188,334696,342048,508,7352,2,14400,1.0690968444
334776,335030,335034,254,4,2,36000,25.8
335141,335151,342241,10,7090,2,14400,1.00141043724
335214,335223,341720,9,6497,2,14400,1.00138525473
335277,335287,342488,10,7201,2,14400,1.00138869601
335473,335479,343116,6,7637,2,14400,1.00078564881
335795,335801,342954,6,7153,2,14400,1.00083880889
336146,336153,336211,7,58,1,1800,1.12068965517
336370,336376,337169,6,793,1,1800,1.00756620429
336495,336501,343351,6,6850,2,14400,1.00087591241
336537,336544,342962,7,6418,2,14400,1.00109068246
337466,337472,337660,6,188,1,1800,1.03191489362
337780,337786,338220,6,434,1,1800,1.01382488479
337864,337871,344970,7,7099,2,14400,1.00098605437
338322,338329,345538,7,7209,2,14400,1.00097100846
338408,338415,345861,7,7446,2,14400,1.00094010207
339258,339264,345891,6,6627,2,14400,1.00090538705
339439,339445,346538,6,7093,2,14400,1.00084590441
339650,339656,346345,6,6689,2,14400,1.00089699507
339713,339719,346779,6,7060,2,14400,1.00084985836
340011,340017,347261,6,7244,2,14400,1.00082827167
340071,340079,348084,8,8005,2,14400,1.00099937539
340177,340184,347694,7,7510,2,14400,1.00093209055
340478,340929,384140,451,43211,10,43200,1.01043715721
340643,340650,340659,7,9,1,540,1.6
340993,340999,348006,6,7007,2,14400,1.00085628657
341192,341198,347670,6,6472,2,14400,1.00092707046
341271,341278,341283,7,5,2,36000,1.2
341290,341298,341306,8,8,1,540,1.6
341388,341394,348198,6,6804,2,14400,1.00088183422
341439,341446,348228,7,6782,2,14400,1.00103214391
341443,341453,377499,10,36046,2,36000,1.00027742329
341652,341659,348291,7,6632,2,14400,1.00105548854
341716,341722,348716,6,6994,2,14400,1.00085787818
341730,341737,348919,7,7182,2,14400,1.00097465887
341908,341915,349198,7,7283,2,14400,1.00096114239
342049,342056,349551,7,7495,2,14400,1.00093395597
342242,342248,348891,6,6643,2,14400,1.00090320638
342489,342495,349134,6,6639,2,14400,1.00090375056
342956,342962,349889,6,6927,2,14400,1.00086617583
342971,342977,350093,6,7116,2,14400,1.00084317032
343118,343125,350751,7,7626,2,14400,1.0009179124
343353,343359,349915,6,6556,2,14400,1.00091519219
344185,344192,344443,7,251,1,3540,1.02788844622
344497,344503,346348,6,1845,1,21600,1.00325203252
344555,344562,346621,7,2059,1,3540,1.0033997086
344634,344641,344818,7,177,1,3540,1.0395480226
344682,344689,344953,7,264,1,3540,1.02651515152
344733,344830,345298,97,468,1,3540,1.20726495726
344806,344837,345203,31,366,1,3540,1.08469945355
344855,344862,345356,7,494,1,3540,1.01417004049
344903,344909,345408,6,499,1,3540,1.0120240481
344920,344928,344936,8,8,1,7200,1.6
344951,344959,345485,8,526,1,3540,1.01520912548
344973,344980,351366,7,6386,2,14400,1.00109614782
345000,345237,345746,237,509,1,3540,1.46561886051
345049,345310,345846,261,536,1,3540,1.48694029851
345138,345215,345226,77,11,1,7200,8.0
345149,345368,345925,219,557,1,3540,1.39317773788
345350,345422,345710,72,288,1,3540,1.25
345543,345549,352386,6,6837,2,14400,1.00087757789
345616,345622,345812,6,190,1,3540,1.03157894737
345807,345858,345991,51,133,4,3540,1.38345864662
345861,345907,346047,46,140,1,3540,1.32857142857
345865,345872,352712,7,6840,2,14400,1.00102339181
345892,345900,352632,8,6732,2,14400,1.00118835413
346347,346353,353427,6,7074,2,14400,1.00084817642
346540,346546,353924,6,7378,2,14400,1.00081322852
346785,346791,353602,6,6811,2,14400,1.00088092791
347263,347270,354438,7,7168,2,14400,1.0009765625
347673,347680,355061,7,7381,2,14400,1.00094838098
347697,347704,354032,7,6328,2,14400,1.00110619469
348007,348015,354390,8,6375,2,14400,1.00125490196
348086,348092,355050,6,6958,2,14400,1.00086231676
348200,348206,355732,6,7526,2,14400,1.00079723625
348230,348236,355393,6,7157,2,14400,1.00083834009
348293,348299,355977,6,7678,2,14400,1.0007814535
348718,348725,355641,7,6916,2,14400,1.00101214575
348892,348899,356158,7,7259,2,14400,1.00096432015
348919,348926,355718,7,6792,2,14400,1.00103062426
349136,349144,355890,8,6746,2,14400,1.00118588793
349200,349206,356555,6,7349,2,14400,1.00081643761
349553,349560,356968,7,7408,2,14400,1.00094492441
349891,349897,356811,6,6914,2,14400,1.00086780445
349918,349925,356525,7,6600,2,14400,1.00106060606
350093,350100,356674,7,6574,2,14400,1.00106480073
350753,350760,357671,7,6911,2,14400,1.00101287802
351369,351376,358565,7,7189,2,14400,1.00097370983
352387,352394,359398,7,7004,2,14400,1.0009994289
352634,352641,360547,7,7906,2,14400,1.00088540349
352715,352722,359084,7,6362,2,14400,1.00110028293
353008,353014,439446,6,86432,10,86400,1.00006941873
353429,353435,360181,6,6746,2,14400,1.00088941595
353603,353610,361552,7,7942,2,14400,1.00088139008
353926,353932,360822,6,6890,2,14400,1.00087082729
354034,354041,360865,7,6824,2,14400,1.00102579132
354253,354260,354267,7,7,1,3600,1.4
354384,354453,354565,69,112,1,3600,1.61607142857
354392,354398,361758,6,7360,2,14400,1.00081521739
354440,354446,362263,6,7817,2,14400,1.00076755789
354698,354705,354965,7,260,1,3600,1.02692307692
355053,355060,361341,7,6281,2,14400,1.00111447222
355068,355074,362007,6,6933,2,14400,1.00086542622
355216,355410,355991,194,581,1,3600,1.3339070568
355396,355402,361550,6,6148,2,14400,1.00097592713
355643,355649,362673,6,7024,2,14400,1.00085421412
355718,355724,362467,6,6743,2,14400,1.00088981166
355733,355739,362724,6,6985,2,14400,1.00085898354
355893,355899,363249,6,7350,2,14400,1.00081632653
355980,355986,362660,6,6674,2,14400,1.00089901109
356161,356168,362543,7,6375,2,14400,1.00109803922
356525,356532,363571,7,7039,2,14400,1.00099445944
356539,356546,360152,7,3606,1,3600,1.0019412091
356558,356565,364265,7,7700,2,14400,1.00090909091
356676,356682,363371,6,6689,2,14400,1.00089699507
356814,356821,363826,7,7005,2,14400,1.00099928622
356969,356975,364999,6,8024,2,14400,1.00074775673
357674,357680,365049,6,7369,2,14400,1.00081422174
357865,357872,357879,7,7,1,1800,1.4
358029,358036,358107,7,71,1,1800,1.0985915493
358170,358176,358350,6,174,1,3600,1.03448275862
358384,358390,358489,6,99,1,1800,1.06060606061
358487,358494,358869,7,375,1,3600,1.01866666667
358563,358569,365497,6,6928,2,14400,1.00086605081
358982,358990,359076,8,86,2,36000,1.09302325581
359083,359089,389366,6,30277,2,36000,1.00019817023
359087,359096,365732,9,6636,2,14400,1.0013562387
359100,359107,359491,7,384,1,1800,1.01822916667
359113,359119,359711,6,592,1,3600,1.01013513514
359205,359213,359225,8,12,2,36000,1.66666666667
359286,359293,389342,7,30049,2,36000,1.00023295284
359400,359406,366185,6,6779,2,14400,1.0008850863
360172,360178,360184,6,6,1,1800,1.2
360183,360189,367309,6,7120,2,14400,1.00084269663
360266,360273,360354,7,81,1,3600,1.08641975309
360327,360333,360374,6,41,1,1800,1.14634146341
360484,360492,360737,8,245,1,3600,1.03265306122
360549,360555,360667,6,112,1,3600,1.05357142857
360550,360562,367399,12,6837,2,14400,1.00175515577
360666,360673,360755,7,82,1,1800,1.08536585366
360800,360806,361500,6,694,1,3600,1.00864553314
360824,360830,368438,6,7608,2,14400,1.00078864353
360866,360873,368272,7,7399,2,14400,1.00094607379
361056,361063,362048,7,985,1,3600,1.00710659898
361107,361356,389165,249,27809,2,36000,1.00895393578
361153,362023,389208,870,27185,2,36000,1.0320029428
361263,362494,389233,1231,26739,2,36000,1.04603762295
361326,362560,389262,1234,26702,2,36000,1.04621376676
361342,361349,368598,7,7249,2,14400,1.00096565043
361522,361529,361793,7,264,1,1800,1.02651515152
361553,361560,368328,7,6768,2,14400,1.00103427896
361555,361566,368550,11,6984,2,14400,1.00157502864
361759,361767,368487,8,6720,2,14400,1.00119047619
361802,361809,362484,7,675,1,3600,1.01037037037
362009,362016,368875,7,6859,2,14400,1.00102055693
362265,362272,369852,7,7580,2,14400,1.00092348285
362470,362476,369600,6,7124,2,14400,1.00084222347
362546,362552,369350,6,6798,2,14400,1.00088261253
362663,362669,369431,6,6762,2,14400,1.00088731145
362678,362685,370005,7,7320,2,14400,1.00095628415
362727,362734,369476,7,6742,2,14400,1.00103826758
363251,363257,370444,6,7187,2,14400,1.00083484068
363375,363382,369817,7,6435,2,14400,1.00108780109
363574,363580,370622,6,7042,2,14400,1.00085203067
363826,363832,369975,6,6143,2,14400,1.00097672147
364267,364273,371011,6,6738,2,14400,1.00089047195
365000,365006,371433,6,6427,2,14400,1.00093356154
365051,365057,372670,6,7613,2,14400,1.00078812557
365500,365507,372617,7,7110,2,14400,1.00098452883
365735,365741,372646,6,6905,2,14400,1.00086893555
365821,365827,365905,6,78,1,1800,1.07692307692
366187,366193,373622,6,7429,2,14400,1.00080764571
366243,366249,366341,6,92,1,1800,1.0652173913
366826,366833,367193,7,360,1,1800,1.01944444444
367191,367197,389476,6,22279,1,36000,1.00026931191
367197,367204,402733,7,35529,1,36000,1.00019702215
367205,367213,396957,8,29744,1,36000,1.00026896181
367218,367225,403270,7,36045,1,36000,1.00019420169
367232,367239,403249,7,36010,1,36000,1.00019439045
367237,367246,403272,9,36026,1,36000,1.00024981957
367244,367252,403257,8,36005,1,36000,1.00022219136
367251,367259,403286,8,36027,1,36000,1.00022205568
367311,367318,373920,7,6602,2,14400,1.00106028476
367401,367407,375128,6,7721,2,14400,1.00077710141
368182,368189,464887,7,96698,2,172800,1.00007239033
368274,368280,375483,6,7203,2,14400,1.00083298626
368275,368286,368326,11,40,1,1800,1.275
368331,368337,375602,6,7265,2,14400,1.00082587749
368440,368446,375337,6,6891,2,14400,1.00087070091
368488,368494,375734,6,7240,2,14400,1.00082872928
368550,368556,368630,6,74,1,1800,1.08108108108
368552,368562,375763,10,7201,2,14400,1.00138869601
368600,368607,375125,7,6518,2,14400,1.00107394906
368877,368884,375598,7,6714,2,14400,1.00104259756
369353,369360,376593,7,7233,2,14400,1.00096778653
369365,369372,369617,7,245,1,1800,1.02857142857
369435,369442,377054,7,7612,2,14400,1.00091960063
369477,369484,375558,7,6074,2,14400,1.00115245308
369600,369606,376486,6,6880,2,14400,1.00087209302
369820,369827,377197,7,7370,2,14400,1.00094979647
369853,369860,377051,7,7191,2,14400,1.00097343902
369977,369983,376795,6,6812,2,14400,1.00088079859
370007,370013,376510,6,6497,2,14400,1.00092350316
370446,370453,376988,7,6535,2,14400,1.00107115532
370624,370632,377785,8,7153,2,14400,1.00111841186
371014,371020,377037,6,6017,2,14400,1.00099717467
371416,371423,371712,7,289,1,36000,1.02422145329
371434,371440,378928,6,7488,2,14400,1.00080128205
371618,371625,371666,7,41,8,72000,1.17073170732
371774,371782,372126,8,344,1,36000,1.02325581395
371870,371876,371907,6,31,2,3600,1.1935483871
371924,371931,371974,7,43,2,3600,1.16279069767
371983,371989,372788,6,799,2,3600,1.00750938673
372372,372378,408423,6,36045,1,36000,1.00016645859
372619,372626,379560,7,6934,2,14400,1.00100951832
372649,372655,378946,6,6291,2,14400,1.00095374344
372670,372677,379226,7,6549,2,14400,1.00106886548
372942,372949,374245,7,1296,8,72000,1.00540123457
373625,373632,381720,7,8088,2,14400,1.00086547972
373920,373926,381174,6,7248,2,14400,1.00082781457
374105,375157,425480,1052,50323,8,72000,1.020904954
375129,375135,382369,6,7234,2,14400,1.00082941664
375130,375142,382784,12,7642,2,14400,1.00157026956
375339,375345,382606,6,7261,2,14400,1.00082633246
375483,375490,382552,7,7062,2,14400,1.00099122062
375561,375569,382677,8,7108,2,14400,1.0011254924
375601,375608,383451,7,7843,2,14400,1.00089251562
375602,375615,382552,13,6937,2,14400,1.00187400894
375735,375741,382746,6,7005,2,14400,1.00085653105
375765,375771,382806,6,7035,2,14400,1.00085287846
376138,376925,377914,787,989,12,43200,1.79575328615
376489,376496,383579,7,7083,2,14400,1.0009882818
376513,376519,383968,6,7449,2,14400,1.00080547725
376594,376601,383284,7,6683,2,14400,1.00104743379
376799,376805,383349,6,6544,2,14400,1.00091687042
376949,377927,550746,978,172819,6,172800,1.00565909998
376989,376996,383381,7,6385,2,14400,1.0010963195
377040,377046,383965,6,6919,2,14400,1.00086717734
377057,377065,383975,8,6910,2,14400,1.0011577424
377059,377070,384106,11,7036,2,14400,1.00156338829
377200,377206,383477,6,6271,2,14400,1.0009567852
377213,377802,392428,589,14626,4,288120,1.04027075072
377788,377795,384795,7,7000,2,14400,1.001
378929,378935,385840,6,6905,2,14400,1.00086893555
378947,378954,386336,7,7382,2,14400,1.00094825251
379227,379235,386716,8,7481,2,14400,1.00106937575
379260,379266,425562,6,46296,1,61200,1.00012960083
379338,379346,383454,8,4108,12,14400,1.00194741967
379380,379386,385002,6,5616,12,14400,1.00106837607
379562,379569,385913,7,6344,2,14400,1.00110340479
379949,379955,399953,6,19998,2,144000,1.00030003
380253,380259,380513,6,254,2,144000,1.02362204724
380511,380517,381467,6,950,1,900,1.00631578947
381177,381183,387619,6,6436,2,14400,1.00093225606
381627,381634,384278,7,2644,4,172800,1.00264750378
381720,381727,388758,7,7031,2,14400,1.00099559095
381760,384284,386863,2524,2579,4,172800,1.97867390461
381800,386875,387782,5075,907,4,172800,6.5953693495
381900,381907,385506,7,3599,4,4800,1.00194498472
381956,381963,385679,7,3716,4,172800,1.00188374596
381957,381969,385453,12,3484,4,4800,1.00344431688
382021,385691,387721,3670,2030,4,172800,2.8078817734
382057,387732,389766,5675,2034,4,172800,3.79006882989
382069,382076,382080,7,4,1,1750,1.1
382070,382086,382097,16,11,1,1750,2.45454545455
382070,382094,382098,24,4,1,1750,2.8
382070,382081,382088,11,7,1,1750,1.8
382071,382110,382118,39,8,1,1750,4.7
382071,382104,382112,33,8,1,1750,4.1
382071,382099,382108,28,9,1,1750,3.7
382072,382117,382122,45,5,1,1750,5.0
382213,382220,383516,7,1296,4,3600,1.00540123457
382234,382241,382350,7,109,1,300,1.06422018349
382285,382291,382351,6,60,16,600,1.1
382328,383263,415623,935,32360,8,64800,1.02889369592
382372,382378,389001,6,6623,2,14400,1.00090593387
382458,382465,388497,7,6032,4,72120,1.00116047745
382556,382562,389879,6,7317,2,14400,1.0008200082
382557,382569,389317,12,6748,2,14400,1.00177830468
382600,383269,422603,669,39334,8,64800,1.0170081863
382608,382614,389059,6,6445,2,14400,1.00093095423
382677,382685,390163,8,7478,2,14400,1.00106980476
382751,382759,390077,8,7318,2,14400,1.00109319486
382787,382794,389900,7,7106,2,14400,1.00098508303
382808,382814,390047,6,7233,2,14400,1.00082953131
382941,382948,396280,7,13332,4,36000,1.00052505251
383257,383274,384212,17,938,1,900,1.01812366738
383287,383293,390439,6,7146,2,14400,1.00083963056
383320,383328,383338,8,10,1,1750,1.8
383350,383357,390084,7,6727,2,14400,1.00104058273
383376,385013,434698,1637,49685,16,57600,1.03294756969
383383,383390,390812,7,7422,2,14400,1.00094314201
383453,383460,390648,7,7188,2,14400,1.0009738453
383479,383487,390085,8,6598,2,14400,1.00121248863
383529,383536,383538,7,2,1,3600,1.0
383582,383589,390660,7,7071,2,14400,1.00098995899
383822,383829,405656,7,21827,10,57600,1.00032070372
383849,383855,398512,6,14657,4,18000,1.00040936072
383916,383981,385231,65,1250,4,3600,1.052
383968,383974,390946,6,6972,2,14400,1.0008605852
383969,452501,453849,68532,1348,20,32399,51.8397626113
383983,383995,391218,12,7223,2,14400,1.00166135955
383984,384000,390820,16,6820,2,14400,1.00234604106
384089,445269,452489,61180,7220,24,7199,9.47368421053
384108,384115,390962,7,6847,2,14400,1.00102234555
384740,384747,387147,7,2400,2,36000,1.00291666667
384798,384804,391670,6,6866,2,14400,1.00087387125
384819,384825,384923,6,98,1,1750,1.0612244898
384824,384831,385621,7,790,1,900,1.00886075949
384883,384889,386127,6,1238,4,3000,1.00484652666
384988,385465,397511,477,12046,10,57600,1.03959820687
385487,385518,385610,31,92,1,1750,1.33695652174
385527,385533,391525,6,5992,2,43200,1.00100133511
385619,385629,393300,10,7671,1,72000,1.001303611
385659,385665,400111,6,14446,2,14400,1.00041533989
385673,385856,386293,183,437,1,900,1.41876430206
385770,392403,393062,6633,659,12,14400,11.0652503794
385792,393075,393752,7283,677,12,14400,11.7577548006
385842,385849,393014,7,7165,2,14400,1.00097697139
385914,385925,392985,11,7060,2,14400,1.00155807365
385926,385932,385934,6,2,1,108000,1.0
386013,386020,425421,7,39401,1,108000,1.00017766047
386080,386144,449373,64,63229,1,108000,1.00101219377
386100,386139,386253,39,114,1,1750,1.34210526316
386134,386150,448357,16,62207,1,108000,1.00025720578
386175,386182,386199,7,17,1,250,1.41176470588
386241,386264,408044,23,21780,2,43200,1.00105601469
386258,386303,488990,45,102687,1,108000,1.0004382249
386316,387799,486069,1483,98270,1,108000,1.01509107561
386338,386347,393340,9,6993,2,14400,1.00128700129
386465,387804,388033,1339,229,1,3540,6.84716157205
386613,389780,393366,3167,3586,4,4800,1.88315672058
386706,393763,400991,7057,7228,12,43200,1.97634200332
386717,386729,393509,12,6780,2,14400,1.0017699115
386718,387160,409780,442,22620,2,43200,1.01954022989
386729,393788,402786,7059,8998,12,43200,1.78450766837
386761,434916,444296,48155,9380,12,10800,6.13379530917
386776,439458,445109,52682,5651,12,43200,10.3225977703
386862,388046,390072,1184,2026,1,3540,1.58440276407
386947,389176,389361,2229,185,1,3540,13.0486486486
386999,389182,389433,2183,251,1,3540,9.69721115538
387049,389221,389708,2172,487,1,3540,5.45995893224
387124,389226,389609,2102,383,1,3540,6.48825065274
387173,389244,389762,2071,518,1,3540,4.99806949807
387223,389250,389725,2027,475,1,3540,5.26736842105
387244,389607,393667,2363,4060,1,72000,1.58201970443
387272,389275,389781,2003,506,1,3540,4.95849802372
387323,389281,389774,1958,493,1,3540,4.97160243408
387372,389354,389860,1982,506,1,3540,4.91699604743
387452,389359,389897,1907,538,1,3540,4.54460966543
387622,387630,393915,8,6285,2,14400,1.00127287192
387654,389372,389596,1718,224,1,3540,8.66964285714
387702,387793,441825,91,54032,2,54000,1.00168418715
387915,389444,389637,1529,193,1,3540,8.92227979275
388008,388650,455128,642,66478,4,172800,1.00965733024
388088,388509,388624,421,115,4,3540,4.66086956522
388098,455135,565737,67037,110602,4,172800,1.60611019692
388129,565743,567921,177614,2178,4,172800,82.54912764
388142,389487,389600,1345,113,1,3540,12.9026548673
388313,388635,388638,322,3,4,43200,32.5
388763,388769,395339,6,6570,2,14400,1.00091324201
389006,389012,396114,6,7102,2,14400,1.00084483244
389060,389071,395750,11,6679,2,14400,1.00164695314
389319,389328,395723,9,6395,2,14400,1.00140734949
389361,389380,389777,19,397,2,3600,1.04785894207
389455,389621,390132,166,511,2,3600,1.32485322896
389577,389719,390284,142,565,2,3600,1.25132743363
389583,389774,390534,191,760,2,3600,1.25131578947
389887,389894,397394,7,7500,2,14400,1.00093333333
389902,389908,396433,6,6525,2,14400,1.00091954023
389962,389969,390168,7,199,2,900,1.0351758794
390053,390060,396720,7,6660,2,14400,1.00105105105
390080,390087,396592,7,6505,2,14400,1.00107609531
390095,390102,396804,7,6702,2,14400,1.00104446434
390096,390108,397369,12,7261,2,14400,1.00165266492
390166,390173,397213,7,7040,2,14400,1.00099431818
390171,390179,426181,8,36002,2,36000,1.00022220988
390441,390447,397718,6,7271,2,14400,1.00082519598
390650,390657,397853,7,7196,2,14400,1.00097276265
390665,390672,397950,7,7278,2,14400,1.00096180269
390813,390820,397776,7,6956,2,14400,1.00100632547
390829,390835,397810,6,6975,2,14400,1.00086021505
390949,390956,398305,7,7349,2,14400,1.00095251055
390964,390971,398293,7,7322,2,14400,1.00095602294
391092,391099,391100,7,1,1,900,1.0
391120,391234,391241,114,7,4,43200,12.1
391220,391228,398310,8,7082,2,14400,1.0011296244
391674,391680,398088,6,6408,2,14400,1.00093632959
391952,391959,392000,7,41,1,900,1.17073170732
392060,392066,392091,6,25,1,900,1.24
392134,392141,392906,7,765,1,900,1.0091503268
392876,392882,396851,6,3969,1,72000,1.0015117158
392892,392898,392908,6,10,1,900,1.6
392914,392919,393231,5,312,1,900,1.01602564103
392933,392939,392942,6,3,1,3600,1.0
392999,393005,399648,6,6643,2,14400,1.00090320638
393017,393023,400165,6,7142,2,14400,1.00084010081
393103,393109,393112,6,3,1,3600,1.0
393182,393189,393190,7,1,1,3600,1.0
393267,393273,393300,6,27,1,3600,1.22222222222
393321,393328,393329,7,1,1,3600,1.0
393343,393351,400331,8,6980,2,14400,1.00114613181
393513,393520,400147,7,6627,2,14400,1.0010562849
393541,393548,393776,7,228,10,172800,1.03070175439
393570,393576,393578,6,2,1,3600,1.0
393637,393644,393645,7,1,1,3600,1.0
393712,393719,393747,7,28,1,3600,1.25
393921,393927,401177,6,7250,2,14400,1.00082758621
394272,398423,484848,4151,86425,10,86400,1.04803008389
394474,396291,397159,1817,868,4,172800,3.09331797235
394643,397171,398079,2528,908,4,172800,3.78414096916
394681,398525,399373,3844,848,4,172800,5.53301886792
394849,396608,396770,1759,162,1,250,11.8580246914
394879,395767,414494,888,18727,2,28800,1.04741816628
394909,401003,487433,6094,86430,10,86400,1.07050792549
394933,396783,397055,1850,272,1,3540,7.80147058824
395168,396449,411735,1281,15286,2,36000,1.08380217192
395333,402797,489242,7464,86445,10,86400,1.0863439181
395341,395348,402346,7,6998,2,14400,1.0010002858
395390,396735,397301,1345,566,2,3600,3.37632508834
395571,430580,437536,35009,6956,5,10800,6.03292121909
395618,396835,398888,1217,2053,1,3540,1.59279103751
395728,395734,402810,6,7076,2,14400,1.00084793669
395753,395760,402830,7,7070,2,14400,1.00099009901
395796,432440,438923,36644,6483,5,10800,6.65232145612
395800,396862,397054,1062,192,1,3540,6.53125
395924,396969,397259,1045,290,1,3540,4.60344827586
395968,411710,412562,15742,852,8,3600,19.4765258216
395971,412584,413438,16613,854,8,3600,20.4531615925
396036,397073,397582,1037,509,1,3540,3.0373280943
396121,396127,403132,6,7005,2,14400,1.00085653105
396207,397271,397647,1064,376,1,3540,3.82978723404
396314,397465,398010,1151,545,1,3540,3.1119266055
396410,397332,409106,922,11774,2,43200,1.07830813657
396425,397471,397983,1046,512,1,3540,3.04296875
396435,396441,403294,6,6853,2,14400,1.00087552897
396540,397477,398018,937,541,1,3540,2.73197781885
396595,396602,403254,7,6652,2,14400,1.00105231509
396605,397312,397320,707,8,2,43200,71.5
396646,397484,397991,838,507,1,3540,2.65285996055
396649,426763,429202,30114,2439,4,4800,13.3468634686
396722,396728,403119,6,6391,2,14400,1.00093882022
396767,397494,398036,727,542,1,3540,2.34132841328
396806,396816,403485,10,6669,2,14400,1.00149947518
396829,413460,415204,16631,1744,8,3600,10.5361238532
396886,429215,431655,32329,2440,4,4800,14.2495901639
396943,397500,398051,557,551,1,3540,2.0108892922
397025,397454,397457,429,3,2,32400,43.2
397026,397065,397469,39,404,1,18000,1.09653465347
397216,397227,404041,11,6814,2,14400,1.00161432345
397304,397459,397600,155,141,1,250,2.09929078014
397340,397505,397795,165,290,1,3540,1.56896551724
397374,397381,404705,7,7324,2,14400,1.00095576188
397395,397405,404156,10,6751,2,14400,1.00148126204
397441,405668,430995,8227,25327,10,57600,1.3248312078
397533,397594,417887,61,20293,2,21600,1.00300596265
397547,398022,426660,475,28638,3,32400,1.0165863538
397580,398091,476220,511,78129,4,144000,1.00654046513
397603,397721,426377,118,28656,2,32400,1.00411781128
397624,398242,470420,618,72178,4,72000,1.00856216576
397626,397632,397709,6,77,1,250,1.07792207792
397682,397689,397701,7,12,1,250,1.58333333333
397721,397730,404677,9,6947,2,14400,1.00129552325
397778,397787,404663,9,6876,2,14400,1.00130890052
397794,397807,397993,13,186,1,3540,1.06989247312
397803,397995,398113,192,118,1,250,2.62711864407
397813,397822,404728,9,6906,2,14400,1.0013032146
397850,397864,404306,14,6442,2,14400,1.00217323812
397866,398003,398010,137,7,1,250,14.4
397952,397962,405078,10,7116,2,14400,1.00140528387
398089,398105,398230,16,125,4,3540,1.128
398090,398098,398501,8,403,1,18000,1.01985111663
398094,398125,405157,31,7032,2,14400,1.00440841866
398193,398513,398640,320,127,1,3540,3.51968503937
398294,398304,405001,10,6697,2,14400,1.00149320591
398310,398317,405212,7,6895,2,14400,1.00101522843
398325,398331,405439,6,7108,2,14400,1.0008441193
398364,398791,402799,427,4008,1,18000,1.10653692615
398397,434710,434728,36313,18,12,3599,2018.38888889
398540,399384,408349,844,8965,2,43200,1.09414389292
398580,398652,398766,72,114,1,250,1.63157894737
398658,398777,398778,119,1,1,10,12.0
398687,434740,434904,36053,164,12,3599,220.835365854
398835,398900,399911,65,1011,1,900,1.06429277943
399038,399390,399391,352,1,1,10,35.3
399374,399395,403377,21,3982,1,72000,1.00527373179
399598,399605,399660,7,55,1,10,1.12727272727
399652,399666,406996,14,7330,2,14400,1.00190995907
399810,399818,399823,8,5,1,20,1.3
399847,399854,401760,7,1906,1,3600,1.0036726128
399913,399921,399967,8,46,1,550,1.17391304348
399923,399978,400005,55,27,1,550,3.03703703704
399934,400016,400043,82,27,1,550,4.03703703704
399944,400055,400080,111,25,1,550,5.44
399952,400123,400128,171,5,1,550,17.6
399957,400128,400132,171,4,1,550,17.5
399957,399965,416630,8,16665,2,144000,1.000480048
400060,400092,400169,32,77,1,290,1.41558441558
400137,415236,420007,15099,4771,8,14400,4.16474533641
400149,400156,406973,7,6817,2,14400,1.00102684465
400169,400175,406823,6,6648,2,14400,1.00090252708
400312,400318,400350,6,32,1,550,1.1875
400331,400338,407780,7,7442,2,14400,1.00094060736
400377,400383,400417,6,34,1,550,1.17647058824
400443,400449,400521,6,72,1,290,1.08333333333
400460,400467,400472,7,5,1,290,1.2
400472,400533,422140,61,21607,2,36000,1.00282315916
400558,401770,401859,1212,89,1,290,14.6179775281
400687,409592,445937,8905,36345,4,36300,1.2450130692
400712,401008,428828,296,27820,2,43200,1.01063982746
400853,453860,497084,53007,43224,20,43199,2.226332593
401132,453967,454159,52835,192,20,172800,276.182291667
401175,414506,486360,13331,71854,4,144000,1.18552898934
401178,401189,408000,11,6811,2,14400,1.0016150345
401239,454171,454202,52932,31,20,172800,1708.48387097
401339,454215,454240,52876,25,20,172800,2116.04
401884,402803,416880,919,14077,2,43200,1.06528379626
402106,402113,402191,7,78,1,290,1.08974358974
402240,402246,402325,6,79,1,290,1.07594936709
402349,402355,409099,6,6744,2,14400,1.00088967972
402363,402745,402847,382,102,1,290,4.74509803922
402419,402811,402818,392,7,1,290,39.9
402815,402821,409581,6,6760,2,14400,1.00088757396
402830,402836,409777,6,6941,2,14400,1.00086442876
402842,426577,427938,23735,1361,4,172800,18.4393828068
402846,403498,404008,652,510,2,3600,2.27843137255
402859,402866,402945,7,79,1,290,1.08860759494
402890,427950,429220,25060,1270,4,172800,20.7322834646
402925,429232,430568,26307,1336,4,172800,20.6908682635
402953,402960,403040,7,80,1,290,1.0875
402991,403052,407345,61,4293,1,72000,1.01420917773
403044,403275,407532,231,4257,1,72000,1.05426356589
403086,403282,407469,196,4187,1,72000,1.04681155959
403108,403261,403361,153,100,1,290,2.53
403122,403129,410183,7,7054,2,14400,1.00099234477
403137,403143,409955,6,6812,2,14400,1.00088079859
403151,403289,407375,138,4086,1,72000,1.03377386197
403190,403298,407468,108,4170,1,72000,1.02589928058
403234,403372,407489,138,4117,1,18000,1.03351955307
403256,403268,409842,12,6574,2,14400,1.00182537268
403275,403390,407452,115,4062,1,72000,1.02831117676
403295,403305,410342,10,7037,2,14400,1.00142106011
403485,403491,410609,6,7118,2,14400,1.00084293341
403486,404021,404121,535,100,1,290,6.35
403739,404026,692072,287,288046,1,288000,1.00099636864
403957,404134,692157,177,288023,1,288000,1.00061453426
403996,415635,588474,11639,172839,8,172800,1.06734012578
404043,404052,410956,9,6904,2,14400,1.00130359212
404098,404167,487366,69,83199,2,144000,1.00082933689
404148,406991,695004,2843,288013,1,288000,1.00987108221
404158,404318,411409,160,7091,2,14400,1.02256381328
404166,407357,407433,3191,76,1,290,42.9868421053
404307,404675,411035,368,6360,2,14400,1.05786163522
404666,404689,411992,23,7303,2,14400,1.00314939066
404681,404716,411743,35,7027,2,14400,1.00498078839
404708,404740,411848,32,7108,2,14400,1.00450196961
404729,405013,411111,284,6098,2,14400,1.04657264677
404872,434716,439321,29844,4605,5,10800,7.48078175896
405003,405090,412062,87,6972,2,14400,1.01247848537
405036,437548,442801,32512,5253,5,10800,7.18922520464
405082,405169,412037,87,6868,2,14400,1.01266744321
405160,405224,411876,64,6652,2,14400,1.00962116657
405162,420020,592840,14858,172820,8,172800,1.08597384562
405215,405451,412285,236,6834,2,14400,1.03453321627
405376,422152,444099,16776,21947,4,72000,1.76438693215
405441,406836,413333,1395,6497,2,14400,1.21471448361
405453,407398,411013,1945,3615,1,3600,1.53803596127
405997,438935,445257,32938,6322,5,10800,6.21006010756
406715,407480,407836,765,356,2,3600,3.14887640449
406825,406985,414007,160,7022,2,14400,1.02278553119
406976,407008,414094,32,7086,2,14400,1.00451594694
406997,407465,414272,468,6807,2,14400,1.06875275452
407586,407592,424057,6,16465,2,43200,1.00036440935
407756,407849,407966,93,117,1,290,1.79487179487
407767,407854,407955,87,101,1,290,1.86138613861
407781,407792,414568,11,6776,2,14400,1.00162337662
408002,408008,414765,6,6757,2,14400,1.00088796803
408014,408361,408448,347,87,1,290,4.98850574713
408028,408366,408468,338,102,1,290,4.3137254902
408041,408436,408529,395,93,1,290,5.24731182796
408375,408481,418019,106,9538,2,43200,1.01111344097
408523,408541,408622,18,81,1,290,1.22222222222
408531,408633,408716,102,83,1,290,2.22891566265
408587,408729,408806,142,77,1,290,2.84415584416
408602,408817,408893,215,76,1,290,3.82894736842
408901,408956,439090,55,30134,2,43200,1.00182518086
409102,409108,416096,6,6988,2,14400,1.00085861477
409587,409788,417110,201,7322,2,14400,1.02745151598
409681,410024,433095,343,23071,2,28800,1.01486714923
409780,409796,416583,16,6787,2,14400,1.00235744806
409844,409853,417018,9,7165,2,14400,1.00125610607
409898,411034,446411,1136,35377,2,43200,1.03211125873
409958,409966,417289,8,7323,2,14400,1.00109244845
410185,410195,417513,10,7318,2,14400,1.00136649358
410344,410354,418005,10,7651,2,14400,1.00130701869
410396,426484,426565,16088,81,4,144120,199.617283951
410548,422615,456017,12067,33402,8,216000,1.36126579247
410599,410671,410756,72,85,1,290,1.84705882353
410607,410767,410844,160,77,1,290,3.07792207792
410610,410621,418403,11,7782,2,14400,1.00141351838
410613,410857,410931,244,74,1,290,4.2972972973
410623,410943,411023,320,80,1,290,5.0
410957,410968,417820,11,6852,2,14400,1.00160537069
411036,411047,417515,11,6468,2,14400,1.00170068027
411118,411124,418227,6,7103,2,14400,1.0008447135
411410,411420,418859,10,7439,2,14400,1.0013442667
411745,411751,418799,6,7048,2,14400,1.00085130533
411850,411857,418930,7,7073,2,14400,1.00098967906
411877,411884,419040,7,7156,2,14400,1.00097820011
411993,411999,419591,6,7592,2,14400,1.00079030558
412041,412048,418500,7,6452,2,14400,1.0010849349
412065,412072,419371,7,7299,2,14400,1.00095903548
412289,412296,418466,7,6170,2,14400,1.00113452188
413335,413341,420696,6,7355,2,14400,1.00081577158
413735,444307,453956,30572,9649,20,14400,4.16841123432
414008,414015,421434,7,7419,2,14400,1.00094352339
414097,414104,421282,7,7178,2,14400,1.00097520201
414273,414280,420928,7,6648,2,14400,1.00105294826
414571,414580,421642,9,7062,2,14400,1.00127442651
414767,414777,422070,10,7293,2,14400,1.00137117784
415175,415181,457683,6,42502,1,72000,1.00014116983
415212,415219,483033,7,67814,1,72000,1.00010322352
415239,417905,485894,2666,67989,1,72000,1.03921222551
415266,416641,488664,1375,72023,1,72000,1.01909112367
415310,416647,488693,1337,72046,1,72000,1.01855758821
415338,416891,488903,1553,72012,1,72000,1.02156585014
415361,416897,478821,1536,61924,1,72000,1.02480459919
415385,417899,474044,2514,56145,1,72000,1.04477691691
416097,416107,423218,10,7111,2,14400,1.00140627197
416585,416595,424370,10,7775,2,14400,1.00128617363
417019,417030,424455,11,7425,2,14400,1.00148148148
417114,417122,424028,8,6906,2,14400,1.00115841297
417292,417300,424399,8,7099,2,14400,1.00112691928
417515,417525,424519,10,6994,2,14400,1.00142979697
417517,417531,424237,14,6706,2,14400,1.00208768267
417822,417831,425050,9,7219,2,14400,1.00124671007
418007,418016,424923,9,6907,2,14400,1.00130302592
418232,418239,424639,7,6400,2,14400,1.00109375
418404,418410,425311,6,6901,2,14400,1.00086943921
418467,418474,426039,7,7565,2,14400,1.00092531395
418503,418510,426083,7,7573,2,14400,1.00092433646
418801,418809,425605,8,6796,2,14400,1.00117716304
418862,418868,426277,6,7409,2,14400,1.00080982589
418931,418937,425657,6,6720,2,14400,1.00089285714
419042,419049,425726,7,6677,2,14400,1.00104837502
419373,419381,426081,8,6700,2,14400,1.00119402985
419593,419600,426968,7,7368,2,14400,1.00095005429
420698,420705,427716,7,7011,2,14400,1.00099843104
420717,420944,420947,227,3,1,300,23.0
420931,420938,427456,7,6518,2,14400,1.00107394906
421285,421292,427814,7,6522,2,14400,1.0010732904
421436,421442,428451,6,7009,2,14400,1.00085604223
421646,421653,428102,7,6449,2,14400,1.0010854396
422073,422080,429188,7,7108,2,14400,1.00098480585
423220,423230,429974,10,6744,2,14400,1.00148279953
423946,425492,785527,1546,360035,10,360000,1.00429402697
424030,424040,430692,10,6652,2,14400,1.00150330728
424238,424245,430954,7,6709,2,14400,1.00104337457
424373,424381,431711,8,7330,2,14400,1.00109140518
424401,424408,431159,7,6751,2,14400,1.00103688342
424458,424464,430798,6,6334,2,14400,1.00094726871
424521,424528,431705,7,7177,2,14400,1.00097533788
424642,424648,431602,6,6954,2,14400,1.00086281277
424789,425066,425168,277,102,1,290,3.71568627451
424790,425271,425349,481,78,1,290,7.16666666667
424790,425071,425168,281,97,1,290,3.89690721649
424790,425180,425259,390,79,1,290,5.93670886076
424790,425185,425266,395,81,1,290,5.87654320988
424791,425277,425354,486,77,1,290,7.31168831169
424791,425368,425447,577,79,1,290,8.30379746835
424791,425360,425443,569,83,1,290,7.85542168675
424925,424931,431745,6,6814,2,14400,1.00088054006
425052,425058,431951,6,6893,2,14400,1.00087044828
425314,425323,432282,9,6959,2,14400,1.00129328927
425515,431007,451398,5492,20391,8,72000,1.26933451032
425606,425612,432255,6,6643,2,14400,1.00090320638
425607,425732,425808,125,76,1,290,2.64473684211
425607,425619,425720,12,101,1,290,1.11881188119
425608,425819,425898,211,79,1,290,3.67088607595
425608,425910,425992,302,82,1,290,4.68292682927
425608,426003,426076,395,73,1,290,6.41095890411
425608,426088,426162,480,74,1,290,7.48648648649
425609,426193,426297,584,104,1,290,6.61538461538
425609,426174,426248,565,74,1,290,8.63513513514
425657,425669,432154,12,6485,2,14400,1.00185042406
425727,425739,432068,12,6329,2,14400,1.00189603413
426043,426052,433040,9,6988,2,14400,1.00128792215
426049,426198,426297,149,99,1,290,2.50505050505
426050,426260,426334,210,74,1,290,3.83783783784
426050,426309,426384,259,75,1,290,4.45333333333
426050,426314,426387,264,73,1,290,4.61643835616
426051,426389,426471,338,82,1,290,5.12195121951
426051,426345,426420,294,75,1,290,4.92
426052,426401,426473,349,72,1,290,5.84722222222
426052,426394,426498,342,104,1,290,4.28846153846
426082,426094,433216,12,7122,2,14400,1.00168491997
426097,426103,433805,6,7702,2,14400,1.00077901844
426281,426289,433284,8,6995,2,14400,1.00114367405
426581,426664,426689,83,25,1,70,4.32
426581,426627,426652,46,25,1,70,2.84
426581,426587,426614,6,27,1,70,1.22222222222
426582,426673,426713,91,40,1,70,3.275
426582,426678,426714,96,36,1,70,3.66666666667
426583,426725,426750,142,25,1,70,6.68
426583,426684,426714,101,30,1,70,4.36666666667
426583,426702,426727,119,25,1,70,5.76
426896,429048,429074,2152,26,1,70,83.7692307692
426896,429056,429084,2160,28,1,70,78.1428571429
426896,429086,429111,2190,25,1,70,88.6
426897,429159,429189,2262,30,1,70,76.4
426897,429134,429159,2237,25,1,70,90.48
426897,429123,429148,2226,25,1,70,90.04
426897,429097,429122,2200,25,1,70,89.0
426898,429171,429196,2273,25,1,70,91.92
426971,426982,433546,11,6564,2,14400,1.00167580743
427459,427468,434381,9,6913,2,14400,1.00130189498
427718,427728,434796,10,7068,2,14400,1.00141482739
427770,429208,429210,1438,2,1,300,144.0
427818,427825,434979,7,7154,2,14400,1.00097847358
427892,429221,429224,1329,3,1,300,133.2
428104,428113,435069,9,6956,2,14400,1.00129384704
428454,428463,435398,9,6935,2,14400,1.00129776496
428605,428845,428895,240,50,1,290,5.8
428605,428839,428895,234,56,1,290,5.17857142857
428606,428952,428983,346,31,1,290,12.1612903226
428606,428913,428946,307,33,1,290,10.303030303
428606,428908,428940,302,32,1,290,10.4375
428607,429003,429038,396,35,1,290,12.3142857143
428607,428995,429037,388,42,1,290,10.2380952381
428607,428959,428992,352,33,1,290,11.6666666667
429189,429200,436134,11,6934,2,14400,1.00158638592
429975,429983,437394,8,7411,2,14400,1.00107947645
430603,430706,430956,103,250,1,3540,1.412
430694,430700,437191,6,6491,2,14400,1.0009243568
430799,430810,437466,11,6656,2,14400,1.00165264423
430956,430965,438320,9,7355,2,14400,1.00122365738
430972,430978,433013,6,2035,1,3540,1.00294840295
431051,431057,431234,6,177,1,3540,1.03389830508
431100,431106,431372,6,266,1,3540,1.02255639098
431148,431246,431727,98,481,1,3540,1.20374220374
431162,431170,438251,8,7081,2,14400,1.00112978393
431224,431383,431748,159,365,1,3540,1.43561643836
431273,431667,432179,394,512,1,3540,1.76953125
431322,431672,432158,350,486,1,3540,1.72016460905
431371,431677,432184,306,507,1,3540,1.60355029586
431419,431683,432164,264,481,1,3540,1.54885654886
431471,431739,432245,268,506,1,3540,1.52964426877
431550,431764,432300,214,536,1,3540,1.39925373134
431604,431614,438668,10,7054,2,14400,1.00141763538
431706,431716,438431,10,6715,2,14400,1.00148920328
431721,431727,438829,6,7102,2,14400,1.00084483244
431748,431757,439062,9,7305,2,14400,1.00123203285
431754,432172,432434,418,262,1,3540,2.59541984733
431954,431962,438809,8,6847,2,14400,1.00116839492
432008,432180,432362,172,182,1,3540,1.94505494505
432072,432080,438955,8,6875,2,14400,1.00116363636
432156,432166,439532,10,7366,2,14400,1.00135758892
432184,432311,432429,127,118,4,3540,2.07627118644
432234,432240,432363,6,123,1,3540,1.0487804878
432256,432263,439145,7,6882,2,14400,1.00101714618
432283,432290,438869,7,6579,2,14400,1.00106399149
433044,433051,440112,7,7061,2,14400,1.000991361
433136,433142,434373,6,1231,1,1800,1.00487408611
433219,433225,439812,6,6587,2,14400,1.00091088508
433285,433292,439486,7,6194,2,14400,1.00113012593
433547,433553,440160,6,6607,2,14400,1.00090812774
433805,433813,440545,8,6732,2,14400,1.00118835413
434384,434390,441404,6,7014,2,14400,1.00085543199
434800,434806,441972,6,7166,2,14400,1.00083728719
434980,434988,441751,8,6763,2,14400,1.00118290699
435071,435077,442553,6,7476,2,14400,1.00080256822
435165,435171,437825,6,2654,1,7200,1.00226073851
435316,438265,438267,2949,2,2,10,295.1
435399,435405,442367,6,6962,2,14400,1.00086182132
436137,436144,442982,7,6838,2,14400,1.00102369114
437191,437198,444197,7,6999,2,14400,1.00100014288
437396,437402,444093,6,6691,2,14400,1.00089672695
437468,437475,444520,7,7045,2,14400,1.00099361249
438251,438257,445609,6,7352,2,14400,1.00081610446
438323,438329,444672,6,6343,2,14400,1.00094592464
438432,438438,445233,6,6795,2,14400,1.00088300221
438670,438677,446243,7,7566,2,14400,1.00092519165
438722,438883,462311,161,23428,1,23400,1.00687211883
438811,438818,445465,7,6647,2,14400,1.00105310666
438832,438839,445563,7,6724,2,14400,1.001041047
438871,438877,445676,6,6799,2,14400,1.00088248272
438958,438966,445716,8,6750,2,14400,1.00118518519
439064,439070,445982,6,6912,2,14400,1.00086805556
439148,439155,446883,7,7728,2,14400,1.0009057971
439263,439269,439319,6,50,2,23400,1.12
439489,439495,446724,6,7229,2,14400,1.00082999032
439534,439540,446760,6,7220,2,14400,1.00083102493
439814,439820,446978,6,7158,2,14400,1.00083822297
440112,440120,446692,8,6572,2,14400,1.00121728545
440164,440170,447292,6,7122,2,14400,1.00084245998
440546,440552,447986,6,7434,2,14400,1.0008071025
440661,440667,440674,6,7,1,3600,1.3
440791,440798,440913,7,115,1,3600,1.06086956522
441049,441056,441314,7,258,1,3600,1.02713178295
441405,441412,448873,7,7461,2,14400,1.00093821204
441555,441561,441992,6,431,1,3600,1.01392111369
441752,441758,448847,6,7089,2,14400,1.00084638172
441975,441981,448894,6,6913,2,14400,1.00086792999
442369,442375,449676,6,7301,2,14400,1.00082180523
442536,442542,442547,6,5,1,3600,1.1
442556,442562,449361,6,6799,2,14400,1.00088248272
442665,442671,442754,6,83,1,3600,1.07228915663
442890,442896,443141,6,245,1,3600,1.02448979592
442985,442991,449793,6,6802,2,14400,1.0008820935
443396,443402,443783,6,381,1,3600,1.0157480315
444094,444101,450639,7,6538,2,14400,1.00107066381
444179,444186,444193,7,7,1,1800,1.4
444200,444206,451159,6,6953,2,14400,1.00086293686
444240,444246,444254,6,8,1,3600,1.4
444333,444340,444413,7,73,1,1800,1.09589041096
444369,444375,444487,6,112,1,3600,1.05357142857
444522,444529,451078,7,6549,2,14400,1.00106886548
444548,444555,444696,7,141,1,3600,1.04964539007
444618,444624,444718,6,94,1,1800,1.06382978723
444620,444630,444923,10,293,1,3600,1.03412969283
444673,444679,451671,6,6992,2,14400,1.00085812357
444833,444841,445242,8,401,1,3600,1.01995012469
445170,445178,445675,8,497,1,3600,1.01609657948
445237,445244,452238,7,6994,2,14400,1.00100085788
445379,445685,445915,306,230,1,1800,2.33043478261
445466,445473,452681,7,7208,2,14400,1.00097114317
445489,445925,446942,436,1017,1,3600,1.42871189774
445500,445624,446640,124,1016,1,900,1.12204724409
445566,445572,452800,6,7228,2,14400,1.00083010515
445611,445618,452625,7,7007,2,14400,1.000999001
445677,445691,453048,14,7357,2,14400,1.00190294957
445717,445723,452690,6,6967,2,14400,1.00086120281
445985,445991,452777,6,6786,2,14400,1.0008841733
446215,446222,446227,7,5,1,3600,1.2
446244,446250,452835,6,6585,2,14400,1.00091116173
446344,446349,446491,5,142,1,3600,1.03521126761
446557,446563,446570,6,7,1,1800,1.3
446633,446640,447039,7,399,1,3600,1.01754385965
446694,446700,453692,6,6992,2,14400,1.00085812357
446728,446735,453364,7,6629,2,14400,1.00105596621
446761,446767,453584,6,6817,2,14400,1.00088015256
446782,446788,446830,6,42,1,1800,1.14285714286
446884,446891,454367,7,7476,2,14400,1.00093632959
446981,446988,454371,7,7383,2,14400,1.00094812407
447082,447088,447169,6,81,1,1800,1.07407407407
447294,447301,454082,7,6781,2,14400,1.00103229612
447296,447308,447692,12,384,1,3600,1.03125
447645,447651,447821,6,170,1,1800,1.03529411765
447845,447851,447932,6,81,1,3600,1.07407407407
447988,447995,455098,7,7103,2,14400,1.00098549908
448070,448077,448319,7,242,1,3600,1.02892561983
448616,448623,449076,7,453,1,3600,1.01545253863
448849,448855,456576,6,7721,2,14400,1.00077710141
448876,448882,456035,6,7153,2,14400,1.00083880889
448897,448904,456055,7,7151,2,14400,1.00097888407
449361,449369,456527,8,7158,2,14400,1.00111763062
449377,449383,460319,6,10936,1,10800,1.00054864667
449678,449684,456430,6,6746,2,14400,1.00088941595
449795,449802,456904,7,7102,2,14400,1.00098563785
450640,450647,457110,7,6463,2,14400,1.00108308835
451081,451087,458152,6,7065,2,14400,1.0008492569
451159,451166,457886,7,6720,2,14400,1.00104166667
451676,451683,458865,7,7182,2,14400,1.00097465887
451692,451699,452563,7,864,8,72000,1.00810185185
452163,452170,452244,7,74,1,1800,1.09459459459
452240,452246,459205,6,6959,2,14400,1.00086219284
452498,452507,452600,9,93,1,1800,1.09677419355
452628,452634,460041,6,7407,2,14400,1.00081004455
452682,452688,459891,6,7203,2,14400,1.00083298626
452697,452703,459413,6,6710,2,14400,1.00089418778
452699,452710,459285,11,6575,8,28800,1.0016730038
452778,452785,459801,7,7016,2,14400,1.0009977195
452802,452810,460056,8,7246,2,14400,1.00110405741
452836,452842,459641,6,6799,2,14400,1.00088248272
453050,453056,460257,6,7201,2,14400,1.00083321761
453154,453160,453526,6,366,1,1800,1.01639344262
453366,453373,459979,7,6606,2,14400,1.00105964275
453586,453592,460665,6,7073,2,14400,1.00084829634
453695,453701,460859,6,7158,2,14400,1.00083822297
454085,454092,460494,7,6402,2,14400,1.00109340831
454369,454375,461431,6,7056,2,14400,1.00085034014
454384,454390,461589,6,7199,2,14400,1.00083344909
454618,454626,454664,8,38,1,1800,1.21052631579
454892,454899,454972,7,73,1,1800,1.09589041096
455099,455106,462284,7,7178,2,14400,1.00097520201
455560,455567,455820,7,253,1,1800,1.02766798419
456036,456043,463094,7,7051,2,14400,1.00099276698
456057,456064,463327,7,7263,2,14400,1.00096378907
456431,456439,463254,8,6815,2,14400,1.00117388114
456531,456537,463210,6,6673,2,14400,1.00089914581
456579,456585,463601,6,7016,2,14400,1.00085518814
456905,456911,464067,6,7156,2,14400,1.00083845724
457113,457119,463527,6,6408,2,14400,1.00093632959
457890,457896,465291,6,7395,2,14400,1.00081135903
458152,458159,465198,7,7039,2,14400,1.00099445944
458866,458873,464967,7,6094,2,14400,1.00114867082
459207,459213,466164,6,6951,2,14400,1.00086318515
459415,459422,466279,7,6857,2,14400,1.0010208546
459644,459650,466143,6,6493,2,14400,1.00092407208
459804,459810,466414,6,6604,2,14400,1.00090854028
459894,459900,467006,6,7106,2,14400,1.00084435688
459978,459985,467255,7,7270,2,14400,1.00096286107
460044,460052,467039,8,6987,2,14400,1.00114498354
460060,460066,466449,6,6383,2,14400,1.00093999687
460259,460265,467029,6,6764,2,14400,1.00088704908
460497,460504,467009,7,6505,2,14400,1.00107609531
460666,460672,467478,6,6806,2,14400,1.00088157508
460862,460868,467991,6,7123,2,14400,1.00084234171
461432,461439,468903,7,7464,2,14400,1.00093783494
461592,461599,468142,7,6543,2,14400,1.00106984564
461983,461989,462333,6,344,1,300,1.01744186047
462286,462292,469358,6,7066,2,14400,1.00084913671
462727,462735,463044,8,309,1,300,1.02588996764
462980,462986,464804,6,1818,10,1800,1.00330033003
463097,463103,469939,6,6836,2,14400,1.00087770626
463202,463209,464136,7,927,12,10800,1.00755124056
463212,463219,469896,7,6677,2,14400,1.00104837502
463257,463263,469547,6,6284,2,14400,1.00095480586
463330,463337,470575,7,7238,2,14400,1.00096711799
463399,463405,486335,6,22930,4,216000,1.00026166594
463418,464148,465074,730,926,12,43200,1.78833693305
463529,463535,470347,6,6812,2,14400,1.00088079859
463605,463611,470404,6,6793,2,14400,1.00088326218
463678,465086,466047,1408,961,12,43200,2.46514047867
463715,466060,466999,2345,939,12,43200,3.49733759318
463791,463797,468874,6,5077,4,144120,1.00118180028
463848,467011,475091,3163,8080,12,43200,1.39146039604
464069,464076,470999,7,6923,2,14400,1.00101112235
464165,464815,466648,650,1833,10,1800,1.35460992908
464385,464392,485756,7,21364,2,144000,1.000327654
464481,464488,500530,7,36042,1,36000,1.00019421786
464660,464666,464669,6,3,1,70,1.0
464660,464671,464674,11,3,1,70,1.4
464660,464681,464684,21,3,1,70,2.4
464661,464704,464706,43,2,1,70,4.5
464661,464696,464698,35,2,1,70,3.7
464661,464689,464691,28,2,1,70,3.0
464662,464711,464713,49,2,1,70,5.1
464662,464718,464720,56,2,1,70,5.8
464971,464978,471189,7,6211,2,14400,1.00112703268
465043,465049,468790,6,3741,1,3600,1.00160384924
465200,465208,472212,8,7004,2,14400,1.00114220445
465294,465300,472554,6,7254,2,14400,1.00082712986
465350,465357,486265,7,20908,2,28800,1.00033480008
466140,466146,483349,6,17203,2,144000,1.00034877638
466148,466155,473283,7,7128,2,14400,1.00098204265
466166,466172,472921,6,6749,2,14400,1.0008890206
466280,466288,473862,8,7574,2,14400,1.00105624505
466416,466422,473071,6,6649,2,14400,1.00090239134
466449,466456,473617,7,7161,2,14400,1.00097751711
466601,466608,489116,7,22508,2,28800,1.00031100053
467009,467018,474158,9,7140,2,14400,1.0012605042
467011,467023,474073,12,7050,2,14400,1.00170212766
467032,467039,474309,7,7270,2,14400,1.00096286107
467047,467053,474408,6,7355,2,14400,1.00081577158
467140,467146,467574,6,428,1,259200,1.01401869159
467174,467180,467187,6,7,1,70,1.3
467259,467266,474071,7,6805,2,14400,1.0010286554
467380,467386,479301,6,11915,2,43200,1.00050356693
467479,467485,474431,6,6946,2,14400,1.00086380651
467631,467638,636479,7,168841,2,259200,1.00004145912
467756,467763,474636,7,6873,5,9000,1.0010184781
467793,467799,467806,6,7,1,70,1.3
467868,467874,467939,6,65,2,3600,1.09230769231
467893,470541,472141,2648,1600,10,1800,2.655
467978,467985,485158,7,17173,2,21600,1.00040761661
467995,468001,475380,6,7379,2,14400,1.00081311831
467996,468008,471628,12,3620,4,3600,1.00331491713
468013,468020,468174,7,154,1,1800,1.04545454545
468059,468154,470633,95,2479,4,4800,1.03832190399
468142,468148,475383,6,7235,2,14400,1.000829302
468249,468256,468263,7,7,1,1800,1.4
468319,468326,468333,7,7,1,1800,1.4
468387,468395,470251,8,1856,1,1800,1.00431034483
468576,468886,489970,310,21084,2,36000,1.01470309239
468876,498951,498983,30075,32,20,172800,940.84375
468905,468912,475893,7,6981,2,14400,1.00100272167
468996,498996,499019,30000,23,20,172800,1305.34782609
469029,499032,499055,30003,23,20,172800,1305.47826087
469176,469183,470529,7,1346,4,2400,1.00520059435
469360,469366,475768,6,6402,2,14400,1.00093720712
469550,469557,476913,7,7356,2,14400,1.00095160413
469671,469677,469684,6,7,1,70,1.3
469897,469904,477014,7,7110,2,14400,1.00098452883
469942,469949,476346,7,6397,2,14400,1.00109426294
469950,499067,506275,29117,7208,20,7199,5.03953940067
470020,516152,523367,46132,7215,20,7199,7.3939015939
470349,470355,477025,6,6670,2,14400,1.00089955022
470355,509107,516355,38752,7248,24,7199,6.34657836645
470406,470412,477163,6,6751,2,14400,1.00088875722
470577,470644,542818,67,72174,4,72000,1.00092831213
470579,470586,477303,7,6717,2,14400,1.0010421319
470591,472154,481247,1563,9093,10,57600,1.17189046519
470628,471639,473004,1011,1365,4,2400,1.74065934066
470811,470817,474549,6,3732,1,3600,1.00160771704
471001,471008,477118,7,6110,2,14400,1.00114566285
471147,471153,509356,6,38203,2,43200,1.00015705573
471192,471199,477848,7,6649,2,14400,1.00105278989
471487,471493,471895,6,402,2,43200,1.01492537313
471805,473031,474366,1226,1335,4,2400,1.91835205993
472216,472223,479037,7,6814,2,14400,1.00102729674
472218,472229,492974,11,20745,2,43200,1.00053024825
472444,473016,473018,572,2,2,7200,57.4
472559,472565,479395,6,6830,2,14400,1.00087847731
472710,501860,511796,29150,9936,12,43200,3.93377616747
472925,472931,479781,6,6850,2,14400,1.00087591241
473072,473079,480504,7,7425,2,14400,1.00094276094
473081,473087,475276,6,2189,2,21600,1.00274097762
473176,476951,503723,3775,26772,10,57600,1.14100552816
473286,473294,480525,8,7231,2,14400,1.00110634767
473381,474173,485206,792,11033,2,36000,1.07178464606
473529,474383,474384,854,1,2,1800,85.5
473599,474377,477175,778,2798,2,7200,1.27805575411
473619,473628,481046,9,7418,2,14400,1.00121326503
473813,475102,476939,1289,1837,10,1800,1.70168753402
473866,473873,480529,7,6656,2,14400,1.00105168269
474074,474081,481249,7,7168,2,14400,1.0009765625
474076,474088,480510,12,6422,2,14400,1.00186857677
474160,474404,478113,244,3709,1,72000,1.06578592613
474160,474167,481423,7,7256,2,14400,1.00096471885
474217,474660,475950,443,1290,4,2400,1.34341085271
474312,474320,481838,8,7518,2,14400,1.0010641128
474411,474419,480759,8,6340,2,14400,1.00126182965
474432,474442,481674,10,7232,2,14400,1.00138274336
474506,474556,474562,50,6,2,7200,5.6
474609,474616,474617,7,1,2,1800,1.0
474664,474671,474673,7,2,2,1800,1.0
474664,474676,474677,12,1,1,3600,1.3
474747,503735,511345,28988,7610,12,43200,4.80919842313
474838,474846,476604,8,1758,2,1800,1.00455062571
474854,474861,474867,7,6,1,70,1.3
474929,506237,514149,31308,7912,12,43200,4.9570273003
475044,511357,520454,36313,9097,12,43200,4.9917555238
475384,475390,482438,6,7048,2,14400,1.00085130533
475386,475398,482881,12,7483,2,14400,1.00160363491
475669,511807,512732,36138,925,12,43200,40.0681081081
475772,475779,482903,7,7124,2,14400,1.00098259405
475896,475903,482478,7,6575,2,14400,1.00106463878
475976,475983,737618,7,261635,2,261600,1.00002675483
476034,476041,476058,7,17,2,261600,1.41176470588
476068,476075,476076,7,1,2,261600,1.0
476175,476182,486183,7,10001,2,261600,1.00069993001
476349,476356,483011,7,6655,2,14400,1.00105184072
476364,476370,737997,6,261627,2,261600,1.00002293341
476371,476377,738026,6,261649,2,261600,1.00002293148
476569,476576,738206,7,261630,2,261600,1.00002675534
476620,476626,738256,6,261630,2,261600,1.00002293315
476630,477216,480026,586,2810,2,3600,1.20854092527
476830,476931,738545,101,261614,2,261600,1.00038606497
476862,477187,477190,325,3,2,261600,32.8
476887,477202,477204,315,2,2,261600,31.7
476917,476924,483990,7,7066,2,14400,1.0009906595
477016,477025,484696,9,7671,2,14400,1.0011732499
477031,477038,483592,7,6554,2,14400,1.00106805005
477118,477130,484517,12,7387,2,14400,1.00162447543
477164,477175,484061,11,6886,2,14400,1.00159744409
477248,478125,483909,877,5784,1,7200,1.15162517289
477289,480537,515493,3248,34956,2,43200,1.0929168097
477306,477315,484701,9,7386,2,14400,1.00121852153
477466,486371,498769,8905,12398,6,28800,1.71826100984
477466,479312,740913,1846,261601,2,261600,1.00705654795
477470,480038,741681,2568,261643,2,261600,1.00981490046
477854,477860,484888,6,7028,2,14400,1.00085372795
477881,489344,496206,11463,6862,5,9000,2.67050422617
478087,497096,498939,19009,1843,20,1800,11.3141616929
478323,485169,489612,6846,4443,2,7200,2.5408507765
479042,479049,486033,7,6984,2,14400,1.00100229095
479221,479228,507947,7,28719,1,72000,1.00024374108
479400,479407,486582,7,7175,2,14400,1.00097560976
479427,481258,482914,1831,1656,8,3600,2.1056763285
479741,482252,488077,2511,5825,1,21600,1.43107296137
479785,479793,486682,8,6889,2,14400,1.00116127159
479893,480523,482242,630,1719,1,1800,1.3664921466
480001,483643,483649,3642,6,1,70,364.8
480440,487511,499332,7071,11821,6,28800,1.59817274342
480463,488608,501848,8145,13240,6,28800,1.61518126888
480508,480515,487090,7,6575,2,14400,1.00106463878
480522,480529,487523,7,6994,2,14400,1.00100085788
480537,480543,487336,6,6793,2,14400,1.00088326218
480538,480770,487975,232,7205,2,14400,1.03219986121
480762,481059,488480,297,7421,2,14400,1.04002156044
481049,481270,488219,221,6949,2,14400,1.03180313714
481067,483660,537728,2593,54068,1,72000,1.0479581268
481070,481264,481510,194,246,2,144000,1.78861788618
481111,485218,500835,4107,15617,2,43200,1.26298264712
481251,481436,488423,185,6987,2,14400,1.02647774438
481386,486306,492645,4920,6339,1,151200,1.77614765736
481426,481521,488714,95,7193,2,14400,1.01320728486
481505,483919,540748,2414,56829,1,72000,1.04247831213
481672,486300,554326,4628,68026,1,72000,1.06803281098
481677,481687,488149,10,6462,2,14400,1.00154750851
481791,482949,486186,1158,3237,2,261600,1.3577386469
481795,482954,486183,1159,3229,2,261600,1.35893465469
481798,483361,744975,1563,261614,2,261600,1.00597445091
481840,481850,488444,10,6594,2,14400,1.00151653018
481927,482927,482932,1000,5,8,3600,100.5
482367,482943,486196,576,3253,4,144000,1.17706732247
482441,482450,489424,9,6974,2,14400,1.0012905076
482480,482489,489110,9,6621,2,14400,1.00135931128
482510,483050,483633,540,583,1,1800,1.92624356775
482883,482893,489809,10,6916,2,14400,1.0014459225
482904,482914,489777,10,6863,2,14400,1.00145708874
483013,483023,490025,10,7002,2,14400,1.00142816338
483534,486214,488595,2680,2381,4,4800,2.12557748845
483594,483603,490549,9,6946,2,14400,1.00129570976
483627,484861,487491,1234,2630,10,57600,1.46920152091
483660,486279,486289,2619,10,2,60,262.9
483691,485767,521777,2076,36010,2,36000,1.0576506526
483993,484002,490717,9,6715,2,14400,1.00134028295
484063,484072,491816,9,7744,2,14400,1.00116219008
484075,485931,487266,1856,1335,1,3600,2.39026217228
484114,486081,487391,1967,1310,1,3600,2.50152671756
484115,486195,486714,2080,519,2,3600,5.00770712909
484155,486200,486927,2045,727,2,3600,3.81292984869
484518,484528,490923,10,6395,2,14400,1.00156372166
484595,485910,485917,1315,7,1,70,132.2
484698,484708,491139,10,6431,2,14400,1.00155496812
484713,484719,490770,6,6051,2,14400,1.00099157164
484891,484899,491906,8,7007,2,14400,1.00114171543
485183,843461,843499,358278,38,10,360000,9429.36842105
485770,486206,495762,436,9556,2,21600,1.04562578485
486038,486044,492608,6,6564,2,14400,1.00091407678
486583,486591,493411,8,6820,2,14400,1.00117302053
486610,486616,492044,6,5428,2,36000,1.00110537951
486683,486694,493296,11,6602,2,14400,1.00166616177
486800,486939,506224,139,19285,4,144000,1.00720767436
486808,487446,535322,638,47876,4,144000,1.01332609241
486960,487278,747491,318,260213,1,288000,1.00122207576
487015,487451,591189,436,103738,4,216000,1.00420289576
487093,487101,494140,8,7039,2,14400,1.00113652507
487337,487347,494363,10,7016,2,14400,1.00142531357
487492,487499,496442,7,8943,2,28800,1.0007827351
487495,487506,487631,11,125,2,144000,1.088
487524,487531,494491,7,6960,2,14400,1.00100574713
487857,489254,489327,1397,73,8,3600,20.1369863014
487977,487984,494722,7,6738,2,14400,1.00103888394
488152,488158,495060,6,6902,2,14400,1.00086931324
488221,488227,495645,6,7418,2,14400,1.00080884335
488225,488279,489719,54,1440,4,7200,1.0375
488365,488461,491841,96,3380,2,36000,1.02840236686
488426,488432,495653,6,7221,2,14400,1.00083090985
488447,488454,495608,7,7154,2,14400,1.00097847358
488483,488489,495505,6,7016,2,14400,1.00085518814
488695,488702,489850,7,1148,1,7200,1.00609756098
488715,488727,495850,12,7123,2,14400,1.00168468342
488924,489259,597269,335,108010,4,108000,1.00310156467
489111,489117,495874,6,6757,2,14400,1.00088796803
489180,489186,491798,6,2612,1,21600,1.00229709035
489272,489338,489341,66,3,1,3600,6.9
489404,489441,493798,37,4357,4,36120,1.00849208171
489427,489434,496331,7,6897,2,14400,1.00101493403
489499,489624,489834,125,210,2,144000,1.59523809524
489780,489787,496716,7,6929,2,14400,1.00101024679
489811,489818,497169,7,7351,2,14400,1.00095225139
489978,489984,489986,6,2,2,144000,1.0
490028,490035,497354,7,7319,2,14400,1.00095641481
490031,490042,490276,11,234,2,144000,1.04700854701
490328,490335,490460,7,125,2,144000,1.056
490369,490472,494516,103,4044,6,10800,1.02546983185
490540,494528,496980,3988,2452,4,4800,2.6264274062
490554,490560,497629,6,7069,2,14400,1.00084877635
490565,516381,516428,25816,47,32,3600,550.276595745
490720,490727,497314,7,6587,2,14400,1.00106269926
490771,490777,497892,6,7115,2,14400,1.00084328883
490772,516367,516370,25595,3,32,21600,2559.8
490925,490931,498023,6,7092,2,14400,1.00084602369
491000,516439,516441,25439,2,32,86400,2544.1
491142,491149,497575,7,6426,2,14400,1.00108932462
491264,491271,496720,7,5449,2,28800,1.00128463938
491550,491854,492003,304,149,2,3600,3.04026845638
491818,492015,497663,197,5648,1,21600,1.0348796034
491818,491824,498760,6,6936,2,14400,1.0008650519
491908,491914,498782,6,6868,2,14400,1.00087361677
492050,492056,530040,6,37984,1,108000,1.00015796125
492065,492072,577074,7,85002,1,108000,1.000082351
492160,492168,492836,8,668,1,3600,1.0119760479
492200,492656,493339,456,683,1,3600,1.66764275256
492610,492617,499754,7,7137,2,14400,1.00098080426
492803,492848,492886,45,38,1,70,2.18421052632
493014,493021,493046,7,25,2,3600,1.28
493030,493036,583060,6,90024,1,90000,1.00006664889
493043,493810,494223,767,413,2,3600,2.85714285714
493063,493427,507282,364,13855,2,36000,1.02627210393
493117,493815,494544,698,729,2,3600,1.95747599451
493298,493304,500308,6,7004,2,14400,1.00085665334
493396,496685,522765,3289,26080,10,57600,1.12611196319
493413,493419,499903,6,6484,2,14400,1.00092535472
494142,494150,501154,8,7004,2,14400,1.00114220445
494300,494308,504684,8,10376,2,43200,1.00077101002
494366,494373,501471,7,7098,2,14400,1.00098619329
494492,494498,501377,6,6879,2,14400,1.0008722198
494724,494732,501796,8,7064,2,14400,1.00113250283
495062,495069,501710,7,6641,2,14400,1.00105405812
495220,495227,495682,7,455,2,3600,1.01538461538
495238,495245,495896,7,651,2,3600,1.01075268817
495456,495463,495691,7,228,2,3600,1.03070175439
495471,495477,495857,6,380,2,3600,1.01578947368
495495,495693,498140,198,2447,2,2400,1.08091540662
495508,495516,502166,8,6650,2,14400,1.00120300752
495524,512748,516140,17224,3392,16,14400,6.07783018868
495611,495621,502846,10,7225,2,14400,1.00138408304
495648,495656,502373,8,6717,2,14400,1.00119100789
495663,495670,502831,7,7161,2,14400,1.00097751711
495854,495861,502974,7,7113,2,14400,1.00098411359
495875,495882,502536,7,6654,2,14400,1.0010519988
496012,496018,496864,6,846,2,3600,1.00709219858
496023,496029,532070,6,36041,2,36000,1.00016647707
496273,496279,496674,6,395,2,3600,1.01518987342
496333,496339,502819,6,6480,2,14400,1.00092592593
496719,496727,503796,8,7069,2,14400,1.0011317018
497170,497177,503651,7,6474,2,14400,1.00108124807
497315,497321,504069,6,6748,2,14400,1.00088915234
497357,497363,504407,6,7044,2,14400,1.00085178876
497577,497583,505612,6,8029,2,14400,1.00074729107
497631,497637,504083,6,6446,2,14400,1.0009308098
497691,567927,570119,70236,2192,4,172800,33.0419708029
497817,570130,572287,72313,2157,4,172800,34.5248029671
497894,497901,504456,7,6555,2,14400,1.00106788711
498023,498030,505230,7,7200,2,14400,1.00097222222
498133,498140,499080,7,940,4,172800,1.00744680851
498178,499093,499954,915,861,4,172800,2.06271777003
498213,499960,500819,1747,859,4,172800,3.03376018626
498241,500825,501688,2584,863,4,172800,3.99420625724
498762,498769,505130,7,6361,2,14400,1.0011004559
498783,498789,505813,6,7024,2,14400,1.00085421412
498884,498891,500294,7,1403,4,7200,1.00498930862
499215,506287,509096,7072,2809,20,12600,3.51762192951
499757,499763,506844,6,7081,2,14400,1.00084733795
499905,499912,507211,7,7299,2,14400,1.00095903548
500311,500318,507148,7,6830,2,14400,1.00102489019
501157,501163,507727,6,6564,2,14400,1.00091407678
501380,501386,508684,6,7298,2,14400,1.00082214305
501473,501479,508496,6,7017,2,14400,1.00085506627
501711,501717,508454,6,6737,2,14400,1.00089060413
501795,501802,508840,7,7038,2,14400,1.00099460074
502169,502176,509208,7,7032,2,14400,1.00099544937
502376,502382,508905,6,6523,2,14400,1.00091982217
502539,502546,509499,7,6953,2,14400,1.00100675967
502822,502829,509692,7,6863,2,14400,1.00101996212
502837,502844,509835,7,6991,2,14400,1.00100128737
502852,502859,509639,7,6780,2,14400,1.00103244838
502976,502982,510084,6,7102,2,14400,1.00084483244
503654,503662,510318,8,6656,2,14400,1.00120192308
503799,503806,510898,7,7092,2,14400,1.00098702764
504071,504077,510965,6,6888,2,14400,1.00087108014
504086,504092,511150,6,7058,2,14400,1.00085009918
504408,504415,511495,7,7080,2,14400,1.00098870056
504456,504462,511532,6,7070,2,14400,1.00084865629
505133,505140,512124,7,6984,2,14400,1.00100229095
505232,505239,512154,7,6915,2,14400,1.00101229212
505616,505622,512732,6,7110,2,14400,1.00084388186
505814,505822,512458,8,6636,2,14400,1.00120554551
506848,506854,515056,6,8202,2,14400,1.0007315289
507149,507156,514238,7,7082,2,14400,1.00098842135
507212,507218,514296,6,7078,2,14400,1.00084769709
507730,507737,514776,7,7039,2,14400,1.00099445944
508456,508462,515418,6,6956,2,14400,1.00086256469
508489,508496,515455,7,6959,2,14400,1.00100589165
508685,508692,516338,7,7646,2,14400,1.00091551138
508841,508849,516266,8,7417,2,14400,1.00107860321
508908,508915,516052,7,7137,2,14400,1.00098080426
509211,509218,515738,7,6520,2,14400,1.00107361963
509501,509509,516461,8,6952,2,14400,1.00115074799
509643,509649,516200,6,6551,2,14400,1.0009158907
509694,509700,517041,6,7341,2,14400,1.00081732734
509838,509844,516534,6,6690,2,14400,1.00089686099
510085,510091,516890,6,6799,2,14400,1.00088248272
510319,510326,517194,7,6868,2,14400,1.00101921957
510901,510907,518182,6,7275,2,14400,1.00082474227
510967,510973,518303,6,7330,2,14400,1.00081855389
511155,511161,518303,6,7142,2,14400,1.00084010081
511496,511503,518592,7,7089,2,14400,1.00098744534
511533,511540,518390,7,6850,2,14400,1.00102189781
512126,512133,518920,7,6787,2,14400,1.00103138353
512156,512162,519726,6,7564,2,14400,1.00079323109
512460,512467,519638,7,7171,2,14400,1.00097615395
512734,512740,519747,6,7007,2,14400,1.00085628657
512794,514160,515117,1366,957,12,43200,2.42737722048
512848,515130,516092,2282,962,12,43200,3.37214137214
514240,514246,519916,6,5670,2,14400,1.00105820106
514297,514303,519916,6,5613,2,14400,1.00106894709
514776,514783,519916,7,5133,2,14400,1.00136372492
515057,515063,519916,6,4853,2,14400,1.00123634865
515210,515217,515302,7,85,2,2400,1.08235294118
515358,515365,516346,7,981,2,2400,1.00713557594
515422,515428,519916,6,4488,2,14400,1.0013368984
515457,515464,519916,7,4452,2,14400,1.00157232704
515735,515741,519916,6,4175,2,14400,1.00143712575
516054,516060,519916,6,3856,2,14400,1.0015560166
516202,516209,519916,7,3707,2,14400,1.0018883194
516268,516274,519916,6,3642,2,14400,1.00164744646
516340,516346,519916,6,3570,2,14400,1.00168067227
516464,516471,519916,7,3445,2,14400,1.00203193033
516537,516544,519916,7,3372,2,14400,1.00207591934
516893,516900,519917,7,3017,2,14400,1.00232018561
516966,516972,517223,6,251,1,3540,1.02390438247
517045,517051,519916,6,2865,2,14400,1.00209424084
517195,517202,519916,7,2714,2,14400,1.00257921887
517330,517337,519379,7,2042,1,3540,1.00342801175
517406,517412,517590,6,178,1,3540,1.03370786517
517455,517461,517724,6,263,1,3540,1.02281368821
517502,517509,517989,7,480,1,3540,1.01458333333
517573,517580,517941,7,361,1,3540,1.01939058172
517626,517632,518139,6,507,1,3540,1.01183431953
517674,517680,518160,6,480,1,3540,1.0125
517722,517729,518232,7,503,1,3540,1.01391650099
517772,517779,518254,7,475,1,3540,1.01473684211
517819,517827,518330,8,503,1,3540,1.01590457256
517898,517905,518439,7,534,1,3540,1.01310861423
518094,518100,518363,6,263,1,3540,1.02281368821
518186,518193,519916,7,1723,2,14400,1.00406268137
518306,518312,519916,6,1604,2,14400,1.00374064838
518308,518319,519916,11,1597,2,14400,1.00688791484
518360,518366,518548,6,182,1,3540,1.03296703297
518392,518400,519916,8,1516,2,14400,1.00527704485
518529,518536,518657,7,121,4,3540,1.05785123967
518577,518583,518706,6,123,1,3540,1.0487804878
518594,518600,519916,6,1316,2,14400,1.00455927052
518923,518929,519916,6,987,2,14400,1.00607902736
519641,519648,519916,7,268,2,14400,1.02611940299
519729,519736,519916,7,180,2,14400,1.03888888889
519747,519754,519916,7,162,2,14400,1.04320987654
519962,519968,520262,6,294,1,3600,1.02040816327
519975,519982,519983,7,1,32,57600,1.0
520129,520135,526020,6,5885,2,14400,1.00101954121
520143,520149,520460,6,311,32,57600,1.0192926045
520284,520291,520331,7,40,1,3600,1.175
520285,520303,520344,18,41,1,3600,1.43902439024
520285,520296,520339,11,43,1,3600,1.25581395349
520285,520308,520359,23,51,1,3600,1.45098039216
520286,520319,520360,33,41,1,3600,1.80487804878
520286,520313,520354,27,41,1,3600,1.65853658537
520286,520324,520365,38,41,1,3600,1.92682926829
520287,520341,520381,54,40,1,3600,2.35
520287,520330,520381,43,51,1,3600,1.8431372549
520287,520335,520386,48,51,1,3600,1.94117647059
520288,520346,520397,58,51,1,3600,2.13725490196
520288,520352,520393,64,41,1,3600,2.56097560976
520461,520467,521045,6,578,32,57600,1.01038062284
520722,520733,520744,11,11,1,3600,2.0
520722,520739,520760,17,21,1,3600,1.80952380952
520722,520745,520766,23,21,1,3600,2.09523809524
520722,520728,520739,6,11,1,3600,1.54545454545
520723,520761,520792,38,31,1,3600,2.22580645161
520723,520756,520787,33,31,1,3600,2.06451612903
520723,520751,520771,28,20,1,3600,2.4
520724,520767,520797,43,30,1,3600,2.43333333333
520724,520772,520813,48,41,1,3600,2.17073170732
520724,520777,520818,53,41,1,3600,2.29268292683
520724,520783,520824,59,41,1,3600,2.43902439024
520725,520788,520829,63,41,1,3600,2.53658536585
520882,521057,528842,175,7785,32,86400,1.02247912653
527056,527063,527070,7,7,1,3600,1.4
527186,527192,527306,6,114,1,3600,1.05263157895
527441,527447,527708,6,261,1,3600,1.02298850575
527949,527955,528352,6,397,1,3600,1.01511335013
528900,528906,528912,6,6,1,3600,1.2
529028,529035,529116,7,81,1,3600,1.08641975309
529253,529261,529503,8,242,1,3600,1.03305785124
529344,529350,530296,6,946,12,43200,1.00634249471
529380,529386,530316,6,930,12,43200,1.0064516129
529758,529764,530116,6,352,1,3600,1.01704545455
530337,530343,530370,6,27,12,180000,1.22222222222
530385,530391,530417,6,26,12,180000,1.23076923077
530565,530573,530579,8,6,1,1800,1.4
530578,530584,530590,6,6,1,3600,1.2
530702,530709,530818,7,109,1,3600,1.06422018349
530713,530719,530794,6,75,1,1800,1.08
530775,530782,530783,7,1,12,180000,1.0
530917,530923,531063,6,140,1,3600,1.04285714286
530945,530951,531212,6,261,1,3600,1.02298850575
530989,530995,531086,6,91,1,1800,1.06593406593
531197,531203,531475,6,272,1,3600,1.02205882353
531199,531211,531216,12,5,12,180000,1.7
531360,531366,531368,6,2,12,180000,1.0
531452,531458,531915,6,457,1,3600,1.01312910284
531482,531488,531489,6,1,12,180000,1.0
531531,531537,531747,6,210,1,1800,1.02857142857
531715,531721,532340,6,619,1,3600,1.00969305331
531765,531771,531773,6,2,12,180000,1.0
532127,532133,532394,6,261,12,180000,1.02298850575
532374,532380,532387,6,7,1,1800,1.3
532416,532422,532428,6,6,1,3600,1.2
532462,532469,533850,7,1381,12,270000,1.00506879073
532529,532535,532575,6,40,1,1800,1.15
532542,532548,532629,6,81,1,3600,1.07407407407
532751,532757,532999,6,242,1,3600,1.02479338843
532776,532782,532857,6,75,1,1800,1.08
533178,533184,533294,6,110,1,3600,1.05454545455
533243,533250,533608,7,358,1,3600,1.01955307263
533357,533364,533524,7,160,1,1800,1.04375
533430,533436,533670,6,234,1,3600,1.02564102564
533964,533971,534427,7,456,1,3600,1.01535087719
533990,533996,802134,6,268138,12,270000,1.00002237654
534609,534615,534677,6,62,1,3600,1.09677419355
534610,534621,534682,11,61,1,3600,1.18032786885
534610,534627,534688,17,61,1,3600,1.27868852459
534611,534638,534699,27,61,1,3600,1.44262295082
534611,534633,534694,22,61,1,3600,1.3606557377
534611,534644,534704,33,60,1,3600,1.55
534612,534649,534710,37,61,1,3600,1.60655737705
534612,534655,534715,43,60,1,3600,1.71666666667
534612,534660,534721,48,61,1,3600,1.7868852459
534613,534665,534726,52,61,1,3600,1.85245901639
534613,534671,534732,58,61,1,3600,1.95081967213
534613,534676,534737,63,61,1,3600,2.03278688525
534914,534920,534931,6,11,1,3600,1.54545454545
534914,534926,534946,12,20,1,3600,1.6
534915,534943,534964,28,21,1,3600,2.33333333333
534915,534932,534953,17,21,1,3600,1.80952380952
534915,534938,534958,23,20,1,3600,2.15
534916,534954,534984,38,30,1,3600,2.26666666667
534916,534959,534990,43,31,1,3600,2.38709677419
534916,534948,534979,32,31,1,3600,2.03225806452
534917,534975,535016,58,41,1,3600,2.41463414634
534917,534981,535011,64,30,1,3600,3.13333333333
534917,534970,535010,53,40,1,3600,2.325
534917,534964,535005,47,41,1,3600,2.14634146341
535404,535411,535418,7,7,12,43200,1.4
535769,535775,535806,6,31,1,3600,1.1935483871
535769,535781,535812,12,31,1,3600,1.38709677419
535770,535792,535833,22,41,1,3600,1.53658536585
535770,535798,535838,28,40,1,3600,1.7
535770,535786,535817,16,31,1,3600,1.51612903226
535771,535808,535849,37,41,1,3600,1.90243902439
535771,535803,535854,32,51,1,3600,1.62745098039
536006,536012,536497,6,485,12,43200,1.01237113402
536060,536066,536077,6,11,1,3600,1.54545454545
536060,536072,536093,12,21,1,3600,1.57142857143
536061,536084,536105,23,21,1,3600,2.09523809524
536061,536089,536120,28,31,1,3600,1.90322580645
536061,536077,536098,16,21,1,3600,1.7619047619
536062,536100,536121,38,21,1,3600,2.80952380952
536062,536094,536126,32,32,1,3600,2.0
536661,536673,536703,12,30,1,3600,1.4
536661,536667,536698,6,31,1,3600,1.1935483871
536662,536680,536710,18,30,1,3600,1.6
536662,536685,536716,23,31,1,3600,1.74193548387
536662,536690,536731,28,41,1,3600,1.68292682927
536663,536701,536732,38,31,1,3600,2.22580645161
536663,536696,536736,33,40,1,3600,1.825
536779,536787,536793,8,6,12,43200,1.4
536871,536877,537240,6,363,12,43200,1.01652892562
536877,536889,536890,12,1,1,3600,1.3
536877,536884,536885,7,1,1,3600,1.0
536878,536894,536895,16,1,1,3600,1.7
536878,536900,536901,22,1,1,3600,2.3
536878,536906,536907,28,1,1,3600,2.9
536879,536911,536912,32,1,1,3600,3.3
536879,536917,536918,38,1,1,3600,3.9
537051,537057,537058,6,1,1,3600,1.0
537052,537068,537069,16,1,1,3600,1.7
537052,537080,537081,28,1,1,3600,2.9
537053,537085,537086,32,1,1,3600,3.3
537128,537135,540456,7,3321,12,43200,1.00210779886
537210,537217,537278,7,61,1,3600,1.11475409836
537211,537236,537297,25,61,1,3600,1.40983606557
537211,537222,537283,11,61,1,3600,1.18032786885
537211,537231,537292,20,61,1,3600,1.32786885246
537212,537241,537302,29,61,1,3600,1.47540983607
537212,537247,537309,35,62,1,3600,1.56451612903
537212,537252,537313,40,61,1,3600,1.65573770492
537213,537258,537318,45,60,1,3600,1.75
537213,537263,537331,50,68,1,3600,1.73529411765
537213,537270,537331,57,61,1,3600,1.93442622951
537213,537275,537336,62,61,1,3600,2.01639344262
537214,537281,537342,67,61,1,3600,2.09836065574
537343,537348,537736,5,388,12,43200,1.01288659794
537505,537517,537529,12,12,1,3600,2.0
537505,537522,537544,17,22,1,3600,1.77272727273
537505,537511,537522,6,11,1,3600,1.54545454545
537506,537528,537549,22,21,1,3600,2.04761904762
537506,537534,537556,28,22,1,3600,2.27272727273
537507,537555,537596,48,41,1,3600,2.17073170732
537507,537545,537575,38,30,1,3600,2.26666666667
537507,537539,537560,32,21,1,3600,2.52380952381
537507,537550,537581,43,31,1,3600,2.38709677419
537508,537561,537601,53,40,1,3600,2.325
537508,537571,537602,63,31,1,3600,3.03225806452
537508,537566,537607,58,41,1,3600,2.41463414634
538097,538103,538154,6,51,1,3600,1.11764705882
538097,538108,538159,11,51,1,3600,1.21568627451
538097,538114,538174,17,60,1,3600,1.28333333333
538097,538120,538181,23,61,1,3600,1.37704918033
538098,538126,538186,28,60,1,3600,1.46666666667
538098,538131,538192,33,61,1,3600,1.54098360656
538099,538136,538187,37,51,1,3600,1.72549019608
538382,538388,538399,6,11,1,3600,1.54545454545
538383,538394,538404,11,10,1,3600,2.1
538383,538401,538421,18,20,1,3600,1.9
538383,538406,538427,23,21,1,3600,2.09523809524
538384,538412,538432,28,20,1,3600,2.4
538384,538417,538438,33,21,1,3600,2.57142857143
538384,538422,538443,38,21,1,3600,2.80952380952
538558,538565,538638,7,73,1,1800,1.09589041096
538855,538861,539369,6,508,8,6000,1.01181102362
538855,538872,539373,17,501,8,6000,1.03393213573
538855,538878,539387,23,509,8,6000,1.04518664047
538855,538866,539375,11,509,8,6000,1.02161100196
538856,538888,539399,32,511,8,6000,1.0626223092
538856,538894,539404,38,510,8,6000,1.07450980392
538856,538883,539390,27,507,8,6000,1.05325443787
538857,538899,539412,42,513,8,6000,1.08187134503
538857,538904,539417,47,513,8,6000,1.09161793372
538857,538910,539422,53,512,8,6000,1.103515625
538858,538915,539430,57,515,8,6000,1.11067961165
538858,538921,539435,63,514,8,6000,1.12256809339
538858,538931,539443,73,512,8,6000,1.142578125
538858,538926,539447,68,521,8,6000,1.13051823417
538859,539381,539888,522,507,8,6000,2.02958579882
538859,539398,539919,539,521,8,6000,2.03454894434
538859,538937,539458,78,521,8,6000,1.14971209213
538860,539406,539927,546,521,8,6000,2.04798464491
538860,539413,539936,553,523,8,6000,2.05736137667
538860,539427,539945,567,518,8,6000,2.09459459459
538860,539419,539930,559,511,8,6000,2.0939334638
538861,539438,539932,577,494,8,6000,2.16801619433
538861,539433,539948,572,515,8,6000,2.11067961165
538862,539464,539987,602,523,8,6000,2.15105162524
538862,539459,539975,597,516,8,6000,2.15697674419
538862,539451,539962,589,511,8,6000,2.15264187867
538862,539445,539955,583,510,8,6000,2.1431372549
538863,539899,540409,1036,510,8,6000,3.03137254902
538863,539470,539988,607,518,8,6000,2.17181467181
538863,539930,540451,1067,521,8,6000,3.04798464491
538864,539939,540458,1075,519,8,6000,3.07129094412
538864,539945,540474,1081,529,8,6000,3.04347826087
538864,539957,540478,1093,521,8,6000,3.09788867562
538864,539951,540439,1087,488,8,6000,3.22745901639
538865,539963,540487,1098,524,8,6000,3.09541984733
538865,539975,540464,1110,489,8,6000,3.26993865031
538865,539970,540487,1105,517,8,6000,3.13733075435
538866,539988,540485,1122,497,8,6000,3.25754527163
538866,539981,540515,1115,534,8,6000,3.08801498127
538866,539999,540520,1133,521,8,6000,3.17466410749
538866,540005,540527,1139,522,8,6000,3.18199233716
538867,540390,540927,1523,537,8,6000,3.83612662942
538867,540384,540911,1517,527,8,6000,3.87855787476
538868,540450,540960,1582,510,8,6000,4.10196078431
538868,540420,540937,1552,517,8,6000,4.00193423598
538868,540463,540998,1595,535,8,6000,3.98130841121
538868,540469,541011,1601,542,8,6000,3.95387453875
538869,540481,540999,1612,518,8,6000,4.11196911197
538869,540474,541018,1605,544,8,6000,3.95036764706
538869,540487,541021,1618,534,8,6000,4.02996254682
538870,540495,541021,1625,526,8,6000,4.08935361217
538870,540502,541031,1632,529,8,6000,4.08506616257
538870,540512,541015,1642,503,8,6000,4.26441351889
538870,540507,541004,1637,497,8,6000,4.29376257545
538871,540527,541036,1656,509,8,6000,4.25343811395
538871,540533,541039,1662,506,8,6000,4.28458498024
538871,540541,541078,1670,537,8,6000,4.10986964618
538872,540760,541305,1888,545,8,6000,4.46422018349
538872,540938,541455,2066,517,8,6000,4.99613152805
538872,540923,541455,2051,532,8,6000,4.85526315789
538873,540972,541505,2099,533,8,6000,4.93808630394
538873,540948,541448,2075,500,8,6000,5.15
538873,541010,541546,2137,536,8,6000,4.98694029851
538874,541022,541539,2148,517,8,6000,5.15473887814
538874,541016,541546,2142,530,8,6000,5.04150943396
538874,541029,541560,2155,531,8,6000,5.05838041431
538874,541034,541562,2160,528,8,6000,5.09090909091
538875,541041,541586,2166,545,8,6000,4.97431192661
538875,541051,541588,2176,537,8,6000,5.052141527
538875,541046,541577,2171,531,8,6000,5.08851224105
538876,541058,541593,2182,535,8,6000,5.0785046729
538876,541063,541575,2187,512,8,6000,5.271484375
538876,541068,541614,2192,546,8,6000,5.01465201465
538876,541089,541636,2213,547,8,6000,5.04570383912
538877,541466,541996,2589,530,8,6000,5.88490566038
538877,541460,541985,2583,525,8,6000,5.92
538877,541317,541858,2440,541,8,6000,5.5101663586
538878,541551,542064,2673,513,8,6000,6.21052631579
538878,541517,542031,2639,514,8,6000,6.13424124514
538878,541472,542006,2594,534,8,6000,5.85767790262
538879,541557,542093,2678,536,8,6000,5.99626865672
538879,541572,542093,2693,521,8,6000,6.1689059501
538879,541563,542108,2684,545,8,6000,5.9247706422
538879,541578,542117,2699,539,8,6000,6.00742115028
538880,541587,542097,2707,510,8,6000,6.30784313725
538880,541599,542110,2719,511,8,6000,6.32093933464
538880,541593,542131,2713,538,8,6000,6.04275092937
538881,541605,542147,2724,542,8,6000,6.0258302583
538881,541611,542153,2730,542,8,6000,6.036900369
538881,541626,542168,2745,542,8,6000,6.06457564576
538882,541871,542407,2989,536,8,6000,6.57649253731
538882,542007,542537,3125,530,8,6000,6.89622641509
538882,541997,542544,3115,547,8,6000,6.69469835466
538882,541648,542181,2766,533,8,6000,6.1894934334
538883,542042,542577,3159,535,8,6000,6.9046728972
538883,542019,542551,3136,532,8,6000,6.89473684211
538883,542076,542588,3193,512,8,6000,7.236328125
538884,542105,542642,3221,537,8,6000,6.99813780261
538884,542110,542641,3226,531,8,6000,7.07532956685
538884,542116,542644,3232,528,8,6000,7.12121212121
538895,538943,539034,48,91,1,1800,1.52747252747
539360,539387,540373,27,986,12,270000,1.02738336714
539621,539628,539995,7,367,1,1800,1.01907356948
541230,542129,542169,899,40,1,1800,23.475
542115,542123,555755,8,13632,5,16200,1.00058685446
542126,542136,555090,10,12954,5,16200,1.00077196233
542137,542143,557009,6,14866,5,16200,1.00040360554
542147,542155,553974,8,11819,5,16200,1.00067687622
542158,542164,556027,6,13863,5,16200,1.00043280675
542169,542179,556501,10,14322,5,16200,1.0006982265
542180,542186,556658,6,14472,5,16200,1.0004145937
542191,542197,555353,6,13156,5,16200,1.00045606567
542201,542207,556105,6,13898,5,16200,1.00043171679
542212,542218,557193,6,14975,5,16200,1.00040066778
542223,542229,556322,6,14093,5,16200,1.00042574328
542234,542240,554501,6,12261,5,16200,1.0004893565
542244,542419,556924,175,14505,5,16200,1.01206480524
542399,542406,542481,7,75,1,1800,1.09333333333
542418,542425,556765,7,14340,5,16200,1.00048814505
542429,542548,556527,119,13979,5,16200,1.00851276915
542552,542558,556464,6,13906,5,16200,1.00043146843
542563,542569,556678,6,14109,5,16200,1.00042526047
542574,542581,555807,7,13226,5,16200,1.00052926055
542584,542591,556447,7,13856,5,16200,1.0005051963
542595,542601,556713,6,14112,5,16200,1.00042517007
542606,542612,556053,6,13441,5,16200,1.00044639536
542617,542623,556378,6,13755,5,16200,1.00043620502
542627,542653,556081,26,13428,5,16200,1.00193625261
542659,542665,556758,6,14093,5,16200,1.00042574328
542669,542675,556099,6,13424,5,16200,1.00044696067
542680,542686,557263,6,14577,5,16200,1.00041160733
542691,542697,556877,6,14180,5,16200,1.00042313117
542701,542830,556736,129,13906,5,16200,1.00927657126
542835,550757,564684,7922,13927,5,16200,1.56882314928
543073,550763,551012,7690,249,1,1800,31.8835341365
545829,591201,598404,45372,7203,20,7199,7.29904206581
545890,594353,601583,48463,7230,20,7199,7.7030428769
545948,585584,607455,39636,21871,20,43199,2.81226281377
548974,551022,613317,2048,62295,1,172800,1.03287583273
550755,553985,567970,3230,13985,5,16200,1.23096174473
550854,584804,586304,33950,1500,12,43200,23.6333333333
551313,604123,618555,52810,14432,32,14400,4.65922949002
552754,554338,554339,1584,1,1,172800,158.5
552874,554351,554352,1477,1,1,172800,147.8
552992,554364,554365,1372,1,1,172800,137.3
553391,554377,554385,986,8,1,172800,99.4
553860,583817,625234,29957,41417,12,216000,1.72330202574
553984,554512,567609,528,13097,5,16200,1.04031457586
554199,554396,684036,197,129640,1,129600,1.00151959272
554238,556100,666679,1862,110579,1,129600,1.01683864025
554250,556105,685724,1855,129619,1,129600,1.01431117352
554260,556111,634739,1851,78628,1,129600,1.02354123213
554270,556116,624901,1846,68785,1,129600,1.02683724649
554280,556122,620602,1842,64480,1,129600,1.02856699752
554290,556127,619176,1837,63049,1,129600,1.02913606877
554300,556139,618145,1839,62006,1,129600,1.02965842015
554517,555101,569615,584,14514,5,16200,1.04023701254
555100,555365,566537,265,11172,5,16200,1.02372001432
555366,555766,569622,400,13856,5,16200,1.02886836028
555765,555819,567686,54,11867,5,16200,1.00455043398
555817,556039,569989,222,13950,5,16200,1.01591397849
556042,556065,570023,23,13958,5,16200,1.00164780054
556063,556093,570336,30,14243,5,16200,1.00210629783
556094,556134,567871,40,11737,5,16200,1.0034080259
556136,556335,570161,199,13826,5,16200,1.01439317228
556331,556390,569642,59,13252,5,16200,1.00445215816
556392,556459,569428,67,12969,5,16200,1.00516616547
556454,556476,570280,22,13804,5,16200,1.00159374094
556475,556512,569763,37,13251,5,16200,1.00279224209
556517,556538,569906,21,13368,5,16200,1.00157091562
556538,556669,569154,131,12485,5,16200,1.01049259111
556671,556689,568856,18,12167,5,16200,1.00147941152
556692,556725,570906,33,14181,5,16200,1.00232705733
556723,556749,568484,26,11735,5,16200,1.00221559438
556744,556769,570523,25,13754,5,16200,1.00181765305
556765,556777,566916,12,10139,5,16200,1.00118354867
556776,556889,569713,113,12824,5,16200,1.00881160324
556889,556935,571463,46,14528,5,16200,1.00316629956
556941,557021,570869,80,13848,5,16200,1.00577700751
557023,557204,571440,181,14236,5,16200,1.01271424557
557207,557274,572056,67,14782,5,16200,1.00453253958
557240,843467,843505,286227,38,12,450000,7533.28947368
557270,564696,579408,7426,14712,5,16200,1.50475802066
561936,561943,562381,7,438,2,2400,1.01598173516
563417,563423,564087,6,664,1,600,1.00903614458
564699,566548,580491,1849,13943,5,16200,1.1326113462
566553,566927,581044,374,14117,5,16200,1.02649288092
566932,567621,580378,689,12757,5,16200,1.05400956338
567617,567697,580228,80,12531,5,16200,1.00638416727
567699,567883,581880,184,13997,5,16200,1.01314567407
567884,567982,580284,98,12302,5,16200,1.00796618436
567986,568496,581775,510,13279,5,16200,1.03840650651
568054,568060,578169,6,10109,2,14400,1.00059353052
568061,568068,577547,7,9479,2,14400,1.00073847452
568423,572917,575326,4494,2409,4,4800,2.86550435866
568498,568869,582424,371,13555,5,16200,1.02736997418
568866,569166,582993,300,13827,5,16200,1.02169668041
568903,583727,583729,14824,2,6,21600,1482.6
569096,583005,584300,13909,1295,4,2400,11.7405405405
569163,569439,582986,276,13547,5,16200,1.02037351443
569237,583771,585079,14534,1308,4,3600,12.1116207951
569289,583784,585164,14495,1380,4,2400,11.5036231884
569440,569627,583176,187,13549,5,16200,1.01380175659
569624,569635,583199,11,13564,5,16200,1.00081097022
569635,569654,583654,19,14000,5,16200,1.00135714286
569656,569724,583770,68,14046,5,16200,1.00484123594
569728,569774,582678,46,12904,5,16200,1.00356478611
569780,569918,583711,138,13793,5,16200,1.01000507504
569913,570001,583158,88,13157,5,16200,1.00668845481
570006,570035,583473,29,13438,5,16200,1.00215805924
570037,570173,584653,136,14480,5,16200,1.00939226519
570170,570292,583833,122,13541,5,16200,1.00900967432
570275,572305,572310,2030,5,1,3600,203.5
570293,570348,583125,55,12777,5,16200,1.00430460985
570345,570534,584487,189,13953,5,16200,1.01354547409
570362,572300,572907,1938,607,1,600,4.19275123558
570530,570880,582911,350,12031,5,16200,1.02909151359
570794,596910,604111,26116,7201,24,7199,4.62671851132
570878,570918,582139,40,11221,5,16200,1.00356474468
570919,571451,583806,532,12355,5,16200,1.04305949008
571451,571474,585553,23,14079,5,16200,1.00163363875
571472,572068,585172,596,13104,5,16200,1.04548229548
571815,587446,591015,15631,3569,16,14400,5.37965816755
571885,843472,1275517,271587,432045,6,432000,1.6286081311
572066,578180,591644,6114,13464,5,16200,1.45409982175
572290,583742,583757,11452,15,6,10800,764.466666667
573917,575337,585569,1420,10232,4,144000,1.13878029711
575366,577086,577094,1720,8,1,3600,172.8
578178,579420,591050,1242,11630,5,16200,1.1067927773
579415,580240,595135,825,14895,5,16200,1.055387714
579750,601594,719442,21844,117848,32,129600,1.18535740954
580244,580295,594854,51,14559,5,16200,1.00350298784
580295,580391,594413,96,14022,5,16200,1.00684638425
580388,580503,594781,115,14278,5,16200,1.00805434935
580501,581055,593914,554,12859,5,16200,1.04308266584
581053,581787,594175,734,12388,5,16200,1.05925088796
581790,581891,596297,101,14406,5,16200,1.00701096765
581893,582152,594259,259,12107,5,16200,1.0213925828
582149,582436,596517,287,14081,5,16200,1.02038207514
582435,582689,596296,254,13607,5,16200,1.01866686264
582691,582923,596747,232,13824,5,16200,1.01678240741
582927,582998,596852,71,13854,5,16200,1.00512487368
582952,583010,583017,58,7,1,21600,6.5
582999,583136,594046,137,10910,5,16200,1.01255728689
583132,583170,597264,38,14094,5,16200,1.00269618277
583172,583212,583224,40,12,8,6000,4.33333333333
583192,583201,590429,9,7228,4,144000,1.00124515772
583215,583236,583246,21,10,8,6000,3.1
583236,583258,583268,22,10,8,6000,3.2
583257,583280,583290,23,10,8,6000,3.3
583278,583301,583312,23,11,8,6000,3.09090909091
583299,583325,583335,26,10,8,6000,3.6
583320,583347,583363,27,16,8,6000,2.6875
583351,583374,583386,23,12,8,6000,2.91666666667
583372,583398,583409,26,11,8,6000,3.36363636364
583393,583421,583432,28,11,8,6000,3.54545454545
583424,583443,583455,19,12,8,6000,2.58333333333
583445,583467,583478,22,11,8,6000,3.0
583466,583490,583501,24,11,8,6000,3.18181818182
583487,583513,583524,26,11,8,6000,3.36363636364
583508,583535,583547,27,12,8,6000,3.25
583539,583558,583572,19,14,8,6000,2.35714285714
583560,583583,583596,23,13,8,6000,2.76923076923
583581,583608,583620,27,12,8,6000,3.25
583612,583633,583646,21,13,8,6000,2.61538461538
583633,583658,583675,25,17,8,6000,2.47058823529
583654,583666,583679,12,13,8,6000,1.92307692308
583665,583686,583699,21,13,8,6000,2.61538461538
583686,583693,583709,7,16,8,6000,1.4375
583697,583711,583724,14,13,8,6000,2.07692307692
583707,583720,583734,13,14,8,6000,1.92857142857
583718,583736,583751,18,15,8,6000,2.2
583739,583750,583764,11,14,8,6000,1.78571428571
583750,583764,583778,14,14,8,6000,2.0
583760,583777,583797,17,20,8,6000,1.85
583781,583791,583806,10,15,8,6000,1.66666666667
583792,583808,583824,16,16,8,6000,2.0
583813,583835,583850,22,15,8,6000,2.46666666667
583834,583845,583859,11,14,8,6000,1.78571428571
583845,583861,583877,16,16,8,6000,2.0
583866,583872,583887,6,15,8,6000,1.4
583876,583889,583908,13,19,8,6000,1.68421052632
583888,583898,583926,10,28,8,6000,1.35714285714
583898,583920,583936,22,16,8,6000,2.375
583919,583938,583955,19,17,8,6000,2.11764705882
583940,583946,583963,6,17,8,6000,1.35294117647
583951,583966,583984,15,18,8,6000,1.83333333333
583972,583978,583995,6,17,8,6000,1.35294117647
583983,583995,584013,12,18,8,6000,1.66666666667
583993,584007,584024,14,17,8,6000,1.82352941176
584004,584024,584041,20,17,8,6000,2.17647058824
584025,584035,584054,10,19,8,6000,1.52631578947
584036,584053,584070,17,17,8,6000,2.0
584057,584066,584083,9,17,8,6000,1.52941176471
584067,584083,584102,16,19,8,6000,1.84210526316
584078,584094,584112,16,18,8,6000,1.88888888889
584099,584114,584133,15,19,8,6000,1.78947368421
584110,584123,584143,13,20,8,6000,1.65
584120,584145,584163,25,18,8,6000,2.38888888889
584141,584154,584172,13,18,8,6000,1.72222222222
584152,584175,584192,23,17,8,6000,2.35294117647
584173,584183,584203,10,20,8,6000,1.5
584184,584203,584222,19,19,8,6000,2.0
584205,584214,584234,9,20,8,6000,1.45
584215,584233,584253,18,20,8,6000,1.9
584236,584246,584264,10,18,8,6000,1.55555555556
584247,584264,584284,17,20,8,6000,1.85
584268,584277,584295,9,18,8,6000,1.5
584279,584295,584317,16,22,8,6000,1.72727272727
584300,584306,584326,6,20,8,6000,1.3
584310,584330,584349,20,19,8,6000,2.05263157895
584331,584339,584358,8,19,8,6000,1.42105263158
584342,584361,584380,19,19,8,6000,2.0
584363,584369,584389,6,20,8,6000,1.3
584374,584392,584411,18,19,8,6000,1.94736842105
584395,584401,584421,6,20,8,6000,1.3
584405,584423,584444,18,21,8,6000,1.85714285714
584426,584433,584453,7,20,8,6000,1.35
584437,584456,584477,19,21,8,6000,1.90476190476
584458,584465,584487,7,22,8,6000,1.31818181818
584469,584489,584510,20,21,8,6000,1.95238095238
584490,584498,584520,8,22,8,6000,1.36363636364
584501,584507,584531,6,24,8,6000,1.25
584512,584521,584548,9,27,8,6000,1.33333333333
584522,584531,584553,9,22,8,6000,1.40909090909
584533,584543,584567,10,24,8,6000,1.41666666667
584544,584559,584581,15,22,8,6000,1.68181818182
584555,584565,584589,10,24,8,6000,1.41666666667
584565,584579,584603,14,24,8,6000,1.58333333333
584576,584592,584616,16,24,8,6000,1.66666666667
584597,584603,584630,6,27,8,6000,1.22222222222
584608,584614,584636,6,22,8,6000,1.27272727273
584619,584627,584651,8,24,8,6000,1.33333333333
584629,584641,584666,12,25,8,6000,1.48
584640,584648,584676,8,28,8,6000,1.28571428571
584651,584662,584686,11,24,8,6000,1.45833333333
584662,584670,584696,8,26,8,6000,1.30769230769
584672,584678,584705,6,27,8,6000,1.22222222222
584683,584689,584713,6,24,8,6000,1.25
584694,584700,584725,6,25,8,6000,1.24
584704,584712,584735,8,23,8,6000,1.34782608696
584715,584722,584745,7,23,8,6000,1.30434782609
584726,584732,584757,6,25,8,6000,1.24
584736,584743,584769,7,26,8,6000,1.26923076923
584747,584753,584784,6,31,8,6000,1.1935483871
584758,584764,584792,6,28,8,6000,1.21428571429
584765,584771,584776,6,5,5,16200,1.1
584775,584781,584787,6,6,5,16200,1.2
584786,584792,584797,6,5,5,16200,1.1
584797,584809,584816,12,7,5,16200,1.9
584807,584815,584821,8,6,5,16200,1.4
584818,584824,584829,6,5,5,16200,1.1
584829,584839,584843,10,4,5,16200,1.4
584839,584845,584850,6,5,5,16200,1.1
584850,584856,584860,6,4,5,16200,1.0
584861,584867,584872,6,5,5,16200,1.1
584872,584879,584883,7,4,5,16200,1.1
584882,584888,584892,6,4,5,16200,1.0
584893,584900,584905,7,5,5,16200,1.2
584904,584910,584914,6,4,5,16200,1.0
584914,584920,584924,6,4,5,16200,1.0
584925,584932,584936,7,4,5,16200,1.1
584936,584942,584946,6,4,5,16200,1.0
584946,584952,584956,6,4,5,16200,1.0
584957,584963,584967,6,4,5,16200,1.0
584968,584975,584979,7,4,5,16200,1.1
584978,584988,584992,10,4,5,16200,1.4
584989,584995,584999,6,4,5,16200,1.0
585000,585006,585010,6,4,5,16200,1.0
585010,585018,585022,8,4,5,16200,1.2
585021,585028,585032,7,4,5,16200,1.1
585032,585039,585043,7,4,5,16200,1.1
585043,585049,585053,6,4,5,16200,1.0
585053,585060,585064,7,4,5,16200,1.1
585064,585070,585075,6,5,5,16200,1.1
585075,585081,585086,6,5,5,16200,1.1
585086,585091,585096,5,5,5,16200,1.0
585096,585104,585108,8,4,5,16200,1.2
585107,585114,585129,7,15,5,16200,1.46666666667
585118,585125,585141,7,16,5,16200,1.4375
585129,585135,585148,6,13,5,16200,1.46153846154
585139,585146,585157,7,11,5,16200,1.63636363636
585150,585157,585165,7,8,5,16200,1.5
585161,585167,585175,6,8,5,16200,1.4
585172,585177,585188,5,11,5,16200,1.45454545455
585182,585189,585194,7,5,5,16200,1.2
585193,585199,585207,6,8,5,16200,1.4
585204,585210,585215,6,5,5,16200,1.1
585215,585221,585227,6,6,5,16200,1.2
585225,585231,585237,6,6,5,16200,1.2
585236,585242,585247,6,5,5,16200,1.1
585247,585253,585257,6,4,5,16200,1.0
585257,585265,585272,8,7,5,16200,1.5
585268,585275,585280,7,5,5,16200,1.2
585270,585281,586349,11,1068,1,21600,1.01029962547
585279,585289,585293,10,4,5,16200,1.4
585290,585296,585301,6,5,5,16200,1.1
585300,585307,585314,7,7,5,16200,1.4
585311,585318,585322,7,4,5,16200,1.1
585322,585328,585333,6,5,5,16200,1.1
585333,585339,585344,6,5,5,16200,1.1
585343,585350,585355,7,5,5,16200,1.2
585354,585360,585365,6,5,5,16200,1.1
585365,585371,585376,6,5,5,16200,1.1
585376,585382,585387,6,5,5,16200,1.1
585386,585393,585398,7,5,5,16200,1.2
585397,585403,585408,6,5,5,16200,1.1
585408,585414,585419,6,5,5,16200,1.1
585419,585425,585430,6,5,5,16200,1.1
585429,585436,585441,7,5,5,16200,1.2
585440,585446,585452,6,6,5,16200,1.2
585451,585457,585462,6,5,5,16200,1.1
585462,585469,585473,7,4,5,16200,1.1
585472,585479,585483,7,4,5,16200,1.1
585483,585490,585494,7,4,5,16200,1.1
585494,585500,585504,6,4,5,16200,1.0
585505,585514,585518,9,4,5,16200,1.3
585515,585521,585526,6,5,5,16200,1.1
585526,585532,585537,6,5,5,16200,1.1
585537,585549,585553,12,4,5,16200,1.6
585548,585556,585560,8,4,5,16200,1.2
585558,585565,585569,7,4,5,16200,1.1
585562,585571,587439,9,1868,1,14400,1.00481798715
585569,585577,585581,8,4,5,16200,1.2
585580,585590,585594,10,4,5,16200,1.4
585590,585596,585600,6,4,5,16200,1.0
585601,585608,585612,7,4,5,16200,1.1
585612,585619,585623,7,4,5,16200,1.1
585623,585629,585633,6,4,5,16200,1.0
585633,585643,585647,10,4,5,16200,1.4
585644,585650,585654,6,4,5,16200,1.0
585655,585661,585665,6,4,5,16200,1.0
585666,585672,585676,6,4,5,16200,1.0
585676,585683,585687,7,4,5,16200,1.1
585687,585693,585697,6,4,5,16200,1.0
585698,585705,585709,7,4,5,16200,1.1
585709,585715,585719,6,4,5,16200,1.0
585719,585725,585730,6,5,5,16200,1.1
585730,585736,585740,6,4,5,16200,1.0
585741,585748,585840,7,92,5,16200,1.07608695652
585842,585848,585894,6,46,5,16200,1.13043478261
585892,585899,585942,7,43,5,16200,1.16279069767
585941,585947,585998,6,51,5,16200,1.11764705882
585995,586002,586091,7,89,5,16200,1.07865168539
586087,586094,586098,7,4,5,16200,1.1
586098,586104,586108,6,4,5,16200,1.0
586109,586116,586120,7,4,5,16200,1.1
586120,586126,586131,6,5,5,16200,1.1
588019,588485,589613,466,1128,1,14400,1.41312056738
588866,588873,599296,7,10423,2,14400,1.00067159167
590780,590787,627095,7,36308,4,144000,1.00019279498
590837,590843,590945,6,102,4,144000,1.05882352941
590974,591026,662615,52,71589,4,144000,1.00072636858
591279,591656,670169,377,78513,4,216000,1.00480175258
591772,591779,593909,7,2130,1,126000,1.00328638498
592242,592248,595855,6,3607,7,3600,1.00166343222
593069,593926,594341,857,415,12,43200,3.06506024096
593998,594057,603319,59,9262,1,126000,1.00637011445
594547,594553,595010,6,457,1,3600,1.01312910284
594638,594644,625157,6,30513,2,57600,1.0001966375
595187,595193,606963,6,11770,1,14400,1.0005097706
595546,595552,595564,6,12,8,6000,1.5
595547,595558,595569,11,11,8,6000,2.0
595557,595564,595575,7,11,8,6000,1.63636363636
595558,595569,595581,11,12,8,6000,1.91666666667
595569,595581,595593,12,12,8,6000,2.0
595569,595576,595587,7,11,8,6000,1.63636363636
595580,595593,595606,13,13,8,6000,2.0
595580,595588,595600,8,12,8,6000,1.66666666667
595591,595605,595623,14,18,8,6000,1.77777777778
595591,595600,595612,9,12,8,6000,1.75
595602,595612,595626,10,14,8,6000,1.71428571429
595603,595617,595630,14,13,8,6000,2.07692307692
595613,595623,595637,10,14,8,6000,1.71428571429
595614,595629,595643,15,14,8,6000,2.07142857143
595625,595635,595651,10,16,8,6000,1.625
595625,595642,595657,17,15,8,6000,2.13333333333
595636,595647,595662,11,15,8,6000,1.73333333333
595637,596312,668352,675,72040,16,72000,1.00936979456
595646,595654,595674,8,20,8,6000,1.4
595647,595660,595677,13,17,8,6000,1.76470588235
595658,595666,595683,8,17,8,6000,1.47058823529
595658,595672,595689,14,17,8,6000,1.82352941176
595669,595679,595696,10,17,8,6000,1.58823529412
595669,595685,595704,16,19,8,6000,1.84210526316
595680,595692,595710,12,18,8,6000,1.66666666667
595691,595705,595725,14,20,8,6000,1.7
595691,595698,595716,7,18,8,6000,1.38888888889
595702,595719,595738,17,19,8,6000,1.89473684211
595702,595712,595730,10,18,8,6000,1.55555555556
595713,595725,595744,12,19,8,6000,1.63157894737
595724,595732,595753,8,21,8,6000,1.38095238095
595724,595739,595760,15,21,8,6000,1.71428571429
595735,595747,595767,12,20,8,6000,1.6
595736,595754,595774,18,20,8,6000,1.9
595746,595761,595781,15,20,8,6000,1.75
595757,595767,595789,10,22,8,6000,1.45454545455
595758,595773,595795,15,22,8,6000,1.68181818182
595768,595780,595807,12,27,8,6000,1.44444444444
595769,595786,595809,17,23,8,6000,1.73913043478
595780,595792,595814,12,22,8,6000,1.54545454545
595790,595800,595823,10,23,8,6000,1.4347826087
595791,595806,595832,15,26,8,6000,1.57692307692
595802,595818,595841,16,23,8,6000,1.69565217391
595802,595825,595849,23,24,8,6000,1.95833333333
595823,595831,595855,8,24,8,6000,1.33333333333
595824,595838,595863,14,25,8,6000,1.56
595834,595846,595869,12,23,8,6000,1.52173913043
595835,595852,595876,17,24,8,6000,1.70833333333
595846,595861,595886,15,25,8,6000,1.6
595857,595868,595899,11,31,8,6000,1.35483870968
595857,595873,595904,16,31,8,6000,1.51612903226
595868,595879,595906,11,27,8,6000,1.40740740741
595879,595886,595914,7,28,8,6000,1.25
595879,595893,595919,14,26,8,6000,1.53846153846
595890,595901,595928,11,27,8,6000,1.40740740741
595890,595911,595938,21,27,8,6000,1.77777777778
595901,595918,595946,17,28,8,6000,1.60714285714
595912,595925,595952,13,27,8,6000,1.48148148148
595923,595932,595961,9,29,8,6000,1.31034482759
595923,595937,595966,14,29,8,6000,1.48275862069
595934,595943,595973,9,30,8,6000,1.3
595935,595950,595979,15,29,8,6000,1.51724137931
595945,595958,595988,13,30,8,6000,1.43333333333
595946,595965,595995,19,30,8,6000,1.63333333333
595957,595973,596005,16,32,8,6000,1.5
595967,595980,596012,13,32,8,6000,1.40625
595978,595988,596024,10,36,8,6000,1.27777777778
595979,595995,596028,16,33,8,6000,1.48484848485
595989,596002,596033,13,31,8,6000,1.41935483871
596000,596008,596045,8,37,8,6000,1.21621621622
596001,596017,596052,16,35,8,6000,1.45714285714
596011,596025,596055,14,30,8,6000,1.46666666667
596022,596035,596070,13,35,8,6000,1.37142857143
596023,596042,596076,19,34,8,6000,1.55882352941
596035,596050,596083,15,33,8,6000,1.45454545455
596045,596056,596090,11,34,8,6000,1.32352941176
596046,596063,596098,17,35,8,6000,1.48571428571
596057,596070,596105,13,35,8,6000,1.37142857143
596067,596081,596122,14,41,8,6000,1.34146341463
596068,596089,596125,21,36,8,6000,1.58333333333
596079,596095,596129,16,34,8,6000,1.47058823529
596089,596101,596140,12,39,8,6000,1.30769230769
596100,596111,596148,11,37,8,6000,1.2972972973
596101,596118,596155,17,37,8,6000,1.45945945946
596112,596134,596175,22,41,8,6000,1.53658536585
596122,596140,596178,18,38,8,6000,1.47368421053
596133,596145,596182,12,37,8,6000,1.32432432432
596144,596160,596199,16,39,8,6000,1.41025641026
596144,596152,596190,8,38,8,6000,1.21052631579
596155,596168,596206,13,38,8,6000,1.34210526316
596166,596188,596226,22,38,8,6000,1.57894736842
596166,596195,596238,29,43,8,6000,1.67441860465
596187,596200,596242,13,42,8,6000,1.30952380952
596198,596214,596256,16,42,8,6000,1.38095238095
596198,596207,596248,9,41,8,6000,1.21951219512
596209,596221,596262,12,41,8,6000,1.29268292683
596210,596237,596279,27,42,8,6000,1.64285714286
596220,596250,596295,30,45,8,6000,1.66666666667
596241,596257,596297,16,40,8,6000,1.4
596252,596264,596309,12,45,8,6000,1.26666666667
596253,596271,596315,18,44,8,6000,1.40909090909
596259,596278,596281,19,3,5,16200,2.2
596270,596283,596287,13,4,5,16200,1.7
596281,596291,596294,10,3,5,16200,1.3
596281,596298,596303,17,5,5,16200,2.2
596292,596305,596309,13,4,5,16200,1.7
596303,596323,596327,20,4,5,16200,2.4
596303,596317,596321,14,4,5,16200,1.8
596314,596330,596334,16,4,5,16200,2.0
596325,596336,596341,11,5,5,16200,1.6
596326,596342,596347,16,5,5,16200,2.1
596336,596349,596354,13,5,5,16200,1.8
596347,596356,596361,9,5,5,16200,1.4
596347,596361,596367,14,6,5,16200,2.0
596358,596368,596373,10,5,5,16200,1.5
596359,596373,596379,14,6,5,16200,2.0
596369,596380,596386,11,6,5,16200,1.7
596370,596385,596391,15,6,5,16200,2.1
596381,596392,596398,11,6,5,16200,1.7
596381,596397,596403,16,6,5,16200,2.2
596392,596403,596410,11,7,5,16200,1.8
596393,596409,596415,16,6,5,16200,2.2
596403,596416,596422,13,6,5,16200,1.9
596414,596423,596429,9,6,5,16200,1.5
596415,596428,596435,13,7,5,16200,2.0
596425,596435,596442,10,7,5,16200,1.7
596426,596440,596447,14,7,5,16200,2.1
596437,596447,596454,10,7,5,16200,1.7
596437,596452,596459,15,7,5,16200,2.2
596448,596459,596466,11,7,5,16200,1.8
596449,596464,596472,15,8,5,16200,2.3
596459,596471,596480,12,9,5,16200,2.1
596460,596476,596484,16,8,5,16200,2.4
596471,596483,596491,12,8,5,16200,2.0
596481,596490,596502,9,12,5,16200,1.75
596482,596495,596503,13,8,5,16200,2.1
596493,596507,596516,14,9,5,16200,2.3
596493,596502,596510,9,8,5,16200,1.7
596504,596514,596523,10,9,5,16200,1.9
596504,596519,596528,15,9,5,16200,2.4
596515,596525,596535,10,10,5,16200,2.0
596516,596531,596541,15,10,5,16200,2.5
596526,596538,596547,12,9,5,16200,2.1
596527,596543,596553,16,10,5,16200,2.6
596538,596549,596559,11,10,5,16200,2.1
596548,596556,596567,8,11,5,16200,1.72727272727
596549,596562,596572,13,10,5,16200,2.3
596560,596574,596584,14,10,5,16200,2.4
596560,596568,596579,8,11,5,16200,1.72727272727
596571,596581,596592,10,11,5,16200,1.90909090909
596571,596586,596597,15,11,5,16200,2.36363636364
596582,596592,596603,10,11,5,16200,1.90909090909
596583,596598,596609,15,11,5,16200,2.36363636364
596594,596610,596622,16,12,5,16200,2.33333333333
596594,596605,596617,11,12,5,16200,1.91666666667
596605,596617,596628,12,11,5,16200,2.09090909091
596616,596629,596641,13,12,5,16200,2.08333333333
596616,596624,596636,8,12,5,16200,1.66666666667
596627,596636,596649,9,13,5,16200,1.69230769231
596627,596641,596653,14,12,5,16200,2.16666666667
596638,596647,596661,9,14,5,16200,1.64285714286
596639,596653,596666,14,13,5,16200,2.07692307692
596650,596659,596672,9,13,5,16200,1.69230769231
596650,596665,596678,15,13,5,16200,2.15384615385
596661,596672,596685,11,13,5,16200,1.84615384615
596661,596677,596691,16,14,5,16200,2.14285714286
596672,596684,596698,12,14,5,16200,1.85714285714
596673,596689,596703,16,14,5,16200,2.14285714286
596684,596695,596709,11,14,5,16200,1.78571428571
596694,596702,596716,8,14,5,16200,1.57142857143
596695,596707,596720,12,13,5,16200,1.92307692308
596706,596714,596727,8,13,5,16200,1.61538461538
596706,596719,596733,13,14,5,16200,1.92857142857
596717,596725,596745,8,20,5,16200,1.4
596718,596731,596745,13,14,5,16200,1.92857142857
596728,596738,596753,10,15,5,16200,1.66666666667
596729,596743,596757,14,14,5,16200,2.0
596740,596750,596766,10,16,5,16200,1.625
596740,596755,596770,15,15,5,16200,2.0
596751,596767,596784,16,17,5,16200,1.94117647059
596751,596762,596781,11,19,5,16200,1.57894736842
596762,596774,596790,12,16,5,16200,1.75
596763,596779,596795,16,16,5,16200,2.0
596774,596786,596802,12,16,5,16200,1.75
596785,596797,596815,12,18,5,16200,1.66666666667
596785,596792,596809,7,17,5,16200,1.41176470588
596796,596809,596826,13,17,5,16200,1.76470588235
596796,596804,596825,8,21,5,16200,1.38095238095
596807,596816,596832,9,16,5,16200,1.5625
596808,596821,596838,13,17,5,16200,1.76470588235
596818,596828,596845,10,17,5,16200,1.58823529412
596819,596833,596849,14,16,5,16200,1.875
596830,596840,596857,10,17,5,16200,1.58823529412
596830,596845,596864,15,19,5,16200,1.78947368421
596841,596852,596868,11,16,5,16200,1.6875
596842,596857,596874,15,17,5,16200,1.88235294118
596852,596863,596880,11,17,5,16200,1.64705882353
596853,596869,596891,16,22,5,16200,1.72727272727
596864,596875,596893,11,18,5,16200,1.61111111111
596864,596881,596898,17,17,5,16200,2.0
596875,596887,596907,12,20,5,16200,1.6
597749,597755,620853,6,23098,4,144000,1.00025976275
598847,598853,610228,6,11375,1,21600,1.00052747253
603353,603359,603609,6,250,1,3540,1.024
603709,603715,605750,6,2035,1,3540,1.00294840295
603784,603791,603968,7,177,1,3540,1.0395480226
603832,603838,604106,6,268,1,3540,1.0223880597
603879,603886,604375,7,489,1,3540,1.01431492843
603953,603959,604325,6,366,1,3540,1.01639344262
603961,603967,608890,6,4923,4,172800,1.00121876904
604001,604007,604518,6,511,1,3540,1.01174168297
604044,608896,611437,4852,2541,4,172800,2.90948445494
604048,604054,604537,6,483,1,3540,1.01242236025
604071,611443,613990,7372,2547,4,172800,3.89438555163
604098,604105,604616,7,511,1,3540,1.01369863014
604145,604152,604633,7,481,1,3540,1.01455301455
604192,604198,604708,6,510,1,3540,1.01176470588
604211,604645,605535,434,890,4,172800,1.48764044944
604272,604336,604868,64,532,1,3540,1.12030075188
604468,604475,604739,7,264,1,3540,1.02651515152
604728,604734,604916,6,182,1,3540,1.03296703297
